county,administered_date,total_doses,cumulative_total_doses,pfizer_doses,cumulative_pfizer_doses,moderna_doses,cumulative_moderna_doses,jj_doses,cumulative_jj_doses,partially_vaccinated,total_partially_vaccinated,fully_vaccinated,cumulative_fully_vaccinated,at_least_one_dose,cumulative_at_least_one_dose,california_flag
All CA Counties,2020-12-15,1163,1163,1163,1163,0,0,0,0,1163,1163,0,0,1163,1163,
All CA Counties,2020-12-16,8707,9870,8707,9870,0,0,0,0,8707,9870,0,0,8707,9870,
All CA Counties,2020-12-17,26629,36499,26629,36499,0,0,0,0,26631,36501,0,0,26631,36501,
All CA Counties,2020-12-18,45378,81877,45310,81809,68,68,0,0,45378,81878,1,1,45378,81879,
All CA Counties,2020-12-19,25563,107440,25533,107342,30,98,0,0,25562,107439,1,2,25562,107441,
All CA Counties,2020-12-20,19142,126582,19110,126452,32,130,0,0,19140,126577,2,4,19140,126581,
All CA Counties,2020-12-21,49861,176443,49765,176217,96,226,0,0,49862,176437,3,7,49863,176444,
All CA Counties,2020-12-22,50245,226688,48097,224314,2148,2374,0,0,50237,226668,6,13,50237,226681,
All CA Counties,2020-12-23,50797,277485,41965,266279,8832,11206,0,0,50790,277455,6,19,50793,277474,
All CA Counties,2020-12-24,24128,301613,16363,282642,7765,18971,0,0,24123,301575,5,24,24125,301599,
All CA Counties,2020-12-25,2351,303964,2026,284668,325,19296,0,0,2351,303926,0,24,2351,303950,
All CA Counties,2020-12-26,14649,318613,9480,294148,5169,24465,0,0,14647,318571,2,26,14647,318597,
All CA Counties,2020-12-27,9477,328090,5615,299763,3862,28327,0,0,9474,328042,3,29,9474,328071,
All CA Counties,2020-12-28,46246,374336,29617,329380,16629,44956,0,0,46242,374280,4,33,46242,374313,
All CA Counties,2020-12-29,51420,425756,28621,358001,22799,67755,0,0,51413,425688,5,38,51413,425726,
All CA Counties,2020-12-30,63210,488966,35667,393668,27543,95298,0,0,63198,488880,9,47,63201,488927,
All CA Counties,2020-12-31,29657,518623,10948,404616,18709,114007,0,0,29635,518496,20,67,29636,518563,
All CA Counties,2021-01-01,4750,523373,2177,406793,2573,116580,0,0,4741,523229,8,75,4741,523304,
All CA Counties,2021-01-02,18564,541937,10267,417060,8297,124877,0,0,18558,541785,2,77,18558,541862,
All CA Counties,2021-01-03,6248,548185,3515,420575,2733,127610,0,0,6213,547985,13,90,6213,548075,
All CA Counties,2021-01-04,43722,591907,22058,442633,21664,149274,0,0,43642,591587,40,130,43642,591717,
All CA Counties,2021-01-05,56920,648827,30055,472688,26865,176139,0,0,51137,637110,5714,5844,51237,642954,
All CA Counties,2021-01-06,73850,722677,40789,513477,33061,209200,0,0,57991,679478,15667,21511,58035,700989,
All CA Counties,2021-01-07,92975,815652,52976,566453,39999,249199,0,0,61189,709126,31602,53113,61250,762239,
All CA Counties,2021-01-08,107813,923465,64911,631364,42902,292101,0,0,65556,732654,42102,95215,65630,827869,
All CA Counties,2021-01-09,44708,968173,25777,657141,18931,311032,0,0,27957,743922,16719,111934,27987,855856,
All CA Counties,2021-01-10,24483,992656,14968,672109,9515,320547,0,0,13168,745812,11297,123231,13187,869043,
All CA Counties,2021-01-11,105168,1097824,69993,742102,35175,355722,0,0,60993,762858,44126,167357,61172,930215,
All CA Counties,2021-01-12,114646,1212470,67964,810066,46682,402404,0,0,72966,794522,41568,208925,73232,1003447,
All CA Counties,2021-01-13,120037,1332507,62351,872417,57686,460090,0,0,85951,846571,33994,242919,86043,1089490,
All CA Counties,2021-01-14,125045,1457552,50106,922523,74939,535029,0,0,105201,932228,19733,262652,105390,1194880,
All CA Counties,2021-01-15,142808,1600360,52166,974689,90642,625671,0,0,127470,1044703,15236,277888,127711,1322591,
All CA Counties,2021-01-16,81129,1681489,27428,1002117,53701,679372,0,0,73477,1110613,7622,285510,73532,1396123,
All CA Counties,2021-01-17,48370,1729859,16917,1019034,31453,710825,0,0,44671,1151644,3686,289196,44717,1440840,
All CA Counties,2021-01-18,88482,1818341,46133,1065167,42349,753174,0,0,69015,1201450,19391,308587,69197,1510037,
All CA Counties,2021-01-19,142658,1960999,73491,1138658,69167,822341,0,0,111343,1281914,31211,339798,111675,1621712,
All CA Counties,2021-01-20,163961,2124960,84654,1223312,79307,901648,0,0,129612,1377701,34099,373897,129886,1751598,
All CA Counties,2021-01-21,176308,2301268,78858,1302170,97450,999098,0,0,156542,1515102,19530,393427,156931,1908529,
All CA Counties,2021-01-22,171100,2472368,69795,1371965,101305,1100403,0,0,156499,1657306,14458,407885,156662,2065191,
All CA Counties,2021-01-23,112091,2584459,49505,1421470,62586,1162989,0,0,99439,1744286,12584,420469,99564,2164755,
All CA Counties,2021-01-24,61222,2645681,29425,1450895,31797,1194786,0,0,56510,1796189,4674,425143,56577,2221332,
All CA Counties,2021-01-25,145946,2791627,65650,1516545,80296,1275082,0,0,110411,1871607,35382,460525,110800,2332132,
All CA Counties,2021-01-26,169932,2961559,83196,1599741,86736,1361818,0,0,131823,1965754,37950,498475,132097,2464229,
All CA Counties,2021-01-27,183478,3145037,88002,1687743,95476,1457294,0,0,143358,2069565,39770,538245,143581,2607810,
All CA Counties,2021-01-28,189052,3334089,86961,1774704,102091,1559385,0,0,154391,2189857,34340,572585,154632,2762442,
All CA Counties,2021-01-29,184891,3518980,88434,1863138,96457,1655842,0,0,149573,2304950,34665,607250,149758,2912200,
All CA Counties,2021-01-30,124568,3643548,55546,1918684,69022,1724864,0,0,108940,2398595,15446,622696,109091,3021291,
All CA Counties,2021-01-31,69201,3712749,38407,1957091,30794,1755658,0,0,64133,2457777,5009,627705,64191,3085482,
All CA Counties,2021-02-01,162607,3875356,75812,2032903,86795,1842453,0,0,121170,2537854,41226,668931,121303,3206785,
All CA Counties,2021-02-02,186720,4062076,78435,2111338,108285,1950738,0,0,141448,2634589,44939,713870,141674,3348459,
All CA Counties,2021-02-03,212074,4274150,95568,2206906,116506,2067244,0,0,156814,2736952,54708,768578,157071,3505530,
All CA Counties,2021-02-04,229276,4503426,100020,2306926,129256,2196500,0,0,167657,2843964,61015,829593,168027,3673557,
All CA Counties,2021-02-05,247614,4751040,106621,2413547,140993,2337493,0,0,167711,2933215,79014,908607,168265,3841822,
All CA Counties,2021-02-06,156203,4907243,74978,2488525,81225,2418718,0,0,121088,3019919,34881,943488,121585,3963407,
All CA Counties,2021-02-07,67192,4974435,43442,2531967,23750,2442468,0,0,50602,3054484,16488,959976,51053,4014460,
All CA Counties,2021-02-08,181972,5156407,89354,2621321,92618,2535086,0,0,119798,3113372,61669,1021645,120557,4135017,
All CA Counties,2021-02-09,212535,5368942,102138,2723459,110397,2645483,0,0,126943,3156713,84759,1106404,128100,4263117,
All CA Counties,2021-02-10,250634,5619576,120366,2843825,130268,2775751,0,0,137462,3183403,112255,1218659,138945,4402062,
All CA Counties,2021-02-11,267443,5887019,132073,2975898,135370,2911121,0,0,144472,3208000,121690,1340349,146287,4548349,
All CA Counties,2021-02-12,275088,6162107,120158,3096056,154930,3066051,0,0,147800,3231952,126244,1466593,150196,4698545,
All CA Counties,2021-02-13,168918,6331025,78174,3174230,90744,3156795,0,0,93070,3251555,75424,1542017,95027,4793572,
All CA Counties,2021-02-14,96424,6427449,47969,3222199,48455,3205250,0,0,51859,3260588,44373,1586390,53406,4846978,
All CA Counties,2021-02-15,143634,6571083,62909,3285108,80725,3285975,0,0,79218,3278978,63963,1650353,82353,4929331,
All CA Counties,2021-02-16,251237,6822320,119082,3404190,132155,3418130,0,0,133976,3299245,116807,1767160,137074,5066405,
All CA Counties,2021-02-17,261662,7083982,130186,3534376,131476,3549606,0,0,129713,3300903,131272,1898432,132930,5199335,
All CA Counties,2021-02-18,275848,7359830,143709,3678085,132139,3681745,0,0,133016,3296194,141969,2040401,137260,5336595,
All CA Counties,2021-02-19,257059,7616889,148807,3826892,108252,3789997,0,0,132064,3306026,124317,2164718,134149,5470744,
All CA Counties,2021-02-20,156833,7773722,100119,3927011,56714,3846711,0,0,85591,3322724,70881,2235599,87579,5558323,
All CA Counties,2021-02-21,86756,7860478,70084,3997095,16672,3863383,0,0,44502,3326834,41942,2277541,46052,5604375,
All CA Counties,2021-02-22,172185,8032663,115392,4112487,56793,3920176,0,0,85138,3327169,86524,2364065,86859,5691234,
All CA Counties,2021-02-23,234844,8267507,123923,4236410,110921,4031097,0,0,108418,3316040,125540,2489605,114411,5805645,
All CA Counties,2021-02-24,293374,8560881,148565,4384975,144809,4175906,0,0,138221,3307551,154270,2643875,145781,5951426,
All CA Counties,2021-02-25,331529,8892410,163807,4548782,167722,4343628,0,0,172633,3330792,157957,2801832,181198,6132624,
All CA Counties,2021-02-26,364031,9256441,169600,4718382,194431,4538059,0,0,202043,3379270,160856,2962688,209334,6341958,
All CA Counties,2021-02-27,257582,9514023,124760,4843142,132792,4670851,30,30,145681,3418286,111117,3073805,150133,6492091,
All CA Counties,2021-02-28,136986,9651009,81290,4924432,55682,4726533,14,44,79702,3444083,56766,3130571,82563,6574654,
All CA Counties,2021-03-01,246481,9897490,130947,5055379,115376,4841909,158,202,141791,3486322,103725,3234296,145964,6720618,
All CA Counties,2021-03-02,294231,10191721,148403,5203782,145794,4987703,34,236,176059,3551793,117520,3351816,182991,6903609,
All CA Counties,2021-03-03,337333,10529054,167947,5371729,169317,5157020,69,305,195000,3612681,141498,3493314,202386,7105995,
All CA Counties,2021-03-04,356687,10885741,180218,5551947,176371,5333391,98,403,209102,3682238,146679,3639993,216236,7322231,
All CA Counties,2021-03-05,345697,11231438,169548,5721495,175013,5508404,1136,1539,214563,3775030,130177,3770170,222969,7545200,
All CA Counties,2021-03-06,261519,11492957,134239,5855734,119365,5627769,7915,9454,162472,3851530,98549,3868719,175049,7720249,
All CA Counties,2021-03-07,133656,11626613,79367,5935101,47396,5675165,6893,16347,81712,3892111,51699,3920418,92280,7812529,
All CA Counties,2021-03-08,224761,11851374,109456,6044557,104302,5779467,11003,27350,146555,3976866,77722,3998140,162477,7975006,
All CA Counties,2021-03-09,295614,12146988,140813,6185370,138582,5918049,16219,43569,165196,4032457,129806,4127946,185397,8160403,
All CA Counties,2021-03-10,326598,12473586,162363,6347733,139600,6057649,24635,68204,176279,4087913,149520,4277466,204976,8365379,
All CA Counties,2021-03-11,380823,12854409,184238,6531971,163027,6220676,33558,101762,194686,4135234,185034,4462500,232355,8597734,
All CA Counties,2021-03-12,398875,13253284,178114,6710085,174310,6394986,46451,148213,195113,4178043,202763,4665263,245572,8843306,
All CA Counties,2021-03-13,286922,13540206,125570,6835655,130125,6525111,31227,179440,155186,4237388,131201,4796464,190546,9033852,
All CA Counties,2021-03-14,156889,13697095,83609,6919264,58146,6583257,15134,194574,78528,4255266,78000,4874464,95878,9129730,
All CA Counties,2021-03-15,293037,13990132,140090,7059354,132237,6715494,20710,215284,158299,4303811,133824,5008288,182369,9312099,
All CA Counties,2021-03-16,373028,14363160,175334,7234688,180230,6895724,17464,232748,214978,4382272,157144,5165432,235605,9547704,
All CA Counties,2021-03-17,388112,14751272,192434,7427122,176946,7072670,18732,251480,239358,4495094,147741,5313173,260563,9808267,
All CA Counties,2021-03-18,405638,15156910,207941,7635063,179297,7251967,18400,269880,238844,4588912,165515,5478688,259333,10067600,
All CA Counties,2021-03-19,414650,15571560,218307,7853370,174468,7426435,21875,291755,238721,4676752,174783,5653471,262623,10330223,
All CA Counties,2021-03-20,297603,15869163,156135,8009505,125489,7551924,15979,307734,187503,4772431,109298,5762769,204977,10535200,
All CA Counties,2021-03-21,145515,16014678,100452,8109957,37513,7589437,7550,315284,87372,4811038,57686,5820455,96293,10631493,
All CA Counties,2021-03-22,276014,16290692,160833,8270790,103932,7693369,11249,326533,178856,4907939,96234,5916689,193135,10824628,
All CA Counties,2021-03-23,360647,16651339,198995,8469785,150547,7843916,11105,337638,220397,5002826,139204,6055893,234091,11058719,
All CA Counties,2021-03-24,390169,17041508,223347,8693132,154251,7998167,12571,350209,225009,5078730,163737,6219630,239641,11298360,
All CA Counties,2021-03-25,420664,17462172,231932,8925064,173804,8171971,14928,365137,236599,5149835,182551,6402181,253656,11552016,
All CA Counties,2021-03-26,437776,17899948,233949,9159013,187608,8359579,16219,381356,234519,5201583,201801,6603982,253549,11805565,
All CA Counties,2021-03-27,315109,18215057,167239,9326252,136051,8495630,11819,393175,158110,5217706,156042,6760024,172165,11977730,
All CA Counties,2021-03-28,170435,18385492,109566,9435818,57261,8552891,3608,396783,88551,5230848,81368,6841392,94510,12072240,
All CA Counties,2021-03-29,312503,18697995,167890,9603708,135456,8688347,9157,405940,173027,5276972,138553,6979945,184677,12256917,
All CA Counties,2021-03-30,401040,19099035,203064,9806772,179622,8867969,18354,424294,224677,5346305,175426,7155371,244759,12501676,
All CA Counties,2021-03-31,428960,19527995,232945,10039717,174004,9041973,22011,446305,237650,5416849,190084,7345455,260628,12762304,
All CA Counties,2021-04-01,495279,20023274,253250,10292967,201099,9243072,40930,487235,271436,5508018,222147,7567602,313316,13075620,
All CA Counties,2021-04-02,476704,20499978,232195,10525162,201012,9444084,43497,530732,257280,5592294,217981,7785583,302257,13377877,
All CA Counties,2021-04-03,331070,20831048,168781,10693943,120663,9564747,41626,572358,164486,5633557,165839,7951422,207102,13584979,
All CA Counties,2021-04-04,132816,20963864,69321,10763264,44398,9609145,19097,591455,57817,5635906,74637,8026059,76986,13661965,
All CA Counties,2021-04-05,355959,21319823,183188,10946452,132536,9741681,40235,631690,173564,5670485,181550,8207609,216129,13878094,
All CA Counties,2021-04-06,460237,21780060,233208,11179660,161218,9902899,65811,697501,222165,5723236,236977,8444586,289728,14167822,
All CA Counties,2021-04-07,475611,22255671,246997,11426657,158300,10061199,70314,767815,230568,5781070,243916,8688502,301750,14469572,
All CA Counties,2021-04-08,502323,22757994,253401,11680058,164069,10225268,84853,852668,235698,5838420,265238,8953740,322588,14792160,
All CA Counties,2021-04-09,498379,23256373,248271,11928329,169625,10394893,80483,933151,228759,5882113,268376,9222116,312069,15104229,
All CA Counties,2021-04-10,370622,23626995,168876,12097205,127084,10521977,74662,1007813,155198,5899945,214563,9436679,232395,15336624,
All CA Counties,2021-04-11,188915,23815910,105835,12203040,48887,10570864,34193,1042006,77796,5903977,110715,9547394,114747,15451371,
All CA Counties,2021-04-12,342315,24158225,175836,12378876,128038,10698902,38441,1080447,157736,5920181,183463,9730857,199667,15651038,
All CA Counties,2021-04-13,435695,24593920,243926,12622802,190802,10889704,967,1081414,242884,5975412,191637,9922494,246868,15897906,
All CA Counties,2021-04-14,455927,25049847,255678,12878480,199954,11089658,295,1081709,237175,5999993,217407,10139901,241988,16139894,
All CA Counties,2021-04-15,496776,25546623,289395,13167875,207075,11296733,306,1082015,277396,6062831,217705,10357606,280543,16420437,
All CA Counties,2021-04-16,481358,26027981,270664,13438539,210381,11507114,313,1082328,256137,6098012,223711,10581317,258892,16679329,
All CA Counties,2021-04-17,347107,26375088,194144,13632683,152901,11660015,62,1082390,197296,6149732,148802,10730119,200522,16879851,
All CA Counties,2021-04-18,161865,26536953,104167,13736850,57679,11717694,19,1082409,82829,6157083,78536,10808655,85887,16965738,
All CA Counties,2021-04-19,323933,26860886,186200,13923050,137633,11855327,100,1082509,153014,6142211,169854,10978509,154982,17120720,
All CA Counties,2021-04-20,419741,27280627,226843,14149893,192816,12048143,82,1082591,208033,6142958,210454,11188963,211201,17331921,
All CA Counties,2021-04-21,440938,27721565,254908,14404801,185757,12233900,273,1082864,211684,6130849,227503,11416466,215394,17547315,
All CA Counties,2021-04-22,456852,28178417,262789,14667590,193977,12427877,86,1082950,203605,6086145,251636,11668102,206932,17754247,
All CA Counties,2021-04-23,449176,28627593,258025,14925615,191056,12618933,95,1083045,203545,6049110,244054,11912156,207019,17961266,
All CA Counties,2021-04-24,326811,28954404,205388,15131003,121239,12740172,184,1083229,165901,6058627,159849,12072005,169366,18130632,
All CA Counties,2021-04-25,150849,29105253,98836,15229839,51937,12792109,76,1083305,80534,6070920,69791,12141796,82084,18212716,
All CA Counties,2021-04-26,305851,29411104,177949,15407788,126343,12918452,1559,1084864,133643,6039545,171090,12312886,139715,18352431,
All CA Counties,2021-04-27,373869,29784973,207424,15615212,159795,13078247,6650,1091514,151155,5979095,221444,12534330,160994,18513425,
All CA Counties,2021-04-28,359953,30144926,208039,15823251,143962,13222209,7952,1099466,148609,5927945,210077,12744407,158927,18672352,
All CA Counties,2021-04-29,369178,30514104,214311,16037562,146907,13369116,7960,1107426,136195,5842361,231616,12976023,146032,18818384,
All CA Counties,2021-04-30,381975,30896079,220253,16257815,152741,13521857,8981,1116407,145912,5764660,234588,13210611,156887,18975271,
All CA Counties,2021-05-01,249071,31145150,158938,16416753,84000,13605857,6133,1122540,90402,5705762,157667,13368278,98769,19074040,
All CA Counties,2021-05-02,117180,31262330,81886,16498639,31404,13637261,3890,1126430,40969,5675232,75756,13444034,45226,19119266,
All CA Counties,2021-05-03,254505,31516835,156176,16654815,89530,13726791,8799,1135229,77702,5586788,175836,13619870,87392,19206658,
All CA Counties,2021-05-04,333995,31850830,205245,16860060,118911,13845702,9839,1145068,98853,5462696,233971,13853841,109879,19316537,
All CA Counties,2021-05-05,338573,32189403,212115,17072175,116361,13962063,10097,1155165,95827,5328299,241388,14095229,106991,19423528,
All CA Counties,2021-05-06,355541,32544944,233363,17305538,111621,14073684,10557,1165722,90389,5168379,263368,14358597,103448,19526976,
All CA Counties,2021-05-07,353015,32897959,221812,17527350,121304,14194988,9899,1175621,96121,5020265,255393,14613990,107279,19634255,
All CA Counties,2021-05-08,233545,33131504,148921,17676271,77647,14272635,6977,1182598,64416,4925050,168081,14782071,72866,19707121,
All CA Counties,2021-05-09,95490,33226994,72362,17748633,20138,14292773,2990,1185588,25130,4883607,70008,14852079,28565,19735686,
All CA Counties,2021-05-10,206854,33433848,118503,17867136,80457,14373230,7894,1193482,51185,4789218,154775,15006854,60386,19796072,
All CA Counties,2021-05-11,274450,33708298,156656,18023792,109123,14482353,8671,1202153,72554,4671378,200864,15207718,83024,19879096,
All CA Counties,2021-05-12,272274,33980572,158658,18182450,104483,14586836,9133,1211286,73060,4556657,198071,15405789,83350,19962446,
All CA Counties,2021-05-13,317740,34298312,205011,18387461,105297,14692133,7432,1218718,119539,4489311,196981,15602770,129635,20092081,
All CA Counties,2021-05-14,341246,34639558,218811,18606272,113513,14805646,8922,1227640,133005,4426420,206901,15809671,144010,20236091,
All CA Counties,2021-05-15,280345,34919903,195877,18802149,78454,14884100,6014,1233654,115551,4385130,163842,15973513,122552,20358643,
All CA Counties,2021-05-16,141452,35061355,108439,18910588,30060,14914160,2953,1236607,57762,4363072,83192,16056705,61134,20419777,
All CA Counties,2021-05-17,240386,35301741,158331,19068919,74635,14988795,7420,1244027,95177,4322278,144264,16200969,103470,20523247,
All CA Counties,2021-05-18,281967,35583708,171995,19240914,102559,15091354,7413,1251440,109968,4270228,170838,16371807,118788,20642035,
All CA Counties,2021-05-19,276083,35859791,172353,19413267,96161,15187515,7569,1259009,112806,4229564,162175,16533982,121511,20763546,
All CA Counties,2021-05-20,263912,36123703,157663,19570930,98088,15285603,8161,1267170,100387,4177335,162319,16696301,110090,20873636,
All CA Counties,2021-05-21,282564,36406267,173878,19744808,100729,15386332,7957,1275127,106418,4118148,174813,16871114,115626,20989262,
All CA Counties,2021-05-22,204796,36611063,135626,19880434,62938,15449270,6232,1281359,87476,4096517,116490,16987604,94859,21084121,
All CA Counties,2021-05-23,89903,36700966,63055,19943489,24150,15473420,2698,1284057,38780,4087713,50686,17038290,41882,21126003,
All CA Counties,2021-05-24,171279,36872245,100619,20044108,62336,15535756,8324,1292381,64912,4056289,105510,17143800,74086,21200089,
All CA Counties,2021-05-25,189685,37061930,111279,20155387,70357,15606113,8049,1300430,71725,4020294,116900,17260700,80905,21280994,
All CA Counties,2021-05-26,184551,37246481,106217,20261604,70474,15676587,7860,1308290,71613,3988673,111809,17372509,80188,21361182,
All CA Counties,2021-05-27,172303,37418784,98483,20360087,65296,15741883,8524,1316814,69187,3965217,102236,17474745,78780,21439962,
All CA Counties,2021-05-28,188726,37607510,108857,20468944,72746,15814629,7123,1323937,81239,3948236,106461,17581206,89480,21529442,
All CA Counties,2021-05-29,107169,37714679,65834,20534778,37506,15852135,3829,1327766,50075,3946118,56530,17637736,54412,21583854,
All CA Counties,2021-05-30,47093,37761772,31084,20565862,13549,15865684,2460,1330226,20601,3943165,26233,17663969,23280,21607134,
All CA Counties,2021-05-31,19800,37781572,11669,20577531,7157,15872841,974,1331200,6431,3937485,13199,17677168,7519,21614653,
All CA Counties,2021-06-01,168373,37949945,98195,20675726,63021,15935862,7157,1338357,59482,3897150,107861,17785029,67526,21682179,
All CA Counties,2021-06-02,142684,38092629,84398,20760124,51174,15987036,7112,1345469,53845,3870855,87913,17872942,61618,21743797,
All CA Counties,2021-06-03,170886,38263515,116870,20876994,46932,16033968,7084,1352553,51853,3812631,118163,17991105,59939,21803736,
All CA Counties,2021-06-04,199401,38462916,140442,21017436,52763,16086731,6196,1358749,59517,3741382,138796,18129901,67547,21871283,
All CA Counties,2021-06-05,157475,38620391,118869,21136305,32973,16119704,5633,1364382,43744,3678764,112944,18242845,50326,21921609,
All CA Counties,2021-06-06,64059,38684450,53975,21190280,7865,16127569,2219,1366601,17075,3652182,46688,18289533,20106,21941715,
All CA Counties,2021-06-07,136584,38821034,100301,21290581,30409,16157978,5874,1372475,40172,3603153,95787,18385320,46758,21988473,
All CA Counties,2021-06-08,158151,38979185,114814,21405395,36546,16194524,6791,1379266,46885,3547505,110350,18495670,54702,22043175,
All CA Counties,2021-06-09,152488,39131673,110938,21516333,34789,16229313,6761,1386027,42288,3488105,109357,18605027,49957,22093132,
All CA Counties,2021-06-10,146705,39278378,105596,21621929,33765,16263078,7344,1393371,42956,3436443,103004,18708031,51342,22144474,
All CA Counties,2021-06-11,159120,39437498,111786,21733715,40606,16303684,6728,1400099,49436,3384741,108767,18816798,57065,22201539,
All CA Counties,2021-06-12,114867,39552365,87062,21820777,24091,16327775,3714,1403813,32717,3340249,81590,18898388,37098,22238637,
All CA Counties,2021-06-13,44766,39597131,33371,21854148,9342,16337117,2053,1405866,11072,3320329,33444,18931832,13524,22252161,
All CA Counties,2021-06-14,115454,39712585,82099,21936247,26594,16363711,6761,1412627,37995,3288863,76832,19008664,45366,22297527,
All CA Counties,2021-06-15,131781,39844366,89007,22025254,33989,16397700,8785,1421412,43983,3255595,86930,19095594,53662,22351189,
All CA Counties,2021-06-16,120963,39965329,85223,22110477,28025,16425725,7715,1429127,41512,3226873,78691,19174285,49969,22401158,
All CA Counties,2021-06-17,114377,40079706,79291,22189768,27229,16452954,7857,1436984,40364,3202463,73262,19247547,48852,22450010,
All CA Counties,2021-06-18,128774,40208480,89314,22279082,31985,16484939,7475,1444459,46112,3175035,81766,19329313,54338,22504348,
All CA Counties,2021-06-19,76529,40285009,55647,22334729,16880,16501819,4002,1448461,28520,3160656,47412,19376725,33033,22537381,
All CA Counties,2021-06-20,30696,40315705,23137,22357866,6207,16508026,1352,1449813,11549,3154840,18933,19395658,13117,22550498,
All CA Counties,2021-06-21,71252,40386957,44682,22402548,20555,16528581,6015,1455828,36473,3163460,34389,19430047,43009,22593507,
All CA Counties,2021-06-22,100379,40487336,70094,22472642,24401,16552982,5884,1461712,39013,3148264,60758,19490805,45562,22639069,
All CA Counties,2021-06-23,93860,40581196,66306,22538948,21828,16574810,5726,1467438,38176,3137657,55105,19545910,44498,22683567,
All CA Counties,2021-06-24,91003,40672199,63550,22602498,21877,16596687,5576,1473014,36757,3126978,53578,19599488,42899,22726466,
All CA Counties,2021-06-25,105088,40777287,74394,22676892,25368,16622055,5326,1478340,42780,3114014,61662,19661150,48698,22775164,
All CA Counties,2021-06-26,67470,40844757,50903,22727795,13469,16635524,3098,1481438,27757,3106075,39348,19700498,31409,22806573,
All CA Counties,2021-06-27,31431,40876188,24168,22751963,5726,16641250,1537,1482975,13347,3103281,17903,19718401,15109,22821682,
All CA Counties,2021-06-28,71687,40947875,55525,22807488,11760,16653010,4402,1487377,31247,3099445,39946,19758347,36110,22857792,
All CA Counties,2021-06-29,83439,41031314,59210,22866698,20000,16673010,4229,1491606,35020,3091349,47903,19806250,39807,22897599,
All CA Counties,2021-06-30,78740,41110054,56519,22923217,18376,16691386,3845,1495451,35093,3087746,43089,19849339,39486,22937085,
All CA Counties,2021-07-01,73594,41183648,53141,22976358,16555,16707941,3898,1499349,32237,3083488,40908,19890247,36650,22973735,
All CA Counties,2021-07-02,83788,41267436,59936,23036294,19977,16727918,3875,1503224,36926,3078466,46324,19936571,41302,23015037,
All CA Counties,2021-07-03,46033,41313469,33602,23069896,10744,16738662,1687,1504911,20827,3076426,24862,19961433,22822,23037859,
All CA Counties,2021-07-04,3380,41316849,1961,23071857,1146,16739808,273,1505184,1482,3076366,1872,19963305,1812,23039671,
All CA Counties,2021-07-05,40563,41357412,30073,23101930,8919,16748727,1571,1506755,18778,3075464,21536,19984841,20634,23060305,
All CA Counties,2021-07-06,85630,41443042,62777,23164707,18893,16767620,3960,1510715,32781,3060534,52278,20037119,37348,23097653,
All CA Counties,2021-07-07,72170,41515212,52193,23216900,16060,16783680,3917,1514632,29906,3053130,41814,20078933,34410,23132063,
All CA Counties,2021-07-08,64564,41579776,46917,23263817,14385,16798065,3262,1517894,27164,3046981,36999,20115932,30850,23162913,
All CA Counties,2021-07-09,71291,41651067,51685,23315502,16321,16814386,3285,1521179,30904,3041652,39900,20155832,34571,23197484,
All CA Counties,2021-07-10,41994,41693061,31138,23346640,9129,16823515,1727,1522906,18510,3038939,23183,20179015,20470,23217954,
All CA Counties,2021-07-11,14905,41707966,10191,23356831,4056,16827571,658,1523564,6629,3038117,8149,20187164,7327,23225281,
All CA and Non-CA Counties,2020-12-15,1172,1172,1172,1172,0,0,0,0,1172,1172,0,0,1172,1172,
All CA and Non-CA Counties,2020-12-16,8981,10153,8981,10153,0,0,0,0,8981,10153,0,0,8981,10153,
All CA and Non-CA Counties,2020-12-17,28219,38372,28219,38372,0,0,0,0,28219,38372,0,0,28219,38372,
All CA and Non-CA Counties,2020-12-18,47898,86270,47824,86196,74,74,0,0,47897,86268,1,1,47897,86269,
All CA and Non-CA Counties,2020-12-19,26590,112860,26559,112755,31,105,0,0,26589,112856,1,2,26589,112858,
All CA and Non-CA Counties,2020-12-20,19817,132677,19782,132537,35,140,0,0,19815,132669,2,4,19815,132673,
All CA and Non-CA Counties,2020-12-21,52036,184713,51937,184474,99,239,0,0,52033,184700,3,7,52034,184707,
All CA and Non-CA Counties,2020-12-22,52301,237014,50079,234553,2222,2461,0,0,52293,236987,6,13,52293,237000,
All CA and Non-CA Counties,2020-12-23,52321,289335,43344,277897,8977,11438,0,0,52313,289296,7,20,52316,289316,
All CA and Non-CA Counties,2020-12-24,24930,314265,16975,294872,7955,19393,0,0,24925,314218,5,25,24927,314243,
All CA and Non-CA Counties,2020-12-25,2386,316651,2056,296928,330,19723,0,0,2386,316604,0,25,2386,316629,
All CA and Non-CA Counties,2020-12-26,14955,331606,9686,306614,5269,24992,0,0,14953,331555,2,27,14953,331582,
All CA and Non-CA Counties,2020-12-27,9666,341272,5687,312301,3979,28971,0,0,9663,341215,3,30,9663,341245,
All CA and Non-CA Counties,2020-12-28,47654,388926,30513,342814,17141,46112,0,0,47649,388860,4,34,47649,388894,
All CA and Non-CA Counties,2020-12-29,52966,441892,29642,372456,23324,69436,0,0,52960,441815,5,39,52960,441854,
All CA and Non-CA Counties,2020-12-30,65140,507032,36937,409393,28203,97639,0,0,65128,506937,9,48,65131,506985,
All CA and Non-CA Counties,2020-12-31,30760,537792,11544,420937,19216,116855,0,0,30736,537653,21,69,30737,537722,
All CA and Non-CA Counties,2021-01-01,4857,542649,2205,423142,2652,119507,0,0,4848,542493,8,77,4848,542570,
All CA and Non-CA Counties,2021-01-02,18813,561462,10404,433546,8409,127916,0,0,18806,561296,3,80,18806,561376,
All CA and Non-CA Counties,2021-01-03,6433,567895,3607,437153,2826,130742,0,0,6398,567681,13,93,6398,567774,
All CA and Non-CA Counties,2021-01-04,44874,612769,22573,459726,22301,153043,0,0,44788,612428,41,134,44788,612562,
All CA and Non-CA Counties,2021-01-05,58473,671242,30880,490606,27593,180636,0,0,52495,659117,5907,6041,52596,665158,
All CA and Non-CA Counties,2021-01-06,76522,747764,42365,532971,34157,214793,0,0,59937,702708,16390,22431,59981,725139,
All CA and Non-CA Counties,2021-01-07,97140,844904,55566,588537,41574,256367,0,0,63712,733242,33241,55672,63775,788914,
All CA and Non-CA Counties,2021-01-08,112289,957193,67814,656351,44475,300842,0,0,68171,757536,43954,99626,68248,857162,
All CA and Non-CA Counties,2021-01-09,46016,1003209,26319,682670,19697,320539,0,0,28937,769459,17046,116672,28969,886131,
All CA and Non-CA Counties,2021-01-10,24799,1028008,15155,697825,9644,330183,0,0,13364,771425,11417,128089,13383,899514,
All CA and Non-CA Counties,2021-01-11,108438,1136446,72004,769829,36434,366617,0,0,62938,789092,45450,173539,63117,962631,
All CA and Non-CA Counties,2021-01-12,118533,1254979,70260,840089,48273,414890,0,0,75260,821517,43156,216695,75581,1038212,
All CA and Non-CA Counties,2021-01-13,123682,1378661,64135,904224,59547,474437,0,0,88420,874863,35170,251865,88516,1126728,
All CA and Non-CA Counties,2021-01-14,128704,1507365,51374,955598,77330,551767,0,0,108213,962902,20366,272231,108405,1235133,
All CA and Non-CA Counties,2021-01-15,146971,1654336,53164,1008762,93807,645574,0,0,131158,1078602,15699,287930,131399,1366532,
All CA and Non-CA Counties,2021-01-16,83757,1738093,27825,1036587,55932,701506,0,0,75930,1146792,7795,295725,75985,1442517,
All CA and Non-CA Counties,2021-01-17,48883,1786976,17072,1053659,31811,733317,0,0,45135,1188238,3735,299460,45181,1487698,
All CA and Non-CA Counties,2021-01-18,89732,1876708,46959,1100618,42773,776090,0,0,69808,1238382,19847,319307,69991,1557689,
All CA and Non-CA Counties,2021-01-19,146781,2023489,74860,1175478,71921,848011,0,0,114561,1321164,32114,351421,114896,1672585,
All CA and Non-CA Counties,2021-01-20,168476,2191965,86165,1261643,82311,930322,0,0,133132,1419481,35090,386511,133407,1805992,
All CA and Non-CA Counties,2021-01-21,180589,2372554,80084,1341727,100505,1030827,0,0,160246,1560023,20093,406604,160635,1966627,
All CA and Non-CA Counties,2021-01-22,175741,2548295,70935,1412662,104806,1135633,0,0,160719,1706038,14869,421473,160884,2127511,
All CA and Non-CA Counties,2021-01-23,114351,2662646,49862,1462524,64489,1200122,0,0,101523,1794929,12757,434230,101648,2229159,
All CA and Non-CA Counties,2021-01-24,61840,2724486,29685,1492209,32155,1232277,0,0,57049,1847291,4754,438984,57116,2286275,
All CA and Non-CA Counties,2021-01-25,150571,2875057,67646,1559855,82925,1315202,0,0,114155,1925583,36254,475238,114546,2400821,
All CA and Non-CA Counties,2021-01-26,176125,3051182,86215,1646070,89910,1405112,0,0,137144,2024184,38824,514062,137425,2538246,
All CA and Non-CA Counties,2021-01-27,188712,3239894,90754,1736824,97958,1503070,0,0,147932,2131918,40423,554485,148157,2686403,
All CA and Non-CA Counties,2021-01-28,194475,3434369,89942,1826766,104533,1607603,0,0,159206,2256424,34941,589426,159447,2845850,
All CA and Non-CA Counties,2021-01-29,189982,3624351,91650,1918416,98332,1705935,0,0,153844,2374975,35481,624907,154032,2999882,
All CA and Non-CA Counties,2021-01-30,129038,3753389,57976,1976392,71062,1776997,0,0,113174,2472617,15684,640591,113326,3113208,
All CA and Non-CA Counties,2021-01-31,72492,3825881,41259,2017651,31233,1808230,0,0,67362,2534969,5070,645661,67422,3180630,
All CA and Non-CA Counties,2021-02-01,168286,3994167,78484,2096135,89802,1898032,0,0,126104,2619242,41964,687625,126237,3306867,
All CA and Non-CA Counties,2021-02-02,193698,4187865,80738,2176873,112960,2010992,0,0,147674,2721464,45678,733303,147900,3454767,
All CA and Non-CA Counties,2021-02-03,219654,4407519,97746,2274619,121908,2132900,0,0,163482,2829595,55609,788912,163740,3618507,
All CA and Non-CA Counties,2021-02-04,236249,4643768,102234,2376853,134015,2266915,0,0,173579,2941494,62051,850963,173950,3792457,
All CA and Non-CA Counties,2021-02-05,254765,4898533,109124,2485977,145641,2412556,0,0,173731,3035643,80136,931099,174285,3966742,
All CA and Non-CA Counties,2021-02-06,160782,5059315,77264,2563241,83518,2496074,0,0,125184,3125974,35354,966453,125685,4092427,
All CA and Non-CA Counties,2021-02-07,69432,5128747,45285,2608526,24147,2520221,0,0,52752,3162603,16576,983029,53205,4145632,
All CA and Non-CA Counties,2021-02-08,187333,5316080,92736,2701262,94597,2614818,0,0,124047,3224639,62770,1045799,124806,4270438,
All CA and Non-CA Counties,2021-02-09,216866,5532946,104084,2805346,112782,2727600,0,0,129928,3269648,86077,1131876,131086,4401524,
All CA and Non-CA Counties,2021-02-10,256337,5789283,122354,2927700,133983,2861583,0,0,140664,3297097,114707,1246583,142156,4543680,
All CA and Non-CA Counties,2021-02-11,272455,6061738,134452,3062152,138003,2999586,0,0,148075,3323923,123083,1369666,149909,4693589,
All CA and Non-CA Counties,2021-02-12,280496,6342234,122192,3184344,158304,3157890,0,0,151286,3349461,128147,1497813,153685,4847274,
All CA and Non-CA Counties,2021-02-13,171393,6513627,78928,3263272,92465,3250355,0,0,94944,3370355,76020,1573833,96914,4944188,
All CA and Non-CA Counties,2021-02-14,97816,6611443,48401,3311673,49415,3299770,0,0,52979,3380247,44636,1618469,54528,4998716,
All CA and Non-CA Counties,2021-02-15,146355,6757798,64571,3376244,81784,3381554,0,0,80535,3398571,65349,1683818,83673,5082389,
All CA and Non-CA Counties,2021-02-16,258034,7015832,122110,3498354,135924,3517478,0,0,136622,3417356,120940,1804758,139725,5222114,
All CA and Non-CA Counties,2021-02-17,267769,7283601,133293,3631647,134476,3651954,0,0,131581,3416661,135498,1940256,134803,5356917,
All CA and Non-CA Counties,2021-02-18,282623,7566224,147654,3779301,134969,3786923,0,0,135130,3409440,146596,2086852,139375,5496292,
All CA and Non-CA Counties,2021-02-19,263196,7829420,153108,3932409,110088,3897011,0,0,134600,3418222,127905,2214757,136687,5632979,
All CA and Non-CA Counties,2021-02-20,160381,7989801,102986,4035395,57395,3954406,0,0,86885,3433968,73128,2287885,88874,5721853,
All CA and Non-CA Counties,2021-02-21,89884,8079685,72978,4108373,16906,3971312,0,0,45431,3436822,44127,2332012,46981,5768834,
All CA and Non-CA Counties,2021-02-22,175977,8255662,118175,4226548,57802,4029114,0,0,86845,3436793,88600,2420612,88571,5857405,
All CA and Non-CA Counties,2021-02-23,241809,8497471,127660,4354208,114149,4143263,0,0,110906,3423800,129908,2550520,116915,5974320,
All CA and Non-CA Counties,2021-02-24,300488,8797959,152364,4506572,148124,4291387,0,0,140774,3413360,158779,2709299,148339,6122659,
All CA and Non-CA Counties,2021-02-25,339132,9137091,167541,4674113,171591,4462978,0,0,175860,3435499,162289,2871588,184428,6307087,
All CA and Non-CA Counties,2021-02-26,371728,9508819,173708,4847821,198020,4660998,0,0,205281,3482866,165206,3036794,212573,6519660,
All CA and Non-CA Counties,2021-02-27,263663,9772482,127743,4975564,135889,4796887,31,31,147654,3519782,115193,3151987,152109,6671769,
All CA and Non-CA Counties,2021-02-28,139505,9911987,83075,5058639,56415,4853302,15,46,80545,3544757,58434,3210421,83409,6755178,
All CA and Non-CA Counties,2021-03-01,251573,10163560,134153,5192792,117261,4970563,159,205,143228,3584799,107365,3317786,147407,6902585,
All CA and Non-CA Counties,2021-03-02,301084,10464644,150959,5343751,150091,5120654,34,239,178182,3647686,122229,3440015,185116,7087701,
All CA and Non-CA Counties,2021-03-03,345369,10810013,171106,5514857,174192,5294846,71,310,197763,3706095,146745,3586760,205154,7292855,
All CA and Non-CA Counties,2021-03-04,363727,11173740,183210,5698067,180412,5475258,105,415,211515,3773479,151275,3738035,218659,7511514,
All CA and Non-CA Counties,2021-03-05,351131,11524871,172294,5870361,177686,5652944,1151,1566,217384,3866518,132775,3870810,225814,7737328,
All CA and Non-CA Counties,2021-03-06,266190,11791061,136408,6006769,121707,5774651,8075,9641,164856,3943288,100831,3971641,177601,7914929,
All CA and Non-CA Counties,2021-03-07,135425,11926486,80408,6087177,47972,5822623,7045,16686,82731,3984301,52445,4024086,93458,8008387,
All CA and Non-CA Counties,2021-03-08,228009,12154495,111371,6198548,105365,5927988,11273,27959,148819,4070644,78675,4102761,165018,8173405,
All CA and Non-CA Counties,2021-03-09,300444,12454939,143288,6341836,140599,6068587,16557,44516,168028,4127419,131792,4234553,188567,8361972,
All CA and Non-CA Counties,2021-03-10,331157,12786096,164538,6506374,141449,6210036,25170,69686,179042,4184393,151302,4385855,208276,8570248,
All CA and Non-CA Counties,2021-03-11,387182,13173278,187473,6693847,165446,6375482,34263,103949,198038,4232782,188023,4573878,236412,8806660,
All CA and Non-CA Counties,2021-03-12,405500,13578778,182094,6875941,176221,6551703,47185,151134,198706,4276906,205772,4779650,249896,9056556,
All CA and Non-CA Counties,2021-03-13,290801,13869579,127781,7003722,131318,6683021,31702,182836,157809,4338105,132445,4912095,193644,9250200,
All CA and Non-CA Counties,2021-03-14,158728,14028307,84552,7088274,58701,6741722,15475,198311,79532,4356499,78829,4990924,97223,9347423,
All CA and Non-CA Counties,2021-03-15,297183,14325490,142252,7230526,133744,6875466,21187,219498,160501,4405793,135755,5126679,185049,9532472,
All CA and Non-CA Counties,2021-03-16,380710,14706200,179781,7410307,183068,7058534,17861,237359,219206,4485440,160576,5287255,240223,9772695,
All CA and Non-CA Counties,2021-03-17,396675,15102875,197965,7608272,179598,7238132,19112,256471,244466,4600311,151181,5438436,266052,10038747,
All CA and Non-CA Counties,2021-03-18,414068,15516943,213141,7821413,181982,7420114,18945,275416,243660,4695891,169114,5607550,264694,10303441,
All CA and Non-CA Counties,2021-03-19,422106,15939049,222748,8044161,176937,7597051,22421,297837,243122,4785642,177823,5785373,267574,10571015,
All CA and Non-CA Counties,2021-03-20,302448,16241497,159323,8203484,127053,7724104,16072,313909,191180,4883941,110449,5895822,208748,10779763,
All CA and Non-CA Counties,2021-03-21,147659,16389156,101916,8305400,38104,7762208,7639,321548,89079,4923911,58118,5953940,98088,10877851,
All CA and Non-CA Counties,2021-03-22,279381,16668537,162866,8468266,105177,7867385,11338,332886,181154,5022142,97290,6051230,195521,11073372,
All CA and Non-CA Counties,2021-03-23,366858,17035395,202144,8670410,153295,8020680,11419,344305,224560,5119492,141217,6192447,238567,11311939,
All CA and Non-CA Counties,2021-03-24,397592,17432987,227153,8897563,157420,8178100,13019,357324,230099,5198613,166055,6358502,245176,11557115,
All CA and Non-CA Counties,2021-03-25,429052,17862039,235818,9133381,177779,8355879,15455,372779,242644,5273972,184870,6543372,260229,11817344,
All CA and Non-CA Counties,2021-03-26,444587,18306626,237538,9370919,190644,8546523,16405,389184,238993,5328076,204103,6747475,258207,12075551,
All CA and Non-CA Counties,2021-03-27,320750,18627376,170379,9541298,138329,8684852,12042,401226,161633,5345834,158149,6905624,175907,12251458,
All CA and Non-CA Counties,2021-03-28,173574,18800950,111231,9652529,58573,8743425,3770,404996,90567,5360042,82480,6988104,96688,12348146,
All CA and Non-CA Counties,2021-03-29,317821,19118771,170259,9822788,138058,8881483,9504,414500,176065,5407284,140821,7128925,188063,12536209,
All CA and Non-CA Counties,2021-03-30,408059,19526830,206752,10029540,182382,9063865,18925,433425,228820,5478477,178287,7307212,249480,12785689,
All CA and Non-CA Counties,2021-03-31,435454,19962284,236810,10266350,175842,9239707,22802,456227,241107,5550234,193112,7500324,264869,13050558,
All CA and Non-CA Counties,2021-04-01,503043,20465327,257894,10524244,203551,9443258,41598,497825,275922,5643283,225408,7725732,318457,13369015,
All CA and Non-CA Counties,2021-04-02,485304,20950631,236756,10761000,203901,9647159,44647,542472,261722,5728999,222126,7947858,307842,13676857,
All CA and Non-CA Counties,2021-04-03,337481,21288112,172612,10933612,122084,9769243,42785,585257,167905,5771857,168821,8116679,211679,13888536,
All CA and Non-CA Counties,2021-04-04,134679,21422791,70231,11003843,45110,9814353,19338,604595,58826,5774602,75487,8192166,78232,13966768,
All CA and Non-CA Counties,2021-04-05,360250,21783041,185267,11189110,134063,9948416,40920,645515,175598,5809652,183795,8375961,218845,14185613,
All CA and Non-CA Counties,2021-04-06,467545,22250586,237139,11426249,162938,10111354,67468,712983,225101,5862639,241325,8617286,294312,14479925,
All CA and Non-CA Counties,2021-04-07,484013,22734599,251722,11677971,160257,10271611,72034,785017,233851,5920359,249022,8866308,306742,14786667,
All CA and Non-CA Counties,2021-04-08,510716,23245315,257821,11935792,166088,10437699,86807,871824,239054,5977980,270262,9136570,327883,15114550,
All CA and Non-CA Counties,2021-04-09,506086,23751401,252226,12188018,171403,10609102,82457,954281,231731,6021891,273092,9409662,317003,15431553,
All CA and Non-CA Counties,2021-04-10,376818,24128219,171921,12359939,128368,10737470,76529,1030810,156915,6038827,219029,9628691,235965,15667518,
All CA and Non-CA Counties,2021-04-11,191827,24320046,107433,12467372,49549,10787019,34845,1065655,78790,6042588,112627,9741318,116388,15783906,
All CA and Non-CA Counties,2021-04-12,346618,24666664,178248,12645620,129355,10916374,39015,1104670,159645,6058889,185849,9927167,202150,15986056,
All CA and Non-CA Counties,2021-04-13,441667,25108331,247732,12893352,192943,11109317,992,1105662,245966,6114346,194517,10121684,249974,16236030,
All CA and Non-CA Counties,2021-04-14,461524,25569855,259254,13152606,201971,11311288,299,1105961,240245,6139484,219924,10341608,245062,16481092,
All CA and Non-CA Counties,2021-04-15,503086,26072941,293351,13445957,209422,11520710,313,1106274,280791,6202864,220565,10562173,283945,16765037,
All CA and Non-CA Counties,2021-04-16,487432,26560373,274156,13720113,212956,11733666,320,1106594,259519,6238762,226386,10788559,262284,17027321,
All CA and Non-CA Counties,2021-04-17,352751,26913124,197693,13917806,154995,11888661,63,1106657,200556,6291375,151170,10939729,203783,17231104,
All CA and Non-CA Counties,2021-04-18,164117,27077241,105460,14023266,58637,11947298,20,1106677,83939,6298703,79672,11019401,87000,17318104,
All CA and Non-CA Counties,2021-04-19,328218,27405459,188272,14211538,139845,12087143,101,1106778,155213,6283962,171926,11191327,157185,17475289,
All CA and Non-CA Counties,2021-04-20,425364,27830823,229470,14441008,195811,12282954,83,1106861,210360,6283756,213734,11405061,213528,17688817,
All CA and Non-CA Counties,2021-04-21,447740,28278563,257883,14698891,189578,12472532,279,1107140,214190,6269884,231779,11636840,217907,17906724,
All CA and Non-CA Counties,2021-04-22,463935,28742498,266452,14965343,197395,12669927,88,1107228,206209,6223323,256100,11892940,209539,18116263,
All CA and Non-CA Counties,2021-04-23,455274,29197772,261164,15226507,194014,12863941,96,1107324,206070,6185267,247604,12140544,209548,18325811,
All CA and Non-CA Counties,2021-04-24,331582,29529354,208505,15435012,122888,12986829,189,1107513,167821,6193870,162691,12303235,171294,18497105,
All CA and Non-CA Counties,2021-04-25,153139,29682493,100119,15535131,52943,13039772,77,1107590,81731,6206275,70880,12374115,83285,18580390,
All CA and Non-CA Counties,2021-04-26,310143,29992636,179884,15715015,128672,13168444,1587,1109177,135570,6174503,173442,12547557,141670,18722060,
All CA and Non-CA Counties,2021-04-27,379734,30372370,209658,15924673,163052,13331496,7024,1116201,153198,6112669,225253,12772810,163419,18885479,
All CA and Non-CA Counties,2021-04-28,365027,30737397,210242,16134915,146432,13477928,8353,1124554,150602,6060843,213141,12985951,161315,19046794,
All CA and Non-CA Counties,2021-04-29,374225,31111622,216711,16351626,149122,13627050,8392,1132946,138113,5974503,234722,13220673,148382,19195176,
All CA and Non-CA Counties,2021-04-30,387045,31498667,222728,16574354,154903,13781953,9414,1142360,147830,5896019,237725,13458398,159241,19354417,
All CA and Non-CA Counties,2021-05-01,252365,31751032,160841,16735195,84960,13866913,6564,1148924,91744,5836962,159599,13617997,100542,19454959,
All CA and Non-CA Counties,2021-05-02,119084,31870116,83006,16818201,32063,13898976,4015,1152939,41802,5806327,76820,13694817,46185,19501144,
All CA and Non-CA Counties,2021-05-03,257491,32127607,157813,16976014,90589,13989565,9089,1162028,78839,5717467,177677,13872494,88817,19589961,
All CA and Non-CA Counties,2021-05-04,338088,32465695,207465,17183479,120332,14109897,10291,1172319,100207,5592450,236699,14109193,111682,19701643,
All CA and Non-CA Counties,2021-05-05,343170,32808865,214704,17398183,117994,14227891,10472,1182791,97484,5457158,244318,14353511,109026,19810669,
All CA and Non-CA Counties,2021-05-06,360165,33169030,236208,17634391,113051,14340942,10906,1193697,91997,5296185,266377,14619888,105404,19916073,
All CA and Non-CA Counties,2021-05-07,357774,33526804,224577,17858968,122907,14463849,10290,1203987,97749,5146976,258507,14878395,109298,20025371,
All CA and Non-CA Counties,2021-05-08,236874,33763678,151177,18010145,78467,14542316,7230,1211217,65510,5050882,170308,15048703,74214,20099585,
All CA and Non-CA Counties,2021-05-09,96921,33860599,73315,18083460,20490,14562806,3116,1214333,25714,5009305,70850,15119553,29273,20128858,
All CA and Non-CA Counties,2021-05-10,209486,34070085,119731,18203191,81530,14644336,8225,1222558,52098,4914452,156485,15276038,61632,20190490,
All CA and Non-CA Counties,2021-05-11,277626,34347711,158220,18361411,110425,14754761,8981,1231539,73743,4796133,202846,15478884,84527,20275017,
All CA and Non-CA Counties,2021-05-12,275571,34623282,160260,18521671,105848,14860609,9463,1241002,74319,4680967,200104,15678988,84938,20359955,
All CA and Non-CA Counties,2021-05-13,321034,34944316,206936,18728607,106451,14967060,7647,1248649,120962,4613394,198847,15877835,131274,20491229,
All CA and Non-CA Counties,2021-05-14,344890,35289206,220878,18949485,114850,15081910,9162,1257811,134619,4550336,208924,16086759,145866,20637095,
All CA and Non-CA Counties,2021-05-15,283050,35572256,197475,19146960,79418,15161328,6157,1263968,116711,4508814,165380,16252139,123858,20760953,
All CA and Non-CA Counties,2021-05-16,143154,35715410,109543,19256503,30588,15191916,3023,1266991,58543,4486689,84111,16336250,61986,20822939,
All CA and Non-CA Counties,2021-05-17,243501,35958911,159994,19416497,75849,15267765,7658,1274649,96504,4445677,146047,16482297,105035,20927974,
All CA and Non-CA Counties,2021-05-18,285270,36244181,173671,19590168,103871,15371636,7728,1282377,111436,4393592,172659,16654956,120574,21048548,
All CA and Non-CA Counties,2021-05-19,279506,36523687,174075,19764243,97590,15469226,7841,1290218,114275,4352724,164119,16819075,123251,21171799,
All CA and Non-CA Counties,2021-05-20,267110,36790797,159444,19923687,99251,15568477,8415,1298633,101807,4300408,164082,16983157,111766,21283565,
All CA and Non-CA Counties,2021-05-21,285807,37076604,175678,20099365,101920,15670397,8209,1306842,107783,4240974,176677,17159834,117243,21400808,
All CA and Non-CA Counties,2021-05-22,207666,37284270,137511,20236876,63719,15734116,6436,1313278,89009,4219756,117815,17277649,96597,21497405,
All CA and Non-CA Counties,2021-05-23,91494,37375764,64096,20300972,24622,15758738,2776,1316054,39589,4211060,51466,17329115,42770,21540175,
All CA and Non-CA Counties,2021-05-24,173728,37549492,101794,20402766,63263,15822001,8671,1324725,65981,4179683,106879,17435994,75502,21615677,
All CA and Non-CA Counties,2021-05-25,192095,37741587,112407,20515173,71297,15893298,8391,1333116,72741,4143660,118283,17554277,82260,21697937,
All CA and Non-CA Counties,2021-05-26,186959,37928546,107334,20622507,71409,15964707,8216,1341332,72603,4111979,113216,17667493,81535,21779472,
All CA and Non-CA Counties,2021-05-27,174511,38103057,99574,20722081,66117,16030824,8820,1350152,70162,4088567,103461,17770954,80049,21859521,
All CA and Non-CA Counties,2021-05-28,191192,38294249,110100,20832181,73611,16104435,7481,1357633,82347,4071703,107811,17878765,90947,21950468,
All CA and Non-CA Counties,2021-05-29,108862,38403111,66689,20898870,37989,16142424,4184,1361817,50789,4069680,57504,17936269,55481,22005949,
All CA and Non-CA Counties,2021-05-30,48026,38451137,31657,20930527,13784,16156208,2585,1364402,21066,4066854,26696,17962965,23870,22029819,
All CA and Non-CA Counties,2021-05-31,20234,38471371,11860,20942387,7360,16163568,1014,1365416,6618,4061164,13436,17976401,7746,22037565,
All CA and Non-CA Counties,2021-06-01,170550,38641921,99346,21041733,63737,16227305,7467,1372883,60495,4020994,109019,18085420,68849,22106414,
All CA and Non-CA Counties,2021-06-02,144707,38786628,85405,21127138,51842,16279147,7460,1380343,54756,3994858,89015,18174435,62879,22169293,
All CA and Non-CA Counties,2021-06-03,173065,38959693,118069,21245207,47598,16326745,7398,1387741,52831,3936733,119356,18293791,61231,22230524,
All CA and Non-CA Counties,2021-06-04,201955,39161648,141874,21387081,53567,16380312,6514,1394255,60599,3865416,140262,18434053,68945,22299469,
All CA and Non-CA Counties,2021-06-05,159222,39320870,120087,21507168,33337,16413649,5798,1400053,44518,3802772,113910,18547963,51266,22350735,
All CA and Non-CA Counties,2021-06-06,65015,39385885,54692,21561860,8019,16421668,2304,1402357,17519,3776209,47198,18595161,20635,22371370,
All CA and Non-CA Counties,2021-06-07,138532,39524417,101361,21663221,30965,16452633,6206,1408563,40973,3727166,96933,18692094,47890,22419260,
All CA and Non-CA Counties,2021-06-08,160233,39684650,115999,21779220,37095,16489728,7139,1415702,47676,3671369,111636,18803730,55839,22475099,
All CA and Non-CA Counties,2021-06-09,154481,39839131,112132,21891352,35303,16525031,7046,1422748,43095,3611881,110535,18914265,51047,22526146,
All CA and Non-CA Counties,2021-06-10,148665,39987796,106746,21998098,34267,16559298,7652,1430400,43784,3560226,104134,19018399,52479,22578625,
All CA and Non-CA Counties,2021-06-11,161302,40149098,113042,22111140,41200,16600498,7060,1437460,50352,3508513,110027,19128426,58314,22636939,
All CA and Non-CA Counties,2021-06-12,116493,40265591,88275,22199415,24374,16624872,3844,1441304,33347,3463788,82584,19211010,37859,22674798,
All CA and Non-CA Counties,2021-06-13,45703,40311294,34007,22233422,9542,16634414,2154,1443458,11465,3443822,33984,19244994,14018,22688816,
All CA and Non-CA Counties,2021-06-14,117226,40428520,83090,22316512,27073,16661487,7063,1450521,38734,3412369,77858,19322852,46405,22735221,
All CA and Non-CA Counties,2021-06-15,133519,40562039,89965,22406477,34494,16695981,9060,1459581,44746,3379173,87896,19410748,54700,22789921,
All CA and Non-CA Counties,2021-06-16,122665,40684704,86231,22492708,28491,16724472,7943,1467524,42318,3350598,79578,19490326,51003,22840924,
All CA and Non-CA Counties,2021-06-17,116242,40800946,80321,22573029,27704,16752176,8217,1475741,41203,3326365,74284,19564610,50051,22890975,
All CA and Non-CA Counties,2021-06-18,130751,40931697,90393,22663422,32423,16784599,7935,1483676,46938,3299077,82910,19647520,55622,22946597,
All CA and Non-CA Counties,2021-06-19,77593,41009290,56348,22719770,17142,16801741,4103,1487779,29065,3284827,47927,19695447,33677,22980274,
All CA and Non-CA Counties,2021-06-20,31489,41040779,23712,22743482,6378,16808119,1399,1489178,12015,3279201,19256,19714703,13630,22993904,
All CA and Non-CA Counties,2021-06-21,72546,41113325,45336,22788818,20881,16829000,6329,1495507,37168,3288236,34983,19749686,44018,23037922,
All CA and Non-CA Counties,2021-06-22,102041,41215366,71146,22859964,24756,16853756,6139,1501646,39900,3273413,61527,19811213,46704,23084626,
All CA and Non-CA Counties,2021-06-23,95554,41310920,67234,22927198,22270,16876026,6050,1507696,38977,3263044,55991,19867204,45622,23130248,
All CA and Non-CA Counties,2021-06-24,92566,41403486,64465,22991663,22245,16898271,5856,1513552,37578,3252725,54318,19921522,43999,23174247,
All CA and Non-CA Counties,2021-06-25,106886,41510372,75424,23067087,25773,16924044,5689,1519241,43654,3240077,62580,19984102,49932,23224179,
All CA and Non-CA Counties,2021-06-26,68642,41579014,51671,23118758,13693,16937737,3278,1522519,28365,3232366,39908,20024010,32197,23256376,
All CA and Non-CA Counties,2021-06-27,32208,41611222,24773,23143531,5838,16943575,1597,1524116,13809,3229781,18215,20042225,15630,23272006,
All CA and Non-CA Counties,2021-06-28,73102,41684324,56367,23199898,12033,16955608,4702,1528818,31977,3226292,40631,20082856,37142,23309148,
All CA and Non-CA Counties,2021-06-29,84882,41769206,60091,23259989,20327,16975935,4464,1533282,35791,3218535,48568,20131424,40811,23349959,
All CA and Non-CA Counties,2021-06-30,80157,41849363,57340,23317329,18753,16994688,4064,1537346,35851,3215254,43743,20175167,40462,23390421,
All CA and Non-CA Counties,2021-07-01,75000,41924363,53959,23371288,16905,17011593,4136,1541482,33009,3211382,41531,20216698,37659,23428080,
All CA and Non-CA Counties,2021-07-02,85174,42009537,60729,23432017,20330,17031923,4115,1545597,37636,3206642,46990,20263688,42250,23470330,
All CA and Non-CA Counties,2021-07-03,46857,42056394,34193,23466210,10895,17042818,1769,1547366,21353,3204915,25157,20288845,23430,23493760,
All CA and Non-CA Counties,2021-07-04,3488,42059882,2028,23468238,1171,17043989,289,1547655,1548,3204896,1913,20290758,1894,23495654,
All CA and Non-CA Counties,2021-07-05,41592,42101474,30718,23498956,9231,17053220,1643,1549298,19386,3204258,21952,20312710,21314,23516968,
All CA and Non-CA Counties,2021-07-06,87055,42188529,63599,23562555,19210,17072430,4246,1553544,33451,3189532,53030,20365740,38304,23555272,
All CA and Non-CA Counties,2021-07-07,73685,42262214,52989,23615544,16428,17088858,4268,1557812,30652,3182456,42578,20408318,35502,23590774,
All CA and Non-CA Counties,2021-07-08,65826,42328040,47614,23663158,14682,17103540,3530,1561342,27779,3176549,37639,20445957,31732,23622506,
All CA and Non-CA Counties,2021-07-09,72585,42400625,52425,23715583,16650,17120190,3510,1564852,31541,3171435,40547,20486504,35433,23657939,
All CA and Non-CA Counties,2021-07-10,42848,42443473,31722,23747305,9297,17129487,1829,1566681,19008,3168974,23532,20510036,21071,23679010,
All CA and Non-CA Counties,2021-07-11,15395,42458868,10544,23757849,4154,17133641,697,1567378,6908,3168264,8356,20518392,7646,23686656,
Outside California,2020-12-15,9,9,9,9,0,0,0,0,9,9,0,0,9,9,Not in California
Outside California,2020-12-16,274,283,274,283,0,0,0,0,274,283,0,0,274,283,Not in California
Outside California,2020-12-17,1588,1871,1588,1871,0,0,0,0,1588,1871,0,0,1588,1871,Not in California
Outside California,2020-12-18,2519,4390,2513,4384,6,6,0,0,2519,4390,0,0,2519,4390,Not in California
Outside California,2020-12-19,1027,5417,1026,5410,1,7,0,0,1027,5417,0,0,1027,5417,Not in California
Outside California,2020-12-20,675,6092,672,6082,3,10,0,0,675,6092,0,0,675,6092,Not in California
Outside California,2020-12-21,2171,8263,2168,8250,3,13,0,0,2171,8263,0,0,2171,8263,Not in California
Outside California,2020-12-22,2056,10319,1982,10232,74,87,0,0,2056,10319,0,0,2056,10319,Not in California
Outside California,2020-12-23,1524,11843,1379,11611,145,232,0,0,1523,11841,1,1,1523,11842,Not in California
Outside California,2020-12-24,802,12645,612,12223,190,422,0,0,802,12643,0,1,802,12644,Not in California
Outside California,2020-12-25,35,12680,30,12253,5,427,0,0,35,12678,0,1,35,12679,Not in California
Outside California,2020-12-26,306,12986,206,12459,100,527,0,0,306,12984,0,1,306,12985,Not in California
Outside California,2020-12-27,189,13175,72,12531,117,644,0,0,189,13173,0,1,189,13174,Not in California
Outside California,2020-12-28,1404,14579,892,13423,512,1156,0,0,1404,14577,0,1,1404,14578,Not in California
Outside California,2020-12-29,1540,16119,1016,14439,524,1680,0,0,1540,16117,0,1,1540,16118,Not in California
Outside California,2020-12-30,1876,17995,1216,15655,660,2340,0,0,1876,17993,0,1,1876,17994,Not in California
Outside California,2020-12-31,1102,19097,596,16251,506,2846,0,0,1101,19093,1,2,1101,19095,Not in California
Outside California,2021-01-01,107,19204,28,16279,79,2925,0,0,107,19200,0,2,107,19202,Not in California
Outside California,2021-01-02,248,19452,137,16416,111,3036,0,0,247,19446,1,3,247,19449,Not in California
Outside California,2021-01-03,185,19637,92,16508,93,3129,0,0,185,19631,0,3,185,19634,Not in California
Outside California,2021-01-04,1149,20786,512,17020,637,3766,0,0,1144,20774,1,4,1144,20778,Not in California
Outside California,2021-01-05,1553,22339,825,17845,728,4494,0,0,1358,21940,193,197,1359,22137,Not in California
Outside California,2021-01-06,2668,25007,1574,19419,1094,5588,0,0,1942,23159,723,920,1942,24079,Not in California
Outside California,2021-01-07,4093,29100,2519,21938,1574,7162,0,0,2452,23974,1639,2559,2454,26533,Not in California
Outside California,2021-01-08,4475,33575,2903,24841,1572,8734,0,0,2612,24737,1852,4411,2615,29148,Not in California
Outside California,2021-01-09,1306,34881,540,25381,766,9500,0,0,977,25389,327,4738,979,30127,Not in California
Outside California,2021-01-10,316,35197,187,25568,129,9629,0,0,196,25465,120,4858,196,30323,Not in California
Outside California,2021-01-11,3250,38447,1991,27559,1259,10888,0,0,1925,26066,1324,6182,1925,32248,Not in California
Outside California,2021-01-12,3876,42323,2286,29845,1590,12478,0,0,2285,26818,1587,7769,2339,34587,Not in California
Outside California,2021-01-13,3635,45958,1774,31619,1861,14339,0,0,2458,28104,1176,8945,2462,37049,Not in California
Outside California,2021-01-14,3654,49612,1263,32882,2391,16730,0,0,3007,30481,633,9578,3010,40059,Not in California
Outside California,2021-01-15,4156,53768,992,33874,3164,19894,0,0,3681,33699,463,10041,3681,43740,Not in California
Outside California,2021-01-16,2621,56389,390,34264,2231,22125,0,0,2446,35972,173,10214,2446,46186,Not in California
Outside California,2021-01-17,510,56899,152,34416,358,22483,0,0,461,36384,49,10263,461,46647,Not in California
Outside California,2021-01-18,1194,58093,770,35186,424,22907,0,0,739,36670,454,10717,740,47387,Not in California
Outside California,2021-01-19,4098,62191,1344,36530,2754,25661,0,0,3198,38971,900,11617,3201,50588,Not in California
Outside California,2021-01-20,4434,66625,1430,37960,3004,28665,0,0,3491,41525,938,12555,3492,54080,Not in California
Outside California,2021-01-21,4227,70852,1174,39134,3053,31718,0,0,3649,44612,562,13117,3649,57729,Not in California
Outside California,2021-01-22,4605,75457,1108,40242,3497,35215,0,0,4184,48387,411,13528,4186,61915,Not in California
Outside California,2021-01-23,2249,77706,350,40592,1899,37114,0,0,2073,50287,173,13701,2073,63988,Not in California
Outside California,2021-01-24,616,78322,258,40850,358,37472,0,0,536,50743,80,13781,536,64524,Not in California
Outside California,2021-01-25,4605,82927,1979,42829,2626,40098,0,0,3727,53603,869,14650,3729,68253,Not in California
Outside California,2021-01-26,6105,89032,2932,45761,3173,43271,0,0,5231,57968,873,15523,5238,73491,Not in California
Outside California,2021-01-27,5215,94247,2733,48494,2482,45753,0,0,4557,61876,651,16174,4559,78050,Not in California
Outside California,2021-01-28,5264,99511,2824,51318,2440,48193,0,0,4714,66050,540,16714,4714,82764,Not in California
Outside California,2021-01-29,4938,104449,3063,54381,1875,50068,0,0,4114,69352,815,17529,4117,86881,Not in California
Outside California,2021-01-30,4458,108907,2420,56801,2038,52106,0,0,4220,73337,236,17765,4221,91102,Not in California
Outside California,2021-01-31,3274,112181,2835,59636,439,52545,0,0,3211,76489,61,17826,3213,94315,Not in California
Outside California,2021-02-01,5641,117822,2636,62272,3005,55550,0,0,4914,80685,718,18544,4914,99229,Not in California
Outside California,2021-02-02,6912,124734,2238,64510,4674,60224,0,0,6167,86120,732,19276,6167,105396,Not in California
Outside California,2021-02-03,7536,132270,2136,66646,5400,65624,0,0,6636,91867,890,20166,6637,112033,Not in California
Outside California,2021-02-04,6916,139186,2162,68808,4754,70378,0,0,5874,96715,1027,21193,5875,117908,Not in California
Outside California,2021-02-05,7129,146315,2485,71293,4644,75022,0,0,6004,101603,1116,22309,6004,123912,Not in California
Outside California,2021-02-06,4562,150877,2269,73562,2293,77315,0,0,4085,105225,467,22776,4089,128001,Not in California
Outside California,2021-02-07,2231,153108,1834,75396,397,77712,0,0,2143,107284,86,22862,2145,130146,Not in California
Outside California,2021-02-08,5305,158413,3329,78725,1976,79688,0,0,4234,110458,1060,23922,4234,134380,Not in California
Outside California,2021-02-09,4310,162723,1925,80650,2385,82073,0,0,2979,112135,1303,25225,2980,137360,Not in California
Outside California,2021-02-10,5669,168392,1958,82608,3711,85784,0,0,3193,112910,2427,27652,3202,140562,Not in California
Outside California,2021-02-11,4924,173316,2292,84900,2632,88416,0,0,3559,115141,1347,28999,3578,144140,Not in California
Outside California,2021-02-12,5366,178682,1997,86897,3369,91785,0,0,3476,116749,1871,30870,3479,147619,Not in California
Outside California,2021-02-13,2463,181145,749,87646,1714,93499,0,0,1866,118036,592,31462,1879,149498,Not in California
Outside California,2021-02-14,1384,182529,430,88076,954,94453,0,0,1115,118892,261,31723,1117,150615,Not in California
Outside California,2021-02-15,2676,185205,1623,89699,1053,95506,0,0,1289,118813,1371,33094,1292,151907,Not in California
Outside California,2021-02-16,6682,191887,2923,92622,3759,99265,0,0,2613,117380,4051,37145,2618,154525,Not in California
Outside California,2021-02-17,6093,197980,3095,95717,2998,102263,0,0,1860,115028,4217,41362,1865,156390,Not in California
Outside California,2021-02-18,6665,204645,3840,99557,2825,105088,0,0,2096,112590,4535,45897,2097,158487,Not in California
Outside California,2021-02-19,5939,210584,4108,103665,1831,106919,0,0,2489,111644,3437,49334,2491,160978,Not in California
Outside California,2021-02-20,3539,214123,2861,106526,678,107597,0,0,1291,110695,2241,51575,1292,162270,Not in California
Outside California,2021-02-21,3110,217233,2876,109402,234,107831,0,0,928,109455,2168,53743,928,163198,Not in California
Outside California,2021-02-22,3774,221007,2765,112167,1009,108840,0,0,1700,109095,2065,55808,1705,164903,Not in California
Outside California,2021-02-23,6898,227905,3681,115848,3217,112057,0,0,2473,107267,4317,60125,2489,167392,Not in California
Outside California,2021-02-24,7069,234974,3762,119610,3307,115364,0,0,2539,105332,4479,64604,2544,169936,Not in California
Outside California,2021-02-25,7530,242504,3675,123285,3855,119219,0,0,3202,104254,4283,68887,3205,173141,Not in California
Outside California,2021-02-26,7658,250162,4083,127368,3575,122794,0,0,3217,103138,4334,73221,3218,176359,Not in California
Outside California,2021-02-27,6059,256221,2967,130335,3091,125885,1,1,1964,101038,4067,77288,1967,178326,Not in California
Outside California,2021-02-28,2500,258721,1772,132107,727,126612,1,2,831,100209,1663,78951,834,179160,Not in California
Outside California,2021-03-01,5048,263769,3179,135286,1868,128480,1,3,1413,98007,3621,82572,1419,180579,Not in California
Outside California,2021-03-02,6831,270600,2545,137831,4286,132766,0,3,2111,95418,4702,87274,2113,182692,Not in California
Outside California,2021-03-03,8020,278620,3147,140978,4871,137637,2,5,2752,92932,5243,92517,2757,185449,Not in California
Outside California,2021-03-04,6992,285612,2947,143925,4038,141675,7,12,2395,90771,4566,97083,2405,187854,Not in California
Outside California,2021-03-05,5410,291022,2731,146656,2664,144339,15,27,2800,91003,2592,99675,2824,190678,Not in California
Outside California,2021-03-06,4651,295673,2157,148813,2336,146675,158,185,2368,91259,2278,101953,2534,193212,Not in California
Outside California,2021-03-07,1766,297439,1040,149853,576,147251,150,335,1017,91689,744,102697,1174,194386,Not in California
Outside California,2021-03-08,3215,300654,1891,151744,1056,148307,268,603,2255,93291,928,103625,2530,196916,Not in California
Outside California,2021-03-09,4791,305445,2443,154187,2014,150321,334,937,2822,94491,1956,105581,3156,200072,Not in California
Outside California,2021-03-10,4545,309990,2164,156351,1848,152169,533,1470,2756,96008,1774,107355,3291,203363,Not in California
Outside California,2021-03-11,6328,316318,3221,159572,2416,154585,691,2161,3344,97076,2967,110322,4035,207398,Not in California
Outside California,2021-03-12,6563,322881,3932,163504,1902,156487,729,2890,3582,98424,2960,113282,4308,211706,Not in California
Outside California,2021-03-13,3863,326744,2207,165711,1185,157672,471,3361,2617,100278,1234,114516,3088,214794,Not in California
Outside California,2021-03-14,1825,328569,937,166648,549,158221,339,3700,998,100794,821,115337,1337,216131,Not in California
Outside California,2021-03-15,4110,332679,2146,168794,1489,159710,475,4175,2178,101531,1917,117254,2654,218785,Not in California
Outside California,2021-03-16,7634,340313,4425,173219,2816,162526,393,4568,4199,102704,3412,120666,4585,223370,Not in California
Outside California,2021-03-17,8524,348837,5515,178734,2630,165156,379,4947,5074,104722,3436,124102,5454,228824,Not in California
Outside California,2021-03-18,8397,357234,5180,183914,2672,167828,545,5492,4796,106476,3587,127689,5341,234165,Not in California
Outside California,2021-03-19,7427,364661,4422,188336,2459,170287,546,6038,4379,108373,3032,130721,4929,239094,Not in California
Outside California,2021-03-20,4818,369479,3175,191511,1550,171837,93,6131,3662,110988,1141,131862,3756,242850,Not in California
Outside California,2021-03-21,2128,371607,1454,192965,585,172422,89,6220,1695,112342,429,132291,1783,244633,Not in California
Outside California,2021-03-22,3335,374942,2014,194979,1233,173655,88,6308,2282,113667,1044,133335,2369,247002,Not in California
Outside California,2021-03-23,6187,381129,3139,198118,2739,176394,309,6617,4152,116125,2002,135337,4460,251462,Not in California
Outside California,2021-03-24,7401,388530,3797,201915,3156,179550,448,7065,5076,119336,2310,137647,5521,256983,Not in California
Outside California,2021-03-25,8349,396879,3860,205775,3962,183512,527,7592,6021,123580,2305,139952,6549,263532,Not in California
Outside California,2021-03-26,6777,403656,3571,209346,3025,186537,181,7773,4457,125929,2287,142239,4636,268168,Not in California
Outside California,2021-03-27,5608,409264,3125,212471,2263,188800,220,7993,3504,127559,2090,144329,3720,271888,Not in California
Outside California,2021-03-28,3119,412383,1656,214127,1301,190101,162,8155,2004,128619,1106,145435,2166,274054,Not in California
Outside California,2021-03-29,5278,417661,2348,216475,2583,192684,347,8502,3015,129727,2255,147690,3363,277417,Not in California
Outside California,2021-03-30,6977,424638,3664,220139,2742,195426,571,9073,4118,131577,2846,150536,4696,282113,Not in California
Outside California,2021-03-31,6459,431097,3843,223982,1826,197252,790,9863,3432,132775,3017,153553,4215,286328,Not in California
Outside California,2021-04-01,7737,438834,4627,228609,2445,199697,665,10528,4469,134644,3252,156805,5121,291449,Not in California
Outside California,2021-04-02,8555,447389,4539,233148,2875,202572,1141,11669,4423,136082,4119,160924,5557,297006,Not in California
Outside California,2021-04-03,6390,453779,3821,236969,1410,203982,1159,12828,3404,137672,2972,163896,4562,301568,Not in California
Outside California,2021-04-04,1848,455627,906,237875,701,204683,241,13069,1000,138064,845,164741,1237,302805,Not in California
Outside California,2021-04-05,4255,459882,2057,239932,1514,206197,684,13753,2016,138533,2228,166969,2697,305502,Not in California
Outside California,2021-04-06,7284,467166,3916,243848,1712,207909,1656,15409,2924,138767,4337,171306,4571,310073,Not in California
Outside California,2021-04-07,8364,475530,4699,248547,1946,209855,1719,17128,3256,138637,5095,176401,4965,315038,Not in California
Outside California,2021-04-08,8361,483891,4399,252946,2013,211868,1949,19077,3341,138907,5005,181406,5275,320313,Not in California
Outside California,2021-04-09,7674,491565,3931,256877,1769,213637,1974,21051,2952,139116,4705,186111,4914,325227,Not in California
Outside California,2021-04-10,6185,497750,3036,259913,1283,214920,1866,22917,1712,138221,4459,190570,3564,328791,Not in California
Outside California,2021-04-11,2901,500651,1591,261504,658,215578,652,23569,989,137950,1907,192477,1636,330427,Not in California
Outside California,2021-04-12,4266,504917,2392,263896,1301,216879,573,24142,1893,138053,2363,194840,2466,332893,Not in California
Outside California,2021-04-13,5924,510841,3778,267674,2121,219000,25,24167,3064,138289,2852,197692,3088,335981,Not in California
Outside California,2021-04-14,5567,516408,3567,271241,1996,220996,4,24171,3064,138864,2493,200185,3068,339049,Not in California
Outside California,2021-04-15,6278,522686,3939,275180,2333,223329,6,24177,3384,139417,2838,203023,3391,342440,Not in California
Outside California,2021-04-16,6048,528734,3476,278656,2565,225894,7,24184,3372,140140,2659,205682,3382,345822,Not in California
Outside California,2021-04-17,5621,534355,3535,282191,2085,227979,1,24185,3252,141038,2354,208036,3252,349074,Not in California
Outside California,2021-04-18,2231,536586,1285,283476,945,228924,1,24186,1100,141017,1124,209160,1103,350177,Not in California
Outside California,2021-04-19,4250,540836,2050,285526,2199,231123,1,24187,2185,141154,2052,211212,2189,352366,Not in California
Outside California,2021-04-20,5599,546435,2612,288138,2986,234109,1,24188,2321,140213,3262,214474,2321,354687,Not in California
Outside California,2021-04-21,6762,553197,2955,291093,3801,237910,6,24194,2491,138460,4251,218725,2498,357185,Not in California
Outside California,2021-04-22,7055,560252,3644,294737,3409,241319,2,24196,2597,136616,4444,223169,2600,359785,Not in California
Outside California,2021-04-23,6067,566319,3123,297860,2943,244262,1,24197,2511,135596,3535,226704,2515,362300,Not in California
Outside California,2021-04-24,4737,571056,3092,300952,1640,245902,5,24202,1902,134679,2827,229531,1910,364210,Not in California
Outside California,2021-04-25,2270,573326,1274,302226,995,246897,1,24203,1190,134796,1077,230608,1194,365404,Not in California
Outside California,2021-04-26,4263,577589,1916,304142,2319,249216,28,24231,1915,134405,2334,232942,1943,367347,Not in California
Outside California,2021-04-27,5833,583422,2216,306358,3244,252460,373,24604,2032,133029,3789,236731,2413,369760,Not in California
Outside California,2021-04-28,5046,588468,2184,308542,2463,254923,399,25003,1985,132363,3044,239775,2378,372138,Not in California
Outside California,2021-04-29,5013,593481,2378,310920,2203,257126,432,25435,1903,131613,3085,242860,2335,374473,Not in California
Outside California,2021-04-30,5040,598521,2460,313380,2152,259278,428,25863,1902,130824,3122,245982,2333,376806,Not in California
Outside California,2021-05-01,3267,601788,1883,315263,953,260231,431,26294,1327,130661,1921,247903,1758,378564,Not in California
Outside California,2021-05-02,1889,603677,1114,316377,651,260882,124,26418,828,130559,1055,248958,953,379517,Not in California
Outside California,2021-05-03,2963,606640,1622,317999,1054,261936,287,26705,1131,130152,1824,250782,1417,380934,Not in California
Outside California,2021-05-04,4073,610713,2211,320210,1416,263352,446,27151,1349,129232,2712,253494,1792,382726,Not in California
Outside California,2021-05-05,4571,615284,2578,322788,1619,264971,374,27525,1646,128340,2915,256409,2023,384749,Not in California
Outside California,2021-05-06,4590,619874,2824,325612,1424,266395,342,27867,1597,127293,2985,259394,1938,386687,Not in California
Outside California,2021-05-07,4732,624606,2752,328364,1593,267988,387,28254,1618,126202,3096,262490,2005,388692,Not in California
Outside California,2021-05-08,3313,627919,2246,330610,816,268804,251,28505,1088,125325,2217,264707,1340,390032,Not in California
Outside California,2021-05-09,1414,629333,949,331559,343,269147,122,28627,576,125188,833,265540,696,390728,Not in California
Outside California,2021-05-10,2611,631944,1217,332776,1066,270213,328,28955,910,124734,1694,267234,1240,391968,Not in California
Outside California,2021-05-11,3155,635099,1554,334330,1296,271509,305,29260,1179,124251,1971,269205,1488,393456,Not in California
Outside California,2021-05-12,3283,638382,1594,335924,1360,272869,329,29589,1255,123810,2024,271229,1583,395039,Not in California
Outside California,2021-05-13,3276,641658,1913,337837,1153,274022,210,29799,1412,123575,1857,273086,1622,396661,Not in California
Outside California,2021-05-14,3621,645279,2049,339886,1333,275355,239,30038,1600,123403,2014,275100,1842,398503,Not in California
Outside California,2021-05-15,2683,647962,1578,341464,962,276317,143,30181,1147,123168,1528,276628,1293,399796,Not in California
Outside California,2021-05-16,1676,649638,1087,342551,520,276837,69,30250,767,123098,907,277535,837,400633,Not in California
Outside California,2021-05-17,3092,652730,1646,344197,1210,278047,236,30486,1318,122882,1770,279305,1554,402187,Not in California
Outside California,2021-05-18,3272,656002,1657,345854,1302,279349,313,30799,1451,122842,1807,281112,1767,403954,Not in California
Outside California,2021-05-19,3393,659395,1700,347554,1422,280771,271,31070,1459,122646,1925,283037,1729,405683,Not in California
Outside California,2021-05-20,3180,662575,1767,349321,1160,281931,253,31323,1410,122555,1756,284793,1665,407348,Not in California
Outside California,2021-05-21,3219,665794,1787,351108,1184,283115,248,31571,1356,122310,1849,286642,1604,408952,Not in California
Outside California,2021-05-22,2839,668633,1859,352967,777,283892,203,31774,1518,122720,1312,287954,1722,410674,Not in California
Outside California,2021-05-23,1581,670214,1034,354001,469,284361,78,31852,803,122826,776,288730,882,411556,Not in California
Outside California,2021-05-24,2440,672654,1169,355170,925,285286,346,32198,1064,122871,1365,290095,1410,412966,Not in California
Outside California,2021-05-25,2390,675044,1118,356288,936,286222,336,32534,1009,122842,1371,291466,1342,414308,Not in California
Outside California,2021-05-26,2396,677440,1108,357396,933,287155,355,32889,987,122785,1400,292866,1343,415651,Not in California
Outside California,2021-05-27,2186,679626,1076,358472,816,287971,294,33183,969,122836,1210,294076,1261,416912,Not in California
Outside California,2021-05-28,2443,682069,1231,359703,860,288831,352,33535,1096,122946,1339,295415,1449,418361,Not in California
Outside California,2021-05-29,1673,683742,837,360540,481,289312,355,33890,700,123033,968,296383,1055,419416,Not in California
Outside California,2021-05-30,926,684668,570,361110,232,289544,124,34014,462,123160,459,296842,586,420002,Not in California
Outside California,2021-05-31,433,685101,190,361300,203,289747,40,34054,187,123151,236,297078,227,420229,Not in California
Outside California,2021-06-01,2149,687250,1136,362436,709,290456,304,34358,1002,123315,1142,298220,1306,421535,Not in California
Outside California,2021-06-02,2016,689266,1003,363439,665,291121,348,34706,909,123477,1097,299317,1259,422794,Not in California
Outside California,2021-06-03,2162,691428,1183,364622,665,291786,314,35020,970,123577,1184,300501,1284,424078,Not in California
Outside California,2021-06-04,2526,693954,1414,366036,794,292580,318,35338,1067,123507,1453,301954,1383,425461,Not in California
Outside California,2021-06-05,1715,695669,1193,367229,358,292938,164,35502,755,123474,953,302907,920,426381,Not in California
Outside California,2021-06-06,927,696596,697,367926,148,293086,82,35584,433,123497,492,303399,515,426896,Not in California
Outside California,2021-06-07,1928,698524,1051,368977,548,293634,329,35913,792,123482,1135,304534,1120,428016,Not in California
Outside California,2021-06-08,2067,700591,1178,370155,544,294178,345,36258,786,123335,1276,305810,1129,429145,Not in California
Outside California,2021-06-09,1963,702554,1174,371329,505,294683,284,36542,789,123240,1166,306976,1071,430216,Not in California
Outside California,2021-06-10,1946,704500,1139,372468,499,295182,308,36850,822,123249,1122,308098,1131,431347,Not in California
Outside California,2021-06-11,2176,706676,1252,373720,593,295775,331,37181,911,123234,1258,309356,1243,432590,Not in California
Outside California,2021-06-12,1611,708287,1202,374922,279,296054,130,37311,621,122999,987,310343,752,433342,Not in California
Outside California,2021-06-13,927,709214,630,375552,196,296250,101,37412,390,122957,533,310876,491,433833,Not in California
Outside California,2021-06-14,1762,710976,982,376534,478,296728,302,37714,735,122971,1021,311897,1035,434868,Not in California
Outside California,2021-06-15,1716,712692,945,377479,496,297224,275,37989,755,123048,953,312850,1030,435898,Not in California
Outside California,2021-06-16,1696,714388,1005,378484,463,297687,228,38217,801,123191,886,313736,1029,436927,Not in California
Outside California,2021-06-17,1849,716237,1020,379504,471,298158,358,38575,827,123358,1018,314754,1185,438112,Not in California
Outside California,2021-06-18,1961,718198,1067,380571,434,298592,460,39035,816,123495,1137,315891,1274,439386,Not in California
Outside California,2021-06-19,1052,719250,691,381262,261,298853,100,39135,542,123630,505,316396,640,440026,Not in California
Outside California,2021-06-20,787,720037,571,381833,170,299023,46,39181,463,123819,320,316716,509,440535,Not in California
Outside California,2021-06-21,1281,721318,645,382478,322,299345,314,39495,687,124231,589,317305,1001,441536,Not in California
Outside California,2021-06-22,1645,722963,1041,383519,349,299694,255,39750,873,124593,766,318071,1128,442664,Not in California
Outside California,2021-06-23,1685,724648,924,384443,438,300132,323,40073,795,124827,883,318954,1117,443781,Not in California
Outside California,2021-06-24,1552,726200,910,385353,363,300495,279,40352,815,125185,735,319689,1093,444874,Not in California
Outside California,2021-06-25,1785,727985,1018,386371,404,300899,363,40715,866,125497,914,320603,1226,446100,Not in California
Outside California,2021-06-26,1158,729143,754,387125,224,301123,180,40895,598,125719,556,321159,778,446878,Not in California
Outside California,2021-06-27,754,729897,587,387712,109,301232,58,40953,450,125925,301,321460,507,447385,Not in California
Outside California,2021-06-28,1398,731295,828,388540,270,301502,300,41253,719,126267,679,322139,1021,448406,Not in California
Outside California,2021-06-29,1435,732730,875,389415,325,301827,235,41488,764,126600,664,322803,997,449403,Not in California
Outside California,2021-06-30,1395,734125,800,390215,376,302203,219,41707,746,126920,644,323447,964,450367,Not in California
Outside California,2021-07-01,1385,735510,798,391013,349,302552,238,41945,757,127295,619,324066,994,451361,Not in California
Outside California,2021-07-02,1378,736888,788,391801,350,302902,240,42185,705,127575,663,324729,943,452304,Not in California
Outside California,2021-07-03,816,737704,583,392384,151,303053,82,42267,522,127888,291,325020,604,452908,Not in California
Outside California,2021-07-04,106,737810,65,392449,25,303078,16,42283,66,127931,39,325059,82,452990,Not in California
Outside California,2021-07-05,1004,738814,625,393074,308,303386,71,42354,591,128185,408,325467,662,453652,Not in California
Outside California,2021-07-06,1412,740226,812,393886,314,303700,286,42640,663,128388,746,326213,949,454601,Not in California
Outside California,2021-07-07,1487,741713,779,394665,359,304059,349,42989,729,128708,753,326966,1073,455674,Not in California
Outside California,2021-07-08,1234,742947,673,395338,293,304352,268,43257,595,128938,632,327598,862,456536,Not in California
Outside California,2021-07-09,1280,744227,729,396067,327,304679,224,43481,632,129156,638,328236,856,457392,Not in California
Outside California,2021-07-10,839,745066,575,396642,162,304841,102,43583,489,129405,343,328579,592,457984,Not in California
Outside California,2021-07-11,484,745550,347,396989,98,304939,39,43622,276,129517,204,328783,316,458300,Not in California
Unknown,2020-12-17,2,2,2,2,0,0,0,0,0,0,0,0,0,0,Not in California
Unknown,2020-12-18,1,3,1,3,0,0,0,0,0,0,0,0,0,0,Not in California
Unknown,2020-12-21,4,7,4,7,0,0,0,0,0,0,0,0,0,0,Not in California
Unknown,2020-12-28,4,11,4,11,0,0,0,0,3,3,0,0,3,3,Not in California
Unknown,2020-12-29,6,17,5,16,1,1,0,0,7,10,0,0,7,10,Not in California
Unknown,2020-12-30,54,71,54,70,0,1,0,0,54,64,0,0,54,64,Not in California
Unknown,2020-12-31,1,72,0,70,1,2,0,0,0,64,0,0,0,64,Not in California
Unknown,2021-01-02,1,73,0,70,1,3,0,0,1,65,0,0,1,65,Not in California
Unknown,2021-01-04,3,76,3,73,0,3,0,0,2,67,0,0,2,67,Not in California
Unknown,2021-01-06,4,80,2,75,2,5,0,0,4,71,0,0,4,71,Not in California
Unknown,2021-01-07,72,152,71,146,1,6,0,0,71,142,0,0,71,142,Not in California
Unknown,2021-01-08,1,153,0,146,1,7,0,0,3,145,0,0,3,145,Not in California
Unknown,2021-01-09,2,155,2,148,0,7,0,0,3,148,0,0,3,148,Not in California
Unknown,2021-01-11,20,175,20,168,0,7,0,0,20,168,0,0,20,168,Not in California
Unknown,2021-01-12,11,186,10,178,1,8,0,0,9,177,1,1,10,178,Not in California
Unknown,2021-01-13,10,196,10,188,0,8,0,0,11,188,0,1,11,189,Not in California
Unknown,2021-01-14,5,201,5,193,0,8,0,0,5,193,0,1,5,194,Not in California
Unknown,2021-01-15,7,208,6,199,1,9,0,0,7,200,0,1,7,201,Not in California
Unknown,2021-01-16,7,215,7,206,0,9,0,0,7,207,0,1,7,208,Not in California
Unknown,2021-01-17,3,218,3,209,0,9,0,0,3,210,0,1,3,211,Not in California
Unknown,2021-01-18,56,274,56,265,0,9,0,0,54,262,2,3,54,265,Not in California
Unknown,2021-01-19,25,299,25,290,0,9,0,0,20,279,3,6,20,285,Not in California
Unknown,2021-01-20,81,380,81,371,0,9,0,0,29,255,53,59,29,314,Not in California
Unknown,2021-01-21,54,434,52,423,2,11,0,0,55,309,1,60,55,369,Not in California
Unknown,2021-01-22,36,470,32,455,4,15,0,0,36,345,0,60,36,405,Not in California
Unknown,2021-01-23,11,481,7,462,4,19,0,0,11,356,0,60,11,416,Not in California
Unknown,2021-01-24,2,483,2,464,0,19,0,0,3,359,0,60,3,419,Not in California
Unknown,2021-01-25,20,503,17,481,3,22,0,0,17,373,3,63,17,436,Not in California
Unknown,2021-01-26,88,591,87,568,1,23,0,0,90,462,1,64,90,526,Not in California
Unknown,2021-01-27,19,610,19,587,0,23,0,0,17,477,2,66,17,543,Not in California
Unknown,2021-01-28,159,769,157,744,2,25,0,0,101,517,61,127,101,644,Not in California
Unknown,2021-01-29,153,922,153,897,0,25,0,0,157,673,1,128,157,801,Not in California
Unknown,2021-01-30,12,934,10,907,2,27,0,0,14,685,2,130,14,815,Not in California
Unknown,2021-01-31,17,951,17,924,0,27,0,0,18,703,0,130,18,833,Not in California
Unknown,2021-02-01,38,989,36,960,2,29,0,0,20,703,20,150,20,853,Not in California
Unknown,2021-02-02,66,1055,65,1025,1,30,0,0,59,755,7,157,59,912,Not in California
Unknown,2021-02-03,44,1099,42,1067,2,32,0,0,32,776,11,168,32,944,Not in California
Unknown,2021-02-04,57,1156,52,1119,5,37,0,0,48,815,9,177,48,992,Not in California
Unknown,2021-02-05,22,1178,18,1137,4,41,0,0,16,825,6,183,16,1008,Not in California
Unknown,2021-02-06,17,1195,17,1154,0,41,0,0,11,830,6,189,11,1019,Not in California
Unknown,2021-02-07,9,1204,9,1163,0,41,0,0,7,835,2,191,7,1026,Not in California
Unknown,2021-02-08,56,1260,53,1216,3,44,0,0,15,809,41,232,15,1041,Not in California
Unknown,2021-02-09,21,1281,21,1237,0,44,0,0,6,800,15,247,6,1047,Not in California
Unknown,2021-02-10,34,1315,30,1267,4,48,0,0,9,784,25,272,9,1056,Not in California
Unknown,2021-02-11,88,1403,87,1354,1,49,0,0,44,782,46,318,44,1100,Not in California
Unknown,2021-02-12,42,1445,37,1391,5,54,0,0,10,760,32,350,10,1110,Not in California
Unknown,2021-02-13,12,1457,5,1396,7,61,0,0,8,764,4,354,8,1118,Not in California
Unknown,2021-02-14,8,1465,2,1398,6,67,0,0,5,767,2,356,5,1123,Not in California
Unknown,2021-02-15,45,1510,39,1437,6,73,0,0,28,780,15,371,28,1151,Not in California
Unknown,2021-02-16,115,1625,105,1542,10,83,0,0,33,731,82,453,33,1184,Not in California
Unknown,2021-02-17,14,1639,12,1554,2,85,0,0,8,730,9,462,8,1192,Not in California
Unknown,2021-02-18,110,1749,105,1659,5,90,0,0,18,656,92,554,18,1210,Not in California
Unknown,2021-02-19,198,1947,193,1852,5,95,0,0,47,552,151,705,47,1257,Not in California
Unknown,2021-02-20,9,1956,6,1858,3,98,0,0,3,549,6,711,3,1260,Not in California
Unknown,2021-02-21,18,1974,18,1876,0,98,0,0,1,533,17,728,1,1261,Not in California
Unknown,2021-02-22,18,1992,18,1894,0,98,0,0,7,529,11,739,7,1268,Not in California
Unknown,2021-02-23,67,2059,56,1950,11,109,0,0,15,493,51,790,15,1283,Not in California
Unknown,2021-02-24,45,2104,37,1987,8,117,0,0,14,477,30,820,14,1297,Not in California
Unknown,2021-02-25,73,2177,59,2046,14,131,0,0,25,453,49,869,25,1322,Not in California
Unknown,2021-02-26,39,2216,25,2071,14,145,0,0,21,458,16,885,21,1343,Not in California
Unknown,2021-02-27,22,2238,16,2087,6,151,0,0,9,458,9,894,9,1352,Not in California
Unknown,2021-02-28,19,2257,13,2100,6,157,0,0,12,465,5,899,12,1364,Not in California
Unknown,2021-03-01,44,2301,27,2127,17,174,0,0,24,470,19,918,24,1388,Not in California
Unknown,2021-03-02,22,2323,11,2138,11,185,0,0,12,475,7,925,12,1400,Not in California
Unknown,2021-03-03,16,2339,12,2150,4,189,0,0,11,482,4,929,11,1411,Not in California
Unknown,2021-03-04,48,2387,45,2195,3,192,0,0,18,470,30,959,18,1429,Not in California
Unknown,2021-03-05,24,2411,15,2210,9,201,0,0,21,485,6,965,21,1450,Not in California
Unknown,2021-03-06,20,2431,12,2222,6,207,2,2,16,499,4,969,18,1468,Not in California
Unknown,2021-03-07,3,2434,1,2223,0,207,2,4,2,501,2,971,4,1472,Not in California
Unknown,2021-03-08,33,2467,24,2247,7,214,2,6,9,487,25,996,11,1483,Not in California
Unknown,2021-03-09,39,2506,32,2279,3,217,4,10,10,471,30,1026,14,1497,Not in California
Unknown,2021-03-10,14,2520,11,2290,1,218,2,12,7,472,8,1034,9,1506,Not in California
Unknown,2021-03-11,31,2551,14,2304,3,221,14,26,8,472,22,1056,22,1528,Not in California
Unknown,2021-03-12,62,2613,48,2352,9,230,5,31,11,439,49,1105,16,1544,Not in California
Unknown,2021-03-13,16,2629,4,2356,8,238,4,35,6,439,10,1115,10,1554,Not in California
Unknown,2021-03-14,14,2643,6,2362,6,244,2,37,6,439,8,1123,8,1562,Not in California
Unknown,2021-03-15,36,2679,16,2378,18,262,2,39,24,451,14,1137,26,1588,Not in California
Unknown,2021-03-16,48,2727,22,2400,22,284,4,43,29,464,20,1157,33,1621,Not in California
Unknown,2021-03-17,39,2766,16,2416,22,306,1,44,34,495,4,1161,35,1656,Not in California
Unknown,2021-03-18,33,2799,20,2436,13,319,0,44,20,503,12,1173,20,1676,Not in California
Unknown,2021-03-19,29,2828,19,2455,10,329,0,44,22,517,8,1181,22,1698,Not in California
Unknown,2021-03-20,27,2855,13,2468,14,343,0,44,15,522,10,1191,15,1713,Not in California
Unknown,2021-03-21,16,2871,10,2478,6,349,0,44,12,531,3,1194,12,1725,Not in California
Unknown,2021-03-22,32,2903,19,2497,12,361,1,45,16,536,12,1206,17,1742,Not in California
Unknown,2021-03-23,24,2927,10,2507,9,370,5,50,11,541,11,1217,16,1758,Not in California
Unknown,2021-03-24,22,2949,9,2516,13,383,0,50,14,547,8,1225,14,1772,Not in California
Unknown,2021-03-25,39,2988,26,2542,13,396,0,50,24,557,14,1239,24,1796,Not in California
Unknown,2021-03-26,34,3022,18,2560,11,407,5,55,17,564,15,1254,22,1818,Not in California
Unknown,2021-03-27,33,3055,15,2575,15,422,3,58,19,569,17,1271,22,1840,Not in California
Unknown,2021-03-28,20,3075,9,2584,11,433,0,58,12,575,6,1277,12,1852,Not in California
Unknown,2021-03-29,40,3115,21,2605,19,452,0,58,23,585,13,1290,23,1875,Not in California
Unknown,2021-03-30,42,3157,24,2629,18,470,0,58,25,595,15,1305,25,1900,Not in California
Unknown,2021-03-31,35,3192,22,2651,12,482,1,59,25,610,11,1316,26,1926,Not in California
Unknown,2021-04-01,27,3219,17,2668,7,489,3,62,17,621,9,1325,20,1946,Not in California
Unknown,2021-04-02,45,3264,22,2690,14,503,9,71,19,623,26,1351,28,1974,Not in California
Unknown,2021-04-03,21,3285,10,2700,11,514,0,71,15,628,10,1361,15,1989,Not in California
Unknown,2021-04-04,15,3300,4,2704,11,525,0,71,9,632,5,1366,9,1998,Not in California
Unknown,2021-04-05,36,3336,22,2726,13,538,1,72,18,634,17,1383,19,2017,Not in California
Unknown,2021-04-06,24,3360,15,2741,8,546,1,73,12,636,11,1394,13,2030,Not in California
Unknown,2021-04-07,38,3398,26,2767,11,557,1,74,27,652,11,1405,27,2057,Not in California
Unknown,2021-04-08,32,3430,21,2788,6,563,5,79,15,653,19,1424,20,2077,Not in California
Unknown,2021-04-09,33,3463,24,2812,9,572,0,79,20,662,11,1435,20,2097,Not in California
Unknown,2021-04-10,11,3474,9,2821,1,573,1,80,5,661,7,1442,6,2103,Not in California
Unknown,2021-04-11,11,3485,7,2828,4,577,0,80,5,661,5,1447,5,2108,Not in California
Unknown,2021-04-12,37,3522,20,2848,16,593,1,81,16,655,23,1470,17,2125,Not in California
Unknown,2021-04-13,48,3570,28,2876,20,613,0,81,18,645,28,1498,18,2143,Not in California
Unknown,2021-04-14,30,3600,9,2885,21,634,0,81,6,627,24,1522,6,2149,Not in California
Unknown,2021-04-15,32,3632,17,2902,14,648,1,82,11,616,22,1544,11,2160,Not in California
Unknown,2021-04-16,26,3658,16,2918,10,658,0,82,10,610,16,1560,10,2170,Not in California
Unknown,2021-04-17,23,3681,14,2932,9,667,0,82,8,605,14,1574,9,2179,Not in California
Unknown,2021-04-18,21,3702,8,2940,13,680,0,82,10,603,12,1586,10,2189,Not in California
Unknown,2021-04-19,35,3737,22,2962,13,693,0,82,14,597,20,1606,14,2203,Not in California
Unknown,2021-04-20,24,3761,15,2977,9,702,0,82,6,585,18,1624,6,2209,Not in California
Unknown,2021-04-21,40,3801,20,2997,20,722,0,82,15,575,25,1649,15,2224,Not in California
Unknown,2021-04-22,28,3829,19,3016,9,731,0,82,7,562,20,1669,7,2231,Not in California
Unknown,2021-04-23,31,3860,16,3032,15,746,0,82,14,561,15,1684,14,2245,Not in California
Unknown,2021-04-24,34,3894,25,3057,9,755,0,82,18,564,15,1699,18,2263,Not in California
Unknown,2021-04-25,20,3914,9,3066,11,766,0,82,7,559,12,1711,7,2270,Not in California
Unknown,2021-04-26,29,3943,19,3085,10,776,0,82,12,553,18,1729,12,2282,Not in California
Unknown,2021-04-27,32,3975,18,3103,13,789,1,83,11,545,20,1749,12,2294,Not in California
Unknown,2021-04-28,28,4003,19,3122,7,796,2,85,8,535,20,1769,10,2304,Not in California
Unknown,2021-04-29,34,4037,22,3144,12,808,0,85,15,529,21,1790,15,2319,Not in California
Unknown,2021-04-30,30,4067,15,3159,10,818,5,90,16,535,15,1805,21,2340,Not in California
Unknown,2021-05-01,27,4094,20,3179,7,825,0,90,15,539,11,1816,15,2355,Not in California
Unknown,2021-05-02,15,4109,6,3185,8,833,1,91,5,536,9,1825,6,2361,Not in California
Unknown,2021-05-03,23,4132,15,3200,5,838,3,94,6,527,17,1842,8,2369,Not in California
Unknown,2021-05-04,20,4152,9,3209,5,843,6,100,5,522,16,1858,11,2380,Not in California
Unknown,2021-05-05,26,4178,11,3220,14,857,1,101,11,519,15,1873,12,2392,Not in California
Unknown,2021-05-06,34,4212,21,3241,6,863,7,108,11,513,24,1897,18,2410,Not in California
Unknown,2021-05-07,27,4239,13,3254,10,873,4,112,10,509,18,1915,14,2424,Not in California
Unknown,2021-05-08,16,4255,10,3264,4,877,2,114,6,507,10,1925,8,2432,Not in California
Unknown,2021-05-09,17,4272,4,3268,9,886,4,118,8,510,9,1934,12,2444,Not in California
Unknown,2021-05-10,21,4293,11,3279,7,893,3,121,3,500,16,1950,6,2450,Not in California
Unknown,2021-05-11,21,4314,10,3289,6,899,5,126,10,504,11,1961,15,2465,Not in California
Unknown,2021-05-12,14,4328,8,3297,5,904,1,127,4,500,9,1970,5,2470,Not in California
Unknown,2021-05-13,18,4346,12,3309,1,905,5,132,11,508,9,1979,17,2487,Not in California
Unknown,2021-05-14,23,4369,18,3327,4,909,1,133,14,513,9,1988,14,2501,Not in California
Unknown,2021-05-15,22,4391,20,3347,2,911,0,133,13,516,10,1998,13,2514,Not in California
Unknown,2021-05-16,26,4417,17,3364,8,919,1,134,14,519,12,2010,15,2529,Not in California
Unknown,2021-05-17,23,4440,17,3381,4,923,2,136,9,517,13,2023,11,2540,Not in California
Unknown,2021-05-18,31,4471,19,3400,10,933,2,138,17,522,14,2037,19,2559,Not in California
Unknown,2021-05-19,30,4501,22,3422,7,940,1,139,10,514,19,2056,11,2570,Not in California
Unknown,2021-05-20,18,4519,14,3436,3,943,1,140,10,518,7,2063,11,2581,Not in California
Unknown,2021-05-21,24,4543,13,3449,7,950,4,144,9,516,15,2078,13,2594,Not in California
Unknown,2021-05-22,31,4574,26,3475,4,954,1,145,15,519,13,2091,16,2610,Not in California
Unknown,2021-05-23,10,4584,7,3482,3,957,0,145,6,521,4,2095,6,2616,Not in California
Unknown,2021-05-24,9,4593,6,3488,2,959,1,146,5,523,4,2099,6,2622,Not in California
Unknown,2021-05-25,20,4613,10,3498,4,963,6,152,7,524,12,2111,13,2635,Not in California
Unknown,2021-05-26,12,4625,9,3507,2,965,1,153,3,521,7,2118,4,2639,Not in California
Unknown,2021-05-27,22,4647,15,3522,5,970,2,155,6,514,15,2133,8,2647,Not in California
Unknown,2021-05-28,23,4670,12,3534,5,975,6,161,12,521,11,2144,18,2665,Not in California
Unknown,2021-05-29,20,4690,18,3552,2,977,0,161,14,529,6,2150,14,2679,Not in California
Unknown,2021-05-30,7,4697,3,3555,3,980,1,162,3,529,4,2154,4,2683,Not in California
Unknown,2021-05-31,1,4698,1,3556,0,980,0,162,0,528,1,2155,0,2683,Not in California
Unknown,2021-06-01,28,4726,15,3571,7,987,6,168,11,529,16,2171,17,2700,Not in California
Unknown,2021-06-02,7,4733,4,3575,3,990,0,168,2,526,5,2176,2,2702,Not in California
Unknown,2021-06-03,17,4750,16,3591,1,991,0,168,8,525,9,2185,8,2710,Not in California
Unknown,2021-06-04,28,4778,18,3609,10,1001,0,168,15,527,13,2198,15,2725,Not in California
Unknown,2021-06-05,32,4810,25,3634,6,1007,1,169,19,534,13,2211,20,2745,Not in California
Unknown,2021-06-06,29,4839,20,3654,6,1013,3,172,11,530,18,2229,14,2759,Not in California
Unknown,2021-06-07,20,4859,9,3663,8,1021,3,175,9,531,11,2240,12,2771,Not in California
Unknown,2021-06-08,15,4874,7,3670,5,1026,3,178,5,529,10,2250,8,2779,Not in California
Unknown,2021-06-09,30,4904,20,3690,9,1035,1,179,18,536,12,2262,19,2798,Not in California
Unknown,2021-06-10,14,4918,11,3701,3,1038,0,179,6,534,8,2270,6,2804,Not in California
Unknown,2021-06-11,6,4924,4,3705,1,1039,1,180,5,538,2,2272,6,2810,Not in California
Unknown,2021-06-12,15,4939,11,3716,4,1043,0,180,9,540,7,2279,9,2819,Not in California
Unknown,2021-06-13,10,4949,6,3722,4,1047,0,180,3,536,7,2286,3,2822,Not in California
Unknown,2021-06-14,10,4959,9,3731,1,1048,0,180,4,535,5,2291,4,2826,Not in California
Unknown,2021-06-15,22,4981,13,3744,9,1057,0,180,8,530,13,2304,8,2834,Not in California
Unknown,2021-06-16,6,4987,3,3747,3,1060,0,180,5,534,1,2305,5,2839,Not in California
Unknown,2021-06-17,16,5003,10,3757,4,1064,2,182,12,544,4,2309,14,2853,Not in California
Unknown,2021-06-18,16,5019,12,3769,4,1068,0,182,10,547,7,2316,10,2863,Not in California
Unknown,2021-06-19,12,5031,10,3779,1,1069,1,183,3,541,10,2326,4,2867,Not in California
Unknown,2021-06-20,6,5037,4,3783,1,1070,1,184,3,542,3,2329,4,2871,Not in California
Unknown,2021-06-21,13,5050,9,3792,4,1074,0,184,8,545,5,2334,8,2879,Not in California
Unknown,2021-06-22,17,5067,11,3803,6,1080,0,184,14,556,3,2337,14,2893,Not in California
Unknown,2021-06-23,9,5076,4,3807,4,1084,1,185,6,560,3,2340,7,2900,Not in California
Unknown,2021-06-24,11,5087,5,3812,5,1089,1,186,6,562,5,2345,7,2907,Not in California
Unknown,2021-06-25,13,5100,12,3824,1,1090,0,186,8,566,4,2349,8,2915,Not in California
Unknown,2021-06-26,14,5114,14,3838,0,1090,0,186,10,572,4,2353,10,2925,Not in California
Unknown,2021-06-27,23,5137,18,3856,3,1093,2,188,12,575,11,2364,14,2939,Not in California
Unknown,2021-06-28,17,5154,14,3870,3,1096,0,188,11,580,6,2370,11,2950,Not in California
Unknown,2021-06-29,8,5162,6,3876,2,1098,0,188,7,586,1,2371,7,2957,Not in California
Unknown,2021-06-30,22,5184,21,3897,1,1099,0,188,12,588,10,2381,12,2969,Not in California
Unknown,2021-07-01,21,5205,20,3917,1,1100,0,188,15,599,4,2385,15,2984,Not in California
Unknown,2021-07-02,8,5213,5,3922,3,1103,0,188,5,601,3,2388,5,2989,Not in California
Unknown,2021-07-03,8,5221,8,3930,0,1103,0,188,4,601,4,2392,4,2993,Not in California
Unknown,2021-07-04,2,5223,2,3932,0,1103,0,188,0,599,2,2394,0,2993,Not in California
Unknown,2021-07-05,25,5248,20,3952,4,1107,1,189,17,609,8,2402,18,3011,Not in California
Unknown,2021-07-06,13,5261,10,3962,3,1110,0,189,7,610,6,2408,7,3018,Not in California
Unknown,2021-07-07,28,5289,17,3979,9,1119,2,191,17,618,11,2419,19,3037,Not in California
Unknown,2021-07-08,28,5317,24,4003,4,1123,0,191,20,630,8,2427,20,3057,Not in California
Unknown,2021-07-09,14,5331,11,4014,2,1125,1,192,5,627,9,2436,6,3063,Not in California
Unknown,2021-07-10,15,5346,9,4023,6,1131,0,192,9,630,6,2442,9,3072,Not in California
Unknown,2021-07-11,6,5352,6,4029,0,1131,0,192,3,630,3,2445,3,3075,Not in California
Alameda,2020-12-15,37,37,37,37,0,0,0,0,37,37,0,0,37,37,California
Alameda,2020-12-16,213,250,213,250,0,0,0,0,213,250,0,0,213,250,California
Alameda,2020-12-17,513,763,513,763,0,0,0,0,513,763,0,0,513,763,California
Alameda,2020-12-18,1920,2683,1919,2682,1,1,0,0,1920,2683,0,0,1920,2683,California
Alameda,2020-12-19,1431,4114,1431,4113,0,1,0,0,1431,4114,0,0,1431,4114,California
Alameda,2020-12-20,1183,5297,1182,5295,1,2,0,0,1182,5295,1,1,1182,5296,California
Alameda,2020-12-21,1853,7150,1851,7146,2,4,0,0,1852,7147,0,1,1852,7148,California
Alameda,2020-12-22,2104,9254,2050,9196,54,58,0,0,2103,9249,1,2,2103,9251,California
Alameda,2020-12-23,1936,11190,1680,10876,256,314,0,0,1936,11185,0,2,1936,11187,California
Alameda,2020-12-24,1217,12407,754,11630,463,777,0,0,1217,12402,0,2,1217,12404,California
Alameda,2020-12-25,163,12570,126,11756,37,814,0,0,163,12565,0,2,163,12567,California
Alameda,2020-12-26,862,13432,324,12080,538,1352,0,0,862,13427,0,2,862,13429,California
Alameda,2020-12-27,498,13930,257,12337,241,1593,0,0,498,13925,0,2,498,13927,California
Alameda,2020-12-28,1889,15819,966,13303,923,2516,0,0,1889,15814,0,2,1889,15816,California
Alameda,2020-12-29,2488,18307,1080,14383,1408,3924,0,0,2487,18301,0,2,2487,18303,California
Alameda,2020-12-30,3099,21406,1327,15710,1772,5696,0,0,3099,21400,0,2,3099,21402,California
Alameda,2020-12-31,1804,23210,449,16159,1355,7051,0,0,1801,23199,2,4,1801,23203,California
Alameda,2021-01-01,179,23389,76,16235,103,7154,0,0,177,23374,2,6,177,23380,California
Alameda,2021-01-02,731,24120,526,16761,205,7359,0,0,730,24104,0,6,730,24110,California
Alameda,2021-01-03,336,24456,217,16978,119,7478,0,0,333,24434,3,9,333,24443,California
Alameda,2021-01-04,1623,26079,915,17893,708,8186,0,0,1611,26034,11,20,1611,26054,California
Alameda,2021-01-05,2229,28308,1285,19178,944,9130,0,0,1974,27756,252,272,1974,28028,California
Alameda,2021-01-06,3289,31597,1818,20996,1471,10601,0,0,2410,29293,876,1148,2413,30441,California
Alameda,2021-01-07,3845,35442,2162,23158,1683,12284,0,0,2647,30756,1189,2337,2652,33093,California
Alameda,2021-01-08,4783,40225,2735,25893,2048,14332,0,0,3040,32063,1738,4075,3045,36138,California
Alameda,2021-01-09,2036,42261,1385,27278,651,14983,0,0,1169,32365,867,4942,1169,37307,California
Alameda,2021-01-10,1065,43326,839,28117,226,15209,0,0,428,32155,638,5580,428,37735,California
Alameda,2021-01-11,4690,48016,3549,31666,1141,16350,0,0,2874,33222,1814,7394,2881,40616,California
Alameda,2021-01-12,4872,52888,3285,34951,1587,17937,0,0,3464,35284,1405,8799,3467,44083,California
Alameda,2021-01-13,5082,57970,2705,37656,2377,20314,0,0,3876,37960,1202,10001,3878,47961,California
Alameda,2021-01-14,5695,63665,2817,40473,2878,23192,0,0,4791,41859,895,10896,4794,52755,California
Alameda,2021-01-15,5878,69543,2336,42809,3542,26734,0,0,5093,46178,778,11674,5097,57852,California
Alameda,2021-01-16,3003,72546,1398,44207,1605,28339,0,0,2731,48637,273,11947,2732,60584,California
Alameda,2021-01-17,1883,74429,1090,45297,793,29132,0,0,1674,50103,209,12156,1675,62259,California
Alameda,2021-01-18,3200,77629,2051,47348,1149,30281,0,0,2603,52116,592,12748,2605,64864,California
Alameda,2021-01-19,5556,83185,3335,50683,2221,32502,0,0,4355,55274,1199,13947,4357,69221,California
Alameda,2021-01-20,6940,90125,4242,54925,2698,35200,0,0,5635,59622,1291,15238,5639,74860,California
Alameda,2021-01-21,8185,98310,3769,58694,4416,39616,0,0,7327,66104,850,16088,7332,82192,California
Alameda,2021-01-22,6916,105226,2069,60763,4847,44463,0,0,5761,70720,1146,17234,5762,87954,California
Alameda,2021-01-23,3300,108526,952,61715,2348,46811,0,0,2742,72906,556,17790,2742,90696,California
Alameda,2021-01-24,2047,110573,655,62370,1392,48203,0,0,1772,74407,271,18061,1772,92468,California
Alameda,2021-01-25,5222,115795,1988,64358,3234,51437,0,0,3635,76465,1579,19640,3637,96105,California
Alameda,2021-01-26,7367,123162,2326,66684,5041,56478,0,0,5466,80040,1892,21532,5467,101572,California
Alameda,2021-01-27,6762,129924,2085,68769,4677,61155,0,0,4879,83046,1873,23405,4879,106451,California
Alameda,2021-01-28,7932,137856,2563,71332,5369,66524,0,0,5674,86480,2242,25647,5676,112127,California
Alameda,2021-01-29,8035,145891,3203,74535,4832,71356,0,0,6179,90817,1844,27491,6181,118308,California
Alameda,2021-01-30,3467,149358,1700,76235,1767,73123,0,0,2749,92854,712,28203,2749,121057,California
Alameda,2021-01-31,1938,151296,960,77195,978,74101,0,0,1695,94310,239,28442,1695,122752,California
Alameda,2021-02-01,6519,157815,3887,81082,2632,76733,0,0,4358,96518,2151,30593,4359,127111,California
Alameda,2021-02-02,7096,164911,3819,84901,3277,80010,0,0,4742,98917,2343,32936,4742,131853,California
Alameda,2021-02-03,7173,172084,3783,88684,3390,83400,0,0,4415,100586,2751,35687,4420,136273,California
Alameda,2021-02-04,9599,181683,4152,92836,5447,88847,0,0,6428,103863,3157,38844,6434,142707,California
Alameda,2021-02-05,10414,192097,5426,98262,4988,93835,0,0,6500,106463,3906,42750,6506,149213,California
Alameda,2021-02-06,7042,199139,4463,102725,2579,96414,0,0,5891,111208,1147,43897,5892,155105,California
Alameda,2021-02-07,3595,202734,2897,105622,698,97112,0,0,2648,112914,943,44840,2649,157754,California
Alameda,2021-02-08,8177,210911,5840,111462,2337,99449,0,0,5574,115899,2591,47431,5576,163330,California
Alameda,2021-02-09,9778,220689,5877,117339,3901,103350,0,0,6099,118342,3658,51089,6101,169431,California
Alameda,2021-02-10,11598,232287,6844,124183,4754,108104,0,0,6504,119779,5075,56164,6512,175943,California
Alameda,2021-02-11,14088,246375,8081,132264,6007,114111,0,0,8158,122028,5912,62076,8161,184104,California
Alameda,2021-02-12,12661,259036,5762,138026,6899,121010,0,0,7824,125044,4811,66887,7827,191931,California
Alameda,2021-02-13,7874,266910,4088,142114,3786,124796,0,0,5880,128940,1986,68873,5882,197813,California
Alameda,2021-02-14,4070,270980,2562,144676,1508,126304,0,0,2884,130647,1180,70053,2887,200700,California
Alameda,2021-02-15,5712,276692,3212,147888,2500,128804,0,0,3701,132344,2008,72061,3705,204405,California
Alameda,2021-02-16,12635,289327,7016,154904,5619,134423,0,0,9351,138433,3271,75332,9360,213765,California
Alameda,2021-02-17,14314,303641,8504,163408,5810,140233,0,0,10604,145351,3688,79020,10606,224371,California
Alameda,2021-02-18,16083,319724,10211,173619,5872,146105,0,0,11657,152601,4413,83433,11663,236034,California
Alameda,2021-02-19,18059,337783,11732,185351,6327,152432,0,0,11899,158371,6135,89568,11905,247939,California
Alameda,2021-02-20,12225,350008,9878,195229,2347,154779,0,0,9363,164884,2856,92424,9369,257308,California
Alameda,2021-02-21,7982,357990,6998,202227,984,155763,0,0,5363,167640,2608,95032,5364,262672,California
Alameda,2021-02-22,11421,369411,8433,210660,2988,158751,0,0,7160,170565,4244,99276,7169,269841,California
Alameda,2021-02-23,13593,383004,8256,218916,5337,164088,0,0,8423,173837,5158,104434,8430,278271,California
Alameda,2021-02-24,15478,398482,8684,227600,6794,170882,0,0,9987,178408,5421,109855,9992,288263,California
Alameda,2021-02-25,16462,414944,9561,237161,6901,177783,0,0,10361,182719,6059,115914,10370,298633,California
Alameda,2021-02-26,19119,434063,11155,248316,7964,185747,0,0,12106,187874,6957,122871,12112,310745,California
Alameda,2021-02-27,15458,449521,11417,259733,4039,189786,2,2,9533,191527,5885,128756,9538,320283,California
Alameda,2021-02-28,10172,459693,8480,268213,1691,191477,1,3,6583,194551,3562,132318,6586,326869,California
Alameda,2021-03-01,14200,473893,9818,278031,4368,195845,14,17,8669,197761,5480,137798,8690,335559,California
Alameda,2021-03-02,15154,489047,10889,288920,4263,200108,2,19,9902,202447,5226,143024,9912,345471,California
Alameda,2021-03-03,15961,505008,10461,299381,5497,205605,3,22,10906,208337,5024,148048,10914,356385,California
Alameda,2021-03-04,17604,522612,11287,310668,6315,211920,2,24,11066,212912,6493,154541,11068,367453,California
Alameda,2021-03-05,16414,539026,10733,321401,5671,217591,10,34,11059,218679,5309,159850,11076,378529,California
Alameda,2021-03-06,14692,553718,10327,331728,4103,221694,262,296,9700,223702,4939,164789,9962,388491,California
Alameda,2021-03-07,10004,563722,8543,340271,1245,222939,216,512,7053,228056,2918,167707,7272,395763,California
Alameda,2021-03-08,12091,575813,7514,347785,4178,227117,399,911,9023,234459,3016,170723,9419,405182,California
Alameda,2021-03-09,14842,590655,10380,358165,4020,231137,442,1353,8072,236243,6730,177453,8514,413696,California
Alameda,2021-03-10,17711,608366,12249,370414,4890,236027,572,1925,7964,235051,9713,187166,8521,422217,California
Alameda,2021-03-11,19965,628331,11688,382102,6555,242582,1722,3647,6791,230393,13141,200307,8483,430700,California
Alameda,2021-03-12,21563,649894,12600,394702,7255,249837,1708,5355,7440,225433,14089,214396,9129,439829,California
Alameda,2021-03-13,16260,666154,10411,405113,4837,254674,1012,6367,5164,220537,11058,225454,6162,445991,California
Alameda,2021-03-14,10960,677114,8064,413177,2105,256779,791,7158,3318,217014,7619,233073,4096,450087,California
Alameda,2021-03-15,14606,691720,9548,422725,4523,261302,535,7693,6184,215347,8381,241454,6714,456801,California
Alameda,2021-03-16,17420,709140,11283,434008,5591,266893,546,8239,7299,213133,10061,251515,7847,464648,California
Alameda,2021-03-17,17830,726970,10124,444132,6971,273864,735,8974,8201,212485,9578,261093,8930,473578,California
Alameda,2021-03-18,19510,746480,10681,454813,7926,281790,903,9877,8776,211465,10698,271791,9678,483256,California
Alameda,2021-03-19,19771,766251,10881,465694,7090,288880,1800,11677,7725,208987,11990,283781,9512,492768,California
Alameda,2021-03-20,15936,782187,10435,476129,4639,293519,862,12539,6309,206577,9589,293370,7179,499947,California
Alameda,2021-03-21,9352,791539,7356,483485,1439,294958,557,13096,3476,204745,5863,299233,4031,503978,California
Alameda,2021-03-22,15344,806883,10336,493821,3996,298954,1012,14108,6977,204392,8332,307565,7979,511957,California
Alameda,2021-03-23,19628,826511,11918,505739,6897,305851,813,14921,9958,205551,9615,317180,10774,522731,California
Alameda,2021-03-24,19536,846047,11816,517555,6692,312543,1028,15949,8465,204027,11004,328184,9480,532211,California
Alameda,2021-03-25,20815,866862,11596,529151,7807,320350,1412,17361,9502,203692,11234,339418,10899,543110,California
Alameda,2021-03-26,21215,888077,12792,541943,6852,327202,1571,18932,8560,201202,12602,352020,10112,553222,California
Alameda,2021-03-27,18503,906580,12632,554575,4915,332117,956,19888,7553,198813,10890,362910,8501,561723,California
Alameda,2021-03-28,10720,917300,8727,563302,1791,333908,202,20090,3478,195276,7221,370131,3684,565407,California
Alameda,2021-03-29,14940,932240,9525,572827,4416,338324,999,21089,5986,193347,8911,379042,6982,572389,California
Alameda,2021-03-30,18889,951129,9936,582763,7225,345549,1728,22817,9476,195164,9375,388417,11192,583581,California
Alameda,2021-03-31,19694,970823,10399,593162,7177,352726,2118,24935,9219,196042,10441,398858,11319,594900,California
Alameda,2021-04-01,23620,994443,10152,603314,7757,360483,5711,30646,11230,200588,12327,411185,16873,611773,California
Alameda,2021-04-02,24418,1018861,10034,613348,8481,368964,5903,36549,11861,205770,12515,423700,17697,629470,California
Alameda,2021-04-03,20517,1039378,9919,623267,5721,374685,4877,41426,10371,210860,10119,433819,15209,644679,California
Alameda,2021-04-04,10023,1049401,4012,627279,2300,376985,3711,45137,3468,211482,6533,440352,7155,651834,California
Alameda,2021-04-05,18034,1067435,7613,634892,5604,382589,4817,49954,7366,213011,10636,450988,12165,663999,California
Alameda,2021-04-06,22466,1089901,10820,645712,5768,388357,5878,55832,10227,216872,12198,463186,16059,680058,California
Alameda,2021-04-07,22812,1112713,11727,657439,5588,393945,5497,61329,11535,222652,11227,474413,17007,697065,California
Alameda,2021-04-08,25825,1138538,11673,669112,6110,400055,8042,69371,11059,227032,14682,489095,19062,716127,California
Alameda,2021-04-09,23702,1162240,10836,679948,7595,407650,5271,74642,12194,233011,11467,500562,17446,733573,California
Alameda,2021-04-10,19483,1181723,7518,687466,5722,413372,6243,80885,8279,236328,11173,511735,14490,748063,California
Alameda,2021-04-11,11110,1192833,4870,692336,2280,415652,3960,84845,4515,238203,6575,518310,8450,756513,California
Alameda,2021-04-12,18317,1211150,11881,704217,4437,420089,1999,86844,10297,242516,7976,526286,12289,768802,California
Alameda,2021-04-13,23305,1234455,14765,718982,8478,428567,62,86906,17097,253531,6151,532437,17166,785968,California
Alameda,2021-04-14,23408,1257863,15349,734331,8057,436624,2,86908,15661,261497,7702,540139,15668,801636,California
Alameda,2021-04-15,24509,1282372,15638,749969,8866,445490,5,86913,16150,269370,8291,548430,16164,817800,California
Alameda,2021-04-16,24900,1307272,14658,764627,10236,455726,6,86919,15885,276331,8945,557375,15906,833706,California
Alameda,2021-04-17,21215,1328487,14662,779289,6551,462277,2,86921,14650,284475,6522,563897,14666,848372,California
Alameda,2021-04-18,10449,1338936,8068,787357,2381,464658,0,86921,7218,288508,3194,567091,7227,855599,California
Alameda,2021-04-19,15997,1354933,9948,797305,6048,470706,1,86922,9243,291050,6711,573802,9253,864852,California
Alameda,2021-04-20,19015,1373948,11765,809070,7248,477954,2,86924,10338,292794,8616,582418,10360,875212,California
Alameda,2021-04-21,20448,1394396,12284,821354,8152,486106,12,86936,11802,296051,8578,590996,11835,887047,California
Alameda,2021-04-22,22138,1416534,14392,835746,7741,493847,5,86941,11734,297476,10340,601336,11765,898812,California
Alameda,2021-04-23,22501,1439035,14701,850447,7796,501643,4,86945,12494,300068,9935,611271,12527,911339,California
Alameda,2021-04-24,19072,1458107,14474,864921,4590,506233,8,86953,10071,301214,8949,620220,10095,921434,California
Alameda,2021-04-25,9025,1467132,7019,871940,2005,508238,1,86954,5906,304042,3090,623310,5918,927352,California
Alameda,2021-04-26,14880,1482012,10332,882272,4520,512758,28,86982,9101,307443,5739,629049,9140,936492,California
Alameda,2021-04-27,16740,1498752,9971,892243,6400,519158,369,87351,7847,306847,8836,637885,8240,944732,California
Alameda,2021-04-28,17085,1515837,10901,903144,5718,524876,466,87817,6907,304099,10138,648023,7390,952122,California
Alameda,2021-04-29,17723,1533560,10745,913889,6648,531524,330,88147,6601,299999,11055,659078,6955,959077,California
Alameda,2021-04-30,20572,1554132,12945,926834,7281,538805,346,88493,8474,296860,12005,671083,8866,967943,California
Alameda,2021-05-01,14104,1568236,9432,936266,4461,543266,211,88704,5266,293572,8794,679877,5506,973449,California
Alameda,2021-05-02,7110,1575346,4963,941229,1976,545242,171,88875,2899,292452,4193,684070,3073,976522,California
Alameda,2021-05-03,14633,1589979,11002,952231,3309,548551,322,89197,2859,283958,11708,695778,3214,979736,California
Alameda,2021-05-04,18881,1608860,13646,965877,4871,553422,364,89561,3808,273170,14996,710774,4208,983944,California
Alameda,2021-05-05,18793,1627653,13735,979612,4549,557971,509,90070,3834,262639,14892,725666,4361,988305,California
Alameda,2021-05-06,19295,1646948,14684,994296,3916,561887,695,90765,3783,251702,15429,741095,4492,992797,California
Alameda,2021-05-07,19500,1666448,13166,1007462,5914,567801,420,91185,4469,241652,14956,756051,4906,997703,California
Alameda,2021-05-08,17089,1683537,11861,1019323,5015,572816,213,91398,3266,231364,13783,769834,3495,1001198,California
Alameda,2021-05-09,8586,1692123,7031,1026354,1412,574228,143,91541,1329,225605,7235,777069,1476,1002674,California
Alameda,2021-05-10,10436,1702559,7202,1033556,2907,577135,327,91868,2506,220557,7891,784960,2843,1005517,California
Alameda,2021-05-11,15729,1718288,8625,1042181,6788,583923,316,92184,2808,210848,12871,797831,3162,1008679,California
Alameda,2021-05-12,13537,1731825,9031,1051212,4059,587982,447,92631,2716,203272,10774,808605,3198,1011877,California
Alameda,2021-05-13,18088,1749913,13011,1064223,4535,592517,542,93173,5732,197284,12302,820907,6314,1018191,California
Alameda,2021-05-14,20834,1770747,14160,1078383,6208,598725,466,93639,7068,191148,13684,834591,7548,1025739,California
Alameda,2021-05-15,17339,1788086,12662,1091045,4445,603170,232,93871,5932,185960,11357,845948,6169,1031908,California
Alameda,2021-05-16,8897,1796983,7650,1098695,1141,604311,106,93977,3140,183489,5722,851670,3251,1035159,California
Alameda,2021-05-17,13568,1810551,10118,1108813,2918,607229,532,94509,4200,178907,9327,860997,4745,1039904,California
Alameda,2021-05-18,14287,1824838,10392,1119205,3469,610698,426,94935,4986,175064,9256,870253,5413,1045317,California
Alameda,2021-05-19,14544,1839382,9978,1129183,4228,614926,338,95273,5882,172675,8611,878864,6222,1051539,California
Alameda,2021-05-20,13442,1852824,8886,1138069,4020,618946,536,95809,5748,171322,7637,886501,6284,1057823,California
Alameda,2021-05-21,15296,1868120,10058,1148127,4967,623913,271,96080,5070,166513,10155,896656,5346,1063169,California
Alameda,2021-05-22,10379,1878499,7499,1155626,2712,626625,168,96248,4199,164735,6148,902804,4370,1067539,California
Alameda,2021-05-23,5143,1883642,3964,1159590,1090,627715,89,96337,1679,163062,3442,906246,1769,1069308,California
Alameda,2021-05-24,7276,1890918,4243,1163833,2773,630488,260,96597,2827,161746,4408,910654,3092,1072400,California
Alameda,2021-05-25,8038,1898956,5197,1169030,2579,633067,262,96859,3521,161044,4481,915135,3779,1076179,California
Alameda,2021-05-26,8299,1907255,5187,1174217,2811,635878,301,97160,3578,160224,4694,919829,3874,1080053,California
Alameda,2021-05-27,8167,1915422,4880,1179097,2884,638762,403,97563,3340,159178,4784,924613,3738,1083791,California
Alameda,2021-05-28,8640,1924062,5060,1184157,3352,642114,228,97791,3602,158004,5006,929619,3832,1087623,California
Alameda,2021-05-29,4959,1929021,3000,1187157,1772,643886,187,97978,2447,158151,2489,932108,2636,1090259,California
Alameda,2021-05-30,2466,1931487,1617,1188774,760,644646,89,98067,972,157728,1484,933592,1061,1091320,California
Alameda,2021-05-31,1165,1932652,863,1189637,247,644893,55,98122,347,157329,801,934393,402,1091722,California
Alameda,2021-06-01,7191,1939843,4985,1194622,1893,646786,313,98435,2957,156391,4206,938599,3268,1094990,California
Alameda,2021-06-02,5830,1945673,3626,1198248,1980,648766,224,98659,2183,155178,3612,942211,2399,1097389,California
Alameda,2021-06-03,8509,1954182,6414,1204662,1794,650560,301,98960,2770,152545,5699,947910,3066,1100455,California
Alameda,2021-06-04,10479,1964661,7724,1212386,2513,653073,242,99202,2830,148006,7611,955521,3072,1103527,California
Alameda,2021-06-05,8105,1972766,5895,1218281,2049,655122,161,99363,1792,143677,6279,961800,1950,1105477,California
Alameda,2021-06-06,3693,1976459,3334,1221615,278,655400,81,99444,868,141811,2815,964615,949,1106426,California
Alameda,2021-06-07,5876,1982335,4288,1225903,1411,656811,177,99621,1725,139587,4126,968741,1902,1108328,California
Alameda,2021-06-08,7275,1989610,5816,1231719,1216,658027,243,99864,2100,136779,5148,973889,2340,1110668,California
Alameda,2021-06-09,7306,1996916,5972,1237691,1138,659165,196,100060,1674,133038,5605,979494,1864,1112532,California
Alameda,2021-06-10,8016,2004932,6707,1244398,1005,660170,304,100364,2134,129615,5858,985352,2435,1114967,California
Alameda,2021-06-11,8070,2013002,6186,1250584,1659,661829,225,100589,2462,126725,5580,990932,2690,1117657,California
Alameda,2021-06-12,5512,2018514,4226,1254810,1099,662928,187,100776,1370,124169,4117,995049,1561,1119218,California
Alameda,2021-06-13,2311,2020825,1764,1256574,425,663353,122,100898,661,123311,1639,996688,781,1119999,California
Alameda,2021-06-14,4587,2025412,3448,1260022,927,664280,212,101110,1547,122050,3018,999706,1757,1121756,California
Alameda,2021-06-15,6022,2031434,4375,1264397,1365,665645,282,101392,1791,119929,4193,1003899,2072,1123828,California
Alameda,2021-06-16,5195,2036629,4149,1268546,842,666487,204,101596,1533,118019,3644,1007543,1734,1125562,California
Alameda,2021-06-17,5640,2042269,4554,1273100,851,667338,235,101831,1873,116395,3734,1011277,2110,1127672,California
Alameda,2021-06-18,5948,2048217,4486,1277586,1208,668546,254,102085,1987,114698,3934,1015211,2237,1129909,California
Alameda,2021-06-19,3459,2051676,2619,1280205,681,669227,159,102244,1055,113520,2391,1017602,1213,1131122,California
Alameda,2021-06-20,1402,2053078,1170,1281375,186,669413,46,102290,522,113212,874,1018476,566,1131688,California
Alameda,2021-06-21,2715,2055793,1846,1283221,708,670121,161,102451,1387,113449,1311,1019787,1548,1133236,California
Alameda,2021-06-22,4578,2060371,3546,1286767,838,670959,194,102645,1405,111889,3157,1022944,1597,1134833,California
Alameda,2021-06-23,3500,2063871,2690,1289457,624,671583,186,102831,1178,110942,2307,1025251,1360,1136193,California
Alameda,2021-06-24,4403,2068274,3514,1292971,652,672235,237,103068,1510,109816,2871,1028122,1745,1137938,California
Alameda,2021-06-25,4640,2072914,3474,1296445,957,673192,209,103277,1716,108834,2907,1031029,1925,1139863,California
Alameda,2021-06-26,3074,2075988,2260,1298705,649,673841,165,103442,1066,108075,1989,1033018,1230,1141093,California
Alameda,2021-06-27,1300,2077288,1067,1299772,186,674027,47,103489,511,107851,782,1033800,558,1141651,California
Alameda,2021-06-28,2913,2080201,2367,1302139,349,674376,197,103686,1138,107433,1752,1035552,1334,1142985,California
Alameda,2021-06-29,3690,2083891,2954,1305093,597,674973,139,103825,1286,106469,2388,1037940,1424,1144409,California
Alameda,2021-06-30,2866,2086757,2234,1307327,499,675472,133,103958,1066,105877,1789,1039729,1197,1145606,California
Alameda,2021-07-01,3476,2090233,2735,1310062,591,676063,150,104108,1244,105058,2210,1041939,1391,1146997,California
Alameda,2021-07-02,3987,2094220,2991,1313053,826,676889,170,104278,1453,104166,2508,1044447,1616,1148613,California
Alameda,2021-07-03,2043,2096263,1491,1314544,463,677352,89,104367,801,103826,1229,1045676,889,1149502,California
Alameda,2021-07-04,96,2096359,61,1314605,30,677382,5,104372,41,103818,54,1045730,46,1149548,California
Alameda,2021-07-05,1615,2097974,1342,1315947,215,677597,58,104430,718,103705,887,1046617,774,1150322,California
Alameda,2021-07-06,3607,2101581,2903,1318850,597,678194,107,104537,1214,102655,2371,1048988,1321,1151643,California
Alameda,2021-07-07,2760,2104341,2010,1320860,574,678768,176,104713,980,102053,1757,1050745,1155,1152798,California
Alameda,2021-07-08,2795,2107136,2217,1323077,432,679200,146,104859,1020,101467,1748,1052493,1162,1153960,California
Alameda,2021-07-09,3488,2110624,2750,1325827,605,679805,133,104992,1376,100893,2084,1054577,1510,1155470,California
Alameda,2021-07-10,2002,2112626,1424,1327251,461,680266,117,105109,763,100553,1221,1055798,881,1156351,California
Alameda,2021-07-11,726,2113352,520,1327771,149,680415,57,105166,263,100415,457,1056255,319,1156670,California
Alpine,2020-12-18,2,2,2,2,0,0,0,0,2,2,0,0,2,2,California
Alpine,2020-12-19,2,4,2,4,0,0,0,0,2,4,0,0,2,4,California
Alpine,2020-12-21,2,6,2,6,0,0,0,0,2,6,0,0,2,6,California
Alpine,2020-12-29,1,7,0,6,1,1,0,0,1,7,0,0,1,7,California
Alpine,2020-12-30,14,21,0,6,14,15,0,0,14,21,0,0,14,21,California
Alpine,2020-12-31,1,22,0,6,1,16,0,0,1,22,0,0,1,22,California
Alpine,2021-01-01,1,23,0,6,1,17,0,0,1,23,0,0,1,23,California
Alpine,2021-01-02,1,24,1,7,0,17,0,0,1,24,0,0,1,24,California
Alpine,2021-01-04,10,34,0,7,10,27,0,0,10,34,0,0,10,34,California
Alpine,2021-01-05,9,43,1,8,8,35,0,0,9,43,0,0,9,43,California
Alpine,2021-01-06,31,74,0,8,31,66,0,0,31,74,0,0,31,74,California
Alpine,2021-01-07,8,82,0,8,8,74,0,0,8,82,0,0,8,82,California
Alpine,2021-01-08,4,86,2,10,2,76,0,0,2,82,2,2,2,84,California
Alpine,2021-01-09,2,88,2,12,0,76,0,0,0,80,2,4,0,84,California
Alpine,2021-01-11,32,120,1,13,31,107,0,0,31,110,1,5,31,115,California
Alpine,2021-01-13,35,155,0,13,35,142,0,0,35,145,0,5,35,150,California
Alpine,2021-01-14,1,156,0,13,1,143,0,0,1,146,0,5,1,151,California
Alpine,2021-01-15,1,157,0,13,1,144,0,0,1,147,0,5,1,152,California
Alpine,2021-01-18,1,158,1,14,0,144,0,0,1,148,0,5,1,153,California
Alpine,2021-01-20,21,179,0,14,21,165,0,0,21,169,0,5,21,174,California
Alpine,2021-01-21,1,180,0,14,1,166,0,0,1,170,0,5,1,175,California
Alpine,2021-01-22,33,213,0,14,33,199,0,0,33,203,0,5,33,208,California
Alpine,2021-01-23,1,214,1,15,0,199,0,0,0,202,1,6,0,208,California
Alpine,2021-01-25,16,230,0,15,16,215,0,0,16,218,0,6,16,224,California
Alpine,2021-01-26,1,231,0,15,1,216,0,0,0,217,1,7,0,224,California
Alpine,2021-01-27,1,232,1,16,0,216,0,0,0,216,1,8,0,224,California
Alpine,2021-01-28,1,233,0,16,1,217,0,0,0,215,1,9,0,224,California
Alpine,2021-01-29,1,234,0,16,1,218,0,0,1,216,0,9,1,225,California
Alpine,2021-02-01,25,259,0,16,25,243,0,0,7,205,18,27,7,232,California
Alpine,2021-02-03,34,293,0,16,34,277,0,0,10,191,24,51,10,242,California
Alpine,2021-02-04,8,301,0,16,8,285,0,0,3,189,5,56,3,245,California
Alpine,2021-02-05,32,333,1,17,31,316,0,0,12,181,20,76,12,257,California
Alpine,2021-02-07,1,334,1,18,0,316,0,0,1,182,0,76,1,258,California
Alpine,2021-02-08,32,366,0,18,32,348,0,0,4,158,28,104,4,262,California
Alpine,2021-02-10,34,400,0,18,34,382,0,0,0,124,34,138,0,262,California
Alpine,2021-02-11,6,406,0,18,6,388,0,0,3,124,3,141,3,265,California
Alpine,2021-02-12,1,407,0,18,1,389,0,0,0,123,1,142,0,265,California
Alpine,2021-02-17,23,430,0,18,23,412,0,0,3,106,20,162,3,268,California
Alpine,2021-02-18,2,432,0,18,2,414,0,0,1,106,1,163,1,269,California
Alpine,2021-02-19,34,466,1,19,33,447,0,0,2,76,32,195,2,271,California
Alpine,2021-02-22,27,493,0,19,27,474,0,0,8,65,19,214,8,279,California
Alpine,2021-02-24,1,494,1,20,0,474,0,0,1,66,0,214,1,280,California
Alpine,2021-02-25,7,501,2,22,5,479,0,0,7,73,0,214,7,287,California
Alpine,2021-02-26,30,531,1,23,29,508,0,0,29,101,1,215,29,316,California
Alpine,2021-02-27,1,532,0,23,1,509,0,0,1,102,0,215,1,317,California
Alpine,2021-03-01,36,568,0,23,36,545,0,0,26,118,10,225,26,343,California
Alpine,2021-03-03,30,598,1,24,29,574,0,0,18,124,12,237,18,361,California
Alpine,2021-03-04,10,608,0,24,10,584,0,0,10,134,0,237,10,371,California
Alpine,2021-03-05,30,638,0,24,30,614,0,0,22,148,8,245,22,393,California
Alpine,2021-03-08,31,669,0,24,31,645,0,0,29,175,2,247,29,422,California
Alpine,2021-03-10,73,742,0,24,73,718,0,0,73,248,0,247,73,495,California
Alpine,2021-03-11,35,777,0,24,35,753,0,0,31,275,4,251,31,526,California
Alpine,2021-03-12,19,796,0,24,19,772,0,0,17,290,2,253,17,543,California
Alpine,2021-03-15,21,817,1,25,20,792,0,0,20,309,1,254,20,563,California
Alpine,2021-03-17,23,840,0,25,22,814,1,1,19,325,4,258,20,583,California
Alpine,2021-03-18,38,878,3,28,35,849,0,1,34,355,4,262,34,617,California
Alpine,2021-03-19,2,880,1,29,1,850,0,1,1,355,1,263,1,618,California
Alpine,2021-03-22,24,904,0,29,24,874,0,1,15,361,9,272,15,633,California
Alpine,2021-03-24,19,923,0,29,19,893,0,1,8,358,11,283,8,641,California
Alpine,2021-03-25,34,957,0,29,33,926,1,2,27,380,6,289,28,669,California
Alpine,2021-03-27,1,958,0,29,1,927,0,2,0,379,1,290,0,669,California
Alpine,2021-03-28,1,959,1,30,0,927,0,2,1,380,0,290,1,670,California
Alpine,2021-03-29,19,978,0,30,18,945,1,3,2,366,17,307,3,673,California
Alpine,2021-04-01,18,996,0,30,18,963,0,3,8,364,10,317,8,681,California
Alpine,2021-04-02,101,1097,1,31,100,1063,0,3,46,356,54,371,46,727,California
Alpine,2021-04-05,4,1101,1,32,3,1066,0,3,0,352,4,375,0,727,California
Alpine,2021-04-06,3,1104,2,34,1,1067,0,3,2,353,1,376,2,729,California
Alpine,2021-04-07,117,1221,0,34,116,1183,1,4,30,298,86,462,31,760,California
Alpine,2021-04-08,37,1258,0,34,35,1218,2,6,10,283,27,489,12,772,California
Alpine,2021-04-09,2,1260,0,34,2,1220,0,6,2,285,0,489,2,774,California
Alpine,2021-04-14,47,1307,0,34,47,1267,0,6,10,258,37,526,10,784,California
Alpine,2021-04-15,35,1342,0,34,35,1302,0,6,3,229,32,558,3,787,California
Alpine,2021-04-16,1,1343,0,34,1,1303,0,6,1,230,0,558,1,788,California
Alpine,2021-04-19,1,1344,0,34,1,1304,0,6,1,231,0,558,1,789,California
Alpine,2021-04-21,31,1375,0,34,31,1335,0,6,15,230,16,574,15,804,California
Alpine,2021-04-22,24,1399,0,34,24,1359,0,6,1,208,23,597,1,805,California
Alpine,2021-04-24,2,1401,2,36,0,1359,0,6,0,207,2,599,1,806,California
Alpine,2021-04-25,1,1402,1,37,0,1359,0,6,0,206,1,600,0,806,California
Alpine,2021-04-27,2,1404,1,38,1,1360,0,6,1,206,1,601,1,807,California
Alpine,2021-04-28,36,1440,0,38,36,1396,0,6,6,182,30,631,6,813,California
Alpine,2021-04-29,7,1447,1,39,6,1402,0,6,1,177,6,637,1,814,California
Alpine,2021-04-30,2,1449,1,40,0,1402,1,7,1,178,1,638,2,816,California
Alpine,2021-05-02,1,1450,0,40,0,1402,1,8,0,178,1,639,1,817,California
Alpine,2021-05-05,17,1467,0,40,17,1419,0,8,4,169,13,652,4,821,California
Alpine,2021-05-06,8,1475,0,40,8,1427,0,8,0,161,8,660,0,821,California
Alpine,2021-05-07,1,1476,0,40,1,1428,0,8,0,160,1,661,0,821,California
Alpine,2021-05-10,1,1477,0,40,1,1429,0,8,1,161,0,661,1,822,California
Alpine,2021-05-12,1,1478,0,40,0,1429,1,9,0,161,1,662,1,823,California
Alpine,2021-05-13,3,1481,0,40,3,1432,0,9,0,158,3,665,0,823,California
Alpine,2021-05-17,2,1483,0,40,2,1434,0,9,1,158,1,666,1,824,California
Alpine,2021-05-18,1,1484,0,40,1,1435,0,9,1,159,0,666,1,825,California
Alpine,2021-05-19,15,1499,0,40,15,1450,0,9,0,144,15,681,0,825,California
Alpine,2021-05-20,1,1500,1,41,0,1450,0,9,0,143,1,682,0,825,California
Alpine,2021-05-21,1,1501,1,42,0,1450,0,9,0,142,1,683,0,825,California
Alpine,2021-05-25,2,1503,0,42,2,1452,0,9,0,140,2,685,0,825,California
Alpine,2021-05-27,3,1506,2,44,1,1453,0,9,3,143,0,685,3,828,California
Alpine,2021-05-28,2,1508,1,45,1,1454,0,9,2,145,0,685,2,830,California
Alpine,2021-05-29,1,1509,0,45,1,1455,0,9,1,146,0,685,1,831,California
Alpine,2021-06-02,8,1517,0,45,8,1463,0,9,1,140,7,692,1,832,California
Alpine,2021-06-04,1,1518,0,45,1,1464,0,9,1,141,0,692,1,833,California
Alpine,2021-06-07,1,1519,0,45,1,1465,0,9,0,140,1,693,0,833,California
Alpine,2021-06-10,1,1520,1,46,0,1465,0,9,1,141,0,693,1,834,California
Alpine,2021-06-15,2,1522,1,47,1,1466,0,9,0,139,2,695,0,834,California
Alpine,2021-06-18,1,1523,1,48,0,1466,0,9,0,138,1,696,0,834,California
Alpine,2021-06-19,1,1524,1,49,0,1466,0,9,0,137,1,697,0,834,California
Alpine,2021-06-25,1,1525,0,49,1,1467,0,9,0,136,1,698,0,834,California
Alpine,2021-06-29,1,1526,0,49,1,1468,0,9,1,137,0,698,1,835,California
Alpine,2021-06-30,1,1527,0,49,1,1469,0,9,0,136,1,699,0,835,California
Alpine,2021-07-01,1,1528,1,50,0,1469,0,9,0,135,1,700,0,835,California
Alpine,2021-07-06,1,1529,0,50,1,1470,0,9,1,136,0,700,1,836,California
Alpine,2021-07-07,2,1531,0,50,2,1472,0,9,2,138,0,700,2,838,California
Amador,2020-12-16,3,3,3,3,0,0,0,0,3,3,0,0,3,3,California
Amador,2020-12-17,5,8,5,8,0,0,0,0,5,8,0,0,5,8,California
Amador,2020-12-18,48,56,48,56,0,0,0,0,48,56,0,0,48,56,California
Amador,2020-12-19,16,72,16,72,0,0,0,0,16,72,0,0,16,72,California
Amador,2020-12-20,4,76,4,76,0,0,0,0,4,76,0,0,4,76,California
Amador,2020-12-21,31,107,31,107,0,0,0,0,31,107,0,0,31,107,California
Amador,2020-12-22,35,142,34,141,1,1,0,0,35,142,0,0,35,142,California
Amador,2020-12-23,41,183,39,180,2,3,0,0,41,183,0,0,41,183,California
Amador,2020-12-24,5,188,3,183,2,5,0,0,5,188,0,0,5,188,California
Amador,2020-12-26,5,193,4,187,1,6,0,0,5,193,0,0,5,193,California
Amador,2020-12-27,1,194,0,187,1,7,0,0,1,194,0,0,1,194,California
Amador,2020-12-28,30,224,26,213,4,11,0,0,30,224,0,0,30,224,California
Amador,2020-12-29,25,249,18,231,7,18,0,0,25,249,0,0,25,249,California
Amador,2020-12-30,123,372,77,308,46,64,0,0,123,372,0,0,123,372,California
Amador,2020-12-31,195,567,170,478,25,89,0,0,195,567,0,0,195,567,California
Amador,2021-01-01,2,569,0,478,2,91,0,0,2,569,0,0,2,569,California
Amador,2021-01-02,58,627,58,536,0,91,0,0,58,627,0,0,58,627,California
Amador,2021-01-03,67,694,18,554,49,140,0,0,67,694,0,0,67,694,California
Amador,2021-01-04,125,819,2,556,123,263,0,0,125,819,0,0,125,819,California
Amador,2021-01-05,33,852,3,559,30,293,0,0,32,850,1,1,32,851,California
Amador,2021-01-06,40,892,11,570,29,322,0,0,36,882,4,5,36,887,California
Amador,2021-01-07,235,1127,72,642,163,485,0,0,223,1093,12,17,223,1110,California
Amador,2021-01-08,88,1215,72,714,16,501,0,0,43,1092,45,62,44,1154,California
Amador,2021-01-09,12,1227,12,726,0,501,0,0,2,1085,10,72,3,1157,California
Amador,2021-01-10,6,1233,4,730,2,503,0,0,2,1083,4,76,2,1159,California
Amador,2021-01-11,126,1359,44,774,82,585,0,0,89,1136,37,113,90,1249,California
Amador,2021-01-12,71,1430,55,829,16,601,0,0,41,1147,30,143,41,1290,California
Amador,2021-01-13,42,1472,24,853,18,619,0,0,29,1164,12,155,29,1319,California
Amador,2021-01-14,151,1623,22,875,129,748,0,0,141,1296,10,165,142,1461,California
Amador,2021-01-15,62,1685,26,901,36,784,0,0,53,1340,9,174,53,1514,California
Amador,2021-01-16,20,1705,13,914,7,791,0,0,14,1349,6,180,15,1529,California
Amador,2021-01-17,25,1730,5,919,20,811,0,0,25,1374,0,180,25,1554,California
Amador,2021-01-18,31,1761,27,946,4,815,0,0,10,1363,21,201,10,1564,California
Amador,2021-01-19,127,1888,101,1047,26,841,0,0,81,1399,45,246,81,1645,California
Amador,2021-01-20,183,2071,32,1079,151,992,0,0,169,1555,13,259,169,1814,California
Amador,2021-01-21,263,2334,230,1309,33,1025,0,0,151,1595,112,371,152,1966,California
Amador,2021-01-22,142,2476,74,1383,68,1093,0,0,135,1723,7,378,135,2101,California
Amador,2021-01-23,60,2536,33,1416,27,1120,0,0,57,1777,3,381,57,2158,California
Amador,2021-01-24,28,2564,12,1428,16,1136,0,0,24,1797,4,385,24,2182,California
Amador,2021-01-25,60,2624,29,1457,31,1167,0,0,42,1821,18,403,42,2224,California
Amador,2021-01-26,247,2871,18,1475,229,1396,0,0,237,2048,10,413,237,2461,California
Amador,2021-01-27,307,3178,35,1510,272,1668,0,0,259,2263,45,458,260,2721,California
Amador,2021-01-28,374,3552,99,1609,275,1943,0,0,290,2470,84,542,291,3012,California
Amador,2021-01-29,107,3659,33,1642,74,2017,0,0,92,2547,15,557,92,3104,California
Amador,2021-01-30,198,3857,37,1679,161,2178,0,0,193,2735,5,562,193,3297,California
Amador,2021-01-31,34,3891,29,1708,5,2183,0,0,33,2767,1,563,33,3330,California
Amador,2021-02-01,67,3958,23,1731,44,2227,0,0,39,2778,28,591,39,3369,California
Amador,2021-02-02,217,4175,67,1798,150,2377,0,0,130,2823,85,676,130,3499,California
Amador,2021-02-03,144,4319,41,1839,103,2480,0,0,91,2862,52,728,91,3590,California
Amador,2021-02-04,255,4574,77,1916,178,2658,0,0,166,2942,88,816,168,3758,California
Amador,2021-02-05,339,4913,63,1979,276,2934,0,0,320,3244,18,834,320,4078,California
Amador,2021-02-06,125,5038,81,2060,44,2978,0,0,120,3359,5,839,120,4198,California
Amador,2021-02-07,38,5076,34,2094,4,2982,0,0,34,3390,4,843,35,4233,California
Amador,2021-02-08,92,5168,63,2157,29,3011,0,0,73,3444,19,862,73,4306,California
Amador,2021-02-09,178,5346,82,2239,96,3107,0,0,110,3486,68,930,110,4416,California
Amador,2021-02-10,986,6332,82,2321,904,4011,0,0,950,4401,35,965,950,5366,California
Amador,2021-02-11,314,6646,121,2442,193,4204,0,0,200,4490,112,1077,201,5567,California
Amador,2021-02-12,338,6984,121,2563,217,4421,0,0,263,4678,75,1152,263,5830,California
Amador,2021-02-13,182,7166,84,2647,98,4519,0,0,155,4806,27,1179,155,5985,California
Amador,2021-02-14,122,7288,54,2701,68,4587,0,0,105,4894,17,1196,105,6090,California
Amador,2021-02-15,190,7478,62,2763,128,4715,0,0,173,5051,16,1212,173,6263,California
Amador,2021-02-16,467,7945,53,2816,414,5129,0,0,426,5437,41,1253,427,6690,California
Amador,2021-02-17,266,8211,84,2900,182,5311,0,0,166,5503,100,1353,166,6856,California
Amador,2021-02-18,400,8611,101,3001,299,5610,0,0,333,5769,67,1420,333,7189,California
Amador,2021-02-19,204,8815,78,3079,126,5736,0,0,116,5797,88,1508,116,7305,California
Amador,2021-02-20,103,8918,34,3113,69,5805,0,0,67,5828,36,1544,67,7372,California
Amador,2021-02-21,55,8973,37,3150,18,5823,0,0,19,5813,34,1578,19,7391,California
Amador,2021-02-22,67,9040,26,3176,41,5864,0,0,32,5811,34,1612,32,7423,California
Amador,2021-02-23,324,9364,56,3232,268,6132,0,0,139,5766,185,1797,140,7563,California
Amador,2021-02-24,402,9766,63,3295,339,6471,0,0,264,5896,134,1931,264,7827,California
Amador,2021-02-25,534,10300,124,3419,410,6881,0,0,280,5924,252,2183,280,8107,California
Amador,2021-02-26,646,10946,83,3502,563,7444,0,0,519,6317,126,2309,519,8626,California
Amador,2021-02-27,301,11247,95,3597,206,7650,0,0,99,6217,201,2510,101,8727,California
Amador,2021-02-28,126,11373,57,3654,69,7719,0,0,62,6217,64,2574,64,8791,California
Amador,2021-03-01,202,11575,70,3724,132,7851,0,0,129,6274,73,2647,130,8921,California
Amador,2021-03-02,383,11958,64,3788,319,8170,0,0,333,6558,50,2697,334,9255,California
Amador,2021-03-03,246,12204,80,3868,166,8336,0,0,169,6652,76,2773,170,9425,California
Amador,2021-03-04,502,12706,118,3986,384,8720,0,0,396,6944,105,2878,397,9822,California
Amador,2021-03-05,518,13224,76,4062,442,9162,0,0,294,7019,222,3100,297,10119,California
Amador,2021-03-06,103,13327,50,4112,52,9214,1,1,57,7031,46,3146,58,10177,California
Amador,2021-03-07,92,13419,44,4156,48,9262,0,1,24,6987,68,3214,24,10201,California
Amador,2021-03-08,156,13575,73,4229,82,9344,1,2,92,7016,64,3278,93,10294,California
Amador,2021-03-09,378,13953,53,4282,325,9669,0,2,293,7228,81,3359,293,10587,California
Amador,2021-03-10,522,14475,78,4360,442,10111,2,4,112,6934,410,3769,116,10703,California
Amador,2021-03-11,485,14960,125,4485,350,10461,10,14,304,7071,180,3949,317,11020,California
Amador,2021-03-12,588,15548,71,4556,511,10972,6,20,343,7181,244,4193,354,11374,California
Amador,2021-03-13,120,15668,18,4574,95,11067,7,27,76,7225,44,4237,88,11462,California
Amador,2021-03-14,99,15767,18,4592,78,11145,3,30,20,7169,79,4316,23,11485,California
Amador,2021-03-15,183,15950,27,4619,149,11294,7,37,55,7104,128,4444,63,11548,California
Amador,2021-03-16,453,16403,53,4672,391,11685,9,46,139,6941,312,4756,149,11697,California
Amador,2021-03-17,386,16789,46,4718,337,12022,3,49,262,7084,122,4878,265,11962,California
Amador,2021-03-18,517,17306,101,4819,412,12434,4,53,259,7095,256,5134,267,12229,California
Amador,2021-03-19,548,17854,59,4878,474,12908,15,68,387,7342,159,5293,406,12635,California
Amador,2021-03-20,113,17967,46,4924,66,12974,1,69,48,7329,64,5357,51,12686,California
Amador,2021-03-21,52,18019,36,4960,15,12989,1,70,27,7335,24,5381,30,12716,California
Amador,2021-03-22,115,18134,34,4994,53,13042,28,98,50,7348,65,5446,78,12794,California
Amador,2021-03-23,436,18570,47,5041,382,13424,7,105,275,7471,160,5606,283,13077,California
Amador,2021-03-24,342,18912,35,5076,55,13479,252,357,35,7452,306,5912,287,13364,California
Amador,2021-03-25,616,19528,87,5163,522,14001,7,364,399,7642,216,6128,406,13770,California
Amador,2021-03-26,751,20279,45,5208,700,14701,6,370,280,7463,468,6596,289,14059,California
Amador,2021-03-27,94,20373,15,5223,77,14778,2,372,31,7435,63,6659,35,14094,California
Amador,2021-03-28,71,20444,17,5240,52,14830,2,374,13,7394,57,6716,16,14110,California
Amador,2021-03-29,185,20629,31,5271,153,14983,1,375,79,7376,103,6819,85,14195,California
Amador,2021-03-30,537,21166,29,5300,507,15490,1,376,292,7425,244,7063,293,14488,California
Amador,2021-03-31,201,21367,57,5357,139,15629,5,381,43,7317,156,7219,48,14536,California
Amador,2021-04-01,624,21991,93,5450,531,16160,0,381,268,7234,353,7572,270,14806,California
Amador,2021-04-02,617,22608,39,5489,565,16725,13,394,385,7403,231,7803,400,15206,California
Amador,2021-04-03,87,22695,25,5514,42,16767,20,414,22,7383,65,7868,45,15251,California
Amador,2021-04-04,39,22734,3,5517,30,16797,6,420,15,7380,24,7892,21,15272,California
Amador,2021-04-05,147,22881,53,5570,77,16874,17,437,49,7351,97,7989,68,15340,California
Amador,2021-04-06,504,23385,37,5607,449,17323,18,455,224,7315,278,8267,242,15582,California
Amador,2021-04-07,100,23485,34,5641,47,17370,19,474,44,7325,53,8320,63,15645,California
Amador,2021-04-08,500,23985,84,5725,394,17764,22,496,221,7291,277,8597,243,15888,California
Amador,2021-04-09,488,24473,22,5747,446,18210,20,516,212,7245,275,8872,229,16117,California
Amador,2021-04-10,52,24525,14,5761,29,18239,9,525,23,7248,29,8901,32,16149,California
Amador,2021-04-11,51,24576,25,5786,22,18261,4,529,23,7248,27,8928,27,16176,California
Amador,2021-04-12,99,24675,26,5812,63,18324,10,539,43,7245,56,8984,53,16229,California
Amador,2021-04-13,346,25021,49,5861,297,18621,0,539,66,7035,277,9261,67,16296,California
Amador,2021-04-14,280,25301,26,5887,254,18875,0,539,56,6871,221,9482,57,16353,California
Amador,2021-04-15,343,25644,78,5965,265,19140,0,539,73,6685,259,9741,73,16426,California
Amador,2021-04-16,490,26134,30,5995,460,19600,0,539,381,6958,108,9849,381,16807,California
Amador,2021-04-17,66,26200,34,6029,32,19632,0,539,30,6952,36,9885,30,16837,California
Amador,2021-04-18,33,26233,11,6040,22,19654,0,539,12,6944,20,9905,12,16849,California
Amador,2021-04-19,71,26304,29,6069,42,19696,0,539,30,6937,39,9944,32,16881,California
Amador,2021-04-20,442,26746,59,6128,383,20079,0,539,111,6726,324,10268,113,16994,California
Amador,2021-04-21,88,26834,34,6162,53,20132,1,540,44,6729,42,10310,45,17039,California
Amador,2021-04-22,521,27355,79,6241,441,20573,1,541,101,6429,402,10712,102,17141,California
Amador,2021-04-23,368,27723,47,6288,321,20894,0,541,289,6646,74,10786,291,17432,California
Amador,2021-04-24,52,27775,25,6313,27,20921,0,541,31,6657,20,10806,31,17463,California
Amador,2021-04-25,45,27820,19,6332,26,20947,0,541,29,6670,16,10822,29,17492,California
Amador,2021-04-26,96,27916,29,6361,66,21013,1,542,43,6664,52,10874,46,17538,California
Amador,2021-04-27,502,28418,45,6406,456,21469,1,543,91,6350,407,11281,93,17631,California
Amador,2021-04-28,71,28489,31,6437,37,21506,3,546,42,6366,29,11310,45,17676,California
Amador,2021-04-29,230,28719,73,6510,48,21554,109,655,68,6380,162,11472,176,17852,California
Amador,2021-04-30,347,29066,28,6538,315,21869,4,659,88,6214,259,11731,93,17945,California
Amador,2021-05-01,47,29113,15,6553,27,21896,5,664,26,6226,19,11750,31,17976,California
Amador,2021-05-02,28,29141,14,6567,11,21907,3,667,11,6224,17,11767,15,17991,California
Amador,2021-05-03,69,29210,35,6602,24,21931,10,677,28,6221,41,11808,38,18029,California
Amador,2021-05-04,467,29677,29,6631,431,22362,7,684,67,5895,400,12208,74,18103,California
Amador,2021-05-05,208,29885,154,6785,46,22408,8,692,163,6023,42,12250,170,18273,California
Amador,2021-05-06,110,29995,56,6841,49,22457,5,697,63,6046,45,12295,68,18341,California
Amador,2021-05-07,130,30125,30,6871,93,22550,7,704,67,6057,63,12358,74,18415,California
Amador,2021-05-08,43,30168,8,6879,32,22582,3,707,21,6059,22,12380,24,18439,California
Amador,2021-05-09,17,30185,1,6880,10,22592,6,713,4,6056,13,12393,10,18449,California
Amador,2021-05-10,60,30245,14,6894,43,22635,3,716,24,6047,36,12429,27,18476,California
Amador,2021-05-11,103,30348,34,6928,43,22678,26,742,45,6060,58,12487,71,18547,California
Amador,2021-05-12,72,30420,25,6953,44,22722,3,745,35,6061,37,12524,38,18585,California
Amador,2021-05-13,80,30500,40,6993,34,22756,6,751,38,6064,41,12565,44,18629,California
Amador,2021-05-14,404,30904,38,7031,361,23117,5,756,92,5852,311,12876,99,18728,California
Amador,2021-05-15,51,30955,20,7051,21,23138,10,766,23,5858,28,12904,34,18762,California
Amador,2021-05-16,41,30996,15,7066,26,23164,0,766,17,5851,24,12928,17,18779,California
Amador,2021-05-17,75,31071,22,7088,51,23215,2,768,35,5850,39,12967,38,18817,California
Amador,2021-05-18,253,31324,172,7260,46,23261,35,803,167,5967,85,13052,202,19019,California
Amador,2021-05-19,77,31401,26,7286,47,23308,4,807,35,5967,41,13093,41,19060,California
Amador,2021-05-20,90,31491,47,7333,38,23346,5,812,30,5943,59,13152,35,19095,California
Amador,2021-05-21,275,31766,29,7362,244,23590,2,814,37,5744,238,13390,39,19134,California
Amador,2021-05-22,47,31813,16,7378,26,23616,5,819,13,5729,34,13424,19,19153,California
Amador,2021-05-23,29,31842,5,7383,21,23637,3,822,5,5713,24,13448,8,19161,California
Amador,2021-05-24,91,31933,33,7416,46,23683,12,834,42,5718,49,13497,54,19215,California
Amador,2021-05-25,142,32075,90,7506,27,23710,25,859,83,5769,57,13554,108,19323,California
Amador,2021-05-26,204,32279,160,7666,37,23747,7,866,38,5648,165,13719,44,19367,California
Amador,2021-05-27,83,32362,39,7705,35,23782,9,875,30,5635,52,13771,39,19406,California
Amador,2021-05-28,69,32431,26,7731,39,23821,4,879,29,5629,39,13810,33,19439,California
Amador,2021-05-29,26,32457,2,7733,21,23842,3,882,8,5622,18,13828,11,19450,California
Amador,2021-05-30,19,32476,5,7738,8,23850,6,888,5,5619,14,13842,11,19461,California
Amador,2021-05-31,10,32486,0,7738,9,23859,1,889,2,5614,8,13850,3,19464,California
Amador,2021-06-01,97,32583,68,7806,24,23883,5,894,45,5613,51,13901,50,19514,California
Amador,2021-06-02,46,32629,16,7822,22,23905,8,902,16,5608,30,13931,25,19539,California
Amador,2021-06-03,59,32688,26,7848,28,23933,5,907,19,5593,39,13970,24,19563,California
Amador,2021-06-04,101,32789,22,7870,58,23991,21,928,20,5553,81,14051,41,19604,California
Amador,2021-06-05,41,32830,16,7886,20,24011,5,933,4,5525,37,14088,9,19613,California
Amador,2021-06-06,19,32849,9,7895,9,24020,1,934,9,5525,10,14098,10,19623,California
Amador,2021-06-07,44,32893,18,7913,22,24042,4,938,17,5519,27,14125,21,19644,California
Amador,2021-06-08,174,33067,138,8051,25,24067,11,949,54,5466,119,14244,66,19710,California
Amador,2021-06-09,49,33116,20,8071,20,24087,9,958,13,5452,36,14280,22,19732,California
Amador,2021-06-10,56,33172,23,8094,21,24108,12,970,20,5448,36,14316,32,19764,California
Amador,2021-06-11,58,33230,17,8111,36,24144,5,975,12,5419,46,14362,17,19781,California
Amador,2021-06-12,24,33254,11,8122,11,24155,2,977,9,5416,14,14376,11,19792,California
Amador,2021-06-13,9,33263,2,8124,6,24161,1,978,2,5412,7,14383,3,19795,California
Amador,2021-06-14,47,33310,24,8148,21,24182,2,980,15,5397,32,14415,17,19812,California
Amador,2021-06-15,43,33353,13,8161,18,24200,12,992,18,5402,25,14440,30,19842,California
Amador,2021-06-16,71,33424,31,8192,31,24231,9,1001,33,5406,38,14478,42,19884,California
Amador,2021-06-17,49,33473,25,8217,20,24251,4,1005,29,5420,19,14497,33,19917,California
Amador,2021-06-18,156,33629,120,8337,29,24280,7,1012,62,5395,94,14591,69,19986,California
Amador,2021-06-19,30,33659,8,8345,14,24294,8,1020,11,5396,19,14610,20,20006,California
Amador,2021-06-20,8,33667,6,8351,1,24295,1,1021,3,5395,5,14615,4,20010,California
Amador,2021-06-21,46,33713,14,8365,23,24318,9,1030,15,5388,31,14646,24,20034,California
Amador,2021-06-22,50,33763,29,8394,19,24337,2,1032,30,5400,20,14666,32,20066,California
Amador,2021-06-23,42,33805,22,8416,12,24349,8,1040,23,5412,19,14685,31,20097,California
Amador,2021-06-24,51,33856,27,8443,18,24367,6,1046,26,5421,23,14708,32,20129,California
Amador,2021-06-25,53,33909,31,8474,11,24378,11,1057,30,5440,23,14731,42,20171,California
Amador,2021-06-26,11,33920,4,8478,5,24383,2,1059,7,5445,4,14735,9,20180,California
Amador,2021-06-27,22,33942,14,8492,4,24387,4,1063,11,5449,11,14746,15,20195,California
Amador,2021-06-28,52,33994,27,8519,14,24401,11,1074,25,5458,27,14773,36,20231,California
Amador,2021-06-29,50,34044,23,8542,18,24419,9,1083,26,5469,24,14797,35,20266,California
Amador,2021-06-30,48,34092,18,8560,14,24433,16,1099,23,5482,25,14822,38,20304,California
Amador,2021-07-01,32,34124,16,8576,13,24446,3,1102,15,5483,17,14839,18,20322,California
Amador,2021-07-02,36,34160,17,8593,9,24455,10,1112,20,5497,16,14855,30,20352,California
Amador,2021-07-03,17,34177,2,8595,11,24466,4,1116,10,5504,7,14862,14,20366,California
Amador,2021-07-04,5,34182,0,8595,5,24471,0,1116,5,5509,0,14862,5,20371,California
Amador,2021-07-05,28,34210,5,8600,19,24490,4,1120,15,5515,13,14875,19,20390,California
Amador,2021-07-06,29,34239,12,8612,13,24503,4,1124,13,5516,16,14891,17,20407,California
Amador,2021-07-07,33,34272,11,8623,17,24520,5,1129,16,5520,17,14908,21,20428,California
Amador,2021-07-08,28,34300,12,8635,15,24535,1,1130,11,5516,17,14925,13,20441,California
Amador,2021-07-09,61,34361,42,8677,18,24553,1,1131,23,5504,38,14963,26,20467,California
Amador,2021-07-10,15,34376,6,8683,7,24560,2,1133,8,5508,7,14970,11,20478,California
Amador,2021-07-11,2,34378,1,8684,1,24561,0,1133,0,5507,2,14972,1,20479,California
Butte,2020-12-16,3,3,3,3,0,0,0,0,3,3,0,0,3,3,California
Butte,2020-12-17,21,24,21,24,0,0,0,0,21,24,0,0,21,24,California
Butte,2020-12-18,52,76,52,76,0,0,0,0,52,76,0,0,52,76,California
Butte,2020-12-19,7,83,7,83,0,0,0,0,7,83,0,0,7,83,California
Butte,2020-12-20,10,93,10,93,0,0,0,0,10,93,0,0,10,93,California
Butte,2020-12-21,631,724,631,724,0,0,0,0,631,724,0,0,631,724,California
Butte,2020-12-22,619,1343,617,1341,2,2,0,0,619,1343,0,0,619,1343,California
Butte,2020-12-23,876,2219,860,2201,16,18,0,0,876,2219,0,0,876,2219,California
Butte,2020-12-24,159,2378,155,2356,4,22,0,0,159,2378,0,0,159,2378,California
Butte,2020-12-26,90,2468,88,2444,2,24,0,0,90,2468,0,0,90,2468,California
Butte,2020-12-27,35,2503,34,2478,1,25,0,0,35,2503,0,0,35,2503,California
Butte,2020-12-28,279,2782,273,2751,6,31,0,0,279,2782,0,0,279,2782,California
Butte,2020-12-29,205,2987,181,2932,24,55,0,0,205,2987,0,0,205,2987,California
Butte,2020-12-30,512,3499,291,3223,221,276,0,0,512,3499,0,0,512,3499,California
Butte,2020-12-31,213,3712,18,3241,195,471,0,0,213,3712,0,0,213,3712,California
Butte,2021-01-01,18,3730,8,3249,10,481,0,0,18,3730,0,0,18,3730,California
Butte,2021-01-02,40,3770,37,3286,3,484,0,0,40,3770,0,0,40,3770,California
Butte,2021-01-03,3,3773,0,3286,3,487,0,0,3,3773,0,0,3,3773,California
Butte,2021-01-04,208,3981,175,3461,33,520,0,0,208,3981,0,0,208,3981,California
Butte,2021-01-05,198,4179,152,3613,46,566,0,0,197,4177,1,1,197,4178,California
Butte,2021-01-06,627,4806,395,4008,232,798,0,0,622,4795,5,6,623,4801,California
Butte,2021-01-07,763,5569,368,4376,395,1193,0,0,743,5518,20,26,743,5544,California
Butte,2021-01-08,673,6242,531,4907,142,1335,0,0,625,6095,48,74,625,6169,California
Butte,2021-01-09,14,6256,8,4915,6,1341,0,0,8,6097,6,80,8,6177,California
Butte,2021-01-10,19,6275,5,4920,14,1355,0,0,14,6106,5,85,14,6191,California
Butte,2021-01-11,983,7258,947,5867,36,1391,0,0,356,5838,627,712,359,6550,California
Butte,2021-01-12,701,7959,655,6522,46,1437,0,0,276,5690,425,1137,277,6827,California
Butte,2021-01-13,1568,9527,1075,7597,493,1930,0,0,726,5577,841,1978,728,7555,California
Butte,2021-01-14,1638,11165,894,8491,744,2674,0,0,1441,6822,196,2174,1441,8996,California
Butte,2021-01-15,1064,12229,819,9310,245,2919,0,0,955,7667,110,2284,955,9951,California
Butte,2021-01-16,589,12818,301,9611,288,3207,0,0,544,8166,45,2329,544,10495,California
Butte,2021-01-17,240,13058,64,9675,176,3383,0,0,202,8330,38,2367,202,10697,California
Butte,2021-01-18,347,13405,305,9980,42,3425,0,0,279,8542,67,2434,279,10976,California
Butte,2021-01-19,496,13901,433,10413,63,3488,0,0,225,8496,271,2705,225,11201,California
Butte,2021-01-20,1397,15298,710,11123,687,4175,0,0,1094,9287,303,3008,1094,12295,California
Butte,2021-01-21,1495,16793,883,12006,612,4787,0,0,1387,10567,107,3115,1387,13682,California
Butte,2021-01-22,1143,17936,483,12489,660,5447,0,0,1088,11600,55,3170,1088,14770,California
Butte,2021-01-23,128,18064,85,12574,43,5490,0,0,103,11678,25,3195,103,14873,California
Butte,2021-01-24,8,18072,6,12580,2,5492,0,0,8,11686,0,3195,8,14881,California
Butte,2021-01-25,660,18732,338,12918,322,5814,0,0,497,12020,163,3358,497,15378,California
Butte,2021-01-26,1490,20222,379,13297,1111,6925,0,0,1352,13234,138,3496,1352,16730,California
Butte,2021-01-27,2111,22333,704,14001,1407,8332,0,0,1377,13878,733,4229,1377,18107,California
Butte,2021-01-28,2269,24602,263,14264,2006,10338,0,0,1956,15522,312,4541,1956,20063,California
Butte,2021-01-29,1695,26297,490,14754,1205,11543,0,0,1314,16457,379,4920,1314,21377,California
Butte,2021-01-30,33,26330,9,14763,24,11567,0,0,31,16486,2,4922,31,21408,California
Butte,2021-01-31,17,26347,15,14778,2,11569,0,0,16,16501,1,4923,16,21424,California
Butte,2021-02-01,1767,28114,407,15185,1360,12929,0,0,1371,17480,392,5315,1371,22795,California
Butte,2021-02-02,1952,30066,363,15548,1589,14518,0,0,1648,18823,305,5620,1648,24443,California
Butte,2021-02-03,2761,32827,781,16329,1980,16498,0,0,1859,19782,900,6520,1859,26302,California
Butte,2021-02-04,2978,35805,325,16654,2653,19151,0,0,2413,21633,562,7082,2413,28715,California
Butte,2021-02-05,1284,37089,674,17328,610,19761,0,0,555,21460,729,7811,556,29271,California
Butte,2021-02-06,148,37237,104,17432,44,19805,0,0,62,21436,86,7897,62,29333,California
Butte,2021-02-07,37,37274,33,17465,4,19809,0,0,14,21427,23,7920,14,29347,California
Butte,2021-02-08,700,37974,547,18012,153,19962,0,0,239,21206,460,8380,239,29586,California
Butte,2021-02-09,974,38948,463,18475,511,20473,0,0,742,21716,232,8612,742,30328,California
Butte,2021-02-10,1710,40658,1192,19667,518,20991,0,0,655,21318,1053,9665,655,30983,California
Butte,2021-02-11,2221,42879,1361,21028,860,21851,0,0,1006,21109,1216,10881,1007,31990,California
Butte,2021-02-12,1003,43882,435,21463,568,22419,0,0,324,20755,678,11559,324,32314,California
Butte,2021-02-13,256,44138,43,21506,213,22632,0,0,155,20809,101,11660,155,32469,California
Butte,2021-02-14,165,44303,10,21516,155,22787,0,0,158,20961,7,11667,159,32628,California
Butte,2021-02-15,262,44565,49,21565,213,23000,0,0,194,21087,68,11735,194,32822,California
Butte,2021-02-16,763,45328,438,22003,325,23325,0,0,303,20930,460,12195,303,33125,California
Butte,2021-02-17,1536,46864,853,22856,683,24008,0,0,852,21100,682,12877,852,33977,California
Butte,2021-02-18,1594,48458,785,23641,809,24817,0,0,775,21056,819,13696,775,34752,California
Butte,2021-02-19,1178,49636,396,24037,782,25599,0,0,403,20691,768,14464,403,35155,California
Butte,2021-02-20,488,50124,36,24073,452,26051,0,0,125,20454,362,14826,125,35280,California
Butte,2021-02-21,20,50144,17,24090,3,26054,0,0,14,20462,6,14832,14,35294,California
Butte,2021-02-22,1567,51711,317,24407,1250,27304,0,0,396,19691,1167,15999,396,35690,California
Butte,2021-02-23,1692,53403,310,24717,1382,28686,0,0,474,18955,1210,17209,474,36164,California
Butte,2021-02-24,2221,55624,634,25351,1587,30273,0,0,768,18278,1445,18654,768,36932,California
Butte,2021-02-25,2172,57796,640,25991,1532,31805,0,0,713,17542,1450,20104,714,37646,California
Butte,2021-02-26,957,58753,322,26313,635,32440,0,0,417,17423,536,20640,417,38063,California
Butte,2021-02-27,244,58997,50,26363,194,32634,0,0,192,17565,50,20690,192,38255,California
Butte,2021-02-28,147,59144,17,26380,130,32764,0,0,139,17696,8,20698,139,38394,California
Butte,2021-03-01,1641,60785,180,26560,1460,34224,1,1,337,16736,1298,21996,338,38732,California
Butte,2021-03-02,1778,62563,202,26762,1576,35800,0,1,313,15590,1460,23456,314,39046,California
Butte,2021-03-03,2810,65373,858,27620,1952,37752,0,1,493,13772,2311,25767,493,39539,California
Butte,2021-03-04,3173,68546,691,28311,2482,40234,0,1,628,11859,2541,28308,628,40167,California
Butte,2021-03-05,1367,69913,621,28932,745,40979,1,2,743,11983,620,28928,744,40911,California
Butte,2021-03-06,252,70165,27,28959,201,41180,24,26,189,12134,62,28990,213,41124,California
Butte,2021-03-07,68,70233,4,28963,41,41221,23,49,36,12161,32,29022,59,41183,California
Butte,2021-03-08,1278,71511,133,29096,1066,42287,79,128,1106,13177,169,29191,1185,42368,California
Butte,2021-03-09,1931,73442,284,29380,1544,43831,103,231,1414,14182,512,29703,1517,43885,California
Butte,2021-03-10,2336,75778,979,30359,1256,45087,101,332,1588,15129,742,30445,1689,45574,California
Butte,2021-03-11,2825,78603,1330,31689,1367,46454,128,460,1973,16390,841,31286,2102,47676,California
Butte,2021-03-12,1166,79769,334,32023,465,46919,367,827,352,16302,807,32093,719,48395,California
Butte,2021-03-13,276,80045,70,32093,145,47064,61,888,64,16214,212,32305,124,48519,California
Butte,2021-03-14,167,80212,18,32111,107,47171,42,930,23,16136,143,32448,65,48584,California
Butte,2021-03-15,1739,81951,357,32468,1087,48258,295,1225,1140,16980,590,33038,1434,50018,California
Butte,2021-03-16,1688,83639,430,32898,1180,49438,78,1303,1096,17566,587,33625,1173,51191,California
Butte,2021-03-17,1959,85598,1354,34252,524,49962,81,1384,1106,17907,845,34470,1186,52377,California
Butte,2021-03-18,1818,87416,1468,35720,222,50184,128,1512,1013,18248,799,35269,1140,53517,California
Butte,2021-03-19,699,88115,312,36032,303,50487,84,1596,337,18317,352,35621,421,53938,California
Butte,2021-03-20,206,88321,31,36063,158,50645,17,1613,97,18322,109,35730,114,54052,California
Butte,2021-03-21,73,88394,40,36103,4,50649,29,1642,24,18328,47,35777,53,54105,California
Butte,2021-03-22,1508,89902,373,36476,1040,51689,95,1737,1239,19393,268,36045,1333,55438,California
Butte,2021-03-23,1865,91767,524,37000,1227,52916,114,1851,1509,20664,352,36397,1623,57061,California
Butte,2021-03-24,2271,94038,1272,38272,873,53789,126,1977,1703,21929,563,36960,1828,58889,California
Butte,2021-03-25,1489,95527,1201,39473,196,53985,92,2069,1018,22573,466,37426,1110,59999,California
Butte,2021-03-26,1215,96742,441,39914,527,54512,247,2316,557,22727,650,38076,804,60803,California
Butte,2021-03-27,312,97054,87,40001,200,54712,25,2341,137,22715,172,38248,160,60963,California
Butte,2021-03-28,231,97285,45,40046,178,54890,8,2349,103,22700,125,38373,110,61073,California
Butte,2021-03-29,1766,99051,383,40429,1313,56203,70,2419,1342,23693,419,38792,1412,62485,California
Butte,2021-03-30,1050,100101,479,40908,480,56683,91,2510,496,23732,548,39340,587,63072,California
Butte,2021-03-31,1788,101889,1303,42211,417,57100,68,2578,1079,24179,700,40040,1147,64219,California
Butte,2021-04-01,3349,105238,2718,44929,502,57602,129,2707,2259,25488,1079,41119,2388,66607,California
Butte,2021-04-02,1016,106254,425,45354,470,58072,121,2828,571,25742,437,41556,691,67298,California
Butte,2021-04-03,347,106601,48,45402,224,58296,75,2903,164,25798,183,41739,239,67537,California
Butte,2021-04-04,193,106794,25,45427,144,58440,24,2927,112,25855,79,41818,136,67673,California
Butte,2021-04-05,1970,108764,419,45846,1380,59820,171,3098,591,25245,1370,43188,760,68433,California
Butte,2021-04-06,2217,110981,621,46467,1175,60995,421,3519,804,25064,1404,44592,1223,69656,California
Butte,2021-04-07,3046,114027,1324,47791,1327,62322,395,3914,718,23854,2322,46914,1112,70768,California
Butte,2021-04-08,2756,116783,1202,48993,1285,63607,269,4183,458,22287,2294,49208,727,71495,California
Butte,2021-04-09,1380,118163,353,49346,543,64150,484,4667,329,22048,1047,50255,808,72303,California
Butte,2021-04-10,228,118391,48,49394,79,64229,101,4768,101,22123,126,50381,201,72504,California
Butte,2021-04-11,108,118499,45,49439,53,64282,10,4778,83,22192,24,50405,93,72597,California
Butte,2021-04-12,1413,119912,314,49753,965,65247,134,4912,235,21383,1178,51583,369,72966,California
Butte,2021-04-13,1657,121569,575,50328,1076,66323,6,4918,346,20433,1302,52885,352,73318,California
Butte,2021-04-14,2856,124425,2361,52689,495,66818,0,4918,1324,20232,1526,54411,1325,74643,California
Butte,2021-04-15,650,125075,398,53087,252,67070,0,4918,486,20561,157,54568,486,75129,California
Butte,2021-04-16,817,125892,419,53506,398,67468,0,4918,482,20711,332,54900,482,75611,California
Butte,2021-04-17,346,126238,62,53568,284,67752,0,4918,243,20852,102,55002,243,75854,California
Butte,2021-04-18,57,126295,23,53591,34,67786,0,4918,44,20883,13,55015,44,75898,California
Butte,2021-04-19,1570,127865,386,53977,1184,68970,0,4918,419,20154,1148,56163,419,76317,California
Butte,2021-04-20,2039,129904,772,54749,1267,70237,0,4918,757,19637,1274,57437,757,77074,California
Butte,2021-04-21,2113,132017,1229,55978,884,71121,0,4918,488,18507,1618,59055,488,77562,California
Butte,2021-04-22,2272,134289,1986,57964,286,71407,0,4918,624,17488,1643,60698,624,78186,California
Butte,2021-04-23,971,135260,472,58436,499,71906,0,4918,490,17498,480,61178,490,78676,California
Butte,2021-04-24,349,135609,140,58576,209,72115,0,4918,188,17525,161,61339,188,78864,California
Butte,2021-04-25,174,135783,69,58645,105,72220,0,4918,65,17481,109,61448,65,78929,California
Butte,2021-04-26,1577,137360,471,59116,1101,73321,5,4923,408,16731,1163,62611,413,79342,California
Butte,2021-04-27,1039,138399,696,59812,316,73637,27,4950,587,16900,446,63057,615,79957,California
Butte,2021-04-28,1437,139836,979,60791,433,74070,25,4975,511,16515,921,63978,536,80493,California
Butte,2021-04-29,915,140751,569,61360,321,74391,25,5000,312,16257,595,64573,337,80830,California
Butte,2021-04-30,928,141679,420,61780,488,74879,20,5020,466,16289,453,65026,485,81315,California
Butte,2021-05-01,246,141925,64,61844,160,75039,22,5042,73,16211,170,65196,92,81407,California
Butte,2021-05-02,153,142078,64,61908,76,75115,13,5055,45,16161,107,65303,57,81464,California
Butte,2021-05-03,634,142712,257,62165,346,75461,31,5086,177,15922,447,65750,208,81672,California
Butte,2021-05-04,853,143565,344,62509,477,75938,32,5118,224,15555,622,66372,255,81927,California
Butte,2021-05-05,1374,144939,1120,63629,216,76154,38,5156,292,14810,1075,67447,330,82257,California
Butte,2021-05-06,970,145909,702,64331,229,76383,39,5195,369,14621,597,68044,408,82665,California
Butte,2021-05-07,582,146491,310,64641,236,76619,36,5231,297,14672,281,68325,332,82997,California
Butte,2021-05-08,187,146678,53,64694,123,76742,11,5242,91,14679,95,68420,102,83099,California
Butte,2021-05-09,103,146781,27,64721,73,76815,3,5245,54,14687,49,68469,57,83156,California
Butte,2021-05-10,538,147319,316,65037,176,76991,46,5291,214,14626,321,68790,260,83416,California
Butte,2021-05-11,916,148235,662,65699,194,77185,60,5351,296,14365,617,69407,356,83772,California
Butte,2021-05-12,784,149019,483,66182,253,77438,48,5399,333,14300,446,69853,381,84153,California
Butte,2021-05-13,950,149969,628,66810,257,77695,65,5464,349,14122,590,70443,412,84565,California
Butte,2021-05-14,871,150840,544,67354,294,77989,33,5497,380,14046,487,70930,411,84976,California
Butte,2021-05-15,509,151349,246,67600,229,78218,34,5531,239,14051,268,71198,273,85249,California
Butte,2021-05-16,167,151516,82,67682,67,78285,18,5549,98,14099,68,71266,116,85365,California
Butte,2021-05-17,770,152286,498,68180,223,78508,49,5598,331,14043,435,71701,379,85744,California
Butte,2021-05-18,1068,153354,735,68915,284,78792,49,5647,475,13980,587,72288,524,86268,California
Butte,2021-05-19,837,154191,544,69459,249,79041,44,5691,328,13848,503,72791,371,86639,California
Butte,2021-05-20,985,155176,661,70120,214,79255,110,5801,385,13745,597,73388,494,87133,California
Butte,2021-05-21,889,156065,543,70663,320,79575,26,5827,293,13471,592,73980,318,87451,California
Butte,2021-05-22,299,156364,139,70802,145,79720,15,5842,144,13477,152,74132,158,87609,California
Butte,2021-05-23,132,156496,83,70885,48,79768,1,5843,79,13504,53,74185,80,87689,California
Butte,2021-05-24,352,156848,165,71050,138,79906,49,5892,177,13556,174,74359,226,87915,California
Butte,2021-05-25,698,157546,447,71497,213,80119,38,5930,341,13584,349,74708,377,88292,California
Butte,2021-05-26,562,158108,180,71677,359,80478,23,5953,241,13535,312,75020,263,88555,California
Butte,2021-05-27,866,158974,623,72300,225,80703,18,5971,423,13539,438,75458,442,88997,California
Butte,2021-05-28,520,159494,141,72441,300,81003,79,6050,212,13525,305,75763,291,89288,California
Butte,2021-05-29,225,159719,116,72557,97,81100,12,6062,144,13600,81,75844,156,89444,California
Butte,2021-05-30,105,159824,56,72613,49,81149,0,6062,57,13609,48,75892,57,89501,California
Butte,2021-05-31,43,159867,23,72636,18,81167,2,6064,25,13618,18,75910,27,89528,California
Butte,2021-06-01,681,160548,429,73065,215,81382,37,6101,253,13485,422,76332,289,89817,California
Butte,2021-06-02,817,161365,564,73629,208,81590,45,6146,349,13415,463,76795,393,90210,California
Butte,2021-06-03,630,161995,423,74052,190,81780,17,6163,206,13217,421,77216,223,90433,California
Butte,2021-06-04,484,162479,276,74328,180,81960,28,6191,144,13056,333,77549,172,90605,California
Butte,2021-06-05,323,162802,209,74537,94,82054,20,6211,98,12951,223,77772,118,90723,California
Butte,2021-06-06,136,162938,100,74637,34,82088,2,6213,33,12884,102,77874,35,90758,California
Butte,2021-06-07,406,163344,259,74896,116,82204,31,6244,169,12847,236,78110,199,90957,California
Butte,2021-06-08,652,163996,469,75365,164,82368,19,6263,179,12584,462,78572,199,91156,California
Butte,2021-06-09,438,164434,300,75665,119,82487,19,6282,147,12466,284,78856,166,91322,California
Butte,2021-06-10,633,165067,451,76116,150,82637,32,6314,233,12331,398,79254,263,91585,California
Butte,2021-06-11,443,165510,264,76380,158,82795,21,6335,147,12205,294,79548,168,91753,California
Butte,2021-06-12,252,165762,154,76534,88,82883,10,6345,75,12114,176,79724,85,91838,California
Butte,2021-06-13,97,165859,64,76598,30,82913,3,6348,20,12060,77,79801,23,91861,California
Butte,2021-06-14,390,166249,235,76833,135,83048,20,6368,139,11970,250,80051,160,92021,California
Butte,2021-06-15,551,166800,387,77220,138,83186,26,6394,164,11779,381,80432,190,92211,California
Butte,2021-06-16,416,167216,256,77476,116,83302,44,6438,168,11745,246,80678,212,92423,California
Butte,2021-06-17,584,167800,436,77912,121,83423,27,6465,182,11553,401,81079,209,92632,California
Butte,2021-06-18,410,168210,205,78117,152,83575,53,6518,160,11515,248,81327,210,92842,California
Butte,2021-06-19,207,168417,153,78270,49,83624,5,6523,92,11497,115,81442,97,92939,California
Butte,2021-06-20,94,168511,69,78339,25,83649,0,6523,24,11452,70,81512,25,92964,California
Butte,2021-06-21,277,168788,164,78503,92,83741,21,6544,132,11462,143,81655,153,93117,California
Butte,2021-06-22,418,169206,274,78777,120,83861,24,6568,151,11373,264,81919,175,93292,California
Butte,2021-06-23,450,169656,333,79110,92,83953,25,6593,166,11280,283,82202,190,93482,California
Butte,2021-06-24,426,170082,284,79394,108,84061,34,6627,153,11194,272,82474,186,93668,California
Butte,2021-06-25,415,170497,204,79598,188,84249,23,6650,155,11113,259,82733,178,93846,California
Butte,2021-06-26,132,170629,96,79694,34,84283,2,6652,55,11093,77,82810,57,93903,California
Butte,2021-06-27,64,170693,39,79733,24,84307,1,6653,20,11070,44,82854,21,93924,California
Butte,2021-06-28,297,170990,224,79957,54,84361,19,6672,123,11039,173,83027,142,94066,California
Butte,2021-06-29,322,171312,217,80174,92,84453,13,6685,139,11010,180,83207,151,94217,California
Butte,2021-06-30,320,171632,208,80382,96,84549,16,6701,153,11013,166,83373,169,94386,California
Butte,2021-07-01,356,171988,229,80611,107,84656,20,6721,142,10962,213,83586,162,94548,California
Butte,2021-07-02,298,172286,204,80815,68,84724,26,6747,138,10969,157,83743,164,94712,California
Butte,2021-07-03,123,172409,83,80898,38,84762,2,6749,52,10953,70,83813,54,94766,California
Butte,2021-07-04,3,172412,2,80900,1,84763,0,6749,0,10951,2,83815,0,94766,California
Butte,2021-07-05,149,172561,99,80999,40,84803,10,6759,63,10942,82,83897,73,94839,California
Butte,2021-07-06,338,172899,250,81249,73,84876,15,6774,118,10858,218,84115,134,94973,California
Butte,2021-07-07,314,173213,230,81479,76,84952,8,6782,119,10792,193,84308,127,95100,California
Butte,2021-07-08,299,173512,195,81674,95,85047,9,6791,114,10733,182,84490,123,95223,California
Butte,2021-07-09,258,173770,158,81832,81,85128,19,6810,100,10695,157,84647,119,95342,California
Butte,2021-07-10,137,173907,94,81926,41,85169,2,6812,43,10645,94,84741,44,95386,California
Butte,2021-07-11,35,173942,23,81949,9,85178,3,6815,21,10656,13,84754,24,95410,California
Calaveras,2020-12-16,10,10,10,10,0,0,0,0,10,10,0,0,10,10,California
Calaveras,2020-12-17,6,16,6,16,0,0,0,0,6,16,0,0,6,16,California
Calaveras,2020-12-18,39,55,39,55,0,0,0,0,39,55,0,0,39,55,California
Calaveras,2020-12-19,4,59,4,59,0,0,0,0,4,59,0,0,4,59,California
Calaveras,2020-12-20,4,63,4,63,0,0,0,0,4,63,0,0,4,63,California
Calaveras,2020-12-21,54,117,47,110,7,7,0,0,54,117,0,0,54,117,California
Calaveras,2020-12-22,84,201,80,190,4,11,0,0,85,202,0,0,85,202,California
Calaveras,2020-12-23,76,277,74,264,2,13,0,0,76,278,0,0,76,278,California
Calaveras,2020-12-24,2,279,2,266,0,13,0,0,2,280,0,0,2,280,California
Calaveras,2020-12-26,3,282,3,269,0,13,0,0,3,283,0,0,3,283,California
Calaveras,2020-12-27,1,283,1,270,0,13,0,0,1,284,0,0,1,284,California
Calaveras,2020-12-28,22,305,18,288,4,17,0,0,21,304,1,1,21,305,California
Calaveras,2020-12-29,160,465,138,426,22,39,0,0,160,464,0,1,160,465,California
Calaveras,2020-12-30,94,559,82,508,12,51,0,0,94,558,0,1,94,559,California
Calaveras,2020-12-31,38,597,27,535,11,62,0,0,38,596,0,1,38,597,California
Calaveras,2021-01-02,12,609,12,547,0,62,0,0,12,608,0,1,12,609,California
Calaveras,2021-01-03,10,619,4,551,6,68,0,0,10,618,0,1,10,619,California
Calaveras,2021-01-04,33,652,5,556,28,96,0,0,33,651,0,1,33,652,California
Calaveras,2021-01-05,43,695,10,566,33,129,0,0,32,677,11,12,37,689,California
Calaveras,2021-01-06,107,802,30,596,77,206,0,0,97,764,10,22,97,786,California
Calaveras,2021-01-07,108,910,28,624,80,286,0,0,93,845,13,35,94,880,California
Calaveras,2021-01-08,74,984,44,668,30,316,0,0,46,865,28,63,48,928,California
Calaveras,2021-01-09,5,989,5,673,0,316,0,0,2,864,3,66,2,930,California
Calaveras,2021-01-10,2,991,0,673,2,318,0,0,2,866,0,66,2,932,California
Calaveras,2021-01-11,66,1057,60,733,6,324,0,0,27,857,38,104,29,961,California
Calaveras,2021-01-12,89,1146,56,789,33,357,0,0,52,873,37,141,53,1014,California
Calaveras,2021-01-13,110,1256,46,835,64,421,0,0,75,914,35,176,76,1090,California
Calaveras,2021-01-14,144,1400,45,880,99,520,0,0,110,992,33,209,111,1201,California
Calaveras,2021-01-15,94,1494,28,908,66,586,0,0,74,1046,20,229,74,1275,California
Calaveras,2021-01-16,13,1507,2,910,11,597,0,0,12,1057,1,230,12,1287,California
Calaveras,2021-01-17,10,1517,2,912,8,605,0,0,9,1065,1,231,9,1296,California
Calaveras,2021-01-18,139,1656,21,933,118,723,0,0,123,1176,16,247,127,1423,California
Calaveras,2021-01-19,209,1865,177,1110,32,755,0,0,71,1112,137,384,73,1496,California
Calaveras,2021-01-20,383,2248,82,1192,301,1056,0,0,288,1324,94,478,306,1802,California
Calaveras,2021-01-21,469,2717,43,1235,426,1482,0,0,426,1725,43,521,444,2246,California
Calaveras,2021-01-22,407,3124,26,1261,381,1863,0,0,389,2110,18,539,403,2649,California
Calaveras,2021-01-23,21,3145,10,1271,11,1874,0,0,19,2127,2,541,19,2668,California
Calaveras,2021-01-24,14,3159,8,1279,6,1880,0,0,12,2137,2,543,12,2680,California
Calaveras,2021-01-25,89,3248,7,1286,82,1962,0,0,84,2216,5,548,84,2764,California
Calaveras,2021-01-26,51,3299,16,1302,35,1997,0,0,42,2249,9,557,42,2806,California
Calaveras,2021-01-27,141,3440,47,1349,94,2091,0,0,112,2333,28,585,112,2918,California
Calaveras,2021-01-28,165,3605,25,1374,140,2231,0,0,136,2447,29,614,143,3061,California
Calaveras,2021-01-29,401,4006,15,1389,386,2617,0,0,366,2794,35,649,382,3443,California
Calaveras,2021-01-30,27,4033,10,1399,17,2634,0,0,25,2819,0,649,25,3468,California
Calaveras,2021-01-31,7,4040,5,1404,2,2636,0,0,6,2824,1,650,6,3474,California
Calaveras,2021-02-01,31,4071,12,1416,19,2655,0,0,22,2837,9,659,22,3496,California
Calaveras,2021-02-02,113,4184,24,1440,89,2744,0,0,74,2878,34,693,75,3571,California
Calaveras,2021-02-03,444,4628,44,1484,400,3144,0,0,359,3155,84,777,361,3932,California
Calaveras,2021-02-04,391,5019,26,1510,365,3509,0,0,305,3377,86,863,308,4240,California
Calaveras,2021-02-05,81,5100,22,1532,59,3568,0,0,42,3381,39,902,43,4283,California
Calaveras,2021-02-06,22,5122,12,1544,10,3578,0,0,22,3403,0,902,22,4305,California
Calaveras,2021-02-07,6,5128,1,1545,5,3583,0,0,2,3403,2,904,2,4307,California
Calaveras,2021-02-08,42,5170,19,1564,23,3606,0,0,34,3431,6,910,34,4341,California
Calaveras,2021-02-09,200,5370,78,1642,122,3728,0,0,137,3508,61,971,138,4479,California
Calaveras,2021-02-10,519,5889,33,1675,486,4214,0,0,444,3886,75,1046,453,4932,California
Calaveras,2021-02-11,603,6492,91,1766,512,4726,0,0,482,4263,118,1164,495,5427,California
Calaveras,2021-02-12,577,7069,324,2090,253,4979,0,0,490,4678,85,1249,500,5927,California
Calaveras,2021-02-13,205,7274,47,2137,158,5137,0,0,188,4850,16,1265,188,6115,California
Calaveras,2021-02-14,223,7497,71,2208,152,5289,0,0,207,5043,14,1279,207,6322,California
Calaveras,2021-02-15,389,7886,25,2233,364,5653,0,0,265,5189,119,1398,265,6587,California
Calaveras,2021-02-16,273,8159,146,2379,127,5780,0,0,232,5385,41,1439,237,6824,California
Calaveras,2021-02-17,518,8677,40,2419,478,6258,0,0,205,5302,293,1732,210,7034,California
Calaveras,2021-02-18,507,9184,96,2515,411,6669,0,0,98,5016,385,2117,99,7133,California
Calaveras,2021-02-19,443,9627,43,2558,400,7069,0,0,99,4787,328,2445,99,7232,California
Calaveras,2021-02-20,59,9686,15,2573,44,7113,0,0,49,4826,10,2455,49,7281,California
Calaveras,2021-02-21,27,9713,16,2589,11,7124,0,0,20,4840,6,2461,20,7301,California
Calaveras,2021-02-22,64,9777,39,2628,25,7149,0,0,33,4842,31,2492,33,7334,California
Calaveras,2021-02-23,138,9915,49,2677,89,7238,0,0,95,4895,43,2535,96,7430,California
Calaveras,2021-02-24,102,10017,48,2725,54,7292,0,0,68,4931,32,2567,68,7498,California
Calaveras,2021-02-25,557,10574,104,2829,453,7745,0,0,355,5102,192,2759,363,7861,California
Calaveras,2021-02-26,788,11362,47,2876,741,8486,0,0,375,5092,388,3147,378,8239,California
Calaveras,2021-02-27,209,11571,26,2902,183,8669,0,0,184,5251,25,3172,184,8423,California
Calaveras,2021-02-28,96,11667,15,2917,81,8750,0,0,91,5337,5,3177,91,8514,California
Calaveras,2021-03-01,253,11920,48,2965,205,8955,0,0,155,5400,93,3270,156,8670,California
Calaveras,2021-03-02,262,12182,105,3070,157,9112,0,0,208,5559,51,3321,210,8880,California
Calaveras,2021-03-03,574,12756,109,3179,465,9577,0,0,218,5428,350,3671,219,9099,California
Calaveras,2021-03-04,756,13512,70,3249,685,10262,1,1,352,5388,394,4065,354,9453,California
Calaveras,2021-03-05,462,13974,270,3519,188,10450,4,5,146,5236,302,4367,150,9603,California
Calaveras,2021-03-06,155,14129,43,3562,106,10556,6,11,114,5316,41,4408,121,9724,California
Calaveras,2021-03-07,82,14211,33,3595,41,10597,8,19,39,5320,43,4451,47,9771,California
Calaveras,2021-03-08,168,14379,32,3627,128,10725,8,27,130,5422,36,4487,138,9909,California
Calaveras,2021-03-09,382,14761,143,3770,233,10958,6,33,35,5124,339,4826,41,9950,California
Calaveras,2021-03-10,432,15193,35,3805,394,11352,3,36,58,4822,363,5189,61,10011,California
Calaveras,2021-03-11,884,16077,440,4245,431,11783,13,49,436,4841,432,5621,451,10462,California
Calaveras,2021-03-12,430,16507,224,4469,196,11979,10,59,324,5082,103,5724,344,10806,California
Calaveras,2021-03-13,192,16699,19,4488,165,12144,8,67,139,5182,51,5775,151,10957,California
Calaveras,2021-03-14,161,16860,11,4499,149,12293,1,68,18,5064,143,5918,25,10982,California
Calaveras,2021-03-15,337,17197,50,4549,261,12554,26,94,55,4868,281,6199,85,11067,California
Calaveras,2021-03-16,701,17898,562,5111,119,12673,20,114,554,5297,145,6344,574,11641,California
Calaveras,2021-03-17,291,18189,53,5164,224,12897,14,128,52,5132,232,6576,67,11708,California
Calaveras,2021-03-18,675,18864,576,5740,83,12980,16,144,549,5575,125,6701,568,12276,California
Calaveras,2021-03-19,237,19101,52,5792,110,13090,75,219,59,5533,174,6875,132,12408,California
Calaveras,2021-03-20,83,19184,23,5815,59,13149,1,220,24,5500,59,6934,26,12434,California
Calaveras,2021-03-21,47,19231,29,5844,7,13156,11,231,9,5484,37,6971,21,12455,California
Calaveras,2021-03-22,83,19314,39,5883,23,13179,21,252,26,5474,57,7028,47,12502,California
Calaveras,2021-03-23,299,19613,205,6088,84,13263,10,262,118,5432,169,7197,127,12629,California
Calaveras,2021-03-24,135,19748,51,6139,74,13337,10,272,44,5397,89,7286,54,12683,California
Calaveras,2021-03-25,754,20502,108,6247,642,13979,4,276,452,5562,291,7577,456,13139,California
Calaveras,2021-03-26,439,20941,30,6277,402,14381,7,283,91,5322,340,7917,100,13239,California
Calaveras,2021-03-27,212,21153,21,6298,187,14568,4,287,38,5195,171,8088,44,13283,California
Calaveras,2021-03-28,112,21265,12,6310,97,14665,3,290,8,5104,103,8191,12,13295,California
Calaveras,2021-03-29,187,21452,23,6333,161,14826,3,293,60,5046,122,8313,64,13359,California
Calaveras,2021-03-30,541,21993,26,6359,498,15324,17,310,361,5245,179,8492,378,13737,California
Calaveras,2021-03-31,329,22322,144,6503,175,15499,10,320,159,5248,167,8659,170,13907,California
Calaveras,2021-04-01,696,23018,449,6952,246,15745,1,321,184,4929,508,9167,189,14096,California
Calaveras,2021-04-02,400,23418,233,7185,159,15904,8,329,115,4777,277,9444,125,14221,California
Calaveras,2021-04-03,145,23563,36,7221,105,16009,4,333,41,4718,104,9548,45,14266,California
Calaveras,2021-04-04,83,23646,27,7248,56,16065,0,333,51,4737,32,9580,51,14317,California
Calaveras,2021-04-05,212,23858,80,7328,122,16187,10,343,97,4729,115,9695,107,14424,California
Calaveras,2021-04-06,664,24522,581,7909,69,16256,14,357,115,4313,545,10240,129,14553,California
Calaveras,2021-04-07,762,25284,665,8574,60,16316,37,394,621,4832,140,10380,659,15212,California
Calaveras,2021-04-08,951,26235,858,9432,70,16386,23,417,432,4773,515,10895,456,15668,California
Calaveras,2021-04-09,158,26393,60,9492,49,16435,49,466,55,4777,99,10994,103,15771,California
Calaveras,2021-04-10,196,26589,44,9536,133,16568,19,485,150,4902,45,11039,170,15941,California
Calaveras,2021-04-11,70,26659,45,9581,23,16591,2,487,49,4932,21,11060,51,15992,California
Calaveras,2021-04-12,106,26765,46,9627,41,16632,19,506,56,4958,50,11110,76,16068,California
Calaveras,2021-04-13,428,27193,372,9999,56,16688,0,506,366,5265,61,11171,368,16436,California
Calaveras,2021-04-14,186,27379,28,10027,158,16846,0,506,136,5353,49,11220,137,16573,California
Calaveras,2021-04-15,336,27715,285,10312,51,16897,0,506,245,5512,86,11306,245,16818,California
Calaveras,2021-04-16,109,27824,32,10344,77,16974,0,506,50,5510,52,11358,50,16868,California
Calaveras,2021-04-17,333,28157,128,10472,205,17179,0,506,290,5757,43,11401,290,17158,California
Calaveras,2021-04-18,18,28175,5,10477,13,17192,0,506,11,5761,7,11408,11,17169,California
Calaveras,2021-04-19,76,28251,27,10504,49,17241,0,506,44,5775,31,11439,45,17214,California
Calaveras,2021-04-20,270,28521,93,10597,177,17418,0,506,197,5905,67,11506,197,17411,California
Calaveras,2021-04-21,219,28740,148,10745,71,17489,0,506,84,5858,132,11638,85,17496,California
Calaveras,2021-04-22,548,29288,98,10843,450,17939,0,506,144,5604,400,12038,146,17642,California
Calaveras,2021-04-23,162,29450,81,10924,81,18020,0,506,64,5573,95,12133,64,17706,California
Calaveras,2021-04-24,173,29623,38,10962,135,18155,0,506,129,5660,43,12176,130,17836,California
Calaveras,2021-04-25,43,29666,27,10989,16,18171,0,506,23,5665,20,12196,25,17861,California
Calaveras,2021-04-26,119,29785,74,11063,45,18216,0,506,35,5618,83,12279,36,17897,California
Calaveras,2021-04-27,443,30228,72,11135,358,18574,13,519,56,5305,382,12661,69,17966,California
Calaveras,2021-04-28,650,30878,580,11715,39,18613,31,550,55,4807,591,13252,93,18059,California
Calaveras,2021-04-29,519,31397,443,12158,57,18670,19,569,71,4457,444,13696,94,18153,California
Calaveras,2021-04-30,156,31553,62,12220,89,18759,5,574,71,4455,84,13780,82,18235,California
Calaveras,2021-05-01,203,31756,112,12332,88,18847,3,577,134,4529,67,13847,141,18376,California
Calaveras,2021-05-02,54,31810,37,12369,16,18863,1,578,20,4519,32,13879,22,18398,California
Calaveras,2021-05-03,95,31905,70,12439,20,18883,5,583,30,4494,64,13943,39,18437,California
Calaveras,2021-05-04,421,32326,330,12769,54,18937,37,620,45,4202,375,14318,83,18520,California
Calaveras,2021-05-05,112,32438,57,12826,23,18960,32,652,50,4223,60,14378,81,18601,California
Calaveras,2021-05-06,257,32695,194,13020,39,18999,24,676,48,4089,207,14585,73,18674,California
Calaveras,2021-05-07,89,32784,25,13045,58,19057,6,682,58,4122,31,14616,64,18738,California
Calaveras,2021-05-08,291,33075,142,13187,146,19203,3,685,90,4018,197,14813,93,18831,California
Calaveras,2021-05-09,28,33103,12,13199,13,19216,3,688,13,4019,15,14828,16,18847,California
Calaveras,2021-05-10,65,33168,30,13229,34,19250,1,689,28,4014,35,14863,30,18877,California
Calaveras,2021-05-11,137,33305,92,13321,33,19283,12,701,96,4083,40,14903,109,18986,California
Calaveras,2021-05-12,172,33477,50,13371,122,19405,0,701,53,4019,118,15021,54,19040,California
Calaveras,2021-05-13,123,33600,66,13437,42,19447,15,716,66,4046,55,15076,82,19122,California
Calaveras,2021-05-14,148,33748,93,13530,52,19499,3,719,99,4100,48,15124,102,19224,California
Calaveras,2021-05-15,267,34015,96,13626,168,19667,3,722,106,4054,155,15279,109,19333,California
Calaveras,2021-05-16,30,34045,12,13638,18,19685,0,722,14,4053,16,15295,15,19348,California
Calaveras,2021-05-17,90,34135,42,13680,41,19726,7,729,47,4066,42,15337,55,19403,California
Calaveras,2021-05-18,229,34364,63,13743,144,19870,22,751,74,4008,154,15491,96,19499,California
Calaveras,2021-05-19,151,34515,64,13807,83,19953,4,755,72,4007,78,15569,77,19576,California
Calaveras,2021-05-20,203,34718,80,13887,97,20050,26,781,66,3964,134,15703,91,19667,California
Calaveras,2021-05-21,97,34815,55,13942,38,20088,4,785,58,3987,38,15741,61,19728,California
Calaveras,2021-05-22,301,35116,160,14102,141,20229,0,785,148,3983,152,15893,148,19876,California
Calaveras,2021-05-23,32,35148,16,14118,16,20245,0,785,13,3977,19,15912,13,19889,California
Calaveras,2021-05-24,76,35224,40,14158,20,20265,16,801,32,3982,44,15956,49,19938,California
Calaveras,2021-05-25,124,35348,48,14206,59,20324,17,818,56,3987,68,16024,73,20011,California
Calaveras,2021-05-26,121,35469,87,14293,30,20354,4,822,83,4036,37,16061,86,20097,California
Calaveras,2021-05-27,86,35555,44,14337,38,20392,4,826,30,4018,53,16114,35,20132,California
Calaveras,2021-05-28,85,35640,44,14381,37,20429,4,830,39,4015,46,16160,43,20175,California
Calaveras,2021-05-29,69,35709,23,14404,41,20470,5,835,33,4018,36,16196,39,20214,California
Calaveras,2021-05-30,36,35745,14,14418,17,20487,5,840,11,4009,25,16221,16,20230,California
Calaveras,2021-05-31,5,35750,0,14418,3,20490,2,842,0,4006,5,16226,2,20232,California
Calaveras,2021-06-01,147,35897,98,14516,43,20533,6,848,45,3955,102,16328,51,20283,California
Calaveras,2021-06-02,86,35983,55,14571,27,20560,4,852,37,3947,49,16377,41,20324,California
Calaveras,2021-06-03,93,36076,55,14626,31,20591,7,859,42,3949,49,16426,51,20375,California
Calaveras,2021-06-04,139,36215,93,14719,34,20625,12,871,36,3894,103,16529,48,20423,California
Calaveras,2021-06-05,85,36300,28,14747,55,20680,2,873,34,3880,50,16579,36,20459,California
Calaveras,2021-06-06,39,36339,28,14775,9,20689,2,875,21,3885,18,16597,23,20482,California
Calaveras,2021-06-07,62,36401,45,14820,9,20698,8,883,25,3882,36,16633,33,20515,California
Calaveras,2021-06-08,125,36526,80,14900,39,20737,6,889,58,3879,67,16700,64,20579,California
Calaveras,2021-06-09,95,36621,51,14951,38,20775,6,895,30,3852,65,16765,38,20617,California
Calaveras,2021-06-10,119,36740,59,15010,51,20826,9,904,41,3826,76,16841,50,20667,California
Calaveras,2021-06-11,105,36845,60,15070,40,20866,5,909,34,3794,71,16912,39,20706,California
Calaveras,2021-06-12,63,36908,37,15107,24,20890,2,911,20,3774,43,16955,23,20729,California
Calaveras,2021-06-13,31,36939,18,15125,9,20899,4,915,8,3763,23,16978,12,20741,California
Calaveras,2021-06-14,60,36999,40,15165,16,20915,4,919,23,3755,37,17015,29,20770,California
Calaveras,2021-06-15,90,37089,55,15220,26,20941,9,928,23,3721,67,17082,33,20803,California
Calaveras,2021-06-16,179,37268,138,15358,27,20968,14,942,39,3635,139,17221,53,20856,California
Calaveras,2021-06-17,60,37328,33,15391,23,20991,4,946,25,3632,32,17253,29,20885,California
Calaveras,2021-06-18,60,37388,41,15432,15,21006,4,950,25,3626,35,17288,29,20914,California
Calaveras,2021-06-19,66,37454,23,15455,26,21032,17,967,23,3623,43,17331,40,20954,California
Calaveras,2021-06-20,6,37460,2,15457,3,21035,1,968,2,3622,4,17335,3,20957,California
Calaveras,2021-06-21,39,37499,15,15472,18,21053,6,974,24,3638,15,17350,31,20988,California
Calaveras,2021-06-22,62,37561,32,15504,28,21081,2,976,28,3636,33,17383,31,21019,California
Calaveras,2021-06-23,64,37625,38,15542,19,21100,7,983,30,3639,34,17417,37,21056,California
Calaveras,2021-06-24,69,37694,37,15579,30,21130,2,985,35,3642,34,17451,37,21093,California
Calaveras,2021-06-25,53,37747,33,15612,12,21142,8,993,23,3643,30,17481,31,21124,California
Calaveras,2021-06-26,33,37780,16,15628,15,21157,2,995,20,3653,13,17494,23,21147,California
Calaveras,2021-06-27,18,37798,16,15644,1,21158,1,996,8,3652,10,17504,9,21156,California
Calaveras,2021-06-28,45,37843,27,15671,13,21171,5,1001,18,3650,26,17530,24,21180,California
Calaveras,2021-06-29,60,37903,48,15719,9,21180,3,1004,27,3649,31,17561,30,21210,California
Calaveras,2021-06-30,42,37945,26,15745,8,21188,8,1012,21,3657,21,17582,29,21239,California
Calaveras,2021-07-01,40,37985,24,15769,11,21199,5,1017,20,3663,19,17601,25,21264,California
Calaveras,2021-07-02,42,38027,32,15801,8,21207,2,1019,25,3673,17,17618,27,21291,California
Calaveras,2021-07-03,21,38048,15,15816,5,21212,1,1020,11,3675,10,17628,12,21303,California
Calaveras,2021-07-04,3,38051,1,15817,2,21214,0,1020,3,3678,0,17628,3,21306,California
Calaveras,2021-07-05,25,38076,15,15832,7,21221,3,1023,5,3667,20,17648,9,21315,California
Calaveras,2021-07-06,65,38141,26,15858,23,21244,16,1039,33,3685,32,17680,50,21365,California
Calaveras,2021-07-07,43,38184,25,15883,14,21258,4,1043,21,3689,21,17701,25,21390,California
Calaveras,2021-07-08,54,38238,19,15902,30,21288,5,1048,26,3693,27,17728,31,21421,California
Calaveras,2021-07-09,34,38272,17,15919,13,21301,4,1052,18,3699,16,17744,22,21443,California
Calaveras,2021-07-10,41,38313,27,15946,12,21313,2,1054,24,3709,17,17761,27,21470,California
Calaveras,2021-07-11,20,38333,12,15958,7,21320,1,1055,15,3720,5,17766,16,21486,California
Colusa,2020-12-18,1,1,1,1,0,0,0,0,1,1,0,0,1,1,California
Colusa,2020-12-21,2,3,2,3,0,0,0,0,2,3,0,0,2,3,California
Colusa,2020-12-22,10,13,10,13,0,0,0,0,10,13,0,0,10,13,California
Colusa,2020-12-23,10,23,10,23,0,0,0,0,10,23,0,0,10,23,California
Colusa,2020-12-24,2,25,1,24,1,1,0,0,2,25,0,0,2,25,California
Colusa,2020-12-27,1,26,1,25,0,1,0,0,1,26,0,0,1,26,California
Colusa,2020-12-28,7,33,3,28,4,5,0,0,7,33,0,0,7,33,California
Colusa,2020-12-29,10,43,8,36,2,7,0,0,10,43,0,0,10,43,California
Colusa,2020-12-30,51,94,14,50,37,44,0,0,51,94,0,0,51,94,California
Colusa,2020-12-31,18,112,1,51,17,61,0,0,18,112,0,0,18,112,California
Colusa,2021-01-04,3,115,0,51,3,64,0,0,3,115,0,0,3,115,California
Colusa,2021-01-05,68,183,1,52,67,131,0,0,68,183,0,0,68,183,California
Colusa,2021-01-06,15,198,9,61,6,137,0,0,15,198,0,0,15,198,California
Colusa,2021-01-07,40,238,5,66,35,172,0,0,39,236,1,1,39,237,California
Colusa,2021-01-08,9,247,7,73,2,174,0,0,8,243,1,2,8,245,California
Colusa,2021-01-09,2,249,1,74,1,175,0,0,2,245,0,2,2,247,California
Colusa,2021-01-10,1,250,0,74,1,176,0,0,1,246,0,2,1,248,California
Colusa,2021-01-11,12,262,6,80,6,182,0,0,7,248,5,7,7,255,California
Colusa,2021-01-12,11,273,9,89,2,184,0,0,6,249,5,12,6,261,California
Colusa,2021-01-13,21,294,13,102,8,192,0,0,13,254,8,20,13,274,California
Colusa,2021-01-14,36,330,29,131,7,199,0,0,34,286,2,22,34,308,California
Colusa,2021-01-15,42,372,5,136,37,236,0,0,40,324,2,24,40,348,California
Colusa,2021-01-16,12,384,1,137,11,247,0,0,11,334,1,25,11,359,California
Colusa,2021-01-17,3,387,2,139,1,248,0,0,2,335,1,26,2,361,California
Colusa,2021-01-18,4,391,0,139,4,252,0,0,4,339,0,26,4,365,California
Colusa,2021-01-19,9,400,8,147,1,253,0,0,5,340,4,30,5,370,California
Colusa,2021-01-20,115,515,101,248,14,267,0,0,101,427,14,44,101,471,California
Colusa,2021-01-21,59,574,44,292,15,282,0,0,58,484,1,45,58,529,California
Colusa,2021-01-22,40,614,17,309,23,305,0,0,35,514,5,50,35,564,California
Colusa,2021-01-23,35,649,6,315,29,334,0,0,35,549,0,50,35,599,California
Colusa,2021-01-25,7,656,0,315,7,341,0,0,7,556,0,50,7,606,California
Colusa,2021-01-26,8,664,5,320,3,344,0,0,5,558,3,53,5,611,California
Colusa,2021-01-27,110,774,31,351,79,423,0,0,108,664,2,55,108,719,California
Colusa,2021-01-28,84,858,48,399,36,459,0,0,75,730,9,64,75,794,California
Colusa,2021-01-29,42,900,7,406,35,494,0,0,41,770,1,65,41,835,California
Colusa,2021-01-30,27,927,4,410,23,517,0,0,27,797,0,65,27,862,California
Colusa,2021-01-31,7,934,7,417,0,517,0,0,7,804,0,65,7,869,California
Colusa,2021-02-01,27,961,10,427,17,534,0,0,22,821,5,70,22,891,California
Colusa,2021-02-02,42,1003,8,435,34,568,0,0,36,851,6,76,36,927,California
Colusa,2021-02-03,74,1077,10,445,64,632,0,0,62,901,12,88,62,989,California
Colusa,2021-02-04,143,1220,81,526,62,694,0,0,114,986,29,117,114,1103,California
Colusa,2021-02-05,33,1253,9,535,24,718,0,0,30,1013,3,120,30,1133,California
Colusa,2021-02-06,285,1538,9,544,276,994,0,0,274,1276,11,131,274,1407,California
Colusa,2021-02-07,2,1540,1,545,1,995,0,0,0,1274,2,133,0,1407,California
Colusa,2021-02-08,41,1581,5,550,36,1031,0,0,38,1309,3,136,38,1445,California
Colusa,2021-02-09,231,1812,14,564,217,1248,0,0,176,1430,55,191,176,1621,California
Colusa,2021-02-10,118,1930,42,606,76,1324,0,0,74,1460,44,235,74,1695,California
Colusa,2021-02-11,107,2037,44,650,63,1387,0,0,80,1513,27,262,80,1775,California
Colusa,2021-02-12,117,2154,9,659,108,1495,0,0,78,1551,40,302,78,1853,California
Colusa,2021-02-13,60,2214,8,667,52,1547,0,0,52,1595,8,310,52,1905,California
Colusa,2021-02-14,20,2234,8,675,12,1559,0,0,14,1603,6,316,14,1919,California
Colusa,2021-02-15,46,2280,10,685,36,1595,0,0,39,1635,7,323,39,1958,California
Colusa,2021-02-16,69,2349,4,689,65,1660,0,0,68,1702,1,324,68,2026,California
Colusa,2021-02-17,209,2558,143,832,66,1726,0,0,62,1617,147,471,62,2088,California
Colusa,2021-02-18,139,2697,39,871,100,1826,0,0,116,1710,23,494,116,2204,California
Colusa,2021-02-19,157,2854,19,890,138,1964,0,0,131,1815,26,520,131,2335,California
Colusa,2021-02-20,32,2886,6,896,26,1990,0,0,13,1809,19,539,13,2348,California
Colusa,2021-02-21,4,2890,2,898,2,1992,0,0,2,1809,2,541,2,2350,California
Colusa,2021-02-22,45,2935,27,925,18,2010,0,0,30,1824,15,556,30,2380,California
Colusa,2021-02-23,21,2956,6,931,15,2025,0,0,17,1837,4,560,17,2397,California
Colusa,2021-02-24,308,3264,55,986,253,2278,0,0,159,1847,149,709,159,2556,California
Colusa,2021-02-25,118,3382,65,1051,53,2331,0,0,79,1887,39,748,79,2635,California
Colusa,2021-02-26,101,3483,15,1066,86,2417,0,0,60,1906,41,789,60,2695,California
Colusa,2021-02-27,57,3540,4,1070,53,2470,0,0,42,1933,15,804,42,2737,California
Colusa,2021-02-28,27,3567,15,1085,12,2482,0,0,18,1942,9,813,18,2755,California
Colusa,2021-03-01,46,3613,15,1100,31,2513,0,0,29,1954,17,830,29,2784,California
Colusa,2021-03-02,50,3663,13,1113,37,2550,0,0,26,1956,24,854,26,2810,California
Colusa,2021-03-03,253,3916,46,1159,207,2757,0,0,193,2089,60,914,193,3003,California
Colusa,2021-03-04,147,4063,60,1219,87,2844,0,0,77,2096,70,984,77,3080,California
Colusa,2021-03-05,111,4174,25,1244,77,2921,9,9,54,2102,57,1041,63,3143,California
Colusa,2021-03-06,276,4450,9,1253,267,3188,0,9,39,1904,237,1278,39,3182,California
Colusa,2021-03-07,9,4459,5,1258,4,3192,0,9,7,1909,2,1280,7,3189,California
Colusa,2021-03-08,108,4567,21,1279,52,3244,35,44,48,1933,59,1339,83,3272,California
Colusa,2021-03-09,288,4855,74,1353,191,3435,23,67,94,1856,194,1533,117,3389,California
Colusa,2021-03-10,310,5165,38,1391,236,3671,36,103,211,2004,99,1632,247,3636,California
Colusa,2021-03-11,437,5602,63,1454,353,4024,21,124,340,2266,97,1729,359,3995,California
Colusa,2021-03-12,111,5713,18,1472,80,4104,13,137,20,2208,91,1820,33,4028,California
Colusa,2021-03-13,68,5781,16,1488,43,4147,9,146,21,2191,47,1867,30,4058,California
Colusa,2021-03-14,21,5802,0,1488,19,4166,2,148,5,2183,15,1882,7,4065,California
Colusa,2021-03-15,81,5883,28,1516,45,4211,8,156,24,2158,57,1939,32,4097,California
Colusa,2021-03-16,298,6181,16,1532,236,4447,46,202,189,2284,109,2048,235,4332,California
Colusa,2021-03-17,195,6376,49,1581,146,4593,0,202,106,2301,89,2137,106,4438,California
Colusa,2021-03-18,326,6702,39,1620,216,4809,71,273,193,2433,133,2270,265,4703,California
Colusa,2021-03-19,78,6780,20,1640,56,4865,2,275,51,2459,27,2297,53,4756,California
Colusa,2021-03-20,52,6832,8,1648,43,4908,1,276,38,2484,14,2311,39,4795,California
Colusa,2021-03-21,6,6838,4,1652,2,4910,0,276,1,2480,5,2316,1,4796,California
Colusa,2021-03-22,62,6900,10,1662,43,4953,9,285,40,2507,22,2338,49,4845,California
Colusa,2021-03-23,82,6982,16,1678,64,5017,2,287,56,2539,26,2364,58,4903,California
Colusa,2021-03-24,339,7321,57,1735,276,5293,6,293,65,2335,274,2638,70,4973,California
Colusa,2021-03-25,111,7432,62,1797,44,5337,5,298,52,2333,59,2697,57,5030,California
Colusa,2021-03-26,300,7732,47,1844,249,5586,4,302,247,2531,53,2750,251,5281,California
Colusa,2021-03-27,63,7795,5,1849,58,5644,0,302,24,2516,39,2789,24,5305,California
Colusa,2021-03-28,16,7811,7,1856,9,5653,0,302,7,2514,9,2798,7,5312,California
Colusa,2021-03-29,71,7882,19,1875,46,5699,6,308,30,2509,41,2839,36,5348,California
Colusa,2021-03-30,152,8034,83,1958,67,5766,2,310,73,2505,79,2918,75,5423,California
Colusa,2021-03-31,233,8267,40,1998,193,5959,0,310,65,2403,167,3085,65,5488,California
Colusa,2021-04-01,436,8703,74,2072,307,6266,55,365,310,2642,125,3210,364,5852,California
Colusa,2021-04-02,82,8785,14,2086,54,6320,14,379,38,2650,44,3254,52,5904,California
Colusa,2021-04-03,62,8847,10,2096,29,6349,23,402,14,2638,48,3302,36,5940,California
Colusa,2021-04-04,18,8865,0,2096,8,6357,10,412,3,2636,15,3317,13,5953,California
Colusa,2021-04-05,99,8964,27,2123,56,6413,16,428,34,2621,65,3382,50,6003,California
Colusa,2021-04-06,130,9094,35,2158,45,6458,50,478,35,2611,95,3477,85,6088,California
Colusa,2021-04-07,357,9451,42,2200,292,6750,23,501,125,2529,231,3708,149,6237,California
Colusa,2021-04-08,429,9880,34,2234,367,7117,28,529,117,2365,309,4017,145,6382,California
Colusa,2021-04-09,77,9957,21,2255,32,7149,24,553,28,2368,49,4066,52,6434,California
Colusa,2021-04-10,45,10002,10,2265,14,7163,21,574,8,2360,37,4103,29,6463,California
Colusa,2021-04-11,16,10018,3,2268,11,7174,2,576,8,2362,8,4111,10,6473,California
Colusa,2021-04-12,32,10050,3,2271,29,7203,0,576,15,2360,17,4128,15,6488,California
Colusa,2021-04-13,280,10330,23,2294,257,7460,0,576,95,2271,184,4312,95,6583,California
Colusa,2021-04-14,97,10427,20,2314,77,7537,0,576,35,2244,62,4374,35,6618,California
Colusa,2021-04-15,325,10752,48,2362,277,7814,0,576,130,2179,195,4569,130,6748,California
Colusa,2021-04-16,79,10831,11,2373,68,7882,0,576,35,2171,43,4612,35,6783,California
Colusa,2021-04-17,54,10885,7,2380,47,7929,0,576,30,2177,24,4636,30,6813,California
Colusa,2021-04-18,9,10894,2,2382,7,7936,0,576,7,2182,2,4638,7,6820,California
Colusa,2021-04-19,61,10955,21,2403,40,7976,0,576,17,2155,44,4682,17,6837,California
Colusa,2021-04-20,189,11144,38,2441,151,8127,0,576,133,2232,56,4738,133,6970,California
Colusa,2021-04-21,178,11322,68,2509,110,8237,0,576,109,2272,69,4807,109,7079,California
Colusa,2021-04-22,425,11747,27,2536,397,8634,1,577,221,2290,203,5010,221,7300,California
Colusa,2021-04-23,96,11843,21,2557,75,8709,0,577,37,2268,59,5069,37,7337,California
Colusa,2021-04-24,241,12084,19,2576,221,8930,1,578,210,2447,31,5100,210,7547,California
Colusa,2021-04-25,12,12096,6,2582,6,8936,0,578,8,2451,4,5104,8,7555,California
Colusa,2021-04-26,25,12121,5,2587,19,8955,1,579,6,2439,18,5122,6,7561,California
Colusa,2021-04-27,97,12218,25,2612,68,9023,4,583,44,2434,53,5175,48,7609,California
Colusa,2021-04-28,196,12414,33,2645,160,9183,3,586,144,2530,51,5226,147,7756,California
Colusa,2021-04-29,320,12734,29,2674,287,9470,4,590,48,2312,270,5496,52,7808,California
Colusa,2021-04-30,70,12804,23,2697,47,9517,0,590,46,2334,24,5520,46,7854,California
Colusa,2021-05-01,19,12823,8,2705,8,9525,3,593,9,2336,10,5530,12,7866,California
Colusa,2021-05-02,5,12828,1,2706,3,9528,1,594,2,2336,3,5533,3,7869,California
Colusa,2021-05-03,31,12859,7,2713,24,9552,0,594,15,2335,16,5549,15,7884,California
Colusa,2021-05-04,99,12958,55,2768,43,9595,1,595,69,2375,30,5579,70,7954,California
Colusa,2021-05-05,84,13042,21,2789,62,9657,1,596,35,2362,49,5628,36,7990,California
Colusa,2021-05-06,254,13296,16,2805,236,9893,2,598,111,2332,143,5771,113,8103,California
Colusa,2021-05-07,66,13362,4,2809,58,9951,4,602,30,2330,36,5807,34,8137,California
Colusa,2021-05-08,18,13380,6,2815,12,9963,0,602,9,2330,9,5816,9,8146,California
Colusa,2021-05-09,13,13393,5,2820,5,9968,3,605,6,2332,7,5823,9,8155,California
Colusa,2021-05-10,26,13419,6,2826,20,9988,0,605,9,2324,17,5840,9,8164,California
Colusa,2021-05-11,93,13512,34,2860,59,10047,0,605,48,2327,45,5885,48,8212,California
Colusa,2021-05-12,78,13590,32,2892,42,10089,4,609,21,2295,57,5942,25,8237,California
Colusa,2021-05-13,249,13839,24,2916,224,10313,1,610,80,2207,169,6111,81,8318,California
Colusa,2021-05-14,95,13934,18,2934,62,10375,15,625,33,2194,61,6172,48,8366,California
Colusa,2021-05-15,41,13975,10,2944,29,10404,2,627,21,2197,20,6192,23,8389,California
Colusa,2021-05-16,24,13999,8,2952,9,10413,7,634,11,2202,13,6205,18,8407,California
Colusa,2021-05-17,25,14024,5,2957,18,10431,2,636,13,2205,12,6217,15,8422,California
Colusa,2021-05-18,104,14128,27,2984,75,10506,2,638,46,2195,58,6275,48,8470,California
Colusa,2021-05-19,224,14352,44,3028,160,10666,20,658,66,2123,158,6433,86,8556,California
Colusa,2021-05-20,284,14636,34,3062,246,10912,4,662,68,1979,216,6649,72,8628,California
Colusa,2021-05-21,70,14706,24,3086,44,10956,2,664,34,1979,36,6685,36,8664,California
Colusa,2021-05-22,222,14928,24,3110,197,11153,1,665,34,1826,188,6873,35,8699,California
Colusa,2021-05-23,19,14947,8,3118,7,11160,4,669,5,1821,14,6887,9,8708,California
Colusa,2021-05-24,26,14973,3,3121,18,11178,5,674,15,1830,11,6898,20,8728,California
Colusa,2021-05-25,135,15108,75,3196,58,11236,2,676,52,1801,83,6981,54,8782,California
Colusa,2021-05-26,73,15181,25,3221,47,11283,1,677,32,1793,41,7022,33,8815,California
Colusa,2021-05-27,171,15352,17,3238,154,11437,0,677,54,1730,117,7139,54,8869,California
Colusa,2021-05-28,80,15432,25,3263,54,11491,1,678,41,1733,39,7178,42,8911,California
Colusa,2021-05-29,40,15472,18,3281,18,11509,4,682,29,1755,11,7189,33,8944,California
Colusa,2021-05-30,8,15480,1,3282,2,11511,5,687,1,1754,7,7196,6,8950,California
Colusa,2021-05-31,4,15484,0,3282,4,11515,0,687,1,1752,3,7199,1,8951,California
Colusa,2021-06-01,49,15533,15,3297,33,11548,1,688,25,1754,24,7223,26,8977,California
Colusa,2021-06-02,146,15679,20,3317,124,11672,2,690,51,1713,94,7317,53,9030,California
Colusa,2021-06-03,63,15742,20,3337,42,11714,1,691,26,1706,34,7351,27,9057,California
Colusa,2021-06-04,61,15803,19,3356,38,11752,4,695,22,1693,39,7390,26,9083,California
Colusa,2021-06-05,35,15838,16,3372,18,11770,1,696,17,1693,18,7408,18,9101,California
Colusa,2021-06-06,11,15849,6,3378,4,11774,1,697,6,1695,5,7413,7,9108,California
Colusa,2021-06-07,24,15873,6,3384,18,11792,0,697,10,1691,14,7427,10,9118,California
Colusa,2021-06-08,75,15948,21,3405,54,11846,0,697,29,1674,46,7473,29,9147,California
Colusa,2021-06-09,71,16019,41,3446,30,11876,0,697,28,1659,43,7516,28,9175,California
Colusa,2021-06-10,58,16077,23,3469,31,11907,4,701,14,1633,44,7560,18,9193,California
Colusa,2021-06-11,57,16134,30,3499,27,11934,0,701,26,1628,31,7591,26,9219,California
Colusa,2021-06-12,37,16171,23,3522,14,11948,0,701,9,1609,28,7619,9,9228,California
Colusa,2021-06-13,10,16181,3,3525,5,11953,2,703,2,1605,8,7627,4,9232,California
Colusa,2021-06-14,19,16200,9,3534,10,11963,0,703,7,1600,12,7639,7,9239,California
Colusa,2021-06-15,75,16275,36,3570,38,12001,1,704,19,1564,56,7695,20,9259,California
Colusa,2021-06-16,56,16331,16,3586,39,12040,1,705,16,1541,40,7735,17,9276,California
Colusa,2021-06-17,116,16447,10,3596,105,12145,1,706,17,1460,99,7834,18,9294,California
Colusa,2021-06-18,63,16510,32,3628,27,12172,4,710,25,1451,38,7872,29,9323,California
Colusa,2021-06-19,26,16536,21,3649,4,12176,1,711,6,1438,20,7892,7,9330,California
Colusa,2021-06-20,9,16545,6,3655,3,12179,0,711,7,1443,2,7894,7,9337,California
Colusa,2021-06-21,20,16565,3,3658,16,12195,1,712,8,1440,12,7906,9,9346,California
Colusa,2021-06-22,67,16632,28,3686,34,12229,5,717,29,1437,37,7943,34,9380,California
Colusa,2021-06-23,50,16682,27,3713,22,12251,1,718,21,1430,29,7972,22,9402,California
Colusa,2021-06-24,60,16742,27,3740,31,12282,2,720,22,1416,38,8010,24,9426,California
Colusa,2021-06-25,41,16783,16,3756,25,12307,0,720,25,1425,16,8026,25,9451,California
Colusa,2021-06-26,18,16801,13,3769,5,12312,0,720,5,1417,13,8039,5,9456,California
Colusa,2021-06-27,7,16808,4,3773,3,12315,0,720,5,1420,2,8041,5,9461,California
Colusa,2021-06-28,8,16816,1,3774,6,12321,1,721,5,1423,3,8044,6,9467,California
Colusa,2021-06-29,41,16857,17,3791,20,12341,4,725,17,1421,23,8067,21,9488,California
Colusa,2021-06-30,77,16934,38,3829,38,12379,1,726,28,1402,49,8116,30,9518,California
Colusa,2021-07-01,48,16982,23,3852,24,12403,1,727,20,1395,28,8144,21,9539,California
Colusa,2021-07-02,49,17031,27,3879,21,12424,1,728,25,1397,24,8168,26,9565,California
Colusa,2021-07-03,21,17052,8,3887,13,12437,0,728,11,1398,10,8178,11,9576,California
Colusa,2021-07-04,3,17055,2,3889,1,12438,0,728,1,1397,2,8180,1,9577,California
Colusa,2021-07-05,10,17065,6,3895,4,12442,0,728,4,1395,6,8186,4,9581,California
Colusa,2021-07-06,44,17109,18,3913,25,12467,1,729,21,1396,21,8207,22,9603,California
Colusa,2021-07-07,53,17162,29,3942,23,12490,1,730,32,1408,21,8228,33,9636,California
Colusa,2021-07-08,27,17189,12,3954,14,12504,1,731,18,1418,9,8237,19,9655,California
Colusa,2021-07-09,28,17217,20,3974,6,12510,2,733,9,1409,19,8256,10,9665,California
Colusa,2021-07-10,14,17231,6,3980,8,12518,0,733,8,1411,6,8262,8,9673,California
Colusa,2021-07-11,2,17233,2,3982,0,12518,0,733,0,1409,2,8264,0,9673,California
Contra Costa,2020-12-15,19,19,19,19,0,0,0,0,19,19,0,0,19,19,California
Contra Costa,2020-12-16,527,546,527,546,0,0,0,0,527,546,0,0,527,546,California
Contra Costa,2020-12-17,1049,1595,1049,1595,0,0,0,0,1049,1595,0,0,1049,1595,California
Contra Costa,2020-12-18,1766,3361,1764,3359,2,2,0,0,1766,3361,0,0,1766,3361,California
Contra Costa,2020-12-19,1118,4479,1117,4476,1,3,0,0,1118,4479,0,0,1118,4479,California
Contra Costa,2020-12-20,602,5081,601,5077,1,4,0,0,602,5081,0,0,602,5081,California
Contra Costa,2020-12-21,1671,6752,1668,6745,3,7,0,0,1671,6752,0,0,1671,6752,California
Contra Costa,2020-12-22,1676,8428,1569,8314,107,114,0,0,1676,8428,0,0,1676,8428,California
Contra Costa,2020-12-23,1633,10061,1381,9695,252,366,0,0,1633,10061,0,0,1633,10061,California
Contra Costa,2020-12-24,657,10718,336,10031,321,687,0,0,657,10718,0,0,657,10718,California
Contra Costa,2020-12-25,41,10759,19,10050,22,709,0,0,41,10759,0,0,41,10759,California
Contra Costa,2020-12-26,654,11413,135,10185,519,1228,0,0,654,11413,0,0,654,11413,California
Contra Costa,2020-12-27,243,11656,87,10272,156,1384,0,0,243,11656,0,0,243,11656,California
Contra Costa,2020-12-28,1852,13508,872,11144,980,2364,0,0,1852,13508,0,0,1852,13508,California
Contra Costa,2020-12-29,1854,15362,829,11973,1025,3389,0,0,1854,15362,0,0,1854,15362,California
Contra Costa,2020-12-30,2418,17780,1223,13196,1195,4584,0,0,2416,17777,2,2,2417,17779,California
Contra Costa,2020-12-31,927,18707,308,13504,619,5203,0,0,926,18703,0,2,926,18705,California
Contra Costa,2021-01-01,68,18775,24,13528,44,5247,0,0,68,18771,0,2,68,18773,California
Contra Costa,2021-01-02,348,19123,179,13707,169,5416,0,0,347,19118,0,2,347,19120,California
Contra Costa,2021-01-03,182,19305,123,13830,59,5475,0,0,181,19299,0,2,181,19301,California
Contra Costa,2021-01-04,1905,21210,1247,15077,658,6133,0,0,1885,21166,18,20,1885,21186,California
Contra Costa,2021-01-05,2117,23327,1267,16344,850,6983,0,0,1831,22713,285,305,1832,23018,California
Contra Costa,2021-01-06,3310,26637,2271,18615,1039,8022,0,0,2491,24394,813,1118,2494,25512,California
Contra Costa,2021-01-07,3124,29761,2087,20702,1037,9059,0,0,1800,24874,1320,2438,1800,27312,California
Contra Costa,2021-01-08,3426,33187,2415,23117,1011,10070,0,0,1769,24994,1652,4090,1772,29084,California
Contra Costa,2021-01-09,1598,34785,1143,24260,455,10525,0,0,737,24873,860,4950,739,29823,California
Contra Costa,2021-01-10,372,35157,296,24556,76,10601,0,0,154,24809,218,5168,154,29977,California
Contra Costa,2021-01-11,3858,39015,3159,27715,699,11300,0,0,2230,25414,1628,6796,2233,32210,California
Contra Costa,2021-01-12,3967,42982,2974,30689,993,12293,0,0,2610,26672,1356,8152,2614,34824,California
Contra Costa,2021-01-13,4807,47789,3002,33691,1805,14098,0,0,3831,29532,972,9124,3832,38656,California
Contra Costa,2021-01-14,4340,52129,1575,35266,2765,16863,0,0,3949,33090,391,9515,3949,42605,California
Contra Costa,2021-01-15,5374,57503,2478,37744,2896,19759,0,0,5042,37805,331,9846,5046,47651,California
Contra Costa,2021-01-16,1754,59257,566,38310,1188,20947,0,0,1677,39405,77,9923,1677,49328,California
Contra Costa,2021-01-17,1671,60928,984,39294,687,21634,0,0,1550,40837,121,10044,1553,50881,California
Contra Costa,2021-01-18,3235,64163,1282,40576,1953,23587,0,0,2600,42810,628,10672,2601,53482,California
Contra Costa,2021-01-19,7091,71254,3174,43750,3917,27504,0,0,6076,47882,1010,11682,6082,59564,California
Contra Costa,2021-01-20,6914,78168,4314,48064,2600,30104,0,0,5662,52301,1248,12930,5667,65231,California
Contra Costa,2021-01-21,7102,85270,3161,51225,3941,34045,0,0,6365,57943,731,13661,6373,71604,California
Contra Costa,2021-01-22,6466,91736,2761,53986,3705,37750,0,0,5595,62679,862,14523,5598,77202,California
Contra Costa,2021-01-23,2054,93790,358,54344,1696,39446,0,0,1787,64203,265,14788,1789,78991,California
Contra Costa,2021-01-24,1593,95383,218,54562,1375,40821,0,0,1445,65504,148,14936,1449,80440,California
Contra Costa,2021-01-25,6727,102110,3056,57618,3671,44492,0,0,5130,69046,1592,16528,5134,85574,California
Contra Costa,2021-01-26,8192,110302,4730,62348,3462,47954,0,0,6308,73484,1876,18404,6314,91888,California
Contra Costa,2021-01-27,8250,118552,5442,67790,2808,50762,0,0,6383,78016,1855,20259,6387,98275,California
Contra Costa,2021-01-28,7510,126062,4103,71893,3407,54169,0,0,5882,82280,1622,21881,5886,104161,California
Contra Costa,2021-01-29,7538,133600,3916,75809,3622,57791,0,0,6203,87156,1329,23210,6205,110366,California
Contra Costa,2021-01-30,2146,135746,644,76453,1502,59293,0,0,1740,88498,398,23608,1740,112106,California
Contra Costa,2021-01-31,664,136410,433,76886,231,59524,0,0,568,88973,93,23701,568,112674,California
Contra Costa,2021-02-01,5867,142277,4077,80963,1790,61314,0,0,3951,91020,1908,25609,3955,116629,California
Contra Costa,2021-02-02,7645,149922,5118,86081,2527,63841,0,0,5924,95227,1718,27327,5925,122554,California
Contra Costa,2021-02-03,8329,158251,5491,91572,2838,66679,0,0,5609,98128,2709,30036,5610,128164,California
Contra Costa,2021-02-04,7531,165782,3596,95168,3935,70614,0,0,5751,102107,1777,31813,5756,133920,California
Contra Costa,2021-02-05,8503,174285,4842,100010,3661,74275,0,0,5778,105168,2717,34530,5778,139698,California
Contra Costa,2021-02-06,3497,177782,2171,102181,1326,75601,0,0,2836,107345,660,35190,2837,142535,California
Contra Costa,2021-02-07,1002,178784,728,102909,274,75875,0,0,607,107558,394,35584,607,143142,California
Contra Costa,2021-02-08,5914,184698,3515,106424,2399,78274,0,0,4403,110458,1504,37088,4404,147546,California
Contra Costa,2021-02-09,8732,193430,4820,111244,3912,82186,0,0,5789,113315,2933,40021,5790,153336,California
Contra Costa,2021-02-10,8715,202145,4681,115925,4034,86220,0,0,5339,115298,3359,43380,5342,158678,California
Contra Costa,2021-02-11,9412,211557,4254,120179,5158,91378,0,0,5181,116260,4224,47604,5186,163864,California
Contra Costa,2021-02-12,10205,221762,4679,124858,5526,96904,0,0,5492,117051,4704,52308,5495,169359,California
Contra Costa,2021-02-13,4943,226705,1391,126249,3552,100456,0,0,3432,118979,1506,53814,3434,172793,California
Contra Costa,2021-02-14,2111,228816,872,127121,1239,101695,0,0,1223,119317,885,54699,1223,174016,California
Contra Costa,2021-02-15,4518,233334,2500,129621,2018,103713,0,0,2344,119498,2164,56863,2345,176361,California
Contra Costa,2021-02-16,10505,243839,4965,134586,5540,109253,0,0,4676,118360,5818,62681,4680,181041,California
Contra Costa,2021-02-17,12400,256239,6218,140804,6182,115435,0,0,5664,117307,6718,69399,5665,186706,California
Contra Costa,2021-02-18,11604,267843,6013,146817,5591,121026,0,0,5363,116445,6227,75626,5365,192071,California
Contra Costa,2021-02-19,11630,279473,7243,154060,4387,125413,0,0,5245,115324,6368,81994,5247,197318,California
Contra Costa,2021-02-20,6618,286091,2996,157056,3622,129035,0,0,4659,118046,1941,83935,4663,201981,California
Contra Costa,2021-02-21,2361,288452,1771,158827,590,129625,0,0,1581,118848,779,84714,1581,203562,California
Contra Costa,2021-02-22,7983,296435,5408,164235,2575,132200,0,0,3658,118202,4307,89021,3661,207223,California
Contra Costa,2021-02-23,12541,308976,7724,171959,4817,137017,0,0,6300,118289,6221,95242,6308,213531,California
Contra Costa,2021-02-24,10967,319943,8047,180006,2920,139937,0,0,5317,117978,5628,100870,5317,218848,California
Contra Costa,2021-02-25,12130,332073,7704,187710,4426,144363,0,0,5600,117081,6504,107374,5607,224455,California
Contra Costa,2021-02-26,11304,343377,7136,194846,4168,148531,0,0,5600,116994,5689,113063,5602,230057,California
Contra Costa,2021-02-27,6958,350335,4487,199333,2471,151002,0,0,4367,118782,2581,115644,4369,234426,California
Contra Costa,2021-02-28,4349,354684,3610,202943,738,151740,1,1,3666,121772,678,116322,3668,238094,California
Contra Costa,2021-03-01,8724,363408,6602,209545,2115,153855,7,8,5374,123821,3335,119657,5384,243478,California
Contra Costa,2021-03-02,10768,374176,6894,216439,3873,157728,1,9,5777,124626,4974,124631,5779,249257,California
Contra Costa,2021-03-03,11447,385623,7202,223641,4244,161972,1,10,6465,126131,4962,129593,6467,255724,California
Contra Costa,2021-03-04,12034,397657,7196,230837,4836,166808,2,12,6268,126653,5748,135341,6270,261994,California
Contra Costa,2021-03-05,11517,409174,6930,237767,4580,171388,7,19,6612,128386,4887,140228,6620,268614,California
Contra Costa,2021-03-06,7516,416690,4215,241982,2990,174378,311,330,4919,131033,2580,142808,5227,273841,California
Contra Costa,2021-03-07,4015,420705,2476,244458,1353,175731,186,516,3192,133589,821,143629,3377,277218,California
Contra Costa,2021-03-08,8287,428992,3937,248395,4027,179758,323,839,5554,136747,2721,146350,5879,283097,California
Contra Costa,2021-03-09,11225,440217,5951,254346,4973,184731,301,1140,5863,137568,5346,151696,6167,289264,California
Contra Costa,2021-03-10,12494,452711,6242,260588,4753,189484,1499,2639,5685,137943,6794,158490,7169,296433,California
Contra Costa,2021-03-11,12558,465269,6612,267200,5379,194863,567,3206,6409,138788,6122,164612,6967,303400,California
Contra Costa,2021-03-12,12701,477970,5234,272434,6898,201761,569,3775,6313,139297,6363,170975,6872,310272,California
Contra Costa,2021-03-13,7914,485884,3186,275620,4294,206055,434,4209,3115,138060,4778,175753,3541,313813,California
Contra Costa,2021-03-14,4444,490328,2631,278251,1326,207381,487,4696,1688,137488,2746,178499,2174,315987,California
Contra Costa,2021-03-15,9536,499864,5180,283431,3592,210973,764,5460,4676,138085,4839,183338,5436,321423,California
Contra Costa,2021-03-16,14440,514304,8614,292045,5418,216391,408,5868,7071,138223,7340,190678,7478,328901,California
Contra Costa,2021-03-17,15192,529496,10504,302549,4463,220854,225,6093,8451,140191,6713,197391,8681,337582,California
Contra Costa,2021-03-18,15542,545038,8684,311233,6377,227231,481,6574,8555,142275,6949,204340,9033,346615,California
Contra Costa,2021-03-19,15762,560800,9114,320347,5234,232465,1414,7988,8126,144199,7617,211957,9541,356156,California
Contra Costa,2021-03-20,10792,571592,6478,326825,3999,236464,315,8303,5091,143931,5674,217631,5406,361562,California
Contra Costa,2021-03-21,4603,576195,4028,330853,476,236940,99,8402,1790,143018,2801,220432,1888,363450,California
Contra Costa,2021-03-22,11726,587921,8841,339694,2625,239565,260,8662,6806,145180,4900,225332,7062,370512,California
Contra Costa,2021-03-23,15783,603704,10899,350593,4712,244277,172,8834,9040,147678,6714,232046,9212,379724,California
Contra Costa,2021-03-24,15120,618824,11784,362377,3122,247399,214,9048,9104,151018,5980,238026,9320,389044,California
Contra Costa,2021-03-25,15443,634267,12037,374414,3112,250511,294,9342,9413,154730,5991,244017,9703,398747,California
Contra Costa,2021-03-26,15152,649419,10865,385279,3883,254394,404,9746,8681,157371,6438,250455,9079,407826,California
Contra Costa,2021-03-27,10581,660000,6875,392154,3194,257588,512,10258,5607,158520,4962,255417,6111,413937,California
Contra Costa,2021-03-28,4256,664256,3040,395194,1162,258750,54,10312,1615,157561,2628,258045,1669,415606,California
Contra Costa,2021-03-29,10949,675205,8544,403738,2290,261040,115,10427,6940,160631,3988,262033,7058,422664,California
Contra Costa,2021-03-30,16863,692068,9231,412969,6274,267314,1358,11785,10385,165913,6451,268484,11733,434397,California
Contra Costa,2021-03-31,18115,710183,12671,425640,3999,271313,1445,13230,11379,172036,6685,275169,12808,447205,California
Contra Costa,2021-04-01,17647,727830,12306,437946,3946,275259,1395,14625,11409,178634,6194,281363,12792,459997,California
Contra Costa,2021-04-02,17539,745369,12905,450851,3602,278861,1032,15657,11614,185359,5913,287276,12638,472635,California
Contra Costa,2021-04-03,10907,756276,6509,457360,2846,281707,1552,17209,6213,188440,4678,291954,7759,480394,California
Contra Costa,2021-04-04,3364,759640,1334,458694,1427,283134,603,17812,849,187382,2507,294461,1449,481843,California
Contra Costa,2021-04-05,12151,771791,7914,466608,3248,286382,989,18801,6579,189393,5556,300017,7567,489410,California
Contra Costa,2021-04-06,17391,789182,12035,478643,3058,289440,2298,21099,9736,193787,7633,307650,12027,501437,California
Contra Costa,2021-04-07,18660,807842,12627,491270,3206,292646,2827,23926,10562,199134,8071,315721,13418,514855,California
Contra Costa,2021-04-08,18736,826578,12483,503753,3327,295973,2926,26852,10035,203409,8672,324393,12947,527802,California
Contra Costa,2021-04-09,18922,845500,12074,515827,4338,300311,2510,29362,10103,207225,8787,333180,12603,540405,California
Contra Costa,2021-04-10,10610,856110,3851,519678,2193,302504,4566,33928,3328,207835,7260,340440,7870,548275,California
Contra Costa,2021-04-11,3370,859480,2008,521686,695,303199,667,34595,1131,207398,2233,342673,1796,550071,California
Contra Costa,2021-04-12,12031,871511,7930,529616,3017,306216,1084,35679,5650,207774,6363,349036,6739,556810,California
Contra Costa,2021-04-13,17970,889481,11027,540643,6935,313151,8,35687,11980,213807,5960,354996,11993,568803,California
Contra Costa,2021-04-14,17792,907273,11183,551826,6608,319759,1,35688,9883,215811,7884,362880,9888,578691,California
Contra Costa,2021-04-15,17593,924866,10794,562620,6798,326557,1,35689,8150,214575,9411,372291,8175,586866,California
Contra Costa,2021-04-16,17024,941890,10596,573216,6427,332984,1,35690,7688,212964,9308,381599,7697,594563,California
Contra Costa,2021-04-17,11595,953485,6360,579576,5235,338219,0,35690,6264,213924,5311,386910,6271,600834,California
Contra Costa,2021-04-18,2939,956424,2294,581870,645,338864,0,35690,1859,214714,1069,387979,1859,602693,California
Contra Costa,2021-04-19,11522,967946,8601,590471,2921,341785,0,35690,3672,210569,7821,395800,3676,606369,California
Contra Costa,2021-04-20,17046,984992,11113,601584,5933,347718,0,35690,6451,206466,10559,406359,6456,612825,California
Contra Costa,2021-04-21,17861,1002853,14599,616183,3261,350979,1,35691,6433,201530,11378,417737,6442,619267,California
Contra Costa,2021-04-22,17384,1020237,14077,630260,3305,354284,2,35693,6147,196493,11195,428932,6158,625425,California
Contra Costa,2021-04-23,17207,1037444,13697,643957,3508,357792,2,35695,5567,190469,11602,440534,5578,631003,California
Contra Costa,2021-04-24,10965,1048409,8451,652408,2513,360305,1,35696,4208,187951,6730,447264,4212,635215,California
Contra Costa,2021-04-25,3291,1051700,2220,654628,1069,361374,2,35698,2077,188821,1213,448477,2083,637298,California
Contra Costa,2021-04-26,10137,1061837,8462,663090,1651,363025,24,35722,3069,184882,7045,455522,3106,640404,California
Contra Costa,2021-04-27,14762,1076599,10796,673886,3788,366813,178,35900,4043,178420,10692,466214,4230,644634,California
Contra Costa,2021-04-28,14344,1090943,11182,685068,2875,369688,287,36187,3855,172119,10449,476663,4148,648782,California
Contra Costa,2021-04-29,13576,1104519,10525,695593,2882,372570,169,36356,3277,165305,10266,486929,3452,652234,California
Contra Costa,2021-04-30,13851,1118370,10905,706498,2688,375258,258,36614,3205,158163,10611,497540,3469,655703,California
Contra Costa,2021-05-01,8051,1126421,5851,712349,1878,377136,322,36936,1917,154295,6108,503648,2240,657943,California
Contra Costa,2021-05-02,2337,1128758,1588,713937,669,377805,80,37016,985,154021,1339,504987,1065,659008,California
Contra Costa,2021-05-03,9136,1137894,8016,721953,944,378749,176,37192,1931,148946,7185,512172,2110,661118,California
Contra Costa,2021-05-04,14212,1152106,12274,734227,1608,380357,330,37522,2309,139713,11872,524044,2639,663757,California
Contra Costa,2021-05-05,12664,1164770,10930,745157,1531,381888,203,37725,2445,132174,10187,534231,2648,666405,California
Contra Costa,2021-05-06,10375,1175145,8621,753778,1417,383305,337,38062,1970,126109,8380,542611,2315,668720,California
Contra Costa,2021-05-07,9701,1184846,7801,761579,1676,384981,224,38286,2234,121131,7432,550043,2454,671174,California
Contra Costa,2021-05-08,5418,1190264,4103,765682,1147,386128,168,38454,1311,118523,4091,554134,1483,672657,California
Contra Costa,2021-05-09,2149,1192413,1820,767502,270,386398,59,38513,448,117339,1693,555827,509,673166,California
Contra Costa,2021-05-10,4975,1197388,3987,771489,768,387166,220,38733,1337,115277,3617,559444,1555,674721,California
Contra Costa,2021-05-11,8897,1206285,4694,776183,3964,391130,239,38972,1779,110204,7097,566541,2024,676745,California
Contra Costa,2021-05-12,9288,1215573,4793,780976,4228,395358,267,39239,1596,104409,7664,574205,1869,678614,California
Contra Costa,2021-05-13,11808,1227381,7886,788862,3735,399093,187,39426,4241,101300,7540,581745,4431,683045,California
Contra Costa,2021-05-14,12293,1239674,8215,797077,3793,402886,285,39711,5029,99377,7235,588980,5312,688357,California
Contra Costa,2021-05-15,10037,1249711,7285,804362,2634,405520,118,39829,4417,98313,5601,594581,4537,692894,California
Contra Costa,2021-05-16,2644,1252355,2322,806684,271,405791,51,39880,1222,98169,1416,595997,1272,694166,California
Contra Costa,2021-05-17,7135,1259490,5759,812443,1199,406990,177,40057,3557,98347,3557,599554,3735,697901,California
Contra Costa,2021-05-18,10256,1269746,7020,819463,3018,410008,218,40275,4443,97229,5782,605336,4664,702565,California
Contra Costa,2021-05-19,8506,1278252,6871,826334,1439,411447,196,40471,3836,96618,4647,609983,4036,706601,California
Contra Costa,2021-05-20,7205,1285457,5685,832019,1333,412780,187,40658,3329,96288,3846,613829,3516,710117,California
Contra Costa,2021-05-21,7095,1292552,5433,837452,1450,414230,212,40870,3210,95851,3856,617685,3419,713536,California
Contra Costa,2021-05-22,5151,1297703,4072,841524,900,415130,179,41049,2519,95937,2609,620294,2695,716231,California
Contra Costa,2021-05-23,1286,1298989,857,842381,371,415501,58,41107,608,95933,669,620963,665,716896,California
Contra Costa,2021-05-24,4746,1303735,3930,846311,639,416140,177,41284,2230,95841,2503,623466,2411,719307,California
Contra Costa,2021-05-25,6284,1310019,5110,851421,923,417063,251,41535,2636,95098,3629,627095,2886,722193,California
Contra Costa,2021-05-26,5636,1315655,3622,855043,1825,418888,189,41724,1941,93554,3673,630768,2129,724322,California
Contra Costa,2021-05-27,3814,1319469,2701,857744,936,419824,177,41901,1604,93137,2194,632962,1777,726099,California
Contra Costa,2021-05-28,5356,1324825,3744,861488,1441,421265,171,42072,2232,92437,3099,636061,2399,728498,California
Contra Costa,2021-05-29,3298,1328123,2148,863636,1033,422298,117,42189,1634,92535,1653,637714,1751,730249,California
Contra Costa,2021-05-30,936,1329059,591,864227,316,422614,29,42218,347,92324,587,638301,376,730625,California
Contra Costa,2021-05-31,389,1329448,269,864496,108,422722,12,42230,127,92204,258,638559,138,730763,California
Contra Costa,2021-06-01,4806,1334254,3576,868072,1084,423806,146,42376,1661,90883,3128,641687,1807,732570,California
Contra Costa,2021-06-02,3443,1337697,2440,870512,859,424665,144,42520,1409,90412,2023,643710,1552,734122,California
Contra Costa,2021-06-03,5444,1343141,4538,875050,791,425456,115,42635,1408,87905,4030,647740,1523,735645,California
Contra Costa,2021-06-04,6398,1349539,5362,880412,897,426353,139,42774,1584,84829,4796,652536,1720,737365,California
Contra Costa,2021-06-05,5219,1354758,4427,884839,680,427033,112,42886,1080,81892,4126,656662,1189,738554,California
Contra Costa,2021-06-06,1366,1356124,1193,886032,143,427176,30,42916,323,81205,1040,657702,353,738907,California
Contra Costa,2021-06-07,4944,1361068,4351,890383,493,427669,100,43016,1355,79083,3578,661280,1456,740363,California
Contra Costa,2021-06-08,6102,1367170,5263,895646,716,428385,123,43139,1414,75950,4670,665950,1537,741900,California
Contra Costa,2021-06-09,4874,1372044,4156,899802,570,428955,148,43287,1256,73753,3599,669549,1402,743302,California
Contra Costa,2021-06-10,4797,1376841,4031,903833,597,429552,169,43456,1231,71603,3550,673099,1400,744702,California
Contra Costa,2021-06-11,4851,1381692,3977,907810,676,430228,198,43654,1275,69514,3561,676660,1472,746174,California
Contra Costa,2021-06-12,3181,1384873,2700,910510,414,430642,67,43721,721,67852,2448,679108,786,746960,California
Contra Costa,2021-06-13,1152,1386025,859,911369,185,430827,108,43829,287,67389,858,679966,395,747355,California
Contra Costa,2021-06-14,3914,1389939,3308,914677,477,431304,129,43958,1137,65892,2760,682726,1263,748618,California
Contra Costa,2021-06-15,4184,1394123,3489,918166,535,431839,160,44118,1317,64512,2857,685583,1477,750095,California
Contra Costa,2021-06-16,3484,1397607,2837,921003,459,432298,188,44306,1208,63649,2257,687840,1394,751489,California
Contra Costa,2021-06-17,2776,1400383,2272,923275,377,432675,127,44433,1055,63115,1714,689554,1180,752669,California
Contra Costa,2021-06-18,3692,1404075,3039,926314,462,433137,191,44624,1325,62274,2355,691909,1514,754183,California
Contra Costa,2021-06-19,2040,1406115,1704,928018,232,433369,104,44728,574,61491,1462,693371,679,754862,California
Contra Costa,2021-06-20,790,1406905,663,928681,98,433467,29,44757,333,61399,453,693824,361,755223,California
Contra Costa,2021-06-21,1820,1408725,1381,930062,280,433747,159,44916,977,61698,835,694659,1134,756357,California
Contra Costa,2021-06-22,3044,1411769,2578,932640,325,434072,141,45057,1186,61180,1844,696503,1326,757683,California
Contra Costa,2021-06-23,2562,1414331,2129,934769,331,434403,102,45159,1028,60784,1526,698029,1130,758813,California
Contra Costa,2021-06-24,2355,1416686,1979,936748,247,434650,129,45288,945,60458,1398,699427,1072,759885,California
Contra Costa,2021-06-25,2773,1419459,2259,939007,358,435008,156,45444,1127,60102,1641,701068,1285,761170,California
Contra Costa,2021-06-26,1477,1420936,1210,940217,170,435178,97,45541,478,59680,997,702065,575,761745,California
Contra Costa,2021-06-27,691,1421627,603,940820,66,435244,22,45563,273,59559,416,702481,295,762040,California
Contra Costa,2021-06-28,2350,1423977,2024,942844,177,435421,149,45712,844,59057,1494,703975,992,763032,California
Contra Costa,2021-06-29,2535,1426512,2111,944955,293,435714,131,45843,973,58609,1549,705524,1101,764133,California
Contra Costa,2021-06-30,2183,1428695,1787,946742,298,436012,98,45941,886,58307,1284,706808,982,765115,California
Contra Costa,2021-07-01,2077,1430772,1744,948486,226,436238,107,46048,840,58030,1227,708035,950,766065,California
Contra Costa,2021-07-02,2184,1432956,1781,950267,303,436541,100,46148,907,57770,1267,709302,1007,767072,California
Contra Costa,2021-07-03,1057,1434013,865,951132,133,436674,59,46207,426,57629,625,709927,484,767556,California
Contra Costa,2021-07-04,51,1434064,18,951150,18,436692,15,46222,18,57629,33,709960,33,767589,California
Contra Costa,2021-07-05,825,1434889,678,951828,107,436799,40,46262,395,57637,427,710387,435,768024,California
Contra Costa,2021-07-06,2621,1437510,2222,954050,269,437068,130,46392,871,56902,1734,712121,999,769023,California
Contra Costa,2021-07-07,1999,1439509,1671,955721,220,437288,108,46500,770,56558,1219,713340,875,769898,California
Contra Costa,2021-07-08,1747,1441256,1481,957202,186,437474,80,46580,723,56347,1014,714354,803,770701,California
Contra Costa,2021-07-09,2121,1443377,1710,958912,303,437777,108,46688,855,56051,1257,715611,961,771662,California
Contra Costa,2021-07-10,777,1444154,654,959566,103,437880,20,46708,321,55939,452,716063,340,772002,California
Contra Costa,2021-07-11,492,1444646,301,959867,119,437999,72,46780,178,55876,313,716376,250,772252,California
Del Norte,2020-12-21,23,23,23,23,0,0,0,0,23,23,0,0,23,23,California
Del Norte,2020-12-22,46,69,46,69,0,0,0,0,46,69,0,0,46,69,California
Del Norte,2020-12-23,59,128,48,117,11,11,0,0,57,126,0,0,57,126,California
Del Norte,2020-12-28,34,162,34,151,0,11,0,0,34,160,0,0,34,160,California
Del Norte,2020-12-29,4,166,4,155,0,11,0,0,4,164,0,0,4,164,California
Del Norte,2020-12-30,67,233,55,210,12,23,0,0,68,232,0,0,68,232,California
Del Norte,2020-12-31,16,249,13,223,3,26,0,0,16,248,0,0,16,248,California
Del Norte,2021-01-04,103,352,50,273,53,79,0,0,103,351,0,0,103,351,California
Del Norte,2021-01-05,32,384,0,273,32,111,0,0,32,383,0,0,32,383,California
Del Norte,2021-01-06,77,461,18,291,59,170,0,0,77,460,0,0,77,460,California
Del Norte,2021-01-07,21,482,1,292,20,190,0,0,21,481,0,0,21,481,California
Del Norte,2021-01-08,77,559,7,299,70,260,0,0,77,558,0,0,77,558,California
Del Norte,2021-01-11,40,599,21,320,19,279,0,0,18,555,22,22,19,577,California
Del Norte,2021-01-12,52,651,33,353,19,298,0,0,31,565,21,43,31,608,California
Del Norte,2021-01-13,86,737,40,393,46,344,0,0,53,585,33,76,53,661,California
Del Norte,2021-01-14,54,791,14,407,40,384,0,0,48,627,6,82,48,709,California
Del Norte,2021-01-15,107,898,18,425,89,473,0,0,95,710,12,94,95,804,California
Del Norte,2021-01-17,1,899,1,426,0,473,0,0,1,711,0,94,1,805,California
Del Norte,2021-01-18,2,901,0,426,2,475,0,0,2,713,0,94,2,807,California
Del Norte,2021-01-19,118,1019,56,482,62,537,0,0,76,747,42,136,76,883,California
Del Norte,2021-01-20,161,1180,86,568,75,612,0,0,98,782,63,199,98,981,California
Del Norte,2021-01-21,43,1223,40,608,3,615,0,0,32,803,11,210,32,1013,California
Del Norte,2021-01-22,19,1242,17,625,2,617,0,0,12,808,7,217,12,1025,California
Del Norte,2021-01-23,1,1243,0,625,1,618,0,0,1,809,0,217,1,1026,California
Del Norte,2021-01-24,1,1244,0,625,1,619,0,0,1,810,0,217,1,1027,California
Del Norte,2021-01-25,101,1345,83,708,18,637,0,0,56,821,45,262,56,1083,California
Del Norte,2021-01-26,18,1363,11,719,7,644,0,0,7,817,11,273,7,1090,California
Del Norte,2021-01-27,64,1427,21,740,43,687,0,0,61,875,3,276,61,1151,California
Del Norte,2021-01-28,293,1720,20,760,273,960,0,0,288,1158,5,281,288,1439,California
Del Norte,2021-01-29,64,1784,23,783,41,1001,0,0,44,1182,20,301,44,1483,California
Del Norte,2021-01-30,8,1792,1,784,7,1008,0,0,8,1190,0,301,8,1491,California
Del Norte,2021-02-01,41,1833,1,785,40,1048,0,0,26,1201,15,316,26,1517,California
Del Norte,2021-02-02,142,1975,33,818,109,1157,0,0,72,1206,68,384,73,1590,California
Del Norte,2021-02-03,129,2104,42,860,87,1244,0,0,74,1225,55,439,74,1664,California
Del Norte,2021-02-04,70,2174,28,888,42,1286,0,0,41,1236,30,469,41,1705,California
Del Norte,2021-02-05,183,2357,21,909,162,1448,0,0,118,1290,64,533,118,1823,California
Del Norte,2021-02-06,311,2668,5,914,306,1754,0,0,311,1601,0,533,311,2134,California
Del Norte,2021-02-07,2,2670,1,915,1,1755,0,0,2,1603,0,533,2,2136,California
Del Norte,2021-02-08,35,2705,1,916,34,1789,0,0,31,1630,4,537,31,2167,California
Del Norte,2021-02-09,8,2713,5,921,3,1792,0,0,2,1626,6,543,2,2169,California
Del Norte,2021-02-10,143,2856,20,941,123,1915,0,0,85,1654,57,600,85,2254,California
Del Norte,2021-02-11,178,3034,59,1000,119,2034,0,0,64,1604,114,714,64,2318,California
Del Norte,2021-02-12,123,3157,14,1014,109,2143,0,0,69,1619,54,768,69,2387,California
Del Norte,2021-02-13,2,3159,1,1015,1,2144,0,0,2,1621,0,768,2,2389,California
Del Norte,2021-02-14,3,3162,1,1016,2,2146,0,0,2,1622,1,769,2,2391,California
Del Norte,2021-02-15,5,3167,0,1016,5,2151,0,0,3,1623,2,771,3,2394,California
Del Norte,2021-02-16,131,3298,1,1017,130,2281,0,0,13,1518,118,889,13,2407,California
Del Norte,2021-02-17,93,3391,20,1037,73,2354,0,0,25,1476,67,956,25,2432,California
Del Norte,2021-02-18,77,3468,24,1061,53,2407,0,0,51,1501,26,982,51,2483,California
Del Norte,2021-02-19,43,3511,17,1078,26,2433,0,0,33,1524,10,992,33,2516,California
Del Norte,2021-02-20,9,3520,6,1084,3,2436,0,0,6,1527,3,995,6,2522,California
Del Norte,2021-02-21,1,3521,0,1084,1,2437,0,0,0,1526,1,996,0,2522,California
Del Norte,2021-02-22,2,3523,0,1084,2,2439,0,0,2,1528,0,996,2,2524,California
Del Norte,2021-02-23,112,3635,93,1177,19,2458,0,0,34,1485,77,1073,34,2558,California
Del Norte,2021-02-24,157,3792,101,1278,56,2514,0,0,82,1492,75,1148,82,2640,California
Del Norte,2021-02-25,487,4279,137,1415,350,2864,0,0,220,1447,265,1413,220,2860,California
Del Norte,2021-02-26,213,4492,176,1591,37,2901,0,0,166,1566,47,1460,166,3026,California
Del Norte,2021-02-27,149,4641,143,1734,5,2906,1,1,140,1698,9,1469,141,3167,California
Del Norte,2021-02-28,4,4645,1,1735,3,2909,0,1,3,1700,1,1470,3,3170,California
Del Norte,2021-03-01,28,4673,2,1737,26,2935,0,1,4,1681,23,1493,4,3174,California
Del Norte,2021-03-02,222,4895,142,1879,80,3015,0,1,188,1835,34,1527,188,3362,California
Del Norte,2021-03-03,177,5072,107,1986,70,3085,0,1,135,1928,42,1569,135,3497,California
Del Norte,2021-03-04,122,5194,84,2070,38,3123,0,1,92,1991,29,1598,92,3589,California
Del Norte,2021-03-05,123,5317,11,2081,112,3235,0,1,74,2016,49,1647,74,3663,California
Del Norte,2021-03-06,465,5782,77,2158,339,3574,49,50,163,1884,302,1949,170,3833,California
Del Norte,2021-03-07,2,5784,1,2159,1,3575,0,50,1,1884,1,1950,1,3834,California
Del Norte,2021-03-08,29,5813,1,2160,26,3601,2,52,6,1870,22,1972,8,3842,California
Del Norte,2021-03-09,194,6007,113,2273,78,3679,3,55,183,2045,11,1983,186,4028,California
Del Norte,2021-03-10,236,6243,96,2369,111,3790,29,84,134,2106,102,2085,163,4191,California
Del Norte,2021-03-11,151,6394,55,2424,91,3881,5,89,103,2166,48,2133,108,4299,California
Del Norte,2021-03-12,178,6572,88,2512,90,3971,0,89,124,2237,53,2186,124,4423,California
Del Norte,2021-03-13,94,6666,93,2605,1,3972,0,89,91,2325,3,2189,91,4514,California
Del Norte,2021-03-14,1,6667,0,2605,1,3973,0,89,1,2325,1,2190,1,4515,California
Del Norte,2021-03-15,38,6705,0,2605,38,4011,0,89,34,2355,4,2194,34,4549,California
Del Norte,2021-03-16,282,6987,135,2740,147,4158,0,89,258,2589,24,2218,258,4807,California
Del Norte,2021-03-17,284,7271,95,2835,187,4345,2,91,169,2645,115,2333,171,4978,California
Del Norte,2021-03-18,284,7555,107,2942,175,4520,2,93,144,2652,139,2472,146,5124,California
Del Norte,2021-03-19,270,7825,160,3102,104,4624,6,99,92,2572,178,2650,98,5222,California
Del Norte,2021-03-20,156,7981,153,3255,3,4627,0,99,15,2446,141,2791,15,5237,California
Del Norte,2021-03-21,4,7985,2,3257,2,4629,0,99,2,2446,2,2793,2,5239,California
Del Norte,2021-03-22,43,8028,3,3260,39,4668,1,100,39,2483,3,2796,40,5279,California
Del Norte,2021-03-23,335,8363,164,3424,153,4821,18,118,164,2495,169,2965,181,5460,California
Del Norte,2021-03-24,397,8760,107,3531,250,5071,40,158,228,2594,169,3134,268,5728,California
Del Norte,2021-03-25,193,8953,88,3619,105,5176,0,158,85,2572,107,3241,85,5813,California
Del Norte,2021-03-26,234,9187,113,3732,121,5297,0,158,197,2732,37,3278,197,6010,California
Del Norte,2021-03-27,107,9294,86,3818,4,5301,17,175,17,2676,90,3368,34,6044,California
Del Norte,2021-03-28,4,9298,2,3820,2,5303,0,175,1,2674,3,3371,1,6045,California
Del Norte,2021-03-29,57,9355,6,3826,34,5337,17,192,32,2698,25,3396,49,6094,California
Del Norte,2021-03-30,338,9693,119,3945,208,5545,11,203,126,2623,212,3608,137,6231,California
Del Norte,2021-03-31,356,10049,101,4046,238,5783,17,220,199,2684,155,3763,216,6447,California
Del Norte,2021-04-01,164,10213,58,4104,72,5855,34,254,69,2693,94,3857,103,6550,California
Del Norte,2021-04-02,232,10445,78,4182,105,5960,49,303,49,2609,183,4040,99,6649,California
Del Norte,2021-04-03,108,10553,83,4265,2,5962,23,326,5,2535,102,4142,28,6677,California
Del Norte,2021-04-04,4,10557,0,4265,0,5962,4,330,0,2535,4,4146,4,6681,California
Del Norte,2021-04-05,46,10603,5,4270,37,5999,4,334,39,2571,7,4153,43,6724,California
Del Norte,2021-04-06,380,10983,119,4389,223,6222,38,372,146,2526,230,4383,185,6909,California
Del Norte,2021-04-07,438,11421,115,4504,261,6483,62,434,289,2729,149,4532,352,7261,California
Del Norte,2021-04-08,229,11650,54,4558,106,6589,69,503,105,2779,124,4656,174,7435,California
Del Norte,2021-04-09,206,11856,46,4604,83,6672,77,580,99,2847,106,4762,174,7609,California
Del Norte,2021-04-10,47,11903,26,4630,4,6676,17,597,27,2871,20,4782,44,7653,California
Del Norte,2021-04-11,12,11915,3,4633,2,6678,7,604,2,2870,10,4792,9,7662,California
Del Norte,2021-04-12,27,11942,1,4634,9,6687,17,621,1,2863,25,4817,18,7680,California
Del Norte,2021-04-13,299,12241,50,4684,249,6936,0,621,155,2874,144,4961,155,7835,California
Del Norte,2021-04-14,331,12572,23,4707,308,7244,0,621,139,2826,192,5153,144,7979,California
Del Norte,2021-04-15,164,12736,31,4738,133,7377,0,621,45,2753,119,5272,46,8025,California
Del Norte,2021-04-16,163,12899,40,4778,123,7500,0,621,60,2712,102,5374,61,8086,California
Del Norte,2021-04-17,108,13007,76,4854,32,7532,0,621,102,2808,6,5380,102,8188,California
Del Norte,2021-04-18,6,13013,5,4859,1,7533,0,621,5,2812,1,5381,5,8193,California
Del Norte,2021-04-19,51,13064,6,4865,45,7578,0,621,9,2779,42,5423,9,8202,California
Del Norte,2021-04-20,209,13273,40,4905,169,7747,0,621,74,2718,135,5558,74,8276,California
Del Norte,2021-04-21,292,13565,23,4928,269,8016,0,621,67,2563,225,5783,70,8346,California
Del Norte,2021-04-22,116,13681,16,4944,100,8116,0,621,63,2573,53,5836,63,8409,California
Del Norte,2021-04-23,155,13836,22,4966,133,8249,0,621,41,2500,114,5950,41,8450,California
Del Norte,2021-04-24,25,13861,14,4980,11,8260,0,621,20,2515,5,5955,20,8470,California
Del Norte,2021-04-25,2,13863,0,4980,2,8262,0,621,2,2517,0,5955,2,8472,California
Del Norte,2021-04-26,31,13894,0,4980,31,8293,0,621,9,2504,22,5977,9,8481,California
Del Norte,2021-04-27,181,14075,21,5001,155,8448,5,626,50,2429,131,6108,56,8537,California
Del Norte,2021-04-28,351,14426,100,5101,246,8694,5,631,63,2212,286,6394,69,8606,California
Del Norte,2021-04-29,94,14520,6,5107,84,8778,4,635,27,2176,67,6461,31,8637,California
Del Norte,2021-04-30,87,14607,7,5114,70,8848,10,645,47,2193,40,6501,57,8694,California
Del Norte,2021-05-01,7,14614,2,5116,5,8853,0,645,5,2196,2,6503,5,8699,California
Del Norte,2021-05-02,8,14622,0,5116,8,8861,0,645,8,2204,0,6503,8,8707,California
Del Norte,2021-05-03,39,14661,3,5119,33,8894,3,648,2,2173,36,6539,5,8712,California
Del Norte,2021-05-04,221,14882,36,5155,180,9074,5,653,46,2049,175,6714,51,8763,California
Del Norte,2021-05-05,234,15116,20,5175,206,9280,8,661,59,1942,174,6888,67,8830,California
Del Norte,2021-05-06,113,15229,26,5201,74,9354,13,674,26,1894,87,6975,39,8869,California
Del Norte,2021-05-07,151,15380,28,5229,119,9473,4,678,31,1809,120,7095,35,8904,California
Del Norte,2021-05-08,64,15444,54,5283,8,9481,2,680,6,1759,58,7153,8,8912,California
Del Norte,2021-05-09,11,15455,4,5287,4,9485,3,683,3,1757,8,7161,6,8918,California
Del Norte,2021-05-10,25,15480,3,5290,18,9503,4,687,15,1766,10,7171,19,8937,California
Del Norte,2021-05-11,177,15657,50,5340,125,9628,2,689,34,1659,143,7314,36,8973,California
Del Norte,2021-05-12,151,15808,23,5363,118,9746,10,699,27,1573,123,7437,37,9010,California
Del Norte,2021-05-13,68,15876,30,5393,37,9783,1,700,38,1582,30,7467,39,9049,California
Del Norte,2021-05-14,76,15952,26,5419,49,9832,1,701,41,1589,35,7502,42,9091,California
Del Norte,2021-05-15,96,16048,53,5472,37,9869,6,707,53,1605,43,7545,59,9150,California
Del Norte,2021-05-16,11,16059,0,5472,11,9880,0,707,11,1616,0,7545,11,9161,California
Del Norte,2021-05-17,26,16085,3,5475,20,9900,3,710,15,1623,11,7556,18,9179,California
Del Norte,2021-05-18,129,16214,69,5544,60,9960,0,710,81,1656,48,7604,81,9260,California
Del Norte,2021-05-19,97,16311,14,5558,66,10026,17,727,35,1645,62,7666,51,9311,California
Del Norte,2021-05-20,99,16410,31,5589,65,10091,3,730,39,1628,59,7725,42,9353,California
Del Norte,2021-05-21,81,16491,34,5623,44,10135,3,733,44,1638,37,7762,47,9400,California
Del Norte,2021-05-22,24,16515,8,5631,16,10151,0,733,11,1637,12,7774,11,9411,California
Del Norte,2021-05-23,14,16529,5,5636,9,10160,0,733,7,1637,7,7781,7,9418,California
Del Norte,2021-05-24,25,16554,9,5645,16,10176,0,733,16,1644,9,7790,16,9434,California
Del Norte,2021-05-25,47,16601,5,5650,36,10212,6,739,17,1640,27,7817,23,9457,California
Del Norte,2021-05-26,117,16718,36,5686,74,10286,7,746,54,1639,62,7879,61,9518,California
Del Norte,2021-05-27,72,16790,27,5713,41,10327,4,750,34,1639,38,7917,38,9556,California
Del Norte,2021-05-28,52,16842,7,5720,37,10364,8,758,8,1611,44,7961,16,9572,California
Del Norte,2021-05-29,8,16850,0,5720,4,10368,4,762,3,1613,5,7966,7,9579,California
Del Norte,2021-05-30,6,16856,0,5720,6,10374,0,762,1,1609,5,7971,1,9580,California
Del Norte,2021-05-31,4,16860,2,5722,2,10376,0,762,3,1611,1,7972,3,9583,California
Del Norte,2021-06-01,52,16912,6,5728,39,10415,7,769,11,1588,41,8013,18,9601,California
Del Norte,2021-06-02,83,16995,11,5739,67,10482,5,774,19,1548,64,8077,24,9625,California
Del Norte,2021-06-03,63,17058,36,5775,25,10507,2,776,28,1543,35,8112,30,9655,California
Del Norte,2021-06-04,70,17128,24,5799,41,10548,5,781,20,1518,50,8162,25,9680,California
Del Norte,2021-06-05,1,17129,0,5799,1,10549,0,781,0,1517,1,8163,0,9680,California
Del Norte,2021-06-06,10,17139,4,5803,4,10553,2,783,7,1523,3,8166,9,9689,California
Del Norte,2021-06-07,42,17181,9,5812,28,10581,5,788,15,1516,27,8193,20,9709,California
Del Norte,2021-06-08,112,17293,81,5893,26,10607,5,793,33,1475,79,8272,38,9747,California
Del Norte,2021-06-09,58,17351,11,5904,40,10647,7,800,16,1456,42,8314,23,9770,California
Del Norte,2021-06-10,56,17407,26,5930,23,10670,7,807,11,1430,44,8358,18,9788,California
Del Norte,2021-06-11,59,17466,23,5953,27,10697,9,816,13,1406,46,8404,22,9810,California
Del Norte,2021-06-12,17,17483,3,5956,11,10708,3,819,2,1396,15,8419,5,9815,California
Del Norte,2021-06-13,61,17544,43,5999,13,10721,5,824,13,1366,48,8467,18,9833,California
Del Norte,2021-06-14,37,17581,15,6014,18,10739,4,828,15,1364,21,8488,19,9852,California
Del Norte,2021-06-15,38,17619,9,6023,21,10760,8,836,5,1344,33,8521,13,9865,California
Del Norte,2021-06-16,97,17716,36,6059,50,10810,11,847,22,1302,75,8596,33,9898,California
Del Norte,2021-06-17,31,17747,13,6072,15,10825,3,850,7,1288,24,8620,10,9908,California
Del Norte,2021-06-18,48,17795,22,6094,21,10846,5,855,19,1283,29,8649,24,9932,California
Del Norte,2021-06-19,11,17806,0,6094,7,10853,4,859,3,1282,8,8657,7,9939,California
Del Norte,2021-06-20,13,17819,9,6103,4,10857,0,859,8,1285,5,8662,8,9947,California
Del Norte,2021-06-21,23,17842,8,6111,10,10867,5,864,9,1285,14,8676,14,9961,California
Del Norte,2021-06-22,39,17881,9,6120,19,10886,11,875,14,1285,25,8701,25,9986,California
Del Norte,2021-06-23,68,17949,32,6152,30,10916,6,881,31,1286,36,8737,37,10023,California
Del Norte,2021-06-24,47,17996,27,6179,13,10929,7,888,17,1280,30,8767,24,10047,California
Del Norte,2021-06-25,28,18024,14,6193,12,10941,2,890,13,1280,15,8782,15,10062,California
Del Norte,2021-06-26,5,18029,0,6193,5,10946,0,890,2,1279,3,8785,2,10064,California
Del Norte,2021-06-27,9,18038,4,6197,5,10951,0,890,6,1282,3,8788,6,10070,California
Del Norte,2021-06-28,13,18051,6,6203,5,10956,2,892,7,1285,6,8794,9,10079,California
Del Norte,2021-06-29,55,18106,40,6243,12,10968,3,895,19,1271,36,8830,22,10101,California
Del Norte,2021-06-30,35,18141,17,6260,13,10981,5,900,11,1263,24,8854,16,10117,California
Del Norte,2021-07-01,21,18162,8,6268,9,10990,4,904,7,1260,14,8868,11,10128,California
Del Norte,2021-07-02,19,18181,7,6275,11,11001,1,905,6,1254,13,8881,7,10135,California
Del Norte,2021-07-03,3,18184,2,6277,1,11002,0,905,2,1255,1,8882,2,10137,California
Del Norte,2021-07-04,6,18190,5,6282,1,11003,0,905,2,1253,4,8886,2,10139,California
Del Norte,2021-07-05,10,18200,6,6288,4,11007,0,905,2,1247,8,8894,2,10141,California
Del Norte,2021-07-06,29,18229,15,6303,13,11020,1,906,16,1252,12,8906,17,10158,California
Del Norte,2021-07-07,48,18277,21,6324,22,11042,5,911,18,1245,30,8936,23,10181,California
Del Norte,2021-07-08,26,18303,10,6334,14,11056,2,913,11,1244,14,8950,13,10194,California
Del Norte,2021-07-09,21,18324,10,6344,10,11066,1,914,8,1240,13,8963,9,10203,California
Del Norte,2021-07-10,6,18330,3,6347,3,11069,0,914,2,1238,4,8967,2,10205,California
Del Norte,2021-07-11,1,18331,0,6347,1,11070,0,914,0,1237,1,8968,0,10205,California
El Dorado,2020-12-15,12,12,12,12,0,0,0,0,12,12,0,0,12,12,California
El Dorado,2020-12-16,40,52,40,52,0,0,0,0,40,52,0,0,40,52,California
El Dorado,2020-12-17,35,87,35,87,0,0,0,0,35,87,0,0,35,87,California
El Dorado,2020-12-18,263,350,263,350,0,0,0,0,263,350,0,0,263,350,California
El Dorado,2020-12-19,119,469,119,469,0,0,0,0,119,469,0,0,119,469,California
El Dorado,2020-12-20,87,556,87,556,0,0,0,0,87,556,0,0,87,556,California
El Dorado,2020-12-21,312,868,311,867,1,1,0,0,312,868,0,0,312,868,California
El Dorado,2020-12-22,242,1110,218,1085,24,25,0,0,242,1110,0,0,242,1110,California
El Dorado,2020-12-23,190,1300,141,1226,49,74,0,0,190,1300,0,0,190,1300,California
El Dorado,2020-12-24,87,1387,66,1292,21,95,0,0,87,1387,0,0,87,1387,California
El Dorado,2020-12-25,8,1395,8,1300,0,95,0,0,8,1395,0,0,8,1395,California
El Dorado,2020-12-26,45,1440,27,1327,18,113,0,0,45,1440,0,0,45,1440,California
El Dorado,2020-12-27,38,1478,34,1361,4,117,0,0,38,1478,0,0,38,1478,California
El Dorado,2020-12-28,217,1695,168,1529,49,166,0,0,217,1695,0,0,217,1695,California
El Dorado,2020-12-29,462,2157,145,1674,317,483,0,0,462,2157,0,0,462,2157,California
El Dorado,2020-12-30,511,2668,140,1814,371,854,0,0,511,2668,0,0,511,2668,California
El Dorado,2020-12-31,111,2779,70,1884,41,895,0,0,111,2779,0,0,111,2779,California
El Dorado,2021-01-01,7,2786,4,1888,3,898,0,0,7,2786,0,0,7,2786,California
El Dorado,2021-01-02,155,2941,142,2030,13,911,0,0,155,2941,0,0,155,2941,California
El Dorado,2021-01-03,96,3037,19,2049,77,988,0,0,96,3037,0,0,96,3037,California
El Dorado,2021-01-04,193,3230,62,2111,131,1119,0,0,193,3230,0,0,193,3230,California
El Dorado,2021-01-05,230,3460,74,2185,156,1275,0,0,211,3422,19,19,211,3441,California
El Dorado,2021-01-06,243,3703,169,2354,74,1349,0,0,176,3532,66,85,176,3617,California
El Dorado,2021-01-07,335,4038,138,2492,197,1546,0,0,258,3713,77,162,258,3875,California
El Dorado,2021-01-08,997,5035,516,3008,481,2027,0,0,770,4257,227,389,771,4646,California
El Dorado,2021-01-09,202,5237,163,3171,39,2066,0,0,130,4315,72,461,130,4776,California
El Dorado,2021-01-10,183,5420,133,3304,50,2116,0,0,110,4353,73,534,111,4887,California
El Dorado,2021-01-11,663,6083,294,3598,369,2485,0,0,463,4618,199,733,464,5351,California
El Dorado,2021-01-12,812,6895,427,4025,385,2870,0,0,559,4924,253,986,559,5910,California
El Dorado,2021-01-13,706,7601,301,4326,405,3275,0,0,541,5300,165,1151,541,6451,California
El Dorado,2021-01-14,805,8406,223,4549,582,3857,0,0,707,5910,97,1248,707,7158,California
El Dorado,2021-01-15,801,9207,189,4738,612,4469,0,0,727,6563,74,1322,727,7885,California
El Dorado,2021-01-16,218,9425,104,4842,114,4583,0,0,191,6727,27,1349,191,8076,California
El Dorado,2021-01-17,107,9532,50,4892,57,4640,0,0,89,6798,18,1367,89,8165,California
El Dorado,2021-01-18,428,9960,144,5036,284,4924,0,0,355,7080,73,1440,355,8520,California
El Dorado,2021-01-19,757,10717,453,5489,304,5228,0,0,606,7536,151,1591,607,9127,California
El Dorado,2021-01-20,1015,11732,693,6182,322,5550,0,0,900,8322,114,1705,900,10027,California
El Dorado,2021-01-21,1273,13005,683,6865,590,6140,0,0,1064,9218,168,1873,1064,11091,California
El Dorado,2021-01-22,1249,14254,845,7710,404,6544,0,0,1185,10340,63,1936,1185,12276,California
El Dorado,2021-01-23,884,15138,625,8335,259,6803,0,0,767,10990,117,2053,767,13043,California
El Dorado,2021-01-24,132,15270,80,8415,52,6855,0,0,112,11082,20,2073,112,13155,California
El Dorado,2021-01-25,700,15970,291,8706,409,7264,0,0,612,11606,88,2161,612,13767,California
El Dorado,2021-01-26,688,16658,372,9078,316,7580,0,0,582,12082,106,2267,582,14349,California
El Dorado,2021-01-27,1002,17660,396,9474,606,8186,0,0,663,12405,340,2607,663,15012,California
El Dorado,2021-01-28,1117,18777,455,9929,662,8848,0,0,754,12796,363,2970,754,15766,California
El Dorado,2021-01-29,1051,19828,557,10486,494,9342,0,0,756,13259,294,3264,757,16523,California
El Dorado,2021-01-30,841,20669,294,10780,547,9889,0,0,742,13903,98,3362,742,17265,California
El Dorado,2021-01-31,243,20912,219,10999,24,9913,0,0,188,14036,55,3417,188,17453,California
El Dorado,2021-02-01,808,21720,368,11367,440,10353,0,0,657,14542,151,3568,657,18110,California
El Dorado,2021-02-02,850,22570,369,11736,481,10834,0,0,686,15064,164,3732,686,18796,California
El Dorado,2021-02-03,911,23481,479,12215,432,11266,0,0,698,15549,213,3945,698,19494,California
El Dorado,2021-02-04,1256,24737,711,12926,545,11811,0,0,876,16047,378,4323,876,20370,California
El Dorado,2021-02-05,1511,26248,615,13541,896,12707,0,0,876,16325,598,4921,876,21246,California
El Dorado,2021-02-06,1089,27337,333,13874,756,13463,0,0,979,17195,110,5031,980,22226,California
El Dorado,2021-02-07,264,27601,181,14055,83,13546,0,0,197,17325,67,5098,197,22423,California
El Dorado,2021-02-08,890,28491,421,14476,469,14015,0,0,608,17653,280,5378,608,23031,California
El Dorado,2021-02-09,979,29470,550,15026,429,14444,0,0,543,17760,436,5814,543,23574,California
El Dorado,2021-02-10,1273,30743,743,15769,530,14974,0,0,672,17832,600,6414,672,24246,California
El Dorado,2021-02-11,2175,32918,897,16666,1278,16252,0,0,755,17171,1417,7831,756,25002,California
El Dorado,2021-02-12,1586,34504,832,17498,754,17006,0,0,675,16937,910,8741,676,25678,California
El Dorado,2021-02-13,1260,35764,675,18173,585,17591,0,0,660,17000,597,9338,660,26338,California
El Dorado,2021-02-14,492,36256,157,18330,335,17926,0,0,399,17306,93,9431,399,26737,California
El Dorado,2021-02-15,1181,37437,387,18717,794,18720,0,0,821,17771,360,9791,825,27562,California
El Dorado,2021-02-16,1213,38650,531,19248,682,19402,0,0,672,17904,540,10331,673,28235,California
El Dorado,2021-02-17,961,39611,425,19673,536,19938,0,0,464,17873,497,10828,466,28701,California
El Dorado,2021-02-18,2121,41732,1034,20707,1087,21025,0,0,1078,17911,1040,11868,1078,29779,California
El Dorado,2021-02-19,1240,42972,664,21371,576,21601,0,0,695,18063,543,12411,695,30474,California
El Dorado,2021-02-20,1097,44069,464,21835,633,22234,0,0,685,18343,406,12817,686,31160,California
El Dorado,2021-02-21,378,44447,244,22079,134,22368,0,0,182,18329,196,13013,182,31342,California
El Dorado,2021-02-22,924,45371,458,22537,466,22834,0,0,289,17986,632,13645,289,31631,California
El Dorado,2021-02-23,902,46273,511,23048,391,23225,0,0,365,17817,534,14179,365,31996,California
El Dorado,2021-02-24,1066,47339,464,23512,602,23827,0,0,443,17637,623,14802,443,32439,California
El Dorado,2021-02-25,1947,49286,1158,24670,789,24616,0,0,697,17097,1241,16043,701,33140,California
El Dorado,2021-02-26,2425,51711,1514,26184,911,25527,0,0,1616,17908,805,16848,1616,34756,California
El Dorado,2021-02-27,1741,53452,448,26632,1293,26820,0,0,1294,18758,444,17292,1294,36050,California
El Dorado,2021-02-28,968,54420,229,26861,739,27559,0,0,507,18806,460,17752,508,36558,California
El Dorado,2021-03-01,1172,55592,467,27328,703,28262,2,2,646,18929,525,18277,648,37206,California
El Dorado,2021-03-02,949,56541,273,27601,675,28937,1,3,498,18980,449,18726,500,37706,California
El Dorado,2021-03-03,1768,58309,474,28075,1294,30231,0,3,1206,19634,554,19280,1208,38914,California
El Dorado,2021-03-04,2538,60847,1557,29632,981,31212,0,3,1200,19503,1332,20612,1201,40115,California
El Dorado,2021-03-05,1595,62442,431,30063,1159,32371,5,8,1056,20031,533,21145,1061,41176,California
El Dorado,2021-03-06,747,63189,219,30282,495,32866,33,41,395,20109,350,21495,428,41604,California
El Dorado,2021-03-07,877,64066,197,30479,645,33511,35,76,245,19760,629,22124,280,41884,California
El Dorado,2021-03-08,1347,65413,378,30857,894,34405,75,151,862,20214,481,22605,935,42819,California
El Dorado,2021-03-09,1004,66417,231,31088,703,35108,70,221,597,20490,391,22996,667,43486,California
El Dorado,2021-03-10,979,67396,348,31436,575,35683,56,277,569,20710,404,23400,624,44110,California
El Dorado,2021-03-11,3056,70452,1851,33287,1018,36701,187,464,1295,20451,1738,25138,1479,45589,California
El Dorado,2021-03-12,1813,72265,628,33915,937,37638,248,712,754,20411,1042,26180,1002,46591,California
El Dorado,2021-03-13,1140,73405,348,34263,509,38147,283,995,437,20428,701,26881,718,47309,California
El Dorado,2021-03-14,1023,74428,207,34470,704,38851,112,1107,278,20074,744,27625,390,47699,California
El Dorado,2021-03-15,1410,75838,305,34775,979,39830,126,1233,612,20019,794,28419,739,48438,California
El Dorado,2021-03-16,1236,77074,424,35199,668,40498,144,1377,565,20063,665,29084,709,49147,California
El Dorado,2021-03-17,1162,78236,362,35561,702,41200,98,1475,753,20504,408,29492,849,49996,California
El Dorado,2021-03-18,3023,81259,1783,37344,1195,42395,45,1520,1980,21497,1032,30524,2025,52021,California
El Dorado,2021-03-19,1130,82389,364,37708,614,43009,152,1672,629,21779,498,31022,780,52801,California
El Dorado,2021-03-20,1090,83479,274,37982,801,43810,15,1687,506,21728,572,31594,521,53322,California
El Dorado,2021-03-21,1095,84574,424,38406,666,44476,5,1692,907,22455,185,31779,912,54234,California
El Dorado,2021-03-22,1518,86092,495,38901,940,45416,83,1775,1186,23398,326,32105,1269,55503,California
El Dorado,2021-03-23,1160,87252,458,39359,607,46023,95,1870,735,23815,413,32518,830,56333,California
El Dorado,2021-03-24,1467,88719,633,39992,640,46663,194,2064,657,23884,782,33300,851,57184,California
El Dorado,2021-03-25,2524,91243,1690,41682,727,47390,107,2171,1368,24213,1147,34447,1476,58660,California
El Dorado,2021-03-26,1831,93074,698,42380,1021,48411,112,2283,926,24372,880,35327,1039,59699,California
El Dorado,2021-03-27,1506,94580,189,42569,1312,49723,5,2288,495,23867,1005,36332,500,60199,California
El Dorado,2021-03-28,692,95272,182,42751,498,50221,12,2300,167,23525,521,36853,179,60378,California
El Dorado,2021-03-29,1326,96598,440,43191,870,51091,16,2316,829,23877,493,37346,845,61223,California
El Dorado,2021-03-30,1374,97972,419,43610,862,51953,93,2409,684,23971,682,38028,776,61999,California
El Dorado,2021-03-31,1576,99548,592,44202,918,52871,66,2475,663,23787,910,38938,726,62725,California
El Dorado,2021-04-01,3244,102792,1774,45976,1387,54258,83,2558,1538,23707,1702,40640,1622,64347,California
El Dorado,2021-04-02,1900,104692,567,46543,1237,55495,96,2654,747,23403,1147,41787,843,65190,California
El Dorado,2021-04-03,755,105447,298,46841,336,55831,121,2775,228,23228,523,42310,348,65538,California
El Dorado,2021-04-04,272,105719,84,46925,140,55971,48,2823,97,23199,174,42484,145,65683,California
El Dorado,2021-04-05,1425,107144,423,47348,908,56879,94,2917,588,23052,828,43312,681,66364,California
El Dorado,2021-04-06,1416,108560,525,47873,671,57550,220,3137,442,22742,969,44281,659,67023,California
El Dorado,2021-04-07,1593,110153,560,48433,581,58131,452,3589,545,22691,1045,45326,994,68017,California
El Dorado,2021-04-08,2696,112849,1723,50156,734,58865,239,3828,1112,22465,1575,46901,1349,69366,California
El Dorado,2021-04-09,1451,114300,456,50612,773,59638,222,4050,571,22375,877,47778,787,70153,California
El Dorado,2021-04-10,1018,115318,229,50841,676,60314,113,4163,659,22791,355,48133,771,70924,California
El Dorado,2021-04-11,774,116092,456,51297,302,60616,16,4179,208,22450,565,48698,224,71148,California
El Dorado,2021-04-12,1293,117385,504,51801,641,61257,148,4327,560,22431,726,49424,707,71855,California
El Dorado,2021-04-13,1125,118510,609,52410,516,61773,0,4327,507,22324,614,50038,507,72362,California
El Dorado,2021-04-14,1110,119620,468,52878,641,62414,1,4328,379,21989,715,50753,380,72742,California
El Dorado,2021-04-15,2534,122154,1697,54575,837,63251,0,4328,960,21381,1569,52322,961,73703,California
El Dorado,2021-04-16,1470,123624,522,55097,948,64199,0,4328,604,21127,859,53181,605,74308,California
El Dorado,2021-04-17,1009,124633,203,55300,805,65004,1,4329,706,21533,300,53481,706,75014,California
El Dorado,2021-04-18,1209,125842,119,55419,1090,66094,0,4329,427,21181,779,54260,427,75441,California
El Dorado,2021-04-19,1745,127587,449,55868,1296,67390,0,4329,701,20844,1038,55298,701,76142,California
El Dorado,2021-04-20,1155,128742,401,56269,754,68144,0,4329,479,20653,671,55969,480,76622,California
El Dorado,2021-04-21,1244,129986,539,56808,701,68845,4,4333,638,20695,598,56567,640,77262,California
El Dorado,2021-04-22,2581,132567,1716,58524,865,69710,0,4333,1073,20265,1504,58071,1074,78336,California
El Dorado,2021-04-23,1436,134003,522,59046,914,70624,0,4333,725,20284,708,58779,727,79063,California
El Dorado,2021-04-24,1044,135047,520,59566,524,71148,0,4333,804,20850,238,59017,804,79867,California
El Dorado,2021-04-25,831,135878,449,60015,382,71530,0,4333,475,20969,356,59373,475,80342,California
El Dorado,2021-04-26,1227,137105,517,60532,693,72223,17,4350,587,20936,636,60009,603,80945,California
El Dorado,2021-04-27,1150,138255,446,60978,666,72889,38,4388,521,20873,622,60631,559,81504,California
El Dorado,2021-04-28,1140,139395,427,61405,673,73562,40,4428,494,20763,644,61275,534,82038,California
El Dorado,2021-04-29,2020,141415,1391,62796,597,74159,32,4460,612,20002,1405,62680,644,82682,California
El Dorado,2021-04-30,2162,143577,1374,64170,747,74906,41,4501,1387,20669,760,63440,1427,84109,California
El Dorado,2021-05-01,620,144197,283,64453,309,75215,28,4529,277,20639,335,63775,305,84414,California
El Dorado,2021-05-02,304,144501,216,64669,58,75273,30,4559,102,20571,199,63974,131,84545,California
El Dorado,2021-05-03,832,145333,411,65080,371,75644,50,4609,285,20364,543,64517,336,84881,California
El Dorado,2021-05-04,928,146261,473,65553,395,76039,60,4669,339,20178,585,65102,399,85280,California
El Dorado,2021-05-05,907,147168,455,66008,378,76417,74,4743,440,20227,465,65567,514,85794,California
El Dorado,2021-05-06,1140,148308,506,66514,587,77004,47,4790,485,20108,647,66214,528,86322,California
El Dorado,2021-05-07,1001,149309,396,66910,546,77550,59,4849,409,19983,592,66806,467,86789,California
El Dorado,2021-05-08,675,149984,156,67066,482,78032,37,4886,206,19760,466,67272,243,87032,California
El Dorado,2021-05-09,232,150216,93,67159,112,78144,27,4913,102,19760,129,67401,129,87161,California
El Dorado,2021-05-10,830,151046,278,67437,494,78638,58,4971,242,19480,578,67979,298,87459,California
El Dorado,2021-05-11,700,151746,311,67748,327,78965,62,5033,284,19414,413,68392,347,87806,California
El Dorado,2021-05-12,655,152401,345,68093,270,79235,40,5073,251,19302,404,68796,292,88098,California
El Dorado,2021-05-13,1261,153662,796,68889,425,79660,40,5113,465,19016,790,69586,504,88602,California
El Dorado,2021-05-14,1412,155074,815,69704,513,80173,84,5197,669,19031,738,70324,753,89355,California
El Dorado,2021-05-15,909,155983,563,70267,290,80463,56,5253,322,18822,587,70911,378,89733,California
El Dorado,2021-05-16,874,156857,465,70732,383,80846,26,5279,236,18447,637,71548,262,89995,California
El Dorado,2021-05-17,1601,158458,688,71420,864,81710,49,5328,559,18016,1038,72586,607,90602,California
El Dorado,2021-05-18,1038,159496,527,71947,458,82168,53,5381,435,17902,602,73188,488,91090,California
El Dorado,2021-05-19,872,160368,384,72331,436,82604,52,5433,308,17704,557,73745,359,91449,California
El Dorado,2021-05-20,1195,161563,671,73002,449,83053,75,5508,443,17470,750,74495,516,91965,California
El Dorado,2021-05-21,2350,163913,1758,74760,550,83603,42,5550,814,16795,1531,76026,856,92821,California
El Dorado,2021-05-22,709,164622,207,74967,466,84069,36,5586,224,16571,484,76510,260,93081,California
El Dorado,2021-05-23,382,165004,134,75101,220,84289,28,5614,94,16408,285,76795,122,93203,California
El Dorado,2021-05-24,900,165904,471,75572,360,84649,69,5683,320,16219,576,77371,387,93590,California
El Dorado,2021-05-25,625,166529,272,75844,317,84966,36,5719,231,16094,391,77762,266,93856,California
El Dorado,2021-05-26,820,167349,409,76253,387,85353,24,5743,284,15868,534,78296,308,94164,California
El Dorado,2021-05-27,627,167976,248,76501,344,85697,35,5778,310,15896,316,78612,344,94508,California
El Dorado,2021-05-28,739,168715,267,76768,407,86104,65,5843,308,15840,429,79041,373,94881,California
El Dorado,2021-05-29,393,169108,112,76880,265,86369,16,5859,172,15808,220,79261,188,95069,California
El Dorado,2021-05-30,173,169281,101,76981,58,86427,14,5873,82,15814,90,79351,96,95165,California
El Dorado,2021-05-31,37,169318,12,76993,14,86441,11,5884,8,15804,29,79380,19,95184,California
El Dorado,2021-06-01,679,169997,293,77286,346,86787,40,5924,230,15628,446,79826,270,95454,California
El Dorado,2021-06-02,631,170628,305,77591,276,87063,50,5974,261,15571,368,80194,311,95765,California
El Dorado,2021-06-03,728,171356,338,77929,347,87410,43,6017,176,15238,552,80746,219,95984,California
El Dorado,2021-06-04,888,172244,528,78457,326,87736,34,6051,186,14758,700,81446,220,96204,California
El Dorado,2021-06-05,389,172633,226,78683,151,87887,12,6063,83,14548,305,81751,95,96299,California
El Dorado,2021-06-06,283,172916,197,78880,70,87957,16,6079,53,14387,229,81980,68,96367,California
El Dorado,2021-06-07,785,173701,488,79368,257,88214,40,6119,170,13990,607,82587,210,96577,California
El Dorado,2021-06-08,632,174333,383,79751,216,88430,33,6152,131,13655,498,83085,163,96740,California
El Dorado,2021-06-09,468,174801,279,80030,163,88593,26,6178,112,13437,356,83441,138,96878,California
El Dorado,2021-06-10,587,175388,364,80394,192,88785,31,6209,160,13203,425,83866,191,97069,California
El Dorado,2021-06-11,657,176045,395,80789,218,89003,44,6253,130,12851,526,84392,174,97243,California
El Dorado,2021-06-12,262,176307,154,80943,89,89092,19,6272,60,12729,201,84593,79,97322,California
El Dorado,2021-06-13,162,176469,90,81033,54,89146,18,6290,33,12652,128,84721,51,97373,California
El Dorado,2021-06-14,514,176983,361,81394,123,89269,30,6320,137,12442,377,85098,167,97540,California
El Dorado,2021-06-15,468,177451,259,81653,172,89441,37,6357,127,12269,337,85435,164,97704,California
El Dorado,2021-06-16,508,177959,360,82013,108,89549,40,6397,132,12066,375,85810,172,97876,California
El Dorado,2021-06-17,432,178391,263,82276,136,89685,33,6430,139,11947,292,86102,173,98049,California
El Dorado,2021-06-18,415,178806,270,82546,110,89795,35,6465,124,11816,290,86392,159,98208,California
El Dorado,2021-06-19,245,179051,151,82697,80,89875,14,6479,90,11766,154,86546,104,98312,California
El Dorado,2021-06-20,124,179175,90,82787,28,89903,6,6485,52,11752,72,86618,58,98370,California
El Dorado,2021-06-21,319,179494,164,82951,129,90032,26,6511,124,11709,193,86811,150,98520,California
El Dorado,2021-06-22,401,179895,259,83210,114,90146,28,6539,133,11603,267,87078,161,98681,California
El Dorado,2021-06-23,426,180321,294,83504,110,90256,22,6561,137,11475,287,87365,159,98840,California
El Dorado,2021-06-24,392,180713,242,83746,136,90392,14,6575,145,11387,247,87612,159,98999,California
El Dorado,2021-06-25,351,181064,214,83960,99,90491,38,6613,143,11365,203,87815,181,99180,California
El Dorado,2021-06-26,208,181272,122,84082,71,90562,15,6628,69,11312,138,87953,85,99265,California
El Dorado,2021-06-27,115,181387,80,84162,29,90591,6,6634,50,11303,65,88018,56,99321,California
El Dorado,2021-06-28,303,181690,214,84376,63,90654,26,6660,132,11291,170,88188,158,99479,California
El Dorado,2021-06-29,291,181981,168,84544,102,90756,21,6681,115,11253,174,88362,136,99615,California
El Dorado,2021-06-30,246,182227,175,84719,59,90815,12,6693,121,11262,124,88486,133,99748,California
El Dorado,2021-07-01,231,182458,134,84853,82,90897,15,6708,87,11219,144,88630,101,99849,California
El Dorado,2021-07-02,259,182717,162,85015,71,90968,26,6734,111,11209,147,88777,137,99986,California
El Dorado,2021-07-03,99,182816,75,85090,19,90987,5,6739,46,11207,53,88830,51,100037,California
El Dorado,2021-07-04,4,182820,0,85090,1,90988,3,6742,0,11206,4,88834,3,100040,California
El Dorado,2021-07-05,152,182972,93,85183,52,91040,7,6749,81,11222,71,88905,87,100127,California
El Dorado,2021-07-06,296,183268,187,85370,77,91117,32,6781,114,11188,180,89085,146,100273,California
El Dorado,2021-07-07,264,183532,172,85542,77,91194,15,6796,122,11184,141,89226,137,100410,California
El Dorado,2021-07-08,303,183835,174,85716,116,91310,13,6809,149,11193,152,89378,161,100571,California
El Dorado,2021-07-09,289,184124,190,85906,78,91388,21,6830,114,11155,173,89551,135,100706,California
El Dorado,2021-07-10,130,184254,95,86001,28,91416,7,6837,46,11125,83,89634,53,100759,California
El Dorado,2021-07-11,73,184327,53,86054,12,91428,8,6845,25,11110,48,89682,33,100792,California
Fresno,2020-12-15,2,2,2,2,0,0,0,0,2,2,0,0,2,2,California
Fresno,2020-12-16,124,126,124,126,0,0,0,0,124,126,0,0,124,126,California
Fresno,2020-12-17,123,249,123,249,0,0,0,0,123,249,0,0,123,249,California
Fresno,2020-12-18,350,599,350,599,0,0,0,0,350,599,0,0,350,599,California
Fresno,2020-12-19,161,760,161,760,0,0,0,0,161,760,0,0,161,760,California
Fresno,2020-12-20,256,1016,254,1014,2,2,0,0,256,1016,0,0,256,1016,California
Fresno,2020-12-21,928,1944,926,1940,2,4,0,0,957,1973,0,0,957,1973,California
Fresno,2020-12-22,907,2851,875,2815,32,36,0,0,911,2884,0,0,911,2884,California
Fresno,2020-12-23,1092,3943,1047,3862,45,81,0,0,1093,3977,0,0,1093,3977,California
Fresno,2020-12-24,590,4533,564,4426,26,107,0,0,590,4567,0,0,590,4567,California
Fresno,2020-12-25,3,4536,1,4427,2,109,0,0,3,4570,0,0,3,4570,California
Fresno,2020-12-26,723,5259,714,5141,9,118,0,0,723,5293,0,0,723,5293,California
Fresno,2020-12-27,306,5565,210,5351,96,214,0,0,306,5599,0,0,306,5599,California
Fresno,2020-12-28,1096,6661,802,6153,294,508,0,0,1097,6696,0,0,1097,6696,California
Fresno,2020-12-29,1765,8426,999,7152,766,1274,0,0,1763,8458,1,1,1763,8459,California
Fresno,2020-12-30,984,9410,443,7595,541,1815,0,0,984,9442,0,1,984,9443,California
Fresno,2020-12-31,926,10336,309,7904,617,2432,0,0,926,10368,0,1,926,10369,California
Fresno,2021-01-01,11,10347,4,7908,7,2439,0,0,11,10379,0,1,11,10380,California
Fresno,2021-01-02,1027,11374,713,8621,314,2753,0,0,1027,11406,0,1,1027,11407,California
Fresno,2021-01-03,155,11529,129,8750,26,2779,0,0,155,11561,0,1,155,11562,California
Fresno,2021-01-04,623,12152,376,9126,247,3026,0,0,623,12184,0,1,623,12185,California
Fresno,2021-01-05,786,12938,313,9439,473,3499,0,0,712,12822,74,75,712,12897,California
Fresno,2021-01-06,996,13934,351,9790,645,4144,0,0,822,13470,174,249,822,13719,California
Fresno,2021-01-07,1907,15841,919,10709,988,5132,0,0,1652,14870,255,504,1655,15374,California
Fresno,2021-01-08,1797,17638,615,11324,1182,6314,0,0,1431,15938,364,868,1432,16806,California
Fresno,2021-01-09,636,18274,390,11714,246,6560,0,0,358,16018,278,1146,358,17164,California
Fresno,2021-01-10,516,18790,486,12200,30,6590,0,0,203,15908,313,1459,203,17367,California
Fresno,2021-01-11,2229,21019,1812,14012,417,7007,0,0,1534,16751,695,2154,1538,18905,California
Fresno,2021-01-12,2539,23558,1830,15842,709,7716,0,0,1688,17588,853,3007,1690,20595,California
Fresno,2021-01-13,3573,27131,2439,18281,1134,8850,0,0,2717,19451,857,3864,2720,23315,California
Fresno,2021-01-14,4164,31295,2200,20481,1964,10814,0,0,3691,22670,472,4336,3691,27006,California
Fresno,2021-01-15,3683,34978,2542,23023,1141,11955,0,0,3323,25637,360,4696,3327,30333,California
Fresno,2021-01-16,3160,38138,2314,25337,846,12801,0,0,2690,27859,470,5166,2692,33025,California
Fresno,2021-01-17,979,39117,557,25894,422,13223,0,0,779,28438,200,5366,779,33804,California
Fresno,2021-01-18,3091,42208,2375,28269,716,13939,0,0,2434,30219,655,6021,2436,36240,California
Fresno,2021-01-19,4359,46567,2552,30821,1807,15746,0,0,3699,33262,660,6681,3703,39943,California
Fresno,2021-01-20,3058,49625,1227,32048,1831,17577,0,0,2742,35694,313,6994,2745,42688,California
Fresno,2021-01-21,4451,54076,2082,34130,2369,19946,0,0,4087,39446,341,7335,4093,46781,California
Fresno,2021-01-22,3342,57418,1358,35488,1984,21930,0,0,2954,42030,371,7706,2955,49736,California
Fresno,2021-01-23,3066,60484,1983,37471,1083,23013,0,0,2342,43654,723,8429,2347,52083,California
Fresno,2021-01-24,560,61044,379,37850,181,23194,0,0,352,43800,208,8637,354,52437,California
Fresno,2021-01-25,2449,63493,869,38719,1580,24774,0,0,1870,45094,579,9216,1873,54310,California
Fresno,2021-01-26,2096,65589,596,39315,1500,26274,0,0,1328,45657,766,9982,1329,55639,California
Fresno,2021-01-27,2419,68008,1245,40560,1174,27448,0,0,1739,46731,675,10657,1749,57388,California
Fresno,2021-01-28,4579,72587,3071,43631,1508,28956,0,0,3477,49113,1098,11755,3480,60868,California
Fresno,2021-01-29,1681,74268,951,44582,730,29686,0,0,1374,50186,302,12057,1375,62243,California
Fresno,2021-01-30,1448,75716,540,45122,908,30594,0,0,1031,50800,417,12474,1031,63274,California
Fresno,2021-01-31,227,75943,216,45338,11,30605,0,0,73,50719,154,12628,73,63347,California
Fresno,2021-02-01,3367,79310,1666,47004,1701,32306,0,0,1772,50909,1593,14221,1783,65130,California
Fresno,2021-02-02,2741,82051,555,47559,2186,34492,0,0,1577,51352,1149,15370,1592,66722,California
Fresno,2021-02-03,3577,85628,2109,49668,1468,35960,0,0,1539,50866,2026,17396,1540,68262,California
Fresno,2021-02-04,4221,89849,1905,51573,2316,38276,0,0,1927,50534,2264,19660,1932,70194,California
Fresno,2021-02-05,5375,95224,2743,54316,2632,40908,0,0,2310,49789,3059,22719,2314,72508,California
Fresno,2021-02-06,2954,98178,2059,56375,895,41803,0,0,975,48794,1971,24690,976,73484,California
Fresno,2021-02-07,471,98649,288,56663,183,41986,0,0,273,48870,197,24887,273,73757,California
Fresno,2021-02-08,4296,102945,2301,58964,1995,43981,0,0,1813,48222,2470,27357,1822,75579,California
Fresno,2021-02-09,5361,108306,2089,61053,3272,47253,0,0,3132,49211,2152,29509,3141,78720,California
Fresno,2021-02-10,3914,112220,1239,62292,2675,49928,0,0,1981,49325,1879,31388,1993,80713,California
Fresno,2021-02-11,6482,118702,2102,64394,4380,54308,0,0,3322,49510,3142,34530,3327,84040,California
Fresno,2021-02-12,5452,124154,1390,65784,4062,58370,0,0,2741,49567,2693,37223,2750,86790,California
Fresno,2021-02-13,3776,127930,1575,67359,2201,60571,0,0,2091,49990,1673,38896,2096,88886,California
Fresno,2021-02-14,1583,129513,291,67650,1292,61863,0,0,848,50107,733,39629,850,89736,California
Fresno,2021-02-15,2912,132425,274,67924,2638,64501,0,0,1800,50803,1108,40737,1804,91540,California
Fresno,2021-02-16,6770,139195,2418,70342,4352,68853,0,0,4258,52576,2491,43228,4264,95804,California
Fresno,2021-02-17,5375,144570,2477,72819,2898,71751,0,0,2987,53225,2342,45570,2991,98795,California
Fresno,2021-02-18,6948,151518,2933,75752,4015,75766,0,0,2596,51525,4307,49877,2607,101402,California
Fresno,2021-02-19,3977,155495,1132,76884,2845,78611,0,0,1844,51251,2121,51998,1847,103249,California
Fresno,2021-02-20,4655,160150,2556,79440,2099,80710,0,0,3130,52868,1519,53517,3136,106385,California
Fresno,2021-02-21,207,160357,187,79627,20,80730,0,0,135,52946,57,53574,135,106520,California
Fresno,2021-02-22,2347,162704,1050,80677,1297,82027,0,0,1278,53169,1058,54632,1281,107801,California
Fresno,2021-02-23,4746,167450,2290,82967,2456,84483,0,0,3849,56136,884,55516,3851,111652,California
Fresno,2021-02-24,4311,171761,1539,84506,2772,87255,0,0,3517,58874,782,56298,3520,115172,California
Fresno,2021-02-25,8817,180578,3792,88298,5025,92280,0,0,7296,64722,1457,57755,7305,122477,California
Fresno,2021-02-26,9165,189743,3730,92028,5435,97715,0,0,7820,71228,1319,59074,7825,130302,California
Fresno,2021-02-27,7380,197123,3177,95205,4202,101917,1,1,6651,77170,714,59788,6656,136958,California
Fresno,2021-02-28,1666,198789,540,95745,1126,103043,0,1,1571,78660,82,59870,1572,138530,California
Fresno,2021-03-01,5133,203922,1335,97080,3798,106841,0,1,3705,80959,1410,61280,3709,142239,California
Fresno,2021-03-02,9917,213839,3414,100494,6503,113344,0,1,8518,88128,1374,62654,8543,150782,California
Fresno,2021-03-03,7099,220938,1796,102290,5302,118646,1,2,6075,93307,1011,63665,6190,156972,California
Fresno,2021-03-04,10503,231441,4134,106424,6369,125015,0,2,8738,100318,1737,65402,8748,165720,California
Fresno,2021-03-05,9391,240832,3647,110071,5742,130757,2,4,8081,107299,1177,66579,8158,173878,California
Fresno,2021-03-06,7037,247869,3952,114023,2966,133723,119,123,6033,112460,996,67575,6157,180035,California
Fresno,2021-03-07,1562,249431,691,114714,790,134513,81,204,1286,113555,273,67848,1368,181403,California
Fresno,2021-03-08,5370,254801,2059,116773,3146,137659,165,369,4056,116487,1300,69148,4232,185635,California
Fresno,2021-03-09,8682,263483,3810,120583,4597,142256,275,644,4664,117466,3996,73144,4975,190610,California
Fresno,2021-03-10,6928,270411,2881,123464,3656,145912,391,1035,5408,121762,1511,74655,5807,196417,California
Fresno,2021-03-11,11637,282048,4596,128060,6489,152401,552,1587,6326,123433,5284,79939,6955,203372,California
Fresno,2021-03-12,12095,294143,5151,133211,6517,158918,427,2014,9086,130098,2988,82927,9653,213025,California
Fresno,2021-03-13,8371,302514,4076,137287,3281,162199,1014,3028,4024,130889,4323,87250,5114,218139,California
Fresno,2021-03-14,1786,304300,484,137771,1013,163212,289,3317,673,130749,1102,88352,962,219101,California
Fresno,2021-03-15,7146,311446,3181,140952,3789,167001,176,3493,4930,133859,2200,90552,5310,224411,California
Fresno,2021-03-16,10247,321693,4551,145503,5302,172303,394,3887,5427,134991,4787,95339,5919,230330,California
Fresno,2021-03-17,8759,330452,4005,149508,4050,176353,704,4591,5916,139202,2817,98156,7028,237358,California
Fresno,2021-03-18,12565,343017,6799,156307,5089,181442,677,5268,7024,141908,5490,103646,8196,245554,California
Fresno,2021-03-19,11291,354308,5965,162272,4704,186146,622,5890,6922,145497,4333,107979,7922,253476,California
Fresno,2021-03-20,7645,361953,4618,166890,2703,188849,324,6214,3747,146021,3867,111846,4391,257867,California
Fresno,2021-03-21,1870,363823,1276,168166,213,189062,381,6595,1021,146584,841,112687,1404,259271,California
Fresno,2021-03-22,5722,369545,2937,171103,2187,191249,598,7193,3812,149344,1891,114578,4651,263922,California
Fresno,2021-03-23,10651,380196,5333,176436,4818,196067,500,7693,5086,149837,5540,120118,6033,269955,California
Fresno,2021-03-24,8904,389100,3859,180295,4211,200278,834,8527,4942,151742,3924,124042,5829,275784,California
Fresno,2021-03-25,12234,401334,5691,185986,5738,206016,805,9332,4730,149904,7454,131496,5616,281400,California
Fresno,2021-03-26,12275,413609,5475,191461,6153,212169,647,9979,4399,147157,7817,139313,5070,286470,California
Fresno,2021-03-27,10141,423750,4861,196322,4195,216364,1085,11064,2922,143992,7178,146491,4013,290483,California
Fresno,2021-03-28,3425,427175,1327,197649,1405,217769,693,11757,1110,143937,2306,148797,2251,292734,California
Fresno,2021-03-29,6009,433184,2018,199667,3449,221218,542,12299,2897,144307,3083,151880,3453,296187,California
Fresno,2021-03-30,11037,444221,4281,203948,5850,227068,906,13205,3825,141860,7179,159059,4732,300919,California
Fresno,2021-03-31,9749,453970,3396,207344,5346,232414,1007,14212,3659,140477,6042,165101,4659,305578,California
Fresno,2021-04-01,12249,466219,4226,211570,7163,239577,860,15072,4046,137242,8096,173197,4861,310439,California
Fresno,2021-04-02,12139,478358,4648,216218,6695,246272,796,15868,4281,134630,7693,180890,5081,315520,California
Fresno,2021-04-03,6426,484784,3531,219749,2631,248903,264,16132,2146,132814,4262,185152,2446,317966,California
Fresno,2021-04-04,1506,486290,539,220288,921,249824,46,16178,547,132457,950,186102,593,318559,California
Fresno,2021-04-05,8364,494654,4484,224772,3077,252901,803,16981,2442,129868,5904,192006,3315,321874,California
Fresno,2021-04-06,9660,504314,4052,228824,4415,257316,1193,18174,3550,128557,6070,198076,4759,326633,California
Fresno,2021-04-07,10648,514962,5513,234337,3919,261235,1216,19390,3540,126276,7062,205138,4781,331414,California
Fresno,2021-04-08,10997,525959,5186,239523,4645,265880,1166,20556,3450,123436,7492,212630,4652,336066,California
Fresno,2021-04-09,11749,537708,5468,244991,4877,270757,1404,21960,3687,120534,8011,220641,5109,341175,California
Fresno,2021-04-10,7946,545654,5180,250171,2238,272995,528,22488,3683,120501,4242,224883,4209,345384,California
Fresno,2021-04-11,1405,547059,939,251110,374,273369,92,22580,447,120088,953,225836,540,345924,California
Fresno,2021-04-12,7589,554648,4111,255221,2543,275912,935,23515,2419,118302,5138,230974,3352,349276,California
Fresno,2021-04-13,9048,563696,4322,259543,4655,280567,71,23586,3523,116505,5485,236459,3688,352964,California
Fresno,2021-04-14,9763,573459,5813,265356,3949,284516,1,23587,3791,114417,5927,242386,3839,356803,California
Fresno,2021-04-15,8532,581991,4247,269603,4282,288798,3,23590,3198,112319,5302,247688,3204,360007,California
Fresno,2021-04-16,9633,591624,4674,274277,4957,293755,2,23592,3917,110566,5677,253365,3924,363931,California
Fresno,2021-04-17,5678,597302,3793,278070,1885,295640,0,23592,2699,110312,2955,256320,2701,366632,California
Fresno,2021-04-18,1161,598463,686,278756,475,296115,0,23592,520,110196,636,256956,520,367152,California
Fresno,2021-04-19,5813,604276,3236,281992,2574,298689,3,23595,2265,108960,3507,260463,2271,369423,California
Fresno,2021-04-20,7236,611512,3701,285693,3527,302216,8,23603,2700,107160,4507,264970,2707,372130,California
Fresno,2021-04-21,7079,618591,4202,289895,2868,305084,9,23612,2893,105921,4144,269114,2905,375035,California
Fresno,2021-04-22,6574,625165,3354,293249,3219,308303,1,23613,2413,104238,4100,273214,2417,377452,California
Fresno,2021-04-23,7351,632516,4042,297291,3292,311595,17,23630,2806,102591,4458,277672,2811,380263,California
Fresno,2021-04-24,4182,636698,2497,299788,1685,313280,0,23630,1916,102256,2251,279923,1916,382179,California
Fresno,2021-04-25,1370,638068,552,300340,815,314095,3,23633,685,102265,679,280602,688,382867,California
Fresno,2021-04-26,4328,642396,2229,302569,2054,316149,45,23678,1823,101660,2473,283075,1868,384735,California
Fresno,2021-04-27,4941,647337,2534,305103,2281,318430,126,23804,1938,100744,2979,286054,2063,386798,California
Fresno,2021-04-28,4914,652251,2808,307911,1976,320406,130,23934,2063,100111,2827,288881,2194,388992,California
Fresno,2021-04-29,4911,657162,2759,310670,2011,322417,141,24075,1880,99129,3000,291881,2018,391010,California
Fresno,2021-04-30,5536,662698,3393,314063,2009,324426,134,24209,2216,98193,3285,295166,2349,393359,California
Fresno,2021-05-01,4212,666910,3471,317534,601,325027,140,24349,1241,96622,2950,298116,1379,394738,California
Fresno,2021-05-02,1255,668165,778,318312,426,325453,51,24400,617,96662,626,298742,666,395404,California
Fresno,2021-05-03,4063,672228,2708,321020,1163,326616,192,24592,1308,95432,2725,301467,1495,396899,California
Fresno,2021-05-04,4951,677179,2614,323634,2186,328802,151,24743,1576,93813,3348,304815,1729,398628,California
Fresno,2021-05-05,5370,682549,3412,327046,1729,330531,229,24972,1691,92074,3655,308470,1916,400544,California
Fresno,2021-05-06,4491,687040,2900,329946,1487,332018,104,25076,1559,90838,2899,311369,1663,402207,California
Fresno,2021-05-07,5147,692187,3415,333361,1565,333583,167,25243,1589,89057,3533,314902,1752,403959,California
Fresno,2021-05-08,4071,696258,2654,336015,1269,334852,148,25391,1257,87675,2788,317690,1406,405365,California
Fresno,2021-05-09,723,696981,393,336408,285,335137,45,25436,349,87701,368,318058,394,405759,California
Fresno,2021-05-10,2984,699965,1590,337998,1252,336389,142,25578,932,86734,2041,320099,1074,406833,California
Fresno,2021-05-11,3902,703867,2079,340077,1725,338114,98,25676,1257,85460,2629,322728,1355,408188,California
Fresno,2021-05-12,4155,708022,2712,342789,1280,339394,163,25839,1399,84294,2728,325456,1562,409750,California
Fresno,2021-05-13,4184,712206,2448,345237,1631,341025,105,25944,1855,83967,2289,327745,1962,411712,California
Fresno,2021-05-14,5117,717323,3084,348321,1849,342874,184,26128,2155,83379,2928,330673,2340,414052,California
Fresno,2021-05-15,3641,720964,2732,351053,778,343652,131,26259,1866,83611,1763,332436,1995,416047,California
Fresno,2021-05-16,1586,722550,1086,352139,466,344118,34,26293,922,83910,658,333094,957,417004,California
Fresno,2021-05-17,4194,726744,2833,354972,1198,345316,163,26456,2223,84354,1940,335034,2384,419388,California
Fresno,2021-05-18,4127,730871,2553,357525,1418,346734,156,26612,2079,84563,2023,337057,2232,421620,California
Fresno,2021-05-19,4361,735232,2769,360294,1415,348149,177,26789,2061,84523,2277,339334,2237,423857,California
Fresno,2021-05-20,4115,739347,2455,362749,1470,349619,190,26979,1871,84358,2224,341558,2059,425916,California
Fresno,2021-05-21,4647,743994,3056,365805,1496,351115,95,27074,2099,84034,2516,344074,2192,428108,California
Fresno,2021-05-22,3954,747948,2932,368737,849,351964,173,27247,2275,84820,1661,345735,2447,430555,California
Fresno,2021-05-23,964,748912,631,369368,303,352267,30,27277,476,84847,479,346214,506,431061,California
Fresno,2021-05-24,3312,752224,2106,371474,1091,353358,115,27392,1533,84740,1755,347969,1648,432709,California
Fresno,2021-05-25,3224,755448,1931,373405,1167,354525,126,27518,1350,84356,1859,349828,1475,434184,California
Fresno,2021-05-26,3258,758706,2150,375555,1001,355526,107,27625,1575,84375,1662,351490,1681,435865,California
Fresno,2021-05-27,3145,761851,1910,377465,1128,356654,107,27732,1313,83986,1810,353300,1421,437286,California
Fresno,2021-05-28,3446,765297,2215,379680,1136,357790,95,27827,1872,84405,1549,354849,1968,439254,California
Fresno,2021-05-29,2286,767583,1666,381346,550,358340,70,27897,1192,84584,1084,355933,1263,440517,California
Fresno,2021-05-30,895,768478,538,381884,321,358661,36,27933,414,84570,463,356396,449,440966,California
Fresno,2021-05-31,318,768796,158,382042,148,358809,12,27945,133,84533,180,356576,143,441109,California
Fresno,2021-06-01,3027,771823,1820,383862,1110,359919,97,28042,1144,83913,1860,358436,1240,442349,California
Fresno,2021-06-02,2664,774487,1718,385580,856,360775,90,28132,1060,83491,1574,360010,1152,443501,California
Fresno,2021-06-03,2972,777459,2036,387616,834,361609,102,28234,1113,82867,1837,361847,1213,444714,California
Fresno,2021-06-04,3248,780707,2352,389968,795,362404,101,28335,1070,81886,2153,364000,1172,445886,California
Fresno,2021-06-05,3131,783838,2315,392283,695,363099,121,28456,1226,81354,1877,365877,1345,447231,California
Fresno,2021-06-06,1185,785023,941,393224,206,363305,38,28494,349,80911,830,366707,387,447618,California
Fresno,2021-06-07,3096,788119,2431,395655,574,363879,91,28585,890,79708,2184,368891,981,448599,California
Fresno,2021-06-08,2766,790885,2037,397692,647,364526,82,28667,809,78653,1945,370836,890,449489,California
Fresno,2021-06-09,2951,793836,2202,399894,658,365184,91,28758,975,77760,1958,372794,1065,450554,California
Fresno,2021-06-10,2665,796501,1935,401829,660,365844,70,28828,924,77036,1717,374511,993,451547,California
Fresno,2021-06-11,3204,799705,2263,404092,832,366676,109,28937,1171,76321,1995,376506,1280,452827,California
Fresno,2021-06-12,2912,802617,2303,406395,443,367119,166,29103,778,75140,2120,378626,939,453766,California
Fresno,2021-06-13,717,803334,464,406859,236,367355,17,29120,195,74834,518,379144,212,453978,California
Fresno,2021-06-14,2518,805852,1834,408693,556,367911,128,29248,956,74376,1540,380684,1082,455060,California
Fresno,2021-06-15,2379,808231,1712,410405,592,368503,75,29323,940,73970,1420,382104,1014,456074,California
Fresno,2021-06-16,2639,810870,1894,412299,631,369134,114,29437,1040,73535,1586,383690,1151,457225,California
Fresno,2021-06-17,2266,813136,1584,413883,588,369722,94,29531,956,73289,1294,384984,1048,458273,California
Fresno,2021-06-18,3006,816142,2158,416041,731,370453,117,29648,1190,72799,1798,386782,1308,459581,California
Fresno,2021-06-19,1691,817833,1249,417290,365,370818,77,29725,579,72346,1107,387889,654,460235,California
Fresno,2021-06-20,501,818334,354,417644,136,370954,11,29736,192,72247,302,388191,203,460438,California
Fresno,2021-06-21,1624,819958,1085,418729,474,371428,65,29801,934,72570,676,388867,999,461437,California
Fresno,2021-06-22,2168,822126,1499,420228,559,371987,110,29911,1002,72527,1152,390019,1109,462546,California
Fresno,2021-06-23,2052,824178,1470,421698,514,372501,68,29979,1008,72573,1028,391047,1074,463620,California
Fresno,2021-06-24,1998,826176,1411,423109,511,373012,76,30055,888,72442,1094,392141,963,464583,California
Fresno,2021-06-25,2063,828239,1439,424548,542,373554,82,30137,977,72434,1067,393208,1059,465642,California
Fresno,2021-06-26,1833,830072,1421,425969,312,373866,100,30237,717,72140,1111,394319,817,466459,California
Fresno,2021-06-27,914,830986,676,426645,139,374005,99,30336,464,72255,445,394764,560,467019,California
Fresno,2021-06-28,1608,832594,1221,427866,291,374296,96,30432,709,72169,888,395652,802,467821,California
Fresno,2021-06-29,1784,834378,1181,429047,522,374818,81,30513,799,72072,976,396628,879,468700,California
Fresno,2021-06-30,1714,836092,1164,430211,460,375278,90,30603,745,71954,954,397582,836,469536,California
Fresno,2021-07-01,1581,837673,1144,431355,368,375646,69,30672,689,71831,879,398461,756,470292,California
Fresno,2021-07-02,1710,839383,1213,432568,427,376073,70,30742,812,71823,889,399350,881,471173,California
Fresno,2021-07-03,1059,840442,776,433344,254,376327,29,30771,522,71847,527,399877,551,471724,California
Fresno,2021-07-04,82,840524,26,433370,50,376377,6,30777,32,71835,50,399927,38,471762,California
Fresno,2021-07-05,992,841516,719,434089,240,376617,33,30810,441,71761,547,400474,473,472235,California
Fresno,2021-07-06,2039,843555,1424,435513,526,377143,89,30899,810,71454,1205,401679,898,473133,California
Fresno,2021-07-07,1760,845315,1337,436850,355,377498,68,30967,771,71314,977,402656,837,473970,California
Fresno,2021-07-08,1731,847046,1134,437984,481,377979,116,31083,736,71182,982,403638,850,474820,California
Fresno,2021-07-09,1982,849028,1455,439439,452,378431,75,31158,845,70979,1124,404762,921,475741,California
Fresno,2021-07-10,1086,850114,753,440192,255,378686,78,31236,424,70827,654,405416,502,476243,California
Fresno,2021-07-11,336,850450,216,440408,111,378797,9,31245,158,70821,173,405589,167,476410,California
Glenn,2020-12-17,1,1,1,1,0,0,0,0,1,1,0,0,1,1,California
Glenn,2020-12-19,1,2,1,2,0,0,0,0,1,2,0,0,1,2,California
Glenn,2020-12-20,1,3,1,3,0,0,0,0,1,3,0,0,1,3,California
Glenn,2020-12-21,12,15,12,15,0,0,0,0,12,15,0,0,12,15,California
Glenn,2020-12-22,59,74,59,74,0,0,0,0,59,74,0,0,59,74,California
Glenn,2020-12-23,28,102,28,102,0,0,0,0,28,102,0,0,28,102,California
Glenn,2020-12-24,9,111,9,111,0,0,0,0,9,111,0,0,9,111,California
Glenn,2020-12-26,2,113,2,113,0,0,0,0,2,113,0,0,2,113,California
Glenn,2020-12-27,4,117,4,117,0,0,0,0,4,117,0,0,4,117,California
Glenn,2020-12-28,22,139,22,139,0,0,0,0,22,139,0,0,22,139,California
Glenn,2020-12-29,83,222,83,222,0,0,0,0,83,222,0,0,83,222,California
Glenn,2020-12-30,129,351,106,328,23,23,0,0,129,351,0,0,129,351,California
Glenn,2020-12-31,38,389,9,337,29,52,0,0,38,389,0,0,38,389,California
Glenn,2021-01-02,3,392,3,340,0,52,0,0,3,392,0,0,3,392,California
Glenn,2021-01-04,7,399,5,345,2,54,0,0,7,399,0,0,7,399,California
Glenn,2021-01-05,9,408,8,353,1,55,0,0,9,408,0,0,9,408,California
Glenn,2021-01-06,60,468,8,361,52,107,0,0,60,468,0,0,60,468,California
Glenn,2021-01-07,67,535,12,373,55,162,0,0,65,531,2,2,65,533,California
Glenn,2021-01-08,12,547,9,382,3,165,0,0,12,543,0,2,12,545,California
Glenn,2021-01-10,1,548,1,383,0,165,0,0,0,542,1,3,0,545,California
Glenn,2021-01-11,31,579,30,413,1,166,0,0,13,537,18,21,13,558,California
Glenn,2021-01-12,42,621,37,450,5,171,0,0,14,523,28,49,14,572,California
Glenn,2021-01-13,221,842,158,608,63,234,0,0,176,654,45,94,176,748,California
Glenn,2021-01-14,119,961,30,638,89,323,0,0,109,753,10,104,109,857,California
Glenn,2021-01-15,40,1001,33,671,7,330,0,0,35,783,5,109,35,892,California
Glenn,2021-01-16,34,1035,14,685,20,350,0,0,24,797,10,119,24,916,California
Glenn,2021-01-17,4,1039,2,687,2,352,0,0,2,797,2,121,2,918,California
Glenn,2021-01-18,18,1057,17,704,1,353,0,0,9,797,9,130,9,927,California
Glenn,2021-01-19,30,1087,20,724,10,363,0,0,13,793,17,147,13,940,California
Glenn,2021-01-20,164,1251,95,819,69,432,0,0,82,793,82,229,82,1022,California
Glenn,2021-01-21,124,1375,98,917,26,458,0,0,30,729,94,323,30,1052,California
Glenn,2021-01-22,341,1716,67,984,274,732,0,0,334,1056,7,330,334,1386,California
Glenn,2021-01-23,16,1732,9,993,7,739,0,0,13,1066,3,333,13,1399,California
Glenn,2021-01-24,2,1734,2,995,0,739,0,0,2,1068,0,333,2,1401,California
Glenn,2021-01-25,27,1761,9,1004,18,757,0,0,24,1089,3,336,24,1425,California
Glenn,2021-01-26,31,1792,14,1018,17,774,0,0,25,1108,6,342,25,1450,California
Glenn,2021-01-27,190,1982,13,1031,177,951,0,0,168,1254,22,364,168,1618,California
Glenn,2021-01-28,147,2129,8,1039,139,1090,0,0,117,1341,30,394,117,1735,California
Glenn,2021-01-29,297,2426,12,1051,285,1375,0,0,283,1610,14,408,283,2018,California
Glenn,2021-01-30,4,2430,0,1051,4,1379,0,0,4,1614,0,408,4,2022,California
Glenn,2021-01-31,1,2431,0,1051,1,1380,0,0,1,1615,0,408,1,2023,California
Glenn,2021-02-01,31,2462,11,1062,20,1400,0,0,19,1622,12,420,19,2042,California
Glenn,2021-02-02,32,2494,16,1078,16,1416,0,0,22,1634,10,430,22,2064,California
Glenn,2021-02-03,280,2774,126,1204,154,1570,0,0,134,1623,146,576,135,2199,California
Glenn,2021-02-04,83,2857,16,1220,67,1637,0,0,26,1592,57,633,26,2225,California
Glenn,2021-02-05,319,3176,24,1244,295,1932,0,0,299,1871,20,653,299,2524,California
Glenn,2021-02-06,14,3190,2,1246,12,1944,0,0,13,1883,1,654,13,2537,California
Glenn,2021-02-07,2,3192,2,1248,0,1944,0,0,2,1885,0,654,2,2539,California
Glenn,2021-02-08,22,3214,17,1265,5,1949,0,0,5,1873,17,671,5,2544,California
Glenn,2021-02-09,51,3265,20,1285,31,1980,0,0,38,1898,13,684,38,2582,California
Glenn,2021-02-10,143,3408,19,1304,124,2104,0,0,72,1899,71,755,72,2654,California
Glenn,2021-02-11,269,3677,168,1472,101,2205,0,0,185,2001,84,839,186,2840,California
Glenn,2021-02-12,419,4096,99,1571,320,2525,0,0,352,2286,67,906,352,3192,California
Glenn,2021-02-13,38,4134,9,1580,29,2554,0,0,17,2282,21,927,17,3209,California
Glenn,2021-02-14,1,4135,0,1580,1,2555,0,0,1,2283,0,927,1,3210,California
Glenn,2021-02-15,10,4145,1,1581,9,2564,0,0,8,2289,2,929,8,3218,California
Glenn,2021-02-16,44,4189,9,1590,35,2599,0,0,25,2295,19,948,25,3243,California
Glenn,2021-02-17,381,4570,14,1604,367,2966,0,0,303,2520,78,1026,303,3546,California
Glenn,2021-02-18,183,4753,148,1752,35,3001,0,0,158,2654,24,1050,158,3704,California
Glenn,2021-02-19,303,5056,17,1769,286,3287,0,0,29,2409,274,1324,29,3733,California
Glenn,2021-02-20,10,5066,0,1769,10,3297,0,0,2,2403,8,1332,2,3735,California
Glenn,2021-02-21,1,5067,1,1770,0,3297,0,0,1,2404,0,1332,1,3736,California
Glenn,2021-02-22,37,5104,17,1787,20,3317,0,0,18,2404,18,1350,18,3754,California
Glenn,2021-02-23,45,5149,12,1799,33,3350,0,0,31,2421,14,1364,31,3785,California
Glenn,2021-02-24,271,5420,49,1848,222,3572,0,0,61,2272,210,1574,61,3846,California
Glenn,2021-02-25,328,5748,212,2060,116,3688,0,0,208,2360,120,1694,208,4054,California
Glenn,2021-02-26,307,6055,26,2086,281,3969,0,0,22,2098,284,1978,22,4076,California
Glenn,2021-02-27,16,6071,6,2092,10,3979,0,0,6,2095,9,1987,6,4082,California
Glenn,2021-02-28,6,6077,3,2095,3,3982,0,0,3,2096,2,1989,3,4085,California
Glenn,2021-03-01,29,6106,6,2101,23,4005,0,0,13,2093,16,2005,13,4098,California
Glenn,2021-03-02,38,6144,7,2108,31,4036,0,0,19,2093,19,2024,19,4117,California
Glenn,2021-03-03,211,6355,37,2145,174,4210,0,0,118,2120,91,2115,118,4235,California
Glenn,2021-03-04,549,6904,204,2349,345,4555,0,0,366,2303,183,2298,366,4601,California
Glenn,2021-03-05,357,7261,49,2398,308,4863,0,0,35,2016,322,2620,35,4636,California
Glenn,2021-03-06,28,7289,4,2402,23,4886,1,1,11,2011,17,2637,12,4648,California
Glenn,2021-03-07,5,7294,0,2402,5,4891,0,1,3,2013,1,2638,3,4651,California
Glenn,2021-03-08,21,7315,3,2405,17,4908,1,2,19,2031,2,2640,20,4671,California
Glenn,2021-03-09,83,7398,12,2417,68,4976,3,5,53,2056,30,2670,55,4726,California
Glenn,2021-03-10,188,7586,80,2497,106,5082,2,7,104,2078,84,2754,106,4832,California
Glenn,2021-03-11,594,8180,180,2677,391,5473,23,30,412,2334,182,2936,438,5270,California
Glenn,2021-03-12,420,8600,14,2691,343,5816,63,93,41,2059,379,3315,104,5374,California
Glenn,2021-03-13,13,8613,1,2692,4,5820,8,101,1,2056,12,3327,9,5383,California
Glenn,2021-03-14,3,8616,1,2693,2,5822,0,101,1,2055,2,3329,1,5384,California
Glenn,2021-03-15,76,8692,15,2708,56,5878,5,106,59,2102,17,3346,64,5448,California
Glenn,2021-03-16,113,8805,34,2742,69,5947,10,116,69,2137,44,3390,79,5527,California
Glenn,2021-03-17,419,9224,99,2841,313,6260,7,123,114,1951,305,3695,119,5646,California
Glenn,2021-03-18,535,9759,231,3072,50,6310,254,377,73,1815,462,4157,326,5972,California
Glenn,2021-03-19,96,9855,16,3088,74,6384,6,383,75,1876,20,4177,81,6053,California
Glenn,2021-03-20,134,9989,2,3090,131,6515,1,384,130,2003,4,4181,131,6184,California
Glenn,2021-03-21,6,9995,5,3095,0,6515,1,385,3,2005,2,4183,4,6188,California
Glenn,2021-03-22,124,10119,55,3150,61,6576,8,393,103,2097,19,4202,111,6299,California
Glenn,2021-03-23,179,10298,67,3217,61,6637,51,444,104,2178,74,4276,155,6454,California
Glenn,2021-03-24,213,10511,103,3320,105,6742,5,449,125,2222,86,4362,130,6584,California
Glenn,2021-03-25,496,11007,255,3575,147,6889,94,543,358,2538,136,4498,452,7036,California
Glenn,2021-03-26,239,11246,37,3612,166,7055,36,579,188,2711,51,4549,224,7260,California
Glenn,2021-03-27,168,11414,22,3634,140,7195,6,585,154,2857,14,4563,160,7420,California
Glenn,2021-03-28,15,11429,10,3644,5,7200,0,585,10,2862,5,4568,10,7430,California
Glenn,2021-03-29,61,11490,20,3664,38,7238,3,588,45,2894,16,4584,48,7478,California
Glenn,2021-03-30,76,11566,43,3707,32,7270,1,589,43,2907,31,4615,44,7522,California
Glenn,2021-03-31,132,11698,35,3742,96,7366,1,590,43,2863,88,4703,44,7566,California
Glenn,2021-04-01,660,12358,193,3935,458,7824,9,599,234,2683,423,5126,243,7809,California
Glenn,2021-04-02,169,12527,25,3960,132,7956,12,611,132,2790,37,5163,144,7953,California
Glenn,2021-04-03,95,12622,4,3964,84,8040,7,618,84,2870,11,5174,91,8044,California
Glenn,2021-04-04,9,12631,3,3967,4,8044,2,620,5,2873,4,5178,7,8051,California
Glenn,2021-04-05,67,12698,26,3993,28,8072,13,633,30,2879,37,5215,43,8094,California
Glenn,2021-04-06,144,12842,52,4045,53,8125,39,672,37,2848,106,5321,75,8169,California
Glenn,2021-04-07,161,13003,47,4092,60,8185,54,726,75,2891,86,5407,129,8298,California
Glenn,2021-04-08,652,13655,198,4290,418,8603,36,762,148,2573,502,5909,184,8482,California
Glenn,2021-04-09,160,13815,57,4347,86,8689,17,779,102,2633,58,5967,118,8600,California
Glenn,2021-04-10,77,13892,1,4348,60,8749,16,795,58,2689,18,5985,74,8674,California
Glenn,2021-04-11,17,13909,8,4356,4,8753,5,800,7,2691,10,5995,12,8686,California
Glenn,2021-04-12,116,14025,26,4382,61,8814,29,829,21,2646,95,6090,50,8736,California
Glenn,2021-04-13,119,14144,64,4446,55,8869,0,829,30,2587,89,6179,30,8766,California
Glenn,2021-04-14,122,14266,46,4492,76,8945,0,829,67,2599,55,6234,67,8833,California
Glenn,2021-04-15,365,14631,276,4768,89,9034,0,829,100,2435,264,6498,100,8933,California
Glenn,2021-04-16,168,14799,41,4809,127,9161,0,829,78,2423,90,6588,78,9011,California
Glenn,2021-04-17,169,14968,17,4826,152,9313,0,829,30,2322,131,6719,30,9041,California
Glenn,2021-04-18,19,14987,6,4832,13,9326,0,829,15,2333,4,6723,15,9056,California
Glenn,2021-04-19,84,15071,17,4849,67,9393,0,829,23,2296,60,6783,23,9079,California
Glenn,2021-04-20,134,15205,90,4939,44,9437,0,829,56,2274,78,6861,56,9135,California
Glenn,2021-04-21,435,15640,332,5271,103,9540,0,829,289,2418,145,7006,289,9424,California
Glenn,2021-04-22,214,15854,54,5325,160,9700,0,829,38,2281,175,7181,38,9462,California
Glenn,2021-04-23,192,16046,36,5361,156,9856,0,829,49,2188,142,7323,49,9511,California
Glenn,2021-04-24,180,16226,32,5393,148,10004,0,829,30,2069,149,7472,30,9541,California
Glenn,2021-04-25,28,16254,17,5410,11,10015,0,829,21,2083,7,7479,21,9562,California
Glenn,2021-04-26,50,16304,14,5424,36,10051,0,829,19,2071,31,7510,19,9581,California
Glenn,2021-04-27,65,16369,50,5474,10,10061,5,834,34,2078,31,7541,38,9619,California
Glenn,2021-04-28,268,16637,189,5663,68,10129,11,845,127,2076,140,7681,138,9757,California
Glenn,2021-04-29,186,16823,27,5690,157,10286,2,847,40,1972,146,7827,42,9799,California
Glenn,2021-04-30,163,16986,42,5732,119,10405,2,849,40,1891,123,7950,42,9841,California
Glenn,2021-05-01,108,17094,13,5745,94,10499,1,850,26,1836,82,8032,27,9868,California
Glenn,2021-05-02,32,17126,14,5759,9,10508,9,859,15,1843,17,8049,24,9892,California
Glenn,2021-05-03,39,17165,24,5783,14,10522,1,860,14,1833,25,8074,15,9907,California
Glenn,2021-05-04,60,17225,36,5819,19,10541,5,865,28,1834,32,8106,33,9940,California
Glenn,2021-05-05,127,17352,39,5858,77,10618,11,876,52,1822,75,8181,63,10003,California
Glenn,2021-05-06,112,17464,42,5900,65,10683,5,881,41,1797,71,8252,46,10049,California
Glenn,2021-05-07,122,17586,36,5936,77,10760,9,890,30,1745,91,8343,39,10088,California
Glenn,2021-05-08,65,17651,12,5948,49,10809,4,894,21,1727,43,8386,25,10113,California
Glenn,2021-05-09,17,17668,11,5959,6,10815,0,894,11,1732,6,8392,11,10124,California
Glenn,2021-05-10,37,17705,15,5974,17,10832,5,899,13,1726,24,8416,18,10142,California
Glenn,2021-05-11,85,17790,60,6034,16,10848,9,908,17,1684,68,8484,26,10168,California
Glenn,2021-05-12,337,18127,254,6288,69,10917,14,922,50,1461,287,8771,64,10232,California
Glenn,2021-05-13,157,18284,58,6346,80,10997,19,941,64,1451,93,8864,83,10315,California
Glenn,2021-05-14,106,18390,24,6370,77,11074,5,946,34,1418,72,8936,39,10354,California
Glenn,2021-05-15,67,18457,40,6410,24,11098,3,949,32,1418,34,8970,34,10388,California
Glenn,2021-05-16,30,18487,17,6427,13,11111,0,949,8,1404,22,8992,8,10396,California
Glenn,2021-05-17,86,18573,61,6488,21,11132,4,953,60,1442,26,9018,64,10460,California
Glenn,2021-05-18,68,18641,50,6538,14,11146,4,957,22,1422,46,9064,26,10486,California
Glenn,2021-05-19,200,18841,118,6656,70,11216,12,969,69,1372,130,9194,80,10566,California
Glenn,2021-05-20,121,18962,80,6736,39,11255,2,971,81,1415,40,9234,83,10649,California
Glenn,2021-05-21,71,19033,27,6763,43,11298,1,972,28,1401,43,9277,29,10678,California
Glenn,2021-05-22,56,19089,24,6787,32,11330,0,972,29,1403,27,9304,29,10707,California
Glenn,2021-05-23,28,19117,16,6803,12,11342,0,972,12,1400,15,9319,12,10719,California
Glenn,2021-05-24,30,19147,11,6814,15,11357,4,976,11,1397,18,9337,15,10734,California
Glenn,2021-05-25,47,19194,35,6849,10,11367,2,978,23,1398,24,9361,25,10759,California
Glenn,2021-05-26,73,19267,14,6863,55,11422,4,982,25,1379,48,9409,29,10788,California
Glenn,2021-05-27,102,19369,63,6926,38,11460,1,983,47,1374,53,9462,48,10836,California
Glenn,2021-05-28,62,19431,18,6944,37,11497,7,990,32,1383,30,9492,39,10875,California
Glenn,2021-05-29,48,19479,11,6955,33,11530,4,994,21,1381,27,9519,25,10900,California
Glenn,2021-05-30,21,19500,13,6968,8,11538,0,994,8,1377,12,9531,8,10908,California
Glenn,2021-05-31,4,19504,0,6968,4,11542,0,994,0,1373,4,9535,0,10908,California
Glenn,2021-06-01,59,19563,34,7002,22,11564,3,997,24,1365,35,9570,27,10935,California
Glenn,2021-06-02,98,19661,49,7051,46,11610,3,1000,39,1348,59,9629,42,10977,California
Glenn,2021-06-03,74,19735,41,7092,26,11636,7,1007,18,1318,55,9684,25,11002,California
Glenn,2021-06-04,77,19812,37,7129,37,11673,3,1010,42,1328,35,9719,45,11047,California
Glenn,2021-06-05,55,19867,30,7159,22,11695,3,1013,17,1310,38,9757,20,11067,California
Glenn,2021-06-06,31,19898,27,7186,3,11698,1,1014,15,1311,15,9772,16,11083,California
Glenn,2021-06-07,68,19966,59,7245,7,11705,2,1016,13,1272,54,9826,15,11098,California
Glenn,2021-06-08,35,20001,19,7264,11,11716,5,1021,16,1274,19,9845,21,11119,California
Glenn,2021-06-09,65,20066,38,7302,20,11736,7,1028,32,1280,33,9878,39,11158,California
Glenn,2021-06-10,119,20185,88,7390,25,11761,6,1034,35,1237,84,9962,41,11199,California
Glenn,2021-06-11,89,20274,58,7448,28,11789,3,1037,25,1201,64,10026,28,11227,California
Glenn,2021-06-12,35,20309,19,7467,13,11802,3,1040,13,1195,22,10048,16,11243,California
Glenn,2021-06-13,11,20320,11,7478,0,11802,0,1040,5,1194,6,10054,5,11248,California
Glenn,2021-06-14,39,20359,26,7504,10,11812,3,1043,15,1189,23,10077,18,11266,California
Glenn,2021-06-15,49,20408,33,7537,15,11827,1,1044,22,1185,27,10104,23,11289,California
Glenn,2021-06-16,84,20492,49,7586,34,11861,1,1045,57,1218,25,10129,58,11347,California
Glenn,2021-06-17,63,20555,38,7624,21,11882,4,1049,9,1177,54,10183,13,11360,California
Glenn,2021-06-18,82,20637,44,7668,17,11899,21,1070,28,1172,54,10237,49,11409,California
Glenn,2021-06-19,41,20678,20,7688,21,11920,0,1070,23,1177,18,10255,23,11432,California
Glenn,2021-06-20,15,20693,11,7699,4,11924,0,1070,4,1170,11,10266,4,11436,California
Glenn,2021-06-21,26,20719,18,7717,6,11930,2,1072,19,1184,7,10273,21,11457,California
Glenn,2021-06-22,48,20767,33,7750,13,11943,2,1074,23,1185,24,10297,25,11482,California
Glenn,2021-06-23,54,20821,37,7787,14,11957,3,1077,28,1190,26,10323,31,11513,California
Glenn,2021-06-24,44,20865,27,7814,13,11970,4,1081,17,1184,27,10350,21,11534,California
Glenn,2021-06-25,67,20932,47,7861,19,11989,1,1082,31,1180,36,10386,32,11566,California
Glenn,2021-06-26,35,20967,20,7881,14,12003,1,1083,16,1178,19,10405,17,11583,California
Glenn,2021-06-27,17,20984,13,7894,4,12007,0,1083,4,1169,13,10418,4,11587,California
Glenn,2021-06-28,27,21011,23,7917,1,12008,3,1086,12,1168,15,10433,14,11601,California
Glenn,2021-06-29,33,21044,16,7933,12,12020,5,1091,11,1162,22,10455,16,11617,California
Glenn,2021-06-30,76,21120,51,7984,20,12040,5,1096,36,1163,40,10495,41,11658,California
Glenn,2021-07-01,56,21176,40,8024,13,12053,3,1099,16,1142,40,10535,19,11677,California
Glenn,2021-07-02,60,21236,35,8059,20,12073,5,1104,22,1132,37,10572,27,11704,California
Glenn,2021-07-03,36,21272,28,8087,7,12080,1,1105,24,1145,12,10584,25,11729,California
Glenn,2021-07-04,3,21275,2,8089,0,12080,1,1106,0,1143,3,10587,1,11730,California
Glenn,2021-07-05,20,21295,17,8106,1,12081,2,1108,6,1137,14,10601,8,11738,California
Glenn,2021-07-06,47,21342,36,8142,10,12091,1,1109,24,1139,23,10624,25,11763,California
Glenn,2021-07-07,67,21409,61,8203,4,12095,2,1111,32,1138,35,10659,34,11797,California
Glenn,2021-07-08,32,21441,16,8219,10,12105,6,1117,11,1134,21,10680,17,11814,California
Glenn,2021-07-09,67,21508,44,8263,15,12120,8,1125,28,1131,39,10719,36,11850,California
Glenn,2021-07-10,9,21517,6,8269,3,12123,0,1125,5,1132,4,10723,5,11855,California
Glenn,2021-07-11,5,21522,4,8273,1,12124,0,1125,2,1131,3,10726,2,11857,California
Humboldt,2020-12-15,3,3,3,3,0,0,0,0,3,3,0,0,3,3,California
Humboldt,2020-12-16,16,19,16,19,0,0,0,0,16,19,0,0,16,19,California
Humboldt,2020-12-17,119,138,119,138,0,0,0,0,119,138,0,0,119,138,California
Humboldt,2020-12-18,177,315,177,315,0,0,0,0,177,315,0,0,177,315,California
Humboldt,2020-12-19,10,325,10,325,0,0,0,0,10,325,0,0,10,325,California
Humboldt,2020-12-20,27,352,27,352,0,0,0,0,27,352,0,0,27,352,California
Humboldt,2020-12-21,167,519,167,519,0,0,0,0,167,519,0,0,167,519,California
Humboldt,2020-12-22,337,856,337,856,0,0,0,0,337,856,0,0,337,856,California
Humboldt,2020-12-23,322,1178,264,1120,58,58,0,0,324,1180,0,0,324,1180,California
Humboldt,2020-12-24,25,1203,2,1122,23,81,0,0,25,1205,0,0,25,1205,California
Humboldt,2020-12-25,2,1205,2,1124,0,81,0,0,2,1207,0,0,2,1207,California
Humboldt,2020-12-26,6,1211,5,1129,1,82,0,0,6,1213,0,0,6,1213,California
Humboldt,2020-12-28,209,1420,151,1280,58,140,0,0,209,1422,0,0,209,1422,California
Humboldt,2020-12-29,186,1606,125,1405,61,201,0,0,187,1609,0,0,187,1609,California
Humboldt,2020-12-30,235,1841,129,1534,106,307,0,0,235,1844,0,0,235,1844,California
Humboldt,2020-12-31,246,2087,81,1615,165,472,0,0,246,2090,0,0,246,2090,California
Humboldt,2021-01-01,3,2090,2,1617,1,473,0,0,3,2093,0,0,3,2093,California
Humboldt,2021-01-02,40,2130,2,1619,38,511,0,0,40,2133,0,0,40,2133,California
Humboldt,2021-01-04,219,2349,142,1761,77,588,0,0,220,2353,0,0,220,2353,California
Humboldt,2021-01-05,132,2481,21,1782,111,699,0,0,132,2484,1,1,132,2485,California
Humboldt,2021-01-06,314,2795,214,1996,100,799,0,0,240,2662,62,63,240,2725,California
Humboldt,2021-01-07,438,3233,326,2322,112,911,0,0,321,2882,101,164,321,3046,California
Humboldt,2021-01-08,429,3662,289,2611,140,1051,0,0,287,3033,136,300,287,3333,California
Humboldt,2021-01-09,67,3729,43,2654,24,1075,0,0,65,3097,2,302,66,3399,California
Humboldt,2021-01-10,84,3813,84,2738,0,1075,0,0,4,3021,80,382,4,3403,California
Humboldt,2021-01-11,292,4105,281,3019,11,1086,0,0,70,2873,218,600,70,3473,California
Humboldt,2021-01-12,503,4608,339,3358,164,1250,0,0,285,2962,196,796,285,3758,California
Humboldt,2021-01-13,502,5110,281,3639,221,1471,0,0,323,3110,176,972,324,4082,California
Humboldt,2021-01-14,560,5670,175,3814,385,1856,0,0,504,3559,56,1028,505,4587,California
Humboldt,2021-01-15,373,6043,28,3842,345,2201,0,0,355,3896,18,1046,355,4942,California
Humboldt,2021-01-16,169,6212,6,3848,163,2364,0,0,168,4063,1,1047,168,5110,California
Humboldt,2021-01-17,7,6219,4,3852,3,2367,0,0,7,4070,0,1047,7,5117,California
Humboldt,2021-01-18,307,6526,272,4124,35,2402,0,0,149,4061,158,1205,149,5266,California
Humboldt,2021-01-19,661,7187,402,4526,259,2661,0,0,529,4464,126,1331,529,5795,California
Humboldt,2021-01-20,952,8139,424,4950,528,3189,0,0,785,5092,159,1490,787,6582,California
Humboldt,2021-01-21,971,9110,260,5210,711,3900,0,0,928,5977,43,1533,928,7510,California
Humboldt,2021-01-22,688,9798,380,5590,308,4208,0,0,678,6646,10,1543,679,8189,California
Humboldt,2021-01-23,928,10726,282,5872,646,4854,0,0,919,7557,9,1552,920,9109,California
Humboldt,2021-01-24,228,10954,1,5873,227,5081,0,0,227,7783,1,1553,227,9336,California
Humboldt,2021-01-25,352,11306,236,6109,116,5197,0,0,154,7739,198,1751,154,9490,California
Humboldt,2021-01-26,543,11849,149,6258,394,5591,0,0,479,8154,64,1815,479,9969,California
Humboldt,2021-01-27,1273,13122,585,6843,688,6279,0,0,1199,9288,67,1882,1201,11170,California
Humboldt,2021-01-28,1464,14586,637,7480,827,7106,0,0,1320,10469,141,2023,1322,12492,California
Humboldt,2021-01-29,1166,15752,548,8028,618,7724,0,0,696,10695,470,2493,696,13188,California
Humboldt,2021-01-30,1029,16781,470,8498,559,8283,0,0,984,11635,45,2538,985,14173,California
Humboldt,2021-01-31,319,17100,317,8815,2,8285,0,0,318,11952,1,2539,318,14491,California
Humboldt,2021-02-01,320,17420,175,8990,145,8430,0,0,184,12000,136,2675,184,14675,California
Humboldt,2021-02-02,454,17874,79,9069,375,8805,0,0,349,12249,102,2777,351,15026,California
Humboldt,2021-02-03,676,18550,265,9334,411,9216,0,0,520,12613,156,2933,520,15546,California
Humboldt,2021-02-04,654,19204,262,9596,392,9608,0,0,446,12854,205,3138,446,15992,California
Humboldt,2021-02-05,830,20034,108,9704,722,10330,0,0,626,13277,203,3341,626,16618,California
Humboldt,2021-02-06,1086,21120,471,10175,615,10945,0,0,1036,14265,49,3390,1037,17655,California
Humboldt,2021-02-07,379,21499,8,10183,371,11316,0,0,374,14636,4,3394,375,18030,California
Humboldt,2021-02-08,339,21838,147,10330,192,11508,0,0,180,14658,158,3552,180,18210,California
Humboldt,2021-02-09,503,22341,228,10558,275,11783,0,0,176,14508,326,3878,176,18386,California
Humboldt,2021-02-10,565,22906,370,10928,195,11978,0,0,206,14360,354,4232,206,18592,California
Humboldt,2021-02-11,1326,24232,397,11325,929,12907,0,0,492,14024,830,5062,494,19086,California
Humboldt,2021-02-12,1175,25407,749,12074,426,13333,0,0,715,14280,459,5521,715,19801,California
Humboldt,2021-02-13,1551,26958,601,12675,950,14283,0,0,925,14582,624,6145,926,20727,California
Humboldt,2021-02-14,114,27072,5,12680,109,14392,0,0,110,14689,3,6148,110,20837,California
Humboldt,2021-02-15,296,27368,81,12761,215,14607,0,0,195,14784,100,6248,195,21032,California
Humboldt,2021-02-16,554,27922,124,12885,430,15037,0,0,252,14737,301,6549,254,21286,California
Humboldt,2021-02-17,453,28375,282,13167,171,15208,0,0,133,14551,319,6868,133,21419,California
Humboldt,2021-02-18,1029,29404,605,13772,424,15632,0,0,276,14077,750,7618,276,21695,California
Humboldt,2021-02-19,489,29893,441,14213,48,15680,0,0,92,13776,393,8011,92,21787,California
Humboldt,2021-02-20,1757,31650,1035,15248,722,16402,0,0,486,12997,1268,9279,489,22276,California
Humboldt,2021-02-21,497,32147,489,15737,8,16410,0,0,187,12875,310,9589,188,22464,California
Humboldt,2021-02-22,141,32288,96,15833,45,16455,0,0,29,12794,110,9699,29,22493,California
Humboldt,2021-02-23,187,32475,72,15905,115,16570,0,0,46,12701,139,9838,46,22539,California
Humboldt,2021-02-24,1282,33757,779,16684,503,17073,0,0,616,12654,663,10501,616,23155,California
Humboldt,2021-02-25,862,34619,324,17008,538,17611,0,0,236,12267,623,11124,236,23391,California
Humboldt,2021-02-26,2199,36818,107,17115,2092,19703,0,0,444,10964,1748,12872,445,23836,California
Humboldt,2021-02-27,1773,38591,1144,18259,629,20332,0,0,905,11007,866,13738,909,24745,California
Humboldt,2021-02-28,126,38717,11,18270,115,20447,0,0,118,11118,7,13745,118,24863,California
Humboldt,2021-03-01,260,38977,46,18316,214,20661,0,0,185,11229,74,13819,185,25048,California
Humboldt,2021-03-02,311,39288,51,18367,260,20921,0,0,168,11254,143,13962,168,25216,California
Humboldt,2021-03-03,1678,40966,1107,19474,571,21492,0,0,1226,12036,445,14407,1227,26443,California
Humboldt,2021-03-04,926,41892,114,19588,812,22304,0,0,301,11714,625,15032,303,26746,California
Humboldt,2021-03-05,952,42844,190,19778,751,23055,11,11,392,11560,557,15589,403,27149,California
Humboldt,2021-03-06,1811,44655,950,20728,812,23867,49,60,796,11391,1013,16602,844,27993,California
Humboldt,2021-03-07,387,45042,295,21023,59,23926,33,93,160,11356,227,16829,192,28185,California
Humboldt,2021-03-08,282,45324,6,21029,192,24118,84,177,181,11521,100,16929,265,28450,California
Humboldt,2021-03-09,504,45828,206,21235,148,24266,150,327,245,11658,257,17186,394,28844,California
Humboldt,2021-03-10,703,46531,474,21709,72,24338,157,484,426,11963,276,17462,581,29425,California
Humboldt,2021-03-11,1488,48019,460,22169,929,25267,99,583,657,11892,826,18288,755,30180,California
Humboldt,2021-03-12,1756,49775,1086,23255,446,25713,224,807,1055,12481,693,18981,1282,31462,California
Humboldt,2021-03-13,1600,51375,1052,24307,497,26210,51,858,680,12297,914,19895,730,32192,California
Humboldt,2021-03-14,143,51518,19,24326,116,26326,8,866,29,12220,114,20009,37,32229,California
Humboldt,2021-03-15,282,51800,52,24378,208,26534,22,888,61,12080,221,20230,81,32310,California
Humboldt,2021-03-16,638,52438,201,24579,175,26709,262,1150,262,12227,375,20605,522,32832,California
Humboldt,2021-03-17,735,53173,396,24975,231,26940,108,1258,340,12281,394,20999,448,33280,California
Humboldt,2021-03-18,1742,54915,1165,26140,534,27474,43,1301,1017,12623,718,21717,1060,34340,California
Humboldt,2021-03-19,1076,55991,61,26201,700,28174,315,1616,441,12745,633,22350,755,35095,California
Humboldt,2021-03-20,1416,57407,786,26987,616,28790,14,1630,390,12126,1024,23374,405,35500,California
Humboldt,2021-03-21,250,57657,34,27021,189,28979,27,1657,204,12310,46,23420,230,35730,California
Humboldt,2021-03-22,119,57776,15,27036,54,29033,50,1707,63,12369,54,23474,113,35843,California
Humboldt,2021-03-23,412,58188,41,27077,329,29362,42,1749,319,12638,92,23566,361,36204,California
Humboldt,2021-03-24,1416,59604,391,27468,977,30339,48,1797,1036,13349,372,23938,1083,37287,California
Humboldt,2021-03-25,1842,61446,1215,28683,564,30903,63,1860,942,13455,898,24836,1004,38291,California
Humboldt,2021-03-26,2044,63490,442,29125,1545,32448,57,1917,1596,14665,442,25278,1652,39943,California
Humboldt,2021-03-27,2126,65616,1526,30651,426,32874,174,2091,1143,15003,979,26257,1317,41260,California
Humboldt,2021-03-28,268,65884,82,30733,114,32988,72,2163,81,14971,186,26443,154,41414,California
Humboldt,2021-03-29,465,66349,124,30857,245,33233,96,2259,198,14998,266,26709,293,41707,California
Humboldt,2021-03-30,948,67297,303,31160,531,33764,114,2373,561,15290,382,27091,674,42381,California
Humboldt,2021-03-31,1887,69184,542,31702,1247,35011,98,2471,1412,16330,471,27562,1511,43892,California
Humboldt,2021-04-01,2122,71306,711,32413,1318,36329,93,2564,1483,17274,631,28193,1575,45467,California
Humboldt,2021-04-02,1727,73033,1112,33525,508,36837,107,2671,616,16892,1105,29298,723,46190,California
Humboldt,2021-04-03,1673,74706,1515,35040,143,36980,15,2686,664,16572,999,30297,679,46869,California
Humboldt,2021-04-04,482,75188,371,35411,102,37082,9,2695,400,16900,81,30378,409,47278,California
Humboldt,2021-04-05,783,75971,465,35876,270,37352,48,2743,445,17058,335,30713,493,47771,California
Humboldt,2021-04-06,849,76820,320,36196,394,37746,135,2878,589,17526,254,30967,722,48493,California
Humboldt,2021-04-07,1503,78323,1069,37265,292,38038,142,3020,996,18160,504,31471,1138,49631,California
Humboldt,2021-04-08,1762,80085,1096,38361,506,38544,160,3180,744,18049,1015,32486,904,50535,California
Humboldt,2021-04-09,1447,81532,442,38803,850,39394,155,3335,1156,19062,290,32776,1303,51838,California
Humboldt,2021-04-10,945,82477,139,38942,631,40025,175,3510,744,19780,199,32975,917,52755,California
Humboldt,2021-04-11,647,83124,140,39082,36,40061,471,3981,130,19862,517,33492,599,53354,California
Humboldt,2021-04-12,442,83566,229,39311,86,40147,127,4108,280,20108,161,33653,407,53761,California
Humboldt,2021-04-13,591,84157,324,39635,262,40409,5,4113,554,20631,35,33688,558,54319,California
Humboldt,2021-04-14,1451,85608,1048,40683,403,40812,0,4113,1333,21847,117,33805,1333,55652,California
Humboldt,2021-04-15,1837,87445,1204,41887,629,41441,4,4117,1261,22553,557,34362,1263,56915,California
Humboldt,2021-04-16,1139,88584,522,42409,617,42058,0,4117,554,22525,582,34944,554,57469,California
Humboldt,2021-04-17,1879,90463,1555,43964,324,42382,0,4117,1021,22694,852,35796,1021,58490,California
Humboldt,2021-04-18,670,91133,355,44319,314,42696,1,4118,84,22198,580,36376,84,58574,California
Humboldt,2021-04-19,208,91341,86,44405,122,42818,0,4118,92,22176,114,36490,92,58666,California
Humboldt,2021-04-20,511,91852,140,44545,371,43189,0,4118,254,22174,256,36746,254,58920,California
Humboldt,2021-04-21,1124,92976,391,44936,733,43922,0,4118,457,21974,658,37404,458,59378,California
Humboldt,2021-04-22,901,93877,538,45474,362,44284,1,4119,457,21990,441,37845,457,59835,California
Humboldt,2021-04-23,2193,96070,311,45785,1882,46166,0,4119,337,20475,1852,39697,337,60172,California
Humboldt,2021-04-24,1104,97174,885,46670,214,46380,5,4124,360,20099,741,40438,365,60537,California
Humboldt,2021-04-25,377,97551,240,46910,137,46517,0,4124,192,20108,183,40621,192,60729,California
Humboldt,2021-04-26,390,97941,270,47180,116,46633,4,4128,112,19946,276,40897,114,60843,California
Humboldt,2021-04-27,810,98751,311,47491,470,47103,29,4157,184,19535,624,41521,213,61056,California
Humboldt,2021-04-28,1606,100357,847,48338,714,47817,45,4202,422,18821,1181,42702,467,61523,California
Humboldt,2021-04-29,1792,102149,638,48976,1116,48933,38,4240,299,17670,1488,44190,337,61860,California
Humboldt,2021-04-30,1305,103454,437,49413,833,49766,35,4275,205,16815,1093,45283,238,62098,California
Humboldt,2021-05-01,485,103939,387,49800,75,49841,23,4298,300,16954,184,45467,323,62421,California
Humboldt,2021-05-02,233,104172,187,49987,37,49878,9,4307,117,16965,115,45582,126,62547,California
Humboldt,2021-05-03,618,104790,375,50362,219,50097,24,4331,102,16578,514,46096,127,62674,California
Humboldt,2021-05-04,867,105657,521,50883,301,50398,45,4376,260,16278,604,46700,304,62978,California
Humboldt,2021-05-05,1742,107399,1117,52000,567,50965,58,4434,185,14971,1548,48248,241,63219,California
Humboldt,2021-05-06,1695,109094,1076,53076,367,51332,252,4686,141,13813,1551,49799,393,63612,California
Humboldt,2021-05-07,1437,110531,316,53392,1061,52393,60,4746,238,12913,1196,50995,296,63908,California
Humboldt,2021-05-08,745,111276,148,53540,574,52967,23,4769,90,12373,653,51648,113,64021,California
Humboldt,2021-05-09,906,112182,854,54394,42,53009,10,4779,47,11571,859,52507,57,64078,California
Humboldt,2021-05-10,218,112400,37,54431,142,53151,39,4818,82,11556,136,52643,121,64199,California
Humboldt,2021-05-11,534,112934,184,54615,277,53428,73,4891,204,11504,329,52972,277,64476,California
Humboldt,2021-05-12,621,113555,142,54757,433,53861,46,4937,227,11383,393,53365,272,64748,California
Humboldt,2021-05-13,629,114184,302,55059,300,54161,27,4964,288,11359,339,53704,315,65063,California
Humboldt,2021-05-14,711,114895,142,55201,465,54626,104,5068,233,11220,475,54179,336,65399,California
Humboldt,2021-05-15,788,115683,643,55844,135,54761,10,5078,212,10867,575,54754,222,65621,California
Humboldt,2021-05-16,121,115804,54,55898,63,54824,4,5082,68,10886,53,54807,72,65693,California
Humboldt,2021-05-17,409,116213,215,56113,171,54995,23,5105,223,10947,184,54991,245,65938,California
Humboldt,2021-05-18,663,116876,325,56438,309,55304,29,5134,360,11032,303,55294,388,66326,California
Humboldt,2021-05-19,988,117864,549,56987,396,55700,43,5177,319,10727,665,55959,360,66686,California
Humboldt,2021-05-20,828,118692,607,57594,208,55908,13,5190,593,11102,232,56191,607,67293,California
Humboldt,2021-05-21,879,119571,291,57885,527,56435,61,5251,351,10986,528,56719,412,67705,California
Humboldt,2021-05-22,416,119987,321,58206,87,56522,8,5259,147,10874,267,56986,155,67860,California
Humboldt,2021-05-23,394,120381,326,58532,65,56587,3,5262,76,10635,318,57304,79,67939,California
Humboldt,2021-05-24,338,120719,174,58706,135,56722,29,5291,182,10691,155,57459,211,68150,California
Humboldt,2021-05-25,530,121249,338,59044,168,56890,24,5315,288,10764,239,57698,312,68462,California
Humboldt,2021-05-26,648,121897,310,59354,314,57204,24,5339,306,10753,341,58039,330,68792,California
Humboldt,2021-05-27,465,122362,247,59601,181,57385,37,5376,276,10877,189,58228,313,69105,California
Humboldt,2021-05-28,411,122773,193,59794,171,57556,47,5423,170,10856,238,58466,217,69322,California
Humboldt,2021-05-29,172,122945,103,59897,66,57622,3,5426,91,10869,81,58547,94,69416,California
Humboldt,2021-05-30,106,123051,45,59942,56,57678,5,5431,51,10871,54,58601,56,69472,California
Humboldt,2021-05-31,72,123123,27,59969,39,57717,6,5437,48,10901,23,58624,53,69525,California
Humboldt,2021-06-01,461,123584,266,60235,180,57897,15,5452,185,10825,276,58900,200,69725,California
Humboldt,2021-06-02,532,124116,249,60484,229,58126,54,5506,237,10824,290,59190,289,70014,California
Humboldt,2021-06-03,389,124505,226,60710,141,58267,22,5528,83,10651,278,59468,105,70119,California
Humboldt,2021-06-04,508,125013,318,61028,166,58433,24,5552,135,10480,329,59797,158,70277,California
Humboldt,2021-06-05,409,125422,314,61342,50,58483,45,5597,206,10583,148,59945,251,70528,California
Humboldt,2021-06-06,171,125593,119,61461,43,58526,9,5606,70,10567,95,60040,79,70607,California
Humboldt,2021-06-07,359,125952,216,61677,119,58645,24,5630,111,10455,247,60287,135,70742,California
Humboldt,2021-06-08,520,126472,302,61979,189,58834,29,5659,150,10265,368,60655,178,70920,California
Humboldt,2021-06-09,401,126873,206,62185,148,58982,47,5706,129,10171,270,60925,176,71096,California
Humboldt,2021-06-10,566,127439,448,62633,91,59073,27,5733,96,9826,466,61391,121,71217,California
Humboldt,2021-06-11,437,127876,244,62877,165,59238,28,5761,99,9616,337,61728,127,71344,California
Humboldt,2021-06-12,180,128056,132,63009,48,59286,0,5761,49,9535,130,61858,49,71393,California
Humboldt,2021-06-13,215,128271,148,63157,42,59328,25,5786,94,9534,119,61977,118,71511,California
Humboldt,2021-06-14,420,128691,255,63412,138,59466,27,5813,114,9370,305,62282,141,71652,California
Humboldt,2021-06-15,548,129239,373,63785,147,59613,28,5841,157,9169,385,62667,184,71836,California
Humboldt,2021-06-16,482,129721,321,64106,114,59727,47,5888,139,9021,334,63001,186,72022,California
Humboldt,2021-06-17,398,130119,261,64367,91,59818,46,5934,99,8867,299,63300,145,72167,California
Humboldt,2021-06-18,401,130520,232,64599,140,59958,29,5963,132,8764,263,63563,160,72327,California
Humboldt,2021-06-19,202,130722,136,64735,45,60003,21,5984,87,8757,114,63677,107,72434,California
Humboldt,2021-06-20,80,130802,36,64771,30,60033,14,5998,33,8759,45,63722,47,72481,California
Humboldt,2021-06-21,153,130955,71,64842,54,60087,28,6026,52,8738,101,63823,80,72561,California
Humboldt,2021-06-22,349,131304,220,65062,110,60197,19,6045,144,8697,204,64027,163,72724,California
Humboldt,2021-06-23,352,131656,248,65310,74,60271,30,6075,106,8592,239,64266,134,72858,California
Humboldt,2021-06-24,211,131867,106,65416,49,60320,56,6131,87,8614,119,64385,141,72999,California
Humboldt,2021-06-25,256,132123,144,65560,97,60417,15,6146,104,8584,149,64534,119,73118,California
Humboldt,2021-06-26,252,132375,191,65751,38,60455,23,6169,64,8483,188,64722,87,73205,California
Humboldt,2021-06-27,74,132449,51,65802,21,60476,2,6171,26,8463,48,64770,28,73233,California
Humboldt,2021-06-28,156,132605,100,65902,28,60504,28,6199,69,8473,87,64857,97,73330,California
Humboldt,2021-06-29,264,132869,156,66058,75,60579,33,6232,88,8419,174,65031,120,73450,California
Humboldt,2021-06-30,223,133092,146,66204,57,60636,20,6252,93,8404,128,65159,113,73563,California
Humboldt,2021-07-01,190,133282,113,66317,59,60695,18,6270,82,8397,106,65265,99,73662,California
Humboldt,2021-07-02,263,133545,140,66457,83,60778,40,6310,106,8387,156,65421,146,73808,California
Humboldt,2021-07-03,91,133636,62,66519,19,60797,10,6320,40,8387,50,65471,50,73858,California
Humboldt,2021-07-04,9,133645,4,66523,5,60802,0,6320,5,8388,4,65475,5,73863,California
Humboldt,2021-07-05,145,133790,98,66621,35,60837,12,6332,64,8384,80,65555,76,73939,California
Humboldt,2021-07-06,243,134033,160,66781,68,60905,15,6347,67,8290,175,65730,81,74020,California
Humboldt,2021-07-07,242,134275,159,66940,60,60965,23,6370,81,8235,159,65889,104,74124,California
Humboldt,2021-07-08,161,134436,110,67050,34,60999,17,6387,63,8219,96,65985,80,74204,California
Humboldt,2021-07-09,213,134649,139,67189,60,61059,14,6401,77,8173,136,66121,90,74294,California
Humboldt,2021-07-10,128,134777,89,67278,29,61088,10,6411,55,8165,73,66194,65,74359,California
Humboldt,2021-07-11,58,134835,37,67315,9,61097,12,6423,24,8167,34,66228,36,74395,California
Imperial,2020-12-16,1,1,1,1,0,0,0,0,1,1,0,0,1,1,California
Imperial,2020-12-17,4,5,4,5,0,0,0,0,4,5,0,0,4,5,California
Imperial,2020-12-18,13,18,13,18,0,0,0,0,13,18,0,0,13,18,California
Imperial,2020-12-20,3,21,3,21,0,0,0,0,3,21,0,0,3,21,California
Imperial,2020-12-21,184,205,184,205,0,0,0,0,184,205,0,0,184,205,California
Imperial,2020-12-22,240,445,238,443,2,2,0,0,240,445,0,0,240,445,California
Imperial,2020-12-23,212,657,211,654,1,3,0,0,212,657,0,0,212,657,California
Imperial,2020-12-24,7,664,7,661,0,3,0,0,7,664,0,0,7,664,California
Imperial,2020-12-26,3,667,1,662,2,5,0,0,3,667,0,0,3,667,California
Imperial,2020-12-27,62,729,0,662,62,67,0,0,62,729,0,0,62,729,California
Imperial,2020-12-28,217,946,115,777,102,169,0,0,217,946,0,0,217,946,California
Imperial,2020-12-29,191,1137,37,814,154,323,0,0,191,1137,0,0,191,1137,California
Imperial,2020-12-30,367,1504,51,865,316,639,0,0,367,1504,0,0,367,1504,California
Imperial,2020-12-31,199,1703,28,893,171,810,0,0,199,1703,0,0,199,1703,California
Imperial,2021-01-01,47,1750,5,898,42,852,0,0,47,1750,0,0,47,1750,California
Imperial,2021-01-02,5,1755,0,898,5,857,0,0,5,1755,0,0,5,1755,California
Imperial,2021-01-03,90,1845,0,898,90,947,0,0,90,1845,0,0,90,1845,California
Imperial,2021-01-04,87,1932,7,905,80,1027,0,0,87,1932,0,0,87,1932,California
Imperial,2021-01-05,174,2106,14,919,160,1187,0,0,174,2106,0,0,174,2106,California
Imperial,2021-01-06,192,2298,26,945,166,1353,0,0,191,2296,1,1,191,2297,California
Imperial,2021-01-07,330,2628,12,957,318,1671,0,0,325,2616,5,6,325,2622,California
Imperial,2021-01-08,195,2823,51,1008,144,1815,0,0,186,2793,9,15,186,2808,California
Imperial,2021-01-09,24,2847,21,1029,3,1818,0,0,24,2817,0,15,24,2832,California
Imperial,2021-01-10,4,2851,1,1030,3,1821,0,0,3,2819,1,16,3,2835,California
Imperial,2021-01-11,403,3254,243,1273,160,1981,0,0,176,2768,227,243,176,3011,California
Imperial,2021-01-12,576,3830,468,1741,108,2089,0,0,314,2821,261,504,314,3325,California
Imperial,2021-01-13,387,4217,136,1877,251,2340,0,0,285,3004,102,606,285,3610,California
Imperial,2021-01-14,307,4524,190,2067,117,2457,0,0,301,3300,5,611,301,3911,California
Imperial,2021-01-15,247,4771,182,2249,65,2522,0,0,239,3531,8,619,239,4150,California
Imperial,2021-01-16,94,4865,74,2323,20,2542,0,0,93,3623,1,620,93,4243,California
Imperial,2021-01-17,18,4883,5,2328,13,2555,0,0,17,3639,1,621,17,4260,California
Imperial,2021-01-18,1073,5956,401,2729,672,3227,0,0,975,4517,98,719,976,5236,California
Imperial,2021-01-19,172,6128,129,2858,43,3270,0,0,125,4595,47,766,125,5361,California
Imperial,2021-01-20,302,6430,199,3057,103,3373,0,0,263,4819,39,805,263,5624,California
Imperial,2021-01-21,437,6867,185,3242,252,3625,0,0,415,5212,22,827,415,6039,California
Imperial,2021-01-22,476,7343,188,3430,288,3913,0,0,467,5670,9,836,467,6506,California
Imperial,2021-01-23,1063,8406,291,3721,772,4685,0,0,1061,6729,2,838,1061,7567,California
Imperial,2021-01-24,24,8430,2,3723,22,4707,0,0,24,6753,0,838,24,7591,California
Imperial,2021-01-25,225,8655,10,3733,215,4922,0,0,42,6614,181,1019,42,7633,California
Imperial,2021-01-26,376,9031,181,3914,195,5117,0,0,232,6704,143,1162,233,7866,California
Imperial,2021-01-27,586,9617,163,4077,423,5540,0,0,253,6624,333,1495,253,8119,California
Imperial,2021-01-28,654,10271,165,4242,489,6029,0,0,544,7058,110,1605,544,8663,California
Imperial,2021-01-29,446,10717,298,4540,148,6177,0,0,396,7404,50,1655,396,9059,California
Imperial,2021-01-30,81,10798,39,4579,42,6219,0,0,64,7451,17,1672,64,9123,California
Imperial,2021-01-31,27,10825,4,4583,23,6242,0,0,26,7476,1,1673,26,9149,California
Imperial,2021-02-01,467,11292,69,4652,398,6640,0,0,254,7519,211,1884,254,9403,California
Imperial,2021-02-02,764,12056,83,4735,681,7321,0,0,580,7915,184,2068,580,9983,California
Imperial,2021-02-03,624,12680,181,4916,443,7764,0,0,361,8015,261,2329,361,10344,California
Imperial,2021-02-04,1936,14616,1379,6295,557,8321,0,0,1495,9071,440,2769,1496,11840,California
Imperial,2021-02-05,456,15072,255,6550,201,8522,0,0,219,9054,238,3007,221,12061,California
Imperial,2021-02-06,888,15960,848,7398,40,8562,0,0,852,9868,38,3045,852,12913,California
Imperial,2021-02-07,48,16008,16,7414,32,8594,0,0,44,9908,4,3049,44,12957,California
Imperial,2021-02-08,275,16283,45,7459,230,8824,0,0,206,10045,69,3118,206,13163,California
Imperial,2021-02-09,491,16774,154,7613,337,9161,0,0,323,10203,168,3286,326,13489,California
Imperial,2021-02-10,480,17254,60,7673,420,9581,0,0,111,9948,369,3655,114,13603,California
Imperial,2021-02-11,1083,18337,387,8060,696,10277,0,0,180,9233,898,4553,183,13786,California
Imperial,2021-02-12,2182,20519,1437,9497,745,11022,0,0,1827,10708,358,4911,1833,15619,California
Imperial,2021-02-13,110,20629,57,9554,53,11075,0,0,92,10781,21,4932,94,15713,California
Imperial,2021-02-14,50,20679,34,9588,16,11091,0,0,47,10825,3,4935,47,15760,California
Imperial,2021-02-15,146,20825,37,9625,109,11200,0,0,127,10936,19,4954,130,15890,California
Imperial,2021-02-16,525,21350,265,9890,260,11460,0,0,306,11027,219,5173,310,16200,California
Imperial,2021-02-17,462,21812,305,10195,157,11617,0,0,104,10778,358,5531,109,16309,California
Imperial,2021-02-18,681,22493,327,10522,354,11971,0,0,160,10428,520,6051,170,16479,California
Imperial,2021-02-19,793,23286,400,10922,393,12364,0,0,207,10052,585,6636,209,16688,California
Imperial,2021-02-20,1061,24347,208,11130,853,13217,0,0,337,9677,722,7358,347,17035,California
Imperial,2021-02-21,618,24965,584,11714,34,13251,0,0,610,10283,7,7365,613,17648,California
Imperial,2021-02-22,859,25824,605,12319,254,13505,0,0,791,11012,67,7432,796,18444,California
Imperial,2021-02-23,1146,26970,538,12857,608,14113,0,0,974,11828,171,7603,987,19431,California
Imperial,2021-02-24,844,27814,402,13259,442,14555,0,0,716,12432,126,7729,730,20161,California
Imperial,2021-02-25,966,28780,425,13684,541,15096,0,0,547,12584,418,8147,570,20731,California
Imperial,2021-02-26,2378,31158,1417,15101,961,16057,0,0,1859,13947,518,8665,1881,22612,California
Imperial,2021-02-27,1010,32168,923,16024,87,16144,0,0,252,13460,759,9424,272,22884,California
Imperial,2021-02-28,109,32277,90,16114,19,16163,0,0,88,13538,21,9445,99,22983,California
Imperial,2021-03-01,589,32866,359,16473,226,16389,4,4,501,13970,84,9529,516,23499,California
Imperial,2021-03-02,782,33648,302,16775,479,16868,1,5,439,14082,341,9870,453,23952,California
Imperial,2021-03-03,1001,34649,95,16870,906,17774,0,5,606,14325,391,10261,634,24586,California
Imperial,2021-03-04,835,35484,150,17020,684,18458,1,6,544,14630,289,10550,594,25180,California
Imperial,2021-03-05,3169,38653,2267,19287,902,19360,0,6,1784,15057,1389,11939,1816,26996,California
Imperial,2021-03-06,818,39471,330,19617,488,19848,0,6,722,15712,93,12032,748,27744,California
Imperial,2021-03-07,162,39633,104,19721,57,19905,1,7,108,15793,53,12085,134,27878,California
Imperial,2021-03-08,499,40132,387,20108,76,19981,36,43,406,16176,93,12178,476,28354,California
Imperial,2021-03-09,746,40878,353,20461,144,20125,249,292,447,16575,299,12477,698,29052,California
Imperial,2021-03-10,837,41715,367,20828,285,20410,185,477,369,16675,467,12944,567,29619,California
Imperial,2021-03-11,1943,43658,527,21355,1146,21556,270,747,1236,17502,703,13647,1530,31149,California
Imperial,2021-03-12,4969,48627,3489,24844,1215,22771,265,1012,3151,19129,1810,15457,3437,34586,California
Imperial,2021-03-13,1235,49862,117,24961,884,23655,234,1246,893,19942,339,15796,1152,35738,California
Imperial,2021-03-14,216,50078,60,25021,142,23797,14,1260,156,20069,59,15855,186,35924,California
Imperial,2021-03-15,782,50860,267,25288,220,24017,295,1555,417,20438,362,16217,731,36655,California
Imperial,2021-03-16,1262,52122,372,25660,380,24397,510,2065,604,20928,654,16871,1144,37799,California
Imperial,2021-03-17,1721,53843,742,26402,794,25191,185,2250,1054,21516,660,17531,1248,39047,California
Imperial,2021-03-18,1902,55745,1251,27653,566,25757,85,2335,1305,22319,592,18123,1395,40442,California
Imperial,2021-03-19,3924,59669,2864,30517,1036,26793,24,2359,1944,22317,1973,20096,1971,42413,California
Imperial,2021-03-20,1831,61500,584,31101,1229,28022,18,2377,1349,23216,474,20570,1373,43786,California
Imperial,2021-03-21,292,61792,104,31205,183,28205,5,2382,165,23267,127,20697,178,43964,California
Imperial,2021-03-22,1110,62902,400,31605,703,28908,7,2389,641,23459,467,21164,659,44623,California
Imperial,2021-03-23,1546,64448,557,32162,983,29891,6,2395,962,23852,580,21744,973,45596,California
Imperial,2021-03-24,2212,66660,636,32798,1150,31041,426,2821,1189,24451,1019,22763,1618,47214,California
Imperial,2021-03-25,3307,69967,799,33597,888,31929,1620,4441,1245,25252,2056,24819,2857,50071,California
Imperial,2021-03-26,3289,73256,1251,34848,1038,32967,1000,5441,944,24869,2332,27151,1949,52020,California
Imperial,2021-03-27,686,73942,328,35176,291,33258,67,5508,452,25160,230,27381,521,52541,California
Imperial,2021-03-28,246,74188,79,35255,160,33418,7,5515,181,25286,63,27444,189,52730,California
Imperial,2021-03-29,1600,75788,392,35647,409,33827,799,6314,331,25154,1264,28708,1132,53862,California
Imperial,2021-03-30,2206,77994,725,36372,598,34425,883,7197,687,25205,1516,30224,1567,55429,California
Imperial,2021-03-31,1636,79630,768,37140,812,35237,56,7253,1022,25671,611,30835,1077,56506,California
Imperial,2021-04-01,2191,81821,466,37606,1400,36637,325,7578,889,25592,1293,32128,1214,57720,California
Imperial,2021-04-02,2251,84072,515,38121,1601,38238,135,7713,1442,26369,800,32928,1577,59297,California
Imperial,2021-04-03,1563,85635,459,38580,1016,39254,88,7801,712,26323,848,33776,802,60099,California
Imperial,2021-04-04,111,85746,67,38647,27,39281,17,7818,33,26296,78,33854,51,60150,California
Imperial,2021-04-05,3495,89241,2348,40995,924,40205,223,8041,812,24665,2672,36526,1041,61191,California
Imperial,2021-04-06,1434,90675,572,41567,601,40806,261,8302,696,24892,733,37259,960,62151,California
Imperial,2021-04-07,2282,92957,613,42180,1234,42040,435,8737,1576,26189,709,37968,2006,64157,California
Imperial,2021-04-08,2318,95275,1122,43302,842,42882,354,9091,1083,26394,1230,39198,1435,65592,California
Imperial,2021-04-09,3570,98845,1712,45014,1063,43945,795,9886,1578,26780,1982,41180,2368,67960,California
Imperial,2021-04-10,1398,100243,227,45241,849,44794,322,10208,245,26195,1149,42329,564,68524,California
Imperial,2021-04-11,254,100497,63,45304,158,44952,33,10241,84,26145,169,42498,119,68643,California
Imperial,2021-04-12,1488,101985,807,46111,460,45412,221,10462,831,26549,649,43147,1053,69696,California
Imperial,2021-04-13,2964,104949,1920,48031,1042,46454,2,10464,2033,27662,925,44072,2038,71734,California
Imperial,2021-04-14,2077,107026,983,49014,1094,47548,0,10464,1396,28388,675,44747,1401,73135,California
Imperial,2021-04-15,2043,109069,958,49972,1085,48633,0,10464,1369,29094,669,45416,1375,74510,California
Imperial,2021-04-16,3560,112629,1822,51794,1738,50371,0,10464,2225,30000,1322,46738,2228,76738,California
Imperial,2021-04-17,1890,114519,958,52752,930,51301,2,10466,1460,31038,425,47163,1463,78201,California
Imperial,2021-04-18,273,114792,85,52837,188,51489,0,10466,91,30952,180,47343,94,78295,California
Imperial,2021-04-19,852,115644,270,53107,582,52071,0,10466,421,30950,428,47771,426,78721,California
Imperial,2021-04-20,1393,117037,554,53661,839,52910,0,10466,777,31117,613,48384,780,79501,California
Imperial,2021-04-21,1477,118514,381,54042,1095,54005,1,10467,844,31335,626,49010,844,80345,California
Imperial,2021-04-22,2506,121020,831,54873,1675,55680,0,10467,1745,32337,745,49755,1747,82092,California
Imperial,2021-04-23,2872,123892,552,55425,2320,58000,0,10467,1111,31723,1729,51484,1115,83207,California
Imperial,2021-04-24,589,124481,324,55749,265,58265,0,10467,234,31604,353,51837,234,83441,California
Imperial,2021-04-25,274,124755,104,55853,170,58435,0,10467,132,31597,139,51976,132,83573,California
Imperial,2021-04-26,1247,126002,484,56337,758,59193,5,10472,717,31796,523,52499,722,84295,California
Imperial,2021-04-27,1164,127166,371,56708,782,59975,11,10483,590,31830,568,53067,602,84897,California
Imperial,2021-04-28,1537,128703,649,57357,855,60830,33,10516,707,31747,823,53890,740,85637,California
Imperial,2021-04-29,1887,130590,865,58222,974,61804,48,10564,848,31618,1027,54917,898,86535,California
Imperial,2021-04-30,3333,133923,1689,59911,1606,63410,38,10602,1613,31560,1709,56626,1651,88186,California
Imperial,2021-05-01,369,134292,129,60040,237,63647,3,10605,195,31588,172,56798,200,88386,California
Imperial,2021-05-02,92,134384,29,60069,56,63703,7,10612,41,31586,51,56849,49,88435,California
Imperial,2021-05-03,1645,136029,546,60615,1051,64754,48,10660,369,30739,1263,58112,416,88851,California
Imperial,2021-05-04,1822,137851,971,61586,824,65578,27,10687,592,30138,1220,59332,619,89470,California
Imperial,2021-05-05,1555,139406,911,62497,624,66202,20,10707,475,29566,1068,60400,496,89966,California
Imperial,2021-05-06,1753,141159,1142,63639,569,66771,42,10749,566,28995,1181,61581,610,90576,California
Imperial,2021-05-07,2651,143810,1455,65094,1139,67910,57,10806,900,28223,1732,63313,960,91536,California
Imperial,2021-05-08,818,144628,649,65743,160,68070,9,10815,212,27845,599,63912,221,91757,California
Imperial,2021-05-09,102,144730,70,65813,31,68101,1,10816,29,27805,70,63982,30,91787,California
Imperial,2021-05-10,1182,145912,303,66116,755,68856,124,10940,361,27475,813,64795,483,92270,California
Imperial,2021-05-11,1522,147434,476,66592,1025,69881,21,10961,535,27057,979,65774,561,92831,California
Imperial,2021-05-12,904,148338,282,66874,582,70463,40,11001,342,26882,556,66330,381,93212,California
Imperial,2021-05-13,1959,150297,1277,68151,610,71073,72,11073,886,26778,1060,67390,956,94168,California
Imperial,2021-05-14,1829,152126,977,69128,790,71863,62,11135,1190,27403,627,68017,1252,95420,California
Imperial,2021-05-15,1282,153408,481,69609,779,72642,22,11157,486,27121,791,68808,509,95929,California
Imperial,2021-05-16,127,153535,87,69696,36,72678,4,11161,54,27107,72,68880,58,95987,California
Imperial,2021-05-17,1980,155515,725,70421,1204,73882,51,11212,692,26568,1282,70162,743,96730,California
Imperial,2021-05-18,1785,157300,896,71317,813,74695,76,11288,970,26808,807,70969,1047,97777,California
Imperial,2021-05-19,1367,158667,623,71940,675,75370,69,11357,635,26788,723,71692,703,98480,California
Imperial,2021-05-20,1820,160487,1041,72981,702,76072,77,11434,768,26597,1037,72729,846,99326,California
Imperial,2021-05-21,1987,162474,1244,74225,679,76751,64,11498,999,26685,975,73704,1063,100389,California
Imperial,2021-05-22,359,162833,194,74419,141,76892,24,11522,172,26701,180,73884,196,100585,California
Imperial,2021-05-23,95,162928,35,74454,51,76943,9,11531,33,26683,60,73944,42,100627,California
Imperial,2021-05-24,1284,164212,629,75083,595,77538,60,11591,529,26523,748,74692,588,101215,California
Imperial,2021-05-25,1558,165770,489,75572,1021,78559,48,11639,565,26155,982,75674,614,101829,California
Imperial,2021-05-26,1133,166903,580,76152,495,79054,58,11697,504,26092,624,76298,561,102390,California
Imperial,2021-05-27,1408,168311,753,76905,582,79636,73,11770,694,26150,709,77007,767,103157,California
Imperial,2021-05-28,1125,169436,613,77518,420,80056,92,11862,417,25964,696,77703,510,103667,California
Imperial,2021-05-29,348,169784,152,77670,155,80211,41,11903,161,25979,187,77890,202,103869,California
Imperial,2021-05-30,99,169883,30,77700,67,80278,2,11905,68,26018,31,77921,70,103939,California
Imperial,2021-05-31,80,169963,20,77720,53,80331,7,11912,36,26017,44,77965,43,103982,California
Imperial,2021-06-01,1319,171282,575,78295,624,80955,120,12032,499,25826,811,78776,620,104602,California
Imperial,2021-06-02,1203,172485,624,78919,457,81412,122,12154,602,25956,592,79368,722,105324,California
Imperial,2021-06-03,1369,173854,760,79679,471,81883,138,12292,625,25982,737,80105,763,106087,California
Imperial,2021-06-04,2499,176353,1734,81413,606,82489,159,12451,1031,25718,1453,81558,1189,107276,California
Imperial,2021-06-05,459,176812,257,81670,144,82633,58,12509,211,25744,243,81801,269,107545,California
Imperial,2021-06-06,82,176894,48,81718,22,82655,12,12521,45,25764,37,81838,57,107602,California
Imperial,2021-06-07,1014,177908,664,82382,284,82939,66,12587,483,25785,528,82366,549,108151,California
Imperial,2021-06-08,1466,179374,1048,83430,330,83269,88,12675,586,25583,874,83240,672,108823,California
Imperial,2021-06-09,1134,180508,783,84213,274,83543,77,12752,512,25556,615,83855,588,109411,California
Imperial,2021-06-10,1222,181730,794,85007,354,83897,74,12826,452,25316,765,84620,525,109936,California
Imperial,2021-06-11,1718,183448,1207,86214,443,84340,68,12894,735,25150,969,85589,803,110739,California
Imperial,2021-06-12,309,183757,141,86355,137,84477,31,12925,138,25150,169,85758,169,110908,California
Imperial,2021-06-13,85,183842,23,86378,60,84537,2,12927,54,25177,30,85788,57,110965,California
Imperial,2021-06-14,883,184725,627,87005,212,84749,44,12971,380,25102,499,86287,424,111389,California
Imperial,2021-06-15,1092,185817,760,87765,284,85033,48,13019,491,25048,594,86881,540,111929,California
Imperial,2021-06-16,1028,186845,657,88422,301,85334,70,13089,486,25067,538,87419,557,112486,California
Imperial,2021-06-17,1119,187964,792,89214,267,85601,60,13149,486,24983,628,88047,544,113030,California
Imperial,2021-06-18,1179,189143,824,90038,285,85886,70,13219,714,25313,453,88500,783,113813,California
Imperial,2021-06-19,345,189488,213,90251,117,86003,15,13234,172,25328,172,88672,187,114000,California
Imperial,2021-06-20,63,189551,30,90281,29,86032,4,13238,24,25317,39,88711,28,114028,California
Imperial,2021-06-21,684,190235,419,90700,227,86259,38,13276,421,25522,256,88967,461,114489,California
Imperial,2021-06-22,1171,191406,809,91509,312,86571,50,13326,634,25678,529,89496,685,115174,California
Imperial,2021-06-23,1141,192547,780,92289,300,86871,61,13387,617,25841,514,90010,677,115851,California
Imperial,2021-06-24,1050,193597,712,93001,290,87161,48,13435,536,25916,509,90519,584,116435,California
Imperial,2021-06-25,1422,195019,1051,94052,290,87451,81,13516,605,25797,804,91323,685,117120,California
Imperial,2021-06-26,249,195268,153,94205,87,87538,9,13525,82,25723,165,91488,91,117211,California
Imperial,2021-06-27,123,195391,60,94265,58,87596,5,13530,51,25706,72,91560,55,117266,California
Imperial,2021-06-28,641,196032,463,94728,157,87753,21,13551,334,25758,302,91862,354,117620,California
Imperial,2021-06-29,842,196874,619,95347,176,87929,47,13598,388,25744,450,92312,436,118056,California
Imperial,2021-06-30,858,197732,552,95899,281,88210,25,13623,356,25630,497,92809,383,118439,California
Imperial,2021-07-01,783,198515,554,96453,213,88423,16,13639,376,25622,400,93209,392,118831,California
Imperial,2021-07-02,909,199424,617,97070,267,88690,25,13664,387,25517,516,93725,411,119242,California
Imperial,2021-07-03,215,199639,99,97169,110,88800,6,13670,89,25489,122,93847,94,119336,California
Imperial,2021-07-04,42,199681,14,97183,25,88825,3,13673,19,25488,23,93870,22,119358,California
Imperial,2021-07-05,203,199884,90,97273,106,88931,7,13680,80,25452,122,93992,86,119444,California
Imperial,2021-07-06,956,200840,667,97940,260,89191,29,13709,374,25281,575,94567,404,119848,California
Imperial,2021-07-07,762,201602,525,98465,189,89380,48,13757,292,25156,464,95031,339,120187,California
Imperial,2021-07-08,723,202325,521,98986,176,89556,26,13783,317,25098,401,95432,343,120530,California
Imperial,2021-07-09,925,203250,679,99665,225,89781,21,13804,406,25013,512,95944,427,120957,California
Imperial,2021-07-10,189,203439,103,99768,84,89865,2,13806,93,25013,96,96040,96,121053,California
Imperial,2021-07-11,44,203483,20,99788,24,89889,0,13806,22,25014,21,96061,22,121075,California
Inyo,2020-12-19,85,85,85,85,0,0,0,0,85,85,0,0,85,85,California
Inyo,2020-12-20,58,143,58,143,0,0,0,0,58,143,0,0,58,143,California
Inyo,2020-12-21,88,231,85,228,3,3,0,0,88,231,0,0,88,231,California
Inyo,2020-12-22,105,336,105,333,0,3,0,0,105,336,0,0,105,336,California
Inyo,2020-12-23,70,406,67,400,3,6,0,0,70,406,0,0,70,406,California
Inyo,2020-12-24,15,421,15,415,0,6,0,0,15,421,0,0,15,421,California
Inyo,2020-12-25,1,422,0,415,1,7,0,0,1,422,0,0,1,422,California
Inyo,2020-12-26,74,496,74,489,0,7,0,0,74,496,0,0,74,496,California
Inyo,2020-12-28,47,543,35,524,12,19,0,0,47,543,0,0,47,543,California
Inyo,2020-12-29,19,562,19,543,0,19,0,0,19,562,0,0,19,562,California
Inyo,2020-12-30,56,618,54,597,2,21,0,0,56,618,0,0,56,618,California
Inyo,2020-12-31,29,647,0,597,29,50,0,0,29,647,0,0,29,647,California
Inyo,2021-01-01,1,648,0,597,1,51,0,0,1,648,0,0,1,648,California
Inyo,2021-01-03,1,649,0,597,1,52,0,0,1,649,0,0,1,649,California
Inyo,2021-01-04,4,653,1,598,3,55,0,0,4,653,0,0,4,653,California
Inyo,2021-01-05,34,687,0,598,34,89,0,0,34,687,0,0,34,687,California
Inyo,2021-01-06,68,755,0,598,68,157,0,0,68,755,0,0,68,755,California
Inyo,2021-01-07,31,786,1,599,30,187,0,0,31,786,0,0,31,786,California
Inyo,2021-01-08,9,795,8,607,1,188,0,0,4,786,5,5,5,791,California
Inyo,2021-01-09,87,882,86,693,1,189,0,0,1,701,86,91,1,792,California
Inyo,2021-01-10,52,934,52,745,0,189,0,0,0,649,52,143,0,792,California
Inyo,2021-01-11,97,1031,82,827,15,204,0,0,16,584,81,224,16,808,California
Inyo,2021-01-12,138,1169,117,944,21,225,0,0,28,502,110,334,28,836,California
Inyo,2021-01-13,86,1255,68,1012,18,243,0,0,21,459,65,399,22,858,California
Inyo,2021-01-14,60,1315,13,1025,47,290,0,0,50,499,10,409,50,908,California
Inyo,2021-01-15,163,1478,28,1053,135,425,0,0,163,662,0,409,163,1071,California
Inyo,2021-01-16,74,1552,73,1126,1,426,0,0,1,590,73,482,1,1072,California
Inyo,2021-01-18,57,1609,35,1161,22,448,0,0,19,571,38,520,19,1091,California
Inyo,2021-01-19,116,1725,74,1235,42,490,0,0,99,653,17,537,99,1190,California
Inyo,2021-01-20,148,1873,71,1306,77,567,0,0,93,691,55,592,93,1283,California
Inyo,2021-01-21,120,1993,57,1363,63,630,0,0,119,809,1,593,119,1402,California
Inyo,2021-01-22,63,2056,0,1363,63,693,0,0,61,868,2,595,61,1463,California
Inyo,2021-01-23,54,2110,52,1415,2,695,0,0,53,921,0,595,53,1516,California
Inyo,2021-01-25,49,2159,6,1421,43,738,0,0,37,946,12,607,37,1553,California
Inyo,2021-01-26,136,2295,55,1476,81,819,0,0,130,1070,6,613,130,1683,California
Inyo,2021-01-27,24,2319,2,1478,22,841,0,0,23,1092,1,614,23,1706,California
Inyo,2021-01-28,92,2411,2,1480,90,931,0,0,63,1126,29,643,63,1769,California
Inyo,2021-01-29,25,2436,3,1483,22,953,0,0,23,1147,2,645,23,1792,California
Inyo,2021-01-30,11,2447,1,1484,10,963,0,0,11,1158,0,645,11,1803,California
Inyo,2021-01-31,32,2479,4,1488,28,991,0,0,4,1134,28,673,4,1807,California
Inyo,2021-02-01,11,2490,10,1498,1,992,0,0,1,1125,10,683,1,1808,California
Inyo,2021-02-02,130,2620,14,1512,116,1108,0,0,104,1203,26,709,104,1912,California
Inyo,2021-02-03,118,2738,0,1512,118,1226,0,0,74,1233,44,753,74,1986,California
Inyo,2021-02-04,152,2890,34,1546,118,1344,0,0,91,1264,61,814,92,2078,California
Inyo,2021-02-05,118,3008,62,1608,56,1400,0,0,116,1378,2,816,116,2194,California
Inyo,2021-02-06,5,3013,3,1611,2,1402,0,0,3,1380,1,817,3,2197,California
Inyo,2021-02-07,4,3017,2,1613,2,1404,0,0,4,1384,0,817,4,2201,California
Inyo,2021-02-08,117,3134,7,1620,110,1514,0,0,97,1461,20,837,97,2298,California
Inyo,2021-02-09,202,3336,52,1672,150,1664,0,0,129,1517,73,910,129,2427,California
Inyo,2021-02-10,141,3477,16,1688,125,1789,0,0,107,1590,34,944,107,2534,California
Inyo,2021-02-11,222,3699,57,1745,165,1954,0,0,126,1620,96,1040,126,2660,California
Inyo,2021-02-12,302,4001,51,1796,251,2205,0,0,167,1653,134,1174,167,2827,California
Inyo,2021-02-13,59,4060,54,1850,5,2210,0,0,7,1608,52,1226,7,2834,California
Inyo,2021-02-14,2,4062,0,1850,2,2212,0,0,2,1610,0,1226,2,2836,California
Inyo,2021-02-15,29,4091,9,1859,20,2232,0,0,5,1591,24,1250,5,2841,California
Inyo,2021-02-16,183,4274,54,1913,129,2361,0,0,91,1593,89,1339,91,2932,California
Inyo,2021-02-17,38,4312,4,1917,34,2395,0,0,8,1571,30,1369,8,2940,California
Inyo,2021-02-18,122,4434,6,1923,116,2511,0,0,79,1607,43,1412,79,3019,California
Inyo,2021-02-19,53,4487,4,1927,49,2560,0,0,10,1574,43,1455,10,3029,California
Inyo,2021-02-20,513,5000,507,2434,6,2566,0,0,509,2080,3,1458,509,3538,California
Inyo,2021-02-21,446,5446,446,2880,0,2566,0,0,445,2525,0,1458,445,3983,California
Inyo,2021-02-22,62,5508,19,2899,43,2609,0,0,27,2517,35,1493,27,4010,California
Inyo,2021-02-23,203,5711,19,2918,184,2793,0,0,94,2504,107,1600,94,4104,California
Inyo,2021-02-24,119,5830,0,2918,119,2912,0,0,57,2499,62,1662,57,4161,California
Inyo,2021-02-25,133,5963,5,2923,128,3040,0,0,63,2492,70,1732,63,4224,California
Inyo,2021-02-26,106,6069,62,2985,44,3084,0,0,21,2428,85,1817,21,4245,California
Inyo,2021-02-27,14,6083,3,2988,11,3095,0,0,2,2418,12,1829,2,4247,California
Inyo,2021-02-28,3,6086,1,2989,2,3097,0,0,2,2419,1,1830,2,4249,California
Inyo,2021-03-01,19,6105,2,2991,17,3114,0,0,17,2434,2,1832,17,4266,California
Inyo,2021-03-02,197,6302,1,2992,196,3310,0,0,112,2461,85,1917,112,4378,California
Inyo,2021-03-03,87,6389,4,2996,83,3393,0,0,42,2459,44,1961,42,4420,California
Inyo,2021-03-04,128,6517,3,2999,125,3518,0,0,46,2424,81,2042,46,4466,California
Inyo,2021-03-05,145,6662,56,3055,89,3607,0,0,42,2363,103,2145,42,4508,California
Inyo,2021-03-06,30,6692,1,3056,29,3636,0,0,29,2391,1,2146,29,4537,California
Inyo,2021-03-07,7,6699,4,3060,3,3639,0,0,5,2394,2,2148,5,4542,California
Inyo,2021-03-08,184,6883,5,3065,179,3818,0,0,91,2392,93,2241,91,4633,California
Inyo,2021-03-09,191,7074,3,3068,188,4006,0,0,74,2349,117,2358,74,4707,California
Inyo,2021-03-10,71,7145,8,3076,62,4068,1,1,30,2339,41,2399,31,4738,California
Inyo,2021-03-11,206,7351,1,3077,200,4268,5,6,75,2288,131,2530,80,4818,California
Inyo,2021-03-12,179,7530,5,3082,168,4436,6,12,78,2272,100,2630,84,4902,California
Inyo,2021-03-13,584,8114,549,3631,25,4461,10,22,70,1840,512,3142,80,4982,California
Inyo,2021-03-14,441,8555,440,4071,1,4462,0,22,2,1404,438,3580,2,4984,California
Inyo,2021-03-15,51,8606,15,4086,34,4496,2,24,30,1415,21,3601,32,5016,California
Inyo,2021-03-16,164,8770,4,4090,154,4650,6,30,63,1386,99,3700,70,5086,California
Inyo,2021-03-17,108,8878,3,4093,98,4748,7,37,92,1469,16,3716,99,5185,California
Inyo,2021-03-18,185,9063,16,4109,162,4910,7,44,104,1499,81,3797,111,5296,California
Inyo,2021-03-19,48,9111,6,4115,38,4948,4,48,36,1528,11,3808,40,5336,California
Inyo,2021-03-20,20,9131,1,4116,10,4958,9,57,1,1519,19,3827,10,5346,California
Inyo,2021-03-22,59,9190,3,4119,51,5009,5,62,39,1543,20,3847,44,5390,California
Inyo,2021-03-23,195,9385,4,4123,187,5196,4,66,105,1562,90,3937,109,5499,California
Inyo,2021-03-24,141,9526,3,4126,133,5329,5,71,86,1598,55,3992,91,5590,California
Inyo,2021-03-25,330,9856,110,4236,217,5546,3,74,263,1797,67,4059,266,5856,California
Inyo,2021-03-26,92,9948,3,4239,85,5631,4,78,71,1851,21,4080,75,5931,California
Inyo,2021-03-27,53,10001,45,4284,5,5636,3,81,47,1895,6,4086,50,5981,California
Inyo,2021-03-28,4,10005,1,4285,2,5638,1,82,1,1894,3,4089,2,5983,California
Inyo,2021-03-29,109,10114,2,4287,102,5740,5,87,82,1955,26,4115,87,6070,California
Inyo,2021-03-30,221,10335,2,4289,214,5954,5,92,109,1957,112,4227,114,6184,California
Inyo,2021-03-31,150,10485,4,4293,141,6095,5,97,107,2027,43,4270,113,6297,California
Inyo,2021-04-01,167,10652,3,4296,163,6258,1,98,117,2095,50,4320,118,6415,California
Inyo,2021-04-02,80,10732,1,4297,77,6335,2,100,49,2115,31,4351,51,6466,California
Inyo,2021-04-03,93,10825,47,4344,32,6367,14,114,5,2047,86,4437,18,6484,California
Inyo,2021-04-04,5,10830,4,4348,0,6367,1,115,1,2045,4,4441,2,6486,California
Inyo,2021-04-05,116,10946,0,4348,112,6479,4,119,28,1989,88,4529,32,6518,California
Inyo,2021-04-06,237,11183,5,4353,169,6648,63,182,105,2025,132,4661,168,6686,California
Inyo,2021-04-07,204,11387,1,4354,76,6724,127,309,47,2041,158,4819,174,6860,California
Inyo,2021-04-08,182,11569,15,4369,150,6874,17,326,82,2040,100,4919,99,6959,California
Inyo,2021-04-09,126,11695,7,4376,96,6970,23,349,37,2012,88,5007,60,7019,California
Inyo,2021-04-10,43,11738,2,4378,24,6994,17,366,4,1994,39,5046,21,7040,California
Inyo,2021-04-11,1,11739,0,4378,1,6995,0,366,1,1995,0,5046,1,7041,California
Inyo,2021-04-12,79,11818,0,4378,74,7069,5,371,41,2003,38,5084,46,7087,California
Inyo,2021-04-13,124,11942,5,4383,116,7185,3,374,64,2012,58,5142,67,7154,California
Inyo,2021-04-14,130,12072,2,4385,128,7313,0,374,45,1972,85,5227,45,7199,California
Inyo,2021-04-15,274,12346,116,4501,158,7471,0,374,78,1854,196,5423,78,7277,California
Inyo,2021-04-16,48,12394,6,4507,42,7513,0,374,19,1845,28,5451,19,7296,California
Inyo,2021-04-17,2,12396,1,4508,1,7514,0,374,1,1845,1,5452,1,7297,California
Inyo,2021-04-19,133,12529,44,4552,89,7603,0,374,46,1805,86,5538,46,7343,California
Inyo,2021-04-20,164,12693,2,4554,162,7765,0,374,80,1801,84,5622,80,7423,California
Inyo,2021-04-21,113,12806,5,4559,108,7873,0,374,32,1752,81,5703,32,7455,California
Inyo,2021-04-22,195,13001,1,4560,194,8067,0,374,51,1659,144,5847,51,7506,California
Inyo,2021-04-23,95,13096,4,4564,91,8158,0,374,22,1608,73,5920,22,7528,California
Inyo,2021-04-24,311,13407,310,4874,1,8159,0,374,306,1909,5,5925,306,7834,California
Inyo,2021-04-25,135,13542,134,5008,1,8160,0,374,135,2044,0,5925,135,7969,California
Inyo,2021-04-26,92,13634,1,5009,90,8250,1,375,11,1975,81,6006,12,7981,California
Inyo,2021-04-27,183,13817,6,5015,172,8422,5,380,48,1893,135,6141,53,8034,California
Inyo,2021-04-28,121,13938,2,5017,117,8539,2,382,20,1815,100,6241,22,8056,California
Inyo,2021-04-29,171,14109,55,5072,116,8655,0,382,77,1799,93,6334,77,8133,California
Inyo,2021-04-30,82,14191,5,5077,76,8731,1,383,23,1764,59,6393,24,8157,California
Inyo,2021-05-01,13,14204,4,5081,9,8740,0,383,10,1771,3,6396,10,8167,California
Inyo,2021-05-02,7,14211,3,5084,2,8742,2,385,4,1774,3,6399,6,8173,California
Inyo,2021-05-03,38,14249,1,5085,33,8775,4,389,5,1750,33,6432,9,8182,California
Inyo,2021-05-04,123,14372,2,5087,117,8892,4,393,19,1669,104,6536,23,8205,California
Inyo,2021-05-05,37,14409,0,5087,35,8927,2,395,11,1656,26,6562,13,8218,California
Inyo,2021-05-06,94,14503,4,5091,82,9009,8,403,13,1596,81,6643,21,8239,California
Inyo,2021-05-07,50,14553,5,5096,37,9046,8,411,24,1604,24,6667,32,8271,California
Inyo,2021-05-08,11,14564,2,5098,4,9050,5,416,4,1606,7,6674,9,8280,California
Inyo,2021-05-09,1,14565,0,5098,1,9051,0,416,0,1605,1,6675,0,8280,California
Inyo,2021-05-10,70,14635,1,5099,67,9118,2,418,32,1601,39,6714,35,8315,California
Inyo,2021-05-11,88,14723,1,5100,84,9202,3,421,20,1556,68,6782,23,8338,California
Inyo,2021-05-12,42,14765,2,5102,38,9240,2,423,11,1538,31,6813,13,8351,California
Inyo,2021-05-13,75,14840,1,5103,73,9313,1,424,12,1488,63,6876,13,8364,California
Inyo,2021-05-14,28,14868,5,5108,18,9331,5,429,14,1493,14,6890,19,8383,California
Inyo,2021-05-15,381,15249,368,5476,10,9341,3,432,85,1285,296,7186,88,8471,California
Inyo,2021-05-16,200,15449,200,5676,0,9341,0,432,73,1231,127,7313,73,8544,California
Inyo,2021-05-17,63,15512,2,5678,57,9398,4,436,18,1208,45,7358,22,8566,California
Inyo,2021-05-18,84,15596,2,5680,81,9479,1,437,17,1159,67,7425,18,8584,California
Inyo,2021-05-19,46,15642,2,5682,39,9518,5,442,13,1144,33,7458,18,8602,California
Inyo,2021-05-20,147,15789,83,5765,63,9581,1,443,37,1071,111,7569,38,8640,California
Inyo,2021-05-21,49,15838,18,5783,26,9607,5,448,19,1065,30,7599,24,8664,California
Inyo,2021-05-22,25,15863,15,5798,7,9614,3,451,18,1079,7,7606,21,8685,California
Inyo,2021-05-23,2,15865,1,5799,0,9614,1,452,0,1078,2,7608,1,8686,California
Inyo,2021-05-24,33,15898,6,5805,24,9638,3,455,13,1074,20,7628,16,8702,California
Inyo,2021-05-25,82,15980,39,5844,41,9679,2,457,47,1088,35,7663,49,8751,California
Inyo,2021-05-26,44,16024,16,5860,26,9705,2,459,21,1089,22,7685,23,8774,California
Inyo,2021-05-27,39,16063,10,5870,21,9726,8,467,12,1083,26,7711,20,8794,California
Inyo,2021-05-28,26,16089,6,5876,15,9741,5,472,8,1078,18,7729,13,8807,California
Inyo,2021-05-29,16,16105,5,5881,11,9752,0,472,7,1076,9,7738,7,8814,California
Inyo,2021-05-30,2,16107,0,5881,2,9754,0,472,0,1074,2,7740,0,8814,California
Inyo,2021-06-01,54,16161,16,5897,32,9786,6,478,23,1072,31,7771,29,8843,California
Inyo,2021-06-02,11,16172,9,5906,1,9787,1,479,9,1080,2,7773,10,8853,California
Inyo,2021-06-03,25,16197,0,5906,18,9805,7,486,1,1064,24,7797,8,8861,California
Inyo,2021-06-04,32,16229,6,5912,22,9827,4,490,12,1060,20,7817,16,8877,California
Inyo,2021-06-05,17,16246,8,5920,8,9835,1,491,4,1052,13,7830,5,8882,California
Inyo,2021-06-07,51,16297,15,5935,33,9868,3,494,5,1014,46,7876,8,8890,California
Inyo,2021-06-08,51,16348,23,5958,25,9893,3,497,24,1014,27,7903,27,8917,California
Inyo,2021-06-09,112,16460,96,6054,14,9907,2,499,14,932,98,8001,16,8933,California
Inyo,2021-06-10,52,16512,38,6092,9,9916,5,504,14,913,38,8039,19,8952,California
Inyo,2021-06-11,43,16555,23,6115,18,9934,2,506,17,906,26,8065,19,8971,California
Inyo,2021-06-12,15,16570,8,6123,6,9940,1,507,5,902,10,8075,6,8977,California
Inyo,2021-06-13,1,16571,0,6123,1,9941,0,507,0,901,1,8076,0,8977,California
Inyo,2021-06-14,58,16629,27,6150,28,9969,3,510,8,862,50,8126,11,8988,California
Inyo,2021-06-15,52,16681,39,6189,9,9978,4,514,9,832,43,8169,13,9001,California
Inyo,2021-06-16,33,16714,20,6209,13,9991,0,514,7,813,26,8195,7,9008,California
Inyo,2021-06-17,23,16737,13,6222,6,9997,4,518,5,805,17,8212,9,9017,California
Inyo,2021-06-18,14,16751,5,6227,6,10003,3,521,2,798,12,8224,5,9022,California
Inyo,2021-06-19,21,16772,7,6234,13,10016,1,522,7,793,13,8237,8,9030,California
Inyo,2021-06-21,29,16801,8,6242,18,10034,3,525,13,793,16,8253,16,9046,California
Inyo,2021-06-22,51,16852,42,6284,7,10041,2,527,24,792,27,8280,26,9072,California
Inyo,2021-06-23,14,16866,6,6290,7,10048,1,528,1,781,13,8293,2,9074,California
Inyo,2021-06-24,6,16872,2,6292,3,10051,1,529,3,782,3,8296,4,9078,California
Inyo,2021-06-25,26,16898,10,6302,13,10064,3,532,12,783,14,8310,15,9093,California
Inyo,2021-06-26,12,16910,6,6308,4,10068,2,534,4,781,8,8318,6,9099,California
Inyo,2021-06-28,13,16923,11,6319,2,10070,0,534,8,784,5,8323,8,9107,California
Inyo,2021-06-29,34,16957,29,6348,5,10075,0,534,14,778,20,8343,14,9121,California
Inyo,2021-06-30,21,16978,17,6365,4,10079,0,534,7,771,14,8357,7,9128,California
Inyo,2021-07-01,13,16991,9,6374,4,10083,0,534,8,774,5,8362,8,9136,California
Inyo,2021-07-02,21,17012,9,6383,12,10095,0,534,13,779,8,8370,13,9149,California
Inyo,2021-07-03,6,17018,6,6389,0,10095,0,534,5,783,1,8371,5,9154,California
Inyo,2021-07-05,4,17022,2,6391,2,10097,0,534,0,779,4,8375,0,9154,California
Inyo,2021-07-06,24,17046,14,6405,10,10107,0,534,16,787,8,8383,16,9170,California
Inyo,2021-07-07,17,17063,8,6413,7,10114,2,536,3,778,14,8397,5,9175,California
Inyo,2021-07-08,9,17072,7,6420,2,10116,0,536,8,785,1,8398,8,9183,California
Inyo,2021-07-09,6,17078,5,6425,1,10117,0,536,4,787,2,8400,4,9187,California
Inyo,2021-07-10,9,17087,7,6432,2,10119,0,536,4,786,5,8405,4,9191,California
Inyo,2021-07-11,2,17089,2,6434,0,10119,0,536,1,786,1,8406,1,9192,California
Kern,2020-12-15,1,1,1,1,0,0,0,0,1,1,0,0,1,1,California
Kern,2020-12-16,19,20,19,20,0,0,0,0,19,20,0,0,19,20,California
Kern,2020-12-17,164,184,164,184,0,0,0,0,164,184,0,0,164,184,California
Kern,2020-12-18,327,511,327,511,0,0,0,0,327,511,0,0,327,511,California
Kern,2020-12-19,99,610,99,610,0,0,0,0,100,611,0,0,100,611,California
Kern,2020-12-20,62,672,62,672,0,0,0,0,62,673,0,0,62,673,California
Kern,2020-12-21,672,1344,671,1343,1,1,0,0,672,1345,0,0,672,1345,California
Kern,2020-12-22,533,1877,530,1873,3,4,0,0,533,1878,0,0,533,1878,California
Kern,2020-12-23,558,2435,420,2293,138,142,0,0,558,2436,0,0,558,2436,California
Kern,2020-12-24,123,2558,44,2337,79,221,0,0,123,2559,0,0,123,2559,California
Kern,2020-12-25,1,2559,1,2338,0,221,0,0,1,2560,0,0,1,2560,California
Kern,2020-12-26,35,2594,2,2340,33,254,0,0,35,2595,0,0,35,2595,California
Kern,2020-12-27,35,2629,3,2343,32,286,0,0,35,2630,0,0,35,2630,California
Kern,2020-12-28,831,3460,666,3009,165,451,0,0,831,3461,0,0,831,3461,California
Kern,2020-12-29,745,4205,451,3460,294,745,0,0,744,4204,1,1,744,4205,California
Kern,2020-12-30,1207,5412,915,4375,292,1037,0,0,1207,5411,0,1,1207,5412,California
Kern,2020-12-31,276,5688,99,4474,177,1214,0,0,276,5687,0,1,276,5688,California
Kern,2021-01-01,20,5708,10,4484,10,1224,0,0,20,5707,0,1,20,5708,California
Kern,2021-01-02,79,5787,18,4502,61,1285,0,0,79,5786,0,1,79,5787,California
Kern,2021-01-03,23,5810,4,4506,19,1304,0,0,23,5809,0,1,23,5810,California
Kern,2021-01-04,554,6364,362,4868,192,1496,0,0,554,6363,0,1,554,6364,California
Kern,2021-01-05,1135,7499,739,5607,396,1892,0,0,1123,7474,12,13,1123,7487,California
Kern,2021-01-06,1168,8667,451,6058,717,2609,0,0,1137,8580,31,44,1137,8624,California
Kern,2021-01-07,1414,10081,491,6549,923,3532,0,0,1244,9655,169,213,1244,9868,California
Kern,2021-01-08,1633,11714,774,7323,859,4391,0,0,1331,10684,303,516,1332,11200,California
Kern,2021-01-09,229,11943,79,7402,150,4541,0,0,193,10841,36,552,193,11393,California
Kern,2021-01-10,195,12138,149,7551,46,4587,0,0,154,10954,41,593,154,11547,California
Kern,2021-01-11,1560,13698,986,8537,574,5161,0,0,1003,11400,557,1150,1003,12550,California
Kern,2021-01-12,1879,15577,818,9355,1061,6222,0,0,1361,12244,518,1668,1362,13912,California
Kern,2021-01-13,1862,17439,879,10234,983,7205,0,0,1438,13258,424,2092,1438,15350,California
Kern,2021-01-14,2204,19643,655,10889,1549,8754,0,0,2158,15370,46,2138,2158,17508,California
Kern,2021-01-15,2729,22372,863,11752,1866,10620,0,0,2633,17909,95,2233,2634,20142,California
Kern,2021-01-16,675,23047,214,11966,461,11081,0,0,640,18514,35,2268,640,20782,California
Kern,2021-01-17,76,23123,8,11974,68,11149,0,0,74,18586,2,2270,74,20856,California
Kern,2021-01-18,1647,24770,658,12632,989,12138,0,0,1481,19901,166,2436,1481,22337,California
Kern,2021-01-19,1871,26641,1034,13666,837,12975,0,0,1403,20837,468,2904,1404,23741,California
Kern,2021-01-20,2738,29379,1792,15458,946,13921,0,0,1955,22016,778,3682,1957,25698,California
Kern,2021-01-21,2141,31520,874,16332,1267,15188,0,0,1943,23762,197,3879,1943,27641,California
Kern,2021-01-22,2737,34257,1316,17648,1421,16609,0,0,2454,25934,282,4161,2454,30095,California
Kern,2021-01-23,1259,35516,544,18192,715,17324,0,0,1209,27093,50,4211,1209,31304,California
Kern,2021-01-24,155,35671,12,18204,143,17467,0,0,149,27236,6,4217,149,31453,California
Kern,2021-01-25,2381,38052,1084,19288,1297,18764,0,0,1895,28648,484,4701,1896,33349,California
Kern,2021-01-26,2789,40841,1132,20420,1657,20421,0,0,1927,29714,861,5562,1927,35276,California
Kern,2021-01-27,3561,44402,1894,22314,1667,22088,0,0,2861,31878,697,6259,2861,38137,California
Kern,2021-01-28,2898,47300,1362,23676,1536,23624,0,0,2464,33916,429,6688,2467,40604,California
Kern,2021-01-29,3794,51094,1801,25477,1993,25617,0,0,3244,36613,547,7235,3244,43848,California
Kern,2021-01-30,1334,52428,500,25977,834,26451,0,0,1281,37843,51,7286,1281,45129,California
Kern,2021-01-31,400,52828,273,26250,127,26578,0,0,265,37973,135,7421,265,45394,California
Kern,2021-02-01,2582,55410,972,27222,1610,28188,0,0,1867,39130,712,8133,1869,47263,California
Kern,2021-02-02,2766,58176,805,28027,1961,30149,0,0,2056,40477,710,8843,2057,49320,California
Kern,2021-02-03,3696,61872,1552,29579,2144,32293,0,0,2710,42208,979,9822,2710,52030,California
Kern,2021-02-04,3828,65700,1451,31030,2377,34670,0,0,2587,43565,1230,11052,2587,54617,California
Kern,2021-02-05,4878,70578,1990,33020,2888,37558,0,0,3105,44916,1754,12806,3105,57722,California
Kern,2021-02-06,1751,72329,770,33790,981,38539,0,0,1516,46201,231,13037,1516,59238,California
Kern,2021-02-07,285,72614,152,33942,133,38672,0,0,266,46450,17,13054,266,59504,California
Kern,2021-02-08,2572,75186,789,34731,1783,40455,0,0,1258,46413,1296,14350,1259,60763,California
Kern,2021-02-09,3046,78232,978,35709,2068,42523,0,0,1468,46314,1567,15917,1468,62231,California
Kern,2021-02-10,3836,82068,1674,37383,2162,44685,0,0,1873,46242,1945,17862,1873,64104,California
Kern,2021-02-11,4296,86364,1541,38924,2755,47440,0,0,2231,46424,2052,19914,2234,66338,California
Kern,2021-02-12,5011,91375,1910,40834,3101,50541,0,0,2489,46406,2507,22421,2489,68827,California
Kern,2021-02-13,2020,93395,736,41570,1284,51825,0,0,1164,46717,853,23274,1164,69991,California
Kern,2021-02-14,354,93749,12,41582,342,52167,0,0,272,46908,81,23355,272,70263,California
Kern,2021-02-15,2770,96519,908,42490,1862,54029,0,0,1223,46593,1538,24893,1223,71486,California
Kern,2021-02-16,2967,99486,721,43211,2246,56275,0,0,1662,46960,1296,26189,1663,73149,California
Kern,2021-02-17,4119,103605,2100,45311,2019,58294,0,0,1941,46730,2172,28361,1942,75091,California
Kern,2021-02-18,3808,107413,1509,46820,2299,60593,0,0,1632,46198,2164,30525,1632,76723,California
Kern,2021-02-19,4249,111662,1936,48756,2313,62906,0,0,1764,45484,2478,33003,1764,78487,California
Kern,2021-02-20,2634,114296,984,49740,1650,64556,0,0,1373,45601,1256,34259,1373,79860,California
Kern,2021-02-21,278,114574,169,49909,109,64665,0,0,92,45510,184,34443,93,79953,California
Kern,2021-02-22,2796,117370,1228,51137,1568,66233,0,0,1499,45722,1287,35730,1499,81452,California
Kern,2021-02-23,3676,121046,1178,52315,2498,68731,0,0,2025,46099,1649,37379,2026,83478,California
Kern,2021-02-24,5386,126432,2376,54691,3010,71741,0,0,3190,47103,2186,39565,3190,86668,California
Kern,2021-02-25,5520,131952,2541,57232,2979,74720,0,0,3269,48144,2228,41793,3269,89937,California
Kern,2021-02-26,7069,139021,3612,60844,3457,78177,0,0,4462,50007,2601,44394,4464,94401,California
Kern,2021-02-27,4018,143039,1998,62842,2020,80197,0,0,2642,51283,1366,45760,2642,97043,California
Kern,2021-02-28,918,143957,504,63346,413,80610,1,1,695,51759,220,45980,696,97739,California
Kern,2021-03-01,4022,147979,1828,65174,2190,82800,4,5,2704,53160,1307,47287,2708,100447,California
Kern,2021-03-02,4549,152528,1420,66594,3125,85925,4,9,2994,54612,1543,48830,2995,103442,California
Kern,2021-03-03,6019,158547,2853,69447,3164,89089,2,11,3893,56396,2110,50940,3894,107336,California
Kern,2021-03-04,5712,164259,2283,71730,3424,92513,5,16,3701,58106,1994,52934,3704,111040,California
Kern,2021-03-05,6736,170995,2884,74614,3833,96346,19,35,4209,59818,2516,55450,4228,115268,California
Kern,2021-03-06,4776,175771,1927,76541,2738,99084,111,146,3482,62124,1287,56737,3593,118861,California
Kern,2021-03-07,2087,177858,1591,78132,425,99509,71,217,1872,63854,213,56950,1943,120804,California
Kern,2021-03-08,2922,180780,926,79058,1765,101274,231,448,1529,64222,1390,58340,1758,122562,California
Kern,2021-03-09,3750,184530,814,79872,2546,103820,390,838,2339,65543,1403,59743,2724,125286,California
Kern,2021-03-10,6174,190704,2571,82443,2523,106343,1080,1918,3610,67683,2548,62291,4688,129974,California
Kern,2021-03-11,6347,197051,2445,84888,2873,109216,1029,2947,3772,69915,2564,64855,4796,134770,California
Kern,2021-03-12,7872,204923,3085,87973,3432,112648,1355,4302,4332,72060,3528,68383,5673,140443,California
Kern,2021-03-13,4686,209609,2535,90508,1813,114461,338,4640,3257,74227,1422,69805,3589,144032,California
Kern,2021-03-14,2318,211927,1534,92042,537,114998,247,4887,1790,75732,527,70332,2032,146064,California
Kern,2021-03-15,4288,216215,1111,93153,2462,117460,715,5602,2181,76526,2094,72426,2888,148952,California
Kern,2021-03-16,4443,220658,1017,94170,2889,120349,537,6139,2413,77450,2019,74445,2943,151895,California
Kern,2021-03-17,7475,228133,4086,98256,2835,123184,554,6693,4452,79444,3011,77456,5005,156900,California
Kern,2021-03-18,7331,235464,3719,101975,3022,126206,590,7283,4406,81533,2903,80359,4992,161892,California
Kern,2021-03-19,9148,244612,5017,106992,3363,129569,768,8051,4675,82518,4451,84810,5436,167328,California
Kern,2021-03-20,6272,250884,3834,110826,2253,131822,185,8236,3953,84350,2307,87117,4139,171467,California
Kern,2021-03-21,3093,253977,1961,112787,246,132068,886,9122,1883,85914,1203,88320,2767,174234,California
Kern,2021-03-22,3997,257974,1570,114357,2070,134138,357,9479,1918,86128,2061,90381,2275,176509,California
Kern,2021-03-23,4757,262731,1682,116039,2874,137012,201,9680,2465,86529,2262,92643,2663,179172,California
Kern,2021-03-24,7202,269933,3686,119725,3039,140051,477,10157,3635,87091,3547,96190,4109,183281,California
Kern,2021-03-25,6804,276737,3013,122738,3456,143507,335,10492,3207,87053,3577,99767,3539,186820,California
Kern,2021-03-26,9900,286637,4432,127170,4208,147715,1260,11752,4685,87803,5194,104961,5944,192764,California
Kern,2021-03-27,5718,292355,3996,131166,1594,149309,128,11880,3446,89107,2269,107230,3573,196337,California
Kern,2021-03-28,4690,297045,4197,135363,479,149788,14,11894,2956,90345,1732,108962,2970,199307,California
Kern,2021-03-29,4259,301304,1680,137043,2301,152089,278,12172,2608,91591,1637,110599,2883,202190,California
Kern,2021-03-30,5610,306914,1877,138920,3345,155434,388,12560,3040,92450,2565,113164,3424,205614,California
Kern,2021-03-31,8464,315378,4577,143497,3230,158664,657,13217,4318,93297,4127,117291,4974,210588,California
Kern,2021-04-01,7938,323316,3887,147384,3739,162403,312,13529,4232,94160,3676,120967,4539,215127,California
Kern,2021-04-02,8471,331787,4460,151844,3400,165803,611,14140,4219,94749,4231,125198,4820,219947,California
Kern,2021-04-03,6006,337793,3674,155518,2149,167952,183,14323,2658,94249,3338,128536,2838,222785,California
Kern,2021-04-04,1340,339133,872,156390,383,168335,85,14408,471,93937,866,129402,554,223339,California
Kern,2021-04-05,5391,344524,2224,158614,2387,170722,780,15188,2903,95115,2474,131876,3652,226991,California
Kern,2021-04-06,7146,351670,2480,161094,3285,174007,1381,16569,3570,96509,3550,135426,4944,231935,California
Kern,2021-04-07,9402,361072,5481,166575,2957,176964,964,17533,4572,97233,4810,140236,5534,237469,California
Kern,2021-04-08,8682,369754,4807,171382,2959,179923,916,18449,3732,96946,4922,145158,4635,242104,California
Kern,2021-04-09,10298,380052,5152,176534,4149,184072,997,19446,4361,96391,5907,151065,5352,247456,California
Kern,2021-04-10,6605,386657,3465,179999,1891,185963,1249,20695,2141,95324,4452,155517,3385,250841,California
Kern,2021-04-11,4000,390657,2922,182921,372,186335,706,21401,1279,94593,2707,158224,1976,252817,California
Kern,2021-04-12,4426,395083,994,183915,2457,188792,975,22376,1586,94337,2815,161039,2559,255376,California
Kern,2021-04-13,4324,399407,1428,185343,2870,191662,26,22402,2134,94321,2175,163214,2159,257535,California
Kern,2021-04-14,6120,405527,3012,188355,3086,194748,22,22424,3017,94274,3085,166299,3038,260573,California
Kern,2021-04-15,5321,410848,2497,190852,2821,197569,3,22427,2519,94011,2785,169084,2522,263095,California
Kern,2021-04-16,7329,418177,3479,194331,3849,201418,1,22428,2996,92707,4304,173388,3000,266095,California
Kern,2021-04-17,6017,424194,3948,198279,2069,203487,0,22428,2111,90933,3887,177275,2113,268208,California
Kern,2021-04-18,3900,428094,3654,201933,246,203733,0,22428,942,88927,2948,180223,942,269150,California
Kern,2021-04-19,3872,431966,1750,203683,2120,205853,2,22430,1445,87967,2405,182628,1445,270595,California
Kern,2021-04-20,4489,436455,1667,205350,2820,208673,2,22432,1722,86946,2744,185372,1723,272318,California
Kern,2021-04-21,6032,442487,3268,208618,2759,211432,5,22437,2212,85371,3790,189162,2215,274533,California
Kern,2021-04-22,4889,447376,2394,211012,2495,213927,0,22437,1742,83993,3121,192283,1743,276276,California
Kern,2021-04-23,6229,453605,3091,214103,3137,217064,1,22438,1951,81711,4237,196520,1955,278231,California
Kern,2021-04-24,4025,457630,2809,216912,1205,218269,11,22449,1446,80611,2558,199078,1458,279689,California
Kern,2021-04-25,1403,459033,1116,218028,287,218556,0,22449,827,80868,570,199648,827,280516,California
Kern,2021-04-26,3907,462940,1870,219898,1986,220542,51,22500,1081,79185,2817,202465,1134,281650,California
Kern,2021-04-27,4836,467776,2366,222264,2362,222904,108,22608,1495,77459,3326,205791,1600,283250,California
Kern,2021-04-28,6425,474201,3827,226091,2475,225379,123,22731,1872,74920,4532,210323,1993,285243,California
Kern,2021-04-29,5628,479829,3168,229259,2361,227740,99,22830,1690,72795,3915,214238,1790,287033,California
Kern,2021-04-30,5715,485544,3228,232487,2328,230068,159,22989,1683,70620,4016,218254,1841,288874,California
Kern,2021-05-01,2728,488272,1933,234420,736,230804,59,23048,1088,70140,1626,219880,1146,290020,California
Kern,2021-05-02,1893,490165,1603,236023,268,231072,22,23070,691,69658,1195,221075,713,290733,California
Kern,2021-05-03,2560,492725,1033,237056,1393,232465,134,23204,790,68829,1754,222829,925,291658,California
Kern,2021-05-04,3746,496471,1357,238413,2280,234745,109,23313,1318,67842,2412,225241,1425,293083,California
Kern,2021-05-05,4233,500704,2201,240614,1880,236625,152,23465,1406,66590,2808,228049,1556,294639,California
Kern,2021-05-06,3663,504367,1685,242299,1833,238458,145,23610,1149,65392,2488,230537,1290,295929,California
Kern,2021-05-07,4648,509015,2332,244631,2140,240598,176,23786,1307,63566,3308,233845,1482,297411,California
Kern,2021-05-08,2942,511957,1852,246483,974,241572,116,23902,914,62580,2014,235859,1028,298439,California
Kern,2021-05-09,1356,513313,1181,247664,145,241717,30,23932,442,62147,905,236764,472,298911,California
Kern,2021-05-10,2320,515633,914,248578,1302,243019,104,24036,684,61317,1616,238380,786,299697,California
Kern,2021-05-11,2743,518376,989,249567,1628,244647,126,24162,993,60700,1737,240117,1120,300817,California
Kern,2021-05-12,3669,522045,1479,251046,2039,246686,151,24313,1151,59498,2502,242619,1300,302117,California
Kern,2021-05-13,3545,525590,1866,252912,1525,248211,154,24467,1646,59409,1885,244504,1796,303913,California
Kern,2021-05-14,4341,529931,2577,255489,1541,249752,223,24690,1996,59302,2325,246829,2218,306131,California
Kern,2021-05-15,2944,532875,1919,257408,937,250689,88,24778,1565,59591,1363,248192,1652,307783,California
Kern,2021-05-16,1616,534491,1386,258794,190,250879,40,24818,936,59893,674,248866,976,308759,California
Kern,2021-05-17,2340,536831,1011,259805,1182,252061,147,24965,1180,60073,1146,250012,1326,310085,California
Kern,2021-05-18,3231,540062,1498,261303,1601,253662,132,25097,1628,60240,1590,251602,1757,311842,California
Kern,2021-05-19,3843,543905,2394,263697,1320,254982,129,25226,1786,60109,2043,253645,1912,313754,California
Kern,2021-05-20,3127,547032,1698,265395,1285,256267,144,25370,1403,59953,1701,255346,1545,315299,California
Kern,2021-05-21,3654,550686,2210,267605,1309,257576,135,25505,1814,60088,1814,257160,1949,317248,California
Kern,2021-05-22,2961,553647,2304,269909,608,258184,49,25554,1400,59986,1548,258708,1446,318694,California
Kern,2021-05-23,1307,554954,1110,271019,171,258355,26,25580,687,60086,612,259320,712,319406,California
Kern,2021-05-24,1906,556860,821,271840,970,259325,115,25695,897,60095,1002,260322,1011,320417,California
Kern,2021-05-25,2406,559266,1115,272955,1202,260527,89,25784,1110,60011,1282,261604,1198,321615,California
Kern,2021-05-26,2794,562060,1616,274571,1076,261603,102,25886,1197,59727,1581,263185,1297,322912,California
Kern,2021-05-27,2418,564478,1246,275817,1068,262671,104,25990,1267,59966,1130,264315,1369,324281,California
Kern,2021-05-28,2729,567207,1385,277202,1233,263904,111,26101,1261,59883,1453,265768,1370,325651,California
Kern,2021-05-29,1910,569117,1264,278466,597,264501,49,26150,935,59905,962,266730,984,326635,California
Kern,2021-05-30,866,569983,708,279174,139,264640,19,26169,436,59937,422,267152,454,327089,California
Kern,2021-05-31,148,570131,49,279223,88,264728,11,26180,56,59914,89,267241,66,327155,California
Kern,2021-06-01,2290,572421,952,280175,1267,265995,71,26251,966,59643,1307,268548,1036,328191,California
Kern,2021-06-02,2251,574672,1303,281478,842,266837,106,26357,942,59394,1297,269845,1048,329239,California
Kern,2021-06-03,2379,577051,1338,282816,885,267722,156,26513,862,58906,1505,271350,1017,330256,California
Kern,2021-06-04,2971,580022,1928,284744,931,268653,112,26625,871,57814,2074,273424,982,331238,California
Kern,2021-06-05,2537,582559,2047,286791,456,269109,34,26659,794,56909,1733,275157,828,332066,California
Kern,2021-06-06,1236,583795,1131,287922,82,269191,23,26682,411,56523,820,275977,434,332500,California
Kern,2021-06-07,1824,585619,1134,289056,593,269784,97,26779,686,56180,1124,277101,781,333281,California
Kern,2021-06-08,2126,587745,1237,290293,817,270601,72,26851,647,55438,1460,278561,718,333999,California
Kern,2021-06-09,2630,590375,1845,292138,696,271297,89,26940,823,54554,1795,280356,911,334910,California
Kern,2021-06-10,2243,592618,1386,293524,756,272053,101,27041,786,53995,1444,281800,885,335795,California
Kern,2021-06-11,2860,595478,1916,295440,852,272905,92,27133,1075,53392,1771,283571,1168,336963,California
Kern,2021-06-12,1789,597267,1328,296768,411,273316,50,27183,532,52721,1253,284824,582,337545,California
Kern,2021-06-13,934,598201,817,297585,110,273426,7,27190,271,52339,661,285485,279,337824,California
Kern,2021-06-14,1860,600061,1133,298718,630,274056,97,27287,643,51870,1207,286692,738,338562,California
Kern,2021-06-15,2120,602181,1186,299904,856,274912,78,27365,820,51475,1293,287985,898,339460,California
Kern,2021-06-16,2087,604268,1376,301280,634,275546,77,27442,823,51126,1248,289233,899,340359,California
Kern,2021-06-17,1901,606169,1188,302468,598,276144,115,27557,913,51178,977,290210,1029,341388,California
Kern,2021-06-18,2237,608406,1404,303872,714,276858,119,27676,959,50995,1260,291470,1077,342465,California
Kern,2021-06-19,1240,609646,891,304763,314,277172,35,27711,528,50856,701,292171,562,343027,California
Kern,2021-06-20,733,610379,611,305374,102,277274,20,27731,286,50715,447,292618,306,343333,California
Kern,2021-06-21,1245,611624,667,306041,500,277774,78,27809,670,50894,567,293185,746,344079,California
Kern,2021-06-22,1655,613279,880,306921,698,278472,77,27886,673,50673,971,294156,750,344829,California
Kern,2021-06-23,1726,615005,1103,308024,545,279017,78,27964,766,50574,941,295097,842,345671,California
Kern,2021-06-24,1593,616598,983,309007,521,279538,89,28053,680,50436,906,296003,768,346439,California
Kern,2021-06-25,1808,618406,1131,310138,585,280123,92,28145,853,50436,943,296946,943,347382,California
Kern,2021-06-26,1326,619732,989,311127,305,280428,32,28177,569,50284,752,297698,600,347982,California
Kern,2021-06-27,611,620343,515,311642,82,280510,14,28191,264,50219,343,298041,278,348260,California
Kern,2021-06-28,1149,621492,763,312405,298,280808,88,28279,506,50181,630,298671,592,348852,California
Kern,2021-06-29,1398,622890,715,313120,593,281401,90,28369,609,50100,778,299449,697,349549,California
Kern,2021-06-30,1585,624475,1064,314184,439,281840,82,28451,811,50224,770,300219,894,350443,California
Kern,2021-07-01,1383,625858,880,315064,439,282279,64,28515,631,50171,748,300967,695,351138,California
Kern,2021-07-02,1743,627601,1165,316229,506,282785,72,28587,796,50105,931,301898,865,352003,California
Kern,2021-07-03,994,628595,696,316925,258,283043,40,28627,487,50130,502,302400,527,352530,California
Kern,2021-07-04,132,628727,98,317023,34,283077,0,28627,63,50125,68,302468,63,352593,California
Kern,2021-07-05,653,629380,398,317421,230,283307,25,28652,294,50089,355,302823,319,352912,California
Kern,2021-07-06,1505,630885,868,318289,555,283862,82,28734,649,49973,847,303670,731,353643,California
Kern,2021-07-07,1418,632303,939,319228,414,284276,65,28799,603,49833,806,304476,666,354309,California
Kern,2021-07-08,1447,633750,952,320180,428,284704,67,28866,564,49586,878,305354,631,354940,California
Kern,2021-07-09,1570,635320,984,321164,517,285221,69,28935,701,49494,861,306215,769,355709,California
Kern,2021-07-10,777,636097,524,321688,242,285463,11,28946,394,49521,378,306593,405,356114,California
Kern,2021-07-11,306,636403,249,321937,54,285517,3,28949,132,49483,173,306766,135,356249,California
Kings,2020-12-16,1,1,1,1,0,0,0,0,1,1,0,0,1,1,California
Kings,2020-12-17,8,9,8,9,0,0,0,0,8,9,0,0,8,9,California
Kings,2020-12-18,12,21,12,21,0,0,0,0,12,21,0,0,12,21,California
Kings,2020-12-19,12,33,12,33,0,0,0,0,12,33,0,0,12,33,California
Kings,2020-12-20,13,46,13,46,0,0,0,0,13,46,0,0,13,46,California
Kings,2020-12-21,157,203,157,203,0,0,0,0,268,314,0,0,268,314,California
Kings,2020-12-22,138,341,138,341,0,0,0,0,135,449,0,0,135,449,California
Kings,2020-12-23,136,477,122,463,14,14,0,0,137,586,0,0,137,586,California
Kings,2020-12-24,11,488,9,472,2,16,0,0,11,597,0,0,11,597,California
Kings,2020-12-26,7,495,4,476,3,19,0,0,7,604,0,0,7,604,California
Kings,2020-12-27,4,499,4,480,0,19,0,0,4,608,0,0,4,608,California
Kings,2020-12-28,131,630,103,583,28,47,0,0,132,740,0,0,132,740,California
Kings,2020-12-29,83,713,55,638,28,75,0,0,84,824,0,0,84,824,California
Kings,2020-12-30,150,863,109,747,41,116,0,0,150,974,0,0,150,974,California
Kings,2020-12-31,45,908,6,753,39,155,0,0,45,1019,0,0,45,1019,California
Kings,2021-01-01,1,909,0,753,1,156,0,0,1,1020,0,0,1,1020,California
Kings,2021-01-02,11,920,9,762,2,158,0,0,11,1031,0,0,11,1031,California
Kings,2021-01-03,1,921,1,763,0,158,0,0,1,1032,0,0,1,1032,California
Kings,2021-01-04,112,1033,41,804,71,229,0,0,112,1144,0,0,112,1144,California
Kings,2021-01-05,195,1228,39,843,156,385,0,0,195,1339,0,0,195,1339,California
Kings,2021-01-06,278,1506,179,1022,99,484,0,0,275,1611,3,3,275,1614,California
Kings,2021-01-07,181,1687,82,1104,99,583,0,0,173,1776,8,11,173,1787,California
Kings,2021-01-08,249,1936,55,1159,194,777,0,0,229,1985,20,31,229,2016,California
Kings,2021-01-09,63,1999,9,1168,54,831,0,0,55,2032,8,39,55,2071,California
Kings,2021-01-10,15,2014,3,1171,12,843,0,0,12,2041,3,42,12,2083,California
Kings,2021-01-11,517,2531,353,1524,164,1007,0,0,276,2077,241,283,277,2360,California
Kings,2021-01-12,347,2878,251,1775,96,1103,0,0,216,2165,128,411,216,2576,California
Kings,2021-01-13,422,3300,275,2050,147,1250,0,0,331,2405,91,502,331,2907,California
Kings,2021-01-14,209,3509,29,2079,180,1430,0,0,199,2584,21,523,200,3107,California
Kings,2021-01-15,418,3927,30,2109,388,1818,0,0,406,2978,12,535,406,3513,California
Kings,2021-01-16,28,3955,9,2118,19,1837,0,0,27,3004,1,536,27,3540,California
Kings,2021-01-17,12,3967,9,2127,3,1840,0,0,10,3012,2,538,10,3550,California
Kings,2021-01-18,173,4140,41,2168,132,1972,0,0,147,3133,26,564,147,3697,California
Kings,2021-01-19,379,4519,159,2327,220,2192,0,0,252,3258,127,691,252,3949,California
Kings,2021-01-20,255,4774,162,2489,93,2285,0,0,135,3278,115,806,135,4084,California
Kings,2021-01-21,211,4985,57,2546,154,2439,0,0,194,3453,19,825,194,4278,California
Kings,2021-01-22,106,5091,17,2563,89,2528,0,0,105,3553,5,830,105,4383,California
Kings,2021-01-23,25,5116,13,2576,12,2540,0,0,19,3566,6,836,19,4402,California
Kings,2021-01-24,4,5120,4,2580,0,2540,0,0,2,3566,2,838,2,4404,California
Kings,2021-01-25,155,5275,55,2635,100,2640,0,0,92,3595,63,901,92,4496,California
Kings,2021-01-26,172,5447,52,2687,120,2760,0,0,113,3649,59,960,113,4609,California
Kings,2021-01-27,356,5803,61,2748,295,3055,0,0,252,3798,103,1063,252,4861,California
Kings,2021-01-28,361,6164,74,2822,287,3342,0,0,276,3989,85,1148,276,5137,California
Kings,2021-01-29,114,6278,28,2850,86,3428,0,0,96,4067,18,1166,96,5233,California
Kings,2021-01-30,1568,7846,28,2878,1540,4968,0,0,1564,5629,4,1170,1566,6799,California
Kings,2021-01-31,1,7847,1,2879,0,4968,0,0,1,5630,0,1170,1,6800,California
Kings,2021-02-01,241,8088,87,2966,154,5122,0,0,92,5575,147,1317,92,6892,California
Kings,2021-02-02,341,8429,109,3075,232,5354,0,0,96,5427,244,1561,96,6988,California
Kings,2021-02-03,479,8908,271,3346,208,5562,0,0,236,5421,242,1803,236,7224,California
Kings,2021-02-04,466,9374,131,3477,335,5897,0,0,229,5414,236,2039,229,7453,California
Kings,2021-02-05,338,9712,57,3534,281,6178,0,0,178,5435,157,2196,178,7631,California
Kings,2021-02-06,61,9773,10,3544,51,6229,0,0,28,5430,33,2229,28,7659,California
Kings,2021-02-07,6,9779,4,3548,2,6231,0,0,3,5430,3,2232,3,7662,California
Kings,2021-02-08,175,9954,29,3577,146,6377,0,0,68,5391,107,2339,68,7730,California
Kings,2021-02-09,257,10211,60,3637,197,6574,0,0,113,5362,142,2481,113,7843,California
Kings,2021-02-10,383,10594,113,3750,270,6844,0,0,258,5495,125,2606,258,8101,California
Kings,2021-02-11,530,11124,67,3817,463,7307,0,0,365,5696,164,2770,365,8466,California
Kings,2021-02-12,709,11833,36,3853,673,7980,0,0,352,5692,356,3126,352,8818,California
Kings,2021-02-13,245,12078,6,3859,239,8219,0,0,219,5885,26,3152,219,9037,California
Kings,2021-02-14,104,12182,4,3863,100,8319,0,0,96,5973,8,3160,96,9133,California
Kings,2021-02-15,247,12429,5,3868,242,8561,0,0,137,6001,109,3269,137,9270,California
Kings,2021-02-16,635,13064,34,3902,601,9162,0,0,359,6086,275,3544,360,9630,California
Kings,2021-02-17,441,13505,24,3926,417,9579,0,0,302,6250,139,3683,303,9933,California
Kings,2021-02-18,357,13862,22,3948,335,9914,0,0,215,6324,141,3824,215,10148,California
Kings,2021-02-19,226,14088,24,3972,202,10116,0,0,133,6367,90,3914,133,10281,California
Kings,2021-02-20,173,14261,41,4013,132,10248,0,0,135,6464,38,3952,135,10416,California
Kings,2021-02-21,3,14264,2,4015,1,10249,0,0,3,6467,0,3952,3,10419,California
Kings,2021-02-22,127,14391,21,4036,106,10355,0,0,59,6458,68,4020,59,10478,California
Kings,2021-02-23,439,14830,70,4106,369,10724,0,0,319,6657,120,4140,319,10797,California
Kings,2021-02-24,773,15603,170,4276,603,11327,0,0,537,6958,236,4376,537,11334,California
Kings,2021-02-25,843,16446,134,4410,709,12036,0,0,606,7329,235,4611,606,11940,California
Kings,2021-02-26,996,17442,137,4547,859,12895,0,0,907,8147,89,4700,907,12847,California
Kings,2021-02-27,1537,18979,67,4614,1470,14365,0,0,597,7805,939,5639,597,13444,California
Kings,2021-02-28,1207,20186,598,5212,609,14974,0,0,674,7950,531,6170,676,14120,California
Kings,2021-03-01,296,20482,90,5302,206,15180,0,0,223,8100,73,6243,223,14343,California
Kings,2021-03-02,591,21073,258,5560,333,15513,0,0,517,8545,74,6317,519,14862,California
Kings,2021-03-03,763,21836,327,5887,435,15948,1,1,536,8857,225,6542,537,15399,California
Kings,2021-03-04,849,22685,356,6243,493,16441,0,1,708,9425,141,6683,709,16108,California
Kings,2021-03-05,1196,23881,369,6612,818,17259,9,10,1043,10327,153,6836,1055,17163,California
Kings,2021-03-06,517,24398,187,6799,317,17576,13,23,486,10795,31,6867,499,17662,California
Kings,2021-03-07,428,24826,282,7081,138,17714,8,31,416,11207,12,6879,424,18086,California
Kings,2021-03-08,386,25212,98,7179,233,17947,55,86,266,11408,120,6999,321,18407,California
Kings,2021-03-09,703,25915,403,7582,245,18192,55,141,594,11950,108,7107,650,19057,California
Kings,2021-03-10,847,26762,270,7852,471,18663,106,247,577,12364,268,7375,682,19739,California
Kings,2021-03-11,1233,27995,449,8301,668,19331,116,363,772,12794,459,7834,889,20628,California
Kings,2021-03-12,1532,29527,449,8750,989,20320,94,457,985,13332,543,8377,1081,21709,California
Kings,2021-03-13,682,30209,335,9085,305,20625,42,499,557,13808,125,8502,601,22310,California
Kings,2021-03-14,675,30884,101,9186,185,20810,389,888,200,13922,475,8977,589,22899,California
Kings,2021-03-15,711,31595,267,9453,325,21135,119,1007,469,14272,241,9218,591,23490,California
Kings,2021-03-16,1202,32797,482,9935,658,21793,62,1069,754,14641,448,9666,817,24307,California
Kings,2021-03-17,1144,33941,424,10359,658,22451,62,1131,781,15129,363,10029,851,25158,California
Kings,2021-03-18,1185,35126,474,10833,488,22939,223,1354,750,15671,433,10462,975,26133,California
Kings,2021-03-19,1007,36133,465,11298,451,23390,91,1445,722,16215,284,10746,828,26961,California
Kings,2021-03-20,644,36777,257,11555,355,23745,32,1477,463,16540,178,10924,503,27464,California
Kings,2021-03-21,1424,38201,1091,12646,321,24066,12,1489,864,16856,560,11484,876,28340,California
Kings,2021-03-22,450,38651,199,12845,165,24231,86,1575,265,17027,184,11668,355,28695,California
Kings,2021-03-23,1048,39699,507,13352,477,24708,64,1639,548,17145,498,12166,616,29311,California
Kings,2021-03-24,1097,40796,486,13838,588,25296,23,1662,495,17065,600,12766,520,29831,California
Kings,2021-03-25,1053,41849,471,14309,555,25851,27,1689,441,16922,610,13376,467,30298,California
Kings,2021-03-26,1415,43264,381,14690,944,26795,90,1779,396,16394,1014,14390,486,30784,California
Kings,2021-03-27,644,43908,259,14949,373,27168,12,1791,148,16060,494,14884,160,30944,California
Kings,2021-03-28,674,44582,602,15551,65,27233,7,1798,347,16100,327,15211,367,31311,California
Kings,2021-03-29,473,45055,213,15764,199,27432,61,1859,259,16207,212,15423,319,31630,California
Kings,2021-03-30,967,46022,549,16313,379,27811,39,1898,430,16139,536,15959,468,32098,California
Kings,2021-03-31,937,46959,491,16804,372,28183,74,1972,420,16123,509,16468,493,32591,California
Kings,2021-04-01,931,47890,503,17307,339,28522,89,2061,355,15998,569,17037,444,33035,California
Kings,2021-04-02,1125,49015,455,17762,544,29066,126,2187,395,15794,724,17761,520,33555,California
Kings,2021-04-03,495,49510,349,18111,137,29203,9,2196,172,15659,317,18078,182,33737,California
Kings,2021-04-04,156,49666,82,18193,68,29271,6,2202,41,15592,114,18192,47,33784,California
Kings,2021-04-05,1063,50729,327,18520,481,29752,255,2457,240,15264,822,19014,494,34278,California
Kings,2021-04-06,1273,52002,504,19024,455,30207,314,2771,284,14875,986,20000,597,34875,California
Kings,2021-04-07,1381,53383,656,19680,539,30746,186,2957,334,14351,1044,21044,520,35395,California
Kings,2021-04-08,1632,55015,638,20318,741,31487,253,3210,374,13728,1250,22294,627,36022,California
Kings,2021-04-09,1242,56257,591,20909,470,31957,181,3391,236,13138,1004,23298,414,36436,California
Kings,2021-04-10,595,56852,333,21242,160,32117,102,3493,175,12996,418,23716,276,36712,California
Kings,2021-04-11,355,57207,76,21318,272,32389,7,3500,196,13042,157,23873,203,36915,California
Kings,2021-04-12,710,57917,315,21633,192,32581,203,3703,194,12925,514,24387,397,37312,California
Kings,2021-04-13,918,58835,526,22159,392,32973,0,3703,294,12602,622,25009,299,37611,California
Kings,2021-04-14,1050,59885,580,22739,470,33443,0,3703,378,12309,672,25681,379,37990,California
Kings,2021-04-15,1064,60949,525,23264,538,33981,1,3704,451,12152,609,26290,452,38442,California
Kings,2021-04-16,797,61746,364,23628,433,34414,0,3704,261,11880,534,26824,262,38704,California
Kings,2021-04-17,457,62203,243,23871,214,34628,0,3704,183,11790,273,27097,183,38887,California
Kings,2021-04-18,571,62774,246,24117,325,34953,0,3704,44,11307,527,27624,44,38931,California
Kings,2021-04-19,629,63403,386,24503,243,35196,0,3704,296,11273,330,27954,296,39227,California
Kings,2021-04-20,756,64159,462,24965,294,35490,0,3704,243,11004,512,28466,243,39470,California
Kings,2021-04-21,697,64856,353,25318,344,35834,0,3704,244,10803,445,28911,244,39714,California
Kings,2021-04-22,575,65431,293,25611,282,36116,0,3704,210,10652,362,29273,211,39925,California
Kings,2021-04-23,677,66108,298,25909,379,36495,0,3704,330,10639,343,29616,330,40255,California
Kings,2021-04-24,247,66355,179,26088,67,36562,1,3705,119,10632,127,29743,120,40375,California
Kings,2021-04-25,202,66557,183,26271,19,36581,0,3705,165,10760,37,29780,165,40540,California
Kings,2021-04-26,325,66882,176,26447,146,36727,3,3708,201,10840,124,29904,204,40744,California
Kings,2021-04-27,436,67318,196,26643,221,36948,19,3727,186,10797,248,30152,205,40949,California
Kings,2021-04-28,523,67841,263,26906,240,37188,20,3747,270,10834,253,30405,290,41239,California
Kings,2021-04-29,302,68143,125,27031,165,37353,12,3759,141,10829,158,30563,153,41392,California
Kings,2021-04-30,375,68518,167,27198,191,37544,17,3776,155,10785,216,30779,172,41564,California
Kings,2021-05-01,227,68745,166,27364,51,37595,10,3786,72,10713,154,30933,82,41646,California
Kings,2021-05-02,170,68915,148,27512,22,37617,0,3786,127,10797,43,30976,127,41773,California
Kings,2021-05-03,475,69390,252,27764,210,37827,13,3799,122,10580,352,31328,135,41908,California
Kings,2021-05-04,528,69918,272,28036,236,38063,20,3819,161,10395,366,31694,181,42089,California
Kings,2021-05-05,566,70484,301,28337,245,38308,20,3839,143,10136,422,32116,163,42252,California
Kings,2021-05-06,572,71056,290,28627,258,38566,24,3863,132,9854,438,32554,156,42408,California
Kings,2021-05-07,366,71422,210,28837,142,38708,14,3877,148,9800,216,32770,162,42570,California
Kings,2021-05-08,243,71665,178,29015,53,38761,12,3889,85,9739,157,32927,96,42666,California
Kings,2021-05-09,191,71856,63,29078,128,38889,0,3889,40,9628,151,33078,40,42706,California
Kings,2021-05-10,346,72202,268,29346,68,38957,10,3899,114,9521,230,33308,123,42829,California
Kings,2021-05-11,387,72589,239,29585,119,39076,29,3928,116,9397,270,33578,146,42975,California
Kings,2021-05-12,400,72989,163,29748,223,39299,14,3942,164,9341,234,33812,178,43153,California
Kings,2021-05-13,412,73401,168,29916,236,39535,8,3950,171,9280,240,34052,179,43332,California
Kings,2021-05-14,463,73864,316,30232,116,39651,31,3981,239,9327,223,34275,270,43602,California
Kings,2021-05-15,355,74219,256,30488,82,39733,17,3998,198,9385,157,34432,215,43817,California
Kings,2021-05-16,247,74466,221,30709,25,39758,1,3999,75,9289,172,34604,76,43893,California
Kings,2021-05-17,408,74874,324,31033,67,39825,17,4016,211,9321,196,34800,228,44121,California
Kings,2021-05-18,399,75273,284,31317,102,39927,13,4029,227,9390,172,34972,241,44362,California
Kings,2021-05-19,576,75849,283,31600,271,40198,22,4051,229,9296,345,35317,251,44613,California
Kings,2021-05-20,451,76300,237,31837,187,40385,27,4078,260,9393,191,35508,288,44901,California
Kings,2021-05-21,518,76818,262,32099,245,40630,11,4089,263,9416,251,35759,274,45175,California
Kings,2021-05-22,305,77123,246,32345,47,40677,12,4101,217,9559,86,35845,229,45404,California
Kings,2021-05-23,233,77356,225,32570,8,40685,0,4101,106,9538,127,35972,106,45510,California
Kings,2021-05-24,262,77618,175,32745,72,40757,15,4116,125,9541,137,36109,140,45650,California
Kings,2021-05-25,404,78022,267,33012,104,40861,33,4149,234,9640,168,36277,267,45917,California
Kings,2021-05-26,306,78328,126,33138,163,41024,17,4166,122,9596,183,36460,139,46056,California
Kings,2021-05-27,325,78653,176,33314,131,41155,18,4184,177,9646,145,36605,195,46251,California
Kings,2021-05-28,288,78941,140,33454,130,41285,18,4202,131,9642,153,36758,149,46400,California
Kings,2021-05-29,174,79115,101,33555,62,41347,11,4213,87,9654,86,36844,98,46498,California
Kings,2021-05-30,133,79248,116,33671,15,41362,2,4215,71,9665,62,36906,73,46571,California
Kings,2021-05-31,40,79288,21,33692,16,41378,3,4218,15,9658,25,36931,18,46589,California
Kings,2021-06-01,317,79605,187,33879,114,41492,16,4234,119,9598,194,37125,134,46723,California
Kings,2021-06-02,276,79881,125,34004,144,41636,7,4241,85,9502,188,37313,92,46815,California
Kings,2021-06-03,226,80107,127,34131,88,41724,11,4252,69,9433,149,37462,80,46895,California
Kings,2021-06-04,427,80534,284,34415,129,41853,14,4266,152,9328,271,37733,166,47061,California
Kings,2021-06-05,258,80792,224,34639,27,41880,7,4273,62,9214,183,37916,69,47130,California
Kings,2021-06-06,162,80954,154,34793,3,41883,5,4278,81,9223,77,37993,86,47216,California
Kings,2021-06-07,294,81248,226,35019,54,41937,14,4292,96,9134,198,38191,109,47325,California
Kings,2021-06-08,313,81561,240,35259,53,41990,20,4312,78,8999,233,38424,98,47423,California
Kings,2021-06-09,401,81962,268,35527,124,42114,9,4321,117,8844,281,38705,126,47549,California
Kings,2021-06-10,341,82303,223,35750,105,42219,13,4334,82,8680,259,38964,95,47644,California
Kings,2021-06-11,376,82679,283,36033,90,42309,3,4337,146,8604,225,39189,149,47793,California
Kings,2021-06-12,268,82947,220,36253,44,42353,4,4341,69,8494,183,39372,73,47866,California
Kings,2021-06-13,127,83074,118,36371,8,42361,1,4342,34,8437,92,39464,35,47901,California
Kings,2021-06-14,240,83314,172,36543,46,42407,22,4364,97,8413,143,39607,119,48020,California
Kings,2021-06-15,255,83569,182,36725,62,42469,11,4375,88,8346,166,39773,99,48119,California
Kings,2021-06-16,255,83824,131,36856,116,42585,8,4383,90,8287,158,39931,99,48218,California
Kings,2021-06-17,208,84032,111,36967,87,42672,10,4393,81,8251,127,40058,91,48309,California
Kings,2021-06-18,253,84285,174,37141,70,42742,9,4402,118,8243,135,40193,127,48436,California
Kings,2021-06-19,102,84387,69,37210,28,42770,5,4407,41,8228,61,40254,46,48482,California
Kings,2021-06-20,84,84471,69,37279,9,42779,6,4413,28,8206,56,40310,34,48516,California
Kings,2021-06-21,181,84652,97,37376,53,42832,31,4444,97,8250,84,40394,128,48644,California
Kings,2021-06-22,199,84851,128,37504,63,42895,8,4452,82,8223,117,40511,90,48734,California
Kings,2021-06-23,197,85048,94,37598,88,42983,15,4467,86,8214,110,40621,101,48835,California
Kings,2021-06-24,145,85193,68,37666,72,43055,5,4472,56,8187,88,40709,61,48896,California
Kings,2021-06-25,311,85504,219,37885,83,43138,9,4481,153,8192,157,40866,162,49058,California
Kings,2021-06-26,124,85628,82,37967,38,43176,4,4485,53,8178,71,40937,57,49115,California
Kings,2021-06-27,118,85746,111,38078,6,43182,1,4486,38,8140,77,41014,39,49154,California
Kings,2021-06-28,192,85938,138,38216,37,43219,17,4503,81,8127,111,41125,98,49252,California
Kings,2021-06-29,177,86115,131,38347,36,43255,10,4513,86,8134,89,41214,96,49348,California
Kings,2021-06-30,191,86306,117,38464,66,43321,8,4521,87,8125,104,41318,95,49443,California
Kings,2021-07-01,133,86439,89,38553,37,43358,7,4528,64,8129,67,41385,71,49514,California
Kings,2021-07-02,183,86622,118,38671,56,43414,9,4537,90,8135,93,41478,99,49613,California
Kings,2021-07-03,105,86727,84,38755,20,43434,1,4538,54,8139,51,41529,55,49668,California
Kings,2021-07-04,4,86731,0,38755,4,43438,0,4538,3,8141,1,41530,3,49671,California
Kings,2021-07-05,94,86825,56,38811,26,43464,12,4550,47,8153,47,41577,59,49730,California
Kings,2021-07-06,217,87042,158,38969,48,43512,11,4561,84,8115,133,41710,95,49825,California
Kings,2021-07-07,236,87278,135,39104,89,43601,12,4573,118,8128,117,41827,130,49955,California
Kings,2021-07-08,205,87483,126,39230,71,43672,8,4581,85,8102,119,41946,93,50048,California
Kings,2021-07-09,201,87684,117,39347,81,43753,3,4584,101,8108,98,42044,104,50152,California
Kings,2021-07-10,93,87777,55,39402,33,43786,5,4589,52,8124,41,42085,57,50209,California
Kings,2021-07-11,70,87847,60,39462,7,43793,3,4592,35,8127,35,42120,38,50247,California
Lake,2020-12-17,4,4,4,4,0,0,0,0,4,4,0,0,4,4,California
Lake,2020-12-18,50,54,50,54,0,0,0,0,50,54,0,0,50,54,California
Lake,2020-12-19,3,57,3,57,0,0,0,0,3,57,0,0,3,57,California
Lake,2020-12-20,6,63,6,63,0,0,0,0,6,63,0,0,6,63,California
Lake,2020-12-21,87,150,87,150,0,0,0,0,87,150,0,0,87,150,California
Lake,2020-12-22,63,213,60,210,3,3,0,0,63,213,0,0,63,213,California
Lake,2020-12-23,124,337,115,325,9,12,0,0,124,337,0,0,124,337,California
Lake,2020-12-24,2,339,0,325,2,14,0,0,2,339,0,0,2,339,California
Lake,2020-12-26,2,341,2,327,0,14,0,0,2,341,0,0,2,341,California
Lake,2020-12-27,2,343,2,329,0,14,0,0,2,343,0,0,2,343,California
Lake,2020-12-28,52,395,43,372,9,23,0,0,52,395,0,0,52,395,California
Lake,2020-12-29,52,447,47,419,5,28,0,0,52,447,0,0,52,447,California
Lake,2020-12-30,131,578,122,541,9,37,0,0,131,578,0,0,131,578,California
Lake,2020-12-31,67,645,64,605,3,40,0,0,67,645,0,0,67,645,California
Lake,2021-01-01,4,649,1,606,3,43,0,0,4,649,0,0,4,649,California
Lake,2021-01-02,2,651,1,607,1,44,0,0,2,651,0,0,2,651,California
Lake,2021-01-04,89,740,21,628,68,112,0,0,89,740,0,0,89,740,California
Lake,2021-01-05,120,860,59,687,61,173,0,0,118,856,2,2,118,858,California
Lake,2021-01-06,103,963,64,751,39,212,0,0,101,955,2,4,101,959,California
Lake,2021-01-07,110,1073,86,837,24,236,0,0,101,1047,9,13,101,1060,California
Lake,2021-01-08,155,1228,126,963,29,265,0,0,104,1100,51,64,104,1164,California
Lake,2021-01-09,64,1292,62,1025,2,267,0,0,60,1156,4,68,60,1224,California
Lake,2021-01-10,3,1295,3,1028,0,267,0,0,0,1153,3,71,0,1224,California
Lake,2021-01-11,189,1484,150,1178,39,306,0,0,109,1182,80,151,109,1333,California
Lake,2021-01-12,81,1565,48,1226,33,339,0,0,58,1217,23,174,58,1391,California
Lake,2021-01-13,170,1735,115,1341,55,394,0,0,110,1267,60,234,110,1501,California
Lake,2021-01-14,151,1886,48,1389,103,497,0,0,129,1374,22,256,129,1630,California
Lake,2021-01-15,221,2107,95,1484,126,623,0,0,193,1539,28,284,193,1823,California
Lake,2021-01-16,137,2244,84,1568,53,676,0,0,135,1672,2,286,135,1958,California
Lake,2021-01-17,18,2262,6,1574,12,688,0,0,12,1678,6,292,12,1970,California
Lake,2021-01-18,246,2508,227,1801,19,707,0,0,125,1682,121,413,125,2095,California
Lake,2021-01-19,318,2826,121,1922,197,904,0,0,271,1907,47,460,272,2367,California
Lake,2021-01-20,427,3253,82,2004,345,1249,0,0,362,2205,64,524,362,2729,California
Lake,2021-01-21,441,3694,50,2054,391,1640,0,0,405,2574,36,560,405,3134,California
Lake,2021-01-22,322,4016,47,2101,275,1915,0,0,285,2822,37,597,285,3419,California
Lake,2021-01-23,127,4143,6,2107,121,2036,0,0,126,2947,1,598,126,3545,California
Lake,2021-01-24,5,4148,2,2109,3,2039,0,0,5,2952,0,598,5,3550,California
Lake,2021-01-25,260,4408,97,2206,163,2202,0,0,178,3048,82,680,178,3728,California
Lake,2021-01-26,432,4840,36,2242,396,2598,0,0,408,3432,24,704,408,4136,California
Lake,2021-01-27,364,5204,40,2282,324,2922,0,0,336,3741,28,732,337,4473,California
Lake,2021-01-28,498,5702,162,2444,336,3258,0,0,366,3977,130,862,366,4839,California
Lake,2021-01-29,654,6356,101,2545,553,3811,0,0,579,4481,75,937,579,5418,California
Lake,2021-01-30,557,6913,43,2588,514,4325,0,0,551,5026,6,943,551,5969,California
Lake,2021-01-31,15,6928,9,2597,6,4331,0,0,13,5037,2,945,13,5982,California
Lake,2021-02-01,182,7110,19,2616,163,4494,0,0,167,5189,15,960,167,6149,California
Lake,2021-02-02,567,7677,155,2771,412,4906,0,0,399,5420,168,1128,399,6548,California
Lake,2021-02-03,444,8121,33,2804,411,5317,0,0,340,5656,104,1232,340,6888,California
Lake,2021-02-04,121,8242,70,2874,51,5368,0,0,71,5677,50,1282,71,6959,California
Lake,2021-02-05,381,8623,72,2946,309,5677,0,0,286,5870,93,1375,286,7245,California
Lake,2021-02-06,276,8899,41,2987,235,5912,0,0,264,6122,12,1387,264,7509,California
Lake,2021-02-07,2,8901,1,2988,1,5913,0,0,2,6124,0,1387,2,7511,California
Lake,2021-02-08,278,9179,206,3194,72,5985,0,0,158,6162,120,1507,158,7669,California
Lake,2021-02-09,345,9524,25,3219,320,6305,0,0,299,6416,45,1552,299,7968,California
Lake,2021-02-10,356,9880,54,3273,302,6607,0,0,275,6610,81,1633,275,8243,California
Lake,2021-02-11,181,10061,18,3291,163,6770,0,0,60,6549,121,1754,60,8303,California
Lake,2021-02-12,377,10438,29,3320,348,7118,0,0,287,6747,89,1843,287,8590,California
Lake,2021-02-13,252,10690,8,3328,244,7362,0,0,239,6973,13,1856,239,8829,California
Lake,2021-02-14,22,10712,5,3333,17,7379,0,0,8,6967,14,1870,8,8837,California
Lake,2021-02-15,174,10886,14,3347,160,7539,0,0,9,6812,164,2034,9,8846,California
Lake,2021-02-16,429,11315,23,3370,406,7945,0,0,178,6739,251,2285,178,9024,California
Lake,2021-02-17,354,11669,56,3426,298,8243,0,0,73,6532,280,2565,73,9097,California
Lake,2021-02-18,466,12135,73,3499,393,8636,0,0,117,6301,348,2913,117,9214,California
Lake,2021-02-19,438,12573,29,3528,409,9045,0,0,95,6053,343,3256,95,9309,California
Lake,2021-02-20,299,12872,63,3591,236,9281,0,0,252,6259,46,3302,252,9561,California
Lake,2021-02-21,7,12879,7,3598,0,9281,0,0,0,6252,7,3309,0,9561,California
Lake,2021-02-22,141,13020,22,3620,119,9400,0,0,40,6191,101,3410,40,9601,California
Lake,2021-02-23,227,13247,16,3636,211,9611,0,0,29,6023,197,3607,29,9630,California
Lake,2021-02-24,1026,14273,431,4067,595,10206,0,0,469,5936,556,4163,469,10099,California
Lake,2021-02-25,771,15044,496,4563,275,10481,0,0,502,6172,266,4429,502,10601,California
Lake,2021-02-26,1024,16068,321,4884,703,11184,0,0,362,5876,658,5087,362,10963,California
Lake,2021-02-27,410,16478,98,4982,312,11496,0,0,326,6119,83,5170,326,11289,California
Lake,2021-02-28,21,16499,12,4994,9,11505,0,0,12,6122,9,5179,12,11301,California
Lake,2021-03-01,602,17101,55,5049,547,12052,0,0,449,6418,153,5332,449,11750,California
Lake,2021-03-02,747,17848,18,5067,729,12781,0,0,287,6247,458,5790,287,12037,California
Lake,2021-03-03,369,18217,196,5263,173,12954,0,0,147,6173,221,6011,147,12184,California
Lake,2021-03-04,579,18796,506,5769,73,13027,0,0,563,6720,16,6027,563,12747,California
Lake,2021-03-05,1047,19843,52,5821,995,14022,0,0,188,6053,855,6882,188,12935,California
Lake,2021-03-06,34,19877,9,5830,24,14046,1,1,21,6062,13,6895,22,12957,California
Lake,2021-03-07,9,19886,6,5836,2,14048,1,2,5,6064,4,6899,6,12963,California
Lake,2021-03-08,342,20228,266,6102,66,14114,10,12,299,6331,42,6941,309,13272,California
Lake,2021-03-09,932,21160,44,6146,871,14985,17,29,407,6234,522,7463,425,13697,California
Lake,2021-03-10,204,21364,60,6206,131,15116,13,42,134,6312,70,7533,148,13845,California
Lake,2021-03-11,587,21951,49,6255,65,15181,473,515,47,6290,540,8073,518,14363,California
Lake,2021-03-12,853,22804,202,6457,625,15806,26,541,360,6185,491,8564,386,14749,California
Lake,2021-03-13,283,23087,22,6479,25,15831,236,777,19,6176,263,8827,254,15003,California
Lake,2021-03-14,12,23099,3,6482,9,15840,0,777,8,6180,4,8831,8,15011,California
Lake,2021-03-15,642,23741,12,6494,612,16452,18,795,482,6521,159,8990,500,15511,California
Lake,2021-03-16,1116,24857,836,7330,263,16715,17,812,379,6183,733,9723,395,15906,California
Lake,2021-03-17,251,25108,123,7453,105,16820,23,835,91,6137,160,9883,114,16020,California
Lake,2021-03-18,749,25857,375,7828,337,17157,37,872,356,6139,390,10273,392,16412,California
Lake,2021-03-19,584,26441,317,8145,248,17405,19,891,476,6527,107,10380,495,16907,California
Lake,2021-03-20,248,26689,9,8154,236,17641,3,894,31,6345,216,10596,34,16941,California
Lake,2021-03-21,15,26704,10,8164,4,17645,1,895,10,6351,5,10601,11,16952,California
Lake,2021-03-22,336,27040,256,8420,67,17712,13,908,250,6528,86,10687,263,17215,California
Lake,2021-03-23,429,27469,21,8441,394,18106,14,922,363,6840,65,10752,377,17592,California
Lake,2021-03-24,423,27892,62,8503,353,18459,8,930,324,7076,97,10849,333,17925,California
Lake,2021-03-25,673,28565,482,8985,184,18643,7,937,173,6755,500,11349,179,18104,California
Lake,2021-03-26,69,28634,34,9019,34,18677,1,938,32,6752,36,11385,33,18137,California
Lake,2021-03-27,309,28943,7,9026,299,18976,3,941,17,6482,290,11675,20,18157,California
Lake,2021-03-28,17,28960,8,9034,9,18985,0,941,9,6483,8,11683,9,18166,California
Lake,2021-03-29,995,29955,286,9320,707,19692,2,943,199,5890,794,12477,201,18367,California
Lake,2021-03-30,465,30420,313,9633,149,19841,3,946,365,6159,99,12576,368,18735,California
Lake,2021-03-31,616,31036,60,9693,556,20397,0,946,432,6417,174,12750,432,19167,California
Lake,2021-04-01,448,31484,233,9926,203,20600,12,958,187,6359,257,13007,199,19366,California
Lake,2021-04-02,224,31708,41,9967,155,20755,28,986,97,6357,127,13134,125,19491,California
Lake,2021-04-03,32,31740,6,9973,23,20778,3,989,13,6354,19,13153,16,19507,California
Lake,2021-04-04,21,31761,12,9985,7,20785,2,991,15,6365,6,13159,17,19524,California
Lake,2021-04-05,643,32404,71,10056,552,21337,20,1011,402,6548,238,13397,421,19945,California
Lake,2021-04-06,482,32886,19,10075,437,21774,26,1037,307,6707,174,13571,333,20278,California
Lake,2021-04-07,526,33412,57,10132,416,22190,53,1090,355,6946,169,13740,408,20686,California
Lake,2021-04-08,608,34020,496,10628,46,22236,66,1156,107,6621,498,14238,173,20859,California
Lake,2021-04-09,282,34302,40,10668,173,22409,69,1225,48,6507,230,14468,116,20975,California
Lake,2021-04-10,257,34559,15,10683,16,22425,226,1451,11,6498,246,14714,237,21212,California
Lake,2021-04-11,21,34580,16,10699,3,22428,2,1453,7,6493,14,14728,9,21221,California
Lake,2021-04-12,1081,35661,233,10932,814,23242,34,1487,243,5932,838,15566,277,21498,California
Lake,2021-04-13,181,35842,110,11042,71,23313,0,1487,54,5859,127,15693,54,21552,California
Lake,2021-04-14,620,36462,38,11080,582,23895,0,1487,554,6347,66,15759,554,22106,California
Lake,2021-04-15,647,37109,193,11273,454,24349,0,1487,332,6364,315,16074,332,22438,California
Lake,2021-04-16,269,37378,32,11305,237,24586,0,1487,76,6248,192,16266,76,22514,California
Lake,2021-04-17,42,37420,12,11317,30,24616,0,1487,32,6270,10,16276,32,22546,California
Lake,2021-04-18,9,37429,6,11323,3,24619,0,1487,0,6261,9,16285,0,22546,California
Lake,2021-04-19,298,37727,39,11362,259,24878,0,1487,247,6457,51,16336,247,22793,California
Lake,2021-04-20,693,38420,280,11642,413,25291,0,1487,94,5954,598,16934,95,22888,California
Lake,2021-04-21,531,38951,62,11704,469,25760,0,1487,196,5815,335,17269,196,23084,California
Lake,2021-04-22,471,39422,51,11755,420,26180,0,1487,323,5991,147,17416,323,23407,California
Lake,2021-04-23,122,39544,64,11819,58,26238,0,1487,72,6015,48,17464,72,23479,California
Lake,2021-04-24,55,39599,9,11828,46,26284,0,1487,41,6042,14,17478,41,23520,California
Lake,2021-04-25,37,39636,20,11848,17,26301,0,1487,25,6055,12,17490,25,23545,California
Lake,2021-04-26,295,39931,82,11930,212,26513,1,1488,90,5941,205,17695,91,23636,California
Lake,2021-04-27,249,40180,24,11954,207,26720,18,1506,86,5882,163,17858,104,23740,California
Lake,2021-04-28,509,40689,50,12004,444,27164,15,1521,89,5567,418,18276,103,23843,California
Lake,2021-04-29,214,40903,85,12089,113,27277,16,1537,112,5592,102,18378,127,23970,California
Lake,2021-04-30,289,41192,45,12134,213,27490,31,1568,147,5629,141,18519,178,24148,California
Lake,2021-05-01,48,41240,25,12159,21,27511,2,1570,32,5648,15,18534,34,24182,California
Lake,2021-05-02,19,41259,10,12169,8,27519,1,1571,10,5650,9,18543,11,24193,California
Lake,2021-05-03,413,41672,30,12199,347,27866,36,1607,66,5406,346,18889,102,24295,California
Lake,2021-05-04,403,42075,217,12416,138,28004,48,1655,123,5298,279,19168,171,24466,California
Lake,2021-05-05,629,42704,44,12460,573,28577,12,1667,84,4851,542,19710,95,24561,California
Lake,2021-05-06,142,42846,19,12479,94,28671,29,1696,72,4881,70,19780,100,24661,California
Lake,2021-05-07,166,43012,29,12508,117,28788,20,1716,102,4941,62,19842,122,24783,California
Lake,2021-05-08,42,43054,7,12515,35,28823,0,1716,35,4969,7,19849,35,24818,California
Lake,2021-05-09,17,43071,2,12517,10,28833,5,1721,10,4977,7,19856,15,24833,California
Lake,2021-05-10,242,43313,10,12527,205,29038,27,1748,58,4879,183,20039,85,24918,California
Lake,2021-05-11,195,43508,25,12552,153,29191,17,1765,116,4934,79,20118,134,25052,California
Lake,2021-05-12,542,44050,31,12583,491,29682,20,1785,54,4519,488,20606,73,25125,California
Lake,2021-05-13,318,44368,69,12652,235,29917,14,1799,72,4361,244,20850,86,25211,California
Lake,2021-05-14,268,44636,83,12735,167,30084,18,1817,163,4438,103,20953,180,25391,California
Lake,2021-05-15,45,44681,19,12754,23,30107,3,1820,28,4452,17,20970,31,25422,California
Lake,2021-05-16,33,44714,19,12773,13,30120,1,1821,18,4456,15,20985,19,25441,California
Lake,2021-05-17,314,45028,44,12817,255,30375,15,1836,82,4324,229,21214,97,25538,California
Lake,2021-05-18,298,45326,65,12882,214,30589,19,1855,171,4388,126,21340,190,25728,California
Lake,2021-05-19,313,45639,57,12939,241,30830,15,1870,88,4267,224,21564,103,25831,California
Lake,2021-05-20,240,45879,60,12999,169,30999,11,1881,94,4226,146,21710,105,25936,California
Lake,2021-05-21,274,46153,51,13050,199,31198,24,1905,113,4204,159,21869,137,26073,California
Lake,2021-05-22,98,46251,54,13104,41,31239,3,1908,49,4207,49,21918,52,26125,California
Lake,2021-05-23,58,46309,28,13132,29,31268,1,1909,30,4210,28,21946,31,26156,California
Lake,2021-05-24,157,46466,35,13167,108,31376,14,1923,71,4209,86,22032,85,26241,California
Lake,2021-05-25,204,46670,57,13224,136,31512,11,1934,74,4165,129,22161,85,26326,California
Lake,2021-05-26,151,46821,45,13269,95,31607,11,1945,55,4137,94,22255,66,26392,California
Lake,2021-05-27,175,46996,47,13316,114,31721,14,1959,61,4099,113,22368,75,26467,California
Lake,2021-05-28,222,47218,21,13337,164,31885,37,1996,50,4016,169,22537,86,26553,California
Lake,2021-05-29,37,47255,10,13347,21,31906,6,2002,14,4013,23,22560,20,26573,California
Lake,2021-05-30,22,47277,6,13353,14,31920,2,2004,12,4017,10,22570,14,26587,California
Lake,2021-05-31,63,47340,21,13374,40,31960,2,2006,53,4062,10,22580,55,26642,California
Lake,2021-06-01,197,47537,38,13412,150,32110,9,2015,69,4013,127,22707,78,26720,California
Lake,2021-06-02,132,47669,46,13458,74,32184,12,2027,53,3999,79,22786,65,26785,California
Lake,2021-06-03,181,47850,53,13511,109,32293,19,2046,79,3995,102,22888,98,26883,California
Lake,2021-06-04,185,48035,54,13565,115,32408,16,2062,47,3922,136,23024,63,26946,California
Lake,2021-06-05,92,48127,56,13621,28,32436,8,2070,56,3950,36,23060,64,27010,California
Lake,2021-06-06,69,48196,39,13660,30,32466,0,2070,24,3929,45,23105,24,27034,California
Lake,2021-06-07,90,48286,29,13689,53,32519,8,2078,32,3912,57,23162,40,27074,California
Lake,2021-06-08,179,48465,68,13757,99,32618,12,2090,67,3879,112,23274,79,27153,California
Lake,2021-06-09,171,48636,42,13799,125,32743,4,2094,36,3786,133,23407,40,27193,California
Lake,2021-06-10,129,48765,64,13863,52,32795,13,2107,51,3772,78,23485,64,27257,California
Lake,2021-06-11,208,48973,66,13929,119,32914,23,2130,48,3685,158,23643,71,27328,California
Lake,2021-06-12,67,49040,39,13968,22,32936,6,2136,34,3692,33,23676,40,27368,California
Lake,2021-06-13,29,49069,16,13984,13,32949,0,2136,14,3691,15,23691,14,27382,California
Lake,2021-06-14,178,49247,86,14070,79,33028,13,2149,50,3627,127,23818,63,27445,California
Lake,2021-06-15,245,49492,65,14135,162,33190,18,2167,79,3558,166,23984,97,27542,California
Lake,2021-06-16,163,49655,57,14192,91,33281,15,2182,55,3521,107,24091,70,27612,California
Lake,2021-06-17,179,49834,86,14278,83,33364,10,2192,78,3509,100,24191,88,27700,California
Lake,2021-06-18,141,49975,38,14316,93,33457,10,2202,57,3492,84,24275,67,27767,California
Lake,2021-06-19,68,50043,26,14342,42,33499,0,2202,35,3494,33,24308,35,27802,California
Lake,2021-06-20,22,50065,8,14350,12,33511,2,2204,11,3496,11,24319,13,27815,California
Lake,2021-06-21,67,50132,17,14367,43,33554,7,2211,29,3494,38,24357,36,27851,California
Lake,2021-06-22,135,50267,51,14418,74,33628,10,2221,62,3494,72,24429,72,27923,California
Lake,2021-06-23,148,50415,68,14486,56,33684,24,2245,80,3530,68,24497,104,28027,California
Lake,2021-06-24,140,50555,93,14579,34,33718,13,2258,48,3501,90,24587,61,28088,California
Lake,2021-06-25,129,50684,57,14636,63,33781,9,2267,66,3514,62,24649,75,28163,California
Lake,2021-06-26,48,50732,37,14673,11,33792,0,2267,6,3478,42,24691,6,28169,California
Lake,2021-06-27,42,50774,30,14703,12,33804,0,2267,23,3482,19,24710,23,28192,California
Lake,2021-06-28,66,50840,22,14725,22,33826,22,2289,28,3495,37,24747,50,28242,California
Lake,2021-06-29,122,50962,47,14772,71,33897,4,2293,66,3509,56,24803,70,28312,California
Lake,2021-06-30,117,51079,61,14833,47,33944,9,2302,59,3519,58,24861,68,28380,California
Lake,2021-07-01,118,51197,54,14887,59,34003,5,2307,41,3492,73,24934,46,28426,California
Lake,2021-07-02,110,51307,35,14922,62,34065,13,2320,52,3500,56,24990,64,28490,California
Lake,2021-07-03,74,51381,43,14965,31,34096,0,2320,34,3496,38,25028,34,28524,California
Lake,2021-07-04,14,51395,5,14970,9,34105,0,2320,9,3500,5,25033,9,28533,California
Lake,2021-07-05,46,51441,18,14988,28,34133,0,2320,32,3518,14,25047,32,28565,California
Lake,2021-07-06,159,51600,54,15042,99,34232,6,2326,63,3494,93,25140,69,28634,California
Lake,2021-07-07,89,51689,53,15095,34,34266,2,2328,55,3517,34,25174,57,28691,California
Lake,2021-07-08,84,51773,34,15129,46,34312,4,2332,40,3517,44,25218,44,28735,California
Lake,2021-07-09,146,51919,84,15213,55,34367,7,2339,61,3501,84,25302,68,28803,California
Lake,2021-07-10,41,51960,15,15228,26,34393,0,2339,23,3506,18,25320,23,28826,California
Lake,2021-07-11,11,51971,3,15231,7,34400,1,2340,3,3502,8,25328,4,28830,California
Lassen,2020-12-16,8,8,8,8,0,0,0,0,8,8,0,0,8,8,California
Lassen,2020-12-17,6,14,6,14,0,0,0,0,6,14,0,0,6,14,California
Lassen,2020-12-18,1,15,1,15,0,0,0,0,1,15,0,0,1,15,California
Lassen,2020-12-19,5,20,5,20,0,0,0,0,5,20,0,0,5,20,California
Lassen,2020-12-20,2,22,2,22,0,0,0,0,2,22,0,0,2,22,California
Lassen,2020-12-21,11,33,11,33,0,0,0,0,11,33,0,0,11,33,California
Lassen,2020-12-22,23,56,23,56,0,0,0,0,23,56,0,0,23,56,California
Lassen,2020-12-23,6,62,6,62,0,0,0,0,6,62,0,0,6,62,California
Lassen,2020-12-24,11,73,11,73,0,0,0,0,11,73,0,0,11,73,California
Lassen,2020-12-28,3,76,2,75,1,1,0,0,3,76,0,0,3,76,California
Lassen,2020-12-29,35,111,35,110,0,1,0,0,35,111,0,0,35,111,California
Lassen,2020-12-30,36,147,35,145,1,2,0,0,36,147,0,0,36,147,California
Lassen,2020-12-31,49,196,42,187,7,9,0,0,49,196,0,0,49,196,California
Lassen,2021-01-02,1,197,0,187,1,10,0,0,1,197,0,0,1,197,California
Lassen,2021-01-04,15,212,2,189,13,23,0,0,15,212,0,0,15,212,California
Lassen,2021-01-05,193,405,52,241,141,164,0,0,193,405,0,0,193,405,California
Lassen,2021-01-06,97,502,45,286,52,216,0,0,89,487,8,8,90,495,California
Lassen,2021-01-07,43,545,7,293,36,252,0,0,37,518,6,14,37,532,California
Lassen,2021-01-08,50,595,2,295,48,300,0,0,50,568,0,14,50,582,California
Lassen,2021-01-09,12,607,6,301,6,306,0,0,12,580,0,14,12,594,California
Lassen,2021-01-11,27,634,5,306,22,328,0,0,27,607,0,14,27,621,California
Lassen,2021-01-12,49,683,29,335,20,348,0,0,30,618,19,33,30,651,California
Lassen,2021-01-13,161,844,19,354,142,490,0,0,146,749,15,48,146,797,California
Lassen,2021-01-14,161,1005,18,372,143,633,0,0,149,886,12,60,149,946,California
Lassen,2021-01-15,32,1037,6,378,26,659,0,0,32,918,0,60,32,978,California
Lassen,2021-01-16,34,1071,33,411,1,660,0,0,34,952,0,60,34,1012,California
Lassen,2021-01-17,1,1072,0,411,1,661,0,0,1,953,0,60,1,1013,California
Lassen,2021-01-18,5,1077,2,413,3,664,0,0,4,956,1,61,4,1017,California
Lassen,2021-01-19,186,1263,36,449,150,814,0,0,158,1086,28,89,158,1175,California
Lassen,2021-01-20,188,1451,100,549,88,902,0,0,105,1123,68,157,105,1280,California
Lassen,2021-01-21,145,1596,93,642,52,954,0,0,121,1226,18,175,121,1401,California
Lassen,2021-01-22,31,1627,18,660,13,967,0,0,21,1237,10,185,21,1422,California
Lassen,2021-01-23,2,1629,0,660,2,969,0,0,2,1239,0,185,2,1424,California
Lassen,2021-01-24,1,1630,0,660,1,970,0,0,1,1240,0,185,1,1425,California
Lassen,2021-01-25,12,1642,1,661,11,981,0,0,11,1250,1,186,11,1436,California
Lassen,2021-01-26,126,1768,12,673,114,1095,0,0,122,1368,4,190,122,1558,California
Lassen,2021-01-27,89,1857,37,710,52,1147,0,0,71,1421,18,208,71,1629,California
Lassen,2021-01-28,85,1942,14,724,71,1218,0,0,84,1504,1,209,84,1713,California
Lassen,2021-01-29,23,1965,7,731,16,1234,0,0,22,1525,1,210,22,1735,California
Lassen,2021-02-01,62,2027,5,736,57,1291,0,0,37,1537,25,235,37,1772,California
Lassen,2021-02-02,177,2204,12,748,165,1456,0,0,44,1448,133,368,44,1816,California
Lassen,2021-02-03,99,2303,21,769,78,1534,0,0,51,1451,48,416,51,1867,California
Lassen,2021-02-04,113,2416,16,785,97,1631,0,0,64,1466,49,465,64,1931,California
Lassen,2021-02-05,66,2482,12,797,54,1685,0,0,24,1448,42,507,24,1955,California
Lassen,2021-02-06,69,2551,34,831,35,1720,0,0,36,1452,32,539,36,1991,California
Lassen,2021-02-07,3,2554,3,834,0,1720,0,0,3,1455,0,539,3,1994,California
Lassen,2021-02-08,44,2598,4,838,40,1760,0,0,18,1447,26,565,18,2012,California
Lassen,2021-02-09,128,2726,7,845,121,1881,0,0,49,1417,79,644,49,2061,California
Lassen,2021-02-10,182,2908,21,866,161,2042,0,0,75,1385,107,751,75,2136,California
Lassen,2021-02-11,183,3091,17,883,166,2208,0,0,80,1363,102,853,80,2216,California
Lassen,2021-02-12,43,3134,11,894,32,2240,0,0,16,1352,27,880,16,2232,California
Lassen,2021-02-13,11,3145,3,897,8,2248,0,0,9,1359,2,882,9,2241,California
Lassen,2021-02-14,13,3158,0,897,13,2261,0,0,12,1370,1,883,12,2253,California
Lassen,2021-02-15,22,3180,3,900,19,2280,0,0,17,1383,4,887,17,2270,California
Lassen,2021-02-16,193,3373,4,904,189,2469,0,0,31,1254,160,1047,31,2301,California
Lassen,2021-02-17,182,3555,94,998,88,2557,0,0,10,1092,172,1219,10,2311,California
Lassen,2021-02-18,80,3635,21,1019,59,2616,0,0,21,1054,59,1278,21,2332,California
Lassen,2021-02-19,83,3718,62,1081,21,2637,0,0,19,1009,64,1342,19,2351,California
Lassen,2021-02-20,8,3726,0,1081,8,2645,0,0,6,1013,2,1344,6,2357,California
Lassen,2021-02-21,22,3748,2,1083,20,2665,0,0,18,1027,4,1348,18,2375,California
Lassen,2021-02-22,29,3777,13,1096,16,2681,0,0,9,1016,20,1368,9,2384,California
Lassen,2021-02-23,155,3932,11,1107,144,2825,0,0,43,947,112,1480,43,2427,California
Lassen,2021-02-24,166,4098,16,1123,150,2975,0,0,107,996,58,1538,107,2534,California
Lassen,2021-02-25,160,4258,23,1146,137,3112,0,0,98,1032,62,1600,98,2632,California
Lassen,2021-02-26,76,4334,17,1163,59,3171,0,0,37,1030,39,1639,37,2669,California
Lassen,2021-02-27,8,4342,7,1170,1,3172,0,0,3,1028,5,1644,3,2672,California
Lassen,2021-02-28,6,4348,2,1172,4,3176,0,0,2,1026,4,1648,2,2674,California
Lassen,2021-03-01,43,4391,4,1176,39,3215,0,0,9,1002,33,1681,9,2683,California
Lassen,2021-03-02,109,4500,8,1184,101,3316,0,0,81,1056,27,1708,81,2764,California
Lassen,2021-03-03,170,4670,11,1195,159,3475,0,0,113,1112,57,1765,113,2877,California
Lassen,2021-03-04,150,4820,17,1212,133,3608,0,0,98,1159,51,1816,98,2975,California
Lassen,2021-03-05,49,4869,7,1219,18,3626,24,24,11,1156,38,1854,35,3010,California
Lassen,2021-03-06,55,4924,4,1223,29,3655,22,46,5,1133,50,1904,27,3037,California
Lassen,2021-03-07,58,4982,3,1226,0,3655,55,101,3,1136,55,1959,58,3095,California
Lassen,2021-03-08,88,5070,2,1228,7,3662,79,180,3,1133,85,2044,82,3177,California
Lassen,2021-03-09,137,5207,11,1239,109,3771,17,197,89,1191,48,2092,106,3283,California
Lassen,2021-03-10,173,5380,10,1249,161,3932,2,199,79,1179,93,2185,81,3364,California
Lassen,2021-03-11,184,5564,16,1265,161,4093,7,206,112,1229,69,2254,119,3483,California
Lassen,2021-03-12,35,5599,17,1282,14,4107,4,210,12,1222,23,2277,16,3499,California
Lassen,2021-03-13,48,5647,0,1282,2,4109,46,256,1,1221,47,2324,46,3545,California
Lassen,2021-03-14,14,5661,2,1284,11,4120,1,257,2,1212,12,2336,3,3548,California
Lassen,2021-03-15,37,5698,5,1289,31,4151,1,258,16,1208,21,2357,17,3565,California
Lassen,2021-03-16,93,5791,2,1291,86,4237,5,263,74,1268,19,2376,79,3644,California
Lassen,2021-03-17,1080,6871,10,1301,1065,5302,5,268,1059,2311,21,2397,1064,4708,California
Lassen,2021-03-18,94,6965,9,1310,84,5386,1,269,81,2380,13,2410,82,4790,California
Lassen,2021-03-19,19,6984,11,1321,4,5390,4,273,7,2379,12,2422,11,4801,California
Lassen,2021-03-20,29,7013,3,1324,23,5413,3,276,22,2397,7,2429,25,4826,California
Lassen,2021-03-21,34,7047,1,1325,33,5446,0,276,14,2392,19,2448,14,4840,California
Lassen,2021-03-22,59,7106,1,1326,58,5504,0,276,56,2445,3,2451,56,4896,California
Lassen,2021-03-23,120,7226,11,1337,108,5612,1,277,67,2460,53,2504,68,4964,California
Lassen,2021-03-24,212,7438,13,1350,198,5810,1,278,105,2461,105,2609,106,5070,California
Lassen,2021-03-25,155,7593,23,1373,132,5942,0,278,72,2450,83,2692,72,5142,California
Lassen,2021-03-26,77,7670,13,1386,26,5968,38,316,19,2449,57,2749,56,5198,California
Lassen,2021-03-27,21,7691,4,1390,1,5969,16,332,3,2450,18,2767,19,5217,California
Lassen,2021-03-28,18,7709,4,1394,3,5972,11,343,2,2447,16,2783,13,5230,California
Lassen,2021-03-29,53,7762,0,1394,28,6000,25,368,20,2460,32,2815,45,5275,California
Lassen,2021-03-30,200,7962,10,1404,164,6164,26,394,52,2390,148,2963,78,5353,California
Lassen,2021-03-31,147,8109,12,1416,113,6277,22,416,62,2390,84,3047,84,5437,California
Lassen,2021-04-01,167,8276,15,1431,131,6408,21,437,47,2339,119,3166,68,5505,California
Lassen,2021-04-02,30,8306,4,1435,3,6411,23,460,2,2336,28,3194,25,5530,California
Lassen,2021-04-03,12,8318,0,1435,2,6413,10,470,0,2334,12,3206,10,5540,California
Lassen,2021-04-04,7,8325,2,1437,0,6413,5,475,1,2334,6,3212,6,5546,California
Lassen,2021-04-05,22,8347,4,1441,11,6424,7,482,11,2341,11,3223,18,5564,California
Lassen,2021-04-06,182,8529,8,1449,144,6568,30,512,52,2293,130,3353,82,5646,California
Lassen,2021-04-07,135,8664,6,1455,92,6660,37,549,32,2261,103,3456,71,5717,California
Lassen,2021-04-08,169,8833,10,1465,103,6763,56,605,32,2216,133,3589,88,5805,California
Lassen,2021-04-09,53,8886,6,1471,10,6773,37,642,8,2216,44,3633,44,5849,California
Lassen,2021-04-10,10,8896,0,1471,2,6775,8,650,0,2215,9,3642,8,5857,California
Lassen,2021-04-11,6,8902,2,1473,1,6776,3,653,3,2218,3,3645,6,5863,California
Lassen,2021-04-12,32,8934,4,1477,15,6791,13,666,4,2207,28,3673,17,5880,California
Lassen,2021-04-13,129,9063,6,1483,123,6914,0,666,40,2159,88,3761,40,5920,California
Lassen,2021-04-14,984,10047,16,1499,968,7882,0,666,51,1279,931,4692,51,5971,California
Lassen,2021-04-15,147,10194,14,1513,133,8015,0,666,19,1170,128,4820,19,5990,California
Lassen,2021-04-16,14,10208,5,1518,9,8024,0,666,6,1168,8,4828,6,5996,California
Lassen,2021-04-17,24,10232,3,1521,21,8045,0,666,4,1152,20,4848,4,6000,California
Lassen,2021-04-18,5,10237,2,1523,3,8048,0,666,2,1151,3,4851,2,6002,California
Lassen,2021-04-19,35,10272,0,1523,35,8083,0,666,18,1152,17,4868,18,6020,California
Lassen,2021-04-20,137,10409,7,1530,130,8213,0,666,51,1117,86,4954,51,6071,California
Lassen,2021-04-21,167,10576,10,1540,156,8369,1,667,34,1021,131,5085,35,6106,California
Lassen,2021-04-22,102,10678,16,1556,86,8455,0,667,32,983,70,5155,32,6138,California
Lassen,2021-04-23,27,10705,1,1557,26,8481,0,667,21,998,6,5161,21,6159,California
Lassen,2021-04-24,9,10714,5,1562,4,8485,0,667,3,995,6,5167,3,6162,California
Lassen,2021-04-25,5,10719,0,1562,4,8489,1,668,3,997,2,5169,4,6166,California
Lassen,2021-04-26,44,10763,2,1564,38,8527,4,672,9,976,34,5203,13,6179,California
Lassen,2021-04-27,119,10882,9,1573,107,8634,3,675,66,992,53,5256,69,6248,California
Lassen,2021-04-28,82,10964,7,1580,73,8707,2,677,29,970,53,5309,31,6279,California
Lassen,2021-04-29,69,11033,7,1587,59,8766,3,680,24,953,44,5353,27,6306,California
Lassen,2021-04-30,15,11048,8,1595,4,8770,3,683,6,953,9,5362,9,6315,California
Lassen,2021-05-01,5,11053,0,1595,4,8774,1,684,4,957,1,5363,5,6320,California
Lassen,2021-05-02,10,11063,6,1601,4,8778,0,684,6,959,4,5367,6,6326,California
Lassen,2021-05-03,17,11080,2,1603,9,8787,6,690,2,952,15,5382,8,6334,California
Lassen,2021-05-04,73,11153,5,1608,60,8847,8,698,21,929,52,5434,29,6363,California
Lassen,2021-05-05,83,11236,4,1612,67,8914,12,710,26,911,56,5490,38,6401,California
Lassen,2021-05-06,80,11316,21,1633,37,8951,22,732,21,895,59,5549,43,6444,California
Lassen,2021-05-07,49,11365,33,1666,11,8962,5,737,41,933,8,5557,46,6490,California
Lassen,2021-05-08,11,11376,0,1666,5,8967,6,743,4,936,7,5564,10,6500,California
Lassen,2021-05-09,3,11379,1,1667,0,8967,2,745,0,935,3,5567,2,6502,California
Lassen,2021-05-10,12,11391,1,1668,8,8975,3,748,6,938,6,5573,9,6511,California
Lassen,2021-05-11,74,11465,1,1669,62,9037,11,759,20,915,54,5627,31,6542,California
Lassen,2021-05-12,44,11509,4,1673,34,9071,6,765,14,905,30,5657,20,6562,California
Lassen,2021-05-13,36,11545,10,1683,21,9092,5,770,10,894,26,5683,15,6577,California
Lassen,2021-05-14,21,11566,3,1686,10,9102,8,778,10,901,11,5694,18,6595,California
Lassen,2021-05-15,16,11582,2,1688,4,9106,10,788,4,903,12,5706,14,6609,California
Lassen,2021-05-16,7,11589,2,1690,3,9109,2,790,2,903,4,5710,4,6613,California
Lassen,2021-05-17,36,11625,4,1694,20,9129,12,802,10,899,26,5736,22,6635,California
Lassen,2021-05-18,92,11717,11,1705,68,9197,13,815,28,876,64,5800,41,6676,California
Lassen,2021-05-19,59,11776,3,1708,45,9242,11,826,7,842,51,5851,17,6693,California
Lassen,2021-05-20,33,11809,8,1716,16,9258,9,835,11,840,22,5873,20,6713,California
Lassen,2021-05-21,67,11876,33,1749,20,9278,14,849,35,857,32,5905,49,6762,California
Lassen,2021-05-22,17,11893,2,1751,7,9285,8,857,7,862,10,5915,15,6777,California
Lassen,2021-05-23,6,11899,3,1754,1,9286,2,859,0,858,6,5921,2,6779,California
Lassen,2021-05-24,13,11912,1,1755,10,9296,2,861,5,858,7,5928,7,6786,California
Lassen,2021-05-25,99,12011,6,1761,84,9380,9,870,33,834,66,5994,42,6828,California
Lassen,2021-05-26,59,12070,1,1762,42,9422,16,886,11,813,48,6042,27,6855,California
Lassen,2021-05-27,43,12113,17,1779,20,9442,6,892,12,801,30,6072,18,6873,California
Lassen,2021-05-28,74,12187,48,1827,18,9460,8,900,30,795,44,6116,38,6911,California
Lassen,2021-05-29,15,12202,1,1828,12,9472,2,902,8,798,7,6123,10,6921,California
Lassen,2021-05-30,2,12204,0,1828,1,9473,1,903,1,799,1,6124,2,6923,California
Lassen,2021-05-31,7,12211,0,1828,6,9479,1,904,1,795,6,6130,2,6925,California
Lassen,2021-06-01,45,12256,2,1830,36,9515,7,911,15,787,30,6160,22,6947,California
Lassen,2021-06-02,57,12313,2,1832,41,9556,14,925,15,775,41,6201,29,6976,California
Lassen,2021-06-03,20,12333,2,1834,9,9565,9,934,6,776,14,6215,15,6991,California
Lassen,2021-06-04,37,12370,1,1835,24,9589,12,946,12,775,25,6240,24,7015,California
Lassen,2021-06-05,14,12384,3,1838,7,9596,4,950,4,773,10,6250,8,7023,California
Lassen,2021-06-06,5,12389,0,1838,2,9598,3,953,1,773,4,6254,4,7027,California
Lassen,2021-06-07,18,12407,0,1838,9,9607,9,962,3,770,15,6269,12,7039,California
Lassen,2021-06-08,42,12449,9,1847,29,9636,4,966,15,762,27,6296,19,7058,California
Lassen,2021-06-09,18,12467,1,1848,15,9651,2,968,7,761,10,6306,9,7067,California
Lassen,2021-06-10,21,12488,10,1858,8,9659,3,971,11,765,10,6316,14,7081,California
Lassen,2021-06-11,43,12531,29,1887,14,9673,0,971,11,745,32,6348,12,7093,California
Lassen,2021-06-12,5,12536,1,1888,4,9677,0,971,1,742,4,6352,1,7094,California
Lassen,2021-06-13,3,12539,2,1890,1,9678,0,971,1,741,2,6354,1,7095,California
Lassen,2021-06-14,10,12549,2,1892,6,9684,2,973,4,742,5,6359,6,7101,California
Lassen,2021-06-15,48,12597,5,1897,38,9722,5,978,15,729,33,6392,20,7121,California
Lassen,2021-06-16,11,12608,0,1897,6,9728,5,983,6,735,5,6397,11,7132,California
Lassen,2021-06-17,22,12630,10,1907,8,9736,4,987,9,735,13,6410,13,7145,California
Lassen,2021-06-18,45,12675,19,1926,18,9754,8,995,9,716,36,6446,17,7162,California
Lassen,2021-06-19,13,12688,1,1927,10,9764,2,997,5,715,8,6454,7,7169,California
Lassen,2021-06-20,6,12694,2,1929,3,9767,1,998,5,720,1,6455,6,7175,California
Lassen,2021-06-21,14,12708,0,1929,12,9779,2,1000,4,716,10,6465,6,7181,California
Lassen,2021-06-22,36,12744,1,1930,34,9813,1,1001,19,719,17,6482,20,7201,California
Lassen,2021-06-23,17,12761,2,1932,12,9825,3,1004,5,715,12,6494,8,7209,California
Lassen,2021-06-24,26,12787,3,1935,16,9841,7,1011,14,724,12,6506,21,7230,California
Lassen,2021-06-25,21,12808,3,1938,18,9859,0,1011,12,727,9,6515,12,7242,California
Lassen,2021-06-26,6,12814,0,1938,6,9865,0,1011,1,723,5,6520,1,7243,California
Lassen,2021-06-27,1,12815,0,1938,0,9865,1,1012,0,723,1,6521,1,7244,California
Lassen,2021-06-28,13,12828,2,1940,9,9874,2,1014,9,730,4,6525,11,7255,California
Lassen,2021-06-29,30,12858,1,1941,28,9902,1,1015,8,717,22,6547,9,7264,California
Lassen,2021-06-30,29,12887,8,1949,16,9918,5,1020,14,721,15,6562,19,7283,California
Lassen,2021-07-01,26,12913,14,1963,11,9929,1,1021,16,728,10,6572,17,7300,California
Lassen,2021-07-02,28,12941,6,1969,18,9947,4,1025,11,728,15,6587,15,7315,California
Lassen,2021-07-03,5,12946,0,1969,5,9952,0,1025,3,729,2,6589,3,7318,California
Lassen,2021-07-04,1,12947,0,1969,1,9953,0,1025,1,730,0,6589,1,7319,California
Lassen,2021-07-05,9,12956,0,1969,6,9959,3,1028,2,728,7,6596,5,7324,California
Lassen,2021-07-06,27,12983,0,1969,27,9986,0,1028,12,727,13,6609,12,7336,California
Lassen,2021-07-07,18,13001,5,1974,12,9998,1,1029,8,726,10,6619,9,7345,California
Lassen,2021-07-08,30,13031,22,1996,8,10006,0,1029,22,740,8,6627,22,7367,California
Lassen,2021-07-09,26,13057,5,2001,18,10024,3,1032,16,749,10,6637,19,7386,California
Lassen,2021-07-10,1,13058,0,2001,1,10025,0,1032,0,748,1,6638,0,7386,California
Lassen,2021-07-11,1,13059,1,2002,0,10025,0,1032,0,747,1,6639,0,7386,California
Los Angeles,2020-12-15,399,399,399,399,0,0,0,0,399,399,0,0,399,399,California
Los Angeles,2020-12-16,3604,4003,3604,4003,0,0,0,0,3604,4003,0,0,3604,4003,California
Los Angeles,2020-12-17,10434,14437,10434,14437,0,0,0,0,10435,14438,0,0,10435,14438,California
Los Angeles,2020-12-18,14816,29253,14790,29227,26,26,0,0,14816,29254,0,0,14816,29254,California
Los Angeles,2020-12-19,7317,36570,7308,36535,9,35,0,0,7319,36573,0,0,7319,36573,California
Los Angeles,2020-12-20,4678,41248,4667,41202,11,46,0,0,4680,41253,0,0,4680,41253,California
Los Angeles,2020-12-21,13790,55038,13773,54975,17,63,0,0,13792,55044,1,1,13792,55045,California
Los Angeles,2020-12-22,11620,66658,11227,66202,393,456,0,0,11620,66662,2,3,11620,66665,California
Los Angeles,2020-12-23,12034,78692,10253,76455,1781,2237,0,0,12035,78697,0,3,12035,78700,California
Los Angeles,2020-12-24,7073,85765,4281,80736,2792,5029,0,0,7076,85773,0,3,7076,85776,California
Los Angeles,2020-12-25,530,86295,423,81159,107,5136,0,0,531,86304,0,3,531,86307,California
Los Angeles,2020-12-26,2556,88851,2200,83359,356,5492,0,0,2555,88857,2,5,2555,88862,California
Los Angeles,2020-12-27,1791,90642,1051,84410,740,6232,0,0,1791,90648,0,5,1791,90653,California
Los Angeles,2020-12-28,10420,101062,6454,90864,3966,10198,0,0,10417,101064,1,6,10417,101070,California
Los Angeles,2020-12-29,11711,112773,6137,97001,5574,15772,0,0,11711,112774,1,7,11711,112781,California
Los Angeles,2020-12-30,14989,127762,8148,105149,6841,22613,0,0,14988,127762,0,7,14988,127769,California
Los Angeles,2020-12-31,8070,135832,2785,107934,5285,27898,0,0,8064,135821,5,12,8064,135833,California
Los Angeles,2021-01-01,1104,136936,325,108259,779,28677,0,0,1102,136921,2,14,1102,136935,California
Los Angeles,2021-01-02,4519,141455,1690,109949,2829,31506,0,0,4518,141439,0,14,4518,141453,California
Los Angeles,2021-01-03,974,142429,230,110179,744,32250,0,0,972,142409,2,16,972,142425,California
Los Angeles,2021-01-04,12837,155266,4923,115102,7914,40164,0,0,12821,155228,2,18,12821,155246,California
Los Angeles,2021-01-05,16157,171423,7141,122243,9016,49180,0,0,14206,167523,1921,1939,14216,169462,California
Los Angeles,2021-01-06,22851,194274,12148,134391,10703,59883,0,0,17143,179037,5639,7578,17153,186615,California
Los Angeles,2021-01-07,29916,224190,16160,150551,13756,73639,0,0,19002,187189,10867,18445,19019,205634,California
Los Angeles,2021-01-08,33672,257862,18281,168832,15391,89030,0,0,21150,195857,12494,30939,21162,226796,California
Los Angeles,2021-01-09,12587,270449,7224,176056,5363,94393,0,0,7626,198533,4958,35897,7634,234430,California
Los Angeles,2021-01-10,4792,275241,3720,179776,1072,95465,0,0,2007,197756,2785,38682,2008,236438,California
Los Angeles,2021-01-11,26072,301313,16409,196185,9663,105128,0,0,15067,201842,10992,49674,15078,251516,California
Los Angeles,2021-01-12,29573,330886,16278,212463,13295,118423,0,0,19344,210985,10214,59888,19357,270873,California
Los Angeles,2021-01-13,29684,360570,15912,228375,13772,132195,0,0,20646,222617,9021,68909,20653,291526,California
Los Angeles,2021-01-14,29487,390057,12759,241134,16728,148923,0,0,23906,240974,5562,74471,23919,315445,California
Los Angeles,2021-01-15,34206,424263,12445,253579,21761,170684,0,0,30581,267968,3598,78069,30592,346037,California
Los Angeles,2021-01-16,17867,442130,5019,258598,12848,183532,0,0,16065,282247,1793,79862,16072,362109,California
Los Angeles,2021-01-17,5276,447406,2358,260956,2918,186450,0,0,5013,287000,262,80124,5015,367124,California
Los Angeles,2021-01-18,15807,463213,10171,271127,5636,192086,0,0,11052,293314,4742,84866,11056,378180,California
Los Angeles,2021-01-19,38928,502141,20704,291831,18224,210310,0,0,31046,316534,7841,92707,31061,409241,California
Los Angeles,2021-01-20,47274,549415,24775,316606,22499,232809,0,0,39594,348495,7646,100353,39607,448848,California
Los Angeles,2021-01-21,49401,598816,22693,339299,26708,259517,0,0,45033,389252,4294,104647,45051,493899,California
Los Angeles,2021-01-22,48638,647454,22493,361792,26145,285662,0,0,45102,430884,3487,108134,45119,539018,California
Los Angeles,2021-01-23,34372,681826,15823,377615,18549,304211,0,0,32255,461071,2082,110216,32269,571287,California
Los Angeles,2021-01-24,15764,697590,12186,389801,3578,307789,0,0,15202,475724,552,110768,15205,586492,California
Los Angeles,2021-01-25,39754,737344,16775,406576,22979,330768,0,0,31004,498036,8708,119476,31020,617512,California
Los Angeles,2021-01-26,49903,787247,24771,431347,25132,355900,0,0,41497,531189,8365,127841,41518,659030,California
Los Angeles,2021-01-27,51175,838422,25961,457308,25214,381114,0,0,41587,563365,9438,137279,41614,700644,California
Los Angeles,2021-01-28,49281,887703,23555,480863,25726,406840,0,0,40657,595546,8492,145771,40673,741317,California
Los Angeles,2021-01-29,50136,937839,25791,506654,24345,431185,0,0,39756,625309,10010,155781,39773,781090,California
Los Angeles,2021-01-30,30448,968287,15601,522255,14847,446032,0,0,26049,647050,4314,160095,26055,807145,California
Los Angeles,2021-01-31,12889,981176,10094,532349,2795,448827,0,0,11961,658103,912,161007,11965,819110,California
Los Angeles,2021-02-01,38876,1020052,16388,548737,22488,471315,0,0,28037,675365,10787,171794,28049,847159,California
Los Angeles,2021-02-02,45158,1065210,18079,566816,27079,498394,0,0,32608,695484,12495,184289,32614,879773,California
Los Angeles,2021-02-03,52624,1117834,19511,586327,33113,531507,0,0,37454,718034,14916,199205,37466,917239,California
Los Angeles,2021-02-04,57655,1175489,20675,607002,36980,568487,0,0,39250,739244,18054,217259,39264,956503,California
Los Angeles,2021-02-05,62002,1237491,21039,628041,40963,609450,0,0,39575,756871,21964,239223,39591,996094,California
Los Angeles,2021-02-06,35873,1273364,13448,641489,22425,631875,0,0,27242,775586,8550,247773,27265,1023359,California
Los Angeles,2021-02-07,11038,1284402,8525,650014,2513,634388,0,0,8601,781779,2416,250189,8609,1031968,California
Los Angeles,2021-02-08,47432,1331834,21883,671897,25549,659937,0,0,30929,796361,16353,266542,30935,1062903,California
Los Angeles,2021-02-09,56398,1388232,24792,696689,31606,691543,0,0,28511,797116,27768,294310,28523,1091426,California
Los Angeles,2021-02-10,67702,1455934,29619,726308,38083,729626,0,0,30537,790907,36764,331074,30555,1121981,California
Los Angeles,2021-02-11,58920,1514854,31427,757735,27493,757119,0,0,28216,788928,30205,361279,28226,1150207,California
Los Angeles,2021-02-12,60831,1575685,30147,787882,30684,787803,0,0,26520,781564,33907,395186,26543,1176750,California
Los Angeles,2021-02-13,34255,1609940,20013,807895,14242,802045,0,0,15538,778547,18610,413796,15593,1192343,California
Los Angeles,2021-02-14,22050,1631990,15054,822949,6996,809041,0,0,8834,774243,13147,426943,8843,1201186,California
Los Angeles,2021-02-15,33328,1665318,16159,839108,17169,826210,0,0,18216,777450,15026,441969,18233,1219419,California
Los Angeles,2021-02-16,64912,1730230,32997,872105,31915,858125,0,0,29926,772530,34863,476832,29943,1249362,California
Los Angeles,2021-02-17,65792,1796022,35089,907194,30703,888828,0,0,26622,760223,38944,515776,26637,1275999,California
Los Angeles,2021-02-18,69399,1865421,35293,942487,34106,922934,0,0,28782,748628,40398,556174,28803,1304802,California
Los Angeles,2021-02-19,59702,1925123,36766,979253,22936,945870,0,0,29040,747187,30501,586675,29060,1333862,California
Los Angeles,2021-02-20,33753,1958876,24575,1003828,9178,955048,0,0,16175,745891,17496,604171,16200,1350062,California
Los Angeles,2021-02-21,22823,1981699,21071,1024899,1752,956800,0,0,11426,746003,11320,615491,11432,1361494,California
Los Angeles,2021-02-22,36772,2018471,26854,1051753,9918,966718,0,0,18732,746845,17913,633404,18755,1380249,California
Los Angeles,2021-02-23,57809,2076280,24744,1076497,33065,999783,0,0,22338,733972,35240,668644,22367,1402616,California
Los Angeles,2021-02-24,67886,2144166,30341,1106838,37545,1037328,0,0,28930,724258,38681,707325,28967,1431583,California
Los Angeles,2021-02-25,76798,2220964,35234,1142072,41564,1078892,0,0,39282,726300,37275,744600,39317,1470900,California
Los Angeles,2021-02-26,86096,2307060,39840,1181912,46256,1125148,0,0,48088,736709,37727,782327,48136,1519036,California
Los Angeles,2021-02-27,61984,2369044,26952,1208864,35023,1160171,9,9,31256,737488,30522,812849,31301,1550337,California
Los Angeles,2021-02-28,27129,2396173,18678,1227542,8448,1168619,3,12,19001,748504,8005,820854,19021,1569358,California
Los Angeles,2021-03-01,57838,2454011,32778,1260320,25014,1193633,46,58,34680,760347,22918,843772,34761,1604119,California
Los Angeles,2021-03-02,78670,2532681,38156,1298476,40505,1234138,9,67,49565,781034,28923,872695,49610,1653729,California
Los Angeles,2021-03-03,86454,2619135,44326,1342802,42109,1276247,19,86,54744,804343,31489,904184,54798,1708527,California
Los Angeles,2021-03-04,92364,2711499,47295,1390097,45052,1321299,17,103,58378,829012,33764,937948,58433,1766960,California
Los Angeles,2021-03-05,91025,2802524,44898,1434995,46093,1367392,34,137,60796,859927,29988,967936,60903,1827863,California
Los Angeles,2021-03-06,67750,2870274,34550,1469545,31351,1398743,1849,1986,43624,881443,23961,991897,45477,1873340,California
Los Angeles,2021-03-07,28499,2898773,20962,1490507,5923,1404666,1614,3600,21441,897477,7016,998913,23050,1896390,California
Los Angeles,2021-03-08,54862,2953635,29557,1520064,23219,1427885,2086,5686,41389,927611,13347,1012260,43481,1939871,California
Los Angeles,2021-03-09,82311,3035946,39193,1559257,39774,1467659,3344,9030,52334,953471,29805,1042065,55665,1995536,California
Los Angeles,2021-03-10,83801,3119747,41256,1600513,37645,1505304,4900,13930,52990,980713,30602,1072667,57844,2053380,California
Los Angeles,2021-03-11,93887,3213634,46141,1646654,40985,1546289,6761,20691,54923,1003600,38740,1111407,61627,2115007,California
Los Angeles,2021-03-12,99877,3313511,45273,1691927,40668,1586957,13936,34627,58244,1034290,41386,1152793,72076,2187083,California
Los Angeles,2021-03-13,76053,3389564,35923,1727850,28125,1615082,12005,46632,45271,1060828,30652,1183445,57190,2244273,California
Los Angeles,2021-03-14,39271,3428835,26384,1754234,10326,1625408,2561,49193,23930,1072040,15257,1198702,26469,2270742,California
Los Angeles,2021-03-15,75763,3504598,37244,1791478,33050,1658458,5469,54662,45544,1093028,29985,1228687,50973,2321715,California
Los Angeles,2021-03-16,100627,3605225,44289,1835767,50452,1708910,5886,60548,64843,1128157,35535,1264222,70664,2392379,California
Los Angeles,2021-03-17,98321,3703546,44968,1880735,45022,1753932,8331,68879,65676,1169588,32399,1296621,73830,2466209,California
Los Angeles,2021-03-18,103763,3807309,49839,1930574,48335,1802267,5589,74468,65198,1202122,38222,1334843,70756,2536965,California
Los Angeles,2021-03-19,110095,3917404,57615,1988189,47674,1849941,4806,79274,67301,1231685,42480,1377323,72043,2609008,California
Los Angeles,2021-03-20,77114,3994518,37965,2026154,34531,1884472,4618,83892,52242,1263861,24660,1401983,56836,2665844,California
Los Angeles,2021-03-21,35028,4029546,26071,2052225,8050,1892522,907,84799,22391,1274656,12500,1414483,23295,2689139,California
Los Angeles,2021-03-22,71513,4101059,42154,2094379,27180,1919702,2179,86978,49975,1305571,21233,1435716,52148,2741287,California
Los Angeles,2021-03-23,97287,4198346,52824,2147203,41211,1960913,3252,90230,58475,1328766,38514,1474230,61709,2802996,California
Los Angeles,2021-03-24,105685,4304031,56212,2203415,46296,2007209,3177,93407,60390,1347383,44931,1519161,63548,2866544,California
Los Angeles,2021-03-25,111554,4415585,59951,2263366,47688,2054897,3915,97322,62128,1364321,49077,1568238,66015,2932559,California
Los Angeles,2021-03-26,115977,4531562,63569,2326935,48160,2103057,4248,101570,63602,1380089,52041,1620279,67809,3000368,California
Los Angeles,2021-03-27,84015,4615577,44168,2371103,37703,2140760,2144,103714,42685,1383889,41028,1661307,44828,3045196,California
Los Angeles,2021-03-28,42383,4657960,28742,2399845,13054,2153814,587,104301,20084,1382404,22156,1683463,20671,3065867,California
Los Angeles,2021-03-29,83600,4741560,47109,2446954,34706,2188520,1785,106086,46138,1393117,37203,1720666,47916,3113783,California
Los Angeles,2021-03-30,109728,4851288,52536,2499490,51246,2239766,5946,112032,56952,1403473,52494,1773160,62850,3176633,California
Los Angeles,2021-03-31,123323,4974611,62411,2561901,52068,2291834,8844,120876,68383,1426040,54587,1827747,77154,3253787,California
Los Angeles,2021-04-01,134333,5108944,63057,2624958,55780,2347614,15496,136372,71608,1450712,62305,1890052,86977,3340764,California
Los Angeles,2021-04-02,133277,5242221,59679,2684637,57984,2405598,15614,151986,70431,1474229,62456,1952508,85973,3426737,California
Los Angeles,2021-04-03,98995,5341216,45368,2730005,39934,2445532,13693,165679,48684,1486406,50095,2002603,62272,3489009,California
Los Angeles,2021-04-04,39348,5380564,20623,2750628,12080,2457612,6645,172324,16360,1486479,22884,2025487,22957,3511966,California
Los Angeles,2021-04-05,94712,5475276,44832,2795460,39460,2497072,10420,182744,44398,1491135,50069,2075556,54725,3566691,California
Los Angeles,2021-04-06,121992,5597268,57567,2853027,44017,2541089,20408,203152,55720,1501130,65981,2141537,75976,3642667,California
Los Angeles,2021-04-07,121455,5718723,55344,2908371,44802,2585891,21309,224461,54553,1510219,66602,2208139,75691,3718358,California
Los Angeles,2021-04-08,134030,5852753,59081,2967452,50652,2636543,24297,248758,60098,1520849,73566,2281705,84196,3802554,California
Los Angeles,2021-04-09,132943,5985696,57713,3025165,51035,2687578,24195,272953,56706,1525671,75875,2357580,80697,3883251,California
Los Angeles,2021-04-10,102243,6087939,43211,3068376,34771,2722349,24261,297214,37413,1522619,64563,2422143,61511,3944762,California
Los Angeles,2021-04-11,42030,6129969,22725,3091101,9901,2732250,9404,306618,14462,1518947,27467,2449610,23795,3968557,California
Los Angeles,2021-04-12,79909,6209878,39029,3130130,34375,2766625,6505,313123,32614,1510941,47051,2496661,39045,4007602,California
Los Angeles,2021-04-13,118674,6328552,59876,3190006,58363,2824988,435,313558,62677,1518356,55705,2552366,63120,4070722,California
Los Angeles,2021-04-14,120480,6449032,60330,3250336,60016,2885004,134,313692,65180,1528693,54978,2607344,65315,4136037,California
Los Angeles,2021-04-15,131931,6580963,71331,3321667,60400,2945404,200,313892,75317,1547812,56269,2663613,75388,4211425,California
Los Angeles,2021-04-16,132038,6713001,69738,3391405,62155,3007559,145,314037,69460,1555165,62190,2725803,69543,4280968,California
Los Angeles,2021-04-17,99880,6812881,52271,3443676,47583,3055142,26,314063,56882,1569344,42726,2768529,56905,4337873,California
Los Angeles,2021-04-18,35842,6848723,24201,3467877,11640,3066782,1,314064,19587,1572781,16159,2784688,19596,4357469,California
Los Angeles,2021-04-19,77638,6926361,40646,3508523,36974,3103756,18,314082,34817,1565045,42583,2827271,34847,4392316,California
Los Angeles,2021-04-20,105986,7032347,52566,3561089,53389,3157145,31,314113,52361,1564121,53323,2880594,52399,4444715,California
Los Angeles,2021-04-21,115099,7147446,56387,3617476,58521,3215666,191,314304,51046,1551730,63635,2944229,51244,4495959,California
Los Angeles,2021-04-22,118946,7266392,61859,3679335,57053,3272719,34,314338,52422,1538061,66138,3010367,52469,4548428,California
Los Angeles,2021-04-23,118456,7384848,65107,3744442,53326,3326045,23,314361,56470,1532935,61628,3071995,56502,4604930,California
Los Angeles,2021-04-24,90549,7475397,57523,3801965,32984,3359029,42,314403,50388,1543484,39893,3111888,50442,4655372,California
Los Angeles,2021-04-25,38020,7513417,25184,3827149,12830,3371859,6,314409,20449,1546499,17440,3129328,20455,4675827,California
Los Angeles,2021-04-26,79255,7592672,41345,3868494,37398,3409257,512,314921,39080,1546175,39914,3169242,39590,4715417,California
Los Angeles,2021-04-27,95578,7688250,46007,3914501,47573,3456830,1998,316919,37080,1527062,58180,3227422,39067,4754484,California
Los Angeles,2021-04-28,88072,7776322,42745,3957246,43219,3500049,2108,319027,34845,1511165,52844,3280266,36947,4791431,California
Los Angeles,2021-04-29,94672,7870994,47393,4004639,45065,3545114,2214,321241,34291,1487723,59941,3340207,36499,4827930,California
Los Angeles,2021-04-30,102625,7973619,50891,4055530,49270,3594384,2464,323705,37768,1463573,64363,3404570,40213,4868143,California
Los Angeles,2021-05-01,75908,8049527,42449,4097979,31897,3626281,1562,325267,28609,1446802,46934,3451504,30163,4898306,California
Los Angeles,2021-05-02,28112,8077639,18050,4116029,9320,3635601,742,326009,10176,1439911,17806,3469310,10915,4909221,California
Los Angeles,2021-05-03,62628,8140267,30423,4146452,29963,3665564,2242,328251,22770,1425340,39562,3508872,24991,4934212,California
Los Angeles,2021-05-04,88702,8228969,49461,4195913,36944,3702508,2297,330548,27685,1394620,60683,3569555,29963,4964175,California
Los Angeles,2021-05-05,91655,8320624,53679,4249592,35574,3738082,2402,332950,25440,1356620,65833,3635388,27833,4992008,California
Los Angeles,2021-05-06,98689,8419313,59706,4309298,36463,3774545,2520,335470,23606,1308056,74674,3710062,26110,5018118,California
Los Angeles,2021-05-07,98532,8517845,58358,4367656,37796,3812341,2378,337848,27179,1266638,70953,3781015,29535,5047653,California
Los Angeles,2021-05-08,67000,8584845,43976,4411632,21244,3833585,1780,339628,18624,1239014,48019,3829034,20395,5068048,California
Los Angeles,2021-05-09,24515,8609360,18835,4430467,4936,3838521,744,340372,6174,1227690,18233,3847267,6909,5074957,California
Los Angeles,2021-05-10,50819,8660179,26956,4457423,21955,3860476,1908,342280,15563,1210158,34997,3882264,17465,5092422,California
Los Angeles,2021-05-11,71559,8731738,39043,4496466,30363,3890839,2153,344433,18762,1178535,52518,3934782,20895,5113317,California
Los Angeles,2021-05-12,72753,8804491,39842,4536308,30593,3921432,2318,346751,20477,1149360,51943,3986725,22768,5136085,California
Los Angeles,2021-05-13,78510,8883001,47351,4583659,29420,3950852,1739,348490,27992,1128976,50103,4036828,29719,5165804,California
Los Angeles,2021-05-14,89855,8972856,57217,4640876,30758,3981610,1880,350370,33908,1109176,55576,4092404,35776,5201580,California
Los Angeles,2021-05-15,76634,9049490,53623,4694499,21457,4003067,1554,351924,29820,1094034,46505,4138909,31363,5232943,California
Los Angeles,2021-05-16,31085,9080575,24643,4719142,5827,4008894,615,352539,12373,1088416,18603,4157512,12985,5245928,California
Los Angeles,2021-05-17,62144,9142719,40259,4759401,20103,4028997,1782,354321,24933,1078153,36954,4194466,26691,5272619,California
Los Angeles,2021-05-18,65381,9208100,38713,4798114,24826,4053823,1842,356163,25727,1066324,39365,4233831,27536,5300155,California
Los Angeles,2021-05-19,67664,9275764,40779,4838893,25036,4078859,1849,358012,28813,1058403,38565,4272396,30644,5330799,California
Los Angeles,2021-05-20,66691,9342455,37350,4876243,27255,4106114,2086,360098,25215,1044616,41075,4313471,27288,5358087,California
Los Angeles,2021-05-21,70236,9412691,42618,4918861,25540,4131654,2078,362176,27228,1031312,42599,4356070,29295,5387382,California
Los Angeles,2021-05-22,57584,9470275,37453,4956314,18474,4150128,1657,363833,23430,1022482,33907,4389977,25077,5412459,California
Los Angeles,2021-05-23,24377,9494652,17011,4973325,6522,4156650,844,364677,10800,1020675,13447,4403424,11640,5424099,California
Los Angeles,2021-05-24,49132,9543784,27162,5000487,20113,4176763,1857,366534,18585,1010809,30291,4433715,20425,5444524,California
Los Angeles,2021-05-25,49923,9593707,28864,5029351,19281,4196044,1778,368312,19199,1001323,30454,4464169,20968,5465492,California
Los Angeles,2021-05-26,47271,9640978,26703,5056054,18714,4214758,1854,370166,19752,995717,27091,4491260,21485,5486977,California
Los Angeles,2021-05-27,45592,9686570,25475,5081529,18278,4233036,1839,372005,18823,989845,26516,4517776,20644,5507621,California
Los Angeles,2021-05-28,52443,9739013,29715,5111244,20829,4253865,1899,373904,23266,986145,28851,4546627,25151,5532772,California
Los Angeles,2021-05-29,30763,9769776,17847,5129091,11870,4265735,1046,374950,14383,985381,16180,4562807,15416,5548188,California
Los Angeles,2021-05-30,12516,9782292,8205,5137296,3574,4269309,737,375687,5795,985243,6664,4569471,6526,5554714,California
Los Angeles,2021-05-31,6058,9788350,3747,5141043,2005,4271314,306,375993,1727,983008,4265,4573736,2030,5556744,California
Los Angeles,2021-06-01,46380,9834730,25975,5167018,18831,4290145,1574,377567,17023,972580,28999,4602735,18571,5575315,California
Los Angeles,2021-06-02,38645,9873375,22339,5189357,14849,4304994,1457,379024,15125,965901,23233,4625968,16554,5591869,California
Los Angeles,2021-06-03,42887,9916262,28395,5217752,12926,4317920,1566,380590,14731,954314,27866,4653834,16279,5608148,California
Los Angeles,2021-06-04,52446,9968708,35413,5253165,15346,4333266,1687,382277,16560,937019,35518,4689352,18223,5626371,California
Los Angeles,2021-06-05,42643,10011351,30539,5283704,10719,4343985,1385,383662,12412,920759,30039,4719391,13779,5640150,California
Los Angeles,2021-06-06,14834,10026185,12244,5295948,1849,4345834,741,384403,3997,914725,10765,4730156,4731,5644881,California
Los Angeles,2021-06-07,37027,10063212,26429,5322377,9144,4354978,1454,385857,11799,902933,25025,4755181,13233,5658114,California
Los Angeles,2021-06-08,38467,10101679,26503,5348880,10369,4365347,1595,387452,12801,891956,25359,4780540,14382,5672496,California
Los Angeles,2021-06-09,39989,10141668,28251,5377131,10215,4375562,1523,388975,11788,877315,27924,4808464,13283,5685779,California
Los Angeles,2021-06-10,36709,10178377,25400,5402531,9701,4385263,1608,390583,11587,865609,24882,4833346,13176,5698955,California
Los Angeles,2021-06-11,41305,10219682,28296,5430827,11337,4396600,1672,392255,13514,853299,27481,4860827,15171,5714126,California
Los Angeles,2021-06-12,33475,10253157,24117,5454944,8140,4404740,1218,393473,10341,841881,22964,4883791,11546,5725672,California
Los Angeles,2021-06-13,11532,10264689,8259,5463203,2636,4407376,637,394110,2617,836277,8852,4892643,3248,5728920,California
Los Angeles,2021-06-14,32798,10297487,23586,5486789,7836,4415212,1376,395486,11516,828069,21079,4913722,12871,5741791,California
Los Angeles,2021-06-15,33969,10331456,22786,5509575,9477,4424689,1706,397192,11841,819822,21766,4935488,13519,5755310,California
Los Angeles,2021-06-16,32362,10363818,22362,5531937,8252,4432941,1748,398940,11383,812196,20746,4956234,13120,5768430,California
Los Angeles,2021-06-17,29753,10393571,19944,5551881,8071,4441012,1738,400678,10890,806212,18596,4974830,12612,5781042,California
Los Angeles,2021-06-18,35368,10428939,24346,5576227,9070,4450082,1952,402630,12501,798156,22488,4997318,14432,5795474,California
Los Angeles,2021-06-19,22347,10451286,15090,5591317,5888,4455970,1369,403999,8493,794376,13621,5010939,9841,5805315,California
Los Angeles,2021-06-20,8447,10459733,5952,5597269,2005,4457975,490,404489,3066,792617,5313,5016252,3554,5808869,California
Los Angeles,2021-06-21,19150,10478883,11775,5609044,6000,4463975,1375,405864,10275,795497,8757,5025009,11637,5820506,California
Los Angeles,2021-06-22,26238,10505121,17703,5626747,7019,4470994,1516,407380,10149,791250,15906,5040915,11659,5832165,California
Los Angeles,2021-06-23,24939,10530060,17159,5643906,6383,4477377,1397,408777,10007,787880,14755,5055670,11385,5843550,California
Los Angeles,2021-06-24,24732,10554792,17031,5660937,6095,4483472,1606,410383,9554,784041,14962,5070632,11123,5854673,California
Los Angeles,2021-06-25,29327,10584119,20440,5681377,7276,4490748,1611,411994,11993,780501,17123,5087755,13583,5868256,California
Los Angeles,2021-06-26,19940,10604059,14508,5695885,4416,4495164,1016,413010,8273,778216,11557,5099312,9272,5877528,California
Los Angeles,2021-06-27,8591,10612650,6254,5702139,1905,4497069,432,413442,3630,777376,4892,5104204,4052,5881580,California
Los Angeles,2021-06-28,20055,10632705,15452,5717591,3369,4500438,1234,414676,8762,776200,11162,5115366,9986,5891566,California
Los Angeles,2021-06-29,22415,10655120,15396,5732987,5951,4506389,1068,415744,9838,774674,12420,5127786,10894,5902460,California
Los Angeles,2021-06-30,22151,10677271,15642,5748629,5426,4511815,1083,416827,9983,773728,11996,5139782,11050,5913510,California
Los Angeles,2021-07-01,19940,10697211,14200,5762829,4738,4516553,1002,417829,8987,772870,10835,5150617,9977,5923487,California
Los Angeles,2021-07-02,23504,10720715,16623,5779452,5771,4522324,1110,418939,10604,771827,12739,5163356,11696,5935183,California
Los Angeles,2021-07-03,13546,10734261,9559,5789011,3491,4525815,496,419435,6177,771236,7258,5170614,6667,5941850,California
Los Angeles,2021-07-04,754,10735015,390,5789401,316,4526131,48,419483,350,771240,393,5171007,397,5942247,California
Los Angeles,2021-07-05,11070,10746085,8062,5797463,2734,4528865,274,419757,5157,770837,5836,5176843,5433,5947680,California
Los Angeles,2021-07-06,23870,10769955,17177,5814640,5532,4534397,1161,420918,9181,766646,14526,5191369,10335,5958015,California
Los Angeles,2021-07-07,20164,10790119,14311,5828951,4754,4539151,1099,422017,8513,764723,11520,5202889,9597,5967612,California
Los Angeles,2021-07-08,18036,10808155,12962,5841913,4317,4543468,757,422774,7745,763044,10175,5213064,8496,5976108,California
Los Angeles,2021-07-09,21078,10829233,15118,5857031,5032,4548500,928,423702,9291,761611,11639,5224703,10206,5986314,California
Los Angeles,2021-07-10,14615,10843848,10729,5867760,3421,4551921,465,424167,6530,760629,7977,5232680,6995,5993309,California
Los Angeles,2021-07-11,4889,10848737,3146,5870906,1496,4553417,247,424414,2288,760611,2553,5235233,2535,5995844,California
Madera,2020-12-16,22,22,22,22,0,0,0,0,22,22,0,0,22,22,California
Madera,2020-12-17,12,34,12,34,0,0,0,0,12,34,0,0,12,34,California
Madera,2020-12-18,61,95,61,95,0,0,0,0,61,95,0,0,61,95,California
Madera,2020-12-19,5,100,5,100,0,0,0,0,5,100,0,0,5,100,California
Madera,2020-12-20,14,114,14,114,0,0,0,0,14,114,0,0,14,114,California
Madera,2020-12-21,60,174,60,174,0,0,0,0,60,174,0,0,60,174,California
Madera,2020-12-22,97,271,95,269,2,2,0,0,97,271,0,0,97,271,California
Madera,2020-12-23,67,338,67,336,0,2,0,0,67,338,0,0,67,338,California
Madera,2020-12-24,45,383,40,376,5,7,0,0,45,383,0,0,45,383,California
Madera,2020-12-26,27,410,26,402,1,8,0,0,27,410,0,0,27,410,California
Madera,2020-12-27,30,440,12,414,18,26,0,0,30,440,0,0,30,440,California
Madera,2020-12-28,107,547,36,450,71,97,0,0,107,547,0,0,107,547,California
Madera,2020-12-29,176,723,37,487,139,236,0,0,176,723,0,0,176,723,California
Madera,2020-12-30,226,949,90,577,136,372,0,0,226,949,0,0,226,949,California
Madera,2020-12-31,203,1152,81,658,122,494,0,0,203,1152,0,0,203,1152,California
Madera,2021-01-01,2,1154,1,659,1,495,0,0,2,1154,0,0,2,1154,California
Madera,2021-01-02,90,1244,33,692,57,552,0,0,90,1244,0,0,90,1244,California
Madera,2021-01-03,4,1248,4,696,0,552,0,0,4,1248,0,0,4,1248,California
Madera,2021-01-04,130,1378,66,762,64,616,0,0,130,1378,0,0,130,1378,California
Madera,2021-01-05,281,1659,144,906,137,753,0,0,277,1651,4,4,277,1655,California
Madera,2021-01-06,184,1843,27,933,157,910,0,0,164,1795,20,24,164,1819,California
Madera,2021-01-07,400,2243,116,1049,284,1194,0,0,377,2150,23,47,378,2197,California
Madera,2021-01-08,420,2663,72,1121,348,1542,0,0,365,2462,54,101,366,2563,California
Madera,2021-01-09,38,2701,14,1135,24,1566,0,0,29,2482,9,110,29,2592,California
Madera,2021-01-10,17,2718,14,1149,3,1569,0,0,5,2475,12,122,5,2597,California
Madera,2021-01-11,238,2956,190,1339,48,1617,0,0,197,2631,41,163,197,2794,California
Madera,2021-01-12,388,3344,157,1496,231,1848,0,0,284,2811,104,267,284,3078,California
Madera,2021-01-13,184,3528,91,1587,93,1941,0,0,128,2884,56,323,129,3207,California
Madera,2021-01-14,557,4085,84,1671,473,2414,0,0,523,3373,34,357,523,3730,California
Madera,2021-01-15,599,4684,160,1831,439,2853,0,0,577,3928,22,379,577,4307,California
Madera,2021-01-16,381,5065,48,1879,333,3186,0,0,353,4253,28,407,353,4660,California
Madera,2021-01-17,334,5399,15,1894,319,3505,0,0,330,4579,4,411,330,4990,California
Madera,2021-01-18,77,5476,61,1955,16,3521,0,0,58,4619,18,429,58,5048,California
Madera,2021-01-19,566,6042,133,2088,433,3954,0,0,540,5134,26,455,541,5589,California
Madera,2021-01-20,341,6383,184,2272,157,4111,0,0,245,5284,95,550,245,5834,California
Madera,2021-01-21,292,6675,184,2456,108,4219,0,0,227,5448,63,613,227,6061,California
Madera,2021-01-22,261,6936,84,2540,177,4396,0,0,244,5675,17,630,244,6305,California
Madera,2021-01-23,101,7037,53,2593,48,4444,0,0,77,5728,24,654,77,6382,California
Madera,2021-01-24,100,7137,81,2674,19,4463,0,0,78,5784,22,676,78,6460,California
Madera,2021-01-25,266,7403,123,2797,143,4606,0,0,142,5802,124,800,142,6602,California
Madera,2021-01-26,494,7897,191,2988,303,4909,0,0,301,5912,192,992,302,6904,California
Madera,2021-01-27,755,8652,73,3061,682,5591,0,0,617,6393,138,1130,619,7523,California
Madera,2021-01-28,552,9204,112,3173,440,6031,0,0,446,6734,106,1236,447,7970,California
Madera,2021-01-29,472,9676,94,3267,378,6409,0,0,417,7096,55,1291,417,8387,California
Madera,2021-01-30,505,10181,18,3285,487,6896,0,0,451,7493,54,1345,451,8838,California
Madera,2021-01-31,8,10189,5,3290,3,6899,0,0,7,7499,1,1346,7,8845,California
Madera,2021-02-01,333,10522,148,3438,185,7084,0,0,209,7584,124,1470,209,9054,California
Madera,2021-02-02,256,10778,93,3531,163,7247,0,0,163,7656,92,1562,164,9218,California
Madera,2021-02-03,598,11376,459,3990,139,7386,0,0,479,8019,117,1679,480,9698,California
Madera,2021-02-04,399,11775,126,4116,273,7659,0,0,117,7856,281,1960,118,9816,California
Madera,2021-02-05,981,12756,300,4416,681,8340,0,0,372,7626,603,2563,373,10189,California
Madera,2021-02-06,368,13124,330,4746,38,8378,0,0,326,7911,41,2604,326,10515,California
Madera,2021-02-07,35,13159,7,4753,28,8406,0,0,30,7936,5,2609,30,10545,California
Madera,2021-02-08,387,13546,310,5063,77,8483,0,0,270,8090,116,2725,270,10815,California
Madera,2021-02-09,483,14029,118,5181,365,8848,0,0,198,8008,282,3007,200,11015,California
Madera,2021-02-10,434,14463,150,5331,284,9132,0,0,281,8138,151,3158,281,11296,California
Madera,2021-02-11,935,15398,305,5636,630,9762,0,0,399,8004,534,3692,400,11696,California
Madera,2021-02-12,851,16249,121,5757,730,10492,0,0,315,7792,530,4222,318,12014,California
Madera,2021-02-13,483,16732,45,5802,438,10930,0,0,136,7585,346,4568,139,12153,California
Madera,2021-02-14,402,17134,74,5876,328,11258,0,0,136,7456,266,4834,137,12290,California
Madera,2021-02-15,245,17379,98,5974,147,11405,0,0,176,7565,67,4901,176,12466,California
Madera,2021-02-16,780,18159,185,6159,595,12000,0,0,229,7246,549,5450,230,12696,California
Madera,2021-02-17,623,18782,285,6444,338,12338,0,0,344,7320,272,5722,346,13042,California
Madera,2021-02-18,1307,20089,544,6988,763,13101,0,0,1123,8261,183,5905,1124,14166,California
Madera,2021-02-19,869,20958,552,7540,317,13418,0,0,723,8840,145,6050,724,14890,California
Madera,2021-02-20,1081,22039,987,8527,94,13512,0,0,1004,9769,76,6126,1005,15895,California
Madera,2021-02-21,1002,23041,859,9386,143,13655,0,0,994,10756,7,6133,994,16889,California
Madera,2021-02-22,967,24008,889,10275,78,13733,0,0,905,11600,61,6194,905,17794,California
Madera,2021-02-23,771,24779,482,10757,289,14022,0,0,540,11910,230,6424,540,18334,California
Madera,2021-02-24,933,25712,303,11060,630,14652,0,0,382,11742,550,6974,382,18716,California
Madera,2021-02-25,1051,26763,318,11378,733,15385,0,0,602,11898,446,7420,602,19318,California
Madera,2021-02-26,1102,27865,203,11581,899,16284,0,0,712,12222,388,7808,712,20030,California
Madera,2021-02-27,928,28793,294,11875,634,16918,0,0,498,12296,427,8235,501,20531,California
Madera,2021-02-28,192,28985,30,11905,162,17080,0,0,186,12476,6,8241,186,20717,California
Madera,2021-03-01,380,29365,120,12025,260,17340,0,0,194,12489,182,8423,195,20912,California
Madera,2021-03-02,744,30109,349,12374,395,17735,0,0,631,13011,111,8534,633,21545,California
Madera,2021-03-03,1360,31469,727,13101,633,18368,0,0,952,13585,405,8939,979,22524,California
Madera,2021-03-04,1203,32672,525,13626,678,19046,0,0,950,14286,254,9193,955,23479,California
Madera,2021-03-05,1365,34037,422,14048,930,19976,13,13,1079,15106,284,9477,1104,24583,California
Madera,2021-03-06,818,34855,636,14684,150,20126,32,45,498,15318,319,9796,531,25114,California
Madera,2021-03-07,161,35016,28,14712,108,20234,25,70,107,15396,54,9850,132,25246,California
Madera,2021-03-08,609,35625,340,15052,209,20443,60,130,313,15474,296,10146,374,25620,California
Madera,2021-03-09,600,36225,296,15348,270,20713,34,164,409,15736,189,10335,451,26071,California
Madera,2021-03-10,1196,37421,560,15908,556,21269,80,244,757,16140,434,10769,838,26909,California
Madera,2021-03-11,1684,39105,869,16777,487,21756,328,572,768,16336,912,11681,1108,28017,California
Madera,2021-03-12,1584,40689,820,17597,609,22365,155,727,799,16536,782,12463,982,28999,California
Madera,2021-03-13,1891,42580,1330,18927,362,22727,199,926,813,16495,1072,13535,1031,30030,California
Madera,2021-03-14,585,43165,449,19376,104,22831,32,958,285,16517,295,13830,317,30347,California
Madera,2021-03-15,747,43912,231,19607,470,23301,46,1004,512,16881,231,14061,595,30942,California
Madera,2021-03-16,937,44849,529,20136,361,23662,47,1051,741,17493,193,14254,805,31747,California
Madera,2021-03-17,1465,46314,980,21116,422,24084,63,1114,907,18007,549,14803,1063,32810,California
Madera,2021-03-18,1957,48271,689,21805,1204,25288,64,1178,970,18154,979,15782,1126,33936,California
Madera,2021-03-19,1585,49856,590,22395,912,26200,83,1261,1026,18787,555,16337,1188,35124,California
Madera,2021-03-20,1176,51032,771,23166,352,26552,53,1314,581,18894,592,16929,699,35823,California
Madera,2021-03-21,1101,52133,897,24063,158,26710,46,1360,358,18562,738,17667,406,36229,California
Madera,2021-03-22,1355,53488,851,24914,440,27150,64,1424,651,18624,700,18367,762,36991,California
Madera,2021-03-23,1431,54919,876,25790,464,27614,91,1515,670,18712,758,19125,846,37837,California
Madera,2021-03-24,947,55866,508,26298,408,28022,31,1546,613,19032,329,19454,649,38486,California
Madera,2021-03-25,1168,57034,528,26826,615,28637,25,1571,642,19196,516,19970,680,39166,California
Madera,2021-03-26,1519,58553,578,27404,808,29445,133,1704,711,19240,804,20774,848,40014,California
Madera,2021-03-27,930,59483,605,28009,300,29745,25,1729,412,19164,514,21288,438,40452,California
Madera,2021-03-28,438,59921,152,28161,226,29971,60,1789,204,19290,233,21521,359,40811,California
Madera,2021-03-29,685,60606,180,28341,476,30447,29,1818,490,19622,191,21712,523,41334,California
Madera,2021-03-30,1071,61677,605,28946,437,30884,29,1847,475,19535,592,22304,505,41839,California
Madera,2021-03-31,1403,63080,544,29490,721,31605,138,1985,424,19124,973,23277,562,42401,California
Madera,2021-04-01,1392,64472,628,30118,713,32318,51,2036,479,18750,902,24179,528,42929,California
Madera,2021-04-02,1605,66077,461,30579,1085,33403,59,2095,479,18174,1115,25294,539,43468,California
Madera,2021-04-03,961,67038,763,31342,178,33581,20,2115,391,18027,568,25862,421,43889,California
Madera,2021-04-04,186,67224,65,31407,119,33700,2,2117,85,18014,101,25963,88,43977,California
Madera,2021-04-05,739,67963,253,31660,427,34127,59,2176,337,18024,400,26363,410,44387,California
Madera,2021-04-06,1704,69667,886,32546,463,34590,355,2531,528,17733,1174,27537,883,45270,California
Madera,2021-04-07,1230,70897,384,32930,696,35286,150,2681,423,17508,803,28340,578,45848,California
Madera,2021-04-08,1731,72628,670,33600,801,36087,260,2941,556,17164,1166,29506,822,46670,California
Madera,2021-04-09,1656,74284,699,34299,808,36895,149,3090,949,17563,702,30208,1101,47771,California
Madera,2021-04-10,979,75263,686,34985,225,37120,68,3158,712,18075,269,30477,781,48552,California
Madera,2021-04-11,810,76073,656,35641,75,37195,79,3237,287,17919,520,30997,364,48916,California
Madera,2021-04-12,816,76889,295,35936,446,37641,75,3312,316,17812,499,31496,392,49308,California
Madera,2021-04-13,1252,78141,618,36554,592,38233,42,3354,728,18072,519,32015,779,50087,California
Madera,2021-04-14,1400,79541,867,37421,533,38766,0,3354,576,17832,822,32837,582,50669,California
Madera,2021-04-15,1173,80714,510,37931,662,39428,1,3355,424,17521,737,33574,426,51095,California
Madera,2021-04-16,1364,82078,549,38480,815,40243,0,3355,387,16948,963,34537,390,51485,California
Madera,2021-04-17,1294,83372,1091,39571,203,40446,0,3355,774,17205,517,35054,774,52259,California
Madera,2021-04-18,259,83631,220,39791,39,40485,0,3355,88,17127,166,35220,88,52347,California
Madera,2021-04-19,819,84450,245,40036,573,41058,1,3356,285,16884,528,35748,285,52632,California
Madera,2021-04-20,908,85358,457,40493,451,41509,0,3356,236,16454,668,36416,238,52870,California
Madera,2021-04-21,905,86263,494,40987,411,41920,0,3356,304,16160,600,37016,306,53176,California
Madera,2021-04-22,1101,87364,534,41521,567,42487,0,3356,380,15824,717,37733,381,53557,California
Madera,2021-04-23,972,88336,318,41839,654,43141,0,3356,340,15537,627,38360,340,53897,California
Madera,2021-04-24,709,89045,465,42304,244,43385,0,3356,247,15326,459,38819,248,54145,California
Madera,2021-04-25,266,89311,160,42464,103,43488,3,3359,119,15306,143,38962,123,54268,California
Madera,2021-04-26,562,89873,109,42573,447,43935,6,3365,133,15019,426,39388,139,54407,California
Madera,2021-04-27,632,90505,281,42854,326,44261,25,3390,316,15048,313,39701,342,54749,California
Madera,2021-04-28,510,91015,205,43059,286,44547,19,3409,247,15052,261,39962,265,55014,California
Madera,2021-04-29,553,91568,250,43309,276,44823,27,3436,259,15052,287,40249,287,55301,California
Madera,2021-04-30,943,92511,509,43818,418,45241,16,3452,273,14678,664,40913,290,55591,California
Madera,2021-05-01,968,93479,871,44689,84,45325,13,3465,388,14500,579,41492,401,55992,California
Madera,2021-05-02,400,93879,352,45041,43,45368,5,3470,145,14395,255,41747,150,56142,California
Madera,2021-05-03,498,94377,199,45240,259,45627,40,3510,101,14142,394,42141,141,56283,California
Madera,2021-05-04,910,95287,440,45680,426,46053,44,3554,216,13708,694,42835,260,56543,California
Madera,2021-05-05,1023,96310,491,46171,473,46526,59,3613,279,13305,741,43576,338,56881,California
Madera,2021-05-06,710,97020,259,46430,419,46945,32,3645,166,12963,540,44116,198,57079,California
Madera,2021-05-07,824,97844,294,46724,509,47454,21,3666,198,12561,620,44736,218,57297,California
Madera,2021-05-08,974,98818,761,47485,202,47656,11,3677,187,11972,787,45523,198,57495,California
Madera,2021-05-09,148,98966,21,47506,116,47772,11,3688,35,11907,111,45634,46,57541,California
Madera,2021-05-10,362,99328,75,47581,275,48047,12,3700,101,11761,259,45893,113,57654,California
Madera,2021-05-11,538,99866,186,47767,343,48390,9,3709,172,11578,364,46257,181,57835,California
Madera,2021-05-12,505,100371,229,47996,240,48630,36,3745,125,11361,378,46635,161,57996,California
Madera,2021-05-13,511,100882,311,48307,168,48798,32,3777,176,11237,332,46967,208,58204,California
Madera,2021-05-14,539,101421,271,48578,244,49042,24,3801,234,11193,302,47269,258,58462,California
Madera,2021-05-15,564,101985,477,49055,78,49120,9,3810,363,11367,197,47466,371,58833,California
Madera,2021-05-16,257,102242,190,49245,35,49155,32,3842,106,11354,151,47617,138,58971,California
Madera,2021-05-17,451,102693,189,49434,234,49389,28,3870,200,11334,248,47865,228,59199,California
Madera,2021-05-18,552,103245,369,49803,159,49548,24,3894,289,11390,257,48122,313,59512,California
Madera,2021-05-19,488,103733,225,50028,241,49789,22,3916,217,11360,269,48391,239,59751,California
Madera,2021-05-20,595,104328,271,50299,287,50076,37,3953,233,11275,355,48746,270,60021,California
Madera,2021-05-21,504,104832,193,50492,284,50360,27,3980,193,11189,306,49052,220,60241,California
Madera,2021-05-22,902,105734,817,51309,73,50433,12,3992,532,11363,370,49422,544,60785,California
Madera,2021-05-23,269,106003,242,51551,17,50450,10,4002,144,11393,124,49546,154,60939,California
Madera,2021-05-24,309,106312,141,51692,127,50577,41,4043,123,11372,185,49731,164,61103,California
Madera,2021-05-25,382,106694,169,51861,181,50758,32,4075,151,11326,229,49960,183,61286,California
Madera,2021-05-26,445,107139,259,52120,164,50922,22,4097,237,11379,206,50166,259,61545,California
Madera,2021-05-27,373,107512,135,52255,200,51122,38,4135,127,11302,242,50408,165,61710,California
Madera,2021-05-28,449,107961,173,52428,248,51370,28,4163,174,11231,273,50681,202,61912,California
Madera,2021-05-29,307,108268,216,52644,73,51443,18,4181,166,11274,141,50822,184,62096,California
Madera,2021-05-30,60,108328,27,52671,29,51472,4,4185,28,11275,31,50853,32,62128,California
Madera,2021-05-31,26,108354,9,52680,13,51485,4,4189,11,11275,15,50868,15,62143,California
Madera,2021-06-01,288,108642,143,52823,122,51607,23,4212,105,11222,181,51049,128,62271,California
Madera,2021-06-02,394,109036,125,52948,246,51853,23,4235,116,11084,277,51326,139,62410,California
Madera,2021-06-03,282,109318,150,53098,117,51970,15,4250,90,10997,192,51518,105,62515,California
Madera,2021-06-04,382,109700,245,53343,126,52096,11,4261,152,10931,229,51747,163,62678,California
Madera,2021-06-05,516,110216,390,53733,113,52209,13,4274,150,10735,359,52106,163,62841,California
Madera,2021-06-06,135,110351,115,53848,13,52222,7,4281,38,10683,97,52203,45,62886,California
Madera,2021-06-07,249,110600,154,54002,74,52296,21,4302,44,10544,204,52407,65,62951,California
Madera,2021-06-08,389,110989,275,54277,93,52389,21,4323,97,10370,292,52699,118,63069,California
Madera,2021-06-09,375,111364,240,54517,108,52497,27,4350,145,10314,228,52927,172,63241,California
Madera,2021-06-10,344,111708,199,54716,129,52626,16,4366,118,10224,224,53151,134,63375,California
Madera,2021-06-11,383,112091,222,54938,128,52754,33,4399,171,10215,211,53362,202,63577,California
Madera,2021-06-12,575,112666,505,55443,54,52808,16,4415,93,9842,482,53844,109,63686,California
Madera,2021-06-13,194,112860,161,55604,28,52836,5,4420,54,9762,139,53983,59,63745,California
Madera,2021-06-14,227,113087,162,55766,42,52878,23,4443,89,9739,135,54118,112,63857,California
Madera,2021-06-15,363,113450,250,56016,80,52958,33,4476,155,9722,205,54323,188,64045,California
Madera,2021-06-16,327,113777,251,56267,62,53020,14,4490,119,9651,204,54527,133,64178,California
Madera,2021-06-17,263,114040,130,56397,124,53144,9,4499,97,9592,165,54692,106,64284,California
Madera,2021-06-18,279,114319,178,56575,77,53221,24,4523,120,9577,158,54850,143,64427,California
Madera,2021-06-19,247,114566,200,56775,39,53260,8,4531,81,9500,166,55016,89,64516,California
Madera,2021-06-20,55,114621,45,56820,3,53263,7,4538,27,9506,28,55044,34,64550,California
Madera,2021-06-21,167,114788,82,56902,60,53323,25,4563,74,9513,92,55136,99,64649,California
Madera,2021-06-22,239,115027,159,57061,62,53385,18,4581,117,9528,120,55256,135,64784,California
Madera,2021-06-23,263,115290,188,57249,65,53450,10,4591,140,9555,123,55379,150,64934,California
Madera,2021-06-24,217,115507,100,57349,95,53545,22,4613,79,9519,137,55516,101,65035,California
Madera,2021-06-25,260,115767,168,57517,68,53613,24,4637,99,9484,158,55674,123,65158,California
Madera,2021-06-26,182,115949,136,57653,34,53647,12,4649,76,9466,106,55780,88,65246,California
Madera,2021-06-27,110,116059,85,57738,21,53668,4,4653,57,9474,53,55833,61,65307,California
Madera,2021-06-28,157,116216,95,57833,43,53711,19,4672,83,9503,73,55906,102,65409,California
Madera,2021-06-29,213,116429,153,57986,43,53754,17,4689,101,9511,110,56016,118,65527,California
Madera,2021-06-30,215,116644,144,58130,64,53818,7,4696,121,9547,92,56108,128,65655,California
Madera,2021-07-01,185,116829,115,58245,46,53864,24,4720,74,9535,110,56218,98,65753,California
Madera,2021-07-02,231,117060,175,58420,42,53906,14,4734,96,9510,135,56353,110,65863,California
Madera,2021-07-03,166,117226,116,58536,41,53947,9,4743,78,9512,85,56438,87,65950,California
Madera,2021-07-04,11,117237,0,58536,7,53954,4,4747,6,9517,5,56443,10,65960,California
Madera,2021-07-05,111,117348,95,58631,9,53963,7,4754,50,9514,60,56503,57,66017,California
Madera,2021-07-06,345,117693,247,58878,72,54035,26,4780,137,9469,207,56710,162,66179,California
Madera,2021-07-07,214,117907,152,59030,47,54082,15,4795,103,9476,111,56821,118,66297,California
Madera,2021-07-08,196,118103,125,59155,57,54139,14,4809,106,9507,89,56910,120,66417,California
Madera,2021-07-09,265,118368,196,59351,54,54193,15,4824,141,9540,122,57032,155,66572,California
Madera,2021-07-10,145,118513,108,59459,34,54227,3,4827,78,9555,66,57098,81,66653,California
Madera,2021-07-11,54,118567,37,59496,12,54239,5,4832,23,9552,31,57129,28,66681,California
Marin,2020-12-15,2,2,2,2,0,0,0,0,2,2,0,0,2,2,California
Marin,2020-12-16,108,110,108,110,0,0,0,0,108,110,0,0,108,110,California
Marin,2020-12-17,275,385,275,385,0,0,0,0,275,385,0,0,275,385,California
Marin,2020-12-18,389,774,389,774,0,0,0,0,389,774,0,0,389,774,California
Marin,2020-12-19,348,1122,347,1121,1,1,0,0,348,1122,0,0,348,1122,California
Marin,2020-12-20,166,1288,165,1286,1,2,0,0,166,1288,0,0,166,1288,California
Marin,2020-12-21,239,1527,236,1522,3,5,0,0,239,1527,0,0,239,1527,California
Marin,2020-12-22,521,2048,316,1838,205,210,0,0,521,2048,0,0,521,2048,California
Marin,2020-12-23,730,2778,315,2153,415,625,0,0,730,2778,0,0,730,2778,California
Marin,2020-12-24,359,3137,158,2311,201,826,0,0,359,3137,0,0,359,3137,California
Marin,2020-12-25,26,3163,0,2311,26,852,0,0,26,3163,0,0,26,3163,California
Marin,2020-12-26,144,3307,95,2406,49,901,0,0,144,3307,0,0,144,3307,California
Marin,2020-12-27,91,3398,54,2460,37,938,0,0,91,3398,0,0,91,3398,California
Marin,2020-12-28,407,3805,99,2559,308,1246,0,0,407,3805,0,0,407,3805,California
Marin,2020-12-29,400,4205,89,2648,311,1557,0,0,400,4205,0,0,400,4205,California
Marin,2020-12-30,630,4835,390,3038,240,1797,0,0,630,4835,0,0,630,4835,California
Marin,2020-12-31,202,5037,35,3073,167,1964,0,0,201,5035,1,1,201,5036,California
Marin,2021-01-01,32,5069,14,3087,18,1982,0,0,32,5067,0,1,32,5068,California
Marin,2021-01-02,114,5183,109,3196,5,1987,0,0,114,5181,0,1,114,5182,California
Marin,2021-01-03,49,5232,31,3227,18,2005,0,0,45,5226,0,1,45,5227,California
Marin,2021-01-04,299,5531,194,3421,105,2110,0,0,298,5523,1,2,298,5525,California
Marin,2021-01-05,373,5904,225,3646,148,2258,0,0,330,5810,43,45,330,5855,California
Marin,2021-01-06,818,6722,318,3964,500,2758,0,0,638,6268,180,225,638,6493,California
Marin,2021-01-07,884,7606,501,4465,383,3141,0,0,525,6435,359,584,526,7019,California
Marin,2021-01-08,975,8581,517,4982,458,3599,0,0,583,6627,391,975,583,7602,California
Marin,2021-01-09,616,9197,222,5204,394,3993,0,0,486,6983,130,1105,486,8088,California
Marin,2021-01-10,130,9327,101,5305,29,4022,0,0,57,6967,73,1178,57,8145,California
Marin,2021-01-11,471,9798,328,5633,143,4165,0,0,250,6998,221,1399,252,8397,California
Marin,2021-01-12,937,10735,545,6178,392,4557,0,0,568,7201,365,1764,568,8965,California
Marin,2021-01-13,1174,11909,500,6678,674,5231,0,0,941,7909,233,1997,941,9906,California
Marin,2021-01-14,1073,12982,320,6998,753,5984,0,0,922,8682,149,2146,922,10828,California
Marin,2021-01-15,1164,14146,355,7353,809,6793,0,0,1032,9585,131,2277,1034,11862,California
Marin,2021-01-16,1124,15270,916,8269,208,7001,0,0,1048,10557,76,2353,1048,12910,California
Marin,2021-01-17,1229,16499,1110,9379,119,7120,0,0,1199,11730,29,2382,1202,14112,California
Marin,2021-01-18,367,16866,161,9540,206,7326,0,0,317,11997,50,2432,317,14429,California
Marin,2021-01-19,1156,18022,910,10450,246,7572,0,0,984,12810,171,2603,984,15413,California
Marin,2021-01-20,1812,19834,1220,11670,592,8164,0,0,1074,13159,726,3329,1075,16488,California
Marin,2021-01-21,1702,21536,1070,12740,632,8796,0,0,1342,14146,357,3686,1344,17832,California
Marin,2021-01-22,1720,23256,1098,13838,622,9418,0,0,1546,15519,174,3860,1547,19379,California
Marin,2021-01-23,1858,25114,1351,15189,507,9925,0,0,1767,17196,90,3950,1767,21146,California
Marin,2021-01-24,620,25734,166,15355,454,10379,0,0,586,17748,34,3984,586,21732,California
Marin,2021-01-25,1130,26864,235,15590,895,11274,0,0,691,18001,439,4423,692,22424,California
Marin,2021-01-26,1521,28385,782,16372,739,12013,0,0,1138,18757,382,4805,1138,23562,California
Marin,2021-01-27,1730,30115,891,17263,839,12852,0,0,1357,19744,371,5176,1358,24920,California
Marin,2021-01-28,2090,32205,1076,18339,1014,13866,0,0,1824,21304,265,5441,1825,26745,California
Marin,2021-01-29,2215,34420,1438,19777,777,14643,0,0,2017,23137,185,5626,2018,28763,California
Marin,2021-01-30,1719,36139,907,20684,812,15455,0,0,1640,24698,79,5705,1640,30403,California
Marin,2021-01-31,458,36597,320,21004,138,15593,0,0,431,25102,27,5732,431,30834,California
Marin,2021-02-01,1098,37695,414,21418,684,16277,0,0,896,25798,201,5933,897,31731,California
Marin,2021-02-02,1430,39125,497,21915,933,17210,0,0,761,25901,658,6591,761,32492,California
Marin,2021-02-03,1796,40921,434,22349,1362,18572,0,0,1278,26662,517,7108,1278,33770,California
Marin,2021-02-04,1591,42512,503,22852,1088,19660,0,0,987,27049,600,7708,987,34757,California
Marin,2021-02-05,2177,44689,674,23526,1503,21163,0,0,1336,27548,837,8545,1336,36093,California
Marin,2021-02-06,1430,46119,849,24375,581,21744,0,0,600,27321,827,9372,600,36693,California
Marin,2021-02-07,1306,47425,1022,25397,284,22028,0,0,499,27014,806,10178,499,37192,California
Marin,2021-02-08,1544,48969,766,26163,778,22806,0,0,734,26941,807,10985,734,37926,California
Marin,2021-02-09,1792,50761,1130,27293,662,23468,0,0,847,26843,945,11930,847,38773,California
Marin,2021-02-10,2358,53119,1504,28797,854,24322,0,0,1224,26936,1132,13062,1225,39998,California
Marin,2021-02-11,2885,56004,1655,30452,1230,25552,0,0,1455,26970,1425,14487,1459,41457,California
Marin,2021-02-12,3094,59098,1552,32004,1542,27094,0,0,1571,27022,1520,16007,1572,43029,California
Marin,2021-02-13,2345,61443,1250,33254,1095,28189,0,0,1125,26929,1218,17225,1125,44154,California
Marin,2021-02-14,825,62268,310,33564,515,28704,0,0,730,27565,95,17320,731,44885,California
Marin,2021-02-15,1233,63501,361,33925,872,29576,0,0,845,28025,386,17706,846,45731,California
Marin,2021-02-16,2483,65984,1064,34989,1419,30995,0,0,1511,28565,971,18677,1511,47242,California
Marin,2021-02-17,2119,68103,947,35936,1172,32167,0,0,1100,28649,1017,19694,1101,48343,California
Marin,2021-02-18,2445,70548,1600,37536,845,33012,0,0,1067,28344,1372,21066,1067,49410,California
Marin,2021-02-19,2806,73354,2190,39726,616,33628,0,0,1247,28049,1543,22609,1248,50658,California
Marin,2021-02-20,2659,76013,2178,41904,481,34109,0,0,1254,27907,1398,24007,1256,51914,California
Marin,2021-02-21,1355,77368,1151,43055,204,34313,0,0,951,28459,399,24406,951,52865,California
Marin,2021-02-22,1909,79277,1466,44521,443,34756,0,0,1262,29078,643,25049,1262,54127,California
Marin,2021-02-23,2979,82256,1716,46237,1263,36019,0,0,2001,30118,962,26011,2002,56129,California
Marin,2021-02-24,3637,85893,1672,47909,1965,37984,0,0,2326,31145,1300,27311,2327,58456,California
Marin,2021-02-25,4182,90075,1975,49884,2207,40191,0,0,2941,32860,1228,28539,2943,61399,California
Marin,2021-02-26,3740,93815,2033,51917,1707,41898,0,0,2693,34519,1035,29574,2694,64093,California
Marin,2021-02-27,2758,96573,1625,53542,1133,43031,0,0,1906,35581,846,30420,1908,66001,California
Marin,2021-02-28,1648,98221,927,54469,721,43752,0,0,1296,36530,347,30767,1296,67297,California
Marin,2021-03-01,2711,100932,1678,56147,1032,44784,1,1,1828,37486,873,31640,1829,69126,California
Marin,2021-03-02,2536,103468,1692,57839,843,45627,1,2,1736,38429,795,32435,1738,70864,California
Marin,2021-03-03,4356,107824,2429,60268,1923,47550,4,6,2823,39728,1528,33963,2827,73691,California
Marin,2021-03-04,3416,111240,1680,61948,1735,49285,1,7,2327,40978,1082,35045,2332,76023,California
Marin,2021-03-05,3093,114333,1183,63131,1897,51182,13,20,1807,41517,1281,36326,1820,77843,California
Marin,2021-03-06,3245,117578,2325,65456,841,52023,79,99,2666,43688,573,36899,2744,80587,California
Marin,2021-03-07,1441,119019,1181,66637,209,52232,51,150,1006,44313,430,37329,1055,81642,California
Marin,2021-03-08,1917,120936,1391,68028,399,52631,127,277,1428,45382,485,37814,1554,83196,California
Marin,2021-03-09,2243,123179,1342,69370,787,53418,114,391,1550,46353,690,38504,1661,84857,California
Marin,2021-03-10,4477,127656,2512,71882,1671,55089,294,685,3222,48618,1249,39753,3514,88371,California
Marin,2021-03-11,4596,132252,1890,73772,2569,57658,137,822,3294,50756,1293,41046,3431,91802,California
Marin,2021-03-12,4004,136256,1549,75321,2101,59759,354,1176,1562,50243,2427,43473,1914,93716,California
Marin,2021-03-13,4113,140369,2865,78186,1174,60933,74,1250,2393,50990,1713,45186,2460,96176,California
Marin,2021-03-14,2283,142652,1105,79291,1061,61994,117,1367,701,50224,1580,46766,814,96990,California
Marin,2021-03-15,3262,145914,1786,81077,1431,63425,45,1412,1199,49423,2045,48811,1244,98234,California
Marin,2021-03-16,4301,150215,2321,83398,1617,65042,363,1775,1449,48385,2848,51659,1810,100044,California
Marin,2021-03-17,4234,154449,2295,85693,1885,66927,54,1829,2044,48306,2176,53835,2097,102141,California
Marin,2021-03-18,4510,158959,2283,87976,2152,69079,75,1904,2115,48117,2376,56211,2187,104328,California
Marin,2021-03-19,4495,163454,2311,90287,1964,71043,220,2124,2314,48477,2170,58381,2530,106858,California
Marin,2021-03-20,3599,167053,2001,92288,1487,72530,111,2235,1924,48850,1663,60044,2036,108894,California
Marin,2021-03-21,1553,168606,1153,93441,377,72907,23,2258,813,48948,737,60781,835,109729,California
Marin,2021-03-22,2512,171118,2166,95607,178,73085,168,2426,915,48440,1590,62371,1082,110811,California
Marin,2021-03-23,4314,175432,2264,97871,1921,75006,129,2555,1908,48079,2398,64769,2037,112848,California
Marin,2021-03-24,4478,179910,2911,100782,1454,76460,113,2668,1805,47337,2658,67427,1916,114764,California
Marin,2021-03-25,4663,184573,2843,103625,1748,78208,72,2740,2232,47225,2414,69841,2302,117066,California
Marin,2021-03-26,4319,188892,2355,105980,1750,79958,214,2954,2383,47901,1921,71762,2597,119663,California
Marin,2021-03-27,3717,192609,2666,108646,1032,80990,19,2973,1141,46495,2565,74327,1159,120822,California
Marin,2021-03-28,2391,195000,1721,110367,664,81654,6,2979,843,45803,1541,75868,849,121671,California
Marin,2021-03-29,2706,197706,2108,112475,573,82227,25,3004,1144,45413,1559,77427,1169,122840,California
Marin,2021-03-30,4671,202377,3653,116128,984,83211,34,3038,2953,46685,1715,79142,2987,125827,California
Marin,2021-03-31,5848,208225,4141,120269,1657,84868,50,3088,2549,45996,3287,82429,2598,128425,California
Marin,2021-04-01,4476,212701,2292,122561,1922,86790,262,3350,2118,46028,2343,84772,2375,130800,California
Marin,2021-04-02,3746,216447,1854,124415,1520,88310,372,3722,2007,46665,1731,86503,2368,133168,California
Marin,2021-04-03,3872,220319,2522,126937,970,89280,380,4102,1463,46110,2397,88900,1842,135010,California
Marin,2021-04-04,1648,221967,1240,128177,207,89487,201,4303,1199,47062,447,89347,1399,136409,California
Marin,2021-04-05,2233,224200,1543,129720,313,89800,377,4680,1282,47771,947,90294,1656,138065,California
Marin,2021-04-06,4003,228203,2122,131842,1322,91122,559,5239,2215,48762,1779,92073,2770,140835,California
Marin,2021-04-07,4003,232206,2020,133862,1336,92458,647,5886,1466,48345,2527,94600,2110,142945,California
Marin,2021-04-08,5066,237272,1978,135840,2477,94935,611,6497,2309,48512,2744,97344,2911,145856,California
Marin,2021-04-09,4010,241282,1567,137407,1711,96646,732,7229,1325,47885,2680,100024,2053,147909,California
Marin,2021-04-10,3232,244514,1488,138895,1307,97953,437,7666,1454,48006,1764,101788,1885,149794,California
Marin,2021-04-11,1074,245588,816,139711,95,98048,163,7829,479,48054,593,102381,641,150435,California
Marin,2021-04-12,1759,247347,1247,140958,350,98398,162,7991,921,48304,834,103215,1084,151519,California
Marin,2021-04-13,3805,251152,2334,143292,1464,99862,7,7998,1379,47277,2413,105628,1386,152905,California
Marin,2021-04-14,4278,255430,2562,145854,1713,101575,3,8001,1755,46535,2498,108126,1756,154661,California
Marin,2021-04-15,5649,261079,3988,149842,1661,103236,0,8001,3231,47365,2402,110528,3232,157893,California
Marin,2021-04-16,4314,265393,2266,152108,2045,105281,3,8004,2096,47262,2203,112731,2100,159993,California
Marin,2021-04-17,3592,268985,2182,154290,1410,106691,0,8004,1795,47270,1789,114520,1797,161790,California
Marin,2021-04-18,3244,272229,3143,157433,101,106792,0,8004,2558,49145,683,115203,2558,164348,California
Marin,2021-04-19,2073,274302,1894,159327,178,106970,1,8005,1155,49392,910,116113,1157,165505,California
Marin,2021-04-20,3802,278104,2642,161969,1160,108130,0,8005,1484,48570,2307,118420,1485,166990,California
Marin,2021-04-21,4156,282260,3062,165031,1091,109221,3,8008,1405,47243,2733,121153,1406,168396,California
Marin,2021-04-22,4294,286554,3274,168305,1020,110241,0,8008,1503,45971,2779,123932,1507,169903,California
Marin,2021-04-23,3295,289849,1860,170165,1435,111676,0,8008,1258,45205,2025,125957,1259,171162,California
Marin,2021-04-24,2523,292372,1682,171847,840,112516,1,8009,923,44542,1588,127545,925,172087,California
Marin,2021-04-25,1385,293757,1263,173110,122,112638,0,8009,302,43769,1075,128620,302,172389,California
Marin,2021-04-26,1669,295426,1432,174542,234,112872,3,8012,411,42929,1255,129875,415,172804,California
Marin,2021-04-27,3084,298510,2222,176764,811,113683,51,8063,1010,41920,2066,131941,1057,173861,California
Marin,2021-04-28,2359,300869,1628,178392,680,114363,51,8114,740,41096,1614,133555,790,174651,California
Marin,2021-04-29,2945,303814,2021,180413,861,115224,63,8177,821,39867,2114,135669,885,175536,California
Marin,2021-04-30,1989,305803,1290,181703,612,115836,87,8264,704,39382,1276,136945,791,176327,California
Marin,2021-05-01,1842,307645,1027,182730,792,116628,23,8287,542,38655,1291,138236,564,176891,California
Marin,2021-05-02,735,308380,593,183323,113,116741,29,8316,203,38360,526,138762,231,177122,California
Marin,2021-05-03,1227,309607,997,184320,174,116915,56,8372,263,37717,961,139723,318,177440,California
Marin,2021-05-04,2966,312573,1994,186314,880,117795,92,8464,477,35806,2480,142203,569,178009,California
Marin,2021-05-05,2795,315368,2032,188346,637,118432,126,8590,452,34047,2336,144539,577,178586,California
Marin,2021-05-06,3278,318646,2540,190886,649,119081,89,8679,426,31718,2841,147380,512,179098,California
Marin,2021-05-07,2058,320704,1552,192438,420,119501,86,8765,385,30519,1667,149047,468,179566,California
Marin,2021-05-08,2508,323212,1898,194336,488,119989,122,8887,349,28840,2150,151197,471,180037,California
Marin,2021-05-09,990,324202,899,195235,72,120061,19,8906,112,28097,875,152072,132,180169,California
Marin,2021-05-10,1421,325623,1159,196394,192,120253,70,8976,204,27158,1212,153284,273,180442,California
Marin,2021-05-11,2353,327976,1871,198265,425,120678,57,9033,306,25476,2044,155328,362,180804,California
Marin,2021-05-12,1868,329844,1468,199733,331,121009,69,9102,299,24279,1563,156891,366,181170,California
Marin,2021-05-13,2684,332528,2296,202029,333,121342,55,9157,1418,24495,1256,158147,1472,182642,California
Marin,2021-05-14,2211,334739,1455,203484,656,121998,100,9257,882,24154,1322,159469,981,183623,California
Marin,2021-05-15,2758,337497,2277,205761,401,122399,80,9337,1671,24820,1085,160554,1751,185374,California
Marin,2021-05-16,1730,339227,1668,207429,54,122453,8,9345,1401,25902,327,160881,1409,186783,California
Marin,2021-05-17,2148,341375,1995,209424,110,122563,43,9388,1706,27216,435,161316,1749,188532,California
Marin,2021-05-18,1537,342912,1192,210616,290,122853,55,9443,792,27323,738,162054,845,189377,California
Marin,2021-05-19,1573,344485,1243,211859,258,123111,72,9515,772,27370,795,162849,842,190219,California
Marin,2021-05-20,1838,346323,1497,213356,255,123366,86,9601,751,27131,1077,163926,838,191057,California
Marin,2021-05-21,1475,347798,848,214204,578,123944,49,9650,437,26586,1031,164957,486,191543,California
Marin,2021-05-22,1438,349236,1088,215292,292,124236,58,9708,966,27144,466,165423,1024,192567,California
Marin,2021-05-23,488,349724,433,215725,43,124279,12,9720,227,27125,259,165682,240,192807,California
Marin,2021-05-24,672,350396,498,216223,134,124413,40,9760,351,27198,317,165999,390,193197,California
Marin,2021-05-25,1007,351403,627,216850,334,124747,46,9806,317,26876,682,166681,360,193557,California
Marin,2021-05-26,729,352132,492,217342,187,124934,50,9856,262,26726,462,167143,312,193869,California
Marin,2021-05-27,1032,353164,663,218005,290,125224,79,9935,340,26456,689,167832,419,194288,California
Marin,2021-05-28,1111,354275,723,218728,308,125532,80,10015,328,26084,779,168611,407,194695,California
Marin,2021-05-29,376,354651,219,218947,147,125679,10,10025,208,26134,168,168779,218,194913,California
Marin,2021-05-30,97,354748,57,219004,35,125714,5,10030,55,26153,41,168820,60,194973,California
Marin,2021-05-31,29,354777,14,219018,14,125728,1,10031,15,26155,14,168834,16,194989,California
Marin,2021-06-01,756,355533,549,219567,162,125890,45,10076,318,26083,434,169268,362,195351,California
Marin,2021-06-02,629,356162,477,220044,100,125990,52,10128,217,25942,408,169676,267,195618,California
Marin,2021-06-03,1501,357663,1328,221372,114,126104,59,10187,231,24964,1268,170944,290,195908,California
Marin,2021-06-04,1036,358699,862,222234,139,126243,35,10222,184,24334,847,171791,217,196125,California
Marin,2021-06-05,1929,360628,1711,223945,170,126413,48,10270,319,23099,1602,173393,367,196492,California
Marin,2021-06-06,1415,362043,1368,225313,13,126426,34,10304,154,22027,1260,174653,188,196680,California
Marin,2021-06-07,1943,363986,1826,227139,67,126493,50,10354,241,20622,1696,176349,291,196971,California
Marin,2021-06-08,981,364967,870,228009,70,126563,41,10395,231,20151,743,177092,272,197243,California
Marin,2021-06-09,745,365712,669,228678,66,126629,10,10405,137,19691,607,177699,147,197390,California
Marin,2021-06-10,883,366595,771,229449,61,126690,51,10456,178,19219,701,178400,229,197619,California
Marin,2021-06-11,697,367292,581,230030,84,126774,32,10488,150,18855,546,178946,182,197801,California
Marin,2021-06-12,924,368216,793,230823,89,126863,42,10530,153,18281,769,179715,195,197996,California
Marin,2021-06-13,417,368633,385,231208,21,126884,11,10541,65,18009,348,180063,76,198072,California
Marin,2021-06-14,873,369506,745,231953,80,126964,48,10589,211,17609,657,180720,257,198329,California
Marin,2021-06-15,556,370062,443,232396,87,127051,26,10615,176,17433,378,181098,202,198531,California
Marin,2021-06-16,495,370557,404,232800,45,127096,46,10661,161,17311,327,181425,205,198736,California
Marin,2021-06-17,559,371116,481,233281,46,127142,32,10693,194,17173,363,181788,225,198961,California
Marin,2021-06-18,496,371612,381,233662,77,127219,38,10731,173,17067,316,182104,210,199171,California
Marin,2021-06-19,365,371977,293,233955,37,127256,35,10766,143,17022,221,182325,176,199347,California
Marin,2021-06-20,114,372091,89,234044,14,127270,11,10777,48,17015,66,182391,59,199406,California
Marin,2021-06-21,350,372441,248,234292,46,127316,56,10833,139,17000,210,182601,195,199601,California
Marin,2021-06-22,451,372892,351,234643,69,127385,31,10864,139,16862,308,182909,170,199771,California
Marin,2021-06-23,359,373251,296,234939,30,127415,33,10897,120,16776,238,183147,152,199923,California
Marin,2021-06-24,395,373646,304,235243,42,127457,49,10946,132,16696,259,183406,179,200102,California
Marin,2021-06-25,379,374025,276,235519,59,127516,44,10990,171,16705,206,183612,215,200317,California
Marin,2021-06-26,322,374347,271,235790,20,127536,31,11021,116,16646,206,183818,147,200464,California
Marin,2021-06-27,209,374556,161,235951,22,127558,26,11047,68,16600,139,183957,93,200557,California
Marin,2021-06-28,393,374949,335,236286,31,127589,27,11074,134,16504,257,184214,161,200718,California
Marin,2021-06-29,434,375383,340,236626,58,127647,36,11110,152,16413,279,184493,188,200906,California
Marin,2021-06-30,268,375651,229,236855,26,127673,13,11123,115,16390,151,184644,128,201034,California
Marin,2021-07-01,259,375910,200,237055,43,127716,16,11139,104,16356,154,184798,120,201154,California
Marin,2021-07-02,368,376278,294,237349,40,127756,34,11173,147,16319,217,185015,180,201334,California
Marin,2021-07-03,273,376551,221,237570,21,127777,31,11204,115,16307,158,185173,146,201480,California
Marin,2021-07-05,115,376666,88,237658,11,127788,16,11220,40,16288,74,185247,55,201535,California
Marin,2021-07-06,412,377078,338,237996,35,127823,39,11259,146,16211,260,185507,183,201718,California
Marin,2021-07-07,228,377306,187,238183,28,127851,13,11272,93,16183,132,185639,104,201822,California
Marin,2021-07-08,280,377586,224,238407,39,127890,17,11289,100,16123,176,185815,116,201938,California
Marin,2021-07-09,317,377903,260,238667,28,127918,29,11318,133,16101,183,185998,161,202099,California
Marin,2021-07-10,291,378194,236,238903,22,127940,33,11351,117,16077,174,186172,150,202249,California
Marin,2021-07-11,84,378278,65,238968,9,127949,10,11361,29,16060,55,186227,38,202287,California
Mariposa,2020-12-17,38,38,38,38,0,0,0,0,40,40,0,0,40,40,California
Mariposa,2020-12-18,55,93,55,93,0,0,0,0,56,96,0,0,56,96,California
Mariposa,2020-12-20,2,95,2,95,0,0,0,0,2,98,0,0,2,98,California
Mariposa,2020-12-21,49,144,49,144,0,0,0,0,53,151,0,0,53,151,California
Mariposa,2020-12-22,5,149,5,149,0,0,0,0,5,156,0,0,5,156,California
Mariposa,2020-12-23,16,165,16,165,0,0,0,0,16,172,0,0,16,172,California
Mariposa,2020-12-24,1,166,0,165,1,1,0,0,0,172,1,1,1,173,California
Mariposa,2020-12-26,1,167,1,166,0,1,0,0,1,173,0,1,1,174,California
Mariposa,2020-12-27,1,168,0,166,1,2,0,0,1,174,0,1,1,175,California
Mariposa,2020-12-28,6,174,3,169,3,5,0,0,6,180,0,1,6,181,California
Mariposa,2020-12-29,33,207,3,172,30,35,0,0,33,213,0,1,33,214,California
Mariposa,2020-12-30,26,233,4,176,22,57,0,0,26,239,0,1,26,240,California
Mariposa,2020-12-31,17,250,0,176,17,74,0,0,17,256,0,1,17,257,California
Mariposa,2021-01-02,1,251,1,177,0,74,0,0,1,257,0,1,1,258,California
Mariposa,2021-01-04,9,260,2,179,7,81,0,0,9,266,0,1,9,267,California
Mariposa,2021-01-05,24,284,14,193,10,91,0,0,14,270,10,11,14,281,California
Mariposa,2021-01-06,6,290,3,196,3,94,0,0,3,270,3,14,3,284,California
Mariposa,2021-01-07,50,340,45,241,5,99,0,0,5,230,45,59,5,289,California
Mariposa,2021-01-08,110,450,80,321,30,129,0,0,34,188,76,135,34,323,California
Mariposa,2021-01-09,1,451,0,321,1,130,0,0,1,189,0,135,1,324,California
Mariposa,2021-01-11,31,482,10,331,21,151,0,0,23,204,8,143,23,347,California
Mariposa,2021-01-12,19,501,4,335,15,166,0,0,15,215,4,147,15,362,California
Mariposa,2021-01-13,22,523,4,339,18,184,0,0,19,231,3,150,19,381,California
Mariposa,2021-01-14,74,597,7,346,67,251,0,0,68,293,6,156,68,449,California
Mariposa,2021-01-15,68,665,27,373,41,292,0,0,58,341,10,166,58,507,California
Mariposa,2021-01-16,14,679,2,375,12,304,0,0,13,353,1,167,13,520,California
Mariposa,2021-01-17,3,682,1,376,2,306,0,0,2,354,1,168,2,522,California
Mariposa,2021-01-18,4,686,3,379,1,307,0,0,2,354,2,170,2,524,California
Mariposa,2021-01-19,9,695,5,384,4,311,0,0,6,358,2,172,6,530,California
Mariposa,2021-01-20,24,719,1,385,23,334,0,0,23,380,1,173,23,553,California
Mariposa,2021-01-21,66,785,8,393,58,392,0,0,62,438,4,177,62,615,California
Mariposa,2021-01-22,56,841,3,396,53,445,0,0,56,494,0,177,56,671,California
Mariposa,2021-01-23,116,957,2,398,114,559,0,0,114,606,2,179,114,785,California
Mariposa,2021-01-24,2,959,2,400,0,559,0,0,2,608,0,179,2,787,California
Mariposa,2021-01-25,4,963,1,401,3,562,0,0,0,604,4,183,0,787,California
Mariposa,2021-01-26,37,1000,3,404,34,596,0,0,4,579,33,216,8,795,California
Mariposa,2021-01-27,26,1026,2,406,24,620,0,0,13,580,12,228,13,808,California
Mariposa,2021-01-28,127,1153,3,409,124,744,0,0,114,682,12,240,114,922,California
Mariposa,2021-01-29,93,1246,22,431,71,815,0,0,92,773,1,241,92,1014,California
Mariposa,2021-01-30,9,1255,1,432,8,823,0,0,8,780,1,242,8,1022,California
Mariposa,2021-01-31,1,1256,0,432,1,824,0,0,1,781,0,242,1,1023,California
Mariposa,2021-02-01,93,1349,32,464,61,885,0,0,72,832,21,263,72,1095,California
Mariposa,2021-02-02,14,1363,3,467,11,896,0,0,8,834,6,269,8,1103,California
Mariposa,2021-02-03,20,1383,1,468,19,915,0,0,13,841,6,275,13,1116,California
Mariposa,2021-02-04,99,1482,8,476,91,1006,0,0,94,932,4,279,95,1211,California
Mariposa,2021-02-05,194,1676,6,482,188,1194,0,0,167,1072,27,306,167,1378,California
Mariposa,2021-02-06,11,1687,4,486,7,1201,0,0,10,1081,1,307,10,1388,California
Mariposa,2021-02-07,1,1688,0,486,1,1202,0,0,1,1082,0,307,1,1389,California
Mariposa,2021-02-08,42,1730,2,488,40,1242,0,0,23,1086,19,326,23,1412,California
Mariposa,2021-02-09,46,1776,26,514,20,1262,0,0,39,1118,7,333,39,1451,California
Mariposa,2021-02-10,29,1805,5,519,24,1286,0,0,17,1131,11,344,24,1475,California
Mariposa,2021-02-11,381,2186,7,526,374,1660,0,0,364,1481,17,361,367,1842,California
Mariposa,2021-02-12,189,2375,8,534,181,1841,0,0,145,1582,44,405,145,1987,California
Mariposa,2021-02-13,12,2387,3,537,9,1850,0,0,10,1590,2,407,10,1997,California
Mariposa,2021-02-14,8,2395,4,541,4,1854,0,0,5,1592,3,410,5,2002,California
Mariposa,2021-02-15,9,2404,3,544,6,1860,0,0,7,1597,2,412,7,2009,California
Mariposa,2021-02-16,60,2464,36,580,24,1884,0,0,36,1610,24,436,37,2046,California
Mariposa,2021-02-17,38,2502,10,590,28,1912,0,0,28,1630,9,445,29,2075,California
Mariposa,2021-02-18,57,2559,7,597,50,1962,0,0,20,1613,37,482,20,2095,California
Mariposa,2021-02-19,84,2643,4,601,80,2042,0,0,75,1680,9,491,76,2171,California
Mariposa,2021-02-20,259,2902,4,605,255,2297,0,0,226,1875,31,522,226,2397,California
Mariposa,2021-02-21,242,3144,4,609,238,2535,0,0,240,2114,1,523,240,2637,California
Mariposa,2021-02-22,26,3170,10,619,16,2551,0,0,22,2133,3,526,22,2659,California
Mariposa,2021-02-23,43,3213,37,656,6,2557,0,0,25,2140,18,544,25,2684,California
Mariposa,2021-02-24,21,3234,3,659,18,2575,0,0,8,2136,12,556,8,2692,California
Mariposa,2021-02-25,19,3253,9,668,10,2585,0,0,12,2141,7,563,12,2704,California
Mariposa,2021-02-26,421,3674,7,675,414,2999,0,0,354,2429,67,630,355,3059,California
Mariposa,2021-02-27,171,3845,7,682,164,3163,0,0,160,2578,11,641,160,3219,California
Mariposa,2021-02-28,2,3847,1,683,1,3164,0,0,0,2576,2,643,0,3219,California
Mariposa,2021-03-01,87,3934,26,709,61,3225,0,0,18,2526,68,711,18,3237,California
Mariposa,2021-03-02,21,3955,14,723,7,3232,0,0,11,2528,9,720,11,3248,California
Mariposa,2021-03-03,72,4027,6,729,66,3298,0,0,66,2589,6,726,67,3315,California
Mariposa,2021-03-04,43,4070,10,739,33,3331,0,0,21,2589,22,748,22,3337,California
Mariposa,2021-03-05,64,4134,10,749,54,3385,0,0,40,2613,24,772,48,3385,California
Mariposa,2021-03-06,17,4151,7,756,10,3395,0,0,7,2611,10,782,8,3393,California
Mariposa,2021-03-07,1,4152,1,757,0,3395,0,0,0,2610,1,783,0,3393,California
Mariposa,2021-03-08,40,4192,4,761,25,3420,11,11,10,2601,30,813,21,3414,California
Mariposa,2021-03-09,46,4238,18,779,18,3438,10,21,14,2593,32,845,24,3438,California
Mariposa,2021-03-10,34,4272,12,791,12,3450,10,31,10,2590,23,868,20,3458,California
Mariposa,2021-03-11,472,4744,7,798,445,3895,20,51,222,2586,249,1117,245,3703,California
Mariposa,2021-03-12,255,4999,8,806,219,4114,28,79,108,2574,147,1264,135,3838,California
Mariposa,2021-03-13,36,5035,6,812,15,4129,15,94,13,2578,23,1287,27,3865,California
Mariposa,2021-03-14,18,5053,2,814,5,4134,11,105,3,2578,14,1301,14,3879,California
Mariposa,2021-03-15,78,5131,8,822,31,4165,39,144,32,2602,46,1347,70,3949,California
Mariposa,2021-03-16,82,5213,34,856,14,4179,34,178,24,2602,58,1405,58,4007,California
Mariposa,2021-03-17,74,5287,12,868,54,4233,8,186,52,2641,22,1427,61,4068,California
Mariposa,2021-03-18,66,5353,16,884,41,4274,9,195,42,2668,24,1451,51,4119,California
Mariposa,2021-03-19,340,5693,13,897,322,4596,5,200,303,2939,37,1488,308,4427,California
Mariposa,2021-03-20,429,6122,7,904,420,5016,2,202,40,2595,388,1876,44,4471,California
Mariposa,2021-03-21,15,6137,9,913,5,5021,1,203,10,2602,4,1880,11,4482,California
Mariposa,2021-03-22,38,6175,8,921,22,5043,8,211,25,2624,13,1893,35,4517,California
Mariposa,2021-03-23,55,6230,35,956,10,5053,10,221,34,2647,21,1914,44,4561,California
Mariposa,2021-03-24,58,6288,6,962,50,5103,2,223,53,2697,5,1919,55,4616,California
Mariposa,2021-03-25,77,6365,16,978,53,5156,8,231,54,2738,21,1940,62,4678,California
Mariposa,2021-03-26,490,6855,10,988,479,5635,1,232,251,2751,239,2179,252,4930,California
Mariposa,2021-03-27,222,7077,8,996,214,5849,0,232,88,2707,134,2313,90,5020,California
Mariposa,2021-03-28,5,7082,0,996,2,5851,3,235,1,2707,4,2317,4,5024,California
Mariposa,2021-03-29,20,7102,6,1002,14,5865,0,235,12,2711,8,2325,12,5036,California
Mariposa,2021-03-30,37,7139,13,1015,8,5873,16,251,14,2718,23,2348,30,5066,California
Mariposa,2021-03-31,89,7228,16,1031,66,5939,7,258,68,2772,21,2369,75,5141,California
Mariposa,2021-04-01,55,7283,11,1042,35,5974,9,267,34,2794,21,2390,43,5184,California
Mariposa,2021-04-02,350,7633,14,1056,333,6307,3,270,307,3062,42,2432,310,5494,California
Mariposa,2021-04-03,11,7644,8,1064,3,6310,0,270,6,3063,5,2437,6,5500,California
Mariposa,2021-04-04,2,7646,1,1065,0,6310,1,271,0,3062,2,2439,1,5501,California
Mariposa,2021-04-05,34,7680,23,1088,7,6317,4,275,16,3064,18,2457,20,5521,California
Mariposa,2021-04-06,43,7723,21,1109,6,6323,16,291,13,3064,29,2486,29,5550,California
Mariposa,2021-04-07,99,7822,7,1116,73,6396,19,310,28,3040,71,2557,47,5597,California
Mariposa,2021-04-08,280,8102,16,1132,245,6641,19,329,145,3072,133,2690,165,5762,California
Mariposa,2021-04-09,39,8141,9,1141,15,6656,15,344,11,3070,28,2718,26,5788,California
Mariposa,2021-04-10,203,8344,4,1145,189,6845,10,354,187,3252,14,2732,196,5984,California
Mariposa,2021-04-11,124,8468,4,1149,118,6963,2,356,57,3245,67,2799,60,6044,California
Mariposa,2021-04-12,43,8511,14,1163,27,6990,2,358,14,3232,29,2828,16,6060,California
Mariposa,2021-04-13,53,8564,46,1209,7,6997,0,358,34,3247,19,2847,34,6094,California
Mariposa,2021-04-14,113,8677,9,1218,104,7101,0,358,58,3251,54,2901,58,6152,California
Mariposa,2021-04-15,59,8736,17,1235,42,7143,0,358,41,3277,15,2916,41,6193,California
Mariposa,2021-04-16,382,9118,14,1249,368,7511,0,358,106,3108,275,3191,106,6299,California
Mariposa,2021-04-17,10,9128,6,1255,4,7515,0,358,8,3114,2,3193,8,6307,California
Mariposa,2021-04-18,8,9136,0,1255,8,7523,0,358,3,3112,5,3198,3,6310,California
Mariposa,2021-04-19,58,9194,26,1281,32,7555,0,358,30,3116,26,3224,30,6340,California
Mariposa,2021-04-20,62,9256,48,1329,14,7569,0,358,37,3130,23,3247,37,6377,California
Mariposa,2021-04-21,94,9350,15,1344,79,7648,0,358,43,3123,50,3297,43,6420,California
Mariposa,2021-04-22,51,9401,11,1355,40,7688,0,358,38,3149,12,3309,38,6458,California
Mariposa,2021-04-23,316,9717,71,1426,245,7933,0,358,145,3125,171,3480,147,6605,California
Mariposa,2021-04-24,106,9823,10,1436,96,8029,0,358,43,3106,62,3542,43,6648,California
Mariposa,2021-04-26,17,9840,12,1448,5,8034,0,358,6,3101,11,3553,6,6654,California
Mariposa,2021-04-27,34,9874,17,1465,15,8049,2,360,15,3102,16,3569,17,6671,California
Mariposa,2021-04-28,73,9947,13,1478,53,8102,7,367,27,3090,46,3615,34,6705,California
Mariposa,2021-04-29,83,10030,12,1490,70,8172,1,368,78,3164,5,3620,79,6784,California
Mariposa,2021-04-30,211,10241,6,1496,200,8372,5,373,62,3082,149,3769,67,6851,California
Mariposa,2021-05-01,3,10244,2,1498,1,8373,0,373,1,3081,2,3771,1,6852,California
Mariposa,2021-05-02,3,10247,2,1500,0,8373,1,374,0,3079,3,3774,1,6853,California
Mariposa,2021-05-03,16,10263,12,1512,3,8376,1,375,7,3078,9,3783,8,6861,California
Mariposa,2021-05-04,50,10313,31,1543,15,8391,4,379,37,3106,13,3796,41,6902,California
Mariposa,2021-05-05,57,10370,9,1552,46,8437,2,381,18,3087,39,3835,20,6922,California
Mariposa,2021-05-06,57,10427,36,1588,16,8453,5,386,40,3115,17,3852,45,6967,California
Mariposa,2021-05-07,28,10455,8,1596,17,8470,3,389,13,3116,15,3867,16,6983,California
Mariposa,2021-05-08,282,10737,7,1603,275,8745,0,389,33,2902,249,4116,35,7018,California
Mariposa,2021-05-09,2,10739,1,1604,1,8746,0,389,0,2900,2,4118,0,7018,California
Mariposa,2021-05-10,20,10759,9,1613,9,8755,2,391,5,2892,15,4133,7,7025,California
Mariposa,2021-05-11,28,10787,18,1631,10,8765,0,391,21,2907,6,4139,21,7046,California
Mariposa,2021-05-12,68,10855,4,1635,58,8823,6,397,6,2857,62,4201,12,7058,California
Mariposa,2021-05-13,48,10903,8,1643,38,8861,2,399,13,2837,35,4236,15,7073,California
Mariposa,2021-05-14,249,11152,121,1764,121,8982,7,406,117,2829,132,4368,124,7197,California
Mariposa,2021-05-15,19,11171,9,1773,8,8990,2,408,11,2835,6,4374,12,7209,California
Mariposa,2021-05-16,3,11174,1,1774,1,8991,1,409,1,2835,2,4376,2,7211,California
Mariposa,2021-05-17,18,11192,7,1781,7,8998,4,413,7,2834,11,4387,10,7221,California
Mariposa,2021-05-18,63,11255,43,1824,15,9013,5,418,46,2869,16,4403,51,7272,California
Mariposa,2021-05-19,71,11326,32,1856,38,9051,1,419,52,2904,18,4421,53,7325,California
Mariposa,2021-05-20,33,11359,18,1874,13,9064,2,421,12,2897,21,4442,14,7339,California
Mariposa,2021-05-21,94,11453,9,1883,83,9147,2,423,43,2893,49,4491,45,7384,California
Mariposa,2021-05-22,49,11502,7,1890,41,9188,1,424,18,2881,31,4522,19,7403,California
Mariposa,2021-05-23,4,11506,2,1892,1,9189,1,425,2,2882,2,4524,3,7406,California
Mariposa,2021-05-24,14,11520,8,1900,4,9193,2,427,8,2886,6,4530,10,7416,California
Mariposa,2021-05-25,26,11546,16,1916,10,9203,0,427,18,2896,8,4538,18,7434,California
Mariposa,2021-05-26,35,11581,4,1920,27,9230,4,431,28,2921,7,4545,32,7466,California
Mariposa,2021-05-27,120,11701,64,1984,55,9285,1,432,62,2926,58,4603,63,7529,California
Mariposa,2021-05-28,65,11766,5,1989,56,9341,4,436,23,2911,42,4645,27,7556,California
Mariposa,2021-05-29,8,11774,2,1991,5,9346,1,437,3,2912,3,4648,4,7560,California
Mariposa,2021-05-30,1,11775,0,1991,0,9346,1,438,0,2912,1,4649,1,7561,California
Mariposa,2021-05-31,2,11777,0,1991,1,9347,1,439,0,2911,2,4651,1,7562,California
Mariposa,2021-06-01,14,11791,3,1994,11,9358,0,439,5,2907,9,4660,5,7567,California
Mariposa,2021-06-02,26,11817,14,2008,7,9365,5,444,6,2899,19,4679,11,7578,California
Mariposa,2021-06-03,20,11837,10,2018,7,9372,3,447,7,2896,13,4692,10,7588,California
Mariposa,2021-06-04,89,11926,78,2096,9,9381,2,449,26,2862,61,4753,27,7615,California
Mariposa,2021-06-05,30,11956,4,2100,24,9405,2,451,7,2848,23,4776,9,7624,California
Mariposa,2021-06-06,4,11960,3,2103,0,9405,1,452,1,2847,3,4779,2,7626,California
Mariposa,2021-06-07,9,11969,4,2107,5,9410,0,452,3,2845,5,4784,3,7629,California
Mariposa,2021-06-08,46,12015,34,2141,10,9420,2,454,14,2829,32,4816,16,7645,California
Mariposa,2021-06-09,28,12043,21,2162,2,9422,5,459,6,2818,22,4838,11,7656,California
Mariposa,2021-06-10,16,12059,8,2170,5,9427,3,462,6,2818,10,4848,10,7666,California
Mariposa,2021-06-11,43,12102,12,2182,23,9450,8,470,9,2801,34,4882,17,7683,California
Mariposa,2021-06-12,17,12119,11,2193,5,9455,1,471,3,2790,14,4896,3,7686,California
Mariposa,2021-06-13,1,12120,0,2193,0,9455,1,472,0,2790,1,4897,1,7687,California
Mariposa,2021-06-14,13,12133,4,2197,8,9463,1,473,5,2788,8,4905,6,7693,California
Mariposa,2021-06-15,24,12157,12,2209,11,9474,1,474,7,2779,17,4922,8,7701,California
Mariposa,2021-06-16,29,12186,13,2222,15,9489,1,475,8,2767,21,4943,9,7710,California
Mariposa,2021-06-17,11,12197,6,2228,5,9494,0,475,4,2764,7,4950,4,7714,California
Mariposa,2021-06-18,68,12265,49,2277,16,9510,3,478,33,2765,34,4984,35,7749,California
Mariposa,2021-06-19,18,12283,5,2282,13,9523,0,478,6,2759,12,4996,6,7755,California
Mariposa,2021-06-21,11,12294,4,2286,7,9530,0,478,7,2763,3,4999,7,7762,California
Mariposa,2021-06-22,23,12317,9,2295,11,9541,3,481,13,2769,10,5009,16,7778,California
Mariposa,2021-06-23,9,12326,3,2298,3,9544,3,484,5,2773,4,5013,8,7786,California
Mariposa,2021-06-24,12,12338,5,2303,7,9551,0,484,6,2773,6,5019,6,7792,California
Mariposa,2021-06-25,51,12389,23,2326,27,9578,1,485,18,2760,32,5051,19,7811,California
Mariposa,2021-06-26,1,12390,1,2327,0,9578,0,485,0,2759,1,5052,0,7811,California
Mariposa,2021-06-27,1,12391,0,2327,0,9578,1,486,0,2759,1,5053,1,7812,California
Mariposa,2021-06-28,3,12394,3,2330,0,9578,0,486,3,2762,0,5053,3,7815,California
Mariposa,2021-06-29,7,12401,3,2333,3,9581,1,487,3,2762,4,5057,4,7819,California
Mariposa,2021-06-30,2,12403,0,2333,1,9582,1,488,0,2761,2,5059,1,7820,California
Mariposa,2021-07-01,21,12424,17,2350,2,9584,2,490,8,2758,13,5072,10,7830,California
Mariposa,2021-07-02,3,12427,3,2353,0,9584,0,490,2,2760,0,5072,2,7832,California
Mariposa,2021-07-05,4,12431,1,2354,2,9586,1,491,1,2759,3,5075,2,7834,California
Mariposa,2021-07-06,10,12441,3,2357,2,9588,5,496,2,2758,8,5083,7,7841,California
Mariposa,2021-07-07,12,12453,10,2367,1,9589,1,497,7,2761,5,5088,8,7849,California
Mariposa,2021-07-08,30,12483,19,2386,9,9598,2,499,13,2759,17,5105,15,7864,California
Mariposa,2021-07-09,5,12488,3,2389,0,9598,2,501,1,2758,4,5109,3,7867,California
Mariposa,2021-07-10,1,12489,0,2389,0,9598,1,502,0,2758,1,5110,1,7868,California
Mendocino,2020-12-17,70,70,70,70,0,0,0,0,70,70,0,0,70,70,California
Mendocino,2020-12-18,85,155,84,154,1,1,0,0,84,154,0,0,84,154,California
Mendocino,2020-12-19,4,159,4,158,0,1,0,0,4,158,0,0,4,158,California
Mendocino,2020-12-20,7,166,7,165,0,1,0,0,7,165,0,0,7,165,California
Mendocino,2020-12-21,237,403,237,402,0,1,0,0,77,242,0,0,77,242,California
Mendocino,2020-12-22,253,656,192,594,61,62,0,0,253,495,0,0,253,495,California
Mendocino,2020-12-23,272,928,48,642,224,286,0,0,271,766,0,0,271,766,California
Mendocino,2020-12-24,49,977,8,650,41,327,0,0,49,815,0,0,49,815,California
Mendocino,2020-12-25,1,978,0,650,1,328,0,0,1,816,0,0,1,816,California
Mendocino,2020-12-26,2,980,2,652,0,328,0,0,2,818,0,0,2,818,California
Mendocino,2020-12-27,1,981,0,652,1,329,0,0,1,819,0,0,1,819,California
Mendocino,2020-12-28,74,1055,9,661,65,394,0,0,74,893,0,0,74,893,California
Mendocino,2020-12-29,122,1177,61,722,61,455,0,0,122,1015,0,0,122,1015,California
Mendocino,2020-12-30,122,1299,69,791,53,508,0,0,122,1137,0,0,122,1137,California
Mendocino,2020-12-31,132,1431,97,888,35,543,0,0,132,1269,0,0,132,1269,California
Mendocino,2021-01-01,10,1441,7,895,3,546,0,0,10,1279,0,0,10,1279,California
Mendocino,2021-01-02,1,1442,1,896,0,546,0,0,1,1280,0,0,1,1280,California
Mendocino,2021-01-04,838,2280,18,914,820,1366,0,0,838,2118,0,0,838,2118,California
Mendocino,2021-01-05,71,2351,36,950,35,1401,0,0,58,2163,13,13,58,2176,California
Mendocino,2021-01-06,158,2509,136,1086,22,1423,0,0,148,2301,10,23,148,2324,California
Mendocino,2021-01-07,361,2870,239,1325,122,1545,0,0,298,2536,63,86,298,2622,California
Mendocino,2021-01-08,95,2965,82,1407,13,1558,0,0,41,2524,54,140,42,2664,California
Mendocino,2021-01-09,10,2975,6,1413,4,1562,0,0,8,2530,2,142,8,2672,California
Mendocino,2021-01-10,9,2984,8,1421,1,1563,0,0,2,2525,7,149,2,2674,California
Mendocino,2021-01-11,103,3087,93,1514,10,1573,0,0,45,2513,57,206,45,2719,California
Mendocino,2021-01-12,389,3476,379,1893,10,1583,0,0,272,2668,117,323,272,2991,California
Mendocino,2021-01-13,497,3973,150,2043,347,1930,0,0,451,3076,44,367,452,3443,California
Mendocino,2021-01-14,658,4631,21,2064,637,2567,0,0,649,3716,9,376,649,4092,California
Mendocino,2021-01-15,1878,6509,869,2933,1009,3576,0,0,1873,5585,5,381,1874,5966,California
Mendocino,2021-01-16,789,7298,48,2981,741,4317,0,0,787,6370,2,383,787,6753,California
Mendocino,2021-01-17,554,7852,1,2982,553,4870,0,0,553,6922,1,384,553,7306,California
Mendocino,2021-01-18,487,8339,462,3444,25,4895,0,0,475,7385,12,396,475,7781,California
Mendocino,2021-01-19,337,8676,151,3595,186,5081,0,0,159,7366,178,574,159,7940,California
Mendocino,2021-01-20,559,9235,410,4005,149,5230,0,0,452,7714,105,679,453,8393,California
Mendocino,2021-01-21,539,9774,226,4231,313,5543,0,0,352,7880,186,865,352,8745,California
Mendocino,2021-01-22,152,9926,61,4292,91,5634,0,0,112,7952,40,905,112,8857,California
Mendocino,2021-01-23,155,10081,84,4376,71,5705,0,0,149,8095,6,911,149,9006,California
Mendocino,2021-01-24,5,10086,3,4379,2,5707,0,0,5,8100,0,911,5,9011,California
Mendocino,2021-01-25,192,10278,18,4397,174,5881,0,0,122,8152,70,981,122,9133,California
Mendocino,2021-01-26,155,10433,55,4452,100,5981,0,0,96,8189,59,1040,96,9229,California
Mendocino,2021-01-27,445,10878,374,4826,71,6052,0,0,178,8107,260,1300,178,9407,California
Mendocino,2021-01-28,605,11483,542,5368,63,6115,0,0,509,8521,95,1395,509,9916,California
Mendocino,2021-01-29,392,11875,352,5720,40,6155,0,0,363,8856,29,1424,364,10280,California
Mendocino,2021-01-30,50,11925,31,5751,19,6174,0,0,43,8892,7,1431,43,10323,California
Mendocino,2021-01-31,276,12201,3,5754,273,6447,0,0,5,8626,271,1702,5,10328,California
Mendocino,2021-02-01,383,12584,54,5808,329,6776,0,0,60,8363,323,2025,60,10388,California
Mendocino,2021-02-02,748,13332,526,6334,222,6998,0,0,386,8387,362,2387,386,10774,California
Mendocino,2021-02-03,399,13731,210,6544,189,7187,0,0,227,8444,170,2557,227,11001,California
Mendocino,2021-02-04,631,14362,535,7079,96,7283,0,0,502,8817,129,2686,502,11503,California
Mendocino,2021-02-05,1306,15668,1216,8295,90,7373,0,0,587,8687,717,3403,587,12090,California
Mendocino,2021-02-06,558,16226,159,8454,399,7772,0,0,543,9215,15,3418,543,12633,California
Mendocino,2021-02-07,34,16260,30,8484,4,7776,0,0,34,9249,0,3418,34,12667,California
Mendocino,2021-02-08,753,17013,720,9204,33,7809,0,0,287,9070,466,3884,287,12954,California
Mendocino,2021-02-09,143,17156,60,9264,83,7892,0,0,89,9105,54,3938,89,13043,California
Mendocino,2021-02-10,1490,18646,924,10188,566,8458,0,0,742,9106,741,4679,742,13785,California
Mendocino,2021-02-11,1214,19860,209,10397,1005,9463,0,0,298,8488,916,5595,298,14083,California
Mendocino,2021-02-12,1458,21318,163,10560,1295,10758,0,0,659,8349,798,6393,659,14742,California
Mendocino,2021-02-13,506,21824,14,10574,492,11250,0,0,104,8057,401,6794,109,14851,California
Mendocino,2021-02-14,695,22519,4,10578,691,11941,0,0,135,7632,560,7354,135,14986,California
Mendocino,2021-02-15,336,22855,43,10621,293,12234,0,0,177,7651,158,7512,177,15163,California
Mendocino,2021-02-16,201,23056,52,10673,149,12383,0,0,128,7706,73,7585,128,15291,California
Mendocino,2021-02-17,1376,24432,1213,11886,163,12546,0,0,886,8104,488,8073,886,16177,California
Mendocino,2021-02-18,1833,26265,688,12574,1145,13691,0,0,1235,8743,596,8669,1235,17412,California
Mendocino,2021-02-19,765,27030,153,12727,612,14303,0,0,621,9222,144,8813,623,18035,California
Mendocino,2021-02-20,582,27612,554,13281,28,14331,0,0,550,9742,30,8843,550,18585,California
Mendocino,2021-02-21,327,27939,9,13290,318,14649,0,0,314,10044,12,8855,314,18899,California
Mendocino,2021-02-22,168,28107,31,13321,137,14786,0,0,71,10020,95,8950,71,18970,California
Mendocino,2021-02-23,869,28976,855,14176,14,14800,0,0,653,10459,214,9164,653,19623,California
Mendocino,2021-02-24,1871,30847,1788,15964,83,14883,0,0,1440,11476,425,9589,1442,21065,California
Mendocino,2021-02-25,1729,32576,553,16517,1176,16059,0,0,1296,12341,431,10020,1296,22361,California
Mendocino,2021-02-26,1452,34028,778,17295,674,16733,0,0,1066,13024,383,10403,1066,23427,California
Mendocino,2021-02-27,203,34231,153,17448,50,16783,0,0,78,12978,124,10527,78,23505,California
Mendocino,2021-02-28,36,34267,14,17462,22,16805,0,0,23,12988,13,10540,23,23528,California
Mendocino,2021-03-01,593,34860,547,18009,46,16851,0,0,551,13500,39,10579,551,24079,California
Mendocino,2021-03-02,76,34936,28,18037,48,16899,0,0,42,13509,33,10612,42,24121,California
Mendocino,2021-03-03,2038,36974,1334,19371,704,17603,0,0,1385,14243,651,11263,1385,25506,California
Mendocino,2021-03-04,1854,38828,152,19523,1702,19305,0,0,1633,15660,218,11481,1635,27141,California
Mendocino,2021-03-05,482,39310,418,19941,55,19360,9,9,374,15939,104,11585,383,27524,California
Mendocino,2021-03-06,250,39560,25,19966,198,19558,27,36,206,16129,43,11628,233,27757,California
Mendocino,2021-03-07,527,40087,27,19993,480,20038,20,56,138,15898,388,12016,157,27914,California
Mendocino,2021-03-08,124,40211,28,20021,59,20097,37,93,64,15941,58,12074,101,28015,California
Mendocino,2021-03-09,941,41152,598,20619,302,20399,41,134,832,16705,109,12183,873,28888,California
Mendocino,2021-03-10,1148,42300,984,21603,99,20498,65,199,266,16163,876,13059,334,29222,California
Mendocino,2021-03-11,849,43149,632,22235,162,20660,55,254,394,16160,452,13511,449,29671,California
Mendocino,2021-03-12,2068,45217,1058,23293,898,21558,112,366,1235,16680,827,14338,1347,31018,California
Mendocino,2021-03-13,705,45922,570,23863,77,21635,58,424,106,16249,595,14933,164,31182,California
Mendocino,2021-03-14,105,46027,3,23866,95,21730,7,431,12,16179,89,15022,19,31201,California
Mendocino,2021-03-15,604,46631,52,23918,493,22223,59,490,210,16056,391,15413,268,31469,California
Mendocino,2021-03-16,584,47215,389,24307,149,22372,46,536,116,15752,466,15879,162,31631,California
Mendocino,2021-03-17,1585,48800,1380,25687,57,22429,148,684,211,14752,1366,17245,366,31997,California
Mendocino,2021-03-18,1306,50106,246,25933,1023,23452,37,721,269,14029,1029,18274,306,32303,California
Mendocino,2021-03-19,1777,51883,855,26788,861,24313,61,782,310,12942,1460,19734,373,32676,California
Mendocino,2021-03-20,71,51954,11,26799,39,24352,21,803,13,12918,58,19792,34,32710,California
Mendocino,2021-03-21,8,51962,1,26800,2,24354,5,808,3,12921,5,19797,8,32718,California
Mendocino,2021-03-22,656,52618,611,27411,16,24370,29,837,146,12589,506,20303,174,32892,California
Mendocino,2021-03-23,165,52783,34,27445,101,24471,30,867,114,12682,51,20354,144,33036,California
Mendocino,2021-03-24,918,53701,843,28288,27,24498,48,915,111,12036,805,21159,159,33195,California
Mendocino,2021-03-25,2018,55719,54,28342,1944,26442,20,935,173,10388,1839,22998,191,33386,California
Mendocino,2021-03-26,548,56267,395,28737,127,26569,26,961,114,10094,433,23431,139,33525,California
Mendocino,2021-03-27,163,56430,33,28770,118,26687,12,973,83,10109,79,23510,94,33619,California
Mendocino,2021-03-28,28,56458,6,28776,18,26705,4,977,4,10094,23,23533,8,33627,California
Mendocino,2021-03-29,191,56649,99,28875,48,26753,44,1021,96,10139,95,23628,140,33767,California
Mendocino,2021-03-30,720,57369,635,29510,48,26801,37,1058,106,9671,611,24239,143,33910,California
Mendocino,2021-03-31,918,58287,280,29790,577,27378,61,1119,154,9125,761,25000,215,34125,California
Mendocino,2021-04-01,1755,60042,427,30217,1247,28625,81,1200,383,8227,1361,26361,463,34588,California
Mendocino,2021-04-02,1311,61353,1077,31294,161,28786,73,1273,158,7308,1150,27511,231,34819,California
Mendocino,2021-04-03,715,62068,14,31308,680,29466,21,1294,88,6795,622,28133,109,34928,California
Mendocino,2021-04-04,71,62139,35,31343,30,29496,6,1300,54,6838,17,28150,60,34988,California
Mendocino,2021-04-05,213,62352,141,31484,48,29544,24,1324,127,6900,86,28236,148,35136,California
Mendocino,2021-04-06,402,62754,125,31609,182,29726,95,1419,108,6810,294,28530,204,35340,California
Mendocino,2021-04-07,493,63247,181,31790,65,29791,247,1666,118,6801,372,28902,363,35703,California
Mendocino,2021-04-08,1495,64742,916,32706,464,30255,115,1781,1003,7433,485,29387,1117,36820,California
Mendocino,2021-04-09,761,65503,430,33136,170,30425,161,1942,399,7631,362,29749,560,37380,California
Mendocino,2021-04-10,406,65909,92,33228,268,30693,46,1988,98,7467,308,30057,144,37524,California
Mendocino,2021-04-11,121,66030,47,33275,19,30712,55,2043,59,7519,62,30119,114,37638,California
Mendocino,2021-04-12,624,66654,515,33790,48,30760,61,2104,409,7774,215,30334,470,38108,California
Mendocino,2021-04-13,292,66946,230,34020,62,30822,0,2104,224,7930,68,30402,224,38332,California
Mendocino,2021-04-14,524,67470,430,34450,94,30916,0,2104,420,8246,104,30506,420,38752,California
Mendocino,2021-04-15,661,68131,328,34778,333,31249,0,2104,386,8362,270,30776,386,39138,California
Mendocino,2021-04-16,127,68258,54,34832,72,31321,1,2105,78,8392,48,30824,78,39216,California
Mendocino,2021-04-17,195,68453,12,34844,183,31504,0,2105,68,8335,125,30949,68,39284,California
Mendocino,2021-04-18,15,68468,7,34851,8,31512,0,2105,8,8338,5,30954,8,39292,California
Mendocino,2021-04-19,542,69010,516,35367,25,31537,1,2106,429,8657,111,31065,430,39722,California
Mendocino,2021-04-20,431,69441,297,35664,134,31671,0,2106,269,8766,160,31225,269,39991,California
Mendocino,2021-04-21,199,69640,136,35800,62,31733,1,2107,118,8805,79,31304,118,40109,California
Mendocino,2021-04-22,489,70129,318,36118,170,31903,1,2108,314,8948,171,31475,314,40423,California
Mendocino,2021-04-23,861,70990,703,36821,158,32061,0,2108,699,9488,159,31634,699,41122,California
Mendocino,2021-04-24,110,71100,16,36837,94,32155,0,2108,102,9582,8,31642,102,41224,California
Mendocino,2021-04-25,58,71158,34,36871,20,32175,4,2112,18,9565,39,31681,22,41246,California
Mendocino,2021-04-26,310,71468,239,37110,66,32241,5,2117,202,9666,106,31787,207,41453,California
Mendocino,2021-04-27,209,71677,92,37202,90,32331,27,2144,97,9678,111,31898,123,41576,California
Mendocino,2021-04-28,224,71901,148,37350,57,32388,19,2163,126,9727,97,31995,146,41722,California
Mendocino,2021-04-29,1143,73044,839,38189,289,32677,15,2178,112,8828,1025,33020,126,41848,California
Mendocino,2021-04-30,607,73651,383,38572,214,32891,10,2188,228,8688,378,33398,238,42086,California
Mendocino,2021-05-01,481,74132,435,39007,38,32929,8,2196,375,8966,105,33503,383,42469,California
Mendocino,2021-05-02,56,74188,46,39053,7,32936,3,2199,8,8930,47,33550,11,42480,California
Mendocino,2021-05-03,146,74334,85,39138,40,32976,21,2220,42,8891,102,33652,63,42543,California
Mendocino,2021-05-04,382,74716,255,39393,95,33071,32,2252,144,8830,237,33889,176,42719,California
Mendocino,2021-05-05,881,75597,792,40185,74,33145,15,2267,225,8414,654,34543,238,42957,California
Mendocino,2021-05-06,635,76232,384,40569,229,33374,22,2289,156,8115,477,35020,178,43135,California
Mendocino,2021-05-07,189,76421,36,40605,128,33502,25,2314,121,8193,67,35087,145,43280,California
Mendocino,2021-05-08,126,76547,5,40610,120,33622,1,2315,110,8289,15,35102,111,43391,California
Mendocino,2021-05-09,22,76569,7,40617,14,33636,1,2316,5,8278,17,35119,6,43397,California
Mendocino,2021-05-10,244,76813,161,40778,78,33714,5,2321,151,8341,93,35212,156,43553,California
Mendocino,2021-05-11,279,77092,143,40921,118,33832,18,2339,130,8340,147,35359,146,43699,California
Mendocino,2021-05-12,144,77236,82,41003,53,33885,9,2348,45,8297,97,35456,54,43753,California
Mendocino,2021-05-13,1234,78470,1121,42124,96,33981,17,2365,321,7723,912,36368,338,44091,California
Mendocino,2021-05-14,721,79191,491,42615,167,34148,63,2428,247,7564,469,36837,310,44401,California
Mendocino,2021-05-15,84,79275,28,42643,52,34200,4,2432,39,7562,45,36882,43,44444,California
Mendocino,2021-05-16,117,79392,104,42747,11,34211,2,2434,99,7647,17,36899,102,44546,California
Mendocino,2021-05-17,178,79570,85,42832,77,34288,16,2450,102,7689,76,36975,118,44664,California
Mendocino,2021-05-18,249,79819,119,42951,99,34387,31,2481,108,7687,140,37115,138,44802,California
Mendocino,2021-05-19,329,80148,191,43142,117,34504,21,2502,243,7868,83,37198,264,45066,California
Mendocino,2021-05-20,299,80447,116,43258,138,34642,45,2547,103,7823,193,37391,148,45214,California
Mendocino,2021-05-21,654,81101,475,43733,164,34806,15,2562,507,8199,146,37537,522,45736,California
Mendocino,2021-05-22,785,81886,675,44408,102,34908,8,2570,240,7903,544,38081,248,45984,California
Mendocino,2021-05-23,29,81915,12,44420,10,34918,7,2577,15,7911,13,38094,21,46005,California
Mendocino,2021-05-24,129,82044,45,44465,63,34981,21,2598,61,7926,67,38161,82,46087,California
Mendocino,2021-05-25,303,82347,180,44645,90,35071,33,2631,135,7927,166,38327,167,46254,California
Mendocino,2021-05-26,324,82671,244,44889,68,35139,12,2643,131,7878,192,38519,143,46397,California
Mendocino,2021-05-27,249,82920,112,45001,112,35251,25,2668,102,7859,145,38664,126,46523,California
Mendocino,2021-05-28,238,83158,98,45099,127,35378,13,2681,153,7943,83,38747,167,46690,California
Mendocino,2021-05-29,49,83207,17,45116,27,35405,5,2686,24,7947,25,38772,29,46719,California
Mendocino,2021-05-30,15,83222,2,45118,12,35417,1,2687,10,7953,5,38777,11,46730,California
Mendocino,2021-05-31,6,83228,0,45118,5,35422,1,2688,2,7953,3,38780,3,46733,California
Mendocino,2021-06-01,312,83540,105,45223,198,35620,9,2697,83,7816,229,39009,92,46825,California
Mendocino,2021-06-02,157,83697,59,45282,90,35710,8,2705,54,7778,100,39109,62,46887,California
Mendocino,2021-06-03,560,84257,455,45737,93,35803,12,2717,123,7483,430,39539,135,47022,California
Mendocino,2021-06-04,318,84575,192,45929,103,35906,23,2740,86,7361,231,39770,109,47131,California
Mendocino,2021-06-05,226,84801,94,46023,114,36020,18,2758,73,7301,151,39921,91,47222,California
Mendocino,2021-06-06,63,84864,58,46081,2,36022,3,2761,2,7245,61,39982,5,47227,California
Mendocino,2021-06-07,148,85012,72,46153,64,36086,12,2773,58,7225,90,40072,70,47297,California
Mendocino,2021-06-08,244,85256,142,46295,88,36174,14,2787,110,7220,129,40201,124,47421,California
Mendocino,2021-06-09,310,85566,249,46544,51,36225,10,2797,106,7133,203,40404,116,47537,California
Mendocino,2021-06-10,131,85697,70,46614,45,36270,16,2813,58,7134,73,40477,74,47611,California
Mendocino,2021-06-11,750,86447,589,47203,133,36403,28,2841,124,6662,624,41101,152,47763,California
Mendocino,2021-06-12,78,86525,53,47256,19,36422,6,2847,28,6647,49,41150,34,47797,California
Mendocino,2021-06-13,29,86554,16,47272,11,36433,2,2849,15,6651,13,41163,17,47814,California
Mendocino,2021-06-14,130,86684,58,47330,53,36486,19,2868,48,6636,81,41244,66,47880,California
Mendocino,2021-06-15,260,86944,167,47497,74,36560,19,2887,85,6565,175,41419,104,47984,California
Mendocino,2021-06-16,274,87218,172,47669,80,36640,22,2909,70,6455,202,41621,92,48076,California
Mendocino,2021-06-17,173,87391,90,47759,62,36702,21,2930,56,6416,116,41737,77,48153,California
Mendocino,2021-06-18,281,87672,128,47887,123,36825,30,2960,80,6326,199,41936,109,48262,California
Mendocino,2021-06-19,76,87748,43,47930,26,36851,7,2967,17,6291,59,41995,24,48286,California
Mendocino,2021-06-20,12,87760,4,47934,4,36855,4,2971,7,6297,5,42000,11,48297,California
Mendocino,2021-06-21,100,87860,34,47968,55,36910,11,2982,43,6296,54,42054,53,48350,California
Mendocino,2021-06-22,133,87993,86,48054,34,36944,13,2995,56,6290,75,42129,69,48419,California
Mendocino,2021-06-23,227,88220,160,48214,37,36981,30,3025,101,6295,126,42255,131,48550,California
Mendocino,2021-06-24,197,88417,110,48324,70,37051,17,3042,73,6262,123,42378,90,48640,California
Mendocino,2021-06-25,184,88601,97,48421,74,37125,13,3055,71,6234,112,42490,84,48724,California
Mendocino,2021-06-26,72,88673,47,48468,21,37146,4,3059,21,6208,51,42541,25,48749,California
Mendocino,2021-06-27,23,88696,13,48481,9,37155,1,3060,13,6212,10,42551,14,48763,California
Mendocino,2021-06-28,64,88760,43,48524,11,37166,10,3070,20,6200,42,42593,30,48793,California
Mendocino,2021-06-29,153,88913,113,48637,38,37204,2,3072,44,6137,109,42702,46,48839,California
Mendocino,2021-06-30,181,89094,147,48784,27,37231,7,3079,57,6079,123,42825,65,48904,California
Mendocino,2021-07-01,114,89208,66,48850,38,37269,10,3089,65,6106,48,42873,75,48979,California
Mendocino,2021-07-02,105,89313,65,48915,30,37299,10,3099,50,6112,54,42927,60,49039,California
Mendocino,2021-07-03,39,89352,28,48943,9,37308,2,3101,18,6111,21,42948,20,49059,California
Mendocino,2021-07-04,1,89353,0,48943,1,37309,0,3101,1,6112,0,42948,1,49060,California
Mendocino,2021-07-05,37,89390,17,48960,15,37324,5,3106,15,6110,22,42970,20,49080,California
Mendocino,2021-07-06,210,89600,156,49116,41,37365,13,3119,88,6089,122,43092,101,49181,California
Mendocino,2021-07-07,85,89685,56,49172,23,37388,6,3125,36,6084,47,43139,42,49223,California
Mendocino,2021-07-08,85,89770,47,49219,31,37419,7,3132,37,6080,48,43187,44,49267,California
Mendocino,2021-07-09,162,89932,106,49325,34,37453,22,3154,70,6082,89,43276,91,49358,California
Mendocino,2021-07-10,24,89956,12,49337,12,37465,0,3154,14,6086,10,43286,14,49372,California
Mendocino,2021-07-11,18,89974,10,49347,2,37467,6,3160,7,6088,11,43297,13,49385,California
Merced,2020-12-16,3,3,3,3,0,0,0,0,3,3,0,0,3,3,California
Merced,2020-12-17,9,12,9,12,0,0,0,0,9,12,0,0,9,12,California
Merced,2020-12-18,147,159,147,159,0,0,0,0,147,159,0,0,147,159,California
Merced,2020-12-19,38,197,38,197,0,0,0,0,38,197,0,0,38,197,California
Merced,2020-12-20,18,215,18,215,0,0,0,0,18,215,0,0,18,215,California
Merced,2020-12-21,124,339,121,336,3,3,0,0,124,339,0,0,124,339,California
Merced,2020-12-22,153,492,153,489,0,3,0,0,153,492,0,0,153,492,California
Merced,2020-12-23,255,747,248,737,7,10,0,0,255,747,0,0,255,747,California
Merced,2020-12-24,72,819,72,809,0,10,0,0,72,819,0,0,72,819,California
Merced,2020-12-25,4,823,4,813,0,10,0,0,4,823,0,0,4,823,California
Merced,2020-12-26,6,829,3,816,3,13,0,0,6,829,0,0,6,829,California
Merced,2020-12-27,12,841,11,827,1,14,0,0,12,841,0,0,12,841,California
Merced,2020-12-28,123,964,98,925,25,39,0,0,123,964,0,0,123,964,California
Merced,2020-12-29,194,1158,124,1049,70,109,0,0,194,1158,0,0,194,1158,California
Merced,2020-12-30,218,1376,90,1139,128,237,0,0,218,1376,0,0,218,1376,California
Merced,2020-12-31,102,1478,33,1172,69,306,0,0,102,1478,0,0,102,1478,California
Merced,2021-01-01,6,1484,1,1173,5,311,0,0,6,1484,0,0,6,1484,California
Merced,2021-01-02,131,1615,120,1293,11,322,0,0,131,1615,0,0,131,1615,California
Merced,2021-01-03,9,1624,5,1298,4,326,0,0,9,1624,0,0,9,1624,California
Merced,2021-01-04,82,1706,42,1340,40,366,0,0,82,1706,0,0,82,1706,California
Merced,2021-01-05,330,2036,235,1575,95,461,0,0,324,2026,6,6,326,2032,California
Merced,2021-01-06,259,2295,106,1681,153,614,0,0,251,2271,8,14,253,2285,California
Merced,2021-01-07,188,2483,84,1765,104,718,0,0,175,2432,14,28,175,2460,California
Merced,2021-01-08,526,3009,393,2158,133,851,0,0,373,2653,152,180,373,2833,California
Merced,2021-01-09,23,3032,9,2167,14,865,0,0,18,2666,5,185,18,2851,California
Merced,2021-01-10,11,3043,7,2174,4,869,0,0,7,2669,4,189,7,2858,California
Merced,2021-01-11,230,3273,172,2346,58,927,0,0,101,2644,129,318,104,2962,California
Merced,2021-01-12,298,3571,173,2519,125,1052,0,0,248,2841,51,369,248,3210,California
Merced,2021-01-13,394,3965,178,2697,216,1268,0,0,239,2929,154,523,242,3452,California
Merced,2021-01-14,328,4293,205,2902,123,1391,0,0,161,2925,166,689,162,3614,California
Merced,2021-01-15,592,4885,133,3035,459,1850,0,0,553,3441,40,729,556,4170,California
Merced,2021-01-16,215,5100,130,3165,85,1935,0,0,198,3622,17,746,198,4368,California
Merced,2021-01-17,51,5151,12,3177,39,1974,0,0,49,3669,2,748,49,4417,California
Merced,2021-01-18,270,5421,131,3308,139,2113,0,0,245,3893,25,773,249,4666,California
Merced,2021-01-19,714,6135,588,3896,126,2239,0,0,540,4267,173,946,547,5213,California
Merced,2021-01-20,575,6710,468,4364,107,2346,0,0,518,4731,57,1003,521,5734,California
Merced,2021-01-21,1030,7740,654,5018,376,2722,0,0,927,5559,102,1105,930,6664,California
Merced,2021-01-22,1322,9062,697,5715,625,3347,0,0,1292,6835,29,1134,1305,7969,California
Merced,2021-01-23,336,9398,202,5917,134,3481,0,0,227,6953,109,1243,227,8196,California
Merced,2021-01-24,36,9434,15,5932,21,3502,0,0,28,6974,7,1250,28,8224,California
Merced,2021-01-25,746,10180,246,6178,500,4002,0,0,684,7598,61,1311,685,8909,California
Merced,2021-01-26,948,11128,487,6665,461,4463,0,0,692,8063,228,1539,693,9602,California
Merced,2021-01-27,1006,12134,590,7255,416,4879,0,0,833,8725,171,1710,833,10435,California
Merced,2021-01-28,1161,13295,596,7851,565,5444,0,0,1037,9641,123,1833,1039,11474,California
Merced,2021-01-29,875,14170,315,8166,560,6004,0,0,621,10023,242,2075,624,12098,California
Merced,2021-01-30,269,14439,28,8194,241,6245,0,0,252,10258,17,2092,252,12350,California
Merced,2021-01-31,49,14488,11,8205,38,6283,0,0,47,10304,1,2093,47,12397,California
Merced,2021-02-01,396,14884,51,8256,345,6628,0,0,343,10597,51,2144,344,12741,California
Merced,2021-02-02,315,15199,183,8439,132,6760,0,0,186,10658,126,2270,187,12928,California
Merced,2021-02-03,362,15561,78,8517,284,7044,0,0,180,10657,181,2451,180,13108,California
Merced,2021-02-04,390,15951,160,8677,230,7274,0,0,255,10779,134,2585,256,13364,California
Merced,2021-02-05,522,16473,179,8856,343,7617,0,0,281,10823,239,2824,283,13647,California
Merced,2021-02-06,396,16869,222,9078,174,7791,0,0,251,10933,142,2966,252,13899,California
Merced,2021-02-07,20,16889,13,9091,7,7798,0,0,13,10939,7,2973,13,13912,California
Merced,2021-02-08,290,17179,200,9291,90,7888,0,0,178,11008,110,3083,179,14091,California
Merced,2021-02-09,1227,18406,964,10255,263,8151,0,0,782,11354,437,3520,783,14874,California
Merced,2021-02-10,1909,20315,1446,11701,463,8614,0,0,1311,12077,588,4108,1311,16185,California
Merced,2021-02-11,2565,22880,2044,13745,521,9135,0,0,1844,13214,708,4816,1845,18030,California
Merced,2021-02-12,1745,24625,1028,14773,717,9852,0,0,765,13021,961,5777,768,18798,California
Merced,2021-02-13,371,24996,212,14985,159,10011,0,0,270,13197,96,5873,272,19070,California
Merced,2021-02-14,119,25115,27,15012,92,10103,0,0,97,13273,22,5895,98,19168,California
Merced,2021-02-15,280,25395,43,15055,237,10340,0,0,172,13345,101,5996,173,19341,California
Merced,2021-02-16,1239,26634,856,15911,383,10723,0,0,846,13822,373,6369,850,20191,California
Merced,2021-02-17,1913,28547,1666,17577,247,10970,0,0,1334,14605,559,6928,1342,21533,California
Merced,2021-02-18,1283,29830,875,18452,408,11378,0,0,454,14255,808,7736,458,21991,California
Merced,2021-02-19,1292,31122,440,18892,852,12230,0,0,554,14080,731,8467,556,22547,California
Merced,2021-02-20,293,31415,35,18927,258,12488,0,0,144,14077,147,8614,144,22691,California
Merced,2021-02-21,84,31499,68,18995,16,12504,0,0,31,14057,51,8665,31,22722,California
Merced,2021-02-22,852,32351,299,19294,553,13057,0,0,486,14181,364,9029,488,23210,California
Merced,2021-02-23,1119,33470,432,19726,687,13744,0,0,647,14365,466,9495,650,23860,California
Merced,2021-02-24,861,34331,310,20036,551,14295,0,0,455,14427,394,9889,456,24316,California
Merced,2021-02-25,1833,36164,912,20948,921,15216,0,0,1346,15293,483,10372,1349,25665,California
Merced,2021-02-26,2225,38389,1414,22362,811,16027,0,0,1759,16599,454,10826,1760,27425,California
Merced,2021-02-27,2635,41024,1197,23559,1438,17465,0,0,2341,18648,292,11118,2341,29766,California
Merced,2021-02-28,324,41348,76,23635,247,17712,1,1,257,18842,63,11181,257,30023,California
Merced,2021-03-01,1162,42510,286,23921,875,18587,1,2,788,19267,364,11545,789,30812,California
Merced,2021-03-02,1897,44407,1039,24960,857,19444,1,3,1486,20353,404,11949,1490,32302,California
Merced,2021-03-03,2480,46887,1973,26933,506,19950,1,4,1703,21303,755,12704,1705,34007,California
Merced,2021-03-04,3156,50043,2528,29461,626,20576,2,6,2164,22498,972,13676,2167,36174,California
Merced,2021-03-05,2363,52406,1474,30935,865,21441,24,30,1808,23790,541,14217,1833,38007,California
Merced,2021-03-06,1181,53587,671,31606,488,21929,22,52,912,24456,268,14485,934,38941,California
Merced,2021-03-07,246,53833,71,31677,143,22072,32,84,211,24664,35,14520,243,39184,California
Merced,2021-03-08,1565,55398,950,32627,548,22620,67,151,1328,25822,236,14756,1394,40578,California
Merced,2021-03-09,1890,57288,1145,33772,637,23257,108,259,1221,26491,660,15416,1329,41907,California
Merced,2021-03-10,2967,60255,1989,35761,778,24035,200,459,1637,27020,1312,16728,1841,43748,California
Merced,2021-03-11,2227,62482,840,36601,1182,25217,205,664,1235,27509,972,17700,1461,45209,California
Merced,2021-03-12,2550,65032,1113,37714,1162,26379,275,939,1656,28564,888,18588,1943,47152,California
Merced,2021-03-13,1032,66064,322,38036,468,26847,242,1181,712,29204,312,18900,952,48104,California
Merced,2021-03-14,268,66332,155,38191,82,26929,31,1212,150,29271,114,19014,181,48285,California
Merced,2021-03-15,1723,68055,671,38862,795,27724,257,1469,1187,30189,525,19539,1443,49728,California
Merced,2021-03-16,1665,69720,880,39742,558,28282,227,1696,1142,31048,511,20050,1370,51098,California
Merced,2021-03-17,2323,72043,1394,41136,748,29030,181,1877,1845,32609,466,20516,2027,53125,California
Merced,2021-03-18,2265,74308,1381,42517,734,29764,150,2027,1408,33341,839,21355,1571,54696,California
Merced,2021-03-19,2807,77115,1584,44101,1028,30792,195,2222,1402,33545,1392,22747,1596,56292,California
Merced,2021-03-20,2470,79585,1532,45633,542,31334,396,2618,969,33421,1493,24240,1369,57661,California
Merced,2021-03-21,570,80155,346,45979,211,31545,13,2631,448,33764,120,24360,463,58124,California
Merced,2021-03-22,1283,81438,641,46620,565,32110,77,2708,894,34357,380,24740,973,59097,California
Merced,2021-03-23,1978,83416,1235,47855,677,32787,66,2774,1372,35200,595,25335,1438,60535,California
Merced,2021-03-24,1729,85145,1170,49025,523,33310,36,2810,1005,35530,711,26046,1041,61576,California
Merced,2021-03-25,3630,88775,2559,51584,1048,34358,23,2833,2123,36196,1483,27529,2149,63725,California
Merced,2021-03-26,2207,90982,1345,52929,825,35183,37,2870,901,35858,1275,28804,937,64662,California
Merced,2021-03-27,3600,94582,1927,54856,1250,36433,423,3293,1568,35834,2016,30820,1992,66654,California
Merced,2021-03-28,526,95108,218,55074,301,36734,7,3300,213,35745,310,31130,221,66875,California
Merced,2021-03-29,1960,97068,890,55964,899,37633,171,3471,681,35333,1266,32396,854,67729,California
Merced,2021-03-30,2294,99362,923,56887,1312,38945,59,3530,1012,35130,1276,33672,1073,68802,California
Merced,2021-03-31,2395,101757,1488,58375,722,39667,185,3715,993,34931,1377,35049,1178,69980,California
Merced,2021-04-01,2607,104364,1063,59438,1186,40853,358,4073,1067,34831,1524,36573,1424,71404,California
Merced,2021-04-02,2484,106848,750,60188,1310,42163,424,4497,800,34406,1639,38212,1214,72618,California
Merced,2021-04-03,1099,107947,608,60796,472,42635,19,4516,667,34671,422,38634,687,73305,California
Merced,2021-04-04,374,108321,143,60939,227,42862,4,4520,141,34585,232,38866,146,73451,California
Merced,2021-04-05,1514,109835,832,61771,469,43331,213,4733,411,34116,1093,39959,624,74075,California
Merced,2021-04-06,2613,112448,1070,62841,713,44044,830,5563,892,34124,1713,41672,1721,75796,California
Merced,2021-04-07,1925,114373,1137,63978,680,44724,108,5671,593,33537,1291,42963,704,76500,California
Merced,2021-04-08,2512,116885,1357,65335,935,45659,220,5891,993,33278,1468,44431,1209,77709,California
Merced,2021-04-09,1716,118601,484,65819,653,46312,579,6470,560,33284,1134,45565,1140,78849,California
Merced,2021-04-10,987,119588,371,66190,428,46740,188,6658,178,32845,803,46368,364,79213,California
Merced,2021-04-11,489,120077,282,66472,72,46812,135,6793,148,32790,339,46707,284,79497,California
Merced,2021-04-12,1529,121606,1000,67472,405,47217,124,6917,871,33168,618,47325,996,80493,California
Merced,2021-04-13,2065,123671,1477,68949,586,47803,2,6919,936,33082,1028,48353,942,81435,California
Merced,2021-04-14,2259,125930,1400,70349,859,48662,0,6919,1049,33058,1074,49427,1050,82485,California
Merced,2021-04-15,3061,128991,1995,72344,1066,49728,0,6919,945,32129,1878,51305,949,83434,California
Merced,2021-04-16,2421,131412,1176,73520,1245,50973,0,6919,964,31744,1349,52654,964,84398,California
Merced,2021-04-17,2157,133569,1483,75003,673,51646,1,6920,663,30925,1486,54140,667,85065,California
Merced,2021-04-18,523,134092,298,75301,225,51871,0,6920,200,30830,295,54435,200,85265,California
Merced,2021-04-19,1377,135469,762,76063,615,52486,0,6920,710,30974,566,55001,710,85975,California
Merced,2021-04-20,1560,137029,797,76860,763,53249,0,6920,813,31113,674,55675,813,86788,California
Merced,2021-04-21,1660,138689,1045,77905,615,53864,0,6920,804,31178,740,56415,805,87593,California
Merced,2021-04-22,1728,140417,796,78701,932,54796,0,6920,788,31121,846,57261,789,88382,California
Merced,2021-04-23,1714,142131,731,79432,983,55779,0,6920,922,31301,743,58004,923,89305,California
Merced,2021-04-24,885,143016,707,80139,178,55957,0,6920,555,31532,324,58328,555,89860,California
Merced,2021-04-25,334,143350,193,80332,141,56098,0,6920,192,31588,137,58465,193,90053,California
Merced,2021-04-26,1294,144644,563,80895,731,56829,0,6920,648,31630,608,59073,650,90703,California
Merced,2021-04-27,1844,146488,940,81835,892,57721,12,6932,745,31359,1028,60101,757,91460,California
Merced,2021-04-28,1445,147933,727,82562,710,58431,8,6940,821,31591,598,60699,830,92290,California
Merced,2021-04-29,1512,149445,684,83246,803,59234,25,6965,717,31550,784,61483,743,93033,California
Merced,2021-04-30,1520,150965,655,83901,821,60055,44,7009,786,31654,727,62210,831,93864,California
Merced,2021-05-01,570,151535,243,84144,323,60378,4,7013,267,31628,296,62506,270,94134,California
Merced,2021-05-02,305,151840,123,84267,167,60545,15,7028,126,31592,178,62684,142,94276,California
Merced,2021-05-03,877,152717,575,84842,228,60773,74,7102,317,31429,556,63240,393,94669,California
Merced,2021-05-04,1082,153799,593,85435,437,61210,52,7154,396,31198,679,63919,448,95117,California
Merced,2021-05-05,1476,155275,967,86402,433,61643,76,7230,648,31109,813,64732,724,95841,California
Merced,2021-05-06,954,156229,510,86912,394,62037,50,7280,316,30845,630,65362,366,96207,California
Merced,2021-05-07,1184,157413,523,87435,619,62656,42,7322,462,30636,717,66079,508,96715,California
Merced,2021-05-08,451,157864,253,87688,162,62818,36,7358,218,30658,232,66311,254,96969,California
Merced,2021-05-09,215,158079,107,87795,101,62919,7,7365,96,30643,118,66429,103,97072,California
Merced,2021-05-10,728,158807,384,88179,307,63226,37,7402,201,30357,524,66953,238,97310,California
Merced,2021-05-11,1205,160012,724,88903,421,63647,60,7462,476,30170,723,67676,536,97846,California
Merced,2021-05-12,1124,161136,645,89548,437,64084,42,7504,387,29866,734,68410,430,98276,California
Merced,2021-05-13,951,162087,540,90088,369,64453,42,7546,426,29815,519,68929,468,98744,California
Merced,2021-05-14,1080,163167,663,90751,377,64830,40,7586,568,29918,505,69434,608,99352,California
Merced,2021-05-15,766,163933,582,91333,165,64995,19,7605,454,30092,301,69735,475,99827,California
Merced,2021-05-16,371,164304,254,91587,108,65103,9,7614,215,30164,153,69888,225,100052,California
Merced,2021-05-17,1109,165413,723,92310,356,65459,30,7644,543,30179,559,70447,574,100626,California
Merced,2021-05-18,1290,166703,862,93172,397,65856,31,7675,711,30350,571,71018,742,101368,California
Merced,2021-05-19,1154,167857,763,93935,384,66240,7,7682,645,30501,505,71523,656,102024,California
Merced,2021-05-20,1066,168923,564,94499,446,66686,56,7738,402,30299,662,72185,460,102484,California
Merced,2021-05-21,1205,170128,698,95197,479,67165,28,7766,489,30113,704,72889,518,103002,California
Merced,2021-05-22,786,170914,567,95764,205,67370,14,7780,472,30291,311,73200,489,103491,California
Merced,2021-05-23,359,171273,260,96024,86,67456,13,7793,236,30418,122,73322,249,103740,California
Merced,2021-05-24,635,171908,273,96297,331,67787,31,7824,233,30288,395,73717,265,104005,California
Merced,2021-05-25,776,172684,435,96732,307,68094,34,7858,391,30332,380,74097,424,104429,California
Merced,2021-05-26,1010,173694,560,97292,417,68511,33,7891,402,30162,606,74703,436,104865,California
Merced,2021-05-27,934,174628,657,97949,240,68751,37,7928,559,30388,371,75074,597,105462,California
Merced,2021-05-28,777,175405,353,98302,378,69129,46,7974,333,30332,435,75509,379,105841,California
Merced,2021-05-29,394,175799,273,98575,113,69242,8,7982,160,30270,231,75740,169,106010,California
Merced,2021-05-30,212,176011,143,98718,58,69300,11,7993,127,30323,85,75825,138,106148,California
Merced,2021-05-31,111,176122,25,98743,80,69380,6,7999,31,30283,78,75903,38,106186,California
Merced,2021-06-01,868,176990,542,99285,292,69672,34,8033,316,30087,546,76449,350,106536,California
Merced,2021-06-02,758,177748,485,99770,246,69918,27,8060,342,30047,409,76858,369,106905,California
Merced,2021-06-03,763,178511,484,100254,245,70163,34,8094,300,29924,457,77315,334,107239,California
Merced,2021-06-04,838,179349,453,100707,363,70526,22,8116,307,29730,524,77839,330,107569,California
Merced,2021-06-05,513,179862,406,101113,95,70621,12,8128,192,29618,316,78155,204,107773,California
Merced,2021-06-06,230,180092,193,101306,31,70652,6,8134,82,29558,148,78303,88,107861,California
Merced,2021-06-07,665,180757,533,101839,119,70771,13,8147,195,29298,470,78773,210,108071,California
Merced,2021-06-08,867,181624,640,102479,203,70974,24,8171,274,29008,588,79361,298,108369,California
Merced,2021-06-09,885,182509,652,103131,218,71192,15,8186,264,28678,610,79971,280,108649,California
Merced,2021-06-10,652,183161,448,103579,181,71373,23,8209,264,28584,381,80352,287,108936,California
Merced,2021-06-11,583,183744,373,103952,193,71566,17,8226,242,28507,338,80690,261,109197,California
Merced,2021-06-12,596,184340,487,104439,85,71651,24,8250,178,28293,416,81106,202,109399,California
Merced,2021-06-13,259,184599,134,104573,118,71769,7,8257,64,28169,195,81301,71,109470,California
Merced,2021-06-14,550,185149,360,104933,156,71925,34,8291,250,28157,297,81598,285,109755,California
Merced,2021-06-15,790,185939,562,105495,201,72126,27,8318,270,27943,512,82110,298,110053,California
Merced,2021-06-16,725,186664,504,105999,199,72325,22,8340,331,27912,384,82494,353,110406,California
Merced,2021-06-17,740,187404,564,106563,145,72470,31,8371,238,27687,494,82988,269,110675,California
Merced,2021-06-18,780,188184,511,107074,237,72707,32,8403,391,27728,382,83370,423,111098,California
Merced,2021-06-19,367,188551,252,107326,88,72795,27,8430,199,27787,166,83536,225,111323,California
Merced,2021-06-20,244,188795,190,107516,46,72841,8,8438,142,27836,101,83637,150,111473,California
Merced,2021-06-21,322,189117,196,107712,114,72955,12,8450,200,27927,121,83758,212,111685,California
Merced,2021-06-22,518,189635,358,108070,139,73094,21,8471,254,27939,264,84022,276,111961,California
Merced,2021-06-23,582,190217,362,108432,209,73303,11,8482,289,27954,285,84307,300,112261,California
Merced,2021-06-24,544,190761,383,108815,129,73432,32,8514,251,27949,288,84595,283,112544,California
Merced,2021-06-25,487,191248,341,109156,122,73554,24,8538,254,28001,226,84821,278,112822,California
Merced,2021-06-26,187,191435,128,109284,52,73606,7,8545,91,28006,94,84915,99,112921,California
Merced,2021-06-27,207,191642,146,109430,40,73646,21,8566,120,28061,86,85001,141,113062,California
Merced,2021-06-28,339,191981,223,109653,99,73745,17,8583,177,28096,159,85160,194,113256,California
Merced,2021-06-29,334,192315,198,109851,114,73859,22,8605,156,28097,177,85337,178,113434,California
Merced,2021-06-30,443,192758,250,110101,171,74030,22,8627,245,28171,193,85530,267,113701,California
Merced,2021-07-01,371,193129,247,110348,111,74141,13,8640,212,28238,159,85689,226,113927,California
Merced,2021-07-02,386,193515,270,110618,102,74243,14,8654,214,28298,169,85858,229,114156,California
Merced,2021-07-03,194,193709,122,110740,60,74303,12,8666,100,28318,92,85950,112,114268,California
Merced,2021-07-04,17,193726,5,110745,11,74314,1,8667,8,28318,9,85959,9,114277,California
Merced,2021-07-05,235,193961,154,110899,77,74391,4,8671,127,28341,108,86067,131,114408,California
Merced,2021-07-06,350,194311,220,111119,116,74507,14,8685,150,28310,195,86262,164,114572,California
Merced,2021-07-07,361,194672,204,111323,145,74652,12,8697,159,28281,200,86462,171,114743,California
Merced,2021-07-08,376,195048,272,111595,103,74755,1,8698,163,28233,213,86675,165,114908,California
Merced,2021-07-09,433,195481,307,111902,104,74859,22,8720,192,28206,240,86915,213,115121,California
Merced,2021-07-10,157,195638,117,112019,34,74893,6,8726,83,28221,74,86989,89,115210,California
Merced,2021-07-11,158,195796,129,112148,26,74919,3,8729,46,28161,109,87098,49,115259,California
Modoc,2020-12-16,1,1,1,1,0,0,0,0,1,1,0,0,1,1,California
Modoc,2020-12-21,99,100,99,100,0,0,0,0,99,100,0,0,99,100,California
Modoc,2020-12-22,14,114,14,114,0,0,0,0,14,114,0,0,14,114,California
Modoc,2020-12-23,4,118,4,118,0,0,0,0,4,118,0,0,4,118,California
Modoc,2020-12-24,1,119,1,119,0,0,0,0,1,119,0,0,1,119,California
Modoc,2020-12-28,2,121,2,121,0,0,0,0,2,121,0,0,2,121,California
Modoc,2020-12-29,10,131,1,122,9,9,0,0,10,131,0,0,10,131,California
Modoc,2020-12-30,7,138,0,122,7,16,0,0,7,138,0,0,7,138,California
Modoc,2021-01-02,3,141,1,123,2,18,0,0,3,141,0,0,3,141,California
Modoc,2021-01-04,8,149,0,123,8,26,0,0,8,149,0,0,8,149,California
Modoc,2021-01-05,3,152,2,125,1,27,0,0,3,152,0,0,3,152,California
Modoc,2021-01-06,3,155,2,127,1,28,0,0,2,153,1,1,2,154,California
Modoc,2021-01-07,72,227,0,127,72,100,0,0,72,225,0,1,72,226,California
Modoc,2021-01-08,105,332,0,127,105,205,0,0,105,330,0,1,105,331,California
Modoc,2021-01-10,1,333,1,128,0,205,0,0,0,329,1,2,0,331,California
Modoc,2021-01-11,90,423,81,209,9,214,0,0,19,277,71,73,19,350,California
Modoc,2021-01-12,94,517,25,234,69,283,0,0,68,319,26,99,68,418,California
Modoc,2021-01-13,24,541,4,238,20,303,0,0,22,339,2,101,22,440,California
Modoc,2021-01-14,128,669,6,244,122,425,0,0,123,457,5,106,123,563,California
Modoc,2021-01-15,6,675,1,245,5,430,0,0,6,463,0,106,6,569,California
Modoc,2021-01-16,2,677,1,246,1,431,0,0,2,465,0,106,2,571,California
Modoc,2021-01-18,3,680,1,247,2,433,0,0,3,468,0,106,3,574,California
Modoc,2021-01-19,5,685,3,250,2,435,0,0,3,469,2,108,3,577,California
Modoc,2021-01-20,11,696,1,251,10,445,0,0,11,480,0,108,11,588,California
Modoc,2021-01-21,157,853,2,253,155,600,0,0,157,637,0,108,157,745,California
Modoc,2021-01-22,2,855,0,253,2,602,0,0,2,639,0,108,2,747,California
Modoc,2021-01-25,11,866,0,253,11,613,0,0,11,650,0,108,11,758,California
Modoc,2021-01-26,65,931,1,254,64,677,0,0,65,715,0,108,65,823,California
Modoc,2021-01-27,43,974,3,257,40,717,0,0,27,726,16,124,27,850,California
Modoc,2021-01-28,146,1120,2,259,144,861,0,0,145,870,1,125,145,995,California
Modoc,2021-01-29,3,1123,1,260,2,863,0,0,3,873,0,125,3,998,California
Modoc,2021-02-01,26,1149,13,273,13,876,0,0,12,871,14,139,12,1010,California
Modoc,2021-02-02,170,1319,2,275,168,1044,0,0,167,1035,3,142,167,1177,California
Modoc,2021-02-03,18,1337,13,288,5,1049,0,0,11,1039,7,149,11,1188,California
Modoc,2021-02-04,155,1492,4,292,151,1200,0,0,27,938,128,277,27,1215,California
Modoc,2021-02-05,2,1494,2,294,0,1200,0,0,1,938,1,278,1,1216,California
Modoc,2021-02-08,9,1503,2,296,7,1207,0,0,8,945,1,279,8,1224,California
Modoc,2021-02-09,197,1700,13,309,184,1391,0,0,65,878,132,411,65,1289,California
Modoc,2021-02-10,5,1705,2,311,3,1394,0,0,4,881,1,412,4,1293,California
Modoc,2021-02-11,202,1907,3,314,199,1593,0,0,85,849,117,529,85,1378,California
Modoc,2021-02-12,4,1911,0,314,4,1597,0,0,2,849,2,531,2,1380,California
Modoc,2021-02-13,2,1913,0,314,2,1599,0,0,1,849,1,532,1,1381,California
Modoc,2021-02-16,147,2060,6,320,141,1740,0,0,141,984,6,538,141,1522,California
Modoc,2021-02-17,25,2085,2,322,23,1763,0,0,12,983,13,551,12,1534,California
Modoc,2021-02-18,187,2272,2,324,185,1948,0,0,23,845,163,714,25,1559,California
Modoc,2021-02-19,3,2275,3,327,0,1948,0,0,2,846,1,715,2,1561,California
Modoc,2021-02-20,1,2276,1,328,0,1948,0,0,0,845,1,716,0,1561,California
Modoc,2021-02-22,19,2295,9,337,10,1958,0,0,3,832,16,732,3,1564,California
Modoc,2021-02-23,20,2315,2,339,18,1976,0,0,1,814,19,751,1,1565,California
Modoc,2021-02-24,91,2406,1,340,90,2066,0,0,31,785,60,811,31,1596,California
Modoc,2021-02-25,169,2575,0,340,169,2235,0,0,12,640,157,968,12,1608,California
Modoc,2021-02-26,3,2578,0,340,3,2238,0,0,1,639,2,970,1,1609,California
Modoc,2021-02-27,4,2582,4,344,0,2238,0,0,2,639,2,972,2,1611,California
Modoc,2021-03-01,6,2588,0,344,6,2244,0,0,1,636,4,976,1,1612,California
Modoc,2021-03-02,193,2781,12,356,181,2425,0,0,26,495,167,1143,26,1638,California
Modoc,2021-03-03,12,2793,6,362,6,2431,0,0,2,487,10,1153,2,1640,California
Modoc,2021-03-04,174,2967,2,364,172,2603,0,0,147,607,27,1180,147,1787,California
Modoc,2021-03-05,3,2970,3,367,0,2603,0,0,2,608,1,1181,2,1789,California
Modoc,2021-03-06,11,2981,0,367,1,2604,10,10,1,609,10,1191,11,1800,California
Modoc,2021-03-07,8,2989,2,369,0,2604,6,16,2,611,6,1197,8,1808,California
Modoc,2021-03-08,8,2997,1,370,3,2607,4,20,1,610,6,1203,5,1813,California
Modoc,2021-03-09,127,3124,10,380,108,2715,9,29,61,614,66,1269,70,1883,California
Modoc,2021-03-10,9,3133,3,383,2,2717,4,33,4,617,5,1274,8,1891,California
Modoc,2021-03-11,207,3340,0,383,99,2816,108,141,22,562,185,1459,130,2021,California
Modoc,2021-03-12,10,3350,1,384,4,2820,5,146,4,565,6,1465,9,2030,California
Modoc,2021-03-13,6,3356,0,384,3,2823,3,149,1,564,5,1470,4,2034,California
Modoc,2021-03-15,12,3368,1,385,10,2833,1,150,10,573,2,1472,11,2045,California
Modoc,2021-03-16,174,3542,2,387,168,3001,4,154,42,486,132,1604,45,2090,California
Modoc,2021-03-17,10,3552,1,388,4,3005,5,159,2,485,8,1612,7,2097,California
Modoc,2021-03-18,66,3618,2,390,57,3062,7,166,34,494,32,1644,41,2138,California
Modoc,2021-03-19,5,3623,0,390,0,3062,5,171,0,494,5,1649,5,2143,California
Modoc,2021-03-20,5,3628,2,392,0,3062,3,174,0,492,5,1654,3,2146,California
Modoc,2021-03-21,3,3631,1,393,0,3062,2,176,1,493,2,1656,3,2149,California
Modoc,2021-03-22,17,3648,1,394,11,3073,5,181,12,505,5,1661,17,2166,California
Modoc,2021-03-23,37,3685,7,401,27,3100,3,184,28,527,9,1670,31,2197,California
Modoc,2021-03-24,29,3714,1,402,18,3118,10,194,1,510,28,1698,11,2208,California
Modoc,2021-03-25,76,3790,1,403,73,3191,2,196,44,524,32,1730,46,2254,California
Modoc,2021-03-26,7,3797,2,405,2,3193,3,199,2,524,5,1735,5,2259,California
Modoc,2021-03-27,2,3799,0,405,1,3194,1,200,1,525,1,1736,2,2261,California
Modoc,2021-03-28,2,3801,1,406,0,3194,1,201,0,524,2,1738,1,2262,California
Modoc,2021-03-29,14,3815,1,407,5,3199,8,209,5,528,9,1747,13,2275,California
Modoc,2021-03-30,54,3869,9,416,38,3237,7,216,20,521,34,1781,27,2302,California
Modoc,2021-03-31,10,3879,3,419,3,3240,4,220,4,523,6,1787,8,2310,California
Modoc,2021-04-01,167,4046,2,421,160,3400,5,225,32,425,135,1922,37,2347,California
Modoc,2021-04-02,5,4051,0,421,2,3402,3,228,1,426,3,1925,4,2351,California
Modoc,2021-04-03,5,4056,2,423,0,3402,3,231,2,428,2,1927,4,2355,California
Modoc,2021-04-05,9,4065,0,423,9,3411,0,231,9,437,0,1927,9,2364,California
Modoc,2021-04-06,24,4089,5,428,9,3420,10,241,6,435,18,1945,16,2380,California
Modoc,2021-04-07,12,4101,1,429,4,3424,7,248,3,436,9,1954,10,2390,California
Modoc,2021-04-08,95,4196,1,430,92,3516,2,250,26,395,69,2023,28,2418,California
Modoc,2021-04-09,11,4207,2,432,6,3522,3,253,2,390,9,2032,4,2422,California
Modoc,2021-04-10,5,4212,0,432,1,3523,4,257,0,389,5,2037,4,2426,California
Modoc,2021-04-11,2,4214,2,434,0,3523,0,257,1,389,1,2038,1,2427,California
Modoc,2021-04-12,14,4228,0,434,10,3533,4,261,1,383,11,2049,5,2432,California
Modoc,2021-04-13,30,4258,29,463,1,3534,0,261,21,395,9,2058,21,2453,California
Modoc,2021-04-14,2,4260,2,465,0,3534,0,261,1,395,1,2059,1,2454,California
Modoc,2021-04-15,100,4360,0,465,100,3634,0,261,27,350,72,2131,27,2481,California
Modoc,2021-04-16,4,4364,4,469,0,3634,0,261,3,352,1,2132,3,2484,California
Modoc,2021-04-17,2,4366,2,471,0,3634,0,261,2,354,0,2132,2,2486,California
Modoc,2021-04-18,1,4367,0,471,1,3635,0,261,1,355,0,2132,1,2487,California
Modoc,2021-04-19,7,4374,0,471,7,3642,0,261,2,352,5,2137,2,2489,California
Modoc,2021-04-20,26,4400,2,473,24,3666,0,261,8,342,18,2155,8,2497,California
Modoc,2021-04-21,3,4403,3,476,0,3666,0,261,1,341,2,2157,1,2498,California
Modoc,2021-04-22,94,4497,1,477,93,3759,0,261,38,323,56,2213,38,2536,California
Modoc,2021-04-23,4,4501,0,477,4,3763,0,261,3,325,1,2214,3,2539,California
Modoc,2021-04-24,2,4503,0,477,1,3764,1,262,1,326,1,2215,2,2541,California
Modoc,2021-04-25,1,4504,1,478,0,3764,0,262,1,327,0,2215,1,2542,California
Modoc,2021-04-26,7,4511,0,478,7,3771,0,262,2,324,5,2220,2,2544,California
Modoc,2021-04-27,5,4516,4,482,0,3771,1,263,0,320,5,2225,1,2545,California
Modoc,2021-04-28,7,4523,1,483,5,3776,1,264,2,318,5,2230,3,2548,California
Modoc,2021-04-29,63,4586,2,485,61,3837,0,264,22,299,41,2271,22,2570,California
Modoc,2021-04-30,4,4590,3,488,1,3838,0,264,2,299,2,2273,2,2572,California
Modoc,2021-05-01,1,4591,1,489,0,3838,0,264,0,298,1,2274,0,2572,California
Modoc,2021-05-02,3,4594,3,492,0,3838,0,264,2,299,1,2275,2,2574,California
Modoc,2021-05-03,12,4606,0,492,11,3849,1,265,2,292,10,2285,3,2577,California
Modoc,2021-05-04,11,4617,3,495,6,3855,2,267,5,293,6,2291,7,2584,California
Modoc,2021-05-05,27,4644,24,519,2,3857,1,268,8,283,19,2310,9,2593,California
Modoc,2021-05-06,54,4698,3,522,49,3906,2,270,21,273,33,2343,23,2616,California
Modoc,2021-05-07,8,4706,3,525,3,3909,2,272,2,271,6,2349,4,2620,California
Modoc,2021-05-08,3,4709,2,527,0,3909,1,273,1,271,2,2351,2,2622,California
Modoc,2021-05-09,1,4710,1,528,0,3909,0,273,0,270,1,2352,0,2622,California
Modoc,2021-05-10,2,4712,0,528,1,3910,1,274,1,271,1,2353,2,2624,California
Modoc,2021-05-11,3,4715,2,530,0,3910,1,275,0,269,3,2356,1,2625,California
Modoc,2021-05-12,2,4717,0,530,0,3910,2,277,0,269,2,2358,2,2627,California
Modoc,2021-05-13,42,4759,0,530,38,3948,4,281,14,259,28,2386,18,2645,California
Modoc,2021-05-14,8,4767,3,533,0,3948,5,286,3,262,5,2391,8,2653,California
Modoc,2021-05-15,4,4771,3,536,1,3949,0,286,4,266,0,2391,4,2657,California
Modoc,2021-05-16,2,4773,1,537,1,3950,0,286,0,264,2,2393,0,2657,California
Modoc,2021-05-17,5,4778,3,540,2,3952,0,286,4,267,1,2394,4,2661,California
Modoc,2021-05-18,23,4801,12,552,9,3961,2,288,14,274,9,2403,16,2677,California
Modoc,2021-05-19,8,4809,1,553,3,3964,4,292,4,278,4,2407,8,2685,California
Modoc,2021-05-20,59,4868,3,556,47,4011,9,301,8,244,51,2458,17,2702,California
Modoc,2021-05-21,6,4874,4,560,1,4012,1,302,1,241,5,2463,2,2704,California
Modoc,2021-05-22,3,4877,2,562,1,4013,0,302,2,242,1,2464,2,2706,California
Modoc,2021-05-23,2,4879,2,564,0,4013,0,302,0,240,2,2466,0,2706,California
Modoc,2021-05-24,4,4883,1,565,1,4014,2,304,2,242,2,2468,4,2710,California
Modoc,2021-05-25,2,4885,1,566,1,4015,0,304,1,242,1,2469,1,2711,California
Modoc,2021-05-26,36,4921,33,599,3,4018,0,304,27,260,9,2478,27,2738,California
Modoc,2021-05-27,28,4949,1,600,22,4040,5,309,6,249,22,2500,11,2749,California
Modoc,2021-05-28,8,4957,1,601,4,4044,3,312,3,250,5,2505,6,2755,California
Modoc,2021-05-29,1,4958,1,602,0,4044,0,312,0,249,1,2506,0,2755,California
Modoc,2021-05-31,1,4959,0,602,0,4044,1,313,0,249,0,2506,0,2755,California
Modoc,2021-06-01,6,4965,0,602,5,4049,1,314,2,248,4,2510,3,2758,California
Modoc,2021-06-02,7,4972,0,602,5,4054,2,316,3,249,4,2514,5,2763,California
Modoc,2021-06-03,25,4997,1,603,22,4076,2,318,4,234,21,2535,6,2769,California
Modoc,2021-06-04,5,5002,3,606,1,4077,1,319,0,230,5,2540,1,2770,California
Modoc,2021-06-05,1,5003,0,606,1,4078,0,319,0,229,1,2541,0,2770,California
Modoc,2021-06-07,4,5007,4,610,0,4078,0,319,1,227,3,2544,1,2771,California
Modoc,2021-06-08,29,5036,10,620,18,4096,1,320,18,235,11,2555,19,2790,California
Modoc,2021-06-09,3,5039,2,622,1,4097,0,320,2,236,1,2556,2,2792,California
Modoc,2021-06-10,21,5060,1,623,19,4116,1,321,7,230,14,2570,8,2800,California
Modoc,2021-06-11,4,5064,2,625,1,4117,1,322,2,231,2,2572,3,2803,California
Modoc,2021-06-12,1,5065,1,626,0,4117,0,322,0,230,1,2573,0,2803,California
Modoc,2021-06-14,4,5069,0,626,2,4119,2,324,0,228,4,2577,2,2805,California
Modoc,2021-06-15,7,5076,1,627,4,4123,2,326,4,231,3,2580,6,2811,California
Modoc,2021-06-16,41,5117,25,652,11,4134,5,331,22,241,19,2599,29,2840,California
Modoc,2021-06-17,46,5163,20,672,25,4159,1,332,27,250,19,2618,28,2868,California
Modoc,2021-06-18,5,5168,0,672,3,4162,2,334,3,253,2,2620,5,2873,California
Modoc,2021-06-19,3,5171,0,672,1,4163,2,336,1,254,2,2622,3,2876,California
Modoc,2021-06-21,1,5172,0,672,1,4164,0,336,1,255,0,2622,1,2877,California
Modoc,2021-06-22,11,5183,4,676,7,4171,0,336,9,262,2,2624,9,2886,California
Modoc,2021-06-23,6,5189,0,676,3,4174,3,339,1,261,5,2629,4,2890,California
Modoc,2021-06-24,33,5222,14,690,15,4189,4,343,22,276,11,2640,26,2916,California
Modoc,2021-06-25,7,5229,0,690,5,4194,2,345,2,275,5,2645,4,2920,California
Modoc,2021-06-28,4,5233,1,691,3,4197,0,345,3,277,1,2646,3,2923,California
Modoc,2021-06-29,8,5241,1,692,6,4203,1,346,5,280,3,2649,6,2929,California
Modoc,2021-06-30,8,5249,1,693,7,4210,0,346,5,282,3,2652,5,2934,California
Modoc,2021-07-01,23,5272,11,704,1,4211,11,357,9,288,14,2666,20,2954,California
Modoc,2021-07-02,2,5274,2,706,0,4211,0,357,0,286,2,2668,0,2954,California
Modoc,2021-07-03,3,5277,0,706,3,4214,0,357,3,289,0,2668,3,2957,California
Modoc,2021-07-06,12,5289,5,711,7,4221,0,357,7,291,5,2673,7,2964,California
Modoc,2021-07-07,6,5295,1,712,4,4225,1,358,3,292,3,2676,4,2968,California
Modoc,2021-07-08,71,5366,35,747,31,4256,5,363,18,262,53,2729,23,2991,California
Modoc,2021-07-09,1,5367,0,747,0,4256,1,364,0,262,1,2730,1,2992,California
Modoc,2021-07-10,1,5368,0,747,1,4257,0,364,1,263,0,2730,1,2993,California
Mono,2020-12-18,1,1,1,1,0,0,0,0,1,1,0,0,1,1,California
Mono,2020-12-19,5,6,5,6,0,0,0,0,5,6,0,0,5,6,California
Mono,2020-12-20,7,13,7,13,0,0,0,0,7,13,0,0,7,13,California
Mono,2020-12-21,24,37,17,30,7,7,0,0,24,37,0,0,24,37,California
Mono,2020-12-22,67,104,65,95,2,9,0,0,67,104,0,0,67,104,California
Mono,2020-12-23,70,174,43,138,27,36,0,0,70,174,0,0,70,174,California
Mono,2020-12-24,3,177,1,139,2,38,0,0,3,177,0,0,3,177,California
Mono,2020-12-26,3,180,3,142,0,38,0,0,3,180,0,0,3,180,California
Mono,2020-12-27,1,181,0,142,1,39,0,0,1,181,0,0,1,181,California
Mono,2020-12-28,94,275,63,205,31,70,0,0,94,275,0,0,94,275,California
Mono,2020-12-29,29,304,29,234,0,70,0,0,29,304,0,0,29,304,California
Mono,2020-12-30,77,381,36,270,41,111,0,0,77,381,0,0,77,381,California
Mono,2020-12-31,4,385,1,271,3,114,0,0,4,385,0,0,4,385,California
Mono,2021-01-01,4,389,4,275,0,114,0,0,4,389,0,0,4,389,California
Mono,2021-01-02,2,391,2,277,0,114,0,0,2,391,0,0,2,391,California
Mono,2021-01-04,2,393,0,277,2,116,0,0,2,393,0,0,2,393,California
Mono,2021-01-05,45,438,2,279,43,159,0,0,44,436,1,1,44,437,California
Mono,2021-01-06,44,482,0,279,44,203,0,0,44,480,0,1,44,481,California
Mono,2021-01-07,55,537,3,282,52,255,0,0,53,532,2,3,54,535,California
Mono,2021-01-08,2,539,1,283,1,256,0,0,1,532,1,4,1,536,California
Mono,2021-01-09,4,543,4,287,0,256,0,0,0,528,4,8,0,536,California
Mono,2021-01-10,5,548,5,292,0,256,0,0,0,523,5,13,0,536,California
Mono,2021-01-11,8,556,5,297,3,259,0,0,4,523,4,17,4,540,California
Mono,2021-01-12,283,839,75,372,208,467,0,0,219,679,63,80,219,759,California
Mono,2021-01-13,234,1073,73,445,161,628,0,0,179,803,55,135,179,938,California
Mono,2021-01-14,74,1147,72,517,2,630,0,0,73,875,1,136,73,1011,California
Mono,2021-01-15,65,1212,3,520,62,692,0,0,65,940,0,136,65,1076,California
Mono,2021-01-16,3,1215,3,523,0,692,0,0,0,937,3,139,0,1076,California
Mono,2021-01-18,64,1279,55,578,9,701,0,0,2,877,62,201,2,1078,California
Mono,2021-01-19,209,1488,206,784,3,704,0,0,171,1011,38,239,172,1250,California
Mono,2021-01-20,234,1722,200,984,34,738,0,0,172,1121,62,301,172,1422,California
Mono,2021-01-21,4,1726,4,988,0,738,0,0,4,1125,0,301,4,1426,California
Mono,2021-01-22,4,1730,0,988,4,742,0,0,4,1129,0,301,4,1430,California
Mono,2021-01-23,588,2318,588,1576,0,742,0,0,587,1715,1,302,587,2017,California
Mono,2021-01-24,1,2319,0,1576,1,743,0,0,0,1714,1,303,0,2017,California
Mono,2021-01-25,200,2519,162,1738,38,781,0,0,161,1836,39,342,161,2178,California
Mono,2021-01-26,500,3019,498,2236,2,783,0,0,494,2324,6,348,494,2672,California
Mono,2021-01-27,4,3023,0,2236,4,787,0,0,4,2328,0,348,4,2676,California
Mono,2021-01-28,6,3029,2,2238,4,791,0,0,2,2326,4,352,2,2678,California
Mono,2021-01-30,196,3225,194,2432,2,793,0,0,195,2520,1,353,195,2873,California
Mono,2021-01-31,241,3466,136,2568,105,898,0,0,137,2553,104,457,137,3010,California
Mono,2021-02-01,27,3493,27,2595,0,898,0,0,0,2526,27,484,0,3010,California
Mono,2021-02-02,5,3498,0,2595,5,903,0,0,2,2525,3,487,2,3012,California
Mono,2021-02-03,4,3502,2,2597,2,905,0,0,2,2525,2,489,2,3014,California
Mono,2021-02-04,214,3716,159,2756,55,960,0,0,91,2495,121,610,91,3105,California
Mono,2021-02-05,609,4325,603,3359,6,966,0,0,606,3098,3,613,606,3711,California
Mono,2021-02-06,134,4459,133,3492,1,967,0,0,133,3230,1,614,133,3844,California
Mono,2021-02-07,2,4461,0,3492,2,969,0,0,2,3232,0,614,2,3846,California
Mono,2021-02-08,170,4631,170,3662,0,969,0,0,15,3093,154,768,15,3861,California
Mono,2021-02-09,231,4862,6,3668,225,1194,0,0,14,2890,217,985,14,3875,California
Mono,2021-02-10,540,5402,187,3855,353,1547,0,0,198,2747,342,1327,199,4074,California
Mono,2021-02-11,8,5410,5,3860,3,1550,0,0,3,2745,5,1332,3,4077,California
Mono,2021-02-12,89,5499,21,3881,68,1618,0,0,27,2710,62,1394,27,4104,California
Mono,2021-02-13,585,6084,583,4464,2,1620,0,0,26,2178,558,1952,26,4130,California
Mono,2021-02-15,167,6251,165,4629,2,1622,0,0,2,2017,163,2115,2,4132,California
Mono,2021-02-16,519,6770,515,5144,4,1626,0,0,44,1590,472,2587,45,4177,California
Mono,2021-02-17,6,6776,1,5145,5,1631,0,0,2,1588,4,2591,2,4179,California
Mono,2021-02-18,4,6780,2,5147,2,1633,0,0,3,1590,1,2592,3,4182,California
Mono,2021-02-19,56,6836,55,5202,1,1634,0,0,56,1646,0,2592,56,4238,California
Mono,2021-02-20,4,6840,4,5206,0,1634,0,0,4,1650,0,2592,4,4242,California
Mono,2021-02-21,6,6846,6,5212,0,1634,0,0,4,1652,2,2594,4,4246,California
Mono,2021-02-22,298,7144,297,5509,1,1635,0,0,26,1407,271,2865,26,4272,California
Mono,2021-02-23,151,7295,130,5639,21,1656,0,0,25,1306,126,2991,25,4297,California
Mono,2021-02-24,11,7306,3,5642,8,1664,0,0,4,1303,7,2998,4,4301,California
Mono,2021-02-25,5,7311,2,5644,3,1667,0,0,3,1305,1,2999,3,4304,California
Mono,2021-02-26,595,7906,593,6237,2,1669,0,0,21,753,573,3572,21,4325,California
Mono,2021-02-27,137,8043,133,6370,4,1673,0,0,4,626,131,3703,4,4329,California
Mono,2021-02-28,1,8044,0,6370,0,1673,1,1,0,626,1,3704,1,4330,California
Mono,2021-03-01,3,8047,2,6372,1,1674,0,1,2,628,0,3704,2,4332,California
Mono,2021-03-02,6,8053,4,6376,2,1676,0,1,4,630,2,3706,4,4336,California
Mono,2021-03-03,113,8166,3,6379,110,1786,0,1,109,736,3,3709,109,4445,California
Mono,2021-03-04,6,8172,2,6381,4,1790,0,1,3,736,3,3712,3,4448,California
Mono,2021-03-05,37,8209,28,6409,9,1799,0,1,13,725,24,3736,13,4461,California
Mono,2021-03-06,505,8714,18,6427,487,2286,0,1,496,1215,7,3743,497,4958,California
Mono,2021-03-07,1,8715,0,6427,1,2287,0,1,0,1214,1,3744,0,4958,California
Mono,2021-03-08,527,9242,11,6438,513,2800,3,4,517,1724,10,3754,520,5478,California
Mono,2021-03-09,7,9249,3,6441,3,2803,1,5,3,1725,3,3757,4,5482,California
Mono,2021-03-10,287,9536,91,6532,193,2996,3,8,8,1460,276,4033,11,5493,California
Mono,2021-03-11,10,9546,0,6532,1,2997,9,17,0,1459,10,4043,9,5502,California
Mono,2021-03-12,6,9552,1,6533,1,2998,4,21,0,1457,6,4049,4,5506,California
Mono,2021-03-13,818,10370,381,6914,437,3435,0,21,808,2255,10,4059,808,6314,California
Mono,2021-03-14,5,10375,5,6919,0,3435,0,21,1,2252,4,4063,1,6315,California
Mono,2021-03-15,31,10406,23,6942,3,3438,5,26,14,2255,16,4079,19,6334,California
Mono,2021-03-16,16,10422,6,6948,4,3442,6,32,8,2261,8,4087,14,6348,California
Mono,2021-03-17,34,10456,6,6954,20,3462,8,40,21,2277,13,4100,29,6377,California
Mono,2021-03-18,21,10477,2,6956,11,3473,8,48,8,2280,13,4113,16,6393,California
Mono,2021-03-19,21,10498,1,6957,17,3490,3,51,17,2297,3,4116,20,6413,California
Mono,2021-03-20,5,10503,3,6960,1,3491,1,52,4,2301,1,4117,5,6418,California
Mono,2021-03-21,1,10504,1,6961,0,3491,0,52,1,2302,0,4117,1,6419,California
Mono,2021-03-22,11,10515,0,6961,6,3497,5,57,5,2306,6,4123,10,6429,California
Mono,2021-03-23,43,10558,6,6967,32,3529,5,62,17,2303,25,4148,22,6451,California
Mono,2021-03-24,14,10572,1,6968,8,3537,5,67,5,2305,9,4157,11,6462,California
Mono,2021-03-25,19,10591,3,6971,12,3549,4,71,12,2314,7,4164,16,6478,California
Mono,2021-03-26,19,10610,3,6974,11,3560,5,76,10,2321,8,4172,15,6493,California
Mono,2021-03-27,353,10963,350,7324,3,3563,0,76,325,2618,28,4200,325,6818,California
Mono,2021-03-29,10,10973,3,7327,6,3569,1,77,8,2625,2,4202,9,6827,California
Mono,2021-03-30,12,10985,0,7327,8,3577,4,81,7,2631,5,4207,11,6838,California
Mono,2021-03-31,134,11119,7,7334,126,3703,1,82,23,2545,110,4317,24,6862,California
Mono,2021-04-01,9,11128,0,7334,8,3711,1,83,4,2545,5,4322,5,6867,California
Mono,2021-04-02,19,11147,2,7336,17,3728,0,83,8,2542,11,4333,8,6875,California
Mono,2021-04-03,857,12004,369,7705,488,4216,0,83,48,1784,806,5139,48,6923,California
Mono,2021-04-04,1,12005,1,7706,0,4216,0,83,0,1783,1,5140,0,6923,California
Mono,2021-04-05,527,12532,18,7724,508,4724,1,84,35,1328,491,5631,36,6959,California
Mono,2021-04-06,19,12551,1,7725,5,4729,13,97,1,1324,18,5649,14,6973,California
Mono,2021-04-07,23,12574,2,7727,2,4731,19,116,2,1324,21,5670,21,6994,California
Mono,2021-04-08,26,12600,4,7731,3,4734,19,135,6,1329,20,5690,25,7019,California
Mono,2021-04-09,39,12639,4,7735,6,4740,29,164,9,1337,30,5720,38,7057,California
Mono,2021-04-10,451,13090,2,7737,442,5182,7,171,30,953,421,6141,37,7094,California
Mono,2021-04-11,1,13091,1,7738,0,5182,0,171,0,952,1,6142,0,7094,California
Mono,2021-04-12,6,13097,0,7738,3,5185,3,174,3,955,3,6145,6,7100,California
Mono,2021-04-13,19,13116,2,7740,16,5201,1,175,13,963,6,6151,14,7114,California
Mono,2021-04-14,27,13143,2,7742,25,5226,0,175,9,954,18,6169,9,7123,California
Mono,2021-04-15,18,13161,4,7746,14,5240,0,175,10,956,8,6177,10,7133,California
Mono,2021-04-16,18,13179,1,7747,17,5257,0,175,7,952,11,6188,7,7140,California
Mono,2021-04-17,52,13231,2,7749,50,5307,0,175,45,990,7,6195,45,7185,California
Mono,2021-04-18,1,13232,0,7749,1,5308,0,175,1,991,0,6195,1,7186,California
Mono,2021-04-19,536,13768,327,8076,209,5517,0,175,202,862,331,6526,202,7388,California
Mono,2021-04-20,15,13783,2,8078,13,5530,0,175,10,867,5,6531,10,7398,California
Mono,2021-04-21,7,13790,0,8078,7,5537,0,175,2,864,5,6536,2,7400,California
Mono,2021-04-22,25,13815,11,8089,14,5551,0,175,11,861,14,6550,11,7411,California
Mono,2021-04-23,22,13837,2,8091,20,5571,0,175,12,863,10,6560,12,7423,California
Mono,2021-04-24,35,13872,21,8112,14,5585,0,175,20,868,15,6575,20,7443,California
Mono,2021-04-25,3,13875,2,8114,1,5586,0,175,3,871,0,6575,3,7446,California
Mono,2021-04-26,12,13887,2,8116,10,5596,0,175,3,865,9,6584,3,7449,California
Mono,2021-04-27,66,13953,41,8157,18,5614,7,182,50,906,16,6600,57,7506,California
Mono,2021-04-28,61,14014,40,8197,17,5631,4,186,47,945,12,6612,51,7557,California
Mono,2021-04-29,10,14024,3,8200,4,5635,3,189,3,944,7,6619,6,7563,California
Mono,2021-04-30,19,14043,3,8203,12,5647,4,193,8,945,11,6630,12,7575,California
Mono,2021-05-01,109,14152,5,8208,104,5751,0,193,96,1029,12,6642,96,7671,California
Mono,2021-05-03,2,14154,1,8209,1,5752,0,193,1,1029,1,6643,1,7672,California
Mono,2021-05-04,19,14173,0,8209,13,5765,6,199,10,1036,9,6652,16,7688,California
Mono,2021-05-05,52,14225,8,8217,40,5805,4,203,45,1078,7,6659,49,7737,California
Mono,2021-05-06,16,14241,4,8221,11,5816,1,204,10,1083,6,6665,11,7748,California
Mono,2021-05-07,30,14271,22,8243,8,5824,0,204,25,1103,5,6670,25,7773,California
Mono,2021-05-08,53,14324,7,8250,46,5870,0,204,24,1098,29,6699,24,7797,California
Mono,2021-05-09,1,14325,1,8251,0,5870,0,204,0,1098,0,6699,0,7797,California
Mono,2021-05-10,18,14343,1,8252,13,5883,4,208,9,1102,9,6708,13,7810,California
Mono,2021-05-11,15,14358,2,8254,10,5893,3,211,5,1100,10,6718,8,7818,California
Mono,2021-05-12,12,14370,0,8254,11,5904,1,212,4,1097,8,6726,5,7823,California
Mono,2021-05-13,48,14418,31,8285,16,5920,1,213,38,1126,10,6736,39,7862,California
Mono,2021-05-14,11,14429,1,8286,9,5929,1,214,6,1128,5,6741,7,7869,California
Mono,2021-05-15,65,14494,24,8310,35,5964,6,220,19,1107,46,6787,25,7894,California
Mono,2021-05-16,6,14500,4,8314,1,5965,1,221,2,1106,4,6791,3,7897,California
Mono,2021-05-17,250,14750,34,8348,209,6174,7,228,54,973,195,6986,62,7959,California
Mono,2021-05-18,134,14884,110,8458,23,6197,1,229,87,1015,47,7033,89,8048,California
Mono,2021-05-19,119,15003,112,8570,2,6199,5,234,75,1051,44,7077,80,8128,California
Mono,2021-05-20,71,15074,56,8626,10,6209,5,239,54,1093,17,7094,59,8187,California
Mono,2021-05-21,23,15097,4,8630,16,6225,3,242,10,1093,13,7107,13,8200,California
Mono,2021-05-22,22,15119,12,8642,8,6233,2,244,16,1105,6,7113,18,8218,California
Mono,2021-05-23,2,15121,0,8642,2,6235,0,244,1,1105,1,7114,1,8219,California
Mono,2021-05-24,15,15136,1,8643,13,6248,1,245,9,1110,6,7120,11,8230,California
Mono,2021-05-25,14,15150,5,8648,9,6257,0,245,8,1112,6,7126,8,8238,California
Mono,2021-05-26,18,15168,2,8650,15,6272,1,246,7,1109,11,7137,8,8246,California
Mono,2021-05-27,8,15176,0,8650,8,6280,0,246,5,1112,2,7139,5,8251,California
Mono,2021-05-28,42,15218,28,8678,14,6294,0,246,11,1092,31,7170,11,8262,California
Mono,2021-05-29,128,15346,26,8704,99,6393,3,249,32,1031,96,7266,35,8297,California
Mono,2021-06-01,16,15362,7,8711,9,6402,0,249,9,1033,7,7273,9,8306,California
Mono,2021-06-02,47,15409,4,8715,43,6445,0,249,10,1006,37,7310,10,8316,California
Mono,2021-06-03,11,15420,1,8716,7,6452,3,252,1,1000,10,7320,4,8320,California
Mono,2021-06-04,12,15432,1,8717,10,6462,1,253,3,995,9,7329,4,8324,California
Mono,2021-06-05,44,15476,23,8740,21,6483,0,253,5,961,39,7368,5,8329,California
Mono,2021-06-06,1,15477,0,8740,1,6484,0,253,0,960,1,7369,0,8329,California
Mono,2021-06-07,98,15575,86,8826,8,6492,4,257,11,888,87,7456,15,8344,California
Mono,2021-06-08,113,15688,103,8929,8,6500,2,259,12,801,101,7557,14,8358,California
Mono,2021-06-09,6,15694,1,8930,5,6505,0,259,1,797,5,7562,1,8359,California
Mono,2021-06-10,6,15700,0,8930,4,6509,2,261,2,797,4,7566,4,8363,California
Mono,2021-06-11,74,15774,62,8992,7,6516,5,266,6,740,68,7634,11,8374,California
Mono,2021-06-12,1,15775,1,8993,0,6516,0,266,0,739,1,7635,0,8374,California
Mono,2021-06-13,1,15776,0,8993,1,6517,0,266,1,740,0,7635,1,8375,California
Mono,2021-06-14,64,15840,30,9023,28,6545,6,272,19,720,45,7680,25,8400,California
Mono,2021-06-15,8,15848,5,9028,3,6548,0,272,4,720,4,7684,4,8404,California
Mono,2021-06-16,14,15862,5,9033,9,6557,0,272,6,718,8,7692,6,8410,California
Mono,2021-06-17,6,15868,1,9034,3,6560,2,274,2,718,4,7696,4,8414,California
Mono,2021-06-18,5,15873,3,9037,1,6561,1,275,1,717,3,7699,2,8416,California
Mono,2021-06-19,2,15875,2,9039,0,6561,0,275,2,719,0,7699,2,8418,California
Mono,2021-06-20,1,15876,0,9039,1,6562,0,275,0,718,1,7700,0,8418,California
Mono,2021-06-21,14,15890,2,9041,10,6572,2,277,3,713,10,7710,5,8423,California
Mono,2021-06-22,13,15903,2,9043,10,6582,1,278,4,710,8,7718,5,8428,California
Mono,2021-06-23,12,15915,0,9043,6,6588,6,284,2,709,10,7728,9,8437,California
Mono,2021-06-24,7,15922,0,9043,5,6593,2,286,2,708,5,7733,4,8441,California
Mono,2021-06-25,33,15955,22,9065,11,6604,0,286,7,689,26,7759,7,8448,California
Mono,2021-06-26,1,15956,1,9066,0,6604,0,286,0,688,1,7760,0,8448,California
Mono,2021-06-27,1,15957,0,9066,1,6605,0,286,1,689,0,7760,1,8449,California
Mono,2021-06-28,11,15968,7,9073,1,6606,3,289,2,685,9,7769,5,8454,California
Mono,2021-06-29,2,15970,2,9075,0,6606,0,289,2,687,0,7769,2,8456,California
Mono,2021-06-30,7,15977,1,9076,3,6609,3,292,3,689,4,7773,6,8462,California
Mono,2021-07-01,8,15985,1,9077,4,6613,3,295,2,688,6,7779,5,8467,California
Mono,2021-07-02,39,16024,35,9112,2,6615,2,297,14,679,25,7804,16,8483,California
Mono,2021-07-05,4,16028,0,9112,3,6618,1,298,3,682,1,7805,4,8487,California
Mono,2021-07-06,11,16039,2,9114,5,6623,4,302,4,683,7,7812,8,8495,California
Mono,2021-07-07,7,16046,4,9118,3,6626,0,302,2,680,5,7817,2,8497,California
Mono,2021-07-08,11,16057,9,9127,1,6627,1,303,4,679,6,7823,5,8502,California
Mono,2021-07-09,6,16063,1,9128,4,6631,1,304,2,678,4,7827,3,8505,California
Mono,2021-07-10,3,16066,3,9131,0,6631,0,304,2,679,1,7828,2,8507,California
Monterey,2020-12-16,6,6,6,6,0,0,0,0,6,6,0,0,6,6,California
Monterey,2020-12-17,87,93,87,93,0,0,0,0,87,93,0,0,87,93,California
Monterey,2020-12-18,489,582,489,582,0,0,0,0,489,582,0,0,489,582,California
Monterey,2020-12-19,581,1163,580,1162,1,1,0,0,580,1162,0,0,580,1162,California
Monterey,2020-12-20,421,1584,420,1582,1,2,0,0,421,1583,0,0,421,1583,California
Monterey,2020-12-21,723,2307,723,2305,0,2,0,0,723,2306,0,0,723,2306,California
Monterey,2020-12-22,535,2842,522,2827,13,15,0,0,535,2841,0,0,535,2841,California
Monterey,2020-12-23,444,3286,267,3094,177,192,0,0,444,3285,0,0,444,3285,California
Monterey,2020-12-24,84,3370,10,3104,74,266,0,0,84,3369,0,0,84,3369,California
Monterey,2020-12-25,6,3376,0,3104,6,272,0,0,6,3375,0,0,6,3375,California
Monterey,2020-12-26,92,3468,5,3109,87,359,0,0,92,3467,0,0,92,3467,California
Monterey,2020-12-27,6,3474,3,3112,3,362,0,0,6,3473,0,0,6,3473,California
Monterey,2020-12-28,477,3951,25,3137,452,814,0,0,477,3950,0,0,477,3950,California
Monterey,2020-12-29,902,4853,169,3306,733,1547,0,0,902,4852,0,0,902,4852,California
Monterey,2020-12-30,566,5419,98,3404,468,2015,0,0,566,5418,0,0,566,5418,California
Monterey,2020-12-31,33,5452,11,3415,22,2037,0,0,33,5451,0,0,33,5451,California
Monterey,2021-01-01,13,5465,3,3418,10,2047,0,0,13,5464,0,0,13,5464,California
Monterey,2021-01-02,137,5602,134,3552,3,2050,0,0,137,5601,0,0,137,5601,California
Monterey,2021-01-03,30,5632,29,3581,1,2051,0,0,30,5631,0,0,30,5631,California
Monterey,2021-01-04,412,6044,19,3600,393,2444,0,0,412,6043,0,0,412,6043,California
Monterey,2021-01-05,757,6801,328,3928,429,2873,0,0,743,6772,14,14,743,6786,California
Monterey,2021-01-06,663,7464,176,4104,487,3360,0,0,638,7385,25,39,638,7424,California
Monterey,2021-01-07,752,8216,576,4680,176,3536,0,0,424,7483,326,365,424,7848,California
Monterey,2021-01-08,1093,9309,739,5419,354,3890,0,0,395,7180,698,1063,395,8243,California
Monterey,2021-01-09,962,10271,932,6351,30,3920,0,0,311,6842,649,1712,311,8554,California
Monterey,2021-01-10,273,10544,270,6621,3,3923,0,0,9,6587,264,1976,9,8563,California
Monterey,2021-01-11,1068,11612,986,7607,82,4005,0,0,365,6249,703,2679,365,8928,California
Monterey,2021-01-12,477,12089,396,8003,81,4086,0,0,211,6196,266,2945,213,9141,California
Monterey,2021-01-13,1222,13311,594,8597,628,4714,0,0,1176,7326,46,2991,1176,10317,California
Monterey,2021-01-14,1199,14510,244,8841,955,5669,0,0,1179,8489,20,3011,1183,11500,California
Monterey,2021-01-15,1057,15567,46,8887,1011,6680,0,0,1045,9522,12,3023,1045,12545,California
Monterey,2021-01-16,365,15932,300,9187,65,6745,0,0,360,9877,5,3028,360,12905,California
Monterey,2021-01-17,314,16246,294,9481,20,6765,0,0,302,10167,12,3040,302,13207,California
Monterey,2021-01-18,400,16646,50,9531,350,7115,0,0,378,10523,22,3062,378,13585,California
Monterey,2021-01-19,585,17231,400,9931,185,7300,0,0,421,10782,162,3224,421,14006,California
Monterey,2021-01-20,546,17777,270,10201,276,7576,0,0,336,10908,210,3434,336,14342,California
Monterey,2021-01-21,870,18647,116,10317,754,8330,0,0,758,11558,112,3546,762,15104,California
Monterey,2021-01-22,1072,19719,200,10517,872,9202,0,0,1031,12548,41,3587,1031,16135,California
Monterey,2021-01-23,245,19964,175,10692,70,9272,0,0,121,12548,123,3710,123,16258,California
Monterey,2021-01-24,62,20026,38,10730,24,9296,0,0,28,12542,34,3744,28,16286,California
Monterey,2021-01-25,800,20826,176,10906,624,9920,0,0,175,12099,618,4362,175,16461,California
Monterey,2021-01-26,954,21780,233,11139,721,10641,0,0,253,11651,701,5063,253,16714,California
Monterey,2021-01-27,856,22636,300,11439,556,11197,0,0,374,11543,482,5545,374,17088,California
Monterey,2021-01-28,2031,24667,741,12180,1290,12487,0,0,1685,12885,345,5890,1687,18775,California
Monterey,2021-01-29,1284,25951,715,12895,569,13056,0,0,1166,13935,117,6007,1167,19942,California
Monterey,2021-01-30,465,26416,295,13190,170,13226,0,0,209,13888,256,6263,209,20151,California
Monterey,2021-01-31,495,26911,73,13263,422,13648,0,0,484,14362,11,6274,485,20636,California
Monterey,2021-02-01,1641,28552,1125,14388,516,14164,0,0,1073,14868,567,6841,1073,21709,California
Monterey,2021-02-02,2187,30739,478,14866,1709,15873,0,0,1572,15826,614,7455,1572,23281,California
Monterey,2021-02-03,2335,33074,1042,15908,1293,17166,0,0,1555,16605,776,8231,1555,24836,California
Monterey,2021-02-04,2821,35895,2102,18010,719,17885,0,0,2467,18723,349,8580,2467,27303,California
Monterey,2021-02-05,3679,39574,2830,20840,849,18734,0,0,3232,21513,442,9022,3232,30535,California
Monterey,2021-02-06,1102,40676,379,21219,723,19457,0,0,757,21928,342,9364,757,31292,California
Monterey,2021-02-07,319,40995,273,21492,46,19503,0,0,97,21804,221,9585,97,31389,California
Monterey,2021-02-08,524,41519,293,21785,231,19734,0,0,423,22126,101,9686,423,31812,California
Monterey,2021-02-09,882,42401,685,22470,197,19931,0,0,569,22384,311,9997,569,32381,California
Monterey,2021-02-10,2097,44498,1106,23576,991,20922,0,0,1237,22763,860,10857,1239,33620,California
Monterey,2021-02-11,2522,47020,978,24554,1544,22466,0,0,1538,23321,982,11839,1540,35160,California
Monterey,2021-02-12,2630,49650,450,25004,2180,24646,0,0,1528,23749,1101,12940,1529,36689,California
Monterey,2021-02-13,1077,50727,50,25054,1027,25673,0,0,987,24647,89,13029,987,37676,California
Monterey,2021-02-14,597,51324,74,25128,523,26196,0,0,525,25100,72,13101,525,38201,California
Monterey,2021-02-15,1386,52710,167,25295,1219,27415,0,0,977,25671,407,13508,978,39179,California
Monterey,2021-02-16,1096,53806,247,25542,849,28264,0,0,870,26315,226,13734,870,40049,California
Monterey,2021-02-17,1977,55783,1180,26722,797,29061,0,0,1659,27659,317,14051,1661,41710,California
Monterey,2021-02-18,2240,58023,1179,27901,1061,30122,0,0,911,27257,1315,15366,913,42623,California
Monterey,2021-02-19,2965,60988,1545,29446,1420,31542,0,0,1351,26998,1612,16978,1353,43976,California
Monterey,2021-02-20,1038,62026,626,30072,412,31954,0,0,975,27912,62,17040,976,44952,California
Monterey,2021-02-21,1341,63367,1310,31382,31,31985,0,0,1263,29103,73,17113,1264,46216,California
Monterey,2021-02-22,1067,64434,912,32294,155,32140,0,0,684,29407,380,17493,684,46900,California
Monterey,2021-02-23,1021,65455,651,32945,370,32510,0,0,328,29044,692,18185,329,47229,California
Monterey,2021-02-24,2587,68042,1349,34294,1238,33748,0,0,1925,30313,657,18842,1926,49155,California
Monterey,2021-02-25,4590,72632,2494,36788,2096,35844,0,0,1540,28816,3039,21881,1542,50697,California
Monterey,2021-02-26,5393,78025,3135,39923,2258,38102,0,0,2682,28792,2707,24588,2683,53380,California
Monterey,2021-02-27,1047,79072,187,40110,860,38962,0,0,835,29421,206,24794,835,54215,California
Monterey,2021-02-28,1541,80613,88,40198,1452,40414,1,1,1069,30027,464,25258,1070,55285,California
Monterey,2021-03-01,1299,81912,142,40340,1154,41568,3,4,754,30246,538,25796,757,56042,California
Monterey,2021-03-02,2825,84737,1735,42075,1090,42658,0,4,1960,31346,860,26656,1960,58002,California
Monterey,2021-03-03,3222,87959,1247,43322,1975,44633,0,4,1282,30693,1936,28592,1283,59285,California
Monterey,2021-03-04,4577,92536,1479,44801,3098,47731,0,4,2942,32008,1629,30221,2944,62229,California
Monterey,2021-03-05,3678,96214,1622,46423,1776,49507,280,284,3003,34617,674,30895,3283,65512,California
Monterey,2021-03-06,5065,101279,1068,47491,3692,53199,305,589,4158,38173,905,31800,4461,69973,California
Monterey,2021-03-07,594,101873,108,47599,181,53380,305,894,246,38373,347,32147,547,70520,California
Monterey,2021-03-08,1679,103552,328,47927,958,54338,393,1287,1127,39338,552,32699,1517,72037,California
Monterey,2021-03-09,1997,105549,699,48626,1019,55357,279,1566,1488,40594,508,33207,1764,73801,California
Monterey,2021-03-10,3189,108738,1034,49660,1669,57026,486,2052,1473,40840,1709,34916,1955,75756,California
Monterey,2021-03-11,4168,112906,1412,51072,2382,59408,374,2426,2393,41840,1766,36682,2766,78522,California
Monterey,2021-03-12,4428,117334,2048,53120,2244,61652,136,2562,2731,43010,1694,38376,2864,81386,California
Monterey,2021-03-13,5309,122643,963,54083,3999,65651,347,2909,3982,46013,1325,39701,4328,85714,California
Monterey,2021-03-14,2156,124799,1322,55405,809,66460,25,2934,501,44901,1638,41339,526,86240,California
Monterey,2021-03-15,3994,128793,1274,56679,2417,68877,303,3237,2255,45726,1734,43073,2559,88799,California
Monterey,2021-03-16,3547,132340,593,57272,2563,71440,391,3628,2116,46801,1428,44501,2503,91302,California
Monterey,2021-03-17,5824,138164,2366,59638,3200,74640,258,3886,4191,49631,1624,46125,4454,95756,California
Monterey,2021-03-18,4463,142627,2164,61802,2129,76769,170,4056,3094,51568,1364,47489,3301,99057,California
Monterey,2021-03-19,5512,148139,2579,64381,2787,79556,146,4202,4210,54626,1297,48786,4355,103412,California
Monterey,2021-03-20,3372,151511,427,64808,2252,81808,693,4895,2282,56514,1086,49872,2974,106386,California
Monterey,2021-03-21,641,152152,216,65024,415,82223,10,4905,567,57018,72,49944,576,106962,California
Monterey,2021-03-22,2504,154656,1444,66468,997,83220,63,4968,2285,59148,216,50160,2346,109308,California
Monterey,2021-03-23,4027,158683,2360,68828,1624,84844,43,5011,2546,60261,1476,51636,2589,111897,California
Monterey,2021-03-24,5135,163818,2123,70951,2693,87537,319,5330,3741,62930,1387,53023,4056,115953,California
Monterey,2021-03-25,5339,169157,1231,72182,3749,91286,359,5689,2666,63291,2665,55688,3026,118979,California
Monterey,2021-03-26,5463,174620,2615,74797,2762,94048,86,5775,2723,63375,2727,58415,2811,121790,California
Monterey,2021-03-27,4850,179470,1451,76248,3144,97192,255,6030,3127,65039,1720,60135,3384,125174,California
Monterey,2021-03-28,1129,180599,348,76596,772,97964,9,6039,630,65187,491,60626,639,125813,California
Monterey,2021-03-29,3239,183838,1419,78015,1806,99770,14,6053,2005,65985,1226,61852,2024,127837,California
Monterey,2021-03-30,4525,188363,2142,80157,2337,102107,46,6099,2775,67070,1739,63591,2824,130661,California
Monterey,2021-03-31,5309,193672,2298,82455,2213,104320,798,6897,3307,69167,1997,65588,4094,134755,California
Monterey,2021-04-01,6147,199819,2064,84519,3671,107991,412,7309,3112,69666,3019,68607,3518,138273,California
Monterey,2021-04-02,4712,204531,2191,86710,2457,110448,64,7373,3167,71356,1543,70150,3233,141506,California
Monterey,2021-04-03,5942,210473,1116,87826,3780,114228,1046,8419,1233,68926,4701,74851,2271,143777,California
Monterey,2021-04-04,765,211238,156,87982,594,114822,15,8434,493,69164,271,75122,509,144286,California
Monterey,2021-04-05,4048,215286,2499,90481,1312,116134,237,8671,1509,68374,2534,77656,1744,146030,California
Monterey,2021-04-06,3450,218736,1354,91835,1623,117757,473,9144,1186,67769,2260,79916,1655,147685,California
Monterey,2021-04-07,5659,224395,1395,93230,3744,121501,520,9664,2713,68062,2935,82851,3228,150913,California
Monterey,2021-04-08,6698,231093,3516,96746,2370,123871,812,10476,3308,68798,3385,86236,4121,155034,California
Monterey,2021-04-09,5771,236864,3436,100182,1694,125565,641,11117,2295,68257,3473,89709,2932,157966,California
Monterey,2021-04-10,10302,247166,4963,105145,3129,128694,2210,13327,5001,70174,5286,94995,7203,165169,California
Monterey,2021-04-11,5519,252685,4336,109481,574,129268,609,13936,4467,74196,1046,96041,5068,170237,California
Monterey,2021-04-12,4159,256844,1883,111364,1960,131228,316,14252,964,72419,3056,99097,1279,171516,California
Monterey,2021-04-13,3231,260075,745,112109,2480,133708,6,14258,1551,72316,1662,100759,1559,173075,California
Monterey,2021-04-14,6857,266932,3187,115296,3667,137375,3,14261,1868,69223,4965,105724,1872,174947,California
Monterey,2021-04-15,5921,272853,3912,119208,2009,139384,0,14261,3883,71101,2006,107730,3884,178831,California
Monterey,2021-04-16,4783,277636,2330,121538,2439,141823,14,14275,2135,70619,2632,110362,2150,180981,California
Monterey,2021-04-17,5856,283492,1399,122937,4457,146280,0,14275,3794,72368,2046,112408,3795,184776,California
Monterey,2021-04-18,884,284376,294,123231,590,146870,0,14275,260,72008,620,113028,260,185036,California
Monterey,2021-04-19,3622,287998,1160,124391,2462,149332,0,14275,1648,71696,1960,114988,1648,186684,California
Monterey,2021-04-20,3850,291848,1549,125940,2301,151633,0,14275,1528,70927,2298,117286,1529,188213,California
Monterey,2021-04-21,6196,298044,3374,129314,2822,154455,0,14275,2958,70690,3197,120483,2960,191173,California
Monterey,2021-04-22,4902,302946,1071,130385,3831,158286,0,14275,1999,69830,2859,123342,1999,193172,California
Monterey,2021-04-23,5751,308697,2712,133097,3038,161324,1,14276,2265,68636,3465,126807,2271,195443,California
Monterey,2021-04-24,4295,312992,584,133681,3711,165035,0,14276,1548,67455,2730,129537,1549,196992,California
Monterey,2021-04-25,1242,314234,607,134288,635,165670,0,14276,786,67795,446,129983,786,197778,California
Monterey,2021-04-26,3787,318021,2245,136533,1525,167195,17,14293,982,66015,2779,132762,999,198777,California
Monterey,2021-04-27,2885,320906,946,137479,1799,168994,140,14433,1223,65720,1657,134419,1362,200139,California
Monterey,2021-04-28,3666,324572,1402,138881,2111,171105,153,14586,2253,66722,1399,135818,2401,202540,California
Monterey,2021-04-29,4556,329128,2441,141322,2039,173144,76,14662,1668,65593,2874,138692,1745,204285,California
Monterey,2021-04-30,3247,332375,1686,143008,1486,174630,75,14737,834,64097,2403,141095,907,205192,California
Monterey,2021-05-01,5641,338016,4233,147241,1368,175998,40,14777,684,59883,4936,146031,722,205914,California
Monterey,2021-05-02,4346,342362,3922,151163,397,176395,27,14804,300,56178,4032,150063,327,206241,California
Monterey,2021-05-03,2547,344909,1567,152730,866,177261,114,14918,586,54926,1952,152015,700,206941,California
Monterey,2021-05-04,1827,346736,627,153357,1110,178371,90,15008,660,54524,1153,153168,751,207692,California
Monterey,2021-05-05,3379,350115,1241,154598,2054,180425,84,15092,1072,53385,2296,155464,1157,208849,California
Monterey,2021-05-06,4221,354336,2780,157378,1225,181650,216,15308,1122,51639,3084,158548,1338,210187,California
Monterey,2021-05-07,1975,356311,953,158331,924,182574,98,15406,705,51181,1260,159808,802,210989,California
Monterey,2021-05-08,2715,359026,1482,159813,910,183484,323,15729,964,50728,1739,161547,1286,212275,California
Monterey,2021-05-09,394,359420,113,159926,254,183738,27,15756,128,50618,265,161812,155,212430,California
Monterey,2021-05-10,2827,362247,2080,162006,700,184438,47,15803,527,48906,2288,164100,576,213006,California
Monterey,2021-05-11,1865,364112,953,162959,834,185272,78,15881,759,48651,1093,165193,838,213844,California
Monterey,2021-05-12,3929,368041,2073,165032,1773,187045,83,15964,877,46574,3038,168231,961,214805,California
Monterey,2021-05-13,2689,370730,1605,166637,1029,188074,55,16019,1537,47025,1138,169369,1589,216394,California
Monterey,2021-05-14,1871,372601,580,167217,1191,189265,100,16119,735,46734,1126,170495,835,217229,California
Monterey,2021-05-15,3390,375991,826,168043,2298,191563,266,16385,953,45526,2423,172918,1215,218444,California
Monterey,2021-05-16,986,376977,633,168676,282,191845,71,16456,284,45184,696,173614,354,218798,California
Monterey,2021-05-17,2248,379225,1341,170017,830,192675,77,16533,1068,45163,1166,174780,1145,219943,California
Monterey,2021-05-18,1758,380983,690,170707,1024,193699,44,16577,812,45083,938,175718,858,220801,California
Monterey,2021-05-19,3635,384618,2359,173066,1186,194885,90,16667,1939,45424,1690,177408,2031,222832,California
Monterey,2021-05-20,2783,387401,982,174048,1692,196577,109,16776,935,44637,1834,179242,1047,223879,California
Monterey,2021-05-21,3282,390683,1325,175373,1864,198441,93,16869,1012,43486,2255,181497,1104,224983,California
Monterey,2021-05-22,2135,392818,735,176108,1120,199561,280,17149,812,43263,1313,182810,1090,226073,California
Monterey,2021-05-23,878,393696,521,176629,341,199902,16,17165,506,43419,366,183176,522,226595,California
Monterey,2021-05-24,1737,395433,563,177192,1112,201014,62,17227,575,42900,1157,184333,638,227233,California
Monterey,2021-05-25,1436,396869,550,177742,817,201831,69,17296,570,42688,851,185184,639,227872,California
Monterey,2021-05-26,2677,399546,1031,178773,1589,203420,57,17353,1014,42112,1647,186831,1071,228943,California
Monterey,2021-05-27,2493,402039,1366,180139,1070,204490,57,17410,896,41484,1582,188413,954,229897,California
Monterey,2021-05-28,1741,403780,580,180719,1101,205591,60,17470,749,41313,981,189394,810,230707,California
Monterey,2021-05-29,989,404769,635,181354,321,205912,33,17503,404,41171,580,189974,438,231145,California
Monterey,2021-05-30,380,405149,164,181518,202,206114,14,17517,143,41092,236,190210,157,231302,California
Monterey,2021-05-31,186,405335,34,181552,143,206257,9,17526,52,41020,133,190343,61,231363,California
Monterey,2021-06-01,1720,407055,922,182474,666,206923,132,17658,529,40505,1172,191515,657,232020,California
Monterey,2021-06-02,1691,408746,979,183453,662,207585,50,17708,702,40273,983,192498,751,232771,California
Monterey,2021-06-03,2225,410971,1418,184871,771,208356,36,17744,518,39130,1696,194194,553,233324,California
Monterey,2021-06-04,1332,412303,687,185558,611,208967,34,17778,532,38903,793,194987,566,233890,California
Monterey,2021-06-05,2182,414485,857,186415,705,209672,620,18398,478,38305,1688,196675,1090,234980,California
Monterey,2021-06-06,498,414983,408,186823,81,209753,9,18407,253,38322,244,196919,261,235241,California
Monterey,2021-06-07,943,415926,487,187310,409,210162,47,18454,363,38160,570,197489,408,235649,California
Monterey,2021-06-08,1177,417103,737,188047,416,210578,24,18478,415,37846,752,198241,438,236087,California
Monterey,2021-06-09,2922,420025,2194,190241,602,211180,126,18604,642,36338,2276,200517,768,236855,California
Monterey,2021-06-10,1523,421548,933,191174,529,211709,61,18665,540,35960,977,201494,599,237454,California
Monterey,2021-06-11,1402,422950,764,191938,562,212271,76,18741,509,35658,885,202379,583,238037,California
Monterey,2021-06-12,751,423701,512,192450,224,212495,15,18756,352,35628,397,202776,367,238404,California
Monterey,2021-06-13,597,424298,462,192912,122,212617,13,18769,115,35277,478,203254,127,238531,California
Monterey,2021-06-14,1408,425706,1012,193924,362,212979,34,18803,372,34653,1030,204284,406,238937,California
Monterey,2021-06-15,1161,426867,587,194511,451,213430,123,18926,399,34423,752,205036,522,239459,California
Monterey,2021-06-16,1589,428456,1108,195619,448,213878,33,18959,405,33685,1176,206212,438,239897,California
Monterey,2021-06-17,1187,429643,687,196306,343,214221,157,19116,427,33514,755,206967,584,240481,California
Monterey,2021-06-18,1207,430850,727,197033,451,214672,29,19145,536,33415,664,207631,565,241046,California
Monterey,2021-06-19,1311,432161,1014,198047,266,214938,31,19176,493,33129,810,208441,524,241570,California
Monterey,2021-06-20,236,432397,158,198205,70,215008,8,19184,81,33064,155,208596,90,241660,California
Monterey,2021-06-21,679,433076,373,198578,271,215279,35,19219,389,33202,285,208881,423,242083,California
Monterey,2021-06-22,1534,434610,988,199566,354,215633,192,19411,503,32875,1017,209898,690,242773,California
Monterey,2021-06-23,1081,435691,723,200289,324,215957,34,19445,439,32714,633,210531,472,243245,California
Monterey,2021-06-24,867,436558,519,200808,326,216283,22,19467,418,32709,445,210976,440,243685,California
Monterey,2021-06-25,1005,437563,622,201430,367,216650,16,19483,477,32678,523,211499,492,244177,California
Monterey,2021-06-26,608,438171,442,201872,154,216804,12,19495,336,32755,269,211768,346,244523,California
Monterey,2021-06-27,352,438523,272,202144,66,216870,14,19509,99,32616,252,212020,113,244636,California
Monterey,2021-06-28,575,439098,373,202517,171,217041,31,19540,251,32579,319,212339,282,244918,California
Monterey,2021-06-29,863,439961,529,203046,250,217291,84,19624,340,32484,518,212857,423,245341,California
Monterey,2021-06-30,1039,441000,703,203749,316,217607,20,19644,425,32320,609,213466,445,245786,California
Monterey,2021-07-01,767,441767,524,204273,220,217827,23,19667,348,32277,413,213879,370,246156,California
Monterey,2021-07-02,894,442661,495,204768,359,218186,40,19707,474,32378,412,214291,513,246669,California
Monterey,2021-07-03,565,443226,431,205199,130,218316,4,19711,263,32346,298,214589,266,246935,California
Monterey,2021-07-04,33,443259,23,205222,9,218325,1,19712,22,32358,11,214600,23,246958,California
Monterey,2021-07-05,385,443644,234,205456,144,218469,7,19719,174,32330,209,214809,181,247139,California
Monterey,2021-07-06,841,444485,579,206035,238,218707,24,19743,356,32229,481,215290,380,247519,California
Monterey,2021-07-07,770,445255,511,206546,236,218943,23,19766,379,32246,385,215675,402,247921,California
Monterey,2021-07-08,777,446032,442,206988,310,219253,25,19791,290,32084,475,216150,313,248234,California
Monterey,2021-07-09,943,446975,573,207561,342,219595,28,19819,400,31975,536,216686,427,248661,California
Monterey,2021-07-10,758,447733,481,208042,148,219743,129,19948,345,32037,407,217093,469,249130,California
Monterey,2021-07-11,129,447862,73,208115,52,219795,4,19952,60,32035,66,217159,64,249194,California
Napa,2020-12-16,13,13,13,13,0,0,0,0,13,13,0,0,13,13,California
Napa,2020-12-17,46,59,46,59,0,0,0,0,46,59,0,0,46,59,California
Napa,2020-12-18,107,166,107,166,0,0,0,0,107,166,0,0,107,166,California
Napa,2020-12-19,222,388,222,388,0,0,0,0,222,388,0,0,222,388,California
Napa,2020-12-20,190,578,190,578,0,0,0,0,190,578,0,0,190,578,California
Napa,2020-12-21,315,893,315,893,0,0,0,0,316,894,0,0,316,894,California
Napa,2020-12-22,337,1230,328,1221,9,9,0,0,337,1231,0,0,337,1231,California
Napa,2020-12-23,437,1667,325,1546,112,121,0,0,437,1668,0,0,437,1668,California
Napa,2020-12-24,138,1805,77,1623,61,182,0,0,138,1806,0,0,138,1806,California
Napa,2020-12-26,40,1845,11,1634,29,211,0,0,40,1846,0,0,40,1846,California
Napa,2020-12-27,32,1877,16,1650,16,227,0,0,32,1878,0,0,32,1878,California
Napa,2020-12-28,252,2129,184,1834,68,295,0,0,278,2156,0,0,278,2156,California
Napa,2020-12-29,274,2403,215,2049,59,354,0,0,307,2463,0,0,307,2463,California
Napa,2020-12-30,632,3035,484,2533,148,502,0,0,640,3103,0,0,640,3103,California
Napa,2020-12-31,462,3497,373,2906,89,591,0,0,462,3565,0,0,462,3565,California
Napa,2021-01-01,1,3498,1,2907,0,591,0,0,1,3566,0,0,1,3566,California
Napa,2021-01-02,95,3593,90,2997,5,596,0,0,95,3661,0,0,95,3661,California
Napa,2021-01-03,14,3607,12,3009,2,598,0,0,9,3670,0,0,9,3670,California
Napa,2021-01-04,105,3712,62,3071,43,641,0,0,105,3775,0,0,105,3775,California
Napa,2021-01-05,163,3875,86,3157,77,718,0,0,146,3897,24,24,146,3921,California
Napa,2021-01-06,466,4341,119,3276,347,1065,0,0,399,4231,65,89,399,4320,California
Napa,2021-01-07,499,4840,237,3513,262,1327,0,0,394,4521,104,193,394,4714,California
Napa,2021-01-08,443,5283,229,3742,214,1541,0,0,259,4597,183,376,259,4973,California
Napa,2021-01-09,328,5611,303,4045,25,1566,0,0,190,4649,138,514,190,5163,California
Napa,2021-01-10,186,5797,103,4148,83,1649,0,0,109,4681,77,591,109,5272,California
Napa,2021-01-11,870,6667,420,4568,450,2099,0,0,500,4812,371,962,502,5774,California
Napa,2021-01-12,1329,7996,381,4949,948,3047,0,0,1005,5493,324,1286,1005,6779,California
Napa,2021-01-13,1319,9315,269,5218,1050,4097,0,0,1154,6484,164,1450,1155,7934,California
Napa,2021-01-14,1052,10367,167,5385,885,4982,0,0,936,7306,114,1564,936,8870,California
Napa,2021-01-15,1473,11840,388,5773,1085,6067,0,0,1325,8477,155,1719,1326,10196,California
Napa,2021-01-16,361,12201,132,5905,229,6296,0,0,343,8802,18,1737,343,10539,California
Napa,2021-01-17,342,12543,177,6082,165,6461,0,0,333,9126,9,1746,333,10872,California
Napa,2021-01-18,1092,13635,197,6279,895,7356,0,0,1001,10036,91,1837,1001,11873,California
Napa,2021-01-19,1005,14640,402,6681,603,7959,0,0,766,10564,238,2075,766,12639,California
Napa,2021-01-20,835,15475,189,6870,646,8605,0,0,648,11028,185,2260,649,13288,California
Napa,2021-01-21,1571,17046,609,7479,962,9567,0,0,1118,11695,452,2712,1119,14407,California
Napa,2021-01-22,1578,18624,435,7914,1143,10710,0,0,1233,12585,344,3056,1234,15641,California
Napa,2021-01-23,397,19021,317,8231,80,10790,0,0,337,12862,60,3116,337,15978,California
Napa,2021-01-24,267,19288,189,8420,78,10868,0,0,209,13013,58,3174,209,16187,California
Napa,2021-01-25,1524,20812,232,8652,1292,12160,0,0,1435,14359,89,3263,1435,17622,California
Napa,2021-01-26,879,21691,283,8935,596,12756,0,0,784,15049,95,3358,785,18407,California
Napa,2021-01-27,630,22321,221,9156,409,13165,0,0,467,15353,164,3522,468,18875,California
Napa,2021-01-28,392,22713,175,9331,217,13382,0,0,199,15361,191,3713,199,19074,California
Napa,2021-01-29,264,22977,67,9398,197,13579,0,0,166,15429,98,3811,166,19240,California
Napa,2021-01-30,821,23798,709,10107,112,13691,0,0,652,15912,169,3980,652,19892,California
Napa,2021-01-31,693,24491,661,10768,32,13723,0,0,669,16557,24,4004,669,20561,California
Napa,2021-02-01,325,24816,114,10882,211,13934,0,0,166,16564,159,4163,166,20727,California
Napa,2021-02-02,616,25432,283,11165,333,14267,0,0,304,16559,309,4472,304,21031,California
Napa,2021-02-03,754,26186,313,11478,441,14708,0,0,436,16678,317,4789,436,21467,California
Napa,2021-02-04,787,26973,369,11847,418,15126,0,0,440,16773,345,5134,440,21907,California
Napa,2021-02-05,716,27689,314,12161,402,15528,0,0,343,16743,373,5507,343,22250,California
Napa,2021-02-06,439,28128,144,12305,295,15823,0,0,334,16973,104,5611,334,22584,California
Napa,2021-02-07,180,28308,167,12472,13,15836,0,0,72,16937,108,5719,72,22656,California
Napa,2021-02-08,842,29150,194,12666,648,16484,0,0,279,16655,561,6280,279,22935,California
Napa,2021-02-09,1090,30240,450,13116,640,17124,0,0,445,16456,644,6924,445,23380,California
Napa,2021-02-10,1739,31979,195,13311,1544,18668,0,0,454,15629,1282,8206,455,23835,California
Napa,2021-02-11,1507,33486,198,13509,1309,19977,0,0,408,14951,1086,9292,408,24243,California
Napa,2021-02-12,2199,35685,867,14376,1332,21309,0,0,697,14152,1496,10788,697,24940,California
Napa,2021-02-13,514,36199,56,14432,458,21767,0,0,320,14278,194,10982,320,25260,California
Napa,2021-02-14,354,36553,88,14520,266,22033,0,0,191,14306,163,11145,191,25451,California
Napa,2021-02-15,889,37442,187,14707,702,22735,0,0,227,13873,660,11805,227,25678,California
Napa,2021-02-16,1296,38738,602,15309,694,23429,0,0,617,13814,676,12481,617,26295,California
Napa,2021-02-17,1066,39804,536,15845,530,23959,0,0,487,13725,577,13058,488,26783,California
Napa,2021-02-18,1944,41748,497,16342,1447,25406,0,0,676,13136,1265,14323,676,27459,California
Napa,2021-02-19,1517,43265,599,16941,918,26324,0,0,683,12987,832,15155,683,28142,California
Napa,2021-02-20,879,44144,638,17579,241,26565,0,0,287,12682,592,15747,287,28429,California
Napa,2021-02-21,895,45039,827,18406,68,26633,0,0,198,12183,697,16444,198,28627,California
Napa,2021-02-22,486,45525,203,18609,283,26916,0,0,150,11997,336,16780,150,28777,California
Napa,2021-02-23,1168,46693,319,18928,849,27765,0,0,330,11489,838,17618,330,29107,California
Napa,2021-02-24,1219,47912,684,19612,535,28300,0,0,618,11508,599,18217,618,29725,California
Napa,2021-02-25,2649,50561,1294,20906,1355,29655,0,0,1916,12693,731,18948,1916,31641,California
Napa,2021-02-26,1564,52125,555,21461,1009,30664,0,0,624,12379,938,19886,624,32265,California
Napa,2021-02-27,1189,53314,424,21885,765,31429,0,0,931,13054,256,20142,931,33196,California
Napa,2021-02-28,726,54040,608,22493,118,31547,0,0,608,13546,116,20258,608,33804,California
Napa,2021-03-01,1172,55212,881,23374,291,31838,0,0,894,14164,276,20534,894,34698,California
Napa,2021-03-02,1510,56722,1052,24426,458,32296,0,0,1162,14979,347,20881,1162,35860,California
Napa,2021-03-03,1572,58294,695,25121,877,33173,0,0,1382,16172,189,21070,1382,37242,California
Napa,2021-03-04,1724,60018,792,25913,932,34105,0,0,1480,17411,241,21311,1480,38722,California
Napa,2021-03-05,1912,61930,793,26706,1115,35220,4,4,1483,18472,426,21737,1487,40209,California
Napa,2021-03-06,657,62587,289,26995,338,35558,30,34,544,18935,111,21848,574,40783,California
Napa,2021-03-07,560,63147,322,27317,199,35757,39,73,384,19183,175,22023,423,41206,California
Napa,2021-03-08,724,63871,338,27655,331,36088,55,128,547,19607,174,22197,598,41804,California
Napa,2021-03-09,1694,65565,611,28266,1035,37123,48,176,1249,20462,441,22638,1296,43100,California
Napa,2021-03-10,1502,67067,928,29194,481,37604,93,269,802,20658,696,23334,892,43992,California
Napa,2021-03-11,1893,68960,1068,30262,692,38296,133,402,987,20869,905,24239,1116,45108,California
Napa,2021-03-12,1521,70481,924,31186,501,38797,96,498,813,21071,705,24944,907,46015,California
Napa,2021-03-13,1180,71661,310,31496,845,39642,25,523,834,21586,344,25288,859,46874,California
Napa,2021-03-14,624,72285,338,31834,135,39777,151,674,208,21529,415,25703,358,47232,California
Napa,2021-03-15,962,73247,412,32246,480,40257,70,744,481,21600,479,26182,550,47782,California
Napa,2021-03-16,1858,75105,394,32640,1336,41593,128,872,1382,22640,471,26653,1511,49293,California
Napa,2021-03-17,2534,77639,1863,34503,492,42085,179,1051,1589,23464,944,27597,1768,51061,California
Napa,2021-03-18,2153,79792,959,35462,1182,43267,12,1063,1271,23871,876,28473,1283,52344,California
Napa,2021-03-19,1461,81253,888,36350,546,43813,27,1090,685,23810,773,29246,712,53056,California
Napa,2021-03-20,1017,82270,532,36882,332,44145,153,1243,390,23727,626,29872,543,53599,California
Napa,2021-03-21,727,82997,702,37584,22,44167,3,1246,233,23471,492,30364,236,53835,California
Napa,2021-03-22,1303,84300,1121,38705,170,44337,12,1258,438,23061,860,31224,450,54285,California
Napa,2021-03-23,1899,86199,1201,39906,681,45018,17,1275,1007,23197,888,32112,1024,55309,California
Napa,2021-03-24,1714,87913,948,40854,757,45775,9,1284,817,23126,896,33008,825,56134,California
Napa,2021-03-25,1936,89849,1058,41912,824,46599,54,1338,773,22796,1157,34165,827,56961,California
Napa,2021-03-26,1312,91161,839,42751,467,47066,6,1344,585,22666,721,34886,591,57552,California
Napa,2021-03-27,955,92116,436,43187,492,47558,27,1371,294,22326,661,35547,321,57873,California
Napa,2021-03-28,492,92608,382,43569,103,47661,7,1378,181,22205,309,35856,188,58061,California
Napa,2021-03-29,1200,93808,875,44444,320,47981,5,1383,728,22468,470,36326,733,58794,California
Napa,2021-03-30,2801,96609,935,45379,1861,49842,5,1388,1980,23631,822,37148,1985,60779,California
Napa,2021-03-31,1976,98585,967,46346,940,50782,69,1457,798,23321,1175,38323,865,61644,California
Napa,2021-04-01,1760,100345,847,47193,794,51576,119,1576,478,22641,1274,39597,594,62238,California
Napa,2021-04-02,1869,102214,842,48035,885,52461,142,1718,470,21857,1395,40992,611,62849,California
Napa,2021-04-03,637,102851,372,48407,207,52668,58,1776,214,21705,422,41414,270,63119,California
Napa,2021-04-04,359,103210,146,48553,154,52822,59,1835,122,21650,236,41650,181,63300,California
Napa,2021-04-05,1280,104490,759,49312,302,53124,219,2054,572,21735,705,42355,790,64090,California
Napa,2021-04-06,2271,106761,567,49879,1443,54567,261,2315,528,20782,1740,44095,787,64877,California
Napa,2021-04-07,1753,108514,708,50587,823,55390,222,2537,529,20313,1218,45313,749,65626,California
Napa,2021-04-08,1875,110389,1074,51661,423,55813,378,2915,962,20745,907,46220,1339,66965,California
Napa,2021-04-09,1553,111942,928,52589,319,56132,306,3221,680,20859,871,47091,985,67950,California
Napa,2021-04-10,1050,112992,353,52942,595,56727,102,3323,244,20402,803,47894,346,68296,California
Napa,2021-04-11,388,113380,301,53243,64,56791,23,3346,157,20351,231,48125,180,68476,California
Napa,2021-04-12,796,114176,303,53546,368,57159,125,3471,294,20265,500,48625,414,68890,California
Napa,2021-04-13,2587,116763,865,54411,1722,58881,0,3471,937,19559,1643,50268,937,69827,California
Napa,2021-04-14,2160,118923,1019,55430,1141,60022,0,3471,1052,19512,1099,51367,1052,70879,California
Napa,2021-04-15,2088,121011,534,55964,1554,61576,0,3471,895,19222,1185,52552,895,71774,California
Napa,2021-04-16,3011,124022,1643,57607,1368,62944,0,3471,2278,20772,728,53280,2278,74052,California
Napa,2021-04-17,1168,125190,276,57883,892,63836,0,3471,860,21325,307,53587,860,74912,California
Napa,2021-04-18,286,125476,192,58075,94,63930,0,3471,122,21283,164,53751,122,75034,California
Napa,2021-04-19,629,126105,340,58415,289,64219,0,3471,275,21205,353,54104,275,75309,California
Napa,2021-04-20,3075,129180,2096,60511,979,65198,0,3471,2088,22310,984,55088,2089,77398,California
Napa,2021-04-21,2984,132164,2201,62712,783,65981,0,3471,1886,23105,1092,56180,1887,79285,California
Napa,2021-04-22,1860,134024,1301,64013,558,66539,1,3472,867,22984,988,57168,867,80152,California
Napa,2021-04-23,1653,135677,1270,65283,381,66920,2,3474,1166,23667,483,57651,1166,81318,California
Napa,2021-04-24,571,136248,320,65603,251,67171,0,3474,297,23693,271,57922,297,81615,California
Napa,2021-04-25,249,136497,190,65793,59,67230,0,3474,127,23699,121,58043,127,81742,California
Napa,2021-04-26,553,137050,283,66076,270,67500,0,3474,285,23721,263,58306,285,82027,California
Napa,2021-04-27,1790,138840,469,66545,1309,68809,12,3486,595,23136,1192,59498,607,82634,California
Napa,2021-04-28,1020,139860,472,67017,531,69340,17,3503,349,22833,669,60167,366,83000,California
Napa,2021-04-29,733,140593,365,67382,349,69689,19,3522,270,22664,457,60624,288,83288,California
Napa,2021-04-30,623,141216,312,67694,247,69936,64,3586,257,22620,364,60988,320,83608,California
Napa,2021-05-01,330,141546,271,67965,48,69984,11,3597,121,22543,209,61197,132,83740,California
Napa,2021-05-02,237,141783,193,68158,38,70022,6,3603,99,22511,137,61334,105,83845,California
Napa,2021-05-03,638,142421,498,68656,104,70126,36,3639,111,22136,523,61857,148,83993,California
Napa,2021-05-04,1144,143565,729,69385,304,70430,111,3750,306,21719,834,62691,417,84410,California
Napa,2021-05-05,1040,144605,704,70089,298,70728,38,3788,263,21246,774,63465,301,84711,California
Napa,2021-05-06,722,145327,320,70409,379,71107,23,3811,371,21299,342,63807,395,85106,California
Napa,2021-05-07,1594,146921,1365,71774,166,71273,63,3874,332,20455,1238,65045,394,85500,California
Napa,2021-05-08,260,147181,167,71941,82,71355,11,3885,88,20384,170,65215,99,85599,California
Napa,2021-05-09,119,147300,87,72028,32,71387,0,3885,58,20382,60,65275,58,85657,California
Napa,2021-05-10,430,147730,146,72174,265,71652,19,3904,111,20194,318,65593,130,85787,California
Napa,2021-05-11,2192,149922,1808,73982,359,72011,25,3929,385,18802,1802,67395,410,86197,California
Napa,2021-05-12,2220,152142,1389,75371,774,72785,57,3986,311,17266,1903,69298,367,86564,California
Napa,2021-05-13,1962,154104,1249,76620,674,73459,39,4025,864,17079,1091,70389,904,87468,California
Napa,2021-05-14,1968,156072,1189,77809,693,74152,86,4111,534,16273,1427,71816,621,88089,California
Napa,2021-05-15,1079,157151,367,78176,700,74852,12,4123,258,15728,816,72632,271,88360,California
Napa,2021-05-16,245,157396,165,78341,78,74930,2,4125,73,15631,172,72804,75,88435,California
Napa,2021-05-17,892,158288,347,78688,515,75445,30,4155,305,15442,525,73329,336,88771,California
Napa,2021-05-18,1080,159368,557,79245,466,75911,57,4212,514,15452,561,73890,571,89342,California
Napa,2021-05-19,981,160349,577,79822,374,76285,30,4242,508,15520,469,74359,537,89879,California
Napa,2021-05-20,661,161010,436,80258,195,76480,30,4272,380,15652,278,74637,410,90289,California
Napa,2021-05-21,527,161537,266,80524,229,76709,32,4304,219,15597,306,74943,251,90540,California
Napa,2021-05-22,463,162000,276,80800,178,76887,9,4313,192,15528,271,75214,202,90742,California
Napa,2021-05-23,402,162402,356,81156,35,76922,11,4324,298,15733,104,75318,309,91051,California
Napa,2021-05-24,386,162788,189,81345,177,77099,20,4344,154,15678,229,75547,174,91225,California
Napa,2021-05-25,431,163219,176,81521,184,77283,71,4415,144,15607,285,75832,214,91439,California
Napa,2021-05-26,559,163778,361,81882,174,77457,24,4439,319,15713,237,76069,343,91782,California
Napa,2021-05-27,399,164177,172,82054,199,77656,28,4467,152,15646,247,76316,180,91962,California
Napa,2021-05-28,407,164584,212,82266,171,77827,24,4491,169,15603,234,76550,191,92153,California
Napa,2021-05-29,129,164713,79,82345,46,77873,4,4495,75,15629,53,76603,79,92232,California
Napa,2021-05-30,97,164810,61,82406,31,77904,5,4500,28,15595,67,76670,33,92265,California
Napa,2021-05-31,51,164861,17,82423,28,77932,6,4506,9,15568,42,76712,15,92280,California
Napa,2021-06-01,605,165466,313,82736,268,78200,24,4530,261,15514,338,77050,284,92564,California
Napa,2021-06-02,413,165879,245,82981,146,78346,22,4552,190,15504,221,77271,211,92775,California
Napa,2021-06-03,756,166635,460,83441,271,78617,25,4577,129,15033,623,77894,152,92927,California
Napa,2021-06-04,785,167420,605,84046,143,78760,37,4614,145,14578,637,78531,182,93109,California
Napa,2021-06-05,315,167735,257,84303,47,78807,11,4625,75,14426,238,78769,86,93195,California
Napa,2021-06-06,145,167880,125,84428,19,78826,1,4626,45,14373,99,78868,46,93241,California
Napa,2021-06-07,397,168277,285,84713,84,78910,28,4654,94,14193,302,79170,122,93363,California
Napa,2021-06-08,622,168899,494,85207,111,79021,17,4671,275,14141,344,79514,292,93655,California
Napa,2021-06-09,559,169458,453,85660,91,79112,15,4686,99,13797,458,79972,114,93769,California
Napa,2021-06-10,516,169974,415,86075,67,79179,34,4720,111,13537,405,80377,145,93914,California
Napa,2021-06-11,411,170385,267,86342,119,79298,25,4745,117,13386,293,80670,142,94056,California
Napa,2021-06-12,205,170590,173,86515,27,79325,5,4750,41,13269,163,80833,46,94102,California
Napa,2021-06-13,290,170880,277,86792,8,79333,5,4755,27,13038,263,81096,32,94134,California
Napa,2021-06-14,484,171364,341,87133,117,79450,26,4781,92,12765,388,81484,115,94249,California
Napa,2021-06-15,376,171740,277,87410,86,79536,13,4794,185,12773,190,81674,198,94447,California
Napa,2021-06-16,261,172001,164,87574,81,79617,16,4810,84,12700,173,81847,100,94547,California
Napa,2021-06-17,393,172394,323,87897,61,79678,9,4819,71,12458,322,82169,80,94627,California
Napa,2021-06-18,269,172663,175,88072,83,79761,11,4830,92,12386,175,82344,103,94730,California
Napa,2021-06-19,109,172772,75,88147,23,79784,11,4841,46,12381,62,82406,57,94787,California
Napa,2021-06-20,54,172826,42,88189,9,79793,3,4844,19,12368,35,82441,22,94809,California
Napa,2021-06-21,158,172984,73,88262,65,79858,20,4864,75,12380,82,82523,94,94903,California
Napa,2021-06-22,373,173357,295,88557,63,79921,15,4879,108,12239,264,82787,123,95026,California
Napa,2021-06-23,340,173697,264,88821,54,79975,22,4901,109,12142,227,83014,130,95156,California
Napa,2021-06-24,167,173864,114,88935,48,80023,5,4906,71,12124,94,83108,76,95232,California
Napa,2021-06-25,244,174108,161,89096,70,80093,13,4919,119,12136,119,83227,131,95363,California
Napa,2021-06-26,92,174200,76,89172,11,80104,5,4924,45,12139,47,83274,50,95413,California
Napa,2021-06-27,70,174270,60,89232,10,80114,0,4924,33,12135,37,83311,33,95446,California
Napa,2021-06-28,190,174460,145,89377,34,80148,11,4935,83,12122,106,83417,93,95539,California
Napa,2021-06-29,409,174869,336,89713,55,80203,18,4953,115,11962,292,83709,132,95671,California
Napa,2021-06-30,181,175050,123,89836,49,80252,9,4962,78,11947,102,83811,87,95758,California
Napa,2021-07-01,167,175217,113,89949,45,80297,9,4971,75,11939,91,83902,83,95841,California
Napa,2021-07-02,173,175390,131,90080,35,80332,7,4978,68,11910,104,84006,75,95916,California
Napa,2021-07-03,76,175466,62,90142,8,80340,6,4984,42,11925,33,84039,48,95964,California
Napa,2021-07-04,7,175473,0,90142,6,80346,1,4985,0,11919,7,84046,1,95965,California
Napa,2021-07-05,89,175562,70,90212,14,80360,5,4990,48,11931,41,84087,53,96018,California
Napa,2021-07-06,323,175885,278,90490,33,80393,12,5002,113,11847,208,84295,124,96142,California
Napa,2021-07-07,161,176046,112,90602,37,80430,12,5014,69,11836,92,84387,81,96223,California
Napa,2021-07-08,140,176186,96,90698,28,80458,16,5030,55,11822,83,84470,69,96292,California
Napa,2021-07-09,186,176372,121,90819,50,80508,15,5045,74,11801,110,84580,89,96381,California
Napa,2021-07-10,62,176434,34,90853,27,80535,1,5046,36,11812,26,84606,37,96418,California
Napa,2021-07-11,39,176473,34,90887,5,80540,0,5046,16,11805,23,84629,16,96434,California
Nevada,2020-12-16,3,3,3,3,0,0,0,0,3,3,0,0,3,3,California
Nevada,2020-12-17,6,9,6,9,0,0,0,0,6,9,0,0,6,9,California
Nevada,2020-12-18,58,67,58,67,0,0,0,0,58,67,0,0,58,67,California
Nevada,2020-12-19,55,122,55,122,0,0,0,0,55,122,0,0,55,122,California
Nevada,2020-12-20,13,135,13,135,0,0,0,0,13,135,0,0,13,135,California
Nevada,2020-12-21,69,204,69,204,0,0,0,0,69,204,0,0,69,204,California
Nevada,2020-12-22,90,294,88,292,2,2,0,0,90,294,0,0,90,294,California
Nevada,2020-12-23,230,524,201,493,29,31,0,0,230,524,0,0,230,524,California
Nevada,2020-12-24,13,537,11,504,2,33,0,0,13,537,0,0,13,537,California
Nevada,2020-12-25,3,540,3,507,0,33,0,0,3,540,0,0,3,540,California
Nevada,2020-12-26,6,546,4,511,2,35,0,0,6,546,0,0,6,546,California
Nevada,2020-12-27,89,635,89,600,0,35,0,0,89,635,0,0,89,635,California
Nevada,2020-12-28,172,807,94,694,78,113,0,0,172,807,0,0,172,807,California
Nevada,2020-12-29,100,907,74,768,26,139,0,0,100,907,0,0,100,907,California
Nevada,2020-12-30,86,993,66,834,20,159,0,0,86,993,0,0,86,993,California
Nevada,2020-12-31,38,1031,8,842,30,189,0,0,38,1031,0,0,38,1031,California
Nevada,2021-01-01,4,1035,1,843,3,192,0,0,4,1035,0,0,4,1035,California
Nevada,2021-01-02,2,1037,1,844,1,193,0,0,2,1037,0,0,2,1037,California
Nevada,2021-01-03,130,1167,125,969,5,198,0,0,130,1167,0,0,130,1167,California
Nevada,2021-01-04,72,1239,47,1016,25,223,0,0,72,1239,0,0,72,1239,California
Nevada,2021-01-05,274,1513,133,1149,141,364,0,0,273,1511,1,1,273,1512,California
Nevada,2021-01-06,91,1604,43,1192,48,412,0,0,83,1586,8,9,83,1595,California
Nevada,2021-01-07,217,1821,43,1235,174,586,0,0,210,1791,6,15,211,1806,California
Nevada,2021-01-08,222,2043,129,1364,93,679,0,0,164,1898,58,73,165,1971,California
Nevada,2021-01-09,64,2107,57,1421,7,686,0,0,14,1862,50,123,14,1985,California
Nevada,2021-01-10,19,2126,10,1431,9,695,0,0,10,1863,9,132,10,1995,California
Nevada,2021-01-11,188,2314,131,1562,57,752,0,0,60,1795,128,260,60,2055,California
Nevada,2021-01-12,600,2914,453,2015,147,899,0,0,533,2261,67,327,533,2588,California
Nevada,2021-01-13,260,3174,146,2161,114,1013,0,0,127,2255,133,460,127,2715,California
Nevada,2021-01-14,240,3414,127,2288,113,1126,0,0,223,2462,16,476,223,2938,California
Nevada,2021-01-15,403,3817,174,2462,229,1355,0,0,302,2663,101,577,302,3240,California
Nevada,2021-01-16,299,4116,16,2478,283,1638,0,0,295,2954,4,581,295,3535,California
Nevada,2021-01-17,36,4152,32,2510,4,1642,0,0,34,2986,2,583,34,3569,California
Nevada,2021-01-18,151,4303,41,2551,110,1752,0,0,141,3117,10,593,141,3710,California
Nevada,2021-01-19,250,4553,90,2641,160,1912,0,0,228,3323,22,615,228,3938,California
Nevada,2021-01-20,275,4828,166,2807,109,2021,0,0,262,3572,13,628,262,4200,California
Nevada,2021-01-21,344,5172,206,3013,138,2159,0,0,331,3890,13,641,331,4531,California
Nevada,2021-01-22,380,5552,238,3251,142,2301,0,0,350,4210,30,671,350,4881,California
Nevada,2021-01-23,182,5734,107,3358,75,2376,0,0,182,4392,0,671,182,5063,California
Nevada,2021-01-24,109,5843,101,3459,8,2384,0,0,68,4419,41,712,68,5131,California
Nevada,2021-01-25,266,6109,135,3594,131,2515,0,0,204,4561,62,774,204,5335,California
Nevada,2021-01-26,408,6517,145,3739,263,2778,0,0,303,4759,105,879,303,5638,California
Nevada,2021-01-27,430,6947,254,3993,176,2954,0,0,405,5139,25,904,405,6043,California
Nevada,2021-01-28,479,7426,326,4319,153,3107,0,0,435,5531,43,947,435,6478,California
Nevada,2021-01-29,609,8035,393,4712,216,3323,0,0,580,6084,28,975,581,7059,California
Nevada,2021-01-30,298,8333,107,4819,191,3514,0,0,295,6376,3,978,295,7354,California
Nevada,2021-01-31,104,8437,87,4906,17,3531,0,0,100,6474,3,981,101,7455,California
Nevada,2021-02-01,295,8732,72,4978,223,3754,0,0,281,6741,14,995,281,7736,California
Nevada,2021-02-02,533,9265,188,5166,345,4099,0,0,331,6870,202,1197,331,8067,California
Nevada,2021-02-03,816,10081,572,5738,244,4343,0,0,762,7579,53,1250,762,8829,California
Nevada,2021-02-04,740,10821,393,6131,347,4690,0,0,485,7810,254,1504,485,9314,California
Nevada,2021-02-05,656,11477,368,6499,288,4978,0,0,465,8086,189,1693,465,9779,California
Nevada,2021-02-06,274,11751,84,6583,190,5168,0,0,244,8300,30,1723,244,10023,California
Nevada,2021-02-07,248,11999,194,6777,54,5222,0,0,193,8438,55,1778,193,10216,California
Nevada,2021-02-08,659,12658,409,7186,250,5472,0,0,555,8891,102,1880,555,10771,California
Nevada,2021-02-09,606,13264,339,7525,267,5739,0,0,464,9214,141,2021,464,11235,California
Nevada,2021-02-10,654,13918,326,7851,328,6067,0,0,421,9404,232,2253,422,11657,California
Nevada,2021-02-11,889,14807,513,8364,376,6443,0,0,554,9625,333,2586,554,12211,California
Nevada,2021-02-12,956,15763,446,8810,510,6953,0,0,628,9928,325,2911,628,12839,California
Nevada,2021-02-13,615,16378,237,9047,378,7331,0,0,392,10101,219,3130,392,13231,California
Nevada,2021-02-14,234,16612,120,9167,114,7445,0,0,205,10277,29,3159,205,13436,California
Nevada,2021-02-15,713,17325,438,9605,275,7720,0,0,538,10640,175,3334,538,13974,California
Nevada,2021-02-16,632,17957,202,9807,430,8150,0,0,461,10931,170,3504,461,14435,California
Nevada,2021-02-17,1202,19159,776,10583,426,8576,0,0,858,11445,344,3848,858,15293,California
Nevada,2021-02-18,1025,20184,558,11141,467,9043,0,0,603,11629,419,4267,603,15896,California
Nevada,2021-02-19,1134,21318,636,11777,498,9541,0,0,761,12021,370,4637,762,16658,California
Nevada,2021-02-20,309,21627,114,11891,195,9736,0,0,180,12073,128,4765,180,16838,California
Nevada,2021-02-21,105,21732,91,11982,14,9750,0,0,15,12001,87,4852,15,16853,California
Nevada,2021-02-22,519,22251,347,12329,172,9922,0,0,368,12219,150,5002,368,17221,California
Nevada,2021-02-23,513,22764,252,12581,261,10183,0,0,227,12164,283,5285,228,17449,California
Nevada,2021-02-24,540,23304,294,12875,246,10429,0,0,262,12154,276,5561,266,17715,California
Nevada,2021-02-25,887,24191,476,13351,411,10840,0,0,445,12161,438,5999,445,18160,California
Nevada,2021-02-26,1264,25455,898,14249,366,11206,0,0,424,11748,837,6836,424,18584,California
Nevada,2021-02-27,427,25882,114,14363,313,11519,0,0,194,11709,233,7069,194,18778,California
Nevada,2021-02-28,274,26156,160,14523,114,11633,0,0,126,11688,147,7216,126,18904,California
Nevada,2021-03-01,845,27001,442,14965,403,12036,0,0,370,11587,471,7687,370,19274,California
Nevada,2021-03-02,741,27742,293,15258,448,12484,0,0,509,11869,227,7914,509,19783,California
Nevada,2021-03-03,993,28735,509,15767,483,12967,1,1,521,11921,470,8384,522,20305,California
Nevada,2021-03-04,1110,29845,624,16391,486,13453,0,1,466,11747,640,9024,466,20771,California
Nevada,2021-03-05,1185,31030,482,16873,693,14146,10,11,710,11995,472,9496,720,21491,California
Nevada,2021-03-06,366,31396,121,16994,218,14364,27,38,150,11955,216,9712,176,21667,California
Nevada,2021-03-07,216,31612,108,17102,82,14446,26,64,70,11905,146,9858,96,21763,California
Nevada,2021-03-08,833,32445,563,17665,223,14669,47,111,373,11867,459,10317,421,22184,California
Nevada,2021-03-09,796,33241,405,18070,341,15010,50,161,468,12058,326,10643,517,22701,California
Nevada,2021-03-10,1009,34250,649,18719,303,15313,57,218,340,11792,662,11305,396,23097,California
Nevada,2021-03-11,1113,35363,728,19447,361,15674,24,242,550,11812,554,11859,574,23671,California
Nevada,2021-03-12,1535,36898,726,20173,779,16453,30,272,840,11989,691,12550,868,24539,California
Nevada,2021-03-13,944,37842,59,20232,880,17333,5,277,758,12568,184,12734,763,25302,California
Nevada,2021-03-14,160,38002,20,20252,135,17468,5,282,33,12479,127,12861,38,25340,California
Nevada,2021-03-15,857,38859,467,20719,378,17846,12,294,358,12354,495,13356,370,25710,California
Nevada,2021-03-16,1006,39865,468,21187,476,18322,62,356,637,12685,367,13723,698,26408,California
Nevada,2021-03-17,1028,40893,452,21639,566,18888,10,366,581,12833,444,14167,592,27000,California
Nevada,2021-03-18,982,41875,531,22170,428,19316,23,389,474,12827,502,14669,496,27496,California
Nevada,2021-03-19,941,42816,441,22611,463,19779,37,426,360,12648,576,15245,397,27893,California
Nevada,2021-03-20,837,43653,94,22705,316,20095,427,853,242,12724,589,15834,665,28558,California
Nevada,2021-03-21,61,43714,32,22737,28,20123,1,854,33,12731,27,15861,34,28592,California
Nevada,2021-03-22,802,44516,519,23256,278,20401,5,859,529,12995,270,16131,534,29126,California
Nevada,2021-03-23,861,45377,390,23646,443,20844,28,887,616,13397,242,16373,644,29770,California
Nevada,2021-03-24,1022,46399,543,24189,472,21316,7,894,637,13661,379,16752,643,30413,California
Nevada,2021-03-25,913,47312,464,24653,424,21740,25,919,487,13749,423,17175,511,30924,California
Nevada,2021-03-26,1177,48489,447,25100,691,22431,39,958,845,14303,329,17504,883,31807,California
Nevada,2021-03-27,586,49075,72,25172,498,22929,16,974,402,14538,183,17687,418,32225,California
Nevada,2021-03-28,178,49253,54,25226,111,23040,13,987,36,14451,136,17823,49,32274,California
Nevada,2021-03-29,826,50079,501,25727,303,23343,22,1009,373,14397,448,18271,394,32668,California
Nevada,2021-03-30,1061,51140,487,26214,540,23883,34,1043,489,14356,564,18835,523,33191,California
Nevada,2021-03-31,1188,52328,666,26880,505,24388,17,1060,673,14539,506,19341,689,33880,California
Nevada,2021-04-01,1250,53578,730,27610,466,24854,54,1114,555,14462,684,20025,607,34487,California
Nevada,2021-04-02,1301,54879,661,28271,604,25458,36,1150,773,14746,525,20550,809,35296,California
Nevada,2021-04-03,289,55168,86,28357,162,25620,41,1191,82,14663,206,20756,123,35419,California
Nevada,2021-04-04,128,55296,42,28399,79,25699,7,1198,76,14694,52,20808,83,35502,California
Nevada,2021-04-05,935,56231,615,29014,300,25999,20,1218,622,15026,308,21116,640,36142,California
Nevada,2021-04-06,1079,57310,665,29679,270,26269,144,1362,437,14971,635,21751,580,36722,California
Nevada,2021-04-07,1150,58460,822,30501,246,26515,82,1444,612,15133,531,22282,693,37415,California
Nevada,2021-04-08,1285,59745,895,31396,305,26820,85,1529,710,15357,570,22852,794,38209,California
Nevada,2021-04-09,1278,61023,850,32246,361,27181,67,1596,863,15873,413,23265,929,39138,California
Nevada,2021-04-10,902,61925,81,32327,745,27926,76,1672,128,15309,768,24033,204,39342,California
Nevada,2021-04-11,112,62037,34,32361,72,27998,6,1678,36,15275,76,24109,42,39384,California
Nevada,2021-04-12,748,62785,542,32903,189,28187,17,1695,316,15181,427,24536,333,39717,California
Nevada,2021-04-13,891,63676,354,33257,537,28724,0,1695,472,15238,415,24951,472,40189,California
Nevada,2021-04-14,1061,64737,571,33828,490,29214,0,1695,541,15267,512,25463,541,40730,California
Nevada,2021-04-15,1086,65823,712,34540,374,29588,0,1695,626,15445,448,25911,626,41356,California
Nevada,2021-04-16,911,66734,693,35233,218,29806,0,1695,518,15572,391,26302,518,41874,California
Nevada,2021-04-17,202,66936,54,35287,148,29954,0,1695,87,15546,113,26415,87,41961,California
Nevada,2021-04-18,202,67138,22,35309,180,30134,0,1695,103,15550,99,26514,103,42064,California
Nevada,2021-04-19,758,67896,484,35793,274,30408,0,1695,311,15425,436,26950,311,42375,California
Nevada,2021-04-20,833,68729,334,36127,499,30907,0,1695,313,15224,514,27464,313,42688,California
Nevada,2021-04-21,938,69667,525,36652,413,31320,0,1695,270,14838,656,28120,270,42958,California
Nevada,2021-04-22,1009,70676,634,37286,375,31695,0,1695,342,14525,656,28776,343,43301,California
Nevada,2021-04-23,1258,71934,550,37836,708,32403,0,1695,401,14080,846,29622,401,43702,California
Nevada,2021-04-24,522,72456,73,37909,449,32852,0,1695,168,13896,352,29974,168,43870,California
Nevada,2021-04-25,130,72586,59,37968,66,32918,5,1700,51,13873,78,30052,55,43925,California
Nevada,2021-04-26,744,73330,561,38529,175,33093,8,1708,217,13581,517,30569,225,44150,California
Nevada,2021-04-27,821,74151,383,38912,433,33526,5,1713,412,13597,401,30970,417,44567,California
Nevada,2021-04-28,994,75145,581,39493,408,33934,5,1718,387,13389,600,31570,392,44959,California
Nevada,2021-04-29,1021,76166,711,40204,306,34240,4,1722,279,12932,740,32310,283,45242,California
Nevada,2021-04-30,1249,77415,728,40932,513,34753,8,1730,213,12119,1034,33344,221,45463,California
Nevada,2021-05-01,144,77559,63,40995,77,34830,4,1734,60,12101,82,33426,64,45527,California
Nevada,2021-05-02,59,77618,33,41028,22,34852,4,1738,20,12086,39,33465,24,45551,California
Nevada,2021-05-03,611,78229,405,41433,186,35038,20,1758,178,11854,429,33894,197,45748,California
Nevada,2021-05-04,597,78826,174,41607,405,35443,18,1776,338,11955,255,34149,356,46104,California
Nevada,2021-05-05,740,79566,383,41990,343,35786,14,1790,324,11885,408,34557,338,46442,California
Nevada,2021-05-06,806,80372,565,42555,230,36016,11,1801,198,11496,598,35155,209,46651,California
Nevada,2021-05-07,894,81266,489,43044,370,36386,35,1836,185,11012,704,35859,220,46871,California
Nevada,2021-05-08,176,81442,20,43064,136,36522,20,1856,78,11014,96,35955,98,46969,California
Nevada,2021-05-09,44,81486,8,43072,34,36556,2,1858,21,11014,23,35978,23,46992,California
Nevada,2021-05-10,390,81876,248,43320,118,36674,24,1882,78,10805,311,36289,102,47094,California
Nevada,2021-05-11,517,82393,155,43475,349,37023,13,1895,127,10564,381,36670,140,47234,California
Nevada,2021-05-12,542,82935,237,43712,294,37317,11,1906,152,10346,381,37051,163,47397,California
Nevada,2021-05-13,838,83773,556,44268,272,37589,10,1916,432,10391,397,37448,442,47839,California
Nevada,2021-05-14,792,84565,583,44851,191,37780,18,1934,443,10507,345,37793,461,48300,California
Nevada,2021-05-15,186,84751,87,44938,91,37871,8,1942,87,10504,98,37891,95,48395,California
Nevada,2021-05-16,161,84912,54,44992,107,37978,0,1942,56,10455,105,37996,56,48451,California
Nevada,2021-05-17,499,85411,319,45311,150,38128,30,1972,216,10429,272,38268,246,48697,California
Nevada,2021-05-18,420,85831,256,45567,160,38288,4,1976,221,10458,197,38465,226,48923,California
Nevada,2021-05-19,488,86319,354,45921,129,38417,5,1981,255,10494,224,38689,260,49183,California
Nevada,2021-05-20,612,86931,353,46274,247,38664,12,1993,220,10339,387,39076,232,49415,California
Nevada,2021-05-21,509,87440,327,46601,172,38836,10,2003,217,10278,288,39364,227,49642,California
Nevada,2021-05-22,244,87684,34,46635,157,38993,53,2056,92,10271,152,39516,145,49787,California
Nevada,2021-05-23,53,87737,19,46654,34,39027,0,2056,18,10255,34,39550,18,49805,California
Nevada,2021-05-24,313,88050,219,46873,80,39107,14,2070,105,10169,205,39755,119,49924,California
Nevada,2021-05-25,343,88393,84,46957,247,39354,12,2082,82,10007,256,40011,94,50018,California
Nevada,2021-05-26,455,88848,197,47154,248,39602,10,2092,135,9839,313,40324,145,50163,California
Nevada,2021-05-27,426,89274,226,47380,179,39781,21,2113,179,9796,243,40567,200,50363,California
Nevada,2021-05-28,346,89620,215,47595,108,39889,23,2136,190,9857,153,40720,214,50577,California
Nevada,2021-05-29,66,89686,12,47607,54,39943,0,2136,41,9873,25,40745,41,50618,California
Nevada,2021-05-30,37,89723,19,47626,16,39959,2,2138,25,9888,12,40757,27,50645,California
Nevada,2021-05-31,6,89729,4,47630,0,39959,2,2140,2,9888,4,40761,4,50649,California
Nevada,2021-06-01,420,90149,126,47756,276,40235,18,2158,99,9693,312,41073,117,50766,California
Nevada,2021-06-02,403,90552,165,47921,231,40466,7,2165,101,9507,294,41367,108,50874,California
Nevada,2021-06-03,564,91116,404,48325,155,40621,5,2170,99,9150,461,41828,104,50978,California
Nevada,2021-06-04,548,91664,438,48763,106,40727,4,2174,107,8825,436,42264,111,51089,California
Nevada,2021-06-05,172,91836,70,48833,100,40827,2,2176,65,8786,106,42370,67,51156,California
Nevada,2021-06-06,54,91890,40,48873,14,40841,0,2176,13,8758,41,42411,13,51169,California
Nevada,2021-06-07,270,92160,196,49069,44,40885,30,2206,60,8643,205,42616,90,51259,California
Nevada,2021-06-08,293,92453,194,49263,85,40970,14,2220,67,8507,217,42833,81,51340,California
Nevada,2021-06-09,325,92778,218,49481,100,41070,7,2227,82,8357,239,43072,89,51429,California
Nevada,2021-06-10,273,93051,176,49657,88,41158,9,2236,72,8242,195,43267,80,51509,California
Nevada,2021-06-11,325,93376,230,49887,76,41234,19,2255,74,8086,248,43515,92,51601,California
Nevada,2021-06-12,92,93468,54,49941,33,41267,5,2260,27,8053,65,43580,32,51633,California
Nevada,2021-06-13,33,93501,17,49958,15,41282,1,2261,6,8033,27,43607,7,51640,California
Nevada,2021-06-14,192,93693,138,50096,43,41325,11,2272,50,7959,135,43742,61,51701,California
Nevada,2021-06-15,170,93863,97,50193,65,41390,8,2280,67,7934,100,43842,75,51776,California
Nevada,2021-06-16,237,94100,133,50326,95,41485,9,2289,69,7851,161,44003,78,51854,California
Nevada,2021-06-17,227,94327,133,50459,80,41565,14,2303,40,7719,186,44189,54,51908,California
Nevada,2021-06-18,218,94545,153,50612,48,41613,17,2320,69,7658,147,44336,86,51994,California
Nevada,2021-06-19,71,94616,35,50647,30,41643,6,2326,30,7653,41,44377,36,52030,California
Nevada,2021-06-20,27,94643,20,50667,7,41650,0,2326,8,7643,18,44395,8,52038,California
Nevada,2021-06-21,110,94753,49,50716,54,41704,7,2333,49,7644,55,44450,56,52094,California
Nevada,2021-06-22,166,94919,97,50813,58,41762,11,2344,68,7631,92,44542,79,52173,California
Nevada,2021-06-23,211,95130,138,50951,44,41806,29,2373,86,7625,120,44662,114,52287,California
Nevada,2021-06-24,177,95307,112,51063,47,41853,18,2391,60,7592,111,44773,78,52365,California
Nevada,2021-06-25,207,95514,138,51201,48,41901,21,2412,76,7558,131,44904,97,52462,California
Nevada,2021-06-26,83,95597,61,51262,20,41921,2,2414,31,7539,52,44956,33,52495,California
Nevada,2021-06-27,29,95626,13,51275,12,41933,4,2418,7,7528,22,44978,11,52506,California
Nevada,2021-06-28,169,95795,119,51394,28,41961,22,2440,67,7523,94,45072,89,52595,California
Nevada,2021-06-29,129,95924,74,51468,43,42004,12,2452,46,7506,75,45147,58,52653,California
Nevada,2021-06-30,167,96091,127,51595,34,42038,6,2458,55,7457,109,45256,60,52713,California
Nevada,2021-07-01,124,96215,86,51681,27,42065,11,2469,54,7454,68,45324,65,52778,California
Nevada,2021-07-02,149,96364,98,51779,38,42103,13,2482,74,7473,68,45392,87,52865,California
Nevada,2021-07-03,33,96397,16,51795,11,42114,6,2488,17,7480,15,45407,22,52887,California
Nevada,2021-07-05,45,96442,29,51824,10,42124,6,2494,18,7477,27,45434,24,52911,California
Nevada,2021-07-06,147,96589,90,51914,43,42167,14,2508,53,7456,88,45522,67,52978,California
Nevada,2021-07-07,131,96720,86,52000,33,42200,12,2520,45,7434,79,45601,57,53035,California
Nevada,2021-07-08,145,96865,87,52087,44,42244,14,2534,71,7449,69,45670,84,53119,California
Nevada,2021-07-09,139,97004,76,52163,43,42287,20,2554,46,7423,92,45762,66,53185,California
Nevada,2021-07-10,36,97040,28,52191,6,42293,2,2556,17,7423,19,45781,19,53204,California
Nevada,2021-07-11,12,97052,8,52199,4,42297,0,2556,5,7422,6,45787,5,53209,California
Orange,2020-12-15,17,17,17,17,0,0,0,0,17,17,0,0,17,17,California
Orange,2020-12-16,402,419,402,419,0,0,0,0,402,419,0,0,402,419,California
Orange,2020-12-17,3774,4193,3774,4193,0,0,0,0,3773,4192,0,0,3773,4192,California
Orange,2020-12-18,5135,9328,5127,9320,8,8,0,0,5133,9324,1,1,5133,9325,California
Orange,2020-12-19,2249,11577,2242,11562,7,15,0,0,2248,11572,0,1,2248,11573,California
Orange,2020-12-20,2005,13582,2002,13564,3,18,0,0,2005,13576,1,2,2005,13578,California
Orange,2020-12-21,4275,17857,4269,17833,6,24,0,0,4275,17851,0,2,4275,17853,California
Orange,2020-12-22,4005,21862,3968,21801,37,61,0,0,4004,21855,0,2,4004,21857,California
Orange,2020-12-23,3610,25472,3240,25041,370,431,0,0,3610,25464,1,3,3610,25467,California
Orange,2020-12-24,1385,26857,1083,26124,302,733,0,0,1385,26849,0,3,1385,26852,California
Orange,2020-12-25,21,26878,16,26140,5,738,0,0,21,26870,0,3,21,26873,California
Orange,2020-12-26,1002,27880,425,26565,577,1315,0,0,1002,27872,0,3,1002,27875,California
Orange,2020-12-27,587,28467,275,26840,312,1627,0,0,587,28459,0,3,587,28462,California
Orange,2020-12-28,3642,32109,2643,29483,999,2626,0,0,3642,32101,0,3,3642,32104,California
Orange,2020-12-29,3530,35639,2505,31988,1025,3651,0,0,3529,35629,1,4,3529,35633,California
Orange,2020-12-30,5146,40785,3548,35536,1598,5249,0,0,5146,40775,0,4,5146,40779,California
Orange,2020-12-31,1528,42313,813,36349,715,5964,0,0,1525,42297,3,7,1525,42304,California
Orange,2021-01-01,740,43053,403,36752,337,6301,0,0,738,43033,2,9,738,43042,California
Orange,2021-01-02,1374,44427,844,37596,530,6831,0,0,1371,44402,2,11,1371,44413,California
Orange,2021-01-03,594,45021,326,37922,268,7099,0,0,593,44995,0,11,593,45006,California
Orange,2021-01-04,2791,47812,1574,39496,1217,8316,0,0,2792,47786,1,12,2792,47798,California
Orange,2021-01-05,3581,51393,2339,41835,1242,9558,0,0,3154,50524,419,431,3157,50955,California
Orange,2021-01-06,5080,56473,3505,45340,1575,11133,0,0,3683,52827,1380,1811,3683,54638,California
Orange,2021-01-07,9419,65892,5267,50607,4152,15285,0,0,5760,54950,3642,5453,5765,60403,California
Orange,2021-01-08,9647,75539,5449,56056,4198,19483,0,0,5733,56791,3895,9348,5736,66139,California
Orange,2021-01-09,5108,80647,1809,57865,3299,22782,0,0,3781,59250,1322,10670,3781,69920,California
Orange,2021-01-10,4281,84928,1057,58922,3224,26006,0,0,3393,61760,887,11557,3397,73317,California
Orange,2021-01-11,9580,94508,4980,63902,4600,30606,0,0,5906,63992,3678,15235,5910,79227,California
Orange,2021-01-12,9064,103572,4879,68781,4185,34791,0,0,5547,66030,3512,18747,5550,84777,California
Orange,2021-01-13,10397,113969,4964,73745,5433,40224,0,0,7161,69966,3232,21979,7168,91945,California
Orange,2021-01-14,10185,124154,3832,77577,6353,46577,0,0,8570,76930,1612,23591,8576,100521,California
Orange,2021-01-15,10367,134521,2693,80270,7674,54251,0,0,9457,85480,914,24505,9464,109985,California
Orange,2021-01-16,8869,143390,2121,82391,6748,60999,0,0,8462,93544,403,24908,8467,118452,California
Orange,2021-01-17,8286,151676,1524,83915,6762,67761,0,0,8129,101526,157,25065,8139,126591,California
Orange,2021-01-18,9822,161498,4453,88368,5369,73130,0,0,7541,106788,2282,27347,7544,134135,California
Orange,2021-01-19,7649,169147,5493,93861,2156,75286,0,0,4988,109119,2659,30006,4990,139125,California
Orange,2021-01-20,8714,177861,6121,99982,2593,77879,0,0,5623,111661,3090,33096,5632,144757,California
Orange,2021-01-21,11389,189250,5137,105119,6252,84131,0,0,10524,121334,863,33959,10536,155293,California
Orange,2021-01-22,13988,203238,5228,110347,8760,92891,0,0,13079,133520,901,34860,13087,168380,California
Orange,2021-01-23,13320,216558,6213,116560,7107,99998,0,0,12373,144962,943,35803,12385,180765,California
Orange,2021-01-24,9945,226503,4312,120872,5633,105631,0,0,9605,154235,336,36139,9609,190374,California
Orange,2021-01-25,10570,237073,5907,126779,4663,110294,0,0,7799,159277,2762,38901,7804,198178,California
Orange,2021-01-26,12021,249094,7721,134500,4300,114594,0,0,9812,166888,2204,41105,9815,207993,California
Orange,2021-01-27,13668,262762,8030,142530,5638,120232,0,0,10887,175010,2770,43875,10892,218885,California
Orange,2021-01-28,13312,276074,7273,149803,6039,126271,0,0,11366,184455,1930,45805,11375,230260,California
Orange,2021-01-29,13848,289922,8470,158273,5378,131649,0,0,10873,192379,2952,48757,10876,241136,California
Orange,2021-01-30,13236,303158,4534,162807,8702,140351,0,0,12429,204022,790,49547,12433,253569,California
Orange,2021-01-31,13858,317016,4915,167722,8943,149294,0,0,13388,216954,464,50011,13396,266965,California
Orange,2021-02-01,15058,332074,6511,174233,8547,157841,0,0,12514,226960,2516,52527,12522,279487,California
Orange,2021-02-02,15259,347333,7998,182231,7261,165102,0,0,12721,237192,2495,55022,12727,292214,California
Orange,2021-02-03,16807,364140,12443,194674,4364,169466,0,0,13793,248063,2928,57950,13799,306013,California
Orange,2021-02-04,20172,384312,13096,207770,7076,176542,0,0,14983,257905,5150,63100,14992,321005,California
Orange,2021-02-05,21086,405398,12092,219862,8994,185536,0,0,14632,266147,6401,69501,14643,335648,California
Orange,2021-02-06,16592,421990,10882,230744,5710,191246,0,0,11254,272303,5318,74819,11474,347122,California
Orange,2021-02-07,11671,433661,8171,238915,3500,194746,0,0,7643,276107,4008,78827,7812,354934,California
Orange,2021-02-08,15292,448953,8754,247669,6538,201284,0,0,9144,279137,6119,84946,9149,364083,California
Orange,2021-02-09,17967,466920,12161,259830,5806,207090,0,0,10754,282774,7132,92078,10769,374852,California
Orange,2021-02-10,21202,488122,11277,271107,9925,217015,0,0,12824,287339,8281,100359,12846,387698,California
Orange,2021-02-11,22508,510630,11637,282744,10871,227886,0,0,12303,289608,10059,110418,12328,400026,California
Orange,2021-02-12,25256,535886,12131,294875,13125,241011,0,0,14783,294011,10401,120819,14804,414830,California
Orange,2021-02-13,22249,558135,12052,306927,10197,251208,0,0,11200,294985,10883,131702,11857,426687,California
Orange,2021-02-14,16649,574784,6683,313610,9966,261174,0,0,9687,297748,6932,138634,9695,436382,California
Orange,2021-02-15,17569,592353,7554,321164,10015,271189,0,0,9058,298367,8462,147096,9081,445463,California
Orange,2021-02-16,20329,612682,9191,330355,11138,282327,0,0,10915,299964,9358,156454,10955,456418,California
Orange,2021-02-17,18370,631052,9618,339973,8752,291079,0,0,9363,300455,8941,165395,9432,465850,California
Orange,2021-02-18,15381,646433,10066,350039,5315,296394,0,0,6929,299028,8389,173784,6962,472812,California
Orange,2021-02-19,18691,665124,11158,361197,7533,303927,0,0,7065,294558,11561,185345,7091,479903,California
Orange,2021-02-20,7746,672870,5742,366939,2004,305931,0,0,3859,294595,3851,189196,3888,483791,California
Orange,2021-02-21,4845,677715,4113,371052,732,306663,0,0,994,291791,3806,193002,1002,484793,California
Orange,2021-02-22,10422,688137,8495,379547,1927,308590,0,0,4145,289740,6223,199225,4172,488965,California
Orange,2021-02-23,14182,702319,7763,387310,6419,315009,0,0,3725,283141,10367,209592,3768,492733,California
Orange,2021-02-24,22112,724431,13366,400676,8746,323755,0,0,5572,272339,16445,226037,5643,498376,California
Orange,2021-02-25,23753,748184,12881,413557,10872,334627,0,0,8297,265325,15364,241401,8350,506726,California
Orange,2021-02-26,28782,776966,14517,428074,14265,348892,0,0,11576,259931,17040,258441,11646,518372,California
Orange,2021-02-27,25875,802841,10552,438626,15318,364210,5,5,7450,249157,18290,276731,7516,525888,California
Orange,2021-02-28,19533,822374,7584,446210,11949,376159,0,5,4908,239630,14478,291209,4951,530839,California
Orange,2021-03-01,19012,841386,8704,454914,10284,386443,24,29,7423,235650,11472,302681,7492,538331,California
Orange,2021-03-02,21836,863222,10568,465482,11264,397707,4,33,9637,233229,12126,314807,9705,548036,California
Orange,2021-03-03,21432,884654,10173,475655,11254,408961,5,38,11546,235048,9797,324604,11616,559652,California
Orange,2021-03-04,24145,908799,13841,489496,10291,419252,13,51,12326,235680,11766,336370,12398,572050,California
Orange,2021-03-05,23782,932581,12530,502026,11204,430456,48,99,14278,240655,9452,345822,14427,586477,California
Orange,2021-03-06,25218,957799,13877,515903,10451,440907,890,989,13388,243207,11773,357595,14325,600802,California
Orange,2021-03-07,16589,974388,8965,524868,6751,447658,873,1862,9492,246579,7047,364642,10419,611221,California
Orange,2021-03-08,18689,993077,8683,533551,8582,456240,1424,3286,11711,252865,6902,371544,13188,624409,California
Orange,2021-03-09,21928,1015005,10053,543604,9256,465496,2619,5905,12836,259289,9044,380588,15468,639877,California
Orange,2021-03-10,25234,1040239,12382,555986,9366,474862,3486,9391,12645,262917,12514,393102,16142,656019,California
Orange,2021-03-11,29706,1069945,16068,572054,9325,484187,4313,13704,13672,264989,15923,409025,17995,674014,California
Orange,2021-03-12,29746,1099691,14479,586533,11371,495558,3896,17600,14844,268961,14799,423824,18771,692785,California
Orange,2021-03-13,28103,1127794,10341,596874,13784,509342,3978,21578,14171,273245,13864,437688,18148,710933,California
Orange,2021-03-14,19069,1146863,8297,605171,8215,517557,2557,24135,11860,280493,7168,444856,14416,725349,California
Orange,2021-03-15,23390,1170253,10324,615495,12293,529850,773,24908,14422,286828,8864,453720,15199,740548,California
Orange,2021-03-16,26734,1196987,11332,626827,15129,544979,273,25181,17148,294786,9489,463209,17447,757995,California
Orange,2021-03-17,27701,1224688,13775,640602,13359,558338,567,25748,19618,306978,7996,471205,20188,778183,California
Orange,2021-03-18,28262,1252950,14286,654888,13670,572008,306,26054,21787,322697,6389,477594,22108,800291,California
Orange,2021-03-19,34198,1287148,18893,673781,14850,586858,455,26509,25280,339654,8791,486385,25748,826039,California
Orange,2021-03-20,26133,1313281,13808,687589,12123,598981,202,26711,22228,358266,3829,490214,22441,848480,California
Orange,2021-03-21,18895,1332176,10957,698546,7192,606173,746,27457,15956,372077,2893,493107,16704,865184,California
Orange,2021-03-22,23048,1355224,11971,710517,10754,616927,323,27780,19322,388118,3614,496721,19655,884839,California
Orange,2021-03-23,26428,1381652,13797,724314,11983,628910,648,28428,20863,404170,5467,502188,21519,906358,California
Orange,2021-03-24,29545,1411197,16556,740870,12059,640969,930,29358,22083,419847,7341,509529,23018,929376,California
Orange,2021-03-25,32773,1443970,17437,758307,14619,655588,717,30075,24199,436309,8459,517988,24921,954297,California
Orange,2021-03-26,35191,1479161,18298,776605,16025,671613,868,30943,24645,451424,10408,528396,25523,979820,California
Orange,2021-03-27,28712,1507873,13771,790376,14624,686237,317,31260,19671,462482,8933,537329,19991,999811,California
Orange,2021-03-28,25067,1532940,13057,803433,11942,698179,68,31328,18591,474768,6380,543709,18666,1018477,California
Orange,2021-03-29,26784,1559724,12296,815729,13920,712099,568,31896,17768,484213,8894,552603,18339,1036816,California
Orange,2021-03-30,31133,1590857,14094,829823,16397,728496,642,32538,20449,494722,10580,563183,21089,1057905,California
Orange,2021-03-31,37487,1628344,19674,849497,17087,745583,726,33264,23721,505551,13619,576802,24448,1082353,California
Orange,2021-04-01,41017,1669361,21521,871018,17535,763118,1961,35225,25884,518460,14915,591717,27824,1110177,California
Orange,2021-04-02,40502,1709863,20428,891446,18207,781325,1867,37092,21969,523899,18404,610121,23843,1134020,California
Orange,2021-04-03,30617,1740480,15871,907317,12963,794288,1783,38875,14140,523433,16381,626502,15915,1149935,California
Orange,2021-04-04,18526,1759006,10756,918073,6994,801282,776,39651,7990,521724,10469,636971,8760,1158695,California
Orange,2021-04-05,30369,1789375,14183,932256,12712,813994,3474,43125,13197,521319,17066,654037,16661,1175356,California
Orange,2021-04-06,33663,1823038,15762,948018,14446,828440,3455,46580,14133,519462,19417,673454,17560,1192916,California
Orange,2021-04-07,36543,1859581,20320,968338,11553,839993,4670,51250,16005,519665,20433,693887,20636,1213552,California
Orange,2021-04-08,39561,1899142,21868,990206,12121,852114,5572,56822,19005,523782,20416,714303,24533,1238085,California
Orange,2021-04-09,41427,1940569,24099,1014305,12013,864127,5315,62137,18037,523819,23273,737576,23310,1261395,California
Orange,2021-04-10,34897,1975466,18419,1032724,12168,876295,4310,66447,14283,521877,20509,758085,18567,1279962,California
Orange,2021-04-11,25909,2001375,14674,1047398,7928,884223,3307,69754,9865,519041,15983,774068,13147,1293109,California
Orange,2021-04-12,30878,2032253,15591,1062989,11635,895858,3652,73406,12107,516105,18676,792744,15740,1308849,California
Orange,2021-04-13,32955,2065208,18556,1081545,14328,910186,71,73477,15283,513889,17572,810316,15356,1324205,California
Orange,2021-04-14,35133,2100341,20609,1102154,14486,924672,38,73515,15205,509340,19803,830119,15254,1339459,California
Orange,2021-04-15,40965,2141306,24971,1127125,15977,940649,17,73532,19028,506580,21799,851918,19039,1358498,California
Orange,2021-04-16,42205,2183511,24811,1151936,17364,958013,30,73562,18991,502553,23061,874979,19034,1377532,California
Orange,2021-04-17,30789,2214300,17458,1169394,13324,971337,7,73569,13454,498839,17181,892160,13467,1390999,California
Orange,2021-04-18,22379,2236679,13639,1183033,8739,980076,1,73570,8858,494262,13440,905600,8863,1399862,California
Orange,2021-04-19,33150,2269829,18314,1201347,14833,994909,3,73573,15221,491675,17817,923417,15230,1415092,California
Orange,2021-04-20,36677,2306506,19398,1220745,17272,1012181,7,73580,18207,491535,18361,941778,18221,1433313,California
Orange,2021-04-21,42607,2349113,24972,1245717,17626,1029807,9,73589,20152,489438,22265,964043,20168,1453481,California
Orange,2021-04-22,40369,2389482,21616,1267333,18741,1048548,12,73601,16751,482755,23454,987497,16771,1470252,California
Orange,2021-04-23,41288,2430770,21691,1289024,19589,1068137,8,73609,18431,478485,22718,1010215,18448,1488700,California
Orange,2021-04-24,32312,2463082,16908,1305932,15372,1083509,32,73641,13519,473351,18688,1028903,13554,1502254,California
Orange,2021-04-25,23090,2486172,13039,1318971,10036,1093545,15,73656,9849,470064,13158,1042061,9871,1512125,California
Orange,2021-04-26,29339,2515511,14575,1333546,14565,1108110,199,73855,12700,466458,16507,1058568,12901,1525026,California
Orange,2021-04-27,31641,2547152,15002,1348548,16003,1124113,636,74491,11972,459589,19484,1078052,12615,1537641,California
Orange,2021-04-28,31504,2578656,16006,1364554,14611,1138724,887,75378,12644,454405,18712,1096764,13528,1551169,California
Orange,2021-04-29,32548,2611204,17970,1382524,13603,1152327,975,76353,11578,446118,20832,1117596,12545,1563714,California
Orange,2021-04-30,30502,2641706,17587,1400111,11967,1164294,948,77301,13011,442711,17354,1134950,13947,1577661,California
Orange,2021-05-01,23118,2664824,15831,1415942,6298,1170592,989,78290,8796,438309,14180,1149130,9778,1587439,California
Orange,2021-05-02,15476,2680300,10311,1426253,4521,1175113,644,78934,5390,434328,10009,1159139,6028,1593467,California
Orange,2021-05-03,20745,2701045,12682,1438935,7299,1182412,764,79698,6514,427479,14125,1173264,7276,1600743,California
Orange,2021-05-04,24228,2725273,14012,1452947,9293,1191705,923,80621,8268,420823,15834,1189098,9178,1609921,California
Orange,2021-05-05,25479,2750752,14473,1467420,10107,1201812,899,81520,8190,412772,17138,1206236,9087,1619008,California
Orange,2021-05-06,26946,2777698,16444,1483864,9496,1211308,1006,82526,7398,401771,19397,1225633,8396,1627404,California
Orange,2021-05-07,29529,2807227,17922,1501786,10552,1221860,1055,83581,8201,389924,21097,1246730,9250,1636654,California
Orange,2021-05-08,19191,2826418,12829,1514615,5560,1227420,802,84383,5554,382777,13495,1260225,6348,1643002,California
Orange,2021-05-09,11139,2837557,8492,1523107,2272,1229692,375,84758,2799,377662,8289,1268514,3174,1646176,California
Orange,2021-05-10,19539,2857096,12040,1535147,6713,1236405,786,85544,4307,367627,15129,1283643,5094,1651270,California
Orange,2021-05-11,22754,2879850,12867,1548014,9148,1245553,739,86283,5391,356506,17244,1300887,6123,1657393,California
Orange,2021-05-12,24106,2903956,14992,1563006,8278,1253831,836,87119,6543,346465,17417,1318304,7376,1664769,California
Orange,2021-05-13,22163,2926119,13746,1576752,7801,1261632,616,87735,8164,341367,13880,1332184,8782,1673551,California
Orange,2021-05-14,26921,2953040,17811,1594563,8256,1269888,854,88589,10467,336359,16299,1348483,11291,1684842,California
Orange,2021-05-15,20493,2973533,14797,1609360,5145,1275033,551,89140,8303,333093,12113,1360596,8847,1693689,California
Orange,2021-05-16,15593,2989126,12864,1622224,2388,1277421,341,89481,6699,331311,8824,1369420,7042,1700731,California
Orange,2021-05-17,19601,3008727,12882,1635106,6018,1283439,701,90182,6910,326299,12613,1382033,7601,1708332,California
Orange,2021-05-18,20669,3029396,12051,1647157,7945,1291384,673,90855,8004,322414,12556,1394589,8671,1717003,California
Orange,2021-05-19,22600,3051996,12951,1660108,8975,1300359,674,91529,7716,316045,14753,1409342,8384,1725387,California
Orange,2021-05-20,22620,3074616,13271,1673379,8675,1309034,674,92203,7727,309672,14772,1424114,8399,1733786,California
Orange,2021-05-21,25894,3100510,14936,1688315,10234,1319268,724,92927,8282,301201,17480,1441594,9009,1742795,California
Orange,2021-05-22,18373,3118883,12248,1700563,5577,1324845,548,93475,6995,297477,11278,1452872,7554,1750349,California
Orange,2021-05-23,10093,3128976,6977,1707540,2842,1327687,274,93749,3528,294787,6510,1459382,3820,1754169,California
Orange,2021-05-24,15707,3144683,9337,1716877,5746,1333433,624,94373,5790,291379,9816,1469198,6408,1760577,California
Orange,2021-05-25,15668,3160351,9231,1726108,5913,1339346,524,94897,5569,287488,9980,1479178,6089,1766666,California
Orange,2021-05-26,15283,3175634,8573,1734681,6209,1345555,501,95398,5618,284033,9566,1488744,6111,1772777,California
Orange,2021-05-27,14433,3190067,8686,1743367,5194,1350749,553,95951,6290,282810,8061,1496805,6838,1779615,California
Orange,2021-05-28,16847,3206914,9933,1753300,6283,1357032,631,96582,7366,281416,9379,1506184,7985,1787600,California
Orange,2021-05-29,9042,3215956,5306,1758606,3377,1360409,359,96941,4074,280946,4904,1511088,4434,1792034,California
Orange,2021-05-30,6054,3222010,3934,1762540,1839,1362248,281,97222,2178,279564,3840,1514928,2458,1794492,California
Orange,2021-05-31,1705,3223715,1058,1763598,600,1362848,47,97269,523,278974,1159,1516087,569,1795061,California
Orange,2021-06-01,13445,3237160,7812,1771410,5138,1367986,495,97764,4991,276128,8326,1524413,5480,1800541,California
Orange,2021-06-02,13060,3250220,8093,1779503,4549,1372535,418,98182,4464,272565,8440,1532853,4877,1805418,California
Orange,2021-06-03,12938,3263158,8931,1788434,3551,1376086,456,98638,4405,268957,8466,1541319,4858,1810276,California
Orange,2021-06-04,17214,3280372,12210,1800644,4426,1380512,578,99216,5261,262927,11866,1553185,5836,1816112,California
Orange,2021-06-05,12991,3293363,9809,1810453,2801,1383313,381,99597,3857,258090,9072,1562257,4235,1820347,California
Orange,2021-06-06,5396,3298759,4586,1815039,607,1383920,203,99800,1825,256571,3547,1565804,2028,1822375,California
Orange,2021-06-07,10821,3309580,7648,1822687,2706,1386626,467,100267,3318,252921,7428,1573232,3778,1826153,California
Orange,2021-06-08,12219,3321799,8801,1831488,2908,1389534,510,100777,3777,248862,8347,1581579,4288,1830441,California
Orange,2021-06-09,11805,3333604,8166,1839654,3180,1392714,459,101236,3320,244238,8397,1589976,3773,1834214,California
Orange,2021-06-10,11628,3345232,8466,1848120,2694,1395408,468,101704,3408,239951,8157,1598133,3870,1838084,California
Orange,2021-06-11,13350,3358582,9401,1857521,3451,1398859,498,102202,4310,235809,8944,1607077,4802,1842886,California
Orange,2021-06-12,9818,3368400,7517,1865038,1983,1400842,318,102520,2991,232349,6770,1613847,3310,1846196,California
Orange,2021-06-13,4077,3372477,2977,1868015,936,1401778,164,102684,1024,230521,3017,1616864,1189,1847385,California
Orange,2021-06-14,9867,3382344,7191,1875206,2213,1403991,463,103147,3255,227688,6549,1623413,3716,1851101,California
Orange,2021-06-15,10221,3392565,7366,1882572,2420,1406411,435,103582,3572,225116,6575,1629988,4003,1855104,California
Orange,2021-06-16,9586,3402151,6882,1889454,2233,1408644,471,104053,3277,222613,6246,1636234,3743,1858847,California
Orange,2021-06-17,9443,3411594,7115,1896569,1956,1410600,372,104425,3354,220314,6024,1642258,3725,1862572,California
Orange,2021-06-18,11265,3422859,8219,1904788,2547,1413147,499,104924,3905,217435,7281,1649539,4402,1866974,California
Orange,2021-06-19,6339,3429198,4711,1909499,1381,1414528,247,105171,2609,216618,3677,1653216,2860,1869834,California
Orange,2021-06-20,3077,3432275,2386,1911885,597,1415125,94,105265,1032,215712,2032,1655248,1126,1870960,California
Orange,2021-06-21,6682,3438957,4586,1916471,1658,1416783,438,105703,3578,216658,3072,1658320,4018,1874978,California
Orange,2021-06-22,7755,3446712,5725,1922196,1673,1418456,357,106060,2953,215242,4727,1663047,3311,1878289,California
Orange,2021-06-23,7407,3454119,5555,1927751,1544,1420000,308,106368,3009,214210,4347,1667394,3315,1881604,California
Orange,2021-06-24,7269,3461388,5439,1933190,1448,1421448,382,106750,3104,213569,4126,1671520,3485,1885089,California
Orange,2021-06-25,8818,3470206,6451,1939641,1986,1423434,381,107131,3383,211946,5382,1676902,3759,1888848,California
Orange,2021-06-26,5960,3476166,4562,1944203,1171,1424605,227,107358,2527,211309,3391,1680293,2754,1891602,California
Orange,2021-06-27,3447,3479613,2795,1946998,540,1425145,112,107470,1484,210966,1940,1682233,1597,1893199,California
Orange,2021-06-28,6308,3485921,5073,1952071,879,1426024,356,107826,2797,210660,3457,1685690,3151,1896350,California
Orange,2021-06-29,6350,3492271,4675,1956746,1421,1427445,254,108080,2617,209852,3680,1689370,2872,1899222,California
Orange,2021-06-30,6247,3498518,4511,1961257,1470,1428915,266,108346,2759,209465,3411,1692781,3024,1902246,California
Orange,2021-07-01,5988,3504506,4593,1965850,1145,1430060,250,108596,2753,209288,3179,1695960,3002,1905248,California
Orange,2021-07-02,7150,3511656,5319,1971169,1496,1431556,335,108931,3112,208723,4007,1699967,3442,1908690,California
Orange,2021-07-03,4076,3515732,2999,1974168,939,1432495,138,109069,1862,208544,2179,1702146,2000,1910690,California
Orange,2021-07-04,339,3516071,218,1974386,107,1432602,14,109083,145,208514,190,1702336,160,1910850,California
Orange,2021-07-05,3865,3519936,2962,1977348,769,1433371,134,109217,1834,208484,1999,1704335,1969,1912819,California
Orange,2021-07-06,6645,3526581,4900,1982248,1421,1434792,324,109541,2543,207304,4045,1708380,2865,1915684,California
Orange,2021-07-07,5630,3532211,4189,1986437,1205,1435997,236,109777,2322,206589,3270,1711650,2555,1918239,California
Orange,2021-07-08,5715,3537926,4342,1990779,1124,1437121,249,110026,2254,205672,3418,1715068,2501,1920740,California
Orange,2021-07-09,6555,3544481,4819,1995598,1410,1438531,326,110352,2674,204841,3832,1718900,3001,1923741,California
Orange,2021-07-10,4164,3548645,3184,1998782,842,1439373,138,110490,1742,204337,2380,1721280,1876,1925617,California
Orange,2021-07-11,1605,3550250,1182,1999964,404,1439777,19,110509,762,204293,826,1722106,782,1926399,California
Placer,2020-12-15,30,30,30,30,0,0,0,0,30,30,0,0,30,30,California
Placer,2020-12-16,62,92,62,92,0,0,0,0,62,92,0,0,62,92,California
Placer,2020-12-17,148,240,148,240,0,0,0,0,148,240,0,0,148,240,California
Placer,2020-12-18,429,669,429,669,0,0,0,0,429,669,0,0,429,669,California
Placer,2020-12-19,254,923,254,923,0,0,0,0,254,923,0,0,254,923,California
Placer,2020-12-20,235,1158,235,1158,0,0,0,0,235,1158,0,0,235,1158,California
Placer,2020-12-21,502,1660,500,1658,2,2,0,0,502,1660,0,0,502,1660,California
Placer,2020-12-22,681,2341,674,2332,7,9,0,0,681,2341,0,0,681,2341,California
Placer,2020-12-23,762,3103,673,3005,89,98,0,0,762,3103,0,0,762,3103,California
Placer,2020-12-24,411,3514,357,3362,54,152,0,0,411,3514,0,0,411,3514,California
Placer,2020-12-26,161,3675,116,3478,45,197,0,0,161,3675,0,0,161,3675,California
Placer,2020-12-27,184,3859,161,3639,23,220,0,0,184,3859,0,0,184,3859,California
Placer,2020-12-28,675,4534,547,4186,128,348,0,0,674,4532,1,1,674,4533,California
Placer,2020-12-29,770,5304,517,4703,253,601,0,0,770,5302,0,1,770,5303,California
Placer,2020-12-30,736,6040,461,5164,275,876,0,0,734,6036,0,1,734,6037,California
Placer,2020-12-31,548,6588,360,5524,188,1064,0,0,548,6584,0,1,548,6585,California
Placer,2021-01-01,17,6605,12,5536,5,1069,0,0,17,6601,0,1,17,6602,California
Placer,2021-01-02,187,6792,155,5691,32,1101,0,0,187,6788,0,1,187,6789,California
Placer,2021-01-03,155,6947,80,5771,75,1176,0,0,155,6943,0,1,155,6944,California
Placer,2021-01-04,625,7572,182,5953,443,1619,0,0,625,7568,0,1,625,7569,California
Placer,2021-01-05,739,8311,162,6115,577,2196,0,0,649,8129,89,90,650,8219,California
Placer,2021-01-06,766,9077,248,6363,518,2714,0,0,611,8585,155,245,611,8830,California
Placer,2021-01-07,994,10071,373,6736,621,3335,0,0,765,9122,228,473,765,9595,California
Placer,2021-01-08,1192,11263,533,7269,659,3994,0,0,796,9526,392,865,796,10391,California
Placer,2021-01-09,457,11720,321,7590,136,4130,0,0,240,9550,216,1081,240,10631,California
Placer,2021-01-10,335,12055,187,7777,148,4278,0,0,167,9549,168,1249,167,10798,California
Placer,2021-01-11,1441,13496,818,8595,623,4901,0,0,844,9797,597,1846,845,11643,California
Placer,2021-01-12,1683,15179,897,9492,786,5687,0,0,1066,10248,616,2462,1067,12710,California
Placer,2021-01-13,1661,16840,840,10332,821,6508,0,0,1228,11048,431,2893,1231,13941,California
Placer,2021-01-14,1835,18675,686,11018,1149,7657,0,0,1458,12134,374,3267,1460,15401,California
Placer,2021-01-15,1955,20630,732,11750,1223,8880,0,0,1600,13381,354,3621,1601,17002,California
Placer,2021-01-16,1513,22143,718,12468,795,9675,0,0,1391,14651,122,3743,1392,18394,California
Placer,2021-01-17,577,22720,402,12870,175,9850,0,0,438,14951,138,3881,438,18832,California
Placer,2021-01-18,986,23706,545,13415,441,10291,0,0,750,15466,236,4117,751,19583,California
Placer,2021-01-19,2632,26338,1970,15385,662,10953,0,0,2177,17189,455,4572,2178,21761,California
Placer,2021-01-20,2348,28686,1768,17153,580,11533,0,0,2008,18858,340,4912,2009,23770,California
Placer,2021-01-21,2590,31276,1138,18291,1452,12985,0,0,2184,20639,404,5316,2185,25955,California
Placer,2021-01-22,2355,33631,632,18923,1723,14708,0,0,2175,22637,178,5494,2176,28131,California
Placer,2021-01-23,1208,34839,389,19312,819,15527,0,0,1048,23526,159,5653,1048,29179,California
Placer,2021-01-24,522,35361,274,19586,248,15775,0,0,440,23885,82,5735,441,29620,California
Placer,2021-01-25,1685,37046,807,20393,878,16653,0,0,1388,24977,297,6032,1389,31009,California
Placer,2021-01-26,1890,38936,1048,21441,842,17495,0,0,1616,26319,274,6306,1616,32625,California
Placer,2021-01-27,1865,40801,1171,22612,694,18189,0,0,1614,27685,249,6555,1615,34240,California
Placer,2021-01-28,1824,42625,1124,23736,700,18889,0,0,1573,29009,249,6804,1573,35813,California
Placer,2021-01-29,1937,44562,1181,24917,756,19645,0,0,1734,30543,201,7005,1735,37548,California
Placer,2021-01-30,1747,46309,971,25888,776,20421,0,0,1626,32049,120,7125,1626,39174,California
Placer,2021-01-31,787,47096,626,26514,161,20582,0,0,716,32694,71,7196,716,39890,California
Placer,2021-02-01,2093,49189,1104,27618,989,21571,0,0,1772,34147,319,7515,1772,41662,California
Placer,2021-02-02,2417,51606,1553,29171,864,22435,0,0,1908,35549,506,8021,1908,43570,California
Placer,2021-02-03,2932,54538,1883,31054,1049,23484,0,0,2297,37216,630,8651,2297,45867,California
Placer,2021-02-04,2788,57326,1193,32247,1595,25079,0,0,1943,38320,840,9491,1944,47811,California
Placer,2021-02-05,2819,60145,1284,33531,1535,26614,0,0,1438,38401,1357,10848,1438,49249,California
Placer,2021-02-06,1999,62144,1334,34865,665,27279,0,0,1443,39289,555,11403,1443,50692,California
Placer,2021-02-07,1230,63374,914,35779,316,27595,0,0,937,39934,292,11695,937,51629,California
Placer,2021-02-08,3307,66681,1756,37535,1551,29146,0,0,1956,40566,1325,13020,1957,53586,California
Placer,2021-02-09,3582,70263,2194,39729,1388,30534,0,0,1652,40292,1926,14946,1652,55238,California
Placer,2021-02-10,3796,74059,2217,41946,1579,32113,0,0,1721,39946,2068,17014,1722,56960,California
Placer,2021-02-11,3735,77794,1921,43867,1814,33927,0,0,1584,39396,2135,19149,1585,58545,California
Placer,2021-02-12,2902,80696,1349,45216,1553,35480,0,0,1686,39904,1179,20328,1687,60232,California
Placer,2021-02-13,2627,83323,1473,46689,1154,36634,0,0,1931,41139,696,21024,1931,62163,California
Placer,2021-02-14,1100,84423,687,47376,413,37047,0,0,744,41529,354,21378,744,62907,California
Placer,2021-02-15,2265,86688,1050,48426,1215,38262,0,0,1553,42371,712,22090,1554,64461,California
Placer,2021-02-16,3610,90298,1806,50232,1804,40066,0,0,1604,41980,1996,24086,1605,66066,California
Placer,2021-02-17,3579,93877,1989,52221,1590,41656,0,0,1522,41449,2053,26139,1522,67588,California
Placer,2021-02-18,3859,97736,2082,54303,1777,43433,0,0,1644,40891,2203,28342,1645,69233,California
Placer,2021-02-19,3666,101402,1973,56276,1693,45126,0,0,1366,39971,2288,30630,1368,70601,California
Placer,2021-02-20,2110,103512,1310,57586,800,45926,0,0,947,39767,1156,31786,952,71553,California
Placer,2021-02-21,1181,104693,774,58360,407,46333,0,0,428,39445,751,32537,429,71982,California
Placer,2021-02-22,2628,107321,1840,60200,788,47121,0,0,619,38059,2005,34542,619,72601,California
Placer,2021-02-23,2719,110040,1661,61861,1058,48179,0,0,917,37175,1801,36343,917,73518,California
Placer,2021-02-24,3436,113476,1230,63091,2206,50385,0,0,1846,37446,1577,37920,1848,75366,California
Placer,2021-02-25,3828,117304,1579,64670,2249,52634,0,0,2081,37793,1737,39657,2084,77450,California
Placer,2021-02-26,4308,121612,2474,67144,1834,54468,0,0,2479,38450,1823,41480,2480,79930,California
Placer,2021-02-27,2934,124546,1537,68681,1397,55865,0,0,1516,38555,1413,42893,1518,81448,California
Placer,2021-02-28,1620,126166,879,69560,740,56605,1,1,741,38423,874,43767,742,82190,California
Placer,2021-03-01,3211,129377,2133,71693,1078,57683,0,1,1632,38487,1568,45335,1632,83822,California
Placer,2021-03-02,2933,132310,1802,73495,1131,58814,0,1,1907,39381,1013,46348,1907,85729,California
Placer,2021-03-03,3406,135716,1485,74980,1920,60734,1,2,1863,39713,1533,47881,1865,87594,California
Placer,2021-03-04,3660,139376,1467,76447,2193,62927,0,2,1899,39865,1748,49629,1900,89494,California
Placer,2021-03-05,3028,142404,1038,77485,1969,64896,21,23,1820,40503,1203,50832,1841,91335,California
Placer,2021-03-06,2450,144854,1516,79001,838,65734,96,119,944,40045,1498,52330,1040,92375,California
Placer,2021-03-07,1385,146239,773,79774,554,66288,58,177,559,39839,822,53152,616,92991,California
Placer,2021-03-08,2953,149192,1848,81622,987,67275,118,295,1663,40334,1286,54438,1781,94772,California
Placer,2021-03-09,3219,152411,1710,83332,1416,68691,93,388,1847,40905,1369,55807,1940,96712,California
Placer,2021-03-10,3321,155732,1341,84673,1874,70565,106,494,1729,41154,1586,57393,1835,98547,California
Placer,2021-03-11,3689,159421,1680,86353,1882,72447,127,621,1756,41117,1921,59314,1884,100431,California
Placer,2021-03-12,3721,163142,1498,87851,1442,73889,781,1402,1249,40688,2459,61773,2030,102461,California
Placer,2021-03-13,2221,165363,753,88604,1344,75233,124,1526,1184,40963,1032,62805,1307,103768,California
Placer,2021-03-14,1712,167075,685,89289,878,76111,149,1675,894,41190,816,63621,1043,104811,California
Placer,2021-03-15,3231,170306,1552,90841,1549,77660,130,1805,1774,41642,1453,65074,1905,106716,California
Placer,2021-03-16,3643,173949,1966,92807,1543,79203,134,1939,2312,42770,1320,66394,2448,109164,California
Placer,2021-03-17,3471,177420,1747,94554,1620,80823,104,2043,2227,43862,1240,67634,2332,111496,California
Placer,2021-03-18,4132,181552,2346,96900,1746,82569,40,2083,2868,45513,1255,68889,2906,114402,California
Placer,2021-03-19,3477,185029,2082,98982,1126,83695,269,2352,2162,46637,1304,70193,2428,116830,California
Placer,2021-03-20,2203,187232,909,99891,1195,84890,99,2451,1343,47224,854,71047,1441,118271,California
Placer,2021-03-21,1318,188550,587,100478,721,85611,10,2461,796,47512,518,71565,806,119077,California
Placer,2021-03-22,3327,191877,2131,102609,1105,86716,91,2552,2154,48589,1168,72733,2245,121322,California
Placer,2021-03-23,3593,195470,2125,104734,1380,88096,88,2640,2562,50214,1025,73758,2650,123972,California
Placer,2021-03-24,3812,199282,2008,106742,1707,89803,97,2737,1908,50339,1881,75639,2006,125978,California
Placer,2021-03-25,3882,203164,1875,108617,1906,91709,101,2838,1693,49957,2175,77814,1793,127771,California
Placer,2021-03-26,3789,206953,1674,110291,1883,93592,232,3070,1506,49428,2267,80081,1738,129509,California
Placer,2021-03-27,1642,208595,482,110773,1139,94731,21,3091,637,49087,998,81079,657,130166,California
Placer,2021-03-28,1131,209726,527,111300,594,95325,10,3101,299,48580,816,81895,309,130475,California
Placer,2021-03-29,3584,213310,2002,113302,1546,96871,36,3137,1727,48500,1846,83741,1766,132241,California
Placer,2021-03-30,3983,217293,2092,115394,1847,98718,44,3181,2077,48728,1891,85632,2119,134360,California
Placer,2021-03-31,4127,221420,1837,117231,2215,100933,75,3256,1689,48061,2429,88061,1762,136122,California
Placer,2021-04-01,3012,224432,1451,118682,1513,102446,48,3304,1674,48456,1327,89388,1722,137844,California
Placer,2021-04-02,2859,227291,1454,120136,1338,103784,67,3371,1603,48875,1248,90636,1667,139511,California
Placer,2021-04-03,1867,229158,997,121133,741,104525,129,3500,894,48931,965,91601,1021,140532,California
Placer,2021-04-04,720,229878,368,121501,299,104824,53,3553,285,48839,429,92030,337,140869,California
Placer,2021-04-05,3028,232906,1909,123410,933,105757,186,3739,1753,49511,1267,93297,1939,142808,California
Placer,2021-04-06,4329,237235,2499,125909,1528,107285,302,4041,1531,48556,2787,96084,1832,144640,California
Placer,2021-04-07,4575,241810,2613,128522,1499,108784,463,4504,2086,48620,2482,98566,2546,147186,California
Placer,2021-04-08,4746,246556,2619,131141,1584,110368,543,5047,1589,47608,3144,101710,2132,149318,California
Placer,2021-04-09,4164,250720,2281,133422,1256,111624,627,5674,1250,46582,2904,104614,1878,151196,California
Placer,2021-04-10,2119,252839,888,134310,1047,112671,184,5858,924,46496,1193,105807,1107,152303,California
Placer,2021-04-11,1394,254233,535,134845,826,113497,33,5891,445,46029,944,106751,477,152780,California
Placer,2021-04-12,4141,258374,2661,137506,1091,114588,389,6280,2469,47224,1662,108413,2857,155637,California
Placer,2021-04-13,4373,262747,3007,140513,1365,115953,1,6281,2187,47234,2179,110592,2189,157826,California
Placer,2021-04-14,4179,266926,2596,143109,1582,117535,1,6282,1858,46783,2309,112901,1858,159684,California
Placer,2021-04-15,4526,271452,2520,145629,2005,119540,1,6283,2357,46981,2160,115061,2358,162042,California
Placer,2021-04-16,3717,275169,2203,147832,1514,121054,0,6283,1447,46165,2263,117324,1447,163489,California
Placer,2021-04-17,2646,277815,855,148687,1791,122845,0,6283,1731,46987,909,118233,1731,165220,California
Placer,2021-04-18,1274,279089,302,148989,972,123817,0,6283,442,46599,830,119063,442,165662,California
Placer,2021-04-19,2973,282062,1834,150823,1139,124956,0,6283,1170,45973,1797,120860,1171,166833,California
Placer,2021-04-20,3914,285976,2559,153382,1355,126311,0,6283,2448,46965,1456,122316,2448,169281,California
Placer,2021-04-21,3822,289798,2539,155921,1282,127593,1,6284,2484,48117,1333,123649,2485,171766,California
Placer,2021-04-22,3749,293547,2335,158256,1414,129007,0,6284,1793,47960,1950,125599,1793,173559,California
Placer,2021-04-23,3586,297133,2386,160642,1199,130206,1,6285,1404,47190,2175,127774,1405,174964,California
Placer,2021-04-24,2094,299227,1268,161910,825,131031,1,6286,1226,47558,858,128632,1226,176190,California
Placer,2021-04-25,938,300165,503,162413,435,131466,0,6286,556,47732,382,129014,556,176746,California
Placer,2021-04-26,2515,302680,1360,163773,1131,132597,24,6310,1214,47677,1292,130306,1237,177983,California
Placer,2021-04-27,2796,305476,1482,165255,1264,133861,50,6360,1585,48108,1206,131512,1637,179620,California
Placer,2021-04-28,3063,308539,1917,167172,1109,134970,37,6397,1615,48323,1438,132950,1653,181273,California
Placer,2021-04-29,3448,311987,2251,169423,1144,136114,53,6450,1456,47846,1986,134936,1509,182782,California
Placer,2021-04-30,3044,315031,1851,171274,1146,137260,47,6497,1226,47307,1812,136748,1273,184055,California
Placer,2021-05-01,1346,316377,939,172213,382,137642,25,6522,616,47223,724,137472,640,184695,California
Placer,2021-05-02,738,317115,574,172787,142,137784,22,6544,332,47173,404,137876,354,185049,California
Placer,2021-05-03,1619,318734,999,173786,554,138338,66,6610,443,46511,1170,139046,508,185557,California
Placer,2021-05-04,2368,321102,1360,175146,843,139181,165,6775,877,46069,1484,140530,1042,186599,California
Placer,2021-05-05,3729,324831,2534,177680,1089,140270,106,6881,976,44409,2741,143271,1081,187680,California
Placer,2021-05-06,3114,327945,1908,179588,1130,141400,76,6957,819,43037,2267,145538,895,188575,California
Placer,2021-05-07,2838,330783,1914,181502,831,142231,93,7050,798,41901,2027,147565,891,189466,California
Placer,2021-05-08,1417,332200,740,182242,635,142866,42,7092,417,41360,998,148563,457,189923,California
Placer,2021-05-09,456,332656,223,182465,212,143078,21,7113,212,41349,244,148807,233,190156,California
Placer,2021-05-10,1928,334584,1030,183495,802,143880,96,7209,423,40368,1500,150307,519,190675,California
Placer,2021-05-11,3041,337625,2201,185696,722,144602,118,7327,656,38768,2374,152681,774,191449,California
Placer,2021-05-12,2894,340519,2004,187700,833,145435,57,7384,684,37309,2202,154883,743,192192,California
Placer,2021-05-13,2873,343392,1855,189555,970,146405,48,7432,1011,36507,1860,156743,1058,193250,California
Placer,2021-05-14,2859,346251,1876,191431,847,147252,136,7568,1377,36547,1467,158210,1507,194757,California
Placer,2021-05-15,2107,348358,1367,192798,716,147968,24,7592,936,36343,1164,159374,960,195717,California
Placer,2021-05-16,1197,349555,530,193328,648,148616,19,7611,339,35846,855,160229,358,196075,California
Placer,2021-05-17,2360,351915,1570,194898,713,149329,77,7688,1016,35599,1340,161569,1093,197168,California
Placer,2021-05-18,2516,354431,1684,196582,752,150081,80,7768,1128,35422,1384,162953,1207,198375,California
Placer,2021-05-19,2547,356978,1598,198180,903,150984,46,7814,873,34672,1669,164622,919,199294,California
Placer,2021-05-20,2546,359524,1650,199830,848,151832,48,7862,864,33911,1674,166296,913,200207,California
Placer,2021-05-21,2452,361976,1531,201361,776,152608,145,8007,1056,33722,1388,167684,1199,201406,California
Placer,2021-05-22,1616,363592,1065,202426,509,153117,42,8049,765,33683,846,168530,807,202213,California
Placer,2021-05-23,641,364233,359,202785,266,153383,16,8065,280,33619,361,168891,297,202510,California
Placer,2021-05-24,1516,365749,772,203557,607,153990,137,8202,449,33140,1065,169956,586,203096,California
Placer,2021-05-25,1796,367545,946,204503,750,154740,100,8302,641,32734,1147,171103,741,203837,California
Placer,2021-05-26,1586,369131,908,205411,639,155379,39,8341,613,32419,968,172071,653,204490,California
Placer,2021-05-27,1465,370596,722,206133,697,156076,46,8387,664,32336,793,172864,710,205200,California
Placer,2021-05-28,1709,372305,856,206989,756,156832,97,8484,725,32180,978,173842,822,206022,California
Placer,2021-05-29,754,373059,406,207395,317,157149,31,8515,379,32217,372,174214,409,206431,California
Placer,2021-05-30,343,373402,231,207626,98,157247,14,8529,211,32311,131,174345,225,206656,California
Placer,2021-05-31,148,373550,70,207696,61,157308,17,8546,30,32240,117,174462,46,206702,California
Placer,2021-06-01,1679,375229,884,208580,723,158031,72,8618,592,31821,1082,175544,663,207365,California
Placer,2021-06-02,1506,376735,759,209339,680,158711,67,8685,487,31357,1018,176562,554,207919,California
Placer,2021-06-03,1703,378438,1033,210372,611,159322,59,8744,429,30576,1268,177830,487,208406,California
Placer,2021-06-04,1867,380305,1326,211698,487,159809,54,8798,457,29685,1400,179230,509,208915,California
Placer,2021-06-05,1092,381397,773,212471,278,160087,41,8839,268,29174,820,180050,309,209224,California
Placer,2021-06-06,503,381900,362,212833,124,160211,17,8856,125,28939,377,180427,142,209366,California
Placer,2021-06-07,1053,382953,721,213554,260,160471,72,8928,225,28410,824,181251,295,209661,California
Placer,2021-06-08,1728,384681,1316,214870,363,160834,49,8977,433,27599,1292,182543,481,210142,California
Placer,2021-06-09,1171,385852,848,215718,271,161105,52,9029,258,27001,909,183452,311,210453,California
Placer,2021-06-10,1253,387105,865,216583,313,161418,75,9104,313,26451,936,184388,386,210839,California
Placer,2021-06-11,1487,388592,1071,217654,357,161775,59,9163,340,25707,1142,185530,398,211237,California
Placer,2021-06-12,1016,389608,753,218407,237,162012,26,9189,217,25153,797,186327,243,211480,California
Placer,2021-06-13,394,390002,304,218711,79,162091,11,9200,91,24953,302,186629,102,211582,California
Placer,2021-06-14,768,390770,524,219235,199,162290,45,9245,222,24676,543,187172,266,211848,California
Placer,2021-06-15,1290,392060,860,220095,367,162657,63,9308,421,24293,866,188038,483,212331,California
Placer,2021-06-16,1036,393096,750,220845,231,162888,55,9363,333,23978,702,188740,387,212718,California
Placer,2021-06-17,880,393976,608,221453,235,163123,37,9400,275,23689,601,189341,312,213030,California
Placer,2021-06-18,1157,395133,764,222217,304,163427,89,9489,379,23380,777,190118,468,213498,California
Placer,2021-06-19,612,395745,443,222660,136,163563,33,9522,239,23282,369,190487,271,213769,California
Placer,2021-06-20,283,396028,232,222892,43,163606,8,9530,107,23222,174,190661,114,213883,California
Placer,2021-06-21,491,396519,287,223179,166,163772,38,9568,234,23237,257,190918,272,214155,California
Placer,2021-06-22,879,397398,621,223800,204,163976,54,9622,261,22941,611,191529,315,214470,California
Placer,2021-06-23,841,398239,609,224409,185,164161,47,9669,385,22918,455,191984,432,214902,California
Placer,2021-06-24,819,399058,515,224924,257,164418,47,9716,311,22771,505,192489,358,215260,California
Placer,2021-06-25,936,399994,664,225588,219,164637,53,9769,387,22668,543,193032,440,215700,California
Placer,2021-06-26,541,400535,390,225978,121,164758,30,9799,238,22635,301,193333,268,215968,California
Placer,2021-06-27,249,400784,181,226159,57,164815,11,9810,117,22631,131,193464,127,216095,California
Placer,2021-06-28,487,401271,361,226520,83,164898,43,9853,209,22606,277,193741,252,216347,California
Placer,2021-06-29,827,402098,582,227102,199,165097,46,9899,321,22468,505,194246,367,216714,California
Placer,2021-06-30,598,402696,416,227518,141,165238,41,9940,258,22428,339,194585,299,217013,California
Placer,2021-07-01,550,403246,370,227888,141,165379,39,9979,223,22366,324,194909,262,217275,California
Placer,2021-07-02,680,403926,498,228386,156,165535,26,10005,296,22310,378,195287,322,217597,California
Placer,2021-07-03,303,404229,210,228596,79,165614,14,10019,144,22312,156,195443,158,217755,California
Placer,2021-07-04,16,404245,2,228598,14,165628,0,10019,6,22308,10,195453,6,217761,California
Placer,2021-07-05,392,404637,260,228858,98,165726,34,10053,165,22284,223,195676,199,217960,California
Placer,2021-07-06,838,405475,632,229490,162,165888,44,10097,305,22103,530,196206,349,218309,California
Placer,2021-07-07,569,406044,432,229922,106,165994,31,10128,232,22031,335,196541,263,218572,California
Placer,2021-07-08,526,406570,359,230281,129,166123,38,10166,226,21998,297,196838,264,218836,California
Placer,2021-07-09,675,407245,478,230759,136,166259,61,10227,299,21984,374,197212,360,219196,California
Placer,2021-07-10,322,407567,227,230986,88,166347,7,10234,119,21907,203,197415,126,219322,California
Placer,2021-07-11,162,407729,115,231101,37,166384,10,10244,69,21893,93,197508,79,219401,California
Plumas,2020-12-18,3,3,3,3,0,0,0,0,3,3,0,0,3,3,California
Plumas,2020-12-19,1,4,1,4,0,0,0,0,1,4,0,0,1,4,California
Plumas,2020-12-21,45,49,45,49,0,0,0,0,45,49,0,0,45,49,California
Plumas,2020-12-22,92,141,92,141,0,0,0,0,92,141,0,0,92,141,California
Plumas,2020-12-23,50,191,50,191,0,0,0,0,50,191,0,0,50,191,California
Plumas,2020-12-24,6,197,6,197,0,0,0,0,6,197,0,0,6,197,California
Plumas,2020-12-28,8,205,0,197,8,8,0,0,8,205,0,0,8,205,California
Plumas,2020-12-29,32,237,22,219,10,18,0,0,32,237,0,0,32,237,California
Plumas,2020-12-30,23,260,1,220,22,40,0,0,23,260,0,0,23,260,California
Plumas,2020-12-31,4,264,1,221,3,43,0,0,4,264,0,0,4,264,California
Plumas,2021-01-01,1,265,0,221,1,44,0,0,1,265,0,0,1,265,California
Plumas,2021-01-02,1,266,0,221,1,45,0,0,1,266,0,0,1,266,California
Plumas,2021-01-04,10,276,4,225,6,51,0,0,10,276,0,0,10,276,California
Plumas,2021-01-05,22,298,2,227,20,71,0,0,22,298,0,0,22,298,California
Plumas,2021-01-06,122,420,5,232,117,188,0,0,122,420,0,0,122,420,California
Plumas,2021-01-07,53,473,2,234,51,239,0,0,52,471,1,1,52,472,California
Plumas,2021-01-08,11,484,4,238,7,246,0,0,8,476,3,4,8,480,California
Plumas,2021-01-09,2,486,2,240,0,246,0,0,1,476,1,5,1,481,California
Plumas,2021-01-11,58,544,50,290,8,254,0,0,11,440,47,52,11,492,California
Plumas,2021-01-12,155,699,86,376,69,323,0,0,71,427,84,136,71,563,California
Plumas,2021-01-13,55,754,50,426,5,328,0,0,9,390,46,182,9,572,California
Plumas,2021-01-14,99,853,14,440,85,413,0,0,94,479,5,187,94,666,California
Plumas,2021-01-15,63,916,7,447,56,469,0,0,61,538,2,189,61,727,California
Plumas,2021-01-16,58,974,1,448,57,526,0,0,58,596,0,189,58,785,California
Plumas,2021-01-18,3,977,2,450,1,527,0,0,3,599,0,189,3,788,California
Plumas,2021-01-19,36,1013,5,455,31,558,0,0,32,627,4,193,32,820,California
Plumas,2021-01-20,122,1135,3,458,119,677,0,0,120,745,2,195,120,940,California
Plumas,2021-01-21,112,1247,2,460,110,787,0,0,112,857,0,195,112,1052,California
Plumas,2021-01-22,5,1252,1,461,4,791,0,0,5,862,0,195,5,1057,California
Plumas,2021-01-23,94,1346,2,463,92,883,0,0,94,956,0,195,94,1151,California
Plumas,2021-01-24,1,1347,1,464,0,883,0,0,1,957,0,195,1,1152,California
Plumas,2021-01-25,11,1358,8,472,3,886,0,0,8,962,3,198,8,1160,California
Plumas,2021-01-26,59,1417,2,474,57,943,0,0,51,1005,8,206,51,1211,California
Plumas,2021-01-27,26,1443,20,494,6,949,0,0,6,991,20,226,6,1217,California
Plumas,2021-01-28,24,1467,0,494,24,973,0,0,22,1011,2,228,22,1239,California
Plumas,2021-01-29,9,1476,3,497,6,979,0,0,8,1018,1,229,8,1247,California
Plumas,2021-01-30,11,1487,4,501,7,986,0,0,9,1025,2,231,9,1256,California
Plumas,2021-01-31,3,1490,3,504,0,986,0,0,3,1028,0,231,3,1259,California
Plumas,2021-02-01,23,1513,4,508,19,1005,0,0,15,1035,8,239,15,1274,California
Plumas,2021-02-02,24,1537,4,512,20,1025,0,0,4,1019,20,259,4,1278,California
Plumas,2021-02-03,126,1663,6,518,120,1145,0,0,12,918,113,372,12,1290,California
Plumas,2021-02-04,103,1766,8,526,95,1240,0,0,24,863,79,451,24,1314,California
Plumas,2021-02-05,25,1791,11,537,14,1254,0,0,10,858,15,466,10,1324,California
Plumas,2021-02-06,8,1799,1,538,7,1261,0,0,8,866,0,466,8,1332,California
Plumas,2021-02-08,14,1813,5,543,9,1270,0,0,2,856,12,478,2,1334,California
Plumas,2021-02-09,173,1986,3,546,170,1440,0,0,112,907,61,539,112,1446,California
Plumas,2021-02-10,88,2074,9,555,79,1519,0,0,80,980,8,547,81,1527,California
Plumas,2021-02-11,321,2395,6,561,315,1834,0,0,261,1181,60,607,261,1788,California
Plumas,2021-02-12,126,2521,4,565,122,1956,0,0,120,1295,6,613,120,1908,California
Plumas,2021-02-13,77,2598,6,571,71,2027,0,0,16,1250,61,674,16,1924,California
Plumas,2021-02-14,8,2606,5,576,3,2030,0,0,8,1258,0,674,8,1932,California
Plumas,2021-02-15,26,2632,5,581,21,2051,0,0,23,1278,3,677,23,1955,California
Plumas,2021-02-16,78,2710,4,585,74,2125,0,0,14,1228,64,741,14,1969,California
Plumas,2021-02-17,137,2847,5,590,132,2257,0,0,12,1115,125,866,12,1981,California
Plumas,2021-02-18,128,2975,6,596,122,2379,0,0,19,1026,109,975,20,2001,California
Plumas,2021-02-19,43,3018,6,602,37,2416,0,0,7,997,36,1011,7,2008,California
Plumas,2021-02-20,105,3123,7,609,98,2514,0,0,13,918,92,1103,13,2021,California
Plumas,2021-02-21,6,3129,5,614,1,2515,0,0,2,916,4,1107,2,2023,California
Plumas,2021-02-22,7,3136,3,617,4,2519,0,0,1,911,6,1113,1,2024,California
Plumas,2021-02-23,22,3158,3,620,19,2538,0,0,17,923,5,1118,17,2041,California
Plumas,2021-02-24,466,3624,8,628,458,2996,0,0,453,1363,13,1131,453,2494,California
Plumas,2021-02-25,234,3858,11,639,223,3219,0,0,170,1469,64,1195,170,2664,California
Plumas,2021-02-26,267,4125,9,648,258,3477,0,0,259,1721,8,1203,260,2924,California
Plumas,2021-02-27,42,4167,4,652,38,3515,0,0,35,1749,7,1210,35,2959,California
Plumas,2021-02-28,3,4170,0,652,3,3518,0,0,1,1748,2,1212,1,2960,California
Plumas,2021-03-01,23,4193,6,658,16,3534,1,1,12,1751,10,1222,13,2973,California
Plumas,2021-03-02,10,4203,0,658,10,3544,0,1,7,1756,2,1224,7,2980,California
Plumas,2021-03-03,156,4359,11,669,145,3689,0,1,139,1878,17,1241,139,3119,California
Plumas,2021-03-04,254,4613,8,677,246,3935,0,1,230,2084,24,1265,230,3349,California
Plumas,2021-03-05,398,5011,6,683,387,4322,5,6,386,2463,12,1277,391,3740,California
Plumas,2021-03-06,21,5032,2,685,11,4333,8,14,4,2458,17,1294,12,3752,California
Plumas,2021-03-07,13,5045,2,687,2,4335,9,23,3,2460,10,1304,12,3764,California
Plumas,2021-03-08,30,5075,3,690,3,4338,24,47,3,2461,27,1331,28,3792,California
Plumas,2021-03-09,133,5208,2,692,116,4454,15,62,18,2379,115,1446,33,3825,California
Plumas,2021-03-10,255,5463,3,695,238,4692,14,76,107,2353,147,1593,121,3946,California
Plumas,2021-03-11,178,5641,8,703,165,4857,5,81,142,2464,36,1629,147,4093,California
Plumas,2021-03-12,594,6235,4,707,303,5160,287,368,22,2201,572,2201,309,4402,California
Plumas,2021-03-13,28,6263,5,712,12,5172,11,379,7,2198,21,2222,18,4420,California
Plumas,2021-03-14,12,6275,3,715,4,5176,5,384,1,2194,10,2232,6,4426,California
Plumas,2021-03-15,32,6307,1,716,24,5200,7,391,6,2181,26,2258,13,4439,California
Plumas,2021-03-16,61,6368,3,719,57,5257,1,392,49,2220,11,2269,50,4489,California
Plumas,2021-03-17,76,6444,10,729,65,5322,1,393,59,2264,16,2285,60,4549,California
Plumas,2021-03-18,60,6504,7,736,37,5359,16,409,14,2248,46,2331,30,4579,California
Plumas,2021-03-19,165,6669,7,743,156,5515,2,411,155,2398,8,2339,158,4737,California
Plumas,2021-03-20,700,7369,4,747,695,6210,1,412,678,3057,20,2359,679,5416,California
Plumas,2021-03-21,2,7371,1,748,1,6211,0,412,1,3058,0,2359,1,5417,California
Plumas,2021-03-22,183,7554,2,750,181,6392,0,412,175,3226,7,2366,175,5592,California
Plumas,2021-03-23,28,7582,2,752,26,6418,0,412,14,3226,14,2380,14,5606,California
Plumas,2021-03-24,657,8239,6,758,650,7068,1,413,216,3004,440,2820,218,5824,California
Plumas,2021-03-25,309,8548,6,764,301,7369,2,415,166,3027,143,2963,166,5990,California
Plumas,2021-03-26,314,8862,9,773,305,7674,0,415,46,2806,267,3230,46,6036,California
Plumas,2021-03-27,14,8876,1,774,12,7686,1,416,3,2799,11,3241,4,6040,California
Plumas,2021-03-28,6,8882,3,777,2,7688,1,417,3,2800,3,3244,4,6044,California
Plumas,2021-03-29,12,8894,4,781,7,7695,1,418,4,2797,8,3252,5,6049,California
Plumas,2021-03-30,151,9045,3,784,147,7842,1,419,25,2697,126,3378,26,6075,California
Plumas,2021-03-31,297,9342,4,788,292,8134,1,420,272,2945,25,3403,273,6348,California
Plumas,2021-04-01,310,9652,12,800,297,8431,1,421,67,2772,240,3643,67,6415,California
Plumas,2021-04-02,377,10029,5,805,371,8802,1,422,31,2470,334,3977,32,6447,California
Plumas,2021-04-03,16,10045,3,808,5,8807,8,430,2,2466,14,3991,10,6457,California
Plumas,2021-04-04,3,10048,1,809,1,8808,1,431,0,2464,3,3994,1,6458,California
Plumas,2021-04-05,12,10060,4,813,7,8815,1,432,4,2462,7,4001,5,6463,California
Plumas,2021-04-06,121,10181,6,819,89,8904,26,458,14,2395,106,4107,39,6502,California
Plumas,2021-04-07,284,10465,8,827,99,9003,177,635,29,2346,255,4362,206,6708,California
Plumas,2021-04-08,150,10615,4,831,131,9134,15,650,35,2281,114,4476,49,6757,California
Plumas,2021-04-09,53,10668,11,842,24,9158,18,668,19,2283,34,4510,36,6793,California
Plumas,2021-04-10,25,10693,2,844,6,9164,17,685,5,2285,20,4530,22,6815,California
Plumas,2021-04-11,5,10698,3,847,1,9165,1,686,3,2288,1,4531,4,6819,California
Plumas,2021-04-12,13,10711,5,852,5,9170,3,689,7,2293,5,4536,10,6829,California
Plumas,2021-04-13,212,10923,5,857,207,9377,0,689,142,2365,70,4606,142,6971,California
Plumas,2021-04-14,110,11033,8,865,102,9479,0,689,55,2366,54,4660,55,7026,California
Plumas,2021-04-15,54,11087,3,868,51,9530,0,689,34,2381,19,4679,34,7060,California
Plumas,2021-04-16,142,11229,2,870,140,9670,0,689,2,2243,140,4819,2,7062,California
Plumas,2021-04-17,671,11900,2,872,669,10339,0,689,18,1611,650,5469,18,7080,California
Plumas,2021-04-18,4,11904,3,875,1,10340,0,689,1,1609,3,5472,1,7081,California
Plumas,2021-04-19,38,11942,3,878,35,10375,0,689,5,1581,33,5505,5,7086,California
Plumas,2021-04-20,43,11985,5,883,38,10413,0,689,27,1593,15,5520,27,7113,California
Plumas,2021-04-21,311,12296,5,888,305,10718,1,690,18,1318,293,5813,18,7131,California
Plumas,2021-04-22,276,12572,8,896,268,10986,0,690,126,1294,150,5963,126,7257,California
Plumas,2021-04-23,73,12645,6,902,67,11053,0,690,16,1253,57,6020,16,7273,California
Plumas,2021-04-24,171,12816,5,907,166,11219,0,690,144,1371,26,6046,144,7417,California
Plumas,2021-04-26,30,12846,4,911,26,11245,0,690,8,1358,21,6067,8,7425,California
Plumas,2021-04-27,94,12940,3,914,91,11336,0,690,57,1378,37,6104,57,7482,California
Plumas,2021-04-28,285,13225,4,918,281,11617,0,690,37,1169,246,6350,37,7519,California
Plumas,2021-04-29,172,13397,69,987,103,11720,0,690,118,1233,54,6404,118,7637,California
Plumas,2021-04-30,22,13419,11,998,11,11731,0,690,5,1221,17,6421,5,7642,California
Plumas,2021-05-01,8,13427,1,999,6,11737,1,691,1,1218,5,6426,2,7644,California
Plumas,2021-05-02,3,13430,3,1002,0,11737,0,691,1,1217,2,6428,1,7645,California
Plumas,2021-05-03,20,13450,7,1009,7,11744,6,697,6,1217,12,6440,12,7657,California
Plumas,2021-05-04,33,13483,5,1014,22,11766,6,703,19,1229,13,6453,25,7682,California
Plumas,2021-05-05,50,13533,6,1020,43,11809,1,704,22,1225,27,6480,23,7705,California
Plumas,2021-05-06,61,13594,2,1022,54,11863,5,709,19,1207,42,6522,24,7729,California
Plumas,2021-05-07,22,13616,5,1027,16,11879,1,710,8,1202,14,6536,9,7738,California
Plumas,2021-05-08,6,13622,0,1027,4,11883,2,712,4,1206,2,6538,6,7744,California
Plumas,2021-05-10,51,13673,1,1028,27,11910,23,735,23,1224,28,6566,46,7790,California
Plumas,2021-05-11,164,13837,3,1031,142,12052,19,754,12,1103,152,6718,31,7821,California
Plumas,2021-05-12,99,13936,2,1033,89,12141,8,762,37,1087,61,6779,45,7866,California
Plumas,2021-05-13,36,13972,3,1036,31,12172,2,764,14,1081,22,6801,16,7882,California
Plumas,2021-05-14,20,13992,4,1040,11,12183,5,769,10,1086,10,6811,15,7897,California
Plumas,2021-05-15,10,14002,4,1044,4,12187,2,771,4,1086,6,6817,6,7903,California
Plumas,2021-05-16,2,14004,1,1045,1,12188,0,771,1,1086,1,6818,1,7904,California
Plumas,2021-05-17,14,14018,0,1045,5,12193,9,780,5,1091,9,6827,14,7918,California
Plumas,2021-05-18,44,14062,7,1052,36,12229,1,781,24,1096,20,6847,25,7943,California
Plumas,2021-05-19,47,14109,3,1055,30,12259,14,795,12,1088,35,6882,27,7970,California
Plumas,2021-05-20,191,14300,136,1191,44,12303,11,806,78,1066,111,6993,89,8059,California
Plumas,2021-05-21,29,14329,8,1199,14,12317,7,813,14,1072,15,7008,21,8080,California
Plumas,2021-05-22,137,14466,1,1200,136,12453,0,813,7,951,128,7136,7,8087,California
Plumas,2021-05-23,1,14467,1,1201,0,12453,0,813,0,950,1,7137,0,8087,California
Plumas,2021-05-24,51,14518,37,1238,13,12466,1,814,41,983,9,7146,42,8129,California
Plumas,2021-05-25,68,14586,3,1241,64,12530,1,815,15,946,53,7199,16,8145,California
Plumas,2021-05-26,41,14627,7,1248,27,12557,7,822,17,947,23,7222,24,8169,California
Plumas,2021-05-27,99,14726,25,1273,61,12618,13,835,41,944,57,7279,54,8223,California
Plumas,2021-05-28,42,14768,14,1287,26,12644,2,837,22,949,19,7298,24,8247,California
Plumas,2021-05-29,8,14776,0,1287,8,12652,0,837,6,954,2,7300,7,8254,California
Plumas,2021-05-30,1,14777,0,1287,1,12653,0,837,0,954,0,7300,0,8254,California
Plumas,2021-05-31,7,14784,0,1287,4,12657,3,840,0,952,5,7305,3,8257,California
Plumas,2021-06-01,32,14816,7,1294,20,12677,5,845,9,944,23,7328,15,8272,California
Plumas,2021-06-02,59,14875,6,1300,31,12708,22,867,10,927,49,7377,32,8304,California
Plumas,2021-06-03,66,14941,17,1317,39,12747,10,877,27,925,39,7416,37,8341,California
Plumas,2021-06-04,15,14956,3,1320,11,12758,1,878,8,929,5,7421,9,8350,California
Plumas,2021-06-05,7,14963,3,1323,4,12762,0,878,2,926,5,7426,2,8352,California
Plumas,2021-06-06,2,14965,1,1324,1,12763,0,878,0,924,2,7428,0,8352,California
Plumas,2021-06-07,36,15001,5,1329,24,12787,7,885,8,911,28,7456,15,8367,California
Plumas,2021-06-08,28,15029,9,1338,17,12804,2,887,6,897,22,7478,8,8375,California
Plumas,2021-06-09,42,15071,5,1343,34,12838,3,890,9,876,33,7511,12,8387,California
Plumas,2021-06-10,36,15107,15,1358,17,12855,4,894,11,868,23,7534,15,8402,California
Plumas,2021-06-11,25,15132,13,1371,9,12864,3,897,8,862,17,7551,11,8413,California
Plumas,2021-06-12,11,15143,3,1374,7,12871,1,898,6,864,5,7556,7,8420,California
Plumas,2021-06-13,3,15146,1,1375,2,12873,0,898,3,867,0,7556,3,8423,California
Plumas,2021-06-14,96,15242,87,1462,6,12879,3,901,12,798,84,7640,15,8438,California
Plumas,2021-06-15,29,15271,7,1469,20,12899,2,903,9,789,20,7660,11,8449,California
Plumas,2021-06-16,33,15304,11,1480,13,12912,9,912,9,783,24,7684,18,8467,California
Plumas,2021-06-17,49,15353,30,1510,15,12927,4,916,11,761,37,7721,15,8482,California
Plumas,2021-06-18,39,15392,17,1527,14,12941,8,924,13,755,26,7747,20,8502,California
Plumas,2021-06-19,9,15401,2,1529,7,12948,0,924,2,750,7,7754,2,8504,California
Plumas,2021-06-20,1,15402,1,1530,0,12948,0,924,1,751,0,7754,1,8505,California
Plumas,2021-06-21,9,15411,4,1534,4,12952,1,925,5,753,4,7758,6,8511,California
Plumas,2021-06-22,29,15440,11,1545,16,12968,2,927,9,744,20,7778,11,8522,California
Plumas,2021-06-23,27,15467,15,1560,9,12977,3,930,15,750,12,7790,18,8540,California
Plumas,2021-06-24,30,15497,19,1579,8,12985,3,933,14,751,15,7805,16,8556,California
Plumas,2021-06-25,22,15519,9,1588,11,12996,2,935,8,749,12,7817,10,8566,California
Plumas,2021-06-26,13,15532,4,1592,8,13004,1,936,3,743,10,7827,4,8570,California
Plumas,2021-06-28,10,15542,4,1596,2,13006,4,940,2,741,8,7835,6,8576,California
Plumas,2021-06-29,24,15566,16,1612,7,13013,1,941,11,740,13,7848,12,8588,California
Plumas,2021-06-30,22,15588,9,1621,9,13022,4,945,8,738,14,7862,12,8600,California
Plumas,2021-07-01,43,15631,29,1650,10,13032,4,949,22,743,21,7883,26,8626,California
Plumas,2021-07-02,18,15649,13,1663,4,13036,1,950,4,734,13,7896,4,8630,California
Plumas,2021-07-03,1,15650,0,1663,1,13037,0,950,1,735,0,7896,1,8631,California
Plumas,2021-07-06,28,15678,17,1680,8,13045,3,953,10,729,18,7914,12,8643,California
Plumas,2021-07-07,19,15697,11,1691,7,13052,1,954,10,731,9,7923,11,8654,California
Plumas,2021-07-08,28,15725,8,1699,11,13063,9,963,12,736,16,7939,21,8675,California
Plumas,2021-07-09,13,15738,8,1707,2,13065,3,966,5,736,8,7947,8,8683,California
Plumas,2021-07-10,9,15747,1,1708,7,13072,1,967,2,732,7,7954,3,8686,California
Plumas,2021-07-11,1,15748,1,1709,0,13072,0,967,0,731,1,7955,0,8686,California
Riverside,2020-12-15,7,7,7,7,0,0,0,0,7,7,0,0,7,7,California
Riverside,2020-12-16,96,103,96,103,0,0,0,0,96,103,0,0,96,103,California
Riverside,2020-12-17,834,937,834,937,0,0,0,0,834,937,0,0,834,937,California
Riverside,2020-12-18,1781,2718,1780,2717,1,1,0,0,1781,2718,0,0,1781,2718,California
Riverside,2020-12-19,1055,3773,1052,3769,3,4,0,0,1053,3770,1,1,1053,3771,California
Riverside,2020-12-20,1114,4887,1113,4882,1,5,0,0,1114,4884,0,1,1114,4885,California
Riverside,2020-12-21,2343,7230,2341,7223,2,7,0,0,2343,7227,0,1,2343,7228,California
Riverside,2020-12-22,2298,9528,2251,9474,47,54,0,0,2297,9524,0,1,2297,9525,California
Riverside,2020-12-23,2165,11693,1821,11295,344,398,0,0,2166,11690,0,1,2166,11691,California
Riverside,2020-12-24,860,12553,655,11950,205,603,0,0,860,12550,0,1,860,12551,California
Riverside,2020-12-25,41,12594,18,11968,23,626,0,0,40,12590,0,1,40,12591,California
Riverside,2020-12-26,490,13084,270,12238,220,846,0,0,490,13080,0,1,490,13081,California
Riverside,2020-12-27,396,13480,266,12504,130,976,0,0,395,13474,1,2,395,13476,California
Riverside,2020-12-28,1712,15192,1191,13695,521,1497,0,0,1712,15186,0,2,1712,15188,California
Riverside,2020-12-29,1810,17002,1024,14719,786,2283,0,0,1810,16996,0,2,1810,16998,California
Riverside,2020-12-30,2654,19656,1723,16442,931,3214,0,0,2652,19647,1,3,2652,19650,California
Riverside,2020-12-31,1080,20736,421,16863,659,3873,0,0,1081,20727,1,4,1081,20731,California
Riverside,2021-01-01,130,20866,58,16921,72,3945,0,0,130,20857,0,4,130,20861,California
Riverside,2021-01-02,897,21763,709,17630,188,4133,0,0,897,21754,0,4,897,21758,California
Riverside,2021-01-03,364,22127,306,17936,58,4191,0,0,363,22117,0,4,363,22121,California
Riverside,2021-01-04,1308,23435,813,18749,495,4686,0,0,1307,23424,0,4,1307,23428,California
Riverside,2021-01-05,2061,25496,1416,20165,645,5331,0,0,1938,25246,116,120,1938,25366,California
Riverside,2021-01-06,2598,28094,1161,21326,1437,6768,0,0,2254,27163,337,457,2254,27620,California
Riverside,2021-01-07,2887,30981,1886,23212,1001,7769,0,0,1772,27832,1106,1563,1775,29395,California
Riverside,2021-01-08,4129,35110,2983,26195,1146,8915,0,0,2265,28238,1859,3422,2265,31660,California
Riverside,2021-01-09,2140,37250,880,27075,1260,10175,0,0,1761,29622,377,3799,1761,33421,California
Riverside,2021-01-10,1696,38946,751,27826,945,11120,0,0,1080,30086,616,4415,1080,34501,California
Riverside,2021-01-11,4633,43579,3168,30994,1465,12585,0,0,2849,31153,1782,6197,2849,37350,California
Riverside,2021-01-12,3542,47121,2799,33793,743,13328,0,0,1823,31265,1714,7911,1826,39176,California
Riverside,2021-01-13,4591,51712,3002,36795,1589,14917,0,0,2946,32570,1641,9552,2946,42122,California
Riverside,2021-01-14,5800,57512,2052,38847,3748,18665,0,0,5170,37114,628,10180,5172,47294,California
Riverside,2021-01-15,6290,63802,2111,40958,4179,22844,0,0,5954,42735,334,10514,5955,53249,California
Riverside,2021-01-16,3727,67529,1038,41996,2689,25533,0,0,3464,45937,263,10777,3465,56714,California
Riverside,2021-01-17,3663,71192,604,42600,3059,28592,0,0,3455,49186,206,10983,3455,60169,California
Riverside,2021-01-18,3861,75053,2101,44701,1760,30352,0,0,2816,50959,1044,12027,2817,62986,California
Riverside,2021-01-19,7539,82592,2681,47382,4858,35210,0,0,6391,56208,1147,13174,6396,69382,California
Riverside,2021-01-20,8469,91061,3265,50647,5204,40414,0,0,6794,61346,1662,14836,6800,76182,California
Riverside,2021-01-21,8565,99626,3576,54223,4989,45403,0,0,7859,68499,707,15543,7860,84042,California
Riverside,2021-01-22,8976,108602,3056,57279,5920,51323,0,0,8497,76521,477,16020,8499,92541,California
Riverside,2021-01-23,6070,114672,2358,59637,3712,55035,0,0,5260,80972,810,16830,5261,97802,California
Riverside,2021-01-24,3116,117788,1440,61077,1676,56711,0,0,2890,83641,222,17052,2891,100693,California
Riverside,2021-01-25,8035,125823,4597,65674,3438,60149,0,0,6864,89339,1168,18220,6866,107559,California
Riverside,2021-01-26,9238,135061,5718,71392,3520,63669,0,0,7699,95503,1536,19756,7700,115259,California
Riverside,2021-01-27,11130,146191,6420,77812,4710,68379,0,0,9481,103343,1644,21400,9484,124743,California
Riverside,2021-01-28,11720,157911,6804,84616,4916,73295,0,0,10518,112670,1194,22594,10521,135264,California
Riverside,2021-01-29,12088,169999,7299,91915,4789,78084,0,0,10689,121990,1375,23969,10695,145959,California
Riverside,2021-01-30,9184,179183,4613,96528,4571,82655,0,0,8679,130169,501,24470,8680,154639,California
Riverside,2021-01-31,5188,184371,4221,100749,967,83622,0,0,5043,135074,143,24613,5048,159687,California
Riverside,2021-02-01,11508,195879,7166,107915,4342,87964,0,0,9479,142537,2020,26633,9483,169170,California
Riverside,2021-02-02,9850,205729,5025,112940,4825,92789,0,0,8298,149303,1538,28171,8304,177474,California
Riverside,2021-02-03,12397,218126,5161,118101,7236,100025,0,0,9933,156787,2454,30625,9938,187412,California
Riverside,2021-02-04,13745,231871,6033,124134,7712,107737,0,0,11567,166195,2167,32792,11575,198987,California
Riverside,2021-02-05,14675,246546,5548,129682,9127,116864,0,0,11415,174367,3251,36043,11423,210410,California
Riverside,2021-02-06,7356,253902,4277,133959,3079,119943,0,0,5684,178394,1661,37704,5688,216098,California
Riverside,2021-02-07,2231,256133,816,134775,1415,121358,0,0,1890,179952,339,38043,1897,217995,California
Riverside,2021-02-08,12609,268742,5582,140357,7027,128385,0,0,10210,187795,2381,40424,10224,228219,California
Riverside,2021-02-09,9831,278573,4565,144922,5266,133651,0,0,7788,193578,2026,42450,7809,236028,California
Riverside,2021-02-10,12271,290844,7012,151934,5259,138910,0,0,8963,199265,3295,45745,8982,245010,California
Riverside,2021-02-11,16890,307734,9095,161029,7795,146705,0,0,12199,206834,4667,50412,12236,257246,California
Riverside,2021-02-12,18064,325798,10924,171953,7140,153845,0,0,12947,214743,5066,55478,12975,270221,California
Riverside,2021-02-13,6445,332243,2176,174129,4269,158114,0,0,3111,214566,3319,58797,3142,273363,California
Riverside,2021-02-14,5040,337283,1187,175316,3853,161967,0,0,2258,214061,2776,61573,2271,275634,California
Riverside,2021-02-15,10026,347309,5126,180442,4900,166867,0,0,5527,215122,4483,66056,5544,281178,California
Riverside,2021-02-16,16384,363693,10227,190669,6157,173024,0,0,9396,217569,6975,73031,9422,290600,California
Riverside,2021-02-17,15385,379078,8426,199095,6959,179983,0,0,7627,217509,7742,80773,7682,298282,California
Riverside,2021-02-18,15798,394876,9058,208153,6740,186723,0,0,8111,218002,7661,88434,8154,306436,California
Riverside,2021-02-19,15692,410568,8424,216577,7268,193991,0,0,7388,217147,8271,96705,7416,313852,California
Riverside,2021-02-20,8586,419154,4637,221214,3949,197940,0,0,2254,213102,6309,103014,2264,316116,California
Riverside,2021-02-21,4593,423747,4050,225264,543,198483,0,0,1297,211140,3271,106285,1309,317425,California
Riverside,2021-02-22,12948,436695,8197,233461,4751,203234,0,0,5124,208477,7799,114084,5136,322561,California
Riverside,2021-02-23,11763,448458,7975,241436,3788,207022,0,0,5692,208164,6035,120119,5722,328283,California
Riverside,2021-02-24,15510,463968,8482,249918,7028,214050,0,0,6528,205820,8929,129048,6585,334868,California
Riverside,2021-02-25,17988,481956,7709,257627,10279,224329,0,0,8282,204499,9673,138721,8352,343220,California
Riverside,2021-02-26,19152,501108,6930,264557,12222,236551,0,0,9533,204549,9549,148270,9599,352819,California
Riverside,2021-02-27,12438,513546,5724,270281,6714,243265,0,0,5893,203989,6509,154779,5949,358768,California
Riverside,2021-02-28,5006,518552,3293,273574,1713,244978,0,0,2480,203989,2511,157290,2511,361279,California
Riverside,2021-03-01,14520,533072,6191,279765,8323,253301,6,6,8525,206624,5947,163237,8582,369861,California
Riverside,2021-03-02,15631,548703,7631,287396,7999,261300,1,7,9124,209327,6476,169713,9179,379040,California
Riverside,2021-03-03,17300,566003,8565,295961,8735,270035,0,7,7534,207312,9710,179423,7695,386735,California
Riverside,2021-03-04,19050,585053,7587,303548,11459,281494,4,11,9073,206660,9926,189349,9274,396009,California
Riverside,2021-03-05,19177,604230,7724,311272,11406,292900,47,58,9453,206806,9670,199019,9816,405825,California
Riverside,2021-03-06,9661,613891,5109,316381,4067,296967,485,543,4781,207257,4863,203882,5314,411139,California
Riverside,2021-03-07,4465,618356,2816,319197,1187,298154,462,1005,2064,207430,2388,206270,2561,413700,California
Riverside,2021-03-08,12212,630568,4851,324048,6929,305083,432,1437,5444,206642,6744,213014,5956,419656,California
Riverside,2021-03-09,15057,645625,7021,331069,7518,312601,518,1955,5957,204196,9073,222087,6627,426283,California
Riverside,2021-03-10,16182,661807,8680,339749,6563,319164,939,2894,6272,201728,9863,231950,7395,433678,California
Riverside,2021-03-11,19600,681407,9584,349333,8138,327302,1878,4772,7647,199567,11910,243860,9749,443427,California
Riverside,2021-03-12,21359,702766,8000,357333,8602,335904,4757,9529,7047,197435,14266,258126,12134,455561,California
Riverside,2021-03-13,8616,711382,2578,359911,4803,340707,1235,10764,4384,198953,4205,262331,5723,461284,California
Riverside,2021-03-14,4834,716216,1669,361580,1791,342498,1374,12138,2112,199741,2706,265037,3494,464778,California
Riverside,2021-03-15,18790,735006,7923,369503,9195,351693,1672,13810,9130,201049,9611,274648,10919,475697,California
Riverside,2021-03-16,21115,756121,10281,379784,10014,361707,820,14630,11356,203624,9713,284361,12288,487985,California
Riverside,2021-03-17,21588,777709,11079,390863,9443,371150,1066,15696,12864,208949,8673,293034,13998,501983,California
Riverside,2021-03-18,23115,800824,11981,402844,9456,380606,1678,17374,12645,212879,10409,303443,14339,516322,California
Riverside,2021-03-19,24322,825146,12765,415609,10581,391187,976,18350,14092,218147,10168,313611,15436,531758,California
Riverside,2021-03-20,10937,836083,6954,422563,2773,393960,1210,19560,6967,222406,3930,317541,8189,539947,California
Riverside,2021-03-21,3929,840012,3029,425592,623,394583,277,19837,2604,223993,1301,318842,2888,542835,California
Riverside,2021-03-22,16794,856806,10016,435608,6224,400807,554,20391,10578,228974,6153,324995,11134,553969,California
Riverside,2021-03-23,18776,875582,10608,446216,7744,408551,424,20815,11914,234541,6798,331793,12365,566334,California
Riverside,2021-03-24,18901,894483,10520,456736,8259,416810,122,20937,12832,241509,6011,337804,12979,579313,California
Riverside,2021-03-25,21292,915775,11736,468472,9369,426179,187,21124,14130,248762,7081,344885,14334,593647,California
Riverside,2021-03-26,24284,940059,11991,480463,12117,438296,176,21300,15009,254799,9163,354048,15200,608847,California
Riverside,2021-03-27,9397,949456,4915,485378,3428,441724,1054,22354,4827,256146,4540,358588,5887,614734,California
Riverside,2021-03-28,4818,954274,3161,488539,1562,443286,95,22449,2851,257142,1954,360542,2950,617684,California
Riverside,2021-03-29,17770,972044,8482,497021,9161,452447,127,22576,10929,261428,6791,367333,11077,628761,California
Riverside,2021-03-30,18461,990505,9613,506634,8637,461084,211,22787,11708,266644,6708,374041,11924,640685,California
Riverside,2021-03-31,18256,1008761,8482,515116,9447,470531,327,23114,11369,271519,6833,380874,11708,652393,California
Riverside,2021-04-01,25733,1034494,12567,527683,12362,482893,804,23918,16499,279681,9145,390019,17307,669700,California
Riverside,2021-04-02,26270,1060764,14110,541793,11174,494067,986,24904,16395,287474,9809,399828,17602,687302,California
Riverside,2021-04-03,9464,1070228,5998,547791,2850,496917,616,25520,6073,290791,3369,403197,6686,693988,California
Riverside,2021-04-04,3445,1073673,2080,549871,1098,498015,267,25787,1712,291053,1719,404916,1981,695969,California
Riverside,2021-04-05,18653,1092326,9507,559378,7253,505268,1893,27680,9975,294295,8632,413548,11874,707843,California
Riverside,2021-04-06,23947,1116273,12442,571820,9334,514602,2171,29851,13337,299236,10557,424105,15498,723341,California
Riverside,2021-04-07,25061,1141334,13473,585293,9047,523649,2541,32392,13907,304585,11097,435202,16446,739787,California
Riverside,2021-04-08,27664,1168998,15248,600541,9369,533018,3047,35439,16824,313676,10766,445968,19857,759644,California
Riverside,2021-04-09,26547,1195545,15590,616131,8433,541451,2524,37963,16136,322013,10354,456322,18691,778335,California
Riverside,2021-04-10,12158,1207703,6806,622937,3926,545377,1426,39389,5318,321958,6792,463114,6737,785072,California
Riverside,2021-04-11,4691,1212394,2789,625726,1263,546640,639,40028,2197,322320,2478,465592,2840,787912,California
Riverside,2021-04-12,20285,1232679,9031,634757,8586,555226,2668,42696,10137,325027,10102,475694,12809,800721,California
Riverside,2021-04-13,20256,1252935,11340,646097,8888,564114,28,42724,11597,328043,8617,484311,11633,812354,California
Riverside,2021-04-14,22499,1275434,12407,658504,10077,574191,15,42739,11028,327709,11399,495710,11065,823419,California
Riverside,2021-04-15,22308,1297742,12618,671122,9682,583873,8,42747,11772,329037,10463,506173,11791,835210,California
Riverside,2021-04-16,25431,1323173,14686,685808,10739,594612,6,42753,11816,327320,13552,519725,11835,847045,California
Riverside,2021-04-17,10020,1333193,6610,692418,3410,598022,0,42753,5019,327375,4974,524699,5029,852074,California
Riverside,2021-04-18,4224,1337417,3140,695558,1077,599099,7,42760,1955,327096,2251,526950,1972,854046,California
Riverside,2021-04-19,19760,1357177,11742,707300,8015,607114,3,42763,7104,321614,12602,539552,7120,861166,California
Riverside,2021-04-20,19572,1376749,10547,717847,9016,616130,9,42772,7979,318067,11542,551094,7995,869161,California
Riverside,2021-04-21,20896,1397645,12352,730199,8534,624664,10,42782,8402,314077,12414,563508,8424,877585,California
Riverside,2021-04-22,23918,1421563,14130,744329,9784,634448,4,42786,8963,308174,14881,578389,8978,886563,California
Riverside,2021-04-23,23840,1445403,14166,758495,9660,644108,14,42800,9341,303116,14435,592824,9377,895940,California
Riverside,2021-04-24,10551,1455954,7334,765829,3208,647316,9,42809,4834,302286,5675,598499,4845,900785,California
Riverside,2021-04-25,4249,1460203,2822,768651,1420,648736,7,42816,2198,302461,2032,600531,2207,902992,California
Riverside,2021-04-26,17400,1477603,10948,779599,6393,655129,59,42875,5927,297036,11427,611958,6002,908994,California
Riverside,2021-04-27,18628,1496231,10699,790298,7721,662850,208,43083,6497,291666,12083,624041,6713,915707,California
Riverside,2021-04-28,16928,1513159,9234,799532,7427,670277,267,43350,5755,286590,11108,635149,6032,921739,California
Riverside,2021-04-29,19159,1532318,11818,811350,6988,677265,353,43703,5577,279013,13506,648655,5929,927668,California
Riverside,2021-04-30,20347,1552665,11864,823214,8094,685359,389,44092,6662,272440,13625,662280,7052,934720,California
Riverside,2021-05-01,6892,1559557,4944,828158,1763,687122,185,44277,2366,270496,4494,666774,2550,937270,California
Riverside,2021-05-02,3396,1562953,2222,830380,965,688087,209,44486,1096,269528,2280,669054,1312,938582,California
Riverside,2021-05-03,18070,1581023,11098,841478,6477,694564,495,44981,4182,260384,13819,682873,4675,943257,California
Riverside,2021-05-04,17775,1598798,11381,852859,5930,700494,464,45445,5006,253172,12694,695567,5482,948739,California
Riverside,2021-05-05,16360,1615158,9438,862297,6549,707043,373,45818,4726,246717,11575,707142,5120,953859,California
Riverside,2021-05-06,18359,1633517,10452,872749,7492,714535,415,46233,4710,238314,13568,720710,5165,959024,California
Riverside,2021-05-07,20790,1654307,11894,884643,8449,722984,447,46680,5528,229117,15175,735885,5978,965002,California
Riverside,2021-05-08,7111,1661418,4728,889371,2121,725105,262,46942,2657,227628,4416,740301,2927,967929,California
Riverside,2021-05-09,2501,1663919,1697,891068,650,725755,154,47096,926,227150,1566,741867,1088,969017,California
Riverside,2021-05-10,10152,1674071,5208,896276,4547,730302,397,47493,2864,223177,7238,749105,3265,972282,California
Riverside,2021-05-11,14360,1688431,8760,905036,5072,735374,528,48021,4017,217482,10256,759361,4561,976843,California
Riverside,2021-05-12,13069,1701500,6720,911756,6016,741390,333,48354,3936,212671,9080,768441,4269,981112,California
Riverside,2021-05-13,15266,1716766,9349,921105,5633,747023,284,48638,5409,208573,9804,778245,5706,986818,California
Riverside,2021-05-14,18268,1735034,11581,932686,5891,752914,796,49434,7118,205407,11078,789323,7912,994730,California
Riverside,2021-05-15,9913,1744947,7138,939824,2376,755290,399,49833,5100,206125,4779,794102,5497,1000227,California
Riverside,2021-05-16,3723,1748670,2761,942585,844,756134,118,49951,1866,206265,1843,795945,1983,1002210,California
Riverside,2021-05-17,11817,1760487,7606,950191,3856,759990,355,50306,5088,205018,6695,802640,5448,1007658,California
Riverside,2021-05-18,15251,1775738,9477,959668,5417,765407,357,50663,6159,202489,9045,811685,6516,1014174,California
Riverside,2021-05-19,12234,1787972,7737,967405,4252,769659,245,50908,5892,202339,6291,817976,6141,1020315,California
Riverside,2021-05-20,11952,1799924,7509,974914,4183,773842,260,51168,5318,201335,6586,824562,5582,1025897,California
Riverside,2021-05-21,14475,1814399,8923,983837,5228,779070,324,51492,6056,199367,8350,832912,6382,1032279,California
Riverside,2021-05-22,7255,1821654,4912,988749,2146,781216,197,51689,3888,200128,3325,836237,4086,1036365,California
Riverside,2021-05-23,2757,1824411,1847,990596,833,782049,77,51766,1298,200059,1443,837680,1374,1037739,California
Riverside,2021-05-24,8883,1833294,5808,996404,2761,784810,314,52080,3967,199455,4884,842564,4280,1042019,California
Riverside,2021-05-25,9732,1843026,5794,1002198,3664,788474,274,52354,3875,197787,5819,848383,4151,1046170,California
Riverside,2021-05-26,8924,1851950,5533,1007731,3061,791535,330,52684,3897,197044,4976,853359,4233,1050403,California
Riverside,2021-05-27,8568,1860518,5127,1012858,3204,794739,237,52921,3878,196525,4639,857998,4120,1054523,California
Riverside,2021-05-28,10782,1871300,6524,1019382,3943,798682,315,53236,4962,196052,5757,863755,5284,1059807,California
Riverside,2021-05-29,5051,1876351,3436,1022818,1488,800170,127,53363,2819,196792,2208,865963,2948,1062755,California
Riverside,2021-05-30,1968,1878319,1420,1024238,480,800650,68,53431,1017,196933,944,866907,1085,1063840,California
Riverside,2021-05-31,875,1879194,496,1024734,346,800996,33,53464,335,196764,537,867444,368,1064208,California
Riverside,2021-06-01,9180,1888374,5664,1030398,3277,804273,239,53703,3446,194765,5681,873125,3682,1067890,California
Riverside,2021-06-02,7142,1895516,4351,1034749,2513,806786,278,53981,2746,193439,4352,877477,3026,1070916,California
Riverside,2021-06-03,7969,1903485,5298,1040047,2399,809185,272,54253,2730,191242,5195,882672,2998,1073914,California
Riverside,2021-06-04,10747,1914232,7660,1047707,2827,812012,260,54513,3723,188257,6969,889641,3984,1077898,California
Riverside,2021-06-05,6988,1921220,5158,1052865,1284,813296,546,55059,2197,186236,4767,894408,2746,1080644,California
Riverside,2021-06-06,2222,1923442,1886,1054751,285,813581,51,55110,686,185447,1527,895935,738,1081382,California
Riverside,2021-06-07,6943,1930385,5265,1060016,1446,815027,232,55342,2276,183320,4635,900570,2508,1083890,California
Riverside,2021-06-08,9066,1939451,6565,1066581,2226,817253,275,55617,2965,180515,6046,906616,3241,1087131,California
Riverside,2021-06-09,7763,1947214,5643,1072224,1824,819077,296,55913,2374,177840,5342,911958,2667,1089798,California
Riverside,2021-06-10,7609,1954823,5360,1077584,2014,821091,235,56148,2371,175241,5209,917167,2610,1092408,California
Riverside,2021-06-11,8897,1963720,6034,1083618,2571,823662,292,56440,3012,172719,5825,922992,3303,1095711,California
Riverside,2021-06-12,5355,1969075,3958,1087576,1269,824931,128,56568,1660,170851,3662,926654,1794,1097505,California
Riverside,2021-06-13,1799,1970874,1338,1088914,417,825348,44,56612,495,170098,1292,927946,539,1098044,California
Riverside,2021-06-14,6388,1977262,4575,1093489,1507,826855,306,56918,2102,168249,4254,932200,2405,1100449,California
Riverside,2021-06-15,7091,1984353,4832,1098321,1948,828803,311,57229,2651,166825,4391,936591,2967,1103416,California
Riverside,2021-06-16,6838,1991191,4711,1103032,1812,830615,315,57544,2409,165162,4385,940976,2722,1106138,California
Riverside,2021-06-17,6417,1997608,4497,1107529,1679,832294,241,57785,2395,163816,3988,944964,2642,1108780,California
Riverside,2021-06-18,8172,2005780,5906,1113435,1989,834283,277,58062,3335,162642,4790,949754,3616,1112396,California
Riverside,2021-06-19,4278,2010058,3279,1116714,845,835128,154,58216,1783,162112,2472,952226,1942,1114338,California
Riverside,2021-06-20,1500,2011558,1138,1117852,325,835453,37,58253,576,161811,915,953141,614,1114952,California
Riverside,2021-06-21,4265,2015823,2821,1120673,1163,836616,281,58534,2199,162243,2048,955189,2480,1117432,California
Riverside,2021-06-22,6350,2022173,4478,1125151,1621,838237,251,58785,2729,161645,3582,958771,2984,1120416,California
Riverside,2021-06-23,5554,2027727,3940,1129091,1355,839592,259,59044,2576,161537,2943,961714,2835,1123251,California
Riverside,2021-06-24,5390,2033117,3691,1132782,1456,841048,243,59287,2347,161120,3008,964722,2591,1125842,California
Riverside,2021-06-25,6808,2039925,4882,1137664,1645,842693,281,59568,2938,160507,3836,968558,3223,1129065,California
Riverside,2021-06-26,3802,2043727,2927,1140591,749,843442,126,59694,1746,160345,2034,970592,1872,1130937,California
Riverside,2021-06-27,1499,2045226,1208,1141799,246,843688,45,59739,692,160286,796,971388,737,1131674,California
Riverside,2021-06-28,4284,2049510,3340,1145139,721,844409,223,59962,2008,160274,2247,973635,2235,1133909,California
Riverside,2021-06-29,5628,2055138,4171,1149310,1280,845689,177,60139,2572,160005,3020,976655,2751,1136660,California
Riverside,2021-06-30,4964,2060102,3658,1152968,1135,846824,171,60310,2405,160089,2490,979145,2574,1139234,California
Riverside,2021-07-01,4714,2064816,3281,1156249,1130,847954,303,60613,2201,160115,2484,981629,2510,1141744,California
Riverside,2021-07-02,5737,2070553,4263,1160512,1276,849230,198,60811,2739,160094,2957,984586,2936,1144680,California
Riverside,2021-07-03,2865,2073418,2146,1162658,639,849869,80,60891,1411,160163,1423,986009,1492,1146172,California
Riverside,2021-07-04,242,2073660,139,1162797,95,849964,8,60899,96,160123,144,986153,104,1146276,California
Riverside,2021-07-05,2573,2076233,2010,1164807,503,850467,60,60959,1255,160129,1309,987462,1315,1147591,California
Riverside,2021-07-06,5487,2081720,4065,1168872,1203,851670,219,61178,2244,159395,3198,990660,2464,1150055,California
Riverside,2021-07-07,4487,2086207,3309,1172181,979,852649,199,61377,1995,159133,2459,993119,2197,1152252,California
Riverside,2021-07-08,4168,2090375,2986,1175167,986,853635,196,61573,1959,159091,2194,995313,2152,1154404,California
Riverside,2021-07-09,5314,2095689,4005,1179172,1095,854730,214,61787,2350,158721,2931,998244,2561,1156965,California
Riverside,2021-07-10,2526,2098215,1913,1181085,538,855268,75,61862,1227,158746,1281,999525,1306,1158271,California
Riverside,2021-07-11,709,2098924,483,1181568,214,855482,12,61874,351,158756,353,999878,363,1158634,California
Sacramento,2020-12-15,315,315,315,315,0,0,0,0,315,315,0,0,315,315,California
Sacramento,2020-12-16,683,998,683,998,0,0,0,0,683,998,0,0,683,998,California
Sacramento,2020-12-17,723,1721,723,1721,0,0,0,0,723,1721,0,0,723,1721,California
Sacramento,2020-12-18,1127,2848,1126,2847,1,1,0,0,1127,2848,0,0,1127,2848,California
Sacramento,2020-12-19,625,3473,625,3472,0,1,0,0,625,3473,0,0,625,3473,California
Sacramento,2020-12-20,635,4108,635,4107,0,1,0,0,635,4108,0,0,635,4108,California
Sacramento,2020-12-21,1683,5791,1683,5790,0,1,0,0,1684,5792,0,0,1684,5792,California
Sacramento,2020-12-22,2110,7901,2073,7863,37,38,0,0,2110,7902,0,0,2110,7902,California
Sacramento,2020-12-23,2273,10174,2098,9961,175,213,0,0,2273,10175,0,0,2273,10175,California
Sacramento,2020-12-24,1042,11216,830,10791,212,425,0,0,1042,11217,0,0,1042,11217,California
Sacramento,2020-12-25,3,11219,2,10793,1,426,0,0,3,11220,0,0,3,11220,California
Sacramento,2020-12-26,508,11727,289,11082,219,645,0,0,508,11728,0,0,508,11728,California
Sacramento,2020-12-27,358,12085,252,11334,106,751,0,0,358,12086,0,0,358,12086,California
Sacramento,2020-12-28,1928,14013,1343,12677,585,1336,0,0,1927,14012,1,1,1927,14013,California
Sacramento,2020-12-29,1973,15986,1200,13877,773,2109,0,0,1973,15985,0,1,1973,15986,California
Sacramento,2020-12-30,2567,18553,1459,15336,1108,3217,0,0,2568,18553,0,1,2568,18554,California
Sacramento,2020-12-31,1230,19783,695,16031,535,3752,0,0,1231,19784,0,1,1231,19785,California
Sacramento,2021-01-01,87,19870,73,16104,14,3766,0,0,87,19871,0,1,87,19872,California
Sacramento,2021-01-02,571,20441,366,16470,205,3971,0,0,571,20442,0,1,571,20443,California
Sacramento,2021-01-03,412,20853,223,16693,189,4160,0,0,412,20854,0,1,412,20855,California
Sacramento,2021-01-04,1952,22805,840,17533,1112,5272,0,0,1950,22803,1,2,1950,22805,California
Sacramento,2021-01-05,2246,25051,1011,18544,1235,6507,0,0,1863,24290,383,385,1870,24675,California
Sacramento,2021-01-06,2761,27812,1638,20182,1123,7630,0,0,1942,25420,813,1198,1943,26618,California
Sacramento,2021-01-07,2869,30681,1532,21714,1337,8967,0,0,1920,26397,943,2141,1920,28538,California
Sacramento,2021-01-08,3314,33995,2096,23810,1218,10185,0,0,2184,27456,1126,3267,2185,30723,California
Sacramento,2021-01-09,1298,35293,803,24613,495,10680,0,0,900,27960,396,3663,900,31623,California
Sacramento,2021-01-10,1252,36545,713,25326,539,11219,0,0,783,28276,468,4131,784,32407,California
Sacramento,2021-01-11,4380,40925,2970,28296,1410,12629,0,0,2430,28769,1949,6080,2442,34849,California
Sacramento,2021-01-12,4692,45617,3292,31588,1400,14029,0,0,2640,29366,2050,8130,2647,37496,California
Sacramento,2021-01-13,3868,49485,2236,33824,1632,15661,0,0,2441,30382,1426,9556,2442,39938,California
Sacramento,2021-01-14,4759,54244,2428,36252,2331,17992,0,0,3844,33313,913,10469,3844,43782,California
Sacramento,2021-01-15,4474,58718,2258,38510,2216,20208,0,0,3755,36350,719,11188,3756,47538,California
Sacramento,2021-01-16,2225,60943,1281,39791,944,21152,0,0,2005,38136,219,11407,2005,49543,California
Sacramento,2021-01-17,1686,62629,987,40778,699,21851,0,0,1500,39453,186,11593,1503,51046,California
Sacramento,2021-01-18,2818,65447,1722,42500,1096,22947,0,0,2230,41097,587,12180,2231,53277,California
Sacramento,2021-01-19,4993,70440,3024,45524,1969,24916,0,0,3750,43608,1241,13421,3752,57029,California
Sacramento,2021-01-20,4993,75433,3001,48525,1992,26908,0,0,3679,45978,1315,14736,3685,60714,California
Sacramento,2021-01-21,5262,80695,3017,51542,2245,29153,0,0,4288,49301,967,15703,4290,65004,California
Sacramento,2021-01-22,5053,85748,2686,54228,2367,31520,0,0,4749,53748,303,16006,4750,69754,California
Sacramento,2021-01-23,3873,89621,1563,55791,2310,33830,0,0,3409,56693,464,16470,3409,73163,California
Sacramento,2021-01-24,1641,91262,1025,56816,616,34446,0,0,1392,57837,249,16719,1393,74556,California
Sacramento,2021-01-25,4434,95696,2168,58984,2266,36712,0,0,2952,59309,1482,18201,2954,77510,California
Sacramento,2021-01-26,4782,100478,2178,61162,2604,39316,0,0,3565,61664,1212,19413,3567,81077,California
Sacramento,2021-01-27,5896,106374,3046,64208,2850,42166,0,0,4263,64302,1627,21040,4265,85342,California
Sacramento,2021-01-28,5493,111867,2737,66945,2756,44922,0,0,4386,67584,1105,22145,4387,89729,California
Sacramento,2021-01-29,5459,117326,2932,69877,2527,47449,0,0,4433,70999,1018,23163,4433,94162,California
Sacramento,2021-01-30,4880,122206,2197,72074,2683,50132,0,0,4448,75018,429,23592,4448,98610,California
Sacramento,2021-01-31,2419,124625,2117,74191,302,50434,0,0,2065,76733,352,23944,2067,100677,California
Sacramento,2021-02-01,5958,130583,3032,77223,2926,53360,0,0,4271,79326,1679,25623,4272,104949,California
Sacramento,2021-02-02,6955,137538,3706,80929,3249,56609,0,0,4842,82079,2091,27714,4844,109793,California
Sacramento,2021-02-03,7164,144702,3603,84532,3561,60170,0,0,5276,85481,1876,29590,5278,115071,California
Sacramento,2021-02-04,7805,152507,3683,88215,4122,64292,0,0,5538,88760,2259,31849,5538,120609,California
Sacramento,2021-02-05,7908,160415,4501,92716,3407,67699,0,0,4852,90587,3032,34881,4859,125468,California
Sacramento,2021-02-06,8869,169284,3504,96220,5365,73064,0,0,7506,96734,1361,36242,7508,132976,California
Sacramento,2021-02-07,4109,173393,2218,98438,1891,74955,0,0,2899,98430,1205,37447,2901,135877,California
Sacramento,2021-02-08,6279,179672,3255,101693,3024,77979,0,0,3920,99997,2353,39800,3920,139797,California
Sacramento,2021-02-09,6817,186489,3575,105268,3242,81221,0,0,4007,101211,2795,42595,4009,143806,California
Sacramento,2021-02-10,7776,194265,4253,109521,3523,84744,0,0,4545,102543,3214,45809,4546,148352,California
Sacramento,2021-02-11,9637,203902,5738,115259,3899,88643,0,0,5520,103963,4102,49911,5522,153874,California
Sacramento,2021-02-12,10758,214660,4175,119434,6583,95226,0,0,6431,106137,4260,54171,6434,160308,California
Sacramento,2021-02-13,8146,222806,3019,122453,5127,100353,0,0,6369,110736,1771,55942,6370,166678,California
Sacramento,2021-02-14,3262,226068,2012,124465,1250,101603,0,0,2120,111721,1140,57082,2125,168803,California
Sacramento,2021-02-15,6058,232126,2062,126527,3996,105599,0,0,4206,114089,1841,58923,4209,173012,California
Sacramento,2021-02-16,9327,241453,4238,130765,5089,110688,0,0,5363,115503,3954,62877,5368,178380,California
Sacramento,2021-02-17,8969,250422,5039,135804,3930,114618,0,0,5201,116952,3755,66632,5204,183584,California
Sacramento,2021-02-18,9688,260110,5794,141598,3894,118512,0,0,5761,118802,3915,70547,5765,189349,California
Sacramento,2021-02-19,10159,270269,6216,147814,3943,122455,0,0,5987,120642,4156,74703,5996,195345,California
Sacramento,2021-02-20,8219,278488,5848,153662,2371,124826,0,0,4799,122032,3412,78115,4802,200147,California
Sacramento,2021-02-21,4971,283459,2531,156193,2440,127266,0,0,2902,122873,2061,80176,2902,203049,California
Sacramento,2021-02-22,6546,290005,3974,160167,2572,129838,0,0,2828,122009,3696,83872,2832,205881,California
Sacramento,2021-02-23,7653,297658,4764,164931,2889,132727,0,0,3649,121679,3983,87855,3653,209534,California
Sacramento,2021-02-24,10130,307788,5586,170517,4544,137271,0,0,5456,122492,4651,92506,5464,214998,California
Sacramento,2021-02-25,11540,319328,6604,177121,4936,142207,0,0,6695,124363,4825,97331,6696,221694,California
Sacramento,2021-02-26,14655,333983,6909,184030,7746,149953,0,0,9992,129733,4628,101959,9998,231692,California
Sacramento,2021-02-27,11260,345243,6884,190914,4373,154326,3,3,8346,135199,2883,104842,8349,240041,California
Sacramento,2021-02-28,6663,351906,2349,193263,4314,158640,0,3,3120,134794,3528,108370,3123,243164,California
Sacramento,2021-03-01,8673,360579,3633,196896,5037,163677,3,6,4718,135590,3928,112298,4724,247888,California
Sacramento,2021-03-02,9417,369996,4086,200982,5330,169007,1,7,5772,137742,3624,115922,5776,253664,California
Sacramento,2021-03-03,11212,381208,5117,206099,6091,175098,4,11,6736,140032,4453,120375,6743,260407,California
Sacramento,2021-03-04,13724,394932,6338,212437,7382,182480,4,15,7610,141579,6074,126449,7621,268028,California
Sacramento,2021-03-05,10726,405658,4941,217378,5755,188235,30,45,7122,145158,3574,130023,7153,275181,California
Sacramento,2021-03-06,8182,413840,3143,220521,4915,193150,124,169,4149,145414,4016,134039,4272,279453,California
Sacramento,2021-03-07,8139,421979,2241,222762,5755,198905,143,312,3798,145021,4332,138371,3939,283392,California
Sacramento,2021-03-08,9242,431221,4337,227099,4666,203571,239,551,6002,148037,3223,141594,6239,289631,California
Sacramento,2021-03-09,9781,441002,4587,231686,4900,208471,294,845,5595,149764,4162,145756,5889,295520,California
Sacramento,2021-03-10,11880,452882,7531,239217,3993,212464,356,1201,6942,152170,4896,150652,7302,302822,California
Sacramento,2021-03-11,15233,468115,10113,249330,4288,216752,832,2033,8983,155775,6205,156857,9810,312632,California
Sacramento,2021-03-12,18099,486214,8351,257681,8877,225629,871,2904,8872,156352,9168,166025,9745,322377,California
Sacramento,2021-03-13,13661,499875,3590,261271,9641,235270,430,3334,8449,160025,5201,171226,8874,331251,California
Sacramento,2021-03-14,9482,509357,3482,264753,5364,240634,636,3970,4475,160159,4975,176201,5109,336360,California
Sacramento,2021-03-15,12305,521662,4887,269640,6752,247386,666,4636,7065,162683,5209,181410,7733,344093,California
Sacramento,2021-03-16,14180,535842,6317,275957,7208,254594,655,5291,8657,166504,5482,186892,9303,353396,California
Sacramento,2021-03-17,13890,549732,6682,282639,6576,261170,632,5923,8804,170886,5057,191949,9439,362835,California
Sacramento,2021-03-18,15839,565571,8338,290977,6896,268066,605,6528,10008,175702,5796,197745,10612,373447,California
Sacramento,2021-03-19,15725,581296,8020,298997,6312,274378,1393,7921,7896,177186,7796,205541,9280,382727,California
Sacramento,2021-03-20,13408,594704,7560,306557,5503,279881,345,8266,8499,181152,4877,210418,8843,391570,California
Sacramento,2021-03-21,5857,600561,2780,309337,3038,282919,39,8305,3363,182080,2478,212896,3406,394976,California
Sacramento,2021-03-22,9491,610052,4884,314221,3753,286672,854,9159,6259,185989,3200,216096,7109,402085,California
Sacramento,2021-03-23,11494,621546,6859,321080,3829,290501,806,9965,7352,190049,4096,220192,8156,410241,California
Sacramento,2021-03-24,11963,633509,7298,328378,4033,294534,632,10597,6724,192252,5153,225345,7356,417597,California
Sacramento,2021-03-25,14326,647835,8431,336809,5056,299590,839,11436,8500,195805,5779,231124,9332,426929,California
Sacramento,2021-03-26,18391,666226,8957,345766,8922,308512,512,11948,9138,196279,9177,240301,9651,436580,California
Sacramento,2021-03-27,10210,676436,3588,349354,6330,314842,292,12240,5573,197539,4600,244901,5860,442440,California
Sacramento,2021-03-28,6635,683071,3239,352593,3144,317986,252,12492,2662,196494,3962,248863,2917,445357,California
Sacramento,2021-03-29,11065,694136,5907,358500,4768,322754,390,12882,4951,195751,6084,254947,5341,450698,California
Sacramento,2021-03-30,11970,706106,6110,364610,5442,328196,418,13300,6033,196291,5908,260855,6448,457146,California
Sacramento,2021-03-31,13530,719636,7875,372485,5240,333436,415,13715,5581,194365,7916,268771,5990,463136,California
Sacramento,2021-04-01,17532,737168,10474,382959,6804,340240,254,13969,7345,191830,10137,278908,7602,470738,California
Sacramento,2021-04-02,17242,754410,9733,392692,6765,347005,744,14713,9037,193444,8166,287074,9780,480518,California
Sacramento,2021-04-03,10484,764894,6247,398939,3687,350692,550,15263,6420,196373,4035,291109,6964,487482,California
Sacramento,2021-04-04,3730,768624,1532,400471,1993,352685,205,15468,1448,195746,2276,293385,1649,489131,California
Sacramento,2021-04-05,12114,780738,7573,408044,3698,356383,843,16311,5379,195265,6696,300081,6215,495346,California
Sacramento,2021-04-06,15738,796476,8892,416936,5502,361885,1344,17655,6929,194760,8773,308854,8268,503614,California
Sacramento,2021-04-07,14955,811431,8062,424998,5276,367161,1617,19272,7166,195789,7741,316595,8770,512384,California
Sacramento,2021-04-08,15162,826593,6816,431814,5342,372503,3004,22276,6018,195679,9107,325702,8997,521381,California
Sacramento,2021-04-09,18389,844982,9383,441197,6777,379280,2229,24505,7464,194480,10880,336582,9681,531062,California
Sacramento,2021-04-10,13446,858428,3849,445046,8369,387649,1228,25733,5860,193986,7556,344138,7062,538124,California
Sacramento,2021-04-11,11189,869617,4378,449424,6583,394232,228,25961,3639,190329,7523,351661,3866,541990,California
Sacramento,2021-04-12,13036,882653,5071,454495,6069,400301,1896,27857,4930,189100,8037,359698,6808,548798,California
Sacramento,2021-04-13,16344,898997,9980,464475,6359,406660,5,27862,7577,187953,8733,368431,7586,556384,California
Sacramento,2021-04-14,15068,914065,8018,472493,7048,413708,2,27864,5938,184797,9098,377529,5942,562326,California
Sacramento,2021-04-15,16482,930547,8469,480962,8010,421718,3,27867,6678,181721,9759,387288,6683,569009,California
Sacramento,2021-04-16,17626,948173,9739,490701,7887,429605,0,27867,7975,180099,9599,396887,7977,576986,California
Sacramento,2021-04-17,15886,964059,6192,496893,9694,439299,0,27867,11608,187458,4254,401141,11613,588599,California
Sacramento,2021-04-18,9082,973141,3272,500165,5810,445109,0,27867,3881,186161,5180,406321,3883,592482,California
Sacramento,2021-04-19,10697,983838,5778,505943,4914,450023,5,27872,4736,184968,5936,412257,4743,597225,California
Sacramento,2021-04-20,11575,995413,7143,513086,4428,454451,4,27876,6086,185602,5461,417718,6095,603320,California
Sacramento,2021-04-21,12341,1007754,7387,520473,4952,459403,2,27878,6624,186544,5685,423403,6627,609947,California
Sacramento,2021-04-22,15260,1023014,10270,530743,4985,464388,5,27883,6994,185317,8228,431631,7001,616948,California
Sacramento,2021-04-23,16349,1039363,10351,541094,5998,470386,0,27883,7572,184153,8738,440369,7574,624522,California
Sacramento,2021-04-24,11632,1050995,7011,548105,4620,475006,1,27884,6214,184987,5382,445751,6216,630738,California
Sacramento,2021-04-25,8481,1059476,4483,552588,3998,479004,0,27884,4175,184874,4289,450040,4176,634914,California
Sacramento,2021-04-26,10837,1070313,6833,559421,3980,482984,24,27908,5154,184400,5652,455692,5178,640092,California
Sacramento,2021-04-27,12287,1082600,8088,567509,4044,487028,155,28063,6036,184376,6217,461909,6193,646285,California
Sacramento,2021-04-28,10838,1093438,6163,573672,4470,491498,205,28268,6005,185790,4799,466708,6213,652498,California
Sacramento,2021-04-29,11189,1104627,7595,581267,3290,494788,304,28572,6145,187237,5005,471713,6452,658950,California
Sacramento,2021-04-30,12760,1117387,8083,589350,4413,499201,264,28836,6036,186865,6673,478386,6301,665251,California
Sacramento,2021-05-01,7630,1125017,5482,594832,1973,501174,175,29011,2794,185035,4798,483184,2968,668219,California
Sacramento,2021-05-02,5007,1130024,4309,599141,549,501723,149,29160,2226,184656,2753,485937,2374,670593,California
Sacramento,2021-05-03,9150,1139174,7310,606451,1558,503281,282,29442,3976,183760,5150,491087,4254,674847,California
Sacramento,2021-05-04,9701,1148875,5957,612408,3434,506715,310,29752,3856,182128,5797,496884,4165,679012,California
Sacramento,2021-05-05,11372,1160247,6241,618649,4669,511384,462,30214,4649,180557,6674,503558,5103,684115,California
Sacramento,2021-05-06,11447,1171694,6403,625052,4736,516120,308,30522,4677,179111,6427,509985,4981,689096,California
Sacramento,2021-05-07,10804,1182498,6314,631366,4120,520240,370,30892,4549,177832,6199,516184,4920,694016,California
Sacramento,2021-05-08,9005,1191503,4010,635376,4764,525004,231,31123,2822,174739,6138,522322,3045,697061,California
Sacramento,2021-05-09,3290,1194793,1794,637170,1384,526388,112,31235,1204,173981,2075,524397,1317,698378,California
Sacramento,2021-05-10,8298,1203091,3874,641044,4153,530541,271,31506,2007,170002,6258,530655,2279,700657,California
Sacramento,2021-05-11,8647,1211738,5465,646509,2922,533463,260,31766,3016,167681,5597,536252,3276,703933,California
Sacramento,2021-05-12,8779,1220517,5286,651795,3236,536699,257,32023,2944,165080,5800,542052,3199,707132,California
Sacramento,2021-05-13,12032,1232549,7702,659497,4053,540752,277,32300,4566,162499,7423,549475,4842,711974,California
Sacramento,2021-05-14,12535,1245084,7103,666600,5143,545895,289,32589,5069,160450,7408,556883,5359,717333,California
Sacramento,2021-05-15,13250,1258334,8028,674628,5076,550971,146,32735,5874,159125,7341,564224,6016,723349,California
Sacramento,2021-05-16,8443,1266777,4235,678863,4095,555066,113,32848,2211,155249,6203,570427,2327,725676,California
Sacramento,2021-05-17,10486,1277263,6404,685267,3793,558859,289,33137,3919,152932,6528,576955,4211,729887,California
Sacramento,2021-05-18,9933,1287196,6225,691492,3495,562354,213,33350,3714,150684,6180,583135,3932,733819,California
Sacramento,2021-05-19,9910,1297106,6310,697802,3335,565689,265,33615,4437,149964,5428,588563,4708,738527,California
Sacramento,2021-05-20,10250,1307356,6750,704552,3239,568928,261,33876,3808,147643,6390,594953,4069,742596,California
Sacramento,2021-05-21,10735,1318091,6809,711361,3603,572531,323,34199,4448,146173,6247,601200,4777,747373,California
Sacramento,2021-05-22,7456,1325547,4610,715971,2672,575203,174,34373,3340,145604,4086,605286,3517,750890,California
Sacramento,2021-05-23,4582,1330129,3021,718992,1457,576660,104,34477,1972,145090,2591,607877,2077,752967,California
Sacramento,2021-05-24,7819,1337948,4725,723717,2764,579424,330,34807,2481,142605,5294,613171,2809,755776,California
Sacramento,2021-05-25,6718,1344666,3881,727598,2545,581969,292,35099,2375,140954,4317,617488,2666,758442,California
Sacramento,2021-05-26,8566,1353232,4729,732327,3502,585471,335,35434,2813,138394,5703,623191,3143,761585,California
Sacramento,2021-05-27,6699,1359931,3652,735979,2807,588278,240,35674,2947,137877,3704,626895,3187,764772,California
Sacramento,2021-05-28,8277,1368208,4588,740567,3314,591592,375,36049,3454,136925,4780,631675,3828,768600,California
Sacramento,2021-05-29,4441,1372649,2703,743270,1579,593171,159,36208,2237,137141,2179,633854,2395,770995,California
Sacramento,2021-05-30,1684,1374333,1067,744337,579,593750,38,36246,751,137007,924,634778,790,771785,California
Sacramento,2021-05-31,885,1375218,444,744781,428,594178,13,36259,313,136765,568,635346,326,772111,California
Sacramento,2021-06-01,6977,1382195,4178,748959,2593,596771,206,36465,2532,135098,4402,639748,2735,774846,California
Sacramento,2021-06-02,6098,1388293,3347,752306,2537,599308,214,36679,2263,133779,3794,643542,2475,777321,California
Sacramento,2021-06-03,7464,1395757,5074,757380,2205,601513,185,36864,2142,130820,5282,648824,2323,779644,California
Sacramento,2021-06-04,7089,1402846,4528,761908,2349,603862,212,37076,2209,128393,4848,653672,2421,782065,California
Sacramento,2021-06-05,6219,1409065,4560,766468,1519,605381,140,37216,1755,125852,4437,658109,1896,783961,California
Sacramento,2021-06-06,2423,1411488,1904,768372,460,605841,59,37275,786,125068,1630,659739,846,784807,California
Sacramento,2021-06-07,5583,1417071,3910,772282,1493,607334,180,37455,1555,122799,4001,663740,1732,786539,California
Sacramento,2021-06-08,5411,1422482,3686,775968,1545,608879,180,37635,1715,121029,3667,667407,1897,788436,California
Sacramento,2021-06-09,6194,1428676,4287,780255,1722,610601,185,37820,1630,118332,4511,671918,1814,790250,California
Sacramento,2021-06-10,5423,1434099,3466,783721,1746,612347,211,38031,1650,116471,3722,675640,1861,792111,California
Sacramento,2021-06-11,7561,1441660,5219,788940,2148,614495,194,38225,2048,113232,5479,681119,2240,794351,California
Sacramento,2021-06-12,4727,1446387,3063,792003,1546,616041,118,38343,1278,111199,3430,684549,1397,795748,California
Sacramento,2021-06-13,1935,1448322,1426,793429,465,616506,44,38387,396,110109,1528,686077,438,796186,California
Sacramento,2021-06-14,4326,1452648,2804,796233,1360,617866,162,38549,1353,108668,2954,689031,1513,797699,California
Sacramento,2021-06-15,4926,1457574,2965,799198,1736,619602,225,38774,1719,107421,3190,692221,1943,799642,California
Sacramento,2021-06-16,4487,1462061,3016,802214,1252,620854,219,38993,1555,106281,2906,695127,1766,801408,California
Sacramento,2021-06-17,4074,1466135,2649,804863,1259,622113,166,39159,1400,105200,2642,697769,1561,802969,California
Sacramento,2021-06-18,5133,1471268,3357,808220,1536,623649,240,39399,1746,103824,3361,701130,1985,804954,California
Sacramento,2021-06-19,3349,1474617,2273,810493,931,624580,145,39544,1196,103028,2135,703265,1339,806293,California
Sacramento,2021-06-20,1234,1475851,915,811408,291,624871,28,39572,564,102961,659,703924,592,806885,California
Sacramento,2021-06-21,2526,1478377,1338,812746,1027,625898,161,39733,1239,103085,1274,705198,1398,808283,California
Sacramento,2021-06-22,3906,1482283,2690,815436,1020,626918,196,39929,1537,102469,2344,707542,1728,810011,California
Sacramento,2021-06-23,4080,1486363,2814,818250,1057,627975,209,40138,1522,101659,2537,710079,1727,811738,California
Sacramento,2021-06-24,3476,1489839,2246,820496,1034,629009,196,40334,1387,101171,2070,712149,1582,813320,California
Sacramento,2021-06-25,4190,1494029,2831,823327,1144,630153,215,40549,1690,100593,2480,714629,1902,815222,California
Sacramento,2021-06-26,2844,1496873,2033,825360,688,630841,123,40672,1190,100270,1635,716264,1312,816534,California
Sacramento,2021-06-27,1240,1498113,913,826273,296,631137,31,40703,452,99969,784,717048,483,817017,California
Sacramento,2021-06-28,2630,1500743,1953,828226,536,631673,141,40844,1145,99787,1467,718515,1285,818302,California
Sacramento,2021-06-29,3300,1504043,2197,830423,964,632637,139,40983,1332,99321,1939,720454,1473,819775,California
Sacramento,2021-06-30,3274,1507317,2237,832660,907,633544,130,41113,1546,99289,1709,722163,1677,821452,California
Sacramento,2021-07-01,2855,1510172,1910,834570,786,634330,159,41272,1227,99065,1608,723771,1384,822836,California
Sacramento,2021-07-02,3429,1513601,2289,836859,985,635315,155,41427,1462,98732,1945,725716,1612,824448,California
Sacramento,2021-07-03,1848,1515449,1250,838109,565,635880,33,41460,794,98519,1041,726757,828,825276,California
Sacramento,2021-07-04,156,1515605,62,838171,84,635964,10,41470,66,98505,90,726847,76,825352,California
Sacramento,2021-07-05,1432,1517037,973,839144,424,636388,35,41505,706,98529,717,727564,741,826093,California
Sacramento,2021-07-06,3455,1520492,2439,841583,850,637238,166,41671,1278,97810,2155,729719,1436,827529,California
Sacramento,2021-07-07,3123,1523615,2145,843728,830,638068,148,41819,1307,97463,1796,731515,1449,828978,California
Sacramento,2021-07-08,2713,1526328,1755,845483,790,638858,168,41987,1120,97167,1579,733094,1283,830261,California
Sacramento,2021-07-09,3220,1529548,2069,847552,964,639822,187,42174,1327,96810,1867,734961,1510,831771,California
Sacramento,2021-07-10,1958,1531506,1367,848919,523,640345,68,42242,834,96601,1111,736072,902,832673,California
Sacramento,2021-07-11,570,1532076,354,849273,191,640536,25,42267,253,96565,314,736386,278,832951,California
San Benito,2020-12-16,29,29,29,29,0,0,0,0,29,29,0,0,29,29,California
San Benito,2020-12-17,48,77,48,77,0,0,0,0,48,77,0,0,48,77,California
San Benito,2020-12-18,72,149,72,149,0,0,0,0,72,149,0,0,72,149,California
San Benito,2020-12-19,48,197,48,197,0,0,0,0,48,197,0,0,48,197,California
San Benito,2020-12-20,24,221,24,221,0,0,0,0,24,221,0,0,24,221,California
San Benito,2020-12-21,77,298,77,298,0,0,0,0,77,298,0,0,77,298,California
San Benito,2020-12-22,101,399,101,399,0,0,0,0,101,399,0,0,101,399,California
San Benito,2020-12-23,86,485,74,473,12,12,0,0,86,485,0,0,86,485,California
San Benito,2020-12-24,13,498,5,478,8,20,0,0,13,498,0,0,13,498,California
San Benito,2020-12-25,3,501,3,481,0,20,0,0,3,501,0,0,3,501,California
San Benito,2020-12-26,13,514,4,485,9,29,0,0,13,514,0,0,13,514,California
San Benito,2020-12-27,8,522,7,492,1,30,0,0,8,522,0,0,8,522,California
San Benito,2020-12-28,66,588,36,528,30,60,0,0,66,588,0,0,66,588,California
San Benito,2020-12-29,49,637,21,549,28,88,0,0,49,637,0,0,49,637,California
San Benito,2020-12-30,59,696,37,586,22,110,0,0,59,696,0,0,59,696,California
San Benito,2020-12-31,19,715,2,588,17,127,0,0,19,715,0,0,19,715,California
San Benito,2021-01-02,24,739,23,611,1,128,0,0,24,739,0,0,24,739,California
San Benito,2021-01-03,4,743,2,613,2,130,0,0,3,742,0,0,3,742,California
San Benito,2021-01-04,61,804,23,636,38,168,0,0,61,803,0,0,61,803,California
San Benito,2021-01-05,117,921,37,673,80,248,0,0,114,914,3,3,114,917,California
San Benito,2021-01-06,102,1023,42,715,60,308,0,0,87,986,15,18,87,1004,California
San Benito,2021-01-07,107,1130,68,783,39,347,0,0,55,989,52,70,55,1059,California
San Benito,2021-01-08,180,1310,89,872,91,438,0,0,116,1041,64,134,116,1175,California
San Benito,2021-01-09,44,1354,31,903,13,451,0,0,30,1057,14,148,30,1205,California
San Benito,2021-01-10,17,1371,15,918,2,453,0,0,5,1050,12,160,5,1210,California
San Benito,2021-01-11,173,1544,108,1026,65,518,0,0,72,1021,101,261,72,1282,California
San Benito,2021-01-12,161,1705,57,1083,104,622,0,0,121,1102,40,301,121,1403,California
San Benito,2021-01-13,240,1945,68,1151,172,794,0,0,189,1240,51,352,189,1592,California
San Benito,2021-01-14,132,2077,24,1175,108,902,0,0,113,1334,19,371,113,1705,California
San Benito,2021-01-15,217,2294,20,1195,197,1099,0,0,203,1523,14,385,203,1908,California
San Benito,2021-01-16,25,2319,8,1203,17,1116,0,0,20,1538,5,390,20,1928,California
San Benito,2021-01-17,12,2331,5,1208,7,1123,0,0,9,1544,3,393,9,1937,California
San Benito,2021-01-18,37,2368,23,1231,14,1137,0,0,22,1551,15,408,22,1959,California
San Benito,2021-01-19,187,2555,81,1312,106,1243,0,0,149,1662,38,446,149,2108,California
San Benito,2021-01-20,338,2893,102,1414,236,1479,0,0,292,1909,45,491,292,2400,California
San Benito,2021-01-21,146,3039,33,1447,113,1592,0,0,120,2003,26,517,120,2520,California
San Benito,2021-01-22,236,3275,19,1466,217,1809,0,0,226,2219,10,527,226,2746,California
San Benito,2021-01-23,31,3306,17,1483,14,1823,0,0,13,2214,18,545,13,2759,California
San Benito,2021-01-24,28,3334,3,1486,25,1848,0,0,24,2234,4,549,24,2783,California
San Benito,2021-01-25,71,3405,24,1510,47,1895,0,0,23,2209,48,597,23,2806,California
San Benito,2021-01-26,138,3543,41,1551,97,1992,0,0,86,2243,52,649,86,2892,California
San Benito,2021-01-27,230,3773,69,1620,161,2153,0,0,191,2395,39,688,191,3083,California
San Benito,2021-01-28,151,3924,32,1652,119,2272,0,0,120,2485,30,718,120,3203,California
San Benito,2021-01-29,292,4216,33,1685,259,2531,0,0,267,2728,24,742,267,3470,California
San Benito,2021-01-30,52,4268,33,1718,19,2550,0,0,29,2734,23,765,29,3499,California
San Benito,2021-01-31,16,4284,5,1723,11,2561,0,0,11,2740,5,770,11,3510,California
San Benito,2021-02-01,137,4421,29,1752,108,2669,0,0,93,2789,44,814,93,3603,California
San Benito,2021-02-02,229,4650,49,1801,180,2849,0,0,139,2838,90,904,139,3742,California
San Benito,2021-02-03,341,4991,42,1843,299,3148,0,0,273,3043,68,972,273,4015,California
San Benito,2021-02-04,166,5157,22,1865,144,3292,0,0,119,3115,47,1019,119,4134,California
San Benito,2021-02-05,294,5451,40,1905,254,3546,0,0,231,3283,63,1082,231,4365,California
San Benito,2021-02-06,50,5501,9,1914,41,3587,0,0,33,3299,17,1099,33,4398,California
San Benito,2021-02-07,18,5519,9,1923,9,3596,0,0,16,3313,2,1101,16,4414,California
San Benito,2021-02-08,141,5660,18,1941,123,3719,0,0,95,3362,46,1147,95,4509,California
San Benito,2021-02-09,327,5987,64,2005,263,3982,0,0,195,3425,132,1279,195,4704,California
San Benito,2021-02-10,323,6310,89,2094,234,4216,0,0,106,3315,216,1495,106,4810,California
San Benito,2021-02-11,300,6610,33,2127,267,4483,0,0,201,3417,99,1594,201,5011,California
San Benito,2021-02-12,416,7026,32,2159,384,4867,0,0,209,3420,206,1800,209,5220,California
San Benito,2021-02-13,56,7082,7,2166,49,4916,0,0,44,3452,12,1812,44,5264,California
San Benito,2021-02-14,40,7122,5,2171,35,4951,0,0,30,3472,10,1822,30,5294,California
San Benito,2021-02-15,107,7229,9,2180,98,5049,0,0,96,3557,11,1833,96,5390,California
San Benito,2021-02-16,206,7435,11,2191,195,5244,0,0,101,3554,105,1938,102,5492,California
San Benito,2021-02-17,328,7763,29,2220,299,5543,0,0,278,3782,50,1988,278,5770,California
San Benito,2021-02-18,297,8060,39,2259,258,5801,0,0,74,3633,223,2211,74,5844,California
San Benito,2021-02-19,348,8408,48,2307,300,6101,0,0,182,3649,166,2377,182,6026,California
San Benito,2021-02-20,50,8458,28,2335,22,6123,0,0,38,3675,12,2389,38,6064,California
San Benito,2021-02-21,24,8482,9,2344,15,6138,0,0,15,3681,9,2398,15,6079,California
San Benito,2021-02-22,138,8620,37,2381,101,6239,0,0,101,3746,36,2434,101,6180,California
San Benito,2021-02-23,388,9008,97,2478,291,6530,0,0,269,3896,119,2553,269,6449,California
San Benito,2021-02-24,397,9405,75,2553,322,6852,0,0,251,4001,146,2699,251,6700,California
San Benito,2021-02-25,395,9800,63,2616,332,7184,0,0,273,4150,124,2823,273,6973,California
San Benito,2021-02-26,658,10458,77,2693,581,7765,0,0,408,4308,250,3073,408,7381,California
San Benito,2021-02-27,106,10564,41,2734,65,7830,0,0,87,4376,19,3092,87,7468,California
San Benito,2021-02-28,255,10819,31,2765,224,8054,0,0,243,4607,12,3104,243,7711,California
San Benito,2021-03-01,232,11051,61,2826,171,8225,0,0,161,4696,72,3176,161,7872,California
San Benito,2021-03-02,288,11339,95,2921,193,8418,0,0,216,4840,72,3248,216,8088,California
San Benito,2021-03-03,407,11746,64,2985,343,8761,0,0,228,4891,177,3425,228,8316,California
San Benito,2021-03-04,615,12361,125,3110,475,9236,15,15,427,5133,188,3613,430,8746,California
San Benito,2021-03-05,585,12946,307,3417,266,9502,12,27,376,5314,207,3820,388,9134,California
San Benito,2021-03-06,193,13139,69,3486,110,9612,14,41,140,5415,53,3873,154,9288,California
San Benito,2021-03-07,653,13792,603,4089,21,9633,29,70,615,6021,38,3911,644,9932,California
San Benito,2021-03-08,290,14082,66,4155,177,9810,47,117,167,6112,123,4034,214,10146,California
San Benito,2021-03-09,427,14509,82,4237,243,10053,102,219,137,6035,289,4323,212,10358,California
San Benito,2021-03-10,412,14921,121,4358,195,10248,96,315,239,6197,173,4496,335,10693,California
San Benito,2021-03-11,479,15400,127,4485,199,10447,153,468,213,6297,266,4762,366,11059,California
San Benito,2021-03-12,524,15924,124,4609,303,10750,97,565,232,6337,289,5051,329,11388,California
San Benito,2021-03-13,201,16125,99,4708,84,10834,18,583,127,6411,71,5122,145,11533,California
San Benito,2021-03-14,233,16358,40,4748,173,11007,20,603,180,6559,52,5174,200,11733,California
San Benito,2021-03-15,324,16682,98,4846,207,11214,19,622,191,6636,133,5307,210,11943,California
San Benito,2021-03-16,503,17185,218,5064,254,11468,31,653,355,6874,147,5454,385,12328,California
San Benito,2021-03-17,791,17976,479,5543,290,11758,22,675,559,7220,227,5681,573,12901,California
San Benito,2021-03-18,788,18764,526,6069,207,11965,55,730,573,7626,213,5894,619,13520,California
San Benito,2021-03-19,778,19542,402,6471,352,12317,24,754,573,8017,205,6099,596,14116,California
San Benito,2021-03-20,245,19787,147,6618,85,12402,13,767,184,8153,61,6160,197,14313,California
San Benito,2021-03-21,108,19895,56,6674,47,12449,5,772,80,8210,28,6188,85,14398,California
San Benito,2021-03-22,354,20249,173,6847,156,12605,25,797,222,8325,132,6320,247,14645,California
San Benito,2021-03-23,474,20723,197,7044,267,12872,10,807,204,8268,270,6590,213,14858,California
San Benito,2021-03-24,574,21297,303,7347,264,13136,7,814,348,8399,224,6814,355,15213,California
San Benito,2021-03-25,739,22036,440,7787,295,13431,4,818,436,8540,299,7113,440,15653,California
San Benito,2021-03-26,1017,23053,519,8306,493,13924,5,823,331,8191,685,7798,336,15989,California
San Benito,2021-03-27,338,23391,189,8495,117,14041,32,855,220,8326,117,7915,252,16241,California
San Benito,2021-03-28,734,24125,608,9103,121,14162,5,860,129,7855,605,8520,134,16375,California
San Benito,2021-03-29,345,24470,108,9211,217,14379,20,880,144,7818,200,8720,163,16538,California
San Benito,2021-03-30,581,25051,274,9485,214,14593,93,973,294,7918,287,9007,387,16925,California
San Benito,2021-03-31,595,25646,366,9851,205,14798,24,997,335,8019,258,9265,359,17284,California
San Benito,2021-04-01,956,26602,387,10238,530,15328,39,1036,566,8230,388,9653,599,17883,California
San Benito,2021-04-02,541,27143,262,10500,143,15471,136,1172,264,8354,276,9929,400,18283,California
San Benito,2021-04-03,254,27397,87,10587,103,15574,64,1236,75,8314,178,10107,138,18421,California
San Benito,2021-04-04,144,27541,109,10696,30,15604,5,1241,107,8389,37,10144,112,18533,California
San Benito,2021-04-05,353,27894,169,10865,140,15744,44,1285,142,8363,211,10355,185,18718,California
San Benito,2021-04-06,468,28362,164,11029,127,15871,177,1462,163,8397,305,10660,339,19057,California
San Benito,2021-04-07,942,29304,524,11553,227,16098,191,1653,263,8175,676,11336,454,19511,California
San Benito,2021-04-08,870,30174,437,11990,178,16276,255,1908,229,8019,640,11976,484,19995,California
San Benito,2021-04-09,854,31028,506,12496,256,16532,92,2000,298,7854,555,12531,390,20385,California
San Benito,2021-04-10,339,31367,205,12701,77,16609,57,2057,192,7956,147,12678,249,20634,California
San Benito,2021-04-11,481,31848,274,12975,172,16781,35,2092,271,8030,210,12888,284,20918,California
San Benito,2021-04-12,529,32377,285,13260,132,16913,112,2204,278,8166,250,13138,386,21304,California
San Benito,2021-04-13,761,33138,295,13555,443,17356,23,2227,527,8484,233,13371,551,21855,California
San Benito,2021-04-14,836,33974,656,14211,180,17536,0,2227,394,8443,435,13806,394,22249,California
San Benito,2021-04-15,949,34923,737,14948,211,17747,1,2228,476,8450,471,14277,478,22727,California
San Benito,2021-04-16,714,35637,373,15321,333,18080,8,2236,303,8354,408,14685,312,23039,California
San Benito,2021-04-17,322,35959,226,15547,96,18176,0,2236,130,8290,194,14879,130,23169,California
San Benito,2021-04-18,510,36469,429,15976,81,18257,0,2236,249,8280,261,15140,251,23420,California
San Benito,2021-04-19,747,37216,597,16573,150,18407,0,2236,422,8380,323,15463,423,23843,California
San Benito,2021-04-20,788,38004,419,16992,367,18774,2,2238,495,8588,288,15751,496,24339,California
San Benito,2021-04-21,973,38977,721,17713,252,19026,0,2238,524,8678,434,16185,524,24863,California
San Benito,2021-04-22,907,39884,699,18412,208,19234,0,2238,567,8913,332,16517,567,25430,California
San Benito,2021-04-23,644,40528,409,18821,234,19468,1,2239,342,9002,253,16770,342,25772,California
San Benito,2021-04-24,362,40890,202,19023,160,19628,0,2239,166,9012,156,16926,166,25938,California
San Benito,2021-04-25,203,41093,127,19150,76,19704,0,2239,94,9015,91,17017,94,26032,California
San Benito,2021-04-26,498,41591,395,19545,103,19807,0,2239,260,9098,177,17194,260,26292,California
San Benito,2021-04-27,561,42152,287,19832,267,20074,7,2246,409,9372,142,17336,416,26708,California
San Benito,2021-04-28,557,42709,393,20225,155,20229,9,2255,390,9608,162,17498,398,27106,California
San Benito,2021-04-29,634,43343,234,20459,390,20619,10,2265,254,9510,379,17877,281,27387,California
San Benito,2021-04-30,384,43727,215,20674,162,20781,7,2272,208,9551,174,18051,215,27602,California
San Benito,2021-05-01,195,43922,142,20816,44,20825,9,2281,65,9496,129,18180,74,27676,California
San Benito,2021-05-02,190,44112,160,20976,26,20851,4,2285,58,9426,132,18312,62,27738,California
San Benito,2021-05-03,360,44472,284,21260,66,20917,10,2295,86,9250,274,18586,98,27836,California
San Benito,2021-05-04,417,44889,257,21517,152,21069,8,2303,151,9144,264,18850,158,27994,California
San Benito,2021-05-05,611,45500,432,21949,163,21232,16,2319,217,8987,390,19240,233,28227,California
San Benito,2021-05-06,624,46124,497,22446,112,21344,15,2334,225,8832,395,19635,240,28467,California
San Benito,2021-05-07,454,46578,291,22737,153,21497,10,2344,174,8739,278,19913,185,28652,California
San Benito,2021-05-08,279,46857,228,22965,46,21543,5,2349,155,8775,124,20037,160,28812,California
San Benito,2021-05-09,111,46968,86,23051,22,21565,3,2352,47,8762,63,20100,50,28862,California
San Benito,2021-05-10,411,47379,322,23373,65,21630,24,2376,53,8482,358,20458,78,28940,California
San Benito,2021-05-11,837,48216,425,23798,396,22026,16,2392,191,8046,644,21102,208,29148,California
San Benito,2021-05-12,518,48734,413,24211,92,22118,13,2405,124,7791,393,21495,138,29286,California
San Benito,2021-05-13,739,49473,632,24843,90,22208,17,2422,212,7494,525,22020,228,29514,California
San Benito,2021-05-14,601,50074,445,25288,149,22357,7,2429,231,7364,368,22388,238,29752,California
San Benito,2021-05-15,227,50301,171,25459,50,22407,6,2435,126,7395,101,22489,132,29884,California
San Benito,2021-05-16,173,50474,145,25604,26,22433,2,2437,97,7418,76,22565,99,29983,California
San Benito,2021-05-17,388,50862,312,25916,67,22500,9,2446,177,7396,208,22773,186,30169,California
San Benito,2021-05-18,674,51536,356,26272,313,22813,5,2451,212,7152,462,23235,218,30387,California
San Benito,2021-05-19,571,52107,420,26692,143,22956,8,2459,230,7049,341,23576,238,30625,California
San Benito,2021-05-20,593,52700,470,27162,112,23068,11,2470,315,7098,277,23853,326,30951,California
San Benito,2021-05-21,464,53164,273,27435,175,23243,16,2486,213,7078,249,24102,229,31180,California
San Benito,2021-05-22,298,53462,226,27661,67,23310,5,2491,184,7156,112,24214,190,31370,California
San Benito,2021-05-23,100,53562,62,27723,34,23344,4,2495,37,7133,63,24277,40,31410,California
San Benito,2021-05-24,306,53868,257,27980,42,23386,7,2502,190,7214,116,24393,197,31607,California
San Benito,2021-05-25,527,54395,241,28221,279,23665,7,2509,170,7036,355,24748,177,31784,California
San Benito,2021-05-26,312,54707,196,28417,109,23774,7,2516,125,6981,186,24934,131,31915,California
San Benito,2021-05-27,408,55115,312,28729,73,23847,23,2539,151,6901,257,25191,177,32092,California
San Benito,2021-05-28,287,55402,177,28906,103,23950,7,2546,110,6842,176,25367,117,32209,California
San Benito,2021-05-29,151,55553,129,29035,20,23970,2,2548,66,6825,85,25452,68,32277,California
San Benito,2021-05-30,270,55823,253,29288,17,23987,0,2548,91,6738,178,25630,91,32368,California
San Benito,2021-05-31,100,55923,87,29375,11,23998,2,2550,43,6727,56,25686,45,32413,California
San Benito,2021-06-01,267,56190,121,29496,120,24118,26,2576,86,6658,180,25866,111,32524,California
San Benito,2021-06-02,322,56512,244,29740,76,24194,2,2578,110,6560,211,26077,113,32637,California
San Benito,2021-06-03,341,56853,290,30030,45,24239,6,2584,101,6429,238,26315,107,32744,California
San Benito,2021-06-04,273,57126,206,30236,67,24306,0,2584,87,6331,185,26500,87,32831,California
San Benito,2021-06-05,95,57221,77,30313,17,24323,1,2585,23,6284,71,26571,24,32855,California
San Benito,2021-06-06,59,57280,49,30362,7,24330,3,2588,13,6254,46,26617,16,32871,California
San Benito,2021-06-07,339,57619,299,30661,35,24365,5,2593,85,6092,252,26869,90,32961,California
San Benito,2021-06-08,309,57928,217,30878,77,24442,15,2608,94,5987,214,27083,109,33070,California
San Benito,2021-06-09,241,58169,189,31067,44,24486,8,2616,68,5890,173,27256,76,33146,California
San Benito,2021-06-10,360,58529,332,31399,21,24507,7,2623,74,5687,284,27540,81,33227,California
San Benito,2021-06-11,270,58799,229,31628,21,24528,20,2643,92,5622,177,27717,112,33339,California
San Benito,2021-06-12,160,58959,146,31774,10,24538,4,2647,48,5577,97,27814,52,33391,California
San Benito,2021-06-13,53,59012,41,31815,10,24548,2,2649,16,5565,30,27844,18,33409,California
San Benito,2021-06-14,182,59194,151,31966,26,24574,5,2654,61,5511,119,27963,65,33474,California
San Benito,2021-06-15,222,59416,129,32095,87,24661,6,2660,78,5454,142,28105,85,33559,California
San Benito,2021-06-16,213,59629,170,32265,29,24690,14,2674,72,5400,140,28245,86,33645,California
San Benito,2021-06-17,251,59880,207,32472,17,24707,27,2701,78,5333,173,28418,106,33751,California
San Benito,2021-06-18,160,60040,103,32575,50,24757,7,2708,65,5310,95,28513,72,33823,California
San Benito,2021-06-19,115,60155,109,32684,6,24763,0,2708,49,5293,66,28579,49,33872,California
San Benito,2021-06-20,38,60193,36,32720,2,24765,0,2708,18,5291,20,28599,18,33890,California
San Benito,2021-06-21,113,60306,83,32803,15,24780,15,2723,59,5311,53,28652,73,33963,California
San Benito,2021-06-22,206,60512,125,32928,60,24840,21,2744,75,5276,130,28782,95,34058,California
San Benito,2021-06-23,150,60662,113,33041,27,24867,10,2754,61,5258,89,28871,71,34129,California
San Benito,2021-06-24,191,60853,163,33204,15,24882,13,2767,81,5243,109,28980,94,34223,California
San Benito,2021-06-25,151,61004,120,33324,29,24911,2,2769,64,5223,87,29067,67,34290,California
San Benito,2021-06-26,76,61080,61,33385,14,24925,1,2770,33,5215,42,29109,34,34324,California
San Benito,2021-06-27,58,61138,51,33436,2,24927,5,2775,24,5210,34,29143,29,34353,California
San Benito,2021-06-28,123,61261,100,33536,19,24946,4,2779,51,5193,72,29215,55,34408,California
San Benito,2021-06-29,110,61371,55,33591,43,24989,12,2791,40,5175,70,29285,52,34460,California
San Benito,2021-06-30,136,61507,111,33702,18,25007,7,2798,52,5151,83,29368,59,34519,California
San Benito,2021-07-01,132,61639,103,33805,20,25027,9,2807,53,5133,78,29446,60,34579,California
San Benito,2021-07-02,131,61770,74,33879,45,25072,12,2819,54,5122,77,29523,66,34645,California
San Benito,2021-07-03,98,61868,93,33972,4,25076,1,2820,52,5129,46,29569,53,34698,California
San Benito,2021-07-04,14,61882,13,33985,1,25077,0,2820,6,5127,8,29577,6,34704,California
San Benito,2021-07-05,93,61975,80,34065,12,25089,1,2821,45,5125,48,29625,46,34750,California
San Benito,2021-07-06,119,62094,59,34124,52,25141,8,2829,46,5106,73,29698,54,34804,California
San Benito,2021-07-07,146,62240,108,34232,36,25177,2,2831,51,5066,93,29791,53,34857,California
San Benito,2021-07-08,98,62338,81,34313,13,25190,4,2835,45,5063,52,29843,49,34906,California
San Benito,2021-07-09,79,62417,51,34364,25,25215,3,2838,40,5067,39,29882,43,34949,California
San Benito,2021-07-10,100,62517,93,34457,6,25221,1,2839,41,5050,59,29941,42,34991,California
San Benito,2021-07-11,12,62529,5,34462,7,25228,0,2839,2,5042,10,29951,2,34993,California
San Bernardino,2020-12-15,13,13,13,13,0,0,0,0,13,13,0,0,13,13,California
San Bernardino,2020-12-16,114,127,114,127,0,0,0,0,114,127,0,0,114,127,California
San Bernardino,2020-12-17,2377,2504,2377,2504,0,0,0,0,2377,2504,0,0,2377,2504,California
San Bernardino,2020-12-18,3175,5679,3171,5675,4,4,0,0,3176,5680,0,0,3176,5680,California
San Bernardino,2020-12-19,1077,6756,1076,6751,1,5,0,0,1078,6758,0,0,1078,6758,California
San Bernardino,2020-12-20,1185,7941,1181,7932,4,9,0,0,1185,7943,0,0,1185,7943,California
San Bernardino,2020-12-21,2468,10409,2461,10393,7,16,0,0,2468,10411,0,0,2468,10411,California
San Bernardino,2020-12-22,2279,12688,2150,12543,129,145,0,0,2280,12691,0,0,2280,12691,California
San Bernardino,2020-12-23,2682,15370,1473,14016,1209,1354,0,0,2680,15371,0,0,2680,15371,California
San Bernardino,2020-12-24,1164,16534,584,14600,580,1934,0,0,1165,16535,1,1,1165,16536,California
San Bernardino,2020-12-25,76,16610,15,14615,61,1995,0,0,76,16611,0,1,76,16612,California
San Bernardino,2020-12-26,466,17076,255,14870,211,2206,0,0,466,17077,0,1,466,17078,California
San Bernardino,2020-12-27,351,17427,164,15034,187,2393,0,0,350,17426,1,2,350,17428,California
San Bernardino,2020-12-28,1594,19021,701,15735,893,3286,0,0,1595,19021,0,2,1595,19023,California
San Bernardino,2020-12-29,2260,21281,1048,16783,1212,4498,0,0,2260,21281,0,2,2260,21283,California
San Bernardino,2020-12-30,2933,24214,1462,18245,1471,5969,0,0,2933,24214,0,2,2933,24216,California
San Bernardino,2020-12-31,1386,25600,441,18686,945,6914,0,0,1384,25598,0,2,1384,25600,California
San Bernardino,2021-01-01,258,25858,152,18838,106,7020,0,0,257,25855,0,2,257,25857,California
San Bernardino,2021-01-02,488,26346,345,19183,143,7163,0,0,488,26343,0,2,488,26345,California
San Bernardino,2021-01-03,173,26519,88,19271,85,7248,0,0,173,26516,0,2,173,26518,California
San Bernardino,2021-01-04,2150,28669,1293,20564,857,8105,0,0,2149,28665,0,2,2149,28667,California
San Bernardino,2021-01-05,2350,31019,1464,22028,886,8991,0,0,2236,30789,112,114,2236,30903,California
San Bernardino,2021-01-06,3470,34489,2363,24391,1107,10098,0,0,2969,33264,495,609,2970,33873,California
San Bernardino,2021-01-07,5457,39946,4518,28909,939,11037,0,0,2492,32810,2946,3555,2492,36365,California
San Bernardino,2021-01-08,5404,45350,4472,33381,932,11969,0,0,2301,32013,3099,6654,2302,38667,California
San Bernardino,2021-01-09,1410,46760,1104,34485,306,12275,0,0,908,32419,502,7156,908,39575,California
San Bernardino,2021-01-10,1030,47790,601,35086,429,12704,0,0,578,32545,452,7608,578,40153,California
San Bernardino,2021-01-11,5001,52791,4088,39174,913,13617,0,0,2779,33105,2219,9827,2779,42932,California
San Bernardino,2021-01-12,4258,57049,3233,42407,1025,14642,0,0,2531,33911,1725,11552,2531,45463,California
San Bernardino,2021-01-13,4615,61664,2836,45243,1779,16421,0,0,3384,36077,1219,12771,3385,48848,California
San Bernardino,2021-01-14,4894,66558,2818,48061,2076,18497,0,0,4302,39791,588,13359,4302,53150,California
San Bernardino,2021-01-15,6011,72569,2962,51023,3049,21546,0,0,5610,45013,391,13750,5613,58763,California
San Bernardino,2021-01-16,2274,74843,1290,52313,984,22530,0,0,2130,46999,144,13894,2130,60893,California
San Bernardino,2021-01-17,1190,76033,506,52819,684,23214,0,0,1107,48025,82,13976,1108,62001,California
San Bernardino,2021-01-18,4295,80328,2632,55451,1663,24877,0,0,3664,51060,631,14607,3666,65667,California
San Bernardino,2021-01-19,6367,86695,3446,58897,2921,27798,0,0,5268,55233,1097,15704,5270,70937,California
San Bernardino,2021-01-20,6920,93615,3785,62682,3135,30933,0,0,4949,58223,1961,17665,4951,75888,California
San Bernardino,2021-01-21,6043,99658,3092,65774,2951,33884,0,0,4912,62017,1121,18786,4915,80803,California
San Bernardino,2021-01-22,6618,106276,3056,68830,3562,37446,0,0,5885,67172,731,19517,5886,86689,California
San Bernardino,2021-01-23,3143,109419,1894,70724,1249,38695,0,0,2736,69502,406,19923,2736,89425,California
San Bernardino,2021-01-24,1212,110631,462,71186,750,39445,0,0,1108,70506,104,20027,1108,90533,California
San Bernardino,2021-01-25,6972,117603,3416,74602,3556,43001,0,0,5100,73741,1868,21895,5103,95636,California
San Bernardino,2021-01-26,7204,124807,3547,78149,3657,46658,0,0,5018,76576,2185,24080,5020,100656,California
San Bernardino,2021-01-27,8672,133479,4156,82305,4516,51174,0,0,5788,79489,2875,26955,5788,106444,California
San Bernardino,2021-01-28,8681,142160,4085,86390,4596,55770,0,0,6330,83477,2342,29297,6330,112774,California
San Bernardino,2021-01-29,8235,150395,3746,90136,4489,60259,0,0,6227,87715,1990,31287,6228,119002,California
San Bernardino,2021-01-30,3097,153492,1875,92011,1222,61481,0,0,2802,90224,294,31581,2803,121805,California
San Bernardino,2021-01-31,915,154407,468,92479,447,61928,0,0,856,91022,58,31639,856,122661,California
San Bernardino,2021-02-01,7629,162036,4250,96729,3379,65307,0,0,4940,93279,2684,34323,4941,127602,California
San Bernardino,2021-02-02,10582,172618,3674,100403,6908,72215,0,0,8464,99631,2114,36437,8466,136068,California
San Bernardino,2021-02-03,9083,181701,4137,104540,4946,77161,0,0,6538,103634,2536,38973,6539,142607,California
San Bernardino,2021-02-04,10588,192289,5190,109730,5398,82559,0,0,7443,107944,3134,42107,7444,150051,California
San Bernardino,2021-02-05,11137,203426,5961,115691,5176,87735,0,0,7539,111898,3586,45693,7540,157591,California
San Bernardino,2021-02-06,5292,208718,2217,117908,3075,90810,0,0,3648,113935,1614,47307,3651,161242,California
San Bernardino,2021-02-07,859,209577,499,118407,360,91170,0,0,478,114036,378,47685,479,161721,California
San Bernardino,2021-02-08,7342,216919,3906,122313,3436,94606,0,0,5649,117994,1691,49376,5649,167370,California
San Bernardino,2021-02-09,10182,227101,5633,127946,4549,99155,0,0,6854,121800,3052,52428,6858,174228,California
San Bernardino,2021-02-10,12213,239314,6490,134436,5723,104878,0,0,8045,125690,4156,56584,8046,182274,California
San Bernardino,2021-02-11,12551,251865,7183,141619,5368,110246,0,0,7967,129104,4557,61141,7971,190245,California
San Bernardino,2021-02-12,10625,262490,5956,147575,4669,114915,0,0,5786,130118,4775,65916,5789,196034,California
San Bernardino,2021-02-13,6128,268618,4074,151649,2054,116969,0,0,3840,131693,2270,68186,3845,199879,California
San Bernardino,2021-02-14,1583,270201,669,152318,914,117883,0,0,889,131896,687,68873,890,200769,California
San Bernardino,2021-02-15,5537,275738,3015,155333,2522,120405,0,0,3080,132533,2443,71316,3080,203849,California
San Bernardino,2021-02-16,12765,288503,7456,162789,5309,125714,0,0,8033,135851,4719,76035,8037,211886,California
San Bernardino,2021-02-17,11956,300459,6535,169324,5421,131135,0,0,7195,138312,4739,80774,7200,219086,California
San Bernardino,2021-02-18,12648,313107,7663,176987,4985,136120,0,0,7805,141296,4823,85597,7807,226893,California
San Bernardino,2021-02-19,11832,324939,6058,183045,5774,141894,0,0,6978,143445,4831,90428,6980,233873,California
San Bernardino,2021-02-20,4625,329564,3546,186591,1079,142973,0,0,2074,142981,2541,92969,2077,235950,California
San Bernardino,2021-02-21,1194,330758,717,187308,477,143450,0,0,417,142622,777,93746,418,236368,California
San Bernardino,2021-02-22,9117,339875,5628,192936,3489,146939,0,0,4185,141898,4910,98656,4186,240554,California
San Bernardino,2021-02-23,9825,349700,5954,198890,3871,150810,0,0,4950,142013,4841,103497,4956,245510,California
San Bernardino,2021-02-24,12979,362679,7466,206356,5513,156323,0,0,6313,141692,6640,110137,6319,251829,California
San Bernardino,2021-02-25,13503,376182,6449,212805,7054,163377,0,0,7783,143781,5698,115835,7787,259616,California
San Bernardino,2021-02-26,14002,390184,6532,219337,7470,170847,0,0,7773,145404,6158,121993,7781,267397,California
San Bernardino,2021-02-27,6733,396917,3759,223096,2972,173819,2,2,4829,148348,1891,123884,4835,272232,California
San Bernardino,2021-02-28,1797,398714,755,223851,1042,174861,0,2,1149,148863,636,124520,1151,273383,California
San Bernardino,2021-03-01,8547,407261,4397,228248,4145,179006,5,7,3894,148149,4624,129144,3910,277293,California
San Bernardino,2021-03-02,13973,421234,5526,233774,8447,187453,0,7,6551,147325,7385,136529,6561,283854,California
San Bernardino,2021-03-03,13181,434415,6701,240475,6476,193929,4,11,6209,146600,6947,143476,6222,290076,California
San Bernardino,2021-03-04,14055,448470,6901,247376,7153,201082,1,12,6083,144744,7948,151424,6092,296168,California
San Bernardino,2021-03-05,14561,463031,7531,254907,7028,208110,2,14,7073,144390,7450,158874,7096,303264,California
San Bernardino,2021-03-06,9774,472805,5483,260390,4062,212172,229,243,4555,143971,5199,164073,4780,308044,California
San Bernardino,2021-03-07,1778,474583,1029,261419,617,212789,132,375,1083,144496,692,164765,1217,309261,California
San Bernardino,2021-03-08,8199,482782,3612,265031,4402,217191,185,560,3639,143772,4551,169316,3827,313088,California
San Bernardino,2021-03-09,13162,495944,7526,272557,5379,222570,257,817,5274,141432,7873,177189,5533,318621,California
San Bernardino,2021-03-10,14259,510203,7872,280429,5832,228402,555,1372,6342,140445,7887,185076,6900,325521,California
San Bernardino,2021-03-11,15717,525920,7290,287719,6821,235223,1606,2978,7390,141133,8304,193380,8992,334513,California
San Bernardino,2021-03-12,15652,541572,6975,294694,6623,241846,2054,5032,7337,142288,8279,201659,9434,343947,California
San Bernardino,2021-03-13,8413,549985,4581,299275,3317,245163,515,5547,4966,144339,3432,205091,5483,349430,California
San Bernardino,2021-03-14,3314,553299,1681,300956,1050,246213,583,6130,1836,145285,1468,206559,2414,351844,California
San Bernardino,2021-03-15,11444,564743,5385,306341,4026,250239,2033,8163,5372,146630,6052,212611,7397,359241,California
San Bernardino,2021-03-16,16287,581030,8062,314403,7282,257521,943,9106,9835,150995,6420,219031,10785,370026,California
San Bernardino,2021-03-17,17520,598550,8707,323110,8064,265585,749,9855,10519,155287,6975,226006,11267,381293,California
San Bernardino,2021-03-18,16801,615351,8301,331411,8108,273693,392,10247,9859,158624,6910,232916,10247,391540,California
San Bernardino,2021-03-19,17127,632478,8498,339909,8033,281726,596,10843,9736,161649,7357,240273,10382,401922,California
San Bernardino,2021-03-20,9567,642045,5986,345895,2977,284703,604,11447,5659,164026,3880,244153,6257,408179,California
San Bernardino,2021-03-21,2856,644901,2308,348203,496,285199,52,11499,2277,165792,563,244716,2329,410508,California
San Bernardino,2021-03-22,9744,654645,4601,352804,4707,289906,436,11935,7037,170586,2679,247395,7473,417981,California
San Bernardino,2021-03-23,15708,670353,8898,361702,6189,296095,621,12556,9641,174805,6040,253435,10259,428240,California
San Bernardino,2021-03-24,15239,685592,7835,369537,7096,303191,308,12864,9977,179872,5219,258654,10286,438526,California
San Bernardino,2021-03-25,17142,702734,8392,377929,8442,311633,308,13172,10733,184559,6348,265002,11035,449561,California
San Bernardino,2021-03-26,18386,721120,8714,386643,8903,320536,769,13941,10916,188808,7438,272440,11687,461248,California
San Bernardino,2021-03-27,10900,732020,7031,393674,3113,323649,756,14697,6189,191065,4686,277126,6943,468191,California
San Bernardino,2021-03-28,3653,735673,2564,396238,974,324623,115,14812,2530,192597,1113,278239,2645,470836,California
San Bernardino,2021-03-29,12088,747761,6144,402382,5542,330165,402,15214,7960,196857,4101,282340,8361,479197,California
San Bernardino,2021-03-30,17042,764803,9506,411888,6817,336982,719,15933,10532,201629,6468,288808,11240,490437,California
San Bernardino,2021-03-31,16652,781455,9370,421258,6640,343622,642,16575,10873,207399,5742,294550,11512,501949,California
San Bernardino,2021-04-01,19882,801337,10492,431750,7959,351581,1431,18006,12718,214423,7115,301665,14139,516088,California
San Bernardino,2021-04-02,18938,820275,9537,441287,8109,359690,1292,19298,11403,219658,7501,309166,12736,528824,California
San Bernardino,2021-04-03,11181,831456,6995,448282,3039,362729,1147,20445,6069,221771,5092,314258,7205,536029,California
San Bernardino,2021-04-04,2514,833970,1519,449801,743,363472,252,20697,1258,222034,1246,315504,1509,537538,California
San Bernardino,2021-04-05,11893,845863,5316,455117,4785,368257,1792,22489,6018,223990,5848,321352,7804,545342,California
San Bernardino,2021-04-06,19892,865755,11187,466304,6578,374835,2127,24616,10483,227226,9359,330711,12595,557937,California
San Bernardino,2021-04-07,21231,886986,11409,477713,7320,382155,2502,27118,11534,231584,9662,340373,14020,571957,California
San Bernardino,2021-04-08,22117,909103,11345,489058,8131,390286,2641,29759,12094,236313,9991,350364,14720,586677,California
San Bernardino,2021-04-09,22000,931103,11178,500236,8185,398471,2637,32396,11920,240814,10037,360401,14538,601215,California
San Bernardino,2021-04-10,15749,946852,8153,508389,3869,402340,3727,36123,7818,244436,7906,368307,11528,612743,California
San Bernardino,2021-04-11,4466,951318,2598,510987,898,403238,970,37093,2050,245039,2409,370716,3012,615755,California
San Bernardino,2021-04-12,13545,964863,6258,517245,5614,408852,1673,38766,6415,246019,7103,377819,8083,623838,California
San Bernardino,2021-04-13,19498,984361,11108,528353,8371,417223,19,38785,11188,248952,8277,386096,11210,635048,California
San Bernardino,2021-04-14,19574,1003935,10442,538795,9129,426352,3,38788,11007,251438,8527,394623,11013,646061,California
San Bernardino,2021-04-15,20663,1024598,11538,550333,9119,435471,6,38794,10937,252702,9680,404303,10944,657005,California
San Bernardino,2021-04-16,18937,1043535,10710,561043,8226,443697,1,38795,9262,252341,9625,413928,9264,666269,California
San Bernardino,2021-04-17,12104,1055639,7978,569021,4126,447823,0,38795,6288,252860,5769,419697,6288,672557,California
San Bernardino,2021-04-18,3248,1058887,2317,571338,931,448754,0,38795,1388,252404,1844,421541,1388,673945,California
San Bernardino,2021-04-19,12744,1071631,6809,578147,5935,454689,0,38795,4941,249577,7773,429314,4946,678891,California
San Bernardino,2021-04-20,18302,1089933,10367,588514,7932,462621,3,38798,8279,247873,9988,439302,8284,687175,California
San Bernardino,2021-04-21,19107,1109040,11231,599745,7874,470495,2,38800,8328,245497,10709,450011,8333,695508,California
San Bernardino,2021-04-22,19684,1128724,11408,611153,8272,478767,4,38804,7966,241810,11660,461671,7973,703481,California
San Bernardino,2021-04-23,18952,1147676,10995,622148,7956,486723,1,38805,8177,239272,10718,472389,8180,711661,California
San Bernardino,2021-04-24,12892,1160568,9493,631641,3397,490120,2,38807,6931,240263,5942,478331,6933,718594,California
San Bernardino,2021-04-25,3429,1163997,2241,633882,1188,491308,0,38807,1683,240219,1730,480061,1686,720280,California
San Bernardino,2021-04-26,11389,1175386,6225,640107,5074,496382,90,38897,4840,238645,6505,486566,4931,725211,California
San Bernardino,2021-04-27,16791,1192177,10172,650279,6407,502789,212,39109,6873,235860,9871,496437,7086,732297,California
San Bernardino,2021-04-28,15188,1207365,9166,659445,5744,508533,278,39387,5467,231904,9692,506129,5736,738033,California
San Bernardino,2021-04-29,16625,1223990,9703,669148,6653,515186,269,39656,5576,226737,11009,517138,5842,743875,California
San Bernardino,2021-04-30,16887,1240877,10756,679904,5851,521037,280,39936,6283,222735,10563,527701,6561,750436,California
San Bernardino,2021-05-01,10786,1251663,8429,688333,2043,523080,314,40250,3734,219736,7042,534743,4043,754479,California
San Bernardino,2021-05-02,2957,1254620,2137,690470,688,523768,132,40382,1051,219025,1892,536635,1181,755660,California
San Bernardino,2021-05-03,10079,1264699,5801,696271,3873,527641,405,40787,2904,215171,7164,543799,3310,758970,California
San Bernardino,2021-05-04,16048,1280747,9847,706118,5742,533383,459,41246,4681,208984,11324,555123,5137,764107,California
San Bernardino,2021-05-05,15761,1296508,9213,715331,6135,539518,413,41659,4452,202586,11258,566381,4860,768967,California
San Bernardino,2021-05-06,16085,1312593,9270,724601,6400,545918,415,42074,4401,195763,11637,578018,4814,773781,California
San Bernardino,2021-05-07,15709,1328302,8881,733482,6451,552369,377,42451,4673,189835,10972,588990,5044,778825,California
San Bernardino,2021-05-08,9593,1337895,6437,739919,2889,555258,267,42718,3304,187154,6252,595242,3571,782396,California
San Bernardino,2021-05-09,2079,1339974,1379,741298,609,555867,91,42809,833,186838,1240,596482,924,783320,California
San Bernardino,2021-05-10,7690,1347664,3569,744867,3804,559671,317,43126,2368,184248,5273,601755,2683,786003,California
San Bernardino,2021-05-11,12628,1360292,7089,751956,5178,564849,361,43487,4042,180111,8540,610295,4403,790406,California
San Bernardino,2021-05-12,12848,1373140,7042,758998,5487,570336,319,43806,3657,174946,9139,619434,3974,794380,California
San Bernardino,2021-05-13,13518,1386658,8208,767206,4959,575295,351,44157,5294,172408,8176,627610,5638,800018,California
San Bernardino,2021-05-14,14030,1400688,9389,776595,4302,579597,339,44496,5821,170417,8151,635761,6160,806178,California
San Bernardino,2021-05-15,11448,1412136,8529,785124,2730,582327,189,44685,4660,168505,6755,642516,4843,811021,California
San Bernardino,2021-05-16,3126,1415262,2382,787506,681,583008,63,44748,1561,168584,1545,644061,1624,812645,California
San Bernardino,2021-05-17,10129,1425391,6825,794331,3011,586019,293,45041,4491,167766,5598,649659,4780,817425,California
San Bernardino,2021-05-18,13801,1439192,9164,803495,4389,590408,248,45289,6189,166619,7580,657239,6433,823858,California
San Bernardino,2021-05-19,11583,1450775,7261,810756,3942,594350,380,45669,5221,165893,6322,663561,5596,829454,California
San Bernardino,2021-05-20,11646,1462421,6976,817732,4351,598701,319,45988,5039,164688,6563,670124,5358,834812,California
San Bernardino,2021-05-21,12619,1475040,8355,826087,3882,602583,382,46370,5352,163203,7214,677338,5729,840541,California
San Bernardino,2021-05-22,8950,1483990,6708,832795,2034,604617,208,46578,4288,163079,4616,681954,4492,845033,California
San Bernardino,2021-05-23,2452,1486442,1562,834357,798,605415,92,46670,1139,163009,1300,683254,1230,846263,California
San Bernardino,2021-05-24,6978,1493420,4473,838830,2199,607614,306,46976,3087,162566,3835,687089,3392,849655,California
San Bernardino,2021-05-25,9347,1502767,5733,844563,3357,610971,257,47233,4115,161739,5195,692284,4368,854023,California
San Bernardino,2021-05-26,8243,1511010,5232,849795,2759,613730,252,47485,3745,161277,4452,696736,3990,858013,California
San Bernardino,2021-05-27,7682,1518692,4667,854462,2777,616507,238,47723,3454,160784,4185,700921,3692,861705,California
San Bernardino,2021-05-28,8826,1527518,5487,859949,3061,619568,278,48001,4376,161032,4404,705325,4652,866357,California
San Bernardino,2021-05-29,5083,1532601,3391,863340,1573,621141,119,48120,2579,161243,2486,707811,2697,869054,California
San Bernardino,2021-05-30,1754,1534355,1240,864580,435,621576,79,48199,853,161281,893,708704,931,869985,California
San Bernardino,2021-05-31,898,1535253,571,865151,310,621886,17,48216,320,161046,573,709277,338,870323,California
San Bernardino,2021-06-01,8672,1543925,5575,870726,2851,624737,246,48462,3376,159427,5238,714515,3619,873942,California
San Bernardino,2021-06-02,6863,1550788,4321,875047,2301,627038,241,48703,2891,158617,3938,718453,3128,877070,California
San Bernardino,2021-06-03,8005,1558793,5418,880465,2388,629426,199,48902,2710,156254,5272,723725,2909,879979,California
San Bernardino,2021-06-04,9193,1567986,6229,886694,2672,632098,292,49194,3152,153705,5992,729717,3443,883422,California
San Bernardino,2021-06-05,6567,1574553,5021,891715,1419,633517,127,49321,2252,151785,4296,734013,2376,885798,California
San Bernardino,2021-06-06,2041,1576594,1705,893420,272,633789,64,49385,673,151163,1359,735372,737,886535,California
San Bernardino,2021-06-07,6329,1582923,4924,898344,1191,634980,214,49599,1976,149023,4327,739699,2187,888722,California
San Bernardino,2021-06-08,8458,1591381,6145,904489,2088,637068,225,49824,2611,146076,5777,745476,2830,891552,California
San Bernardino,2021-06-09,7038,1598419,5011,909500,1834,638902,193,50017,2286,143857,4698,750174,2479,894031,California
San Bernardino,2021-06-10,7109,1605528,5021,914521,1884,640786,204,50221,2238,141476,4821,754995,2440,896471,California
San Bernardino,2021-06-11,8088,1613616,5654,920175,2202,642988,232,50453,2922,139508,5120,760115,3152,899623,California
San Bernardino,2021-06-12,5927,1619543,4669,924844,1136,644124,122,50575,1720,137171,4181,764296,1844,901467,California
San Bernardino,2021-06-13,1499,1621042,1064,925908,364,644488,71,50646,405,136556,1090,765386,475,901942,California
San Bernardino,2021-06-14,4938,1625980,3568,929476,1149,645637,221,50867,1808,135482,3101,768487,2027,903969,California
San Bernardino,2021-06-15,7191,1633171,5087,934563,1855,647492,249,51116,2570,133728,4568,773055,2814,906783,California
San Bernardino,2021-06-16,6377,1639548,4548,939111,1607,649099,222,51338,2339,132302,3987,777042,2561,909344,California
San Bernardino,2021-06-17,5705,1645253,4009,943120,1534,650633,162,51500,2227,131250,3441,780483,2389,911733,California
San Bernardino,2021-06-18,6909,1652162,4649,947769,2019,652652,241,51741,2593,129802,4279,784762,2831,914564,California
San Bernardino,2021-06-19,4073,1656235,3045,950814,896,653548,132,51873,1754,129389,2296,787058,1883,916447,California
San Bernardino,2021-06-20,1465,1657700,1126,951940,279,653827,60,51933,585,129160,873,787931,644,917091,California
San Bernardino,2021-06-21,3603,1661303,2335,954275,1038,654865,230,52163,2012,129825,1575,789506,2240,919331,California
San Bernardino,2021-06-22,5696,1666999,3876,958151,1604,656469,216,52379,2278,128932,3389,792895,2496,921827,California
San Bernardino,2021-06-23,5061,1672060,3589,961740,1272,657741,200,52579,2127,128351,2904,795799,2323,924150,California
San Bernardino,2021-06-24,4947,1677007,3441,965181,1295,659036,211,52790,2098,127855,2800,798599,2304,926454,California
San Bernardino,2021-06-25,5851,1682858,4130,969311,1514,660550,207,52997,2546,127328,3276,801875,2749,929203,California
San Bernardino,2021-06-26,3577,1686435,2727,972038,774,661324,76,53073,1662,127171,1894,803769,1737,930940,California
San Bernardino,2021-06-27,1453,1687888,1157,973195,244,661568,52,53125,677,127130,770,804539,729,931669,California
San Bernardino,2021-06-28,3552,1691440,2794,975989,608,662176,150,53275,1707,127192,1794,806333,1856,933525,California
San Bernardino,2021-06-29,5210,1696650,3765,979754,1260,663436,185,53460,2370,126924,2817,809150,2549,936074,California
San Bernardino,2021-06-30,4642,1701292,3277,983031,1192,664628,173,53633,2307,127107,2293,811443,2476,938550,California
San Bernardino,2021-07-01,4168,1705460,2991,986022,1011,665639,166,53799,2060,127246,2087,813530,2226,940776,California
San Bernardino,2021-07-02,5134,1710594,3685,989707,1294,666933,155,53954,2409,127120,2690,816220,2564,943340,California
San Bernardino,2021-07-03,2548,1713142,1921,991628,572,667505,55,54009,1225,127092,1308,817528,1280,944620,California
San Bernardino,2021-07-04,211,1713353,145,991773,62,667567,4,54013,113,127112,97,817625,117,944737,California
San Bernardino,2021-07-05,2288,1715641,1766,993539,470,668037,52,54065,1116,127122,1158,818783,1168,945905,California
San Bernardino,2021-07-06,5115,1720756,3793,997332,1156,669193,166,54231,2222,126639,2871,821654,2388,948293,California
San Bernardino,2021-07-07,4223,1724979,3110,1000442,984,670177,129,54360,1961,126487,2240,823894,2088,950381,California
San Bernardino,2021-07-08,4035,1729014,2941,1003383,943,671120,151,54511,1832,126284,2185,826079,1982,952363,California
San Bernardino,2021-07-09,4659,1733673,3393,1006776,1096,672216,170,54681,2138,126091,2497,828576,2304,954667,California
San Bernardino,2021-07-10,2457,1736130,1933,1008709,427,672643,97,54778,1216,126171,1232,829808,1312,955979,California
San Bernardino,2021-07-11,799,1736929,529,1009238,251,672894,19,54797,367,126129,428,830236,386,956365,California
San Diego,2020-12-15,122,122,122,122,0,0,0,0,122,122,0,0,122,122,California
San Diego,2020-12-16,1079,1201,1079,1201,0,0,0,0,1079,1201,0,0,1079,1201,California
San Diego,2020-12-17,2324,3525,2324,3525,0,0,0,0,2324,3525,0,0,2324,3525,California
San Diego,2020-12-18,3611,7136,3610,7135,1,1,0,0,3611,7136,0,0,3611,7136,California
San Diego,2020-12-19,2268,9404,2268,9403,0,1,0,0,2268,9404,0,0,2268,9404,California
San Diego,2020-12-20,1148,10552,1147,10550,1,2,0,0,1148,10552,0,0,1148,10552,California
San Diego,2020-12-21,3464,14016,3462,14012,2,4,0,0,3464,14016,0,0,3464,14016,California
San Diego,2020-12-22,4021,18037,3384,17396,637,641,0,0,4021,18037,0,0,4021,18037,California
San Diego,2020-12-23,3161,21198,1959,19355,1202,1843,0,0,3161,21198,0,0,3161,21198,California
San Diego,2020-12-24,2705,23903,2190,21545,515,2358,0,0,2705,23903,0,0,2705,23903,California
San Diego,2020-12-25,857,24760,856,22401,1,2359,0,0,857,24760,0,0,857,24760,California
San Diego,2020-12-26,3200,27960,2129,24530,1071,3430,0,0,3200,27960,0,0,3200,27960,California
San Diego,2020-12-27,2482,30442,1596,26126,886,4316,0,0,2481,30440,1,1,2481,30441,California
San Diego,2020-12-28,5833,36275,4156,30282,1677,5993,0,0,5833,36273,0,1,5833,36274,California
San Diego,2020-12-29,5499,41774,2944,33226,2555,8548,0,0,5499,41772,0,1,5499,41773,California
San Diego,2020-12-30,5851,47625,3048,36274,2803,11351,0,0,5851,47623,0,1,5851,47624,California
San Diego,2020-12-31,2971,50596,1031,37305,1940,13291,0,0,2971,50594,0,1,2971,50595,California
San Diego,2021-01-01,993,51589,443,37748,550,13841,0,0,993,51587,0,1,993,51588,California
San Diego,2021-01-02,3668,55257,1288,39036,2380,16221,0,0,3668,55255,0,1,3668,55256,California
San Diego,2021-01-03,833,56090,621,39657,212,16433,0,0,832,56087,0,1,832,56088,California
San Diego,2021-01-04,3651,59741,2022,41679,1629,18062,0,0,3645,59732,0,1,3645,59733,California
San Diego,2021-01-05,4303,64044,2151,43830,2152,20214,0,0,3716,62876,584,585,3728,63461,California
San Diego,2021-01-06,4841,68885,2254,46084,2587,22801,0,0,3640,65340,1180,1765,3644,67105,California
San Diego,2021-01-07,5551,74436,2932,49016,2619,25420,0,0,3437,66677,2109,3874,3446,70551,California
San Diego,2021-01-08,7807,82243,4900,53916,2907,28327,0,0,4071,67045,3720,7594,4088,74639,California
San Diego,2021-01-09,3417,85660,1906,55822,1511,29838,0,0,1894,67437,1513,9107,1905,76544,California
San Diego,2021-01-10,1847,87507,1277,57099,570,30408,0,0,758,67128,1077,10184,768,77312,California
San Diego,2021-01-11,10199,97706,5799,62898,4400,34808,0,0,6708,70370,3484,13668,6726,84038,California
San Diego,2021-01-12,11005,108711,5262,68160,5743,40551,0,0,7660,74804,3336,17004,7770,91808,California
San Diego,2021-01-13,11291,120002,4989,73149,6302,46853,0,0,8774,81099,2506,19510,8801,100609,California
San Diego,2021-01-14,11960,131962,4519,77668,7441,54294,0,0,9835,88849,2118,21628,9868,110477,California
San Diego,2021-01-15,14791,146753,5234,82902,9557,63851,0,0,12189,98513,2584,24212,12248,122725,California
San Diego,2021-01-16,10532,157285,3552,86454,6980,70831,0,0,9099,106215,1429,25641,9131,131856,California
San Diego,2021-01-17,8474,165759,2431,88885,6043,76874,0,0,7648,113056,826,26467,7667,139523,California
San Diego,2021-01-18,12664,178423,6225,95110,6439,83313,0,0,9853,120194,2780,29247,9918,149441,California
San Diego,2021-01-19,14410,192833,5625,100735,8785,92098,0,0,11316,128686,3085,32332,11577,161018,California
San Diego,2021-01-20,18076,210909,6334,107069,11742,103840,0,0,14777,140367,3279,35611,14960,175978,California
San Diego,2021-01-21,17037,227946,5747,112816,11290,115130,0,0,15668,154820,1360,36971,15813,191791,California
San Diego,2021-01-22,17218,245164,4590,117406,12628,127758,0,0,15215,168131,1990,38961,15301,207092,California
San Diego,2021-01-23,14065,259229,5197,122603,8868,136626,0,0,11803,177745,2251,41212,11865,218957,California
San Diego,2021-01-24,11573,270802,3249,125852,8324,144950,0,0,10610,187438,961,42173,10654,229611,California
San Diego,2021-01-25,11987,282789,5670,131522,6317,151267,0,0,9008,193636,2969,45142,9167,238778,California
San Diego,2021-01-26,14968,297757,7819,139341,7149,158416,0,0,11575,202011,3391,48533,11766,250544,California
San Diego,2021-01-27,20167,317924,7838,147179,12329,170745,0,0,17181,216363,2976,51509,17328,267872,California
San Diego,2021-01-28,20913,338837,7593,154772,13320,184065,0,0,18658,232865,2244,53753,18746,286618,California
San Diego,2021-01-29,19219,358056,6306,161078,12913,196978,0,0,16786,247280,2422,56175,16837,303455,California
San Diego,2021-01-30,15428,373484,3502,164580,11926,208904,0,0,12781,257530,2636,58811,12886,316341,California
San Diego,2021-01-31,14484,387968,5687,170267,8797,217701,0,0,14135,271354,345,59156,14169,330510,California
San Diego,2021-02-01,20431,408399,7434,177701,12997,230698,0,0,16938,284889,3480,62636,17015,347525,California
San Diego,2021-02-02,22501,430900,8287,185988,14214,244912,0,0,19264,301090,3226,65862,19427,366952,California
San Diego,2021-02-03,27023,457923,11501,197489,15522,260434,0,0,22795,319861,4207,70069,22978,389930,California
San Diego,2021-02-04,23727,481650,9718,207207,14009,274443,0,0,19180,334786,4532,74601,19457,409387,California
San Diego,2021-02-05,24245,505895,8594,215801,15651,290094,0,0,17829,346679,6392,80993,18285,427672,California
San Diego,2021-02-06,20399,526294,8450,224251,11949,302043,0,0,17187,360878,3209,84202,17408,445080,California
San Diego,2021-02-07,11898,538192,5306,229557,6592,308635,0,0,10053,369350,1833,86035,10305,455385,California
San Diego,2021-02-08,19795,557987,8420,237977,11375,320010,0,0,12428,375102,7353,93388,13105,468490,California
San Diego,2021-02-09,20152,578139,8243,246220,11909,331919,0,0,12970,381968,7161,100549,14027,482517,California
San Diego,2021-02-10,22611,600750,9267,255487,13344,345263,0,0,13633,388028,8928,109477,14988,497505,California
San Diego,2021-02-11,23469,624219,10082,265569,13387,358650,0,0,12554,391353,10891,120368,14216,511721,California
San Diego,2021-02-12,23277,647496,7285,272854,15992,374642,0,0,11548,393439,11711,132079,13797,525518,California
San Diego,2021-02-13,19744,667240,8962,281816,10782,385424,0,0,10743,396355,8994,141073,11910,537428,California
San Diego,2021-02-14,11024,678264,7327,289143,3697,389121,0,0,6134,399094,4886,145959,7625,545053,California
San Diego,2021-02-15,14970,693234,7562,296705,7408,396529,0,0,7584,402354,7363,153322,10623,555676,California
San Diego,2021-02-16,19079,712313,11168,307873,7911,404440,0,0,9055,404332,10010,163332,11988,567664,California
San Diego,2021-02-17,22976,735289,10742,318615,12234,416674,0,0,7848,400058,15113,178445,10839,578503,California
San Diego,2021-02-18,23297,758586,11924,330539,11373,428047,0,0,7643,396082,15642,194087,11666,590169,California
San Diego,2021-02-19,15602,774188,10829,341368,4773,432820,0,0,6363,395159,9218,203305,8295,598464,California
San Diego,2021-02-20,10081,784269,6310,347678,3771,436591,0,0,5627,398197,4452,207757,7490,605954,California
San Diego,2021-02-21,11454,795723,10047,357725,1407,437998,0,0,5027,398293,6421,214178,6517,612471,California
San Diego,2021-02-22,12394,808117,10591,368316,1803,439801,0,0,5585,398694,6802,220980,7203,619674,California
San Diego,2021-02-23,25228,833345,14109,382425,11119,450920,0,0,9227,397744,15991,236971,15041,634715,California
San Diego,2021-02-24,28679,862024,12795,395220,15884,466804,0,0,6626,389667,22032,259003,13955,648670,California
San Diego,2021-02-25,32617,894641,14514,409734,18103,484907,0,0,9800,384959,22796,281799,18088,666758,California
San Diego,2021-02-26,32714,927355,12158,421892,20556,505463,0,0,11670,382629,21010,302809,18680,685438,California
San Diego,2021-02-27,20754,948109,9375,431267,11379,516842,0,0,11099,388258,9649,312458,15278,700716,California
San Diego,2021-02-28,14927,963036,9757,441024,5170,522012,0,0,9259,394574,5666,318124,11982,712698,California
San Diego,2021-03-01,23962,986998,14138,455162,9823,531835,1,1,14515,403522,9368,327492,18316,731014,California
San Diego,2021-03-02,25828,1012826,13899,469061,11929,543764,0,1,12565,409446,13251,340743,19175,750189,California
San Diego,2021-03-03,33554,1046380,15792,484853,17759,561523,3,4,13841,410444,19688,360431,20686,770875,California
San Diego,2021-03-04,27864,1074244,13889,498742,13975,575498,0,4,12397,414038,15445,375876,19039,789914,California
San Diego,2021-03-05,28516,1102760,14679,513421,13758,589256,79,83,13315,418843,15173,391049,19978,809892,California
San Diego,2021-03-06,23067,1125827,9420,522841,12946,602202,701,784,10181,421448,12871,403920,15476,825368,California
San Diego,2021-03-07,18095,1143922,9148,531989,8297,610499,650,1434,6851,421316,11229,415149,11097,836465,California
San Diego,2021-03-08,22745,1166667,11054,543043,10776,621275,915,2349,11284,426841,11437,426586,16962,853427,California
San Diego,2021-03-09,25446,1192113,11712,554755,11977,633252,1757,4106,9961,426949,15469,442055,15577,869004,California
San Diego,2021-03-10,25100,1217213,10514,565269,12193,645445,2393,6499,9928,428093,15156,457211,16300,885304,California
San Diego,2021-03-11,28081,1245294,10795,576064,13761,659206,3525,10024,9773,427003,18285,475496,17195,902499,California
San Diego,2021-03-12,26902,1272196,9414,585478,14378,673584,3110,13134,9820,426476,17069,492565,16542,919041,California
San Diego,2021-03-13,25882,1298078,7197,592675,16927,690511,1758,14892,10008,426464,15869,508434,15857,934898,California
San Diego,2021-03-14,13696,1311774,5413,598088,7549,698060,734,15626,4771,425321,8916,517350,7773,942671,California
San Diego,2021-03-15,21773,1333547,10035,608123,10956,709016,782,16408,8969,425323,12786,530136,12788,955459,California
San Diego,2021-03-16,29558,1363105,15488,623611,13655,722671,415,16823,15613,430391,13921,544057,18989,974448,California
San Diego,2021-03-17,26413,1389518,12151,635762,13545,736216,717,17540,16971,440683,9425,553482,19717,994165,California
San Diego,2021-03-18,31127,1420645,17501,653263,12703,748919,923,18463,16938,445883,14154,567636,19354,1013519,California
San Diego,2021-03-19,30104,1450749,14272,667535,14779,763698,1053,19516,19286,456607,10798,578434,21522,1035041,California
San Diego,2021-03-20,27675,1478424,8415,675950,17486,781184,1774,21290,21329,474458,6333,584767,24184,1059225,California
San Diego,2021-03-21,16278,1494702,11866,687816,3717,784901,695,21985,7654,475511,8609,593376,9662,1068887,California
San Diego,2021-03-22,22405,1517107,13061,700877,9058,793959,286,22271,14269,484695,8121,601497,17305,1086192,California
San Diego,2021-03-23,25719,1542826,13487,714364,11947,805906,285,22556,17026,495352,8679,610176,19336,1105528,California
San Diego,2021-03-24,29296,1572122,19581,733945,9326,815232,389,22945,16986,502452,12297,622473,19397,1124925,California
San Diego,2021-03-25,30146,1602268,18141,752086,11322,826554,683,23628,17896,510902,12229,634702,20679,1145604,California
San Diego,2021-03-26,31841,1634109,17812,769898,13514,840068,515,24143,17383,517167,14432,649134,20697,1166301,California
San Diego,2021-03-27,25373,1659482,11055,780953,13937,854005,381,24524,15615,525671,9738,658872,18242,1184543,California
San Diego,2021-03-28,15257,1674739,9391,790344,5808,859813,58,24582,9304,530740,5947,664819,11016,1195559,California
San Diego,2021-03-29,26598,1701337,12851,803195,13115,872928,632,25214,16365,539952,10222,675041,19434,1214993,California
San Diego,2021-03-30,33060,1734397,17803,820998,14464,887392,793,26007,21880,553284,11164,686205,24496,1239489,California
San Diego,2021-03-31,30319,1764716,18717,839715,10894,898286,708,26715,20562,565921,9738,695943,22375,1261864,California
San Diego,2021-04-01,34135,1798851,19919,859634,12735,911021,1481,28196,23125,580855,10986,706929,25920,1287784,California
San Diego,2021-04-02,35625,1834476,20610,880244,12233,923254,2782,30978,24005,597472,11601,718530,28218,1316002,California
San Diego,2021-04-03,30743,1865219,14420,894664,11708,934962,4615,35593,19592,611740,11136,729666,25404,1341406,California
San Diego,2021-04-04,8997,1874216,5167,899831,2912,937874,918,36511,4775,613393,4216,733882,5869,1347275,California
San Diego,2021-04-05,29690,1903906,15355,915186,11609,949483,2726,39237,19235,627392,10437,744319,24436,1371711,California
San Diego,2021-04-06,38565,1942471,20300,935486,12362,961845,5903,45140,22178,641212,16367,760686,30187,1401898,California
San Diego,2021-04-07,35980,1978451,21872,957358,9558,971403,4550,49690,20244,651504,15709,776395,26001,1427899,California
San Diego,2021-04-08,35008,2013459,21264,978622,9614,981017,4130,53820,21141,665488,13846,790241,27830,1455729,California
San Diego,2021-04-09,38170,2051629,22759,1001381,10222,991239,5189,59009,20599,677058,17505,807746,29075,1484804,California
San Diego,2021-04-10,28984,2080613,11716,1013097,13267,1004506,4001,63010,14928,684953,14045,821791,21940,1506744,California
San Diego,2021-04-11,16151,2096764,9990,1023087,3865,1008371,2296,65306,7138,688379,9009,830800,12435,1519179,California
San Diego,2021-04-12,30635,2127399,12853,1035940,13506,1021877,4276,69582,17002,699699,13617,844417,24937,1544116,California
San Diego,2021-04-13,36917,2164316,17690,1053630,19192,1041069,35,69617,24473,714614,12422,856839,27337,1571453,California
San Diego,2021-04-14,32862,2197178,18830,1072460,14019,1055088,13,69630,17673,721461,15173,872012,22020,1593473,California
San Diego,2021-04-15,39284,2236462,20350,1092810,18925,1074013,9,69639,23760,732595,15499,887511,26633,1620106,California
San Diego,2021-04-16,33587,2270049,18468,1111278,15116,1089129,3,69642,19398,740241,14129,901640,21775,1641881,California
San Diego,2021-04-17,27873,2297922,13538,1124816,14335,1103464,0,69642,12288,740100,15489,917129,15348,1657229,California
San Diego,2021-04-18,14646,2312568,9095,1133911,5548,1109012,3,69645,6770,741982,7863,924992,9745,1666974,California
San Diego,2021-04-19,26581,2339149,13585,1147496,12994,1122006,2,69647,12455,742061,14105,939097,14184,1681158,California
San Diego,2021-04-20,39633,2378782,18404,1165900,21227,1143233,2,69649,20203,745815,19407,958504,23161,1704319,California
San Diego,2021-04-21,36419,2415201,22019,1187919,14400,1157633,0,69649,17524,747789,18853,977357,20827,1725146,California
San Diego,2021-04-22,44949,2460150,23311,1211230,21634,1179267,4,69653,22457,750843,22447,999804,25501,1750647,California
San Diego,2021-04-23,42733,2502883,26533,1237763,16197,1195464,3,69656,15984,743303,26712,1026516,19172,1769819,California
San Diego,2021-04-24,34917,2537800,18906,1256669,15996,1211460,15,69671,15561,742740,19315,1045831,18752,1788571,California
San Diego,2021-04-25,12633,2550433,7672,1264341,4960,1216420,1,69672,5856,743225,6766,1052597,7251,1795822,California
San Diego,2021-04-26,33511,2583944,16809,1281150,16563,1232983,139,69811,11776,737840,21711,1074308,16326,1812148,California
San Diego,2021-04-27,44816,2628760,24685,1305835,19577,1252560,554,70365,19750,736198,25020,1099328,23378,1835526,California
San Diego,2021-04-28,38479,2667239,22825,1328660,14979,1267539,675,71040,17426,735540,21009,1120337,20351,1855877,California
San Diego,2021-04-29,38331,2705570,24469,1353129,13204,1280743,658,71698,15578,730772,22716,1143053,17948,1873825,California
San Diego,2021-04-30,38279,2743849,23247,1376376,13949,1294692,1083,72781,15040,725550,23198,1166251,17976,1891801,California
San Diego,2021-05-01,24224,2768073,10678,1387054,12908,1307600,638,73419,9500,723134,14714,1180965,12298,1904099,California
San Diego,2021-05-02,10617,2778690,7437,1394491,2598,1310198,582,74001,3233,719901,7380,1188345,4147,1908246,California
San Diego,2021-05-03,25213,2803903,12401,1406892,11660,1321858,1152,75153,9257,715194,15933,1204278,11226,1919472,California
San Diego,2021-05-04,32050,2835953,17832,1424724,12940,1334798,1278,76431,11558,708665,20464,1224742,13935,1933407,California
San Diego,2021-05-05,28013,2863966,17250,1441974,9482,1344280,1281,77712,10596,704174,17394,1242136,12903,1946310,California
San Diego,2021-05-06,28540,2892506,18965,1460939,8662,1352942,913,78625,10767,700561,17743,1259879,14130,1960440,California
San Diego,2021-05-07,29739,2922245,19477,1480416,9222,1362164,1040,79665,11021,695157,18682,1278561,13278,1973718,California
San Diego,2021-05-08,23106,2945351,11104,1491520,11259,1373423,743,80408,7254,688769,15824,1294385,9436,1983154,California
San Diego,2021-05-09,7550,2952901,5670,1497190,1466,1374889,414,80822,2577,687214,4967,1299352,3412,1986566,California
San Diego,2021-05-10,21763,2974664,8660,1505850,12284,1387173,819,81641,5871,679323,15861,1315213,7970,1994536,California
San Diego,2021-05-11,28806,3003470,12232,1518082,15757,1402930,817,82458,10102,673290,18672,1333885,12639,2007175,California
San Diego,2021-05-12,23116,3026586,12647,1530729,9592,1412522,877,83335,8319,668857,14763,1348648,10330,2017505,California
San Diego,2021-05-13,31442,3058028,19074,1549803,11730,1424252,638,83973,13032,666769,18351,1366999,16263,2033768,California
San Diego,2021-05-14,30878,3088906,19817,1569620,10224,1434476,837,84810,13994,666850,16839,1383838,16920,2050688,California
San Diego,2021-05-15,26176,3115082,16477,1586097,8877,1443353,822,85632,10821,664166,15296,1399134,12612,2063300,California
San Diego,2021-05-16,13708,3128790,10229,1596326,2917,1446270,562,86194,6743,664912,6953,1406087,7699,2070999,California
San Diego,2021-05-17,21395,3150185,12976,1609302,7675,1453945,744,86938,8843,662859,12513,1418600,10460,2081459,California
San Diego,2021-05-18,34233,3184418,19400,1628702,13970,1467915,863,87801,13269,657497,20932,1439532,15570,2097029,California
San Diego,2021-05-19,28409,3212827,17823,1646525,9806,1477721,780,88581,11961,654960,16416,1455948,13879,2110908,California
San Diego,2021-05-20,34805,3247632,19250,1665775,14735,1492456,820,89401,11660,645886,23113,1479061,14039,2124947,California
San Diego,2021-05-21,27022,3274654,17169,1682944,8865,1501321,988,90389,10842,642821,16147,1495208,13082,2138029,California
San Diego,2021-05-22,21536,3296190,12418,1695362,7868,1509189,1250,91639,8989,641669,12523,1507731,11371,2149400,California
San Diego,2021-05-23,7350,3303540,5249,1700611,1793,1510982,308,91947,3479,641993,3848,1511579,4172,2153572,California
San Diego,2021-05-24,17869,3321409,9142,1709753,6816,1517798,1911,93858,6420,639755,11429,1523008,9191,2162763,California
San Diego,2021-05-25,24333,3345742,13103,1722856,9362,1527160,1868,95726,8459,635405,15845,1538853,11495,2174258,California
San Diego,2021-05-26,19131,3364873,10599,1733455,6522,1533682,2010,97736,6582,632346,12519,1551372,9460,2183718,California
San Diego,2021-05-27,20629,3385502,11958,1745413,6281,1539963,2390,100126,6936,629104,13673,1565045,10431,2194149,California
San Diego,2021-05-28,21258,3406760,13191,1758604,7358,1547321,709,100835,8360,626436,12879,1577924,10211,2204360,California
San Diego,2021-05-29,11993,3418753,7577,1766181,3925,1551246,491,101326,5154,625780,6825,1584749,6169,2210529,California
San Diego,2021-05-30,4672,3423425,3193,1769374,1101,1552347,378,101704,2002,625728,2663,1587412,2611,2213140,California
San Diego,2021-05-31,2584,3426009,1742,1771116,671,1553018,171,101875,847,625142,1730,1589142,1144,2214284,California
San Diego,2021-06-01,21271,3447280,11334,1782450,8308,1561326,1629,103504,5760,617987,15485,1604627,8330,2222614,California
San Diego,2021-06-02,17069,3464349,8814,1791264,6184,1567510,2071,105575,5468,614683,11573,1616200,8269,2230883,California
San Diego,2021-06-03,19207,3483556,12007,1803271,5399,1572909,1801,107376,5169,608682,14017,1630217,8016,2238899,California
San Diego,2021-06-04,19826,3503382,13849,1817120,5359,1578268,618,107994,5727,602859,14068,1644285,8245,2247144,California
San Diego,2021-06-05,15816,3519198,12037,1829157,2997,1581265,782,108776,4481,597788,11320,1655605,6249,2253393,California
San Diego,2021-06-06,5606,3524804,4530,1833687,765,1582030,311,109087,1580,596488,4015,1659620,2715,2256108,California
San Diego,2021-06-07,12796,3537600,8047,1841734,3401,1585431,1348,110435,3538,592890,9240,1668860,5642,2261750,California
San Diego,2021-06-08,20480,3558080,14474,1856208,4119,1589550,1887,112322,4995,585360,15472,1684332,7942,2269692,California
San Diego,2021-06-09,17044,3575124,11353,1867561,3740,1593290,1951,114273,4364,579974,12665,1696997,7279,2276971,California
San Diego,2021-06-10,17881,3593005,11870,1879431,3933,1597223,2078,116351,4364,574016,13491,1710488,7533,2284504,California
San Diego,2021-06-11,15854,3608859,10090,1889521,4413,1601636,1351,117702,4328,569133,11496,1721984,6613,2291117,California
San Diego,2021-06-12,11013,3619872,8445,1897966,2147,1603783,421,118123,3164,565538,7830,1729814,4235,2295352,California
San Diego,2021-06-13,4157,3624029,3107,1901073,845,1604628,205,118328,1002,564000,3149,1732963,1611,2296963,California
San Diego,2021-06-14,12629,3636658,7582,1908655,2856,1607484,2191,120519,3557,561352,9058,1742021,6410,2303373,California
San Diego,2021-06-15,17907,3654565,10268,1918923,4203,1611687,3436,123955,4706,557234,13192,1755213,9074,2312447,California
San Diego,2021-06-16,13961,3668526,8876,1927799,2771,1614458,2314,126269,4456,555308,9492,1764705,7566,2320013,California
San Diego,2021-06-17,14822,3683348,8496,1936295,3488,1617946,2838,129107,4199,552394,10611,1775316,7697,2327710,California
San Diego,2021-06-18,14156,3697504,8753,1945048,3575,1621521,1828,130935,4425,549731,9719,1785035,7056,2334766,California
San Diego,2021-06-19,7552,3705056,5580,1950628,1512,1623033,460,131395,2756,548713,4775,1789810,3757,2338523,California
San Diego,2021-06-20,3106,3708162,2258,1952886,649,1623682,199,131594,1148,548328,1953,1791763,1568,2340091,California
San Diego,2021-06-21,9127,3717289,5152,1958038,2430,1626112,1545,133139,3893,549085,5227,1796990,5984,2346075,California
San Diego,2021-06-22,11297,3728586,7569,1965607,2586,1628698,1142,134281,4438,548515,6852,1803842,6282,2352357,California
San Diego,2021-06-23,10826,3739412,7043,1972650,2337,1631035,1446,135727,4420,548642,6397,1810239,6524,2358881,California
San Diego,2021-06-24,10070,3749482,6539,1979189,2754,1633789,777,136504,4050,548089,6011,1816250,5458,2364339,California
San Diego,2021-06-25,10622,3760104,7390,1986579,2628,1636417,604,137108,4117,546951,6496,1822746,5358,2369697,California
San Diego,2021-06-26,6701,3766805,5252,1991831,1140,1637557,309,137417,2679,546511,4010,1826756,3570,2373267,California
San Diego,2021-06-27,3015,3769820,2308,1994139,500,1638057,207,137624,1332,546614,1680,1828436,1783,2375050,California
San Diego,2021-06-28,7217,3777037,5316,1999455,1385,1639442,516,138140,3377,547161,3835,1832271,4382,2379432,California
San Diego,2021-06-29,8796,3785833,6124,2005579,1995,1641437,677,138817,3653,546959,5129,1837400,4927,2384359,California
San Diego,2021-06-30,8233,3794066,6071,2011650,1641,1643078,521,139338,3572,546979,4647,1842047,4667,2389026,California
San Diego,2021-07-01,7314,3801380,5049,2016699,1867,1644945,398,139736,3174,546967,4129,1846176,4117,2393143,California
San Diego,2021-07-02,7538,3808918,5198,2021897,1925,1646870,415,140151,3199,546805,4319,1850495,4157,2397300,California
San Diego,2021-07-03,4184,3813102,3150,2025047,864,1647734,170,140321,1905,546927,2273,1852768,2395,2399695,California
San Diego,2021-07-04,419,3813521,279,2025326,57,1647791,83,140404,155,546957,264,1853032,294,2399989,California
San Diego,2021-07-05,3983,3817504,2859,2028185,834,1648625,290,140694,1851,547267,2128,1855160,2438,2402427,California
San Diego,2021-07-06,8446,3825950,6265,2034450,1786,1650411,395,141089,3153,546174,5284,1860444,4191,2406618,California
San Diego,2021-07-07,7463,3833413,5533,2039983,1444,1651855,486,141575,3061,545957,4391,1864835,4174,2410792,California
San Diego,2021-07-08,3133,3836546,2426,2042409,382,1652237,325,141900,1341,546302,1787,1866622,2132,2412924,California
San Diego,2021-07-09,1165,3837711,990,2043399,127,1652364,48,141948,564,546739,600,1867222,1037,2413961,California
San Diego,2021-07-10,700,3838411,549,2043948,79,1652443,72,142020,310,546970,388,1867610,619,2414580,California
San Diego,2021-07-11,199,3838610,164,2044112,24,1652467,11,142031,104,547032,95,1867705,157,2414737,California
San Francisco,2020-12-15,6,6,6,6,0,0,0,0,6,6,0,0,6,6,California
San Francisco,2020-12-16,234,240,234,240,0,0,0,0,234,240,0,0,234,240,California
San Francisco,2020-12-17,417,657,417,657,0,0,0,0,417,657,0,0,417,657,California
San Francisco,2020-12-18,904,1561,903,1560,1,1,0,0,904,1561,0,0,904,1561,California
San Francisco,2020-12-19,612,2173,612,2172,0,1,0,0,612,2173,0,0,612,2173,California
San Francisco,2020-12-20,481,2654,481,2653,0,1,0,0,481,2654,0,0,481,2654,California
San Francisco,2020-12-21,1164,3818,1164,3817,0,1,0,0,1164,3818,0,0,1164,3818,California
San Francisco,2020-12-22,1395,5213,1361,5178,34,35,0,0,1395,5213,0,0,1395,5213,California
San Francisco,2020-12-23,1354,6567,1055,6233,299,334,0,0,1354,6567,0,0,1354,6567,California
San Francisco,2020-12-24,844,7411,504,6737,340,674,0,0,844,7411,0,0,844,7411,California
San Francisco,2020-12-25,37,7448,31,6768,6,680,0,0,37,7448,0,0,37,7448,California
San Francisco,2020-12-26,250,7698,154,6922,96,776,0,0,250,7698,0,0,250,7698,California
San Francisco,2020-12-27,274,7972,60,6982,214,990,0,0,274,7972,0,0,274,7972,California
San Francisco,2020-12-28,1279,9251,693,7675,586,1576,0,0,1279,9251,0,0,1279,9251,California
San Francisco,2020-12-29,1263,10514,631,8306,632,2208,0,0,1263,10514,0,0,1263,10514,California
San Francisco,2020-12-30,1487,12001,781,9087,706,2914,0,0,1487,12001,0,0,1487,12001,California
San Francisco,2020-12-31,982,12983,415,9502,567,3481,0,0,981,12982,0,0,981,12982,California
San Francisco,2021-01-01,107,13090,79,9581,28,3509,0,0,107,13089,0,0,107,13089,California
San Francisco,2021-01-02,339,13429,303,9884,36,3545,0,0,339,13428,0,0,339,13428,California
San Francisco,2021-01-03,298,13727,105,9989,193,3738,0,0,297,13724,1,1,297,13725,California
San Francisco,2021-01-04,1846,15573,1358,11347,488,4226,0,0,1843,15564,3,4,1843,15568,California
San Francisco,2021-01-05,2239,17812,1423,12770,816,5042,0,0,2200,17727,39,43,2202,17770,California
San Francisco,2021-01-06,1877,19689,1162,13932,715,5757,0,0,1607,19067,268,311,1608,19378,California
San Francisco,2021-01-07,2081,21770,1214,15146,867,6624,0,0,1604,20197,474,785,1604,20982,California
San Francisco,2021-01-08,2332,24102,1641,16787,691,7315,0,0,1471,20812,856,1641,1471,22453,California
San Francisco,2021-01-09,1400,25502,903,17690,497,7812,0,0,887,21188,513,2154,889,23342,California
San Francisco,2021-01-10,920,26422,541,18231,379,8191,0,0,461,21191,458,2612,461,23803,California
San Francisco,2021-01-11,2513,28935,1868,20099,645,8836,0,0,1408,21494,1106,3718,1409,25212,California
San Francisco,2021-01-12,3096,32031,2061,22160,1035,9871,0,0,1901,22203,1194,4912,1903,27115,California
San Francisco,2021-01-13,2853,34884,1620,23780,1233,11104,0,0,2013,23376,840,5752,2013,29128,California
San Francisco,2021-01-14,2467,37351,1111,24891,1356,12460,0,0,1900,24709,567,6319,1900,31028,California
San Francisco,2021-01-15,2774,40125,1162,26053,1612,14072,0,0,2371,26681,401,6720,2373,33401,California
San Francisco,2021-01-16,2240,42365,937,26990,1303,15375,0,0,2071,28585,169,6889,2073,35474,California
San Francisco,2021-01-17,1939,44304,533,27523,1406,16781,0,0,1719,30085,219,7108,1719,37193,California
San Francisco,2021-01-18,1394,45698,606,28129,788,17569,0,0,1122,30937,271,7379,1123,38316,California
San Francisco,2021-01-19,2599,48297,1481,29610,1118,18687,0,0,1844,32026,755,8134,1844,40160,California
San Francisco,2021-01-20,2839,51136,1192,30802,1647,20334,0,0,2076,33343,760,8894,2077,42237,California
San Francisco,2021-01-21,3447,54583,1038,31840,2409,22743,0,0,2566,35029,880,9774,2566,44803,California
San Francisco,2021-01-22,3252,57835,678,32518,2574,25317,0,0,2804,37387,446,10220,2804,47607,California
San Francisco,2021-01-23,3119,60954,612,33130,2507,27824,0,0,2747,39764,371,10591,2748,50355,California
San Francisco,2021-01-24,2431,63385,363,33493,2068,29892,0,0,2197,41731,230,10821,2197,52552,California
San Francisco,2021-01-25,4646,68031,1836,35329,2810,32702,0,0,3055,43199,1588,12409,3056,55608,California
San Francisco,2021-01-26,4766,72797,2190,37519,2576,35278,0,0,3114,44666,1649,14058,3116,58724,California
San Francisco,2021-01-27,4384,77181,1984,39503,2400,37678,0,0,3075,46434,1307,15365,3075,61799,California
San Francisco,2021-01-28,3802,80983,1577,41080,2225,39903,0,0,2625,47890,1170,16535,2626,64425,California
San Francisco,2021-01-29,4843,85826,1764,42844,3079,42982,0,0,3513,50110,1293,17828,3513,67938,California
San Francisco,2021-01-30,3817,89643,1847,44691,1970,44952,0,0,3354,53006,462,18290,3358,71296,California
San Francisco,2021-01-31,2359,92002,820,45511,1539,46491,0,0,2208,55065,150,18440,2209,73505,California
San Francisco,2021-02-01,4006,96008,1710,47221,2296,48787,0,0,2927,56915,1078,19518,2928,76433,California
San Francisco,2021-02-02,4563,100571,1820,49041,2743,51530,0,0,2952,58262,1605,21123,2952,79385,California
San Francisco,2021-02-03,5123,105694,2403,51444,2720,54250,0,0,3793,60728,1328,22451,3794,83179,California
San Francisco,2021-02-04,5073,110767,2431,53875,2642,56892,0,0,3888,63434,1182,23633,3888,87067,California
San Francisco,2021-02-05,5988,116755,3207,57082,2781,59673,0,0,4626,66701,1360,24993,4627,91694,California
San Francisco,2021-02-06,5474,122229,3646,60728,1828,61501,0,0,4597,70455,846,25839,4600,96294,California
San Francisco,2021-02-07,4373,126602,3217,63945,1156,62657,0,0,3789,73669,579,26418,3793,100087,California
San Francisco,2021-02-08,6773,133375,4658,68603,2115,64772,0,0,5534,77983,1223,27641,5537,105624,California
San Francisco,2021-02-09,5982,139357,4021,72624,1961,66733,0,0,4419,80832,1572,29213,4421,110045,California
San Francisco,2021-02-10,6960,146317,4208,76832,2752,69485,0,0,5080,84041,1875,31088,5084,115129,California
San Francisco,2021-02-11,6778,153095,4014,80846,2764,72249,0,0,4901,87074,1871,32959,4904,120033,California
San Francisco,2021-02-12,5375,158470,2697,83543,2678,74927,0,0,3485,88668,1891,34850,3485,123518,California
San Francisco,2021-02-13,4425,162895,2595,86138,1830,76757,0,0,3067,90380,1358,36208,3070,126588,California
San Francisco,2021-02-14,3456,166351,2267,88405,1189,77946,0,0,2313,91553,1142,37350,2315,128903,California
San Francisco,2021-02-15,2803,169154,1515,89920,1288,79234,0,0,1681,92115,1119,38469,1681,130584,California
San Francisco,2021-02-16,5169,174323,2846,92766,2323,81557,0,0,3012,92984,2150,40619,3019,133603,California
San Francisco,2021-02-17,5399,179722,2655,95421,2744,84301,0,0,2971,93542,2416,43035,2974,136577,California
San Francisco,2021-02-18,5456,185178,2669,98090,2787,87088,0,0,2826,93747,2627,45662,2832,139409,California
San Francisco,2021-02-19,5737,190915,2698,100788,3039,90127,0,0,2976,93973,2751,48413,2977,142386,California
San Francisco,2021-02-20,4658,195573,2253,103041,2405,92532,0,0,1738,92801,2911,51324,1739,144125,California
San Francisco,2021-02-21,2989,198562,1572,104613,1417,93949,0,0,1321,92466,1657,52981,1322,145447,California
San Francisco,2021-02-22,5514,204076,3417,108030,2097,96046,0,0,2746,92457,2758,55739,2749,148196,California
San Francisco,2021-02-23,5939,210015,3361,111391,2578,98624,0,0,3015,92556,2916,58655,3015,151211,California
San Francisco,2021-02-24,9570,219585,5432,116823,4138,102762,0,0,5094,93192,4460,63115,5096,156307,California
San Francisco,2021-02-25,10476,230061,7313,124136,3163,105925,0,0,6701,96125,3770,66885,6703,163010,California
San Francisco,2021-02-26,12729,242790,8274,132410,4455,110380,0,0,7515,98432,5209,72094,7516,170526,California
San Francisco,2021-02-27,9548,252338,6150,138560,3397,113777,1,1,4767,98442,4759,76853,4769,175295,California
San Francisco,2021-02-28,7930,260268,5662,144222,2268,116045,0,1,3878,98277,4044,80897,3879,179174,California
San Francisco,2021-03-01,11422,271690,7699,151921,3717,119762,6,7,5575,98041,5819,86716,5583,184757,California
San Francisco,2021-03-02,10065,281755,6779,158700,3286,123048,0,7,5694,99376,4360,91076,5695,190452,California
San Francisco,2021-03-03,11444,293199,6686,165386,4757,127805,1,8,6287,100525,5142,96218,6291,196743,California
San Francisco,2021-03-04,8839,302038,5540,170926,3299,131104,0,8,4981,101662,3846,100064,4983,201726,California
San Francisco,2021-03-05,9275,311313,5666,176592,3605,134709,4,12,5809,104024,3452,103516,5814,207540,California
San Francisco,2021-03-06,7238,318551,4697,181289,2329,137038,212,224,4541,106062,2707,106223,4745,212285,California
San Francisco,2021-03-07,5547,324098,4238,185527,1154,138192,155,379,3145,106947,2411,108634,3296,215581,California
San Francisco,2021-03-08,7598,331696,5501,191028,1892,140084,205,584,5982,111485,1647,110281,6185,221766,California
San Francisco,2021-03-09,8365,340061,5535,196563,2450,142534,380,964,6095,115679,2274,112555,6468,228234,California
San Francisco,2021-03-10,11306,351367,6614,203177,4188,146722,504,1468,7046,118986,4236,116791,7543,235777,California
San Francisco,2021-03-11,10140,361507,6397,209574,2771,149493,972,2440,6636,123093,3483,120274,7590,243367,California
San Francisco,2021-03-12,10907,372414,6364,215938,3191,152684,1352,3792,6065,125680,4818,125092,7405,250772,California
San Francisco,2021-03-13,6771,379185,3945,219883,1747,154431,1079,4871,4205,128404,2556,127648,5280,256052,California
San Francisco,2021-03-14,7579,386764,4926,224809,2403,156834,250,5121,3953,128996,3606,131254,4198,260250,California
San Francisco,2021-03-15,12141,398905,9282,234091,1914,158748,945,6066,8354,134510,3770,135024,9284,269534,California
San Francisco,2021-03-16,12270,411175,8341,242432,3451,162199,478,6544,8745,140233,3501,138525,9224,278758,California
San Francisco,2021-03-17,13627,424802,8447,250879,4547,166746,633,7177,9656,146579,3938,142463,10284,289042,California
San Francisco,2021-03-18,10298,435100,7048,257927,2621,169367,629,7806,5784,148492,4489,146952,6402,295444,California
San Francisco,2021-03-19,12617,447717,9246,267173,2899,172266,472,8278,6489,149345,6099,153051,6952,302396,California
San Francisco,2021-03-20,8953,456670,6584,273757,1902,174168,467,8745,5172,151237,3748,156799,5640,308036,California
San Francisco,2021-03-21,6702,463372,6140,279897,423,174591,139,8884,3767,152222,2917,159716,3902,311938,California
San Francisco,2021-03-22,10006,473378,6975,286872,2190,176781,841,9725,5142,153352,4841,164557,5971,317909,California
San Francisco,2021-03-23,11407,484785,7595,294467,3159,179940,653,10378,6302,155225,5073,169630,6946,324855,California
San Francisco,2021-03-24,12430,497215,9521,303988,2371,182311,538,10916,6102,155569,6284,175914,6628,331483,California
San Francisco,2021-03-25,12014,509229,8769,312757,2679,184990,566,11482,5755,155710,6182,182096,6323,337806,California
San Francisco,2021-03-26,12061,521290,8353,321110,3475,188465,233,11715,5779,155471,6247,188343,6008,343814,California
San Francisco,2021-03-27,8915,530205,5921,327031,2642,191107,352,12067,3805,154543,5082,193425,4154,347968,California
San Francisco,2021-03-28,6670,536875,5326,332357,1302,192409,42,12109,2950,153839,3694,197119,2990,350958,California
San Francisco,2021-03-29,11661,548536,8022,340379,3453,195862,186,12295,4799,151994,6828,203947,4983,355941,California
San Francisco,2021-03-30,11691,560227,7319,347698,4081,199943,291,12586,5497,151613,6167,210114,5786,361727,California
San Francisco,2021-03-31,12322,572549,8195,355893,3829,203772,298,12884,4909,149436,7377,217491,5200,366927,California
San Francisco,2021-04-01,14042,586591,7434,363327,4900,208672,1708,14592,6037,149182,7961,225452,7707,374634,California
San Francisco,2021-04-02,14905,601496,6576,369903,6430,215102,1899,16491,6948,150069,7932,233384,8819,383453,California
San Francisco,2021-04-03,10615,612111,4925,374828,3862,218964,1828,18319,4811,150901,5783,239167,6615,390068,California
San Francisco,2021-04-04,9052,621163,4801,379629,2592,221556,1659,19978,3584,150678,5449,244616,5226,395294,California
San Francisco,2021-04-05,16149,637312,9847,389476,4407,225963,1895,21873,6304,149040,9814,254430,8176,403470,California
San Francisco,2021-04-06,16162,653474,9543,399019,4547,230510,2072,23945,6285,147529,9846,264276,8335,411805,California
San Francisco,2021-04-07,16905,670379,10056,409075,4605,235115,2244,26189,7004,146876,9875,274151,9222,421027,California
San Francisco,2021-04-08,14242,684621,6773,415848,3034,238149,4435,30624,4650,146357,9551,283702,9032,430059,California
San Francisco,2021-04-09,15889,700510,7684,423532,4841,242990,3364,33988,6634,147104,9218,292920,9965,440024,California
San Francisco,2021-04-10,13372,713882,5713,429245,5903,248893,1756,35744,7118,149734,6224,299144,8854,448878,California
San Francisco,2021-04-11,10075,723957,7543,436788,1351,250244,1181,36925,5205,151252,4854,303998,6372,455250,California
San Francisco,2021-04-12,10675,734632,6925,443713,2590,252834,1160,38085,4892,151533,5758,309756,6039,461289,California
San Francisco,2021-04-13,10862,745494,7363,451076,3485,256319,14,38099,5465,151649,5368,315124,5484,466773,California
San Francisco,2021-04-14,13396,758890,8064,459140,5331,261650,1,38100,6350,150997,7005,322129,6353,473126,California
San Francisco,2021-04-15,13884,772774,9605,468745,4278,265928,1,38101,8064,153282,5785,327914,8070,481196,California
San Francisco,2021-04-16,13055,785829,8760,477505,4251,270179,44,38145,7602,155511,5421,333335,7650,488846,California
San Francisco,2021-04-17,10248,796077,7380,484885,2867,273046,1,38146,7229,159744,3001,336336,7234,496080,California
San Francisco,2021-04-18,6944,803021,5373,490258,1569,274615,2,38148,4306,161437,2617,338953,4310,500390,California
San Francisco,2021-04-19,11122,814143,8308,498566,2809,277424,5,38153,7094,164538,4008,342961,7109,507499,California
San Francisco,2021-04-20,13132,827275,7896,506462,5234,282658,2,38155,8921,169284,4178,347139,8924,516423,California
San Francisco,2021-04-21,11953,839228,8752,515214,3196,285854,5,38160,7234,171838,4690,351829,7244,523667,California
San Francisco,2021-04-22,11117,850345,8278,523492,2838,288692,1,38161,6370,173504,4712,356541,6378,530045,California
San Francisco,2021-04-23,10946,861291,6409,529901,4537,293229,0,38161,6479,175557,4435,360976,6488,536533,California
San Francisco,2021-04-24,7972,869263,5473,535374,2499,295728,0,38161,4714,177044,3236,364212,4723,541256,California
San Francisco,2021-04-25,5044,874307,4338,539712,700,296428,6,38167,2945,177914,2086,366298,2956,544212,California
San Francisco,2021-04-26,8538,882845,6085,545797,2441,298869,12,38179,4257,177948,4251,370549,4285,548497,California
San Francisco,2021-04-27,8982,891827,6108,551905,2704,301573,170,38349,4484,178140,4471,375020,4663,553160,California
San Francisco,2021-04-28,9964,901791,6978,558883,2796,304369,190,38539,5226,178859,4704,379724,5423,558583,California
San Francisco,2021-04-29,9810,911601,5831,564714,3782,308151,197,38736,4820,178931,4958,384682,5030,563613,California
San Francisco,2021-04-30,11335,922936,5613,570327,5518,313669,204,38940,4227,176310,7058,391740,4437,568050,California
San Francisco,2021-05-01,7001,929937,3600,573927,3286,316955,115,39055,1699,172859,5266,397006,1815,569865,California
San Francisco,2021-05-02,5332,935269,3086,577013,2147,319102,99,39154,979,169599,4342,401348,1082,570947,California
San Francisco,2021-05-03,9705,944974,6610,583623,2931,322033,164,39318,2439,164975,7235,408583,2611,573558,California
San Francisco,2021-05-04,9853,954827,6444,590067,3158,325191,251,39569,2386,160185,7432,416015,2642,576200,California
San Francisco,2021-05-05,9265,964092,6568,596635,2385,327576,312,39881,2275,155834,6943,422958,2592,578792,California
San Francisco,2021-05-06,10972,975064,8784,605419,1715,329291,473,40354,1906,149184,9031,431989,2381,581173,California
San Francisco,2021-05-07,10313,985377,6665,612084,3377,332668,271,40625,1681,142530,8606,440595,1952,583125,California
San Francisco,2021-05-08,8912,994289,4056,616140,4726,337394,130,40755,1101,135983,7779,448374,1232,584357,California
San Francisco,2021-05-09,6738,1001027,5846,621986,808,338202,84,40839,1086,131518,5629,454003,1164,585521,California
San Francisco,2021-05-10,7389,1008416,5319,627305,1815,340017,255,41094,1005,126426,6351,460354,1259,586780,California
San Francisco,2021-05-11,8158,1016574,6025,633330,1913,341930,220,41314,1491,121508,6628,466982,1710,588490,California
San Francisco,2021-05-12,8388,1024962,6151,639481,1780,343710,457,41771,1499,116605,6856,473838,1953,590443,California
San Francisco,2021-05-13,11396,1036358,8389,647870,2781,346491,226,41997,4177,113827,7188,481026,4410,594853,California
San Francisco,2021-05-14,9587,1045945,6821,654691,2595,349086,171,42168,2986,110428,6567,487593,3168,598021,California
San Francisco,2021-05-15,8134,1054079,6449,661140,1629,350715,56,42224,3209,108795,4909,492502,3276,601297,California
San Francisco,2021-05-16,5298,1059377,4457,665597,782,351497,59,42283,2019,107617,3257,495759,2079,603376,California
San Francisco,2021-05-17,7412,1066789,5521,671118,1726,353223,165,42448,2379,105151,5013,500772,2547,605923,California
San Francisco,2021-05-18,8762,1075551,5024,676142,3563,356786,175,42623,1826,100264,6888,507660,2001,607924,California
San Francisco,2021-05-19,7498,1083049,5554,681696,1710,358496,234,42857,2151,97328,5319,512979,2383,610307,California
San Francisco,2021-05-20,6144,1089193,4121,685817,1770,360266,253,43110,1492,94454,4614,517593,1740,612047,California
San Francisco,2021-05-21,7195,1096388,4081,689898,2928,363194,186,43296,1576,90640,5571,523164,1757,613804,California
San Francisco,2021-05-22,4838,1101226,3648,693546,1099,364293,91,43387,2209,90330,2609,525773,2299,616103,California
San Francisco,2021-05-23,1944,1103170,1490,695036,379,364672,75,43462,854,90179,1080,526853,929,617032,California
San Francisco,2021-05-24,4226,1107396,3001,698037,1062,365734,163,43625,1233,88611,2966,529819,1398,618430,California
San Francisco,2021-05-25,3701,1111097,2403,700440,1076,366810,222,43847,1029,87205,2652,532471,1246,619676,California
San Francisco,2021-05-26,3972,1115069,2557,702997,1269,368079,146,43993,1057,85518,2890,535361,1203,620879,California
San Francisco,2021-05-27,3727,1118796,2149,705146,1402,369481,176,44169,1166,84311,2548,537909,1341,622220,California
San Francisco,2021-05-28,3781,1122577,2155,707301,1464,370945,162,44331,1315,83352,2435,540344,1476,623696,California
San Francisco,2021-05-29,2039,1124616,1468,708769,469,371414,102,44433,791,83012,1227,541571,887,624583,California
San Francisco,2021-05-30,976,1125592,697,709466,242,371656,37,44470,396,82870,575,542146,433,625016,California
San Francisco,2021-05-31,260,1125852,212,709678,41,371697,7,44477,88,82795,170,542316,95,625111,California
San Francisco,2021-06-01,3586,1129438,2173,711851,1225,372922,188,44665,1064,81540,2504,544820,1249,626360,California
San Francisco,2021-06-02,2470,1131908,1786,713637,561,373483,123,44788,814,80831,1641,546461,932,627292,California
San Francisco,2021-06-03,3968,1135876,2721,716358,1045,374528,202,44990,916,78912,3032,549493,1113,628405,California
San Francisco,2021-06-04,5730,1141606,4858,721216,738,375266,134,45124,1245,75835,4452,553945,1375,629780,California
San Francisco,2021-06-05,3736,1145342,3158,724374,430,375696,148,45272,874,74003,2850,556795,1018,630798,California
San Francisco,2021-06-06,2342,1147684,2191,726565,113,375809,38,45310,393,72491,1943,558738,431,631229,California
San Francisco,2021-06-07,3658,1151342,3029,729594,494,376303,135,45445,871,70727,2768,561506,1004,632233,California
San Francisco,2021-06-08,2832,1154174,2225,731819,441,376744,166,45611,795,69664,2018,563524,955,633188,California
San Francisco,2021-06-09,2322,1156496,1858,733677,327,377071,137,45748,656,68803,1652,565176,791,633979,California
San Francisco,2021-06-10,2502,1158998,1911,735588,401,377472,190,45938,755,68013,1735,566911,945,634924,California
San Francisco,2021-06-11,3157,1162155,2492,738080,500,377972,165,46103,924,66890,2209,569120,1086,636010,California
San Francisco,2021-06-12,3032,1165187,2632,740712,274,378246,126,46229,712,65419,2307,571427,836,636846,California
San Francisco,2021-06-13,922,1166109,801,741513,74,378320,47,46276,219,64987,697,572124,265,637111,California
San Francisco,2021-06-14,2511,1168620,2028,743541,331,378651,152,46428,826,64290,1672,573796,975,638086,California
San Francisco,2021-06-15,1916,1170536,1479,745020,303,378954,134,46562,676,63872,1228,575024,810,638896,California
San Francisco,2021-06-16,1871,1172407,1416,746436,260,379214,195,46757,642,63490,1212,576236,830,639726,California
San Francisco,2021-06-17,1985,1174392,1527,747963,258,379472,200,46957,646,63007,1324,577560,841,640567,California
San Francisco,2021-06-18,2350,1176742,1735,749698,440,379912,175,47132,752,62346,1583,579143,922,641489,California
San Francisco,2021-06-19,1415,1178157,1181,750879,122,380034,112,47244,433,61919,968,580111,541,642030,California
San Francisco,2021-06-20,629,1178786,536,751415,58,380092,35,47279,255,61842,367,580478,290,642320,California
San Francisco,2021-06-21,1165,1179951,865,752280,188,380280,112,47391,603,62004,551,581029,713,643033,California
San Francisco,2021-06-22,1586,1181537,1245,753525,229,380509,112,47503,550,61639,1021,582050,656,643689,California
San Francisco,2021-06-23,1488,1183025,1174,754699,174,380683,140,47643,589,61474,887,582937,722,644411,California
San Francisco,2021-06-24,1539,1184564,1125,755824,245,380928,169,47812,510,61138,1010,583947,674,645085,California
San Francisco,2021-06-25,1822,1186386,1471,757295,249,381177,102,47914,654,60745,1147,585094,754,645839,California
San Francisco,2021-06-26,1406,1187792,1254,758549,67,381244,85,47999,503,60436,893,585987,584,646423,California
San Francisco,2021-06-27,554,1188346,492,759041,34,381278,28,48027,225,60365,323,586310,252,646675,California
San Francisco,2021-06-28,1485,1189831,1278,760319,114,381392,93,48120,529,60042,944,587254,621,647296,California
San Francisco,2021-06-29,1376,1191207,1056,761375,220,381612,100,48220,494,59760,870,588124,588,647884,California
San Francisco,2021-06-30,1293,1192500,1062,762437,164,381776,67,48287,502,59542,786,588910,568,648452,California
San Francisco,2021-07-01,1181,1193681,932,763369,170,381946,79,48366,475,59398,694,589604,550,649002,California
San Francisco,2021-07-02,1510,1195191,1212,764581,228,382174,70,48436,597,59161,903,590507,666,649668,California
San Francisco,2021-07-03,892,1196083,750,765331,70,382244,72,48508,332,59006,556,591063,401,650069,California
San Francisco,2021-07-04,13,1196096,11,765342,1,382245,1,48509,5,59004,8,591071,6,650075,California
San Francisco,2021-07-05,954,1197050,837,766179,73,382318,44,48553,389,58880,555,591626,431,650506,California
San Francisco,2021-07-06,1651,1198701,1368,767547,192,382510,91,48644,525,58385,1106,592732,611,651117,California
San Francisco,2021-07-07,1093,1199794,864,768411,136,382646,93,48737,387,58168,692,593424,475,651592,California
San Francisco,2021-07-08,1097,1200891,849,769260,141,382787,107,48844,400,57986,686,594110,504,652096,California
San Francisco,2021-07-09,1258,1202149,990,770250,185,382972,83,48927,487,57805,749,594859,568,652664,California
San Francisco,2021-07-10,569,1202718,488,770738,44,383016,37,48964,237,57751,322,595181,268,652932,California
San Francisco,2021-07-11,299,1203017,252,770990,29,383045,18,48982,91,57656,203,595384,108,653040,California
San Joaquin,2020-12-15,14,14,14,14,0,0,0,0,14,14,0,0,14,14,California
San Joaquin,2020-12-16,465,479,465,479,0,0,0,0,465,479,0,0,465,479,California
San Joaquin,2020-12-17,374,853,374,853,0,0,0,0,374,853,0,0,374,853,California
San Joaquin,2020-12-18,617,1470,609,1462,8,8,0,0,617,1470,0,0,617,1470,California
San Joaquin,2020-12-19,220,1690,216,1678,4,12,0,0,220,1690,0,0,220,1690,California
San Joaquin,2020-12-20,120,1810,118,1796,2,14,0,0,120,1810,0,0,120,1810,California
San Joaquin,2020-12-21,544,2354,540,2336,4,18,0,0,544,2354,0,0,544,2354,California
San Joaquin,2020-12-22,1000,3354,878,3214,122,140,0,0,999,3353,0,0,999,3353,California
San Joaquin,2020-12-23,991,4345,932,4146,59,199,0,0,989,4342,2,2,991,4344,California
San Joaquin,2020-12-24,223,4568,193,4339,30,229,0,0,222,4564,1,3,223,4567,California
San Joaquin,2020-12-25,18,4586,18,4357,0,229,0,0,18,4582,0,3,18,4585,California
San Joaquin,2020-12-26,103,4689,31,4388,72,301,0,0,103,4685,0,3,103,4688,California
San Joaquin,2020-12-27,46,4735,32,4420,14,315,0,0,46,4731,0,3,46,4734,California
San Joaquin,2020-12-28,631,5366,425,4845,206,521,0,0,631,5362,0,3,631,5365,California
San Joaquin,2020-12-29,802,6168,671,5516,131,652,0,0,801,6162,1,4,801,6166,California
San Joaquin,2020-12-30,1015,7183,722,6238,293,945,0,0,1013,7175,2,6,1015,7181,California
San Joaquin,2020-12-31,461,7644,205,6443,256,1201,0,0,461,7636,1,7,462,7643,California
San Joaquin,2021-01-01,25,7669,14,6457,11,1212,0,0,25,7661,0,7,25,7668,California
San Joaquin,2021-01-02,269,7938,245,6702,24,1236,0,0,269,7930,0,7,269,7937,California
San Joaquin,2021-01-03,38,7976,21,6723,17,1253,0,0,37,7966,1,8,37,7974,California
San Joaquin,2021-01-04,495,8471,353,7076,142,1395,0,0,493,8458,1,9,493,8467,California
San Joaquin,2021-01-05,1075,9546,710,7786,365,1760,0,0,829,9081,244,253,867,9334,California
San Joaquin,2021-01-06,1309,10855,785,8571,524,2284,0,0,942,9667,360,613,946,10280,California
San Joaquin,2021-01-07,1163,12018,759,9330,404,2688,0,0,800,10110,357,970,800,11080,California
San Joaquin,2021-01-08,1322,13340,923,10253,399,3087,0,0,744,10287,574,1544,751,11831,California
San Joaquin,2021-01-09,385,13725,302,10555,83,3170,0,0,251,10406,134,1678,253,12084,California
San Joaquin,2021-01-10,226,13951,117,10672,109,3279,0,0,172,10525,53,1731,172,12256,California
San Joaquin,2021-01-11,1569,15520,1340,12012,229,3508,0,0,883,10793,683,2414,951,13207,California
San Joaquin,2021-01-12,1668,17188,1169,13181,499,4007,0,0,826,10857,834,3248,898,14105,California
San Joaquin,2021-01-13,1594,18782,908,14089,686,4693,0,0,1005,11284,583,3831,1010,15115,California
San Joaquin,2021-01-14,1942,20724,992,15081,950,5643,0,0,1581,12549,335,4166,1600,16715,California
San Joaquin,2021-01-15,1652,22376,553,15634,1099,6742,0,0,1404,13747,231,4397,1429,18144,California
San Joaquin,2021-01-16,1137,23513,181,15815,956,7698,0,0,1105,14821,31,4428,1105,19249,California
San Joaquin,2021-01-17,1634,25147,140,15955,1494,9192,0,0,1588,16366,46,4474,1591,20840,California
San Joaquin,2021-01-18,748,25895,242,16197,506,9698,0,0,626,16874,118,4592,626,21466,California
San Joaquin,2021-01-19,1989,27884,898,17095,1091,10789,0,0,1299,17498,683,5275,1307,22773,California
San Joaquin,2021-01-20,2225,30109,1292,18387,933,11722,0,0,1566,18421,651,5926,1574,24347,California
San Joaquin,2021-01-21,2118,32227,903,19290,1215,12937,0,0,1719,19757,392,6318,1728,26075,California
San Joaquin,2021-01-22,2101,34328,914,20204,1187,14124,0,0,1939,21541,157,6475,1941,28016,California
San Joaquin,2021-01-23,907,35235,393,20597,514,14638,0,0,616,21871,288,6763,618,28634,California
San Joaquin,2021-01-24,369,35604,138,20735,231,14869,0,0,346,22197,20,6783,346,28980,California
San Joaquin,2021-01-25,2118,37722,1170,21905,948,15817,0,0,1524,23136,589,7372,1528,30508,California
San Joaquin,2021-01-26,2346,40068,1112,23017,1234,17051,0,0,1711,24232,623,7995,1719,32227,California
San Joaquin,2021-01-27,1826,41894,770,23787,1056,18107,0,0,1312,25042,508,8503,1318,33545,California
San Joaquin,2021-01-28,2231,44125,783,24570,1448,19555,0,0,1545,25918,679,9182,1555,35100,California
San Joaquin,2021-01-29,2311,46436,1053,25623,1258,20813,0,0,1939,27503,364,9546,1949,37049,California
San Joaquin,2021-01-30,2186,48622,355,25978,1831,22644,0,0,2002,29324,183,9729,2004,39053,California
San Joaquin,2021-01-31,1553,50175,173,26151,1380,24024,0,0,1482,30739,69,9798,1484,40537,California
San Joaquin,2021-02-01,2519,52694,1282,27433,1237,25261,0,0,1746,31715,772,10570,1748,42285,California
San Joaquin,2021-02-02,2670,55364,1178,28611,1492,26753,0,0,2048,33208,559,11129,2052,44337,California
San Joaquin,2021-02-03,3145,58509,1232,29843,1913,28666,0,0,2260,34601,877,12006,2270,46607,California
San Joaquin,2021-02-04,3584,62093,1793,31636,1791,30457,0,0,2669,36369,909,12915,2677,49284,California
San Joaquin,2021-02-05,3284,65377,1796,33432,1488,31945,0,0,2409,37945,847,13762,2423,51707,California
San Joaquin,2021-02-06,1073,66450,720,34152,353,32298,0,0,923,38722,147,13909,924,52631,California
San Joaquin,2021-02-07,624,67074,494,34646,130,32428,0,0,416,38937,202,14111,417,53048,California
San Joaquin,2021-02-08,1927,69001,1048,35694,879,33307,0,0,1551,40151,344,14455,1558,54606,California
San Joaquin,2021-02-09,2289,71290,1151,36845,1138,34445,0,0,1664,41273,545,15000,1667,56273,California
San Joaquin,2021-02-10,2775,74065,1265,38110,1510,35955,0,0,1456,41450,1281,16281,1458,57731,California
San Joaquin,2021-02-11,3056,77121,1475,39585,1581,37536,0,0,1734,41929,1262,17543,1741,59472,California
San Joaquin,2021-02-12,2987,80108,1142,40727,1845,39381,0,0,1649,42284,1298,18841,1653,61125,California
San Joaquin,2021-02-13,2145,82253,411,41138,1734,41115,0,0,867,41896,1261,20102,873,61998,California
San Joaquin,2021-02-14,1921,84174,264,41402,1657,42772,0,0,700,41409,1188,21290,701,62699,California
San Joaquin,2021-02-15,2089,86263,843,42245,1246,44018,0,0,1253,41872,794,22084,1257,63956,California
San Joaquin,2021-02-16,3355,89618,1406,43651,1949,45967,0,0,1855,42258,1479,23563,1865,65821,California
San Joaquin,2021-02-17,3583,93201,1301,44952,2282,48249,0,0,1975,42675,1562,25125,1979,67800,California
San Joaquin,2021-02-18,3555,96756,1408,46360,2147,50396,0,0,1971,43128,1524,26649,1977,69777,California
San Joaquin,2021-02-19,4401,101157,2445,48805,1956,52352,0,0,2426,43656,1899,28548,2427,72204,California
San Joaquin,2021-02-20,1612,102769,696,49501,916,53268,0,0,1079,44206,529,29077,1079,73283,California
San Joaquin,2021-02-21,706,103475,526,50027,180,53448,0,0,431,44368,271,29348,433,73716,California
San Joaquin,2021-02-22,3805,107280,2596,52623,1209,54657,0,0,2621,45856,1137,30485,2625,76341,California
San Joaquin,2021-02-23,4635,111915,2679,55302,1956,56613,0,0,2745,46792,1815,32300,2751,79092,California
San Joaquin,2021-02-24,5970,117885,3490,58792,2480,59093,0,0,4200,49278,1718,34018,4204,83296,California
San Joaquin,2021-02-25,6773,124658,4037,62829,2736,61829,0,0,4190,50982,2498,36516,4202,87498,California
San Joaquin,2021-02-26,5671,130329,2903,65732,2768,64597,0,0,3820,53013,1795,38311,3826,91324,California
San Joaquin,2021-02-27,5523,135852,1646,67378,3876,68473,1,1,2664,52896,2792,41103,2675,93999,California
San Joaquin,2021-02-28,3131,138983,1132,68510,1999,70472,0,1,2063,53928,1034,42137,2066,96065,California
San Joaquin,2021-03-01,4542,143525,1853,70363,2686,73158,3,4,2450,54356,2035,44172,2463,98528,California
San Joaquin,2021-03-02,4429,147954,1710,72073,2719,75877,0,4,2779,55576,1612,45784,2832,101360,California
San Joaquin,2021-03-03,6047,154001,3488,75561,2557,78434,2,6,4353,58279,1651,47435,4354,105714,California
San Joaquin,2021-03-04,5898,159899,2299,77860,3596,82030,3,9,3861,60138,2007,49442,3866,109580,California
San Joaquin,2021-03-05,4787,164686,1917,79777,2865,84895,5,14,3287,61989,1445,50887,3296,112876,California
San Joaquin,2021-03-06,3345,168031,2199,81976,1016,85911,130,144,2743,64273,592,51479,2876,115752,California
San Joaquin,2021-03-07,1310,169341,573,82549,635,86546,102,246,961,64989,331,51810,1047,116799,California
San Joaquin,2021-03-08,3317,172658,1292,83841,1890,88436,135,381,2149,66133,1140,52950,2284,119083,California
San Joaquin,2021-03-09,4355,177013,1879,85720,2346,90782,130,511,2758,67483,1544,54494,2894,121977,California
San Joaquin,2021-03-10,5022,182035,2543,88263,2336,93118,143,654,3508,69647,1487,55981,3651,125628,California
San Joaquin,2021-03-11,5329,187364,2476,90739,2248,95366,605,1259,3009,70965,2296,58277,3614,129242,California
San Joaquin,2021-03-12,6683,194047,3243,93982,3101,98467,339,1598,4206,73075,2439,60716,4549,133791,California
San Joaquin,2021-03-13,3254,197301,1520,95502,1608,100075,126,1724,2323,74615,918,61634,2458,136249,California
San Joaquin,2021-03-14,2182,199483,679,96181,1197,101272,306,2030,1028,74806,1147,62781,1338,137587,California
San Joaquin,2021-03-15,6182,205665,3526,99707,2248,103520,408,2438,3188,75470,2947,65728,3611,141198,California
San Joaquin,2021-03-16,7041,212706,3947,103654,2838,106358,256,2694,4103,76940,2896,68624,4366,145564,California
San Joaquin,2021-03-17,8041,220747,4748,108402,3222,109580,71,2765,4395,77835,3576,72200,4471,150035,California
San Joaquin,2021-03-18,7816,228563,4552,112954,2756,112336,508,3273,3851,78301,3898,76098,4364,154399,California
San Joaquin,2021-03-19,8126,236689,4703,117657,2878,115214,545,3818,4875,80562,3216,79314,5477,159876,California
San Joaquin,2021-03-20,3722,240411,2153,119810,1326,116540,243,4061,1831,80783,1867,81181,2088,161964,California
San Joaquin,2021-03-21,2140,242551,1516,121326,417,116957,207,4268,1154,81251,963,82144,1431,163395,California
San Joaquin,2021-03-22,4203,246754,2101,123427,1686,118643,416,4684,2476,82455,1692,83836,2896,166291,California
San Joaquin,2021-03-23,5537,252291,2705,126132,2664,121307,168,4852,3814,84756,1688,85524,3989,170280,California
San Joaquin,2021-03-24,7038,259329,4298,130430,2649,123956,91,4943,3099,84080,3872,89396,3196,173476,California
San Joaquin,2021-03-25,5783,265112,3374,133804,2363,126319,46,4989,3420,85230,2319,91715,3469,176945,California
San Joaquin,2021-03-26,6507,271619,2616,136420,3737,130056,154,5143,3346,85668,3084,94799,3522,180467,California
San Joaquin,2021-03-27,4701,276320,2643,139063,1983,132039,75,5218,1807,84695,2864,97663,1891,182358,California
San Joaquin,2021-03-28,2760,279080,1836,140899,899,132938,25,5243,1270,84630,1468,99131,1403,183761,California
San Joaquin,2021-03-29,4193,283273,2203,143102,1966,134904,24,5267,2118,84743,2045,101176,2158,185919,California
San Joaquin,2021-03-30,6448,289721,3200,146302,3155,138059,93,5360,3533,85524,2863,104039,3644,189563,California
San Joaquin,2021-03-31,6874,296595,4205,150507,2608,140667,61,5421,3487,85753,3343,107382,3572,193135,California
San Joaquin,2021-04-01,6682,303277,3028,153535,3561,144228,93,5514,2959,85187,3676,111058,3110,196245,California
San Joaquin,2021-04-02,6562,309839,2903,156438,3160,147388,499,6013,2599,84404,3913,114971,3130,199375,California
San Joaquin,2021-04-03,4228,314067,2408,158846,1495,148883,325,6338,2022,84578,2185,117156,2359,201734,California
San Joaquin,2021-04-04,2304,316371,1375,160221,723,149606,206,6544,1543,85599,748,117904,1769,203503,California
San Joaquin,2021-04-05,4992,321363,2868,163089,1884,151490,240,6784,2719,86333,2232,120136,2966,206469,California
San Joaquin,2021-04-06,7366,328729,4580,167669,2506,153996,280,7064,3454,86234,3844,123980,3745,210214,California
San Joaquin,2021-04-07,8516,337245,4596,172265,2328,156324,1592,8656,3580,86514,4900,128880,5180,215394,California
San Joaquin,2021-04-08,8973,346218,4774,177039,2032,158356,2167,10823,3388,86525,5543,134423,5554,220948,California
San Joaquin,2021-04-09,9167,355385,4415,181454,3182,161538,1570,12393,3358,85694,5771,140194,4940,225888,California
San Joaquin,2021-04-10,5269,360654,1667,183121,1690,163228,1912,14305,1789,85929,3463,143657,3698,229586,California
San Joaquin,2021-04-11,4318,364972,1785,184906,1367,164595,1166,15471,1990,86765,2314,145971,3150,232736,California
San Joaquin,2021-04-12,6232,371204,2522,187428,2156,166751,1554,17025,2449,87021,3750,149721,4006,236742,California
San Joaquin,2021-04-13,7724,378928,4419,191847,3296,170047,9,17034,4691,88732,2996,152717,4707,241449,California
San Joaquin,2021-04-14,7763,386691,3936,195783,3825,173872,2,17036,4661,90333,3073,155790,4674,246123,California
San Joaquin,2021-04-15,8049,394740,4777,200560,3272,177144,0,17036,4434,91211,3564,159354,4442,250565,California
San Joaquin,2021-04-16,7931,402671,4302,204862,3626,180770,3,17039,4764,92860,3131,162485,4780,255345,California
San Joaquin,2021-04-17,5216,407887,2837,207699,2377,183147,2,17041,3693,95064,1508,163993,3712,259057,California
San Joaquin,2021-04-18,2610,410497,1504,209203,1106,184253,0,17041,1384,95247,1207,165200,1390,260447,California
San Joaquin,2021-04-19,5336,415833,2843,212046,2492,186745,1,17042,2779,95518,2520,167720,2791,263238,California
San Joaquin,2021-04-20,6499,422332,3487,215533,3011,189756,1,17043,3051,95167,3413,171133,3062,266300,California
San Joaquin,2021-04-21,6075,428407,3462,218995,2612,192368,1,17044,3098,95361,2913,174046,3107,269407,California
San Joaquin,2021-04-22,5570,433977,3316,222311,2252,194620,2,17046,3141,96130,2391,176437,3160,272567,California
San Joaquin,2021-04-23,6225,440202,3034,225345,3190,197810,1,17047,3893,97728,2303,178740,3901,276468,California
San Joaquin,2021-04-24,5289,445491,3644,228989,1643,199453,2,17049,3435,99349,1825,180565,3446,279914,California
San Joaquin,2021-04-25,3083,448574,2598,231587,485,199938,0,17049,2049,100398,1006,181571,2055,281969,California
San Joaquin,2021-04-26,4244,452818,2740,234327,1500,201438,4,17053,2183,100550,2041,183612,2193,284162,California
San Joaquin,2021-04-27,4839,457657,2770,237097,2007,203445,62,17115,2042,99895,2767,186379,2112,286274,California
San Joaquin,2021-04-28,5878,463535,3523,240620,2275,205720,80,17195,2856,99860,2981,189360,2946,289220,California
San Joaquin,2021-04-29,5193,468728,3054,243674,2082,207802,57,17252,2621,100010,2539,191899,2689,291909,California
San Joaquin,2021-04-30,5255,473983,2596,246270,2592,210394,67,17319,2687,100231,2543,194442,2764,294673,California
San Joaquin,2021-05-01,3386,477369,1933,248203,1394,211788,59,17378,2156,101239,1218,195660,2226,296899,California
San Joaquin,2021-05-02,2312,479681,1610,249813,645,212433,57,17435,1169,101328,1138,196798,1227,298126,California
San Joaquin,2021-05-03,3428,483109,2293,252106,1055,213488,80,17515,1416,100839,1994,198792,1505,299631,California
San Joaquin,2021-05-04,5101,488210,3435,255541,1507,214995,159,17674,1859,99651,3217,202009,2029,301660,California
San Joaquin,2021-05-05,5382,493592,3727,259268,1491,216486,164,17838,2395,99267,2951,204960,2567,304227,California
San Joaquin,2021-05-06,4916,498508,3318,262586,1467,217953,131,17969,2132,98776,2765,207725,2274,306501,California
San Joaquin,2021-05-07,5362,503870,3152,265738,2057,220010,153,18122,2038,97680,3297,211022,2201,308702,California
San Joaquin,2021-05-08,3414,507284,2242,267980,1071,221081,101,18223,1287,96970,2107,213129,1397,310099,California
San Joaquin,2021-05-09,1522,508806,869,268849,583,221664,70,18293,575,96677,944,214073,651,310750,California
San Joaquin,2021-05-10,2954,511760,1565,270414,1263,222927,126,18419,945,95763,1990,216063,1076,311826,California
San Joaquin,2021-05-11,4280,516040,2234,272648,1923,224850,123,18542,1299,94254,2963,219026,1454,313280,California
San Joaquin,2021-05-12,4540,520580,2170,274818,2245,227095,125,18667,1397,92669,3119,222145,1534,314814,California
San Joaquin,2021-05-13,4902,525482,2881,277699,1931,229026,90,18757,1878,91642,3008,225153,1981,316795,California
San Joaquin,2021-05-14,5929,531411,3571,281270,2250,231276,108,18865,2439,90736,3458,228611,2552,319347,California
San Joaquin,2021-05-15,5271,536682,3143,284413,2046,233322,82,18947,1655,88893,3583,232194,1740,321087,California
San Joaquin,2021-05-16,3626,540308,2854,287267,723,234045,49,18996,1471,88281,2140,234334,1528,322615,California
San Joaquin,2021-05-17,4180,544488,2506,289773,1577,235622,97,19093,1795,87817,2366,236700,1902,324517,California
San Joaquin,2021-05-18,4016,548504,2321,292094,1580,237202,115,19208,1863,87665,2133,238833,1981,326498,California
San Joaquin,2021-05-19,4803,553307,2801,294895,1867,239069,135,19343,2027,87092,2745,241578,2172,328670,California
San Joaquin,2021-05-20,4021,557328,2411,297306,1505,240574,105,19448,1735,86675,2260,243838,1843,330513,California
San Joaquin,2021-05-21,5125,562453,3022,300328,1980,242554,123,19571,2308,86331,2784,246622,2440,332953,California
San Joaquin,2021-05-22,4069,566522,2553,302881,1421,243975,95,19666,1814,86011,2240,248862,1920,334873,California
San Joaquin,2021-05-23,2543,569065,2087,304968,412,244387,44,19710,1471,86470,1060,249922,1519,336392,California
San Joaquin,2021-05-24,3108,572173,1825,306793,1190,245577,93,19803,1451,86378,1641,251563,1549,337941,California
San Joaquin,2021-05-25,3142,575315,1955,308748,1039,246616,148,19951,1449,86306,1670,253233,1598,339539,California
San Joaquin,2021-05-26,3940,579255,2430,311178,1435,248051,75,20026,1603,85668,2320,255553,1682,341221,California
San Joaquin,2021-05-27,3149,582404,1716,312894,1347,249398,86,20112,1278,85180,1854,257407,1366,342587,California
San Joaquin,2021-05-28,3155,585559,1692,314586,1371,250769,92,20204,1464,85081,1664,259071,1565,344152,California
San Joaquin,2021-05-29,2156,587715,1192,315778,928,251697,36,20240,919,84808,1232,260303,959,345111,California
San Joaquin,2021-05-30,978,588693,524,316302,428,252125,26,20266,400,84665,572,260875,429,345540,California
San Joaquin,2021-05-31,624,589317,264,316566,353,252478,7,20273,239,84531,380,261255,246,345786,California
San Joaquin,2021-06-01,2480,591797,1497,318063,886,253364,97,20370,1180,84524,1290,262545,1283,347069,California
San Joaquin,2021-06-02,2740,594537,1620,319683,1066,254430,54,20424,1137,84131,1587,264132,1194,348263,California
San Joaquin,2021-06-03,2860,597397,1769,321452,1033,255463,58,20482,1060,83471,1782,265914,1122,349385,California
San Joaquin,2021-06-04,3156,600553,1941,323393,1110,256573,105,20587,1058,82565,2070,267984,1164,350549,California
San Joaquin,2021-06-05,2520,603073,1918,325311,536,257109,66,20653,1149,82504,1280,269264,1219,351768,California
San Joaquin,2021-06-06,1099,604172,883,326194,178,257287,38,20691,426,82314,655,269919,465,352233,California
San Joaquin,2021-06-07,2844,607016,2104,328298,699,257986,41,20732,980,81487,1856,271775,1029,353262,California
San Joaquin,2021-06-08,2780,609796,2106,330404,629,258615,45,20777,874,80520,1889,273664,922,354184,California
San Joaquin,2021-06-09,2884,612680,2014,332418,826,259441,44,20821,993,79686,1872,275536,1038,355222,California
San Joaquin,2021-06-10,2678,615358,1944,334362,665,260106,69,20890,1004,79091,1669,277205,1074,356296,California
San Joaquin,2021-06-11,2976,618334,2058,336420,800,260906,118,21008,977,78197,1990,279195,1096,357392,California
San Joaquin,2021-06-12,1860,620194,1401,337821,429,261335,30,21038,628,77651,1225,280420,679,358071,California
San Joaquin,2021-06-13,1078,621272,827,338648,203,261538,48,21086,499,77625,575,280995,549,358620,California
San Joaquin,2021-06-14,2225,623497,1495,340143,657,262195,73,21159,929,77345,1283,282278,1003,359623,California
San Joaquin,2021-06-15,2254,625751,1506,341649,671,262866,77,21236,877,76939,1363,283641,957,360580,California
San Joaquin,2021-06-16,2799,628550,2031,343680,686,263552,82,21318,908,76052,1876,285517,989,361569,California
San Joaquin,2021-06-17,2628,631178,1870,345550,695,264247,63,21381,895,75290,1720,287237,958,362527,California
San Joaquin,2021-06-18,2810,633988,1855,347405,879,265126,76,21457,1184,74939,1612,288849,1261,363788,California
San Joaquin,2021-06-19,1396,635384,868,348273,268,265394,260,21717,501,74812,888,289737,761,364549,California
San Joaquin,2021-06-20,663,636047,525,348798,112,265506,26,21743,296,74772,361,290098,321,364870,California
San Joaquin,2021-06-21,1628,637675,964,349762,555,266061,109,21852,822,74904,799,290897,931,365801,California
San Joaquin,2021-06-22,1903,639578,1255,351017,577,266638,71,21923,818,74718,1073,291970,887,366688,California
San Joaquin,2021-06-23,1981,641559,1307,352324,597,267235,77,22000,779,74391,1183,293153,856,367544,California
San Joaquin,2021-06-24,1979,643538,1349,353673,535,267770,95,22095,873,74314,1044,294197,967,368511,California
San Joaquin,2021-06-25,1724,645262,1100,354773,545,268315,79,22174,762,74202,954,295151,842,369353,California
San Joaquin,2021-06-26,1075,646337,804,355577,220,268535,51,22225,518,74221,551,295702,570,369923,California
San Joaquin,2021-06-27,569,646906,429,356006,99,268634,41,22266,263,74223,301,296003,303,370226,California
San Joaquin,2021-06-28,1452,648358,1024,357030,359,268993,69,22335,663,74197,758,296761,732,370958,California
San Joaquin,2021-06-29,1437,649795,907,357937,459,269452,71,22406,647,74132,782,297543,717,371675,California
San Joaquin,2021-06-30,1503,651298,1024,358961,408,269860,71,22477,641,73992,855,298398,715,372390,California
San Joaquin,2021-07-01,1581,652879,1094,360055,394,270254,93,22570,689,73890,882,299280,780,373170,California
San Joaquin,2021-07-02,1541,654420,1065,361120,423,270677,53,22623,712,73832,824,300104,766,373936,California
San Joaquin,2021-07-03,701,655121,510,361630,164,270841,27,22650,388,73935,312,300416,415,374351,California
San Joaquin,2021-07-04,135,655256,89,361719,33,270874,13,22663,59,73932,76,300492,73,374424,California
San Joaquin,2021-07-05,806,656062,568,362287,194,271068,44,22707,394,73961,409,300901,438,374862,California
San Joaquin,2021-07-06,1341,657403,883,363170,403,271471,55,22762,575,73843,751,301652,633,375495,California
San Joaquin,2021-07-07,1325,658728,975,364145,285,271756,65,22827,617,73826,702,302354,685,376180,California
San Joaquin,2021-07-08,1347,660075,958,365103,335,272091,54,22881,633,73804,709,303063,687,376867,California
San Joaquin,2021-07-09,1504,661579,1104,366207,344,272435,56,22937,689,73738,812,303875,746,377613,California
San Joaquin,2021-07-10,718,662297,554,366761,129,272564,35,22972,370,73805,344,304219,411,378024,California
San Joaquin,2021-07-11,306,662603,210,366971,95,272659,1,22973,164,73830,141,304360,166,378190,California
San Luis Obispo,2020-12-16,4,4,4,4,0,0,0,0,4,4,0,0,4,4,California
San Luis Obispo,2020-12-17,195,199,195,199,0,0,0,0,195,199,0,0,195,199,California
San Luis Obispo,2020-12-18,223,422,223,422,0,0,0,0,223,422,0,0,223,422,California
San Luis Obispo,2020-12-19,164,586,164,586,0,0,0,0,164,586,0,0,164,586,California
San Luis Obispo,2020-12-20,215,801,215,801,0,0,0,0,215,801,0,0,215,801,California
San Luis Obispo,2020-12-21,551,1352,550,1351,1,1,0,0,551,1352,0,0,551,1352,California
San Luis Obispo,2020-12-22,309,1661,305,1656,4,5,0,0,309,1661,0,0,309,1661,California
San Luis Obispo,2020-12-23,683,2344,369,2025,314,319,0,0,683,2344,0,0,683,2344,California
San Luis Obispo,2020-12-24,194,2538,19,2044,175,494,0,0,194,2538,0,0,194,2538,California
San Luis Obispo,2020-12-25,2,2540,1,2045,1,495,0,0,2,2540,0,0,2,2540,California
San Luis Obispo,2020-12-26,90,2630,13,2058,77,572,0,0,90,2630,0,0,90,2630,California
San Luis Obispo,2020-12-27,76,2706,0,2058,76,648,0,0,76,2706,0,0,76,2706,California
San Luis Obispo,2020-12-28,879,3585,429,2487,450,1098,0,0,879,3585,0,0,879,3585,California
San Luis Obispo,2020-12-29,904,4489,505,2992,399,1497,0,0,904,4489,0,0,904,4489,California
San Luis Obispo,2020-12-30,1172,5661,679,3671,493,1990,0,0,1172,5661,0,0,1172,5661,California
San Luis Obispo,2020-12-31,110,5771,4,3675,106,2096,0,0,110,5771,0,0,110,5771,California
San Luis Obispo,2021-01-01,19,5790,11,3686,8,2104,0,0,19,5790,0,0,19,5790,California
San Luis Obispo,2021-01-02,34,5824,8,3694,26,2130,0,0,34,5824,0,0,34,5824,California
San Luis Obispo,2021-01-03,17,5841,6,3700,11,2141,0,0,17,5841,0,0,17,5841,California
San Luis Obispo,2021-01-04,681,6522,525,4225,156,2297,0,0,681,6522,0,0,681,6522,California
San Luis Obispo,2021-01-05,978,7500,758,4983,220,2517,0,0,975,7494,3,3,975,7497,California
San Luis Obispo,2021-01-06,728,8228,482,5465,246,2763,0,0,720,8207,7,10,720,8217,California
San Luis Obispo,2021-01-07,1121,9349,945,6410,176,2939,0,0,679,8444,442,452,679,8896,California
San Luis Obispo,2021-01-08,885,10234,804,7214,81,3020,0,0,516,8592,368,820,516,9412,California
San Luis Obispo,2021-01-09,205,10439,195,7409,10,3030,0,0,28,8443,177,997,28,9440,California
San Luis Obispo,2021-01-10,12,10451,8,7417,4,3034,0,0,8,8447,4,1001,8,9448,California
San Luis Obispo,2021-01-11,562,11013,511,7928,51,3085,0,0,298,8482,263,1264,298,9746,California
San Luis Obispo,2021-01-12,614,11627,384,8312,230,3315,0,0,321,8522,293,1557,333,10079,California
San Luis Obispo,2021-01-13,891,12518,262,8574,629,3944,0,0,652,8936,238,1795,652,10731,California
San Luis Obispo,2021-01-14,725,13243,237,8811,488,4432,0,0,605,9428,113,1908,605,11336,California
San Luis Obispo,2021-01-15,728,13971,289,9100,439,4871,0,0,552,9806,174,2082,552,11888,California
San Luis Obispo,2021-01-16,109,14080,88,9188,21,4892,0,0,97,9891,12,2094,97,11985,California
San Luis Obispo,2021-01-17,63,14143,56,9244,7,4899,0,0,63,9954,0,2094,63,12048,California
San Luis Obispo,2021-01-18,1373,15516,391,9635,982,5881,0,0,1109,10799,264,2358,1109,13157,California
San Luis Obispo,2021-01-19,1583,17099,418,10053,1165,7046,0,0,1171,11559,412,2770,1172,14329,California
San Luis Obispo,2021-01-20,1899,18998,602,10655,1297,8343,0,0,1306,12275,591,3361,1307,15636,California
San Luis Obispo,2021-01-21,1580,20578,470,11125,1110,9453,0,0,1208,13116,368,3729,1209,16845,California
San Luis Obispo,2021-01-22,1523,22101,509,11634,1014,10467,0,0,1207,14009,314,4043,1207,18052,California
San Luis Obispo,2021-01-23,306,22407,287,11921,19,10486,0,0,290,14283,16,4059,290,18342,California
San Luis Obispo,2021-01-24,439,22846,232,12153,207,10693,0,0,433,14709,7,4066,433,18775,California
San Luis Obispo,2021-01-25,2076,24922,604,12757,1472,12165,0,0,1243,15119,833,4899,1243,20018,California
San Luis Obispo,2021-01-26,2009,26931,711,13468,1298,13463,0,0,1139,15388,870,5769,1139,21157,California
San Luis Obispo,2021-01-27,1608,28539,281,13749,1327,14790,0,0,1148,16076,460,6229,1148,22305,California
San Luis Obispo,2021-01-28,1496,30035,343,14092,1153,15943,0,0,1232,17045,263,6492,1232,23537,California
San Luis Obispo,2021-01-29,1751,31786,693,14785,1058,17001,0,0,1457,18208,294,6786,1457,24994,California
San Luis Obispo,2021-01-30,41,31827,19,14804,22,17023,0,0,29,18226,11,6797,29,25023,California
San Luis Obispo,2021-01-31,235,32062,19,14823,216,17239,0,0,233,18457,2,6799,233,25256,California
San Luis Obispo,2021-02-01,1710,33772,740,15563,970,18209,0,0,1405,19557,305,7104,1405,26661,California
San Luis Obispo,2021-02-02,1908,35680,682,16245,1226,19435,0,0,1528,20706,380,7484,1529,28190,California
San Luis Obispo,2021-02-03,1710,37390,727,16972,983,20418,0,0,1290,21576,420,7904,1290,29480,California
San Luis Obispo,2021-02-04,1661,39051,801,17773,860,21278,0,0,1094,22103,567,8471,1094,30574,California
San Luis Obispo,2021-02-05,1614,40665,719,18492,895,22173,0,0,1068,22625,546,9017,1068,31642,California
San Luis Obispo,2021-02-06,179,40844,108,18600,71,22244,0,0,98,22643,80,9097,98,31740,California
San Luis Obispo,2021-02-07,124,40968,79,18679,45,22289,0,0,72,22664,52,9149,73,31813,California
San Luis Obispo,2021-02-08,866,41834,473,19152,393,22682,0,0,501,22801,364,9513,501,32314,California
San Luis Obispo,2021-02-09,1129,42963,449,19601,680,23362,0,0,547,22779,569,10082,547,32861,California
San Luis Obispo,2021-02-10,1445,44408,494,20095,951,24313,0,0,530,22399,910,10992,530,33391,California
San Luis Obispo,2021-02-11,1334,45742,844,20939,490,24803,0,0,660,22387,672,11664,660,34051,California
San Luis Obispo,2021-02-12,784,46526,361,21300,423,25226,0,0,417,22437,367,12031,417,34468,California
San Luis Obispo,2021-02-13,397,46923,132,21432,265,25491,0,0,287,22615,109,12140,287,34755,California
San Luis Obispo,2021-02-14,323,47246,45,21477,278,25769,0,0,282,22857,41,12181,283,35038,California
San Luis Obispo,2021-02-15,730,47976,139,21616,591,26360,0,0,473,23075,255,12436,473,35511,California
San Luis Obispo,2021-02-16,2989,50965,1198,22814,1791,28151,0,0,1363,22813,1625,14061,1363,36874,California
San Luis Obispo,2021-02-17,2798,53763,1252,24066,1546,29697,0,0,1024,22072,1765,15826,1024,37898,California
San Luis Obispo,2021-02-18,2849,56612,1473,25539,1376,31073,0,0,1138,21509,1702,17528,1139,39037,California
San Luis Obispo,2021-02-19,1474,58086,1352,26891,122,31195,0,0,1141,22319,331,17859,1141,40178,California
San Luis Obispo,2021-02-20,260,58346,89,26980,171,31366,0,0,220,22499,40,17899,220,40398,California
San Luis Obispo,2021-02-21,58,58404,54,27034,4,31370,0,0,32,22505,26,17925,32,40430,California
San Luis Obispo,2021-02-22,2433,60837,1881,28915,552,31922,0,0,1472,23019,959,18884,1473,41903,California
San Luis Obispo,2021-02-23,1871,62708,1755,30670,116,32038,0,0,1365,23881,504,19388,1366,43269,California
San Luis Obispo,2021-02-24,2681,65389,1321,31991,1360,33398,0,0,838,22879,1840,21228,838,44107,California
San Luis Obispo,2021-02-25,2146,67535,1252,33243,894,34292,0,0,1213,23168,925,22153,1214,45321,California
San Luis Obispo,2021-02-26,2663,70198,1154,34397,1509,35801,0,0,1332,23179,1321,23474,1332,46653,California
San Luis Obispo,2021-02-27,591,70789,358,34755,233,36034,0,0,533,23655,57,23531,533,47186,California
San Luis Obispo,2021-02-28,592,71381,67,34822,525,36559,0,0,162,23389,428,23959,162,47348,California
San Luis Obispo,2021-03-01,3016,74397,1882,36704,1132,37691,2,2,2076,24528,940,24899,2079,49427,California
San Luis Obispo,2021-03-02,3071,77468,1920,38624,1151,38842,0,2,1907,25277,1159,26058,1908,51335,California
San Luis Obispo,2021-03-03,2365,79833,350,38974,2015,40857,0,2,858,24635,1501,27559,859,52194,California
San Luis Obispo,2021-03-04,2226,82059,1162,40136,1064,41921,0,2,1193,24801,1030,28589,1196,53390,California
San Luis Obispo,2021-03-05,2309,84368,1022,41158,1216,43137,71,73,1300,25177,995,29584,1371,54761,California
San Luis Obispo,2021-03-06,837,85205,312,41470,418,43555,107,180,615,25671,222,29806,716,55477,California
San Luis Obispo,2021-03-07,230,85435,35,41505,92,43647,103,283,85,25711,144,29950,184,55661,California
San Luis Obispo,2021-03-08,2745,88180,757,42262,1669,45316,319,602,1543,26374,1197,31147,1860,57521,California
San Luis Obispo,2021-03-09,2980,91160,983,43245,1749,47065,248,850,1535,26717,1441,32588,1784,59305,California
San Luis Obispo,2021-03-10,3205,94365,1244,44489,1680,48745,281,1131,1823,27441,1378,33966,2102,61407,California
San Luis Obispo,2021-03-11,3370,97735,1328,45817,1719,50464,323,1454,1814,28037,1542,35508,2138,63545,California
San Luis Obispo,2021-03-12,3239,100974,1259,47076,1642,52106,338,1792,1626,28395,1606,37114,1964,65509,California
San Luis Obispo,2021-03-13,912,101886,263,47339,539,52645,110,1902,542,28675,369,37483,649,66158,California
San Luis Obispo,2021-03-14,513,102399,55,47394,347,52992,111,2013,134,28542,378,37861,245,66403,California
San Luis Obispo,2021-03-15,3077,105476,1108,48502,1869,54861,100,2113,1533,28637,1541,39402,1636,68039,California
San Luis Obispo,2021-03-16,2859,108335,1510,50012,1239,56100,110,2223,1446,28785,1406,40808,1554,69593,California
San Luis Obispo,2021-03-17,3466,111801,1451,51463,1753,57853,262,2485,2011,29616,1441,42249,2272,71865,California
San Luis Obispo,2021-03-18,2854,114655,1453,52916,1187,59040,214,2699,1362,29706,1484,43733,1574,73439,California
San Luis Obispo,2021-03-19,2608,117263,1576,54492,709,59749,323,3022,968,29369,1630,45363,1293,74732,California
San Luis Obispo,2021-03-20,841,118104,502,54994,302,60051,37,3059,387,29340,453,45816,424,75156,California
San Luis Obispo,2021-03-21,192,118296,47,55041,141,60192,4,3063,160,29472,31,45847,163,75319,California
San Luis Obispo,2021-03-22,2772,121068,1182,56223,1542,61734,48,3111,1929,30611,838,46685,1977,77296,California
San Luis Obispo,2021-03-23,3376,124444,2247,58470,1099,62833,30,3141,2242,31754,1129,47814,2272,79568,California
San Luis Obispo,2021-03-24,3592,128036,2200,60670,1307,64140,85,3226,2678,33609,907,48721,2762,82330,California
San Luis Obispo,2021-03-25,3735,131771,2344,63014,1379,65519,12,3238,2676,35244,1052,49773,2687,85017,California
San Luis Obispo,2021-03-26,3346,135117,1827,64841,1047,66566,472,3710,1868,36113,1471,51244,2340,87357,California
San Luis Obispo,2021-03-27,1010,136127,511,65352,408,66974,91,3801,453,36103,554,51798,544,87901,California
San Luis Obispo,2021-03-28,620,136747,156,65508,408,67382,56,3857,417,36375,202,52000,474,88375,California
San Luis Obispo,2021-03-29,2643,139390,1327,66835,1183,68565,133,3990,1688,37258,939,52939,1822,90197,California
San Luis Obispo,2021-03-30,3540,142930,1942,68777,1457,70022,141,4131,2343,38552,1189,54128,2483,92680,California
San Luis Obispo,2021-03-31,3904,146834,2487,71264,1268,71290,149,4280,2505,39816,1388,55516,2652,95332,California
San Luis Obispo,2021-04-01,3928,150762,2489,73753,1321,72611,118,4398,2728,41478,1182,56698,2844,98176,California
San Luis Obispo,2021-04-02,1759,152521,690,74443,753,73364,316,4714,954,41944,802,57500,1268,99444,California
San Luis Obispo,2021-04-03,1114,153635,557,75000,430,73794,127,4841,492,41947,616,58116,619,100063,California
San Luis Obispo,2021-04-04,380,154015,134,75134,206,74000,40,4881,232,42071,148,58264,272,100335,California
San Luis Obispo,2021-04-05,3655,157670,1947,77081,1594,75594,114,4995,2042,42617,1609,59873,2155,102490,California
San Luis Obispo,2021-04-06,4181,161851,2211,79292,1646,77240,324,5319,1984,42736,2188,62061,2307,104797,California
San Luis Obispo,2021-04-07,4316,166167,2348,81640,1602,78842,366,5685,2474,43746,1826,63887,2836,107633,California
San Luis Obispo,2021-04-08,4002,170169,2193,83833,1401,80243,408,6093,2132,44426,1860,65747,2540,110173,California
San Luis Obispo,2021-04-09,3691,173860,1757,85590,1173,81416,761,6854,1507,44516,2172,67919,2262,112435,California
San Luis Obispo,2021-04-10,1698,175558,569,86159,459,81875,670,7524,497,44481,1198,69117,1163,113598,California
San Luis Obispo,2021-04-11,316,175874,64,86223,185,82060,67,7591,126,44486,188,69305,193,113791,California
San Luis Obispo,2021-04-12,3451,179325,1729,87952,1559,83619,163,7754,1408,44016,2040,71345,1570,115361,California
San Luis Obispo,2021-04-13,3793,183118,2183,90135,1609,85228,1,7755,2001,44231,1788,73133,2003,117364,California
San Luis Obispo,2021-04-14,3603,186721,2062,92197,1536,86764,5,7760,1756,44163,1828,74961,1760,119124,California
San Luis Obispo,2021-04-15,3819,190540,2489,94686,1329,88093,1,7761,2030,44429,1767,76728,2033,121157,California
San Luis Obispo,2021-04-16,3686,194226,2244,96930,1438,89531,4,7765,1767,44289,1909,78637,1769,122926,California
San Luis Obispo,2021-04-17,1101,195327,437,97367,662,90193,2,7767,712,44615,388,79025,714,123640,California
San Luis Obispo,2021-04-18,328,195655,103,97470,224,90417,1,7768,116,44523,208,79233,116,123756,California
San Luis Obispo,2021-04-19,3218,198873,1359,98829,1821,92238,38,7806,1096,43542,2116,81349,1135,124891,California
San Luis Obispo,2021-04-20,3663,202536,2037,100866,1626,93864,0,7806,1323,42536,2329,83678,1323,126214,California
San Luis Obispo,2021-04-21,4032,206568,1850,102716,2182,96046,0,7806,1624,41776,2387,86065,1627,127841,California
San Luis Obispo,2021-04-22,4632,211200,2080,104796,2552,98598,0,7806,1403,39972,3209,89274,1405,129246,California
San Luis Obispo,2021-04-23,1444,212644,838,105634,602,99200,4,7810,724,39985,716,89990,729,129975,California
San Luis Obispo,2021-04-24,1082,213726,439,106073,624,99824,19,7829,507,39929,582,90572,526,130501,California
San Luis Obispo,2021-04-25,518,214244,163,106236,355,100179,0,7829,115,39646,398,90970,115,130616,California
San Luis Obispo,2021-04-26,1082,215326,394,106630,670,100849,18,7847,398,39389,672,91642,415,131031,California
San Luis Obispo,2021-04-27,3929,219255,1994,108624,1856,102705,79,7926,1522,38591,2398,94040,1600,132631,California
San Luis Obispo,2021-04-28,3823,223078,2112,110736,1639,104344,72,7998,1334,37520,2477,96517,1406,134037,California
San Luis Obispo,2021-04-29,3740,226818,2129,112865,1542,105886,69,8067,1247,36362,2475,98992,1317,135354,California
San Luis Obispo,2021-04-30,3004,229822,1686,114551,1243,107129,75,8142,912,35279,2070,101062,987,136341,California
San Luis Obispo,2021-05-01,480,230302,165,114716,280,107409,35,8177,103,35043,373,101435,137,136478,California
San Luis Obispo,2021-05-02,168,230470,53,114769,95,107504,20,8197,43,34981,125,101560,63,136541,California
San Luis Obispo,2021-05-03,897,231367,285,115054,501,108005,111,8308,224,34644,670,102230,333,136874,California
San Luis Obispo,2021-05-04,2978,234345,1922,116976,984,108989,72,8380,874,33490,2097,104327,943,137817,California
San Luis Obispo,2021-05-05,2862,237207,1879,118855,916,109905,67,8447,672,32055,2174,106501,739,138556,California
San Luis Obispo,2021-05-06,2844,240051,1915,120770,865,110770,64,8511,710,30714,2114,108615,773,139329,California
San Luis Obispo,2021-05-07,2374,242425,1776,122546,530,111300,68,8579,593,29614,1762,110377,662,139991,California
San Luis Obispo,2021-05-08,606,243031,344,122890,238,111538,24,8603,202,29456,384,110761,226,140217,California
San Luis Obispo,2021-05-09,165,243196,42,122932,104,111642,19,8622,45,29401,119,110880,64,140281,California
San Luis Obispo,2021-05-10,735,243931,159,123091,524,112166,52,8674,157,29036,572,111452,207,140488,California
San Luis Obispo,2021-05-11,1219,245150,599,123690,545,112711,75,8749,382,28662,831,112283,457,140945,California
San Luis Obispo,2021-05-12,2515,247665,1614,125304,817,113528,84,8833,691,27631,1805,114088,774,141719,California
San Luis Obispo,2021-05-13,1180,248845,714,126018,404,113932,62,8895,488,27494,686,114774,549,142268,California
San Luis Obispo,2021-05-14,2277,251122,1652,127670,573,114505,52,8947,934,27153,1326,116100,985,143253,California
San Luis Obispo,2021-05-15,992,252114,456,128126,502,115007,34,8981,462,27123,527,116627,497,143750,California
San Luis Obispo,2021-05-16,309,252423,165,128291,138,115145,6,8987,176,27173,132,116759,182,143932,California
San Luis Obispo,2021-05-17,1693,254116,978,129269,655,115800,60,9047,666,26882,1018,117777,727,144659,California
San Luis Obispo,2021-05-18,1908,256024,1162,130431,713,116513,33,9080,722,26458,1180,118957,756,145415,California
San Luis Obispo,2021-05-19,1456,257480,623,131054,770,117283,63,9143,398,25868,1050,120007,460,145875,California
San Luis Obispo,2021-05-20,1146,258626,496,131550,613,117896,37,9180,336,25442,799,120806,373,146248,California
San Luis Obispo,2021-05-21,1109,259735,573,132123,491,118387,45,9225,508,25404,591,121397,553,146801,California
San Luis Obispo,2021-05-22,686,260421,327,132450,336,118723,23,9248,342,25433,336,121733,365,147166,California
San Luis Obispo,2021-05-23,147,260568,68,132518,73,118796,6,9254,51,25395,95,121828,57,147223,California
San Luis Obispo,2021-05-24,568,261136,263,132781,265,119061,40,9294,201,25272,364,122192,241,147464,California
San Luis Obispo,2021-05-25,881,262017,430,133211,423,119484,28,9322,347,25120,526,122718,374,147838,California
San Luis Obispo,2021-05-26,2146,264163,997,134208,1094,120578,55,9377,662,24359,1477,124195,716,148554,California
San Luis Obispo,2021-05-27,1882,266045,670,134878,1180,121758,32,9409,490,23495,1385,125580,521,149075,California
San Luis Obispo,2021-05-28,930,266975,474,135352,429,122187,27,9436,488,23570,440,126020,515,149590,California
San Luis Obispo,2021-05-29,379,267354,153,135505,215,122402,11,9447,208,23620,170,126190,220,149810,California
San Luis Obispo,2021-05-30,89,267443,36,135541,45,122447,8,9455,34,23608,53,126243,41,149851,California
San Luis Obispo,2021-05-31,42,267485,6,135547,23,122470,13,9468,16,23612,24,126267,28,149879,California
San Luis Obispo,2021-06-01,757,268242,325,135872,401,122871,31,9499,271,23432,482,126749,302,150181,California
San Luis Obispo,2021-06-02,640,268882,287,136159,311,123182,42,9541,183,23206,450,127199,224,150405,California
San Luis Obispo,2021-06-03,916,269798,453,136612,431,123613,32,9573,252,22829,661,127860,284,150689,California
San Luis Obispo,2021-06-04,2488,272286,1525,138137,921,124534,42,9615,706,21805,1770,129630,746,151435,California
San Luis Obispo,2021-06-05,668,272954,289,138426,359,124893,20,9635,326,21810,341,129971,346,151781,California
San Luis Obispo,2021-06-06,191,273145,136,138562,46,124939,9,9644,52,21732,139,130110,61,151842,California
San Luis Obispo,2021-06-07,548,273693,358,138920,149,125088,41,9685,155,21538,390,130500,196,152038,California
San Luis Obispo,2021-06-08,811,274504,527,139447,243,125331,41,9726,246,21264,561,131061,287,152325,California
San Luis Obispo,2021-06-09,641,275145,357,139804,253,125584,31,9757,188,21034,449,131510,219,152544,California
San Luis Obispo,2021-06-10,752,275897,360,140164,353,125937,39,9796,219,20761,531,132041,258,152802,California
San Luis Obispo,2021-06-11,938,276835,541,140705,361,126298,36,9832,339,20542,595,132636,376,153178,California
San Luis Obispo,2021-06-12,392,277227,268,140973,121,126419,3,9835,166,20486,225,132861,169,153347,California
San Luis Obispo,2021-06-13,162,277389,93,141066,66,126485,3,9838,44,20416,117,132978,47,153394,California
San Luis Obispo,2021-06-14,455,277844,298,141364,126,126611,31,9869,129,20252,322,133300,158,153552,California
San Luis Obispo,2021-06-15,644,278488,400,141764,206,126817,38,9907,239,20128,400,133700,276,153828,California
San Luis Obispo,2021-06-16,625,279113,365,142129,225,127042,35,9942,180,19904,438,134138,214,154042,California
San Luis Obispo,2021-06-17,597,279710,340,142469,231,127273,26,9968,195,19724,401,134539,221,154263,California
San Luis Obispo,2021-06-18,789,280499,506,142975,237,127510,46,10014,277,19540,508,135047,324,154587,California
San Luis Obispo,2021-06-19,265,280764,150,143125,101,127611,14,10028,100,19491,163,135210,114,154701,California
San Luis Obispo,2021-06-20,110,280874,73,143198,29,127640,8,10036,45,19480,64,135274,53,154754,California
San Luis Obispo,2021-06-21,351,281225,222,143420,102,127742,27,10063,153,19464,196,135470,180,154934,California
San Luis Obispo,2021-06-22,620,281845,362,143782,226,127968,32,10095,276,19430,342,135812,308,155242,California
San Luis Obispo,2021-06-23,496,282341,273,144055,203,128171,20,10115,238,19431,257,136069,258,155500,California
San Luis Obispo,2021-06-24,468,282809,262,144317,180,128351,26,10141,204,19401,260,136329,230,155730,California
San Luis Obispo,2021-06-25,527,283336,212,144529,293,128644,22,10163,209,19318,312,136641,229,155959,California
San Luis Obispo,2021-06-26,272,283608,147,144676,107,128751,18,10181,119,19301,153,136794,136,156095,California
San Luis Obispo,2021-06-27,146,283754,95,144771,47,128798,4,10185,76,19312,69,136863,80,156175,California
San Luis Obispo,2021-06-28,342,284096,245,145016,81,128879,16,10201,131,19250,208,137071,146,156321,California
San Luis Obispo,2021-06-29,482,284578,315,145331,151,129030,16,10217,203,19195,274,137345,219,156540,California
San Luis Obispo,2021-06-30,440,285018,244,145575,158,129188,38,10255,161,19116,277,137622,198,156738,California
San Luis Obispo,2021-07-01,465,285483,309,145884,141,129329,15,10270,207,19083,255,137877,222,156960,California
San Luis Obispo,2021-07-02,431,285914,206,146090,204,129533,21,10291,173,19023,254,138131,194,157154,California
San Luis Obispo,2021-07-03,422,286336,178,146268,238,129771,6,10297,120,18850,300,138431,127,157281,California
San Luis Obispo,2021-07-04,28,286364,16,146284,11,129782,1,10298,11,18845,17,138448,12,157293,California
San Luis Obispo,2021-07-05,168,286532,92,146376,65,129847,11,10309,80,18850,84,138532,89,157382,California
San Luis Obispo,2021-07-06,473,287005,296,146672,144,129991,33,10342,192,18796,279,138811,225,157607,California
San Luis Obispo,2021-07-07,381,287386,208,146880,122,130113,51,10393,151,18768,227,139038,199,157806,California
San Luis Obispo,2021-07-08,394,287780,239,147119,145,130258,10,10403,180,18746,212,139250,190,157996,California
San Luis Obispo,2021-07-09,386,288166,164,147283,204,130462,18,10421,159,18700,223,139473,177,158173,California
San Luis Obispo,2021-07-10,187,288353,124,147407,61,130523,2,10423,81,18678,105,139578,83,158256,California
San Luis Obispo,2021-07-11,67,288420,41,147448,20,130543,6,10429,30,18679,35,139613,36,158292,California
San Mateo,2020-12-15,27,27,27,27,0,0,0,0,27,27,0,0,27,27,California
San Mateo,2020-12-16,113,140,113,140,0,0,0,0,113,140,0,0,113,140,California
San Mateo,2020-12-17,172,312,172,312,0,0,0,0,172,312,0,0,172,312,California
San Mateo,2020-12-18,777,1089,775,1087,2,2,0,0,777,1089,0,0,777,1089,California
San Mateo,2020-12-19,517,1606,517,1604,0,2,0,0,517,1606,0,0,517,1606,California
San Mateo,2020-12-20,504,2110,503,2107,1,3,0,0,504,2110,0,0,504,2110,California
San Mateo,2020-12-21,1146,3256,1145,3252,1,4,0,0,1146,3256,0,0,1146,3256,California
San Mateo,2020-12-22,1528,4784,1520,4772,8,12,0,0,1527,4782,1,1,1527,4783,California
San Mateo,2020-12-23,1569,6353,1379,6151,190,202,0,0,1569,6351,0,1,1569,6352,California
San Mateo,2020-12-24,871,7224,613,6764,258,460,0,0,871,7222,0,1,871,7223,California
San Mateo,2020-12-25,113,7337,109,6873,4,464,0,0,113,7335,0,1,113,7336,California
San Mateo,2020-12-26,557,7894,416,7289,141,605,0,0,557,7892,0,1,557,7893,California
San Mateo,2020-12-27,302,8196,172,7461,130,735,0,0,302,8194,0,1,302,8195,California
San Mateo,2020-12-28,1060,9256,710,8171,350,1085,0,0,1060,9254,0,1,1060,9255,California
San Mateo,2020-12-29,1138,10394,715,8886,423,1508,0,0,1138,10392,0,1,1138,10393,California
San Mateo,2020-12-30,1269,11663,764,9650,505,2013,0,0,1269,11661,0,1,1269,11662,California
San Mateo,2020-12-31,707,12370,228,9878,479,2492,0,0,706,12366,1,2,706,12368,California
San Mateo,2021-01-01,111,12481,75,9953,36,2528,0,0,111,12477,0,2,111,12479,California
San Mateo,2021-01-02,398,12879,272,10225,126,2654,0,0,398,12875,0,2,398,12877,California
San Mateo,2021-01-03,285,13164,209,10434,76,2730,0,0,282,13154,3,5,282,13159,California
San Mateo,2021-01-04,1053,14217,679,11113,374,3104,0,0,1053,14207,0,5,1053,14212,California
San Mateo,2021-01-05,1213,15430,712,11825,501,3605,0,0,1181,15357,32,37,1182,15394,California
San Mateo,2021-01-06,1461,16891,960,12785,501,4106,0,0,1266,16432,192,229,1267,16661,California
San Mateo,2021-01-07,1465,18356,818,13603,647,4753,0,0,1155,17284,303,532,1155,17816,California
San Mateo,2021-01-08,1854,20210,1201,14804,653,5406,0,0,1139,17715,708,1240,1139,18955,California
San Mateo,2021-01-09,1177,21387,779,15583,398,5804,0,0,715,17968,462,1702,715,19670,California
San Mateo,2021-01-10,711,22098,581,16164,130,5934,0,0,269,17795,442,2144,269,19939,California
San Mateo,2021-01-11,2619,24717,1511,17675,1108,7042,0,0,1540,18258,1079,3223,1542,21481,California
San Mateo,2021-01-12,3465,28182,1945,19620,1520,8562,0,0,2235,19276,1221,4444,2239,23720,California
San Mateo,2021-01-13,3422,31604,1675,21295,1747,10309,0,0,2369,20594,1053,5497,2371,26091,California
San Mateo,2021-01-14,3807,35411,1611,22906,2196,12505,0,0,3108,23008,699,6196,3113,29204,California
San Mateo,2021-01-15,4361,39772,1742,24648,2619,15124,0,0,3810,26271,549,6745,3812,33016,California
San Mateo,2021-01-16,3087,42859,769,25417,2318,17442,0,0,2756,28699,329,7074,2757,35773,California
San Mateo,2021-01-17,1314,44173,306,25723,1008,18450,0,0,1109,29603,205,7279,1109,36882,California
San Mateo,2021-01-18,1370,45543,542,26265,828,19278,0,0,990,30216,377,7656,990,37872,California
San Mateo,2021-01-19,2806,48349,1796,28061,1010,20288,0,0,2002,31417,801,8457,2002,39874,California
San Mateo,2021-01-20,2988,51337,1728,29789,1260,21548,0,0,2136,32705,849,9306,2137,42011,California
San Mateo,2021-01-21,2935,54272,1357,31146,1578,23126,0,0,2334,34444,598,9904,2337,44348,California
San Mateo,2021-01-22,2836,57108,1146,32292,1690,24816,0,0,2530,36673,302,10206,2531,46879,California
San Mateo,2021-01-23,2888,59996,1680,33972,1208,26024,0,0,2526,38838,362,10568,2527,49406,California
San Mateo,2021-01-24,1516,61512,373,34345,1143,27167,0,0,1205,39734,310,10878,1206,50612,California
San Mateo,2021-01-25,4424,65936,3145,37490,1279,28446,0,0,3518,42354,902,11780,3522,54134,California
San Mateo,2021-01-26,4350,70286,3004,40494,1346,29792,0,0,3415,44837,933,12713,3416,57550,California
San Mateo,2021-01-27,2828,73114,1474,41968,1354,31146,0,0,1816,45647,1007,13720,1817,59367,California
San Mateo,2021-01-28,2827,75941,1376,43344,1451,32597,0,0,1973,46782,838,14558,1973,61340,California
San Mateo,2021-01-29,3015,78956,1353,44697,1662,34259,0,0,2165,48101,848,15406,2167,63507,California
San Mateo,2021-01-30,3424,82380,1491,46188,1933,36192,0,0,2958,50595,465,15871,2959,66466,California
San Mateo,2021-01-31,1695,84075,899,47087,796,36988,0,0,1532,51966,161,16032,1532,67998,California
San Mateo,2021-02-01,2967,87042,1369,48456,1598,38586,0,0,2233,53471,729,16761,2234,70232,California
San Mateo,2021-02-02,3257,90299,1751,50207,1506,40092,0,0,2209,54635,1045,17806,2209,72441,California
San Mateo,2021-02-03,5026,95325,2064,52271,2962,43054,0,0,3873,57359,1150,18956,3874,76315,California
San Mateo,2021-02-04,6244,101569,2501,54772,3743,46797,0,0,4957,61040,1280,20236,4961,81276,California
San Mateo,2021-02-05,6846,108415,2558,57330,4288,51085,0,0,5003,64218,1825,22061,5003,86279,California
San Mateo,2021-02-06,3291,111706,1915,59245,1376,52461,0,0,2630,66194,656,22717,2632,88911,California
San Mateo,2021-02-07,1912,113618,1353,60598,559,53020,0,0,1717,67718,193,22910,1717,90628,California
San Mateo,2021-02-08,5312,118930,2268,62866,3044,56064,0,0,3133,68737,2114,25024,3133,93761,California
San Mateo,2021-02-09,6190,125120,3205,66071,2985,59049,0,0,3323,69202,2858,27882,3323,97084,California
San Mateo,2021-02-10,6554,131674,3289,69360,3265,62314,0,0,3280,69227,3255,31137,3280,100364,California
San Mateo,2021-02-11,7103,138777,3596,72956,3507,65821,0,0,3775,69683,3321,34458,3777,104141,California
San Mateo,2021-02-12,6687,145464,2997,75953,3690,69511,0,0,4723,72449,1959,36417,4725,108866,California
San Mateo,2021-02-13,6225,151689,4117,80070,2108,71619,0,0,2644,71518,3575,39992,2644,111510,California
San Mateo,2021-02-14,4748,156437,3117,83187,1631,73250,0,0,1986,70751,2754,42746,1987,113497,California
San Mateo,2021-02-15,3186,159623,1458,84645,1728,74978,0,0,1797,71169,1380,44126,1798,115295,California
San Mateo,2021-02-16,7197,166820,1904,86549,5293,80271,0,0,5303,74582,1892,46018,5305,120600,California
San Mateo,2021-02-17,7125,173945,1986,88535,5139,85410,0,0,5055,77574,2064,48082,5056,125656,California
San Mateo,2021-02-18,6837,180782,4728,93263,2109,87519,0,0,4548,79841,2284,50366,4551,130207,California
San Mateo,2021-02-19,7907,188689,5655,98918,2252,89771,0,0,5853,83649,2045,52411,5853,136060,California
San Mateo,2021-02-20,3836,192525,2477,101395,1359,91130,0,0,2353,84528,1475,53886,2354,138414,California
San Mateo,2021-02-21,2701,195226,1826,103221,875,92005,0,0,1601,85037,1093,54979,1602,140016,California
San Mateo,2021-02-22,4639,199865,3369,106590,1270,93275,0,0,2903,86213,1728,56707,2904,142920,California
San Mateo,2021-02-23,4500,204365,3214,109804,1286,94561,0,0,2607,86939,1881,58588,2607,145527,California
San Mateo,2021-02-24,7565,211930,3409,113213,4156,98717,0,0,4991,89370,2561,61149,4992,150519,California
San Mateo,2021-02-25,9593,221523,4270,117483,5323,104040,0,0,6281,92359,3293,64442,6282,156801,California
San Mateo,2021-02-26,10221,231744,3942,121425,6279,110319,0,0,7071,96299,3133,67575,7073,163874,California
San Mateo,2021-02-27,6968,238712,3605,125030,3362,113681,1,1,3785,96920,3171,70746,3792,167666,California
San Mateo,2021-02-28,4468,243180,2757,127787,1711,115392,0,1,2684,97832,1773,72519,2685,170351,California
San Mateo,2021-03-01,6055,249235,3814,131601,2237,117629,4,5,2993,97784,3047,75566,2999,173350,California
San Mateo,2021-03-02,6296,255531,4467,136068,1828,119457,1,6,3624,98748,2662,78228,3626,176976,California
San Mateo,2021-03-03,8573,264104,4041,140109,4530,123987,2,8,3716,97625,4841,83069,3718,180694,California
San Mateo,2021-03-04,8602,272706,4027,144136,4571,128558,4,12,3884,96820,4695,87764,3890,184584,California
San Mateo,2021-03-05,9405,282111,6268,150404,3133,131691,4,16,6584,100612,2799,90563,6591,191175,California
San Mateo,2021-03-06,8011,290122,5565,155969,2267,133958,179,195,5871,104533,2127,92690,6048,197223,California
San Mateo,2021-03-07,3735,293857,2456,158425,1132,135090,147,342,2163,105277,1568,94258,2312,199535,California
San Mateo,2021-03-08,4570,298427,2575,161000,1758,136848,237,579,3329,107606,1234,95492,3563,203098,California
San Mateo,2021-03-09,5373,303800,2876,163876,2214,139062,283,862,3737,109996,1623,97115,4013,207111,California
San Mateo,2021-03-10,7273,311073,2941,166817,4043,143105,289,1151,4845,112712,2413,99528,5129,212240,California
San Mateo,2021-03-11,9200,320273,5767,172584,3039,146144,394,1545,3663,111262,5503,105031,4053,216293,California
San Mateo,2021-03-12,10653,330926,6708,179292,3559,149703,386,1931,3588,108192,7041,112072,3971,220264,California
San Mateo,2021-03-13,8267,339193,3536,182828,3095,152798,1636,3567,4003,109565,4247,116319,5620,225884,California
San Mateo,2021-03-14,5031,344224,3398,186226,1526,154324,107,3674,2662,109972,2361,118680,2768,228652,California
San Mateo,2021-03-15,7240,351464,4672,190898,2390,156714,178,3852,3765,110449,3466,122146,3943,232595,California
San Mateo,2021-03-16,12014,363478,4425,195323,7464,164178,125,3977,4823,108230,7170,129316,4951,237546,California
San Mateo,2021-03-17,10995,374473,4485,199808,6363,170541,147,4124,4961,107336,6002,135318,5108,242654,California
San Mateo,2021-03-18,7430,381903,4168,203976,3073,173614,189,4313,4398,108898,3023,138341,4585,247239,California
San Mateo,2021-03-19,7597,389500,4904,208880,2019,175633,674,4987,3632,109250,3953,142294,4305,251544,California
San Mateo,2021-03-20,8423,397923,6554,215434,1531,177164,338,5325,5353,111886,3054,145348,5690,257234,California
San Mateo,2021-03-21,4289,402212,3251,218685,805,177969,233,5558,2294,112425,1984,147332,2523,259757,California
San Mateo,2021-03-22,5388,407600,3670,222355,1294,179263,424,5982,2828,113132,2543,149875,3250,263007,California
San Mateo,2021-03-23,9952,417552,4583,226938,5171,184434,198,6180,4439,112291,5481,155356,4640,267647,California
San Mateo,2021-03-24,9600,427152,5551,232489,3901,188335,148,6328,4040,110993,5482,160838,4184,271831,California
San Mateo,2021-03-25,10197,437349,5013,237502,4914,193249,270,6598,4379,109934,5710,166548,4651,276482,California
San Mateo,2021-03-26,11355,448704,7800,245302,3387,196636,168,6766,4315,107423,6994,173542,4483,280965,California
San Mateo,2021-03-27,10590,459294,8105,253407,2376,199012,109,6875,4654,106266,5916,179458,4759,285724,California
San Mateo,2021-03-28,4308,463602,2785,256192,1410,200422,113,6988,1994,106074,2303,181761,2111,287835,California
San Mateo,2021-03-29,6109,469711,3792,259984,2063,202485,254,7242,2736,105710,3353,185114,2989,290824,California
San Mateo,2021-03-30,7231,476942,4111,264095,2966,205451,154,7396,3889,106426,3326,188440,4042,294866,California
San Mateo,2021-03-31,7379,484321,4654,268749,2579,208030,146,7542,3871,106954,3489,191929,4017,298883,California
San Mateo,2021-04-01,10718,495039,5290,274039,4206,212236,1222,8764,5745,108987,4919,196848,6952,305835,California
San Mateo,2021-04-02,10983,506022,5251,279290,4131,216367,1601,10365,5780,111171,5179,202027,7363,313198,California
San Mateo,2021-04-03,10042,516064,5788,285078,2474,218841,1780,12145,5119,113149,4912,206939,6890,320088,California
San Mateo,2021-04-04,5472,521536,2641,287719,1572,220413,1259,13404,1707,112359,3750,210689,2960,323048,California
San Mateo,2021-04-05,9086,530622,4829,292548,2509,222922,1748,15152,3888,112801,5178,215867,5620,328668,California
San Mateo,2021-04-06,13282,543904,8294,300842,3129,226051,1859,17011,7571,116532,5696,221563,9427,338095,California
San Mateo,2021-04-07,11543,555447,5356,306198,4486,230537,1701,18712,4906,116505,6615,228178,6588,344683,California
San Mateo,2021-04-08,10274,565721,5114,311312,2541,233078,2619,21331,4550,117948,5704,233882,7147,351830,California
San Mateo,2021-04-09,11463,577184,5584,316896,3380,236458,2499,23830,5144,119262,6314,240196,7628,359458,California
San Mateo,2021-04-10,11333,588517,5755,322651,4128,240586,1450,25280,4696,118787,6604,246800,6129,365587,California
San Mateo,2021-04-11,6662,595179,3309,325960,881,241467,2472,27752,2325,119241,4330,251130,4784,370371,California
San Mateo,2021-04-12,7434,602613,4532,330492,1928,243395,974,28726,3580,119956,3832,254962,4547,374918,California
San Mateo,2021-04-13,8308,610921,5167,335659,3130,246525,11,28737,4385,120446,3908,258870,4398,379316,California
San Mateo,2021-04-14,8442,619363,5446,341105,2995,249520,1,28738,4306,120643,4118,262988,4315,383631,California
San Mateo,2021-04-15,11300,630663,7495,348600,3803,253323,2,28740,7355,124087,3915,266903,7359,390990,California
San Mateo,2021-04-16,10161,640824,6973,355573,3171,256494,17,28757,6412,126799,3723,270626,6435,397425,California
San Mateo,2021-04-17,9866,650690,6569,362142,3295,259789,2,28759,6232,129418,3622,274248,6241,403666,California
San Mateo,2021-04-18,5736,656426,2870,365012,2866,262655,0,28759,3848,131399,1873,276121,3854,407520,California
San Mateo,2021-04-19,8538,664964,5547,370559,2991,265646,0,28759,5542,133974,2980,279101,5555,413075,California
San Mateo,2021-04-20,10868,675832,6221,376780,4646,270292,1,28760,6950,137044,3893,282994,6963,420038,California
San Mateo,2021-04-21,9917,685749,6888,383668,3027,273319,2,28762,6142,139443,3751,286745,6150,426188,California
San Mateo,2021-04-22,10198,695947,6928,390596,3268,276587,2,28764,5694,140675,4468,291213,5700,431888,California
San Mateo,2021-04-23,10011,705958,6713,397309,3298,279885,0,28764,5615,141943,4365,295578,5633,437521,California
San Mateo,2021-04-24,11308,717266,8065,405374,3243,283128,0,28764,5822,142314,5461,301039,5832,443353,California
San Mateo,2021-04-25,5573,722839,3888,409262,1683,284811,2,28766,3954,144679,1603,302642,3968,447321,California
San Mateo,2021-04-26,6923,729762,5027,414289,1888,286699,8,28774,4003,145795,2906,305548,4022,451343,California
San Mateo,2021-04-27,11617,741379,8202,422491,3260,289959,155,28929,4758,143895,6824,312372,4924,456267,California
San Mateo,2021-04-28,8217,749596,4783,427274,3228,293187,206,29135,4384,144677,3815,316187,4597,460864,California
San Mateo,2021-04-29,8452,758048,4075,431349,4205,297392,172,29307,3836,144116,4585,320772,4024,464888,California
San Mateo,2021-04-30,8481,766529,5370,436719,2952,300344,159,29466,3633,143108,4819,325591,3811,468699,California
San Mateo,2021-05-01,6236,772765,4165,440884,1953,302297,118,29584,2695,142414,3520,329111,2826,471525,California
San Mateo,2021-05-02,3200,775965,1755,442639,1374,303671,71,29655,1156,141613,2033,331144,1232,472757,California
San Mateo,2021-05-03,6091,782056,4537,447176,1408,305079,146,29801,1848,139376,4232,335376,1995,474752,California
San Mateo,2021-05-04,7682,789738,5311,452487,2199,307278,172,29973,2549,136998,5118,340494,2740,477492,California
San Mateo,2021-05-05,7185,796923,4772,457259,2251,309529,162,30135,2450,134906,4704,345198,2612,480104,California
San Mateo,2021-05-06,8938,805861,7046,464305,1716,311245,176,30311,1792,129755,7124,352322,1973,482077,California
San Mateo,2021-05-07,8423,814284,6071,470376,2068,313313,284,30595,1866,125388,6531,358853,2164,484241,California
San Mateo,2021-05-08,7021,821305,4384,474760,2396,315709,241,30836,1926,122478,5081,363934,2171,486412,California
San Mateo,2021-05-09,3153,824458,2458,477218,621,316330,74,30910,943,121297,2199,366133,1018,487430,California
San Mateo,2021-05-10,4808,829266,3499,480717,1139,317469,170,31080,736,118150,4062,370195,915,488345,California
San Mateo,2021-05-11,7270,836536,5556,486273,1586,319055,128,31208,1718,114468,5531,375726,1849,490194,California
San Mateo,2021-05-12,7070,843606,5145,491418,1709,320764,216,31424,1425,110481,5630,381356,1643,491837,California
San Mateo,2021-05-13,9756,853362,7344,498762,2315,323079,97,31521,3413,107696,6309,387665,3524,495361,California
San Mateo,2021-05-14,8577,861939,6357,505119,2104,325183,116,31637,2582,104425,5975,393640,2704,498065,California
San Mateo,2021-05-15,10649,872588,8345,513464,2202,327385,102,31739,4713,103342,5919,399559,4836,502901,California
San Mateo,2021-05-16,7296,879884,5213,518677,2012,329397,71,31810,2283,100704,4992,404551,2354,505255,California
San Mateo,2021-05-17,7207,887091,5125,523802,1973,331370,109,31919,2125,97877,5065,409616,2238,507493,California
San Mateo,2021-05-18,8562,895653,5925,529727,2539,333909,98,32017,3063,95668,5376,414992,3167,510660,California
San Mateo,2021-05-19,7935,903588,5922,535649,1892,335801,121,32138,3557,95019,4330,419322,3681,514341,California
San Mateo,2021-05-20,5785,909373,3608,539257,2043,337844,134,32272,2182,93761,3577,422899,2319,516660,California
San Mateo,2021-05-21,7021,916394,4773,544030,2103,339947,145,32417,1867,90640,5133,428032,2012,518672,California
San Mateo,2021-05-22,6371,922765,4337,548367,1967,341914,67,32484,2645,89647,3707,431739,2714,521386,California
San Mateo,2021-05-23,3116,925881,1773,550140,1254,343168,89,32573,1193,89019,1910,433649,1282,522668,California
San Mateo,2021-05-24,3676,929557,2452,552592,1075,344243,149,32722,1224,87961,2429,436078,1371,524039,California
San Mateo,2021-05-25,4792,934349,3018,555610,1594,345837,180,32902,1576,86527,3193,439271,1759,525798,California
San Mateo,2021-05-26,5727,940076,3080,558690,2528,348365,119,33021,1784,84510,3920,443191,1903,527701,California
San Mateo,2021-05-27,3785,943861,2208,560898,1477,349842,100,33121,1200,83250,2556,445747,1296,528997,California
San Mateo,2021-05-28,3508,947369,2194,563092,1229,351071,85,33206,1297,82460,2171,447918,1381,530378,California
San Mateo,2021-05-29,3239,950608,2286,565378,901,351972,52,33258,1238,81778,1971,449889,1289,531667,California
San Mateo,2021-05-30,1645,952253,1112,566490,472,352444,61,33319,646,81497,988,450877,707,532374,California
San Mateo,2021-05-31,438,952691,275,566765,155,352599,8,33327,160,81390,275,451152,168,532542,California
San Mateo,2021-06-01,3342,956033,1974,568739,1273,353872,95,33422,958,80071,2371,453523,1052,533594,California
San Mateo,2021-06-02,2770,958803,1838,570577,854,354726,78,33500,1056,79505,1698,455221,1132,534726,California
San Mateo,2021-06-03,3819,962622,2997,573574,707,355433,115,33615,823,77458,2981,458202,934,535660,California
San Mateo,2021-06-04,4130,966752,3179,576753,857,356290,94,33709,1116,75662,2993,461195,1197,536857,California
San Mateo,2021-06-05,5157,971909,4504,581257,553,356843,100,33809,953,72542,4173,465368,1053,537910,California
San Mateo,2021-06-06,2532,974441,2086,583343,384,357227,62,33871,482,71055,2027,467395,540,538450,California
San Mateo,2021-06-07,3115,977556,2613,585956,419,357646,83,33954,696,69421,2411,469806,777,539227,California
San Mateo,2021-06-08,4089,981645,3455,589411,528,358174,106,34060,970,67414,3084,472890,1077,540304,California
San Mateo,2021-06-09,4144,985789,3569,592980,505,358679,70,34130,624,64598,3507,476397,691,540995,California
San Mateo,2021-06-10,2968,988757,2404,595384,449,359128,115,34245,749,63259,2203,478600,864,541859,California
San Mateo,2021-06-11,2863,991620,2298,597682,452,359580,113,34358,922,62363,1930,480530,1034,542893,California
San Mateo,2021-06-12,3145,994765,2802,600484,262,359842,81,34439,764,60841,2367,482897,845,543738,California
San Mateo,2021-06-13,1436,996201,1080,601564,293,360135,63,34502,344,60174,1074,483971,407,544145,California
San Mateo,2021-06-14,2443,998644,2110,603674,250,360385,83,34585,698,59243,1712,485683,781,544926,California
San Mateo,2021-06-15,2260,1000904,1792,605466,347,360732,121,34706,673,58467,1569,487252,793,545719,California
San Mateo,2021-06-16,2446,1003350,2028,607494,261,360993,157,34863,702,57621,1701,488953,855,546574,California
San Mateo,2021-06-17,1948,1005298,1611,609105,249,361242,88,34951,684,57181,1212,490165,772,547346,California
San Mateo,2021-06-18,2117,1007415,1774,610879,265,361507,78,35029,612,56382,1485,491650,686,548032,California
San Mateo,2021-06-19,1782,1009197,1561,612440,163,361670,58,35087,589,55906,1121,492771,645,548677,California
San Mateo,2021-06-20,765,1009962,696,613136,58,361728,11,35098,288,55761,444,493215,299,548976,California
San Mateo,2021-06-21,1246,1011208,931,614067,240,361968,75,35173,604,55806,636,493851,681,549657,California
San Mateo,2021-06-22,1590,1012798,1286,615353,208,362176,96,35269,594,55516,979,494830,689,550346,California
San Mateo,2021-06-23,1843,1014641,1563,616916,177,362353,103,35372,615,55038,1196,496026,718,551064,California
San Mateo,2021-06-24,1453,1016094,1079,617995,273,362626,101,35473,525,54753,908,496934,623,551687,California
San Mateo,2021-06-25,1774,1017868,1473,619468,223,362849,78,35551,654,54377,1108,498042,732,552419,California
San Mateo,2021-06-26,1235,1019103,1039,620507,138,362987,58,35609,490,54195,729,498771,547,552966,California
San Mateo,2021-06-27,653,1019756,530,621037,77,363064,46,35655,288,54165,364,499135,334,553300,California
San Mateo,2021-06-28,1249,1021005,1067,622104,106,363170,76,35731,492,53988,744,499879,567,553867,California
San Mateo,2021-06-29,1429,1022434,1150,623254,196,363366,83,35814,487,53621,933,500812,566,554433,California
San Mateo,2021-06-30,1263,1023697,1035,624289,128,363494,100,35914,563,53595,688,501500,662,555095,California
San Mateo,2021-07-01,1210,1024907,1028,625317,123,363617,59,35973,488,53442,700,502200,547,555642,California
San Mateo,2021-07-02,1467,1026374,1222,626539,170,363787,75,36048,557,53175,899,503099,632,556274,California
San Mateo,2021-07-03,1058,1027432,904,627443,112,363899,42,36090,418,53007,626,503725,458,556732,California
San Mateo,2021-07-04,50,1027482,44,627487,0,363899,6,36096,24,53012,25,503750,30,556762,California
San Mateo,2021-07-05,812,1028294,682,628169,103,364002,27,36123,352,52934,454,504204,376,557138,California
San Mateo,2021-07-06,1343,1029637,1112,629281,147,364149,84,36207,545,52773,787,504991,626,557764,California
San Mateo,2021-07-07,1100,1030737,891,630172,132,364281,77,36284,410,52580,680,505671,487,558251,California
San Mateo,2021-07-08,1147,1031884,929,631101,154,364435,64,36348,377,52256,764,506435,440,558691,California
San Mateo,2021-07-09,1133,1033017,905,632006,156,364591,72,36420,520,52242,603,507038,589,559280,California
San Mateo,2021-07-10,735,1033752,584,632590,105,364696,46,36466,285,52127,444,507482,329,559609,California
San Mateo,2021-07-11,292,1034044,206,632796,56,364752,30,36496,120,52108,169,507651,150,559759,California
Santa Barbara,2020-12-15,2,2,2,2,0,0,0,0,2,2,0,0,2,2,California
Santa Barbara,2020-12-16,2,4,2,4,0,0,0,0,2,4,0,0,2,4,California
Santa Barbara,2020-12-17,56,60,56,60,0,0,0,0,56,60,0,0,56,60,California
Santa Barbara,2020-12-18,384,444,383,443,1,1,0,0,384,444,0,0,384,444,California
Santa Barbara,2020-12-19,326,770,326,769,0,1,0,0,326,770,0,0,326,770,California
Santa Barbara,2020-12-20,235,1005,235,1004,0,1,0,0,235,1005,0,0,235,1005,California
Santa Barbara,2020-12-21,657,1662,655,1659,2,3,0,0,657,1662,0,0,657,1662,California
Santa Barbara,2020-12-22,246,1908,244,1903,2,5,0,0,246,1908,0,0,246,1908,California
Santa Barbara,2020-12-23,326,2234,208,2111,118,123,0,0,326,2234,0,0,326,2234,California
Santa Barbara,2020-12-24,88,2322,40,2151,48,171,0,0,88,2322,0,0,88,2322,California
Santa Barbara,2020-12-26,325,2647,66,2217,259,430,0,0,325,2647,0,0,325,2647,California
Santa Barbara,2020-12-27,62,2709,1,2218,61,491,0,0,62,2709,0,0,62,2709,California
Santa Barbara,2020-12-28,359,3068,226,2444,133,624,0,0,359,3068,0,0,359,3068,California
Santa Barbara,2020-12-29,562,3630,359,2803,203,827,0,0,562,3630,0,0,562,3630,California
Santa Barbara,2020-12-30,579,4209,396,3199,183,1010,0,0,579,4209,0,0,579,4209,California
Santa Barbara,2020-12-31,242,4451,114,3313,128,1138,0,0,242,4451,0,0,242,4451,California
Santa Barbara,2021-01-01,118,4569,112,3425,6,1144,0,0,118,4569,0,0,118,4569,California
Santa Barbara,2021-01-02,598,5167,232,3657,366,1510,0,0,598,5167,0,0,598,5167,California
Santa Barbara,2021-01-03,23,5190,15,3672,8,1518,0,0,23,5190,0,0,23,5190,California
Santa Barbara,2021-01-04,305,5495,242,3914,63,1581,0,0,304,5494,0,0,304,5494,California
Santa Barbara,2021-01-05,757,6252,382,4296,375,1956,0,0,729,6195,28,28,729,6223,California
Santa Barbara,2021-01-06,659,6911,277,4573,382,2338,0,0,597,6731,61,89,597,6820,California
Santa Barbara,2021-01-07,1032,7943,709,5282,323,2661,0,0,528,6759,500,589,528,7348,California
Santa Barbara,2021-01-08,1208,9151,850,6132,358,3019,0,0,713,6977,495,1084,713,8061,California
Santa Barbara,2021-01-09,562,9713,293,6425,269,3288,0,0,316,7047,246,1330,316,8377,California
Santa Barbara,2021-01-10,64,9777,51,6476,13,3301,0,0,47,7077,17,1347,47,8424,California
Santa Barbara,2021-01-11,850,10627,680,7156,170,3471,0,0,620,7468,229,1576,620,9044,California
Santa Barbara,2021-01-12,1442,12069,646,7802,796,4267,0,0,1282,8590,160,1736,1282,10326,California
Santa Barbara,2021-01-13,1223,13292,270,8072,953,5220,0,0,1096,9559,127,1863,1096,11422,California
Santa Barbara,2021-01-14,1261,14553,140,8212,1121,6341,0,0,1205,10710,55,1918,1206,12628,California
Santa Barbara,2021-01-15,1805,16358,419,8631,1386,7727,0,0,1722,12351,81,1999,1722,14350,California
Santa Barbara,2021-01-16,1278,17636,203,8834,1075,8802,0,0,1238,13550,39,2038,1238,15588,California
Santa Barbara,2021-01-17,126,17762,23,8857,103,8905,0,0,123,13670,3,2041,123,15711,California
Santa Barbara,2021-01-18,1150,18912,419,9276,731,9636,0,0,964,14448,186,2227,964,16675,California
Santa Barbara,2021-01-19,1653,20565,569,9845,1084,10720,0,0,1372,15542,278,2505,1372,18047,California
Santa Barbara,2021-01-20,2225,22790,656,10501,1569,12289,0,0,1803,16924,421,2926,1803,19850,California
Santa Barbara,2021-01-21,3201,25991,1920,12421,1281,13570,0,0,3038,19802,162,3088,3040,22890,California
Santa Barbara,2021-01-22,2951,28942,1794,14215,1157,14727,0,0,2779,22413,169,3257,2780,25670,California
Santa Barbara,2021-01-23,1740,30682,1107,15322,633,15360,0,0,1225,23124,514,3771,1225,26895,California
Santa Barbara,2021-01-24,845,31527,748,16070,97,15457,0,0,834,23948,10,3781,834,27729,California
Santa Barbara,2021-01-25,1241,32768,493,16563,748,16205,0,0,1005,24717,236,4017,1005,28734,California
Santa Barbara,2021-01-26,2050,34818,466,17029,1584,17789,0,0,1665,25999,383,4400,1665,30399,California
Santa Barbara,2021-01-27,1171,35989,398,17427,773,18562,0,0,908,26647,262,4662,910,31309,California
Santa Barbara,2021-01-28,902,36891,296,17723,606,19168,0,0,686,27121,212,4874,686,31995,California
Santa Barbara,2021-01-29,1348,38239,528,18251,820,19988,0,0,983,27745,361,5235,985,32980,California
Santa Barbara,2021-01-30,1904,40143,1416,19667,488,20476,0,0,1486,28816,415,5650,1486,34466,California
Santa Barbara,2021-01-31,1453,41596,1212,20879,241,20717,0,0,1414,30191,39,5689,1414,35880,California
Santa Barbara,2021-02-01,949,42545,518,21397,431,21148,0,0,550,30342,399,6088,550,36430,California
Santa Barbara,2021-02-02,1814,44359,683,22080,1131,22279,0,0,1047,30624,765,6853,1047,37477,California
Santa Barbara,2021-02-03,1964,46323,1080,23160,884,23163,0,0,1512,31695,441,7294,1512,38989,California
Santa Barbara,2021-02-04,2803,49126,1875,25035,928,24091,0,0,2503,33904,294,7588,2503,41492,California
Santa Barbara,2021-02-05,2927,52053,2077,27112,850,24941,0,0,2278,35536,646,8234,2278,43770,California
Santa Barbara,2021-02-06,1210,53263,341,27453,869,25810,0,0,799,35924,411,8645,799,44569,California
Santa Barbara,2021-02-07,311,53574,268,27721,43,25853,0,0,272,36159,37,8682,272,44841,California
Santa Barbara,2021-02-08,955,54529,309,28030,646,26499,0,0,665,36534,290,8972,665,45506,California
Santa Barbara,2021-02-09,2451,56980,316,28346,2135,28634,0,0,1122,36338,1318,10290,1122,46628,California
Santa Barbara,2021-02-10,2778,59758,1501,29847,1277,29911,0,0,745,35065,2019,12309,746,47374,California
Santa Barbara,2021-02-11,4213,63971,2821,32668,1392,31303,0,0,632,32130,3567,15876,632,48006,California
Santa Barbara,2021-02-12,3321,67292,949,33617,2372,33675,0,0,771,30357,2544,18420,771,48777,California
Santa Barbara,2021-02-13,1245,68537,345,33962,900,34575,0,0,564,30242,679,19099,564,49341,California
Santa Barbara,2021-02-14,336,68873,37,33999,299,34874,0,0,289,30485,47,19146,290,49631,California
Santa Barbara,2021-02-15,981,69854,348,34347,633,35507,0,0,496,30500,482,19628,497,50128,California
Santa Barbara,2021-02-16,2132,71986,407,34754,1725,37232,0,0,722,29817,1405,21033,722,50850,California
Santa Barbara,2021-02-17,1454,73440,329,35083,1125,38357,0,0,522,29415,927,21960,525,51375,California
Santa Barbara,2021-02-18,3276,76716,2668,37751,608,38965,0,0,1523,29226,1713,23673,1524,52899,California
Santa Barbara,2021-02-19,3619,80335,2654,40405,965,39930,0,0,2337,30285,1279,24952,2338,55237,California
Santa Barbara,2021-02-20,2329,82664,1524,41929,805,40735,0,0,1753,31473,566,25518,1754,56991,California
Santa Barbara,2021-02-21,145,82809,116,42045,29,40764,0,0,64,31458,79,25597,64,57055,California
Santa Barbara,2021-02-22,984,83793,268,42313,716,41480,0,0,284,31045,697,26294,284,57339,California
Santa Barbara,2021-02-23,3294,87087,1113,43426,2181,43661,0,0,440,28635,2851,29145,441,57780,California
Santa Barbara,2021-02-24,3355,90442,1156,44582,2199,45860,0,0,759,26810,2584,31729,759,58539,California
Santa Barbara,2021-02-25,3591,94033,2011,46593,1580,47440,0,0,1025,25281,2558,34287,1029,59568,California
Santa Barbara,2021-02-26,3720,97753,2200,48793,1520,48960,0,0,2000,25575,1707,35994,2001,61569,California
Santa Barbara,2021-02-27,1549,99302,569,49362,980,49940,0,0,864,25762,681,36675,868,62437,California
Santa Barbara,2021-02-28,1096,100398,223,49585,873,50813,0,0,896,26466,194,36869,898,63335,California
Santa Barbara,2021-03-01,1673,102071,492,50077,1179,51992,2,2,1111,27035,545,37414,1114,64449,California
Santa Barbara,2021-03-02,2678,104749,431,50508,2247,54239,0,2,2168,28708,497,37911,2170,66619,California
Santa Barbara,2021-03-03,4651,109400,2107,52615,2542,56781,2,4,4046,32167,594,38505,4053,70672,California
Santa Barbara,2021-03-04,3443,112843,2289,54904,1154,57935,0,4,2873,34481,561,39066,2875,73547,California
Santa Barbara,2021-03-05,3831,116674,2170,57074,1602,59537,59,63,3100,36916,725,39791,3160,76707,California
Santa Barbara,2021-03-06,2447,119121,733,57807,1494,61031,220,283,1679,38048,763,40554,1895,78602,California
Santa Barbara,2021-03-07,705,119826,125,57932,338,61369,242,525,405,38398,299,40853,649,79251,California
Santa Barbara,2021-03-08,1614,121440,384,58316,869,62238,361,886,804,38759,803,41656,1164,80415,California
Santa Barbara,2021-03-09,2801,124241,346,58662,1682,63920,773,1659,744,38217,2053,43709,1511,81926,California
Santa Barbara,2021-03-10,2772,127013,555,59217,1168,65088,1049,2708,1049,38592,1718,45427,2093,84019,California
Santa Barbara,2021-03-11,5593,132606,3033,62250,1444,66532,1116,3824,2281,38689,3292,48719,3389,87408,California
Santa Barbara,2021-03-12,3710,136316,2112,64362,1163,67695,435,4259,2181,39781,1521,50240,2613,90021,California
Santa Barbara,2021-03-13,3512,139828,1947,66309,1359,69054,206,4465,2701,41882,806,51046,2907,92928,California
Santa Barbara,2021-03-14,824,140652,401,66710,365,69419,58,4523,497,42112,326,51372,556,93484,California
Santa Barbara,2021-03-15,2123,142775,702,67412,1129,70548,292,4815,1273,42833,842,52214,1563,95047,California
Santa Barbara,2021-03-16,3732,146507,1180,68592,2209,72757,343,5158,2732,44914,995,53209,3076,98123,California
Santa Barbara,2021-03-17,3333,149840,984,69576,1944,74701,405,5563,2335,46654,995,54204,2735,100858,California
Santa Barbara,2021-03-18,5274,155114,2803,72379,2268,76969,203,5766,4035,49670,1222,55426,4238,105096,California
Santa Barbara,2021-03-19,4482,159596,2774,75153,1373,78342,335,6101,3058,51643,1419,56845,3392,108488,California
Santa Barbara,2021-03-20,2234,161830,844,75997,1367,79709,23,6124,1368,52174,862,57707,1393,109881,California
Santa Barbara,2021-03-21,1182,163012,385,76382,767,80476,30,6154,851,52729,327,58034,882,110763,California
Santa Barbara,2021-03-22,2794,165806,1924,78306,825,81301,45,6199,2225,54440,559,58593,2270,113033,California
Santa Barbara,2021-03-23,4467,170273,2253,80559,2112,83413,102,6301,3686,57454,771,59364,3785,116818,California
Santa Barbara,2021-03-24,5444,175717,3156,83715,1525,84938,763,7064,2969,58728,2452,61816,3726,120544,California
Santa Barbara,2021-03-25,5570,181287,3271,86986,2100,87038,199,7263,2775,58925,2777,64593,2974,123518,California
Santa Barbara,2021-03-26,5103,186390,3228,90214,1569,88607,306,7569,2216,58579,2868,67461,2522,126040,California
Santa Barbara,2021-03-27,2973,189363,1226,91440,1704,90311,43,7612,1625,58901,1344,68805,1666,127706,California
Santa Barbara,2021-03-28,2794,192157,1660,93100,1106,91417,28,7640,1905,59950,885,69690,1934,129640,California
Santa Barbara,2021-03-29,4048,196205,2085,95185,1891,93308,72,7712,3228,62434,816,70506,3300,132940,California
Santa Barbara,2021-03-30,6799,203004,3512,98697,3136,96444,151,7863,4525,64848,2259,72765,4673,137613,California
Santa Barbara,2021-03-31,8673,211677,5524,104221,3081,99525,68,7931,5017,66299,3634,76399,5085,142698,California
Santa Barbara,2021-04-01,7066,218743,5217,109438,1588,101113,261,8192,4169,67858,2871,79270,4430,147128,California
Santa Barbara,2021-04-02,6655,225398,4560,113998,1500,102613,595,8787,3417,68641,3228,82498,4011,151139,California
Santa Barbara,2021-04-03,3823,229221,2115,116113,1636,104249,72,8859,2522,69938,1294,83792,2591,153730,California
Santa Barbara,2021-04-04,909,230130,449,116562,419,104668,41,8900,499,70070,408,84200,540,154270,California
Santa Barbara,2021-04-05,3496,233626,2302,118864,929,105597,265,9165,2177,71203,1309,85509,2442,156712,California
Santa Barbara,2021-04-06,5506,239132,2842,121706,2111,107708,553,9718,3358,72981,2128,87637,3906,160618,California
Santa Barbara,2021-04-07,6027,245159,3288,124994,2195,109903,544,10262,4084,75673,1933,89570,4625,165243,California
Santa Barbara,2021-04-08,7432,252591,5048,130042,654,110557,1730,11992,3426,76828,3997,93567,5152,170395,California
Santa Barbara,2021-04-09,7345,259936,4888,134930,1095,111652,1362,13354,3305,77459,4029,97596,4660,175055,California
Santa Barbara,2021-04-10,6707,266643,4647,139577,1444,113096,616,13970,4557,80488,2141,99737,5170,180225,California
Santa Barbara,2021-04-11,2681,269324,1962,141539,415,113511,304,14274,1854,81819,821,100558,2152,182377,California
Santa Barbara,2021-04-12,4430,273754,2846,144385,1029,114540,555,14829,1915,81782,2506,103064,2469,184846,California
Santa Barbara,2021-04-13,6386,280140,4190,148575,2190,116730,6,14835,2660,80726,3721,106785,2665,187511,California
Santa Barbara,2021-04-14,6809,286949,4420,152995,2387,119117,2,14837,4243,82417,2555,109340,4246,191757,California
Santa Barbara,2021-04-15,7014,293963,4111,157106,2902,122019,1,14838,3775,82967,3227,112567,3777,195534,California
Santa Barbara,2021-04-16,6431,300394,3774,160880,2646,124665,11,14849,4426,85420,1983,114550,4436,199970,California
Santa Barbara,2021-04-17,5356,305750,3879,164759,1477,126142,0,14849,4095,88269,1246,115796,4095,204065,California
Santa Barbara,2021-04-18,2196,307946,1534,166293,662,126804,0,14849,382,86846,1806,117602,383,204448,California
Santa Barbara,2021-04-19,3282,311228,2263,168556,1013,127817,6,14855,1035,85649,2239,119841,1042,205490,California
Santa Barbara,2021-04-20,5970,317198,3999,172555,1970,129787,1,14856,1687,83069,4267,124108,1687,207177,California
Santa Barbara,2021-04-21,5580,322778,3692,176247,1888,131675,0,14856,1783,81076,3778,127886,1785,208962,California
Santa Barbara,2021-04-22,5146,327924,2598,178845,2547,134222,1,14857,1480,78912,3647,131533,1483,210445,California
Santa Barbara,2021-04-23,5625,333549,3892,182737,1733,135955,0,14857,1988,77278,3622,135155,1988,212433,California
Santa Barbara,2021-04-24,4426,337975,2877,185614,1544,137499,5,14862,1630,76138,2776,137931,1636,214069,California
Santa Barbara,2021-04-25,1849,339824,1185,186799,664,138163,0,14862,499,75297,1340,139271,499,214568,California
Santa Barbara,2021-04-26,3257,343081,1990,188789,1246,139409,21,14883,559,73189,2689,141960,581,215149,California
Santa Barbara,2021-04-27,3994,347075,2198,190987,1694,141103,102,14985,1178,71664,2805,144765,1280,216429,California
Santa Barbara,2021-04-28,4920,351995,2873,193860,1932,143035,115,15100,1398,69676,3505,148270,1517,217946,California
Santa Barbara,2021-04-29,5278,357273,3820,197680,1232,144267,226,15326,1438,67517,3822,152092,1663,219609,California
Santa Barbara,2021-04-30,4973,362246,3717,201397,1092,145359,164,15490,1412,65551,3541,155633,1575,221184,California
Santa Barbara,2021-05-01,5236,367482,4041,205438,1162,146521,33,15523,891,62146,4331,159964,926,222110,California
Santa Barbara,2021-05-02,1131,368613,668,206106,335,146856,128,15651,304,61753,825,160789,432,222542,California
Santa Barbara,2021-05-03,2202,370815,1474,207580,590,147446,138,15789,440,60573,1755,162544,575,223117,California
Santa Barbara,2021-05-04,3319,374134,1695,209275,1552,148998,72,15861,1149,59638,2155,164699,1220,224337,California
Santa Barbara,2021-05-05,5456,379590,3681,212956,1627,150625,148,16009,634,55614,4807,169506,783,225120,California
Santa Barbara,2021-05-06,5082,384672,3930,216886,1047,151672,105,16114,973,52600,4092,173598,1078,226198,California
Santa Barbara,2021-05-07,4659,389331,3641,220527,838,152510,180,16294,997,50128,3646,177244,1174,227372,California
Santa Barbara,2021-05-08,4306,393637,3191,223718,1017,153527,98,16392,908,47749,3386,180630,1007,228379,California
Santa Barbara,2021-05-09,699,394336,109,223827,550,154077,40,16432,461,48015,236,180866,502,228881,California
Santa Barbara,2021-05-10,1363,395699,660,224487,619,154696,84,16516,376,47490,984,181850,459,229340,California
Santa Barbara,2021-05-11,1933,397632,837,225324,800,155496,296,16812,443,46746,1480,183330,736,230076,California
Santa Barbara,2021-05-12,2085,399717,744,226068,1117,156613,224,17036,524,45947,1547,184877,748,230824,California
Santa Barbara,2021-05-13,3896,403613,2788,228856,910,157523,198,17234,1236,44734,2646,187523,1433,232257,California
Santa Barbara,2021-05-14,4155,407768,2525,231381,1536,159059,94,17328,1619,43925,2521,190044,1712,233969,California
Santa Barbara,2021-05-15,3518,411286,2559,233940,940,159999,19,17347,1842,44123,1664,191708,1862,235831,California
Santa Barbara,2021-05-16,1140,412426,522,234462,503,160502,115,17462,530,44163,605,192313,645,236476,California
Santa Barbara,2021-05-17,1640,414066,936,235398,641,161143,63,17525,862,44314,773,193086,924,237400,California
Santa Barbara,2021-05-18,1861,415927,1164,236562,603,161746,94,17619,977,44519,867,193953,1072,238472,California
Santa Barbara,2021-05-19,1770,417697,974,237536,756,162502,40,17659,808,44413,953,194906,847,239319,California
Santa Barbara,2021-05-20,1750,419447,952,238488,679,163181,119,17778,876,44548,861,195767,996,240315,California
Santa Barbara,2021-05-21,3463,422910,2342,240830,1067,164248,54,17832,1257,43669,2191,197958,1312,241627,California
Santa Barbara,2021-05-22,2468,425378,1708,242538,716,164964,44,17876,1399,44051,1062,199020,1444,243071,California
Santa Barbara,2021-05-23,772,426150,346,242884,396,165360,30,17906,422,44154,349,199369,452,243523,California
Santa Barbara,2021-05-24,1007,427157,588,243472,356,165716,63,17969,483,44182,518,199887,546,244069,California
Santa Barbara,2021-05-25,1402,428559,566,244038,767,166483,69,18038,460,43775,936,200823,529,244598,California
Santa Barbara,2021-05-26,3013,431572,1711,245749,1179,167662,123,18161,838,42574,2160,202983,959,245557,California
Santa Barbara,2021-05-27,1953,433525,1211,246960,600,168262,142,18303,825,42421,1121,204104,968,246525,California
Santa Barbara,2021-05-28,1504,435029,697,247657,655,168917,152,18455,613,42298,888,204992,765,247290,California
Santa Barbara,2021-05-29,906,435935,321,247978,548,169465,37,18492,366,42164,537,205529,403,247693,California
Santa Barbara,2021-05-30,509,436444,180,248158,230,169695,99,18591,184,42123,323,205852,282,247975,California
Santa Barbara,2021-05-31,95,436539,42,248200,43,169738,10,18601,22,42082,72,205924,31,248006,California
Santa Barbara,2021-06-01,1133,437672,592,248792,483,170221,58,18659,441,41895,686,206610,499,248505,California
Santa Barbara,2021-06-02,984,438656,585,249377,316,170537,83,18742,426,41850,553,207163,508,249013,California
Santa Barbara,2021-06-03,2060,440716,1549,250926,454,170991,57,18799,615,41083,1436,208599,669,249682,California
Santa Barbara,2021-06-04,1458,442174,670,251596,648,171639,140,18939,488,40746,961,209560,624,250306,California
Santa Barbara,2021-06-05,2914,445088,2213,253809,649,172288,52,18991,481,38855,2423,211983,532,250838,California
Santa Barbara,2021-06-06,925,446013,487,254296,419,172707,19,19010,232,38416,690,212673,251,251089,California
Santa Barbara,2021-06-07,1170,447183,832,255128,286,172993,52,19062,300,37901,867,213540,352,251441,California
Santa Barbara,2021-06-08,1110,448293,710,255838,368,173361,32,19094,290,37407,815,214355,321,251762,California
Santa Barbara,2021-06-09,1025,449318,698,256536,242,173603,85,19179,317,37105,704,215059,402,252164,California
Santa Barbara,2021-06-10,2389,451707,2073,258609,244,173847,72,19251,523,35837,1862,216921,594,252758,California
Santa Barbara,2021-06-11,1307,453014,606,259215,597,174444,104,19355,390,35420,911,217832,494,253252,California
Santa Barbara,2021-06-12,890,453904,598,259813,269,174713,23,19378,234,35028,648,218480,256,253508,California
Santa Barbara,2021-06-13,489,454393,301,260114,91,174804,97,19475,125,34888,362,218842,222,253730,California
Santa Barbara,2021-06-14,1255,455648,857,260971,322,175126,76,19551,335,34387,912,219754,411,254141,California
Santa Barbara,2021-06-15,1146,456794,755,261726,356,175482,35,19586,397,34078,741,220495,432,254573,California
Santa Barbara,2021-06-16,932,457726,647,262373,238,175720,47,19633,354,33905,572,221067,399,254972,California
Santa Barbara,2021-06-17,1876,459602,1545,263918,242,175962,89,19722,625,33370,1247,222314,712,255684,California
Santa Barbara,2021-06-18,1107,460709,713,264631,295,176257,99,19821,361,33088,742,223056,460,256144,California
Santa Barbara,2021-06-19,540,461249,363,264994,145,176402,32,19853,249,33081,288,223344,281,256425,California
Santa Barbara,2021-06-20,371,461620,212,265206,149,176551,10,19863,154,33028,216,223560,163,256588,California
Santa Barbara,2021-06-21,527,462147,264,265470,210,176761,53,19916,275,33109,247,223807,328,256916,California
Santa Barbara,2021-06-22,765,462912,495,265965,239,177000,31,19947,299,32976,462,224269,329,257245,California
Santa Barbara,2021-06-23,779,463691,564,266529,183,177183,32,19979,333,32899,441,224710,364,257609,California
Santa Barbara,2021-06-24,1354,465045,1146,267675,150,177333,58,20037,579,32766,768,225478,635,258244,California
Santa Barbara,2021-06-25,971,466016,617,268292,292,177625,62,20099,449,32758,518,225996,510,258754,California
Santa Barbara,2021-06-26,508,466524,354,268646,123,177748,31,20130,200,32681,308,226304,231,258985,California
Santa Barbara,2021-06-27,393,466917,257,268903,73,177821,63,20193,187,32729,202,226506,250,259235,California
Santa Barbara,2021-06-28,466,467383,305,269208,127,177948,34,20227,237,32771,229,226735,271,259506,California
Santa Barbara,2021-06-29,558,467941,379,269587,164,178112,15,20242,268,32769,284,227019,282,259788,California
Santa Barbara,2021-06-30,649,468590,461,270048,149,178261,39,20281,314,32795,327,227346,353,260141,California
Santa Barbara,2021-07-01,1064,469654,795,270843,120,178381,149,20430,413,32707,649,227995,561,260702,California
Santa Barbara,2021-07-02,771,470425,513,271356,203,178584,55,20485,376,32745,393,228388,431,261133,California
Santa Barbara,2021-07-03,348,470773,220,271576,118,178702,10,20495,154,32718,190,228578,163,261296,California
Santa Barbara,2021-07-04,25,470798,15,271591,10,178712,0,20495,9,32711,16,228594,9,261305,California
Santa Barbara,2021-07-05,492,471290,317,271908,156,178868,19,20514,221,32681,270,228864,240,261545,California
Santa Barbara,2021-07-06,543,471833,395,272303,121,178989,27,20541,200,32569,339,229203,227,261772,California
Santa Barbara,2021-07-07,583,472416,417,272720,120,179109,46,20587,266,32567,314,229517,312,262084,California
Santa Barbara,2021-07-08,990,473406,850,273570,106,179215,34,20621,427,32468,559,230076,460,262544,California
Santa Barbara,2021-07-09,696,474102,483,274053,159,179374,54,20675,286,32405,401,230477,338,262882,California
Santa Barbara,2021-07-10,417,474519,306,274359,85,179459,26,20701,156,32329,258,230735,182,263064,California
Santa Barbara,2021-07-11,209,474728,160,274519,37,179496,12,20713,82,32296,125,230860,92,263156,California
Santa Clara,2020-12-15,73,73,73,73,0,0,0,0,73,73,0,0,73,73,California
Santa Clara,2020-12-16,153,226,153,226,0,0,0,0,153,226,0,0,153,226,California
Santa Clara,2020-12-17,408,634,408,634,0,0,0,0,408,634,0,0,408,634,California
Santa Clara,2020-12-18,1759,2393,1758,2392,1,1,0,0,1759,2393,0,0,1759,2393,California
Santa Clara,2020-12-19,2079,4472,2079,4471,0,1,0,0,2078,4471,0,0,2078,4471,California
Santa Clara,2020-12-20,1905,6377,1904,6375,1,2,0,0,1902,6373,0,0,1902,6373,California
Santa Clara,2020-12-21,2676,9053,2676,9051,0,2,0,0,2672,9044,1,1,2672,9045,California
Santa Clara,2020-12-22,3132,12185,3125,12176,7,9,0,0,3127,12169,2,3,3127,12172,California
Santa Clara,2020-12-23,3277,15462,3087,15263,190,199,0,0,3274,15442,1,4,3274,15446,California
Santa Clara,2020-12-24,1893,17355,1701,16964,192,391,0,0,1886,17326,2,6,1886,17332,California
Santa Clara,2020-12-25,349,17704,348,17312,1,392,0,0,349,17675,0,6,349,17681,California
Santa Clara,2020-12-26,1276,18980,1041,18353,235,627,0,0,1275,18950,0,6,1275,18956,California
Santa Clara,2020-12-27,659,19639,516,18869,143,770,0,0,659,19609,0,6,659,19615,California
Santa Clara,2020-12-28,2359,21998,1747,20616,612,1382,0,0,2359,21968,0,6,2359,21974,California
Santa Clara,2020-12-29,2376,24374,1510,22126,866,2248,0,0,2374,24342,0,6,2374,24348,California
Santa Clara,2020-12-30,3001,27375,1900,24026,1101,3349,0,0,2998,27337,3,9,2998,27346,California
Santa Clara,2020-12-31,1239,28614,399,24425,840,4189,0,0,1238,28574,1,10,1238,28584,California
Santa Clara,2021-01-01,155,28769,18,24443,137,4326,0,0,153,28725,2,12,153,28737,California
Santa Clara,2021-01-02,1098,29867,819,25262,279,4605,0,0,1098,29823,0,12,1098,29835,California
Santa Clara,2021-01-03,590,30457,372,25634,218,4823,0,0,585,30405,3,15,585,30420,California
Santa Clara,2021-01-04,2485,32942,1681,27315,804,5627,0,0,2482,32887,0,15,2482,32902,California
Santa Clara,2021-01-05,3109,36051,2040,29355,1069,6696,0,0,2913,35611,195,210,2919,35821,California
Santa Clara,2021-01-06,3368,39419,1994,31349,1374,8070,0,0,2758,37767,605,815,2761,38582,California
Santa Clara,2021-01-07,4241,43660,2577,33926,1664,9734,0,0,3153,39850,1077,1892,3160,41742,California
Santa Clara,2021-01-08,5897,49557,3861,37787,2036,11770,0,0,3775,41513,2112,4004,3775,45517,California
Santa Clara,2021-01-09,3043,52600,1919,39706,1124,12894,0,0,1720,41916,1320,5324,1723,47240,California
Santa Clara,2021-01-10,1971,54571,1521,41227,450,13344,0,0,751,41449,1218,6542,751,47991,California
Santa Clara,2021-01-11,6011,60582,3801,45028,2210,15554,0,0,3409,42265,2599,9141,3415,51406,California
Santa Clara,2021-01-12,6915,67497,3510,48538,3405,18959,0,0,4574,44515,2326,11467,4576,55982,California
Santa Clara,2021-01-13,7474,74971,3141,51679,4333,23292,0,0,5220,47486,2250,13717,5221,61203,California
Santa Clara,2021-01-14,8320,83291,2872,54551,5448,28740,0,0,6518,52213,1793,15510,6520,67723,California
Santa Clara,2021-01-15,9569,92860,2776,57327,6793,35533,0,0,8161,58977,1402,16912,8166,75889,California
Santa Clara,2021-01-16,4361,97221,1260,58587,3101,38634,0,0,3500,61620,857,17769,3500,79389,California
Santa Clara,2021-01-17,3246,100467,620,59207,2626,41260,0,0,2735,63848,507,18276,2735,82124,California
Santa Clara,2021-01-18,5125,105592,1180,60387,3945,45205,0,0,4557,67838,568,18844,4558,86682,California
Santa Clara,2021-01-19,8528,114120,2708,63095,5820,51025,0,0,6822,72961,1702,20546,6825,93507,California
Santa Clara,2021-01-20,8458,122578,4458,67553,4000,55025,0,0,6884,78276,1569,22115,6884,100391,California
Santa Clara,2021-01-21,8929,131507,3952,71505,4977,60002,0,0,7642,84638,1282,23397,7644,108035,California
Santa Clara,2021-01-22,8746,140253,3314,74819,5432,65434,0,0,8162,92223,580,23977,8165,116200,California
Santa Clara,2021-01-23,3808,144061,1687,76506,2121,67555,0,0,2837,94090,971,24948,2838,119038,California
Santa Clara,2021-01-24,2852,146913,1431,77937,1421,68976,0,0,2356,95955,491,25439,2356,121394,California
Santa Clara,2021-01-25,8413,155326,3809,81746,4604,73580,0,0,6321,100194,2084,27523,6323,127717,California
Santa Clara,2021-01-26,8328,163654,3799,85545,4529,78109,0,0,6168,104217,2148,29671,6171,133888,California
Santa Clara,2021-01-27,8817,172471,3887,89432,4930,83039,0,0,6865,109152,1931,31602,6866,140754,California
Santa Clara,2021-01-28,9546,182017,3823,93255,5723,88762,0,0,7542,114716,1983,33585,7547,148301,California
Santa Clara,2021-01-29,9624,191641,3972,97227,5652,94414,0,0,7417,119939,2195,35780,7418,155719,California
Santa Clara,2021-01-30,4218,195859,2098,99325,2120,96534,0,0,2987,121705,1222,37002,2988,158707,California
Santa Clara,2021-01-31,2205,198064,1323,100648,882,97416,0,0,1595,122697,603,37605,1595,160302,California
Santa Clara,2021-02-01,7875,205939,3513,104161,4362,101778,0,0,6150,127139,1710,39315,6152,166454,California
Santa Clara,2021-02-02,8662,214601,2895,107056,5767,107545,0,0,6609,131709,2042,41357,6612,173066,California
Santa Clara,2021-02-03,9279,223880,3484,110540,5795,113340,0,0,6958,136358,2315,43672,6964,180030,California
Santa Clara,2021-02-04,11047,234927,4178,114718,6869,120209,0,0,8710,142747,2325,45997,8714,188744,California
Santa Clara,2021-02-05,12047,246974,4390,119108,7657,127866,0,0,8547,147813,3482,49479,8548,197292,California
Santa Clara,2021-02-06,5236,252210,2842,121950,2394,130260,0,0,4047,150679,1183,50662,4049,201341,California
Santa Clara,2021-02-07,3499,255709,2361,124311,1138,131398,0,0,3039,153262,457,51119,3040,204381,California
Santa Clara,2021-02-08,10112,265821,3555,127866,6557,137955,0,0,7348,157861,2751,53870,7350,211731,California
Santa Clara,2021-02-09,11240,277061,3843,131709,7397,145352,0,0,7707,162055,3517,57387,7711,219442,California
Santa Clara,2021-02-10,12805,289866,4978,136687,7827,153179,0,0,6642,162557,6143,63530,6645,226087,California
Santa Clara,2021-02-11,13653,303519,4789,141476,8864,162043,0,0,7658,164241,5976,69506,7660,233747,California
Santa Clara,2021-02-12,14714,318233,4543,146019,10171,172214,0,0,6993,163542,7694,77200,6995,240742,California
Santa Clara,2021-02-13,6178,324411,1503,147522,4675,176889,0,0,2247,161868,3923,81123,2249,242991,California
Santa Clara,2021-02-14,4658,329069,1165,148687,3493,180382,0,0,1482,160180,3172,84295,1484,244475,California
Santa Clara,2021-02-15,6337,335406,2826,151513,3511,183893,0,0,2736,159327,3590,87885,2737,247212,California
Santa Clara,2021-02-16,13918,349324,4028,155541,9890,193783,0,0,6977,159388,6917,94802,6978,254190,California
Santa Clara,2021-02-17,14170,363494,5562,161103,8608,202391,0,0,7050,159349,7095,101897,7056,261246,California
Santa Clara,2021-02-18,14365,377859,8465,169568,5900,208291,0,0,7311,159659,7005,108902,7315,268561,California
Santa Clara,2021-02-19,15038,392897,9662,179230,5376,213667,0,0,8735,162123,6278,115180,8742,277303,California
Santa Clara,2021-02-20,7083,399980,5307,184537,1776,215443,0,0,3807,162672,3259,118439,3808,281111,California
Santa Clara,2021-02-21,3447,403427,2565,187102,882,216325,0,0,1289,161825,2138,120577,1291,282402,California
Santa Clara,2021-02-22,10845,414272,6475,193577,4370,220695,0,0,5020,161056,5790,126367,5021,287423,California
Santa Clara,2021-02-23,12569,426841,8119,201696,4450,225145,0,0,7083,162685,5458,131825,7087,294510,California
Santa Clara,2021-02-24,14930,441771,9605,211301,5325,230470,0,0,9152,166081,5756,137581,9152,303662,California
Santa Clara,2021-02-25,15653,457424,9978,221279,5675,236145,0,0,8471,167420,7141,144722,8480,312142,California
Santa Clara,2021-02-26,15379,472803,8885,230164,6494,242639,0,0,8348,168794,6981,151703,8355,320497,California
Santa Clara,2021-02-27,8483,481286,5846,236010,2636,245275,1,1,4734,169815,3721,155424,4742,325239,California
Santa Clara,2021-02-28,5390,486676,3679,239689,1710,246985,1,2,2674,169791,2699,158123,2675,327914,California
Santa Clara,2021-03-01,14571,501247,8376,248065,6189,253174,6,8,9023,173298,5522,163645,9029,336943,California
Santa Clara,2021-03-02,16192,517439,9578,257643,6612,259786,2,10,10331,177800,5831,169476,10333,347276,California
Santa Clara,2021-03-03,18722,536161,9264,266907,9454,269240,4,14,11644,182417,7035,176511,11652,358928,California
Santa Clara,2021-03-04,16612,552773,9036,275943,7573,276813,3,17,9657,185221,6859,183370,9663,368591,California
Santa Clara,2021-03-05,16673,569446,9269,285212,7277,284090,127,144,9255,187221,7388,190758,9388,377979,California
Santa Clara,2021-03-06,9465,578911,6332,291544,2683,286773,450,594,7106,192430,2346,193104,7555,385534,California
Santa Clara,2021-03-07,7064,585975,4496,296040,2184,288957,384,978,5516,196791,1533,194637,5894,391428,California
Santa Clara,2021-03-08,12976,598951,6745,302785,5630,294587,601,1579,8305,201038,4654,199291,8901,400329,California
Santa Clara,2021-03-09,15329,614280,6535,309320,7462,302049,1332,2911,6915,200879,8389,207680,8230,408559,California
Santa Clara,2021-03-10,15292,629572,6706,316026,6465,308514,2121,5032,6319,200348,8935,216615,8404,416963,California
Santa Clara,2021-03-11,17157,646729,7797,323823,7852,316366,1508,6540,6073,196869,11042,227657,7563,424526,California
Santa Clara,2021-03-12,17780,664509,9137,332960,7071,323437,1572,8112,5955,192594,11771,239428,7496,432022,California
Santa Clara,2021-03-13,10886,675395,6308,339268,3071,326508,1507,9619,4840,192886,6016,245444,6308,438330,California
Santa Clara,2021-03-14,6550,681945,3407,342675,1838,328346,1305,10924,3170,193980,3359,248803,4453,442783,California
Santa Clara,2021-03-15,12862,694807,6575,349250,6009,334355,278,11202,5916,193260,6913,255716,6193,448976,California
Santa Clara,2021-03-16,18336,713143,10356,359606,7771,342126,209,11411,8748,192660,9553,265269,8953,457929,California
Santa Clara,2021-03-17,20124,733267,11439,371045,8514,350640,171,11582,10267,193295,9796,275065,10431,468360,California
Santa Clara,2021-03-18,19337,752604,9076,380121,9098,359738,1163,12745,8978,193124,10298,285363,10127,478487,California
Santa Clara,2021-03-19,19556,772160,10088,390209,8460,368198,1008,13753,9895,194443,9575,294938,10894,489381,California
Santa Clara,2021-03-20,11615,783775,6405,396614,4378,372576,832,14585,6698,197101,4867,299805,7525,496906,California
Santa Clara,2021-03-21,8380,792155,3849,400463,3133,375709,1398,15983,5352,200821,3011,302816,6731,503637,California
Santa Clara,2021-03-22,16567,808722,9231,409694,6982,382691,354,16337,9147,202934,7384,310200,9497,513134,California
Santa Clara,2021-03-23,19516,828238,12397,422091,6593,389284,526,16863,11210,206412,8252,318452,11730,524864,California
Santa Clara,2021-03-24,22829,851067,14645,436736,7766,397050,418,17281,14631,213308,8151,326603,15047,539911,California
Santa Clara,2021-03-25,23125,874192,13230,449966,8903,405953,992,18273,14811,220857,8234,334837,15783,555694,California
Santa Clara,2021-03-26,22128,896320,14076,464042,7661,413614,391,18664,13579,226315,8502,343339,13960,569654,California
Santa Clara,2021-03-27,15811,912131,10512,474554,4529,418143,770,19434,8469,228258,7291,350630,9234,578888,California
Santa Clara,2021-03-28,12087,924218,8391,482945,2980,421123,716,20150,6473,229853,5586,356216,7181,586069,California
Santa Clara,2021-03-29,20701,944919,12647,495592,7327,428450,727,20877,11194,232303,9459,365675,11909,597978,California
Santa Clara,2021-03-30,25798,970717,15292,510884,8557,437007,1949,22826,16220,240927,9528,375203,18152,616130,California
Santa Clara,2021-03-31,20633,991350,11923,522807,7572,444579,1138,23964,12542,246550,8040,383243,13663,629793,California
Santa Clara,2021-04-01,32038,1023388,19879,542686,9043,453622,3116,27080,20221,258103,11733,394976,23286,653079,California
Santa Clara,2021-04-02,25443,1048831,14400,557086,8814,462436,2229,29309,16591,268094,8800,403776,18791,671870,California
Santa Clara,2021-04-03,15391,1064222,9328,566414,3517,465953,2546,31855,8499,272251,6864,410640,11021,682891,California
Santa Clara,2021-04-04,7668,1071890,4053,570467,2438,468391,1177,33032,3946,273645,3708,414348,5102,687993,California
Santa Clara,2021-04-05,22050,1093940,14635,585102,4905,473296,2510,35542,14383,282884,7628,421976,16867,704860,California
Santa Clara,2021-04-06,29796,1123736,16387,601489,7908,481204,5501,41043,17841,294280,11896,433872,23292,728152,California
Santa Clara,2021-04-07,31063,1154799,16028,617517,8513,489717,6522,47565,18942,307639,12056,445928,25415,753567,California
Santa Clara,2021-04-08,30176,1184975,16457,633974,6068,495785,7651,55216,16420,317978,13672,459600,24011,777578,California
Santa Clara,2021-04-09,28293,1213268,13991,647965,6970,502755,7332,62548,14446,325911,13770,473370,21703,799281,California
Santa Clara,2021-04-10,21669,1234937,12483,660448,3804,506559,5382,67930,11552,332709,10074,483444,16872,816153,California
Santa Clara,2021-04-11,16113,1251050,9653,670101,2665,509224,3795,71725,8332,337064,7741,491185,12096,828249,California
Santa Clara,2021-04-12,27213,1278263,19080,689181,5586,514810,2547,74272,18470,349390,8675,499860,21001,849250,California
Santa Clara,2021-04-13,34674,1312937,27264,716445,7381,522191,29,74301,26695,368238,7899,507759,26747,875997,California
Santa Clara,2021-04-14,37221,1350158,28209,744654,9008,531199,4,74305,26377,383891,10767,518526,26420,902417,California
Santa Clara,2021-04-15,44725,1394883,34603,779257,10116,541315,6,74311,34367,408057,10233,528759,34399,936816,California
Santa Clara,2021-04-16,38926,1433809,26647,805904,12275,553590,4,74315,27817,424882,11023,539782,27848,964664,California
Santa Clara,2021-04-17,22380,1456189,15300,821204,7078,560668,2,74317,15355,433303,6956,546738,15377,980041,California
Santa Clara,2021-04-18,16963,1473152,11155,832359,5808,566476,0,74317,10602,437590,6328,553066,10615,990656,California
Santa Clara,2021-04-19,29330,1502482,21201,853560,8128,574604,1,74318,17556,443487,11695,564761,17592,1008248,California
Santa Clara,2021-04-20,38168,1540650,23517,877077,14649,589253,2,74320,23249,451981,14796,579557,23290,1031538,California
Santa Clara,2021-04-21,38196,1578846,22568,899645,15626,604879,2,74322,25017,463970,13071,592628,25060,1056598,California
Santa Clara,2021-04-22,37996,1616842,25486,925131,12509,617388,1,74323,17892,461944,19995,612623,17969,1074567,California
Santa Clara,2021-04-23,32785,1649627,20164,945295,12620,630008,1,74324,15346,460023,17328,629951,15407,1089974,California
Santa Clara,2021-04-24,21237,1670864,15499,960794,5737,635745,1,74325,12055,463008,9102,639053,12087,1102061,California
Santa Clara,2021-04-25,13605,1684469,9836,970630,3763,639508,6,74331,8687,466851,4874,643927,8717,1110778,California
Santa Clara,2021-04-26,25524,1709993,19717,990347,5747,645255,60,74391,10611,462733,14814,658741,10696,1121474,California
Santa Clara,2021-04-27,28001,1737994,19959,1010306,7654,652909,388,74779,12210,459693,15690,674431,12650,1134124,California
Santa Clara,2021-04-28,26573,1764567,19782,1030088,6352,659261,439,75218,11276,456268,15210,689641,11785,1145909,California
Santa Clara,2021-04-29,24515,1789082,17991,1048079,6122,665383,402,75620,9221,450766,15208,704849,9706,1155615,California
Santa Clara,2021-04-30,23708,1812790,16348,1064427,6990,672373,370,75990,10146,447910,13464,718313,10608,1166223,California
Santa Clara,2021-05-01,17530,1830320,14529,1078956,2735,675108,266,76256,5523,441794,11949,730262,5833,1172056,California
Santa Clara,2021-05-02,11326,1841646,9396,1088352,1696,676804,234,76490,3487,437745,7789,738051,3740,1175796,California
Santa Clara,2021-05-03,22905,1864551,19394,1107746,3076,679880,435,76925,5139,425679,17687,755738,5621,1181417,California
Santa Clara,2021-05-04,31170,1895721,24491,1132237,6135,686015,544,77469,5564,406343,25495,781233,6159,1187576,California
Santa Clara,2021-05-05,32799,1928520,25045,1157282,7211,693226,543,78012,5532,385282,27165,808398,6104,1193680,California
Santa Clara,2021-05-06,35958,1964478,30025,1187307,5459,698685,474,78486,4775,359505,31048,839446,5271,1198951,California
Santa Clara,2021-05-07,32922,1997400,26495,1213802,5937,704622,490,78976,4709,336681,28072,867518,5248,1204199,California
Santa Clara,2021-05-08,17228,2014628,14120,1227922,2680,707302,428,79404,3717,327420,13421,880939,4160,1208359,California
Santa Clara,2021-05-09,10575,2025203,9206,1237128,1183,708485,186,79590,2333,321746,8206,889145,2532,1210891,California
Santa Clara,2021-05-10,21151,2046354,16973,1254101,3774,712259,404,79994,2647,306397,18421,907566,3072,1213963,California
Santa Clara,2021-05-11,22881,2069235,17322,1271423,5114,717373,445,80439,4018,292099,18767,926333,4469,1218432,California
Santa Clara,2021-05-12,21569,2090804,15886,1287309,5158,722531,525,80964,4247,279655,17222,943555,4778,1223210,California
Santa Clara,2021-05-13,28356,2119160,22981,1310290,5073,727604,302,81266,11263,274229,17000,960555,11574,1234784,California
Santa Clara,2021-05-14,27971,2147131,19578,1329868,8003,735607,390,81656,9638,266040,18229,978784,10040,1244824,California
Santa Clara,2021-05-15,21014,2168145,16907,1346775,3826,739433,281,81937,8141,261684,12786,991570,8430,1253254,California
Santa Clara,2021-05-16,16428,2184573,13432,1360207,2821,742254,175,82112,5376,256267,10972,1002542,5555,1258809,California
Santa Clara,2021-05-17,20436,2205009,16088,1376295,3980,746234,368,82480,6863,250002,13497,1016039,7232,1266041,California
Santa Clara,2021-05-18,26199,2231208,16744,1393039,9039,755273,416,82896,7169,238693,18895,1034934,7586,1273627,California
Santa Clara,2021-05-19,24638,2255846,14417,1407456,9797,765070,424,83320,7313,229222,17215,1052149,7744,1281371,California
Santa Clara,2021-05-20,18542,2274388,12204,1419660,5887,770957,451,83771,6099,223414,12354,1064503,6546,1287917,California
Santa Clara,2021-05-21,22343,2296731,14854,1434514,6993,777950,496,84267,7383,216458,14851,1079354,7895,1295812,California
Santa Clara,2021-05-22,13039,2309770,9881,1444395,2800,780750,358,84625,5740,215328,7232,1086586,6102,1301914,California
Santa Clara,2021-05-23,8448,2318218,6291,1450686,1955,782705,202,84827,3417,213961,4988,1091574,3621,1305535,California
Santa Clara,2021-05-24,10918,2329136,7877,1458563,2592,785297,449,85276,3787,211128,7070,1098644,4237,1309772,California
Santa Clara,2021-05-25,11489,2340625,7949,1466512,3122,788419,418,85694,4398,208927,7015,1105659,4814,1314586,California
Santa Clara,2021-05-26,10441,2351066,6773,1473285,3331,791750,337,86031,3964,206853,6369,1112028,4295,1318881,California
Santa Clara,2021-05-27,9416,2360482,6010,1479295,2932,794682,474,86505,3514,205000,5834,1117862,3981,1322862,California
Santa Clara,2021-05-28,10918,2371400,7085,1486380,3403,798085,430,86935,4454,203489,6396,1124258,4885,1327747,California
Santa Clara,2021-05-29,6358,2377758,4335,1490715,1742,799827,281,87216,2710,202870,3606,1127864,2987,1330734,California
Santa Clara,2021-05-30,3872,2381630,2910,1493625,753,800580,209,87425,1836,202909,2005,1129869,2044,1332778,California
Santa Clara,2021-05-31,1098,2382728,628,1494253,361,800941,109,87534,438,202803,653,1130522,547,1333325,California
Santa Clara,2021-06-01,9075,2391803,6378,1500631,2314,803255,383,87917,3010,200203,5992,1136514,3392,1336717,California
Santa Clara,2021-06-02,7716,2399519,5542,1506173,1822,805077,352,88269,2910,198708,4748,1141262,3253,1339970,California
Santa Clara,2021-06-03,12245,2411764,10139,1516312,1739,806816,367,88636,2630,192154,9554,1150816,3000,1342970,California
Santa Clara,2021-06-04,13631,2425395,11413,1527725,1902,808718,316,88952,3285,185475,10273,1161089,3594,1346564,California
Santa Clara,2021-06-05,10519,2435914,9041,1536766,1218,809936,260,89212,2202,179670,8265,1169354,2460,1349024,California
Santa Clara,2021-06-06,6967,2442881,6212,1542978,599,810535,156,89368,1386,175680,5531,1174885,1541,1350565,California
Santa Clara,2021-06-07,9959,2452840,8392,1551370,1323,811858,244,89612,2313,170627,7607,1182492,2554,1353119,California
Santa Clara,2021-06-08,9178,2462018,7496,1558866,1412,813270,270,89882,2451,166677,6668,1189160,2718,1355837,California
Santa Clara,2021-06-09,9553,2471571,7968,1566834,1332,814602,253,90135,2270,161977,7218,1196378,2518,1358355,California
Santa Clara,2021-06-10,8327,2479898,6914,1573748,1082,815684,331,90466,2249,158528,6025,1202403,2576,1360931,California
Santa Clara,2021-06-11,10252,2490150,8705,1582453,1270,816954,277,90743,2530,153667,7669,1210072,2808,1363739,California
Santa Clara,2021-06-12,7191,2497341,5988,1588441,1037,817991,166,90909,1692,150073,5453,1215525,1859,1365598,California
Santa Clara,2021-06-13,3758,2501099,3033,1591474,609,818600,116,91025,869,148196,2862,1218387,985,1366583,California
Santa Clara,2021-06-14,5987,2507086,4841,1596315,913,819513,233,91258,1958,146389,3997,1222384,2190,1368773,California
Santa Clara,2021-06-15,7376,2514462,5972,1602287,1102,820615,302,91560,2079,143526,5246,1227630,2383,1371156,California
Santa Clara,2021-06-16,6377,2520839,5160,1607447,909,821524,308,91868,2091,141691,4235,1231865,2400,1373556,California
Santa Clara,2021-06-17,5365,2526204,4347,1611794,773,822297,245,92113,1834,140304,3462,1235327,2075,1375631,California
Santa Clara,2021-06-18,5462,2531666,4407,1616201,883,823180,172,92285,1804,138702,3577,1238904,1975,1377606,California
Santa Clara,2021-06-19,4528,2536194,3625,1619826,705,823885,198,92483,1285,136983,3202,1242106,1483,1379089,California
Santa Clara,2021-06-20,2150,2538344,1765,1621591,321,824206,64,92547,677,136271,1453,1243559,741,1379830,California
Santa Clara,2021-06-21,3707,2542051,2789,1624380,690,824896,228,92775,1810,136442,1863,1245422,2034,1381864,California
Santa Clara,2021-06-22,5096,2547147,4067,1628447,806,825702,223,92998,1711,135026,3348,1248770,1932,1383796,California
Santa Clara,2021-06-23,4483,2551630,3526,1631973,756,826458,201,93199,1608,133994,2839,1251609,1807,1385603,California
Santa Clara,2021-06-24,4369,2555999,3382,1635355,783,827241,204,93403,1614,133108,2704,1254313,1818,1387421,California
Santa Clara,2021-06-25,5529,2561528,4517,1639872,802,828043,210,93613,1898,131637,3575,1257888,2104,1389525,California
Santa Clara,2021-06-26,3686,2565214,2938,1642810,609,828652,139,93752,1335,130798,2311,1260199,1472,1390997,California
Santa Clara,2021-06-27,1988,2567202,1550,1644360,351,829003,87,93839,684,130278,1290,1261489,770,1391767,California
Santa Clara,2021-06-28,4060,2571262,3427,1647787,407,829410,226,94065,1557,129585,2473,1263962,1780,1393547,California
Santa Clara,2021-06-29,4141,2575403,3225,1651012,734,830144,182,94247,1590,128843,2514,1266476,1772,1395319,California
Santa Clara,2021-06-30,3724,2579127,2915,1653927,631,830775,178,94425,1434,128192,2265,1268741,1614,1396933,California
Santa Clara,2021-07-01,3554,2582681,2820,1656747,540,831315,194,94619,1344,127540,2189,1270930,1537,1398470,California
Santa Clara,2021-07-02,4129,2586810,3340,1660087,623,831938,166,94785,1575,126767,2516,1273446,1743,1400213,California
Santa Clara,2021-07-03,2429,2589239,1898,1661985,421,832359,110,94895,1002,126480,1400,1274846,1113,1401326,California
Santa Clara,2021-07-04,135,2589374,100,1662085,22,832381,13,94908,69,126497,65,1274911,82,1401408,California
Santa Clara,2021-07-05,2367,2591741,1949,1664034,294,832675,124,95032,949,126180,1391,1276302,1074,1402482,California
Santa Clara,2021-07-06,4189,2595930,3257,1667291,773,833448,159,95191,1414,125007,2742,1279044,1569,1404051,California
Santa Clara,2021-07-07,3651,2599581,2835,1670126,638,834086,178,95369,1270,124102,2351,1281395,1446,1405497,California
Santa Clara,2021-07-08,3022,2602603,2344,1672470,537,834623,141,95510,1166,123577,1826,1283221,1301,1406798,California
Santa Clara,2021-07-09,3279,2605882,2574,1675044,586,835209,119,95629,1350,123132,1909,1285130,1464,1408262,California
Santa Clara,2021-07-10,2273,2608155,1745,1676789,441,835650,87,95716,822,122616,1427,1286557,911,1409173,California
Santa Clara,2021-07-11,848,2609003,580,1677369,241,835891,27,95743,328,122457,514,1287071,355,1409528,California
Santa Cruz,2020-12-15,2,2,2,2,0,0,0,0,2,2,0,0,2,2,California
Santa Cruz,2020-12-16,57,59,57,59,0,0,0,0,57,59,0,0,57,59,California
Santa Cruz,2020-12-17,389,448,389,448,0,0,0,0,389,448,0,0,389,448,California
Santa Cruz,2020-12-18,465,913,465,913,0,0,0,0,465,913,0,0,465,913,California
Santa Cruz,2020-12-19,184,1097,183,1096,1,1,0,0,184,1097,0,0,184,1097,California
Santa Cruz,2020-12-20,93,1190,93,1189,0,1,0,0,93,1190,0,0,93,1190,California
Santa Cruz,2020-12-21,437,1627,436,1625,1,2,0,0,437,1627,0,0,437,1627,California
Santa Cruz,2020-12-22,422,2049,421,2046,1,3,0,0,422,2049,0,0,422,2049,California
Santa Cruz,2020-12-23,369,2418,325,2371,44,47,0,0,369,2418,0,0,369,2418,California
Santa Cruz,2020-12-24,123,2541,47,2418,76,123,0,0,123,2541,0,0,123,2541,California
Santa Cruz,2020-12-25,9,2550,9,2427,0,123,0,0,9,2550,0,0,9,2550,California
Santa Cruz,2020-12-26,65,2615,46,2473,19,142,0,0,65,2615,0,0,65,2615,California
Santa Cruz,2020-12-27,32,2647,27,2500,5,147,0,0,32,2647,0,0,32,2647,California
Santa Cruz,2020-12-28,483,3130,108,2608,375,522,0,0,483,3130,0,0,483,3130,California
Santa Cruz,2020-12-29,794,3924,366,2974,428,950,0,0,794,3924,0,0,794,3924,California
Santa Cruz,2020-12-30,357,4281,165,3139,192,1142,0,0,357,4281,0,0,357,4281,California
Santa Cruz,2020-12-31,311,4592,11,3150,300,1442,0,0,311,4592,0,0,311,4592,California
Santa Cruz,2021-01-01,33,4625,1,3151,32,1474,0,0,33,4625,0,0,33,4625,California
Santa Cruz,2021-01-02,68,4693,55,3206,13,1487,0,0,68,4693,0,0,68,4693,California
Santa Cruz,2021-01-03,15,4708,7,3213,8,1495,0,0,15,4708,0,0,15,4708,California
Santa Cruz,2021-01-04,281,4989,123,3336,158,1653,0,0,279,4987,0,0,279,4987,California
Santa Cruz,2021-01-05,570,5559,433,3769,137,1790,0,0,268,4953,302,302,268,5255,California
Santa Cruz,2021-01-06,800,6359,668,4437,132,1922,0,0,462,5078,337,639,462,5717,California
Santa Cruz,2021-01-07,536,6895,210,4647,326,2248,0,0,382,5307,154,793,383,6100,California
Santa Cruz,2021-01-08,940,7835,566,5213,374,2622,0,0,491,5350,449,1242,492,6592,California
Santa Cruz,2021-01-09,468,8303,128,5341,340,2962,0,0,409,5700,59,1301,409,7001,California
Santa Cruz,2021-01-10,77,8380,68,5409,9,2971,0,0,20,5663,57,1358,20,7021,California
Santa Cruz,2021-01-11,729,9109,592,6001,137,3108,0,0,195,5325,534,1892,196,7217,California
Santa Cruz,2021-01-12,733,9842,529,6530,204,3312,0,0,491,5574,242,2134,491,7708,California
Santa Cruz,2021-01-13,534,10376,235,6765,299,3611,0,0,446,5935,85,2219,446,8154,California
Santa Cruz,2021-01-14,555,10931,103,6868,452,4063,0,0,489,6358,66,2285,489,8643,California
Santa Cruz,2021-01-15,1459,12390,77,6945,1382,5445,0,0,1395,7691,64,2349,1397,10040,California
Santa Cruz,2021-01-16,423,12813,53,6998,370,5815,0,0,404,8076,19,2368,404,10444,California
Santa Cruz,2021-01-17,299,13112,41,7039,258,6073,0,0,274,8325,25,2393,274,10718,California
Santa Cruz,2021-01-18,1010,14122,100,7139,910,6983,0,0,948,9211,62,2455,948,11666,California
Santa Cruz,2021-01-19,1626,15748,524,7663,1102,8085,0,0,1275,10138,349,2804,1276,12942,California
Santa Cruz,2021-01-20,1250,16998,183,7846,1067,9152,0,0,1048,10987,199,3003,1048,13990,California
Santa Cruz,2021-01-21,1754,18752,226,8072,1528,10680,0,0,1645,12525,109,3112,1647,15637,California
Santa Cruz,2021-01-22,1803,20555,523,8595,1280,11960,0,0,1700,14126,100,3212,1701,17338,California
Santa Cruz,2021-01-23,404,20959,150,8745,254,12214,0,0,344,14411,59,3271,344,17682,California
Santa Cruz,2021-01-24,111,21070,19,8764,92,12306,0,0,94,14488,17,3288,94,17776,California
Santa Cruz,2021-01-25,1063,22133,363,9127,700,13006,0,0,552,14529,511,3799,552,18328,California
Santa Cruz,2021-01-26,1697,23830,254,9381,1443,14449,0,0,1184,15200,513,4312,1184,19512,California
Santa Cruz,2021-01-27,1675,25505,454,9835,1221,15670,0,0,1286,16099,387,4699,1286,20798,California
Santa Cruz,2021-01-28,1765,27270,291,10126,1474,17144,0,0,1487,17309,278,4977,1488,22286,California
Santa Cruz,2021-01-29,1755,29025,493,10619,1262,18406,0,0,1621,18797,133,5110,1621,23907,California
Santa Cruz,2021-01-30,1076,30101,311,10930,765,19171,0,0,941,19603,135,5245,941,24848,California
Santa Cruz,2021-01-31,222,30323,110,11040,112,19283,0,0,208,19797,14,5259,208,25056,California
Santa Cruz,2021-02-01,1232,31555,753,11793,479,19762,0,0,824,20213,408,5667,824,25880,California
Santa Cruz,2021-02-02,1021,32576,130,11923,891,20653,0,0,864,20921,156,5823,864,26744,California
Santa Cruz,2021-02-03,2230,34806,948,12871,1282,21935,0,0,1912,22520,313,6136,1912,28656,California
Santa Cruz,2021-02-04,1841,36647,751,13622,1090,23025,0,0,1497,23675,342,6478,1497,30153,California
Santa Cruz,2021-02-05,3179,39826,787,14409,2392,25417,0,0,2858,26213,320,6798,2858,33011,California
Santa Cruz,2021-02-06,2580,42406,154,14563,2426,27843,0,0,2235,28103,345,7143,2235,35246,California
Santa Cruz,2021-02-07,920,43326,124,14687,796,28639,0,0,902,28987,18,7161,902,36148,California
Santa Cruz,2021-02-08,718,44044,200,14887,518,29157,0,0,519,29308,198,7359,519,36667,California
Santa Cruz,2021-02-09,2371,46415,1054,15941,1317,30474,0,0,2104,31145,267,7626,2104,38771,California
Santa Cruz,2021-02-10,2210,48625,575,16516,1635,32109,0,0,1507,31961,692,8318,1508,40279,California
Santa Cruz,2021-02-11,1863,50488,316,16832,1547,33656,0,0,1311,32721,551,8869,1311,41590,California
Santa Cruz,2021-02-12,3247,53735,424,17256,2823,36479,0,0,1827,33139,1411,10280,1829,43419,California
Santa Cruz,2021-02-13,1734,55469,125,17381,1609,38088,0,0,1320,34046,413,10693,1320,44739,California
Santa Cruz,2021-02-14,1407,56876,68,17449,1339,39427,0,0,1145,34929,262,10955,1145,45884,California
Santa Cruz,2021-02-15,1589,58465,282,17731,1307,40734,0,0,566,34473,1023,11978,567,46451,California
Santa Cruz,2021-02-16,1716,60181,218,17949,1498,42232,0,0,541,33861,1153,13131,541,46992,California
Santa Cruz,2021-02-17,2932,63113,981,18930,1951,44183,0,0,1220,33385,1699,14830,1223,48215,California
Santa Cruz,2021-02-18,2909,66022,641,19571,2268,46451,0,0,1235,32952,1668,16498,1235,49450,California
Santa Cruz,2021-02-19,3285,69307,1156,20727,2129,48580,0,0,2011,33692,1271,17769,2011,51461,California
Santa Cruz,2021-02-20,2445,71752,1535,22262,910,49490,0,0,1913,35073,532,18301,1913,53374,California
Santa Cruz,2021-02-21,873,72625,382,22644,491,49981,0,0,739,35680,132,18433,739,54113,California
Santa Cruz,2021-02-22,1312,73937,1017,23661,295,50276,0,0,546,35463,763,19196,546,54659,California
Santa Cruz,2021-02-23,2152,76089,973,24634,1179,51455,0,0,724,34763,1424,20620,724,55383,California
Santa Cruz,2021-02-24,3317,79406,1746,26380,1571,53026,0,0,1239,33929,2073,22693,1239,56622,California
Santa Cruz,2021-02-25,3388,82794,1508,27888,1880,54906,0,0,1858,34267,1522,24215,1860,58482,California
Santa Cruz,2021-02-26,2795,85589,777,28665,2018,56924,0,0,1589,34657,1201,25416,1591,60073,California
Santa Cruz,2021-02-27,2682,88271,932,29597,1749,58673,1,1,1877,35733,802,26218,1878,61951,California
Santa Cruz,2021-02-28,1310,89581,371,29968,939,59612,0,1,1084,36594,223,26441,1084,63035,California
Santa Cruz,2021-03-01,1919,91500,1256,31224,663,60275,0,1,729,36136,1187,27628,729,63764,California
Santa Cruz,2021-03-02,1557,93057,372,31596,1185,61460,0,1,874,36331,682,28310,877,64641,California
Santa Cruz,2021-03-03,2379,95436,646,32242,1733,63193,0,1,1305,36564,1072,29382,1305,65946,California
Santa Cruz,2021-03-04,3021,98457,1415,33657,1605,64798,1,2,2030,37618,978,30360,2032,67978,California
Santa Cruz,2021-03-05,2648,101105,503,34160,2127,66925,18,20,1153,37297,1492,31852,1171,69149,California
Santa Cruz,2021-03-06,3870,104975,1345,35505,2420,69345,105,125,2157,37847,1711,33563,2261,71410,California
Santa Cruz,2021-03-07,1397,106372,131,35636,1166,70511,100,225,574,37700,821,34384,674,72084,California
Santa Cruz,2021-03-08,1124,107496,224,35860,764,71275,136,361,669,38048,455,34839,803,72887,California
Santa Cruz,2021-03-09,1827,109323,276,36136,1399,72674,152,513,729,37835,1094,35933,881,73768,California
Santa Cruz,2021-03-10,3905,113228,2103,38239,1653,74327,149,662,2017,38118,1884,37817,2167,75935,California
Santa Cruz,2021-03-11,2838,116066,1227,39466,1437,75764,174,836,1558,38574,1279,39096,1735,77670,California
Santa Cruz,2021-03-12,2792,118858,889,40355,1607,77371,296,1132,928,37936,1860,40956,1222,78892,California
Santa Cruz,2021-03-13,2350,121208,1345,41700,963,78334,42,1174,1185,38002,1161,42117,1227,80119,California
Santa Cruz,2021-03-14,915,122123,221,41921,681,79015,13,1187,439,37979,474,42591,451,80570,California
Santa Cruz,2021-03-15,1366,123489,478,42399,851,79866,37,1224,581,37817,781,43372,619,81189,California
Santa Cruz,2021-03-16,2389,125878,1150,43549,1194,81060,45,1269,1381,38238,1003,44375,1424,82613,California
Santa Cruz,2021-03-17,4076,129954,2421,45970,1644,82704,11,1280,2687,39556,1382,45757,2700,85313,California
Santa Cruz,2021-03-18,3953,133907,2133,48103,1701,84405,119,1399,2111,39947,1838,47595,2229,87542,California
Santa Cruz,2021-03-19,3467,137374,1382,49485,1861,86266,224,1623,1822,40353,1640,49235,2046,89588,California
Santa Cruz,2021-03-20,2249,139623,1648,51133,534,86800,67,1690,1104,40380,1144,50379,1171,90759,California
Santa Cruz,2021-03-21,885,140508,477,51610,282,87082,126,1816,477,40579,405,50784,604,91363,California
Santa Cruz,2021-03-22,1444,141952,882,52492,537,87619,25,1841,1009,41183,431,51215,1035,92398,California
Santa Cruz,2021-03-23,2624,144576,1475,53967,1098,88717,51,1892,1748,42109,873,52088,1799,94197,California
Santa Cruz,2021-03-24,3147,147723,2133,56100,993,89710,21,1913,2089,43167,1051,53139,2109,96306,California
Santa Cruz,2021-03-25,2683,150406,1347,57447,1299,91009,37,1950,1346,43220,1329,54468,1382,97688,California
Santa Cruz,2021-03-26,3170,153576,1835,59282,1307,92316,28,1978,2148,44380,1015,55483,2175,99863,California
Santa Cruz,2021-03-27,3241,156817,2020,61302,1194,93510,27,2005,1512,44203,1718,57201,1541,101404,California
Santa Cruz,2021-03-28,935,157752,579,61881,342,93852,14,2019,490,44266,441,57642,504,101908,California
Santa Cruz,2021-03-29,2019,159771,890,62771,1062,94914,67,2086,1277,44872,738,58380,1344,103252,California
Santa Cruz,2021-03-30,2740,162511,829,63600,1747,96661,164,2250,1738,45775,998,59378,1901,105153,California
Santa Cruz,2021-03-31,4208,166719,2849,66449,1308,97969,51,2301,2208,46040,1994,61372,2259,107412,California
Santa Cruz,2021-04-01,4088,170807,2174,68623,1803,99772,111,2412,2072,46212,2010,63382,2182,109594,California
Santa Cruz,2021-04-02,3323,174130,1433,70056,1709,101481,181,2593,1896,46866,1423,64805,2077,111671,California
Santa Cruz,2021-04-03,2277,176407,1244,71300,897,102378,136,2729,890,46507,1384,66189,1025,112696,California
Santa Cruz,2021-04-04,943,177350,492,71792,395,102773,56,2785,548,46715,395,66584,603,113299,California
Santa Cruz,2021-04-05,2281,179631,795,72587,1318,104091,168,2953,1399,47401,881,67465,1567,114866,California
Santa Cruz,2021-04-06,3437,183068,1669,74256,1385,105476,383,3336,1976,48304,1450,68915,2353,117219,California
Santa Cruz,2021-04-07,4226,187294,1669,75925,2187,107663,370,3706,1818,48086,2404,71319,2186,119405,California
Santa Cruz,2021-04-08,4328,191622,2374,78299,1430,109093,524,4230,2546,49384,1770,73089,3068,122473,California
Santa Cruz,2021-04-09,3755,195377,1528,79827,1814,110907,413,4643,2105,50259,1643,74732,2518,124991,California
Santa Cruz,2021-04-10,2306,197683,1103,80930,939,111846,264,4907,1086,50390,1216,75948,1347,126338,California
Santa Cruz,2021-04-11,1016,198699,533,81463,387,112233,96,5003,492,50453,524,76472,587,126925,California
Santa Cruz,2021-04-12,2348,201047,838,82301,1083,113316,427,5430,1122,50789,1212,77684,1548,128473,California
Santa Cruz,2021-04-13,2974,204021,1481,83782,1491,114807,2,5432,1669,51163,1297,78981,1671,130144,California
Santa Cruz,2021-04-14,4777,208798,2304,86086,2473,117280,0,5432,2304,51007,2462,81443,2306,132450,California
Santa Cruz,2021-04-15,5130,213928,3254,89340,1876,119156,0,5432,3208,52310,1907,83350,3210,135660,California
Santa Cruz,2021-04-16,4620,218548,2562,91902,2056,121212,2,5434,2496,52695,2115,85465,2500,138160,California
Santa Cruz,2021-04-17,2286,220834,911,92813,1375,122587,0,5434,1500,53412,783,86248,1500,139660,California
Santa Cruz,2021-04-18,1122,221956,555,93368,566,123153,1,5435,610,53515,508,86756,611,140271,California
Santa Cruz,2021-04-19,2610,224566,1537,94905,1072,124225,1,5436,1618,54145,988,87744,1618,141889,California
Santa Cruz,2021-04-20,3284,227850,1756,96661,1528,125753,0,5436,1857,54587,1415,89159,1857,143746,California
Santa Cruz,2021-04-21,4432,232282,2981,99642,1451,127204,0,5436,2393,54959,2021,91180,2393,146139,California
Santa Cruz,2021-04-22,4405,236687,2988,102630,1417,128621,0,5436,2457,55479,1938,93118,2458,148597,California
Santa Cruz,2021-04-23,3241,239928,1759,104389,1481,130102,1,5437,1404,55058,1826,94944,1405,150002,California
Santa Cruz,2021-04-24,2264,242192,1089,105478,1172,131274,3,5440,692,54192,1561,96505,695,150697,California
Santa Cruz,2021-04-25,1096,243288,704,106182,379,131653,13,5453,455,54026,632,97137,466,151163,California
Santa Cruz,2021-04-26,2162,245450,1077,107259,1068,132721,17,5470,909,53712,1241,98378,927,152090,California
Santa Cruz,2021-04-27,3031,248481,999,108258,1951,134672,81,5551,1518,53806,1505,99883,1599,153689,California
Santa Cruz,2021-04-28,3517,251998,1964,110222,1476,136148,77,5628,1849,54073,1656,101539,1923,155612,California
Santa Cruz,2021-04-29,3828,255826,2558,112780,1207,137355,63,5691,1348,53016,2470,104009,1413,157025,California
Santa Cruz,2021-04-30,2409,258235,1223,114003,1142,138497,44,5735,1014,52688,1387,105396,1059,158084,California
Santa Cruz,2021-05-01,1314,259549,1043,115046,238,138735,33,5768,603,52618,707,106103,637,158721,California
Santa Cruz,2021-05-02,658,260207,464,115510,168,138903,26,5794,215,52417,443,106546,242,158963,California
Santa Cruz,2021-05-03,1932,262139,997,116507,867,139770,68,5862,653,51873,1267,107813,723,159686,California
Santa Cruz,2021-05-04,2738,264877,1599,118106,1068,140838,71,5933,878,50964,1856,109669,947,160633,California
Santa Cruz,2021-05-05,2825,267702,1423,119529,1322,142160,80,6013,744,49755,2038,111707,829,161462,California
Santa Cruz,2021-05-06,3917,271619,2505,122034,1191,143351,221,6234,877,47829,3021,114728,1095,162557,California
Santa Cruz,2021-05-07,2805,274424,1302,123336,1420,144771,83,6317,437,45988,2363,117091,522,163079,California
Santa Cruz,2021-05-08,1423,275847,742,124078,653,145424,28,6345,390,45377,1031,118122,420,163499,California
Santa Cruz,2021-05-09,530,276377,338,124416,169,145593,23,6368,154,45179,375,118497,177,163676,California
Santa Cruz,2021-05-10,2117,278494,1278,125694,773,146366,66,6434,410,43957,1698,120195,476,164152,California
Santa Cruz,2021-05-11,2428,280922,1377,127071,961,147327,90,6524,644,42911,1779,121974,733,164885,California
Santa Cruz,2021-05-12,3230,284152,1407,128478,1742,149069,81,6605,556,40885,2664,124638,638,165523,California
Santa Cruz,2021-05-13,3940,288092,2665,131143,1181,150250,94,6699,1394,39834,2541,127179,1490,167013,California
Santa Cruz,2021-05-14,2997,291089,1633,132776,1324,151574,40,6739,1135,39160,1852,129031,1178,168191,California
Santa Cruz,2021-05-15,2290,293379,1324,134100,954,152528,12,6751,1111,39107,1176,130207,1123,169314,California
Santa Cruz,2021-05-16,807,294186,431,134531,354,152882,22,6773,249,38823,556,130763,272,169586,California
Santa Cruz,2021-05-17,1554,295740,803,135334,680,153562,71,6844,527,38395,1026,131789,598,170184,California
Santa Cruz,2021-05-18,2339,298079,1435,136769,880,154442,24,6868,1108,38303,1224,133013,1132,171316,California
Santa Cruz,2021-05-19,3116,301195,1873,138642,1206,155648,37,6905,1304,37840,1804,134817,1341,172657,California
Santa Cruz,2021-05-20,3421,304616,2457,141099,816,156464,148,7053,1591,37754,1825,136642,1739,174396,California
Santa Cruz,2021-05-21,1785,306401,916,142015,780,157244,89,7142,606,37276,1174,137816,696,175092,California
Santa Cruz,2021-05-22,1723,308124,1331,143346,381,157625,11,7153,599,36766,1121,138937,611,175703,California
Santa Cruz,2021-05-23,478,308602,270,143616,189,157814,19,7172,148,36606,327,139264,167,175870,California
Santa Cruz,2021-05-24,1194,309796,687,144303,428,158242,79,7251,303,36105,883,140147,382,176252,California
Santa Cruz,2021-05-25,2284,312080,1303,145606,936,159178,45,7296,460,34933,1677,141824,505,176757,California
Santa Cruz,2021-05-26,1754,313834,820,146426,889,160067,45,7341,473,34183,1268,143092,518,177275,California
Santa Cruz,2021-05-27,1323,315157,718,147144,501,160568,104,7445,443,33857,873,143965,547,177822,California
Santa Cruz,2021-05-28,847,316004,374,147518,443,161011,30,7475,357,33765,480,144445,388,178210,California
Santa Cruz,2021-05-29,595,316599,337,147855,245,161256,13,7488,319,33824,273,144718,332,178542,California
Santa Cruz,2021-05-30,243,316842,119,147974,110,161366,14,7502,92,33781,148,144866,105,178647,California
Santa Cruz,2021-05-31,144,316986,62,148036,81,161447,1,7503,45,33728,99,144965,46,178693,California
Santa Cruz,2021-06-01,951,317937,582,148618,356,161803,13,7516,343,33477,606,145571,355,179048,California
Santa Cruz,2021-06-02,900,318837,525,149143,334,162137,41,7557,338,33299,557,146128,379,179427,California
Santa Cruz,2021-06-03,2283,321120,1533,150676,711,162848,39,7596,533,32131,1740,147868,572,179999,California
Santa Cruz,2021-06-04,1062,322182,729,151405,299,163147,34,7630,245,31601,810,148678,280,180279,California
Santa Cruz,2021-06-05,1036,323218,839,152244,192,163339,5,7635,191,30956,841,149519,196,180475,California
Santa Cruz,2021-06-06,408,323626,303,152547,88,163427,17,7652,109,30786,296,149815,126,180601,California
Santa Cruz,2021-06-07,851,324477,634,153181,187,163614,30,7682,236,30437,615,150430,266,180867,California
Santa Cruz,2021-06-08,1470,325947,1172,154353,272,163886,26,7708,311,29620,1155,151585,338,181205,California
Santa Cruz,2021-06-09,1433,327380,1129,155482,287,164173,17,7725,285,28782,1141,152726,303,181508,California
Santa Cruz,2021-06-10,1962,329342,1611,157093,284,164457,67,7792,332,27554,1624,154350,396,181904,California
Santa Cruz,2021-06-11,822,330164,511,157604,276,164733,35,7827,288,27347,528,154878,321,182225,California
Santa Cruz,2021-06-12,965,331129,848,158452,111,164844,6,7833,166,26722,797,155675,172,182397,California
Santa Cruz,2021-06-13,201,331330,133,158585,46,164890,22,7855,31,26605,170,155845,53,182450,California
Santa Cruz,2021-06-14,556,331886,357,158942,164,165054,35,7890,162,26409,392,156237,196,182646,California
Santa Cruz,2021-06-15,928,332814,683,159625,223,165277,22,7912,339,26185,586,156823,362,183008,California
Santa Cruz,2021-06-16,802,333616,595,160220,173,165450,34,7946,260,25940,538,157361,293,183301,California
Santa Cruz,2021-06-17,801,334417,623,160843,139,165589,39,7985,302,25784,496,157857,340,183641,California
Santa Cruz,2021-06-18,643,335060,394,161237,219,165808,30,8015,290,25755,349,158206,320,183961,California
Santa Cruz,2021-06-19,330,335390,261,161498,63,165871,6,8021,117,25668,210,158416,123,184084,California
Santa Cruz,2021-06-20,161,335551,114,161612,29,165900,18,8039,69,25663,92,158508,87,184171,California
Santa Cruz,2021-06-21,347,335898,245,161857,83,165983,19,8058,181,25698,165,158673,200,184371,California
Santa Cruz,2021-06-22,673,336571,473,162330,170,166153,30,8088,261,25579,411,159084,292,184663,California
Santa Cruz,2021-06-23,394,336965,279,162609,105,166258,10,8098,193,25585,195,159279,201,184864,California
Santa Cruz,2021-06-24,535,337500,378,162987,113,166371,44,8142,214,25523,319,159598,257,185121,California
Santa Cruz,2021-06-25,555,338055,368,163355,157,166528,30,8172,260,25522,291,159889,290,185411,California
Santa Cruz,2021-06-26,259,338314,161,163516,89,166617,9,8181,106,25486,151,160040,115,185526,California
Santa Cruz,2021-06-27,180,338494,131,163647,19,166636,30,8211,63,25462,117,160157,93,185619,California
Santa Cruz,2021-06-28,472,338966,384,164031,76,166712,12,8223,208,25418,264,160421,220,185839,California
Santa Cruz,2021-06-29,739,339705,573,164604,137,166849,29,8252,285,25280,451,160872,313,186152,California
Santa Cruz,2021-06-30,427,340132,291,164895,112,166961,24,8276,182,25243,243,161115,206,186358,California
Santa Cruz,2021-07-01,413,340545,294,165189,107,167068,12,8288,186,25216,225,161340,198,186556,California
Santa Cruz,2021-07-02,451,340996,329,165518,105,167173,17,8305,201,25190,244,161584,218,186774,California
Santa Cruz,2021-07-03,220,341216,155,165673,61,167234,4,8309,93,25161,126,161710,97,186871,California
Santa Cruz,2021-07-04,11,341227,9,165682,1,167235,1,8310,8,25167,3,161713,9,186880,California
Santa Cruz,2021-07-05,211,341438,168,165850,40,167275,3,8313,117,25194,92,161805,119,186999,California
Santa Cruz,2021-07-06,704,342142,590,166440,99,167374,15,8328,220,24951,478,162283,235,187234,California
Santa Cruz,2021-07-07,427,342569,314,166754,102,167476,11,8339,165,24867,260,162543,176,187410,California
Santa Cruz,2021-07-08,404,342973,290,167044,82,167558,32,8371,148,24792,255,162798,180,187590,California
Santa Cruz,2021-07-09,467,343440,329,167373,115,167673,23,8394,191,24737,269,163067,214,187804,California
Santa Cruz,2021-07-10,183,343623,130,167503,46,167719,7,8401,84,24729,99,163166,91,187895,California
Santa Cruz,2021-07-11,93,343716,74,167577,16,167735,3,8404,42,24723,51,163217,45,187940,California
Shasta,2020-12-16,131,131,131,131,0,0,0,0,131,131,0,0,131,131,California
Shasta,2020-12-17,422,553,422,553,0,0,0,0,422,553,0,0,422,553,California
Shasta,2020-12-18,166,719,166,719,0,0,0,0,166,719,0,0,166,719,California
Shasta,2020-12-19,1,720,1,720,0,0,0,0,1,720,0,0,1,720,California
Shasta,2020-12-21,78,798,78,798,0,0,0,0,78,798,0,0,78,798,California
Shasta,2020-12-22,201,999,196,994,5,5,0,0,201,999,0,0,201,999,California
Shasta,2020-12-23,173,1172,169,1163,4,9,0,0,173,1172,0,0,173,1172,California
Shasta,2020-12-24,18,1190,18,1181,0,9,0,0,18,1190,0,0,18,1190,California
Shasta,2020-12-26,4,1194,1,1182,3,12,0,0,4,1194,0,0,4,1194,California
Shasta,2020-12-27,1,1195,0,1182,1,13,0,0,1,1195,0,0,1,1195,California
Shasta,2020-12-28,41,1236,31,1213,10,23,0,0,41,1236,0,0,41,1236,California
Shasta,2020-12-29,186,1422,185,1398,1,24,0,0,186,1422,0,0,186,1422,California
Shasta,2020-12-30,177,1599,167,1565,10,34,0,0,177,1599,0,0,177,1599,California
Shasta,2020-12-31,83,1682,2,1567,81,115,0,0,83,1682,0,0,83,1682,California
Shasta,2021-01-02,2,1684,0,1567,2,117,0,0,2,1684,0,0,2,1684,California
Shasta,2021-01-03,1,1685,1,1568,0,117,0,0,1,1685,0,0,1,1685,California
Shasta,2021-01-04,374,2059,308,1876,66,183,0,0,375,2060,0,0,375,2060,California
Shasta,2021-01-05,338,2397,315,2191,23,206,0,0,256,2234,82,82,256,2316,California
Shasta,2021-01-06,466,2863,395,2586,71,277,0,0,203,2175,262,344,203,2519,California
Shasta,2021-01-07,127,2990,37,2623,90,367,0,0,105,2258,22,366,105,2624,California
Shasta,2021-01-08,525,3515,448,3071,77,444,0,0,316,2365,209,575,316,2940,California
Shasta,2021-01-09,73,3588,64,3135,9,453,0,0,71,2434,2,577,71,3011,California
Shasta,2021-01-10,5,3593,0,3135,5,458,0,0,3,2437,2,579,5,3016,California
Shasta,2021-01-11,416,4009,194,3329,222,680,0,0,372,2765,44,623,372,3388,California
Shasta,2021-01-12,488,4497,332,3661,156,836,0,0,312,2902,176,799,313,3701,California
Shasta,2021-01-13,601,5098,268,3929,333,1169,0,0,431,3164,170,969,432,4133,California
Shasta,2021-01-14,504,5602,52,3981,452,1621,0,0,486,3632,18,987,486,4619,California
Shasta,2021-01-15,692,6294,136,4117,556,2177,0,0,690,4320,2,989,690,5309,California
Shasta,2021-01-16,897,7191,54,4171,843,3020,0,0,894,5211,3,992,894,6203,California
Shasta,2021-01-17,27,7218,6,4177,21,3041,0,0,23,5230,4,996,23,6226,California
Shasta,2021-01-18,598,7816,128,4305,470,3511,0,0,590,5812,8,1004,590,6816,California
Shasta,2021-01-19,1078,8894,414,4719,664,4175,0,0,929,6592,149,1153,929,7745,California
Shasta,2021-01-20,757,9651,490,5209,267,4442,0,0,572,6984,180,1333,572,8317,California
Shasta,2021-01-21,688,10339,334,5543,354,4796,0,0,666,7628,22,1355,666,8983,California
Shasta,2021-01-22,451,10790,178,5721,273,5069,0,0,445,8067,6,1361,445,9428,California
Shasta,2021-01-23,69,10859,5,5726,64,5133,0,0,67,8132,2,1363,67,9495,California
Shasta,2021-01-24,26,10885,3,5729,23,5156,0,0,25,8156,1,1364,25,9520,California
Shasta,2021-01-25,763,11648,503,6232,260,5416,0,0,472,8338,290,1654,472,9992,California
Shasta,2021-01-26,714,12362,334,6566,380,5796,0,0,477,8582,234,1888,478,10470,California
Shasta,2021-01-27,464,12826,181,6747,283,6079,0,0,414,8947,49,1937,414,10884,California
Shasta,2021-01-28,928,13754,591,7338,337,6416,0,0,706,9431,222,2159,706,11590,California
Shasta,2021-01-29,834,14588,331,7669,503,6919,0,0,644,9887,189,2348,645,12235,California
Shasta,2021-01-30,616,15204,14,7683,602,7521,0,0,606,10483,10,2358,606,12841,California
Shasta,2021-01-31,28,15232,4,7687,24,7545,0,0,26,10507,2,2360,26,12867,California
Shasta,2021-02-01,535,15767,153,7840,382,7927,0,0,388,10748,147,2507,388,13255,California
Shasta,2021-02-02,997,16764,504,8344,493,8420,0,0,904,11561,91,2598,904,14159,California
Shasta,2021-02-03,728,17492,213,8557,515,8935,0,0,492,11817,236,2834,492,14651,California
Shasta,2021-02-04,1103,18595,676,9233,427,9362,0,0,907,12531,193,3027,907,15558,California
Shasta,2021-02-05,1271,19866,168,9401,1103,10465,0,0,1059,13380,210,3237,1059,16617,California
Shasta,2021-02-06,1804,21670,40,9441,1764,12229,0,0,1778,15133,26,3263,1779,18396,California
Shasta,2021-02-07,24,21694,2,9443,22,12251,0,0,22,15153,2,3265,22,18418,California
Shasta,2021-02-08,601,22295,170,9613,431,12682,0,0,308,15169,292,3557,308,18726,California
Shasta,2021-02-09,1139,23434,669,10282,470,13152,0,0,707,15445,432,3989,708,19434,California
Shasta,2021-02-10,1128,24562,791,11073,337,13489,0,0,544,15406,583,4572,544,19978,California
Shasta,2021-02-11,893,25455,187,11260,706,14195,0,0,315,15148,573,5145,315,20293,California
Shasta,2021-02-12,1807,27262,1220,12480,587,14782,0,0,1245,15831,562,5707,1245,21538,California
Shasta,2021-02-13,1382,28644,374,12854,1008,15790,0,0,569,15589,812,6519,570,22108,California
Shasta,2021-02-14,150,28794,5,12859,145,15935,0,0,124,15687,26,6545,124,22232,California
Shasta,2021-02-15,395,29189,106,12965,289,16224,0,0,213,15718,182,6727,213,22445,California
Shasta,2021-02-16,1206,30395,524,13489,682,16906,0,0,427,15368,777,7504,427,22872,California
Shasta,2021-02-17,1040,31435,439,13928,601,17507,0,0,411,15150,629,8133,411,23283,California
Shasta,2021-02-18,973,32408,486,14414,487,17994,0,0,462,15103,510,8643,463,23746,California
Shasta,2021-02-19,1346,33754,952,15366,394,18388,0,0,872,15502,473,9116,872,24618,California
Shasta,2021-02-20,818,34572,101,15467,717,19105,0,0,319,15322,499,9615,319,24937,California
Shasta,2021-02-21,34,34606,3,15470,31,19136,0,0,12,15312,22,9637,12,24949,California
Shasta,2021-02-22,443,35049,83,15553,360,19496,0,0,185,15240,257,9894,185,25134,California
Shasta,2021-02-23,929,35978,480,16033,449,19945,0,0,331,14974,597,10491,331,25465,California
Shasta,2021-02-24,911,36889,516,16549,395,20340,0,0,284,14635,623,11114,284,25749,California
Shasta,2021-02-25,532,37421,174,16723,358,20698,0,0,144,14393,386,11500,144,25893,California
Shasta,2021-02-26,803,38224,100,16823,703,21401,0,0,339,14270,462,11962,339,26232,California
Shasta,2021-02-27,889,39113,78,16901,811,22212,0,0,241,13869,642,12604,241,26473,California
Shasta,2021-02-28,178,39291,4,16905,174,22386,0,0,128,13947,50,12654,128,26601,California
Shasta,2021-03-01,587,39878,61,16966,526,22912,0,0,296,13953,290,12944,296,26897,California
Shasta,2021-03-02,1035,40913,476,17442,559,23471,0,0,337,13594,696,13640,337,27234,California
Shasta,2021-03-03,681,41594,175,17617,506,23977,0,0,245,13404,435,14075,245,27479,California
Shasta,2021-03-04,3109,44703,2489,20106,620,24597,0,0,1788,13876,1316,15391,1788,29267,California
Shasta,2021-03-05,1946,46649,166,20272,1751,26348,29,29,804,13567,1142,16533,833,30100,California
Shasta,2021-03-06,2756,49405,386,20658,2324,28672,46,75,810,12482,1941,18474,856,30956,California
Shasta,2021-03-07,103,49508,4,20662,60,28732,39,114,40,12497,63,18537,78,31034,California
Shasta,2021-03-08,577,50085,50,20712,385,29117,142,256,158,12379,417,18954,299,31333,California
Shasta,2021-03-09,1256,51341,597,21309,481,29598,178,434,696,12694,558,19512,873,32206,California
Shasta,2021-03-10,803,52144,257,21566,345,29943,201,635,142,12376,660,20172,342,32548,California
Shasta,2021-03-11,1558,53702,472,22038,815,30758,271,906,941,12974,613,20785,1211,33759,California
Shasta,2021-03-12,1560,55262,850,22888,464,31222,246,1152,409,12478,1150,21935,654,34413,California
Shasta,2021-03-13,826,56088,428,23316,300,31522,98,1250,497,12744,327,22262,593,35006,California
Shasta,2021-03-14,1018,57106,8,23324,987,32509,23,1273,878,13507,140,22402,903,35909,California
Shasta,2021-03-15,499,57605,37,23361,363,32872,99,1372,209,13524,290,22692,307,36216,California
Shasta,2021-03-16,1146,58751,151,23512,927,33799,68,1440,857,14162,287,22979,925,37141,California
Shasta,2021-03-17,741,59492,192,23704,491,34290,58,1498,395,14278,337,23316,453,37594,California
Shasta,2021-03-18,1546,61038,588,24292,854,35144,104,1602,1113,15066,429,23745,1217,38811,California
Shasta,2021-03-19,649,61687,199,24491,394,35538,56,1658,410,15294,238,23983,466,39277,California
Shasta,2021-03-20,746,62433,487,24978,245,35783,14,1672,542,15646,204,24187,556,39833,California
Shasta,2021-03-21,313,62746,298,25276,4,35787,11,1683,285,15915,27,24214,296,40129,California
Shasta,2021-03-22,349,63095,39,25315,274,36061,36,1719,199,16002,148,24362,235,40364,California
Shasta,2021-03-23,1311,64406,652,25967,601,36662,58,1777,754,16263,551,24913,812,41176,California
Shasta,2021-03-24,614,65020,156,26123,420,37082,38,1815,367,16422,246,25159,405,41581,California
Shasta,2021-03-25,1133,66153,452,26575,660,37742,21,1836,819,16952,311,25470,841,42422,California
Shasta,2021-03-26,1842,67995,1406,27981,406,38148,30,1866,1473,18088,368,25838,1504,43926,California
Shasta,2021-03-27,1595,69590,406,28387,318,38466,871,2737,577,18515,1016,26854,1443,45369,California
Shasta,2021-03-28,409,69999,301,28688,98,38564,10,2747,302,18722,105,26959,312,45681,California
Shasta,2021-03-29,420,70419,40,28728,368,38932,12,2759,166,18648,252,27211,178,45859,California
Shasta,2021-03-30,1245,71664,769,29497,459,39391,17,2776,623,18669,619,27830,640,46499,California
Shasta,2021-03-31,620,72284,207,29704,407,39798,6,2782,384,18827,232,28062,390,46889,California
Shasta,2021-04-01,903,73187,248,29952,640,40438,15,2797,576,19093,325,28387,591,47480,California
Shasta,2021-04-02,758,73945,199,30151,504,40942,55,2852,412,19217,343,28730,467,47947,California
Shasta,2021-04-03,517,74462,366,30517,132,41074,19,2871,388,19495,129,28859,407,48354,California
Shasta,2021-04-04,294,74756,175,30692,98,41172,21,2892,218,19658,76,28935,239,48593,California
Shasta,2021-04-05,444,75200,70,30762,311,41483,63,2955,253,19783,191,29126,316,48909,California
Shasta,2021-04-06,1169,76369,484,31246,507,41990,178,3133,536,19867,629,29755,713,49622,California
Shasta,2021-04-07,662,77031,215,31461,282,42272,165,3298,258,19888,400,30155,421,50043,California
Shasta,2021-04-08,1149,78180,262,31723,731,43003,156,3454,221,19340,923,31078,375,50418,California
Shasta,2021-04-09,2602,80782,2078,33801,310,43313,214,3668,2017,20990,576,31654,2226,52644,California
Shasta,2021-04-10,885,81667,596,34397,158,43471,131,3799,245,20725,639,32293,374,53018,California
Shasta,2021-04-11,1253,82920,399,34796,834,44305,20,3819,144,19785,1104,33397,164,53182,California
Shasta,2021-04-12,344,83264,7,34803,273,44578,64,3883,98,19701,245,33642,161,53343,California
Shasta,2021-04-13,1277,84541,368,35171,907,45485,2,3885,339,19108,933,34575,340,53683,California
Shasta,2021-04-14,596,85137,143,35314,451,45936,2,3887,220,18955,375,34950,222,53905,California
Shasta,2021-04-15,1082,86219,258,35572,824,46760,0,3887,300,18478,777,35727,300,54205,California
Shasta,2021-04-16,2362,88581,1861,37433,501,47261,0,3887,950,18019,1410,37137,951,55156,California
Shasta,2021-04-17,648,89229,417,37850,231,47492,0,3887,193,17758,455,37592,194,55350,California
Shasta,2021-04-18,270,89499,244,38094,26,47518,0,3887,35,17560,233,37825,35,55385,California
Shasta,2021-04-19,387,89886,28,38122,359,47877,0,3887,168,17509,219,38044,168,55553,California
Shasta,2021-04-20,1031,90917,266,38388,765,48642,0,3887,386,17252,643,38687,386,55939,California
Shasta,2021-04-21,624,91541,228,38616,396,49038,0,3887,317,17262,307,38994,317,56256,California
Shasta,2021-04-22,968,92509,285,38901,683,49721,0,3887,299,16895,666,39660,299,56555,California
Shasta,2021-04-23,669,93178,263,39164,406,50127,0,3887,339,16905,329,39989,339,56894,California
Shasta,2021-04-24,601,93779,358,39522,242,50369,1,3888,109,16524,490,40479,109,57003,California
Shasta,2021-04-25,211,93990,181,39703,29,50398,1,3889,37,16388,174,40653,38,57041,California
Shasta,2021-04-26,505,94495,57,39760,443,50841,5,3894,356,16601,147,40800,360,57401,California
Shasta,2021-04-27,553,95048,183,39943,331,51172,39,3933,302,16693,247,41047,339,57740,California
Shasta,2021-04-28,586,95634,166,40109,387,51559,33,3966,251,16641,335,41382,283,58023,California
Shasta,2021-04-29,782,96416,121,40230,637,52196,24,3990,179,16242,602,41984,203,58226,California
Shasta,2021-04-30,2276,98692,1849,42079,395,52591,32,4022,270,14540,2004,43988,302,58528,California
Shasta,2021-05-01,233,98925,21,42100,136,52727,76,4098,104,14591,129,44117,180,58708,California
Shasta,2021-05-02,49,98974,17,42117,19,52746,13,4111,22,14599,27,44144,35,58743,California
Shasta,2021-05-03,358,99332,99,42216,233,52979,26,4137,114,14497,242,44386,140,58883,California
Shasta,2021-05-04,535,99867,201,42417,295,53274,39,4176,252,14508,280,44666,291,59174,California
Shasta,2021-05-05,453,100320,152,42569,283,53557,18,4194,208,14489,245,44911,226,59400,California
Shasta,2021-05-06,692,101012,263,42832,389,53946,40,4234,296,14436,387,45298,334,59734,California
Shasta,2021-05-07,1121,102133,742,43574,339,54285,40,4274,302,13960,818,46116,342,60076,California
Shasta,2021-05-08,175,102308,85,43659,79,54364,11,4285,104,14003,71,46187,114,60190,California
Shasta,2021-05-09,65,102373,15,43674,45,54409,5,4290,34,14011,31,46218,39,60229,California
Shasta,2021-05-10,258,102631,23,43697,186,54595,49,4339,112,14026,144,46362,159,60388,California
Shasta,2021-05-11,524,103155,160,43857,213,54808,151,4490,182,14018,341,46703,333,60721,California
Shasta,2021-05-12,398,103553,147,44004,227,55035,24,4514,133,13911,264,46967,157,60878,California
Shasta,2021-05-13,584,104137,241,44245,326,55361,17,4531,225,13796,357,47324,242,61120,California
Shasta,2021-05-14,645,104782,275,44520,344,55705,26,4557,295,13770,348,47672,322,61442,California
Shasta,2021-05-15,399,105181,130,44650,166,55871,103,4660,168,13810,230,47902,270,61712,California
Shasta,2021-05-16,222,105403,155,44805,57,55928,10,4670,163,13924,59,47961,173,61885,California
Shasta,2021-05-17,538,105941,247,45052,231,56159,60,4730,282,14011,255,48216,342,62227,California
Shasta,2021-05-18,620,106561,293,45345,302,56461,25,4755,325,14067,294,48510,350,62577,California
Shasta,2021-05-19,590,107151,278,45623,244,56705,68,4823,279,14107,307,48817,347,62924,California
Shasta,2021-05-20,570,107721,255,45878,296,57001,19,4842,264,14086,303,49120,282,63206,California
Shasta,2021-05-21,659,108380,301,46179,339,57340,19,4861,331,14111,325,49445,350,63556,California
Shasta,2021-05-22,235,108615,134,46313,93,57433,8,4869,143,14174,89,49534,152,63708,California
Shasta,2021-05-23,112,108727,47,46360,56,57489,9,4878,67,14205,45,49579,76,63784,California
Shasta,2021-05-24,547,109274,171,46531,344,57833,32,4910,191,14074,354,49933,223,64007,California
Shasta,2021-05-25,477,109751,209,46740,223,58056,45,4955,162,13969,311,50244,206,64213,California
Shasta,2021-05-26,372,110123,146,46886,201,58257,25,4980,147,13917,224,50468,172,64385,California
Shasta,2021-05-27,418,110541,152,47038,257,58514,9,4989,155,13821,260,50728,164,64549,California
Shasta,2021-05-28,441,110982,197,47235,215,58729,29,5018,204,13820,234,50962,233,64782,California
Shasta,2021-05-29,227,111209,66,47301,130,58859,31,5049,89,13800,138,51100,118,64900,California
Shasta,2021-05-30,84,111293,48,47349,34,58893,2,5051,53,13824,31,51131,55,64955,California
Shasta,2021-05-31,34,111327,8,47357,25,58918,1,5052,11,13814,22,51153,12,64967,California
Shasta,2021-06-01,523,111850,154,47511,224,59142,145,5197,133,13709,384,51537,279,65246,California
Shasta,2021-06-02,294,112144,119,47630,166,59308,9,5206,119,13664,173,51710,128,65374,California
Shasta,2021-06-03,372,112516,159,47789,204,59512,9,5215,120,13542,251,51961,129,65503,California
Shasta,2021-06-04,566,113082,281,48070,257,59769,28,5243,197,13400,367,52328,225,65728,California
Shasta,2021-06-05,261,113343,156,48226,88,59857,17,5260,79,13316,181,52509,97,65825,California
Shasta,2021-06-06,162,113505,128,48354,32,59889,2,5262,48,13252,114,52623,50,65875,California
Shasta,2021-06-07,405,113910,236,48590,152,60041,17,5279,109,13083,295,52918,126,66001,California
Shasta,2021-06-08,514,114424,308,48898,160,60201,46,5325,152,12921,359,53277,197,66198,California
Shasta,2021-06-09,483,114907,272,49170,123,60324,88,5413,111,12751,369,53646,199,66397,California
Shasta,2021-06-10,411,115318,246,49416,140,60464,25,5438,127,12625,278,53924,152,66549,California
Shasta,2021-06-11,466,115784,253,49669,176,60640,37,5475,128,12453,336,54260,164,66713,California
Shasta,2021-06-12,211,115995,138,49807,67,60707,6,5481,77,12403,133,54393,83,66796,California
Shasta,2021-06-13,90,116085,56,49863,32,60739,2,5483,26,12367,64,54457,28,66824,California
Shasta,2021-06-14,284,116369,155,50018,111,60850,18,5501,83,12268,200,54657,101,66925,California
Shasta,2021-06-15,463,116832,234,50252,113,60963,116,5617,161,12243,296,54953,271,67196,California
Shasta,2021-06-16,259,117091,153,50405,94,61057,12,5629,83,12167,171,55124,95,67291,California
Shasta,2021-06-17,284,117375,119,50524,129,61186,36,5665,100,12120,183,55307,136,67427,California
Shasta,2021-06-18,367,117742,224,50748,122,61308,21,5686,154,12083,212,55519,175,67602,California
Shasta,2021-06-19,115,117857,75,50823,38,61346,2,5688,52,12075,62,55581,54,67656,California
Shasta,2021-06-20,57,117914,36,50859,18,61364,3,5691,21,12063,36,55617,24,67680,California
Shasta,2021-06-21,202,118116,64,50923,109,61473,29,5720,81,12053,120,55737,110,67790,California
Shasta,2021-06-22,374,118490,142,51065,81,61554,151,5871,94,12016,272,56009,235,68025,California
Shasta,2021-06-23,222,118712,131,51196,74,61628,17,5888,93,11998,128,56137,110,68135,California
Shasta,2021-06-24,226,118938,137,51333,70,61698,19,5907,90,11973,134,56271,109,68244,California
Shasta,2021-06-25,297,119235,202,51535,82,61780,13,5920,122,11932,175,56446,134,68378,California
Shasta,2021-06-26,137,119372,80,51615,47,61827,10,5930,55,11916,81,56527,65,68443,California
Shasta,2021-06-27,68,119440,45,51660,19,61846,4,5934,24,11900,44,56571,28,68471,California
Shasta,2021-06-28,187,119627,121,51781,49,61895,17,5951,92,11914,95,56666,109,68580,California
Shasta,2021-06-29,270,119897,159,51940,83,61978,28,5979,101,11877,166,56832,129,68709,California
Shasta,2021-06-30,208,120105,120,52060,76,62054,12,5991,90,11863,116,56948,102,68811,California
Shasta,2021-07-01,208,120313,135,52195,62,62116,11,6002,81,11830,125,57073,92,68903,California
Shasta,2021-07-02,267,120580,171,52366,82,62198,14,6016,120,11820,144,57217,134,69037,California
Shasta,2021-07-03,117,120697,79,52445,32,62230,6,6022,51,11811,66,57283,57,69094,California
Shasta,2021-07-04,5,120702,1,52446,3,62233,1,6023,1,11809,4,57287,2,69096,California
Shasta,2021-07-05,110,120812,61,52507,39,62272,10,6033,47,11804,62,57349,57,69153,California
Shasta,2021-07-06,286,121098,164,52671,102,62374,20,6053,88,11717,195,57544,108,69261,California
Shasta,2021-07-07,194,121292,101,52772,57,62431,36,6089,64,11690,127,57671,100,69361,California
Shasta,2021-07-08,215,121507,120,52892,77,62508,18,6107,85,11663,129,57800,102,69463,California
Shasta,2021-07-09,230,121737,160,53052,62,62570,8,6115,92,11625,138,57938,100,69563,California
Shasta,2021-07-10,97,121834,60,53112,33,62603,4,6119,42,11616,55,57993,46,69609,California
Shasta,2021-07-11,24,121858,17,53129,7,62610,0,6119,12,11616,12,58005,12,69621,California
Sierra,2020-12-18,1,1,1,1,0,0,0,0,1,1,0,0,1,1,California
Sierra,2020-12-21,2,3,2,3,0,0,0,0,2,3,0,0,2,3,California
Sierra,2020-12-22,12,15,12,15,0,0,0,0,12,15,0,0,12,15,California
Sierra,2020-12-23,4,19,4,19,0,0,0,0,4,19,0,0,4,19,California
Sierra,2020-12-28,1,20,0,19,1,1,0,0,1,20,0,0,1,20,California
Sierra,2020-12-29,50,70,7,26,43,44,0,0,50,70,0,0,50,70,California
Sierra,2020-12-30,2,72,0,26,2,46,0,0,2,72,0,0,2,72,California
Sierra,2020-12-31,13,85,0,26,13,59,0,0,13,85,0,0,13,85,California
Sierra,2021-01-01,1,86,1,27,0,59,0,0,1,86,0,0,1,86,California
Sierra,2021-01-05,63,149,2,29,61,120,0,0,63,149,0,0,63,149,California
Sierra,2021-01-06,1,150,1,30,0,120,0,0,1,150,0,0,1,150,California
Sierra,2021-01-07,21,171,1,31,20,140,0,0,20,169,1,1,20,170,California
Sierra,2021-01-08,1,172,1,32,0,140,0,0,1,170,0,1,1,171,California
Sierra,2021-01-11,3,175,3,35,0,140,0,0,0,167,3,4,0,171,California
Sierra,2021-01-12,39,214,12,47,27,167,0,0,27,182,12,16,27,198,California
Sierra,2021-01-13,4,218,3,50,1,168,0,0,1,180,3,19,1,199,California
Sierra,2021-01-14,35,253,2,52,33,201,0,0,35,215,0,19,35,234,California
Sierra,2021-01-15,3,256,1,53,2,203,0,0,3,218,0,19,3,237,California
Sierra,2021-01-18,3,259,0,53,3,206,0,0,3,221,0,19,3,240,California
Sierra,2021-01-19,31,290,0,53,31,237,0,0,31,252,0,19,31,271,California
Sierra,2021-01-20,1,291,1,54,0,237,0,0,1,253,0,19,1,272,California
Sierra,2021-01-21,52,343,0,54,52,289,0,0,52,305,0,19,52,324,California
Sierra,2021-01-22,2,345,0,54,2,291,0,0,2,307,0,19,2,326,California
Sierra,2021-01-23,2,347,0,54,2,293,0,0,2,309,0,19,2,328,California
Sierra,2021-01-25,1,348,1,55,0,293,0,0,1,310,0,19,1,329,California
Sierra,2021-01-26,63,411,1,56,62,355,0,0,24,295,39,58,24,353,California
Sierra,2021-01-27,4,415,4,60,0,355,0,0,0,291,4,62,0,353,California
Sierra,2021-01-28,53,468,0,60,53,408,0,0,43,324,10,72,43,396,California
Sierra,2021-01-29,2,470,0,60,2,410,0,0,2,326,0,72,2,398,California
Sierra,2021-01-30,3,473,3,63,0,410,0,0,2,327,1,73,2,400,California
Sierra,2021-02-01,1,474,0,63,1,411,0,0,0,326,1,74,0,400,California
Sierra,2021-02-02,57,531,1,64,56,467,0,0,18,305,39,113,18,418,California
Sierra,2021-02-03,6,537,5,69,1,468,0,0,5,309,1,114,5,423,California
Sierra,2021-02-04,102,639,5,74,97,565,0,0,53,313,49,163,53,476,California
Sierra,2021-02-05,6,645,4,78,2,567,0,0,5,317,1,164,5,481,California
Sierra,2021-02-09,51,696,0,78,51,618,0,0,48,362,3,167,48,529,California
Sierra,2021-02-10,5,701,2,80,3,621,0,0,4,365,1,168,4,533,California
Sierra,2021-02-11,195,896,1,81,194,815,0,0,134,438,61,229,134,667,California
Sierra,2021-02-12,20,916,0,81,20,835,0,0,20,458,0,229,20,687,California
Sierra,2021-02-13,1,917,1,82,0,835,0,0,1,459,0,229,1,688,California
Sierra,2021-02-15,4,921,3,85,1,836,0,0,0,455,4,233,0,688,California
Sierra,2021-02-16,43,964,1,86,42,878,0,0,10,432,33,266,10,698,California
Sierra,2021-02-17,4,968,0,86,4,882,0,0,1,430,3,269,1,699,California
Sierra,2021-02-18,139,1107,0,86,139,1021,0,0,90,471,49,318,90,789,California
Sierra,2021-02-19,2,1109,1,87,1,1022,0,0,1,471,1,319,1,790,California
Sierra,2021-02-20,2,1111,2,89,0,1022,0,0,0,469,2,321,0,790,California
Sierra,2021-02-22,1,1112,1,90,0,1022,0,0,1,470,0,321,1,791,California
Sierra,2021-02-23,4,1116,0,90,4,1026,0,0,4,474,0,321,4,795,California
Sierra,2021-02-24,3,1119,2,92,1,1027,0,0,3,477,0,321,3,798,California
Sierra,2021-02-25,124,1243,2,94,122,1149,0,0,58,470,65,386,58,856,California
Sierra,2021-02-26,11,1254,6,100,5,1154,0,0,4,467,7,393,4,860,California
Sierra,2021-02-27,2,1256,2,102,0,1154,0,0,0,465,2,395,0,860,California
Sierra,2021-03-01,2,1258,2,104,0,1154,0,0,0,463,2,397,0,860,California
Sierra,2021-03-02,56,1314,0,104,56,1210,0,0,38,483,18,415,38,898,California
Sierra,2021-03-03,2,1316,2,106,0,1210,0,0,1,483,1,416,1,899,California
Sierra,2021-03-04,108,1424,0,106,108,1318,0,0,60,495,48,464,60,959,California
Sierra,2021-03-05,13,1437,1,107,12,1330,0,0,11,504,2,466,11,970,California
Sierra,2021-03-07,1,1438,1,108,0,1330,0,0,0,503,1,467,0,970,California
Sierra,2021-03-08,2,1440,2,110,0,1330,0,0,2,505,0,467,2,972,California
Sierra,2021-03-09,56,1496,0,110,56,1386,0,0,12,473,44,511,12,984,California
Sierra,2021-03-10,6,1502,0,110,6,1392,0,0,4,475,2,513,4,988,California
Sierra,2021-03-11,172,1674,0,110,172,1564,0,0,40,383,132,645,40,1028,California
Sierra,2021-03-12,20,1694,1,111,19,1583,0,0,0,363,20,665,0,1028,California
Sierra,2021-03-13,27,1721,0,111,27,1610,0,0,27,390,0,665,27,1055,California
Sierra,2021-03-14,1,1722,0,111,0,1610,1,1,0,390,1,666,1,1056,California
Sierra,2021-03-15,2,1724,1,112,0,1610,1,2,0,389,2,668,1,1057,California
Sierra,2021-03-16,35,1759,0,112,34,1644,1,3,22,399,13,681,23,1080,California
Sierra,2021-03-17,3,1762,2,114,1,1645,0,3,0,396,3,684,0,1080,California
Sierra,2021-03-18,157,1919,0,114,157,1802,0,3,65,369,92,776,65,1145,California
Sierra,2021-03-19,4,1923,2,116,2,1804,0,3,1,367,3,779,1,1146,California
Sierra,2021-03-20,1,1924,0,116,1,1805,0,3,1,368,0,779,1,1147,California
Sierra,2021-03-23,22,1946,0,116,22,1827,0,3,13,372,9,788,13,1160,California
Sierra,2021-03-24,3,1949,1,117,2,1829,0,3,1,371,2,790,1,1161,California
Sierra,2021-03-25,98,2047,0,117,98,1927,0,3,49,371,49,839,49,1210,California
Sierra,2021-03-26,12,2059,1,118,11,1938,0,3,8,375,4,843,8,1218,California
Sierra,2021-03-27,1,2060,0,118,1,1939,0,3,0,374,1,844,0,1218,California
Sierra,2021-03-29,1,2061,1,119,0,1939,0,3,0,373,1,845,0,1218,California
Sierra,2021-03-30,54,2115,1,120,53,1992,0,3,22,363,32,877,22,1240,California
Sierra,2021-03-31,8,2123,0,120,8,2000,0,3,8,371,0,877,8,1248,California
Sierra,2021-04-01,63,2186,1,121,62,2062,0,3,5,320,56,933,5,1253,California
Sierra,2021-04-02,3,2189,2,123,1,2063,0,3,2,321,1,934,2,1255,California
Sierra,2021-04-04,1,2190,0,123,1,2064,0,3,0,321,0,934,0,1255,California
Sierra,2021-04-06,11,2201,0,123,11,2075,0,3,1,312,10,944,1,1256,California
Sierra,2021-04-07,14,2215,3,126,6,2081,5,8,3,310,10,954,8,1264,California
Sierra,2021-04-08,53,2268,2,128,51,2132,0,8,16,289,37,991,16,1280,California
Sierra,2021-04-09,2,2270,2,130,0,2132,0,8,1,289,1,992,1,1281,California
Sierra,2021-04-10,27,2297,0,130,27,2159,0,8,0,262,27,1019,0,1281,California
Sierra,2021-04-13,43,2340,0,130,43,2202,0,8,5,229,38,1057,5,1286,California
Sierra,2021-04-14,1,2341,0,130,1,2203,0,8,1,230,0,1057,1,1287,California
Sierra,2021-04-15,48,2389,1,131,47,2250,0,8,2,186,46,1103,2,1289,California
Sierra,2021-04-17,2,2391,1,132,1,2251,0,8,1,186,1,1104,1,1290,California
Sierra,2021-04-18,1,2392,0,132,1,2252,0,8,0,186,0,1104,0,1290,California
Sierra,2021-04-19,1,2393,1,133,0,2252,0,8,0,185,1,1105,0,1290,California
Sierra,2021-04-20,33,2426,0,133,33,2285,0,8,7,166,26,1131,7,1297,California
Sierra,2021-04-21,2,2428,1,134,1,2286,0,8,1,166,1,1132,1,1298,California
Sierra,2021-04-22,64,2492,1,135,63,2349,0,8,5,113,58,1190,5,1303,California
Sierra,2021-04-23,13,2505,0,135,13,2362,0,8,4,108,9,1199,4,1307,California
Sierra,2021-04-24,4,2509,0,135,4,2366,0,8,4,112,0,1199,4,1311,California
Sierra,2021-04-26,1,2510,0,135,1,2367,0,8,1,113,0,1199,1,1312,California
Sierra,2021-04-27,27,2537,0,135,27,2394,0,8,4,94,23,1222,4,1316,California
Sierra,2021-04-28,10,2547,2,137,8,2402,0,8,1,86,9,1231,1,1317,California
Sierra,2021-04-29,20,2567,2,139,18,2420,0,8,14,94,6,1237,14,1331,California
Sierra,2021-04-30,4,2571,2,141,2,2422,0,8,2,94,2,1239,2,1333,California
Sierra,2021-05-01,1,2572,0,141,1,2423,0,8,0,94,0,1239,0,1333,California
Sierra,2021-05-03,1,2573,1,142,0,2423,0,8,1,95,0,1239,1,1334,California
Sierra,2021-05-04,1,2574,0,142,1,2424,0,8,0,94,1,1240,0,1334,California
Sierra,2021-05-05,23,2597,1,143,22,2446,0,8,8,87,15,1255,8,1342,California
Sierra,2021-05-06,1,2598,1,144,0,2446,0,8,0,86,1,1256,0,1342,California
Sierra,2021-05-07,1,2599,1,145,0,2446,0,8,1,87,0,1256,1,1343,California
Sierra,2021-05-08,1,2600,0,145,0,2446,1,9,0,87,1,1257,1,1344,California
Sierra,2021-05-11,11,2611,0,145,4,2450,7,16,0,83,11,1268,7,1351,California
Sierra,2021-05-12,11,2622,1,146,10,2460,0,16,8,88,3,1271,8,1359,California
Sierra,2021-05-13,3,2625,2,148,1,2461,0,16,2,89,1,1272,2,1361,California
Sierra,2021-05-14,3,2628,1,149,2,2463,0,16,3,92,0,1272,3,1364,California
Sierra,2021-05-17,1,2629,1,150,0,2463,0,16,1,93,0,1272,1,1365,California
Sierra,2021-05-18,2,2631,0,150,1,2464,1,17,0,92,2,1274,1,1366,California
Sierra,2021-05-19,6,2637,2,152,4,2468,0,17,2,90,4,1278,2,1368,California
Sierra,2021-05-20,9,2646,8,160,0,2468,1,18,8,98,1,1279,9,1377,California
Sierra,2021-05-21,4,2650,2,162,2,2470,0,18,1,96,3,1282,1,1378,California
Sierra,2021-05-22,5,2655,0,162,5,2475,0,18,1,93,4,1286,1,1379,California
Sierra,2021-05-23,1,2656,0,162,1,2476,0,18,1,94,0,1286,1,1380,California
Sierra,2021-05-24,3,2659,1,163,2,2478,0,18,2,95,1,1287,2,1382,California
Sierra,2021-05-25,3,2662,0,163,3,2481,0,18,1,94,2,1289,1,1383,California
Sierra,2021-05-26,8,2670,0,163,8,2489,0,18,4,94,4,1293,4,1387,California
Sierra,2021-05-27,9,2679,1,164,7,2496,1,19,2,90,7,1300,3,1390,California
Sierra,2021-05-28,4,2683,2,166,2,2498,0,19,2,90,2,1302,2,1392,California
Sierra,2021-05-29,2,2685,0,166,2,2500,0,19,2,92,0,1302,2,1394,California
Sierra,2021-05-30,1,2686,1,167,0,2500,0,19,1,93,0,1302,1,1395,California
Sierra,2021-06-01,1,2687,0,167,1,2501,0,19,0,92,1,1303,0,1395,California
Sierra,2021-06-02,23,2710,0,167,21,2522,2,21,0,72,22,1325,2,1397,California
Sierra,2021-06-03,3,2713,2,169,1,2523,0,21,0,69,3,1328,0,1397,California
Sierra,2021-06-04,2,2715,2,171,0,2523,0,21,1,69,1,1329,1,1398,California
Sierra,2021-06-08,1,2716,1,172,0,2523,0,21,1,70,0,1329,1,1399,California
Sierra,2021-06-09,8,2724,1,173,5,2528,2,23,0,64,8,1337,2,1401,California
Sierra,2021-06-10,8,2732,8,181,0,2528,0,23,4,64,4,1341,4,1405,California
Sierra,2021-06-11,3,2735,1,182,2,2530,0,23,0,61,3,1344,0,1405,California
Sierra,2021-06-12,1,2736,1,183,0,2530,0,23,1,62,0,1344,1,1406,California
Sierra,2021-06-13,1,2737,1,184,0,2530,0,23,0,61,1,1345,0,1406,California
Sierra,2021-06-14,7,2744,5,189,1,2531,1,24,3,61,4,1349,4,1410,California
Sierra,2021-06-15,2,2746,1,190,1,2532,0,24,1,62,0,1349,1,1411,California
Sierra,2021-06-16,6,2752,1,191,5,2537,0,24,2,60,4,1353,2,1413,California
Sierra,2021-06-17,4,2756,2,193,1,2538,1,25,2,61,2,1355,3,1416,California
Sierra,2021-06-18,2,2758,1,194,0,2538,1,26,0,60,2,1357,1,1417,California
Sierra,2021-06-21,1,2759,0,194,1,2539,0,26,0,59,1,1358,0,1417,California
Sierra,2021-06-22,5,2764,3,197,2,2541,0,26,3,60,2,1360,3,1420,California
Sierra,2021-06-23,6,2770,0,197,6,2547,0,26,2,58,4,1364,2,1422,California
Sierra,2021-06-24,6,2776,0,197,2,2549,4,30,1,58,5,1369,5,1427,California
Sierra,2021-06-27,1,2777,1,198,0,2549,0,30,1,59,0,1369,1,1428,California
Sierra,2021-06-28,1,2778,0,198,0,2549,1,31,0,59,1,1370,1,1429,California
Sierra,2021-06-30,3,2781,2,200,0,2549,1,32,1,59,2,1372,2,1431,California
Sierra,2021-07-01,3,2784,1,201,2,2551,0,32,2,60,1,1373,2,1433,California
Sierra,2021-07-02,1,2785,1,202,0,2551,0,32,0,59,1,1374,0,1433,California
Sierra,2021-07-03,1,2786,1,203,0,2551,0,32,0,58,1,1375,0,1433,California
Sierra,2021-07-06,1,2787,1,204,0,2551,0,32,0,57,1,1376,0,1433,California
Sierra,2021-07-07,6,2793,6,210,0,2551,0,32,2,55,4,1380,2,1435,California
Sierra,2021-07-08,2,2795,1,211,1,2552,0,32,1,55,1,1381,1,1436,California
Sierra,2021-07-09,2,2797,2,213,0,2552,0,32,2,57,0,1381,2,1438,California
Siskiyou,2020-12-16,2,2,2,2,0,0,0,0,2,2,0,0,2,2,California
Siskiyou,2020-12-17,4,6,4,6,0,0,0,0,4,6,0,0,4,6,California
Siskiyou,2020-12-18,2,8,2,8,0,0,0,0,2,8,0,0,2,8,California
Siskiyou,2020-12-19,4,12,4,12,0,0,0,0,4,12,0,0,4,12,California
Siskiyou,2020-12-20,1,13,1,13,0,0,0,0,1,13,0,0,1,13,California
Siskiyou,2020-12-21,132,145,132,145,0,0,0,0,132,145,0,0,132,145,California
Siskiyou,2020-12-22,158,303,158,303,0,0,0,0,158,303,0,0,158,303,California
Siskiyou,2020-12-23,144,447,144,447,0,0,0,0,144,447,0,0,144,447,California
Siskiyou,2020-12-24,5,452,5,452,0,0,0,0,5,452,0,0,5,452,California
Siskiyou,2020-12-26,2,454,0,452,2,2,0,0,2,454,0,0,2,454,California
Siskiyou,2020-12-27,2,456,0,452,2,4,0,0,2,456,0,0,2,456,California
Siskiyou,2020-12-28,4,460,2,454,2,6,0,0,4,460,0,0,4,460,California
Siskiyou,2020-12-29,6,466,2,456,4,10,0,0,6,466,0,0,6,466,California
Siskiyou,2020-12-30,101,567,4,460,97,107,0,0,101,567,0,0,101,567,California
Siskiyou,2020-12-31,12,579,0,460,12,119,0,0,12,579,0,0,12,579,California
Siskiyou,2021-01-02,1,580,1,461,0,119,0,0,1,580,0,0,1,580,California
Siskiyou,2021-01-03,1,581,0,461,1,120,0,0,1,581,0,0,1,581,California
Siskiyou,2021-01-04,132,713,3,464,129,249,0,0,132,713,0,0,132,713,California
Siskiyou,2021-01-05,116,829,4,468,112,361,0,0,114,826,2,2,115,828,California
Siskiyou,2021-01-06,61,890,6,474,55,416,0,0,57,879,4,6,57,885,California
Siskiyou,2021-01-07,176,1066,4,478,172,588,0,0,175,1053,1,7,175,1060,California
Siskiyou,2021-01-08,44,1110,3,481,41,629,0,0,42,1093,2,9,42,1102,California
Siskiyou,2021-01-09,3,1113,3,484,0,629,0,0,1,1092,2,11,1,1103,California
Siskiyou,2021-01-11,293,1406,135,619,158,787,0,0,160,1119,133,144,160,1263,California
Siskiyou,2021-01-12,254,1660,205,824,49,836,0,0,91,1048,163,307,92,1355,California
Siskiyou,2021-01-13,160,1820,139,963,21,857,0,0,23,934,137,444,23,1378,California
Siskiyou,2021-01-14,36,1856,1,964,35,892,0,0,35,968,1,445,35,1413,California
Siskiyou,2021-01-15,55,1911,3,967,52,944,0,0,55,1023,0,445,55,1468,California
Siskiyou,2021-01-16,7,1918,2,969,5,949,0,0,7,1030,0,445,7,1475,California
Siskiyou,2021-01-17,1,1919,1,970,0,949,0,0,0,1029,1,446,0,1475,California
Siskiyou,2021-01-18,75,1994,3,973,72,1021,0,0,73,1100,2,448,73,1548,California
Siskiyou,2021-01-19,41,2035,1,974,40,1061,0,0,40,1139,1,449,40,1588,California
Siskiyou,2021-01-20,68,2103,35,1009,33,1094,0,0,64,1199,4,453,64,1652,California
Siskiyou,2021-01-21,69,2172,1,1010,68,1162,0,0,69,1268,0,453,69,1721,California
Siskiyou,2021-01-22,1345,3517,1177,2187,168,1330,0,0,1345,2613,0,453,1345,3066,California
Siskiyou,2021-01-23,6,3523,2,2189,4,1334,0,0,3,2613,3,456,3,3069,California
Siskiyou,2021-01-25,209,3732,9,2198,200,1534,0,0,205,2814,4,460,205,3274,California
Siskiyou,2021-01-26,158,3890,4,2202,154,1688,0,0,149,2954,9,469,149,3423,California
Siskiyou,2021-01-27,203,4093,3,2205,200,1888,0,0,138,3028,64,533,138,3561,California
Siskiyou,2021-01-28,260,4353,118,2323,142,2030,0,0,235,3244,19,552,235,3796,California
Siskiyou,2021-01-29,271,4624,3,2326,268,2298,0,0,252,3477,19,571,252,4048,California
Siskiyou,2021-01-30,6,4630,5,2331,1,2299,0,0,6,3483,0,571,6,4054,California
Siskiyou,2021-02-01,215,4845,3,2334,212,2511,0,0,114,3496,101,672,114,4168,California
Siskiyou,2021-02-02,318,5163,45,2379,273,2784,0,0,164,3506,154,826,164,4332,California
Siskiyou,2021-02-03,334,5497,1,2380,333,3117,0,0,265,3702,69,895,265,4597,California
Siskiyou,2021-02-04,370,5867,7,2387,363,3480,0,0,229,3790,141,1036,229,4826,California
Siskiyou,2021-02-05,546,6413,4,2391,542,4022,0,0,371,3986,175,1211,371,5197,California
Siskiyou,2021-02-06,15,6428,0,2391,15,4037,0,0,15,4001,0,1211,15,5212,California
Siskiyou,2021-02-07,2,6430,1,2392,1,4038,0,0,2,4003,0,1211,2,5214,California
Siskiyou,2021-02-08,242,6672,4,2396,238,4276,0,0,217,4195,25,1236,217,5431,California
Siskiyou,2021-02-09,247,6919,4,2400,243,4519,0,0,194,4336,53,1289,194,5625,California
Siskiyou,2021-02-10,389,7308,41,2441,348,4867,0,0,319,4586,69,1358,319,5944,California
Siskiyou,2021-02-11,215,7523,1,2442,214,5081,0,0,185,4741,30,1388,185,6129,California
Siskiyou,2021-02-12,1705,9228,1199,3641,506,5587,0,0,497,4030,1208,2596,497,6626,California
Siskiyou,2021-02-13,36,9264,2,3643,34,5621,0,0,31,4056,5,2601,31,6657,California
Siskiyou,2021-02-14,6,9270,2,3645,4,5625,0,0,6,4062,0,2601,6,6663,California
Siskiyou,2021-02-15,106,9376,9,3654,97,5722,0,0,103,4162,3,2604,103,6766,California
Siskiyou,2021-02-16,137,9513,2,3656,135,5857,0,0,100,4225,37,2641,100,6866,California
Siskiyou,2021-02-17,298,9811,16,3672,282,6139,0,0,261,4449,37,2678,261,7127,California
Siskiyou,2021-02-18,272,10083,88,3760,184,6323,0,0,129,4435,143,2821,129,7256,California
Siskiyou,2021-02-19,97,10180,34,3794,63,6386,0,0,36,4412,59,2880,36,7292,California
Siskiyou,2021-02-20,23,10203,5,3799,18,6404,0,0,16,4423,7,2887,18,7310,California
Siskiyou,2021-02-21,1,10204,1,3800,0,6404,0,0,1,4424,0,2887,1,7311,California
Siskiyou,2021-02-22,218,10422,2,3802,216,6620,0,0,78,4362,140,3027,78,7389,California
Siskiyou,2021-02-23,346,10768,14,3816,332,6952,0,0,194,4404,152,3179,194,7583,California
Siskiyou,2021-02-24,173,10941,5,3821,168,7120,0,0,50,4331,123,3302,50,7633,California
Siskiyou,2021-02-25,319,11260,26,3847,293,7413,0,0,162,4337,156,3458,162,7795,California
Siskiyou,2021-02-26,682,11942,11,3858,671,8084,0,0,372,4399,310,3768,372,8167,California
Siskiyou,2021-02-27,31,11973,5,3863,26,8110,0,0,27,4422,4,3772,27,8194,California
Siskiyou,2021-02-28,4,11977,4,3867,0,8110,0,0,3,4424,1,3773,3,8197,California
Siskiyou,2021-03-01,295,12272,6,3873,289,8399,0,0,51,4231,244,4017,51,8248,California
Siskiyou,2021-03-02,211,12483,1,3874,210,8609,0,0,70,4160,141,4158,70,8318,California
Siskiyou,2021-03-03,353,12836,12,3886,341,8950,0,0,155,4117,198,4356,155,8473,California
Siskiyou,2021-03-04,833,13669,623,4509,210,9160,0,0,647,4578,186,4542,647,9120,California
Siskiyou,2021-03-05,354,14023,6,4515,337,9497,11,11,105,4448,246,4788,116,9236,California
Siskiyou,2021-03-06,43,14066,3,4518,33,9530,7,18,28,4468,15,4803,35,9271,California
Siskiyou,2021-03-07,12,14078,4,4522,0,9530,8,26,2,4468,10,4813,10,9281,California
Siskiyou,2021-03-08,439,14517,28,4550,377,9907,34,60,68,4199,371,5184,102,9383,California
Siskiyou,2021-03-09,248,14765,2,4552,192,10099,54,114,44,4093,204,5388,98,9481,California
Siskiyou,2021-03-10,299,15064,7,4559,262,10361,30,144,26,3876,273,5661,56,9537,California
Siskiyou,2021-03-11,521,15585,205,4764,269,10630,47,191,282,3967,238,5899,329,9866,California
Siskiyou,2021-03-12,697,16282,141,4905,517,11147,39,230,184,3678,511,6410,222,10088,California
Siskiyou,2021-03-13,427,16709,379,5284,25,11172,23,253,379,4032,48,6458,402,10490,California
Siskiyou,2021-03-14,19,16728,0,5284,3,11175,16,269,1,4031,18,6476,17,10507,California
Siskiyou,2021-03-15,515,17243,258,5542,193,11368,64,333,339,4258,176,6652,403,10910,California
Siskiyou,2021-03-16,257,17500,34,5576,206,11574,17,350,140,4299,116,6768,157,11067,California
Siskiyou,2021-03-17,204,17704,9,5585,187,11761,8,358,35,4173,169,6937,43,11110,California
Siskiyou,2021-03-18,928,18632,790,6375,126,11887,12,370,807,4872,120,7057,819,11929,California
Siskiyou,2021-03-19,68,18700,10,6385,45,11932,13,383,19,4855,49,7106,32,11961,California
Siskiyou,2021-03-20,29,18729,7,6392,18,11950,4,387,6,4842,23,7129,10,11971,California
Siskiyou,2021-03-21,9,18738,3,6395,1,11951,5,392,3,4844,6,7135,8,11979,California
Siskiyou,2021-03-22,207,18945,21,6416,164,12115,22,414,143,4948,61,7196,165,12144,California
Siskiyou,2021-03-23,194,19139,19,6435,166,12281,9,423,141,5044,53,7249,149,12293,California
Siskiyou,2021-03-24,144,19283,48,6483,96,12377,0,423,115,5130,29,7278,115,12408,California
Siskiyou,2021-03-25,573,19856,320,6803,250,12627,3,426,399,5358,174,7452,402,12810,California
Siskiyou,2021-03-26,308,20164,35,6838,273,12900,0,426,101,5254,205,7657,101,12911,California
Siskiyou,2021-03-27,38,20202,5,6843,28,12928,5,431,10,5241,28,7685,15,12926,California
Siskiyou,2021-03-28,8,20210,7,6850,1,12929,0,431,5,5243,3,7688,5,12931,California
Siskiyou,2021-03-29,95,20305,10,6860,83,13012,2,433,46,5242,49,7737,48,12979,California
Siskiyou,2021-03-30,98,20403,6,6866,91,13103,1,434,40,5225,58,7795,41,13020,California
Siskiyou,2021-03-31,191,20594,21,6887,167,13270,3,437,48,5137,140,7935,52,13072,California
Siskiyou,2021-04-01,829,21423,670,7557,159,13429,0,437,214,4736,615,8550,214,13286,California
Siskiyou,2021-04-02,347,21770,197,7754,146,13575,4,441,66,4527,279,8829,70,13356,California
Siskiyou,2021-04-03,26,21796,5,7759,14,13589,7,448,5,4518,21,8850,12,13368,California
Siskiyou,2021-04-04,1,21797,0,7759,1,13590,0,448,1,4519,0,8850,1,13369,California
Siskiyou,2021-04-05,437,22234,331,8090,80,13670,26,474,26,4161,410,9260,52,13421,California
Siskiyou,2021-04-06,223,22457,37,8127,133,13803,53,527,129,4250,92,9352,181,13602,California
Siskiyou,2021-04-07,118,22575,11,8138,65,13868,42,569,66,4307,52,9404,109,13711,California
Siskiyou,2021-04-08,356,22931,187,8325,127,13995,42,611,65,4123,291,9695,107,13818,California
Siskiyou,2021-04-09,547,23478,377,8702,132,14127,38,649,85,3786,461,10156,124,13942,California
Siskiyou,2021-04-10,44,23522,5,8707,3,14130,36,685,6,3790,38,10194,42,13984,California
Siskiyou,2021-04-11,7,23529,4,8711,1,14131,2,687,2,3789,5,10199,4,13988,California
Siskiyou,2021-04-12,129,23658,24,8735,103,14234,2,689,31,3724,98,10297,33,14021,California
Siskiyou,2021-04-13,207,23865,37,8772,169,14403,1,690,81,3680,126,10423,82,14103,California
Siskiyou,2021-04-14,157,24022,64,8836,93,14496,0,690,85,3695,70,10493,85,14188,California
Siskiyou,2021-04-15,1117,25139,957,9793,160,14656,0,690,438,3455,679,11172,439,14627,California
Siskiyou,2021-04-16,314,25453,219,10012,95,14751,0,690,270,3683,42,11214,270,14897,California
Siskiyou,2021-04-17,11,25464,8,10020,3,14754,0,690,7,3686,4,11218,7,14904,California
Siskiyou,2021-04-18,6,25470,3,10023,3,14757,0,690,2,3684,4,11222,2,14906,California
Siskiyou,2021-04-19,129,25599,24,10047,105,14862,0,690,47,3649,82,11304,47,14953,California
Siskiyou,2021-04-20,236,25835,5,10052,231,15093,0,690,94,3602,141,11445,94,15047,California
Siskiyou,2021-04-21,96,25931,10,10062,86,15179,0,690,26,3558,70,11515,26,15073,California
Siskiyou,2021-04-22,414,26345,301,10363,113,15292,0,690,49,3242,365,11880,49,15122,California
Siskiyou,2021-04-23,181,26526,15,10378,166,15458,0,690,159,3380,21,11901,159,15281,California
Siskiyou,2021-04-24,28,26554,4,10382,24,15482,0,690,20,3392,8,11909,20,15301,California
Siskiyou,2021-04-25,2,26556,0,10382,2,15484,0,690,2,3394,0,11909,2,15303,California
Siskiyou,2021-04-26,101,26657,4,10386,92,15576,5,695,24,3346,77,11986,29,15332,California
Siskiyou,2021-04-27,114,26771,5,10391,107,15683,2,697,87,3410,25,12011,89,15421,California
Siskiyou,2021-04-28,111,26882,8,10399,95,15778,8,705,53,3413,58,12069,61,15482,California
Siskiyou,2021-04-29,150,27032,16,10415,133,15911,1,706,30,3324,120,12189,31,15513,California
Siskiyou,2021-04-30,102,27134,20,10435,81,15992,1,707,45,3315,54,12243,45,15558,California
Siskiyou,2021-05-01,11,27145,7,10442,1,15993,3,710,7,3321,4,12247,10,15568,California
Siskiyou,2021-05-02,10,27155,4,10446,6,15999,0,710,9,3329,1,12248,9,15577,California
Siskiyou,2021-05-03,111,27266,23,10469,86,16085,2,712,46,3312,65,12313,48,15625,California
Siskiyou,2021-05-04,123,27389,7,10476,114,16199,2,714,60,3312,62,12375,62,15687,California
Siskiyou,2021-05-05,116,27505,20,10496,87,16286,9,723,39,3284,76,12451,48,15735,California
Siskiyou,2021-05-06,367,27872,296,10792,65,16351,6,729,190,3303,177,12628,196,15931,California
Siskiyou,2021-05-07,308,28180,219,11011,84,16435,5,734,31,3063,276,12904,36,15967,California
Siskiyou,2021-05-08,25,28205,4,11015,20,16455,1,735,18,3075,7,12911,19,15986,California
Siskiyou,2021-05-09,1,28206,0,11015,1,16456,0,735,0,3074,1,12912,0,15986,California
Siskiyou,2021-05-10,98,28304,67,11082,30,16486,1,736,21,3019,77,12989,22,16008,California
Siskiyou,2021-05-11,88,28392,8,11090,75,16561,5,741,52,3040,36,13025,57,16065,California
Siskiyou,2021-05-12,109,28501,4,11094,101,16662,4,745,17,2970,91,13116,21,16086,California
Siskiyou,2021-05-13,131,28632,35,11129,87,16749,9,754,38,2924,93,13209,47,16133,California
Siskiyou,2021-05-14,176,28808,82,11211,93,16842,1,755,108,2966,67,13276,109,16242,California
Siskiyou,2021-05-15,43,28851,13,11224,28,16870,2,757,36,2998,6,13282,38,16280,California
Siskiyou,2021-05-16,6,28857,2,11226,4,16874,0,757,4,3000,2,13284,4,16284,California
Siskiyou,2021-05-17,65,28922,1,11227,41,16915,23,780,11,2980,54,13338,34,16318,California
Siskiyou,2021-05-18,222,29144,83,11310,135,17050,4,784,125,3013,96,13434,129,16447,California
Siskiyou,2021-05-19,202,29346,97,11407,104,17154,1,785,168,3148,34,13468,169,16616,California
Siskiyou,2021-05-20,534,29880,430,11837,102,17256,2,787,238,3094,294,13762,240,16856,California
Siskiyou,2021-05-21,239,30119,95,11932,144,17400,0,787,109,3074,129,13891,109,16965,California
Siskiyou,2021-05-22,42,30161,19,11951,23,17423,0,787,27,3086,15,13906,27,16992,California
Siskiyou,2021-05-23,4,30165,3,11954,1,17424,0,787,2,3086,2,13908,2,16994,California
Siskiyou,2021-05-24,43,30208,3,11957,40,17464,0,787,29,3102,13,13921,29,17023,California
Siskiyou,2021-05-25,156,30364,15,11972,121,17585,20,807,49,3066,105,14026,69,17092,California
Siskiyou,2021-05-26,76,30440,19,11991,57,17642,0,807,41,3072,35,14061,41,17133,California
Siskiyou,2021-05-27,133,30573,94,12085,37,17679,2,809,57,3055,76,14137,59,17192,California
Siskiyou,2021-05-28,152,30725,58,12143,93,17772,1,810,100,3105,51,14188,101,17293,California
Siskiyou,2021-05-29,16,30741,9,12152,4,17776,3,813,5,3102,11,14199,8,17301,California
Siskiyou,2021-05-31,2,30743,1,12153,0,17776,1,814,1,3103,1,14200,2,17303,California
Siskiyou,2021-06-01,86,30829,20,12173,66,17842,0,814,29,3076,56,14256,29,17332,California
Siskiyou,2021-06-02,123,30952,33,12206,90,17932,0,814,47,3047,76,14332,47,17379,California
Siskiyou,2021-06-03,156,31108,109,12315,42,17974,5,819,40,2976,116,14448,45,17424,California
Siskiyou,2021-06-04,100,31208,76,12391,24,17998,0,819,21,2918,79,14527,21,17445,California
Siskiyou,2021-06-05,36,31244,17,12408,18,18016,1,820,14,2911,22,14549,15,17460,California
Siskiyou,2021-06-06,3,31247,2,12410,0,18016,1,821,0,2909,3,14552,1,17461,California
Siskiyou,2021-06-07,38,31285,4,12414,30,18046,4,825,26,2927,12,14564,30,17491,California
Siskiyou,2021-06-08,210,31495,94,12508,113,18159,3,828,65,2855,140,14704,68,17559,California
Siskiyou,2021-06-09,113,31608,84,12592,28,18187,1,829,31,2805,82,14786,32,17591,California
Siskiyou,2021-06-10,177,31785,145,12737,31,18218,1,830,77,2783,100,14886,78,17669,California
Siskiyou,2021-06-11,112,31897,60,12797,45,18263,7,837,23,2745,68,14954,30,17699,California
Siskiyou,2021-06-12,29,31926,6,12803,23,18286,0,837,9,2734,20,14974,9,17708,California
Siskiyou,2021-06-13,24,31950,16,12819,8,18294,0,837,2,2714,22,14996,2,17710,California
Siskiyou,2021-06-14,24,31974,4,12823,16,18310,4,841,11,2715,13,15009,14,17724,California
Siskiyou,2021-06-15,89,32063,22,12845,54,18364,13,854,32,2703,57,15066,45,17769,California
Siskiyou,2021-06-16,102,32165,23,12868,77,18441,2,856,10,2623,92,15158,12,17781,California
Siskiyou,2021-06-17,186,32351,142,13010,32,18473,12,868,40,2530,145,15303,52,17833,California
Siskiyou,2021-06-18,96,32447,61,13071,27,18500,8,876,19,2480,77,15380,27,17860,California
Siskiyou,2021-06-19,26,32473,17,13088,9,18509,0,876,12,2478,14,15394,12,17872,California
Siskiyou,2021-06-20,2,32475,1,13089,0,18509,1,877,1,2479,1,15395,2,17874,California
Siskiyou,2021-06-21,38,32513,3,13092,33,18542,2,879,5,2453,33,15428,7,17881,California
Siskiyou,2021-06-22,65,32578,24,13116,37,18579,4,883,31,2454,34,15462,35,17916,California
Siskiyou,2021-06-23,53,32631,7,13123,41,18620,5,888,11,2429,41,15503,16,17932,California
Siskiyou,2021-06-24,92,32723,51,13174,32,18652,9,897,46,2438,46,15549,55,17987,California
Siskiyou,2021-06-25,96,32819,60,13234,36,18688,0,897,65,2472,31,15580,65,18052,California
Siskiyou,2021-06-26,8,32827,3,13237,5,18693,0,897,4,2472,4,15584,4,18056,California
Siskiyou,2021-06-28,10,32837,4,13241,6,18699,0,897,5,2472,5,15589,5,18061,California
Siskiyou,2021-06-29,77,32914,52,13293,23,18722,2,899,40,2477,37,15626,42,18103,California
Siskiyou,2021-06-30,53,32967,10,13303,40,18762,3,902,13,2453,40,15666,16,18119,California
Siskiyou,2021-07-01,32,32999,20,13323,7,18769,5,907,9,2444,23,15689,14,18133,California
Siskiyou,2021-07-02,58,33057,36,13359,22,18791,0,907,40,2466,18,15707,40,18173,California
Siskiyou,2021-07-03,16,33073,5,13364,11,18802,0,907,9,2468,7,15714,9,18182,California
Siskiyou,2021-07-05,15,33088,5,13369,10,18812,0,907,4,2462,10,15724,4,18186,California
Siskiyou,2021-07-06,60,33148,14,13383,41,18853,5,912,18,2443,42,15766,23,18209,California
Siskiyou,2021-07-07,36,33184,10,13393,24,18877,2,914,12,2433,24,15790,14,18223,California
Siskiyou,2021-07-08,106,33290,75,13468,29,18906,2,916,44,2418,62,15852,47,18270,California
Siskiyou,2021-07-09,66,33356,42,13510,23,18929,1,917,51,2455,15,15867,52,18322,California
Siskiyou,2021-07-10,17,33373,7,13517,10,18939,0,917,8,2454,9,15876,8,18330,California
Siskiyou,2021-07-11,2,33375,0,13517,2,18941,0,917,2,2456,0,15876,2,18332,California
Solano,2020-12-15,4,4,4,4,0,0,0,0,4,4,0,0,4,4,California
Solano,2020-12-16,71,75,71,75,0,0,0,0,71,75,0,0,71,75,California
Solano,2020-12-17,171,246,171,246,0,0,0,0,171,246,0,0,171,246,California
Solano,2020-12-18,480,726,478,724,2,2,0,0,480,726,0,0,480,726,California
Solano,2020-12-19,522,1248,522,1246,0,2,0,0,522,1248,0,0,522,1248,California
Solano,2020-12-20,355,1603,353,1599,2,4,0,0,355,1603,0,0,355,1603,California
Solano,2020-12-21,576,2179,574,2173,2,6,0,0,576,2179,0,0,576,2179,California
Solano,2020-12-22,666,2845,631,2804,35,41,0,0,666,2845,0,0,666,2845,California
Solano,2020-12-23,862,3707,770,3574,92,133,0,0,861,3705,1,1,861,3706,California
Solano,2020-12-24,424,4131,170,3744,254,387,0,0,424,4129,0,1,424,4130,California
Solano,2020-12-25,9,4140,1,3745,8,395,0,0,9,4138,0,1,9,4139,California
Solano,2020-12-26,174,4314,47,3792,127,522,0,0,174,4312,0,1,174,4313,California
Solano,2020-12-27,106,4420,29,3821,77,599,0,0,106,4418,0,1,106,4419,California
Solano,2020-12-28,880,5300,434,4255,446,1045,0,0,880,5298,0,1,880,5299,California
Solano,2020-12-29,914,6214,376,4631,538,1583,0,0,914,6212,0,1,914,6213,California
Solano,2020-12-30,1243,7457,602,5233,641,2224,0,0,1243,7455,0,1,1243,7456,California
Solano,2020-12-31,546,8003,141,5374,405,2629,0,0,546,8001,0,1,546,8002,California
Solano,2021-01-01,14,8017,13,5387,1,2630,0,0,14,8015,0,1,14,8016,California
Solano,2021-01-02,218,8235,170,5557,48,2678,0,0,218,8233,0,1,218,8234,California
Solano,2021-01-03,55,8290,40,5597,15,2693,0,0,49,8282,0,1,49,8283,California
Solano,2021-01-04,451,8741,243,5840,208,2901,0,0,442,8722,2,3,442,8725,California
Solano,2021-01-05,735,9476,383,6223,352,3253,0,0,574,9140,156,159,574,9299,California
Solano,2021-01-06,850,10326,439,6662,411,3664,0,0,577,9446,271,430,577,9876,California
Solano,2021-01-07,1070,11396,684,7346,386,4050,0,0,594,9567,474,904,595,10471,California
Solano,2021-01-08,1155,12551,785,8131,370,4420,0,0,552,9536,585,1489,554,11025,California
Solano,2021-01-09,886,13437,762,8893,124,4544,0,0,427,9507,456,1945,427,11452,California
Solano,2021-01-10,254,13691,193,9086,61,4605,0,0,152,9557,102,2047,152,11604,California
Solano,2021-01-11,1334,15025,1121,10207,213,4818,0,0,817,9857,517,2564,817,12421,California
Solano,2021-01-12,1585,16610,1182,11389,403,5221,0,0,1028,10330,556,3120,1029,13450,California
Solano,2021-01-13,1470,18080,1006,12395,464,5685,0,0,1211,11284,257,3377,1211,14661,California
Solano,2021-01-14,1923,20003,832,13227,1091,6776,0,0,1604,12572,316,3693,1604,16265,California
Solano,2021-01-15,1719,21722,1062,14289,657,7433,0,0,1418,13689,301,3994,1418,17683,California
Solano,2021-01-16,1298,23020,907,15196,391,7824,0,0,1124,14639,174,4168,1124,18807,California
Solano,2021-01-17,1054,24074,757,15953,297,8121,0,0,1033,15652,21,4189,1034,19841,California
Solano,2021-01-18,1428,25502,856,16809,572,8693,0,0,1306,16836,122,4311,1306,21147,California
Solano,2021-01-19,1667,27169,1346,18155,321,9014,0,0,1390,17950,276,4587,1390,22537,California
Solano,2021-01-20,2068,29237,1427,19582,641,9655,0,0,1580,19045,485,5072,1580,24117,California
Solano,2021-01-21,3222,32459,1033,20615,2189,11844,0,0,2864,21553,358,5430,2866,26983,California
Solano,2021-01-22,1792,34251,859,21474,933,12777,0,0,1593,22948,199,5629,1594,28577,California
Solano,2021-01-23,743,34994,244,21718,499,13276,0,0,532,23269,212,5841,533,29110,California
Solano,2021-01-24,408,35402,63,21781,345,13621,0,0,340,23541,68,5909,340,29450,California
Solano,2021-01-25,1680,37082,632,22413,1048,14669,0,0,1119,24101,560,6469,1120,30570,California
Solano,2021-01-26,1804,38886,746,23159,1058,15727,0,0,1157,24612,647,7116,1158,31728,California
Solano,2021-01-27,1811,40697,720,23879,1091,16818,0,0,1193,25191,614,7730,1193,32921,California
Solano,2021-01-28,1983,42680,712,24591,1271,18089,0,0,1383,25976,599,8329,1384,34305,California
Solano,2021-01-29,1724,44404,777,25368,947,19036,0,0,1358,26971,363,8692,1358,35663,California
Solano,2021-01-30,928,45332,431,25799,497,19533,0,0,603,27250,325,9017,604,36267,California
Solano,2021-01-31,270,45602,178,25977,92,19625,0,0,174,27329,95,9112,174,36441,California
Solano,2021-02-01,1558,47160,1032,27009,526,20151,0,0,771,27316,784,9896,771,37212,California
Solano,2021-02-02,3385,50545,1101,28110,2284,22435,0,0,2566,29068,814,10710,2566,39778,California
Solano,2021-02-03,2274,52819,1309,29419,965,23400,0,0,1164,29125,1107,11817,1164,40942,California
Solano,2021-02-04,1816,54635,905,30324,911,24311,0,0,1084,29482,727,12544,1084,42026,California
Solano,2021-02-05,3125,57760,1418,31742,1707,26018,0,0,2110,30584,1008,13552,2110,44136,California
Solano,2021-02-06,3085,60845,1174,32916,1911,27929,0,0,2264,32031,817,14369,2264,46400,California
Solano,2021-02-07,846,61691,780,33696,66,27995,0,0,236,31658,609,14978,236,46636,California
Solano,2021-02-08,1776,63467,1244,34940,532,28527,0,0,723,31330,1051,16029,723,47359,California
Solano,2021-02-09,1962,65429,1492,36432,470,28997,0,0,701,30772,1259,17288,701,48060,California
Solano,2021-02-10,2294,67723,1507,37939,787,29784,0,0,824,30127,1469,18757,824,48884,California
Solano,2021-02-11,2552,70275,1502,39441,1050,30834,0,0,1201,29988,1340,20097,1201,50085,California
Solano,2021-02-12,4277,74552,1635,41076,2642,33476,0,0,2913,31546,1355,21452,2913,52998,California
Solano,2021-02-13,2898,77450,247,41323,2651,36127,0,0,2480,33612,414,21866,2480,55478,California
Solano,2021-02-14,733,78183,204,41527,529,36656,0,0,406,33694,325,22191,407,55885,California
Solano,2021-02-15,1273,79456,267,41794,1006,37662,0,0,654,33729,619,22810,654,56539,California
Solano,2021-02-16,2582,82038,1387,43181,1195,38857,0,0,1679,34507,902,23712,1680,58219,California
Solano,2021-02-17,3280,85318,1449,44630,1831,40688,0,0,2222,35675,1055,24767,2223,60442,California
Solano,2021-02-18,2931,88249,850,45480,2081,42769,0,0,863,34477,2061,26828,863,61305,California
Solano,2021-02-19,2497,90746,1470,46950,1027,43796,0,0,1183,34355,1307,28135,1185,62490,California
Solano,2021-02-20,2786,93532,395,47345,2391,46187,0,0,2260,36090,525,28660,2260,64750,California
Solano,2021-02-21,2342,95874,2013,49358,329,46516,0,0,2010,37773,327,28987,2010,66760,California
Solano,2021-02-22,1847,97721,1083,50441,764,47280,0,0,956,37843,887,29874,957,67717,California
Solano,2021-02-23,2998,100719,1167,51608,1831,49111,0,0,2022,38893,972,30846,2022,69739,California
Solano,2021-02-24,2590,103309,1296,52904,1294,50405,0,0,1423,39154,1163,32009,1424,71163,California
Solano,2021-02-25,2694,106003,1589,54493,1105,51510,0,0,1470,39406,1218,33227,1470,72633,California
Solano,2021-02-26,3574,109577,2284,56777,1290,52800,0,0,2111,40059,1458,34685,2111,74744,California
Solano,2021-02-27,3991,113568,1537,58314,2453,55253,1,1,3226,42533,753,35438,3227,77971,California
Solano,2021-02-28,1948,115516,1574,59888,373,55626,1,2,1616,43821,329,35767,1617,79588,California
Solano,2021-03-01,2765,118281,1230,61118,1534,57160,1,3,2087,45238,671,36438,2088,81676,California
Solano,2021-03-02,2341,120622,1415,62533,926,58086,0,3,1300,45498,1040,37478,1300,82976,California
Solano,2021-03-03,2269,122891,1276,63809,993,59079,0,3,1407,46054,852,38330,1408,84384,California
Solano,2021-03-04,4440,127331,3441,67250,997,60076,2,5,3174,47978,1255,39585,3179,87563,California
Solano,2021-03-05,4978,132309,1680,68930,3293,63369,5,10,3979,50974,988,40573,3984,91547,California
Solano,2021-03-06,3872,136181,835,69765,2996,66365,41,51,2647,52448,1214,41787,2688,94235,California
Solano,2021-03-07,3603,139784,763,70528,2814,69179,26,77,1953,52791,1637,43424,1980,96215,California
Solano,2021-03-08,2204,141988,1351,71879,582,69761,271,348,1630,54124,566,43990,1899,98114,California
Solano,2021-03-09,3246,145234,1568,73447,1623,71384,55,403,2338,55607,906,44896,2389,100503,California
Solano,2021-03-10,2442,147676,1761,75208,596,71980,85,488,1286,55825,1151,46047,1369,101872,California
Solano,2021-03-11,6055,153731,1763,76971,4042,76022,250,738,4997,60020,1053,47100,5248,107120,California
Solano,2021-03-12,6058,159789,1575,78546,4303,80325,180,918,3169,60492,2876,49976,3348,110468,California
Solano,2021-03-13,4626,164415,807,79353,3734,84059,85,1003,2239,60441,2378,52354,2327,112795,California
Solano,2021-03-14,4022,168437,3138,82491,428,84487,456,1459,1556,59989,2461,54815,2009,114804,California
Solano,2021-03-15,4041,172478,2459,84950,1255,85742,327,1786,2521,61327,1508,56323,2846,117650,California
Solano,2021-03-16,3114,175592,1323,86273,1553,87295,238,2024,1576,61609,1531,57854,1813,119463,California
Solano,2021-03-17,6524,182116,1681,87954,4748,92043,95,2119,4941,65066,1579,59433,5036,124499,California
Solano,2021-03-18,5232,187348,1860,89814,3333,95376,39,2158,3741,67365,1482,60915,3781,128280,California
Solano,2021-03-19,3595,190943,2655,92469,864,96240,76,2234,1630,67116,1956,62871,1707,129987,California
Solano,2021-03-20,5585,196528,1680,94149,3851,100091,54,2288,2612,66822,2960,65831,2666,132653,California
Solano,2021-03-21,1699,198227,1591,95740,83,100174,25,2313,376,65905,1316,67147,399,133052,California
Solano,2021-03-22,2713,200940,2058,97798,604,100778,51,2364,1568,66382,1139,68286,1616,134668,California
Solano,2021-03-23,3574,204514,1690,99488,1840,102618,44,2408,1390,65639,2176,70462,1433,136101,California
Solano,2021-03-24,2847,207361,1778,101266,1034,103652,35,2443,1361,65555,1478,71940,1394,137495,California
Solano,2021-03-25,4901,212262,4008,105274,858,104510,35,2478,2279,65253,2616,74556,2314,139809,California
Solano,2021-03-26,3253,215515,2110,107384,1106,105616,37,2515,1736,65521,1505,76061,1773,141582,California
Solano,2021-03-27,4231,219746,1162,108546,3028,108644,41,2556,1663,64662,2561,78622,1702,143284,California
Solano,2021-03-28,1425,221171,1112,109658,295,108939,18,2574,540,64339,881,79503,558,143842,California
Solano,2021-03-29,3543,224714,2043,111701,1484,110423,16,2590,1538,63904,1990,81493,1555,145397,California
Solano,2021-03-30,3062,227776,2028,113729,943,111366,91,2681,1911,64755,1150,82643,2001,147398,California
Solano,2021-03-31,3164,230940,2151,115880,853,112219,160,2841,1851,65455,1308,83951,2008,149406,California
Solano,2021-04-01,5583,236523,2110,117990,3319,115538,154,2995,3525,67090,2044,85995,3679,153085,California
Solano,2021-04-02,6639,243162,2239,120229,4231,119769,169,3164,2552,65740,4068,90063,2718,155803,California
Solano,2021-04-03,1532,244694,969,121198,410,120179,153,3317,569,65500,961,91024,721,156524,California
Solano,2021-04-04,785,245479,288,121486,193,120372,304,3621,241,65505,540,91564,545,157069,California
Solano,2021-04-05,3028,248507,2073,123559,746,121118,209,3830,1517,65721,1508,93072,1724,158793,California
Solano,2021-04-06,6073,254580,1637,125196,3945,125063,491,4321,1631,63409,4432,97504,2120,160913,California
Solano,2021-04-07,5991,260571,4642,129838,947,126010,402,4723,3400,64639,2572,100076,3802,164715,California
Solano,2021-04-08,6504,267075,1800,131638,3832,129842,872,5595,1798,62625,4674,104750,2660,167375,California
Solano,2021-04-09,6323,273398,1664,133302,3809,133651,850,6445,1521,60215,4774,109524,2364,169739,California
Solano,2021-04-10,1758,275156,965,134267,454,134105,339,6784,812,60420,944,110468,1149,170888,California
Solano,2021-04-11,1242,276398,773,135040,337,134442,132,6916,639,60591,600,111068,771,171659,California
Solano,2021-04-12,3294,279692,1703,136743,1230,135672,361,7277,1342,60344,1946,113014,1699,173358,California
Solano,2021-04-13,2575,282267,1115,137858,1459,137131,1,7278,1331,60436,1240,114254,1332,174690,California
Solano,2021-04-14,6549,288816,1967,139825,4582,141713,0,7278,1852,57601,4688,118942,1853,176543,California
Solano,2021-04-15,5749,294565,2174,141999,3574,145287,1,7279,1747,55361,3988,122930,1748,178291,California
Solano,2021-04-16,3710,298275,2597,144596,1111,146398,2,7281,2298,56258,1403,124333,2300,180591,California
Solano,2021-04-17,3292,301567,1074,145670,2218,148616,0,7281,1126,55231,2155,126488,1128,181719,California
Solano,2021-04-18,1056,302623,659,146329,397,149013,0,7281,550,55275,506,126994,550,182269,California
Solano,2021-04-19,2163,304786,1172,147501,991,150004,0,7281,1173,55467,983,127977,1175,183444,California
Solano,2021-04-20,3089,307875,1892,149393,1197,151201,0,7281,1707,55798,1376,129353,1707,185151,California
Solano,2021-04-21,3895,311770,2412,151805,1483,152684,0,7281,2039,55989,1848,131201,2039,187190,California
Solano,2021-04-22,3060,314830,1528,153333,1532,154216,0,7281,1804,56541,1252,132453,1804,188994,California
Solano,2021-04-23,4226,319056,2148,155481,2078,156294,0,7281,2539,57401,1681,134134,2541,191535,California
Solano,2021-04-24,3896,322952,2349,157830,1545,157839,2,7283,2584,58761,1226,135360,2586,194121,California
Solano,2021-04-25,1433,324385,1117,158947,316,158155,0,7283,1133,59601,293,135653,1133,195254,California
Solano,2021-04-26,2621,327006,1702,160649,915,159070,4,7287,1447,59893,1159,136812,1451,196705,California
Solano,2021-04-27,2603,329609,1307,161956,1266,160336,30,7317,1477,60286,1115,137927,1508,198213,California
Solano,2021-04-28,6087,335696,5029,166985,1012,161348,46,7363,3808,61876,2263,140190,3853,202066,California
Solano,2021-04-29,4583,340279,1475,168460,3073,164421,35,7398,2065,61468,2508,142698,2100,204166,California
Solano,2021-04-30,4177,344456,2234,170694,1802,166223,141,7539,1945,61336,2216,144914,2084,206250,California
Solano,2021-05-01,2189,346645,1684,172378,305,166528,200,7739,1298,61950,884,145798,1498,207748,California
Solano,2021-05-02,1201,347846,942,173320,234,166762,25,7764,661,62101,535,146333,686,208434,California
Solano,2021-05-03,1463,349309,1016,174336,361,167123,86,7850,603,61934,857,147190,690,209124,California
Solano,2021-05-04,1828,351137,1072,175408,690,167813,66,7916,822,61818,1004,148194,888,210012,California
Solano,2021-05-05,2287,353424,1445,176853,729,168542,113,8029,1103,61852,1180,149374,1214,211226,California
Solano,2021-05-06,1993,355417,1193,178046,591,169133,209,8238,724,61520,1257,150631,925,212151,California
Solano,2021-05-07,2837,358254,1978,180024,739,169872,120,8358,986,60780,1844,152475,1104,213255,California
Solano,2021-05-08,1487,359741,940,180964,431,170303,116,8474,573,60559,910,153385,689,213944,California
Solano,2021-05-09,451,360192,275,181239,165,170468,11,8485,175,60472,274,153659,187,214131,California
Solano,2021-05-10,1391,361583,646,181885,638,171106,107,8592,388,59968,998,154657,494,214625,California
Solano,2021-05-11,2340,363923,1211,183096,1040,172146,89,8681,680,59082,1655,156312,769,215394,California
Solano,2021-05-12,2199,366122,1266,184362,759,172905,174,8855,729,58528,1455,157767,901,216295,California
Solano,2021-05-13,3101,369223,2123,186485,766,173671,212,9067,1630,58902,1468,159235,1842,218137,California
Solano,2021-05-14,2521,371744,1708,188193,691,174362,122,9189,1060,58631,1453,160688,1182,219319,California
Solano,2021-05-15,3416,375160,2763,190956,567,174929,86,9275,1300,57911,2105,162793,1385,220704,California
Solano,2021-05-16,1540,376700,1142,192098,365,175294,33,9308,277,56960,1260,164053,309,221013,California
Solano,2021-05-17,2459,379159,1412,193510,960,176254,87,9395,863,56331,1575,165628,946,221959,California
Solano,2021-05-18,2958,382117,1639,195149,1230,177484,89,9484,1468,56410,1478,167106,1557,223516,California
Solano,2021-05-19,5783,387900,4179,199328,1473,178957,131,9615,2190,55149,3582,170688,2321,225837,California
Solano,2021-05-20,2635,390535,1580,200908,992,179949,63,9678,942,54472,1682,172370,1005,226842,California
Solano,2021-05-21,3566,394101,1876,202784,1621,181570,69,9747,1370,53724,2187,174557,1439,228281,California
Solano,2021-05-22,2741,396842,2113,204897,534,182104,94,9841,1159,53401,1575,176132,1252,229533,California
Solano,2021-05-23,1413,398255,1168,206065,220,182324,25,9866,756,53528,654,176786,781,230314,California
Solano,2021-05-24,1884,400139,1089,207154,722,183046,73,9939,636,52995,1241,178027,708,231022,California
Solano,2021-05-25,1625,401764,823,207977,744,183790,58,9997,583,52601,1034,179061,640,231662,California
Solano,2021-05-26,1897,403661,1089,209066,751,184541,57,10054,707,52181,1185,180246,765,232427,California
Solano,2021-05-27,2139,405800,950,210016,1114,185655,75,10129,884,51895,1244,181490,958,233385,California
Solano,2021-05-28,2018,407818,1023,211039,939,186594,56,10185,759,51460,1251,182741,816,234201,California
Solano,2021-05-29,661,408479,329,211368,301,186895,31,10216,308,51448,350,183091,338,234539,California
Solano,2021-05-30,325,408804,156,211524,144,187039,25,10241,115,51381,207,183298,140,234679,California
Solano,2021-05-31,128,408932,19,211543,100,187139,9,10250,25,51312,103,183401,34,234713,California
Solano,2021-06-01,1839,410771,1183,212726,578,187717,78,10328,726,51009,1108,184509,805,235518,California
Solano,2021-06-02,1829,412600,1290,214016,473,188190,66,10394,927,51104,895,185404,990,236508,California
Solano,2021-06-03,2195,414795,1736,215752,376,188566,83,10477,707,50414,1481,186885,791,237299,California
Solano,2021-06-04,1655,416450,1150,216902,439,189005,66,10543,503,49835,1148,188033,569,237868,California
Solano,2021-06-05,1423,417873,1030,217932,342,189347,51,10594,472,49413,945,188978,523,238391,California
Solano,2021-06-06,673,418546,553,218485,88,189435,32,10626,363,49498,310,189288,395,238786,California
Solano,2021-06-07,1241,419787,951,219436,228,189663,62,10688,409,49140,829,190117,471,239257,California
Solano,2021-06-08,1833,421620,1326,220762,473,190136,34,10722,486,48318,1342,191459,520,239777,California
Solano,2021-06-09,2113,423733,1801,222563,251,190387,61,10783,669,47609,1438,192897,729,240506,California
Solano,2021-06-10,1299,425032,845,223408,380,190767,74,10857,418,47228,872,193769,491,240997,California
Solano,2021-06-11,1600,426632,1271,224679,263,191030,66,10923,586,46869,1009,194778,650,241647,California
Solano,2021-06-12,1205,427837,925,225604,219,191249,61,10984,205,46142,993,195771,266,241913,California
Solano,2021-06-13,612,428449,523,226127,80,191329,9,10993,112,45764,499,196270,121,242034,California
Solano,2021-06-14,1315,429764,932,227059,349,191678,34,11027,279,45047,1028,197298,311,242345,California
Solano,2021-06-15,1468,431232,929,227988,487,192165,52,11079,603,44843,858,198156,654,242999,California
Solano,2021-06-16,1164,432396,770,228758,324,192489,70,11149,394,44541,765,198921,463,243462,California
Solano,2021-06-17,1219,433615,932,229690,217,192706,70,11219,431,44266,775,199696,500,243962,California
Solano,2021-06-18,1179,434794,875,230565,237,192943,67,11286,441,44040,733,200429,507,244469,California
Solano,2021-06-19,423,435217,294,230859,100,193043,29,11315,157,43965,261,200690,186,244655,California
Solano,2021-06-20,184,435401,140,230999,37,193080,7,11322,86,43960,98,200788,93,244748,California
Solano,2021-06-21,630,436031,404,231403,163,193243,63,11385,393,44180,236,201024,456,245204,California
Solano,2021-06-22,1156,437187,872,232275,239,193482,45,11430,420,43913,732,201756,465,245669,California
Solano,2021-06-23,1433,438620,1188,233463,174,193656,71,11501,492,43539,936,202692,562,246231,California
Solano,2021-06-24,924,439544,687,234150,171,193827,66,11567,393,43471,526,203218,458,246689,California
Solano,2021-06-25,1036,440580,723,234873,245,194072,68,11635,479,43478,539,203757,546,247235,California
Solano,2021-06-26,562,441142,432,235305,93,194165,37,11672,220,43394,340,204097,256,247491,California
Solano,2021-06-27,441,441583,384,235689,55,194220,2,11674,158,43272,282,204379,160,247651,California
Solano,2021-06-28,981,442564,811,236500,132,194352,38,11712,400,43135,575,204954,438,248089,California
Solano,2021-06-29,852,443416,651,237151,148,194500,53,11765,378,43095,470,205424,430,248519,California
Solano,2021-06-30,816,444232,599,237750,172,194672,45,11810,369,43061,447,205871,413,248932,California
Solano,2021-07-01,667,444899,492,238242,112,194784,63,11873,252,42963,413,206284,315,249247,California
Solano,2021-07-02,756,445655,577,238819,144,194928,35,11908,299,42846,451,206735,334,249581,California
Solano,2021-07-03,313,445968,210,239029,88,195016,15,11923,156,42864,153,206888,171,249752,California
Solano,2021-07-04,32,446000,3,239032,16,195032,13,11936,12,42869,20,206908,25,249777,California
Solano,2021-07-05,353,446353,247,239279,91,195123,15,11951,177,42889,172,207080,192,249969,California
Solano,2021-07-06,1020,447373,808,240087,190,195313,22,11973,372,42637,646,207726,394,250363,California
Solano,2021-07-07,682,448055,487,240574,146,195459,49,12022,269,42548,407,208133,318,250681,California
Solano,2021-07-08,604,448659,439,241013,144,195603,21,12043,267,42505,332,208465,289,250970,California
Solano,2021-07-09,766,449425,526,241539,219,195822,21,12064,333,42431,428,208893,354,251324,California
Solano,2021-07-10,241,449666,145,241684,88,195910,8,12072,106,42413,132,209025,114,251438,California
Solano,2021-07-11,157,449823,96,241780,58,195968,3,12075,65,42393,88,209113,68,251506,California
Sonoma,2020-12-15,4,4,4,4,0,0,0,0,4,4,0,0,4,4,California
Sonoma,2020-12-16,27,31,27,31,0,0,0,0,27,31,0,0,27,31,California
Sonoma,2020-12-17,111,142,111,142,0,0,0,0,111,142,0,0,111,142,California
Sonoma,2020-12-18,438,580,438,580,0,0,0,0,438,580,0,0,438,580,California
Sonoma,2020-12-19,113,693,112,692,1,1,0,0,113,693,0,0,113,693,California
Sonoma,2020-12-20,177,870,177,869,0,1,0,0,177,870,0,0,177,870,California
Sonoma,2020-12-21,908,1778,906,1775,2,3,0,0,907,1777,0,0,907,1777,California
Sonoma,2020-12-22,1358,3136,1268,3043,90,93,0,0,1358,3135,0,0,1358,3135,California
Sonoma,2020-12-23,1604,4740,1227,4270,377,470,0,0,1605,4740,0,0,1605,4740,California
Sonoma,2020-12-24,310,5050,103,4373,207,677,0,0,310,5050,0,0,310,5050,California
Sonoma,2020-12-25,9,5059,2,4375,7,684,0,0,9,5059,0,0,9,5059,California
Sonoma,2020-12-26,268,5327,257,4632,11,695,0,0,268,5327,0,0,268,5327,California
Sonoma,2020-12-27,94,5421,80,4712,14,709,0,0,94,5421,0,0,94,5421,California
Sonoma,2020-12-28,977,6398,543,5255,434,1143,0,0,951,6372,0,0,951,6372,California
Sonoma,2020-12-29,1136,7534,779,6034,357,1500,0,0,1102,7474,0,0,1102,7474,California
Sonoma,2020-12-30,1099,8633,483,6517,616,2116,0,0,1091,8565,0,0,1091,8565,California
Sonoma,2020-12-31,518,9151,69,6586,449,2565,0,0,518,9083,0,0,518,9083,California
Sonoma,2021-01-01,271,9422,130,6716,141,2706,0,0,271,9354,0,0,271,9354,California
Sonoma,2021-01-02,135,9557,128,6844,7,2713,0,0,135,9489,0,0,135,9489,California
Sonoma,2021-01-03,26,9583,10,6854,16,2729,0,0,26,9515,0,0,26,9515,California
Sonoma,2021-01-04,345,9928,107,6961,238,2967,0,0,344,9859,0,0,344,9859,California
Sonoma,2021-01-05,434,10362,100,7061,334,3301,0,0,408,10251,16,16,408,10267,California
Sonoma,2021-01-06,953,11315,432,7493,521,3822,0,0,837,10978,110,126,837,11104,California
Sonoma,2021-01-07,1042,12357,539,8032,503,4325,0,0,866,11669,175,301,866,11970,California
Sonoma,2021-01-08,1812,14169,1245,9277,567,4892,0,0,1329,12517,481,782,1329,13299,California
Sonoma,2021-01-09,639,14808,399,9676,240,5132,0,0,591,13060,48,830,591,13890,California
Sonoma,2021-01-10,471,15279,460,10136,11,5143,0,0,277,13143,194,1024,277,14167,California
Sonoma,2021-01-11,1391,16670,1244,11380,147,5290,0,0,418,12593,968,1992,418,14585,California
Sonoma,2021-01-12,1557,18227,1298,12678,259,5549,0,0,404,11846,1151,3143,404,14989,California
Sonoma,2021-01-13,2046,20273,1365,14043,681,6230,0,0,1178,12160,865,4008,1179,16168,California
Sonoma,2021-01-14,1544,21817,810,14853,734,6964,0,0,1314,13244,230,4238,1314,17482,California
Sonoma,2021-01-15,1565,23382,634,15487,931,7895,0,0,1341,14373,214,4452,1343,18825,California
Sonoma,2021-01-16,1146,24528,609,16096,537,8432,0,0,899,15029,243,4695,899,19724,California
Sonoma,2021-01-17,683,25211,561,16657,122,8554,0,0,603,15552,80,4775,603,20327,California
Sonoma,2021-01-18,1107,26318,937,17594,170,8724,0,0,617,15680,490,5265,618,20945,California
Sonoma,2021-01-19,2099,28417,1003,18597,1096,9820,0,0,1388,16360,709,5974,1389,22334,California
Sonoma,2021-01-20,2189,30606,712,19309,1477,11297,0,0,1513,17208,666,6640,1514,23848,California
Sonoma,2021-01-21,2321,32927,675,19984,1646,12943,0,0,2091,19072,228,6868,2092,25940,California
Sonoma,2021-01-22,2777,35704,1055,21039,1722,14665,0,0,2624,21544,152,7020,2624,28564,California
Sonoma,2021-01-23,769,36473,590,21629,179,14844,0,0,661,22098,107,7127,661,29225,California
Sonoma,2021-01-24,852,37325,714,22343,138,14982,0,0,833,22912,19,7146,833,30058,California
Sonoma,2021-01-25,2200,39525,536,22879,1664,16646,0,0,1707,24126,493,7639,1707,31765,California
Sonoma,2021-01-26,2065,41590,308,23187,1757,18403,0,0,1597,25256,467,8106,1597,33362,California
Sonoma,2021-01-27,3744,45334,1274,24461,2470,20873,0,0,3156,27829,585,8691,3158,36520,California
Sonoma,2021-01-28,4125,49459,1834,26295,2291,23164,0,0,3434,30577,688,9379,3436,39956,California
Sonoma,2021-01-29,3023,52482,1424,27719,1599,24763,0,0,2170,31898,851,10230,2172,42128,California
Sonoma,2021-01-30,2594,55076,2398,30117,196,24959,0,0,2241,33789,351,10581,2242,44370,California
Sonoma,2021-01-31,795,55871,679,30796,116,25075,0,0,563,34121,231,10812,563,44933,California
Sonoma,2021-02-01,2499,58370,855,31651,1644,26719,0,0,2107,35842,386,11198,2107,47040,California
Sonoma,2021-02-02,3617,61987,1399,33050,2218,28937,0,0,3028,38284,586,11784,3028,50068,California
Sonoma,2021-02-03,4071,66058,1324,34374,2747,31684,0,0,3121,40459,946,12730,3121,53189,California
Sonoma,2021-02-04,4254,70312,1749,36123,2505,34189,0,0,3440,43088,812,13542,3441,56630,California
Sonoma,2021-02-05,4859,75171,1754,37877,3105,37294,0,0,3785,45805,1069,14611,3786,60416,California
Sonoma,2021-02-06,2665,77836,2297,40174,368,37662,0,0,2120,47382,543,15154,2120,62536,California
Sonoma,2021-02-07,1563,79399,1425,41599,138,37800,0,0,1296,48411,267,15421,1296,63832,California
Sonoma,2021-02-08,3292,82691,1040,42639,2252,40052,0,0,2686,50493,604,16025,2686,66518,California
Sonoma,2021-02-09,3606,86297,1723,44362,1883,41935,0,0,3115,53120,489,16514,3116,69634,California
Sonoma,2021-02-10,4594,90891,2506,46868,2088,44023,0,0,3564,55663,1022,17536,3565,73199,California
Sonoma,2021-02-11,5632,96523,3035,49903,2597,46620,0,0,4349,58734,1278,18814,4349,77548,California
Sonoma,2021-02-12,5971,102494,3289,53192,2682,49302,0,0,4507,61788,1457,20271,4511,82059,California
Sonoma,2021-02-13,2000,104494,1156,54348,844,50146,0,0,1193,62177,804,21075,1193,83252,California
Sonoma,2021-02-14,2338,106832,1835,56183,503,50649,0,0,1577,62997,757,21832,1577,84829,California
Sonoma,2021-02-15,2158,108990,806,56989,1352,52001,0,0,1606,64053,550,22382,1606,86435,California
Sonoma,2021-02-16,5010,114000,2153,59142,2857,54858,0,0,3726,66502,1279,23661,3728,90163,California
Sonoma,2021-02-17,5645,119645,2931,62073,2714,57572,0,0,3554,67983,2075,25736,3556,93719,California
Sonoma,2021-02-18,7031,126676,3179,65252,3852,61424,0,0,4020,69014,2990,28726,4021,97740,California
Sonoma,2021-02-19,5722,132398,1736,66988,3986,65410,0,0,3547,70399,2164,30890,3549,101289,California
Sonoma,2021-02-20,3155,135553,2854,69842,301,65711,0,0,1226,69704,1921,32811,1226,102515,California
Sonoma,2021-02-21,565,136118,449,70291,116,65827,0,0,148,69441,411,33222,148,102663,California
Sonoma,2021-02-22,3048,139166,1439,71730,1609,67436,0,0,1250,68908,1783,35005,1250,103913,California
Sonoma,2021-02-23,3487,142653,2134,73864,1353,68789,0,0,1628,68687,1849,36854,1628,105541,California
Sonoma,2021-02-24,5863,148516,2613,76477,3250,72039,0,0,2978,68795,2871,39725,2979,108520,California
Sonoma,2021-02-25,6144,154660,2386,78863,3758,75797,0,0,3283,69250,2828,42553,3283,111803,California
Sonoma,2021-02-26,6694,161354,2940,81803,3754,79551,0,0,4236,71041,2445,44998,4236,116039,California
Sonoma,2021-02-27,4238,165592,1963,83766,2275,81826,0,0,2839,72488,1392,46390,2839,118878,California
Sonoma,2021-02-28,2501,168093,1847,85613,653,82479,1,1,741,71482,1748,48138,742,119620,California
Sonoma,2021-03-01,4148,172241,1323,86936,2824,85303,1,2,2166,71687,1963,50101,2168,121788,California
Sonoma,2021-03-02,4449,176690,1533,88469,2914,88217,2,4,2551,72354,1886,51987,2553,124341,California
Sonoma,2021-03-03,5093,181783,2644,91113,2449,90666,0,4,2327,71934,2747,54734,2327,126668,California
Sonoma,2021-03-04,5987,187770,2691,93804,3296,93962,0,4,2576,71117,3393,58127,2576,129244,California
Sonoma,2021-03-05,6500,194270,2869,96673,3616,97578,15,19,2720,70093,3760,61887,2736,131980,California
Sonoma,2021-03-06,2810,197080,1226,97899,1445,99023,139,158,1926,71282,874,62761,2063,134043,California
Sonoma,2021-03-07,1806,198886,1399,99298,314,99337,93,251,402,70374,1402,64163,494,134537,California
Sonoma,2021-03-08,4090,202976,662,99960,3248,102585,180,431,2379,71235,1697,65860,2558,137095,California
Sonoma,2021-03-09,5631,208607,3107,103067,2255,104840,269,700,2679,71233,2937,68797,2935,140030,California
Sonoma,2021-03-10,6053,214660,3214,106281,2492,107332,347,1047,2427,70401,3603,72400,2771,142801,California
Sonoma,2021-03-11,7567,222227,3033,109314,3715,111047,819,1866,2538,68745,5006,77406,3350,146151,California
Sonoma,2021-03-12,7438,229665,2270,111584,3804,114851,1364,3230,2049,66795,5356,82762,3406,149557,California
Sonoma,2021-03-13,3465,233130,1717,113301,1508,116359,240,3470,2012,67593,1449,84211,2247,151804,California
Sonoma,2021-03-14,1398,234528,390,113691,865,117224,143,3613,850,68041,545,84756,993,152797,California
Sonoma,2021-03-15,5265,239793,1524,115215,3355,120579,386,3999,2171,67523,3073,87829,2555,155352,California
Sonoma,2021-03-16,6326,246119,2269,117484,3829,124408,228,4227,2881,67198,3432,91261,3107,158459,California
Sonoma,2021-03-17,6801,252920,3548,121032,3073,127481,180,4407,3251,67096,3531,94792,3429,161888,California
Sonoma,2021-03-18,7162,260082,2954,123986,3593,131074,615,5022,3099,66757,4047,98839,3708,165596,California
Sonoma,2021-03-19,7521,267603,3258,127244,4033,135107,230,5252,2985,65475,4502,103341,3220,168816,California
Sonoma,2021-03-20,3739,271342,1767,129011,1145,136252,827,6079,2014,66593,1714,105055,2832,171648,California
Sonoma,2021-03-21,1401,272743,614,129625,752,137004,35,6114,1210,67653,185,105240,1245,172893,California
Sonoma,2021-03-22,4588,277331,3121,132746,1368,138372,99,6213,3333,69838,1247,106487,3432,176325,California
Sonoma,2021-03-23,5879,283210,3644,136390,2162,140534,73,6286,4420,72886,1446,107933,4494,180819,California
Sonoma,2021-03-24,6845,290055,4290,140680,2480,143014,75,6361,4133,74401,2690,110623,4205,185024,California
Sonoma,2021-03-25,7144,297199,4204,144884,2827,145841,113,6474,4236,75873,2878,113501,4350,189374,California
Sonoma,2021-03-26,7489,304688,3477,148361,3914,149755,98,6572,3782,76074,3678,117179,3879,193253,California
Sonoma,2021-03-27,3860,308548,1515,149876,1982,151737,363,6935,989,74565,2857,120036,1348,194601,California
Sonoma,2021-03-28,1515,310063,950,150826,537,152274,28,6963,797,74675,714,120750,824,195425,California
Sonoma,2021-03-29,2991,313054,1107,151933,1851,154125,33,6996,1544,74815,1437,122187,1577,197002,California
Sonoma,2021-03-30,5933,318987,3236,155169,2634,156759,63,7059,3100,75155,2823,125010,3163,200165,California
Sonoma,2021-03-31,5770,324757,3432,158601,2123,158882,215,7274,3338,76296,2411,127421,3552,203717,California
Sonoma,2021-04-01,6971,331728,4071,162672,2554,161436,346,7620,3772,77233,3170,130591,4107,207824,California
Sonoma,2021-04-02,5982,337710,3583,166255,2288,163724,111,7731,3571,78518,2396,132987,3681,211505,California
Sonoma,2021-04-03,3744,341454,1831,168086,1686,165410,227,7958,1679,78369,2048,135035,1899,213404,California
Sonoma,2021-04-04,1073,342527,696,168782,286,165696,91,8049,648,78687,421,135456,739,214143,California
Sonoma,2021-04-05,4457,346984,666,169448,3444,169140,347,8396,1671,77926,2779,138235,2018,216161,California
Sonoma,2021-04-06,6940,353924,3516,172964,3010,172150,414,8810,4033,79478,2891,141126,4443,220604,California
Sonoma,2021-04-07,6868,360792,3877,176841,2143,174293,848,9658,3343,80155,3506,144632,4183,224787,California
Sonoma,2021-04-08,7687,368479,4161,181002,2750,177043,776,10434,4205,81659,3469,148101,4973,229760,California
Sonoma,2021-04-09,6864,375343,3832,184834,2140,179183,892,11326,3520,82735,3329,151430,4405,234165,California
Sonoma,2021-04-10,3923,379266,1705,186539,1657,180840,561,11887,1155,81691,2753,154183,1709,235874,California
Sonoma,2021-04-11,1295,380561,613,187152,601,181441,81,11968,441,81361,852,155035,522,236396,California
Sonoma,2021-04-12,4976,385537,2071,189223,2418,183859,487,12455,1846,80576,3111,158146,2326,238722,California
Sonoma,2021-04-13,7956,393493,4685,193908,3267,187126,4,12459,3044,78728,4895,163041,3047,241769,California
Sonoma,2021-04-14,6711,400204,3794,197702,2896,190022,21,12480,2566,77182,4131,167172,2585,244354,California
Sonoma,2021-04-15,7539,407743,4282,201984,3256,193278,1,12481,3637,76936,3884,171056,3638,247992,California
Sonoma,2021-04-16,6955,414698,3477,205461,3476,196754,2,12483,3914,77821,3032,174088,3917,251909,California
Sonoma,2021-04-17,3543,418241,1832,207293,1711,198465,0,12483,1687,77675,1834,175922,1688,253597,California
Sonoma,2021-04-18,1411,419652,1011,208304,400,198865,0,12483,539,77345,869,176791,539,254136,California
Sonoma,2021-04-19,3446,423098,1891,210195,1554,200419,1,12484,1531,76970,1907,178698,1532,255668,California
Sonoma,2021-04-20,6408,429506,3537,213732,2871,203290,0,12484,2381,75340,4013,182711,2383,258051,California
Sonoma,2021-04-21,6863,436369,4363,218095,2498,205788,2,12486,3137,74778,3700,186411,3138,261189,California
Sonoma,2021-04-22,6490,442859,4535,222630,1954,207742,1,12487,2609,73523,3864,190275,2609,263798,California
Sonoma,2021-04-23,7577,450436,4675,227305,2895,210637,7,12494,3676,73324,3883,194158,3684,267482,California
Sonoma,2021-04-24,2785,453221,1514,228819,1257,211894,14,12508,1542,73643,1237,195395,1556,269038,California
Sonoma,2021-04-25,1086,454307,789,229608,297,212191,0,12508,431,73422,652,196047,431,269469,California
Sonoma,2021-04-26,3003,457310,1438,231046,1537,213728,28,12536,1625,73707,1368,197415,1653,271122,California
Sonoma,2021-04-27,5553,462863,3746,234792,1683,215411,124,12660,2239,72766,3303,200718,2362,273484,California
Sonoma,2021-04-28,4939,467802,3240,238032,1499,216910,200,12860,2013,72068,2906,203624,2208,275692,California
Sonoma,2021-04-29,5125,472927,3609,241641,1372,218282,144,13004,1915,70934,3193,206817,2059,277751,California
Sonoma,2021-04-30,5572,478499,3636,245277,1641,219923,295,13299,1829,69332,3725,210542,2123,279874,California
Sonoma,2021-05-01,2535,481034,1794,247071,634,220557,107,13406,1200,69312,1323,211865,1303,281177,California
Sonoma,2021-05-02,874,481908,652,247723,171,220728,51,13457,557,69604,317,212182,609,281786,California
Sonoma,2021-05-03,3268,485176,1687,249410,1428,222156,153,13610,1067,68637,2184,214366,1217,283003,California
Sonoma,2021-05-04,4629,489805,2418,251828,2029,224185,182,13792,1452,67111,3154,217520,1628,284631,California
Sonoma,2021-05-05,3732,493537,2194,254022,1343,225528,195,13987,1315,66219,2400,219920,1508,286139,California
Sonoma,2021-05-06,4600,498137,2424,256446,2049,227577,127,14114,1301,64411,3233,223153,1425,287564,California
Sonoma,2021-05-07,3645,501782,2331,258777,1191,228768,123,14237,1084,63073,2545,225698,1207,288771,California
Sonoma,2021-05-08,1943,503725,1296,260073,555,229323,92,14329,682,62600,1247,226945,774,289545,California
Sonoma,2021-05-09,504,504229,287,260360,176,229499,41,14370,159,62460,340,227285,200,289745,California
Sonoma,2021-05-10,2365,506594,1040,261400,1191,230690,134,14504,294,60831,2054,229339,425,290170,California
Sonoma,2021-05-11,3604,510198,1943,263343,1539,232229,122,14626,872,59112,2713,232052,994,291164,California
Sonoma,2021-05-12,4076,514274,2497,265840,1427,233656,152,14778,847,56894,3216,235268,998,292162,California
Sonoma,2021-05-13,4973,519247,2846,268686,1996,235652,131,14909,1652,55367,3308,238576,1781,293943,California
Sonoma,2021-05-14,5849,525096,3606,272292,2106,237758,137,15046,2209,54090,3624,242200,2347,296290,California
Sonoma,2021-05-15,2991,528087,2199,274491,729,238487,63,15109,1876,54923,1106,243306,1939,298229,California
Sonoma,2021-05-16,1350,529437,1132,275623,159,238646,59,15168,996,55630,348,243654,1055,299284,California
Sonoma,2021-05-17,2448,531885,1816,277439,537,239183,95,15263,887,55056,1554,245208,980,300264,California
Sonoma,2021-05-18,4342,536227,2863,280302,1370,240553,109,15372,1463,53768,2859,248067,1571,301835,California
Sonoma,2021-05-19,3883,540110,2422,282724,1346,241899,115,15487,1484,52983,2384,250451,1599,303434,California
Sonoma,2021-05-20,3430,543540,2246,284970,1090,242989,94,15581,1328,52310,2089,252540,1416,304850,California
Sonoma,2021-05-21,4256,547796,2392,287362,1735,244724,129,15710,1500,51193,2731,255271,1614,306464,California
Sonoma,2021-05-22,2349,550145,1291,288653,1018,245742,40,15750,660,50221,1672,256943,700,307164,California
Sonoma,2021-05-23,1505,551650,1223,289876,264,246006,18,15768,774,50287,726,257669,792,307956,California
Sonoma,2021-05-24,2027,553677,1261,291137,631,246637,135,15903,661,49748,1334,259003,795,308751,California
Sonoma,2021-05-25,2944,556621,1802,292939,1055,247692,87,15990,739,48381,2191,261194,824,309575,California
Sonoma,2021-05-26,2490,559111,1737,294676,642,248334,111,16101,1003,48020,1472,262666,1111,310686,California
Sonoma,2021-05-27,2073,561184,1135,295811,841,249175,97,16198,682,47415,1381,264047,776,311462,California
Sonoma,2021-05-28,2193,563377,1129,296940,971,250146,93,16291,622,46571,1559,265606,715,312177,California
Sonoma,2021-05-29,1350,564727,921,297861,361,250507,68,16359,633,46565,707,266313,701,312878,California
Sonoma,2021-05-30,350,565077,215,298076,124,250631,11,16370,138,46509,204,266517,148,313026,California
Sonoma,2021-05-31,70,565147,26,298102,43,250674,1,16371,17,46474,53,266570,18,313044,California
Sonoma,2021-06-01,1947,567094,1115,299217,756,251430,76,16447,695,46003,1238,267808,767,313811,California
Sonoma,2021-06-02,1590,568684,973,300190,501,251931,116,16563,660,45852,925,268733,774,314585,California
Sonoma,2021-06-03,2012,570696,1386,301576,545,252476,81,16644,435,44799,1568,270301,515,315100,California
Sonoma,2021-06-04,2711,573407,2208,303784,395,252871,108,16752,512,43229,2188,272489,618,315718,California
Sonoma,2021-06-05,1824,575231,1499,305283,294,253165,31,16783,273,41988,1545,274034,304,316022,California
Sonoma,2021-06-06,1029,576260,951,306234,68,253233,10,16793,144,41260,882,274916,154,316176,California
Sonoma,2021-06-07,1492,577752,1246,307480,191,253424,55,16848,333,40494,1151,276067,385,316561,California
Sonoma,2021-06-08,1902,579654,1526,309006,328,253752,48,16896,532,39714,1358,277425,578,317139,California
Sonoma,2021-06-09,1656,581310,1366,310372,228,253980,62,16958,390,38914,1252,278677,452,317591,California
Sonoma,2021-06-10,1834,583144,1506,311878,224,254204,104,17062,553,38302,1267,279944,655,318246,California
Sonoma,2021-06-11,1999,585143,1631,313509,276,254480,92,17154,545,37492,1447,281391,637,318883,California
Sonoma,2021-06-12,1122,586265,886,314395,190,254670,46,17200,343,37110,772,282163,390,319273,California
Sonoma,2021-06-13,557,586822,467,314862,71,254741,19,17219,104,36782,450,282613,122,319395,California
Sonoma,2021-06-14,956,587778,676,315538,219,254960,61,17280,342,36580,605,283218,403,319798,California
Sonoma,2021-06-15,1843,589621,1379,316917,356,255316,108,17388,596,36047,1236,284454,703,320501,California
Sonoma,2021-06-16,1580,591201,1217,318134,262,255578,101,17489,500,35573,1073,285527,599,321100,California
Sonoma,2021-06-17,1036,592237,785,318919,171,255749,80,17569,409,35439,622,286149,488,321588,California
Sonoma,2021-06-18,1078,593315,773,319692,203,255952,102,17671,452,35374,616,286765,551,322139,California
Sonoma,2021-06-19,833,594148,689,320381,106,256058,38,17709,273,35127,557,287322,310,322449,California
Sonoma,2021-06-20,241,594389,199,320580,36,256094,6,17715,82,35059,156,287478,88,322537,California
Sonoma,2021-06-21,542,594931,308,320888,157,256251,77,17792,254,35116,274,287752,331,322868,California
Sonoma,2021-06-22,1251,596182,989,321877,170,256421,92,17884,583,35125,663,288415,672,323540,California
Sonoma,2021-06-23,1221,597403,942,322819,195,256616,84,17968,475,34945,739,289154,559,324099,California
Sonoma,2021-06-24,952,598355,633,323452,219,256835,100,18068,419,34938,525,289679,518,324617,California
Sonoma,2021-06-25,1191,599546,913,324365,198,257033,80,18148,516,34878,654,290333,594,325211,California
Sonoma,2021-06-26,688,600234,492,324857,115,257148,81,18229,330,34933,355,290688,410,325621,California
Sonoma,2021-06-27,194,600428,159,325016,24,257172,11,18240,101,34953,92,290780,112,325733,California
Sonoma,2021-06-28,712,601140,573,325589,82,257254,57,18297,313,34924,398,291178,369,326102,California
Sonoma,2021-06-29,946,602086,731,326320,165,257419,50,18347,401,34833,542,291720,451,326553,California
Sonoma,2021-06-30,890,602976,688,327008,161,257580,41,18388,386,34762,497,292217,426,326979,California
Sonoma,2021-07-01,964,603940,757,327765,137,257717,70,18458,421,34712,539,292756,489,327468,California
Sonoma,2021-07-02,764,604704,544,328309,170,257887,50,18508,359,34720,401,293157,409,327877,California
Sonoma,2021-07-03,557,605261,458,328767,75,257962,24,18532,227,34643,328,293485,251,328128,California
Sonoma,2021-07-04,23,605284,13,328780,9,257971,1,18533,15,34651,8,293493,16,328144,California
Sonoma,2021-07-05,326,605610,244,329024,59,258030,23,18556,150,34648,175,293668,172,328316,California
Sonoma,2021-07-06,1125,606735,902,329926,152,258182,71,18627,414,34428,703,294371,483,328799,California
Sonoma,2021-07-07,783,607518,598,330524,129,258311,56,18683,314,34334,465,294836,371,329170,California
Sonoma,2021-07-08,859,608377,663,331187,115,258426,81,18764,344,34245,512,295348,423,329593,California
Sonoma,2021-07-09,815,609192,625,331812,138,258564,52,18816,389,34262,425,295773,442,330035,California
Sonoma,2021-07-10,589,609781,471,332283,79,258643,39,18855,259,34234,325,296098,297,330332,California
Sonoma,2021-07-11,105,609886,71,332354,31,258674,3,18858,46,34224,59,296157,49,330381,California
Stanislaus,2020-12-15,5,5,5,5,0,0,0,0,5,5,0,0,5,5,California
Stanislaus,2020-12-16,41,46,41,46,0,0,0,0,41,46,0,0,41,46,California
Stanislaus,2020-12-17,74,120,74,120,0,0,0,0,74,120,0,0,74,120,California
Stanislaus,2020-12-18,343,463,337,457,6,6,0,0,343,463,0,0,343,463,California
Stanislaus,2020-12-19,134,597,134,591,0,6,0,0,134,597,0,0,134,597,California
Stanislaus,2020-12-20,87,684,87,678,0,6,0,0,87,684,0,0,87,684,California
Stanislaus,2020-12-21,1000,1684,999,1677,1,7,0,0,999,1683,1,1,1000,1684,California
Stanislaus,2020-12-22,796,2480,784,2461,12,19,0,0,796,2479,0,1,796,2480,California
Stanislaus,2020-12-23,450,2930,431,2892,19,38,0,0,449,2928,1,2,450,2930,California
Stanislaus,2020-12-24,98,3028,89,2981,9,47,0,0,98,3026,0,2,98,3028,California
Stanislaus,2020-12-26,53,3081,9,2990,44,91,0,0,53,3079,0,2,53,3081,California
Stanislaus,2020-12-27,11,3092,6,2996,5,96,0,0,11,3090,0,2,11,3092,California
Stanislaus,2020-12-28,490,3582,396,3392,94,190,0,0,490,3580,0,2,490,3582,California
Stanislaus,2020-12-29,501,4083,415,3807,86,276,0,0,501,4081,0,2,501,4083,California
Stanislaus,2020-12-30,539,4622,282,4089,257,533,0,0,538,4618,1,3,538,4621,California
Stanislaus,2020-12-31,283,4905,159,4248,124,657,0,0,283,4901,0,3,283,4904,California
Stanislaus,2021-01-01,18,4923,7,4255,11,668,0,0,18,4919,0,3,18,4922,California
Stanislaus,2021-01-02,34,4957,26,4281,8,676,0,0,34,4953,0,3,34,4956,California
Stanislaus,2021-01-03,90,5047,87,4368,3,679,0,0,90,5043,0,3,90,5046,California
Stanislaus,2021-01-04,234,5281,154,4522,80,759,0,0,234,5277,0,3,234,5280,California
Stanislaus,2021-01-05,855,6136,358,4880,497,1256,0,0,827,6087,27,30,837,6117,California
Stanislaus,2021-01-06,1014,7150,608,5488,406,1662,0,0,936,6955,75,105,943,7060,California
Stanislaus,2021-01-07,1086,8236,706,6194,380,2042,0,0,891,7660,190,295,895,7955,California
Stanislaus,2021-01-08,1304,9540,741,6935,563,2605,0,0,952,8271,349,644,960,8915,California
Stanislaus,2021-01-09,290,9830,144,7079,146,2751,0,0,201,8383,89,733,201,9116,California
Stanislaus,2021-01-10,49,9879,22,7101,27,2778,0,0,29,8392,20,753,29,9145,California
Stanislaus,2021-01-11,1512,11391,1227,8328,285,3063,0,0,574,8054,931,1684,593,9738,California
Stanislaus,2021-01-12,1488,12879,872,9200,616,3679,0,0,837,8261,647,2331,854,10592,California
Stanislaus,2021-01-13,1460,14339,692,9892,768,4447,0,0,1127,9073,332,2663,1144,11736,California
Stanislaus,2021-01-14,2283,16622,289,10181,1994,6441,0,0,2082,11050,198,2861,2175,13911,California
Stanislaus,2021-01-15,2864,19486,1175,11356,1689,8130,0,0,2687,13663,172,3033,2785,16696,California
Stanislaus,2021-01-16,474,19960,51,11407,423,8553,0,0,455,14102,18,3051,457,17153,California
Stanislaus,2021-01-17,245,20205,202,11609,43,8596,0,0,238,14334,6,3057,238,17391,California
Stanislaus,2021-01-18,2217,22422,1033,12642,1184,9780,0,0,1812,15833,400,3457,1899,19290,California
Stanislaus,2021-01-19,1274,23696,727,13369,547,10327,0,0,823,16210,447,3904,824,20114,California
Stanislaus,2021-01-20,1039,24735,495,13864,544,10871,0,0,743,16659,294,4198,743,20857,California
Stanislaus,2021-01-21,3744,28479,3004,16868,740,11611,0,0,3379,19812,361,4559,3514,24371,California
Stanislaus,2021-01-22,1121,29600,313,17181,808,12419,0,0,1074,20846,43,4602,1077,25448,California
Stanislaus,2021-01-23,380,29980,44,17225,336,12755,0,0,321,21110,58,4660,322,25770,California
Stanislaus,2021-01-24,315,30295,99,17324,216,12971,0,0,248,21294,67,4727,251,26021,California
Stanislaus,2021-01-25,3206,33501,233,17557,2973,15944,0,0,2848,23994,322,5049,3022,29043,California
Stanislaus,2021-01-26,1756,35257,752,18309,1004,16948,0,0,1304,24876,442,5491,1324,30367,California
Stanislaus,2021-01-27,1939,37196,1070,19379,869,17817,0,0,1218,25427,669,6160,1220,31587,California
Stanislaus,2021-01-28,2240,39436,1529,20908,711,18528,0,0,1731,26732,499,6659,1804,33391,California
Stanislaus,2021-01-29,2490,41926,1218,22126,1272,19800,0,0,1932,28220,503,7162,1991,35382,California
Stanislaus,2021-01-30,298,42224,131,22257,167,19967,0,0,230,28394,56,7218,230,35612,California
Stanislaus,2021-01-31,375,42599,320,22577,55,20022,0,0,358,28738,14,7232,358,35970,California
Stanislaus,2021-02-01,1346,43945,584,23161,762,20784,0,0,978,29364,353,7585,979,36949,California
Stanislaus,2021-02-02,1267,45212,349,23510,918,21702,0,0,824,29761,431,8016,828,37777,California
Stanislaus,2021-02-03,2675,47887,1229,24739,1446,23148,0,0,1966,31040,704,8720,1983,39760,California
Stanislaus,2021-02-04,2138,50025,717,25456,1421,24569,0,0,1611,32147,514,9234,1621,41381,California
Stanislaus,2021-02-05,2893,52918,1485,26941,1408,25977,0,0,1613,32569,1208,10442,1630,43011,California
Stanislaus,2021-02-06,893,53811,302,27243,591,26568,0,0,698,33077,192,10634,700,43711,California
Stanislaus,2021-02-07,232,54043,206,27449,26,26594,0,0,43,32936,185,10819,44,43755,California
Stanislaus,2021-02-08,2093,56136,1360,28809,733,27327,0,0,1135,33187,913,11732,1164,44919,California
Stanislaus,2021-02-09,1877,58013,793,29602,1084,28411,0,0,1067,33484,782,12514,1079,45998,California
Stanislaus,2021-02-10,1992,60005,549,30151,1443,29854,0,0,1050,33624,912,13426,1052,47050,California
Stanislaus,2021-02-11,5466,65471,3294,33445,2172,32026,0,0,1239,30920,3951,17377,1247,48297,California
Stanislaus,2021-02-12,3356,68827,929,34374,2427,34453,0,0,1476,30624,1785,19162,1489,49786,California
Stanislaus,2021-02-13,1387,70214,679,35053,708,35161,0,0,1010,31270,369,19531,1015,50801,California
Stanislaus,2021-02-14,430,70644,171,35224,259,35420,0,0,355,31553,72,19603,355,51156,California
Stanislaus,2021-02-15,1846,72490,237,35461,1609,37029,0,0,588,31010,1136,20739,593,51749,California
Stanislaus,2021-02-16,1384,73874,429,35890,955,37984,0,0,584,30810,786,21525,586,52335,California
Stanislaus,2021-02-17,2807,76681,1721,37611,1086,39070,0,0,1926,31883,872,22397,1945,54280,California
Stanislaus,2021-02-18,3415,80096,1928,39539,1487,40557,0,0,1776,32174,1537,23934,1828,56108,California
Stanislaus,2021-02-19,2836,82932,1117,40656,1719,42276,0,0,1534,32484,1247,25181,1557,57665,California
Stanislaus,2021-02-20,768,83700,388,41044,380,42656,0,0,473,32685,273,25454,474,58139,California
Stanislaus,2021-02-21,916,84616,699,41743,217,42873,0,0,535,32878,355,25809,548,58687,California
Stanislaus,2021-02-22,2393,87009,1717,43460,676,43549,0,0,1634,33777,736,26545,1635,60322,California
Stanislaus,2021-02-23,3769,90778,682,44142,3087,46636,0,0,1722,33653,1857,28402,1733,62055,California
Stanislaus,2021-02-24,4260,95038,2903,47045,1357,47993,0,0,3128,35682,1105,29507,3134,65189,California
Stanislaus,2021-02-25,4009,99047,2759,49804,1250,49243,0,0,3177,38053,810,30317,3181,68370,California
Stanislaus,2021-02-26,4263,103310,1233,51037,3030,52273,0,0,2845,39555,1355,31672,2857,71227,California
Stanislaus,2021-02-27,2105,105415,714,51751,1390,53663,1,1,1868,41219,206,31878,1870,73097,California
Stanislaus,2021-02-28,839,106254,270,52021,569,54232,0,1,781,41955,46,31924,782,73879,California
Stanislaus,2021-03-01,3149,109403,1673,53694,1471,55703,5,6,1668,42211,1428,33352,1684,75563,California
Stanislaus,2021-03-02,2437,111840,1456,55150,980,56683,1,7,1678,43152,741,34093,1682,77245,California
Stanislaus,2021-03-03,3766,115606,2270,57420,1492,58175,4,11,2930,45271,815,34908,2934,80179,California
Stanislaus,2021-03-04,5498,121104,3144,60564,2337,60512,17,28,4219,48268,1234,36142,4231,84410,California
Stanislaus,2021-03-05,4148,125252,1148,61712,2984,63496,16,44,3131,50430,984,37126,3146,87556,California
Stanislaus,2021-03-06,3613,128865,2246,63958,1273,64769,94,138,2750,52419,857,37983,2846,90402,California
Stanislaus,2021-03-07,913,129778,394,64352,442,65211,77,215,681,52951,226,38209,758,91160,California
Stanislaus,2021-03-08,2047,131825,888,65240,1062,66273,97,312,1352,53726,673,38882,1448,92608,California
Stanislaus,2021-03-09,2701,134526,1023,66263,1586,67859,92,404,1646,54427,1041,39923,1742,94350,California
Stanislaus,2021-03-10,5582,140108,2729,68992,2624,70483,229,633,3765,56642,1789,41712,4004,98354,California
Stanislaus,2021-03-11,6202,146310,3379,72371,2342,72825,481,1114,4148,59410,1865,43577,4633,102987,California
Stanislaus,2021-03-12,6330,152640,1379,73750,3019,75844,1932,3046,2939,60920,3355,46932,4865,107852,California
Stanislaus,2021-03-13,3751,156391,2343,76093,1337,77181,71,3117,2836,62926,907,47839,2913,110765,California
Stanislaus,2021-03-14,1004,157395,594,76687,355,77536,55,3172,495,62974,503,48342,551,111316,California
Stanislaus,2021-03-15,3825,161220,1993,78680,1470,79006,362,3534,1653,62922,2072,50414,2020,113336,California
Stanislaus,2021-03-16,5124,166344,2515,81195,2169,81175,440,3974,3675,65611,1423,51837,4112,117448,California
Stanislaus,2021-03-17,4957,171301,2950,84145,1828,83003,179,4153,2986,66849,1931,53768,3169,120617,California
Stanislaus,2021-03-18,5588,176889,3465,87610,2053,85056,70,4223,3049,67588,2383,56151,3122,123739,California
Stanislaus,2021-03-19,6049,182938,1591,89201,2933,87989,1525,5748,3203,69505,2804,58955,4721,128460,California
Stanislaus,2021-03-20,3883,186821,3042,92243,773,88762,68,5816,3383,72480,478,59433,3453,131913,California
Stanislaus,2021-03-21,1023,187844,912,93155,45,88807,66,5882,773,73076,243,59676,839,132752,California
Stanislaus,2021-03-22,3034,190878,1402,94557,905,89712,727,6609,1420,73646,1579,61255,2149,134901,California
Stanislaus,2021-03-23,4152,195030,2121,96678,1771,91483,260,6869,2983,75762,1146,62401,3262,138163,California
Stanislaus,2021-03-24,4733,199763,3298,99976,1356,92839,79,6948,2765,76694,1916,64317,2848,141011,California
Stanislaus,2021-03-25,4432,204195,3011,102987,1405,94244,16,6964,1959,76280,2391,66708,1977,142988,California
Stanislaus,2021-03-26,4956,209151,1422,104409,3460,97704,74,7038,2529,76507,2387,69095,2614,145602,California
Stanislaus,2021-03-27,4452,213603,2777,107186,1591,99295,84,7122,1403,74969,3030,72125,1492,147094,California
Stanislaus,2021-03-28,1123,214726,449,107635,566,99861,108,7230,323,74621,785,72910,437,147531,California
Stanislaus,2021-03-29,3191,217917,1852,109487,1299,101160,40,7270,2167,75822,1012,73922,2213,149744,California
Stanislaus,2021-03-30,3870,221787,2084,111571,1760,102920,26,7296,2392,76781,1465,75387,2424,152168,California
Stanislaus,2021-03-31,5635,227422,3884,115455,1621,104541,130,7426,2931,77166,2680,78067,3065,155233,California
Stanislaus,2021-04-01,5957,233379,3873,119328,1966,106507,118,7544,2749,76865,3176,81243,2875,158108,California
Stanislaus,2021-04-02,5215,238594,1241,120569,3805,110312,169,7713,2378,76684,2736,83979,2555,160663,California
Stanislaus,2021-04-03,4710,243304,3451,124020,1221,111533,38,7751,2257,76548,2440,86419,2304,162967,California
Stanislaus,2021-04-04,1332,244636,478,124498,824,112357,30,7781,650,76560,673,87092,685,163652,California
Stanislaus,2021-04-05,3780,248416,2567,127065,953,113310,260,8041,2450,77955,1319,88411,2714,166366,California
Stanislaus,2021-04-06,5976,254392,4246,131311,1444,114754,286,8327,3220,78726,2737,91148,3508,169874,California
Stanislaus,2021-04-07,6548,260940,3680,134991,2429,117183,439,8766,2902,78452,3622,94770,3348,173222,California
Stanislaus,2021-04-08,5890,266830,3427,138418,2016,119199,447,9213,2903,78851,2953,97723,3352,176574,California
Stanislaus,2021-04-09,5007,271837,2184,140602,2441,121640,382,9595,2286,78832,2690,100413,2671,179245,California
Stanislaus,2021-04-10,6516,278353,4000,144602,876,122516,1640,11235,1996,77969,4493,104906,3630,182875,California
Stanislaus,2021-04-11,1538,279891,861,145463,544,123060,133,11368,666,77900,869,105775,800,183675,California
Stanislaus,2021-04-12,3800,283691,2127,147590,1224,124284,449,11817,1955,78502,1813,107588,2415,186090,California
Stanislaus,2021-04-13,5414,289105,3507,151097,1893,126177,14,11831,2970,79085,2395,109983,2978,189068,California
Stanislaus,2021-04-14,4832,293937,3340,154437,1490,127667,2,11833,2351,79001,2441,112424,2357,191425,California
Stanislaus,2021-04-15,5585,299522,3390,157827,2192,129859,3,11836,3253,79980,2277,114701,3256,194681,California
Stanislaus,2021-04-16,4507,304029,1065,158892,3441,133300,1,11837,1867,79266,2584,117285,1870,196551,California
Stanislaus,2021-04-17,3178,307207,2139,161031,1039,134339,0,11837,1842,79788,1322,118607,1844,198395,California
Stanislaus,2021-04-18,618,307825,298,161329,318,134657,2,11839,433,80048,176,118783,436,198831,California
Stanislaus,2021-04-19,3648,311473,2469,163798,1177,135834,2,11841,1660,79773,1943,120726,1668,200499,California
Stanislaus,2021-04-20,4180,315653,2493,166291,1687,137521,0,11841,1773,79182,2366,123092,1775,202274,California
Stanislaus,2021-04-21,4061,319714,2685,168976,1375,138896,1,11842,1634,78448,2375,125467,1641,203915,California
Stanislaus,2021-04-22,4138,323852,2452,171428,1685,140581,1,11843,1637,77639,2451,127918,1642,205557,California
Stanislaus,2021-04-23,3842,327694,914,172342,2927,143508,1,11844,1567,77040,2173,130091,1574,207131,California
Stanislaus,2021-04-24,3892,331586,2969,175311,923,144431,0,11844,1856,76884,2017,132108,1861,208992,California
Stanislaus,2021-04-25,942,332528,485,175796,457,144888,0,11844,689,77331,246,132354,693,209685,California
Stanislaus,2021-04-26,3669,336197,2442,178238,1221,146109,6,11850,1154,76008,2488,134842,1165,210850,California
Stanislaus,2021-04-27,4308,340505,2890,181128,1370,147479,48,11898,1252,74290,3022,137864,1304,212154,California
Stanislaus,2021-04-28,4610,345115,3165,184293,1382,148861,63,11961,1954,73684,2631,140495,2025,214179,California
Stanislaus,2021-04-29,3984,349099,2443,186736,1493,150354,48,12009,1563,72908,2396,142891,1620,215799,California
Stanislaus,2021-04-30,4832,353931,2154,188890,2594,152948,84,12093,1902,71997,2905,145796,1994,217793,California
Stanislaus,2021-05-01,2735,356666,1936,190826,758,153706,41,12134,1026,71373,1699,147495,1075,218868,California
Stanislaus,2021-05-02,1092,357758,627,191453,426,154132,39,12173,524,71380,562,148057,569,219437,California
Stanislaus,2021-05-03,2582,360340,2004,193457,507,154639,71,12244,980,70849,1586,149643,1055,220492,California
Stanislaus,2021-05-04,3773,364113,2572,196029,1097,155736,104,12348,1177,69555,2581,152224,1287,221779,California
Stanislaus,2021-05-05,3445,367558,2266,198295,1103,156839,76,12424,1198,68607,2225,154449,1277,223056,California
Stanislaus,2021-05-06,3774,371332,2861,201156,789,157628,124,12548,1158,67306,2589,157038,1288,224344,California
Stanislaus,2021-05-07,2596,373928,1040,202196,1394,159022,162,12710,1108,67102,1476,158514,1272,225616,California
Stanislaus,2021-05-08,2021,375949,1405,203601,583,159605,33,12743,750,66641,1251,159765,790,226406,California
Stanislaus,2021-05-09,722,376671,347,203948,349,159954,26,12769,305,66559,414,160179,332,226738,California
Stanislaus,2021-05-10,1816,378487,1153,205101,564,160518,99,12868,491,65838,1313,161492,592,227330,California
Stanislaus,2021-05-11,2529,381016,1576,206677,794,161312,159,13027,752,64986,1768,163260,916,228246,California
Stanislaus,2021-05-12,2410,383426,1370,208047,929,162241,111,13138,936,64575,1460,164720,1049,229295,California
Stanislaus,2021-05-13,2183,385609,1289,209336,774,163015,120,13258,1037,64596,1138,165858,1159,230454,California
Stanislaus,2021-05-14,2791,388400,1261,210597,1392,164407,138,13396,1306,64579,1463,167321,1446,231900,California
Stanislaus,2021-05-15,2496,390896,1779,212376,667,165074,50,13446,1209,64570,1277,168598,1268,233168,California
Stanislaus,2021-05-16,1106,392002,747,213123,351,165425,8,13454,591,64662,511,169109,603,233771,California
Stanislaus,2021-05-17,2062,394064,1392,214515,588,166013,82,13536,996,64686,1060,170169,1084,234855,California
Stanislaus,2021-05-18,2327,396391,1609,216124,603,166616,115,13651,1206,64897,1109,171278,1320,236175,California
Stanislaus,2021-05-19,3163,399554,2172,218296,836,167452,155,13806,1383,64673,1766,173044,1542,237717,California
Stanislaus,2021-05-20,2246,401800,1220,219516,921,168373,105,13911,895,64337,1341,174385,1005,238722,California
Stanislaus,2021-05-21,2499,404299,1222,220738,1179,169552,98,14009,995,63946,1487,175872,1096,239818,California
Stanislaus,2021-05-22,2020,406319,1221,221959,728,170280,71,14080,879,63765,1132,177004,951,240769,California
Stanislaus,2021-05-23,1080,407399,708,222667,356,170636,16,14096,513,63732,562,177566,529,241298,California
Stanislaus,2021-05-24,1831,409230,1273,223940,479,171115,79,14175,726,63442,1101,178667,811,242109,California
Stanislaus,2021-05-25,1814,411044,1239,225179,475,171590,100,14275,861,63459,949,179616,966,243075,California
Stanislaus,2021-05-26,2039,413083,1269,226448,717,172307,53,14328,955,63391,1076,180692,1008,244083,California
Stanislaus,2021-05-27,1792,414875,980,227428,727,173034,85,14413,617,62931,1163,181855,703,244786,California
Stanislaus,2021-05-28,2197,417072,1037,228465,1073,174107,87,14500,944,62716,1246,183101,1031,245817,California
Stanislaus,2021-05-29,1321,418393,851,229316,428,174535,42,14542,591,62625,726,183827,635,246452,California
Stanislaus,2021-05-30,454,418847,272,229588,148,174683,34,14576,207,62624,242,184069,241,246693,California
Stanislaus,2021-05-31,259,419106,122,229710,130,174813,7,14583,97,62566,162,184231,104,246797,California
Stanislaus,2021-06-01,1691,420797,1054,230764,581,175394,56,14639,636,62212,1049,185280,695,247492,California
Stanislaus,2021-06-02,1813,422610,1151,231915,591,175985,71,14710,746,61978,1054,186334,820,248312,California
Stanislaus,2021-06-03,1396,424006,828,232743,520,176505,48,14758,514,61672,870,187204,564,248876,California
Stanislaus,2021-06-04,1919,425925,1150,233893,700,177205,69,14827,725,61283,1187,188391,798,249674,California
Stanislaus,2021-06-05,1571,427496,1221,235114,307,177512,43,14870,516,60792,1050,189441,559,250233,California
Stanislaus,2021-06-06,511,428007,419,235533,83,177595,9,14879,186,60664,324,189765,196,250429,California
Stanislaus,2021-06-07,1611,429618,1234,236767,332,177927,45,14924,602,60310,1000,190765,646,251075,California
Stanislaus,2021-06-08,1919,431537,1443,238210,398,178325,78,15002,677,59832,1233,191998,755,251830,California
Stanislaus,2021-06-09,1859,433396,1313,239523,464,178789,82,15084,634,59328,1221,193219,717,252547,California
Stanislaus,2021-06-10,1479,434875,939,240462,476,179265,64,15148,605,59133,866,194085,671,253218,California
Stanislaus,2021-06-11,1502,436377,906,241368,546,179811,50,15198,553,58803,935,195020,605,253823,California
Stanislaus,2021-06-12,1033,437410,752,242120,255,180066,26,15224,381,58567,646,195666,410,254233,California
Stanislaus,2021-06-13,549,437959,407,242527,136,180202,6,15230,178,58385,368,196034,186,254419,California
Stanislaus,2021-06-14,1358,439317,965,243492,370,180572,23,15253,493,58046,855,196889,516,254935,California
Stanislaus,2021-06-15,1585,440902,1143,244635,396,180968,46,15299,532,57578,1048,197937,580,255515,California
Stanislaus,2021-06-16,1938,442840,1393,246028,480,181448,65,15364,774,57257,1160,199097,839,256354,California
Stanislaus,2021-06-17,1152,443992,731,246759,377,181825,44,15408,539,57236,608,199705,587,256941,California
Stanislaus,2021-06-18,1364,445356,852,247611,429,182254,83,15491,547,57056,812,200517,632,257573,California
Stanislaus,2021-06-19,857,446213,629,248240,184,182438,44,15535,372,56992,481,200998,417,257990,California
Stanislaus,2021-06-20,330,446543,238,248478,86,182524,6,15541,154,56977,175,201173,160,258150,California
Stanislaus,2021-06-21,987,447530,580,249058,280,182804,127,15668,511,57147,470,201643,640,258790,California
Stanislaus,2021-06-22,1211,448741,881,249939,261,183065,69,15737,495,57006,707,202350,566,259356,California
Stanislaus,2021-06-23,1231,449972,815,250754,354,183419,62,15799,522,56882,707,203057,583,259939,California
Stanislaus,2021-06-24,944,450916,629,251383,268,183687,47,15846,478,56948,462,203519,528,260467,California
Stanislaus,2021-06-25,1110,452026,717,252100,331,184018,62,15908,469,56841,636,204155,529,260996,California
Stanislaus,2021-06-26,607,452633,460,252560,123,184141,24,15932,279,56819,326,204481,304,261300,California
Stanislaus,2021-06-27,394,453027,298,252858,86,184227,10,15942,202,56840,191,204672,212,261512,California
Stanislaus,2021-06-28,972,453999,769,253627,161,184388,42,15984,429,56770,541,205213,471,261983,California
Stanislaus,2021-06-29,880,454879,687,254314,150,184538,43,16027,357,56652,518,205731,400,262383,California
Stanislaus,2021-06-30,933,455812,637,254951,265,184803,31,16058,428,56614,499,206230,461,262844,California
Stanislaus,2021-07-01,901,456713,563,255514,301,185104,37,16095,407,56573,485,206715,444,263288,California
Stanislaus,2021-07-02,735,457448,419,255933,283,185387,33,16128,366,56609,362,207077,398,263686,California
Stanislaus,2021-07-03,394,457842,295,256228,89,185476,10,16138,207,56640,187,207264,218,263904,California
Stanislaus,2021-07-04,61,457903,29,256257,26,185502,6,16144,19,56624,41,207305,25,263929,California
Stanislaus,2021-07-05,544,458447,400,256657,141,185643,3,16147,264,56612,279,207584,267,264196,California
Stanislaus,2021-07-06,811,459258,578,257235,191,185834,42,16189,368,56582,439,208023,409,264605,California
Stanislaus,2021-07-07,907,460165,591,257826,267,186101,49,16238,358,56445,547,208570,410,265015,California
Stanislaus,2021-07-08,839,461004,529,258355,265,186366,45,16283,421,56497,414,208984,466,265481,California
Stanislaus,2021-07-09,822,461826,495,258850,295,186661,32,16315,421,56557,395,209379,455,265936,California
Stanislaus,2021-07-10,433,462259,341,259191,84,186745,8,16323,221,56576,210,209589,229,266165,California
Stanislaus,2021-07-11,215,462474,151,259342,64,186809,0,16323,109,56582,103,209692,109,266274,California
Sutter,2020-12-15,1,1,1,1,0,0,0,0,1,1,0,0,1,1,California
Sutter,2020-12-16,4,5,4,5,0,0,0,0,4,5,0,0,4,5,California
Sutter,2020-12-17,3,8,3,8,0,0,0,0,3,8,0,0,3,8,California
Sutter,2020-12-18,21,29,21,29,0,0,0,0,21,29,0,0,21,29,California
Sutter,2020-12-19,45,74,45,74,0,0,0,0,45,74,0,0,45,74,California
Sutter,2020-12-20,43,117,43,117,0,0,0,0,43,117,0,0,43,117,California
Sutter,2020-12-21,99,216,99,216,0,0,0,0,99,216,0,0,99,216,California
Sutter,2020-12-22,172,388,172,388,0,0,0,0,172,388,0,0,172,388,California
Sutter,2020-12-23,115,503,110,498,5,5,0,0,115,503,0,0,115,503,California
Sutter,2020-12-24,17,520,11,509,6,11,0,0,17,520,0,0,17,520,California
Sutter,2020-12-26,38,558,34,543,4,15,0,0,38,558,0,0,38,558,California
Sutter,2020-12-27,24,582,23,566,1,16,0,0,24,582,0,0,24,582,California
Sutter,2020-12-28,84,666,56,622,28,44,0,0,84,666,0,0,84,666,California
Sutter,2020-12-29,101,767,14,636,87,131,0,0,101,767,0,0,101,767,California
Sutter,2020-12-30,136,903,33,669,103,234,0,0,136,903,0,0,136,903,California
Sutter,2020-12-31,70,973,6,675,64,298,0,0,70,973,0,0,70,973,California
Sutter,2021-01-01,3,976,3,678,0,298,0,0,3,976,0,0,3,976,California
Sutter,2021-01-02,134,1110,132,810,2,300,0,0,134,1110,0,0,134,1110,California
Sutter,2021-01-03,1,1111,0,810,1,301,0,0,1,1111,0,0,1,1111,California
Sutter,2021-01-04,245,1356,137,947,108,409,0,0,245,1356,0,0,245,1356,California
Sutter,2021-01-05,99,1455,56,1003,43,452,0,0,96,1449,3,3,96,1452,California
Sutter,2021-01-06,204,1659,50,1053,154,606,0,0,199,1643,5,8,199,1651,California
Sutter,2021-01-07,251,1910,153,1206,98,704,0,0,241,1875,9,17,241,1892,California
Sutter,2021-01-08,150,2060,40,1246,110,814,0,0,133,1991,17,34,133,2025,California
Sutter,2021-01-09,46,2106,43,1289,3,817,0,0,5,1955,41,75,5,2030,California
Sutter,2021-01-10,394,2500,37,1326,357,1174,0,0,356,2274,37,112,356,2386,California
Sutter,2021-01-11,132,2632,115,1441,17,1191,0,0,25,2192,107,219,25,2411,California
Sutter,2021-01-12,201,2833,165,1606,36,1227,0,0,57,2105,144,363,57,2468,California
Sutter,2021-01-13,163,2996,99,1705,64,1291,0,0,73,2089,89,452,73,2541,California
Sutter,2021-01-14,148,3144,52,1757,96,1387,0,0,128,2197,20,472,128,2669,California
Sutter,2021-01-15,435,3579,130,1887,305,1692,0,0,421,2604,14,486,421,3090,California
Sutter,2021-01-16,385,3964,41,1928,344,2036,0,0,354,2928,30,516,354,3444,California
Sutter,2021-01-17,26,3990,24,1952,2,2038,0,0,10,2922,16,532,10,3454,California
Sutter,2021-01-18,117,4107,62,2014,55,2093,0,0,69,2943,48,580,69,3523,California
Sutter,2021-01-19,109,4216,43,2057,66,2159,0,0,84,3002,25,605,84,3607,California
Sutter,2021-01-20,274,4490,209,2266,65,2224,0,0,252,3232,22,627,252,3859,California
Sutter,2021-01-21,523,5013,352,2618,171,2395,0,0,505,3719,18,645,505,4364,California
Sutter,2021-01-22,239,5252,51,2669,188,2583,0,0,230,3940,9,654,230,4594,California
Sutter,2021-01-23,398,5650,39,2708,359,2942,0,0,372,4286,26,680,372,4966,California
Sutter,2021-01-24,17,5667,15,2723,2,2944,0,0,15,4299,2,682,15,4981,California
Sutter,2021-01-25,305,5972,195,2918,110,3054,0,0,149,4294,155,837,150,5131,California
Sutter,2021-01-26,252,6224,110,3028,142,3196,0,0,145,4333,106,943,145,5276,California
Sutter,2021-01-27,389,6613,257,3285,132,3328,0,0,320,4584,69,1012,320,5596,California
Sutter,2021-01-28,585,7198,360,3645,225,3553,0,0,410,4821,173,1185,410,6006,California
Sutter,2021-01-29,365,7563,88,3733,277,3830,0,0,243,4942,122,1307,243,6249,California
Sutter,2021-01-30,773,8336,38,3771,735,4565,0,0,762,5693,11,1318,762,7011,California
Sutter,2021-01-31,28,8364,27,3798,1,4566,0,0,28,5721,0,1318,28,7039,California
Sutter,2021-02-01,172,8536,53,3851,119,4685,0,0,140,5830,31,1349,140,7179,California
Sutter,2021-02-02,248,8784,28,3879,220,4905,0,0,214,6010,34,1383,214,7393,California
Sutter,2021-02-03,447,9231,39,3918,408,5313,0,0,210,5984,236,1619,210,7603,California
Sutter,2021-02-04,670,9901,365,4283,305,5618,0,0,619,6553,50,1669,619,8222,California
Sutter,2021-02-05,290,10191,34,4317,256,5874,0,0,136,6535,154,1823,136,8358,California
Sutter,2021-02-06,734,10925,28,4345,706,6580,0,0,712,7225,22,1845,712,9070,California
Sutter,2021-02-07,25,10950,21,4366,4,6584,0,0,21,7242,4,1849,21,9091,California
Sutter,2021-02-08,136,11086,31,4397,105,6689,0,0,98,7302,38,1887,98,9189,California
Sutter,2021-02-09,249,11335,46,4443,203,6892,0,0,188,7429,61,1948,188,9377,California
Sutter,2021-02-10,821,12156,385,4828,436,7328,0,0,178,6965,642,2590,178,9555,California
Sutter,2021-02-11,608,12764,275,5103,333,7661,0,0,316,6989,292,2882,316,9871,California
Sutter,2021-02-12,638,13402,69,5172,569,8230,0,0,312,6976,325,3207,312,10183,California
Sutter,2021-02-13,904,14306,48,5220,856,9086,0,0,785,7642,119,3326,785,10968,California
Sutter,2021-02-14,90,14396,25,5245,65,9151,0,0,79,7710,11,3337,79,11047,California
Sutter,2021-02-15,201,14597,72,5317,129,9280,0,0,122,7753,79,3416,122,11169,California
Sutter,2021-02-16,290,14887,44,5361,246,9526,0,0,204,7873,84,3500,204,11373,California
Sutter,2021-02-17,837,15724,435,5796,402,9928,0,0,136,7309,700,4200,136,11509,California
Sutter,2021-02-18,719,16443,59,5855,660,10588,0,0,502,7596,215,4415,502,12011,California
Sutter,2021-02-19,669,17112,378,6233,291,10879,0,0,464,7858,202,4617,464,12475,California
Sutter,2021-02-20,629,17741,56,6289,573,11452,0,0,520,8270,108,4725,520,12995,California
Sutter,2021-02-21,29,17770,28,6317,1,11453,0,0,7,8255,22,4747,7,13002,California
Sutter,2021-02-22,216,17986,126,6443,90,11543,0,0,86,8212,129,4876,86,13088,California
Sutter,2021-02-23,245,18231,36,6479,209,11752,0,0,108,8185,135,5011,108,13196,California
Sutter,2021-02-24,1024,19255,377,6856,647,12399,0,0,201,7565,821,5832,201,13397,California
Sutter,2021-02-25,854,20109,538,7394,316,12715,0,0,650,8015,200,6032,650,14047,California
Sutter,2021-02-26,399,20508,62,7456,337,13052,0,0,167,7954,228,6260,167,14214,California
Sutter,2021-02-27,867,21375,47,7503,820,13872,0,0,712,8509,157,6417,712,14926,California
Sutter,2021-02-28,89,21464,43,7546,46,13918,0,0,68,8557,20,6437,68,14994,California
Sutter,2021-03-01,251,21715,62,7608,189,14107,0,0,150,8606,101,6538,150,15144,California
Sutter,2021-03-02,342,22057,59,7667,283,14390,0,0,164,8595,175,6713,164,15308,California
Sutter,2021-03-03,1401,23458,531,8198,870,15260,0,0,660,8522,733,7446,660,15968,California
Sutter,2021-03-04,1258,24716,864,9062,394,15654,0,0,947,9162,307,7753,947,16915,California
Sutter,2021-03-05,341,25057,80,9142,260,15914,1,1,208,9238,133,7886,209,17124,California
Sutter,2021-03-06,1028,26085,46,9188,977,16891,5,6,859,9935,167,8053,864,17988,California
Sutter,2021-03-07,69,26154,23,9211,45,16936,1,7,46,9960,22,8075,47,18035,California
Sutter,2021-03-08,235,26389,81,9292,142,17078,12,19,164,10065,71,8146,176,18211,California
Sutter,2021-03-09,394,26783,138,9430,244,17322,12,31,188,10059,206,8352,200,18411,California
Sutter,2021-03-10,1573,28356,678,10108,834,18156,61,92,525,9605,1040,9392,586,18997,California
Sutter,2021-03-11,904,29260,440,10548,445,18601,19,111,653,10030,247,9639,672,19669,California
Sutter,2021-03-12,680,29940,111,10659,389,18990,180,291,203,9937,473,10112,380,20049,California
Sutter,2021-03-13,991,30931,749,11408,223,19213,19,310,778,10523,210,10322,796,20845,California
Sutter,2021-03-14,132,31063,22,11430,99,19312,11,321,45,10492,87,10409,56,20901,California
Sutter,2021-03-15,326,31389,67,11497,210,19522,49,370,155,10527,169,10578,204,21105,California
Sutter,2021-03-16,391,31780,86,11583,258,19780,47,417,212,10606,179,10757,258,21363,California
Sutter,2021-03-17,1499,33279,563,12146,914,20694,22,439,274,9691,1210,11967,295,21658,California
Sutter,2021-03-18,978,34257,183,12329,591,21285,204,643,568,10057,404,12371,770,22428,California
Sutter,2021-03-19,463,34720,166,12495,268,21553,29,672,280,10185,181,12552,309,22737,California
Sutter,2021-03-20,950,35670,118,12613,821,22374,11,683,857,10962,91,12643,868,23605,California
Sutter,2021-03-21,68,35738,47,12660,18,22392,3,686,32,10961,36,12679,35,23640,California
Sutter,2021-03-22,290,36028,120,12780,144,22536,26,712,210,11120,77,12756,236,23876,California
Sutter,2021-03-23,378,36406,114,12894,231,22767,33,745,246,11268,130,12886,278,24154,California
Sutter,2021-03-24,1686,38092,774,13668,843,23610,69,814,309,10286,1360,14246,378,24532,California
Sutter,2021-03-25,1043,39135,679,14347,321,23931,43,857,360,10011,678,14924,403,24935,California
Sutter,2021-03-26,498,39633,176,14523,305,24236,17,874,286,10109,205,15129,303,25238,California
Sutter,2021-03-27,928,40561,63,14586,863,25099,2,876,810,10808,113,15242,812,26050,California
Sutter,2021-03-28,125,40686,72,14658,53,25152,0,876,77,10839,46,15288,77,26127,California
Sutter,2021-03-29,426,41112,142,14800,228,25380,56,932,221,10913,203,15491,277,26404,California
Sutter,2021-03-30,481,41593,160,14960,311,25691,10,942,317,11077,163,15654,327,26731,California
Sutter,2021-03-31,1256,42849,177,15137,1063,26754,16,958,441,10731,802,16456,456,27187,California
Sutter,2021-04-01,1385,44234,740,15877,460,27214,185,1143,428,10397,946,17402,612,27799,California
Sutter,2021-04-02,517,44751,102,15979,297,27511,118,1261,202,10402,311,17713,316,28115,California
Sutter,2021-04-03,913,45664,78,16057,213,27724,622,1883,122,10361,784,18497,743,28858,California
Sutter,2021-04-04,118,45782,22,16079,90,27814,6,1889,54,10358,63,18560,60,28918,California
Sutter,2021-04-05,372,46154,144,16223,191,28005,37,1926,172,10370,197,18757,209,29127,California
Sutter,2021-04-06,510,46664,198,16421,256,28261,56,1982,269,10456,239,18996,325,29452,California
Sutter,2021-04-07,1480,48144,885,17306,520,28781,75,2057,601,10266,866,19862,676,30128,California
Sutter,2021-04-08,1061,49205,584,17890,362,29143,115,2172,572,10468,482,20344,684,30812,California
Sutter,2021-04-09,571,49776,250,18140,256,29399,65,2237,236,10439,330,20674,301,31113,California
Sutter,2021-04-10,831,50607,112,18252,89,29488,630,2867,111,10456,714,21388,731,31844,California
Sutter,2021-04-11,121,50728,34,18286,40,29528,47,2914,38,10457,82,21470,83,31927,California
Sutter,2021-04-12,344,51072,95,18381,195,29723,54,2968,135,10438,208,21678,189,32116,California
Sutter,2021-04-13,430,51502,125,18506,305,30028,0,2968,211,10432,217,21895,211,32327,California
Sutter,2021-04-14,1326,52828,162,18668,1163,31191,1,2969,224,9564,1093,22988,225,32552,California
Sutter,2021-04-15,541,53369,174,18842,367,31558,0,2969,217,9461,320,23308,217,32769,California
Sutter,2021-04-16,409,53778,129,18971,280,31838,0,2969,189,9432,218,23526,189,32958,California
Sutter,2021-04-17,580,54358,83,19054,497,32335,0,2969,508,9869,71,23597,508,33466,California
Sutter,2021-04-18,92,54450,33,19087,59,32394,0,2969,58,9895,32,23629,58,33524,California
Sutter,2021-04-19,295,54745,113,19200,182,32576,0,2969,122,9847,170,23799,122,33646,California
Sutter,2021-04-20,465,55210,182,19382,283,32859,0,2969,224,9833,238,24037,224,33870,California
Sutter,2021-04-21,1312,56522,502,19884,810,33669,0,2969,514,9563,784,24821,514,34384,California
Sutter,2021-04-22,530,57052,195,20079,335,34004,0,2969,259,9554,268,25089,259,34643,California
Sutter,2021-04-23,438,57490,154,20233,284,34288,0,2969,200,9520,234,25323,200,34843,California
Sutter,2021-04-24,325,57815,106,20339,218,34506,1,2970,184,9564,140,25463,184,35027,California
Sutter,2021-04-25,158,57973,75,20414,83,34589,0,2970,86,9580,70,25533,86,35113,California
Sutter,2021-04-26,322,58295,107,20521,213,34802,2,2972,136,9534,184,25717,138,35251,California
Sutter,2021-04-27,557,58852,284,20805,269,35071,4,2976,255,9495,298,26015,259,35510,California
Sutter,2021-04-28,860,59712,386,21191,466,35537,8,2984,284,9218,569,26584,292,35802,California
Sutter,2021-04-29,807,60519,167,21358,639,36176,1,2985,325,9068,476,27060,326,36128,California
Sutter,2021-04-30,394,60913,143,21501,238,36414,13,2998,173,9036,217,27277,185,36313,California
Sutter,2021-05-01,301,61214,109,21610,151,36565,41,3039,130,9039,168,27445,171,36484,California
Sutter,2021-05-02,80,61294,53,21663,25,36590,2,3041,45,9051,35,27480,47,36531,California
Sutter,2021-05-03,217,61511,109,21772,99,36689,9,3050,89,9021,128,27608,98,36629,California
Sutter,2021-05-04,558,62069,254,22026,240,36929,64,3114,228,8986,326,27934,291,36920,California
Sutter,2021-05-05,565,62634,174,22200,383,37312,8,3122,165,8765,394,28328,173,37093,California
Sutter,2021-05-06,438,63072,234,22434,183,37495,21,3143,198,8744,239,28567,218,37311,California
Sutter,2021-05-07,426,63498,160,22594,244,37739,22,3165,162,8670,258,28825,184,37495,California
Sutter,2021-05-08,241,63739,95,22689,140,37879,6,3171,115,8665,126,28951,121,37616,California
Sutter,2021-05-09,107,63846,79,22768,23,37902,5,3176,62,8687,45,28996,67,37683,California
Sutter,2021-05-10,192,64038,44,22812,130,38032,18,3194,50,8614,141,29137,68,37751,California
Sutter,2021-05-11,473,64511,238,23050,214,38246,21,3215,192,8549,276,29413,211,37962,California
Sutter,2021-05-12,466,64977,262,23312,193,38439,11,3226,157,8412,305,29718,168,38130,California
Sutter,2021-05-13,490,65467,262,23574,206,38645,22,3248,189,8323,300,30018,211,38341,California
Sutter,2021-05-14,443,65910,189,23763,238,38883,16,3264,205,8311,233,30251,221,38562,California
Sutter,2021-05-15,848,66758,316,24079,501,39384,31,3295,309,8114,537,30788,340,38902,California
Sutter,2021-05-16,173,66931,118,24197,47,39431,8,3303,93,8136,79,30867,101,39003,California
Sutter,2021-05-17,290,67221,116,24313,160,39591,14,3317,148,8159,139,31006,162,39165,California
Sutter,2021-05-18,553,67774,313,24626,236,39827,4,3321,300,8214,249,31255,304,39469,California
Sutter,2021-05-19,463,68237,264,24890,192,40019,7,3328,223,8207,237,31492,230,39699,California
Sutter,2021-05-20,461,68698,239,25129,210,40229,12,3340,215,8192,242,31734,227,39926,California
Sutter,2021-05-21,488,69186,220,25349,256,40485,12,3352,211,8139,275,32009,222,40148,California
Sutter,2021-05-22,372,69558,207,25556,162,40647,3,3355,186,8146,181,32190,188,40336,California
Sutter,2021-05-23,191,69749,95,25651,87,40734,9,3364,92,8154,93,32283,101,40437,California
Sutter,2021-05-24,240,69989,91,25742,126,40860,23,3387,96,8132,141,32424,119,40556,California
Sutter,2021-05-25,399,70388,196,25938,191,41051,12,3399,165,8080,229,32653,177,40733,California
Sutter,2021-05-26,322,70710,157,26095,156,41207,9,3408,112,7995,206,32859,121,40854,California
Sutter,2021-05-27,434,71144,117,26212,298,41505,19,3427,121,7827,308,33167,140,40994,California
Sutter,2021-05-28,340,71484,165,26377,158,41663,17,3444,168,7847,165,33332,185,41179,California
Sutter,2021-05-29,255,71739,121,26498,119,41782,15,3459,132,7876,118,33450,147,41326,California
Sutter,2021-05-30,84,71823,61,26559,20,41802,3,3462,39,7875,43,33493,42,41368,California
Sutter,2021-05-31,21,71844,3,26562,14,41816,4,3466,7,7872,14,33507,11,41379,California
Sutter,2021-06-01,311,72155,134,26696,169,41985,8,3474,114,7799,195,33702,122,41501,California
Sutter,2021-06-02,283,72438,120,26816,157,42142,6,3480,97,7722,180,33882,103,41604,California
Sutter,2021-06-03,343,72781,224,27040,109,42251,10,3490,116,7627,221,34103,126,41730,California
Sutter,2021-06-04,343,73124,199,27239,137,42388,7,3497,120,7536,218,34321,127,41857,California
Sutter,2021-06-05,440,73564,369,27608,67,42455,4,3501,154,7413,281,34602,158,42015,California
Sutter,2021-06-06,134,73698,115,27723,16,42471,3,3504,44,7372,88,34690,47,42062,California
Sutter,2021-06-07,165,73863,107,27830,49,42520,9,3513,58,7333,106,34796,67,42129,California
Sutter,2021-06-08,366,74229,206,28036,148,42668,12,3525,158,7294,209,35005,170,42299,California
Sutter,2021-06-09,369,74598,235,28271,129,42797,5,3530,128,7189,238,35243,133,42432,California
Sutter,2021-06-10,389,74987,279,28550,100,42897,10,3540,154,7122,231,35474,164,42596,California
Sutter,2021-06-11,338,75325,216,28766,116,43013,6,3546,114,7022,219,35693,119,42715,California
Sutter,2021-06-12,246,75571,172,28938,59,43072,15,3561,71,6933,175,35868,86,42801,California
Sutter,2021-06-13,83,75654,65,29003,17,43089,1,3562,22,6896,60,35928,23,42824,California
Sutter,2021-06-14,188,75842,110,29113,67,43156,11,3573,73,6866,114,36042,84,42908,California
Sutter,2021-06-15,285,76127,154,29267,118,43274,13,3586,101,6798,182,36224,114,43022,California
Sutter,2021-06-16,221,76348,142,29409,70,43344,9,3595,107,6800,114,36338,116,43138,California
Sutter,2021-06-17,283,76631,173,29582,104,43448,6,3601,123,6771,158,36496,129,43267,California
Sutter,2021-06-18,266,76897,171,29753,80,43528,15,3616,94,6711,169,36665,109,43376,California
Sutter,2021-06-19,208,77105,139,29892,65,43593,4,3620,59,6627,147,36812,63,43439,California
Sutter,2021-06-20,70,77175,49,29941,19,43612,2,3622,31,6621,39,36851,33,43472,California
Sutter,2021-06-21,113,77288,54,29995,47,43659,12,3634,51,6624,60,36911,63,43535,California
Sutter,2021-06-22,223,77511,128,30123,92,43751,3,3637,86,6579,134,37045,89,43624,California
Sutter,2021-06-23,185,77696,108,30231,69,43820,8,3645,77,6555,108,37153,84,43708,California
Sutter,2021-06-24,239,77935,161,30392,67,43887,11,3656,103,6533,136,37289,114,43822,California
Sutter,2021-06-25,224,78159,145,30537,73,43960,6,3662,88,6495,132,37421,94,43916,California
Sutter,2021-06-26,220,78379,178,30715,36,43996,6,3668,76,6436,142,37563,83,43999,California
Sutter,2021-06-27,78,78457,65,30780,12,44008,1,3669,28,6416,49,37612,29,44028,California
Sutter,2021-06-28,121,78578,75,30855,40,44048,6,3675,61,6424,59,37671,67,44095,California
Sutter,2021-06-29,232,78810,152,31007,70,44118,10,3685,81,6366,149,37820,91,44186,California
Sutter,2021-06-30,178,78988,113,31120,56,44174,9,3694,73,6347,101,37921,82,44268,California
Sutter,2021-07-01,206,79194,174,31294,25,44199,7,3701,76,6300,129,38050,82,44350,California
Sutter,2021-07-02,196,79390,130,31424,54,44253,12,3713,93,6309,96,38146,105,44455,California
Sutter,2021-07-03,115,79505,88,31512,24,44277,3,3716,40,6283,69,38215,43,44498,California
Sutter,2021-07-04,6,79511,3,31515,3,44280,0,3716,2,6282,3,38218,2,44500,California
Sutter,2021-07-05,87,79598,58,31573,19,44299,10,3726,40,6285,46,38264,49,44549,California
Sutter,2021-07-06,229,79827,136,31709,72,44371,21,3747,77,6233,150,38414,98,44647,California
Sutter,2021-07-07,191,80018,108,31817,75,44446,8,3755,64,6180,125,38539,72,44719,California
Sutter,2021-07-08,216,80234,135,31952,75,44521,6,3761,77,6126,137,38676,83,44802,California
Sutter,2021-07-09,205,80439,136,32088,62,44583,7,3768,99,6129,103,38779,106,44908,California
Sutter,2021-07-10,141,80580,106,32194,32,44615,3,3771,70,6132,70,38849,73,44981,California
Sutter,2021-07-11,32,80612,19,32213,13,44628,0,3771,14,6128,18,38867,14,44995,California
Tehama,2020-12-15,1,1,1,1,0,0,0,0,1,1,0,0,1,1,California
Tehama,2020-12-16,2,3,2,3,0,0,0,0,2,3,0,0,2,3,California
Tehama,2020-12-17,12,15,12,15,0,0,0,0,12,15,0,0,12,15,California
Tehama,2020-12-18,2,17,2,17,0,0,0,0,3,18,0,0,3,18,California
Tehama,2020-12-21,33,50,33,50,0,0,0,0,33,51,0,0,33,51,California
Tehama,2020-12-22,70,120,64,114,6,6,0,0,70,121,0,0,70,121,California
Tehama,2020-12-23,48,168,40,154,8,14,0,0,48,169,0,0,48,169,California
Tehama,2020-12-24,5,173,3,157,2,16,0,0,5,174,0,0,5,174,California
Tehama,2020-12-26,3,176,2,159,1,17,0,0,3,177,0,0,3,177,California
Tehama,2020-12-27,2,178,2,161,0,17,0,0,2,179,0,0,2,179,California
Tehama,2020-12-28,56,234,43,204,13,30,0,0,56,235,0,0,56,235,California
Tehama,2020-12-29,31,265,31,235,0,30,0,0,31,266,0,0,31,266,California
Tehama,2020-12-30,55,320,39,274,16,46,0,0,54,320,0,0,54,320,California
Tehama,2020-12-31,14,334,4,278,10,56,0,0,14,334,0,0,14,334,California
Tehama,2021-01-01,3,337,0,278,3,59,0,0,3,337,0,0,3,337,California
Tehama,2021-01-04,32,369,9,287,23,82,0,0,32,369,0,0,32,369,California
Tehama,2021-01-05,70,439,43,330,27,109,0,0,67,433,3,3,67,436,California
Tehama,2021-01-06,72,511,21,351,51,160,0,0,63,488,8,11,63,499,California
Tehama,2021-01-07,57,568,7,358,50,210,0,0,56,543,1,12,56,555,California
Tehama,2021-01-08,34,602,25,383,9,219,0,0,29,567,5,17,29,584,California
Tehama,2021-01-09,7,609,5,388,2,221,0,0,5,570,2,19,5,589,California
Tehama,2021-01-10,1,610,0,388,1,222,0,0,1,571,0,19,1,590,California
Tehama,2021-01-11,49,659,47,435,2,224,0,0,15,552,34,53,15,605,California
Tehama,2021-01-12,132,791,112,547,20,244,0,0,86,592,46,99,86,691,California
Tehama,2021-01-13,73,864,55,602,18,262,0,0,27,573,46,145,27,718,California
Tehama,2021-01-14,224,1088,51,653,173,435,0,0,222,793,2,147,222,940,California
Tehama,2021-01-15,250,1338,75,728,175,610,0,0,246,1035,4,151,246,1186,California
Tehama,2021-01-16,264,1602,19,747,245,855,0,0,261,1293,3,154,261,1447,California
Tehama,2021-01-17,7,1609,3,750,4,859,0,0,4,1294,3,157,4,1451,California
Tehama,2021-01-18,12,1621,7,757,5,864,0,0,7,1296,5,162,7,1458,California
Tehama,2021-01-19,295,1916,68,825,227,1091,0,0,240,1481,55,217,240,1698,California
Tehama,2021-01-20,303,2219,87,912,216,1307,0,0,253,1685,49,266,253,1951,California
Tehama,2021-01-21,214,2433,11,923,203,1510,0,0,204,1879,10,276,204,2155,California
Tehama,2021-01-22,224,2657,21,944,203,1713,0,0,221,2097,3,279,221,2376,California
Tehama,2021-01-23,257,2914,7,951,250,1963,0,0,256,2352,1,280,256,2632,California
Tehama,2021-01-24,2,2916,1,952,1,1964,0,0,2,2354,0,280,2,2634,California
Tehama,2021-01-25,32,2948,15,967,17,1981,0,0,14,2350,18,298,14,2648,California
Tehama,2021-01-26,322,3270,42,1009,280,2261,0,0,285,2598,37,335,285,2933,California
Tehama,2021-01-27,300,3570,21,1030,279,2540,0,0,280,2858,20,355,280,3213,California
Tehama,2021-01-28,343,3913,31,1061,312,2852,0,0,328,3171,15,370,328,3541,California
Tehama,2021-01-29,324,4237,20,1081,304,3156,0,0,306,3459,18,388,306,3847,California
Tehama,2021-01-30,102,4339,2,1083,100,3256,0,0,101,3559,1,389,101,3948,California
Tehama,2021-01-31,1,4340,0,1083,1,3257,0,0,1,3560,0,389,1,3949,California
Tehama,2021-02-01,80,4420,24,1107,56,3313,0,0,37,3554,43,432,37,3986,California
Tehama,2021-02-02,362,4782,65,1172,297,3610,0,0,263,3718,99,531,263,4249,California
Tehama,2021-02-03,409,5191,10,1182,399,4009,0,0,363,4035,46,577,363,4612,California
Tehama,2021-02-04,506,5697,99,1281,407,4416,0,0,424,4378,82,659,425,5037,California
Tehama,2021-02-05,180,5877,74,1355,106,4522,0,0,118,4434,62,721,118,5155,California
Tehama,2021-02-06,29,5906,14,1369,15,4537,0,0,17,4439,12,733,17,5172,California
Tehama,2021-02-07,6,5912,5,1374,1,4538,0,0,2,4438,3,736,2,5174,California
Tehama,2021-02-08,35,5947,13,1387,22,4560,0,0,26,4455,9,745,26,5200,California
Tehama,2021-02-09,78,6025,38,1425,40,4600,0,0,40,4457,38,783,40,5240,California
Tehama,2021-02-10,232,6257,63,1488,169,4769,0,0,156,4537,76,859,156,5396,California
Tehama,2021-02-11,220,6477,15,1503,205,4974,0,0,82,4483,136,995,82,5478,California
Tehama,2021-02-12,362,6839,65,1568,297,5271,0,0,170,4461,192,1187,170,5648,California
Tehama,2021-02-13,385,7224,14,1582,371,5642,0,0,145,4366,240,1427,145,5793,California
Tehama,2021-02-14,38,7262,2,1584,36,5678,0,0,36,4400,2,1429,36,5829,California
Tehama,2021-02-15,53,7315,10,1594,43,5721,0,0,47,4441,6,1435,47,5876,California
Tehama,2021-02-16,249,7564,16,1610,233,5954,0,0,64,4320,185,1620,64,5940,California
Tehama,2021-02-17,284,7848,12,1622,272,6226,0,0,54,4144,230,1850,54,5994,California
Tehama,2021-02-18,371,8219,32,1654,339,6565,0,0,145,4063,226,2076,145,6139,California
Tehama,2021-02-19,215,8434,18,1672,197,6762,0,0,43,3934,172,2248,43,6182,California
Tehama,2021-02-20,271,8705,7,1679,264,7026,0,0,27,3717,244,2492,27,6209,California
Tehama,2021-02-21,2,8707,1,1680,1,7027,0,0,1,3717,1,2493,1,6210,California
Tehama,2021-02-22,40,8747,16,1696,24,7051,0,0,28,3733,12,2505,28,6238,California
Tehama,2021-02-23,74,8821,22,1718,52,7103,0,0,29,3717,45,2550,29,6267,California
Tehama,2021-02-24,304,9125,13,1731,291,7394,0,0,29,3471,275,2825,29,6296,California
Tehama,2021-02-25,386,9511,65,1796,321,7715,0,0,42,3169,344,3169,42,6338,California
Tehama,2021-02-26,463,9974,19,1815,444,8159,0,0,71,2848,392,3561,71,6409,California
Tehama,2021-02-27,296,10270,5,1820,291,8450,0,0,34,2620,262,3823,34,6443,California
Tehama,2021-02-28,23,10293,2,1822,21,8471,0,0,20,2637,3,3826,20,6463,California
Tehama,2021-03-01,67,10360,8,1830,59,8530,0,0,32,2634,35,3861,32,6495,California
Tehama,2021-03-02,157,10517,18,1848,139,8669,0,0,32,2541,125,3986,32,6527,California
Tehama,2021-03-03,169,10686,33,1881,136,8805,0,0,51,2474,118,4104,51,6578,California
Tehama,2021-03-04,666,11352,39,1920,627,9432,0,0,223,2259,438,4542,223,6801,California
Tehama,2021-03-05,405,11757,20,1940,385,9817,0,0,213,2281,191,4733,213,7014,California
Tehama,2021-03-06,307,12064,16,1956,291,10108,0,0,80,2136,226,4959,81,7095,California
Tehama,2021-03-07,6,12070,1,1957,5,10113,0,0,3,2137,2,4961,3,7098,California
Tehama,2021-03-08,58,12128,12,1969,31,10144,15,15,27,2149,30,4991,42,7140,California
Tehama,2021-03-09,366,12494,7,1976,340,10484,19,34,311,2424,55,5046,330,7470,California
Tehama,2021-03-10,356,12850,17,1993,318,10802,21,55,73,2236,282,5328,94,7564,California
Tehama,2021-03-11,496,13346,18,2011,429,11231,49,104,348,2485,148,5476,397,7961,California
Tehama,2021-03-12,307,13653,20,2031,222,11453,65,169,179,2603,127,5603,245,8206,California
Tehama,2021-03-13,49,13702,8,2039,34,11487,7,176,6,2573,43,5646,13,8219,California
Tehama,2021-03-14,53,13755,3,2042,40,11527,10,186,9,2548,44,5690,19,8238,California
Tehama,2021-03-15,155,13910,22,2064,113,11640,20,206,85,2583,70,5760,105,8343,California
Tehama,2021-03-16,418,14328,14,2078,366,12006,38,244,313,2830,104,5864,351,8694,California
Tehama,2021-03-17,435,14763,22,2100,381,12387,32,276,351,3131,82,5946,383,9077,California
Tehama,2021-03-18,486,15249,26,2126,436,12823,24,300,307,3285,177,6123,331,9408,California
Tehama,2021-03-19,318,15567,22,2148,283,13106,13,313,276,3532,42,6165,289,9697,California
Tehama,2021-03-20,41,15608,8,2156,31,13137,2,315,29,3551,12,6177,31,9728,California
Tehama,2021-03-21,12,15620,5,2161,7,13144,0,315,12,3563,0,6177,12,9740,California
Tehama,2021-03-22,92,15712,8,2169,67,13211,17,332,50,3588,42,6219,67,9807,California
Tehama,2021-03-23,87,15799,28,2197,53,13264,6,338,69,3645,18,6237,75,9882,California
Tehama,2021-03-24,85,15884,16,2213,67,13331,2,340,54,3670,31,6268,56,9938,California
Tehama,2021-03-25,540,16424,364,2577,163,13494,13,353,483,4110,56,6324,496,10434,California
Tehama,2021-03-26,514,16938,403,2980,99,13593,12,365,434,4479,77,6401,446,10880,California
Tehama,2021-03-27,452,17390,356,3336,71,13664,25,390,383,4819,68,6469,408,11288,California
Tehama,2021-03-28,31,17421,10,3346,21,13685,0,390,19,4826,12,6481,19,11307,California
Tehama,2021-03-29,127,17548,32,3378,95,13780,0,390,80,4859,47,6528,80,11387,California
Tehama,2021-03-30,373,17921,221,3599,150,13930,2,392,252,4992,121,6649,254,11641,California
Tehama,2021-03-31,402,18323,299,3898,100,14030,3,395,329,5251,72,6721,331,11972,California
Tehama,2021-04-01,528,18851,246,4144,276,14306,6,401,395,5520,132,6853,401,12373,California
Tehama,2021-04-02,458,19309,216,4360,237,14543,5,406,273,5612,185,7038,277,12650,California
Tehama,2021-04-03,64,19373,5,4365,54,14597,5,411,32,5617,32,7070,37,12687,California
Tehama,2021-04-04,34,19407,7,4372,26,14623,1,412,23,5630,11,7081,24,12711,California
Tehama,2021-04-05,116,19523,21,4393,67,14690,28,440,59,5660,57,7138,87,12798,California
Tehama,2021-04-06,493,20016,109,4502,333,15023,51,491,137,5492,356,7494,188,12986,California
Tehama,2021-04-07,417,20433,284,4786,90,15113,43,534,304,5726,112,7606,346,13332,California
Tehama,2021-04-08,608,21041,174,4960,394,15507,40,574,230,5619,377,7983,270,13602,California
Tehama,2021-04-09,432,21473,194,5154,204,15711,34,608,216,5654,215,8198,250,13852,California
Tehama,2021-04-10,79,21552,9,5163,38,15749,32,640,40,5687,39,8237,72,13924,California
Tehama,2021-04-11,33,21585,7,5170,15,15764,11,651,8,5681,25,8262,19,13943,California
Tehama,2021-04-12,113,21698,6,5176,88,15852,19,670,40,5667,73,8335,59,14002,California
Tehama,2021-04-13,390,22088,66,5242,324,16176,0,670,67,5411,323,8658,67,14069,California
Tehama,2021-04-14,409,22497,54,5296,355,16531,0,670,51,5106,356,9014,51,14120,California
Tehama,2021-04-15,520,23017,193,5489,327,16858,0,670,81,4749,438,9452,81,14201,California
Tehama,2021-04-16,598,23615,342,5831,256,17114,0,670,75,4301,523,9975,75,14276,California
Tehama,2021-04-17,349,23964,269,6100,80,17194,0,670,41,4036,307,10282,42,14318,California
Tehama,2021-04-18,17,23981,3,6103,14,17208,0,670,14,4047,3,10285,14,14332,California
Tehama,2021-04-19,98,24079,8,6111,90,17298,0,670,42,4033,56,10341,42,14374,California
Tehama,2021-04-20,528,24607,436,6547,92,17390,0,670,152,3813,374,10715,154,14528,California
Tehama,2021-04-21,513,25120,435,6982,78,17468,0,670,170,3642,341,11056,170,14698,California
Tehama,2021-04-22,526,25646,366,7348,160,17628,0,670,158,3435,365,11421,158,14856,California
Tehama,2021-04-23,455,26101,351,7699,104,17732,0,670,204,3390,250,11671,205,15061,California
Tehama,2021-04-24,104,26205,18,7717,86,17818,0,670,27,3340,77,11748,27,15088,California
Tehama,2021-04-25,29,26234,18,7735,11,17829,0,670,9,3330,19,11767,9,15097,California
Tehama,2021-04-26,87,26321,12,7747,75,17904,0,670,48,3339,39,11806,48,15145,California
Tehama,2021-04-27,257,26578,209,7956,47,17951,1,671,95,3273,162,11968,96,15241,California
Tehama,2021-04-28,404,26982,324,8280,63,18014,17,688,70,3026,334,12302,87,15328,California
Tehama,2021-04-29,359,27341,172,8452,181,18195,6,694,72,2818,286,12588,78,15406,California
Tehama,2021-04-30,327,27668,240,8692,81,18276,6,700,113,2723,214,12802,119,15525,California
Tehama,2021-05-01,74,27742,4,8696,67,18343,3,703,16,2684,58,12860,19,15544,California
Tehama,2021-05-02,44,27786,22,8718,10,18353,12,715,24,2700,20,12880,36,15580,California
Tehama,2021-05-03,118,27904,40,8758,70,18423,8,723,64,2718,54,12934,72,15652,California
Tehama,2021-05-04,165,28069,60,8818,98,18521,7,730,71,2702,94,13028,78,15730,California
Tehama,2021-05-05,97,28166,26,8844,61,18582,10,740,45,2705,52,13080,55,15785,California
Tehama,2021-05-06,169,28335,94,8938,60,18642,15,755,103,2757,66,13146,118,15903,California
Tehama,2021-05-07,178,28513,73,9011,94,18736,11,766,52,2696,124,13270,63,15966,California
Tehama,2021-05-08,50,28563,6,9017,43,18779,1,767,14,2675,36,13306,15,15981,California
Tehama,2021-05-09,17,28580,4,9021,13,18792,0,767,7,2672,10,13316,7,15988,California
Tehama,2021-05-10,80,28660,8,9029,66,18858,6,773,39,2676,40,13356,44,16032,California
Tehama,2021-05-11,176,28836,117,9146,49,18907,10,783,37,2584,139,13495,47,16079,California
Tehama,2021-05-12,213,29049,133,9279,69,18976,11,794,48,2478,165,13660,59,16138,California
Tehama,2021-05-13,249,29298,168,9447,73,19049,8,802,114,2466,134,13794,122,16260,California
Tehama,2021-05-14,248,29546,134,9581,93,19142,21,823,59,2358,188,13982,80,16340,California
Tehama,2021-05-15,225,29771,135,9716,54,19196,36,859,161,2492,63,14045,197,16537,California
Tehama,2021-05-16,27,29798,7,9723,17,19213,3,862,15,2498,12,14057,18,16555,California
Tehama,2021-05-17,113,29911,29,9752,69,19282,15,877,54,2509,58,14115,69,16624,California
Tehama,2021-05-18,152,30063,78,9830,59,19341,15,892,50,2473,101,14216,65,16689,California
Tehama,2021-05-19,127,30190,54,9884,63,19404,10,902,41,2438,86,14302,51,16740,California
Tehama,2021-05-20,334,30524,241,10125,70,19474,23,925,231,2590,102,14404,254,16994,California
Tehama,2021-05-21,223,30747,100,10225,110,19584,13,938,80,2542,141,14545,93,17087,California
Tehama,2021-05-22,66,30813,32,10257,30,19614,4,942,38,2556,28,14573,42,17129,California
Tehama,2021-05-23,51,30864,26,10283,14,19628,11,953,15,2546,36,14609,26,17155,California
Tehama,2021-05-24,99,30963,31,10314,60,19688,8,961,34,2523,65,14674,42,17197,California
Tehama,2021-05-25,76,31039,19,10333,49,19737,8,969,46,2547,29,14703,53,17250,California
Tehama,2021-05-26,79,31118,31,10364,45,19782,3,972,52,2575,27,14730,55,17305,California
Tehama,2021-05-27,156,31274,98,10462,54,19836,4,976,51,2527,103,14833,55,17360,California
Tehama,2021-05-28,136,31410,37,10499,92,19928,7,983,65,2529,70,14903,72,17432,California
Tehama,2021-05-29,53,31463,8,10507,40,19968,5,988,34,2549,19,14922,39,17471,California
Tehama,2021-05-30,15,31478,5,10512,9,19977,1,989,6,2547,9,14931,7,17478,California
Tehama,2021-05-31,18,31496,2,10514,15,19992,1,990,5,2540,13,14944,6,17484,California
Tehama,2021-06-01,101,31597,18,10532,65,20057,18,1008,32,2521,69,15013,50,17534,California
Tehama,2021-06-02,88,31685,30,10562,53,20110,5,1013,32,2502,56,15069,37,17571,California
Tehama,2021-06-03,135,31820,102,10664,22,20132,11,1024,29,2436,106,15175,40,17611,California
Tehama,2021-06-04,147,31967,38,10702,95,20227,14,1038,64,2430,82,15257,76,17687,California
Tehama,2021-06-05,159,32126,129,10831,22,20249,8,1046,32,2344,126,15383,40,17727,California
Tehama,2021-06-06,15,32141,7,10838,2,20251,6,1052,2,2339,12,15395,7,17734,California
Tehama,2021-06-07,70,32211,27,10865,41,20292,2,1054,20,2311,50,15445,22,17756,California
Tehama,2021-06-08,103,32314,34,10899,60,20352,9,1063,37,2292,65,15510,46,17802,California
Tehama,2021-06-09,87,32401,43,10942,42,20394,2,1065,43,2293,44,15554,45,17847,California
Tehama,2021-06-10,267,32668,216,11158,41,20435,10,1075,37,2111,229,15783,47,17894,California
Tehama,2021-06-11,149,32817,67,11225,73,20508,9,1084,55,2084,91,15874,64,17958,California
Tehama,2021-06-12,62,32879,39,11264,23,20531,0,1084,24,2070,38,15912,24,17982,California
Tehama,2021-06-13,22,32901,6,11270,10,20541,6,1090,5,2064,17,15929,11,17993,California
Tehama,2021-06-14,93,32994,16,11286,70,20611,7,1097,27,2032,66,15995,34,18027,California
Tehama,2021-06-15,96,33090,42,11328,39,20650,15,1112,37,2026,58,16053,52,18079,California
Tehama,2021-06-16,92,33182,61,11389,28,20678,3,1115,46,2029,46,16099,49,18128,California
Tehama,2021-06-17,152,33334,108,11497,29,20707,15,1130,87,2067,63,16162,101,18229,California
Tehama,2021-06-18,108,33442,42,11539,52,20759,14,1144,36,2045,72,16234,50,18279,California
Tehama,2021-06-19,40,33482,14,11553,21,20780,5,1149,17,2044,23,16257,22,18301,California
Tehama,2021-06-20,16,33498,5,11558,10,20790,1,1150,6,2041,10,16267,7,18308,California
Tehama,2021-06-21,64,33562,19,11577,37,20827,8,1158,23,2031,41,16308,31,18339,California
Tehama,2021-06-22,81,33643,25,11602,42,20869,14,1172,34,2033,46,16354,48,18387,California
Tehama,2021-06-23,95,33738,54,11656,37,20906,4,1176,46,2034,48,16402,49,18436,California
Tehama,2021-06-24,88,33826,42,11698,38,20944,8,1184,48,2050,40,16442,56,18492,California
Tehama,2021-06-25,138,33964,76,11774,55,20999,7,1191,61,2042,76,16518,68,18560,California
Tehama,2021-06-26,46,34010,23,11797,23,21022,0,1191,22,2040,24,16542,22,18582,California
Tehama,2021-06-27,8,34018,4,11801,3,21025,1,1192,5,2043,3,16545,6,18588,California
Tehama,2021-06-28,42,34060,16,11817,21,21046,5,1197,21,2048,21,16566,26,18614,California
Tehama,2021-06-29,64,34124,23,11840,37,21083,4,1201,33,2055,30,16596,37,18651,California
Tehama,2021-06-30,89,34213,67,11907,20,21103,2,1203,47,2062,42,16638,49,18700,California
Tehama,2021-07-01,61,34274,30,11937,28,21131,3,1206,38,2080,23,16661,41,18741,California
Tehama,2021-07-02,89,34363,47,11984,40,21171,2,1208,36,2065,53,16714,38,18779,California
Tehama,2021-07-03,36,34399,17,12001,17,21188,2,1210,13,2057,23,16737,15,18794,California
Tehama,2021-07-04,5,34404,5,12006,0,21188,0,1210,2,2056,3,16740,2,18796,California
Tehama,2021-07-05,29,34433,14,12020,13,21201,2,1212,13,2055,16,16756,15,18811,California
Tehama,2021-07-06,70,34503,33,12053,31,21232,6,1218,35,2061,35,16791,41,18852,California
Tehama,2021-07-07,86,34589,67,12120,17,21249,2,1220,37,2051,49,16840,39,18891,California
Tehama,2021-07-08,118,34707,79,12199,34,21283,5,1225,32,2002,86,16926,37,18928,California
Tehama,2021-07-09,79,34786,51,12250,24,21307,4,1229,34,1995,45,16971,38,18966,California
Tehama,2021-07-10,18,34804,11,12261,7,21314,0,1229,8,1993,10,16981,8,18974,California
Tehama,2021-07-11,9,34813,8,12269,1,21315,0,1229,6,1996,3,16984,6,18980,California
Trinity,2020-12-17,4,4,4,4,0,0,0,0,4,4,0,0,4,4,California
Trinity,2020-12-18,2,6,2,6,0,0,0,0,2,6,0,0,2,6,California
Trinity,2020-12-21,38,44,38,44,0,0,0,0,38,44,0,0,38,44,California
Trinity,2020-12-22,4,48,4,48,0,0,0,0,4,48,0,0,4,48,California
Trinity,2020-12-23,6,54,5,53,1,1,0,0,6,54,0,0,6,54,California
Trinity,2020-12-28,31,85,31,84,0,1,0,0,31,85,0,0,31,85,California
Trinity,2020-12-29,8,93,7,91,1,2,0,0,8,93,0,0,8,93,California
Trinity,2020-12-30,10,103,8,99,2,4,0,0,10,103,0,0,10,103,California
Trinity,2020-12-31,2,105,1,100,1,5,0,0,2,105,0,0,2,105,California
Trinity,2021-01-04,27,132,0,100,27,32,0,0,26,131,0,0,26,131,California
Trinity,2021-01-05,3,135,1,101,2,34,0,0,3,134,0,0,3,134,California
Trinity,2021-01-06,24,159,4,105,20,54,0,0,20,150,4,4,20,154,California
Trinity,2021-01-08,49,208,2,107,47,101,0,0,48,196,2,6,48,202,California
Trinity,2021-01-11,41,249,38,145,3,104,0,0,4,163,37,43,4,206,California
Trinity,2021-01-12,9,258,6,151,3,107,0,0,4,162,5,48,4,210,California
Trinity,2021-01-13,7,265,4,155,3,110,0,0,4,163,3,51,4,214,California
Trinity,2021-01-14,4,269,1,156,3,113,0,0,4,167,0,51,4,218,California
Trinity,2021-01-15,4,273,0,156,4,117,0,0,4,171,0,51,4,222,California
Trinity,2021-01-16,4,277,0,156,4,121,0,0,4,175,0,51,4,226,California
Trinity,2021-01-18,32,309,32,188,0,121,0,0,1,145,31,82,1,227,California
Trinity,2021-01-19,35,344,14,202,21,142,0,0,21,152,14,96,21,248,California
Trinity,2021-01-20,21,365,4,206,17,159,0,0,18,167,3,99,18,266,California
Trinity,2021-01-21,17,382,7,213,10,169,0,0,17,184,0,99,17,283,California
Trinity,2021-01-22,5,387,1,214,4,173,0,0,5,189,0,99,5,288,California
Trinity,2021-01-23,7,394,3,217,4,177,0,0,7,196,0,99,7,295,California
Trinity,2021-01-25,14,408,1,218,13,190,0,0,13,208,1,100,13,308,California
Trinity,2021-01-26,12,420,1,219,11,201,0,0,11,218,1,101,11,319,California
Trinity,2021-01-27,12,432,0,219,12,213,0,0,12,230,0,101,12,331,California
Trinity,2021-01-28,12,444,2,221,10,223,0,0,9,236,3,104,9,340,California
Trinity,2021-01-29,2,446,0,221,2,225,0,0,1,236,1,105,1,341,California
Trinity,2021-01-30,12,458,11,232,1,226,0,0,12,248,0,105,12,353,California
Trinity,2021-02-01,2,460,1,233,1,227,0,0,1,248,1,106,1,354,California
Trinity,2021-02-02,15,475,3,236,12,239,0,0,14,261,1,107,14,368,California
Trinity,2021-02-03,7,482,1,237,6,245,0,0,4,262,3,110,4,372,California
Trinity,2021-02-04,42,524,32,269,10,255,0,0,35,290,7,117,35,407,California
Trinity,2021-02-05,354,878,0,269,354,609,0,0,323,582,31,148,323,730,California
Trinity,2021-02-06,208,1086,5,274,203,812,0,0,201,776,7,155,201,931,California
Trinity,2021-02-07,1,1087,0,274,1,813,0,0,1,777,0,155,1,932,California
Trinity,2021-02-08,28,1115,1,275,27,840,0,0,16,781,12,167,16,948,California
Trinity,2021-02-09,27,1142,2,277,25,865,0,0,11,776,16,183,11,959,California
Trinity,2021-02-10,121,1263,10,287,111,976,0,0,101,857,20,203,101,1060,California
Trinity,2021-02-11,337,1600,2,289,335,1311,0,0,330,1180,7,210,330,1390,California
Trinity,2021-02-12,18,1618,10,299,8,1319,0,0,14,1190,4,214,14,1404,California
Trinity,2021-02-13,13,1631,6,305,7,1326,0,0,6,1189,7,221,6,1410,California
Trinity,2021-02-14,2,1633,2,307,0,1326,0,0,2,1191,0,221,2,1412,California
Trinity,2021-02-15,46,1679,0,307,46,1372,0,0,46,1237,0,221,46,1458,California
Trinity,2021-02-16,5,1684,1,308,4,1376,0,0,3,1238,2,223,3,1461,California
Trinity,2021-02-17,94,1778,2,310,92,1468,0,0,84,1312,10,233,84,1545,California
Trinity,2021-02-18,4,1782,0,310,4,1472,0,0,1,1310,3,236,1,1546,California
Trinity,2021-02-19,306,2088,1,311,305,1777,0,0,293,1590,13,249,293,1839,California
Trinity,2021-02-20,142,2230,14,325,128,1905,0,0,114,1676,28,277,114,1953,California
Trinity,2021-02-21,1,2231,1,326,0,1905,0,0,1,1677,0,277,1,1954,California
Trinity,2021-02-22,8,2239,0,326,8,1913,0,0,5,1679,3,280,5,1959,California
Trinity,2021-02-23,12,2251,3,329,9,1922,0,0,5,1677,7,287,5,1964,California
Trinity,2021-02-24,30,2281,8,337,22,1944,0,0,7,1661,23,310,7,1971,California
Trinity,2021-02-25,36,2317,23,360,13,1957,0,0,5,1635,31,341,5,1976,California
Trinity,2021-02-26,12,2329,2,362,10,1967,0,0,6,1635,6,347,6,1982,California
Trinity,2021-02-27,12,2341,10,372,2,1969,0,0,6,1635,6,353,6,1988,California
Trinity,2021-03-01,10,2351,0,372,10,1979,0,0,5,1635,5,358,5,1993,California
Trinity,2021-03-02,9,2360,3,375,6,1985,0,0,2,1630,7,365,2,1995,California
Trinity,2021-03-03,4,2364,0,375,4,1989,0,0,3,1632,1,366,3,1998,California
Trinity,2021-03-04,24,2388,19,394,5,1994,0,0,10,1628,14,380,10,2008,California
Trinity,2021-03-05,391,2779,1,395,390,2384,0,0,120,1481,267,647,120,2128,California
Trinity,2021-03-06,200,2979,7,402,193,2577,0,0,26,1333,174,821,26,2154,California
Trinity,2021-03-07,5,2984,3,405,1,2578,1,1,3,1335,2,823,4,2158,California
Trinity,2021-03-08,5,2989,1,406,3,2581,1,2,2,1335,3,826,3,2161,California
Trinity,2021-03-09,94,3083,0,406,92,2673,2,4,88,1419,6,832,90,2251,California
Trinity,2021-03-10,125,3208,3,409,119,2792,3,7,38,1373,87,919,41,2292,California
Trinity,2021-03-11,15,3223,3,412,10,2802,2,9,4,1368,11,930,6,2298,California
Trinity,2021-03-12,398,3621,5,417,387,3189,6,15,98,1172,300,1230,104,2402,California
Trinity,2021-03-13,14,3635,8,425,4,3193,2,17,8,1176,6,1236,10,2412,California
Trinity,2021-03-14,4,3639,1,426,3,3196,0,17,3,1178,1,1237,3,2415,California
Trinity,2021-03-15,66,3705,0,426,65,3261,1,18,14,1141,52,1289,15,2430,California
Trinity,2021-03-16,116,3821,7,433,109,3370,0,18,103,1231,13,1302,103,2533,California
Trinity,2021-03-17,100,3921,3,436,97,3467,0,18,26,1183,74,1376,26,2559,California
Trinity,2021-03-18,11,3932,2,438,6,3473,3,21,5,1185,6,1382,8,2567,California
Trinity,2021-03-19,459,4391,4,442,345,3818,110,131,33,902,426,1808,143,2710,California
Trinity,2021-03-20,106,4497,7,449,99,3917,0,131,68,933,37,1845,68,2778,California
Trinity,2021-03-21,5,4502,0,449,3,3920,2,133,3,936,2,1847,5,2783,California
Trinity,2021-03-22,2,4504,0,449,2,3922,0,133,2,938,0,1847,2,2785,California
Trinity,2021-03-23,96,4600,2,451,93,4015,1,134,77,997,19,1866,78,2863,California
Trinity,2021-03-24,12,4612,1,452,11,4026,0,134,9,1003,3,1869,9,2872,California
Trinity,2021-03-25,111,4723,8,460,97,4123,6,140,85,1068,26,1895,91,2963,California
Trinity,2021-03-26,83,4806,8,468,75,4198,0,140,76,1137,7,1902,76,3039,California
Trinity,2021-03-27,20,4826,4,472,7,4205,9,149,9,1144,11,1913,18,3057,California
Trinity,2021-03-28,5,4831,3,475,2,4207,0,149,1,1141,4,1917,1,3058,California
Trinity,2021-03-29,6,4837,1,476,5,4212,0,149,2,1139,4,1921,2,3060,California
Trinity,2021-03-30,78,4915,6,482,72,4284,0,149,68,1197,10,1931,68,3128,California
Trinity,2021-03-31,56,4971,5,487,19,4303,32,181,21,1214,35,1966,52,3180,California
Trinity,2021-04-01,41,5012,10,497,20,4323,11,192,22,1228,19,1985,33,3213,California
Trinity,2021-04-02,252,5264,6,503,172,4495,74,266,80,1211,171,2156,154,3367,California
Trinity,2021-04-03,18,5282,13,516,5,4500,0,266,8,1209,10,2166,8,3375,California
Trinity,2021-04-04,10,5292,8,524,2,4502,0,266,8,1215,2,2168,8,3383,California
Trinity,2021-04-05,58,5350,6,530,51,4553,1,267,54,1266,4,2172,55,3438,California
Trinity,2021-04-06,118,5468,15,545,100,4653,3,270,29,1209,89,2261,32,3470,California
Trinity,2021-04-07,27,5495,12,557,10,4663,5,275,19,1225,8,2269,24,3494,California
Trinity,2021-04-08,89,5584,10,567,77,4740,2,277,52,1242,37,2306,54,3548,California
Trinity,2021-04-09,171,5755,21,588,146,4886,4,281,93,1261,78,2384,97,3645,California
Trinity,2021-04-10,11,5766,7,595,4,4890,0,281,10,1270,1,2385,10,3655,California
Trinity,2021-04-11,10,5776,5,600,3,4893,2,283,4,1270,6,2391,6,3661,California
Trinity,2021-04-12,77,5853,5,605,71,4964,1,284,64,1322,12,2403,64,3725,California
Trinity,2021-04-13,104,5957,5,610,99,5063,0,284,11,1240,93,2496,11,3736,California
Trinity,2021-04-14,10,5967,5,615,5,5068,0,284,6,1242,4,2500,6,3742,California
Trinity,2021-04-15,45,6012,10,625,35,5103,0,284,15,1228,29,2529,15,3757,California
Trinity,2021-04-16,154,6166,13,638,141,5244,0,284,80,1236,72,2601,80,3837,California
Trinity,2021-04-17,11,6177,5,643,6,5250,0,284,9,1243,2,2603,9,3846,California
Trinity,2021-04-18,3,6180,1,644,2,5252,0,284,0,1240,3,2606,0,3846,California
Trinity,2021-04-19,67,6247,2,646,65,5317,0,284,66,1305,1,2607,66,3912,California
Trinity,2021-04-20,94,6341,8,654,86,5403,0,284,21,1253,73,2680,21,3933,California
Trinity,2021-04-21,22,6363,9,663,13,5416,0,284,9,1249,13,2693,9,3942,California
Trinity,2021-04-22,92,6455,5,668,87,5503,0,284,14,1185,78,2771,14,3956,California
Trinity,2021-04-23,177,6632,6,674,171,5674,0,284,109,1226,68,2839,109,4065,California
Trinity,2021-04-24,25,6657,14,688,11,5685,0,284,6,1213,19,2858,6,4071,California
Trinity,2021-04-25,10,6667,9,697,1,5686,0,284,3,1210,6,2864,3,4074,California
Trinity,2021-04-26,48,6715,9,706,39,5725,0,284,40,1242,8,2872,40,4114,California
Trinity,2021-04-27,88,6803,11,717,77,5802,0,284,23,1200,65,2937,23,4137,California
Trinity,2021-04-28,32,6835,11,728,21,5823,0,284,12,1192,20,2957,12,4149,California
Trinity,2021-04-29,35,6870,13,741,22,5845,0,284,12,1181,23,2980,12,4161,California
Trinity,2021-04-30,28,6898,22,763,6,5851,0,284,8,1170,19,2999,8,4169,California
Trinity,2021-05-01,15,6913,8,771,2,5853,5,289,5,1170,10,3009,10,4179,California
Trinity,2021-05-02,8,6921,5,776,1,5854,2,291,2,1168,6,3015,4,4183,California
Trinity,2021-05-03,58,6979,13,789,44,5898,1,292,9,1130,48,3063,10,4193,California
Trinity,2021-05-04,24,7003,11,800,12,5910,1,293,8,1123,16,3079,9,4202,California
Trinity,2021-05-05,11,7014,7,807,4,5914,0,293,4,1120,7,3086,4,4206,California
Trinity,2021-05-06,73,7087,10,817,61,5975,2,295,16,1081,57,3143,18,4224,California
Trinity,2021-05-07,179,7266,12,829,133,6108,34,329,14,964,165,3308,48,4272,California
Trinity,2021-05-08,6,7272,2,831,4,6112,0,329,2,962,4,3312,2,4274,California
Trinity,2021-05-09,11,7283,8,839,3,6115,0,329,7,965,4,3316,7,4281,California
Trinity,2021-05-10,15,7298,5,844,9,6124,1,330,8,967,7,3323,9,4290,California
Trinity,2021-05-11,8,7306,4,848,4,6128,0,330,6,971,2,3325,6,4296,California
Trinity,2021-05-12,19,7325,16,864,2,6130,1,331,14,981,5,3330,15,4311,California
Trinity,2021-05-13,15,7340,10,874,4,6134,1,332,9,985,6,3336,10,4321,California
Trinity,2021-05-14,141,7481,19,893,94,6228,28,360,39,950,102,3438,67,4388,California
Trinity,2021-05-15,16,7497,11,904,4,6232,1,361,8,952,7,3445,9,4397,California
Trinity,2021-05-16,8,7505,6,910,2,6234,0,361,6,956,2,3447,6,4403,California
Trinity,2021-05-17,108,7613,20,930,86,6320,2,363,42,934,66,3513,44,4447,California
Trinity,2021-05-18,37,7650,7,937,29,6349,1,364,11,920,26,3539,12,4459,California
Trinity,2021-05-19,146,7796,17,954,100,6449,29,393,29,862,116,3655,58,4517,California
Trinity,2021-05-20,28,7824,21,975,4,6453,3,396,17,871,11,3666,20,4537,California
Trinity,2021-05-21,20,7844,12,987,8,6461,0,396,12,875,8,3674,12,4549,California
Trinity,2021-05-22,17,7861,14,1001,3,6464,0,396,13,884,4,3678,13,4562,California
Trinity,2021-05-23,6,7867,4,1005,2,6466,0,396,2,882,4,3682,2,4564,California
Trinity,2021-05-24,109,7976,12,1017,96,6562,1,397,8,791,100,3782,9,4573,California
Trinity,2021-05-25,39,8015,14,1031,25,6587,0,397,17,786,22,3804,17,4590,California
Trinity,2021-05-26,12,8027,6,1037,6,6593,0,397,4,782,8,3812,4,4594,California
Trinity,2021-05-27,31,8058,14,1051,12,6605,5,402,8,772,23,3835,13,4607,California
Trinity,2021-05-28,15,8073,10,1061,4,6609,1,403,8,774,7,3842,9,4616,California
Trinity,2021-05-29,10,8083,7,1068,2,6611,1,404,7,779,3,3845,8,4624,California
Trinity,2021-05-30,6,8089,5,1073,1,6612,0,404,0,773,6,3851,0,4624,California
Trinity,2021-05-31,4,8093,3,1076,1,6613,0,404,2,773,2,3853,2,4626,California
Trinity,2021-06-01,14,8107,7,1083,5,6618,2,406,3,768,10,3863,5,4631,California
Trinity,2021-06-02,24,8131,19,1102,3,6621,2,408,9,764,15,3878,11,4642,California
Trinity,2021-06-03,39,8170,13,1115,26,6647,0,408,13,751,26,3904,13,4655,California
Trinity,2021-06-04,45,8215,21,1136,16,6663,8,416,12,738,33,3937,20,4675,California
Trinity,2021-06-05,19,8234,18,1154,1,6664,0,416,13,745,6,3943,13,4688,California
Trinity,2021-06-06,9,8243,6,1160,2,6666,1,417,2,741,7,3950,3,4691,California
Trinity,2021-06-07,28,8271,19,1179,8,6674,1,418,12,738,16,3966,13,4704,California
Trinity,2021-06-08,15,8286,13,1192,1,6675,1,419,4,732,11,3977,5,4709,California
Trinity,2021-06-09,24,8310,14,1206,1,6676,9,428,5,727,19,3996,14,4723,California
Trinity,2021-06-10,20,8330,18,1224,2,6678,0,428,5,717,15,4011,5,4728,California
Trinity,2021-06-11,45,8375,10,1234,33,6711,2,430,14,702,31,4042,16,4744,California
Trinity,2021-06-12,10,8385,10,1244,0,6711,0,430,3,698,7,4049,3,4747,California
Trinity,2021-06-13,4,8389,4,1248,0,6711,0,430,1,696,3,4052,1,4748,California
Trinity,2021-06-14,43,8432,16,1264,27,6738,0,430,11,675,32,4084,11,4759,California
Trinity,2021-06-15,45,8477,21,1285,3,6741,21,451,9,668,36,4120,29,4788,California
Trinity,2021-06-16,10,8487,6,1291,4,6745,0,451,3,664,7,4127,3,4791,California
Trinity,2021-06-17,15,8502,12,1303,1,6746,2,453,6,664,8,4135,8,4799,California
Trinity,2021-06-18,18,8520,10,1313,6,6752,2,455,6,660,12,4147,8,4807,California
Trinity,2021-06-19,9,8529,9,1322,0,6752,0,455,1,653,8,4155,1,4808,California
Trinity,2021-06-20,3,8532,3,1325,0,6752,0,455,3,656,0,4155,3,4811,California
Trinity,2021-06-21,8,8540,6,1331,0,6752,2,457,5,660,3,4158,7,4818,California
Trinity,2021-06-22,32,8572,9,1340,13,6765,10,467,14,666,18,4176,24,4842,California
Trinity,2021-06-23,15,8587,8,1348,1,6766,6,473,2,661,13,4189,8,4850,California
Trinity,2021-06-24,24,8611,14,1362,4,6770,6,479,15,673,9,4198,21,4871,California
Trinity,2021-06-25,10,8621,10,1372,0,6770,0,479,6,675,4,4202,6,4877,California
Trinity,2021-06-26,18,8639,18,1390,0,6770,0,479,8,673,10,4212,8,4885,California
Trinity,2021-06-27,4,8643,4,1394,0,6770,0,479,0,669,4,4216,0,4885,California
Trinity,2021-06-28,11,8654,9,1403,1,6771,1,480,4,667,7,4223,5,4890,California
Trinity,2021-06-29,11,8665,5,1408,3,6774,3,483,5,669,6,4229,8,4898,California
Trinity,2021-06-30,14,8679,10,1418,1,6775,3,486,6,670,8,4237,9,4907,California
Trinity,2021-07-01,30,8709,11,1429,12,6787,7,493,10,667,20,4257,17,4924,California
Trinity,2021-07-02,24,8733,6,1435,6,6793,12,505,6,667,18,4275,18,4942,California
Trinity,2021-07-03,4,8737,1,1436,0,6793,3,508,0,666,4,4279,3,4945,California
Trinity,2021-07-04,2,8739,1,1437,1,6794,0,508,1,666,1,4280,1,4946,California
Trinity,2021-07-05,13,8752,12,1449,1,6795,0,508,6,665,7,4287,6,4952,California
Trinity,2021-07-06,12,8764,10,1459,2,6797,0,508,6,665,6,4293,6,4958,California
Trinity,2021-07-07,12,8776,9,1468,1,6798,2,510,6,667,6,4299,8,4966,California
Trinity,2021-07-08,16,8792,7,1475,2,6800,7,517,3,663,13,4312,9,4975,California
Trinity,2021-07-09,21,8813,8,1483,12,6812,1,518,6,655,15,4327,7,4982,California
Trinity,2021-07-10,5,8818,5,1488,0,6812,0,518,4,658,1,4328,4,4986,California
Trinity,2021-07-11,6,8824,4,1492,0,6812,2,520,4,662,2,4330,6,4992,California
Tulare,2020-12-15,1,1,1,1,0,0,0,0,1,1,0,0,1,1,California
Tulare,2020-12-16,4,5,4,5,0,0,0,0,4,5,0,0,4,5,California
Tulare,2020-12-17,110,115,110,115,0,0,0,0,110,115,0,0,110,115,California
Tulare,2020-12-18,290,405,289,404,1,1,0,0,290,405,0,0,290,405,California
Tulare,2020-12-19,326,731,326,730,0,1,0,0,326,731,0,0,326,731,California
Tulare,2020-12-20,165,896,165,895,0,1,0,0,165,896,0,0,165,896,California
Tulare,2020-12-21,426,1322,426,1321,0,1,0,0,446,1342,0,0,446,1342,California
Tulare,2020-12-22,472,1794,470,1791,2,3,0,0,471,1813,0,0,471,1813,California
Tulare,2020-12-23,327,2121,318,2109,9,12,0,0,325,2138,0,0,325,2138,California
Tulare,2020-12-24,18,2139,16,2125,2,14,0,0,18,2156,0,0,18,2156,California
Tulare,2020-12-26,8,2147,7,2132,1,15,0,0,8,2164,0,0,8,2164,California
Tulare,2020-12-27,16,2163,12,2144,4,19,0,0,16,2180,0,0,16,2180,California
Tulare,2020-12-28,480,2643,467,2611,13,32,0,0,479,2659,0,0,479,2659,California
Tulare,2020-12-29,550,3193,480,3091,70,102,0,0,550,3209,0,0,550,3209,California
Tulare,2020-12-30,469,3662,425,3516,44,146,0,0,469,3678,0,0,469,3678,California
Tulare,2020-12-31,100,3762,22,3538,78,224,0,0,100,3778,0,0,100,3778,California
Tulare,2021-01-01,3,3765,1,3539,2,226,0,0,3,3781,0,0,3,3781,California
Tulare,2021-01-02,32,3797,19,3558,13,239,0,0,32,3813,0,0,32,3813,California
Tulare,2021-01-03,23,3820,9,3567,14,253,0,0,23,3836,0,0,23,3836,California
Tulare,2021-01-04,93,3913,16,3583,77,330,0,0,93,3929,0,0,93,3929,California
Tulare,2021-01-05,465,4378,279,3862,186,516,0,0,463,4390,2,2,463,4392,California
Tulare,2021-01-06,863,5241,633,4495,230,746,0,0,853,5233,10,12,853,5245,California
Tulare,2021-01-07,782,6023,585,5080,197,943,0,0,674,5799,108,120,674,5919,California
Tulare,2021-01-08,1278,7301,572,5652,706,1649,0,0,941,6404,336,456,941,6860,California
Tulare,2021-01-09,805,8106,204,5856,601,2250,0,0,617,6833,188,644,617,7477,California
Tulare,2021-01-10,51,8157,43,5899,8,2258,0,0,13,6808,38,682,13,7490,California
Tulare,2021-01-11,1276,9433,773,6672,503,2761,0,0,835,7202,441,1123,835,8325,California
Tulare,2021-01-12,1451,10884,506,7178,945,3706,0,0,1038,7830,412,1535,1040,9365,California
Tulare,2021-01-13,411,11295,179,7357,232,3938,0,0,336,8091,75,1610,336,9701,California
Tulare,2021-01-14,496,11791,146,7503,350,4288,0,0,470,8546,15,1625,470,10171,California
Tulare,2021-01-15,1650,13441,156,7659,1494,5782,0,0,1641,10178,9,1634,1641,11812,California
Tulare,2021-01-16,1928,15369,115,7774,1813,7595,0,0,1914,12078,14,1648,1914,13726,California
Tulare,2021-01-17,142,15511,122,7896,20,7615,0,0,132,12200,10,1658,132,13858,California
Tulare,2021-01-18,693,16204,657,8553,36,7651,0,0,295,12097,398,2056,295,14153,California
Tulare,2021-01-19,1020,17224,691,9244,329,7980,0,0,592,12261,428,2484,592,14745,California
Tulare,2021-01-20,2479,19703,667,9911,1812,9792,0,0,2042,13912,392,2876,2043,16788,California
Tulare,2021-01-21,1620,21323,227,10138,1393,11185,0,0,1592,15482,22,2898,1592,18380,California
Tulare,2021-01-22,1092,22415,212,10350,880,12065,0,0,1062,16515,29,2927,1062,19442,California
Tulare,2021-01-23,439,22854,156,10506,283,12348,0,0,418,16912,21,2948,418,19860,California
Tulare,2021-01-24,31,22885,28,10534,3,12351,0,0,29,16939,2,2950,29,19889,California
Tulare,2021-01-25,1351,24236,987,11521,364,12715,0,0,1298,18184,53,3003,1298,21187,California
Tulare,2021-01-26,1508,25744,1102,12623,406,13121,0,0,1168,19013,339,3342,1168,22355,California
Tulare,2021-01-27,1504,27248,1071,13694,433,13554,0,0,922,19354,581,3923,922,23277,California
Tulare,2021-01-28,1221,28469,779,14473,442,13996,0,0,820,19773,401,4324,820,24097,California
Tulare,2021-01-29,1128,29597,715,15188,413,14409,0,0,819,20283,309,4633,819,24916,California
Tulare,2021-01-30,1667,31264,1573,16761,94,14503,0,0,1642,21901,25,4658,1643,26559,California
Tulare,2021-01-31,65,31329,61,16822,4,14507,0,0,61,21958,4,4662,61,26620,California
Tulare,2021-02-01,1167,32496,893,17715,274,14781,0,0,805,22402,361,5023,805,27425,California
Tulare,2021-02-02,693,33189,338,18053,355,15136,0,0,438,22588,253,5276,439,27864,California
Tulare,2021-02-03,567,33756,233,18286,334,15470,0,0,327,22715,200,5476,327,28191,California
Tulare,2021-02-04,577,34333,176,18462,401,15871,0,0,282,22704,294,5770,283,28474,California
Tulare,2021-02-05,1246,35579,240,18702,1006,16877,0,0,407,22274,837,6607,407,28881,California
Tulare,2021-02-06,836,36415,156,18858,680,17557,0,0,208,21856,626,7233,208,29089,California
Tulare,2021-02-07,85,36500,72,18930,13,17570,0,0,24,21819,61,7294,24,29113,California
Tulare,2021-02-08,946,37446,329,19259,617,18187,0,0,239,21354,704,7998,239,29352,California
Tulare,2021-02-09,1414,38860,335,19594,1079,19266,0,0,340,20625,1069,9067,340,29692,California
Tulare,2021-02-10,2485,41345,1990,21584,495,19761,0,0,2073,22289,409,9476,2073,31765,California
Tulare,2021-02-11,1348,42693,378,21962,970,20731,0,0,879,22699,469,9945,879,32644,California
Tulare,2021-02-12,2789,45482,573,22535,2216,22947,0,0,1160,22239,1620,11565,1160,33804,California
Tulare,2021-02-13,2478,47960,158,22693,2320,25267,0,0,640,21045,1834,13399,640,34444,California
Tulare,2021-02-14,338,48298,39,22732,299,25566,0,0,301,21309,37,13436,301,34745,California
Tulare,2021-02-15,923,49221,295,23027,628,26194,0,0,663,21713,259,13695,663,35408,California
Tulare,2021-02-16,2853,52074,1596,24623,1257,27451,0,0,1085,21034,1765,15460,1086,36494,California
Tulare,2021-02-17,2705,54779,517,25140,2188,29639,0,0,451,19236,2249,17709,451,36945,California
Tulare,2021-02-18,2361,57140,457,25597,1904,31543,0,0,645,18173,1708,19417,645,37590,California
Tulare,2021-02-19,2352,59492,880,26477,1472,33015,0,0,969,17764,1378,20795,969,38559,California
Tulare,2021-02-20,3000,62492,1882,28359,1118,34133,0,0,1266,17304,1726,22521,1266,39825,California
Tulare,2021-02-21,101,62593,95,28454,6,34139,0,0,50,17306,48,22569,50,39875,California
Tulare,2021-02-22,1144,63737,724,29178,420,34559,0,0,212,16588,930,23499,212,40087,California
Tulare,2021-02-23,2030,65767,982,30160,1048,35607,0,0,1483,17527,544,24043,1483,41570,California
Tulare,2021-02-24,2526,68293,1572,31732,954,36561,0,0,2128,19260,396,24439,2129,43699,California
Tulare,2021-02-25,3592,71885,2028,33760,1564,38125,0,0,3153,21981,434,24873,3155,46854,California
Tulare,2021-02-26,3914,75799,1904,35664,2010,40135,0,0,3433,24935,479,25352,3433,50287,California
Tulare,2021-02-27,3058,78857,1512,37176,1546,41681,0,0,2924,27737,122,25474,2924,53211,California
Tulare,2021-02-28,1314,80171,1039,38215,275,41956,0,0,1292,29012,17,25491,1292,54503,California
Tulare,2021-03-01,1800,81971,813,39028,986,42942,1,1,1606,30428,191,25682,1607,56110,California
Tulare,2021-03-02,2824,84795,1271,40299,1553,44495,0,1,2639,32886,182,25864,2640,58750,California
Tulare,2021-03-03,4090,88885,2734,43033,1355,45850,1,2,2132,33068,1953,27817,2135,60885,California
Tulare,2021-03-04,2995,91880,1353,44386,1642,47492,0,2,2644,35370,342,28159,2644,63529,California
Tulare,2021-03-05,3504,95384,1758,46144,1731,49223,15,17,2983,37853,518,28677,3001,66530,California
Tulare,2021-03-06,3100,98484,1446,47590,1594,50817,60,77,2843,40500,254,28931,2901,69431,California
Tulare,2021-03-07,1163,99647,713,48303,418,51235,32,109,1108,41586,54,28985,1140,70571,California
Tulare,2021-03-08,1740,101387,1009,49312,561,51796,170,279,1406,42833,328,29313,1575,72146,California
Tulare,2021-03-09,3268,104655,2246,51558,874,52670,148,427,2854,45420,413,29726,3000,75146,California
Tulare,2021-03-10,2985,107640,1404,52962,1405,54075,176,603,2577,47775,397,30123,2752,77898,California
Tulare,2021-03-11,4249,111889,2001,54963,1944,56019,304,907,3296,50423,953,31076,3601,81499,California
Tulare,2021-03-12,4422,116311,2434,57397,1634,57653,354,1261,3128,52619,1284,32360,3480,84979,California
Tulare,2021-03-13,4152,120463,1943,59340,2105,59758,104,1365,3195,54969,949,33309,3299,88278,California
Tulare,2021-03-14,1859,122322,988,60328,651,60409,220,1585,1334,55996,524,33833,1551,89829,California
Tulare,2021-03-15,2756,125078,1631,61959,1010,61419,115,1700,1972,57307,779,34612,2090,91919,California
Tulare,2021-03-16,3443,128521,2122,64081,1244,62663,77,1777,1878,57705,1560,36172,1958,93877,California
Tulare,2021-03-17,4089,132610,2668,66749,1345,64008,76,1853,2320,58348,1760,37932,2403,96280,California
Tulare,2021-03-18,4678,137288,3414,70163,1192,65200,72,1925,2445,58649,2221,40153,2522,98802,California
Tulare,2021-03-19,5144,142432,3376,73539,1550,66750,218,2143,2716,59178,2407,42560,2936,101738,California
Tulare,2021-03-20,4490,146922,2796,76335,1323,68073,371,2514,2048,59168,2432,44992,2422,104160,California
Tulare,2021-03-21,2011,148933,1723,78058,262,68335,26,2540,1064,59314,943,45935,1089,105249,California
Tulare,2021-03-22,2584,151517,1796,79854,676,69011,112,2652,1697,60245,881,46816,1812,107061,California
Tulare,2021-03-23,3800,155317,2200,82054,1548,70559,52,2704,2079,60671,1711,48527,2137,109198,California
Tulare,2021-03-24,3209,158526,1991,84045,1177,71736,41,2745,1716,60947,1482,50009,1758,110956,California
Tulare,2021-03-25,3484,162010,1812,85857,1498,73234,174,2919,1662,60971,1814,51823,1838,112794,California
Tulare,2021-03-26,5263,167273,3133,88990,2017,75251,113,3032,2518,60876,2726,54549,2631,115425,California
Tulare,2021-03-27,3542,170815,1815,90805,1630,76881,97,3129,954,59346,2580,57129,1050,116475,California
Tulare,2021-03-28,1478,172293,1072,91877,375,77256,31,3160,670,59251,806,57935,711,117186,California
Tulare,2021-03-29,2893,175186,1674,93551,1112,78368,107,3267,1226,58924,1662,59597,1335,118521,California
Tulare,2021-03-30,4931,180117,2792,96343,1903,80271,236,3503,1499,57231,3420,63017,1727,120248,California
Tulare,2021-03-31,3977,184094,2343,98686,1518,81789,116,3619,1550,56480,2418,65435,1667,121915,California
Tulare,2021-04-01,4541,188635,2460,101146,2013,83802,68,3687,1559,55137,2971,68406,1628,123543,California
Tulare,2021-04-02,5369,194004,3061,104207,2182,85984,126,3813,1552,53015,3800,72206,1678,125221,California
Tulare,2021-04-03,3641,197645,2099,106306,1167,87151,375,4188,834,51453,2769,74975,1207,126428,California
Tulare,2021-04-04,1633,199278,1145,107451,481,87632,7,4195,355,50541,1274,76249,362,126790,California
Tulare,2021-04-05,3354,202632,2341,109792,746,88378,267,4462,850,49168,2491,78740,1118,127908,California
Tulare,2021-04-06,3442,206074,1472,111264,1473,89851,497,4959,894,48022,2539,81279,1393,129301,California
Tulare,2021-04-07,3941,210015,1841,113105,1658,91509,442,5401,1177,46877,2753,84032,1608,130909,California
Tulare,2021-04-08,4812,214827,2624,115729,1728,93237,460,5861,1538,45612,3260,87292,1995,132904,California
Tulare,2021-04-09,4851,219678,2998,118727,1417,94654,436,6297,1822,44850,3021,90313,2259,135163,California
Tulare,2021-04-10,3839,223517,2068,120795,1451,96105,320,6617,930,43196,2900,93213,1246,136409,California
Tulare,2021-04-11,1587,225104,1048,121843,464,96569,75,6692,488,42663,1096,94309,563,136972,California
Tulare,2021-04-12,3425,228529,2137,123980,693,97262,595,7287,1071,41987,2343,96652,1667,138639,California
Tulare,2021-04-13,2416,230945,1598,125578,809,98071,9,7296,901,41400,1499,98151,912,139551,California
Tulare,2021-04-14,2882,233827,1704,127282,1178,99249,0,7296,912,40347,1965,100116,912,140463,California
Tulare,2021-04-15,3325,237152,2170,129452,1155,100404,0,7296,1472,39980,1839,101955,1472,141935,California
Tulare,2021-04-16,3725,240877,2250,131702,1475,101879,0,7296,1493,39255,2218,104173,1493,143428,California
Tulare,2021-04-17,2257,243134,1329,133031,928,102807,0,7296,1197,39400,1053,105226,1198,144626,California
Tulare,2021-04-18,1573,244707,1237,134268,336,103143,0,7296,827,39482,745,105971,827,145453,California
Tulare,2021-04-19,2190,246897,1272,135540,917,104060,1,7297,897,39092,1288,107259,898,146351,California
Tulare,2021-04-20,2423,249320,1391,136931,1032,105092,0,7297,1006,38698,1400,108659,1006,147357,California
Tulare,2021-04-21,2326,251646,1441,138372,885,105977,0,7297,842,38099,1442,110101,843,148200,California
Tulare,2021-04-22,2173,253819,1235,139607,938,106915,0,7297,742,37429,1412,111513,742,148942,California
Tulare,2021-04-23,2644,256463,1630,141237,1013,107928,1,7298,1030,36859,1601,113114,1031,149973,California
Tulare,2021-04-24,1646,258109,1057,142294,587,108515,2,7300,852,36924,789,113903,854,150827,California
Tulare,2021-04-25,698,258807,525,142819,173,108688,0,7300,267,36761,430,114333,267,151094,California
Tulare,2021-04-26,1557,260364,947,143766,591,109279,19,7319,655,36538,895,115228,672,151766,California
Tulare,2021-04-27,1702,262066,707,144473,957,110236,38,7357,730,36338,967,116195,767,152533,California
Tulare,2021-04-28,1751,263817,1006,145479,703,110939,42,7399,698,36029,1048,117243,739,153272,California
Tulare,2021-04-29,2044,265861,1230,146709,776,111715,38,7437,796,35626,1235,118478,832,154104,California
Tulare,2021-04-30,2468,268329,1802,148511,616,112331,50,7487,912,35040,1547,120025,961,155065,California
Tulare,2021-05-01,1418,269747,1215,149726,191,112522,12,7499,731,35106,677,120702,743,155808,California
Tulare,2021-05-02,586,270333,499,150225,71,112593,16,7515,187,34913,396,121098,203,156011,California
Tulare,2021-05-03,1621,271954,1095,151320,401,112994,125,7640,348,34119,1267,122365,473,156484,California
Tulare,2021-05-04,1576,273530,846,152166,660,113654,70,7710,630,33880,937,123302,698,157182,California
Tulare,2021-05-05,1318,274848,655,152821,574,114228,89,7799,451,33564,856,124158,540,157722,California
Tulare,2021-05-06,1995,276843,1350,154171,597,114825,48,7847,604,32834,1382,125540,652,158374,California
Tulare,2021-05-07,1858,278701,1264,155435,525,115350,69,7916,524,32100,1325,126865,591,158965,California
Tulare,2021-05-08,1244,279945,817,156252,401,115751,26,7942,533,31957,702,127567,559,159524,California
Tulare,2021-05-09,596,280541,471,156723,104,115855,21,7963,115,31618,476,128043,137,159661,California
Tulare,2021-05-10,1024,281565,590,157313,368,116223,66,8029,307,31278,713,128756,373,160034,California
Tulare,2021-05-11,1321,282886,702,158015,540,116763,79,8108,548,31140,765,129521,627,160661,California
Tulare,2021-05-12,1608,284494,1042,159057,508,117271,58,8166,434,30474,1157,130678,491,161152,California
Tulare,2021-05-13,1586,286080,1019,160076,529,117800,38,8204,723,30376,858,131536,760,161912,California
Tulare,2021-05-14,1978,288058,1286,161362,630,118430,62,8266,897,30266,1069,132605,959,162871,California
Tulare,2021-05-15,1570,289628,884,162246,639,119069,47,8313,663,30070,900,133505,704,163575,California
Tulare,2021-05-16,697,290325,558,162804,127,119196,12,8325,324,30035,371,133876,336,163911,California
Tulare,2021-05-17,1570,291895,984,163788,512,119708,74,8399,746,30040,815,134691,820,164731,California
Tulare,2021-05-18,1584,293479,859,164647,673,120381,52,8451,785,30081,794,135485,835,165566,California
Tulare,2021-05-19,1483,294962,955,165602,494,120875,34,8485,759,30158,716,136201,793,166359,California
Tulare,2021-05-20,1591,296553,1074,166676,430,121305,87,8572,761,30180,826,137027,848,167207,California
Tulare,2021-05-21,1955,298508,1427,168103,486,121791,42,8614,1063,30401,884,137911,1105,168312,California
Tulare,2021-05-22,1619,300127,1154,169257,442,122233,23,8637,614,30042,997,138908,638,168950,California
Tulare,2021-05-23,412,300539,327,169584,75,122308,10,8647,209,30059,202,139110,219,169169,California
Tulare,2021-05-24,939,301478,579,170163,300,122608,60,8707,420,30022,517,139627,480,169649,California
Tulare,2021-05-25,1186,302664,702,170865,452,123060,32,8739,505,29884,675,140302,537,170186,California
Tulare,2021-05-26,884,303548,487,171352,355,123415,42,8781,394,29833,486,140788,435,170621,California
Tulare,2021-05-27,1277,304825,806,172158,440,123855,31,8812,585,29763,688,141476,618,171239,California
Tulare,2021-05-28,1191,306016,660,172818,482,124337,49,8861,625,29877,559,142035,673,171912,California
Tulare,2021-05-29,883,306899,652,173470,211,124548,20,8881,503,30022,378,142413,523,172435,California
Tulare,2021-05-30,285,307184,207,173677,70,124618,8,8889,164,30074,120,142533,172,172607,California
Tulare,2021-05-31,132,307316,52,173729,69,124687,11,8900,55,30064,76,142609,66,172673,California
Tulare,2021-06-01,1060,308376,629,174358,400,125087,31,8931,386,29814,666,143275,416,173089,California
Tulare,2021-06-02,795,309171,465,174823,297,125384,33,8964,354,29769,430,143705,385,173474,California
Tulare,2021-06-03,1140,310311,810,175633,273,125657,57,9021,390,29485,730,144435,446,173920,California
Tulare,2021-06-04,1171,311482,833,176466,306,125963,32,9053,362,29075,804,145239,394,174314,California
Tulare,2021-06-05,887,312369,700,177166,172,126135,15,9068,304,28813,581,145820,319,174633,California
Tulare,2021-06-06,423,312792,358,177524,47,126182,18,9086,141,28691,281,146101,159,174792,California
Tulare,2021-06-07,882,313674,696,178220,151,126333,35,9121,277,28400,602,146703,311,175103,California
Tulare,2021-06-08,1050,314724,776,178996,214,126547,60,9181,352,28119,693,147396,412,175515,California
Tulare,2021-06-09,1090,315814,762,179758,292,126839,36,9217,347,27763,737,148133,381,175896,California
Tulare,2021-06-10,1100,316914,885,180643,179,127018,36,9253,379,27458,719,148852,414,176310,California
Tulare,2021-06-11,1236,318150,884,181527,317,127335,35,9288,383,27033,843,149695,418,176728,California
Tulare,2021-06-12,972,319122,758,182285,203,127538,11,9299,344,26766,622,150317,355,177083,California
Tulare,2021-06-13,316,319438,227,182512,85,127623,4,9303,91,26637,224,150541,95,177178,California
Tulare,2021-06-14,770,320208,566,183078,179,127802,25,9328,295,26487,470,151011,320,177498,California
Tulare,2021-06-15,986,321194,667,183745,288,128090,31,9359,433,26404,547,151558,464,177962,California
Tulare,2021-06-16,858,322052,581,184326,226,128316,51,9410,375,26351,480,152038,427,178389,California
Tulare,2021-06-17,1024,323076,753,185079,241,128557,30,9440,410,26180,611,152649,440,178829,California
Tulare,2021-06-18,986,324062,693,185772,256,128813,37,9477,370,25972,614,153263,406,179235,California
Tulare,2021-06-19,847,324909,677,186449,157,128970,13,9490,387,25916,456,153719,400,179635,California
Tulare,2021-06-20,250,325159,187,186636,55,129025,8,9498,75,25826,174,153893,84,179719,California
Tulare,2021-06-21,521,325680,340,186976,150,129175,31,9529,304,25944,216,154109,334,180053,California
Tulare,2021-06-22,751,326431,515,187491,212,129387,24,9553,344,25912,400,154509,368,180421,California
Tulare,2021-06-23,735,327166,500,187991,209,129596,26,9579,400,26007,331,154840,426,180847,California
Tulare,2021-06-24,845,328011,638,188629,152,129748,55,9634,421,26062,421,155261,476,181323,California
Tulare,2021-06-25,850,328861,553,189182,277,130025,20,9654,442,26121,403,155664,462,181785,California
Tulare,2021-06-26,929,329790,732,189914,172,130197,25,9679,529,26278,397,156061,554,182339,California
Tulare,2021-06-27,246,330036,183,190097,56,130253,7,9686,116,26272,129,156190,123,182462,California
Tulare,2021-06-28,578,330614,436,190533,112,130365,30,9716,291,26308,284,156474,320,182782,California
Tulare,2021-06-29,719,331333,461,190994,216,130581,42,9758,338,26313,375,156849,380,183162,California
Tulare,2021-06-30,688,332021,466,191460,191,130772,31,9789,374,26406,310,157159,403,183565,California
Tulare,2021-07-01,819,332840,616,192076,172,130944,31,9820,384,26392,428,157587,414,183979,California
Tulare,2021-07-02,719,333559,503,192579,199,131143,17,9837,377,26451,336,157923,395,184374,California
Tulare,2021-07-03,454,334013,329,192908,116,131259,9,9846,218,26447,231,158154,227,184601,California
Tulare,2021-07-04,31,334044,20,192928,10,131269,1,9847,17,26451,14,158168,18,184619,California
Tulare,2021-07-05,404,334448,294,193222,98,131367,12,9859,205,26472,196,158364,217,184836,California
Tulare,2021-07-06,767,335215,553,193775,191,131558,23,9882,327,26386,435,158799,349,185185,California
Tulare,2021-07-07,684,335899,469,194244,178,131736,37,9919,312,26370,364,159163,348,185533,California
Tulare,2021-07-08,703,336602,518,194762,154,131890,31,9950,329,26359,371,159534,360,185893,California
Tulare,2021-07-09,765,337367,588,195350,154,132044,23,9973,403,26424,360,159894,425,186318,California
Tulare,2021-07-10,421,337788,313,195663,101,132145,7,9980,204,26420,215,160109,211,186529,California
Tulare,2021-07-11,163,337951,121,195784,42,132187,0,9980,83,26423,80,160189,83,186612,California
Tuolumne,2020-12-16,48,48,48,48,0,0,0,0,48,48,0,0,48,48,California
Tuolumne,2020-12-17,18,66,18,66,0,0,0,0,18,66,0,0,18,66,California
Tuolumne,2020-12-18,101,167,100,166,1,1,0,0,101,167,0,0,101,167,California
Tuolumne,2020-12-19,5,172,5,171,0,1,0,0,5,172,0,0,5,172,California
Tuolumne,2020-12-20,2,174,2,173,0,1,0,0,2,174,0,0,2,174,California
Tuolumne,2020-12-21,115,289,101,274,14,15,0,0,115,289,0,0,115,289,California
Tuolumne,2020-12-22,173,462,173,447,0,15,0,0,173,462,0,0,173,462,California
Tuolumne,2020-12-23,185,647,183,630,2,17,0,0,185,647,0,0,185,647,California
Tuolumne,2020-12-25,1,648,1,631,0,17,0,0,1,648,0,0,1,648,California
Tuolumne,2020-12-26,2,650,2,633,0,17,0,0,2,650,0,0,2,650,California
Tuolumne,2020-12-28,75,725,73,706,2,19,0,0,75,725,0,0,75,725,California
Tuolumne,2020-12-29,102,827,38,744,64,83,0,0,102,827,0,0,102,827,California
Tuolumne,2020-12-30,77,904,22,766,55,138,0,0,77,904,0,0,77,904,California
Tuolumne,2020-12-31,28,932,21,787,7,145,0,0,28,932,0,0,28,932,California
Tuolumne,2021-01-01,6,938,5,792,1,146,0,0,6,938,0,0,6,938,California
Tuolumne,2021-01-02,119,1057,116,908,3,149,0,0,119,1057,0,0,119,1057,California
Tuolumne,2021-01-03,2,1059,2,910,0,149,0,0,2,1059,0,0,2,1059,California
Tuolumne,2021-01-04,69,1128,26,936,43,192,0,0,69,1128,0,0,69,1128,California
Tuolumne,2021-01-05,94,1222,28,964,66,258,0,0,91,1217,3,3,92,1220,California
Tuolumne,2021-01-06,132,1354,71,1035,61,319,0,0,68,1221,64,67,68,1288,California
Tuolumne,2021-01-07,121,1475,64,1099,57,376,0,0,65,1230,56,123,65,1353,California
Tuolumne,2021-01-08,108,1583,83,1182,25,401,0,0,28,1181,79,202,30,1383,California
Tuolumne,2021-01-09,2,1585,0,1182,2,403,0,0,2,1183,0,202,2,1385,California
Tuolumne,2021-01-10,3,1588,1,1183,2,405,0,0,3,1186,0,202,3,1388,California
Tuolumne,2021-01-11,117,1705,91,1274,26,431,0,0,35,1139,82,284,35,1423,California
Tuolumne,2021-01-12,103,1808,87,1361,16,447,0,0,18,1072,85,369,18,1441,California
Tuolumne,2021-01-13,231,2039,125,1486,106,553,0,0,182,1206,49,418,183,1624,California
Tuolumne,2021-01-14,148,2187,108,1594,40,593,0,0,43,1145,104,522,43,1667,California
Tuolumne,2021-01-15,474,2661,73,1667,401,994,0,0,411,1494,62,584,411,2078,California
Tuolumne,2021-01-16,7,2668,3,1670,4,998,0,0,6,1499,1,585,6,2084,California
Tuolumne,2021-01-17,8,2676,4,1674,4,1002,0,0,8,1507,0,585,8,2092,California
Tuolumne,2021-01-18,48,2724,38,1712,10,1012,0,0,11,1482,36,621,11,2103,California
Tuolumne,2021-01-19,480,3204,72,1784,408,1420,0,0,436,1874,44,665,436,2539,California
Tuolumne,2021-01-20,76,3280,58,1842,18,1438,0,0,24,1847,51,716,24,2563,California
Tuolumne,2021-01-21,59,3339,25,1867,34,1472,0,0,42,1872,17,733,42,2605,California
Tuolumne,2021-01-22,171,3510,17,1884,154,1626,0,0,163,2027,8,741,163,2768,California
Tuolumne,2021-01-23,651,4161,129,2013,522,2148,0,0,541,2475,110,851,558,3326,California
Tuolumne,2021-01-24,526,4687,3,2016,523,2671,0,0,522,2996,4,855,525,3851,California
Tuolumne,2021-01-25,51,4738,28,2044,23,2694,0,0,25,2996,26,881,26,3877,California
Tuolumne,2021-01-26,81,4819,68,2112,13,2707,0,0,40,2996,41,922,41,3918,California
Tuolumne,2021-01-27,60,4879,4,2116,56,2763,0,0,8,2953,51,973,8,3926,California
Tuolumne,2021-01-28,27,4906,6,2122,21,2784,0,0,18,2962,9,982,18,3944,California
Tuolumne,2021-01-29,74,4980,5,2127,69,2853,0,0,36,2960,38,1020,36,3980,California
Tuolumne,2021-01-30,724,5704,562,2689,162,3015,0,0,699,3653,25,1045,718,4698,California
Tuolumne,2021-01-31,9,5713,2,2691,7,3022,0,0,6,3656,3,1048,6,4704,California
Tuolumne,2021-02-01,27,5740,7,2698,20,3042,0,0,24,3677,3,1051,24,4728,California
Tuolumne,2021-02-02,656,6396,49,2747,607,3649,0,0,642,4309,11,1062,643,5371,California
Tuolumne,2021-02-03,247,6643,112,2859,135,3784,0,0,93,4248,154,1216,93,5464,California
Tuolumne,2021-02-04,126,6769,14,2873,112,3896,0,0,63,4248,63,1279,63,5527,California
Tuolumne,2021-02-05,105,6874,14,2887,91,3987,0,0,39,4222,65,1344,39,5566,California
Tuolumne,2021-02-06,872,7746,593,3480,279,4266,0,0,862,5080,10,1354,868,6434,California
Tuolumne,2021-02-07,8,7754,4,3484,4,4270,0,0,4,5080,4,1358,4,6438,California
Tuolumne,2021-02-08,95,7849,43,3527,52,4322,0,0,70,5125,25,1383,70,6508,California
Tuolumne,2021-02-09,864,8713,51,3578,813,5135,0,0,822,5905,42,1425,822,7330,California
Tuolumne,2021-02-10,98,8811,18,3596,80,5215,0,0,35,5879,61,1486,35,7365,California
Tuolumne,2021-02-11,148,8959,68,3664,80,5295,0,0,82,5895,66,1552,82,7447,California
Tuolumne,2021-02-12,652,9611,22,3686,630,5925,0,0,212,5668,439,1991,212,7659,California
Tuolumne,2021-02-13,158,9769,44,3730,114,6039,0,0,124,5758,34,2025,124,7783,California
Tuolumne,2021-02-14,152,9921,14,3744,138,6177,0,0,151,5908,1,2026,151,7934,California
Tuolumne,2021-02-15,191,10112,11,3755,180,6357,0,0,181,6079,10,2036,181,8115,California
Tuolumne,2021-02-16,534,10646,18,3773,516,6873,0,0,124,5799,406,2442,126,8241,California
Tuolumne,2021-02-17,113,10759,65,3838,48,6921,0,0,63,5813,49,2491,63,8304,California
Tuolumne,2021-02-18,689,11448,30,3868,659,7580,0,0,637,6399,52,2543,638,8942,California
Tuolumne,2021-02-19,147,11595,25,3893,122,7702,0,0,46,6344,101,2644,46,8988,California
Tuolumne,2021-02-20,915,12510,344,4237,571,8273,0,0,387,6226,509,3153,391,9379,California
Tuolumne,2021-02-21,992,13502,44,4281,948,9221,0,0,476,6196,512,3665,482,9861,California
Tuolumne,2021-02-22,82,13584,60,4341,22,9243,0,0,47,6210,33,3698,47,9908,California
Tuolumne,2021-02-23,49,13633,25,4366,24,9267,0,0,25,6212,23,3721,25,9933,California
Tuolumne,2021-02-24,104,13737,57,4423,47,9314,0,0,40,6190,63,3784,41,9974,California
Tuolumne,2021-02-25,1059,14796,36,4459,1023,10337,0,0,1024,7180,35,3819,1025,10999,California
Tuolumne,2021-02-26,154,14950,12,4471,142,10479,0,0,124,7275,30,3849,125,11124,California
Tuolumne,2021-02-27,967,15917,585,5056,382,10861,0,0,250,6833,697,4546,255,11379,California
Tuolumne,2021-02-28,56,15973,4,5060,52,10913,0,0,52,6882,3,4549,52,11431,California
Tuolumne,2021-03-01,122,16095,24,5084,97,11010,1,1,79,6921,42,4591,81,11512,California
Tuolumne,2021-03-02,715,16810,79,5163,636,11646,0,1,109,6425,605,5196,109,11621,California
Tuolumne,2021-03-03,98,16908,22,5185,76,11722,0,1,66,6460,31,5227,66,11687,California
Tuolumne,2021-03-04,1174,18082,77,5262,1097,12819,0,1,1107,7502,65,5292,1107,12794,California
Tuolumne,2021-03-05,95,18177,10,5272,85,12904,0,1,53,7515,41,5333,54,12848,California
Tuolumne,2021-03-06,1068,19245,610,5882,456,13360,2,3,200,6862,860,6193,207,13055,California
Tuolumne,2021-03-07,43,19288,13,5895,15,13375,15,18,19,6872,24,6217,34,13089,California
Tuolumne,2021-03-08,201,19489,91,5986,103,13478,7,25,142,6962,59,6276,149,13238,California
Tuolumne,2021-03-09,875,20364,19,6005,845,14323,11,36,66,6237,802,7078,77,13315,California
Tuolumne,2021-03-10,103,20467,20,6025,72,14395,11,47,54,6253,49,7127,65,13380,California
Tuolumne,2021-03-11,1308,21775,45,6070,1258,15653,5,52,1256,7464,52,7179,1263,14643,California
Tuolumne,2021-03-12,319,22094,45,6115,259,15912,15,67,191,7547,126,7305,209,14852,California
Tuolumne,2021-03-13,121,22215,12,6127,109,16021,0,67,84,7596,36,7341,85,14937,California
Tuolumne,2021-03-14,149,22364,10,6137,130,16151,9,76,7,7475,142,7483,21,14958,California
Tuolumne,2021-03-15,305,22669,83,6220,219,16370,3,79,104,7390,200,7683,115,15073,California
Tuolumne,2021-03-16,812,23481,41,6261,760,17130,11,90,672,7936,139,7822,685,15758,California
Tuolumne,2021-03-17,157,23638,34,6295,110,17240,13,103,80,7953,76,7898,93,15851,California
Tuolumne,2021-03-18,953,24591,27,6322,912,18152,14,117,316,7651,632,8530,330,16181,California
Tuolumne,2021-03-19,138,24729,19,6341,89,18241,30,147,75,7694,62,8592,105,16286,California
Tuolumne,2021-03-20,93,24822,8,6349,75,18316,10,157,37,7685,55,8647,46,16332,California
Tuolumne,2021-03-21,842,25664,394,6743,438,18754,10,167,37,6945,789,9436,49,16381,California
Tuolumne,2021-03-22,167,25831,75,6818,73,18827,19,186,97,6992,69,9505,116,16497,California
Tuolumne,2021-03-23,717,26548,641,7459,62,18889,14,200,678,7645,38,9543,691,17188,California
Tuolumne,2021-03-24,113,26661,22,7481,73,18962,18,218,78,7708,33,9576,96,17284,California
Tuolumne,2021-03-25,1303,27964,24,7505,1276,20238,3,221,325,7063,973,10549,328,17612,California
Tuolumne,2021-03-26,283,28247,19,7524,240,20478,24,245,121,7059,150,10699,146,17758,California
Tuolumne,2021-03-27,591,28838,56,7580,535,21013,0,245,318,7113,267,10966,321,18079,California
Tuolumne,2021-03-28,47,28885,6,7586,41,21054,0,245,8,7084,38,11004,9,18088,California
Tuolumne,2021-03-29,210,29095,87,7673,123,21177,0,245,111,7099,96,11100,111,18199,California
Tuolumne,2021-03-30,171,29266,14,7687,156,21333,1,246,124,7178,46,11146,125,18324,California
Tuolumne,2021-03-31,97,29363,14,7701,81,21414,2,248,40,7165,55,11201,42,18366,California
Tuolumne,2021-04-01,1254,30617,30,7731,1224,22638,0,248,229,6372,1022,12223,229,18595,California
Tuolumne,2021-04-02,172,30789,12,7743,134,22772,26,274,93,6415,76,12299,119,18714,California
Tuolumne,2021-04-03,436,31225,36,7779,398,23170,2,276,245,6473,188,12487,246,18960,California
Tuolumne,2021-04-04,35,31260,4,7783,31,23201,0,276,21,6482,12,12499,21,18981,California
Tuolumne,2021-04-05,131,31391,19,7802,105,23306,7,283,57,6472,74,12573,64,19045,California
Tuolumne,2021-04-06,655,32046,518,8320,110,23416,27,310,517,6881,137,12710,546,19591,California
Tuolumne,2021-04-07,130,32176,38,8358,75,23491,17,327,50,6868,80,12790,67,19658,California
Tuolumne,2021-04-08,1454,33630,36,8394,1403,24894,15,342,251,5936,1198,13988,266,19924,California
Tuolumne,2021-04-09,279,33909,44,8438,190,25084,45,387,133,5971,146,14134,181,20105,California
Tuolumne,2021-04-10,57,33966,2,8440,35,25119,20,407,23,5981,33,14167,43,20148,California
Tuolumne,2021-04-11,17,33983,2,8442,12,25131,3,410,12,5991,5,14172,15,20163,California
Tuolumne,2021-04-12,170,34153,66,8508,99,25230,5,415,89,6009,76,14248,94,20257,California
Tuolumne,2021-04-13,790,34943,35,8543,755,25985,0,415,171,5569,611,14859,171,20428,California
Tuolumne,2021-04-14,159,35102,32,8575,127,26112,0,415,79,5573,76,14935,80,20508,California
Tuolumne,2021-04-15,346,35448,22,8597,324,26436,0,415,61,5356,278,15213,61,20569,California
Tuolumne,2021-04-16,262,35710,57,8654,205,26641,0,415,143,5391,109,15322,144,20713,California
Tuolumne,2021-04-17,44,35754,6,8660,38,26679,0,415,28,5403,16,15338,28,20741,California
Tuolumne,2021-04-18,10,35764,3,8663,7,26686,0,415,5,5404,5,15343,6,20747,California
Tuolumne,2021-04-19,178,35942,79,8742,99,26785,0,415,97,5422,79,15422,97,20844,California
Tuolumne,2021-04-20,714,36656,618,9360,96,26881,0,415,75,4866,631,16053,75,20919,California
Tuolumne,2021-04-21,124,36780,30,9390,94,26975,0,415,66,4880,52,16105,66,20985,California
Tuolumne,2021-04-22,712,37492,46,9436,666,27641,0,415,429,5037,273,16378,430,21415,California
Tuolumne,2021-04-23,179,37671,31,9467,148,27789,0,415,82,5029,91,16469,83,21498,California
Tuolumne,2021-04-24,79,37750,18,9485,61,27850,0,415,50,5050,29,16498,50,21548,California
Tuolumne,2021-04-25,27,37777,10,9495,17,27867,0,415,24,5071,3,16501,24,21572,California
Tuolumne,2021-04-26,160,37937,56,9551,104,27971,0,415,75,5064,83,16584,76,21648,California
Tuolumne,2021-04-27,144,38081,23,9574,114,28085,7,422,66,5062,75,16659,73,21721,California
Tuolumne,2021-04-28,120,38201,24,9598,84,28169,12,434,63,5081,56,16715,75,21796,California
Tuolumne,2021-04-29,287,38488,23,9621,256,28425,8,442,58,4923,224,16939,66,21862,California
Tuolumne,2021-04-30,374,38862,26,9647,336,28761,12,454,74,4714,295,17234,86,21948,California
Tuolumne,2021-05-01,25,38887,7,9654,13,28774,5,459,16,4726,9,17243,21,21969,California
Tuolumne,2021-05-02,26,38913,3,9657,21,28795,2,461,19,4740,7,17250,21,21990,California
Tuolumne,2021-05-03,112,39025,15,9672,92,28887,5,466,38,4711,72,17322,43,22033,California
Tuolumne,2021-05-04,710,39735,601,10273,104,28991,5,471,215,4437,493,17815,219,22252,California
Tuolumne,2021-05-05,110,39845,26,10299,78,29069,6,477,58,4453,48,17863,64,22316,California
Tuolumne,2021-05-06,292,40137,15,10314,261,29330,16,493,43,4267,244,18107,58,22374,California
Tuolumne,2021-05-07,329,40466,25,10339,296,29626,8,501,63,4073,265,18372,71,22445,California
Tuolumne,2021-05-08,50,40516,6,10345,40,29666,4,505,32,4091,18,18390,36,22481,California
Tuolumne,2021-05-09,17,40533,2,10347,13,29679,2,507,3,4082,14,18404,5,22486,California
Tuolumne,2021-05-10,114,40647,45,10392,64,29743,5,512,32,4038,81,18485,37,22523,California
Tuolumne,2021-05-11,205,40852,62,10454,131,29874,12,524,56,3959,147,18632,68,22591,California
Tuolumne,2021-05-12,135,40987,24,10478,107,29981,4,528,51,3930,84,18716,55,22646,California
Tuolumne,2021-05-13,117,41104,19,10497,90,30071,8,536,73,3966,44,18760,80,22726,California
Tuolumne,2021-05-14,207,41311,75,10572,121,30192,11,547,107,3986,98,18858,118,22844,California
Tuolumne,2021-05-15,59,41370,16,10588,36,30228,7,554,20,3975,39,18897,28,22872,California
Tuolumne,2021-05-16,28,41398,8,10596,18,30246,2,556,13,3976,14,18911,15,22887,California
Tuolumne,2021-05-17,110,41508,30,10626,77,30323,3,559,47,3964,63,18974,51,22938,California
Tuolumne,2021-05-18,181,41689,57,10683,77,30400,47,606,60,3951,120,19094,107,23045,California
Tuolumne,2021-05-19,118,41807,20,10703,65,30465,33,639,46,3958,72,19166,79,23124,California
Tuolumne,2021-05-20,411,42218,21,10724,383,30848,7,646,52,3660,357,19523,59,23183,California
Tuolumne,2021-05-21,203,42421,94,10818,103,30951,6,652,118,3701,83,19606,124,23307,California
Tuolumne,2021-05-22,58,42479,19,10837,33,30984,6,658,25,3699,32,19638,30,23337,California
Tuolumne,2021-05-23,27,42506,7,10844,19,31003,1,659,10,3693,17,19655,11,23348,California
Tuolumne,2021-05-24,138,42644,43,10887,89,31092,6,665,53,3668,84,19739,59,23407,California
Tuolumne,2021-05-25,298,42942,222,11109,70,31162,6,671,111,3600,185,19924,117,23524,California
Tuolumne,2021-05-26,87,43029,23,11132,63,31225,1,672,37,3588,50,19974,38,23562,California
Tuolumne,2021-05-27,76,43105,16,11148,58,31283,2,674,30,3575,45,20019,32,23594,California
Tuolumne,2021-05-28,111,43216,51,11199,59,31342,1,675,64,3596,44,20063,65,23659,California
Tuolumne,2021-05-29,38,43254,7,11206,25,31367,6,681,17,3598,21,20084,23,23682,California
Tuolumne,2021-05-30,18,43272,1,11207,14,31381,3,684,4,3591,14,20098,7,23689,California
Tuolumne,2021-05-31,9,43281,1,11208,7,31388,1,685,1,3585,8,20106,2,23691,California
Tuolumne,2021-06-01,79,43360,22,11230,53,31441,4,689,25,3561,53,20159,29,23720,California
Tuolumne,2021-06-02,74,43434,8,11238,58,31499,8,697,22,3540,51,20210,30,23750,California
Tuolumne,2021-06-03,75,43509,25,11263,35,31534,15,712,23,3528,50,20260,38,23788,California
Tuolumne,2021-06-04,133,43642,61,11324,69,31603,3,715,38,3477,92,20352,41,23829,California
Tuolumne,2021-06-05,43,43685,11,11335,30,31633,2,717,17,3470,26,20378,19,23848,California
Tuolumne,2021-06-06,19,43704,5,11340,7,31640,7,724,4,3466,15,20393,11,23859,California
Tuolumne,2021-06-07,60,43764,14,11354,38,31678,8,732,27,3468,33,20426,35,23894,California
Tuolumne,2021-06-08,74,43838,22,11376,51,31729,1,733,27,3451,45,20471,28,23922,California
Tuolumne,2021-06-09,87,43925,45,11421,32,31761,10,743,40,3455,46,20517,50,23972,California
Tuolumne,2021-06-10,99,44024,15,11436,77,31838,7,750,28,3419,71,20588,35,24007,California
Tuolumne,2021-06-11,103,44127,48,11484,52,31890,3,753,25,3371,76,20664,28,24035,California
Tuolumne,2021-06-12,61,44188,20,11504,25,31915,16,769,18,3364,41,20705,34,24069,California
Tuolumne,2021-06-13,17,44205,2,11506,11,31926,4,773,4,3359,13,20718,8,24077,California
Tuolumne,2021-06-14,100,44305,33,11539,63,31989,4,777,52,3367,48,20766,56,24133,California
Tuolumne,2021-06-15,131,44436,83,11622,39,32028,9,786,21,3289,108,20874,30,24163,California
Tuolumne,2021-06-16,95,44531,46,11668,46,32074,3,789,53,3304,41,20915,56,24219,California
Tuolumne,2021-06-17,45,44576,10,11678,34,32108,1,790,17,3294,28,20943,18,24237,California
Tuolumne,2021-06-18,172,44748,95,11773,63,32171,14,804,61,3258,110,21053,74,24311,California
Tuolumne,2021-06-19,25,44773,9,11782,13,32184,3,807,10,3256,15,21068,13,24324,California
Tuolumne,2021-06-20,12,44785,1,11783,11,32195,0,807,9,3262,3,21071,9,24333,California
Tuolumne,2021-06-21,39,44824,3,11786,35,32230,1,808,20,3264,19,21090,21,24354,California
Tuolumne,2021-06-22,45,44869,11,11797,34,32264,0,808,22,3264,22,21112,22,24376,California
Tuolumne,2021-06-23,70,44939,13,11810,37,32301,20,828,32,3278,38,21150,52,24428,California
Tuolumne,2021-06-24,56,44995,24,11834,26,32327,6,834,26,3282,29,21179,33,24461,California
Tuolumne,2021-06-25,55,45050,31,11865,19,32346,5,839,29,3289,26,21205,33,24494,California
Tuolumne,2021-06-26,12,45062,5,11870,7,32353,0,839,7,3291,5,21210,7,24501,California
Tuolumne,2021-06-27,7,45069,2,11872,5,32358,0,839,7,3298,0,21210,7,24508,California
Tuolumne,2021-06-28,40,45109,20,11892,15,32373,5,844,27,3317,13,21223,32,24540,California
Tuolumne,2021-06-29,36,45145,18,11910,16,32389,2,846,21,3326,14,21237,23,24563,California
Tuolumne,2021-06-30,73,45218,36,11946,36,32425,1,847,20,3295,52,21289,21,24584,California
Tuolumne,2021-07-01,37,45255,16,11962,14,32439,7,854,24,3313,13,21302,31,24615,California
Tuolumne,2021-07-02,62,45317,30,11992,26,32465,6,860,43,3343,19,21321,49,24664,California
Tuolumne,2021-07-03,8,45325,4,11996,4,32469,0,860,5,3345,3,21324,5,24669,California
Tuolumne,2021-07-05,14,45339,1,11997,13,32482,0,860,7,3345,7,21331,7,24676,California
Tuolumne,2021-07-06,58,45397,19,12016,35,32517,4,864,21,3334,34,21365,23,24699,California
Tuolumne,2021-07-07,66,45463,33,12049,25,32542,8,872,26,3329,38,21403,33,24732,California
Tuolumne,2021-07-08,33,45496,13,12062,18,32560,2,874,21,3341,11,21414,23,24755,California
Tuolumne,2021-07-09,36,45532,16,12078,20,32580,0,874,20,3345,16,21430,20,24775,California
Tuolumne,2021-07-10,7,45539,0,12078,7,32587,0,874,3,3344,4,21434,3,24778,California
Tuolumne,2021-07-11,1,45540,0,12078,1,32588,0,874,1,3345,0,21434,1,24779,California
Ventura,2020-12-15,5,5,5,5,0,0,0,0,5,5,0,0,5,5,California
Ventura,2020-12-16,75,80,75,80,0,0,0,0,75,80,0,0,75,80,California
Ventura,2020-12-17,315,395,315,395,0,0,0,0,315,395,0,0,315,395,California
Ventura,2020-12-18,1601,1996,1601,1996,0,0,0,0,1601,1996,0,0,1601,1996,California
Ventura,2020-12-19,987,2983,986,2982,1,1,0,0,987,2983,0,0,987,2983,California
Ventura,2020-12-20,458,3441,458,3440,0,1,0,0,458,3441,0,0,458,3441,California
Ventura,2020-12-21,1514,4955,1514,4954,0,1,0,0,1514,4955,0,0,1514,4955,California
Ventura,2020-12-22,1160,6115,1154,6108,6,7,0,0,1160,6115,0,0,1160,6115,California
Ventura,2020-12-23,1089,7204,1039,7147,50,57,0,0,1089,7204,0,0,1089,7204,California
Ventura,2020-12-24,478,7682,378,7525,100,157,0,0,478,7682,0,0,478,7682,California
Ventura,2020-12-25,12,7694,7,7532,5,162,0,0,12,7694,0,0,12,7694,California
Ventura,2020-12-26,114,7808,93,7625,21,183,0,0,114,7808,0,0,114,7808,California
Ventura,2020-12-27,59,7867,27,7652,32,215,0,0,59,7867,0,0,59,7867,California
Ventura,2020-12-28,1092,8959,950,8602,142,357,0,0,1092,8959,0,0,1092,8959,California
Ventura,2020-12-29,1188,10147,778,9380,410,767,0,0,1188,10147,0,0,1188,10147,California
Ventura,2020-12-30,2001,12148,1532,10912,469,1236,0,0,2001,12148,0,0,2001,12148,California
Ventura,2020-12-31,487,12635,166,11078,321,1557,0,0,482,12625,5,5,482,12630,California
Ventura,2021-01-01,41,12676,19,11097,22,1579,0,0,41,12666,0,5,41,12671,California
Ventura,2021-01-02,175,12851,81,11178,94,1673,0,0,175,12841,0,5,175,12846,California
Ventura,2021-01-03,20,12871,9,11187,11,1684,0,0,20,12861,0,5,20,12866,California
Ventura,2021-01-04,1034,13905,493,11680,541,2225,0,0,1032,13893,0,5,1032,13898,California
Ventura,2021-01-05,1383,15288,785,12465,598,2823,0,0,1270,15053,110,115,1270,15168,California
Ventura,2021-01-06,2073,17361,1189,13654,884,3707,0,0,1572,16135,492,607,1574,16742,California
Ventura,2021-01-07,2085,19446,1333,14987,752,4459,0,0,1041,16138,1039,1646,1042,17784,California
Ventura,2021-01-08,2203,21649,1478,16465,725,5184,0,0,906,15751,1295,2941,908,18692,California
Ventura,2021-01-09,725,22374,503,16968,222,5406,0,0,319,15664,406,3347,319,19011,California
Ventura,2021-01-10,344,22718,327,17295,17,5423,0,0,130,15580,214,3561,130,19141,California
Ventura,2021-01-11,2464,25182,1494,18789,970,6393,0,0,1513,16146,951,4512,1517,20658,California
Ventura,2021-01-12,3058,28240,1620,20409,1438,7831,0,0,1937,16962,1121,5633,1937,22595,California
Ventura,2021-01-13,2952,31192,1437,21846,1515,9346,0,0,2041,18096,908,6541,2042,24637,California
Ventura,2021-01-14,2795,33987,1106,22952,1689,11035,0,0,2332,19967,462,7003,2333,26970,California
Ventura,2021-01-15,2902,36889,970,23922,1932,12967,0,0,2687,22440,215,7218,2688,29658,California
Ventura,2021-01-16,490,37379,188,24110,302,13269,0,0,410,22770,80,7298,410,30068,California
Ventura,2021-01-17,270,37649,140,24250,130,13399,0,0,263,23027,6,7304,263,30331,California
Ventura,2021-01-18,2224,39873,1668,25918,556,13955,0,0,1673,24151,550,7854,1674,32005,California
Ventura,2021-01-19,3071,42944,2135,28053,936,14891,0,0,2155,25393,916,8770,2158,34163,California
Ventura,2021-01-20,4181,47125,3213,31266,968,15859,0,0,3084,27385,1093,9863,3085,37248,California
Ventura,2021-01-21,3894,51019,2713,33979,1181,17040,0,0,3206,29913,680,10543,3208,40456,California
Ventura,2021-01-22,3649,54668,2511,36490,1138,18178,0,0,3481,33226,168,10711,3481,43937,California
Ventura,2021-01-23,1194,55862,652,37142,542,18720,0,0,1093,34221,100,10811,1095,45032,California
Ventura,2021-01-24,459,56321,137,37279,322,19042,0,0,445,34652,14,10825,445,45477,California
Ventura,2021-01-25,3176,59497,2038,39317,1138,20180,0,0,2616,36710,559,11384,2617,48094,California
Ventura,2021-01-26,3744,63241,2215,41532,1529,21709,0,0,2732,38435,1008,12392,2733,50827,California
Ventura,2021-01-27,3506,66747,1569,43101,1937,23646,0,0,2751,40437,751,13143,2753,53580,California
Ventura,2021-01-28,3911,70658,2008,45109,1903,25549,0,0,3284,43113,611,13754,3287,56867,California
Ventura,2021-01-29,4300,74958,2536,47645,1764,27313,0,0,3788,46403,498,14252,3788,60655,California
Ventura,2021-01-30,3049,78007,1955,49600,1094,28407,0,0,2875,49110,169,14421,2876,63531,California
Ventura,2021-01-31,836,78843,444,50044,392,28799,0,0,746,49767,89,14510,746,64277,California
Ventura,2021-02-01,3987,82830,2115,52159,1872,30671,0,0,3200,52189,780,15290,3202,67479,California
Ventura,2021-02-02,4455,87285,2380,54539,2075,32746,0,0,3413,54571,1034,16324,3416,70895,California
Ventura,2021-02-03,4477,91762,2084,56623,2393,35139,0,0,3442,56985,1030,17354,3444,74339,California
Ventura,2021-02-04,4831,96593,2307,58930,2524,37663,0,0,3540,59246,1283,18637,3544,77883,California
Ventura,2021-02-05,4919,101512,2385,61315,2534,40197,0,0,3371,61086,1534,20171,3374,81257,California
Ventura,2021-02-06,2864,104376,1521,62836,1343,41540,0,0,2455,63132,409,20580,2455,83712,California
Ventura,2021-02-07,747,105123,247,63083,500,42040,0,0,621,63628,126,20706,622,84334,California
Ventura,2021-02-08,3543,108666,1638,64721,1905,43945,0,0,2446,64986,1089,21795,2447,86781,California
Ventura,2021-02-09,4762,113428,1980,66701,2782,46727,0,0,2486,65203,2273,24068,2490,89271,California
Ventura,2021-02-10,4775,118203,2257,68958,2518,49245,0,0,2398,65239,2363,26431,2399,91670,California
Ventura,2021-02-11,4729,122932,1884,70842,2845,52090,0,0,2478,65478,2242,28673,2481,94151,California
Ventura,2021-02-12,6408,129340,2699,73541,3709,55799,0,0,3269,65615,3132,31805,3269,97420,California
Ventura,2021-02-13,3335,132675,1847,75388,1488,57287,0,0,1859,66004,1472,33277,1861,99281,California
Ventura,2021-02-14,1234,133909,125,75513,1109,58396,0,0,1014,66801,219,33496,1016,100297,California
Ventura,2021-02-15,4044,137953,1830,77343,2214,60610,0,0,2131,67026,1908,35404,2133,102430,California
Ventura,2021-02-16,5616,143569,2747,80090,2869,63479,0,0,3040,67501,2566,37970,3041,105471,California
Ventura,2021-02-17,5359,148928,1941,82031,3418,66897,0,0,3357,68867,1991,39961,3357,108828,California
Ventura,2021-02-18,5837,154765,1853,83884,3984,70881,0,0,3659,70364,2162,42123,3659,112487,California
Ventura,2021-02-19,6578,161343,3842,87726,2736,73617,0,0,3043,69885,3528,45651,3049,115536,California
Ventura,2021-02-20,5011,166354,3229,90955,1782,75399,0,0,2788,70470,2207,47858,2792,118328,California
Ventura,2021-02-21,1149,167503,845,91800,304,75703,0,0,472,70271,671,48529,472,118800,California
Ventura,2021-02-22,5743,173246,2555,94355,3188,78891,0,0,3660,71870,2063,50592,3662,122462,California
Ventura,2021-02-23,6245,179491,3097,97452,3148,82039,0,0,3570,72792,2652,53244,3574,126036,California
Ventura,2021-02-24,7314,186805,2674,100126,4640,86679,0,0,4380,74263,2911,56155,4382,130418,California
Ventura,2021-02-25,7775,194580,2639,102765,5136,91815,0,0,4652,75814,3106,59261,4657,135075,California
Ventura,2021-02-26,9625,204205,2823,105588,6802,98617,0,0,6254,78730,3342,62603,6258,141333,California
Ventura,2021-02-27,10687,214892,5309,110897,5378,103995,0,0,7992,84057,2675,65278,8002,149335,California
Ventura,2021-02-28,2584,217476,1649,112546,934,104929,1,1,2100,85683,475,65753,2101,151436,California
Ventura,2021-03-01,7195,224671,2864,115410,4328,109257,3,4,4778,88083,2394,68147,4794,156230,California
Ventura,2021-03-02,7756,232427,4051,119461,3703,112960,2,6,5432,91204,2312,70459,5433,161663,California
Ventura,2021-03-03,8720,241147,3934,123395,4783,117743,3,9,6135,94783,2563,73022,6142,167805,California
Ventura,2021-03-04,8329,249476,3895,127290,4434,122177,0,9,5611,97697,2702,75724,5616,173421,California
Ventura,2021-03-05,10113,259589,4817,132107,5284,127461,12,21,7188,102002,2908,78632,7213,180634,California
Ventura,2021-03-06,7799,267388,4403,136510,3241,130702,155,176,5809,105988,1982,80614,5968,186602,California
Ventura,2021-03-07,1720,269108,619,137129,953,131655,148,324,1252,106923,468,81082,1403,188005,California
Ventura,2021-03-08,6874,275982,3448,140577,3263,134918,163,487,4743,109712,2120,83202,4909,192914,California
Ventura,2021-03-09,6903,282885,3038,143615,3663,138581,202,689,3992,111018,2894,86096,4200,197114,California
Ventura,2021-03-10,7058,289943,3022,146637,3795,142376,241,930,4699,113614,2344,88440,4940,202054,California
Ventura,2021-03-11,6583,296526,2908,149545,3357,145733,318,1248,3583,114534,2980,91420,3900,205954,California
Ventura,2021-03-12,8766,305292,3062,152607,4856,150589,848,2096,4278,115186,4463,95883,5115,211069,California
Ventura,2021-03-13,7316,312608,2516,155123,3954,154543,846,2942,4336,117401,2965,98848,5180,216249,California
Ventura,2021-03-14,2148,314756,488,155611,1164,155707,496,3438,728,117208,1417,100265,1224,217473,California
Ventura,2021-03-15,7128,321884,2056,157667,3726,159433,1346,4784,3133,117718,3963,104228,4473,221946,California
Ventura,2021-03-16,8197,330081,2468,160135,4613,164046,1116,5900,4205,119061,3975,108203,5318,227264,California
Ventura,2021-03-17,7761,337842,2811,162946,4601,168647,349,6249,4704,121080,3035,111238,5054,232318,California
Ventura,2021-03-18,7620,345462,3317,166263,4151,172798,152,6401,5002,123631,2603,113841,5154,237472,California
Ventura,2021-03-19,8721,354183,3834,170097,4772,177570,115,6516,5274,125601,3416,117257,5386,242858,California
Ventura,2021-03-20,8935,363118,5956,176053,2956,180526,23,6539,4637,125991,4271,121528,4661,247519,California
Ventura,2021-03-21,2815,365933,1533,177586,910,181436,372,6911,1314,126186,1487,123015,1682,249201,California
Ventura,2021-03-22,7472,373405,3739,181325,3630,185066,103,7014,4902,128648,2545,125560,5007,254208,California
Ventura,2021-03-23,8292,381697,3946,185271,4274,189340,72,7086,4614,129697,3637,129197,4686,258894,California
Ventura,2021-03-24,8973,390670,3441,188712,5454,194794,78,7164,4411,129672,4518,133715,4493,263387,California
Ventura,2021-03-25,8870,399540,3933,192645,4833,199627,104,7268,4457,129845,4387,138102,4560,267947,California
Ventura,2021-03-26,10009,409549,3388,196033,5967,205594,654,7922,3986,128498,5984,144086,4637,272584,California
Ventura,2021-03-27,8802,418351,3949,199982,4810,210404,43,7965,2424,124628,6338,150424,2468,275052,California
Ventura,2021-03-28,2550,420901,1429,201411,1112,211516,9,7974,1373,124839,1171,151595,1382,276434,California
Ventura,2021-03-29,8668,429569,4330,205741,4291,215807,47,8021,4271,124792,4365,155960,4318,280752,California
Ventura,2021-03-30,9060,438629,4490,210231,4439,220246,131,8152,4402,124688,4637,160597,4533,285285,California
Ventura,2021-03-31,10880,449509,4887,215118,5365,225611,628,8780,4685,123837,6160,166757,5309,290594,California
Ventura,2021-04-01,10967,460476,5317,220435,4758,230369,892,9672,5528,124865,5384,172141,6412,297006,California
Ventura,2021-04-02,11892,472368,4674,225109,5869,236238,1349,11021,5695,125754,6156,178297,7045,304051,California
Ventura,2021-04-03,8165,480533,4044,229153,2942,239180,1179,12200,3441,125659,4706,183003,4611,308662,California
Ventura,2021-04-04,1728,482261,965,230118,628,239808,135,12335,1152,126378,568,183571,1287,309949,California
Ventura,2021-04-05,9503,491764,4893,235011,3486,243294,1124,13459,4843,127698,4643,188214,5963,315912,California
Ventura,2021-04-06,11031,502795,5587,240598,3943,247237,1501,14960,5662,129522,5339,193553,7163,323075,California
Ventura,2021-04-07,11529,514324,5420,246018,4593,251830,1516,16476,5261,130046,6246,199799,6770,329845,California
Ventura,2021-04-08,10512,524836,5310,251328,4218,256048,984,17460,5249,131032,5234,205033,6220,336065,California
Ventura,2021-04-09,11415,536251,4410,255738,5275,261323,1730,19190,4995,131356,6391,211424,6715,342780,California
Ventura,2021-04-10,9892,546143,4177,259915,3536,264859,2179,21369,3068,129795,6803,218227,5242,348022,California
Ventura,2021-04-11,2462,548605,865,260780,1019,265878,578,21947,691,129303,1759,219986,1267,349289,California
Ventura,2021-04-12,9120,557725,4543,265323,3742,269620,835,22782,3816,128664,5283,225269,4644,353933,California
Ventura,2021-04-13,8956,566681,4565,269888,4385,274005,6,22788,3783,127321,5132,230401,3789,357722,California
Ventura,2021-04-14,8912,575593,4148,274036,4749,278754,15,22803,3408,125289,5460,235861,3428,361150,California
Ventura,2021-04-15,9548,585141,4614,278650,4907,283661,27,22830,4104,124019,5402,241263,4132,365282,California
Ventura,2021-04-16,10372,595513,4583,283233,5787,289448,2,22832,4872,123427,5471,246734,4879,370161,California
Ventura,2021-04-17,9090,604603,5430,288663,3646,293094,14,22846,5284,124935,3789,250523,5297,375458,California
Ventura,2021-04-18,2236,606839,1102,289765,1134,294228,0,22846,967,124642,1261,251784,968,376426,California
Ventura,2021-04-19,8192,615031,4895,294660,3294,297522,3,22849,4702,125885,3463,255247,4706,381132,California
Ventura,2021-04-20,9604,624635,5108,299768,4491,302013,5,22854,4522,125360,5052,260299,4527,385659,California
Ventura,2021-04-21,9249,633884,4818,304586,4425,306438,6,22860,4424,124990,4799,265098,4429,390088,California
Ventura,2021-04-22,10206,644090,5588,310174,4617,311055,1,22861,4532,123876,5649,270747,4535,394623,California
Ventura,2021-04-23,11051,655141,5518,315692,5532,316587,1,22862,5490,123837,5531,276278,5492,400115,California
Ventura,2021-04-24,10587,665728,5917,321609,4670,321257,0,22862,6218,125708,4348,280626,6219,406334,California
Ventura,2021-04-25,2492,668220,1721,323330,771,322028,0,22862,1157,125534,1331,281957,1157,407491,California
Ventura,2021-04-26,8043,676263,4623,327953,3353,325381,67,22929,3345,124274,4667,286624,3407,410898,California
Ventura,2021-04-27,9232,685495,5156,333109,3847,329228,229,23158,3475,122242,5735,292359,3703,414601,California
Ventura,2021-04-28,8457,693952,4901,338010,3235,332463,321,23479,3315,120770,5110,297469,3638,418239,California
Ventura,2021-04-29,7968,701920,4298,342308,3406,335869,264,23743,2832,118759,5106,302575,3095,421334,California
Ventura,2021-04-30,9547,711467,5516,347824,3755,339624,276,24019,3935,117384,5577,308152,4202,425536,California
Ventura,2021-05-01,5165,716632,3645,351469,1412,341036,108,24127,2038,116433,3093,311245,2142,427678,California
Ventura,2021-05-02,2143,718775,1433,352902,619,341655,91,24218,1039,116467,1097,312342,1131,428809,California
Ventura,2021-05-03,6344,725119,3896,356798,2160,343815,288,24506,1981,114396,4340,316682,2269,431078,California
Ventura,2021-05-04,6456,731575,3376,360174,2781,346596,299,24805,2326,112906,4116,320798,2626,433704,California
Ventura,2021-05-05,5477,737052,3065,363239,2150,348746,262,25067,1956,111627,3489,324287,2210,435914,California
Ventura,2021-05-06,6244,743296,3223,366462,2753,351499,268,25335,1995,109664,4227,328514,2264,438178,California
Ventura,2021-05-07,6924,750220,3470,369932,3179,354678,275,25610,2355,107754,4539,333053,2629,440807,California
Ventura,2021-05-08,5421,755641,4217,374149,1046,355724,158,25768,1222,104949,4183,337236,1378,442185,California
Ventura,2021-05-09,1127,756768,820,374969,261,355985,46,25814,427,104730,691,337927,472,442657,California
Ventura,2021-05-10,6159,762927,4115,379084,1834,357819,210,26024,1384,101563,4760,342687,1593,444250,California
Ventura,2021-05-11,5360,768287,3307,382391,1829,359648,224,26248,1507,99452,3841,346528,1730,445980,California
Ventura,2021-05-12,5074,773361,2993,385384,1861,361509,220,26468,1537,97688,3520,350048,1756,447736,California
Ventura,2021-05-13,6366,779727,3857,389241,2302,363811,207,26675,2273,96095,4076,354124,2483,450219,California
Ventura,2021-05-14,7509,787236,4656,393897,2634,366445,219,26894,2832,94483,4658,358782,3046,453265,California
Ventura,2021-05-15,6756,793992,5394,399291,1275,367720,87,26981,2803,93450,3923,362705,2890,456155,California
Ventura,2021-05-16,2201,796193,1710,401001,439,368159,52,27033,1038,93381,1159,363864,1090,457245,California
Ventura,2021-05-17,5893,802086,3559,404560,2121,370280,213,27246,2401,92518,3476,367340,2613,459858,California
Ventura,2021-05-18,5425,807511,3170,407730,2075,372355,180,27426,2133,91557,3273,370613,2312,462170,California
Ventura,2021-05-19,5851,813362,3534,411264,2106,374461,211,27637,2362,90669,3457,374070,2569,464739,California
Ventura,2021-05-20,5497,818859,3052,414316,2286,376747,159,27796,2135,89628,3331,377401,2290,467029,California
Ventura,2021-05-21,7943,826802,4475,418791,3291,380038,177,27973,2563,87022,5347,382748,2741,469770,California
Ventura,2021-05-22,5667,832469,2901,421692,2691,382729,75,28048,1772,84985,3884,386632,1847,471617,California
Ventura,2021-05-23,1997,834466,1533,423225,392,383121,72,28120,748,84565,1240,387872,820,472437,California
Ventura,2021-05-24,4545,839011,2463,425688,1914,385035,168,28288,1449,83103,3076,390948,1614,474051,California
Ventura,2021-05-25,4296,843307,2231,427919,1913,386948,152,28440,1416,81808,2862,393810,1567,475618,California
Ventura,2021-05-26,4297,847604,2289,430208,1843,388791,165,28605,1654,81008,2621,396431,1821,477439,California
Ventura,2021-05-27,3878,851482,1913,432121,1836,390627,129,28734,1383,80036,2482,398913,1510,478949,California
Ventura,2021-05-28,4574,856056,2479,434600,1901,392528,194,28928,1978,79628,2574,401487,2166,481115,California
Ventura,2021-05-29,2158,858214,1352,435952,739,393267,67,28995,1046,79642,1099,402586,1113,482228,California
Ventura,2021-05-30,915,859129,585,436537,276,393543,54,29049,359,79503,551,403137,412,482640,California
Ventura,2021-05-31,258,859387,139,436676,110,393653,9,29058,61,79377,196,403333,70,482710,California
Ventura,2021-06-01,4016,863403,2284,438960,1566,395219,166,29224,1294,78138,2699,406032,1460,484170,California
Ventura,2021-06-02,2966,866369,1634,440594,1196,396415,136,29360,1005,77334,1945,407977,1141,485311,California
Ventura,2021-06-03,3248,869617,2010,442604,1083,397498,155,29515,885,76022,2351,410328,1039,486350,California
Ventura,2021-06-04,4594,874211,3022,445626,1411,398909,161,29676,1418,74439,3162,413490,1579,487929,California
Ventura,2021-06-05,3827,878038,3198,448824,565,399474,64,29740,1157,73003,2658,416148,1222,489151,California
Ventura,2021-06-06,1260,879298,1080,449904,135,399609,45,29785,287,72371,963,417111,331,489482,California
Ventura,2021-06-07,3167,882465,2356,452260,700,400309,111,29896,946,71222,2205,419316,1056,490538,California
Ventura,2021-06-08,3032,885497,1996,454256,901,401210,135,30031,885,70111,2131,421447,1020,491558,California
Ventura,2021-06-09,2946,888443,2052,456308,789,401999,105,30136,767,68817,2166,423613,872,492430,California
Ventura,2021-06-10,3043,891486,2129,458437,812,402811,102,30238,812,67511,2218,425831,912,493342,California
Ventura,2021-06-11,3477,894963,2392,460829,948,403759,137,30375,978,66136,2487,428318,1112,494454,California
Ventura,2021-06-12,2155,897118,1690,462519,419,404178,46,30421,515,65068,1629,429947,561,495015,California
Ventura,2021-06-13,1019,898137,782,463301,173,404351,64,30485,234,64585,783,430730,300,495315,California
Ventura,2021-06-14,2647,900784,1805,465106,711,405062,131,30616,817,63713,1819,432549,947,496262,California
Ventura,2021-06-15,2429,903213,1566,466672,753,405815,110,30726,846,63097,1570,434119,954,497216,California
Ventura,2021-06-16,2484,905697,1818,468490,560,406375,106,30832,824,62386,1640,435759,929,498145,California
Ventura,2021-06-17,2220,907917,1553,470043,567,406942,100,30932,815,61905,1396,437155,915,499060,California
Ventura,2021-06-18,2964,910881,2092,472135,748,407690,124,31056,977,61034,1972,439127,1101,500161,California
Ventura,2021-06-19,1380,912261,1069,473204,286,407976,25,31081,524,60738,845,439972,549,500710,California
Ventura,2021-06-20,692,912953,537,473741,114,408090,41,31122,259,60608,430,440402,300,501010,California
Ventura,2021-06-21,1682,914635,1076,474817,488,408578,118,31240,836,60725,836,441238,953,501963,California
Ventura,2021-06-22,1968,916603,1378,476195,491,409069,99,31339,735,60335,1223,442461,833,502796,California
Ventura,2021-06-23,1788,918391,1226,477421,453,409522,109,31448,741,60149,1035,443496,849,503645,California
Ventura,2021-06-24,1821,920212,1198,478619,504,410026,119,31567,723,59904,1087,444583,842,504487,California
Ventura,2021-06-25,2419,922631,1613,480232,631,410657,175,31742,879,59429,1529,446112,1054,505541,California
Ventura,2021-06-26,1553,924184,1265,481497,225,410882,63,31805,521,58988,1025,447137,584,506125,California
Ventura,2021-06-27,582,924766,453,481950,103,410985,26,31831,259,58953,320,447457,285,506410,California
Ventura,2021-06-28,1773,926539,1428,483378,246,411231,99,31930,723,58737,1038,448495,822,507232,California
Ventura,2021-06-29,1666,928205,1112,484490,462,411693,92,32022,686,58541,972,449467,776,508008,California
Ventura,2021-06-30,1582,929787,1115,485605,369,412062,98,32120,773,58607,802,450269,868,508876,California
Ventura,2021-07-01,1464,931251,1085,486690,303,412365,76,32196,627,58483,826,451095,702,509578,California
Ventura,2021-07-02,1777,933028,1212,487902,471,412836,94,32290,824,58457,944,452039,918,510496,California
Ventura,2021-07-03,892,933920,669,488571,187,413023,36,32326,445,58498,440,452479,481,510977,California
Ventura,2021-07-04,61,933981,44,488615,13,413036,4,32330,27,58495,34,452513,31,511008,California
Ventura,2021-07-05,953,934934,695,489310,192,413228,66,32396,407,58424,543,453056,472,511480,California
Ventura,2021-07-06,1503,936437,1046,490356,384,413612,73,32469,646,58294,849,453905,719,512199,California
Ventura,2021-07-07,1524,937961,1059,491415,365,413977,100,32569,585,58047,932,454837,685,512884,California
Ventura,2021-07-08,1741,939702,1341,492756,331,414308,69,32638,722,57828,1010,455847,791,513675,California
Ventura,2021-07-09,1595,941297,1165,493921,333,414641,97,32735,666,57675,911,456758,758,514433,California
Ventura,2021-07-10,891,942188,690,494611,151,414792,50,32785,439,57717,448,457206,490,514923,California
Ventura,2021-07-11,375,942563,302,494913,60,414852,13,32798,137,57631,236,457442,150,515073,California
Yolo,2020-12-15,39,39,39,39,0,0,0,0,39,39,0,0,39,39,California
Yolo,2020-12-16,80,119,80,119,0,0,0,0,80,119,0,0,80,119,California
Yolo,2020-12-17,107,226,107,226,0,0,0,0,107,226,0,0,107,226,California
Yolo,2020-12-18,231,457,231,457,0,0,0,0,231,457,0,0,231,457,California
Yolo,2020-12-19,87,544,87,544,0,0,0,0,87,544,0,0,87,544,California
Yolo,2020-12-20,102,646,102,646,0,0,0,0,102,646,0,0,102,646,California
Yolo,2020-12-21,253,899,253,899,0,0,0,0,253,899,0,0,253,899,California
Yolo,2020-12-22,386,1285,385,1284,1,1,0,0,386,1285,0,0,386,1285,California
Yolo,2020-12-23,439,1724,419,1703,20,21,0,0,439,1724,0,0,439,1724,California
Yolo,2020-12-24,153,1877,96,1799,57,78,0,0,153,1877,0,0,153,1877,California
Yolo,2020-12-25,1,1878,1,1800,0,78,0,0,1,1878,0,0,1,1878,California
Yolo,2020-12-26,75,1953,25,1825,50,128,0,0,75,1953,0,0,75,1953,California
Yolo,2020-12-27,46,1999,19,1844,27,155,0,0,46,1999,0,0,46,1999,California
Yolo,2020-12-28,404,2403,235,2079,169,324,0,0,404,2403,0,0,404,2403,California
Yolo,2020-12-29,492,2895,268,2347,224,548,0,0,492,2895,0,0,492,2895,California
Yolo,2020-12-30,626,3521,256,2603,370,918,0,0,626,3521,0,0,626,3521,California
Yolo,2020-12-31,183,3704,93,2696,90,1008,0,0,183,3704,0,0,183,3704,California
Yolo,2021-01-01,58,3762,56,2752,2,1010,0,0,58,3762,0,0,58,3762,California
Yolo,2021-01-02,72,3834,28,2780,44,1054,0,0,72,3834,0,0,72,3834,California
Yolo,2021-01-03,44,3878,19,2799,25,1079,0,0,44,3878,0,0,44,3878,California
Yolo,2021-01-04,192,4070,41,2840,151,1230,0,0,192,4070,0,0,192,4070,California
Yolo,2021-01-05,619,4689,238,3078,381,1611,0,0,554,4559,65,65,554,4624,California
Yolo,2021-01-06,484,5173,183,3261,301,1912,0,0,347,4769,137,202,347,4971,California
Yolo,2021-01-07,713,5886,234,3495,479,2391,0,0,520,5097,192,394,520,5491,California
Yolo,2021-01-08,632,6518,312,3807,320,2711,0,0,406,5278,225,619,406,5897,California
Yolo,2021-01-09,411,6929,73,3880,338,3049,0,0,365,5597,46,665,365,6262,California
Yolo,2021-01-10,394,7323,80,3960,314,3363,0,0,324,5851,70,735,324,6586,California
Yolo,2021-01-11,565,7888,329,4289,236,3599,0,0,290,5868,275,1010,292,6878,California
Yolo,2021-01-12,563,8451,443,4732,120,3719,0,0,194,5694,369,1379,195,7073,California
Yolo,2021-01-13,776,9227,314,5046,462,4181,0,0,522,5962,254,1633,522,7595,California
Yolo,2021-01-14,381,9608,184,5230,197,4378,0,0,277,6135,104,1737,277,7872,California
Yolo,2021-01-15,634,10242,323,5553,311,4689,0,0,551,6604,83,1820,552,8424,California
Yolo,2021-01-16,748,10990,96,5649,652,5341,0,0,717,7290,31,1851,717,9141,California
Yolo,2021-01-17,191,11181,121,5770,70,5411,0,0,184,7467,7,1858,184,9325,California
Yolo,2021-01-18,485,11666,305,6075,180,5591,0,0,333,7648,152,2010,333,9658,California
Yolo,2021-01-19,561,12227,372,6447,189,5780,0,0,384,7855,177,2187,384,10042,California
Yolo,2021-01-20,661,12888,384,6831,277,6057,0,0,470,8135,190,2377,470,10512,California
Yolo,2021-01-21,649,13537,384,7215,265,6322,0,0,460,8406,189,2566,460,10972,California
Yolo,2021-01-22,758,14295,255,7470,503,6825,0,0,640,8930,116,2682,640,11612,California
Yolo,2021-01-23,628,14923,126,7596,502,7327,0,0,578,9458,50,2732,578,12190,California
Yolo,2021-01-24,207,15130,123,7719,84,7411,0,0,166,9583,41,2773,166,12356,California
Yolo,2021-01-25,741,15871,163,7882,578,7989,0,0,520,9881,222,2995,520,12876,California
Yolo,2021-01-26,832,16703,330,8212,502,8491,0,0,435,9919,397,3392,435,13311,California
Yolo,2021-01-27,685,17388,230,8442,455,8946,0,0,402,10038,283,3675,402,13713,California
Yolo,2021-01-28,1056,18444,564,9006,492,9438,0,0,930,10843,125,3800,930,14643,California
Yolo,2021-01-29,994,19438,265,9271,729,10167,0,0,909,11668,84,3884,909,15552,California
Yolo,2021-01-30,1529,20967,923,10194,606,10773,0,0,1406,12957,117,4001,1406,16958,California
Yolo,2021-01-31,238,21205,200,10394,38,10811,0,0,209,13138,28,4029,209,17167,California
Yolo,2021-02-01,859,22064,365,10759,494,11305,0,0,622,13526,234,4263,622,17789,California
Yolo,2021-02-02,1350,23414,755,11514,595,11900,0,0,933,14043,417,4680,934,18723,California
Yolo,2021-02-03,1534,24948,400,11914,1134,13034,0,0,1192,14896,339,5019,1192,19915,California
Yolo,2021-02-04,1809,26757,281,12195,1528,14562,0,0,1254,15606,545,5564,1255,21170,California
Yolo,2021-02-05,1613,28370,917,13112,696,15258,0,0,1209,16413,403,5967,1210,22380,California
Yolo,2021-02-06,1929,30299,1254,14366,675,15933,0,0,1563,17611,366,6333,1564,23944,California
Yolo,2021-02-07,524,30823,253,14619,271,16204,0,0,173,17434,350,6683,173,24117,California
Yolo,2021-02-08,952,31775,334,14953,618,16822,0,0,605,17696,343,7026,605,24722,California
Yolo,2021-02-09,861,32636,387,15340,474,17296,0,0,573,17981,288,7314,573,25295,California
Yolo,2021-02-10,1478,34114,480,15820,998,18294,0,0,830,18165,648,7962,832,26127,California
Yolo,2021-02-11,1581,35695,808,16628,773,19067,0,0,1187,18958,394,8356,1187,27314,California
Yolo,2021-02-12,1948,37643,760,17388,1188,20255,0,0,1459,19933,485,8841,1460,28774,California
Yolo,2021-02-13,2073,39716,716,18104,1357,21612,0,0,1394,20648,679,9520,1394,30168,California
Yolo,2021-02-14,573,40289,156,18260,417,22029,0,0,448,20972,124,9644,448,30616,California
Yolo,2021-02-15,535,40824,192,18452,343,22372,0,0,266,20970,269,9913,267,30883,California
Yolo,2021-02-16,1151,41975,433,18885,718,23090,0,0,821,21462,330,10243,822,31705,California
Yolo,2021-02-17,1393,43368,703,19588,690,23780,0,0,991,22052,402,10645,992,32697,California
Yolo,2021-02-18,2512,45880,822,20410,1690,25470,0,0,1728,22998,783,11428,1729,34426,California
Yolo,2021-02-19,1775,47655,756,21166,1019,26489,0,0,1145,23515,628,12056,1145,35571,California
Yolo,2021-02-20,2572,50227,958,22124,1614,28103,0,0,1386,23721,1181,13237,1387,36958,California
Yolo,2021-02-21,326,50553,236,22360,90,28193,0,0,108,23612,217,13454,108,37066,California
Yolo,2021-02-22,1417,51970,620,22980,797,28990,0,0,711,23619,704,14158,711,37777,California
Yolo,2021-02-23,1175,53145,882,23862,293,29283,0,0,446,23338,727,14885,446,38223,California
Yolo,2021-02-24,2140,55285,612,24474,1528,30811,0,0,1400,24000,738,15623,1400,39623,California
Yolo,2021-02-25,1438,56723,505,24979,933,31744,0,0,938,24439,499,16122,938,40561,California
Yolo,2021-02-26,2697,59420,1059,26038,1638,33382,0,0,1323,24392,1370,17492,1323,41884,California
Yolo,2021-02-27,1712,61132,781,26819,931,34313,0,0,1256,25192,456,17948,1256,43140,California
Yolo,2021-02-28,1833,62965,1525,28344,308,34621,0,0,711,24784,1120,19068,712,43852,California
Yolo,2021-03-01,1157,64122,374,28718,783,35404,0,0,698,25026,456,19524,698,44550,California
Yolo,2021-03-02,1509,65631,706,29424,803,36207,0,0,959,25435,550,20074,959,45509,California
Yolo,2021-03-03,1896,67527,647,30071,1249,37456,0,0,856,25253,1038,21112,856,46365,California
Yolo,2021-03-04,3043,70570,1466,31537,1577,39033,0,0,1580,25373,1460,22572,1580,47945,California
Yolo,2021-03-05,2496,73066,1410,32947,1075,40108,11,11,1519,25927,976,23548,1530,49475,California
Yolo,2021-03-06,1491,74557,1137,34084,325,40433,29,40,848,26164,640,24188,877,50352,California
Yolo,2021-03-07,942,75499,682,34766,234,40667,26,66,788,26824,154,24342,814,51166,California
Yolo,2021-03-08,1348,76847,501,35267,803,41470,44,110,891,27303,456,24798,935,52101,California
Yolo,2021-03-09,1587,78434,691,35958,834,42304,62,172,966,27712,619,25417,1028,53129,California
Yolo,2021-03-10,2220,80654,1063,37021,865,43169,292,464,979,27739,1236,26653,1263,54392,California
Yolo,2021-03-11,2721,83375,1608,38629,1044,44213,69,533,1815,28718,905,27558,1884,56276,California
Yolo,2021-03-12,2934,86309,1361,39990,1491,45704,82,615,1380,28636,1545,29103,1463,57739,California
Yolo,2021-03-13,1963,88272,737,40727,1050,46754,176,791,1030,28911,930,30033,1205,58944,California
Yolo,2021-03-14,1070,89342,214,40941,706,47460,150,941,528,29043,540,30573,672,59616,California
Yolo,2021-03-15,1679,91021,771,41712,727,48187,181,1122,1058,29658,619,31192,1234,60850,California
Yolo,2021-03-16,2036,93057,733,42445,1230,49417,73,1195,1240,30175,795,31987,1312,62162,California
Yolo,2021-03-17,2533,95590,989,43434,1472,50889,72,1267,1732,31213,797,32784,1835,63997,California
Yolo,2021-03-18,3055,98645,1043,44477,1785,52674,227,1494,1262,30913,1789,34573,1489,65486,California
Yolo,2021-03-19,2112,100757,878,45355,1166,53840,68,1562,1084,31044,1022,35595,1153,66639,California
Yolo,2021-03-20,2783,103540,818,46173,1922,55762,43,1605,1093,30498,1684,37279,1138,67777,California
Yolo,2021-03-21,318,103858,217,46390,93,55855,8,1613,177,30543,140,37419,185,67962,California
Yolo,2021-03-22,1412,105270,497,46887,855,56710,60,1673,914,31020,496,37915,973,68935,California
Yolo,2021-03-23,1758,107028,945,47832,756,57466,57,1730,1080,31480,676,38591,1136,70071,California
Yolo,2021-03-24,2894,109922,1407,49239,1436,58902,51,1781,1399,31450,1481,40072,1451,71522,California
Yolo,2021-03-25,2545,112467,1406,50645,1110,60012,29,1810,1242,31428,1293,41365,1271,72793,California
Yolo,2021-03-26,2408,114875,1262,51907,1126,61138,20,1830,1022,31090,1379,42744,1041,73834,California
Yolo,2021-03-27,1668,116543,459,52366,1191,62329,18,1848,741,30923,926,43670,759,74593,California
Yolo,2021-03-28,1110,117653,863,53229,228,62557,19,1867,248,30331,858,44528,266,74859,California
Yolo,2021-03-29,2040,119693,827,54056,1183,63740,30,1897,969,30263,1067,45595,999,75858,California
Yolo,2021-03-30,2334,122027,1124,55180,1189,64929,21,1918,1207,30370,1122,46717,1229,77087,California
Yolo,2021-03-31,2368,124395,1235,56415,1096,66025,37,1955,1182,30403,1185,47902,1218,78305,California
Yolo,2021-04-01,3866,128261,1867,58282,1520,67545,479,2434,1598,30214,2265,50167,2076,80381,California
Yolo,2021-04-02,3411,131672,1527,59809,1737,69282,147,2581,2064,31085,1340,51507,2211,82592,California
Yolo,2021-04-03,1829,133501,1105,60914,502,69784,222,2803,809,31098,1018,52525,1031,83623,California
Yolo,2021-04-04,391,133892,157,61071,173,69957,61,2864,142,31053,248,52773,203,83826,California
Yolo,2021-04-05,1932,135824,740,61811,1092,71049,100,2964,899,31025,1028,53801,1000,84826,California
Yolo,2021-04-06,2605,138429,1325,63136,1107,72156,173,3137,1141,30883,1454,55255,1312,86138,California
Yolo,2021-04-07,3003,141432,1521,64657,1126,73282,356,3493,1746,31737,1252,56507,2106,88244,California
Yolo,2021-04-08,2436,143868,1012,65669,948,74230,476,3969,855,31486,1579,58086,1328,89572,California
Yolo,2021-04-09,2612,146480,926,66595,1104,75334,582,4551,835,31120,1774,59860,1408,90980,California
Yolo,2021-04-10,1769,148249,829,67424,757,76091,183,4734,1026,31589,739,60599,1208,92188,California
Yolo,2021-04-11,894,149143,285,67709,565,76656,44,4778,362,31465,529,61128,405,92593,California
Yolo,2021-04-12,1781,150924,527,68236,1111,77767,143,4921,789,31410,988,62116,933,93526,California
Yolo,2021-04-13,1994,152918,918,69154,1076,78843,0,4921,919,31255,1074,63190,919,94445,California
Yolo,2021-04-14,2807,155725,773,69927,2034,80877,0,4921,1371,31198,1428,64618,1371,95816,California
Yolo,2021-04-15,3369,159094,1146,71073,2223,83100,0,4921,2290,32416,1072,65690,2290,98106,California
Yolo,2021-04-16,3096,162190,1995,73068,1101,84201,0,4921,1977,33282,1111,66801,1977,100083,California
Yolo,2021-04-17,1639,163829,479,73547,1160,85361,0,4921,852,33352,782,67583,852,100935,California
Yolo,2021-04-18,648,164477,318,73865,330,85691,0,4921,362,33433,281,67864,362,101297,California
Yolo,2021-04-19,1691,166168,729,74594,961,86652,1,4922,778,33304,908,68772,779,102076,California
Yolo,2021-04-20,2081,168249,1075,75669,1006,87658,0,4922,1072,33369,1007,69779,1072,103148,California
Yolo,2021-04-21,2080,170329,1063,76732,1017,88675,0,4922,1119,33533,955,70734,1119,104267,California
Yolo,2021-04-22,1993,172322,914,77646,1079,89754,0,4922,985,33517,1002,71736,986,105253,California
Yolo,2021-04-23,2662,174984,1561,79207,1101,90855,0,4922,1169,33205,1481,73217,1169,106422,California
Yolo,2021-04-24,1181,176165,648,79855,530,91385,3,4925,468,32972,704,73921,471,106893,California
Yolo,2021-04-25,952,177117,408,80263,544,91929,0,4925,728,33477,223,74144,728,107621,California
Yolo,2021-04-26,1256,178373,498,80761,755,92684,3,4928,534,33296,719,74863,538,108159,California
Yolo,2021-04-27,1568,179941,740,81501,808,93492,20,4948,607,32963,960,75823,627,108786,California
Yolo,2021-04-28,2077,182018,1029,82530,1021,94513,27,4975,750,32416,1324,77147,777,109563,California
Yolo,2021-04-29,1802,183820,854,83384,864,95377,84,5059,711,32122,1087,78234,793,110356,California
Yolo,2021-04-30,2111,185931,1089,84473,964,96341,58,5117,1043,32162,1061,79295,1101,111457,California
Yolo,2021-05-01,1289,187220,999,85472,270,96611,20,5137,376,31647,911,80206,396,111853,California
Yolo,2021-05-02,519,187739,427,85899,69,96680,23,5160,323,31797,196,80402,346,112199,California
Yolo,2021-05-03,1132,188871,406,86305,692,97372,34,5194,301,31303,828,81230,334,112533,California
Yolo,2021-05-04,1471,190342,683,86988,764,98136,24,5218,507,30875,959,82189,531,113064,California
Yolo,2021-05-05,1597,191939,455,87443,1075,99211,67,5285,462,30276,1128,83317,529,113593,California
Yolo,2021-05-06,1531,193470,718,88161,731,99942,82,5367,497,29838,1017,84334,579,114172,California
Yolo,2021-05-07,2334,195804,1403,89564,880,100822,51,5418,466,28493,1860,86194,515,114687,California
Yolo,2021-05-08,852,196656,374,89938,422,101244,56,5474,320,28339,528,86722,374,115061,California
Yolo,2021-05-09,402,197058,172,90110,217,101461,13,5487,91,28133,310,87032,104,115165,California
Yolo,2021-05-10,1191,198249,359,90469,786,102247,46,5533,204,27397,985,88017,249,115414,California
Yolo,2021-05-11,1180,199429,697,91166,461,102708,22,5555,294,26833,880,88897,316,115730,California
Yolo,2021-05-12,1835,201264,715,91881,1087,103795,33,5588,336,25712,1493,90390,372,116102,California
Yolo,2021-05-13,2617,203881,862,92743,1700,105495,55,5643,666,24486,1947,92337,721,116823,California
Yolo,2021-05-14,2440,206321,1523,94266,886,106381,31,5674,1189,24461,1245,93582,1220,118043,California
Yolo,2021-05-15,1280,207601,732,94998,501,106882,47,5721,660,24549,619,94201,707,118750,California
Yolo,2021-05-16,1456,209057,1238,96236,211,107093,7,5728,1011,25126,441,94642,1018,119768,California
Yolo,2021-05-17,1137,210194,447,96683,672,107765,18,5746,349,24709,784,95426,367,120135,California
Yolo,2021-05-18,1803,211997,1110,97793,670,108435,23,5769,919,24774,877,96303,942,121077,California
Yolo,2021-05-19,1304,213301,588,98381,677,109112,39,5808,519,24550,782,97085,558,121635,California
Yolo,2021-05-20,1228,214529,699,99080,503,109615,26,5834,383,24120,839,97924,409,122044,California
Yolo,2021-05-21,1445,215974,931,100011,487,110102,27,5861,353,23413,1085,99009,378,122422,California
Yolo,2021-05-22,827,216801,542,100553,277,110379,8,5869,282,23168,536,99545,291,122713,California
Yolo,2021-05-23,620,217421,165,100718,439,110818,16,5885,108,22783,510,100055,125,122838,California
Yolo,2021-05-24,710,218131,351,101069,339,111157,20,5905,220,22537,487,100542,241,123079,California
Yolo,2021-05-25,884,219015,513,101582,348,111505,23,5928,343,22368,535,101077,366,123445,California
Yolo,2021-05-26,820,219835,269,101851,518,112023,33,5961,246,22077,570,101647,279,123724,California
Yolo,2021-05-27,760,220595,379,102230,330,112353,51,6012,300,21973,455,102102,351,124075,California
Yolo,2021-05-28,884,221479,402,102632,453,112806,29,6041,378,21877,501,102603,405,124480,California
Yolo,2021-05-29,600,222079,345,102977,219,113025,36,6077,273,21859,324,102927,306,124786,California
Yolo,2021-05-30,136,222215,71,103048,58,113083,7,6084,55,21842,79,103006,62,124848,California
Yolo,2021-05-31,68,222283,18,103066,48,113131,2,6086,16,21807,52,103058,17,124865,California
Yolo,2021-06-01,755,223038,326,103392,405,113536,24,6110,245,21572,504,103562,269,125134,California
Yolo,2021-06-02,758,223796,302,103694,435,113971,21,6131,230,21298,525,104087,251,125385,California
Yolo,2021-06-03,931,224727,593,104287,314,114285,24,6155,212,20819,715,104802,236,125621,California
Yolo,2021-06-04,1497,226224,1217,105504,258,114543,22,6177,380,20108,1112,105914,401,126022,California
Yolo,2021-06-05,719,226943,548,106052,154,114697,17,6194,148,19702,571,106485,165,126187,California
Yolo,2021-06-06,1117,228060,1052,107104,58,114755,7,6201,163,18919,953,107438,170,126357,California
Yolo,2021-06-07,515,228575,269,107373,226,114981,20,6221,112,18652,398,107836,131,126488,California
Yolo,2021-06-08,1044,229619,814,108187,212,115193,18,6239,200,18026,843,108679,217,126705,California
Yolo,2021-06-09,793,230412,491,108678,271,115464,31,6270,216,17700,572,109251,246,126951,California
Yolo,2021-06-10,569,230981,359,109037,177,115641,33,6303,166,17499,400,109651,199,127150,California
Yolo,2021-06-11,659,231640,451,109488,184,115825,24,6327,193,17252,464,110115,217,127367,California
Yolo,2021-06-12,482,232122,278,109766,179,116004,25,6352,143,17084,336,110451,168,127535,California
Yolo,2021-06-13,154,232276,115,109881,38,116042,1,6353,60,17053,93,110544,62,127597,California
Yolo,2021-06-14,411,232687,255,110136,123,116165,33,6386,129,16935,281,110825,163,127760,California
Yolo,2021-06-15,772,233459,400,110536,346,116511,26,6412,237,16669,529,111354,263,128023,California
Yolo,2021-06-16,474,233933,243,110779,189,116700,42,6454,168,16573,304,111658,208,128231,California
Yolo,2021-06-17,496,234429,315,111094,125,116825,56,6510,173,16481,321,111979,229,128460,California
Yolo,2021-06-18,556,234985,398,111492,136,116961,22,6532,209,16367,344,112323,230,128690,California
Yolo,2021-06-19,323,235308,207,111699,99,117060,17,6549,119,16300,203,112526,136,128826,California
Yolo,2021-06-20,113,235421,73,111772,36,117096,4,6553,62,16317,49,112575,66,128892,California
Yolo,2021-06-21,207,235628,88,111860,100,117196,19,6572,112,16355,93,112668,131,129023,California
Yolo,2021-06-22,522,236150,296,112156,206,117402,20,6592,235,16325,285,112953,255,129278,California
Yolo,2021-06-23,377,236527,213,112369,146,117548,18,6610,151,16271,223,113176,169,129447,California
Yolo,2021-06-24,398,236925,247,112616,108,117656,43,6653,175,16267,222,113398,218,129665,California
Yolo,2021-06-25,551,237476,385,113001,121,117777,45,6698,191,16147,356,113754,236,129901,California
Yolo,2021-06-26,271,237747,165,113166,82,117859,24,6722,110,16121,159,113913,133,130034,California
Yolo,2021-06-27,179,237926,142,113308,32,117891,5,6727,64,16074,115,114028,68,130102,California
Yolo,2021-06-28,255,238181,130,113438,52,117943,73,6800,108,16108,146,114174,180,130282,California
Yolo,2021-06-29,421,238602,265,113703,107,118050,49,6849,154,16047,264,114438,203,130485,California
Yolo,2021-06-30,366,238968,205,113908,134,118184,27,6876,134,15975,232,114670,160,130645,California
Yolo,2021-07-01,306,239274,171,114079,103,118287,32,6908,111,15925,192,114862,142,130787,California
Yolo,2021-07-02,343,239617,232,114311,99,118386,12,6920,140,15875,202,115064,152,130939,California
Yolo,2021-07-03,206,239823,128,114439,74,118460,4,6924,91,15855,115,115179,95,131034,California
Yolo,2021-07-04,73,239896,41,114480,27,118487,5,6929,22,15832,50,115229,27,131061,California
Yolo,2021-07-05,139,240035,84,114564,50,118537,5,6934,67,15833,71,115300,72,131133,California
Yolo,2021-07-06,360,240395,239,114803,102,118639,19,6953,136,15768,221,115521,156,131289,California
Yolo,2021-07-07,374,240769,196,114999,113,118752,65,7018,145,15749,228,115749,209,131498,California
Yolo,2021-07-08,298,241067,193,115192,91,118843,14,7032,121,15710,173,115922,134,131632,California
Yolo,2021-07-09,356,241423,246,115438,94,118937,16,7048,138,15652,212,116134,154,131786,California
Yolo,2021-07-10,186,241609,130,115568,44,118981,12,7060,76,15631,109,116243,88,131874,California
Yolo,2021-07-11,54,241663,33,115601,21,119002,0,7060,22,15621,32,116275,22,131896,California
Yuba,2020-12-16,4,4,4,4,0,0,0,0,4,4,0,0,4,4,California
Yuba,2020-12-17,4,8,4,8,0,0,0,0,4,8,0,0,4,8,California
Yuba,2020-12-18,9,17,9,17,0,0,0,0,9,17,0,0,9,17,California
Yuba,2020-12-19,12,29,12,29,0,0,0,0,12,29,0,0,12,29,California
Yuba,2020-12-20,19,48,19,48,0,0,0,0,19,48,0,0,19,48,California
Yuba,2020-12-21,41,89,41,89,0,0,0,0,41,89,0,0,41,89,California
Yuba,2020-12-22,85,174,85,174,0,0,0,0,85,174,0,0,85,174,California
Yuba,2020-12-23,65,239,63,237,2,2,0,0,65,239,0,0,65,239,California
Yuba,2020-12-24,20,259,10,247,10,12,0,0,20,259,0,0,20,259,California
Yuba,2020-12-25,1,260,1,248,0,12,0,0,1,260,0,0,1,260,California
Yuba,2020-12-26,14,274,13,261,1,13,0,0,14,274,0,0,14,274,California
Yuba,2020-12-27,15,289,15,276,0,13,0,0,15,289,0,0,15,289,California
Yuba,2020-12-28,51,340,35,311,16,29,0,0,51,340,0,0,51,340,California
Yuba,2020-12-29,74,414,10,321,64,93,0,0,74,414,0,0,74,414,California
Yuba,2020-12-30,63,477,20,341,43,136,0,0,63,477,0,0,63,477,California
Yuba,2020-12-31,39,516,6,347,33,169,0,0,39,516,0,0,39,516,California
Yuba,2021-01-02,20,536,19,366,1,170,0,0,20,536,0,0,20,536,California
Yuba,2021-01-03,10,546,6,372,4,174,0,0,10,546,0,0,10,546,California
Yuba,2021-01-04,93,639,23,395,70,244,0,0,93,639,0,0,93,639,California
Yuba,2021-01-05,71,710,39,434,32,276,0,0,70,708,1,1,70,709,California
Yuba,2021-01-06,153,863,76,510,77,353,0,0,147,849,6,7,147,856,California
Yuba,2021-01-07,74,937,18,528,56,409,0,0,71,916,4,11,71,927,California
Yuba,2021-01-08,73,1010,23,551,50,459,0,0,66,975,7,18,66,993,California
Yuba,2021-01-09,19,1029,16,567,3,462,0,0,11,978,8,26,11,1004,California
Yuba,2021-01-10,117,1146,22,589,95,557,0,0,95,1051,22,48,95,1099,California
Yuba,2021-01-11,73,1219,50,639,23,580,0,0,33,1044,40,88,33,1132,California
Yuba,2021-01-12,109,1328,78,717,31,611,0,0,44,1023,65,153,44,1176,California
Yuba,2021-01-13,119,1447,72,789,47,658,0,0,54,1013,64,217,54,1230,California
Yuba,2021-01-14,114,1561,44,833,70,728,0,0,102,1103,12,229,102,1332,California
Yuba,2021-01-15,205,1766,86,919,119,847,0,0,195,1288,10,239,195,1527,California
Yuba,2021-01-16,189,1955,22,941,167,1014,0,0,176,1450,14,253,176,1703,California
Yuba,2021-01-17,13,1968,9,950,4,1018,0,0,7,1451,6,259,7,1710,California
Yuba,2021-01-18,61,2029,32,982,29,1047,0,0,36,1462,25,284,36,1746,California
Yuba,2021-01-19,81,2110,30,1012,51,1098,0,0,66,1513,15,299,66,1812,California
Yuba,2021-01-20,133,2243,86,1098,47,1145,0,0,110,1600,23,322,110,1922,California
Yuba,2021-01-21,221,2464,103,1201,118,1263,0,0,212,1803,9,331,212,2134,California
Yuba,2021-01-22,107,2571,7,1208,100,1363,0,0,98,1892,9,340,98,2232,California
Yuba,2021-01-23,198,2769,7,1215,191,1554,0,0,196,2086,2,342,196,2428,California
Yuba,2021-01-24,10,2779,7,1222,3,1557,0,0,8,2092,2,344,8,2436,California
Yuba,2021-01-25,86,2865,30,1252,56,1613,0,0,53,2113,32,376,53,2489,California
Yuba,2021-01-26,148,3013,40,1292,108,1721,0,0,91,2147,57,433,91,2580,California
Yuba,2021-01-27,184,3197,129,1421,55,1776,0,0,117,2197,67,500,117,2697,California
Yuba,2021-01-28,228,3425,89,1510,139,1915,0,0,178,2325,50,550,178,2875,California
Yuba,2021-01-29,149,3574,45,1555,104,2019,0,0,111,2398,38,588,111,2986,California
Yuba,2021-01-30,407,3981,23,1578,384,2403,0,0,396,2783,11,599,396,3382,California
Yuba,2021-01-31,18,3999,12,1590,6,2409,0,0,16,2797,2,601,16,3398,California
Yuba,2021-02-01,156,4155,75,1665,81,2490,0,0,131,2905,24,625,132,3530,California
Yuba,2021-02-02,127,4282,22,1687,105,2595,0,0,103,2984,24,649,103,3633,California
Yuba,2021-02-03,230,4512,30,1717,200,2795,0,0,116,2987,113,762,116,3749,California
Yuba,2021-02-04,298,4810,120,1837,178,2973,0,0,253,3195,45,807,253,4002,California
Yuba,2021-02-05,148,4958,32,1869,116,3089,0,0,71,3189,77,884,71,4073,California
Yuba,2021-02-06,453,5411,26,1895,427,3516,0,0,445,3626,8,892,445,4518,California
Yuba,2021-02-07,20,5431,13,1908,7,3523,0,0,16,3638,4,896,16,4534,California
Yuba,2021-02-08,98,5529,35,1943,63,3586,0,0,66,3672,32,928,66,4600,California
Yuba,2021-02-09,156,5685,56,1999,100,3686,0,0,85,3686,71,999,85,4685,California
Yuba,2021-02-10,362,6047,176,2175,186,3872,0,0,122,3570,238,1237,122,4807,California
Yuba,2021-02-11,404,6451,67,2242,337,4209,0,0,301,3770,101,1338,301,5108,California
Yuba,2021-02-12,271,6722,28,2270,243,4452,0,0,153,3805,118,1456,153,5261,California
Yuba,2021-02-13,438,7160,36,2306,402,4854,0,0,387,4141,51,1507,387,5648,California
Yuba,2021-02-14,52,7212,10,2316,42,4896,0,0,47,4183,5,1512,47,5695,California
Yuba,2021-02-15,91,7303,36,2352,55,4951,0,0,71,4234,20,1532,71,5766,California
Yuba,2021-02-16,202,7505,55,2407,147,5098,0,0,143,4318,59,1591,143,5909,California
Yuba,2021-02-17,380,7885,158,2565,222,5320,0,0,101,4141,278,1869,101,6010,California
Yuba,2021-02-18,326,8211,49,2614,277,5597,0,0,198,4211,128,1997,198,6208,California
Yuba,2021-02-19,231,8442,82,2696,149,5746,0,0,144,4269,86,2083,144,6352,California
Yuba,2021-02-20,397,8839,30,2726,367,6113,0,0,339,4550,58,2141,339,6691,California
Yuba,2021-02-21,24,8863,14,2740,10,6123,0,0,14,4554,10,2151,14,6705,California
Yuba,2021-02-22,131,8994,82,2822,49,6172,0,0,38,4499,93,2244,38,6743,California
Yuba,2021-02-23,131,9125,28,2850,103,6275,0,0,54,4478,76,2320,55,6798,California
Yuba,2021-02-24,498,9623,143,2993,355,6630,0,0,112,4204,386,2706,112,6910,California
Yuba,2021-02-25,363,9986,144,3137,219,6849,0,0,223,4287,140,2846,223,7133,California
Yuba,2021-02-26,266,10252,70,3207,196,7045,0,0,147,4317,117,2963,147,7280,California
Yuba,2021-02-27,474,10726,47,3254,427,7472,0,0,386,4617,86,3049,386,7666,California
Yuba,2021-02-28,72,10798,23,3277,49,7521,0,0,48,4641,24,3073,48,7714,California
Yuba,2021-03-01,164,10962,43,3320,121,7642,0,0,83,4644,80,3153,83,7797,California
Yuba,2021-03-02,160,11122,36,3356,124,7766,0,0,80,4644,80,3233,80,7877,California
Yuba,2021-03-03,627,11749,158,3514,469,8235,0,0,199,4416,427,3660,199,8076,California
Yuba,2021-03-04,471,12220,274,3788,197,8432,0,0,327,4600,143,3803,327,8403,California
Yuba,2021-03-05,326,12546,60,3848,265,8697,1,1,258,4791,68,3871,259,8662,California
Yuba,2021-03-06,476,13022,35,3883,437,9134,4,5,369,5058,106,3977,373,9035,California
Yuba,2021-03-07,57,13079,28,3911,27,9161,2,7,41,5085,16,3993,43,9078,California
Yuba,2021-03-08,160,13239,48,3959,96,9257,16,23,100,5141,60,4053,116,9194,California
Yuba,2021-03-09,182,13421,49,4008,113,9370,20,43,86,5151,96,4149,106,9300,California
Yuba,2021-03-10,738,14159,234,4242,474,9844,30,73,233,4909,505,4654,263,9563,California
Yuba,2021-03-11,441,14600,199,4441,230,10074,12,85,296,5072,145,4799,308,9871,California
Yuba,2021-03-12,467,15067,87,4528,327,10401,53,138,155,4968,312,5111,208,10079,California
Yuba,2021-03-13,464,15531,338,4866,111,10512,15,153,364,5248,99,5210,379,10458,California
Yuba,2021-03-14,107,15638,20,4886,77,10589,10,163,46,5245,59,5269,56,10514,California
Yuba,2021-03-15,196,15834,50,4936,130,10719,16,179,99,5263,97,5366,115,10629,California
Yuba,2021-03-16,298,16132,74,5010,200,10919,24,203,185,5360,112,5478,209,10838,California
Yuba,2021-03-17,750,16882,165,5175,554,11473,31,234,193,5030,554,6032,224,11062,California
Yuba,2021-03-18,585,17467,160,5335,312,11785,113,347,352,5261,233,6265,464,11526,California
Yuba,2021-03-19,331,17798,119,5454,158,11943,54,401,183,5349,148,6413,236,11762,California
Yuba,2021-03-20,555,18353,81,5535,456,12399,18,419,475,5763,79,6492,493,12255,California
Yuba,2021-03-21,62,18415,36,5571,26,12425,0,419,42,5785,20,6512,42,12297,California
Yuba,2021-03-22,191,18606,70,5641,114,12539,7,426,149,5899,42,6554,156,12453,California
Yuba,2021-03-23,266,18872,79,5720,159,12698,28,454,175,6013,89,6643,203,12656,California
Yuba,2021-03-24,769,19641,253,5973,435,13133,81,535,185,5697,582,7225,266,12922,California
Yuba,2021-03-25,505,20146,269,6242,214,13347,22,557,248,5710,257,7482,270,13192,California
Yuba,2021-03-26,400,20546,143,6385,228,13575,29,586,226,5792,173,7655,255,13447,California
Yuba,2021-03-27,464,21010,28,6413,433,14008,3,589,409,6149,54,7709,411,13858,California
Yuba,2021-03-28,102,21112,42,6455,56,14064,4,593,34,6119,68,7777,38,13896,California
Yuba,2021-03-29,297,21409,87,6542,178,14242,32,625,179,6212,118,7895,211,14107,California
Yuba,2021-03-30,274,21683,70,6612,196,14438,8,633,189,6324,85,7980,197,14304,California
Yuba,2021-03-31,677,22360,115,6727,551,14989,11,644,244,6148,431,8411,255,14559,California
Yuba,2021-04-01,630,22990,291,7018,309,15298,30,674,292,6132,338,8749,322,14881,California
Yuba,2021-04-02,505,23495,96,7114,326,15624,83,757,188,6086,316,9065,270,15151,California
Yuba,2021-04-03,653,24148,55,7169,116,15740,482,1239,87,6090,565,9630,569,15720,California
Yuba,2021-04-04,59,24207,10,7179,42,15782,7,1246,31,6100,28,9658,38,15758,California
Yuba,2021-04-05,250,24457,79,7258,149,15931,22,1268,124,6121,124,9782,145,15903,California
Yuba,2021-04-06,360,24817,116,7374,183,16114,61,1329,174,6170,185,9967,234,16137,California
Yuba,2021-04-07,787,25604,408,7782,327,16441,52,1381,360,6157,424,10391,411,16548,California
Yuba,2021-04-08,753,26357,291,8073,197,16638,265,1646,279,6227,473,10864,543,17091,California
Yuba,2021-04-09,406,26763,172,8245,167,16805,67,1713,172,6233,233,11097,239,17330,California
Yuba,2021-04-10,605,27368,73,8318,82,16887,450,2163,72,6223,531,11628,521,17851,California
Yuba,2021-04-11,102,27470,24,8342,66,16953,12,2175,43,6220,58,11686,55,17906,California
Yuba,2021-04-12,213,27683,46,8388,137,17090,30,2205,80,6197,132,11818,109,18015,California
Yuba,2021-04-13,399,28082,103,8491,296,17386,0,2205,201,6201,197,12015,201,18216,California
Yuba,2021-04-14,719,28801,110,8601,609,17995,0,2205,130,5743,588,12603,130,18346,California
Yuba,2021-04-15,344,29145,134,8735,210,18205,0,2205,150,5699,194,12797,150,18496,California
Yuba,2021-04-16,342,29487,101,8836,241,18446,0,2205,181,5721,159,12956,181,18677,California
Yuba,2021-04-17,407,29894,60,8896,347,18793,0,2205,335,5985,71,13027,335,19012,California
Yuba,2021-04-18,65,29959,20,8916,45,18838,0,2205,33,5987,31,13058,33,19045,California
Yuba,2021-04-19,245,30204,102,9018,143,18981,0,2205,104,5950,141,13199,104,19149,California
Yuba,2021-04-20,341,30545,103,9121,238,19219,0,2205,187,5987,151,13350,188,19337,California
Yuba,2021-04-21,740,31285,322,9443,418,19637,0,2205,321,5889,419,13769,321,19658,California
Yuba,2021-04-22,375,31660,154,9597,221,19858,0,2205,208,5930,167,13936,208,19866,California
Yuba,2021-04-23,364,32024,127,9724,237,20095,0,2205,174,5916,188,14124,174,20040,California
Yuba,2021-04-24,217,32241,69,9793,148,20243,0,2205,123,5945,94,14218,123,20163,California
Yuba,2021-04-25,75,32316,30,9823,45,20288,0,2205,35,5940,40,14258,35,20198,California
Yuba,2021-04-26,249,32565,66,9889,179,20467,4,2209,114,5923,135,14393,118,20316,California
Yuba,2021-04-27,489,33054,173,10062,306,20773,10,2219,242,5930,245,14638,252,20568,California
Yuba,2021-04-28,449,33503,188,10250,256,21029,5,2224,155,5801,289,14927,160,20728,California
Yuba,2021-04-29,455,33958,89,10339,365,21394,1,2225,162,5672,292,15219,163,20891,California
Yuba,2021-04-30,348,34306,108,10447,210,21604,30,2255,151,5658,195,15414,181,21072,California
Yuba,2021-05-01,209,34515,92,10539,98,21702,19,2274,95,5659,113,15527,114,21186,California
Yuba,2021-05-02,70,34585,39,10578,27,21729,4,2278,38,5669,32,15559,42,21228,California
Yuba,2021-05-03,165,34750,66,10644,90,21819,9,2287,51,5617,112,15671,60,21288,California
Yuba,2021-05-04,340,35090,107,10751,212,22031,21,2308,151,5600,189,15860,172,21460,California
Yuba,2021-05-05,333,35423,96,10847,230,22261,7,2315,116,5506,217,16077,123,21583,California
Yuba,2021-05-06,303,35726,126,10973,139,22400,38,2353,102,5448,198,16275,140,21723,California
Yuba,2021-05-07,363,36089,100,11073,235,22635,28,2381,119,5351,243,16518,146,21869,California
Yuba,2021-05-08,130,36219,56,11129,71,22706,3,2384,55,5334,75,16593,58,21927,California
Yuba,2021-05-09,56,36275,25,11154,28,22734,3,2387,34,5349,22,16615,37,21964,California
Yuba,2021-05-10,174,36449,57,11211,99,22833,18,2405,54,5302,119,16734,72,22036,California
Yuba,2021-05-11,389,36838,178,11389,197,23030,14,2419,143,5214,244,16978,156,22192,California
Yuba,2021-05-12,276,37114,145,11534,123,23153,8,2427,103,5152,173,17151,111,22303,California
Yuba,2021-05-13,368,37482,199,11733,125,23278,44,2471,113,5057,252,17403,157,22460,California
Yuba,2021-05-14,368,37850,139,11872,209,23487,20,2491,154,5016,214,17617,173,22633,California
Yuba,2021-05-15,437,38287,113,11985,303,23790,21,2512,113,4827,322,17939,133,22766,California
Yuba,2021-05-16,151,38438,52,12037,90,23880,9,2521,95,4876,55,17994,104,22870,California
Yuba,2021-05-17,216,38654,89,12126,107,23987,20,2541,89,4860,125,18119,109,22979,California
Yuba,2021-05-18,394,39048,163,12289,222,24209,9,2550,165,4805,229,18348,174,23153,California
Yuba,2021-05-19,261,39309,145,12434,110,24319,6,2556,129,4808,132,18480,135,23288,California
Yuba,2021-05-20,432,39741,305,12739,115,24434,12,2568,259,4907,172,18652,271,23559,California
Yuba,2021-05-21,518,40259,272,13011,238,24672,8,2576,307,5013,209,18861,315,23874,California
Yuba,2021-05-22,229,40488,123,13134,97,24769,9,2585,95,4983,134,18995,104,23978,California
Yuba,2021-05-23,73,40561,41,13175,30,24799,2,2587,37,4987,35,19030,39,24017,California
Yuba,2021-05-24,165,40726,55,13230,93,24892,17,2604,49,4939,115,19145,67,24084,California
Yuba,2021-05-25,316,41042,110,13340,189,25081,17,2621,112,4865,202,19347,128,24212,California
Yuba,2021-05-26,232,41274,100,13440,116,25197,16,2637,85,4820,146,19493,101,24313,California
Yuba,2021-05-27,246,41520,76,13516,158,25355,12,2649,97,4782,147,19640,109,24422,California
Yuba,2021-05-28,246,41766,109,13625,130,25485,7,2656,116,4777,128,19768,123,24545,California
Yuba,2021-05-29,165,41931,67,13692,76,25561,22,2678,87,4809,77,19845,109,24654,California
Yuba,2021-05-30,52,41983,22,13714,25,25586,5,2683,21,4804,31,19876,26,24680,California
Yuba,2021-05-31,29,42012,3,13717,19,25605,7,2690,10,4802,19,19895,17,24697,California
Yuba,2021-06-01,247,42259,108,13825,132,25737,7,2697,84,4733,159,20054,90,24787,California
Yuba,2021-06-02,201,42460,82,13907,112,25849,7,2704,60,4661,140,20194,68,24855,California
Yuba,2021-06-03,179,42639,105,14012,68,25917,6,2710,63,4615,115,20309,69,24924,California
Yuba,2021-06-04,243,42882,119,14131,113,26030,11,2721,80,4543,162,20471,90,25014,California
Yuba,2021-06-05,200,43082,151,14282,43,26073,6,2727,90,4530,109,20580,96,25110,California
Yuba,2021-06-06,111,43193,94,14376,14,26087,3,2730,22,4467,88,20668,25,25135,California
Yuba,2021-06-07,114,43307,47,14423,51,26138,16,2746,35,4439,79,20747,51,25186,California
Yuba,2021-06-08,246,43553,115,14538,124,26262,7,2753,72,4346,172,20919,79,25265,California
Yuba,2021-06-09,171,43724,103,14641,62,26324,6,2759,72,4326,98,21017,78,25343,California
Yuba,2021-06-10,378,44102,302,14943,67,26391,9,2768,92,4143,284,21301,101,25444,California
Yuba,2021-06-11,329,44431,235,15178,82,26473,12,2780,65,3957,264,21565,78,25522,California
Yuba,2021-06-12,133,44564,90,15268,37,26510,6,2786,36,3902,97,21662,42,25564,California
Yuba,2021-06-13,47,44611,21,15289,23,26533,3,2789,12,3883,34,21696,15,25579,California
Yuba,2021-06-14,115,44726,55,15344,50,26583,10,2799,34,3847,80,21776,44,25623,California
Yuba,2021-06-15,241,44967,99,15443,134,26717,8,2807,90,3797,148,21924,98,25721,California
Yuba,2021-06-16,155,45122,94,15537,51,26768,10,2817,74,3803,78,22002,84,25805,California
Yuba,2021-06-17,195,45317,114,15651,69,26837,12,2829,83,3786,112,22114,95,25900,California
Yuba,2021-06-18,222,45539,110,15761,90,26927,22,2851,70,3728,150,22264,92,25992,California
Yuba,2021-06-19,136,45675,67,15828,62,26989,7,2858,33,3665,103,22367,40,26032,California
Yuba,2021-06-20,33,45708,19,15847,11,27000,3,2861,13,3661,20,22387,16,26048,California
Yuba,2021-06-21,87,45795,38,15885,40,27040,9,2870,41,3668,42,22429,49,26097,California
Yuba,2021-06-22,174,45969,73,15958,89,27129,12,2882,69,3645,103,22532,80,26177,California
Yuba,2021-06-23,127,46096,71,16029,43,27172,13,2895,52,3635,74,22606,64,26241,California
Yuba,2021-06-24,135,46231,81,16110,47,27219,7,2902,58,3623,77,22683,65,26306,California
Yuba,2021-06-25,169,46400,97,16207,63,27282,9,2911,82,3627,87,22770,91,26397,California
Yuba,2021-06-26,133,46533,106,16313,26,27308,1,2912,44,3584,88,22858,45,26442,California
Yuba,2021-06-27,66,46599,44,16357,20,27328,2,2914,36,3592,30,22888,38,26480,California
Yuba,2021-06-28,61,46660,33,16390,24,27352,4,2918,27,3589,34,22922,31,26511,California
Yuba,2021-06-29,162,46822,86,16476,67,27419,9,2927,61,3559,100,23022,70,26581,California
Yuba,2021-06-30,138,46960,79,16555,52,27471,7,2934,71,3570,67,23089,78,26659,California
Yuba,2021-07-01,120,47080,81,16636,31,27502,8,2942,44,3547,75,23164,52,26711,California
Yuba,2021-07-02,125,47205,52,16688,57,27559,16,2958,40,3518,85,23249,56,26767,California
Yuba,2021-07-03,63,47268,44,16732,19,27578,0,2958,34,3523,29,23278,34,26801,California
Yuba,2021-07-04,6,47274,3,16735,3,27581,0,2958,3,3523,3,23281,3,26804,California
Yuba,2021-07-05,65,47339,43,16778,17,27598,5,2963,35,3533,30,23311,40,26844,California
Yuba,2021-07-06,173,47512,94,16872,65,27663,14,2977,64,3508,103,23414,78,26922,California
Yuba,2021-07-07,141,47653,93,16965,37,27700,11,2988,55,3489,85,23499,66,26988,California
Yuba,2021-07-08,149,47802,87,17052,43,27743,19,3007,57,3473,92,23591,76,27064,California
Yuba,2021-07-09,159,47961,93,17145,52,27795,14,3021,79,3486,80,23671,93,27157,California
Yuba,2021-07-10,82,48043,52,17197,29,27824,1,3022,56,3517,26,23697,57,27214,California
Yuba,2021-07-11,24,48067,7,17204,17,27841,0,3022,10,3513,14,23711,10,27224,California
