county,administered_date,total_doses,cumulative_total_doses,pfizer_doses,cumulative_pfizer_doses,moderna_doses,cumulative_moderna_doses,jj_doses,cumulative_jj_doses,partially_vaccinated,total_partially_vaccinated,fully_vaccinated,cumulative_fully_vaccinated,at_least_one_dose,cumulative_at_least_one_dose,california_flag
All CA Counties,2020-12-15,1134,1134,1134,1134,0,0,0,0,1134,1134,0,0,1134,1134,
All CA Counties,2020-12-16,8122,9256,8122,9256,0,0,0,0,8122,9256,0,0,8122,9256,
All CA Counties,2020-12-17,25730,34986,25730,34986,0,0,0,0,25732,34988,0,0,25732,34988,
All CA Counties,2020-12-18,43770,78756,43715,78701,55,55,0,0,43771,78759,0,0,43771,78759,
All CA Counties,2020-12-19,25214,103970,25191,103892,23,78,0,0,25213,103971,1,1,25213,103972,
All CA Counties,2020-12-20,18953,122923,18927,122819,26,104,0,0,18952,122922,1,2,18952,122924,
All CA Counties,2020-12-21,49554,172477,49472,172291,82,186,0,0,49557,172478,1,3,49557,172481,
All CA Counties,2020-12-22,49873,222350,47761,220052,2112,2298,0,0,49871,222348,1,4,49871,222352,
All CA Counties,2020-12-23,50281,272631,41566,261618,8715,11013,0,0,50277,272625,0,4,50277,272629,
All CA Counties,2020-12-24,24025,296656,16326,277944,7699,18712,0,0,24022,296646,1,5,24022,296651,
All CA Counties,2020-12-25,2335,298991,2014,279958,321,19033,0,0,2335,298981,0,5,2335,298986,
All CA Counties,2020-12-26,14611,313602,9437,289395,5174,24207,0,0,14610,313590,1,6,14610,313596,
All CA Counties,2020-12-27,9392,322994,5568,294963,3824,28031,0,0,9391,322980,1,7,9391,322987,
All CA Counties,2020-12-28,45682,368676,29290,324253,16392,44423,0,0,45680,368657,3,10,45680,368667,
All CA Counties,2020-12-29,51067,419743,28525,352778,22542,66965,0,0,51063,419717,3,13,51063,419730,
All CA Counties,2020-12-30,62969,482712,35655,388433,27314,94279,0,0,62963,482677,3,16,62963,482693,
All CA Counties,2020-12-31,29312,512024,10851,399284,18461,112740,0,0,29304,511976,5,21,29304,511997,
All CA Counties,2021-01-01,4041,516065,1790,401074,2251,114991,0,0,4037,516010,3,24,4037,516034,
All CA Counties,2021-01-02,18487,534552,10256,411330,8231,123222,0,0,18486,534496,0,24,18486,534520,
All CA Counties,2021-01-03,6159,540711,3487,414817,2672,125894,0,0,6130,540614,12,36,6130,540650,
All CA Counties,2021-01-04,43538,584249,22078,436895,21460,147354,0,0,43459,584031,42,78,43459,584109,
All CA Counties,2021-01-05,56353,640602,29665,466560,26688,174042,0,0,50911,629645,5386,5464,51000,635109,
All CA Counties,2021-01-06,73268,713870,40456,507016,32812,206854,0,0,57963,672510,15127,20591,57992,693101,
All CA Counties,2021-01-07,91815,805685,52200,559216,39615,246469,0,0,61281,703467,30370,50961,61327,754428,
All CA Counties,2021-01-08,106482,912167,63997,623213,42485,288954,0,0,65415,728006,40936,91897,65475,819903,
All CA Counties,2021-01-09,44193,956360,25459,648672,18734,307688,0,0,27705,739270,16466,108363,27730,847633,
All CA Counties,2021-01-10,24278,980638,14832,663504,9446,317134,0,0,13054,741133,11208,119571,13071,860704,
All CA Counties,2021-01-11,104255,1084893,69368,732872,34887,352021,0,0,60520,758125,43696,163267,60688,921392,
All CA Counties,2021-01-12,112604,1197497,66485,799357,46119,398140,0,0,71647,789121,40878,204145,71874,993266,
All CA Counties,2021-01-13,118656,1316153,61421,860778,57235,455375,0,0,85020,840669,33551,237696,85099,1078365,
All CA Counties,2021-01-14,123387,1439540,49526,910304,73861,529236,0,0,103854,925246,19430,257126,104007,1182372,
All CA Counties,2021-01-15,141764,1581304,52099,962403,89665,618901,0,0,126744,1037262,14928,272054,126944,1309316,
All CA Counties,2021-01-16,80371,1661675,27390,989793,52981,671882,0,0,72841,1102647,7504,279558,72889,1382205,
All CA Counties,2021-01-17,48065,1709740,16794,1006587,31271,703153,0,0,44431,1143498,3626,283184,44477,1426682,
All CA Counties,2021-01-18,87690,1797430,45633,1052220,42057,745210,0,0,68538,1193126,19072,302256,68700,1495382,
All CA Counties,2021-01-19,141607,1939037,73437,1125657,68170,813380,0,0,110520,1272967,30994,333250,110835,1606217,
All CA Counties,2021-01-20,159271,2098308,81330,1206987,77941,891321,0,0,125829,1365813,33228,366478,126074,1732291,
All CA Counties,2021-01-21,172852,2271160,76728,1283715,96124,987445,0,0,153834,1501171,18814,385292,154172,1886463,
All CA Counties,2021-01-22,169071,2440231,69063,1352778,100008,1087453,0,0,154814,1642023,14127,399419,154979,2041442,
All CA Counties,2021-01-23,111067,2551298,49451,1402229,61616,1149069,0,0,98510,1728152,12498,411917,98627,2140069,
All CA Counties,2021-01-24,60921,2612219,29495,1431724,31426,1180495,0,0,56283,1779883,4606,416523,56337,2196406,
All CA Counties,2021-01-25,143967,2756186,64950,1496674,79017,1259512,0,0,109252,1854890,34594,451117,109601,2306007,
All CA Counties,2021-01-26,167790,2923976,82455,1579129,85335,1344847,0,0,130627,1948740,37035,488152,130885,2436892,
All CA Counties,2021-01-27,179750,3103726,88017,1667146,91733,1436580,0,0,140522,2050641,38824,526976,140725,2577617,
All CA Counties,2021-01-28,187029,3290755,86111,1753257,100918,1537498,0,0,153170,2170430,33574,560550,153363,2730980,
All CA Counties,2021-01-29,182770,3473525,88014,1841271,94756,1632254,0,0,148346,2285066,33860,594410,148496,2879476,
All CA Counties,2021-01-30,122767,3596292,55171,1896442,67596,1699850,0,0,107760,2378118,14845,609255,107897,2987373,
All CA Counties,2021-01-31,69243,3665535,38945,1935387,30298,1730148,0,0,64161,2437298,5034,614289,64214,3051587,
All CA Counties,2021-02-01,158342,3823877,72967,2008354,85375,1815523,0,0,120160,2519553,38035,652324,120290,3171877,
All CA Counties,2021-02-02,185829,4009706,79502,2087856,106327,1921850,0,0,140043,2614382,45431,697755,140260,3312137,
All CA Counties,2021-02-03,210120,4219826,95041,2182897,115079,2036929,0,0,156114,2717221,53507,751262,156346,3468483,
All CA Counties,2021-02-04,227624,4447450,99911,2282808,127713,2164642,0,0,167010,2824508,60071,811333,167358,3635841,
All CA Counties,2021-02-05,245498,4692948,106332,2389140,139166,2303808,0,0,166888,2914046,77854,889187,167392,3803233,
All CA Counties,2021-02-06,154537,4847485,74736,2463876,79801,2383609,0,0,119855,2999875,34513,923700,120342,3923575,
All CA Counties,2021-02-07,66687,4914172,43116,2506992,23571,2407180,0,0,50262,3034248,16337,940037,50710,3974285,
All CA Counties,2021-02-08,180048,5094220,88390,2595382,91658,2498838,0,0,118887,3093150,60707,1000744,119609,4093894,
All CA Counties,2021-02-09,210524,5304744,101696,2697078,108828,2607666,0,0,126361,3136928,83712,1084456,127490,4221384,
All CA Counties,2021-02-10,247993,5552737,119725,2816803,128268,2735934,0,0,137822,3166865,109341,1193797,139278,4360662,
All CA Counties,2021-02-11,263781,5816518,130698,2947501,133083,2869017,0,0,144778,3195478,117936,1311733,146549,4507211,
All CA Counties,2021-02-12,271412,6087930,118957,3066458,152455,3021472,0,0,146658,3220559,123926,1435659,149007,4656218,
All CA Counties,2021-02-13,166462,6254392,77101,3143559,89361,3110833,0,0,92041,3240537,74001,1509660,93979,4750197,
All CA Counties,2021-02-14,95272,6349664,47481,3191040,47791,3158624,0,0,51610,3250177,43506,1553166,53146,4803343,
All CA Counties,2021-02-15,141686,6491350,62317,3253357,79369,3237993,0,0,78405,3268785,62910,1616076,81518,4884861,
All CA Counties,2021-02-16,248026,6739376,117662,3371019,130364,3368357,0,0,132934,3290060,114726,1730802,136001,5020862,
All CA Counties,2021-02-17,257807,6997183,128248,3499267,129559,3497916,0,0,128527,3292995,128775,1859577,131710,5152572,
All CA Counties,2021-02-18,271704,7268887,141794,3641061,129910,3627826,0,0,131899,3289936,139128,1998705,136069,5288641,
All CA Counties,2021-02-19,251672,7520559,146045,3787106,105627,3733453,0,0,130073,3300946,121121,2119826,132131,5420772,
All CA Counties,2021-02-20,152234,7672793,97598,3884704,54636,3788089,0,0,83880,3318680,68105,2187931,85839,5506611,
All CA Counties,2021-02-21,73384,7746177,59394,3944098,13990,3802079,0,0,35850,3318762,37299,2225230,37381,5543992,
All CA Counties,2021-02-22,162895,7909072,109253,4053351,53642,3855721,0,0,81679,3321241,80894,2306124,83373,5627365,
All CA Counties,2021-02-23,222018,8131090,116686,4170037,105332,3961053,0,0,103068,3311876,118391,2424515,109026,5736391,
All CA Counties,2021-02-24,281129,8412219,141861,4311898,139268,4100321,0,0,134081,3307029,146443,2570958,141596,5877987,
All CA Counties,2021-02-25,317078,8729297,155444,4467342,161634,4261955,0,0,166187,3331473,150235,2721193,174679,6052666,
All CA Counties,2021-02-26,350465,9079762,163253,4630595,187212,4449167,0,0,196286,3381675,153305,2874498,203507,6256173,
All CA Counties,2021-02-27,246703,9326465,118343,4748938,128342,4577509,18,18,139373,3418694,106754,2981252,143773,6399946,
All CA Counties,2021-02-28,130036,9456501,77725,4826663,52308,4629817,3,21,76017,3443935,53611,3034863,78852,6478798,
All CA Counties,2021-03-01,236768,9693269,125533,4952196,111168,4740985,67,88,136969,3485809,99130,3133993,141004,6619802,
All CA Counties,2021-03-02,275702,9968971,134167,5086363,141518,4882503,17,105,164107,3545659,111125,3245118,170975,6790777,
All CA Counties,2021-03-03,327564,10296535,161763,5248126,165758,5048261,43,148,188122,3602285,138795,3383913,195421,6986198,
All CA Counties,2021-03-04,346709,10643244,174503,5422629,172119,5220380,87,235,203147,3669653,142848,3526761,210216,7196414,
All CA Counties,2021-03-05,331956,10975200,161275,5583904,169566,5389946,1115,1350,205597,3757985,125582,3652343,213914,7410328,
All CA Counties,2021-03-06,255564,11230764,130335,5714239,117437,5507383,7792,9142,158360,3832002,96807,3749150,170824,7581152,
All CA Counties,2021-03-07,124289,11355053,75558,5789797,44667,5552050,4064,13206,77255,3870120,46858,3796008,84976,7666128,
All CA Counties,2021-03-08,215392,11570445,103630,5893427,101392,5653442,10370,23576,140424,3951257,74606,3870614,155743,7821871,
All CA Counties,2021-03-09,266879,11837324,115902,6009329,135155,5788597,15822,39398,144102,3992905,122329,3992943,163977,7985848,
All CA Counties,2021-03-10,313823,12151147,153935,6163264,135580,5924177,24308,63706,168523,4045208,144685,4137628,196988,8182836,
All CA Counties,2021-03-11,374169,12525316,181067,6344331,159881,6084058,33221,96927,192464,4094330,180808,4318436,229930,8412766,
All CA Counties,2021-03-12,389501,12914817,173056,6517387,170438,6254496,46007,142934,190646,4136933,198106,4516542,240709,8653475,
All CA Counties,2021-03-13,278755,13193572,122066,6639453,125725,6380221,30964,173898,150084,4193993,128247,4644789,185307,8838782,
All CA Counties,2021-03-14,152684,13346256,81517,6720970,56298,6436519,14869,188767,82275,4223259,70148,4714937,99414,8938196,
All CA Counties,2021-03-15,287763,13634019,137003,6857973,130398,6566917,20362,209129,157306,4274544,129757,4844694,181042,9119238,
All CA Counties,2021-03-16,367117,14001136,171893,7029866,178111,6745028,17113,226242,214895,4358226,151520,4996214,235202,9354440,
All CA Counties,2021-03-17,379373,14380509,187279,7217145,173744,6918772,18350,244592,235625,4471748,142986,5139200,256508,9610948,
All CA Counties,2021-03-18,396734,14777243,202600,7419745,176374,7095146,17760,262352,237960,4571801,157740,5296940,257793,9868741,
All CA Counties,2021-03-19,404447,15181690,211630,7631375,171450,7266596,21367,283719,237288,4666189,166236,5463176,260624,10129365,
All CA Counties,2021-03-20,290109,15471799,152028,7783403,122397,7388993,15684,299403,186349,4766511,103149,5566325,203471,10332836,
All CA Counties,2021-03-21,141342,15613141,97238,7880641,36718,7425711,7386,306789,89226,4812672,51797,5618122,97958,10430794,
All CA Counties,2021-03-22,270523,15883664,157253,8037894,102307,7528018,10963,317752,178618,4914033,91214,5709336,192575,10623369,
All CA Counties,2021-03-23,354166,16237830,194343,8232237,149002,7677020,10821,328573,227656,5029411,125660,5834996,241038,10864407,
All CA Counties,2021-03-24,383430,16621260,219417,8451654,151856,7828876,12157,340730,226054,5113484,156227,5991223,240300,11104707,
All CA Counties,2021-03-25,412852,17034112,227385,8679039,171076,7999952,14391,355121,238386,5195205,173258,6164481,254979,11359686,
All CA Counties,2021-03-26,428374,17462486,228764,8907803,183826,8183778,15784,370905,237231,5261141,190020,6354501,255956,11615642,
All CA Counties,2021-03-27,307740,17770226,163267,9071070,133065,8316843,11408,382313,158519,5284837,148464,6502965,172160,11787802,
All CA Counties,2021-03-28,166255,17936481,106132,9177202,56552,8373395,3571,385884,90948,5306342,74913,6577878,96418,11884220,
All CA Counties,2021-03-29,306646,18243127,165271,9342473,132824,8506219,8551,394435,174725,5360859,131234,6709112,185751,12069971,
All CA Counties,2021-03-30,394088,18637215,199159,9541632,177256,8683475,17673,412108,239779,5466491,153601,6862713,259233,12329204,
All CA Counties,2021-03-31,420306,19057521,228363,9769995,170730,8854205,21213,433321,241547,5552453,177861,7040574,263823,12593027,
All CA Counties,2021-04-01,484529,19542050,248403,10018398,197030,9051235,39096,472417,269244,5647820,214198,7254772,309565,12902592,
All CA Counties,2021-04-02,465229,20007279,227017,10245415,196351,9247586,41861,514278,254255,5735837,209855,7464627,297872,13200464,
All CA Counties,2021-04-03,324439,20331718,164758,10410173,119248,9366834,40433,554711,163149,5779895,160715,7625342,204773,13405237,
All CA Counties,2021-04-04,131663,20463381,68638,10478811,44126,9410960,18899,573610,58817,5785172,72590,7697932,77867,13483104,
All CA Counties,2021-04-05,349282,20812663,179955,10658766,130197,9541157,39130,612740,173852,5825764,174829,7872761,215421,13698525,
All CA Counties,2021-04-06,454028,21266691,230434,10889200,158632,9699789,64962,677702,221949,5883365,231244,8104005,288845,13987370,
All CA Counties,2021-04-07,466858,21733549,242847,11132047,154840,9854629,69171,746873,229386,5946344,236626,8340631,299605,14286975,
All CA Counties,2021-04-08,493215,22226764,249320,11381367,160573,10015202,83322,830195,233740,6007230,258454,8599085,319340,14606315,
All CA Counties,2021-04-09,486596,22713360,242417,11623784,165308,10180510,78871,909066,225889,6055300,259757,8858842,307827,14914142,
All CA Counties,2021-04-10,362266,23075626,166248,11790032,122862,10303372,73156,982222,153486,6076488,208127,9066969,229315,15143457,
All CA Counties,2021-04-11,185966,23261592,104389,11894421,47704,10351076,33873,1016095,77845,6083211,107812,9174781,114535,15257992,
All CA Counties,2021-04-12,336343,23597935,172913,12067334,125795,10476871,37635,1053730,156890,6102648,178597,9353378,198034,15456026,
All CA Counties,2021-04-13,429046,24026981,240283,12307617,187844,10664715,919,1054649,240571,6159533,187581,9540959,244466,15700492,
All CA Counties,2021-04-14,444627,24471608,249940,12557557,194417,10859132,270,1054919,233914,6188537,209681,9750640,238685,15939177,
All CA Counties,2021-04-15,485257,24956865,283008,12840565,202015,11061147,234,1055153,272956,6253512,210997,9961637,275972,16215149,
All CA Counties,2021-04-16,469290,25426155,265045,13105610,203942,11265089,303,1055456,251720,6291484,216480,10178117,254452,16469601,
All CA Counties,2021-04-17,336853,25763008,189013,13294623,147799,11412888,41,1055497,192122,6342714,144037,10322154,195267,16664868,
All CA Counties,2021-04-18,153084,25916092,97341,13391964,55728,11468616,15,1055512,79356,6351680,73377,10395531,82343,16747211,
All CA Counties,2021-04-19,314681,26230773,181730,13573694,132867,11601483,84,1055596,149336,6338409,164548,10560079,151277,16898488,
All CA Counties,2021-04-20,402389,26633162,214351,13788045,187983,11789466,55,1055651,200961,6341948,200503,10760582,204042,17102530,
All CA Counties,2021-04-21,416257,27049419,236455,14024500,179547,11969013,255,1055906,201049,6332344,213960,10974542,204356,17306886,
All CA Counties,2021-04-22,441720,27491139,252440,14276940,189207,12158220,73,1055979,197403,6289921,243033,11217575,200610,17507496,
All CA Counties,2021-04-23,432640,27923779,247562,14524502,184997,12343217,81,1056060,196793,6255450,234602,11452177,200131,17707627,
All CA Counties,2021-04-24,319233,28243012,202367,14726869,116708,12459925,158,1056218,162801,6266034,155573,11607750,166157,17873784,
All CA Counties,2021-04-25,148065,28391077,97731,14824600,50270,12510195,64,1056282,79542,6278907,68131,11675881,81004,17954788,
All CA Counties,2021-04-26,268891,28659968,157091,14981691,110383,12620578,1417,1057699,116403,6249382,151661,11827542,122136,18076924,
All CA Counties,2021-04-27,336737,28996705,186063,15167754,145333,12765911,5341,1063040,135102,6192151,200648,12028190,143417,18220341,
All CA Counties,2021-04-28,344363,29341068,197657,15365411,138983,12904894,7723,1070763,140089,6138894,203344,12231534,150087,18370428,
All CA Counties,2021-04-29,353132,29694200,204209,15569620,141188,13046082,7735,1078498,127462,6051259,224650,12456184,137015,18507443,
All CA Counties,2021-04-30,366546,30060746,210950,15780570,146916,13192998,8680,1087178,138970,5974298,226505,12682689,149544,18656987,
All CA Counties,2021-05-01,244531,30305277,156523,15937093,82017,13275015,5991,1093169,88995,5916606,154883,12837572,97191,18754178,
All CA Counties,2021-05-02,115125,30420402,80195,16017288,31117,13306132,3813,1096982,40649,5887316,74118,12911690,44828,18799006,
All CA Counties,2021-05-03,249483,30669885,154313,16171601,86569,13392701,8601,1105583,75496,5799055,173235,13084925,84974,18883980,
All CA Counties,2021-05-04,322566,30992451,196878,16368479,116093,13508794,9595,1115178,95169,5678524,226439,13311364,105908,18989888,
All CA Counties,2021-05-05,325872,31318323,202945,16571424,113089,13621883,9838,1125016,91639,5547830,233132,13544496,102438,19092326,
All CA Counties,2021-05-06,343946,31662269,225222,16796646,108455,13730338,10269,1135285,87790,5393697,254671,13799167,100538,19192864,
All CA Counties,2021-05-07,339234,32001503,213247,17009893,116294,13846632,9693,1144978,92427,5251466,245568,14044735,103337,19296201,
All CA Counties,2021-05-08,221678,32223181,140656,17150549,74377,13921009,6645,1151623,60937,5160679,159752,14204487,68965,19365166,
All CA Counties,2021-05-09,92514,32315695,69419,17219968,20121,13941130,2974,1154597,25505,5123003,66579,14271066,28903,19394069,
All CA Counties,2021-05-10,196690,32512385,112586,17332554,76505,14017635,7599,1162196,49098,5034191,146762,14417828,57950,19452019,
All CA Counties,2021-05-11,235539,32747924,134797,17467351,93102,14110737,7640,1169836,63447,4935530,171348,14589176,72687,19524706,
All CA Counties,2021-05-12,210690,32958614,120333,17587684,82800,14193537,7557,1177393,57464,4849045,152441,14741617,65956,19590662,
All CA Counties,2021-05-13,167019,33125633,108399,17696083,54277,14247814,4343,1181736,52673,4793295,113765,14855382,58015,19648677,
All CA and Non-CA Counties,2020-12-15,1141,1141,1141,1141,0,0,0,0,1141,1141,0,0,1141,1141,
All CA and Non-CA Counties,2020-12-16,8389,9530,8389,9530,0,0,0,0,8389,9530,0,0,8389,9530,
All CA and Non-CA Counties,2020-12-17,27329,36859,27329,36859,0,0,0,0,27329,36859,0,0,27329,36859,
All CA and Non-CA Counties,2020-12-18,46333,83192,46271,83130,62,62,0,0,46333,83192,0,0,46333,83192,
All CA and Non-CA Counties,2020-12-19,26332,109524,26308,109438,24,86,0,0,26331,109522,1,1,26331,109523,
All CA and Non-CA Counties,2020-12-20,19650,129174,19621,129059,29,115,0,0,19649,129170,1,2,19649,129172,
All CA and Non-CA Counties,2020-12-21,51740,180914,51655,180714,85,200,0,0,51738,180907,1,3,51738,180910,
All CA and Non-CA Counties,2020-12-22,51933,232847,49748,230462,2185,2385,0,0,51931,232837,1,4,51931,232841,
All CA and Non-CA Counties,2020-12-23,51797,284644,42948,273410,8849,11234,0,0,51793,284630,0,4,51793,284634,
All CA and Non-CA Counties,2020-12-24,24828,309472,16937,290347,7891,19125,0,0,24825,309454,1,5,24825,309459,
All CA and Non-CA Counties,2020-12-25,2368,311840,2043,292390,325,19450,0,0,2368,311822,0,5,2368,311827,
All CA and Non-CA Counties,2020-12-26,14918,326758,9641,302031,5277,24727,0,0,14917,326738,1,6,14917,326744,
All CA and Non-CA Counties,2020-12-27,9581,336339,5641,307672,3940,28667,0,0,9580,336317,1,7,9580,336324,
All CA and Non-CA Counties,2020-12-28,47097,383436,30186,337858,16911,45578,0,0,47094,383408,3,10,47094,383418,
All CA and Non-CA Counties,2020-12-29,52617,436053,29542,367400,23075,68653,0,0,52613,436018,3,13,52613,436031,
All CA and Non-CA Counties,2020-12-30,64946,500999,36939,404339,28007,96660,0,0,64938,500953,3,16,64938,500969,
All CA and Non-CA Counties,2020-12-31,30430,531429,11449,415788,18981,115641,0,0,30420,531367,6,22,30420,531389,
All CA and Non-CA Counties,2021-01-01,4152,535581,1813,417601,2339,117980,0,0,4148,535512,3,25,4148,535537,
All CA and Non-CA Counties,2021-01-02,18725,554306,10387,427988,8338,126318,0,0,18723,554234,1,26,18723,554260,
All CA and Non-CA Counties,2021-01-03,6327,560633,3576,431564,2751,129069,0,0,6298,560520,12,38,6298,560558,
All CA and Non-CA Counties,2021-01-04,44690,605323,22595,454159,22095,151164,0,0,44605,605082,43,81,44605,605163,
All CA and Non-CA Counties,2021-01-05,57894,663217,30477,484636,27417,178581,0,0,52262,651859,5575,5656,52352,657515,
All CA and Non-CA Counties,2021-01-06,76001,739218,42078,526714,33923,212504,0,0,59941,695950,15879,21535,59970,717485,
All CA and Non-CA Counties,2021-01-07,96059,835277,54836,581550,41223,253727,0,0,63837,727779,32056,53591,63885,781370,
All CA and Non-CA Counties,2021-01-08,111019,946296,66935,648485,44084,297811,0,0,68055,753074,42823,96414,68118,849488,
All CA and Non-CA Counties,2021-01-09,45513,991809,25988,674473,19525,317336,0,0,28701,765012,16790,113204,28728,878216,
All CA and Non-CA Counties,2021-01-10,24582,1016391,15014,689487,9568,326904,0,0,13237,766937,11329,124533,13254,891470,
All CA and Non-CA Counties,2021-01-11,107577,1123968,71397,760884,36180,363084,0,0,62510,784588,45027,169560,62678,954148,
All CA and Non-CA Counties,2021-01-12,116487,1240455,68804,829688,47683,410767,0,0,73990,816394,42413,211973,74219,1028367,
All CA and Non-CA Counties,2021-01-13,122355,1362810,63237,892925,59118,469885,0,0,87546,869297,34725,246698,87628,1115995,
All CA and Non-CA Counties,2021-01-14,127119,1489929,50800,943725,76319,546204,0,0,106947,956343,20056,266754,107102,1223097,
All CA and Non-CA Counties,2021-01-15,146025,1635954,53093,996818,92932,639136,0,0,130539,1071701,15381,282135,130739,1353836,
All CA and Non-CA Counties,2021-01-16,83066,1719020,27776,1024594,55290,694426,0,0,75367,1139445,7671,289806,75415,1429251,
All CA and Non-CA Counties,2021-01-17,48563,1767583,16947,1041541,31616,726042,0,0,44880,1180696,3675,293481,44926,1474177,
All CA and Non-CA Counties,2021-01-18,88941,1856524,46455,1087996,42486,768528,0,0,69331,1230661,19529,313010,69494,1543671,
All CA and Non-CA Counties,2021-01-19,145659,2002183,74775,1162771,70884,839412,0,0,113681,1312776,31884,344894,113999,1657670,
All CA and Non-CA Counties,2021-01-20,163735,2165918,82815,1245586,80920,920332,0,0,129311,1408125,34208,379102,129557,1787227,
All CA and Non-CA Counties,2021-01-21,177034,2342952,77905,1323491,99129,1019461,0,0,157455,1546556,19362,398464,157793,1945020,
All CA and Non-CA Counties,2021-01-22,173720,2516672,70170,1393661,103550,1123011,0,0,159068,1691272,14518,412982,159234,2104254,
All CA and Non-CA Counties,2021-01-23,113326,2629998,49788,1443449,63538,1186549,0,0,100607,1779336,12660,425642,100724,2204978,
All CA and Non-CA Counties,2021-01-24,61526,2691524,29742,1473191,31784,1218333,0,0,56812,1831519,4683,430325,56866,2261844,
All CA and Non-CA Counties,2021-01-25,148445,2839969,66924,1540115,81521,1299854,0,0,112863,1909275,35457,465782,113213,2375057,
All CA and Non-CA Counties,2021-01-26,173821,3013790,85435,1625550,88386,1388240,0,0,135815,2007475,37880,503662,136080,2511137,
All CA and Non-CA Counties,2021-01-27,184581,3198371,90707,1716257,93874,1482114,0,0,144738,2112982,39435,543097,144942,2656079,
All CA and Non-CA Counties,2021-01-28,192462,3390833,89138,1805395,103324,1585438,0,0,158019,2237044,34150,577247,158212,2814291,
All CA and Non-CA Counties,2021-01-29,187851,3578684,91251,1896646,96600,1682038,0,0,152648,2355205,34639,611886,152800,2967091,
All CA and Non-CA Counties,2021-01-30,127276,3705960,57636,1954282,69640,1751678,0,0,112045,2452318,15070,626956,112183,3079274,
All CA and Non-CA Counties,2021-01-31,72418,3778378,41702,1995984,30716,1782394,0,0,67279,2514560,5091,632047,67333,3146607,
All CA and Non-CA Counties,2021-02-01,163849,3942227,75562,2071546,88287,1870681,0,0,124961,2600916,38735,670782,125091,3271698,
All CA and Non-CA Counties,2021-02-02,192652,4134879,81738,2153284,110914,1981595,0,0,146137,2701118,46152,716934,146354,3418052,
All CA and Non-CA Counties,2021-02-03,217488,4352367,97170,2250454,120318,2101913,0,0,162601,2809573,54379,771313,162834,3580886,
All CA and Non-CA Counties,2021-02-04,234478,4586845,102139,2352593,132339,2234252,0,0,172868,2921732,61058,832371,173217,3754103,
All CA and Non-CA Counties,2021-02-05,252316,4839161,108562,2461155,143754,2378006,0,0,172634,3015945,78925,911296,173138,3927241,
All CA and Non-CA Counties,2021-02-06,158997,4998158,76911,2538066,82086,2460092,0,0,123848,3105309,34974,946270,124338,4051579,
All CA and Non-CA Counties,2021-02-07,68939,5067097,44983,2583049,23956,2484048,0,0,52435,3141778,16416,962686,52885,4104464,
All CA and Non-CA Counties,2021-02-08,185496,5252593,91868,2674917,93628,2577676,0,0,123237,3203943,61794,1024480,123959,4228423,
All CA and Non-CA Counties,2021-02-09,214880,5467473,103681,2778598,111199,2688875,0,0,129396,3249460,85022,1109502,130539,4358962,
All CA and Non-CA Counties,2021-02-10,253632,5721105,121694,2900292,131938,2820813,0,0,140997,3280159,111797,1221299,142496,4501458,
All CA and Non-CA Counties,2021-02-11,268662,5989767,132998,3033290,135664,2956477,0,0,148304,3310971,119281,1340580,150093,4651551,
All CA and Non-CA Counties,2021-02-12,276689,6266456,120942,3154232,155747,3112224,0,0,150098,3337662,125760,1466340,152451,4804002,
All CA and Non-CA Counties,2021-02-13,168902,6435358,77825,3232057,91077,3203301,0,0,93939,3359005,74546,1540886,95889,4899891,
All CA and Non-CA Counties,2021-02-14,96608,6531966,47887,3279944,48721,3252022,0,0,52703,3369501,43745,1584631,54241,4954132,
All CA and Non-CA Counties,2021-02-15,144239,6676205,63867,3343811,80372,3332394,0,0,79633,3388031,64220,1648851,82750,5036882,
All CA and Non-CA Counties,2021-02-16,254546,6930751,120636,3464447,133910,3466304,0,0,135574,3408083,118595,1767446,138647,5175529,
All CA and Non-CA Counties,2021-02-17,263700,7194451,131186,3595633,132514,3598818,0,0,130355,3408791,132834,1900280,133542,5309071,
All CA and Non-CA Counties,2021-02-18,278185,7472636,145580,3741213,132605,3731423,0,0,133953,3403377,143538,2043818,138124,5447195,
All CA and Non-CA Counties,2021-02-19,257576,7730212,150194,3891407,107382,3838805,0,0,132534,3413412,124558,2168376,134593,5581788,
All CA and Non-CA Counties,2021-02-20,155553,7885765,100257,3991664,55296,3894101,0,0,85087,3430248,70211,2238587,87047,5668835,
All CA and Non-CA Counties,2021-02-21,75211,7960976,61005,4052669,14206,3908307,0,0,36484,3429775,38488,2277075,38015,5706850,
All CA and Non-CA Counties,2021-02-22,166357,8127333,111786,4164455,54571,3962878,0,0,83299,3432039,82734,2359809,84998,5791848,
All CA and Non-CA Counties,2021-02-23,227910,8355243,119965,4284420,107945,4070823,0,0,105386,3421439,121958,2481767,111358,5903206,
All CA and Non-CA Counties,2021-02-24,287486,8642729,145365,4429785,142121,4212944,0,0,136575,3415233,150301,2632068,144095,6047301,
All CA and Non-CA Counties,2021-02-25,324048,8966777,158986,4588771,165062,4378006,0,0,169341,3439050,154020,2786088,177837,6225138,
All CA and Non-CA Counties,2021-02-26,357301,9324078,166880,4755651,190421,4568427,0,0,199476,3488877,156871,2942959,206698,6431836,
All CA and Non-CA Counties,2021-02-27,252035,9576113,120931,4876582,131085,4699512,19,19,141248,3524329,110200,3053159,145652,6577488,
All CA and Non-CA Counties,2021-02-28,132481,9708594,79508,4956090,52969,4752481,4,23,76824,3548745,55245,3108404,79661,6657149,
All CA and Non-CA Counties,2021-03-01,241552,9950146,128502,5084592,112982,4865463,68,91,138303,3588518,102571,3210975,142344,6799493,
All CA and Non-CA Counties,2021-03-02,281915,10232061,136195,5220787,145703,5011166,17,108,165996,3645948,115436,3326411,172866,6972359,
All CA and Non-CA Counties,2021-03-03,335332,10567393,164738,5385525,170549,5181715,45,153,190717,3700015,143955,3470366,198022,7170381,
All CA and Non-CA Counties,2021-03-04,353501,10920894,177402,5562927,176008,5357723,91,244,205509,3765337,147262,3617628,212584,7382965,
All CA and Non-CA Counties,2021-03-05,337019,11257913,163730,5726657,172160,5529883,1129,1373,208208,3853849,128034,3745662,216546,7599511,
All CA and Non-CA Counties,2021-03-06,260166,11518079,132457,5859114,119760,5649643,7949,9322,160695,3928101,99072,3844734,173324,7772835,
All CA and Non-CA Counties,2021-03-07,125839,11643918,76536,5935650,45186,5694829,4117,13439,78187,3966588,47475,3892209,85962,7858797,
All CA and Non-CA Counties,2021-03-08,218417,11862335,105386,6041036,102415,5797244,10616,24055,142537,4049207,75490,3967699,158109,8016906,
All CA and Non-CA Counties,2021-03-09,271190,12133525,117948,6158984,137098,5934342,16144,40199,146540,4091745,124199,4091898,166737,8183643,
All CA and Non-CA Counties,2021-03-10,318028,12451553,155867,6314851,137342,6071684,24819,65018,171065,4145453,146340,4238238,200048,8383691,
All CA and Non-CA Counties,2021-03-11,380335,12831888,184201,6499052,162221,6233905,33913,98931,195781,4195744,183649,4421887,233940,8617631,
All CA and Non-CA Counties,2021-03-12,395902,13227790,176886,6675938,172280,6406185,46736,145667,194142,4239678,201001,4622888,244935,8862566,
All CA and Non-CA Counties,2021-03-13,282493,13510283,124210,6800148,126853,6533038,31430,177097,152673,4298654,129389,4752277,188365,9050931,
All CA and Non-CA Counties,2021-03-14,154450,13664733,82421,6882569,56834,6589872,15195,192292,83322,4328575,70866,4823143,100787,9151718,
All CA and Non-CA Counties,2021-03-15,291712,13956445,139032,7021601,131873,6721745,20807,213099,159401,4380553,131608,4954751,183586,9335304,
All CA and Non-CA Counties,2021-03-16,374616,14331061,176249,7197850,180883,6902628,17484,230583,219102,4465521,154809,5109560,239777,9575081,
All CA and Non-CA Counties,2021-03-17,387747,14718808,192663,7390513,176367,7078995,18717,249300,240672,4581138,146306,5255866,261923,9837004,
All CA and Non-CA Counties,2021-03-18,404910,15123718,207609,7598122,179017,7258012,18284,267584,242715,4683057,161153,5417019,263072,10100076,
All CA and Non-CA Counties,2021-03-19,411724,15535442,215936,7814058,173884,7431896,21904,289488,241686,4779505,169114,5586133,265562,10365638,
All CA and Non-CA Counties,2021-03-20,294822,15830264,155102,7969160,123951,7555847,15769,305257,189973,4882455,104230,5690363,207180,10572818,
All CA and Non-CA Counties,2021-03-21,143362,15973626,98602,8067762,37287,7593134,7473,312730,90846,4929926,52194,5742557,99665,10672483,
All CA and Non-CA Counties,2021-03-22,273777,16247403,159210,8226972,103517,7696651,11050,323780,180867,5032630,92207,5834764,194911,10867394,
All CA and Non-CA Counties,2021-03-23,360161,16607564,197396,8424368,151667,7848318,11098,334878,231859,5150711,127438,5962202,245519,11112913,
All CA and Non-CA Counties,2021-03-24,390695,16998259,223147,8647515,154969,8003287,12579,347457,231152,5238142,158387,6120589,245818,11358731,
All CA and Non-CA Counties,2021-03-25,421087,17419346,231236,8878751,174973,8178260,14878,362335,244434,5324224,175432,6296021,261514,11620245,
All CA and Non-CA Counties,2021-03-26,434976,17854322,232235,9110986,186780,8365040,15961,378296,241729,5392756,192098,6488119,260630,11880875,
All CA and Non-CA Counties,2021-03-27,313070,18167392,166320,9277306,135239,8500279,11511,389807,161962,5418114,150346,6638465,175704,12056579,
All CA and Non-CA Counties,2021-03-28,169290,18336682,107735,9385041,57826,8558105,3729,393536,92980,5440812,75910,6714375,98608,12155187,
All CA and Non-CA Counties,2021-03-29,311705,18648387,167503,9552544,135319,8693424,8883,402419,177738,5496634,133275,6847650,189097,12344284,
All CA and Non-CA Counties,2021-03-30,400877,19049264,202730,9755274,179931,8873355,18216,420635,243996,5604471,156163,7003813,264000,12608284,
All CA and Non-CA Counties,2021-03-31,426533,19475797,232099,9987373,172459,9045814,21975,442610,245050,5691976,180580,7184393,268085,12876369,
All CA and Non-CA Counties,2021-04-01,491915,19967712,252842,10240215,199357,9245171,39716,482326,273553,5789196,217269,7401662,314489,13190858,
All CA and Non-CA Counties,2021-04-02,473563,20441275,231406,10471621,199164,9444335,42993,525319,258612,5878730,213826,7615488,303360,13494218,
All CA and Non-CA Counties,2021-04-03,330524,20771799,168369,10639990,120577,9564912,41578,566897,166340,5924239,163602,7779090,209111,13703329,
All CA and Non-CA Counties,2021-04-04,133453,20905252,69509,10709499,44808,9609720,19136,586033,59822,5929972,73374,7852464,79107,13782436,
All CA and Non-CA Counties,2021-04-05,353348,21258600,181969,10891468,131599,9741319,39780,625813,175825,5971101,176917,8029381,218046,14000482,
All CA and Non-CA Counties,2021-04-06,460937,21719537,234158,11125626,160261,9901580,66518,692331,224765,6028989,235325,8264706,293213,14293695,
All CA and Non-CA Counties,2021-04-07,474630,22194167,247168,11372794,156626,10058206,70836,763167,232571,6092223,241211,8505917,304445,14598140,
All CA and Non-CA Counties,2021-04-08,501050,22695217,253398,11626192,162429,10220635,85223,848390,236946,6153585,263078,8768995,324440,14922580,
All CA and Non-CA Counties,2021-04-09,493864,23189081,246104,11872296,166974,10387609,80786,929176,228788,6202107,264121,9033116,312643,15235223,
All CA and Non-CA Counties,2021-04-10,368326,23557407,169305,12041601,124019,10511628,75002,1004178,155224,6222556,212446,9245562,232895,15468118,
All CA and Non-CA Counties,2021-04-11,188793,23746200,105921,12147522,48365,10559993,34507,1038685,78869,6229138,109612,9355174,116194,15584312,
All CA and Non-CA Counties,2021-04-12,340236,24086436,175019,12322541,127046,10687039,38171,1076856,158642,6248726,180733,9535907,200321,15784633,
All CA and Non-CA Counties,2021-04-13,434607,24521043,243797,12566338,189868,10876907,942,1077798,243363,6305661,190346,9726253,247281,16031914,
All CA and Non-CA Counties,2021-04-14,449744,24970787,253113,12819451,196358,11073265,273,1078071,236678,6335085,212028,9938281,241452,16273366,
All CA and Non-CA Counties,2021-04-15,491118,25461905,286545,13105996,204332,11277597,241,1078312,276101,6400547,213663,10151944,279125,16552491,
All CA and Non-CA Counties,2021-04-16,475193,25937098,268413,13374409,206470,11484067,310,1078622,255071,6439334,219025,10370969,257812,16810303,
All CA and Non-CA Counties,2021-04-17,342060,26279158,192087,13566496,149931,11633998,42,1078664,195095,6491312,146263,10517232,198241,17008544,
All CA and Non-CA Counties,2021-04-18,155171,26434329,98499,13664995,56656,11690654,16,1078680,80349,6500183,74467,10591699,83338,17091882,
All CA and Non-CA Counties,2021-04-19,318864,26753193,183733,13848728,135046,11825700,85,1078765,151545,6487149,166523,10758222,153489,17245371,
All CA and Non-CA Counties,2021-04-20,407755,27160948,216801,14065529,190899,12016599,55,1078820,203198,6489799,203629,10961851,206279,17451650,
All CA and Non-CA Counties,2021-04-21,422592,27583540,239091,14304620,183243,12199842,258,1079078,203339,6478447,218002,11179853,206650,17658300,
All CA and Non-CA Counties,2021-04-22,448759,28032299,256194,14560814,192489,12392331,76,1079154,200238,6434643,247253,11427106,203449,17861749,
All CA and Non-CA Counties,2021-04-23,438775,28471074,250790,14811604,187903,12580234,82,1079236,199546,6399560,237970,11665076,202887,18064636,
All CA and Non-CA Counties,2021-04-24,324176,28795250,205818,15017422,118196,12698430,162,1079398,165057,6409725,158255,11823331,168420,18233056,
All CA and Non-CA Counties,2021-04-25,150247,28945497,99027,15116449,51154,12749584,66,1079464,80682,6422703,69170,11892501,82148,18315204,
All CA and Non-CA Counties,2021-04-26,272466,29217963,158672,15275121,112355,12861939,1439,1080903,118028,6392882,153604,12046105,123783,18438987,
All CA and Non-CA Counties,2021-04-27,341875,29559838,187838,15462959,148407,13010346,5630,1086533,137032,6334674,203849,12249954,145641,18584628,
All CA and Non-CA Counties,2021-04-28,349299,29909137,199796,15662755,141383,13151729,8120,1094653,142116,6280945,206242,12456196,152513,18737141,
All CA and Non-CA Counties,2021-04-29,358097,30267234,206507,15869262,143423,13295152,8167,1102820,129447,6192767,227611,12683807,139433,18876574,
All CA and Non-CA Counties,2021-04-30,371534,30638768,213412,16082674,149012,13444164,9110,1111930,140968,6115255,229485,12913292,151973,19028547,
All CA and Non-CA Counties,2021-05-01,247706,30886474,158373,16241047,82913,13527077,6420,1118350,90306,6057445,156740,13070032,98930,19127477,
All CA and Non-CA Counties,2021-05-02,117006,31003480,81290,16322337,31779,13558856,3937,1122287,41518,6028138,75128,13145160,45821,19173298,
All CA and Non-CA Counties,2021-05-03,252468,31255948,156051,16478388,87536,13646392,8881,1131168,76748,5939681,174963,13320123,86506,19259804,
All CA and Non-CA Counties,2021-05-04,326807,31582755,199302,16677690,117465,13763857,10040,1141208,96936,5818893,228907,13549030,108119,19367923,
All CA and Non-CA Counties,2021-05-05,330487,31913242,205665,16883355,114616,13878473,10206,1151414,93564,5687814,235813,13784843,104734,19472657,
All CA and Non-CA Counties,2021-05-06,348450,32261692,228064,17111419,109782,13988255,10604,1162018,89676,5533288,257284,14042127,102758,19575415,
All CA and Non-CA Counties,2021-05-07,344025,32605717,216106,17327525,117848,14106103,10071,1172089,94371,5390543,248405,14290532,105660,19681075,
All CA and Non-CA Counties,2021-05-08,225242,32830959,143112,17470637,75237,14181340,6893,1178982,62478,5299585,161713,14452245,70755,19751830,
All CA and Non-CA Counties,2021-05-09,93900,32924859,70308,17540945,20490,14201830,3102,1182084,26101,5261862,67349,14519594,29626,19781456,
All CA and Non-CA Counties,2021-05-10,199336,33124195,113801,17654746,77611,14279441,7924,1190008,50143,5172840,148344,14667938,59322,19840778,
All CA and Non-CA Counties,2021-05-11,238408,33362603,136233,17790979,94261,14373702,7914,1197922,64664,5074020,172999,14840937,74179,19914957,
All CA and Non-CA Counties,2021-05-12,213572,33576175,121713,17912692,83994,14457696,7865,1205787,58694,4987424,154089,14995026,67493,19982450,
All CA and Non-CA Counties,2021-05-13,169073,33745248,109633,18022325,54944,14512640,4496,1210283,53455,4931344,115031,15110057,58951,20041401,
Outside California,2020-12-15,7,7,7,7,0,0,0,0,7,7,0,0,7,7,Not in California
Outside California,2020-12-16,267,274,267,274,0,0,0,0,267,274,0,0,267,274,Not in California
Outside California,2020-12-17,1597,1871,1597,1871,0,0,0,0,1597,1871,0,0,1597,1871,Not in California
Outside California,2020-12-18,2554,4425,2547,4418,7,7,0,0,2554,4425,0,0,2554,4425,Not in California
Outside California,2020-12-19,1037,5462,1036,5454,1,8,0,0,1037,5462,0,0,1037,5462,Not in California
Outside California,2020-12-20,673,6135,670,6124,3,11,0,0,673,6135,0,0,673,6135,Not in California
Outside California,2020-12-21,2181,8316,2178,8302,3,14,0,0,2181,8316,0,0,2181,8316,Not in California
Outside California,2020-12-22,2056,10372,1983,10285,73,87,0,0,2056,10372,0,0,2056,10372,Not in California
Outside California,2020-12-23,1516,11888,1382,11667,134,221,0,0,1516,11888,0,0,1516,11888,Not in California
Outside California,2020-12-24,803,12691,611,12278,192,413,0,0,803,12691,0,0,803,12691,Not in California
Outside California,2020-12-25,33,12724,29,12307,4,417,0,0,33,12724,0,0,33,12724,Not in California
Outside California,2020-12-26,306,13030,203,12510,103,520,0,0,306,13030,0,0,306,13030,Not in California
Outside California,2020-12-27,189,13219,73,12583,116,636,0,0,189,13219,0,0,189,13219,Not in California
Outside California,2020-12-28,1411,14630,892,13475,519,1155,0,0,1411,14630,0,0,1411,14630,Not in California
Outside California,2020-12-29,1547,16177,1014,14489,533,1688,0,0,1547,16177,0,0,1547,16177,Not in California
Outside California,2020-12-30,1918,18095,1228,15717,690,2378,0,0,1918,18095,0,0,1918,18095,Not in California
Outside California,2020-12-31,1116,19211,598,16315,518,2896,0,0,1115,19209,1,1,1115,19210,Not in California
Outside California,2021-01-01,111,19322,23,16338,88,2984,0,0,111,19320,0,1,111,19321,Not in California
Outside California,2021-01-02,237,19559,131,16469,106,3090,0,0,236,19555,1,2,236,19557,Not in California
Outside California,2021-01-03,168,19727,89,16558,79,3169,0,0,168,19723,0,2,168,19725,Not in California
Outside California,2021-01-04,1149,20876,514,17072,635,3804,0,0,1144,20866,1,3,1144,20869,Not in California
Outside California,2021-01-05,1540,22416,812,17884,728,4532,0,0,1349,22027,189,192,1350,22219,Not in California
Outside California,2021-01-06,2703,25119,1594,19478,1109,5641,0,0,1971,23269,729,921,1971,24190,Not in California
Outside California,2021-01-07,4134,29253,2529,22007,1605,7246,0,0,2484,24107,1648,2569,2486,26676,Not in California
Outside California,2021-01-08,4511,33764,2917,24924,1594,8840,0,0,2635,24879,1866,4435,2638,29314,Not in California
Outside California,2021-01-09,1317,35081,527,25451,790,9630,0,0,992,25549,324,4759,994,30308,Not in California
Outside California,2021-01-10,304,35385,182,25633,122,9752,0,0,183,25611,121,4880,183,30491,Not in California
Outside California,2021-01-11,3299,38684,2006,27639,1293,11045,0,0,1972,26256,1327,6207,1972,32463,Not in California
Outside California,2021-01-12,3873,42557,2311,29950,1562,12607,0,0,2335,27058,1534,7741,2336,34799,Not in California
Outside California,2021-01-13,3688,46245,1805,31755,1883,14490,0,0,2514,28401,1174,8915,2517,37316,Not in California
Outside California,2021-01-14,3728,49973,1271,33026,2457,16947,0,0,3089,30866,626,9541,3091,40407,Not in California
Outside California,2021-01-15,4256,54229,990,34016,3266,20213,0,0,3790,34203,453,9994,3790,44197,Not in California
Outside California,2021-01-16,2688,56917,379,34395,2309,22522,0,0,2520,36557,166,10160,2520,46717,Not in California
Outside California,2021-01-17,495,57412,150,34545,345,22867,0,0,446,36954,49,10209,446,47163,Not in California
Outside California,2021-01-18,1197,58609,768,35313,429,23296,0,0,741,37241,455,10664,742,47905,Not in California
Outside California,2021-01-19,4029,62638,1316,36629,2713,26009,0,0,3140,39495,889,11553,3143,51048,Not in California
Outside California,2021-01-20,4385,67023,1406,38035,2979,28988,0,0,3454,42022,928,12481,3455,54503,Not in California
Outside California,2021-01-21,4122,71145,1119,39154,3003,31991,0,0,3560,45035,547,13028,3560,58063,Not in California
Outside California,2021-01-22,4613,75758,1076,40230,3537,35528,0,0,4218,48863,391,13419,4219,62282,Not in California
Outside California,2021-01-23,2248,78006,332,40562,1916,37444,0,0,2086,50787,162,13581,2086,64368,Not in California
Outside California,2021-01-24,603,78609,245,40807,358,37802,0,0,526,51236,77,13658,526,64894,Not in California
Outside California,2021-01-25,4457,83066,1956,42763,2501,40303,0,0,3594,53971,860,14518,3595,68489,Not in California
Outside California,2021-01-26,5933,88999,2886,45649,3047,43350,0,0,5087,58220,845,15363,5094,73583,Not in California
Outside California,2021-01-27,4814,93813,2673,48322,2141,45491,0,0,4200,61811,610,15973,4201,77784,Not in California
Outside California,2021-01-28,5278,99091,2875,51197,2403,47894,0,0,4751,66046,516,16489,4751,82535,Not in California
Outside California,2021-01-29,4935,104026,3092,54289,1843,49737,0,0,4152,69422,778,17267,4154,86689,Not in California
Outside California,2021-01-30,4499,108525,2457,56746,2042,51779,0,0,4272,73471,224,17491,4273,90962,Not in California
Outside California,2021-01-31,3159,111684,2741,59487,418,52197,0,0,3102,76518,56,17547,3103,94065,Not in California
Outside California,2021-02-01,5471,117155,2561,62048,2910,55107,0,0,4780,80615,683,18230,4780,98845,Not in California
Outside California,2021-02-02,6753,123908,2168,64216,4585,59692,0,0,6031,85931,715,18945,6031,104876,Not in California
Outside California,2021-02-03,7319,131227,2084,66300,5235,64927,0,0,6450,91521,861,19806,6451,111327,Not in California
Outside California,2021-02-04,6793,138020,2172,68472,4621,69548,0,0,5803,96344,981,20787,5804,117131,Not in California
Outside California,2021-02-05,6796,144816,2215,70687,4581,74129,0,0,5728,101008,1064,21851,5728,122859,Not in California
Outside California,2021-02-06,4441,149257,2161,72848,2280,76409,0,0,3978,104535,454,22305,3981,126840,Not in California
Outside California,2021-02-07,2244,151501,1859,74707,385,76794,0,0,2167,106627,77,22382,2169,129009,Not in California
Outside California,2021-02-08,5395,156896,3428,78135,1967,78761,0,0,4336,109915,1048,23430,4336,133345,Not in California
Outside California,2021-02-09,4337,161233,1967,80102,2370,81131,0,0,3031,111665,1295,24725,3045,136390,Not in California
Outside California,2021-02-10,5604,166837,1939,82041,3665,84796,0,0,3166,112444,2430,27155,3209,139599,Not in California
Outside California,2021-02-11,4788,171625,2208,84249,2580,87376,0,0,3483,114651,1294,28449,3501,143100,Not in California
Outside California,2021-02-12,5236,176861,1952,86201,3284,90660,0,0,3424,116274,1805,30254,3428,146528,Not in California
Outside California,2021-02-13,2425,179286,721,86922,1704,92364,0,0,1881,117623,544,30798,1893,148421,Not in California
Outside California,2021-02-14,1329,180615,405,87327,924,93288,0,0,1088,118475,238,31036,1090,149511,Not in California
Outside California,2021-02-15,2510,183125,1513,88840,997,94285,0,0,1200,118382,1297,32333,1204,150715,Not in California
Outside California,2021-02-16,6416,189541,2879,91719,3537,97822,0,0,2609,117201,3796,36129,2615,153330,Not in California
Outside California,2021-02-17,5883,195424,2930,94649,2953,100775,0,0,1824,114975,4054,40183,1828,155158,Not in California
Outside California,2021-02-18,6376,201800,3686,98335,2690,103465,0,0,2035,112687,4324,44507,2036,157194,Not in California
Outside California,2021-02-19,5709,207509,3960,102295,1749,105214,0,0,2403,111790,3301,47808,2404,159598,Not in California
Outside California,2021-02-20,3308,210817,2654,104949,654,105868,0,0,1203,110893,2101,49909,1204,160802,Not in California
Outside California,2021-02-21,1809,212626,1593,106542,216,106084,0,0,630,110348,1175,51084,630,161432,Not in California
Outside California,2021-02-22,3453,216079,2524,109066,929,107013,0,0,1614,110130,1837,52921,1619,163051,Not in California
Outside California,2021-02-23,5829,221908,3228,112294,2601,109614,0,0,2303,108927,3520,56441,2317,165368,Not in California
Outside California,2021-02-24,6314,228222,3469,115763,2845,112459,0,0,2479,107581,3830,60271,2484,167852,Not in California
Outside California,2021-02-25,6895,235117,3483,119246,3412,115871,0,0,3127,106975,3737,64008,3131,170983,Not in California
Outside California,2021-02-26,6796,241913,3602,122848,3194,119065,0,0,3166,106591,3551,67559,3167,174150,Not in California
Outside California,2021-02-27,5304,247217,2573,125421,2730,121795,1,1,1855,105012,3438,70997,1859,176009,Not in California
Outside California,2021-02-28,2428,249645,1770,127191,657,122452,1,2,797,104182,1629,72626,799,176808,Not in California
Outside California,2021-03-01,4739,254384,2942,130133,1796,124248,1,3,1310,102077,3421,76047,1316,178124,Not in California
Outside California,2021-03-02,6194,260578,2021,132154,4173,128421,0,3,1877,99650,4306,80353,1879,180003,Not in California
Outside California,2021-03-03,7755,268333,2968,135122,4785,133206,2,5,2586,97085,5157,85510,2592,182595,Not in California
Outside California,2021-03-04,6739,275072,2850,137972,3885,137091,4,9,2340,95048,4383,89893,2346,184941,Not in California
Outside California,2021-03-05,5030,280102,2440,140412,2576,139667,14,23,2576,95199,2446,92339,2597,187538,Not in California
Outside California,2021-03-06,4570,284672,2111,142523,2304,141971,155,178,2312,95418,2256,94595,2475,190013,Not in California
Outside California,2021-03-07,1540,286212,977,143500,510,142481,53,231,925,95783,614,95209,979,190992,Not in California
Outside California,2021-03-08,2993,289205,1733,145233,1016,143497,244,475,2105,97280,859,96068,2356,193348,Not in California
Outside California,2021-03-09,4272,293477,2014,147247,1940,145437,318,793,2428,98186,1840,97908,2746,196094,Not in California
Outside California,2021-03-10,4196,297673,1926,149173,1761,147198,509,1302,2537,99589,1650,99558,3053,199147,Not in California
Outside California,2021-03-11,6129,303802,3121,152294,2330,149528,678,1980,3303,100751,2820,102378,3982,203129,Not in California
Outside California,2021-03-12,6319,310121,3774,156068,1821,151349,724,2704,3481,102126,2831,105209,4206,207335,Not in California
Outside California,2021-03-13,3714,313835,2140,158208,1112,152461,462,3166,2581,104046,1126,106335,3046,210381,Not in California
Outside California,2021-03-14,1748,315583,894,159102,530,152991,324,3490,1041,104704,707,107042,1365,211746,Not in California
Outside California,2021-03-15,3919,319502,2018,161120,1458,154449,443,3933,2075,105388,1838,108880,2522,214268,Not in California
Outside California,2021-03-16,7437,326939,4334,165454,2736,157185,367,4300,4165,106647,3270,112150,4529,218797,Not in California
Outside California,2021-03-17,8327,335266,5370,170824,2591,159776,366,4666,5007,108705,3316,115466,5374,224171,Not in California
Outside California,2021-03-18,8136,343402,4989,175813,2623,162399,524,5190,4727,110555,3401,118867,5251,229422,Not in California
Outside California,2021-03-19,7248,350650,4287,180100,2424,164823,537,5727,4374,112599,2870,121737,4914,234336,Not in California
Outside California,2021-03-20,4680,355330,3059,183159,1536,166359,85,5812,3604,115219,1069,122806,3689,238025,Not in California
Outside California,2021-03-21,1997,357327,1347,184506,563,166922,87,5899,1601,116513,394,123200,1688,239713,Not in California
Outside California,2021-03-22,3218,360545,1938,186444,1194,168116,86,5985,2231,117849,981,124181,2317,242030,Not in California
Outside California,2021-03-23,5972,366517,3044,189488,2656,170772,272,6257,4192,120547,1767,125948,4465,246495,Not in California
Outside California,2021-03-24,7239,373756,3721,193209,3096,173868,422,6679,5077,123889,2155,128103,5497,251992,Not in California
Outside California,2021-03-25,8187,381943,3817,197026,3883,177751,487,7166,6016,128232,2160,130263,6503,258495,Not in California
Outside California,2021-03-26,6565,388508,3451,200477,2942,180693,172,7338,4477,130818,2062,132325,4648,263143,Not in California
Outside California,2021-03-27,5290,393798,3039,203516,2148,182841,103,7441,3419,132476,1862,134187,3520,266663,Not in California
Outside California,2021-03-28,3019,396817,1594,205110,1267,184108,158,7599,2021,133662,993,135180,2179,268842,Not in California
Outside California,2021-03-29,5020,401837,2214,207324,2475,186583,331,7930,2989,134954,2029,137209,3321,272163,Not in California
Outside California,2021-03-30,6747,408584,3546,210870,2658,189241,543,8473,4190,137147,2547,139756,4740,276903,Not in California
Outside California,2021-03-31,6192,414776,3715,214585,1715,190956,762,9235,3480,138679,2707,142463,4239,281142,Not in California
Outside California,2021-04-01,7358,422134,4425,219010,2313,193269,620,9855,4287,140516,3065,145528,4902,286044,Not in California
Outside California,2021-04-02,8271,430405,4373,223383,2775,196044,1123,10978,4328,142029,3937,149465,5450,291494,Not in California
Outside California,2021-04-03,6066,436471,3602,226985,1319,197363,1145,12123,3182,143481,2877,152342,4329,295823,Not in California
Outside California,2021-04-04,1773,438244,867,227852,669,198032,237,12360,995,143933,778,153120,1230,297053,Not in California
Outside California,2021-04-05,4032,442276,1994,229846,1389,199421,649,13009,1955,144466,2073,155193,2606,299659,Not in California
Outside California,2021-04-06,6874,449150,3706,233552,1613,201034,1555,14564,2799,144754,4062,159255,4350,304009,Not in California
Outside California,2021-04-07,7733,456883,4294,237846,1774,202808,1665,16229,3148,144980,4577,163832,4803,308812,Not in California
Outside California,2021-04-08,7797,464680,4055,241901,1845,204653,1897,18126,3187,145455,4602,168434,5077,313889,Not in California
Outside California,2021-04-09,7228,471908,3662,245563,1651,206304,1915,20041,2872,145894,4350,172784,4789,318678,Not in California
Outside California,2021-04-10,6050,477958,3048,248611,1156,207460,1846,21887,1734,145158,4312,177096,3576,322254,Not in California
Outside California,2021-04-11,2812,480770,1521,250132,657,208117,634,22521,1019,145021,1791,178887,1654,323908,Not in California
Outside California,2021-04-12,3854,484624,2084,252216,1235,209352,535,23056,1735,145177,2113,181000,2269,326177,Not in California
Outside California,2021-04-13,5494,490118,3488,255704,1983,211335,23,23079,2762,145236,2726,183726,2785,328962,Not in California
Outside California,2021-04-14,5081,495199,3163,258867,1915,213250,3,23082,2755,145673,2321,186047,2758,331720,Not in California
Outside California,2021-04-15,5819,501018,3520,262387,2293,215543,6,23088,3133,146176,2637,188684,3140,334860,Not in California
Outside California,2021-04-16,5851,506869,3330,265717,2514,218057,7,23095,3320,146981,2524,191208,3329,338189,Not in California
Outside California,2021-04-17,5180,512049,3059,268776,2120,220177,1,23096,2966,147740,2207,193415,2966,341155,Not in California
Outside California,2021-04-18,2067,514116,1150,269926,916,221093,1,23097,984,147648,1078,194493,986,342141,Not in California
Outside California,2021-04-19,4148,518264,1982,271908,2165,223258,1,23098,2181,147875,1957,196450,2184,344325,Not in California
Outside California,2021-04-20,5341,523605,2436,274344,2905,226163,0,23098,2228,146997,3106,199556,2228,346553,Not in California
Outside California,2021-04-21,6297,529902,2620,276964,3674,229837,3,23101,2265,145250,4016,203572,2269,348822,Not in California
Outside California,2021-04-22,7016,536918,3740,280704,3273,233110,3,23104,2805,143857,4202,207774,2809,351631,Not in California
Outside California,2021-04-23,6101,543019,3213,283917,2887,235997,1,23105,2733,143238,3355,211129,2736,354367,Not in California
Outside California,2021-04-24,4905,547924,3428,287345,1473,237470,4,23109,2228,142801,2672,213801,2235,356602,Not in California
Outside California,2021-04-25,2159,550083,1287,288632,870,238340,2,23111,1128,142905,1028,214829,1132,357734,Not in California
Outside California,2021-04-26,3556,553639,1569,290201,1965,240305,22,23133,1619,142616,1930,216759,1641,359375,Not in California
Outside California,2021-04-27,5114,558753,1766,291967,3059,243364,289,23422,1923,141649,3184,219943,2217,361592,Not in California
Outside California,2021-04-28,4887,563640,2098,294065,2393,245757,396,23818,2006,141183,2870,222813,2404,363996,Not in California
Outside California,2021-04-29,4929,568569,2277,296342,2220,247977,432,24250,1973,140652,2937,225750,2406,366402,Not in California
Outside California,2021-04-30,4958,573527,2448,298790,2085,250062,425,24675,1983,140096,2965,228715,2409,368811,Not in California
Outside California,2021-05-01,3140,576667,1823,300613,889,250951,428,25103,1290,139970,1843,230558,1717,370528,Not in California
Outside California,2021-05-02,1867,578534,1088,301701,656,251607,123,25226,863,139954,1002,231560,986,371514,Not in California
Outside California,2021-05-03,2959,581493,1719,303420,962,252569,278,25504,1244,139766,1710,233270,1522,373036,Not in California
Outside California,2021-05-04,4219,585712,2412,305832,1366,253935,441,25945,1762,139517,2451,235721,2202,375238,Not in California
Outside California,2021-05-05,4585,590297,2706,308538,1512,255447,367,26312,1908,139127,2668,238389,2278,377516,Not in California
Outside California,2021-05-06,4482,594779,2830,311368,1319,256766,333,26645,1877,138736,2600,240989,2209,379725,Not in California
Outside California,2021-05-07,4763,599542,2843,314211,1544,258310,376,27021,1933,138226,2820,243809,2310,382035,Not in California
Outside California,2021-05-08,3548,603090,2446,316657,856,259166,246,27267,1534,138054,1953,245762,1781,383816,Not in California
Outside California,2021-05-09,1368,604458,884,317541,360,259526,124,27391,588,138005,760,246522,711,384527,Not in California
Outside California,2021-05-10,2622,607080,1198,318739,1100,260626,324,27715,1042,137811,1562,248084,1368,385895,Not in California
Outside California,2021-05-11,2762,609842,1366,320105,1133,261759,263,27978,1130,137574,1631,249715,1394,387289,Not in California
Outside California,2021-05-12,2634,612476,1202,321307,1152,262911,280,28258,1040,137303,1590,251305,1319,388608,Not in California
Outside California,2021-05-13,2027,614503,1208,322515,667,263578,152,28410,782,136999,1239,252544,935,389543,Not in California
Unknown,2020-12-17,2,2,2,2,0,0,0,0,0,0,0,0,0,0,Not in California
Unknown,2020-12-18,9,11,9,11,0,0,0,0,8,8,0,0,8,8,Not in California
Unknown,2020-12-19,81,92,81,92,0,0,0,0,81,89,0,0,81,89,Not in California
Unknown,2020-12-20,24,116,24,116,0,0,0,0,24,113,0,0,24,113,Not in California
Unknown,2020-12-21,5,121,5,121,0,0,0,0,0,113,0,0,0,113,Not in California
Unknown,2020-12-22,4,125,4,125,0,0,0,0,4,117,0,0,4,117,Not in California
Unknown,2020-12-26,1,126,1,126,0,0,0,0,1,118,0,0,1,118,Not in California
Unknown,2020-12-28,4,130,4,130,0,0,0,0,3,121,0,0,3,121,Not in California
Unknown,2020-12-29,3,133,3,133,0,0,0,0,3,124,0,0,3,124,Not in California
Unknown,2020-12-30,59,192,56,189,3,3,0,0,57,181,0,0,57,181,Not in California
Unknown,2020-12-31,2,194,0,189,2,5,0,0,1,182,0,0,1,182,Not in California
Unknown,2021-01-02,1,195,0,189,1,6,0,0,1,183,0,0,1,183,Not in California
Unknown,2021-01-04,3,198,3,192,0,6,0,0,2,185,0,0,2,185,Not in California
Unknown,2021-01-05,1,199,0,192,1,7,0,0,2,187,0,0,2,187,Not in California
Unknown,2021-01-06,30,229,28,220,2,9,0,0,7,171,23,23,7,194,Not in California
Unknown,2021-01-07,110,339,107,327,3,12,0,0,72,205,38,61,72,266,Not in California
Unknown,2021-01-08,26,365,21,348,5,17,0,0,5,189,21,82,5,271,Not in California
Unknown,2021-01-09,3,368,2,350,1,18,0,0,4,193,0,82,4,275,Not in California
Unknown,2021-01-11,23,391,23,373,0,18,0,0,18,207,4,86,18,293,Not in California
Unknown,2021-01-12,10,401,8,381,2,20,0,0,8,215,1,87,9,302,Not in California
Unknown,2021-01-13,11,412,11,392,0,20,0,0,12,227,0,87,12,314,Not in California
Unknown,2021-01-14,4,416,3,395,1,21,0,0,4,231,0,87,4,318,Not in California
Unknown,2021-01-15,5,421,4,399,1,22,0,0,5,236,0,87,5,323,Not in California
Unknown,2021-01-16,7,428,7,406,0,22,0,0,6,241,1,88,6,329,Not in California
Unknown,2021-01-17,3,431,3,409,0,22,0,0,3,244,0,88,3,332,Not in California
Unknown,2021-01-18,54,485,54,463,0,22,0,0,52,294,2,90,52,384,Not in California
Unknown,2021-01-19,23,508,22,485,1,23,0,0,21,314,1,91,21,405,Not in California
Unknown,2021-01-20,79,587,79,564,0,23,0,0,28,290,52,143,28,433,Not in California
Unknown,2021-01-21,60,647,58,622,2,25,0,0,61,350,1,144,61,494,Not in California
Unknown,2021-01-22,36,683,31,653,5,30,0,0,36,386,0,144,36,530,Not in California
Unknown,2021-01-23,11,694,5,658,6,36,0,0,11,397,0,144,11,541,Not in California
Unknown,2021-01-24,2,696,2,660,0,36,0,0,3,400,0,144,3,544,Not in California
Unknown,2021-01-25,21,717,18,678,3,39,0,0,17,414,3,147,17,561,Not in California
Unknown,2021-01-26,98,815,94,772,4,43,0,0,101,515,0,147,101,662,Not in California
Unknown,2021-01-27,17,832,17,789,0,43,0,0,16,530,1,148,16,678,Not in California
Unknown,2021-01-28,155,987,152,941,3,46,0,0,98,568,60,208,98,776,Not in California
Unknown,2021-01-29,146,1133,145,1086,1,47,0,0,150,717,1,209,150,926,Not in California
Unknown,2021-01-30,10,1143,8,1094,2,49,0,0,13,729,1,210,13,939,Not in California
Unknown,2021-01-31,16,1159,16,1110,0,49,0,0,16,744,1,211,16,955,Not in California
Unknown,2021-02-01,36,1195,34,1144,2,51,0,0,21,748,17,228,21,976,Not in California
Unknown,2021-02-02,70,1265,68,1212,2,53,0,0,63,805,6,234,63,1039,Not in California
Unknown,2021-02-03,49,1314,45,1257,4,57,0,0,37,831,11,245,37,1076,Not in California
Unknown,2021-02-04,61,1375,56,1313,5,62,0,0,55,880,6,251,55,1131,Not in California
Unknown,2021-02-05,22,1397,15,1328,7,69,0,0,18,891,7,258,18,1149,Not in California
Unknown,2021-02-06,19,1416,14,1342,5,74,0,0,15,899,7,265,15,1164,Not in California
Unknown,2021-02-07,8,1424,8,1350,0,74,0,0,6,903,2,267,6,1170,Not in California
Unknown,2021-02-08,53,1477,50,1400,3,77,0,0,14,878,39,306,14,1184,Not in California
Unknown,2021-02-09,19,1496,18,1418,1,78,0,0,4,867,15,321,4,1188,Not in California
Unknown,2021-02-10,35,1531,30,1448,5,83,0,0,9,850,26,347,9,1197,Not in California
Unknown,2021-02-11,93,1624,92,1540,1,84,0,0,43,842,51,398,43,1240,Not in California
Unknown,2021-02-12,41,1665,33,1573,8,92,0,0,16,829,29,427,16,1256,Not in California
Unknown,2021-02-13,15,1680,3,1576,12,104,0,0,17,845,1,428,17,1273,Not in California
Unknown,2021-02-14,7,1687,1,1577,6,110,0,0,5,849,1,429,5,1278,Not in California
Unknown,2021-02-15,43,1730,37,1614,6,116,0,0,28,864,13,442,28,1306,Not in California
Unknown,2021-02-16,104,1834,95,1709,9,125,0,0,31,822,73,515,31,1337,Not in California
Unknown,2021-02-17,10,1844,8,1717,2,127,0,0,4,821,5,520,4,1341,Not in California
Unknown,2021-02-18,105,1949,100,1817,5,132,0,0,19,754,86,606,19,1360,Not in California
Unknown,2021-02-19,195,2144,189,2006,6,138,0,0,58,676,136,742,58,1418,Not in California
Unknown,2021-02-20,11,2155,5,2011,6,144,0,0,4,675,5,747,4,1422,Not in California
Unknown,2021-02-21,18,2173,18,2029,0,144,0,0,4,665,14,761,4,1426,Not in California
Unknown,2021-02-22,9,2182,9,2038,0,144,0,0,6,668,3,764,6,1432,Not in California
Unknown,2021-02-23,63,2245,51,2089,12,156,0,0,15,636,47,811,15,1447,Not in California
Unknown,2021-02-24,43,2288,35,2124,8,164,0,0,15,623,28,839,15,1462,Not in California
Unknown,2021-02-25,75,2363,59,2183,16,180,0,0,27,602,48,887,27,1489,Not in California
Unknown,2021-02-26,40,2403,25,2208,15,195,0,0,24,611,15,902,24,1513,Not in California
Unknown,2021-02-27,28,2431,15,2223,13,208,0,0,20,623,8,910,20,1533,Not in California
Unknown,2021-02-28,17,2448,13,2236,4,212,0,0,10,628,5,915,10,1543,Not in California
Unknown,2021-03-01,45,2493,27,2263,18,230,0,0,24,632,20,935,24,1567,Not in California
Unknown,2021-03-02,19,2512,7,2270,12,242,0,0,12,639,5,940,12,1579,Not in California
Unknown,2021-03-03,13,2525,7,2277,6,248,0,0,9,645,3,943,9,1588,Not in California
Unknown,2021-03-04,53,2578,49,2326,4,252,0,0,22,636,31,974,22,1610,Not in California
Unknown,2021-03-05,33,2611,15,2341,18,270,0,0,35,665,6,980,35,1645,Not in California
Unknown,2021-03-06,32,2643,11,2352,19,289,2,2,23,681,9,989,25,1670,Not in California
Unknown,2021-03-07,10,2653,1,2353,9,298,0,2,7,685,3,992,7,1677,Not in California
Unknown,2021-03-08,32,2685,23,2376,7,305,2,4,8,670,25,1017,10,1687,Not in California
Unknown,2021-03-09,39,2724,32,2408,3,308,4,8,10,654,30,1047,14,1701,Not in California
Unknown,2021-03-10,9,2733,6,2414,1,309,2,10,5,656,5,1052,7,1708,Not in California
Unknown,2021-03-11,37,2770,13,2427,10,319,14,24,14,663,21,1073,28,1736,Not in California
Unknown,2021-03-12,82,2852,56,2483,21,340,5,29,15,619,64,1137,20,1756,Not in California
Unknown,2021-03-13,24,2876,4,2487,16,356,4,33,8,615,16,1153,12,1768,Not in California
Unknown,2021-03-14,18,2894,10,2497,6,362,2,35,6,612,11,1164,8,1776,Not in California
Unknown,2021-03-15,30,2924,11,2508,17,379,2,37,20,621,13,1177,22,1798,Not in California
Unknown,2021-03-16,62,2986,22,2530,36,415,4,41,42,648,19,1196,46,1844,Not in California
Unknown,2021-03-17,47,3033,14,2544,32,447,1,42,40,685,4,1200,41,1885,Not in California
Unknown,2021-03-18,40,3073,20,2564,20,467,0,42,28,701,12,1212,28,1913,Not in California
Unknown,2021-03-19,29,3102,19,2583,10,477,0,42,24,717,8,1220,24,1937,Not in California
Unknown,2021-03-20,33,3135,15,2598,18,495,0,42,20,725,12,1232,20,1957,Not in California
Unknown,2021-03-21,23,3158,17,2615,6,501,0,42,19,741,3,1235,19,1976,Not in California
Unknown,2021-03-22,36,3194,19,2634,16,517,1,43,18,748,12,1247,19,1995,Not in California
Unknown,2021-03-23,23,3217,9,2643,9,526,5,48,11,753,11,1258,16,2011,Not in California
Unknown,2021-03-24,26,3243,9,2652,17,543,0,48,21,769,5,1263,21,2032,Not in California
Unknown,2021-03-25,48,3291,34,2686,14,557,0,48,32,787,14,1277,32,2064,Not in California
Unknown,2021-03-26,37,3328,20,2706,12,569,5,53,21,797,16,1293,26,2090,Not in California
Unknown,2021-03-27,40,3368,14,2720,26,595,0,53,24,801,20,1313,24,2114,Not in California
Unknown,2021-03-28,16,3384,9,2729,7,602,0,53,11,808,4,1317,11,2125,Not in California
Unknown,2021-03-29,39,3423,18,2747,20,622,1,54,24,821,12,1329,25,2150,Not in California
Unknown,2021-03-30,42,3465,25,2772,17,639,0,54,27,833,15,1344,27,2177,Not in California
Unknown,2021-03-31,35,3500,21,2793,14,653,0,54,23,844,12,1356,23,2200,Not in California
Unknown,2021-04-01,28,3528,14,2807,14,667,0,54,22,860,6,1362,22,2222,Not in California
Unknown,2021-04-02,63,3591,16,2823,38,705,9,63,29,864,34,1396,38,2260,Not in California
Unknown,2021-04-03,19,3610,9,2832,10,715,0,63,9,863,10,1406,9,2269,Not in California
Unknown,2021-04-04,17,3627,4,2836,13,728,0,63,10,867,6,1412,10,2279,Not in California
Unknown,2021-04-05,34,3661,20,2856,13,741,1,64,18,871,15,1427,19,2298,Not in California
Unknown,2021-04-06,35,3696,18,2874,16,757,1,65,17,870,19,1446,18,2316,Not in California
Unknown,2021-04-07,39,3735,27,2901,12,769,0,65,37,899,8,1454,37,2353,Not in California
Unknown,2021-04-08,38,3773,23,2924,11,780,4,69,19,900,22,1476,23,2376,Not in California
Unknown,2021-04-09,40,3813,25,2949,15,795,0,69,27,913,14,1490,27,2403,Not in California
Unknown,2021-04-10,10,3823,9,2958,1,796,0,69,4,910,7,1497,4,2407,Not in California
Unknown,2021-04-11,15,3838,11,2969,4,800,0,69,5,906,9,1506,5,2412,Not in California
Unknown,2021-04-12,39,3877,22,2991,16,816,1,70,17,901,23,1529,18,2430,Not in California
Unknown,2021-04-13,67,3944,26,3017,41,857,0,70,30,892,39,1568,30,2460,Not in California
Unknown,2021-04-14,36,3980,10,3027,26,883,0,70,9,875,26,1594,9,2469,Not in California
Unknown,2021-04-15,42,4022,17,3044,24,907,1,71,12,859,29,1623,13,2482,Not in California
Unknown,2021-04-16,52,4074,38,3082,14,921,0,71,31,869,21,1644,31,2513,Not in California
Unknown,2021-04-17,27,4101,15,3097,12,933,0,71,7,858,19,1663,8,2521,Not in California
Unknown,2021-04-18,20,4121,8,3105,12,945,0,71,9,855,12,1675,9,2530,Not in California
Unknown,2021-04-19,35,4156,21,3126,14,959,0,71,28,865,18,1693,28,2558,Not in California
Unknown,2021-04-20,25,4181,14,3140,11,970,0,71,9,854,20,1713,9,2567,Not in California
Unknown,2021-04-21,38,4219,16,3156,22,992,0,71,25,853,26,1739,25,2592,Not in California
Unknown,2021-04-22,23,4242,14,3170,9,1001,0,71,30,865,18,1757,30,2622,Not in California
Unknown,2021-04-23,34,4276,15,3185,19,1020,0,71,20,872,13,1770,20,2642,Not in California
Unknown,2021-04-24,38,4314,23,3208,15,1035,0,71,28,890,10,1780,28,2670,Not in California
Unknown,2021-04-25,23,4337,9,3217,14,1049,0,71,12,891,11,1791,12,2682,Not in California
Unknown,2021-04-26,19,4356,12,3229,7,1056,0,71,6,884,13,1804,6,2688,Not in California
Unknown,2021-04-27,24,4380,9,3238,15,1071,0,71,7,874,17,1821,7,2695,Not in California
Unknown,2021-04-28,49,4429,41,3279,7,1078,1,72,21,868,28,1849,22,2717,Not in California
Unknown,2021-04-29,36,4465,21,3300,15,1093,0,72,12,856,24,1873,12,2729,Not in California
Unknown,2021-04-30,30,4495,14,3314,11,1104,5,77,15,861,15,1888,20,2749,Not in California
Unknown,2021-05-01,35,4530,27,3341,7,1111,1,78,21,869,14,1902,22,2771,Not in California
Unknown,2021-05-02,14,4544,7,3348,6,1117,1,79,6,868,8,1910,7,2778,Not in California
Unknown,2021-05-03,26,4570,19,3367,5,1122,2,81,8,860,18,1928,10,2788,Not in California
Unknown,2021-05-04,22,4592,12,3379,6,1128,4,85,5,852,17,1945,9,2797,Not in California
Unknown,2021-05-05,30,4622,14,3393,15,1143,1,86,17,857,13,1958,18,2815,Not in California
Unknown,2021-05-06,22,4644,12,3405,8,1151,2,88,9,855,13,1971,11,2826,Not in California
Unknown,2021-05-07,28,4672,16,3421,10,1161,2,90,11,851,17,1988,13,2839,Not in California
Unknown,2021-05-08,16,4688,10,3431,4,1165,2,92,7,852,8,1996,9,2848,Not in California
Unknown,2021-05-09,18,4706,5,3436,9,1174,4,96,8,854,10,2006,12,2860,Not in California
Unknown,2021-05-10,24,4730,17,3453,6,1180,1,97,3,838,20,2026,4,2864,Not in California
Unknown,2021-05-11,107,4837,70,3523,26,1206,11,108,87,916,20,2046,98,2962,Not in California
Unknown,2021-05-12,248,5085,178,3701,42,1248,28,136,190,1076,58,2104,218,3180,Not in California
Unknown,2021-05-13,27,5112,26,3727,0,1248,1,137,0,1050,27,2131,1,3181,Not in California
Alameda,2020-12-15,36,36,36,36,0,0,0,0,36,36,0,0,36,36,California
Alameda,2020-12-16,206,242,206,242,0,0,0,0,206,242,0,0,206,242,California
Alameda,2020-12-17,397,639,397,639,0,0,0,0,397,639,0,0,397,639,California
Alameda,2020-12-18,1777,2416,1776,2415,1,1,0,0,1777,2416,0,0,1777,2416,California
Alameda,2020-12-19,1355,3771,1355,3770,0,1,0,0,1355,3771,0,0,1355,3771,California
Alameda,2020-12-20,1162,4933,1161,4931,1,2,0,0,1161,4931,1,1,1161,4932,California
Alameda,2020-12-21,1862,6795,1860,6791,2,4,0,0,1861,6792,0,1,1861,6793,California
Alameda,2020-12-22,2100,8895,2047,8838,53,57,0,0,2100,8892,0,1,2100,8893,California
Alameda,2020-12-23,1945,10840,1687,10525,258,315,0,0,1946,10838,0,1,1946,10839,California
Alameda,2020-12-24,1220,12060,760,11285,460,775,0,0,1220,12058,0,1,1220,12059,California
Alameda,2020-12-25,166,12226,129,11414,37,812,0,0,166,12224,0,1,166,12225,California
Alameda,2020-12-26,870,13096,326,11740,544,1356,0,0,870,13094,0,1,870,13095,California
Alameda,2020-12-27,498,13594,256,11996,242,1598,0,0,498,13592,0,1,498,13593,California
Alameda,2020-12-28,1886,15480,960,12956,926,2524,0,0,1886,15478,0,1,1886,15479,California
Alameda,2020-12-29,2432,17912,1025,13981,1407,3931,0,0,2431,17909,0,1,2431,17910,California
Alameda,2020-12-30,3132,21044,1364,15345,1768,5699,0,0,3134,21043,0,1,3134,21044,California
Alameda,2020-12-31,1796,22840,443,15788,1353,7052,0,0,1794,22836,1,2,1794,22838,California
Alameda,2021-01-01,172,23012,70,15858,102,7154,0,0,171,23006,1,3,171,23009,California
Alameda,2021-01-02,727,23739,524,16382,203,7357,0,0,726,23732,0,3,726,23735,California
Alameda,2021-01-03,343,24082,222,16604,121,7478,0,0,340,24069,3,6,340,24075,California
Alameda,2021-01-04,1650,25732,945,17549,705,8183,0,0,1638,25696,11,17,1638,25713,California
Alameda,2021-01-05,2211,27943,1267,18816,944,9127,0,0,1975,27438,233,250,1975,27688,California
Alameda,2021-01-06,3252,31195,1786,20602,1466,10593,0,0,2429,29049,820,1070,2431,30119,California
Alameda,2021-01-07,3778,34973,2114,22716,1664,12257,0,0,2687,30658,1082,2152,2691,32810,California
Alameda,2021-01-08,4739,39712,2705,25421,2034,14291,0,0,3110,32147,1625,3777,3114,35924,California
Alameda,2021-01-09,2035,41747,1388,26809,647,14938,0,0,1173,32458,862,4639,1173,37097,California
Alameda,2021-01-10,1069,42816,846,27655,223,15161,0,0,429,32246,641,5280,429,37526,California
Alameda,2021-01-11,4653,47469,3518,31173,1135,16296,0,0,2858,33317,1794,7074,2865,40391,California
Alameda,2021-01-12,4833,52302,3253,34426,1580,17876,0,0,3441,35370,1391,8465,3444,43835,California
Alameda,2021-01-13,5045,57347,2667,37093,2378,20254,0,0,3853,38037,1188,9653,3855,47690,California
Alameda,2021-01-14,5635,62982,2772,39865,2863,23117,0,0,4748,41910,878,10531,4751,52441,California
Alameda,2021-01-15,5846,68828,2315,42180,3531,26648,0,0,5078,46231,761,11292,5082,57523,California
Alameda,2021-01-16,3008,71836,1409,43589,1599,28247,0,0,2738,48700,270,11562,2739,60262,California
Alameda,2021-01-17,1868,73704,1082,44671,786,29033,0,0,1661,50156,206,11768,1662,61924,California
Alameda,2021-01-18,3203,76907,2056,46727,1147,30180,0,0,2607,52176,592,12360,2612,64536,California
Alameda,2021-01-19,5532,82439,3334,50061,2198,32378,0,0,4339,55326,1191,13551,4341,68877,California
Alameda,2021-01-20,6781,89220,4112,54173,2669,35047,0,0,5485,59532,1283,14834,5489,74366,California
Alameda,2021-01-21,7788,97008,3411,57584,4377,39424,0,0,6950,65655,832,15666,6955,81321,California
Alameda,2021-01-22,6850,103858,2038,59622,4812,44236,0,0,5711,70236,1132,16798,5713,87034,California
Alameda,2021-01-23,3290,107148,947,60569,2343,46579,0,0,2735,72418,555,17353,2737,89771,California
Alameda,2021-01-24,2053,109201,657,61226,1396,47975,0,0,1776,73921,273,17626,1776,91547,California
Alameda,2021-01-25,5220,114421,1984,63210,3236,51211,0,0,3630,75970,1582,19208,3631,95178,California
Alameda,2021-01-26,7257,121678,2293,65503,4964,56175,0,0,5395,79511,1855,21063,5396,100574,California
Alameda,2021-01-27,6670,128348,2078,67581,4592,60767,0,0,4818,82491,1838,22901,4818,105392,California
Alameda,2021-01-28,7897,136245,2547,70128,5350,66117,0,0,5656,85923,2225,25126,5657,111049,California
Alameda,2021-01-29,7928,144173,3185,73313,4743,70860,0,0,6105,90216,1813,26939,6106,117155,California
Alameda,2021-01-30,3422,147595,1674,74987,1748,72608,0,0,2716,92232,700,27639,2716,119871,California
Alameda,2021-01-31,1906,149501,965,75952,941,73549,0,0,1662,93653,241,27880,1662,121533,California
Alameda,2021-02-01,5975,155476,3370,79322,2605,76154,0,0,4332,96349,1637,29517,4333,125866,California
Alameda,2021-02-02,7477,162953,4258,83580,3219,79373,0,0,4676,98234,2791,32308,4676,130542,California
Alameda,2021-02-03,7084,170037,3732,87312,3352,82725,0,0,4407,99975,2671,34979,4412,134954,California
Alameda,2021-02-04,9523,179560,4128,91440,5395,88120,0,0,6432,103340,3072,38051,6437,141391,California
Alameda,2021-02-05,10347,189907,5399,96839,4948,93068,0,0,6472,105949,3869,41920,6478,147869,California
Alameda,2021-02-06,6998,196905,4438,101277,2560,95628,0,0,5874,110699,1124,43044,5874,153743,California
Alameda,2021-02-07,3584,200489,2892,104169,692,96320,0,0,2639,112397,942,43986,2640,156383,California
Alameda,2021-02-08,8105,208594,5793,109962,2312,98632,0,0,5547,115399,2547,46533,5549,161932,California
Alameda,2021-02-09,9720,218314,5862,115824,3858,102490,0,0,6070,117827,3644,50177,6072,168004,California
Alameda,2021-02-10,11475,229789,6788,122612,4687,107177,0,0,6573,119524,4884,55061,6581,174585,California
Alameda,2021-02-11,13941,243730,7994,130606,5947,113124,0,0,8378,122360,5545,60606,8381,182966,California
Alameda,2021-02-12,12545,256275,5699,136305,6846,119970,0,0,7762,125356,4769,65375,7765,190731,California
Alameda,2021-02-13,7822,264097,4071,140376,3751,123721,0,0,5855,129251,1962,67337,5857,196588,California
Alameda,2021-02-14,4034,268131,2537,142913,1497,125218,0,0,2871,130966,1159,68496,2874,199462,California
Alameda,2021-02-15,5717,273848,3225,146138,2492,127710,0,0,3704,132665,2008,70504,3707,203169,California
Alameda,2021-02-16,12545,286393,6961,153099,5584,133294,0,0,9323,138782,3212,73716,9329,212498,California
Alameda,2021-02-17,14121,300514,8360,161459,5761,139055,0,0,10490,145661,3613,77329,10492,222990,California
Alameda,2021-02-18,15881,316395,10068,171527,5813,144868,0,0,11524,152842,4349,81678,11530,234520,California
Alameda,2021-02-19,17668,334063,11456,182983,6212,151080,0,0,11704,158609,5942,87620,11709,246229,California
Alameda,2021-02-20,11875,345938,9618,192601,2257,153337,0,0,9148,165041,2722,90342,9154,255383,California
Alameda,2021-02-21,6255,352193,5323,197924,932,154269,0,0,3775,166347,2469,92811,3775,259158,California
Alameda,2021-02-22,10715,362908,7931,205855,2784,157053,0,0,6750,169155,3951,96762,6759,265917,California
Alameda,2021-02-23,12737,375645,7731,213586,5006,162059,0,0,7922,172279,4805,101567,7929,273846,California
Alameda,2021-02-24,14673,390318,8218,221804,6455,168514,0,0,9512,176696,5100,106667,9517,283363,California
Alameda,2021-02-25,15647,405965,9139,230943,6508,175022,0,0,9965,181019,5650,112317,9973,293336,California
Alameda,2021-02-26,18114,424079,10645,241588,7469,182491,0,0,11711,186372,6362,118679,11715,305051,California
Alameda,2021-02-27,14731,438810,10832,252420,3897,186388,2,2,9122,189911,5587,124266,9126,314177,California
Alameda,2021-02-28,9164,447974,7723,260143,1441,187829,0,2,6081,192933,3060,127326,6082,320259,California
Alameda,2021-03-01,13284,461258,9225,269368,4052,191881,7,9,8229,196165,5010,132336,8242,328501,California
Alameda,2021-03-02,13859,475117,9633,279001,4225,196106,1,10,8907,200148,4932,137268,8915,337416,California
Alameda,2021-03-03,15425,490542,10013,289014,5411,201517,1,11,10505,205766,4892,142160,10510,347926,California
Alameda,2021-03-04,17340,507882,11085,300099,6253,207770,2,13,10894,210250,6412,148572,10896,358822,California
Alameda,2021-03-05,15885,523767,10253,310352,5623,213393,9,22,10650,215721,5194,153766,10665,369487,California
Alameda,2021-03-06,14281,538048,9992,320344,4025,217418,264,286,9377,220504,4860,158626,9643,379130,California
Alameda,2021-03-07,9375,547423,8148,328492,1146,218564,81,367,6593,224427,2753,161379,6676,385806,California
Alameda,2021-03-08,11686,559109,7186,335678,4121,222685,379,746,8677,230524,2959,164338,9056,394862,California
Alameda,2021-03-09,11440,570549,7074,342752,3937,226622,429,1175,6309,232166,5098,169436,6740,401602,California
Alameda,2021-03-10,16704,587253,11345,354097,4801,231423,558,1733,7567,231175,9112,178548,8121,409723,California
Alameda,2021-03-11,19790,607043,11572,365669,6513,237936,1705,3438,6780,226675,12980,191528,8480,418203,California
Alameda,2021-03-12,21173,628216,12327,377996,7192,245128,1654,5092,7477,222126,13672,205200,9123,427326,California
Alameda,2021-03-13,15847,644063,10100,388096,4759,249887,988,6080,5105,217510,10707,215907,6091,433417,California
Alameda,2021-03-14,10708,654771,7822,395918,2100,251987,786,6866,4642,216881,6048,221955,5419,438836,California
Alameda,2021-03-15,14333,669104,9339,405257,4477,256464,517,7383,6383,215858,7920,229875,6897,445733,California
Alameda,2021-03-16,17192,686296,11125,416382,5533,261997,534,7917,7579,214410,9562,239437,8114,453847,California
Alameda,2021-03-17,17400,703696,9798,426180,6906,268903,696,8613,8182,214109,9178,248615,8877,462724,California
Alameda,2021-03-18,19100,722796,10359,436539,7863,276766,878,9491,8789,213501,10279,258894,9671,472395,California
Alameda,2021-03-19,19136,741932,10364,446903,6987,283753,1785,11276,7662,211515,11426,270320,9440,481835,California
Alameda,2021-03-20,15641,757573,10203,457106,4615,288368,823,12099,6547,209817,9065,279385,7367,489202,California
Alameda,2021-03-21,9065,766638,7105,464211,1427,289795,533,12632,3777,208850,5278,284663,4311,493513,California
Alameda,2021-03-22,14899,781537,10014,474225,3906,293701,979,13611,7175,209301,7698,292361,8149,501662,California
Alameda,2021-03-23,19130,800667,11525,485750,6814,300515,791,14402,10726,212464,8360,300721,11523,513185,California
Alameda,2021-03-24,19028,819695,11458,497208,6577,307092,993,15395,8593,211669,10372,311093,9577,522762,California
Alameda,2021-03-25,20388,840083,11270,508478,7734,314826,1384,16779,9577,211876,10742,321835,10949,533711,California
Alameda,2021-03-26,20704,860787,12399,520877,6770,321596,1535,18314,8877,210498,11781,333616,10403,544114,California
Alameda,2021-03-27,18207,878994,12347,533224,4899,326495,961,19275,7856,208992,10306,343922,8800,552914,California
Alameda,2021-03-28,10448,889442,8461,541685,1783,328278,204,19479,3834,206437,6601,350523,4046,556960,California
Alameda,2021-03-29,14608,904050,9300,550985,4311,332589,997,20476,6286,205431,8288,358811,7282,564242,California
Alameda,2021-03-30,18479,922529,9700,560685,7081,339670,1698,22174,10832,210338,7617,366428,12524,576766,California
Alameda,2021-03-31,19267,941796,10146,570831,7052,346722,2069,24243,9553,212261,9690,376118,11613,588379,California
Alameda,2021-04-01,23139,964935,10024,580855,7615,354337,5500,29743,11076,216803,12029,388147,16571,604950,California
Alameda,2021-04-02,23882,988817,9907,590762,8285,362622,5690,35433,11618,221878,12229,400376,17304,622254,California
Alameda,2021-04-03,20174,1008991,9755,600517,5695,368317,4724,40157,10329,227104,9826,410202,15052,637306,California
Alameda,2021-04-04,9944,1018935,3971,604488,2290,370607,3683,43840,3526,227902,6405,416607,7203,644509,California
Alameda,2021-04-05,17793,1036728,7512,612000,5515,376122,4766,48606,7265,229422,10507,427114,12027,656536,California
Alameda,2021-04-06,22172,1058900,10704,622704,5645,381767,5823,54429,10100,233295,12037,439151,15910,672446,California
Alameda,2021-04-07,22479,1081379,11543,634247,5500,387267,5436,59865,11419,239123,11018,450169,16846,689292,California
Alameda,2021-04-08,25427,1106806,11502,645749,5966,393233,7959,67824,10866,243444,14491,464660,18812,708104,California
Alameda,2021-04-09,23271,1130077,10615,656364,7449,400682,5207,73031,12007,249424,11233,475893,17213,725317,California
Alameda,2021-04-10,18851,1148928,7429,663793,5598,406280,5824,78855,8189,252784,10638,486531,13998,739315,California
Alameda,2021-04-11,10993,1159921,4793,668586,2268,408548,3932,82787,4502,254734,6474,493005,8424,747739,California
Alameda,2021-04-12,17955,1177876,11716,680302,4307,412855,1932,84719,10130,259001,7791,500796,12058,759797,California
Alameda,2021-04-13,23015,1200891,14597,694899,8363,421218,55,84774,16955,270008,6014,506810,17021,776818,California
Alameda,2021-04-14,23033,1223924,15190,710089,7842,429060,1,84775,15605,278224,7397,514207,15613,792431,California
Alameda,2021-04-15,24086,1248010,15385,725474,8699,437759,2,84777,15997,286195,8035,522242,16006,808437,California
Alameda,2021-04-16,24381,1272391,14421,739895,9955,447714,5,84782,15723,293327,8607,530849,15739,824176,California
Alameda,2021-04-17,20775,1293166,14331,754226,6444,454158,0,84782,14316,301233,6425,537274,14331,838507,California
Alameda,2021-04-18,9911,1303077,7570,761796,2341,456499,0,84782,6859,305072,3025,540299,6864,845371,California
Alameda,2021-04-19,15602,1318679,9682,771478,5919,462418,1,84783,9029,307576,6535,546834,9039,854410,California
Alameda,2021-04-20,18144,1336823,11105,782583,7038,469456,1,84784,9955,309404,8148,554982,9976,864386,California
Alameda,2021-04-21,19167,1355990,11255,793838,7904,477360,8,84792,11195,312706,7920,562902,11222,875608,California
Alameda,2021-04-22,21390,1377380,13779,807617,7608,484968,3,84795,11341,314100,9974,572876,11368,886976,California
Alameda,2021-04-23,21654,1399034,14041,821658,7611,492579,2,84797,12108,316742,9494,582370,12136,899112,California
Alameda,2021-04-24,18958,1417992,14386,836044,4565,497144,7,84804,10017,317871,8905,591275,10034,909146,California
Alameda,2021-04-25,8803,1426795,6863,842907,1940,499084,0,84804,5718,320528,3071,594346,5728,914874,California
Alameda,2021-04-26,13206,1440001,9152,852059,4032,503116,22,84826,8247,323873,4932,599278,8277,923151,California
Alameda,2021-04-27,15112,1455113,8895,860954,5912,509028,305,85131,7120,323374,7948,607226,7449,930600,California
Alameda,2021-04-28,15953,1471066,10149,871103,5340,514368,464,85595,6218,320362,9708,616934,6696,937296,California
Alameda,2021-04-29,16678,1487744,10030,881133,6325,520693,323,85918,5988,316048,10646,627580,6332,943628,California
Alameda,2021-04-30,19427,1507171,12005,893138,7084,527777,338,86256,7867,312795,11493,639073,8240,951868,California
Alameda,2021-05-01,13950,1521121,9302,902440,4444,532221,204,86460,5185,309479,8737,647810,5421,957289,California
Alameda,2021-05-02,7042,1528163,4896,907336,1975,534196,171,86631,2869,308366,4158,651968,3045,960334,California
Alameda,2021-05-03,14412,1542575,10911,918247,3182,537378,319,86950,2824,299993,11548,663516,3175,963509,California
Alameda,2021-05-04,18219,1560794,13064,931311,4798,542176,357,87307,3640,289502,14517,678033,4026,967535,California
Alameda,2021-05-05,18305,1579099,13295,944606,4502,546678,508,87815,3732,279244,14512,692545,4254,971789,California
Alameda,2021-05-06,18491,1597590,13990,958596,3819,550497,682,88497,3587,268695,14831,707376,4282,976071,California
Alameda,2021-05-07,19068,1616658,12839,971435,5816,556313,413,88910,4349,258824,14652,722028,4781,980852,California
Alameda,2021-05-08,16418,1633076,11219,982654,4986,561299,213,89123,3097,248864,13283,735311,3323,984175,California
Alameda,2021-05-09,8453,1641529,6895,989549,1412,562711,146,89269,1474,243527,6960,742271,1623,985798,California
Alameda,2021-05-10,9953,1651482,6763,996312,2862,565573,328,89597,2496,238928,7429,749700,2830,988628,California
Alameda,2021-05-11,14853,1666335,7931,1004243,6631,572204,291,89888,2689,229819,12123,761823,3014,991642,California
Alameda,2021-05-12,11580,1677915,7418,1011661,3761,575965,401,90289,2290,223284,9254,771077,2719,994361,California
Alameda,2021-05-13,12809,1690724,8993,1020654,3413,579378,403,90692,3451,217825,9334,780411,3875,998236,California
Alpine,2020-12-18,2,2,2,2,0,0,0,0,2,2,0,0,2,2,California
Alpine,2020-12-19,2,4,2,4,0,0,0,0,2,4,0,0,2,4,California
Alpine,2020-12-21,2,6,2,6,0,0,0,0,2,6,0,0,2,6,California
Alpine,2020-12-30,14,20,0,6,14,14,0,0,14,20,0,0,14,20,California
Alpine,2020-12-31,1,21,0,6,1,15,0,0,1,21,0,0,1,21,California
Alpine,2021-01-01,1,22,0,6,1,16,0,0,1,22,0,0,1,22,California
Alpine,2021-01-02,1,23,1,7,0,16,0,0,1,23,0,0,1,23,California
Alpine,2021-01-04,10,33,0,7,10,26,0,0,10,33,0,0,10,33,California
Alpine,2021-01-05,9,42,1,8,8,34,0,0,9,42,0,0,9,42,California
Alpine,2021-01-06,31,73,0,8,31,65,0,0,31,73,0,0,31,73,California
Alpine,2021-01-07,8,81,0,8,8,73,0,0,8,81,0,0,8,81,California
Alpine,2021-01-08,4,85,2,10,2,75,0,0,2,81,2,2,2,83,California
Alpine,2021-01-09,2,87,2,12,0,75,0,0,0,79,2,4,0,83,California
Alpine,2021-01-11,32,119,1,13,31,106,0,0,31,109,1,5,31,114,California
Alpine,2021-01-13,35,154,0,13,35,141,0,0,35,144,0,5,35,149,California
Alpine,2021-01-14,1,155,0,13,1,142,0,0,1,145,0,5,1,150,California
Alpine,2021-01-15,1,156,0,13,1,143,0,0,1,146,0,5,1,151,California
Alpine,2021-01-20,21,177,0,13,21,164,0,0,21,167,0,5,21,172,California
Alpine,2021-01-21,1,178,0,13,1,165,0,0,1,168,0,5,1,173,California
Alpine,2021-01-22,32,210,0,13,32,197,0,0,32,200,0,5,32,205,California
Alpine,2021-01-23,1,211,1,14,0,197,0,0,0,199,1,6,0,205,California
Alpine,2021-01-25,16,227,0,14,16,213,0,0,16,215,0,6,16,221,California
Alpine,2021-01-27,1,228,1,15,0,213,0,0,0,214,1,7,0,221,California
Alpine,2021-01-28,1,229,0,15,1,214,0,0,0,213,1,8,0,221,California
Alpine,2021-01-29,1,230,0,15,1,215,0,0,1,214,0,8,1,222,California
Alpine,2021-02-01,25,255,0,15,25,240,0,0,7,203,18,26,7,229,California
Alpine,2021-02-03,34,289,0,15,34,274,0,0,10,189,24,50,10,239,California
Alpine,2021-02-04,8,297,0,15,8,282,0,0,3,187,5,55,3,242,California
Alpine,2021-02-05,31,328,0,15,31,313,0,0,12,180,19,74,12,254,California
Alpine,2021-02-07,1,329,1,16,0,313,0,0,1,181,0,74,1,255,California
Alpine,2021-02-08,32,361,0,16,32,345,0,0,4,157,28,102,4,259,California
Alpine,2021-02-10,34,395,0,16,34,379,0,0,0,123,34,136,0,259,California
Alpine,2021-02-11,6,401,0,16,6,385,0,0,3,123,3,139,3,262,California
Alpine,2021-02-12,1,402,0,16,1,386,0,0,0,122,1,140,0,262,California
Alpine,2021-02-17,23,425,0,16,23,409,0,0,3,105,20,160,3,265,California
Alpine,2021-02-18,2,427,0,16,2,411,0,0,1,105,1,161,1,266,California
Alpine,2021-02-19,34,461,1,17,33,444,0,0,2,75,32,193,2,268,California
Alpine,2021-02-22,27,488,0,17,27,471,0,0,8,64,19,212,8,276,California
Alpine,2021-02-24,1,489,1,18,0,471,0,0,1,65,0,212,1,277,California
Alpine,2021-02-25,6,495,1,19,5,476,0,0,6,71,0,212,6,283,California
Alpine,2021-02-26,30,525,1,20,29,505,0,0,29,99,1,213,29,312,California
Alpine,2021-02-27,1,526,0,20,1,506,0,0,1,100,0,213,1,313,California
Alpine,2021-03-01,36,562,0,20,36,542,0,0,26,116,10,223,26,339,California
Alpine,2021-03-03,30,592,1,21,29,571,0,0,18,122,12,235,18,357,California
Alpine,2021-03-04,11,603,1,22,10,581,0,0,11,133,0,235,11,368,California
Alpine,2021-03-05,30,633,0,22,30,611,0,0,22,147,8,243,22,390,California
Alpine,2021-03-08,31,664,0,22,31,642,0,0,29,174,2,245,29,419,California
Alpine,2021-03-10,73,737,0,22,73,715,0,0,73,247,0,245,73,492,California
Alpine,2021-03-11,35,772,0,22,35,750,0,0,31,274,4,249,31,523,California
Alpine,2021-03-12,19,791,0,22,19,769,0,0,17,289,2,251,17,540,California
Alpine,2021-03-15,21,812,1,23,20,789,0,0,20,308,1,252,20,560,California
Alpine,2021-03-17,23,835,0,23,22,811,1,1,19,324,4,256,20,580,California
Alpine,2021-03-18,38,873,3,26,35,846,0,1,35,356,3,259,35,615,California
Alpine,2021-03-19,2,875,1,27,1,847,0,1,1,356,1,260,1,616,California
Alpine,2021-03-22,24,899,0,27,24,871,0,1,15,362,9,269,15,631,California
Alpine,2021-03-24,19,918,0,27,19,890,0,1,8,359,11,280,8,639,California
Alpine,2021-03-25,35,953,1,28,33,923,1,2,28,381,7,287,29,668,California
Alpine,2021-03-27,1,954,0,28,1,924,0,2,0,380,1,288,0,668,California
Alpine,2021-03-28,1,955,1,29,0,924,0,2,1,381,0,288,1,669,California
Alpine,2021-03-29,19,974,0,29,18,942,1,3,2,367,17,305,3,672,California
Alpine,2021-04-01,18,992,0,29,18,960,0,3,8,365,10,315,8,680,California
Alpine,2021-04-02,101,1093,1,30,100,1060,0,3,46,357,54,369,46,726,California
Alpine,2021-04-05,4,1097,1,31,3,1063,0,3,0,353,4,373,0,726,California
Alpine,2021-04-06,3,1100,2,33,1,1064,0,3,2,354,1,374,2,728,California
Alpine,2021-04-07,117,1217,0,33,116,1180,1,4,30,299,86,460,31,759,California
Alpine,2021-04-08,37,1254,0,33,35,1215,2,6,10,284,27,487,12,771,California
Alpine,2021-04-09,1,1255,0,33,1,1216,0,6,1,285,0,487,1,772,California
Alpine,2021-04-14,47,1302,0,33,47,1263,0,6,10,258,37,524,10,782,California
Alpine,2021-04-15,35,1337,0,33,35,1298,0,6,3,229,32,556,3,785,California
Alpine,2021-04-16,1,1338,0,33,1,1299,0,6,1,230,0,556,1,786,California
Alpine,2021-04-19,1,1339,0,33,1,1300,0,6,1,231,0,556,1,787,California
Alpine,2021-04-21,31,1370,0,33,31,1331,0,6,15,230,16,572,15,802,California
Alpine,2021-04-22,24,1394,0,33,24,1355,0,6,1,208,23,595,1,803,California
Alpine,2021-04-24,2,1396,2,35,0,1355,0,6,0,207,2,597,1,804,California
Alpine,2021-04-25,1,1397,1,36,0,1355,0,6,0,206,1,598,0,804,California
Alpine,2021-04-27,2,1399,1,37,1,1356,0,6,1,206,1,599,1,805,California
Alpine,2021-04-28,36,1435,0,37,36,1392,0,6,6,182,30,629,6,811,California
Alpine,2021-04-29,7,1442,1,38,6,1398,0,6,1,177,6,635,1,812,California
Alpine,2021-04-30,2,1444,1,39,0,1398,1,7,1,178,1,636,2,814,California
Alpine,2021-05-02,1,1445,0,39,0,1398,1,8,0,178,1,637,1,815,California
Alpine,2021-05-05,17,1462,0,39,17,1415,0,8,4,169,13,650,4,819,California
Alpine,2021-05-06,7,1469,0,39,7,1422,0,8,0,162,7,657,0,819,California
Alpine,2021-05-07,1,1470,0,39,1,1423,0,8,0,161,1,658,0,819,California
Alpine,2021-05-10,1,1471,0,39,1,1424,0,8,1,162,0,658,1,820,California
Alpine,2021-05-12,1,1472,0,39,0,1424,1,9,0,162,1,659,1,821,California
Alpine,2021-05-13,3,1475,0,39,3,1427,0,9,0,159,3,662,0,821,California
Amador,2020-12-16,2,2,2,2,0,0,0,0,2,2,0,0,2,2,California
Amador,2020-12-17,5,7,5,7,0,0,0,0,5,7,0,0,5,7,California
Amador,2020-12-18,45,52,45,52,0,0,0,0,45,52,0,0,45,52,California
Amador,2020-12-19,17,69,17,69,0,0,0,0,17,69,0,0,17,69,California
Amador,2020-12-20,4,73,4,73,0,0,0,0,4,73,0,0,4,73,California
Amador,2020-12-21,31,104,31,104,0,0,0,0,31,104,0,0,31,104,California
Amador,2020-12-22,35,139,34,138,1,1,0,0,35,139,0,0,35,139,California
Amador,2020-12-23,39,178,38,176,1,2,0,0,39,178,0,0,39,178,California
Amador,2020-12-24,5,183,3,179,2,4,0,0,5,183,0,0,5,183,California
Amador,2020-12-26,5,188,4,183,1,5,0,0,5,188,0,0,5,188,California
Amador,2020-12-27,1,189,0,183,1,6,0,0,1,189,0,0,1,189,California
Amador,2020-12-28,31,220,27,210,4,10,0,0,31,220,0,0,31,220,California
Amador,2020-12-29,26,246,19,229,7,17,0,0,26,246,0,0,26,246,California
Amador,2020-12-30,124,370,78,307,46,63,0,0,124,370,0,0,124,370,California
Amador,2020-12-31,191,561,166,473,25,88,0,0,191,561,0,0,191,561,California
Amador,2021-01-01,2,563,0,473,2,90,0,0,2,563,0,0,2,563,California
Amador,2021-01-02,56,619,56,529,0,90,0,0,56,619,0,0,56,619,California
Amador,2021-01-03,65,684,17,546,48,138,0,0,65,684,0,0,65,684,California
Amador,2021-01-04,124,808,1,547,123,261,0,0,124,808,0,0,124,808,California
Amador,2021-01-05,33,841,3,550,30,291,0,0,31,838,2,2,32,840,California
Amador,2021-01-06,40,881,10,560,30,321,0,0,36,870,4,6,36,876,California
Amador,2021-01-07,230,1111,69,629,161,482,0,0,218,1076,12,18,218,1094,California
Amador,2021-01-08,84,1195,70,699,14,496,0,0,40,1073,44,62,41,1135,California
Amador,2021-01-09,11,1206,11,710,0,496,0,0,2,1066,9,71,2,1137,California
Amador,2021-01-10,6,1212,4,714,2,498,0,0,2,1064,4,75,2,1139,California
Amador,2021-01-11,124,1336,44,758,80,578,0,0,87,1115,37,112,88,1227,California
Amador,2021-01-12,64,1400,49,807,15,593,0,0,40,1131,24,136,40,1267,California
Amador,2021-01-13,38,1438,23,830,15,608,0,0,26,1145,12,148,26,1293,California
Amador,2021-01-14,147,1585,20,850,127,735,0,0,137,1273,10,158,138,1431,California
Amador,2021-01-15,56,1641,25,875,31,766,0,0,48,1313,8,166,48,1479,California
Amador,2021-01-16,19,1660,12,887,7,773,0,0,13,1321,6,172,14,1493,California
Amador,2021-01-17,26,1686,6,893,20,793,0,0,26,1347,0,172,26,1519,California
Amador,2021-01-18,32,1718,28,921,4,797,0,0,10,1335,22,194,10,1529,California
Amador,2021-01-19,121,1839,96,1017,25,822,0,0,77,1368,44,238,77,1606,California
Amador,2021-01-20,184,2023,34,1051,150,972,0,0,168,1521,15,253,168,1774,California
Amador,2021-01-21,255,2278,224,1275,31,1003,0,0,145,1557,110,363,146,1920,California
Amador,2021-01-22,135,2413,73,1348,62,1065,0,0,128,1678,7,370,128,2048,California
Amador,2021-01-23,52,2465,32,1380,20,1085,0,0,50,1726,2,372,50,2098,California
Amador,2021-01-24,28,2493,12,1392,16,1101,0,0,25,1748,3,375,25,2123,California
Amador,2021-01-25,59,2552,28,1420,31,1132,0,0,42,1773,17,392,42,2165,California
Amador,2021-01-26,245,2797,17,1437,228,1360,0,0,235,1998,10,402,235,2400,California
Amador,2021-01-27,299,3096,32,1469,267,1627,0,0,252,2206,45,447,253,2653,California
Amador,2021-01-28,347,3443,77,1546,270,1897,0,0,286,2432,61,508,287,2940,California
Amador,2021-01-29,96,3539,31,1577,65,1962,0,0,81,2498,15,523,81,3021,California
Amador,2021-01-30,169,3708,36,1613,133,2095,0,0,164,2657,5,528,164,3185,California
Amador,2021-01-31,32,3740,28,1641,4,2099,0,0,31,2687,1,529,31,3216,California
Amador,2021-02-01,63,3803,23,1664,40,2139,0,0,36,2696,27,556,36,3252,California
Amador,2021-02-02,212,4015,63,1727,149,2288,0,0,126,2739,83,639,126,3378,California
Amador,2021-02-03,141,4156,38,1765,103,2391,0,0,90,2779,50,689,90,3468,California
Amador,2021-02-04,250,4406,74,1839,176,2567,0,0,164,2859,86,775,166,3634,California
Amador,2021-02-05,331,4737,63,1902,268,2835,0,0,315,3158,16,791,315,3949,California
Amador,2021-02-06,99,4836,80,1982,19,2854,0,0,95,3249,4,795,95,4044,California
Amador,2021-02-07,39,4875,35,2017,4,2858,0,0,35,3281,4,799,36,4080,California
Amador,2021-02-08,90,4965,62,2079,28,2886,0,0,73,3337,17,816,73,4153,California
Amador,2021-02-09,175,5140,83,2162,92,2978,0,0,110,3382,65,881,110,4263,California
Amador,2021-02-10,978,6118,80,2242,898,3876,0,0,945,4294,33,914,945,5208,California
Amador,2021-02-11,307,6425,119,2361,188,4064,0,0,201,4391,104,1018,201,5409,California
Amador,2021-02-12,328,6753,120,2481,208,4272,0,0,255,4573,73,1091,255,5664,California
Amador,2021-02-13,166,6919,82,2563,84,4356,0,0,140,4687,26,1117,140,5804,California
Amador,2021-02-14,123,7042,54,2617,69,4425,0,0,106,4776,17,1134,106,5910,California
Amador,2021-02-15,186,7228,60,2677,126,4551,0,0,169,4929,16,1150,169,6079,California
Amador,2021-02-16,464,7692,53,2730,411,4962,0,0,425,5316,39,1189,426,6505,California
Amador,2021-02-17,263,7955,84,2814,179,5141,0,0,166,5385,97,1286,166,6671,California
Amador,2021-02-18,398,8353,99,2913,299,5440,0,0,336,5660,62,1348,337,7008,California
Amador,2021-02-19,195,8548,77,2990,118,5558,0,0,112,5689,83,1431,112,7120,California
Amador,2021-02-20,95,8643,33,3023,62,5620,0,0,67,5728,28,1459,67,7187,California
Amador,2021-02-21,45,8688,34,3057,11,5631,0,0,15,5713,30,1489,15,7202,California
Amador,2021-02-22,65,8753,26,3083,39,5670,0,0,32,5713,32,1521,32,7234,California
Amador,2021-02-23,320,9073,54,3137,266,5936,0,0,140,5674,180,1701,141,7375,California
Amador,2021-02-24,393,9466,56,3193,337,6273,0,0,262,5809,127,1828,262,7637,California
Amador,2021-02-25,521,9987,116,3309,405,6678,0,0,279,5847,241,2069,279,7916,California
Amador,2021-02-26,612,10599,75,3384,537,7215,0,0,505,6246,107,2176,506,8422,California
Amador,2021-02-27,293,10892,93,3477,200,7415,0,0,103,6162,189,2365,105,8527,California
Amador,2021-02-28,103,10995,52,3529,51,7466,0,0,57,6175,46,2411,59,8586,California
Amador,2021-03-01,188,11183,66,3595,122,7588,0,0,119,6226,69,2480,120,8706,California
Amador,2021-03-02,381,11564,64,3659,317,7905,0,0,331,6508,50,2530,332,9038,California
Amador,2021-03-03,243,11807,79,3738,164,8069,0,0,167,6601,75,2605,168,9206,California
Amador,2021-03-04,497,12304,116,3854,381,8450,0,0,394,6893,102,2707,394,9600,California
Amador,2021-03-05,511,12815,77,3931,434,8884,0,0,293,6971,217,2924,295,9895,California
Amador,2021-03-06,99,12914,45,3976,53,8937,1,1,54,6981,45,2969,55,9950,California
Amador,2021-03-07,63,12977,42,4018,21,8958,0,1,20,6958,43,3012,20,9970,California
Amador,2021-03-08,152,13129,71,4089,80,9038,1,2,91,6989,61,3073,92,10062,California
Amador,2021-03-09,370,13499,50,4139,320,9358,0,2,292,7206,75,3148,292,10354,California
Amador,2021-03-10,512,14011,77,4216,433,9791,2,4,111,6919,401,3549,114,10468,California
Amador,2021-03-11,474,14485,118,4334,345,10136,11,15,299,7058,174,3723,313,10781,California
Amador,2021-03-12,570,15055,66,4400,496,10632,8,23,338,7178,231,3954,351,11132,California
Amador,2021-03-13,114,15169,18,4418,89,10721,7,30,74,7223,40,3994,85,11217,California
Amador,2021-03-14,89,15258,19,4437,67,10788,3,33,21,7179,68,4062,24,11241,California
Amador,2021-03-15,178,15436,25,4462,146,10934,7,40,55,7120,123,4185,64,11305,California
Amador,2021-03-16,449,15885,54,4516,385,11319,10,50,138,6959,309,4494,148,11453,California
Amador,2021-03-17,192,16077,42,4558,147,11466,3,53,116,7003,76,4570,120,11573,California
Amador,2021-03-18,477,16554,100,4658,373,11839,4,57,251,7036,226,4796,259,11832,California
Amador,2021-03-19,540,17094,56,4714,467,12306,17,74,391,7300,147,4943,411,12243,California
Amador,2021-03-20,110,17204,45,4759,64,12370,1,75,46,7286,63,5006,49,12292,California
Amador,2021-03-21,48,17252,36,4795,11,12381,1,76,31,7304,16,5022,34,12326,California
Amador,2021-03-22,115,17367,33,4828,53,12434,29,105,51,7320,64,5086,80,12406,California
Amador,2021-03-23,435,17802,47,4875,380,12814,8,113,276,7447,158,5244,285,12691,California
Amador,2021-03-24,342,18144,35,4910,54,12868,253,366,34,7427,307,5551,287,12978,California
Amador,2021-03-25,606,18750,84,4994,516,13384,6,372,394,7616,211,5762,400,13378,California
Amador,2021-03-26,742,19492,44,5038,692,14076,6,378,281,7447,459,6221,290,13668,California
Amador,2021-03-27,91,19583,15,5053,74,14150,2,380,27,7414,64,6285,31,13699,California
Amador,2021-03-28,69,19652,15,5068,52,14202,2,382,13,7375,55,6340,16,13715,California
Amador,2021-03-29,179,19831,26,5094,152,14354,1,383,80,7364,97,6437,86,13801,California
Amador,2021-03-30,534,20365,28,5122,505,14859,1,384,294,7420,239,6676,295,14096,California
Amador,2021-03-31,199,20564,57,5179,137,14996,5,389,43,7312,156,6832,48,14144,California
Amador,2021-04-01,615,21179,87,5266,528,15524,0,389,263,7228,349,7181,265,14409,California
Amador,2021-04-02,606,21785,38,5304,556,16080,12,401,383,7402,222,7403,396,14805,California
Amador,2021-04-03,84,21869,20,5324,44,16124,20,421,21,7382,63,7466,43,14848,California
Amador,2021-04-04,38,21907,3,5327,29,16153,6,427,15,7380,23,7489,21,14869,California
Amador,2021-04-05,144,22051,52,5379,75,16228,17,444,49,7354,94,7583,68,14937,California
Amador,2021-04-06,502,22553,38,5417,445,16673,19,463,222,7317,278,7861,241,15178,California
Amador,2021-04-07,99,22652,34,5451,46,16719,19,482,43,7325,54,7915,62,15240,California
Amador,2021-04-08,494,23146,84,5535,389,17108,21,503,221,7295,272,8187,242,15482,California
Amador,2021-04-09,481,23627,21,5556,441,17549,19,522,212,7256,268,8455,229,15711,California
Amador,2021-04-10,50,23677,14,5570,27,17576,9,531,22,7259,28,8483,31,15742,California
Amador,2021-04-11,50,23727,25,5595,21,17597,4,535,23,7260,26,8509,27,15769,California
Amador,2021-04-12,97,23824,25,5620,62,17659,10,545,41,7255,56,8565,51,15820,California
Amador,2021-04-13,344,24168,50,5670,294,17953,0,545,68,7048,275,8840,68,15888,California
Amador,2021-04-14,278,24446,26,5696,252,18205,0,545,177,7125,100,8940,177,16065,California
Amador,2021-04-15,329,24775,72,5768,257,18462,0,545,72,6945,252,9192,72,16137,California
Amador,2021-04-16,482,25257,29,5797,453,18915,0,545,384,7233,96,9288,384,16521,California
Amador,2021-04-17,60,25317,34,5831,26,18941,0,545,26,7225,34,9322,26,16547,California
Amador,2021-04-18,26,25343,6,5837,20,18961,0,545,11,7222,14,9336,11,16558,California
Amador,2021-04-19,69,25412,27,5864,42,19003,0,545,31,7218,37,9373,33,16591,California
Amador,2021-04-20,436,25848,54,5918,382,19385,0,545,111,7013,318,9691,113,16704,California
Amador,2021-04-21,85,25933,33,5951,52,19437,0,545,43,7015,41,9732,43,16747,California
Amador,2021-04-22,496,26429,77,6028,418,19855,1,546,104,6735,385,10117,105,16852,California
Amador,2021-04-23,358,26787,46,6074,312,20167,0,546,286,6952,71,10188,288,17140,California
Amador,2021-04-24,45,26832,23,6097,22,20189,0,546,24,6956,20,10208,24,17164,California
Amador,2021-04-25,37,26869,19,6116,18,20207,0,546,25,6969,12,10220,25,17189,California
Amador,2021-04-26,80,26949,25,6141,54,20261,1,547,39,6969,40,10260,40,17229,California
Amador,2021-04-27,482,27431,36,6177,446,20707,0,547,81,6652,399,10659,82,17311,California
Amador,2021-04-28,67,27498,29,6206,34,20741,4,551,39,6667,28,10687,43,17354,California
Amador,2021-04-29,221,27719,69,6275,44,20785,108,659,64,6681,157,10844,171,17525,California
Amador,2021-04-30,337,28056,26,6301,307,21092,4,663,96,6540,241,11085,100,17625,California
Amador,2021-05-01,42,28098,16,6317,22,21114,4,667,22,6548,18,11103,26,17651,California
Amador,2021-05-02,26,28124,14,6331,9,21123,3,670,9,6544,17,11120,13,17664,California
Amador,2021-05-03,67,28191,33,6364,24,21147,10,680,27,6541,40,11160,37,17701,California
Amador,2021-05-04,465,28656,25,6389,433,21580,7,687,68,6219,397,11557,75,17776,California
Amador,2021-05-05,202,28858,153,6542,40,21620,9,696,163,6352,39,11596,172,17948,California
Amador,2021-05-06,108,28966,54,6596,49,21669,5,701,63,6377,43,11639,68,18016,California
Amador,2021-05-07,127,29093,30,6626,90,21759,7,708,68,6393,59,11698,75,18091,California
Amador,2021-05-08,41,29134,7,6633,30,21789,4,712,19,6394,22,11720,23,18114,California
Amador,2021-05-09,15,29149,0,6633,9,21798,6,718,4,6393,11,11731,10,18124,California
Amador,2021-05-10,62,29211,15,6648,44,21842,3,721,26,6386,36,11767,29,18153,California
Amador,2021-05-11,101,29312,33,6681,42,21884,26,747,45,6401,56,11823,71,18224,California
Amador,2021-05-12,60,29372,18,6699,41,21925,1,748,27,6396,33,11856,28,18252,California
Amador,2021-05-13,53,29425,33,6732,18,21943,2,750,24,6394,28,11884,26,18278,California
Butte,2020-12-16,3,3,3,3,0,0,0,0,3,3,0,0,3,3,California
Butte,2020-12-17,21,24,21,24,0,0,0,0,21,24,0,0,21,24,California
Butte,2020-12-18,50,74,50,74,0,0,0,0,50,74,0,0,50,74,California
Butte,2020-12-19,7,81,7,81,0,0,0,0,7,81,0,0,7,81,California
Butte,2020-12-20,10,91,10,91,0,0,0,0,10,91,0,0,10,91,California
Butte,2020-12-21,634,725,634,725,0,0,0,0,634,725,0,0,634,725,California
Butte,2020-12-22,618,1343,616,1341,2,2,0,0,618,1343,0,0,618,1343,California
Butte,2020-12-23,870,2213,854,2195,16,18,0,0,870,2213,0,0,870,2213,California
Butte,2020-12-24,159,2372,155,2350,4,22,0,0,159,2372,0,0,159,2372,California
Butte,2020-12-26,93,2465,91,2441,2,24,0,0,93,2465,0,0,93,2465,California
Butte,2020-12-27,35,2500,34,2475,1,25,0,0,35,2500,0,0,35,2500,California
Butte,2020-12-28,279,2779,273,2748,6,31,0,0,279,2779,0,0,279,2779,California
Butte,2020-12-29,203,2982,179,2927,24,55,0,0,203,2982,0,0,203,2982,California
Butte,2020-12-30,513,3495,291,3218,222,277,0,0,513,3495,0,0,513,3495,California
Butte,2020-12-31,211,3706,18,3236,193,470,0,0,211,3706,0,0,211,3706,California
Butte,2021-01-01,8,3714,1,3237,7,477,0,0,8,3714,0,0,8,3714,California
Butte,2021-01-02,41,3755,38,3275,3,480,0,0,41,3755,0,0,41,3755,California
Butte,2021-01-03,4,3759,1,3276,3,483,0,0,4,3759,0,0,4,3759,California
Butte,2021-01-04,208,3967,175,3451,33,516,0,0,208,3967,0,0,208,3967,California
Butte,2021-01-05,197,4164,152,3603,45,561,0,0,196,4162,1,1,196,4163,California
Butte,2021-01-06,623,4787,397,4000,226,787,0,0,618,4776,5,6,619,4782,California
Butte,2021-01-07,761,5548,369,4369,392,1179,0,0,741,5497,20,26,741,5523,California
Butte,2021-01-08,668,6216,529,4898,139,1318,0,0,622,6073,46,72,622,6145,California
Butte,2021-01-09,12,6228,7,4905,5,1323,0,0,7,6075,5,77,7,6152,California
Butte,2021-01-10,19,6247,5,4910,14,1337,0,0,14,6084,5,82,14,6166,California
Butte,2021-01-11,985,7232,949,5859,36,1373,0,0,357,5816,628,710,360,6526,California
Butte,2021-01-12,698,7930,653,6512,45,1418,0,0,274,5666,424,1134,274,6800,California
Butte,2021-01-13,1451,9381,957,7469,494,1912,0,0,616,5449,835,1969,618,7418,California
Butte,2021-01-14,1635,11016,894,8363,741,2653,0,0,1439,6693,195,2164,1439,8857,California
Butte,2021-01-15,1167,12183,925,9288,242,2895,0,0,1058,7641,110,2274,1058,9915,California
Butte,2021-01-16,586,12769,300,9588,286,3181,0,0,541,8137,45,2319,541,10456,California
Butte,2021-01-17,239,13008,64,9652,175,3356,0,0,202,8302,37,2356,202,10658,California
Butte,2021-01-18,344,13352,302,9954,42,3398,0,0,276,8511,67,2423,276,10934,California
Butte,2021-01-19,497,13849,433,10387,64,3462,0,0,224,8462,273,2696,224,11158,California
Butte,2021-01-20,1369,15218,688,11075,681,4143,0,0,1066,9225,303,2999,1066,12224,California
Butte,2021-01-21,1474,16692,866,11941,608,4751,0,0,1366,10484,107,3106,1366,13590,California
Butte,2021-01-22,1135,17827,476,12417,659,5410,0,0,1082,11513,53,3159,1082,14672,California
Butte,2021-01-23,129,17956,87,12504,42,5452,0,0,103,11590,26,3185,103,14775,California
Butte,2021-01-24,9,17965,7,12511,2,5454,0,0,9,11599,0,3185,9,14784,California
Butte,2021-01-25,655,18620,335,12846,320,5774,0,0,492,11928,163,3348,492,15276,California
Butte,2021-01-26,1468,20088,377,13223,1091,6865,0,0,1331,13122,137,3485,1331,16607,California
Butte,2021-01-27,2093,22181,706,13929,1387,8252,0,0,1363,13756,729,4214,1363,17970,California
Butte,2021-01-28,2261,24442,260,14189,2001,10253,0,0,1951,15398,309,4523,1951,19921,California
Butte,2021-01-29,1686,26128,487,14676,1199,11452,0,0,1307,16327,378,4901,1307,21228,California
Butte,2021-01-30,32,26160,9,14685,23,11475,0,0,29,16353,3,4904,29,21257,California
Butte,2021-01-31,16,26176,14,14699,2,11477,0,0,15,16367,1,4905,15,21272,California
Butte,2021-02-01,1750,27926,406,15105,1344,12821,0,0,1362,17343,386,5291,1362,22634,California
Butte,2021-02-02,1931,29857,363,15468,1568,14389,0,0,1628,18667,304,5595,1628,24262,California
Butte,2021-02-03,2735,32592,772,16240,1963,16352,0,0,1844,19622,889,6484,1844,26106,California
Butte,2021-02-04,2960,35552,327,16567,2633,18985,0,0,2404,21472,554,7038,2404,28510,California
Butte,2021-02-05,1265,36817,662,17229,603,19588,0,0,548,21304,717,7755,549,29059,California
Butte,2021-02-06,144,36961,103,17332,41,19629,0,0,62,21284,82,7837,62,29121,California
Butte,2021-02-07,37,36998,33,17365,4,19633,0,0,13,21273,24,7861,13,29134,California
Butte,2021-02-08,691,37689,542,17907,149,19782,0,0,238,21058,453,8314,238,29372,California
Butte,2021-02-09,953,38642,459,18366,494,20276,0,0,723,21551,230,8544,723,30095,California
Butte,2021-02-10,1706,40348,1190,19556,516,20792,0,0,675,21197,1029,9573,675,30770,California
Butte,2021-02-11,2202,42550,1349,20905,853,21645,0,0,1006,21007,1196,10769,1006,31776,California
Butte,2021-02-12,1001,43551,433,21338,568,22213,0,0,330,20667,670,11439,330,32106,California
Butte,2021-02-13,252,43803,44,21382,208,22421,0,0,150,20715,102,11541,150,32256,California
Butte,2021-02-14,161,43964,9,21391,152,22573,0,0,156,20866,5,11546,156,32412,California
Butte,2021-02-15,263,44227,47,21438,216,22789,0,0,198,20999,65,11611,198,32610,California
Butte,2021-02-16,733,44960,433,21871,300,23089,0,0,275,20815,459,12070,275,32885,California
Butte,2021-02-17,1516,46476,849,22720,667,23756,0,0,842,20985,672,12742,842,33727,California
Butte,2021-02-18,1554,48030,760,23480,794,24550,0,0,747,20925,807,13549,747,34474,California
Butte,2021-02-19,1166,49196,387,23867,779,25329,0,0,401,20568,758,14307,401,34875,California
Butte,2021-02-20,475,49671,29,23896,446,25775,0,0,122,20338,352,14659,122,34997,California
Butte,2021-02-21,16,49687,14,23910,2,25777,0,0,11,20344,5,14664,11,35008,California
Butte,2021-02-22,1499,51186,296,24206,1203,26980,0,0,380,19608,1116,15780,380,35388,California
Butte,2021-02-23,1634,52820,297,24503,1337,28317,0,0,463,18905,1166,16946,463,35851,California
Butte,2021-02-24,2135,54955,596,25099,1539,29856,0,0,728,18234,1399,18345,728,36579,California
Butte,2021-02-25,2078,57033,580,25679,1498,31354,0,0,656,17474,1417,19762,657,37236,California
Butte,2021-02-26,920,57953,311,25990,609,31963,0,0,397,17351,520,20282,397,37633,California
Butte,2021-02-27,236,58189,48,26038,188,32151,0,0,186,17489,48,20330,186,37819,California
Butte,2021-02-28,140,58329,16,26054,124,32275,0,0,132,17613,8,20338,132,37951,California
Butte,2021-03-01,1629,59958,178,26232,1450,33725,1,1,329,16646,1297,21635,330,38281,California
Butte,2021-03-02,1745,61703,196,26428,1549,35274,0,1,311,15527,1430,23065,311,38592,California
Butte,2021-03-03,2785,64488,849,27277,1936,37210,0,1,482,13707,2302,25367,482,39074,California
Butte,2021-03-04,3143,67631,678,27955,2465,39675,0,1,622,11809,2520,27887,622,39696,California
Butte,2021-03-05,1347,68978,615,28570,731,40406,1,2,734,11934,610,28497,735,40431,California
Butte,2021-03-06,247,69225,27,28597,197,40603,23,25,186,12083,60,28557,209,40640,California
Butte,2021-03-07,55,69280,3,28600,35,40638,17,42,30,12105,25,28582,47,40687,California
Butte,2021-03-08,1265,70545,129,28729,1059,41697,77,119,1100,13120,162,28744,1177,41864,California
Butte,2021-03-09,1899,72444,279,29008,1517,43214,103,222,1411,14149,485,29229,1514,43378,California
Butte,2021-03-10,2321,74765,966,29974,1254,44468,101,323,1579,15091,737,29966,1679,45057,California
Butte,2021-03-11,2808,77573,1316,31290,1366,45834,126,449,1982,16384,815,30781,2108,47165,California
Butte,2021-03-12,1146,78719,329,31619,468,46302,349,798,357,16307,783,31564,706,47871,California
Butte,2021-03-13,254,78973,67,31686,138,46440,49,847,65,16231,189,31753,113,47984,California
Butte,2021-03-14,161,79134,15,31701,104,46544,42,889,21,16155,139,31892,63,48047,California
Butte,2021-03-15,1722,80856,360,32061,1069,47613,293,1182,1127,16987,588,32480,1420,49467,California
Butte,2021-03-16,1632,82488,417,32478,1137,48750,78,1260,1092,17619,537,33017,1169,50636,California
Butte,2021-03-17,1953,84441,1358,33836,514,49264,81,1341,1135,18024,810,33827,1215,51851,California
Butte,2021-03-18,1806,86247,1464,35300,213,49477,129,1470,1062,18476,738,34565,1190,53041,California
Butte,2021-03-19,699,86946,313,35613,302,49779,84,1554,346,18562,344,34909,430,53471,California
Butte,2021-03-20,205,87151,32,35645,157,49936,16,1570,93,18559,112,35021,109,53580,California
Butte,2021-03-21,58,87209,27,35672,2,49938,29,1599,15,18560,43,35064,44,53624,California
Butte,2021-03-22,1463,88672,353,36025,1016,50954,94,1693,1198,19589,263,35327,1292,54916,California
Butte,2021-03-23,1805,90477,493,36518,1198,52152,114,1807,1455,20811,347,35674,1569,56485,California
Butte,2021-03-24,2248,92725,1267,37785,855,53007,126,1933,1701,22094,543,36217,1826,58311,California
Butte,2021-03-25,1485,94210,1202,38987,191,53198,92,2025,1021,22747,460,36677,1113,59424,California
Butte,2021-03-26,1211,95421,441,39428,524,53722,246,2271,566,22922,637,37314,812,60236,California
Butte,2021-03-27,300,95721,84,39512,192,53914,24,2295,134,22915,163,37477,156,60392,California
Butte,2021-03-28,227,95948,44,39556,175,54089,8,2303,102,22902,122,37599,109,60501,California
Butte,2021-03-29,1720,97668,381,39937,1269,55358,70,2373,1305,23867,410,38009,1375,61876,California
Butte,2021-03-30,1041,98709,471,40408,480,55838,90,2463,497,23916,538,38547,587,62463,California
Butte,2021-03-31,1779,100488,1305,41713,407,56245,67,2530,1089,24388,684,39231,1156,63619,California
Butte,2021-04-01,3280,103768,2663,44376,490,56735,127,2657,2211,25663,1064,40295,2339,65958,California
Butte,2021-04-02,997,104765,416,44792,461,57196,120,2777,559,25910,430,40725,677,66635,California
Butte,2021-04-03,346,105111,47,44839,224,57420,75,2852,166,25971,180,40905,241,66876,California
Butte,2021-04-04,185,105296,23,44862,139,57559,23,2875,106,26024,77,40982,130,67006,California
Butte,2021-04-05,1955,107251,421,45283,1363,58922,171,3046,594,25435,1352,42334,763,67769,California
Butte,2021-04-06,2190,109441,618,45901,1152,60074,420,3466,793,25254,1391,43725,1210,68979,California
Butte,2021-04-07,3008,112449,1312,47213,1304,61378,392,3858,699,24042,2303,46028,1091,70070,California
Butte,2021-04-08,2720,115169,1189,48402,1266,62644,265,4123,438,22466,2279,48307,703,70773,California
Butte,2021-04-09,1365,116534,349,48751,536,63180,480,4603,325,22231,1037,49344,802,71575,California
Butte,2021-04-10,220,116754,48,48799,75,63255,97,4700,96,22300,123,49467,192,71767,California
Butte,2021-04-11,107,116861,45,48844,52,63307,10,4710,83,22371,22,49489,93,71860,California
Butte,2021-04-12,1407,118268,314,49158,960,64267,133,4843,252,21601,1155,50644,385,72245,California
Butte,2021-04-13,1641,119909,571,49729,1064,65331,6,4849,349,20672,1285,51929,356,72601,California
Butte,2021-04-14,2827,122736,2337,52066,490,65821,0,4849,1311,20473,1511,53440,1312,73913,California
Butte,2021-04-15,640,123376,395,52461,245,66066,0,4849,483,20802,154,53594,483,74396,California
Butte,2021-04-16,809,124185,415,52876,394,66460,0,4849,474,20944,332,53926,474,74870,California
Butte,2021-04-17,341,124526,62,52938,279,66739,0,4849,239,21083,100,54026,239,75109,California
Butte,2021-04-18,41,124567,11,52949,30,66769,0,4849,37,21116,4,54030,37,75146,California
Butte,2021-04-19,1558,126125,380,53329,1178,67947,0,4849,446,20454,1108,55138,446,75592,California
Butte,2021-04-20,1965,128090,713,54042,1252,69199,0,4849,773,20041,1186,56324,773,76365,California
Butte,2021-04-21,2050,130140,1166,55208,884,70083,0,4849,481,18959,1563,57887,481,76846,California
Butte,2021-04-22,2212,132352,1934,57142,278,70361,0,4849,635,18021,1573,59460,635,77481,California
Butte,2021-04-23,946,133298,446,57588,500,70861,0,4849,491,18058,454,59914,491,77972,California
Butte,2021-04-24,345,133643,138,57726,207,71068,0,4849,191,18095,154,60068,191,78163,California
Butte,2021-04-25,172,133815,67,57793,105,71173,0,4849,63,18049,109,60177,63,78226,California
Butte,2021-04-26,1467,135282,408,58201,1054,72227,5,4854,408,17406,1056,61233,413,78639,California
Butte,2021-04-27,903,136185,613,58814,263,72490,27,4881,546,17626,353,61586,573,79212,California
Butte,2021-04-28,1390,137575,935,59749,431,72921,24,4905,499,17263,886,62472,523,79735,California
Butte,2021-04-29,877,138452,540,60289,312,73233,25,4930,296,17007,577,63049,321,80056,California
Butte,2021-04-30,892,139344,387,60676,484,73717,21,4951,452,17043,436,63485,472,80528,California
Butte,2021-05-01,239,139583,64,60740,156,73873,19,4970,72,16968,166,63651,91,80619,California
Butte,2021-05-02,147,139730,61,60801,73,73946,13,4983,42,16918,105,63756,55,80674,California
Butte,2021-05-03,605,140335,249,61050,325,74271,31,5014,157,16667,439,64195,188,80862,California
Butte,2021-05-04,814,141149,314,61364,468,74739,32,5046,210,16310,598,64793,241,81103,California
Butte,2021-05-05,1337,142486,1090,62454,211,74950,36,5082,276,15565,1057,65850,312,81415,California
Butte,2021-05-06,923,143409,667,63121,219,75169,37,5119,364,15411,555,66405,401,81816,California
Butte,2021-05-07,563,143972,291,63412,235,75404,37,5156,288,15464,272,66677,325,82141,California
Butte,2021-05-08,169,144141,36,63448,124,75528,9,5165,90,15485,78,66755,99,82240,California
Butte,2021-05-09,94,144235,20,63468,71,75599,3,5168,50,15494,44,66799,53,82293,California
Butte,2021-05-10,519,144754,306,63774,170,75769,43,5211,214,15449,302,67101,257,82550,California
Butte,2021-05-11,856,145610,638,64412,162,75931,56,5267,272,15196,581,67682,328,82878,California
Butte,2021-05-12,711,146321,463,64875,206,76137,42,5309,312,15155,395,68077,354,83232,California
Butte,2021-05-13,626,146947,482,65357,121,76258,23,5332,165,14889,454,68531,188,83420,California
Calaveras,2020-12-16,5,5,5,5,0,0,0,0,5,5,0,0,5,5,California
Calaveras,2020-12-17,3,8,3,8,0,0,0,0,3,8,0,0,3,8,California
Calaveras,2020-12-18,38,46,38,46,0,0,0,0,38,46,0,0,38,46,California
Calaveras,2020-12-19,3,49,3,49,0,0,0,0,3,49,0,0,3,49,California
Calaveras,2020-12-20,3,52,3,52,0,0,0,0,3,52,0,0,3,52,California
Calaveras,2020-12-21,55,107,48,100,7,7,0,0,55,107,0,0,55,107,California
Calaveras,2020-12-22,82,189,78,178,4,11,0,0,83,190,0,0,83,190,California
Calaveras,2020-12-23,76,265,74,252,2,13,0,0,76,266,0,0,76,266,California
Calaveras,2020-12-24,2,267,2,254,0,13,0,0,2,268,0,0,2,268,California
Calaveras,2020-12-26,3,270,3,257,0,13,0,0,3,271,0,0,3,271,California
Calaveras,2020-12-28,21,291,17,274,4,17,0,0,20,290,1,1,20,291,California
Calaveras,2020-12-29,167,458,147,421,20,37,0,0,167,457,0,1,167,458,California
Calaveras,2020-12-30,94,552,82,503,12,49,0,0,94,551,0,1,94,552,California
Calaveras,2020-12-31,36,588,25,528,11,60,0,0,36,587,0,1,36,588,California
Calaveras,2021-01-02,11,599,11,539,0,60,0,0,11,598,0,1,11,599,California
Calaveras,2021-01-03,10,609,4,543,6,66,0,0,10,608,0,1,10,609,California
Calaveras,2021-01-04,33,642,5,548,28,94,0,0,33,641,0,1,33,642,California
Calaveras,2021-01-05,40,682,9,557,31,125,0,0,31,668,9,10,36,678,California
Calaveras,2021-01-06,107,789,30,587,77,202,0,0,97,755,10,20,97,775,California
Calaveras,2021-01-07,105,894,26,613,79,281,0,0,92,837,11,31,93,868,California
Calaveras,2021-01-08,68,962,38,651,30,311,0,0,45,860,23,54,46,914,California
Calaveras,2021-01-09,5,967,5,656,0,311,0,0,2,859,3,57,2,916,California
Calaveras,2021-01-10,2,969,0,656,2,313,0,0,2,861,0,57,2,918,California
Calaveras,2021-01-11,65,1034,59,715,6,319,0,0,27,853,37,94,29,947,California
Calaveras,2021-01-12,85,1119,52,767,33,352,0,0,52,873,33,127,53,1000,California
Calaveras,2021-01-13,109,1228,44,811,65,417,0,0,75,915,34,161,76,1076,California
Calaveras,2021-01-14,138,1366,41,852,97,514,0,0,105,989,32,193,106,1182,California
Calaveras,2021-01-15,91,1457,29,881,62,576,0,0,71,1040,20,213,71,1253,California
Calaveras,2021-01-16,13,1470,2,883,11,587,0,0,12,1051,1,214,12,1265,California
Calaveras,2021-01-17,9,1479,1,884,8,595,0,0,9,1060,0,214,9,1274,California
Calaveras,2021-01-18,133,1612,20,904,113,708,0,0,119,1168,14,228,122,1396,California
Calaveras,2021-01-19,205,1817,175,1079,30,738,0,0,62,1089,142,370,63,1459,California
Calaveras,2021-01-20,376,2193,82,1161,294,1032,0,0,290,1304,85,455,300,1759,California
Calaveras,2021-01-21,462,2655,40,1201,422,1454,0,0,432,1714,30,485,440,2199,California
Calaveras,2021-01-22,401,3056,23,1224,378,1832,0,0,390,2101,11,496,398,2597,California
Calaveras,2021-01-23,22,3078,10,1234,12,1844,0,0,18,2115,4,500,18,2615,California
Calaveras,2021-01-24,13,3091,8,1242,5,1849,0,0,11,2124,2,502,11,2626,California
Calaveras,2021-01-25,86,3177,8,1250,78,1927,0,0,81,2200,5,507,81,2707,California
Calaveras,2021-01-26,47,3224,15,1265,32,1959,0,0,39,2231,8,515,39,2746,California
Calaveras,2021-01-27,133,3357,43,1308,90,2049,0,0,105,2309,27,542,105,2851,California
Calaveras,2021-01-28,164,3521,24,1332,140,2189,0,0,140,2429,24,566,144,2995,California
Calaveras,2021-01-29,387,3908,11,1343,376,2565,0,0,362,2775,25,591,371,3366,California
Calaveras,2021-01-30,27,3935,10,1353,17,2582,0,0,25,2800,0,591,25,3391,California
Calaveras,2021-01-31,6,3941,4,1357,2,2584,0,0,5,2804,1,592,5,3396,California
Calaveras,2021-02-01,25,3966,11,1368,14,2598,0,0,17,2813,8,600,17,3413,California
Calaveras,2021-02-02,109,4075,22,1390,87,2685,0,0,71,2852,33,633,72,3485,California
Calaveras,2021-02-03,429,4504,42,1432,387,3072,0,0,346,3117,82,715,347,3832,California
Calaveras,2021-02-04,381,4885,25,1457,356,3428,0,0,297,3332,84,799,299,4131,California
Calaveras,2021-02-05,78,4963,22,1479,56,3484,0,0,40,3335,38,837,41,4172,California
Calaveras,2021-02-06,21,4984,12,1491,9,3493,0,0,21,3356,0,837,21,4193,California
Calaveras,2021-02-07,4,4988,1,1492,3,3496,0,0,2,3356,2,839,2,4195,California
Calaveras,2021-02-08,39,5027,18,1510,21,3517,0,0,31,3381,6,845,31,4226,California
Calaveras,2021-02-09,193,5220,77,1587,116,3633,0,0,131,3459,54,899,132,4358,California
Calaveras,2021-02-10,513,5733,31,1618,482,4115,0,0,442,3834,71,970,446,4804,California
Calaveras,2021-02-11,583,6316,81,1699,502,4617,0,0,472,4202,108,1078,476,5280,California
Calaveras,2021-02-12,570,6886,325,2024,245,4862,0,0,494,4624,74,1152,496,5776,California
Calaveras,2021-02-13,193,7079,37,2061,156,5018,0,0,178,4787,15,1167,178,5954,California
Calaveras,2021-02-14,221,7300,71,2132,150,5168,0,0,206,4979,14,1181,206,6160,California
Calaveras,2021-02-15,383,7683,23,2155,360,5528,0,0,263,5125,117,1298,263,6423,California
Calaveras,2021-02-16,267,7950,143,2298,124,5652,0,0,229,5318,38,1336,231,6654,California
Calaveras,2021-02-17,509,8459,38,2336,471,6123,0,0,210,5240,290,1626,212,6866,California
Calaveras,2021-02-18,499,8958,91,2427,408,6531,0,0,99,4953,386,2012,99,6965,California
Calaveras,2021-02-19,440,9398,43,2470,397,6928,0,0,98,4719,332,2344,98,7063,California
Calaveras,2021-02-20,59,9457,15,2485,44,6972,0,0,48,4756,11,2355,48,7111,California
Calaveras,2021-02-21,23,9480,14,2499,9,6981,0,0,19,4771,4,2359,19,7130,California
Calaveras,2021-02-22,62,9542,38,2537,24,7005,0,0,33,4775,29,2388,33,7163,California
Calaveras,2021-02-23,125,9667,40,2577,85,7090,0,0,89,4829,36,2424,90,7253,California
Calaveras,2021-02-24,96,9763,47,2624,49,7139,0,0,66,4866,29,2453,66,7319,California
Calaveras,2021-02-25,550,10313,99,2723,451,7590,0,0,359,5039,186,2639,359,7678,California
Calaveras,2021-02-26,705,11018,46,2769,659,8249,0,0,369,5090,320,2959,371,8049,California
Calaveras,2021-02-27,204,11222,22,2791,182,8431,0,0,180,5246,24,2983,180,8229,California
Calaveras,2021-02-28,99,11321,16,2807,83,8514,0,0,93,5334,5,2988,93,8322,California
Calaveras,2021-03-01,229,11550,41,2848,188,8702,0,0,146,5401,80,3068,147,8469,California
Calaveras,2021-03-02,249,11799,96,2944,153,8855,0,0,203,5562,43,3111,204,8673,California
Calaveras,2021-03-03,510,12309,103,3047,407,9262,0,0,213,5483,292,3403,213,8886,California
Calaveras,2021-03-04,742,13051,66,3113,675,9937,1,1,351,5452,383,3786,352,9238,California
Calaveras,2021-03-05,456,13507,271,3384,181,10118,4,5,141,5286,311,4097,145,9383,California
Calaveras,2021-03-06,155,13662,42,3426,107,10225,6,11,122,5381,33,4130,128,9511,California
Calaveras,2021-03-07,75,13737,32,3458,36,10261,7,18,34,5381,41,4171,41,9552,California
Calaveras,2021-03-08,161,13898,26,3484,127,10388,8,26,127,5483,33,4204,135,9687,California
Calaveras,2021-03-09,360,14258,136,3620,218,10606,6,32,32,5198,323,4527,38,9725,California
Calaveras,2021-03-10,417,14675,29,3649,385,10991,3,35,57,4903,355,4882,60,9785,California
Calaveras,2021-03-11,848,15523,420,4069,415,11406,13,48,432,4937,411,5293,445,10230,California
Calaveras,2021-03-12,399,15922,212,4281,177,11583,10,58,325,5205,73,5366,341,10571,California
Calaveras,2021-03-13,176,16098,16,4297,152,11735,8,66,142,5324,33,5399,152,10723,California
Calaveras,2021-03-14,156,16254,11,4308,144,11879,1,67,18,5212,138,5537,26,10749,California
Calaveras,2021-03-15,331,16585,48,4356,257,12136,26,93,52,5016,278,5815,82,10831,California
Calaveras,2021-03-16,685,17270,550,4906,115,12251,20,113,545,5443,138,5953,565,11396,California
Calaveras,2021-03-17,279,17549,52,4958,213,12464,14,127,51,5284,225,6178,66,11462,California
Calaveras,2021-03-18,665,18214,570,5528,80,12544,15,142,549,5734,116,6294,566,12028,California
Calaveras,2021-03-19,231,18445,50,5578,107,12651,74,216,56,5692,171,6465,129,12157,California
Calaveras,2021-03-20,80,18525,21,5599,58,12709,1,217,23,5660,57,6522,25,12182,California
Calaveras,2021-03-21,48,18573,31,5630,6,12715,11,228,12,5647,36,6558,23,12205,California
Calaveras,2021-03-22,80,18653,36,5666,23,12738,21,249,26,5640,54,6612,47,12252,California
Calaveras,2021-03-23,294,18947,204,5870,80,12818,10,259,116,5597,169,6781,126,12378,California
Calaveras,2021-03-24,132,19079,50,5920,72,12890,10,269,43,5562,88,6869,53,12431,California
Calaveras,2021-03-25,741,19820,102,6022,636,13526,3,272,447,5721,291,7160,450,12881,California
Calaveras,2021-03-26,426,20246,28,6050,392,13918,6,278,89,5484,334,7494,97,12978,California
Calaveras,2021-03-27,212,20458,19,6069,189,14107,4,282,37,5355,172,7666,43,13021,California
Calaveras,2021-03-28,111,20569,12,6081,97,14204,2,284,8,5264,102,7768,11,13032,California
Calaveras,2021-03-29,178,20747,22,6103,153,14357,3,287,58,5208,118,7886,62,13094,California
Calaveras,2021-03-30,532,21279,24,6127,491,14848,17,304,356,5406,175,8061,373,13467,California
Calaveras,2021-03-31,322,21601,140,6267,172,15020,10,314,156,5407,166,8227,167,13634,California
Calaveras,2021-04-01,685,22286,442,6709,242,15262,1,315,187,5101,497,8724,191,13825,California
Calaveras,2021-04-02,395,22681,232,6941,155,15417,8,323,119,4956,273,8997,128,13953,California
Calaveras,2021-04-03,144,22825,34,6975,106,15523,4,327,39,4894,105,9102,43,13996,California
Calaveras,2021-04-04,78,22903,25,7000,53,15576,0,327,49,4914,29,9131,49,14045,California
Calaveras,2021-04-05,208,23111,79,7079,120,15696,9,336,99,4914,109,9240,109,14154,California
Calaveras,2021-04-06,650,23761,573,7652,64,15760,13,349,111,4502,536,9776,124,14278,California
Calaveras,2021-04-07,754,24515,658,8310,60,15820,36,385,617,5019,137,9913,654,14932,California
Calaveras,2021-04-08,945,25460,854,9164,70,15890,21,406,435,4970,507,10420,458,15390,California
Calaveras,2021-04-09,154,25614,58,9222,48,15938,48,454,57,4980,96,10516,106,15496,California
Calaveras,2021-04-10,189,25803,42,9264,129,16067,18,472,147,5105,41,10557,166,15662,California
Calaveras,2021-04-11,69,25872,44,9308,23,16090,2,474,48,5134,21,10578,50,15712,California
Calaveras,2021-04-12,103,25975,46,9354,38,16128,19,493,54,5159,49,10627,74,15786,California
Calaveras,2021-04-13,422,26397,367,9721,55,16183,0,493,363,5466,58,10685,365,16151,California
Calaveras,2021-04-14,182,26579,28,9749,154,16337,0,493,136,5557,46,10731,137,16288,California
Calaveras,2021-04-15,336,26915,287,10036,49,16386,0,493,253,5730,80,10811,253,16541,California
Calaveras,2021-04-16,98,27013,24,10060,74,16460,0,493,46,5728,48,10859,46,16587,California
Calaveras,2021-04-17,330,27343,128,10188,202,16662,0,493,287,5972,43,10902,287,16874,California
Calaveras,2021-04-18,18,27361,5,10193,13,16675,0,493,11,5976,7,10909,11,16885,California
Calaveras,2021-04-19,67,27428,25,10218,42,16717,0,493,40,5991,26,10935,41,16926,California
Calaveras,2021-04-20,260,27688,93,10311,167,16884,0,493,194,6121,64,10999,194,17120,California
Calaveras,2021-04-21,213,27901,145,10456,68,16952,0,493,85,6081,126,11125,86,17206,California
Calaveras,2021-04-22,543,28444,97,10553,446,17398,0,493,142,5827,399,11524,145,17351,California
Calaveras,2021-04-23,159,28603,81,10634,78,17476,0,493,65,5800,92,11616,65,17416,California
Calaveras,2021-04-24,172,28775,36,10670,136,17612,0,493,129,5888,42,11658,130,17546,California
Calaveras,2021-04-25,43,28818,28,10698,15,17627,0,493,22,5891,21,11679,24,17570,California
Calaveras,2021-04-26,93,28911,59,10757,34,17661,0,493,27,5853,66,11745,28,17598,California
Calaveras,2021-04-27,423,29334,58,10815,351,18012,14,507,58,5562,363,12108,72,17670,California
Calaveras,2021-04-28,641,29975,573,11388,37,18049,31,538,52,5065,589,12697,92,17762,California
Calaveras,2021-04-29,509,30484,439,11827,51,18100,19,557,74,4729,434,13131,98,17860,California
Calaveras,2021-04-30,148,30632,60,11887,83,18183,5,562,67,4726,81,13212,78,17938,California
Calaveras,2021-05-01,197,30829,109,11996,86,18269,2,564,130,4796,66,13278,136,18074,California
Calaveras,2021-05-02,52,30881,35,12031,16,18285,1,565,20,4787,31,13309,22,18096,California
Calaveras,2021-05-03,92,30973,70,12101,17,18302,5,570,29,4762,63,13372,38,18134,California
Calaveras,2021-05-04,413,31386,328,12429,48,18350,37,607,42,4472,370,13742,80,18214,California
Calaveras,2021-05-05,110,31496,56,12485,22,18372,32,639,48,4490,61,13803,79,18293,California
Calaveras,2021-05-06,253,31749,194,12679,36,18408,23,662,47,4356,205,14008,71,18364,California
Calaveras,2021-05-07,82,31831,23,12702,53,18461,6,668,53,4386,29,14037,59,18423,California
Calaveras,2021-05-08,289,32120,140,12842,147,18608,2,670,92,4285,195,14232,94,18517,California
Calaveras,2021-05-09,28,32148,12,12854,13,18621,3,673,12,4284,16,14248,15,18532,California
Calaveras,2021-05-10,52,32200,23,12877,28,18649,1,674,23,4281,28,14276,25,18557,California
Calaveras,2021-05-11,127,32327,85,12962,30,18679,12,686,88,4344,38,14314,101,18658,California
Calaveras,2021-05-12,154,32481,34,12996,120,18799,0,686,40,4271,113,14427,40,18698,California
Calaveras,2021-05-13,65,32546,44,13040,9,18808,12,698,28,4275,36,14463,40,18738,California
Colusa,2020-12-18,1,1,1,1,0,0,0,0,1,1,0,0,1,1,California
Colusa,2020-12-21,2,3,2,3,0,0,0,0,2,3,0,0,2,3,California
Colusa,2020-12-22,10,13,10,13,0,0,0,0,10,13,0,0,10,13,California
Colusa,2020-12-23,10,23,10,23,0,0,0,0,10,23,0,0,10,23,California
Colusa,2020-12-24,2,25,1,24,1,1,0,0,2,25,0,0,2,25,California
Colusa,2020-12-27,1,26,1,25,0,1,0,0,1,26,0,0,1,26,California
Colusa,2020-12-28,7,33,3,28,4,5,0,0,7,33,0,0,7,33,California
Colusa,2020-12-29,11,44,8,36,3,8,0,0,11,44,0,0,11,44,California
Colusa,2020-12-30,50,94,13,49,37,45,0,0,50,94,0,0,50,94,California
Colusa,2020-12-31,18,112,1,50,17,62,0,0,18,112,0,0,18,112,California
Colusa,2021-01-04,4,116,0,50,4,66,0,0,4,116,0,0,4,116,California
Colusa,2021-01-05,67,183,1,51,66,132,0,0,67,183,0,0,67,183,California
Colusa,2021-01-06,15,198,9,60,6,138,0,0,15,198,0,0,15,198,California
Colusa,2021-01-07,38,236,4,64,34,172,0,0,37,234,1,1,37,235,California
Colusa,2021-01-08,9,245,7,71,2,174,0,0,8,241,1,2,8,243,California
Colusa,2021-01-09,2,247,1,72,1,175,0,0,2,243,0,2,2,245,California
Colusa,2021-01-10,1,248,0,72,1,176,0,0,1,244,0,2,1,246,California
Colusa,2021-01-11,12,260,6,78,6,182,0,0,7,246,5,7,7,253,California
Colusa,2021-01-12,11,271,9,87,2,184,0,0,6,247,5,12,6,259,California
Colusa,2021-01-13,21,292,13,100,8,192,0,0,13,252,8,20,13,272,California
Colusa,2021-01-14,35,327,28,128,7,199,0,0,33,283,2,22,33,305,California
Colusa,2021-01-15,42,369,5,133,37,236,0,0,40,321,2,24,40,345,California
Colusa,2021-01-16,12,381,1,134,11,247,0,0,11,331,1,25,11,356,California
Colusa,2021-01-17,3,384,2,136,1,248,0,0,2,332,1,26,2,358,California
Colusa,2021-01-18,4,388,0,136,4,252,0,0,4,336,0,26,4,362,California
Colusa,2021-01-19,9,397,8,144,1,253,0,0,5,337,4,30,5,367,California
Colusa,2021-01-20,115,512,101,245,14,267,0,0,102,426,13,43,102,469,California
Colusa,2021-01-21,56,568,41,286,15,282,0,0,55,480,1,44,55,524,California
Colusa,2021-01-22,40,608,17,303,23,305,0,0,35,510,5,49,35,559,California
Colusa,2021-01-23,35,643,6,309,29,334,0,0,35,545,0,49,35,594,California
Colusa,2021-01-25,7,650,0,309,7,341,0,0,7,552,0,49,7,601,California
Colusa,2021-01-26,8,658,5,314,3,344,0,0,5,554,3,52,5,606,California
Colusa,2021-01-27,109,767,31,345,78,422,0,0,107,659,2,54,107,713,California
Colusa,2021-01-28,79,846,46,391,33,455,0,0,72,724,7,61,72,785,California
Colusa,2021-01-29,41,887,7,398,34,489,0,0,40,763,1,62,40,825,California
Colusa,2021-01-30,27,914,4,402,23,512,0,0,27,790,0,62,27,852,California
Colusa,2021-01-31,7,921,7,409,0,512,0,0,7,797,0,62,7,859,California
Colusa,2021-02-01,27,948,10,419,17,529,0,0,22,814,5,67,22,881,California
Colusa,2021-02-02,42,990,8,427,34,563,0,0,36,844,6,73,36,917,California
Colusa,2021-02-03,69,1059,10,437,59,622,0,0,59,893,10,83,59,976,California
Colusa,2021-02-04,143,1202,81,518,62,684,0,0,115,980,28,111,115,1091,California
Colusa,2021-02-05,32,1234,8,526,24,708,0,0,29,1006,3,114,29,1120,California
Colusa,2021-02-06,284,1518,8,534,276,984,0,0,273,1268,11,125,273,1393,California
Colusa,2021-02-07,2,1520,1,535,1,985,0,0,0,1266,2,127,0,1393,California
Colusa,2021-02-08,40,1560,5,540,35,1020,0,0,37,1300,3,130,37,1430,California
Colusa,2021-02-09,231,1791,14,554,217,1237,0,0,176,1421,55,185,176,1606,California
Colusa,2021-02-10,116,1907,41,595,75,1312,0,0,73,1451,43,228,73,1679,California
Colusa,2021-02-11,98,2005,36,631,62,1374,0,0,73,1499,25,253,73,1752,California
Colusa,2021-02-12,118,2123,9,640,109,1483,0,0,79,1538,40,293,79,1831,California
Colusa,2021-02-13,60,2183,8,648,52,1535,0,0,52,1582,8,301,52,1883,California
Colusa,2021-02-14,20,2203,8,656,12,1547,0,0,14,1590,6,307,14,1897,California
Colusa,2021-02-15,45,2248,10,666,35,1582,0,0,38,1621,7,314,38,1935,California
Colusa,2021-02-16,67,2315,4,670,63,1645,0,0,66,1686,1,315,66,2001,California
Colusa,2021-02-17,206,2521,143,813,63,1708,0,0,60,1600,146,461,60,2061,California
Colusa,2021-02-18,135,2656,35,848,100,1808,0,0,112,1689,23,484,112,2173,California
Colusa,2021-02-19,155,2811,19,867,136,1944,0,0,129,1792,26,510,129,2302,California
Colusa,2021-02-20,28,2839,6,873,22,1966,0,0,12,1788,16,526,12,2314,California
Colusa,2021-02-21,1,2840,1,874,0,1966,0,0,0,1787,1,527,0,2314,California
Colusa,2021-02-22,43,2883,26,900,17,1983,0,0,29,1802,14,541,29,2343,California
Colusa,2021-02-23,22,2905,6,906,16,1999,0,0,18,1816,4,545,18,2361,California
Colusa,2021-02-24,300,3205,54,960,246,2245,0,0,158,1832,142,687,158,2519,California
Colusa,2021-02-25,102,3307,55,1015,47,2292,0,0,66,1862,36,723,66,2585,California
Colusa,2021-02-26,99,3406,14,1029,85,2377,0,0,60,1883,39,762,60,2645,California
Colusa,2021-02-27,55,3461,4,1033,51,2428,0,0,40,1908,15,777,40,2685,California
Colusa,2021-02-28,26,3487,14,1047,12,2440,0,0,18,1918,8,785,18,2703,California
Colusa,2021-03-01,46,3533,15,1062,31,2471,0,0,29,1930,17,802,29,2732,California
Colusa,2021-03-02,49,3582,13,1075,36,2507,0,0,26,1933,23,825,26,2758,California
Colusa,2021-03-03,242,3824,43,1118,199,2706,0,0,185,2061,57,882,185,2943,California
Colusa,2021-03-04,137,3961,57,1175,80,2786,0,0,79,2082,58,940,79,3022,California
Colusa,2021-03-05,98,4059,25,1200,64,2850,9,9,53,2099,45,985,62,3084,California
Colusa,2021-03-06,274,4333,9,1209,265,3115,0,9,37,1899,237,1222,37,3121,California
Colusa,2021-03-07,8,4341,5,1214,3,3118,0,9,6,1903,2,1224,6,3127,California
Colusa,2021-03-08,89,4430,21,1235,33,3151,35,44,45,1939,44,1268,80,3207,California
Colusa,2021-03-09,274,4704,72,1307,179,3330,23,67,83,1854,191,1459,106,3313,California
Colusa,2021-03-10,289,4993,37,1344,216,3546,36,103,203,2007,86,1545,239,3552,California
Colusa,2021-03-11,420,5413,60,1404,339,3885,21,124,339,2284,81,1626,358,3910,California
Colusa,2021-03-12,109,5522,18,1422,78,3963,13,137,19,2226,90,1716,32,3942,California
Colusa,2021-03-13,61,5583,16,1438,36,3999,9,146,18,2210,43,1759,27,3969,California
Colusa,2021-03-14,20,5603,0,1438,18,4017,2,148,6,2205,13,1772,8,3977,California
Colusa,2021-03-15,69,5672,26,1464,35,4052,8,156,14,2172,55,1827,22,3999,California
Colusa,2021-03-16,296,5968,16,1480,234,4286,46,202,189,2300,107,1934,235,4234,California
Colusa,2021-03-17,195,6163,49,1529,146,4432,0,202,110,2325,85,2019,110,4344,California
Colusa,2021-03-18,324,6487,37,1566,216,4648,71,273,201,2474,123,2142,272,4616,California
Colusa,2021-03-19,78,6565,20,1586,56,4704,2,275,53,2504,25,2167,55,4671,California
Colusa,2021-03-20,49,6614,7,1593,41,4745,1,276,36,2528,13,2180,37,4708,California
Colusa,2021-03-21,6,6620,4,1597,2,4747,0,276,4,2530,2,2182,4,4712,California
Colusa,2021-03-22,62,6682,10,1607,43,4790,9,285,40,2557,22,2204,49,4761,California
Colusa,2021-03-23,81,6763,16,1623,63,4853,2,287,54,2586,27,2231,56,4817,California
Colusa,2021-03-24,337,7100,57,1680,274,5127,6,293,69,2392,268,2499,74,4891,California
Colusa,2021-03-25,109,7209,60,1740,44,5171,5,298,53,2394,56,2555,58,4949,California
Colusa,2021-03-26,298,7507,47,1787,247,5418,4,302,245,2590,53,2608,249,5198,California
Colusa,2021-03-27,63,7570,5,1792,58,5476,0,302,25,2577,38,2646,25,5223,California
Colusa,2021-03-28,16,7586,7,1799,9,5485,0,302,8,2577,8,2654,8,5231,California
Colusa,2021-03-29,71,7657,20,1819,45,5530,6,308,31,2574,40,2694,37,5268,California
Colusa,2021-03-30,147,7804,78,1897,67,5597,2,310,75,2579,72,2766,77,5345,California
Colusa,2021-03-31,234,8038,42,1939,192,5789,0,310,74,2494,159,2925,74,5419,California
Colusa,2021-04-01,427,8465,69,2008,304,6093,54,364,305,2731,121,3046,358,5777,California
Colusa,2021-04-02,81,8546,12,2020,55,6148,14,378,37,2738,44,3090,51,5828,California
Colusa,2021-04-03,61,8607,10,2030,28,6176,23,401,13,2726,48,3138,36,5864,California
Colusa,2021-04-04,18,8625,0,2030,8,6184,10,411,3,2724,15,3153,13,5877,California
Colusa,2021-04-05,95,8720,25,2055,55,6239,15,426,39,2722,56,3209,54,5931,California
Colusa,2021-04-06,128,8848,33,2088,45,6284,50,476,43,2730,85,3294,93,6024,California
Colusa,2021-04-07,355,9203,40,2128,292,6576,23,499,129,2657,226,3520,153,6177,California
Colusa,2021-04-08,428,9631,34,2162,367,6943,27,526,123,2505,302,3822,150,6327,California
Colusa,2021-04-09,76,9707,21,2183,32,6975,23,549,28,2508,48,3870,51,6378,California
Colusa,2021-04-10,44,9751,9,2192,15,6990,20,569,12,2508,32,3902,32,6410,California
Colusa,2021-04-11,16,9767,3,2195,11,7001,2,571,8,2510,8,3910,10,6420,California
Colusa,2021-04-12,31,9798,3,2198,28,7029,0,571,24,2527,7,3917,24,6444,California
Colusa,2021-04-13,277,10075,23,2221,254,7283,0,571,92,2435,184,4101,92,6536,California
Colusa,2021-04-14,95,10170,19,2240,76,7359,0,571,34,2408,61,4162,34,6570,California
Colusa,2021-04-15,323,10493,47,2287,276,7635,0,571,130,2345,193,4355,130,6700,California
Colusa,2021-04-16,80,10573,11,2298,69,7704,0,571,36,2338,43,4398,36,6736,California
Colusa,2021-04-17,53,10626,7,2305,46,7750,0,571,31,2347,22,4420,31,6767,California
Colusa,2021-04-18,9,10635,2,2307,7,7757,0,571,7,2352,2,4422,7,6774,California
Colusa,2021-04-19,61,10696,22,2329,39,7796,0,571,17,2325,44,4466,17,6791,California
Colusa,2021-04-20,176,10872,32,2361,144,7940,0,571,128,2405,48,4514,128,6919,California
Colusa,2021-04-21,170,11042,59,2420,111,8051,0,571,110,2455,60,4574,110,7029,California
Colusa,2021-04-22,418,11460,27,2447,390,8441,1,572,215,2468,202,4776,215,7244,California
Colusa,2021-04-23,91,11551,17,2464,74,8515,0,572,37,2451,54,4830,37,7281,California
Colusa,2021-04-24,237,11788,19,2483,217,8732,1,573,204,2623,33,4863,205,7486,California
Colusa,2021-04-25,12,11800,6,2489,6,8738,0,573,8,2627,4,4867,8,7494,California
Colusa,2021-04-26,22,11822,4,2493,17,8755,1,574,6,2618,15,4882,6,7500,California
Colusa,2021-04-27,92,11914,21,2514,67,8822,4,578,43,2616,49,4931,47,7547,California
Colusa,2021-04-28,188,12102,27,2541,158,8980,3,581,138,2708,49,4980,141,7688,California
Colusa,2021-04-29,317,12419,27,2568,286,9266,4,585,48,2493,267,5247,52,7740,California
Colusa,2021-04-30,65,12484,18,2586,47,9313,0,585,41,2510,24,5271,41,7781,California
Colusa,2021-05-01,19,12503,8,2594,8,9321,3,588,9,2512,10,5281,12,7793,California
Colusa,2021-05-02,3,12506,0,2594,2,9323,1,589,2,2514,1,5282,3,7796,California
Colusa,2021-05-03,21,12527,7,2601,14,9337,0,589,6,2505,15,5297,6,7802,California
Colusa,2021-05-04,86,12613,44,2645,41,9378,1,590,63,2546,23,5320,64,7866,California
Colusa,2021-05-05,67,12680,16,2661,50,9428,1,591,32,2544,35,5355,33,7899,California
Colusa,2021-05-06,253,12933,16,2677,235,9663,2,593,110,2513,143,5498,112,8011,California
Colusa,2021-05-07,67,13000,5,2682,58,9721,4,597,30,2510,37,5535,34,8045,California
Colusa,2021-05-08,18,13018,5,2687,13,9734,0,597,9,2510,9,5544,9,8054,California
Colusa,2021-05-09,13,13031,5,2692,5,9739,3,600,6,2512,7,5551,9,8063,California
Colusa,2021-05-10,16,13047,7,2699,9,9748,0,600,6,2508,10,5561,6,8069,California
Colusa,2021-05-11,77,13124,18,2717,59,9807,0,600,46,2523,31,5592,46,8115,California
Colusa,2021-05-12,74,13198,32,2749,37,9844,5,605,21,2496,53,5645,26,8141,California
Colusa,2021-05-13,56,13254,11,2760,44,9888,1,606,25,2491,31,5676,26,8167,California
Contra Costa,2020-12-15,18,18,18,18,0,0,0,0,18,18,0,0,18,18,California
Contra Costa,2020-12-16,521,539,521,539,0,0,0,0,521,539,0,0,521,539,California
Contra Costa,2020-12-17,909,1448,909,1448,0,0,0,0,909,1448,0,0,909,1448,California
Contra Costa,2020-12-18,1591,3039,1590,3038,1,1,0,0,1591,3039,0,0,1591,3039,California
Contra Costa,2020-12-19,1103,4142,1102,4140,1,2,0,0,1103,4142,0,0,1103,4142,California
Contra Costa,2020-12-20,584,4726,583,4723,1,3,0,0,584,4726,0,0,584,4726,California
Contra Costa,2020-12-21,1652,6378,1650,6373,2,5,0,0,1652,6378,0,0,1652,6378,California
Contra Costa,2020-12-22,1668,8046,1563,7936,105,110,0,0,1668,8046,0,0,1668,8046,California
Contra Costa,2020-12-23,1591,9637,1343,9279,248,358,0,0,1591,9637,0,0,1591,9637,California
Contra Costa,2020-12-24,656,10293,336,9615,320,678,0,0,656,10293,0,0,656,10293,California
Contra Costa,2020-12-25,39,10332,17,9632,22,700,0,0,39,10332,0,0,39,10332,California
Contra Costa,2020-12-26,642,10974,132,9764,510,1210,0,0,642,10974,0,0,642,10974,California
Contra Costa,2020-12-27,240,11214,87,9851,153,1363,0,0,240,11214,0,0,240,11214,California
Contra Costa,2020-12-28,1833,13047,863,10714,970,2333,0,0,1833,13047,0,0,1833,13047,California
Contra Costa,2020-12-29,1829,14876,823,11537,1006,3339,0,0,1829,14876,0,0,1829,14876,California
Contra Costa,2020-12-30,2391,17267,1213,12750,1178,4517,0,0,2390,17266,0,0,2390,17266,California
Contra Costa,2020-12-31,915,18182,308,13058,607,5124,0,0,914,18180,0,0,914,18180,California
Contra Costa,2021-01-01,61,18243,23,13081,38,5162,0,0,61,18241,0,0,61,18241,California
Contra Costa,2021-01-02,335,18578,173,13254,162,5324,0,0,335,18576,0,0,335,18576,California
Contra Costa,2021-01-03,175,18753,117,13371,58,5382,0,0,174,18750,0,0,174,18750,California
Contra Costa,2021-01-04,1903,20656,1250,14621,653,6035,0,0,1883,20615,18,18,1883,20633,California
Contra Costa,2021-01-05,2102,22758,1256,15877,846,6881,0,0,1843,22201,258,276,1844,22477,California
Contra Costa,2021-01-06,3279,26037,2247,18124,1032,7913,0,0,2519,23969,754,1030,2522,24999,California
Contra Costa,2021-01-07,3092,29129,2058,20182,1034,8947,0,0,1880,24640,1209,2239,1880,26879,California
Contra Costa,2021-01-08,3384,32513,2392,22574,992,9939,0,0,1822,24908,1557,3796,1825,28704,California
Contra Costa,2021-01-09,1585,34098,1134,23708,451,10390,0,0,748,24822,836,4632,750,29454,California
Contra Costa,2021-01-10,362,34460,286,23994,76,10466,0,0,153,24766,209,4841,153,29607,California
Contra Costa,2021-01-11,3836,38296,3144,27138,692,11158,0,0,2232,25397,1604,6445,2235,31842,California
Contra Costa,2021-01-12,3905,42201,2930,30068,975,12133,0,0,2578,26651,1327,7772,2581,34423,California
Contra Costa,2021-01-13,4707,46908,2916,32984,1791,13924,0,0,3763,29475,940,8712,3764,38187,California
Contra Costa,2021-01-14,4306,51214,1556,34540,2750,16674,0,0,3924,33017,382,9094,3924,42111,California
Contra Costa,2021-01-15,5335,56549,2459,36999,2876,19550,0,0,5012,37711,322,9416,5016,47127,California
Contra Costa,2021-01-16,1719,58268,554,37553,1165,20715,0,0,1644,39280,75,9491,1644,48771,California
Contra Costa,2021-01-17,1637,59905,975,38528,662,21377,0,0,1514,40674,123,9614,1517,50288,California
Contra Costa,2021-01-18,3202,63107,1261,39789,1941,23318,0,0,2578,42635,618,10232,2579,52867,California
Contra Costa,2021-01-19,7065,70172,3161,42950,3904,27222,0,0,6062,47702,1000,11232,6067,58934,California
Contra Costa,2021-01-20,6665,76837,4104,47054,2561,29783,0,0,5432,51910,1229,12461,5437,64371,California
Contra Costa,2021-01-21,6976,83813,3112,50166,3864,33647,0,0,6247,57441,724,13185,6255,70626,California
Contra Costa,2021-01-22,6371,90184,2707,52873,3664,37311,0,0,5513,62108,849,14034,5516,76142,California
Contra Costa,2021-01-23,2031,92215,363,53236,1668,38979,0,0,1773,63627,256,14290,1775,77917,California
Contra Costa,2021-01-24,1580,93795,217,53453,1363,40342,0,0,1435,64921,145,14435,1439,79356,California
Contra Costa,2021-01-25,6656,100451,3017,56470,3639,43981,0,0,5093,68456,1561,15996,5096,84452,California
Contra Costa,2021-01-26,8091,108542,4687,61157,3404,47385,0,0,6248,72874,1835,17831,6253,90705,California
Contra Costa,2021-01-27,8245,116787,5502,66659,2743,50128,0,0,6340,77394,1824,19655,6344,97049,California
Contra Costa,2021-01-28,7446,124233,4085,70744,3361,53489,0,0,5840,81638,1600,21255,5844,102893,California
Contra Costa,2021-01-29,7440,131673,3890,74634,3550,57039,0,0,6127,86458,1309,22564,6129,109022,California
Contra Costa,2021-01-30,2083,133756,598,75232,1485,58524,0,0,1717,87816,359,22923,1717,110739,California
Contra Costa,2021-01-31,698,134454,479,75711,219,58743,0,0,572,88265,123,23046,572,111311,California
Contra Costa,2021-02-01,5529,139983,3766,79477,1763,60506,0,0,3897,90539,1626,24672,3900,115211,California
Contra Costa,2021-02-02,7755,147738,5268,84745,2487,62993,0,0,5904,94595,1849,26521,5905,121116,California
Contra Costa,2021-02-03,8272,156010,5463,90208,2809,65802,0,0,5610,97556,2650,29171,5611,126727,California
Contra Costa,2021-02-04,7442,163452,3534,93742,3908,69710,0,0,5710,101541,1728,30899,5713,132440,California
Contra Costa,2021-02-05,8428,171880,4820,98562,3608,73318,0,0,5717,104554,2704,33603,5717,138157,California
Contra Costa,2021-02-06,3472,175352,2155,100717,1317,74635,0,0,2819,106722,652,34255,2820,140977,California
Contra Costa,2021-02-07,983,176335,712,101429,271,74906,0,0,605,106950,377,34632,605,141582,California
Contra Costa,2021-02-08,5818,182153,3441,104870,2377,77283,0,0,4336,109810,1477,36109,4337,145919,California
Contra Costa,2021-02-09,8666,190819,4780,109650,3886,81169,0,0,5771,112692,2890,38999,5772,151691,California
Contra Costa,2021-02-10,8633,199452,4648,114298,3985,85154,0,0,5356,114790,3262,42261,5360,157051,California
Contra Costa,2021-02-11,9311,208763,4217,118515,5094,90248,0,0,5266,116022,4039,46300,5271,162322,California
Contra Costa,2021-02-12,10073,218836,4616,123131,5457,95705,0,0,5454,116867,4612,50912,5457,167779,California
Contra Costa,2021-02-13,4880,223716,1368,124499,3512,99217,0,0,3400,118791,1477,52389,3401,171180,California
Contra Costa,2021-02-14,2089,225805,865,125364,1224,100441,0,0,1228,119160,859,53248,1228,172408,California
Contra Costa,2021-02-15,4457,230262,2469,127833,1988,102429,0,0,2349,119409,2101,55349,2350,174758,California
Contra Costa,2021-02-16,10417,240679,4909,132742,5508,107937,0,0,4643,118290,5766,61115,4647,179405,California
Contra Costa,2021-02-17,12275,252954,6130,138872,6145,114082,0,0,5624,117279,6636,67751,5625,185030,California
Contra Costa,2021-02-18,11472,264426,5970,144842,5502,119584,0,0,5322,116464,6139,73890,5324,190354,California
Contra Costa,2021-02-19,11407,275833,7108,151950,4299,123883,0,0,5176,115427,6214,80104,5177,195531,California
Contra Costa,2021-02-20,6448,282281,2896,154846,3552,127435,0,0,4568,118133,1864,81968,4570,200101,California
Contra Costa,2021-02-21,1813,284094,1264,156110,549,127984,0,0,1094,118509,718,82686,1094,201195,California
Contra Costa,2021-02-22,7544,291638,5104,161214,2440,130424,0,0,3463,117905,4069,86755,3465,204660,California
Contra Costa,2021-02-23,11918,303556,7261,168475,4657,135081,0,0,5932,117869,5972,92727,5936,210596,California
Contra Costa,2021-02-24,10490,314046,7683,176158,2807,137888,0,0,5057,117512,5416,98143,5059,215655,California
Contra Costa,2021-02-25,11471,325517,7212,183370,4259,142147,0,0,5207,116479,6244,104387,5211,220866,California
Contra Costa,2021-02-26,10708,336225,6755,190125,3953,146100,0,0,5313,116413,5380,109767,5314,226180,California
Contra Costa,2021-02-27,6624,342849,4210,194335,2414,148514,0,0,4114,118026,2502,112269,4115,230295,California
Contra Costa,2021-02-28,3793,346642,3122,197457,671,149185,0,0,3194,120625,596,112865,3195,233490,California
Contra Costa,2021-03-01,8107,354749,6084,203541,2018,151203,5,5,4978,122497,3113,115978,4985,238475,California
Contra Costa,2021-03-02,10158,364907,6332,209873,3825,155028,1,6,5260,122876,4882,120860,5261,243736,California
Contra Costa,2021-03-03,11171,376078,6988,216861,4182,159210,1,7,6253,124227,4904,125764,6255,249991,California
Contra Costa,2021-03-04,11883,387961,7098,223959,4785,163995,0,7,6155,124673,5709,131473,6155,256146,California
Contra Costa,2021-03-05,11240,399201,6672,230631,4562,168557,6,13,6402,126259,4822,136295,6408,262554,California
Contra Costa,2021-03-06,7304,406505,4016,234647,2978,171535,310,323,4722,128719,2570,138865,5030,267584,California
Contra Costa,2021-03-07,3634,410139,2278,236925,1295,172830,61,384,2959,131065,674,139539,3020,270604,California
Contra Costa,2021-03-08,8061,418200,3767,240692,3990,176820,304,688,5370,134063,2680,142219,5678,276282,California
Contra Costa,2021-03-09,10226,428426,5023,245715,4908,181728,295,983,5055,134250,5163,147382,5350,281632,California
Contra Costa,2021-03-10,12153,440579,5968,251683,4687,186415,1498,2481,5478,134553,6664,154046,6967,288599,California
Contra Costa,2021-03-11,12469,453048,6565,258248,5341,191756,563,3044,6364,135398,6083,160129,6928,295527,California
Contra Costa,2021-03-12,12552,465600,5154,263402,6853,198609,545,3589,6275,135954,6262,166391,6818,302345,California
Contra Costa,2021-03-13,7761,473361,3074,266476,4263,202872,424,4013,3076,134780,4668,171059,3494,305839,California
Contra Costa,2021-03-14,4352,477713,2548,269024,1319,204191,485,4498,2069,135058,2275,173334,2553,308392,California
Contra Costa,2021-03-15,9392,487105,5069,274093,3570,207761,753,5251,4754,135943,4621,177955,5506,313898,California
Contra Costa,2021-03-16,14256,501361,8467,282560,5392,213153,397,5648,7264,136633,6970,184925,7660,321558,California
Contra Costa,2021-03-17,14996,516357,10344,292904,4439,217592,213,5861,8580,139037,6395,191320,8799,330357,California
Contra Costa,2021-03-18,15373,531730,8546,301450,6347,223939,480,6341,8793,141757,6551,197871,9271,339628,California
Contra Costa,2021-03-19,15497,547227,8903,310353,5204,229143,1390,7731,8296,144260,7188,205059,9691,349319,California
Contra Costa,2021-03-20,10615,557842,6342,316695,3970,233113,303,8034,5241,144448,5357,210416,5545,354864,California
Contra Costa,2021-03-21,4445,562287,3891,320586,466,233579,88,8122,2084,144265,2354,212770,2171,357035,California
Contra Costa,2021-03-22,11531,573818,8690,329276,2592,236171,249,8371,7092,147178,4427,217197,7340,364375,California
Contra Costa,2021-03-23,15604,589422,10750,340026,4684,240855,170,8541,9496,150767,6080,223277,9669,374044,California
Contra Costa,2021-03-24,14981,604403,11679,351705,3090,243945,212,8753,9201,154434,5748,229025,9415,383459,California
Contra Costa,2021-03-25,15267,619670,11892,363597,3091,247036,284,9037,9429,158344,5801,234826,9711,393170,California
Contra Costa,2021-03-26,14928,634598,10697,374294,3836,250872,395,9432,8812,161455,6091,240917,9202,402372,California
Contra Costa,2021-03-27,10432,645030,6756,381050,3166,254038,510,9942,5766,163067,4657,245574,6269,408641,California
Contra Costa,2021-03-28,4129,649159,2925,383975,1152,255190,52,9994,1765,162531,2353,247927,1817,410458,California
Contra Costa,2021-03-29,10829,659988,8446,392421,2268,257458,115,10109,7074,165982,3740,251667,7191,417649,California
Contra Costa,2021-03-30,16723,676711,9126,401547,6246,263704,1351,11460,11028,172682,5680,257347,12380,430029,California
Contra Costa,2021-03-31,17945,694656,12554,414101,3951,267655,1440,12900,11528,179263,6383,263730,12964,442993,California
Contra Costa,2021-04-01,17503,712159,12254,426355,3879,271534,1370,14270,11413,185981,6068,269798,12786,455779,California
Contra Costa,2021-04-02,17397,729556,12835,439190,3556,275090,1006,15276,11563,192727,5823,275621,12569,468348,California
Contra Costa,2021-04-03,10748,740304,6408,445598,2804,277894,1536,16812,6156,195838,4579,280200,7690,476038,California
Contra Costa,2021-04-04,3323,743627,1314,446912,1415,279309,594,17406,896,194908,2420,282620,1490,477528,California
Contra Costa,2021-04-05,12041,755668,7855,454767,3212,282521,974,18380,6566,196986,5462,288082,7540,485068,California
Contra Costa,2021-04-06,17285,772953,11978,466745,3022,285543,2285,20665,9747,201499,7518,295600,12031,497099,California
Contra Costa,2021-04-07,18448,791401,12476,479221,3169,288712,2803,23468,10466,206842,7963,303563,13306,510405,California
Contra Costa,2021-04-08,18597,809998,12395,491616,3293,292005,2909,26377,9986,211140,8584,312147,12882,523287,California
Contra Costa,2021-04-09,18645,828643,11899,503515,4274,296279,2472,28849,9956,214901,8664,320811,12425,535712,California
Contra Costa,2021-04-10,10497,839140,3795,507310,2157,298436,4545,33394,3280,215513,7201,328012,7813,543525,California
Contra Costa,2021-04-11,3317,842457,1982,509292,681,299117,654,34048,1121,215097,2190,330202,1774,545299,California
Contra Costa,2021-04-12,11862,854319,7843,517135,2966,302083,1053,35101,5590,215486,6258,336460,6647,551946,California
Contra Costa,2021-04-13,17766,872085,10893,528028,6868,308951,5,35106,11862,221476,5883,342343,11873,563819,California
Contra Costa,2021-04-14,17540,889625,11008,539036,6531,315482,1,35107,9716,223392,7804,350147,9720,573539,California
Contra Costa,2021-04-15,17476,907101,10719,549755,6757,322239,0,35107,8104,222172,9343,359490,8123,581662,California
Contra Costa,2021-04-16,16827,923928,10501,560256,6324,328563,2,35109,7585,220546,9218,368708,7592,589254,California
Contra Costa,2021-04-17,11413,935341,6265,566521,5148,333711,0,35109,6130,221411,5270,373978,6135,595389,California
Contra Costa,2021-04-18,2729,938070,2109,568630,620,334331,0,35109,1774,222238,947,374925,1774,597163,California
Contra Costa,2021-04-19,11327,949397,8469,577099,2858,337189,0,35109,3544,218027,7757,382682,3546,600709,California
Contra Costa,2021-04-20,16583,965980,10764,587863,5819,343008,0,35109,6210,213896,10345,393027,6214,606923,California
Contra Costa,2021-04-21,17293,983273,14115,601978,3178,346186,0,35109,6151,208947,11108,404135,6159,613082,California
Contra Costa,2021-04-22,17138,1000411,13881,615859,3256,349442,1,35110,6072,203994,11035,415170,6082,619164,California
Contra Costa,2021-04-23,16949,1017360,13480,629339,3469,352911,0,35110,5473,198033,11442,426612,5481,624645,California
Contra Costa,2021-04-24,10871,1028231,8408,637747,2463,355374,0,35110,4163,195512,6688,433300,4167,628812,California
Contra Costa,2021-04-25,3222,1031453,2173,639920,1047,356421,2,35112,2033,196363,1187,434487,2038,630850,California
Contra Costa,2021-04-26,9541,1040994,8094,648014,1423,357844,24,35136,2803,192478,6722,441209,2837,633687,California
Contra Costa,2021-04-27,14113,1055107,10406,658420,3556,361400,151,35287,3782,186110,10311,451520,3943,637630,California
Contra Costa,2021-04-28,13828,1068935,10757,669177,2784,364184,287,35574,3462,179529,10334,461854,3753,641383,California
Contra Costa,2021-04-29,12992,1081927,10052,679229,2770,366954,170,35744,2827,172391,10140,471994,3002,644385,California
Contra Costa,2021-04-30,13637,1095564,10754,689983,2633,369587,250,35994,3093,165220,10518,482512,3347,647732,California
Contra Costa,2021-05-01,7991,1103555,5839,695822,1835,371422,317,36311,1907,161380,6065,488577,2225,649957,California
Contra Costa,2021-05-02,2323,1105878,1578,697400,666,372088,79,36390,989,161124,1324,489901,1068,651025,California
Contra Costa,2021-05-03,9102,1114980,8009,705409,918,373006,175,36565,1928,156073,7159,497060,2108,653133,California
Contra Costa,2021-05-04,14054,1129034,12127,717536,1600,374606,327,36892,2295,146959,11736,508796,2622,655755,California
Contra Costa,2021-05-05,12474,1141508,10756,728292,1518,376124,200,37092,2398,139508,10051,518847,2600,658355,California
Contra Costa,2021-05-06,10250,1151758,8525,736817,1399,377523,326,37418,1939,133493,8288,527135,2273,660628,California
Contra Costa,2021-05-07,9582,1161340,7698,744515,1660,379183,224,37642,2214,128593,7335,534470,2435,663063,California
Contra Costa,2021-05-08,5248,1166588,3944,748459,1137,380320,167,37809,1246,126025,3985,538455,1417,664480,California
Contra Costa,2021-05-09,2100,1168688,1772,750231,269,380589,59,37868,464,124919,1632,540087,526,665006,California
Contra Costa,2021-05-10,4917,1173605,3938,754169,761,381350,218,38086,1346,122932,3550,543637,1563,666569,California
Contra Costa,2021-05-11,8630,1182235,4486,758655,3919,385269,225,38311,1692,117936,6919,550556,1923,668492,California
Contra Costa,2021-05-12,8740,1190975,4410,763065,4109,389378,221,38532,1434,112313,7284,557840,1661,670153,California
Contra Costa,2021-05-13,9721,1200696,6391,769456,3185,392563,145,38677,2921,108600,6778,564618,3065,673218,California
Del Norte,2020-12-21,23,23,23,23,0,0,0,0,23,23,0,0,23,23,California
Del Norte,2020-12-22,45,68,45,68,0,0,0,0,45,68,0,0,45,68,California
Del Norte,2020-12-23,58,126,48,116,10,10,0,0,56,124,0,0,56,124,California
Del Norte,2020-12-28,34,160,34,150,0,10,0,0,34,158,0,0,34,158,California
Del Norte,2020-12-29,4,164,4,154,0,10,0,0,4,162,0,0,4,162,California
Del Norte,2020-12-30,67,231,55,209,12,22,0,0,68,230,0,0,68,230,California
Del Norte,2020-12-31,16,247,13,222,3,25,0,0,16,246,0,0,16,246,California
Del Norte,2021-01-04,102,349,49,271,53,78,0,0,102,348,0,0,102,348,California
Del Norte,2021-01-05,33,382,0,271,33,111,0,0,32,380,1,1,33,381,California
Del Norte,2021-01-06,77,459,18,289,59,170,0,0,77,457,0,1,77,458,California
Del Norte,2021-01-07,21,480,1,290,20,190,0,0,21,478,0,1,21,479,California
Del Norte,2021-01-08,78,558,7,297,71,261,0,0,78,556,0,1,78,557,California
Del Norte,2021-01-11,40,598,21,318,19,280,0,0,18,553,22,23,19,576,California
Del Norte,2021-01-12,50,648,31,349,19,299,0,0,30,563,20,43,30,606,California
Del Norte,2021-01-13,86,734,40,389,46,345,0,0,53,583,33,76,53,659,California
Del Norte,2021-01-14,52,786,14,403,38,383,0,0,46,623,6,82,46,705,California
Del Norte,2021-01-15,107,893,18,421,89,472,0,0,95,706,12,94,95,800,California
Del Norte,2021-01-17,1,894,1,422,0,472,0,0,1,707,0,94,1,801,California
Del Norte,2021-01-18,2,896,0,422,2,474,0,0,2,709,0,94,2,803,California
Del Norte,2021-01-19,119,1015,56,478,63,537,0,0,77,744,42,136,77,880,California
Del Norte,2021-01-20,159,1174,84,562,75,612,0,0,96,778,62,198,96,976,California
Del Norte,2021-01-21,43,1217,40,602,3,615,0,0,32,799,11,209,32,1008,California
Del Norte,2021-01-22,20,1237,17,619,3,618,0,0,13,805,7,216,13,1021,California
Del Norte,2021-01-23,1,1238,0,619,1,619,0,0,1,806,0,216,1,1022,California
Del Norte,2021-01-24,1,1239,0,619,1,620,0,0,1,807,0,216,1,1023,California
Del Norte,2021-01-25,100,1339,82,701,18,638,0,0,56,819,44,260,56,1079,California
Del Norte,2021-01-26,18,1357,11,712,7,645,0,0,7,815,11,271,7,1086,California
Del Norte,2021-01-27,64,1421,21,733,43,688,0,0,61,873,3,274,61,1147,California
Del Norte,2021-01-28,291,1712,20,753,271,959,0,0,286,1154,5,279,286,1433,California
Del Norte,2021-01-29,55,1767,21,774,34,993,0,0,44,1187,11,290,44,1477,California
Del Norte,2021-01-30,8,1775,1,775,7,1000,0,0,8,1195,0,290,8,1485,California
Del Norte,2021-02-01,41,1816,1,776,40,1040,0,0,26,1206,15,305,26,1511,California
Del Norte,2021-02-02,142,1958,34,810,108,1148,0,0,73,1211,68,373,73,1584,California
Del Norte,2021-02-03,126,2084,40,850,86,1234,0,0,71,1227,55,428,71,1655,California
Del Norte,2021-02-04,71,2155,29,879,42,1276,0,0,42,1240,29,457,42,1697,California
Del Norte,2021-02-05,184,2339,22,901,162,1438,0,0,119,1295,64,521,119,1816,California
Del Norte,2021-02-06,312,2651,6,907,306,1744,0,0,312,1607,0,521,312,2128,California
Del Norte,2021-02-07,2,2653,1,908,1,1745,0,0,2,1609,0,521,2,2130,California
Del Norte,2021-02-08,36,2689,1,909,35,1780,0,0,32,1637,4,525,32,2162,California
Del Norte,2021-02-09,8,2697,5,914,3,1783,0,0,2,1633,6,531,2,2164,California
Del Norte,2021-02-10,143,2840,20,934,123,1906,0,0,86,1663,56,587,86,2250,California
Del Norte,2021-02-11,177,3017,59,993,118,2024,0,0,64,1614,113,700,64,2314,California
Del Norte,2021-02-12,121,3138,14,1007,107,2131,0,0,67,1627,54,754,67,2381,California
Del Norte,2021-02-13,2,3140,1,1008,1,2132,0,0,2,1629,0,754,2,2383,California
Del Norte,2021-02-14,3,3143,1,1009,2,2134,0,0,2,1630,1,755,2,2385,California
Del Norte,2021-02-15,4,3147,0,1009,4,2138,0,0,2,1630,2,757,2,2387,California
Del Norte,2021-02-16,132,3279,1,1010,131,2269,0,0,13,1524,119,876,13,2400,California
Del Norte,2021-02-17,91,3370,20,1030,71,2340,0,0,24,1481,67,943,24,2424,California
Del Norte,2021-02-18,77,3447,24,1054,53,2393,0,0,51,1506,26,969,51,2475,California
Del Norte,2021-02-19,43,3490,17,1071,26,2419,0,0,33,1529,10,979,33,2508,California
Del Norte,2021-02-20,8,3498,5,1076,3,2422,0,0,6,1533,2,981,6,2514,California
Del Norte,2021-02-22,2,3500,0,1076,2,2424,0,0,2,1535,0,981,2,2516,California
Del Norte,2021-02-23,107,3607,89,1165,18,2442,0,0,31,1491,76,1057,32,2548,California
Del Norte,2021-02-24,152,3759,98,1263,54,2496,0,0,79,1497,73,1130,79,2627,California
Del Norte,2021-02-25,476,4235,131,1394,345,2841,0,0,213,1449,261,1391,213,2840,California
Del Norte,2021-02-26,213,4448,176,1570,37,2878,0,0,167,1570,46,1437,167,3007,California
Del Norte,2021-02-27,152,4600,145,1715,6,2884,1,1,141,1701,11,1448,142,3149,California
Del Norte,2021-02-28,4,4604,1,1716,3,2887,0,1,3,1703,1,1449,3,3152,California
Del Norte,2021-03-01,29,4633,2,1718,27,2914,0,1,4,1683,24,1473,4,3156,California
Del Norte,2021-03-02,220,4853,141,1859,79,2993,0,1,187,1837,33,1506,187,3343,California
Del Norte,2021-03-03,167,5020,99,1958,68,3061,0,1,126,1922,41,1547,126,3469,California
Del Norte,2021-03-04,120,5140,83,2041,37,3098,0,1,91,1985,28,1575,91,3560,California
Del Norte,2021-03-05,120,5260,10,2051,110,3208,0,1,72,2009,48,1623,72,3632,California
Del Norte,2021-03-06,465,5725,78,2129,338,3546,49,50,164,1879,301,1924,171,3803,California
Del Norte,2021-03-07,2,5727,1,2130,1,3547,0,50,1,1879,1,1925,1,3804,California
Del Norte,2021-03-08,28,5755,1,2131,25,3572,2,52,5,1863,23,1948,7,3811,California
Del Norte,2021-03-09,193,5948,112,2243,78,3650,3,55,182,2037,11,1959,185,3996,California
Del Norte,2021-03-10,233,6181,96,2339,109,3759,28,83,134,2100,99,2058,162,4158,California
Del Norte,2021-03-11,151,6332,55,2394,91,3850,5,88,103,2160,48,2106,108,4266,California
Del Norte,2021-03-12,178,6510,89,2483,89,3939,0,88,125,2232,53,2159,125,4391,California
Del Norte,2021-03-13,94,6604,93,2576,1,3940,0,88,91,2320,3,2162,91,4482,California
Del Norte,2021-03-14,1,6605,0,2576,1,3941,0,88,1,2320,1,2163,1,4483,California
Del Norte,2021-03-15,39,6644,0,2576,39,3980,0,88,35,2351,4,2167,35,4518,California
Del Norte,2021-03-16,281,6925,135,2711,146,4126,0,88,260,2590,21,2188,260,4778,California
Del Norte,2021-03-17,283,7208,95,2806,186,4312,2,90,169,2647,114,2302,171,4949,California
Del Norte,2021-03-18,285,7493,107,2913,175,4487,3,93,149,2664,135,2437,152,5101,California
Del Norte,2021-03-19,266,7759,159,3072,101,4588,6,99,91,2586,175,2612,97,5198,California
Del Norte,2021-03-20,157,7916,154,3226,3,4591,0,99,15,2459,142,2754,15,5213,California
Del Norte,2021-03-21,4,7920,2,3228,2,4593,0,99,2,2459,2,2756,2,5215,California
Del Norte,2021-03-22,43,7963,3,3231,39,4632,1,100,39,2496,3,2759,40,5255,California
Del Norte,2021-03-23,335,8298,164,3395,153,4785,18,118,165,2510,168,2927,182,5437,California
Del Norte,2021-03-24,397,8695,107,3502,249,5034,41,159,236,2626,161,3088,277,5714,California
Del Norte,2021-03-25,192,8887,89,3591,103,5137,0,159,84,2603,107,3195,84,5798,California
Del Norte,2021-03-26,232,9119,112,3703,120,5257,0,159,197,2765,35,3230,197,5995,California
Del Norte,2021-03-27,108,9227,87,3790,4,5261,17,176,17,2708,91,3321,34,6029,California
Del Norte,2021-03-28,4,9231,2,3792,2,5263,0,176,1,2706,3,3324,1,6030,California
Del Norte,2021-03-29,57,9288,6,3798,34,5297,17,193,32,2730,25,3349,49,6079,California
Del Norte,2021-03-30,339,9627,118,3916,210,5507,11,204,128,2658,211,3560,139,6218,California
Del Norte,2021-03-31,353,9980,100,4016,236,5743,17,221,198,2720,153,3713,215,6433,California
Del Norte,2021-04-01,164,10144,58,4074,72,5815,34,255,69,2729,94,3807,103,6536,California
Del Norte,2021-04-02,230,10374,78,4152,103,5918,49,304,47,2643,183,3990,97,6633,California
Del Norte,2021-04-03,107,10481,83,4235,2,5920,22,326,5,2569,101,4091,27,6660,California
Del Norte,2021-04-04,4,10485,0,4235,0,5920,4,330,0,2569,4,4095,4,6664,California
Del Norte,2021-04-05,47,10532,5,4240,38,5958,4,334,40,2606,7,4102,44,6708,California
Del Norte,2021-04-06,378,10910,119,4359,222,6180,37,371,145,2560,229,4331,183,6891,California
Del Norte,2021-04-07,436,11346,115,4474,260,6440,61,432,289,2764,146,4477,350,7241,California
Del Norte,2021-04-08,227,11573,54,4528,105,6545,68,500,105,2815,122,4599,173,7414,California
Del Norte,2021-04-09,205,11778,47,4575,81,6626,77,577,98,2882,106,4705,173,7587,California
Del Norte,2021-04-10,47,11825,26,4601,4,6630,17,594,27,2906,20,4725,44,7631,California
Del Norte,2021-04-11,12,11837,3,4604,2,6632,7,601,2,2905,10,4735,9,7640,California
Del Norte,2021-04-12,28,11865,1,4605,9,6641,18,619,1,2898,26,4761,19,7659,California
Del Norte,2021-04-13,298,12163,50,4655,248,6889,0,619,155,2910,143,4904,155,7814,California
Del Norte,2021-04-14,328,12491,23,4678,305,7194,0,619,138,2863,190,5094,143,7957,California
Del Norte,2021-04-15,164,12655,31,4709,133,7327,0,619,45,2790,119,5213,46,8003,California
Del Norte,2021-04-16,161,12816,40,4749,121,7448,0,619,59,2748,102,5315,60,8063,California
Del Norte,2021-04-17,102,12918,70,4819,32,7480,0,619,97,2840,5,5320,97,8160,California
Del Norte,2021-04-18,5,12923,4,4823,1,7481,0,619,4,2843,1,5321,4,8164,California
Del Norte,2021-04-19,50,12973,6,4829,44,7525,0,619,8,2809,42,5363,8,8172,California
Del Norte,2021-04-20,209,13182,40,4869,169,7694,0,619,74,2748,135,5498,74,8246,California
Del Norte,2021-04-21,287,13469,22,4891,265,7959,0,619,63,2590,224,5722,66,8312,California
Del Norte,2021-04-22,114,13583,15,4906,99,8058,0,619,62,2600,52,5774,62,8374,California
Del Norte,2021-04-23,152,13735,21,4927,131,8189,0,619,39,2527,112,5886,39,8413,California
Del Norte,2021-04-24,25,13760,14,4941,11,8200,0,619,20,2542,5,5891,20,8433,California
Del Norte,2021-04-25,2,13762,0,4941,2,8202,0,619,2,2544,0,5891,2,8435,California
Del Norte,2021-04-26,29,13791,0,4941,29,8231,0,619,7,2529,22,5913,7,8442,California
Del Norte,2021-04-27,175,13966,19,4960,151,8382,5,624,49,2457,126,6039,54,8496,California
Del Norte,2021-04-28,352,14318,101,5061,246,8628,5,629,63,2239,287,6326,69,8565,California
Del Norte,2021-04-29,92,14410,5,5066,83,8711,4,633,26,2203,66,6392,30,8595,California
Del Norte,2021-04-30,83,14493,6,5072,67,8778,10,643,44,2218,39,6431,54,8649,California
Del Norte,2021-05-01,8,14501,3,5075,5,8783,0,643,6,2222,2,6433,6,8655,California
Del Norte,2021-05-02,8,14509,0,5075,8,8791,0,643,8,2230,0,6433,8,8663,California
Del Norte,2021-05-03,40,14549,3,5078,34,8825,3,646,2,2198,37,6470,5,8668,California
Del Norte,2021-05-04,221,14770,36,5114,180,9005,5,651,47,2076,174,6644,52,8720,California
Del Norte,2021-05-05,231,15001,19,5133,204,9209,8,659,56,1965,175,6819,64,8784,California
Del Norte,2021-05-06,112,15113,24,5157,75,9284,13,672,27,1920,85,6904,40,8824,California
Del Norte,2021-05-07,151,15264,29,5186,118,9402,4,676,32,1837,119,7023,36,8860,California
Del Norte,2021-05-08,64,15328,55,5241,7,9409,2,678,7,1789,57,7080,9,8869,California
Del Norte,2021-05-09,9,15337,3,5244,3,9412,3,681,2,1787,7,7087,5,8874,California
Del Norte,2021-05-10,25,15362,3,5247,18,9430,4,685,15,1796,10,7097,19,8893,California
Del Norte,2021-05-11,168,15530,49,5296,117,9547,2,687,31,1692,137,7234,33,8926,California
Del Norte,2021-05-12,147,15677,23,5319,114,9661,10,697,27,1610,119,7353,37,8963,California
Del Norte,2021-05-13,31,15708,19,5338,12,9673,0,697,23,1625,8,7361,23,8986,California
El Dorado,2020-12-15,12,12,12,12,0,0,0,0,12,12,0,0,12,12,California
El Dorado,2020-12-16,40,52,40,52,0,0,0,0,40,52,0,0,40,52,California
El Dorado,2020-12-17,31,83,31,83,0,0,0,0,31,83,0,0,31,83,California
El Dorado,2020-12-18,236,319,236,319,0,0,0,0,236,319,0,0,236,319,California
El Dorado,2020-12-19,116,435,116,435,0,0,0,0,116,435,0,0,116,435,California
El Dorado,2020-12-20,85,520,85,520,0,0,0,0,85,520,0,0,85,520,California
El Dorado,2020-12-21,309,829,308,828,1,1,0,0,309,829,0,0,309,829,California
El Dorado,2020-12-22,238,1067,214,1042,24,25,0,0,238,1067,0,0,238,1067,California
El Dorado,2020-12-23,189,1256,140,1182,49,74,0,0,189,1256,0,0,189,1256,California
El Dorado,2020-12-24,87,1343,66,1248,21,95,0,0,87,1343,0,0,87,1343,California
El Dorado,2020-12-25,8,1351,8,1256,0,95,0,0,8,1351,0,0,8,1351,California
El Dorado,2020-12-26,44,1395,26,1282,18,113,0,0,44,1395,0,0,44,1395,California
El Dorado,2020-12-27,37,1432,33,1315,4,117,0,0,37,1432,0,0,37,1432,California
El Dorado,2020-12-28,215,1647,168,1483,47,164,0,0,215,1647,0,0,215,1647,California
El Dorado,2020-12-29,459,2106,142,1625,317,481,0,0,459,2106,0,0,459,2106,California
El Dorado,2020-12-30,506,2612,136,1761,370,851,0,0,506,2612,0,0,506,2612,California
El Dorado,2020-12-31,110,2722,70,1831,40,891,0,0,110,2722,0,0,110,2722,California
El Dorado,2021-01-01,7,2729,4,1835,3,894,0,0,7,2729,0,0,7,2729,California
El Dorado,2021-01-02,153,2882,141,1976,12,906,0,0,153,2882,0,0,153,2882,California
El Dorado,2021-01-03,92,2974,17,1993,75,981,0,0,92,2974,0,0,92,2974,California
El Dorado,2021-01-04,190,3164,62,2055,128,1109,0,0,190,3164,0,0,190,3164,California
El Dorado,2021-01-05,208,3372,51,2106,157,1266,0,0,192,3340,16,16,192,3356,California
El Dorado,2021-01-06,261,3633,189,2295,72,1338,0,0,197,3473,64,80,197,3553,California
El Dorado,2021-01-07,330,3963,136,2431,194,1532,0,0,259,3661,71,151,259,3812,California
El Dorado,2021-01-08,976,4939,501,2932,475,2007,0,0,773,4232,203,354,774,4586,California
El Dorado,2021-01-09,193,5132,156,3088,37,2044,0,0,125,4289,68,422,125,4711,California
El Dorado,2021-01-10,180,5312,129,3217,51,2095,0,0,110,4330,70,492,111,4822,California
El Dorado,2021-01-11,659,5971,293,3510,366,2461,0,0,459,4591,199,691,460,5282,California
El Dorado,2021-01-12,697,6668,422,3932,275,2736,0,0,448,4790,249,940,448,5730,California
El Dorado,2021-01-13,700,7368,296,4228,404,3140,0,0,539,5168,161,1101,539,6269,California
El Dorado,2021-01-14,694,8062,220,4448,474,3614,0,0,599,5672,95,1196,599,6868,California
El Dorado,2021-01-15,685,8747,185,4633,500,4114,0,0,613,6213,72,1268,613,7481,California
El Dorado,2021-01-16,173,8920,104,4737,69,4183,0,0,146,6332,27,1295,146,7627,California
El Dorado,2021-01-17,100,9020,47,4784,53,4236,0,0,83,6398,17,1312,83,7710,California
El Dorado,2021-01-18,421,9441,138,4922,283,4519,0,0,353,6683,68,1380,353,8063,California
El Dorado,2021-01-19,655,10096,355,5277,300,4819,0,0,505,7039,150,1530,506,8569,California
El Dorado,2021-01-20,1011,11107,686,5963,325,5144,0,0,900,7829,110,1640,900,9469,California
El Dorado,2021-01-21,1162,12269,576,6539,586,5730,0,0,954,8616,167,1807,954,10423,California
El Dorado,2021-01-22,1107,13376,712,7251,395,6125,0,0,1053,9616,53,1860,1053,11476,California
El Dorado,2021-01-23,738,14114,617,7868,121,6246,0,0,627,10132,111,1971,627,12103,California
El Dorado,2021-01-24,126,14240,76,7944,50,6296,0,0,107,10220,19,1990,107,12210,California
El Dorado,2021-01-25,612,14852,206,8150,406,6702,0,0,524,10656,88,2078,524,12734,California
El Dorado,2021-01-26,676,15528,366,8516,310,7012,0,0,572,11125,104,2182,573,13307,California
El Dorado,2021-01-27,987,16515,388,8904,599,7611,0,0,650,11437,338,2520,650,13957,California
El Dorado,2021-01-28,1107,17622,453,9357,654,8265,0,0,746,11822,361,2881,746,14703,California
El Dorado,2021-01-29,976,18598,490,9847,486,8751,0,0,746,12340,229,3110,747,15450,California
El Dorado,2021-01-30,611,19209,359,10206,252,9003,0,0,451,12631,160,3270,451,15901,California
El Dorado,2021-01-31,210,19419,189,10395,21,9024,0,0,181,12783,29,3299,181,16082,California
El Dorado,2021-02-01,796,20215,367,10762,429,9453,0,0,652,13291,144,3443,652,16734,California
El Dorado,2021-02-02,839,21054,368,11130,471,9924,0,0,676,13804,163,3606,676,17410,California
El Dorado,2021-02-03,900,21954,475,11605,425,10349,0,0,688,14280,212,3818,688,18098,California
El Dorado,2021-02-04,1267,23221,724,12329,543,10892,0,0,871,14756,395,4213,871,18969,California
El Dorado,2021-02-05,1484,24705,597,12926,887,11779,0,0,868,15043,581,4794,868,19837,California
El Dorado,2021-02-06,640,25345,335,13261,305,12084,0,0,530,15464,110,4904,531,20368,California
El Dorado,2021-02-07,258,25603,176,13437,82,12166,0,0,194,15594,64,4968,194,20562,California
El Dorado,2021-02-08,882,26485,417,13854,465,12631,0,0,608,15928,274,5242,608,21170,California
El Dorado,2021-02-09,911,27396,488,14342,423,13054,0,0,487,15991,424,5666,487,21657,California
El Dorado,2021-02-10,1248,28644,727,15069,521,13575,0,0,656,16056,591,6257,656,22313,California
El Dorado,2021-02-11,2154,30798,891,15960,1263,14838,0,0,961,15828,1190,7447,962,23275,California
El Dorado,2021-02-12,1572,32370,826,16786,746,15584,0,0,678,15614,893,8340,679,23954,California
El Dorado,2021-02-13,978,33348,668,17454,310,15894,0,0,434,15507,541,8881,434,24388,California
El Dorado,2021-02-14,486,33834,155,17609,331,16225,0,0,400,15821,86,8967,400,24788,California
El Dorado,2021-02-15,1182,35016,385,17994,797,17022,0,0,823,16288,359,9326,826,25614,California
El Dorado,2021-02-16,1204,36220,532,18526,672,17694,0,0,678,16442,525,9851,679,26293,California
El Dorado,2021-02-17,907,37127,376,18902,531,18225,0,0,419,16375,488,10339,421,26714,California
El Dorado,2021-02-18,2084,39211,1012,19914,1072,19297,0,0,1344,16980,739,11078,1344,28058,California
El Dorado,2021-02-19,1170,40381,604,20518,566,19863,0,0,648,17107,521,11599,648,28706,California
El Dorado,2021-02-20,923,41304,439,20957,484,20347,0,0,672,17534,245,11844,672,29378,California
El Dorado,2021-02-21,283,41587,226,21183,57,20404,0,0,99,17450,183,12027,99,29477,California
El Dorado,2021-02-22,870,42457,435,21618,435,20839,0,0,284,17149,585,12612,284,29761,California
El Dorado,2021-02-23,845,43302,473,22091,372,21211,0,0,348,17001,496,13108,348,30109,California
El Dorado,2021-02-24,1027,44329,438,22529,589,21800,0,0,428,16831,599,13707,429,30538,California
El Dorado,2021-02-25,1649,45978,898,23427,751,22551,0,0,716,16622,927,14634,718,31256,California
El Dorado,2021-02-26,2353,48331,1481,24908,872,23423,0,0,1588,17447,763,15397,1588,32844,California
El Dorado,2021-02-27,1659,49990,438,25346,1221,24644,0,0,1219,18229,437,15834,1219,34063,California
El Dorado,2021-02-28,589,50579,203,25549,386,25030,0,0,437,18515,152,15986,438,34501,California
El Dorado,2021-03-01,1138,51717,453,26002,684,25714,1,1,627,18633,510,16496,628,35129,California
El Dorado,2021-03-02,900,52617,266,26268,634,26348,0,1,461,18657,437,16933,461,35590,California
El Dorado,2021-03-03,1680,54297,462,26730,1218,27566,0,1,1153,19292,520,17453,1155,36745,California
El Dorado,2021-03-04,2513,56810,1550,28280,963,28529,0,1,1220,19222,1290,18743,1220,37965,California
El Dorado,2021-03-05,1578,58388,424,28704,1149,29678,5,6,1043,19741,529,19272,1048,39013,California
El Dorado,2021-03-06,738,59126,209,28913,494,30172,35,41,391,19820,347,19619,426,39439,California
El Dorado,2021-03-07,406,59532,198,29111,190,30362,18,59,242,19918,162,19781,260,39699,California
El Dorado,2021-03-08,1328,60860,365,29476,891,31253,72,131,858,20380,467,20248,929,40628,California
El Dorado,2021-03-09,981,61841,225,29701,689,31942,67,198,582,20645,384,20632,649,41277,California
El Dorado,2021-03-10,947,62788,343,30044,548,32490,56,254,546,20851,395,21027,601,41878,California
El Dorado,2021-03-11,3019,65807,1834,31878,1003,33493,182,436,1375,20782,1625,22652,1556,43434,California
El Dorado,2021-03-12,1779,67586,620,32498,913,34406,246,682,744,20754,1018,23670,990,44424,California
El Dorado,2021-03-13,1065,68651,344,32842,438,34844,283,965,374,20721,688,24358,655,45079,California
El Dorado,2021-03-14,794,69445,208,33050,474,35318,112,1077,280,20599,514,24872,392,45471,California
El Dorado,2021-03-15,1401,70846,303,33353,972,36290,126,1203,612,20553,785,25657,739,46210,California
El Dorado,2021-03-16,1215,72061,409,33762,662,36952,144,1347,571,20630,638,26295,715,46925,California
El Dorado,2021-03-17,1111,73172,350,34112,667,37619,94,1441,726,21065,385,26680,820,47745,California
El Dorado,2021-03-18,2996,76168,1772,35884,1179,38798,45,1486,1996,22114,992,27672,2041,49786,California
El Dorado,2021-03-19,1114,77282,363,36247,606,39404,145,1631,639,22423,475,28147,784,50570,California
El Dorado,2021-03-20,949,78231,270,36517,662,40066,17,1648,370,22242,568,28715,387,50957,California
El Dorado,2021-03-21,1025,79256,418,36935,602,40668,5,1653,935,23094,88,28803,940,51897,California
El Dorado,2021-03-22,1504,80760,489,37424,933,41601,82,1735,1193,24063,306,29109,1275,53172,California
El Dorado,2021-03-23,1142,81902,449,37873,601,42202,92,1827,732,24488,399,29508,824,53996,California
El Dorado,2021-03-24,1454,83356,621,38494,637,42839,196,2023,662,24582,764,30272,858,54854,California
El Dorado,2021-03-25,2507,85863,1683,40177,721,43560,103,2126,1383,24950,1118,31390,1486,56340,California
El Dorado,2021-03-26,1818,87681,697,40874,1011,44571,110,2236,947,25159,849,32239,1058,57398,California
El Dorado,2021-03-27,1315,88996,188,41062,1123,45694,4,2240,335,24524,974,33213,339,57737,California
El Dorado,2021-03-28,633,89629,182,41244,442,46136,9,2249,203,24310,426,33639,212,57949,California
El Dorado,2021-03-29,1315,90944,431,41675,868,47004,16,2265,826,24666,486,34125,842,58791,California
El Dorado,2021-03-30,1362,92306,411,42086,858,47862,93,2358,705,24813,649,34774,796,59587,California
El Dorado,2021-03-31,1558,93864,582,42668,913,48775,63,2421,703,24724,853,35627,764,60351,California
El Dorado,2021-04-01,3228,97092,1763,44431,1382,50157,83,2504,1533,24648,1693,37320,1617,61968,California
El Dorado,2021-04-02,1882,98974,561,44992,1226,51383,95,2599,750,24366,1127,38447,845,62813,California
El Dorado,2021-04-03,747,99721,293,45285,333,51716,121,2720,228,24197,517,38964,348,63161,California
El Dorado,2021-04-04,271,99992,85,45370,139,51855,47,2767,98,24170,172,39136,145,63306,California
El Dorado,2021-04-05,1417,101409,424,45794,899,52754,94,2861,587,24025,825,39961,680,63986,California
El Dorado,2021-04-06,1413,102822,523,46317,668,53422,222,3083,452,23739,958,40919,672,64658,California
El Dorado,2021-04-07,1577,104399,554,46871,576,53998,447,3530,556,23721,1018,41937,1000,65658,California
El Dorado,2021-04-08,2663,107062,1716,48587,712,54710,235,3765,1108,23516,1546,43483,1341,66999,California
El Dorado,2021-04-09,1422,108484,450,49037,752,55462,220,3985,568,23449,851,44334,784,67783,California
El Dorado,2021-04-10,817,109301,224,49261,483,55945,110,4095,471,23686,343,44677,580,68363,California
El Dorado,2021-04-11,703,110004,454,49715,233,56178,16,4111,208,23416,494,45171,224,68587,California
El Dorado,2021-04-12,1276,111280,498,50213,630,56808,148,4259,558,23411,711,45882,706,69293,California
El Dorado,2021-04-13,1118,112398,607,50820,511,57319,0,4259,511,23319,603,46485,511,69804,California
El Dorado,2021-04-14,1086,113484,459,51279,626,57945,1,4260,387,23021,686,47171,388,70192,California
El Dorado,2021-04-15,2493,115977,1673,52952,820,58765,0,4260,959,22450,1531,48702,960,71152,California
El Dorado,2021-04-16,1470,117447,518,53470,952,59717,0,4260,609,22204,856,49558,610,71762,California
El Dorado,2021-04-17,785,118232,200,53670,585,60302,0,4260,485,22392,297,49855,485,72247,California
El Dorado,2021-04-18,997,119229,88,53758,909,61211,0,4260,401,22198,595,50450,401,72648,California
El Dorado,2021-04-19,1710,120939,435,54193,1275,62486,0,4260,688,21870,1016,51466,688,73336,California
El Dorado,2021-04-20,1104,122043,355,54548,749,63235,0,4260,455,21681,644,52110,455,73791,California
El Dorado,2021-04-21,1151,123194,463,55011,684,63919,4,4264,586,21710,558,52668,587,74378,California
El Dorado,2021-04-22,2548,125742,1681,56692,867,64786,0,4264,1070,21303,1477,54145,1070,75448,California
El Dorado,2021-04-23,1394,127136,497,57189,897,65683,0,4264,715,21343,676,54821,716,76164,California
El Dorado,2021-04-24,961,128097,511,57700,450,66133,0,4264,730,21844,229,55050,730,76894,California
El Dorado,2021-04-25,611,128708,433,58133,178,66311,0,4264,441,22115,170,55220,441,77335,California
El Dorado,2021-04-26,1030,129738,429,58562,585,66896,16,4280,500,22102,529,55749,516,77851,California
El Dorado,2021-04-27,950,130688,357,58919,565,67461,28,4308,439,22064,505,56254,467,78318,California
El Dorado,2021-04-28,1030,131718,346,59265,644,68105,40,4348,401,21877,628,56882,441,78759,California
El Dorado,2021-04-29,1928,133646,1306,60571,590,68695,32,4380,539,21062,1386,58268,571,79330,California
El Dorado,2021-04-30,2114,135760,1327,61898,746,69441,41,4421,1358,21716,744,59012,1398,80728,California
El Dorado,2021-05-01,615,136375,282,62180,306,69747,27,4448,277,21689,331,59343,304,81032,California
El Dorado,2021-05-02,298,136673,212,62392,57,69804,29,4477,101,21624,194,59537,129,81161,California
El Dorado,2021-05-03,820,137493,402,62794,368,70172,50,4527,275,21408,543,60080,327,81488,California
El Dorado,2021-05-04,877,138370,432,63226,387,70559,58,4585,309,21211,564,60644,367,81855,California
El Dorado,2021-05-05,872,139242,430,63656,369,70928,73,4658,414,21242,456,61100,487,82342,California
El Dorado,2021-05-06,1110,140352,481,64137,582,71510,47,4705,475,21129,631,61731,518,82860,California
El Dorado,2021-05-07,976,141328,371,64508,547,72057,58,4763,400,21010,576,62307,457,83317,California
El Dorado,2021-05-08,484,141812,147,64655,299,72356,38,4801,186,20938,296,62603,224,83541,California
El Dorado,2021-05-09,217,142029,78,64733,112,72468,27,4828,100,20949,116,62719,127,83668,California
El Dorado,2021-05-10,827,142856,274,65007,494,72962,59,4887,241,20671,576,63295,298,83966,California
El Dorado,2021-05-11,657,143513,285,65292,318,73280,54,4941,288,20648,366,63661,343,84309,California
El Dorado,2021-05-12,503,144016,258,65550,211,73491,34,4975,187,20554,316,63977,222,84531,California
El Dorado,2021-05-13,676,144692,452,66002,210,73701,14,4989,167,20228,506,64483,180,84711,California
Fresno,2020-12-15,2,2,2,2,0,0,0,0,2,2,0,0,2,2,California
Fresno,2020-12-16,121,123,121,123,0,0,0,0,121,123,0,0,121,123,California
Fresno,2020-12-17,121,244,121,244,0,0,0,0,121,244,0,0,121,244,California
Fresno,2020-12-18,344,588,344,588,0,0,0,0,344,588,0,0,344,588,California
Fresno,2020-12-19,159,747,159,747,0,0,0,0,159,747,0,0,159,747,California
Fresno,2020-12-20,258,1005,256,1003,2,2,0,0,258,1005,0,0,258,1005,California
Fresno,2020-12-21,925,1930,924,1927,1,3,0,0,956,1961,0,0,956,1961,California
Fresno,2020-12-22,902,2832,873,2800,29,32,0,0,906,2867,0,0,906,2867,California
Fresno,2020-12-23,1087,3919,1046,3846,41,73,0,0,1088,3955,0,0,1088,3955,California
Fresno,2020-12-24,583,4502,563,4409,20,93,0,0,583,4538,0,0,583,4538,California
Fresno,2020-12-25,2,4504,1,4410,1,94,0,0,2,4540,0,0,2,4540,California
Fresno,2020-12-26,723,5227,714,5124,9,103,0,0,723,5263,0,0,723,5263,California
Fresno,2020-12-27,300,5527,204,5328,96,199,0,0,300,5563,0,0,300,5563,California
Fresno,2020-12-28,1063,6590,775,6103,288,487,0,0,1064,6627,0,0,1064,6627,California
Fresno,2020-12-29,1782,8372,1037,7140,745,1232,0,0,1780,8406,1,1,1780,8407,California
Fresno,2020-12-30,986,9358,479,7619,507,1739,0,0,986,9392,0,1,986,9393,California
Fresno,2020-12-31,900,10258,310,7929,590,2329,0,0,899,10291,0,1,899,10292,California
Fresno,2021-01-01,9,10267,3,7932,6,2335,0,0,9,10300,0,1,9,10301,California
Fresno,2021-01-02,1030,11297,717,8649,313,2648,0,0,1030,11330,0,1,1030,11331,California
Fresno,2021-01-03,153,11450,128,8777,25,2673,0,0,153,11483,0,1,153,11484,California
Fresno,2021-01-04,619,12069,376,9153,243,2916,0,0,619,12102,0,1,619,12103,California
Fresno,2021-01-05,779,12848,311,9464,468,3384,0,0,705,12733,74,75,705,12808,California
Fresno,2021-01-06,978,13826,346,9810,632,4016,0,0,806,13367,172,247,806,13614,California
Fresno,2021-01-07,1889,15715,916,10726,973,4989,0,0,1635,14751,254,501,1638,15252,California
Fresno,2021-01-08,1788,17503,614,11340,1174,6163,0,0,1424,15813,362,863,1424,16676,California
Fresno,2021-01-09,630,18133,388,11728,242,6405,0,0,355,15893,275,1138,355,17031,California
Fresno,2021-01-10,517,18650,487,12215,30,6435,0,0,204,15784,313,1451,204,17235,California
Fresno,2021-01-11,2157,20807,1749,13964,408,6843,0,0,1464,16558,693,2144,1467,18702,California
Fresno,2021-01-12,2527,23334,1828,15792,699,7542,0,0,1678,17387,851,2995,1680,20382,California
Fresno,2021-01-13,3537,26871,2420,18212,1117,8659,0,0,2680,19213,857,3852,2683,23065,California
Fresno,2021-01-14,4155,31026,2201,20413,1954,10613,0,0,3684,22427,470,4322,3684,26749,California
Fresno,2021-01-15,3650,34676,2530,22943,1120,11733,0,0,3293,25367,357,4679,3297,30046,California
Fresno,2021-01-16,3153,37829,2310,25253,843,12576,0,0,2688,27592,464,5143,2689,32735,California
Fresno,2021-01-17,978,38807,557,25810,421,12997,0,0,780,28174,198,5341,780,33515,California
Fresno,2021-01-18,3076,41883,2369,28179,707,13704,0,0,2411,29924,663,6004,2413,35928,California
Fresno,2021-01-19,4334,46217,2542,30721,1792,15496,0,0,3683,32960,651,6655,3687,39615,California
Fresno,2021-01-20,3002,49219,1191,31912,1811,17307,0,0,2697,35357,303,6958,2700,42315,California
Fresno,2021-01-21,4382,53601,2025,33937,2357,19664,0,0,4029,39061,331,7289,4035,46350,California
Fresno,2021-01-22,3314,56915,1348,35285,1966,21630,0,0,2919,41603,378,7667,2920,49270,California
Fresno,2021-01-23,3044,59959,1970,37255,1074,22704,0,0,2321,43209,722,8389,2328,51598,California
Fresno,2021-01-24,553,60512,373,37628,180,22884,0,0,348,43355,205,8594,351,51949,California
Fresno,2021-01-25,2344,62856,865,38493,1479,24363,0,0,1855,44725,489,9083,1859,53808,California
Fresno,2021-01-26,2023,64879,584,39077,1439,25802,0,0,1312,45329,709,9792,1313,55121,California
Fresno,2021-01-27,2284,67163,1166,40243,1118,26920,0,0,1753,46555,530,10322,1756,56877,California
Fresno,2021-01-28,4500,71663,3058,43301,1442,28362,0,0,3477,49016,1019,11341,3480,60357,California
Fresno,2021-01-29,1707,73370,983,44284,724,29086,0,0,1409,50131,295,11636,1410,61767,California
Fresno,2021-01-30,1453,74823,552,44836,901,29987,0,0,1035,50748,418,12054,1035,62802,California
Fresno,2021-01-31,227,75050,218,45054,9,29996,0,0,73,50667,154,12208,73,62875,California
Fresno,2021-02-01,3340,78390,1667,46721,1673,31669,0,0,1824,50994,1515,13723,1842,64717,California
Fresno,2021-02-02,2722,81112,552,47273,2170,33839,0,0,1585,51473,1122,14845,1601,66318,California
Fresno,2021-02-03,3543,84655,2091,49364,1452,35291,0,0,1532,51011,1995,16840,1533,67851,California
Fresno,2021-02-04,4198,88853,1898,51262,2300,37591,0,0,1930,50708,2238,19078,1935,69786,California
Fresno,2021-02-05,5335,94188,2724,53986,2611,40202,0,0,2308,49998,3022,22100,2312,72098,California
Fresno,2021-02-06,2937,97125,2048,56034,889,41091,0,0,978,49021,1956,24056,979,73077,California
Fresno,2021-02-07,470,97595,289,56323,181,41272,0,0,275,49102,194,24250,275,73352,California
Fresno,2021-02-08,4278,101873,2292,58615,1986,43258,0,0,1813,48483,2441,26691,1822,75174,California
Fresno,2021-02-09,5335,107208,2087,60702,3248,46506,0,0,3122,49476,2138,28829,3131,78305,California
Fresno,2021-02-10,3887,111095,1236,61938,2651,49157,0,0,1993,49642,1839,30668,2005,80310,California
Fresno,2021-02-11,6459,117554,2097,64035,4362,53519,0,0,3367,49937,3077,33745,3372,83682,California
Fresno,2021-02-12,5392,122946,1384,65419,4008,57527,0,0,2744,50060,2628,36373,2751,86433,California
Fresno,2021-02-13,3739,126685,1550,66969,2189,59716,0,0,2085,50509,1642,38015,2091,88524,California
Fresno,2021-02-14,1563,128248,283,67252,1280,60996,0,0,849,50646,714,38729,851,89375,California
Fresno,2021-02-15,2891,131139,272,67524,2619,63615,0,0,1786,51335,1101,39830,1790,91165,California
Fresno,2021-02-16,6697,137836,2407,69931,4290,67905,0,0,4252,53166,2427,42257,4258,95423,California
Fresno,2021-02-17,5342,143178,2457,72388,2885,70790,0,0,2986,53846,2311,44568,2991,98414,California
Fresno,2021-02-18,6863,150041,2905,75293,3958,74748,0,0,2571,52185,4242,48810,2581,100995,California
Fresno,2021-02-19,3840,153881,1104,76397,2736,77484,0,0,1835,52028,1995,50805,1838,102833,California
Fresno,2021-02-20,4540,158421,2502,78899,2038,79522,0,0,3059,53619,1474,52279,3065,105898,California
Fresno,2021-02-21,191,158612,172,79071,19,79541,0,0,128,53697,50,52329,128,106026,California
Fresno,2021-02-22,2235,160847,1005,80076,1230,80771,0,0,1228,53929,998,53327,1230,107256,California
Fresno,2021-02-23,3914,164761,1503,81579,2411,83182,0,0,3050,56128,853,54180,3052,110308,California
Fresno,2021-02-24,4191,168952,1500,83079,2691,85873,0,0,3440,58830,739,54919,3441,113749,California
Fresno,2021-02-25,7523,176475,2557,85636,4966,90839,0,0,6060,63496,1401,56320,6067,119816,California
Fresno,2021-02-26,8371,184846,3064,88700,5307,96146,0,0,7078,69311,1269,57589,7084,126900,California
Fresno,2021-02-27,6322,191168,2224,90924,4098,100244,0,0,5628,74260,680,58269,5629,132529,California
Fresno,2021-02-28,1653,192821,535,91459,1118,101362,0,0,1562,75745,78,58347,1563,134092,California
Fresno,2021-03-01,4952,197773,1313,92772,3639,105001,0,0,3635,78077,1307,59654,3639,137731,California
Fresno,2021-03-02,8681,206454,2324,95096,6357,111358,0,0,7308,84058,1349,61003,7330,145061,California
Fresno,2021-03-03,6889,213343,1692,96788,5196,116554,1,1,5876,89048,1001,62004,5991,151052,California
Fresno,2021-03-04,8659,222002,2551,99339,6108,122662,0,1,7127,94677,1506,63510,7135,158187,California
Fresno,2021-03-05,8069,230071,2716,102055,5351,128013,2,3,7041,100900,895,64405,7118,165305,California
Fresno,2021-03-06,6486,236557,3550,105605,2818,130831,118,121,5531,105605,948,65353,5653,170958,California
Fresno,2021-03-07,1483,238040,679,106284,768,131599,36,157,1253,106667,228,65581,1290,172248,California
Fresno,2021-03-08,5084,243124,2023,108307,2908,134507,153,310,3903,109562,1172,66753,4067,176315,California
Fresno,2021-03-09,7206,250330,2439,110746,4497,139004,270,580,4001,110681,3187,69940,4306,180621,California
Fresno,2021-03-10,6645,256975,2762,113508,3490,142494,393,973,5240,114928,1396,71336,5643,186264,California
Fresno,2021-03-11,11464,268439,4561,118069,6337,148831,566,1539,6216,116583,5203,76539,6858,193122,California
Fresno,2021-03-12,11717,280156,5023,123092,6241,155072,453,1992,8715,122908,2984,79523,9309,202431,California
Fresno,2021-03-13,8178,288334,3906,126998,3241,158313,1031,3023,3922,123698,4235,83758,5025,207456,California
Fresno,2021-03-14,1762,290096,472,127470,1000,159313,290,3313,662,123560,1089,84847,951,208407,California
Fresno,2021-03-15,7083,297179,3150,130620,3762,163075,171,3484,4918,126685,2150,86997,5275,213682,California
Fresno,2021-03-16,10103,307282,4431,135051,5277,168352,395,3879,6062,129229,4009,91006,6553,220235,California
Fresno,2021-03-17,8604,315886,3883,138934,4029,172381,692,4571,5824,133367,2759,93765,6897,227132,California
Fresno,2021-03-18,12278,328164,6580,145514,5066,177447,632,5203,8007,138207,4224,97989,9064,236196,California
Fresno,2021-03-19,10904,339068,5642,151156,4648,182095,614,5817,7400,143041,3475,101464,8309,244505,California
Fresno,2021-03-20,7391,346459,4427,155583,2652,184747,312,6129,4508,145279,2858,104322,5096,249601,California
Fresno,2021-03-21,1776,348235,1204,156787,202,184949,370,6499,961,145800,811,105133,1332,250933,California
Fresno,2021-03-22,5651,353886,2890,159677,2166,187115,595,7094,3851,148662,1784,106917,4646,255579,California
Fresno,2021-03-23,10533,364419,5240,164917,4800,191915,493,7587,6051,151173,4461,111378,6972,262551,California
Fresno,2021-03-24,8668,373087,3687,168604,4153,196068,828,8415,4789,152997,3845,115223,5669,268220,California
Fresno,2021-03-25,12067,385154,5578,174182,5706,201774,783,9198,6174,154184,5850,121073,7037,275257,California
Fresno,2021-03-26,12047,397201,5339,179521,6063,207837,645,9843,5278,153407,6719,127792,5942,281199,California
Fresno,2021-03-27,9377,406578,4138,183659,4157,211994,1082,10925,2934,151023,6406,134198,4022,285221,California
Fresno,2021-03-28,3378,409956,1293,184952,1397,213391,688,11613,1266,151150,2104,136302,2231,287452,California
Fresno,2021-03-29,5975,415931,1980,186932,3452,216843,543,12156,2887,151529,3063,139365,3442,290894,California
Fresno,2021-03-30,10791,426722,4216,191148,5689,222532,886,13042,4449,150547,6316,145681,5334,296228,California
Fresno,2021-03-31,9279,436001,3325,194473,4970,227502,984,14026,3790,149868,5450,151131,4771,300999,California
Fresno,2021-04-01,11720,447721,4081,198554,6778,234280,861,14887,3927,146923,7692,158823,4747,305746,California
Fresno,2021-04-02,11611,459332,4418,202972,6407,240687,786,15673,4214,144685,7245,166068,5007,310753,California
Fresno,2021-04-03,6238,465570,3397,206369,2588,243275,253,15926,2235,143228,3988,170056,2531,313284,California
Fresno,2021-04-04,1488,467058,534,206903,910,244185,44,15970,557,142906,923,170979,601,313885,California
Fresno,2021-04-05,8296,475354,4466,211369,3033,247218,797,16767,2533,140555,5748,176727,3397,317282,California
Fresno,2021-04-06,9562,484916,4019,215388,4369,251587,1174,17941,3616,139452,5910,182637,4807,322089,California
Fresno,2021-04-07,10320,495236,5312,220700,3818,255405,1190,19131,3565,137517,6717,189354,4782,326871,California
Fresno,2021-04-08,10825,506061,5130,225830,4550,259955,1145,20276,3512,134945,7271,196625,4699,331570,California
Fresno,2021-04-09,10714,516775,5120,230950,4223,264178,1371,21647,3607,132878,7068,203693,5001,336571,California
Fresno,2021-04-10,7863,524638,5152,236102,2190,266368,521,22168,3745,133035,4108,207801,4265,340836,California
Fresno,2021-04-11,1388,526026,929,237031,370,266738,89,22257,449,132640,934,208735,539,341375,California
Fresno,2021-04-12,7142,533168,3770,240801,2457,269195,915,23172,2327,131087,4794,213529,3241,344616,California
Fresno,2021-04-13,8910,542078,4239,245040,4601,273796,70,23242,3502,129377,5373,218902,3663,348279,California
Fresno,2021-04-14,8845,550923,5153,250193,3691,277487,1,23243,3628,127872,5180,224082,3675,351954,California
Fresno,2021-04-15,7848,558771,3650,253843,4195,281682,3,23246,3064,126184,4758,228840,3070,355024,California
Fresno,2021-04-16,8983,567754,4266,258109,4715,286397,2,23248,3855,124956,5090,233930,3862,358886,California
Fresno,2021-04-17,5569,573323,3728,261837,1840,288237,1,23249,2707,124821,2845,236775,2710,361596,California
Fresno,2021-04-18,1022,574345,556,262393,466,288703,0,23249,476,124754,543,237318,476,362072,California
Fresno,2021-04-19,5391,579736,2902,265295,2485,291188,4,23253,2148,123705,3204,240522,2155,364227,California
Fresno,2021-04-20,6822,586558,3314,268609,3500,294688,8,23261,2546,122007,4253,244775,2555,366782,California
Fresno,2021-04-21,6258,592816,3411,272020,2838,297526,9,23270,2578,120949,3648,248423,2590,369372,California
Fresno,2021-04-22,6326,599142,3138,275158,3187,300713,1,23271,2335,119349,3939,252362,2339,371711,California
Fresno,2021-04-23,7017,606159,3765,278923,3234,303947,18,23289,2718,117813,4260,256622,2724,374435,California
Fresno,2021-04-24,4150,610309,2480,281403,1670,305617,0,23289,1951,117579,2185,258807,1951,376386,California
Fresno,2021-04-25,1379,611688,567,281970,810,306427,2,23291,692,117589,683,259490,693,377079,California
Fresno,2021-04-26,3790,615478,1849,283819,1898,308325,43,23334,1600,117065,2165,261655,1641,378720,California
Fresno,2021-04-27,4405,619883,2182,286001,2113,310438,110,23444,1724,116238,2661,264316,1834,380554,California
Fresno,2021-04-28,4698,624581,2623,288624,1948,312386,127,23571,1920,115527,2758,267074,2047,382601,California
Fresno,2021-04-29,4717,629298,2645,291269,1940,314326,132,23703,1737,114445,2951,270025,1869,384470,California
Fresno,2021-04-30,5306,634604,3227,294496,1949,316275,130,23833,2097,113495,3176,273201,2226,386696,California
Fresno,2021-05-01,4179,638783,3466,297962,577,316852,136,23969,1214,111893,2951,276152,1349,388045,California
Fresno,2021-05-02,1240,640023,776,298738,413,317265,51,24020,600,111913,630,276782,650,388695,California
Fresno,2021-05-03,3974,643997,2674,301412,1115,318380,185,24205,1307,110759,2642,279424,1488,390183,California
Fresno,2021-05-04,4685,648682,2373,303785,2164,320544,148,24353,1515,109274,3150,282574,1665,391848,California
Fresno,2021-05-05,4759,653441,2834,306619,1700,322244,225,24578,1458,107672,3278,285852,1676,393524,California
Fresno,2021-05-06,3972,657413,2400,309019,1467,323711,105,24683,1336,106502,2611,288463,1441,394965,California
Fresno,2021-05-07,4930,662343,3234,312253,1536,325247,160,24843,1528,104807,3381,291844,1686,396651,California
Fresno,2021-05-08,3879,666222,2484,314737,1251,326498,144,24987,1169,103429,2692,294536,1314,397965,California
Fresno,2021-05-09,705,666927,375,315112,287,326785,43,25030,345,103462,354,294890,387,398352,California
Fresno,2021-05-10,2926,669853,1591,316703,1195,327980,140,25170,932,102547,1987,296877,1072,399424,California
Fresno,2021-05-11,3547,673400,1827,318530,1633,329613,87,25257,1106,101313,2428,299305,1194,400618,California
Fresno,2021-05-12,3316,676716,2022,320552,1153,330766,141,25398,1128,100417,2166,301471,1270,401888,California
Fresno,2021-05-13,2255,678971,1201,321753,974,331740,80,25478,882,100033,1346,302817,962,402850,California
Glenn,2020-12-17,1,1,1,1,0,0,0,0,1,1,0,0,1,1,California
Glenn,2020-12-19,1,2,1,2,0,0,0,0,1,2,0,0,1,2,California
Glenn,2020-12-20,1,3,1,3,0,0,0,0,1,3,0,0,1,3,California
Glenn,2020-12-21,11,14,11,14,0,0,0,0,11,14,0,0,11,14,California
Glenn,2020-12-22,59,73,59,73,0,0,0,0,59,73,0,0,59,73,California
Glenn,2020-12-23,27,100,27,100,0,0,0,0,27,100,0,0,27,100,California
Glenn,2020-12-24,9,109,9,109,0,0,0,0,9,109,0,0,9,109,California
Glenn,2020-12-26,2,111,2,111,0,0,0,0,2,111,0,0,2,111,California
Glenn,2020-12-27,4,115,4,115,0,0,0,0,4,115,0,0,4,115,California
Glenn,2020-12-28,21,136,21,136,0,0,0,0,21,136,0,0,21,136,California
Glenn,2020-12-29,82,218,82,218,0,0,0,0,82,218,0,0,82,218,California
Glenn,2020-12-30,129,347,106,324,23,23,0,0,129,347,0,0,129,347,California
Glenn,2020-12-31,38,385,9,333,29,52,0,0,38,385,0,0,38,385,California
Glenn,2021-01-02,2,387,2,335,0,52,0,0,2,387,0,0,2,387,California
Glenn,2021-01-04,7,394,5,340,2,54,0,0,7,394,0,0,7,394,California
Glenn,2021-01-05,9,403,8,348,1,55,0,0,9,403,0,0,9,403,California
Glenn,2021-01-06,60,463,8,356,52,107,0,0,60,463,0,0,60,463,California
Glenn,2021-01-07,67,530,12,368,55,162,0,0,65,526,2,2,65,528,California
Glenn,2021-01-08,12,542,9,377,3,165,0,0,12,538,0,2,12,540,California
Glenn,2021-01-10,1,543,1,378,0,165,0,0,0,537,1,3,0,540,California
Glenn,2021-01-11,30,573,30,408,0,165,0,0,12,531,18,21,12,552,California
Glenn,2021-01-12,42,615,37,445,5,170,0,0,14,517,28,49,14,566,California
Glenn,2021-01-13,152,767,87,532,65,235,0,0,108,581,44,93,108,674,California
Glenn,2021-01-14,185,952,96,628,89,324,0,0,175,746,10,103,175,849,California
Glenn,2021-01-15,42,994,34,662,8,332,0,0,37,778,5,108,37,886,California
Glenn,2021-01-16,34,1028,14,676,20,352,0,0,24,792,10,118,24,910,California
Glenn,2021-01-17,4,1032,2,678,2,354,0,0,2,792,2,120,2,912,California
Glenn,2021-01-18,17,1049,16,694,1,355,0,0,9,793,8,128,9,921,California
Glenn,2021-01-19,31,1080,20,714,11,366,0,0,14,790,17,145,14,935,California
Glenn,2021-01-20,163,1243,94,808,69,435,0,0,82,791,81,226,82,1017,California
Glenn,2021-01-21,124,1367,98,906,26,461,0,0,30,727,94,320,30,1047,California
Glenn,2021-01-22,339,1706,65,971,274,735,0,0,332,1052,7,327,332,1379,California
Glenn,2021-01-23,14,1720,7,978,7,742,0,0,12,1062,2,329,12,1391,California
Glenn,2021-01-24,2,1722,2,980,0,742,0,0,2,1064,0,329,2,1393,California
Glenn,2021-01-25,27,1749,9,989,18,760,0,0,24,1085,3,332,24,1417,California
Glenn,2021-01-26,29,1778,13,1002,16,776,0,0,23,1102,6,338,23,1440,California
Glenn,2021-01-27,188,1966,13,1015,175,951,0,0,166,1246,22,360,166,1606,California
Glenn,2021-01-28,146,2112,8,1023,138,1089,0,0,116,1332,30,390,116,1722,California
Glenn,2021-01-29,296,2408,12,1035,284,1373,0,0,282,1600,14,404,282,2004,California
Glenn,2021-01-30,4,2412,0,1035,4,1377,0,0,4,1604,0,404,4,2008,California
Glenn,2021-01-31,1,2413,0,1035,1,1378,0,0,1,1605,0,404,1,2009,California
Glenn,2021-02-01,28,2441,10,1045,18,1396,0,0,16,1609,12,416,16,2025,California
Glenn,2021-02-02,28,2469,13,1058,15,1411,0,0,19,1619,9,425,19,2044,California
Glenn,2021-02-03,206,2675,57,1115,149,1560,0,0,111,1636,95,520,112,2156,California
Glenn,2021-02-04,150,2825,84,1199,66,1626,0,0,45,1576,105,625,45,2201,California
Glenn,2021-02-05,319,3144,24,1223,295,1921,0,0,299,1855,20,645,299,2500,California
Glenn,2021-02-06,14,3158,2,1225,12,1933,0,0,13,1867,1,646,13,2513,California
Glenn,2021-02-07,2,3160,2,1227,0,1933,0,0,2,1869,0,646,2,2515,California
Glenn,2021-02-08,21,3181,17,1244,4,1937,0,0,4,1856,17,663,4,2519,California
Glenn,2021-02-09,49,3230,20,1264,29,1966,0,0,36,1879,13,676,36,2555,California
Glenn,2021-02-10,139,3369,19,1283,120,2086,0,0,65,1870,74,750,65,2620,California
Glenn,2021-02-11,233,3602,133,1416,100,2186,0,0,150,1937,83,833,150,2770,California
Glenn,2021-02-12,420,4022,99,1515,321,2507,0,0,354,2225,66,899,354,3124,California
Glenn,2021-02-13,34,4056,7,1522,27,2534,0,0,16,2223,18,917,16,3140,California
Glenn,2021-02-14,1,4057,0,1522,1,2535,0,0,1,2224,0,917,1,3141,California
Glenn,2021-02-15,8,4065,0,1522,8,2543,0,0,8,2232,0,917,8,3149,California
Glenn,2021-02-16,39,4104,9,1531,30,2573,0,0,21,2235,18,935,21,3170,California
Glenn,2021-02-17,380,4484,14,1545,366,2939,0,0,302,2459,78,1013,302,3472,California
Glenn,2021-02-18,135,4619,100,1645,35,2974,0,0,111,2546,24,1037,111,3583,California
Glenn,2021-02-19,303,4922,17,1662,286,3260,0,0,29,2301,274,1311,29,3612,California
Glenn,2021-02-20,8,4930,0,1662,8,3268,0,0,0,2293,8,1319,0,3612,California
Glenn,2021-02-22,33,4963,14,1676,19,3287,0,0,17,2294,16,1335,17,3629,California
Glenn,2021-02-23,40,5003,10,1686,30,3317,0,0,28,2310,12,1347,28,3657,California
Glenn,2021-02-24,221,5224,15,1701,206,3523,0,0,47,2183,174,1521,47,3704,California
Glenn,2021-02-25,262,5486,148,1849,114,3637,0,0,118,2157,144,1665,118,3822,California
Glenn,2021-02-26,304,5790,24,1873,280,3917,0,0,20,1894,283,1948,20,3842,California
Glenn,2021-02-27,15,5805,5,1878,10,3927,0,0,5,1890,9,1957,5,3847,California
Glenn,2021-02-28,6,5811,3,1881,3,3930,0,0,3,1891,2,1959,3,3850,California
Glenn,2021-03-01,28,5839,6,1887,22,3952,0,0,12,1887,16,1975,12,3862,California
Glenn,2021-03-02,35,5874,7,1894,28,3980,0,0,17,1886,18,1993,17,3879,California
Glenn,2021-03-03,192,6066,37,1931,155,4135,0,0,101,1898,89,2082,101,3980,California
Glenn,2021-03-04,521,6587,175,2106,346,4481,0,0,375,2127,146,2228,375,4355,California
Glenn,2021-03-05,356,6943,48,2154,308,4789,0,0,35,1841,321,2549,35,4390,California
Glenn,2021-03-06,26,6969,3,2157,22,4811,1,1,9,1834,17,2566,10,4400,California
Glenn,2021-03-07,5,6974,0,2157,5,4816,0,1,3,1836,1,2567,3,4403,California
Glenn,2021-03-08,20,6994,2,2159,17,4833,1,2,18,1853,2,2569,19,4422,California
Glenn,2021-03-09,82,7076,11,2170,68,4901,3,5,54,1881,28,2597,56,4478,California
Glenn,2021-03-10,172,7248,69,2239,101,5002,2,7,95,1901,77,2674,97,4575,California
Glenn,2021-03-11,584,7832,170,2409,391,5393,23,30,454,2248,130,2804,477,5052,California
Glenn,2021-03-12,418,8250,14,2423,342,5735,62,92,41,1974,377,3181,103,5155,California
Glenn,2021-03-13,12,8262,1,2424,3,5738,8,100,1,1972,11,3192,9,5164,California
Glenn,2021-03-14,3,8265,1,2425,2,5740,0,100,2,1973,1,3193,2,5166,California
Glenn,2021-03-15,75,8340,15,2440,55,5795,5,105,60,2023,15,3208,65,5231,California
Glenn,2021-03-16,107,8447,33,2473,63,5858,11,116,66,2059,41,3249,77,5308,California
Glenn,2021-03-17,416,8863,97,2570,312,6170,7,123,115,1878,301,3550,120,5428,California
Glenn,2021-03-18,521,9384,215,2785,50,6220,256,379,145,1902,376,3926,400,5828,California
Glenn,2021-03-19,92,9476,16,2801,70,6290,6,385,71,1959,20,3946,77,5905,California
Glenn,2021-03-20,121,9597,1,2802,119,6409,1,386,119,2077,2,3948,120,6025,California
Glenn,2021-03-21,6,9603,5,2807,0,6409,1,387,3,2079,2,3950,4,6029,California
Glenn,2021-03-22,117,9720,54,2861,55,6464,8,395,97,2166,18,3968,105,6134,California
Glenn,2021-03-23,173,9893,66,2927,56,6520,51,446,100,2245,72,4040,151,6285,California
Glenn,2021-03-24,205,10098,99,3026,101,6621,5,451,133,2312,71,4111,138,6423,California
Glenn,2021-03-25,458,10556,229,3255,135,6756,94,545,330,2609,127,4238,424,6847,California
Glenn,2021-03-26,229,10785,37,3292,156,6912,36,581,178,2772,51,4289,214,7061,California
Glenn,2021-03-27,151,10936,22,3314,124,7036,5,586,141,2908,10,4299,146,7207,California
Glenn,2021-03-28,15,10951,10,3324,5,7041,0,586,10,2913,5,4304,10,7217,California
Glenn,2021-03-29,60,11011,20,3344,37,7078,3,589,46,2948,14,4318,49,7266,California
Glenn,2021-03-30,74,11085,42,3386,31,7109,1,590,42,2961,30,4348,43,7309,California
Glenn,2021-03-31,125,11210,35,3421,89,7198,1,591,54,2946,70,4418,55,7364,California
Glenn,2021-04-01,644,11854,186,3607,449,7647,9,600,232,2777,410,4828,241,7605,California
Glenn,2021-04-02,159,12013,25,3632,122,7769,12,612,123,2876,36,4864,135,7740,California
Glenn,2021-04-03,91,12104,4,3636,80,7849,7,619,80,2952,11,4875,87,7827,California
Glenn,2021-04-04,8,12112,3,3639,3,7852,2,621,4,2954,4,4879,6,7833,California
Glenn,2021-04-05,65,12177,25,3664,27,7879,13,634,28,2958,37,4916,41,7874,California
Glenn,2021-04-06,144,12321,52,3716,53,7932,39,673,38,2929,105,5021,76,7950,California
Glenn,2021-04-07,159,12480,46,3762,59,7991,54,727,73,2970,86,5107,127,8077,California
Glenn,2021-04-08,641,13121,189,3951,418,8409,34,761,139,2643,500,5607,173,8250,California
Glenn,2021-04-09,157,13278,57,4008,84,8493,16,777,101,2704,56,5663,117,8367,California
Glenn,2021-04-10,73,13351,1,4009,61,8554,11,788,61,2764,12,5675,72,8439,California
Glenn,2021-04-11,17,13368,8,4017,4,8558,5,793,7,2766,10,5685,12,8451,California
Glenn,2021-04-12,114,13482,25,4042,60,8618,29,822,20,2721,94,5779,49,8500,California
Glenn,2021-04-13,118,13600,63,4105,55,8673,0,822,31,2666,86,5865,31,8531,California
Glenn,2021-04-14,123,13723,47,4152,76,8749,0,822,69,2681,54,5919,69,8600,California
Glenn,2021-04-15,361,14084,275,4427,86,8835,0,822,124,2568,237,6156,124,8724,California
Glenn,2021-04-16,164,14248,40,4467,124,8959,0,822,78,2560,86,6242,78,8802,California
Glenn,2021-04-17,166,14414,18,4485,148,9107,0,822,36,2473,123,6365,36,8838,California
Glenn,2021-04-18,16,14430,3,4488,13,9120,0,822,13,2483,3,6368,13,8851,California
Glenn,2021-04-19,82,14512,17,4505,65,9185,0,822,27,2456,54,6422,27,8878,California
Glenn,2021-04-20,125,14637,81,4586,44,9229,0,822,56,2443,69,6491,56,8934,California
Glenn,2021-04-21,412,15049,309,4895,103,9332,0,822,286,2603,126,6617,286,9220,California
Glenn,2021-04-22,208,15257,48,4943,160,9492,0,822,43,2482,164,6781,43,9263,California
Glenn,2021-04-23,178,15435,24,4967,154,9646,0,822,48,2401,129,6910,48,9311,California
Glenn,2021-04-24,179,15614,32,4999,147,9793,0,822,44,2310,135,7045,44,9355,California
Glenn,2021-04-25,28,15642,16,5015,12,9805,0,822,21,2324,7,7052,21,9376,California
Glenn,2021-04-26,44,15686,9,5024,35,9840,0,822,18,2316,26,7078,18,9394,California
Glenn,2021-04-27,52,15738,39,5063,8,9848,5,827,24,2317,27,7105,28,9422,California
Glenn,2021-04-28,255,15993,177,5240,67,9915,11,838,127,2327,128,7233,138,9560,California
Glenn,2021-04-29,181,16174,22,5262,157,10072,2,840,43,2234,138,7371,45,9605,California
Glenn,2021-04-30,156,16330,35,5297,119,10191,2,842,46,2172,110,7481,48,9653,California
Glenn,2021-05-01,108,16438,13,5310,94,10285,1,843,30,2125,78,7559,31,9684,California
Glenn,2021-05-02,30,16468,12,5322,9,10294,9,852,15,2134,15,7574,24,9708,California
Glenn,2021-05-03,36,16504,23,5345,12,10306,1,853,14,2127,22,7596,15,9723,California
Glenn,2021-05-04,57,16561,33,5378,19,10325,5,858,28,2131,29,7625,33,9756,California
Glenn,2021-05-05,122,16683,35,5413,77,10402,10,868,51,2121,71,7696,61,9817,California
Glenn,2021-05-06,106,16789,41,5454,60,10462,5,873,40,2100,66,7762,45,9862,California
Glenn,2021-05-07,120,16909,33,5487,78,10540,9,882,31,2052,88,7850,40,9902,California
Glenn,2021-05-08,66,16975,12,5499,50,10590,4,886,21,2033,44,7894,25,9927,California
Glenn,2021-05-09,17,16992,11,5510,6,10596,0,886,13,2042,4,7898,13,9940,California
Glenn,2021-05-10,36,17028,15,5525,16,10612,5,891,15,2041,21,7919,20,9960,California
Glenn,2021-05-11,75,17103,53,5578,13,10625,9,900,16,2007,59,7978,25,9985,California
Glenn,2021-05-12,313,17416,234,5812,67,10692,12,912,39,1784,274,8252,51,10036,California
Glenn,2021-05-13,91,17507,12,5824,67,10759,12,924,26,1757,65,8317,38,10074,California
Humboldt,2020-12-15,2,2,2,2,0,0,0,0,2,2,0,0,2,2,California
Humboldt,2020-12-16,15,17,15,17,0,0,0,0,15,17,0,0,15,17,California
Humboldt,2020-12-17,117,134,117,134,0,0,0,0,117,134,0,0,117,134,California
Humboldt,2020-12-18,177,311,177,311,0,0,0,0,177,311,0,0,177,311,California
Humboldt,2020-12-19,10,321,10,321,0,0,0,0,10,321,0,0,10,321,California
Humboldt,2020-12-20,28,349,28,349,0,0,0,0,28,349,0,0,28,349,California
Humboldt,2020-12-21,166,515,166,515,0,0,0,0,166,515,0,0,166,515,California
Humboldt,2020-12-22,297,812,297,812,0,0,0,0,297,812,0,0,297,812,California
Humboldt,2020-12-23,310,1122,262,1074,48,48,0,0,312,1124,0,0,312,1124,California
Humboldt,2020-12-24,25,1147,2,1076,23,71,0,0,25,1149,0,0,25,1149,California
Humboldt,2020-12-25,2,1149,2,1078,0,71,0,0,2,1151,0,0,2,1151,California
Humboldt,2020-12-26,6,1155,5,1083,1,72,0,0,6,1157,0,0,6,1157,California
Humboldt,2020-12-28,157,1312,145,1228,12,84,0,0,157,1314,0,0,157,1314,California
Humboldt,2020-12-29,171,1483,124,1352,47,131,0,0,171,1485,0,0,171,1485,California
Humboldt,2020-12-30,224,1707,124,1476,100,231,0,0,224,1709,0,0,224,1709,California
Humboldt,2020-12-31,242,1949,79,1555,163,394,0,0,242,1951,0,0,242,1951,California
Humboldt,2021-01-01,2,1951,1,1556,1,395,0,0,2,1953,0,0,2,1953,California
Humboldt,2021-01-02,38,1989,1,1557,37,432,0,0,38,1991,0,0,38,1991,California
Humboldt,2021-01-04,217,2206,142,1699,75,507,0,0,218,2209,0,0,218,2209,California
Humboldt,2021-01-05,129,2335,18,1717,111,618,0,0,128,2336,1,1,128,2337,California
Humboldt,2021-01-06,302,2637,204,1921,98,716,0,0,229,2504,61,62,229,2566,California
Humboldt,2021-01-07,423,3060,311,2232,112,828,0,0,309,2714,99,161,309,2875,California
Humboldt,2021-01-08,420,3480,281,2513,139,967,0,0,285,2868,131,292,285,3160,California
Humboldt,2021-01-09,69,3549,45,2558,24,991,0,0,66,2932,3,295,67,3227,California
Humboldt,2021-01-10,84,3633,84,2642,0,991,0,0,4,2856,80,375,4,3231,California
Humboldt,2021-01-11,289,3922,278,2920,11,1002,0,0,72,2715,213,588,72,3303,California
Humboldt,2021-01-12,482,4404,319,3239,163,1165,0,0,298,2851,162,750,298,3601,California
Humboldt,2021-01-13,490,4894,275,3514,215,1380,0,0,313,2991,174,924,314,3915,California
Humboldt,2021-01-14,522,5416,164,3678,358,1738,0,0,466,3402,56,980,467,4382,California
Humboldt,2021-01-15,375,5791,39,3717,336,2074,0,0,358,3743,17,997,358,4740,California
Humboldt,2021-01-16,170,5961,6,3723,164,2238,0,0,169,3911,1,998,169,4909,California
Humboldt,2021-01-17,6,5967,4,3727,2,2240,0,0,6,3917,0,998,6,4915,California
Humboldt,2021-01-18,294,6261,259,3986,35,2275,0,0,144,3911,150,1148,144,5059,California
Humboldt,2021-01-19,625,6886,372,4358,253,2528,0,0,498,4288,121,1269,498,5557,California
Humboldt,2021-01-20,916,7802,405,4763,511,3039,0,0,768,4918,140,1409,770,6327,California
Humboldt,2021-01-21,959,8761,261,5024,698,3737,0,0,917,5793,42,1451,917,7244,California
Humboldt,2021-01-22,676,9437,376,5400,300,4037,0,0,667,6452,9,1460,668,7912,California
Humboldt,2021-01-23,813,10250,272,5672,541,4578,0,0,804,7248,9,1469,805,8717,California
Humboldt,2021-01-24,227,10477,1,5673,226,4804,0,0,226,7473,1,1470,226,8943,California
Humboldt,2021-01-25,305,10782,233,5906,72,4876,0,0,149,7466,156,1626,149,9092,California
Humboldt,2021-01-26,525,11307,141,6047,384,5260,0,0,475,7891,50,1676,475,9567,California
Humboldt,2021-01-27,1260,12567,587,6634,673,5933,0,0,1194,9028,59,1735,1196,10763,California
Humboldt,2021-01-28,1457,14024,634,7268,823,6756,0,0,1320,10216,134,1869,1322,12085,California
Humboldt,2021-01-29,1131,15155,546,7814,585,7341,0,0,703,10492,428,2297,704,12789,California
Humboldt,2021-01-30,974,16129,457,8271,517,7858,0,0,961,11441,13,2310,962,13751,California
Humboldt,2021-01-31,313,16442,312,8583,1,7859,0,0,312,11752,1,2311,312,14063,California
Humboldt,2021-02-01,333,16775,192,8775,141,8000,0,0,189,11798,143,2454,189,14252,California
Humboldt,2021-02-02,444,17219,74,8849,370,8370,0,0,339,12037,102,2556,341,14593,California
Humboldt,2021-02-03,657,17876,257,9106,400,8770,0,0,507,12394,150,2706,507,15100,California
Humboldt,2021-02-04,638,18514,262,9368,376,9146,0,0,441,12641,194,2900,441,15541,California
Humboldt,2021-02-05,812,19326,94,9462,718,9864,0,0,626,13081,186,3086,626,16167,California
Humboldt,2021-02-06,1057,20383,446,9908,611,10475,0,0,1014,14054,42,3128,1015,17182,California
Humboldt,2021-02-07,378,20761,9,9917,369,10844,0,0,373,14424,4,3132,374,17556,California
Humboldt,2021-02-08,324,21085,142,10059,182,11026,0,0,183,14467,140,3272,183,17739,California
Humboldt,2021-02-09,494,21579,220,10279,274,11300,0,0,179,14331,315,3587,179,17918,California
Humboldt,2021-02-10,564,22143,371,10650,193,11493,0,0,233,14238,326,3913,233,18151,California
Humboldt,2021-02-11,1297,23440,395,11045,902,12395,0,0,500,13945,794,4707,501,18652,California
Humboldt,2021-02-12,1146,24586,736,11781,410,12805,0,0,706,14211,440,5147,706,19358,California
Humboldt,2021-02-13,1505,26091,557,12338,948,13753,0,0,916,14540,587,5734,916,20274,California
Humboldt,2021-02-14,112,26203,5,12343,107,13860,0,0,109,14647,2,5736,109,20383,California
Humboldt,2021-02-15,292,26495,78,12421,214,14074,0,0,195,14745,97,5833,195,20578,California
Humboldt,2021-02-16,534,27029,118,12539,416,14490,0,0,253,14718,281,6114,254,20832,California
Humboldt,2021-02-17,453,27482,281,12820,172,14662,0,0,137,14540,315,6429,137,20969,California
Humboldt,2021-02-18,969,28451,596,13416,373,15035,0,0,228,14029,739,7168,228,21197,California
Humboldt,2021-02-19,476,28927,434,13850,42,15077,0,0,89,13734,384,7552,89,21286,California
Humboldt,2021-02-20,1595,30522,983,14833,612,15689,0,0,475,13094,1117,8669,477,21763,California
Humboldt,2021-02-21,479,31001,471,15304,8,15697,0,0,183,12982,296,8965,184,21947,California
Humboldt,2021-02-22,127,31128,92,15396,35,15732,0,0,28,12913,97,9062,28,21975,California
Humboldt,2021-02-23,172,31300,70,15466,102,15834,0,0,40,12823,130,9192,40,22015,California
Humboldt,2021-02-24,1165,32465,705,16171,460,16294,0,0,587,12833,577,9769,587,22602,California
Humboldt,2021-02-25,832,33297,317,16488,515,16809,0,0,228,12459,602,10371,228,22830,California
Humboldt,2021-02-26,2144,35441,106,16594,2038,18847,0,0,450,11222,1688,12059,451,23281,California
Humboldt,2021-02-27,1693,37134,1075,17669,618,19465,0,0,869,11273,822,12881,873,24154,California
Humboldt,2021-02-28,121,37255,10,17679,111,19576,0,0,116,11384,5,12886,116,24270,California
Humboldt,2021-03-01,259,37514,47,17726,212,19788,0,0,184,11493,75,12961,184,24454,California
Humboldt,2021-03-02,287,37801,48,17774,239,20027,0,0,157,11520,130,13091,157,24611,California
Humboldt,2021-03-03,1655,39456,1098,18872,557,20584,0,0,1221,12315,427,13518,1222,25833,California
Humboldt,2021-03-04,899,40355,112,18984,787,21371,0,0,280,11978,619,14137,282,26115,California
Humboldt,2021-03-05,944,41299,183,19167,750,22121,11,11,387,11823,553,14690,398,26513,California
Humboldt,2021-03-06,1699,42998,841,20008,809,22930,49,60,714,11602,984,15674,763,27276,California
Humboldt,2021-03-07,364,43362,296,20304,50,22980,18,78,157,11570,207,15881,175,27451,California
Humboldt,2021-03-08,273,43635,7,20311,188,23168,78,156,179,11733,94,15975,257,27708,California
Humboldt,2021-03-09,481,44116,203,20514,130,23298,148,304,232,11866,247,16222,380,28088,California
Humboldt,2021-03-10,688,44804,466,20980,69,23367,153,457,419,12168,268,16490,570,28658,California
Humboldt,2021-03-11,1447,46251,463,21443,885,24252,99,556,629,12080,815,17305,727,29385,California
Humboldt,2021-03-12,1745,47996,1082,22525,441,24693,222,778,1053,12674,684,17989,1278,30663,California
Humboldt,2021-03-13,1570,49566,1022,23547,496,25189,52,830,676,12514,888,18877,728,31391,California
Humboldt,2021-03-14,142,49708,18,23565,115,25304,9,839,28,12437,114,18991,37,31428,California
Humboldt,2021-03-15,275,49983,51,23616,204,25508,20,859,59,12300,216,19207,79,31507,California
Humboldt,2021-03-16,635,50618,200,23816,174,25682,261,1120,260,12445,374,19581,519,32026,California
Humboldt,2021-03-17,732,51350,397,24213,227,25909,108,1228,339,12500,392,19973,447,32473,California
Humboldt,2021-03-18,1735,53085,1166,25379,526,26435,43,1271,1041,12895,689,20662,1084,33557,California
Humboldt,2021-03-19,1073,54158,58,25437,701,27136,314,1585,439,13016,631,21293,752,34309,California
Humboldt,2021-03-20,1375,55533,751,26188,611,27747,13,1598,428,12513,945,22238,442,34751,California
Humboldt,2021-03-21,248,55781,32,26220,187,27934,29,1627,203,12699,45,22283,231,34982,California
Humboldt,2021-03-22,115,55896,15,26235,50,27984,50,1677,58,12752,55,22338,108,35090,California
Humboldt,2021-03-23,410,56306,41,26276,326,28310,43,1720,319,13025,89,22427,362,35452,California
Humboldt,2021-03-24,1414,57720,389,26665,977,29287,48,1768,1037,13739,369,22796,1083,36535,California
Humboldt,2021-03-25,1832,59552,1207,27872,563,29850,62,1830,946,13863,884,23680,1008,37543,California
Humboldt,2021-03-26,2035,61587,437,28309,1542,31392,56,1886,1595,15078,435,24115,1650,39193,California
Humboldt,2021-03-27,1944,63531,1437,29746,338,31730,169,2055,1071,15450,868,24983,1240,40433,California
Humboldt,2021-03-28,267,63798,81,29827,115,31845,71,2126,85,15425,182,25165,157,40590,California
Humboldt,2021-03-29,468,64266,126,29953,247,32092,95,2221,199,15450,268,25433,293,40883,California
Humboldt,2021-03-30,939,65205,304,30257,521,32613,114,2335,564,15757,370,25803,677,41560,California
Humboldt,2021-03-31,1854,67059,517,30774,1241,33854,96,2431,1401,16807,450,26253,1500,43060,California
Humboldt,2021-04-01,2098,69157,705,31479,1301,35155,92,2523,1474,17755,617,26870,1565,44625,California
Humboldt,2021-04-02,1697,70854,1098,32577,495,35650,104,2627,598,17366,1093,27963,704,45329,California
Humboldt,2021-04-03,1662,72516,1502,34079,144,35794,16,2643,668,17066,984,28947,684,46013,California
Humboldt,2021-04-04,480,72996,369,34448,102,35896,9,2652,404,17404,76,29023,414,46427,California
Humboldt,2021-04-05,773,73769,458,34906,267,36163,48,2700,440,17561,331,29354,488,46915,California
Humboldt,2021-04-06,837,74606,317,35223,386,36549,134,2834,586,18034,245,29599,718,47633,California
Humboldt,2021-04-07,1486,76092,1056,36279,291,36840,139,2973,983,18655,501,30100,1122,48755,California
Humboldt,2021-04-08,1727,77819,1085,37364,484,37324,158,3131,735,18558,990,31090,893,49648,California
Humboldt,2021-04-09,1424,79243,431,37795,840,38164,153,3284,1140,19560,284,31374,1286,50934,California
Humboldt,2021-04-10,928,80171,136,37931,617,38781,175,3459,730,20267,196,31570,903,51837,California
Humboldt,2021-04-11,638,80809,137,38068,35,38816,466,3925,127,20348,511,32081,592,52429,California
Humboldt,2021-04-12,429,81238,222,38290,83,38899,124,4049,273,20589,156,32237,397,52826,California
Humboldt,2021-04-13,581,81819,322,38612,256,39155,3,4052,546,21106,31,32268,548,53374,California
Humboldt,2021-04-14,1414,83233,1025,39637,389,39544,0,4052,1303,22299,110,32378,1303,54677,California
Humboldt,2021-04-15,1809,85042,1194,40831,611,40155,4,4056,1242,22994,549,32927,1244,55921,California
Humboldt,2021-04-16,1122,86164,518,41349,604,40759,0,4056,540,22955,579,33506,540,56461,California
Humboldt,2021-04-17,1599,87763,1276,42625,323,41082,0,4056,1012,23386,581,34087,1012,57473,California
Humboldt,2021-04-18,596,88359,342,42967,253,41335,1,4057,93,22981,498,34585,93,57566,California
Humboldt,2021-04-19,185,88544,82,43049,103,41438,0,4057,70,22938,113,34698,70,57636,California
Humboldt,2021-04-20,472,89016,129,43178,343,41781,0,4057,230,22927,241,34939,230,57866,California
Humboldt,2021-04-21,1080,90096,374,43552,706,42487,0,4057,425,22708,645,35584,426,58292,California
Humboldt,2021-04-22,872,90968,520,44072,350,42837,2,4059,439,22716,431,36015,439,58731,California
Humboldt,2021-04-23,2149,93117,302,44374,1847,44684,0,4059,314,21198,1832,37847,314,59045,California
Humboldt,2021-04-24,1016,94133,875,45249,136,44820,5,4064,349,20887,665,38512,354,59399,California
Humboldt,2021-04-25,371,94504,236,45485,135,44955,0,4064,191,20901,177,38689,191,59590,California
Humboldt,2021-04-26,267,94771,187,45672,77,45032,3,4067,79,20795,186,38875,80,59670,California
Humboldt,2021-04-27,635,95406,192,45864,425,45457,18,4085,126,20432,507,39382,144,59814,California
Humboldt,2021-04-28,1526,96932,792,46656,690,46147,44,4129,397,19746,1127,40509,441,60255,California
Humboldt,2021-04-29,1722,98654,579,47235,1105,47252,38,4167,278,18622,1440,41949,316,60571,California
Humboldt,2021-04-30,1239,99893,387,47622,818,48070,34,4201,195,17811,1038,42987,227,60798,California
Humboldt,2021-05-01,457,100350,378,48000,57,48127,22,4223,284,17945,172,43159,306,61104,California
Humboldt,2021-05-02,227,100577,182,48182,36,48163,9,4232,113,17955,113,43272,123,61227,California
Humboldt,2021-05-03,608,101185,377,48559,207,48370,24,4256,96,17565,510,43782,120,61347,California
Humboldt,2021-05-04,801,101986,481,49040,276,48646,44,4300,245,17300,553,44335,288,61635,California
Humboldt,2021-05-05,1678,103664,1074,50114,547,49193,57,4357,178,16040,1493,45828,233,61868,California
Humboldt,2021-05-06,1649,105313,1041,51155,356,49549,252,4609,134,14914,1512,47340,386,62254,California
Humboldt,2021-05-07,1410,106723,304,51459,1047,50596,59,4668,236,14035,1172,48512,293,62547,California
Humboldt,2021-05-08,697,107420,105,51564,570,51166,22,4690,88,13537,608,49120,110,62657,California
Humboldt,2021-05-09,907,108327,855,52419,43,51209,9,4699,48,12735,859,49979,57,62714,California
Humboldt,2021-05-10,205,108532,36,52455,133,51342,36,4735,79,12724,126,50105,115,62829,California
Humboldt,2021-05-11,484,109016,144,52599,270,51612,70,4805,183,12676,301,50406,253,63082,California
Humboldt,2021-05-12,556,109572,117,52716,400,52012,39,4844,196,12551,360,50766,235,63317,California
Humboldt,2021-05-13,234,109806,81,52797,139,52151,14,4858,83,12497,151,50917,97,63414,California
Imperial,2020-12-16,1,1,1,1,0,0,0,0,1,1,0,0,1,1,California
Imperial,2020-12-17,4,5,4,5,0,0,0,0,4,5,0,0,4,5,California
Imperial,2020-12-18,12,17,12,17,0,0,0,0,12,17,0,0,12,17,California
Imperial,2020-12-20,2,19,2,19,0,0,0,0,2,19,0,0,2,19,California
Imperial,2020-12-21,186,205,186,205,0,0,0,0,186,205,0,0,186,205,California
Imperial,2020-12-22,241,446,239,444,2,2,0,0,241,446,0,0,241,446,California
Imperial,2020-12-23,210,656,209,653,1,3,0,0,209,655,0,0,209,655,California
Imperial,2020-12-24,5,661,5,658,0,3,0,0,5,660,0,0,5,660,California
Imperial,2020-12-26,1,662,0,658,1,4,0,0,1,661,0,0,1,661,California
Imperial,2020-12-27,62,724,0,658,62,66,0,0,62,723,0,0,62,723,California
Imperial,2020-12-28,214,938,114,772,100,166,0,0,214,937,0,0,214,937,California
Imperial,2020-12-29,189,1127,36,808,153,319,0,0,189,1126,0,0,189,1126,California
Imperial,2020-12-30,366,1493,50,858,316,635,0,0,366,1492,0,0,366,1492,California
Imperial,2020-12-31,197,1690,26,884,171,806,0,0,197,1689,0,0,197,1689,California
Imperial,2021-01-01,47,1737,5,889,42,848,0,0,47,1736,0,0,47,1736,California
Imperial,2021-01-02,4,1741,0,889,4,852,0,0,4,1740,0,0,4,1740,California
Imperial,2021-01-03,90,1831,0,889,90,942,0,0,90,1830,0,0,90,1830,California
Imperial,2021-01-04,85,1916,5,894,80,1022,0,0,85,1915,0,0,85,1915,California
Imperial,2021-01-05,173,2089,14,908,159,1181,0,0,173,2088,0,0,173,2088,California
Imperial,2021-01-06,190,2279,25,933,165,1346,0,0,189,2276,1,1,189,2277,California
Imperial,2021-01-07,321,2600,10,943,311,1657,0,0,318,2591,3,4,318,2595,California
Imperial,2021-01-08,192,2792,52,995,140,1797,0,0,182,2763,10,14,182,2777,California
Imperial,2021-01-09,24,2816,21,1016,3,1800,0,0,24,2787,0,14,24,2801,California
Imperial,2021-01-10,1,2817,0,1016,1,1801,0,0,1,2788,0,14,1,2802,California
Imperial,2021-01-11,402,3219,243,1259,159,1960,0,0,174,2734,228,242,174,2976,California
Imperial,2021-01-12,404,3623,302,1561,102,2062,0,0,142,2615,261,503,142,3118,California
Imperial,2021-01-13,379,4002,132,1693,247,2309,0,0,280,2796,99,602,280,3398,California
Imperial,2021-01-14,260,4262,151,1844,109,2418,0,0,254,3045,5,607,254,3652,California
Imperial,2021-01-15,241,4503,182,2026,59,2477,0,0,234,3272,7,614,234,3886,California
Imperial,2021-01-16,77,4580,73,2099,4,2481,0,0,76,3347,1,615,76,3962,California
Imperial,2021-01-17,10,4590,2,2101,8,2489,0,0,10,3357,0,615,10,3972,California
Imperial,2021-01-18,1053,5643,399,2500,654,3143,0,0,955,4215,98,713,956,4928,California
Imperial,2021-01-19,165,5808,129,2629,36,3179,0,0,118,4286,47,760,118,5046,California
Imperial,2021-01-20,292,6100,195,2824,97,3276,0,0,254,4502,38,798,254,5300,California
Imperial,2021-01-21,415,6515,183,3007,232,3508,0,0,395,4877,20,818,395,5695,California
Imperial,2021-01-22,457,6972,189,3196,268,3776,0,0,448,5316,9,827,448,6143,California
Imperial,2021-01-23,1040,8012,290,3486,750,4526,0,0,1039,6354,1,828,1039,7182,California
Imperial,2021-01-24,11,8023,4,3490,7,4533,0,0,11,6365,0,828,11,7193,California
Imperial,2021-01-25,213,8236,5,3495,208,4741,0,0,34,6221,178,1006,34,7227,California
Imperial,2021-01-26,360,8596,185,3680,175,4916,0,0,217,6295,143,1149,217,7444,California
Imperial,2021-01-27,570,9166,162,3842,408,5324,0,0,237,6199,333,1482,237,7681,California
Imperial,2021-01-28,633,9799,160,4002,473,5797,0,0,525,6616,108,1590,525,8206,California
Imperial,2021-01-29,424,10223,296,4298,128,5925,0,0,374,6940,50,1640,374,8580,California
Imperial,2021-01-30,56,10279,31,4329,25,5950,0,0,39,6962,17,1657,39,8619,California
Imperial,2021-01-31,17,10296,7,4336,10,5960,0,0,16,6977,1,1658,16,8635,California
Imperial,2021-02-01,420,10716,54,4390,366,6326,0,0,209,6977,209,1867,209,8844,California
Imperial,2021-02-02,680,11396,54,4444,626,6952,0,0,499,7295,181,2048,499,9343,California
Imperial,2021-02-03,457,11853,48,4492,409,7361,0,0,264,7367,192,2240,264,9607,California
Imperial,2021-02-04,1724,13577,1203,5695,521,7882,0,0,1408,8461,314,2554,1408,11015,California
Imperial,2021-02-05,389,13966,241,5936,148,8030,0,0,152,8378,235,2789,152,11167,California
Imperial,2021-02-06,860,14826,838,6774,22,8052,0,0,823,9165,36,2825,823,11990,California
Imperial,2021-02-07,21,14847,9,6783,12,8064,0,0,20,9184,1,2826,20,12010,California
Imperial,2021-02-08,249,15096,42,6825,207,8271,0,0,181,9297,68,2894,181,12191,California
Imperial,2021-02-09,463,15559,146,6971,317,8588,0,0,305,9444,158,3052,305,12496,California
Imperial,2021-02-10,386,15945,56,7027,330,8918,0,0,96,9251,290,3342,97,12593,California
Imperial,2021-02-11,465,16410,259,7286,206,9124,0,0,89,8964,376,3718,89,12682,California
Imperial,2021-02-12,2130,18540,1411,8697,719,9843,0,0,1778,10391,351,4069,1778,14460,California
Imperial,2021-02-13,42,18582,18,8715,24,9867,0,0,34,10418,8,4077,35,14495,California
Imperial,2021-02-14,24,18606,12,8727,12,9879,0,0,21,10436,3,4080,21,14516,California
Imperial,2021-02-15,32,18638,11,8738,21,9900,0,0,25,10454,7,4087,25,14541,California
Imperial,2021-02-16,514,19152,267,9005,247,10147,0,0,293,10526,221,4308,293,14834,California
Imperial,2021-02-17,439,19591,285,9290,154,10301,0,0,83,10253,356,4664,83,14917,California
Imperial,2021-02-18,646,20237,308,9598,338,10639,0,0,140,9889,504,5168,140,15057,California
Imperial,2021-02-19,767,21004,382,9980,385,11024,0,0,192,9507,574,5742,192,15249,California
Imperial,2021-02-20,1038,22042,191,10171,847,11871,0,0,325,9122,712,6454,327,15576,California
Imperial,2021-02-21,588,22630,554,10725,34,11905,0,0,577,9689,10,6464,577,16153,California
Imperial,2021-02-22,806,23436,567,11292,239,12144,0,0,757,10397,49,6513,757,16910,California
Imperial,2021-02-23,960,24396,395,11687,565,12709,0,0,907,11251,53,6566,907,17817,California
Imperial,2021-02-24,701,25097,285,11972,416,13125,0,0,604,11759,96,6662,604,18421,California
Imperial,2021-02-25,818,25915,339,12311,479,13604,0,0,452,11851,365,7027,457,18878,California
Imperial,2021-02-26,1745,27660,1351,13662,394,13998,0,0,1570,13249,173,7200,1571,20449,California
Imperial,2021-02-27,860,28520,811,14473,49,14047,0,0,121,12632,739,7939,122,20571,California
Imperial,2021-02-28,32,28552,20,14493,12,14059,0,0,22,12644,10,7949,22,20593,California
Imperial,2021-03-01,495,29047,295,14788,199,14258,1,1,429,13011,64,8013,431,21024,California
Imperial,2021-03-02,675,29722,247,15035,428,14686,0,1,385,13109,289,8302,387,21411,California
Imperial,2021-03-03,927,30649,49,15084,877,15563,1,2,558,13313,366,8668,570,21981,California
Imperial,2021-03-04,747,31396,77,15161,669,16232,1,3,485,13568,260,8928,515,22496,California
Imperial,2021-03-05,2573,33969,1939,17100,634,16866,0,3,1248,13496,1322,10250,1250,23746,California
Imperial,2021-03-06,690,34659,238,17338,452,17318,0,3,649,14111,38,10288,653,24399,California
Imperial,2021-03-07,75,34734,41,17379,34,17352,0,3,54,14145,21,10309,55,24454,California
Imperial,2021-03-08,415,35149,331,17710,49,17401,35,38,362,14490,52,10361,397,24851,California
Imperial,2021-03-09,681,35830,310,18020,124,17525,247,285,397,14849,284,10645,643,25494,California
Imperial,2021-03-10,684,36514,313,18333,266,17791,105,390,320,14911,363,11008,425,25919,California
Imperial,2021-03-11,1785,38299,477,18810,1116,18907,192,582,1184,15698,600,11608,1387,27306,California
Imperial,2021-03-12,3705,42004,2540,21350,979,19886,186,768,2105,16391,1598,13206,2291,29597,California
Imperial,2021-03-13,1144,43148,93,21443,828,20714,223,991,858,17192,284,13490,1085,30682,California
Imperial,2021-03-14,169,43317,31,21474,126,20840,12,1003,139,17314,30,13520,152,30834,California
Imperial,2021-03-15,671,43988,214,21688,198,21038,259,1262,374,17652,295,13815,633,31467,California
Imperial,2021-03-16,1069,45057,275,21963,341,21379,453,1715,533,18103,534,14349,985,32452,California
Imperial,2021-03-17,1571,46628,689,22652,745,22124,137,1852,992,18657,576,14925,1130,33582,California
Imperial,2021-03-18,1781,48409,1177,23829,544,22668,60,1912,1251,19442,528,15453,1313,34895,California
Imperial,2021-03-19,3337,51746,2446,26275,888,23556,3,1915,1501,19119,1828,17281,1505,36400,California
Imperial,2021-03-20,865,52611,550,26825,310,23866,5,1920,421,19111,440,17721,432,36832,California
Imperial,2021-03-21,217,52828,35,26860,178,24044,4,1924,159,19220,58,17779,167,36999,California
Imperial,2021-03-22,1047,53875,339,27199,701,24745,7,1931,623,19429,423,18202,632,37631,California
Imperial,2021-03-23,1390,55265,411,27610,972,25717,7,1938,890,19831,497,18699,899,38530,California
Imperial,2021-03-24,1870,57135,542,28152,901,26618,427,2365,899,20188,968,19667,1325,39855,California
Imperial,2021-03-25,2917,60052,508,28660,884,27502,1525,3890,1020,20832,1893,21560,2537,42392,California
Imperial,2021-03-26,2488,62540,880,29540,737,28239,871,4761,776,20775,1705,23265,1648,44040,California
Imperial,2021-03-27,597,63137,282,29822,263,28502,52,4813,436,21105,158,23423,488,44528,California
Imperial,2021-03-28,210,63347,51,29873,157,28659,2,4815,172,21242,37,23460,174,44702,California
Imperial,2021-03-29,1214,64561,348,30221,391,29050,475,5290,317,21140,895,24355,793,45495,California
Imperial,2021-03-30,1820,66381,675,30896,593,29643,552,5842,676,21225,1144,25499,1229,46724,California
Imperial,2021-03-31,1523,67904,712,31608,806,30449,5,5847,1006,21720,515,26014,1010,47734,California
Imperial,2021-04-01,1918,69822,400,32008,1276,31725,242,6089,838,21725,1074,27088,1079,48813,California
Imperial,2021-04-02,1267,71089,450,32458,743,32468,74,6163,750,22034,514,27602,823,49636,California
Imperial,2021-04-03,1497,72586,410,32868,1008,33476,79,6242,687,21993,807,28409,766,50402,California
Imperial,2021-04-04,84,72670,40,32908,28,33504,16,6258,25,21975,59,28468,41,50443,California
Imperial,2021-04-05,2116,74786,1284,34192,765,34269,67,6325,404,20743,1704,30172,472,50915,California
Imperial,2021-04-06,1293,76079,526,34718,578,34847,189,6514,680,21003,610,30782,870,51785,California
Imperial,2021-04-07,2149,78228,549,35267,1224,36071,376,6890,1540,22313,606,31388,1916,53701,California
Imperial,2021-04-08,2185,80413,1071,36338,820,36891,294,7184,1077,22577,1105,32493,1369,55070,California
Imperial,2021-04-09,2146,82559,634,36972,896,37787,616,7800,836,22721,1306,33799,1450,56520,California
Imperial,2021-04-10,1276,83835,184,37156,821,38608,271,8071,215,22146,1059,34858,484,57004,California
Imperial,2021-04-11,219,84054,30,37186,157,38765,32,8103,76,22111,143,35001,108,57112,California
Imperial,2021-04-12,1414,85468,764,37950,430,39195,220,8323,797,22515,613,35614,1017,58129,California
Imperial,2021-04-13,2743,88211,1891,39841,850,40045,2,8325,2037,23850,702,36316,2037,60166,California
Imperial,2021-04-14,2007,90218,940,40781,1067,41112,0,8325,1419,24687,583,36899,1420,61586,California
Imperial,2021-04-15,1966,92184,908,41689,1058,42170,0,8325,1379,25484,584,37483,1381,62967,California
Imperial,2021-04-16,2354,94538,1186,42875,1168,43338,0,8325,1433,26005,912,38395,1433,64400,California
Imperial,2021-04-17,1812,96350,934,43809,876,44214,2,8327,1428,27057,379,38774,1431,65831,California
Imperial,2021-04-18,250,96600,69,43878,181,44395,0,8327,90,26988,159,38933,90,65921,California
Imperial,2021-04-19,827,97427,263,44141,564,44959,0,8327,488,27142,338,39271,492,66413,California
Imperial,2021-04-20,1312,98739,518,44659,794,45753,0,8327,770,27375,538,39809,771,67184,California
Imperial,2021-04-21,1363,100102,336,44995,1027,46780,0,8327,822,27659,538,40347,822,68006,California
Imperial,2021-04-22,2040,102142,785,45780,1255,48035,0,8327,1438,28505,594,40941,1440,69446,California
Imperial,2021-04-23,1680,103822,414,46194,1266,49301,0,8327,884,28621,772,41713,888,70334,California
Imperial,2021-04-24,534,104356,315,46509,219,49520,0,8327,206,28501,326,42039,206,70540,California
Imperial,2021-04-25,263,104619,96,46605,167,49687,0,8327,135,28509,127,42166,135,70675,California
Imperial,2021-04-26,1109,105728,446,47051,660,50347,3,8330,675,28757,430,42596,678,71353,California
Imperial,2021-04-27,967,106695,338,47389,621,50968,8,8338,486,28772,479,43075,494,71847,California
Imperial,2021-04-28,1302,107997,594,47983,682,51650,26,8364,626,28752,672,43747,652,72499,California
Imperial,2021-04-29,1739,109736,847,48830,846,52496,46,8410,793,28653,939,44686,840,73339,California
Imperial,2021-04-30,1418,111154,728,49558,660,53156,30,8440,1021,29312,392,45078,1051,74390,California
Imperial,2021-05-01,302,111456,116,49674,184,53340,2,8442,154,29321,148,45226,157,74547,California
Imperial,2021-05-02,83,111539,25,49699,56,53396,2,8444,53,29347,30,45256,56,74603,California
Imperial,2021-05-03,1554,113093,542,50241,966,54362,46,8490,352,28552,1194,46450,399,75002,California
Imperial,2021-05-04,1597,114690,856,51097,720,55082,21,8511,472,27925,1121,47571,494,75496,California
Imperial,2021-05-05,1467,116157,888,51985,559,55641,20,8531,433,27353,1026,48597,454,75950,California
Imperial,2021-05-06,1580,117737,1109,53094,441,56082,30,8561,513,26833,1063,49660,543,76493,California
Imperial,2021-05-07,1526,119263,920,54014,568,56650,38,8599,624,26599,896,50556,662,77155,California
Imperial,2021-05-08,443,119706,312,54326,123,56773,8,8607,139,26450,296,50852,147,77302,California
Imperial,2021-05-09,92,119798,61,54387,30,56803,1,8608,30,26422,59,50911,31,77333,California
Imperial,2021-05-10,513,120311,192,54579,231,57034,90,8698,205,26412,304,51215,294,77627,California
Imperial,2021-05-11,943,121254,374,54953,553,57587,16,8714,355,26203,582,51797,373,78000,California
Imperial,2021-05-12,654,121908,242,55195,377,57964,35,8749,242,26072,408,52205,277,78277,California
Imperial,2021-05-13,968,122876,691,55886,232,58196,45,8794,395,25944,568,52773,440,78717,California
Inyo,2020-12-19,85,85,85,85,0,0,0,0,85,85,0,0,85,85,California
Inyo,2020-12-20,58,143,58,143,0,0,0,0,58,143,0,0,58,143,California
Inyo,2020-12-21,88,231,85,228,3,3,0,0,88,231,0,0,88,231,California
Inyo,2020-12-22,105,336,105,333,0,3,0,0,105,336,0,0,105,336,California
Inyo,2020-12-23,70,406,67,400,3,6,0,0,70,406,0,0,70,406,California
Inyo,2020-12-24,16,422,16,416,0,6,0,0,16,422,0,0,16,422,California
Inyo,2020-12-25,1,423,0,416,1,7,0,0,1,423,0,0,1,423,California
Inyo,2020-12-26,74,497,74,490,0,7,0,0,74,497,0,0,74,497,California
Inyo,2020-12-28,48,545,36,526,12,19,0,0,48,545,0,0,48,545,California
Inyo,2020-12-29,19,564,19,545,0,19,0,0,19,564,0,0,19,564,California
Inyo,2020-12-30,56,620,54,599,2,21,0,0,56,620,0,0,56,620,California
Inyo,2020-12-31,29,649,0,599,29,50,0,0,29,649,0,0,29,649,California
Inyo,2021-01-01,1,650,0,599,1,51,0,0,1,650,0,0,1,650,California
Inyo,2021-01-03,1,651,0,599,1,52,0,0,1,651,0,0,1,651,California
Inyo,2021-01-04,2,653,1,600,1,53,0,0,2,653,0,0,2,653,California
Inyo,2021-01-05,34,687,0,600,34,87,0,0,34,687,0,0,34,687,California
Inyo,2021-01-06,68,755,0,600,68,155,0,0,68,755,0,0,68,755,California
Inyo,2021-01-07,31,786,1,601,30,185,0,0,31,786,0,0,31,786,California
Inyo,2021-01-08,9,795,8,609,1,186,0,0,4,786,5,5,5,791,California
Inyo,2021-01-09,87,882,86,695,1,187,0,0,1,701,86,91,1,792,California
Inyo,2021-01-10,52,934,52,747,0,187,0,0,0,649,52,143,0,792,California
Inyo,2021-01-11,97,1031,82,829,15,202,0,0,16,584,81,224,16,808,California
Inyo,2021-01-12,139,1170,118,947,21,223,0,0,28,501,111,335,28,836,California
Inyo,2021-01-13,86,1256,68,1015,18,241,0,0,21,458,65,400,22,858,California
Inyo,2021-01-14,59,1315,13,1028,46,287,0,0,49,497,10,410,49,907,California
Inyo,2021-01-15,163,1478,28,1056,135,422,0,0,163,660,0,410,163,1070,California
Inyo,2021-01-16,74,1552,73,1129,1,423,0,0,1,588,73,483,1,1071,California
Inyo,2021-01-18,58,1610,36,1165,22,445,0,0,19,568,39,522,19,1090,California
Inyo,2021-01-19,114,1724,72,1237,42,487,0,0,97,648,17,539,97,1187,California
Inyo,2021-01-20,147,1871,71,1308,76,563,0,0,93,687,54,593,93,1280,California
Inyo,2021-01-21,121,1992,57,1365,64,627,0,0,120,806,1,594,120,1400,California
Inyo,2021-01-22,62,2054,0,1365,62,689,0,0,61,866,1,595,61,1461,California
Inyo,2021-01-23,52,2106,52,1417,0,689,0,0,52,918,0,595,52,1513,California
Inyo,2021-01-25,49,2155,6,1423,43,732,0,0,37,943,12,607,37,1550,California
Inyo,2021-01-26,135,2290,54,1477,81,813,0,0,129,1066,6,613,129,1679,California
Inyo,2021-01-27,24,2314,2,1479,22,835,0,0,23,1088,1,614,23,1702,California
Inyo,2021-01-28,92,2406,2,1481,90,925,0,0,63,1122,29,643,63,1765,California
Inyo,2021-01-29,25,2431,3,1484,22,947,0,0,23,1143,2,645,23,1788,California
Inyo,2021-01-30,11,2442,1,1485,10,957,0,0,11,1154,0,645,11,1799,California
Inyo,2021-01-31,32,2474,4,1489,28,985,0,0,4,1130,28,673,4,1803,California
Inyo,2021-02-01,10,2484,9,1498,1,986,0,0,0,1120,10,683,0,1803,California
Inyo,2021-02-02,130,2614,14,1512,116,1102,0,0,104,1198,26,709,104,1907,California
Inyo,2021-02-03,116,2730,0,1512,116,1218,0,0,74,1230,42,751,74,1981,California
Inyo,2021-02-04,149,2879,31,1543,118,1336,0,0,90,1261,59,810,90,2071,California
Inyo,2021-02-05,117,2996,61,1604,56,1392,0,0,115,1374,2,812,115,2186,California
Inyo,2021-02-06,4,3000,2,1606,2,1394,0,0,3,1376,1,813,3,2189,California
Inyo,2021-02-07,4,3004,2,1608,2,1396,0,0,4,1380,0,813,4,2193,California
Inyo,2021-02-08,117,3121,7,1615,110,1506,0,0,97,1457,20,833,97,2290,California
Inyo,2021-02-09,195,3316,52,1667,143,1649,0,0,124,1510,71,904,124,2414,California
Inyo,2021-02-10,143,3459,18,1685,125,1774,0,0,109,1585,34,938,109,2523,California
Inyo,2021-02-11,220,3679,56,1741,164,1938,0,0,126,1617,94,1032,126,2649,California
Inyo,2021-02-12,299,3978,51,1792,248,2186,0,0,167,1652,132,1164,167,2816,California
Inyo,2021-02-13,60,4038,55,1847,5,2191,0,0,8,1608,52,1216,8,2824,California
Inyo,2021-02-14,1,4039,0,1847,1,2192,0,0,1,1609,0,1216,1,2825,California
Inyo,2021-02-15,29,4068,9,1856,20,2212,0,0,5,1590,24,1240,5,2830,California
Inyo,2021-02-16,179,4247,50,1906,129,2341,0,0,92,1596,86,1326,92,2922,California
Inyo,2021-02-17,38,4285,4,1910,34,2375,0,0,8,1574,30,1356,8,2930,California
Inyo,2021-02-18,123,4408,6,1916,117,2492,0,0,79,1609,44,1400,79,3009,California
Inyo,2021-02-19,52,4460,4,1920,48,2540,0,0,9,1575,43,1443,9,3018,California
Inyo,2021-02-20,504,4964,500,2420,4,2544,0,0,502,2075,2,1445,502,3520,California
Inyo,2021-02-21,267,5231,267,2687,0,2544,0,0,267,2342,0,1445,267,3787,California
Inyo,2021-02-22,61,5292,19,2706,42,2586,0,0,27,2335,34,1479,27,3814,California
Inyo,2021-02-23,198,5490,20,2726,178,2764,0,0,94,2326,103,1582,94,3908,California
Inyo,2021-02-24,118,5608,0,2726,118,2882,0,0,57,2322,61,1643,57,3965,California
Inyo,2021-02-25,130,5738,3,2729,127,3009,0,0,62,2316,68,1711,62,4027,California
Inyo,2021-02-26,103,5841,60,2789,43,3052,0,0,19,2251,84,1795,19,4046,California
Inyo,2021-02-27,15,5856,4,2793,11,3063,0,0,3,2242,12,1807,3,4049,California
Inyo,2021-02-28,3,5859,1,2794,2,3065,0,0,2,2243,1,1808,2,4051,California
Inyo,2021-03-01,19,5878,2,2796,17,3082,0,0,17,2258,2,1810,17,4068,California
Inyo,2021-03-02,196,6074,1,2797,195,3277,0,0,111,2284,85,1895,111,4179,California
Inyo,2021-03-03,84,6158,3,2800,81,3358,0,0,40,2280,44,1939,40,4219,California
Inyo,2021-03-04,128,6286,4,2804,124,3482,0,0,46,2244,82,2021,46,4265,California
Inyo,2021-03-05,141,6427,56,2860,85,3567,0,0,38,2179,103,2124,38,4303,California
Inyo,2021-03-06,31,6458,1,2861,30,3597,0,0,30,2208,1,2125,30,4333,California
Inyo,2021-03-07,7,6465,4,2865,3,3600,0,0,5,2211,2,2127,5,4338,California
Inyo,2021-03-08,182,6647,5,2870,177,3777,0,0,91,2211,91,2218,91,4429,California
Inyo,2021-03-09,187,6834,2,2872,185,3962,0,0,71,2166,116,2334,71,4500,California
Inyo,2021-03-10,70,6904,8,2880,61,4023,1,1,30,2157,40,2374,31,4531,California
Inyo,2021-03-11,204,7108,1,2881,198,4221,5,6,74,2106,130,2504,79,4610,California
Inyo,2021-03-12,175,7283,4,2885,166,4387,5,11,77,2090,98,2602,82,4692,California
Inyo,2021-03-13,576,7859,541,3426,25,4412,10,21,77,1679,498,3100,87,4779,California
Inyo,2021-03-14,431,8290,430,3856,1,4413,0,21,168,1585,262,3362,168,4947,California
Inyo,2021-03-15,51,8341,15,3871,34,4447,2,23,30,1596,21,3383,32,4979,California
Inyo,2021-03-16,163,8504,4,3875,153,4600,6,29,63,1566,99,3482,69,5048,California
Inyo,2021-03-17,108,8612,3,3878,98,4698,7,36,92,1649,16,3498,99,5147,California
Inyo,2021-03-18,184,8796,15,3893,162,4860,7,43,103,1678,81,3579,110,5257,California
Inyo,2021-03-19,46,8842,4,3897,38,4898,4,47,36,1708,10,3589,40,5297,California
Inyo,2021-03-20,20,8862,1,3898,10,4908,9,56,1,1699,19,3608,10,5307,California
Inyo,2021-03-22,59,8921,2,3900,52,4960,5,61,39,1723,20,3628,44,5351,California
Inyo,2021-03-23,194,9115,4,3904,186,5146,4,65,104,1741,90,3718,108,5459,California
Inyo,2021-03-24,140,9255,3,3907,133,5279,4,69,87,1779,53,3771,91,5550,California
Inyo,2021-03-25,325,9580,104,4011,217,5496,4,73,259,1976,66,3837,263,5813,California
Inyo,2021-03-26,91,9671,3,4014,84,5580,4,77,71,2031,20,3857,75,5888,California
Inyo,2021-03-27,52,9723,44,4058,5,5585,3,80,46,2074,6,3863,49,5937,California
Inyo,2021-03-28,4,9727,1,4059,2,5587,1,81,1,2073,3,3866,2,5939,California
Inyo,2021-03-29,109,9836,2,4061,102,5689,5,86,82,2134,26,3892,87,6026,California
Inyo,2021-03-30,212,10048,2,4063,205,5894,5,91,101,2129,111,4003,106,6132,California
Inyo,2021-03-31,148,10196,4,4067,139,6033,5,96,107,2200,41,4044,112,6244,California
Inyo,2021-04-01,164,10360,4,4071,159,6192,1,97,115,2267,49,4093,116,6360,California
Inyo,2021-04-02,80,10440,1,4072,77,6269,2,99,51,2291,29,4122,53,6413,California
Inyo,2021-04-03,94,10534,47,4119,33,6302,14,113,6,2224,86,4208,19,6432,California
Inyo,2021-04-04,5,10539,4,4123,0,6302,1,114,1,2222,4,4212,2,6434,California
Inyo,2021-04-05,117,10656,1,4124,112,6414,4,118,29,2167,88,4300,33,6467,California
Inyo,2021-04-06,236,10892,6,4130,167,6581,63,181,105,2204,131,4431,168,6635,California
Inyo,2021-04-07,201,11093,2,4132,73,6654,126,307,46,2220,156,4587,172,6807,California
Inyo,2021-04-08,178,11271,15,4147,146,6800,17,324,80,2219,98,4685,97,6904,California
Inyo,2021-04-09,125,11396,7,4154,95,6895,23,347,38,2194,86,4771,61,6965,California
Inyo,2021-04-10,42,11438,1,4155,24,6919,17,364,3,2175,39,4810,20,6985,California
Inyo,2021-04-11,1,11439,0,4155,1,6920,0,364,1,2176,0,4810,1,6986,California
Inyo,2021-04-12,80,11519,0,4155,75,6995,5,369,41,2183,39,4849,46,7032,California
Inyo,2021-04-13,119,11638,3,4158,113,7108,3,372,61,2190,57,4906,64,7096,California
Inyo,2021-04-14,126,11764,1,4159,125,7233,0,372,42,2148,84,4990,42,7138,California
Inyo,2021-04-15,273,12037,115,4274,158,7391,0,372,83,2041,190,5180,83,7221,California
Inyo,2021-04-16,49,12086,6,4280,43,7434,0,372,21,2034,28,5208,21,7242,California
Inyo,2021-04-17,2,12088,1,4281,1,7435,0,372,1,2034,1,5209,1,7243,California
Inyo,2021-04-19,130,12218,43,4324,87,7522,0,372,44,1992,86,5295,44,7287,California
Inyo,2021-04-20,164,12382,3,4327,161,7683,0,372,81,1990,83,5378,81,7368,California
Inyo,2021-04-21,113,12495,4,4331,109,7792,0,372,32,1941,81,5459,32,7400,California
Inyo,2021-04-22,196,12691,1,4332,195,7987,0,372,52,1849,144,5603,52,7452,California
Inyo,2021-04-23,95,12786,4,4336,91,8078,0,372,22,1798,73,5676,22,7474,California
Inyo,2021-04-24,310,13096,309,4645,1,8079,0,372,305,2098,5,5681,305,7779,California
Inyo,2021-04-25,136,13232,135,4780,1,8080,0,372,136,2234,0,5681,136,7915,California
Inyo,2021-04-26,67,13299,0,4780,66,8146,1,373,8,2184,59,5740,9,7924,California
Inyo,2021-04-27,164,13463,7,4787,152,8298,5,378,47,2119,117,5857,52,7976,California
Inyo,2021-04-28,121,13584,2,4789,117,8415,2,380,20,2040,101,5958,22,7998,California
Inyo,2021-04-29,172,13756,56,4845,116,8531,0,380,79,2027,92,6050,79,8077,California
Inyo,2021-04-30,85,13841,5,4850,79,8610,1,381,24,1991,61,6111,25,8102,California
Inyo,2021-05-01,11,13852,3,4853,8,8618,0,381,9,1998,2,6113,9,8111,California
Inyo,2021-05-02,7,13859,3,4856,2,8620,2,383,4,2001,3,6116,6,8117,California
Inyo,2021-05-03,38,13897,1,4857,33,8653,4,387,5,1977,33,6149,9,8126,California
Inyo,2021-05-04,121,14018,2,4859,115,8768,4,391,23,1906,98,6247,27,8153,California
Inyo,2021-05-05,35,14053,0,4859,33,8801,2,393,11,1895,24,6271,13,8166,California
Inyo,2021-05-06,93,14146,5,4864,80,8881,8,401,13,1836,80,6351,21,8187,California
Inyo,2021-05-07,48,14194,4,4868,36,8917,8,409,24,1845,23,6374,32,8219,California
Inyo,2021-05-08,11,14205,2,4870,4,8921,5,414,4,1847,7,6381,9,8228,California
Inyo,2021-05-09,1,14206,0,4870,1,8922,0,414,0,1846,1,6382,0,8228,California
Inyo,2021-05-10,69,14275,1,4871,66,8988,2,416,30,1840,39,6421,33,8261,California
Inyo,2021-05-11,87,14362,1,4872,83,9071,3,419,20,1796,67,6488,23,8284,California
Inyo,2021-05-12,43,14405,2,4874,39,9110,2,421,10,1776,32,6520,12,8296,California
Inyo,2021-05-13,53,14458,1,4875,51,9161,1,422,5,1734,48,6568,6,8302,California
Kern,2020-12-15,1,1,1,1,0,0,0,0,1,1,0,0,1,1,California
Kern,2020-12-16,18,19,18,19,0,0,0,0,18,19,0,0,18,19,California
Kern,2020-12-17,163,182,163,182,0,0,0,0,163,182,0,0,163,182,California
Kern,2020-12-18,322,504,322,504,0,0,0,0,322,504,0,0,322,504,California
Kern,2020-12-19,98,602,98,602,0,0,0,0,99,603,0,0,99,603,California
Kern,2020-12-20,61,663,61,663,0,0,0,0,61,664,0,0,61,664,California
Kern,2020-12-21,671,1334,670,1333,1,1,0,0,671,1335,0,0,671,1335,California
Kern,2020-12-22,530,1864,527,1860,3,4,0,0,530,1865,0,0,530,1865,California
Kern,2020-12-23,555,2419,417,2277,138,142,0,0,555,2420,0,0,555,2420,California
Kern,2020-12-24,122,2541,43,2320,79,221,0,0,122,2542,0,0,122,2542,California
Kern,2020-12-25,1,2542,1,2321,0,221,0,0,1,2543,0,0,1,2543,California
Kern,2020-12-26,33,2575,1,2322,32,253,0,0,33,2576,0,0,33,2576,California
Kern,2020-12-27,35,2610,3,2325,32,285,0,0,35,2611,0,0,35,2611,California
Kern,2020-12-28,827,3437,663,2988,164,449,0,0,827,3438,0,0,827,3438,California
Kern,2020-12-29,745,4182,452,3440,293,742,0,0,744,4181,1,1,744,4182,California
Kern,2020-12-30,1203,5385,910,4350,293,1035,0,0,1203,5384,0,1,1203,5385,California
Kern,2020-12-31,277,5662,99,4449,178,1213,0,0,277,5661,0,1,277,5662,California
Kern,2021-01-01,13,5675,6,4455,7,1220,0,0,13,5674,0,1,13,5675,California
Kern,2021-01-02,78,5753,18,4473,60,1280,0,0,78,5752,0,1,78,5753,California
Kern,2021-01-03,23,5776,4,4477,19,1299,0,0,23,5775,0,1,23,5776,California
Kern,2021-01-04,554,6330,360,4837,194,1493,0,0,554,6329,0,1,554,6330,California
Kern,2021-01-05,1134,7464,739,5576,395,1888,0,0,1122,7439,12,13,1122,7452,California
Kern,2021-01-06,1167,8631,455,6031,712,2600,0,0,1137,8546,30,43,1137,8589,California
Kern,2021-01-07,1406,10037,493,6524,913,3513,0,0,1238,9617,167,210,1238,9827,California
Kern,2021-01-08,1628,11665,768,7292,860,4373,0,0,1330,10649,299,509,1331,11158,California
Kern,2021-01-09,226,11891,77,7369,149,4522,0,0,192,10807,34,543,192,11350,California
Kern,2021-01-10,194,12085,148,7517,46,4568,0,0,153,10919,41,584,153,11503,California
Kern,2021-01-11,1556,13641,984,8501,572,5140,0,0,1001,11365,555,1139,1001,12504,California
Kern,2021-01-12,1868,15509,810,9311,1058,6198,0,0,1357,12211,511,1650,1357,13861,California
Kern,2021-01-13,1852,17361,869,10180,983,7181,0,0,1432,13223,420,2070,1432,15293,California
Kern,2021-01-14,2184,19545,645,10825,1539,8720,0,0,2139,15316,46,2116,2139,17432,California
Kern,2021-01-15,2705,22250,858,11683,1847,10567,0,0,2608,17830,95,2211,2609,20041,California
Kern,2021-01-16,671,22921,213,11896,458,11025,0,0,636,18431,35,2246,636,20677,California
Kern,2021-01-17,73,22994,7,11903,66,11091,0,0,71,18500,2,2248,71,20748,California
Kern,2021-01-18,1645,24639,659,12562,986,12077,0,0,1477,19809,168,2416,1477,22225,California
Kern,2021-01-19,1855,26494,1035,13597,820,12897,0,0,1388,20731,467,2883,1389,23614,California
Kern,2021-01-20,2555,29049,1620,15217,935,13832,0,0,1854,21891,696,3579,1856,25470,California
Kern,2021-01-21,2168,31217,922,16139,1246,15078,0,0,1972,23668,195,3774,1972,27442,California
Kern,2021-01-22,2711,33928,1293,17432,1418,16496,0,0,2433,25824,277,4051,2433,29875,California
Kern,2021-01-23,1244,35172,535,17967,709,17205,0,0,1198,26976,46,4097,1198,31073,California
Kern,2021-01-24,160,35332,18,17985,142,17347,0,0,154,27124,6,4103,154,31227,California
Kern,2021-01-25,2385,37717,1086,19071,1299,18646,0,0,1901,28543,483,4586,1902,33129,California
Kern,2021-01-26,2770,40487,1129,20200,1641,20287,0,0,1912,29598,857,5443,1912,35041,California
Kern,2021-01-27,3564,44051,1907,22107,1657,21944,0,0,2863,31763,698,6141,2863,37904,California
Kern,2021-01-28,2865,46916,1354,23461,1511,23455,0,0,2431,33768,429,6570,2434,40338,California
Kern,2021-01-29,3788,50704,1808,25269,1980,25435,0,0,3241,36465,544,7114,3241,43579,California
Kern,2021-01-30,1325,52029,497,25766,828,26263,0,0,1277,37696,46,7160,1277,44856,California
Kern,2021-01-31,403,52432,276,26042,127,26390,0,0,268,37829,135,7295,268,45124,California
Kern,2021-02-01,2409,54841,818,26860,1591,27981,0,0,1858,39140,548,7843,1859,46983,California
Kern,2021-02-02,2923,57764,973,27833,1950,29931,0,0,2060,40338,863,8706,2061,49044,California
Kern,2021-02-03,3659,61423,1548,29381,2111,32042,0,0,2690,42066,962,9668,2690,51734,California
Kern,2021-02-04,3804,65227,1452,30833,2352,34394,0,0,2589,43451,1204,10872,2589,54323,California
Kern,2021-02-05,4849,70076,1988,32821,2861,37255,0,0,3090,44801,1740,12612,3090,57413,California
Kern,2021-02-06,1735,71811,767,33588,968,38223,0,0,1511,46091,221,12833,1511,58924,California
Kern,2021-02-07,283,72094,151,33739,132,38355,0,0,267,46344,14,12847,267,59191,California
Kern,2021-02-08,2562,74656,788,34527,1774,40129,0,0,1253,46307,1291,14138,1254,60445,California
Kern,2021-02-09,3040,77696,988,35515,2052,42181,0,0,1467,46210,1564,15702,1467,61912,California
Kern,2021-02-10,3787,81483,1659,37174,2128,44309,0,0,1873,46186,1898,17600,1874,63786,California
Kern,2021-02-11,4261,85744,1536,38710,2725,47034,0,0,2224,46387,2024,19624,2225,66011,California
Kern,2021-02-12,4951,90695,1892,40602,3059,50093,0,0,2478,46406,2459,22083,2478,68489,California
Kern,2021-02-13,2010,92705,728,41330,1282,51375,0,0,1165,46728,843,22926,1165,69654,California
Kern,2021-02-14,351,93056,12,41342,339,51714,0,0,270,46918,80,23006,270,69924,California
Kern,2021-02-15,2735,95791,889,42231,1846,53560,0,0,1204,46599,1523,24529,1204,71128,California
Kern,2021-02-16,2942,98733,720,42951,2222,55782,0,0,1652,46972,1280,25809,1653,72781,California
Kern,2021-02-17,4069,102802,2078,45029,1991,57773,0,0,1926,46762,2137,27946,1927,74708,California
Kern,2021-02-18,3751,106553,1482,46511,2269,60042,0,0,1616,46256,2122,30068,1616,76324,California
Kern,2021-02-19,4196,110749,1916,48427,2280,62322,0,0,1737,45542,2451,32519,1737,78061,California
Kern,2021-02-20,2568,113317,967,49394,1601,63923,0,0,1338,45653,1227,33746,1338,79399,California
Kern,2021-02-21,249,113566,143,49537,106,64029,0,0,86,45578,161,33907,86,79485,California
Kern,2021-02-22,2656,116222,1148,50685,1508,65537,0,0,1422,45771,1229,35136,1422,80907,California
Kern,2021-02-23,3543,119765,1121,51806,2422,67959,0,0,1974,46179,1567,36703,1975,82882,California
Kern,2021-02-24,5165,124930,2268,54074,2897,70856,0,0,3077,47172,2084,38787,3077,85959,California
Kern,2021-02-25,5358,130288,2450,56524,2908,73764,0,0,3179,48191,2160,40947,3179,89138,California
Kern,2021-02-26,6885,137173,3518,60042,3367,77131,0,0,4348,50010,2530,43477,4349,93487,California
Kern,2021-02-27,3855,141028,1895,61937,1960,79091,0,0,2520,51202,1328,44805,2520,96007,California
Kern,2021-02-28,909,141937,498,62435,410,79501,1,1,690,51676,217,45022,691,96698,California
Kern,2021-03-01,3992,145929,1809,64244,2180,81681,3,4,2692,53079,1292,46314,2695,99393,California
Kern,2021-03-02,4374,150303,1375,65619,2998,84679,1,5,2868,54452,1495,47809,2868,102261,California
Kern,2021-03-03,5803,156106,2698,68317,3105,87784,0,5,3714,56092,2075,49884,3715,105976,California
Kern,2021-03-04,5553,161659,2162,70479,3388,91172,3,8,3558,57671,1981,51865,3560,109536,California
Kern,2021-03-05,6473,168132,2669,73148,3785,94957,19,27,4043,59311,2422,54287,4062,113598,California
Kern,2021-03-06,4715,172847,1912,75060,2702,97659,101,128,3446,61596,1261,55548,3546,117144,California
Kern,2021-03-07,2046,174893,1586,76646,411,98070,49,177,1855,63310,190,55738,1904,119048,California
Kern,2021-03-08,2816,177709,857,77503,1746,99816,213,390,1470,63648,1343,57081,1681,120729,California
Kern,2021-03-09,3632,181341,790,78293,2459,102275,383,773,2237,64878,1388,58469,2618,123347,California
Kern,2021-03-10,6028,187369,2468,80761,2489,104764,1071,1844,3504,66940,2511,60980,4573,127920,California
Kern,2021-03-11,6289,193658,2411,83172,2852,107616,1026,2870,3732,69150,2546,63526,4756,132676,California
Kern,2021-03-12,7668,201326,2924,86096,3392,111008,1352,4222,4160,71158,3495,67021,5503,138179,California
Kern,2021-03-13,4429,205755,2303,88399,1791,112799,335,4557,3011,73086,1412,68433,3340,141519,California
Kern,2021-03-14,2185,207940,1412,89811,534,113333,239,4796,1670,74478,515,68948,1907,143426,California
Kern,2021-03-15,4248,212188,1087,90898,2447,115780,714,5510,2182,75314,2054,71002,2890,146316,California
Kern,2021-03-16,4332,216520,1009,91907,2795,118575,528,6038,2333,76182,1990,72992,2858,149174,California
Kern,2021-03-17,7238,223758,3809,95716,2873,121448,556,6594,4303,78116,2924,75916,4858,154032,California
Kern,2021-03-18,6989,230747,3408,99124,3002,124450,579,7173,4161,80044,2808,78724,4736,158768,California
Kern,2021-03-19,8751,239498,4771,103895,3332,127782,648,7821,4552,81054,4185,82909,5195,163963,California
Kern,2021-03-20,5937,245435,3594,107489,2170,129952,173,7994,3814,82928,2114,85023,3988,167951,California
Kern,2021-03-21,2866,248301,1753,109242,236,130188,877,8871,1684,84312,1176,86199,2560,170511,California
Kern,2021-03-22,3948,252249,1545,110787,2046,132234,357,9228,1920,84572,2017,88216,2277,172788,California
Kern,2021-03-23,4699,256948,1653,112440,2848,135082,198,9426,2494,85086,2176,90392,2690,175478,California
Kern,2021-03-24,6996,263944,3507,115947,3017,138099,472,9898,3667,85908,3315,93707,4137,179615,California
Kern,2021-03-25,6633,270577,2883,118830,3419,141518,331,10229,3266,86152,3350,97057,3594,183209,California
Kern,2021-03-26,9598,280175,4153,122983,4191,145709,1254,11483,4748,87319,4833,101890,6000,189209,California
Kern,2021-03-27,5438,285613,3741,126724,1569,147278,128,11611,3301,88612,2135,104025,3428,192637,California
Kern,2021-03-28,4343,289956,3855,130579,474,147752,14,11625,2771,89826,1571,105596,2785,195422,California
Kern,2021-03-29,4201,294157,1634,132213,2289,150041,278,11903,2616,91143,1574,107170,2891,198313,California
Kern,2021-03-30,5537,299694,1825,134038,3328,153369,384,12287,3080,92152,2453,109623,3462,201775,California
Kern,2021-03-31,8122,307816,4281,138319,3195,156564,646,12933,4290,93265,3821,113444,4934,206709,California
Kern,2021-04-01,7624,315440,3642,141961,3684,160248,298,13231,4115,94181,3494,116938,4410,211119,California
Kern,2021-04-02,8140,323580,4189,146150,3348,163596,603,13834,4080,94815,4045,120983,4679,215798,California
Kern,2021-04-03,5712,329292,3417,149567,2112,165708,183,14017,2622,94536,3083,124066,2804,218602,California
Kern,2021-04-04,1330,330622,867,150434,379,166087,84,14101,546,94384,782,124848,630,219232,California
Kern,2021-04-05,5326,335948,2192,152626,2368,168455,766,14867,2886,95581,2430,127278,3627,222859,California
Kern,2021-04-06,7065,343013,2459,155085,3245,171700,1361,16228,3604,97104,3439,130717,4962,227821,California
Kern,2021-04-07,9279,352292,5402,160487,2922,174622,955,17183,4670,98137,4591,135308,5624,233445,California
Kern,2021-04-08,8592,360884,4755,165242,2934,177556,903,18086,3936,98336,4634,139942,4833,238278,California
Kern,2021-04-09,10133,371017,5092,170334,4059,181615,982,19068,4457,98120,5652,145594,5436,243714,California
Kern,2021-04-10,6522,377539,3425,173759,1858,183473,1239,20307,2295,97428,4219,149813,3527,247241,California
Kern,2021-04-11,3762,381301,2888,176647,356,183829,518,20825,1429,97050,2322,152135,1944,249185,California
Kern,2021-04-12,4376,385677,984,177631,2422,186251,970,21795,1577,96812,2784,154919,2546,251731,California
Kern,2021-04-13,4271,389948,1409,179040,2837,189088,25,21820,2128,96832,2134,157053,2154,253885,California
Kern,2021-04-14,6023,395971,2962,182002,3039,192127,22,21842,3063,96971,2945,159998,3084,256969,California
Kern,2021-04-15,5254,401225,2462,184464,2790,194917,2,21844,2535,96804,2704,162702,2537,259506,California
Kern,2021-04-16,7242,408467,3436,187900,3805,198722,1,21845,3081,95747,4140,166842,3083,262589,California
Kern,2021-04-17,5893,414360,3854,191754,2039,200761,0,21845,2257,94381,3624,170466,2258,264847,California
Kern,2021-04-18,3700,418060,3463,195217,237,200998,0,21845,1082,92852,2611,173077,1082,265929,California
Kern,2021-04-19,3800,421860,1724,196941,2075,203073,1,21846,1442,91955,2339,175416,1442,267371,California
Kern,2021-04-20,4308,426168,1542,198483,2765,205838,1,21847,1667,90994,2630,178046,1669,269040,California
Kern,2021-04-21,5849,432017,3120,201603,2724,208562,5,21852,2246,89660,3584,181630,2250,271290,California
Kern,2021-04-22,4780,436797,2311,203914,2469,211031,0,21852,1769,88439,2991,184621,1770,273060,California
Kern,2021-04-23,6043,442840,2936,206850,3106,214137,1,21853,2000,86432,4009,188630,2002,275062,California
Kern,2021-04-24,3928,446768,2729,209579,1189,215326,10,21863,1481,85491,2432,191062,1491,276553,California
Kern,2021-04-25,1341,448109,1063,210642,278,215604,0,21863,772,85699,564,191626,772,277325,California
Kern,2021-04-26,3647,451756,1751,212393,1844,217448,52,21915,1006,84127,2631,194257,1059,278384,California
Kern,2021-04-27,4502,456258,2185,214578,2216,219664,101,22016,1351,82437,3139,197396,1449,279833,California
Kern,2021-04-28,6243,462501,3671,218249,2449,222113,123,22139,1781,79889,4449,201845,1901,281734,California
Kern,2021-04-29,5505,468006,3061,221310,2344,224457,100,22239,1635,77775,3850,205695,1736,283470,California
Kern,2021-04-30,5566,473572,3115,224425,2293,226750,158,22397,1616,75611,3937,209632,1773,285243,California
Kern,2021-05-01,2568,476140,1796,226221,713,227463,59,22456,956,75019,1606,211238,1014,286257,California
Kern,2021-05-02,1885,478025,1601,227822,263,227726,21,22477,696,74552,1184,212422,717,286974,California
Kern,2021-05-03,2425,480450,951,228773,1343,229069,131,22608,752,73778,1659,214081,885,287859,California
Kern,2021-05-04,3527,483977,1228,230001,2193,231262,106,22714,1234,72837,2279,216360,1338,289197,California
Kern,2021-05-05,4128,488105,2128,232129,1849,233111,151,22865,1358,71589,2756,219116,1508,290705,California
Kern,2021-05-06,3521,491626,1562,233691,1817,234928,142,23007,1083,70395,2418,221534,1224,291929,California
Kern,2021-05-07,4548,496174,2281,235972,2095,237023,172,23179,1277,68596,3246,224780,1447,293376,California
Kern,2021-05-08,2845,499019,1793,237765,937,237960,115,23294,891,67660,1941,226721,1005,294381,California
Kern,2021-05-09,1298,500317,1124,238889,144,238104,30,23324,450,67298,842,227563,480,294861,California
Kern,2021-05-10,2124,502441,809,239698,1218,239322,97,23421,612,66511,1494,229057,707,295568,California
Kern,2021-05-11,2277,504718,864,240562,1303,240625,110,23531,853,66059,1416,230473,964,296532,California
Kern,2021-05-12,3089,507807,1327,241889,1620,242245,142,23673,975,65070,2106,232579,1117,297649,California
Kern,2021-05-13,2225,510032,1362,243251,768,243013,95,23768,968,64881,1249,233828,1060,298709,California
Kings,2020-12-16,1,1,1,1,0,0,0,0,1,1,0,0,1,1,California
Kings,2020-12-17,8,9,8,9,0,0,0,0,8,9,0,0,8,9,California
Kings,2020-12-18,12,21,12,21,0,0,0,0,12,21,0,0,12,21,California
Kings,2020-12-19,11,32,11,32,0,0,0,0,11,32,0,0,11,32,California
Kings,2020-12-20,13,45,13,45,0,0,0,0,13,45,0,0,13,45,California
Kings,2020-12-21,156,201,156,201,0,0,0,0,269,314,0,0,269,314,California
Kings,2020-12-22,143,344,143,344,0,0,0,0,140,454,0,0,140,454,California
Kings,2020-12-23,135,479,123,467,12,12,0,0,136,590,0,0,136,590,California
Kings,2020-12-24,11,490,9,476,2,14,0,0,11,601,0,0,11,601,California
Kings,2020-12-26,7,497,4,480,3,17,0,0,7,608,0,0,7,608,California
Kings,2020-12-27,4,501,4,484,0,17,0,0,4,612,0,0,4,612,California
Kings,2020-12-28,131,632,103,587,28,45,0,0,132,744,0,0,132,744,California
Kings,2020-12-29,78,710,51,638,27,72,0,0,79,823,0,0,79,823,California
Kings,2020-12-30,148,858,109,747,39,111,0,0,148,971,0,0,148,971,California
Kings,2020-12-31,45,903,6,753,39,150,0,0,45,1016,0,0,45,1016,California
Kings,2021-01-01,1,904,0,753,1,151,0,0,1,1017,0,0,1,1017,California
Kings,2021-01-02,10,914,9,762,1,152,0,0,10,1027,0,0,10,1027,California
Kings,2021-01-04,112,1026,42,804,70,222,0,0,112,1139,0,0,112,1139,California
Kings,2021-01-05,196,1222,39,843,157,379,0,0,196,1335,0,0,196,1335,California
Kings,2021-01-06,277,1499,178,1021,99,478,0,0,274,1606,3,3,274,1609,California
Kings,2021-01-07,178,1677,81,1102,97,575,0,0,170,1768,8,11,170,1779,California
Kings,2021-01-08,247,1924,54,1156,193,768,0,0,228,1977,19,30,228,2007,California
Kings,2021-01-09,63,1987,9,1165,54,822,0,0,55,2024,8,38,55,2062,California
Kings,2021-01-10,15,2002,3,1168,12,834,0,0,12,2033,3,41,12,2074,California
Kings,2021-01-11,518,2520,354,1522,164,998,0,0,276,2068,242,283,277,2351,California
Kings,2021-01-12,350,2870,253,1775,97,1095,0,0,216,2153,131,414,216,2567,California
Kings,2021-01-13,414,3284,268,2043,146,1241,0,0,322,2383,92,506,322,2889,California
Kings,2021-01-14,210,3494,32,2075,178,1419,0,0,200,2563,21,527,201,3090,California
Kings,2021-01-15,418,3912,30,2105,388,1807,0,0,406,2957,12,539,406,3496,California
Kings,2021-01-16,31,3943,12,2117,19,1826,0,0,30,2986,1,540,30,3526,California
Kings,2021-01-17,9,3952,6,2123,3,1829,0,0,7,2991,2,542,7,3533,California
Kings,2021-01-18,172,4124,40,2163,132,1961,0,0,146,3111,26,568,146,3679,California
Kings,2021-01-19,377,4501,158,2321,219,2180,0,0,249,3232,128,696,249,3928,California
Kings,2021-01-20,237,4738,146,2467,91,2271,0,0,127,3254,105,801,127,4055,California
Kings,2021-01-21,190,4928,35,2502,155,2426,0,0,174,3410,18,819,174,4229,California
Kings,2021-01-22,126,5054,40,2542,86,2512,0,0,126,3531,5,824,126,4355,California
Kings,2021-01-23,26,5080,14,2556,12,2524,0,0,20,3545,6,830,20,4375,California
Kings,2021-01-24,4,5084,4,2560,0,2524,0,0,2,3545,2,832,2,4377,California
Kings,2021-01-25,124,5208,26,2586,98,2622,0,0,90,3601,34,866,90,4467,California
Kings,2021-01-26,154,5362,35,2621,119,2741,0,0,115,3677,39,905,115,4582,California
Kings,2021-01-27,319,5681,34,2655,285,3026,0,0,249,3857,69,974,249,4831,California
Kings,2021-01-28,326,6007,46,2701,280,3306,0,0,271,4073,55,1029,271,5102,California
Kings,2021-01-29,86,6093,26,2727,60,3366,0,0,69,4125,17,1046,69,5171,California
Kings,2021-01-30,1556,7649,31,2758,1525,4891,0,0,1553,5677,3,1049,1555,6726,California
Kings,2021-02-01,199,7848,64,2822,135,5026,0,0,72,5624,125,1174,72,6798,California
Kings,2021-02-02,232,8080,14,2836,218,5244,0,0,82,5557,149,1323,82,6880,California
Kings,2021-02-03,357,8437,191,3027,166,5410,0,0,203,5607,153,1476,203,7083,California
Kings,2021-02-04,396,8833,99,3126,297,5707,0,0,198,5608,197,1673,198,7281,California
Kings,2021-02-05,258,9091,15,3141,243,5950,0,0,101,5554,155,1828,101,7382,California
Kings,2021-02-06,61,9152,10,3151,51,6001,0,0,28,5549,33,1861,28,7410,California
Kings,2021-02-07,5,9157,3,3154,2,6003,0,0,3,5550,2,1863,3,7413,California
Kings,2021-02-08,171,9328,29,3183,142,6145,0,0,68,5515,103,1966,68,7481,California
Kings,2021-02-09,253,9581,57,3240,196,6341,0,0,110,5484,141,2107,110,7591,California
Kings,2021-02-10,285,9866,112,3352,173,6514,0,0,168,5535,117,2224,168,7759,California
Kings,2021-02-11,430,10296,65,3417,365,6879,0,0,316,5738,113,2337,316,8075,California
Kings,2021-02-12,623,10919,36,3453,587,7466,0,0,347,5810,275,2612,347,8422,California
Kings,2021-02-13,104,11023,6,3459,98,7564,0,0,78,5862,26,2638,78,8500,California
Kings,2021-02-14,102,11125,4,3463,98,7662,0,0,94,5948,8,2646,94,8594,California
Kings,2021-02-15,246,11371,5,3468,241,7903,0,0,137,5977,108,2754,137,8731,California
Kings,2021-02-16,486,11857,33,3501,453,8356,0,0,251,5994,234,2988,251,8982,California
Kings,2021-02-17,380,12237,23,3524,357,8713,0,0,243,6101,137,3125,244,9226,California
Kings,2021-02-18,155,12392,23,3547,132,8845,0,0,98,6142,57,3182,98,9324,California
Kings,2021-02-19,159,12551,24,3571,135,8980,0,0,103,6192,53,3235,103,9427,California
Kings,2021-02-20,171,12722,40,3611,131,9111,0,0,134,6289,37,3272,134,9561,California
Kings,2021-02-21,3,12725,2,3613,1,9112,0,0,3,6292,0,3272,3,9564,California
Kings,2021-02-22,110,12835,19,3632,91,9203,0,0,51,6284,59,3331,51,9615,California
Kings,2021-02-23,296,13131,69,3701,227,9430,0,0,179,6346,117,3448,179,9794,California
Kings,2021-02-24,592,13723,154,3855,438,9868,0,0,380,6514,212,3660,380,10174,California
Kings,2021-02-25,667,14390,115,3970,552,10420,0,0,449,6747,216,3876,449,10623,California
Kings,2021-02-26,658,15048,129,4099,529,10949,0,0,596,7281,62,3938,596,11219,California
Kings,2021-02-27,1499,16547,62,4161,1437,12386,0,0,564,6911,934,4872,564,11783,California
Kings,2021-02-28,1171,17718,597,4758,574,12960,0,0,674,7091,494,5366,674,12457,California
Kings,2021-03-01,259,17977,79,4837,180,13140,0,0,214,7260,45,5411,214,12671,California
Kings,2021-03-02,474,18451,208,5045,266,13406,0,0,424,7635,50,5461,425,13096,California
Kings,2021-03-03,629,19080,304,5349,325,13731,0,0,439,7886,188,5649,439,13535,California
Kings,2021-03-04,718,19798,342,5691,376,14107,0,0,622,8413,96,5745,623,14158,California
Kings,2021-03-05,1059,20857,349,6040,701,14808,9,9,942,9248,117,5862,952,15110,California
Kings,2021-03-06,511,21368,184,6224,314,15122,13,22,481,9712,30,5892,494,15604,California
Kings,2021-03-07,365,21733,224,6448,137,15259,4,26,357,10065,8,5900,361,15965,California
Kings,2021-03-08,370,22103,96,6544,221,15480,53,79,262,10271,108,6008,314,16279,California
Kings,2021-03-09,524,22627,239,6783,230,15710,55,134,417,10638,106,6114,473,16752,California
Kings,2021-03-10,506,23133,125,6908,290,16000,91,225,322,10867,183,6297,412,17164,California
Kings,2021-03-11,1023,24156,305,7213,608,16608,110,335,618,11192,403,6700,728,17892,California
Kings,2021-03-12,1356,25512,439,7652,823,17431,94,429,955,11843,400,7100,1051,18943,California
Kings,2021-03-13,670,26182,331,7983,295,17726,44,473,544,12306,126,7226,589,19532,California
Kings,2021-03-14,671,26853,101,8084,184,17910,386,859,200,12421,471,7697,586,20118,California
Kings,2021-03-15,702,27555,265,8349,322,18232,115,974,465,12767,236,7933,582,20700,California
Kings,2021-03-16,1039,28594,438,8787,540,18772,61,1035,703,13195,336,8269,764,21464,California
Kings,2021-03-17,1089,29683,417,9204,611,19383,61,1096,770,13714,319,8588,838,22302,California
Kings,2021-03-18,1100,30783,466,9670,412,19795,222,1318,768,14376,331,8919,993,23295,California
Kings,2021-03-19,949,31732,468,10138,396,20191,85,1403,732,14989,217,9136,830,24125,California
Kings,2021-03-20,624,32356,255,10393,338,20529,31,1434,450,15305,172,9308,488,24613,California
Kings,2021-03-21,1400,33756,1085,11478,304,20833,11,1445,846,15608,554,9862,857,25470,California
Kings,2021-03-22,450,34206,203,11681,164,20997,83,1528,277,15799,173,10035,364,25834,California
Kings,2021-03-23,899,35105,493,12174,343,21340,63,1591,576,16120,321,10356,642,26476,California
Kings,2021-03-24,922,36027,479,12653,420,21760,23,1614,511,16246,410,10766,536,27012,California
Kings,2021-03-25,894,36921,445,13098,423,22183,26,1640,447,16274,445,11211,473,27485,California
Kings,2021-03-26,1282,38203,374,13472,823,23006,85,1725,530,16141,747,11958,614,28099,California
Kings,2021-03-27,616,38819,245,13717,359,23365,12,1737,169,15877,445,12403,181,28280,California
Kings,2021-03-28,549,39368,478,14195,64,23429,7,1744,342,16027,207,12610,357,28637,California
Kings,2021-03-29,459,39827,202,14397,196,23625,61,1805,252,16134,205,12815,312,28949,California
Kings,2021-03-30,842,40669,463,14860,341,23966,38,1843,421,16173,420,13235,459,29408,California
Kings,2021-03-31,724,41393,374,15234,286,24252,64,1907,415,16350,302,13537,479,29887,California
Kings,2021-04-01,758,42151,380,15614,295,24547,83,1990,343,16367,409,13946,426,30313,California
Kings,2021-04-02,984,43135,429,16043,433,24980,122,2112,389,16287,590,14536,510,30823,California
Kings,2021-04-03,475,43610,330,16373,137,25117,8,2120,161,16149,308,14844,170,30993,California
Kings,2021-04-04,156,43766,82,16455,68,25185,6,2126,43,16086,112,14956,49,31042,California
Kings,2021-04-05,1045,44811,323,16778,472,25657,250,2376,233,15757,811,15767,482,31524,California
Kings,2021-04-06,1187,45998,448,17226,432,26089,307,2683,291,15462,893,16660,598,32122,California
Kings,2021-04-07,1340,47338,641,17867,514,26603,185,2868,415,15140,922,17582,600,32722,California
Kings,2021-04-08,1590,48928,626,18493,713,27316,251,3119,361,14530,1222,18804,612,33334,California
Kings,2021-04-09,1111,50039,523,19016,412,27728,176,3295,242,14078,867,19671,415,33749,California
Kings,2021-04-10,589,50628,327,19343,160,27888,102,3397,177,13946,411,20082,279,34028,California
Kings,2021-04-11,328,50956,74,19417,248,28136,6,3403,196,14016,132,20214,202,34230,California
Kings,2021-04-12,697,51653,310,19727,187,28323,200,3603,190,13900,506,20720,390,34620,California
Kings,2021-04-13,896,52549,508,20235,388,28711,0,3603,296,13602,599,21319,301,34921,California
Kings,2021-04-14,1022,53571,565,20800,457,29168,0,3603,371,13323,651,21970,372,35293,California
Kings,2021-04-15,1048,54619,521,21321,526,29694,1,3604,466,13209,581,22551,467,35760,California
Kings,2021-04-16,764,55383,359,21680,405,30099,0,3604,266,12978,497,23048,266,36026,California
Kings,2021-04-17,457,55840,244,21924,213,30312,0,3604,200,12922,256,23304,200,36226,California
Kings,2021-04-18,550,56390,240,22164,310,30622,0,3604,69,12510,481,23785,69,36295,California
Kings,2021-04-19,525,56915,288,22452,237,30859,0,3604,286,12559,237,24022,286,36581,California
Kings,2021-04-20,732,57647,442,22894,290,31149,0,3604,245,12318,486,24508,245,36826,California
Kings,2021-04-21,636,58283,304,23198,332,31481,0,3604,220,12128,410,24918,220,37046,California
Kings,2021-04-22,550,58833,276,23474,274,31755,0,3604,201,11984,346,25264,202,37248,California
Kings,2021-04-23,663,59496,290,23764,373,32128,0,3604,329,11982,331,25595,329,37577,California
Kings,2021-04-24,244,59740,178,23942,65,32193,1,3605,120,11980,123,25718,121,37698,California
Kings,2021-04-25,195,59935,176,24118,19,32212,0,3605,159,12103,36,25754,159,37857,California
Kings,2021-04-26,289,60224,147,24265,139,32351,3,3608,180,12178,108,25862,183,38040,California
Kings,2021-04-27,392,60616,171,24436,202,32553,19,3627,161,12128,230,26092,180,38220,California
Kings,2021-04-28,505,61121,253,24689,232,32785,20,3647,265,12173,240,26332,285,38505,California
Kings,2021-04-29,285,61406,112,24801,162,32947,11,3658,133,12167,150,26482,144,38649,California
Kings,2021-04-30,365,61771,163,24964,185,33132,17,3675,151,12124,211,26693,168,38817,California
Kings,2021-05-01,229,62000,166,25130,53,33185,10,3685,74,12055,153,26846,84,38901,California
Kings,2021-05-02,168,62168,146,25276,22,33207,0,3685,126,12139,42,26888,126,39027,California
Kings,2021-05-03,469,62637,255,25531,201,33408,13,3698,122,11928,346,27234,135,39162,California
Kings,2021-05-04,509,63146,255,25786,234,33642,20,3718,159,11757,350,27584,179,39341,California
Kings,2021-05-05,535,63681,276,26062,239,33881,20,3738,134,11510,401,27985,154,39495,California
Kings,2021-05-06,533,64214,264,26326,246,34127,23,3761,121,11244,410,28395,144,39639,California
Kings,2021-05-07,366,64580,211,26537,141,34268,14,3775,148,11191,215,28610,162,39801,California
Kings,2021-05-08,228,64808,166,26703,51,34319,11,3786,73,11120,155,28765,84,39885,California
Kings,2021-05-09,193,65001,64,26767,129,34448,0,3786,40,11007,153,28918,40,39925,California
Kings,2021-05-10,330,65331,253,27020,67,34515,10,3796,112,10912,216,29134,121,40046,California
Kings,2021-05-11,365,65696,228,27248,110,34625,27,3823,115,10805,250,29384,143,40189,California
Kings,2021-05-12,342,66038,119,27367,211,34836,12,3835,138,10752,203,29587,150,40339,California
Kings,2021-05-13,240,66278,36,27403,199,35035,5,3840,61,10639,179,29766,66,40405,California
Lake,2020-12-17,4,4,4,4,0,0,0,0,4,4,0,0,4,4,California
Lake,2020-12-18,51,55,51,55,0,0,0,0,51,55,0,0,51,55,California
Lake,2020-12-19,3,58,3,58,0,0,0,0,3,58,0,0,3,58,California
Lake,2020-12-20,6,64,6,64,0,0,0,0,6,64,0,0,6,64,California
Lake,2020-12-21,86,150,86,150,0,0,0,0,86,150,0,0,86,150,California
Lake,2020-12-22,63,213,60,210,3,3,0,0,63,213,0,0,63,213,California
Lake,2020-12-23,123,336,114,324,9,12,0,0,123,336,0,0,123,336,California
Lake,2020-12-24,2,338,0,324,2,14,0,0,2,338,0,0,2,338,California
Lake,2020-12-26,2,340,2,326,0,14,0,0,2,340,0,0,2,340,California
Lake,2020-12-27,2,342,2,328,0,14,0,0,2,342,0,0,2,342,California
Lake,2020-12-28,52,394,43,371,9,23,0,0,52,394,0,0,52,394,California
Lake,2020-12-29,50,444,45,416,5,28,0,0,50,444,0,0,50,444,California
Lake,2020-12-30,125,569,118,534,7,35,0,0,125,569,0,0,125,569,California
Lake,2020-12-31,67,636,64,598,3,38,0,0,67,636,0,0,67,636,California
Lake,2021-01-01,1,637,0,598,1,39,0,0,1,637,0,0,1,637,California
Lake,2021-01-02,2,639,1,599,1,40,0,0,2,639,0,0,2,639,California
Lake,2021-01-04,87,726,21,620,66,106,0,0,87,726,0,0,87,726,California
Lake,2021-01-05,120,846,59,679,61,167,0,0,118,842,2,2,118,844,California
Lake,2021-01-06,105,951,65,744,40,207,0,0,103,943,2,4,103,947,California
Lake,2021-01-07,108,1059,85,829,23,230,0,0,99,1033,9,13,99,1046,California
Lake,2021-01-08,152,1211,124,953,28,258,0,0,100,1081,52,65,100,1146,California
Lake,2021-01-09,63,1274,61,1014,2,260,0,0,59,1136,4,69,59,1205,California
Lake,2021-01-10,3,1277,3,1017,0,260,0,0,0,1133,3,72,0,1205,California
Lake,2021-01-11,192,1469,151,1168,41,301,0,0,112,1165,80,152,112,1317,California
Lake,2021-01-12,81,1550,48,1216,33,334,0,0,57,1198,24,176,57,1374,California
Lake,2021-01-13,165,1715,112,1328,53,387,0,0,108,1249,57,233,108,1482,California
Lake,2021-01-14,147,1862,46,1374,101,488,0,0,125,1352,22,255,125,1607,California
Lake,2021-01-15,215,2077,92,1466,123,611,0,0,188,1513,27,282,188,1795,California
Lake,2021-01-16,134,2211,81,1547,53,664,0,0,132,1643,2,284,132,1927,California
Lake,2021-01-17,18,2229,6,1553,12,676,0,0,12,1649,6,290,12,1939,California
Lake,2021-01-18,246,2475,227,1780,19,695,0,0,126,1655,120,410,126,2065,California
Lake,2021-01-19,311,2786,117,1897,194,889,0,0,266,1877,45,455,267,2332,California
Lake,2021-01-20,422,3208,80,1977,342,1231,0,0,358,2172,63,518,358,2690,California
Lake,2021-01-21,433,3641,49,2026,384,1615,0,0,398,2535,35,553,398,3088,California
Lake,2021-01-22,318,3959,46,2072,272,1887,0,0,282,2781,36,589,282,3370,California
Lake,2021-01-23,122,4081,5,2077,117,2004,0,0,121,2901,1,590,121,3491,California
Lake,2021-01-24,5,4086,2,2079,3,2007,0,0,5,2906,0,590,5,3496,California
Lake,2021-01-25,257,4343,95,2174,162,2169,0,0,176,3001,81,671,176,3672,California
Lake,2021-01-26,429,4772,36,2210,393,2562,0,0,406,3384,23,694,406,4078,California
Lake,2021-01-27,359,5131,41,2251,318,2880,0,0,331,3688,28,722,332,4410,California
Lake,2021-01-28,498,5629,161,2412,337,3217,0,0,368,3926,130,852,368,4778,California
Lake,2021-01-29,636,6265,83,2495,553,3770,0,0,576,4442,60,912,576,5354,California
Lake,2021-01-30,554,6819,44,2539,510,4280,0,0,548,4984,6,918,548,5902,California
Lake,2021-01-31,14,6833,8,2547,6,4286,0,0,12,4994,2,920,12,5914,California
Lake,2021-02-01,179,7012,18,2565,161,4447,0,0,166,5147,13,933,166,6080,California
Lake,2021-02-02,563,7575,151,2716,412,4859,0,0,397,5378,166,1099,397,6477,California
Lake,2021-02-03,445,8020,33,2749,412,5271,0,0,340,5613,105,1204,340,6817,California
Lake,2021-02-04,119,8139,68,2817,51,5322,0,0,72,5638,47,1251,72,6889,California
Lake,2021-02-05,379,8518,70,2887,309,5631,0,0,288,5837,89,1340,288,7177,California
Lake,2021-02-06,276,8794,41,2928,235,5866,0,0,265,6091,11,1351,265,7442,California
Lake,2021-02-07,2,8796,1,2929,1,5867,0,0,2,6093,0,1351,2,7444,California
Lake,2021-02-08,279,9075,207,3136,72,5939,0,0,159,6132,120,1471,159,7603,California
Lake,2021-02-09,345,9420,25,3161,320,6259,0,0,301,6390,43,1514,301,7904,California
Lake,2021-02-10,352,9772,54,3215,298,6557,0,0,274,6586,78,1592,274,8178,California
Lake,2021-02-11,169,9941,18,3233,151,6708,0,0,56,6529,113,1705,56,8234,California
Lake,2021-02-12,376,10317,29,3262,347,7055,0,0,288,6731,87,1792,289,8523,California
Lake,2021-02-13,247,10564,7,3269,240,7295,0,0,236,6956,11,1803,236,8759,California
Lake,2021-02-14,20,10584,5,3274,15,7310,0,0,6,6948,14,1817,6,8765,California
Lake,2021-02-15,172,10756,13,3287,159,7469,0,0,8,6793,163,1980,8,8773,California
Lake,2021-02-16,423,11179,23,3310,400,7869,0,0,176,6722,247,2227,176,8949,California
Lake,2021-02-17,351,11530,54,3364,297,8166,0,0,70,6512,280,2507,70,9019,California
Lake,2021-02-18,457,11987,69,3433,388,8554,0,0,114,6283,343,2850,114,9133,California
Lake,2021-02-19,418,12405,25,3458,393,8947,0,0,93,6051,325,3175,93,9226,California
Lake,2021-02-20,294,12699,60,3518,234,9181,0,0,251,6260,42,3217,251,9477,California
Lake,2021-02-21,6,12705,6,3524,0,9181,0,0,0,6254,6,3223,0,9477,California
Lake,2021-02-22,140,12845,23,3547,117,9298,0,0,43,6200,97,3320,43,9520,California
Lake,2021-02-23,214,13059,14,3561,200,9498,0,0,28,6042,186,3506,28,9548,California
Lake,2021-02-24,955,14014,377,3938,578,10076,0,0,416,5920,538,4044,416,9964,California
Lake,2021-02-25,732,14746,465,4403,267,10343,0,0,472,6135,257,4301,472,10436,California
Lake,2021-02-26,995,15741,304,4707,691,11034,0,0,350,5843,642,4943,350,10786,California
Lake,2021-02-27,411,16152,98,4805,313,11347,0,0,328,6088,83,5026,328,11114,California
Lake,2021-02-28,18,16170,12,4817,6,11353,0,0,10,6090,8,5034,10,11124,California
Lake,2021-03-01,595,16765,53,4870,542,11895,0,0,442,6379,153,5187,442,11566,California
Lake,2021-03-02,745,17510,18,4888,727,12622,0,0,289,6212,456,5643,289,11855,California
Lake,2021-03-03,358,17868,195,5083,163,12785,0,0,135,6124,223,5866,135,11990,California
Lake,2021-03-04,578,18446,509,5592,69,12854,0,0,561,6668,17,5883,561,12551,California
Lake,2021-03-05,1036,19482,40,5632,996,13850,0,0,174,5984,858,6741,174,12725,California
Lake,2021-03-06,34,19516,9,5641,24,13874,1,1,21,5993,13,6754,22,12747,California
Lake,2021-03-07,7,19523,5,5646,2,13876,0,1,4,5994,3,6757,4,12751,California
Lake,2021-03-08,339,19862,267,5913,63,13939,9,10,299,6262,40,6797,308,13059,California
Lake,2021-03-09,915,20777,29,5942,869,14808,17,27,393,6151,521,7318,410,13469,California
Lake,2021-03-10,203,20980,60,6002,130,14938,13,40,135,6231,68,7386,148,13617,California
Lake,2021-03-11,583,21563,47,6049,62,15000,474,514,48,6218,535,7921,522,14139,California
Lake,2021-03-12,851,22414,202,6251,625,15625,24,538,362,6116,488,8409,386,14525,California
Lake,2021-03-13,277,22691,21,6272,20,15645,236,774,16,6107,260,8669,251,14776,California
Lake,2021-03-14,11,22702,2,6274,9,15654,0,774,7,6110,4,8673,7,14783,California
Lake,2021-03-15,642,23344,14,6288,611,16265,17,791,483,6451,159,8832,500,15283,California
Lake,2021-03-16,1113,24457,834,7122,262,16527,17,808,446,6250,663,9495,462,15745,California
Lake,2021-03-17,246,24703,121,7243,103,16630,22,830,90,6206,156,9651,112,15857,California
Lake,2021-03-18,748,25451,373,7616,338,16968,37,867,372,6239,375,10026,408,16265,California
Lake,2021-03-19,580,26031,313,7929,247,17215,20,887,473,6626,106,10132,493,16758,California
Lake,2021-03-20,248,26279,8,7937,237,17452,3,890,29,6441,217,10349,32,16790,California
Lake,2021-03-21,16,26295,11,7948,4,17456,1,891,11,6448,5,10354,12,16802,California
Lake,2021-03-22,325,26620,245,8193,66,17522,14,905,239,6615,86,10440,253,17055,California
Lake,2021-03-23,418,27038,20,8213,385,17907,13,918,353,6917,64,10504,366,17421,California
Lake,2021-03-24,413,27451,61,8274,344,18251,8,926,317,7148,95,10599,326,17747,California
Lake,2021-03-25,658,28109,469,8743,183,18434,6,932,174,6844,484,11083,180,17927,California
Lake,2021-03-26,68,28177,33,8776,34,18468,1,933,44,6865,24,11107,45,17972,California
Lake,2021-03-27,309,28486,7,8783,299,18767,3,936,17,6595,290,11397,20,17992,California
Lake,2021-03-28,17,28503,8,8791,9,18776,0,936,11,6600,6,11403,11,18003,California
Lake,2021-03-29,899,29402,268,9059,629,19405,2,938,193,6091,704,12107,195,18198,California
Lake,2021-03-30,452,29854,303,9362,147,19552,2,940,366,6374,85,12192,368,18566,California
Lake,2021-03-31,582,30436,60,9422,522,20074,0,940,417,6634,157,12349,417,18983,California
Lake,2021-04-01,424,30860,219,9641,193,20267,12,952,179,6583,242,12591,191,19174,California
Lake,2021-04-02,220,31080,40,9681,152,20419,28,980,97,6585,123,12714,125,19299,California
Lake,2021-04-03,32,31112,6,9687,23,20442,3,983,13,6582,19,12733,16,19315,California
Lake,2021-04-04,20,31132,11,9698,7,20449,2,985,15,6594,5,12738,17,19332,California
Lake,2021-04-05,638,31770,70,9768,549,20998,19,1004,399,6775,236,12974,417,19749,California
Lake,2021-04-06,475,32245,16,9784,433,21431,26,1030,302,6931,172,13146,328,20077,California
Lake,2021-04-07,517,32762,56,9840,410,21841,51,1081,350,7167,165,13311,401,20478,California
Lake,2021-04-08,597,33359,486,10326,45,21886,66,1147,102,6843,492,13803,168,20646,California
Lake,2021-04-09,281,33640,39,10365,173,22059,69,1216,47,6728,231,14034,116,20762,California
Lake,2021-04-10,251,33891,14,10379,13,22072,224,1440,9,6719,242,14276,233,20995,California
Lake,2021-04-11,22,33913,17,10396,3,22075,2,1442,7,6713,15,14291,9,21004,California
Lake,2021-04-12,1069,34982,232,10628,804,22879,33,1475,248,6174,820,15111,281,21285,California
Lake,2021-04-13,179,35161,109,10737,70,22949,0,1475,53,6101,126,15237,53,21338,California
Lake,2021-04-14,610,35771,38,10775,572,23521,0,1475,549,6589,61,15298,549,21887,California
Lake,2021-04-15,640,36411,192,10967,448,23969,0,1475,331,6611,309,15607,331,22218,California
Lake,2021-04-16,263,36674,29,10996,233,24202,1,1476,73,6496,189,15796,74,22292,California
Lake,2021-04-17,41,36715,12,11008,29,24231,0,1476,31,6517,10,15806,31,22323,California
Lake,2021-04-18,8,36723,5,11013,3,24234,0,1476,0,6509,8,15814,0,22323,California
Lake,2021-04-19,295,37018,38,11051,257,24491,0,1476,245,6704,50,15864,245,22568,California
Lake,2021-04-20,692,37710,278,11329,414,24905,0,1476,113,6240,578,16442,114,22682,California
Lake,2021-04-21,532,38242,64,11393,468,25373,0,1476,204,6116,328,16770,204,22886,California
Lake,2021-04-22,461,38703,50,11443,411,25784,0,1476,314,6284,146,16916,314,23200,California
Lake,2021-04-23,113,38816,58,11501,55,25839,0,1476,67,6305,46,16962,67,23267,California
Lake,2021-04-24,53,38869,9,11510,44,25883,0,1476,39,6330,14,16976,39,23306,California
Lake,2021-04-25,35,38904,18,11528,17,25900,0,1476,23,6341,12,16988,23,23329,California
Lake,2021-04-26,277,39181,74,11602,202,26102,1,1477,80,6225,197,17185,81,23410,California
Lake,2021-04-27,238,39419,21,11623,199,26301,18,1495,80,6165,158,17343,98,23508,California
Lake,2021-04-28,507,39926,47,11670,445,26746,15,1510,117,5908,388,17731,131,23639,California
Lake,2021-04-29,212,40138,83,11753,113,26859,16,1526,115,5942,97,17828,131,23770,California
Lake,2021-04-30,287,40425,46,11799,210,27069,31,1557,148,5982,139,17967,179,23949,California
Lake,2021-05-01,47,40472,26,11825,19,27088,2,1559,32,6001,15,17982,34,23983,California
Lake,2021-05-02,18,40490,9,11834,8,27096,1,1560,9,6002,9,17991,10,23993,California
Lake,2021-05-03,409,40899,26,11860,348,27444,35,1595,63,5755,345,18336,98,24091,California
Lake,2021-05-04,405,41304,216,12076,141,27585,48,1643,125,5649,279,18615,173,24264,California
Lake,2021-05-05,631,41935,45,12121,574,28159,12,1655,89,5209,540,19155,100,24364,California
Lake,2021-05-06,141,42076,19,12140,93,28252,29,1684,72,5240,69,19224,100,24464,California
Lake,2021-05-07,164,42240,28,12168,116,28368,20,1704,103,5304,59,19283,123,24587,California
Lake,2021-05-08,43,42283,8,12176,35,28403,0,1704,36,5333,7,19290,36,24623,California
Lake,2021-05-09,17,42300,2,12178,10,28413,5,1709,10,5341,7,19297,15,24638,California
Lake,2021-05-10,243,42543,12,12190,204,28617,27,1736,58,5242,184,19481,85,24723,California
Lake,2021-05-11,190,42733,27,12217,148,28765,15,1751,117,5302,73,19554,133,24856,California
Lake,2021-05-12,541,43274,33,12250,489,29254,19,1770,56,4891,485,20039,74,24930,California
Lake,2021-05-13,252,43526,38,12288,210,29464,4,1774,47,4739,203,20242,51,24981,California
Lassen,2020-12-16,8,8,8,8,0,0,0,0,8,8,0,0,8,8,California
Lassen,2020-12-17,6,14,6,14,0,0,0,0,6,14,0,0,6,14,California
Lassen,2020-12-18,1,15,1,15,0,0,0,0,1,15,0,0,1,15,California
Lassen,2020-12-19,5,20,5,20,0,0,0,0,5,20,0,0,5,20,California
Lassen,2020-12-20,2,22,2,22,0,0,0,0,2,22,0,0,2,22,California
Lassen,2020-12-21,11,33,11,33,0,0,0,0,11,33,0,0,11,33,California
Lassen,2020-12-22,23,56,23,56,0,0,0,0,23,56,0,0,23,56,California
Lassen,2020-12-23,6,62,6,62,0,0,0,0,6,62,0,0,6,62,California
Lassen,2020-12-24,11,73,11,73,0,0,0,0,11,73,0,0,11,73,California
Lassen,2020-12-28,3,76,2,75,1,1,0,0,3,76,0,0,3,76,California
Lassen,2020-12-29,35,111,35,110,0,1,0,0,35,111,0,0,35,111,California
Lassen,2020-12-30,36,147,35,145,1,2,0,0,36,147,0,0,36,147,California
Lassen,2020-12-31,49,196,42,187,7,9,0,0,49,196,0,0,49,196,California
Lassen,2021-01-02,1,197,0,187,1,10,0,0,1,197,0,0,1,197,California
Lassen,2021-01-04,15,212,1,188,14,24,0,0,15,212,0,0,15,212,California
Lassen,2021-01-05,194,406,53,241,141,165,0,0,194,406,0,0,194,406,California
Lassen,2021-01-06,95,501,44,285,51,216,0,0,87,486,8,8,88,494,California
Lassen,2021-01-07,43,544,7,292,36,252,0,0,37,517,6,14,37,531,California
Lassen,2021-01-08,50,594,2,294,48,300,0,0,50,567,0,14,50,581,California
Lassen,2021-01-09,12,606,6,300,6,306,0,0,12,579,0,14,12,593,California
Lassen,2021-01-11,27,633,5,305,22,328,0,0,27,606,0,14,27,620,California
Lassen,2021-01-12,49,682,29,334,20,348,0,0,30,617,19,33,30,650,California
Lassen,2021-01-13,161,843,18,352,143,491,0,0,146,748,15,48,146,796,California
Lassen,2021-01-14,163,1006,18,370,145,636,0,0,151,887,12,60,151,947,California
Lassen,2021-01-15,33,1039,6,376,27,663,0,0,33,920,0,60,33,980,California
Lassen,2021-01-16,34,1073,33,409,1,664,0,0,34,954,0,60,34,1014,California
Lassen,2021-01-17,1,1074,0,409,1,665,0,0,1,955,0,60,1,1015,California
Lassen,2021-01-18,5,1079,2,411,3,668,0,0,4,958,1,61,4,1019,California
Lassen,2021-01-19,185,1264,36,447,149,817,0,0,157,1087,28,89,157,1176,California
Lassen,2021-01-20,188,1452,100,547,88,905,0,0,105,1124,68,157,105,1281,California
Lassen,2021-01-21,145,1597,93,640,52,957,0,0,121,1227,18,175,121,1402,California
Lassen,2021-01-22,31,1628,18,658,13,970,0,0,21,1238,10,185,21,1423,California
Lassen,2021-01-23,2,1630,0,658,2,972,0,0,2,1240,0,185,2,1425,California
Lassen,2021-01-24,1,1631,0,658,1,973,0,0,1,1241,0,185,1,1426,California
Lassen,2021-01-25,11,1642,0,658,11,984,0,0,11,1252,0,185,11,1437,California
Lassen,2021-01-26,126,1768,12,670,114,1098,0,0,122,1370,4,189,122,1559,California
Lassen,2021-01-27,87,1855,35,705,52,1150,0,0,69,1421,18,207,69,1628,California
Lassen,2021-01-28,85,1940,15,720,70,1220,0,0,84,1504,1,208,84,1712,California
Lassen,2021-01-29,23,1963,7,727,16,1236,0,0,22,1525,1,209,22,1734,California
Lassen,2021-02-01,62,2025,4,731,58,1294,0,0,36,1535,26,235,36,1770,California
Lassen,2021-02-02,177,2202,12,743,165,1459,0,0,44,1446,133,368,44,1814,California
Lassen,2021-02-03,96,2298,21,764,75,1534,0,0,51,1452,45,413,51,1865,California
Lassen,2021-02-04,112,2410,15,779,97,1631,0,0,63,1466,49,462,63,1928,California
Lassen,2021-02-05,65,2475,12,791,53,1684,0,0,23,1447,42,504,23,1951,California
Lassen,2021-02-06,69,2544,34,825,35,1719,0,0,36,1451,32,536,36,1987,California
Lassen,2021-02-07,2,2546,2,827,0,1719,0,0,2,1453,0,536,2,1989,California
Lassen,2021-02-08,44,2590,4,831,40,1759,0,0,18,1445,26,562,18,2007,California
Lassen,2021-02-09,129,2719,8,839,121,1880,0,0,50,1416,79,641,50,2057,California
Lassen,2021-02-10,184,2903,21,860,163,2043,0,0,76,1384,108,749,76,2133,California
Lassen,2021-02-11,184,3087,16,876,168,2211,0,0,80,1361,103,852,80,2213,California
Lassen,2021-02-12,42,3129,11,887,31,2242,0,0,14,1347,28,880,14,2227,California
Lassen,2021-02-13,12,3141,3,890,9,2251,0,0,10,1355,2,882,10,2237,California
Lassen,2021-02-14,13,3154,0,890,13,2264,0,0,12,1366,1,883,12,2249,California
Lassen,2021-02-15,21,3175,2,892,19,2283,0,0,17,1379,4,887,17,2266,California
Lassen,2021-02-16,192,3367,4,896,188,2471,0,0,31,1251,159,1046,31,2297,California
Lassen,2021-02-17,183,3550,94,990,89,2560,0,0,10,1088,173,1219,10,2307,California
Lassen,2021-02-18,80,3630,22,1012,58,2618,0,0,20,1048,60,1279,20,2327,California
Lassen,2021-02-19,82,3712,62,1074,20,2638,0,0,18,1002,64,1343,18,2345,California
Lassen,2021-02-20,8,3720,0,1074,8,2646,0,0,6,1006,2,1345,6,2351,California
Lassen,2021-02-21,22,3742,2,1076,20,2666,0,0,18,1020,4,1349,18,2369,California
Lassen,2021-02-22,24,3766,10,1086,14,2680,0,0,6,1008,18,1367,6,2375,California
Lassen,2021-02-23,153,3919,10,1096,143,2823,0,0,41,937,112,1479,41,2416,California
Lassen,2021-02-24,165,4084,16,1112,149,2972,0,0,107,987,57,1536,107,2523,California
Lassen,2021-02-25,156,4240,19,1131,137,3109,0,0,99,1029,57,1593,99,2622,California
Lassen,2021-02-26,73,4313,16,1147,57,3166,0,0,36,1028,37,1630,36,2658,California
Lassen,2021-02-27,8,4321,7,1154,1,3167,0,0,3,1026,5,1635,3,2661,California
Lassen,2021-02-28,6,4327,1,1155,5,3172,0,0,3,1026,3,1638,3,2664,California
Lassen,2021-03-01,42,4369,4,1159,38,3210,0,0,8,1001,33,1671,8,2672,California
Lassen,2021-03-02,106,4475,8,1167,98,3308,0,0,80,1055,26,1697,80,2752,California
Lassen,2021-03-03,170,4645,12,1179,158,3466,0,0,113,1111,57,1754,113,2865,California
Lassen,2021-03-04,150,4795,17,1196,133,3599,0,0,100,1162,49,1803,100,2965,California
Lassen,2021-03-05,47,4842,7,1203,17,3616,23,23,11,1160,36,1839,34,2999,California
Lassen,2021-03-06,55,4897,4,1207,29,3645,22,45,5,1137,50,1889,27,3026,California
Lassen,2021-03-07,56,4953,1,1208,0,3645,55,100,1,1138,55,1944,56,3082,California
Lassen,2021-03-08,89,5042,2,1210,7,3652,80,180,3,1135,86,2030,83,3165,California
Lassen,2021-03-09,137,5179,11,1221,109,3761,17,197,88,1192,49,2079,106,3271,California
Lassen,2021-03-10,175,5354,10,1231,163,3924,2,199,79,1178,95,2174,81,3352,California
Lassen,2021-03-11,185,5539,16,1247,162,4086,7,206,113,1229,69,2243,120,3472,California
Lassen,2021-03-12,35,5574,18,1265,13,4099,4,210,12,1222,23,2266,16,3488,California
Lassen,2021-03-13,49,5623,0,1265,3,4102,46,256,1,1220,48,2314,46,3534,California
Lassen,2021-03-14,14,5637,2,1267,11,4113,1,257,2,1211,12,2326,3,3537,California
Lassen,2021-03-15,33,5670,2,1269,31,4144,0,257,16,1210,17,2343,16,3553,California
Lassen,2021-03-16,93,5763,2,1271,85,4229,6,263,74,1271,19,2362,80,3633,California
Lassen,2021-03-17,1083,6846,9,1280,1069,5298,5,268,1064,2321,19,2381,1069,4702,California
Lassen,2021-03-18,95,6941,9,1289,85,5383,1,269,81,2389,14,2395,82,4784,California
Lassen,2021-03-19,17,6958,11,1300,2,5385,4,273,7,2390,10,2405,11,4795,California
Lassen,2021-03-20,29,6987,3,1303,23,5408,3,276,22,2408,7,2412,25,4820,California
Lassen,2021-03-21,34,7021,0,1303,34,5442,0,276,14,2403,19,2431,14,4834,California
Lassen,2021-03-22,57,7078,1,1304,56,5498,0,276,54,2454,3,2434,54,4888,California
Lassen,2021-03-23,119,7197,11,1315,107,5605,1,277,67,2470,52,2486,68,4956,California
Lassen,2021-03-24,213,7410,13,1328,199,5804,1,278,107,2473,105,2591,108,5064,California
Lassen,2021-03-25,153,7563,22,1350,131,5935,0,278,70,2460,83,2674,70,5134,California
Lassen,2021-03-26,78,7641,13,1363,26,5961,39,317,19,2459,58,2732,57,5191,California
Lassen,2021-03-27,20,7661,4,1367,1,5962,15,332,3,2460,17,2749,18,5209,California
Lassen,2021-03-28,18,7679,3,1370,5,5967,10,342,4,2460,14,2763,14,5223,California
Lassen,2021-03-29,52,7731,0,1370,27,5994,25,367,20,2474,31,2794,45,5268,California
Lassen,2021-03-30,198,7929,10,1380,163,6157,25,392,51,2403,147,2941,76,5344,California
Lassen,2021-03-31,146,8075,12,1392,112,6269,22,414,62,2403,84,3025,84,5428,California
Lassen,2021-04-01,165,8240,15,1407,131,6400,19,433,48,2354,116,3141,67,5495,California
Lassen,2021-04-02,29,8269,4,1411,3,6403,22,455,2,2351,27,3168,24,5519,California
Lassen,2021-04-03,12,8281,0,1411,2,6405,10,465,0,2349,12,3180,10,5529,California
Lassen,2021-04-04,7,8288,2,1413,0,6405,5,470,1,2349,6,3186,6,5535,California
Lassen,2021-04-05,22,8310,4,1417,11,6416,7,477,11,2356,11,3197,18,5553,California
Lassen,2021-04-06,184,8494,9,1426,145,6561,30,507,53,2308,131,3328,83,5636,California
Lassen,2021-04-07,135,8629,6,1432,92,6653,37,544,32,2276,103,3431,71,5707,California
Lassen,2021-04-08,168,8797,9,1441,103,6756,56,600,32,2232,132,3563,88,5795,California
Lassen,2021-04-09,52,8849,6,1447,11,6767,35,635,9,2233,42,3605,43,5838,California
Lassen,2021-04-10,9,8858,0,1447,2,6769,7,642,0,2232,8,3613,7,5845,California
Lassen,2021-04-11,5,8863,2,1449,0,6769,3,645,2,2234,3,3616,5,5850,California
Lassen,2021-04-12,30,8893,2,1451,15,6784,13,658,2,2221,28,3644,15,5865,California
Lassen,2021-04-13,129,9022,6,1457,123,6907,0,658,40,2173,88,3732,40,5905,California
Lassen,2021-04-14,987,10009,16,1473,971,7878,0,658,51,1289,935,4667,51,5956,California
Lassen,2021-04-15,147,10156,14,1487,133,8011,0,658,19,1180,128,4795,19,5975,California
Lassen,2021-04-16,11,10167,4,1491,7,8018,0,658,5,1179,6,4801,5,5980,California
Lassen,2021-04-17,23,10190,2,1493,21,8039,0,658,3,1162,20,4821,3,5983,California
Lassen,2021-04-18,5,10195,2,1495,3,8042,0,658,2,1161,3,4824,2,5985,California
Lassen,2021-04-19,33,10228,0,1495,33,8075,0,658,17,1162,16,4840,17,6002,California
Lassen,2021-04-20,138,10366,7,1502,131,8206,0,658,52,1128,86,4926,52,6054,California
Lassen,2021-04-21,163,10529,10,1512,153,8359,0,658,32,1031,129,5055,32,6086,California
Lassen,2021-04-22,102,10631,16,1528,86,8445,0,658,33,995,69,5124,33,6119,California
Lassen,2021-04-23,28,10659,3,1531,25,8470,0,658,22,1011,6,5130,22,6141,California
Lassen,2021-04-24,10,10669,6,1537,4,8474,0,658,4,1009,6,5136,4,6145,California
Lassen,2021-04-25,5,10674,0,1537,4,8478,1,659,3,1011,2,5138,4,6149,California
Lassen,2021-04-26,40,10714,1,1538,35,8513,4,663,7,989,33,5171,11,6160,California
Lassen,2021-04-27,121,10835,10,1548,108,8621,3,666,69,1009,52,5223,72,6232,California
Lassen,2021-04-28,84,10919,8,1556,74,8695,2,668,31,989,53,5276,33,6265,California
Lassen,2021-04-29,67,10986,7,1563,57,8752,3,671,22,970,44,5320,25,6290,California
Lassen,2021-04-30,11,10997,7,1570,1,8753,3,674,3,968,8,5328,6,6296,California
Lassen,2021-05-01,4,11001,0,1570,3,8756,1,675,3,971,1,5329,4,6300,California
Lassen,2021-05-02,12,11013,8,1578,4,8760,0,675,8,975,4,5333,8,6308,California
Lassen,2021-05-03,19,11032,1,1579,11,8771,7,682,4,971,15,5348,11,6319,California
Lassen,2021-05-04,72,11104,4,1583,60,8831,8,690,20,947,52,5400,28,6347,California
Lassen,2021-05-05,81,11185,4,1587,67,8898,10,700,26,929,54,5454,36,6383,California
Lassen,2021-05-06,84,11269,21,1608,41,8939,22,722,24,915,60,5514,46,6429,California
Lassen,2021-05-07,47,11316,32,1640,10,8949,5,727,39,951,8,5522,44,6473,California
Lassen,2021-05-08,11,11327,0,1640,5,8954,6,733,4,954,7,5529,10,6483,California
Lassen,2021-05-09,3,11330,1,1641,0,8954,2,735,0,953,3,5532,2,6485,California
Lassen,2021-05-10,13,11343,1,1642,9,8963,3,738,7,957,6,5538,10,6495,California
Lassen,2021-05-11,70,11413,1,1643,60,9023,9,747,19,934,51,5589,28,6523,California
Lassen,2021-05-12,38,11451,4,1647,29,9052,5,752,9,919,29,5618,14,6537,California
Lassen,2021-05-13,21,11472,6,1653,14,9066,1,753,5,909,16,5634,6,6543,California
Los Angeles,2020-12-15,392,392,392,392,0,0,0,0,392,392,0,0,392,392,California
Los Angeles,2020-12-16,3364,3756,3364,3756,0,0,0,0,3364,3756,0,0,3364,3756,California
Los Angeles,2020-12-17,10234,13990,10234,13990,0,0,0,0,10235,13991,0,0,10235,13991,California
Los Angeles,2020-12-18,14525,28515,14502,28492,23,23,0,0,14525,28516,0,0,14525,28516,California
Los Angeles,2020-12-19,7230,35745,7222,35714,8,31,0,0,7231,35747,0,0,7231,35747,California
Los Angeles,2020-12-20,4596,40341,4588,40302,8,39,0,0,4598,40345,0,0,4598,40345,California
Los Angeles,2020-12-21,13703,54044,13688,53990,15,54,0,0,13703,54047,1,1,13703,54048,California
Los Angeles,2020-12-22,11527,65571,11146,65136,381,435,0,0,11528,65574,1,2,11528,65576,California
Los Angeles,2020-12-23,11894,77465,10137,75273,1757,2192,0,0,11895,77469,0,2,11895,77471,California
Los Angeles,2020-12-24,7020,84485,4254,79527,2766,4958,0,0,7023,84492,0,2,7023,84494,California
Los Angeles,2020-12-25,525,85010,419,79946,106,5064,0,0,525,85017,0,2,525,85019,California
Los Angeles,2020-12-26,2524,87534,2179,82125,345,5409,0,0,2524,87540,1,3,2524,87543,California
Los Angeles,2020-12-27,1759,89293,1028,83153,731,6140,0,0,1759,89299,0,3,1759,89302,California
Los Angeles,2020-12-28,10296,99589,6387,89540,3909,10049,0,0,10294,99592,1,4,10294,99596,California
Los Angeles,2020-12-29,11602,111191,6079,95619,5523,15572,0,0,11604,111196,0,4,11604,111200,California
Los Angeles,2020-12-30,14869,126060,8092,103711,6777,22349,0,0,14868,126064,0,4,14868,126068,California
Los Angeles,2020-12-31,7939,133999,2757,106468,5182,27531,0,0,7936,133998,2,6,7936,134004,California
Los Angeles,2021-01-01,1007,135006,273,106741,734,28265,0,0,1007,135005,0,6,1007,135011,California
Los Angeles,2021-01-02,4469,139475,1660,108401,2809,31074,0,0,4469,139474,0,6,4469,139480,California
Los Angeles,2021-01-03,950,140425,215,108616,735,31809,0,0,949,140422,1,7,949,140429,California
Los Angeles,2021-01-04,12716,153141,4887,113503,7829,39638,0,0,12701,153120,3,10,12701,153130,California
Los Angeles,2021-01-05,16057,169198,7091,120594,8966,48604,0,0,14155,165403,1875,1885,14158,167288,California
Los Angeles,2021-01-06,22688,191886,12081,132675,10607,59211,0,0,17094,176978,5526,7411,17101,184389,California
Los Angeles,2021-01-07,29374,221260,15815,148490,13559,72770,0,0,18864,185391,10465,17876,18878,203267,California
Los Angeles,2021-01-08,33131,254391,17909,166399,15222,87992,0,0,20900,194095,12205,30081,20909,224176,California
Los Angeles,2021-01-09,12375,266766,7083,173482,5292,93284,0,0,7503,196734,4870,34951,7509,231685,California
Los Angeles,2021-01-10,4681,271447,3632,177114,1049,94333,0,0,1948,195950,2733,37684,1949,233634,California
Los Angeles,2021-01-11,25818,297265,16263,193377,9555,103888,0,0,14874,199899,10934,48618,14883,248517,California
Los Angeles,2021-01-12,29246,326511,16091,209468,13155,117043,0,0,19108,208899,10120,58738,19120,267637,California
Los Angeles,2021-01-13,29282,355793,15644,225112,13638,130681,0,0,20334,220307,8931,67669,20339,287976,California
Los Angeles,2021-01-14,29271,385064,12728,237840,16543,147224,0,0,23759,238584,5492,73161,23769,311745,California
Los Angeles,2021-01-15,33834,418898,12379,250219,21455,168679,0,0,30256,265295,3553,76714,30264,342009,California
Los Angeles,2021-01-16,17567,436465,4969,255188,12598,181277,0,0,15791,279322,1768,78482,15795,357804,California
Los Angeles,2021-01-17,5196,441661,2313,257501,2883,184160,0,0,4949,284027,246,78728,4951,362755,California
Los Angeles,2021-01-18,15590,457251,10068,267569,5522,189682,0,0,10883,290218,4694,83422,10885,373640,California
Los Angeles,2021-01-19,38476,495727,20585,288154,17891,207573,0,0,30675,313144,7760,91182,30686,404326,California
Los Angeles,2021-01-20,45799,541526,23927,312081,21872,229445,0,0,38308,344001,7461,98643,38318,442644,California
Los Angeles,2021-01-21,48743,590269,22462,334543,26281,255726,0,0,44467,384269,4213,102856,44481,487125,California
Los Angeles,2021-01-22,47960,638229,22246,356789,25714,281440,0,0,44526,425416,3389,106245,44536,531661,California
Los Angeles,2021-01-23,33985,672214,15717,372506,18268,299708,0,0,31932,455340,2020,108265,31944,563605,California
Los Angeles,2021-01-24,15745,687959,12218,384724,3527,303235,0,0,15197,469998,540,108805,15198,578803,California
Los Angeles,2021-01-25,38802,726761,16473,401197,22329,325564,0,0,30297,491835,8476,117281,30313,609116,California
Los Angeles,2021-01-26,49324,776085,24506,425703,24818,350382,0,0,41123,524812,8166,125447,41143,650259,California
Los Angeles,2021-01-27,48581,824666,25850,451553,22731,373113,0,0,39334,555056,9110,134557,39354,689613,California
Los Angeles,2021-01-28,48651,873317,23138,474691,25513,398626,0,0,40228,586997,8301,142858,40242,729855,California
Los Angeles,2021-01-29,49312,922629,25434,500125,23878,422504,0,0,39243,616540,9715,152573,39258,769113,California
Los Angeles,2021-01-30,30020,952649,15419,515544,14601,437105,0,0,25865,638331,4078,156651,25869,794982,California
Los Angeles,2021-01-31,13033,965682,10392,525936,2641,439746,0,0,12101,649518,918,157569,12105,807087,California
Los Angeles,2021-02-01,38103,1003785,16243,542179,21860,461606,0,0,27809,667076,10261,167830,27819,834906,California
Los Angeles,2021-02-02,44265,1048050,17905,560084,26360,487966,0,0,32072,686999,12152,179982,32075,866981,California
Los Angeles,2021-02-03,52169,1100219,19583,579667,32586,520552,0,0,37266,709609,14662,194644,37272,904253,California
Los Angeles,2021-02-04,57203,1157422,20714,600381,36489,557041,0,0,39085,730897,17811,212455,39099,943352,California
Los Angeles,2021-02-05,61242,1218664,21067,621448,40175,597216,0,0,39309,748698,21516,233971,39317,982669,California
Los Angeles,2021-02-06,35533,1254197,13320,634768,22213,619429,0,0,27088,767440,8369,242340,27111,1009780,California
Los Angeles,2021-02-07,10829,1265026,8404,643172,2425,621854,0,0,8426,773484,2388,244728,8432,1018212,California
Los Angeles,2021-02-08,46749,1311775,21512,664684,25237,647091,0,0,30572,788017,16041,260769,30574,1048786,California
Los Angeles,2021-02-09,55783,1367558,24602,689286,31181,678272,0,0,28374,789066,27332,288101,28381,1077167,California
Los Angeles,2021-02-10,66933,1434491,29422,718708,37511,715783,0,0,30843,784204,35715,323816,30853,1108020,California
Los Angeles,2021-02-11,58014,1492505,30875,749583,27139,742922,0,0,28006,782649,29566,353382,28011,1136031,California
Los Angeles,2021-02-12,59556,1552061,29804,779387,29752,772674,0,0,25976,775403,33238,386620,25992,1162023,California
Los Angeles,2021-02-13,33800,1585861,19618,799005,14182,786856,0,0,15466,772658,18249,404869,15504,1177527,California
Los Angeles,2021-02-14,21897,1607758,14980,813985,6917,793773,0,0,8787,768398,13050,417919,8790,1186317,California
Los Angeles,2021-02-15,32457,1640215,15860,829845,16597,810370,0,0,17799,771609,14594,432513,17805,1204122,California
Los Angeles,2021-02-16,64018,1704233,32529,862374,31489,841859,0,0,29847,767388,34080,466593,29859,1233981,California
Los Angeles,2021-02-17,64500,1768733,34310,896684,30190,872049,0,0,26397,755863,37929,504522,26404,1260385,California
Los Angeles,2021-02-18,68302,1837035,34710,931394,33592,905641,0,0,28576,744904,39545,544067,28586,1288971,California
Los Angeles,2021-02-19,58098,1895133,35899,967293,22199,927840,0,0,28465,743851,29533,573600,28480,1317451,California
Los Angeles,2021-02-20,32782,1927915,23843,991136,8939,936779,0,0,15751,742623,16987,590587,15759,1333210,California
Los Angeles,2021-02-21,16809,1944724,15150,1006286,1659,938438,0,0,8535,742927,8234,598821,8538,1341748,California
Los Angeles,2021-02-22,34364,1979088,25000,1031286,9364,947802,0,0,17755,744157,16536,615357,17766,1359514,California
Los Angeles,2021-02-23,53732,2032820,22805,1054091,30927,978729,0,0,21156,732856,32468,647825,21167,1380681,California
Los Angeles,2021-02-24,64328,2097148,28437,1082528,35891,1014620,0,0,28330,725375,35829,683654,28348,1409029,California
Los Angeles,2021-02-25,73691,2170839,33778,1116306,39913,1054533,0,0,38689,729235,34842,718496,38702,1447731,California
Los Angeles,2021-02-26,83077,2253916,38629,1154935,44448,1098981,0,0,47574,741568,35271,753767,47604,1495335,California
Los Angeles,2021-02-27,58752,2312668,25057,1179992,33691,1132672,4,4,30018,743024,28589,782356,30045,1525380,California
Los Angeles,2021-02-28,26850,2339518,18528,1198520,8321,1140993,1,5,18870,754024,7878,790234,18878,1544258,California
Los Angeles,2021-03-01,55684,2395202,31200,1229720,24464,1165457,20,25,33758,766054,21764,811998,33794,1578052,California
Los Angeles,2021-03-02,71100,2466302,31557,1261277,39541,1204998,2,27,43462,782013,27516,839514,43475,1621527,California
Los Angeles,2021-03-03,82887,2549189,41651,1302928,41226,1246224,10,37,52112,803540,30617,870131,52144,1673671,California
Los Angeles,2021-03-04,89741,2638930,45796,1348724,43934,1290158,11,48,56625,827258,32936,903067,56654,1730325,California
Los Angeles,2021-03-05,87882,2726812,42720,1391444,45133,1335291,29,77,58589,856798,29111,932178,58651,1788976,California
Los Angeles,2021-03-06,66239,2793051,33293,1424737,31129,1366420,1817,1894,42657,877835,23440,955618,44477,1833453,California
Los Angeles,2021-03-07,25730,2818781,19333,1444070,5593,1372013,804,2698,19834,892601,5868,961486,20634,1854087,California
Los Angeles,2021-03-08,51469,2870250,26726,1470796,22795,1394808,1948,4646,38700,920577,12669,974155,40645,1894732,California
Los Angeles,2021-03-09,69069,2939319,26524,1497320,39269,1434077,3276,7922,41293,937512,27626,1001781,44561,1939293,California
Los Angeles,2021-03-10,79329,3018648,37390,1534710,37070,1471147,4869,12791,49695,962565,29474,1031255,54527,1993820,California
Los Angeles,2021-03-11,92329,3110977,45007,1579717,40646,1511793,6676,19467,54068,985189,38080,1069335,60704,2054524,California
Los Angeles,2021-03-12,97315,3208292,43307,1623024,40177,1551970,13831,33298,56626,1015096,40502,1109837,70409,2124933,California
Los Angeles,2021-03-13,74053,3282345,34478,1657502,27680,1579650,11895,45193,44007,1041018,29938,1139775,55860,2180793,California
Los Angeles,2021-03-14,38098,3320443,25418,1682920,10219,1589869,2461,47654,25497,1056416,12539,1152314,27937,2208730,California
Los Angeles,2021-03-15,73572,3394015,35563,1718483,32677,1622546,5332,52986,44906,1078155,28478,1180792,50217,2258947,California
Los Angeles,2021-03-16,98505,3492520,42657,1761140,50081,1672627,5767,58753,64375,1114315,33945,1214737,70105,2329052,California
Los Angeles,2021-03-17,95582,3588102,43018,1804158,44354,1716981,8210,66963,64287,1155604,31101,1245838,72390,2401442,California
Los Angeles,2021-03-18,100111,3688213,47430,1851588,47474,1764455,5207,72170,63856,1188671,35985,1281823,69052,2470494,California
Los Angeles,2021-03-19,106644,3794857,55170,1906758,46798,1811253,4676,76846,66309,1219540,40070,1321893,70939,2541433,California
Los Angeles,2021-03-20,75128,3869985,36620,1943378,33995,1845248,4513,81359,52061,1253199,22900,1344793,56559,2597992,California
Los Angeles,2021-03-21,33592,3903577,24794,1968172,7954,1853202,844,82203,21811,1264180,11673,1356466,22654,2620646,California
Los Angeles,2021-03-22,69545,3973122,40621,2008793,26925,1880127,1999,84202,49385,1295644,19917,1376383,51381,2672027,California
Los Angeles,2021-03-23,94950,4068072,50928,2059721,40960,1921087,3062,87264,62897,1329774,31814,1408197,65944,2737971,California
Los Angeles,2021-03-24,103601,4171673,54762,2114483,45883,1966970,2956,90220,61506,1352432,41793,1449990,64451,2802422,California
Los Angeles,2021-03-25,108715,4280388,58022,2172505,47003,2013973,3690,93910,62407,1372523,46041,1496031,66132,2868554,California
Los Angeles,2021-03-26,112653,4393041,61466,2233971,47083,2061056,4104,98014,64097,1392492,48300,1544331,68269,2936823,California
Los Angeles,2021-03-27,82077,4475118,42994,2276965,36953,2098009,2130,100144,42935,1398649,38907,1583238,45064,2981887,California
Los Angeles,2021-03-28,40895,4516013,27348,2304313,12964,2110973,583,100727,20777,1399988,20021,1603259,21360,3003247,California
Los Angeles,2021-03-29,81490,4597503,45959,2350272,33932,2144905,1599,102326,46702,1413681,34603,1637862,48296,3051543,California
Los Angeles,2021-03-30,107097,4704600,50508,2400780,50831,2195736,5758,108084,65632,1443795,41250,1679112,71364,3122907,California
Los Angeles,2021-03-31,120142,4824742,60345,2461125,51285,2247021,8512,116596,70297,1472995,49580,1728692,78780,3201687,California
Los Angeles,2021-04-01,130663,4955405,60997,2522122,54823,2301844,14843,131439,71119,1499646,59268,1787960,85919,3287606,California
Los Angeles,2021-04-02,128689,5084094,56950,2579072,56840,2358684,14899,146338,69093,1524385,59288,1847248,84027,3371633,California
Los Angeles,2021-04-03,96553,5180647,43990,2623062,39488,2398172,13075,159413,48146,1537324,48240,1895488,61179,3432812,California
Los Angeles,2021-04-04,38968,5219615,20363,2643425,12013,2410185,6592,166005,16714,1538409,22187,1917675,23272,3456084,California
Los Angeles,2021-04-05,93251,5312866,44142,2687567,38972,2449157,10137,176142,44897,1545223,48174,1965849,54988,3511072,California
Los Angeles,2021-04-06,120238,5433104,56594,2744161,43485,2492642,20159,196301,55858,1556982,64154,2030003,75913,3586985,California
Los Angeles,2021-04-07,118789,5551893,54049,2798210,43817,2536459,20923,217224,54367,1567982,64195,2094198,75195,3662180,California
Los Angeles,2021-04-08,131403,5683296,57875,2856085,49622,2586081,23906,241130,59963,1580550,71183,2165381,83751,3745931,California
Los Angeles,2021-04-09,129924,5813220,56221,2912306,49925,2636006,23778,264908,56419,1587402,73238,2238619,80090,3826021,California
Los Angeles,2021-04-10,100641,5913861,42730,2955036,34019,2670025,23892,288800,37312,1585383,63117,2301736,61098,3887119,California
Los Angeles,2021-04-11,41603,5955464,22491,2977527,9598,2679623,9514,298314,14503,1582320,27031,2328767,23968,3911087,California
Los Angeles,2021-04-12,78306,6033770,38314,3015841,33723,2713346,6269,304583,32615,1575660,45506,2374273,38846,3949933,California
Los Angeles,2021-04-13,116700,6150470,58721,3074562,57560,2770906,419,305002,61798,1583188,54695,2428968,62223,4012156,California
Los Angeles,2021-04-14,116842,6267312,58761,3133323,57953,2828859,128,305130,63526,1593788,53079,2482047,63679,4075835,California
Los Angeles,2021-04-15,127663,6394975,69195,3202518,58299,2887158,169,305299,73157,1612727,54265,2536312,73204,4149039,California
Los Angeles,2021-04-16,128170,6523145,68225,3270743,59805,2946963,140,305439,67819,1620540,60110,2596422,67923,4216962,California
Los Angeles,2021-04-17,96605,6619750,50566,3321309,46014,2992977,25,305464,54947,1634037,41473,2637895,54970,4271932,California
Los Angeles,2021-04-18,33771,6653521,22393,3343702,11377,3004354,1,305465,18651,1637637,15057,2652952,18657,4290589,California
Los Angeles,2021-04-19,74340,6727861,39456,3383158,34874,3039228,10,305475,33284,1630046,40900,2693852,33309,4323898,California
Los Angeles,2021-04-20,101060,6828921,49634,3432792,51407,3090635,19,305494,50213,1629645,50634,2744486,50233,4374131,California
Los Angeles,2021-04-21,108775,6937696,52401,3485193,56185,3146820,189,305683,48438,1618214,60060,2804546,48629,4422760,California
Los Angeles,2021-04-22,114272,7051968,58980,3544173,55258,3202078,34,305717,50165,1604594,63824,2868370,50204,4472964,California
Los Angeles,2021-04-23,113143,7165111,62100,3606273,51026,3253104,17,305734,53894,1599531,58978,2927348,53915,4526879,California
Los Angeles,2021-04-24,87482,7252593,56241,3662514,31215,3284319,26,305760,48790,1609866,38487,2965835,48822,4575701,California
Los Angeles,2021-04-25,37734,7290327,25076,3687590,12653,3296972,5,305765,20404,1613037,17238,2983073,20409,4596110,California
Los Angeles,2021-04-26,66980,7357307,35951,3723541,30582,3327554,447,306212,33144,1612968,33660,3016733,33591,4629701,California
Los Angeles,2021-04-27,83939,7441246,40272,3763813,41990,3369544,1677,307889,31840,1594610,51867,3068600,33509,4663210,California
Los Angeles,2021-04-28,84210,7525456,40757,3804570,41443,3410987,2010,309899,32843,1578343,51113,3119713,34846,4698056,California
Los Angeles,2021-04-29,90525,7615981,45292,3849862,43130,3454117,2103,312002,32098,1554441,58104,3177817,34202,4732258,California
Los Angeles,2021-04-30,98318,7714299,48837,3898699,47113,3501230,2368,314370,35784,1530388,62194,3240011,38141,4770399,California
Los Angeles,2021-05-01,74643,7788942,42028,3940727,31123,3532353,1492,315862,28248,1513943,46181,3286192,29736,4800135,California
Los Angeles,2021-05-02,27897,7816839,17896,3958623,9271,3541624,730,316592,10094,1507067,17698,3303890,10822,4810957,California
Los Angeles,2021-05-03,60106,7876945,29568,3988191,28381,3570005,2157,318749,21134,1491581,38764,3342654,23278,4834235,California
Los Angeles,2021-05-04,84779,7961724,46797,4034988,35784,3605789,2198,320947,25922,1461110,58579,3401233,28108,4862343,California
Los Angeles,2021-05-05,87662,8049386,51261,4086249,34116,3639905,2285,323232,23959,1423926,63421,3464654,26237,4888580,California
Los Angeles,2021-05-06,95129,8144515,57575,4143824,35101,3675006,2453,325685,22770,1377131,72002,3536656,25207,4913787,California
Los Angeles,2021-05-07,94320,8238835,56292,4200116,35705,3710711,2323,328008,25638,1336710,68362,3605018,27941,4941728,California
Los Angeles,2021-05-08,63061,8301896,41629,4241745,19824,3730535,1608,329616,17029,1309761,45578,3650596,18629,4960357,California
Los Angeles,2021-05-09,23695,8325591,17887,4259632,5078,3735613,730,330346,6063,1299123,17427,3668023,6789,4967146,California
Los Angeles,2021-05-10,47675,8373266,25126,4284758,20737,3756350,1812,332158,14258,1282064,33122,3701145,16063,4983209,California
Los Angeles,2021-05-11,56553,8429819,31555,4316313,23163,3779513,1835,333993,15188,1257905,41163,3742308,17004,5000213,California
Los Angeles,2021-05-12,53629,8483448,30415,4346728,21382,3800895,1832,335825,15724,1237772,37674,3779982,17541,5017754,California
Los Angeles,2021-05-13,39014,8522462,26509,4373237,11541,3812436,964,336789,11578,1223082,27229,3807211,12539,5030293,California
Madera,2020-12-16,22,22,22,22,0,0,0,0,22,22,0,0,22,22,California
Madera,2020-12-17,13,35,13,35,0,0,0,0,13,35,0,0,13,35,California
Madera,2020-12-18,60,95,60,95,0,0,0,0,60,95,0,0,60,95,California
Madera,2020-12-19,5,100,5,100,0,0,0,0,5,100,0,0,5,100,California
Madera,2020-12-20,14,114,14,114,0,0,0,0,14,114,0,0,14,114,California
Madera,2020-12-21,60,174,60,174,0,0,0,0,60,174,0,0,60,174,California
Madera,2020-12-22,98,272,96,270,2,2,0,0,98,272,0,0,98,272,California
Madera,2020-12-23,67,339,67,337,0,2,0,0,67,339,0,0,67,339,California
Madera,2020-12-24,45,384,40,377,5,7,0,0,45,384,0,0,45,384,California
Madera,2020-12-26,28,412,26,403,2,9,0,0,28,412,0,0,28,412,California
Madera,2020-12-27,30,442,12,415,18,27,0,0,30,442,0,0,30,442,California
Madera,2020-12-28,107,549,37,452,70,97,0,0,107,549,0,0,107,549,California
Madera,2020-12-29,175,724,40,492,135,232,0,0,175,724,0,0,175,724,California
Madera,2020-12-30,218,942,86,578,132,364,0,0,218,942,0,0,218,942,California
Madera,2020-12-31,200,1142,80,658,120,484,0,0,200,1142,0,0,200,1142,California
Madera,2021-01-01,1,1143,1,659,0,484,0,0,1,1143,0,0,1,1143,California
Madera,2021-01-02,89,1232,33,692,56,540,0,0,89,1232,0,0,89,1232,California
Madera,2021-01-03,5,1237,5,697,0,540,0,0,5,1237,0,0,5,1237,California
Madera,2021-01-04,129,1366,65,762,64,604,0,0,129,1366,0,0,129,1366,California
Madera,2021-01-05,279,1645,143,905,136,740,0,0,275,1637,4,4,275,1641,California
Madera,2021-01-06,184,1829,27,932,157,897,0,0,164,1781,20,24,164,1805,California
Madera,2021-01-07,396,2225,113,1045,283,1180,0,0,374,2133,22,46,374,2179,California
Madera,2021-01-08,418,2643,72,1117,346,1526,0,0,363,2443,54,100,364,2543,California
Madera,2021-01-09,37,2680,14,1131,23,1549,0,0,28,2462,9,109,28,2571,California
Madera,2021-01-10,17,2697,14,1145,3,1552,0,0,5,2455,12,121,5,2576,California
Madera,2021-01-11,237,2934,189,1334,48,1600,0,0,195,2608,42,163,195,2771,California
Madera,2021-01-12,391,3325,158,1492,233,1833,0,0,285,2787,106,269,285,3056,California
Madera,2021-01-13,185,3510,91,1583,94,1927,0,0,129,2861,56,325,130,3186,California
Madera,2021-01-14,554,4064,82,1665,472,2399,0,0,520,3347,34,359,520,3706,California
Madera,2021-01-15,599,4663,160,1825,439,2838,0,0,578,3904,21,380,578,4284,California
Madera,2021-01-16,382,5045,47,1872,335,3173,0,0,353,4228,29,409,353,4637,California
Madera,2021-01-17,335,5380,15,1887,320,3493,0,0,331,4555,4,413,331,4968,California
Madera,2021-01-18,77,5457,61,1948,16,3509,0,0,58,4595,18,431,58,5026,California
Madera,2021-01-19,571,6028,135,2083,436,3945,0,0,544,5113,27,458,545,5571,California
Madera,2021-01-20,235,6263,80,2163,155,4100,0,0,207,5293,27,485,207,5778,California
Madera,2021-01-21,238,6501,131,2294,107,4207,0,0,205,5467,31,516,205,5983,California
Madera,2021-01-22,257,6758,83,2377,174,4381,0,0,243,5696,14,530,243,6226,California
Madera,2021-01-23,100,6858,52,2429,48,4429,0,0,76,5748,24,554,76,6302,California
Madera,2021-01-24,101,6959,82,2511,19,4448,0,0,78,5803,23,577,78,6380,California
Madera,2021-01-25,255,7214,124,2635,131,4579,0,0,141,5830,114,691,141,6521,California
Madera,2021-01-26,483,7697,189,2824,294,4873,0,0,294,5937,188,879,295,6816,California
Madera,2021-01-27,737,8434,63,2887,674,5547,0,0,600,6402,137,1016,602,7418,California
Madera,2021-01-28,543,8977,107,2994,436,5983,0,0,440,6739,103,1119,440,7858,California
Madera,2021-01-29,467,9444,95,3089,372,6355,0,0,412,7096,55,1174,412,8270,California
Madera,2021-01-30,505,9949,16,3105,489,6844,0,0,451,7493,54,1228,451,8721,California
Madera,2021-01-31,9,9958,6,3111,3,6847,0,0,8,7500,1,1229,8,8729,California
Madera,2021-02-01,257,10215,73,3184,184,7031,0,0,197,7637,60,1289,197,8926,California
Madera,2021-02-02,252,10467,87,3271,165,7196,0,0,162,7711,89,1378,163,9089,California
Madera,2021-02-03,594,11061,460,3731,134,7330,0,0,474,8068,118,1496,475,9564,California
Madera,2021-02-04,389,11450,121,3852,268,7598,0,0,112,7905,276,1772,113,9677,California
Madera,2021-02-05,975,12425,297,4149,678,8276,0,0,369,7674,601,2373,370,10047,California
Madera,2021-02-06,359,12784,324,4473,35,8311,0,0,320,7956,38,2411,320,10367,California
Madera,2021-02-07,35,12819,7,4480,28,8339,0,0,30,7981,5,2416,30,10397,California
Madera,2021-02-08,384,13203,308,4788,76,8415,0,0,270,8138,113,2529,270,10667,California
Madera,2021-02-09,480,13683,119,4907,361,8776,0,0,198,8058,279,2808,199,10866,California
Madera,2021-02-10,431,14114,149,5056,282,9058,0,0,325,8277,106,2914,325,11191,California
Madera,2021-02-11,935,15049,307,5363,628,9686,0,0,406,8156,528,3442,407,11598,California
Madera,2021-02-12,843,15892,120,5483,723,10409,0,0,311,7944,526,3968,314,11912,California
Madera,2021-02-13,484,16376,43,5526,441,10850,0,0,138,7739,345,4313,140,12052,California
Madera,2021-02-14,399,16775,75,5601,324,11174,0,0,137,7615,262,4575,138,12190,California
Madera,2021-02-15,244,17019,98,5699,146,11320,0,0,175,7722,68,4643,175,12365,California
Madera,2021-02-16,774,17793,183,5882,591,11911,0,0,229,7409,543,5186,230,12595,California
Madera,2021-02-17,610,18403,274,6156,336,12247,0,0,340,7486,265,5451,342,12937,California
Madera,2021-02-18,1299,19702,540,6696,759,13006,0,0,1120,8428,179,5630,1121,14058,California
Madera,2021-02-19,859,20561,543,7239,316,13322,0,0,717,9004,142,5772,718,14776,California
Madera,2021-02-20,1071,21632,980,8219,91,13413,0,0,1000,9935,70,5842,1001,15777,California
Madera,2021-02-21,962,22594,819,9038,143,13556,0,0,957,10887,5,5847,957,16734,California
Madera,2021-02-22,909,23503,833,9871,76,13632,0,0,855,11688,54,5901,855,17589,California
Madera,2021-02-23,770,24273,497,10368,273,13905,0,0,550,12019,219,6120,550,18139,California
Madera,2021-02-24,906,25179,299,10667,607,14512,0,0,377,11868,528,6648,377,18516,California
Madera,2021-02-25,1017,26196,306,10973,711,15223,0,0,587,12027,428,7076,587,19103,California
Madera,2021-02-26,1074,27270,185,11158,889,16112,0,0,698,12351,374,7450,698,19801,California
Madera,2021-02-27,872,28142,245,11403,627,16739,0,0,449,12383,420,7870,452,20253,California
Madera,2021-02-28,189,28331,29,11432,160,16899,0,0,183,12560,6,7876,183,20436,California
Madera,2021-03-01,375,28706,120,11552,255,17154,0,0,195,12577,178,8054,195,20631,California
Madera,2021-03-02,656,29362,269,11821,387,17541,0,0,543,13008,113,8167,544,21175,California
Madera,2021-03-03,1329,30691,707,12528,622,18163,0,0,927,13560,399,8566,951,22126,California
Madera,2021-03-04,1181,31872,507,13035,674,18837,0,0,936,14253,246,8812,939,23065,California
Madera,2021-03-05,1330,33202,408,13443,909,19746,13,13,1065,15079,263,9075,1089,24154,California
Madera,2021-03-06,802,34004,621,14064,149,19895,32,45,484,15279,317,9392,517,24671,California
Madera,2021-03-07,153,34157,27,14091,104,19999,22,67,103,15354,50,9442,125,24796,California
Madera,2021-03-08,597,34754,336,14427,202,20201,59,126,304,15426,293,9735,365,25161,California
Madera,2021-03-09,457,35211,160,14587,263,20464,34,160,279,15571,176,9911,321,25482,California
Madera,2021-03-10,1136,36347,511,15098,547,21011,78,238,707,15932,425,10336,786,26268,California
Madera,2021-03-11,1660,38007,844,15942,484,21495,332,570,749,16115,909,11245,1092,27360,California
Madera,2021-03-12,1528,39535,777,16719,596,22091,155,725,752,16273,774,12019,932,28292,California
Madera,2021-03-13,1813,41348,1269,17988,346,22437,198,923,746,16168,1065,13084,960,29252,California
Madera,2021-03-14,582,41930,447,18435,102,22539,33,956,292,16206,287,13371,325,29577,California
Madera,2021-03-15,738,42668,222,18657,469,23008,47,1003,514,16571,221,13592,586,30163,California
Madera,2021-03-16,825,43493,422,19079,356,23364,47,1050,642,17097,180,13772,706,30869,California
Madera,2021-03-17,1416,44909,932,20011,421,23785,63,1113,862,17566,546,14318,1015,31884,California
Madera,2021-03-18,1875,46784,649,20660,1166,24951,60,1173,911,17664,957,15275,1055,32939,California
Madera,2021-03-19,1522,48306,587,21247,851,25802,84,1257,987,18272,529,15804,1137,34076,California
Madera,2021-03-20,1132,49438,772,22019,309,26111,51,1308,582,18405,548,16352,681,34757,California
Madera,2021-03-21,1073,50511,872,22891,156,26267,45,1353,357,18095,713,17065,403,35160,California
Madera,2021-03-22,1359,51870,851,23742,440,26707,68,1421,686,18221,670,17735,796,35956,California
Madera,2021-03-23,1396,53266,839,24581,466,27173,91,1512,734,18468,660,18395,907,36863,California
Madera,2021-03-24,906,54172,470,25051,405,27578,31,1543,601,18801,303,18698,636,37499,California
Madera,2021-03-25,1128,55300,492,25543,612,28190,24,1567,648,19017,469,19167,685,38184,California
Madera,2021-03-26,1440,56740,511,26054,797,28987,132,1699,673,19064,761,19928,808,38992,California
Madera,2021-03-27,831,57571,530,26584,279,29266,22,1721,373,19008,452,20380,396,39388,California
Madera,2021-03-28,420,57991,137,26721,222,29488,61,1782,230,19163,189,20569,344,39732,California
Madera,2021-03-29,681,58672,179,26900,475,29963,27,1809,489,19495,188,20757,520,40252,California
Madera,2021-03-30,1018,59690,562,27462,424,30387,32,1841,557,19627,458,21215,590,40842,California
Madera,2021-03-31,1321,61011,488,27950,698,31085,135,1976,446,19341,869,22084,583,41425,California
Madera,2021-04-01,1251,62262,538,28488,661,31746,52,2028,441,19027,805,22889,491,41916,California
Madera,2021-04-02,1537,63799,409,28897,1069,32815,59,2087,470,18501,1056,23945,530,42446,California
Madera,2021-04-03,884,64683,688,29585,176,32991,20,2107,386,18421,496,24441,416,42862,California
Madera,2021-04-04,187,64870,65,29650,120,33111,2,2109,88,18412,99,24540,90,42952,California
Madera,2021-04-05,736,65606,256,29906,422,33533,58,2167,341,18431,394,24934,413,43365,California
Madera,2021-04-06,1691,67297,878,30784,464,33997,349,2516,634,18357,1056,25990,982,44347,California
Madera,2021-04-07,1199,68496,371,31155,679,34676,149,2665,456,18227,740,26730,610,44957,California
Madera,2021-04-08,1696,70192,655,31810,784,35460,257,2922,567,17935,1122,27852,830,45787,California
Madera,2021-04-09,1610,71802,672,32482,789,36249,149,3071,938,18359,666,28518,1090,46877,California
Madera,2021-04-10,955,72757,679,33161,209,36458,67,3138,710,18891,246,28764,778,47655,California
Madera,2021-04-11,792,73549,640,33801,74,36532,78,3216,302,18782,487,29251,378,48033,California
Madera,2021-04-12,780,74329,268,34069,434,36966,78,3294,303,18687,477,29728,382,48415,California
Madera,2021-04-13,1231,75560,608,34677,582,37548,41,3335,725,18959,504,30232,776,49191,California
Madera,2021-04-14,1360,76920,837,35514,523,38071,0,3335,580,18763,782,31014,586,49777,California
Madera,2021-04-15,1124,78044,470,35984,653,38724,1,3336,448,18549,664,31678,450,50227,California
Madera,2021-04-16,1284,79328,519,36503,765,39489,0,3336,444,18165,829,32507,445,50672,California
Madera,2021-04-17,1262,80590,1063,37566,199,39688,0,3336,823,18549,439,32946,823,51495,California
Madera,2021-04-18,244,80834,207,37773,37,39725,0,3336,99,18504,144,33090,99,51594,California
Madera,2021-04-19,797,81631,231,38004,565,40290,1,3337,270,18254,521,33611,271,51865,California
Madera,2021-04-20,867,82498,425,38429,442,40732,0,3337,237,17866,627,34238,239,52104,California
Madera,2021-04-21,852,83350,445,38874,407,41139,0,3337,297,17610,555,34793,299,52403,California
Madera,2021-04-22,1058,84408,509,39383,549,41688,0,3337,392,17341,662,35455,393,52796,California
Madera,2021-04-23,962,85370,306,39689,655,42343,1,3338,348,17081,609,36064,349,53145,California
Madera,2021-04-24,703,86073,463,40152,240,42583,0,3338,281,16945,418,36482,282,53427,California
Madera,2021-04-25,265,86338,161,40313,101,42684,3,3341,118,16924,143,36625,122,53549,California
Madera,2021-04-26,506,86844,89,40402,411,43095,6,3347,103,16632,401,37026,109,53658,California
Madera,2021-04-27,556,87400,257,40659,278,43373,21,3368,297,16693,258,37284,319,53977,California
Madera,2021-04-28,472,87872,196,40855,257,43630,19,3387,235,16711,235,37519,253,54230,California
Madera,2021-04-29,518,88390,240,41095,251,43881,27,3414,253,16733,258,37777,280,54510,California
Madera,2021-04-30,919,89309,503,41598,400,44281,16,3430,261,16357,653,38430,277,54787,California
Madera,2021-05-01,958,90267,865,42463,80,44361,13,3443,390,16192,568,38998,403,55190,California
Madera,2021-05-02,398,90665,350,42813,44,44405,4,3447,149,16096,249,39247,153,55343,California
Madera,2021-05-03,504,91169,202,43015,262,44667,40,3487,102,15839,399,39646,142,55485,California
Madera,2021-05-04,873,92042,428,43443,405,45072,40,3527,212,15430,661,40307,252,55737,California
Madera,2021-05-05,992,93034,471,43914,462,45534,59,3586,273,15045,717,41024,332,56069,California
Madera,2021-05-06,688,93722,243,44157,414,45948,31,3617,153,14699,530,41554,184,56253,California
Madera,2021-05-07,803,94525,278,44435,504,46452,21,3638,192,14305,606,42160,212,56465,California
Madera,2021-05-08,967,95492,755,45190,202,46654,10,3648,187,13723,779,42939,197,56662,California
Madera,2021-05-09,145,95637,19,45209,115,46769,11,3659,34,13658,110,43049,45,56707,California
Madera,2021-05-10,342,95979,73,45282,257,47026,12,3671,102,13533,239,43288,114,56821,California
Madera,2021-05-11,512,96491,175,45457,329,47355,8,3679,160,13351,350,43638,168,56989,California
Madera,2021-05-12,455,96946,212,45669,207,47562,36,3715,111,13155,343,43981,147,57136,California
Madera,2021-05-13,379,97325,242,45911,108,47670,29,3744,102,13012,274,44255,131,57267,California
Marin,2020-12-15,2,2,2,2,0,0,0,0,2,2,0,0,2,2,California
Marin,2020-12-16,107,109,107,109,0,0,0,0,107,109,0,0,107,109,California
Marin,2020-12-17,261,370,261,370,0,0,0,0,261,370,0,0,261,370,California
Marin,2020-12-18,373,743,373,743,0,0,0,0,373,743,0,0,373,743,California
Marin,2020-12-19,348,1091,347,1090,1,1,0,0,348,1091,0,0,348,1091,California
Marin,2020-12-20,167,1258,166,1256,1,2,0,0,167,1258,0,0,167,1258,California
Marin,2020-12-21,238,1496,235,1491,3,5,0,0,238,1496,0,0,238,1496,California
Marin,2020-12-22,521,2017,317,1808,204,209,0,0,521,2017,0,0,521,2017,California
Marin,2020-12-23,730,2747,321,2129,409,618,0,0,730,2747,0,0,730,2747,California
Marin,2020-12-24,357,3104,159,2288,198,816,0,0,357,3104,0,0,357,3104,California
Marin,2020-12-25,27,3131,0,2288,27,843,0,0,27,3131,0,0,27,3131,California
Marin,2020-12-26,143,3274,93,2381,50,893,0,0,143,3274,0,0,143,3274,California
Marin,2020-12-27,92,3366,55,2436,37,930,0,0,92,3366,0,0,92,3366,California
Marin,2020-12-28,408,3774,99,2535,309,1239,0,0,408,3774,0,0,408,3774,California
Marin,2020-12-29,402,4176,88,2623,314,1553,0,0,402,4176,0,0,402,4176,California
Marin,2020-12-30,626,4802,388,3011,238,1791,0,0,626,4802,0,0,626,4802,California
Marin,2020-12-31,197,4999,34,3045,163,1954,0,0,197,4999,0,0,197,4999,California
Marin,2021-01-01,17,5016,7,3052,10,1964,0,0,17,5016,0,0,17,5016,California
Marin,2021-01-02,108,5124,102,3154,6,1970,0,0,108,5124,0,0,108,5124,California
Marin,2021-01-03,54,5178,36,3190,18,1988,0,0,51,5175,0,0,51,5175,California
Marin,2021-01-04,296,5474,192,3382,104,2092,0,0,295,5469,1,1,295,5470,California
Marin,2021-01-05,369,5843,222,3604,147,2239,0,0,326,5752,43,44,326,5796,California
Marin,2021-01-06,819,6662,318,3922,501,2740,0,0,641,6215,178,222,641,6437,California
Marin,2021-01-07,890,7552,503,4425,387,3127,0,0,543,6411,347,569,543,6980,California
Marin,2021-01-08,970,8522,514,4939,456,3583,0,0,594,6630,375,944,594,7574,California
Marin,2021-01-09,620,9142,224,5163,396,3979,0,0,488,6986,132,1076,488,8062,California
Marin,2021-01-10,129,9271,100,5263,29,4008,0,0,55,6967,74,1150,55,8117,California
Marin,2021-01-11,468,9739,326,5589,142,4150,0,0,248,6997,220,1370,250,8367,California
Marin,2021-01-12,934,10673,538,6127,396,4546,0,0,567,7200,364,1734,567,8934,California
Marin,2021-01-13,1177,11850,499,6626,678,5224,0,0,939,7901,238,1972,939,9873,California
Marin,2021-01-14,1068,12918,318,6944,750,5974,0,0,918,8671,148,2120,918,10791,California
Marin,2021-01-15,1157,14075,354,7298,803,6777,0,0,1027,9570,129,2249,1028,11819,California
Marin,2021-01-16,1121,15196,914,8212,207,6984,0,0,1047,10543,74,2323,1047,12866,California
Marin,2021-01-17,1232,16428,1113,9325,119,7103,0,0,1203,11721,28,2351,1206,14072,California
Marin,2021-01-18,360,16788,159,9484,201,7304,0,0,309,11979,51,2402,309,14381,California
Marin,2021-01-19,1154,17942,912,10396,242,7546,0,0,982,12790,171,2573,982,15363,California
Marin,2021-01-20,1792,19734,1210,11606,582,8128,0,0,1062,13133,719,3292,1062,16425,California
Marin,2021-01-21,1685,21419,1060,12666,625,8753,0,0,1331,14115,351,3643,1333,17758,California
Marin,2021-01-22,1700,23119,1088,13754,612,9365,0,0,1532,15479,168,3811,1532,19290,California
Marin,2021-01-23,1843,24962,1341,15095,502,9867,0,0,1754,17145,88,3899,1754,21044,California
Marin,2021-01-24,615,25577,166,15261,449,10316,0,0,583,17696,32,3931,583,21627,California
Marin,2021-01-25,1128,26705,229,15490,899,11215,0,0,693,17955,435,4366,694,22321,California
Marin,2021-01-26,1505,28210,783,16273,722,11937,0,0,1130,18711,374,4740,1130,23451,California
Marin,2021-01-27,1714,29924,886,17159,828,12765,0,0,1352,19704,360,5100,1353,24804,California
Marin,2021-01-28,2080,32004,1071,18230,1009,13774,0,0,1816,21258,263,5363,1817,26621,California
Marin,2021-01-29,2195,34199,1446,19676,749,14523,0,0,1990,23056,193,5556,1991,28612,California
Marin,2021-01-30,1721,35920,906,20582,815,15338,0,0,1642,24620,79,5635,1643,30255,California
Marin,2021-01-31,458,36378,321,20903,137,15475,0,0,432,25026,26,5661,432,30687,California
Marin,2021-02-01,1092,37470,417,21320,675,16150,0,0,893,25721,199,5860,894,31581,California
Marin,2021-02-02,1351,38821,463,21783,888,17038,0,0,722,25825,618,6478,722,32303,California
Marin,2021-02-03,1781,40602,430,22213,1351,18389,0,0,1255,26555,525,7003,1255,33558,California
Marin,2021-02-04,1540,42142,513,22726,1027,19416,0,0,937,26892,600,7603,937,34495,California
Marin,2021-02-05,2180,44322,683,23409,1497,20913,0,0,1342,27400,834,8437,1342,35837,California
Marin,2021-02-06,1426,45748,850,24259,576,21489,0,0,604,27183,821,9258,604,36441,California
Marin,2021-02-07,1290,47038,1008,25267,282,21771,0,0,488,26870,801,10059,488,36929,California
Marin,2021-02-08,1521,48559,754,26021,767,22538,0,0,726,26803,793,10852,726,37655,California
Marin,2021-02-09,1781,50340,1122,27143,659,23197,0,0,835,26692,946,11798,835,38490,California
Marin,2021-02-10,2339,52679,1492,28635,847,24044,0,0,1218,26792,1119,12917,1219,39709,California
Marin,2021-02-11,2869,55548,1643,30278,1226,25270,0,0,1454,26840,1409,14326,1457,41166,California
Marin,2021-02-12,3064,58612,1540,31818,1524,26794,0,0,1563,26905,1498,15824,1563,42729,California
Marin,2021-02-13,2338,60950,1243,33061,1095,27889,0,0,1130,26829,1206,17030,1130,43859,California
Marin,2021-02-14,812,61762,302,33363,510,28399,0,0,719,27456,93,17123,720,44579,California
Marin,2021-02-15,1215,62977,355,33718,860,29259,0,0,835,27913,379,17502,836,45415,California
Marin,2021-02-16,2465,65442,1057,34775,1408,30667,0,0,1504,28457,960,18462,1504,46919,California
Marin,2021-02-17,2100,67542,942,35717,1158,31825,0,0,1087,28534,1011,19473,1088,48007,California
Marin,2021-02-18,2417,69959,1582,37299,835,32660,0,0,1058,28234,1358,20831,1058,49065,California
Marin,2021-02-19,2762,72721,2157,39456,605,33265,0,0,1220,27926,1529,22360,1221,50286,California
Marin,2021-02-20,2565,75286,2112,41568,453,33718,0,0,1216,27801,1342,23702,1217,51503,California
Marin,2021-02-21,1285,76571,1092,42660,193,33911,0,0,908,28336,373,24075,908,52411,California
Marin,2021-02-22,1829,78400,1409,44069,420,34331,0,0,1216,28941,611,24686,1216,53627,California
Marin,2021-02-23,2836,81236,1615,45684,1221,35552,0,0,1908,29932,918,25604,1909,55536,California
Marin,2021-02-24,3510,84746,1609,47293,1901,37453,0,0,2251,30932,1252,26856,2252,57788,California
Marin,2021-02-25,3934,88680,1811,49104,2123,39576,0,0,2776,32558,1151,28007,2777,60565,California
Marin,2021-02-26,3495,92175,1890,50994,1605,41181,0,0,2536,34148,947,28954,2537,63102,California
Marin,2021-02-27,2611,94786,1494,52488,1117,42298,0,0,1777,35096,831,29785,1779,64881,California
Marin,2021-02-28,1380,96166,919,53407,461,42759,0,0,1043,35805,334,30119,1043,65924,California
Marin,2021-03-01,2494,98660,1547,54954,947,43706,0,0,1676,36669,812,30931,1676,67600,California
Marin,2021-03-02,2449,101109,1611,56565,837,44543,1,1,1696,37616,750,31681,1697,69297,California
Marin,2021-03-03,4320,105429,2402,58967,1914,46457,4,5,2798,38901,1517,33198,2802,72099,California
Marin,2021-03-04,3349,108778,1651,60618,1697,48154,1,6,2336,40235,1006,34204,2340,74439,California
Marin,2021-03-05,3039,111817,1142,61760,1885,50039,12,18,1781,40774,1254,35458,1793,76232,California
Marin,2021-03-06,3219,115036,2306,64066,835,50874,78,96,2645,42927,569,36027,2722,78954,California
Marin,2021-03-07,1371,116407,1153,65219,194,51068,24,120,981,43546,386,36413,1005,79959,California
Marin,2021-03-08,1873,118280,1369,66588,387,51455,117,237,1406,44605,464,36877,1523,81482,California
Marin,2021-03-09,2101,120381,1220,67808,774,52229,107,344,1429,45471,670,37547,1536,83018,California
Marin,2021-03-10,4405,124786,2460,70268,1662,53891,283,627,3175,47705,1226,38773,3460,86478,California
Marin,2021-03-11,4567,129353,1876,72144,2556,56447,135,762,3273,49826,1287,40060,3408,89886,California
Marin,2021-03-12,3979,133332,1539,73683,2084,58531,356,1118,1566,49346,2402,42462,1922,91808,California
Marin,2021-03-13,4095,137427,2858,76541,1165,59696,72,1190,2420,50160,1673,44135,2487,94295,California
Marin,2021-03-14,2274,139701,1096,77637,1061,60757,117,1307,726,49456,1546,45681,842,95137,California
Marin,2021-03-15,3232,142933,1765,79402,1419,62176,48,1355,1219,48720,2002,47683,1266,96403,California
Marin,2021-03-16,4304,147237,2316,81718,1624,63800,364,1719,1525,47831,2776,50459,1887,98290,California
Marin,2021-03-17,4176,151413,2265,83983,1866,65666,45,1764,2055,47820,2110,52569,2099,100389,California
Marin,2021-03-18,4486,155899,2259,86242,2152,67818,75,1839,2250,47922,2220,54789,2322,102711,California
Marin,2021-03-19,4467,160366,2282,88524,1966,69784,219,2058,2429,48539,2029,56818,2646,105357,California
Marin,2021-03-20,3575,163941,1981,90505,1480,71264,114,2172,2033,49152,1535,58353,2148,107505,California
Marin,2021-03-21,1536,165477,1131,91636,380,71644,25,2197,800,49243,734,59087,825,108330,California
Marin,2021-03-22,2468,167945,2134,93770,169,71813,165,2362,993,48930,1471,60558,1158,109488,California
Marin,2021-03-23,4247,172192,2199,95969,1918,73731,130,2492,1930,48679,2311,62869,2060,111548,California
Marin,2021-03-24,4422,176614,2900,98869,1418,75149,104,2596,1801,47972,2610,65479,1903,113451,California
Marin,2021-03-25,4641,181255,2835,101704,1738,76887,68,2664,2267,47944,2361,67840,2333,115784,California
Marin,2021-03-26,4289,185544,2329,104033,1746,78633,214,2878,2421,48728,1851,69691,2635,118419,California
Marin,2021-03-27,3708,189252,2661,106694,1028,79661,19,2897,1152,47361,2546,72237,1179,119598,California
Marin,2021-03-28,2381,191633,1720,108414,655,80316,6,2903,1105,47202,1270,73507,1111,120709,California
Marin,2021-03-29,2687,194320,2092,110506,570,80886,25,2928,1185,46913,1500,75007,1211,121920,California
Marin,2021-03-30,4653,198973,3643,114149,977,81863,33,2961,3054,48404,1596,76603,3087,125007,California
Marin,2021-03-31,5798,204771,4105,118254,1644,83507,49,3010,2576,47819,3210,79813,2625,127632,California
Marin,2021-04-01,4411,209182,2276,120530,1884,85391,251,3261,2125,47918,2277,82090,2376,130008,California
Marin,2021-04-02,3702,212884,1840,122370,1499,86890,363,3624,1983,48549,1712,83802,2343,132351,California
Marin,2021-04-03,3853,216737,2528,124898,954,87844,371,3995,1476,48031,2365,86167,1847,134198,California
Marin,2021-04-04,1641,218378,1231,126129,207,88051,203,4198,1199,48993,440,86607,1402,135600,California
Marin,2021-04-05,2195,220573,1525,127654,299,88350,371,4569,1266,49704,924,87531,1635,137235,California
Marin,2021-04-06,3949,224522,2109,129763,1290,89640,550,5119,2193,50693,1751,89282,2740,139975,California
Marin,2021-04-07,3921,228443,1986,131749,1296,90936,639,5758,1434,50286,2480,91762,2073,142048,California
Marin,2021-04-08,4998,233441,1957,133706,2434,93370,607,6365,2283,50460,2706,94468,2880,144928,California
Marin,2021-04-09,3954,237395,1543,135249,1686,95056,725,7090,1303,49839,2646,97114,2025,146953,California
Marin,2021-04-10,3183,240578,1460,136709,1291,96347,432,7522,1434,49964,1739,98853,1864,148817,California
Marin,2021-04-11,1058,241636,803,137512,93,96440,162,7684,474,50017,582,99435,635,149452,California
Marin,2021-04-12,1735,243371,1235,138747,340,96780,160,7844,925,50296,807,100242,1086,150538,California
Marin,2021-04-13,3711,247082,2272,141019,1432,98212,7,7851,1347,49296,2354,102596,1354,151892,California
Marin,2021-04-14,4159,251241,2480,143499,1676,99888,3,7854,1712,48570,2439,105035,1713,153605,California
Marin,2021-04-15,5555,256796,3934,147433,1621,101509,0,7854,3179,49387,2363,107398,3180,156785,California
Marin,2021-04-16,4241,261037,2236,149669,2002,103511,3,7857,2062,49286,2167,109565,2066,158851,California
Marin,2021-04-17,3521,264558,2152,151821,1369,104880,0,7857,1760,49290,1756,111321,1760,160611,California
Marin,2021-04-18,3178,267736,3075,154896,103,104983,0,7857,2541,51197,634,111955,2541,163152,California
Marin,2021-04-19,2014,269750,1845,156741,169,105152,0,7857,1157,51502,854,112809,1159,164311,California
Marin,2021-04-20,3691,273441,2551,159292,1140,106292,0,7857,1473,50764,2212,115021,1474,165785,California
Marin,2021-04-21,4001,277442,2943,162235,1055,107347,3,7860,1376,49531,2610,117631,1377,167162,California
Marin,2021-04-22,4212,281654,3211,165446,1001,108348,0,7860,1485,48300,2719,120350,1488,168650,California
Marin,2021-04-23,3225,284879,1827,167273,1398,109746,0,7860,1234,47549,1986,122336,1235,169885,California
Marin,2021-04-24,2519,287398,1692,168965,826,110572,1,7861,925,46890,1585,123921,926,170811,California
Marin,2021-04-25,1386,288784,1269,170234,117,110689,0,7861,310,46130,1070,124991,310,171121,California
Marin,2021-04-26,1512,290296,1320,171554,189,110878,3,7864,336,45296,1174,126165,340,171461,California
Marin,2021-04-27,2917,293213,2134,173688,745,111623,38,7902,939,44300,1969,128134,973,172434,California
Marin,2021-04-28,2289,295502,1578,175266,663,112286,48,7950,718,43497,1568,129702,765,173199,California
Marin,2021-04-29,2871,298373,1967,177233,842,113128,62,8012,787,42269,2077,131779,849,174048,California
Marin,2021-04-30,1949,300322,1274,178507,587,113715,88,8100,699,41812,1244,133023,787,174835,California
Marin,2021-05-01,1808,302130,1002,179509,783,114498,23,8123,523,41080,1278,134301,546,175381,California
Marin,2021-05-02,724,302854,587,180096,108,114606,29,8152,200,40788,520,134821,228,175609,California
Marin,2021-05-03,1213,304067,988,181084,170,114776,55,8207,263,40158,947,135768,317,175926,California
Marin,2021-05-04,2915,306982,1959,183043,867,115643,89,8296,468,38275,2440,138208,557,176483,California
Marin,2021-05-05,2716,309698,1994,185037,600,116243,122,8418,441,36569,2269,140477,563,177046,California
Marin,2021-05-06,3252,312950,2528,187565,636,116879,88,8506,425,34262,2819,143296,512,177558,California
Marin,2021-05-07,2022,314972,1536,189101,400,117279,86,8592,376,33084,1638,144934,460,178018,California
Marin,2021-05-08,2463,317435,1858,190959,483,117762,122,8714,339,31429,2116,147050,461,178479,California
Marin,2021-05-09,987,318422,901,191860,65,117827,21,8735,118,30704,865,147915,140,178619,California
Marin,2021-05-10,1404,319826,1149,193009,186,118013,69,8804,201,29774,1199,149114,269,178888,California
Marin,2021-05-11,2279,322105,1834,194843,391,118404,54,8858,292,28134,1985,151099,345,179233,California
Marin,2021-05-12,1321,323426,988,195831,268,118672,65,8923,252,27385,1064,152163,315,179548,California
Marin,2021-05-13,2000,325426,1833,197664,136,118808,31,8954,1070,27558,927,153090,1100,180648,California
Mariposa,2020-12-17,37,37,37,37,0,0,0,0,39,39,0,0,39,39,California
Mariposa,2020-12-18,55,92,55,92,0,0,0,0,56,95,0,0,56,95,California
Mariposa,2020-12-20,2,94,2,94,0,0,0,0,2,97,0,0,2,97,California
Mariposa,2020-12-21,47,141,47,141,0,0,0,0,52,149,0,0,52,149,California
Mariposa,2020-12-22,5,146,5,146,0,0,0,0,5,154,0,0,5,154,California
Mariposa,2020-12-23,17,163,17,163,0,0,0,0,17,171,0,0,17,171,California
Mariposa,2020-12-24,1,164,0,163,1,1,0,0,0,171,0,0,0,171,California
Mariposa,2020-12-26,1,165,1,164,0,1,0,0,1,172,0,0,1,172,California
Mariposa,2020-12-27,1,166,0,164,1,2,0,0,1,173,0,0,1,173,California
Mariposa,2020-12-28,6,172,3,167,3,5,0,0,6,179,0,0,6,179,California
Mariposa,2020-12-29,33,205,3,170,30,35,0,0,33,212,0,0,33,212,California
Mariposa,2020-12-30,25,230,4,174,21,56,0,0,25,237,0,0,25,237,California
Mariposa,2020-12-31,16,246,0,174,16,72,0,0,16,253,0,0,16,253,California
Mariposa,2021-01-02,1,247,1,175,0,72,0,0,1,254,0,0,1,254,California
Mariposa,2021-01-04,8,255,1,176,7,79,0,0,8,262,0,0,8,262,California
Mariposa,2021-01-05,24,279,14,190,10,89,0,0,14,266,10,10,14,276,California
Mariposa,2021-01-06,6,285,3,193,3,92,0,0,3,266,3,13,3,279,California
Mariposa,2021-01-07,51,336,46,239,5,97,0,0,5,225,46,59,5,284,California
Mariposa,2021-01-08,108,444,79,318,29,126,0,0,33,183,75,134,33,317,California
Mariposa,2021-01-09,1,445,0,318,1,127,0,0,1,184,0,134,1,318,California
Mariposa,2021-01-11,31,476,10,328,21,148,0,0,23,199,8,142,23,341,California
Mariposa,2021-01-12,19,495,4,332,15,163,0,0,15,210,4,146,15,356,California
Mariposa,2021-01-13,21,516,4,336,17,180,0,0,18,225,3,149,18,374,California
Mariposa,2021-01-14,73,589,7,343,66,246,0,0,67,286,6,155,67,441,California
Mariposa,2021-01-15,67,656,26,369,41,287,0,0,57,333,10,165,57,498,California
Mariposa,2021-01-16,14,670,2,371,12,299,0,0,13,345,1,166,13,511,California
Mariposa,2021-01-17,2,672,0,371,2,301,0,0,2,347,0,166,2,513,California
Mariposa,2021-01-18,3,675,3,374,0,301,0,0,1,346,2,168,1,514,California
Mariposa,2021-01-19,8,683,4,378,4,305,0,0,5,349,2,170,5,519,California
Mariposa,2021-01-20,23,706,1,379,22,327,0,0,22,370,1,171,22,541,California
Mariposa,2021-01-21,65,771,7,386,58,385,0,0,61,427,4,175,61,602,California
Mariposa,2021-01-22,56,827,2,388,54,439,0,0,56,483,0,175,56,658,California
Mariposa,2021-01-23,116,943,2,390,114,553,0,0,115,597,1,176,115,773,California
Mariposa,2021-01-24,2,945,2,392,0,553,0,0,2,599,0,176,2,775,California
Mariposa,2021-01-25,4,949,1,393,3,556,0,0,0,595,4,180,0,775,California
Mariposa,2021-01-26,36,985,4,397,32,588,0,0,4,571,32,212,8,783,California
Mariposa,2021-01-27,23,1008,1,398,22,610,0,0,13,574,10,222,13,796,California
Mariposa,2021-01-28,126,1134,3,401,123,733,0,0,113,675,12,234,113,909,California
Mariposa,2021-01-29,84,1218,22,423,62,795,0,0,83,757,1,235,83,992,California
Mariposa,2021-01-30,9,1227,1,424,8,803,0,0,8,764,1,236,8,1000,California
Mariposa,2021-01-31,1,1228,0,424,1,804,0,0,1,765,0,236,1,1001,California
Mariposa,2021-02-01,87,1315,30,454,57,861,0,0,66,810,21,257,66,1067,California
Mariposa,2021-02-02,15,1330,3,457,12,873,0,0,9,813,6,263,9,1076,California
Mariposa,2021-02-03,20,1350,1,458,19,892,0,0,14,821,6,269,14,1090,California
Mariposa,2021-02-04,97,1447,8,466,89,981,0,0,92,910,4,273,93,1183,California
Mariposa,2021-02-05,190,1637,5,471,185,1166,0,0,164,1048,26,299,164,1347,California
Mariposa,2021-02-06,11,1648,4,475,7,1173,0,0,10,1057,1,300,10,1357,California
Mariposa,2021-02-07,1,1649,0,475,1,1174,0,0,1,1058,0,300,1,1358,California
Mariposa,2021-02-08,40,1689,2,477,38,1212,0,0,21,1060,19,319,21,1379,California
Mariposa,2021-02-09,43,1732,25,502,18,1230,0,0,37,1091,6,325,37,1416,California
Mariposa,2021-02-10,28,1760,5,507,23,1253,0,0,17,1104,10,335,23,1439,California
Mariposa,2021-02-11,375,2135,5,512,370,1623,0,0,361,1454,14,349,364,1803,California
Mariposa,2021-02-12,185,2320,8,520,177,1800,0,0,141,1551,44,393,141,1944,California
Mariposa,2021-02-13,11,2331,3,523,8,1808,0,0,9,1558,2,395,9,1953,California
Mariposa,2021-02-14,8,2339,4,527,4,1812,0,0,5,1560,3,398,5,1958,California
Mariposa,2021-02-15,9,2348,3,530,6,1818,0,0,7,1565,2,400,7,1965,California
Mariposa,2021-02-16,57,2405,34,564,23,1841,0,0,34,1576,23,423,34,1999,California
Mariposa,2021-02-17,36,2441,8,572,28,1869,0,0,27,1596,8,431,28,2027,California
Mariposa,2021-02-18,57,2498,7,579,50,1919,0,0,20,1579,37,468,20,2047,California
Mariposa,2021-02-19,82,2580,3,582,79,1998,0,0,77,1651,5,473,77,2124,California
Mariposa,2021-02-20,252,2832,4,586,248,2246,0,0,222,1844,29,502,222,2346,California
Mariposa,2021-02-21,236,3068,3,589,233,2479,0,0,235,2078,1,503,235,2581,California
Mariposa,2021-02-22,23,3091,7,596,16,2495,0,0,21,2097,2,505,21,2602,California
Mariposa,2021-02-23,42,3133,36,632,6,2501,0,0,25,2105,17,522,25,2627,California
Mariposa,2021-02-24,20,3153,3,635,17,2518,0,0,8,2102,11,533,8,2635,California
Mariposa,2021-02-25,17,3170,8,643,9,2527,0,0,11,2107,6,539,11,2646,California
Mariposa,2021-02-26,421,3591,7,650,414,2941,0,0,360,2407,61,600,361,3007,California
Mariposa,2021-02-27,171,3762,5,655,166,3107,0,0,160,2556,11,611,160,3167,California
Mariposa,2021-02-28,2,3764,1,656,1,3108,0,0,0,2554,2,613,0,3167,California
Mariposa,2021-03-01,82,3846,26,682,56,3164,0,0,17,2507,64,677,17,3184,California
Mariposa,2021-03-02,21,3867,14,696,7,3171,0,0,11,2509,9,686,11,3195,California
Mariposa,2021-03-03,70,3937,5,701,65,3236,0,0,66,2572,4,690,67,3262,California
Mariposa,2021-03-04,37,3974,9,710,28,3264,0,0,20,2576,17,707,21,3283,California
Mariposa,2021-03-05,55,4029,9,719,46,3310,0,0,38,2602,17,724,43,3326,California
Mariposa,2021-03-06,15,4044,6,725,9,3319,0,0,7,2601,8,732,7,3333,California
Mariposa,2021-03-07,1,4045,1,726,0,3319,0,0,0,2600,1,733,0,3333,California
Mariposa,2021-03-08,38,4083,4,730,23,3342,11,11,9,2591,29,762,20,3353,California
Mariposa,2021-03-09,45,4128,18,748,17,3359,10,21,14,2584,31,793,24,3377,California
Mariposa,2021-03-10,30,4158,9,757,11,3370,10,31,9,2582,21,814,19,3396,California
Mariposa,2021-03-11,467,4625,6,763,442,3812,19,50,224,2586,242,1056,246,3642,California
Mariposa,2021-03-12,254,4879,8,771,219,4031,27,77,114,2586,140,1196,140,3782,California
Mariposa,2021-03-13,32,4911,6,777,11,4042,15,92,11,2590,21,1217,25,3807,California
Mariposa,2021-03-14,17,4928,2,779,4,4046,11,103,3,2590,14,1231,14,3821,California
Mariposa,2021-03-15,76,5004,7,786,31,4077,38,141,31,2614,45,1276,69,3890,California
Mariposa,2021-03-16,82,5086,32,818,15,4092,35,176,24,2615,58,1334,59,3949,California
Mariposa,2021-03-17,71,5157,10,828,53,4145,8,184,51,2655,19,1353,59,4008,California
Mariposa,2021-03-18,66,5223,15,843,41,4186,10,194,41,2681,25,1378,51,4059,California
Mariposa,2021-03-19,338,5561,11,854,322,4508,5,199,303,2954,35,1413,308,4367,California
Mariposa,2021-03-20,425,5986,5,859,418,4926,2,201,46,2624,379,1792,49,4416,California
Mariposa,2021-03-21,14,6000,8,867,5,4931,1,202,9,2630,4,1796,10,4426,California
Mariposa,2021-03-22,36,6036,7,874,21,4952,8,210,24,2651,12,1808,33,4459,California
Mariposa,2021-03-23,53,6089,33,907,10,4962,10,220,32,2672,21,1829,42,4501,California
Mariposa,2021-03-24,55,6144,5,912,48,5010,2,222,50,2719,5,1834,52,4553,California
Mariposa,2021-03-25,73,6217,15,927,50,5060,8,230,53,2760,20,1854,61,4614,California
Mariposa,2021-03-26,486,6703,9,936,476,5536,1,231,250,2775,236,2090,251,4865,California
Mariposa,2021-03-27,225,6928,8,944,217,5753,0,231,90,2732,135,2225,92,4957,California
Mariposa,2021-03-28,5,6933,0,944,2,5755,3,234,1,2732,4,2229,4,4961,California
Mariposa,2021-03-29,19,6952,6,950,13,5768,0,234,12,2737,7,2236,12,4973,California
Mariposa,2021-03-30,36,6988,13,963,7,5775,16,250,13,2743,23,2259,29,5002,California
Mariposa,2021-03-31,89,7077,16,979,66,5841,7,257,69,2799,20,2279,76,5078,California
Mariposa,2021-04-01,53,7130,9,988,36,5877,8,265,33,2820,20,2299,41,5119,California
Mariposa,2021-04-02,347,7477,11,999,334,6211,2,267,307,3090,39,2338,309,5428,California
Mariposa,2021-04-03,10,7487,7,1006,3,6214,0,267,5,3090,5,2343,5,5433,California
Mariposa,2021-04-04,2,7489,1,1007,0,6214,1,268,0,3089,2,2345,1,5434,California
Mariposa,2021-04-05,32,7521,23,1030,6,6220,3,271,16,3092,16,2361,19,5453,California
Mariposa,2021-04-06,44,7565,20,1050,8,6228,16,287,14,3093,29,2390,30,5483,California
Mariposa,2021-04-07,97,7662,6,1056,72,6300,19,306,28,3071,69,2459,47,5530,California
Mariposa,2021-04-08,276,7938,13,1069,244,6544,19,325,141,3099,133,2592,161,5691,California
Mariposa,2021-04-09,37,7975,9,1078,13,6557,15,340,10,3097,27,2619,25,5716,California
Mariposa,2021-04-10,201,8176,3,1081,188,6745,10,350,186,3279,13,2632,195,5911,California
Mariposa,2021-04-11,124,8300,4,1085,118,6863,2,352,57,3272,67,2699,60,5971,California
Mariposa,2021-04-12,42,8342,13,1098,27,6890,2,354,13,3258,29,2728,15,5986,California
Mariposa,2021-04-13,53,8395,45,1143,8,6898,0,354,34,3273,19,2747,34,6020,California
Mariposa,2021-04-14,112,8507,7,1150,105,7003,0,354,58,3278,53,2800,58,6078,California
Mariposa,2021-04-15,56,8563,16,1166,40,7043,0,354,41,3307,12,2812,41,6119,California
Mariposa,2021-04-16,381,8944,11,1177,370,7413,0,354,106,3138,275,3087,106,6225,California
Mariposa,2021-04-17,10,8954,5,1182,5,7418,0,354,7,3142,3,3090,7,6232,California
Mariposa,2021-04-18,6,8960,0,1182,6,7424,0,354,3,3142,3,3093,3,6235,California
Mariposa,2021-04-19,56,9016,25,1207,31,7455,0,354,29,3146,25,3118,29,6264,California
Mariposa,2021-04-20,62,9078,49,1256,13,7468,0,354,39,3164,21,3139,39,6303,California
Mariposa,2021-04-21,89,9167,13,1269,76,7544,0,354,41,3158,47,3186,41,6344,California
Mariposa,2021-04-22,47,9214,8,1277,39,7583,0,354,37,3186,9,3195,37,6381,California
Mariposa,2021-04-23,314,9528,69,1346,245,7828,0,354,145,3163,169,3364,146,6527,California
Mariposa,2021-04-24,105,9633,10,1356,95,7923,0,354,42,3143,62,3426,42,6569,California
Mariposa,2021-04-26,13,9646,10,1366,3,7926,0,354,3,3136,10,3436,3,6572,California
Mariposa,2021-04-27,30,9676,16,1382,13,7939,1,355,14,3139,12,3448,15,6587,California
Mariposa,2021-04-28,73,9749,13,1395,53,7992,7,362,28,3129,45,3493,35,6622,California
Mariposa,2021-04-29,84,9833,12,1407,71,8063,1,363,79,3204,5,3498,80,6702,California
Mariposa,2021-04-30,209,10042,5,1412,199,8262,5,368,63,3126,146,3644,68,6770,California
Mariposa,2021-05-01,1,10043,1,1413,0,8262,0,368,0,3125,1,3645,0,6770,California
Mariposa,2021-05-02,3,10046,2,1415,0,8262,1,369,0,3123,3,3648,1,6771,California
Mariposa,2021-05-03,15,10061,12,1427,2,8264,1,370,7,3124,7,3655,8,6779,California
Mariposa,2021-05-04,50,10111,31,1458,15,8279,4,374,36,3150,14,3669,40,6819,California
Mariposa,2021-05-05,54,10165,8,1466,44,8323,2,376,17,3132,37,3706,19,6838,California
Mariposa,2021-05-06,54,10219,34,1500,14,8337,6,382,37,3158,17,3723,43,6881,California
Mariposa,2021-05-07,23,10242,7,1507,13,8350,3,385,13,3164,10,3733,16,6897,California
Mariposa,2021-05-08,281,10523,4,1511,277,8627,0,385,34,2953,247,3980,36,6933,California
Mariposa,2021-05-09,2,10525,1,1512,1,8628,0,385,0,2951,2,3982,0,6933,California
Mariposa,2021-05-10,18,10543,8,1520,8,8636,2,387,3,2941,15,3997,5,6938,California
Mariposa,2021-05-11,28,10571,19,1539,9,8645,0,387,20,2954,7,4004,20,6958,California
Mariposa,2021-05-12,9,10580,4,1543,2,8647,3,390,1,2950,8,4012,4,6962,California
Mariposa,2021-05-13,13,10593,6,1549,5,8652,2,392,7,2953,6,4018,9,6971,California
Mendocino,2020-12-17,70,70,70,70,0,0,0,0,70,70,0,0,70,70,California
Mendocino,2020-12-18,85,155,84,154,1,1,0,0,84,154,0,0,84,154,California
Mendocino,2020-12-19,4,159,4,158,0,1,0,0,4,158,0,0,4,158,California
Mendocino,2020-12-20,7,166,7,165,0,1,0,0,7,165,0,0,7,165,California
Mendocino,2020-12-21,241,407,241,406,0,1,0,0,77,242,0,0,77,242,California
Mendocino,2020-12-22,251,658,190,596,61,62,0,0,251,493,0,0,251,493,California
Mendocino,2020-12-23,270,928,47,643,223,285,0,0,269,762,0,0,269,762,California
Mendocino,2020-12-24,49,977,8,651,41,326,0,0,49,811,0,0,49,811,California
Mendocino,2020-12-25,1,978,0,651,1,327,0,0,1,812,0,0,1,812,California
Mendocino,2020-12-26,2,980,2,653,0,327,0,0,2,814,0,0,2,814,California
Mendocino,2020-12-27,1,981,0,653,1,328,0,0,1,815,0,0,1,815,California
Mendocino,2020-12-28,74,1055,9,662,65,393,0,0,74,889,0,0,74,889,California
Mendocino,2020-12-29,122,1177,61,723,61,454,0,0,122,1011,0,0,122,1011,California
Mendocino,2020-12-30,123,1300,68,791,55,509,0,0,123,1134,0,0,123,1134,California
Mendocino,2020-12-31,132,1432,97,888,35,544,0,0,132,1266,0,0,132,1266,California
Mendocino,2021-01-01,8,1440,6,894,2,546,0,0,8,1274,0,0,8,1274,California
Mendocino,2021-01-04,839,2279,19,913,820,1366,0,0,839,2113,0,0,839,2113,California
Mendocino,2021-01-05,72,2351,36,949,36,1402,0,0,59,2159,13,13,59,2172,California
Mendocino,2021-01-06,155,2506,133,1082,22,1424,0,0,145,2294,10,23,145,2317,California
Mendocino,2021-01-07,358,2864,238,1320,120,1544,0,0,295,2526,63,86,295,2612,California
Mendocino,2021-01-08,95,2959,82,1402,13,1557,0,0,41,2514,54,140,42,2654,California
Mendocino,2021-01-09,10,2969,6,1408,4,1561,0,0,8,2520,2,142,8,2662,California
Mendocino,2021-01-10,8,2977,8,1416,0,1561,0,0,1,2514,7,149,1,2663,California
Mendocino,2021-01-11,101,3078,92,1508,9,1570,0,0,43,2500,57,206,43,2706,California
Mendocino,2021-01-12,385,3463,375,1883,10,1580,0,0,269,2653,116,322,269,2975,California
Mendocino,2021-01-13,487,3950,145,2028,342,1922,0,0,445,3059,40,362,446,3421,California
Mendocino,2021-01-14,639,4589,20,2048,619,2541,0,0,630,3680,9,371,630,4051,California
Mendocino,2021-01-15,1859,6448,861,2909,998,3539,0,0,1854,5530,5,376,1855,5906,California
Mendocino,2021-01-16,791,7239,50,2959,741,4280,0,0,789,6317,2,378,789,6695,California
Mendocino,2021-01-17,553,7792,1,2960,552,4832,0,0,552,6868,1,379,552,7247,California
Mendocino,2021-01-18,487,8279,462,3422,25,4857,0,0,475,7331,12,391,475,7722,California
Mendocino,2021-01-19,334,8613,148,3570,186,5043,0,0,158,7313,176,567,158,7880,California
Mendocino,2021-01-20,553,9166,406,3976,147,5190,0,0,447,7657,104,671,448,8328,California
Mendocino,2021-01-21,538,9704,225,4201,313,5503,0,0,352,7824,185,856,352,8680,California
Mendocino,2021-01-22,149,9853,58,4259,91,5594,0,0,110,7895,39,895,110,8790,California
Mendocino,2021-01-23,156,10009,84,4343,72,5666,0,0,150,8039,6,901,150,8940,California
Mendocino,2021-01-24,5,10014,3,4346,2,5668,0,0,5,8044,0,901,5,8945,California
Mendocino,2021-01-25,191,10205,18,4364,173,5841,0,0,121,8095,70,971,121,9066,California
Mendocino,2021-01-26,155,10360,55,4419,100,5941,0,0,95,8130,60,1031,95,9161,California
Mendocino,2021-01-27,441,10801,371,4790,70,6011,0,0,175,8046,259,1290,175,9336,California
Mendocino,2021-01-28,589,11390,525,5315,64,6075,0,0,494,8446,94,1384,494,9830,California
Mendocino,2021-01-29,392,11782,351,5666,41,6116,0,0,363,8781,29,1413,364,10194,California
Mendocino,2021-01-30,49,11831,31,5697,18,6134,0,0,42,8816,7,1420,42,10236,California
Mendocino,2021-01-31,273,12104,2,5699,271,6405,0,0,3,8549,270,1690,3,10239,California
Mendocino,2021-02-01,381,12485,52,5751,329,6734,0,0,59,8286,322,2012,59,10298,California
Mendocino,2021-02-02,724,13209,504,6255,220,6954,0,0,365,8292,359,2371,365,10663,California
Mendocino,2021-02-03,390,13599,205,6460,185,7139,0,0,221,8346,167,2538,221,10884,California
Mendocino,2021-02-04,624,14223,529,6989,95,7234,0,0,500,8722,124,2662,500,11384,California
Mendocino,2021-02-05,1301,15524,1213,8202,88,7322,0,0,583,8589,716,3378,583,11967,California
Mendocino,2021-02-06,559,16083,158,8360,401,7723,0,0,544,9118,15,3393,544,12511,California
Mendocino,2021-02-07,32,16115,28,8388,4,7727,0,0,32,9150,0,3393,32,12543,California
Mendocino,2021-02-08,746,16861,714,9102,32,7759,0,0,285,8974,461,3854,285,12828,California
Mendocino,2021-02-09,141,17002,58,9160,83,7842,0,0,89,9011,52,3906,89,12917,California
Mendocino,2021-02-10,1487,18489,923,10083,564,8406,0,0,742,9015,738,4644,742,13659,California
Mendocino,2021-02-11,1142,19631,208,10291,934,9340,0,0,280,8433,862,5506,280,13939,California
Mendocino,2021-02-12,1414,21045,163,10454,1251,10591,0,0,641,8308,772,6278,647,14586,California
Mendocino,2021-02-13,496,21541,12,10466,484,11075,0,0,103,8024,392,6670,108,14694,California
Mendocino,2021-02-14,693,22234,3,10469,690,11765,0,0,134,7599,559,7229,134,14828,California
Mendocino,2021-02-15,330,22564,42,10511,288,12053,0,0,175,7619,155,7384,175,15003,California
Mendocino,2021-02-16,201,22765,51,10562,150,12203,0,0,130,7678,71,7455,130,15133,California
Mendocino,2021-02-17,1351,24116,1189,11751,162,12365,0,0,876,8081,473,7928,876,16009,California
Mendocino,2021-02-18,1784,25900,641,12392,1143,13508,0,0,1218,8734,565,8493,1218,17227,California
Mendocino,2021-02-19,750,26650,146,12538,604,14112,0,0,611,9206,139,8632,611,17838,California
Mendocino,2021-02-20,571,27221,545,13083,26,14138,0,0,540,9717,29,8661,540,18378,California
Mendocino,2021-02-21,324,27545,6,13089,318,14456,0,0,312,10018,11,8672,312,18690,California
Mendocino,2021-02-22,162,27707,30,13119,132,14588,0,0,69,9996,91,8763,69,18759,California
Mendocino,2021-02-23,678,28385,665,13784,13,14601,0,0,613,10546,63,8826,613,19372,California
Mendocino,2021-02-24,1839,30224,1759,15543,80,14681,0,0,1431,11576,403,9229,1433,20805,California
Mendocino,2021-02-25,1704,31928,532,16075,1172,15853,0,0,1284,12441,419,9648,1284,22089,California
Mendocino,2021-02-26,1402,33330,748,16823,654,16507,0,0,1039,13119,361,10009,1039,23128,California
Mendocino,2021-02-27,199,33529,151,16974,48,16555,0,0,76,13073,122,10131,76,23204,California
Mendocino,2021-02-28,35,33564,13,16987,22,16577,0,0,24,13086,11,10142,24,23228,California
Mendocino,2021-03-01,578,34142,534,17521,44,16621,0,0,539,13588,37,10179,539,23767,California
Mendocino,2021-03-02,73,34215,26,17547,47,16668,0,0,41,13598,31,10210,41,23808,California
Mendocino,2021-03-03,1715,35930,1331,18878,384,17052,0,0,1081,14047,632,10842,1081,24889,California
Mendocino,2021-03-04,1769,37699,147,19025,1622,18674,0,0,1551,15384,215,11057,1552,26441,California
Mendocino,2021-03-05,210,37909,150,19175,51,18725,9,9,119,15424,88,11145,128,26569,California
Mendocino,2021-03-06,244,38153,21,19196,198,18923,25,34,203,15612,40,11185,228,26797,California
Mendocino,2021-03-07,505,38658,8,19204,477,19400,20,54,118,15363,386,11571,137,26934,California
Mendocino,2021-03-08,125,38783,30,19234,58,19458,37,91,64,15405,59,11630,101,27035,California
Mendocino,2021-03-09,574,39357,234,19468,299,19757,41,132,476,15824,98,11728,517,27552,California
Mendocino,2021-03-10,1111,40468,981,20449,65,19822,65,197,268,15320,840,12568,336,27888,California
Mendocino,2021-03-11,824,41292,611,21060,160,19982,53,250,395,15342,426,12994,448,28336,California
Mendocino,2021-03-12,2021,43313,1032,22092,894,20876,95,345,1213,15849,801,13795,1308,29644,California
Mendocino,2021-03-13,655,43968,525,22617,73,20949,57,402,98,15451,553,14348,155,29799,California
Mendocino,2021-03-14,104,44072,2,22619,95,21044,7,409,11,15380,89,14437,18,29817,California
Mendocino,2021-03-15,597,44669,50,22669,489,21533,58,467,208,15257,388,14825,265,30082,California
Mendocino,2021-03-16,571,45240,374,23043,151,21684,46,513,139,15012,430,15255,185,30267,California
Mendocino,2021-03-17,1562,46802,1359,24402,55,21739,148,661,213,14034,1346,16601,368,30635,California
Mendocino,2021-03-18,1306,48108,247,24649,1021,22760,38,699,283,13339,1015,17616,320,30955,California
Mendocino,2021-03-19,1757,49865,857,25506,839,23599,61,760,332,12313,1421,19037,395,31350,California
Mendocino,2021-03-20,68,49933,10,25516,37,23636,21,781,12,12290,56,19093,33,31383,California
Mendocino,2021-03-21,8,49941,1,25517,2,23638,5,786,3,12293,5,19098,8,31391,California
Mendocino,2021-03-22,624,50565,580,26097,15,23653,29,815,146,11993,474,19572,174,31565,California
Mendocino,2021-03-23,165,50730,33,26130,102,23755,30,845,115,12088,50,19622,145,31710,California
Mendocino,2021-03-24,913,51643,840,26970,26,23781,47,892,114,11452,797,20419,161,31871,California
Mendocino,2021-03-25,1986,53629,50,27020,1916,25697,20,912,174,9836,1808,22227,192,32063,California
Mendocino,2021-03-26,509,54138,359,27379,125,25822,25,937,325,10002,184,22411,350,32413,California
Mendocino,2021-03-27,143,54281,13,27392,118,25940,12,949,81,10033,61,22472,92,32505,California
Mendocino,2021-03-28,25,54306,5,27397,16,25956,4,953,3,10019,21,22493,7,32512,California
Mendocino,2021-03-29,187,54493,99,27496,46,26002,42,995,96,10066,91,22584,138,32650,California
Mendocino,2021-03-30,684,55177,599,28095,48,26050,37,1032,411,10242,272,22856,448,33098,California
Mendocino,2021-03-31,869,56046,272,28367,537,26587,60,1092,405,10245,462,23318,465,33563,California
Mendocino,2021-04-01,1708,57754,399,28766,1230,27817,79,1171,384,9391,1316,24634,462,34025,California
Mendocino,2021-04-02,1285,59039,1057,29823,155,27972,73,1244,223,8629,1058,25692,296,34321,California
Mendocino,2021-04-03,704,59743,8,29831,675,28647,21,1265,83,8116,617,26309,104,34425,California
Mendocino,2021-04-04,69,59812,34,29865,29,28676,6,1271,54,8161,15,26324,60,34485,California
Mendocino,2021-04-05,212,60024,142,30007,46,28722,24,1295,132,8234,80,26404,153,34638,California
Mendocino,2021-04-06,396,60420,121,30128,180,28902,95,1390,107,8147,289,26693,202,34840,California
Mendocino,2021-04-07,484,60904,176,30304,63,28965,245,1635,119,8147,363,27056,363,35203,California
Mendocino,2021-04-08,1489,62393,911,31215,463,29428,115,1750,1000,8779,483,27539,1115,36318,California
Mendocino,2021-04-09,756,63149,425,31640,170,29598,161,1911,395,8975,360,27899,556,36874,California
Mendocino,2021-04-10,404,63553,91,31731,267,29865,46,1957,100,8817,304,28203,146,37020,California
Mendocino,2021-04-11,122,63675,47,31778,19,29884,56,2013,59,8869,63,28266,115,37135,California
Mendocino,2021-04-12,620,64295,512,32290,48,29932,60,2073,414,9137,206,28472,474,37609,California
Mendocino,2021-04-13,289,64584,226,32516,63,29995,0,2073,222,9292,67,28539,222,37831,California
Mendocino,2021-04-14,514,65098,424,32940,90,30085,0,2073,412,9602,102,28641,412,38243,California
Mendocino,2021-04-15,656,65754,326,33266,330,30415,0,2073,395,9740,257,28898,395,38638,California
Mendocino,2021-04-16,124,65878,51,33317,72,30487,1,2074,77,9771,46,28944,77,38715,California
Mendocino,2021-04-17,198,66076,12,33329,186,30673,0,2074,70,9715,126,29070,70,38785,California
Mendocino,2021-04-18,9,66085,4,33333,5,30678,0,2074,6,9718,3,29073,6,38791,California
Mendocino,2021-04-19,531,66616,506,33839,24,30702,1,2075,432,10053,98,29171,433,39224,California
Mendocino,2021-04-20,410,67026,283,34122,127,30829,0,2075,261,10165,149,29320,261,39485,California
Mendocino,2021-04-21,183,67209,124,34246,58,30887,1,2076,114,10211,68,29388,114,39599,California
Mendocino,2021-04-22,485,67694,310,34556,174,31061,1,2077,321,10370,162,29550,321,39920,California
Mendocino,2021-04-23,841,68535,699,35255,142,31203,0,2077,689,10909,150,29700,689,40609,California
Mendocino,2021-04-24,101,68636,14,35269,87,31290,0,2077,94,10996,7,29707,94,40703,California
Mendocino,2021-04-25,52,68688,28,35297,20,31310,4,2081,18,10984,34,29741,22,40725,California
Mendocino,2021-04-26,272,68960,209,35506,58,31368,5,2086,189,11096,82,29823,194,40919,California
Mendocino,2021-04-27,177,69137,67,35573,83,31451,27,2113,90,11126,86,29909,116,41035,California
Mendocino,2021-04-28,219,69356,147,35720,53,31504,19,2132,126,11178,93,30002,145,41180,California
Mendocino,2021-04-29,1137,70493,840,36560,282,31786,15,2147,106,10270,1029,31031,121,41301,California
Mendocino,2021-04-30,607,71100,386,36946,211,31997,10,2157,229,10131,378,31409,239,41540,California
Mendocino,2021-05-01,470,71570,434,37380,30,32027,6,2163,366,10400,103,31512,372,41912,California
Mendocino,2021-05-02,56,71626,47,37427,6,32033,3,2166,9,10366,46,31558,12,41924,California
Mendocino,2021-05-03,134,71760,75,37502,38,32071,21,2187,39,10332,94,31652,60,41984,California
Mendocino,2021-05-04,377,72137,252,37754,92,32163,33,2220,140,10268,237,31889,173,42157,California
Mendocino,2021-05-05,868,73005,784,38538,69,32232,15,2235,219,9854,648,32537,234,42391,California
Mendocino,2021-05-06,627,73632,379,38917,226,32458,22,2257,152,9555,473,33010,174,42565,California
Mendocino,2021-05-07,179,73811,36,38953,119,32577,24,2281,117,9635,61,33071,141,42706,California
Mendocino,2021-05-08,124,73935,4,38957,119,32696,1,2282,109,9730,15,33086,110,42816,California
Mendocino,2021-05-09,20,73955,5,38962,14,32710,1,2283,3,9717,17,33103,4,42820,California
Mendocino,2021-05-10,232,74187,149,39111,78,32788,5,2288,142,9774,90,33193,147,42967,California
Mendocino,2021-05-11,273,74460,141,39252,115,32903,17,2305,129,9775,144,33337,145,43112,California
Mendocino,2021-05-12,117,74577,78,39330,31,32934,8,2313,28,9724,87,33424,36,43148,California
Mendocino,2021-05-13,1116,75693,1052,40382,59,32993,5,2318,262,9137,854,34278,267,43415,California
Merced,2020-12-16,3,3,3,3,0,0,0,0,3,3,0,0,3,3,California
Merced,2020-12-17,5,8,5,8,0,0,0,0,5,8,0,0,5,8,California
Merced,2020-12-18,143,151,143,151,0,0,0,0,143,151,0,0,143,151,California
Merced,2020-12-19,39,190,39,190,0,0,0,0,39,190,0,0,39,190,California
Merced,2020-12-20,17,207,17,207,0,0,0,0,17,207,0,0,17,207,California
Merced,2020-12-21,125,332,122,329,3,3,0,0,125,332,0,0,125,332,California
Merced,2020-12-22,152,484,152,481,0,3,0,0,152,484,0,0,152,484,California
Merced,2020-12-23,248,732,242,723,6,9,0,0,248,732,0,0,248,732,California
Merced,2020-12-24,72,804,72,795,0,9,0,0,72,804,0,0,72,804,California
Merced,2020-12-25,4,808,4,799,0,9,0,0,4,808,0,0,4,808,California
Merced,2020-12-26,6,814,3,802,3,12,0,0,6,814,0,0,6,814,California
Merced,2020-12-27,12,826,11,813,1,13,0,0,12,826,0,0,12,826,California
Merced,2020-12-28,123,949,98,911,25,38,0,0,123,949,0,0,123,949,California
Merced,2020-12-29,180,1129,124,1035,56,94,0,0,180,1129,0,0,180,1129,California
Merced,2020-12-30,214,1343,89,1124,125,219,0,0,214,1343,0,0,214,1343,California
Merced,2020-12-31,103,1446,34,1158,69,288,0,0,103,1446,0,0,103,1446,California
Merced,2021-01-01,4,1450,0,1158,4,292,0,0,4,1450,0,0,4,1450,California
Merced,2021-01-02,128,1578,117,1275,11,303,0,0,128,1578,0,0,128,1578,California
Merced,2021-01-03,9,1587,5,1280,4,307,0,0,9,1587,0,0,9,1587,California
Merced,2021-01-04,80,1667,42,1322,38,345,0,0,80,1667,0,0,80,1667,California
Merced,2021-01-05,319,1986,231,1553,88,433,0,0,313,1976,6,6,315,1982,California
Merced,2021-01-06,253,2239,103,1656,150,583,0,0,247,2217,6,12,247,2229,California
Merced,2021-01-07,184,2423,80,1736,104,687,0,0,174,2380,11,23,174,2403,California
Merced,2021-01-08,527,2950,393,2129,134,821,0,0,376,2606,150,173,376,2779,California
Merced,2021-01-09,23,2973,10,2139,13,834,0,0,17,2617,6,179,17,2796,California
Merced,2021-01-10,11,2984,7,2146,4,838,0,0,7,2620,4,183,7,2803,California
Merced,2021-01-11,226,3210,167,2313,59,897,0,0,102,2600,124,307,104,2907,California
Merced,2021-01-12,280,3490,157,2470,123,1020,0,0,230,2779,51,358,230,3137,California
Merced,2021-01-13,372,3862,173,2643,199,1219,0,0,221,2852,151,509,224,3361,California
Merced,2021-01-14,324,4186,200,2843,124,1343,0,0,159,2848,164,673,160,3521,California
Merced,2021-01-15,578,4764,127,2970,451,1794,0,0,540,3351,39,712,542,4063,California
Merced,2021-01-16,203,4967,122,3092,81,1875,0,0,198,3544,5,717,198,4261,California
Merced,2021-01-17,49,5016,12,3104,37,1912,0,0,48,3591,1,718,48,4309,California
Merced,2021-01-18,261,5277,126,3230,135,2047,0,0,239,3811,22,740,242,4551,California
Merced,2021-01-19,710,5987,586,3816,124,2171,0,0,539,4183,171,911,543,5094,California
Merced,2021-01-20,571,6558,466,4282,105,2276,0,0,514,4643,57,968,517,5611,California
Merced,2021-01-21,1007,7565,647,4929,360,2636,0,0,908,5455,99,1067,911,6522,California
Merced,2021-01-22,1305,8870,686,5615,619,3255,0,0,1278,6718,27,1094,1290,7812,California
Merced,2021-01-23,307,9177,185,5800,122,3377,0,0,202,6815,105,1199,202,8014,California
Merced,2021-01-24,32,9209,14,5814,18,3395,0,0,23,6830,8,1207,23,8037,California
Merced,2021-01-25,727,9936,241,6055,486,3881,0,0,668,7441,58,1265,669,8706,California
Merced,2021-01-26,913,10849,483,6538,430,4311,0,0,672,7900,214,1479,673,9379,California
Merced,2021-01-27,978,11827,582,7120,396,4707,0,0,811,8546,165,1644,811,10190,California
Merced,2021-01-28,1139,12966,593,7713,546,5253,0,0,1017,9442,122,1766,1018,11208,California
Merced,2021-01-29,845,13811,321,8034,524,5777,0,0,600,9806,238,2004,602,11810,California
Merced,2021-01-30,259,14070,27,8061,232,6009,0,0,243,10033,16,2020,243,12053,California
Merced,2021-01-31,46,14116,10,8071,36,6045,0,0,45,10077,1,2021,45,12098,California
Merced,2021-02-01,374,14490,52,8123,322,6367,0,0,325,10355,48,2069,326,12424,California
Merced,2021-02-02,295,14785,181,8304,114,6481,0,0,176,10415,117,2186,177,12601,California
Merced,2021-02-03,347,15132,71,8375,276,6757,0,0,168,10404,179,2365,168,12769,California
Merced,2021-02-04,371,15503,146,8521,225,6982,0,0,240,10515,130,2495,241,13010,California
Merced,2021-02-05,512,16015,172,8693,340,7322,0,0,272,10550,239,2734,274,13284,California
Merced,2021-02-06,389,16404,219,8912,170,7492,0,0,246,10655,142,2876,247,13531,California
Merced,2021-02-07,21,16425,13,8925,8,7500,0,0,14,10662,7,2883,14,13545,California
Merced,2021-02-08,280,16705,197,9122,83,7583,0,0,170,10724,109,2992,171,13716,California
Merced,2021-02-09,1215,17920,955,10077,260,7843,0,0,772,11062,435,3427,773,14489,California
Merced,2021-02-10,1852,19772,1431,11508,421,8264,0,0,1273,11766,569,3996,1273,15762,California
Merced,2021-02-11,2503,22275,2007,13515,496,8760,0,0,1815,12902,679,4675,1815,17577,California
Merced,2021-02-12,1713,23988,1012,14527,701,9461,0,0,745,12690,959,5634,747,18324,California
Merced,2021-02-13,361,24349,206,14733,155,9616,0,0,262,12856,98,5732,264,18588,California
Merced,2021-02-14,117,24466,26,14759,91,9707,0,0,96,12932,21,5753,97,18685,California
Merced,2021-02-15,272,24738,40,14799,232,9939,0,0,168,13003,98,5851,169,18854,California
Merced,2021-02-16,1213,25951,843,15642,370,10309,0,0,838,13486,357,6208,840,19694,California
Merced,2021-02-17,1874,27825,1629,17271,245,10554,0,0,1313,14254,548,6756,1316,21010,California
Merced,2021-02-18,1209,29034,819,18090,390,10944,0,0,406,13878,782,7538,406,21416,California
Merced,2021-02-19,1262,30296,413,18503,849,11793,0,0,537,13698,719,8257,539,21955,California
Merced,2021-02-20,276,30572,31,18534,245,12038,0,0,142,13708,132,8389,142,22097,California
Merced,2021-02-21,76,30648,62,18596,14,12052,0,0,32,13696,44,8433,32,22129,California
Merced,2021-02-22,831,31479,293,18889,538,12590,0,0,483,13833,346,8779,483,22612,California
Merced,2021-02-23,1080,32559,421,19310,659,13249,0,0,638,14034,437,9216,638,23250,California
Merced,2021-02-24,816,33375,303,19613,513,13762,0,0,445,14118,362,9578,446,23696,California
Merced,2021-02-25,1758,35133,866,20479,892,14654,0,0,1307,14979,448,10026,1309,25005,California
Merced,2021-02-26,2148,37281,1375,21854,773,15427,0,0,1736,16306,410,10436,1737,26742,California
Merced,2021-02-27,2527,39808,1102,22956,1425,16852,0,0,2242,18264,284,10720,2242,28984,California
Merced,2021-02-28,306,40114,71,23027,235,17087,0,0,251,18464,51,10771,251,29235,California
Merced,2021-03-01,1116,41230,280,23307,835,17922,1,1,775,18908,332,11103,776,30011,California
Merced,2021-03-02,1746,42976,903,24210,842,18764,1,2,1358,19888,379,11482,1359,31370,California
Merced,2021-03-03,2214,45190,1728,25938,485,19249,1,3,1457,20607,740,12222,1459,32829,California
Merced,2021-03-04,2881,48071,2267,28205,612,19861,2,5,1911,21568,953,13175,1914,34743,California
Merced,2021-03-05,2064,50135,1193,29398,847,20708,24,29,1528,22597,524,13699,1553,36296,California
Merced,2021-03-06,1165,51300,662,30060,481,21189,22,51,909,23273,255,13954,931,37227,California
Merced,2021-03-07,229,51529,65,30125,139,21328,25,76,200,23469,29,13983,225,37452,California
Merced,2021-03-08,1363,52892,765,30890,533,21861,65,141,1151,24473,211,14194,1215,38667,California
Merced,2021-03-09,1691,54583,996,31886,588,22449,107,248,1097,25089,589,14783,1205,39872,California
Merced,2021-03-10,2688,57271,1861,33747,627,23076,200,448,1617,25853,1057,15840,1821,41693,California
Merced,2021-03-11,1937,59208,690,34437,1043,24119,204,652,1220,26597,702,16542,1446,43139,California
Merced,2021-03-12,2196,61404,900,35337,1028,25147,268,920,1482,27649,710,17252,1762,44901,California
Merced,2021-03-13,720,62124,309,35646,168,25315,243,1163,412,28005,300,17552,656,45557,California
Merced,2021-03-14,249,62373,136,35782,83,25398,30,1193,149,28086,99,17651,180,45737,California
Merced,2021-03-15,1500,63873,492,36274,753,26151,255,1448,984,28815,509,18160,1238,46975,California
Merced,2021-03-16,1433,65306,686,36960,521,26672,226,1674,950,29516,474,18634,1175,48150,California
Merced,2021-03-17,1959,67265,1057,38017,724,27396,178,1852,1511,30767,440,19074,1691,49841,California
Merced,2021-03-18,2039,69304,1170,39187,722,28118,147,1999,1389,31678,638,19712,1549,51390,California
Merced,2021-03-19,2660,71964,1449,40636,1018,29136,193,2192,1383,31989,1266,20978,1577,52967,California
Merced,2021-03-20,2413,74377,1485,42121,533,29669,395,2587,957,31892,1453,22431,1356,54323,California
Merced,2021-03-21,556,74933,343,42464,200,29869,13,2600,437,32225,119,22550,452,54775,California
Merced,2021-03-22,1262,76195,629,43093,557,30426,76,2676,887,32822,368,22918,965,55740,California
Merced,2021-03-23,1826,78021,1100,44193,662,31088,64,2740,1349,33763,473,23391,1414,57154,California
Merced,2021-03-24,1420,79441,887,45080,498,31586,35,2775,943,34270,472,23863,979,58133,California
Merced,2021-03-25,3302,82743,2270,47350,1011,32597,21,2796,2079,35158,1215,25078,2103,60236,California
Merced,2021-03-26,1929,84672,1083,48433,812,33409,34,2830,889,35048,1032,26110,922,61158,California
Merced,2021-03-27,3208,87880,1865,50298,1204,34613,139,2969,1482,34956,1714,27824,1622,62780,California
Merced,2021-03-28,516,88396,213,50511,296,34909,7,2976,213,34876,301,28125,221,63001,California
Merced,2021-03-29,1767,90163,724,51235,878,35787,165,3141,668,34620,1093,29218,837,63838,California
Merced,2021-03-30,2143,92306,799,52034,1285,37072,59,3200,989,34519,1150,30368,1049,64887,California
Merced,2021-03-31,2124,94430,1400,53434,686,37758,38,3238,952,34353,1157,31525,991,65878,California
Merced,2021-04-01,2180,96610,1020,54454,1036,38794,124,3362,998,34301,1176,32701,1124,67002,California
Merced,2021-04-02,2328,98938,635,55089,1290,40084,403,3765,780,33954,1531,34232,1184,68186,California
Merced,2021-04-03,902,99840,426,55515,463,40547,13,3778,496,34063,402,34634,511,68697,California
Merced,2021-04-04,369,100209,143,55658,222,40769,4,3782,141,33983,227,34861,147,68844,California
Merced,2021-04-05,1263,101472,599,56257,453,41222,211,3993,417,33771,839,35700,627,69471,California
Merced,2021-04-06,2418,103890,896,57153,695,41917,827,4820,903,33989,1511,37211,1729,71200,California
Merced,2021-04-07,1650,105540,886,58039,657,42574,107,4927,585,33631,1052,38263,694,71894,California
Merced,2021-04-08,2273,107813,1169,59208,889,43463,215,5142,812,33225,1431,39694,1025,72919,California
Merced,2021-04-09,1678,109491,473,59681,630,44093,575,5717,562,33264,1100,40794,1139,74058,California
Merced,2021-04-10,694,110185,362,60043,144,44237,188,5905,176,33113,513,41307,362,74420,California
Merced,2021-04-11,488,110673,281,60324,72,44309,135,6040,147,33057,339,41646,283,74703,California
Merced,2021-04-12,1415,112088,928,61252,364,44673,123,6163,813,33426,567,42213,936,75639,California
Merced,2021-04-13,2027,114115,1450,62702,574,45247,3,6166,938,33369,1001,43214,944,76583,California
Merced,2021-04-14,2040,116155,1207,63909,833,46080,0,6166,903,33268,1006,44220,905,77488,California
Merced,2021-04-15,3015,119170,1974,65883,1041,47121,0,6166,959,32401,1830,46050,963,78451,California
Merced,2021-04-16,2352,121522,1144,67027,1208,48329,0,6166,960,32065,1296,47346,960,79411,California
Merced,2021-04-17,1455,122977,808,67835,647,48976,0,6166,366,31348,1084,48430,367,79778,California
Merced,2021-04-18,465,123442,246,68081,219,49195,0,6166,188,31286,250,48680,188,79966,California
Merced,2021-04-19,1322,124764,742,68823,580,49775,0,6166,703,31464,525,49205,703,80669,California
Merced,2021-04-20,1407,126171,731,69554,676,50451,0,6166,783,31691,557,49762,784,81453,California
Merced,2021-04-21,1463,127634,880,70434,583,51034,0,6166,748,31835,604,50366,748,82201,California
Merced,2021-04-22,1603,129237,739,71173,864,51898,0,6166,773,31859,749,51115,773,82974,California
Merced,2021-04-23,1628,130865,668,71841,960,52858,0,6166,882,32042,700,51815,883,83857,California
Merced,2021-04-24,568,131433,398,72239,170,53028,0,6166,388,32255,176,51991,389,84246,California
Merced,2021-04-25,325,131758,185,72424,140,53168,0,6166,191,32314,132,52123,191,84437,California
Merced,2021-04-26,1138,132896,476,72900,662,53830,0,6166,604,32419,501,52624,606,85043,California
Merced,2021-04-27,1525,134421,671,73571,844,54674,10,6176,618,32206,842,53466,629,85672,California
Merced,2021-04-28,1362,135783,674,74245,679,55353,9,6185,780,32435,561,54027,790,86462,California
Merced,2021-04-29,1388,137171,588,74833,775,56128,25,6210,648,32377,733,54760,675,87137,California
Merced,2021-04-30,1421,138592,602,75435,775,56903,44,6254,726,32456,692,55452,771,87908,California
Merced,2021-05-01,556,139148,241,75676,311,57214,4,6258,258,32423,295,55747,262,88170,California
Merced,2021-05-02,291,139439,117,75793,159,57373,15,6273,128,32404,163,55910,144,88314,California
Merced,2021-05-03,773,140212,530,76323,196,57569,47,6320,271,32246,497,56407,339,88653,California
Merced,2021-05-04,1002,141214,536,76859,414,57983,52,6372,362,32024,636,57043,414,89067,California
Merced,2021-05-05,1151,142365,712,77571,363,58346,76,6448,484,31927,657,57700,560,89627,California
Merced,2021-05-06,895,143260,463,78034,383,58729,49,6497,300,31686,590,58290,349,89976,California
Merced,2021-05-07,863,144123,255,78289,567,59296,41,6538,358,31587,501,58791,402,90378,California
Merced,2021-05-08,396,144519,200,78489,160,59456,36,6574,181,31590,214,59005,217,90595,California
Merced,2021-05-09,215,144734,107,78596,100,59556,8,6582,103,31590,111,59116,111,90706,California
Merced,2021-05-10,686,145420,349,78945,301,59857,36,6618,190,31321,495,59611,226,90932,California
Merced,2021-05-11,1090,146510,646,79591,398,60255,46,6664,420,31122,665,60276,466,91398,California
Merced,2021-05-12,786,147296,461,80052,289,60544,36,6700,209,30793,574,60850,245,91643,California
Merced,2021-05-13,297,147593,167,80219,110,60654,20,6720,90,30697,206,61056,110,91753,California
Modoc,2020-12-16,1,1,1,1,0,0,0,0,1,1,0,0,1,1,California
Modoc,2020-12-21,99,100,99,100,0,0,0,0,99,100,0,0,99,100,California
Modoc,2020-12-22,14,114,14,114,0,0,0,0,14,114,0,0,14,114,California
Modoc,2020-12-23,4,118,4,118,0,0,0,0,4,118,0,0,4,118,California
Modoc,2020-12-24,1,119,1,119,0,0,0,0,1,119,0,0,1,119,California
Modoc,2020-12-28,2,121,2,121,0,0,0,0,2,121,0,0,2,121,California
Modoc,2020-12-29,10,131,1,122,9,9,0,0,10,131,0,0,10,131,California
Modoc,2020-12-30,7,138,0,122,7,16,0,0,7,138,0,0,7,138,California
Modoc,2021-01-02,3,141,1,123,2,18,0,0,3,141,0,0,3,141,California
Modoc,2021-01-04,8,149,0,123,8,26,0,0,8,149,0,0,8,149,California
Modoc,2021-01-05,2,151,1,124,1,27,0,0,2,151,0,0,2,151,California
Modoc,2021-01-06,3,154,2,126,1,28,0,0,2,152,1,1,2,153,California
Modoc,2021-01-07,72,226,0,126,72,100,0,0,72,224,0,1,72,225,California
Modoc,2021-01-08,105,331,0,126,105,205,0,0,105,329,0,1,105,330,California
Modoc,2021-01-10,1,332,1,127,0,205,0,0,0,328,1,2,0,330,California
Modoc,2021-01-11,90,422,81,208,9,214,0,0,19,276,71,73,19,349,California
Modoc,2021-01-12,94,516,25,233,69,283,0,0,68,318,26,99,68,417,California
Modoc,2021-01-13,24,540,4,237,20,303,0,0,22,338,2,101,22,439,California
Modoc,2021-01-14,129,669,6,243,123,426,0,0,124,457,5,106,124,563,California
Modoc,2021-01-15,6,675,1,244,5,431,0,0,6,463,0,106,6,569,California
Modoc,2021-01-16,1,676,1,245,0,431,0,0,1,464,0,106,1,570,California
Modoc,2021-01-18,1,677,1,246,0,431,0,0,1,465,0,106,1,571,California
Modoc,2021-01-19,5,682,3,249,2,433,0,0,3,466,2,108,3,574,California
Modoc,2021-01-20,11,693,1,250,10,443,0,0,11,477,0,108,11,585,California
Modoc,2021-01-21,157,850,2,252,155,598,0,0,157,634,0,108,157,742,California
Modoc,2021-01-22,2,852,0,252,2,600,0,0,2,636,0,108,2,744,California
Modoc,2021-01-25,11,863,0,252,11,611,0,0,11,647,0,108,11,755,California
Modoc,2021-01-26,65,928,1,253,64,675,0,0,65,712,0,108,65,820,California
Modoc,2021-01-27,41,969,2,255,39,714,0,0,25,721,16,124,25,845,California
Modoc,2021-01-28,145,1114,2,257,143,857,0,0,144,864,1,125,144,989,California
Modoc,2021-01-29,3,1117,1,258,2,859,0,0,3,867,0,125,3,992,California
Modoc,2021-02-01,26,1143,13,271,13,872,0,0,12,865,14,139,12,1004,California
Modoc,2021-02-02,170,1313,2,273,168,1040,0,0,167,1029,3,142,167,1171,California
Modoc,2021-02-03,18,1331,13,286,5,1045,0,0,11,1033,7,149,11,1182,California
Modoc,2021-02-04,155,1486,4,290,151,1196,0,0,27,932,128,277,27,1209,California
Modoc,2021-02-05,4,1490,3,293,1,1197,0,0,3,934,1,278,3,1212,California
Modoc,2021-02-08,9,1499,2,295,7,1204,0,0,8,941,1,279,8,1220,California
Modoc,2021-02-09,197,1696,13,308,184,1388,0,0,65,874,132,411,65,1285,California
Modoc,2021-02-10,5,1701,2,310,3,1391,0,0,4,877,1,412,4,1289,California
Modoc,2021-02-11,201,1902,3,313,198,1589,0,0,83,842,118,530,83,1372,California
Modoc,2021-02-12,4,1906,0,313,4,1593,0,0,2,842,2,532,2,1374,California
Modoc,2021-02-13,1,1907,0,313,1,1594,0,0,1,843,0,532,1,1375,California
Modoc,2021-02-16,147,2054,6,319,141,1735,0,0,143,982,4,536,143,1518,California
Modoc,2021-02-17,24,2078,1,320,23,1758,0,0,12,982,12,548,12,1530,California
Modoc,2021-02-18,188,2266,2,322,186,1944,0,0,25,846,162,710,26,1556,California
Modoc,2021-02-19,2,2268,2,324,0,1944,0,0,2,848,0,710,2,1558,California
Modoc,2021-02-20,1,2269,1,325,0,1944,0,0,0,847,1,711,0,1558,California
Modoc,2021-02-22,17,2286,9,334,8,1952,0,0,3,836,14,725,3,1561,California
Modoc,2021-02-23,20,2306,2,336,18,1970,0,0,1,818,19,744,1,1562,California
Modoc,2021-02-24,90,2396,1,337,89,2059,0,0,30,788,60,804,30,1592,California
Modoc,2021-02-25,169,2565,1,338,168,2227,0,0,13,645,156,960,13,1605,California
Modoc,2021-02-26,3,2568,0,338,3,2230,0,0,1,644,2,962,1,1606,California
Modoc,2021-02-27,5,2573,5,343,0,2230,0,0,2,643,3,965,2,1608,California
Modoc,2021-03-01,5,2578,0,343,5,2235,0,0,0,639,4,969,0,1608,California
Modoc,2021-03-02,193,2771,12,355,181,2416,0,0,26,498,167,1136,26,1634,California
Modoc,2021-03-03,12,2783,6,361,6,2422,0,0,2,490,10,1146,2,1636,California
Modoc,2021-03-04,175,2958,2,363,173,2595,0,0,148,611,27,1173,148,1784,California
Modoc,2021-03-05,4,2962,3,366,1,2596,0,0,2,611,2,1175,2,1786,California
Modoc,2021-03-06,11,2973,0,366,1,2597,10,10,1,612,10,1185,11,1797,California
Modoc,2021-03-07,6,2979,1,367,0,2597,5,15,1,613,5,1190,6,1803,California
Modoc,2021-03-08,8,2987,1,368,3,2600,4,19,1,612,6,1196,5,1808,California
Modoc,2021-03-09,126,3113,10,378,108,2708,8,27,61,616,65,1261,69,1877,California
Modoc,2021-03-10,9,3122,3,381,2,2710,4,31,4,619,5,1266,8,1885,California
Modoc,2021-03-11,207,3329,0,381,99,2809,108,139,22,564,185,1451,130,2015,California
Modoc,2021-03-12,10,3339,1,382,4,2813,5,144,4,567,6,1457,9,2024,California
Modoc,2021-03-13,4,3343,0,382,1,2814,3,147,1,568,3,1460,4,2028,California
Modoc,2021-03-15,12,3355,1,383,10,2824,1,148,10,577,2,1462,11,2039,California
Modoc,2021-03-16,173,3528,1,384,168,2992,4,152,42,491,131,1593,45,2084,California
Modoc,2021-03-17,10,3538,1,385,4,2996,5,157,2,490,8,1601,7,2091,California
Modoc,2021-03-18,67,3605,2,387,58,3054,7,164,35,500,32,1633,42,2133,California
Modoc,2021-03-19,5,3610,0,387,0,3054,5,169,0,500,5,1638,5,2138,California
Modoc,2021-03-20,5,3615,2,389,0,3054,3,172,0,498,5,1643,3,2141,California
Modoc,2021-03-21,4,3619,1,390,1,3055,2,174,2,500,2,1645,4,2145,California
Modoc,2021-03-22,18,3637,1,391,11,3066,6,180,12,512,6,1651,18,2163,California
Modoc,2021-03-23,37,3674,7,398,27,3093,3,183,28,534,9,1660,31,2194,California
Modoc,2021-03-24,29,3703,1,399,18,3111,10,193,2,519,27,1687,12,2206,California
Modoc,2021-03-25,77,3780,1,400,74,3185,2,195,45,534,32,1719,47,2253,California
Modoc,2021-03-26,7,3787,2,402,2,3187,3,198,2,534,5,1724,5,2258,California
Modoc,2021-03-27,2,3789,0,402,1,3188,1,199,1,535,1,1725,2,2260,California
Modoc,2021-03-28,2,3791,1,403,0,3188,1,200,0,534,2,1727,1,2261,California
Modoc,2021-03-29,14,3805,1,404,5,3193,8,208,5,538,9,1736,13,2274,California
Modoc,2021-03-30,55,3860,10,414,38,3231,7,215,21,532,34,1770,28,2302,California
Modoc,2021-03-31,9,3869,3,417,2,3233,4,219,3,533,6,1776,7,2309,California
Modoc,2021-04-01,167,4036,2,419,160,3393,5,224,32,435,135,1911,37,2346,California
Modoc,2021-04-02,5,4041,0,419,2,3395,3,227,1,436,3,1914,4,2350,California
Modoc,2021-04-03,5,4046,2,421,0,3395,3,230,2,438,2,1916,4,2354,California
Modoc,2021-04-05,9,4055,0,421,9,3404,0,230,9,447,0,1916,9,2363,California
Modoc,2021-04-06,24,4079,5,426,9,3413,10,240,6,445,18,1934,16,2379,California
Modoc,2021-04-07,12,4091,1,427,4,3417,7,247,3,446,9,1943,10,2389,California
Modoc,2021-04-08,97,4188,1,428,93,3510,3,250,26,404,71,2014,29,2418,California
Modoc,2021-04-09,11,4199,2,430,6,3516,3,253,2,399,9,2023,4,2422,California
Modoc,2021-04-10,5,4204,0,430,1,3517,4,257,0,398,5,2028,4,2426,California
Modoc,2021-04-11,2,4206,2,432,0,3517,0,257,1,398,1,2029,1,2427,California
Modoc,2021-04-12,14,4220,0,432,10,3527,4,261,1,392,11,2040,5,2432,California
Modoc,2021-04-13,30,4250,29,461,1,3528,0,261,21,404,9,2049,21,2453,California
Modoc,2021-04-14,2,4252,2,463,0,3528,0,261,1,404,1,2050,1,2454,California
Modoc,2021-04-15,100,4352,0,463,100,3628,0,261,27,358,73,2123,27,2481,California
Modoc,2021-04-16,4,4356,4,467,0,3628,0,261,3,360,1,2124,3,2484,California
Modoc,2021-04-17,2,4358,2,469,0,3628,0,261,2,362,0,2124,2,2486,California
Modoc,2021-04-18,1,4359,0,469,1,3629,0,261,1,363,0,2124,1,2487,California
Modoc,2021-04-19,6,4365,0,469,6,3635,0,261,1,359,5,2129,1,2488,California
Modoc,2021-04-20,27,4392,2,471,25,3660,0,261,9,350,18,2147,9,2497,California
Modoc,2021-04-21,4,4396,4,475,0,3660,0,261,1,348,3,2150,1,2498,California
Modoc,2021-04-22,98,4494,4,479,94,3754,0,261,41,332,57,2207,41,2539,California
Modoc,2021-04-23,5,4499,1,480,4,3758,0,261,4,335,1,2208,4,2543,California
Modoc,2021-04-24,3,4502,1,481,1,3759,1,262,2,337,1,2209,3,2546,California
Modoc,2021-04-25,1,4503,1,482,0,3759,0,262,1,338,0,2209,1,2547,California
Modoc,2021-04-26,8,4511,1,483,7,3766,0,262,3,336,5,2214,3,2550,California
Modoc,2021-04-27,6,4517,4,487,1,3767,1,263,1,333,5,2219,2,2552,California
Modoc,2021-04-28,5,4522,1,488,3,3770,1,264,1,331,4,2223,2,2554,California
Modoc,2021-04-29,65,4587,2,490,63,3833,0,264,24,314,41,2264,24,2578,California
Modoc,2021-04-30,5,4592,4,494,1,3834,0,264,3,315,2,2266,3,2581,California
Modoc,2021-05-01,1,4593,1,495,0,3834,0,264,0,314,1,2267,0,2581,California
Modoc,2021-05-02,4,4597,3,498,1,3835,0,264,3,316,1,2268,3,2584,California
Modoc,2021-05-03,10,4607,0,498,9,3844,1,265,0,307,10,2278,1,2585,California
Modoc,2021-05-04,11,4618,3,501,6,3850,2,267,5,308,6,2284,7,2592,California
Modoc,2021-05-05,27,4645,24,525,2,3852,1,268,8,298,19,2303,9,2601,California
Modoc,2021-05-06,54,4699,3,528,49,3901,2,270,21,288,33,2336,23,2624,California
Modoc,2021-05-07,8,4707,3,531,3,3904,2,272,2,286,6,2342,4,2628,California
Modoc,2021-05-08,3,4710,2,533,0,3904,1,273,1,286,2,2344,2,2630,California
Modoc,2021-05-09,2,4712,2,535,0,3904,0,273,1,286,1,2345,1,2631,California
Modoc,2021-05-10,2,4714,0,535,1,3905,1,274,1,287,1,2346,2,2633,California
Modoc,2021-05-11,2,4716,1,536,0,3905,1,275,0,286,2,2348,1,2634,California
Modoc,2021-05-12,2,4718,1,537,0,3905,1,276,1,287,1,2349,2,2636,California
Modoc,2021-05-13,41,4759,1,538,36,3941,4,280,12,274,29,2378,16,2652,California
Mono,2020-12-18,1,1,1,1,0,0,0,0,1,1,0,0,1,1,California
Mono,2020-12-19,5,6,5,6,0,0,0,0,5,6,0,0,5,6,California
Mono,2020-12-20,7,13,7,13,0,0,0,0,7,13,0,0,7,13,California
Mono,2020-12-21,24,37,17,30,7,7,0,0,24,37,0,0,24,37,California
Mono,2020-12-22,66,103,65,95,1,8,0,0,66,103,0,0,66,103,California
Mono,2020-12-23,70,173,42,137,28,36,0,0,70,173,0,0,70,173,California
Mono,2020-12-24,3,176,1,138,2,38,0,0,3,176,0,0,3,176,California
Mono,2020-12-26,3,179,3,141,0,38,0,0,3,179,0,0,3,179,California
Mono,2020-12-28,94,273,63,204,31,69,0,0,94,273,0,0,94,273,California
Mono,2020-12-29,29,302,29,233,0,69,0,0,29,302,0,0,29,302,California
Mono,2020-12-30,77,379,36,269,41,110,0,0,77,379,0,0,77,379,California
Mono,2020-12-31,4,383,1,270,3,113,0,0,4,383,0,0,4,383,California
Mono,2021-01-01,4,387,4,274,0,113,0,0,4,387,0,0,4,387,California
Mono,2021-01-02,2,389,2,276,0,113,0,0,2,389,0,0,2,389,California
Mono,2021-01-04,1,390,0,276,1,114,0,0,1,390,0,0,1,390,California
Mono,2021-01-05,45,435,2,278,43,157,0,0,44,433,1,1,44,434,California
Mono,2021-01-06,44,479,0,278,44,201,0,0,44,477,0,1,44,478,California
Mono,2021-01-07,55,534,3,281,52,253,0,0,54,530,1,2,54,532,California
Mono,2021-01-08,2,536,1,282,1,254,0,0,1,530,1,3,1,533,California
Mono,2021-01-09,4,540,4,286,0,254,0,0,0,526,4,7,0,533,California
Mono,2021-01-10,5,545,5,291,0,254,0,0,0,521,5,12,0,533,California
Mono,2021-01-11,8,553,5,296,3,257,0,0,4,521,4,16,4,537,California
Mono,2021-01-12,282,835,75,371,207,464,0,0,218,676,63,79,218,755,California
Mono,2021-01-13,233,1068,73,444,160,624,0,0,178,799,55,134,178,933,California
Mono,2021-01-14,73,1141,71,515,2,626,0,0,73,872,0,134,73,1006,California
Mono,2021-01-15,62,1203,2,517,60,686,0,0,62,934,0,134,62,1068,California
Mono,2021-01-16,4,1207,3,520,1,687,0,0,1,932,3,137,1,1069,California
Mono,2021-01-18,64,1271,55,575,9,696,0,0,2,872,62,199,2,1071,California
Mono,2021-01-19,210,1481,208,783,2,698,0,0,172,1007,38,237,173,1244,California
Mono,2021-01-20,230,1711,198,981,32,730,0,0,169,1115,61,298,169,1413,California
Mono,2021-01-21,3,1714,3,984,0,730,0,0,3,1118,0,298,3,1416,California
Mono,2021-01-22,4,1718,0,984,4,734,0,0,4,1122,0,298,4,1420,California
Mono,2021-01-23,595,2313,595,1579,0,734,0,0,594,1715,1,299,594,2014,California
Mono,2021-01-25,202,2515,164,1743,38,772,0,0,163,1839,39,338,163,2177,California
Mono,2021-01-26,505,3020,503,2246,2,774,0,0,499,2332,6,344,499,2676,California
Mono,2021-01-27,5,3025,1,2247,4,778,0,0,5,2337,0,344,5,2681,California
Mono,2021-01-28,6,3031,2,2249,4,782,0,0,2,2335,4,348,2,2683,California
Mono,2021-01-30,202,3233,200,2449,2,784,0,0,201,2535,1,349,201,2884,California
Mono,2021-01-31,243,3476,138,2587,105,889,0,0,139,2570,104,453,139,3023,California
Mono,2021-02-01,27,3503,27,2614,0,889,0,0,0,2543,27,480,0,3023,California
Mono,2021-02-02,5,3508,0,2614,5,894,0,0,2,2542,3,483,2,3025,California
Mono,2021-02-03,4,3512,2,2616,2,896,0,0,2,2542,2,485,2,3027,California
Mono,2021-02-04,211,3723,158,2774,53,949,0,0,90,2511,121,606,90,3117,California
Mono,2021-02-05,617,4340,611,3385,6,955,0,0,614,3122,3,609,614,3731,California
Mono,2021-02-06,138,4478,137,3522,1,956,0,0,137,3258,1,610,137,3868,California
Mono,2021-02-07,2,4480,0,3522,2,958,0,0,2,3260,0,610,2,3870,California
Mono,2021-02-08,172,4652,172,3694,0,958,0,0,15,3119,156,766,15,3885,California
Mono,2021-02-09,226,4878,6,3700,220,1178,0,0,14,2921,212,978,14,3899,California
Mono,2021-02-10,536,5414,186,3886,350,1528,0,0,194,2774,342,1320,195,4094,California
Mono,2021-02-11,7,5421,4,3890,3,1531,0,0,2,2771,5,1325,2,4096,California
Mono,2021-02-12,84,5505,20,3910,64,1595,0,0,26,2739,58,1383,26,4122,California
Mono,2021-02-13,586,6091,586,4496,0,1595,0,0,25,2204,560,1943,25,4147,California
Mono,2021-02-15,166,6257,164,4660,2,1597,0,0,3,2046,161,2104,3,4150,California
Mono,2021-02-16,516,6773,513,5173,3,1600,0,0,45,1623,468,2572,45,4195,California
Mono,2021-02-17,6,6779,1,5174,5,1605,0,0,1,1619,5,2577,1,4196,California
Mono,2021-02-18,3,6782,2,5176,1,1606,0,0,2,1620,1,2578,2,4198,California
Mono,2021-02-19,54,6836,53,5229,1,1607,0,0,54,1674,0,2578,54,4252,California
Mono,2021-02-20,4,6840,4,5233,0,1607,0,0,4,1678,0,2578,4,4256,California
Mono,2021-02-21,5,6845,5,5238,0,1607,0,0,3,1679,2,2580,3,4259,California
Mono,2021-02-22,285,7130,284,5522,1,1608,0,0,24,1443,260,2840,24,4283,California
Mono,2021-02-23,135,7265,115,5637,20,1628,0,0,22,1352,113,2953,22,4305,California
Mono,2021-02-24,10,7275,3,5640,7,1635,0,0,4,1350,6,2959,4,4309,California
Mono,2021-02-25,5,7280,2,5642,3,1638,0,0,3,1352,1,2960,3,4312,California
Mono,2021-02-26,598,7878,596,6238,2,1640,0,0,21,797,576,3536,21,4333,California
Mono,2021-02-27,140,8018,136,6374,4,1644,0,0,4,667,134,3670,4,4337,California
Mono,2021-03-01,3,8021,2,6376,1,1645,0,0,2,669,0,3670,2,4339,California
Mono,2021-03-02,5,8026,3,6379,2,1647,0,0,3,670,2,3672,3,4342,California
Mono,2021-03-03,82,8108,2,6381,80,1727,0,0,79,747,2,3674,79,4421,California
Mono,2021-03-04,5,8113,1,6382,4,1731,0,0,3,748,2,3676,3,4424,California
Mono,2021-03-05,37,8150,27,6409,10,1741,0,0,14,739,23,3699,14,4438,California
Mono,2021-03-06,508,8658,17,6426,491,2232,0,0,500,1234,6,3705,501,4939,California
Mono,2021-03-07,1,8659,0,6426,1,2233,0,0,0,1233,1,3706,0,4939,California
Mono,2021-03-08,538,9197,11,6437,524,2757,3,3,529,1756,9,3715,532,5471,California
Mono,2021-03-09,6,9203,2,6439,3,2760,1,4,3,1758,2,3717,4,5475,California
Mono,2021-03-10,286,9489,90,6529,193,2953,3,7,9,1495,275,3992,12,5487,California
Mono,2021-03-11,10,9499,0,6529,1,2954,9,16,0,1494,10,4002,9,5496,California
Mono,2021-03-12,7,9506,1,6530,1,2955,5,21,0,1492,7,4009,5,5501,California
Mono,2021-03-13,823,10329,386,6916,437,3392,0,21,815,2299,8,4017,815,6316,California
Mono,2021-03-14,4,10333,4,6920,0,3392,0,21,1,2297,3,4020,1,6317,California
Mono,2021-03-15,31,10364,23,6943,3,3395,5,26,14,2300,16,4036,19,6336,California
Mono,2021-03-16,16,10380,6,6949,4,3399,6,32,8,2306,8,4044,14,6350,California
Mono,2021-03-17,34,10414,5,6954,21,3420,8,40,22,2324,12,4056,30,6380,California
Mono,2021-03-18,21,10435,2,6956,11,3431,8,48,9,2329,12,4068,17,6397,California
Mono,2021-03-19,21,10456,1,6957,17,3448,3,51,17,2346,3,4071,20,6417,California
Mono,2021-03-20,5,10461,3,6960,1,3449,1,52,4,2350,1,4072,5,6422,California
Mono,2021-03-21,1,10462,1,6961,0,3449,0,52,1,2351,0,4072,1,6423,California
Mono,2021-03-22,11,10473,0,6961,6,3455,5,57,5,2355,6,4078,10,6433,California
Mono,2021-03-23,41,10514,5,6966,31,3486,5,62,18,2355,23,4101,23,6456,California
Mono,2021-03-24,13,10527,1,6967,7,3493,5,67,5,2357,8,4109,10,6466,California
Mono,2021-03-25,19,10546,3,6970,12,3505,4,71,12,2366,7,4116,16,6482,California
Mono,2021-03-26,19,10565,3,6973,11,3516,5,76,10,2373,8,4124,15,6497,California
Mono,2021-03-27,350,10915,347,7320,3,3519,0,76,324,2671,26,4150,324,6821,California
Mono,2021-03-28,1,10916,1,7321,0,3519,0,76,1,2672,0,4150,1,6822,California
Mono,2021-03-29,10,10926,3,7324,6,3525,1,77,8,2679,2,4152,9,6831,California
Mono,2021-03-30,12,10938,0,7324,8,3533,4,81,7,2685,5,4157,11,6842,California
Mono,2021-03-31,127,11065,7,7331,119,3652,1,82,47,2654,79,4236,48,6890,California
Mono,2021-04-01,8,11073,0,7331,7,3659,1,83,3,2653,5,4241,4,6894,California
Mono,2021-04-02,18,11091,2,7333,16,3675,0,83,7,2649,11,4252,7,6901,California
Mono,2021-04-03,844,11935,365,7698,479,4154,0,83,32,1871,810,5062,32,6933,California
Mono,2021-04-05,528,12463,17,7715,510,4664,1,84,30,1405,497,5559,31,6964,California
Mono,2021-04-06,19,12482,1,7716,5,4669,13,97,1,1401,18,5577,14,6978,California
Mono,2021-04-07,25,12507,3,7719,3,4672,19,116,4,1403,21,5598,23,7001,California
Mono,2021-04-08,22,12529,3,7722,2,4674,17,133,4,1406,18,5616,21,7022,California
Mono,2021-04-09,37,12566,4,7726,4,4678,29,162,7,1412,30,5646,36,7058,California
Mono,2021-04-10,446,13012,2,7728,437,5115,7,169,28,1029,418,6064,35,7093,California
Mono,2021-04-11,1,13013,1,7729,0,5115,0,169,0,1028,1,6065,0,7093,California
Mono,2021-04-12,6,13019,0,7729,3,5118,3,172,3,1031,3,6068,6,7099,California
Mono,2021-04-13,19,13038,2,7731,16,5134,1,173,13,1039,6,6074,14,7113,California
Mono,2021-04-14,26,13064,1,7732,25,5159,0,173,7,1027,19,6093,7,7120,California
Mono,2021-04-15,18,13082,3,7735,15,5174,0,173,9,1027,9,6102,9,7129,California
Mono,2021-04-16,16,13098,1,7736,15,5189,0,173,5,1021,11,6113,5,7134,California
Mono,2021-04-17,51,13149,2,7738,49,5238,0,173,44,1058,7,6120,44,7178,California
Mono,2021-04-18,1,13150,0,7738,1,5239,0,173,1,1059,0,6120,1,7179,California
Mono,2021-04-19,527,13677,319,8057,208,5447,0,173,201,936,324,6444,201,7380,California
Mono,2021-04-20,17,13694,2,8059,15,5462,0,173,12,943,5,6449,12,7392,California
Mono,2021-04-21,9,13703,1,8060,8,5470,0,173,4,942,5,6454,4,7396,California
Mono,2021-04-22,27,13730,13,8073,14,5484,0,173,13,941,14,6468,13,7409,California
Mono,2021-04-23,21,13751,2,8075,19,5503,0,173,11,942,10,6478,11,7420,California
Mono,2021-04-24,33,13784,20,8095,13,5516,0,173,18,945,15,6493,18,7438,California
Mono,2021-04-25,3,13787,2,8097,1,5517,0,173,3,948,0,6493,3,7441,California
Mono,2021-04-26,8,13795,1,8098,7,5524,0,173,2,944,6,6499,2,7443,California
Mono,2021-04-27,63,13858,40,8138,18,5542,5,178,49,984,14,6513,54,7497,California
Mono,2021-04-28,63,13921,41,8179,18,5560,4,182,48,1023,13,6526,52,7549,California
Mono,2021-04-29,8,13929,1,8180,4,5564,3,185,2,1022,6,6532,5,7554,California
Mono,2021-04-30,16,13945,3,8183,10,5574,3,188,8,1025,8,6540,11,7565,California
Mono,2021-05-01,110,14055,4,8187,106,5680,0,188,98,1111,12,6552,98,7663,California
Mono,2021-05-03,1,14056,0,8187,1,5681,0,188,0,1110,1,6553,0,7663,California
Mono,2021-05-04,19,14075,0,8187,13,5694,6,194,10,1117,9,6562,16,7679,California
Mono,2021-05-05,53,14128,8,8195,41,5735,4,198,46,1160,7,6569,50,7729,California
Mono,2021-05-06,13,14141,3,8198,9,5744,1,199,9,1166,4,6573,10,7739,California
Mono,2021-05-07,29,14170,22,8220,7,5751,0,199,25,1187,4,6577,25,7764,California
Mono,2021-05-08,50,14220,5,8225,45,5796,0,199,22,1181,28,6605,22,7786,California
Mono,2021-05-10,16,14236,1,8226,11,5807,4,203,9,1187,7,6612,13,7799,California
Mono,2021-05-11,15,14251,2,8228,10,5817,3,206,5,1185,10,6622,8,7807,California
Mono,2021-05-12,12,14263,0,8228,11,5828,1,207,4,1182,8,6630,5,7812,California
Mono,2021-05-13,43,14306,32,8260,11,5839,0,207,36,1211,7,6637,36,7848,California
Monterey,2020-12-16,4,4,4,4,0,0,0,0,4,4,0,0,4,4,California
Monterey,2020-12-17,83,87,83,87,0,0,0,0,83,87,0,0,83,87,California
Monterey,2020-12-18,482,569,482,569,0,0,0,0,482,569,0,0,482,569,California
Monterey,2020-12-19,580,1149,580,1149,0,0,0,0,580,1149,0,0,580,1149,California
Monterey,2020-12-20,422,1571,422,1571,0,0,0,0,422,1571,0,0,422,1571,California
Monterey,2020-12-21,718,2289,718,2289,0,0,0,0,718,2289,0,0,718,2289,California
Monterey,2020-12-22,533,2822,520,2809,13,13,0,0,533,2822,0,0,533,2822,California
Monterey,2020-12-23,437,3259,262,3071,175,188,0,0,437,3259,0,0,437,3259,California
Monterey,2020-12-24,84,3343,10,3081,74,262,0,0,84,3343,0,0,84,3343,California
Monterey,2020-12-25,6,3349,0,3081,6,268,0,0,6,3349,0,0,6,3349,California
Monterey,2020-12-26,92,3441,5,3086,87,355,0,0,92,3441,0,0,92,3441,California
Monterey,2020-12-27,7,3448,4,3090,3,358,0,0,7,3448,0,0,7,3448,California
Monterey,2020-12-28,475,3923,25,3115,450,808,0,0,475,3923,0,0,475,3923,California
Monterey,2020-12-29,898,4821,167,3282,731,1539,0,0,898,4821,0,0,898,4821,California
Monterey,2020-12-30,567,5388,98,3380,469,2008,0,0,567,5388,0,0,567,5388,California
Monterey,2020-12-31,33,5421,11,3391,22,2030,0,0,33,5421,0,0,33,5421,California
Monterey,2021-01-01,12,5433,2,3393,10,2040,0,0,12,5433,0,0,12,5433,California
Monterey,2021-01-02,137,5570,134,3527,3,2043,0,0,137,5570,0,0,137,5570,California
Monterey,2021-01-03,30,5600,29,3556,1,2044,0,0,30,5600,0,0,30,5600,California
Monterey,2021-01-04,411,6011,18,3574,393,2437,0,0,411,6011,0,0,411,6011,California
Monterey,2021-01-05,752,6763,327,3901,425,2862,0,0,738,6735,14,14,738,6749,California
Monterey,2021-01-06,656,7419,172,4073,484,3346,0,0,634,7347,22,36,634,7383,California
Monterey,2021-01-07,745,8164,571,4644,174,3520,0,0,422,7448,321,357,422,7805,California
Monterey,2021-01-08,1087,9251,734,5378,353,3873,0,0,394,7149,693,1050,394,8199,California
Monterey,2021-01-09,964,10215,936,6314,28,3901,0,0,312,6809,652,1702,312,8511,California
Monterey,2021-01-10,274,10489,271,6585,3,3904,0,0,9,6553,265,1967,9,8520,California
Monterey,2021-01-11,1064,11553,984,7569,80,3984,0,0,362,6213,702,2669,362,8882,California
Monterey,2021-01-12,465,12018,388,7957,77,4061,0,0,204,6156,261,2930,204,9086,California
Monterey,2021-01-13,1217,13235,593,8550,624,4685,0,0,1171,7281,46,2976,1171,10257,California
Monterey,2021-01-14,1119,14354,165,8715,954,5639,0,0,1100,8366,19,2995,1104,11361,California
Monterey,2021-01-15,1046,15400,45,8760,1001,6640,0,0,1033,9386,13,3008,1033,12394,California
Monterey,2021-01-16,363,15763,300,9060,63,6703,0,0,358,9739,5,3013,358,12752,California
Monterey,2021-01-17,309,16072,288,9348,21,6724,0,0,296,10022,13,3026,296,13048,California
Monterey,2021-01-18,401,16473,50,9398,351,7075,0,0,380,10381,21,3047,380,13428,California
Monterey,2021-01-19,578,17051,396,9794,182,7257,0,0,419,10643,157,3204,419,13847,California
Monterey,2021-01-20,532,17583,270,10064,262,7519,0,0,326,10763,206,3410,326,14173,California
Monterey,2021-01-21,840,18423,92,10156,748,8267,0,0,730,11387,110,3520,734,14907,California
Monterey,2021-01-22,1048,19471,193,10349,855,9122,0,0,1009,12357,39,3559,1009,15916,California
Monterey,2021-01-23,240,19711,174,10523,66,9188,0,0,117,12353,122,3681,118,16034,California
Monterey,2021-01-24,56,19767,38,10561,18,9206,0,0,22,12341,34,3715,22,16056,California
Monterey,2021-01-25,782,20549,173,10734,609,9815,0,0,157,11880,618,4333,157,16213,California
Monterey,2021-01-26,927,21476,224,10958,703,10518,0,0,235,11423,692,5025,235,16448,California
Monterey,2021-01-27,860,22336,311,11269,549,11067,0,0,382,11327,478,5503,382,16830,California
Monterey,2021-01-28,2022,24358,738,12007,1284,12351,0,0,1682,12671,340,5843,1684,18514,California
Monterey,2021-01-29,1229,25587,707,12714,522,12873,0,0,1112,13668,116,5959,1113,19627,California
Monterey,2021-01-30,442,26029,294,13008,148,13021,0,0,186,13598,256,6215,186,19813,California
Monterey,2021-01-31,493,26522,71,13079,422,13443,0,0,483,14072,10,6225,484,20297,California
Monterey,2021-02-01,1652,28174,1140,14219,512,13955,0,0,1089,14599,562,6787,1089,21386,California
Monterey,2021-02-02,2160,30334,463,14682,1697,15652,0,0,1553,15546,606,7393,1553,22939,California
Monterey,2021-02-03,2327,32661,1045,15727,1282,16934,0,0,1552,16327,771,8164,1552,24491,California
Monterey,2021-02-04,2771,35432,2087,17814,684,17618,0,0,2462,18482,307,8471,2462,26953,California
Monterey,2021-02-05,3642,39074,2820,20634,822,18440,0,0,3206,21257,431,8902,3206,30159,California
Monterey,2021-02-06,1097,40171,379,21013,718,19158,0,0,755,21672,340,9242,755,30914,California
Monterey,2021-02-07,315,40486,270,21283,45,19203,0,0,96,21549,219,9461,96,31010,California
Monterey,2021-02-08,515,41001,290,21573,225,19428,0,0,426,21886,89,9550,426,31436,California
Monterey,2021-02-09,863,41864,675,22248,188,19616,0,0,553,22131,310,9860,555,31991,California
Monterey,2021-02-10,2085,43949,1113,23361,972,20588,0,0,1235,22517,850,10710,1236,33227,California
Monterey,2021-02-11,2498,46447,970,24331,1528,22116,0,0,1544,23111,952,11662,1546,34773,California
Monterey,2021-02-12,2584,49031,428,24759,2156,24272,0,0,1517,23563,1066,12728,1518,36291,California
Monterey,2021-02-13,1068,50099,50,24809,1018,25290,0,0,977,24449,91,12819,977,37268,California
Monterey,2021-02-14,592,50691,73,24882,519,25809,0,0,519,24895,73,12892,519,37787,California
Monterey,2021-02-15,1366,52057,160,25042,1206,27015,0,0,981,25494,383,13275,982,38769,California
Monterey,2021-02-16,1091,53148,245,25287,846,27861,0,0,867,26137,224,13499,867,39636,California
Monterey,2021-02-17,1937,55085,1164,26451,773,28634,0,0,1638,27480,297,13796,1640,41276,California
Monterey,2021-02-18,2226,57311,1177,27628,1049,29683,0,0,909,27088,1303,15099,911,42187,California
Monterey,2021-02-19,2937,60248,1534,29162,1403,31086,0,0,1346,26845,1590,16689,1347,43534,California
Monterey,2021-02-20,1008,61256,608,29770,400,31486,0,0,952,27742,55,16744,952,44486,California
Monterey,2021-02-21,1240,62496,1212,30982,28,31514,0,0,1170,28844,68,16812,1170,45656,California
Monterey,2021-02-22,975,63471,843,31825,132,31646,0,0,643,29157,330,17142,643,46299,California
Monterey,2021-02-23,953,64424,621,32446,332,31978,0,0,302,28810,650,17792,303,46602,California
Monterey,2021-02-24,2463,66887,1314,33760,1149,33127,0,0,1850,30053,608,18400,1851,48453,California
Monterey,2021-02-25,4404,71291,2414,36174,1990,35117,0,0,1472,28601,2925,21325,1473,49926,California
Monterey,2021-02-26,5247,76538,3080,39254,2167,37284,0,0,2625,28608,2619,23944,2626,52552,California
Monterey,2021-02-27,996,77534,182,39436,814,38098,0,0,805,29227,186,24130,805,53357,California
Monterey,2021-02-28,1527,79061,80,39516,1447,39545,0,0,1065,29835,457,24587,1065,54422,California
Monterey,2021-03-01,1282,80343,139,39655,1140,40685,3,3,745,30051,533,25120,749,55171,California
Monterey,2021-03-02,2730,83073,1721,41376,1009,41694,0,3,1878,31081,848,25968,1878,57049,California
Monterey,2021-03-03,3200,86273,1241,42617,1959,43653,0,3,1261,30406,1937,27905,1262,58311,California
Monterey,2021-03-04,4550,90823,1467,44084,3083,46736,0,3,2951,31762,1595,29500,2951,61262,California
Monterey,2021-03-05,3588,94411,1619,45703,1692,48428,277,280,2956,34364,631,30131,3233,64495,California
Monterey,2021-03-06,5043,99454,1068,46771,3672,52100,303,583,4139,37903,901,31032,4440,68935,California
Monterey,2021-03-07,520,99974,108,46879,167,52267,245,828,233,38092,287,31319,476,69411,California
Monterey,2021-03-08,1657,101631,326,47205,942,53209,389,1217,1118,39058,539,31858,1505,70916,California
Monterey,2021-03-09,1907,103538,679,47884,952,54161,276,1493,1416,40258,490,32348,1690,72606,California
Monterey,2021-03-10,3124,106662,1022,48906,1614,55775,488,1981,1418,40464,1699,34047,1905,74511,California
Monterey,2021-03-11,4107,110769,1407,50313,2327,58102,373,2354,2346,41429,1754,35801,2719,77230,California
Monterey,2021-03-12,4315,115084,2047,52360,2133,60235,135,2489,2632,42515,1680,37481,2766,79996,California
Monterey,2021-03-13,5243,120327,959,53319,3937,64172,347,2836,3935,45490,1308,38789,4283,84279,California
Monterey,2021-03-14,2147,122474,1325,54644,797,64969,25,2861,577,44533,1559,40348,602,84881,California
Monterey,2021-03-15,3937,126411,1266,55910,2382,67351,289,3150,2253,45394,1680,42028,2541,87422,California
Monterey,2021-03-16,3488,129899,574,56484,2539,69890,375,3525,2077,46432,1410,43438,2448,89870,California
Monterey,2021-03-17,5704,135603,2335,58819,3116,73006,253,3778,4109,49211,1588,45026,4367,94237,California
Monterey,2021-03-18,4355,139958,2154,60973,2033,75039,168,3946,3000,51067,1349,46375,3205,97442,California
Monterey,2021-03-19,5391,145349,2558,63531,2689,77728,144,4090,4117,54060,1269,47644,4262,101704,California
Monterey,2021-03-20,3308,148657,419,63950,2194,79922,695,4785,2230,55910,1075,48719,2925,104629,California
Monterey,2021-03-21,623,149280,200,64150,415,80337,8,4793,557,56410,64,48783,564,105193,California
Monterey,2021-03-22,2459,151739,1434,65584,963,81300,62,4855,2250,58515,205,48988,2310,107503,California
Monterey,2021-03-23,3973,155712,2350,67934,1580,82880,43,4898,2517,59623,1451,50439,2559,110062,California
Monterey,2021-03-24,4992,160704,2088,70022,2594,85474,310,5208,3635,62212,1353,51792,3942,114004,California
Monterey,2021-03-25,5212,165916,1210,71232,3645,89119,357,5565,2589,62544,2616,54408,2948,116952,California
Monterey,2021-03-26,5291,171207,2601,73833,2624,91743,66,5631,2655,62640,2627,57035,2723,119675,California
Monterey,2021-03-27,4780,175987,1424,75257,3100,94843,256,5887,3067,64254,1710,58745,3324,122999,California
Monterey,2021-03-28,1105,177092,332,75589,764,95607,9,5896,621,64405,479,59224,630,123629,California
Monterey,2021-03-29,3169,180261,1404,76993,1751,97358,14,5910,1950,65161,1212,60436,1968,125597,California
Monterey,2021-03-30,4436,184697,2130,79123,2263,99621,43,5953,2752,66286,1674,62110,2799,128396,California
Monterey,2021-03-31,5291,189988,2377,81500,2124,101745,790,6743,3344,68467,1944,64054,4125,132521,California
Monterey,2021-04-01,6081,196069,2109,83609,3562,105307,410,7153,3066,68941,3000,67054,3474,135995,California
Monterey,2021-04-02,4663,200732,2241,85850,2361,107668,61,7214,3164,70671,1498,68552,3228,139223,California
Monterey,2021-04-03,5778,206510,1108,86958,3649,111317,1021,8235,1189,68297,4578,73130,2204,141427,California
Monterey,2021-04-04,757,207267,156,87114,587,111904,14,8249,489,68534,268,73398,505,141932,California
Monterey,2021-04-05,3978,211245,2468,89582,1282,113186,228,8477,1466,67721,2507,75905,1694,143626,California
Monterey,2021-04-06,3339,214584,1321,90903,1546,114732,472,8949,1117,67088,2220,78125,1587,145213,California
Monterey,2021-04-07,5481,220065,1365,92268,3605,118337,511,9460,2640,67405,2830,80955,3147,148360,California
Monterey,2021-04-08,6467,226532,3449,95717,2216,120553,802,10262,3168,68083,3293,84248,3971,152331,California
Monterey,2021-04-09,5503,232035,3353,99070,1517,122070,633,10895,2216,67647,3284,87532,2848,155179,California
Monterey,2021-04-10,10019,242054,4871,103941,3001,125071,2147,13042,4897,69576,5113,92645,7042,162221,California
Monterey,2021-04-11,5406,247460,4239,108180,566,125637,601,13643,4363,73500,1037,93682,4961,167182,California
Monterey,2021-04-12,4061,251521,1844,110024,1904,127541,313,13956,907,71704,3016,96698,1220,168402,California
Monterey,2021-04-13,3095,254616,720,110744,2370,129911,5,13961,1469,71573,1607,98305,1476,169878,California
Monterey,2021-04-14,6566,261182,3115,113859,3449,133360,2,13963,1799,68620,4754,103059,1801,171679,California
Monterey,2021-04-15,5743,266925,3887,117746,1856,135216,0,13963,3827,70562,1886,104945,3828,175507,California
Monterey,2021-04-16,4662,271587,2389,120135,2259,137475,14,13977,2172,70269,2479,107424,2186,177693,California
Monterey,2021-04-17,5521,277108,1347,121482,4174,141649,0,13977,3696,72153,1812,109236,3696,181389,California
Monterey,2021-04-18,832,277940,251,121733,581,142230,0,13977,235,71795,593,109829,235,181624,California
Monterey,2021-04-19,3668,281608,1283,123016,2385,144615,0,13977,1752,71639,1908,111737,1752,183376,California
Monterey,2021-04-20,3747,285355,1566,124582,2181,146796,0,13977,1543,71000,2183,113920,1544,184920,California
Monterey,2021-04-21,5774,291129,3149,127731,2625,149421,0,13977,2829,70921,2910,116830,2831,187751,California
Monterey,2021-04-22,4701,295830,1017,128748,3684,153105,0,13977,1952,70162,2711,119541,1952,189703,California
Monterey,2021-04-23,5624,301454,2626,131374,2997,156102,1,13978,2209,68978,3397,122938,2213,191916,California
Monterey,2021-04-24,4131,305585,582,131956,3549,159651,0,13978,1529,67924,2583,125521,1529,193445,California
Monterey,2021-04-25,1231,306816,603,132559,628,160279,0,13978,787,68276,435,125956,787,194232,California
Monterey,2021-04-26,3403,310219,2142,134701,1244,161523,17,13995,858,66630,2521,128477,875,195107,California
Monterey,2021-04-27,2498,312717,864,135565,1517,163040,117,14112,1088,66429,1405,129882,1204,196311,California
Monterey,2021-04-28,3492,316209,1355,136920,1999,165039,138,14250,2170,67425,1309,131191,2305,198616,California
Monterey,2021-04-29,4376,320585,2405,139325,1895,166934,76,14326,1629,66394,2737,133928,1706,200322,California
Monterey,2021-04-30,3074,323659,1653,140978,1345,168279,76,14402,760,64923,2305,136233,834,201156,California
Monterey,2021-05-01,5601,329260,4227,145205,1334,169613,40,14442,678,60731,4908,141141,716,201872,California
Monterey,2021-05-02,4349,333609,3923,149128,399,170012,27,14469,324,57070,4012,145153,351,202223,California
Monterey,2021-05-03,2516,336125,1561,150689,839,170851,116,14585,584,55848,1922,147075,700,202923,California
Monterey,2021-05-04,1725,337850,586,151275,1049,171900,90,14675,629,55485,1083,148158,720,203643,California
Monterey,2021-05-05,3239,341089,1183,152458,1971,173871,85,14760,1050,54445,2176,150334,1136,204779,California
Monterey,2021-05-06,4118,345207,2737,155195,1164,175035,217,14977,1140,52840,2962,153296,1357,206136,California
Monterey,2021-05-07,1914,347121,932,156127,883,175918,99,15076,700,52431,1207,154503,798,206934,California
Monterey,2021-05-08,2546,349667,1366,157493,858,176776,322,15398,890,51995,1645,156148,1209,208143,California
Monterey,2021-05-09,394,350061,113,157606,255,177031,26,15424,143,51914,250,156398,169,208312,California
Monterey,2021-05-10,2582,352643,1853,159459,682,177713,47,15471,341,50071,2232,158630,389,208701,California
Monterey,2021-05-11,1699,354342,876,160335,761,178474,62,15533,725,49898,960,159590,787,209488,California
Monterey,2021-05-12,3409,357751,1891,162226,1449,179923,69,15602,727,48023,2671,162261,796,210284,California
Monterey,2021-05-13,1652,359403,1021,163247,606,180529,25,15627,899,48198,748,163009,923,211207,California
Napa,2020-12-16,12,12,12,12,0,0,0,0,12,12,0,0,12,12,California
Napa,2020-12-17,44,56,44,56,0,0,0,0,44,56,0,0,44,56,California
Napa,2020-12-18,102,158,102,158,0,0,0,0,102,158,0,0,102,158,California
Napa,2020-12-19,221,379,221,379,0,0,0,0,221,379,0,0,221,379,California
Napa,2020-12-20,190,569,190,569,0,0,0,0,190,569,0,0,190,569,California
Napa,2020-12-21,312,881,312,881,0,0,0,0,313,882,0,0,313,882,California
Napa,2020-12-22,340,1221,331,1212,9,9,0,0,340,1222,0,0,340,1222,California
Napa,2020-12-23,428,1649,318,1530,110,119,0,0,428,1650,0,0,428,1650,California
Napa,2020-12-24,139,1788,78,1608,61,180,0,0,139,1789,0,0,139,1789,California
Napa,2020-12-25,1,1789,1,1609,0,180,0,0,1,1790,0,0,1,1790,California
Napa,2020-12-26,39,1828,11,1620,28,208,0,0,39,1829,0,0,39,1829,California
Napa,2020-12-27,32,1860,16,1636,16,224,0,0,32,1861,0,0,32,1861,California
Napa,2020-12-28,252,2112,186,1822,66,290,0,0,281,2142,0,0,281,2142,California
Napa,2020-12-29,274,2386,215,2037,59,349,0,0,307,2449,0,0,307,2449,California
Napa,2020-12-30,628,3014,485,2522,143,492,0,0,636,3085,0,0,636,3085,California
Napa,2020-12-31,459,3473,371,2893,88,580,0,0,459,3544,0,0,459,3544,California
Napa,2021-01-01,1,3474,1,2894,0,580,0,0,1,3545,0,0,1,3545,California
Napa,2021-01-02,98,3572,93,2987,5,585,0,0,98,3643,0,0,98,3643,California
Napa,2021-01-03,13,3585,11,2998,2,587,0,0,9,3652,0,0,9,3652,California
Napa,2021-01-04,107,3692,64,3062,43,630,0,0,107,3759,0,0,107,3759,California
Napa,2021-01-05,162,3854,85,3147,77,707,0,0,145,3880,24,24,145,3904,California
Napa,2021-01-06,460,4314,115,3262,345,1052,0,0,396,4214,62,86,396,4300,California
Napa,2021-01-07,498,4812,235,3497,263,1315,0,0,397,4511,100,186,397,4697,California
Napa,2021-01-08,444,5256,228,3725,216,1531,0,0,262,4592,181,367,262,4959,California
Napa,2021-01-09,325,5581,300,4025,25,1556,0,0,189,4645,136,503,189,5148,California
Napa,2021-01-10,186,5767,103,4128,83,1639,0,0,109,4677,77,580,109,5257,California
Napa,2021-01-11,882,6649,426,4554,456,2095,0,0,509,4814,374,954,511,5768,California
Napa,2021-01-12,1313,7962,371,4925,942,3037,0,0,997,5495,316,1270,997,6765,California
Napa,2021-01-13,1311,9273,264,5189,1047,4084,0,0,1149,6484,161,1431,1150,7915,California
Napa,2021-01-14,1054,10327,173,5362,881,4965,0,0,936,7304,116,1547,936,8851,California
Napa,2021-01-15,1455,11782,384,5746,1071,6036,0,0,1306,8454,157,1704,1307,10158,California
Napa,2021-01-16,358,12140,134,5880,224,6260,0,0,340,8776,18,1722,340,10498,California
Napa,2021-01-17,341,12481,176,6056,165,6425,0,0,331,9097,10,1732,331,10829,California
Napa,2021-01-18,1081,13562,197,6253,884,7309,0,0,990,9996,91,1823,990,11819,California
Napa,2021-01-19,1009,14571,404,6657,605,7914,0,0,767,10522,241,2064,767,12586,California
Napa,2021-01-20,825,15396,185,6842,640,8554,0,0,642,10983,181,2245,642,13228,California
Napa,2021-01-21,1336,16732,374,7216,962,9516,0,0,1081,11811,254,2499,1082,14310,California
Napa,2021-01-22,1541,18273,412,7628,1129,10645,0,0,1214,12700,326,2825,1215,15525,California
Napa,2021-01-23,398,18671,318,7946,80,10725,0,0,336,12974,62,2887,336,15861,California
Napa,2021-01-24,265,18936,188,8134,77,10802,0,0,208,13125,57,2944,208,16069,California
Napa,2021-01-25,1521,20457,231,8365,1290,12092,0,0,1431,14466,90,3034,1431,17500,California
Napa,2021-01-26,880,21337,286,8651,594,12686,0,0,786,15159,94,3128,787,18287,California
Napa,2021-01-27,626,21963,221,8872,405,13091,0,0,470,15474,156,3284,471,18758,California
Napa,2021-01-28,389,22352,176,9048,213,13304,0,0,197,15481,190,3474,197,18955,California
Napa,2021-01-29,256,22608,65,9113,191,13495,0,0,161,15547,95,3569,161,19116,California
Napa,2021-01-30,805,23413,696,9809,109,13604,0,0,641,16024,164,3733,641,19757,California
Napa,2021-01-31,656,24069,625,10434,31,13635,0,0,630,16628,26,3759,630,20387,California
Napa,2021-02-01,315,24384,110,10544,205,13840,0,0,163,16639,152,3911,163,20550,California
Napa,2021-02-02,608,24992,280,10824,328,14168,0,0,298,16630,307,4218,298,20848,California
Napa,2021-02-03,745,25737,309,11133,436,14604,0,0,430,16746,314,4532,430,21278,California
Napa,2021-02-04,789,26526,373,11506,416,15020,0,0,441,16841,346,4878,441,21719,California
Napa,2021-02-05,711,27237,310,11816,401,15421,0,0,344,16818,367,5245,344,22063,California
Napa,2021-02-06,434,27671,146,11962,288,15709,0,0,328,17040,106,5351,328,22391,California
Napa,2021-02-07,176,27847,163,12125,13,15722,0,0,71,17006,105,5456,71,22462,California
Napa,2021-02-08,836,28683,191,12316,645,16367,0,0,274,16721,559,6015,274,22736,California
Napa,2021-02-09,1078,29761,444,12760,634,17001,0,0,438,16519,640,6655,438,23174,California
Napa,2021-02-10,1720,31481,193,12953,1527,18528,0,0,452,15707,1265,7920,453,23627,California
Napa,2021-02-11,1496,32977,195,13148,1301,19829,0,0,407,15038,1076,8996,407,24034,California
Napa,2021-02-12,2164,35141,842,13990,1322,21151,0,0,724,14326,1436,10432,724,24758,California
Napa,2021-02-13,501,35642,53,14043,448,21599,0,0,315,14455,186,10618,315,25073,California
Napa,2021-02-14,357,35999,89,14132,268,21867,0,0,195,14488,162,10780,195,25268,California
Napa,2021-02-15,876,36875,183,14315,693,22560,0,0,221,14056,653,11433,221,25489,California
Napa,2021-02-16,1288,38163,597,14912,691,23251,0,0,612,13994,674,12107,612,26101,California
Napa,2021-02-17,1050,39213,534,15446,516,23767,0,0,481,13908,567,12674,481,26582,California
Napa,2021-02-18,1902,41115,486,15932,1416,25183,0,0,659,13327,1240,13914,659,27241,California
Napa,2021-02-19,1482,42597,587,16519,895,26078,0,0,676,13198,805,14719,676,27917,California
Napa,2021-02-20,823,43420,597,17116,226,26304,0,0,274,12923,549,15268,274,28191,California
Napa,2021-02-21,798,44218,735,17851,63,26367,0,0,196,12517,602,15870,196,28387,California
Napa,2021-02-22,444,44662,187,18038,257,26624,0,0,138,12349,306,16176,138,28525,California
Napa,2021-02-23,1124,45786,300,18338,824,27448,0,0,308,11841,816,16992,308,28833,California
Napa,2021-02-24,1162,46948,643,18981,519,27967,0,0,576,11833,584,17576,576,29409,California
Napa,2021-02-25,2555,49503,1223,20204,1332,29299,0,0,1845,12969,709,18285,1845,31254,California
Napa,2021-02-26,1506,51009,529,20733,977,30276,0,0,594,12653,910,19195,594,31848,California
Napa,2021-02-27,1121,52130,380,21113,741,31017,0,0,869,13272,250,19445,869,32717,California
Napa,2021-02-28,560,52690,459,21572,101,31118,0,0,461,13636,97,19542,461,33178,California
Napa,2021-03-01,1102,53792,816,22388,286,31404,0,0,832,14199,269,19811,832,34010,California
Napa,2021-03-02,1484,55276,1024,23412,460,31864,0,0,1142,15000,341,20152,1142,35152,California
Napa,2021-03-03,1554,56830,689,24101,865,32729,0,0,1369,16185,184,20336,1369,36521,California
Napa,2021-03-04,1709,58539,785,24886,924,33653,0,0,1471,17421,235,20571,1471,37992,California
Napa,2021-03-05,1895,60434,788,25674,1103,34756,4,4,1475,18482,418,20989,1479,39471,California
Napa,2021-03-06,647,61081,280,25954,336,35092,31,35,535,18938,110,21099,566,40037,California
Napa,2021-03-07,520,61601,318,26272,187,35279,15,50,371,19175,149,21248,386,40423,California
Napa,2021-03-08,706,62307,330,26602,323,35602,53,103,529,19582,175,21423,582,41005,California
Napa,2021-03-09,1636,63943,572,27174,1018,36620,46,149,1204,20403,429,21852,1250,42255,California
Napa,2021-03-10,1478,65421,917,28091,468,37088,93,242,777,20575,697,22549,869,43124,California
Napa,2021-03-11,1878,67299,1060,29151,688,37776,130,372,985,20797,893,23442,1115,44239,California
Napa,2021-03-12,1506,68805,914,30065,496,38272,96,468,801,20990,703,24145,896,45135,California
Napa,2021-03-13,1165,69970,300,30365,840,39112,25,493,826,21504,337,24482,851,45986,California
Napa,2021-03-14,612,70582,330,30695,134,39246,148,641,228,21496,383,24865,375,46361,California
Napa,2021-03-15,950,71532,409,31104,472,39718,69,710,481,21579,467,25332,550,46911,California
Napa,2021-03-16,1840,73372,389,31493,1325,41043,126,836,1378,22626,458,25790,1505,48416,California
Napa,2021-03-17,2502,75874,1851,33344,472,41515,179,1015,1589,23481,913,26703,1768,50184,California
Napa,2021-03-18,2109,77983,920,34264,1179,42694,10,1025,1285,23954,822,27525,1295,51479,California
Napa,2021-03-19,1443,79426,872,35136,543,43237,28,1053,710,23962,730,28255,738,52217,California
Napa,2021-03-20,1007,80433,529,35665,325,43562,153,1206,433,23975,573,28828,586,52803,California
Napa,2021-03-21,702,81135,680,36345,20,43582,2,1208,350,23976,351,29179,352,53155,California
Napa,2021-03-22,1295,82430,1119,37464,165,43747,11,1219,493,23683,797,29976,504,53659,California
Napa,2021-03-23,1816,84246,1124,38588,675,44422,17,1236,1020,23928,792,30768,1037,54696,California
Napa,2021-03-24,1706,85952,945,39533,753,45175,8,1244,821,23873,884,31652,829,55525,California
Napa,2021-03-25,1642,87594,1052,40585,536,45711,54,1298,751,23790,888,32540,805,56330,California
Napa,2021-03-26,1299,88893,831,41416,462,46173,6,1304,593,23687,702,33242,599,56929,California
Napa,2021-03-27,952,89845,432,41848,493,46666,27,1331,319,23400,633,33875,346,57275,California
Napa,2021-03-28,484,90329,374,42222,103,46769,7,1338,184,23292,299,34174,191,57466,California
Napa,2021-03-29,1195,91524,871,43093,319,47088,5,1343,735,23573,459,34633,740,58206,California
Napa,2021-03-30,2549,94073,931,44024,1614,48702,4,1347,1762,24552,787,35420,1766,59972,California
Napa,2021-03-31,1962,96035,957,44981,936,49638,69,1416,800,24260,1159,36579,867,60839,California
Napa,2021-04-01,1735,97770,833,45814,785,50423,117,1533,471,23590,1258,37837,588,61427,California
Napa,2021-04-02,1833,99603,822,46636,870,51293,141,1674,459,22819,1371,39208,600,62027,California
Napa,2021-04-03,628,100231,364,47000,205,51498,59,1733,213,22675,415,39623,271,62298,California
Napa,2021-04-04,354,100585,144,47144,152,51650,58,1791,125,22630,228,39851,183,62481,California
Napa,2021-04-05,1266,101851,756,47900,291,51941,219,2010,574,22732,691,40542,793,63274,California
Napa,2021-04-06,2232,104083,560,48460,1418,53359,254,2264,528,21813,1701,42243,782,64056,California
Napa,2021-04-07,1726,105809,704,49164,801,54160,221,2485,526,21364,1195,43438,746,64802,California
Napa,2021-04-08,1847,107656,1058,50222,419,54579,370,2855,957,21804,886,44324,1326,66128,California
Napa,2021-04-09,1530,109186,919,51141,309,54888,302,3157,676,21929,852,45176,977,67105,California
Napa,2021-04-10,1031,110217,346,51487,584,55472,101,3258,239,21477,791,45967,339,67444,California
Napa,2021-04-11,384,110601,299,51786,62,55534,23,3281,155,21426,229,46196,178,67622,California
Napa,2021-04-12,784,111385,302,52088,358,55892,124,3405,290,21344,493,46689,411,68033,California
Napa,2021-04-13,2525,113910,843,52931,1682,57574,0,3405,923,20670,1597,48286,923,68956,California
Napa,2021-04-14,2066,115976,981,53912,1085,58659,0,3405,1008,20628,1050,49336,1008,69964,California
Napa,2021-04-15,2057,118033,529,54441,1528,60187,0,3405,880,20336,1172,50508,880,70844,California
Napa,2021-04-16,2892,120925,1568,56009,1324,61511,0,3405,2181,21808,709,51217,2181,73025,California
Napa,2021-04-17,1126,122051,265,56274,861,62372,0,3405,829,22341,296,51513,829,73854,California
Napa,2021-04-18,264,122315,172,56446,92,62464,0,3405,117,22312,146,51659,117,73971,California
Napa,2021-04-19,609,122924,339,56785,270,62734,0,3405,266,22236,342,52001,266,74237,California
Napa,2021-04-20,3029,125953,2055,58840,974,63708,0,3405,2077,23363,951,52952,2078,76315,California
Napa,2021-04-21,2912,128865,2152,60992,760,64468,0,3405,1858,24173,1049,54001,1859,78174,California
Napa,2021-04-22,1630,130495,1130,62122,500,64968,0,3405,833,24213,793,54794,833,79007,California
Napa,2021-04-23,1624,132119,1246,63368,376,65344,2,3407,1152,24897,468,55262,1152,80159,California
Napa,2021-04-24,546,132665,316,63684,230,65574,0,3407,284,24922,259,55521,284,80443,California
Napa,2021-04-25,249,132914,191,63875,58,65632,0,3407,129,24932,119,55640,129,80572,California
Napa,2021-04-26,492,133406,256,64131,236,65868,0,3407,251,24946,237,55877,251,80823,California
Napa,2021-04-27,1501,134907,425,64556,1065,66933,11,3418,620,24699,878,56755,631,81454,California
Napa,2021-04-28,969,135876,426,64982,526,67459,17,3435,319,24386,649,57404,336,81790,California
Napa,2021-04-29,635,136511,324,65306,292,67751,19,3454,198,24170,432,57836,216,82006,California
Napa,2021-04-30,597,137108,299,65605,234,67985,64,3518,247,24131,349,58185,310,82316,California
Napa,2021-05-01,320,137428,265,65870,44,68029,11,3529,117,24056,203,58388,128,82444,California
Napa,2021-05-02,237,137665,193,66063,38,68067,6,3535,99,24024,137,58525,105,82549,California
Napa,2021-05-03,623,138288,497,66560,91,68158,35,3570,102,23645,517,59042,138,82687,California
Napa,2021-05-04,1125,139413,717,67277,299,68457,109,3679,297,23227,824,59866,406,83093,California
Napa,2021-05-05,1018,140431,686,67963,296,68753,36,3715,256,22760,759,60625,292,83385,California
Napa,2021-05-06,712,141143,315,68278,374,69127,23,3738,368,22815,336,60961,391,83776,California
Napa,2021-05-07,554,141697,352,68630,158,69285,44,3782,174,22655,377,61338,217,83993,California
Napa,2021-05-08,249,141946,158,68788,80,69365,11,3793,88,22594,160,61498,99,84092,California
Napa,2021-05-09,108,142054,77,68865,31,69396,0,3793,50,22586,58,61556,50,84142,California
Napa,2021-05-10,411,142465,137,69002,255,69651,19,3812,105,22405,305,61861,124,84266,California
Napa,2021-05-11,2145,144610,1767,70769,353,70004,25,3837,370,21031,1769,63630,395,84661,California
Napa,2021-05-12,2100,146710,1330,72099,716,70720,54,3891,302,19592,1795,65425,356,85017,California
Napa,2021-05-13,698,147408,337,72436,345,71065,16,3907,154,19221,541,65966,170,85187,California
Nevada,2020-12-16,3,3,3,3,0,0,0,0,3,3,0,0,3,3,California
Nevada,2020-12-17,6,9,6,9,0,0,0,0,6,9,0,0,6,9,California
Nevada,2020-12-18,52,61,52,61,0,0,0,0,52,61,0,0,52,61,California
Nevada,2020-12-19,55,116,55,116,0,0,0,0,55,116,0,0,55,116,California
Nevada,2020-12-20,12,128,12,128,0,0,0,0,12,128,0,0,12,128,California
Nevada,2020-12-21,69,197,69,197,0,0,0,0,69,197,0,0,69,197,California
Nevada,2020-12-22,91,288,89,286,2,2,0,0,91,288,0,0,91,288,California
Nevada,2020-12-23,233,521,202,488,31,33,0,0,233,521,0,0,233,521,California
Nevada,2020-12-24,13,534,11,499,2,35,0,0,13,534,0,0,13,534,California
Nevada,2020-12-25,3,537,3,502,0,35,0,0,3,537,0,0,3,537,California
Nevada,2020-12-26,6,543,4,506,2,37,0,0,6,543,0,0,6,543,California
Nevada,2020-12-27,88,631,88,594,0,37,0,0,88,631,0,0,88,631,California
Nevada,2020-12-28,170,801,93,687,77,114,0,0,170,801,0,0,170,801,California
Nevada,2020-12-29,99,900,73,760,26,140,0,0,99,900,0,0,99,900,California
Nevada,2020-12-30,86,986,66,826,20,160,0,0,86,986,0,0,86,986,California
Nevada,2020-12-31,39,1025,9,835,30,190,0,0,39,1025,0,0,39,1025,California
Nevada,2021-01-01,2,1027,0,835,2,192,0,0,2,1027,0,0,2,1027,California
Nevada,2021-01-02,1,1028,1,836,0,192,0,0,1,1028,0,0,1,1028,California
Nevada,2021-01-03,129,1157,126,962,3,195,0,0,129,1157,0,0,129,1157,California
Nevada,2021-01-04,71,1228,47,1009,24,219,0,0,71,1228,0,0,71,1228,California
Nevada,2021-01-05,273,1501,132,1141,141,360,0,0,272,1499,1,1,272,1500,California
Nevada,2021-01-06,91,1592,43,1184,48,408,0,0,83,1574,8,9,83,1583,California
Nevada,2021-01-07,215,1807,43,1227,172,580,0,0,208,1777,6,15,209,1792,California
Nevada,2021-01-08,221,2028,129,1356,92,672,0,0,168,1893,53,68,169,1961,California
Nevada,2021-01-09,64,2092,56,1412,8,680,0,0,16,1861,48,116,16,1977,California
Nevada,2021-01-10,18,2110,9,1421,9,689,0,0,10,1863,8,124,10,1987,California
Nevada,2021-01-11,185,2295,131,1552,54,743,0,0,57,1792,128,252,57,2044,California
Nevada,2021-01-12,597,2892,451,2003,146,889,0,0,531,2257,66,318,531,2575,California
Nevada,2021-01-13,260,3152,147,2150,113,1002,0,0,125,2247,135,453,125,2700,California
Nevada,2021-01-14,238,3390,127,2277,111,1113,0,0,220,2450,17,470,220,2920,California
Nevada,2021-01-15,395,3785,170,2447,225,1338,0,0,297,2649,98,568,297,3217,California
Nevada,2021-01-16,296,4081,15,2462,281,1619,0,0,292,2937,4,572,292,3509,California
Nevada,2021-01-17,35,4116,31,2493,4,1623,0,0,33,2968,2,574,33,3542,California
Nevada,2021-01-18,151,4267,41,2534,110,1733,0,0,141,3099,10,584,141,3683,California
Nevada,2021-01-19,244,4511,85,2619,159,1892,0,0,225,3305,19,603,225,3908,California
Nevada,2021-01-20,258,4769,153,2772,105,1997,0,0,245,3537,13,616,245,4153,California
Nevada,2021-01-21,338,5107,207,2979,131,2128,0,0,325,3849,13,629,325,4478,California
Nevada,2021-01-22,346,5453,209,3188,137,2265,0,0,316,4135,30,659,316,4794,California
Nevada,2021-01-23,178,5631,105,3293,73,2338,0,0,178,4313,0,659,178,4972,California
Nevada,2021-01-24,105,5736,98,3391,7,2345,0,0,66,4340,39,698,66,5038,California
Nevada,2021-01-25,267,6003,137,3528,130,2475,0,0,206,4485,61,759,206,5244,California
Nevada,2021-01-26,402,6405,141,3669,261,2736,0,0,298,4679,104,863,298,5542,California
Nevada,2021-01-27,419,6824,248,3917,171,2907,0,0,395,5050,24,887,395,5937,California
Nevada,2021-01-28,470,7294,319,4236,151,3058,0,0,426,5433,43,930,426,6363,California
Nevada,2021-01-29,603,7897,392,4628,211,3269,0,0,576,5984,26,956,577,6940,California
Nevada,2021-01-30,232,8129,105,4733,127,3396,0,0,229,6210,3,959,229,7169,California
Nevada,2021-01-31,103,8232,86,4819,17,3413,0,0,101,6311,1,960,102,7271,California
Nevada,2021-02-01,291,8523,71,4890,220,3633,0,0,277,6574,14,974,277,7548,California
Nevada,2021-02-02,510,9033,173,5063,337,3970,0,0,322,6708,188,1162,322,7870,California
Nevada,2021-02-03,812,9845,572,5635,240,4210,0,0,758,7413,53,1215,758,8628,California
Nevada,2021-02-04,738,10583,391,6026,347,4557,0,0,488,7652,249,1464,488,9116,California
Nevada,2021-02-05,644,11227,367,6393,277,4834,0,0,455,7920,187,1651,455,9571,California
Nevada,2021-02-06,269,11496,83,6476,186,5020,0,0,242,8135,27,1678,242,9813,California
Nevada,2021-02-07,244,11740,191,6667,53,5073,0,0,190,8271,54,1732,190,10003,California
Nevada,2021-02-08,651,12391,407,7074,244,5317,0,0,553,8726,98,1830,553,10556,California
Nevada,2021-02-09,602,12993,337,7411,265,5582,0,0,463,9050,139,1969,463,11019,California
Nevada,2021-02-10,648,13641,323,7734,325,5907,0,0,417,9237,231,2200,418,11437,California
Nevada,2021-02-11,871,14512,505,8239,366,6273,0,0,542,9451,328,2528,542,11979,California
Nevada,2021-02-12,937,15449,437,8676,500,6773,0,0,616,9749,318,2846,616,12595,California
Nevada,2021-02-13,600,16049,236,8912,364,7137,0,0,388,9930,208,3054,389,12984,California
Nevada,2021-02-14,229,16278,119,9031,110,7247,0,0,201,10103,28,3082,201,13185,California
Nevada,2021-02-15,709,16987,438,9469,271,7518,0,0,535,10464,174,3256,535,13720,California
Nevada,2021-02-16,622,17609,197,9666,425,7943,0,0,452,10747,169,3425,452,14172,California
Nevada,2021-02-17,1186,18795,764,10430,422,8365,0,0,856,11273,330,3755,856,15028,California
Nevada,2021-02-18,1007,19802,548,10978,459,8824,0,0,600,11468,405,4160,600,15628,California
Nevada,2021-02-19,1015,20817,630,11608,385,9209,0,0,653,11761,361,4521,654,16282,California
Nevada,2021-02-20,298,21115,106,11714,192,9401,0,0,173,11810,124,4645,173,16455,California
Nevada,2021-02-21,90,21205,85,11799,5,9406,0,0,8,11737,81,4726,8,16463,California
Nevada,2021-02-22,494,21699,327,12126,167,9573,0,0,346,11936,147,4873,346,16809,California
Nevada,2021-02-23,469,22168,220,12346,249,9822,0,0,206,11882,260,5133,206,17015,California
Nevada,2021-02-24,474,22642,236,12582,238,10060,0,0,249,11908,225,5358,251,17266,California
Nevada,2021-02-25,861,23503,467,13049,394,10454,0,0,432,11913,427,5785,432,17698,California
Nevada,2021-02-26,1237,24740,881,13930,356,10810,0,0,408,11495,826,6611,408,18106,California
Nevada,2021-02-27,354,25094,110,14040,244,11054,0,0,184,11509,170,6781,184,18290,California
Nevada,2021-02-28,265,25359,152,14192,113,11167,0,0,123,11491,141,6922,123,18413,California
Nevada,2021-03-01,823,26182,428,14620,395,11562,0,0,357,11384,464,7386,357,18770,California
Nevada,2021-03-02,709,26891,263,14883,446,12008,0,0,481,11641,224,7610,481,19251,California
Nevada,2021-03-03,964,27855,491,15374,472,12480,1,1,493,11665,470,8080,494,19745,California
Nevada,2021-03-04,1103,28958,616,15990,487,12967,0,1,465,11495,635,8715,465,20210,California
Nevada,2021-03-05,821,29779,460,16450,351,13318,10,11,363,11412,456,9171,373,20583,California
Nevada,2021-03-06,359,30138,121,16571,211,13529,27,38,145,11370,214,9385,172,20755,California
Nevada,2021-03-07,211,30349,109,16680,83,13612,19,57,70,11318,141,9526,89,20844,California
Nevada,2021-03-08,807,31156,538,17218,224,13836,45,102,360,11278,446,9972,406,21250,California
Nevada,2021-03-09,671,31827,320,17538,301,14137,50,152,368,11394,301,10273,417,21667,California
Nevada,2021-03-10,961,32788,606,18144,299,14436,56,208,323,11139,634,10907,379,22046,California
Nevada,2021-03-11,1105,33893,725,18869,355,14791,25,233,551,11169,546,11453,576,22622,California
Nevada,2021-03-12,1193,35086,723,19592,440,15231,30,263,507,11021,684,12137,536,23158,California
Nevada,2021-03-13,271,35357,52,19644,214,15445,5,268,101,10957,169,12306,105,23263,California
Nevada,2021-03-14,155,35512,21,19665,128,15573,6,274,33,10874,122,12428,39,23302,California
Nevada,2021-03-15,842,36354,456,20121,374,15947,12,286,358,10763,481,12909,370,23672,California
Nevada,2021-03-16,994,37348,466,20587,467,16414,61,347,646,11124,346,13255,707,24379,California
Nevada,2021-03-17,1017,38365,451,21038,556,16970,10,357,586,11292,428,13683,596,24975,California
Nevada,2021-03-18,974,39339,529,21567,422,17392,23,380,479,11303,491,14174,502,25477,California
Nevada,2021-03-19,758,40097,438,22005,283,17675,37,417,352,11290,402,14576,389,25866,California
Nevada,2021-03-20,820,40917,92,22097,304,17979,424,841,233,11362,581,15157,653,26519,California
Nevada,2021-03-21,58,40975,32,22129,25,18004,1,842,40,11386,17,15174,41,26560,California
Nevada,2021-03-22,797,41772,516,22645,276,18280,5,847,537,11670,258,15432,542,27102,California
Nevada,2021-03-23,851,42623,382,23027,443,18723,26,873,640,12128,208,15640,666,27768,California
Nevada,2021-03-24,1021,43644,542,23569,472,19195,7,880,649,12417,366,16006,655,28423,California
Nevada,2021-03-25,901,44545,453,24022,423,19618,25,905,494,12529,406,16412,518,28941,California
Nevada,2021-03-26,1138,45683,433,24455,667,20285,38,943,827,13085,308,16720,864,29805,California
Nevada,2021-03-27,568,46251,71,24526,481,20766,16,959,386,13305,182,16902,402,30207,California
Nevada,2021-03-28,175,46426,50,24576,112,20878,13,972,39,13224,133,17035,52,30259,California
Nevada,2021-03-29,821,47247,501,25077,298,21176,22,994,393,13213,425,17460,414,30673,California
Nevada,2021-03-30,1042,48289,475,25552,533,21709,34,1028,538,13289,496,17956,572,31245,California
Nevada,2021-03-31,1174,49463,659,26211,498,22207,17,1045,694,13528,471,18427,710,31955,California
Nevada,2021-04-01,1231,50694,719,26930,459,22666,53,1098,544,13446,679,19106,597,32552,California
Nevada,2021-04-02,1283,51977,656,27586,591,23257,36,1134,760,13723,519,19625,796,33348,California
Nevada,2021-04-03,288,52265,89,27675,161,23418,38,1172,83,13640,204,19829,121,33469,California
Nevada,2021-04-04,128,52393,42,27717,79,23497,7,1179,77,13673,51,19880,84,33553,California
Nevada,2021-04-05,929,53322,611,28328,299,23796,19,1198,618,14002,308,20188,637,34190,California
Nevada,2021-04-06,1072,54394,663,28991,265,24061,144,1342,472,14024,593,20781,615,34805,California
Nevada,2021-04-07,1145,55539,817,29808,246,24307,82,1424,607,14181,531,21312,688,35493,California
Nevada,2021-04-08,1278,56817,889,30697,306,24613,83,1507,704,14397,571,21883,787,36280,California
Nevada,2021-04-09,1242,58059,846,31543,327,24940,69,1576,842,14909,399,22282,911,37191,California
Nevada,2021-04-10,262,58321,76,31619,110,25050,76,1652,107,14938,154,22436,183,37374,California
Nevada,2021-04-11,100,58421,31,31650,65,25115,4,1656,39,14920,61,22497,43,37417,California
Nevada,2021-04-12,740,59161,539,32189,184,25299,17,1673,313,14827,423,22920,330,37747,California
Nevada,2021-04-13,882,60043,350,32539,532,25831,0,1673,474,14895,406,23326,474,38221,California
Nevada,2021-04-14,1047,61090,566,33105,481,26312,0,1673,536,14928,503,23829,536,38757,California
Nevada,2021-04-15,1072,62162,706,33811,366,26678,0,1673,622,15110,440,24269,622,39379,California
Nevada,2021-04-16,893,63055,691,34502,202,26880,0,1673,522,15262,370,24639,522,39901,California
Nevada,2021-04-17,196,63251,50,34552,146,27026,0,1673,85,15237,110,24749,85,39986,California
Nevada,2021-04-18,184,63435,21,34573,163,27189,0,1673,102,15257,82,24831,102,40088,California
Nevada,2021-04-19,747,64182,480,35053,267,27456,0,1673,303,15124,436,25267,303,40391,California
Nevada,2021-04-20,795,64977,307,35360,488,27944,0,1673,298,14930,492,25759,298,40689,California
Nevada,2021-04-21,900,65877,493,35853,407,28351,0,1673,268,14575,623,26382,268,40957,California
Nevada,2021-04-22,994,66871,621,36474,373,28724,0,1673,339,14271,643,27025,339,41296,California
Nevada,2021-04-23,1216,68087,539,37013,677,29401,0,1673,394,13854,811,27836,394,41690,California
Nevada,2021-04-24,520,68607,73,37086,447,29848,0,1673,169,13674,349,28185,169,41859,California
Nevada,2021-04-25,116,68723,61,37147,50,29898,5,1678,51,13666,64,28249,56,41915,California
Nevada,2021-04-26,696,69419,527,37674,161,30059,8,1686,195,13377,492,28741,203,42118,California
Nevada,2021-04-27,757,70176,345,38019,407,30466,5,1691,392,13417,357,29098,397,42515,California
Nevada,2021-04-28,983,71159,580,38599,398,30864,5,1696,387,13218,591,29689,392,42907,California
Nevada,2021-04-29,1012,72171,709,39308,299,31163,4,1700,277,12766,733,30422,281,43188,California
Nevada,2021-04-30,1220,73391,722,40030,489,31652,9,1709,199,11955,1019,31441,208,43396,California
Nevada,2021-05-01,142,73533,64,40094,74,31726,4,1713,63,11945,77,31518,67,43463,California
Nevada,2021-05-02,53,73586,29,40123,20,31746,4,1717,19,11934,34,31552,23,43486,California
Nevada,2021-05-03,606,74192,404,40527,182,31928,20,1737,178,11706,425,31977,197,43683,California
Nevada,2021-05-04,584,74776,169,40696,397,32325,18,1755,331,11806,249,32226,349,44032,California
Nevada,2021-05-05,732,75508,381,41077,337,32662,14,1769,321,11738,403,32629,335,44367,California
Nevada,2021-05-06,799,76307,561,41638,227,32889,11,1780,196,11350,595,33224,207,44574,California
Nevada,2021-05-07,879,77186,487,42125,357,33246,35,1815,193,10894,684,33908,228,44802,California
Nevada,2021-05-08,172,77358,20,42145,132,33378,20,1835,82,10906,90,33998,102,44904,California
Nevada,2021-05-09,42,77400,8,42153,32,33410,2,1837,19,10904,23,34021,21,44925,California
Nevada,2021-05-10,386,77786,245,42398,117,33527,24,1861,74,10690,312,34333,98,45023,California
Nevada,2021-05-11,508,78294,150,42548,345,33872,13,1874,127,10457,373,34706,140,45163,California
Nevada,2021-05-12,530,78824,225,42773,293,34165,12,1886,146,10240,375,35081,158,45321,California
Nevada,2021-05-13,700,79524,488,43261,207,34372,5,1891,347,10247,345,35426,352,45673,California
Orange,2020-12-15,16,16,16,16,0,0,0,0,16,16,0,0,16,16,California
Orange,2020-12-16,366,382,366,382,0,0,0,0,366,382,0,0,366,382,California
Orange,2020-12-17,3727,4109,3727,4109,0,0,0,0,3726,4108,0,0,3726,4108,California
Orange,2020-12-18,5059,9168,5052,9161,7,7,0,0,5058,9166,0,0,5058,9166,California
Orange,2020-12-19,2233,11401,2226,11387,7,14,0,0,2232,11398,0,0,2232,11398,California
Orange,2020-12-20,1988,13389,1985,13372,3,17,0,0,1989,13387,0,0,1989,13387,California
Orange,2020-12-21,4253,17642,4247,17619,6,23,0,0,4253,17640,0,0,4253,17640,California
Orange,2020-12-22,3983,21625,3948,21567,35,58,0,0,3983,21623,0,0,3983,21623,California
Orange,2020-12-23,3565,25190,3202,24769,363,421,0,0,3567,25190,0,0,3567,25190,California
Orange,2020-12-24,1380,26570,1079,25848,301,722,0,0,1380,26570,0,0,1380,26570,California
Orange,2020-12-25,17,26587,12,25860,5,727,0,0,17,26587,0,0,17,26587,California
Orange,2020-12-26,1023,27610,423,26283,600,1327,0,0,1023,27610,0,0,1023,27610,California
Orange,2020-12-27,582,28192,275,26558,307,1634,0,0,582,28192,0,0,582,28192,California
Orange,2020-12-28,3543,31735,2568,29126,975,2609,0,0,3543,31735,0,0,3543,31735,California
Orange,2020-12-29,3575,35310,2563,31689,1012,3621,0,0,3574,35308,1,1,3574,35309,California
Orange,2020-12-30,5129,40439,3555,35244,1574,5195,0,0,5129,40437,0,1,5129,40438,California
Orange,2020-12-31,1500,41939,802,36046,698,5893,0,0,1500,41937,0,1,1500,41938,California
Orange,2021-01-01,546,42485,298,36344,248,6141,0,0,545,42481,1,2,545,42483,California
Orange,2021-01-02,1416,43901,904,37248,512,6653,0,0,1416,43897,0,2,1416,43899,California
Orange,2021-01-03,583,44484,323,37571,260,6913,0,0,583,44480,0,2,583,44482,California
Orange,2021-01-04,2745,47229,1560,39131,1185,8098,0,0,2746,47225,1,3,2746,47228,California
Orange,2021-01-05,3526,50755,2297,41428,1229,9327,0,0,3118,49942,404,407,3121,50349,California
Orange,2021-01-06,5014,55769,3468,44896,1546,10873,0,0,3646,52232,1356,1763,3646,53995,California
Orange,2021-01-07,9277,65046,5173,50069,4104,14977,0,0,5704,54380,3560,5323,5708,59703,California
Orange,2021-01-08,9425,74471,5271,55340,4154,19131,0,0,5660,56288,3755,9078,5663,65366,California
Orange,2021-01-09,5012,79483,1743,57083,3269,22400,0,0,3731,58738,1281,10359,3731,69097,California
Orange,2021-01-10,4239,83722,1043,58126,3196,25596,0,0,3359,61222,879,11238,3363,72460,California
Orange,2021-01-11,9445,93167,4906,63032,4539,30135,0,0,5821,63417,3627,14865,5822,78282,California
Orange,2021-01-12,8823,101990,4726,67758,4097,34232,0,0,5357,65311,3464,18329,5358,83640,California
Orange,2021-01-13,10269,112259,4928,72686,5341,39573,0,0,7063,69179,3202,21531,7070,90710,California
Orange,2021-01-14,9973,122232,3779,76465,6194,45767,0,0,8382,75978,1589,23120,8388,99098,California
Orange,2021-01-15,10179,132411,2629,79094,7550,53317,0,0,9300,84397,887,24007,9306,108404,California
Orange,2021-01-16,8708,141119,2094,81188,6614,59931,0,0,8312,92319,395,24402,8317,116721,California
Orange,2021-01-17,8162,149281,1485,82673,6677,66608,0,0,8015,100197,147,24549,8025,124746,California
Orange,2021-01-18,9758,159039,4460,87133,5298,71906,0,0,7516,105471,2245,26794,7519,132265,California
Orange,2021-01-19,7497,166536,5415,92548,2082,73988,0,0,4865,107705,2632,29426,4866,137131,California
Orange,2021-01-20,8382,174918,5918,98466,2464,76452,0,0,5322,109973,3061,32487,5329,142460,California
Orange,2021-01-21,11016,185934,4906,103372,6110,82562,0,0,10205,119379,810,33297,10216,152676,California
Orange,2021-01-22,13666,199600,5142,108514,8524,91086,0,0,12812,131352,847,34144,12820,165496,California
Orange,2021-01-23,13145,212745,6191,114705,6954,98040,0,0,12161,142540,982,35126,12170,177666,California
Orange,2021-01-24,9821,222566,4293,118998,5528,103568,0,0,9490,151705,328,35454,9493,187159,California
Orange,2021-01-25,10455,233021,5870,124868,4585,108153,0,0,7727,156715,2722,38176,7732,194891,California
Orange,2021-01-26,11907,244928,7723,132591,4184,112337,0,0,9736,164287,2167,40343,9739,204630,California
Orange,2021-01-27,13444,258372,8012,140603,5432,117769,0,0,10736,172331,2697,43040,10741,215371,California
Orange,2021-01-28,13045,271417,7212,147815,5833,123602,0,0,11173,181655,1857,44897,11181,226552,California
Orange,2021-01-29,13652,285069,8459,156274,5193,128795,0,0,10752,189526,2885,47782,10756,237308,California
Orange,2021-01-30,12936,298005,4446,160720,8490,137285,0,0,12189,200986,732,48514,12192,249500,California
Orange,2021-01-31,13721,311726,4945,165665,8776,146061,0,0,13259,213796,456,48970,13266,262766,California
Orange,2021-02-01,14102,325828,5816,171481,8286,154347,0,0,12077,223875,2004,50974,12083,274849,California
Orange,2021-02-02,15442,341270,8380,179861,7062,161409,0,0,12684,233910,2652,53626,12687,287536,California
Orange,2021-02-03,16770,358040,12588,192449,4182,165591,0,0,13738,244697,2956,56582,13743,301279,California
Orange,2021-02-04,19882,377922,12997,205446,6885,172476,0,0,14789,254432,5062,61644,14797,316076,California
Orange,2021-02-05,20777,398699,12030,217476,8747,181223,0,0,14474,262650,6261,67905,14479,330555,California
Orange,2021-02-06,16337,415036,10794,228270,5543,186766,0,0,11075,268696,5247,73152,11293,341848,California
Orange,2021-02-07,11529,426565,8105,236375,3424,190190,0,0,7551,272454,3962,77114,7720,349568,California
Orange,2021-02-08,14956,441521,8588,244963,6368,196558,0,0,8931,275391,5995,83109,8932,358500,California
Orange,2021-02-09,17679,459200,12038,257001,5641,202199,0,0,10707,279205,6898,90007,10712,369212,California
Orange,2021-02-10,20927,480127,11197,268198,9730,211929,0,0,12679,283742,8151,98158,12688,381900,California
Orange,2021-02-11,22111,502238,11493,279691,10618,222547,0,0,12375,286531,9604,107762,12393,394293,California
Orange,2021-02-12,24803,527041,11917,291608,12886,235433,0,0,14632,291059,10110,117872,14638,408931,California
Orange,2021-02-13,22020,549061,11918,303526,10102,245535,0,0,11145,292172,10673,128545,11786,420717,California
Orange,2021-02-14,16199,565260,6574,310100,9625,255160,0,0,9550,295100,6623,135168,9551,430268,California
Orange,2021-02-15,17237,582497,7399,317499,9838,264998,0,0,8883,295681,8311,143479,8892,439160,California
Orange,2021-02-16,19944,602441,8990,326489,10954,275952,0,0,10725,297259,9171,152650,10749,449909,California
Orange,2021-02-17,17910,620351,9341,335830,8569,284521,0,0,9195,297819,8667,161317,9227,459136,California
Orange,2021-02-18,15040,635391,9879,345709,5161,289682,0,0,6781,296403,8206,169523,6790,465926,California
Orange,2021-02-19,18195,653586,10895,356604,7300,296982,0,0,6937,292145,11207,180730,6949,472875,California
Orange,2021-02-20,7528,661114,5619,362223,1909,298891,0,0,3779,292207,3727,184457,3789,476664,California
Orange,2021-02-21,4386,665500,3702,365925,684,299575,0,0,794,289447,3554,188011,794,477458,California
Orange,2021-02-22,9661,675161,7882,373807,1779,301354,0,0,3894,287620,5736,193747,3909,481367,California
Orange,2021-02-23,13271,688432,7250,381057,6021,307375,0,0,3494,281409,9716,203463,3505,484872,California
Orange,2021-02-24,21177,709609,12844,393901,8333,315708,0,0,5392,271099,15721,219184,5411,490283,California
Orange,2021-02-25,22689,732298,12300,406201,10389,326097,0,0,8001,264500,14616,233800,8017,498300,California
Orange,2021-02-26,27795,760093,14096,420297,13699,339796,0,0,11198,259251,16472,250272,11223,509523,California
Orange,2021-02-27,25017,785110,10108,430405,14907,354703,2,2,7269,248895,17642,267914,7286,516809,California
Orange,2021-02-28,19097,804207,7415,437820,11682,366385,0,2,4825,239585,14152,282066,4842,521651,California
Orange,2021-03-01,18459,822666,8417,446237,10035,376420,7,9,7140,235510,11235,293301,7160,528811,California
Orange,2021-03-02,18861,841527,8911,455148,9947,386367,3,12,9189,235105,9624,302925,9219,538030,California
Orange,2021-03-03,20541,862068,9660,464808,10878,397245,3,15,11017,236703,9445,312370,11043,549073,California
Orange,2021-03-04,22358,884426,12872,477680,9472,406717,14,29,11609,237641,10711,323081,11649,560722,California
Orange,2021-03-05,20789,905215,10778,488458,9966,416683,45,74,12727,242454,8019,331100,12832,573554,California
Orange,2021-03-06,23981,929196,13150,501608,9967,426650,864,938,12684,244767,11259,342359,13572,587126,California
Orange,2021-03-07,14870,944066,8317,509925,6151,432801,402,1340,8681,247719,6151,348510,9103,596229,California
Orange,2021-03-08,16253,960319,7440,517365,7550,440351,1263,2603,10431,253667,5773,354283,11721,607950,California
Orange,2021-03-09,19758,980077,8592,525957,8729,449080,2437,5040,11341,259068,8377,362660,13778,621728,California
Orange,2021-03-10,24341,1004418,11782,537739,9110,458190,3449,8489,12164,262558,12119,374779,15609,637337,California
Orange,2021-03-11,28982,1033400,15690,553429,9076,467266,4216,12705,13431,264742,15460,390239,17644,654981,California
Orange,2021-03-12,29256,1062656,14237,567666,11165,478431,3854,16559,14685,268810,14492,404731,18560,673541,California
Orange,2021-03-13,27725,1090381,10165,577831,13628,492059,3932,20491,14024,273122,13642,418373,17954,691495,California
Orange,2021-03-14,18803,1109184,8151,585982,8127,500186,2525,23016,11868,280600,6905,425278,14383,705878,California
Orange,2021-03-15,22994,1132178,10120,596102,12116,512302,758,23774,14360,287154,8559,433837,15113,720991,California
Orange,2021-03-16,26359,1158537,11142,607244,14989,527291,228,24002,17152,295415,9125,442962,17386,738377,California
Orange,2021-03-17,27307,1185844,13548,620792,13166,540457,593,24595,19433,307634,7804,450766,20023,758400,California
Orange,2021-03-18,27719,1213563,13926,634718,13516,553973,277,24872,21590,323445,6061,456827,21872,780272,California
Orange,2021-03-19,33438,1247001,18374,653092,14624,568597,440,25312,24890,340348,8437,465264,25340,805612,California
Orange,2021-03-20,25752,1272753,13550,666642,11996,580593,206,25518,22033,358933,3657,468921,22242,827854,California
Orange,2021-03-21,18476,1291229,10671,677313,7078,587671,727,26245,15715,372643,2732,471653,16442,844296,California
Orange,2021-03-22,22702,1313931,11732,689045,10648,598319,322,26567,19187,388728,3433,475086,19518,863814,California
Orange,2021-03-23,25966,1339897,13474,702519,11858,610177,634,27201,20865,405211,5020,480106,21503,885317,California
Orange,2021-03-24,29055,1368952,16197,718716,11946,622123,912,28113,21997,421148,6973,487079,22910,908227,California
Orange,2021-03-25,32271,1401223,17183,735899,14385,636508,703,28816,24207,438082,7975,495054,24909,933136,California
Orange,2021-03-26,34736,1435959,18000,753899,15873,652381,863,29679,24984,454293,9646,504700,25857,958993,California
Orange,2021-03-27,28361,1464320,13566,767465,14482,666863,313,29992,19787,465915,8481,513181,20103,979096,California
Orange,2021-03-28,24714,1489034,12785,780250,11861,678724,68,30060,18627,478598,6015,519196,18698,997794,California
Orange,2021-03-29,26418,1515452,12068,792318,13784,692508,566,30626,17920,488668,8417,527613,18487,1016281,California
Orange,2021-03-30,30785,1546237,13860,806178,16292,708800,633,31259,21316,501223,9394,537007,21949,1038230,California
Orange,2021-03-31,37007,1583244,19401,825579,16896,725696,710,31969,24074,513176,12834,549841,24787,1063017,California
Orange,2021-04-01,40232,1623476,21095,846674,17289,742985,1848,33817,26097,527090,14021,563862,27935,1090952,California
Orange,2021-04-02,39881,1663357,20101,866775,18001,760986,1779,35596,22629,534363,17152,581014,24425,1115377,California
Orange,2021-04-03,30029,1693386,15642,882417,12688,773674,1699,37295,14234,534568,15723,596737,15928,1131305,California
Orange,2021-04-04,18351,1711737,10650,893067,6942,780616,759,38054,8189,533404,10108,606845,8944,1140249,California
Orange,2021-04-05,29837,1741574,13937,907004,12519,793135,3381,41435,13851,534704,15917,622762,17217,1157466,California
Orange,2021-04-06,33245,1774819,15560,922564,14266,807401,3419,44854,14372,533694,18782,641544,17772,1175238,California
Orange,2021-04-07,35859,1810678,19999,942563,11289,818690,4571,49425,15788,534032,19993,661537,20331,1195569,California
Orange,2021-04-08,38517,1849195,21431,963994,11654,830344,5432,54857,18762,538539,19657,681194,24164,1219733,California
Orange,2021-04-09,40520,1889715,23591,987585,11781,842125,5148,60005,17958,539147,22474,703668,23082,1242815,California
Orange,2021-04-10,34080,1923795,18080,1005665,11799,853924,4201,64206,14144,537614,19853,723521,18320,1261135,California
Orange,2021-04-11,25453,1949248,14383,1020048,7812,861736,3258,67464,9790,535031,15617,739138,13034,1274169,California
Orange,2021-04-12,30331,1979579,15352,1035400,11446,873182,3533,70997,11949,532162,18325,757463,15456,1289625,California
Orange,2021-04-13,32261,2011840,18142,1053542,14052,887234,67,71064,15055,530143,17139,774602,15120,1304745,California
Orange,2021-04-14,34310,2046150,20087,1073629,14193,901427,30,71094,15076,526106,19147,793749,15110,1319855,California
Orange,2021-04-15,39835,2085985,24309,1097938,15510,916937,16,71110,18515,523414,21221,814970,18529,1338384,California
Orange,2021-04-16,41136,2127121,24190,1122128,16917,933854,29,71139,18598,519615,22439,837409,18640,1357024,California
Orange,2021-04-17,29980,2157101,17253,1139381,12724,946578,3,71142,13084,515886,16821,854230,13092,1370116,California
Orange,2021-04-18,21374,2178475,12931,1152312,8443,955021,0,71142,8477,511515,12851,867081,8480,1378596,California
Orange,2021-04-19,32341,2210816,17822,1170134,14517,969538,2,71144,14858,508979,17400,884481,14864,1393460,California
Orange,2021-04-20,35091,2245907,18222,1188356,16866,986404,3,71147,17547,509059,17470,901951,17550,1411010,California
Orange,2021-04-21,40537,2286444,23360,1211716,17167,1003571,10,71157,19213,507053,21230,923181,19224,1430234,California
Orange,2021-04-22,39138,2325582,20694,1232410,18436,1022007,8,71165,16259,500566,22760,945941,16273,1446507,California
Orange,2021-04-23,39864,2365446,20520,1252930,19338,1041345,6,71171,17699,496214,22060,968001,17708,1464215,California
Orange,2021-04-24,31784,2397230,16644,1269574,15105,1056450,35,71206,13357,491256,18353,986354,13395,1477610,California
Orange,2021-04-25,22925,2420155,12928,1282502,9984,1066434,13,71219,9840,488084,13030,999384,9858,1487468,California
Orange,2021-04-26,25266,2445421,12042,1294544,13046,1079480,178,71397,11042,485175,14142,1013526,11233,1498701,California
Orange,2021-04-27,27720,2473141,12611,1307155,14617,1094097,492,71889,10526,479151,17047,1030573,11023,1509724,California
Orange,2021-04-28,30493,2503634,15166,1322321,14464,1108561,863,72752,12081,473780,18311,1048884,12940,1522664,California
Orange,2021-04-29,31399,2535033,17169,1339490,13275,1121836,955,73707,11221,465859,20091,1068975,12170,1534834,California
Orange,2021-04-30,29332,2564365,16671,1356161,11732,1133568,929,74636,12380,462293,16869,1085844,13303,1548137,California
Orange,2021-05-01,21726,2586091,14630,1370791,6110,1139678,986,75622,8648,458913,13008,1098852,9628,1557765,California
Orange,2021-05-02,15372,2601463,10220,1381011,4509,1144187,643,76265,5367,454979,9942,1108794,6008,1563773,California
Orange,2021-05-03,20466,2621929,12487,1393498,7228,1151415,751,77016,6420,448167,13980,1122774,7168,1570941,California
Orange,2021-05-04,23455,2645384,13380,1406878,9176,1160591,899,77915,8114,441925,15243,1138017,9001,1579942,California
Orange,2021-05-05,24656,2670040,13763,1420641,10004,1170595,889,78804,8061,434398,16475,1154492,8948,1588890,California
Orange,2021-05-06,26210,2696250,15891,1436532,9327,1179922,992,79796,7251,423794,18839,1173331,8235,1597125,California
Orange,2021-05-07,27927,2724177,16543,1453075,10341,1190263,1043,80839,7919,412939,19813,1193144,8958,1606083,California
Orange,2021-05-08,18320,2742497,12100,1465175,5453,1195716,767,81606,5395,406242,12856,1206000,6159,1612242,California
Orange,2021-05-09,10970,2753467,8329,1473504,2265,1197981,376,81982,2902,401501,8018,1214018,3277,1615519,California
Orange,2021-05-10,18882,2772349,11510,1485014,6601,1204582,771,82753,4256,391989,14540,1228558,5028,1620547,California
Orange,2021-05-11,18316,2790665,11039,1496053,6666,1211248,611,83364,4399,383162,13835,1242393,5008,1625555,California
Orange,2021-05-12,19298,2809963,12412,1508465,6212,1217460,674,84038,5362,375361,13837,1256230,6036,1631591,California
Orange,2021-05-13,9408,2819371,5533,1513998,3555,1221015,320,84358,2762,371837,6606,1262836,3082,1634673,California
Placer,2020-12-15,29,29,29,29,0,0,0,0,29,29,0,0,29,29,California
Placer,2020-12-16,55,84,55,84,0,0,0,0,55,84,0,0,55,84,California
Placer,2020-12-17,140,224,140,224,0,0,0,0,140,224,0,0,140,224,California
Placer,2020-12-18,332,556,332,556,0,0,0,0,332,556,0,0,332,556,California
Placer,2020-12-19,252,808,252,808,0,0,0,0,252,808,0,0,252,808,California
Placer,2020-12-20,234,1042,234,1042,0,0,0,0,234,1042,0,0,234,1042,California
Placer,2020-12-21,493,1535,492,1534,1,1,0,0,493,1535,0,0,493,1535,California
Placer,2020-12-22,674,2209,667,2201,7,8,0,0,674,2209,0,0,674,2209,California
Placer,2020-12-23,749,2958,662,2863,87,95,0,0,749,2958,0,0,749,2958,California
Placer,2020-12-24,398,3356,346,3209,52,147,0,0,398,3356,0,0,398,3356,California
Placer,2020-12-26,156,3512,111,3320,45,192,0,0,156,3512,0,0,156,3512,California
Placer,2020-12-27,186,3698,163,3483,23,215,0,0,186,3698,0,0,186,3698,California
Placer,2020-12-28,664,4362,537,4020,127,342,0,0,664,4362,0,0,664,4362,California
Placer,2020-12-29,764,5126,515,4535,249,591,0,0,764,5126,0,0,764,5126,California
Placer,2020-12-30,728,5854,454,4989,274,865,0,0,726,5852,0,0,726,5852,California
Placer,2020-12-31,529,6383,343,5332,186,1051,0,0,529,6381,0,0,529,6381,California
Placer,2021-01-01,15,6398,11,5343,4,1055,0,0,15,6396,0,0,15,6396,California
Placer,2021-01-02,185,6583,153,5496,32,1087,0,0,185,6581,0,0,185,6581,California
Placer,2021-01-03,154,6737,79,5575,75,1162,0,0,154,6735,0,0,154,6735,California
Placer,2021-01-04,619,7356,180,5755,439,1601,0,0,619,7354,0,0,619,7354,California
Placer,2021-01-05,726,8082,159,5914,567,2168,0,0,643,7916,82,82,644,7998,California
Placer,2021-01-06,763,8845,246,6160,517,2685,0,0,620,8393,143,225,620,8618,California
Placer,2021-01-07,985,9830,367,6527,618,3303,0,0,780,8968,205,430,780,9398,California
Placer,2021-01-08,1184,11014,528,7055,656,3959,0,0,855,9497,326,756,855,10253,California
Placer,2021-01-09,449,11463,320,7375,129,4088,0,0,233,9515,215,971,233,10486,California
Placer,2021-01-10,329,11792,186,7561,143,4231,0,0,164,9514,165,1136,164,10650,California
Placer,2021-01-11,1424,13216,806,8367,618,4849,0,0,835,9761,589,1725,836,11486,California
Placer,2021-01-12,1648,14864,876,9243,772,5621,0,0,1047,10207,601,2326,1047,12533,California
Placer,2021-01-13,1634,16498,821,10064,813,6434,0,0,1210,10998,422,2748,1213,13746,California
Placer,2021-01-14,1775,18273,652,10716,1123,7557,0,0,1419,12065,353,3101,1420,15166,California
Placer,2021-01-15,1936,20209,721,11437,1215,8772,0,0,1586,13303,349,3450,1587,16753,California
Placer,2021-01-16,1471,21680,720,12157,751,9523,0,0,1350,14533,121,3571,1351,18104,California
Placer,2021-01-17,563,22243,397,12554,166,9689,0,0,430,14830,133,3704,430,18534,California
Placer,2021-01-18,976,23219,539,13093,437,10126,0,0,747,15349,229,3933,748,19282,California
Placer,2021-01-19,2614,25833,1950,15043,664,10790,0,0,2163,17061,451,4384,2163,21445,California
Placer,2021-01-20,2268,28101,1698,16741,570,11360,0,0,1938,18670,330,4714,1939,23384,California
Placer,2021-01-21,2555,30656,1113,17854,1442,12802,0,0,2162,20441,392,5106,2163,25547,California
Placer,2021-01-22,2302,32958,596,18450,1706,14508,0,0,2127,22396,173,5279,2128,27675,California
Placer,2021-01-23,1188,34146,380,18830,808,15316,0,0,1033,23274,155,5434,1033,28708,California
Placer,2021-01-24,507,34653,265,19095,242,15558,0,0,431,23630,76,5510,432,29140,California
Placer,2021-01-25,1671,36324,802,19897,869,16427,0,0,1383,24726,288,5798,1384,30524,California
Placer,2021-01-26,1855,38179,1031,20928,824,17251,0,0,1591,26053,264,6062,1591,32115,California
Placer,2021-01-27,1841,40020,1153,22081,688,17939,0,0,1597,27409,242,6304,1598,33713,California
Placer,2021-01-28,1806,41826,1116,23197,690,18629,0,0,1558,28721,246,6550,1558,35271,California
Placer,2021-01-29,1894,43720,1171,24368,723,19352,0,0,1702,30234,191,6741,1704,36975,California
Placer,2021-01-30,1726,45446,972,25340,754,20106,0,0,1606,31721,119,6860,1606,38581,California
Placer,2021-01-31,781,46227,624,25964,157,20263,0,0,713,32367,68,6928,714,39295,California
Placer,2021-02-01,2070,48297,1090,27054,980,21243,0,0,1756,33809,314,7242,1756,41051,California
Placer,2021-02-02,2381,50678,1541,28595,840,22083,0,0,1890,35211,488,7730,1890,42941,California
Placer,2021-02-03,2920,53598,1877,30472,1043,23126,0,0,2295,36885,621,8351,2295,45236,California
Placer,2021-02-04,2762,56360,1190,31662,1572,24698,0,0,1937,38002,821,9172,1938,47174,California
Placer,2021-02-05,2731,59091,1206,32868,1525,26223,0,0,1403,38082,1323,10495,1403,48577,California
Placer,2021-02-06,1952,61043,1311,34179,641,26864,0,0,1401,38932,551,11046,1401,49978,California
Placer,2021-02-07,1227,62270,917,35096,310,27174,0,0,940,39586,286,11332,940,50918,California
Placer,2021-02-08,3302,65572,1767,36863,1535,28709,0,0,1979,40251,1315,12647,1980,52898,California
Placer,2021-02-09,3550,69122,2179,39042,1371,30080,0,0,1645,39993,1903,14550,1645,54543,California
Placer,2021-02-10,3749,72871,2190,41232,1559,31639,0,0,1743,39735,2003,16553,1745,56288,California
Placer,2021-02-11,3693,76564,1905,43137,1788,33427,0,0,1588,39232,2092,18645,1589,57877,California
Placer,2021-02-12,2850,79414,1325,44462,1525,34952,0,0,1669,39758,1144,19789,1670,59547,California
Placer,2021-02-13,2544,81958,1487,45949,1057,36009,0,0,1892,40998,652,20441,1892,61439,California
Placer,2021-02-14,1081,83039,677,46626,404,36413,0,0,736,41392,342,20783,736,62175,California
Placer,2021-02-15,2244,85283,1044,47670,1200,37613,0,0,1531,42211,713,21496,1532,63707,California
Placer,2021-02-16,3575,88858,1781,49451,1794,39407,0,0,1588,41822,1978,23474,1589,65296,California
Placer,2021-02-17,3544,92402,1964,51415,1580,40987,0,0,1511,41304,2029,25503,1511,66807,California
Placer,2021-02-18,3795,96197,2047,53462,1748,42735,0,0,1626,40771,2160,27663,1627,68434,California
Placer,2021-02-19,3584,99781,1911,55373,1673,44408,0,0,1328,39848,2252,29915,1329,69763,California
Placer,2021-02-20,2003,101784,1259,56632,744,45152,0,0,913,39680,1084,30999,916,70679,California
Placer,2021-02-21,973,102757,730,57362,243,45395,0,0,280,39271,690,31689,281,70960,California
Placer,2021-02-22,2523,105280,1775,59137,748,46143,0,0,604,37957,1918,33607,604,71564,California
Placer,2021-02-23,2553,107833,1579,60716,974,47117,0,0,883,37171,1669,35276,883,72447,California
Placer,2021-02-24,3290,111123,1178,61894,2112,49229,0,0,1792,37477,1488,36764,1794,74241,California
Placer,2021-02-25,3631,114754,1519,63413,2112,51341,0,0,1969,37794,1654,38418,1971,76212,California
Placer,2021-02-26,4098,118852,2374,65787,1724,53065,0,0,2353,38406,1741,40159,2353,78565,California
Placer,2021-02-27,2823,121675,1494,67281,1329,54394,0,0,1454,38500,1363,41522,1457,80022,California
Placer,2021-02-28,1403,123078,797,68078,606,55000,0,0,587,38277,810,42332,587,80609,California
Placer,2021-03-01,2999,126077,1991,70069,1008,56008,0,0,1551,38385,1443,43775,1551,82160,California
Placer,2021-03-02,2873,128950,1764,71833,1109,57117,0,0,1875,39267,993,44768,1875,84035,California
Placer,2021-03-03,3318,132268,1421,73254,1897,59014,0,0,1813,39582,1499,46267,1814,85849,California
Placer,2021-03-04,3628,135896,1457,74711,2171,61185,0,0,1894,39755,1722,47989,1895,87744,California
Placer,2021-03-05,3011,138907,1033,75744,1956,63141,22,22,1808,40384,1201,49190,1830,89574,California
Placer,2021-03-06,2417,141324,1489,77233,832,63973,96,118,926,39923,1483,50673,1022,90596,California
Placer,2021-03-07,1297,142621,751,77984,508,64481,38,156,531,39729,763,51436,569,91165,California
Placer,2021-03-08,2905,145526,1825,79809,967,65448,113,269,1645,40229,1258,52694,1758,92923,California
Placer,2021-03-09,3171,148697,1679,81488,1401,66849,91,360,1814,40780,1354,54048,1905,94828,California
Placer,2021-03-10,3282,151979,1322,82810,1853,68702,107,467,1708,41026,1569,55617,1815,96643,California
Placer,2021-03-11,3636,155615,1646,84456,1865,70567,125,592,1746,41019,1881,57498,1874,98517,California
Placer,2021-03-12,3677,159292,1485,85941,1411,71978,781,1373,1255,40640,2416,59914,2037,100554,California
Placer,2021-03-13,2110,161402,741,86682,1250,73228,119,1492,1115,40882,992,60906,1234,101788,California
Placer,2021-03-14,1639,163041,671,87353,819,74047,149,1641,891,41174,748,61654,1040,102828,California
Placer,2021-03-15,3182,166223,1533,88886,1517,75564,132,1773,1765,41656,1416,63070,1898,104726,California
Placer,2021-03-16,3564,169787,1916,90802,1515,77079,133,1906,2287,42811,1266,64336,2421,107147,California
Placer,2021-03-17,3428,173215,1732,92534,1597,78676,99,2005,2211,43909,1214,65550,2312,109459,California
Placer,2021-03-18,4092,177307,2326,94860,1728,80404,38,2043,2865,45591,1220,66770,2902,112361,California
Placer,2021-03-19,3439,180746,2070,96930,1105,81509,264,2307,2197,46816,1235,68005,2460,114821,California
Placer,2021-03-20,2136,182882,896,97826,1143,82652,97,2404,1301,47383,830,68835,1397,116218,California
Placer,2021-03-21,1254,184136,575,98401,670,83322,9,2413,946,48033,305,69140,955,117173,California
Placer,2021-03-22,3269,187405,2101,100502,1078,84400,90,2503,2191,49240,1074,70214,2281,119454,California
Placer,2021-03-23,3528,190933,2099,102601,1338,85738,91,2594,2524,50857,999,71213,2616,122070,California
Placer,2021-03-24,3789,194722,1998,104599,1694,87432,97,2691,1953,51094,1814,73027,2051,124121,California
Placer,2021-03-25,3854,198576,1866,106465,1891,89323,97,2788,1788,50923,2055,75082,1884,126005,California
Placer,2021-03-26,3762,202338,1663,108128,1868,91191,231,3019,1585,50575,2164,77246,1816,127821,California
Placer,2021-03-27,1593,203931,468,108596,1105,92296,20,3039,648,50305,938,78184,668,128489,California
Placer,2021-03-28,1109,205040,528,109124,571,92867,10,3049,375,49961,729,78913,385,128874,California
Placer,2021-03-29,3560,208600,1988,111112,1538,94405,34,3083,1726,49897,1825,80738,1761,130635,California
Placer,2021-03-30,3974,212574,2096,113208,1835,96240,43,3126,2092,50163,1868,82606,2134,132769,California
Placer,2021-03-31,4089,216663,1828,115036,2186,98426,75,3201,1692,49539,2390,84996,1766,134535,California
Placer,2021-04-01,2970,219633,1430,116466,1494,99920,46,3247,1658,49932,1311,86307,1704,136239,California
Placer,2021-04-02,2839,222472,1450,117916,1325,101245,64,3311,1590,50343,1242,87549,1653,137892,California
Placer,2021-04-03,1851,224323,984,118900,739,101984,128,3439,888,50403,956,88505,1016,138908,California
Placer,2021-04-04,711,225034,361,119261,297,102281,53,3492,286,50321,421,88926,339,139247,California
Placer,2021-04-05,2995,228029,1895,121156,916,103197,184,3676,1743,51000,1248,90174,1927,141174,California
Placer,2021-04-06,4277,232306,2471,123627,1507,104704,299,3975,1524,50075,2748,92922,1823,142997,California
Placer,2021-04-07,4510,236816,2571,126198,1478,106182,461,4436,2063,50155,2441,95363,2521,145518,California
Placer,2021-04-08,4686,241502,2591,128789,1550,107732,545,4981,1569,49162,3106,98469,2113,147631,California
Placer,2021-04-09,4106,245608,2263,131052,1225,108957,618,5599,1226,48136,2872,101341,1846,149477,California
Placer,2021-04-10,2023,247631,879,131931,959,109916,185,5784,865,48030,1155,102496,1049,150526,California
Placer,2021-04-11,1352,248983,531,132462,788,110704,33,5817,454,47622,894,103390,486,151012,California
Placer,2021-04-12,4097,253080,2645,135107,1072,111776,380,6197,2462,48839,1624,105014,2841,153853,California
Placer,2021-04-13,4345,257425,2994,138101,1350,113126,1,6198,2190,48879,2151,107165,2191,156044,California
Placer,2021-04-14,4118,261543,2563,140664,1554,114680,1,6199,1842,48454,2267,109432,1842,157886,California
Placer,2021-04-15,4491,266034,2508,143172,1982,116662,1,6200,2347,48669,2133,111565,2348,160234,California
Placer,2021-04-16,3674,269708,2184,145356,1490,118152,0,6200,1433,47867,2235,113800,1433,161667,California
Placer,2021-04-17,2416,272124,839,146195,1577,119729,0,6200,1514,48482,899,114699,1514,163181,California
Placer,2021-04-18,1181,273305,255,146450,926,120655,0,6200,411,48125,768,115467,411,163592,California
Placer,2021-04-19,2926,276231,1796,148246,1130,121785,0,6200,1162,47527,1761,117228,1163,164755,California
Placer,2021-04-20,3773,280004,2450,150696,1323,123108,0,6200,2402,48566,1363,118591,2402,167157,California
Placer,2021-04-21,3655,283659,2396,153092,1258,124366,1,6201,2381,49678,1270,119861,2382,169539,California
Placer,2021-04-22,3656,287315,2260,155352,1396,125762,0,6201,1743,49511,1910,121771,1743,171282,California
Placer,2021-04-23,3494,290809,2318,157670,1175,126937,1,6202,1370,48764,2118,123889,1371,172653,California
Placer,2021-04-24,2073,292882,1256,158926,816,127753,1,6203,1210,49119,855,124744,1210,173863,California
Placer,2021-04-25,902,293784,498,159424,404,128157,0,6203,557,49331,345,125089,557,174420,California
Placer,2021-04-26,2198,295982,1204,160628,971,129128,23,6226,1095,49355,1093,126182,1117,175537,California
Placer,2021-04-27,2490,298472,1309,161937,1146,130274,35,6261,1471,49849,1013,127195,1507,177044,California
Placer,2021-04-28,2910,301382,1802,163739,1071,131345,37,6298,1518,50021,1383,128578,1555,178599,California
Placer,2021-04-29,3261,304643,2074,165813,1135,132480,52,6350,1317,49452,1938,130516,1369,179968,California
Placer,2021-04-30,2982,307625,1804,167617,1129,133609,49,6399,1189,48902,1788,132304,1238,181206,California
Placer,2021-05-01,1331,308956,933,168550,374,133983,24,6423,607,48814,718,133022,630,181836,California
Placer,2021-05-02,715,309671,553,169103,141,134124,21,6444,333,48788,380,133402,354,182190,California
Placer,2021-05-03,1610,311281,992,170095,553,134677,65,6509,438,48124,1167,134569,503,182693,California
Placer,2021-05-04,2296,313577,1295,171390,835,135512,166,6675,864,47726,1428,135997,1030,183723,California
Placer,2021-05-05,3665,317242,2472,173862,1086,136598,107,6782,967,46108,2692,138689,1074,184797,California
Placer,2021-05-06,3091,320333,1894,175756,1121,137719,76,6858,813,44744,2253,140942,889,185686,California
Placer,2021-05-07,2799,323132,1883,177639,824,138543,92,6950,786,43619,2003,142945,878,186564,California
Placer,2021-05-08,1329,324461,707,178346,581,139124,41,6991,392,43115,935,143880,431,186995,California
Placer,2021-05-09,438,324899,202,178548,215,139339,21,7012,217,43131,221,144101,237,187232,California
Placer,2021-05-10,1907,326806,1030,179578,785,140124,92,7104,427,42173,1477,145578,519,187751,California
Placer,2021-05-11,2719,329525,1965,181543,649,140773,105,7209,540,40649,2169,147747,645,188396,California
Placer,2021-05-12,2624,332149,1827,183370,755,141528,42,7251,574,39221,2044,149791,616,189012,California
Placer,2021-05-13,1822,333971,1173,184543,619,142147,30,7281,505,38441,1315,151106,535,189547,California
Plumas,2020-12-18,4,4,4,4,0,0,0,0,4,4,0,0,4,4,California
Plumas,2020-12-19,1,5,1,5,0,0,0,0,1,5,0,0,1,5,California
Plumas,2020-12-21,45,50,45,50,0,0,0,0,45,50,0,0,45,50,California
Plumas,2020-12-22,92,142,92,142,0,0,0,0,92,142,0,0,92,142,California
Plumas,2020-12-23,50,192,50,192,0,0,0,0,50,192,0,0,50,192,California
Plumas,2020-12-24,6,198,6,198,0,0,0,0,6,198,0,0,6,198,California
Plumas,2020-12-28,8,206,0,198,8,8,0,0,8,206,0,0,8,206,California
Plumas,2020-12-29,32,238,22,220,10,18,0,0,32,238,0,0,32,238,California
Plumas,2020-12-30,23,261,1,221,22,40,0,0,23,261,0,0,23,261,California
Plumas,2020-12-31,4,265,1,222,3,43,0,0,4,265,0,0,4,265,California
Plumas,2021-01-04,10,275,4,226,6,49,0,0,10,275,0,0,10,275,California
Plumas,2021-01-05,22,297,2,228,20,69,0,0,22,297,0,0,22,297,California
Plumas,2021-01-06,123,420,5,233,118,187,0,0,123,420,0,0,123,420,California
Plumas,2021-01-07,53,473,2,235,51,238,0,0,52,471,1,1,52,472,California
Plumas,2021-01-08,12,485,5,240,7,245,0,0,8,475,4,5,8,480,California
Plumas,2021-01-09,2,487,2,242,0,245,0,0,1,475,1,6,1,481,California
Plumas,2021-01-11,59,546,50,292,9,254,0,0,12,440,47,53,12,493,California
Plumas,2021-01-12,155,701,86,378,69,323,0,0,71,427,84,137,71,564,California
Plumas,2021-01-13,56,757,50,428,6,329,0,0,10,391,46,183,10,574,California
Plumas,2021-01-14,96,853,14,442,82,411,0,0,91,477,5,188,91,665,California
Plumas,2021-01-15,62,915,7,449,55,466,0,0,60,535,2,190,60,725,California
Plumas,2021-01-16,58,973,1,450,57,523,0,0,58,593,0,190,58,783,California
Plumas,2021-01-18,2,975,1,451,1,524,0,0,2,595,0,190,2,785,California
Plumas,2021-01-19,36,1011,5,456,31,555,0,0,32,623,4,194,32,817,California
Plumas,2021-01-20,121,1132,3,459,118,673,0,0,119,740,2,196,119,936,California
Plumas,2021-01-21,112,1244,2,461,110,783,0,0,112,852,0,196,112,1048,California
Plumas,2021-01-22,5,1249,1,462,4,787,0,0,5,857,0,196,5,1053,California
Plumas,2021-01-23,93,1342,2,464,91,878,0,0,93,950,0,196,93,1146,California
Plumas,2021-01-24,1,1343,1,465,0,878,0,0,1,951,0,196,1,1147,California
Plumas,2021-01-25,10,1353,7,472,3,881,0,0,7,955,3,199,7,1154,California
Plumas,2021-01-26,60,1413,2,474,58,939,0,0,52,999,8,207,52,1206,California
Plumas,2021-01-27,25,1438,20,494,5,944,0,0,5,984,20,227,5,1211,California
Plumas,2021-01-28,23,1461,0,494,23,967,0,0,21,1003,2,229,21,1232,California
Plumas,2021-01-29,8,1469,2,496,6,973,0,0,7,1009,1,230,7,1239,California
Plumas,2021-01-30,8,1477,4,500,4,977,0,0,7,1015,1,231,7,1246,California
Plumas,2021-01-31,3,1480,3,503,0,977,0,0,3,1018,0,231,3,1249,California
Plumas,2021-02-01,15,1495,2,505,13,990,0,0,7,1017,8,239,7,1256,California
Plumas,2021-02-02,21,1516,2,507,19,1009,0,0,2,1000,19,258,2,1258,California
Plumas,2021-02-03,127,1643,8,515,119,1128,0,0,13,900,113,371,13,1271,California
Plumas,2021-02-04,102,1745,8,523,94,1222,0,0,23,844,79,450,23,1294,California
Plumas,2021-02-05,24,1769,11,534,13,1235,0,0,9,838,15,465,9,1303,California
Plumas,2021-02-06,7,1776,0,534,7,1242,0,0,7,845,0,465,7,1310,California
Plumas,2021-02-08,16,1792,7,541,9,1251,0,0,4,837,12,477,4,1314,California
Plumas,2021-02-09,171,1963,1,542,170,1421,0,0,111,888,60,537,111,1425,California
Plumas,2021-02-10,89,2052,9,551,80,1501,0,0,80,960,9,546,81,1506,California
Plumas,2021-02-11,322,2374,7,558,315,1816,0,0,263,1164,59,605,263,1769,California
Plumas,2021-02-12,123,2497,4,562,119,1935,0,0,118,1277,5,610,118,1887,California
Plumas,2021-02-13,74,2571,5,567,69,2004,0,0,14,1231,60,670,14,1901,California
Plumas,2021-02-14,8,2579,5,572,3,2007,0,0,8,1239,0,670,8,1909,California
Plumas,2021-02-15,27,2606,5,577,22,2029,0,0,24,1260,3,673,24,1933,California
Plumas,2021-02-16,76,2682,4,581,72,2101,0,0,14,1212,62,735,14,1947,California
Plumas,2021-02-17,136,2818,5,586,131,2232,0,0,12,1100,124,859,12,1959,California
Plumas,2021-02-18,128,2946,6,592,122,2354,0,0,19,1011,109,968,20,1979,California
Plumas,2021-02-19,41,2987,4,596,37,2391,0,0,6,982,35,1003,6,1985,California
Plumas,2021-02-20,104,3091,7,603,97,2488,0,0,12,902,92,1095,12,1997,California
Plumas,2021-02-21,5,3096,5,608,0,2488,0,0,1,899,4,1099,1,1998,California
Plumas,2021-02-22,3,3099,1,609,2,2490,0,0,0,896,3,1102,0,1998,California
Plumas,2021-02-23,25,3124,5,614,20,2510,0,0,17,905,8,1110,17,2015,California
Plumas,2021-02-24,457,3581,7,621,450,2960,0,0,444,1336,13,1123,444,2459,California
Plumas,2021-02-25,230,3811,10,631,220,3180,0,0,169,1444,61,1184,169,2628,California
Plumas,2021-02-26,267,4078,8,639,259,3439,0,0,259,1696,8,1192,260,2888,California
Plumas,2021-02-27,40,4118,4,643,36,3475,0,0,33,1722,7,1199,33,2921,California
Plumas,2021-02-28,1,4119,0,643,1,3476,0,0,1,1723,0,1199,1,2922,California
Plumas,2021-03-01,13,4132,3,646,10,3486,0,0,8,1727,4,1203,8,2930,California
Plumas,2021-03-02,9,4141,0,646,9,3495,0,0,7,1732,2,1205,7,2937,California
Plumas,2021-03-03,151,4292,9,655,142,3637,0,0,135,1851,16,1221,135,3072,California
Plumas,2021-03-04,252,4544,9,664,243,3880,0,0,230,2059,22,1243,230,3302,California
Plumas,2021-03-05,400,4944,7,671,388,4268,5,5,389,2442,11,1254,394,3696,California
Plumas,2021-03-06,19,4963,2,673,9,4277,8,13,3,2437,16,1270,11,3707,California
Plumas,2021-03-07,13,4976,2,675,2,4279,9,22,3,2439,10,1280,12,3719,California
Plumas,2021-03-08,29,5005,3,678,2,4281,24,46,3,2440,26,1306,27,3746,California
Plumas,2021-03-09,133,5138,2,680,116,4397,15,61,18,2358,115,1421,33,3779,California
Plumas,2021-03-10,254,5392,3,683,237,4634,14,75,107,2333,146,1567,121,3900,California
Plumas,2021-03-11,179,5571,8,691,166,4800,5,80,144,2447,35,1602,149,4049,California
Plumas,2021-03-12,595,6166,4,695,303,5103,288,368,23,2186,572,2174,311,4360,California
Plumas,2021-03-13,25,6191,4,699,10,5113,11,379,5,2182,20,2194,16,4376,California
Plumas,2021-03-14,12,6203,3,702,4,5117,5,384,1,2178,10,2204,6,4382,California
Plumas,2021-03-15,31,6234,0,702,24,5141,7,391,5,2164,26,2230,12,4394,California
Plumas,2021-03-16,60,6294,3,705,56,5197,1,392,49,2203,11,2241,50,4444,California
Plumas,2021-03-17,73,6367,9,714,63,5260,1,393,58,2248,14,2255,59,4503,California
Plumas,2021-03-18,60,6427,6,720,38,5298,16,409,12,2228,48,2303,28,4531,California
Plumas,2021-03-19,164,6591,6,726,156,5454,2,411,155,2379,7,2310,158,4689,California
Plumas,2021-03-20,691,7282,4,730,686,6140,1,412,671,3033,18,2328,672,5361,California
Plumas,2021-03-21,2,7284,1,731,1,6141,0,412,1,3034,0,2328,1,5362,California
Plumas,2021-03-22,183,7467,2,733,181,6322,0,412,176,3203,7,2335,176,5538,California
Plumas,2021-03-23,27,7494,2,735,25,6347,0,412,13,3202,14,2349,13,5551,California
Plumas,2021-03-24,653,8147,6,741,646,6993,1,413,223,2997,429,2778,224,5775,California
Plumas,2021-03-25,301,8448,7,748,292,7285,2,415,158,3012,143,2921,158,5933,California
Plumas,2021-03-26,315,8763,9,757,306,7591,0,415,46,2790,268,3189,46,5979,California
Plumas,2021-03-27,13,8776,1,758,11,7602,1,416,3,2784,10,3199,4,5983,California
Plumas,2021-03-28,5,8781,3,761,1,7603,1,417,3,2786,2,3201,4,5987,California
Plumas,2021-03-29,12,8793,4,765,7,7610,1,418,4,2783,8,3209,5,5992,California
Plumas,2021-03-30,151,8944,3,768,147,7757,1,419,24,2681,127,3336,25,6017,California
Plumas,2021-03-31,288,9232,2,770,285,8042,1,420,267,2928,21,3357,268,6285,California
Plumas,2021-04-01,299,9531,11,781,287,8329,1,421,61,2753,236,3593,61,6346,California
Plumas,2021-04-02,375,9906,5,786,369,8698,1,422,29,2448,335,3928,30,6376,California
Plumas,2021-04-03,16,9922,3,789,5,8703,8,430,4,2448,12,3940,12,6388,California
Plumas,2021-04-04,3,9925,1,790,1,8704,1,431,0,2446,3,3943,1,6389,California
Plumas,2021-04-05,10,9935,3,793,6,8710,1,432,3,2443,7,3950,4,6393,California
Plumas,2021-04-06,120,10055,6,799,88,8798,26,458,13,2375,107,4057,39,6432,California
Plumas,2021-04-07,281,10336,7,806,99,8897,175,633,28,2325,253,4310,203,6635,California
Plumas,2021-04-08,150,10486,3,809,132,9029,15,648,34,2258,115,4425,48,6683,California
Plumas,2021-04-09,51,10537,10,819,25,9054,16,664,19,2260,32,4457,34,6717,California
Plumas,2021-04-10,24,10561,2,821,6,9060,16,680,5,2262,19,4476,21,6738,California
Plumas,2021-04-11,4,10565,3,824,0,9060,1,681,3,2265,1,4477,4,6742,California
Plumas,2021-04-12,11,10576,5,829,3,9063,3,684,7,2271,4,4481,10,6752,California
Plumas,2021-04-13,207,10783,5,834,202,9265,0,684,139,2342,68,4549,139,6891,California
Plumas,2021-04-14,109,10892,8,842,101,9366,0,684,55,2343,54,4603,55,6946,California
Plumas,2021-04-15,50,10942,2,844,48,9414,0,684,32,2357,18,4621,32,6978,California
Plumas,2021-04-16,142,11084,2,846,140,9554,0,684,2,2219,140,4761,2,6980,California
Plumas,2021-04-17,666,11750,2,848,664,10218,0,684,21,1597,643,5404,21,7001,California
Plumas,2021-04-18,4,11754,3,851,1,10219,0,684,1,1595,3,5407,1,7002,California
Plumas,2021-04-19,38,11792,3,854,35,10254,0,684,5,1567,33,5440,5,7007,California
Plumas,2021-04-20,42,11834,5,859,37,10291,0,684,26,1578,15,5455,26,7033,California
Plumas,2021-04-21,312,12146,5,864,306,10597,1,685,18,1302,294,5749,18,7051,California
Plumas,2021-04-22,272,12418,8,872,264,10861,0,685,129,1288,143,5892,129,7180,California
Plumas,2021-04-23,73,12491,6,878,67,10928,0,685,16,1247,57,5949,16,7196,California
Plumas,2021-04-24,171,12662,5,883,166,11094,0,685,146,1369,24,5973,146,7342,California
Plumas,2021-04-26,29,12691,4,887,25,11119,0,685,9,1359,19,5992,9,7351,California
Plumas,2021-04-27,87,12778,3,890,84,11203,0,685,51,1374,36,6028,51,7402,California
Plumas,2021-04-28,283,13061,4,894,279,11482,0,685,37,1166,245,6273,37,7439,California
Plumas,2021-04-29,171,13232,68,962,103,11585,0,685,118,1231,53,6326,118,7557,California
Plumas,2021-04-30,23,13255,11,973,12,11597,0,685,7,1222,16,6342,7,7564,California
Plumas,2021-05-01,2,13257,1,974,0,11597,1,686,0,1221,2,6344,1,7565,California
Plumas,2021-05-02,3,13260,3,977,0,11597,0,686,1,1220,2,6346,1,7566,California
Plumas,2021-05-03,16,13276,6,983,4,11601,6,692,5,1220,11,6357,11,7577,California
Plumas,2021-05-04,27,13303,3,986,18,11619,6,698,16,1231,11,6368,22,7599,California
Plumas,2021-05-05,47,13350,6,992,40,11659,1,699,21,1227,26,6394,22,7621,California
Plumas,2021-05-06,56,13406,2,994,49,11708,5,704,15,1206,41,6435,20,7641,California
Plumas,2021-05-07,22,13428,5,999,16,11724,1,705,8,1201,14,6449,9,7650,California
Plumas,2021-05-08,6,13434,0,999,4,11728,2,707,4,1205,2,6451,6,7656,California
Plumas,2021-05-10,49,13483,1,1000,25,11753,23,730,22,1223,27,6478,45,7701,California
Plumas,2021-05-11,164,13647,3,1003,142,11895,19,749,14,1106,150,6628,33,7734,California
Plumas,2021-05-12,96,13743,2,1005,87,11982,7,756,36,1089,60,6688,43,7777,California
Plumas,2021-05-13,32,13775,5,1010,27,12009,0,756,11,1079,21,6709,11,7788,California
Riverside,2020-12-15,5,5,5,5,0,0,0,0,5,5,0,0,5,5,California
Riverside,2020-12-16,63,68,63,68,0,0,0,0,63,68,0,0,63,68,California
Riverside,2020-12-17,805,873,805,873,0,0,0,0,805,873,0,0,805,873,California
Riverside,2020-12-18,1723,2596,1722,2595,1,1,0,0,1723,2596,0,0,1723,2596,California
Riverside,2020-12-19,1027,3623,1024,3619,3,4,0,0,1025,3620,1,1,1025,3621,California
Riverside,2020-12-20,1084,4707,1083,4702,1,5,0,0,1084,4704,0,1,1084,4705,California
Riverside,2020-12-21,2275,6982,2273,6975,2,7,0,0,2275,6979,0,1,2275,6980,California
Riverside,2020-12-22,2258,9240,2219,9194,39,46,0,0,2257,9236,0,1,2257,9237,California
Riverside,2020-12-23,2130,11370,1793,10987,337,383,0,0,2131,11367,0,1,2131,11368,California
Riverside,2020-12-24,828,12198,626,11613,202,585,0,0,828,12195,0,1,828,12196,California
Riverside,2020-12-25,28,12226,5,11618,23,608,0,0,28,12223,0,1,28,12224,California
Riverside,2020-12-26,401,12627,257,11875,144,752,0,0,401,12624,0,1,401,12625,California
Riverside,2020-12-27,361,12988,243,12118,118,870,0,0,361,12985,0,1,361,12986,California
Riverside,2020-12-28,1627,14615,1126,13244,501,1371,0,0,1627,14612,0,1,1627,14613,California
Riverside,2020-12-29,1739,16354,973,14217,766,2137,0,0,1739,16351,0,1,1739,16352,California
Riverside,2020-12-30,2581,18935,1686,15903,895,3032,0,0,2580,18931,0,1,2580,18932,California
Riverside,2020-12-31,1021,19956,394,16297,627,3659,0,0,1023,19954,0,1,1023,19955,California
Riverside,2021-01-01,116,20072,45,16342,71,3730,0,0,116,20070,0,1,116,20071,California
Riverside,2021-01-02,834,20906,694,17036,140,3870,0,0,834,20904,0,1,834,20905,California
Riverside,2021-01-03,343,21249,298,17334,45,3915,0,0,342,21246,0,1,342,21247,California
Riverside,2021-01-04,1265,22514,797,18131,468,4383,0,0,1265,22511,0,1,1265,22512,California
Riverside,2021-01-05,1984,24498,1363,19494,621,5004,0,0,1889,24311,89,90,1889,24401,California
Riverside,2021-01-06,2497,26995,1114,20608,1383,6387,0,0,2190,26198,303,393,2190,26591,California
Riverside,2021-01-07,2763,29758,1812,22420,951,7338,0,0,1702,26846,1056,1449,1704,28295,California
Riverside,2021-01-08,4057,33815,2937,25357,1120,8458,0,0,2246,27285,1807,3256,2246,30541,California
Riverside,2021-01-09,2071,35886,843,26200,1228,9686,0,0,1724,28663,346,3602,1724,32265,California
Riverside,2021-01-10,1668,37554,736,26936,932,10618,0,0,1064,29123,604,4206,1064,33329,California
Riverside,2021-01-11,4527,42081,3102,30038,1425,12043,0,0,2792,30183,1733,5939,2793,36122,California
Riverside,2021-01-12,3411,45492,2735,32773,676,12719,0,0,1720,30217,1686,7625,1720,37842,California
Riverside,2021-01-13,4394,49886,2874,35647,1520,14239,0,0,2787,31400,1604,9229,2787,40629,California
Riverside,2021-01-14,5495,55381,1896,37543,3599,17838,0,0,4907,35719,588,9817,4907,45536,California
Riverside,2021-01-15,6162,61543,2101,39644,4061,21899,0,0,5874,41306,287,10104,5874,51410,California
Riverside,2021-01-16,3608,65151,1017,40661,2591,24490,0,0,3362,44423,246,10350,3363,54773,California
Riverside,2021-01-17,3592,68743,582,41243,3010,27500,0,0,3395,47623,195,10545,3395,58168,California
Riverside,2021-01-18,3733,72476,2025,43268,1708,29208,0,0,2727,49344,1006,11551,2727,60895,California
Riverside,2021-01-19,7411,79887,2644,45912,4767,33975,0,0,6294,54522,1117,12668,6295,67190,California
Riverside,2021-01-20,8108,87995,3028,48940,5080,39055,0,0,6532,59493,1565,14233,6536,73726,California
Riverside,2021-01-21,8361,96356,3519,52459,4842,43897,0,0,7713,66558,649,14882,7714,81440,California
Riverside,2021-01-22,8729,105085,2980,55439,5749,49646,0,0,8298,74428,429,15311,8299,89739,California
Riverside,2021-01-23,5925,111010,2393,57832,3532,53178,0,0,5197,78898,728,16039,5198,94937,California
Riverside,2021-01-24,3035,114045,1430,59262,1605,54783,0,0,2821,81509,211,16250,2822,97759,California
Riverside,2021-01-25,7882,121927,4538,63800,3344,58127,0,0,6755,87139,1126,17376,6756,104515,California
Riverside,2021-01-26,9121,131048,5730,69530,3391,61518,0,0,7609,93240,1509,18885,7610,112125,California
Riverside,2021-01-27,10909,141957,6389,75919,4520,66038,0,0,9299,100936,1606,20491,9302,121427,California
Riverside,2021-01-28,11490,153447,6779,82698,4711,70749,0,0,10331,110117,1151,21642,10332,131759,California
Riverside,2021-01-29,11925,165372,7277,89975,4648,75397,0,0,10555,119332,1344,22986,10559,142318,California
Riverside,2021-01-30,9051,174423,4605,94580,4446,79843,0,0,8588,127461,460,23446,8589,150907,California
Riverside,2021-01-31,5168,179591,4257,98837,911,80754,0,0,5035,132368,132,23578,5039,155946,California
Riverside,2021-02-01,10872,190463,6710,105547,4162,84916,0,0,9088,139682,1777,25355,9091,165037,California
Riverside,2021-02-02,9517,199980,4853,110400,4664,89580,0,0,8020,146215,1490,26845,8023,173060,California
Riverside,2021-02-03,12128,212108,5101,115501,7027,96607,0,0,9794,153685,2324,29169,9794,182854,California
Riverside,2021-02-04,13551,225659,6045,121546,7506,104113,0,0,11437,163018,2106,31275,11439,194293,California
Riverside,2021-02-05,14338,239997,5401,126947,8937,113050,0,0,11282,171256,3048,34323,11286,205579,California
Riverside,2021-02-06,7263,247260,4292,131239,2971,116021,0,0,5617,175238,1638,35961,5620,211199,California
Riverside,2021-02-07,2167,249427,797,132036,1370,117391,0,0,1851,176775,315,36276,1852,213051,California
Riverside,2021-02-08,12459,261886,5535,137571,6924,124315,0,0,10142,184621,2300,38576,10146,223197,California
Riverside,2021-02-09,9671,271557,4549,142120,5122,129437,0,0,7727,190417,1936,40512,7732,230929,California
Riverside,2021-02-10,12070,283627,6980,149100,5090,134527,0,0,8896,196160,3162,43674,8905,239834,California
Riverside,2021-02-11,16589,300216,9043,158143,7546,142073,0,0,12080,203768,4487,48161,12095,251929,California
Riverside,2021-02-12,17682,317898,10810,168953,6872,148945,0,0,12806,211754,4832,52993,12818,264747,California
Riverside,2021-02-13,6329,324227,2129,171082,4200,153145,0,0,3103,211670,3208,56201,3124,267871,California
Riverside,2021-02-14,4930,329157,1124,172206,3806,156951,0,0,2179,211103,2747,58948,2180,270051,California
Riverside,2021-02-15,9827,338984,4999,177205,4828,161779,0,0,5409,212110,4409,63357,5416,275467,California
Riverside,2021-02-16,16105,355089,10103,187308,6002,167781,0,0,9244,214508,6854,70211,9252,284719,California
Riverside,2021-02-17,15018,370107,8208,195516,6810,174591,0,0,7448,214409,7557,77768,7458,292177,California
Riverside,2021-02-18,15527,385634,8991,204507,6536,181127,0,0,8020,214955,7488,85256,8034,300211,California
Riverside,2021-02-19,15292,400926,8224,212731,7068,188195,0,0,7220,214130,8053,93309,7228,307439,California
Riverside,2021-02-20,8310,409236,4496,217227,3814,192009,0,0,2168,210176,6125,99434,2171,309610,California
Riverside,2021-02-21,4365,413601,3846,221073,519,192528,0,0,1216,208257,3135,102569,1216,310826,California
Riverside,2021-02-22,12355,425956,7756,228829,4599,197127,0,0,5105,206135,7232,109801,5110,315936,California
Riverside,2021-02-23,11097,437053,7563,236392,3534,200661,0,0,5390,205851,5678,115479,5394,321330,California
Riverside,2021-02-24,14801,451854,8096,244488,6705,207366,0,0,6293,203692,8469,123948,6310,327640,California
Riverside,2021-02-25,17334,469188,7386,251874,9948,217314,0,0,8046,202497,9266,133214,8071,335711,California
Riverside,2021-02-26,18598,487786,6714,258588,11884,229198,0,0,9287,202564,9253,142467,9320,345031,California
Riverside,2021-02-27,12044,499830,5576,264164,6468,235666,0,0,5751,202084,6258,148725,5778,350809,California
Riverside,2021-02-28,4880,504710,3216,267380,1664,237330,0,0,2411,202044,2458,151183,2418,353227,California
Riverside,2021-03-01,14320,519030,6096,273476,8222,245552,2,2,8433,204654,5852,157035,8462,361689,California
Riverside,2021-03-02,15286,534316,7434,280910,7851,253403,1,3,8973,207365,6290,163325,9001,370690,California
Riverside,2021-03-03,16856,551172,8342,289252,8514,261917,0,3,7279,205244,9527,172852,7406,378096,California
Riverside,2021-03-04,18721,569893,7450,296702,11266,273183,5,8,8892,204507,9784,182636,9047,387143,California
Riverside,2021-03-05,18761,588654,7534,304236,11183,284366,44,52,9291,204698,9420,192056,9611,396754,California
Riverside,2021-03-06,9459,598113,5028,309264,3950,288316,481,533,4704,205172,4741,196797,5215,401969,California
Riverside,2021-03-07,4177,602290,2700,311964,1088,289404,389,922,1961,205320,2206,199003,2354,404323,California
Riverside,2021-03-08,11932,614222,4737,316701,6785,296189,410,1332,5312,204486,6601,205604,5767,410090,California
Riverside,2021-03-09,14659,628881,6763,323464,7396,303585,500,1832,5785,202049,8856,214460,6419,416509,California
Riverside,2021-03-10,15634,644515,8386,331850,6359,309944,889,2721,6013,199522,9581,224041,7054,423563,California
Riverside,2021-03-11,19226,663741,9443,341293,7937,317881,1846,4567,7585,197559,11605,235646,9642,433205,California
Riverside,2021-03-12,21151,684892,7924,349217,8492,326373,4735,9302,7095,195694,14023,249669,12158,445363,California
Riverside,2021-03-13,8392,693284,2508,351725,4680,331053,1204,10506,4297,197198,4076,253745,5580,450943,California
Riverside,2021-03-14,4610,697894,1582,353307,1737,332790,1291,11797,2047,197981,2553,256298,3336,454279,California
Riverside,2021-03-15,18684,716578,7850,361157,9162,341952,1672,13469,9204,199520,9438,265736,10977,465256,California
Riverside,2021-03-16,20892,737470,10138,371295,9939,351891,815,14284,11390,202355,9463,275199,12298,477554,California
Riverside,2021-03-17,21284,758754,10917,382212,9319,361210,1048,15332,12787,207787,8461,283660,13893,491447,California
Riverside,2021-03-18,22575,781329,11746,393958,9175,370385,1654,16986,12536,211994,9991,293651,14198,505645,California
Riverside,2021-03-19,24006,805335,12573,406531,10482,380867,951,17937,14032,217419,9919,303570,15344,520989,California
Riverside,2021-03-20,10602,815937,6842,413373,2594,383461,1166,19103,6829,221670,3744,307314,7995,528984,California
Riverside,2021-03-21,3680,819617,2876,416249,552,384013,252,19355,2524,223307,1140,308454,2777,531761,California
Riverside,2021-03-22,16640,836257,9925,426174,6162,390175,553,19908,10596,228459,5994,314448,11146,542907,California
Riverside,2021-03-23,18553,854810,10501,436675,7630,397805,422,20330,11965,234327,6533,320981,12401,555308,California
Riverside,2021-03-24,18686,873496,10418,447093,8148,405953,120,20450,12841,241497,5797,326778,12967,568275,California
Riverside,2021-03-25,21102,894598,11648,458741,9274,415227,180,20630,14172,248993,6863,333641,14359,582634,California
Riverside,2021-03-26,24095,918693,11891,470632,12031,427258,173,20803,15043,255259,8952,342593,15218,597852,California
Riverside,2021-03-27,9279,927972,4871,475503,3354,430612,1054,21857,4808,256671,4451,347044,5863,603715,California
Riverside,2021-03-28,4721,932693,3103,478606,1526,432138,92,21949,2836,257728,1872,348916,2929,606644,California
Riverside,2021-03-29,17640,950333,8442,487048,9082,441220,116,22065,10968,262191,6634,355550,11097,617741,California
Riverside,2021-03-30,18322,968655,9537,496585,8581,449801,204,22269,11803,267719,6481,362031,12009,629750,California
Riverside,2021-03-31,18036,986691,8388,504973,9347,459148,301,22570,11481,273001,6512,368543,11794,641544,California
Riverside,2021-04-01,25405,1012096,12421,517394,12222,471370,762,23332,16440,281297,8907,377450,17203,658747,California
Riverside,2021-04-02,26028,1038124,14021,531415,11068,482438,939,24271,16356,289196,9620,387070,17519,676266,California
Riverside,2021-04-03,9281,1047405,5906,537321,2796,485234,579,24850,6017,292544,3247,390317,6595,682861,California
Riverside,2021-04-04,3376,1050781,2050,539371,1087,486321,239,25089,1754,292925,1614,391931,1995,684856,California
Riverside,2021-04-05,18354,1069135,9414,548785,7105,493426,1835,26924,9888,296218,8431,400362,11724,696580,California
Riverside,2021-04-06,23660,1092795,12309,561094,9235,502661,2116,29040,13185,301087,10426,410788,15295,711875,California
Riverside,2021-04-07,24519,1117314,13180,574274,8858,511519,2481,31521,13652,306397,10824,421612,16134,728009,California
Riverside,2021-04-08,26925,1144239,14786,589060,9201,520720,2938,34459,16400,315251,10466,432078,19320,747329,California
Riverside,2021-04-09,26001,1170240,15280,604340,8300,529020,2421,36880,15878,323488,10081,442159,18318,765647,California
Riverside,2021-04-10,11935,1182175,6705,611045,3842,532862,1388,38268,5240,323456,6653,448812,6621,772268,California
Riverside,2021-04-11,4599,1186774,2730,613775,1249,534111,620,38888,2177,323841,2411,451223,2796,775064,California
Riverside,2021-04-12,20061,1206835,8909,622684,8518,542629,2634,41522,10076,326602,9947,461170,12708,787772,California
Riverside,2021-04-13,19879,1226714,11128,633812,8725,551354,26,41548,11352,329497,8485,469655,11380,799152,California
Riverside,2021-04-14,22018,1248732,12099,645911,9905,561259,14,41562,10796,329156,11155,480810,10814,809966,California
Riverside,2021-04-15,21659,1270391,12166,658077,9485,570744,8,41570,11345,330262,10248,491058,11354,821320,California
Riverside,2021-04-16,24913,1295304,14417,672494,10490,581234,6,41576,11600,328612,13263,504321,11613,832933,California
Riverside,2021-04-17,9846,1305150,6488,678982,3358,584592,0,41576,4972,328732,4859,509180,4979,837912,California
Riverside,2021-04-18,3852,1309002,2811,681793,1034,585626,7,41583,1835,328570,2006,511186,1844,839756,California
Riverside,2021-04-19,19433,1328435,11558,693351,7872,593498,3,41586,6955,323095,12438,523624,6963,846719,California
Riverside,2021-04-20,18771,1347206,9872,703223,8890,602388,9,41595,7681,319737,11052,534676,7694,854413,California
Riverside,2021-04-21,19444,1366650,11072,714295,8364,610752,8,41603,7666,315699,11719,546395,7681,862094,California
Riverside,2021-04-22,23071,1389721,13422,727717,9646,620398,3,41606,8563,309827,14443,560838,8571,870665,California
Riverside,2021-04-23,23256,1412977,13696,741413,9546,629944,14,41620,9144,304938,14055,574893,9166,879831,California
Riverside,2021-04-24,10457,1423434,7305,748718,3150,633094,2,41622,4842,304203,5580,580473,4845,884676,California
Riverside,2021-04-25,4198,1427632,2811,751529,1386,634480,1,41623,2189,304398,1996,582469,2191,886867,California
Riverside,2021-04-26,15958,1443590,9965,761494,5948,640428,45,41668,5324,299168,10602,593071,5372,892239,California
Riverside,2021-04-27,17144,1460734,9710,771204,7273,647701,161,41829,5892,294010,11211,604282,6053,898292,California
Riverside,2021-04-28,16386,1477120,8826,780030,7302,655003,258,42087,5521,288981,10808,615090,5779,904071,California
Riverside,2021-04-29,18623,1495743,11418,791448,6868,661871,337,42424,5385,281525,13177,628267,5721,909792,California
Riverside,2021-04-30,19637,1515380,11310,802758,7950,669821,377,42801,6283,274883,13305,641572,6663,916455,California
Riverside,2021-05-01,6748,1522128,4867,807625,1713,671534,168,42969,2317,272957,4409,645981,2483,918938,California
Riverside,2021-05-02,3347,1525475,2181,809806,958,672492,208,43177,1063,271964,2270,648251,1277,920215,California
Riverside,2021-05-03,17949,1543424,11012,820818,6450,678942,487,43664,4141,262841,13749,662000,4626,924841,California
Riverside,2021-05-04,17127,1560551,10900,831718,5811,684753,416,44080,4826,255837,12245,674245,5241,930082,California
Riverside,2021-05-05,15692,1576243,8901,840619,6439,691192,352,44432,4515,249579,11125,685370,4867,934949,California
Riverside,2021-05-06,17636,1593879,9932,850551,7305,698497,399,44831,4469,241349,13100,698470,4870,939819,California
Riverside,2021-05-07,20175,1614054,11549,862100,8199,706696,427,45258,5287,232248,14815,713285,5714,945533,California
Riverside,2021-05-08,6785,1620839,4518,866618,2042,708738,225,45483,2544,230808,4208,717493,2768,948301,California
Riverside,2021-05-09,2310,1623149,1516,868134,639,709377,155,45638,856,230376,1443,718936,1011,949312,California
Riverside,2021-05-10,9905,1633054,5060,873194,4470,713847,375,46013,2778,226454,7076,726012,3154,952466,California
Riverside,2021-05-11,11436,1644490,6924,880118,4032,717879,480,46493,3223,221991,8167,734179,3704,956170,California
Riverside,2021-05-12,9431,1653921,4264,884382,4901,722780,266,46759,2839,218540,6554,740733,3103,959273,California
Riverside,2021-05-13,7343,1661264,4281,888663,2904,725684,158,46917,1964,215311,5351,746084,2122,961395,California
Sacramento,2020-12-15,315,315,315,315,0,0,0,0,315,315,0,0,315,315,California
Sacramento,2020-12-16,643,958,643,958,0,0,0,0,643,958,0,0,643,958,California
Sacramento,2020-12-17,648,1606,648,1606,0,0,0,0,648,1606,0,0,648,1606,California
Sacramento,2020-12-18,970,2576,970,2576,0,0,0,0,970,2576,0,0,970,2576,California
Sacramento,2020-12-19,612,3188,612,3188,0,0,0,0,612,3188,0,0,612,3188,California
Sacramento,2020-12-20,634,3822,634,3822,0,0,0,0,634,3822,0,0,634,3822,California
Sacramento,2020-12-21,1677,5499,1677,5499,0,0,0,0,1678,5500,0,0,1678,5500,California
Sacramento,2020-12-22,2097,7596,2064,7563,33,33,0,0,2097,7597,0,0,2097,7597,California
Sacramento,2020-12-23,2249,9845,2080,9643,169,202,0,0,2249,9846,0,0,2249,9846,California
Sacramento,2020-12-24,1046,10891,834,10477,212,414,0,0,1046,10892,0,0,1046,10892,California
Sacramento,2020-12-25,1,10892,0,10477,1,415,0,0,1,10893,0,0,1,10893,California
Sacramento,2020-12-26,509,11401,291,10768,218,633,0,0,509,11402,0,0,509,11402,California
Sacramento,2020-12-27,351,11752,247,11015,104,737,0,0,351,11753,0,0,351,11753,California
Sacramento,2020-12-28,1902,13654,1324,12339,578,1315,0,0,1901,13653,1,1,1901,13654,California
Sacramento,2020-12-29,1955,15609,1189,13528,766,2081,0,0,1955,15608,0,1,1955,15609,California
Sacramento,2020-12-30,2562,18171,1457,14985,1105,3186,0,0,2563,18171,0,1,2563,18172,California
Sacramento,2020-12-31,1229,19400,695,15680,534,3720,0,0,1230,19401,0,1,1230,19402,California
Sacramento,2021-01-01,81,19481,70,15750,11,3731,0,0,81,19482,0,1,81,19483,California
Sacramento,2021-01-02,564,20045,363,16113,201,3932,0,0,564,20046,0,1,564,20047,California
Sacramento,2021-01-03,412,20457,223,16336,189,4121,0,0,412,20458,0,1,412,20459,California
Sacramento,2021-01-04,1957,22414,845,17181,1112,5233,0,0,1955,22412,1,2,1955,22414,California
Sacramento,2021-01-05,2211,24625,985,18166,1226,6459,0,0,1857,23922,354,356,1864,24278,California
Sacramento,2021-01-06,2734,27359,1622,19788,1112,7571,0,0,1959,25109,772,1128,1959,26237,California
Sacramento,2021-01-07,2836,30195,1507,21295,1329,8900,0,0,1974,26224,859,1987,1974,28211,California
Sacramento,2021-01-08,3297,33492,2091,23386,1206,10106,0,0,2262,27456,1031,3018,2263,30474,California
Sacramento,2021-01-09,1291,34783,799,24185,492,10598,0,0,902,27971,387,3405,902,31376,California
Sacramento,2021-01-10,1246,36029,710,24895,536,11134,0,0,775,28277,470,3875,776,32152,California
Sacramento,2021-01-11,4353,40382,2963,27858,1390,12524,0,0,2413,28763,1939,5814,2425,34577,California
Sacramento,2021-01-12,4400,44782,3036,30894,1364,13888,0,0,2432,29232,1967,7781,2436,37013,California
Sacramento,2021-01-13,3792,48574,2171,33065,1621,15509,0,0,2381,30204,1410,9191,2382,39395,California
Sacramento,2021-01-14,4631,53205,2368,35433,2263,17772,0,0,3708,32993,919,10110,3708,43103,California
Sacramento,2021-01-15,4426,57631,2265,37698,2161,19933,0,0,3704,35977,721,10831,3705,46808,California
Sacramento,2021-01-16,2093,59724,1292,38990,801,20734,0,0,1876,37636,217,11048,1876,48684,California
Sacramento,2021-01-17,1647,61371,954,39944,693,21427,0,0,1469,38930,178,11226,1472,50156,California
Sacramento,2021-01-18,2865,64236,1771,41715,1094,22521,0,0,2338,40743,526,11752,2339,52495,California
Sacramento,2021-01-19,5000,69236,3050,44765,1950,24471,0,0,3729,43203,1271,13023,3731,56226,California
Sacramento,2021-01-20,4810,74046,2849,47614,1961,26432,0,0,3590,45576,1222,14245,3595,59821,California
Sacramento,2021-01-21,5200,79246,2995,50609,2205,28637,0,0,4234,48851,960,15205,4235,64056,California
Sacramento,2021-01-22,4986,84232,2654,53263,2332,30969,0,0,4685,53237,300,15505,4686,68742,California
Sacramento,2021-01-23,3733,87965,1562,54825,2171,33140,0,0,3274,56052,459,15964,3274,72016,California
Sacramento,2021-01-24,1598,89563,997,55822,601,33741,0,0,1357,57169,241,16205,1358,73374,California
Sacramento,2021-01-25,4361,93924,2111,57933,2250,35991,0,0,2945,58700,1416,17621,2947,76321,California
Sacramento,2021-01-26,4724,98648,2137,60070,2587,38578,0,0,3521,61022,1201,18822,3523,79844,California
Sacramento,2021-01-27,5810,104458,3053,63123,2757,41335,0,0,4204,63625,1603,20425,4206,84050,California
Sacramento,2021-01-28,5364,109822,2710,65833,2654,43989,0,0,4270,66803,1093,21518,4271,88321,California
Sacramento,2021-01-29,5399,115221,2939,68772,2460,46449,0,0,4373,70159,1017,22535,4373,92694,California
Sacramento,2021-01-30,4511,119732,2206,70978,2305,48754,0,0,4075,73800,434,22969,4075,96769,California
Sacramento,2021-01-31,2314,122046,2020,72998,294,49048,0,0,2038,75566,274,23243,2040,98809,California
Sacramento,2021-02-01,5914,127960,3016,76014,2898,51946,0,0,4252,78161,1657,24900,4252,103061,California
Sacramento,2021-02-02,6932,134892,3764,79778,3168,55114,0,0,4848,80946,2065,26965,4850,107911,California
Sacramento,2021-02-03,7099,141991,3557,83335,3542,58656,0,0,5236,84331,1853,28818,5238,113149,California
Sacramento,2021-02-04,7717,149708,3638,86973,4079,62735,0,0,5496,87616,2211,31029,5496,118645,California
Sacramento,2021-02-05,7817,157525,4453,91426,3364,66099,0,0,4881,89587,2913,33942,4884,123529,California
Sacramento,2021-02-06,8443,165968,3455,94881,4988,71087,0,0,7113,95375,1326,35268,7114,130643,California
Sacramento,2021-02-07,4081,170049,2195,97076,1886,72973,0,0,2856,97016,1217,36485,2858,133501,California
Sacramento,2021-02-08,6197,176246,3205,100281,2992,75965,0,0,3884,98591,2309,38794,3884,137385,California
Sacramento,2021-02-09,6801,183047,3586,103867,3215,79180,0,0,4010,99820,2782,41576,4011,141396,California
Sacramento,2021-02-10,7662,190709,4175,108042,3487,82667,0,0,4529,101231,3120,44696,4531,145927,California
Sacramento,2021-02-11,9611,200320,5748,113790,3863,86530,0,0,5547,102730,4050,48746,5549,151476,California
Sacramento,2021-02-12,10662,210982,4141,117931,6521,93051,0,0,6403,104937,4199,52945,6406,157882,California
Sacramento,2021-02-13,7674,218656,2988,120919,4686,97737,0,0,6086,109438,1586,54531,6087,163969,California
Sacramento,2021-02-14,3166,221822,1947,122866,1219,98956,0,0,2087,110452,1077,55608,2091,166060,California
Sacramento,2021-02-15,5987,227809,2042,124908,3945,102901,0,0,4164,112802,1816,57424,4166,170226,California
Sacramento,2021-02-16,9231,237040,4202,129110,5029,107930,0,0,5317,114216,3907,61331,5321,175547,California
Sacramento,2021-02-17,8829,245869,4980,134090,3849,111779,0,0,5138,115677,3679,65010,5140,180687,California
Sacramento,2021-02-18,9559,255428,5719,139809,3840,115619,0,0,5766,117660,3786,68796,5769,186456,California
Sacramento,2021-02-19,10010,265438,6139,145948,3871,119490,0,0,5913,119495,4084,72880,5919,192375,California
Sacramento,2021-02-20,7744,273182,5721,151669,2023,121513,0,0,4692,121144,3044,75924,4693,197068,California
Sacramento,2021-02-21,2940,276122,2336,154005,604,122117,0,0,1024,120258,1910,77834,1024,198092,California
Sacramento,2021-02-22,6191,282313,3747,157752,2444,124561,0,0,2686,119454,3494,81328,2690,200782,California
Sacramento,2021-02-23,7137,289450,4435,162187,2702,127263,0,0,3466,119269,3655,84983,3470,204252,California
Sacramento,2021-02-24,9651,299101,5294,167481,4357,131620,0,0,5287,120213,4347,89330,5291,209543,California
Sacramento,2021-02-25,10921,310022,6227,173708,4694,136314,0,0,6412,122131,4494,93824,6412,215955,California
Sacramento,2021-02-26,13911,323933,6476,180184,7435,143749,0,0,9580,127414,4300,98124,9583,225538,California
Sacramento,2021-02-27,10813,334746,6722,186906,4088,147837,3,3,7946,132514,2849,100973,7949,233487,California
Sacramento,2021-02-28,5617,340363,2228,189134,3389,151226,0,3,2588,132088,3015,103988,2589,236076,California
Sacramento,2021-03-01,8051,348414,3473,192607,4577,155803,1,4,4353,132767,3677,107665,4356,240432,California
Sacramento,2021-03-02,9241,357655,4020,196627,5220,161023,1,5,5677,134900,3548,111213,5681,246113,California
Sacramento,2021-03-03,10926,368581,5004,201631,5919,166942,3,8,6514,137027,4392,115605,6519,252632,California
Sacramento,2021-03-04,13415,381996,6167,207798,7244,174186,4,12,7461,138574,5924,121529,7471,260103,California
Sacramento,2021-03-05,10578,392574,4882,212680,5666,179852,30,42,7033,142113,3524,125053,7063,267166,California
Sacramento,2021-03-06,8096,400670,3106,215786,4868,184720,122,164,4095,142346,3983,129036,4216,271382,California
Sacramento,2021-03-07,7586,408256,2196,217982,5303,190023,87,251,3727,142304,3854,132890,3812,275194,California
Sacramento,2021-03-08,9099,417355,4243,222225,4632,194655,224,475,5959,145357,3128,136018,6181,281375,California
Sacramento,2021-03-09,9555,426910,4525,226750,4739,199394,291,766,5491,147091,4048,140066,5782,287157,California
Sacramento,2021-03-10,11716,438626,7478,234228,3889,203283,349,1115,6849,149459,4832,144898,7200,294357,California
Sacramento,2021-03-11,14995,453621,9964,244192,4235,207518,796,1911,8922,153141,6035,150933,9717,304074,California
Sacramento,2021-03-12,17968,471589,8311,252503,8823,216341,834,2745,8842,153752,9073,160006,9684,313758,California
Sacramento,2021-03-13,12948,484537,3567,256070,8957,225298,424,3169,7857,156950,5080,165086,8278,322036,California
Sacramento,2021-03-14,8376,492913,3464,259534,4282,229580,630,3799,4477,158180,3876,168962,5106,327142,California
Sacramento,2021-03-15,12164,505077,4822,264356,6691,236271,651,4450,7076,160841,5067,174029,7728,334870,California
Sacramento,2021-03-16,13974,519051,6207,270563,7128,243399,639,5089,8635,164803,5306,179335,9268,344138,California
Sacramento,2021-03-17,13640,532691,6573,277136,6456,249855,611,5700,8815,169436,4798,184133,9431,353569,California
Sacramento,2021-03-18,15630,548321,8214,285350,6852,256707,564,6264,10102,174605,5497,189630,10666,364235,California
Sacramento,2021-03-19,15582,563903,7957,293307,6254,262961,1371,7635,8114,176647,7441,197071,9483,373718,California
Sacramento,2021-03-20,12891,576794,7530,300837,5022,267983,339,7974,8162,180452,4698,201769,8503,382221,California
Sacramento,2021-03-21,5594,582388,2750,303587,2805,270788,39,8013,4942,184795,640,202409,4983,387204,California
Sacramento,2021-03-22,9365,591753,4791,308378,3721,274509,853,8866,6277,188864,3062,205471,7131,394335,California
Sacramento,2021-03-23,11313,603066,6741,315119,3763,278272,809,9675,7306,193008,3968,209439,8112,402447,California
Sacramento,2021-03-24,11847,614913,7270,322389,3947,282219,630,10305,6750,195373,5016,214455,7381,409828,California
Sacramento,2021-03-25,14096,629009,8323,330712,4964,287183,809,11114,8562,199250,5491,219946,9368,419196,California
Sacramento,2021-03-26,18244,647253,8935,339647,8821,296004,488,11602,9238,200040,8938,228884,9728,428924,California
Sacramento,2021-03-27,9683,656936,3563,343210,5831,301835,289,11891,5219,201111,4433,233317,5504,434428,California
Sacramento,2021-03-28,6520,663456,3214,346424,3058,304893,248,12139,3131,201114,3379,236696,3382,437810,California
Sacramento,2021-03-29,11010,674466,5895,352319,4745,309638,370,12509,5223,200950,5759,242455,5595,443405,California
Sacramento,2021-03-30,11845,686311,6082,358401,5371,315009,392,12901,6063,201645,5759,248214,6454,449859,California
Sacramento,2021-03-31,13408,699719,7839,366240,5173,320182,396,13297,5688,200028,7693,255907,6076,455935,California
Sacramento,2021-04-01,17302,717021,10408,376648,6673,326855,221,13518,7303,197591,9966,265873,7529,463464,California
Sacramento,2021-04-02,17037,734058,9660,386308,6647,333502,730,14248,8967,199252,8039,273912,9700,473164,California
Sacramento,2021-04-03,10348,744406,6168,392476,3632,337134,548,14796,6357,202190,3963,277875,6901,480065,California
Sacramento,2021-04-04,3688,748094,1518,393994,1981,339115,189,14985,1448,201589,2235,280110,1634,481699,California
Sacramento,2021-04-05,12007,760101,7533,401527,3643,342758,831,15816,5363,201166,6611,286721,6188,487887,California
Sacramento,2021-04-06,15533,775634,8835,410362,5373,348131,1325,17141,6876,200737,8626,295347,8197,496084,California
Sacramento,2021-04-07,14692,790326,7954,418316,5160,353291,1578,18719,7107,201861,7551,302898,8675,504759,California
Sacramento,2021-04-08,14902,805228,6685,425001,5269,358560,2948,21667,5920,201767,8949,311847,8855,513614,California
Sacramento,2021-04-09,18091,823319,9251,434252,6657,365217,2183,23850,7318,200525,10736,322583,9494,523108,California
Sacramento,2021-04-10,12519,835838,3819,438071,7496,372713,1204,25054,5075,199361,7418,330001,6254,529362,California
Sacramento,2021-04-11,10711,846549,4317,442388,6170,378883,224,25278,3792,196482,6894,336895,4015,533377,California
Sacramento,2021-04-12,12882,859431,5005,447393,6015,384898,1862,27140,4927,195356,7901,344796,6775,540152,California
Sacramento,2021-04-13,16203,875634,9919,457312,6280,391178,4,27144,7539,194265,8638,353434,7547,547699,California
Sacramento,2021-04-14,14880,890514,7938,465250,6940,398118,2,27146,5887,191194,8963,362397,5892,553591,California
Sacramento,2021-04-15,16278,906792,8383,473633,7893,406011,2,27148,6602,188163,9639,372036,6608,560199,California
Sacramento,2021-04-16,17365,924157,9609,483242,7756,413767,0,27148,7871,186582,9454,381490,7873,568072,California
Sacramento,2021-04-17,15230,939387,6120,489362,9110,422877,0,27148,11023,193421,4188,385678,11027,579099,California
Sacramento,2021-04-18,8427,947814,3063,492425,5364,428241,0,27148,3743,192496,4669,390347,3744,582843,California
Sacramento,2021-04-19,10556,958370,5695,498120,4857,433098,4,27152,4695,191355,5842,396189,4701,587544,California
Sacramento,2021-04-20,11070,969440,6720,504840,4347,437445,3,27155,5896,192103,5155,401344,5903,593447,California
Sacramento,2021-04-21,11451,980891,6620,511460,4829,442274,2,27157,6218,193118,5206,406550,6221,599668,California
Sacramento,2021-04-22,14773,995664,9868,521328,4902,447176,3,27160,6810,191996,7937,414487,6815,606483,California
Sacramento,2021-04-23,15800,1011464,9993,531321,5807,452983,0,27160,7335,190903,8429,422916,7336,613819,California
Sacramento,2021-04-24,11296,1022760,6997,538318,4298,457281,1,27161,5923,191492,5336,428252,5925,619744,California
Sacramento,2021-04-25,7970,1030730,4479,542797,3491,460772,0,27161,4152,191840,3805,432057,4153,623897,California
Sacramento,2021-04-26,9812,1040542,6155,548952,3632,464404,25,27186,4468,191020,5314,437371,4494,628391,California
Sacramento,2021-04-27,11168,1051710,7347,556299,3702,468106,119,27305,5436,190871,5705,443076,5556,633947,California
Sacramento,2021-04-28,9988,1061698,5695,561994,4092,472198,201,27506,5348,191810,4615,447691,5554,639501,California
Sacramento,2021-04-29,10153,1071851,6788,568782,3060,475258,305,27811,5339,192674,4781,452472,5645,645146,California
Sacramento,2021-04-30,12401,1084252,7790,576572,4349,479607,262,28073,5861,192303,6495,458967,6124,651270,California
Sacramento,2021-05-01,7552,1091804,5463,582035,1916,481523,173,28246,2749,190456,4769,463736,2922,654192,California
Sacramento,2021-05-02,3808,1095612,3158,585193,542,482065,108,28354,2160,191092,1630,465366,2266,656458,California
Sacramento,2021-05-03,9080,1104692,7267,592460,1535,483600,278,28632,3939,190185,5119,470485,4212,660670,California
Sacramento,2021-05-04,9355,1114047,5681,598141,3367,486967,307,28939,3791,188760,5522,476007,4097,664767,California
Sacramento,2021-05-05,10935,1124982,5907,604048,4577,491544,451,29390,4412,187135,6484,482491,4859,669626,California
Sacramento,2021-05-06,11151,1136133,6208,610256,4647,496191,296,29686,4656,185890,6195,488686,4950,674576,California
Sacramento,2021-05-07,10572,1146705,6157,616413,4041,500232,374,30060,4459,184661,6063,494749,4834,679410,California
Sacramento,2021-05-08,8145,1154850,3812,620225,4104,504336,229,30289,2699,182174,5411,500160,2924,682334,California
Sacramento,2021-05-09,3167,1158017,1655,621880,1400,505736,112,30401,1193,181519,1960,502120,1305,683639,California
Sacramento,2021-05-10,8046,1166063,3724,625604,4054,509790,268,30669,1984,177739,6033,508153,2253,685892,California
Sacramento,2021-05-11,8018,1174081,5003,630607,2780,512570,235,30904,2783,175548,5207,513360,3016,688908,California
Sacramento,2021-05-12,7783,1181864,4604,635211,2952,515522,227,31131,2569,173162,5182,518542,2796,691704,California
Sacramento,2021-05-13,7044,1188908,4411,639622,2464,517986,169,31300,2182,170674,4842,523384,2354,694058,California
San Benito,2020-12-16,2,2,2,2,0,0,0,0,2,2,0,0,2,2,California
San Benito,2020-12-17,8,10,8,10,0,0,0,0,8,10,0,0,8,10,California
San Benito,2020-12-18,32,42,32,42,0,0,0,0,32,42,0,0,32,42,California
San Benito,2020-12-19,47,89,47,89,0,0,0,0,47,89,0,0,47,89,California
San Benito,2020-12-20,23,112,23,112,0,0,0,0,23,112,0,0,23,112,California
San Benito,2020-12-21,48,160,48,160,0,0,0,0,48,160,0,0,48,160,California
San Benito,2020-12-22,65,225,65,225,0,0,0,0,65,225,0,0,65,225,California
San Benito,2020-12-23,48,273,36,261,12,12,0,0,48,273,0,0,48,273,California
San Benito,2020-12-24,12,285,4,265,8,20,0,0,12,285,0,0,12,285,California
San Benito,2020-12-25,4,289,4,269,0,20,0,0,4,289,0,0,4,289,California
San Benito,2020-12-26,13,302,4,273,9,29,0,0,13,302,0,0,13,302,California
San Benito,2020-12-27,8,310,7,280,1,30,0,0,8,310,0,0,8,310,California
San Benito,2020-12-28,63,373,36,316,27,57,0,0,63,373,0,0,63,373,California
San Benito,2020-12-29,50,423,21,337,29,86,0,0,50,423,0,0,50,423,California
San Benito,2020-12-30,59,482,37,374,22,108,0,0,59,482,0,0,59,482,California
San Benito,2020-12-31,19,501,2,376,17,125,0,0,19,501,0,0,19,501,California
San Benito,2021-01-02,25,526,24,400,1,126,0,0,25,526,0,0,25,526,California
San Benito,2021-01-03,3,529,1,401,2,128,0,0,3,529,0,0,3,529,California
San Benito,2021-01-04,62,591,23,424,39,167,0,0,62,591,0,0,62,591,California
San Benito,2021-01-05,119,710,37,461,82,249,0,0,116,704,3,3,116,707,California
San Benito,2021-01-06,97,807,42,503,55,304,0,0,83,773,14,17,83,790,California
San Benito,2021-01-07,80,887,43,546,37,341,0,0,52,797,28,45,52,842,California
San Benito,2021-01-08,131,1018,67,613,64,405,0,0,87,840,44,89,87,929,California
San Benito,2021-01-09,43,1061,30,643,13,418,0,0,30,857,13,102,30,959,California
San Benito,2021-01-10,16,1077,14,657,2,420,0,0,5,851,11,113,5,964,California
San Benito,2021-01-11,100,1177,59,716,41,461,0,0,47,845,53,166,47,1011,California
San Benito,2021-01-12,157,1334,53,769,104,565,0,0,121,930,36,202,121,1132,California
San Benito,2021-01-13,191,1525,35,804,156,721,0,0,164,1067,27,229,164,1296,California
San Benito,2021-01-14,116,1641,23,827,93,814,0,0,99,1149,17,246,99,1395,California
San Benito,2021-01-15,214,1855,21,848,193,1007,0,0,200,1335,14,260,200,1595,California
San Benito,2021-01-16,27,1882,9,857,18,1025,0,0,21,1350,6,266,21,1616,California
San Benito,2021-01-17,11,1893,5,862,6,1031,0,0,8,1355,3,269,8,1624,California
San Benito,2021-01-18,36,1929,23,885,13,1044,0,0,21,1361,15,284,21,1645,California
San Benito,2021-01-19,152,2081,65,950,87,1131,0,0,125,1459,27,311,125,1770,California
San Benito,2021-01-20,275,2356,94,1044,181,1312,0,0,229,1643,45,356,229,1999,California
San Benito,2021-01-21,125,2481,32,1076,93,1405,0,0,100,1718,25,381,100,2099,California
San Benito,2021-01-22,231,2712,19,1095,212,1617,0,0,221,1929,10,391,221,2320,California
San Benito,2021-01-23,31,2743,17,1112,14,1631,0,0,13,1924,18,409,13,2333,California
San Benito,2021-01-24,11,2754,3,1115,8,1639,0,0,7,1927,4,413,7,2340,California
San Benito,2021-01-25,67,2821,25,1140,42,1681,0,0,21,1902,46,459,21,2361,California
San Benito,2021-01-26,134,2955,41,1181,93,1774,0,0,81,1930,53,512,81,2442,California
San Benito,2021-01-27,230,3185,69,1250,161,1935,0,0,190,2080,40,552,190,2632,California
San Benito,2021-01-28,155,3340,32,1282,123,2058,0,0,123,2172,31,583,123,2755,California
San Benito,2021-01-29,284,3624,31,1313,253,2311,0,0,261,2411,22,605,261,3016,California
San Benito,2021-01-30,51,3675,32,1345,19,2330,0,0,28,2416,23,628,28,3044,California
San Benito,2021-01-31,16,3691,5,1350,11,2341,0,0,11,2422,5,633,11,3055,California
San Benito,2021-02-01,133,3824,28,1378,105,2446,0,0,89,2467,44,677,89,3144,California
San Benito,2021-02-02,226,4050,49,1427,177,2623,0,0,136,2513,90,767,136,3280,California
San Benito,2021-02-03,336,4386,42,1469,294,2917,0,0,272,2721,64,831,272,3552,California
San Benito,2021-02-04,162,4548,24,1493,138,3055,0,0,118,2795,44,875,118,3670,California
San Benito,2021-02-05,291,4839,40,1533,251,3306,0,0,228,2960,63,938,228,3898,California
San Benito,2021-02-06,49,4888,9,1542,40,3346,0,0,32,2975,17,955,32,3930,California
San Benito,2021-02-07,15,4903,7,1549,8,3354,0,0,14,2988,1,956,14,3944,California
San Benito,2021-02-08,138,5041,15,1564,123,3477,0,0,92,3034,46,1002,92,4036,California
San Benito,2021-02-09,327,5368,64,1628,263,3740,0,0,194,3095,133,1135,194,4230,California
San Benito,2021-02-10,320,5688,88,1716,232,3972,0,0,111,2998,208,1343,111,4341,California
San Benito,2021-02-11,296,5984,32,1748,264,4236,0,0,198,3098,98,1441,198,4539,California
San Benito,2021-02-12,411,6395,30,1778,381,4617,0,0,207,3102,203,1644,207,4746,California
San Benito,2021-02-13,57,6452,8,1786,49,4666,0,0,43,3131,14,1658,43,4789,California
San Benito,2021-02-14,40,6492,5,1791,35,4701,0,0,30,3151,10,1668,30,4819,California
San Benito,2021-02-15,105,6597,9,1800,96,4797,0,0,94,3234,11,1679,94,4913,California
San Benito,2021-02-16,205,6802,11,1811,194,4991,0,0,101,3231,104,1783,101,5014,California
San Benito,2021-02-17,327,7129,30,1841,297,5288,0,0,278,3460,49,1832,278,5292,California
San Benito,2021-02-18,293,7422,38,1879,255,5543,0,0,72,3311,221,2053,72,5364,California
San Benito,2021-02-19,342,7764,45,1924,297,5840,0,0,177,3323,165,2218,177,5541,California
San Benito,2021-02-20,45,7809,26,1950,19,5859,0,0,36,3350,9,2227,36,5577,California
San Benito,2021-02-21,23,7832,8,1958,15,5874,0,0,14,3355,9,2236,14,5591,California
San Benito,2021-02-22,133,7965,36,1994,97,5971,0,0,99,3421,33,2269,99,5690,California
San Benito,2021-02-23,374,8339,92,2086,282,6253,0,0,262,3571,112,2381,262,5952,California
San Benito,2021-02-24,377,8716,63,2149,314,6567,0,0,237,3668,140,2521,237,6189,California
San Benito,2021-02-25,393,9109,63,2212,330,6897,0,0,272,3817,123,2644,272,6461,California
San Benito,2021-02-26,640,9749,72,2284,568,7465,0,0,397,3971,243,2887,397,6858,California
San Benito,2021-02-27,98,9847,36,2320,62,7527,0,0,83,4039,15,2902,83,6941,California
San Benito,2021-02-28,249,10096,24,2344,225,7752,0,0,240,4270,9,2911,240,7181,California
San Benito,2021-03-01,224,10320,59,2403,165,7917,0,0,155,4355,70,2981,155,7336,California
San Benito,2021-03-02,276,10596,90,2493,186,8103,0,0,206,4491,70,3051,206,7542,California
San Benito,2021-03-03,396,10992,58,2551,338,8441,0,0,220,4537,174,3225,220,7762,California
San Benito,2021-03-04,610,11602,124,2675,471,8912,15,15,429,4789,181,3406,433,8195,California
San Benito,2021-03-05,582,12184,305,2980,265,9177,12,27,373,4966,208,3614,385,8580,California
San Benito,2021-03-06,191,12375,67,3047,110,9287,14,41,139,5067,52,3666,153,8733,California
San Benito,2021-03-07,647,13022,603,3650,22,9309,22,63,615,5672,32,3698,637,9370,California
San Benito,2021-03-08,287,13309,65,3715,176,9485,46,109,166,5763,121,3819,212,9582,California
San Benito,2021-03-09,423,13732,84,3799,240,9725,99,208,137,5687,285,4104,209,9791,California
San Benito,2021-03-10,402,14134,114,3913,193,9918,95,303,232,5844,170,4274,327,10118,California
San Benito,2021-03-11,467,14601,119,4032,196,10114,152,455,206,5941,261,4535,358,10476,California
San Benito,2021-03-12,513,15114,117,4149,301,10415,95,550,230,5986,281,4816,326,10802,California
San Benito,2021-03-13,201,15315,101,4250,82,10497,18,568,127,6060,71,4887,145,10947,California
San Benito,2021-03-14,232,15547,40,4290,172,10669,20,588,180,6209,51,4938,200,11147,California
San Benito,2021-03-15,325,15872,100,4390,206,10875,19,607,191,6285,134,5072,210,11357,California
San Benito,2021-03-16,499,16371,219,4609,249,11124,31,638,352,6520,147,5219,382,11739,California
San Benito,2021-03-17,785,17156,476,5085,288,11412,21,659,559,6870,222,5441,572,12311,California
San Benito,2021-03-18,786,17942,525,5610,206,11618,55,714,572,7276,212,5653,618,12929,California
San Benito,2021-03-19,777,18719,404,6014,350,11968,23,737,577,7676,200,5853,600,13529,California
San Benito,2021-03-20,240,18959,148,6162,80,12048,12,749,184,7816,56,5909,196,13725,California
San Benito,2021-03-21,108,19067,56,6218,47,12095,5,754,81,7875,27,5936,86,13811,California
San Benito,2021-03-22,345,19412,170,6388,150,12245,25,779,221,7997,124,6060,246,14057,California
San Benito,2021-03-23,476,19888,198,6586,268,12513,10,789,216,7962,260,6320,225,14282,California
San Benito,2021-03-24,575,20463,305,6891,263,12776,7,796,360,8115,214,6534,367,14649,California
San Benito,2021-03-25,742,21205,441,7332,297,13073,4,800,442,8265,296,6830,446,15095,California
San Benito,2021-03-26,1002,22207,518,7850,481,13554,3,803,333,7933,668,7498,336,15431,California
San Benito,2021-03-27,332,22539,184,8034,115,13669,33,836,215,8065,116,7614,248,15679,California
San Benito,2021-03-28,693,23232,571,8605,117,13786,5,841,124,7625,569,8183,129,15808,California
San Benito,2021-03-29,344,23576,109,8714,215,14001,20,861,149,7598,195,8378,168,15976,California
San Benito,2021-03-30,573,24149,269,8983,210,14211,94,955,288,7695,285,8663,382,16358,California
San Benito,2021-03-31,584,24733,358,9341,203,14414,23,978,334,7805,247,8910,357,16715,California
San Benito,2021-04-01,933,25666,374,9715,521,14935,38,1016,557,8019,375,9285,589,17304,California
San Benito,2021-04-02,541,26207,264,9979,142,15077,135,1151,267,8147,274,9559,402,17706,California
San Benito,2021-04-03,252,26459,87,10066,103,15180,62,1213,74,8105,178,9737,136,17842,California
San Benito,2021-04-04,144,26603,109,10175,30,15210,5,1218,107,8180,37,9774,112,17954,California
San Benito,2021-04-05,352,26955,170,10345,140,15350,42,1260,144,8157,208,9982,185,18139,California
San Benito,2021-04-06,458,27413,160,10505,123,15473,175,1435,155,8184,303,10285,330,18469,California
San Benito,2021-04-07,924,28337,522,11027,213,15686,189,1624,255,7961,667,10952,444,18913,California
San Benito,2021-04-08,851,29188,425,11452,176,15862,250,1874,219,7799,631,11583,469,19382,California
San Benito,2021-04-09,836,30024,496,11948,250,16112,90,1964,288,7629,548,12131,378,19760,California
San Benito,2021-04-10,327,30351,199,12147,71,16183,57,2021,181,7721,146,12277,238,19998,California
San Benito,2021-04-11,470,30821,270,12417,167,16350,33,2054,263,7790,207,12484,276,20274,California
San Benito,2021-04-12,529,31350,286,12703,131,16481,112,2166,279,7928,249,12733,387,20661,California
San Benito,2021-04-13,753,32103,290,12993,440,16921,23,2189,523,8246,229,12962,547,21208,California
San Benito,2021-04-14,829,32932,651,13644,178,17099,0,2189,395,8212,429,13391,395,21603,California
San Benito,2021-04-15,939,33871,731,14375,207,17306,1,2190,467,8209,471,13862,468,22071,California
San Benito,2021-04-16,699,34570,367,14742,323,17629,9,2199,294,8110,402,14264,303,22374,California
San Benito,2021-04-17,314,34884,225,14967,89,17718,0,2199,127,8048,189,14453,127,22501,California
San Benito,2021-04-18,491,35375,410,15377,81,17799,0,2199,241,8040,250,14703,242,22743,California
San Benito,2021-04-19,724,36099,583,15960,141,17940,0,2199,410,8138,313,15016,411,23154,California
San Benito,2021-04-20,745,36844,397,16357,347,18287,1,2200,474,8346,266,15282,474,23628,California
San Benito,2021-04-21,952,37796,701,17058,251,18538,0,2200,520,8448,418,15700,520,24148,California
San Benito,2021-04-22,894,38690,692,17750,202,18740,0,2200,568,8698,318,16018,568,24716,California
San Benito,2021-04-23,625,39315,395,18145,229,18969,1,2201,339,8801,237,16255,340,25056,California
San Benito,2021-04-24,354,39669,201,18346,153,19122,0,2201,164,8814,151,16406,164,25220,California
San Benito,2021-04-25,199,39868,122,18468,77,19199,0,2201,88,8810,92,16498,88,25308,California
San Benito,2021-04-26,473,40341,377,18845,96,19295,0,2201,251,8899,162,16660,251,25559,California
San Benito,2021-04-27,525,40866,267,19112,251,19546,7,2208,397,9185,118,16778,404,25963,California
San Benito,2021-04-28,541,41407,384,19496,148,19694,9,2217,378,9413,158,16936,386,26349,California
San Benito,2021-04-29,621,42028,230,19726,381,20075,10,2227,249,9317,372,17308,276,26625,California
San Benito,2021-04-30,369,42397,204,19930,158,20233,7,2234,198,9353,169,17477,205,26830,California
San Benito,2021-05-01,194,42591,143,20073,43,20276,8,2242,65,9299,127,17604,73,26903,California
San Benito,2021-05-02,189,42780,161,20234,24,20300,4,2246,58,9230,131,17735,62,26965,California
San Benito,2021-05-03,356,43136,281,20515,66,20366,9,2255,84,9053,272,18007,95,27060,California
San Benito,2021-05-04,390,43526,242,20757,142,20508,6,2261,148,8968,240,18247,155,27215,California
San Benito,2021-05-05,599,44125,422,21179,161,20669,16,2277,209,8805,388,18635,225,27440,California
San Benito,2021-05-06,608,44733,483,21662,110,20779,15,2292,218,8652,386,19021,233,27673,California
San Benito,2021-05-07,447,45180,284,21946,153,20932,10,2302,172,8564,273,19294,185,27858,California
San Benito,2021-05-08,275,45455,224,22170,46,20978,5,2307,158,8610,117,19411,163,28021,California
San Benito,2021-05-09,98,45553,73,22243,22,21000,3,2310,47,8609,51,19462,50,28071,California
San Benito,2021-05-10,406,45959,320,22563,62,21062,24,2334,51,8330,355,19817,76,28147,California
San Benito,2021-05-11,798,46757,400,22963,384,21446,14,2348,175,7898,622,20439,190,28337,California
San Benito,2021-05-12,430,47187,344,23307,77,21523,9,2357,107,7693,322,20761,117,28454,California
San Benito,2021-05-13,511,47698,445,23752,58,21581,8,2365,113,7417,397,21158,121,28575,California
San Bernardino,2020-12-15,13,13,13,13,0,0,0,0,13,13,0,0,13,13,California
San Bernardino,2020-12-16,107,120,107,120,0,0,0,0,107,120,0,0,107,120,California
San Bernardino,2020-12-17,2357,2477,2357,2477,0,0,0,0,2357,2477,0,0,2357,2477,California
San Bernardino,2020-12-18,3143,5620,3140,5617,3,3,0,0,3144,5621,0,0,3144,5621,California
San Bernardino,2020-12-19,1069,6689,1068,6685,1,4,0,0,1070,6691,0,0,1070,6691,California
San Bernardino,2020-12-20,1177,7866,1175,7860,2,6,0,0,1177,7868,0,0,1177,7868,California
San Bernardino,2020-12-21,2451,10317,2446,10306,5,11,0,0,2451,10319,0,0,2451,10319,California
San Bernardino,2020-12-22,2269,12586,2143,12449,126,137,0,0,2270,12589,0,0,2270,12589,California
San Bernardino,2020-12-23,2649,15235,1456,13905,1193,1330,0,0,2647,15236,0,0,2647,15236,California
San Bernardino,2020-12-24,1158,16393,581,14486,577,1907,0,0,1160,16396,0,0,1160,16396,California
San Bernardino,2020-12-25,75,16468,14,14500,61,1968,0,0,75,16471,0,0,75,16471,California
San Bernardino,2020-12-26,462,16930,254,14754,208,2176,0,0,462,16933,0,0,462,16933,California
San Bernardino,2020-12-27,343,17273,160,14914,183,2359,0,0,343,17276,0,0,343,17276,California
San Bernardino,2020-12-28,1569,18842,713,15627,856,3215,0,0,1570,18846,0,0,1570,18846,California
San Bernardino,2020-12-29,2213,21055,1044,16671,1169,4384,0,0,2213,21059,0,0,2213,21059,California
San Bernardino,2020-12-30,2896,23951,1460,18131,1436,5820,0,0,2897,23956,0,0,2897,23956,California
San Bernardino,2020-12-31,1357,25308,439,18570,918,6738,0,0,1355,25311,0,0,1355,25311,California
San Bernardino,2021-01-01,283,25591,151,18721,132,6870,0,0,282,25593,0,0,282,25593,California
San Bernardino,2021-01-02,475,26066,339,19060,136,7006,0,0,475,26068,0,0,475,26068,California
San Bernardino,2021-01-03,135,26201,85,19145,50,7056,0,0,135,26203,0,0,135,26203,California
San Bernardino,2021-01-04,2122,28323,1288,20433,834,7890,0,0,2121,28324,0,0,2121,28324,California
San Bernardino,2021-01-05,2336,30659,1462,21895,874,8764,0,0,2226,30441,109,109,2226,30550,California
San Bernardino,2021-01-06,3438,34097,2352,24247,1086,9850,0,0,2944,32898,488,597,2945,33495,California
San Bernardino,2021-01-07,5421,39518,4507,28754,914,10764,0,0,2484,32464,2918,3515,2484,35979,California
San Bernardino,2021-01-08,5368,44886,4446,33200,922,11686,0,0,2292,31685,3072,6587,2293,38272,California
San Bernardino,2021-01-09,1402,46288,1100,34300,302,11988,0,0,906,32095,496,7083,906,39178,California
San Bernardino,2021-01-10,1025,47313,597,34897,428,12416,0,0,576,32222,449,7532,576,39754,California
San Bernardino,2021-01-11,4982,52295,4074,38971,908,13324,0,0,2769,32781,2210,9742,2769,42523,California
San Bernardino,2021-01-12,4232,56527,3218,42189,1014,14338,0,0,2518,33586,1713,11455,2518,45041,California
San Bernardino,2021-01-13,4564,61091,2848,45037,1716,16054,0,0,3342,35720,1209,12664,3343,48384,California
San Bernardino,2021-01-14,4792,65883,2817,47854,1975,18029,0,0,4210,39352,578,13242,4210,52594,California
San Bernardino,2021-01-15,5986,71869,2977,50831,3009,21038,0,0,5589,44557,387,13629,5592,58186,California
San Bernardino,2021-01-16,2259,74128,1294,52125,965,22003,0,0,2117,46532,142,13771,2117,60303,California
San Bernardino,2021-01-17,1192,75320,517,52642,675,22678,0,0,1102,47547,89,13860,1104,61407,California
San Bernardino,2021-01-18,4270,79590,2639,55281,1631,24309,0,0,3648,50577,621,14481,3651,65058,California
San Bernardino,2021-01-19,6315,85905,3712,58993,2603,26912,0,0,5223,54712,1090,15571,5225,70283,California
San Bernardino,2021-01-20,6811,92716,3741,62734,3070,29982,0,0,4877,57665,1926,17497,4879,75162,California
San Bernardino,2021-01-21,5990,98706,3080,65814,2910,32892,0,0,4871,61429,1110,18607,4874,80036,California
San Bernardino,2021-01-22,6524,105230,3055,68869,3469,36361,0,0,5800,66508,722,19329,5801,85837,California
San Bernardino,2021-01-23,3109,108339,1892,70761,1217,37578,0,0,2719,68838,389,19718,2719,88556,California
San Bernardino,2021-01-24,1195,109534,462,71223,733,38311,0,0,1094,69831,101,19819,1094,89650,California
San Bernardino,2021-01-25,6879,116413,3403,74626,3476,41787,0,0,5025,73008,1851,21670,5028,94678,California
San Bernardino,2021-01-26,7111,123524,3570,78196,3541,45328,0,0,5014,75926,2097,23767,5015,99693,California
San Bernardino,2021-01-27,8489,132013,4145,82341,4344,49672,0,0,5693,78831,2788,26555,5693,105386,California
San Bernardino,2021-01-28,8592,140605,4082,86423,4510,54182,0,0,6268,82780,2319,28874,6268,111654,California
San Bernardino,2021-01-29,8190,148795,3773,90196,4417,58599,0,0,6221,87047,1955,30829,6222,117876,California
San Bernardino,2021-01-30,3091,151886,1900,92096,1191,59790,0,0,2803,89563,287,31116,2803,120679,California
San Bernardino,2021-01-31,924,152810,494,92590,430,60220,0,0,870,90380,53,31169,870,121549,California
San Bernardino,2021-02-01,7549,160359,4233,96823,3316,63536,0,0,4927,92689,2619,33788,4928,126477,California
San Bernardino,2021-02-02,10426,170785,3654,100477,6772,70308,0,0,8364,98996,2058,35846,8365,134842,California
San Bernardino,2021-02-03,8994,179779,4147,104624,4847,75155,0,0,6497,103005,2489,38335,6498,141340,California
San Bernardino,2021-02-04,10528,190307,5200,109824,5328,80483,0,0,7422,107332,3095,41430,7422,148762,California
San Bernardino,2021-02-05,10999,201306,5914,115738,5085,85568,0,0,7472,111289,3516,44946,7473,156235,California
San Bernardino,2021-02-06,5260,206566,2209,117947,3051,88619,0,0,3620,113297,1615,46561,3623,159858,California
San Bernardino,2021-02-07,844,207410,490,118437,354,88973,0,0,466,113389,375,46936,467,160325,California
San Bernardino,2021-02-08,7279,214689,3879,122316,3400,92373,0,0,5609,117331,1667,48603,5609,165934,California
San Bernardino,2021-02-09,9948,224637,5811,128127,4137,96510,0,0,6713,120816,3231,51834,6716,172650,California
San Bernardino,2021-02-10,12058,236695,6537,134664,5521,102031,0,0,7882,124534,4165,55999,7883,180533,California
San Bernardino,2021-02-11,12385,249080,7110,141774,5275,107306,0,0,7888,127951,4474,60473,7891,188424,California
San Bernardino,2021-02-12,10395,259475,5938,147712,4457,111763,0,0,5680,128931,4700,65173,5680,194104,California
San Bernardino,2021-02-13,6027,265502,4005,151717,2022,113785,0,0,3785,130495,2226,67399,3790,197894,California
San Bernardino,2021-02-14,1552,267054,651,152368,901,114686,0,0,873,130697,671,68070,873,198767,California
San Bernardino,2021-02-15,5460,272514,2994,155362,2466,117152,0,0,3055,131361,2391,70461,3055,201822,California
San Bernardino,2021-02-16,12606,285120,7377,162739,5229,122381,0,0,7962,134693,4631,75092,7963,209785,California
San Bernardino,2021-02-17,11786,296906,6450,169189,5336,127717,0,0,7138,137202,4631,79723,7140,216925,California
San Bernardino,2021-02-18,12467,309373,7591,176780,4876,132593,0,0,7705,140161,4747,84470,7706,224631,California
San Bernardino,2021-02-19,11503,320876,5936,182716,5567,138160,0,0,6807,142291,4677,89147,6807,231438,California
San Bernardino,2021-02-20,4515,325391,3466,186182,1049,139209,0,0,2040,141861,2472,91619,2042,233480,California
San Bernardino,2021-02-21,1039,326430,583,186765,456,139665,0,0,330,141482,709,92328,330,233810,California
San Bernardino,2021-02-22,8638,335068,5328,192093,3310,142975,0,0,4034,140924,4593,96921,4035,237845,California
San Bernardino,2021-02-23,9094,344162,5421,197514,3673,146648,0,0,4573,141007,4490,101411,4573,242418,California
San Bernardino,2021-02-24,12376,356538,7155,204669,5221,151869,0,0,6105,140867,6246,107657,6106,248524,California
San Bernardino,2021-02-25,13021,369559,6272,210941,6749,158618,0,0,7573,143013,5430,113087,7576,256100,California
San Bernardino,2021-02-26,13577,383136,6369,217310,7208,165826,0,0,7567,144635,5947,119034,7569,263669,California
San Bernardino,2021-02-27,6635,389771,3700,221010,2934,168760,1,1,4794,147601,1829,120863,4795,268464,California
San Bernardino,2021-02-28,1755,391526,726,221736,1029,169789,0,1,1130,148111,620,121483,1130,269594,California
San Bernardino,2021-03-01,8406,399932,4335,226071,4069,173858,2,3,3829,147395,4555,126038,3839,273433,California
San Bernardino,2021-03-02,13659,413591,5370,231441,8289,182147,0,3,6425,146619,7204,133242,6428,279861,California
San Bernardino,2021-03-03,12715,426306,6449,237890,6263,188410,3,6,5901,145736,6793,140035,5910,285771,California
San Bernardino,2021-03-04,13690,439996,6863,244753,6827,195237,0,6,5956,143982,7713,147748,5959,291730,California
San Bernardino,2021-03-05,14214,454210,7372,252125,6841,202078,1,7,6887,143591,7297,155045,6906,298636,California
San Bernardino,2021-03-06,9659,463869,5407,257532,4037,206115,215,222,4531,143223,5112,160157,4744,303380,California
San Bernardino,2021-03-07,1571,465440,925,258457,591,206706,55,277,1000,143709,569,160726,1055,304435,California
San Bernardino,2021-03-08,8002,473442,3507,261964,4336,211042,159,436,3528,142932,4467,165193,3690,308125,California
San Bernardino,2021-03-09,12608,486050,7039,269003,5325,216367,244,680,4857,140296,7738,172931,5102,313227,California
San Bernardino,2021-03-10,14024,500074,7689,276692,5784,222151,551,1231,6200,139254,7797,180728,6755,319982,California
San Bernardino,2021-03-11,15322,515396,7136,283828,6600,228751,1586,2817,7289,140138,8012,188740,8896,328878,California
San Bernardino,2021-03-12,15326,530722,6826,290654,6455,235206,2045,4862,7296,141547,8001,196741,9410,338288,California
San Bernardino,2021-03-13,8282,539004,4497,295151,3273,238479,512,5374,4902,143594,3369,200110,5416,343704,California
San Bernardino,2021-03-14,3221,542225,1613,296764,1034,239513,574,5948,1837,144622,1377,201487,2405,346109,California
San Bernardino,2021-03-15,11345,553570,5337,302101,3975,243488,2033,7981,5555,146425,5777,207264,7580,353689,California
San Bernardino,2021-03-16,16110,569680,7984,310085,7181,250669,945,8926,9848,150978,6236,213500,10789,364478,California
San Bernardino,2021-03-17,17178,586858,8591,318676,7837,258506,750,9676,10371,155310,6790,220290,11122,375600,California
San Bernardino,2021-03-18,16527,603385,8193,326869,7949,266455,385,10061,9799,158791,6702,226992,10183,385783,California
San Bernardino,2021-03-19,16841,620226,8339,335208,7914,274369,588,10649,9668,161951,7149,234141,10309,396092,California
San Bernardino,2021-03-20,9392,629618,5917,341125,2887,277256,588,11237,5569,164305,3799,237940,6153,402245,California
San Bernardino,2021-03-21,2759,632377,2241,343366,470,277726,48,11285,2229,166064,518,238458,2277,404522,California
San Bernardino,2021-03-22,9576,641953,4494,347860,4647,282373,435,11720,6945,170830,2614,241072,7380,411902,California
San Bernardino,2021-03-23,15455,657408,8767,356627,6069,288442,619,12339,9676,175365,5759,246831,10294,422196,California
San Bernardino,2021-03-24,15047,672455,7788,364415,6959,295401,300,12639,10019,180691,4994,251825,10320,432516,California
San Bernardino,2021-03-25,16955,689410,8304,372719,8354,303755,297,12936,10772,185622,6134,257959,11065,443581,California
San Bernardino,2021-03-26,17981,707391,8588,381307,8625,312380,768,13704,10916,190283,7035,264994,11696,455277,California
San Bernardino,2021-03-27,10754,718145,6923,388230,3079,315459,752,14456,6171,192639,4565,269559,6921,462198,California
San Bernardino,2021-03-28,3532,721677,2467,390697,952,316411,113,14569,2495,194216,1030,270589,2607,464805,California
San Bernardino,2021-03-29,11718,733395,6078,396775,5243,321654,397,14966,7992,198896,3709,274298,8389,473194,California
San Bernardino,2021-03-30,16909,750304,9433,406208,6764,328418,712,15678,10870,204463,6006,280304,11573,484767,California
San Bernardino,2021-03-31,16295,766599,9159,415367,6505,334923,631,16309,10899,210639,5370,285674,11546,496313,California
San Bernardino,2021-04-01,19475,786074,10260,425627,7853,342776,1362,17671,12565,217686,6872,292546,13919,510232,California
San Bernardino,2021-04-02,18635,804709,9354,434981,8006,350782,1275,18946,11281,222953,7330,299876,12597,522829,California
San Bernardino,2021-04-03,11000,815709,6862,441843,3015,353797,1123,20069,6029,225151,4955,304831,7153,529982,California
San Bernardino,2021-04-04,2471,818180,1487,443330,736,354533,248,20317,1267,225467,1199,306030,1515,531497,California
San Bernardino,2021-04-05,11721,829901,5264,448594,4731,359264,1726,22043,6003,227491,5699,311729,7723,539220,California
San Bernardino,2021-04-06,19629,849530,11042,459636,6482,365746,2105,24148,10425,230849,9167,320896,12525,551745,California
San Bernardino,2021-04-07,20801,870331,11130,470766,7210,372956,2461,26609,11393,235310,9381,330277,13842,565587,California
San Bernardino,2021-04-08,21623,891954,11074,481840,7959,380915,2590,29199,11956,240224,9641,339918,14555,580142,California
San Bernardino,2021-04-09,21518,913472,10901,492741,8070,388985,2547,31746,11735,244747,9749,349667,14272,594414,California
San Bernardino,2021-04-10,15564,929036,8059,500800,3811,392796,3694,35440,7745,248374,7800,357467,11427,605841,California
San Bernardino,2021-04-11,4403,933439,2568,503368,885,393681,950,36390,2043,249009,2354,359821,2989,608830,California
San Bernardino,2021-04-12,13334,946773,6177,509545,5517,399198,1640,38030,6327,249984,6987,366808,7962,616792,California
San Bernardino,2021-04-13,19212,965985,10947,520492,8246,407444,19,38049,11014,252844,8174,374982,11034,627826,California
San Bernardino,2021-04-14,19027,985012,10248,530740,8776,416220,3,38052,10847,255574,8149,383131,10879,638705,California
San Bernardino,2021-04-15,20158,1005170,11307,542047,8845,425065,6,38058,10757,256986,9365,392496,10777,649482,California
San Bernardino,2021-04-16,18486,1023656,10522,552569,7963,433028,1,38059,9136,256823,9310,401806,9147,658629,California
San Bernardino,2021-04-17,11904,1035560,7837,560406,4067,437095,0,38059,6263,257476,5611,407417,6264,664893,California
San Bernardino,2021-04-18,2879,1038439,1974,562380,905,438000,0,38059,1315,257236,1555,408972,1315,666208,California
San Bernardino,2021-04-19,12459,1050898,6619,568999,5840,443840,0,38059,4839,254481,7598,416570,4843,671051,California
San Bernardino,2021-04-20,17508,1068406,9748,578747,7757,451597,3,38062,8007,253011,9480,426050,8010,679061,California
San Bernardino,2021-04-21,17979,1086385,10290,589037,7687,459284,2,38064,7983,251065,9940,435990,7994,687055,California
San Bernardino,2021-04-22,19086,1105471,10896,599933,8186,467470,4,38068,7840,247714,11195,447185,7844,694899,California
San Bernardino,2021-04-23,18370,1123841,10511,610444,7858,475328,1,38069,8098,245588,10227,457412,8101,703000,California
San Bernardino,2021-04-24,12770,1136611,9453,619897,3315,478643,2,38071,6883,246602,5871,463283,6885,709885,California
San Bernardino,2021-04-25,3403,1140014,2232,622129,1171,479814,0,38071,1686,246586,1703,464986,1687,711572,California
San Bernardino,2021-04-26,10048,1150062,5317,627446,4642,484456,89,38160,4294,245247,5721,470707,4382,715954,California
San Bernardino,2021-04-27,15401,1165463,9182,636628,6050,490506,169,38329,6248,242548,9115,479822,6416,722370,California
San Bernardino,2021-04-28,14628,1180091,8687,645315,5671,496177,270,38599,5258,238728,9339,489161,5519,727889,California
San Bernardino,2021-04-29,16067,1196158,9264,654579,6534,502711,269,38868,5332,233633,10693,499854,5598,733487,California
San Bernardino,2021-04-30,16482,1212640,10420,664999,5783,508494,279,39147,6046,229566,10389,510243,6322,739809,California
San Bernardino,2021-05-01,10681,1223321,8394,673393,1979,510473,308,39455,3640,226506,7005,517248,3945,743754,California
San Bernardino,2021-05-02,2916,1226237,2112,675505,673,511146,131,39586,1039,225805,1871,519119,1170,744924,California
San Bernardino,2021-05-03,9945,1236182,5752,681257,3790,514936,403,39989,2829,221946,7091,526210,3232,748156,California
San Bernardino,2021-05-04,15610,1251792,9500,690757,5661,520597,449,40438,4514,215851,11056,537266,4961,753117,California
San Bernardino,2021-05-05,15200,1266992,8789,699546,6017,526614,394,40832,4273,209635,10879,548145,4663,757780,California
San Bernardino,2021-05-06,15581,1282573,8948,708494,6224,532838,409,41241,4213,202930,11326,559471,4621,762401,California
San Bernardino,2021-05-07,15253,1297826,8631,717125,6262,539100,360,41601,4545,197181,10650,570121,4901,767302,California
San Bernardino,2021-05-08,9138,1306964,6092,723217,2803,541903,243,41844,3100,194518,6005,576126,3342,770644,California
San Bernardino,2021-05-09,1830,1308794,1132,724349,606,542509,92,41936,734,194256,1087,577213,825,771469,California
San Bernardino,2021-05-10,7317,1316111,3379,727728,3632,546141,306,42242,2233,191753,5039,582252,2536,774005,California
San Bernardino,2021-05-11,9599,1325710,5270,732998,4043,550184,286,42528,3270,189008,6303,588555,3558,777563,California
San Bernardino,2021-05-12,9307,1335017,4690,737688,4342,554526,275,42803,2712,185434,6557,595112,2983,780546,California
San Bernardino,2021-05-13,6757,1341774,4320,742008,2203,556729,234,43037,2439,183812,4292,599404,2670,783216,California
San Diego,2020-12-15,119,119,119,119,0,0,0,0,119,119,0,0,119,119,California
San Diego,2020-12-16,1103,1222,1103,1222,0,0,0,0,1103,1222,0,0,1103,1222,California
San Diego,2020-12-17,2349,3571,2349,3571,0,0,0,0,2349,3571,0,0,2349,3571,California
San Diego,2020-12-18,3671,7242,3670,7241,1,1,0,0,3671,7242,0,0,3671,7242,California
San Diego,2020-12-19,2311,9553,2311,9552,0,1,0,0,2311,9553,0,0,2311,9553,California
San Diego,2020-12-20,1184,10737,1183,10735,1,2,0,0,1184,10737,0,0,1184,10737,California
San Diego,2020-12-21,3522,14259,3521,14256,1,3,0,0,3522,14259,0,0,3522,14259,California
San Diego,2020-12-22,4058,18317,3415,17671,643,646,0,0,4058,18317,0,0,4058,18317,California
San Diego,2020-12-23,3180,21497,1977,19648,1203,1849,0,0,3180,21497,0,0,3180,21497,California
San Diego,2020-12-24,2738,24235,2220,21868,518,2367,0,0,2738,24235,0,0,2738,24235,California
San Diego,2020-12-25,875,25110,874,22742,1,2368,0,0,875,25110,0,0,875,25110,California
San Diego,2020-12-26,3294,28404,2144,24886,1150,3518,0,0,3294,28404,0,0,3294,28404,California
San Diego,2020-12-27,2507,30911,1617,26503,890,4408,0,0,2506,30909,1,1,2506,30910,California
San Diego,2020-12-28,5900,36811,4213,30716,1687,6095,0,0,5900,36809,0,1,5900,36810,California
San Diego,2020-12-29,5590,42401,3016,33732,2574,8669,0,0,5590,42399,0,1,5590,42400,California
San Diego,2020-12-30,5953,48354,3108,36840,2845,11514,0,0,5953,48352,0,1,5953,48353,California
San Diego,2020-12-31,3038,51392,1055,37895,1983,13497,0,0,3038,51390,0,1,3038,51391,California
San Diego,2021-01-01,1006,52398,452,38347,554,14051,0,0,1006,52396,0,1,1006,52397,California
San Diego,2021-01-02,3762,56160,1320,39667,2442,16493,0,0,3762,56158,0,1,3762,56159,California
San Diego,2021-01-03,859,57019,632,40299,227,16720,0,0,858,57016,0,1,858,57017,California
San Diego,2021-01-04,3704,60723,2052,42351,1652,18372,0,0,3697,60713,0,1,3697,60714,California
San Diego,2021-01-05,4341,65064,2152,44503,2189,20561,0,0,3725,63838,612,613,3737,64451,California
San Diego,2021-01-06,4955,70019,2300,46803,2655,23216,0,0,3720,66350,1212,1825,3724,68175,California
San Diego,2021-01-07,5663,75682,2982,49785,2681,25897,0,0,3505,67710,2151,3976,3511,71686,California
San Diego,2021-01-08,7886,83568,4958,54743,2928,28825,0,0,4100,68057,3769,7745,4116,75802,California
San Diego,2021-01-09,3501,87069,1940,56683,1561,30386,0,0,1951,68481,1538,9283,1962,77764,California
San Diego,2021-01-10,1882,88951,1293,57976,589,30975,0,0,780,68180,1090,10373,789,78553,California
San Diego,2021-01-11,10335,99286,5862,63838,4473,35448,0,0,6806,71482,3522,13895,6824,85377,California
San Diego,2021-01-12,11206,110492,5319,69157,5887,41335,0,0,7830,76058,3367,17262,7943,93320,California
San Diego,2021-01-13,11488,121980,5033,74190,6455,47790,0,0,8943,82493,2532,19794,8967,102287,California
San Diego,2021-01-14,12369,134349,4752,78942,7617,55407,0,0,10200,90568,2160,21954,10235,112522,California
San Diego,2021-01-15,15136,149485,5357,84299,9779,65186,0,0,12492,100489,2625,24579,12546,125068,California
San Diego,2021-01-16,10772,160257,3596,87895,7176,72362,0,0,9326,108405,1441,26020,9357,134425,California
San Diego,2021-01-17,8685,168942,2502,90397,6183,78545,0,0,7845,115430,840,26860,7865,142290,California
San Diego,2021-01-18,12525,181467,5965,96362,6560,85105,0,0,9691,122384,2795,29655,9749,152039,California
San Diego,2021-01-19,14763,196230,5833,102195,8930,94035,0,0,11628,131152,3122,32777,11890,163929,California
San Diego,2021-01-20,18333,214563,6392,108587,11941,105976,0,0,15010,143035,3302,36079,15185,179114,California
San Diego,2021-01-21,17421,231984,5908,114495,11513,117489,0,0,16027,157825,1385,37464,16175,195289,California
San Diego,2021-01-22,17678,249662,4759,119254,12919,130408,0,0,15624,171511,2040,39504,15726,211015,California
San Diego,2021-01-23,14484,264146,5273,124527,9211,139619,0,0,12122,181340,2350,41854,12179,223194,California
San Diego,2021-01-24,11915,276061,3357,127884,8558,148177,0,0,10944,191351,969,42823,10980,234174,California
San Diego,2021-01-25,12267,288328,5795,133679,6472,154649,0,0,9248,197743,3012,45835,9404,243578,California
San Diego,2021-01-26,14959,303287,7661,141340,7298,161947,0,0,11646,206268,3308,49143,11833,255411,California
San Diego,2021-01-27,20767,324054,8131,149471,12636,174583,0,0,17671,221000,3082,52225,17814,273225,California
San Diego,2021-01-28,21308,345362,7650,157121,13658,188241,0,0,19040,237862,2258,54483,19120,292345,California
San Diego,2021-01-29,19713,365075,6469,163590,13244,201485,0,0,17288,252778,2415,56898,17331,309676,California
San Diego,2021-01-30,15905,380980,3667,167257,12238,213723,0,0,13223,263426,2672,59570,13320,322996,California
San Diego,2021-01-31,14804,395784,5757,173014,9047,222770,0,0,14443,277542,357,59927,14473,337469,California
San Diego,2021-02-01,20540,416324,7242,180256,13298,236068,0,0,17345,291782,3181,63108,17421,354890,California
San Diego,2021-02-02,23218,439542,8702,188958,14516,250584,0,0,19671,308084,3537,66645,19839,374729,California
San Diego,2021-02-03,27459,467001,11564,200522,15895,266479,0,0,23266,327362,4175,70820,23453,398182,California
San Diego,2021-02-04,24386,491387,10031,210553,14355,280834,0,0,19670,342614,4698,75518,19950,418132,California
San Diego,2021-02-05,25035,516422,8994,219547,16041,296875,0,0,18326,354700,6685,82203,18771,436903,California
San Diego,2021-02-06,20794,537216,8568,228115,12226,309101,0,0,17527,369187,3261,85464,17748,454651,California
San Diego,2021-02-07,12136,549352,5377,233492,6759,315860,0,0,10260,377849,1856,87320,10518,465169,California
San Diego,2021-02-08,20110,569462,8518,242010,11592,327452,0,0,12675,383787,7417,94737,13355,478524,California
San Diego,2021-02-09,20419,589881,8256,250266,12163,339615,0,0,13203,390863,7195,101932,14271,492795,California
San Diego,2021-02-10,23029,612910,9390,259656,13639,353254,0,0,13872,397001,9099,111031,15237,508032,California
San Diego,2021-02-11,23815,636725,10156,269812,13659,366913,0,0,12748,400392,11038,122069,14429,522461,California
San Diego,2021-02-12,23863,660588,7470,277282,16393,383306,0,0,11913,402636,11932,134001,14176,536637,California
San Diego,2021-02-13,20053,680641,9044,286326,11009,394315,0,0,10920,405626,9125,143126,12115,548752,California
San Diego,2021-02-14,11187,691828,7432,293758,3755,398070,0,0,6329,408611,4854,147980,7839,556591,California
San Diego,2021-02-15,15279,707107,7769,301527,7510,405580,0,0,7848,412113,7409,155389,10911,567502,California
San Diego,2021-02-16,19285,726392,11257,312784,8028,413608,0,0,9237,414285,10035,165424,12207,579709,California
San Diego,2021-02-17,23404,749796,10988,323772,12416,426024,0,0,8130,410237,15260,180684,11212,590921,California
San Diego,2021-02-18,23585,773381,12023,335795,11562,437586,0,0,7795,406326,15779,196463,11868,602789,California
San Diego,2021-02-19,15917,789298,10924,346719,4993,442579,0,0,6633,405671,9265,205728,8610,611399,California
San Diego,2021-02-20,10265,799563,6367,353086,3898,446477,0,0,5815,408941,4448,210176,7718,619117,California
San Diego,2021-02-21,11547,811110,10134,363220,1413,447890,0,0,5189,409311,6328,216504,6698,625815,California
San Diego,2021-02-22,12452,823562,10593,373813,1859,449749,0,0,5794,410090,6650,223154,7429,633244,California
San Diego,2021-02-23,25902,849464,14527,388340,11375,461124,0,0,9658,409403,16236,239390,15549,648793,California
San Diego,2021-02-24,28953,878417,12761,401101,16192,477316,0,0,6863,401624,22069,261459,14290,663083,California
San Diego,2021-02-25,33204,911621,14728,415829,18476,495792,0,0,10166,397149,23018,284477,18543,681626,California
San Diego,2021-02-26,33476,945097,12406,428235,21070,516862,0,0,12144,395068,21303,305780,19222,700848,California
San Diego,2021-02-27,21239,966336,9679,437914,11560,528422,0,0,11447,400987,9787,315567,15706,716554,California
San Diego,2021-02-28,15267,981603,9969,447883,5298,533720,0,0,9509,407527,5757,321324,12297,728851,California
San Diego,2021-03-01,24247,1005850,14315,462198,9930,543650,2,2,14736,416680,9435,330759,18588,747439,California
San Diego,2021-03-02,26162,1032012,14076,476274,12086,555736,0,2,12761,422733,13391,344150,19444,766883,California
San Diego,2021-03-03,34002,1066014,15922,492196,18077,573813,3,5,14070,423792,19910,364060,20969,787852,California
San Diego,2021-03-04,28324,1094338,14109,506305,14215,588028,0,5,12656,427532,15646,379706,19386,807238,California
San Diego,2021-03-05,28931,1123269,14829,521134,14020,602048,82,87,13472,432337,15436,395142,20241,827479,California
San Diego,2021-03-06,23363,1146632,9527,530661,13136,615184,700,787,10295,434940,13054,408196,15657,843136,California
San Diego,2021-03-07,18206,1164838,9299,539960,8336,623520,571,1358,6903,434770,11295,419491,11125,854261,California
San Diego,2021-03-08,23102,1187940,11231,551191,10971,634491,900,2258,11456,440368,11626,431117,17224,871485,California
San Diego,2021-03-09,25891,1213831,11980,563171,12156,646647,1755,4013,10129,440422,15750,446867,15804,887289,California
San Diego,2021-03-10,25305,1239136,10777,573948,12133,658780,2395,6408,9915,441415,15374,462241,16367,903656,California
San Diego,2021-03-11,28711,1267847,11034,584982,14078,672858,3599,10007,10043,440365,18646,480887,17596,921252,California
San Diego,2021-03-12,27078,1294925,9456,594438,14485,687343,3137,13144,9968,439902,17095,497982,16632,937884,California
San Diego,2021-03-13,26165,1321090,7301,601739,17075,704418,1789,14933,10080,439856,16082,514064,16036,953920,California
San Diego,2021-03-14,13839,1334929,5493,607232,7609,712027,737,15670,4795,438674,9036,523100,7854,961774,California
San Diego,2021-03-15,22027,1356956,10169,617401,11079,723106,779,16449,9032,438594,12979,536079,12899,974673,California
San Diego,2021-03-16,30006,1386962,15794,633195,13800,736906,412,16861,15751,443566,14232,550311,19204,993877,California
San Diego,2021-03-17,26324,1413286,12216,645411,13389,750295,719,17580,16775,453572,9534,559845,19540,1013417,California
San Diego,2021-03-18,31508,1444794,17797,663208,12795,763090,916,18496,17019,458577,14457,574302,19462,1032879,California
San Diego,2021-03-19,30276,1475070,14364,677572,14897,777987,1015,19511,19363,469247,10893,585195,21563,1054442,California
San Diego,2021-03-20,27853,1502923,8430,686002,17629,795616,1794,21305,21404,487109,6438,591633,24300,1078742,California
San Diego,2021-03-21,16535,1519458,12057,698059,3761,799377,717,22022,7700,488016,8821,600454,9728,1088470,California
San Diego,2021-03-22,22525,1541983,13150,711209,9117,808494,258,22280,14340,497189,8173,608627,17346,1105816,California
San Diego,2021-03-23,25988,1567971,13642,724851,12083,820577,263,22543,17160,507814,8813,617440,19438,1125254,California
San Diego,2021-03-24,29550,1597521,19762,744613,9425,830002,363,22906,17123,514929,12418,629858,19533,1144787,California
San Diego,2021-03-25,30324,1627845,18283,762896,11382,841384,659,23565,17991,523369,12316,642174,20756,1165543,California
San Diego,2021-03-26,32096,1659941,17904,780800,13634,855018,558,24123,17565,529800,14505,656679,20936,1186479,California
San Diego,2021-03-27,25446,1685387,10993,791793,14060,869078,393,24516,15725,538445,9705,666384,18350,1204829,California
San Diego,2021-03-28,15039,1700426,9196,800989,5786,874864,57,24573,9283,543496,5750,672134,10801,1215630,California
San Diego,2021-03-29,26676,1727102,12909,813898,13171,888035,596,25169,16449,552748,10218,682352,19470,1235100,California
San Diego,2021-03-30,33233,1760335,17906,831804,14555,902590,772,25941,22052,566211,11169,693521,24632,1259732,California
San Diego,2021-03-31,30405,1790740,18761,850565,10966,913556,678,26619,20606,578802,9782,703303,22373,1282105,California
San Diego,2021-04-01,34319,1825059,20060,870625,12796,926352,1463,28082,23250,593777,11044,714347,26019,1308124,California
San Diego,2021-04-02,35702,1860761,20658,891283,12324,938676,2720,30802,24113,610451,11570,725917,28244,1336368,California
San Diego,2021-04-03,30813,1891574,14426,905709,11789,950465,4598,35400,19687,624815,11113,737030,25477,1361845,California
San Diego,2021-04-04,9064,1900638,5206,910915,2930,953395,928,36328,4827,626513,4232,741262,5930,1367775,California
San Diego,2021-04-05,29712,1930350,15400,926315,11701,965096,2611,38939,19395,640688,10302,751564,24477,1392252,California
San Diego,2021-04-06,38702,1969052,20396,946711,12447,977543,5859,44798,22354,654652,16334,767898,30298,1422550,California
San Diego,2021-04-07,35773,2004825,21976,968687,9277,986820,4520,49318,20453,665515,15296,783194,26159,1448709,California
San Diego,2021-04-08,35162,2039987,21361,990048,9704,996524,4097,53415,21326,679661,13817,797011,27963,1476672,California
San Diego,2021-04-09,38229,2078216,22811,1012859,10288,1006812,5130,58545,20840,691564,17319,814330,29222,1505894,California
San Diego,2021-04-10,29178,2107394,11784,1024643,13393,1020205,4001,62546,15179,699735,13989,828319,22160,1528054,California
San Diego,2021-04-11,16250,2123644,10072,1034715,3865,1024070,2313,64859,7296,703356,8950,837269,12571,1540625,California
San Diego,2021-04-12,30671,2154315,12819,1047534,13560,1037630,4292,69151,17173,714962,13484,850753,25090,1565715,California
San Diego,2021-04-13,37184,2191499,17782,1065316,19367,1056997,35,69186,24794,730228,12370,863123,27636,1593351,California
San Diego,2021-04-14,33062,2224561,18924,1084240,14126,1071123,12,69198,17917,737347,15130,878253,22249,1615600,California
San Diego,2021-04-15,39406,2263967,20336,1104576,19067,1090190,3,69201,23999,748774,15386,893639,26813,1642413,California
San Diego,2021-04-16,33776,2297743,18576,1123152,15198,1105388,2,69203,19604,756630,14111,907750,21967,1664380,California
San Diego,2021-04-17,27856,2325599,13536,1136688,14320,1119708,0,69203,12389,756665,15369,923119,15404,1679784,California
San Diego,2021-04-18,14267,2339866,8919,1145607,5345,1125053,3,69206,6576,758493,7678,930797,9506,1689290,California
San Diego,2021-04-19,26385,2366251,13499,1159106,12884,1137937,2,69208,12439,758738,13929,944726,14174,1703464,California
San Diego,2021-04-20,38777,2405028,17580,1176686,21197,1159134,0,69208,19847,762599,18909,963635,22770,1726234,California
San Diego,2021-04-21,34856,2439884,20842,1197528,14014,1173148,0,69208,16893,764510,17927,981562,19838,1746072,California
San Diego,2021-04-22,44428,2484312,22838,1220366,21584,1194732,6,69214,22221,767550,22166,1003728,25206,1771278,California
San Diego,2021-04-23,42007,2526319,25963,1246329,16042,1210774,2,69216,15596,759882,26379,1030107,18711,1789989,California
San Diego,2021-04-24,34312,2560631,18780,1265109,15517,1226291,15,69231,15419,759570,18860,1048967,18548,1808537,California
San Diego,2021-04-25,12444,2573075,7669,1272778,4775,1231066,0,69231,5851,760167,6584,1055551,7181,1815718,California
San Diego,2021-04-26,29958,2603033,14625,1287403,15209,1246275,124,69355,10078,754730,19871,1075422,14434,1830152,California
San Diego,2021-04-27,41467,2644500,22582,1309985,18485,1264760,400,69755,18166,752919,23269,1098691,21458,1851610,California
San Diego,2021-04-28,38129,2682629,22555,1332540,14933,1279693,641,70396,17294,752245,20801,1119492,20127,1871737,California
San Diego,2021-04-29,37979,2720608,24210,1356750,13152,1292845,617,71013,15360,747315,22583,1142075,17653,1889390,California
San Diego,2021-04-30,37909,2758517,23091,1379841,13836,1306681,982,71995,14812,741825,23063,1165138,17573,1906963,California
San Diego,2021-05-01,24261,2782778,10696,1390537,12920,1319601,645,72640,9515,739364,14735,1179873,12274,1919237,California
San Diego,2021-05-02,10700,2793478,7509,1398046,2604,1322205,587,73227,3267,736111,7428,1187301,4175,1923412,California
San Diego,2021-05-03,25307,2818785,12455,1410501,11696,1333901,1156,74383,9352,731465,15931,1203232,11285,1934697,California
San Diego,2021-05-04,31823,2850608,17551,1428052,12972,1346873,1300,75683,11518,725089,20274,1223506,13898,1948595,California
San Diego,2021-05-05,27631,2878239,17017,1445069,9339,1356212,1275,76958,10595,720877,17012,1240518,12800,1961395,California
San Diego,2021-05-06,28306,2906545,18824,1463893,8586,1364798,896,77854,10833,717614,17444,1257962,14181,1975576,California
San Diego,2021-05-07,29457,2936002,19532,1483425,8882,1373680,1043,78897,11041,712495,18380,1276342,13261,1988837,California
San Diego,2021-05-08,22591,2958593,10728,1494153,11153,1384833,710,79607,7291,706568,15278,1291620,9351,1998188,California
San Diego,2021-05-09,7495,2966088,5677,1499830,1409,1386242,409,80016,2619,705137,4869,1296489,3438,2001626,California
San Diego,2021-05-10,21547,2987635,8432,1508262,12308,1398550,807,80823,5956,697564,15564,1312053,7991,2009617,California
San Diego,2021-05-11,27336,3014971,11014,1519276,15562,1414112,760,81583,9591,691726,17723,1329776,11885,2021502,California
San Diego,2021-05-12,20033,3035004,10180,1529456,9126,1423238,727,82310,6984,687308,13033,1342809,8615,2030117,California
San Diego,2021-05-13,14924,3049928,7650,1537106,7015,1430253,259,82569,5840,685325,9057,1351866,7074,2037191,California
San Francisco,2020-12-15,7,7,7,7,0,0,0,0,7,7,0,0,7,7,California
San Francisco,2020-12-16,229,236,229,236,0,0,0,0,229,236,0,0,229,236,California
San Francisco,2020-12-17,393,629,393,629,0,0,0,0,393,629,0,0,393,629,California
San Francisco,2020-12-18,877,1506,876,1505,1,1,0,0,877,1506,0,0,877,1506,California
San Francisco,2020-12-19,601,2107,601,2106,0,1,0,0,601,2107,0,0,601,2107,California
San Francisco,2020-12-20,483,2590,483,2589,0,1,0,0,483,2590,0,0,483,2590,California
San Francisco,2020-12-21,1161,3751,1161,3750,0,1,0,0,1161,3751,0,0,1161,3751,California
San Francisco,2020-12-22,1401,5152,1367,5117,34,35,0,0,1401,5152,0,0,1401,5152,California
San Francisco,2020-12-23,1336,6488,1047,6164,289,324,0,0,1336,6488,0,0,1336,6488,California
San Francisco,2020-12-24,841,7329,503,6667,338,662,0,0,841,7329,0,0,841,7329,California
San Francisco,2020-12-25,34,7363,29,6696,5,667,0,0,34,7363,0,0,34,7363,California
San Francisco,2020-12-26,245,7608,151,6847,94,761,0,0,245,7608,0,0,245,7608,California
San Francisco,2020-12-27,274,7882,60,6907,214,975,0,0,274,7882,0,0,274,7882,California
San Francisco,2020-12-28,1269,9151,686,7593,583,1558,0,0,1269,9151,0,0,1269,9151,California
San Francisco,2020-12-29,1248,10399,624,8217,624,2182,0,0,1248,10399,0,0,1248,10399,California
San Francisco,2020-12-30,1487,11886,780,8997,707,2889,0,0,1487,11886,0,0,1487,11886,California
San Francisco,2020-12-31,963,12849,410,9407,553,3442,0,0,962,12848,0,0,962,12848,California
San Francisco,2021-01-01,87,12936,70,9477,17,3459,0,0,87,12935,0,0,87,12935,California
San Francisco,2021-01-02,333,13269,301,9778,32,3491,0,0,333,13268,0,0,333,13268,California
San Francisco,2021-01-03,295,13564,102,9880,193,3684,0,0,294,13561,1,1,294,13562,California
San Francisco,2021-01-04,1840,15404,1355,11235,485,4169,0,0,1837,15395,3,4,1837,15399,California
San Francisco,2021-01-05,2231,17635,1416,12651,815,4984,0,0,2196,17558,35,39,2198,17597,California
San Francisco,2021-01-06,1870,19505,1160,13811,710,5694,0,0,1605,18901,263,302,1606,19203,California
San Francisco,2021-01-07,2063,21568,1203,15014,860,6554,0,0,1607,20055,453,755,1607,20810,California
San Francisco,2021-01-08,2330,23898,1634,16648,696,7250,0,0,1493,20716,832,1587,1493,22303,California
San Francisco,2021-01-09,1388,25286,892,17540,496,7746,0,0,884,21098,504,2091,886,23189,California
San Francisco,2021-01-10,919,26205,541,18081,378,8124,0,0,460,21100,458,2549,460,23649,California
San Francisco,2021-01-11,2499,28704,1869,19950,630,8754,0,0,1398,21396,1102,3651,1398,25047,California
San Francisco,2021-01-12,3087,31791,2056,22006,1031,9785,0,0,1895,22101,1192,4843,1897,26944,California
San Francisco,2021-01-13,2826,34617,1601,23607,1225,11010,0,0,1996,23267,830,5673,1996,28940,California
San Francisco,2021-01-14,2443,37060,1100,24707,1343,12353,0,0,1883,24590,560,6233,1883,30823,California
San Francisco,2021-01-15,2747,39807,1148,25855,1599,13952,0,0,2355,26557,390,6623,2357,33180,California
San Francisco,2021-01-16,2254,42061,963,26818,1291,15243,0,0,2087,28478,167,6790,2088,35268,California
San Francisco,2021-01-17,1916,43977,530,27348,1386,16629,0,0,1702,29966,214,7004,1702,36970,California
San Francisco,2021-01-18,1378,45355,593,27941,785,17414,0,0,1114,30819,263,7267,1116,38086,California
San Francisco,2021-01-19,2575,47930,1472,29413,1103,18517,0,0,1826,31896,749,8016,1826,39912,California
San Francisco,2021-01-20,2745,50675,1118,30531,1627,20144,0,0,1994,33143,748,8764,1995,41907,California
San Francisco,2021-01-21,3308,53983,945,31476,2363,22507,0,0,2473,34783,833,9597,2473,44380,California
San Francisco,2021-01-22,3187,57170,644,32120,2543,25050,0,0,2745,37088,440,10037,2745,47125,California
San Francisco,2021-01-23,3090,60260,610,32730,2480,27530,0,0,2724,39448,365,10402,2725,49850,California
San Francisco,2021-01-24,2425,62685,363,33093,2062,29592,0,0,2196,41418,226,10628,2196,52046,California
San Francisco,2021-01-25,4583,67268,1781,34874,2802,32394,0,0,3036,42910,1545,12173,3037,55083,California
San Francisco,2021-01-26,4668,71936,2133,37007,2535,34929,0,0,3076,44399,1589,13762,3078,58161,California
San Francisco,2021-01-27,4427,76363,2073,39080,2354,37283,0,0,3078,46132,1345,15107,3078,61239,California
San Francisco,2021-01-28,3757,80120,1555,40635,2202,39485,0,0,2595,47570,1157,16264,2595,63834,California
San Francisco,2021-01-29,4722,84842,1680,42315,3042,42527,0,0,3452,49759,1263,17527,3452,67286,California
San Francisco,2021-01-30,3774,88616,1839,44154,1935,44462,0,0,3325,52640,448,17975,3329,70615,California
San Francisco,2021-01-31,2351,90967,824,44978,1527,45989,0,0,2199,54689,151,18126,2200,72815,California
San Francisco,2021-02-01,3796,94763,1528,46506,2268,48257,0,0,2891,56676,905,19031,2892,75707,California
San Francisco,2021-02-02,4645,99408,1961,48467,2684,50941,0,0,2886,57809,1753,20784,2886,78593,California
San Francisco,2021-02-03,5057,104465,2366,50833,2691,53632,0,0,3751,60257,1304,22088,3752,82345,California
San Francisco,2021-02-04,5029,109494,2435,53268,2594,56226,0,0,3863,62956,1164,23252,3863,86208,California
San Francisco,2021-02-05,5941,115435,3198,56466,2743,58969,0,0,4599,66216,1340,24592,4600,90808,California
San Francisco,2021-02-06,5471,120906,3652,60118,1819,60788,0,0,4572,69894,896,25488,4574,95382,California
San Francisco,2021-02-07,4331,125237,3183,63301,1148,61936,0,0,3755,73079,573,26061,3758,99140,California
San Francisco,2021-02-08,6702,131939,4614,67915,2088,64024,0,0,5487,77370,1198,27259,5489,104629,California
San Francisco,2021-02-09,5924,137863,3984,71899,1940,65964,0,0,4366,80183,1554,28813,4367,108996,California
San Francisco,2021-02-10,6863,144726,4174,76073,2689,68653,0,0,5064,83459,1791,30604,5067,114063,California
San Francisco,2021-02-11,6708,151434,3976,80049,2732,71385,0,0,4890,86537,1813,32417,4891,118954,California
San Francisco,2021-02-12,5315,156749,2666,82715,2649,74034,0,0,3478,88179,1836,34253,3478,122432,California
San Francisco,2021-02-13,4367,161116,2552,85267,1815,75849,0,0,3042,89898,1325,35578,3044,125476,California
San Francisco,2021-02-14,3417,164533,2242,87509,1175,77024,0,0,2291,91066,1125,36703,2293,127769,California
San Francisco,2021-02-15,2773,167306,1507,89016,1266,78290,0,0,1678,91651,1093,37796,1678,129447,California
San Francisco,2021-02-16,4994,172300,2727,91743,2267,80557,0,0,2957,92584,2030,39826,2963,132410,California
San Francisco,2021-02-17,5405,177705,2681,94424,2724,83281,0,0,2961,93113,2433,42259,2962,135372,California
San Francisco,2021-02-18,5374,183079,2632,97056,2742,86023,0,0,2803,93348,2571,44830,2806,138178,California
San Francisco,2021-02-19,5633,188712,2644,99700,2989,89012,0,0,2926,93575,2701,47531,2928,141106,California
San Francisco,2021-02-20,4523,193235,2179,101879,2344,91356,0,0,1701,92463,2814,50345,1702,142808,California
San Francisco,2021-02-21,2743,195978,1374,103253,1369,92725,0,0,1143,92014,1593,51938,1144,143952,California
San Francisco,2021-02-22,5101,201079,3175,106428,1926,94651,0,0,2566,92055,2527,54465,2568,146520,California
San Francisco,2021-02-23,5464,206543,3086,109514,2378,97029,0,0,2767,92131,2691,57156,2767,149287,California
San Francisco,2021-02-24,8984,215527,5086,114600,3898,100927,0,0,4794,92746,4180,61336,4795,154082,California
San Francisco,2021-02-25,9776,225303,6866,121466,2910,103837,0,0,6314,95603,3459,64795,6316,160398,California
San Francisco,2021-02-26,11925,237228,7734,129200,4191,108028,0,0,7066,97810,4860,69655,7067,167465,California
San Francisco,2021-02-27,8920,246148,5677,134877,3242,111270,1,1,4513,97933,4392,74047,4515,171980,California
San Francisco,2021-02-28,7727,253875,5549,140426,2178,113448,0,1,3835,97879,3890,77937,3836,175816,California
San Francisco,2021-03-01,10757,264632,7238,147664,3516,116964,3,4,5224,97598,5511,83448,5230,181046,California
San Francisco,2021-03-02,8894,273526,5674,153338,3220,120184,0,4,5155,99023,3731,87179,5156,186202,California
San Francisco,2021-03-03,11043,284569,6345,159683,4697,124881,1,5,6037,100069,4995,92174,6041,192243,California
San Francisco,2021-03-04,8661,293230,5443,165126,3218,128099,0,5,4882,101178,3773,95947,4882,197125,California
San Francisco,2021-03-05,8695,301925,5146,170272,3545,131644,4,9,5454,103412,3225,99172,5459,202584,California
San Francisco,2021-03-06,6893,308818,4437,174709,2247,133891,209,218,4228,105169,2677,101849,4434,207018,California
San Francisco,2021-03-07,5142,313960,3982,178691,1102,134993,58,276,2890,105852,2265,104114,2948,209966,California
San Francisco,2021-03-08,7162,321122,5181,183872,1795,136788,186,462,5600,110046,1592,105706,5786,215752,California
San Francisco,2021-03-09,6739,327861,3955,187827,2408,139196,376,838,4604,112881,2140,107846,4975,220727,California
San Francisco,2021-03-10,10416,338277,5896,193723,4021,143217,499,1337,6361,115710,4033,111879,6862,227589,California
San Francisco,2021-03-11,10050,348327,6358,200081,2729,145946,963,2300,6599,119829,3435,115314,7554,235143,California
San Francisco,2021-03-12,10753,359080,6265,206346,3164,149110,1324,3624,5976,122372,4754,120068,7297,242440,California
San Francisco,2021-03-13,6589,365669,3835,210181,1695,150805,1059,4683,4076,125002,2504,122572,5134,247574,California
San Francisco,2021-03-14,7488,373157,4841,215022,2405,153210,242,4925,4037,125843,3438,126010,4279,251853,California
San Francisco,2021-03-15,11945,385102,9108,224130,1896,155106,941,5866,8271,131385,3661,129671,9203,261056,California
San Francisco,2021-03-16,12080,397182,8202,232332,3419,158525,459,6325,8786,137355,3274,132945,9244,270300,California
San Francisco,2021-03-17,13203,410385,8148,240480,4497,163022,558,6883,9524,143783,3650,136595,10078,280378,California
San Francisco,2021-03-18,9976,420361,6758,247238,2597,165619,621,7504,5684,145818,4266,140861,6301,286679,California
San Francisco,2021-03-19,12033,432394,8710,255948,2858,168477,465,7969,6410,147089,5599,146460,6870,293549,California
San Francisco,2021-03-20,8721,441115,6384,262332,1877,170354,460,8429,5200,149259,3492,149952,5662,299211,California
San Francisco,2021-03-21,6453,447568,5903,268235,414,170768,136,8565,3680,150317,2757,152709,3815,303026,California
San Francisco,2021-03-22,9744,457312,6835,275070,2066,172834,843,9408,5139,151711,4582,157291,5976,309002,California
San Francisco,2021-03-23,11154,468466,7368,282438,3138,175972,648,10056,6704,154641,4420,161711,7350,316352,California
San Francisco,2021-03-24,12287,480753,9394,291832,2357,178329,536,10592,6336,155599,5911,167622,6869,323221,California
San Francisco,2021-03-25,11823,492576,8649,300481,2611,180940,563,11155,5902,156206,5854,173476,6461,329682,California
San Francisco,2021-03-26,11859,504435,8200,308681,3429,184369,230,11385,6110,156825,5718,179194,6337,336019,California
San Francisco,2021-03-27,8645,513080,5764,314445,2534,186903,347,11732,3921,156388,4704,183898,4267,340286,California
San Francisco,2021-03-28,6581,519661,5243,319688,1296,188199,42,11774,3168,156205,3390,187288,3207,343493,California
San Francisco,2021-03-29,11378,531039,7878,327566,3317,191516,183,11957,5096,155227,6255,193543,5277,348770,California
San Francisco,2021-03-30,11508,542547,7186,334752,4032,195548,290,12247,6848,157733,4635,198178,7141,355911,California
San Francisco,2021-03-31,12112,554659,8032,342784,3784,199332,296,12543,5554,157053,6525,204703,5845,361756,California
San Francisco,2021-04-01,13791,568450,7329,350113,4811,204143,1651,14194,6013,156960,7746,212449,7653,369409,California
San Francisco,2021-04-02,14656,583106,6455,356568,6383,210526,1818,16012,6923,157981,7713,220162,8734,378143,California
San Francisco,2021-04-03,10442,593548,4804,361372,3838,214364,1800,17812,4842,159033,5586,225748,6638,384781,California
San Francisco,2021-04-04,9005,602553,4768,366140,2585,216949,1652,19464,3628,158948,5364,231112,5279,390060,California
San Francisco,2021-04-05,15932,618485,9761,375901,4295,221244,1876,21340,6371,157655,9533,240645,8240,398300,California
San Francisco,2021-04-06,15991,634476,9480,385381,4454,225698,2057,23397,6305,156347,9663,250308,8355,406655,California
San Francisco,2021-04-07,16751,651227,9969,395350,4557,230255,2225,25622,7044,155916,9686,259994,9255,415910,California
San Francisco,2021-04-08,14120,665347,6717,402067,3008,233263,4395,30017,4649,155498,9441,269435,9023,424933,California
San Francisco,2021-04-09,15710,681057,7597,409664,4779,238042,3334,33351,6677,156491,9002,278437,9995,434928,California
San Francisco,2021-04-10,13219,694276,5659,415323,5826,243868,1734,35085,7111,159244,6083,284520,8836,443764,California
San Francisco,2021-04-11,9974,704250,7470,422793,1334,245202,1170,36255,5207,160863,4756,289276,6375,450139,California
San Francisco,2021-04-12,10589,714839,6876,429669,2565,247767,1148,37403,4876,161190,5692,294968,6019,456158,California
San Francisco,2021-04-13,10720,725559,7280,436949,3427,251194,13,37416,5435,161378,5264,300232,5452,461610,California
San Francisco,2021-04-14,13249,738808,7981,444930,5267,256461,1,37417,6410,160984,6805,307037,6411,468021,California
San Francisco,2021-04-15,13671,752479,9495,454425,4175,260636,1,37418,8064,163476,5576,312613,8068,476089,California
San Francisco,2021-04-16,12894,765373,8686,463111,4164,264800,44,37462,7654,165963,5215,317828,7702,483791,California
San Francisco,2021-04-17,10019,775392,7294,470405,2724,267524,1,37463,7094,170153,2909,320737,7099,490890,California
San Francisco,2021-04-18,6585,781977,5034,475439,1550,269074,1,37464,4091,171770,2477,323214,4094,494984,California
San Francisco,2021-04-19,10819,792796,8121,483560,2694,271768,4,37468,6968,174916,3836,327050,6982,501966,California
San Francisco,2021-04-20,12257,805053,7155,490715,5101,276869,1,37469,8458,179600,3777,330827,8461,510427,California
San Francisco,2021-04-21,10514,815567,7514,498229,2996,279865,4,37473,6410,181935,4083,334910,6418,516845,California
San Francisco,2021-04-22,10392,825959,7700,505929,2691,282556,1,37474,6003,183579,4366,339276,6010,522855,California
San Francisco,2021-04-23,10323,836282,5938,511867,4385,286941,0,37474,6162,185615,4133,343409,6169,529024,California
San Francisco,2021-04-24,7960,844242,5490,517357,2470,289411,0,37474,4734,187150,3206,346615,4741,533765,California
San Francisco,2021-04-25,5033,849275,4338,521695,689,290100,6,37480,2952,188044,2067,348682,2961,536726,California
San Francisco,2021-04-26,7455,856730,5247,526942,2196,292296,12,37492,3661,187957,3771,352453,3684,540410,California
San Francisco,2021-04-27,7920,864650,5295,532237,2498,294794,127,37619,3928,188054,3968,356421,4065,544475,California
San Francisco,2021-04-28,9237,873887,6520,538757,2527,297321,190,37809,4770,188576,4443,360864,4965,549440,California
San Francisco,2021-04-29,9089,882976,5384,544141,3512,300833,193,38002,4372,188458,4695,365559,4577,554017,California
San Francisco,2021-04-30,10848,893824,5189,549330,5459,306292,200,38202,3984,185819,6828,372387,4189,558206,California
San Francisco,2021-05-01,6915,900739,3579,552909,3223,309515,113,38315,1705,182451,5188,377575,1820,560026,California
San Francisco,2021-05-02,5312,906051,3082,555991,2132,311647,98,38413,971,179191,4332,381907,1072,561098,California
San Francisco,2021-05-03,9637,915688,6582,562573,2894,314541,161,38574,2464,174680,7145,389052,2634,563732,California
San Francisco,2021-05-04,9300,924988,5971,568544,3079,317620,250,38824,2278,170221,6993,396045,2534,566266,California
San Francisco,2021-05-05,8737,933725,6126,574670,2302,319922,309,39133,2145,166133,6547,402592,2459,568725,California
San Francisco,2021-05-06,10686,944411,8543,583213,1676,321598,467,39600,1854,159656,8801,411393,2324,571049,California
San Francisco,2021-05-07,10075,954486,6447,589660,3360,324958,268,39868,1631,153135,8420,419813,1899,572948,California
San Francisco,2021-05-08,8359,962845,3542,593202,4687,329645,130,39998,988,146914,7340,427153,1119,574067,California
San Francisco,2021-05-09,6688,969533,5825,599027,781,330426,82,40080,1234,142794,5430,432583,1310,575377,California
San Francisco,2021-05-10,6883,976416,4899,603926,1740,332166,244,40324,1039,138261,5816,438399,1283,576660,California
San Francisco,2021-05-11,7050,983466,5082,609008,1770,333936,198,40522,1349,134138,5672,444071,1549,578209,California
San Francisco,2021-05-12,7000,990466,5000,614008,1568,335504,432,40954,1303,130193,5671,449742,1726,579935,California
San Francisco,2021-05-13,7560,998026,5480,619488,1921,337425,159,41113,2367,127548,5175,454917,2530,582465,California
San Joaquin,2020-12-15,12,12,12,12,0,0,0,0,12,12,0,0,12,12,California
San Joaquin,2020-12-16,307,319,307,319,0,0,0,0,307,319,0,0,307,319,California
San Joaquin,2020-12-17,312,631,312,631,0,0,0,0,312,631,0,0,312,631,California
San Joaquin,2020-12-18,522,1153,518,1149,4,4,0,0,522,1153,0,0,522,1153,California
San Joaquin,2020-12-19,188,1341,188,1337,0,4,0,0,188,1341,0,0,188,1341,California
San Joaquin,2020-12-20,113,1454,112,1449,1,5,0,0,113,1454,0,0,113,1454,California
San Joaquin,2020-12-21,491,1945,491,1940,0,5,0,0,491,1945,0,0,491,1945,California
San Joaquin,2020-12-22,967,2912,847,2787,120,125,0,0,966,2911,0,0,966,2911,California
San Joaquin,2020-12-23,978,3890,919,3706,59,184,0,0,976,3887,0,0,976,3887,California
San Joaquin,2020-12-24,215,4105,187,3893,28,212,0,0,214,4101,0,0,214,4101,California
San Joaquin,2020-12-25,14,4119,14,3907,0,212,0,0,14,4115,0,0,14,4115,California
San Joaquin,2020-12-26,101,4220,29,3936,72,284,0,0,101,4216,0,0,101,4216,California
San Joaquin,2020-12-27,42,4262,29,3965,13,297,0,0,42,4258,0,0,42,4258,California
San Joaquin,2020-12-28,622,4884,421,4386,201,498,0,0,622,4880,0,0,622,4880,California
San Joaquin,2020-12-29,798,5682,672,5058,126,624,0,0,798,5678,0,0,798,5678,California
San Joaquin,2020-12-30,1008,6690,716,5774,292,916,0,0,1006,6684,0,0,1006,6684,California
San Joaquin,2020-12-31,454,7144,203,5977,251,1167,0,0,454,7138,0,0,454,7138,California
San Joaquin,2021-01-01,22,7166,13,5990,9,1176,0,0,22,7160,0,0,22,7160,California
San Joaquin,2021-01-02,262,7428,240,6230,22,1198,0,0,262,7422,0,0,262,7422,California
San Joaquin,2021-01-03,37,7465,19,6249,18,1216,0,0,36,7457,1,1,36,7458,California
San Joaquin,2021-01-04,476,7941,338,6587,138,1354,0,0,474,7930,1,2,474,7932,California
San Joaquin,2021-01-05,978,8919,646,7233,332,1686,0,0,810,8608,168,170,846,8778,California
San Joaquin,2021-01-06,1220,10139,707,7940,513,2199,0,0,917,9230,298,468,920,9698,California
San Joaquin,2021-01-07,1076,11215,681,8621,395,2594,0,0,787,9732,286,754,788,10486,California
San Joaquin,2021-01-08,1192,12407,819,9440,373,2967,0,0,708,9961,483,1237,712,11198,California
San Joaquin,2021-01-09,376,12783,300,9740,76,3043,0,0,247,10079,129,1366,247,11445,California
San Joaquin,2021-01-10,223,13006,115,9855,108,3151,0,0,171,10198,52,1418,171,11616,California
San Joaquin,2021-01-11,1525,14531,1319,11174,206,3357,0,0,861,10463,663,2081,928,12544,California
San Joaquin,2021-01-12,1455,15986,1049,12223,406,3763,0,0,686,10454,765,2846,756,13300,California
San Joaquin,2021-01-13,1527,17513,893,13116,634,4397,0,0,955,10843,571,3417,960,14260,California
San Joaquin,2021-01-14,1650,19163,877,13993,773,5170,0,0,1311,11850,319,3736,1326,15586,California
San Joaquin,2021-01-15,1602,20765,621,14614,981,6151,0,0,1381,13039,207,3943,1396,16982,California
San Joaquin,2021-01-16,1143,21908,193,14807,950,7101,0,0,1116,14129,26,3969,1116,18098,California
San Joaquin,2021-01-17,1613,23521,130,14937,1483,8584,0,0,1575,15668,38,4007,1577,19675,California
San Joaquin,2021-01-18,737,24258,237,15174,500,9084,0,0,617,16169,116,4123,617,20292,California
San Joaquin,2021-01-19,1858,26116,887,16061,971,10055,0,0,1177,16676,676,4799,1183,21475,California
San Joaquin,2021-01-20,2083,28199,1284,17345,799,10854,0,0,1431,17466,647,5446,1437,22912,California
San Joaquin,2021-01-21,1965,30164,892,18237,1073,11927,0,0,1568,18652,390,5836,1576,24488,California
San Joaquin,2021-01-22,1964,32128,914,19151,1050,12977,0,0,1821,20338,138,5974,1824,26312,California
San Joaquin,2021-01-23,893,33021,403,19554,490,13467,0,0,608,20665,284,6258,611,26923,California
San Joaquin,2021-01-24,347,33368,135,19689,212,13679,0,0,324,20969,20,6278,324,27247,California
San Joaquin,2021-01-25,1983,35351,1137,20826,846,14525,0,0,1423,21839,557,6835,1427,28674,California
San Joaquin,2021-01-26,2146,37497,1116,21942,1030,15555,0,0,1537,22775,606,7441,1542,30216,California
San Joaquin,2021-01-27,1726,39223,768,22710,958,16513,0,0,1231,23521,491,7932,1237,31453,California
San Joaquin,2021-01-28,2024,41247,760,23470,1264,17777,0,0,1376,24257,644,8576,1380,32833,California
San Joaquin,2021-01-29,2143,43390,1044,24514,1099,18876,0,0,1796,25719,342,8918,1804,34637,California
San Joaquin,2021-01-30,2165,45555,349,24863,1816,20692,0,0,1989,27536,174,9092,1991,36628,California
San Joaquin,2021-01-31,1556,47111,178,25041,1378,22070,0,0,1493,28968,62,9154,1494,38122,California
San Joaquin,2021-02-01,2492,49603,1314,26355,1178,23248,0,0,1758,29996,733,9887,1761,39883,California
San Joaquin,2021-02-02,2590,52193,1172,27527,1418,24666,0,0,1965,31399,566,10453,1969,41852,California
San Joaquin,2021-02-03,3062,55255,1209,28736,1853,26519,0,0,2200,32749,855,11308,2205,44057,California
San Joaquin,2021-02-04,3434,58689,1712,30448,1722,28241,0,0,2627,34580,802,12110,2633,46690,California
San Joaquin,2021-02-05,3216,61905,1859,32307,1357,29598,0,0,2355,36086,854,12964,2360,49050,California
San Joaquin,2021-02-06,1120,63025,784,33091,336,29934,0,0,945,36860,173,13137,947,49997,California
San Joaquin,2021-02-07,617,63642,488,33579,129,30063,0,0,414,37080,195,13332,415,50412,California
San Joaquin,2021-02-08,1777,65419,1031,34610,746,30809,0,0,1442,38215,313,13645,1448,51860,California
San Joaquin,2021-02-09,2100,67519,1140,35750,960,31769,0,0,1571,39329,459,14104,1573,53433,California
San Joaquin,2021-02-10,2557,70076,1249,36999,1308,33077,0,0,1336,39473,1192,15296,1336,54769,California
San Joaquin,2021-02-11,2930,73006,1504,38503,1426,34503,0,0,1717,40012,1183,16479,1722,56491,California
San Joaquin,2021-02-12,2807,75813,1123,39626,1684,36187,0,0,1589,40407,1199,17678,1594,58085,California
San Joaquin,2021-02-13,2119,77932,398,40024,1721,37908,0,0,855,40016,1252,18930,861,58946,California
San Joaquin,2021-02-14,1902,79834,262,40286,1640,39548,0,0,689,39519,1187,20117,690,59636,California
San Joaquin,2021-02-15,1982,81816,837,41123,1145,40693,0,0,1195,39961,757,20874,1199,60835,California
San Joaquin,2021-02-16,3150,84966,1371,42494,1779,42472,0,0,1741,40315,1395,22269,1749,62584,California
San Joaquin,2021-02-17,3270,88236,1264,43758,2006,44478,0,0,1863,40786,1396,23665,1867,64451,California
San Joaquin,2021-02-18,3324,91560,1368,45126,1956,46434,0,0,1896,41289,1398,25063,1901,66352,California
San Joaquin,2021-02-19,4250,95810,2405,47531,1845,48279,0,0,2390,41873,1806,26869,2390,68742,California
San Joaquin,2021-02-20,1541,97351,653,48184,888,49167,0,0,1064,42461,476,27345,1064,69806,California
San Joaquin,2021-02-21,639,97990,481,48665,158,49325,0,0,402,42630,234,27579,403,70209,California
San Joaquin,2021-02-22,3516,101506,2476,51141,1040,50365,0,0,2521,44191,964,28543,2525,72734,California
San Joaquin,2021-02-23,4292,105798,2612,53753,1680,52045,0,0,2645,45223,1617,30160,2649,75383,California
San Joaquin,2021-02-24,5702,111500,3392,57145,2310,54355,0,0,4102,47751,1576,31736,4104,79487,California
San Joaquin,2021-02-25,6300,117800,3892,61037,2408,56763,0,0,4072,49636,2197,33933,4082,83569,California
San Joaquin,2021-02-26,5465,123265,2849,63886,2616,59379,0,0,3755,51717,1680,35613,3761,87330,California
San Joaquin,2021-02-27,5443,128708,1617,65503,3826,63205,0,0,2615,51563,2780,38393,2626,89956,California
San Joaquin,2021-02-28,3079,131787,1106,66609,1973,65178,0,0,2033,52575,1023,39416,2035,91991,California
San Joaquin,2021-03-01,4075,135862,1794,68403,2281,67459,0,0,2310,53143,1749,41165,2317,94308,California
San Joaquin,2021-03-02,4171,140033,1667,70070,2504,69963,0,0,2614,54275,1538,42703,2670,96978,California
San Joaquin,2021-03-03,5750,145783,3411,73481,2337,72300,2,2,4150,56849,1577,44280,4151,101129,California
San Joaquin,2021-03-04,5686,151469,2254,75735,3429,75729,3,5,3720,58620,1953,46233,3724,104853,California
San Joaquin,2021-03-05,4411,155880,1866,77601,2541,78270,4,9,3041,60315,1354,47587,3049,107902,California
San Joaquin,2021-03-06,3282,159162,2163,79764,989,79259,130,139,2700,62569,579,48166,2833,110735,California
San Joaquin,2021-03-07,1204,160366,552,80316,606,79865,46,185,921,63256,265,48431,952,111687,California
San Joaquin,2021-03-08,3125,163491,1254,81570,1746,81611,125,310,2114,64495,999,49430,2238,113925,California
San Joaquin,2021-03-09,3964,167455,1779,83349,2058,83669,127,437,2623,65923,1326,50756,2754,116679,California
San Joaquin,2021-03-10,4634,172089,2463,85812,2033,85702,138,575,3412,68265,1209,51965,3551,120230,California
San Joaquin,2021-03-11,4931,177020,2339,88151,1992,87694,600,1175,2931,69811,1990,53955,3536,123766,California
San Joaquin,2021-03-12,6258,183278,3127,91278,2799,90493,332,1507,4153,72220,2083,56038,4492,128258,California
San Joaquin,2021-03-13,3055,186333,1448,92726,1481,91974,126,1633,2285,73875,763,56801,2418,130676,California
San Joaquin,2021-03-14,2152,188485,668,93394,1181,93155,303,1936,1038,74110,1110,57911,1345,132021,California
San Joaquin,2021-03-15,6047,194532,3480,96874,2164,95319,403,2339,3169,74844,2851,60762,3585,135606,California
San Joaquin,2021-03-16,6824,201356,3882,100756,2686,98005,256,2595,4026,76350,2784,63546,4290,139896,California
San Joaquin,2021-03-17,7757,209113,4649,105405,3038,101043,70,2665,4316,77339,3406,66952,4395,144291,California
San Joaquin,2021-03-18,7617,216730,4479,109884,2632,103675,506,3171,3773,77820,3805,70757,4286,148577,California
San Joaquin,2021-03-19,7903,224633,4630,114514,2731,106406,542,3713,4792,80113,3089,73846,5382,153959,California
San Joaquin,2021-03-20,3670,228303,2120,116634,1307,107713,243,3956,1824,80360,1831,75677,2078,156037,California
San Joaquin,2021-03-21,2098,230401,1490,118124,402,108115,206,4162,1182,80884,908,76585,1432,157469,California
San Joaquin,2021-03-22,3949,234350,2017,120141,1516,109631,416,4578,2335,82039,1601,78186,2756,160225,California
San Joaquin,2021-03-23,5364,239714,2631,122772,2566,112197,167,4745,3713,84293,1633,79819,3887,164112,California
San Joaquin,2021-03-24,6806,246520,4224,126996,2495,114692,87,4832,3024,83659,3753,83572,3119,167231,California
San Joaquin,2021-03-25,5528,252048,3279,130275,2207,116899,42,4874,3291,84782,2217,85789,3340,170571,California
San Joaquin,2021-03-26,6140,258188,2538,132813,3452,120351,150,5024,3237,85306,2882,88671,3406,173977,California
San Joaquin,2021-03-27,4611,262799,2609,135422,1952,122303,50,5074,1801,84379,2788,91459,1861,175838,California
San Joaquin,2021-03-28,2703,265502,1792,137214,886,123189,25,5099,1295,84387,1389,92848,1397,177235,California
San Joaquin,2021-03-29,4015,269517,2169,139383,1824,125013,22,5121,2020,84462,1982,94830,2057,179292,California
San Joaquin,2021-03-30,6192,275709,3148,142531,2952,127965,92,5213,3445,85296,2722,97552,3556,182848,California
San Joaquin,2021-03-31,6563,282272,4134,146665,2370,130335,59,5272,3332,85496,3214,100766,3414,186262,California
San Joaquin,2021-04-01,6364,288636,2952,149617,3330,133665,82,5354,2816,84919,3532,104298,2955,189217,California
San Joaquin,2021-04-02,6307,294943,2868,152485,2950,136615,489,5843,2515,84185,3770,108068,3036,192253,California
San Joaquin,2021-04-03,4120,299063,2321,154806,1473,138088,326,6169,1988,84389,2115,110183,2319,194572,California
San Joaquin,2021-04-04,2268,301331,1356,156162,710,138798,202,6371,1543,85432,716,110899,1759,196331,California
San Joaquin,2021-04-05,4575,305906,2813,158975,1580,140378,182,6553,2631,86318,1937,112836,2823,199154,California
San Joaquin,2021-04-06,7007,312913,4507,163482,2239,142617,261,6814,3329,86268,3654,116490,3604,202758,California
San Joaquin,2021-04-07,8293,321206,4512,167994,2207,144824,1574,8388,3491,86560,4788,121278,5080,207838,California
San Joaquin,2021-04-08,8639,329845,4685,172679,1934,146758,2020,10408,3302,86569,5315,126593,5324,213162,California
San Joaquin,2021-04-09,8824,338669,4255,176934,3016,149774,1553,11961,3202,85743,5600,132193,4774,217936,California
San Joaquin,2021-04-10,5192,343861,1620,178554,1667,151441,1905,13866,1751,85963,3433,135626,3653,221589,California
San Joaquin,2021-04-11,4059,347920,1543,180097,1351,152792,1165,15031,1754,86583,2294,137920,2914,224503,California
San Joaquin,2021-04-12,5948,353868,2364,182461,2050,154842,1534,16565,2323,86838,3607,141527,3862,228365,California
San Joaquin,2021-04-13,7431,361299,4283,186744,3142,157984,6,16571,4555,88549,2856,144383,4567,232932,California
San Joaquin,2021-04-14,7407,368706,3698,190442,3709,161693,0,16571,4430,90028,2960,147343,4439,237371,California
San Joaquin,2021-04-15,7755,376461,4579,195021,3176,164869,0,16571,4332,90975,3391,150734,4338,241709,California
San Joaquin,2021-04-16,7496,383957,3967,198988,3526,168395,3,16574,4458,92436,3010,153744,4471,246180,California
San Joaquin,2021-04-17,5102,389059,2750,201738,2350,170745,2,16576,3614,94589,1479,155223,3632,249812,California
San Joaquin,2021-04-18,2442,391501,1348,203086,1094,171839,0,16576,1297,94764,1130,156353,1305,251117,California
San Joaquin,2021-04-19,5082,396583,2735,205821,2347,174186,0,16576,2718,95150,2342,158695,2728,253845,California
San Joaquin,2021-04-20,6188,402771,3250,209071,2938,177124,0,16576,2930,94857,3234,161929,2941,256786,California
San Joaquin,2021-04-21,5482,408253,2977,212048,2505,179629,0,16576,2892,95211,2544,164473,2898,259684,California
San Joaquin,2021-04-22,5187,413440,3041,215089,2145,181774,1,16577,2975,96010,2186,166659,2985,262669,California
San Joaquin,2021-04-23,5805,419245,2753,217842,3051,184825,1,16578,3664,97557,2123,168782,3670,266339,California
San Joaquin,2021-04-24,5158,424403,3545,221387,1612,186437,1,16579,3349,99127,1786,170568,3356,269695,California
San Joaquin,2021-04-25,2968,427371,2497,223884,471,186908,0,16579,1944,100071,1006,171574,1950,271645,California
San Joaquin,2021-04-26,3720,431091,2476,226360,1243,188151,1,16580,1972,100310,1737,173311,1976,273621,California
San Joaquin,2021-04-27,4162,435253,2428,228788,1685,189836,49,16629,1757,99737,2388,175699,1815,275436,California
San Joaquin,2021-04-28,5467,440720,3281,232069,2111,191947,75,16704,2683,99748,2755,178454,2766,278202,California
San Joaquin,2021-04-29,4791,445511,2795,234864,1940,193887,56,16760,2424,99887,2347,180801,2486,280688,California
San Joaquin,2021-04-30,4874,450385,2378,237242,2429,196316,67,16827,2503,100109,2356,183157,2578,283266,California
San Joaquin,2021-05-01,3286,453671,1888,239130,1339,197655,59,16886,2083,101066,1198,184355,2155,285421,California
San Joaquin,2021-05-02,2272,455943,1579,240709,638,198293,55,16941,1158,101171,1110,185465,1215,286636,California
San Joaquin,2021-05-03,3175,459118,2128,242837,973,199266,74,17015,1334,100759,1829,187294,1417,288053,California
San Joaquin,2021-05-04,4807,463925,3271,246108,1383,200649,153,17168,1763,99659,3026,190320,1926,289979,California
San Joaquin,2021-05-05,4507,468432,2995,249103,1351,202000,161,17329,1768,98878,2717,193037,1936,291915,California
San Joaquin,2021-05-06,4582,473014,3060,252163,1395,203395,127,17456,2026,98497,2542,195579,2161,294076,California
San Joaquin,2021-05-07,4654,477668,2675,254838,1827,205222,152,17608,1821,97659,2820,198399,1982,296058,California
San Joaquin,2021-05-08,3241,480909,2082,256920,1058,206280,101,17709,1205,96952,2021,200420,1314,297372,California
San Joaquin,2021-05-09,1466,482375,828,257748,568,206848,70,17779,592,96748,871,201291,667,298039,California
San Joaquin,2021-05-10,2751,485126,1455,259203,1174,208022,122,17901,904,95945,1835,203126,1032,299071,California
San Joaquin,2021-05-11,3975,489101,2143,261346,1745,209767,87,17988,1284,94667,2678,205804,1400,300471,California
San Joaquin,2021-05-12,3677,492778,1654,263000,1929,211696,94,18082,1059,93223,2609,208413,1165,301636,California
San Joaquin,2021-05-13,2601,495379,1450,264450,1090,212786,61,18143,853,92402,1743,210156,922,302558,California
San Luis Obispo,2020-12-16,4,4,4,4,0,0,0,0,4,4,0,0,4,4,California
San Luis Obispo,2020-12-17,196,200,196,200,0,0,0,0,196,200,0,0,196,200,California
San Luis Obispo,2020-12-18,224,424,224,424,0,0,0,0,224,424,0,0,224,424,California
San Luis Obispo,2020-12-19,162,586,162,586,0,0,0,0,162,586,0,0,162,586,California
San Luis Obispo,2020-12-20,215,801,215,801,0,0,0,0,215,801,0,0,215,801,California
San Luis Obispo,2020-12-21,549,1350,548,1349,1,1,0,0,549,1350,0,0,549,1350,California
San Luis Obispo,2020-12-22,309,1659,305,1654,4,5,0,0,309,1659,0,0,309,1659,California
San Luis Obispo,2020-12-23,682,2341,368,2022,314,319,0,0,682,2341,0,0,682,2341,California
San Luis Obispo,2020-12-24,194,2535,19,2041,175,494,0,0,194,2535,0,0,194,2535,California
San Luis Obispo,2020-12-25,2,2537,1,2042,1,495,0,0,2,2537,0,0,2,2537,California
San Luis Obispo,2020-12-26,89,2626,12,2054,77,572,0,0,89,2626,0,0,89,2626,California
San Luis Obispo,2020-12-27,76,2702,0,2054,76,648,0,0,76,2702,0,0,76,2702,California
San Luis Obispo,2020-12-28,880,3582,430,2484,450,1098,0,0,880,3582,0,0,880,3582,California
San Luis Obispo,2020-12-29,902,4484,502,2986,400,1498,0,0,902,4484,0,0,902,4484,California
San Luis Obispo,2020-12-30,1172,5656,681,3667,491,1989,0,0,1172,5656,0,0,1172,5656,California
San Luis Obispo,2020-12-31,107,5763,4,3671,103,2092,0,0,107,5763,0,0,107,5763,California
San Luis Obispo,2021-01-01,13,5776,8,3679,5,2097,0,0,13,5776,0,0,13,5776,California
San Luis Obispo,2021-01-02,33,5809,8,3687,25,2122,0,0,33,5809,0,0,33,5809,California
San Luis Obispo,2021-01-03,16,5825,6,3693,10,2132,0,0,16,5825,0,0,16,5825,California
San Luis Obispo,2021-01-04,679,6504,525,4218,154,2286,0,0,679,6504,0,0,679,6504,California
San Luis Obispo,2021-01-05,975,7479,757,4975,218,2504,0,0,973,7475,2,2,973,7477,California
San Luis Obispo,2021-01-06,725,8204,480,5455,245,2749,0,0,717,8185,7,9,717,8194,California
San Luis Obispo,2021-01-07,1126,9330,948,6403,178,2927,0,0,683,8425,443,452,683,8877,California
San Luis Obispo,2021-01-08,882,10212,804,7207,78,3005,0,0,513,8570,368,820,513,9390,California
San Luis Obispo,2021-01-09,204,10416,195,7402,9,3014,0,0,27,8420,177,997,27,9417,California
San Luis Obispo,2021-01-10,12,10428,8,7410,4,3018,0,0,8,8424,4,1001,8,9425,California
San Luis Obispo,2021-01-11,559,10987,508,7918,51,3069,0,0,299,8464,259,1260,299,9724,California
San Luis Obispo,2021-01-12,597,11584,380,8298,217,3286,0,0,318,8503,279,1539,318,10042,California
San Luis Obispo,2021-01-13,883,12467,256,8554,627,3913,0,0,644,8910,237,1776,644,10686,California
San Luis Obispo,2021-01-14,729,13196,244,8798,485,4398,0,0,604,9402,112,1888,604,11290,California
San Luis Obispo,2021-01-15,729,13925,288,9086,441,4839,0,0,554,9786,170,2058,554,11844,California
San Luis Obispo,2021-01-16,100,14025,81,9167,19,4858,0,0,95,9876,5,2063,95,11939,California
San Luis Obispo,2021-01-17,67,14092,61,9228,6,4864,0,0,67,9943,0,2063,67,12006,California
San Luis Obispo,2021-01-18,1371,15463,389,9617,982,5846,0,0,1109,10790,262,2325,1109,13115,California
San Luis Obispo,2021-01-19,1584,17047,417,10034,1167,7013,0,0,1176,11558,408,2733,1176,14291,California
San Luis Obispo,2021-01-20,1884,18931,596,10630,1288,8301,0,0,1293,12263,589,3322,1294,15585,California
San Luis Obispo,2021-01-21,1572,20503,467,11097,1105,9406,0,0,1199,13094,369,3691,1200,16785,California
San Luis Obispo,2021-01-22,1521,22024,509,11606,1012,10418,0,0,1206,13987,313,4004,1206,17991,California
San Luis Obispo,2021-01-23,312,22336,294,11900,18,10436,0,0,296,14267,16,4020,296,18287,California
San Luis Obispo,2021-01-24,245,22581,237,12137,8,10444,0,0,239,14500,6,4026,239,18526,California
San Luis Obispo,2021-01-25,2074,24655,606,12743,1468,11912,0,0,1244,14914,830,4856,1244,19770,California
San Luis Obispo,2021-01-26,2003,26658,705,13448,1298,13210,0,0,1135,15181,868,5724,1135,20905,California
San Luis Obispo,2021-01-27,1611,28269,284,13732,1327,14537,0,0,1152,15874,459,6183,1152,22057,California
San Luis Obispo,2021-01-28,1491,29760,343,14075,1148,15685,0,0,1230,16844,260,6443,1230,23287,California
San Luis Obispo,2021-01-29,1735,31495,681,14756,1054,16739,0,0,1451,18011,284,6727,1451,24738,California
San Luis Obispo,2021-01-30,37,31532,18,14774,19,16758,0,0,26,18027,10,6737,26,24764,California
San Luis Obispo,2021-01-31,28,31560,20,14794,8,16766,0,0,25,18049,3,6740,25,24789,California
San Luis Obispo,2021-02-01,1703,33263,738,15532,965,17731,0,0,1401,19149,301,7041,1401,26190,California
San Luis Obispo,2021-02-02,1895,35158,677,16209,1218,18949,0,0,1521,20296,374,7415,1521,27711,California
San Luis Obispo,2021-02-03,1707,36865,729,16938,978,19927,0,0,1294,21177,413,7828,1294,29005,California
San Luis Obispo,2021-02-04,1658,38523,801,17739,857,20784,0,0,1091,21701,567,8395,1091,30096,California
San Luis Obispo,2021-02-05,1602,40125,716,18455,886,21670,0,0,1057,22213,546,8941,1058,31154,California
San Luis Obispo,2021-02-06,159,40284,92,18547,67,21737,0,0,93,22240,66,9007,93,31247,California
San Luis Obispo,2021-02-07,144,40428,99,18646,45,21782,0,0,74,22245,70,9077,75,31322,California
San Luis Obispo,2021-02-08,858,41286,470,19116,388,22170,0,0,498,22384,359,9436,498,31820,California
San Luis Obispo,2021-02-09,1123,42409,449,19565,674,22844,0,0,542,22358,575,10011,549,32369,California
San Luis Obispo,2021-02-10,1431,43840,488,20053,943,23787,0,0,524,21981,904,10915,527,32896,California
San Luis Obispo,2021-02-11,1331,45171,845,20898,486,24273,0,0,656,21965,672,11587,656,33552,California
San Luis Obispo,2021-02-12,786,45957,363,21261,423,24696,0,0,417,22013,369,11956,417,33969,California
San Luis Obispo,2021-02-13,393,46350,127,21388,266,24962,0,0,285,22191,107,12063,285,34254,California
San Luis Obispo,2021-02-14,318,46668,41,21429,277,25239,0,0,282,22438,36,12099,283,34537,California
San Luis Obispo,2021-02-15,727,47395,137,21566,590,25829,0,0,471,22656,253,12352,471,35008,California
San Luis Obispo,2021-02-16,2964,50359,1197,22763,1767,27596,0,0,1360,22418,1598,13950,1360,36368,California
San Luis Obispo,2021-02-17,2777,53136,1238,24001,1539,29135,0,0,1029,21708,1739,15689,1029,37397,California
San Luis Obispo,2021-02-18,2822,55958,1456,25457,1366,30501,0,0,1132,21159,1682,17371,1133,38530,California
San Luis Obispo,2021-02-19,1457,57415,1336,26793,121,30622,0,0,1133,21969,323,17694,1133,39663,California
San Luis Obispo,2021-02-20,252,57667,81,26874,171,30793,0,0,215,22147,37,17731,215,39878,California
San Luis Obispo,2021-02-21,54,57721,50,26924,4,30797,0,0,31,22155,23,17754,31,39909,California
San Luis Obispo,2021-02-22,2410,60131,1863,28787,547,31344,0,0,1465,22676,945,18699,1466,41375,California
San Luis Obispo,2021-02-23,1856,61987,1741,30528,115,31459,0,0,1363,23548,492,19191,1364,42739,California
San Luis Obispo,2021-02-24,2644,64631,1301,31829,1343,32802,0,0,835,22577,1806,20997,835,43574,California
San Luis Obispo,2021-02-25,2130,66761,1243,33072,887,33689,0,0,1206,22867,917,21914,1207,44781,California
San Luis Obispo,2021-02-26,2643,69404,1147,34219,1496,35185,0,0,1324,22880,1311,23225,1324,46105,California
San Luis Obispo,2021-02-27,565,69969,339,34558,226,35411,0,0,519,23353,46,23271,519,46624,California
San Luis Obispo,2021-02-28,200,70169,73,34631,127,35538,0,0,163,23483,33,23304,163,46787,California
San Luis Obispo,2021-03-01,2965,73134,1847,36478,1116,36654,2,2,2039,24598,927,24231,2042,48829,California
San Luis Obispo,2021-03-02,2990,76124,1887,38365,1103,37757,0,2,1845,25303,1141,25372,1846,50675,California
San Luis Obispo,2021-03-03,2281,78405,335,38700,1946,39703,0,2,833,24695,1442,26814,834,51509,California
San Luis Obispo,2021-03-04,2182,80587,1153,39853,1029,40732,0,2,1169,24855,1011,27825,1171,52680,California
San Luis Obispo,2021-03-05,2293,82880,1017,40870,1206,41938,70,72,1289,25226,988,28813,1359,54039,California
San Luis Obispo,2021-03-06,834,83714,309,41179,418,42356,107,179,614,25721,220,29033,715,54754,California
San Luis Obispo,2021-03-07,200,83914,32,41211,84,42440,84,263,71,25749,128,29161,156,54910,California
San Luis Obispo,2021-03-08,2727,86641,755,41966,1659,44099,313,576,1538,26416,1185,30346,1852,56762,California
San Luis Obispo,2021-03-09,2929,89570,955,42921,1726,45825,248,824,1508,26756,1417,31763,1757,58519,California
San Luis Obispo,2021-03-10,3192,92762,1238,44159,1672,47497,282,1106,1816,27482,1372,33135,2098,60617,California
San Luis Obispo,2021-03-11,3129,95891,1273,45432,1533,49030,323,1429,1701,28086,1419,34554,2023,62640,California
San Luis Obispo,2021-03-12,3211,99102,1281,46713,1592,50622,338,1767,1597,28418,1606,36160,1938,64578,California
San Luis Obispo,2021-03-13,795,99897,263,46976,423,51045,109,1876,432,28596,362,36522,540,65118,California
San Luis Obispo,2021-03-14,514,100411,53,47029,350,51395,111,1987,135,28464,378,36900,246,65364,California
San Luis Obispo,2021-03-15,3056,103467,1096,48125,1862,53257,98,2085,1529,28569,1523,38423,1628,66992,California
San Luis Obispo,2021-03-16,2848,106315,1509,49634,1229,54486,110,2195,1438,28712,1404,39827,1547,68539,California
San Luis Obispo,2021-03-17,3423,109738,1447,51081,1715,56201,261,2456,1977,29514,1435,41262,2237,70776,California
San Luis Obispo,2021-03-18,2812,112550,1448,52529,1150,57351,214,2670,1339,29598,1468,42730,1552,72328,California
San Luis Obispo,2021-03-19,2584,115134,1562,54091,701,58052,321,2991,960,29265,1616,44346,1283,73611,California
San Luis Obispo,2021-03-20,833,115967,496,54587,300,58352,37,3028,385,29239,448,44794,422,74033,California
San Luis Obispo,2021-03-21,187,116154,45,54632,139,58491,3,3031,157,29370,29,44823,160,74193,California
San Luis Obispo,2021-03-22,2684,118838,1169,55801,1467,59958,48,3079,1863,30465,816,45639,1911,76104,California
San Luis Obispo,2021-03-23,3371,122209,2210,58011,1130,61088,31,3110,2266,31661,1101,46740,2297,78401,California
San Luis Obispo,2021-03-24,3504,125713,2135,60146,1284,62372,85,3195,2613,33472,886,47626,2697,81098,California
San Luis Obispo,2021-03-25,3667,129380,2294,62440,1361,63733,12,3207,2635,35090,1028,48654,2646,83744,California
San Luis Obispo,2021-03-26,3144,132524,1755,64195,957,64690,432,3639,1748,35879,1391,50045,2180,85924,California
San Luis Obispo,2021-03-27,993,133517,507,64702,394,65084,92,3731,452,35884,539,50584,544,86468,California
San Luis Obispo,2021-03-28,444,133961,152,64854,236,65320,56,3787,243,35982,201,50785,299,86767,California
San Luis Obispo,2021-03-29,2576,136537,1275,66129,1168,66488,133,3920,1648,36849,914,51699,1781,88548,California
San Luis Obispo,2021-03-30,3498,140035,1907,68036,1449,67937,142,4062,2347,38190,1146,52845,2487,91035,California
San Luis Obispo,2021-03-31,3869,143904,2460,70496,1262,69199,147,4209,2502,39481,1357,54202,2648,93683,California
San Luis Obispo,2021-04-01,3834,147738,2419,72915,1298,70497,117,4326,2693,41162,1130,55332,2811,96494,California
San Luis Obispo,2021-04-02,1741,149479,686,73601,744,71241,311,4637,944,41619,796,56128,1253,97747,California
San Luis Obispo,2021-04-03,1110,150589,558,74159,425,71666,127,4764,493,41626,613,56741,620,98367,California
San Luis Obispo,2021-04-04,382,150971,130,74289,212,71878,40,4804,235,41754,147,56888,275,98642,California
San Luis Obispo,2021-04-05,3600,154571,1942,76231,1548,73426,110,4914,2032,42329,1565,58453,2140,100782,California
San Luis Obispo,2021-04-06,4023,158594,2145,78376,1555,74981,323,5237,1945,42527,2070,60523,2268,103050,California
San Luis Obispo,2021-04-07,4284,162878,2337,80713,1584,76565,363,5600,2464,43546,1806,62329,2825,105875,California
San Luis Obispo,2021-04-08,4025,166903,2191,82904,1432,77997,402,6002,2181,44292,1837,64166,2583,108458,California
San Luis Obispo,2021-04-09,3643,170546,1734,84638,1155,79152,754,6756,1538,44483,2096,66262,2287,110745,California
San Luis Obispo,2021-04-10,1572,172118,557,85195,351,79503,664,7420,483,44539,1089,67351,1145,111890,California
San Luis Obispo,2021-04-11,313,172431,64,85259,186,79689,63,7483,126,44543,185,67536,189,112079,California
San Luis Obispo,2021-04-12,3372,175803,1697,86956,1512,81201,163,7646,1415,44163,1957,69493,1577,113656,California
San Luis Obispo,2021-04-13,3636,179439,2095,89051,1540,82741,1,7647,1967,44465,1667,71160,1969,115625,California
San Luis Obispo,2021-04-14,2849,182288,1685,90736,1161,83902,3,7650,1665,44957,1173,72333,1665,117290,California
San Luis Obispo,2021-04-15,3683,185971,2395,93131,1287,85189,1,7651,1971,45235,1695,74028,1973,119263,California
San Luis Obispo,2021-04-16,3615,189586,2200,95331,1412,86601,3,7654,1810,45244,1802,75830,1811,121074,California
San Luis Obispo,2021-04-17,1096,190682,432,95763,662,87263,2,7656,715,45581,380,76210,717,121791,California
San Luis Obispo,2021-04-18,321,191003,100,95863,220,87483,1,7657,111,45485,207,76417,111,121902,California
San Luis Obispo,2021-04-19,3127,194130,1284,97147,1805,89288,38,7695,1160,44720,1964,78381,1199,123101,California
San Luis Obispo,2021-04-20,3507,197637,1934,99081,1573,90861,0,7695,1339,43903,2156,80537,1339,124440,California
San Luis Obispo,2021-04-21,3902,201539,1792,100873,2110,92971,0,7695,1621,43261,2263,82800,1621,126061,California
San Luis Obispo,2021-04-22,4574,206113,2058,102931,2516,95487,0,7695,1491,41686,3068,85868,1493,127554,California
San Luis Obispo,2021-04-23,1464,207577,849,103780,611,96098,4,7699,702,41642,757,86625,713,128267,California
San Luis Obispo,2021-04-24,1080,208657,442,104222,619,96717,19,7718,494,41574,581,87206,513,128780,California
San Luis Obispo,2021-04-25,346,209003,163,104385,183,96900,0,7718,114,41457,231,87437,114,128894,California
San Luis Obispo,2021-04-26,912,209915,292,104677,603,97503,17,7735,333,41239,567,88004,349,129243,California
San Luis Obispo,2021-04-27,3623,213538,1855,106532,1701,99204,67,7802,1392,40474,2224,90228,1459,130702,California
San Luis Obispo,2021-04-28,3724,217262,2087,108619,1565,100769,72,7874,1284,39403,2427,92655,1356,132058,California
San Luis Obispo,2021-04-29,3642,220904,2106,110725,1466,102235,70,7944,1198,38242,2431,95086,1270,133328,California
San Luis Obispo,2021-04-30,2948,223852,1655,112380,1220,103455,73,8017,921,37219,2016,97102,993,134321,California
San Luis Obispo,2021-05-01,466,224318,158,112538,272,103727,36,8053,97,36986,365,97467,132,134453,California
San Luis Obispo,2021-05-02,169,224487,52,112590,97,103824,20,8073,42,36921,127,97594,62,134515,California
San Luis Obispo,2021-05-03,885,225372,288,112878,494,104318,103,8176,225,36588,659,98253,326,134841,California
San Luis Obispo,2021-05-04,2919,228291,1892,114770,963,105281,64,8240,866,35470,2046,100299,928,135769,California
San Luis Obispo,2021-05-05,2802,231093,1850,116620,885,106166,67,8307,692,34131,2099,102398,760,136529,California
San Luis Obispo,2021-05-06,2785,233878,1884,118504,849,107015,52,8359,729,32871,2041,104439,781,137310,California
San Luis Obispo,2021-05-07,2306,236184,1750,120254,495,107510,61,8420,608,31863,1678,106117,670,137980,California
San Luis Obispo,2021-05-08,565,236749,332,120586,209,107719,24,8444,190,31720,357,106474,214,138194,California
San Luis Obispo,2021-05-09,164,236913,41,120627,104,107823,19,8463,46,31668,117,106591,65,138259,California
San Luis Obispo,2021-05-10,717,237630,150,120777,520,108343,47,8510,154,31310,558,107149,200,138459,California
San Luis Obispo,2021-05-11,1164,238794,594,121371,500,108843,70,8580,359,30938,801,107950,429,138888,California
San Luis Obispo,2021-05-12,2333,241127,1564,122935,686,109529,83,8663,676,30054,1643,109593,759,139647,California
San Luis Obispo,2021-05-13,304,241431,119,123054,159,109688,26,8689,95,29968,206,109799,120,139767,California
San Mateo,2020-12-15,26,26,26,26,0,0,0,0,26,26,0,0,26,26,California
San Mateo,2020-12-16,111,137,111,137,0,0,0,0,111,137,0,0,111,137,California
San Mateo,2020-12-17,164,301,164,301,0,0,0,0,164,301,0,0,164,301,California
San Mateo,2020-12-18,743,1044,741,1042,2,2,0,0,743,1044,0,0,743,1044,California
San Mateo,2020-12-19,516,1560,516,1558,0,2,0,0,516,1560,0,0,516,1560,California
San Mateo,2020-12-20,510,2070,509,2067,1,3,0,0,510,2070,0,0,510,2070,California
San Mateo,2020-12-21,1156,3226,1156,3223,0,3,0,0,1156,3226,0,0,1156,3226,California
San Mateo,2020-12-22,1523,4749,1516,4739,7,10,0,0,1523,4749,0,0,1523,4749,California
San Mateo,2020-12-23,1575,6324,1386,6125,189,199,0,0,1575,6324,0,0,1575,6324,California
San Mateo,2020-12-24,868,7192,611,6736,257,456,0,0,868,7192,0,0,868,7192,California
San Mateo,2020-12-25,115,7307,111,6847,4,460,0,0,115,7307,0,0,115,7307,California
San Mateo,2020-12-26,561,7868,418,7265,143,603,0,0,561,7868,0,0,561,7868,California
San Mateo,2020-12-27,307,8175,176,7441,131,734,0,0,307,8175,0,0,307,8175,California
San Mateo,2020-12-28,1052,9227,705,8146,347,1081,0,0,1052,9227,0,0,1052,9227,California
San Mateo,2020-12-29,1130,10357,705,8851,425,1506,0,0,1130,10357,0,0,1130,10357,California
San Mateo,2020-12-30,1265,11622,760,9611,505,2011,0,0,1265,11622,0,0,1265,11622,California
San Mateo,2020-12-31,716,12338,231,9842,485,2496,0,0,715,12336,1,1,715,12337,California
San Mateo,2021-01-01,66,12404,47,9889,19,2515,0,0,66,12402,0,1,66,12403,California
San Mateo,2021-01-02,401,12805,271,10160,130,2645,0,0,401,12803,0,1,401,12804,California
San Mateo,2021-01-03,284,13089,209,10369,75,2720,0,0,281,13081,3,4,281,13085,California
San Mateo,2021-01-04,1053,14142,680,11049,373,3093,0,0,1053,14134,0,4,1053,14138,California
San Mateo,2021-01-05,1203,15345,707,11756,496,3589,0,0,1173,15278,30,34,1174,15312,California
San Mateo,2021-01-06,1453,16798,955,12711,498,4087,0,0,1269,16367,181,215,1270,16582,California
San Mateo,2021-01-07,1456,18254,810,13521,646,4733,0,0,1166,17251,283,498,1167,17749,California
San Mateo,2021-01-08,1841,20095,1192,14713,649,5382,0,0,1142,17702,692,1190,1143,18892,California
San Mateo,2021-01-09,1181,21276,777,15490,404,5786,0,0,722,17965,459,1649,722,19614,California
San Mateo,2021-01-10,705,21981,576,16066,129,5915,0,0,266,17792,439,2088,266,19880,California
San Mateo,2021-01-11,2593,24574,1486,17552,1107,7022,0,0,1525,18250,1069,3157,1527,21407,California
San Mateo,2021-01-12,3284,27858,1778,19330,1506,8528,0,0,2099,19169,1183,4340,2102,23509,California
San Mateo,2021-01-13,3486,31344,1754,21084,1732,10260,0,0,2451,20588,1035,5375,2454,25963,California
San Mateo,2021-01-14,3779,35123,1586,22670,2193,12453,0,0,3092,22998,687,6062,3097,29060,California
San Mateo,2021-01-15,4325,39448,1708,24378,2617,15070,0,0,3796,26269,527,6589,3798,32858,California
San Mateo,2021-01-16,3086,42534,777,25155,2309,17379,0,0,2766,28715,320,6909,2766,35624,California
San Mateo,2021-01-17,1312,43846,310,25465,1002,18381,0,0,1102,29607,210,7119,1102,36726,California
San Mateo,2021-01-18,1366,45212,535,26000,831,19212,0,0,992,30232,371,7490,996,37722,California
San Mateo,2021-01-19,2797,48009,1786,27786,1011,20223,0,0,2003,31444,791,8281,2003,39725,California
San Mateo,2021-01-20,2798,50807,1542,29328,1256,21479,0,0,1954,32558,841,9122,1955,41680,California
San Mateo,2021-01-21,2848,53655,1299,30627,1549,23028,0,0,2255,34225,591,9713,2258,43938,California
San Mateo,2021-01-22,2799,56454,1137,31764,1662,24690,0,0,2499,36427,298,10011,2500,46438,California
San Mateo,2021-01-23,2886,59340,1692,33456,1194,25884,0,0,2521,38584,365,10376,2522,48960,California
San Mateo,2021-01-24,1521,60861,376,33832,1145,27029,0,0,1208,39481,312,10688,1209,50169,California
San Mateo,2021-01-25,4431,65292,3147,36979,1284,28313,0,0,3535,42125,894,11582,3538,53707,California
San Mateo,2021-01-26,4294,69586,2979,39958,1315,29628,0,0,3389,44611,904,12486,3390,57097,California
San Mateo,2021-01-27,2794,72380,1476,41434,1318,30946,0,0,1795,45415,992,13478,1796,58893,California
San Mateo,2021-01-28,2805,75185,1356,42790,1449,32395,0,0,1954,46533,836,14314,1954,60847,California
San Mateo,2021-01-29,2987,78172,1341,44131,1646,34041,0,0,2152,47856,832,15146,2155,63002,California
San Mateo,2021-01-30,3377,81549,1477,45608,1900,35941,0,0,2919,50319,457,15603,2920,65922,California
San Mateo,2021-01-31,1682,83231,898,46506,784,36725,0,0,1519,51677,161,15764,1519,67441,California
San Mateo,2021-02-01,2930,86161,1345,47851,1585,38310,0,0,2222,53196,704,16468,2223,69664,California
San Mateo,2021-02-02,3181,89342,1733,49584,1448,39758,0,0,2159,54336,1019,17487,2159,71823,California
San Mateo,2021-02-03,4884,94226,1950,51534,2934,42692,0,0,3831,57118,1050,18537,3832,75655,California
San Mateo,2021-02-04,6295,100521,2591,54125,3704,46396,0,0,4936,60704,1353,19890,4939,80594,California
San Mateo,2021-02-05,6800,107321,2551,56676,4249,50645,0,0,4976,63873,1807,21697,4976,85570,California
San Mateo,2021-02-06,3286,110607,1919,58595,1367,52012,0,0,2620,65830,665,22362,2622,88192,California
San Mateo,2021-02-07,1896,112503,1342,59937,554,52566,0,0,1709,67352,187,22549,1709,89901,California
San Mateo,2021-02-08,5280,117783,2249,62186,3031,55597,0,0,3107,68351,2108,24657,3107,93008,California
San Mateo,2021-02-09,6188,123971,3224,65410,2964,58561,0,0,3344,68856,2839,27496,3344,96352,California
San Mateo,2021-02-10,6497,130468,3271,68681,3226,61787,0,0,3426,69220,3062,30558,3426,99778,California
San Mateo,2021-02-11,7062,137530,3583,72264,3479,65266,0,0,3803,69776,3250,33808,3806,103584,California
San Mateo,2021-02-12,6627,144157,2956,75220,3671,68937,0,0,4705,72563,1920,35728,4707,108291,California
San Mateo,2021-02-13,6098,150255,3996,79216,2102,71039,0,0,2642,71753,3452,39180,2642,110933,California
San Mateo,2021-02-14,4635,154890,3019,82235,1616,72655,0,0,1987,71098,2643,41823,1988,112921,California
San Mateo,2021-02-15,3164,158054,1458,83693,1706,74361,0,0,1783,71505,1377,43200,1784,114705,California
San Mateo,2021-02-16,7151,165205,1877,85570,5274,79635,0,0,5283,74923,1867,45067,5285,119990,California
San Mateo,2021-02-17,7061,172266,1939,87509,5122,84757,0,0,5062,77993,1994,47061,5064,125054,California
San Mateo,2021-02-18,6701,178967,4630,92139,2071,86828,0,0,4451,80202,2245,49306,4454,129508,California
San Mateo,2021-02-19,7812,186779,5612,97751,2200,89028,0,0,5816,84028,1990,51296,5816,135324,California
San Mateo,2021-02-20,3735,190514,2419,100170,1316,90344,0,0,2307,84914,1421,52717,2307,137631,California
San Mateo,2021-02-21,2312,192826,1468,101638,844,91188,0,0,1265,85138,1041,53758,1265,138896,California
San Mateo,2021-02-22,4418,197244,3196,104834,1222,92410,0,0,2778,86283,1634,55392,2779,141675,California
San Mateo,2021-02-23,4293,201537,3048,107882,1245,93655,0,0,2485,86967,1801,57193,2485,144160,California
San Mateo,2021-02-24,7277,208814,3257,111139,4020,97675,0,0,4851,89398,2421,59614,4852,149012,California
San Mateo,2021-02-25,9087,217901,4013,115152,5074,102749,0,0,6015,92356,3057,62671,6015,155027,California
San Mateo,2021-02-26,9769,227670,3717,118869,6052,108801,0,0,6843,96291,2912,65583,6847,161874,California
San Mateo,2021-02-27,6686,234356,3416,122285,3269,112070,1,1,3634,96885,3046,68629,3640,165514,California
San Mateo,2021-02-28,4124,238480,2507,124792,1617,113687,0,1,2553,97874,1565,70194,2554,168068,California
San Mateo,2021-03-01,5662,244142,3541,128333,2120,115807,1,2,2801,97828,2848,73042,2802,170870,California
San Mateo,2021-03-02,5801,249943,3988,132321,1812,117619,1,3,3338,98713,2455,75497,3340,174210,California
San Mateo,2021-03-03,8356,258299,3903,136224,4451,122070,2,5,3605,97581,4739,80236,3607,177817,California
San Mateo,2021-03-04,8429,266728,3941,140165,4485,126555,3,8,3805,96786,4605,84841,3810,181627,California
San Mateo,2021-03-05,9110,275838,5998,146163,3108,129663,4,12,6424,100552,2666,87507,6432,188059,California
San Mateo,2021-03-06,7855,283693,5441,151604,2239,131902,175,187,5742,104364,2104,89611,5916,193975,California
San Mateo,2021-03-07,3475,287168,2319,153923,1088,132990,68,255,2007,104975,1464,91075,2075,196050,California
San Mateo,2021-03-08,4450,291618,2481,156404,1750,134740,219,474,3224,107200,1219,92294,3444,199494,California
San Mateo,2021-03-09,4564,296182,2131,158535,2160,136900,273,747,3013,108941,1543,93837,3284,202778,California
San Mateo,2021-03-10,6920,303102,2643,161178,3991,140891,286,1033,4565,111450,2341,96178,4850,207628,California
San Mateo,2021-03-11,9134,312236,5736,166914,3005,143896,393,1426,3715,110168,5389,101567,4107,211735,California
San Mateo,2021-03-12,10513,322749,6610,173524,3521,147417,382,1808,3508,107071,6988,108555,3891,215626,California
San Mateo,2021-03-13,8104,330853,3420,176944,3056,150473,1628,3436,3912,108422,4180,112735,5531,221157,California
San Mateo,2021-03-14,4940,335793,3308,180252,1525,151998,107,3543,2900,109396,2033,114768,3007,224164,California
San Mateo,2021-03-15,7131,342924,4584,184836,2371,154369,176,3719,3772,109992,3353,118121,3949,228113,California
San Mateo,2021-03-16,11913,354837,4362,189198,7428,161797,123,3842,4861,107942,7036,125157,4986,233099,California
San Mateo,2021-03-17,10800,365637,4366,193564,6309,168106,125,3967,4896,107089,5878,131035,5025,238124,California
San Mateo,2021-03-18,7243,372880,4041,197605,3019,171125,183,4150,4315,108663,2922,133957,4496,242620,California
San Mateo,2021-03-19,7364,380244,4722,202327,1975,173100,667,4817,3611,109198,3743,137700,4278,246898,California
San Mateo,2021-03-20,8296,388540,6436,208763,1524,174624,336,5153,5419,112090,2862,140562,5754,252652,California
San Mateo,2021-03-21,4163,392703,3131,211894,801,175425,231,5384,2349,112864,1803,142365,2577,255229,California
San Mateo,2021-03-22,5223,397926,3544,215438,1261,176686,418,5802,2862,113797,2348,144713,3281,258510,California
San Mateo,2021-03-23,9781,407707,4448,219886,5137,181823,196,5998,4661,113563,5090,149803,4856,263366,California
San Mateo,2021-03-24,9446,417153,5449,225335,3857,185680,140,6138,4109,112541,5269,155072,4247,267613,California
San Mateo,2021-03-25,10025,427178,4886,230221,4871,190551,268,6406,4434,111757,5489,160561,4705,272318,California
San Mateo,2021-03-26,11159,438337,7670,237891,3323,193874,166,6572,4455,109714,6666,167227,4623,276941,California
San Mateo,2021-03-27,10439,448776,7970,245861,2363,196237,106,6678,4700,108796,5721,172948,4803,281744,California
San Mateo,2021-03-28,4212,452988,2697,248558,1403,197640,112,6790,2103,108912,2100,175048,2216,283960,California
San Mateo,2021-03-29,6022,459010,3747,252305,2022,199662,253,7043,2853,108868,3150,178198,3106,287066,California
San Mateo,2021-03-30,7085,466095,4017,256322,2914,202576,154,7197,4464,110881,2606,180804,4619,291685,California
San Mateo,2021-03-31,7217,473312,4555,260877,2524,205100,138,7335,4065,111950,3135,183939,4204,295889,California
San Mateo,2021-04-01,10422,483734,5114,265991,4127,209227,1181,8516,5603,113953,4779,188718,6782,302671,California
San Mateo,2021-04-02,10684,494418,5086,271077,4034,213261,1564,10080,5619,116089,5046,193764,7182,309853,California
San Mateo,2021-04-03,9715,504133,5511,276588,2462,215723,1742,11822,4921,117966,4789,198553,6666,316519,California
San Mateo,2021-04-04,5420,509553,2612,279200,1560,217283,1248,13070,1733,117271,3674,202227,2979,319498,California
San Mateo,2021-04-05,8964,518517,4777,283977,2453,219736,1734,14804,3861,117776,5088,207315,5593,325091,California
San Mateo,2021-04-06,13147,531664,8219,292196,3078,222814,1850,16654,7519,121543,5615,212930,9382,334473,California
San Mateo,2021-04-07,11358,543022,5258,297454,4425,227239,1675,18329,4841,121557,6496,219426,6510,340983,California
San Mateo,2021-04-08,10096,553118,5036,302490,2474,229713,2586,20915,4498,123048,5583,225009,7074,348057,California
San Mateo,2021-04-09,11260,564378,5476,307966,3307,233020,2477,23392,5090,124439,6168,231177,7559,355616,California
San Mateo,2021-04-10,11156,575534,5669,313635,4061,237081,1426,24818,4632,123992,6501,237678,6054,361670,California
San Mateo,2021-04-11,6608,582142,3286,316921,873,237954,2449,27267,2333,124500,4269,241947,4777,366447,California
San Mateo,2021-04-12,7305,589447,4469,321390,1876,239830,960,28227,3552,125277,3735,245682,4512,370959,California
San Mateo,2021-04-13,8140,597587,5084,326474,3047,242877,9,28236,4317,125787,3818,249500,4328,375287,California
San Mateo,2021-04-14,8304,605891,5363,331837,2940,245817,1,28237,4274,126050,4018,253518,4281,379568,California
San Mateo,2021-04-15,11069,616960,7360,339197,3707,249524,2,28239,7259,129526,3787,257305,7263,386831,California
San Mateo,2021-04-16,9931,626891,6854,346051,3061,252585,16,28255,6318,132268,3597,260902,6339,393170,California
San Mateo,2021-04-17,9649,636540,6435,352486,3211,255796,3,28258,6122,134881,3517,264419,6130,399300,California
San Mateo,2021-04-18,5401,641941,2591,355077,2810,258606,0,28258,3653,136802,1738,266157,3659,402959,California
San Mateo,2021-04-19,8337,650278,5427,360504,2910,261516,0,28258,5409,139300,2919,269076,5417,408376,California
San Mateo,2021-04-20,10222,660500,5684,366188,4538,266054,0,28258,6572,142248,3635,272711,6583,414959,California
San Mateo,2021-04-21,8991,669491,6095,372283,2896,268950,0,28258,5573,144424,3404,276115,5580,420539,California
San Mateo,2021-04-22,9565,679056,6410,378693,3154,272104,1,28259,5323,145542,4211,280326,5329,425868,California
San Mateo,2021-04-23,9443,688499,6213,384906,3230,275334,0,28259,5309,146756,4110,284436,5324,431192,California
San Mateo,2021-04-24,11209,699708,8014,392920,3195,278529,0,28259,6042,147659,5147,289583,6050,437242,California
San Mateo,2021-04-25,5489,705197,3855,396775,1632,280161,2,28261,3902,149997,1575,291158,3913,441155,California
San Mateo,2021-04-26,5993,711190,4383,401158,1603,281764,7,28268,3481,150991,2506,293664,3500,444655,California
San Mateo,2021-04-27,10636,721826,7529,408687,3003,284767,104,28372,4253,148994,6358,300022,4361,449016,California
San Mateo,2021-04-28,7658,729484,4422,413109,3032,287799,204,28576,4015,149582,3635,303657,4223,453239,California
San Mateo,2021-04-29,7913,737397,3708,416817,4030,291829,175,28751,3504,148889,4384,308041,3691,456930,California
San Mateo,2021-04-30,8066,745463,5065,421882,2849,294678,152,28903,3421,147851,4624,312665,3586,460516,California
San Mateo,2021-05-01,6135,751598,4113,425995,1903,296581,119,29022,2657,147175,3463,316128,2787,463303,California
San Mateo,2021-05-02,3168,754766,1739,427734,1358,297939,71,29093,1144,146378,2016,318144,1219,464522,California
San Mateo,2021-05-03,6038,760804,4522,432256,1372,299311,144,29237,1906,144304,4124,322268,2050,466572,California
San Mateo,2021-05-04,7228,768032,4892,437148,2164,301475,172,29409,2454,142183,4759,327027,2638,469210,California
San Mateo,2021-05-05,6840,774872,4471,441619,2207,303682,162,29571,2465,140464,4347,331374,2628,471838,California
San Mateo,2021-05-06,8453,783325,6598,448217,1682,305364,173,29744,1710,135626,6726,338100,1888,473726,California
San Mateo,2021-05-07,8172,791497,5851,454068,2038,307402,283,30027,1835,131446,6309,344409,2129,475855,California
San Mateo,2021-05-08,6636,798133,4021,458089,2377,309779,238,30265,1826,128715,4799,349208,2068,477923,California
San Mateo,2021-05-09,3112,801245,2428,460517,611,310390,73,30338,1066,127815,2040,351248,1140,479063,California
San Mateo,2021-05-10,4564,805809,3274,463791,1121,311511,169,30507,773,124983,3782,355030,950,480013,California
San Mateo,2021-05-11,6424,812233,4820,468611,1493,313004,111,30618,1648,121985,4760,359790,1762,481775,California
San Mateo,2021-05-12,5380,817613,3687,472298,1515,314519,178,30796,1241,119278,4130,363920,1423,483198,California
San Mateo,2021-05-13,5533,823146,4067,476365,1418,315937,48,30844,1704,117220,3814,367734,1756,484954,California
Santa Barbara,2020-12-15,2,2,2,2,0,0,0,0,2,2,0,0,2,2,California
Santa Barbara,2020-12-16,2,4,2,4,0,0,0,0,2,4,0,0,2,4,California
Santa Barbara,2020-12-17,56,60,56,60,0,0,0,0,56,60,0,0,56,60,California
Santa Barbara,2020-12-18,378,438,377,437,1,1,0,0,378,438,0,0,378,438,California
Santa Barbara,2020-12-19,325,763,325,762,0,1,0,0,325,763,0,0,325,763,California
Santa Barbara,2020-12-20,235,998,235,997,0,1,0,0,235,998,0,0,235,998,California
Santa Barbara,2020-12-21,652,1650,650,1647,2,3,0,0,652,1650,0,0,652,1650,California
Santa Barbara,2020-12-22,245,1895,243,1890,2,5,0,0,245,1895,0,0,245,1895,California
Santa Barbara,2020-12-23,321,2216,203,2093,118,123,0,0,321,2216,0,0,321,2216,California
Santa Barbara,2020-12-24,88,2304,40,2133,48,171,0,0,88,2304,0,0,88,2304,California
Santa Barbara,2020-12-26,326,2630,66,2199,260,431,0,0,326,2630,0,0,326,2630,California
Santa Barbara,2020-12-27,62,2692,1,2200,61,492,0,0,62,2692,0,0,62,2692,California
Santa Barbara,2020-12-28,356,3048,223,2423,133,625,0,0,356,3048,0,0,356,3048,California
Santa Barbara,2020-12-29,555,3603,361,2784,194,819,0,0,555,3603,0,0,555,3603,California
Santa Barbara,2020-12-30,585,4188,403,3187,182,1001,0,0,585,4188,0,0,585,4188,California
Santa Barbara,2020-12-31,240,4428,114,3301,126,1127,0,0,240,4428,0,0,240,4428,California
Santa Barbara,2021-01-01,112,4540,108,3409,4,1131,0,0,112,4540,0,0,112,4540,California
Santa Barbara,2021-01-02,590,5130,225,3634,365,1496,0,0,590,5130,0,0,590,5130,California
Santa Barbara,2021-01-03,23,5153,15,3649,8,1504,0,0,23,5153,0,0,23,5153,California
Santa Barbara,2021-01-04,309,5462,246,3895,63,1567,0,0,308,5461,0,0,308,5461,California
Santa Barbara,2021-01-05,754,6216,381,4276,373,1940,0,0,727,6161,27,27,727,6188,California
Santa Barbara,2021-01-06,656,6872,276,4552,380,2320,0,0,595,6696,60,87,595,6783,California
Santa Barbara,2021-01-07,1033,7905,711,5263,322,2642,0,0,527,6721,502,589,527,7310,California
Santa Barbara,2021-01-08,1202,9107,842,6105,360,3002,0,0,709,6937,493,1082,709,8019,California
Santa Barbara,2021-01-09,566,9673,293,6398,273,3275,0,0,320,7011,246,1328,320,8339,California
Santa Barbara,2021-01-10,62,9735,50,6448,12,3287,0,0,46,7041,16,1344,46,8385,California
Santa Barbara,2021-01-11,839,10574,670,7118,169,3456,0,0,616,7435,222,1566,616,9001,California
Santa Barbara,2021-01-12,1429,12003,635,7753,794,4250,0,0,1272,8550,157,1723,1272,10273,California
Santa Barbara,2021-01-13,1229,13232,281,8034,948,5198,0,0,1102,9525,127,1850,1102,11375,California
Santa Barbara,2021-01-14,1248,14480,132,8166,1116,6314,0,0,1194,10667,53,1903,1195,12570,California
Santa Barbara,2021-01-15,1802,16282,421,8587,1381,7695,0,0,1721,12308,80,1983,1721,14291,California
Santa Barbara,2021-01-16,1272,17554,202,8789,1070,8765,0,0,1233,13503,38,2021,1233,15524,California
Santa Barbara,2021-01-17,123,17677,20,8809,103,8868,0,0,120,13620,3,2024,120,15644,California
Santa Barbara,2021-01-18,1151,18828,417,9226,734,9602,0,0,966,14401,185,2209,966,16610,California
Santa Barbara,2021-01-19,1638,20466,570,9796,1068,10670,0,0,1359,15482,278,2487,1359,17969,California
Santa Barbara,2021-01-20,2095,22561,544,10340,1551,12221,0,0,1737,16862,357,2844,1737,19706,California
Santa Barbara,2021-01-21,3087,25648,1817,12157,1270,13491,0,0,2928,19632,159,3003,2929,22635,California
Santa Barbara,2021-01-22,3018,28666,1864,14021,1154,14645,0,0,2854,22326,161,3164,2855,25490,California
Santa Barbara,2021-01-23,1734,30400,1106,15127,628,15273,0,0,1222,23037,511,3675,1222,26712,California
Santa Barbara,2021-01-24,844,31244,752,15879,92,15365,0,0,835,23863,9,3684,835,27547,California
Santa Barbara,2021-01-25,1245,32489,501,16380,744,16109,0,0,1005,24628,240,3924,1005,28552,California
Santa Barbara,2021-01-26,2051,34540,468,16848,1583,17692,0,0,1664,25907,385,4309,1664,30216,California
Santa Barbara,2021-01-27,1163,35703,400,17248,763,18455,0,0,901,26549,261,4570,903,31119,California
Santa Barbara,2021-01-28,895,36598,298,17546,597,19052,0,0,680,27017,212,4782,680,31799,California
Santa Barbara,2021-01-29,1332,37930,537,18083,795,19847,0,0,978,27646,351,5133,980,32779,California
Santa Barbara,2021-01-30,1892,39822,1420,19503,472,20319,0,0,1488,28733,401,5534,1488,34267,California
Santa Barbara,2021-01-31,1454,41276,1216,20719,238,20557,0,0,1415,30109,39,5573,1415,35682,California
Santa Barbara,2021-02-01,944,42220,521,21240,423,20980,0,0,556,30277,388,5961,556,36238,California
Santa Barbara,2021-02-02,1828,44048,700,21940,1128,22108,0,0,1052,30556,773,6734,1052,37290,California
Santa Barbara,2021-02-03,1941,45989,1077,23017,864,22972,0,0,1499,31623,432,7166,1499,38789,California
Santa Barbara,2021-02-04,2776,48765,1862,24879,914,23886,0,0,2482,33816,289,7455,2482,41271,California
Santa Barbara,2021-02-05,2904,51669,2060,26939,844,24730,0,0,2260,35434,642,8097,2260,43531,California
Santa Barbara,2021-02-06,1204,52873,338,27277,866,25596,0,0,794,35818,410,8507,794,44325,California
Santa Barbara,2021-02-07,301,53174,263,27540,38,25634,0,0,266,36050,34,8541,266,44591,California
Santa Barbara,2021-02-08,956,54130,311,27851,645,26279,0,0,668,36430,288,8829,668,45259,California
Santa Barbara,2021-02-09,2438,56568,313,28164,2125,28404,0,0,1119,36240,1309,10138,1119,46378,California
Santa Barbara,2021-02-10,2761,59329,1495,29659,1266,29670,0,0,779,35046,1973,12111,779,47157,California
Santa Barbara,2021-02-11,4185,63514,2807,32466,1378,31048,0,0,625,32120,3551,15662,625,47782,California
Santa Barbara,2021-02-12,3308,66822,949,33415,2359,33407,0,0,774,30366,2528,18190,774,48556,California
Santa Barbara,2021-02-13,1235,68057,341,33756,894,34301,0,0,561,30257,670,18860,561,49117,California
Santa Barbara,2021-02-14,331,68388,34,33790,297,34598,0,0,285,30496,46,18906,285,49402,California
Santa Barbara,2021-02-15,968,69356,339,34129,629,35227,0,0,492,30517,471,19377,492,49894,California
Santa Barbara,2021-02-16,2108,71464,396,34525,1712,36939,0,0,716,29845,1388,20765,716,50610,California
Santa Barbara,2021-02-17,1437,72901,321,34846,1116,38055,0,0,522,29454,913,21678,522,51132,California
Santa Barbara,2021-02-18,3254,76155,2647,37493,607,38662,0,0,1519,29273,1700,23378,1519,52651,California
Santa Barbara,2021-02-19,3596,79751,2642,40135,954,39616,0,0,2330,30340,1263,24641,2330,54981,California
Santa Barbara,2021-02-20,2221,81972,1435,41570,786,40402,0,0,1666,31460,546,25187,1666,56647,California
Santa Barbara,2021-02-21,126,82098,97,41667,29,40431,0,0,57,31448,69,25256,57,56704,California
Santa Barbara,2021-02-22,940,83038,248,41915,692,41123,0,0,261,31037,672,25928,261,56965,California
Santa Barbara,2021-02-23,3187,86225,1045,42960,2142,43265,0,0,421,28696,2762,28690,421,57386,California
Santa Barbara,2021-02-24,3199,89424,1088,44048,2111,45376,0,0,721,26951,2466,31156,721,58107,California
Santa Barbara,2021-02-25,3451,92875,1919,45967,1532,46908,0,0,986,25480,2458,33614,987,59094,California
Santa Barbara,2021-02-26,3663,96538,2173,48140,1490,48398,0,0,1978,25780,1678,35292,1978,61072,California
Santa Barbara,2021-02-27,1528,98066,563,48703,965,49363,0,0,847,25954,675,35967,849,61921,California
Santa Barbara,2021-02-28,1086,99152,221,48924,865,50228,0,0,894,26662,187,36154,895,62816,California
Santa Barbara,2021-03-01,1636,100788,465,49389,1171,51399,0,0,1085,27210,538,36692,1086,63902,California
Santa Barbara,2021-03-02,2619,103407,414,49803,2205,53604,0,0,2119,28843,487,37179,2120,66022,California
Santa Barbara,2021-03-03,4626,108033,2099,51902,2525,56129,2,2,4031,32294,585,37764,4036,70058,California
Santa Barbara,2021-03-04,3413,111446,2280,54182,1133,57262,0,2,2859,34607,546,38310,2859,72917,California
Santa Barbara,2021-03-05,3810,115256,2161,56343,1590,58852,59,61,3085,37032,719,39029,3144,76061,California
Santa Barbara,2021-03-06,2431,117687,724,57067,1488,60340,219,280,1666,38155,761,39790,1884,77945,California
Santa Barbara,2021-03-07,561,118248,122,57189,309,60649,130,410,382,38490,178,39968,513,78458,California
Santa Barbara,2021-03-08,1574,119822,378,57567,854,61503,342,752,792,38848,776,40744,1134,79592,California
Santa Barbara,2021-03-09,2772,122594,324,57891,1675,63178,773,1525,718,38284,2051,42795,1487,81079,California
Santa Barbara,2021-03-10,2751,125345,546,58437,1159,64337,1046,2571,1034,38653,1711,44506,2080,83159,California
Santa Barbara,2021-03-11,5575,130920,3029,61466,1431,65768,1115,3686,2280,38761,3282,47788,3390,86549,California
Santa Barbara,2021-03-12,3669,134589,2095,63561,1145,66913,429,4115,2176,39878,1485,49273,2602,89151,California
Santa Barbara,2021-03-13,3471,138060,1922,65483,1340,68253,209,4324,2692,42003,777,50050,2902,92053,California
Santa Barbara,2021-03-14,782,138842,370,65853,355,68608,57,4381,464,42206,318,50368,521,92574,California
Santa Barbara,2021-03-15,2104,140946,691,66544,1122,69730,291,4672,1266,42929,832,51200,1555,94129,California
Santa Barbara,2021-03-16,3723,144669,1172,67716,2209,71939,342,5014,2737,45025,983,52183,3079,97208,California
Santa Barbara,2021-03-17,3297,147966,973,68689,1919,73858,405,5419,2308,46747,987,53170,2709,99917,California
Santa Barbara,2021-03-18,5221,153187,2798,71487,2221,76079,202,5621,3998,49738,1209,54379,4200,104117,California
Santa Barbara,2021-03-19,4440,157627,2765,74252,1343,77422,332,5953,3051,51735,1385,55764,3382,107499,California
Santa Barbara,2021-03-20,2166,159793,827,75079,1327,78749,12,5965,1331,52244,833,56597,1342,108841,California
Santa Barbara,2021-03-21,1163,160956,382,75461,752,79501,29,5994,838,52788,323,56920,867,109708,California
Santa Barbara,2021-03-22,2778,163734,1912,77373,822,80323,44,6038,2224,54510,546,57466,2268,111976,California
Santa Barbara,2021-03-23,4477,168211,2250,79623,2127,82450,100,6138,3711,57564,757,58223,3811,115787,California
Santa Barbara,2021-03-24,5404,173615,3154,82777,1512,83962,738,6876,2970,58857,2413,60636,3706,119493,California
Santa Barbara,2021-03-25,5551,179166,3277,86054,2087,86049,187,7063,2779,59067,2756,63392,2966,122459,California
Santa Barbara,2021-03-26,5083,184249,3221,89275,1563,87612,299,7362,2240,58779,2827,66219,2539,124998,California
Santa Barbara,2021-03-27,2923,187172,1219,90494,1661,89273,43,7405,1595,59092,1323,67542,1636,126634,California
Santa Barbara,2021-03-28,2771,189943,1647,92141,1096,90369,28,7433,1887,60129,879,68421,1916,128550,California
Santa Barbara,2021-03-29,4042,193985,2086,94227,1885,92254,71,7504,3231,62624,807,69228,3302,131852,California
Santa Barbara,2021-03-30,6792,200777,3509,97736,3133,95387,150,7654,4565,65124,2212,71440,4712,136564,California
Santa Barbara,2021-03-31,8648,209425,5514,103250,3067,98454,67,7721,5055,66671,3575,75015,5122,141686,California
Santa Barbara,2021-04-01,7001,216426,5178,108428,1564,100018,259,7980,4153,68249,2832,77847,4410,146096,California
Santa Barbara,2021-04-02,6595,223021,4521,112949,1481,101499,593,8573,3383,69019,3205,81052,3975,150071,California
Santa Barbara,2021-04-03,3786,226807,2099,115048,1619,103118,68,8641,2499,70302,1283,82335,2566,152637,California
Santa Barbara,2021-04-04,898,227705,444,115492,414,103532,40,8681,500,70446,396,82731,540,153177,California
Santa Barbara,2021-04-05,3449,231154,2277,117769,914,104446,258,8939,2159,71579,1284,84015,2417,155594,California
Santa Barbara,2021-04-06,5445,236599,2810,120579,2099,106545,536,9475,3327,73336,2104,86119,3861,159455,California
Santa Barbara,2021-04-07,5966,242565,3283,123862,2143,108688,540,10015,4060,76039,1896,88015,4599,164054,California
Santa Barbara,2021-04-08,7359,249924,5008,128870,641,109329,1710,11725,3392,77173,3965,91980,5099,169153,California
Santa Barbara,2021-04-09,7254,257178,4825,133695,1084,110413,1345,13070,3264,77796,3981,95961,4604,173757,California
Santa Barbara,2021-04-10,6629,263807,4587,138282,1425,111838,617,13687,4504,80796,2119,98080,5119,178876,California
Santa Barbara,2021-04-11,2641,266448,1930,140212,412,112250,299,13986,1821,82097,814,98894,2115,180991,California
Santa Barbara,2021-04-12,4424,270872,2847,143059,1024,113274,553,14539,1922,82075,2495,101389,2473,183464,California
Santa Barbara,2021-04-13,6306,277178,4149,147208,2151,115425,6,14545,2623,81024,3679,105068,2628,186092,California
Santa Barbara,2021-04-14,6722,283900,4400,151608,2320,117745,2,14547,4205,82723,2508,107576,4207,190299,California
Santa Barbara,2021-04-15,6929,290829,4081,155689,2847,120592,1,14548,3756,83317,3164,110740,3758,194057,California
Santa Barbara,2021-04-16,6376,297205,3752,159441,2613,123205,11,14559,4391,85748,1970,112710,4401,198458,California
Santa Barbara,2021-04-17,5300,302505,3855,163296,1445,124650,0,14559,4090,88637,1201,113911,4090,202548,California
Santa Barbara,2021-04-18,2127,304632,1476,164772,651,125301,0,14559,371,87257,1752,115663,372,202920,California
Santa Barbara,2021-04-19,3216,307848,2219,166991,992,126293,5,14564,1015,86081,2197,117860,1021,203941,California
Santa Barbara,2021-04-20,5855,313703,3943,170934,1911,128204,1,14565,1645,83528,4198,122058,1645,205586,California
Santa Barbara,2021-04-21,5429,319132,3592,174526,1837,130041,0,14565,1697,81505,3720,125778,1697,207283,California
Santa Barbara,2021-04-22,5075,324207,2549,177075,2525,132566,1,14566,1450,79348,3610,129388,1453,208736,California
Santa Barbara,2021-04-23,5525,329732,3871,180946,1654,134220,0,14566,1951,77735,3564,132952,1951,210687,California
Santa Barbara,2021-04-24,4420,334152,2877,183823,1538,135758,5,14571,1663,76654,2749,135701,1668,212355,California
Santa Barbara,2021-04-25,1831,335983,1185,185008,646,136404,0,14571,501,75832,1323,137024,501,212856,California
Santa Barbara,2021-04-26,2856,338839,1776,186784,1059,137463,21,14592,432,73867,2418,139442,453,213309,California
Santa Barbara,2021-04-27,3596,342435,1982,188766,1527,138990,87,14679,1083,72531,2505,141947,1169,214478,California
Santa Barbara,2021-04-28,4900,347335,2863,191629,1921,140911,116,14795,1404,70569,3485,145432,1523,216001,California
Santa Barbara,2021-04-29,5245,352580,3797,195426,1221,142132,227,15022,1444,68453,3785,149217,1669,217670,California
Santa Barbara,2021-04-30,4943,357523,3693,199119,1086,143218,164,15186,1423,66532,3507,152724,1586,219256,California
Santa Barbara,2021-05-01,5236,362759,4058,203177,1146,144364,32,15218,906,63149,4323,157047,940,220196,California
Santa Barbara,2021-05-02,1131,363890,666,203843,337,144701,128,15346,308,62763,822,157869,436,220632,California
Santa Barbara,2021-05-03,2203,366093,1479,205322,585,145286,139,15485,443,61591,1754,159623,582,221214,California
Santa Barbara,2021-05-04,3278,369371,1661,206983,1547,146833,70,15555,1140,60675,2125,161748,1209,222423,California
Santa Barbara,2021-05-05,5417,374788,3670,210653,1600,148433,147,15702,627,56672,4778,166526,775,223198,California
Santa Barbara,2021-05-06,5036,379824,3903,214556,1029,149462,104,15806,962,53680,4058,170584,1066,224264,California
Santa Barbara,2021-05-07,4658,384482,3654,218210,827,150289,177,15983,1004,51215,3644,174228,1179,225443,California
Santa Barbara,2021-05-08,4201,388683,3152,221362,951,151240,98,16081,859,48845,3327,177555,957,226400,California
Santa Barbara,2021-05-09,702,389385,109,221471,553,151793,40,16121,467,49119,234,177789,508,226908,California
Santa Barbara,2021-05-10,1290,390675,611,222082,595,152388,84,16205,341,48596,947,178736,424,227332,California
Santa Barbara,2021-05-11,1782,392457,763,222845,727,153115,292,16497,379,47869,1396,180132,669,228001,California
Santa Barbara,2021-05-12,1390,393847,621,223466,566,153681,203,16700,386,47461,997,181129,589,228590,California
Santa Barbara,2021-05-13,2688,396535,2215,225681,304,153985,169,16869,714,46373,1969,183098,881,229471,California
Santa Clara,2020-12-15,65,65,65,65,0,0,0,0,65,65,0,0,65,65,California
Santa Clara,2020-12-16,136,201,136,201,0,0,0,0,136,201,0,0,136,201,California
Santa Clara,2020-12-17,392,593,392,593,0,0,0,0,392,593,0,0,392,593,California
Santa Clara,2020-12-18,1674,2267,1674,2267,0,0,0,0,1674,2267,0,0,1674,2267,California
Santa Clara,2020-12-19,2074,4341,2074,4341,0,0,0,0,2073,4340,0,0,2073,4340,California
Santa Clara,2020-12-20,1893,6234,1892,6233,1,1,0,0,1890,6230,0,0,1890,6230,California
Santa Clara,2020-12-21,2670,8904,2670,8903,0,1,0,0,2669,8899,0,0,2669,8899,California
Santa Clara,2020-12-22,3119,12023,3112,12015,7,8,0,0,3116,12015,0,0,3116,12015,California
Santa Clara,2020-12-23,3261,15284,3075,15090,186,194,0,0,3259,15274,0,0,3259,15274,California
Santa Clara,2020-12-24,1894,17178,1709,16799,185,379,0,0,1888,17161,1,1,1888,17162,California
Santa Clara,2020-12-25,343,17521,342,17141,1,380,0,0,343,17504,0,1,343,17505,California
Santa Clara,2020-12-26,1264,18785,1031,18172,233,613,0,0,1263,18767,0,1,1263,18768,California
Santa Clara,2020-12-27,648,19433,508,18680,140,753,0,0,648,19415,0,1,648,19416,California
Santa Clara,2020-12-28,2334,21767,1732,20412,602,1355,0,0,2334,21749,0,1,2334,21750,California
Santa Clara,2020-12-29,2329,24096,1470,21882,859,2214,0,0,2327,24076,0,1,2327,24077,California
Santa Clara,2020-12-30,2994,27090,1902,23784,1092,3306,0,0,2992,27066,2,3,2992,27069,California
Santa Clara,2020-12-31,1216,28306,392,24176,824,4130,0,0,1215,28280,1,4,1215,28284,California
Santa Clara,2021-01-01,145,28451,12,24188,133,4263,0,0,144,28423,1,5,144,28428,California
Santa Clara,2021-01-02,1087,29538,817,25005,270,4533,0,0,1087,29510,0,5,1087,29515,California
Santa Clara,2021-01-03,584,30122,368,25373,216,4749,0,0,579,30086,3,8,579,30094,California
Santa Clara,2021-01-04,2470,32592,1670,27043,800,5549,0,0,2467,32553,0,8,2467,32561,California
Santa Clara,2021-01-05,3065,35657,2009,29052,1056,6605,0,0,2878,35251,186,194,2884,35445,California
Santa Clara,2021-01-06,3325,38982,1960,31012,1365,7970,0,0,2751,37433,570,764,2752,38197,California
Santa Clara,2021-01-07,4215,43197,2557,33569,1658,9628,0,0,3148,39529,1057,1821,3153,41350,California
Santa Clara,2021-01-08,5847,49044,3821,37390,2026,11654,0,0,3794,41274,2049,3870,3794,45144,California
Santa Clara,2021-01-09,2972,52016,1865,39255,1107,12761,0,0,1688,41681,1284,5154,1691,46835,California
Santa Clara,2021-01-10,1953,53969,1508,40763,445,13206,0,0,745,41219,1207,6361,745,47580,California
Santa Clara,2021-01-11,5944,59913,3741,44504,2203,15409,0,0,3380,42041,2563,8924,3385,50965,California
Santa Clara,2021-01-12,6804,66717,3400,47904,3404,18813,0,0,4563,44365,2240,11164,4564,55529,California
Santa Clara,2021-01-13,7362,74079,3044,50948,4318,23131,0,0,5195,47396,2165,13329,5196,60725,California
Santa Clara,2021-01-14,8222,82301,2788,53736,5434,28565,0,0,6486,52153,1731,15060,6488,67213,California
Santa Clara,2021-01-15,9455,91756,2685,56421,6770,35335,0,0,8136,58978,1316,16376,8141,75354,California
Santa Clara,2021-01-16,4301,96057,1230,57651,3071,38406,0,0,3465,61611,832,17208,3465,78819,California
Santa Clara,2021-01-17,3217,99274,606,58257,2611,41017,0,0,2720,63834,497,17705,2720,81539,California
Santa Clara,2021-01-18,5088,104362,1151,59408,3937,44954,0,0,4534,67815,554,18259,4535,86074,California
Santa Clara,2021-01-19,8480,112842,2673,62081,5807,50761,0,0,6803,72947,1674,19933,6806,92880,California
Santa Clara,2021-01-20,8080,120922,4108,66189,3972,54733,0,0,6530,77932,1545,21478,6530,99410,California
Santa Clara,2021-01-21,8650,129572,3739,69928,4911,59644,0,0,7450,84186,1198,22676,7452,106862,California
Santa Clara,2021-01-22,8617,138189,3240,73168,5377,65021,0,0,8052,91677,564,23240,8055,114917,California
Santa Clara,2021-01-23,3781,141970,1690,74858,2091,67112,0,0,2821,93539,960,24200,2822,117739,California
Santa Clara,2021-01-24,2827,144797,1423,76281,1404,68516,0,0,2341,95397,483,24683,2341,120080,California
Santa Clara,2021-01-25,8373,153170,3784,80065,4589,73105,0,0,6307,99650,2058,26741,6311,126391,California
Santa Clara,2021-01-26,8238,161408,3770,83835,4468,77573,0,0,6121,103666,2107,28848,6123,132514,California
Santa Clara,2021-01-27,8713,170121,3829,87664,4884,82457,0,0,6791,108557,1901,30749,6792,139306,California
Santa Clara,2021-01-28,9460,179581,3796,91460,5664,88121,0,0,7502,114126,1937,32686,7506,146812,California
Santa Clara,2021-01-29,9507,189088,3945,95405,5562,93683,0,0,7336,119301,2162,34848,7337,154149,California
Santa Clara,2021-01-30,4182,193270,2076,97481,2106,95789,0,0,2976,121079,1199,36047,2977,157126,California
Santa Clara,2021-01-31,2174,195444,1305,98786,869,96658,0,0,1581,122070,590,36637,1581,158707,California
Santa Clara,2021-02-01,7828,203272,3486,102272,4342,101000,0,0,6140,126531,1680,38317,6141,164848,California
Santa Clara,2021-02-02,8527,211799,2875,105147,5652,106652,0,0,6528,131070,1992,40309,6531,171379,California
Santa Clara,2021-02-03,9193,220992,3480,108627,5713,112365,0,0,6914,135717,2273,42582,6920,178299,California
Santa Clara,2021-02-04,10914,231906,4120,112747,6794,119159,0,0,8629,142074,2275,44857,8632,186931,California
Santa Clara,2021-02-05,11915,243821,4348,117095,7567,126726,0,0,8454,147083,3446,48303,8455,195386,California
Santa Clara,2021-02-06,5184,249005,2820,119915,2364,129090,0,0,4021,149947,1159,49462,4023,199409,California
Santa Clara,2021-02-07,3473,252478,2348,122263,1125,130215,0,0,3020,152516,452,49914,3021,202430,California
Santa Clara,2021-02-08,10006,262484,3480,125743,6526,136741,0,0,7294,157113,2698,52612,7295,209725,California
Santa Clara,2021-02-09,11159,273643,3816,129559,7343,144084,0,0,7673,161313,3476,56088,7676,217401,California
Santa Clara,2021-02-10,12640,286283,4912,134471,7728,151812,0,0,6838,162364,5789,61877,6840,224241,California
Santa Clara,2021-02-11,13493,299776,4711,139182,8782,160594,0,0,7674,164235,5804,67681,7675,231916,California
Santa Clara,2021-02-12,14538,314314,4490,143672,10048,170642,0,0,6976,163671,7542,75223,6978,238894,California
Santa Clara,2021-02-13,6073,320387,1458,145130,4615,175257,0,0,2220,162047,3846,79069,2222,241116,California
Santa Clara,2021-02-14,4612,324999,1143,146273,3469,178726,0,0,1467,160373,3143,82212,1469,242585,California
Santa Clara,2021-02-15,6255,331254,2799,149072,3456,182182,0,0,2701,159529,3545,85757,2701,245286,California
Santa Clara,2021-02-16,13770,345024,4000,153072,9770,191952,0,0,6928,159633,6824,92581,6928,252214,California
Santa Clara,2021-02-17,14067,359091,5488,158560,8579,200531,0,0,7046,159681,7003,99584,7051,259265,California
Santa Clara,2021-02-18,14193,373284,8361,166921,5832,206363,0,0,7231,159995,6920,106504,7234,266499,California
Santa Clara,2021-02-19,14803,388087,9517,176438,5286,211649,0,0,8613,162439,6174,112678,8618,275117,California
Santa Clara,2021-02-20,6818,394905,5105,181543,1713,213362,0,0,3672,162975,3136,115814,3672,278789,California
Santa Clara,2021-02-21,3248,398153,2429,183972,819,214181,0,0,1164,162065,2076,117890,1166,279955,California
Santa Clara,2021-02-22,10159,408312,6086,190058,4073,218254,0,0,4732,161381,5417,123307,4733,284688,California
Santa Clara,2021-02-23,11873,420185,7704,197762,4169,222423,0,0,6737,162999,5123,128430,6741,291429,California
Santa Clara,2021-02-24,14141,434326,9105,206867,5036,227459,0,0,8753,166380,5372,133802,8753,300182,California
Santa Clara,2021-02-25,14607,448933,9242,216109,5365,232824,0,0,7887,167573,6699,140501,7892,308074,California
Santa Clara,2021-02-26,14554,463487,8435,224544,6119,238943,0,0,7996,169039,6533,147034,7999,316073,California
Santa Clara,2021-02-27,8062,471549,5502,230046,2559,241502,1,1,4459,169913,3593,150627,4467,320540,California
Santa Clara,2021-02-28,4723,476272,3075,233121,1648,243150,0,1,2204,169607,2510,153137,2204,322744,California
Santa Clara,2021-03-01,14065,490337,7978,241099,6084,249234,3,4,8705,172975,5340,158477,8708,331452,California
Santa Clara,2021-03-02,15870,506207,9392,250491,6477,255711,1,5,10114,177360,5731,164208,10116,341568,California
Santa Clara,2021-03-03,18424,524631,9042,259533,9381,265092,1,6,11438,181856,6949,171157,11445,353013,California
Santa Clara,2021-03-04,16416,541047,8938,268471,7475,272567,3,9,9549,184623,6787,177944,9554,362567,California
Santa Clara,2021-03-05,16486,557533,9151,277622,7210,279777,125,134,9138,186563,7327,185271,9267,371834,California
Santa Clara,2021-03-06,9361,566894,6271,283893,2653,282430,437,571,7046,191743,2302,187573,7482,379316,California
Santa Clara,2021-03-07,6729,573623,4413,288306,2083,284513,233,804,5358,195970,1363,188936,5590,384906,California
Santa Clara,2021-03-08,12839,586462,6682,294988,5596,290109,561,1365,8224,200158,4598,193534,8786,393692,California
Santa Clara,2021-03-09,14923,601385,6212,301200,7380,297489,1331,2696,6604,199789,8301,201835,7932,401624,California
Santa Clara,2021-03-10,15006,616391,6482,307682,6421,303910,2103,4799,6117,199125,8863,210698,8199,409823,California
Santa Clara,2021-03-11,17010,633401,7747,315429,7760,311670,1503,6302,6039,195711,10943,221641,7529,417352,California
Santa Clara,2021-03-12,17632,651033,9067,324496,6996,318666,1569,7871,5954,191580,11638,233279,7507,424859,California
Santa Clara,2021-03-13,10700,661733,6191,330687,3018,321684,1491,9362,4790,191957,5887,239166,6264,431123,California
Santa Clara,2021-03-14,6481,668214,3349,334036,1824,323508,1308,10670,3197,193185,3268,242434,4496,435619,California
Santa Clara,2021-03-15,12747,680961,6519,340555,5959,329467,269,10939,5974,192677,6751,249185,6243,441862,California
Santa Clara,2021-03-16,18140,699101,10254,350809,7677,337144,209,11148,8797,192366,9314,258499,9003,450865,California
Santa Clara,2021-03-17,19831,718932,11233,362042,8429,345573,169,11317,10240,193228,9541,268040,10403,461268,California
Santa Clara,2021-03-18,19011,737943,8901,370943,8950,354523,1160,12477,9063,193551,9895,277935,10218,471486,California
Santa Clara,2021-03-19,19179,757122,9864,380807,8317,362840,998,13475,9964,195347,9157,287092,10953,482439,California
Santa Clara,2021-03-20,11478,768600,6301,387108,4350,367190,827,14302,6759,198239,4690,291782,7582,490021,California
Santa Clara,2021-03-21,8258,776858,3732,390840,3128,370318,1398,15700,5544,202467,2703,294485,6931,496952,California
Santa Clara,2021-03-22,16262,793120,9071,399911,6847,377165,344,16044,9293,205159,6944,301429,9636,506588,California
Santa Clara,2021-03-23,19175,812295,12196,412107,6464,383629,515,16559,11247,209039,7882,309311,11762,518350,California
Santa Clara,2021-03-24,22529,834824,14512,426619,7608,391237,409,16968,14635,216233,7852,317163,15046,533396,California
Santa Clara,2021-03-25,22856,857680,13084,439703,8788,400025,984,17952,14758,223927,8035,325198,15729,549125,California
Santa Clara,2021-03-26,21844,879524,13917,453620,7544,407569,383,18335,13520,229537,8288,333486,13898,563023,California
Santa Clara,2021-03-27,15627,895151,10393,464013,4470,412039,764,19099,8437,231587,7148,340634,9198,572221,California
Santa Clara,2021-03-28,11994,907145,8299,472312,2982,415021,713,19812,6495,233316,5474,346108,7203,579424,California
Santa Clara,2021-03-29,20531,927676,12589,484901,7217,422238,725,20537,11190,235921,9302,355410,11907,591331,California
Santa Clara,2021-03-30,25543,953219,15204,500105,8405,430643,1934,22471,16357,245053,9152,364562,18284,609615,California
Santa Clara,2021-03-31,20365,973584,11813,511918,7427,438070,1125,23596,12611,251060,7716,372278,13723,623338,California
Santa Clara,2021-04-01,31600,1005184,19745,531663,8859,446929,2996,26592,20012,262523,11526,383804,22989,646327,California
Santa Clara,2021-04-02,24945,1030129,14233,545896,8590,455519,2122,28714,16296,272314,8615,392419,18406,664733,California
Santa Clara,2021-04-03,15152,1045281,9175,555071,3481,459000,2496,31210,8420,276507,6713,399132,10906,675639,California
Santa Clara,2021-04-04,7604,1052885,4022,559093,2424,461424,1158,32368,3965,277998,3630,402762,5121,680760,California
Santa Clara,2021-04-05,21723,1074608,14489,573582,4774,466198,2460,34828,14178,287110,7521,410283,16633,697393,California
Santa Clara,2021-04-06,29352,1103960,16188,589770,7755,473953,5409,40237,17618,298426,11693,421976,23009,720402,California
Santa Clara,2021-04-07,30619,1134579,15818,605588,8376,482329,6425,46662,18712,311682,11856,433832,25112,745514,California
Santa Clara,2021-04-08,29610,1164189,16173,621761,5934,488263,7503,54165,16116,321842,13427,447259,23587,769101,California
Santa Clara,2021-04-09,27726,1191915,13737,635498,6826,495089,7163,61328,14167,329638,13505,460764,21301,790402,California
Santa Clara,2021-04-10,21247,1213162,12300,647798,3748,498837,5199,66527,11396,336376,9821,470585,16559,806961,California
Santa Clara,2021-04-11,15955,1229117,9560,657358,2637,501474,3758,70285,8289,340769,7637,478222,12030,818991,California
Santa Clara,2021-04-12,26739,1255856,18822,676180,5500,506974,2417,72702,18250,352986,8438,486660,20655,839646,California
Santa Clara,2021-04-13,34224,1290080,26960,703140,7237,514211,27,72729,26430,371745,7720,494380,26479,866125,California
Santa Clara,2021-04-14,36675,1326755,27840,730980,8832,523043,3,72732,26129,387417,10486,504866,26158,892283,California
Santa Clara,2021-04-15,43945,1370700,34124,765104,9820,532863,1,72733,33912,411421,9932,514798,33936,926219,California
Santa Clara,2021-04-16,38224,1408924,26249,791353,11973,544836,2,72735,27432,428151,10730,525528,27460,953679,California
Santa Clara,2021-04-17,21945,1430869,15022,806375,6922,551758,1,72736,15060,436384,6843,532371,15076,968755,California
Santa Clara,2021-04-18,16341,1447210,10617,816992,5724,557482,0,72736,10231,440546,6080,538451,10242,978997,California
Santa Clara,2021-04-19,28556,1475766,20621,837613,7934,565416,1,72737,17141,446369,11349,549800,17172,996169,California
Santa Clara,2021-04-20,36623,1512389,22191,859804,14432,579848,0,72737,22436,454752,14082,563882,22465,1018634,California
Santa Clara,2021-04-21,36629,1549018,21202,881006,15426,595274,1,72738,24253,466743,12295,576177,24286,1042920,California
Santa Clara,2021-04-22,37112,1586130,24738,905744,12373,607647,1,72739,17560,464909,19458,595635,17624,1060544,California
Santa Clara,2021-04-23,31802,1617932,19383,925127,12419,620066,0,72739,14958,463169,16747,612382,15007,1075551,California
Santa Clara,2021-04-24,20779,1638711,15139,940266,5639,625705,1,72740,11717,465919,8995,621377,11745,1087296,California
Santa Clara,2021-04-25,13193,1651904,9460,949726,3726,629431,7,72747,8296,469390,4855,626232,8326,1095622,California
Santa Clara,2021-04-26,23405,1675309,18177,967903,5171,634602,57,72804,9576,465305,13740,639972,9655,1105277,California
Santa Clara,2021-04-27,25860,1701169,18485,986388,7088,641690,287,73091,11285,462425,14487,654459,11607,1116884,California
Santa Clara,2021-04-28,25212,1726381,18590,1004978,6184,647874,438,73529,10379,458546,14752,669211,10873,1127757,California
Santa Clara,2021-04-29,23109,1749490,16789,1021767,5924,653798,396,73925,8377,452717,14665,683876,8836,1136593,California
Santa Clara,2021-04-30,22803,1772293,15641,1037408,6802,660600,360,74285,9704,449838,13016,696892,10137,1146730,California
Santa Clara,2021-05-01,17360,1789653,14438,1051846,2663,663263,259,74544,5474,443773,11839,708731,5774,1152504,California
Santa Clara,2021-05-02,11282,1800935,9361,1061207,1693,664956,228,74772,3496,439775,7744,716475,3746,1156250,California
Santa Clara,2021-05-03,22741,1823676,19337,1080544,2976,667932,428,75200,5129,427824,17541,734016,5590,1161840,California
Santa Clara,2021-05-04,30517,1854193,23912,1104456,6064,673996,541,75741,5478,408933,24948,758964,6057,1167897,California
Santa Clara,2021-05-05,32156,1886349,24445,1128901,7168,681164,543,76284,5432,388305,26628,785592,6000,1173897,California
Santa Clara,2021-05-06,35145,1921494,29258,1158159,5420,686584,467,76751,4651,363082,30362,815954,5139,1179036,California
Santa Clara,2021-05-07,32480,1953974,26148,1184307,5845,692429,487,77238,4635,340534,27711,843665,5163,1184199,California
Santa Clara,2021-05-08,16422,1970396,13356,1197663,2643,695072,423,77661,3475,331586,12862,856527,3914,1188113,California
Santa Clara,2021-05-09,9901,1980297,8540,1206203,1174,696246,187,77848,2418,326751,7452,863979,2617,1190730,California
Santa Clara,2021-05-10,20330,2000627,16245,1222448,3690,699936,395,78243,2727,312371,17524,881503,3144,1193874,California
Santa Clara,2021-05-11,19899,2020526,14812,1237260,4724,704660,363,78606,3499,299917,16324,897827,3870,1197744,California
Santa Clara,2021-05-12,10448,2030974,6729,1243989,3389,708049,330,78936,2109,294080,8285,906112,2448,1200192,California
Santa Clara,2021-05-13,8477,2039451,6267,1250256,2106,710155,104,79040,2347,290436,6097,912209,2453,1202645,California
Santa Cruz,2020-12-15,2,2,2,2,0,0,0,0,2,2,0,0,2,2,California
Santa Cruz,2020-12-16,58,60,58,60,0,0,0,0,58,60,0,0,58,60,California
Santa Cruz,2020-12-17,389,449,389,449,0,0,0,0,389,449,0,0,389,449,California
Santa Cruz,2020-12-18,464,913,464,913,0,0,0,0,464,913,0,0,464,913,California
Santa Cruz,2020-12-19,179,1092,178,1091,1,1,0,0,179,1092,0,0,179,1092,California
Santa Cruz,2020-12-20,95,1187,95,1186,0,1,0,0,95,1187,0,0,95,1187,California
Santa Cruz,2020-12-21,437,1624,437,1623,0,1,0,0,437,1624,0,0,437,1624,California
Santa Cruz,2020-12-22,423,2047,422,2045,1,2,0,0,423,2047,0,0,423,2047,California
Santa Cruz,2020-12-23,371,2418,328,2373,43,45,0,0,371,2418,0,0,371,2418,California
Santa Cruz,2020-12-24,125,2543,49,2422,76,121,0,0,125,2543,0,0,125,2543,California
Santa Cruz,2020-12-25,11,2554,11,2433,0,121,0,0,11,2554,0,0,11,2554,California
Santa Cruz,2020-12-26,65,2619,46,2479,19,140,0,0,65,2619,0,0,65,2619,California
Santa Cruz,2020-12-27,32,2651,27,2506,5,145,0,0,32,2651,0,0,32,2651,California
Santa Cruz,2020-12-28,485,3136,108,2614,377,522,0,0,485,3136,0,0,485,3136,California
Santa Cruz,2020-12-29,798,3934,369,2983,429,951,0,0,798,3934,0,0,798,3934,California
Santa Cruz,2020-12-30,356,4290,164,3147,192,1143,0,0,356,4290,0,0,356,4290,California
Santa Cruz,2020-12-31,312,4602,11,3158,301,1444,0,0,312,4602,0,0,312,4602,California
Santa Cruz,2021-01-01,33,4635,1,3159,32,1476,0,0,33,4635,0,0,33,4635,California
Santa Cruz,2021-01-02,71,4706,57,3216,14,1490,0,0,71,4706,0,0,71,4706,California
Santa Cruz,2021-01-03,15,4721,7,3223,8,1498,0,0,15,4721,0,0,15,4721,California
Santa Cruz,2021-01-04,281,5002,123,3346,158,1656,0,0,279,5000,0,0,279,5000,California
Santa Cruz,2021-01-05,566,5568,429,3775,137,1793,0,0,264,4962,302,302,264,5264,California
Santa Cruz,2021-01-06,803,6371,670,4445,133,1926,0,0,464,5088,338,640,464,5728,California
Santa Cruz,2021-01-07,538,6909,211,4656,327,2253,0,0,385,5321,153,793,386,6114,California
Santa Cruz,2021-01-08,936,7845,562,5218,374,2627,0,0,488,5362,448,1241,489,6603,California
Santa Cruz,2021-01-09,464,8309,123,5341,341,2968,0,0,410,5718,54,1295,410,7013,California
Santa Cruz,2021-01-10,80,8389,70,5411,10,2978,0,0,21,5680,59,1354,21,7034,California
Santa Cruz,2021-01-11,725,9114,591,6002,134,3112,0,0,191,5338,534,1888,192,7226,California
Santa Cruz,2021-01-12,734,9848,530,6532,204,3316,0,0,492,5588,242,2130,492,7718,California
Santa Cruz,2021-01-13,525,10373,228,6760,297,3613,0,0,441,5948,81,2211,441,8159,California
Santa Cruz,2021-01-14,560,10933,104,6864,456,4069,0,0,493,6374,67,2278,493,8652,California
Santa Cruz,2021-01-15,1458,12391,77,6941,1381,5450,0,0,1393,7705,64,2342,1395,10047,California
Santa Cruz,2021-01-16,426,12817,53,6994,373,5823,0,0,407,8093,19,2361,407,10454,California
Santa Cruz,2021-01-17,297,13114,41,7035,256,6079,0,0,272,8340,25,2386,272,10726,California
Santa Cruz,2021-01-18,1016,14130,106,7141,910,6989,0,0,954,9232,62,2448,954,11680,California
Santa Cruz,2021-01-19,1623,15753,525,7666,1098,8087,0,0,1270,10152,351,2799,1271,12951,California
Santa Cruz,2021-01-20,1242,16995,182,7848,1060,9147,0,0,1046,11005,193,2992,1046,13997,California
Santa Cruz,2021-01-21,1712,18707,201,8049,1511,10658,0,0,1604,12503,108,3100,1606,15603,California
Santa Cruz,2021-01-22,1802,20509,532,8581,1270,11928,0,0,1700,14105,99,3199,1701,17304,California
Santa Cruz,2021-01-23,402,20911,147,8728,255,12183,0,0,342,14388,59,3258,342,17646,California
Santa Cruz,2021-01-24,116,21027,21,8749,95,12278,0,0,98,14468,18,3276,98,17744,California
Santa Cruz,2021-01-25,1064,22091,362,9111,702,12980,0,0,553,14510,511,3787,553,18297,California
Santa Cruz,2021-01-26,1697,23788,249,9360,1448,14428,0,0,1184,15181,513,4300,1184,19481,California
Santa Cruz,2021-01-27,1653,25441,449,9809,1204,15632,0,0,1269,16068,382,4682,1269,20750,California
Santa Cruz,2021-01-28,1755,27196,291,10100,1464,17096,0,0,1478,17270,277,4959,1479,22229,California
Santa Cruz,2021-01-29,1735,28931,490,10590,1245,18341,0,0,1605,18746,129,5088,1605,23834,California
Santa Cruz,2021-01-30,1059,29990,309,10899,750,19091,0,0,925,19537,134,5222,925,24759,California
Santa Cruz,2021-01-31,222,30212,113,11012,109,19200,0,0,208,19731,14,5236,208,24967,California
Santa Cruz,2021-02-01,1234,31446,760,11772,474,19674,0,0,828,20153,406,5642,828,25795,California
Santa Cruz,2021-02-02,1009,32455,128,11900,881,20555,0,0,855,20855,153,5795,855,26650,California
Santa Cruz,2021-02-03,2238,34693,961,12861,1277,21832,0,0,1923,22467,311,6106,1923,28573,California
Santa Cruz,2021-02-04,1855,36548,774,13635,1081,22913,0,0,1517,23647,337,6443,1517,30090,California
Santa Cruz,2021-02-05,3169,39717,793,14428,2376,25289,0,0,2848,26175,320,6763,2848,32938,California
Santa Cruz,2021-02-06,2587,42304,163,14591,2424,27713,0,0,2241,28070,346,7109,2241,35179,California
Santa Cruz,2021-02-07,910,43214,122,14713,788,28501,0,0,892,28944,18,7127,892,36071,California
Santa Cruz,2021-02-08,717,43931,203,14916,514,29015,0,0,516,29260,200,7327,516,36587,California
Santa Cruz,2021-02-09,2377,46308,1055,15971,1322,30337,0,0,2109,31105,264,7591,2109,38696,California
Santa Cruz,2021-02-10,2203,48511,582,16553,1621,31958,0,0,1502,31916,692,8283,1503,40199,California
Santa Cruz,2021-02-11,1861,50372,319,16872,1542,33500,0,0,1333,32723,526,8809,1333,41532,California
Santa Cruz,2021-02-12,3230,53602,421,17293,2809,36309,0,0,1820,33144,1401,10210,1822,43354,California
Santa Cruz,2021-02-13,1712,55314,123,17416,1589,37898,0,0,1298,34028,414,10624,1298,44652,California
Santa Cruz,2021-02-14,1410,56724,70,17486,1340,39238,0,0,1146,34910,264,10888,1146,45798,California
Santa Cruz,2021-02-15,1585,58309,281,17767,1304,40542,0,0,567,34460,1018,11906,568,46366,California
Santa Cruz,2021-02-16,1698,60007,208,17975,1490,42032,0,0,539,33862,1137,13043,539,46905,California
Santa Cruz,2021-02-17,2924,62931,977,18952,1947,43979,0,0,1219,33392,1692,14735,1222,48127,California
Santa Cruz,2021-02-18,2885,65816,638,19590,2247,46226,0,0,1232,32975,1649,16384,1232,49359,California
Santa Cruz,2021-02-19,3274,69090,1148,20738,2126,48352,0,0,2012,33728,1259,17643,2012,51371,California
Santa Cruz,2021-02-20,2389,71479,1500,22238,889,49241,0,0,1892,35123,497,18140,1892,53263,California
Santa Cruz,2021-02-21,833,72312,365,22603,468,49709,0,0,705,35702,126,18266,705,53968,California
Santa Cruz,2021-02-22,1259,73571,967,23570,292,50001,0,0,535,35515,722,18988,535,54503,California
Santa Cruz,2021-02-23,2102,75673,938,24508,1164,51165,0,0,711,34836,1390,20378,711,55214,California
Santa Cruz,2021-02-24,3197,78870,1674,26182,1523,52688,0,0,1216,34076,1976,22354,1216,56430,California
Santa Cruz,2021-02-25,3249,82119,1437,27619,1812,54500,0,0,1784,34403,1458,23812,1785,58215,California
Santa Cruz,2021-02-26,2729,84848,766,28385,1963,56463,0,0,1553,34786,1172,24984,1555,59770,California
Santa Cruz,2021-02-27,2634,87482,931,29316,1703,58166,0,0,1834,35822,798,25782,1834,61604,California
Santa Cruz,2021-02-28,1301,88783,361,29677,940,59106,0,0,1085,36694,213,25995,1085,62689,California
Santa Cruz,2021-03-01,1831,90614,1256,30933,575,59681,0,0,691,36248,1137,27132,691,63380,California
Santa Cruz,2021-03-02,1539,92153,365,31298,1174,60855,0,0,861,36436,676,27808,864,64244,California
Santa Cruz,2021-03-03,2370,94523,634,31932,1736,62591,0,0,1299,36667,1068,28876,1299,65543,California
Santa Cruz,2021-03-04,3019,97542,1416,33348,1602,64193,1,1,2033,37727,975,29851,2035,67578,California
Santa Cruz,2021-03-05,2614,100156,490,33838,2106,66299,18,19,1135,37404,1476,31327,1153,68731,California
Santa Cruz,2021-03-06,3874,104030,1348,35186,2421,68720,105,124,2161,37955,1713,33040,2264,70995,California
Santa Cruz,2021-03-07,1346,105376,128,35314,1144,69864,74,198,556,37796,789,33829,630,71625,California
Santa Cruz,2021-03-08,1085,106461,219,35533,737,70601,129,327,653,38147,431,34260,782,72407,California
Santa Cruz,2021-03-09,1777,108238,244,35777,1386,71987,147,474,702,37923,1073,35333,849,73256,California
Santa Cruz,2021-03-10,3867,112105,2093,37870,1624,73611,150,624,1999,38208,1866,37199,2151,75407,California
Santa Cruz,2021-03-11,2812,114917,1220,39090,1417,75028,175,799,1547,38668,1264,38463,1724,77131,California
Santa Cruz,2021-03-12,2771,117688,892,39982,1585,76613,294,1093,912,38018,1855,40318,1205,78336,California
Santa Cruz,2021-03-13,2321,120009,1337,41319,940,77553,44,1137,1183,38112,1135,41453,1229,79565,California
Santa Cruz,2021-03-14,908,120917,218,41537,676,78229,14,1151,441,38101,465,41918,454,80019,California
Santa Cruz,2021-03-15,1358,122275,483,42020,839,79068,36,1187,584,37951,771,42689,621,80640,California
Santa Cruz,2021-03-16,2322,124597,1090,43110,1190,80258,42,1229,1343,38360,975,43664,1384,82024,California
Santa Cruz,2021-03-17,3874,128471,2237,45347,1627,81885,10,1239,2518,39539,1352,45016,2531,84555,California
Santa Cruz,2021-03-18,3869,132340,2093,47440,1656,83541,120,1359,2066,39925,1800,46816,2186,86741,California
Santa Cruz,2021-03-19,3283,135623,1323,48763,1734,85275,226,1585,1653,40178,1625,48441,1878,88619,California
Santa Cruz,2021-03-20,2171,137794,1614,50377,520,85795,37,1622,1097,40240,1072,49513,1134,89753,California
Santa Cruz,2021-03-21,831,138625,443,50820,266,86061,122,1744,448,40430,381,49894,571,90324,California
Santa Cruz,2021-03-22,1381,140006,854,51674,505,86566,22,1766,948,40971,430,50324,971,91295,California
Santa Cruz,2021-03-23,2571,142577,1446,53120,1075,87641,50,1816,1714,41881,854,51178,1764,93059,California
Santa Cruz,2021-03-24,3034,145611,2038,55158,975,88616,21,1837,1997,42866,1032,52210,2017,95076,California
Santa Cruz,2021-03-25,2658,148269,1336,56494,1286,89902,36,1873,1361,42973,1290,53500,1397,96473,California
Santa Cruz,2021-03-26,3038,151307,1834,58328,1177,91079,27,1900,2053,44075,978,54478,2080,98553,California
Santa Cruz,2021-03-27,3246,154553,2020,60348,1201,92280,25,1925,1532,43930,1705,56183,1560,100113,California
Santa Cruz,2021-03-28,932,155485,573,60921,345,92625,14,1939,495,44006,433,56616,509,100622,California
Santa Cruz,2021-03-29,1982,157467,888,61809,1026,93651,68,2007,1282,44659,697,57313,1350,101972,California
Santa Cruz,2021-03-30,2731,160198,821,62630,1746,95397,164,2171,1755,45604,973,58286,1918,103890,California
Santa Cruz,2021-03-31,4097,164295,2740,65370,1308,96705,49,2220,2110,45780,1983,60269,2159,106049,California
Santa Cruz,2021-04-01,4069,168364,2172,67542,1790,98495,107,2327,2070,45964,1994,62263,2178,108227,California
Santa Cruz,2021-04-02,3181,171545,1434,68976,1565,100060,182,2509,1770,46510,1406,63669,1952,110179,California
Santa Cruz,2021-04-03,2263,173808,1234,70210,894,100954,135,2644,892,46167,1369,65038,1026,111205,California
Santa Cruz,2021-04-04,943,174751,494,70704,393,101347,56,2700,554,46388,389,65427,610,111815,California
Santa Cruz,2021-04-05,2278,177029,796,71500,1312,102659,170,2870,1408,47098,869,66296,1579,113394,California
Santa Cruz,2021-04-06,3421,180450,1658,73158,1379,104038,384,3254,1980,48029,1431,67727,2362,115756,California
Santa Cruz,2021-04-07,4172,184622,1641,74799,2164,106202,367,3621,1877,47981,2291,70018,2243,117999,California
Santa Cruz,2021-04-08,4282,188904,2352,77151,1412,107614,518,4139,2523,49270,1750,71768,3039,121038,California
Santa Cruz,2021-04-09,3588,192492,1513,78664,1674,109288,401,4540,1980,50049,1603,73371,2382,123420,California
Santa Cruz,2021-04-10,2266,194758,1096,79760,918,110206,252,4792,1070,50178,1192,74563,1321,124741,California
Santa Cruz,2021-04-11,1002,195760,523,80283,385,110591,94,4886,485,50239,517,75080,578,125319,California
Santa Cruz,2021-04-12,2300,198060,830,81113,1039,111630,431,5317,1097,50578,1188,76268,1527,126846,California
Santa Cruz,2021-04-13,2906,200966,1466,82579,1438,113068,2,5319,1635,50949,1266,77534,1637,128483,California
Santa Cruz,2021-04-14,4636,205602,2258,84837,2378,115446,0,5319,2372,51066,2257,79791,2374,130857,California
Santa Cruz,2021-04-15,5017,210619,3199,88036,1818,117264,0,5319,3170,52400,1836,81627,3170,134027,California
Santa Cruz,2021-04-16,4429,215048,2546,90582,1881,119145,2,5321,2467,52915,1955,83582,2470,136497,California
Santa Cruz,2021-04-17,2280,217328,900,91482,1380,120525,0,5321,1516,53669,762,84344,1516,138013,California
Santa Cruz,2021-04-18,1076,218404,515,91997,560,121085,1,5322,599,53794,475,84819,600,138613,California
Santa Cruz,2021-04-19,2439,220843,1526,93523,912,121997,1,5323,1503,54364,933,85752,1503,140116,California
Santa Cruz,2021-04-20,3123,223966,1692,95215,1431,123428,0,5323,1769,54791,1343,87095,1770,141886,California
Santa Cruz,2021-04-21,4283,228249,2896,98111,1387,124815,0,5323,2413,55349,1855,88950,2413,144299,California
Santa Cruz,2021-04-22,4350,232599,2937,101048,1413,126228,0,5323,2445,55899,1895,90845,2445,146744,California
Santa Cruz,2021-04-23,3088,235687,1747,102795,1340,127568,1,5324,1391,55603,1688,92533,1392,148136,California
Santa Cruz,2021-04-24,2254,237941,1086,103881,1165,128733,3,5327,694,54750,1550,94083,697,148833,California
Santa Cruz,2021-04-25,1093,239034,699,104580,382,129115,12,5339,450,54576,635,94718,461,149294,California
Santa Cruz,2021-04-26,1778,240812,911,105491,853,129968,14,5353,673,54170,1094,95812,688,149982,California
Santa Cruz,2021-04-27,2775,243587,852,106343,1856,131824,67,5420,1385,54238,1384,97196,1452,151434,California
Santa Cruz,2021-04-28,3447,247034,1913,108256,1459,133283,75,5495,1813,54500,1623,98819,1885,153319,California
Santa Cruz,2021-04-29,3745,250779,2486,110742,1196,134479,63,5558,1295,53422,2437,101256,1359,154678,California
Santa Cruz,2021-04-30,2274,253053,1221,111963,1010,135489,43,5601,1015,53230,1251,102507,1059,155737,California
Santa Cruz,2021-05-01,1307,254360,1040,113003,234,135723,33,5634,604,53166,701,103208,637,156374,California
Santa Cruz,2021-05-02,645,255005,464,113467,156,135879,25,5659,210,52967,435,103643,236,156610,California
Santa Cruz,2021-05-03,1898,256903,1001,114468,830,136709,67,5726,631,52410,1256,104899,699,157309,California
Santa Cruz,2021-05-04,2708,259611,1582,116050,1056,137765,70,5796,870,51515,1834,106733,939,158248,California
Santa Cruz,2021-05-05,2715,262326,1329,117379,1325,139090,61,5857,682,50271,1991,108724,747,158995,California
Santa Cruz,2021-05-06,3833,266159,2437,119816,1178,140268,218,6075,851,48373,2964,111688,1066,160061,California
Santa Cruz,2021-05-07,2799,268958,1289,121105,1428,141696,82,6157,537,46734,2259,113947,620,160681,California
Santa Cruz,2021-05-08,1370,270328,690,121795,652,142348,28,6185,383,46161,986,114933,413,161094,California
Santa Cruz,2021-05-09,494,270822,328,122123,143,142491,23,6208,135,45963,356,115289,158,161252,California
Santa Cruz,2021-05-10,1492,272314,1183,123306,245,142736,64,6272,389,45318,1098,116387,453,161705,California
Santa Cruz,2021-05-11,1758,274072,1279,124585,404,143140,75,6347,616,44868,1140,117527,690,162395,California
Santa Cruz,2021-05-12,2271,276343,1099,125684,1104,144244,68,6415,472,43616,1793,119320,541,162936,California
Santa Cruz,2021-05-13,2494,278837,1996,127680,434,144678,64,6479,945,43078,1547,120867,1009,163945,California
Shasta,2020-12-16,131,131,131,131,0,0,0,0,131,131,0,0,131,131,California
Shasta,2020-12-17,418,549,418,549,0,0,0,0,418,549,0,0,418,549,California
Shasta,2020-12-18,166,715,166,715,0,0,0,0,166,715,0,0,166,715,California
Shasta,2020-12-19,1,716,1,716,0,0,0,0,1,716,0,0,1,716,California
Shasta,2020-12-21,79,795,79,795,0,0,0,0,79,795,0,0,79,795,California
Shasta,2020-12-22,192,987,187,982,5,5,0,0,192,987,0,0,192,987,California
Shasta,2020-12-23,173,1160,169,1151,4,9,0,0,173,1160,0,0,173,1160,California
Shasta,2020-12-24,18,1178,18,1169,0,9,0,0,18,1178,0,0,18,1178,California
Shasta,2020-12-26,4,1182,1,1170,3,12,0,0,4,1182,0,0,4,1182,California
Shasta,2020-12-27,1,1183,0,1170,1,13,0,0,1,1183,0,0,1,1183,California
Shasta,2020-12-28,40,1223,31,1201,9,22,0,0,40,1223,0,0,40,1223,California
Shasta,2020-12-29,186,1409,185,1386,1,23,0,0,186,1409,0,0,186,1409,California
Shasta,2020-12-30,178,1587,168,1554,10,33,0,0,178,1587,0,0,178,1587,California
Shasta,2020-12-31,83,1670,2,1556,81,114,0,0,83,1670,0,0,83,1670,California
Shasta,2021-01-02,2,1672,0,1556,2,116,0,0,2,1672,0,0,2,1672,California
Shasta,2021-01-03,1,1673,1,1557,0,116,0,0,1,1673,0,0,1,1673,California
Shasta,2021-01-04,372,2045,306,1863,66,182,0,0,373,2046,0,0,373,2046,California
Shasta,2021-01-05,335,2380,314,2177,21,203,0,0,254,2219,81,81,254,2300,California
Shasta,2021-01-06,466,2846,395,2572,71,274,0,0,204,2162,261,342,204,2504,California
Shasta,2021-01-07,125,2971,36,2608,89,363,0,0,104,2245,21,363,104,2608,California
Shasta,2021-01-08,525,3496,448,3056,77,440,0,0,317,2354,208,571,317,2925,California
Shasta,2021-01-09,72,3568,63,3119,9,449,0,0,70,2422,2,573,70,2995,California
Shasta,2021-01-10,5,3573,0,3119,5,454,0,0,4,2426,1,574,5,3000,California
Shasta,2021-01-11,406,3979,184,3303,222,676,0,0,371,2762,35,609,371,3371,California
Shasta,2021-01-12,485,4464,328,3631,157,833,0,0,310,2897,175,784,310,3681,California
Shasta,2021-01-13,599,5063,267,3898,332,1165,0,0,430,3158,169,953,430,4111,California
Shasta,2021-01-14,500,5563,51,3949,449,1614,0,0,482,3622,18,971,482,4593,California
Shasta,2021-01-15,691,6254,136,4085,555,2169,0,0,689,4309,2,973,689,5282,California
Shasta,2021-01-16,897,7151,54,4139,843,3012,0,0,894,5200,3,976,894,6176,California
Shasta,2021-01-17,27,7178,6,4145,21,3033,0,0,23,5219,4,980,23,6199,California
Shasta,2021-01-18,599,7777,129,4274,470,3503,0,0,591,5802,8,988,591,6790,California
Shasta,2021-01-19,1058,8835,398,4672,660,4163,0,0,910,6564,148,1136,910,7700,California
Shasta,2021-01-20,679,9514,411,5083,268,4431,0,0,494,6878,180,1316,494,8194,California
Shasta,2021-01-21,633,10147,280,5363,353,4784,0,0,610,7465,23,1339,610,8804,California
Shasta,2021-01-22,446,10593,172,5535,274,5058,0,0,440,7899,6,1345,440,9244,California
Shasta,2021-01-23,68,10661,5,5540,63,5121,0,0,67,7965,1,1346,67,9311,California
Shasta,2021-01-24,25,10686,2,5542,23,5144,0,0,24,7988,1,1347,24,9335,California
Shasta,2021-01-25,750,11436,491,6033,259,5403,0,0,464,8167,285,1632,464,9799,California
Shasta,2021-01-26,710,12146,333,6366,377,5780,0,0,476,8411,232,1864,476,10275,California
Shasta,2021-01-27,459,12605,179,6545,280,6060,0,0,410,8772,49,1913,410,10685,California
Shasta,2021-01-28,886,13491,576,7121,310,6370,0,0,664,9214,222,2135,664,11349,California
Shasta,2021-01-29,832,14323,331,7452,501,6871,0,0,642,9667,190,2325,643,11992,California
Shasta,2021-01-30,615,14938,14,7466,601,7472,0,0,606,10264,9,2334,606,12598,California
Shasta,2021-01-31,28,14966,4,7470,24,7496,0,0,26,10288,2,2336,26,12624,California
Shasta,2021-02-01,530,15496,148,7618,382,7878,0,0,386,10530,144,2480,386,13010,California
Shasta,2021-02-02,987,16483,500,8118,487,8365,0,0,895,11335,90,2570,895,13905,California
Shasta,2021-02-03,721,17204,211,8329,510,8875,0,0,486,11586,235,2805,486,14391,California
Shasta,2021-02-04,1095,18299,675,9004,420,9295,0,0,902,12296,192,2997,902,15293,California
Shasta,2021-02-05,1240,19539,164,9168,1076,10371,0,0,1033,13123,206,3203,1033,16326,California
Shasta,2021-02-06,1744,21283,41,9209,1703,12074,0,0,1721,14821,23,3226,1721,18047,California
Shasta,2021-02-07,26,21309,3,9212,23,12097,0,0,24,14843,2,3228,24,18071,California
Shasta,2021-02-08,596,21905,167,9379,429,12526,0,0,306,14859,290,3518,306,18377,California
Shasta,2021-02-09,1125,23030,655,10034,470,12996,0,0,733,15200,392,3910,733,19110,California
Shasta,2021-02-10,1125,24155,789,10823,336,13332,0,0,600,15275,526,4436,601,19711,California
Shasta,2021-02-11,886,25041,186,11009,700,14032,0,0,364,15122,517,4953,364,20075,California
Shasta,2021-02-12,1727,26768,1146,12155,581,14613,0,0,1175,15745,552,5505,1175,21250,California
Shasta,2021-02-13,1382,28150,368,12523,1014,15627,0,0,570,15503,813,6318,571,21821,California
Shasta,2021-02-14,150,28300,4,12527,146,15773,0,0,126,15605,24,6342,126,21947,California
Shasta,2021-02-15,379,28679,90,12617,289,16062,0,0,210,15646,169,6511,210,22157,California
Shasta,2021-02-16,1196,29875,522,13139,674,16736,0,0,422,15295,773,7284,422,22579,California
Shasta,2021-02-17,1034,30909,438,13577,596,17332,0,0,414,15089,620,7904,414,22993,California
Shasta,2021-02-18,948,31857,467,14044,481,17813,0,0,460,15062,488,8392,461,23454,California
Shasta,2021-02-19,1328,33185,935,14979,393,18206,0,0,861,15456,467,8859,861,24315,California
Shasta,2021-02-20,802,33987,89,15068,713,18919,0,0,303,15260,499,9358,303,24618,California
Shasta,2021-02-21,31,34018,2,15070,29,18948,0,0,9,15247,22,9380,9,24627,California
Shasta,2021-02-22,427,34445,74,15144,353,19301,0,0,178,15177,248,9628,178,24805,California
Shasta,2021-02-23,912,35357,472,15616,440,19741,0,0,326,14917,586,10214,326,25131,California
Shasta,2021-02-24,890,36247,508,16124,382,20123,0,0,273,14574,616,10830,273,25404,California
Shasta,2021-02-25,518,36765,162,16286,356,20479,0,0,163,14383,354,11184,163,25567,California
Shasta,2021-02-26,790,37555,94,16380,696,21175,0,0,330,14255,458,11642,330,25897,California
Shasta,2021-02-27,828,38383,27,16407,801,21976,0,0,188,13805,638,12280,188,26085,California
Shasta,2021-02-28,176,38559,4,16411,172,22148,0,0,126,13881,50,12330,126,26211,California
Shasta,2021-03-01,584,39143,59,16470,525,22673,0,0,295,13888,288,12618,295,26506,California
Shasta,2021-03-02,1024,40167,472,16942,552,23225,0,0,335,13536,687,13305,335,26841,California
Shasta,2021-03-03,666,40833,168,17110,498,23723,0,0,243,13356,423,13728,243,27084,California
Shasta,2021-03-04,3020,43853,2410,19520,610,24333,0,0,1790,13918,1229,14957,1791,28875,California
Shasta,2021-03-05,1543,45396,162,19682,1352,25685,29,29,794,13991,750,15707,823,29698,California
Shasta,2021-03-06,2744,48140,387,20069,2310,27995,47,76,857,13010,1885,17592,904,30602,California
Shasta,2021-03-07,91,48231,3,20072,56,28051,32,108,37,13025,54,17646,69,30671,California
Shasta,2021-03-08,568,48799,46,20118,383,28434,139,247,155,12908,411,18057,294,30965,California
Shasta,2021-03-09,1253,50052,593,20711,482,28916,178,425,698,13228,555,18612,875,31840,California
Shasta,2021-03-10,801,50853,258,20969,341,29257,202,627,136,12901,664,19276,337,32177,California
Shasta,2021-03-11,1474,52327,471,21440,731,29988,272,899,939,13580,532,19808,1211,33388,California
Shasta,2021-03-12,1529,53856,833,22273,447,30435,249,1148,397,13093,1131,20939,644,34032,California
Shasta,2021-03-13,758,54614,425,22698,232,30667,101,1249,475,13385,282,21221,574,34606,California
Shasta,2021-03-14,1019,55633,8,22706,989,31656,22,1271,881,14151,138,21359,904,35510,California
Shasta,2021-03-15,497,56130,35,22741,362,32018,100,1371,210,14173,287,21646,309,35819,California
Shasta,2021-03-16,1133,57263,147,22888,919,32937,67,1438,850,14807,283,21929,917,36736,California
Shasta,2021-03-17,735,57998,191,23079,486,33423,58,1496,396,14928,333,22262,454,37190,California
Shasta,2021-03-18,1542,59540,586,23665,852,34275,104,1600,1116,15726,422,22684,1220,38410,California
Shasta,2021-03-19,648,60188,196,23861,396,34671,56,1656,415,15965,232,22916,471,38881,California
Shasta,2021-03-20,748,60936,490,24351,244,34915,14,1670,600,16431,148,23064,614,39495,California
Shasta,2021-03-21,312,61248,297,24648,4,34919,11,1681,286,16703,25,23089,297,39792,California
Shasta,2021-03-22,347,61595,37,24685,274,35193,36,1717,199,16791,147,23236,235,40027,California
Shasta,2021-03-23,1309,62904,651,25336,599,35792,59,1776,757,17060,547,23783,816,40843,California
Shasta,2021-03-24,608,63512,156,25492,415,36207,37,1813,365,17220,242,24025,402,41245,California
Shasta,2021-03-25,1138,64650,452,25944,665,36872,21,1834,823,17753,312,24337,845,42090,California
Shasta,2021-03-26,1837,66487,1405,27349,402,37274,30,1864,1478,18903,359,24696,1509,43599,California
Shasta,2021-03-27,1596,68083,407,27756,317,37591,872,2736,576,19330,1018,25714,1445,45044,California
Shasta,2021-03-28,405,68488,299,28055,96,37687,10,2746,302,19541,101,25815,312,45356,California
Shasta,2021-03-29,418,68906,40,28095,366,38053,12,2758,164,19464,253,26068,176,45532,California
Shasta,2021-03-30,1245,70151,766,28861,462,38515,17,2775,626,19491,616,26684,643,46175,California
Shasta,2021-03-31,620,70771,207,29068,407,38922,6,2781,383,19648,232,26916,389,46564,California
Shasta,2021-04-01,892,71663,247,29315,633,39555,12,2793,574,19917,317,27233,586,47150,California
Shasta,2021-04-02,755,72418,201,29516,501,40056,53,2846,414,20046,339,27572,468,47618,California
Shasta,2021-04-03,514,72932,361,29877,134,40190,19,2865,389,20329,125,27697,408,48026,California
Shasta,2021-04-04,291,73223,175,30052,95,40285,21,2886,216,20491,75,27772,237,48263,California
Shasta,2021-04-05,442,73665,68,30120,311,40596,63,2949,255,20622,187,27959,318,48581,California
Shasta,2021-04-06,1165,74830,486,30606,504,41100,175,3124,541,20718,619,28578,715,49296,California
Shasta,2021-04-07,656,75486,213,30819,280,41380,163,3287,259,20746,393,28971,421,49717,California
Shasta,2021-04-08,1140,76626,259,31078,726,42106,155,3442,231,20224,907,29878,385,50102,California
Shasta,2021-04-09,2581,79207,2063,33141,309,42415,209,3651,2007,21871,567,30445,2214,52316,California
Shasta,2021-04-10,879,80086,592,33733,158,42573,129,3780,266,21652,613,31058,394,52710,California
Shasta,2021-04-11,1251,81337,396,34129,835,43408,20,3800,144,20713,1103,32161,164,52874,California
Shasta,2021-04-12,339,81676,8,34137,269,43677,62,3862,98,20632,240,32401,159,53033,California
Shasta,2021-04-13,1268,82944,366,34503,900,44577,2,3864,341,20051,923,33324,342,53375,California
Shasta,2021-04-14,593,83537,143,34646,448,45025,2,3866,221,19903,371,33695,223,53598,California
Shasta,2021-04-15,1069,84606,259,34905,810,45835,0,3866,303,19443,763,34458,303,53901,California
Shasta,2021-04-16,2341,86947,1847,36752,494,46329,0,3866,936,18976,1403,35861,936,54837,California
Shasta,2021-04-17,643,87590,411,37163,232,46561,0,3866,191,18716,452,36313,192,55029,California
Shasta,2021-04-18,265,87855,240,37403,25,46586,0,3866,32,18517,231,36544,32,55061,California
Shasta,2021-04-19,379,88234,27,37430,352,46938,0,3866,160,18458,219,36763,160,55221,California
Shasta,2021-04-20,1013,89247,257,37687,756,47694,0,3866,379,18204,633,37396,379,55600,California
Shasta,2021-04-21,607,89854,221,37908,386,48080,0,3866,305,18207,302,37698,305,55905,California
Shasta,2021-04-22,962,90816,285,38193,677,48757,0,3866,301,17849,659,38357,301,56206,California
Shasta,2021-04-23,660,91476,265,38458,395,49152,0,3866,329,17848,330,38687,329,56535,California
Shasta,2021-04-24,595,92071,359,38817,236,49388,0,3866,105,17463,490,39177,105,56640,California
Shasta,2021-04-25,211,92282,182,38999,28,49416,1,3867,37,17327,174,39351,38,56678,California
Shasta,2021-04-26,466,92748,50,39049,411,49827,5,3872,331,17529,133,39484,335,57013,California
Shasta,2021-04-27,512,93260,171,39220,305,50132,36,3908,288,17630,221,39705,322,57335,California
Shasta,2021-04-28,575,93835,156,39376,386,50518,33,3941,251,17589,324,40029,283,57618,California
Shasta,2021-04-29,782,94617,120,39496,639,51157,23,3964,185,17201,596,40625,208,57826,California
Shasta,2021-04-30,2265,96882,1839,41335,395,51552,31,3995,269,15505,1996,42621,300,58126,California
Shasta,2021-05-01,223,97105,20,41355,127,51679,76,4071,95,15548,128,42749,171,58297,California
Shasta,2021-05-02,46,97151,16,41371,17,51696,13,4084,19,15553,27,42776,32,58329,California
Shasta,2021-05-03,350,97501,94,41465,230,51926,26,4110,111,15452,238,43014,137,58466,California
Shasta,2021-05-04,508,98009,173,41638,298,52224,37,4147,244,15472,261,43275,281,58747,California
Shasta,2021-05-05,432,98441,139,41777,276,52500,17,4164,201,15459,231,43506,218,58965,California
Shasta,2021-05-06,693,99134,263,42040,390,52890,40,4204,297,15409,387,43893,337,59302,California
Shasta,2021-05-07,1101,100235,731,42771,331,53221,39,4243,301,14950,799,44692,340,59642,California
Shasta,2021-05-08,166,100401,83,42854,73,53294,10,4253,97,14988,68,44760,106,59748,California
Shasta,2021-05-09,66,100467,15,42869,46,53340,5,4258,35,14997,31,44791,40,59788,California
Shasta,2021-05-10,258,100725,21,42890,189,53529,48,4306,113,15013,144,44935,160,59948,California
Shasta,2021-05-11,495,101220,162,43052,186,53715,147,4453,166,14998,328,45263,313,60261,California
Shasta,2021-05-12,311,101531,138,43190,159,53874,14,4467,108,14918,202,45465,122,60383,California
Shasta,2021-05-13,305,101836,101,43291,196,54070,8,4475,62,14747,241,45706,70,60453,California
Sierra,2020-12-18,1,1,1,1,0,0,0,0,1,1,0,0,1,1,California
Sierra,2020-12-21,2,3,2,3,0,0,0,0,2,3,0,0,2,3,California
Sierra,2020-12-22,12,15,12,15,0,0,0,0,12,15,0,0,12,15,California
Sierra,2020-12-23,4,19,4,19,0,0,0,0,4,19,0,0,4,19,California
Sierra,2020-12-28,1,20,0,19,1,1,0,0,1,20,0,0,1,20,California
Sierra,2020-12-29,49,69,7,26,42,43,0,0,49,69,0,0,49,69,California
Sierra,2020-12-30,2,71,0,26,2,45,0,0,2,71,0,0,2,71,California
Sierra,2020-12-31,13,84,0,26,13,58,0,0,13,84,0,0,13,84,California
Sierra,2021-01-01,1,85,1,27,0,58,0,0,1,85,0,0,1,85,California
Sierra,2021-01-05,64,149,2,29,62,120,0,0,64,149,0,0,64,149,California
Sierra,2021-01-06,1,150,1,30,0,120,0,0,1,150,0,0,1,150,California
Sierra,2021-01-07,21,171,1,31,20,140,0,0,20,169,1,1,20,170,California
Sierra,2021-01-08,1,172,1,32,0,140,0,0,1,170,0,1,1,171,California
Sierra,2021-01-11,3,175,3,35,0,140,0,0,0,167,3,4,0,171,California
Sierra,2021-01-12,40,215,12,47,28,168,0,0,28,183,12,16,28,199,California
Sierra,2021-01-13,4,219,3,50,1,169,0,0,1,181,3,19,1,200,California
Sierra,2021-01-14,35,254,2,52,33,202,0,0,35,216,0,19,35,235,California
Sierra,2021-01-15,3,257,1,53,2,204,0,0,3,219,0,19,3,238,California
Sierra,2021-01-18,2,259,0,53,2,206,0,0,2,221,0,19,2,240,California
Sierra,2021-01-19,32,291,0,53,32,238,0,0,32,253,0,19,32,272,California
Sierra,2021-01-20,1,292,1,54,0,238,0,0,1,254,0,19,1,273,California
Sierra,2021-01-21,52,344,0,54,52,290,0,0,52,306,0,19,52,325,California
Sierra,2021-01-22,2,346,0,54,2,292,0,0,2,308,0,19,2,327,California
Sierra,2021-01-23,2,348,0,54,2,294,0,0,2,310,0,19,2,329,California
Sierra,2021-01-26,62,410,0,54,62,356,0,0,24,296,38,57,24,353,California
Sierra,2021-01-27,4,414,4,58,0,356,0,0,0,292,4,61,0,353,California
Sierra,2021-01-28,53,467,0,58,53,409,0,0,43,325,10,71,43,396,California
Sierra,2021-01-29,2,469,0,58,2,411,0,0,2,327,0,71,2,398,California
Sierra,2021-01-30,3,472,3,61,0,411,0,0,2,328,1,72,2,400,California
Sierra,2021-02-01,1,473,0,61,1,412,0,0,0,327,1,73,0,400,California
Sierra,2021-02-02,58,531,1,62,57,469,0,0,19,307,39,112,19,419,California
Sierra,2021-02-03,6,537,5,67,1,470,0,0,5,311,1,113,5,424,California
Sierra,2021-02-04,103,640,5,72,98,568,0,0,54,316,49,162,54,478,California
Sierra,2021-02-05,6,646,4,76,2,570,0,0,5,320,1,163,5,483,California
Sierra,2021-02-09,51,697,0,76,51,621,0,0,48,365,3,166,48,531,California
Sierra,2021-02-10,5,702,2,78,3,624,0,0,4,368,1,167,4,535,California
Sierra,2021-02-11,196,898,1,79,195,819,0,0,134,440,62,229,134,669,California
Sierra,2021-02-12,20,918,0,79,20,839,0,0,20,460,0,229,20,689,California
Sierra,2021-02-13,1,919,1,80,0,839,0,0,1,461,0,229,1,690,California
Sierra,2021-02-15,2,921,2,82,0,839,0,0,0,459,2,231,0,690,California
Sierra,2021-02-16,43,964,0,82,43,882,0,0,10,436,33,264,10,700,California
Sierra,2021-02-17,4,968,0,82,4,886,0,0,1,434,3,267,1,701,California
Sierra,2021-02-18,140,1108,0,82,140,1026,0,0,91,476,49,316,91,792,California
Sierra,2021-02-19,2,1110,1,83,1,1027,0,0,1,476,1,317,1,793,California
Sierra,2021-02-20,2,1112,2,85,0,1027,0,0,0,474,2,319,0,793,California
Sierra,2021-02-22,1,1113,1,86,0,1027,0,0,1,475,0,319,1,794,California
Sierra,2021-02-23,4,1117,0,86,4,1031,0,0,4,479,0,319,4,798,California
Sierra,2021-02-24,3,1120,2,88,1,1032,0,0,3,482,0,319,3,801,California
Sierra,2021-02-25,125,1245,2,90,123,1155,0,0,58,474,66,385,58,859,California
Sierra,2021-02-26,11,1256,6,96,5,1160,0,0,4,471,7,392,4,863,California
Sierra,2021-02-27,2,1258,2,98,0,1160,0,0,0,469,2,394,0,863,California
Sierra,2021-03-01,2,1260,2,100,0,1160,0,0,0,467,2,396,0,863,California
Sierra,2021-03-02,56,1316,0,100,56,1216,0,0,38,487,18,414,38,901,California
Sierra,2021-03-03,2,1318,2,102,0,1216,0,0,1,487,1,415,1,902,California
Sierra,2021-03-04,109,1427,0,102,109,1325,0,0,60,498,49,464,60,962,California
Sierra,2021-03-05,13,1440,1,103,12,1337,0,0,11,507,2,466,11,973,California
Sierra,2021-03-07,1,1441,1,104,0,1337,0,0,0,506,1,467,0,973,California
Sierra,2021-03-08,2,1443,2,106,0,1337,0,0,2,508,0,467,2,975,California
Sierra,2021-03-09,56,1499,0,106,56,1393,0,0,12,476,44,511,12,987,California
Sierra,2021-03-10,6,1505,0,106,6,1399,0,0,4,478,2,513,4,991,California
Sierra,2021-03-11,176,1681,0,106,176,1575,0,0,44,390,132,645,44,1035,California
Sierra,2021-03-12,20,1701,1,107,19,1594,0,0,0,370,20,665,0,1035,California
Sierra,2021-03-13,28,1729,0,107,28,1622,0,0,28,398,0,665,28,1063,California
Sierra,2021-03-14,1,1730,0,107,0,1622,1,1,0,398,1,666,1,1064,California
Sierra,2021-03-15,1,1731,1,108,0,1622,0,1,0,397,1,667,0,1064,California
Sierra,2021-03-16,35,1766,0,108,34,1656,1,2,22,407,13,680,23,1087,California
Sierra,2021-03-17,4,1770,3,111,1,1657,0,2,1,405,3,683,1,1088,California
Sierra,2021-03-18,158,1928,0,111,158,1815,0,2,65,377,93,776,65,1153,California
Sierra,2021-03-19,4,1932,2,113,2,1817,0,2,1,375,3,779,1,1154,California
Sierra,2021-03-20,1,1933,0,113,1,1818,0,2,1,376,0,779,1,1155,California
Sierra,2021-03-23,22,1955,0,113,22,1840,0,2,13,380,9,788,13,1168,California
Sierra,2021-03-24,3,1958,1,114,2,1842,0,2,1,379,2,790,1,1169,California
Sierra,2021-03-25,99,2057,1,115,98,1940,0,2,50,380,49,839,50,1219,California
Sierra,2021-03-26,12,2069,1,116,11,1951,0,2,9,386,3,842,9,1228,California
Sierra,2021-03-27,2,2071,1,117,1,1952,0,2,0,384,2,844,0,1228,California
Sierra,2021-03-29,1,2072,1,118,0,1952,0,2,0,383,1,845,0,1228,California
Sierra,2021-03-30,55,2127,1,119,54,2006,0,2,22,372,33,878,22,1250,California
Sierra,2021-03-31,8,2135,0,119,8,2014,0,2,8,380,0,878,8,1258,California
Sierra,2021-04-01,64,2199,2,121,62,2076,0,2,6,330,56,934,6,1264,California
Sierra,2021-04-02,3,2202,2,123,1,2077,0,2,2,331,1,935,2,1266,California
Sierra,2021-04-04,1,2203,0,123,1,2078,0,2,0,331,0,935,0,1266,California
Sierra,2021-04-06,10,2213,0,123,10,2088,0,2,0,321,10,945,0,1266,California
Sierra,2021-04-07,14,2227,3,126,6,2094,5,7,3,319,10,955,8,1274,California
Sierra,2021-04-08,54,2281,2,128,52,2146,0,7,16,297,38,993,16,1290,California
Sierra,2021-04-09,2,2283,2,130,0,2146,0,7,1,297,1,994,1,1291,California
Sierra,2021-04-10,27,2310,0,130,27,2173,0,7,0,270,27,1021,0,1291,California
Sierra,2021-04-13,45,2355,0,130,45,2218,0,7,5,235,40,1061,5,1296,California
Sierra,2021-04-14,1,2356,0,130,1,2219,0,7,1,236,0,1061,1,1297,California
Sierra,2021-04-15,49,2405,1,131,48,2267,0,7,2,191,47,1108,2,1299,California
Sierra,2021-04-16,1,2406,0,131,1,2268,0,7,1,192,0,1108,1,1300,California
Sierra,2021-04-17,2,2408,1,132,1,2269,0,7,1,192,1,1109,1,1301,California
Sierra,2021-04-19,1,2409,1,133,0,2269,0,7,0,191,1,1110,0,1301,California
Sierra,2021-04-20,34,2443,1,134,33,2302,0,7,7,171,27,1137,7,1308,California
Sierra,2021-04-21,2,2445,1,135,1,2303,0,7,1,171,1,1138,1,1309,California
Sierra,2021-04-22,65,2510,2,137,63,2366,0,7,5,117,59,1197,5,1314,California
Sierra,2021-04-23,13,2523,0,137,13,2379,0,7,5,114,8,1205,5,1319,California
Sierra,2021-04-24,4,2527,0,137,4,2383,0,7,4,118,0,1205,4,1323,California
Sierra,2021-04-27,28,2555,1,138,27,2410,0,7,5,100,23,1228,5,1328,California
Sierra,2021-04-28,10,2565,2,140,8,2418,0,7,1,92,9,1237,1,1329,California
Sierra,2021-04-29,20,2585,2,142,18,2436,0,7,14,100,6,1243,14,1343,California
Sierra,2021-04-30,4,2589,2,144,2,2438,0,7,2,100,2,1245,2,1345,California
Sierra,2021-05-03,1,2590,1,145,0,2438,0,7,1,101,0,1245,1,1346,California
Sierra,2021-05-05,23,2613,0,145,23,2461,0,7,8,94,15,1260,8,1354,California
Sierra,2021-05-06,1,2614,1,146,0,2461,0,7,0,93,1,1261,0,1354,California
Sierra,2021-05-07,1,2615,1,147,0,2461,0,7,1,94,0,1261,1,1355,California
Sierra,2021-05-08,1,2616,0,147,0,2461,1,8,0,94,1,1262,1,1356,California
Sierra,2021-05-11,11,2627,0,147,4,2465,7,15,0,90,11,1273,7,1363,California
Sierra,2021-05-12,10,2637,1,148,9,2474,0,15,7,94,3,1276,7,1370,California
Sierra,2021-05-13,3,2640,2,150,1,2475,0,15,2,95,1,1277,2,1372,California
Siskiyou,2020-12-16,2,2,2,2,0,0,0,0,2,2,0,0,2,2,California
Siskiyou,2020-12-17,4,6,4,6,0,0,0,0,4,6,0,0,4,6,California
Siskiyou,2020-12-18,2,8,2,8,0,0,0,0,2,8,0,0,2,8,California
Siskiyou,2020-12-19,4,12,4,12,0,0,0,0,4,12,0,0,4,12,California
Siskiyou,2020-12-20,1,13,1,13,0,0,0,0,1,13,0,0,1,13,California
Siskiyou,2020-12-21,132,145,132,145,0,0,0,0,132,145,0,0,132,145,California
Siskiyou,2020-12-22,158,303,158,303,0,0,0,0,158,303,0,0,158,303,California
Siskiyou,2020-12-23,142,445,142,445,0,0,0,0,142,445,0,0,142,445,California
Siskiyou,2020-12-24,5,450,5,450,0,0,0,0,5,450,0,0,5,450,California
Siskiyou,2020-12-26,2,452,0,450,2,2,0,0,2,452,0,0,2,452,California
Siskiyou,2020-12-27,2,454,0,450,2,4,0,0,2,454,0,0,2,454,California
Siskiyou,2020-12-28,3,457,1,451,2,6,0,0,3,457,0,0,3,457,California
Siskiyou,2020-12-29,6,463,2,453,4,10,0,0,6,463,0,0,6,463,California
Siskiyou,2020-12-30,98,561,3,456,95,105,0,0,98,561,0,0,98,561,California
Siskiyou,2020-12-31,12,573,0,456,12,117,0,0,12,573,0,0,12,573,California
Siskiyou,2021-01-02,1,574,1,457,0,117,0,0,1,574,0,0,1,574,California
Siskiyou,2021-01-03,1,575,0,457,1,118,0,0,1,575,0,0,1,575,California
Siskiyou,2021-01-04,130,705,3,460,127,245,0,0,130,705,0,0,130,705,California
Siskiyou,2021-01-05,116,821,4,464,112,357,0,0,115,819,1,1,115,820,California
Siskiyou,2021-01-06,59,880,6,470,53,410,0,0,55,870,4,5,55,875,California
Siskiyou,2021-01-07,177,1057,4,474,173,583,0,0,176,1045,1,6,176,1051,California
Siskiyou,2021-01-08,41,1098,3,477,38,621,0,0,39,1082,2,8,39,1090,California
Siskiyou,2021-01-09,2,1100,2,479,0,621,0,0,0,1080,2,10,0,1090,California
Siskiyou,2021-01-11,226,1326,65,544,161,782,0,0,163,1180,63,73,163,1253,California
Siskiyou,2021-01-12,322,1648,274,818,48,830,0,0,89,1037,233,306,90,1343,California
Siskiyou,2021-01-13,157,1805,137,955,20,850,0,0,23,926,134,440,23,1366,California
Siskiyou,2021-01-14,26,1831,1,956,25,875,0,0,25,950,1,441,25,1391,California
Siskiyou,2021-01-15,35,1866,3,959,32,907,0,0,35,985,0,441,35,1426,California
Siskiyou,2021-01-16,7,1873,2,961,5,912,0,0,7,992,0,441,7,1433,California
Siskiyou,2021-01-17,1,1874,1,962,0,912,0,0,0,991,1,442,0,1433,California
Siskiyou,2021-01-18,77,1951,4,966,73,985,0,0,75,1064,2,444,75,1508,California
Siskiyou,2021-01-19,21,1972,1,967,20,1005,0,0,20,1083,1,445,20,1528,California
Siskiyou,2021-01-20,47,2019,35,1002,12,1017,0,0,43,1122,4,449,43,1571,California
Siskiyou,2021-01-21,42,2061,1,1003,41,1058,0,0,42,1164,0,449,42,1613,California
Siskiyou,2021-01-22,1327,3388,1175,2178,152,1210,0,0,1327,2491,0,449,1327,2940,California
Siskiyou,2021-01-23,5,3393,1,2179,4,1214,0,0,2,2490,3,452,2,2942,California
Siskiyou,2021-01-25,182,3575,8,2187,174,1388,0,0,178,2664,4,456,178,3120,California
Siskiyou,2021-01-26,148,3723,3,2190,145,1533,0,0,140,2796,8,464,140,3260,California
Siskiyou,2021-01-27,181,3904,1,2191,180,1713,0,0,126,2867,55,519,126,3386,California
Siskiyou,2021-01-28,231,4135,117,2308,114,1827,0,0,225,3086,6,525,225,3611,California
Siskiyou,2021-01-29,249,4384,3,2311,246,2073,0,0,247,3331,2,527,247,3858,California
Siskiyou,2021-01-30,3,4387,2,2313,1,2074,0,0,3,3334,0,527,3,3861,California
Siskiyou,2021-02-01,195,4582,3,2316,192,2266,0,0,105,3349,90,617,105,3966,California
Siskiyou,2021-02-02,289,4871,45,2361,244,2510,0,0,147,3354,142,759,147,4113,California
Siskiyou,2021-02-03,314,5185,1,2362,313,2823,0,0,264,3568,50,809,264,4377,California
Siskiyou,2021-02-04,322,5507,7,2369,315,3138,0,0,200,3646,122,931,200,4577,California
Siskiyou,2021-02-05,512,6019,4,2373,508,3646,0,0,348,3830,164,1095,348,4925,California
Siskiyou,2021-02-06,15,6034,0,2373,15,3661,0,0,15,3845,0,1095,15,4940,California
Siskiyou,2021-02-07,3,6037,2,2375,1,3662,0,0,3,3848,0,1095,3,4943,California
Siskiyou,2021-02-08,221,6258,5,2380,216,3878,0,0,216,4059,5,1100,216,5159,California
Siskiyou,2021-02-09,196,6454,4,2384,192,4070,0,0,163,4189,33,1133,163,5322,California
Siskiyou,2021-02-10,370,6824,40,2424,330,4400,0,0,317,4454,52,1185,317,5639,California
Siskiyou,2021-02-11,190,7014,1,2425,189,4589,0,0,174,4612,16,1201,174,5813,California
Siskiyou,2021-02-12,1690,8704,1198,3623,492,5081,0,0,501,3924,1189,2390,501,6314,California
Siskiyou,2021-02-13,36,8740,2,3625,34,5115,0,0,32,3952,4,2394,32,6346,California
Siskiyou,2021-02-14,5,8745,1,3626,4,5119,0,0,5,3957,0,2394,5,6351,California
Siskiyou,2021-02-15,107,8852,10,3636,97,5216,0,0,105,4060,2,2396,105,6456,California
Siskiyou,2021-02-16,114,8966,2,3638,112,5328,0,0,99,4144,15,2411,99,6555,California
Siskiyou,2021-02-17,185,9151,15,3653,170,5498,0,0,171,4301,14,2425,171,6726,California
Siskiyou,2021-02-18,221,9372,88,3741,133,5631,0,0,98,4276,123,2548,98,6824,California
Siskiyou,2021-02-19,71,9443,34,3775,37,5668,0,0,34,4273,37,2585,34,6858,California
Siskiyou,2021-02-20,21,9464,3,3778,18,5686,0,0,17,4286,4,2589,17,6875,California
Siskiyou,2021-02-21,1,9465,1,3779,0,5686,0,0,1,4287,0,2589,1,6876,California
Siskiyou,2021-02-22,124,9589,1,3780,123,5809,0,0,18,4199,106,2695,18,6894,California
Siskiyou,2021-02-23,197,9786,15,3795,182,5991,0,0,53,4108,144,2839,53,6947,California
Siskiyou,2021-02-24,147,9933,4,3799,143,6134,0,0,35,4031,112,2951,35,6982,California
Siskiyou,2021-02-25,301,10234,24,3823,277,6411,0,0,155,4040,146,3097,155,7137,California
Siskiyou,2021-02-26,670,10904,11,3834,659,7070,0,0,368,4106,302,3399,368,7505,California
Siskiyou,2021-02-27,33,10937,5,3839,28,7098,0,0,28,4129,5,3404,28,7533,California
Siskiyou,2021-02-28,5,10942,4,3843,1,7099,0,0,4,4132,1,3405,4,7537,California
Siskiyou,2021-03-01,280,11222,6,3849,274,7373,0,0,50,3952,230,3635,50,7587,California
Siskiyou,2021-03-02,190,11412,1,3850,189,7562,0,0,70,3902,120,3755,70,7657,California
Siskiyou,2021-03-03,343,11755,7,3857,336,7898,0,0,153,3865,190,3945,153,7810,California
Siskiyou,2021-03-04,794,12549,621,4478,173,8071,0,0,637,4345,157,4102,637,8447,California
Siskiyou,2021-03-05,326,12875,6,4484,309,8380,11,11,105,4243,218,4320,116,8563,California
Siskiyou,2021-03-06,43,12918,3,4487,33,8413,7,18,28,4263,15,4335,35,8598,California
Siskiyou,2021-03-07,12,12930,4,4491,0,8413,8,26,3,4265,9,4344,11,8609,California
Siskiyou,2021-03-08,361,13291,31,4522,295,8708,35,61,59,4057,302,4646,94,8703,California
Siskiyou,2021-03-09,164,13455,2,4524,108,8816,54,115,57,4061,107,4753,111,8814,California
Siskiyou,2021-03-10,221,13676,7,4531,184,9000,30,145,31,3932,190,4943,61,8875,California
Siskiyou,2021-03-11,475,14151,206,4737,222,9222,47,192,275,4055,199,5142,322,9197,California
Siskiyou,2021-03-12,647,14798,141,4878,467,9689,39,231,184,3817,461,5603,223,9420,California
Siskiyou,2021-03-13,428,15226,381,5259,24,9713,23,254,382,4176,46,5649,405,9825,California
Siskiyou,2021-03-14,20,15246,1,5260,3,9716,16,270,2,4176,18,5667,18,9843,California
Siskiyou,2021-03-15,454,15700,258,5518,176,9892,20,290,322,4386,132,5799,342,10185,California
Siskiyou,2021-03-16,255,15955,32,5550,206,10098,17,307,140,4429,114,5913,157,10342,California
Siskiyou,2021-03-17,202,16157,9,5559,185,10283,8,315,34,4303,168,6081,42,10384,California
Siskiyou,2021-03-18,926,17083,788,6347,126,10409,12,327,810,5009,116,6197,822,11206,California
Siskiyou,2021-03-19,68,17151,10,6357,45,10454,13,340,20,4994,48,6245,33,11239,California
Siskiyou,2021-03-20,30,17181,7,6364,18,10472,5,345,6,4981,24,6269,11,11250,California
Siskiyou,2021-03-21,10,17191,4,6368,1,10473,5,350,4,4984,6,6275,9,11259,California
Siskiyou,2021-03-22,208,17399,21,6389,165,10638,22,372,145,5091,60,6335,167,11426,California
Siskiyou,2021-03-23,196,17595,19,6408,167,10805,10,382,141,5187,55,6390,151,11577,California
Siskiyou,2021-03-24,140,17735,47,6455,93,10898,0,382,115,5277,25,6415,115,11692,California
Siskiyou,2021-03-25,572,18307,320,6775,249,11147,3,385,400,5508,172,6587,403,12095,California
Siskiyou,2021-03-26,305,18612,35,6810,270,11417,0,385,104,5413,199,6786,104,12199,California
Siskiyou,2021-03-27,37,18649,4,6814,28,11445,5,390,9,5399,28,6814,14,12213,California
Siskiyou,2021-03-28,8,18657,7,6821,1,11446,0,390,5,5401,3,6817,5,12218,California
Siskiyou,2021-03-29,98,18755,11,6832,85,11531,2,392,47,5400,50,6867,49,12267,California
Siskiyou,2021-03-30,102,18857,7,6839,94,11625,1,393,41,5381,61,6928,42,12309,California
Siskiyou,2021-03-31,189,19046,20,6859,166,11791,3,396,49,5295,139,7067,53,12362,California
Siskiyou,2021-04-01,830,19876,672,7531,158,11949,0,396,214,4893,616,7683,214,12576,California
Siskiyou,2021-04-02,346,20222,197,7728,145,12094,4,400,65,4683,279,7962,69,12645,California
Siskiyou,2021-04-03,26,20248,5,7733,14,12108,7,407,5,4674,21,7983,12,12657,California
Siskiyou,2021-04-04,1,20249,1,7734,0,12108,0,407,0,4673,1,7984,0,12657,California
Siskiyou,2021-04-05,437,20686,331,8065,80,12188,26,433,26,4315,410,8394,52,12709,California
Siskiyou,2021-04-06,220,20906,36,8101,130,12318,54,487,125,4399,94,8488,178,12887,California
Siskiyou,2021-04-07,117,21023,11,8112,64,12382,42,529,67,4458,50,8538,109,12996,California
Siskiyou,2021-04-08,349,21372,183,8295,125,12507,41,570,62,4274,287,8825,103,13099,California
Siskiyou,2021-04-09,546,21918,379,8674,130,12637,37,607,83,3933,462,9287,121,13220,California
Siskiyou,2021-04-10,46,21964,6,8680,3,12640,37,644,7,3938,39,9326,44,13264,California
Siskiyou,2021-04-11,8,21972,5,8685,1,12641,2,646,2,3936,6,9332,4,13268,California
Siskiyou,2021-04-12,129,22101,25,8710,103,12744,1,647,49,3906,80,9412,50,13318,California
Siskiyou,2021-04-13,204,22305,36,8746,167,12911,1,648,78,3859,126,9538,79,13397,California
Siskiyou,2021-04-14,157,22462,65,8811,92,13003,0,648,86,3876,69,9607,86,13483,California
Siskiyou,2021-04-15,1115,23577,955,9766,160,13163,0,648,435,3631,680,10287,435,13918,California
Siskiyou,2021-04-16,297,23874,207,9973,90,13253,0,648,266,3867,30,10317,266,14184,California
Siskiyou,2021-04-17,11,23885,8,9981,3,13256,0,648,7,3870,4,10321,7,14191,California
Siskiyou,2021-04-18,6,23891,3,9984,3,13259,0,648,2,3868,4,10325,2,14193,California
Siskiyou,2021-04-19,128,24019,25,10009,103,13362,0,648,45,3830,83,10408,45,14238,California
Siskiyou,2021-04-20,237,24256,5,10014,232,13594,0,648,94,3781,143,10551,94,14332,California
Siskiyou,2021-04-21,94,24350,10,10024,84,13678,0,648,25,3737,69,10620,25,14357,California
Siskiyou,2021-04-22,415,24765,302,10326,113,13791,0,648,50,3422,365,10985,50,14407,California
Siskiyou,2021-04-23,171,24936,13,10339,158,13949,0,648,149,3550,21,11006,149,14556,California
Siskiyou,2021-04-24,27,24963,4,10343,23,13972,0,648,19,3561,8,11014,19,14575,California
Siskiyou,2021-04-25,2,24965,0,10343,2,13974,0,648,2,3563,0,11014,2,14577,California
Siskiyou,2021-04-26,101,25066,7,10350,89,14063,5,653,25,3517,76,11090,30,14607,California
Siskiyou,2021-04-27,102,25168,3,10353,97,14160,2,655,83,3586,16,11106,85,14692,California
Siskiyou,2021-04-28,110,25278,8,10361,94,14254,8,663,52,3588,58,11164,60,14752,California
Siskiyou,2021-04-29,105,25383,14,10375,91,14345,0,663,25,3533,80,11244,25,14777,California
Siskiyou,2021-04-30,101,25484,20,10395,80,14425,1,664,44,3523,54,11298,44,14821,California
Siskiyou,2021-05-01,11,25495,7,10402,1,14426,3,667,7,3529,4,11302,10,14831,California
Siskiyou,2021-05-02,11,25506,5,10407,6,14432,0,667,9,3536,2,11304,9,14840,California
Siskiyou,2021-05-03,110,25616,23,10430,85,14517,2,669,47,3522,63,11367,49,14889,California
Siskiyou,2021-05-04,113,25729,6,10436,105,14622,2,671,60,3532,52,11419,62,14951,California
Siskiyou,2021-05-05,117,25846,21,10457,87,14709,9,680,39,3503,77,11496,48,14999,California
Siskiyou,2021-05-06,364,26210,293,10750,65,14774,6,686,187,3519,177,11673,193,15192,California
Siskiyou,2021-05-07,309,26519,219,10969,85,14859,5,691,33,3282,275,11948,38,15230,California
Siskiyou,2021-05-08,24,26543,4,10973,19,14878,1,692,18,3295,6,11954,19,15249,California
Siskiyou,2021-05-09,1,26544,0,10973,1,14879,0,692,0,3294,1,11955,0,15249,California
Siskiyou,2021-05-10,67,26611,36,11009,30,14909,1,693,20,3268,47,12002,21,15270,California
Siskiyou,2021-05-11,79,26690,4,11013,71,14980,4,697,46,3285,33,12035,50,15320,California
Siskiyou,2021-05-12,51,26741,3,11016,44,15024,4,701,15,3268,36,12071,19,15339,California
Siskiyou,2021-05-13,45,26786,24,11040,21,15045,0,701,23,3269,22,12093,23,15362,California
Solano,2020-12-15,4,4,4,4,0,0,0,0,4,4,0,0,4,4,California
Solano,2020-12-16,71,75,71,75,0,0,0,0,71,75,0,0,71,75,California
Solano,2020-12-17,153,228,153,228,0,0,0,0,153,228,0,0,153,228,California
Solano,2020-12-18,445,673,444,672,1,1,0,0,445,673,0,0,445,673,California
Solano,2020-12-19,518,1191,518,1190,0,1,0,0,518,1191,0,0,518,1191,California
Solano,2020-12-20,355,1546,353,1543,2,3,0,0,355,1546,0,0,355,1546,California
Solano,2020-12-21,573,2119,571,2114,2,5,0,0,573,2119,0,0,573,2119,California
Solano,2020-12-22,663,2782,630,2744,33,38,0,0,663,2782,0,0,663,2782,California
Solano,2020-12-23,859,3641,772,3516,87,125,0,0,858,3640,0,0,858,3640,California
Solano,2020-12-24,422,4063,171,3687,251,376,0,0,422,4062,0,0,422,4062,California
Solano,2020-12-25,10,4073,2,3689,8,384,0,0,10,4072,0,0,10,4072,California
Solano,2020-12-26,175,4248,48,3737,127,511,0,0,175,4247,0,0,175,4247,California
Solano,2020-12-27,104,4352,29,3766,75,586,0,0,104,4351,0,0,104,4351,California
Solano,2020-12-28,862,5214,420,4186,442,1028,0,0,862,5213,0,0,862,5213,California
Solano,2020-12-29,898,6112,376,4562,522,1550,0,0,898,6111,0,0,898,6111,California
Solano,2020-12-30,1236,7348,600,5162,636,2186,0,0,1236,7347,0,0,1236,7347,California
Solano,2020-12-31,537,7885,137,5299,400,2586,0,0,537,7884,0,0,537,7884,California
Solano,2021-01-01,14,7899,13,5312,1,2587,0,0,14,7898,0,0,14,7898,California
Solano,2021-01-02,213,8112,165,5477,48,2635,0,0,213,8111,0,0,213,8111,California
Solano,2021-01-03,57,8169,40,5517,17,2652,0,0,52,8163,0,0,52,8163,California
Solano,2021-01-04,451,8620,246,5763,205,2857,0,0,441,8601,3,3,441,8604,California
Solano,2021-01-05,729,9349,377,6140,352,3209,0,0,575,9027,149,152,575,9179,California
Solano,2021-01-06,845,10194,437,6577,408,3617,0,0,582,9348,261,413,582,9761,California
Solano,2021-01-07,1069,11263,684,7261,385,4002,0,0,612,9506,455,868,613,10374,California
Solano,2021-01-08,1139,12402,778,8039,361,4363,0,0,546,9479,575,1443,548,10922,California
Solano,2021-01-09,885,13287,763,8802,122,4485,0,0,428,9453,454,1897,428,11350,California
Solano,2021-01-10,254,13541,194,8996,60,4545,0,0,153,9505,101,1998,153,11503,California
Solano,2021-01-11,1330,14871,1119,10115,211,4756,0,0,813,9801,517,2515,813,12316,California
Solano,2021-01-12,1568,16439,1168,11283,400,5156,0,0,1017,10269,550,3065,1018,13334,California
Solano,2021-01-13,1466,17905,1005,12288,461,5617,0,0,1207,11219,257,3322,1207,14541,California
Solano,2021-01-14,1888,19793,816,13104,1072,6689,0,0,1574,12479,314,3636,1574,16115,California
Solano,2021-01-15,1695,21488,1060,14164,635,7324,0,0,1397,13578,298,3934,1397,17512,California
Solano,2021-01-16,1288,22776,902,15066,386,7710,0,0,1113,14516,175,4109,1113,18625,California
Solano,2021-01-17,1045,23821,761,15827,284,7994,0,0,1027,15525,18,4127,1027,19652,California
Solano,2021-01-18,1414,25235,856,16683,558,8552,0,0,1297,16707,117,4244,1299,20951,California
Solano,2021-01-19,1652,26887,1340,18023,312,8864,0,0,1380,17816,271,4515,1380,22331,California
Solano,2021-01-20,2032,28919,1422,19445,610,9474,0,0,1546,18879,483,4998,1546,23877,California
Solano,2021-01-21,3173,32092,1007,20452,2166,11640,0,0,2825,21357,348,5346,2826,26703,California
Solano,2021-01-22,1774,33866,846,21298,928,12568,0,0,1584,22751,190,5536,1584,28287,California
Solano,2021-01-23,736,34602,242,21540,494,13062,0,0,531,23077,206,5742,532,28819,California
Solano,2021-01-24,404,35006,61,21601,343,13405,0,0,337,23347,67,5809,337,29156,California
Solano,2021-01-25,1662,36668,626,22227,1036,14441,0,0,1110,23907,551,6360,1111,30267,California
Solano,2021-01-26,1773,38441,738,22965,1035,15476,0,0,1142,24420,630,6990,1143,31410,California
Solano,2021-01-27,1796,40237,726,23691,1070,16546,0,0,1183,25003,600,7590,1183,32593,California
Solano,2021-01-28,1957,42194,706,24397,1251,17797,0,0,1364,25776,592,8182,1365,33958,California
Solano,2021-01-29,1700,43894,784,25181,916,18713,0,0,1344,26766,354,8536,1344,35302,California
Solano,2021-01-30,712,44606,220,25401,492,19205,0,0,551,27156,161,8697,551,35853,California
Solano,2021-01-31,484,45090,394,25795,90,19295,0,0,229,27131,255,8952,230,36083,California
Solano,2021-02-01,1509,46599,988,26783,521,19816,0,0,767,27159,739,9691,767,36850,California
Solano,2021-02-02,3357,49956,1113,27896,2244,22060,0,0,2531,28868,822,10513,2531,39381,California
Solano,2021-02-03,2265,52221,1307,29203,958,23018,0,0,1163,28933,1098,11611,1163,40544,California
Solano,2021-02-04,1801,54022,911,30114,890,23908,0,0,1076,29289,720,12331,1076,41620,California
Solano,2021-02-05,3091,57113,1415,31529,1676,25584,0,0,2089,30384,994,13325,2089,43709,California
Solano,2021-02-06,3051,60164,1169,32698,1882,27466,0,0,2237,31811,810,14135,2237,45946,California
Solano,2021-02-07,846,61010,782,33480,64,27530,0,0,230,31425,616,14751,230,46176,California
Solano,2021-02-08,1750,62760,1233,34713,517,28047,0,0,709,31095,1039,15790,709,46885,California
Solano,2021-02-09,1949,64709,1486,36199,463,28510,0,0,699,30545,1249,17039,699,47584,California
Solano,2021-02-10,2266,66975,1497,37696,769,29279,0,0,821,29921,1445,18484,821,48405,California
Solano,2021-02-11,2502,69477,1488,39184,1014,30293,0,0,1198,29825,1294,19778,1198,49603,California
Solano,2021-02-12,4210,73687,1619,40803,2591,32884,0,0,2866,31354,1337,21115,2866,52469,California
Solano,2021-02-13,2864,76551,248,41051,2616,35500,0,0,2452,33397,409,21524,2452,54921,California
Solano,2021-02-14,704,77255,202,41253,502,36002,0,0,412,33520,290,21814,413,55334,California
Solano,2021-02-15,1313,78568,324,41577,989,36991,0,0,678,33564,634,22448,678,56012,California
Solano,2021-02-16,2557,81125,1385,42962,1172,38163,0,0,1665,34339,891,23339,1666,57678,California
Solano,2021-02-17,3137,84262,1452,44414,1685,39848,0,0,2099,35404,1035,24374,2100,59778,California
Solano,2021-02-18,2849,87111,845,45259,2004,41852,0,0,853,34268,1990,26364,854,60632,California
Solano,2021-02-19,2396,89507,1445,46704,951,42803,0,0,1172,34222,1220,27584,1174,61806,California
Solano,2021-02-20,2568,92075,382,47086,2186,44989,0,0,2096,35845,473,28057,2096,63902,California
Solano,2021-02-21,2175,94250,1861,48947,314,45303,0,0,1864,37402,307,28364,1864,65766,California
Solano,2021-02-22,1719,95969,1047,49994,672,45975,0,0,906,37498,811,29175,907,66673,California
Solano,2021-02-23,2845,98814,1089,51083,1756,47731,0,0,1941,38538,901,30076,1941,68614,California
Solano,2021-02-24,2473,101287,1242,52325,1231,48962,0,0,1386,38839,1085,31161,1386,70000,California
Solano,2021-02-25,2400,103687,1442,53767,958,49920,0,0,1311,39066,1084,32245,1311,71311,California
Solano,2021-02-26,3176,106863,2022,55789,1154,51074,0,0,1857,39609,1314,33559,1857,73168,California
Solano,2021-02-27,3650,110513,1374,57163,2275,53349,1,1,2955,41878,687,34246,2956,76124,California
Solano,2021-02-28,1369,111882,1038,58201,331,53680,0,1,1092,42697,274,34520,1093,77217,California
Solano,2021-03-01,2439,114321,1054,59255,1384,55064,1,2,1838,43939,597,35117,1839,79056,California
Solano,2021-03-02,2178,116499,1364,60619,814,55878,0,2,1267,44295,911,36028,1267,80323,California
Solano,2021-03-03,2212,118711,1255,61874,957,56835,0,2,1375,44842,829,36857,1376,81699,California
Solano,2021-03-04,4348,123059,3406,65280,940,57775,2,4,3133,46772,1208,38065,3138,84837,California
Solano,2021-03-05,4905,127964,1668,66948,3232,61007,5,9,3942,49766,953,39018,3947,88784,California
Solano,2021-03-06,3833,131797,826,67774,2968,63975,39,48,2638,51258,1185,40203,2677,91461,California
Solano,2021-03-07,3542,135339,737,68511,2795,66770,10,58,1948,51635,1582,41785,1959,93420,California
Solano,2021-03-08,2112,137451,1316,69827,526,67296,270,328,1597,52989,511,42296,1865,95285,California
Solano,2021-03-09,3138,140589,1512,71339,1572,68868,54,382,2245,54393,892,43188,2296,97581,California
Solano,2021-03-10,2392,142981,1738,73077,568,69436,86,468,1248,54585,1140,44328,1332,98913,California
Solano,2021-03-11,6005,148986,1748,74825,4004,73440,253,721,4956,58749,1045,45373,5209,104122,California
Solano,2021-03-12,5982,154968,1562,76387,4244,77684,176,897,3160,59267,2818,48191,3336,107458,California
Solano,2021-03-13,4576,159544,803,77190,3689,81373,84,981,2240,59264,2329,50520,2326,109784,California
Solano,2021-03-14,3992,163536,3116,80306,423,81796,453,1434,1654,59035,2333,52853,2104,111888,California
Solano,2021-03-15,4005,167541,2447,82753,1241,83037,317,1751,2512,60379,1485,54338,2829,114717,California
Solano,2021-03-16,3083,170624,1324,84077,1525,84562,234,1985,1571,60677,1507,55845,1805,116522,California
Solano,2021-03-17,6346,176970,1664,85741,4591,89153,91,2076,4887,64200,1455,57300,4978,121500,California
Solano,2021-03-18,5186,182156,1838,87579,3312,92465,36,2112,3821,66700,1357,58657,3857,125357,California
Solano,2021-03-19,3444,185600,2522,90101,849,93314,73,2185,1748,66834,1688,60345,1822,127179,California
Solano,2021-03-20,5522,191122,1667,91768,3801,97115,54,2239,2839,67053,2674,63019,2893,130072,California
Solano,2021-03-21,1667,192789,1563,93331,80,97195,24,2263,854,67118,811,63830,876,130948,California
Solano,2021-03-22,2664,195453,2035,95366,579,97774,50,2313,1672,67850,986,64816,1718,132666,California
Solano,2021-03-23,3492,198945,1654,97020,1796,99570,42,2355,1435,67273,2053,66869,1476,134142,California
Solano,2021-03-24,2816,201761,1763,98783,1018,100588,35,2390,1371,67239,1439,68308,1405,135547,California
Solano,2021-03-25,4850,206611,3978,102761,837,101425,35,2425,2289,67007,2557,70865,2325,137872,California
Solano,2021-03-26,3210,209821,2086,104847,1088,102513,36,2461,1741,67324,1460,72325,1777,139649,California
Solano,2021-03-27,4186,214007,1147,105994,3002,105515,37,2498,1800,66780,2380,74705,1836,141485,California
Solano,2021-03-28,1415,215422,1105,107099,292,105807,18,2516,564,66515,847,75552,582,142067,California
Solano,2021-03-29,3482,218904,2034,109133,1431,107238,17,2533,1597,66256,1873,77425,1614,143681,California
Solano,2021-03-30,2997,221901,2005,111138,902,108140,90,2623,1908,67168,1087,78512,1999,145680,California
Solano,2021-03-31,3120,225021,2125,113263,837,108977,158,2781,1848,67901,1269,79781,2002,147682,California
Solano,2021-04-01,5524,230545,2099,115362,3279,112256,146,2927,3499,69533,2014,81795,3646,151328,California
Solano,2021-04-02,6554,237099,2213,117575,4174,116430,167,3094,2539,68238,4000,85795,2705,154033,California
Solano,2021-04-03,1529,238628,963,118538,412,116842,154,3248,564,67993,963,86758,718,154751,California
Solano,2021-04-04,778,239406,287,118825,189,117031,302,3550,239,67999,535,87293,541,155292,California
Solano,2021-04-05,2967,242373,2025,120850,736,117767,206,3756,1508,68254,1457,88750,1712,157004,California
Solano,2021-04-06,5976,248349,1624,122474,3862,121629,490,4246,1645,66062,4325,93075,2133,159137,California
Solano,2021-04-07,5873,254222,4547,127021,933,122562,393,4639,3345,67288,2512,95587,3738,162875,California
Solano,2021-04-08,6398,260620,1782,128803,3761,126323,855,5494,1801,65366,4570,100157,2648,165523,California
Solano,2021-04-09,6230,266850,1656,130459,3733,130056,841,6335,1514,63021,4695,104852,2350,167873,California
Solano,2021-04-10,1714,268564,948,131407,448,130504,318,6653,792,63209,921,105773,1109,168982,California
Solano,2021-04-11,1226,269790,760,132167,337,130841,129,6782,637,63389,586,106359,766,169748,California
Solano,2021-04-12,3250,273040,1669,133836,1223,132064,358,7140,1341,63182,1904,108263,1697,171445,California
Solano,2021-04-13,2527,275567,1089,134925,1437,133501,1,7141,1323,63306,1200,109463,1324,172769,California
Solano,2021-04-14,6393,281960,1943,136868,4450,137951,0,7141,1845,60612,4540,114003,1846,174615,California
Solano,2021-04-15,5661,287621,2135,139003,3526,141477,0,7141,1716,58396,3932,117935,1716,176331,California
Solano,2021-04-16,3660,291281,2570,141573,1088,142565,2,7143,2275,59296,1377,119312,2277,178608,California
Solano,2021-04-17,3249,294530,1057,142630,2192,144757,0,7143,1128,58311,2114,121426,1129,179737,California
Solano,2021-04-18,1003,295533,609,143239,394,145151,0,7143,528,58365,474,121900,528,180265,California
Solano,2021-04-19,2056,297589,1155,144394,901,146052,0,7143,1143,58602,908,122808,1145,181410,California
Solano,2021-04-20,3008,300597,1833,146227,1175,147227,0,7143,1677,58953,1326,124134,1677,183087,California
Solano,2021-04-21,3554,304151,2325,148552,1229,148456,0,7143,1784,58973,1764,125898,1784,184871,California
Solano,2021-04-22,2916,307067,1471,150023,1445,149901,0,7143,1771,59602,1142,127040,1771,186642,California
Solano,2021-04-23,4124,311191,2070,152093,2054,151955,0,7143,2472,60431,1644,128684,2473,189115,California
Solano,2021-04-24,3462,314653,2277,154370,1183,153138,2,7145,2422,61893,962,129646,2424,191539,California
Solano,2021-04-25,1429,316082,1114,155484,315,153453,0,7145,1129,62729,293,129939,1129,192668,California
Solano,2021-04-26,2378,318460,1549,157033,825,154278,4,7149,1261,62889,1105,131044,1265,193933,California
Solano,2021-04-27,2284,320744,1205,158238,1055,155333,24,7173,1264,63165,1013,132057,1289,195222,California
Solano,2021-04-28,5080,325824,4102,162340,932,156265,46,7219,3140,64421,1930,133987,3186,198408,California
Solano,2021-04-29,3876,329700,1257,163597,2588,158853,31,7250,1579,63743,2288,136275,1610,200018,California
Solano,2021-04-30,3782,333482,2020,165617,1630,160483,132,7382,1835,63774,1936,138211,1967,201985,California
Solano,2021-05-01,2124,335606,1634,167251,295,160778,195,7577,1255,64359,865,139076,1450,203435,California
Solano,2021-05-02,1095,336701,934,168185,137,160915,24,7601,572,64437,518,139594,596,204031,California
Solano,2021-05-03,1444,338145,1003,169188,354,161269,87,7688,591,64264,852,140446,679,204710,California
Solano,2021-05-04,1784,339929,1041,170229,678,161947,65,7753,799,64144,984,141430,864,205574,California
Solano,2021-05-05,2244,342173,1406,171635,728,162675,110,7863,1082,64176,1158,142588,1190,206764,California
Solano,2021-05-06,1914,344087,1173,172808,585,163260,156,8019,707,63839,1200,143788,863,207627,California
Solano,2021-05-07,2665,346752,1871,174679,679,163939,115,8134,924,63140,1736,145524,1037,208664,California
Solano,2021-05-08,1300,348052,826,175505,359,164298,115,8249,457,62872,840,146364,572,209236,California
Solano,2021-05-09,414,348466,239,175744,164,164462,11,8260,157,62786,255,146619,169,209405,California
Solano,2021-05-10,1309,349775,603,176347,614,165076,92,8352,384,62341,922,147541,477,209882,California
Solano,2021-05-11,2208,351983,1107,177454,1022,166098,79,8431,610,61437,1593,149134,689,210571,California
Solano,2021-05-12,1800,353783,996,178450,640,166738,164,8595,470,60749,1320,150454,632,211203,California
Solano,2021-05-13,1188,354971,731,179181,357,167095,100,8695,388,60438,799,151253,488,211691,California
Sonoma,2020-12-15,4,4,4,4,0,0,0,0,4,4,0,0,4,4,California
Sonoma,2020-12-16,27,31,27,31,0,0,0,0,27,31,0,0,27,31,California
Sonoma,2020-12-17,103,134,103,134,0,0,0,0,103,134,0,0,103,134,California
Sonoma,2020-12-18,421,555,421,555,0,0,0,0,421,555,0,0,421,555,California
Sonoma,2020-12-19,111,666,110,665,1,1,0,0,111,666,0,0,111,666,California
Sonoma,2020-12-20,174,840,174,839,0,1,0,0,174,840,0,0,174,840,California
Sonoma,2020-12-21,911,1751,909,1748,2,3,0,0,910,1750,0,0,910,1750,California
Sonoma,2020-12-22,1356,3107,1265,3013,91,94,0,0,1356,3106,0,0,1356,3106,California
Sonoma,2020-12-23,1607,4714,1231,4244,376,470,0,0,1608,4714,0,0,1608,4714,California
Sonoma,2020-12-24,305,5019,101,4345,204,674,0,0,305,5019,0,0,305,5019,California
Sonoma,2020-12-25,8,5027,2,4347,6,680,0,0,8,5027,0,0,8,5027,California
Sonoma,2020-12-26,267,5294,256,4603,11,691,0,0,267,5294,0,0,267,5294,California
Sonoma,2020-12-27,93,5387,80,4683,13,704,0,0,93,5387,0,0,93,5387,California
Sonoma,2020-12-28,988,6375,554,5237,434,1138,0,0,959,6346,0,0,959,6346,California
Sonoma,2020-12-29,1127,7502,775,6012,352,1490,0,0,1094,7440,0,0,1094,7440,California
Sonoma,2020-12-30,1093,8595,479,6491,614,2104,0,0,1085,8525,0,0,1085,8525,California
Sonoma,2020-12-31,517,9112,71,6562,446,2550,0,0,518,9043,0,0,518,9043,California
Sonoma,2021-01-01,11,9123,6,6568,5,2555,0,0,11,9054,0,0,11,9054,California
Sonoma,2021-01-02,131,9254,125,6693,6,2561,0,0,131,9185,0,0,131,9185,California
Sonoma,2021-01-03,25,9279,11,6704,14,2575,0,0,25,9210,0,0,25,9210,California
Sonoma,2021-01-04,341,9620,105,6809,236,2811,0,0,340,9550,0,0,340,9550,California
Sonoma,2021-01-05,437,10057,102,6911,335,3146,0,0,413,9948,15,15,413,9963,California
Sonoma,2021-01-06,947,11004,432,7343,515,3661,0,0,836,10679,105,120,836,10799,California
Sonoma,2021-01-07,1031,12035,534,7877,497,4158,0,0,862,11373,168,288,862,11661,California
Sonoma,2021-01-08,1790,13825,1233,9110,557,4715,0,0,1317,12219,471,759,1317,12978,California
Sonoma,2021-01-09,639,14464,402,9512,237,4952,0,0,591,12762,48,807,591,13569,California
Sonoma,2021-01-10,472,14936,461,9973,11,4963,0,0,278,12846,194,1001,278,13847,California
Sonoma,2021-01-11,1386,16322,1239,11212,147,5110,0,0,414,12293,967,1968,414,14261,California
Sonoma,2021-01-12,1546,17868,1293,12505,253,5363,0,0,395,11539,1149,3117,395,14656,California
Sonoma,2021-01-13,2041,19909,1365,13870,676,6039,0,0,1178,11858,860,3977,1179,15835,California
Sonoma,2021-01-14,1528,21437,800,14670,728,6767,0,0,1298,12926,230,4207,1298,17133,California
Sonoma,2021-01-15,1567,23004,637,15307,930,7697,0,0,1347,14063,211,4418,1348,18481,California
Sonoma,2021-01-16,1144,24148,617,15924,527,8224,0,0,898,14719,242,4660,898,19379,California
Sonoma,2021-01-17,670,24818,549,16473,121,8345,0,0,590,15229,80,4740,590,19969,California
Sonoma,2021-01-18,1106,25924,932,17405,174,8519,0,0,615,15354,491,5231,616,20585,California
Sonoma,2021-01-19,2097,28021,1006,18411,1091,9610,0,0,1387,16034,708,5939,1388,21973,California
Sonoma,2021-01-20,2078,30099,626,19037,1452,11062,0,0,1417,16801,651,6590,1418,23391,California
Sonoma,2021-01-21,2261,32360,647,19684,1614,12676,0,0,2042,18627,217,6807,2043,25434,California
Sonoma,2021-01-22,2740,35100,1043,20727,1697,14373,0,0,2592,21072,147,6954,2592,28026,California
Sonoma,2021-01-23,768,35868,593,21320,175,14548,0,0,661,21627,106,7060,661,28687,California
Sonoma,2021-01-24,852,36720,716,22036,136,14684,0,0,836,22447,16,7076,836,29523,California
Sonoma,2021-01-25,2173,38893,520,22556,1653,16337,0,0,1686,23646,487,7563,1686,31209,California
Sonoma,2021-01-26,2017,40910,302,22858,1715,18052,0,0,1562,24754,454,8017,1562,32771,California
Sonoma,2021-01-27,3700,44610,1279,24137,2421,20473,0,0,3127,27313,571,8588,3130,35901,California
Sonoma,2021-01-28,4119,48729,1847,25984,2272,22745,0,0,3448,30094,668,9256,3449,39350,California
Sonoma,2021-01-29,2969,51698,1412,27396,1557,24302,0,0,2134,31396,833,10089,2135,41485,California
Sonoma,2021-01-30,2584,54282,2395,29791,189,24491,0,0,2242,33297,342,10431,2243,43728,California
Sonoma,2021-01-31,777,55059,665,30456,112,24603,0,0,579,33679,197,10628,579,44307,California
Sonoma,2021-02-01,2507,57566,884,31340,1623,26226,0,0,2101,35377,403,11031,2101,46408,California
Sonoma,2021-02-02,3526,61092,1373,32713,2153,28379,0,0,2956,37765,568,11599,2956,49364,California
Sonoma,2021-02-03,4040,65132,1324,34037,2716,31095,0,0,3110,39948,927,12526,3110,52474,California
Sonoma,2021-02-04,4206,69338,1715,35752,2491,33586,0,0,3423,42591,781,13307,3424,55898,California
Sonoma,2021-02-05,4816,74154,1740,37492,3076,36662,0,0,3796,45372,1016,14323,3797,59695,California
Sonoma,2021-02-06,2660,76814,2299,39791,361,37023,0,0,2099,46911,560,14883,2099,61794,California
Sonoma,2021-02-07,1538,78352,1403,41194,135,37158,0,0,1286,47945,252,15135,1286,63080,California
Sonoma,2021-02-08,3259,81611,1034,42228,2225,39383,0,0,2678,50043,580,15715,2678,65758,California
Sonoma,2021-02-09,3569,85180,1698,43926,1871,41254,0,0,3089,52655,478,16193,3090,68848,California
Sonoma,2021-02-10,4540,89720,2479,46405,2061,43315,0,0,3533,55188,1001,17194,3534,72382,California
Sonoma,2021-02-11,5572,95292,3017,49422,2555,45870,0,0,4391,58400,1179,18373,4391,76773,California
Sonoma,2021-02-12,5901,101193,3243,52665,2658,48528,0,0,4478,61462,1419,19792,4481,81254,California
Sonoma,2021-02-13,1986,103179,1152,53817,834,49362,0,0,1202,61883,781,20573,1202,82456,California
Sonoma,2021-02-14,2317,105496,1823,55640,494,49856,0,0,1569,62705,747,21320,1569,84025,California
Sonoma,2021-02-15,2140,107636,791,56431,1349,51205,0,0,1605,63776,534,21854,1605,85630,California
Sonoma,2021-02-16,4897,112533,2052,58483,2845,54050,0,0,3642,66167,1251,23105,3642,89272,California
Sonoma,2021-02-17,5597,118130,2898,61381,2699,56749,0,0,3572,67724,2017,25122,3574,92846,California
Sonoma,2021-02-18,6923,125053,3130,64511,3793,60542,0,0,4002,68814,2913,28035,4003,96849,California
Sonoma,2021-02-19,5518,130571,1666,66177,3852,64394,0,0,3420,70142,2093,30128,3421,100270,California
Sonoma,2021-02-20,3118,133689,2838,69015,280,64674,0,0,1217,69464,1895,32023,1217,101487,California
Sonoma,2021-02-21,526,134215,418,69433,108,64782,0,0,133,69207,390,32413,133,101620,California
Sonoma,2021-02-22,2878,137093,1356,70789,1522,66304,0,0,1197,68728,1676,34089,1197,102817,California
Sonoma,2021-02-23,3365,140458,2071,72860,1294,67598,0,0,1618,68603,1743,35832,1618,104435,California
Sonoma,2021-02-24,5637,146095,2541,75401,3096,70694,0,0,2914,68800,2718,38550,2915,107350,California
Sonoma,2021-02-25,5793,151888,2239,77640,3554,74248,0,0,3109,69245,2664,41214,3109,110459,California
Sonoma,2021-02-26,6262,158150,2758,80398,3504,77752,0,0,3972,70932,2285,43499,3972,114431,California
Sonoma,2021-02-27,4027,162177,1908,82306,2119,79871,0,0,2684,72275,1341,44840,2684,117115,California
Sonoma,2021-02-28,2335,164512,1851,84157,484,80355,0,0,609,71169,1715,46555,609,117724,California
Sonoma,2021-03-01,3746,168258,1137,85294,2609,82964,0,0,1883,71200,1853,48408,1884,119608,California
Sonoma,2021-03-02,4352,172610,1485,86779,2867,85831,0,0,2535,71926,1809,50217,2535,122143,California
Sonoma,2021-03-03,5038,177648,2637,89416,2401,88232,0,0,2314,71523,2717,52934,2314,124457,California
Sonoma,2021-03-04,5924,183572,2669,92085,3255,91487,0,0,2569,70751,3341,56275,2569,127026,California
Sonoma,2021-03-05,6443,190015,2824,94909,3604,95091,15,15,2713,69765,3715,59990,2729,129755,California
Sonoma,2021-03-06,2781,192796,1213,96122,1434,96525,134,149,1911,70946,863,60853,2044,131799,California
Sonoma,2021-03-07,1684,194480,1394,97516,255,96780,35,184,358,70015,1324,62177,393,132192,California
Sonoma,2021-03-08,4056,198536,655,98171,3226,100006,175,359,2383,70909,1662,63839,2556,134748,California
Sonoma,2021-03-09,5494,204030,3009,101180,2243,102249,242,601,2680,71023,2808,66647,2922,137670,California
Sonoma,2021-03-10,5971,210001,3184,104364,2459,104708,328,929,2413,70219,3544,70191,2740,140410,California
Sonoma,2021-03-11,7530,217531,3001,107365,3709,108417,820,1749,2566,68652,4954,75145,3387,143797,California
Sonoma,2021-03-12,7395,224926,2265,109630,3770,112187,1360,3109,2105,66842,5271,80416,3461,147258,California
Sonoma,2021-03-13,3409,228335,1701,111331,1472,113659,236,3345,2008,67683,1400,81816,2241,149499,California
Sonoma,2021-03-14,1381,229716,384,111715,856,114515,141,3486,851,68147,527,82343,991,150490,California
Sonoma,2021-03-15,5229,234945,1505,113220,3339,117854,385,3871,2195,67699,3026,85369,2578,153068,California
Sonoma,2021-03-16,6277,241222,2243,115463,3803,121657,231,4102,2905,67467,3366,88735,3134,156202,California
Sonoma,2021-03-17,6746,247968,3524,118987,3042,124699,180,4282,3284,67480,3450,92185,3463,159665,California
Sonoma,2021-03-18,7123,255091,2936,121923,3572,128271,615,4897,3178,67332,3937,96122,3789,163454,California
Sonoma,2021-03-19,7490,262581,3240,125163,4019,132290,231,5128,3194,66485,4277,100399,3430,166884,California
Sonoma,2021-03-20,3697,266278,1744,126907,1124,133414,829,5957,2022,67664,1668,102067,2847,169731,California
Sonoma,2021-03-21,1383,267661,601,127508,749,134163,33,5990,1215,68748,164,102231,1248,170979,California
Sonoma,2021-03-22,4531,272192,3103,130611,1326,135489,102,6092,3423,71170,1103,103334,3525,174504,California
Sonoma,2021-03-23,5819,278011,3625,134236,2118,137607,76,6168,4427,74291,1382,104716,4503,179007,California
Sonoma,2021-03-24,6710,284721,4270,138506,2374,139981,66,6234,4088,75840,2604,107320,4153,183160,California
Sonoma,2021-03-25,6990,291711,4193,142699,2690,142671,107,6341,4229,77438,2739,110059,4337,187497,California
Sonoma,2021-03-26,7294,299005,3449,146148,3754,146425,91,6432,3811,77873,3466,113525,3901,191398,California
Sonoma,2021-03-27,3833,302838,1503,147651,1968,148393,362,6794,1124,76658,2702,116227,1487,192885,California
Sonoma,2021-03-28,1509,304347,949,148600,533,148926,27,6821,944,77067,562,116789,971,193856,California
Sonoma,2021-03-29,2894,307241,1094,149694,1767,150693,33,6854,1613,77438,1275,118064,1646,195502,California
Sonoma,2021-03-30,5767,313008,3171,152865,2534,153227,62,6916,3049,77836,2712,120776,3110,198612,California
Sonoma,2021-03-31,5563,318571,3379,156244,1969,155196,215,7131,3228,78957,2323,123099,3444,202056,California
Sonoma,2021-04-01,6706,325277,3991,160235,2379,157575,336,7467,3586,79769,3102,126201,3914,205970,California
Sonoma,2021-04-02,5904,331181,3536,163771,2259,159834,109,7576,3546,81072,2352,128553,3655,209625,California
Sonoma,2021-04-03,3596,334777,1782,165553,1591,161425,223,7799,1565,80839,2019,130572,1786,211411,California
Sonoma,2021-04-04,1058,335835,690,166243,278,161703,90,7889,668,81211,386,130958,758,212169,California
Sonoma,2021-04-05,4365,340200,597,166840,3429,165132,339,8228,1642,80474,2717,133675,1980,214149,California
Sonoma,2021-04-06,6856,347056,3472,170312,2980,168112,404,8632,3980,81994,2862,136537,4382,218531,California
Sonoma,2021-04-07,6761,353817,3812,174124,2114,170226,835,9467,3282,82636,3470,140007,4112,222643,California
Sonoma,2021-04-08,7494,361311,4098,178222,2625,172851,771,10238,4080,84079,3404,143411,4847,227490,California
Sonoma,2021-04-09,6774,368085,3768,181990,2123,174974,883,11121,3481,85159,3280,146691,4360,231850,California
Sonoma,2021-04-10,3870,371955,1686,183676,1631,176605,553,11674,1129,84105,2731,149422,1677,233527,California
Sonoma,2021-04-11,1282,373237,607,184283,593,177198,82,11756,436,83778,845,150267,518,234045,California
Sonoma,2021-04-12,4928,378165,2050,186333,2397,179595,481,12237,1841,83015,3078,153345,2315,236360,California
Sonoma,2021-04-13,7790,385955,4615,190948,3173,182768,2,12239,2954,81144,4827,158172,2956,239316,California
Sonoma,2021-04-14,6540,392495,3727,194675,2793,185561,20,12259,2525,79686,4002,162174,2544,241860,California
Sonoma,2021-04-15,7214,399709,4091,198766,3123,188684,0,12259,3565,79612,3639,165813,3565,245425,California
Sonoma,2021-04-16,6784,406493,3406,202172,3376,192060,2,12261,3846,80528,2932,168745,3848,249273,California
Sonoma,2021-04-17,3110,409603,1509,203681,1601,193661,0,12261,1506,80442,1593,170338,1507,250780,California
Sonoma,2021-04-18,1243,410846,851,204532,392,194053,0,12261,407,80015,834,171172,407,251187,California
Sonoma,2021-04-19,3307,414153,1870,206402,1436,195489,1,12262,1451,79615,1852,173024,1452,252639,California
Sonoma,2021-04-20,6265,420418,3458,209860,2807,198296,0,12262,2375,78114,3877,176901,2376,255015,California
Sonoma,2021-04-21,6363,426781,4189,214049,2172,200468,2,12264,2928,77621,3422,180323,2929,257944,California
Sonoma,2021-04-22,6121,432902,4452,218501,1669,202137,0,12264,2485,76484,3622,183945,2485,260429,California
Sonoma,2021-04-23,7379,440281,4616,223117,2757,204894,6,12270,3706,76535,3662,187607,3713,264142,California
Sonoma,2021-04-24,2741,443022,1493,224610,1234,206128,14,12284,1554,76919,1184,188791,1568,265710,California
Sonoma,2021-04-25,1078,444100,785,225395,293,206421,0,12284,428,76700,647,189438,428,266138,California
Sonoma,2021-04-26,2717,446817,1270,226665,1421,207842,26,12310,1537,77091,1172,190610,1563,267701,California
Sonoma,2021-04-27,5267,452084,3619,230284,1552,209394,96,12406,2159,76251,3095,193705,2255,269956,California
Sonoma,2021-04-28,4856,456940,3195,233479,1466,210860,195,12601,2108,75818,2731,196436,2298,272254,California
Sonoma,2021-04-29,4813,461753,3430,236909,1238,212098,145,12746,1761,74679,3045,199481,1906,274160,California
Sonoma,2021-04-30,5430,467183,3618,240527,1519,213617,293,13039,1815,73182,3604,203085,2107,276267,California
Sonoma,2021-05-01,2464,469647,1772,242299,586,214203,106,13145,1237,73301,1221,204306,1340,277607,California
Sonoma,2021-05-02,863,470510,643,242942,169,214372,51,13196,553,73596,310,204616,605,278212,California
Sonoma,2021-05-03,3178,473688,1682,244624,1351,215723,145,13341,1055,72681,2114,206730,1199,279411,California
Sonoma,2021-05-04,4572,478260,2403,247027,1992,217715,177,13518,1475,71249,3080,209810,1648,281059,California
Sonoma,2021-05-05,3663,481923,2184,249211,1287,219002,192,13710,1319,70424,2334,212144,1509,282568,California
Sonoma,2021-05-06,4495,486418,2402,251613,1966,220968,127,13837,1370,68806,3113,215257,1495,284063,California
Sonoma,2021-05-07,3583,490001,2310,253923,1152,222120,121,13958,1083,67518,2492,217749,1204,285267,California
Sonoma,2021-05-08,1838,491839,1250,255173,496,222616,92,14050,774,67324,1060,218809,866,286133,California
Sonoma,2021-05-09,511,492350,296,255469,175,222791,40,14090,183,67222,325,219134,223,286356,California
Sonoma,2021-05-10,2278,494628,1027,256496,1120,223911,131,14221,272,65629,1993,221127,400,286756,California
Sonoma,2021-05-11,3428,498056,1880,258376,1435,225346,113,14334,962,64248,2456,223583,1075,287831,California
Sonoma,2021-05-12,3842,501898,2413,260789,1301,226647,128,14462,847,62236,2987,226570,975,288806,California
Sonoma,2021-05-13,3773,505671,2188,262977,1501,228148,84,14546,1124,60799,2643,229213,1206,290012,California
Stanislaus,2020-12-15,3,3,3,3,0,0,0,0,3,3,0,0,3,3,California
Stanislaus,2020-12-16,37,40,37,40,0,0,0,0,37,40,0,0,37,40,California
Stanislaus,2020-12-17,74,114,74,114,0,0,0,0,74,114,0,0,74,114,California
Stanislaus,2020-12-18,337,451,331,445,6,6,0,0,337,451,0,0,337,451,California
Stanislaus,2020-12-19,134,585,134,579,0,6,0,0,134,585,0,0,134,585,California
Stanislaus,2020-12-20,85,670,85,664,0,6,0,0,85,670,0,0,85,670,California
Stanislaus,2020-12-21,999,1669,998,1662,1,7,0,0,998,1668,0,0,998,1668,California
Stanislaus,2020-12-22,795,2464,783,2445,12,19,0,0,795,2463,0,0,795,2463,California
Stanislaus,2020-12-23,448,2912,430,2875,18,37,0,0,447,2910,0,0,447,2910,California
Stanislaus,2020-12-24,97,3009,88,2963,9,46,0,0,97,3007,0,0,97,3007,California
Stanislaus,2020-12-26,51,3060,8,2971,43,89,0,0,51,3058,0,0,51,3058,California
Stanislaus,2020-12-27,11,3071,6,2977,5,94,0,0,11,3069,0,0,11,3069,California
Stanislaus,2020-12-28,489,3560,395,3372,94,188,0,0,489,3558,0,0,489,3558,California
Stanislaus,2020-12-29,494,4054,416,3788,78,266,0,0,494,4052,0,0,494,4052,California
Stanislaus,2020-12-30,534,4588,279,4067,255,521,0,0,533,4584,1,1,533,4585,California
Stanislaus,2020-12-31,275,4863,156,4223,119,640,0,0,275,4859,0,1,275,4860,California
Stanislaus,2021-01-01,12,4875,4,4227,8,648,0,0,12,4871,0,1,12,4872,California
Stanislaus,2021-01-02,32,4907,25,4252,7,655,0,0,32,4903,0,1,32,4904,California
Stanislaus,2021-01-03,90,4997,87,4339,3,658,0,0,90,4993,0,1,90,4994,California
Stanislaus,2021-01-04,230,5227,151,4490,79,737,0,0,230,5223,0,1,230,5224,California
Stanislaus,2021-01-05,832,6059,342,4832,490,1227,0,0,808,6015,23,24,815,6039,California
Stanislaus,2021-01-06,1004,7063,600,5432,404,1631,0,0,931,6878,70,94,933,6972,California
Stanislaus,2021-01-07,1080,8143,704,6136,376,2007,0,0,890,7586,184,278,892,7864,California
Stanislaus,2021-01-08,1279,9422,723,6859,556,2563,0,0,937,8189,339,617,942,8806,California
Stanislaus,2021-01-09,285,9707,141,7000,144,2707,0,0,195,8294,90,707,195,9001,California
Stanislaus,2021-01-10,48,9755,21,7021,27,2734,0,0,29,8304,19,726,29,9030,California
Stanislaus,2021-01-11,1524,11279,1246,8267,278,3012,0,0,597,7997,922,1648,615,9645,California
Stanislaus,2021-01-12,1468,12747,863,9130,605,3617,0,0,829,8199,635,2283,837,10482,California
Stanislaus,2021-01-13,1441,14188,686,9816,755,4372,0,0,1119,9005,322,2605,1128,11610,California
Stanislaus,2021-01-14,2229,16417,281,10097,1948,6320,0,0,2063,10969,164,2769,2128,13738,California
Stanislaus,2021-01-15,2822,19239,1157,11254,1665,7985,0,0,2671,13572,147,2916,2750,16488,California
Stanislaus,2021-01-16,472,19711,51,11305,421,8406,0,0,455,14013,16,2932,457,16945,California
Stanislaus,2021-01-17,244,19955,202,11507,42,8448,0,0,238,14246,5,2937,238,17183,California
Stanislaus,2021-01-18,2186,22141,1025,12532,1161,9609,0,0,1804,15741,377,3314,1872,19055,California
Stanislaus,2021-01-19,1250,23391,722,13254,528,10137,0,0,806,16107,441,3755,807,19862,California
Stanislaus,2021-01-20,1002,24393,486,13740,516,10653,0,0,711,16528,290,4045,711,20573,California
Stanislaus,2021-01-21,3649,28042,2951,16691,698,11351,0,0,3331,19643,316,4361,3431,24004,California
Stanislaus,2021-01-22,1073,29115,308,16999,765,12116,0,0,1028,20634,41,4402,1032,25036,California
Stanislaus,2021-01-23,343,29458,43,17042,300,12416,0,0,285,20866,57,4459,289,25325,California
Stanislaus,2021-01-24,292,29750,100,17142,192,12608,0,0,226,21028,66,4525,228,25553,California
Stanislaus,2021-01-25,3144,32894,228,17370,2916,15524,0,0,2830,23718,279,4804,2969,28522,California
Stanislaus,2021-01-26,1723,34617,744,18114,979,16503,0,0,1299,24615,418,5222,1315,29837,California
Stanislaus,2021-01-27,1869,36486,1031,19145,838,17341,0,0,1165,25121,660,5882,1166,31003,California
Stanislaus,2021-01-28,2206,38692,1509,20654,697,18038,0,0,1720,26418,478,6360,1775,32778,California
Stanislaus,2021-01-29,2432,41124,1191,21845,1241,19279,0,0,1910,27895,477,6837,1954,34732,California
Stanislaus,2021-01-30,292,41416,131,21976,161,19440,0,0,229,28072,52,6889,229,34961,California
Stanislaus,2021-01-31,368,41784,314,22290,54,19494,0,0,352,28411,13,6902,352,35313,California
Stanislaus,2021-02-01,1264,43048,556,22846,708,20202,0,0,916,28990,337,7239,916,36229,California
Stanislaus,2021-02-02,1234,44282,375,23221,859,21061,0,0,779,29328,445,7684,783,37012,California
Stanislaus,2021-02-03,2471,46753,1091,24312,1380,22441,0,0,1798,30465,668,8352,1805,38817,California
Stanislaus,2021-02-04,2101,48854,725,25037,1376,23817,0,0,1584,31550,504,8856,1589,40406,California
Stanislaus,2021-02-05,2838,51692,1459,26496,1379,25196,0,0,1582,31943,1200,10056,1593,41999,California
Stanislaus,2021-02-06,885,52577,302,26798,583,25779,0,0,694,32449,189,10245,695,42694,California
Stanislaus,2021-02-07,213,52790,189,26987,24,25803,0,0,42,32322,170,10415,43,42737,California
Stanislaus,2021-02-08,2021,54811,1322,28309,699,26502,0,0,1098,32543,888,11303,1109,43846,California
Stanislaus,2021-02-09,1832,56643,779,29088,1053,27555,0,0,1043,32824,768,12071,1049,44895,California
Stanislaus,2021-02-10,1932,58575,531,29619,1401,28956,0,0,1010,32935,901,12972,1012,45907,California
Stanislaus,2021-02-11,5375,63950,3261,32880,2114,31070,0,0,1226,30210,3955,16927,1230,47137,California
Stanislaus,2021-02-12,3291,67241,913,33793,2378,33448,0,0,1449,29898,1766,18693,1454,48591,California
Stanislaus,2021-02-13,1351,68592,651,34444,700,34148,0,0,981,30518,365,19058,985,49576,California
Stanislaus,2021-02-14,421,69013,167,34611,254,34402,0,0,353,30805,66,19124,353,49929,California
Stanislaus,2021-02-15,1811,70824,230,34841,1581,35983,0,0,580,30267,1122,20246,584,50513,California
Stanislaus,2021-02-16,1356,72180,419,35260,937,36920,0,0,578,30078,769,21015,580,51093,California
Stanislaus,2021-02-17,2732,74912,1670,36930,1062,37982,0,0,1935,31226,794,21809,1942,53035,California
Stanislaus,2021-02-18,3352,78264,1895,38825,1457,39439,0,0,1793,31555,1479,23288,1808,54843,California
Stanislaus,2021-02-19,2731,80995,1057,39882,1674,41113,0,0,1524,31922,1169,24457,1536,56379,California
Stanislaus,2021-02-20,745,81740,378,40260,367,41480,0,0,482,32161,245,24702,484,56863,California
Stanislaus,2021-02-21,903,82643,688,40948,215,41695,0,0,550,32393,329,25031,561,57424,California
Stanislaus,2021-02-22,2339,84982,1690,42638,649,42344,0,0,1632,33344,681,25712,1632,59056,California
Stanislaus,2021-02-23,3692,88674,678,43316,3014,45358,0,0,1730,33266,1815,27527,1737,60793,California
Stanislaus,2021-02-24,4156,92830,2836,46152,1320,46678,0,0,3128,35387,1010,28537,3131,63924,California
Stanislaus,2021-02-25,3877,96707,2642,48794,1235,47913,0,0,3075,37682,783,29320,3078,67002,California
Stanislaus,2021-02-26,4181,100888,1213,50007,2968,50881,0,0,2829,39219,1302,30622,2839,69841,California
Stanislaus,2021-02-27,2088,102976,706,50713,1381,52262,1,1,1859,40879,201,30823,1861,71702,California
Stanislaus,2021-02-28,818,103794,262,50975,556,52818,0,1,770,41611,39,30862,771,72473,California
Stanislaus,2021-03-01,2756,106550,1620,52595,1135,53953,1,2,1626,42143,1104,31966,1636,74109,California
Stanislaus,2021-03-02,2376,108926,1412,54007,963,54916,1,3,1652,43081,715,32681,1653,75762,California
Stanislaus,2021-03-03,3705,112631,2226,56233,1477,56393,2,5,2904,45201,784,33465,2904,78666,California
Stanislaus,2021-03-04,5430,118061,3102,59335,2312,58705,16,21,4188,48186,1215,34680,4200,82866,California
Stanislaus,2021-03-05,4011,122072,1109,60444,2886,61591,16,37,3045,50306,941,35621,3061,85927,California
Stanislaus,2021-03-06,3571,125643,2223,62667,1255,62846,93,130,2720,52274,847,36468,2815,88742,California
Stanislaus,2021-03-07,846,126489,386,63053,424,63270,36,166,658,52786,182,36650,694,89436,California
Stanislaus,2021-03-08,1982,128471,854,63907,1039,64309,89,255,1322,53551,645,37295,1410,90846,California
Stanislaus,2021-03-09,2170,130641,894,64801,1184,65493,92,347,1628,54745,530,37825,1724,92570,California
Stanislaus,2021-03-10,5052,135693,2492,67293,2339,67832,221,568,3735,57414,1300,39125,3969,96539,California
Stanislaus,2021-03-11,5704,141397,3131,70424,2097,69929,476,1044,4126,60602,1417,40542,4605,101144,California
Stanislaus,2021-03-12,5759,147156,1226,71650,2612,72541,1921,2965,2914,62608,2824,43366,4830,105974,California
Stanislaus,2021-03-13,3377,150533,2178,73828,1131,73672,68,3033,2687,64685,683,44049,2760,108734,California
Stanislaus,2021-03-14,994,151527,595,74423,348,74020,51,3084,490,64728,501,44550,544,109278,California
Stanislaus,2021-03-15,3684,155211,1971,76394,1355,75375,358,3442,1603,64709,1986,46536,1967,111245,California
Stanislaus,2021-03-16,4900,160111,2439,78833,2050,77425,411,3853,3532,67303,1349,47885,3943,115188,California
Stanislaus,2021-03-17,4705,164816,2848,81681,1681,79106,176,4029,2881,68564,1802,49687,3063,118251,California
Stanislaus,2021-03-18,5410,170226,3413,85094,1930,81036,67,4096,2977,69327,2285,51972,3048,121299,California
Stanislaus,2021-03-19,5910,176136,1525,86619,2860,83896,1525,5621,3098,71165,2783,54755,4621,125920,California
Stanislaus,2021-03-20,3833,179969,3000,89619,765,84661,68,5689,3363,74134,463,55218,3432,129352,California
Stanislaus,2021-03-21,982,180951,882,90501,35,84696,65,5754,746,74711,234,55452,811,130163,California
Stanislaus,2021-03-22,2808,183759,1320,91821,764,85460,724,6478,1242,75130,1548,57000,1967,132130,California
Stanislaus,2021-03-23,3937,187696,2013,93834,1664,87124,260,6738,2811,77111,1109,58109,3090,135220,California
Stanislaus,2021-03-24,4538,192234,3213,97047,1257,88381,68,6806,2638,77963,1857,59966,2709,137929,California
Stanislaus,2021-03-25,4228,196462,2904,99951,1308,89689,16,6822,1811,77450,2340,62306,1827,139756,California
Stanislaus,2021-03-26,4714,201176,1333,101284,3306,92995,75,6897,2373,77605,2307,64613,2462,142218,California
Stanislaus,2021-03-27,4340,205516,2716,104000,1580,94575,44,6941,1381,76095,2943,67556,1433,143651,California
Stanislaus,2021-03-28,1102,206618,439,104439,557,95132,106,7047,320,75756,770,68326,431,144082,California
Stanislaus,2021-03-29,2970,209588,1821,106260,1110,96242,39,7086,1982,76805,978,69304,2027,146109,California
Stanislaus,2021-03-30,3661,213249,2051,108311,1583,97825,27,7113,2232,77649,1421,70725,2265,148374,California
Stanislaus,2021-03-31,5396,218645,3827,112138,1451,99276,118,7231,2767,77925,2612,73337,2888,151262,California
Stanislaus,2021-04-01,5718,224363,3824,115962,1805,101081,89,7320,2625,77572,3077,76414,2724,153986,California
Stanislaus,2021-04-02,4985,229348,1210,117172,3623,104704,152,7472,2237,77307,2665,79079,2400,156386,California
Stanislaus,2021-04-03,4541,233889,3299,120471,1205,105909,37,7509,2240,77303,2292,81371,2288,158674,California
Stanislaus,2021-04-04,1320,235209,473,120944,817,106726,30,7539,652,77329,662,82033,688,159362,California
Stanislaus,2021-04-05,3620,238829,2527,123471,843,107569,250,7789,2352,78676,1259,83292,2606,161968,California
Stanislaus,2021-04-06,5733,244562,4157,127628,1303,108872,273,8062,3081,79397,2639,85931,3360,165328,California
Stanislaus,2021-04-07,6337,250899,3593,131221,2325,111197,419,8481,2829,79158,3493,89424,3254,168582,California
Stanislaus,2021-04-08,5670,256569,3320,134541,1919,113116,431,8912,2766,79475,2885,92309,3202,171784,California
Stanislaus,2021-04-09,4808,261377,2102,136643,2337,115453,369,9281,2184,79438,2602,94911,2565,174349,California
Stanislaus,2021-04-10,6473,267850,3981,140624,857,116310,1635,10916,1996,78609,4454,99365,3625,177974,California
Stanislaus,2021-04-11,1520,269370,850,141474,537,116847,133,11049,666,78557,852,100217,800,178774,California
Stanislaus,2021-04-12,3584,272954,2040,143514,1100,117947,444,11493,1874,79185,1697,101914,2325,181099,California
Stanislaus,2021-04-13,5185,278139,3413,146927,1759,119706,13,11506,2919,79881,2229,104143,2925,184024,California
Stanislaus,2021-04-14,4640,282779,3248,150175,1391,121097,1,11507,2254,79784,2356,106499,2259,186283,California
Stanislaus,2021-04-15,5368,288147,3304,153479,2062,123159,2,11509,3228,80911,2105,108604,3232,189515,California
Stanislaus,2021-04-16,4282,292429,985,154464,3296,126455,1,11510,1814,80301,2427,111031,1817,191332,California
Stanislaus,2021-04-17,3130,295559,2096,156560,1034,127489,0,11510,1829,80844,1290,112321,1833,193165,California
Stanislaus,2021-04-18,527,296086,214,156774,313,127802,0,11510,404,81133,117,112438,406,193571,California
Stanislaus,2021-04-19,3445,299531,2442,159216,1002,128804,1,11511,1635,80998,1779,114217,1644,195215,California
Stanislaus,2021-04-20,3971,303502,2412,161628,1559,130363,0,11511,1743,80543,2200,116417,1745,196960,California
Stanislaus,2021-04-21,3805,307307,2543,164171,1261,131624,1,11512,1604,79988,2166,118583,1611,198571,California
Stanislaus,2021-04-22,3938,311245,2397,166568,1541,133165,0,11512,1579,79257,2316,120899,1585,200156,California
Stanislaus,2021-04-23,3589,314834,843,167411,2745,135910,1,11513,1474,78716,2023,122922,1482,201638,California
Stanislaus,2021-04-24,3723,318557,2920,170331,803,136713,0,11513,1733,78482,1974,124896,1740,203378,California
Stanislaus,2021-04-25,931,319488,478,170809,453,137166,0,11513,681,78923,245,125141,686,204064,California
Stanislaus,2021-04-26,3170,322658,2230,173039,934,138100,6,11519,926,77636,2227,127368,940,205004,California
Stanislaus,2021-04-27,3801,326459,2662,175701,1097,139197,42,11561,1061,76018,2722,130090,1104,206108,California
Stanislaus,2021-04-28,4123,330582,2904,178605,1157,140354,62,11623,1805,75594,2303,132393,1879,207987,California
Stanislaus,2021-04-29,3586,334168,2242,180847,1296,141650,48,11671,1409,74898,2162,134555,1466,209453,California
Stanislaus,2021-04-30,4483,338651,2046,182893,2353,144003,84,11755,1777,74071,2696,137251,1869,211322,California
Stanislaus,2021-05-01,2699,341350,1920,184813,739,144742,40,11795,1008,73445,1682,138933,1056,212378,California
Stanislaus,2021-05-02,1068,342418,609,185422,423,145165,36,11831,516,73455,547,139480,557,212935,California
Stanislaus,2021-05-03,2384,344802,1900,187322,414,145579,70,11901,896,72957,1475,140955,977,213912,California
Stanislaus,2021-05-04,3421,348223,2434,189756,899,146478,88,11989,1027,71695,2385,143340,1123,215035,California
Stanislaus,2021-05-05,3141,351364,2113,191869,954,147432,74,12063,1057,70763,2067,145407,1135,216170,California
Stanislaus,2021-05-06,3078,354442,2290,194159,682,148114,106,12169,1014,69838,2051,147458,1126,217296,California
Stanislaus,2021-05-07,2270,356712,879,195038,1249,149363,142,12311,936,69591,1326,148784,1079,218375,California
Stanislaus,2021-05-08,1953,358665,1335,196373,585,149948,33,12344,710,69110,1231,150015,750,219125,California
Stanislaus,2021-05-09,703,359368,335,196708,341,150289,27,12371,306,69047,396,150411,333,219458,California
Stanislaus,2021-05-10,1654,361022,1133,197841,443,150732,78,12449,446,68374,1198,151609,525,219983,California
Stanislaus,2021-05-11,2323,363345,1466,199307,702,151434,155,12604,653,67524,1662,153271,812,220795,California
Stanislaus,2021-05-12,1975,365320,1155,200462,725,152159,95,12699,739,67134,1225,154496,835,221630,California
Stanislaus,2021-05-13,1183,366503,660,201122,434,152593,89,12788,475,66993,705,155201,564,222194,California
Sutter,2020-12-15,1,1,1,1,0,0,0,0,1,1,0,0,1,1,California
Sutter,2020-12-16,4,5,4,5,0,0,0,0,4,5,0,0,4,5,California
Sutter,2020-12-17,2,7,2,7,0,0,0,0,2,7,0,0,2,7,California
Sutter,2020-12-18,20,27,20,27,0,0,0,0,20,27,0,0,20,27,California
Sutter,2020-12-19,44,71,44,71,0,0,0,0,44,71,0,0,44,71,California
Sutter,2020-12-20,42,113,42,113,0,0,0,0,42,113,0,0,42,113,California
Sutter,2020-12-21,100,213,100,213,0,0,0,0,100,213,0,0,100,213,California
Sutter,2020-12-22,172,385,172,385,0,0,0,0,172,385,0,0,172,385,California
Sutter,2020-12-23,116,501,111,496,5,5,0,0,116,501,0,0,116,501,California
Sutter,2020-12-24,17,518,11,507,6,11,0,0,17,518,0,0,17,518,California
Sutter,2020-12-26,38,556,34,541,4,15,0,0,38,556,0,0,38,556,California
Sutter,2020-12-27,24,580,23,564,1,16,0,0,24,580,0,0,24,580,California
Sutter,2020-12-28,83,663,55,619,28,44,0,0,83,663,0,0,83,663,California
Sutter,2020-12-29,101,764,14,633,87,131,0,0,101,764,0,0,101,764,California
Sutter,2020-12-30,137,901,34,667,103,234,0,0,137,901,0,0,137,901,California
Sutter,2020-12-31,70,971,6,673,64,298,0,0,70,971,0,0,70,971,California
Sutter,2021-01-01,3,974,3,676,0,298,0,0,3,974,0,0,3,974,California
Sutter,2021-01-02,131,1105,129,805,2,300,0,0,131,1105,0,0,131,1105,California
Sutter,2021-01-03,1,1106,0,805,1,301,0,0,1,1106,0,0,1,1106,California
Sutter,2021-01-04,247,1353,139,944,108,409,0,0,247,1353,0,0,247,1353,California
Sutter,2021-01-05,100,1453,57,1001,43,452,0,0,98,1449,2,2,98,1451,California
Sutter,2021-01-06,204,1657,50,1051,154,606,0,0,199,1643,5,7,199,1650,California
Sutter,2021-01-07,251,1908,151,1202,100,706,0,0,242,1877,8,15,242,1892,California
Sutter,2021-01-08,147,2055,40,1242,107,813,0,0,130,1990,17,32,130,2022,California
Sutter,2021-01-09,46,2101,43,1285,3,816,0,0,5,1954,41,73,5,2027,California
Sutter,2021-01-10,397,2498,37,1322,360,1176,0,0,359,2276,37,110,359,2386,California
Sutter,2021-01-11,132,2630,114,1436,18,1194,0,0,26,2196,106,216,26,2412,California
Sutter,2021-01-12,201,2831,164,1600,37,1231,0,0,58,2111,143,359,58,2470,California
Sutter,2021-01-13,161,2992,98,1698,63,1294,0,0,71,2093,89,448,71,2541,California
Sutter,2021-01-14,145,3137,49,1747,96,1390,0,0,126,2200,19,467,126,2667,California
Sutter,2021-01-15,436,3573,132,1879,304,1694,0,0,421,2606,15,482,421,3088,California
Sutter,2021-01-16,384,3957,41,1920,343,2037,0,0,353,2929,30,512,353,3441,California
Sutter,2021-01-17,26,3983,24,1944,2,2039,0,0,10,2923,16,528,10,3451,California
Sutter,2021-01-18,116,4099,61,2005,55,2094,0,0,69,2945,47,575,69,3520,California
Sutter,2021-01-19,104,4203,43,2048,61,2155,0,0,79,2999,25,600,79,3599,California
Sutter,2021-01-20,254,4457,190,2238,64,2219,0,0,234,3213,20,620,234,3833,California
Sutter,2021-01-21,472,4929,303,2541,169,2388,0,0,453,3647,19,639,453,4286,California
Sutter,2021-01-22,269,5198,81,2622,188,2576,0,0,260,3898,9,648,260,4546,California
Sutter,2021-01-23,396,5594,39,2661,357,2933,0,0,370,4242,26,674,370,4916,California
Sutter,2021-01-24,17,5611,14,2675,3,2936,0,0,15,4255,2,676,15,4931,California
Sutter,2021-01-25,307,5918,197,2872,110,3046,0,0,152,4253,154,830,152,5083,California
Sutter,2021-01-26,243,6161,103,2975,140,3186,0,0,143,4297,99,929,143,5226,California
Sutter,2021-01-27,386,6547,255,3230,131,3317,0,0,320,4551,66,995,320,5546,California
Sutter,2021-01-28,524,7071,301,3531,223,3540,0,0,394,4816,129,1124,394,5940,California
Sutter,2021-01-29,419,7490,146,3677,273,3813,0,0,254,4905,165,1289,254,6194,California
Sutter,2021-01-30,775,8265,38,3715,737,4550,0,0,764,5658,11,1300,764,6958,California
Sutter,2021-01-31,27,8292,27,3742,0,4550,0,0,27,5685,0,1300,27,6985,California
Sutter,2021-02-01,165,8457,49,3791,116,4666,0,0,134,5788,31,1331,134,7119,California
Sutter,2021-02-02,244,8701,27,3818,217,4883,0,0,212,5968,32,1363,212,7331,California
Sutter,2021-02-03,443,9144,38,3856,405,5288,0,0,210,5945,233,1596,210,7541,California
Sutter,2021-02-04,670,9814,366,4222,304,5592,0,0,620,6515,50,1646,620,8161,California
Sutter,2021-02-05,285,10099,32,4254,253,5845,0,0,136,6502,149,1795,136,8297,California
Sutter,2021-02-06,735,10834,29,4283,706,6551,0,0,713,7193,22,1817,713,9010,California
Sutter,2021-02-07,23,10857,20,4303,3,6554,0,0,19,7208,4,1821,19,9029,California
Sutter,2021-02-08,134,10991,29,4332,105,6659,0,0,98,7270,36,1857,98,9127,California
Sutter,2021-02-09,244,11235,45,4377,199,6858,0,0,183,7392,61,1918,183,9310,California
Sutter,2021-02-10,818,12053,379,4756,439,7297,0,0,177,6929,640,2558,177,9487,California
Sutter,2021-02-11,603,12656,275,5031,328,7625,0,0,345,7016,258,2816,345,9832,California
Sutter,2021-02-12,633,13289,67,5098,566,8191,0,0,310,7004,322,3138,310,10142,California
Sutter,2021-02-13,897,14186,49,5147,848,9039,0,0,780,7667,117,3255,780,10922,California
Sutter,2021-02-14,90,14276,25,5172,65,9104,0,0,80,7737,10,3265,80,11002,California
Sutter,2021-02-15,198,14474,73,5245,125,9229,0,0,119,7777,79,3344,119,11121,California
Sutter,2021-02-16,289,14763,45,5290,244,9473,0,0,205,7899,83,3427,205,11326,California
Sutter,2021-02-17,822,15585,428,5718,394,9867,0,0,129,7335,693,4120,129,11455,California
Sutter,2021-02-18,700,16285,55,5773,645,10512,0,0,489,7614,210,4330,489,11944,California
Sutter,2021-02-19,664,16949,378,6151,286,10798,0,0,462,7876,200,4530,462,12406,California
Sutter,2021-02-20,622,17571,55,6206,567,11365,0,0,519,8293,102,4632,519,12925,California
Sutter,2021-02-21,29,17600,26,6232,3,11368,0,0,6,8276,23,4655,6,12931,California
Sutter,2021-02-22,207,17807,122,6354,85,11453,0,0,87,8243,120,4775,87,13018,California
Sutter,2021-02-23,223,18030,33,6387,190,11643,0,0,97,8214,126,4901,97,13115,California
Sutter,2021-02-24,960,18990,349,6736,611,12254,0,0,190,7635,769,5670,190,13305,California
Sutter,2021-02-25,785,19775,498,7234,287,12541,0,0,604,8061,178,5848,604,13909,California
Sutter,2021-02-26,370,20145,59,7293,311,12852,0,0,154,8001,214,6062,154,14063,California
Sutter,2021-02-27,865,21010,44,7337,821,13673,0,0,710,8554,157,6219,710,14773,California
Sutter,2021-02-28,83,21093,38,7375,45,13718,0,0,64,8600,18,6237,64,14837,California
Sutter,2021-03-01,247,21340,61,7436,186,13904,0,0,150,8653,97,6334,150,14987,California
Sutter,2021-03-02,334,21674,57,7493,277,14181,0,0,160,8640,173,6507,160,15147,California
Sutter,2021-03-03,1383,23057,513,8006,870,15051,0,0,645,8553,732,7239,645,15792,California
Sutter,2021-03-04,1256,24313,867,8873,389,15440,0,0,950,9201,302,7541,950,16742,California
Sutter,2021-03-05,337,24650,77,8950,259,15699,1,1,204,9274,132,7673,205,16947,California
Sutter,2021-03-06,1022,25672,46,8996,971,16670,5,6,860,9977,162,7835,865,17812,California
Sutter,2021-03-07,64,25736,23,9019,40,16710,1,7,44,10002,20,7855,45,17857,California
Sutter,2021-03-08,226,25962,79,9098,135,16845,12,19,158,10104,68,7923,170,18027,California
Sutter,2021-03-09,385,26347,136,9234,236,17081,13,32,183,10098,202,8125,196,18223,California
Sutter,2021-03-10,1570,27917,683,9917,826,17907,61,93,527,9646,1040,9165,588,18811,California
Sutter,2021-03-11,895,28812,442,10359,434,18341,19,112,648,10069,244,9409,667,19478,California
Sutter,2021-03-12,673,29485,110,10469,381,18722,182,294,199,9977,471,9880,379,19857,California
Sutter,2021-03-13,981,30466,747,11216,217,18939,17,311,778,10571,201,10081,795,20652,California
Sutter,2021-03-14,128,30594,21,11237,96,19035,11,322,43,10540,85,10166,54,20706,California
Sutter,2021-03-15,318,30912,66,11303,203,19238,49,371,151,10574,166,10332,200,20906,California
Sutter,2021-03-16,388,31300,86,11389,255,19493,47,418,210,10652,178,10510,256,21162,California
Sutter,2021-03-17,1498,32798,564,11953,914,20407,20,438,312,9805,1178,11688,331,21493,California
Sutter,2021-03-18,966,33764,179,12132,587,20994,200,638,569,10177,396,12084,768,22261,California
Sutter,2021-03-19,463,34227,165,12297,269,21263,29,667,284,10313,177,12261,313,22574,California
Sutter,2021-03-20,949,35176,116,12413,822,22085,11,678,861,11097,88,12349,872,23446,California
Sutter,2021-03-21,67,35243,47,12460,17,22102,3,681,37,11107,30,12379,40,23486,California
Sutter,2021-03-22,287,35530,120,12580,141,22243,26,707,212,11271,74,12453,238,23724,California
Sutter,2021-03-23,376,35906,116,12696,228,22471,32,739,254,11435,122,12575,286,24010,California
Sutter,2021-03-24,1684,37590,774,13470,840,23311,70,809,318,10471,1352,13927,388,24398,California
Sutter,2021-03-25,1039,38629,680,14150,318,23629,41,850,370,10215,667,14594,411,24809,California
Sutter,2021-03-26,485,39114,173,14323,295,23924,17,867,293,10336,189,14783,310,25119,California
Sutter,2021-03-27,931,40045,63,14386,866,24790,2,869,823,11056,105,14888,825,25944,California
Sutter,2021-03-28,125,40170,71,14457,54,24844,0,869,78,11089,45,14933,78,26022,California
Sutter,2021-03-29,427,40597,144,14601,228,25072,55,924,226,11171,199,15132,281,26303,California
Sutter,2021-03-30,477,41074,160,14761,307,25379,10,934,318,11340,159,15291,328,26631,California
Sutter,2021-03-31,1245,42319,176,14937,1053,26432,16,950,444,11008,791,16082,459,27090,California
Sutter,2021-04-01,1376,43695,731,15668,458,26890,187,1137,422,10669,947,17029,608,27698,California
Sutter,2021-04-02,513,44208,100,15768,295,27185,118,1255,201,10674,311,17340,316,28014,California
Sutter,2021-04-03,910,45118,77,15845,210,27395,623,1878,121,10631,787,18127,744,28758,California
Sutter,2021-04-04,118,45236,22,15867,90,27485,6,1884,55,10629,63,18190,61,28819,California
Sutter,2021-04-05,368,45604,146,16013,186,27671,36,1920,177,10654,188,18378,213,29032,California
Sutter,2021-04-06,508,46112,197,16210,255,27926,56,1976,272,10747,235,18613,328,29360,California
Sutter,2021-04-07,1462,47574,865,17075,522,28448,75,2051,600,10566,856,19469,675,30035,California
Sutter,2021-04-08,1036,48610,576,17651,351,28799,109,2160,570,10782,461,19930,677,30712,California
Sutter,2021-04-09,560,49170,247,17898,249,29048,64,2224,234,10756,324,20254,298,31010,California
Sutter,2021-04-10,818,49988,106,18004,87,29135,625,2849,104,10767,712,20966,723,31733,California
Sutter,2021-04-11,110,50098,28,18032,40,29175,42,2891,32,10763,78,21044,74,31807,California
Sutter,2021-04-12,336,50434,91,18123,191,29366,54,2945,136,10753,200,21244,190,31997,California
Sutter,2021-04-13,429,50863,127,18250,302,29668,0,2945,214,10754,213,21457,214,32211,California
Sutter,2021-04-14,1292,52155,161,18411,1130,30798,1,2946,213,9895,1073,22530,214,32425,California
Sutter,2021-04-15,535,52690,175,18586,360,31158,0,2946,213,9788,320,22850,213,32638,California
Sutter,2021-04-16,394,53084,123,18709,271,31429,0,2946,181,9757,212,23062,181,32819,California
Sutter,2021-04-17,577,53661,84,18793,493,31922,0,2946,506,10194,69,23131,506,33325,California
Sutter,2021-04-18,69,53730,10,18803,59,31981,0,2946,42,10210,26,23157,42,33367,California
Sutter,2021-04-19,288,54018,110,18913,178,32159,0,2946,120,10164,166,23323,120,33487,California
Sutter,2021-04-20,395,54413,136,19049,258,32417,1,2947,202,10174,192,23515,202,33689,California
Sutter,2021-04-21,1234,55647,421,19470,813,33230,0,2947,476,9901,749,24264,476,34165,California
Sutter,2021-04-22,480,56127,167,19637,313,33543,0,2947,247,9917,231,24495,247,34412,California
Sutter,2021-04-23,397,56524,115,19752,282,33825,0,2947,186,9893,210,24705,186,34598,California
Sutter,2021-04-24,326,56850,106,19858,219,34044,1,2948,185,9939,140,24845,186,34784,California
Sutter,2021-04-25,157,57007,75,19933,82,34126,0,2948,86,9957,68,24913,86,34870,California
Sutter,2021-04-26,259,57266,60,19993,197,34323,2,2950,114,9930,143,25056,116,34986,California
Sutter,2021-04-27,488,57754,227,20220,257,34580,4,2954,226,9901,259,25315,230,35216,California
Sutter,2021-04-28,816,58570,340,20560,468,35048,8,2962,260,9618,551,25866,268,35484,California
Sutter,2021-04-29,775,59345,136,20696,638,35686,1,2963,310,9467,462,26328,311,35795,California
Sutter,2021-04-30,356,59701,108,20804,235,35921,13,2976,145,9416,208,26536,157,35952,California
Sutter,2021-05-01,294,59995,105,20909,148,36069,41,3017,124,9414,167,26703,165,36117,California
Sutter,2021-05-02,79,60074,52,20961,25,36094,2,3019,45,9427,34,26737,47,36164,California
Sutter,2021-05-03,169,60243,107,21068,53,36147,9,3028,69,9405,100,26837,78,36242,California
Sutter,2021-05-04,522,60765,236,21304,222,36369,64,3092,221,9391,298,27135,284,36526,California
Sutter,2021-05-05,534,61299,141,21445,385,36754,8,3100,159,9190,368,27503,167,36693,California
Sutter,2021-05-06,424,61723,231,21676,173,36927,20,3120,192,9170,232,27735,212,36905,California
Sutter,2021-05-07,405,62128,145,21821,238,37165,22,3142,152,9092,252,27987,174,37079,California
Sutter,2021-05-08,196,62324,49,21870,141,37306,6,3148,106,9114,90,28077,112,37191,California
Sutter,2021-05-09,81,62405,52,21922,24,37330,5,3153,56,9150,25,28102,61,37252,California
Sutter,2021-05-10,187,62592,42,21964,128,37458,17,3170,47,9076,138,28240,64,37316,California
Sutter,2021-05-11,405,62997,206,22170,182,37640,17,3187,177,9044,225,28465,193,37509,California
Sutter,2021-05-12,366,63363,181,22351,175,37815,10,3197,109,8909,254,28719,119,37628,California
Sutter,2021-05-13,251,63614,126,22477,103,37918,22,3219,58,8798,191,28910,80,37708,California
Tehama,2020-12-15,1,1,1,1,0,0,0,0,1,1,0,0,1,1,California
Tehama,2020-12-16,2,3,2,3,0,0,0,0,2,3,0,0,2,3,California
Tehama,2020-12-17,12,15,12,15,0,0,0,0,12,15,0,0,12,15,California
Tehama,2020-12-18,2,17,2,17,0,0,0,0,3,18,0,0,3,18,California
Tehama,2020-12-21,33,50,33,50,0,0,0,0,33,51,0,0,33,51,California
Tehama,2020-12-22,68,118,62,112,6,6,0,0,68,119,0,0,68,119,California
Tehama,2020-12-23,48,166,40,152,8,14,0,0,48,167,0,0,48,167,California
Tehama,2020-12-24,5,171,3,155,2,16,0,0,5,172,0,0,5,172,California
Tehama,2020-12-26,3,174,2,157,1,17,0,0,3,175,0,0,3,175,California
Tehama,2020-12-27,2,176,2,159,0,17,0,0,2,177,0,0,2,177,California
Tehama,2020-12-28,56,232,43,202,13,30,0,0,56,233,0,0,56,233,California
Tehama,2020-12-29,31,263,31,233,0,30,0,0,31,264,0,0,31,264,California
Tehama,2020-12-30,54,317,38,271,16,46,0,0,53,317,0,0,53,317,California
Tehama,2020-12-31,14,331,4,275,10,56,0,0,14,331,0,0,14,331,California
Tehama,2021-01-01,2,333,0,275,2,58,0,0,2,333,0,0,2,333,California
Tehama,2021-01-04,32,365,9,284,23,81,0,0,32,365,0,0,32,365,California
Tehama,2021-01-05,70,435,43,327,27,108,0,0,67,429,3,3,67,432,California
Tehama,2021-01-06,71,506,21,348,50,158,0,0,62,483,8,11,62,494,California
Tehama,2021-01-07,57,563,7,355,50,208,0,0,56,538,1,12,56,550,California
Tehama,2021-01-08,33,596,24,379,9,217,0,0,28,561,5,17,28,578,California
Tehama,2021-01-09,7,603,5,384,2,219,0,0,5,564,2,19,5,583,California
Tehama,2021-01-10,1,604,0,384,1,220,0,0,1,565,0,19,1,584,California
Tehama,2021-01-11,48,652,46,430,2,222,0,0,15,547,33,52,15,599,California
Tehama,2021-01-12,116,768,96,526,20,242,0,0,71,573,45,97,71,670,California
Tehama,2021-01-13,73,841,55,581,18,260,0,0,27,554,46,143,27,697,California
Tehama,2021-01-14,224,1065,50,631,174,434,0,0,222,774,2,145,222,919,California
Tehama,2021-01-15,247,1312,74,705,173,607,0,0,243,1013,4,149,243,1162,California
Tehama,2021-01-16,272,1584,27,732,245,852,0,0,269,1279,3,152,269,1431,California
Tehama,2021-01-17,13,1597,9,741,4,856,0,0,11,1288,2,154,11,1442,California
Tehama,2021-01-18,10,1607,6,747,4,860,0,0,5,1288,5,159,5,1447,California
Tehama,2021-01-19,288,1895,62,809,226,1086,0,0,233,1466,55,214,233,1680,California
Tehama,2021-01-20,301,2196,87,896,214,1300,0,0,251,1668,49,263,251,1931,California
Tehama,2021-01-21,214,2410,11,907,203,1503,0,0,204,1862,10,273,204,2135,California
Tehama,2021-01-22,223,2633,21,928,202,1705,0,0,220,2079,3,276,220,2355,California
Tehama,2021-01-23,261,2894,10,938,251,1956,0,0,260,2338,1,277,260,2615,California
Tehama,2021-01-24,1,2895,1,939,0,1956,0,0,1,2339,0,277,1,2616,California
Tehama,2021-01-25,32,2927,14,953,18,1974,0,0,14,2335,18,295,14,2630,California
Tehama,2021-01-26,323,3250,42,995,281,2255,0,0,286,2584,37,332,286,2916,California
Tehama,2021-01-27,299,3549,21,1016,278,2533,0,0,279,2843,20,352,279,3195,California
Tehama,2021-01-28,340,3889,29,1045,311,2844,0,0,325,3153,15,367,325,3520,California
Tehama,2021-01-29,321,4210,19,1064,302,3146,0,0,304,3440,17,384,304,3824,California
Tehama,2021-01-30,103,4313,2,1066,101,3247,0,0,102,3541,1,385,102,3926,California
Tehama,2021-01-31,1,4314,0,1066,1,3248,0,0,1,3542,0,385,1,3927,California
Tehama,2021-02-01,78,4392,22,1088,56,3304,0,0,36,3536,42,427,36,3963,California
Tehama,2021-02-02,347,4739,63,1151,284,3588,0,0,250,3692,94,521,250,4213,California
Tehama,2021-02-03,387,5126,12,1163,375,3963,0,0,343,3991,44,565,343,4556,California
Tehama,2021-02-04,475,5601,98,1261,377,4340,0,0,396,4309,79,644,397,4953,California
Tehama,2021-02-05,174,5775,73,1334,101,4441,0,0,112,4359,62,706,112,5065,California
Tehama,2021-02-06,28,5803,13,1347,15,4456,0,0,16,4363,12,718,16,5081,California
Tehama,2021-02-07,5,5808,4,1351,1,4457,0,0,2,4362,3,721,2,5083,California
Tehama,2021-02-08,36,5844,14,1365,22,4479,0,0,27,4380,9,730,27,5110,California
Tehama,2021-02-09,78,5922,34,1399,44,4523,0,0,44,4390,34,764,44,5154,California
Tehama,2021-02-10,233,6155,62,1461,171,4694,0,0,157,4471,76,840,157,5311,California
Tehama,2021-02-11,221,6376,16,1477,205,4899,0,0,82,4416,137,977,82,5393,California
Tehama,2021-02-12,364,6740,65,1542,299,5198,0,0,174,4400,190,1167,174,5567,California
Tehama,2021-02-13,386,7126,13,1555,373,5571,0,0,147,4308,239,1406,147,5714,California
Tehama,2021-02-14,34,7160,1,1556,33,5604,0,0,32,4338,2,1408,32,5746,California
Tehama,2021-02-15,51,7211,9,1565,42,5646,0,0,45,4377,6,1414,45,5791,California
Tehama,2021-02-16,242,7453,16,1581,226,5872,0,0,60,4255,182,1596,60,5851,California
Tehama,2021-02-17,280,7733,12,1593,268,6140,0,0,54,4083,226,1822,54,5905,California
Tehama,2021-02-18,368,8101,32,1625,336,6476,0,0,144,4003,224,2046,144,6049,California
Tehama,2021-02-19,213,8314,18,1643,195,6671,0,0,42,3874,171,2217,42,6091,California
Tehama,2021-02-20,271,8585,6,1649,265,6936,0,0,26,3655,245,2462,26,6117,California
Tehama,2021-02-22,37,8622,13,1662,24,6960,0,0,24,3666,13,2475,24,6141,California
Tehama,2021-02-23,46,8668,19,1681,27,6987,0,0,26,3672,20,2495,26,6167,California
Tehama,2021-02-24,298,8966,12,1693,286,7273,0,0,26,3426,272,2767,26,6193,California
Tehama,2021-02-25,377,9343,61,1754,316,7589,0,0,38,3125,339,3106,38,6231,California
Tehama,2021-02-26,455,9798,19,1773,436,8025,0,0,70,2810,385,3491,70,6301,California
Tehama,2021-02-27,294,10092,5,1778,289,8314,0,0,34,2584,260,3751,34,6335,California
Tehama,2021-02-28,23,10115,2,1780,21,8335,0,0,20,2601,3,3754,20,6355,California
Tehama,2021-03-01,65,10180,8,1788,57,8392,0,0,31,2598,34,3788,31,6386,California
Tehama,2021-03-02,131,10311,18,1806,113,8505,0,0,30,2527,101,3889,30,6416,California
Tehama,2021-03-03,146,10457,33,1839,113,8618,0,0,47,2475,99,3988,47,6463,California
Tehama,2021-03-04,620,11077,36,1875,584,9202,0,0,222,2306,391,4379,222,6685,California
Tehama,2021-03-05,396,11473,18,1893,378,9580,0,0,214,2339,181,4560,214,6899,California
Tehama,2021-03-06,299,11772,17,1910,282,9862,0,0,81,2204,217,4777,82,6981,California
Tehama,2021-03-07,5,11777,1,1911,4,9866,0,0,3,2206,1,4778,3,6984,California
Tehama,2021-03-08,58,11835,12,1923,31,9897,15,15,27,2218,30,4808,42,7026,California
Tehama,2021-03-09,364,12199,8,1931,337,10234,19,34,309,2491,55,4863,328,7354,California
Tehama,2021-03-10,351,12550,12,1943,318,10552,21,55,69,2300,281,5144,90,7444,California
Tehama,2021-03-11,486,13036,17,1960,423,10975,46,101,343,2546,143,5287,389,7833,California
Tehama,2021-03-12,304,13340,19,1979,220,11195,65,166,179,2665,125,5412,244,8077,California
Tehama,2021-03-13,45,13385,8,1987,31,11226,6,172,6,2638,39,5451,12,8089,California
Tehama,2021-03-14,51,13436,3,1990,37,11263,11,183,10,2618,41,5492,21,8110,California
Tehama,2021-03-15,151,13587,21,2011,110,11373,20,203,84,2655,67,5559,104,8214,California
Tehama,2021-03-16,418,14005,14,2025,366,11739,38,241,315,2906,102,5661,353,8567,California
Tehama,2021-03-17,416,14421,22,2047,362,12101,32,273,333,3190,81,5742,365,8932,California
Tehama,2021-03-18,489,14910,26,2073,439,12540,24,297,310,3347,177,5919,334,9266,California
Tehama,2021-03-19,317,15227,23,2096,281,12821,13,310,275,3593,42,5961,288,9554,California
Tehama,2021-03-20,40,15267,8,2104,30,12851,2,312,28,3611,12,5973,30,9584,California
Tehama,2021-03-21,12,15279,5,2109,7,12858,0,312,12,3623,0,5973,12,9596,California
Tehama,2021-03-22,90,15369,7,2116,66,12924,17,329,49,3648,41,6014,66,9662,California
Tehama,2021-03-23,87,15456,26,2142,54,12978,7,336,68,3704,19,6033,75,9737,California
Tehama,2021-03-24,86,15542,16,2158,68,13046,2,338,55,3730,31,6064,57,9794,California
Tehama,2021-03-25,516,16058,352,2510,151,13197,13,351,467,4162,48,6112,480,10274,California
Tehama,2021-03-26,506,16564,398,2908,96,13293,12,363,431,4530,75,6187,443,10717,California
Tehama,2021-03-27,452,17016,360,3268,67,13360,25,388,385,4874,66,6253,410,11127,California
Tehama,2021-03-28,34,17050,13,3281,21,13381,0,388,22,4884,12,6265,22,11149,California
Tehama,2021-03-29,123,17173,31,3312,91,13472,1,389,79,4919,44,6309,79,11228,California
Tehama,2021-03-30,372,17545,222,3534,148,13620,2,391,254,5057,118,6427,256,11484,California
Tehama,2021-03-31,397,17942,296,3830,98,13718,3,394,325,5313,71,6498,327,11811,California
Tehama,2021-04-01,528,18470,248,4078,274,13992,6,400,395,5581,133,6631,401,12212,California
Tehama,2021-04-02,452,18922,213,4291,233,14225,6,406,268,5670,184,6815,273,12485,California
Tehama,2021-04-03,60,18982,3,4294,52,14277,5,411,30,5675,30,6845,35,12520,California
Tehama,2021-04-04,34,19016,6,4300,27,14304,1,412,22,5686,12,6857,23,12543,California
Tehama,2021-04-05,115,19131,21,4321,68,14372,26,438,60,5717,55,6912,86,12629,California
Tehama,2021-04-06,493,19624,110,4431,332,14704,51,489,141,5557,352,7264,192,12821,California
Tehama,2021-04-07,416,20040,282,4713,90,14794,44,533,303,5791,112,7376,346,13167,California
Tehama,2021-04-08,600,20640,174,4887,388,15182,38,571,229,5688,370,7746,267,13434,California
Tehama,2021-04-09,430,21070,193,5080,204,15386,33,604,215,5722,214,7960,248,13682,California
Tehama,2021-04-10,72,21142,9,5089,37,15423,26,630,39,5754,33,7993,65,13747,California
Tehama,2021-04-11,33,21175,7,5096,15,15438,11,641,8,5748,25,8018,19,13766,California
Tehama,2021-04-12,112,21287,6,5102,87,15525,19,660,42,5739,70,8088,61,13827,California
Tehama,2021-04-13,386,21673,63,5165,323,15848,0,660,67,5487,319,8407,67,13894,California
Tehama,2021-04-14,404,22077,51,5216,353,16201,0,660,53,5190,350,8757,53,13947,California
Tehama,2021-04-15,496,22573,192,5408,304,16505,0,660,85,4864,411,9168,85,14032,California
Tehama,2021-04-16,587,23160,336,5744,251,16756,0,660,76,4429,511,9679,76,14108,California
Tehama,2021-04-17,347,23507,268,6012,79,16835,0,660,41,4166,305,9984,42,14150,California
Tehama,2021-04-18,17,23524,3,6015,14,16849,0,660,13,4175,4,9988,13,14163,California
Tehama,2021-04-19,93,23617,7,6022,86,16935,0,660,40,4162,53,10041,40,14203,California
Tehama,2021-04-20,500,24117,412,6434,88,17023,0,660,146,3958,352,10393,148,14351,California
Tehama,2021-04-21,519,24636,445,6879,74,17097,0,660,168,3776,350,10743,168,14519,California
Tehama,2021-04-22,515,25151,364,7243,151,17248,0,660,150,3562,364,11107,150,14669,California
Tehama,2021-04-23,445,25596,346,7589,99,17347,0,660,204,3526,241,11348,205,14874,California
Tehama,2021-04-24,104,25700,18,7607,86,17433,0,660,30,3482,74,11422,30,14904,California
Tehama,2021-04-25,29,25729,18,7625,11,17444,0,660,11,3475,18,11440,11,14915,California
Tehama,2021-04-26,71,25800,7,7632,64,17508,0,660,41,3486,30,11470,41,14956,California
Tehama,2021-04-27,248,26048,203,7835,45,17553,0,660,91,3420,157,11627,91,15047,California
Tehama,2021-04-28,395,26443,318,8153,60,17613,17,677,65,3172,330,11957,82,15129,California
Tehama,2021-04-29,351,26794,171,8324,175,17788,5,682,68,2963,282,12239,73,15202,California
Tehama,2021-04-30,324,27118,240,8564,78,17866,6,688,112,2869,212,12451,118,15320,California
Tehama,2021-05-01,72,27190,4,8568,65,17931,3,691,14,2828,58,12509,17,15337,California
Tehama,2021-05-02,46,27236,24,8592,10,17941,12,703,26,2846,20,12529,38,15375,California
Tehama,2021-05-03,117,27353,41,8633,68,18009,8,711,62,2861,55,12584,70,15445,California
Tehama,2021-05-04,156,27509,55,8688,94,18103,7,718,67,2846,89,12673,74,15519,California
Tehama,2021-05-05,86,27595,21,8709,55,18158,10,728,38,2846,48,12721,48,15567,California
Tehama,2021-05-06,162,27757,90,8799,57,18215,15,743,97,2893,65,12786,112,15679,California
Tehama,2021-05-07,167,27924,71,8870,85,18300,11,754,46,2831,119,12905,57,15736,California
Tehama,2021-05-08,49,27973,6,8876,42,18342,1,755,13,2809,36,12941,14,15750,California
Tehama,2021-05-09,15,27988,3,8879,12,18354,0,755,6,2806,9,12950,6,15756,California
Tehama,2021-05-10,76,28064,7,8886,63,18417,6,761,35,2807,40,12990,41,15797,California
Tehama,2021-05-11,156,28220,115,9001,30,18447,11,772,25,2712,131,13121,36,15833,California
Tehama,2021-05-12,181,28401,129,9130,44,18491,8,780,30,2600,150,13271,38,15871,California
Tehama,2021-05-13,188,28589,149,9279,33,18524,6,786,82,2582,106,13377,88,15959,California
Trinity,2020-12-17,4,4,4,4,0,0,0,0,4,4,0,0,4,4,California
Trinity,2020-12-18,2,6,2,6,0,0,0,0,2,6,0,0,2,6,California
Trinity,2020-12-21,39,45,39,45,0,0,0,0,39,45,0,0,39,45,California
Trinity,2020-12-22,5,50,5,50,0,0,0,0,5,50,0,0,5,50,California
Trinity,2020-12-23,5,55,5,55,0,0,0,0,5,55,0,0,5,55,California
Trinity,2020-12-28,30,85,30,85,0,0,0,0,30,85,0,0,30,85,California
Trinity,2020-12-29,8,93,7,92,1,1,0,0,8,93,0,0,8,93,California
Trinity,2020-12-30,10,103,8,100,2,3,0,0,10,103,0,0,10,103,California
Trinity,2020-12-31,2,105,1,101,1,4,0,0,2,105,0,0,2,105,California
Trinity,2021-01-04,28,133,0,101,28,32,0,0,27,132,0,0,27,132,California
Trinity,2021-01-05,3,136,1,102,2,34,0,0,3,135,0,0,3,135,California
Trinity,2021-01-06,24,160,4,106,20,54,0,0,20,151,4,4,20,155,California
Trinity,2021-01-08,49,209,2,108,47,101,0,0,48,197,2,6,48,203,California
Trinity,2021-01-11,42,251,39,147,3,104,0,0,4,163,38,44,4,207,California
Trinity,2021-01-12,9,260,7,154,2,106,0,0,4,162,5,49,4,211,California
Trinity,2021-01-13,7,267,4,158,3,109,0,0,4,163,3,52,4,215,California
Trinity,2021-01-14,4,271,1,159,3,112,0,0,4,167,0,52,4,219,California
Trinity,2021-01-15,4,275,0,159,4,116,0,0,4,171,0,52,4,223,California
Trinity,2021-01-16,4,279,0,159,4,120,0,0,4,175,0,52,4,227,California
Trinity,2021-01-18,31,310,31,190,0,120,0,0,1,146,30,82,1,228,California
Trinity,2021-01-19,96,406,14,204,82,202,0,0,82,214,14,96,82,310,California
Trinity,2021-01-20,19,425,3,207,16,218,0,0,17,229,2,98,17,327,California
Trinity,2021-01-21,17,442,7,214,10,228,0,0,17,246,0,98,17,344,California
Trinity,2021-01-22,5,447,1,215,4,232,0,0,5,251,0,98,5,349,California
Trinity,2021-01-23,7,454,3,218,4,236,0,0,7,258,0,98,7,356,California
Trinity,2021-01-25,14,468,1,219,13,249,0,0,13,270,1,99,13,369,California
Trinity,2021-01-26,10,478,1,220,9,258,0,0,9,278,1,100,9,378,California
Trinity,2021-01-27,12,490,0,220,12,270,0,0,12,290,0,100,12,390,California
Trinity,2021-01-28,13,503,3,223,10,280,0,0,10,297,3,103,10,400,California
Trinity,2021-01-29,2,505,0,223,2,282,0,0,1,297,1,104,1,401,California
Trinity,2021-01-30,12,517,11,234,1,283,0,0,12,309,0,104,12,413,California
Trinity,2021-02-01,2,519,1,235,1,284,0,0,1,309,1,105,1,414,California
Trinity,2021-02-02,14,533,3,238,11,295,0,0,13,321,1,106,13,427,California
Trinity,2021-02-03,6,539,1,239,5,300,0,0,3,321,3,109,3,430,California
Trinity,2021-02-04,42,581,32,271,10,310,0,0,35,349,7,116,35,465,California
Trinity,2021-02-05,350,931,0,271,350,660,0,0,320,639,30,146,320,785,California
Trinity,2021-02-06,210,1141,5,276,205,865,0,0,203,835,7,153,203,988,California
Trinity,2021-02-07,1,1142,0,276,1,866,0,0,1,836,0,153,1,989,California
Trinity,2021-02-08,25,1167,0,276,25,891,0,0,15,841,10,163,15,1004,California
Trinity,2021-02-09,27,1194,2,278,25,916,0,0,11,836,16,179,11,1015,California
Trinity,2021-02-10,122,1316,10,288,112,1028,0,0,102,918,20,199,102,1117,California
Trinity,2021-02-11,339,1655,2,290,337,1365,0,0,332,1243,7,206,332,1449,California
Trinity,2021-02-12,14,1669,6,296,8,1373,0,0,10,1249,4,210,10,1459,California
Trinity,2021-02-13,12,1681,5,301,7,1380,0,0,5,1247,7,217,5,1464,California
Trinity,2021-02-14,2,1683,2,303,0,1380,0,0,2,1249,0,217,2,1466,California
Trinity,2021-02-15,47,1730,0,303,47,1427,0,0,47,1296,0,217,47,1513,California
Trinity,2021-02-16,5,1735,1,304,4,1431,0,0,3,1297,2,219,3,1516,California
Trinity,2021-02-17,94,1829,2,306,92,1523,0,0,84,1371,10,229,84,1600,California
Trinity,2021-02-18,4,1833,0,306,4,1527,0,0,1,1369,3,232,1,1601,California
Trinity,2021-02-19,304,2137,2,308,302,1829,0,0,290,1645,14,246,290,1891,California
Trinity,2021-02-20,141,2278,14,322,127,1956,0,0,113,1730,28,274,113,2004,California
Trinity,2021-02-21,1,2279,1,323,0,1956,0,0,1,1731,0,274,1,2005,California
Trinity,2021-02-22,8,2287,0,323,8,1964,0,0,5,1733,3,277,5,2010,California
Trinity,2021-02-23,11,2298,4,327,7,1971,0,0,6,1734,5,282,6,2016,California
Trinity,2021-02-24,30,2328,8,335,22,1993,0,0,7,1718,23,305,7,2023,California
Trinity,2021-02-25,36,2364,23,358,13,2006,0,0,5,1692,31,336,5,2028,California
Trinity,2021-02-26,11,2375,1,359,10,2016,0,0,5,1691,6,342,5,2033,California
Trinity,2021-02-27,9,2384,7,366,2,2018,0,0,4,1690,5,347,4,2037,California
Trinity,2021-03-01,9,2393,0,366,9,2027,0,0,5,1691,4,351,5,2042,California
Trinity,2021-03-02,9,2402,3,369,6,2033,0,0,2,1686,7,358,2,2044,California
Trinity,2021-03-03,5,2407,0,369,5,2038,0,0,4,1689,1,359,4,2048,California
Trinity,2021-03-04,24,2431,19,388,5,2043,0,0,14,1693,10,369,14,2062,California
Trinity,2021-03-05,388,2819,1,389,387,2430,0,0,121,1551,263,632,121,2183,California
Trinity,2021-03-06,202,3021,7,396,195,2625,0,0,27,1403,175,807,27,2210,California
Trinity,2021-03-07,4,3025,3,399,1,2626,0,0,3,1405,1,808,3,2213,California
Trinity,2021-03-08,3,3028,0,399,2,2628,1,1,1,1405,2,810,2,2215,California
Trinity,2021-03-09,94,3122,0,399,92,2720,2,3,89,1491,5,815,91,2306,California
Trinity,2021-03-10,126,3248,3,402,120,2840,3,6,38,1444,88,903,41,2347,California
Trinity,2021-03-11,14,3262,4,406,8,2848,2,8,5,1442,9,912,7,2354,California
Trinity,2021-03-12,385,3647,5,411,374,3222,6,14,90,1243,295,1207,96,2450,California
Trinity,2021-03-13,13,3660,8,419,3,3225,2,16,8,1248,5,1212,10,2460,California
Trinity,2021-03-14,3,3663,1,420,2,3227,0,16,2,1249,1,1213,2,2462,California
Trinity,2021-03-15,67,3730,0,420,66,3293,1,17,14,1211,53,1266,15,2477,California
Trinity,2021-03-16,115,3845,7,427,108,3401,0,17,101,1298,14,1280,101,2578,California
Trinity,2021-03-17,100,3945,3,430,97,3498,0,17,26,1250,74,1354,26,2604,California
Trinity,2021-03-18,10,3955,2,432,5,3503,3,20,5,1253,5,1359,8,2612,California
Trinity,2021-03-19,459,4414,4,436,345,3848,110,130,36,976,423,1782,146,2758,California
Trinity,2021-03-20,105,4519,7,443,98,3946,0,130,70,1012,34,1816,70,2828,California
Trinity,2021-03-21,4,4523,0,443,3,3949,1,131,3,1015,1,1817,4,2832,California
Trinity,2021-03-22,2,4525,0,443,2,3951,0,131,2,1017,0,1817,2,2834,California
Trinity,2021-03-23,96,4621,2,445,94,4045,0,131,78,1077,18,1835,78,2912,California
Trinity,2021-03-24,12,4633,1,446,11,4056,0,131,9,1083,3,1838,9,2921,California
Trinity,2021-03-25,110,4743,8,454,96,4152,6,137,84,1147,26,1864,90,3011,California
Trinity,2021-03-26,85,4828,8,462,77,4229,0,137,78,1218,7,1871,78,3089,California
Trinity,2021-03-27,18,4846,4,466,5,4234,9,146,7,1223,11,1882,16,3105,California
Trinity,2021-03-28,5,4851,3,469,2,4236,0,146,1,1220,4,1886,1,3106,California
Trinity,2021-03-29,5,4856,0,469,5,4241,0,146,2,1219,3,1889,2,3108,California
Trinity,2021-03-30,77,4933,5,474,72,4313,0,146,67,1276,10,1899,67,3175,California
Trinity,2021-03-31,56,4989,5,479,19,4332,32,178,21,1293,35,1934,52,3227,California
Trinity,2021-04-01,41,5030,11,490,19,4351,11,189,21,1305,20,1954,32,3259,California
Trinity,2021-04-02,242,5272,5,495,163,4514,74,263,72,1282,169,2123,146,3405,California
Trinity,2021-04-03,17,5289,12,507,5,4519,0,263,7,1279,10,2133,7,3412,California
Trinity,2021-04-04,10,5299,8,515,2,4521,0,263,8,1285,2,2135,8,3420,California
Trinity,2021-04-05,59,5358,6,521,52,4573,1,264,55,1337,4,2139,56,3476,California
Trinity,2021-04-06,115,5473,15,536,97,4670,3,267,27,1279,88,2227,30,3506,California
Trinity,2021-04-07,23,5496,12,548,6,4676,5,272,15,1291,8,2235,20,3526,California
Trinity,2021-04-08,87,5583,10,558,75,4751,2,274,50,1306,37,2272,52,3578,California
Trinity,2021-04-09,166,5749,20,578,141,4892,5,279,87,1319,79,2351,92,3670,California
Trinity,2021-04-10,11,5760,7,585,4,4896,0,279,10,1328,1,2352,10,3680,California
Trinity,2021-04-11,9,5769,5,590,2,4898,2,281,4,1329,5,2357,6,3686,California
Trinity,2021-04-12,77,5846,5,595,71,4969,1,282,64,1381,12,2369,64,3750,California
Trinity,2021-04-13,97,5943,5,600,92,5061,0,282,10,1304,87,2456,10,3760,California
Trinity,2021-04-14,10,5953,5,605,5,5066,0,282,6,1306,4,2460,6,3766,California
Trinity,2021-04-15,43,5996,10,615,33,5099,0,282,14,1291,29,2489,14,3780,California
Trinity,2021-04-16,144,6140,12,627,132,5231,0,282,72,1291,72,2561,72,3852,California
Trinity,2021-04-17,11,6151,5,632,6,5237,0,282,9,1298,2,2563,9,3861,California
Trinity,2021-04-18,2,6153,1,633,1,5238,0,282,0,1296,2,2565,0,3861,California
Trinity,2021-04-19,5,6158,2,635,3,5241,0,282,4,1299,1,2566,4,3865,California
Trinity,2021-04-20,92,6250,8,643,84,5325,0,282,20,1247,72,2638,20,3885,California
Trinity,2021-04-21,22,6272,9,652,13,5338,0,282,9,1243,13,2651,9,3894,California
Trinity,2021-04-22,91,6363,5,657,86,5424,0,282,14,1180,77,2728,14,3908,California
Trinity,2021-04-23,183,6546,6,663,177,5601,0,282,114,1225,69,2797,114,4022,California
Trinity,2021-04-24,20,6566,13,676,7,5608,0,282,5,1215,15,2812,5,4027,California
Trinity,2021-04-25,10,6576,9,685,1,5609,0,282,3,1212,6,2818,3,4030,California
Trinity,2021-04-26,45,6621,6,691,39,5648,0,282,40,1247,5,2823,40,4070,California
Trinity,2021-04-27,85,6706,7,698,78,5726,0,282,22,1206,63,2886,22,4092,California
Trinity,2021-04-28,33,6739,11,709,22,5748,0,282,12,1197,21,2907,12,4104,California
Trinity,2021-04-29,34,6773,13,722,21,5769,0,282,12,1187,22,2929,12,4116,California
Trinity,2021-04-30,26,6799,20,742,6,5775,0,282,8,1177,18,2947,8,4124,California
Trinity,2021-05-01,14,6813,8,750,1,5776,5,287,4,1176,10,2957,9,4133,California
Trinity,2021-05-02,8,6821,5,755,1,5777,2,289,2,1174,6,2963,4,4137,California
Trinity,2021-05-03,58,6879,13,768,44,5821,1,290,9,1136,48,3011,10,4147,California
Trinity,2021-05-04,20,6899,11,779,8,5829,1,291,8,1133,12,3023,9,4156,California
Trinity,2021-05-05,10,6909,6,785,4,5833,0,291,3,1129,7,3030,3,4159,California
Trinity,2021-05-06,72,6981,10,795,60,5893,2,293,15,1089,57,3087,17,4176,California
Trinity,2021-05-07,168,7149,12,807,122,6015,34,327,11,977,157,3244,45,4221,California
Trinity,2021-05-08,7,7156,3,810,4,6019,0,327,3,976,4,3248,3,4224,California
Trinity,2021-05-09,11,7167,8,818,3,6022,0,327,7,979,4,3252,7,4231,California
Trinity,2021-05-10,15,7182,4,822,10,6032,1,328,9,983,6,3258,10,4241,California
Trinity,2021-05-11,8,7190,3,825,5,6037,0,328,5,985,3,3261,5,4246,California
Trinity,2021-05-12,16,7206,13,838,2,6039,1,329,12,994,4,3265,13,4259,California
Trinity,2021-05-13,2,7208,1,839,1,6040,0,329,1,994,1,3266,1,4260,California
Tulare,2020-12-15,1,1,1,1,0,0,0,0,1,1,0,0,1,1,California
Tulare,2020-12-16,3,4,3,4,0,0,0,0,3,4,0,0,3,4,California
Tulare,2020-12-17,110,114,110,114,0,0,0,0,110,114,0,0,110,114,California
Tulare,2020-12-18,290,404,289,403,1,1,0,0,290,404,0,0,290,404,California
Tulare,2020-12-19,327,731,327,730,0,1,0,0,327,731,0,0,327,731,California
Tulare,2020-12-20,166,897,165,895,1,2,0,0,166,897,0,0,166,897,California
Tulare,2020-12-21,423,1320,423,1318,0,2,0,0,443,1340,0,0,443,1340,California
Tulare,2020-12-22,469,1789,467,1785,2,4,0,0,468,1808,0,0,468,1808,California
Tulare,2020-12-23,327,2116,319,2104,8,12,0,0,325,2133,0,0,325,2133,California
Tulare,2020-12-24,18,2134,16,2120,2,14,0,0,18,2151,0,0,18,2151,California
Tulare,2020-12-26,8,2142,7,2127,1,15,0,0,8,2159,0,0,8,2159,California
Tulare,2020-12-27,16,2158,12,2139,4,19,0,0,16,2175,0,0,16,2175,California
Tulare,2020-12-28,481,2639,469,2608,12,31,0,0,480,2655,0,0,480,2655,California
Tulare,2020-12-29,547,3186,478,3086,69,100,0,0,547,3202,0,0,547,3202,California
Tulare,2020-12-30,474,3660,435,3521,39,139,0,0,474,3676,0,0,474,3676,California
Tulare,2020-12-31,95,3755,22,3543,73,212,0,0,95,3771,0,0,95,3771,California
Tulare,2021-01-01,2,3757,1,3544,1,213,0,0,2,3773,0,0,2,3773,California
Tulare,2021-01-02,30,3787,17,3561,13,226,0,0,30,3803,0,0,30,3803,California
Tulare,2021-01-03,23,3810,9,3570,14,240,0,0,23,3826,0,0,23,3826,California
Tulare,2021-01-04,92,3902,16,3586,76,316,0,0,92,3918,0,0,92,3918,California
Tulare,2021-01-05,460,4362,278,3864,182,498,0,0,458,4374,2,2,458,4376,California
Tulare,2021-01-06,864,5226,634,4498,230,728,0,0,854,5218,10,12,854,5230,California
Tulare,2021-01-07,781,6007,583,5081,198,926,0,0,674,5785,107,119,674,5904,California
Tulare,2021-01-08,1266,7273,574,5655,692,1618,0,0,928,6376,337,456,928,6832,California
Tulare,2021-01-09,742,8015,203,5858,539,2157,0,0,555,6744,187,643,555,7387,California
Tulare,2021-01-10,50,8065,44,5902,6,2163,0,0,11,6716,39,682,11,7398,California
Tulare,2021-01-11,1270,9335,769,6671,501,2664,0,0,834,7114,436,1118,834,8232,California
Tulare,2021-01-12,1403,10738,489,7160,914,3578,0,0,994,7701,408,1526,995,9227,California
Tulare,2021-01-13,438,11176,209,7369,229,3807,0,0,364,7991,74,1600,364,9591,California
Tulare,2021-01-14,491,11667,140,7509,351,4158,0,0,465,8441,15,1615,465,10056,California
Tulare,2021-01-15,1623,13290,154,7663,1469,5627,0,0,1614,10046,9,1624,1614,11670,California
Tulare,2021-01-16,1901,15191,114,7777,1787,7414,0,0,1887,11919,14,1638,1887,13557,California
Tulare,2021-01-17,141,15332,122,7899,19,7433,0,0,131,12040,10,1648,131,13688,California
Tulare,2021-01-18,692,16024,659,8558,33,7466,0,0,294,11936,398,2046,294,13982,California
Tulare,2021-01-19,1007,17031,684,9242,323,7789,0,0,579,12087,428,2474,579,14561,California
Tulare,2021-01-20,2426,19457,613,9855,1813,9602,0,0,2011,13709,389,2863,2011,16572,California
Tulare,2021-01-21,1551,21008,186,10041,1365,10967,0,0,1525,15213,21,2884,1525,18097,California
Tulare,2021-01-22,1060,22068,190,10231,870,11837,0,0,1035,16224,24,2908,1035,19132,California
Tulare,2021-01-23,438,22506,156,10387,282,12119,0,0,417,16620,21,2929,417,19549,California
Tulare,2021-01-24,30,22536,27,10414,3,12122,0,0,28,16646,2,2931,28,19577,California
Tulare,2021-01-25,1326,23862,979,11393,347,12469,0,0,1297,17914,29,2960,1297,20874,California
Tulare,2021-01-26,1496,25358,1098,12491,398,12867,0,0,1171,18761,324,3284,1171,22045,California
Tulare,2021-01-27,1498,26856,1070,13561,428,13295,0,0,920,19104,577,3861,920,22965,California
Tulare,2021-01-28,1205,28061,771,14332,434,13729,0,0,809,19517,396,4257,809,23774,California
Tulare,2021-01-29,1130,29191,720,15052,410,14139,0,0,820,20027,310,4567,820,24594,California
Tulare,2021-01-30,1674,30865,1580,16632,94,14233,0,0,1650,21654,24,4591,1651,26245,California
Tulare,2021-01-31,53,30918,48,16680,5,14238,0,0,50,21701,3,4594,50,26295,California
Tulare,2021-02-01,1184,32102,915,17595,269,14507,0,0,829,22176,354,4948,829,27124,California
Tulare,2021-02-02,677,32779,328,17923,349,14856,0,0,445,22392,230,5178,446,27570,California
Tulare,2021-02-03,587,33366,261,18184,326,15182,0,0,336,22497,231,5409,336,27906,California
Tulare,2021-02-04,553,33919,167,18351,386,15568,0,0,266,22478,286,5695,267,28173,California
Tulare,2021-02-05,1235,35154,238,18589,997,16565,0,0,416,22077,817,6512,416,28589,California
Tulare,2021-02-06,836,35990,158,18747,678,17243,0,0,267,21777,567,7079,267,28856,California
Tulare,2021-02-07,82,36072,70,18817,12,17255,0,0,23,21741,59,7138,23,28879,California
Tulare,2021-02-08,941,37013,328,19145,613,17868,0,0,244,21291,694,7832,244,29123,California
Tulare,2021-02-09,1409,38422,329,19474,1080,18948,0,0,363,20613,1041,8873,363,29486,California
Tulare,2021-02-10,2471,40893,1986,21460,485,19433,0,0,2071,22287,397,9270,2071,31557,California
Tulare,2021-02-11,1325,42218,377,21837,948,20381,0,0,906,22774,419,9689,906,32463,California
Tulare,2021-02-12,2781,44999,575,22412,2206,22587,0,0,1210,22420,1564,11253,1210,33673,California
Tulare,2021-02-13,2480,47479,157,22569,2323,24910,0,0,666,21276,1810,13063,666,34339,California
Tulare,2021-02-14,333,47812,36,22605,297,25207,0,0,300,21543,33,13096,300,34639,California
Tulare,2021-02-15,920,48732,294,22899,626,25833,0,0,663,21950,256,13352,663,35302,California
Tulare,2021-02-16,2833,51565,1595,24494,1238,27071,0,0,1079,21276,1753,15105,1079,36381,California
Tulare,2021-02-17,2698,54263,511,25005,2187,29258,0,0,461,19505,2232,17337,461,36842,California
Tulare,2021-02-18,2304,56567,456,25461,1848,31106,0,0,632,18473,1664,19001,632,37474,California
Tulare,2021-02-19,2297,58864,857,26318,1440,32546,0,0,942,18062,1353,20354,942,38416,California
Tulare,2021-02-20,2987,61851,1890,28208,1097,33643,0,0,1264,17608,1718,22072,1264,39680,California
Tulare,2021-02-21,93,61944,89,28297,4,33647,0,0,58,17631,35,22107,58,39738,California
Tulare,2021-02-22,1106,63050,700,28997,406,34053,0,0,210,16946,895,23002,210,39948,California
Tulare,2021-02-23,1946,64996,940,29937,1006,35059,0,0,1457,17915,488,23490,1457,41405,California
Tulare,2021-02-24,2480,67476,1549,31486,931,35990,0,0,2101,19639,378,23868,2102,43507,California
Tulare,2021-02-25,3479,70955,1951,33437,1528,37518,0,0,3065,22294,410,24278,3065,46572,California
Tulare,2021-02-26,3840,74795,1880,35317,1960,39478,0,0,3377,25210,461,24739,3377,49949,California
Tulare,2021-02-27,2901,77696,1395,36712,1506,40984,0,0,2768,27856,122,24861,2768,52717,California
Tulare,2021-02-28,1303,78999,1031,37743,272,41256,0,0,1284,29123,17,24878,1284,54001,California
Tulare,2021-03-01,1742,80741,773,38516,969,42225,0,0,1557,30497,183,25061,1557,55558,California
Tulare,2021-03-02,2692,83433,1194,39710,1498,43723,0,0,2523,32854,167,25228,2524,58082,California
Tulare,2021-03-03,3929,87362,2597,42307,1332,45055,0,0,1977,32884,1949,27177,1979,60061,California
Tulare,2021-03-04,2890,90252,1300,43607,1590,46645,0,0,2570,35137,317,27494,2570,62631,California
Tulare,2021-03-05,3295,93547,1697,45304,1583,48228,15,15,2787,37437,504,27998,2804,65435,California
Tulare,2021-03-06,3059,96606,1433,46737,1567,49795,59,74,2810,40058,246,28244,2867,68302,California
Tulare,2021-03-07,1092,97698,682,47419,389,50184,21,95,1052,41091,40,28284,1073,69375,California
Tulare,2021-03-08,1697,99395,1004,48423,524,50708,169,264,1378,42323,314,28598,1546,70921,California
Tulare,2021-03-09,3193,102588,2190,50613,856,51564,147,411,2796,44866,398,28996,2941,73862,California
Tulare,2021-03-10,2793,105381,1390,52003,1229,52793,174,585,2412,47078,372,29368,2584,76446,California
Tulare,2021-03-11,4141,109522,1965,53968,1876,54669,300,885,3204,49645,937,30305,3504,79950,California
Tulare,2021-03-12,4345,113867,2389,56357,1607,56276,349,1234,3073,51805,1264,31569,3424,83374,California
Tulare,2021-03-13,4006,117873,1851,58208,2050,58326,105,1339,3069,54048,931,32500,3174,86548,California
Tulare,2021-03-14,1801,119674,972,59180,609,58935,220,1559,1273,55013,527,33027,1492,88040,California
Tulare,2021-03-15,2738,122412,1619,60799,1004,59939,115,1674,1965,56323,771,33798,2081,90121,California
Tulare,2021-03-16,3423,125835,2115,62914,1231,61170,77,1751,1873,56730,1546,35344,1953,92074,California
Tulare,2021-03-17,4012,129847,2608,65522,1327,62497,77,1828,2270,57348,1736,37080,2354,94428,California
Tulare,2021-03-18,4598,134445,3353,68875,1173,63670,72,1900,2442,57714,2150,39230,2516,96944,California
Tulare,2021-03-19,5066,139511,3319,72194,1552,65222,195,2095,2716,58296,2331,41561,2913,99857,California
Tulare,2021-03-20,4451,143962,2762,74956,1317,66539,372,2467,2115,58458,2328,43889,2490,102347,California
Tulare,2021-03-21,1919,145881,1631,76587,262,66801,26,2493,990,58547,926,44815,1015,103362,California
Tulare,2021-03-22,2498,148379,1710,78297,676,67477,112,2605,1666,59501,826,45641,1780,105142,California
Tulare,2021-03-23,3727,152106,2140,80437,1535,69012,52,2657,2084,60010,1633,47274,2142,107284,California
Tulare,2021-03-24,3164,155270,1955,82392,1167,70179,42,2699,1806,60508,1351,48625,1849,109133,California
Tulare,2021-03-25,3461,158731,1802,84194,1487,71666,172,2871,1711,60650,1743,50368,1885,111018,California
Tulare,2021-03-26,5210,163941,3108,87302,1993,73659,109,2980,2570,60707,2622,52990,2679,113697,California
Tulare,2021-03-27,3520,167461,1805,89107,1617,75276,98,3078,992,59276,2520,55510,1089,114786,California
Tulare,2021-03-28,1455,168916,1051,90158,373,75649,31,3109,675,59211,777,56287,712,115498,California
Tulare,2021-03-29,2893,171809,1674,91832,1108,76757,111,3220,1225,58886,1663,57950,1338,116836,California
Tulare,2021-03-30,4805,176614,2768,94600,1807,78564,230,3450,1553,57422,3244,61194,1780,118616,California
Tulare,2021-03-31,3862,180476,2300,96900,1449,80013,113,3563,1570,56823,2284,63478,1685,120301,California
Tulare,2021-04-01,4411,184887,2368,99268,1977,81990,66,3629,1554,55597,2847,66325,1621,121922,California
Tulare,2021-04-02,5222,190109,2982,102250,2123,84113,117,3746,1646,53801,3560,69885,1764,123686,California
Tulare,2021-04-03,3502,193611,2013,104263,1126,85239,363,4109,850,52404,2614,72499,1217,124903,California
Tulare,2021-04-04,1617,195228,1131,105394,479,85718,7,4116,391,51578,1224,73723,398,125301,California
Tulare,2021-04-05,3319,198547,2328,107722,728,86446,263,4379,868,50271,2439,76162,1132,126433,California
Tulare,2021-04-06,3411,201958,1464,109186,1454,87900,493,4872,931,49225,2473,78635,1427,127860,California
Tulare,2021-04-07,3833,205791,1812,110998,1591,89491,430,5302,1278,48376,2548,81183,1699,129559,California
Tulare,2021-04-08,4716,210507,2592,113590,1667,91158,457,5759,1544,47210,3163,84346,1997,131556,California
Tulare,2021-04-09,4772,215279,2942,116532,1400,92558,430,6189,1827,46530,2938,87284,2258,133814,California
Tulare,2021-04-10,3805,219084,2057,118589,1432,93990,316,6505,976,44998,2822,90106,1290,135104,California
Tulare,2021-04-11,1577,220661,1038,119627,468,94458,71,6576,590,44675,984,91090,661,135765,California
Tulare,2021-04-12,3360,224021,2105,121732,662,95120,593,7169,1084,44085,2268,93358,1678,137443,California
Tulare,2021-04-13,2406,226427,1585,123317,811,95931,10,7179,923,43548,1472,94830,935,138378,California
Tulare,2021-04-14,2836,229263,1675,124992,1161,97092,0,7179,933,42580,1901,96731,933,139311,California
Tulare,2021-04-15,3261,232524,2128,127120,1133,98225,0,7179,1470,42268,1782,98513,1470,140781,California
Tulare,2021-04-16,3643,236167,2212,129332,1431,99656,0,7179,1476,41587,2157,100670,1476,142257,California
Tulare,2021-04-17,2202,238369,1297,130629,905,100561,0,7179,1179,41748,1019,101689,1180,143437,California
Tulare,2021-04-18,1518,239887,1188,131817,330,100891,0,7179,815,41861,702,102391,815,144252,California
Tulare,2021-04-19,2115,242002,1219,133036,894,101785,2,7181,898,41546,1215,103606,900,145152,California
Tulare,2021-04-20,2318,244320,1301,134337,1017,102802,0,7181,989,41219,1316,104922,989,146141,California
Tulare,2021-04-21,2175,246495,1320,135657,855,103657,0,7181,788,40656,1351,106273,788,146929,California
Tulare,2021-04-22,2094,248589,1169,136826,925,104582,0,7181,736,40052,1340,107613,736,147665,California
Tulare,2021-04-23,2563,251152,1570,138396,992,105574,1,7182,1018,39535,1535,109148,1018,148683,California
Tulare,2021-04-24,1638,252790,1054,139450,582,106156,2,7184,863,39630,770,109918,865,149548,California
Tulare,2021-04-25,692,253482,519,139969,173,106329,0,7184,264,39466,428,110346,264,149812,California
Tulare,2021-04-26,1429,254911,843,140812,567,106896,19,7203,599,39258,824,111170,616,150428,California
Tulare,2021-04-27,1562,256473,601,141413,924,107820,37,7240,661,39056,899,112069,697,151125,California
Tulare,2021-04-28,1699,258172,968,142381,690,108510,41,7281,671,38744,1024,113093,712,151837,California
Tulare,2021-04-29,1985,260157,1189,143570,759,109269,37,7318,777,38358,1198,114291,812,152649,California
Tulare,2021-04-30,2418,262575,1765,145335,603,109872,50,7368,895,37785,1517,115808,944,153593,California
Tulare,2021-05-01,1406,263981,1208,146543,186,110058,12,7380,722,37842,677,116485,734,154327,California
Tulare,2021-05-02,584,264565,496,147039,72,110130,16,7396,189,37655,392,116877,205,154532,California
Tulare,2021-05-03,1607,266172,1092,148131,390,110520,125,7521,348,36876,1252,118129,473,155005,California
Tulare,2021-05-04,1538,267710,820,148951,649,111169,69,7590,623,36658,908,119037,690,155695,California
Tulare,2021-05-05,1253,268963,608,149559,567,111736,78,7668,435,36364,807,119844,513,156208,California
Tulare,2021-05-06,1951,270914,1327,150886,578,112314,46,7714,589,35644,1355,121199,635,156843,California
Tulare,2021-05-07,1846,272760,1253,152139,525,112839,68,7782,528,34929,1310,122509,595,157438,California
Tulare,2021-05-08,1230,273990,800,152939,405,113244,25,7807,523,34776,701,123210,548,157986,California
Tulare,2021-05-09,593,274583,469,153408,103,113347,21,7828,120,34449,469,123679,142,158128,California
Tulare,2021-05-10,1006,275589,585,153993,356,113703,65,7893,304,34117,701,124380,369,158497,California
Tulare,2021-05-11,1192,276781,602,154595,514,114217,76,7969,495,33996,692,125072,571,159068,California
Tulare,2021-05-12,1394,278175,892,155487,451,114668,51,8020,364,33393,1017,126089,414,159482,California
Tulare,2021-05-13,907,279082,513,156000,363,115031,31,8051,382,33283,523,126612,413,159895,California
Tuolumne,2020-12-16,47,47,47,47,0,0,0,0,47,47,0,0,47,47,California
Tuolumne,2020-12-17,17,64,17,64,0,0,0,0,17,64,0,0,17,64,California
Tuolumne,2020-12-18,101,165,100,164,1,1,0,0,101,165,0,0,101,165,California
Tuolumne,2020-12-19,5,170,5,169,0,1,0,0,5,170,0,0,5,170,California
Tuolumne,2020-12-20,1,171,1,170,0,1,0,0,1,171,0,0,1,171,California
Tuolumne,2020-12-21,116,287,102,272,14,15,0,0,116,287,0,0,116,287,California
Tuolumne,2020-12-22,172,459,172,444,0,15,0,0,172,459,0,0,172,459,California
Tuolumne,2020-12-23,186,645,184,628,2,17,0,0,186,645,0,0,186,645,California
Tuolumne,2020-12-26,3,648,3,631,0,17,0,0,3,648,0,0,3,648,California
Tuolumne,2020-12-28,77,725,75,706,2,19,0,0,77,725,0,0,77,725,California
Tuolumne,2020-12-29,102,827,39,745,63,82,0,0,102,827,0,0,102,827,California
Tuolumne,2020-12-30,78,905,22,767,56,138,0,0,78,905,0,0,78,905,California
Tuolumne,2020-12-31,27,932,20,787,7,145,0,0,27,932,0,0,27,932,California
Tuolumne,2021-01-01,7,939,6,793,1,146,0,0,7,939,0,0,7,939,California
Tuolumne,2021-01-02,118,1057,115,908,3,149,0,0,118,1057,0,0,118,1057,California
Tuolumne,2021-01-03,2,1059,2,910,0,149,0,0,2,1059,0,0,2,1059,California
Tuolumne,2021-01-04,69,1128,26,936,43,192,0,0,69,1128,0,0,69,1128,California
Tuolumne,2021-01-05,93,1221,27,963,66,258,0,0,90,1216,3,3,91,1219,California
Tuolumne,2021-01-06,132,1353,72,1035,60,318,0,0,68,1220,64,67,68,1287,California
Tuolumne,2021-01-07,119,1472,63,1098,56,374,0,0,64,1229,55,122,64,1351,California
Tuolumne,2021-01-08,103,1575,79,1177,24,398,0,0,26,1180,76,198,27,1378,California
Tuolumne,2021-01-09,1,1576,0,1177,1,399,0,0,1,1181,0,198,1,1379,California
Tuolumne,2021-01-10,3,1579,1,1178,2,401,0,0,3,1184,0,198,3,1382,California
Tuolumne,2021-01-11,116,1695,90,1268,26,427,0,0,34,1136,82,280,34,1416,California
Tuolumne,2021-01-12,102,1797,86,1354,16,443,0,0,17,1068,85,365,17,1433,California
Tuolumne,2021-01-13,231,2028,125,1479,106,549,0,0,182,1202,49,414,183,1616,California
Tuolumne,2021-01-14,147,2175,107,1586,40,589,0,0,42,1140,104,518,42,1658,California
Tuolumne,2021-01-15,474,2649,72,1658,402,991,0,0,412,1492,61,579,413,2071,California
Tuolumne,2021-01-16,7,2656,3,1661,4,995,0,0,6,1497,1,580,6,2077,California
Tuolumne,2021-01-17,8,2664,5,1666,3,998,0,0,7,1504,0,580,7,2084,California
Tuolumne,2021-01-18,46,2710,38,1704,8,1006,0,0,9,1477,36,616,9,2093,California
Tuolumne,2021-01-19,477,3187,73,1777,404,1410,0,0,431,1862,46,662,431,2524,California
Tuolumne,2021-01-20,76,3263,58,1835,18,1428,0,0,24,1835,51,713,24,2548,California
Tuolumne,2021-01-21,56,3319,23,1858,33,1461,0,0,40,1859,16,729,40,2588,California
Tuolumne,2021-01-22,168,3487,16,1874,152,1613,0,0,161,2013,7,736,161,2749,California
Tuolumne,2021-01-23,666,4153,147,2021,519,2132,0,0,551,2461,115,851,563,3312,California
Tuolumne,2021-01-24,523,4676,1,2022,522,2654,0,0,519,2978,3,854,520,3832,California
Tuolumne,2021-01-25,49,4725,28,2050,21,2675,0,0,22,2974,27,881,23,3855,California
Tuolumne,2021-01-26,80,4805,68,2118,12,2687,0,0,40,2975,40,921,41,3896,California
Tuolumne,2021-01-27,61,4866,4,2122,57,2744,0,0,8,2931,52,973,8,3904,California
Tuolumne,2021-01-28,27,4893,7,2129,20,2764,0,0,18,2940,9,982,18,3922,California
Tuolumne,2021-01-29,74,4967,6,2135,68,2832,0,0,35,2936,39,1021,35,3957,California
Tuolumne,2021-01-30,710,5677,553,2688,157,2989,0,0,687,3617,23,1044,704,4661,California
Tuolumne,2021-01-31,8,5685,2,2690,6,2995,0,0,5,3619,3,1047,5,4666,California
Tuolumne,2021-02-01,25,5710,6,2696,19,3014,0,0,22,3638,3,1050,22,4688,California
Tuolumne,2021-02-02,646,6356,37,2733,609,3623,0,0,635,4264,9,1059,635,5323,California
Tuolumne,2021-02-03,238,6594,109,2842,129,3752,0,0,86,4198,152,1211,86,5409,California
Tuolumne,2021-02-04,123,6717,13,2855,110,3862,0,0,60,4195,63,1274,60,5469,California
Tuolumne,2021-02-05,98,6815,12,2867,86,3948,0,0,35,4168,62,1336,35,5504,California
Tuolumne,2021-02-06,854,7669,580,3447,274,4222,0,0,848,5013,6,1342,851,6355,California
Tuolumne,2021-02-07,8,7677,4,3451,4,4226,0,0,4,5013,4,1346,4,6359,California
Tuolumne,2021-02-08,91,7768,40,3491,51,4277,0,0,67,5056,24,1370,67,6426,California
Tuolumne,2021-02-09,862,8630,53,3544,809,5086,0,0,822,5838,40,1410,822,7248,California
Tuolumne,2021-02-10,92,8722,17,3561,75,5161,0,0,31,5809,60,1470,31,7279,California
Tuolumne,2021-02-11,143,8865,67,3628,76,5237,0,0,77,5820,66,1536,77,7356,California
Tuolumne,2021-02-12,646,9511,19,3647,627,5864,0,0,205,5585,440,1976,205,7561,California
Tuolumne,2021-02-13,149,9660,42,3689,107,5971,0,0,118,5678,25,2001,118,7679,California
Tuolumne,2021-02-14,148,9808,12,3701,136,6107,0,0,147,5824,1,2002,147,7826,California
Tuolumne,2021-02-15,185,9993,10,3711,175,6282,0,0,176,5991,9,2011,176,8002,California
Tuolumne,2021-02-16,529,10522,17,3728,512,6794,0,0,122,5711,404,2415,124,8126,California
Tuolumne,2021-02-17,110,10632,63,3791,47,6841,0,0,61,5724,48,2463,61,8187,California
Tuolumne,2021-02-18,680,11312,26,3817,654,7495,0,0,629,6303,51,2514,630,8817,California
Tuolumne,2021-02-19,142,11454,23,3840,119,7614,0,0,43,6247,99,2613,43,8860,California
Tuolumne,2021-02-20,905,12359,342,4182,563,8177,0,0,386,6129,505,3118,387,9247,California
Tuolumne,2021-02-21,977,13336,38,4220,939,9116,0,0,470,6097,504,3622,472,9719,California
Tuolumne,2021-02-22,79,13415,58,4278,21,9137,0,0,47,6113,31,3653,47,9766,California
Tuolumne,2021-02-23,48,13463,24,4302,24,9161,0,0,26,6118,21,3674,26,9792,California
Tuolumne,2021-02-24,103,13566,58,4360,45,9206,0,0,43,6102,59,3733,43,9835,California
Tuolumne,2021-02-25,1052,14618,34,4394,1018,10224,0,0,1021,7092,31,3764,1021,10856,California
Tuolumne,2021-02-26,144,14762,10,4404,134,10358,0,0,121,7190,23,3787,121,10977,California
Tuolumne,2021-02-27,950,15712,578,4982,372,10730,0,0,247,6753,686,4473,249,11226,California
Tuolumne,2021-02-28,56,15768,4,4986,52,10782,0,0,52,6802,3,4476,52,11278,California
Tuolumne,2021-03-01,112,15880,21,5007,91,10873,0,0,77,6847,33,4509,78,11356,California
Tuolumne,2021-03-02,706,16586,74,5081,632,11505,0,0,107,6356,598,5107,107,11463,California
Tuolumne,2021-03-03,90,16676,22,5103,68,11573,0,0,65,6396,25,5132,65,11528,California
Tuolumne,2021-03-04,1169,17845,75,5178,1094,12667,0,0,1106,7439,63,5195,1106,12634,California
Tuolumne,2021-03-05,85,17930,10,5188,75,12742,0,0,48,7452,36,5231,49,12683,California
Tuolumne,2021-03-06,1055,18985,604,5792,449,13191,2,2,204,6812,847,6078,207,12890,California
Tuolumne,2021-03-07,41,19026,12,5804,14,13205,15,17,18,6822,23,6101,33,12923,California
Tuolumne,2021-03-08,194,19220,88,5892,99,13304,7,24,138,6911,56,6157,145,13068,California
Tuolumne,2021-03-09,857,20077,16,5908,830,14134,11,35,68,6206,785,6942,80,13148,California
Tuolumne,2021-03-10,78,20155,12,5920,55,14189,11,46,53,6245,25,6967,64,13212,California
Tuolumne,2021-03-11,1284,21439,38,5958,1240,15429,6,52,1258,7485,26,6993,1266,14478,California
Tuolumne,2021-03-12,299,21738,34,5992,250,15679,15,67,191,7587,107,7100,209,14687,California
Tuolumne,2021-03-13,112,21850,12,6004,100,15779,0,67,84,7645,27,7127,85,14772,California
Tuolumne,2021-03-14,142,21992,8,6012,125,15904,9,76,8,7533,134,7261,22,14794,California
Tuolumne,2021-03-15,294,22286,79,6091,212,16116,3,79,100,7450,193,7454,110,14904,California
Tuolumne,2021-03-16,803,23089,40,6131,752,16868,11,90,665,7989,137,7591,676,15580,California
Tuolumne,2021-03-17,151,23240,30,6161,108,16976,13,103,78,8008,71,7662,90,15670,California
Tuolumne,2021-03-18,948,24188,28,6189,907,17883,13,116,318,7712,628,8290,332,16002,California
Tuolumne,2021-03-19,132,24320,16,6205,85,17968,31,147,71,7754,59,8349,101,16103,California
Tuolumne,2021-03-20,89,24409,7,6212,72,18040,10,157,37,7749,51,8400,46,16149,California
Tuolumne,2021-03-21,836,25245,391,6603,435,18475,10,167,39,7009,790,9190,50,16199,California
Tuolumne,2021-03-22,164,25409,73,6676,72,18547,19,186,97,7059,66,9256,116,16315,California
Tuolumne,2021-03-23,709,26118,638,7314,57,18604,14,200,672,7707,37,9293,685,17000,California
Tuolumne,2021-03-24,110,26228,20,7334,72,18676,18,218,77,7770,32,9325,95,17095,California
Tuolumne,2021-03-25,1298,27526,23,7357,1272,19948,3,221,326,7129,970,10295,329,17424,California
Tuolumne,2021-03-26,269,27795,16,7373,230,20178,23,244,111,7115,148,10443,134,17558,California
Tuolumne,2021-03-27,578,28373,54,7427,524,20702,0,244,318,7176,258,10701,319,17877,California
Tuolumne,2021-03-28,48,28421,7,7434,41,20743,0,244,8,7146,39,10740,9,17886,California
Tuolumne,2021-03-29,205,28626,83,7517,122,20865,0,244,108,7160,94,10834,108,17994,California
Tuolumne,2021-03-30,162,28788,11,7528,150,21015,1,245,120,7240,41,10875,121,18115,California
Tuolumne,2021-03-31,95,28883,14,7542,79,21094,2,247,37,7224,56,10931,40,18155,California
Tuolumne,2021-04-01,1250,30133,32,7574,1218,22312,0,247,226,6429,1022,11953,227,18382,California
Tuolumne,2021-04-02,165,30298,11,7585,128,22440,26,273,92,6476,71,12024,118,18500,California
Tuolumne,2021-04-03,426,30724,35,7620,390,22830,1,274,239,6531,187,12211,242,18742,California
Tuolumne,2021-04-04,32,30756,2,7622,30,22860,0,274,20,6540,11,12222,20,18762,California
Tuolumne,2021-04-05,125,30881,19,7641,100,22960,6,280,55,6531,70,12292,61,18823,California
Tuolumne,2021-04-06,645,31526,516,8157,102,23062,27,307,512,6938,133,12425,540,19363,California
Tuolumne,2021-04-07,125,31651,37,8194,72,23134,16,323,47,6923,78,12503,63,19426,California
Tuolumne,2021-04-08,1436,33087,33,8227,1389,24523,14,337,239,5982,1194,13697,253,19679,California
Tuolumne,2021-04-09,267,33354,41,8268,182,24705,44,381,125,6013,142,13839,173,19852,California
Tuolumne,2021-04-10,56,33410,2,8270,34,24739,20,401,23,6024,32,13871,43,19895,California
Tuolumne,2021-04-11,17,33427,2,8272,12,24751,3,404,12,6034,5,13876,15,19910,California
Tuolumne,2021-04-12,163,33590,66,8338,92,24843,5,409,89,6060,68,13944,94,20004,California
Tuolumne,2021-04-13,783,34373,35,8373,748,25591,0,409,169,5623,606,14550,169,20173,California
Tuolumne,2021-04-14,145,34518,27,8400,118,25709,0,409,70,5622,72,14622,71,20244,California
Tuolumne,2021-04-15,337,34855,20,8420,317,26026,0,409,55,5401,276,14898,55,20299,California
Tuolumne,2021-04-16,240,35095,49,8469,191,26217,0,409,134,5436,99,14997,134,20433,California
Tuolumne,2021-04-17,43,35138,6,8475,37,26254,0,409,27,5447,16,15013,27,20460,California
Tuolumne,2021-04-18,9,35147,3,8478,6,26260,0,409,4,5447,4,15017,4,20464,California
Tuolumne,2021-04-19,167,35314,78,8556,89,26349,0,409,89,5460,76,15093,89,20553,California
Tuolumne,2021-04-20,713,36027,616,9172,97,26446,0,409,77,4908,629,15722,77,20630,California
Tuolumne,2021-04-21,117,36144,26,9198,91,26537,0,409,61,4918,51,15773,61,20691,California
Tuolumne,2021-04-22,700,36844,46,9244,654,27191,0,409,423,5074,267,16040,423,21114,California
Tuolumne,2021-04-23,160,37004,31,9275,129,27320,0,409,85,5086,73,16113,85,21199,California
Tuolumne,2021-04-24,80,37084,18,9293,62,27382,0,409,52,5110,28,16141,52,21251,California
Tuolumne,2021-04-25,27,37111,10,9303,17,27399,0,409,24,5131,3,16144,24,21275,California
Tuolumne,2021-04-26,151,37262,56,9359,95,27494,0,409,69,5120,81,16225,70,21345,California
Tuolumne,2021-04-27,131,37393,21,9380,103,27597,7,416,59,5116,70,16295,66,21411,California
Tuolumne,2021-04-28,115,37508,25,9405,79,27676,11,427,64,5141,50,16345,75,21486,California
Tuolumne,2021-04-29,271,37779,16,9421,247,27923,8,435,49,4977,221,16566,57,21543,California
Tuolumne,2021-04-30,348,38127,21,9442,315,28238,12,447,65,4774,280,16846,77,21620,California
Tuolumne,2021-05-01,24,38151,7,9449,13,28251,4,451,16,4786,8,16854,20,21640,California
Tuolumne,2021-05-02,26,38177,3,9452,21,28272,2,453,19,4800,7,16861,21,21661,California
Tuolumne,2021-05-03,85,38262,13,9465,67,28339,5,458,24,4769,60,16921,29,21690,California
Tuolumne,2021-05-04,682,38944,600,10065,77,28416,5,463,201,4494,480,17401,205,21895,California
Tuolumne,2021-05-05,92,39036,25,10090,61,28477,6,469,47,4505,43,17444,54,21949,California
Tuolumne,2021-05-06,275,39311,13,10103,248,28725,14,483,37,4322,233,17677,50,21999,California
Tuolumne,2021-05-07,310,39621,24,10127,278,29003,8,491,57,4135,252,17929,65,22064,California
Tuolumne,2021-05-08,47,39668,7,10134,36,29039,4,495,29,4150,18,17947,33,22097,California
Tuolumne,2021-05-09,15,39683,2,10136,11,29050,2,497,2,4141,13,17960,4,22101,California
Tuolumne,2021-05-10,98,39781,43,10179,50,29100,5,502,27,4103,70,18030,32,22133,California
Tuolumne,2021-05-11,195,39976,63,10242,119,29219,13,515,53,4028,141,18171,66,22199,California
Tuolumne,2021-05-12,103,40079,17,10259,83,29302,3,518,37,4002,66,18237,40,22239,California
Tuolumne,2021-05-13,44,40123,13,10272,29,29331,2,520,34,4028,10,18247,36,22275,California
Ventura,2020-12-15,5,5,5,5,0,0,0,0,5,5,0,0,5,5,California
Ventura,2020-12-16,73,78,73,78,0,0,0,0,73,78,0,0,73,78,California
Ventura,2020-12-17,249,327,249,327,0,0,0,0,249,327,0,0,249,327,California
Ventura,2020-12-18,1412,1739,1412,1739,0,0,0,0,1412,1739,0,0,1412,1739,California
Ventura,2020-12-19,911,2650,911,2650,0,0,0,0,911,2650,0,0,911,2650,California
Ventura,2020-12-20,430,3080,430,3080,0,0,0,0,430,3080,0,0,430,3080,California
Ventura,2020-12-21,1467,4547,1467,4547,0,0,0,0,1467,4547,0,0,1467,4547,California
Ventura,2020-12-22,1104,5651,1099,5646,5,5,0,0,1104,5651,0,0,1104,5651,California
Ventura,2020-12-23,1027,6678,979,6625,48,53,0,0,1027,6678,0,0,1027,6678,California
Ventura,2020-12-24,477,7155,379,7004,98,151,0,0,477,7155,0,0,477,7155,California
Ventura,2020-12-25,11,7166,7,7011,4,155,0,0,11,7166,0,0,11,7166,California
Ventura,2020-12-26,112,7278,92,7103,20,175,0,0,112,7278,0,0,112,7278,California
Ventura,2020-12-27,58,7336,27,7130,31,206,0,0,58,7336,0,0,58,7336,California
Ventura,2020-12-28,1072,8408,932,8062,140,346,0,0,1072,8408,0,0,1072,8408,California
Ventura,2020-12-29,1171,9579,764,8826,407,753,0,0,1171,9579,0,0,1171,9579,California
Ventura,2020-12-30,1987,11566,1522,10348,465,1218,0,0,1987,11566,0,0,1987,11566,California
Ventura,2020-12-31,479,12045,161,10509,318,1536,0,0,479,12045,0,0,479,12045,California
Ventura,2021-01-01,25,12070,7,10516,18,1554,0,0,25,12070,0,0,25,12070,California
Ventura,2021-01-02,174,12244,79,10595,95,1649,0,0,174,12244,0,0,174,12244,California
Ventura,2021-01-03,16,12260,8,10603,8,1657,0,0,16,12260,0,0,16,12260,California
Ventura,2021-01-04,1083,13343,552,11155,531,2188,0,0,1082,13342,0,0,1082,13342,California
Ventura,2021-01-05,1373,14716,777,11932,596,2784,0,0,1331,14631,42,42,1331,14673,California
Ventura,2021-01-06,2058,16774,1180,13112,878,3662,0,0,1626,15836,423,465,1628,16301,California
Ventura,2021-01-07,2068,18842,1326,14438,742,4404,0,0,1181,16132,885,1350,1181,17482,California
Ventura,2021-01-08,2197,21039,1474,15912,723,5127,0,0,906,15750,1289,2639,907,18389,California
Ventura,2021-01-09,721,21760,500,16412,221,5348,0,0,319,15667,402,3041,319,18708,California
Ventura,2021-01-10,343,22103,327,16739,16,5364,0,0,129,15582,214,3255,129,18837,California
Ventura,2021-01-11,2445,24548,1488,18227,957,6321,0,0,1493,16126,952,4207,1496,20333,California
Ventura,2021-01-12,3043,27591,1611,19838,1432,7753,0,0,2018,17119,1025,5232,2018,22351,California
Ventura,2021-01-13,2927,30518,1424,21262,1503,9256,0,0,2043,18282,881,6113,2044,24395,California
Ventura,2021-01-14,2736,33254,1062,22324,1674,10930,0,0,2288,20124,447,6560,2289,26684,California
Ventura,2021-01-15,2889,36143,972,23296,1917,12847,0,0,2676,22588,213,6773,2677,29361,California
Ventura,2021-01-16,485,36628,187,23483,298,13145,0,0,405,22913,80,6853,405,29766,California
Ventura,2021-01-17,259,36887,137,23620,122,13267,0,0,253,23160,6,6859,253,30019,California
Ventura,2021-01-18,2217,39104,1671,25291,546,13813,0,0,1666,24277,550,7409,1667,31686,California
Ventura,2021-01-19,3045,42149,2122,27413,923,14736,0,0,2150,25535,895,8304,2153,33839,California
Ventura,2021-01-20,4096,46245,3144,30557,952,15688,0,0,3042,27527,1051,9355,3043,36882,California
Ventura,2021-01-21,3844,50089,2675,33232,1169,16857,0,0,3168,30024,673,10028,3170,40052,California
Ventura,2021-01-22,3613,53702,2493,35725,1120,17977,0,0,3452,33315,161,10189,3452,43504,California
Ventura,2021-01-23,1182,54884,648,36373,534,18511,0,0,1082,34300,99,10288,1084,44588,California
Ventura,2021-01-24,453,55337,137,36510,316,18827,0,0,440,34727,13,10301,440,45028,California
Ventura,2021-01-25,3156,58493,2032,38542,1124,19951,0,0,2600,36773,555,10856,2601,47629,California
Ventura,2021-01-26,3715,62208,2207,40749,1508,21459,0,0,2716,38492,998,11854,2717,50346,California
Ventura,2021-01-27,3462,65670,1560,42309,1902,23361,0,0,2719,40472,739,12593,2719,53065,California
Ventura,2021-01-28,3876,69546,1996,44305,1880,25241,0,0,3261,43136,598,13191,3262,56327,California
Ventura,2021-01-29,4271,73817,2524,46829,1747,26988,0,0,3768,46414,490,13681,3768,60095,California
Ventura,2021-01-30,3038,76855,1965,48794,1073,28061,0,0,2867,49115,167,13848,2868,62963,California
Ventura,2021-01-31,835,77690,447,49241,388,28449,0,0,748,49777,86,13934,748,63711,California
Ventura,2021-02-01,3945,81635,2113,51354,1832,30281,0,0,3170,52177,772,14706,3172,66883,California
Ventura,2021-02-02,4406,86041,2375,53729,2031,32312,0,0,3382,54540,1020,15726,3383,70266,California
Ventura,2021-02-03,4453,90494,2089,55818,2364,34676,0,0,3443,56979,1005,16731,3444,73710,California
Ventura,2021-02-04,4776,95270,2287,58105,2489,37165,0,0,3519,59251,1249,17980,3521,77231,California
Ventura,2021-02-05,4837,100107,2317,60422,2520,39685,0,0,3344,61117,1480,19460,3346,80577,California
Ventura,2021-02-06,2839,102946,1517,61939,1322,41007,0,0,2436,63151,402,19862,2436,83013,California
Ventura,2021-02-07,711,103657,241,62180,470,41477,0,0,585,63611,126,19988,586,83599,California
Ventura,2021-02-08,3496,107153,1623,63803,1873,43350,0,0,2428,64976,1063,21051,2428,86027,California
Ventura,2021-02-09,4721,111874,1974,65777,2747,46097,0,0,2465,65189,2255,23306,2468,88495,California
Ventura,2021-02-10,4716,116590,2237,68014,2479,48576,0,0,2390,65265,2315,25621,2391,90886,California
Ventura,2021-02-11,4666,121256,1863,69877,2803,51379,0,0,2448,65505,2211,27832,2451,93337,California
Ventura,2021-02-12,6306,127562,2662,72539,3644,55023,0,0,3225,65654,3076,30908,3225,96562,California
Ventura,2021-02-13,3300,130862,1827,74366,1473,56496,0,0,1845,66050,1451,32359,1847,98409,California
Ventura,2021-02-14,1227,132089,124,74490,1103,57599,0,0,1011,66846,216,32575,1012,99421,California
Ventura,2021-02-15,3988,136077,1799,76289,2189,59788,0,0,2118,67097,1867,34442,2118,101539,California
Ventura,2021-02-16,5548,141625,2706,78995,2842,62630,0,0,3013,67583,2527,36969,3013,104552,California
Ventura,2021-02-17,5236,146861,1922,80917,3314,65944,0,0,3268,68892,1959,38928,3268,107820,California
Ventura,2021-02-18,5781,152642,1831,82748,3950,69894,0,0,3634,70390,2136,41064,3634,111454,California
Ventura,2021-02-19,6457,159099,3773,86521,2684,72578,0,0,3012,69966,3438,44502,3014,114468,California
Ventura,2021-02-20,4938,164037,3171,89692,1767,74345,0,0,2770,70578,2162,46664,2774,117242,California
Ventura,2021-02-21,1050,165087,761,90453,289,74634,0,0,432,70398,612,47276,432,117674,California
Ventura,2021-02-22,5370,170457,2408,92861,2962,77596,0,0,3456,71949,1905,49181,3456,121130,California
Ventura,2021-02-23,5933,176390,2968,95829,2965,80561,0,0,3415,72864,2502,51683,3417,124547,California
Ventura,2021-02-24,6995,183385,2607,98436,4388,84949,0,0,4245,74374,2737,54420,4247,128794,California
Ventura,2021-02-25,7494,190879,2572,101008,4922,89871,0,0,4575,76046,2905,57325,4577,133371,California
Ventura,2021-02-26,9350,200229,2770,103778,6580,96451,0,0,6164,79053,3159,60484,6166,139537,California
Ventura,2021-02-27,9998,210227,5275,109053,4723,101174,0,0,7374,83829,2608,63092,7384,146921,California
Ventura,2021-02-28,2569,212796,1635,110688,933,102107,1,1,2097,85461,465,63557,2097,149018,California
Ventura,2021-03-01,6947,219743,2815,113503,4132,106239,0,1,4631,87800,2305,65862,4644,153662,California
Ventura,2021-03-02,7483,227226,3938,117441,3543,109782,2,3,5253,90833,2220,68082,5253,158915,California
Ventura,2021-03-03,8521,235747,3902,121343,4618,114400,1,4,6075,94482,2431,70513,6080,164995,California
Ventura,2021-03-04,8108,243855,3868,125211,4240,118640,0,4,5477,97345,2617,73130,5480,170475,California
Ventura,2021-03-05,9976,253831,4804,130015,5162,123802,10,14,7087,101575,2875,76005,7105,177580,California
Ventura,2021-03-06,7235,261066,4396,134411,2686,126488,153,167,5321,105143,1908,77913,5476,183056,California
Ventura,2021-03-07,1653,262719,606,135017,947,127435,100,267,1235,106060,418,78331,1335,184391,California
Ventura,2021-03-08,6740,269459,3414,138431,3172,130607,154,421,4634,108751,2100,80431,4791,189182,California
Ventura,2021-03-09,6551,276010,2820,141251,3531,134138,200,621,3678,109772,2859,83290,3880,193062,California
Ventura,2021-03-10,6807,282817,2969,144220,3600,137738,238,859,4488,112191,2307,85597,4726,197788,California
Ventura,2021-03-11,6375,289192,2888,147108,3174,140912,313,1172,3421,112982,2941,88538,3732,201520,California
Ventura,2021-03-12,8519,297711,3035,150143,4639,145551,845,2017,4108,113541,4393,92931,4952,206472,California
Ventura,2021-03-13,6689,304400,2499,152642,3348,148899,842,2859,3760,115221,2920,95851,4600,211072,California
Ventura,2021-03-14,2133,306533,479,153121,1159,150058,495,3354,731,115047,1401,97252,1227,212299,California
Ventura,2021-03-15,6920,313453,2050,155171,3521,153579,1349,4703,2977,115452,3918,101170,4323,216622,California
Ventura,2021-03-16,7924,321377,2462,157633,4349,157928,1113,5816,3995,116644,3915,105085,5107,221729,California
Ventura,2021-03-17,7474,328851,2769,160402,4357,162285,348,6164,4471,118484,2981,108066,4821,226550,California
Ventura,2021-03-18,7227,336078,3274,163676,3801,166086,152,6316,4707,120835,2506,110572,4857,231407,California
Ventura,2021-03-19,8406,344484,3779,167455,4514,170600,113,6429,5025,122609,3362,113934,5136,236543,California
Ventura,2021-03-20,8146,352630,5245,172700,2880,173480,21,6450,3894,122297,4228,118162,3916,240459,California
Ventura,2021-03-21,2784,355414,1512,174212,900,174380,372,6822,1319,122532,1454,119616,1689,242148,California
Ventura,2021-03-22,7345,362759,3689,177901,3554,177934,102,6924,4842,124991,2487,122103,4946,247094,California
Ventura,2021-03-23,8186,370945,3886,181787,4228,182162,72,6996,4671,126244,3489,125592,4742,251836,California
Ventura,2021-03-24,8871,379816,3407,185194,5389,187551,75,7071,4429,126335,4413,130005,4504,256340,California
Ventura,2021-03-25,8795,388611,3906,189100,4789,192340,100,7171,4448,126553,4330,134335,4548,260888,California
Ventura,2021-03-26,9825,398436,3350,192450,5822,198162,653,7824,3905,125217,5892,140227,4556,265444,California
Ventura,2021-03-27,8115,406551,3905,196355,4170,202332,40,7864,2399,121963,5694,145921,2440,267884,California
Ventura,2021-03-28,2527,409078,1407,197762,1111,203443,9,7873,1384,122219,1137,147058,1393,269277,California
Ventura,2021-03-29,8445,417523,4254,202016,4148,207591,43,7916,4220,122285,4197,151255,4263,273540,California
Ventura,2021-03-30,8937,426460,4412,206428,4397,211988,128,8044,4529,122547,4394,155649,4656,278196,California
Ventura,2021-03-31,10693,437153,4823,211251,5243,217231,627,8671,4641,121784,6030,161679,5267,283463,California
Ventura,2021-04-01,10663,447816,5189,216440,4598,221829,876,9547,5375,122765,5268,166947,6249,289712,California
Ventura,2021-04-02,11623,459439,4597,221037,5727,227556,1299,10846,5541,123561,6052,172999,6848,296560,California
Ventura,2021-04-03,8027,467466,3958,224995,2923,230479,1146,11992,3369,123427,4648,177647,4514,301074,California
Ventura,2021-04-04,1714,469180,961,225956,620,231099,133,12125,1154,124160,554,178201,1287,302361,California
Ventura,2021-04-05,9308,478488,4871,230827,3335,234434,1102,13227,4726,125417,4571,182772,5828,308189,California
Ventura,2021-04-06,10840,489328,5549,236376,3811,238245,1480,14707,5561,127201,5255,188027,7039,315228,California
Ventura,2021-04-07,11309,500637,5429,241805,4398,242643,1482,16189,5172,127728,6122,194149,6649,321877,California
Ventura,2021-04-08,10246,510883,5311,247116,3995,246638,940,17129,5118,128666,5112,199261,6050,327927,California
Ventura,2021-04-09,11091,521974,4342,251458,5042,251680,1707,18836,4846,128989,6224,205485,6547,334474,California
Ventura,2021-04-10,9133,531107,3505,254963,3474,255154,2154,20990,3001,128024,6116,211601,5151,339625,California
Ventura,2021-04-11,2423,533530,861,255824,993,256147,569,21559,685,127545,1731,213332,1252,340877,California
Ventura,2021-04-12,8886,542416,4470,260294,3609,259756,807,22366,3744,126966,5124,218456,4545,345422,California
Ventura,2021-04-13,8764,551180,4437,264731,4321,264077,6,22372,3744,125728,4988,223444,3750,349172,California
Ventura,2021-04-14,8663,559843,4063,268794,4585,268662,15,22387,3366,123848,5263,228707,3383,352555,California
Ventura,2021-04-15,9299,569142,4526,273320,4766,273428,7,22394,4099,122776,5178,233885,4106,356661,California
Ventura,2021-04-16,10113,579255,4478,277798,5634,279062,1,22395,4844,122369,5254,239139,4847,361508,California
Ventura,2021-04-17,8554,587809,5317,283115,3236,282298,1,22396,5020,123869,3521,242660,5021,366529,California
Ventura,2021-04-18,2134,589943,1014,284129,1120,283418,0,22396,906,123552,1223,243883,906,367435,California
Ventura,2021-04-19,8020,597963,4839,288968,3180,286598,1,22397,4635,124822,3367,247250,4637,372072,California
Ventura,2021-04-20,9240,607203,4909,293877,4327,290925,4,22401,4373,124349,4851,252101,4378,376450,California
Ventura,2021-04-21,8853,616056,4531,298408,4318,295243,4,22405,4220,123955,4619,256720,4225,380675,California
Ventura,2021-04-22,10033,626089,5484,303892,4549,299792,0,22405,4500,122939,5516,262236,4500,385175,California
Ventura,2021-04-23,10796,636885,5391,309283,5405,305197,0,22405,5408,122984,5363,267599,5408,390583,California
Ventura,2021-04-24,10316,647201,5893,315176,4423,309620,0,22405,6116,124912,4189,271788,6117,396700,California
Ventura,2021-04-25,2472,649673,1700,316876,772,310392,0,22405,1141,124725,1328,273116,1141,397841,California
Ventura,2021-04-26,6840,656513,3961,320837,2814,313206,65,22470,2820,123606,4000,277116,2881,400722,California
Ventura,2021-04-27,8046,664559,4446,325283,3431,316637,169,22639,2997,121736,5035,282151,3165,403887,California
Ventura,2021-04-28,8243,672802,4812,330095,3115,319752,316,22955,3212,120252,5012,287163,3528,407415,California
Ventura,2021-04-29,7750,680552,4220,334315,3270,323022,260,23215,2745,118274,4981,292144,3003,410418,California
Ventura,2021-04-30,9316,689868,5442,339757,3605,326627,269,23484,3859,116966,5428,297572,4120,414538,California
Ventura,2021-05-01,4936,694804,3630,343387,1204,327831,102,23586,1866,115880,3054,300626,1968,416506,California
Ventura,2021-05-02,2129,696933,1428,344815,612,328443,89,23675,1035,115914,1090,301716,1124,417630,California
Ventura,2021-05-03,6218,703151,3911,348726,2030,330473,277,23952,1951,113894,4247,305963,2227,419857,California
Ventura,2021-05-04,6270,709421,3317,352043,2656,333129,297,24249,2270,112474,3986,309949,2566,422423,California
Ventura,2021-05-05,5251,714672,3008,355051,1988,335117,255,24504,1900,111297,3329,313278,2152,424575,California
Ventura,2021-05-06,6051,720723,3207,358258,2574,337691,270,24774,1923,109379,4111,317389,2193,426768,California
Ventura,2021-05-07,6586,727309,3333,361591,2981,340672,272,25046,2256,107603,4304,321693,2528,429296,California
Ventura,2021-05-08,5289,732598,4110,365701,1027,341699,152,25198,1208,104895,4068,325761,1360,430656,California
Ventura,2021-05-09,1052,733650,733,366434,273,341972,46,25244,398,104693,646,326407,444,431100,California
Ventura,2021-05-10,6000,739650,4072,370506,1725,343697,203,25447,1355,101613,4637,331044,1557,432657,California
Ventura,2021-05-11,4632,744282,3162,373668,1267,344964,203,25650,1358,99908,3265,334309,1560,434217,California
Ventura,2021-05-12,4188,748470,2594,376262,1403,346367,191,25841,1308,98542,2865,337174,1499,435716,California
Ventura,2021-05-13,3349,751819,2225,378487,982,347349,142,25983,908,97157,2435,339609,1050,436766,California
Yolo,2020-12-15,39,39,39,39,0,0,0,0,39,39,0,0,39,39,California
Yolo,2020-12-16,78,117,78,117,0,0,0,0,78,117,0,0,78,117,California
Yolo,2020-12-17,101,218,101,218,0,0,0,0,101,218,0,0,101,218,California
Yolo,2020-12-18,210,428,210,428,0,0,0,0,210,428,0,0,210,428,California
Yolo,2020-12-19,88,516,88,516,0,0,0,0,88,516,0,0,88,516,California
Yolo,2020-12-20,100,616,100,616,0,0,0,0,100,616,0,0,100,616,California
Yolo,2020-12-21,254,870,254,870,0,0,0,0,254,870,0,0,254,870,California
Yolo,2020-12-22,381,1251,380,1250,1,1,0,0,381,1251,0,0,381,1251,California
Yolo,2020-12-23,432,1683,412,1662,20,21,0,0,432,1683,0,0,432,1683,California
Yolo,2020-12-24,151,1834,95,1757,56,77,0,0,151,1834,0,0,151,1834,California
Yolo,2020-12-25,1,1835,1,1758,0,77,0,0,1,1835,0,0,1,1835,California
Yolo,2020-12-26,75,1910,25,1783,50,127,0,0,75,1910,0,0,75,1910,California
Yolo,2020-12-27,46,1956,19,1802,27,154,0,0,46,1956,0,0,46,1956,California
Yolo,2020-12-28,346,2302,179,1981,167,321,0,0,346,2302,0,0,346,2302,California
Yolo,2020-12-29,488,2790,267,2248,221,542,0,0,488,2790,0,0,488,2790,California
Yolo,2020-12-30,622,3412,254,2502,368,910,0,0,622,3412,0,0,622,3412,California
Yolo,2020-12-31,185,3597,95,2597,90,1000,0,0,185,3597,0,0,185,3597,California
Yolo,2021-01-01,58,3655,56,2653,2,1002,0,0,58,3655,0,0,58,3655,California
Yolo,2021-01-02,69,3724,26,2679,43,1045,0,0,69,3724,0,0,69,3724,California
Yolo,2021-01-03,44,3768,19,2698,25,1070,0,0,44,3768,0,0,44,3768,California
Yolo,2021-01-04,193,3961,43,2741,150,1220,0,0,193,3961,0,0,193,3961,California
Yolo,2021-01-05,612,4573,236,2977,376,1596,0,0,551,4451,61,61,551,4512,California
Yolo,2021-01-06,480,5053,183,3160,297,1893,0,0,349,4669,131,192,349,4861,California
Yolo,2021-01-07,709,5762,234,3394,475,2368,0,0,519,4999,189,381,519,5380,California
Yolo,2021-01-08,633,6395,312,3706,321,2689,0,0,417,5201,215,596,417,5797,California
Yolo,2021-01-09,410,6805,69,3775,341,3030,0,0,364,5519,46,642,364,6161,California
Yolo,2021-01-10,393,7198,80,3855,313,3343,0,0,323,5772,70,712,323,6484,California
Yolo,2021-01-11,562,7760,325,4180,237,3580,0,0,293,5798,269,981,295,6779,California
Yolo,2021-01-12,481,8241,364,4544,117,3697,0,0,173,5664,308,1289,174,6953,California
Yolo,2021-01-13,769,9010,312,4856,457,4154,0,0,519,5933,250,1539,519,7472,California
Yolo,2021-01-14,377,9387,183,5039,194,4348,0,0,273,6102,104,1643,273,7745,California
Yolo,2021-01-15,623,10010,318,5357,305,4653,0,0,544,6568,79,1722,545,8290,California
Yolo,2021-01-16,740,10750,95,5452,645,5298,0,0,709,7246,31,1753,709,8999,California
Yolo,2021-01-17,187,10937,118,5570,69,5367,0,0,180,7419,7,1760,180,9179,California
Yolo,2021-01-18,479,11416,303,5873,176,5543,0,0,380,7700,99,1859,380,9559,California
Yolo,2021-01-19,558,11974,374,6247,184,5727,0,0,383,7908,175,2034,383,9942,California
Yolo,2021-01-20,660,12634,380,6627,280,6007,0,0,475,8199,184,2218,475,10417,California
Yolo,2021-01-21,649,13283,382,7009,267,6274,0,0,461,8472,188,2406,461,10878,California
Yolo,2021-01-22,746,14029,250,7259,496,6770,0,0,629,8986,115,2521,629,11507,California
Yolo,2021-01-23,615,14644,124,7383,491,7261,0,0,567,9505,48,2569,567,12074,California
Yolo,2021-01-24,207,14851,124,7507,83,7344,0,0,166,9630,41,2610,166,12240,California
Yolo,2021-01-25,727,15578,153,7660,574,7918,0,0,513,9929,214,2824,513,12753,California
Yolo,2021-01-26,818,16396,327,7987,491,8409,0,0,429,9969,389,3213,429,13182,California
Yolo,2021-01-27,557,16953,223,8210,334,8743,0,0,383,10178,174,3387,383,13565,California
Yolo,2021-01-28,1050,18003,566,8776,484,9227,0,0,924,10977,125,3512,924,14489,California
Yolo,2021-01-29,873,18876,264,9040,609,9836,0,0,790,11685,82,3594,790,15279,California
Yolo,2021-01-30,1515,20391,915,9955,600,10436,0,0,1406,12988,103,3697,1406,16685,California
Yolo,2021-01-31,249,20640,211,10166,38,10474,0,0,214,13168,34,3731,214,16899,California
Yolo,2021-02-01,844,21484,360,10526,484,10958,0,0,614,13555,227,3958,614,17513,California
Yolo,2021-02-02,1322,22806,746,11272,576,11534,0,0,930,14094,392,4350,931,18444,California
Yolo,2021-02-03,1515,24321,398,11670,1117,12651,0,0,1182,14946,330,4680,1182,19626,California
Yolo,2021-02-04,1787,26108,283,11953,1504,14155,0,0,1237,15645,539,5219,1238,20864,California
Yolo,2021-02-05,1589,27697,898,12851,691,14846,0,0,1194,16445,395,5614,1195,22059,California
Yolo,2021-02-06,1916,29613,1246,14097,670,15516,0,0,1555,17640,361,5975,1556,23615,California
Yolo,2021-02-07,520,30133,250,14347,270,15786,0,0,171,17463,348,6323,171,23786,California
Yolo,2021-02-08,948,31081,332,14679,616,16402,0,0,605,17728,340,6663,605,24391,California
Yolo,2021-02-09,863,31944,389,15068,474,16876,0,0,578,18021,285,6948,578,24969,California
Yolo,2021-02-10,1458,33402,477,15545,981,17857,0,0,821,18207,637,7585,823,25792,California
Yolo,2021-02-11,1567,34969,799,16344,768,18625,0,0,1185,19010,382,7967,1185,26977,California
Yolo,2021-02-12,1908,36877,749,17093,1159,19784,0,0,1440,19986,464,8431,1440,28417,California
Yolo,2021-02-13,2056,38933,712,17805,1344,21128,0,0,1391,20712,665,9096,1391,29808,California
Yolo,2021-02-14,571,39504,155,17960,416,21544,0,0,446,21034,124,9220,446,30254,California
Yolo,2021-02-15,531,40035,189,18149,342,21886,0,0,266,21036,265,9485,267,30521,California
Yolo,2021-02-16,1129,41164,426,18575,703,22589,0,0,810,21528,319,9804,811,31332,California
Yolo,2021-02-17,1391,42555,701,19276,690,23279,0,0,996,22129,395,10199,996,32328,California
Yolo,2021-02-18,2495,45050,813,20089,1682,24961,0,0,1725,23085,770,10969,1726,34054,California
Yolo,2021-02-19,1742,46792,745,20834,997,25958,0,0,1121,23587,619,11588,1121,35175,California
Yolo,2021-02-20,2443,49235,949,21783,1494,27452,0,0,1372,23894,1066,12654,1373,36548,California
Yolo,2021-02-21,282,49517,225,22008,57,27509,0,0,73,23759,208,12862,73,36621,California
Yolo,2021-02-22,1361,50878,600,22608,761,28270,0,0,693,23785,667,13529,693,37314,California
Yolo,2021-02-23,1126,52004,842,23450,284,28554,0,0,438,23537,686,14215,438,37752,California
Yolo,2021-02-24,2091,54095,590,24040,1501,30055,0,0,1381,24210,708,14923,1381,39133,California
Yolo,2021-02-25,1381,55476,486,24526,895,30950,0,0,916,24662,464,15387,916,40049,California
Yolo,2021-02-26,2599,58075,1011,25537,1588,32538,0,0,1394,24854,1202,16589,1394,41443,California
Yolo,2021-02-27,1658,59733,766,26303,892,33430,0,0,1208,25612,450,17039,1208,42651,California
Yolo,2021-02-28,1773,61506,1492,27795,281,33711,0,0,679,25199,1092,18131,679,43330,California
Yolo,2021-03-01,1102,62608,365,28160,737,34448,0,0,670,25439,430,18561,670,44000,California
Yolo,2021-03-02,1461,64069,681,28841,780,35228,0,0,931,25840,530,19091,931,44931,California
Yolo,2021-03-03,1840,65909,630,29471,1210,36438,0,0,833,25668,1005,20096,833,45764,California
Yolo,2021-03-04,2909,68818,1454,30925,1455,37893,0,0,1575,25912,1331,21427,1575,47339,California
Yolo,2021-03-05,2348,71166,1396,32321,941,38834,11,11,1472,26520,875,22302,1483,48822,California
Yolo,2021-03-06,1469,72635,1121,33442,319,39153,29,40,837,26756,630,22932,866,49688,California
Yolo,2021-03-07,908,73543,672,34114,222,39375,14,54,772,27406,136,23068,786,50474,California
Yolo,2021-03-08,1092,74635,487,34601,562,39937,43,97,764,27887,327,23395,808,51282,California
Yolo,2021-03-09,1245,75880,671,35272,513,40450,61,158,755,28215,488,23883,816,52098,California
Yolo,2021-03-10,1797,77677,1049,36321,460,40910,288,446,751,28206,1042,24925,1033,53131,California
Yolo,2021-03-11,2344,80021,1600,37921,678,41588,66,512,1600,29130,743,25668,1667,54798,California
Yolo,2021-03-12,2893,82914,1343,39264,1471,43059,79,591,1372,29067,1513,27181,1450,56248,California
Yolo,2021-03-13,1844,84758,730,39994,937,43996,177,768,999,29401,842,28023,1176,57424,California
Yolo,2021-03-14,1004,85762,211,40205,643,44639,150,918,523,29589,480,28503,668,58092,California
Yolo,2021-03-15,1322,87084,772,40977,374,45013,176,1094,707,29857,613,29116,881,58973,California
Yolo,2021-03-16,1868,88952,717,41694,1079,46092,72,1166,1103,30267,765,29881,1175,60148,California
Yolo,2021-03-17,2489,91441,970,42664,1447,47539,72,1238,1707,31298,779,30660,1810,61958,California
Yolo,2021-03-18,3019,94460,1022,43686,1773,49312,224,1462,1264,31035,1751,32411,1488,63446,California
Yolo,2021-03-19,2086,96546,863,44549,1155,50467,68,1530,1095,31213,985,33396,1163,64609,California
Yolo,2021-03-20,2748,99294,817,45366,1890,52357,41,1571,1115,30744,1627,35023,1158,65767,California
Yolo,2021-03-21,316,99610,215,45581,93,52450,8,1579,229,30895,86,35109,237,66004,California
Yolo,2021-03-22,1399,101009,487,46068,854,53304,58,1637,919,31394,477,35586,976,66980,California
Yolo,2021-03-23,1731,102740,933,47001,742,54046,56,1693,1073,31865,657,36243,1128,68108,California
Yolo,2021-03-24,2850,105590,1394,48395,1407,55453,49,1742,1422,31921,1416,37659,1472,69580,California
Yolo,2021-03-25,2539,108129,1408,49803,1104,56557,27,1769,1257,31933,1272,38931,1284,70864,California
Yolo,2021-03-26,2398,110527,1255,51058,1124,57681,19,1788,1034,31628,1357,40288,1052,71916,California
Yolo,2021-03-27,1651,112178,454,51512,1181,58862,16,1804,762,31518,888,41176,778,72694,California
Yolo,2021-03-28,1105,113283,861,52373,226,59088,18,1822,277,30989,824,42000,295,72989,California
Yolo,2021-03-29,2013,115296,822,53195,1161,60249,30,1852,983,30976,1026,43026,1013,74002,California
Yolo,2021-03-30,2269,117565,1068,54263,1178,61427,23,1875,1180,31095,1084,44110,1203,75205,California
Yolo,2021-03-31,2346,119911,1219,55482,1091,62518,36,1911,1200,31188,1145,45255,1238,76443,California
Yolo,2021-04-01,3829,123740,1840,57322,1514,64032,475,2386,1619,31074,2207,47462,2093,78536,California
Yolo,2021-04-02,3377,127117,1503,58825,1730,65762,144,2530,2091,32029,1280,48742,2235,80771,California
Yolo,2021-04-03,1788,128905,1078,59903,495,66257,215,2745,799,32055,988,49730,1014,81785,California
Yolo,2021-04-04,388,129293,151,60054,175,66432,62,2807,146,32021,242,49972,208,81993,California
Yolo,2021-04-05,1901,131194,730,60784,1073,67505,98,2905,1006,32235,890,50862,1104,83097,California
Yolo,2021-04-06,2566,133760,1300,62084,1095,68600,171,3076,1312,32474,1245,52107,1484,84581,California
Yolo,2021-04-07,2973,136733,1512,63596,1110,69710,351,3427,1921,33704,1046,53153,2276,86857,California
Yolo,2021-04-08,2416,139149,1001,64597,942,70652,473,3900,1022,33804,1391,54544,1491,88348,California
Yolo,2021-04-09,2571,141720,913,65510,1081,71733,577,4477,844,33494,1724,56268,1414,89762,California
Yolo,2021-04-10,1730,143450,816,66326,738,72471,176,4653,1024,33991,702,56970,1199,90961,California
Yolo,2021-04-11,887,144337,282,66608,561,73032,44,4697,364,33878,520,57490,407,91368,California
Yolo,2021-04-12,1763,146100,520,67128,1099,74131,144,4841,1091,34445,669,58159,1236,92604,California
Yolo,2021-04-13,1969,148069,911,68039,1058,75189,0,4841,1039,34555,929,59088,1039,93643,California
Yolo,2021-04-14,2757,150826,762,68801,1995,77184,0,4841,1370,34542,1383,60471,1370,95013,California
Yolo,2021-04-15,3303,154129,1130,69931,2173,79357,0,4841,2264,35772,1034,61505,2264,97277,California
Yolo,2021-04-16,3036,157165,1957,71888,1079,80436,0,4841,1933,36608,1097,62602,1933,99210,California
Yolo,2021-04-17,1601,158766,470,72358,1131,81567,0,4841,828,36666,770,63372,828,100038,California
Yolo,2021-04-18,633,159399,305,72663,328,81895,0,4841,354,36744,276,63648,354,100392,California
Yolo,2021-04-19,1664,161063,716,73379,947,82842,1,4842,766,36618,893,64541,767,101159,California
Yolo,2021-04-20,1995,163058,1008,74387,987,83829,0,4842,1071,36767,922,65463,1071,102230,California
Yolo,2021-04-21,1981,165039,983,75370,998,84827,0,4842,1082,36954,895,66358,1082,103312,California
Yolo,2021-04-22,1932,166971,875,76245,1057,85884,0,4842,961,36950,966,67324,962,104274,California
Yolo,2021-04-23,2608,169579,1521,77766,1087,86971,0,4842,1166,36686,1430,68754,1166,105440,California
Yolo,2021-04-24,1153,170732,630,78396,521,87492,2,4844,454,36451,691,69445,456,105896,California
Yolo,2021-04-25,942,171674,401,78797,541,88033,0,4844,722,36954,219,69664,722,106618,California
Yolo,2021-04-26,1160,172834,437,79234,720,88753,3,4847,474,36748,684,70348,478,107096,California
Yolo,2021-04-27,1453,174287,665,79899,779,89532,9,4856,556,36418,897,71245,567,107663,California
Yolo,2021-04-28,2012,176299,995,80894,990,90522,27,4883,704,35844,1305,72550,731,108394,California
Yolo,2021-04-29,1710,178009,789,81683,838,91360,83,4966,650,35518,1059,73609,733,109127,California
Yolo,2021-04-30,2001,180010,988,82671,956,92316,57,5023,958,35496,1037,74646,1015,110142,California
Yolo,2021-05-01,1283,181293,997,83668,266,92582,20,5043,382,34998,900,75546,402,110544,California
Yolo,2021-05-02,495,181788,401,84069,71,92653,23,5066,321,35168,174,75720,344,110888,California
Yolo,2021-05-03,1122,182910,407,84476,681,93334,34,5100,304,34689,816,76536,337,111225,California
Yolo,2021-05-04,1439,184349,659,85135,756,94090,24,5124,487,34252,948,77484,511,111736,California
Yolo,2021-05-05,1550,185899,422,85557,1063,95153,65,5189,439,33652,1104,78588,504,112240,California
Yolo,2021-05-06,1505,187404,700,86257,726,95879,79,5268,502,33242,991,79579,581,112821,California
Yolo,2021-05-07,2298,189702,1372,87629,875,96754,51,5319,458,31918,1832,81411,508,113329,California
Yolo,2021-05-08,825,190527,359,87988,409,97163,57,5376,311,31774,511,81922,367,113696,California
Yolo,2021-05-09,393,190920,163,88151,217,97380,13,5389,90,31575,302,82224,103,113799,California
Yolo,2021-05-10,901,191821,356,88507,499,97879,46,5435,154,31029,745,82969,199,113998,California
Yolo,2021-05-11,1014,192835,546,89053,447,98326,21,5456,262,30563,748,83717,282,114280,California
Yolo,2021-05-12,1491,194326,658,89711,805,99131,28,5484,271,29648,1217,84934,302,114582,California
Yolo,2021-05-13,1736,196062,589,90300,1095,100226,52,5536,426,28820,1306,86240,478,115060,California
Yuba,2020-12-16,4,4,4,4,0,0,0,0,4,4,0,0,4,4,California
Yuba,2020-12-17,4,8,4,8,0,0,0,0,4,8,0,0,4,8,California
Yuba,2020-12-18,8,16,8,16,0,0,0,0,8,16,0,0,8,16,California
Yuba,2020-12-19,12,28,12,28,0,0,0,0,12,28,0,0,12,28,California
Yuba,2020-12-20,20,48,20,48,0,0,0,0,20,48,0,0,20,48,California
Yuba,2020-12-21,40,88,40,88,0,0,0,0,40,88,0,0,40,88,California
Yuba,2020-12-22,86,174,86,174,0,0,0,0,86,174,0,0,86,174,California
Yuba,2020-12-23,64,238,62,236,2,2,0,0,64,238,0,0,64,238,California
Yuba,2020-12-24,20,258,10,246,10,12,0,0,20,258,0,0,20,258,California
Yuba,2020-12-26,15,273,13,259,2,14,0,0,15,273,0,0,15,273,California
Yuba,2020-12-27,15,288,15,274,0,14,0,0,15,288,0,0,15,288,California
Yuba,2020-12-28,51,339,35,309,16,30,0,0,51,339,0,0,51,339,California
Yuba,2020-12-29,75,414,10,319,65,95,0,0,75,414,0,0,75,414,California
Yuba,2020-12-30,64,478,20,339,44,139,0,0,64,478,0,0,64,478,California
Yuba,2020-12-31,38,516,7,346,31,170,0,0,38,516,0,0,38,516,California
Yuba,2021-01-02,23,539,22,368,1,171,0,0,23,539,0,0,23,539,California
Yuba,2021-01-03,10,549,6,374,4,175,0,0,10,549,0,0,10,549,California
Yuba,2021-01-04,90,639,21,395,69,244,0,0,90,639,0,0,90,639,California
Yuba,2021-01-05,70,709,38,433,32,276,0,0,69,707,1,1,69,708,California
Yuba,2021-01-06,154,863,76,509,78,354,0,0,148,849,6,7,148,856,California
Yuba,2021-01-07,75,938,19,528,56,410,0,0,72,917,4,11,72,928,California
Yuba,2021-01-08,73,1011,25,553,48,458,0,0,66,976,7,18,66,994,California
Yuba,2021-01-09,19,1030,16,569,3,461,0,0,11,979,8,26,11,1005,California
Yuba,2021-01-10,117,1147,22,591,95,556,0,0,95,1052,22,48,95,1100,California
Yuba,2021-01-11,72,1219,50,641,22,578,0,0,32,1044,40,88,32,1132,California
Yuba,2021-01-12,107,1326,77,718,30,608,0,0,42,1021,65,153,42,1174,California
Yuba,2021-01-13,119,1445,72,790,47,655,0,0,54,1011,64,217,54,1228,California
Yuba,2021-01-14,109,1554,43,833,66,721,0,0,97,1096,12,229,97,1325,California
Yuba,2021-01-15,206,1760,88,921,118,839,0,0,195,1280,11,240,195,1520,California
Yuba,2021-01-16,184,1944,21,942,163,1002,0,0,172,1439,13,253,172,1692,California
Yuba,2021-01-17,13,1957,9,951,4,1006,0,0,7,1440,6,259,7,1699,California
Yuba,2021-01-18,60,2017,32,983,28,1034,0,0,35,1450,25,284,35,1734,California
Yuba,2021-01-19,80,2097,29,1012,51,1085,0,0,65,1500,15,299,65,1799,California
Yuba,2021-01-20,133,2230,87,1099,46,1131,0,0,110,1587,23,322,110,1909,California
Yuba,2021-01-21,213,2443,97,1196,116,1247,0,0,205,1784,8,330,205,2114,California
Yuba,2021-01-22,103,2546,6,1202,97,1344,0,0,94,1869,9,339,94,2208,California
Yuba,2021-01-23,200,2746,7,1209,193,1537,0,0,197,2063,3,342,197,2405,California
Yuba,2021-01-24,10,2756,7,1216,3,1540,0,0,8,2069,2,344,8,2413,California
Yuba,2021-01-25,84,2840,28,1244,56,1596,0,0,53,2092,30,374,53,2466,California
Yuba,2021-01-26,148,2988,39,1283,109,1705,0,0,90,2124,58,432,90,2556,California
Yuba,2021-01-27,183,3171,128,1411,55,1760,0,0,115,2171,68,500,115,2671,California
Yuba,2021-01-28,217,3388,79,1490,138,1898,0,0,175,2304,42,542,175,2846,California
Yuba,2021-01-29,158,3546,55,1545,103,2001,0,0,111,2368,47,589,111,2957,California
Yuba,2021-01-30,410,3956,23,1568,387,2388,0,0,399,2756,11,600,399,3356,California
Yuba,2021-01-31,18,3974,12,1580,6,2394,0,0,16,2770,2,602,16,3372,California
Yuba,2021-02-01,155,4129,75,1655,80,2474,0,0,131,2879,23,625,132,3504,California
Yuba,2021-02-02,123,4252,23,1678,100,2574,0,0,101,2958,22,647,101,3605,California
Yuba,2021-02-03,226,4478,29,1707,197,2771,0,0,114,2961,111,758,114,3719,California
Yuba,2021-02-04,296,4774,121,1828,175,2946,0,0,253,3171,43,801,253,3972,California
Yuba,2021-02-05,147,4921,32,1860,115,3061,0,0,71,3166,76,877,71,4043,California
Yuba,2021-02-06,450,5371,26,1886,424,3485,0,0,442,3600,8,885,442,4485,California
Yuba,2021-02-07,18,5389,11,1897,7,3492,0,0,15,3612,3,888,15,4500,California
Yuba,2021-02-08,96,5485,35,1932,61,3553,0,0,66,3648,30,918,66,4566,California
Yuba,2021-02-09,154,5639,56,1988,98,3651,0,0,84,3662,70,988,84,4650,California
Yuba,2021-02-10,352,5991,172,2160,180,3831,0,0,114,3539,237,1225,114,4764,California
Yuba,2021-02-11,396,6387,63,2223,333,4164,0,0,299,3743,95,1320,299,5063,California
Yuba,2021-02-12,265,6652,27,2250,238,4402,0,0,151,3780,114,1434,151,5214,California
Yuba,2021-02-13,435,7087,35,2285,400,4802,0,0,387,4119,48,1482,387,5601,California
Yuba,2021-02-14,54,7141,11,2296,43,4845,0,0,49,4163,5,1487,49,5650,California
Yuba,2021-02-15,87,7228,36,2332,51,4896,0,0,68,4212,19,1506,68,5718,California
Yuba,2021-02-16,199,7427,53,2385,146,5042,0,0,140,4294,58,1564,140,5858,California
Yuba,2021-02-17,372,7799,156,2541,216,5258,0,0,99,4121,272,1836,99,5957,California
Yuba,2021-02-18,317,8116,46,2587,271,5529,0,0,194,4192,123,1959,194,6151,California
Yuba,2021-02-19,224,8340,82,2669,142,5671,0,0,142,4252,82,2041,142,6293,California
Yuba,2021-02-20,390,8730,31,2700,359,6030,0,0,336,4534,54,2095,336,6629,California
Yuba,2021-02-21,17,8747,14,2714,3,6033,0,0,7,4531,10,2105,7,6636,California
Yuba,2021-02-22,128,8875,79,2793,49,6082,0,0,38,4480,89,2194,38,6674,California
Yuba,2021-02-23,113,8988,25,2818,88,6170,0,0,46,4460,66,2260,46,6720,California
Yuba,2021-02-24,482,9470,136,2954,346,6516,0,0,107,4192,375,2635,107,6827,California
Yuba,2021-02-25,344,9814,139,3093,205,6721,0,0,215,4278,129,2764,215,7042,California
Yuba,2021-02-26,256,10070,67,3160,189,6910,0,0,143,4310,111,2875,143,7185,California
Yuba,2021-02-27,472,10542,47,3207,425,7335,0,0,383,4606,87,2962,383,7568,California
Yuba,2021-02-28,66,10608,21,3228,45,7380,0,0,45,4630,21,2983,45,7613,California
Yuba,2021-03-01,156,10764,40,3268,116,7496,0,0,80,4635,75,3058,80,7693,California
Yuba,2021-03-02,159,10923,36,3304,123,7619,0,0,79,4634,80,3138,79,7772,California
Yuba,2021-03-03,622,11545,159,3463,463,8082,0,0,200,4413,421,3559,200,7972,California
Yuba,2021-03-04,465,12010,269,3732,196,8278,0,0,324,4597,140,3699,324,8296,California
Yuba,2021-03-05,317,12327,60,3792,256,8534,1,1,249,4779,68,3767,250,8546,California
Yuba,2021-03-06,474,12801,35,3827,435,8969,4,5,368,5045,106,3873,372,8918,California
Yuba,2021-03-07,49,12850,27,3854,21,8990,1,6,33,5063,16,3889,34,8952,California
Yuba,2021-03-08,160,13010,49,3903,95,9085,16,22,101,5121,59,3948,117,9069,California
Yuba,2021-03-09,178,13188,47,3950,111,9196,20,42,84,5131,94,4042,104,9173,California
Yuba,2021-03-10,737,13925,234,4184,473,9669,30,72,232,4889,504,4546,262,9435,California
Yuba,2021-03-11,438,14363,197,4381,229,9898,12,84,295,5053,143,4689,307,9742,California
Yuba,2021-03-12,461,14824,86,4467,321,10219,54,138,150,4946,311,5000,204,9946,California
Yuba,2021-03-13,455,15279,335,4802,105,10324,15,153,360,5227,94,5094,375,10321,California
Yuba,2021-03-14,107,15386,21,4823,76,10400,10,163,46,5223,60,5154,56,10377,California
Yuba,2021-03-15,190,15576,49,4872,124,10524,17,180,96,5242,94,5248,113,10490,California
Yuba,2021-03-16,290,15866,71,4943,194,10718,25,205,177,5332,112,5360,202,10692,California
Yuba,2021-03-17,739,16605,162,5105,548,11266,29,234,193,5010,544,5904,222,10914,California
Yuba,2021-03-18,582,17187,160,5265,310,11576,112,346,353,5245,229,6133,464,11378,California
Yuba,2021-03-19,327,17514,120,5385,158,11734,49,395,188,5344,138,6271,237,11615,California
Yuba,2021-03-20,556,18070,81,5466,457,12191,18,413,476,5759,79,6350,494,12109,California
Yuba,2021-03-21,60,18130,35,5501,25,12216,0,413,48,5795,12,6362,48,12157,California
Yuba,2021-03-22,190,18320,70,5571,113,12329,7,420,148,5908,42,6404,155,12312,California
Yuba,2021-03-23,264,18584,80,5651,157,12486,27,447,177,6027,85,6489,204,12516,California
Yuba,2021-03-24,769,19353,255,5906,433,12919,81,528,189,5718,578,7067,269,12785,California
Yuba,2021-03-25,501,19854,267,6173,212,13131,22,550,248,5735,253,7320,270,13055,California
Yuba,2021-03-26,391,20245,143,6316,221,13352,27,577,225,5822,165,7485,252,13307,California
Yuba,2021-03-27,459,20704,27,6343,429,13781,3,580,404,6174,54,7539,406,13713,California
Yuba,2021-03-28,99,20803,40,6383,55,13836,4,584,37,6153,62,7601,41,13754,California
Yuba,2021-03-29,295,21098,86,6469,177,14013,32,616,179,6248,116,7717,211,13965,California
Yuba,2021-03-30,274,21372,68,6537,198,14211,8,624,190,6362,84,7801,198,14163,California
Yuba,2021-03-31,667,22039,113,6650,542,14753,12,636,237,6182,429,8230,249,14412,California
Yuba,2021-04-01,619,22658,287,6937,303,15056,29,665,285,6162,334,8564,314,14726,California
Yuba,2021-04-02,493,23151,94,7031,316,15372,83,748,186,6124,306,8870,268,14994,California
Yuba,2021-04-03,652,23803,54,7085,116,15488,482,1230,86,6127,565,9435,568,15562,California
Yuba,2021-04-04,59,23862,11,7096,42,15530,6,1236,34,6142,25,9460,40,15602,California
Yuba,2021-04-05,246,24108,79,7175,146,15676,21,1257,124,6166,120,9580,144,15746,California
Yuba,2021-04-06,354,24462,114,7289,180,15856,60,1317,171,6215,182,9762,231,15977,California
Yuba,2021-04-07,769,25231,396,7685,320,16176,53,1370,346,6193,420,10182,398,16375,California
Yuba,2021-04-08,739,25970,287,7972,190,16366,262,1632,274,6264,464,10646,535,16910,California
Yuba,2021-04-09,396,26366,173,8145,157,16523,66,1698,162,6259,233,10879,228,17138,California
Yuba,2021-04-10,592,26958,71,8216,74,16597,447,2145,70,6255,520,11399,516,17654,California
Yuba,2021-04-11,102,27060,26,8242,64,16661,12,2157,43,6251,59,11458,55,17709,California
Yuba,2021-04-12,210,27270,45,8287,136,16797,29,2186,80,6231,129,11587,109,17818,California
Yuba,2021-04-13,397,27667,103,8390,294,17091,0,2186,204,6243,192,11779,204,18022,California
Yuba,2021-04-14,694,28361,109,8499,585,17676,0,2186,120,5790,573,12352,120,18142,California
Yuba,2021-04-15,335,28696,127,8626,208,17884,0,2186,146,5747,189,12541,146,18288,California
Yuba,2021-04-16,332,29028,100,8726,232,18116,0,2186,178,5771,154,12695,178,18466,California
Yuba,2021-04-17,402,29430,58,8784,344,18460,0,2186,331,6032,70,12765,331,18797,California
Yuba,2021-04-18,52,29482,9,8793,43,18503,0,2186,24,6028,28,12793,24,18821,California
Yuba,2021-04-19,245,29727,102,8895,143,18646,0,2186,104,5991,141,12934,104,18925,California
Yuba,2021-04-20,302,30029,77,8972,225,18871,0,2186,174,6039,127,13061,175,19100,California
Yuba,2021-04-21,700,30729,282,9254,418,19289,0,2186,299,5937,401,13462,299,19399,California
Yuba,2021-04-22,340,31069,132,9386,208,19497,0,2186,184,5965,156,13618,184,19583,California
Yuba,2021-04-23,341,31410,111,9497,230,19727,0,2186,163,5951,177,13795,163,19746,California
Yuba,2021-04-24,216,31626,68,9565,148,19875,0,2186,123,5981,93,13888,123,19869,California
Yuba,2021-04-25,73,31699,30,9595,43,19918,0,2186,36,5980,37,13925,36,19905,California
Yuba,2021-04-26,217,31916,47,9642,166,20084,4,2190,99,5965,118,14043,103,20008,California
Yuba,2021-04-27,459,32375,149,9791,300,20384,10,2200,225,5968,232,14275,235,20243,California
Yuba,2021-04-28,430,32805,174,9965,251,20635,5,2205,144,5837,280,14555,149,20392,California
Yuba,2021-04-29,426,33231,63,10028,362,20997,1,2206,144,5701,281,14836,145,20537,California
Yuba,2021-04-30,328,33559,93,10121,206,21203,29,2235,140,5684,186,15022,169,20706,California
Yuba,2021-05-01,205,33764,91,10212,96,21299,18,2253,93,5684,111,15133,111,20817,California
Yuba,2021-05-02,64,33828,34,10246,26,21325,4,2257,37,5698,27,15160,41,20858,California
Yuba,2021-05-03,142,33970,66,10312,67,21392,9,2266,45,5658,94,15254,54,20912,California
Yuba,2021-05-04,318,34288,94,10406,203,21595,21,2287,140,5641,178,15432,161,21073,California
Yuba,2021-05-05,314,34602,77,10483,231,21826,6,2293,113,5559,201,15633,119,21192,California
Yuba,2021-05-06,275,34877,103,10586,134,21960,38,2331,90,5505,182,15815,128,21320,California
Yuba,2021-05-07,359,35236,95,10681,235,22195,29,2360,121,5416,238,16053,149,21469,California
Yuba,2021-05-08,104,35340,32,10713,69,22264,3,2363,46,5407,58,16111,49,21518,California
Yuba,2021-05-09,52,35392,23,10736,26,22290,3,2366,37,5432,15,16126,40,21558,California
Yuba,2021-05-10,170,35562,55,10791,97,22387,18,2384,54,5389,115,16241,72,21630,California
Yuba,2021-05-11,344,35906,160,10951,172,22559,12,2396,135,5328,207,16448,146,21776,California
Yuba,2021-05-12,229,36135,105,11056,118,22677,6,2402,82,5269,147,16595,88,21864,California
Yuba,2021-05-13,215,36350,124,11180,51,22728,40,2442,34,5162,181,16776,74,21938,California
