county,administered_date,total_doses,cumulative_total_doses,pfizer_doses,cumulative_pfizer_doses,moderna_doses,cumulative_moderna_doses,jj_doses,cumulative_jj_doses,partially_vaccinated,total_partially_vaccinated,fully_vaccinated,cumulative_fully_vaccinated,at_least_one_dose,cumulative_at_least_one_dose,california_flag
All CA Counties,2020-12-15,1127,1127,1127,1127,0,0,0,0,1127,1127,0,0,1127,1127,
All CA Counties,2020-12-16,8231,9358,8231,9358,0,0,0,0,8231,9358,0,0,8231,9358,
All CA Counties,2020-12-17,25840,35198,25840,35198,0,0,0,0,25876,35234,0,0,25876,35234,
All CA Counties,2020-12-18,43930,79128,43852,79050,78,78,0,0,43980,79213,1,1,43980,79214,
All CA Counties,2020-12-19,25372,104500,25352,104402,20,98,0,0,25370,104581,2,3,25370,104584,
All CA Counties,2020-12-20,18936,123436,18910,123312,26,124,0,0,18935,123515,1,4,18935,123519,
All CA Counties,2020-12-21,49518,172954,49435,172747,83,207,0,0,49557,173070,2,6,49557,173076,
All CA Counties,2020-12-22,49873,222827,47733,220480,2140,2347,0,0,49873,222943,0,6,49873,222949,
All CA Counties,2020-12-23,50111,272938,41430,261910,8681,11028,0,0,50107,273050,0,6,50107,273056,
All CA Counties,2020-12-24,23946,296884,16275,278185,7671,18699,0,0,23942,296990,2,8,23942,296998,
All CA Counties,2020-12-25,2303,299187,1984,280169,319,19018,0,0,2302,299291,1,9,2302,299300,
All CA Counties,2020-12-26,14562,313749,9396,289565,5166,24184,0,0,14560,313850,1,10,14560,313860,
All CA Counties,2020-12-27,9322,323071,5538,295103,3784,27968,0,0,9321,323170,1,11,9321,323181,
All CA Counties,2020-12-28,45481,368552,29148,324251,16333,44301,0,0,45478,368646,2,13,45478,368659,
All CA Counties,2020-12-29,50845,419397,28449,352700,22396,66697,0,0,50841,419484,3,16,50841,419500,
All CA Counties,2020-12-30,62668,482065,35497,388197,27171,93868,0,0,62661,482143,2,18,62661,482161,
All CA Counties,2020-12-31,29054,511119,10712,398909,18342,112210,0,0,29048,511187,4,22,29048,511209,
All CA Counties,2021-01-01,3586,514705,1590,400499,1996,114206,0,0,3583,514769,1,23,3583,514792,
All CA Counties,2021-01-02,18309,533014,10147,410646,8162,122368,0,0,18308,533077,0,23,18308,533100,
All CA Counties,2021-01-03,6065,539079,3435,414081,2630,124998,0,0,6039,539104,12,35,6039,539139,
All CA Counties,2021-01-04,43139,582218,21816,435897,21323,146321,0,0,43057,582113,48,83,43057,582196,
All CA Counties,2021-01-05,55985,638203,29533,465430,26452,172773,0,0,50559,627343,5360,5443,50590,632786,
All CA Counties,2021-01-06,72667,710870,40284,505714,32383,205156,0,0,57369,669630,15112,20555,57399,690185,
All CA Counties,2021-01-07,91139,802009,51786,557500,39353,244509,0,0,60814,700334,30178,50733,60882,751067,
All CA Counties,2021-01-08,105958,907967,64010,621510,41948,286457,0,0,64883,724344,40945,91678,64955,816022,
All CA Counties,2021-01-09,43504,951471,25037,646547,18467,304924,0,0,27444,735778,16039,107717,27473,843495,
All CA Counties,2021-01-10,23991,975462,14645,661192,9346,314270,0,0,12905,737631,11070,118787,12923,856418,
All CA Counties,2021-01-11,102975,1078437,68322,729514,34653,348923,0,0,59988,754740,42952,161739,60061,916479,
All CA Counties,2021-01-12,111952,1190389,66141,795655,45811,394734,0,0,71199,785412,40683,202422,71355,987834,
All CA Counties,2021-01-13,118092,1308481,61194,856849,56898,451632,0,0,84595,836687,33409,235831,84684,1072518,
All CA Counties,2021-01-14,122344,1430825,49053,905902,73291,524923,0,0,103003,920585,19232,255063,103130,1175648,
All CA Counties,2021-01-15,141175,1572000,52370,958272,88805,613728,0,0,125928,1031541,15141,270204,126097,1301745,
All CA Counties,2021-01-16,80652,1652652,27558,985830,53094,666822,0,0,72989,1096931,7640,277844,73030,1374775,
All CA Counties,2021-01-17,48038,1700690,16702,1002532,31336,698158,0,0,44438,1137808,3594,281438,44471,1419246,
All CA Counties,2021-01-18,87680,1788370,45649,1048181,42031,740189,0,0,68438,1187207,19168,300606,68567,1487813,
All CA Counties,2021-01-19,140422,1928792,73038,1121219,67384,807573,0,0,109525,1266263,30810,331416,109866,1597679,
All CA Counties,2021-01-20,157397,2086189,79786,1201005,77611,885184,0,0,124507,1358265,32725,364141,124727,1722406,
All CA Counties,2021-01-21,171325,2257514,75946,1276951,95379,980563,0,0,152553,1492533,18574,382715,152842,1875248,
All CA Counties,2021-01-22,168199,2425713,68756,1345707,99443,1080006,0,0,153906,1632391,14172,396887,154030,2029278,
All CA Counties,2021-01-23,110639,2536352,49230,1394937,61409,1141415,0,0,98243,1718373,12341,409228,98323,2127601,
All CA Counties,2021-01-24,60688,2597040,29282,1424219,31406,1172821,0,0,56034,1769816,4627,413855,56070,2183671,
All CA Counties,2021-01-25,142912,2739952,64424,1488643,78488,1251309,0,0,108558,1844566,34249,448104,108999,2292670,
All CA Counties,2021-01-26,166186,2906138,81591,1570234,84595,1335904,0,0,129275,1937342,36767,484871,129543,2422213,
All CA Counties,2021-01-27,177435,3083573,86650,1656884,90785,1426689,0,0,138948,2038321,38106,522977,139085,2561298,
All CA Counties,2021-01-28,185329,3268902,85028,1741912,100301,1526990,0,0,151789,2157037,33238,556215,151954,2713252,
All CA Counties,2021-01-29,181350,3450252,87040,1828952,94310,1621300,0,0,147384,2271153,33406,589621,147522,2860774,
All CA Counties,2021-01-30,121608,3571860,53977,1882929,67631,1688931,0,0,107468,2364762,13994,603615,107603,2968377,
All CA Counties,2021-01-31,69662,3641522,39435,1922364,30227,1719158,0,0,63668,2422552,5923,609538,63713,3032090,
All CA Counties,2021-02-01,156769,3798291,71861,1994225,84908,1804066,0,0,118903,2503949,37729,647267,119126,3151216,
All CA Counties,2021-02-02,182880,3981171,78346,2072571,104534,1908600,0,0,137464,2596523,45157,692424,137731,3288947,
All CA Counties,2021-02-03,208180,4189351,93703,2166274,114477,2023077,0,0,154944,2698907,52782,745206,155166,3444113,
All CA Counties,2021-02-04,225579,4414930,98800,2265074,126779,2149856,0,0,165542,2805245,59512,804718,165850,3609963,
All CA Counties,2021-02-05,243982,4658912,105716,2370790,138266,2288122,0,0,166137,2894836,77094,881812,166685,3776648,
All CA Counties,2021-02-06,153705,4812617,74148,2444938,79557,2367679,0,0,119341,2980431,34203,916015,119798,3896446,
All CA Counties,2021-02-07,65540,4878157,42194,2487132,23346,2391025,0,0,49258,3013948,16202,932217,49719,3946165,
All CA Counties,2021-02-08,178604,5056761,87522,2574654,91082,2482107,0,0,117971,3072395,60228,992445,118675,4064840,
All CA Counties,2021-02-09,208363,5265124,100805,2675459,107558,2589665,0,0,124957,3115387,83081,1075526,126073,4190913,
All CA Counties,2021-02-10,245595,5510719,118804,2794263,126791,2716456,0,0,136991,3145934,107852,1183378,138399,4329312,
All CA Counties,2021-02-11,259685,5770404,128771,2923034,130914,2847370,0,0,142300,3173622,116400,1299778,144088,4473400,
All CA Counties,2021-02-12,268699,6039103,117864,3040898,150835,2998205,0,0,145192,3198305,122823,1422601,147506,4620906,
All CA Counties,2021-02-13,164852,6203955,75851,3116749,89001,3087206,0,0,90938,3217676,73528,1496129,92899,4713805,
All CA Counties,2021-02-14,94079,6298034,46642,3163391,47437,3134643,0,0,50888,3227100,43064,1539193,52488,4766293,
All CA Counties,2021-02-15,139796,6437830,61560,3224951,78236,3212879,0,0,77459,3245651,62029,1601222,80580,4846873,
All CA Counties,2021-02-16,245113,6682943,116565,3341516,128548,3341427,0,0,131619,3267332,113180,1714402,134861,4981734,
All CA Counties,2021-02-17,254086,6937029,126514,3468030,127572,3468999,0,0,127181,3271345,126462,1840864,130475,5112209,
All CA Counties,2021-02-18,266724,7203753,139353,3607383,127371,3596370,0,0,129316,3268185,136771,1977635,133611,5245820,
All CA Counties,2021-02-19,248507,7452260,144344,3751727,104163,3700533,0,0,129381,3281189,118723,2096358,131727,5377547,
All CA Counties,2021-02-20,149221,7601481,95884,3847611,53337,3753870,0,0,82524,3299261,66495,2162853,84567,5462114,
All CA Counties,2021-02-21,67909,7669390,54617,3902228,13292,3767162,0,0,33900,3300695,33851,2196704,35285,5497399,
All CA Counties,2021-02-22,160839,7830229,107885,4010113,52954,3820116,0,0,81969,3305826,78601,2275305,83732,5581131,
All CA Counties,2021-02-23,218595,8048824,115539,4125652,103056,3923172,0,0,102610,3298998,115520,2390825,108692,5689823,
All CA Counties,2021-02-24,278395,8327219,140586,4266238,137809,4060981,0,0,134403,3297686,143490,2534315,142178,5832001,
All CA Counties,2021-02-25,311113,8638332,153170,4419408,157943,4218924,0,0,163338,3322612,147239,2681554,172165,6004166,
All CA Counties,2021-02-26,345502,8983834,161609,4581017,183893,4402817,0,0,193276,3371974,151458,2833012,200820,6204986,
All CA Counties,2021-02-27,243618,9227452,115915,4696932,127697,4530514,6,6,137972,3409453,105158,2938170,142637,6347623,
All CA Counties,2021-02-28,127813,9355265,76129,4773061,51683,4582197,1,7,75837,3436544,51707,2989877,78798,6426421,
All CA Counties,2021-03-01,232215,9587480,122988,4896049,109210,4691407,17,24,134625,3478261,97077,3086954,138794,6565215,
All CA Counties,2021-03-02,261566,9849046,127849,5023898,133708,4825115,9,33,158520,3541332,102629,3189583,165700,6730915,
All CA Counties,2021-03-03,306708,10155754,151959,5175857,154728,4979843,21,54,173282,3589220,132846,3322429,180734,6911649,
All CA Counties,2021-03-04,311194,10466948,157755,5333612,153369,5133212,70,124,182873,3651499,127735,3450164,190014,7101663,
All CA Counties,2021-03-05,292642,10759590,144700,5478312,146895,5280107,1047,1171,181997,3731932,109984,3560148,190417,7292080,
All CA Counties,2021-03-06,225968,10985558,117256,5595568,101318,5381425,7394,8565,141696,3801974,83938,3644086,153980,7446060,
All CA Counties,2021-03-07,119425,11104983,73495,5669063,42035,5423460,3895,12460,76024,3842461,43262,3687348,83749,7529809,
All CA Counties,2021-03-08,201058,11306041,97133,5766196,94621,5518081,9304,21764,131023,3918057,69773,3757121,145369,7675178,
All CA Counties,2021-03-09,250974,11557015,108157,5874353,127633,5645714,15184,36948,137436,3961750,113189,3870310,156882,7832060,
All CA Counties,2021-03-10,292330,11849345,145029,6019382,125902,5771616,21399,58347,157570,4010853,134267,4004577,183370,8015430,
All CA Counties,2021-03-11,343493,12192838,164065,6183447,150634,5922250,28794,87141,176668,4054785,166133,4170710,210065,8225495,
All CA Counties,2021-03-12,339601,12532439,152380,6335827,147403,6069653,39818,126959,164943,4089848,174109,4344819,209172,8434667,
All CA Counties,2021-03-13,238405,12770844,108614,6444441,102130,6171783,27661,154620,127437,4138920,110657,4455476,159729,8594396,
All CA Counties,2021-03-14,132836,12903680,74778,6519219,43780,6215563,14278,168898,72655,4168226,59990,4515466,89296,8683692,
All CA Counties,2021-03-15,281139,13184819,133893,6653112,127325,6342888,19921,188819,154721,4220636,125867,4641333,178277,8861969,
All CA Counties,2021-03-16,356489,13541308,169414,6822526,170373,6513261,16702,205521,210121,4305072,145745,4787078,230181,9092150,
All CA Counties,2021-03-17,359051,13900359,181028,7003554,161046,6674307,16977,222498,222108,4410651,136338,4923416,241917,9334067,
All CA Counties,2021-03-18,329100,14229459,170416,7173970,143229,6817536,15455,237953,196527,4493116,131794,5055210,214259,9548326,
All CA Counties,2021-03-19,339770,14569229,180305,7354275,141932,6959468,17533,255486,199414,4572399,139673,5194883,218956,9767282,
All CA Counties,2021-03-20,220494,14789723,110401,7464676,98379,7057847,11714,267200,146001,4657519,74056,5268939,159176,9926458,
All CA Counties,2021-03-21,137814,14927537,94427,7559103,36122,7093969,7265,274465,90242,4709187,47359,5316298,99027,10025485,
All CA Counties,2021-03-22,264119,15191656,154221,7713324,99279,7193248,10619,285084,176737,4813071,86837,5403135,190721,10216206,
All CA Counties,2021-03-23,343737,15535393,189772,7903096,143962,7337210,10003,295087,225589,4934370,117411,5520546,238710,10454916,
All CA Counties,2021-03-24,371041,15906434,214167,8117263,145476,7482686,11398,306485,223717,5027234,146454,5667000,239318,10694234,
All CA Counties,2021-03-25,392675,16299109,216283,8333546,163747,7646433,12645,319130,229600,5114364,162073,5829073,249203,10943437,
All CA Counties,2021-03-26,410797,16709906,218533,8552079,177403,7823836,14861,333991,230198,5189703,179678,6008751,255017,11198454,
All CA Counties,2021-03-27,291250,17001156,153310,8705389,127517,7951353,10423,344414,149148,5214896,141492,6150243,166685,11365139,
All CA Counties,2021-03-28,161226,17162382,103290,8808679,54800,8006153,3136,347550,88810,5237177,72176,6222419,94457,11459596,
All CA Counties,2021-03-29,290787,17453169,157804,8966483,125043,8131196,7940,355490,170374,5299721,119860,6342279,182404,11642000,
All CA Counties,2021-03-30,366889,17820058,187803,9154286,165043,8296239,14043,369533,230302,5411922,136067,6478346,248268,11890268,
All CA Counties,2021-03-31,371199,18191257,202194,9356480,150972,8447211,18033,387566,218069,5501139,152430,6630776,241647,12131915,
All CA Counties,2021-04-01,265944,18457201,142028,9498508,104114,8551325,19802,407368,147871,5559021,117621,6748397,175503,12307418,
All CA and Non-CA Counties,2020-12-15,1134,1134,1134,1134,0,0,0,0,1134,1134,0,0,1134,1134,
All CA and Non-CA Counties,2020-12-16,8364,9498,8364,9498,0,0,0,0,8364,9498,0,0,8364,9498,
All CA and Non-CA Counties,2020-12-17,27409,36907,27409,36907,0,0,0,0,27409,36907,0,0,27409,36907,
All CA and Non-CA Counties,2020-12-18,46379,83286,46297,83204,82,82,0,0,46378,83284,1,1,46378,83285,
All CA and Non-CA Counties,2020-12-19,26378,109664,26357,109561,21,103,0,0,26376,109658,2,3,26376,109661,
All CA and Non-CA Counties,2020-12-20,19586,129250,19559,129120,27,130,0,0,19585,129242,1,4,19585,129246,
All CA and Non-CA Counties,2020-12-21,51655,180905,51572,180692,83,213,0,0,51652,180892,2,6,51652,180898,
All CA and Non-CA Counties,2020-12-22,51831,232736,49658,230350,2173,2386,0,0,51831,232723,0,6,51831,232729,
All CA and Non-CA Counties,2020-12-23,51537,284273,42743,273093,8794,11180,0,0,51533,284256,0,6,51533,284262,
All CA and Non-CA Counties,2020-12-24,24755,309028,16890,289983,7865,19045,0,0,24751,309005,2,8,24751,309013,
All CA and Non-CA Counties,2020-12-25,2336,311364,2013,291996,323,19368,0,0,2335,311339,1,9,2335,311348,
All CA and Non-CA Counties,2020-12-26,14872,326236,9601,301597,5271,24639,0,0,14870,326208,1,10,14870,326218,
All CA and Non-CA Counties,2020-12-27,9512,335748,5610,307207,3902,28541,0,0,9511,335718,1,11,9511,335729,
All CA and Non-CA Counties,2020-12-28,46884,382632,30034,337241,16850,45391,0,0,46881,382597,2,13,46881,382610,
All CA and Non-CA Counties,2020-12-29,52310,434942,29390,366631,22920,68311,0,0,52306,434900,3,16,52306,434916,
All CA and Non-CA Counties,2020-12-30,64581,499523,36749,403380,27832,96143,0,0,64575,499473,2,18,64575,499491,
All CA and Non-CA Counties,2020-12-31,30125,529648,11302,414682,18823,114966,0,0,30118,529587,4,22,30118,529609,
All CA and Non-CA Counties,2021-01-01,3691,533339,1611,416293,2080,117046,0,0,3688,533274,1,23,3688,533297,
All CA and Non-CA Counties,2021-01-02,18552,551891,10283,426576,8269,125315,0,0,18550,551823,1,24,18550,551847,
All CA and Non-CA Counties,2021-01-03,6243,558134,3532,430108,2711,128026,0,0,6217,558028,12,36,6217,558064,
All CA and Non-CA Counties,2021-01-04,44270,602404,22322,452430,21948,149974,0,0,44182,602161,49,85,44182,602246,
All CA and Non-CA Counties,2021-01-05,57439,659843,30294,482724,27145,177119,0,0,51875,648571,5496,5581,51906,654152,
All CA and Non-CA Counties,2021-01-06,75245,735088,41820,524544,33425,210544,0,0,59271,692078,15795,21376,59302,713454,
All CA and Non-CA Counties,2021-01-07,95310,830398,54374,578918,40936,251480,0,0,63347,723688,31815,53191,63425,776879,
All CA and Non-CA Counties,2021-01-08,110247,940645,66720,645638,43527,295007,0,0,67426,748512,42682,95873,67506,844385,
All CA and Non-CA Counties,2021-01-09,44849,985494,25581,671219,19268,314275,0,0,28460,760636,16367,112240,28491,872876,
All CA and Non-CA Counties,2021-01-10,24286,1009780,14824,686043,9462,323737,0,0,13079,762542,11191,123431,13097,885973,
All CA and Non-CA Counties,2021-01-11,106258,1116038,70296,756339,35962,359699,0,0,61954,780300,44270,167701,62028,948001,
All CA and Non-CA Counties,2021-01-12,115771,1231809,68417,824756,47354,407053,0,0,73528,811819,42168,209869,73687,1021688,
All CA and Non-CA Counties,2021-01-13,121660,1353469,62956,887712,58704,465757,0,0,87040,864415,34538,244407,87134,1108822,
All CA and Non-CA Counties,2021-01-14,126059,1479528,50296,938008,75763,541520,0,0,106105,950809,19843,264250,106237,1215059,
All CA and Non-CA Counties,2021-01-15,145272,1624800,53308,991316,91964,633484,0,0,129581,1064982,15583,279833,129756,1344815,
All CA and Non-CA Counties,2021-01-16,83214,1708014,27909,1019225,55305,688789,0,0,75389,1132613,7799,287632,75430,1420245,
All CA and Non-CA Counties,2021-01-17,48495,1756509,16848,1036073,31647,720436,0,0,44839,1173836,3649,291281,44872,1465117,
All CA and Non-CA Counties,2021-01-18,88854,1845363,46457,1082530,42397,762833,0,0,69138,1223463,19641,310922,69268,1534385,
All CA and Non-CA Counties,2021-01-19,144441,1989804,74351,1156881,70090,832923,0,0,112698,1304848,31655,342577,113040,1647425,
All CA and Non-CA Counties,2021-01-20,161817,2151621,81197,1238078,80620,913543,0,0,128008,1399437,33641,376218,128230,1775655,
All CA and Non-CA Counties,2021-01-21,175391,2327012,76982,1315060,98409,1011952,0,0,156102,1536753,19078,395296,156394,1932049,
All CA and Non-CA Counties,2021-01-22,172801,2499813,69800,1384860,103001,1114953,0,0,158103,1680411,14571,409867,158229,2090278,
All CA and Non-CA Counties,2021-01-23,112897,2612710,49562,1434422,63335,1178288,0,0,100332,1768314,12509,422376,100412,2190690,
All CA and Non-CA Counties,2021-01-24,61400,2674110,29623,1464045,31777,1210065,0,0,56664,1820304,4710,427086,56700,2247390,
All CA and Non-CA Counties,2021-01-25,147369,2821479,66381,1530426,80988,1291053,0,0,112182,1897839,35095,462181,112630,2360020,
All CA and Non-CA Counties,2021-01-26,172433,2993912,84848,1615274,87585,1378638,0,0,134724,1995256,37587,499768,135004,2495024,
All CA and Non-CA Counties,2021-01-27,182452,3176364,89639,1704913,92813,1471451,0,0,143422,2100147,38670,538438,143561,2638585,
All CA and Non-CA Counties,2021-01-28,190607,3366971,88160,1793073,102447,1573898,0,0,156581,2223148,33745,572183,156746,2795331,
All CA and Non-CA Counties,2021-01-29,186117,3553088,90145,1883218,95972,1669870,0,0,151450,2340619,34117,606300,151588,2946919,
All CA and Non-CA Counties,2021-01-30,125800,3678888,56490,1939708,69310,1739180,0,0,111448,2437991,14211,620511,111583,3058502,
All CA and Non-CA Counties,2021-01-31,73126,3752014,42611,1982319,30515,1769695,0,0,67053,2499090,6002,626513,67101,3125603,
All CA and Non-CA Counties,2021-02-01,162615,3914629,74818,2057137,87797,1857492,0,0,124093,2585023,38385,664898,124318,3249921,
All CA and Non-CA Counties,2021-02-02,190231,4104860,81146,2138283,109085,1966577,0,0,144106,2683545,45855,710753,144377,3394298,
All CA and Non-CA Counties,2021-02-03,216121,4320981,96544,2234827,119577,2086154,0,0,162071,2792254,53586,764339,162295,3556593,
All CA and Non-CA Counties,2021-02-04,232813,4553794,101586,2336413,131227,2217381,0,0,171838,2903964,60439,824778,172149,3728742,
All CA and Non-CA Counties,2021-02-05,250577,4804371,107886,2444299,142691,2360072,0,0,171743,2998164,78091,902869,172291,3901033,
All CA and Non-CA Counties,2021-02-06,158182,4962553,76473,2520772,81709,2441781,0,0,123389,3087386,34626,937495,123848,4024881,
All CA and Non-CA Counties,2021-02-07,68412,5030965,44613,2565385,23799,2465580,0,0,52050,3123618,16282,953777,52514,4077395,
All CA and Non-CA Counties,2021-02-08,184464,5215429,91339,2656724,93125,2558705,0,0,122721,3185723,61323,1015100,123428,4200823,
All CA and Non-CA Counties,2021-02-09,213144,5428573,103113,2759837,110031,2668736,0,0,128420,3230889,84384,1099484,129550,4330373,
All CA and Non-CA Counties,2021-02-10,251531,5680104,121022,2880859,130509,2799245,0,0,140560,3262695,110211,1209695,142017,4472390,
All CA and Non-CA Counties,2021-02-11,264571,5944675,130939,3011798,133632,2932877,0,0,145984,3292891,117595,1327290,147791,4620181,
All CA and Non-CA Counties,2021-02-12,273347,6218022,119506,3131304,153841,3086718,0,0,148180,3318914,124479,1451769,150502,4770683,
All CA and Non-CA Counties,2021-02-13,167133,6385155,76482,3207786,90651,3177369,0,0,92764,3339672,73978,1525747,94736,4865419,
All CA and Non-CA Counties,2021-02-14,95545,6480700,47107,3254893,48438,3225807,0,0,52075,3350045,43338,1569085,53711,4919130,
All CA and Non-CA Counties,2021-02-15,142352,6623052,63154,3318047,79198,3305005,0,0,78647,3368472,63379,1632464,81806,5000936,
All CA and Non-CA Counties,2021-02-16,251540,6874592,119531,3437578,132009,3437014,0,0,134175,3388859,117045,1749509,137432,5138368,
All CA and Non-CA Counties,2021-02-17,259879,7134471,129383,3566961,130496,3567510,0,0,128938,3390607,130490,1879999,132238,5270606,
All CA and Non-CA Counties,2021-02-18,272935,7407406,143031,3709992,129904,3697414,0,0,131196,3385017,141088,2021087,135498,5406104,
All CA and Non-CA Counties,2021-02-19,253886,7661292,148094,3858086,105792,3803206,0,0,131390,3396664,122093,2143180,133740,5539844,
All CA and Non-CA Counties,2021-02-20,152439,7813731,98576,3956662,53863,3857069,0,0,83687,3413850,68546,2211726,85732,5625576,
All CA and Non-CA Counties,2021-02-21,69719,7883450,56220,4012882,13499,3870568,0,0,34513,3414700,35048,2246774,35898,5661474,
All CA and Non-CA Counties,2021-02-22,163584,8047034,109811,4122693,53773,3924341,0,0,82959,3419072,80357,2327131,84729,5746203,
All CA and Non-CA Counties,2021-02-23,223724,8270758,118107,4240800,105617,4029958,0,0,104199,3410306,119057,2446188,110291,5856494,
All CA and Non-CA Counties,2021-02-24,283770,8554528,143267,4384067,140503,4170461,0,0,135994,3406810,147271,2593459,143775,6000269,
All CA and Non-CA Counties,2021-02-25,317005,8871533,155778,4539845,161227,4331688,0,0,165503,3430202,150947,2744406,174339,6174608,
All CA and Non-CA Counties,2021-02-26,351633,9223166,164700,4704545,186933,4518621,0,0,195859,3478683,154927,2899333,203408,6378016,
All CA and Non-CA Counties,2021-02-27,248232,9471398,118228,4822773,129997,4648618,7,7,139276,3514174,108454,3007787,143945,6521961,
All CA and Non-CA Counties,2021-02-28,130546,9601944,78212,4900985,52333,4700951,1,8,76936,3540737,53337,3061124,79900,6601861,
All CA and Non-CA Counties,2021-03-01,236863,9838807,126069,5027054,110777,4811728,17,25,135887,3580352,100453,3161577,140068,6741929,
All CA and Non-CA Counties,2021-03-02,267711,10106518,129917,5156971,137785,4949513,9,34,160330,3640986,106967,3268544,167601,6909530,
All CA and Non-CA Counties,2021-03-03,313634,10420152,154293,5311264,159319,5108832,22,56,175157,3685699,137906,3406450,182619,7092149,
All CA and Non-CA Counties,2021-03-04,317470,10737622,160249,5471513,157150,5265982,71,127,184936,3745864,131933,3538383,192098,7284247,
All CA and Non-CA Counties,2021-03-05,297142,11034764,146642,5618155,149437,5415419,1063,1190,184325,3826475,112164,3650547,192775,7477022,
All CA and Non-CA Counties,2021-03-06,230278,11265042,119078,5737233,103634,5519053,7566,8756,143856,3896783,86084,3736631,156392,7633414,
All CA and Non-CA Counties,2021-03-07,121102,11386144,74555,5811788,42586,5561639,3961,12717,77061,3937758,43902,3780533,84877,7718291,
All CA and Non-CA Counties,2021-03-08,203994,11590138,98856,5910644,95574,5657213,9564,22281,133160,4014981,70544,3851077,147767,7866058,
All CA and Non-CA Counties,2021-03-09,254846,11844984,109839,6020483,129483,5786696,15524,37805,139609,4059514,114884,3965961,159417,8025475,
All CA and Non-CA Counties,2021-03-10,296273,12141257,146734,6167217,127608,5914304,21931,59736,159858,4109846,135913,4101874,186245,8211720,
All CA and Non-CA Counties,2021-03-11,349255,12490512,166806,6334023,152892,6067196,29557,89293,179657,4154800,168905,4270779,213859,8425579,
All CA and Non-CA Counties,2021-03-12,344887,12835399,155181,6489204,149088,6216284,40618,129911,167825,4191247,176507,4447286,212954,8638533,
All CA and Non-CA Counties,2021-03-13,241597,13076996,110369,6599573,102979,6319263,28249,158160,129501,4241853,111780,4559066,162386,8800919,
All CA and Non-CA Counties,2021-03-14,134718,13211714,75801,6675374,44267,6363530,14650,172810,73840,4272029,60687,4619753,90863,8891782,
All CA and Non-CA Counties,2021-03-15,285068,13496782,135665,6811039,129048,6492578,20355,193165,157198,4325958,127313,4747066,181242,9073024,
All CA and Non-CA Counties,2021-03-16,363334,13860116,172799,6983838,173427,6666005,17108,210273,214254,4412267,148454,4895520,234763,9307787,
All CA and Non-CA Counties,2021-03-17,366142,14226258,184854,7168692,163883,6829888,17405,227678,226540,4520069,138993,5034513,246795,9554582,
All CA and Non-CA Counties,2021-03-18,335719,14561977,173973,7342665,145758,6975646,15988,243666,200732,4604921,134198,5168711,219050,9773632,
All CA and Non-CA Counties,2021-03-19,345844,14907821,183683,7526348,144087,7119733,18074,261740,203305,4686544,141850,5310561,223473,9997105,
All CA and Non-CA Counties,2021-03-20,223967,15131788,112609,7638957,99541,7219274,11817,273557,148872,4774048,74649,5385210,162153,10159258,
All CA and Non-CA Counties,2021-03-21,139816,15271604,95784,7734741,36656,7255930,7376,280933,91809,4826963,47793,5433003,100708,10259966,
All CA and Non-CA Counties,2021-03-22,267482,15539086,156106,7890847,100639,7356569,10737,291670,179048,4932234,87884,5520887,193155,10453121,
All CA and Non-CA Counties,2021-03-23,350115,15889201,192958,8083805,146889,7503458,10268,301938,230181,5056621,119185,5640072,243572,10696693,
All CA and Non-CA Counties,2021-03-24,378316,16267517,217708,8301513,148768,7652226,11840,313778,229333,5153902,148101,5788173,245382,10942075,
All CA and Non-CA Counties,2021-03-25,400855,16668372,219844,8521357,167820,7820046,13191,326969,235859,5245948,163980,5952153,256026,11198101,
All CA and Non-CA Counties,2021-03-26,417679,17086051,222118,8743475,180492,8000538,15069,342038,235120,5324507,181619,6133772,260178,11458279,
All CA and Non-CA Counties,2021-03-27,296090,17382141,156101,8899576,129497,8130035,10492,352530,152529,5351730,142943,6276715,170166,11628445,
All CA and Non-CA Counties,2021-03-28,164137,17546278,104820,9004396,56106,8186141,3211,355741,90764,5375101,73126,6349841,96497,11724942,
All CA and Non-CA Counties,2021-03-29,295818,17842096,160098,9164494,127497,8313638,8223,363964,173639,5439459,121622,6471463,185980,11910922,
All CA and Non-CA Counties,2021-03-30,373608,18215704,191260,9355754,167809,8481447,14539,378503,234725,5554505,138346,6609809,253392,12164314,
All CA and Non-CA Counties,2021-03-31,377283,18592987,205700,9561454,152883,8634330,18700,397203,221827,5645914,154748,6764557,246157,12410471,
All CA and Non-CA Counties,2021-04-01,269104,18862091,143530,9704984,105490,8739820,20084,417287,149742,5704728,118904,6883461,177718,12588189,
Outside California,2020-12-15,7,7,7,7,0,0,0,0,7,7,0,0,7,7,Not in California
Outside California,2020-12-16,133,140,133,140,0,0,0,0,133,140,0,0,133,140,Not in California
Outside California,2020-12-17,1532,1672,1532,1672,0,0,0,0,1532,1672,0,0,1532,1672,Not in California
Outside California,2020-12-18,2397,4069,2393,4065,4,4,0,0,2396,4068,0,0,2396,4068,Not in California
Outside California,2020-12-19,1006,5075,1005,5070,1,5,0,0,1006,5074,0,0,1006,5074,Not in California
Outside California,2020-12-20,650,5725,649,5719,1,6,0,0,650,5724,0,0,650,5724,Not in California
Outside California,2020-12-21,2096,7821,2096,7815,0,6,0,0,2095,7819,0,0,2095,7819,Not in California
Outside California,2020-12-22,1958,9779,1925,9740,33,39,0,0,1958,9777,0,0,1958,9777,Not in California
Outside California,2020-12-23,1426,11205,1313,11053,113,152,0,0,1426,11203,0,0,1426,11203,Not in California
Outside California,2020-12-24,809,12014,615,11668,194,346,0,0,809,12012,0,0,809,12012,Not in California
Outside California,2020-12-25,33,12047,29,11697,4,350,0,0,33,12045,0,0,33,12045,Not in California
Outside California,2020-12-26,309,12356,204,11901,105,455,0,0,309,12354,0,0,309,12354,Not in California
Outside California,2020-12-27,190,12546,72,11973,118,573,0,0,190,12544,0,0,190,12544,Not in California
Outside California,2020-12-28,1400,13946,883,12856,517,1090,0,0,1400,13944,0,0,1400,13944,Not in California
Outside California,2020-12-29,1462,15408,938,13794,524,1614,0,0,1462,15406,0,0,1462,15406,Not in California
Outside California,2020-12-30,1858,17266,1197,14991,661,2275,0,0,1859,17265,0,0,1859,17265,Not in California
Outside California,2020-12-31,1069,18335,590,15581,479,2754,0,0,1070,18335,0,0,1070,18335,Not in California
Outside California,2021-01-01,105,18440,21,15602,84,2838,0,0,105,18440,0,0,105,18440,Not in California
Outside California,2021-01-02,241,18681,136,15738,105,2943,0,0,240,18679,1,1,240,18680,Not in California
Outside California,2021-01-03,177,18858,97,15835,80,3023,0,0,177,18856,0,1,177,18857,Not in California
Outside California,2021-01-04,1128,19986,504,16339,624,3647,0,0,1122,19977,1,2,1122,19979,Not in California
Outside California,2021-01-05,1450,21436,761,17100,689,4336,0,0,1312,21153,136,138,1312,21291,Not in California
Outside California,2021-01-06,2571,24007,1533,18633,1038,5374,0,0,1895,22366,683,821,1896,23187,Not in California
Outside California,2021-01-07,4101,28108,2520,21153,1581,6955,0,0,2463,23202,1637,2458,2473,25660,Not in California
Outside California,2021-01-08,4289,32397,2710,23863,1579,8534,0,0,2542,24015,1737,4195,2550,28210,Not in California
Outside California,2021-01-09,1341,33738,542,24405,799,9333,0,0,1011,24700,328,4523,1013,29223,Not in California
Outside California,2021-01-10,294,34032,179,24584,115,9448,0,0,173,24752,121,4644,173,29396,Not in California
Outside California,2021-01-11,3264,37296,1955,26539,1309,10757,0,0,1947,25382,1318,5962,1948,31344,Not in California
Outside California,2021-01-12,3810,41106,2268,28807,1542,12299,0,0,2321,26221,1484,7446,2323,33667,Not in California
Outside California,2021-01-13,3557,44663,1751,30558,1806,14105,0,0,2433,27530,1129,8575,2438,36105,Not in California
Outside California,2021-01-14,3713,48376,1241,31799,2472,16577,0,0,3100,30024,611,9186,3105,39210,Not in California
Outside California,2021-01-15,4093,52469,935,32734,3158,19735,0,0,3648,33236,442,9628,3654,42864,Not in California
Outside California,2021-01-16,2554,55023,343,33077,2211,21946,0,0,2393,35471,158,9786,2393,45257,Not in California
Outside California,2021-01-17,454,55477,143,33220,311,22257,0,0,398,35814,55,9841,398,45655,Not in California
Outside California,2021-01-18,1116,56593,750,33970,366,22623,0,0,644,35988,471,10312,645,46300,Not in California
Outside California,2021-01-19,3994,60587,1288,35258,2706,25329,0,0,3150,38295,844,11156,3151,49451,Not in California
Outside California,2021-01-20,4340,64927,1331,36589,3009,28338,0,0,3473,40906,864,12020,3475,52926,Not in California
Outside California,2021-01-21,4005,68932,978,37567,3027,31365,0,0,3486,43891,504,12524,3489,56415,Not in California
Outside California,2021-01-22,4559,73491,1007,38574,3552,34917,0,0,4155,47649,399,12923,4157,60572,Not in California
Outside California,2021-01-23,2245,75736,325,38899,1920,36837,0,0,2076,49557,168,13091,2076,62648,Not in California
Outside California,2021-01-24,710,76446,339,39238,371,37208,0,0,627,50101,83,13174,627,63275,Not in California
Outside California,2021-01-25,4437,80883,1939,41177,2498,39706,0,0,3606,52870,844,14018,3613,66888,Not in California
Outside California,2021-01-26,6151,87034,3161,44338,2990,42696,0,0,5351,57413,819,14837,5362,72250,Not in California
Outside California,2021-01-27,4998,92032,2970,47308,2028,44724,0,0,4456,61308,563,15400,4458,76708,Not in California
Outside California,2021-01-28,5112,97144,2969,50277,2143,46867,0,0,4681,65542,447,15847,4681,81389,Not in California
Outside California,2021-01-29,4604,101748,2943,53220,1661,48528,0,0,3899,68732,709,16556,3899,85288,Not in California
Outside California,2021-01-30,4179,105927,2504,55724,1675,50203,0,0,3965,72482,215,16771,3965,89253,Not in California
Outside California,2021-01-31,3444,109371,3157,58881,287,50490,0,0,3366,75774,77,16848,3369,92622,Not in California
Outside California,2021-02-01,5809,115180,2921,61802,2888,53378,0,0,5168,80305,639,17487,5170,97792,Not in California
Outside California,2021-02-02,7276,122456,2726,64528,4550,57928,0,0,6574,86191,692,18179,6578,104370,Not in California
Outside California,2021-02-03,7887,130343,2790,67318,5097,63025,0,0,7084,92485,792,18971,7086,111456,Not in California
Outside California,2021-02-04,7164,137507,2723,70041,4441,67466,0,0,6229,97797,920,19891,6232,117688,Not in California
Outside California,2021-02-05,6580,144087,2161,72202,4419,71885,0,0,5592,102398,991,20882,5592,123280,Not in California
Outside California,2021-02-06,4459,148546,2311,74513,2148,74033,0,0,4033,106016,417,21299,4035,127315,Not in California
Outside California,2021-02-07,2860,151406,2409,76922,451,74484,0,0,2784,108727,76,21375,2787,130102,Not in California
Outside California,2021-02-08,5800,157206,3760,80682,2040,76524,0,0,4730,112408,1052,22427,4733,134835,Not in California
Outside California,2021-02-09,4760,161966,2288,82970,2472,78996,0,0,3458,114593,1287,23714,3472,138307,Not in California
Outside California,2021-02-10,5896,167862,2183,85153,3713,82709,0,0,3555,115864,2333,26047,3604,141911,Not in California
Outside California,2021-02-11,4786,172648,2071,87224,2715,85424,0,0,3634,118374,1143,27190,3653,145564,Not in California
Outside California,2021-02-12,4598,177246,1602,88826,2996,88420,0,0,2967,119727,1622,28812,2975,148539,Not in California
Outside California,2021-02-13,2269,179515,627,89453,1642,90062,0,0,1811,121100,449,29261,1822,150361,Not in California
Outside California,2021-02-14,1458,180973,464,89917,994,91056,0,0,1181,122044,273,29534,1217,151578,Not in California
Outside California,2021-02-15,2510,183483,1555,91472,955,92011,0,0,1155,121899,1338,30872,1193,152771,Not in California
Outside California,2021-02-16,6303,189786,2851,94323,3452,95463,0,0,2512,120642,3784,34656,2527,155298,Not in California
Outside California,2021-02-17,5780,195566,2858,97181,2922,98385,0,0,1749,118374,4023,38679,1755,157053,Not in California
Outside California,2021-02-18,6093,201659,3566,100747,2527,100912,0,0,1856,116013,4224,42903,1863,158916,Not in California
Outside California,2021-02-19,5163,206822,3539,104286,1624,102536,0,0,1942,114741,3218,46121,1946,160862,Not in California
Outside California,2021-02-20,3201,210023,2686,106972,515,103051,0,0,1152,113848,2047,48168,1154,162016,Not in California
Outside California,2021-02-21,1790,211813,1583,108555,207,103258,0,0,603,113267,1184,49352,603,162619,Not in California
Outside California,2021-02-22,2735,214548,1916,110471,819,104077,0,0,982,112503,1753,51105,989,163608,Not in California
Outside California,2021-02-23,5058,219606,2509,112980,2549,106626,0,0,1568,110595,3486,54591,1578,165186,Not in California
Outside California,2021-02-24,5319,224925,2633,115613,2686,109312,0,0,1565,108418,3748,58339,1571,166757,Not in California
Outside California,2021-02-25,5809,230734,2539,118152,3270,112582,0,0,2134,106905,3656,61995,2143,168900,Not in California
Outside California,2021-02-26,6087,236821,3068,121220,3019,115601,0,0,2551,106005,3456,65451,2556,171456,Not in California
Outside California,2021-02-27,4588,241409,2300,123520,2287,117888,1,1,1285,104006,3288,68739,1289,172745,Not in California
Outside California,2021-02-28,2693,244102,2060,125580,633,118521,0,1,1067,103450,1625,70364,1069,173814,Not in California
Outside California,2021-03-01,4595,248697,3048,128628,1547,120068,0,1,1228,101333,3357,73721,1240,175054,Not in California
Outside California,2021-03-02,6124,254821,2062,130690,4062,124130,0,1,1795,98887,4332,78053,1886,176940,Not in California
Outside California,2021-03-03,6907,261728,2324,133014,4582,128712,1,2,1848,95688,5057,83110,1858,178798,Not in California
Outside California,2021-03-04,6219,267947,2440,135454,3778,132490,1,3,2037,93580,4166,87276,2058,180856,Not in California
Outside California,2021-03-05,4321,272268,1880,137334,2425,134915,16,19,2151,93588,2173,89449,2181,183037,Not in California
Outside California,2021-03-06,4107,276375,1778,139112,2196,137111,133,152,2006,93709,2097,91546,2218,185255,Not in California
Outside California,2021-03-07,1604,277979,1029,140141,523,137634,52,204,981,94144,623,92169,1058,186313,Not in California
Outside California,2021-03-08,2710,280689,1626,141767,873,138507,211,415,1987,95650,694,92863,2200,188513,Not in California
Outside California,2021-03-09,3693,284382,1567,143334,1841,140348,285,700,2083,96434,1606,94469,2390,190903,Not in California
Outside California,2021-03-10,3768,288150,1587,144921,1702,142050,479,1179,2175,97556,1586,96055,2708,193611,Not in California
Outside California,2021-03-11,5609,293759,2665,147586,2246,144296,698,1877,2909,98506,2699,98754,3649,197260,Not in California
Outside California,2021-03-12,5167,298926,2735,150321,1662,145958,770,2647,2831,99875,2330,101084,3699,200959,Not in California
Outside California,2021-03-13,3086,302012,1724,152045,826,146784,536,3183,2019,101372,1063,102147,2560,203519,Not in California
Outside California,2021-03-14,1762,303774,963,153008,452,147236,347,3530,1103,102173,659,102806,1460,204979,Not in California
Outside California,2021-03-15,3665,307439,1619,154627,1632,148868,414,3944,2251,103484,1408,104214,2719,207698,Not in California
Outside California,2021-03-16,6535,313974,3187,157814,2946,151814,402,4346,3853,105103,2679,106893,4298,211996,Not in California
Outside California,2021-03-17,6840,320814,3671,161485,2744,154558,425,4771,4194,107098,2642,109535,4637,216633,Not in California
Outside California,2021-03-18,6441,327255,3480,164965,2430,156988,531,5302,4042,109334,2390,111925,4626,221259,Not in California
Outside California,2021-03-19,5924,333179,3292,168257,2092,159080,540,5842,3748,111536,2171,114096,4373,225632,Not in California
Outside California,2021-03-20,3321,336500,2132,170389,1086,160166,103,5945,2734,113797,579,114675,2840,228472,Not in California
Outside California,2021-03-21,1832,338332,1263,171652,470,160636,99,6044,1415,114898,416,115091,1517,229989,Not in California
Outside California,2021-03-22,3131,341463,1740,173392,1280,161916,111,6155,2104,116093,1022,116113,2217,232206,Not in California
Outside California,2021-03-23,6148,347611,3030,176422,2854,164770,264,6419,4374,118974,1762,117875,4643,236849,Not in California
Outside California,2021-03-24,6988,354599,3355,179777,3194,167964,439,6858,5350,123143,1626,119501,5795,242644,Not in California
Outside California,2021-03-25,7880,362479,3384,183161,3957,171921,539,7397,5981,127795,1885,121386,6537,249181,Not in California
Outside California,2021-03-26,6560,369039,3394,186555,2964,174885,202,7599,4660,130806,1882,123268,4893,254074,Not in California
Outside California,2021-03-27,4566,373605,2647,189202,1853,176738,66,7665,3150,132643,1408,124676,3245,257319,Not in California
Outside California,2021-03-28,2591,376196,1335,190537,1186,177924,70,7735,1676,133491,909,125585,1757,259076,Not in California
Outside California,2021-03-29,4635,380831,2049,192586,2307,180231,279,8014,2938,135038,1693,127278,3240,262316,Not in California
Outside California,2021-03-30,6322,387153,3221,195807,2612,182843,489,8503,4103,137628,2202,129480,4792,267108,Not in California
Outside California,2021-03-31,5609,392762,3207,199014,1741,184584,661,9164,3365,139503,2236,131716,4111,271219,Not in California
Outside California,2021-04-01,3160,395922,1502,200516,1376,185960,282,9446,1871,140435,1283,132999,2215,273434,Not in California
Unknown,2020-12-17,37,37,37,37,0,0,0,0,1,1,0,0,1,1,Not in California
Unknown,2020-12-18,52,89,52,89,0,0,0,0,2,3,0,0,2,3,Not in California
Unknown,2020-12-21,41,130,41,130,0,0,0,0,0,3,0,0,0,3,Not in California
Unknown,2020-12-26,1,131,1,131,0,0,0,0,1,4,0,0,1,4,Not in California
Unknown,2020-12-28,3,134,3,134,0,0,0,0,3,7,0,0,3,7,Not in California
Unknown,2020-12-29,3,137,3,137,0,0,0,0,3,10,0,0,3,10,Not in California
Unknown,2020-12-30,55,192,55,192,0,0,0,0,55,65,0,0,55,65,Not in California
Unknown,2020-12-31,2,194,0,192,2,2,0,0,0,65,0,0,0,65,Not in California
Unknown,2021-01-02,2,196,0,192,2,4,0,0,2,67,0,0,2,67,Not in California
Unknown,2021-01-03,1,197,0,192,1,5,0,0,1,68,0,0,1,68,Not in California
Unknown,2021-01-04,3,200,2,194,1,6,0,0,3,71,0,0,3,71,Not in California
Unknown,2021-01-05,4,204,0,194,4,10,0,0,4,75,0,0,4,75,Not in California
Unknown,2021-01-06,7,211,3,197,4,14,0,0,7,82,0,0,7,82,Not in California
Unknown,2021-01-07,70,281,68,265,2,16,0,0,70,152,0,0,70,152,Not in California
Unknown,2021-01-09,4,285,2,267,2,18,0,0,5,157,0,0,5,157,Not in California
Unknown,2021-01-10,1,286,0,267,1,19,0,0,1,158,0,0,1,158,Not in California
Unknown,2021-01-11,19,305,19,286,0,19,0,0,19,177,0,0,19,177,Not in California
Unknown,2021-01-12,9,314,8,294,1,20,0,0,8,185,1,1,9,186,Not in California
Unknown,2021-01-13,11,325,11,305,0,20,0,0,12,197,0,1,12,198,Not in California
Unknown,2021-01-14,2,327,2,307,0,20,0,0,2,199,0,1,2,200,Not in California
Unknown,2021-01-15,4,331,3,310,1,21,0,0,5,204,0,1,5,205,Not in California
Unknown,2021-01-16,8,339,8,318,0,21,0,0,7,210,1,2,7,212,Not in California
Unknown,2021-01-17,3,342,3,321,0,21,0,0,3,213,0,2,3,215,Not in California
Unknown,2021-01-18,58,400,58,379,0,21,0,0,56,267,2,4,56,271,Not in California
Unknown,2021-01-19,25,425,25,404,0,21,0,0,23,289,1,5,23,294,Not in California
Unknown,2021-01-20,80,505,80,484,0,21,0,0,28,265,52,57,28,322,Not in California
Unknown,2021-01-21,61,566,58,542,3,24,0,0,63,328,0,57,63,385,Not in California
Unknown,2021-01-22,43,609,37,579,6,30,0,0,42,370,0,57,42,427,Not in California
Unknown,2021-01-23,13,622,7,586,6,36,0,0,13,383,0,57,13,440,Not in California
Unknown,2021-01-24,2,624,2,588,0,36,0,0,3,386,0,57,3,443,Not in California
Unknown,2021-01-25,20,644,18,606,2,38,0,0,18,402,2,59,18,461,Not in California
Unknown,2021-01-26,96,740,96,702,0,38,0,0,98,500,1,60,99,560,Not in California
Unknown,2021-01-27,19,759,19,721,0,38,0,0,18,517,1,61,18,578,Not in California
Unknown,2021-01-28,166,925,163,884,3,41,0,0,111,568,60,121,111,689,Not in California
Unknown,2021-01-29,163,1088,162,1046,1,42,0,0,167,733,2,123,167,856,Not in California
Unknown,2021-01-30,13,1101,9,1055,4,46,0,0,15,746,2,125,15,871,Not in California
Unknown,2021-01-31,20,1121,19,1074,1,47,0,0,19,763,2,127,19,890,Not in California
Unknown,2021-02-01,37,1158,36,1110,1,48,0,0,22,768,17,144,22,912,Not in California
Unknown,2021-02-02,75,1233,74,1184,1,49,0,0,68,830,6,150,68,980,Not in California
Unknown,2021-02-03,54,1287,51,1235,3,52,0,0,43,861,12,162,43,1023,Not in California
Unknown,2021-02-04,70,1357,63,1298,7,59,0,0,67,921,7,169,67,1090,Not in California
Unknown,2021-02-05,15,1372,9,1307,6,65,0,0,14,929,6,175,14,1104,Not in California
Unknown,2021-02-06,18,1390,14,1321,4,69,0,0,15,938,6,181,15,1119,Not in California
Unknown,2021-02-07,12,1402,10,1331,2,71,0,0,8,942,4,185,8,1127,Not in California
Unknown,2021-02-08,60,1462,57,1388,3,74,0,0,20,919,43,228,20,1147,Not in California
Unknown,2021-02-09,21,1483,20,1408,1,75,0,0,5,908,16,244,5,1152,Not in California
Unknown,2021-02-10,40,1523,35,1443,5,80,0,0,14,896,26,270,14,1166,Not in California
Unknown,2021-02-11,100,1623,97,1540,3,83,0,0,50,894,52,322,50,1216,Not in California
Unknown,2021-02-12,50,1673,40,1580,10,93,0,0,21,881,34,356,21,1237,Not in California
Unknown,2021-02-13,12,1685,4,1584,8,101,0,0,15,895,1,357,15,1252,Not in California
Unknown,2021-02-14,8,1693,1,1585,7,108,0,0,6,900,1,358,6,1258,Not in California
Unknown,2021-02-15,46,1739,39,1624,7,115,0,0,33,921,12,370,33,1291,Not in California
Unknown,2021-02-16,124,1863,115,1739,9,124,0,0,44,884,81,451,44,1335,Not in California
Unknown,2021-02-17,13,1876,11,1750,2,126,0,0,8,887,5,456,8,1343,Not in California
Unknown,2021-02-18,118,1994,112,1862,6,132,0,0,24,818,93,549,24,1367,Not in California
Unknown,2021-02-19,216,2210,211,2073,5,137,0,0,67,733,152,701,67,1434,Not in California
Unknown,2021-02-20,17,2227,6,2079,11,148,0,0,11,740,4,705,11,1445,Not in California
Unknown,2021-02-21,20,2247,20,2099,0,148,0,0,10,737,13,718,10,1455,Not in California
Unknown,2021-02-22,10,2257,10,2109,0,148,0,0,8,742,3,721,8,1463,Not in California
Unknown,2021-02-23,71,2328,59,2168,12,160,0,0,21,712,51,772,21,1484,Not in California
Unknown,2021-02-24,56,2384,48,2216,8,168,0,0,26,705,33,805,26,1510,Not in California
Unknown,2021-02-25,83,2467,69,2285,14,182,0,0,31,684,52,857,31,1541,Not in California
Unknown,2021-02-26,44,2511,23,2308,21,203,0,0,32,703,13,870,32,1573,Not in California
Unknown,2021-02-27,26,2537,13,2321,13,216,0,0,19,714,8,878,19,1592,Not in California
Unknown,2021-02-28,40,2577,23,2344,17,233,0,0,32,742,5,883,33,1625,Not in California
Unknown,2021-03-01,53,2630,33,2377,20,253,0,0,34,757,19,902,34,1659,Not in California
Unknown,2021-03-02,21,2651,6,2383,15,268,0,0,15,766,6,908,15,1674,Not in California
Unknown,2021-03-03,19,2670,10,2393,9,277,0,0,27,790,3,911,27,1701,Not in California
Unknown,2021-03-04,57,2727,54,2447,3,280,0,0,26,784,32,943,26,1727,Not in California
Unknown,2021-03-05,179,2906,62,2509,117,397,0,0,177,954,7,950,177,1904,Not in California
Unknown,2021-03-06,203,3109,44,2553,120,517,39,39,154,1099,49,999,194,2098,Not in California
Unknown,2021-03-07,73,3182,31,2584,28,545,14,53,56,1152,17,1016,70,2168,Not in California
Unknown,2021-03-08,226,3408,97,2681,80,625,49,102,150,1273,77,1093,198,2366,Not in California
Unknown,2021-03-09,179,3587,115,2796,9,634,55,157,90,1329,89,1182,145,2511,Not in California
Unknown,2021-03-10,175,3762,118,2914,4,638,53,210,113,1436,60,1242,167,2678,Not in California
Unknown,2021-03-11,153,3915,76,2990,12,650,65,275,80,1508,73,1315,145,2823,Not in California
Unknown,2021-03-12,119,4034,66,3056,23,673,30,305,51,1523,68,1383,83,2906,Not in California
Unknown,2021-03-13,106,4140,31,3087,23,696,52,357,45,1560,60,1443,97,3003,Not in California
Unknown,2021-03-14,120,4260,60,3147,35,731,25,382,82,1629,38,1481,107,3110,Not in California
Unknown,2021-03-15,264,4524,153,3300,91,822,20,402,226,1837,38,1519,246,3356,Not in California
Unknown,2021-03-16,310,4834,198,3498,108,930,4,406,280,2091,30,1549,284,3640,Not in California
Unknown,2021-03-17,251,5085,155,3653,93,1023,3,409,238,2319,13,1562,241,3881,Not in California
Unknown,2021-03-18,178,5263,77,3730,99,1122,2,411,163,2470,14,1576,165,4046,Not in California
Unknown,2021-03-19,150,5413,86,3816,63,1185,1,412,143,2608,6,1582,144,4190,Not in California
Unknown,2021-03-20,152,5565,76,3892,76,1261,0,412,137,2731,14,1596,137,4327,Not in California
Unknown,2021-03-21,170,5735,94,3986,64,1325,12,424,152,2877,18,1614,164,4491,Not in California
Unknown,2021-03-22,232,5967,145,4131,80,1405,7,431,207,3069,25,1639,217,4708,Not in California
Unknown,2021-03-23,230,6197,156,4287,73,1478,1,432,218,3276,12,1651,219,4927,Not in California
Unknown,2021-03-24,287,6484,186,4473,98,1576,3,435,266,3524,21,1672,269,5196,Not in California
Unknown,2021-03-25,300,6784,177,4650,116,1692,7,442,278,3788,22,1694,286,5482,Not in California
Unknown,2021-03-26,322,7106,191,4841,125,1817,6,448,262,3997,59,1753,268,5750,Not in California
Unknown,2021-03-27,274,7380,144,4985,127,1944,3,451,231,4190,43,1796,236,5986,Not in California
Unknown,2021-03-28,320,7700,195,5180,120,2064,5,456,278,4432,41,1837,283,6269,Not in California
Unknown,2021-03-29,396,8096,245,5425,147,2211,4,460,327,4699,69,1906,336,6605,Not in California
Unknown,2021-03-30,397,8493,236,5661,154,2365,7,467,320,4954,77,1983,332,6937,Not in California
Unknown,2021-03-31,475,8968,299,5960,170,2535,6,473,393,5271,82,2065,399,7336,Not in California
Alameda,2020-12-15,36,36,36,36,0,0,0,0,36,36,0,0,36,36,California
Alameda,2020-12-16,201,237,201,237,0,0,0,0,201,237,0,0,201,237,California
Alameda,2020-12-17,445,682,445,682,0,0,0,0,445,682,0,0,445,682,California
Alameda,2020-12-18,1792,2474,1791,2473,1,1,0,0,1792,2474,0,0,1792,2474,California
Alameda,2020-12-19,1462,3936,1462,3935,0,1,0,0,1463,3937,0,0,1463,3937,California
Alameda,2020-12-20,1179,5115,1178,5113,1,2,0,0,1178,5114,1,1,1178,5115,California
Alameda,2020-12-21,1847,6962,1846,6959,1,3,0,0,1846,6960,0,1,1846,6961,California
Alameda,2020-12-22,2082,9044,2031,8990,51,54,0,0,2082,9042,0,1,2082,9043,California
Alameda,2020-12-23,1895,10939,1639,10629,256,310,0,0,1895,10937,0,1,1895,10938,California
Alameda,2020-12-24,1215,12154,757,11386,458,768,0,0,1215,12152,0,1,1215,12153,California
Alameda,2020-12-25,160,12314,124,11510,36,804,0,0,160,12312,0,1,160,12313,California
Alameda,2020-12-26,854,13168,312,11822,542,1346,0,0,854,13166,0,1,854,13167,California
Alameda,2020-12-27,499,13667,256,12078,243,1589,0,0,499,13665,0,1,499,13666,California
Alameda,2020-12-28,1855,15522,929,13007,926,2515,0,0,1855,15520,0,1,1855,15521,California
Alameda,2020-12-29,2421,17943,1022,14029,1399,3914,0,0,2420,17940,0,1,2420,17941,California
Alameda,2020-12-30,3103,21046,1338,15367,1765,5679,0,0,3103,21043,0,1,3103,21044,California
Alameda,2020-12-31,1781,22827,436,15803,1345,7024,0,0,1781,22824,0,1,1781,22825,California
Alameda,2021-01-01,167,22994,68,15871,99,7123,0,0,167,22991,0,1,167,22992,California
Alameda,2021-01-02,714,23708,518,16389,196,7319,0,0,713,23704,0,1,713,23705,California
Alameda,2021-01-03,339,24047,218,16607,121,7440,0,0,336,24037,3,4,336,24041,California
Alameda,2021-01-04,1645,25692,942,17549,703,8143,0,0,1633,25659,11,15,1633,25674,California
Alameda,2021-01-05,2192,27884,1257,18806,935,9078,0,0,1954,27377,236,251,1954,27628,California
Alameda,2021-01-06,3245,31129,1782,20588,1463,10541,0,0,2415,28965,828,1079,2416,30044,California
Alameda,2021-01-07,3752,34881,2111,22699,1641,12182,0,0,2630,30489,1113,2192,2637,32681,California
Alameda,2021-01-08,4731,39612,2702,25401,2029,14211,0,0,3099,31964,1627,3819,3102,35783,California
Alameda,2021-01-09,2032,41644,1390,26791,642,14853,0,0,1174,32280,859,4678,1175,36958,California
Alameda,2021-01-10,1033,42677,815,27606,218,15071,0,0,422,32090,612,5290,422,37380,California
Alameda,2021-01-11,4470,47147,3338,30944,1132,16203,0,0,2785,33196,1685,6975,2791,40171,California
Alameda,2021-01-12,4751,51898,3188,34132,1563,17766,0,0,3391,35231,1360,8335,3395,43566,California
Alameda,2021-01-13,5004,56902,2647,36779,2357,20123,0,0,3831,37899,1169,9504,3837,47403,California
Alameda,2021-01-14,5589,62491,2724,39503,2865,22988,0,0,4717,41756,863,10367,4720,52123,California
Alameda,2021-01-15,5814,68305,2408,41911,3406,26394,0,0,4999,45951,808,11175,5003,57126,California
Alameda,2021-01-16,3120,71425,1477,43388,1643,28037,0,0,2815,48461,305,11480,2815,59941,California
Alameda,2021-01-17,1870,73295,1076,44464,794,28831,0,0,1664,49919,206,11686,1664,61605,California
Alameda,2021-01-18,3235,76530,2090,46554,1145,29976,0,0,2617,51927,614,12300,2622,64227,California
Alameda,2021-01-19,5512,82042,3338,49892,2174,32150,0,0,4322,55068,1188,13488,4329,68556,California
Alameda,2021-01-20,6595,88637,4025,53917,2570,34720,0,0,5304,59097,1279,14767,5308,73864,California
Alameda,2021-01-21,7679,96316,3377,57294,4302,39022,0,0,6868,65162,805,15572,6870,80734,California
Alameda,2021-01-22,6902,103218,2047,59341,4855,43877,0,0,5743,69755,1152,16724,5745,86479,California
Alameda,2021-01-23,3269,106487,940,60281,2329,46206,0,0,2718,71925,550,17274,2720,89199,California
Alameda,2021-01-24,2080,108567,678,60959,1402,47608,0,0,1785,73419,291,17565,1785,90984,California
Alameda,2021-01-25,5162,113729,1959,62918,3203,50811,0,0,3607,75483,1549,19114,3613,94597,California
Alameda,2021-01-26,7213,120942,2272,65190,4941,55752,0,0,5348,78976,1855,20969,5348,99945,California
Alameda,2021-01-27,6644,127586,2052,67242,4592,60344,0,0,4820,81982,1814,22783,4820,104765,California
Alameda,2021-01-28,7817,135403,2494,69736,5323,65667,0,0,5617,85418,2182,24965,5618,110383,California
Alameda,2021-01-29,7817,143220,3103,72839,4714,70381,0,0,6052,89716,1754,26719,6052,116435,California
Alameda,2021-01-30,3240,146460,1501,74340,1739,72120,0,0,2699,91878,538,27257,2700,119135,California
Alameda,2021-01-31,2138,148598,1196,75536,942,73062,0,0,1665,93087,457,27714,1666,120801,California
Alameda,2021-02-01,5920,154518,3333,78869,2587,75649,0,0,4300,95776,1613,29327,4302,125103,California
Alameda,2021-02-02,7419,161937,4223,83092,3196,78845,0,0,4647,97659,2764,32091,4647,129750,California
Alameda,2021-02-03,7056,168993,3732,86824,3324,82169,0,0,4386,99382,2666,34757,4389,134139,California
Alameda,2021-02-04,9451,178444,4123,90947,5328,87497,0,0,6426,102802,3009,37766,6429,140568,California
Alameda,2021-02-05,10308,188752,5379,96326,4929,92426,0,0,6452,105410,3848,41614,6456,147024,California
Alameda,2021-02-06,7003,195755,4430,100756,2573,94999,0,0,5886,110178,1119,42733,5887,152911,California
Alameda,2021-02-07,3575,199330,2888,103644,687,95686,0,0,2646,111899,926,43659,2647,155558,California
Alameda,2021-02-08,8075,207405,5771,109415,2304,97990,0,0,5544,114924,2520,46179,5545,161103,California
Alameda,2021-02-09,9677,217082,5847,115262,3830,101820,0,0,6045,117344,3626,49805,6046,167149,California
Alameda,2021-02-10,11419,228501,6770,122032,4649,106469,0,0,6613,119173,4790,54595,6619,173768,California
Alameda,2021-02-11,13816,242317,7878,129910,5938,112407,0,0,8373,122120,5430,60025,8377,182145,California
Alameda,2021-02-12,12451,254768,5661,135571,6790,119197,0,0,7706,125091,4736,64761,7707,189852,California
Alameda,2021-02-13,7782,262550,4047,139618,3735,122932,0,0,5831,128976,1949,66710,5834,195686,California
Alameda,2021-02-14,4029,266579,2540,142158,1489,124421,0,0,2871,130694,1155,67865,2873,198559,California
Alameda,2021-02-15,5680,272259,3213,145371,2467,126888,0,0,3687,132391,1991,69856,3688,202247,California
Alameda,2021-02-16,12452,284711,6908,152279,5544,132432,0,0,9284,138518,3160,73016,9287,211534,California
Alameda,2021-02-17,14041,298752,8298,160577,5743,138175,0,0,10441,145377,3583,76599,10442,221976,California
Alameda,2021-02-18,15737,314489,9980,170557,5757,143932,0,0,11438,152520,4296,80895,11439,233415,California
Alameda,2021-02-19,17441,331930,11330,181887,6111,150043,0,0,11597,158286,5831,86726,11597,245012,California
Alameda,2021-02-20,11748,343678,9506,191393,2242,152285,0,0,9055,164652,2691,89417,9057,254069,California
Alameda,2021-02-21,6113,349791,5185,196578,928,153213,0,0,3682,165910,2424,91841,3682,257751,California
Alameda,2021-02-22,10614,360405,7830,204408,2784,155997,0,0,6724,168768,3876,95717,6734,264485,California
Alameda,2021-02-23,12656,373061,7677,212085,4979,160976,0,0,7882,171889,4768,100485,7889,272374,California
Alameda,2021-02-24,14551,387612,8155,220240,6396,167372,0,0,9452,176269,5078,105563,9458,281832,California
Alameda,2021-02-25,15473,403085,9056,229296,6417,173789,0,0,9833,180501,5612,111175,9844,291676,California
Alameda,2021-02-26,17984,421069,10576,239872,7408,181197,0,0,11639,185843,6302,117477,11644,303320,California
Alameda,2021-02-27,14636,435705,10765,250637,3871,185068,0,0,9065,189362,5549,123026,9068,312388,California
Alameda,2021-02-28,9131,444836,7700,258337,1431,186499,0,0,6078,192408,3034,126060,6080,318468,California
Alameda,2021-03-01,13141,457977,9141,267478,4000,190499,0,0,8157,195621,4947,131007,8160,326628,California
Alameda,2021-03-02,13593,471570,9479,276957,4114,194613,0,0,8753,199560,4822,135829,8761,335389,California
Alameda,2021-03-03,13968,485538,9082,286039,4886,199499,0,0,9436,204490,4507,140336,9437,344826,California
Alameda,2021-03-04,15439,500977,9690,295729,5749,205248,0,0,9510,208116,5896,146232,9522,354348,California
Alameda,2021-03-05,13977,514954,8753,304482,5220,210468,4,4,9384,212953,4560,150792,9397,363745,California
Alameda,2021-03-06,13368,528322,9636,314118,3481,213949,251,255,8823,217530,4509,155301,9086,372831,California
Alameda,2021-03-07,9281,537603,8064,322182,1140,215089,77,332,6577,221504,2682,157983,6656,379487,California
Alameda,2021-03-08,11362,548965,7042,329224,4021,219110,299,631,8560,227616,2756,160739,8868,388355,California
Alameda,2021-03-09,11139,560104,6803,336027,3903,223013,433,1064,6250,229446,4859,165598,6689,395044,California
Alameda,2021-03-10,16184,576288,10976,347003,4671,227684,537,1601,7283,228383,8883,174481,7820,402864,California
Alameda,2021-03-11,18940,595228,10974,357977,6507,234191,1459,3060,6509,223949,12407,186888,7973,410837,California
Alameda,2021-03-12,18906,614134,11110,369087,6528,240719,1268,4328,6644,219627,12242,199130,7920,418757,California
Alameda,2021-03-13,13728,627862,8781,377868,4004,244723,943,5271,4535,215948,9159,208289,5480,424237,California
Alameda,2021-03-14,10159,638021,7621,385489,1761,246484,777,6048,4509,215592,5638,213927,5282,429519,California
Alameda,2021-03-15,14383,652404,9336,394825,4521,251005,526,6574,6490,214741,7865,221792,7014,436533,California
Alameda,2021-03-16,17254,669658,11122,405947,5585,256590,547,7121,7707,213507,9492,231284,8258,444791,California
Alameda,2021-03-17,17017,686675,9640,415587,6715,263305,662,7783,8014,213211,8977,240261,8681,453472,California
Alameda,2021-03-18,15824,702499,8668,424255,6357,269662,799,8582,7126,212467,8675,248936,7931,461403,California
Alameda,2021-03-19,16432,718931,9042,433297,5995,275657,1395,9977,6602,210678,9796,258732,8007,469410,California
Alameda,2021-03-20,10824,729755,7213,440510,2955,278612,656,10633,4674,209882,6129,264861,5333,474743,California
Alameda,2021-03-21,8777,738532,6800,447310,1441,280053,536,11169,3718,209087,5050,269911,4255,478998,California
Alameda,2021-03-22,15063,753595,10096,457406,3989,284042,978,12147,7412,209859,7631,277542,8403,487401,California
Alameda,2021-03-23,19026,772621,11514,468920,6730,290772,782,12929,10751,213180,8239,285781,11560,498961,California
Alameda,2021-03-24,18783,791404,11375,480295,6451,297223,957,13886,8649,212985,10084,295865,9889,508850,California
Alameda,2021-03-25,20039,811443,11163,491458,7628,304851,1248,15134,9567,214098,10419,306284,11532,520382,California
Alameda,2021-03-26,20575,832018,12248,503706,6840,311691,1487,16621,8937,213798,11601,317885,11301,531683,California
Alameda,2021-03-27,17999,850017,12169,515875,4885,316576,945,17566,7728,212657,10226,328111,9085,540768,California
Alameda,2021-03-28,10453,860470,8439,524314,1811,318387,203,17769,3874,210230,6567,334678,4140,544908,California
Alameda,2021-03-29,14671,875141,9319,533633,4423,322810,929,18698,6446,209502,8193,342871,7465,552373,California
Alameda,2021-03-30,18323,893464,9723,543356,7085,329895,1515,20213,11039,214853,7264,350135,12615,564988,California
Alameda,2021-03-31,18391,911855,9886,553242,6508,336403,1997,22210,9227,217131,9146,359281,11424,576412,California
Alameda,2021-04-01,16964,928819,7229,560471,5696,342099,4039,26249,8243,221144,8702,367983,12715,589127,California
Alpine,2020-12-18,2,2,2,2,0,0,0,0,2,2,0,0,2,2,California
Alpine,2020-12-19,2,4,2,4,0,0,0,0,2,4,0,0,2,4,California
Alpine,2020-12-21,2,6,2,6,0,0,0,0,2,6,0,0,2,6,California
Alpine,2020-12-30,15,21,0,6,15,15,0,0,15,21,0,0,15,21,California
Alpine,2020-12-31,1,22,0,6,1,16,0,0,1,22,0,0,1,22,California
Alpine,2021-01-01,1,23,0,6,1,17,0,0,1,23,0,0,1,23,California
Alpine,2021-01-02,1,24,1,7,0,17,0,0,1,24,0,0,1,24,California
Alpine,2021-01-04,10,34,0,7,10,27,0,0,10,34,0,0,10,34,California
Alpine,2021-01-05,9,43,1,8,8,35,0,0,9,43,0,0,9,43,California
Alpine,2021-01-06,31,74,0,8,31,66,0,0,31,74,0,0,31,74,California
Alpine,2021-01-07,8,82,0,8,8,74,0,0,8,82,0,0,8,82,California
Alpine,2021-01-08,4,86,2,10,2,76,0,0,2,82,2,2,2,84,California
Alpine,2021-01-09,2,88,2,12,0,76,0,0,0,80,2,4,0,84,California
Alpine,2021-01-11,32,120,1,13,31,107,0,0,31,110,1,5,31,115,California
Alpine,2021-01-13,35,155,0,13,35,142,0,0,35,145,0,5,35,150,California
Alpine,2021-01-14,2,157,0,13,2,144,0,0,2,147,0,5,2,152,California
Alpine,2021-01-15,1,158,0,13,1,145,0,0,1,148,0,5,1,153,California
Alpine,2021-01-20,21,179,0,13,21,166,0,0,21,169,0,5,21,174,California
Alpine,2021-01-21,3,182,0,13,3,169,0,0,3,172,0,5,3,177,California
Alpine,2021-01-22,32,214,0,13,32,201,0,0,32,204,0,5,32,209,California
Alpine,2021-01-23,1,215,1,14,0,201,0,0,0,203,1,6,0,209,California
Alpine,2021-01-25,16,231,0,14,16,217,0,0,16,219,0,6,16,225,California
Alpine,2021-01-27,1,232,1,15,0,217,0,0,0,218,1,7,0,225,California
Alpine,2021-01-28,12,244,0,15,12,229,0,0,11,228,1,8,11,236,California
Alpine,2021-01-29,1,245,0,15,1,230,0,0,1,229,0,8,1,237,California
Alpine,2021-02-01,26,271,0,15,26,256,0,0,7,217,19,27,7,244,California
Alpine,2021-02-03,34,305,0,15,34,290,0,0,10,203,24,51,10,254,California
Alpine,2021-02-04,9,314,0,15,9,299,0,0,4,202,5,56,4,258,California
Alpine,2021-02-05,31,345,0,15,31,330,0,0,12,195,19,75,12,270,California
Alpine,2021-02-06,1,346,1,16,0,330,0,0,1,196,0,75,1,271,California
Alpine,2021-02-07,1,347,1,17,0,330,0,0,1,197,0,75,1,272,California
Alpine,2021-02-08,32,379,0,17,32,362,0,0,4,173,28,103,4,276,California
Alpine,2021-02-10,34,413,0,17,34,396,0,0,0,139,34,137,0,276,California
Alpine,2021-02-11,8,421,0,17,8,404,0,0,5,141,3,140,5,281,California
Alpine,2021-02-12,1,422,0,17,1,405,0,0,0,140,1,141,0,281,California
Alpine,2021-02-17,24,446,1,18,23,428,0,0,4,124,20,161,4,285,California
Alpine,2021-02-18,4,450,0,18,4,432,0,0,1,122,3,164,1,286,California
Alpine,2021-02-19,34,484,1,19,33,465,0,0,2,92,32,196,2,288,California
Alpine,2021-02-22,28,512,0,19,28,493,0,0,9,82,19,215,9,297,California
Alpine,2021-02-25,17,529,1,20,16,509,0,0,6,77,11,226,6,303,California
Alpine,2021-02-26,29,558,1,21,28,537,0,0,28,104,1,227,28,331,California
Alpine,2021-03-01,35,593,0,21,35,572,0,0,25,119,10,237,25,356,California
Alpine,2021-03-02,1,594,1,22,0,572,0,0,0,118,1,238,0,356,California
Alpine,2021-03-03,30,624,1,23,29,601,0,0,18,124,12,250,18,374,California
Alpine,2021-03-04,13,637,1,24,12,613,0,0,12,135,1,251,12,386,California
Alpine,2021-03-05,30,667,0,24,30,643,0,0,22,149,8,259,22,408,California
Alpine,2021-03-08,28,695,0,24,28,671,0,0,26,173,2,261,26,434,California
Alpine,2021-03-09,1,696,0,24,1,672,0,0,1,174,0,261,1,435,California
Alpine,2021-03-10,76,772,1,25,75,747,0,0,75,248,1,262,75,510,California
Alpine,2021-03-11,37,809,0,25,37,784,0,0,32,276,4,266,32,542,California
Alpine,2021-03-12,22,831,0,25,22,806,0,0,19,292,3,269,19,561,California
Alpine,2021-03-15,20,851,0,25,20,826,0,0,19,310,1,270,19,580,California
Alpine,2021-03-17,22,873,0,25,21,847,1,1,18,325,4,274,19,599,California
Alpine,2021-03-18,38,911,1,26,37,884,0,1,36,359,2,276,36,635,California
Alpine,2021-03-19,3,914,2,28,1,885,0,1,2,360,1,277,2,637,California
Alpine,2021-03-22,25,939,0,28,25,910,0,1,15,365,10,287,15,652,California
Alpine,2021-03-24,19,958,0,28,19,929,0,1,9,364,10,297,9,661,California
Alpine,2021-03-25,39,997,1,29,37,966,1,2,32,390,7,304,33,694,California
Alpine,2021-03-29,19,1016,0,29,18,984,1,3,2,376,17,321,3,697,California
Alpine,2021-03-31,2,1018,1,30,1,985,0,3,1,376,1,322,1,698,California
Alpine,2021-04-01,16,1034,0,30,16,1001,0,3,8,376,8,330,8,706,California
Amador,2020-12-16,2,2,2,2,0,0,0,0,2,2,0,0,2,2,California
Amador,2020-12-17,5,7,5,7,0,0,0,0,5,7,0,0,5,7,California
Amador,2020-12-18,44,51,44,51,0,0,0,0,44,51,0,0,44,51,California
Amador,2020-12-19,17,68,17,68,0,0,0,0,17,68,0,0,17,68,California
Amador,2020-12-20,4,72,4,72,0,0,0,0,4,72,0,0,4,72,California
Amador,2020-12-21,33,105,33,105,0,0,0,0,33,105,0,0,33,105,California
Amador,2020-12-22,35,140,34,139,1,1,0,0,35,140,0,0,35,140,California
Amador,2020-12-23,39,179,38,177,1,2,0,0,39,179,0,0,39,179,California
Amador,2020-12-24,5,184,3,180,2,4,0,0,5,184,0,0,5,184,California
Amador,2020-12-26,6,190,5,185,1,5,0,0,6,190,0,0,6,190,California
Amador,2020-12-27,1,191,0,185,1,6,0,0,1,191,0,0,1,191,California
Amador,2020-12-28,31,222,27,212,4,10,0,0,31,222,0,0,31,222,California
Amador,2020-12-29,26,248,19,231,7,17,0,0,26,248,0,0,26,248,California
Amador,2020-12-30,121,369,75,306,46,63,0,0,121,369,0,0,121,369,California
Amador,2020-12-31,192,561,167,473,25,88,0,0,192,561,0,0,192,561,California
Amador,2021-01-01,1,562,0,473,1,89,0,0,1,562,0,0,1,562,California
Amador,2021-01-02,56,618,56,529,0,89,0,0,56,618,0,0,56,618,California
Amador,2021-01-03,65,683,17,546,48,137,0,0,65,683,0,0,65,683,California
Amador,2021-01-04,125,808,1,547,124,261,0,0,124,806,1,1,124,807,California
Amador,2021-01-05,33,841,3,550,30,291,0,0,32,837,1,2,32,839,California
Amador,2021-01-06,38,879,10,560,28,319,0,0,34,867,4,6,34,873,California
Amador,2021-01-07,226,1105,68,628,158,477,0,0,214,1069,12,18,214,1087,California
Amador,2021-01-08,84,1189,70,698,14,491,0,0,40,1066,44,62,41,1128,California
Amador,2021-01-09,11,1200,11,709,0,491,0,0,2,1059,9,71,2,1130,California
Amador,2021-01-10,7,1207,5,714,2,493,0,0,3,1058,4,75,3,1133,California
Amador,2021-01-11,124,1331,44,758,80,573,0,0,89,1112,35,110,89,1222,California
Amador,2021-01-12,62,1393,48,806,14,587,0,0,39,1128,23,133,39,1261,California
Amador,2021-01-13,39,1432,25,831,14,601,0,0,26,1141,13,146,26,1287,California
Amador,2021-01-14,146,1578,20,851,126,727,0,0,136,1267,10,156,136,1423,California
Amador,2021-01-15,56,1634,23,874,33,760,0,0,49,1309,7,163,49,1472,California
Amador,2021-01-16,19,1653,12,886,7,767,0,0,13,1317,6,169,14,1486,California
Amador,2021-01-17,25,1678,5,891,20,787,0,0,25,1342,0,169,25,1511,California
Amador,2021-01-18,31,1709,27,918,4,791,0,0,9,1329,22,191,9,1520,California
Amador,2021-01-19,120,1829,96,1014,24,815,0,0,77,1363,43,234,77,1597,California
Amador,2021-01-20,181,2010,32,1046,149,964,0,0,166,1515,14,248,166,1763,California
Amador,2021-01-21,252,2262,221,1267,31,995,0,0,143,1549,109,357,143,1906,California
Amador,2021-01-22,133,2395,71,1338,62,1057,0,0,127,1670,6,363,127,2033,California
Amador,2021-01-23,52,2447,32,1370,20,1077,0,0,50,1718,2,365,50,2083,California
Amador,2021-01-24,28,2475,12,1382,16,1093,0,0,25,1740,3,368,25,2108,California
Amador,2021-01-25,56,2531,28,1410,28,1121,0,0,39,1762,17,385,39,2147,California
Amador,2021-01-26,242,2773,16,1426,226,1347,0,0,232,1984,10,395,232,2379,California
Amador,2021-01-27,296,3069,29,1455,267,1614,0,0,249,2189,45,440,250,2629,California
Amador,2021-01-28,343,3412,73,1528,270,1884,0,0,282,2411,61,501,283,2912,California
Amador,2021-01-29,96,3508,30,1558,66,1950,0,0,81,2477,15,516,81,2993,California
Amador,2021-01-30,166,3674,32,1590,134,2084,0,0,161,2633,5,521,161,3154,California
Amador,2021-01-31,32,3706,28,1618,4,2088,0,0,31,2663,1,522,31,3185,California
Amador,2021-02-01,62,3768,23,1641,39,2127,0,0,35,2671,27,549,35,3220,California
Amador,2021-02-02,216,3984,65,1706,151,2278,0,0,128,2714,85,634,128,3348,California
Amador,2021-02-03,140,4124,37,1743,103,2381,0,0,91,2757,48,682,91,3439,California
Amador,2021-02-04,247,4371,70,1813,177,2558,0,0,163,2838,84,766,165,3604,California
Amador,2021-02-05,326,4697,60,1873,266,2824,0,0,311,3134,15,781,311,3915,California
Amador,2021-02-06,101,4798,81,1954,20,2844,0,0,97,3227,4,785,97,4012,California
Amador,2021-02-07,38,4836,35,1989,3,2847,0,0,35,3259,3,788,35,4047,California
Amador,2021-02-08,91,4927,63,2052,28,2875,0,0,73,3314,18,806,73,4120,California
Amador,2021-02-09,171,5098,82,2134,89,2964,0,0,108,3359,63,869,108,4228,California
Amador,2021-02-10,717,5815,77,2211,640,3604,0,0,685,4012,32,901,685,4913,California
Amador,2021-02-11,307,6122,120,2331,187,3791,0,0,202,4110,104,1005,202,5115,California
Amador,2021-02-12,325,6447,118,2449,207,3998,0,0,252,4289,73,1078,252,5367,California
Amador,2021-02-13,163,6610,78,2527,85,4083,0,0,137,4400,26,1104,137,5504,California
Amador,2021-02-14,123,6733,54,2581,69,4152,0,0,106,4489,17,1121,106,5610,California
Amador,2021-02-15,183,6916,60,2641,123,4275,0,0,166,4639,16,1137,166,5776,California
Amador,2021-02-16,408,7324,52,2693,356,4631,0,0,369,4970,39,1176,370,6146,California
Amador,2021-02-17,263,7587,83,2776,180,4811,0,0,167,5041,96,1272,167,6313,California
Amador,2021-02-18,400,7987,99,2875,301,5112,0,0,339,5320,61,1333,340,6653,California
Amador,2021-02-19,190,8177,73,2948,117,5229,0,0,108,5347,82,1415,109,6762,California
Amador,2021-02-20,91,8268,27,2975,64,5293,0,0,63,5382,28,1443,63,6825,California
Amador,2021-02-21,46,8314,35,3010,11,5304,0,0,17,5370,29,1472,17,6842,California
Amador,2021-02-22,64,8378,25,3035,39,5343,0,0,33,5373,30,1502,33,6875,California
Amador,2021-02-23,315,8693,57,3092,258,5601,0,0,139,5339,176,1678,142,7017,California
Amador,2021-02-24,394,9087,53,3145,341,5942,0,0,266,5481,124,1802,266,7283,California
Amador,2021-02-25,508,9595,108,3253,400,6342,0,0,279,5533,227,2029,279,7562,California
Amador,2021-02-26,601,10196,75,3328,526,6868,0,0,501,5936,99,2128,502,8064,California
Amador,2021-02-27,287,10483,92,3420,195,7063,0,0,100,5855,186,2314,105,8169,California
Amador,2021-02-28,101,10584,52,3472,49,7112,0,0,56,5869,45,2359,59,8228,California
Amador,2021-03-01,190,10774,70,3542,120,7232,0,0,125,5930,65,2424,126,8354,California
Amador,2021-03-02,385,11159,62,3604,323,7555,0,0,333,6213,52,2476,335,8689,California
Amador,2021-03-03,236,11395,78,3682,158,7713,0,0,162,6302,74,2550,163,8852,California
Amador,2021-03-04,484,11879,114,3796,370,8083,0,0,382,6584,102,2652,384,9236,California
Amador,2021-03-05,489,12368,63,3859,426,8509,0,0,279,6656,209,2861,281,9517,California
Amador,2021-03-06,89,12457,39,3898,49,8558,1,1,48,6664,41,2902,49,9566,California
Amador,2021-03-07,61,12518,44,3942,17,8575,0,1,18,6639,43,2945,18,9584,California
Amador,2021-03-08,146,12664,71,4013,74,8649,1,2,85,6665,61,3006,87,9671,California
Amador,2021-03-09,379,13043,46,4059,333,8982,0,2,318,6925,58,3064,318,9989,California
Amador,2021-03-10,514,13557,78,4137,435,9417,1,3,245,6903,269,3333,247,10236,California
Amador,2021-03-11,475,14032,115,4252,351,9768,9,12,330,7103,142,3475,342,10578,California
Amador,2021-03-12,551,14583,67,4319,478,10246,6,18,310,7210,240,3715,347,10925,California
Amador,2021-03-13,84,14667,13,4332,64,10310,7,25,28,7211,56,3771,57,10982,California
Amador,2021-03-14,64,14731,20,4352,42,10352,2,27,21,7192,43,3814,24,11006,California
Amador,2021-03-15,186,14917,22,4374,151,10503,13,40,56,7135,130,3944,73,11079,California
Amador,2021-03-16,460,15377,58,4432,394,10897,8,48,195,7076,262,4206,203,11282,California
Amador,2021-03-17,188,15565,38,4470,147,11044,3,51,116,7125,72,4278,121,11403,California
Amador,2021-03-18,452,16017,85,4555,364,11408,3,54,235,7153,216,4494,244,11647,California
Amador,2021-03-19,531,16548,47,4602,468,11876,16,70,391,7426,138,4632,411,12058,California
Amador,2021-03-20,78,16626,37,4639,41,11917,0,70,29,7408,48,4680,30,12088,California
Amador,2021-03-21,45,16671,35,4674,9,11926,1,71,27,7421,17,4697,30,12118,California
Amador,2021-03-22,117,16788,35,4709,53,11979,29,100,49,7432,67,4764,78,12196,California
Amador,2021-03-23,438,17226,49,4758,381,12360,8,108,280,7564,156,4920,288,12484,California
Amador,2021-03-24,341,17567,34,4792,54,12414,253,361,34,7543,306,5226,285,12769,California
Amador,2021-03-25,602,18169,84,4876,513,12927,5,366,390,7732,209,5435,398,13167,California
Amador,2021-03-26,734,18903,38,4914,690,13617,6,372,287,7591,446,5881,305,13472,California
Amador,2021-03-27,86,18989,14,4928,71,13688,1,373,27,7563,58,5939,30,13502,California
Amador,2021-03-28,67,19056,14,4942,51,13739,2,375,11,7520,56,5995,13,13515,California
Amador,2021-03-29,180,19236,27,4969,152,13891,1,376,79,7509,97,6092,86,13601,California
Amador,2021-03-30,161,19397,22,4991,139,14030,0,376,98,7544,63,6155,98,13699,California
Amador,2021-03-31,146,19543,56,5047,85,14115,5,381,42,7491,104,6259,51,13750,California
Amador,2021-04-01,95,19638,54,5101,41,14156,0,381,29,7464,65,6324,38,13788,California
Butte,2020-12-16,3,3,3,3,0,0,0,0,3,3,0,0,3,3,California
Butte,2020-12-17,20,23,20,23,0,0,0,0,20,23,0,0,20,23,California
Butte,2020-12-18,50,73,50,73,0,0,0,0,50,73,0,0,50,73,California
Butte,2020-12-19,7,80,7,80,0,0,0,0,7,80,0,0,7,80,California
Butte,2020-12-20,10,90,10,90,0,0,0,0,10,90,0,0,10,90,California
Butte,2020-12-21,633,723,633,723,0,0,0,0,633,723,0,0,633,723,California
Butte,2020-12-22,618,1341,616,1339,2,2,0,0,618,1341,0,0,618,1341,California
Butte,2020-12-23,870,2211,854,2193,16,18,0,0,870,2211,0,0,870,2211,California
Butte,2020-12-24,160,2371,157,2350,3,21,0,0,160,2371,0,0,160,2371,California
Butte,2020-12-26,93,2464,91,2441,2,23,0,0,93,2464,0,0,93,2464,California
Butte,2020-12-27,35,2499,34,2475,1,24,0,0,35,2499,0,0,35,2499,California
Butte,2020-12-28,280,2779,274,2749,6,30,0,0,280,2779,0,0,280,2779,California
Butte,2020-12-29,204,2983,180,2929,24,54,0,0,204,2983,0,0,204,2983,California
Butte,2020-12-30,498,3481,289,3218,209,263,0,0,498,3481,0,0,498,3481,California
Butte,2020-12-31,210,3691,18,3236,192,455,0,0,210,3691,0,0,210,3691,California
Butte,2021-01-01,7,3698,1,3237,6,461,0,0,7,3698,0,0,7,3698,California
Butte,2021-01-02,37,3735,36,3273,1,462,0,0,37,3735,0,0,37,3735,California
Butte,2021-01-03,4,3739,1,3274,3,465,0,0,4,3739,0,0,4,3739,California
Butte,2021-01-04,206,3945,173,3447,33,498,0,0,206,3945,0,0,206,3945,California
Butte,2021-01-05,194,4139,151,3598,43,541,0,0,193,4137,1,1,193,4138,California
Butte,2021-01-06,623,4762,396,3994,227,768,0,0,619,4752,4,5,619,4757,California
Butte,2021-01-07,761,5523,369,4363,392,1160,0,0,742,5475,19,24,742,5499,California
Butte,2021-01-08,570,6093,529,4892,41,1201,0,0,524,5953,46,70,524,6023,California
Butte,2021-01-09,12,6105,7,4899,5,1206,0,0,7,5955,5,75,7,6030,California
Butte,2021-01-10,19,6124,5,4904,14,1220,0,0,14,5964,5,80,14,6044,California
Butte,2021-01-11,987,7111,951,5855,36,1256,0,0,358,5696,629,709,361,6405,California
Butte,2021-01-12,697,7808,652,6507,45,1301,0,0,274,5547,423,1132,274,6679,California
Butte,2021-01-13,1446,9254,955,7462,491,1792,0,0,611,5325,835,1967,613,7292,California
Butte,2021-01-14,1637,10891,898,8360,739,2531,0,0,1440,6569,196,2163,1440,8732,California
Butte,2021-01-15,1169,12060,926,9286,243,2774,0,0,1059,7517,111,2274,1059,9791,California
Butte,2021-01-16,584,12644,300,9586,284,3058,0,0,539,8011,45,2319,539,10330,California
Butte,2021-01-17,239,12883,64,9650,175,3233,0,0,202,8176,37,2356,202,10532,California
Butte,2021-01-18,343,13226,302,9952,41,3274,0,0,275,8384,67,2423,275,10807,California
Butte,2021-01-19,489,13715,426,10378,63,3337,0,0,216,8330,273,2696,219,11026,California
Butte,2021-01-20,1346,15061,664,11042,682,4019,0,0,1046,9076,300,2996,1046,12072,California
Butte,2021-01-21,1475,16536,867,11909,608,4627,0,0,1369,10340,105,3101,1369,13441,California
Butte,2021-01-22,988,17524,333,12242,655,5282,0,0,935,11222,53,3154,935,14376,California
Butte,2021-01-23,123,17647,82,12324,41,5323,0,0,98,11295,25,3179,98,14474,California
Butte,2021-01-24,8,17655,6,12330,2,5325,0,0,8,11303,0,3179,8,14482,California
Butte,2021-01-25,650,18305,334,12664,316,5641,0,0,488,11629,162,3341,488,14970,California
Butte,2021-01-26,1459,19764,376,13040,1083,6724,0,0,1322,12815,137,3478,1323,16293,California
Butte,2021-01-27,2075,21839,704,13744,1371,8095,0,0,1360,13460,715,4193,1360,17653,California
Butte,2021-01-28,2255,24094,259,14003,1996,10091,0,0,1947,15100,307,4500,1947,19600,California
Butte,2021-01-29,1672,25766,487,14490,1185,11276,0,0,1292,16014,378,4878,1292,20892,California
Butte,2021-01-30,32,25798,10,14500,22,11298,0,0,29,16040,3,4881,29,20921,California
Butte,2021-01-31,16,25814,14,14514,2,11300,0,0,15,16054,1,4882,15,20936,California
Butte,2021-02-01,1738,27552,404,14918,1334,12634,0,0,1353,17025,383,5265,1354,22290,California
Butte,2021-02-02,1930,29482,362,15280,1568,14202,0,0,1626,18347,304,5569,1626,23916,California
Butte,2021-02-03,2730,32212,772,16052,1958,16160,0,0,1839,19297,889,6458,1839,25755,California
Butte,2021-02-04,2955,35167,325,16377,2630,18790,0,0,2399,21142,554,7012,2399,28154,California
Butte,2021-02-05,1167,36334,661,17038,506,19296,0,0,540,21055,627,7639,540,28694,California
Butte,2021-02-06,142,36476,102,17140,40,19336,0,0,60,21033,82,7721,60,28754,California
Butte,2021-02-07,39,36515,35,17175,4,19340,0,0,15,21024,24,7745,15,28769,California
Butte,2021-02-08,691,37206,540,17715,151,19491,0,0,241,20815,450,8195,241,29010,California
Butte,2021-02-09,950,38156,456,18171,494,19985,0,0,723,21311,227,8422,723,29733,California
Butte,2021-02-10,1706,39862,1190,19361,516,20501,0,0,697,21000,1008,9430,697,30430,California
Butte,2021-02-11,2199,42061,1351,20712,848,21349,0,0,1005,20812,1194,10624,1006,31436,California
Butte,2021-02-12,859,42920,298,21010,561,21910,0,0,312,20578,546,11170,312,31748,California
Butte,2021-02-13,246,43166,45,21055,201,22111,0,0,145,20621,102,11272,145,31893,California
Butte,2021-02-14,160,43326,11,21066,149,22260,0,0,155,20771,5,11277,155,32048,California
Butte,2021-02-15,258,43584,47,21113,211,22471,0,0,196,20905,62,11339,196,32244,California
Butte,2021-02-16,734,44318,433,21546,301,22772,0,0,278,20727,456,11795,278,32522,California
Butte,2021-02-17,1506,45824,843,22389,663,23435,0,0,833,20888,672,12467,833,33355,California
Butte,2021-02-18,1547,47371,754,23143,793,24228,0,0,743,20827,804,13271,743,34098,California
Butte,2021-02-19,1167,48538,389,23532,778,25006,0,0,404,20473,758,14029,404,34502,California
Butte,2021-02-20,477,49015,33,23565,444,25450,0,0,122,20241,354,14383,122,34624,California
Butte,2021-02-21,14,49029,12,23577,2,25452,0,0,10,20247,4,14387,10,34634,California
Butte,2021-02-22,1488,50517,293,23870,1195,26647,0,0,388,19536,1099,15486,388,35022,California
Butte,2021-02-23,1626,52143,300,24170,1326,27973,0,0,465,18845,1156,16642,465,35487,California
Butte,2021-02-24,2112,54255,594,24764,1518,29491,0,0,727,18194,1378,18020,727,36214,California
Butte,2021-02-25,2070,56325,578,25342,1492,30983,0,0,666,17460,1401,19421,667,36881,California
Butte,2021-02-26,921,57246,317,25659,604,31587,0,0,399,17340,519,19940,399,37280,California
Butte,2021-02-27,231,57477,43,25702,188,31775,0,0,184,17479,45,19985,184,37464,California
Butte,2021-02-28,141,57618,19,25721,122,31897,0,0,131,17600,10,19995,131,37595,California
Butte,2021-03-01,1525,59143,175,25896,1350,33247,0,0,321,16719,1203,21198,322,37917,California
Butte,2021-03-02,1662,60805,191,26087,1471,34718,0,0,300,15660,1359,22557,300,38217,California
Butte,2021-03-03,2601,63406,814,26901,1787,36505,0,0,443,13947,2157,24714,444,38661,California
Butte,2021-03-04,3001,66407,660,27561,2341,38846,0,0,601,12149,2399,27113,601,39262,California
Butte,2021-03-05,1298,67705,599,28160,698,39544,1,1,698,12249,599,27712,699,39961,California
Butte,2021-03-06,198,67903,30,28190,147,39691,21,22,144,12361,53,27765,165,40126,California
Butte,2021-03-07,61,67964,9,28199,35,39726,17,39,32,12381,29,27794,49,40175,California
Butte,2021-03-08,1228,69192,131,28330,1029,40755,68,107,1078,13380,148,27942,1147,41322,California
Butte,2021-03-09,1868,71060,278,28608,1487,42242,103,210,1381,14378,486,28428,1484,42806,California
Butte,2021-03-10,2216,73276,934,29542,1234,43476,48,258,1541,15297,670,29098,1589,44395,California
Butte,2021-03-11,2694,75970,1272,30814,1314,44790,108,366,1899,16520,785,29883,2008,46403,California
Butte,2021-03-12,952,76922,285,31099,398,45188,269,635,329,16499,618,30501,597,47000,California
Butte,2021-03-13,191,77113,54,31153,92,45280,45,680,59,16471,132,30633,104,47104,California
Butte,2021-03-14,120,77233,14,31167,65,45345,41,721,20,16432,100,30733,61,47165,California
Butte,2021-03-15,1673,78906,349,31516,1052,46397,272,993,1106,17246,564,31297,1378,48543,California
Butte,2021-03-16,1607,80513,411,31927,1124,47521,72,1065,1071,17855,534,31831,1143,49686,California
Butte,2021-03-17,1873,82386,1332,33259,466,47987,75,1140,1082,18226,786,32617,1157,50843,California
Butte,2021-03-18,1518,83904,1205,34464,199,48186,114,1254,880,18585,635,33252,994,51837,California
Butte,2021-03-19,541,84445,242,34706,229,48415,70,1324,255,18630,281,33533,326,52163,California
Butte,2021-03-20,159,84604,30,34736,114,48529,15,1339,75,18637,83,33616,90,52253,California
Butte,2021-03-21,64,84668,29,34765,6,48535,29,1368,22,18646,42,33658,51,52304,California
Butte,2021-03-22,1434,86102,335,35100,1010,49545,89,1457,1176,19657,255,33913,1266,53570,California
Butte,2021-03-23,1748,87850,448,35548,1194,50739,106,1563,1417,20851,328,34241,1522,55092,California
Butte,2021-03-24,2091,89941,1127,36675,851,51590,113,1676,1573,22024,514,34755,1687,56779,California
Butte,2021-03-25,1398,91339,1110,37785,195,51785,93,1769,933,22588,463,35218,1027,57806,California
Butte,2021-03-26,1159,92498,394,38179,524,52309,241,2010,517,22718,634,35852,764,58570,California
Butte,2021-03-27,308,92806,76,38255,208,52517,24,2034,133,22705,173,36025,160,58730,California
Butte,2021-03-28,212,93018,36,38291,169,52686,7,2041,87,22676,122,36147,93,58823,California
Butte,2021-03-29,1683,94701,350,38641,1265,53951,68,2109,1268,23601,411,36558,1336,60159,California
Butte,2021-03-30,984,95685,442,39083,455,54406,87,2196,448,23608,531,37089,538,60697,California
Butte,2021-03-31,1634,97319,1209,40292,361,54767,64,2260,1005,24083,627,37716,1102,61799,California
Butte,2021-04-01,2514,99833,2332,42624,84,54851,98,2358,1700,25084,809,38525,1810,63609,California
Calaveras,2020-12-16,5,5,5,5,0,0,0,0,5,5,0,0,5,5,California
Calaveras,2020-12-17,3,8,3,8,0,0,0,0,3,8,0,0,3,8,California
Calaveras,2020-12-18,38,46,38,46,0,0,0,0,38,46,0,0,38,46,California
Calaveras,2020-12-19,3,49,3,49,0,0,0,0,3,49,0,0,3,49,California
Calaveras,2020-12-20,3,52,3,52,0,0,0,0,3,52,0,0,3,52,California
Calaveras,2020-12-21,55,107,48,100,7,7,0,0,55,107,0,0,55,107,California
Calaveras,2020-12-22,81,188,77,177,4,11,0,0,82,189,0,0,82,189,California
Calaveras,2020-12-23,77,265,75,252,2,13,0,0,86,275,0,0,86,275,California
Calaveras,2020-12-24,2,267,2,254,0,13,0,0,2,277,0,0,2,277,California
Calaveras,2020-12-26,3,270,3,257,0,13,0,0,3,280,0,0,3,280,California
Calaveras,2020-12-28,22,292,18,275,4,17,0,0,21,300,1,1,21,301,California
Calaveras,2020-12-29,166,458,147,422,19,36,0,0,166,466,0,1,166,467,California
Calaveras,2020-12-30,94,552,82,504,12,48,0,0,94,560,0,1,94,561,California
Calaveras,2020-12-31,36,588,26,530,10,58,0,0,36,596,0,1,36,597,California
Calaveras,2021-01-02,11,599,11,541,0,58,0,0,11,607,0,1,11,608,California
Calaveras,2021-01-03,8,607,3,544,5,63,0,0,8,615,0,1,8,616,California
Calaveras,2021-01-04,33,640,5,549,28,91,0,0,33,648,0,1,33,649,California
Calaveras,2021-01-05,39,679,9,558,30,121,0,0,38,683,3,4,38,687,California
Calaveras,2021-01-06,109,788,30,588,79,200,0,0,99,772,10,14,99,786,California
Calaveras,2021-01-07,108,896,27,615,81,281,0,0,95,856,12,26,96,882,California
Calaveras,2021-01-08,68,964,37,652,31,312,0,0,46,881,22,48,47,929,California
Calaveras,2021-01-09,6,970,6,658,0,312,0,0,2,879,4,52,2,931,California
Calaveras,2021-01-10,2,972,0,658,2,314,0,0,2,881,0,52,2,933,California
Calaveras,2021-01-11,63,1035,58,716,5,319,0,0,28,875,34,86,28,961,California
Calaveras,2021-01-12,87,1122,54,770,33,352,0,0,54,896,33,119,54,1015,California
Calaveras,2021-01-13,107,1229,43,813,64,416,0,0,74,938,33,152,75,1090,California
Calaveras,2021-01-14,137,1366,41,854,96,512,0,0,102,1006,34,186,102,1192,California
Calaveras,2021-01-15,112,1478,51,905,61,573,0,0,85,1065,27,213,86,1278,California
Calaveras,2021-01-16,13,1491,2,907,11,584,0,0,12,1076,1,214,12,1290,California
Calaveras,2021-01-17,10,1501,1,908,9,593,0,0,10,1086,0,214,10,1300,California
Calaveras,2021-01-18,132,1633,20,928,112,705,0,0,119,1195,13,227,122,1422,California
Calaveras,2021-01-19,200,1833,172,1100,28,733,0,0,60,1117,138,365,60,1482,California
Calaveras,2021-01-20,393,2226,79,1179,314,1047,0,0,309,1351,83,448,317,1799,California
Calaveras,2021-01-21,462,2688,40,1219,422,1469,0,0,435,1765,27,475,441,2240,California
Calaveras,2021-01-22,433,3121,23,1242,410,1879,0,0,423,2185,10,485,430,2670,California
Calaveras,2021-01-23,23,3144,10,1252,13,1892,0,0,19,2200,4,489,19,2689,California
Calaveras,2021-01-24,15,3159,9,1261,6,1898,0,0,13,2211,2,491,13,2702,California
Calaveras,2021-01-25,122,3281,7,1268,115,2013,0,0,117,2323,5,496,117,2819,California
Calaveras,2021-01-26,47,3328,17,1285,30,2043,0,0,37,2350,10,506,37,2856,California
Calaveras,2021-01-27,160,3488,44,1329,116,2159,0,0,133,2457,26,532,133,2989,California
Calaveras,2021-01-28,164,3652,21,1350,143,2302,0,0,140,2576,24,556,143,3132,California
Calaveras,2021-01-29,444,4096,34,1384,410,2712,0,0,424,2987,20,576,431,3563,California
Calaveras,2021-01-30,27,4123,10,1394,17,2729,0,0,26,3013,0,576,26,3589,California
Calaveras,2021-01-31,5,4128,2,1396,3,2732,0,0,4,3016,1,577,4,3593,California
Calaveras,2021-02-01,55,4183,41,1437,14,2746,0,0,36,3033,19,596,36,3629,California
Calaveras,2021-02-02,110,4293,25,1462,85,2831,0,0,71,3066,39,635,72,3701,California
Calaveras,2021-02-03,442,4735,43,1505,399,3230,0,0,358,3342,83,718,359,4060,California
Calaveras,2021-02-04,380,5115,24,1529,356,3586,0,0,296,3556,82,800,296,4356,California
Calaveras,2021-02-05,80,5195,22,1551,58,3644,0,0,41,3560,39,839,43,4399,California
Calaveras,2021-02-06,22,5217,13,1564,9,3653,0,0,22,3582,0,839,22,4421,California
Calaveras,2021-02-07,4,5221,1,1565,3,3656,0,0,2,3582,2,841,2,4423,California
Calaveras,2021-02-08,36,5257,18,1583,18,3674,0,0,28,3604,7,848,29,4452,California
Calaveras,2021-02-09,210,5467,93,1676,117,3791,0,0,147,3694,57,905,147,4599,California
Calaveras,2021-02-10,507,5974,28,1704,479,4270,0,0,441,4070,66,971,442,5041,California
Calaveras,2021-02-11,580,6554,75,1779,505,4775,0,0,473,4439,105,1076,474,5515,California
Calaveras,2021-02-12,565,7119,323,2102,242,5017,0,0,492,4860,72,1148,493,6008,California
Calaveras,2021-02-13,192,7311,37,2139,155,5172,0,0,177,5022,15,1163,177,6185,California
Calaveras,2021-02-14,215,7526,73,2212,142,5314,0,0,201,5209,14,1177,201,6386,California
Calaveras,2021-02-15,375,7901,20,2232,355,5669,0,0,257,5352,115,1292,258,6644,California
Calaveras,2021-02-16,298,8199,174,2406,124,5793,0,0,243,5540,55,1347,243,6887,California
Calaveras,2021-02-17,524,8723,35,2441,489,6282,0,0,209,5442,308,1655,210,7097,California
Calaveras,2021-02-18,492,9215,88,2529,404,6686,0,0,97,5153,386,2041,97,7194,California
Calaveras,2021-02-19,441,9656,44,2573,397,7083,0,0,99,4919,333,2374,99,7293,California
Calaveras,2021-02-20,60,9716,15,2588,45,7128,0,0,48,4955,12,2386,48,7341,California
Calaveras,2021-02-21,21,9737,12,2600,9,7137,0,0,18,4970,3,2389,18,7359,California
Calaveras,2021-02-22,65,9802,39,2639,26,7163,0,0,34,4973,31,2420,34,7393,California
Calaveras,2021-02-23,149,9951,67,2706,82,7245,0,0,100,5026,49,2469,102,7495,California
Calaveras,2021-02-24,90,10041,45,2751,45,7290,0,0,63,5062,27,2496,63,7558,California
Calaveras,2021-02-25,475,10516,99,2850,376,7666,0,0,321,5233,151,2647,322,7880,California
Calaveras,2021-02-26,668,11184,44,2894,624,8290,0,0,364,5308,291,2938,366,8246,California
Calaveras,2021-02-27,206,11390,21,2915,185,8475,0,0,182,5466,24,2962,182,8428,California
Calaveras,2021-02-28,99,11489,14,2929,85,8560,0,0,93,5554,6,2968,94,8522,California
Calaveras,2021-03-01,192,11681,59,2988,133,8693,0,0,145,5653,46,3014,145,8667,California
Calaveras,2021-03-02,243,11924,92,3080,151,8844,0,0,200,5813,41,3055,201,8868,California
Calaveras,2021-03-03,481,12405,97,3177,384,9228,0,0,188,5712,290,3345,189,9057,California
Calaveras,2021-03-04,659,13064,60,3237,599,9827,0,0,331,5723,324,3669,335,9392,California
Calaveras,2021-03-05,444,13508,269,3506,170,9997,5,5,122,5537,320,3989,134,9526,California
Calaveras,2021-03-06,135,13643,42,3548,87,10084,6,11,100,5609,35,4024,107,9633,California
Calaveras,2021-03-07,75,13718,32,3580,35,10119,8,19,30,5605,44,4068,40,9673,California
Calaveras,2021-03-08,124,13842,22,3602,95,10214,7,26,92,5675,32,4100,102,9775,California
Calaveras,2021-03-09,383,14225,153,3755,225,10439,5,31,38,5376,342,4442,43,9818,California
Calaveras,2021-03-10,407,14632,29,3784,376,10815,2,33,42,5057,363,4805,44,9862,California
Calaveras,2021-03-11,840,15472,412,4196,416,11231,12,45,412,5055,426,5231,424,10286,California
Calaveras,2021-03-12,351,15823,216,4412,126,11357,9,54,226,5213,124,5355,282,10568,California
Calaveras,2021-03-13,89,15912,17,4429,67,11424,5,59,25,5211,64,5419,62,10630,California
Calaveras,2021-03-14,89,16001,10,4439,78,11502,1,60,8,5148,80,5499,17,10647,California
Calaveras,2021-03-15,328,16329,45,4484,257,11759,26,86,49,4951,277,5776,80,10727,California
Calaveras,2021-03-16,716,17045,577,5061,119,11878,20,106,564,5386,150,5926,585,11312,California
Calaveras,2021-03-17,272,17317,45,5106,215,12093,12,118,47,5222,224,6150,60,11372,California
Calaveras,2021-03-18,649,17966,565,5671,69,12162,15,133,543,5675,106,6256,559,11931,California
Calaveras,2021-03-19,226,18192,44,5715,110,12272,72,205,54,5631,169,6425,125,12056,California
Calaveras,2021-03-20,62,18254,17,5732,45,12317,0,205,19,5608,43,6468,20,12076,California
Calaveras,2021-03-21,47,18301,30,5762,6,12323,11,216,12,5597,35,6503,24,12100,California
Calaveras,2021-03-22,81,18382,36,5798,24,12347,21,237,26,5589,55,6558,47,12147,California
Calaveras,2021-03-23,302,18684,218,6016,74,12421,10,247,126,5555,170,6728,136,12283,California
Calaveras,2021-03-24,133,18817,47,6063,76,12497,10,257,52,5536,81,6809,62,12345,California
Calaveras,2021-03-25,736,19553,100,6163,634,13131,2,259,447,5701,285,7094,450,12795,California
Calaveras,2021-03-26,420,19973,24,6187,390,13521,6,265,118,5531,299,7393,129,12924,California
Calaveras,2021-03-27,208,20181,18,6205,186,13707,4,269,32,5398,173,7566,40,12964,California
Calaveras,2021-03-28,107,20288,7,6212,98,13805,2,271,6,5307,100,7666,9,12973,California
Calaveras,2021-03-29,173,20461,20,6232,151,13956,2,273,59,5259,113,7779,65,13038,California
Calaveras,2021-03-30,537,20998,31,6263,491,14447,15,288,372,5484,163,7942,388,13426,California
Calaveras,2021-03-31,297,21295,130,6393,157,14604,10,298,154,5507,142,8084,165,13591,California
Calaveras,2021-04-01,528,21823,391,6784,137,14741,0,298,117,5221,409,8493,123,13714,California
Colusa,2020-12-18,1,1,1,1,0,0,0,0,1,1,0,0,1,1,California
Colusa,2020-12-21,2,3,2,3,0,0,0,0,2,3,0,0,2,3,California
Colusa,2020-12-22,10,13,10,13,0,0,0,0,10,13,0,0,10,13,California
Colusa,2020-12-23,10,23,10,23,0,0,0,0,10,23,0,0,10,23,California
Colusa,2020-12-24,2,25,1,24,1,1,0,0,2,25,0,0,2,25,California
Colusa,2020-12-27,1,26,1,25,0,1,0,0,1,26,0,0,1,26,California
Colusa,2020-12-28,7,33,3,28,4,5,0,0,7,33,0,0,7,33,California
Colusa,2020-12-29,11,44,7,35,4,9,0,0,11,44,0,0,11,44,California
Colusa,2020-12-30,50,94,13,48,37,46,0,0,50,94,0,0,50,94,California
Colusa,2020-12-31,18,112,1,49,17,63,0,0,18,112,0,0,18,112,California
Colusa,2021-01-04,5,117,0,49,5,68,0,0,5,117,0,0,5,117,California
Colusa,2021-01-05,68,185,1,50,67,135,0,0,68,185,0,0,68,185,California
Colusa,2021-01-06,15,200,9,59,6,141,0,0,15,200,0,0,15,200,California
Colusa,2021-01-07,37,237,4,63,33,174,0,0,36,235,1,1,36,236,California
Colusa,2021-01-08,9,246,7,70,2,176,0,0,8,242,1,2,8,244,California
Colusa,2021-01-09,3,249,1,71,2,178,0,0,3,245,0,2,3,247,California
Colusa,2021-01-10,1,250,0,71,1,179,0,0,1,246,0,2,1,248,California
Colusa,2021-01-11,12,262,6,77,6,185,0,0,7,248,5,7,7,255,California
Colusa,2021-01-12,11,273,9,86,2,187,0,0,6,249,5,12,6,261,California
Colusa,2021-01-13,21,294,13,99,8,195,0,0,13,254,8,20,13,274,California
Colusa,2021-01-14,35,329,28,127,7,202,0,0,33,285,2,22,33,307,California
Colusa,2021-01-15,43,372,5,132,38,240,0,0,41,324,2,24,41,348,California
Colusa,2021-01-16,12,384,1,133,11,251,0,0,11,334,1,25,11,359,California
Colusa,2021-01-17,3,387,2,135,1,252,0,0,2,335,1,26,2,361,California
Colusa,2021-01-18,4,391,0,135,4,256,0,0,4,339,0,26,4,365,California
Colusa,2021-01-19,9,400,8,143,1,257,0,0,5,340,4,30,5,370,California
Colusa,2021-01-20,114,514,101,244,13,270,0,0,101,428,13,43,101,471,California
Colusa,2021-01-21,56,570,41,285,15,285,0,0,55,482,1,44,55,526,California
Colusa,2021-01-22,39,609,17,302,22,307,0,0,34,511,5,49,34,560,California
Colusa,2021-01-23,36,645,6,308,30,337,0,0,36,547,0,49,36,596,California
Colusa,2021-01-25,7,652,0,308,7,344,0,0,7,554,0,49,7,603,California
Colusa,2021-01-26,9,661,5,313,4,348,0,0,5,555,4,53,5,608,California
Colusa,2021-01-27,107,768,31,344,76,424,0,0,105,658,2,55,105,713,California
Colusa,2021-01-28,78,846,45,389,33,457,0,0,72,724,6,61,72,785,California
Colusa,2021-01-29,40,886,6,395,34,491,0,0,39,762,1,62,39,824,California
Colusa,2021-01-30,27,913,4,399,23,514,0,0,27,789,0,62,27,851,California
Colusa,2021-01-31,7,920,7,406,0,514,0,0,7,796,0,62,7,858,California
Colusa,2021-02-01,27,947,10,416,17,531,0,0,22,813,5,67,22,880,California
Colusa,2021-02-02,42,989,8,424,34,565,0,0,36,843,6,73,36,916,California
Colusa,2021-02-03,70,1059,10,434,60,625,0,0,59,891,11,84,59,975,California
Colusa,2021-02-04,143,1202,81,515,62,687,0,0,116,980,27,111,116,1091,California
Colusa,2021-02-05,33,1235,8,523,25,712,0,0,30,1007,3,114,30,1121,California
Colusa,2021-02-06,287,1522,8,531,279,991,0,0,275,1271,11,125,275,1396,California
Colusa,2021-02-07,2,1524,1,532,1,992,0,0,0,1269,2,127,0,1396,California
Colusa,2021-02-08,40,1564,5,537,35,1027,0,0,37,1303,3,130,37,1433,California
Colusa,2021-02-09,232,1796,14,551,218,1245,0,0,176,1423,56,186,176,1609,California
Colusa,2021-02-10,115,1911,41,592,74,1319,0,0,71,1451,44,230,72,1681,California
Colusa,2021-02-11,97,2008,36,628,61,1380,0,0,72,1498,25,255,72,1753,California
Colusa,2021-02-12,119,2127,9,637,110,1490,0,0,79,1536,41,296,79,1832,California
Colusa,2021-02-13,60,2187,9,646,51,1541,0,0,52,1580,8,304,52,1884,California
Colusa,2021-02-14,20,2207,8,654,12,1553,0,0,14,1589,5,309,14,1898,California
Colusa,2021-02-15,46,2253,10,664,36,1589,0,0,39,1621,7,316,39,1937,California
Colusa,2021-02-16,67,2320,4,668,63,1652,0,0,66,1686,1,317,66,2003,California
Colusa,2021-02-17,206,2526,143,811,63,1715,0,0,60,1600,146,463,60,2063,California
Colusa,2021-02-18,138,2664,36,847,102,1817,0,0,114,1690,24,487,114,2177,California
Colusa,2021-02-19,155,2819,19,866,136,1953,0,0,129,1793,26,513,129,2306,California
Colusa,2021-02-20,26,2845,5,871,21,1974,0,0,9,1786,17,530,10,2316,California
Colusa,2021-02-21,1,2846,1,872,0,1974,0,0,0,1785,1,531,0,2316,California
Colusa,2021-02-22,42,2888,25,897,17,1991,0,0,28,1799,14,545,28,2344,California
Colusa,2021-02-23,19,2907,4,901,15,2006,0,0,16,1812,3,548,16,2360,California
Colusa,2021-02-24,299,3206,54,955,245,2251,0,0,157,1827,142,690,157,2517,California
Colusa,2021-02-25,98,3304,53,1008,45,2296,0,0,63,1855,35,725,63,2580,California
Colusa,2021-02-26,97,3401,13,1021,84,2380,0,0,58,1874,39,764,58,2638,California
Colusa,2021-02-27,55,3456,4,1025,51,2431,0,0,40,1899,15,779,40,2678,California
Colusa,2021-02-28,26,3482,14,1039,12,2443,0,0,17,1907,9,788,17,2695,California
Colusa,2021-03-01,45,3527,15,1054,30,2473,0,0,28,1918,17,805,28,2723,California
Colusa,2021-03-02,47,3574,13,1067,34,2507,0,0,23,1918,23,828,23,2746,California
Colusa,2021-03-03,219,3793,37,1104,182,2689,0,0,163,2025,56,884,163,2909,California
Colusa,2021-03-04,135,3928,57,1161,78,2767,0,0,78,2046,57,941,78,2987,California
Colusa,2021-03-05,91,4019,19,1180,63,2830,9,9,45,2054,46,987,54,3041,California
Colusa,2021-03-06,246,4265,10,1190,236,3066,0,9,32,1872,214,1201,32,3073,California
Colusa,2021-03-07,8,4273,5,1195,3,3069,0,9,6,1876,2,1203,6,3079,California
Colusa,2021-03-08,84,4357,17,1212,30,3099,37,46,37,1902,47,1250,73,3152,California
Colusa,2021-03-09,262,4619,63,1275,180,3279,19,65,78,1815,184,1434,97,3249,California
Colusa,2021-03-10,241,4860,34,1309,193,3472,14,79,179,1947,61,1495,193,3442,California
Colusa,2021-03-11,400,5260,54,1363,324,3796,22,101,316,2201,84,1579,338,3780,California
Colusa,2021-03-12,91,5351,14,1377,65,3861,12,113,17,2157,74,1653,30,3810,California
Colusa,2021-03-13,55,5406,14,1391,34,3895,7,120,17,2143,38,1691,24,3834,California
Colusa,2021-03-14,11,5417,0,1391,9,3904,2,122,4,2142,7,1698,6,3840,California
Colusa,2021-03-15,69,5486,27,1418,35,3939,7,129,16,2112,53,1751,23,3863,California
Colusa,2021-03-16,267,5753,15,1433,205,4144,47,176,158,2208,109,1860,205,4068,California
Colusa,2021-03-17,165,5918,45,1478,120,4264,0,176,81,2205,84,1944,81,4149,California
Colusa,2021-03-18,284,6202,28,1506,188,4452,68,244,169,2327,115,2059,237,4386,California
Colusa,2021-03-19,57,6259,14,1520,42,4494,1,245,43,2357,14,2073,44,4430,California
Colusa,2021-03-20,36,6295,6,1526,29,4523,1,246,27,2376,9,2082,28,4458,California
Colusa,2021-03-21,6,6301,5,1531,1,4524,0,246,4,2378,2,2084,4,4462,California
Colusa,2021-03-22,59,6360,9,1540,42,4566,8,254,38,2403,21,2105,46,4508,California
Colusa,2021-03-23,74,6434,16,1556,56,4622,2,256,48,2428,25,2130,50,4558,California
Colusa,2021-03-24,330,6764,55,1611,272,4894,3,259,72,2245,257,2387,74,4632,California
Colusa,2021-03-25,102,6866,54,1665,43,4937,5,264,48,2244,54,2441,53,4685,California
Colusa,2021-03-26,237,7103,43,1708,191,5128,3,267,189,2392,48,2489,196,4881,California
Colusa,2021-03-27,64,7167,5,1713,59,5187,0,267,26,2380,38,2527,26,4907,California
Colusa,2021-03-28,16,7183,7,1720,9,5196,0,267,8,2380,8,2535,8,4915,California
Colusa,2021-03-29,68,7251,19,1739,44,5240,5,272,29,2375,39,2574,34,4949,California
Colusa,2021-03-30,139,7390,70,1809,67,5307,2,274,76,2390,63,2637,78,5027,California
Colusa,2021-03-31,169,7559,31,1840,138,5445,0,274,67,2372,102,2739,84,5111,California
Colusa,2021-04-01,108,7667,42,1882,53,5498,13,287,58,2394,50,2789,72,5183,California
Contra Costa,2020-12-15,19,19,19,19,0,0,0,0,19,19,0,0,19,19,California
Contra Costa,2020-12-16,522,541,522,541,0,0,0,0,522,541,0,0,522,541,California
Contra Costa,2020-12-17,906,1447,906,1447,0,0,0,0,906,1447,0,0,906,1447,California
Contra Costa,2020-12-18,1592,3039,1591,3038,1,1,0,0,1592,3039,0,0,1592,3039,California
Contra Costa,2020-12-19,1105,4144,1104,4142,1,2,0,0,1105,4144,0,0,1105,4144,California
Contra Costa,2020-12-20,582,4726,581,4723,1,3,0,0,582,4726,0,0,582,4726,California
Contra Costa,2020-12-21,1656,6382,1654,6377,2,5,0,0,1656,6382,0,0,1656,6382,California
Contra Costa,2020-12-22,1665,8047,1558,7935,107,112,0,0,1665,8047,0,0,1665,8047,California
Contra Costa,2020-12-23,1568,9615,1323,9258,245,357,0,0,1568,9615,0,0,1568,9615,California
Contra Costa,2020-12-24,649,10264,333,9591,316,673,0,0,649,10264,0,0,649,10264,California
Contra Costa,2020-12-25,38,10302,16,9607,22,695,0,0,38,10302,0,0,38,10302,California
Contra Costa,2020-12-26,643,10945,133,9740,510,1205,0,0,643,10945,0,0,643,10945,California
Contra Costa,2020-12-27,238,11183,84,9824,154,1359,0,0,238,11183,0,0,238,11183,California
Contra Costa,2020-12-28,1818,13001,855,10679,963,2322,0,0,1818,13001,0,0,1818,13001,California
Contra Costa,2020-12-29,1829,14830,824,11503,1005,3327,0,0,1829,14830,0,0,1829,14830,California
Contra Costa,2020-12-30,2393,17223,1211,12714,1182,4509,0,0,2392,17222,0,0,2392,17222,California
Contra Costa,2020-12-31,909,18132,306,13020,603,5112,0,0,908,18130,0,0,908,18130,California
Contra Costa,2021-01-01,57,18189,23,13043,34,5146,0,0,57,18187,0,0,57,18187,California
Contra Costa,2021-01-02,332,18521,170,13213,162,5308,0,0,332,18519,0,0,332,18519,California
Contra Costa,2021-01-03,173,18694,115,13328,58,5366,0,0,172,18691,0,0,172,18691,California
Contra Costa,2021-01-04,1906,20600,1247,14575,659,6025,0,0,1886,20559,18,18,1886,20577,California
Contra Costa,2021-01-05,2094,22694,1253,15828,841,6866,0,0,1836,22139,257,275,1837,22414,California
Contra Costa,2021-01-06,3267,25961,2242,18070,1025,7891,0,0,2508,23896,753,1028,2510,24924,California
Contra Costa,2021-01-07,3085,29046,2053,20123,1032,8923,0,0,1873,24563,1209,2237,1876,26800,California
Contra Costa,2021-01-08,3359,32405,2376,22499,983,9906,0,0,1804,24821,1549,3786,1807,28607,California
Contra Costa,2021-01-09,1581,33986,1130,23629,451,10357,0,0,753,24748,827,4613,754,29361,California
Contra Costa,2021-01-10,361,34347,286,23915,75,10432,0,0,152,24691,209,4822,152,29513,California
Contra Costa,2021-01-11,3815,38162,3101,27016,714,11146,0,0,2222,25322,1593,6415,2224,31737,California
Contra Costa,2021-01-12,3893,42055,2923,29939,970,12116,0,0,2575,26579,1319,7734,2576,34313,California
Contra Costa,2021-01-13,4660,46715,2875,32814,1785,13901,0,0,3736,29397,920,8654,3738,38051,California
Contra Costa,2021-01-14,4294,51009,1556,34370,2738,16639,0,0,3907,32917,387,9041,3907,41958,California
Contra Costa,2021-01-15,5331,56340,2473,36843,2858,19497,0,0,5005,37601,325,9366,5009,46967,California
Contra Costa,2021-01-16,1714,58054,554,37397,1160,20657,0,0,1638,39163,76,9442,1638,48605,California
Contra Costa,2021-01-17,1645,59699,983,38380,662,21319,0,0,1519,40558,126,9568,1521,50126,California
Contra Costa,2021-01-18,3205,62904,1257,39637,1948,23267,0,0,2576,42513,623,10191,2578,52704,California
Contra Costa,2021-01-19,7059,69963,3155,42792,3904,27171,0,0,6061,47585,995,11186,6067,58771,California
Contra Costa,2021-01-20,6579,76542,4030,46822,2549,29720,0,0,5352,51721,1222,12408,5358,64129,California
Contra Costa,2021-01-21,6958,83500,3089,49911,3869,33589,0,0,6239,57250,714,13122,6243,70372,California
Contra Costa,2021-01-22,6343,89843,2693,52604,3650,37239,0,0,5485,61888,849,13971,5487,75859,California
Contra Costa,2021-01-23,2016,91859,356,52960,1660,38899,0,0,1763,63402,251,14222,1765,77624,California
Contra Costa,2021-01-24,1577,93436,213,53173,1364,40263,0,0,1432,64693,145,14367,1436,79060,California
Contra Costa,2021-01-25,6616,100052,3003,56176,3613,43876,0,0,5058,68199,1557,15924,5063,84123,California
Contra Costa,2021-01-26,8051,108103,4661,60837,3390,47266,0,0,6223,72604,1821,17745,6226,90349,California
Contra Costa,2021-01-27,8216,116319,5488,66325,2728,49994,0,0,6328,77136,1798,19543,6330,96679,California
Contra Costa,2021-01-28,7356,123675,4043,70368,3313,53307,0,0,5780,81348,1570,21113,5782,102461,California
Contra Costa,2021-01-29,7425,131100,3876,74244,3549,56856,0,0,6124,86176,1298,22411,6126,108587,California
Contra Costa,2021-01-30,2043,133143,558,74802,1485,58341,0,0,1719,87578,317,22728,1719,110306,California
Contra Costa,2021-01-31,744,133887,526,75328,218,58559,0,0,570,87980,168,22896,570,110876,California
Contra Costa,2021-02-01,5515,139402,3759,79087,1756,60315,0,0,3884,90244,1625,24521,3889,114765,California
Contra Costa,2021-02-02,7748,147150,5277,84364,2471,62786,0,0,5900,94299,1846,26367,5901,120666,California
Contra Costa,2021-02-03,8268,155418,5471,89835,2797,65583,0,0,5639,97318,2621,28988,5640,126306,California
Contra Costa,2021-02-04,7439,162857,3526,93361,3913,69496,0,0,5725,101334,1711,30699,5727,132033,California
Contra Costa,2021-02-05,8418,171275,4825,98186,3593,73089,0,0,5726,104374,2686,33385,5726,137759,California
Contra Costa,2021-02-06,3457,174732,2147,100333,1310,74399,0,0,2809,106537,647,34032,2810,140569,California
Contra Costa,2021-02-07,981,175713,713,101046,268,74667,0,0,605,106767,375,34407,605,141174,California
Contra Costa,2021-02-08,5803,181516,3442,104488,2361,77028,0,0,4323,109616,1475,35882,4324,145498,California
Contra Costa,2021-02-09,8621,190137,4763,109251,3858,80886,0,0,5753,112506,2863,38745,5753,151251,California
Contra Costa,2021-02-10,8573,198710,4620,113871,3953,84839,0,0,5392,114732,3169,41914,5395,156646,California
Contra Costa,2021-02-11,9185,207895,4192,118063,4993,89832,0,0,5235,116024,3944,45858,5236,161882,California
Contra Costa,2021-02-12,10037,217932,4603,122666,5434,95266,0,0,5451,116898,4581,50439,5455,167337,California
Contra Costa,2021-02-13,4843,222775,1348,124014,3495,98761,0,0,3381,118820,1459,51898,3381,170718,California
Contra Costa,2021-02-14,2067,224842,855,124869,1212,99973,0,0,1212,119178,854,52752,1212,171930,California
Contra Costa,2021-02-15,4415,229257,2453,127322,1962,101935,0,0,2331,119434,2078,54830,2334,174264,California
Contra Costa,2021-02-16,10383,239640,4887,132209,5496,107431,0,0,4629,118321,5747,60577,4634,178898,California
Contra Costa,2021-02-17,12201,251841,6093,138302,6108,113539,0,0,5577,117290,6610,67187,5579,184477,California
Contra Costa,2021-02-18,11413,263254,5956,144258,5457,118996,0,0,5291,116470,6113,73300,5293,189770,California
Contra Costa,2021-02-19,11382,274636,7096,151354,4286,123282,0,0,5166,115435,6202,79502,5167,194937,California
Contra Costa,2021-02-20,6463,281099,2908,154262,3555,126837,0,0,4583,118153,1865,81367,4583,199520,California
Contra Costa,2021-02-21,1751,282850,1204,155466,547,127384,0,0,1057,118518,693,82060,1058,200578,California
Contra Costa,2021-02-22,7503,290353,5068,160534,2435,129819,0,0,3478,117980,4017,86077,3479,204057,California
Contra Costa,2021-02-23,11839,302192,7226,167760,4613,134432,0,0,5886,117931,5939,92016,5890,209947,California
Contra Costa,2021-02-24,10441,312633,7661,175421,2780,137212,0,0,5042,117593,5383,97399,5045,214992,California
Contra Costa,2021-02-25,11406,324039,7166,182587,4240,141452,0,0,5172,116556,6214,103613,5177,220169,California
Contra Costa,2021-02-26,10632,334671,6724,189311,3908,145360,0,0,5248,116442,5369,108982,5255,225424,California
Contra Costa,2021-02-27,6579,341250,4197,193508,2382,147742,0,0,4081,118033,2492,111474,4083,229507,California
Contra Costa,2021-02-28,3776,345026,3123,196631,653,148395,0,0,3183,120627,591,112065,3185,232692,California
Contra Costa,2021-03-01,8027,353053,6031,202662,1996,150391,0,0,4927,122468,3088,115153,4929,237621,California
Contra Costa,2021-03-02,9948,363001,6207,208869,3739,154130,2,2,5123,122781,4814,119967,5127,242748,California
Contra Costa,2021-03-03,10138,373139,6322,215191,3816,157946,0,2,5378,123417,4743,124710,5379,248127,California
Contra Costa,2021-03-04,10780,383919,6235,221426,4545,162491,0,2,5248,123151,5516,130226,5250,253377,California
Contra Costa,2021-03-05,9796,393715,5717,227143,4074,166565,5,7,5248,123872,4535,134761,5256,258633,California
Contra Costa,2021-03-06,6952,400667,3948,231091,2712,169277,292,299,4450,126123,2492,137253,4743,263376,California
Contra Costa,2021-03-07,3551,404218,2235,233326,1259,170536,57,356,2891,128414,658,137911,2949,266325,California
Contra Costa,2021-03-08,7888,412106,3682,237008,3933,174469,273,629,5269,131357,2606,140517,5549,271874,California
Contra Costa,2021-03-09,10072,422178,4918,241926,4853,179322,301,930,4958,131510,5110,145627,5263,277137,California
Contra Costa,2021-03-10,11773,433951,5889,247815,4467,183789,1417,2347,5294,131753,6471,152098,6714,283851,California
Contra Costa,2021-03-11,11916,445867,6249,254064,5220,189009,447,2794,6096,132495,5805,157903,6547,290398,California
Contra Costa,2021-03-12,11080,456947,4586,258650,6171,195180,323,3117,5698,133151,5370,163273,6026,296424,California
Contra Costa,2021-03-13,6920,463867,2758,261408,3802,198982,360,3477,2755,132114,4151,167424,3114,299538,California
Contra Costa,2021-03-14,4014,467881,2412,263820,1143,200125,459,3936,1954,132472,2054,169478,2412,301950,California
Contra Costa,2021-03-15,9277,477158,5023,268843,3512,203637,742,4678,4693,133339,4572,174050,5439,307389,California
Contra Costa,2021-03-16,14119,491277,8360,277203,5361,208998,398,5076,7158,133956,6942,180992,7559,314948,California
Contra Costa,2021-03-17,14343,505620,9807,287010,4335,213333,201,5277,8130,136106,6193,187185,8343,323291,California
Contra Costa,2021-03-18,13335,518955,7301,294311,5631,218964,403,5680,7547,138301,5767,192952,7962,331253,California
Contra Costa,2021-03-19,12255,531210,7268,301579,3923,222887,1064,6744,6331,139801,5912,198864,7412,338665,California
Contra Costa,2021-03-20,6893,538103,4035,305614,2628,225515,230,6974,3525,140206,3355,202219,3760,342425,California
Contra Costa,2021-03-21,4332,542435,3758,309372,481,225996,93,7067,2068,140108,2261,204480,2163,344588,California
Contra Costa,2021-03-22,11296,553731,8492,317864,2570,228566,234,7301,6909,142892,4378,208858,7162,351750,California
Contra Costa,2021-03-23,15201,568932,10381,328245,4651,233217,169,7470,9203,146316,5978,214836,9402,361152,California
Contra Costa,2021-03-24,14632,583564,11362,339607,3065,236282,205,7675,9051,150261,5558,220394,9503,370655,California
Contra Costa,2021-03-25,14871,598435,11530,351137,3095,239377,246,7921,9181,154604,5657,226051,10000,380655,California
Contra Costa,2021-03-26,14583,613018,10380,361517,3812,243189,391,8312,8576,158180,5986,232037,9562,390217,California
Contra Costa,2021-03-27,10139,623157,6520,368037,3128,246317,491,8803,5554,159756,4574,236611,6150,396367,California
Contra Costa,2021-03-28,4059,627216,2863,370900,1138,247455,58,8861,1726,159228,2326,238937,1798,398165,California
Contra Costa,2021-03-29,10585,637801,8255,379155,2226,249681,104,8965,6909,162623,3663,242600,7058,405223,California
Contra Costa,2021-03-30,16032,653833,8812,387967,5984,255665,1236,10201,10616,169164,5401,248001,11942,417165,California
Contra Costa,2021-03-31,16899,670732,11834,399801,3713,259378,1352,11553,10856,175465,6020,254021,12321,429486,California
Contra Costa,2021-04-01,13818,684550,10156,409957,2533,261911,1129,12682,9154,181343,4651,258672,10529,440015,California
Del Norte,2020-12-19,1,1,1,1,0,0,0,0,1,1,0,0,1,1,California
Del Norte,2020-12-21,23,24,23,24,0,0,0,0,23,24,0,0,23,24,California
Del Norte,2020-12-22,46,70,46,70,0,0,0,0,46,70,0,0,46,70,California
Del Norte,2020-12-23,58,128,48,118,10,10,0,0,57,127,0,0,57,127,California
Del Norte,2020-12-28,34,162,34,152,0,10,0,0,34,161,0,0,34,161,California
Del Norte,2020-12-29,4,166,4,156,0,10,0,0,4,165,0,0,4,165,California
Del Norte,2020-12-30,67,233,55,211,12,22,0,0,68,233,0,0,68,233,California
Del Norte,2020-12-31,16,249,13,224,3,25,0,0,16,249,0,0,16,249,California
Del Norte,2021-01-04,102,351,49,273,53,78,0,0,102,351,0,0,102,351,California
Del Norte,2021-01-05,33,384,0,273,33,111,0,0,33,384,0,0,33,384,California
Del Norte,2021-01-06,78,462,18,291,60,171,0,0,78,462,0,0,78,462,California
Del Norte,2021-01-07,21,483,1,292,20,191,0,0,21,483,0,0,21,483,California
Del Norte,2021-01-08,77,560,7,299,70,261,0,0,77,560,0,0,77,560,California
Del Norte,2021-01-09,1,561,1,300,0,261,0,0,0,559,1,1,0,560,California
Del Norte,2021-01-11,40,601,21,321,19,280,0,0,18,556,22,23,19,579,California
Del Norte,2021-01-12,50,651,32,353,18,298,0,0,29,564,21,44,29,608,California
Del Norte,2021-01-13,85,736,40,393,45,343,0,0,52,583,33,77,52,660,California
Del Norte,2021-01-14,52,788,14,407,38,381,0,0,46,623,6,83,46,706,California
Del Norte,2021-01-15,107,895,18,425,89,470,0,0,95,706,12,95,95,801,California
Del Norte,2021-01-17,1,896,1,426,0,470,0,0,1,707,0,95,1,802,California
Del Norte,2021-01-18,2,898,0,426,2,472,0,0,2,709,0,95,2,804,California
Del Norte,2021-01-19,119,1017,56,482,63,535,0,0,77,744,42,137,77,881,California
Del Norte,2021-01-20,157,1174,83,565,74,609,0,0,96,779,61,198,96,977,California
Del Norte,2021-01-21,43,1217,40,605,3,612,0,0,32,800,11,209,32,1009,California
Del Norte,2021-01-22,19,1236,16,621,3,615,0,0,12,805,7,216,12,1021,California
Del Norte,2021-01-23,1,1237,0,621,1,616,0,0,1,806,0,216,1,1022,California
Del Norte,2021-01-24,1,1238,0,621,1,617,0,0,1,807,0,216,1,1023,California
Del Norte,2021-01-25,97,1335,79,700,18,635,0,0,53,816,44,260,53,1076,California
Del Norte,2021-01-26,18,1353,11,711,7,642,0,0,7,812,11,271,7,1083,California
Del Norte,2021-01-27,62,1415,21,732,41,683,0,0,59,868,3,274,59,1142,California
Del Norte,2021-01-28,291,1706,20,752,271,954,0,0,287,1151,4,278,287,1429,California
Del Norte,2021-01-29,50,1756,19,771,31,985,0,0,41,1183,9,287,41,1470,California
Del Norte,2021-01-30,8,1764,1,772,7,992,0,0,8,1191,0,287,8,1478,California
Del Norte,2021-02-01,41,1805,1,773,40,1032,0,0,26,1202,15,302,26,1504,California
Del Norte,2021-02-02,142,1947,34,807,108,1140,0,0,73,1207,68,370,73,1577,California
Del Norte,2021-02-03,126,2073,40,847,86,1226,0,0,71,1223,55,425,71,1648,California
Del Norte,2021-02-04,71,2144,29,876,42,1268,0,0,42,1236,29,454,42,1690,California
Del Norte,2021-02-05,182,2326,22,898,160,1428,0,0,119,1293,62,516,119,1809,California
Del Norte,2021-02-06,305,2631,7,905,298,1726,0,0,305,1598,0,516,305,2114,California
Del Norte,2021-02-07,4,2635,3,908,1,1727,0,0,4,1602,0,516,4,2118,California
Del Norte,2021-02-08,36,2671,1,909,35,1762,0,0,32,1630,4,520,32,2150,California
Del Norte,2021-02-09,8,2679,5,914,3,1765,0,0,2,1626,6,526,2,2152,California
Del Norte,2021-02-10,143,2822,20,934,123,1888,0,0,86,1656,56,582,86,2238,California
Del Norte,2021-02-11,175,2997,58,992,117,2005,0,0,63,1607,112,694,63,2301,California
Del Norte,2021-02-12,120,3117,14,1006,106,2111,0,0,66,1619,54,748,66,2367,California
Del Norte,2021-02-13,2,3119,1,1007,1,2112,0,0,2,1621,0,748,2,2369,California
Del Norte,2021-02-14,3,3122,1,1008,2,2114,0,0,2,1622,1,749,2,2371,California
Del Norte,2021-02-15,4,3126,0,1008,4,2118,0,0,2,1622,2,751,2,2373,California
Del Norte,2021-02-16,132,3258,1,1009,131,2249,0,0,13,1516,119,870,13,2386,California
Del Norte,2021-02-17,90,3348,19,1028,71,2320,0,0,23,1472,67,937,23,2409,California
Del Norte,2021-02-18,76,3424,24,1052,52,2372,0,0,50,1496,26,963,50,2459,California
Del Norte,2021-02-19,45,3469,18,1070,27,2399,0,0,35,1521,10,973,35,2494,California
Del Norte,2021-02-20,9,3478,6,1076,3,2402,0,0,7,1526,2,975,7,2501,California
Del Norte,2021-02-22,2,3480,0,1076,2,2404,0,0,2,1528,0,975,2,2503,California
Del Norte,2021-02-23,101,3581,83,1159,18,2422,0,0,30,1487,71,1046,30,2533,California
Del Norte,2021-02-24,152,3733,98,1257,54,2476,0,0,79,1493,73,1119,79,2612,California
Del Norte,2021-02-25,466,4199,129,1386,337,2813,0,0,208,1443,258,1377,208,2820,California
Del Norte,2021-02-26,201,4400,165,1551,36,2849,0,0,155,1552,46,1423,155,2975,California
Del Norte,2021-02-27,154,4554,146,1697,8,2857,0,0,144,1686,10,1433,144,3119,California
Del Norte,2021-02-28,6,4560,3,1700,3,2860,0,0,3,1686,3,1436,3,3122,California
Del Norte,2021-03-01,28,4588,2,1702,26,2886,0,0,5,1668,23,1459,5,3127,California
Del Norte,2021-03-02,210,4798,140,1842,70,2956,0,0,178,1814,32,1491,178,3305,California
Del Norte,2021-03-03,152,4950,90,1932,62,3018,0,0,112,1886,40,1531,112,3417,California
Del Norte,2021-03-04,121,5071,83,2015,38,3056,0,0,91,1948,29,1560,91,3508,California
Del Norte,2021-03-05,90,5161,8,2023,82,3138,0,0,42,1942,48,1608,42,3550,California
Del Norte,2021-03-06,427,5588,80,2103,297,3435,50,50,153,1828,274,1882,160,3710,California
Del Norte,2021-03-07,3,5591,2,2105,1,3436,0,50,2,1829,1,1883,2,3712,California
Del Norte,2021-03-08,27,5618,1,2106,24,3460,2,52,4,1812,23,1906,6,3718,California
Del Norte,2021-03-09,171,5789,95,2201,72,3532,4,56,160,1965,11,1917,164,3882,California
Del Norte,2021-03-10,129,5918,11,2212,92,3624,26,82,46,1954,83,2000,72,3954,California
Del Norte,2021-03-11,142,6060,49,2261,91,3715,2,84,97,2008,45,2045,99,4053,California
Del Norte,2021-03-12,160,6220,90,2351,70,3785,0,84,115,2078,45,2090,115,4168,California
Del Norte,2021-03-13,94,6314,92,2443,2,3787,0,84,89,2162,5,2095,89,4257,California
Del Norte,2021-03-14,1,6315,0,2443,0,3787,1,85,0,2162,1,2096,1,4258,California
Del Norte,2021-03-15,40,6355,0,2443,39,3826,1,86,35,2193,5,2101,36,4294,California
Del Norte,2021-03-16,260,6615,129,2572,129,3955,2,88,238,2411,22,2123,240,4534,California
Del Norte,2021-03-17,269,6884,88,2660,180,4135,1,89,166,2475,103,2226,167,4701,California
Del Norte,2021-03-18,261,7145,107,2767,151,4286,3,92,136,2490,124,2350,139,4840,California
Del Norte,2021-03-19,185,7330,111,2878,68,4354,6,98,62,2435,123,2473,68,4908,California
Del Norte,2021-03-20,150,7480,148,3026,2,4356,0,98,11,2307,139,2612,11,4919,California
Del Norte,2021-03-21,4,7484,1,3027,3,4359,0,98,2,2307,2,2614,2,4921,California
Del Norte,2021-03-22,46,7530,6,3033,39,4398,1,99,43,2348,3,2617,44,4965,California
Del Norte,2021-03-23,324,7854,163,3196,143,4541,18,117,155,2354,167,2784,173,5138,California
Del Norte,2021-03-24,317,8171,110,3306,204,4745,3,120,201,2443,116,2900,205,5343,California
Del Norte,2021-03-25,195,8366,89,3395,106,4851,0,120,87,2423,107,3007,87,5430,California
Del Norte,2021-03-26,223,8589,110,3505,113,4964,0,120,188,2576,35,3042,188,5618,California
Del Norte,2021-03-27,106,8695,86,3591,6,4970,14,134,19,2522,87,3129,33,5651,California
Del Norte,2021-03-28,5,8700,2,3593,3,4973,0,134,1,2519,4,3133,1,5652,California
Del Norte,2021-03-29,55,8755,7,3600,34,5007,14,148,33,2544,22,3155,47,5699,California
Del Norte,2021-03-30,308,9063,116,3716,182,5189,10,158,114,2495,194,3349,145,5844,California
Del Norte,2021-03-31,182,9245,94,3810,75,5264,13,171,76,2546,106,3455,157,6001,California
Del Norte,2021-04-01,56,9301,3,3813,53,5317,0,171,45,2580,11,3466,45,6046,California
El Dorado,2020-12-15,12,12,12,12,0,0,0,0,12,12,0,0,12,12,California
El Dorado,2020-12-16,40,52,40,52,0,0,0,0,40,52,0,0,40,52,California
El Dorado,2020-12-17,31,83,31,83,0,0,0,0,31,83,0,0,31,83,California
El Dorado,2020-12-18,235,318,235,318,0,0,0,0,235,318,0,0,235,318,California
El Dorado,2020-12-19,116,434,116,434,0,0,0,0,116,434,0,0,116,434,California
El Dorado,2020-12-20,84,518,84,518,0,0,0,0,84,518,0,0,84,518,California
El Dorado,2020-12-21,304,822,303,821,1,1,0,0,304,822,0,0,304,822,California
El Dorado,2020-12-22,239,1061,215,1036,24,25,0,0,239,1061,0,0,239,1061,California
El Dorado,2020-12-23,189,1250,139,1175,50,75,0,0,189,1250,0,0,189,1250,California
El Dorado,2020-12-24,87,1337,65,1240,22,97,0,0,87,1337,0,0,87,1337,California
El Dorado,2020-12-25,8,1345,8,1248,0,97,0,0,8,1345,0,0,8,1345,California
El Dorado,2020-12-26,43,1388,25,1273,18,115,0,0,43,1388,0,0,43,1388,California
El Dorado,2020-12-27,37,1425,33,1306,4,119,0,0,37,1425,0,0,37,1425,California
El Dorado,2020-12-28,216,1641,170,1476,46,165,0,0,216,1641,0,0,216,1641,California
El Dorado,2020-12-29,452,2093,138,1614,314,479,0,0,452,2093,0,0,452,2093,California
El Dorado,2020-12-30,504,2597,135,1749,369,848,0,0,504,2597,0,0,504,2597,California
El Dorado,2020-12-31,108,2705,68,1817,40,888,0,0,108,2705,0,0,108,2705,California
El Dorado,2021-01-01,7,2712,4,1821,3,891,0,0,7,2712,0,0,7,2712,California
El Dorado,2021-01-02,148,2860,137,1958,11,902,0,0,148,2860,0,0,148,2860,California
El Dorado,2021-01-03,89,2949,16,1974,73,975,0,0,89,2949,0,0,89,2949,California
El Dorado,2021-01-04,190,3139,62,2036,128,1103,0,0,190,3139,0,0,190,3139,California
El Dorado,2021-01-05,200,3339,46,2082,154,1257,0,0,184,3307,16,16,184,3323,California
El Dorado,2021-01-06,259,3598,187,2269,72,1329,0,0,196,3440,63,79,196,3519,California
El Dorado,2021-01-07,326,3924,134,2403,192,1521,0,0,255,3624,71,150,255,3774,California
El Dorado,2021-01-08,971,4895,500,2903,471,1992,0,0,769,4192,202,352,770,4544,California
El Dorado,2021-01-09,191,5086,155,3058,36,2028,0,0,123,4247,68,420,123,4667,California
El Dorado,2021-01-10,180,5266,129,3187,51,2079,0,0,111,4289,69,489,111,4778,California
El Dorado,2021-01-11,653,5919,290,3477,363,2442,0,0,458,4553,194,683,458,5236,California
El Dorado,2021-01-12,693,6612,419,3896,274,2716,0,0,445,4750,248,931,445,5681,California
El Dorado,2021-01-13,692,7304,295,4191,397,3113,0,0,533,5125,159,1090,534,6215,California
El Dorado,2021-01-14,673,7977,218,4409,455,3568,0,0,577,5606,96,1186,577,6792,California
El Dorado,2021-01-15,667,8644,181,4590,486,4054,0,0,595,6129,72,1258,595,7387,California
El Dorado,2021-01-16,171,8815,104,4694,67,4121,0,0,144,6246,27,1285,144,7531,California
El Dorado,2021-01-17,96,8911,44,4738,52,4173,0,0,80,6310,16,1301,80,7611,California
El Dorado,2021-01-18,416,9327,138,4876,278,4451,0,0,348,6590,68,1369,348,7959,California
El Dorado,2021-01-19,632,9959,345,5221,287,4738,0,0,484,6926,148,1517,484,8443,California
El Dorado,2021-01-20,1006,10965,684,5905,322,5060,0,0,894,7709,111,1628,894,9337,California
El Dorado,2021-01-21,1140,12105,562,6467,578,5638,0,0,934,8479,164,1792,934,10271,California
El Dorado,2021-01-22,1091,13196,704,7171,387,6025,0,0,1040,9469,50,1842,1040,11311,California
El Dorado,2021-01-23,737,13933,618,7789,119,6144,0,0,627,9986,110,1952,627,11938,California
El Dorado,2021-01-24,125,14058,75,7864,50,6194,0,0,107,10075,18,1970,107,12045,California
El Dorado,2021-01-25,605,14663,200,8064,405,6599,0,0,517,10504,88,2058,517,12562,California
El Dorado,2021-01-26,666,15329,357,8421,309,6908,0,0,566,10971,100,2158,567,13129,California
El Dorado,2021-01-27,921,16250,327,8748,594,7502,0,0,588,11225,334,2492,588,13717,California
El Dorado,2021-01-28,1096,17346,449,9197,647,8149,0,0,737,11603,359,2851,737,14454,California
El Dorado,2021-01-29,964,18310,489,9686,475,8624,0,0,735,12110,228,3079,735,15189,California
El Dorado,2021-01-30,610,18920,359,10045,251,8875,0,0,451,12402,159,3238,451,15640,California
El Dorado,2021-01-31,206,19126,185,10230,21,8896,0,0,176,12548,30,3268,176,15816,California
El Dorado,2021-02-01,787,19913,367,10597,420,9316,0,0,642,13046,144,3412,642,16458,California
El Dorado,2021-02-02,816,20729,361,10958,455,9771,0,0,660,13551,155,3567,660,17118,California
El Dorado,2021-02-03,890,21619,476,11434,414,10185,0,0,680,14021,210,3777,680,17798,California
El Dorado,2021-02-04,1267,22886,722,12156,545,10730,0,0,874,14502,393,4170,874,18672,California
El Dorado,2021-02-05,1476,24362,596,12752,880,11610,0,0,868,14795,575,4745,868,19540,California
El Dorado,2021-02-06,639,25001,334,13086,305,11915,0,0,532,15221,107,4852,533,20073,California
El Dorado,2021-02-07,255,25256,176,13262,79,11994,0,0,190,15346,65,4917,190,20263,California
El Dorado,2021-02-08,875,26131,415,13677,460,12454,0,0,604,15679,271,5188,604,20867,California
El Dorado,2021-02-09,886,27017,484,14161,402,12856,0,0,468,15729,418,5606,468,21335,California
El Dorado,2021-02-10,1213,28230,725,14886,488,13344,0,0,625,15767,587,6193,625,21960,California
El Dorado,2021-02-11,2047,30277,872,15758,1175,14519,0,0,904,15530,1142,7335,905,22865,California
El Dorado,2021-02-12,1482,31759,824,16582,658,15177,0,0,657,15362,825,8160,657,23522,California
El Dorado,2021-02-13,964,32723,670,17252,294,15471,0,0,421,15243,540,8700,421,23943,California
El Dorado,2021-02-14,472,33195,151,17403,321,15792,0,0,390,15551,82,8782,390,24333,California
El Dorado,2021-02-15,1125,34320,385,17788,740,16532,0,0,780,15989,345,9127,783,25116,California
El Dorado,2021-02-16,1151,35471,525,18313,626,17158,0,0,646,16131,505,9632,647,25763,California
El Dorado,2021-02-17,848,36319,374,18687,474,17632,0,0,395,16076,453,10085,398,26161,California
El Dorado,2021-02-18,2062,38381,1007,19694,1055,18687,0,0,1343,16702,718,10803,1344,27505,California
El Dorado,2021-02-19,1154,39535,601,20295,553,19240,0,0,646,16841,508,11311,647,28152,California
El Dorado,2021-02-20,919,40454,431,20726,488,19728,0,0,672,17271,242,11553,672,28824,California
El Dorado,2021-02-21,276,40730,222,20948,54,19782,0,0,96,17187,180,11733,96,28920,California
El Dorado,2021-02-22,855,41585,436,21384,419,20201,0,0,274,16881,580,12313,274,29194,California
El Dorado,2021-02-23,739,42324,465,21849,274,20475,0,0,316,16774,423,12736,316,29510,California
El Dorado,2021-02-24,905,43229,439,22288,466,20941,0,0,367,16604,538,13274,368,29878,California
El Dorado,2021-02-25,1491,44720,859,23147,632,21573,0,0,624,16370,860,14134,626,30504,California
El Dorado,2021-02-26,2227,46947,1460,24607,767,22340,0,0,1531,17205,696,14830,1531,32035,California
El Dorado,2021-02-27,1614,48561,413,25020,1201,23541,0,0,1177,17949,433,15263,1177,33212,California
El Dorado,2021-02-28,556,49117,199,25219,357,23898,0,0,407,18207,149,15412,407,33619,California
El Dorado,2021-03-01,1057,50174,443,25662,614,24512,0,0,568,18287,488,15900,568,34187,California
El Dorado,2021-03-02,853,51027,264,25926,589,25101,0,0,436,18309,415,16315,437,34624,California
El Dorado,2021-03-03,1451,52478,413,26339,1038,26139,0,0,998,18862,447,16762,1000,35624,California
El Dorado,2021-03-04,2180,54658,1374,27713,806,26945,0,0,965,18615,1213,17975,966,36590,California
El Dorado,2021-03-05,1219,55877,259,27972,955,27900,5,5,755,18916,460,18435,761,37351,California
El Dorado,2021-03-06,605,56482,190,28162,385,28285,30,35,315,18971,290,18725,345,37696,California
El Dorado,2021-03-07,401,56883,199,28361,181,28466,21,56,240,19073,159,18884,261,37957,California
El Dorado,2021-03-08,1247,58130,367,28728,813,29279,67,123,791,19478,455,19339,860,38817,California
El Dorado,2021-03-09,897,59027,225,28953,609,29888,63,186,547,19741,348,19687,611,39428,California
El Dorado,2021-03-10,772,59799,330,29283,420,30308,22,208,466,19925,304,19991,488,39916,California
El Dorado,2021-03-11,2770,62569,1780,31063,821,31129,169,377,1231,19792,1532,21523,1399,41315,California
El Dorado,2021-03-12,1459,64028,604,31667,623,31752,232,609,544,19663,911,22434,782,42097,California
El Dorado,2021-03-13,926,64954,345,32012,325,32077,256,865,336,19665,588,23022,590,42687,California
El Dorado,2021-03-14,663,65617,201,32213,357,32434,105,970,240,19588,423,23445,346,43033,California
El Dorado,2021-03-15,1275,66892,300,32513,852,33286,123,1093,517,19474,755,24200,641,43674,California
El Dorado,2021-03-16,1127,68019,385,32898,603,33889,139,1232,499,19488,624,24824,638,44312,California
El Dorado,2021-03-17,965,68984,316,33214,556,34445,93,1325,601,19819,364,25188,695,45007,California
El Dorado,2021-03-18,1922,70906,973,34187,908,35353,41,1366,1184,20312,733,25921,1226,46233,California
El Dorado,2021-03-19,830,71736,269,34456,436,35789,125,1491,430,20467,400,26321,555,46788,California
El Dorado,2021-03-20,745,72481,178,34634,554,36343,13,1504,258,20262,476,26797,271,47059,California
El Dorado,2021-03-21,929,73410,379,35013,543,36886,7,1511,839,21020,89,26886,847,47906,California
El Dorado,2021-03-22,1394,74804,447,35460,866,37752,81,1592,1100,21912,291,27177,1183,49089,California
El Dorado,2021-03-23,1026,75830,437,35897,499,38251,90,1682,648,22282,369,27546,739,49828,California
El Dorado,2021-03-24,1268,77098,590,36487,486,38737,192,1874,579,22380,682,28228,780,50608,California
El Dorado,2021-03-25,2261,79359,1571,38058,587,39324,103,1977,1258,22840,1000,29228,1460,52068,California
El Dorado,2021-03-26,1621,80980,643,38701,872,40196,106,2083,832,23134,778,30006,1072,53140,California
El Dorado,2021-03-27,1240,82220,162,38863,1074,41270,4,2087,291,22496,943,30949,305,53445,California
El Dorado,2021-03-28,573,82793,171,39034,391,41661,11,2098,174,22285,397,31346,186,53631,California
El Dorado,2021-03-29,1179,83972,428,39462,738,42399,13,2111,740,22606,436,31782,757,54388,California
El Dorado,2021-03-30,1204,85176,414,39876,714,43113,76,2187,611,22711,590,32372,695,55083,California
El Dorado,2021-03-31,1233,86409,558,40434,619,43732,56,2243,562,22688,668,33040,645,55728,California
El Dorado,2021-04-01,671,87080,363,40797,301,44033,7,2250,228,22561,443,33483,316,56044,California
Fresno,2020-12-15,1,1,1,1,0,0,0,0,1,1,0,0,1,1,California
Fresno,2020-12-16,120,121,120,121,0,0,0,0,120,121,0,0,120,121,California
Fresno,2020-12-17,119,240,119,240,0,0,0,0,119,240,0,0,119,240,California
Fresno,2020-12-18,344,584,344,584,0,0,0,0,344,584,0,0,344,584,California
Fresno,2020-12-19,157,741,157,741,0,0,0,0,157,741,0,0,157,741,California
Fresno,2020-12-20,255,996,254,995,1,1,0,0,255,996,0,0,255,996,California
Fresno,2020-12-21,926,1922,925,1920,1,2,0,0,958,1954,0,0,958,1954,California
Fresno,2020-12-22,900,2822,872,2792,28,30,0,0,904,2858,0,0,904,2858,California
Fresno,2020-12-23,1080,3902,1051,3843,29,59,0,0,1081,3939,0,0,1081,3939,California
Fresno,2020-12-24,578,4480,563,4406,15,74,0,0,578,4517,0,0,578,4517,California
Fresno,2020-12-25,3,4483,2,4408,1,75,0,0,3,4520,0,0,3,4520,California
Fresno,2020-12-26,720,5203,712,5120,8,83,0,0,720,5240,0,0,720,5240,California
Fresno,2020-12-27,299,5502,204,5324,95,178,0,0,299,5539,0,0,299,5539,California
Fresno,2020-12-28,1056,6558,772,6096,284,462,0,0,1056,6595,0,0,1056,6595,California
Fresno,2020-12-29,1775,8333,1038,7134,737,1199,0,0,1773,8367,1,1,1773,8368,California
Fresno,2020-12-30,970,9303,473,7607,497,1696,0,0,970,9337,0,1,970,9338,California
Fresno,2020-12-31,892,10195,311,7918,581,2277,0,0,891,10228,0,1,891,10229,California
Fresno,2021-01-01,9,10204,3,7921,6,2283,0,0,9,10237,0,1,9,10238,California
Fresno,2021-01-02,1028,11232,716,8637,312,2595,0,0,1028,11265,0,1,1028,11266,California
Fresno,2021-01-03,152,11384,128,8765,24,2619,0,0,152,11417,0,1,152,11418,California
Fresno,2021-01-04,606,11990,372,9137,234,2853,0,0,606,12023,0,1,606,12024,California
Fresno,2021-01-05,775,12765,311,9448,464,3317,0,0,701,12650,74,75,701,12725,California
Fresno,2021-01-06,965,13730,342,9790,623,3940,0,0,793,13271,172,247,793,13518,California
Fresno,2021-01-07,1872,15602,913,10703,959,4899,0,0,1620,14640,252,499,1621,15139,California
Fresno,2021-01-08,1769,17371,614,11317,1155,6054,0,0,1404,15682,363,862,1405,16544,California
Fresno,2021-01-09,628,17999,387,11704,241,6295,0,0,354,15762,274,1136,354,16898,California
Fresno,2021-01-10,513,18512,485,12189,28,6323,0,0,199,15647,314,1450,199,17097,California
Fresno,2021-01-11,2133,20645,1730,13919,403,6726,0,0,1440,16398,693,2143,1444,18541,California
Fresno,2021-01-12,2502,23147,1810,15729,692,7418,0,0,1656,17208,848,2991,1658,20199,California
Fresno,2021-01-13,3526,26673,2422,18151,1104,8522,0,0,2667,19018,859,3850,2669,22868,California
Fresno,2021-01-14,4128,30801,2206,20357,1922,10444,0,0,3655,22200,473,4323,3655,26523,California
Fresno,2021-01-15,3618,34419,2522,22879,1096,11540,0,0,3261,25106,357,4680,3263,29786,California
Fresno,2021-01-16,3133,37552,2293,25172,840,12380,0,0,2672,27318,461,5141,2673,32459,California
Fresno,2021-01-17,978,38530,555,25727,423,12803,0,0,778,27896,200,5341,778,33237,California
Fresno,2021-01-18,3071,41601,2363,28090,708,13511,0,0,2411,29651,658,5999,2413,35650,California
Fresno,2021-01-19,4288,45889,2529,30619,1759,15270,0,0,3648,32667,640,6639,3656,39306,California
Fresno,2021-01-20,2979,48868,1184,31803,1795,17065,0,0,2692,35073,288,6927,2694,42000,California
Fresno,2021-01-21,4325,53193,2001,33804,2324,19389,0,0,3980,38730,328,7255,3985,45985,California
Fresno,2021-01-22,3292,56485,1340,35144,1952,21341,0,0,2907,41269,369,7624,2908,48893,California
Fresno,2021-01-23,3032,59517,1957,37101,1075,22416,0,0,2309,42864,723,8347,2318,51211,California
Fresno,2021-01-24,550,60067,373,37474,177,22593,0,0,347,43011,203,8550,350,51561,California
Fresno,2021-01-25,2322,62389,858,38332,1464,24057,0,0,1838,44372,484,9034,1845,53406,California
Fresno,2021-01-26,2007,64396,578,38910,1429,25486,0,0,1298,44966,707,9741,1301,54707,California
Fresno,2021-01-27,2233,66629,1155,40065,1078,26564,0,0,1721,46177,512,10253,1723,56430,California
Fresno,2021-01-28,4448,71077,3022,43087,1426,27990,0,0,3444,48623,1001,11254,3447,59877,California
Fresno,2021-01-29,1692,72769,983,44070,709,28699,0,0,1395,49726,293,11547,1396,61273,California
Fresno,2021-01-30,1413,74182,527,44597,886,29585,0,0,1003,50319,410,11957,1003,62276,California
Fresno,2021-01-31,228,74410,219,44816,9,29594,0,0,74,50239,154,12111,74,62350,California
Fresno,2021-02-01,3319,77729,1656,46472,1663,31257,0,0,1727,50477,1591,13702,1829,64179,California
Fresno,2021-02-02,2713,80442,544,47016,2169,33426,0,0,1545,50933,1155,14857,1611,65790,California
Fresno,2021-02-03,3484,83926,2041,49057,1443,34869,0,0,1527,50523,1938,16795,1528,67318,California
Fresno,2021-02-04,4192,88118,1902,50959,2290,37159,0,0,1927,50220,2235,19030,1932,69250,California
Fresno,2021-02-05,5121,93239,2599,53558,2522,39681,0,0,2109,49326,3005,22035,2111,71361,California
Fresno,2021-02-06,2922,96161,2037,55595,885,40566,0,0,962,48334,1956,23991,964,72325,California
Fresno,2021-02-07,459,96620,285,55880,174,40740,0,0,270,48416,188,24179,270,72595,California
Fresno,2021-02-08,4277,100897,2301,58181,1976,42716,0,0,1815,47801,2439,26618,1824,74419,California
Fresno,2021-02-09,5331,106228,2089,60270,3242,45958,0,0,3131,48814,2126,28744,3139,77558,California
Fresno,2021-02-10,3664,109892,1227,61497,2437,48395,0,0,1965,49139,1646,30390,1971,79529,California
Fresno,2021-02-11,6345,116237,2087,63584,4258,52653,0,0,3367,49544,2966,33356,3371,82900,California
Fresno,2021-02-12,5347,121584,1373,64957,3974,56627,0,0,2750,49719,2581,35937,2756,85656,California
Fresno,2021-02-13,3716,125300,1544,66501,2172,58799,0,0,2071,50160,1633,37570,2074,87730,California
Fresno,2021-02-14,1556,126856,282,66783,1274,60073,0,0,846,50298,709,38279,847,88577,California
Fresno,2021-02-15,2865,129721,270,67053,2595,62668,0,0,1763,50966,1098,39377,1766,90343,California
Fresno,2021-02-16,6612,136333,2388,69441,4224,66892,0,0,4212,52799,2384,41761,4217,94560,California
Fresno,2021-02-17,5298,141631,2441,71882,2857,69749,0,0,2965,53488,2288,44049,2977,97537,California
Fresno,2021-02-18,6801,148432,2908,74790,3893,73642,0,0,2574,51897,4177,48226,2586,100123,California
Fresno,2021-02-19,3802,152234,1104,75894,2698,76340,0,0,1837,51783,1954,50180,1840,101963,California
Fresno,2021-02-20,4528,156762,2493,78387,2035,78375,0,0,3069,53404,1453,51633,3074,105037,California
Fresno,2021-02-21,179,156941,163,78550,16,78391,0,0,127,53490,41,51674,127,105164,California
Fresno,2021-02-22,2168,159109,959,79509,1209,79600,0,0,1196,53730,963,52637,1203,106367,California
Fresno,2021-02-23,3814,162923,1439,80948,2375,81975,0,0,2964,55856,844,53481,2970,109337,California
Fresno,2021-02-24,4093,167016,1492,82440,2601,84576,0,0,3358,58490,727,54208,3361,112698,California
Fresno,2021-02-25,7385,174401,2466,84906,4919,89495,0,0,5998,63117,1377,55585,6004,118702,California
Fresno,2021-02-26,8122,182523,2981,87887,5141,94636,0,0,6865,68750,1236,56821,6869,125571,California
Fresno,2021-02-27,6239,188762,2174,90061,4065,98701,0,0,5564,73655,667,57488,5572,131143,California
Fresno,2021-02-28,1625,190387,525,90586,1100,99801,0,0,1529,75111,86,57574,1542,132685,California
Fresno,2021-03-01,4729,195116,1240,91826,3489,103290,0,0,3469,77339,1248,58822,3476,136161,California
Fresno,2021-03-02,8192,203308,2244,94070,5948,109238,0,0,6871,82938,1297,60119,6896,143057,California
Fresno,2021-03-03,5901,209209,1374,95444,4527,113765,0,0,4931,87003,960,61079,5025,148082,California
Fresno,2021-03-04,8031,217240,2270,97714,5761,119526,0,0,6551,92107,1457,62536,6561,154643,California
Fresno,2021-03-05,7041,224281,2582,100296,4458,123984,1,1,6099,97432,812,63348,6137,160780,California
Fresno,2021-03-06,6050,230331,3288,103584,2650,126634,112,113,5133,101770,912,64260,5250,166030,California
Fresno,2021-03-07,1310,231641,536,104120,740,127374,34,147,1089,102673,221,64481,1124,167154,California
Fresno,2021-03-08,4549,236190,1699,105819,2718,130092,132,279,3417,105109,1128,65609,3564,170718,California
Fresno,2021-03-09,6591,242781,2220,108039,4107,134199,264,543,3733,106300,2847,68456,4038,174756,California
Fresno,2021-03-10,5918,248699,2354,110393,3204,137403,360,903,4564,109890,1344,69800,4934,179690,California
Fresno,2021-03-11,10271,258970,3970,114363,5786,143189,515,1418,5576,111393,4664,74464,6167,185857,California
Fresno,2021-03-12,9850,268820,4211,118574,5256,148445,383,1801,7367,116822,2471,76935,7900,193757,California
Fresno,2021-03-13,6805,275625,3627,122201,2279,150724,899,2700,3208,117431,3582,80517,4191,197948,California
Fresno,2021-03-14,1223,276848,383,122584,571,151295,269,2969,492,117466,727,81244,762,198710,California
Fresno,2021-03-15,6619,283467,2825,125409,3632,154927,162,3131,4518,120254,2092,83336,4880,203590,California
Fresno,2021-03-16,9834,293301,4321,129730,5143,160070,370,3501,6026,122970,3783,87119,6499,210089,California
Fresno,2021-03-17,7714,301015,3582,133312,3600,163670,532,4033,5176,126542,2520,89639,6092,216181,California
Fresno,2021-03-18,10237,311252,5651,138963,4040,167710,546,4579,6612,130466,3594,93233,7518,223699,California
Fresno,2021-03-19,9023,320275,4661,143624,3916,171626,446,5025,5985,134152,3016,96249,6702,230401,California
Fresno,2021-03-20,5180,325455,2952,146576,2031,173657,197,5222,3069,135508,2104,98353,3460,233861,California
Fresno,2021-03-21,1724,327179,1174,147750,188,173845,362,5584,934,136023,786,99139,1301,235162,California
Fresno,2021-03-22,5494,332673,2800,150550,2104,175949,590,6174,3672,138731,1794,100933,4502,239664,California
Fresno,2021-03-23,10394,343067,5172,155722,4797,180746,425,6599,6042,141356,4318,105251,6943,246607,California
Fresno,2021-03-24,8287,351354,3456,159178,4036,184782,795,7394,4611,143283,3650,108901,5577,252184,California
Fresno,2021-03-25,11317,362671,5309,164487,5373,190155,635,8029,5958,144857,5326,114227,6900,259084,California
Fresno,2021-03-26,10905,373576,5161,169648,5147,195302,597,8626,5069,144792,5790,120017,5725,264809,California
Fresno,2021-03-27,9138,382714,4034,173682,4103,199405,1001,9627,2868,142530,6241,126258,3979,268788,California
Fresno,2021-03-28,3035,385749,1158,174840,1379,200784,498,10125,1315,142894,1714,127972,2078,270866,California
Fresno,2021-03-29,5575,391324,1861,176701,3231,204015,483,10608,2779,143420,2768,130740,3294,274160,California
Fresno,2021-03-30,9508,400832,3992,180693,4799,208814,717,11325,4258,143229,5226,135966,5035,279195,California
Fresno,2021-03-31,7347,408179,3038,183731,3574,212388,735,12060,3390,143540,3917,139883,4228,283423,California
Fresno,2021-04-01,4955,413134,2125,185856,2530,214918,300,12360,1815,142648,3104,142987,2212,285635,California
Glenn,2020-12-17,1,1,1,1,0,0,0,0,1,1,0,0,1,1,California
Glenn,2020-12-19,1,2,1,2,0,0,0,0,1,2,0,0,1,2,California
Glenn,2020-12-20,1,3,1,3,0,0,0,0,1,3,0,0,1,3,California
Glenn,2020-12-21,11,14,11,14,0,0,0,0,11,14,0,0,11,14,California
Glenn,2020-12-22,59,73,59,73,0,0,0,0,59,73,0,0,59,73,California
Glenn,2020-12-23,26,99,26,99,0,0,0,0,26,99,0,0,26,99,California
Glenn,2020-12-24,9,108,9,108,0,0,0,0,9,108,0,0,9,108,California
Glenn,2020-12-26,2,110,2,110,0,0,0,0,2,110,0,0,2,110,California
Glenn,2020-12-27,4,114,4,114,0,0,0,0,4,114,0,0,4,114,California
Glenn,2020-12-28,20,134,20,134,0,0,0,0,20,134,0,0,20,134,California
Glenn,2020-12-29,82,216,82,216,0,0,0,0,82,216,0,0,82,216,California
Glenn,2020-12-30,129,345,107,323,22,22,0,0,129,345,0,0,129,345,California
Glenn,2020-12-31,38,383,9,332,29,51,0,0,38,383,0,0,38,383,California
Glenn,2021-01-02,2,385,2,334,0,51,0,0,2,385,0,0,2,385,California
Glenn,2021-01-04,7,392,5,339,2,53,0,0,7,392,0,0,7,392,California
Glenn,2021-01-05,9,401,8,347,1,54,0,0,9,401,0,0,9,401,California
Glenn,2021-01-06,61,462,9,356,52,106,0,0,61,462,0,0,61,462,California
Glenn,2021-01-07,66,528,12,368,54,160,0,0,64,524,2,2,64,526,California
Glenn,2021-01-08,11,539,9,377,2,162,0,0,11,535,0,2,11,537,California
Glenn,2021-01-10,1,540,1,378,0,162,0,0,0,534,1,3,0,537,California
Glenn,2021-01-11,30,570,30,408,0,162,0,0,12,528,18,21,12,549,California
Glenn,2021-01-12,42,612,37,445,5,167,0,0,14,514,28,49,14,563,California
Glenn,2021-01-13,153,765,88,533,65,232,0,0,110,581,43,92,110,673,California
Glenn,2021-01-14,183,948,95,628,88,320,0,0,173,744,10,102,173,846,California
Glenn,2021-01-15,42,990,34,662,8,328,0,0,37,776,5,107,37,883,California
Glenn,2021-01-16,34,1024,14,676,20,348,0,0,24,790,10,117,24,907,California
Glenn,2021-01-17,4,1028,2,678,2,350,0,0,2,790,2,119,2,909,California
Glenn,2021-01-18,17,1045,16,694,1,351,0,0,9,791,8,127,9,918,California
Glenn,2021-01-19,28,1073,18,712,10,361,0,0,12,787,16,143,12,930,California
Glenn,2021-01-20,162,1235,93,805,69,430,0,0,81,787,81,224,81,1011,California
Glenn,2021-01-21,124,1359,98,903,26,456,0,0,29,721,95,319,29,1040,California
Glenn,2021-01-22,336,1695,63,966,273,729,0,0,329,1043,7,326,329,1369,California
Glenn,2021-01-23,14,1709,7,973,7,736,0,0,12,1053,2,328,12,1381,California
Glenn,2021-01-24,1,1710,1,974,0,736,0,0,1,1054,0,328,1,1382,California
Glenn,2021-01-25,27,1737,9,983,18,754,0,0,24,1075,3,331,24,1406,California
Glenn,2021-01-26,29,1766,13,996,16,770,0,0,23,1092,6,337,23,1429,California
Glenn,2021-01-27,188,1954,14,1010,174,944,0,0,166,1236,22,359,166,1595,California
Glenn,2021-01-28,145,2099,8,1018,137,1081,0,0,115,1321,30,389,115,1710,California
Glenn,2021-01-29,296,2395,11,1029,285,1366,0,0,282,1589,14,403,282,1992,California
Glenn,2021-01-30,4,2399,0,1029,4,1370,0,0,4,1593,0,403,4,1996,California
Glenn,2021-01-31,1,2400,0,1029,1,1371,0,0,1,1594,0,403,1,1997,California
Glenn,2021-02-01,29,2429,10,1039,19,1390,0,0,17,1599,12,415,17,2014,California
Glenn,2021-02-02,27,2456,12,1051,15,1405,0,0,18,1608,9,424,18,2032,California
Glenn,2021-02-03,206,2662,58,1109,148,1553,0,0,111,1624,95,519,111,2143,California
Glenn,2021-02-04,149,2811,84,1193,65,1618,0,0,45,1565,104,623,45,2188,California
Glenn,2021-02-05,320,3131,24,1217,296,1914,0,0,301,1847,19,642,301,2489,California
Glenn,2021-02-06,15,3146,2,1219,13,1927,0,0,14,1860,1,643,14,2503,California
Glenn,2021-02-07,1,3147,1,1220,0,1927,0,0,1,1861,0,643,1,2504,California
Glenn,2021-02-08,21,3168,17,1237,4,1931,0,0,4,1848,17,660,4,2508,California
Glenn,2021-02-09,48,3216,19,1256,29,1960,0,0,36,1872,12,672,36,2544,California
Glenn,2021-02-10,138,3354,19,1275,119,2079,0,0,64,1862,74,746,64,2608,California
Glenn,2021-02-11,233,3587,134,1409,99,2178,0,0,151,1931,82,828,151,2759,California
Glenn,2021-02-12,422,4009,100,1509,322,2500,0,0,358,2225,64,892,358,3117,California
Glenn,2021-02-13,33,4042,7,1516,26,2526,0,0,15,2222,18,910,15,3132,California
Glenn,2021-02-14,1,4043,0,1516,1,2527,0,0,1,2223,0,910,1,3133,California
Glenn,2021-02-15,8,4051,0,1516,8,2535,0,0,8,2231,0,910,8,3141,California
Glenn,2021-02-16,39,4090,9,1525,30,2565,0,0,21,2234,18,928,21,3162,California
Glenn,2021-02-17,381,4471,15,1540,366,2931,0,0,303,2459,78,1006,303,3465,California
Glenn,2021-02-18,138,4609,103,1643,35,2966,0,0,114,2549,24,1030,114,3579,California
Glenn,2021-02-19,302,4911,16,1659,286,3252,0,0,29,2305,273,1303,29,3608,California
Glenn,2021-02-20,8,4919,0,1659,8,3260,0,0,0,2297,8,1311,0,3608,California
Glenn,2021-02-22,32,4951,13,1672,19,3279,0,0,16,2297,16,1327,16,3624,California
Glenn,2021-02-23,40,4991,10,1682,30,3309,0,0,28,2313,12,1339,28,3652,California
Glenn,2021-02-24,223,5214,16,1698,207,3516,0,0,49,2188,174,1513,49,3701,California
Glenn,2021-02-25,262,5476,147,1845,115,3631,0,0,119,2164,143,1656,119,3820,California
Glenn,2021-02-26,304,5780,24,1869,280,3911,0,0,20,1901,283,1939,20,3840,California
Glenn,2021-02-27,14,5794,5,1874,9,3920,0,0,5,1898,8,1947,5,3845,California
Glenn,2021-02-28,5,5799,2,1876,3,3923,0,0,3,1900,1,1948,3,3848,California
Glenn,2021-03-01,29,5828,6,1882,23,3946,0,0,12,1895,17,1965,12,3860,California
Glenn,2021-03-02,36,5864,7,1889,29,3975,0,0,17,1893,19,1984,17,3877,California
Glenn,2021-03-03,180,6044,25,1914,155,4130,0,0,88,1891,90,2074,88,3965,California
Glenn,2021-03-04,479,6523,179,2093,300,4430,0,0,334,2080,145,2219,334,4299,California
Glenn,2021-03-05,330,6853,45,2138,285,4715,0,0,33,1816,297,2516,33,4332,California
Glenn,2021-03-06,28,6881,4,2142,23,4738,1,1,11,1811,17,2533,12,4344,California
Glenn,2021-03-07,5,6886,0,2142,5,4743,0,1,3,1813,1,2534,3,4347,California
Glenn,2021-03-08,21,6907,2,2144,18,4761,1,2,19,1831,2,2536,20,4367,California
Glenn,2021-03-09,70,6977,10,2154,57,4818,3,5,46,1856,24,2560,49,4416,California
Glenn,2021-03-10,165,7142,68,2222,95,4913,2,7,91,1875,74,2634,93,4509,California
Glenn,2021-03-11,504,7646,168,2390,322,5235,14,21,381,2147,123,2757,395,4904,California
Glenn,2021-03-12,398,8044,12,2402,336,5571,50,71,35,1869,363,3120,85,4989,California
Glenn,2021-03-13,10,8054,1,2403,1,5572,8,79,0,1867,10,3130,8,4997,California
Glenn,2021-03-14,3,8057,1,2404,2,5574,0,79,2,1868,1,3131,2,4999,California
Glenn,2021-03-15,74,8131,16,2420,54,5628,4,83,60,1918,14,3145,64,5063,California
Glenn,2021-03-16,101,8232,30,2450,61,5689,10,93,59,1945,42,3187,69,5132,California
Glenn,2021-03-17,415,8647,98,2548,311,6000,6,99,113,1761,302,3489,118,5250,California
Glenn,2021-03-18,459,9106,192,2740,44,6044,223,322,124,1773,335,3824,347,5597,California
Glenn,2021-03-19,84,9190,14,2754,66,6110,4,326,66,1826,17,3841,70,5667,California
Glenn,2021-03-20,74,9264,2,2756,72,6182,0,326,73,1898,1,3842,73,5740,California
Glenn,2021-03-21,7,9271,6,2762,0,6182,1,327,4,1901,2,3844,5,5745,California
Glenn,2021-03-22,116,9387,52,2814,55,6237,9,336,95,1986,19,3863,104,5849,California
Glenn,2021-03-23,154,9541,66,2880,50,6287,38,374,94,2059,59,3922,132,5981,California
Glenn,2021-03-24,195,9736,90,2970,100,6387,5,379,133,2136,61,3983,138,6119,California
Glenn,2021-03-25,458,10194,230,3200,135,6522,93,472,328,2428,129,4112,421,6540,California
Glenn,2021-03-26,224,10418,35,3235,151,6673,38,510,171,2586,53,4165,211,6751,California
Glenn,2021-03-27,149,10567,21,3256,124,6797,4,514,139,2719,10,4175,143,6894,California
Glenn,2021-03-28,14,10581,9,3265,5,6802,0,514,10,2725,4,4179,10,6904,California
Glenn,2021-03-29,55,10636,19,3284,33,6835,3,517,41,2755,14,4193,44,6948,California
Glenn,2021-03-30,73,10709,40,3324,32,6867,1,518,44,2772,28,4221,45,6993,California
Glenn,2021-03-31,116,10825,32,3356,84,6951,0,518,50,2756,66,4287,50,7043,California
Glenn,2021-04-01,252,11077,172,3528,73,7024,7,525,158,2828,94,4381,166,7209,California
Humboldt,2020-12-15,2,2,2,2,0,0,0,0,2,2,0,0,2,2,California
Humboldt,2020-12-16,15,17,15,17,0,0,0,0,15,17,0,0,15,17,California
Humboldt,2020-12-17,115,132,115,132,0,0,0,0,115,132,0,0,115,132,California
Humboldt,2020-12-18,171,303,171,303,0,0,0,0,171,303,0,0,171,303,California
Humboldt,2020-12-19,10,313,10,313,0,0,0,0,10,313,0,0,10,313,California
Humboldt,2020-12-20,28,341,28,341,0,0,0,0,28,341,0,0,28,341,California
Humboldt,2020-12-21,165,506,165,506,0,0,0,0,165,506,0,0,165,506,California
Humboldt,2020-12-22,288,794,288,794,0,0,0,0,288,794,0,0,288,794,California
Humboldt,2020-12-23,301,1095,253,1047,48,48,0,0,302,1096,0,0,302,1096,California
Humboldt,2020-12-24,25,1120,2,1049,23,71,0,0,25,1121,0,0,25,1121,California
Humboldt,2020-12-25,2,1122,2,1051,0,71,0,0,2,1123,0,0,2,1123,California
Humboldt,2020-12-26,7,1129,6,1057,1,72,0,0,7,1130,0,0,7,1130,California
Humboldt,2020-12-27,1,1130,0,1057,1,73,0,0,1,1131,0,0,1,1131,California
Humboldt,2020-12-28,152,1282,143,1200,9,82,0,0,152,1283,0,0,152,1283,California
Humboldt,2020-12-29,164,1446,121,1321,43,125,0,0,164,1447,0,0,164,1447,California
Humboldt,2020-12-30,221,1667,122,1443,99,224,0,0,221,1668,0,0,221,1668,California
Humboldt,2020-12-31,242,1909,80,1523,162,386,0,0,242,1910,0,0,242,1910,California
Humboldt,2021-01-01,1,1910,1,1524,0,386,0,0,1,1911,0,0,1,1911,California
Humboldt,2021-01-02,38,1948,1,1525,37,423,0,0,38,1949,0,0,38,1949,California
Humboldt,2021-01-04,214,2162,141,1666,73,496,0,0,215,2164,0,0,215,2164,California
Humboldt,2021-01-05,125,2287,17,1683,108,604,0,0,125,2289,0,0,125,2289,California
Humboldt,2021-01-06,299,2586,202,1885,97,701,0,0,228,2457,60,60,228,2517,California
Humboldt,2021-01-07,387,2973,274,2159,113,814,0,0,304,2680,81,141,304,2821,California
Humboldt,2021-01-08,417,3390,279,2438,138,952,0,0,285,2837,128,269,285,3106,California
Humboldt,2021-01-09,69,3459,45,2483,24,976,0,0,66,2901,3,272,67,3173,California
Humboldt,2021-01-10,84,3543,84,2567,0,976,0,0,4,2825,80,352,4,3177,California
Humboldt,2021-01-11,285,3828,274,2841,11,987,0,0,76,2696,205,557,76,3253,California
Humboldt,2021-01-12,478,4306,315,3156,163,1150,0,0,301,2842,155,712,301,3554,California
Humboldt,2021-01-13,473,4779,271,3427,202,1352,0,0,297,2967,173,885,298,3852,California
Humboldt,2021-01-14,517,5296,161,3588,356,1708,0,0,461,3373,56,941,462,4314,California
Humboldt,2021-01-15,373,5669,40,3628,333,2041,0,0,355,3711,17,958,355,4669,California
Humboldt,2021-01-16,169,5838,6,3634,163,2204,0,0,168,3878,1,959,168,4837,California
Humboldt,2021-01-17,4,5842,3,3637,1,2205,0,0,4,3882,0,959,4,4841,California
Humboldt,2021-01-18,272,6114,237,3874,35,2240,0,0,125,3860,147,1106,125,4966,California
Humboldt,2021-01-19,618,6732,372,4246,246,2486,0,0,492,4232,120,1226,492,5458,California
Humboldt,2021-01-20,874,7606,363,4609,511,2997,0,0,762,4885,111,1337,764,6222,California
Humboldt,2021-01-21,958,8564,261,4870,697,3694,0,0,918,5762,41,1378,918,7140,California
Humboldt,2021-01-22,676,9240,377,5247,299,3993,0,0,668,6422,8,1386,668,7808,California
Humboldt,2021-01-23,741,9981,250,5497,491,4484,0,0,735,7152,6,1392,736,8544,California
Humboldt,2021-01-24,224,10205,1,5498,223,4707,0,0,224,7376,0,1392,224,8768,California
Humboldt,2021-01-25,297,10502,227,5725,70,4777,0,0,144,7367,153,1545,144,8912,California
Humboldt,2021-01-26,515,11017,132,5857,383,5160,0,0,471,7794,44,1589,471,9383,California
Humboldt,2021-01-27,1254,12271,585,6442,669,5829,0,0,1190,8927,57,1646,1190,10573,California
Humboldt,2021-01-28,1443,13714,626,7068,817,6646,0,0,1306,10101,134,1780,1308,11881,California
Humboldt,2021-01-29,1123,14837,539,7607,584,7230,0,0,708,10394,415,2195,708,12589,California
Humboldt,2021-01-30,966,15803,455,8062,511,7741,0,0,958,11344,8,2203,958,13547,California
Humboldt,2021-01-31,307,16110,306,8368,1,7742,0,0,305,11647,2,2205,305,13852,California
Humboldt,2021-02-01,320,16430,180,8548,140,7882,0,0,184,11696,135,2340,184,14036,California
Humboldt,2021-02-02,427,16857,60,8608,367,8249,0,0,332,11935,95,2435,334,14370,California
Humboldt,2021-02-03,642,17499,257,8865,385,8634,0,0,494,12281,148,2583,494,14864,California
Humboldt,2021-02-04,635,18134,261,9126,374,9008,0,0,440,12528,193,2776,440,15304,California
Humboldt,2021-02-05,812,18946,96,9222,716,9724,0,0,629,12974,183,2959,629,15933,California
Humboldt,2021-02-06,963,19909,353,9575,610,10334,0,0,944,13901,17,2976,944,16877,California
Humboldt,2021-02-07,378,20287,7,9582,371,10705,0,0,375,14273,3,2979,375,17252,California
Humboldt,2021-02-08,294,20581,113,9695,181,10886,0,0,173,14326,120,3099,173,17425,California
Humboldt,2021-02-09,482,21063,208,9903,274,11160,0,0,173,14190,309,3408,173,17598,California
Humboldt,2021-02-10,559,21622,368,10271,191,11351,0,0,232,14100,322,3730,232,17830,California
Humboldt,2021-02-11,1285,22907,389,10660,896,12247,0,0,505,13828,777,4507,505,18335,California
Humboldt,2021-02-12,1136,24043,731,11391,405,12652,0,0,700,14092,436,4943,700,19035,California
Humboldt,2021-02-13,1427,25470,483,11874,944,13596,0,0,858,14385,566,5509,859,19894,California
Humboldt,2021-02-14,115,25585,6,11880,109,13705,0,0,112,14495,2,5511,112,20006,California
Humboldt,2021-02-15,288,25873,74,11954,214,13919,0,0,195,14598,93,5604,196,20202,California
Humboldt,2021-02-16,521,26394,108,12062,413,14332,0,0,247,14572,274,5878,248,20450,California
Humboldt,2021-02-17,440,26834,272,12334,168,14500,0,0,137,14406,303,6181,137,20587,California
Humboldt,2021-02-18,968,27802,600,12934,368,14868,0,0,228,13895,739,6920,228,20815,California
Humboldt,2021-02-19,480,28282,438,13372,42,14910,0,0,93,13604,384,7304,93,20908,California
Humboldt,2021-02-20,1501,29783,903,14275,598,15508,0,0,418,12943,1081,8385,420,21328,California
Humboldt,2021-02-21,477,30260,469,14744,8,15516,0,0,191,12848,286,8671,191,21519,California
Humboldt,2021-02-22,111,30371,79,14823,32,15548,0,0,26,12791,83,8754,26,21545,California
Humboldt,2021-02-23,163,30534,63,14886,100,15648,0,0,41,12712,120,8874,41,21586,California
Humboldt,2021-02-24,1144,31678,685,15571,459,16107,0,0,571,12711,572,9446,571,22157,California
Humboldt,2021-02-25,831,32509,323,15894,508,16615,0,0,231,12344,598,10044,231,22388,California
Humboldt,2021-02-26,2137,34646,107,16001,2030,18645,0,0,454,11120,1678,11722,454,22842,California
Humboldt,2021-02-27,1466,36112,883,16884,583,19228,0,0,833,11324,631,12353,835,23677,California
Humboldt,2021-02-28,125,36237,13,16897,112,19340,0,0,118,11435,7,12360,118,23795,California
Humboldt,2021-03-01,246,36483,45,16942,201,19541,0,0,173,11535,73,12433,173,23968,California
Humboldt,2021-03-02,269,36752,41,16983,228,19769,0,0,152,11570,117,12550,152,24120,California
Humboldt,2021-03-03,1511,38263,1030,18013,481,20250,0,0,1101,12268,404,12954,1102,25222,California
Humboldt,2021-03-04,863,39126,99,18112,764,21014,0,0,258,11922,605,13559,259,25481,California
Humboldt,2021-03-05,911,40037,171,18283,730,21744,10,10,358,11741,549,14108,368,25849,California
Humboldt,2021-03-06,1580,41617,733,19016,798,22542,49,59,698,11609,881,14989,749,26598,California
Humboldt,2021-03-07,358,41975,297,19313,45,22587,16,75,154,11576,203,15192,170,26768,California
Humboldt,2021-03-08,222,42197,19,19332,132,22719,71,146,135,11695,87,15279,206,26974,California
Humboldt,2021-03-09,431,42628,194,19526,111,22830,126,272,210,11811,220,15499,336,27310,California
Humboldt,2021-03-10,605,43233,427,19953,67,22897,111,383,380,12078,224,15723,491,27801,California
Humboldt,2021-03-11,1263,44496,404,20357,763,23660,96,479,484,11881,776,16499,579,28380,California
Humboldt,2021-03-12,1558,46054,1004,21361,354,24014,200,679,975,12483,575,17074,1177,29557,California
Humboldt,2021-03-13,1390,47444,950,22311,396,24410,44,723,644,12430,741,17815,688,30245,California
Humboldt,2021-03-14,92,47536,14,22325,71,24481,7,730,19,12383,73,17888,26,30271,California
Humboldt,2021-03-15,276,47812,50,22375,205,24686,21,751,59,12246,217,18105,80,30351,California
Humboldt,2021-03-16,625,48437,204,22579,172,24858,249,1000,269,12407,356,18461,517,30868,California
Humboldt,2021-03-17,683,49120,359,22938,223,25081,101,1101,322,12470,360,18821,423,31291,California
Humboldt,2021-03-18,1268,50388,821,23759,416,25497,31,1132,733,12703,531,19352,764,32055,California
Humboldt,2021-03-19,924,51312,57,23816,562,26059,305,1437,349,12784,573,19925,654,32709,California
Humboldt,2021-03-20,961,52273,578,24394,372,26431,11,1448,271,12381,689,20614,286,32995,California
Humboldt,2021-03-21,246,52519,34,24428,184,26615,28,1476,199,12561,47,20661,227,33222,California
Humboldt,2021-03-22,119,52638,24,24452,50,26665,45,1521,68,12624,50,20711,113,33335,California
Humboldt,2021-03-23,411,53049,54,24506,317,26982,40,1561,325,12904,85,20796,365,33700,California
Humboldt,2021-03-24,1314,54363,332,24838,938,27920,44,1605,995,13649,314,21110,1059,34759,California
Humboldt,2021-03-25,1714,56077,1141,25979,512,28432,61,1666,853,13708,857,21967,916,35675,California
Humboldt,2021-03-26,1953,58030,428,26407,1470,29902,55,1721,1521,14867,428,22395,1587,37262,California
Humboldt,2021-03-27,1259,59289,837,27244,302,30204,120,1841,518,14767,740,23135,640,37902,California
Humboldt,2021-03-28,257,59546,77,27321,113,30317,67,1908,79,14735,178,23313,146,38048,California
Humboldt,2021-03-29,453,59999,122,27443,241,30558,90,1998,190,14753,262,23575,280,38328,California
Humboldt,2021-03-30,880,60879,290,27733,503,31061,87,2085,537,15041,341,23916,629,38957,California
Humboldt,2021-03-31,1106,61985,409,28142,607,31668,90,2175,751,15557,354,24270,870,39827,California
Humboldt,2021-04-01,1222,63207,228,28370,991,32659,3,2178,1054,16465,165,24435,1073,40900,California
Imperial,2020-12-16,1,1,1,1,0,0,0,0,1,1,0,0,1,1,California
Imperial,2020-12-17,4,5,4,5,0,0,0,0,4,5,0,0,4,5,California
Imperial,2020-12-18,11,16,11,16,0,0,0,0,11,16,0,0,11,16,California
Imperial,2020-12-20,2,18,2,18,0,0,0,0,2,18,0,0,2,18,California
Imperial,2020-12-21,186,204,186,204,0,0,0,0,186,204,0,0,186,204,California
Imperial,2020-12-22,242,446,240,444,2,2,0,0,242,446,0,0,242,446,California
Imperial,2020-12-23,212,658,211,655,1,3,0,0,211,657,0,0,211,657,California
Imperial,2020-12-24,5,663,5,660,0,3,0,0,5,662,0,0,5,662,California
Imperial,2020-12-26,1,664,0,660,1,4,0,0,1,663,0,0,1,663,California
Imperial,2020-12-27,62,726,0,660,62,66,0,0,62,725,0,0,62,725,California
Imperial,2020-12-28,215,941,114,774,101,167,0,0,215,940,0,0,215,940,California
Imperial,2020-12-29,188,1129,35,809,153,320,0,0,188,1128,0,0,188,1128,California
Imperial,2020-12-30,366,1495,49,858,317,637,0,0,366,1494,0,0,366,1494,California
Imperial,2020-12-31,200,1695,26,884,174,811,0,0,200,1694,0,0,200,1694,California
Imperial,2021-01-01,5,1700,5,889,0,811,0,0,5,1699,0,0,5,1699,California
Imperial,2021-01-02,4,1704,0,889,4,815,0,0,4,1703,0,0,4,1703,California
Imperial,2021-01-03,90,1794,0,889,90,905,0,0,90,1793,0,0,90,1793,California
Imperial,2021-01-04,84,1878,4,893,80,985,0,0,84,1877,0,0,84,1877,California
Imperial,2021-01-05,172,2050,13,906,159,1144,0,0,172,2049,0,0,172,2049,California
Imperial,2021-01-06,190,2240,25,931,165,1309,0,0,189,2237,1,1,189,2238,California
Imperial,2021-01-07,319,2559,9,940,310,1619,0,0,316,2550,3,4,316,2554,California
Imperial,2021-01-08,190,2749,50,990,140,1759,0,0,181,2722,9,13,181,2735,California
Imperial,2021-01-09,24,2773,21,1011,3,1762,0,0,24,2746,0,13,24,2759,California
Imperial,2021-01-10,1,2774,0,1011,1,1763,0,0,1,2747,0,13,1,2760,California
Imperial,2021-01-11,401,3175,243,1254,158,1921,0,0,172,2690,229,242,172,2932,California
Imperial,2021-01-12,404,3579,301,1555,103,2024,0,0,142,2571,261,503,142,3074,California
Imperial,2021-01-13,382,3961,132,1687,250,2274,0,0,283,2755,99,602,283,3357,California
Imperial,2021-01-14,260,4221,152,1839,108,2382,0,0,253,3002,6,608,253,3610,California
Imperial,2021-01-15,240,4461,182,2021,58,2440,0,0,233,3228,7,615,233,3843,California
Imperial,2021-01-16,77,4538,71,2092,6,2446,0,0,77,3305,0,615,77,3920,California
Imperial,2021-01-17,9,4547,2,2094,7,2453,0,0,9,3314,0,615,9,3929,California
Imperial,2021-01-18,1061,5608,402,2496,659,3112,0,0,963,4180,98,713,964,4893,California
Imperial,2021-01-19,165,5773,128,2624,37,3149,0,0,118,4251,47,760,118,5011,California
Imperial,2021-01-20,291,6064,193,2817,98,3247,0,0,254,4468,37,797,254,5265,California
Imperial,2021-01-21,415,6479,183,3000,232,3479,0,0,395,4843,20,817,395,5660,California
Imperial,2021-01-22,460,6939,189,3189,271,3750,0,0,451,5285,9,826,451,6111,California
Imperial,2021-01-23,1042,7981,290,3479,752,4502,0,0,1041,6325,1,827,1041,7152,California
Imperial,2021-01-24,11,7992,3,3482,8,4510,0,0,11,6336,0,827,11,7163,California
Imperial,2021-01-25,216,8208,6,3488,210,4720,0,0,36,6193,179,1006,36,7199,California
Imperial,2021-01-26,359,8567,184,3672,175,4895,0,0,216,6267,143,1149,217,7416,California
Imperial,2021-01-27,573,9140,163,3835,410,5305,0,0,239,6172,334,1483,239,7655,California
Imperial,2021-01-28,632,9772,158,3993,474,5779,0,0,524,6588,108,1591,524,8179,California
Imperial,2021-01-29,420,10192,294,4287,126,5905,0,0,370,6908,50,1641,370,8549,California
Imperial,2021-01-30,51,10243,26,4313,25,5930,0,0,34,6925,17,1658,34,8583,California
Imperial,2021-01-31,14,10257,6,4319,8,5938,0,0,13,6937,1,1659,13,8596,California
Imperial,2021-02-01,421,10678,55,4374,366,6304,0,0,211,6939,209,1868,211,8807,California
Imperial,2021-02-02,681,11359,54,4428,627,6931,0,0,500,7258,181,2049,500,9307,California
Imperial,2021-02-03,458,11817,48,4476,410,7341,0,0,266,7333,191,2240,266,9573,California
Imperial,2021-02-04,1731,13548,1206,5682,525,7866,0,0,1416,8436,314,2554,1417,10990,California
Imperial,2021-02-05,390,13938,242,5924,148,8014,0,0,155,8359,232,2786,155,11145,California
Imperial,2021-02-06,863,14801,839,6763,24,8038,0,0,826,9149,36,2822,826,11971,California
Imperial,2021-02-07,25,14826,12,6775,13,8051,0,0,24,9172,1,2823,24,11995,California
Imperial,2021-02-08,252,15078,43,6818,209,8260,0,0,184,9288,68,2891,184,12179,California
Imperial,2021-02-09,464,15542,144,6962,320,8580,0,0,307,9438,157,3048,307,12486,California
Imperial,2021-02-10,383,15925,51,7013,332,8912,0,0,95,9245,288,3336,95,12581,California
Imperial,2021-02-11,461,16386,261,7274,200,9112,0,0,92,8968,369,3705,92,12673,California
Imperial,2021-02-12,2118,18504,1404,8678,714,9826,0,0,1764,10380,353,4058,1765,14438,California
Imperial,2021-02-13,45,18549,18,8696,27,9853,0,0,36,10408,9,4067,37,14475,California
Imperial,2021-02-14,24,18573,12,8708,12,9865,0,0,22,10428,2,4069,22,14497,California
Imperial,2021-02-15,33,18606,11,8719,22,9887,0,0,24,10443,9,4078,24,14521,California
Imperial,2021-02-16,518,19124,271,8990,247,10134,0,0,299,10523,219,4297,299,14820,California
Imperial,2021-02-17,440,19564,286,9276,154,10288,0,0,85,10253,355,4652,85,14905,California
Imperial,2021-02-18,652,20216,312,9588,340,10628,0,0,147,9896,504,5156,147,15052,California
Imperial,2021-02-19,768,20984,381,9969,387,11015,0,0,196,9521,571,5727,196,15248,California
Imperial,2021-02-20,1044,22028,196,10165,848,11863,0,0,330,9140,713,6440,332,15580,California
Imperial,2021-02-21,581,22609,547,10712,34,11897,0,0,573,9705,8,6448,573,16153,California
Imperial,2021-02-22,807,23416,567,11279,240,12137,0,0,757,10412,50,6498,757,16910,California
Imperial,2021-02-23,937,24353,380,11659,557,12694,0,0,881,11238,56,6554,882,17792,California
Imperial,2021-02-24,700,25053,292,11951,408,13102,0,0,601,11742,98,6652,602,18394,California
Imperial,2021-02-25,818,25871,344,12295,474,13576,0,0,451,11832,366,7018,456,18850,California
Imperial,2021-02-26,1744,27615,1373,13668,371,13947,0,0,1572,13234,170,7188,1572,20422,California
Imperial,2021-02-27,915,28530,866,14534,49,13996,0,0,176,12671,739,7927,176,20598,California
Imperial,2021-02-28,78,28608,69,14603,9,14005,0,0,68,12729,10,7937,68,20666,California
Imperial,2021-03-01,513,29121,311,14914,202,14207,0,0,451,13121,61,7998,453,21119,California
Imperial,2021-03-02,688,29809,266,15180,422,14629,0,0,399,13235,289,8287,403,21522,California
Imperial,2021-03-03,917,30726,48,15228,868,15497,1,1,547,13427,367,8654,559,22081,California
Imperial,2021-03-04,744,31470,93,15321,651,16148,0,1,483,13680,259,8913,512,22593,California
Imperial,2021-03-05,2550,34020,1942,17263,608,16756,0,1,1264,13662,1283,10196,1265,23858,California
Imperial,2021-03-06,681,34701,234,17497,447,17203,0,1,641,14272,36,10232,646,24504,California
Imperial,2021-03-07,76,34777,43,17540,32,17235,1,2,55,14308,21,10253,57,24561,California
Imperial,2021-03-08,399,35176,323,17863,44,17279,32,34,351,14643,48,10301,383,24944,California
Imperial,2021-03-09,693,35869,315,18178,133,17412,245,279,406,15011,287,10588,655,25599,California
Imperial,2021-03-10,663,36532,306,18484,254,17666,103,382,301,15057,362,10950,408,26007,California
Imperial,2021-03-11,1704,38236,436,18920,1078,18744,190,572,1102,15760,602,11552,1305,27312,California
Imperial,2021-03-12,3556,41792,2437,21357,935,19679,184,756,1971,16334,1582,13134,2156,29468,California
Imperial,2021-03-13,997,42789,90,21447,688,20367,219,975,722,17006,273,13407,945,30413,California
Imperial,2021-03-14,124,42913,29,21476,84,20451,11,986,98,17090,26,13433,110,30523,California
Imperial,2021-03-15,673,43586,219,21695,199,20650,255,1241,379,17433,293,13726,636,31159,California
Imperial,2021-03-16,1055,44641,275,21970,339,20989,441,1682,529,17879,525,14251,971,32130,California
Imperial,2021-03-17,1526,46167,658,22628,734,21723,134,1816,947,18388,575,14826,1084,33214,California
Imperial,2021-03-18,1512,47679,1013,23641,440,22163,59,1875,1070,19080,440,15266,1132,34346,California
Imperial,2021-03-19,2879,50558,2173,25814,702,22865,4,1879,1217,18645,1658,16924,1223,35569,California
Imperial,2021-03-20,637,51195,377,26191,255,23120,5,1884,337,18697,298,17222,350,35919,California
Imperial,2021-03-21,220,51415,37,26228,180,23300,3,1887,160,18804,60,17282,167,36086,California
Imperial,2021-03-22,1023,52438,316,26544,700,24000,7,1894,609,19019,413,17695,628,36714,California
Imperial,2021-03-23,1401,53839,408,26952,987,24987,6,1900,887,19410,512,18207,903,37617,California
Imperial,2021-03-24,1896,55735,539,27491,946,25933,411,2311,952,19850,942,19149,1382,38999,California
Imperial,2021-03-25,2209,57944,498,27989,701,26634,1010,3321,824,20302,1384,20533,1836,40835,California
Imperial,2021-03-26,1991,59935,737,28726,582,27216,672,3993,692,20379,1295,21828,1372,42207,California
Imperial,2021-03-27,527,60462,263,28989,215,27431,49,4042,372,20648,152,21980,421,42628,California
Imperial,2021-03-28,208,60670,51,29040,153,27584,4,4046,172,20787,36,22016,175,42803,California
Imperial,2021-03-29,917,61587,343,29383,326,27910,248,4294,260,20642,655,22671,510,43313,California
Imperial,2021-03-30,1325,62912,671,30054,524,28434,130,4424,603,20664,722,23393,744,44057,California
Imperial,2021-03-31,1248,64160,576,30630,665,29099,7,4431,869,21168,377,23770,881,44938,California
Imperial,2021-04-01,758,64918,218,30848,318,29417,222,4653,415,21464,343,24113,639,45577,California
Inyo,2020-12-19,85,85,85,85,0,0,0,0,85,85,0,0,85,85,California
Inyo,2020-12-20,58,143,58,143,0,0,0,0,58,143,0,0,58,143,California
Inyo,2020-12-21,88,231,85,228,3,3,0,0,88,231,0,0,88,231,California
Inyo,2020-12-22,104,335,104,332,0,3,0,0,104,335,0,0,104,335,California
Inyo,2020-12-23,71,406,68,400,3,6,0,0,71,406,0,0,71,406,California
Inyo,2020-12-24,16,422,16,416,0,6,0,0,16,422,0,0,16,422,California
Inyo,2020-12-25,1,423,0,416,1,7,0,0,1,423,0,0,1,423,California
Inyo,2020-12-26,74,497,74,490,0,7,0,0,74,497,0,0,74,497,California
Inyo,2020-12-28,48,545,36,526,12,19,0,0,48,545,0,0,48,545,California
Inyo,2020-12-29,20,565,20,546,0,19,0,0,20,565,0,0,20,565,California
Inyo,2020-12-30,56,621,54,600,2,21,0,0,56,621,0,0,56,621,California
Inyo,2020-12-31,29,650,0,600,29,50,0,0,29,650,0,0,29,650,California
Inyo,2021-01-01,1,651,0,600,1,51,0,0,1,651,0,0,1,651,California
Inyo,2021-01-03,1,652,0,600,1,52,0,0,1,652,0,0,1,652,California
Inyo,2021-01-04,1,653,1,601,0,52,0,0,1,653,0,0,1,653,California
Inyo,2021-01-05,34,687,0,601,34,86,0,0,34,687,0,0,34,687,California
Inyo,2021-01-06,68,755,0,601,68,154,0,0,68,755,0,0,68,755,California
Inyo,2021-01-07,31,786,1,602,30,184,0,0,31,786,0,0,31,786,California
Inyo,2021-01-08,9,795,8,610,1,185,0,0,4,786,5,5,5,791,California
Inyo,2021-01-09,87,882,86,696,1,186,0,0,1,701,86,91,1,792,California
Inyo,2021-01-10,52,934,52,748,0,186,0,0,0,649,52,143,0,792,California
Inyo,2021-01-11,97,1031,82,830,15,201,0,0,16,584,81,224,16,808,California
Inyo,2021-01-12,139,1170,117,947,22,223,0,0,29,503,110,334,29,837,California
Inyo,2021-01-13,87,1257,69,1016,18,241,0,0,21,459,66,400,22,859,California
Inyo,2021-01-14,59,1316,13,1029,46,287,0,0,49,498,10,410,49,908,California
Inyo,2021-01-15,162,1478,28,1057,134,421,0,0,162,660,0,410,162,1070,California
Inyo,2021-01-16,74,1552,73,1130,1,422,0,0,1,588,73,483,1,1071,California
Inyo,2021-01-18,58,1610,36,1166,22,444,0,0,19,568,39,522,19,1090,California
Inyo,2021-01-19,116,1726,73,1239,43,487,0,0,100,652,16,538,100,1190,California
Inyo,2021-01-20,141,1867,66,1305,75,562,0,0,88,687,53,591,88,1278,California
Inyo,2021-01-21,120,1987,57,1362,63,625,0,0,119,805,1,592,119,1397,California
Inyo,2021-01-22,62,2049,0,1362,62,687,0,0,61,865,1,593,61,1458,California
Inyo,2021-01-23,53,2102,53,1415,0,687,0,0,53,918,0,593,53,1511,California
Inyo,2021-01-25,49,2151,6,1421,43,730,0,0,37,943,12,605,37,1548,California
Inyo,2021-01-26,133,2284,51,1472,82,812,0,0,127,1064,6,611,127,1675,California
Inyo,2021-01-27,23,2307,2,1474,21,833,0,0,22,1085,1,612,22,1697,California
Inyo,2021-01-28,93,2400,2,1476,91,924,0,0,64,1120,29,641,64,1761,California
Inyo,2021-01-29,24,2424,3,1479,21,945,0,0,22,1140,2,643,22,1783,California
Inyo,2021-01-30,11,2435,1,1480,10,955,0,0,11,1151,0,643,11,1794,California
Inyo,2021-01-31,32,2467,4,1484,28,983,0,0,4,1127,28,671,4,1798,California
Inyo,2021-02-01,12,2479,9,1493,3,986,0,0,2,1119,10,681,2,1800,California
Inyo,2021-02-02,130,2609,14,1507,116,1102,0,0,104,1197,26,707,104,1904,California
Inyo,2021-02-03,115,2724,0,1507,115,1217,0,0,73,1228,42,749,73,1977,California
Inyo,2021-02-04,149,2873,31,1538,118,1335,0,0,90,1259,59,808,90,2067,California
Inyo,2021-02-05,118,2991,62,1600,56,1391,0,0,116,1373,2,810,116,2183,California
Inyo,2021-02-06,3,2994,1,1601,2,1393,0,0,2,1374,1,811,2,2185,California
Inyo,2021-02-07,3,2997,1,1602,2,1395,0,0,3,1377,0,811,3,2188,California
Inyo,2021-02-08,117,3114,7,1609,110,1505,0,0,97,1454,20,831,97,2285,California
Inyo,2021-02-09,193,3307,51,1660,142,1647,0,0,122,1505,71,902,122,2407,California
Inyo,2021-02-10,147,3454,16,1676,131,1778,0,0,115,1588,32,934,115,2522,California
Inyo,2021-02-11,218,3672,55,1731,163,1941,0,0,125,1620,93,1027,125,2647,California
Inyo,2021-02-12,302,3974,56,1787,246,2187,0,0,171,1660,131,1158,171,2818,California
Inyo,2021-02-13,60,4034,56,1843,4,2191,0,0,7,1614,53,1211,7,2825,California
Inyo,2021-02-14,1,4035,0,1843,1,2192,0,0,1,1615,0,1211,1,2826,California
Inyo,2021-02-15,29,4064,9,1852,20,2212,0,0,5,1596,24,1235,5,2831,California
Inyo,2021-02-16,180,4244,50,1902,130,2342,0,0,94,1604,86,1321,94,2925,California
Inyo,2021-02-17,37,4281,4,1906,33,2375,0,0,7,1581,30,1351,7,2932,California
Inyo,2021-02-18,119,4400,5,1911,114,2489,0,0,76,1614,43,1394,76,3008,California
Inyo,2021-02-19,52,4452,4,1915,48,2537,0,0,9,1580,43,1437,9,3017,California
Inyo,2021-02-20,502,4954,498,2413,4,2541,0,0,501,2080,1,1438,501,3518,California
Inyo,2021-02-21,267,5221,267,2680,0,2541,0,0,267,2347,0,1438,267,3785,California
Inyo,2021-02-22,60,5281,18,2698,42,2583,0,0,26,2339,34,1472,26,3811,California
Inyo,2021-02-23,196,5477,19,2717,177,2760,0,0,93,2330,102,1574,93,3904,California
Inyo,2021-02-24,116,5593,1,2718,115,2875,0,0,58,2330,58,1632,58,3962,California
Inyo,2021-02-25,130,5723,3,2721,127,3002,0,0,62,2324,68,1700,62,4024,California
Inyo,2021-02-26,104,5827,61,2782,43,3045,0,0,20,2260,84,1784,20,4044,California
Inyo,2021-02-27,14,5841,3,2785,11,3056,0,0,3,2252,11,1795,3,4047,California
Inyo,2021-02-28,2,5843,1,2786,1,3057,0,0,1,2252,1,1796,1,4048,California
Inyo,2021-03-01,23,5866,3,2789,20,3077,0,0,20,2269,3,1799,20,4068,California
Inyo,2021-03-02,188,6054,0,2789,188,3265,0,0,106,2293,82,1881,106,4174,California
Inyo,2021-03-03,82,6136,3,2792,79,3344,0,0,39,2289,43,1924,39,4213,California
Inyo,2021-03-04,127,6263,4,2796,123,3467,0,0,46,2254,81,2005,46,4259,California
Inyo,2021-03-05,148,6411,62,2858,86,3553,0,0,43,2193,104,2109,43,4302,California
Inyo,2021-03-06,29,6440,2,2860,27,3580,0,0,27,2218,2,2111,27,4329,California
Inyo,2021-03-07,7,6447,4,2864,3,3583,0,0,5,2221,2,2113,5,4334,California
Inyo,2021-03-08,173,6620,5,2869,168,3751,0,0,83,2214,90,2203,83,4417,California
Inyo,2021-03-09,179,6799,3,2872,176,3927,0,0,63,2161,116,2319,63,4480,California
Inyo,2021-03-10,68,6867,9,2881,58,3985,1,1,25,2144,43,2362,26,4506,California
Inyo,2021-03-11,181,7048,2,2883,173,4158,6,7,64,2097,116,2478,69,4575,California
Inyo,2021-03-12,100,7148,4,2887,91,4249,5,12,28,2058,72,2550,33,4608,California
Inyo,2021-03-13,562,7710,530,3417,23,4272,9,21,73,1651,489,3039,82,4690,California
Inyo,2021-03-14,431,8141,429,3846,2,4274,0,21,168,1557,262,3301,168,4858,California
Inyo,2021-03-15,51,8192,15,3861,34,4308,2,23,29,1566,22,3323,31,4889,California
Inyo,2021-03-16,157,8349,4,3865,148,4456,5,28,58,1530,99,3422,63,4952,California
Inyo,2021-03-17,92,8441,3,3868,82,4538,7,35,78,1601,14,3436,85,5037,California
Inyo,2021-03-18,165,8606,16,3884,143,4681,6,41,93,1628,72,3508,99,5136,California
Inyo,2021-03-19,27,8633,5,3889,18,4699,4,45,17,1639,10,3518,21,5157,California
Inyo,2021-03-20,22,8655,1,3890,12,4711,9,54,3,1632,19,3537,12,5169,California
Inyo,2021-03-22,50,8705,3,3893,42,4753,5,59,29,1645,21,3558,34,5203,California
Inyo,2021-03-23,189,8894,7,3900,178,4931,4,63,101,1662,88,3646,105,5308,California
Inyo,2021-03-24,134,9028,5,3905,125,5056,4,67,82,1696,52,3698,86,5394,California
Inyo,2021-03-25,331,9359,106,4011,222,5278,3,70,267,1903,64,3762,271,5665,California
Inyo,2021-03-26,92,9451,5,4016,83,5361,4,74,71,1958,20,3782,75,5740,California
Inyo,2021-03-27,53,9504,42,4058,8,5369,3,77,47,2002,6,3788,50,5790,California
Inyo,2021-03-28,3,9507,2,4060,1,5370,0,77,2,2003,1,3789,2,5792,California
Inyo,2021-03-29,103,9610,3,4063,94,5464,6,83,77,2061,25,3814,83,5875,California
Inyo,2021-03-30,211,9821,4,4067,202,5666,5,88,106,2069,105,3919,113,5988,California
Inyo,2021-03-31,146,9967,4,4071,136,5802,6,94,102,2134,44,3963,109,6097,California
Inyo,2021-04-01,89,10056,1,4072,87,5889,1,95,53,2152,36,3999,54,6151,California
Kern,2020-12-15,1,1,1,1,0,0,0,0,1,1,0,0,1,1,California
Kern,2020-12-16,18,19,18,19,0,0,0,0,18,19,0,0,18,19,California
Kern,2020-12-17,164,183,164,183,0,0,0,0,164,183,0,0,164,183,California
Kern,2020-12-18,317,500,317,500,0,0,0,0,317,500,0,0,317,500,California
Kern,2020-12-19,100,600,100,600,0,0,0,0,100,600,0,0,100,600,California
Kern,2020-12-20,61,661,61,661,0,0,0,0,61,661,0,0,61,661,California
Kern,2020-12-21,670,1331,670,1331,0,0,0,0,670,1331,0,0,670,1331,California
Kern,2020-12-22,531,1862,528,1859,3,3,0,0,531,1862,0,0,531,1862,California
Kern,2020-12-23,556,2418,417,2276,139,142,0,0,556,2418,0,0,556,2418,California
Kern,2020-12-24,122,2540,43,2319,79,221,0,0,122,2540,0,0,122,2540,California
Kern,2020-12-25,1,2541,1,2320,0,221,0,0,1,2541,0,0,1,2541,California
Kern,2020-12-26,35,2576,1,2321,34,255,0,0,35,2576,0,0,35,2576,California
Kern,2020-12-27,35,2611,3,2324,32,287,0,0,35,2611,0,0,35,2611,California
Kern,2020-12-28,826,3437,662,2986,164,451,0,0,826,3437,0,0,826,3437,California
Kern,2020-12-29,745,4182,452,3438,293,744,0,0,745,4182,0,0,745,4182,California
Kern,2020-12-30,1200,5382,909,4347,291,1035,0,0,1200,5382,0,0,1200,5382,California
Kern,2020-12-31,277,5659,98,4445,179,1214,0,0,277,5659,0,0,277,5659,California
Kern,2021-01-01,9,5668,6,4451,3,1217,0,0,9,5668,0,0,9,5668,California
Kern,2021-01-02,76,5744,17,4468,59,1276,0,0,76,5744,0,0,76,5744,California
Kern,2021-01-03,23,5767,4,4472,19,1295,0,0,23,5767,0,0,23,5767,California
Kern,2021-01-04,554,6321,360,4832,194,1489,0,0,554,6321,0,0,554,6321,California
Kern,2021-01-05,1129,7450,735,5567,394,1883,0,0,1117,7426,12,12,1117,7438,California
Kern,2021-01-06,1164,8614,453,6020,711,2594,0,0,1134,8530,30,42,1134,8572,California
Kern,2021-01-07,1402,10016,494,6514,908,3502,0,0,1233,9595,168,210,1233,9805,California
Kern,2021-01-08,1626,11642,766,7280,860,4362,0,0,1330,10628,298,508,1331,11136,California
Kern,2021-01-09,226,11868,76,7356,150,4512,0,0,192,10786,34,542,192,11328,California
Kern,2021-01-10,190,12058,145,7501,45,4557,0,0,149,10894,41,583,149,11477,California
Kern,2021-01-11,1549,13607,981,8482,568,5125,0,0,997,11339,552,1135,997,12474,California
Kern,2021-01-12,1869,15476,811,9293,1058,6183,0,0,1358,12186,511,1646,1358,13832,California
Kern,2021-01-13,1855,17331,867,10160,988,7171,0,0,1432,13195,423,2069,1432,15264,California
Kern,2021-01-14,2177,19508,643,10803,1534,8705,0,0,2131,15280,47,2116,2132,17396,California
Kern,2021-01-15,2701,22209,858,11661,1843,10548,0,0,2604,17790,95,2211,2605,20001,California
Kern,2021-01-16,666,22875,210,11871,456,11004,0,0,632,18388,34,2245,632,20633,California
Kern,2021-01-17,73,22948,7,11878,66,11070,0,0,71,18457,2,2247,71,20704,California
Kern,2021-01-18,1646,24594,659,12537,987,12057,0,0,1476,19763,170,2417,1476,22180,California
Kern,2021-01-19,1846,26440,1029,13566,817,12874,0,0,1379,20676,467,2884,1380,23560,California
Kern,2021-01-20,2439,28879,1505,15071,934,13808,0,0,1815,21874,619,3503,1817,25377,California
Kern,2021-01-21,2153,31032,918,15989,1235,15043,0,0,1960,23642,192,3695,1960,27337,California
Kern,2021-01-22,2700,33732,1289,17278,1411,16454,0,0,2425,25793,274,3969,2425,29762,California
Kern,2021-01-23,1245,34977,531,17809,714,17168,0,0,1199,26946,46,4015,1199,30961,California
Kern,2021-01-24,160,35137,19,17828,141,17309,0,0,155,27096,5,4020,155,31116,California
Kern,2021-01-25,2376,37513,1081,18909,1295,18604,0,0,1892,28507,483,4503,1894,33010,California
Kern,2021-01-26,2732,40245,1109,20018,1623,20227,0,0,1882,29541,849,5352,1883,34893,California
Kern,2021-01-27,3548,43793,1894,21912,1654,21881,0,0,2850,31694,697,6049,2850,37743,California
Kern,2021-01-28,2838,46631,1343,23255,1495,23376,0,0,2411,33682,424,6473,2412,40155,California
Kern,2021-01-29,3747,50378,1788,25043,1959,25335,0,0,3208,36354,536,7009,3208,43363,California
Kern,2021-01-30,1323,51701,495,25538,828,26163,0,0,1276,37585,45,7054,1276,44639,California
Kern,2021-01-31,400,52101,274,25812,126,26289,0,0,267,37719,133,7187,267,44906,California
Kern,2021-02-01,2406,54507,817,26629,1589,27878,0,0,1856,39029,547,7734,1857,46763,California
Kern,2021-02-02,2915,57422,975,27604,1940,29818,0,0,2053,40221,862,8596,2054,48817,California
Kern,2021-02-03,3655,61077,1549,29153,2106,31924,0,0,2687,41949,960,9556,2688,51505,California
Kern,2021-02-04,3785,64862,1444,30597,2341,34265,0,0,2572,43320,1202,10758,2573,54078,California
Kern,2021-02-05,4840,69702,1990,32587,2850,37115,0,0,3083,44666,1738,12496,3084,57162,California
Kern,2021-02-06,1733,71435,762,33349,971,38086,0,0,1513,45962,217,12713,1513,58675,California
Kern,2021-02-07,281,71716,149,33498,132,38218,0,0,267,46217,12,12725,267,58942,California
Kern,2021-02-08,2564,74280,788,34286,1776,39994,0,0,1261,46193,1285,14010,1261,60203,California
Kern,2021-02-09,3019,77299,985,35271,2034,42028,0,0,1465,46111,1547,15557,1465,61668,California
Kern,2021-02-10,3733,81032,1649,36920,2084,44112,0,0,1891,46178,1825,17382,1892,63560,California
Kern,2021-02-11,4263,85295,1539,38459,2724,46836,0,0,2230,46388,2020,19402,2230,65790,California
Kern,2021-02-12,4941,90236,1868,40327,3073,49909,0,0,2467,46396,2459,21861,2467,68257,California
Kern,2021-02-13,1985,92221,701,41028,1284,51193,0,0,1158,46729,825,22686,1158,69415,California
Kern,2021-02-14,352,92573,13,41041,339,51532,0,0,271,46920,80,22766,271,69686,California
Kern,2021-02-15,2719,95292,883,41924,1836,53368,0,0,1198,46605,1513,24279,1198,70884,California
Kern,2021-02-16,2940,98232,718,42642,2222,55590,0,0,1659,46993,1271,25550,1659,72543,California
Kern,2021-02-17,4058,102290,2071,44713,1987,57577,0,0,1933,46807,2120,27670,1934,74477,California
Kern,2021-02-18,3727,106017,1468,46181,2259,59836,0,0,1610,46312,2105,29775,1610,76087,California
Kern,2021-02-19,4172,110189,1902,48083,2270,62106,0,0,1734,45613,2433,32208,1734,77821,California
Kern,2021-02-20,2535,112724,954,49037,1581,63687,0,0,1304,45691,1227,33435,1305,79126,California
Kern,2021-02-21,223,112947,118,49155,105,63792,0,0,77,45624,144,33579,77,79203,California
Kern,2021-02-22,2638,115585,1136,50291,1502,65294,0,0,1432,45855,1201,34780,1432,80635,California
Kern,2021-02-23,3512,119097,1111,51402,2401,67695,0,0,1970,46285,1540,36320,1970,82605,California
Kern,2021-02-24,5112,124209,2265,53667,2847,70542,0,0,3033,47243,2075,38395,3033,85638,California
Kern,2021-02-25,5302,129511,2441,56108,2861,73403,0,0,3143,48246,2140,40535,3143,88781,California
Kern,2021-02-26,6764,136275,3477,59585,3287,76690,0,0,4311,50110,2447,42982,4311,93092,California
Kern,2021-02-27,3807,140082,1859,61444,1948,78638,0,0,2500,51314,1299,44281,2503,95595,California
Kern,2021-02-28,909,140991,500,61944,409,79047,0,0,692,51791,215,44496,692,96287,California
Kern,2021-03-01,3894,144885,1796,63740,2098,81145,0,0,2627,53156,1263,45759,2628,98915,California
Kern,2021-03-02,4276,149161,1350,65090,2925,84070,1,1,2790,54468,1478,47237,2790,101705,California
Kern,2021-03-03,5580,154741,2639,67729,2941,87011,0,1,3529,55959,2038,49275,3529,105234,California
Kern,2021-03-04,5066,159807,1979,69708,3085,90096,2,3,3370,57647,1684,50959,3372,108606,California
Kern,2021-03-05,6003,165810,2630,72338,3356,93452,17,20,3830,59330,2164,53123,3847,112453,California
Kern,2021-03-06,4283,170093,1865,74203,2324,95776,94,114,3181,61514,1096,54219,3280,115733,California
Kern,2021-03-07,2017,172110,1576,75779,393,96169,48,162,1829,63204,187,54406,1877,117610,California
Kern,2021-03-08,2653,174763,826,76605,1624,97793,203,365,1369,63493,1281,55687,1570,119180,California
Kern,2021-03-09,3386,178149,739,77344,2322,100115,325,690,2056,64547,1326,57013,2380,121560,California
Kern,2021-03-10,5576,183725,2377,79721,2285,102400,914,1604,3218,66334,2346,59359,4133,125693,California
Kern,2021-03-11,5656,189381,2148,81869,2717,105117,791,2395,3396,68269,2252,61611,4187,129880,California
Kern,2021-03-12,6415,195796,2550,84419,3030,108147,835,3230,3716,70127,2691,64302,4549,134429,California
Kern,2021-03-13,3984,199780,2130,86549,1530,109677,324,3554,2721,71913,1259,65561,3045,137474,California
Kern,2021-03-14,2077,201857,1379,87928,465,110142,233,3787,1648,73366,427,65988,1880,139354,California
Kern,2021-03-15,4027,205884,1008,88936,2363,112505,656,4443,2066,74138,1951,67939,2723,142077,California
Kern,2021-03-16,4189,210073,968,89904,2713,115218,508,4951,2233,74932,1945,69884,2739,144816,California
Kern,2021-03-17,6784,216857,3599,93503,2727,117945,458,5409,4094,76806,2678,72562,4552,149368,California
Kern,2021-03-18,6250,223107,3148,96651,2577,120522,525,5934,3712,78524,2519,75081,4237,153605,California
Kern,2021-03-19,7509,230616,4336,100987,2643,123165,530,6464,3911,79385,3582,78663,4443,158048,California
Kern,2021-03-20,4035,234651,2357,103344,1560,124725,118,6582,2574,80629,1455,80118,2699,160747,California
Kern,2021-03-21,2824,237475,1691,105035,262,124987,871,7453,1649,81980,1170,81288,2521,163268,California
Kern,2021-03-22,3820,241295,1524,106559,1982,126969,314,7767,1887,82256,1927,83215,2203,165471,California
Kern,2021-03-23,4408,245703,1523,108082,2718,129687,167,7934,2401,82866,1977,85192,2587,168058,California
Kern,2021-03-24,6875,252578,3487,111569,2936,132623,452,8386,3624,83723,3236,88428,4093,172151,California
Kern,2021-03-25,6451,259029,2791,114360,3347,135970,313,8699,3220,84052,3216,91644,3545,175696,California
Kern,2021-03-26,9101,268130,4102,118462,3954,139924,1045,9744,4604,85252,4477,96121,5677,181373,California
Kern,2021-03-27,5317,273447,3640,122102,1559,141483,118,9862,3256,86587,2051,98172,3386,184759,California
Kern,2021-03-28,4096,277543,3626,125728,460,141943,10,9872,2566,87648,1525,99697,2586,187345,California
Kern,2021-03-29,4046,281589,1561,127289,2211,144154,274,10146,2533,88969,1501,101198,2822,190167,California
Kern,2021-03-30,4996,286585,1758,129047,2956,147110,282,10428,2991,90287,1997,103195,3315,193482,California
Kern,2021-03-31,7212,293797,3767,132814,2923,150033,522,10950,3792,91261,3409,106604,4383,197865,California
Kern,2021-04-01,4697,298494,2280,135094,2200,152233,217,11167,2478,91934,2210,108814,2883,200748,California
Kings,2020-12-16,1,1,1,1,0,0,0,0,1,1,0,0,1,1,California
Kings,2020-12-17,8,9,8,9,0,0,0,0,8,9,0,0,8,9,California
Kings,2020-12-18,12,21,12,21,0,0,0,0,12,21,0,0,12,21,California
Kings,2020-12-19,11,32,11,32,0,0,0,0,11,32,0,0,11,32,California
Kings,2020-12-20,13,45,13,45,0,0,0,0,13,45,0,0,13,45,California
Kings,2020-12-21,154,199,154,199,0,0,0,0,271,316,0,0,271,316,California
Kings,2020-12-22,143,342,143,342,0,0,0,0,140,456,0,0,140,456,California
Kings,2020-12-23,134,476,122,464,12,12,0,0,135,591,0,0,135,591,California
Kings,2020-12-24,11,487,9,473,2,14,0,0,11,602,0,0,11,602,California
Kings,2020-12-26,7,494,4,477,3,17,0,0,7,609,0,0,7,609,California
Kings,2020-12-27,4,498,4,481,0,17,0,0,4,613,0,0,4,613,California
Kings,2020-12-28,131,629,103,584,28,45,0,0,132,745,0,0,132,745,California
Kings,2020-12-29,78,707,51,635,27,72,0,0,79,824,0,0,79,824,California
Kings,2020-12-30,147,854,108,743,39,111,0,0,147,971,0,0,147,971,California
Kings,2020-12-31,43,897,6,749,37,148,0,0,43,1014,0,0,43,1014,California
Kings,2021-01-01,1,898,0,749,1,149,0,0,1,1015,0,0,1,1015,California
Kings,2021-01-02,10,908,9,758,1,150,0,0,10,1025,0,0,10,1025,California
Kings,2021-01-04,112,1020,41,799,71,221,0,0,112,1137,0,0,112,1137,California
Kings,2021-01-05,197,1217,39,838,158,379,0,0,197,1334,0,0,197,1334,California
Kings,2021-01-06,275,1492,178,1016,97,476,0,0,272,1603,3,3,272,1606,California
Kings,2021-01-07,179,1671,82,1098,97,573,0,0,171,1766,8,11,171,1777,California
Kings,2021-01-08,247,1918,54,1152,193,766,0,0,228,1975,19,30,228,2005,California
Kings,2021-01-09,63,1981,9,1161,54,820,0,0,55,2022,8,38,55,2060,California
Kings,2021-01-10,15,1996,3,1164,12,832,0,0,12,2031,3,41,12,2072,California
Kings,2021-01-11,518,2514,356,1520,162,994,0,0,274,2062,244,285,275,2347,California
Kings,2021-01-12,352,2866,255,1775,97,1091,0,0,218,2149,131,416,218,2565,California
Kings,2021-01-13,413,3279,266,2041,147,1238,0,0,322,2380,91,507,322,2887,California
Kings,2021-01-14,210,3489,31,2072,179,1417,0,0,200,2560,21,528,201,3088,California
Kings,2021-01-15,415,3904,28,2100,387,1804,0,0,403,2951,12,540,403,3491,California
Kings,2021-01-16,31,3935,12,2112,19,1823,0,0,30,2980,1,541,30,3521,California
Kings,2021-01-17,8,3943,5,2117,3,1826,0,0,6,2984,2,543,6,3527,California
Kings,2021-01-18,172,4115,40,2157,132,1958,0,0,146,3104,26,569,146,3673,California
Kings,2021-01-19,376,4491,158,2315,218,2176,0,0,248,3224,128,697,248,3921,California
Kings,2021-01-20,224,4715,135,2450,89,2265,0,0,119,3242,101,798,119,4040,California
Kings,2021-01-21,185,4900,32,2482,153,2418,0,0,171,3397,16,814,171,4211,California
Kings,2021-01-22,126,5026,39,2521,87,2505,0,0,125,3517,5,819,125,4336,California
Kings,2021-01-23,26,5052,14,2535,12,2517,0,0,20,3531,6,825,20,4356,California
Kings,2021-01-24,3,5055,3,2538,0,2517,0,0,1,3530,2,827,1,4357,California
Kings,2021-01-25,123,5178,25,2563,98,2615,0,0,90,3587,33,860,90,4447,California
Kings,2021-01-26,153,5331,34,2597,119,2734,0,0,114,3662,39,899,114,4561,California
Kings,2021-01-27,316,5647,34,2631,282,3016,0,0,246,3839,69,968,246,4807,California
Kings,2021-01-28,323,5970,47,2678,276,3292,0,0,269,4054,54,1022,269,5076,California
Kings,2021-01-29,85,6055,26,2704,59,3351,0,0,68,4105,17,1039,68,5144,California
Kings,2021-01-30,1539,7594,31,2735,1508,4859,0,0,1537,5641,2,1041,1538,6682,California
Kings,2021-02-01,197,7791,63,2798,134,4993,0,0,70,5586,125,1166,70,6752,California
Kings,2021-02-02,224,8015,14,2812,210,5203,0,0,80,5523,143,1309,80,6832,California
Kings,2021-02-03,352,8367,193,3005,159,5362,0,0,198,5568,153,1462,198,7030,California
Kings,2021-02-04,392,8759,98,3103,294,5656,0,0,196,5568,196,1658,196,7226,California
Kings,2021-02-05,254,9013,12,3115,242,5898,0,0,101,5517,152,1810,101,7327,California
Kings,2021-02-06,58,9071,10,3125,48,5946,0,0,26,5511,32,1842,26,7353,California
Kings,2021-02-07,5,9076,3,3128,2,5948,0,0,3,5512,2,1844,3,7356,California
Kings,2021-02-08,171,9247,29,3157,142,6090,0,0,70,5481,101,1945,70,7426,California
Kings,2021-02-09,252,9499,57,3214,195,6285,0,0,109,5449,141,2086,109,7535,California
Kings,2021-02-10,286,9785,113,3327,173,6458,0,0,175,5513,111,2197,175,7710,California
Kings,2021-02-11,417,10202,64,3391,353,6811,0,0,305,5707,111,2308,305,8015,California
Kings,2021-02-12,608,10810,36,3427,572,7383,0,0,344,5787,264,2572,344,8359,California
Kings,2021-02-13,102,10912,6,3433,96,7479,0,0,77,5839,25,2597,77,8436,California
Kings,2021-02-14,103,11015,5,3438,98,7577,0,0,96,5928,7,2604,96,8532,California
Kings,2021-02-15,245,11260,4,3442,241,7818,0,0,137,5958,107,2711,137,8669,California
Kings,2021-02-16,482,11742,32,3474,450,8268,0,0,249,5975,232,2943,249,8918,California
Kings,2021-02-17,378,12120,22,3496,356,8624,0,0,241,6080,137,3080,242,9160,California
Kings,2021-02-18,154,12274,23,3519,131,8755,0,0,100,6126,54,3134,100,9260,California
Kings,2021-02-19,157,12431,22,3541,135,8890,0,0,101,6174,53,3187,101,9361,California
Kings,2021-02-20,170,12601,41,3582,129,9019,0,0,133,6270,37,3224,133,9494,California
Kings,2021-02-21,1,12602,0,3582,1,9020,0,0,1,6271,0,3224,1,9495,California
Kings,2021-02-22,106,12708,17,3599,89,9109,0,0,47,6259,59,3283,47,9542,California
Kings,2021-02-23,289,12997,71,3670,218,9327,0,0,172,6314,117,3400,172,9714,California
Kings,2021-02-24,589,13586,153,3823,436,9763,0,0,378,6481,211,3611,378,10092,California
Kings,2021-02-25,660,14246,110,3933,550,10313,0,0,443,6709,215,3826,443,10535,California
Kings,2021-02-26,652,14898,130,4063,522,10835,0,0,590,7238,61,3887,590,11125,California
Kings,2021-02-27,1495,16393,60,4123,1435,12270,0,0,568,6882,926,4813,570,11695,California
Kings,2021-02-28,1165,17558,592,4715,573,12843,0,0,668,7055,495,5308,668,12363,California
Kings,2021-03-01,257,17815,78,4793,179,13022,0,0,213,7224,44,5352,213,12576,California
Kings,2021-03-02,459,18274,202,4995,257,13279,0,0,411,7587,48,5400,411,12987,California
Kings,2021-03-03,571,18845,285,5280,286,13565,0,0,396,7809,174,5574,396,13383,California
Kings,2021-03-04,665,19510,319,5599,346,13911,0,0,573,8290,92,5666,573,13956,California
Kings,2021-03-05,924,20434,322,5921,593,14504,9,9,808,8992,116,5782,818,14774,California
Kings,2021-03-06,505,20939,187,6108,305,14809,13,22,475,9451,30,5812,489,15263,California
Kings,2021-03-07,299,21238,162,6270,133,14942,4,26,291,9738,8,5820,295,15558,California
Kings,2021-03-08,323,21561,85,6355,189,15131,49,75,220,9903,103,5923,268,15826,California
Kings,2021-03-09,431,21992,159,6514,219,15350,53,128,329,10184,102,6025,383,16209,California
Kings,2021-03-10,409,22401,108,6622,257,15607,44,172,287,10394,120,6145,330,16539,California
Kings,2021-03-11,911,23312,267,6889,538,16145,106,278,552,10699,356,6501,661,17200,California
Kings,2021-03-12,1171,24483,355,7244,731,16876,85,363,814,11244,356,6857,901,18101,California
Kings,2021-03-13,601,25084,331,7575,228,17104,42,405,515,11717,86,6943,559,18660,California
Kings,2021-03-14,588,25672,77,7652,137,17241,374,779,168,11840,420,7363,543,19203,California
Kings,2021-03-15,586,26258,171,7823,301,17542,114,893,354,12078,232,7595,470,19673,California
Kings,2021-03-16,1035,27293,434,8257,537,18079,64,957,694,12499,338,7933,759,20432,California
Kings,2021-03-17,1019,28312,370,8627,590,18669,59,1016,721,12989,298,8231,788,21220,California
Kings,2021-03-18,937,29249,406,9033,350,19019,181,1197,663,13561,274,8505,846,22066,California
Kings,2021-03-19,810,30059,402,9435,343,19362,65,1262,636,14097,174,8679,710,22776,California
Kings,2021-03-20,492,30551,212,9647,255,19617,25,1287,362,14363,127,8806,393,23169,California
Kings,2021-03-21,1365,31916,1084,10731,269,19886,12,1299,811,14633,554,9360,824,23993,California
Kings,2021-03-22,454,32370,209,10940,165,20051,80,1379,279,14821,175,9535,363,24356,California
Kings,2021-03-23,872,33242,482,11422,332,20383,58,1437,561,15134,309,9844,622,24978,California
Kings,2021-03-24,897,34139,459,11881,414,20797,24,1461,499,15263,397,10241,526,25504,California
Kings,2021-03-25,851,34990,416,12297,410,21207,25,1486,428,15295,421,10662,453,25957,California
Kings,2021-03-26,1277,36267,377,12674,813,22020,87,1573,523,15158,749,11411,612,26569,California
Kings,2021-03-27,618,36885,246,12920,358,22378,14,1587,170,14899,446,11857,187,26756,California
Kings,2021-03-28,510,37395,439,13359,63,22441,8,1595,336,15077,174,12031,352,27108,California
Kings,2021-03-29,423,37818,180,13539,185,22626,58,1653,237,15190,184,12215,297,27405,California
Kings,2021-03-30,770,38588,425,13964,308,22934,37,1690,465,15390,304,12519,504,27909,California
Kings,2021-03-31,628,39216,346,14310,224,23158,58,1748,361,15559,262,12781,431,28340,California
Kings,2021-04-01,299,39515,159,14469,109,23267,31,1779,138,15577,159,12940,177,28517,California
Lake,2020-12-17,4,4,4,4,0,0,0,0,4,4,0,0,4,4,California
Lake,2020-12-18,51,55,51,55,0,0,0,0,51,55,0,0,51,55,California
Lake,2020-12-19,3,58,3,58,0,0,0,0,3,58,0,0,3,58,California
Lake,2020-12-20,6,64,6,64,0,0,0,0,6,64,0,0,6,64,California
Lake,2020-12-21,50,114,50,114,0,0,0,0,50,114,0,0,50,114,California
Lake,2020-12-22,63,177,60,174,3,3,0,0,63,177,0,0,63,177,California
Lake,2020-12-23,91,268,83,257,8,11,0,0,91,268,0,0,91,268,California
Lake,2020-12-24,2,270,0,257,2,13,0,0,2,270,0,0,2,270,California
Lake,2020-12-26,2,272,2,259,0,13,0,0,2,272,0,0,2,272,California
Lake,2020-12-27,2,274,2,261,0,13,0,0,2,274,0,0,2,274,California
Lake,2020-12-28,52,326,43,304,9,22,0,0,52,326,0,0,52,326,California
Lake,2020-12-29,14,340,9,313,5,27,0,0,14,340,0,0,14,340,California
Lake,2020-12-30,89,429,82,395,7,34,0,0,89,429,0,0,89,429,California
Lake,2020-12-31,67,496,64,459,3,37,0,0,67,496,0,0,67,496,California
Lake,2021-01-01,1,497,0,459,1,38,0,0,1,497,0,0,1,497,California
Lake,2021-01-02,2,499,1,460,1,39,0,0,2,499,0,0,2,499,California
Lake,2021-01-04,65,564,1,461,64,103,0,0,65,564,0,0,65,564,California
Lake,2021-01-05,80,644,59,520,21,124,0,0,78,640,2,2,78,642,California
Lake,2021-01-06,83,727,65,585,18,142,0,0,81,719,2,4,81,723,California
Lake,2021-01-07,69,796,49,634,20,162,0,0,65,780,4,8,65,788,California
Lake,2021-01-08,143,939,124,758,19,181,0,0,91,819,52,60,91,879,California
Lake,2021-01-09,62,1001,60,818,2,183,0,0,58,873,4,64,58,937,California
Lake,2021-01-10,3,1004,3,821,0,183,0,0,0,870,3,67,0,937,California
Lake,2021-01-11,161,1165,119,940,42,225,0,0,113,935,48,115,113,1050,California
Lake,2021-01-12,79,1244,48,988,31,256,0,0,55,966,24,139,55,1105,California
Lake,2021-01-13,126,1370,74,1062,52,308,0,0,96,1032,30,169,96,1201,California
Lake,2021-01-14,136,1506,35,1097,101,409,0,0,115,1126,21,190,115,1316,California
Lake,2021-01-15,216,1722,93,1190,123,532,0,0,189,1288,27,217,189,1505,California
Lake,2021-01-16,135,1857,83,1273,52,584,0,0,133,1419,2,219,133,1638,California
Lake,2021-01-17,18,1875,6,1279,12,596,0,0,12,1425,6,225,12,1650,California
Lake,2021-01-18,244,2119,224,1503,20,616,0,0,126,1433,118,343,126,1776,California
Lake,2021-01-19,277,2396,84,1587,193,809,0,0,263,1683,14,357,264,2040,California
Lake,2021-01-20,385,2781,44,1631,341,1150,0,0,356,2010,29,386,356,2396,California
Lake,2021-01-21,316,3097,48,1679,268,1418,0,0,283,2260,33,419,283,2679,California
Lake,2021-01-22,318,3415,45,1724,273,1691,0,0,282,2506,36,455,282,2961,California
Lake,2021-01-23,122,3537,5,1729,117,1808,0,0,121,2626,1,456,121,3082,California
Lake,2021-01-24,4,3541,1,1730,3,1811,0,0,4,2630,0,456,4,3086,California
Lake,2021-01-25,236,3777,73,1803,163,1974,0,0,178,2750,58,514,178,3264,California
Lake,2021-01-26,425,4202,35,1838,390,2364,0,0,402,3129,23,537,402,3666,California
Lake,2021-01-27,357,4559,39,1877,318,2682,0,0,331,3434,26,563,331,3997,California
Lake,2021-01-28,467,5026,130,2007,337,3019,0,0,366,3699,101,664,366,4363,California
Lake,2021-01-29,636,5662,82,2089,554,3573,0,0,576,4215,60,724,576,4939,California
Lake,2021-01-30,557,6219,45,2134,512,4085,0,0,550,4759,7,731,551,5490,California
Lake,2021-01-31,13,6232,8,2142,5,4090,0,0,12,4770,1,732,12,5502,California
Lake,2021-02-01,176,6408,17,2159,159,4249,0,0,165,4924,11,743,165,5667,California
Lake,2021-02-02,538,6946,154,2313,384,4633,0,0,401,5188,137,880,401,6068,California
Lake,2021-02-03,422,7368,26,2339,396,5029,0,0,348,5462,74,954,348,6416,California
Lake,2021-02-04,100,7468,55,2394,45,5074,0,0,71,5504,29,983,71,6487,California
Lake,2021-02-05,368,7836,68,2462,300,5374,0,0,288,5714,78,1061,288,6775,California
Lake,2021-02-06,282,8118,43,2505,239,5613,0,0,270,5972,12,1073,270,7045,California
Lake,2021-02-07,2,8120,1,2506,1,5614,0,0,2,5974,0,1073,2,7047,California
Lake,2021-02-08,275,8395,206,2712,69,5683,0,0,157,6013,118,1191,157,7204,California
Lake,2021-02-09,340,8735,21,2733,319,6002,0,0,301,6275,39,1230,301,7505,California
Lake,2021-02-10,351,9086,53,2786,298,6300,0,0,274,6472,77,1307,274,7779,California
Lake,2021-02-11,172,9258,19,2805,153,6453,0,0,60,6420,112,1419,60,7839,California
Lake,2021-02-12,372,9630,29,2834,343,6796,0,0,285,6618,87,1506,285,8124,California
Lake,2021-02-13,253,9883,8,2842,245,7041,0,0,242,6849,11,1517,242,8366,California
Lake,2021-02-14,21,9904,4,2846,17,7058,0,0,8,6844,13,1530,8,8374,California
Lake,2021-02-15,171,10075,12,2858,159,7217,0,0,7,6688,163,1693,7,8381,California
Lake,2021-02-16,413,10488,19,2877,394,7611,0,0,171,6617,242,1935,171,8552,California
Lake,2021-02-17,351,10839,54,2931,297,7908,0,0,73,6413,277,2212,73,8625,California
Lake,2021-02-18,450,11289,68,2999,382,8290,0,0,116,6195,334,2546,116,8741,California
Lake,2021-02-19,414,11703,26,3025,388,8678,0,0,92,5965,322,2868,92,8833,California
Lake,2021-02-20,289,11992,58,3083,231,8909,0,0,247,6170,42,2910,247,9080,California
Lake,2021-02-21,6,11998,6,3089,0,8909,0,0,0,6164,6,2916,0,9080,California
Lake,2021-02-22,136,12134,22,3111,114,9023,0,0,41,6110,95,3011,41,9121,California
Lake,2021-02-23,210,12344,13,3124,197,9220,0,0,25,5950,185,3196,25,9146,California
Lake,2021-02-24,953,13297,376,3500,577,9797,0,0,417,5831,536,3732,417,9563,California
Lake,2021-02-25,722,14019,457,3957,265,10062,0,0,471,6053,249,3981,471,10034,California
Lake,2021-02-26,994,15013,307,4264,687,10749,0,0,346,5755,644,4625,346,10380,California
Lake,2021-02-27,398,15411,95,4359,303,11052,0,0,316,5989,82,4707,316,10696,California
Lake,2021-02-28,18,15429,12,4371,6,11058,0,0,10,5991,8,4715,10,10706,California
Lake,2021-03-01,593,16022,53,4424,540,11598,0,0,441,6280,152,4867,441,11147,California
Lake,2021-03-02,754,16776,17,4441,737,12335,0,0,289,6104,465,5332,289,11436,California
Lake,2021-03-03,350,17126,192,4633,158,12493,0,0,128,6010,222,5554,128,11564,California
Lake,2021-03-04,543,17669,474,5107,69,12562,0,0,530,6527,13,5567,530,12094,California
Lake,2021-03-05,816,18485,29,5136,787,13349,0,0,117,5948,696,6263,117,12211,California
Lake,2021-03-06,38,18523,10,5146,27,13376,1,1,23,5957,15,6278,24,12235,California
Lake,2021-03-07,7,18530,5,5151,2,13378,0,1,3,5956,4,6282,3,12238,California
Lake,2021-03-08,310,18840,243,5394,58,13436,9,10,272,6199,38,6320,281,12519,California
Lake,2021-03-09,894,19734,29,5423,852,14288,13,23,377,6073,516,6836,390,12909,California
Lake,2021-03-10,198,19932,60,5483,131,14419,7,30,137,6156,61,6897,144,13053,California
Lake,2021-03-11,554,20486,50,5533,62,14481,442,472,52,6148,502,7399,494,13547,California
Lake,2021-03-12,829,21315,183,5716,622,15103,24,496,336,6017,491,7890,360,13907,California
Lake,2021-03-13,189,21504,19,5735,18,15121,152,648,17,6015,170,8060,168,14075,California
Lake,2021-03-14,14,21518,3,5738,10,15131,1,649,8,6018,6,8066,9,14084,California
Lake,2021-03-15,586,22104,12,5750,554,15685,20,669,427,6306,159,8225,447,14531,California
Lake,2021-03-16,1072,23176,813,6563,242,15927,17,686,423,6100,646,8871,440,14971,California
Lake,2021-03-17,235,23411,117,6680,100,16027,18,704,81,6045,154,9025,99,15070,California
Lake,2021-03-18,658,24069,338,7018,287,16314,33,737,297,6014,360,9385,329,15399,California
Lake,2021-03-19,395,24464,172,7190,212,16526,11,748,311,6253,83,9468,322,15721,California
Lake,2021-03-20,75,24539,11,7201,62,16588,2,750,21,6223,53,9521,23,15744,California
Lake,2021-03-21,19,24558,14,7215,4,16592,1,751,12,6229,7,9528,13,15757,California
Lake,2021-03-22,310,24868,231,7446,65,16657,14,765,225,6383,85,9613,239,15996,California
Lake,2021-03-23,407,25275,20,7466,373,17030,14,779,346,6683,60,9673,360,16356,California
Lake,2021-03-24,422,25697,68,7534,347,17377,7,786,326,6924,94,9767,335,16691,California
Lake,2021-03-25,613,26310,440,7974,168,17545,5,791,167,6652,445,10212,173,16864,California
Lake,2021-03-26,78,26388,39,8013,38,17583,1,792,55,6685,23,10235,56,16920,California
Lake,2021-03-27,300,26688,10,8023,286,17869,4,796,22,6436,276,10511,27,16947,California
Lake,2021-03-28,14,26702,5,8028,8,17877,1,797,6,6435,8,10519,7,16954,California
Lake,2021-03-29,877,27579,243,8271,632,18509,2,799,193,5950,682,11201,197,17151,California
Lake,2021-03-30,427,28006,302,8573,121,18630,4,803,357,6241,70,11271,361,17512,California
Lake,2021-03-31,493,28499,55,8628,438,19068,0,803,368,6510,119,11390,388,17900,California
Lake,2021-04-01,323,28822,177,8805,137,19205,9,812,125,6454,197,11587,141,18041,California
Lassen,2020-12-16,8,8,8,8,0,0,0,0,8,8,0,0,8,8,California
Lassen,2020-12-17,6,14,6,14,0,0,0,0,6,14,0,0,6,14,California
Lassen,2020-12-18,1,15,1,15,0,0,0,0,1,15,0,0,1,15,California
Lassen,2020-12-19,5,20,5,20,0,0,0,0,5,20,0,0,5,20,California
Lassen,2020-12-20,2,22,2,22,0,0,0,0,2,22,0,0,2,22,California
Lassen,2020-12-21,11,33,11,33,0,0,0,0,11,33,0,0,11,33,California
Lassen,2020-12-22,23,56,23,56,0,0,0,0,23,56,0,0,23,56,California
Lassen,2020-12-23,6,62,6,62,0,0,0,0,6,62,0,0,6,62,California
Lassen,2020-12-24,11,73,11,73,0,0,0,0,11,73,0,0,11,73,California
Lassen,2020-12-28,3,76,2,75,1,1,0,0,3,76,0,0,3,76,California
Lassen,2020-12-29,35,111,35,110,0,1,0,0,35,111,0,0,35,111,California
Lassen,2020-12-30,37,148,36,146,1,2,0,0,37,148,0,0,37,148,California
Lassen,2020-12-31,51,199,42,188,9,11,0,0,51,199,0,0,51,199,California
Lassen,2021-01-02,1,200,0,188,1,12,0,0,1,200,0,0,1,200,California
Lassen,2021-01-04,15,215,1,189,14,26,0,0,15,215,0,0,15,215,California
Lassen,2021-01-05,194,409,53,242,141,167,0,0,194,409,0,0,194,409,California
Lassen,2021-01-06,94,503,42,284,52,219,0,0,86,488,8,8,87,496,California
Lassen,2021-01-07,43,546,7,291,36,255,0,0,37,519,6,14,37,533,California
Lassen,2021-01-08,50,596,2,293,48,303,0,0,50,569,0,14,50,583,California
Lassen,2021-01-09,12,608,6,299,6,309,0,0,12,581,0,14,12,595,California
Lassen,2021-01-11,27,635,5,304,22,331,0,0,27,608,0,14,27,622,California
Lassen,2021-01-12,50,685,30,334,20,351,0,0,31,620,19,33,31,653,California
Lassen,2021-01-13,161,846,18,352,143,494,0,0,146,751,15,48,146,799,California
Lassen,2021-01-14,161,1007,18,370,143,637,0,0,149,888,12,60,149,948,California
Lassen,2021-01-15,33,1040,6,376,27,664,0,0,33,921,0,60,33,981,California
Lassen,2021-01-16,34,1074,33,409,1,665,0,0,34,955,0,60,34,1015,California
Lassen,2021-01-17,1,1075,0,409,1,666,0,0,1,956,0,60,1,1016,California
Lassen,2021-01-18,5,1080,2,411,3,669,0,0,4,959,1,61,4,1020,California
Lassen,2021-01-19,186,1266,36,447,150,819,0,0,158,1089,28,89,158,1178,California
Lassen,2021-01-20,187,1453,100,547,87,906,0,0,103,1123,69,158,103,1281,California
Lassen,2021-01-21,145,1598,94,641,51,957,0,0,120,1225,18,176,120,1401,California
Lassen,2021-01-22,32,1630,19,660,13,970,0,0,22,1237,10,186,22,1423,California
Lassen,2021-01-23,1,1631,0,660,1,971,0,0,1,1238,0,186,1,1424,California
Lassen,2021-01-24,1,1632,0,660,1,972,0,0,1,1239,0,186,1,1425,California
Lassen,2021-01-25,11,1643,0,660,11,983,0,0,11,1250,0,186,11,1436,California
Lassen,2021-01-26,126,1769,12,672,114,1097,0,0,122,1368,4,190,122,1558,California
Lassen,2021-01-27,80,1849,28,700,52,1149,0,0,64,1416,16,206,64,1622,California
Lassen,2021-01-28,85,1934,14,714,71,1220,0,0,84,1499,1,207,84,1706,California
Lassen,2021-01-29,23,1957,7,721,16,1236,0,0,22,1520,1,208,22,1728,California
Lassen,2021-02-01,63,2020,4,725,59,1295,0,0,36,1529,27,235,36,1764,California
Lassen,2021-02-02,177,2197,11,736,166,1461,0,0,43,1438,134,369,43,1807,California
Lassen,2021-02-03,99,2296,22,758,77,1538,0,0,54,1447,45,414,54,1861,California
Lassen,2021-02-04,112,2408,15,773,97,1635,0,0,63,1461,49,463,63,1924,California
Lassen,2021-02-05,65,2473,12,785,53,1688,0,0,23,1442,42,505,23,1947,California
Lassen,2021-02-06,70,2543,35,820,35,1723,0,0,37,1447,32,537,37,1984,California
Lassen,2021-02-07,1,2544,1,821,0,1723,0,0,1,1448,0,537,1,1985,California
Lassen,2021-02-08,45,2589,6,827,39,1762,0,0,20,1443,25,562,20,2005,California
Lassen,2021-02-09,128,2717,8,835,120,1882,0,0,49,1413,79,641,49,2054,California
Lassen,2021-02-10,181,2898,20,855,161,2043,0,0,74,1381,106,747,74,2128,California
Lassen,2021-02-11,181,3079,16,871,165,2208,0,0,80,1361,100,847,80,2208,California
Lassen,2021-02-12,45,3124,13,884,32,2240,0,0,16,1348,29,876,16,2224,California
Lassen,2021-02-13,13,3137,5,889,8,2248,0,0,11,1357,2,878,11,2235,California
Lassen,2021-02-14,13,3150,0,889,13,2261,0,0,12,1368,1,879,12,2247,California
Lassen,2021-02-15,22,3172,3,892,19,2280,0,0,18,1382,4,883,18,2265,California
Lassen,2021-02-16,193,3365,4,896,189,2469,0,0,31,1253,160,1043,31,2296,California
Lassen,2021-02-17,185,3550,95,991,90,2559,0,0,11,1090,174,1217,11,2307,California
Lassen,2021-02-18,81,3631,23,1014,58,2617,0,0,23,1055,58,1275,23,2330,California
Lassen,2021-02-19,82,3713,61,1075,21,2638,0,0,18,1009,64,1339,18,2348,California
Lassen,2021-02-20,7,3720,0,1075,7,2645,0,0,5,1012,2,1341,5,2353,California
Lassen,2021-02-21,18,3738,1,1076,17,2662,0,0,14,1022,4,1345,14,2367,California
Lassen,2021-02-22,23,3761,8,1084,15,2677,0,0,5,1009,18,1363,5,2372,California
Lassen,2021-02-23,152,3913,9,1093,143,2820,0,0,40,937,112,1475,40,2412,California
Lassen,2021-02-24,165,4078,16,1109,149,2969,0,0,107,987,57,1532,107,2519,California
Lassen,2021-02-25,158,4236,21,1130,137,3106,0,0,102,1033,56,1588,102,2621,California
Lassen,2021-02-26,70,4306,13,1143,57,3163,0,0,33,1029,37,1625,33,2654,California
Lassen,2021-02-27,8,4314,7,1150,1,3164,0,0,4,1029,4,1629,4,2658,California
Lassen,2021-02-28,6,4320,1,1151,5,3169,0,0,3,1029,3,1632,3,2661,California
Lassen,2021-03-01,40,4360,5,1156,35,3204,0,0,7,1003,33,1665,7,2668,California
Lassen,2021-03-02,104,4464,6,1162,98,3302,0,0,79,1057,25,1690,79,2747,California
Lassen,2021-03-03,163,4627,13,1175,150,3452,0,0,105,1104,58,1748,105,2852,California
Lassen,2021-03-04,142,4769,15,1190,127,3579,0,0,93,1149,48,1796,93,2945,California
Lassen,2021-03-05,45,4814,6,1196,19,3598,20,20,12,1148,33,1829,32,2977,California
Lassen,2021-03-06,54,4868,5,1201,31,3629,18,38,5,1122,49,1878,23,3000,California
Lassen,2021-03-07,55,4923,1,1202,0,3629,54,92,0,1121,55,1933,54,3054,California
Lassen,2021-03-08,88,5011,2,1204,9,3638,77,169,4,1119,83,2016,81,3135,California
Lassen,2021-03-09,126,5137,11,1215,98,3736,17,186,78,1166,48,2064,95,3230,California
Lassen,2021-03-10,149,5286,8,1223,140,3876,1,187,66,1151,83,2147,68,3298,California
Lassen,2021-03-11,173,5459,16,1239,148,4024,9,196,99,1188,71,2218,108,3406,California
Lassen,2021-03-12,33,5492,15,1254,11,4035,7,203,11,1184,22,2240,18,3424,California
Lassen,2021-03-13,45,5537,0,1254,2,4037,43,246,2,1185,43,2283,44,3468,California
Lassen,2021-03-14,7,5544,1,1255,5,4042,1,247,0,1179,7,2290,1,3469,California
Lassen,2021-03-15,36,5580,2,1257,31,4073,3,250,17,1180,18,2308,19,3488,California
Lassen,2021-03-16,87,5667,3,1260,78,4151,6,256,70,1239,17,2325,76,3564,California
Lassen,2021-03-17,918,6585,9,1269,904,5055,5,261,899,2125,18,2343,904,4468,California
Lassen,2021-03-18,80,6665,9,1278,70,5125,1,262,66,2178,14,2357,67,4535,California
Lassen,2021-03-19,15,6680,8,1286,3,5128,4,266,8,2183,7,2364,12,4547,California
Lassen,2021-03-20,8,6688,1,1287,4,5132,3,269,3,2184,5,2369,6,4553,California
Lassen,2021-03-21,33,6721,3,1290,29,5161,1,270,15,2183,17,2386,16,4569,California
Lassen,2021-03-22,49,6770,0,1290,48,5209,1,271,45,2225,4,2390,46,4615,California
Lassen,2021-03-23,95,6865,5,1295,89,5298,1,272,53,2237,42,2432,54,4669,California
Lassen,2021-03-24,205,7070,11,1306,194,5492,0,272,99,2232,105,2537,100,4769,California
Lassen,2021-03-25,154,7224,21,1327,133,5625,0,272,69,2216,85,2622,69,4838,California
Lassen,2021-03-26,74,7298,12,1339,24,5649,38,310,15,2211,58,2680,53,4891,California
Lassen,2021-03-27,19,7317,1,1340,2,5651,16,326,2,2212,17,2697,18,4909,California
Lassen,2021-03-28,21,7338,4,1344,6,5657,11,337,7,2216,14,2711,18,4927,California
Lassen,2021-03-29,48,7386,0,1344,25,5682,23,360,18,2227,30,2741,41,4968,California
Lassen,2021-03-30,195,7581,11,1355,161,5843,23,383,49,2159,144,2885,76,5044,California
Lassen,2021-03-31,127,7708,9,1364,102,5945,16,399,53,2156,73,2958,70,5114,California
Lassen,2021-04-01,32,7740,13,1377,17,5962,2,401,12,2151,20,2978,15,5129,California
Los Angeles,2020-12-15,392,392,392,392,0,0,0,0,392,392,0,0,392,392,California
Los Angeles,2020-12-16,3360,3752,3360,3752,0,0,0,0,3360,3752,0,0,3360,3752,California
Los Angeles,2020-12-17,10223,13975,10223,13975,0,0,0,0,10224,13976,0,0,10224,13976,California
Los Angeles,2020-12-18,14485,28460,14463,28438,22,22,0,0,14486,28462,0,0,14486,28462,California
Los Angeles,2020-12-19,7215,35675,7209,35647,6,28,0,0,7216,35678,0,0,7216,35678,California
Los Angeles,2020-12-20,4576,40251,4568,40215,8,36,0,0,4577,40255,0,0,4577,40255,California
Los Angeles,2020-12-21,13648,53899,13637,53852,11,47,0,0,13649,53903,1,1,13649,53904,California
Los Angeles,2020-12-22,11480,65379,11103,64955,377,424,0,0,11482,65385,0,1,11482,65386,California
Los Angeles,2020-12-23,11857,77236,10100,75055,1757,2181,0,0,11858,77243,0,1,11858,77244,California
Los Angeles,2020-12-24,7002,84238,4240,79295,2762,4943,0,0,7005,84248,0,1,7005,84249,California
Los Angeles,2020-12-25,521,84759,416,79711,105,5048,0,0,521,84769,0,1,521,84770,California
Los Angeles,2020-12-26,2522,87281,2179,81890,343,5391,0,0,2522,87290,1,2,2522,87292,California
Los Angeles,2020-12-27,1749,89030,1023,82913,726,6117,0,0,1749,89039,0,2,1749,89041,California
Los Angeles,2020-12-28,10240,99270,6345,89258,3895,10012,0,0,10238,99277,0,2,10238,99279,California
Los Angeles,2020-12-29,11498,110768,6047,95305,5451,15463,0,0,11500,110777,0,2,11500,110779,California
Los Angeles,2020-12-30,14806,125574,8073,103378,6733,22196,0,0,14805,125582,0,2,14805,125584,California
Los Angeles,2020-12-31,7850,133424,2740,106118,5110,27306,0,0,7848,133429,1,3,7848,133432,California
Los Angeles,2021-01-01,903,134327,235,106353,668,27974,0,0,903,134332,0,3,903,134335,California
Los Angeles,2021-01-02,4416,138743,1641,107994,2775,30749,0,0,4416,138748,0,3,4416,138751,California
Los Angeles,2021-01-03,911,139654,200,108194,711,31460,0,0,910,139657,1,4,910,139661,California
Los Angeles,2021-01-04,12619,152273,4831,113025,7788,39248,0,0,12604,152258,3,7,12604,152265,California
Los Angeles,2021-01-05,15948,168221,7047,120072,8901,48149,0,0,14043,164432,1872,1879,14046,166311,California
Los Angeles,2021-01-06,22380,190601,12017,132089,10363,58512,0,0,16808,175747,5502,7381,16817,183128,California
Los Angeles,2021-01-07,29303,219904,15758,147847,13545,72057,0,0,18831,184169,10427,17808,18849,201977,California
Los Angeles,2021-01-08,32956,252860,17837,165684,15119,87176,0,0,20778,192816,12153,29961,20800,222777,California
Los Angeles,2021-01-09,12319,265179,7045,172729,5274,92450,0,0,7457,195420,4861,34822,7465,230242,California
Los Angeles,2021-01-10,4641,269820,3628,176357,1013,93463,0,0,1910,194603,2731,37553,1914,232156,California
Los Angeles,2021-01-11,25674,295494,16183,192540,9491,102954,0,0,14774,198494,10892,48445,14783,246939,California
Los Angeles,2021-01-12,28988,324482,16004,208544,12984,115938,0,0,18914,207355,10057,58502,18918,265857,California
Los Angeles,2021-01-13,29134,353616,15579,224123,13555,129493,0,0,20211,218667,8906,67408,20218,286075,California
Los Angeles,2021-01-14,29110,382726,12674,236797,16436,145929,0,0,23630,236843,5464,72872,23640,309715,California
Los Angeles,2021-01-15,33570,416296,12288,249085,21282,167211,0,0,30022,263352,3523,76395,30032,339747,California
Los Angeles,2021-01-16,17471,433767,4947,254032,12524,179735,0,0,15695,277283,1767,78162,15698,355445,California
Los Angeles,2021-01-17,5172,438939,2287,256319,2885,182620,0,0,4927,281967,245,78407,4929,360374,California
Los Angeles,2021-01-18,15531,454470,10033,266352,5498,188118,0,0,10833,288116,4687,83094,10836,371210,California
Los Angeles,2021-01-19,38320,492790,20473,286825,17847,205965,0,0,30568,310994,7712,90806,30590,401800,California
Los Angeles,2021-01-20,45428,538218,23675,310500,21753,227718,0,0,37955,341514,7443,98249,37963,439763,California
Los Angeles,2021-01-21,48372,586590,22304,332804,26068,253786,0,0,44124,381461,4187,102436,44134,483897,California
Los Angeles,2021-01-22,47554,634144,22218,355022,25336,279122,0,0,44148,422250,3365,105801,44154,528051,California
Los Angeles,2021-01-23,33746,667890,15637,370659,18109,297231,0,0,31739,452017,1978,107779,31745,559796,California
Los Angeles,2021-01-24,15663,683553,12159,382818,3504,300735,0,0,15117,466599,539,108318,15121,574917,California
Los Angeles,2021-01-25,38409,721962,16307,399125,22102,322837,0,0,30000,488270,8373,116691,30044,604961,California
Los Angeles,2021-01-26,48849,770811,24246,423371,24603,347440,0,0,40765,521007,8054,124745,40791,645752,California
Los Angeles,2021-01-27,48092,818903,25657,449028,22435,369875,0,0,39001,551061,8958,133703,39012,684764,California
Los Angeles,2021-01-28,48175,867078,22920,471948,25255,395130,0,0,39888,582781,8174,141877,39894,724658,California
Los Angeles,2021-01-29,48938,916016,25243,497191,23695,418825,0,0,38972,612149,9616,151493,38984,763642,California
Los Angeles,2021-01-30,29824,945840,15299,512490,14525,433350,0,0,25733,633871,4018,155511,25740,789382,California
Los Angeles,2021-01-31,12929,958769,10316,522806,2613,435963,0,0,12013,644983,904,156415,12016,801398,California
Los Angeles,2021-02-01,37668,996437,15990,538796,21678,457641,0,0,27476,662307,10164,166579,27488,828886,California
Los Angeles,2021-02-02,43925,1040362,17766,556562,26159,483800,0,0,31820,682060,12070,178649,31823,860709,California
Los Angeles,2021-02-03,51755,1092117,19367,575929,32388,516188,0,0,37159,704855,14369,193018,37164,897873,California
Los Angeles,2021-02-04,57012,1149129,20600,596529,36412,552600,0,0,39004,726164,17700,210718,39009,936882,California
Los Angeles,2021-02-05,60755,1209884,20859,617388,39896,592496,0,0,39024,743874,21317,232035,39027,975909,California
Los Angeles,2021-02-06,35285,1245169,13208,630596,22077,614573,0,0,26927,762534,8285,240320,26945,1002854,California
Los Angeles,2021-02-07,10735,1255904,8325,638921,2410,616983,0,0,8380,768579,2340,242660,8385,1011239,California
Los Angeles,2021-02-08,46536,1302440,21376,660297,25160,642143,0,0,30456,783084,15954,258614,30459,1041698,California
Los Angeles,2021-02-09,55532,1357972,24524,684821,31008,673151,0,0,28321,784254,27158,285772,28328,1070026,California
Los Angeles,2021-02-10,66709,1424681,29329,714150,37380,710531,0,0,30929,779767,35421,321193,30934,1100960,California
Los Angeles,2021-02-11,57765,1482446,30776,744926,26989,737520,0,0,27894,778227,29438,350631,27898,1128858,California
Los Angeles,2021-02-12,59341,1541787,29702,774628,29639,767159,0,0,25848,770925,33165,383796,25863,1154721,California
Los Angeles,2021-02-13,33718,1575505,19558,794186,14160,781319,0,0,15450,768215,18195,401991,15485,1170206,California
Los Angeles,2021-02-14,21848,1597353,14972,809158,6876,788195,0,0,8787,764003,13007,414998,8795,1179001,California
Los Angeles,2021-02-15,32207,1629560,15775,824933,16432,804627,0,0,17660,767169,14498,429496,17664,1196665,California
Los Angeles,2021-02-16,63633,1693193,32337,857270,31296,835923,0,0,29831,763291,33724,463220,29846,1226511,California
Los Angeles,2021-02-17,63682,1756875,34119,891389,29563,865486,0,0,26348,752471,37176,500396,26356,1252867,California
Los Angeles,2021-02-18,67734,1824609,34455,925844,33279,898765,0,0,28490,741946,39025,539421,28500,1281367,California
Los Angeles,2021-02-19,56822,1881431,34950,960794,21872,920637,0,0,28340,741923,28388,567809,28365,1309732,California
Los Angeles,2021-02-20,31783,1913214,23655,984449,8128,928765,0,0,15529,741237,16220,584029,15534,1325266,California
Los Angeles,2021-02-21,15560,1928774,13945,998394,1615,930380,0,0,8109,741916,7431,591460,8110,1333376,California
Los Angeles,2021-02-22,33770,1962544,24582,1022976,9188,939568,0,0,17578,743388,16128,607588,17600,1350976,California
Los Angeles,2021-02-23,53135,2015679,22603,1045579,30532,970100,0,0,21052,732472,31992,639580,21076,1372052,California
Los Angeles,2021-02-24,63653,2079332,27882,1073461,35771,1005871,0,0,28153,725282,35359,674939,28169,1400221,California
Los Angeles,2021-02-25,72485,2151817,33284,1106745,39201,1045072,0,0,38147,729243,34204,709143,38165,1438386,California
Los Angeles,2021-02-26,82030,2233847,38199,1144944,43831,1088903,0,0,47038,741516,34785,743928,47058,1485444,California
Los Angeles,2021-02-27,58164,2292011,24698,1169642,33465,1122368,1,1,29795,743094,28239,772167,29817,1515261,California
Los Angeles,2021-02-28,26557,2318568,18373,1188015,8184,1130552,0,1,18769,754137,7732,779899,18775,1534036,California
Los Angeles,2021-03-01,54595,2373163,30509,1218524,24079,1154631,7,8,33077,765840,21400,801299,33103,1567139,California
Los Angeles,2021-03-02,69307,2442470,30587,1249111,38719,1193350,1,9,42392,781442,26805,828104,42407,1609546,California
Los Angeles,2021-03-03,78271,2520741,39234,1288345,39035,1232385,2,11,48591,800560,29519,857623,48637,1658183,California
Los Angeles,2021-03-04,83102,2603843,44061,1332406,39035,1271420,6,17,53153,823958,29778,887401,53176,1711359,California
Los Angeles,2021-03-05,77162,2681005,38358,1370764,38784,1310204,20,37,52782,852578,24217,911618,52837,1764196,California
Los Angeles,2021-03-06,58375,2739380,30178,1400942,26441,1336645,1756,1793,38381,872864,19873,931491,40159,1804355,California
Los Angeles,2021-03-07,23817,2763197,18756,1419698,4297,1340942,764,2557,18865,887563,4936,936427,19635,1823990,California
Los Angeles,2021-03-08,48620,2811817,25616,1445314,21252,1362194,1752,4309,36707,914195,11838,948265,38470,1862460,California
Los Angeles,2021-03-09,65449,2877266,24902,1470216,37289,1399483,3258,7567,38940,930007,26398,974663,42210,1904670,California
Los Angeles,2021-03-10,74060,2951326,35977,1506193,33582,1433065,4501,12068,45882,952347,28044,1002707,50384,1955054,California
Los Angeles,2021-03-11,84277,3035603,40665,1546858,37692,1470757,5920,17988,48407,970946,35735,1038442,54334,2009388,California
Los Angeles,2021-03-12,83297,3118900,37979,1584837,32642,1503399,12676,30664,47919,996291,35253,1073695,60598,2069986,California
Los Angeles,2021-03-13,61717,3180617,30520,1615357,20025,1523424,11172,41836,35669,1017166,25974,1099669,46849,2116835,California
Los Angeles,2021-03-14,32689,3213306,23197,1638554,7165,1530589,2327,44163,22567,1032002,10082,1109751,24918,2141753,California
Los Angeles,2021-03-15,71701,3285007,34623,1673177,31834,1562423,5244,49407,43780,1053259,27778,1137529,49035,2190788,California
Los Angeles,2021-03-16,93532,3378539,41455,1714632,46553,1608976,5524,54931,60392,1086204,32982,1170511,65927,2256715,California
Los Angeles,2021-03-17,88083,3466622,40887,1755519,39601,1648577,7595,62526,58680,1123242,29253,1199764,66291,2323006,California
Los Angeles,2021-03-18,81340,3547962,40083,1795602,36642,1685219,4615,67141,50494,1147712,30654,1230418,55124,2378130,California
Los Angeles,2021-03-19,89500,3637462,47238,1842840,38799,1724018,3463,70604,55786,1173453,33531,1263949,59272,2437402,California
Los Angeles,2021-03-20,56220,3693682,23820,1866660,29125,1753143,3275,73879,40328,1201274,15775,1279724,43596,2480998,California
Los Angeles,2021-03-21,32193,3725875,23589,1890249,7804,1760947,800,74679,21192,1212331,10937,1290661,21994,2502992,California
Los Angeles,2021-03-22,66880,3792755,39704,1929953,25235,1786182,1941,76620,47711,1243034,18997,1309658,49700,2552692,California
Los Angeles,2021-03-23,91028,3883783,49441,1979394,38693,1824875,2894,79514,60584,1276403,30244,1339902,63613,2616305,California
Los Angeles,2021-03-24,98333,3982116,52955,2032349,42564,1867439,2814,82328,58775,1298856,39322,1379224,61775,2678080,California
Los Angeles,2021-03-25,103588,4085704,55363,2087712,44780,1912219,3445,85773,59334,1318061,44034,1423258,63239,2741319,California
Los Angeles,2021-03-26,109032,4194736,59559,2147271,45451,1957670,4022,89795,62447,1339916,46393,1469651,68248,2809567,California
Los Angeles,2021-03-27,76977,4271713,39307,2186578,35572,1993242,2098,91893,40444,1347298,36349,1506000,43731,2853298,California
Los Angeles,2021-03-28,40329,4312042,26981,2213559,12764,2006006,584,92477,20555,1348850,19729,1525729,21281,2874579,California
Los Angeles,2021-03-29,76989,4389031,44618,2258177,30826,2036832,1545,94022,45004,1363974,31872,1557601,46996,2921575,California
Los Angeles,2021-03-30,99119,4488150,46781,2304958,47009,2083841,5329,99351,62054,1394983,36925,1594526,67934,2989509,California
Los Angeles,2021-03-31,104494,4592644,50706,2355664,46181,2130022,7607,106958,61359,1421649,42911,1637437,69577,3059086,California
Los Angeles,2021-04-01,62461,4655105,28094,2383758,28182,2158204,6185,113143,31965,1431113,30389,1667826,39853,3098939,California
Madera,2020-12-16,22,22,22,22,0,0,0,0,22,22,0,0,22,22,California
Madera,2020-12-17,12,34,12,34,0,0,0,0,12,34,0,0,12,34,California
Madera,2020-12-18,61,95,61,95,0,0,0,0,61,95,0,0,61,95,California
Madera,2020-12-19,6,101,6,101,0,0,0,0,6,101,0,0,6,101,California
Madera,2020-12-20,14,115,14,115,0,0,0,0,14,115,0,0,14,115,California
Madera,2020-12-21,61,176,61,176,0,0,0,0,61,176,0,0,61,176,California
Madera,2020-12-22,98,274,96,272,2,2,0,0,98,274,0,0,98,274,California
Madera,2020-12-23,68,342,68,340,0,2,0,0,68,342,0,0,68,342,California
Madera,2020-12-24,44,386,39,379,5,7,0,0,44,386,0,0,44,386,California
Madera,2020-12-26,28,414,26,405,2,9,0,0,28,414,0,0,28,414,California
Madera,2020-12-27,31,445,12,417,19,28,0,0,31,445,0,0,31,445,California
Madera,2020-12-28,107,552,36,453,71,99,0,0,107,552,0,0,107,552,California
Madera,2020-12-29,170,722,36,489,134,233,0,0,170,722,0,0,170,722,California
Madera,2020-12-30,216,938,85,574,131,364,0,0,216,938,0,0,216,938,California
Madera,2020-12-31,203,1141,80,654,123,487,0,0,203,1141,0,0,203,1141,California
Madera,2021-01-02,76,1217,21,675,55,542,0,0,76,1217,0,0,76,1217,California
Madera,2021-01-03,5,1222,5,680,0,542,0,0,5,1222,0,0,5,1222,California
Madera,2021-01-04,129,1351,64,744,65,607,0,0,129,1351,0,0,129,1351,California
Madera,2021-01-05,274,1625,138,882,136,743,0,0,269,1615,5,5,269,1620,California
Madera,2021-01-06,185,1810,27,909,158,901,0,0,165,1760,20,25,165,1785,California
Madera,2021-01-07,340,2150,56,965,284,1185,0,0,319,2058,21,46,319,2104,California
Madera,2021-01-08,413,2563,70,1035,343,1528,0,0,358,2363,54,100,359,2463,California
Madera,2021-01-09,37,2600,14,1049,23,1551,0,0,28,2382,9,109,28,2491,California
Madera,2021-01-10,18,2618,15,1064,3,1554,0,0,5,2374,13,122,5,2496,California
Madera,2021-01-11,225,2843,177,1241,48,1602,0,0,183,2515,42,164,183,2679,California
Madera,2021-01-12,394,3237,160,1401,234,1836,0,0,286,2693,108,272,286,2965,California
Madera,2021-01-13,181,3418,90,1491,91,1927,0,0,125,2762,56,328,125,3090,California
Madera,2021-01-14,555,3973,80,1571,475,2402,0,0,522,3251,33,361,522,3612,California
Madera,2021-01-15,593,4566,159,1730,434,2836,0,0,573,3804,20,381,573,4185,California
Madera,2021-01-16,374,4940,46,1776,328,3164,0,0,345,4120,29,410,345,4530,California
Madera,2021-01-17,327,5267,7,1783,320,3484,0,0,322,4438,5,415,323,4853,California
Madera,2021-01-18,74,5341,58,1841,16,3500,0,0,55,4475,18,433,55,4908,California
Madera,2021-01-19,559,5900,129,1970,430,3930,0,0,532,4981,27,460,533,5441,California
Madera,2021-01-20,235,6135,79,2049,156,4086,0,0,208,5163,26,486,208,5649,California
Madera,2021-01-21,236,6371,125,2174,111,4197,0,0,202,5333,32,518,202,5851,California
Madera,2021-01-22,255,6626,83,2257,172,4369,0,0,242,5562,13,531,242,6093,California
Madera,2021-01-23,101,6727,52,2309,49,4418,0,0,77,5616,24,555,78,6171,California
Madera,2021-01-24,100,6827,81,2390,19,4437,0,0,76,5668,24,579,76,6247,California
Madera,2021-01-25,253,7080,121,2511,132,4569,0,0,141,5697,112,691,141,6388,California
Madera,2021-01-26,479,7559,188,2699,291,4860,0,0,292,5805,186,877,294,6682,California
Madera,2021-01-27,734,8293,62,2761,672,5532,0,0,598,6268,136,1013,599,7281,California
Madera,2021-01-28,537,8830,101,2862,436,5968,0,0,433,6597,104,1117,433,7714,California
Madera,2021-01-29,468,9298,95,2957,373,6341,0,0,411,6951,57,1174,411,8125,California
Madera,2021-01-30,507,9805,15,2972,492,6833,0,0,453,7350,54,1228,453,8578,California
Madera,2021-01-31,9,9814,6,2978,3,6836,0,0,8,7357,1,1229,8,8586,California
Madera,2021-02-01,257,10071,71,3049,186,7022,0,0,199,7499,58,1287,200,8786,California
Madera,2021-02-02,247,10318,84,3133,163,7185,0,0,159,7571,87,1374,159,8945,California
Madera,2021-02-03,588,10906,453,3586,135,7320,0,0,474,7934,112,1486,475,9420,California
Madera,2021-02-04,386,11292,121,3707,265,7585,0,0,112,7774,273,1759,113,9533,California
Madera,2021-02-05,967,12259,295,4002,672,8257,0,0,361,7535,601,2360,362,9895,California
Madera,2021-02-06,355,12614,322,4324,33,8290,0,0,318,7817,36,2396,318,10213,California
Madera,2021-02-07,36,12650,7,4331,29,8319,0,0,31,7843,5,2401,31,10244,California
Madera,2021-02-08,377,13027,303,4634,74,8393,0,0,266,7999,110,2511,266,10510,California
Madera,2021-02-09,475,13502,116,4750,359,8752,0,0,195,7918,277,2788,196,10706,California
Madera,2021-02-10,425,13927,152,4902,273,9025,0,0,324,8141,101,2889,324,11030,California
Madera,2021-02-11,924,14851,299,5201,625,9650,0,0,397,8015,525,3414,399,11429,California
Madera,2021-02-12,840,15691,119,5320,721,10371,0,0,303,7793,531,3945,309,11738,California
Madera,2021-02-13,477,16168,45,5365,432,10803,0,0,137,7593,339,4284,139,11877,California
Madera,2021-02-14,398,16566,75,5440,323,11126,0,0,102,7435,295,4579,137,12014,California
Madera,2021-02-15,231,16797,92,5532,139,11265,0,0,149,7521,82,4661,168,12182,California
Madera,2021-02-16,771,17568,184,5716,587,11852,0,0,227,7209,542,5203,230,12412,California
Madera,2021-02-17,603,18171,267,5983,336,12188,0,0,333,7279,265,5468,335,12747,California
Madera,2021-02-18,1283,19454,527,6510,756,12944,0,0,1111,8219,172,5640,1112,13859,California
Madera,2021-02-19,860,20314,547,7057,313,13257,0,0,712,8790,148,5788,719,14578,California
Madera,2021-02-20,1072,21386,978,8035,94,13351,0,0,998,9717,72,5860,999,15577,California
Madera,2021-02-21,952,22338,816,8851,136,13487,0,0,946,10657,6,5866,946,16523,California
Madera,2021-02-22,905,23243,831,9682,74,13561,0,0,851,11454,54,5920,851,17374,California
Madera,2021-02-23,766,24009,498,10180,268,13829,0,0,548,11786,217,6137,549,17923,California
Madera,2021-02-24,904,24913,301,10481,603,14432,0,0,374,11630,530,6667,374,18297,California
Madera,2021-02-25,1019,25932,308,10789,711,15143,0,0,588,11788,430,7097,588,18885,California
Madera,2021-02-26,1068,27000,188,10977,880,16023,0,0,690,12107,375,7472,694,19579,California
Madera,2021-02-27,864,27864,243,11220,621,16644,0,0,413,12107,448,7920,448,20027,California
Madera,2021-02-28,188,28052,30,11250,158,16802,0,0,182,12283,6,7926,182,20209,California
Madera,2021-03-01,363,28415,113,11363,250,17052,0,0,187,12296,175,8101,188,20397,California
Madera,2021-03-02,633,29048,266,11629,367,17419,0,0,520,12706,112,8213,522,20919,California
Madera,2021-03-03,1187,30235,666,12295,521,17940,0,0,796,13133,388,8601,815,21734,California
Madera,2021-03-04,1105,31340,467,12762,638,18578,0,0,860,13757,245,8846,869,22603,California
Madera,2021-03-05,1205,32545,389,13151,804,19382,12,12,950,14472,253,9099,968,23571,California
Madera,2021-03-06,675,33220,501,13652,144,19526,30,42,454,14736,221,9320,485,24056,California
Madera,2021-03-07,153,33373,26,13678,105,19631,22,64,103,14811,50,9370,125,24181,California
Madera,2021-03-08,564,33937,314,13992,195,19826,55,119,284,14872,280,9650,341,24522,California
Madera,2021-03-09,424,34361,154,14146,234,20060,36,155,260,15012,163,9813,303,24825,California
Madera,2021-03-10,1061,35422,490,14636,521,20581,50,205,669,15343,389,10202,720,25545,California
Madera,2021-03-11,1548,36970,772,15408,464,21045,312,517,681,15482,866,11068,1005,26550,California
Madera,2021-03-12,1388,38358,727,16135,522,21567,139,656,666,15596,719,11787,833,27383,California
Madera,2021-03-13,1696,40054,1238,17373,270,21837,188,844,671,15451,1023,12810,878,28261,California
Madera,2021-03-14,528,40582,442,17815,53,21890,33,877,275,15508,252,13062,309,28570,California
Madera,2021-03-15,718,41300,214,18029,460,22350,44,921,499,15866,218,13280,576,29146,California
Madera,2021-03-16,802,42102,418,18447,337,22687,47,968,627,16386,173,13453,693,29839,California
Madera,2021-03-17,1353,43455,900,19347,408,23095,45,1013,827,16832,517,13970,963,30802,California
Madera,2021-03-18,1575,45030,556,19903,969,24064,50,1063,763,16907,809,14779,884,31686,California
Madera,2021-03-19,1278,46308,510,20413,706,24770,62,1125,813,17378,462,15241,933,32619,California
Madera,2021-03-20,860,47168,626,21039,204,24974,30,1155,409,17409,450,15691,481,33100,California
Madera,2021-03-21,1039,48207,855,21894,139,25113,45,1200,344,17107,692,16383,390,33490,California
Madera,2021-03-22,1310,49517,840,22734,404,25517,66,1266,633,17183,669,17052,745,34235,California
Madera,2021-03-23,1365,50882,823,23557,442,25959,100,1366,699,17402,664,17716,883,35118,California
Madera,2021-03-24,876,51758,467,24024,380,26339,29,1395,578,17733,297,18013,628,35746,California
Madera,2021-03-25,1072,52830,474,24498,579,26918,19,1414,612,17955,451,18464,673,36419,California
Madera,2021-03-26,1370,54200,510,25008,731,27649,129,1543,658,18039,709,19173,793,37212,California
Madera,2021-03-27,829,55029,526,25534,281,27930,22,1565,378,18007,445,19618,413,37625,California
Madera,2021-03-28,400,55429,132,25666,218,28148,50,1615,223,18157,176,19794,326,37951,California
Madera,2021-03-29,662,56091,169,25835,463,28611,30,1645,477,18487,182,19976,512,38463,California
Madera,2021-03-30,988,57079,563,26398,401,29012,24,1669,553,18639,434,20410,586,39049,California
Madera,2021-03-31,1076,58155,434,26832,573,29585,69,1738,375,18439,696,21106,496,39545,California
Madera,2021-04-01,820,58975,338,27170,450,30035,32,1770,218,18117,599,21705,277,39822,California
Marin,2020-12-15,2,2,2,2,0,0,0,0,2,2,0,0,2,2,California
Marin,2020-12-16,107,109,107,109,0,0,0,0,107,109,0,0,107,109,California
Marin,2020-12-17,259,368,259,368,0,0,0,0,259,368,0,0,259,368,California
Marin,2020-12-18,372,740,372,740,0,0,0,0,372,740,0,0,372,740,California
Marin,2020-12-19,348,1088,347,1087,1,1,0,0,348,1088,0,0,348,1088,California
Marin,2020-12-20,167,1255,166,1253,1,2,0,0,167,1255,0,0,167,1255,California
Marin,2020-12-21,239,1494,236,1489,3,5,0,0,239,1494,0,0,239,1494,California
Marin,2020-12-22,520,2014,317,1806,203,208,0,0,520,2014,0,0,520,2014,California
Marin,2020-12-23,731,2745,323,2129,408,616,0,0,731,2745,0,0,731,2745,California
Marin,2020-12-24,356,3101,160,2289,196,812,0,0,356,3101,0,0,356,3101,California
Marin,2020-12-25,27,3128,0,2289,27,839,0,0,27,3128,0,0,27,3128,California
Marin,2020-12-26,140,3268,92,2381,48,887,0,0,140,3268,0,0,140,3268,California
Marin,2020-12-27,93,3361,56,2437,37,924,0,0,93,3361,0,0,93,3361,California
Marin,2020-12-28,408,3769,99,2536,309,1233,0,0,408,3769,0,0,408,3769,California
Marin,2020-12-29,397,4166,86,2622,311,1544,0,0,397,4166,0,0,397,4166,California
Marin,2020-12-30,624,4790,387,3009,237,1781,0,0,624,4790,0,0,624,4790,California
Marin,2020-12-31,200,4990,33,3042,167,1948,0,0,200,4990,0,0,200,4990,California
Marin,2021-01-01,9,4999,5,3047,4,1952,0,0,9,4999,0,0,9,4999,California
Marin,2021-01-02,105,5104,99,3146,6,1958,0,0,105,5104,0,0,105,5104,California
Marin,2021-01-03,55,5159,37,3183,18,1976,0,0,52,5156,0,0,52,5156,California
Marin,2021-01-04,286,5445,185,3368,101,2077,0,0,285,5440,1,1,285,5441,California
Marin,2021-01-05,366,5811,223,3591,143,2220,0,0,323,5720,43,44,323,5764,California
Marin,2021-01-06,822,6633,316,3907,506,2726,0,0,645,6189,176,220,645,6409,California
Marin,2021-01-07,893,7526,502,4409,391,3117,0,0,545,6386,348,568,545,6954,California
Marin,2021-01-08,966,8492,509,4918,457,3574,0,0,593,6607,372,940,593,7547,California
Marin,2021-01-09,618,9110,222,5140,396,3970,0,0,488,6965,130,1070,488,8035,California
Marin,2021-01-10,126,9236,97,5237,29,3999,0,0,51,6941,75,1145,51,8086,California
Marin,2021-01-11,466,9702,325,5562,141,4140,0,0,251,6977,215,1360,251,8337,California
Marin,2021-01-12,940,10642,541,6103,399,4539,0,0,567,7174,370,1730,567,8904,California
Marin,2021-01-13,1175,11817,496,6599,679,5218,0,0,936,7871,239,1969,936,9840,California
Marin,2021-01-14,1072,12889,325,6924,747,5965,0,0,919,8639,151,2120,919,10759,California
Marin,2021-01-15,1150,14039,354,7278,796,6761,0,0,1020,9531,129,2249,1021,11780,California
Marin,2021-01-16,1111,15150,907,8185,204,6965,0,0,1037,10494,74,2323,1037,12817,California
Marin,2021-01-17,1237,16387,1117,9302,120,7085,0,0,1209,11679,27,2350,1212,14029,California
Marin,2021-01-18,360,16747,160,9462,200,7285,0,0,309,11937,51,2401,309,14338,California
Marin,2021-01-19,1146,17893,907,10369,239,7524,0,0,978,12748,167,2568,978,15316,California
Marin,2021-01-20,1783,19676,1208,11577,575,8099,0,0,1054,13085,718,3286,1055,16371,California
Marin,2021-01-21,1684,21360,1065,12642,619,8718,0,0,1332,14071,349,3635,1335,17706,California
Marin,2021-01-22,1687,23047,1079,13721,608,9326,0,0,1522,15428,165,3800,1522,19228,California
Marin,2021-01-23,1851,24898,1348,15069,503,9829,0,0,1767,17111,84,3884,1767,20995,California
Marin,2021-01-24,612,25510,164,15233,448,10277,0,0,580,17659,32,3916,580,21575,California
Marin,2021-01-25,1114,26624,224,15457,890,11167,0,0,684,17916,430,4346,687,22262,California
Marin,2021-01-26,1498,28122,776,16233,722,11889,0,0,1121,18661,376,4722,1121,23383,California
Marin,2021-01-27,1686,29808,863,17096,823,12712,0,0,1335,19649,348,5070,1336,24719,California
Marin,2021-01-28,2050,31858,1043,18139,1007,13719,0,0,1783,21167,266,5336,1784,26503,California
Marin,2021-01-29,2183,34041,1433,19572,750,14469,0,0,1988,22972,184,5520,1989,28492,California
Marin,2021-01-30,1714,35755,895,20467,819,15288,0,0,1637,24533,77,5597,1638,30130,California
Marin,2021-01-31,452,36207,316,20783,136,15424,0,0,427,24935,25,5622,427,30557,California
Marin,2021-02-01,1084,37291,418,21201,666,16090,0,0,885,25621,199,5821,885,31442,California
Marin,2021-02-02,1346,38637,457,21658,889,16979,0,0,721,25727,615,6436,721,32163,California
Marin,2021-02-03,1760,40397,415,22073,1345,18324,0,0,1238,26444,521,6957,1238,33401,California
Marin,2021-02-04,1533,41930,510,22583,1023,19347,0,0,931,26776,599,7556,931,34332,California
Marin,2021-02-05,2161,44091,671,23254,1490,20837,0,0,1323,27266,834,8390,1324,35656,California
Marin,2021-02-06,1423,45514,852,24106,571,21408,0,0,599,27042,823,9213,599,36255,California
Marin,2021-02-07,1289,46803,1005,25111,284,21692,0,0,487,26728,801,10014,487,36742,California
Marin,2021-02-08,1521,48324,754,25865,767,22459,0,0,728,26665,791,10805,728,37470,California
Marin,2021-02-09,1771,50095,1117,26982,654,23113,0,0,823,26541,947,11752,823,38293,California
Marin,2021-02-10,2330,52425,1490,28472,840,23953,0,0,1216,26646,1112,12864,1217,39510,California
Marin,2021-02-11,2855,55280,1638,30110,1217,25170,0,0,1447,26692,1403,14267,1449,40959,California
Marin,2021-02-12,3051,58331,1539,31649,1512,26682,0,0,1554,26751,1495,15762,1554,42513,California
Marin,2021-02-13,2342,60673,1242,32891,1100,27782,0,0,1132,26675,1208,16970,1132,43645,California
Marin,2021-02-14,805,61478,298,33189,507,28289,0,0,716,27302,89,17059,716,44361,California
Marin,2021-02-15,1208,62686,355,33544,853,29142,0,0,831,27756,377,17436,831,45192,California
Marin,2021-02-16,2458,65144,1053,34597,1405,30547,0,0,1500,28299,957,18393,1500,46692,California
Marin,2021-02-17,2080,67224,927,35524,1153,31700,0,0,1088,28397,991,19384,1089,47781,California
Marin,2021-02-18,2387,69611,1548,37072,839,32539,0,0,1058,28127,1328,20712,1058,48839,California
Marin,2021-02-19,2742,72353,2149,39221,593,33132,0,0,1212,27821,1519,22231,1213,50052,California
Marin,2021-02-20,2568,74921,2113,41334,455,33587,0,0,1225,27706,1340,23571,1225,51277,California
Marin,2021-02-21,1252,76173,1062,42396,190,33777,0,0,891,28239,358,23929,891,52168,California
Marin,2021-02-22,1788,77961,1377,43773,411,34188,0,0,1201,28854,586,24515,1201,53369,California
Marin,2021-02-23,2824,80785,1606,45379,1218,35406,0,0,1902,29843,913,25428,1902,55271,California
Marin,2021-02-24,3464,84249,1588,46967,1876,37282,0,0,2228,30842,1229,26657,2228,57499,California
Marin,2021-02-25,3893,88142,1797,48764,2096,39378,0,0,2731,32420,1154,27811,2732,60231,California
Marin,2021-02-26,3468,91610,1871,50635,1597,40975,0,0,2526,34015,931,28742,2526,62757,California
Marin,2021-02-27,2610,94220,1495,52130,1115,42090,0,0,1774,34956,834,29576,1775,64532,California
Marin,2021-02-28,1377,95597,917,53047,460,42550,0,0,1044,35669,331,29907,1044,65576,California
Marin,2021-03-01,2424,98021,1494,54541,930,43480,0,0,1625,36501,793,30700,1625,67201,California
Marin,2021-03-02,2396,100417,1570,56111,825,44305,1,1,1663,37435,731,31431,1665,68866,California
Marin,2021-03-03,3925,104342,2154,58265,1771,46076,0,1,2524,38564,1397,32828,2526,71392,California
Marin,2021-03-04,2891,107233,1368,59633,1523,47599,0,1,2080,39845,805,33633,2086,73478,California
Marin,2021-03-05,2552,109785,813,60446,1727,49326,12,13,1497,40305,1054,34687,1514,74992,California
Marin,2021-03-06,2454,112239,1685,62131,693,50019,76,89,1971,41879,473,35160,2047,77039,California
Marin,2021-03-07,1362,113601,1151,63282,188,50207,23,112,979,42500,381,35541,1002,78041,California
Marin,2021-03-08,1525,115126,1060,64342,370,50577,95,207,1082,43240,441,35982,1181,79222,California
Marin,2021-03-09,2036,117162,1192,65534,735,51312,109,316,1385,44083,651,36633,1494,80716,California
Marin,2021-03-10,4209,121371,2382,67916,1535,52847,292,608,2991,46150,1217,37850,3284,84000,California
Marin,2021-03-11,4329,125700,1734,69650,2462,55309,133,741,3077,48114,1245,39095,3209,87209,California
Marin,2021-03-12,3697,129397,1435,71085,1925,57234,337,1078,1438,47637,2249,41344,1772,88981,California
Marin,2021-03-13,3866,133263,2752,73837,1056,58290,58,1136,2309,48453,1549,42893,2365,91346,California
Marin,2021-03-14,2110,135373,1062,74899,940,59230,108,1244,699,47852,1410,44303,809,92155,California
Marin,2021-03-15,3230,138603,1762,76661,1417,60647,51,1295,1229,47135,1996,46299,1279,93434,California
Marin,2021-03-16,4273,142876,2290,78951,1619,62266,364,1659,1510,46248,2760,49059,1873,95307,California
Marin,2021-03-17,3954,146830,2162,81113,1750,64016,42,1701,1902,46152,2041,51100,1945,97252,California
Marin,2021-03-18,3678,150508,1824,82937,1807,65823,47,1748,1893,46318,1773,52873,1939,99191,California
Marin,2021-03-19,3107,153615,1699,84636,1293,67116,115,1863,1697,46727,1403,54276,1812,101003,California
Marin,2021-03-20,2660,156275,1381,86017,1209,68325,70,1933,1627,47399,1025,55301,1697,102700,California
Marin,2021-03-21,1495,157770,1102,87119,368,68693,25,1958,772,47475,721,56022,797,103497,California
Marin,2021-03-22,2467,160237,2113,89232,183,68876,171,2129,1022,47236,1440,57462,1201,104698,California
Marin,2021-03-23,4190,164427,2173,91405,1894,70770,123,2252,1915,47027,2270,59732,2061,106759,California
Marin,2021-03-24,4387,168814,2873,94278,1410,72180,104,2356,1804,46494,2575,62307,2042,108801,California
Marin,2021-03-25,4519,173333,2741,97019,1710,73890,68,2424,2210,46657,2296,64603,2459,111260,California
Marin,2021-03-26,4203,177536,2249,99268,1742,75632,212,2636,2370,47646,1813,66416,2802,114062,California
Marin,2021-03-27,3586,181122,2558,101826,1012,76644,16,2652,1119,46828,2461,68877,1643,115705,California
Marin,2021-03-28,2327,183449,1679,103505,642,77286,6,2658,1072,46659,1250,70127,1081,116786,California
Marin,2021-03-29,2514,185963,1923,105428,566,77852,25,2683,1314,46808,1198,71325,1347,118133,California
Marin,2021-03-30,4465,190428,3445,108873,985,78837,35,2718,2974,48340,1488,72813,3020,121153,California
Marin,2021-03-31,5493,195921,3851,112724,1599,80436,43,2761,2446,47851,3041,75854,2552,123705,California
Marin,2021-04-01,2816,198737,1484,114208,1171,81607,161,2922,1230,47707,1585,77439,1441,125146,California
Mariposa,2020-12-17,2,2,2,2,0,0,0,0,38,38,0,0,38,38,California
Mariposa,2020-12-18,5,7,5,7,0,0,0,0,56,94,0,0,56,94,California
Mariposa,2020-12-20,2,9,2,9,0,0,0,0,2,96,0,0,2,96,California
Mariposa,2020-12-21,3,12,3,12,0,0,0,0,45,141,0,0,45,141,California
Mariposa,2020-12-22,2,14,2,14,0,0,0,0,2,143,0,0,2,143,California
Mariposa,2020-12-23,10,24,10,24,0,0,0,0,1,144,0,0,1,144,California
Mariposa,2020-12-24,1,25,0,24,1,1,0,0,0,144,0,0,0,144,California
Mariposa,2020-12-26,1,26,1,25,0,1,0,0,1,145,0,0,1,145,California
Mariposa,2020-12-27,1,27,0,25,1,2,0,0,1,146,0,0,1,146,California
Mariposa,2020-12-28,3,30,1,26,2,4,0,0,3,149,0,0,3,149,California
Mariposa,2020-12-29,33,63,1,27,32,36,0,0,33,182,0,0,33,182,California
Mariposa,2020-12-30,21,84,0,27,21,57,0,0,19,201,0,0,19,201,California
Mariposa,2020-12-31,22,106,0,27,22,79,0,0,22,223,0,0,22,223,California
Mariposa,2021-01-04,9,115,1,28,8,87,0,0,9,232,0,0,9,232,California
Mariposa,2021-01-05,24,139,14,42,10,97,0,0,12,234,10,10,12,244,California
Mariposa,2021-01-06,5,144,3,45,2,99,0,0,2,233,3,13,2,246,California
Mariposa,2021-01-07,49,193,47,92,2,101,0,0,2,188,47,60,2,248,California
Mariposa,2021-01-08,109,302,81,173,28,129,0,0,33,145,76,136,33,281,California
Mariposa,2021-01-09,1,303,0,173,1,130,0,0,1,146,0,136,1,282,California
Mariposa,2021-01-11,24,327,3,176,21,151,0,0,22,166,2,138,22,304,California
Mariposa,2021-01-12,21,348,3,179,18,169,0,0,18,181,3,141,18,322,California
Mariposa,2021-01-13,22,370,1,180,21,190,0,0,21,201,1,142,21,343,California
Mariposa,2021-01-14,94,464,1,181,93,283,0,0,94,295,0,142,94,437,California
Mariposa,2021-01-15,46,510,1,182,45,328,0,0,45,339,1,143,45,482,California
Mariposa,2021-01-16,19,529,2,184,17,345,0,0,18,356,1,144,18,500,California
Mariposa,2021-01-17,2,531,0,184,2,347,0,0,2,358,0,144,2,502,California
Mariposa,2021-01-18,2,533,2,186,0,347,0,0,1,358,1,145,1,503,California
Mariposa,2021-01-19,1,534,0,186,1,348,0,0,1,359,0,145,1,504,California
Mariposa,2021-01-20,26,560,0,186,26,374,0,0,25,384,0,145,25,529,California
Mariposa,2021-01-21,87,647,1,187,86,460,0,0,87,471,0,145,87,616,California
Mariposa,2021-01-22,77,724,1,188,76,536,0,0,77,548,0,145,77,693,California
Mariposa,2021-01-23,125,849,0,188,125,661,0,0,124,672,0,145,124,817,California
Mariposa,2021-01-25,3,852,1,189,2,663,0,0,0,669,3,148,0,817,California
Mariposa,2021-01-26,32,884,2,191,30,693,0,0,3,647,29,177,7,824,California
Mariposa,2021-01-27,34,918,1,192,33,726,0,0,26,665,8,185,26,850,California
Mariposa,2021-01-28,147,1065,2,194,145,871,0,0,133,785,13,198,133,983,California
Mariposa,2021-01-29,58,1123,0,194,58,929,0,0,58,843,0,198,58,1041,California
Mariposa,2021-01-30,3,1126,1,195,2,931,0,0,2,844,1,199,2,1043,California
Mariposa,2021-01-31,1,1127,0,195,1,932,0,0,1,845,0,199,1,1044,California
Mariposa,2021-02-01,55,1182,0,195,55,987,0,0,48,886,7,206,48,1092,California
Mariposa,2021-02-02,8,1190,0,195,8,995,0,0,2,882,6,212,2,1094,California
Mariposa,2021-02-03,26,1216,1,196,25,1020,0,0,22,900,4,216,22,1116,California
Mariposa,2021-02-04,115,1331,7,203,108,1128,0,0,108,1005,4,220,109,1225,California
Mariposa,2021-02-05,239,1570,4,207,235,1363,0,0,217,1200,22,242,217,1442,California
Mariposa,2021-02-06,2,1572,1,208,1,1364,0,0,1,1200,1,243,1,1443,California
Mariposa,2021-02-08,39,1611,1,209,38,1402,0,0,20,1201,19,262,20,1463,California
Mariposa,2021-02-09,10,1621,3,212,7,1409,0,0,5,1201,5,267,5,1468,California
Mariposa,2021-02-10,17,1638,1,213,16,1425,0,0,9,1208,8,275,15,1483,California
Mariposa,2021-02-11,378,2016,4,217,374,1799,0,0,334,1535,42,317,369,1852,California
Mariposa,2021-02-12,177,2193,1,218,176,1975,0,0,115,1606,62,379,133,1985,California
Mariposa,2021-02-13,5,2198,3,221,2,1977,0,0,4,1609,1,380,4,1989,California
Mariposa,2021-02-14,5,2203,2,223,3,1980,0,0,3,1611,2,382,4,1993,California
Mariposa,2021-02-15,8,2211,2,225,6,1986,0,0,7,1617,1,383,7,2000,California
Mariposa,2021-02-16,19,2230,2,227,17,2003,0,0,8,1624,11,394,18,2018,California
Mariposa,2021-02-17,20,2250,2,229,18,2021,0,0,9,1630,10,404,16,2034,California
Mariposa,2021-02-18,56,2306,3,232,53,2074,0,0,13,1600,43,447,13,2047,California
Mariposa,2021-02-19,74,2380,0,232,74,2148,0,0,33,1632,41,488,73,2120,California
Mariposa,2021-02-20,254,2634,4,236,250,2398,0,0,169,1769,85,573,222,2342,California
Mariposa,2021-02-21,231,2865,2,238,229,2627,0,0,230,1998,1,574,230,2572,California
Mariposa,2021-02-22,15,2880,2,240,13,2640,0,0,15,2013,0,574,15,2587,California
Mariposa,2021-02-23,6,2886,3,243,3,2643,0,0,4,2016,2,576,5,2592,California
Mariposa,2021-02-24,18,2904,1,244,17,2660,0,0,2,2002,16,592,2,2594,California
Mariposa,2021-02-25,6,2910,3,247,3,2663,0,0,3,2002,3,595,3,2597,California
Mariposa,2021-02-26,410,3320,3,250,407,3070,0,0,251,2198,159,754,355,2952,California
Mariposa,2021-02-27,153,3473,3,253,150,3220,0,0,149,2344,4,758,150,3102,California
Mariposa,2021-02-28,2,3475,1,254,1,3221,0,0,0,2342,2,760,0,3102,California
Mariposa,2021-03-01,55,3530,2,256,53,3274,0,0,7,2301,48,808,7,3109,California
Mariposa,2021-03-02,6,3536,5,261,1,3275,0,0,3,2301,3,811,3,3112,California
Mariposa,2021-03-03,65,3601,1,262,64,3339,0,0,63,2362,2,813,63,3175,California
Mariposa,2021-03-04,15,3616,5,267,10,3349,0,0,5,2360,10,823,8,3183,California
Mariposa,2021-03-05,38,3654,6,273,32,3381,0,0,27,2384,11,834,35,3218,California
Mariposa,2021-03-06,4,3658,1,274,3,3384,0,0,4,2388,0,834,4,3222,California
Mariposa,2021-03-08,36,3694,2,276,23,3407,11,11,7,2377,29,863,18,3240,California
Mariposa,2021-03-09,24,3718,2,278,11,3418,11,22,9,2382,15,878,20,3260,California
Mariposa,2021-03-10,15,3733,3,281,3,3421,9,31,3,2382,12,890,12,3272,California
Mariposa,2021-03-11,455,4188,5,286,432,3853,18,49,172,2340,282,1172,240,3512,California
Mariposa,2021-03-12,241,4429,2,288,211,4064,28,77,96,2328,145,1317,133,3645,California
Mariposa,2021-03-13,23,4452,3,291,5,4069,15,92,4,2329,19,1336,20,3665,California
Mariposa,2021-03-14,14,4466,0,291,3,4072,11,103,2,2330,12,1348,13,3678,California
Mariposa,2021-03-15,72,4538,5,296,29,4101,38,141,28,2352,44,1392,66,3744,California
Mariposa,2021-03-16,44,4582,5,301,5,4106,34,175,7,2356,37,1429,41,3785,California
Mariposa,2021-03-17,51,4633,4,305,42,4148,5,180,43,2398,8,1437,50,3835,California
Mariposa,2021-03-18,44,4677,4,309,31,4179,9,189,32,2427,12,1449,41,3876,California
Mariposa,2021-03-19,327,5004,3,312,314,4493,10,199,294,2698,33,1482,304,4180,California
Mariposa,2021-03-20,418,5422,3,315,414,4907,1,200,44,2371,374,1856,47,4227,California
Mariposa,2021-03-21,8,5430,7,322,0,4907,1,201,5,2374,3,1859,6,4233,California
Mariposa,2021-03-22,35,5465,5,327,19,4926,11,212,21,2394,14,1873,34,4267,California
Mariposa,2021-03-23,19,5484,4,331,2,4928,13,225,1,2390,18,1891,14,4281,California
Mariposa,2021-03-24,9,5493,1,332,6,4934,2,227,7,2397,2,1893,9,4290,California
Mariposa,2021-03-25,7,5500,5,337,2,4936,0,227,3,2396,4,1897,3,4293,California
Mariposa,2021-03-26,43,5543,9,346,32,4968,2,229,28,2411,15,1912,30,4323,California
Mariposa,2021-03-27,8,5551,3,349,5,4973,0,229,2,2408,6,1918,3,4326,California
Mariposa,2021-03-28,4,5555,0,349,1,4974,3,232,0,2407,4,1922,3,4329,California
Mariposa,2021-03-29,13,5568,2,351,11,4985,0,232,7,2408,6,1928,7,4336,California
Mariposa,2021-03-30,2,5570,0,351,2,4987,0,232,0,2406,2,1930,0,4336,California
Mariposa,2021-03-31,18,5588,6,357,12,4999,0,232,8,2404,10,1940,8,4344,California
Mariposa,2021-04-01,3,5591,1,358,2,5001,0,232,1,2403,2,1942,1,4345,California
Mendocino,2020-12-17,70,70,70,70,0,0,0,0,70,70,0,0,70,70,California
Mendocino,2020-12-18,86,156,85,155,1,1,0,0,85,155,0,0,85,155,California
Mendocino,2020-12-19,3,159,3,158,0,1,0,0,3,158,0,0,3,158,California
Mendocino,2020-12-20,7,166,7,165,0,1,0,0,7,165,0,0,7,165,California
Mendocino,2020-12-21,245,411,245,410,0,1,0,0,76,241,0,0,76,241,California
Mendocino,2020-12-22,248,659,188,598,60,61,0,0,248,489,0,0,248,489,California
Mendocino,2020-12-23,272,931,48,646,224,285,0,0,271,760,0,0,271,760,California
Mendocino,2020-12-24,49,980,8,654,41,326,0,0,49,809,0,0,49,809,California
Mendocino,2020-12-25,1,981,0,654,1,327,0,0,1,810,0,0,1,810,California
Mendocino,2020-12-26,2,983,2,656,0,327,0,0,2,812,0,0,2,812,California
Mendocino,2020-12-27,1,984,0,656,1,328,0,0,1,813,0,0,1,813,California
Mendocino,2020-12-28,73,1057,8,664,65,393,0,0,73,886,0,0,73,886,California
Mendocino,2020-12-29,120,1177,60,724,60,453,0,0,120,1006,0,0,120,1006,California
Mendocino,2020-12-30,120,1297,66,790,54,507,0,0,120,1126,0,0,120,1126,California
Mendocino,2020-12-31,130,1427,95,885,35,542,0,0,130,1256,0,0,130,1256,California
Mendocino,2021-01-01,4,1431,2,887,2,544,0,0,4,1260,0,0,4,1260,California
Mendocino,2021-01-02,1,1432,1,888,0,544,0,0,1,1261,0,0,1,1261,California
Mendocino,2021-01-04,837,2269,15,903,822,1366,0,0,837,2098,0,0,837,2098,California
Mendocino,2021-01-05,71,2340,35,938,36,1402,0,0,58,2143,13,13,58,2156,California
Mendocino,2021-01-06,150,2490,129,1067,21,1423,0,0,140,2273,10,23,140,2296,California
Mendocino,2021-01-07,356,2846,237,1304,119,1542,0,0,293,2503,63,86,293,2589,California
Mendocino,2021-01-08,95,2941,82,1386,13,1555,0,0,41,2491,54,140,42,2631,California
Mendocino,2021-01-09,8,2949,4,1390,4,1559,0,0,6,2495,2,142,6,2637,California
Mendocino,2021-01-10,8,2957,8,1398,0,1559,0,0,1,2489,7,149,1,2638,California
Mendocino,2021-01-11,99,3056,90,1488,9,1568,0,0,41,2473,57,206,41,2679,California
Mendocino,2021-01-12,387,3443,376,1864,11,1579,0,0,272,2630,115,321,272,2951,California
Mendocino,2021-01-13,479,3922,144,2008,335,1914,0,0,439,3032,38,359,440,3391,California
Mendocino,2021-01-14,634,4556,20,2028,614,2528,0,0,625,3648,9,368,625,4016,California
Mendocino,2021-01-15,1852,6408,859,2887,993,3521,0,0,1847,5491,5,373,1848,5864,California
Mendocino,2021-01-16,793,7201,51,2938,742,4263,0,0,791,6280,2,375,791,6655,California
Mendocino,2021-01-17,553,7754,1,2939,552,4815,0,0,552,6831,1,376,552,7207,California
Mendocino,2021-01-18,488,8242,463,3402,25,4840,0,0,476,7295,12,388,476,7683,California
Mendocino,2021-01-19,328,8570,146,3548,182,5022,0,0,153,7273,175,563,153,7836,California
Mendocino,2021-01-20,549,9119,402,3950,147,5169,0,0,445,7616,102,665,445,8281,California
Mendocino,2021-01-21,525,9644,219,4169,306,5475,0,0,342,7776,182,847,342,8623,California
Mendocino,2021-01-22,147,9791,58,4227,89,5564,0,0,108,7845,39,886,108,8731,California
Mendocino,2021-01-23,155,9946,83,4310,72,5636,0,0,149,7988,6,892,149,8880,California
Mendocino,2021-01-24,5,9951,3,4313,2,5638,0,0,5,7993,0,892,5,8885,California
Mendocino,2021-01-25,189,10140,15,4328,174,5812,0,0,121,8046,68,960,121,9006,California
Mendocino,2021-01-26,155,10295,57,4385,98,5910,0,0,95,8081,60,1020,95,9101,California
Mendocino,2021-01-27,426,10721,358,4743,68,5978,0,0,172,8003,250,1270,172,9273,California
Mendocino,2021-01-28,548,11269,513,5256,35,6013,0,0,459,8373,89,1359,459,9732,California
Mendocino,2021-01-29,388,11657,348,5604,40,6053,0,0,359,8704,29,1388,360,10092,California
Mendocino,2021-01-30,45,11702,27,5631,18,6071,0,0,41,8741,4,1392,41,10133,California
Mendocino,2021-01-31,275,11977,2,5633,273,6344,0,0,3,8472,272,1664,3,10136,California
Mendocino,2021-02-01,372,12349,48,5681,324,6668,0,0,53,8206,319,1983,53,10189,California
Mendocino,2021-02-02,684,13033,501,6182,183,6851,0,0,326,8174,358,2341,326,10515,California
Mendocino,2021-02-03,386,13419,203,6385,183,7034,0,0,219,8228,165,2506,219,10734,California
Mendocino,2021-02-04,586,14005,528,6913,58,7092,0,0,463,8568,123,2629,463,11197,California
Mendocino,2021-02-05,1306,15311,1216,8129,90,7182,0,0,590,8444,714,3343,590,11787,California
Mendocino,2021-02-06,557,15868,157,8286,400,7582,0,0,542,8971,15,3358,542,12329,California
Mendocino,2021-02-07,29,15897,25,8311,4,7586,0,0,29,9000,0,3358,29,12358,California
Mendocino,2021-02-08,744,16641,714,9025,30,7616,0,0,282,8820,462,3820,282,12640,California
Mendocino,2021-02-09,102,16743,58,9083,44,7660,0,0,50,8818,52,3872,50,12690,California
Mendocino,2021-02-10,1474,18217,922,10005,552,8212,0,0,742,8834,726,4598,742,13432,California
Mendocino,2021-02-11,1071,19288,206,10211,865,9077,0,0,232,8227,839,5437,232,13664,California
Mendocino,2021-02-12,990,20278,155,10366,835,9912,0,0,228,7695,761,6198,229,13893,California
Mendocino,2021-02-13,494,20772,12,10378,482,10394,0,0,100,7406,394,6592,105,13998,California
Mendocino,2021-02-14,695,21467,1,10379,694,11088,0,0,135,6981,560,7152,135,14133,California
Mendocino,2021-02-15,204,21671,40,10419,164,11252,0,0,167,7111,37,7189,167,14300,California
Mendocino,2021-02-16,195,21866,49,10468,146,11398,0,0,128,7172,67,7256,128,14428,California
Mendocino,2021-02-17,1347,23213,1186,11654,161,11559,0,0,874,7576,471,7727,875,15303,California
Mendocino,2021-02-18,1076,24289,641,12295,435,11994,0,0,544,7588,532,8259,544,15847,California
Mendocino,2021-02-19,701,24990,146,12441,555,12549,0,0,562,8011,139,8398,562,16409,California
Mendocino,2021-02-20,567,25557,541,12982,26,12575,0,0,538,8522,27,8425,538,16947,California
Mendocino,2021-02-21,23,25580,4,12986,19,12594,0,0,12,8523,11,8436,12,16959,California
Mendocino,2021-02-22,161,25741,30,13016,131,12725,0,0,71,8504,90,8526,71,17030,California
Mendocino,2021-02-23,661,26402,647,13663,14,12739,0,0,611,9066,49,8575,611,17641,California
Mendocino,2021-02-24,1813,28215,1731,15394,82,12821,0,0,1407,10070,403,8978,1407,19048,California
Mendocino,2021-02-25,1237,29452,536,15930,701,13522,0,0,878,10589,359,9337,878,19926,California
Mendocino,2021-02-26,1387,30839,745,16675,642,14164,0,0,1024,11252,361,9698,1024,20950,California
Mendocino,2021-02-27,195,31034,150,16825,45,14209,0,0,73,11205,120,9818,73,21023,California
Mendocino,2021-02-28,38,31072,16,16841,22,14231,0,0,26,11219,12,9830,26,21049,California
Mendocino,2021-03-01,568,31640,524,17365,44,14275,0,0,531,11713,37,9867,531,21580,California
Mendocino,2021-03-02,68,31708,24,17389,44,14319,0,0,39,11724,28,9895,39,21619,California
Mendocino,2021-03-03,1602,33310,1250,18639,352,14671,0,0,981,12086,619,10514,981,22600,California
Mendocino,2021-03-04,1283,34593,146,18785,1137,15808,0,0,1144,13094,137,10651,1145,23745,California
Mendocino,2021-03-05,178,34771,117,18902,52,15860,9,9,102,13131,74,10725,111,23856,California
Mendocino,2021-03-06,240,35011,18,18920,199,16059,23,32,203,13320,37,10762,226,24082,California
Mendocino,2021-03-07,485,35496,6,18926,459,16518,20,52,103,13061,381,11143,122,24204,California
Mendocino,2021-03-08,128,35624,33,18959,59,16577,36,88,69,13108,58,11201,105,24309,California
Mendocino,2021-03-09,427,36051,218,19177,178,16755,31,119,343,13398,84,11285,374,24683,California
Mendocino,2021-03-10,1003,37054,929,20106,67,16822,7,126,270,12947,730,12015,279,24962,California
Mendocino,2021-03-11,772,37826,563,20669,155,16977,54,180,357,12948,410,12425,411,25373,California
Mendocino,2021-03-12,1242,39068,976,21645,172,17149,94,274,987,13775,254,12679,1081,26454,California
Mendocino,2021-03-13,569,39637,491,22136,28,17177,50,324,81,13422,484,13163,131,26585,California
Mendocino,2021-03-14,64,39701,3,22139,54,17231,7,331,6,13378,57,13220,13,26598,California
Mendocino,2021-03-15,600,40301,55,22194,489,17720,56,387,214,13264,384,13604,270,26868,California
Mendocino,2021-03-16,559,40860,364,22558,152,17872,43,430,133,13016,425,14029,177,27045,California
Mendocino,2021-03-17,1476,42336,1286,23844,53,17925,137,567,200,12092,1275,15304,351,27396,California
Mendocino,2021-03-18,412,42748,176,24020,200,18125,36,603,154,12028,255,15559,191,27587,California
Mendocino,2021-03-19,1658,44406,832,24852,778,18903,48,651,325,11078,1328,16887,378,27965,California
Mendocino,2021-03-20,62,44468,10,24862,32,18935,20,671,16,11068,46,16933,36,28001,California
Mendocino,2021-03-21,11,44479,2,24864,4,18939,5,676,3,11069,8,16941,9,28010,California
Mendocino,2021-03-22,614,45093,572,25436,15,18954,27,703,146,10777,466,17407,174,28184,California
Mendocino,2021-03-23,168,45261,34,25470,104,19058,30,733,117,10873,51,17458,147,28331,California
Mendocino,2021-03-24,902,46163,824,26294,32,19090,46,779,120,10320,781,18239,228,28559,California
Mendocino,2021-03-25,1259,47422,58,26352,1184,20274,17,796,164,9414,1093,19332,187,28746,California
Mendocino,2021-03-26,507,47929,369,26721,118,20392,20,816,337,9605,167,19499,358,29104,California
Mendocino,2021-03-27,144,48073,14,26735,120,20512,10,826,89,9651,54,19553,100,29204,California
Mendocino,2021-03-28,31,48104,9,26744,18,20530,4,830,8,9641,22,19575,12,29216,California
Mendocino,2021-03-29,166,48270,79,26823,45,20575,42,872,73,9664,93,19668,116,29332,California
Mendocino,2021-03-30,634,48904,561,27384,39,20614,34,906,388,9843,243,19911,422,29754,California
Mendocino,2021-03-31,694,49598,140,27524,494,21108,60,966,370,9953,322,20233,432,30186,California
Mendocino,2021-04-01,578,50176,253,27777,290,21398,35,1001,206,9853,369,20602,269,30455,California
Merced,2020-12-16,3,3,3,3,0,0,0,0,3,3,0,0,3,3,California
Merced,2020-12-17,6,9,6,9,0,0,0,0,6,9,0,0,6,9,California
Merced,2020-12-18,144,153,144,153,0,0,0,0,144,153,0,0,144,153,California
Merced,2020-12-19,38,191,38,191,0,0,0,0,38,191,0,0,38,191,California
Merced,2020-12-20,18,209,17,208,1,1,0,0,18,209,0,0,18,209,California
Merced,2020-12-21,129,338,126,334,3,4,0,0,129,338,0,0,129,338,California
Merced,2020-12-22,163,501,163,497,0,4,0,0,163,501,0,0,163,501,California
Merced,2020-12-23,304,805,289,786,15,19,0,0,304,805,0,0,304,805,California
Merced,2020-12-24,70,875,70,856,0,19,0,0,70,875,0,0,70,875,California
Merced,2020-12-25,5,880,5,861,0,19,0,0,5,880,0,0,5,880,California
Merced,2020-12-26,7,887,4,865,3,22,0,0,7,887,0,0,7,887,California
Merced,2020-12-27,12,899,11,876,1,23,0,0,12,899,0,0,12,899,California
Merced,2020-12-28,125,1024,100,976,25,48,0,0,125,1024,0,0,125,1024,California
Merced,2020-12-29,188,1212,134,1110,54,102,0,0,188,1212,0,0,188,1212,California
Merced,2020-12-30,239,1451,93,1203,146,248,0,0,239,1451,0,0,239,1451,California
Merced,2020-12-31,127,1578,39,1242,88,336,0,0,124,1575,0,0,124,1575,California
Merced,2021-01-02,127,1705,116,1358,11,347,0,0,128,1703,0,0,128,1703,California
Merced,2021-01-03,9,1714,5,1363,4,351,0,0,9,1712,0,0,9,1712,California
Merced,2021-01-04,83,1797,40,1403,43,394,0,0,83,1795,0,0,83,1795,California
Merced,2021-01-05,319,2116,230,1633,89,483,0,0,321,2112,5,5,322,2117,California
Merced,2021-01-06,274,2390,98,1731,176,659,0,0,268,2374,6,11,268,2385,California
Merced,2021-01-07,192,2582,80,1811,112,771,0,0,191,2553,12,23,191,2576,California
Merced,2021-01-08,543,3125,400,2211,143,914,0,0,398,2801,150,173,398,2974,California
Merced,2021-01-09,24,3149,11,2222,13,927,0,0,18,2813,6,179,18,2992,California
Merced,2021-01-10,10,3159,6,2228,4,931,0,0,6,2815,4,183,6,2998,California
Merced,2021-01-11,244,3403,170,2398,74,1005,0,0,117,2808,125,308,118,3116,California
Merced,2021-01-12,312,3715,163,2561,149,1154,0,0,258,3009,57,365,258,3374,California
Merced,2021-01-13,451,4166,233,2794,218,1372,0,0,237,3040,208,573,239,3613,California
Merced,2021-01-14,355,4521,214,3008,141,1513,0,0,184,3056,170,743,186,3799,California
Merced,2021-01-15,684,5205,147,3155,537,2050,0,0,661,3680,39,782,663,4462,California
Merced,2021-01-16,241,5446,153,3308,88,2138,0,0,236,3911,5,787,236,4698,California
Merced,2021-01-17,48,5494,11,3319,37,2175,0,0,47,3957,1,788,47,4745,California
Merced,2021-01-18,331,5825,154,3473,177,2352,0,0,309,4247,22,810,312,5057,California
Merced,2021-01-19,736,6561,583,4056,153,2505,0,0,554,4623,182,992,558,5615,California
Merced,2021-01-20,595,7156,488,4544,107,2612,0,0,531,5092,64,1056,533,6148,California
Merced,2021-01-21,1058,8214,688,5232,370,2982,0,0,959,5954,100,1156,962,7110,California
Merced,2021-01-22,1394,9608,713,5945,681,3663,0,0,1371,7311,25,1181,1382,8492,California
Merced,2021-01-23,309,9917,184,6129,125,3788,0,0,205,7411,105,1286,205,8697,California
Merced,2021-01-24,34,9951,16,6145,18,3806,0,0,24,7426,9,1295,24,8721,California
Merced,2021-01-25,782,10733,269,6414,513,4319,0,0,705,8072,59,1354,705,9426,California
Merced,2021-01-26,944,11677,480,6894,464,4783,0,0,688,8553,209,1563,690,10116,California
Merced,2021-01-27,1032,12709,584,7478,448,5231,0,0,842,9233,163,1726,843,10959,California
Merced,2021-01-28,1204,13913,587,8065,617,5848,0,0,1045,10144,135,1861,1046,12005,California
Merced,2021-01-29,912,14825,339,8404,573,6421,0,0,656,10560,243,2104,659,12664,California
Merced,2021-01-30,286,15111,25,8429,261,6682,0,0,271,10816,15,2119,271,12935,California
Merced,2021-01-31,48,15159,12,8441,36,6718,0,0,45,10858,3,2122,45,12980,California
Merced,2021-02-01,374,15533,51,8492,323,7041,0,0,325,11134,49,2171,325,13305,California
Merced,2021-02-02,302,15835,184,8676,118,7159,0,0,182,11199,118,2289,183,13488,California
Merced,2021-02-03,403,16238,73,8749,330,7489,0,0,206,11208,197,2486,206,13694,California
Merced,2021-02-04,434,16672,158,8907,276,7765,0,0,279,11336,152,2638,280,13974,California
Merced,2021-02-05,629,17301,216,9123,413,8178,0,0,327,11375,289,2927,328,14302,California
Merced,2021-02-06,443,17744,249,9372,194,8372,0,0,271,11476,170,3097,271,14573,California
Merced,2021-02-07,19,17763,12,9384,7,8379,0,0,12,11481,7,3104,12,14585,California
Merced,2021-02-08,327,18090,222,9606,105,8484,0,0,187,11532,137,3241,188,14773,California
Merced,2021-02-09,1278,19368,960,10566,318,8802,0,0,805,11882,456,3697,806,15579,California
Merced,2021-02-10,1924,21292,1440,12006,484,9286,0,0,1338,12641,579,4276,1338,16917,California
Merced,2021-02-11,2621,23913,2050,14056,571,9857,0,0,1865,13756,750,5026,1865,18782,California
Merced,2021-02-12,1892,25805,1063,15119,829,10686,0,0,836,13549,1043,6069,836,19618,California
Merced,2021-02-13,366,26171,205,15324,161,10847,0,0,272,13728,94,6163,273,19891,California
Merced,2021-02-14,117,26288,27,15351,90,10937,0,0,92,13798,25,6188,95,19986,California
Merced,2021-02-15,272,26560,39,15390,233,11170,0,0,167,13866,100,6288,168,20154,California
Merced,2021-02-16,1293,27853,865,16255,428,11598,0,0,782,14240,493,6781,867,21021,California
Merced,2021-02-17,1948,29801,1680,17935,268,11866,0,0,1354,15032,582,7363,1374,22395,California
Merced,2021-02-18,1316,31117,851,18786,465,12331,0,0,444,14643,847,8210,458,22853,California
Merced,2021-02-19,1314,32431,428,19214,886,13217,0,0,557,14462,751,8961,570,23423,California
Merced,2021-02-20,276,32707,32,19246,244,13461,0,0,142,14473,131,9092,142,23565,California
Merced,2021-02-21,75,32782,60,19306,15,13476,0,0,26,14454,49,9141,30,23595,California
Merced,2021-02-22,918,33700,367,19673,551,14027,0,0,569,14675,348,9489,569,24164,California
Merced,2021-02-23,1187,34887,488,20161,699,14726,0,0,693,14924,488,9977,737,24901,California
Merced,2021-02-24,851,35738,298,20459,553,15279,0,0,462,15010,381,10358,467,25368,California
Merced,2021-02-25,1815,37553,850,21309,965,16244,0,0,1335,15884,465,10823,1339,26707,California
Merced,2021-02-26,2356,39909,1505,22814,851,17095,0,0,1916,17365,440,11263,1921,28628,California
Merced,2021-02-27,2602,42511,1014,23828,1587,18682,1,1,2292,19349,311,11574,2295,30923,California
Merced,2021-02-28,327,42838,67,23895,260,18942,0,1,279,19583,46,11620,280,31203,California
Merced,2021-03-01,1200,44038,285,24180,915,19857,0,1,854,20096,341,11961,854,32057,California
Merced,2021-03-02,1800,45838,919,25099,881,20738,0,1,1397,21107,386,12347,1397,33454,California
Merced,2021-03-03,2322,48160,1800,26899,521,21259,1,2,1536,21885,762,13109,1540,34994,California
Merced,2021-03-04,3090,51250,2434,29333,654,21913,2,4,2177,23089,975,14084,2179,37173,California
Merced,2021-03-05,2420,53670,1514,30847,883,22796,23,27,1805,24335,599,14683,1845,39018,California
Merced,2021-03-06,1014,54684,492,31339,502,23298,20,47,739,24821,274,14957,760,39778,California
Merced,2021-03-07,252,54936,56,31395,172,23470,24,71,223,25039,29,14986,247,40025,California
Merced,2021-03-08,1223,56159,607,32002,552,24022,64,135,1012,25905,210,15196,1076,41101,California
Merced,2021-03-09,1663,57822,958,32960,593,24615,112,247,1044,26451,613,15809,1159,42260,California
Merced,2021-03-10,2921,60743,2023,34983,684,25299,214,461,1799,27357,1110,16919,2016,44276,California
Merced,2021-03-11,1927,62670,642,35625,1085,26384,200,661,1349,28345,572,17491,1560,45836,California
Merced,2021-03-12,2408,65078,1074,36699,1081,27465,253,914,1620,29466,785,18276,1906,47742,California
Merced,2021-03-13,676,65754,321,37020,118,27583,237,1151,356,29755,316,18592,605,48347,California
Merced,2021-03-14,171,65925,99,37119,42,27625,30,1181,100,29815,71,18663,131,48478,California
Merced,2021-03-15,1549,67474,512,37631,771,28396,266,1447,1011,30571,527,19190,1283,49761,California
Merced,2021-03-16,1538,69012,780,38411,535,28931,223,1670,1045,31355,483,19673,1267,51028,California
Merced,2021-03-17,2209,71221,1267,39678,763,29694,179,1849,1742,32819,461,20134,1925,52953,California
Merced,2021-03-18,1961,73182,1100,40778,707,30401,154,2003,1327,33692,622,20756,1495,54448,California
Merced,2021-03-19,2952,76134,1687,42465,1070,31471,195,2198,1558,34069,1380,22136,1757,56205,California
Merced,2021-03-20,1838,77972,1228,43693,516,31987,94,2292,1149,34630,684,22820,1245,57450,California
Merced,2021-03-21,674,78646,341,44034,318,32305,15,2307,555,35084,118,22938,572,58022,California
Merced,2021-03-22,1125,79771,486,44520,555,32860,84,2391,736,35527,379,23317,822,58844,California
Merced,2021-03-23,1834,81605,1160,45680,612,33472,62,2453,1374,36505,459,23776,1437,60281,California
Merced,2021-03-24,1325,82930,840,46520,442,33914,43,2496,982,37199,333,24109,1027,61308,California
Merced,2021-03-25,3215,86145,2180,48700,1013,34927,22,2518,2085,38185,1124,25233,2110,63418,California
Merced,2021-03-26,1888,88033,1108,49808,765,35692,15,2533,844,38013,1034,26267,862,64280,California
Merced,2021-03-27,2291,90324,999,50807,1229,36921,63,2596,806,37406,1478,27745,871,65151,California
Merced,2021-03-28,507,90831,206,51013,293,37214,8,2604,236,37383,271,28016,248,65399,California
Merced,2021-03-29,1437,92268,444,51457,755,37969,238,2842,486,37174,946,28962,737,66136,California
Merced,2021-03-30,1722,93990,738,52195,963,38932,21,2863,668,36823,1049,30011,698,66834,California
Merced,2021-03-31,1823,95813,1382,53577,426,39358,15,2878,638,36311,1176,31187,664,67498,California
Merced,2021-04-01,859,96672,399,53976,455,39813,5,2883,331,36125,525,31712,339,67837,California
Modoc,2020-12-16,1,1,1,1,0,0,0,0,1,1,0,0,1,1,California
Modoc,2020-12-21,100,101,100,101,0,0,0,0,100,101,0,0,100,101,California
Modoc,2020-12-22,14,115,14,115,0,0,0,0,14,115,0,0,14,115,California
Modoc,2020-12-23,4,119,4,119,0,0,0,0,4,119,0,0,4,119,California
Modoc,2020-12-24,1,120,1,120,0,0,0,0,1,120,0,0,1,120,California
Modoc,2020-12-28,2,122,2,122,0,0,0,0,2,122,0,0,2,122,California
Modoc,2020-12-29,10,132,1,123,9,9,0,0,10,132,0,0,10,132,California
Modoc,2020-12-30,7,139,0,123,7,16,0,0,7,139,0,0,7,139,California
Modoc,2021-01-02,2,141,0,123,2,18,0,0,2,141,0,0,2,141,California
Modoc,2021-01-04,8,149,0,123,8,26,0,0,8,149,0,0,8,149,California
Modoc,2021-01-05,2,151,1,124,1,27,0,0,2,151,0,0,2,151,California
Modoc,2021-01-06,3,154,2,126,1,28,0,0,2,152,1,1,2,153,California
Modoc,2021-01-07,72,226,0,126,72,100,0,0,72,224,0,1,72,225,California
Modoc,2021-01-08,105,331,0,126,105,205,0,0,105,329,0,1,105,330,California
Modoc,2021-01-10,1,332,1,127,0,205,0,0,0,328,1,2,0,330,California
Modoc,2021-01-11,92,424,82,209,10,215,0,0,19,274,73,75,19,349,California
Modoc,2021-01-12,94,518,25,234,69,284,0,0,68,316,26,101,68,417,California
Modoc,2021-01-13,24,542,4,238,20,304,0,0,22,336,2,103,22,439,California
Modoc,2021-01-14,129,671,6,244,123,427,0,0,124,455,5,108,124,563,California
Modoc,2021-01-15,6,677,1,245,5,432,0,0,6,461,0,108,6,569,California
Modoc,2021-01-16,1,678,1,246,0,432,0,0,1,462,0,108,1,570,California
Modoc,2021-01-18,1,679,1,247,0,432,0,0,1,463,0,108,1,571,California
Modoc,2021-01-19,5,684,3,250,2,434,0,0,3,464,2,110,3,574,California
Modoc,2021-01-20,11,695,1,251,10,444,0,0,11,475,0,110,11,585,California
Modoc,2021-01-21,158,853,2,253,156,600,0,0,158,633,0,110,158,743,California
Modoc,2021-01-22,2,855,0,253,2,602,0,0,2,635,0,110,2,745,California
Modoc,2021-01-25,12,867,1,254,11,613,0,0,12,647,0,110,12,757,California
Modoc,2021-01-26,65,932,1,255,64,677,0,0,65,712,0,110,65,822,California
Modoc,2021-01-27,41,973,2,257,39,716,0,0,25,721,16,126,25,847,California
Modoc,2021-01-28,144,1117,1,258,143,859,0,0,144,865,0,126,144,991,California
Modoc,2021-01-29,3,1120,1,259,2,861,0,0,3,868,0,126,3,994,California
Modoc,2021-02-01,24,1144,11,270,13,874,0,0,11,866,13,139,11,1005,California
Modoc,2021-02-02,170,1314,2,272,168,1042,0,0,167,1030,3,142,167,1172,California
Modoc,2021-02-03,19,1333,13,285,6,1048,0,0,12,1035,7,149,12,1184,California
Modoc,2021-02-04,155,1488,4,289,151,1199,0,0,27,934,128,277,27,1211,California
Modoc,2021-02-05,4,1492,3,292,1,1200,0,0,3,936,1,278,3,1214,California
Modoc,2021-02-08,9,1501,2,294,7,1207,0,0,8,943,1,279,8,1222,California
Modoc,2021-02-09,197,1698,12,306,185,1392,0,0,65,876,132,411,65,1287,California
Modoc,2021-02-10,5,1703,2,308,3,1395,0,0,4,879,1,412,4,1291,California
Modoc,2021-02-11,201,1904,3,311,198,1593,0,0,83,844,118,530,83,1374,California
Modoc,2021-02-12,5,1909,1,312,4,1597,0,0,3,845,2,532,3,1377,California
Modoc,2021-02-13,1,1910,0,312,1,1598,0,0,1,846,0,532,1,1378,California
Modoc,2021-02-16,148,2058,6,318,142,1740,0,0,144,986,4,536,144,1522,California
Modoc,2021-02-17,23,2081,1,319,22,1762,0,0,11,985,12,548,11,1533,California
Modoc,2021-02-18,189,2270,2,321,187,1949,0,0,26,849,162,710,26,1559,California
Modoc,2021-02-19,3,2273,2,323,1,1950,0,0,2,850,1,711,2,1561,California
Modoc,2021-02-20,1,2274,1,324,0,1950,0,0,1,851,0,711,1,1562,California
Modoc,2021-02-22,17,2291,9,333,8,1958,0,0,4,842,13,724,4,1566,California
Modoc,2021-02-23,23,2314,4,337,19,1977,0,0,3,825,20,744,3,1569,California
Modoc,2021-02-24,90,2404,1,338,89,2066,0,0,30,795,60,804,30,1599,California
Modoc,2021-02-25,169,2573,1,339,168,2234,0,0,13,652,156,960,13,1612,California
Modoc,2021-02-26,3,2576,0,339,3,2237,0,0,1,651,2,962,1,1613,California
Modoc,2021-02-27,5,2581,5,344,0,2237,0,0,2,650,3,965,2,1615,California
Modoc,2021-03-01,4,2585,0,344,4,2241,0,0,0,646,4,969,0,1615,California
Modoc,2021-03-02,188,2773,12,356,176,2417,0,0,23,504,165,1134,23,1638,California
Modoc,2021-03-03,12,2785,6,362,6,2423,0,0,2,496,10,1144,2,1640,California
Modoc,2021-03-04,156,2941,2,364,154,2577,0,0,131,602,25,1169,131,1771,California
Modoc,2021-03-05,3,2944,2,366,1,2578,0,0,1,601,2,1171,1,1772,California
Modoc,2021-03-06,10,2954,0,366,0,2578,10,10,0,601,10,1181,10,1782,California
Modoc,2021-03-07,6,2960,1,367,0,2578,5,15,1,602,5,1186,6,1788,California
Modoc,2021-03-08,6,2966,0,367,2,2580,4,19,0,600,6,1192,4,1792,California
Modoc,2021-03-09,121,3087,9,376,104,2684,8,27,57,601,64,1256,65,1857,California
Modoc,2021-03-10,6,3093,3,379,2,2686,1,28,4,604,2,1258,5,1862,California
Modoc,2021-03-11,164,3257,0,379,79,2765,85,113,15,555,149,1407,100,1962,California
Modoc,2021-03-12,7,3264,0,379,4,2769,3,116,4,559,3,1410,7,1969,California
Modoc,2021-03-13,5,3269,0,379,2,2771,3,119,2,561,3,1413,5,1974,California
Modoc,2021-03-14,1,3270,0,379,0,2771,1,120,0,561,1,1414,1,1975,California
Modoc,2021-03-15,11,3281,1,380,9,2780,1,121,10,571,1,1415,11,1986,California
Modoc,2021-03-16,148,3429,1,381,145,2925,2,123,33,491,115,1530,35,2021,California
Modoc,2021-03-17,13,3442,2,383,4,2929,7,130,2,489,11,1541,9,2030,California
Modoc,2021-03-18,58,3500,3,386,50,2979,5,135,28,492,30,1571,33,2063,California
Modoc,2021-03-19,3,3503,0,386,2,2981,1,136,0,490,3,1574,1,2064,California
Modoc,2021-03-20,4,3507,1,387,0,2981,3,139,0,489,4,1578,3,2067,California
Modoc,2021-03-21,4,3511,1,388,1,2982,2,141,2,491,2,1580,4,2071,California
Modoc,2021-03-22,16,3527,1,389,9,2991,6,147,10,501,6,1586,16,2087,California
Modoc,2021-03-23,32,3559,3,392,27,3018,2,149,25,521,7,1593,27,2114,California
Modoc,2021-03-24,28,3587,1,393,18,3036,9,158,2,506,26,1619,11,2125,California
Modoc,2021-03-25,61,3648,2,395,57,3093,2,160,29,505,32,1651,31,2156,California
Modoc,2021-03-26,6,3654,2,397,1,3094,3,163,1,504,5,1656,4,2160,California
Modoc,2021-03-27,2,3656,0,397,1,3095,1,164,1,505,1,1657,2,2162,California
Modoc,2021-03-29,12,3668,0,397,4,3099,8,172,4,509,8,1665,12,2174,California
Modoc,2021-03-30,54,3722,9,406,39,3138,6,178,21,506,33,1698,30,2204,California
Modoc,2021-03-31,8,3730,3,409,2,3140,3,181,3,507,5,1703,6,2210,California
Modoc,2021-04-01,161,3891,2,411,159,3299,0,181,31,422,130,1833,45,2255,California
Mono,2020-12-18,1,1,1,1,0,0,0,0,1,1,0,0,1,1,California
Mono,2020-12-19,5,6,5,6,0,0,0,0,5,6,0,0,5,6,California
Mono,2020-12-20,7,13,7,13,0,0,0,0,7,13,0,0,7,13,California
Mono,2020-12-21,23,36,16,29,7,7,0,0,23,36,0,0,23,36,California
Mono,2020-12-22,66,102,65,94,1,8,0,0,66,102,0,0,66,102,California
Mono,2020-12-23,70,172,42,136,28,36,0,0,70,172,0,0,70,172,California
Mono,2020-12-24,3,175,1,137,2,38,0,0,3,175,0,0,3,175,California
Mono,2020-12-26,3,178,3,140,0,38,0,0,3,178,0,0,3,178,California
Mono,2020-12-28,94,272,63,203,31,69,0,0,94,272,0,0,94,272,California
Mono,2020-12-29,29,301,29,232,0,69,0,0,29,301,0,0,29,301,California
Mono,2020-12-30,76,377,35,267,41,110,0,0,76,377,0,0,76,377,California
Mono,2020-12-31,4,381,1,268,3,113,0,0,4,381,0,0,4,381,California
Mono,2021-01-01,1,382,1,269,0,113,0,0,1,382,0,0,1,382,California
Mono,2021-01-04,1,383,0,269,1,114,0,0,1,383,0,0,1,383,California
Mono,2021-01-05,45,428,2,271,43,157,0,0,44,426,1,1,44,427,California
Mono,2021-01-06,44,472,0,271,44,201,0,0,44,470,0,1,44,471,California
Mono,2021-01-07,56,528,4,275,52,253,0,0,55,524,1,2,55,526,California
Mono,2021-01-08,2,530,1,276,1,254,0,0,1,524,1,3,1,527,California
Mono,2021-01-09,4,534,4,280,0,254,0,0,0,520,4,7,0,527,California
Mono,2021-01-10,5,539,5,285,0,254,0,0,0,515,5,12,0,527,California
Mono,2021-01-11,7,546,4,289,3,257,0,0,4,516,3,15,4,531,California
Mono,2021-01-12,283,829,76,365,207,464,0,0,218,670,64,79,218,749,California
Mono,2021-01-13,235,1064,74,439,161,625,0,0,180,795,55,134,180,929,California
Mono,2021-01-14,75,1139,73,512,2,627,0,0,75,870,0,134,75,1004,California
Mono,2021-01-15,60,1199,2,514,58,685,0,0,60,930,0,134,60,1064,California
Mono,2021-01-16,4,1203,3,517,1,686,0,0,1,928,3,137,1,1065,California
Mono,2021-01-18,63,1266,54,571,9,695,0,0,2,869,61,198,2,1067,California
Mono,2021-01-19,209,1475,207,778,2,697,0,0,172,1004,37,235,172,1239,California
Mono,2021-01-20,233,1708,203,981,30,727,0,0,172,1115,61,296,172,1411,California
Mono,2021-01-21,3,1711,3,984,0,727,0,0,3,1118,0,296,3,1414,California
Mono,2021-01-22,4,1715,0,984,4,731,0,0,4,1122,0,296,4,1418,California
Mono,2021-01-23,601,2316,601,1585,0,731,0,0,601,1723,0,296,601,2019,California
Mono,2021-01-25,208,2524,170,1755,38,769,0,0,170,1857,38,334,172,2191,California
Mono,2021-01-26,512,3036,510,2265,2,771,0,0,508,2361,4,338,508,2699,California
Mono,2021-01-27,5,3041,1,2266,4,775,0,0,5,2366,0,338,5,2704,California
Mono,2021-01-28,6,3047,2,2268,4,779,0,0,2,2364,4,342,2,2706,California
Mono,2021-01-30,201,3248,199,2467,2,781,0,0,201,2565,0,342,201,2907,California
Mono,2021-01-31,242,3490,137,2604,105,886,0,0,138,2601,104,446,140,3047,California
Mono,2021-02-01,29,3519,28,2632,1,887,0,0,0,2573,28,474,0,3047,California
Mono,2021-02-02,5,3524,0,2632,5,892,0,0,2,2572,3,477,2,3049,California
Mono,2021-02-03,4,3528,1,2633,3,895,0,0,2,2572,2,479,2,3051,California
Mono,2021-02-04,213,3741,160,2793,53,948,0,0,90,2539,123,602,90,3141,California
Mono,2021-02-05,625,4366,619,3412,6,954,0,0,622,3158,3,605,622,3763,California
Mono,2021-02-06,140,4506,139,3551,1,955,0,0,139,3296,1,606,139,3902,California
Mono,2021-02-07,2,4508,0,3551,2,957,0,0,2,3298,0,606,2,3904,California
Mono,2021-02-08,172,4680,172,3723,0,957,0,0,16,3158,156,762,16,3920,California
Mono,2021-02-09,227,4907,5,3728,222,1179,0,0,15,2961,212,974,15,3935,California
Mono,2021-02-10,533,5440,187,3915,346,1525,0,0,191,2810,342,1316,191,4126,California
Mono,2021-02-11,6,5446,4,3919,2,1527,0,0,1,2806,5,1321,1,4127,California
Mono,2021-02-12,82,5528,17,3936,65,1592,0,0,24,2772,58,1379,24,4151,California
Mono,2021-02-13,593,6121,593,4529,0,1592,0,0,26,2231,567,1946,26,4177,California
Mono,2021-02-15,171,6292,169,4698,2,1594,0,0,4,2068,167,2113,4,4181,California
Mono,2021-02-16,531,6823,528,5226,3,1597,0,0,47,1632,483,2596,47,4228,California
Mono,2021-02-17,5,6828,2,5228,3,1600,0,0,2,1631,3,2599,2,4230,California
Mono,2021-02-18,1,6829,1,5229,0,1600,0,0,1,1632,0,2599,1,4231,California
Mono,2021-02-19,53,6882,52,5281,1,1601,0,0,53,1685,0,2599,53,4284,California
Mono,2021-02-20,4,6886,4,5285,0,1601,0,0,4,1689,0,2599,4,4288,California
Mono,2021-02-21,3,6889,3,5288,0,1601,0,0,3,1692,0,2599,3,4291,California
Mono,2021-02-22,284,7173,283,5571,1,1602,0,0,23,1455,260,2859,23,4314,California
Mono,2021-02-23,134,7307,115,5686,19,1621,0,0,21,1363,113,2972,21,4335,California
Mono,2021-02-24,6,7313,1,5687,5,1626,0,0,1,1359,5,2977,1,4336,California
Mono,2021-02-25,6,7319,3,5690,3,1629,0,0,3,1361,1,2978,3,4339,California
Mono,2021-02-26,603,7922,603,6293,0,1629,0,0,20,798,583,3561,20,4359,California
Mono,2021-02-27,142,8064,138,6431,4,1633,0,0,4,666,136,3697,4,4363,California
Mono,2021-02-28,2,8066,2,6433,0,1633,0,0,1,667,0,3697,1,4364,California
Mono,2021-03-02,6,8072,4,6437,2,1635,0,0,4,669,2,3699,4,4368,California
Mono,2021-03-03,82,8154,2,6439,80,1715,0,0,79,746,2,3701,79,4447,California
Mono,2021-03-04,6,8160,0,6439,6,1721,0,0,4,748,2,3703,4,4451,California
Mono,2021-03-05,30,8190,25,6464,5,1726,0,0,10,738,20,3723,10,4461,California
Mono,2021-03-06,322,8512,13,6477,309,2035,0,0,318,1053,3,3726,318,4779,California
Mono,2021-03-07,1,8513,0,6477,1,2036,0,0,0,1052,1,3727,0,4779,California
Mono,2021-03-08,453,8966,15,6492,435,2471,3,3,444,1490,9,3736,447,5226,California
Mono,2021-03-09,8,8974,3,6495,4,2475,1,4,5,1494,2,3738,6,5232,California
Mono,2021-03-10,285,9259,93,6588,191,2666,1,5,12,1234,273,4011,13,5245,California
Mono,2021-03-11,12,9271,0,6588,3,2669,9,14,2,1235,10,4021,11,5256,California
Mono,2021-03-12,9,9280,2,6590,2,2671,5,19,0,1231,9,4030,5,5261,California
Mono,2021-03-13,706,9986,335,6925,370,3041,1,20,697,1920,9,4039,698,5959,California
Mono,2021-03-14,4,9990,4,6929,0,3041,0,20,1,1918,3,4042,1,5960,California
Mono,2021-03-15,25,10015,20,6949,2,3043,3,23,12,1920,13,4055,15,5975,California
Mono,2021-03-16,17,10032,7,6956,4,3047,6,29,9,1927,8,4063,15,5990,California
Mono,2021-03-17,21,10053,4,6960,14,3061,3,32,16,1941,5,4068,19,6009,California
Mono,2021-03-18,18,10071,3,6963,8,3069,7,39,8,1946,10,4078,15,6024,California
Mono,2021-03-19,16,10087,1,6964,12,3081,3,42,13,1959,3,4081,16,6040,California
Mono,2021-03-20,3,10090,2,6966,0,3081,1,43,2,1961,1,4082,3,6043,California
Mono,2021-03-21,1,10091,1,6967,0,3081,0,43,1,1962,0,4082,1,6044,California
Mono,2021-03-22,13,10104,1,6968,6,3087,6,49,6,1967,7,4089,12,6056,California
Mono,2021-03-23,40,10144,5,6973,29,3116,6,55,17,1967,23,4112,23,6079,California
Mono,2021-03-24,13,10157,3,6976,6,3122,4,59,8,1974,5,4117,12,6091,California
Mono,2021-03-25,15,10172,1,6977,10,3132,4,63,9,1981,6,4123,13,6104,California
Mono,2021-03-26,20,10192,7,6984,8,3140,5,68,13,1992,7,4130,18,6122,California
Mono,2021-03-27,320,10512,315,7299,5,3145,0,68,296,2265,24,4154,297,6419,California
Mono,2021-03-28,3,10515,2,7301,1,3146,0,68,3,2268,0,4154,3,6422,California
Mono,2021-03-29,10,10525,5,7306,4,3150,1,69,7,2273,3,4157,8,6430,California
Mono,2021-03-30,19,10544,3,7309,12,3162,4,73,13,2284,6,4163,17,6447,California
Mono,2021-03-31,114,10658,7,7316,107,3269,0,73,42,2255,71,4234,42,6489,California
Mono,2021-04-01,3,10661,1,7317,2,3271,0,73,3,2258,0,4234,3,6492,California
Monterey,2020-12-16,4,4,4,4,0,0,0,0,4,4,0,0,4,4,California
Monterey,2020-12-17,81,85,81,85,0,0,0,0,81,85,0,0,81,85,California
Monterey,2020-12-18,481,566,481,566,0,0,0,0,481,566,0,0,481,566,California
Monterey,2020-12-19,579,1145,579,1145,0,0,0,0,579,1145,0,0,579,1145,California
Monterey,2020-12-20,422,1567,422,1567,0,0,0,0,422,1567,0,0,422,1567,California
Monterey,2020-12-21,721,2288,721,2288,0,0,0,0,721,2288,0,0,721,2288,California
Monterey,2020-12-22,537,2825,524,2812,13,13,0,0,537,2825,0,0,537,2825,California
Monterey,2020-12-23,433,3258,257,3069,176,189,0,0,433,3258,0,0,433,3258,California
Monterey,2020-12-24,82,3340,9,3078,73,262,0,0,82,3340,0,0,82,3340,California
Monterey,2020-12-25,6,3346,0,3078,6,268,0,0,6,3346,0,0,6,3346,California
Monterey,2020-12-26,92,3438,5,3083,87,355,0,0,92,3438,0,0,92,3438,California
Monterey,2020-12-27,6,3444,3,3086,3,358,0,0,6,3444,0,0,6,3444,California
Monterey,2020-12-28,478,3922,26,3112,452,810,0,0,478,3922,0,0,478,3922,California
Monterey,2020-12-29,901,4823,168,3280,733,1543,0,0,901,4823,0,0,901,4823,California
Monterey,2020-12-30,567,5390,97,3377,470,2013,0,0,567,5390,0,0,567,5390,California
Monterey,2020-12-31,34,5424,10,3387,24,2037,0,0,34,5424,0,0,34,5424,California
Monterey,2021-01-01,11,5435,2,3389,9,2046,0,0,11,5435,0,0,11,5435,California
Monterey,2021-01-02,136,5571,133,3522,3,2049,0,0,136,5571,0,0,136,5571,California
Monterey,2021-01-03,30,5601,29,3551,1,2050,0,0,30,5601,0,0,30,5601,California
Monterey,2021-01-04,412,6013,18,3569,394,2444,0,0,412,6013,0,0,412,6013,California
Monterey,2021-01-05,752,6765,326,3895,426,2870,0,0,738,6737,14,14,738,6751,California
Monterey,2021-01-06,654,7419,172,4067,482,3352,0,0,632,7347,22,36,632,7383,California
Monterey,2021-01-07,740,8159,569,4636,171,3523,0,0,418,7445,320,356,418,7801,California
Monterey,2021-01-08,1089,9248,736,5372,353,3876,0,0,395,7146,694,1050,395,8196,California
Monterey,2021-01-09,963,10211,935,6307,28,3904,0,0,313,6809,650,1700,313,8509,California
Monterey,2021-01-10,273,10484,270,6577,3,3907,0,0,7,6550,266,1966,7,8516,California
Monterey,2021-01-11,1062,11546,983,7560,79,3986,0,0,361,6210,701,2667,361,8877,California
Monterey,2021-01-12,463,12009,387,7947,76,4062,0,0,203,6153,260,2927,203,9080,California
Monterey,2021-01-13,1221,13230,592,8539,629,4691,0,0,1176,7284,45,2972,1176,10256,California
Monterey,2021-01-14,1045,14275,92,8631,953,5644,0,0,1027,8296,18,2990,1030,11286,California
Monterey,2021-01-15,1029,15304,39,8670,990,6634,0,0,1018,9303,11,3001,1018,12304,California
Monterey,2021-01-16,366,15670,300,8970,66,6700,0,0,360,9657,6,3007,360,12664,California
Monterey,2021-01-17,313,15983,291,9261,22,6722,0,0,300,9944,13,3020,300,12964,California
Monterey,2021-01-18,402,16385,50,9311,352,7074,0,0,380,10302,22,3042,380,13344,California
Monterey,2021-01-19,572,16957,394,9705,178,7252,0,0,415,10562,155,3197,415,13759,California
Monterey,2021-01-20,528,17485,266,9971,262,7514,0,0,325,10684,203,3400,325,14084,California
Monterey,2021-01-21,840,18325,92,10063,748,8262,0,0,731,11310,109,3509,735,14819,California
Monterey,2021-01-22,1048,19373,191,10254,857,9119,0,0,1009,12280,39,3548,1009,15828,California
Monterey,2021-01-23,236,19609,171,10425,65,9184,0,0,114,12273,121,3669,114,15942,California
Monterey,2021-01-24,58,19667,38,10463,20,9204,0,0,23,12261,35,3704,23,15965,California
Monterey,2021-01-25,779,20446,172,10635,607,9811,0,0,152,11795,620,4324,154,16119,California
Monterey,2021-01-26,920,21366,219,10854,701,10512,0,0,230,11335,690,5014,230,16349,California
Monterey,2021-01-27,856,22222,305,11159,551,11063,0,0,375,11229,481,5495,375,16724,California
Monterey,2021-01-28,2010,24232,740,11899,1270,12333,0,0,1670,12559,340,5835,1670,18394,California
Monterey,2021-01-29,1226,25458,706,12605,520,12853,0,0,1113,13561,112,5947,1114,19508,California
Monterey,2021-01-30,428,25886,281,12886,147,13000,0,0,180,13493,248,6195,180,19688,California
Monterey,2021-01-31,497,26383,74,12960,423,13423,0,0,484,13965,13,6208,485,20173,California
Monterey,2021-02-01,1656,28039,1145,14105,511,13934,0,0,1093,14496,562,6770,1093,21266,California
Monterey,2021-02-02,2142,30181,451,14556,1691,15625,0,0,1538,15430,604,7374,1538,22804,California
Monterey,2021-02-03,2325,32506,1048,15604,1277,16902,0,0,1552,16212,771,8145,1553,24357,California
Monterey,2021-02-04,2696,35202,2017,17621,679,17581,0,0,2437,18392,257,8402,2437,26794,California
Monterey,2021-02-05,3639,38841,2823,20444,816,18397,0,0,3209,21176,425,8827,3209,30003,California
Monterey,2021-02-06,1094,39935,380,20824,714,19111,0,0,750,21583,343,9170,750,30753,California
Monterey,2021-02-07,316,40251,272,21096,44,19155,0,0,95,21457,221,9391,95,30848,California
Monterey,2021-02-08,514,40765,287,21383,227,19382,0,0,430,21803,84,9475,430,31278,California
Monterey,2021-02-09,860,41625,681,22064,179,19561,0,0,550,22045,310,9785,552,31830,California
Monterey,2021-02-10,2010,43635,1040,23104,970,20531,0,0,1158,22351,852,10637,1158,32988,California
Monterey,2021-02-11,2491,46126,964,24068,1527,22058,0,0,1536,22947,953,11590,1549,34537,California
Monterey,2021-02-12,2584,48710,423,24491,2161,24219,0,0,1522,23409,1061,12651,1523,36060,California
Monterey,2021-02-13,1061,49771,44,24535,1017,25236,0,0,973,24294,88,12739,973,37033,California
Monterey,2021-02-14,585,50356,72,24607,513,25749,0,0,512,24733,73,12812,512,37545,California
Monterey,2021-02-15,1344,51700,139,24746,1205,26954,0,0,974,25338,369,13181,974,38519,California
Monterey,2021-02-16,1090,52790,245,24991,845,27799,0,0,869,25987,221,13402,870,39389,California
Monterey,2021-02-17,1902,54692,1139,26130,763,28562,0,0,1612,27312,288,13690,1613,41002,California
Monterey,2021-02-18,2200,56892,1164,27294,1036,29598,0,0,891,26913,1299,14989,900,41902,California
Monterey,2021-02-19,2928,59820,1533,28827,1395,30993,0,0,1342,26670,1585,16574,1342,43244,California
Monterey,2021-02-20,1000,60820,609,29436,391,31384,0,0,948,27567,51,16625,948,44192,California
Monterey,2021-02-21,1214,62034,1186,30622,28,31412,0,0,1163,28680,50,16675,1163,45355,California
Monterey,2021-02-22,937,62971,807,31429,130,31542,0,0,633,29010,303,16978,633,45988,California
Monterey,2021-02-23,948,63919,619,32048,329,31871,0,0,304,28670,644,17622,304,46292,California
Monterey,2021-02-24,2397,66316,1254,33302,1143,33014,0,0,1789,29857,604,18226,1791,48083,California
Monterey,2021-02-25,4308,70624,2385,35687,1923,34937,0,0,1420,28414,2884,21110,1441,49524,California
Monterey,2021-02-26,5228,75852,3086,38773,2142,37079,0,0,2604,28407,2620,23730,2613,52137,California
Monterey,2021-02-27,981,76833,170,38943,811,37890,0,0,794,29018,183,23913,794,52931,California
Monterey,2021-02-28,1520,78353,79,39022,1441,39331,0,0,1060,29622,456,24369,1060,53991,California
Monterey,2021-03-01,1271,79624,137,39159,1131,40462,3,3,739,29834,530,24899,742,54733,California
Monterey,2021-03-02,2698,82322,1707,40866,991,41453,0,3,1857,30855,836,25735,1857,56590,California
Monterey,2021-03-03,3015,85337,1214,42080,1801,43254,0,3,1134,30163,1877,27612,1185,57775,California
Monterey,2021-03-04,4426,89763,1410,43490,3016,46270,0,3,2932,31616,1491,29103,2944,60719,California
Monterey,2021-03-05,3056,92819,1317,44807,1482,47752,257,260,2458,33737,596,29699,2717,63436,California
Monterey,2021-03-06,4138,96957,622,45429,3278,51030,238,498,3307,36454,829,30528,3546,66982,California
Monterey,2021-03-07,499,97456,110,45539,163,51193,226,724,229,36640,269,30797,455,67437,California
Monterey,2021-03-08,1531,98987,316,45855,890,52083,325,1049,1053,37544,478,31275,1382,68819,California
Monterey,2021-03-09,1880,100867,686,46541,931,53014,263,1312,1404,38736,476,31751,1668,70487,California
Monterey,2021-03-10,2767,103634,860,47401,1492,54506,415,1727,1302,39000,1461,33212,1725,72212,California
Monterey,2021-03-11,3976,107610,1388,48789,2238,56744,350,2077,2259,39899,1711,34923,2610,74822,California
Monterey,2021-03-12,3747,111357,1815,50604,1838,58582,94,2171,2292,40831,1453,36376,2385,77207,California
Monterey,2021-03-13,3797,115154,940,51544,2516,61098,341,2512,2766,42911,1031,37407,3111,80318,California
Monterey,2021-03-14,1729,116883,1292,52836,413,61511,24,2536,381,41977,1340,38747,406,80724,California
Monterey,2021-03-15,3878,120761,1258,54094,2336,63847,284,2820,2204,42795,1671,40418,2489,83213,California
Monterey,2021-03-16,3386,124147,557,54651,2472,66319,357,3177,1999,43765,1386,41804,2356,85569,California
Monterey,2021-03-17,5503,129650,2244,56895,3014,69333,245,3422,3992,46503,1505,43309,4243,89812,California
Monterey,2021-03-18,3598,133248,1815,58710,1648,70981,135,3557,2466,48018,1127,44436,2642,92454,California
Monterey,2021-03-19,4349,137597,2205,60915,2025,73006,119,3676,3259,50312,1085,45521,3379,95833,California
Monterey,2021-03-20,2168,139765,354,61269,1394,74400,420,4096,1482,51533,681,46202,1902,97735,California
Monterey,2021-03-21,593,140358,193,61462,383,74783,17,4113,525,52008,67,46269,542,98277,California
Monterey,2021-03-22,2397,142755,1403,62865,935,75718,59,4172,2201,54077,191,46460,2260,100537,California
Monterey,2021-03-23,3915,146670,2329,65194,1543,77261,43,4215,2476,55165,1431,47891,2519,103056,California
Monterey,2021-03-24,4837,151507,2026,67220,2516,79777,295,4510,3544,57719,1286,49177,3840,106896,California
Monterey,2021-03-25,5057,156564,1205,68425,3498,83275,354,4864,2553,58139,2494,51671,2914,109810,California
Monterey,2021-03-26,5120,161684,2464,70889,2590,85865,66,4930,2788,58752,2324,53995,2937,112747,California
Monterey,2021-03-27,3748,165432,1356,72245,2241,88106,151,5081,2199,59936,1547,55542,2731,115478,California
Monterey,2021-03-28,1043,166475,334,72579,700,88806,9,5090,609,60124,431,55973,619,116097,California
Monterey,2021-03-29,3156,169631,1427,74006,1712,90518,17,5107,1942,60884,1207,57180,1967,118064,California
Monterey,2021-03-30,4373,174004,2101,76107,2245,92763,27,5134,2700,61958,1664,58844,2738,120802,California
Monterey,2021-03-31,4273,178277,2264,78371,1551,94314,458,5592,3113,64388,1158,60002,3588,124390,California
Monterey,2021-04-01,4289,182566,1692,80063,2485,96799,112,5704,1997,64231,2283,62285,2126,126516,California
Napa,2020-12-16,12,12,12,12,0,0,0,0,12,12,0,0,12,12,California
Napa,2020-12-17,44,56,44,56,0,0,0,0,44,56,0,0,44,56,California
Napa,2020-12-18,103,159,103,159,0,0,0,0,103,159,0,0,103,159,California
Napa,2020-12-19,221,380,221,380,0,0,0,0,221,380,0,0,221,380,California
Napa,2020-12-20,190,570,190,570,0,0,0,0,190,570,0,0,190,570,California
Napa,2020-12-21,307,877,307,877,0,0,0,0,308,878,0,0,308,878,California
Napa,2020-12-22,336,1213,327,1204,9,9,0,0,336,1214,0,0,336,1214,California
Napa,2020-12-23,428,1641,319,1523,109,118,0,0,428,1642,0,0,428,1642,California
Napa,2020-12-24,138,1779,77,1600,61,179,0,0,138,1780,0,0,138,1780,California
Napa,2020-12-25,1,1780,1,1601,0,179,0,0,1,1781,0,0,1,1781,California
Napa,2020-12-26,39,1819,11,1612,28,207,0,0,39,1820,0,0,39,1820,California
Napa,2020-12-27,32,1851,16,1628,16,223,0,0,32,1852,0,0,32,1852,California
Napa,2020-12-28,249,2100,184,1812,65,288,0,0,277,2129,0,0,277,2129,California
Napa,2020-12-29,271,2371,213,2025,58,346,0,0,305,2434,0,0,305,2434,California
Napa,2020-12-30,636,3007,490,2515,146,492,0,0,644,3078,0,0,644,3078,California
Napa,2020-12-31,466,3473,378,2893,88,580,0,0,466,3544,0,0,466,3544,California
Napa,2021-01-01,1,3474,1,2894,0,580,0,0,1,3545,0,0,1,3545,California
Napa,2021-01-02,100,3574,95,2989,5,585,0,0,100,3645,0,0,100,3645,California
Napa,2021-01-03,12,3586,10,2999,2,587,0,0,9,3654,0,0,9,3654,California
Napa,2021-01-04,105,3691,62,3061,43,630,0,0,105,3759,0,0,105,3759,California
Napa,2021-01-05,152,3843,85,3146,67,697,0,0,135,3870,24,24,135,3894,California
Napa,2021-01-06,455,4298,114,3260,341,1038,0,0,391,4199,62,86,391,4285,California
Napa,2021-01-07,484,4782,223,3483,261,1299,0,0,384,4484,99,185,384,4669,California
Napa,2021-01-08,441,5223,226,3709,215,1514,0,0,262,4568,178,363,262,4931,California
Napa,2021-01-09,305,5528,279,3988,26,1540,0,0,167,4597,138,501,167,5098,California
Napa,2021-01-10,185,5713,101,4089,84,1624,0,0,110,4632,75,576,110,5208,California
Napa,2021-01-11,875,6588,417,4506,458,2082,0,0,507,4771,368,944,507,5715,California
Napa,2021-01-12,1301,7889,371,4877,930,3012,0,0,986,5442,315,1259,986,6701,California
Napa,2021-01-13,1299,9188,260,5137,1039,4051,0,0,1140,6425,158,1417,1141,7842,California
Napa,2021-01-14,1050,10238,174,5311,876,4927,0,0,932,7241,116,1533,932,8774,California
Napa,2021-01-15,1450,11688,381,5692,1069,5996,0,0,1300,8384,158,1691,1301,10075,California
Napa,2021-01-16,357,12045,137,5829,220,6216,0,0,339,8705,18,1709,339,10414,California
Napa,2021-01-17,339,12384,176,6005,163,6379,0,0,330,9026,9,1718,330,10744,California
Napa,2021-01-18,1076,13460,194,6199,882,7261,0,0,984,9918,92,1810,984,11728,California
Napa,2021-01-19,1009,14469,404,6603,605,7866,0,0,769,10449,239,2049,770,12498,California
Napa,2021-01-20,823,15292,183,6786,640,8506,0,0,643,10914,178,2227,643,13141,California
Napa,2021-01-21,1339,16631,382,7168,957,9463,0,0,1079,11734,259,2486,1079,14220,California
Napa,2021-01-22,1500,18131,416,7584,1084,10547,0,0,1168,12572,331,2817,1169,15389,California
Napa,2021-01-23,395,18526,315,7899,80,10627,0,0,334,12845,61,2878,334,15723,California
Napa,2021-01-24,274,18800,198,8097,76,10703,0,0,216,13003,58,2936,216,15939,California
Napa,2021-01-25,1517,20317,230,8327,1287,11990,0,0,1428,14342,89,3025,1428,17367,California
Napa,2021-01-26,869,21186,277,8604,592,12582,0,0,775,15024,94,3119,776,18143,California
Napa,2021-01-27,622,21808,218,8822,404,12986,0,0,465,15333,156,3275,465,18608,California
Napa,2021-01-28,375,22183,164,8986,211,13197,0,0,195,15349,179,3454,195,18803,California
Napa,2021-01-29,252,22435,64,9050,188,13385,0,0,157,15411,95,3549,157,18960,California
Napa,2021-01-30,789,23224,680,9730,109,13494,0,0,646,15914,143,3692,646,19606,California
Napa,2021-01-31,653,23877,623,10353,30,13524,0,0,627,16515,26,3718,627,20233,California
Napa,2021-02-01,313,24190,110,10463,203,13727,0,0,160,16523,152,3870,160,20393,California
Napa,2021-02-02,584,24774,276,10739,308,14035,0,0,286,16513,296,4166,286,20679,California
Napa,2021-02-03,730,25504,310,11049,420,14455,0,0,424,16631,306,4472,424,21103,California
Napa,2021-02-04,786,26290,371,11420,415,14870,0,0,441,16730,342,4814,441,21544,California
Napa,2021-02-05,704,26994,314,11734,390,15260,0,0,337,16700,367,5181,337,21881,California
Napa,2021-02-06,430,27424,142,11876,288,15548,0,0,325,16920,105,5286,325,22206,California
Napa,2021-02-07,179,27603,166,12042,13,15561,0,0,75,16891,104,5390,75,22281,California
Napa,2021-02-08,835,28438,188,12230,647,16208,0,0,270,16599,563,5953,271,22552,California
Napa,2021-02-09,1073,29511,439,12669,634,16842,0,0,434,16394,639,6592,434,22986,California
Napa,2021-02-10,1676,31187,190,12859,1486,18328,0,0,448,15617,1225,7817,448,23434,California
Napa,2021-02-11,1498,32685,194,13053,1304,19632,0,0,414,14957,1075,8892,415,23849,California
Napa,2021-02-12,2156,34841,840,13893,1316,20948,0,0,721,14246,1432,10324,721,24570,California
Napa,2021-02-13,490,35331,51,13944,439,21387,0,0,313,14382,177,10501,313,24883,California
Napa,2021-02-14,321,35652,58,14002,263,21650,0,0,161,14383,160,10661,161,25044,California
Napa,2021-02-15,882,36534,188,14190,694,22344,0,0,225,13954,654,11315,225,25269,California
Napa,2021-02-16,1291,37825,598,14788,693,23037,0,0,617,13898,673,11988,617,25886,California
Napa,2021-02-17,1039,38864,525,15313,514,23551,0,0,470,13801,568,12556,471,26357,California
Napa,2021-02-18,1895,40759,481,15794,1414,24965,0,0,663,13234,1230,13786,663,27020,California
Napa,2021-02-19,1427,42186,583,16377,844,25809,0,0,674,13156,752,14538,674,27694,California
Napa,2021-02-20,820,43006,588,16965,232,26041,0,0,278,12892,542,15080,278,27972,California
Napa,2021-02-21,795,43801,734,17699,61,26102,0,0,196,12489,599,15679,196,28168,California
Napa,2021-02-22,438,44239,184,17883,254,26356,0,0,137,12325,301,15980,137,28305,California
Napa,2021-02-23,1095,45334,295,18178,800,27156,0,0,304,11838,791,16771,304,28609,California
Napa,2021-02-24,1150,46484,627,18805,523,27679,0,0,568,11827,580,17351,569,29178,California
Napa,2021-02-25,2499,48983,1204,20009,1295,28974,0,0,1792,12915,705,18056,1793,30971,California
Napa,2021-02-26,1482,50465,514,20523,968,29942,0,0,576,12587,904,18960,576,31547,California
Napa,2021-02-27,1046,51511,356,20879,690,30632,0,0,796,13136,247,19207,796,32343,California
Napa,2021-02-28,561,52072,459,21338,102,30734,0,0,458,13494,100,19307,458,32801,California
Napa,2021-03-01,1092,53164,811,22149,281,31015,0,0,830,14063,261,19568,830,33631,California
Napa,2021-03-02,1458,54622,1011,23160,447,31462,0,0,1125,14857,332,19900,1126,34757,California
Napa,2021-03-03,1384,56006,637,23797,747,32209,0,0,1218,15911,165,20065,1219,35976,California
Napa,2021-03-04,1531,57537,647,24444,884,33093,0,0,1317,17017,212,20277,1318,37294,California
Napa,2021-03-05,1751,59288,692,25136,1054,34147,5,5,1361,17996,388,20665,1367,38661,California
Napa,2021-03-06,583,59871,251,25387,303,34450,29,34,481,18405,101,20766,510,39171,California
Napa,2021-03-07,473,60344,275,25662,182,34632,16,50,363,18675,109,20875,379,39550,California
Napa,2021-03-08,671,61015,313,25975,318,34950,40,90,509,19064,160,21035,549,40099,California
Napa,2021-03-09,1580,62595,571,26546,966,35916,43,133,1158,19847,419,21454,1202,41301,California
Napa,2021-03-10,1425,64020,893,27439,436,36352,96,229,724,19970,698,22152,821,42122,California
Napa,2021-03-11,1781,65801,1035,28474,634,36986,112,341,897,20096,883,23035,1009,43131,California
Napa,2021-03-12,1385,67186,851,29325,452,37438,82,423,740,20276,644,23679,824,43955,California
Napa,2021-03-13,1049,68235,280,29605,745,38183,24,447,784,20820,265,23944,809,44764,California
Napa,2021-03-14,542,68777,310,29915,92,38275,140,587,206,20831,335,24279,346,45110,California
Napa,2021-03-15,936,69713,396,30311,471,38746,69,656,471,20909,462,24741,540,45650,California
Napa,2021-03-16,1716,71429,388,30699,1203,39949,125,781,1259,21840,454,25195,1385,47035,California
Napa,2021-03-17,2214,73643,1637,32336,437,40386,140,921,1402,22570,812,26007,1542,48577,California
Napa,2021-03-18,1598,75241,691,33027,897,41283,10,931,974,22932,622,26629,984,49561,California
Napa,2021-03-19,1119,76360,647,33674,452,41735,20,951,572,22979,545,27174,592,50153,California
Napa,2021-03-20,756,77116,345,34019,262,41997,149,1100,323,23018,433,27607,472,50625,California
Napa,2021-03-21,693,77809,667,34686,24,42021,2,1102,347,23023,344,27951,349,50974,California
Napa,2021-03-22,1056,78865,879,35565,166,42187,11,1113,461,22906,593,28544,476,51450,California
Napa,2021-03-23,1476,80341,818,36383,645,42832,13,1126,983,23414,491,29035,999,52449,California
Napa,2021-03-24,1680,82021,928,37311,744,43576,8,1134,812,23401,866,29901,853,53302,California
Napa,2021-03-25,1539,83560,1047,38358,484,44060,8,1142,729,23445,810,30711,854,54156,California
Napa,2021-03-26,1221,84781,788,39146,428,44488,5,1147,536,23369,681,31392,605,54761,California
Napa,2021-03-27,864,85645,421,39567,416,44904,27,1174,296,23157,568,31960,356,55117,California
Napa,2021-03-28,470,86115,363,39930,101,45005,6,1180,171,23036,299,32259,178,55295,California
Napa,2021-03-29,1142,87257,840,40770,295,45300,7,1187,694,23300,446,32705,710,56005,California
Napa,2021-03-30,1578,88835,906,41676,667,45967,5,1192,902,23554,675,33380,929,56934,California
Napa,2021-03-31,1209,90044,934,42610,213,46180,62,1254,529,23475,678,34058,599,57533,California
Napa,2021-04-01,735,90779,518,43128,137,46317,80,1334,188,23214,547,34605,286,57819,California
Nevada,2020-12-16,3,3,3,3,0,0,0,0,3,3,0,0,3,3,California
Nevada,2020-12-17,6,9,6,9,0,0,0,0,6,9,0,0,6,9,California
Nevada,2020-12-18,51,60,51,60,0,0,0,0,51,60,0,0,51,60,California
Nevada,2020-12-19,55,115,55,115,0,0,0,0,55,115,0,0,55,115,California
Nevada,2020-12-20,12,127,12,127,0,0,0,0,12,127,0,0,12,127,California
Nevada,2020-12-21,69,196,69,196,0,0,0,0,69,196,0,0,69,196,California
Nevada,2020-12-22,91,287,89,285,2,2,0,0,91,287,0,0,91,287,California
Nevada,2020-12-23,234,521,202,487,32,34,0,0,234,521,0,0,234,521,California
Nevada,2020-12-24,15,536,12,499,3,37,0,0,15,536,0,0,15,536,California
Nevada,2020-12-25,2,538,2,501,0,37,0,0,2,538,0,0,2,538,California
Nevada,2020-12-26,5,543,3,504,2,39,0,0,5,543,0,0,5,543,California
Nevada,2020-12-27,88,631,88,592,0,39,0,0,88,631,0,0,88,631,California
Nevada,2020-12-28,170,801,93,685,77,116,0,0,170,801,0,0,170,801,California
Nevada,2020-12-29,101,902,75,760,26,142,0,0,101,902,0,0,101,902,California
Nevada,2020-12-30,85,987,66,826,19,161,0,0,85,987,0,0,85,987,California
Nevada,2020-12-31,39,1026,9,835,30,191,0,0,39,1026,0,0,39,1026,California
Nevada,2021-01-01,1,1027,0,835,1,192,0,0,1,1027,0,0,1,1027,California
Nevada,2021-01-02,1,1028,1,836,0,192,0,0,1,1028,0,0,1,1028,California
Nevada,2021-01-03,129,1157,126,962,3,195,0,0,129,1157,0,0,129,1157,California
Nevada,2021-01-04,71,1228,47,1009,24,219,0,0,71,1228,0,0,71,1228,California
Nevada,2021-01-05,272,1500,130,1139,142,361,0,0,271,1498,1,1,271,1499,California
Nevada,2021-01-06,93,1593,44,1183,49,410,0,0,85,1575,8,9,85,1584,California
Nevada,2021-01-07,217,1810,43,1226,174,584,0,0,209,1779,6,15,210,1794,California
Nevada,2021-01-08,221,2031,127,1353,94,678,0,0,170,1898,51,66,170,1964,California
Nevada,2021-01-09,63,2094,56,1409,7,685,0,0,15,1865,48,114,15,1979,California
Nevada,2021-01-10,17,2111,9,1418,8,693,0,0,9,1866,8,122,9,1988,California
Nevada,2021-01-11,183,2294,130,1548,53,746,0,0,56,1795,127,249,56,2044,California
Nevada,2021-01-12,606,2900,458,2006,148,894,0,0,538,2265,68,317,538,2582,California
Nevada,2021-01-13,257,3157,144,2150,113,1007,0,0,122,2252,135,452,122,2704,California
Nevada,2021-01-14,229,3386,123,2273,106,1113,0,0,211,2446,17,469,211,2915,California
Nevada,2021-01-15,394,3780,170,2443,224,1337,0,0,296,2644,98,567,296,3211,California
Nevada,2021-01-16,292,4072,13,2456,279,1616,0,0,289,2930,3,570,289,3500,California
Nevada,2021-01-17,36,4108,32,2488,4,1620,0,0,33,2960,3,573,33,3533,California
Nevada,2021-01-18,148,4256,40,2528,108,1728,0,0,138,3088,10,583,138,3671,California
Nevada,2021-01-19,232,4488,83,2611,149,1877,0,0,213,3282,19,602,213,3884,California
Nevada,2021-01-20,258,4746,152,2763,106,1983,0,0,245,3514,13,615,245,4129,California
Nevada,2021-01-21,336,5082,207,2970,129,2112,0,0,323,3824,13,628,323,4452,California
Nevada,2021-01-22,341,5423,209,3179,132,2244,0,0,310,4103,31,659,310,4762,California
Nevada,2021-01-23,172,5595,104,3283,68,2312,0,0,172,4275,0,659,172,4934,California
Nevada,2021-01-24,105,5700,98,3381,7,2319,0,0,66,4302,39,698,66,5000,California
Nevada,2021-01-25,264,5964,136,3517,128,2447,0,0,203,4444,61,759,203,5203,California
Nevada,2021-01-26,397,6361,141,3658,256,2703,0,0,295,4637,102,861,295,5498,California
Nevada,2021-01-27,406,6767,240,3898,166,2869,0,0,382,4995,24,885,382,5880,California
Nevada,2021-01-28,458,7225,311,4209,147,3016,0,0,417,5371,41,926,417,6297,California
Nevada,2021-01-29,593,7818,391,4600,202,3218,0,0,571,5921,22,948,572,6869,California
Nevada,2021-01-30,231,8049,103,4703,128,3346,0,0,228,6146,3,951,228,7097,California
Nevada,2021-01-31,101,8150,85,4788,16,3362,0,0,101,6247,0,951,101,7198,California
Nevada,2021-02-01,292,8442,71,4859,221,3583,0,0,278,6511,14,965,278,7476,California
Nevada,2021-02-02,516,8958,172,5031,344,3927,0,0,321,6637,195,1160,321,7797,California
Nevada,2021-02-03,805,9763,566,5597,239,4166,0,0,752,7337,52,1212,752,8549,California
Nevada,2021-02-04,748,10511,400,5997,348,4514,0,0,500,7590,247,1459,500,9049,California
Nevada,2021-02-05,644,11155,363,6360,281,4795,0,0,455,7858,187,1646,455,9504,California
Nevada,2021-02-06,273,11428,85,6445,188,4983,0,0,246,8077,27,1673,246,9750,California
Nevada,2021-02-07,245,11673,189,6634,56,5039,0,0,191,8214,54,1727,191,9941,California
Nevada,2021-02-08,649,12322,410,7044,239,5278,0,0,551,8667,98,1825,551,10492,California
Nevada,2021-02-09,604,12926,339,7383,265,5543,0,0,466,8995,138,1963,466,10958,California
Nevada,2021-02-10,643,13569,321,7704,322,5865,0,0,414,9181,229,2192,415,11373,California
Nevada,2021-02-11,866,14435,505,8209,361,6226,0,0,538,9392,327,2519,538,11911,California
Nevada,2021-02-12,920,15355,431,8640,489,6715,0,0,608,9689,311,2830,608,12519,California
Nevada,2021-02-13,587,15942,232,8872,355,7070,0,0,385,9877,198,3028,386,12905,California
Nevada,2021-02-14,224,16166,117,8989,107,7177,0,0,194,10042,30,3058,195,13100,California
Nevada,2021-02-15,711,16877,444,9433,267,7444,0,0,544,10419,167,3225,544,13644,California
Nevada,2021-02-16,614,17491,199,9632,415,7859,0,0,455,10716,158,3383,455,14099,California
Nevada,2021-02-17,1178,18669,761,10393,417,8276,0,0,864,11266,314,3697,864,14963,California
Nevada,2021-02-18,998,19667,550,10943,448,8724,0,0,600,11470,396,4093,600,15563,California
Nevada,2021-02-19,1002,20669,630,11573,372,9096,0,0,648,11765,354,4447,649,16212,California
Nevada,2021-02-20,290,20959,101,11674,189,9285,0,0,170,11816,119,4566,170,16382,California
Nevada,2021-02-21,88,21047,83,11757,5,9290,0,0,11,11750,77,4643,11,16393,California
Nevada,2021-02-22,494,21541,329,12086,165,9455,0,0,348,11953,145,4788,348,16741,California
Nevada,2021-02-23,445,21986,200,12286,245,9700,0,0,205,11921,237,5025,205,16946,California
Nevada,2021-02-24,477,22463,240,12526,237,9937,0,0,253,11952,224,5249,255,17201,California
Nevada,2021-02-25,845,23308,462,12988,383,10320,0,0,416,11941,427,5676,416,17617,California
Nevada,2021-02-26,1227,24535,885,13873,342,10662,0,0,411,11538,814,6490,411,18028,California
Nevada,2021-02-27,345,24880,110,13983,235,10897,0,0,173,11540,172,6662,174,18202,California
Nevada,2021-02-28,256,25136,144,14127,112,11009,0,0,120,11524,136,6798,120,18322,California
Nevada,2021-03-01,808,25944,422,14549,386,11395,0,0,343,11403,464,7262,343,18665,California
Nevada,2021-03-02,684,26628,255,14804,429,11824,0,0,470,11663,211,7473,471,19136,California
Nevada,2021-03-03,901,27529,478,15282,423,12247,0,0,440,11643,460,7933,440,19576,California
Nevada,2021-03-04,1077,28606,605,15887,472,12719,0,0,445,11459,629,8562,445,20021,California
Nevada,2021-03-05,749,29355,406,16293,333,13052,10,10,330,11382,417,8979,340,20361,California
Nevada,2021-03-06,332,29687,113,16406,193,13245,26,36,122,11320,210,9189,148,20509,California
Nevada,2021-03-07,204,29891,108,16514,76,13321,20,56,62,11260,141,9330,81,20590,California
Nevada,2021-03-08,787,30678,533,17047,211,13532,43,99,343,11204,443,9773,387,20977,California
Nevada,2021-03-09,639,31317,302,17349,291,13823,46,145,351,11313,287,10060,396,21373,California
Nevada,2021-03-10,897,32214,581,17930,279,14102,37,182,286,11029,608,10668,324,21697,California
Nevada,2021-03-11,1034,33248,662,18592,345,14447,27,209,496,11019,533,11201,523,22220,California
Nevada,2021-03-12,1024,34272,661,19253,329,14776,34,243,415,10861,608,11809,450,22670,California
Nevada,2021-03-13,221,34493,54,19307,160,14936,7,250,97,10843,123,11932,105,22775,California
Nevada,2021-03-14,99,34592,19,19326,77,15013,3,253,23,10793,76,12008,26,22801,California
Nevada,2021-03-15,819,35411,439,19765,370,15383,10,263,333,10652,484,12492,343,23144,California
Nevada,2021-03-16,943,36354,434,20199,455,15838,54,317,604,10972,338,12830,658,23802,California
Nevada,2021-03-17,983,37337,424,20623,549,16387,10,327,552,11106,428,13258,562,24364,California
Nevada,2021-03-18,822,38159,453,21076,348,16735,21,348,396,11102,422,13680,418,24782,California
Nevada,2021-03-19,564,38723,333,21409,201,16936,30,378,250,11068,314,13994,280,25062,California
Nevada,2021-03-20,528,39251,82,21491,172,17108,274,652,142,11101,381,14375,414,25476,California
Nevada,2021-03-21,65,39316,33,21524,31,17139,1,653,46,11130,18,14393,47,25523,California
Nevada,2021-03-22,765,40081,488,22012,273,17412,4,657,512,11395,251,14644,516,26039,California
Nevada,2021-03-23,825,40906,381,22393,419,17831,25,682,622,11843,200,14844,648,26687,California
Nevada,2021-03-24,965,41871,520,22913,437,18268,8,690,604,12098,357,15201,612,27299,California
Nevada,2021-03-25,862,42733,430,23343,410,18678,22,712,475,12210,387,15588,499,27798,California
Nevada,2021-03-26,1066,43799,406,23749,629,19307,31,743,768,12719,296,15884,805,28603,California
Nevada,2021-03-27,540,44339,66,23815,459,19766,15,758,373,12944,166,16050,391,28994,California
Nevada,2021-03-28,168,44507,49,23864,108,19874,11,769,41,12870,126,16176,52,29046,California
Nevada,2021-03-29,787,45294,478,24342,285,20159,24,793,368,12846,417,16593,393,29439,California
Nevada,2021-03-30,1039,46333,475,24817,532,20691,32,825,548,12942,486,17079,582,30021,California
Nevada,2021-03-31,942,47275,458,25275,466,21157,18,843,543,13123,392,17471,573,30594,California
Nevada,2021-04-01,631,47906,371,25646,250,21407,10,853,246,13002,381,17852,260,30854,California
Orange,2020-12-15,16,16,16,16,0,0,0,0,16,16,0,0,16,16,California
Orange,2020-12-16,365,381,365,381,0,0,0,0,365,381,0,0,365,381,California
Orange,2020-12-17,3712,4093,3712,4093,0,0,0,0,3711,4092,0,0,3711,4092,California
Orange,2020-12-18,5007,9100,5000,9093,7,7,0,0,5005,9097,0,0,5005,9097,California
Orange,2020-12-19,2196,11296,2189,11282,7,14,0,0,2195,11292,0,0,2195,11292,California
Orange,2020-12-20,1963,13259,1962,13244,1,15,0,0,1964,13256,0,0,1964,13256,California
Orange,2020-12-21,4218,17477,4212,17456,6,21,0,0,4218,17474,0,0,4218,17474,California
Orange,2020-12-22,3962,21439,3929,21385,33,54,0,0,3962,21436,0,0,3962,21436,California
Orange,2020-12-23,3538,24977,3189,24574,349,403,0,0,3540,24976,0,0,3540,24976,California
Orange,2020-12-24,1371,26348,1073,25647,298,701,0,0,1371,26347,0,0,1371,26347,California
Orange,2020-12-25,15,26363,10,25657,5,706,0,0,15,26362,0,0,15,26362,California
Orange,2020-12-26,1052,27415,422,26079,630,1336,0,0,1052,27414,0,0,1052,27414,California
Orange,2020-12-27,582,27997,275,26354,307,1643,0,0,582,27996,0,0,582,27996,California
Orange,2020-12-28,3532,31529,2563,28917,969,2612,0,0,3532,31528,0,0,3532,31528,California
Orange,2020-12-29,3553,35082,2560,31477,993,3605,0,0,3553,35081,0,0,3553,35081,California
Orange,2020-12-30,5105,40187,3549,35026,1556,5161,0,0,5105,40186,0,0,5105,40186,California
Orange,2020-12-31,1452,41639,757,35783,695,5856,0,0,1452,41638,0,0,1452,41638,California
Orange,2021-01-01,428,42067,239,36022,189,6045,0,0,427,42064,1,1,427,42065,California
Orange,2021-01-02,1402,43469,897,36919,505,6550,0,0,1402,43466,0,1,1402,43467,California
Orange,2021-01-03,560,44029,309,37228,251,6801,0,0,560,44026,0,1,560,44027,California
Orange,2021-01-04,2683,46712,1552,38780,1131,7932,0,0,2684,46709,1,2,2684,46711,California
Orange,2021-01-05,3489,50201,2283,41063,1206,9138,0,0,3078,49386,404,406,3081,49792,California
Orange,2021-01-06,4958,55159,3449,44512,1509,10647,0,0,3593,51627,1352,1758,3593,53385,California
Orange,2021-01-07,9198,64357,5128,49640,4070,14717,0,0,5648,53744,3537,5295,5654,59039,California
Orange,2021-01-08,9351,73708,5214,54854,4137,18854,0,0,5630,55666,3711,9006,5633,64672,California
Orange,2021-01-09,4963,78671,1725,56579,3238,22092,0,0,3689,58083,1273,10279,3690,68362,California
Orange,2021-01-10,4223,82894,1033,57612,3190,25282,0,0,3348,60561,874,11153,3352,71714,California
Orange,2021-01-11,9350,92244,4859,62471,4491,29773,0,0,5755,62719,3598,14751,5756,77470,California
Orange,2021-01-12,8737,100981,4700,67171,4037,33810,0,0,5282,64550,3451,18202,5282,82752,California
Orange,2021-01-13,10164,111145,4860,72031,5304,39114,0,0,6987,68371,3174,21376,6995,89747,California
Orange,2021-01-14,9877,121022,3757,75788,6120,45234,0,0,8295,75091,1580,22956,8300,98047,California
Orange,2021-01-15,10061,131083,2593,78381,7468,52702,0,0,9189,83406,879,23835,9194,107241,California
Orange,2021-01-16,8664,139747,2079,80460,6585,59287,0,0,8284,91314,380,24215,8288,115529,California
Orange,2021-01-17,8139,147886,1488,81948,6651,65938,0,0,7995,99173,143,24358,8002,123531,California
Orange,2021-01-18,9726,157612,4447,86395,5279,71217,0,0,7492,104430,2237,26595,7494,131025,California
Orange,2021-01-19,7435,165047,5395,91790,2040,73257,0,0,4813,106624,2623,29218,4817,135842,California
Orange,2021-01-20,8223,173270,5790,97580,2433,75690,0,0,5171,108749,3052,32270,5177,141019,California
Orange,2021-01-21,10801,184071,4792,102372,6009,81699,0,0,10011,117980,789,33059,10020,151039,California
Orange,2021-01-22,13520,197591,5068,107440,8452,90151,0,0,12700,129875,812,33871,12707,163746,California
Orange,2021-01-23,13086,210677,6168,113608,6918,97069,0,0,12123,141042,961,34832,12128,175874,California
Orange,2021-01-24,9789,220466,4275,117883,5514,102583,0,0,9475,150212,312,35144,9482,185356,California
Orange,2021-01-25,10371,230837,5817,123700,4554,107137,0,0,7665,155233,2698,37842,7719,193075,California
Orange,2021-01-26,11713,242550,7659,131359,4054,111191,0,0,9591,162706,2119,39961,9592,202667,California
Orange,2021-01-27,13320,255870,7955,139314,5365,116556,0,0,10669,170738,2640,42601,10672,213339,California
Orange,2021-01-28,12953,268823,7144,146458,5809,122365,0,0,11117,180039,1822,44423,11123,224462,California
Orange,2021-01-29,13508,282331,8372,154830,5136,127501,0,0,10680,187906,2817,47240,10684,235146,California
Orange,2021-01-30,12878,295209,4427,159257,8451,135952,0,0,12159,199360,706,47946,12160,247306,California
Orange,2021-01-31,13707,308916,4947,164204,8760,144712,0,0,13291,212240,413,48359,13293,260599,California
Orange,2021-02-01,13880,322796,5699,169903,8181,152893,0,0,11939,222260,1923,50282,11943,272542,California
Orange,2021-02-02,15304,338100,8333,178236,6971,159864,0,0,12595,232259,2599,52881,12598,285140,California
Orange,2021-02-03,16653,354753,12529,190765,4124,163988,0,0,13672,243030,2905,55786,13676,298816,California
Orange,2021-02-04,19653,374406,12824,203589,6829,170817,0,0,14610,252632,5012,60798,14614,313430,California
Orange,2021-02-05,20645,395051,11953,215542,8692,179509,0,0,14442,260911,6166,66964,14445,327875,California
Orange,2021-02-06,16280,411331,10766,226308,5514,185023,0,0,11051,266966,5214,72178,11269,339144,California
Orange,2021-02-07,11500,422831,8076,234384,3424,188447,0,0,7533,270714,3954,76132,7702,346846,California
Orange,2021-02-08,14760,437591,8474,242858,6286,194733,0,0,8818,273620,5914,82046,8820,355666,California
Orange,2021-02-09,17511,455102,11948,254806,5563,200296,0,0,10693,277571,6746,88792,10697,366363,California
Orange,2021-02-10,20817,475919,11114,265920,9703,209999,0,0,12666,282186,8058,96850,12673,379036,California
Orange,2021-02-11,21879,497798,11320,277240,10559,220558,0,0,12340,285149,9399,106249,12362,391398,California
Orange,2021-02-12,24654,522452,11879,289119,12775,233333,0,0,14599,289752,10004,116253,14607,406005,California
Orange,2021-02-13,21628,544080,11580,300699,10048,243381,0,0,11089,291152,10336,126589,11736,417741,California
Orange,2021-02-14,16129,560209,6565,307264,9564,252945,0,0,9527,294102,6580,133169,9530,427271,California
Orange,2021-02-15,17079,577288,7370,314634,9709,262654,0,0,8870,294811,8170,141339,8879,436150,California
Orange,2021-02-16,19851,597139,8939,323573,10912,273566,0,0,10744,296506,9073,150412,10768,446918,California
Orange,2021-02-17,17599,614738,9172,332745,8427,281993,0,0,9153,297284,8407,158819,9185,456103,California
Orange,2021-02-18,14595,629333,9582,342327,5013,287006,0,0,6776,296292,7778,166597,6786,462889,California
Orange,2021-02-19,17647,646980,10695,353022,6952,293958,0,0,6921,292538,10684,177281,6930,469819,California
Orange,2021-02-20,7175,654155,5381,358403,1794,295752,0,0,3561,292511,3598,180879,3571,473390,California
Orange,2021-02-21,4119,658274,3448,361851,671,296423,0,0,731,289877,3366,184245,732,474122,California
Orange,2021-02-22,9418,667692,7695,369546,1723,298146,0,0,3840,288182,5556,189801,3861,477983,California
Orange,2021-02-23,13081,680773,7107,376653,5974,304120,0,0,3574,282309,9461,199262,3588,481571,California
Orange,2021-02-24,20808,701581,12557,389210,8251,312371,0,0,5350,272276,15404,214666,5371,486942,California
Orange,2021-02-25,22338,723919,12045,401255,10293,322664,0,0,8013,266041,14272,228938,8037,494979,California
Orange,2021-02-26,27431,751350,13910,415165,13521,336185,0,0,11118,260966,16221,245159,11146,506125,California
Orange,2021-02-27,24817,776167,10035,425200,14780,350965,2,2,7266,250786,17465,262624,7285,513410,California
Orange,2021-02-28,18871,795038,7275,432475,11596,362561,0,2,4814,241641,13981,276605,4836,518246,California
Orange,2021-03-01,18100,813138,8273,440748,9825,372386,2,4,6985,237601,11060,287665,7020,525266,California
Orange,2021-03-02,14432,827570,7057,447805,7374,379760,1,5,8500,240234,5902,293567,8535,533801,California
Orange,2021-03-03,18625,846195,8808,456613,9816,389576,1,6,9579,240849,8986,302553,9601,543402,California
Orange,2021-03-04,19660,865855,11860,468473,7789,397365,11,17,10213,241681,9417,311970,10249,553651,California
Orange,2021-03-05,17556,883411,9442,477915,8071,405436,43,60,10801,245850,6732,318702,10901,564552,California
Orange,2021-03-06,18172,901583,10185,488100,7170,412606,817,877,9546,247643,8598,327300,10391,574943,California
Orange,2021-03-07,14063,915646,8055,496155,5645,418251,363,1240,8206,250411,5825,333125,8593,583536,California
Orange,2021-03-08,15474,931120,7143,503298,7161,425412,1170,2410,10029,256224,5415,338540,11228,594764,California
Orange,2021-03-09,19344,950464,8355,511653,8599,434011,2390,4800,11123,261568,8182,346722,13526,608290,California
Orange,2021-03-10,21243,971707,10502,522155,7789,441800,2952,7752,10710,264743,10495,357217,13670,621960,California
Orange,2021-03-11,27184,998891,14545,536700,8814,450614,3825,11577,12424,266411,14711,371928,16379,638339,California
Orange,2021-03-12,24947,1023838,12069,548769,9636,460250,3242,14819,12372,269524,12525,384453,15638,653977,California
Orange,2021-03-13,19491,1043329,7270,556039,9522,469772,2699,17518,9634,272044,9834,394287,12354,666331,California
Orange,2021-03-14,16319,1059648,7296,563335,6583,476355,2440,19958,10390,278988,5903,400190,12847,679178,California
Orange,2021-03-15,22626,1082274,9761,573096,12091,488446,774,20732,14295,285774,8297,408487,15083,694261,California
Orange,2021-03-16,26048,1108322,10868,583964,14924,503370,256,20988,16900,293862,9089,417576,17177,711438,California
Orange,2021-03-17,26480,1134802,13179,597143,12818,516188,483,21471,18857,305643,7577,425153,19358,730796,California
Orange,2021-03-18,21952,1156754,10904,608047,10893,527081,155,21626,17020,317943,4889,430042,17189,747985,California
Orange,2021-03-19,28187,1184941,15383,623430,12451,539532,353,21979,20974,332160,7134,437176,21351,769336,California
Orange,2021-03-20,20683,1205624,10972,634402,9549,549081,162,22141,17900,347491,2740,439916,18071,787407,California
Orange,2021-03-21,18085,1223709,10464,644866,6893,555974,728,22869,15407,360974,2659,442575,16142,803549,California
Orange,2021-03-22,22344,1246053,11534,656400,10496,566470,314,23183,18947,376911,3343,445918,19280,822829,California
Orange,2021-03-23,25577,1271630,13270,669670,11677,578147,630,23813,20582,393204,4934,450852,21227,844056,California
Orange,2021-03-24,28408,1300038,15853,685523,11691,589838,864,24677,21854,409443,6496,457348,22735,866791,California
Orange,2021-03-25,31086,1331124,16284,701807,14161,603999,641,25318,23887,426871,7140,464488,24568,891359,California
Orange,2021-03-26,33814,1364938,17370,719177,15621,619620,823,26141,24610,443315,9130,473618,25574,916933,California
Orange,2021-03-27,27430,1392368,12947,732124,14174,633794,309,26450,19875,456067,7495,481113,20247,937180,California
Orange,2021-03-28,24099,1416467,12492,744616,11541,645335,66,26516,18220,468547,5840,486953,18320,955500,California
Orange,2021-03-29,25455,1441922,11470,756086,13459,658794,526,27042,17465,478694,7934,494887,18081,973581,California
Orange,2021-03-30,29491,1471413,13447,769533,15733,674527,311,27353,21213,492097,8235,503122,21638,995219,California
Orange,2021-03-31,34768,1506181,18040,787573,16254,690781,474,27827,23407,505163,11302,514424,24368,1019587,California
Orange,2021-04-01,21966,1528147,11314,798887,9932,700713,720,28547,15098,514724,6832,521256,16393,1035980,California
Placer,2020-12-15,29,29,29,29,0,0,0,0,29,29,0,0,29,29,California
Placer,2020-12-16,52,81,52,81,0,0,0,0,52,81,0,0,52,81,California
Placer,2020-12-17,141,222,141,222,0,0,0,0,141,222,0,0,141,222,California
Placer,2020-12-18,331,553,331,553,0,0,0,0,331,553,0,0,331,553,California
Placer,2020-12-19,248,801,248,801,0,0,0,0,248,801,0,0,248,801,California
Placer,2020-12-20,233,1034,233,1034,0,0,0,0,233,1034,0,0,233,1034,California
Placer,2020-12-21,495,1529,494,1528,1,1,0,0,495,1529,0,0,495,1529,California
Placer,2020-12-22,676,2205,670,2198,6,7,0,0,676,2205,0,0,676,2205,California
Placer,2020-12-23,741,2946,656,2854,85,92,0,0,741,2946,0,0,741,2946,California
Placer,2020-12-24,396,3342,345,3199,51,143,0,0,396,3342,0,0,396,3342,California
Placer,2020-12-26,159,3501,114,3313,45,188,0,0,159,3501,0,0,159,3501,California
Placer,2020-12-27,187,3688,163,3476,24,212,0,0,187,3688,0,0,187,3688,California
Placer,2020-12-28,665,4353,539,4015,126,338,0,0,665,4353,0,0,665,4353,California
Placer,2020-12-29,762,5115,514,4529,248,586,0,0,762,5115,0,0,762,5115,California
Placer,2020-12-30,727,5842,450,4979,277,863,0,0,725,5840,0,0,725,5840,California
Placer,2020-12-31,530,6372,344,5323,186,1049,0,0,530,6370,0,0,530,6370,California
Placer,2021-01-01,14,6386,10,5333,4,1053,0,0,14,6384,0,0,14,6384,California
Placer,2021-01-02,184,6570,152,5485,32,1085,0,0,184,6568,0,0,184,6568,California
Placer,2021-01-03,153,6723,78,5563,75,1160,0,0,153,6721,0,0,153,6721,California
Placer,2021-01-04,615,7338,176,5739,439,1599,0,0,615,7336,0,0,615,7336,California
Placer,2021-01-05,713,8051,156,5895,557,2156,0,0,631,7886,81,81,631,7967,California
Placer,2021-01-06,754,8805,242,6137,512,2668,0,0,614,8360,140,221,614,8581,California
Placer,2021-01-07,979,9784,364,6501,615,3283,0,0,776,8935,203,424,778,9359,California
Placer,2021-01-08,1180,10964,525,7026,655,3938,0,0,853,9464,324,748,853,10212,California
Placer,2021-01-09,446,11410,318,7344,128,4066,0,0,231,9481,214,962,231,10443,California
Placer,2021-01-10,326,11736,184,7528,142,4208,0,0,162,9479,164,1126,162,10605,California
Placer,2021-01-11,1424,13160,808,8336,616,4824,0,0,834,9724,590,1716,835,11440,California
Placer,2021-01-12,1638,14798,868,9204,770,5594,0,0,1033,10153,605,2321,1034,12474,California
Placer,2021-01-13,1625,16423,818,10022,807,6401,0,0,1209,10951,414,2735,1212,13686,California
Placer,2021-01-14,1735,18158,650,10672,1085,7486,0,0,1379,11978,353,3088,1380,15066,California
Placer,2021-01-15,1905,20063,721,11393,1184,8670,0,0,1552,13182,352,3440,1556,16622,California
Placer,2021-01-16,1472,21535,722,12115,750,9420,0,0,1350,14411,122,3562,1351,17973,California
Placer,2021-01-17,561,22096,395,12510,166,9586,0,0,429,14708,132,3694,429,18402,California
Placer,2021-01-18,977,23073,540,13050,437,10023,0,0,748,15228,229,3923,749,19151,California
Placer,2021-01-19,2556,25629,1949,14999,607,10630,0,0,2107,16887,449,4372,2108,21259,California
Placer,2021-01-20,2241,27870,1690,16689,551,11181,0,0,1913,18473,328,4700,1914,23173,California
Placer,2021-01-21,2523,30393,1112,17801,1411,12592,0,0,2128,20208,394,5094,2129,25302,California
Placer,2021-01-22,2269,32662,588,18389,1681,14273,0,0,2093,22130,174,5268,2096,27398,California
Placer,2021-01-23,1186,33848,378,18767,808,15081,0,0,1031,23006,155,5423,1031,28429,California
Placer,2021-01-24,507,34355,266,19033,241,15322,0,0,432,23364,75,5498,433,28862,California
Placer,2021-01-25,1645,36000,797,19830,848,16170,0,0,1364,24448,281,5779,1365,30227,California
Placer,2021-01-26,1827,37827,1025,20855,802,16972,0,0,1564,25749,263,6042,1564,31791,California
Placer,2021-01-27,1814,39641,1158,22013,656,17628,0,0,1573,27083,239,6281,1573,33364,California
Placer,2021-01-28,1774,41415,1107,23120,667,18295,0,0,1532,28373,242,6523,1532,34896,California
Placer,2021-01-29,1840,43255,1156,24276,684,18979,0,0,1653,29842,186,6709,1655,36551,California
Placer,2021-01-30,1718,44973,968,25244,750,19729,0,0,1601,31327,116,6825,1601,38152,California
Placer,2021-01-31,780,45753,623,25867,157,19886,0,0,709,31967,70,6895,710,38862,California
Placer,2021-02-01,2058,47811,1088,26955,970,20856,0,0,1750,33411,306,7201,1750,40612,California
Placer,2021-02-02,2363,50174,1542,28497,821,21677,0,0,1883,34816,478,7679,1883,42495,California
Placer,2021-02-03,2900,53074,1870,30367,1030,22707,0,0,2287,36494,609,8288,2287,44782,California
Placer,2021-02-04,2747,55821,1176,31543,1571,24278,0,0,1928,37606,817,9105,1929,46711,California
Placer,2021-02-05,2720,58541,1204,32747,1516,25794,0,0,1391,37674,1323,10428,1391,48102,California
Placer,2021-02-06,1924,60465,1289,34036,635,26429,0,0,1378,38506,546,10974,1378,49480,California
Placer,2021-02-07,1217,61682,908,34944,309,26738,0,0,939,39169,277,11251,940,50420,California
Placer,2021-02-08,3295,64977,1764,36708,1531,28269,0,0,1973,39828,1314,12565,1973,52393,California
Placer,2021-02-09,3527,68504,2163,38871,1364,29633,0,0,1621,39544,1905,14470,1621,54014,California
Placer,2021-02-10,3731,72235,2183,41054,1548,31181,0,0,1743,39304,1985,16455,1745,55759,California
Placer,2021-02-11,3607,75842,1890,42944,1717,32898,0,0,1575,38856,2024,18479,1576,57335,California
Placer,2021-02-12,2737,78579,1313,44257,1424,34322,0,0,1660,39455,1061,19540,1660,58995,California
Placer,2021-02-13,2535,81114,1495,45752,1040,35362,0,0,1883,40686,652,20192,1883,60878,California
Placer,2021-02-14,1072,82186,679,46431,393,35755,0,0,731,41079,338,20530,731,61609,California
Placer,2021-02-15,2144,84330,1036,47467,1108,36863,0,0,1491,41918,653,21183,1492,63101,California
Placer,2021-02-16,3522,87852,1789,49256,1733,38596,0,0,1583,41574,1929,23112,1585,64686,California
Placer,2021-02-17,3441,91293,1958,51214,1483,40079,0,0,1450,41036,1988,25100,1450,66136,California
Placer,2021-02-18,3595,94888,1950,53164,1645,41724,0,0,1502,40454,2084,27184,1502,67638,California
Placer,2021-02-19,3523,98411,1891,55055,1632,43356,0,0,1309,39553,2211,29395,1310,68948,California
Placer,2021-02-20,1945,100356,1212,56267,733,44089,0,0,861,39338,1079,30474,864,69812,California
Placer,2021-02-21,949,101305,726,56993,223,44312,0,0,260,38913,686,31160,261,70073,California
Placer,2021-02-22,2476,103781,1751,58744,725,45037,0,0,588,37615,1886,33046,588,70661,California
Placer,2021-02-23,2479,106260,1548,60292,931,45968,0,0,868,36875,1608,34654,868,71529,California
Placer,2021-02-24,3183,109443,1152,61444,2031,47999,0,0,1751,37204,1424,36078,1753,73282,California
Placer,2021-02-25,3383,112826,1387,62831,1996,49995,0,0,1778,37388,1599,37677,1783,75065,California
Placer,2021-02-26,4005,116831,2368,65199,1637,51632,0,0,2307,38003,1693,39370,2308,77373,California
Placer,2021-02-27,2777,119608,1465,66664,1312,52944,0,0,1441,38115,1330,40700,1442,78815,California
Placer,2021-02-28,1379,120987,792,67456,587,53531,0,0,572,37886,801,41501,572,79387,California
Placer,2021-03-01,2940,123927,1975,69431,965,54496,0,0,1499,37950,1436,42937,1500,80887,California
Placer,2021-03-02,2790,126717,1753,71184,1037,55533,0,0,1834,38838,950,43887,1838,82725,California
Placer,2021-03-03,2972,129689,1290,72474,1682,57215,0,0,1573,39017,1394,45281,1573,84298,California
Placer,2021-03-04,3161,132850,1202,73676,1959,59174,0,0,1620,39107,1530,46811,1620,85918,California
Placer,2021-03-05,2572,135422,802,74478,1749,60923,21,21,1493,39548,1074,47885,1515,87433,California
Placer,2021-03-06,2223,137645,1392,75870,760,61683,71,92,793,38989,1425,49310,866,88299,California
Placer,2021-03-07,1259,138904,745,76615,480,62163,34,126,502,38771,754,50064,536,88835,California
Placer,2021-03-08,2695,141599,1712,78327,880,63043,103,229,1490,39162,1203,51267,1594,90429,California
Placer,2021-03-09,2997,144596,1600,79927,1304,64347,93,322,1674,39610,1320,52587,1768,92197,California
Placer,2021-03-10,3006,147602,1221,81148,1704,66051,81,403,1496,39681,1505,54092,1576,93773,California
Placer,2021-03-11,3288,150890,1464,82612,1706,67757,118,521,1518,39556,1764,55856,1639,95412,California
Placer,2021-03-12,3246,154136,1369,83981,1168,68925,709,1230,1048,39121,2194,58050,1759,97171,California
Placer,2021-03-13,1884,156020,700,84681,1074,69999,110,1340,1052,39455,829,58879,1163,98334,California
Placer,2021-03-14,1474,157494,661,85342,683,70682,130,1470,838,39788,634,59513,967,99301,California
Placer,2021-03-15,3021,160515,1453,86795,1440,72122,128,1598,1630,40165,1383,60896,1760,101061,California
Placer,2021-03-16,3403,163918,1808,88603,1459,73581,136,1734,2150,41208,1243,62139,2286,103347,California
Placer,2021-03-17,3162,167080,1599,90202,1470,75051,93,1827,2009,42163,1149,63288,2104,105451,California
Placer,2021-03-18,3011,170091,1674,91876,1302,76353,35,1862,2149,43488,859,64147,2184,107635,California
Placer,2021-03-19,2774,172865,1692,93568,861,77214,221,2083,1708,44357,1060,65207,1929,109564,California
Placer,2021-03-20,1442,174307,641,94209,745,77959,56,2139,856,44686,584,65791,913,110477,California
Placer,2021-03-21,1201,175508,571,94780,623,78582,7,2146,918,45330,281,66072,925,111402,California
Placer,2021-03-22,3115,178623,1994,96774,1021,79603,100,2246,2048,46421,1063,67135,2154,113556,California
Placer,2021-03-23,3321,181944,1970,98744,1264,80867,87,2333,2354,47900,962,68097,2441,115997,California
Placer,2021-03-24,3577,185521,1918,100662,1563,82430,96,2429,1836,48144,1728,69825,1972,117969,California
Placer,2021-03-25,3625,189146,1734,102396,1799,84229,92,2521,1636,47969,1980,71805,1805,119774,California
Placer,2021-03-26,3606,192752,1612,104008,1774,86003,220,2741,1532,47783,2065,73870,1879,121653,California
Placer,2021-03-27,1542,194294,439,104447,1082,87085,21,2762,646,47580,892,74762,689,122342,California
Placer,2021-03-28,1020,195314,470,104917,539,87624,11,2773,352,47277,666,75428,363,122705,California
Placer,2021-03-29,3302,198616,1837,106754,1433,89057,32,2805,1583,47198,1706,77134,1627,124332,California
Placer,2021-03-30,3715,202331,1954,108708,1716,90773,45,2850,1933,47425,1770,78904,1997,126329,California
Placer,2021-03-31,3730,206061,1692,110400,1966,92739,72,2922,1520,46940,2205,81109,1720,128049,California
Placer,2021-04-01,1640,207701,871,111271,746,93485,23,2945,805,47054,833,81942,947,128996,California
Plumas,2020-12-18,4,4,4,4,0,0,0,0,4,4,0,0,4,4,California
Plumas,2020-12-19,1,5,1,5,0,0,0,0,1,5,0,0,1,5,California
Plumas,2020-12-21,45,50,45,50,0,0,0,0,45,50,0,0,45,50,California
Plumas,2020-12-22,92,142,92,142,0,0,0,0,92,142,0,0,92,142,California
Plumas,2020-12-23,50,192,50,192,0,0,0,0,50,192,0,0,50,192,California
Plumas,2020-12-24,6,198,6,198,0,0,0,0,6,198,0,0,6,198,California
Plumas,2020-12-28,8,206,0,198,8,8,0,0,8,206,0,0,8,206,California
Plumas,2020-12-29,32,238,22,220,10,18,0,0,32,238,0,0,32,238,California
Plumas,2020-12-30,22,260,1,221,21,39,0,0,22,260,0,0,22,260,California
Plumas,2020-12-31,4,264,1,222,3,42,0,0,4,264,0,0,4,264,California
Plumas,2021-01-04,9,273,3,225,6,48,0,0,9,273,0,0,9,273,California
Plumas,2021-01-05,23,296,2,227,21,69,0,0,22,295,0,0,22,295,California
Plumas,2021-01-06,125,421,6,233,119,188,0,0,125,420,0,0,125,420,California
Plumas,2021-01-07,55,476,2,235,53,241,0,0,54,473,1,1,54,474,California
Plumas,2021-01-08,12,488,5,240,7,248,0,0,8,477,4,5,8,482,California
Plumas,2021-01-09,2,490,2,242,0,248,0,0,1,477,1,6,1,483,California
Plumas,2021-01-11,59,549,50,292,9,257,0,0,12,442,47,53,12,495,California
Plumas,2021-01-12,154,703,86,378,68,325,0,0,70,428,84,137,70,565,California
Plumas,2021-01-13,55,758,50,428,5,330,0,0,9,391,46,183,9,574,California
Plumas,2021-01-14,96,854,14,442,82,412,0,0,91,477,5,188,91,665,California
Plumas,2021-01-15,62,916,7,449,55,467,0,0,60,535,2,190,60,725,California
Plumas,2021-01-16,58,974,1,450,57,524,0,0,58,593,0,190,58,783,California
Plumas,2021-01-18,3,977,2,452,1,525,0,0,3,596,0,190,3,786,California
Plumas,2021-01-19,37,1014,6,458,31,556,0,0,33,625,4,194,33,819,California
Plumas,2021-01-20,121,1135,3,461,118,674,0,0,119,742,2,196,119,938,California
Plumas,2021-01-21,112,1247,2,463,110,784,0,0,112,854,0,196,112,1050,California
Plumas,2021-01-22,3,1250,0,463,3,787,0,0,3,857,0,196,3,1053,California
Plumas,2021-01-23,92,1342,1,464,91,878,0,0,92,949,0,196,92,1145,California
Plumas,2021-01-24,1,1343,1,465,0,878,0,0,1,950,0,196,1,1146,California
Plumas,2021-01-25,8,1351,5,470,3,881,0,0,5,952,3,199,5,1151,California
Plumas,2021-01-26,60,1411,2,472,58,939,0,0,52,996,8,207,52,1203,California
Plumas,2021-01-27,25,1436,20,492,5,944,0,0,5,981,20,227,5,1208,California
Plumas,2021-01-28,23,1459,0,492,23,967,0,0,21,1000,2,229,21,1229,California
Plumas,2021-01-29,7,1466,2,494,5,972,0,0,6,1005,1,230,6,1235,California
Plumas,2021-01-30,7,1473,4,498,3,975,0,0,6,1010,1,231,6,1241,California
Plumas,2021-01-31,3,1476,3,501,0,975,0,0,3,1013,0,231,3,1244,California
Plumas,2021-02-01,15,1491,2,503,13,988,0,0,7,1012,8,239,7,1251,California
Plumas,2021-02-02,20,1511,1,504,19,1007,0,0,1,994,19,258,1,1252,California
Plumas,2021-02-03,126,1637,5,509,121,1128,0,0,12,893,113,371,12,1264,California
Plumas,2021-02-04,102,1739,8,517,94,1222,0,0,23,837,79,450,23,1287,California
Plumas,2021-02-05,25,1764,11,528,14,1236,0,0,9,830,16,466,9,1296,California
Plumas,2021-02-06,8,1772,1,529,7,1243,0,0,8,838,0,466,8,1304,California
Plumas,2021-02-08,17,1789,9,538,8,1251,0,0,4,829,13,479,4,1308,California
Plumas,2021-02-09,170,1959,1,539,169,1420,0,0,111,881,59,538,111,1419,California
Plumas,2021-02-10,91,2050,8,547,83,1503,0,0,83,956,8,546,83,1502,California
Plumas,2021-02-11,321,2371,6,553,315,1818,0,0,262,1159,59,605,262,1764,California
Plumas,2021-02-12,121,2492,3,556,118,1936,0,0,117,1272,4,609,117,1881,California
Plumas,2021-02-13,72,2564,3,559,69,2005,0,0,13,1226,59,668,13,1894,California
Plumas,2021-02-14,7,2571,4,563,3,2008,0,0,7,1233,0,668,7,1901,California
Plumas,2021-02-15,25,2596,3,566,22,2030,0,0,24,1256,1,669,24,1925,California
Plumas,2021-02-16,74,2670,4,570,70,2100,0,0,13,1208,61,730,13,1938,California
Plumas,2021-02-17,136,2806,5,575,131,2231,0,0,11,1094,125,855,11,1949,California
Plumas,2021-02-18,126,2932,6,581,120,2351,0,0,18,1004,108,963,18,1967,California
Plumas,2021-02-19,39,2971,3,584,36,2387,0,0,5,975,34,997,5,1972,California
Plumas,2021-02-20,103,3074,6,590,97,2484,0,0,11,894,92,1089,11,1983,California
Plumas,2021-02-21,6,3080,5,595,1,2485,0,0,2,892,4,1093,2,1985,California
Plumas,2021-02-22,3,3083,1,596,2,2487,0,0,0,889,3,1096,0,1985,California
Plumas,2021-02-23,20,3103,3,599,17,2504,0,0,13,895,7,1103,13,1998,California
Plumas,2021-02-24,453,3556,5,604,448,2952,0,0,443,1328,10,1113,443,2441,California
Plumas,2021-02-25,226,3782,7,611,219,3171,0,0,166,1434,60,1173,166,2607,California
Plumas,2021-02-26,259,4041,5,616,254,3425,0,0,255,1685,4,1177,255,2862,California
Plumas,2021-02-27,42,4083,6,622,36,3461,0,0,34,1711,8,1185,34,2896,California
Plumas,2021-02-28,1,4084,0,622,1,3462,0,0,1,1712,0,1185,1,2897,California
Plumas,2021-03-01,11,4095,4,626,7,3469,0,0,7,1715,4,1189,7,2904,California
Plumas,2021-03-02,9,4104,0,626,9,3478,0,0,6,1718,3,1192,6,2910,California
Plumas,2021-03-03,137,4241,8,634,129,3607,0,0,124,1829,13,1205,124,3034,California
Plumas,2021-03-04,212,4453,8,642,204,3811,0,0,192,2001,20,1225,192,3226,California
Plumas,2021-03-05,370,4823,5,647,359,4170,6,6,360,2357,10,1235,366,3592,California
Plumas,2021-03-06,16,4839,1,648,7,4177,8,14,3,2355,13,1248,11,3603,California
Plumas,2021-03-07,10,4849,1,649,1,4178,8,22,1,2355,9,1257,9,3612,California
Plumas,2021-03-08,33,4882,6,655,3,4181,24,46,6,2358,27,1284,30,3642,California
Plumas,2021-03-09,130,5012,2,657,115,4296,13,59,17,2275,113,1397,30,3672,California
Plumas,2021-03-10,199,5211,2,659,195,4491,2,61,75,2228,124,1521,77,3749,California
Plumas,2021-03-11,157,5368,5,664,147,4638,5,66,122,2320,35,1556,127,3876,California
Plumas,2021-03-12,526,5894,3,667,276,4914,247,313,17,2075,509,2065,264,4140,California
Plumas,2021-03-13,21,5915,5,672,4,4918,12,325,3,2073,18,2083,16,4156,California
Plumas,2021-03-14,11,5926,2,674,4,4922,5,330,2,2071,9,2092,7,4163,California
Plumas,2021-03-15,30,5956,1,675,23,4945,6,336,5,2057,25,2117,11,4174,California
Plumas,2021-03-16,28,5984,3,678,24,4969,1,337,18,2066,10,2127,19,4193,California
Plumas,2021-03-17,80,6064,13,691,66,5035,1,338,67,2121,13,2140,68,4261,California
Plumas,2021-03-18,50,6114,5,696,30,5065,15,353,7,2100,43,2183,22,4283,California
Plumas,2021-03-19,126,6240,1,697,124,5189,1,354,120,2217,5,2188,122,4405,California
Plumas,2021-03-20,16,6256,4,701,11,5200,1,355,10,2222,6,2194,11,4416,California
Plumas,2021-03-21,2,6258,2,703,0,5200,0,355,2,2224,0,2194,2,4418,California
Plumas,2021-03-22,160,6418,4,707,156,5356,0,355,153,2370,7,2201,153,4571,California
Plumas,2021-03-23,25,6443,1,708,24,5380,0,355,13,2371,12,2213,13,4584,California
Plumas,2021-03-24,606,7049,7,715,598,5978,1,356,179,2124,427,2640,180,4764,California
Plumas,2021-03-25,187,7236,6,721,179,6157,2,358,48,2033,139,2779,48,4812,California
Plumas,2021-03-26,312,7548,8,729,303,6460,1,359,46,1815,266,3045,48,4860,California
Plumas,2021-03-27,12,7560,1,730,10,6470,1,360,4,1812,8,3053,5,4865,California
Plumas,2021-03-28,3,7563,1,731,1,6471,1,361,1,1812,2,3055,2,4867,California
Plumas,2021-03-29,16,7579,5,736,9,6480,2,363,4,1806,12,3067,6,4873,California
Plumas,2021-03-30,148,7727,4,740,143,6623,1,364,23,1714,125,3192,33,4906,California
Plumas,2021-03-31,262,7989,5,745,256,6879,1,365,244,1941,18,3210,245,5151,California
Plumas,2021-04-01,56,8045,8,753,48,6927,0,365,49,1983,7,3217,49,5200,California
Riverside,2020-12-15,4,4,4,4,0,0,0,0,4,4,0,0,4,4,California
Riverside,2020-12-16,65,69,65,69,0,0,0,0,65,69,0,0,65,69,California
Riverside,2020-12-17,803,872,803,872,0,0,0,0,803,872,0,0,803,872,California
Riverside,2020-12-18,1723,2595,1721,2593,2,2,0,0,1723,2595,0,0,1723,2595,California
Riverside,2020-12-19,1021,3616,1019,3612,2,4,0,0,1019,3613,1,1,1019,3614,California
Riverside,2020-12-20,1081,4697,1081,4693,0,4,0,0,1081,4694,0,1,1081,4695,California
Riverside,2020-12-21,2271,6968,2269,6962,2,6,0,0,2271,6965,0,1,2271,6966,California
Riverside,2020-12-22,2245,9213,2206,9168,39,45,0,0,2244,9209,0,1,2244,9210,California
Riverside,2020-12-23,2119,11332,1783,10951,336,381,0,0,2120,11329,0,1,2120,11330,California
Riverside,2020-12-24,827,12159,624,11575,203,584,0,0,827,12156,0,1,827,12157,California
Riverside,2020-12-25,28,12187,5,11580,23,607,0,0,28,12184,0,1,28,12185,California
Riverside,2020-12-26,402,12589,258,11838,144,751,0,0,402,12586,0,1,402,12587,California
Riverside,2020-12-27,362,12951,244,12082,118,869,0,0,362,12948,0,1,362,12949,California
Riverside,2020-12-28,1621,14572,1124,13206,497,1366,0,0,1621,14569,0,1,1621,14570,California
Riverside,2020-12-29,1735,16307,970,14176,765,2131,0,0,1735,16304,0,1,1735,16305,California
Riverside,2020-12-30,2563,18870,1678,15854,885,3016,0,0,2562,18866,0,1,2562,18867,California
Riverside,2020-12-31,1019,19889,395,16249,624,3640,0,0,1021,19887,0,1,1021,19888,California
Riverside,2021-01-01,97,19986,35,16284,62,3702,0,0,97,19984,0,1,97,19985,California
Riverside,2021-01-02,825,20811,689,16973,136,3838,0,0,825,20809,0,1,825,20810,California
Riverside,2021-01-03,344,21155,298,17271,46,3884,0,0,343,21152,0,1,343,21153,California
Riverside,2021-01-04,1253,22408,793,18064,460,4344,0,0,1253,22405,0,1,1253,22406,California
Riverside,2021-01-05,1979,24387,1361,19425,618,4962,0,0,1882,24196,91,92,1882,24288,California
Riverside,2021-01-06,2460,26847,1096,20521,1364,6326,0,0,2154,26049,302,394,2155,26443,California
Riverside,2021-01-07,2752,29599,1810,22331,942,7268,0,0,1693,26693,1055,1449,1699,28142,California
Riverside,2021-01-08,4020,33619,2926,25257,1094,8362,0,0,2218,27114,1798,3247,2219,30361,California
Riverside,2021-01-09,2075,35694,846,26103,1229,9591,0,0,1730,28501,343,3590,1730,32091,California
Riverside,2021-01-10,1660,37354,732,26835,928,10519,0,0,1057,28955,603,4193,1057,33148,California
Riverside,2021-01-11,4493,41847,3089,29924,1404,11923,0,0,2767,30000,1724,5917,2769,35917,California
Riverside,2021-01-12,3389,45236,2717,32641,672,12595,0,0,1706,30029,1678,7595,1707,37624,California
Riverside,2021-01-13,4377,49613,2867,35508,1510,14105,0,0,2779,31213,1595,9190,2779,40403,California
Riverside,2021-01-14,5430,55043,1857,37365,3573,17678,0,0,4846,35475,584,9774,4846,45249,California
Riverside,2021-01-15,6126,61169,2092,39457,4034,21712,0,0,5837,41025,288,10062,5838,51087,California
Riverside,2021-01-16,3614,64783,1015,40472,2599,24311,0,0,3368,44148,246,10308,3369,54456,California
Riverside,2021-01-17,3600,68383,579,41051,3021,27332,0,0,3405,47359,194,10502,3405,57861,California
Riverside,2021-01-18,3701,72084,2004,43055,1697,29029,0,0,2697,49052,1004,11506,2697,60558,California
Riverside,2021-01-19,7384,79468,2633,45688,4751,33780,0,0,6268,54207,1116,12622,6271,66829,California
Riverside,2021-01-20,7945,87413,2860,48548,5085,38865,0,0,6468,59209,1468,14090,6470,73299,California
Riverside,2021-01-21,8203,95616,3363,51911,4840,43705,0,0,7589,66182,616,14706,7589,80888,California
Riverside,2021-01-22,8673,104289,2964,54875,5709,49414,0,0,8243,73997,429,15135,8244,89132,California
Riverside,2021-01-23,5927,110216,2394,57269,3533,52947,0,0,5201,78473,726,15861,5202,94334,California
Riverside,2021-01-24,3039,113255,1431,58700,1608,54555,0,0,2828,81093,209,16070,2829,97163,California
Riverside,2021-01-25,7856,121111,4533,63233,3323,57878,0,0,6734,86714,1120,17190,6741,103904,California
Riverside,2021-01-26,9072,130183,5721,68954,3351,61229,0,0,7565,92780,1505,18695,7571,111475,California
Riverside,2021-01-27,10498,140681,6182,75136,4316,65545,0,0,8998,100283,1497,20192,9000,120475,California
Riverside,2021-01-28,11384,152065,6709,81845,4675,70220,0,0,10233,109375,1143,21335,10235,130710,California
Riverside,2021-01-29,11835,163900,7225,89070,4610,74830,0,0,10470,118512,1338,22673,10475,141185,California
Riverside,2021-01-30,9031,172931,4600,93670,4431,79261,0,0,8583,126651,446,23119,8585,149770,California
Riverside,2021-01-31,5164,178095,4262,97932,902,80163,0,0,5036,131565,125,23244,5039,154809,California
Riverside,2021-02-01,10816,188911,6686,104618,4130,84293,0,0,9047,138852,1764,25008,9051,163860,California
Riverside,2021-02-02,9395,198306,4774,109392,4621,88914,0,0,7921,145309,1467,26475,7924,171784,California
Riverside,2021-02-03,12020,210326,4987,114379,7033,95947,0,0,9795,152890,2214,28689,9795,181579,California
Riverside,2021-02-04,13543,223869,6067,120446,7476,103423,0,0,11458,162279,2078,30767,11467,193046,California
Riverside,2021-02-05,14313,238182,5400,125846,8913,112336,0,0,11288,170556,3018,33785,11295,204341,California
Riverside,2021-02-06,7254,245436,4280,130126,2974,115310,0,0,5627,174565,1621,35406,5630,209971,California
Riverside,2021-02-07,2204,247640,812,130938,1392,116702,0,0,1893,176148,311,35717,1894,211865,California
Riverside,2021-02-08,12464,260104,5535,136473,6929,123631,0,0,10190,184086,2256,37973,10194,222059,California
Riverside,2021-02-09,9653,269757,4518,140991,5135,128766,0,0,7746,189939,1899,39872,7752,229811,California
Riverside,2021-02-10,12027,281784,6996,147987,5031,133797,0,0,8929,195787,3089,42961,8937,238748,California
Riverside,2021-02-11,16492,298276,9026,157013,7466,141263,0,0,12148,203624,4325,47286,12162,250910,California
Riverside,2021-02-12,17640,315916,10819,167832,6821,148084,0,0,12808,211651,4793,52079,12820,263730,California
Riverside,2021-02-13,6311,322227,2116,169948,4195,152279,0,0,3076,211531,3219,55298,3099,266829,California
Riverside,2021-02-14,4947,327174,1146,171094,3801,156080,0,0,2194,210977,2749,58047,2195,269024,California
Riverside,2021-02-15,9794,336968,4985,176079,4809,160889,0,0,5400,211996,4388,62435,5407,274431,California
Riverside,2021-02-16,16146,353114,10160,186239,5986,166875,0,0,9305,214485,6833,69268,9322,283753,California
Riverside,2021-02-17,14966,368080,8179,194418,6787,173662,0,0,7548,214633,7407,76675,7555,291308,California
Riverside,2021-02-18,15400,383480,8879,203297,6521,180183,0,0,7998,215257,7385,84060,8009,299317,California
Riverside,2021-02-19,15199,398679,8175,211472,7024,187207,0,0,7183,214456,7998,92058,7197,306514,California
Riverside,2021-02-20,7916,406595,4127,215599,3789,190996,0,0,2054,210665,5848,97906,2057,308571,California
Riverside,2021-02-21,3320,409915,2818,218417,502,191498,0,0,1029,209413,2281,100187,1029,309600,California
Riverside,2021-02-22,12200,422115,7618,226035,4582,196080,0,0,5045,207318,7145,107332,5050,314650,California
Riverside,2021-02-23,11048,433163,7539,233574,3509,199589,0,0,5423,207146,5602,112934,5430,320080,California
Riverside,2021-02-24,14686,447849,8027,241601,6659,206248,0,0,6388,205311,8257,121191,6422,326502,California
Riverside,2021-02-25,17057,464906,7262,248863,9795,216043,0,0,7930,204170,9107,130298,7966,334468,California
Riverside,2021-02-26,18171,483077,6679,255542,11492,227535,0,0,9067,204222,9051,139349,9103,343571,California
Riverside,2021-02-27,11268,494345,4895,260437,6373,233908,0,0,5647,204313,5589,144938,5680,349251,California
Riverside,2021-02-28,4629,498974,3005,263442,1624,235532,0,0,2417,204537,2202,147140,2426,351677,California
Riverside,2021-03-01,14099,513073,6020,269462,8078,243610,1,1,8320,207170,5751,152891,8384,360061,California
Riverside,2021-03-02,14694,527767,7216,276678,7477,251087,1,2,8708,209960,5957,158848,8747,368808,California
Riverside,2021-03-03,16122,543889,7894,284572,8228,259315,0,2,6778,207573,9299,168147,6912,375720,California
Riverside,2021-03-04,15192,559081,5598,290170,9590,268905,4,6,7367,207303,7783,175930,7513,383233,California
Riverside,2021-03-05,14980,574061,6210,296380,8736,277641,34,40,7678,208033,7260,183190,7990,391223,California
Riverside,2021-03-06,8105,582166,4195,300575,3477,281118,433,473,4160,208724,3932,187122,4623,395846,California
Riverside,2021-03-07,3922,586088,2634,303209,916,282034,372,845,1859,208911,2055,189177,2242,398088,California
Riverside,2021-03-08,9327,595415,3975,307184,4987,287021,365,1210,3974,207949,5341,194518,4379,402467,California
Riverside,2021-03-09,12401,607816,5800,312984,6153,293174,448,1658,5001,206127,7386,201904,5564,408031,California
Riverside,2021-03-10,12630,620446,6382,319366,5458,298632,790,2448,5004,204459,7594,209498,5926,413957,California
Riverside,2021-03-11,16105,636551,7925,327291,6718,305350,1462,3910,6273,202567,9802,219300,7910,421867,California
Riverside,2021-03-12,17454,654005,6632,333923,6820,312170,4002,7912,5707,200813,11723,231023,9969,431836,California
Riverside,2021-03-13,6743,660748,1932,335855,3737,315907,1074,8986,3577,202399,3152,234175,4738,436574,California
Riverside,2021-03-14,3649,664397,1244,337099,1161,317068,1244,10230,1612,203226,2030,236205,2857,439431,California
Riverside,2021-03-15,17905,682302,7596,344695,8697,325765,1612,11842,8597,204253,9275,245480,10302,449733,California
Riverside,2021-03-16,20242,702544,9701,354396,9704,335469,837,12679,10812,206599,9377,254857,11723,461456,California
Riverside,2021-03-17,20017,722561,10374,364770,8625,344094,1018,13697,11720,211132,8268,263125,12801,474257,California
Riverside,2021-03-18,18428,740989,9651,374421,7283,351377,1494,15191,9926,214102,8463,271588,11433,485690,California
Riverside,2021-03-19,20021,761010,10878,385299,8244,359621,899,16090,11623,218422,8359,279947,12679,498369,California
Riverside,2021-03-20,7906,768916,4853,390152,2081,361702,972,17062,4981,221473,2905,282852,5956,504325,California
Riverside,2021-03-21,3494,772410,2727,392879,533,362235,234,17296,2375,222978,1109,283961,2614,506939,California
Riverside,2021-03-22,16052,788462,9578,402457,5938,368173,536,17832,10155,227815,5860,289821,10697,517636,California
Riverside,2021-03-23,17944,806406,10100,412557,7438,375611,406,18238,11513,233392,6376,296197,11953,529589,California
Riverside,2021-03-24,17968,824374,9959,422516,7879,383490,130,18368,12399,240414,5531,301728,12553,542142,California
Riverside,2021-03-25,20167,844541,11032,433548,8955,392445,180,18548,13594,247800,6518,308246,13904,556046,California
Riverside,2021-03-26,22959,867500,11161,444709,11657,404102,141,18689,14275,253753,8602,316848,14555,570601,California
Riverside,2021-03-27,8616,876116,4321,449030,3271,407373,1024,19713,4277,254783,4322,321170,5352,575953,California
Riverside,2021-03-28,4462,880578,2865,451895,1510,408883,87,19800,2665,255777,1790,322960,2784,578737,California
Riverside,2021-03-29,14722,895300,7329,459224,7276,416159,117,19917,9423,260145,5270,328230,9638,588375,California
Riverside,2021-03-30,15792,911092,7662,466886,7935,424094,195,20112,10226,265085,5533,333763,10473,598848,California
Riverside,2021-03-31,15635,926727,7087,473973,8287,432381,261,20373,10042,269949,5550,339313,10414,609262,California
Riverside,2021-04-01,15191,941918,6962,480935,7974,440355,255,20628,10398,276062,4761,344074,10874,620136,California
Sacramento,2020-12-15,314,314,314,314,0,0,0,0,314,314,0,0,314,314,California
Sacramento,2020-12-16,645,959,645,959,0,0,0,0,645,959,0,0,645,959,California
Sacramento,2020-12-17,648,1607,648,1607,0,0,0,0,648,1607,0,0,648,1607,California
Sacramento,2020-12-18,971,2578,968,2575,3,3,0,0,971,2578,0,0,971,2578,California
Sacramento,2020-12-19,615,3193,615,3190,0,3,0,0,615,3193,0,0,615,3193,California
Sacramento,2020-12-20,633,3826,633,3823,0,3,0,0,633,3826,0,0,633,3826,California
Sacramento,2020-12-21,1672,5498,1671,5494,1,4,0,0,1673,5499,0,0,1673,5499,California
Sacramento,2020-12-22,2095,7593,2064,7558,31,35,0,0,2095,7594,0,0,2095,7594,California
Sacramento,2020-12-23,2239,9832,2075,9633,164,199,0,0,2239,9833,0,0,2239,9833,California
Sacramento,2020-12-24,1044,10876,832,10465,212,411,0,0,1043,10875,1,1,1043,10876,California
Sacramento,2020-12-25,1,10877,0,10465,1,412,0,0,1,10876,0,1,1,10877,California
Sacramento,2020-12-26,508,11385,291,10756,217,629,0,0,508,11384,0,1,508,11385,California
Sacramento,2020-12-27,349,11734,247,11003,102,731,0,0,349,11733,0,1,349,11734,California
Sacramento,2020-12-28,1899,13633,1321,12324,578,1309,0,0,1898,13630,1,2,1898,13632,California
Sacramento,2020-12-29,1943,15576,1185,13509,758,2067,0,0,1943,15573,0,2,1943,15575,California
Sacramento,2020-12-30,2556,18132,1462,14971,1094,3161,0,0,2557,18130,0,2,2557,18132,California
Sacramento,2020-12-31,1216,19348,690,15661,526,3687,0,0,1216,19346,0,2,1216,19348,California
Sacramento,2021-01-01,69,19417,60,15721,9,3696,0,0,69,19415,0,2,69,19417,California
Sacramento,2021-01-02,566,19983,362,16083,204,3900,0,0,566,19981,0,2,566,19983,California
Sacramento,2021-01-03,409,20392,221,16304,188,4088,0,0,409,20390,0,2,409,20392,California
Sacramento,2021-01-04,1964,22356,848,17152,1116,5204,0,0,1960,22347,3,5,1960,22352,California
Sacramento,2021-01-05,2197,24553,988,18140,1209,6413,0,0,1850,23849,348,353,1850,24202,California
Sacramento,2021-01-06,2728,27281,1630,19770,1098,7511,0,0,1952,25028,773,1126,1952,26154,California
Sacramento,2021-01-07,2820,30101,1506,21276,1314,8825,0,0,1956,26123,862,1988,1957,28111,California
Sacramento,2021-01-08,3278,33379,2087,23363,1191,10016,0,0,2245,27339,1030,3018,2246,30357,California
Sacramento,2021-01-09,1287,34666,800,24163,487,10503,0,0,897,27848,388,3406,897,31254,California
Sacramento,2021-01-10,1242,35908,711,24874,531,11034,0,0,771,28150,470,3876,772,32026,California
Sacramento,2021-01-11,4326,40234,2939,27813,1387,12421,0,0,2407,28640,1918,5794,2408,34434,California
Sacramento,2021-01-12,4396,44630,3021,30834,1375,13796,0,0,2438,29121,1957,7751,2438,36872,California
Sacramento,2021-01-13,3764,48394,2160,32994,1604,15400,0,0,2352,30063,1411,9162,2353,39225,California
Sacramento,2021-01-14,4569,52963,2346,35340,2223,17623,0,0,3651,32800,914,10076,3651,42876,California
Sacramento,2021-01-15,4392,57355,2269,37609,2123,19746,0,0,3665,35743,725,10801,3668,46544,California
Sacramento,2021-01-16,2091,59446,1293,38902,798,20544,0,0,1874,37400,217,11018,1874,48418,California
Sacramento,2021-01-17,1633,61079,952,39854,681,21225,0,0,1456,38681,177,11195,1458,49876,California
Sacramento,2021-01-18,2847,63926,1763,41617,1084,22309,0,0,2324,40483,523,11718,2325,52201,California
Sacramento,2021-01-19,4597,68523,3050,44667,1547,23856,0,0,3336,42564,1261,12979,3342,55543,California
Sacramento,2021-01-20,4749,73272,2812,47479,1937,25793,0,0,3546,44908,1205,14184,3549,59092,California
Sacramento,2021-01-21,5168,78440,2982,50461,2186,27979,0,0,4205,48157,957,15141,4206,63298,California
Sacramento,2021-01-22,4958,83398,2637,53098,2321,30300,0,0,4653,52507,303,15444,4653,67951,California
Sacramento,2021-01-23,3721,87119,1556,54654,2165,32465,0,0,3267,55320,454,15898,3267,71218,California
Sacramento,2021-01-24,1551,88670,974,55628,577,33042,0,0,1314,56397,237,16135,1314,72532,California
Sacramento,2021-01-25,4336,93006,2111,57739,2225,35267,0,0,2919,57904,1417,17552,2924,75456,California
Sacramento,2021-01-26,4672,97678,2127,59866,2545,37812,0,0,3471,60180,1199,18751,3475,78931,California
Sacramento,2021-01-27,5782,103460,3043,62909,2739,40551,0,0,4181,62766,1597,20348,4183,83114,California
Sacramento,2021-01-28,5328,108788,2700,65609,2628,43179,0,0,4244,65928,1083,21431,4245,87359,California
Sacramento,2021-01-29,5355,114143,2928,68537,2427,45606,0,0,4339,69260,1010,22441,4342,91701,California
Sacramento,2021-01-30,4481,118624,2187,70724,2294,47900,0,0,4052,72883,429,22870,4052,95753,California
Sacramento,2021-01-31,2282,120906,1994,72718,288,48188,0,0,2001,74607,278,23148,2002,97755,California
Sacramento,2021-02-01,5881,126787,3001,75719,2880,51068,0,0,4231,77191,1648,24796,4232,101987,California
Sacramento,2021-02-02,6806,133593,3738,79457,3068,54136,0,0,4749,79891,2050,26846,4750,106737,California
Sacramento,2021-02-03,7037,140630,3539,82996,3498,57634,0,0,5188,83241,1840,28686,5190,111927,California
Sacramento,2021-02-04,7665,148295,3619,86615,4046,61680,0,0,5470,86526,2185,30871,5470,117397,California
Sacramento,2021-02-05,7695,155990,4355,90970,3340,65020,0,0,4797,88448,2877,33748,4799,122196,California
Sacramento,2021-02-06,8384,164374,3426,94396,4958,69978,0,0,7059,94185,1323,35071,7060,129256,California
Sacramento,2021-02-07,4003,168377,2125,96521,1878,71856,0,0,2785,95760,1211,36282,2786,132042,California
Sacramento,2021-02-08,6149,174526,3187,99708,2962,74818,0,0,3863,97342,2282,38564,3864,135906,California
Sacramento,2021-02-09,6706,181232,3511,103219,3195,78013,0,0,3921,98483,2780,41344,3921,139827,California
Sacramento,2021-02-10,7564,188796,4172,107391,3392,81405,0,0,4477,99888,3075,44419,4480,144307,California
Sacramento,2021-02-11,8598,197394,4950,112341,3648,85053,0,0,4676,100656,3909,48328,4677,148984,California
Sacramento,2021-02-12,10296,207690,4122,116463,6174,91227,0,0,6238,102872,4024,52352,6240,155224,California
Sacramento,2021-02-13,7517,215207,2972,119435,4545,95772,0,0,5945,107247,1570,53922,5945,161169,California
Sacramento,2021-02-14,3008,218215,1896,121331,1112,96884,0,0,1993,108233,1012,54934,1998,163167,California
Sacramento,2021-02-15,5663,223878,2019,123350,3644,100528,0,0,3903,110388,1753,56687,3908,167075,California
Sacramento,2021-02-16,8813,232691,4189,127539,4624,105152,0,0,5260,112107,3546,60233,5265,172340,California
Sacramento,2021-02-17,8639,241330,4967,132506,3672,108824,0,0,5032,113545,3597,63830,5035,177375,California
Sacramento,2021-02-18,8736,250066,5011,137517,3725,112549,0,0,5007,114833,3722,67552,5010,182385,California
Sacramento,2021-02-19,9966,260032,6118,143635,3848,116397,0,0,5887,116659,4065,71617,5891,188276,California
Sacramento,2021-02-20,7277,267309,5332,148967,1945,118342,0,0,4242,117874,3028,74645,4243,192519,California
Sacramento,2021-02-21,2752,270061,2189,151156,563,118905,0,0,933,116996,1813,76458,935,193454,California
Sacramento,2021-02-22,6106,276167,3705,154861,2401,121306,0,0,2635,116173,3464,79922,2641,196095,California
Sacramento,2021-02-23,6865,283032,4380,159241,2485,123791,0,0,3417,116157,3435,83357,3419,199514,California
Sacramento,2021-02-24,9242,292274,5231,164472,4011,127802,0,0,5047,117033,4176,87533,5052,204566,California
Sacramento,2021-02-25,9590,301864,5287,169759,4303,132105,0,0,5241,117937,4338,91871,5242,209808,California
Sacramento,2021-02-26,13349,315213,6384,176143,6965,139070,0,0,9192,123004,4128,95999,9195,219003,California
Sacramento,2021-02-27,10496,325709,6505,182648,3991,143061,0,0,7716,127958,2765,98764,7719,226722,California
Sacramento,2021-02-28,5416,331125,2118,184766,3298,146359,0,0,2490,127540,2913,101677,2495,229217,California
Sacramento,2021-03-01,7722,338847,3374,188140,4348,150707,0,0,4086,128013,3617,105294,4090,233307,California
Sacramento,2021-03-02,8601,347448,3928,192068,4672,155379,1,1,5343,130116,3246,108540,5349,238656,California
Sacramento,2021-03-03,9390,356838,4583,196651,4805,160184,2,3,5453,131649,3922,112462,5455,244111,California
Sacramento,2021-03-04,10093,366931,4383,201034,5707,165891,3,6,5517,132624,4551,117013,5526,249637,California
Sacramento,2021-03-05,8231,375162,3678,204712,4525,170416,28,34,5028,134499,3181,120194,5056,254693,California
Sacramento,2021-03-06,7086,382248,2784,207496,4182,174598,120,154,3584,134724,3483,123677,3708,258401,California
Sacramento,2021-03-07,7389,389637,2134,209630,5172,179770,83,237,3574,134569,3811,127488,3656,262057,California
Sacramento,2021-03-08,8388,398025,3934,213564,4250,184020,204,441,5366,137130,3012,130500,5573,267630,California
Sacramento,2021-03-09,9162,407187,4362,217926,4541,188561,259,700,5219,138678,3930,134430,5478,273108,California
Sacramento,2021-03-10,10722,417909,7251,225177,3185,191746,286,986,6060,140382,4644,139074,6348,279456,California
Sacramento,2021-03-11,12802,430711,8263,233440,3829,195575,710,1696,7462,143234,5319,144393,8171,287627,California
Sacramento,2021-03-12,15530,446241,7440,240880,7332,202907,758,2454,7047,142608,8453,152846,7827,295454,California
Sacramento,2021-03-13,12079,458320,3470,244350,8211,211118,398,2852,7650,146257,4418,157264,8067,303521,California
Sacramento,2021-03-14,7519,465839,3257,247607,3642,214760,620,3472,4093,147562,3407,160671,4712,308233,California
Sacramento,2021-03-15,11318,477157,4751,252358,5907,220667,660,4132,6513,149955,4787,165458,7180,315413,California
Sacramento,2021-03-16,13450,490607,6069,258427,6751,227418,630,4762,8206,153572,5220,170678,8837,324250,California
Sacramento,2021-03-17,12425,503032,6189,264616,5657,233075,579,5341,7911,157579,4487,175165,8494,332744,California
Sacramento,2021-03-18,10684,513716,5126,269742,5105,238180,453,5794,6888,161150,3770,178935,7341,340085,California
Sacramento,2021-03-19,11774,525490,6039,275781,4670,242850,1065,6859,5561,161589,6192,185127,6631,346716,California
Sacramento,2021-03-20,8501,533991,5242,281023,3062,245912,197,7056,5308,163920,3176,188303,5507,352223,California
Sacramento,2021-03-21,5468,539459,2690,283713,2738,248650,40,7096,4837,168181,624,188927,4885,357108,California
Sacramento,2021-03-22,8944,548403,4639,288352,3558,252208,747,7843,6024,172056,2904,191831,6779,363887,California
Sacramento,2021-03-23,10758,559161,6506,294858,3483,255691,769,8612,6880,175883,3840,195671,7667,371554,California
Sacramento,2021-03-24,11099,570260,7041,301899,3473,259164,585,9197,6397,178258,4673,200344,7048,378602,California
Sacramento,2021-03-25,11683,581943,6401,308300,4492,263656,790,9987,6716,181011,4940,205284,7693,386295,California
Sacramento,2021-03-26,16525,598468,7807,316107,8233,271889,485,10472,7945,181823,8536,213820,9348,395643,California
Sacramento,2021-03-27,8744,607212,2881,318988,5582,277471,281,10753,4460,182530,4258,218078,4965,400608,California
Sacramento,2021-03-28,6250,613462,3075,322063,2929,280400,246,10999,2945,182451,3301,221379,3222,403830,California
Sacramento,2021-03-29,10247,623709,5651,327714,4400,284800,196,11195,5042,182580,5183,226562,5312,409142,California
Sacramento,2021-03-30,11024,634733,5828,333542,4936,289736,260,11455,5772,183429,5237,231799,6086,415228,California
Sacramento,2021-03-31,12128,646861,7077,340619,4680,294416,371,11826,5192,182509,6912,238711,5992,421220,California
Sacramento,2021-04-01,9805,656666,5826,346445,3873,298289,106,11932,2957,179852,6835,245546,4178,425398,California
San Benito,2020-12-16,2,2,2,2,0,0,0,0,2,2,0,0,2,2,California
San Benito,2020-12-17,9,11,9,11,0,0,0,0,9,11,0,0,9,11,California
San Benito,2020-12-18,34,45,34,45,0,0,0,0,34,45,0,0,34,45,California
San Benito,2020-12-19,48,93,48,93,0,0,0,0,48,93,0,0,48,93,California
San Benito,2020-12-20,22,115,21,114,1,1,0,0,22,115,0,0,22,115,California
San Benito,2020-12-21,47,162,47,161,0,1,0,0,47,162,0,0,47,162,California
San Benito,2020-12-22,59,221,59,220,0,1,0,0,59,221,0,0,59,221,California
San Benito,2020-12-23,48,269,36,256,12,13,0,0,48,269,0,0,48,269,California
San Benito,2020-12-24,12,281,4,260,8,21,0,0,12,281,0,0,12,281,California
San Benito,2020-12-25,4,285,4,264,0,21,0,0,4,285,0,0,4,285,California
San Benito,2020-12-26,13,298,4,268,9,30,0,0,13,298,0,0,13,298,California
San Benito,2020-12-27,8,306,7,275,1,31,0,0,8,306,0,0,8,306,California
San Benito,2020-12-28,63,369,36,311,27,58,0,0,63,369,0,0,63,369,California
San Benito,2020-12-29,49,418,20,331,29,87,0,0,49,418,0,0,49,418,California
San Benito,2020-12-30,59,477,36,367,23,110,0,0,59,477,0,0,59,477,California
San Benito,2020-12-31,19,496,2,369,17,127,0,0,19,496,0,0,19,496,California
San Benito,2021-01-02,25,521,24,393,1,128,0,0,25,521,0,0,25,521,California
San Benito,2021-01-03,3,524,1,394,2,130,0,0,3,524,0,0,3,524,California
San Benito,2021-01-04,62,586,23,417,39,169,0,0,62,586,0,0,62,586,California
San Benito,2021-01-05,118,704,36,453,82,251,0,0,115,698,3,3,115,701,California
San Benito,2021-01-06,95,799,40,493,55,306,0,0,81,765,14,17,81,782,California
San Benito,2021-01-07,78,877,42,535,36,342,0,0,51,789,27,44,51,833,California
San Benito,2021-01-08,129,1006,66,601,63,405,0,0,87,834,42,86,87,920,California
San Benito,2021-01-09,44,1050,32,633,12,417,0,0,29,848,15,101,29,949,California
San Benito,2021-01-10,16,1066,14,647,2,419,0,0,5,842,11,112,5,954,California
San Benito,2021-01-11,97,1163,54,701,43,462,0,0,49,843,48,160,49,1003,California
San Benito,2021-01-12,154,1317,51,752,103,565,0,0,119,927,35,195,119,1122,California
San Benito,2021-01-13,187,1504,33,785,154,719,0,0,162,1064,25,220,162,1284,California
San Benito,2021-01-14,116,1620,27,812,89,808,0,0,97,1142,19,239,97,1381,California
San Benito,2021-01-15,213,1833,21,833,192,1000,0,0,199,1327,14,253,199,1580,California
San Benito,2021-01-16,29,1862,10,843,19,1019,0,0,23,1344,6,259,23,1603,California
San Benito,2021-01-17,10,1872,5,848,5,1024,0,0,7,1348,3,262,7,1610,California
San Benito,2021-01-18,38,1910,24,872,14,1038,0,0,22,1354,16,278,22,1632,California
San Benito,2021-01-19,150,2060,63,935,87,1125,0,0,124,1452,26,304,124,1756,California
San Benito,2021-01-20,260,2320,80,1015,180,1305,0,0,215,1623,44,348,215,1971,California
San Benito,2021-01-21,123,2443,30,1045,93,1398,0,0,99,1698,24,372,99,2070,California
San Benito,2021-01-22,232,2675,20,1065,212,1610,0,0,221,1908,11,383,221,2291,California
San Benito,2021-01-23,32,2707,18,1083,14,1624,0,0,14,1904,18,401,14,2305,California
San Benito,2021-01-24,11,2718,3,1086,8,1632,0,0,7,1907,4,405,7,2312,California
San Benito,2021-01-25,67,2785,25,1111,42,1674,0,0,22,1884,45,450,22,2334,California
San Benito,2021-01-26,135,2920,41,1152,94,1768,0,0,82,1913,53,503,82,2416,California
San Benito,2021-01-27,231,3151,69,1221,162,1930,0,0,190,2062,41,544,190,2606,California
San Benito,2021-01-28,153,3304,30,1251,123,2053,0,0,122,2154,30,574,122,2728,California
San Benito,2021-01-29,286,3590,32,1283,254,2307,0,0,262,2393,23,597,262,2990,California
San Benito,2021-01-30,45,3635,27,1310,18,2325,0,0,26,2400,19,616,26,3016,California
San Benito,2021-01-31,22,3657,10,1320,12,2337,0,0,12,2403,9,625,12,3028,California
San Benito,2021-02-01,134,3791,29,1349,105,2442,0,0,88,2445,46,671,88,3116,California
San Benito,2021-02-02,223,4014,48,1397,175,2617,0,0,133,2488,90,761,133,3249,California
San Benito,2021-02-03,333,4347,41,1438,292,2909,0,0,269,2693,64,825,269,3518,California
San Benito,2021-02-04,159,4506,24,1462,135,3044,0,0,116,2766,43,868,116,3634,California
San Benito,2021-02-05,291,4797,40,1502,251,3295,0,0,229,2933,62,930,229,3863,California
San Benito,2021-02-06,50,4847,10,1512,40,3335,0,0,34,2951,16,946,34,3897,California
San Benito,2021-02-07,14,4861,6,1518,8,3343,0,0,13,2963,1,947,13,3910,California
San Benito,2021-02-08,132,4993,15,1533,117,3460,0,0,87,3005,45,992,87,3997,California
San Benito,2021-02-09,324,5317,63,1596,261,3721,0,0,193,3067,131,1123,193,4190,California
San Benito,2021-02-10,321,5638,89,1685,232,3953,0,0,125,2997,195,1318,125,4315,California
San Benito,2021-02-11,286,5924,29,1714,257,4210,0,0,191,3093,95,1413,191,4506,California
San Benito,2021-02-12,412,6336,30,1744,382,4592,0,0,208,3098,203,1616,208,4714,California
San Benito,2021-02-13,60,6396,9,1753,51,4643,0,0,45,3128,15,1631,45,4759,California
San Benito,2021-02-14,40,6436,5,1758,35,4678,0,0,30,3148,10,1641,30,4789,California
San Benito,2021-02-15,106,6542,9,1767,97,4775,0,0,95,3232,11,1652,95,4884,California
San Benito,2021-02-16,206,6748,12,1779,194,4969,0,0,107,3239,100,1752,107,4991,California
San Benito,2021-02-17,319,7067,30,1809,289,5258,0,0,271,3462,48,1800,271,5262,California
San Benito,2021-02-18,293,7360,38,1847,255,5513,0,0,71,3311,222,2022,71,5333,California
San Benito,2021-02-19,317,7677,40,1887,277,5790,0,0,151,3296,166,2188,151,5484,California
San Benito,2021-02-20,44,7721,26,1913,18,5808,0,0,35,3322,9,2197,35,5519,California
San Benito,2021-02-21,26,7747,11,1924,15,5823,0,0,16,3329,9,2206,16,5535,California
San Benito,2021-02-22,126,7873,33,1957,93,5916,0,0,94,3391,32,2238,94,5629,California
San Benito,2021-02-23,368,8241,90,2047,278,6194,0,0,236,3516,132,2370,257,5886,California
San Benito,2021-02-24,368,8609,61,2108,307,6501,0,0,231,3610,137,2507,231,6117,California
San Benito,2021-02-25,390,8999,63,2171,327,6828,0,0,268,3755,123,2630,268,6385,California
San Benito,2021-02-26,631,9630,70,2241,561,7389,0,0,390,3904,241,2871,390,6775,California
San Benito,2021-02-27,96,9726,34,2275,62,7451,0,0,81,3970,15,2886,81,6856,California
San Benito,2021-02-28,229,9955,19,2294,210,7661,0,0,221,4183,8,2894,221,7077,California
San Benito,2021-03-01,222,10177,58,2352,164,7825,0,0,153,4266,70,2964,153,7230,California
San Benito,2021-03-02,251,10428,73,2425,178,8003,0,0,185,4385,66,3030,185,7415,California
San Benito,2021-03-03,370,10798,48,2473,322,8325,0,0,197,4411,171,3201,197,7612,California
San Benito,2021-03-04,539,11337,113,2586,411,8736,15,15,361,4603,178,3379,370,7982,California
San Benito,2021-03-05,546,11883,288,2874,243,8979,15,30,341,4755,204,3583,356,8338,California
San Benito,2021-03-06,172,12055,63,2937,96,9075,13,43,126,4848,46,3629,139,8477,California
San Benito,2021-03-07,613,12668,572,3509,18,9093,23,66,579,5416,34,3663,602,9079,California
San Benito,2021-03-08,260,12928,63,3572,171,9264,26,92,158,5499,102,3765,185,9264,California
San Benito,2021-03-09,255,13183,77,3649,113,9377,65,157,123,5557,131,3896,189,9453,California
San Benito,2021-03-10,371,13554,103,3752,178,9555,90,247,208,5691,163,4059,297,9750,California
San Benito,2021-03-11,405,13959,100,3852,195,9750,110,357,187,5770,218,4277,297,10047,California
San Benito,2021-03-12,461,14420,118,3970,276,10026,67,424,219,5817,240,4517,287,10334,California
San Benito,2021-03-13,174,14594,96,4066,63,10089,15,439,109,5879,62,4579,124,10458,California
San Benito,2021-03-14,205,14799,40,4106,145,10234,20,459,166,6027,38,4617,186,10644,California
San Benito,2021-03-15,310,15109,95,4201,196,10430,19,478,182,6100,128,4745,201,10845,California
San Benito,2021-03-16,457,15566,203,4404,223,10653,31,509,313,6301,144,4889,345,11190,California
San Benito,2021-03-17,649,16215,455,4859,181,10834,13,522,523,6714,123,5012,536,11726,California
San Benito,2021-03-18,584,16799,446,5305,100,10934,38,560,473,7115,110,5122,511,12237,California
San Benito,2021-03-19,653,17452,353,5658,279,11213,21,581,497,7477,156,5278,518,12755,California
San Benito,2021-03-20,193,17645,130,5788,53,11266,10,591,150,7594,43,5321,160,12915,California
San Benito,2021-03-21,105,17750,53,5841,47,11313,5,596,78,7650,27,5348,83,12998,California
San Benito,2021-03-22,321,18071,166,6007,130,11443,25,621,223,7800,98,5446,248,13246,California
San Benito,2021-03-23,456,18527,196,6203,257,11700,3,624,219,7787,237,5683,224,13470,California
San Benito,2021-03-24,530,19057,289,6492,234,11934,7,631,345,7955,185,5868,353,13823,California
San Benito,2021-03-25,689,19746,403,6895,282,12216,4,635,402,8080,285,6153,410,14233,California
San Benito,2021-03-26,795,20541,327,7222,466,12682,2,637,300,7894,494,6647,308,14541,California
San Benito,2021-03-27,264,20805,176,7398,86,12768,2,639,178,7990,85,6732,181,14722,California
San Benito,2021-03-28,635,21440,564,7962,68,12836,3,642,118,7617,517,7249,144,14866,California
San Benito,2021-03-29,322,21762,101,8063,202,13038,19,661,131,7580,191,7440,154,15020,California
San Benito,2021-03-30,474,22236,256,8319,196,13234,22,683,267,7672,207,7647,299,15319,California
San Benito,2021-03-31,450,22686,316,8635,114,13348,20,703,302,7854,146,7793,328,15647,California
San Benito,2021-04-01,547,23233,205,8840,327,13675,15,718,361,8059,185,7978,390,16037,California
San Bernardino,2020-12-15,12,12,12,12,0,0,0,0,12,12,0,0,12,12,California
San Bernardino,2020-12-16,109,121,109,121,0,0,0,0,109,121,0,0,109,121,California
San Bernardino,2020-12-17,2343,2464,2343,2464,0,0,0,0,2343,2464,0,0,2343,2464,California
San Bernardino,2020-12-18,3140,5604,3137,5601,3,3,0,0,3141,5605,0,0,3141,5605,California
San Bernardino,2020-12-19,1068,6672,1067,6668,1,4,0,0,1069,6674,0,0,1069,6674,California
San Bernardino,2020-12-20,1171,7843,1170,7838,1,5,0,0,1172,7846,0,0,1172,7846,California
San Bernardino,2020-12-21,2456,10299,2451,10289,5,10,0,0,2456,10302,0,0,2456,10302,California
San Bernardino,2020-12-22,2271,12570,2148,12437,123,133,0,0,2272,12574,0,0,2272,12574,California
San Bernardino,2020-12-23,2646,15216,1452,13889,1194,1327,0,0,2645,15219,0,0,2645,15219,California
San Bernardino,2020-12-24,1160,16376,587,14476,573,1900,0,0,1162,16381,0,0,1162,16381,California
San Bernardino,2020-12-25,75,16451,14,14490,61,1961,0,0,75,16456,0,0,75,16456,California
San Bernardino,2020-12-26,461,16912,253,14743,208,2169,0,0,461,16917,0,0,461,16917,California
San Bernardino,2020-12-27,344,17256,161,14904,183,2352,0,0,344,17261,0,0,344,17261,California
San Bernardino,2020-12-28,1559,18815,709,15613,850,3202,0,0,1560,18821,0,0,1560,18821,California
San Bernardino,2020-12-29,2209,21024,1042,16655,1167,4369,0,0,2207,21026,2,2,2207,21028,California
San Bernardino,2020-12-30,2889,23913,1459,18114,1430,5799,0,0,2890,23916,0,2,2890,23918,California
San Bernardino,2020-12-31,1352,25265,440,18554,912,6711,0,0,1350,25266,0,2,1350,25268,California
San Bernardino,2021-01-01,273,25538,149,18703,124,6835,0,0,272,25538,0,2,272,25540,California
San Bernardino,2021-01-02,475,26013,339,19042,136,6971,0,0,475,26013,0,2,475,26015,California
San Bernardino,2021-01-03,135,26148,86,19128,49,7020,0,0,135,26148,0,2,135,26150,California
San Bernardino,2021-01-04,2115,28263,1288,20416,827,7847,0,0,2114,28262,0,2,2114,28264,California
San Bernardino,2021-01-05,2330,30593,1459,21875,871,8718,0,0,2216,30369,109,111,2216,30480,California
San Bernardino,2021-01-06,3418,34011,2349,24224,1069,9787,0,0,2930,32820,482,593,2933,33413,California
San Bernardino,2021-01-07,5376,39387,4484,28708,892,10679,0,0,2456,32377,2901,3494,2458,35871,California
San Bernardino,2021-01-08,5349,44736,4437,33145,912,11591,0,0,2273,31582,3070,6564,2275,38146,California
San Bernardino,2021-01-09,1395,46131,1098,34243,297,11888,0,0,900,31987,495,7059,900,39046,California
San Bernardino,2021-01-10,1022,47153,600,34843,422,12310,0,0,574,32113,448,7507,574,39620,California
San Bernardino,2021-01-11,4982,52135,4085,38928,897,13207,0,0,2763,32660,2216,9723,2763,42383,California
San Bernardino,2021-01-12,4225,56360,3224,42152,1001,14208,0,0,2510,33456,1714,11437,2510,44893,California
San Bernardino,2021-01-13,4540,60900,2844,44996,1696,15904,0,0,3314,35559,1213,12650,3316,48209,California
San Bernardino,2021-01-14,4738,65638,2777,47773,1961,17865,0,0,4158,39141,576,13226,4158,52367,California
San Bernardino,2021-01-15,5947,71585,2962,50735,2985,20850,0,0,5552,44310,385,13611,5554,57921,California
San Bernardino,2021-01-16,2254,73839,1292,52027,962,21812,0,0,2113,46282,141,13752,2113,60034,California
San Bernardino,2021-01-17,1187,75026,514,52541,673,22485,0,0,1099,47295,87,13839,1100,61134,California
San Bernardino,2021-01-18,4268,79294,2638,55179,1630,24115,0,0,3649,50327,618,14457,3650,64784,California
San Bernardino,2021-01-19,6290,85584,3703,58882,2587,26702,0,0,5200,54442,1088,15545,5203,69987,California
San Bernardino,2021-01-20,6799,92383,3729,62611,3070,29772,0,0,4871,57394,1921,17466,4873,74860,California
San Bernardino,2021-01-21,5991,98374,3087,65698,2904,32676,0,0,4868,61150,1113,18579,4869,79729,California
San Bernardino,2021-01-22,6504,104878,3038,68736,3466,36142,0,0,5777,66204,726,19305,5780,85509,California
San Bernardino,2021-01-23,3100,107978,1887,70623,1213,37355,0,0,2711,68527,388,19693,2711,88220,California
San Bernardino,2021-01-24,1187,109165,460,71083,727,38082,0,0,1088,69516,99,19792,1088,89308,California
San Bernardino,2021-01-25,6862,116027,3394,74477,3468,41550,0,0,5020,72704,1840,21632,5028,94336,California
San Bernardino,2021-01-26,7076,123103,3554,78031,3522,45072,0,0,5000,75629,2076,23708,5001,99337,California
San Bernardino,2021-01-27,8234,131337,4104,82135,4130,49202,0,0,5544,78493,2680,26388,5544,104881,California
San Bernardino,2021-01-28,8533,139870,4051,86186,4482,53684,0,0,6230,82424,2299,28687,6230,111111,California
San Bernardino,2021-01-29,8119,147989,3733,89919,4386,58070,0,0,6179,86677,1927,30614,6180,117291,California
San Bernardino,2021-01-30,3067,151056,1894,91813,1173,59243,0,0,2788,89187,278,30892,2788,120079,California
San Bernardino,2021-01-31,918,151974,488,92301,430,59673,0,0,864,89998,53,30945,864,120943,California
San Bernardino,2021-02-01,7508,159482,4215,96516,3293,62966,0,0,4894,92285,2611,33556,4898,125841,California
San Bernardino,2021-02-02,10353,169835,3646,100162,6707,69673,0,0,8307,98551,2042,35598,8308,134149,California
San Bernardino,2021-02-03,8953,178788,4145,104307,4808,74481,0,0,6485,102576,2461,38059,6486,140635,California
San Bernardino,2021-02-04,10567,189355,5290,109597,5277,79758,0,0,7506,107032,3051,41110,7507,148142,California
San Bernardino,2021-02-05,10932,200287,5910,115507,5022,84780,0,0,7420,110951,3502,44612,7421,155563,California
San Bernardino,2021-02-06,5249,205536,2213,117720,3036,87816,0,0,3613,112957,1611,46223,3617,159180,California
San Bernardino,2021-02-07,846,206382,496,118216,350,88166,0,0,475,113065,368,46591,476,159656,California
San Bernardino,2021-02-08,7257,213639,3867,122083,3390,91556,0,0,5607,117023,1649,48240,5607,165263,California
San Bernardino,2021-02-09,9872,223511,5814,127897,4058,95614,0,0,6663,120482,3206,51446,6665,171928,California
San Bernardino,2021-02-10,11989,235500,6534,134431,5455,101069,0,0,7828,124161,4150,55596,7829,179757,California
San Bernardino,2021-02-11,12195,247695,7043,141474,5152,106221,0,0,7795,127583,4377,59973,7799,187556,California
San Bernardino,2021-02-12,10321,258016,5924,147398,4397,110618,0,0,5671,128616,4638,64611,5671,193227,California
San Bernardino,2021-02-13,5994,264010,3979,151377,2015,112633,0,0,3767,130176,2212,66823,3772,196999,California
San Bernardino,2021-02-14,1539,265549,642,152019,897,113530,0,0,867,130380,664,67487,868,197867,California
San Bernardino,2021-02-15,5468,271017,3011,155030,2457,115987,0,0,3070,131067,2383,69870,3070,200937,California
San Bernardino,2021-02-16,12564,283581,7390,162420,5174,121161,0,0,7962,134438,4591,74461,7962,208899,California
San Bernardino,2021-02-17,11746,295327,6463,168883,5283,126444,0,0,7134,136976,4598,79059,7136,216035,California
San Bernardino,2021-02-18,12373,307700,7566,176449,4807,131251,0,0,7649,139917,4709,83768,7650,223685,California
San Bernardino,2021-02-19,11445,319145,5911,182360,5534,136785,0,0,6761,142013,4666,88434,6762,230447,California
San Bernardino,2021-02-20,4495,323640,3446,185806,1049,137834,0,0,2053,141625,2441,90875,2053,232500,California
San Bernardino,2021-02-21,905,324545,445,186251,460,138294,0,0,273,141268,630,91505,273,232773,California
San Bernardino,2021-02-22,8458,333003,5169,191420,3289,141583,0,0,4031,140882,4419,95924,4033,236806,California
San Bernardino,2021-02-23,8777,341780,5191,196611,3586,145169,0,0,4532,141197,4217,100141,4532,241338,California
San Bernardino,2021-02-24,11972,353752,6853,203464,5119,150288,0,0,6078,141410,5870,106011,6083,247421,California
San Bernardino,2021-02-25,12803,366555,6240,209704,6563,156851,0,0,7393,143416,5392,111403,7398,254819,California
San Bernardino,2021-02-26,13156,379711,6304,216008,6852,163703,0,0,7437,145187,5667,117070,7438,262257,California
San Bernardino,2021-02-27,6552,386263,3653,219661,2899,166602,0,0,4757,148158,1786,118856,4757,267014,California
San Bernardino,2021-02-28,1737,388000,725,220386,1012,167614,0,0,1142,148711,590,119446,1143,268157,California
San Bernardino,2021-03-01,8185,396185,4153,224539,4031,171645,1,1,3820,148197,4345,123791,3831,271988,California
San Bernardino,2021-03-02,13409,409594,5310,229849,8099,179744,0,1,6385,147586,6998,130789,6387,278375,California
San Bernardino,2021-03-03,12136,421730,6137,235986,5997,185741,2,3,5564,146600,6555,137344,5569,283944,California
San Bernardino,2021-03-04,11787,433517,6140,242126,5646,191387,1,4,5408,145651,6361,143705,5412,289356,California
San Bernardino,2021-03-05,11816,445333,5981,248107,5834,197221,1,5,6116,146124,5673,149378,6146,295502,California
San Bernardino,2021-03-06,7649,452982,4168,252275,3276,200497,205,210,3645,145987,3989,153367,3852,299354,California
San Bernardino,2021-03-07,1477,454459,910,253185,510,201007,57,267,946,146461,529,153896,1003,300357,California
San Bernardino,2021-03-08,6923,461382,2978,256163,3810,204817,135,402,3339,146356,3580,157476,3475,303832,California
San Bernardino,2021-03-09,11738,473120,6429,262592,5084,209901,225,627,4639,144136,7092,164568,4872,308704,California
San Bernardino,2021-03-10,12421,485541,7069,269661,4983,214884,369,996,5696,143512,6698,171266,6074,314778,California
San Bernardino,2021-03-11,12896,498437,6029,275690,6120,221004,747,1743,6548,144483,6329,177595,7300,322078,California
San Bernardino,2021-03-12,13193,511630,6026,281716,5370,226374,1797,3540,6278,145706,6893,184488,8116,330194,California
San Bernardino,2021-03-13,7327,518957,4090,285806,2777,229151,460,4000,4345,147534,2977,187465,4805,334999,California
San Bernardino,2021-03-14,2644,521601,1371,287177,732,229883,541,4541,1566,148567,1072,188537,2105,337104,California
San Bernardino,2021-03-15,11063,532664,5237,292414,3912,233795,1914,6455,5422,150271,5634,194171,7338,344442,California
San Bernardino,2021-03-16,15689,548353,7743,300157,7051,240846,895,7350,9526,154559,6138,200309,10426,354868,California
San Bernardino,2021-03-17,15992,564345,8211,308368,7083,247929,698,8048,9563,158418,6417,206726,10276,365144,California
San Bernardino,2021-03-18,12849,577194,6045,314413,6480,254409,324,8372,7392,160701,5435,212161,7718,372862,California
San Bernardino,2021-03-19,14256,591450,7331,321744,6414,260823,511,8883,7964,162948,6273,218434,8520,381382,California
San Bernardino,2021-03-20,7155,598605,4490,326234,2158,262981,507,9390,4119,164563,3011,221445,4626,386008,California
San Bernardino,2021-03-21,2676,601281,2179,328413,452,263433,45,9435,2157,166259,507,221952,2203,388211,California
San Bernardino,2021-03-22,9412,610693,4447,332860,4564,267997,401,9836,6841,170952,2555,224507,7248,395459,California
San Bernardino,2021-03-23,14940,625633,8475,341335,5893,273890,572,10408,9317,175245,5607,230114,9900,405359,California
San Bernardino,2021-03-24,14452,640085,7482,348817,6717,280607,253,10661,9690,180484,4731,234845,9970,415329,California
San Bernardino,2021-03-25,16241,656326,7976,356793,8001,288608,264,10925,10296,185243,5899,240744,10658,425987,California
San Bernardino,2021-03-26,17408,673734,8263,365056,8404,297012,741,11666,10611,189995,6774,247518,11526,437513,California
San Bernardino,2021-03-27,10379,684113,6578,371634,3051,300063,750,12416,5964,192625,4403,251921,7033,444546,California
San Bernardino,2021-03-28,3409,687522,2393,374027,907,300970,109,12525,2394,194126,1009,252930,2510,447056,California
San Bernardino,2021-03-29,10788,698310,5604,379631,4797,305767,387,12912,7224,198230,3553,256483,7657,454713,California
San Bernardino,2021-03-30,15982,714292,8916,388547,6373,312140,693,13605,10384,203808,5571,262054,11149,465862,California
San Bernardino,2021-03-31,13820,728112,7255,395802,6048,318188,517,14122,9449,209461,4353,266407,10006,475868,California
San Bernardino,2021-04-01,11070,739182,5927,401729,4051,322239,1092,15214,7113,213915,3941,270348,8395,484263,California
San Diego,2020-12-15,119,119,119,119,0,0,0,0,119,119,0,0,119,119,California
San Diego,2020-12-16,1101,1220,1101,1220,0,0,0,0,1101,1220,0,0,1101,1220,California
San Diego,2020-12-17,2346,3566,2346,3566,0,0,0,0,2346,3566,0,0,2346,3566,California
San Diego,2020-12-18,3673,7239,3672,7238,1,1,0,0,3673,7239,0,0,3673,7239,California
San Diego,2020-12-19,2311,9550,2311,9549,0,1,0,0,2311,9550,0,0,2311,9550,California
San Diego,2020-12-20,1187,10737,1185,10734,2,3,0,0,1187,10737,0,0,1187,10737,California
San Diego,2020-12-21,3519,14256,3518,14252,1,4,0,0,3519,14256,0,0,3519,14256,California
San Diego,2020-12-22,4051,18307,3408,17660,643,647,0,0,4051,18307,0,0,4051,18307,California
San Diego,2020-12-23,3176,21483,1976,19636,1200,1847,0,0,3176,21483,0,0,3176,21483,California
San Diego,2020-12-24,2723,24206,2208,21844,515,2362,0,0,2723,24206,0,0,2723,24206,California
San Diego,2020-12-25,868,25074,867,22711,1,2363,0,0,867,25072,1,1,867,25073,California
San Diego,2020-12-26,3256,28330,2139,24850,1117,3480,0,0,3255,28327,0,1,3255,28328,California
San Diego,2020-12-27,2476,30806,1612,26462,864,4344,0,0,2475,30801,1,2,2475,30803,California
San Diego,2020-12-28,5856,36662,4184,30646,1672,6016,0,0,5856,36657,0,2,5856,36659,California
San Diego,2020-12-29,5534,42196,2970,33616,2564,8580,0,0,5534,42191,0,2,5534,42193,California
San Diego,2020-12-30,5893,48089,3073,36689,2820,11400,0,0,5893,48084,0,2,5893,48086,California
San Diego,2020-12-31,2936,51025,995,37684,1941,13341,0,0,2935,51018,1,3,2935,51021,California
San Diego,2021-01-01,993,52018,439,38123,554,13895,0,0,992,52010,0,3,992,52013,California
San Diego,2021-01-02,3746,55764,1309,39432,2437,16332,0,0,3746,55756,0,3,3746,55759,California
San Diego,2021-01-03,855,56619,631,40063,224,16556,0,0,854,56610,0,3,854,56613,California
San Diego,2021-01-04,3684,60303,2035,42098,1649,18205,0,0,3677,60287,0,3,3677,60290,California
San Diego,2021-01-05,4280,64583,2094,44192,2186,20391,0,0,3662,63349,614,617,3676,63966,California
San Diego,2021-01-06,4909,69492,2285,46477,2624,23015,0,0,3676,65818,1211,1828,3680,67646,California
San Diego,2021-01-07,5548,75040,2975,49452,2573,25588,0,0,3395,67072,2146,3974,3400,71046,California
San Diego,2021-01-08,7686,82726,4958,54410,2728,28316,0,0,3895,67209,3774,7748,3911,74957,California
San Diego,2021-01-09,2919,85645,1549,55959,1370,29686,0,0,1751,67812,1157,8905,1760,76717,California
San Diego,2021-01-10,1854,87499,1295,57254,559,30245,0,0,750,67478,1092,9997,758,77475,California
San Diego,2021-01-11,10319,97818,5850,63104,4469,34714,0,0,6796,70771,3516,13513,6809,84284,California
San Diego,2021-01-12,11170,108988,5307,68411,5863,40577,0,0,7801,75325,3360,16873,7914,92198,California
San Diego,2021-01-13,11494,120482,5016,73427,6478,47055,0,0,8950,81763,2531,19404,8969,101167,California
San Diego,2021-01-14,12343,132825,4734,78161,7609,54664,0,0,10184,89821,2150,21554,10208,111375,California
San Diego,2021-01-15,15029,147854,5274,83435,9755,64419,0,0,12413,99665,2597,24151,12441,123816,California
San Diego,2021-01-16,10782,158636,3581,87016,7201,71620,0,0,9342,107595,1435,25586,9365,133181,California
San Diego,2021-01-17,8698,167334,2483,89499,6215,77835,0,0,7865,114640,833,26419,7878,141059,California
San Diego,2021-01-18,12471,179805,5903,95402,6568,84403,0,0,9667,121571,2765,29184,9696,150755,California
San Diego,2021-01-19,14738,194543,5777,101179,8961,93364,0,0,11630,130349,3094,32278,11872,162627,California
San Diego,2021-01-20,18342,212885,6368,107547,11974,105338,0,0,15062,142310,3261,35539,15222,177849,California
San Diego,2021-01-21,17426,230311,5882,113429,11544,116882,0,0,16046,157124,1369,36908,16183,194032,California
San Diego,2021-01-22,17630,247941,4727,118156,12903,129785,0,0,15604,170784,2012,38920,15672,209704,California
San Diego,2021-01-23,14461,262402,5256,123412,9205,138990,0,0,12128,180623,2320,41240,12159,221863,California
San Diego,2021-01-24,11840,274242,3253,126665,8587,147577,0,0,10898,190593,941,42181,10911,232774,California
San Diego,2021-01-25,12122,286364,5689,132354,6433,154010,0,0,9132,196871,2982,45163,9260,242034,California
San Diego,2021-01-26,14562,300926,7300,139654,7262,161272,0,0,11298,205081,3259,48422,11469,253503,California
San Diego,2021-01-27,20274,321200,7643,147297,12631,173903,0,0,17225,219371,3035,51457,17325,270828,California
San Diego,2021-01-28,20916,342116,7230,154527,13686,187589,0,0,18656,235853,2250,53707,18732,289560,California
San Diego,2021-01-29,19405,361521,6133,160660,13272,200861,0,0,16990,250476,2405,56112,17028,306588,California
San Diego,2021-01-30,15688,377209,3458,164118,12230,213091,0,0,13011,260917,2668,58780,13109,319697,California
San Diego,2021-01-31,14454,391663,5397,169515,9057,222148,0,0,14100,274691,351,59131,14125,333822,California
San Diego,2021-02-01,20059,411722,6729,176244,13330,235478,0,0,16877,288470,3169,62300,16948,350770,California
San Diego,2021-02-02,22502,434224,7981,184225,14521,249999,0,0,18965,304078,3527,65827,19135,369905,California
San Diego,2021-02-03,26457,460681,10685,194910,15772,265771,0,0,22292,322399,4147,69974,22468,392373,California
San Diego,2021-02-04,23494,484175,9249,204159,14245,280016,0,0,18817,336815,4659,74633,19075,411448,California
San Diego,2021-02-05,24720,508895,8849,213008,15871,295887,0,0,18174,348964,6521,81154,18670,430118,California
San Diego,2021-02-06,20510,529405,8359,221367,12151,308038,0,0,17328,363321,3174,84328,17531,447649,California
San Diego,2021-02-07,11259,540664,4675,226042,6584,314622,0,0,9370,371099,1870,86198,9648,457297,California
San Diego,2021-02-08,19389,560053,7975,234017,11414,326036,0,0,11976,376350,7396,93594,12647,469944,California
San Diego,2021-02-09,19720,579773,7766,241783,11954,337990,0,0,12515,382745,7185,100779,13580,483524,California
San Diego,2021-02-10,22244,602017,8907,250690,13337,351327,0,0,13128,388126,9088,109867,14469,497993,California
San Diego,2021-02-11,22991,625008,9822,260512,13169,364496,0,0,11934,390689,11031,120898,13594,511587,California
San Diego,2021-02-12,23289,648297,6942,267454,16347,380843,0,0,11388,392416,11882,132780,13609,525196,California
San Diego,2021-02-13,19448,667745,8410,275864,11038,391881,0,0,10272,394736,9166,141946,11486,536682,California
San Diego,2021-02-14,10489,678234,6728,282592,3761,395642,0,0,5789,397361,4698,146644,7323,544005,California
San Diego,2021-02-15,14842,693076,7338,289930,7504,403146,0,0,7603,400780,7221,153865,10640,554645,California
San Diego,2021-02-16,18488,711564,10598,300528,7890,411036,0,0,8812,402956,9662,163527,11838,566483,California
San Diego,2021-02-17,22451,734015,10003,310531,12448,423484,0,0,7648,398959,14793,178320,10796,577279,California
San Diego,2021-02-18,22949,756964,11611,322142,11338,434822,0,0,7493,395153,15448,193768,11642,588921,California
San Diego,2021-02-19,15839,772803,10857,332999,4982,439804,0,0,6669,394872,9151,202919,8870,597791,California
San Diego,2021-02-20,9918,782721,6271,339270,3647,443451,0,0,5682,398267,4234,207153,7629,605420,California
San Diego,2021-02-21,10229,792950,8986,348256,1243,444694,0,0,4933,399191,5272,212425,6196,611616,California
San Diego,2021-02-22,12171,805121,10327,358583,1844,446538,0,0,6342,401383,5824,218249,8016,619632,California
San Diego,2021-02-23,25060,830181,13841,372424,11219,457757,0,0,9880,401971,15174,233423,15762,635394,California
San Diego,2021-02-24,28617,858798,12412,384836,16205,473962,0,0,7703,396240,20896,254319,15165,650559,California
San Diego,2021-02-25,32674,891472,14302,399138,18372,492334,0,0,10581,393226,22073,276392,19059,669618,California
San Diego,2021-02-26,33206,924678,12090,411228,21116,513450,0,0,11999,391119,21179,297571,19072,688690,California
San Diego,2021-02-27,20830,945508,9262,420490,11568,525018,0,0,11212,397027,9616,307187,15524,704214,California
San Diego,2021-02-28,14484,959992,9192,429682,5292,530310,0,0,9715,404848,4769,311956,12590,716804,California
San Diego,2021-03-01,23566,983558,13664,443346,9901,540211,1,1,14964,415248,8526,320482,18926,735730,California
San Diego,2021-03-02,25107,1008665,13389,456735,11718,551929,0,1,12632,422350,12468,332950,19570,755300,California
San Diego,2021-03-03,33380,1042045,15391,472126,17986,569915,3,4,14453,424902,18916,351866,21468,776768,California
San Diego,2021-03-04,27694,1069739,13744,485870,13950,583865,0,4,12709,429406,14967,366833,19471,796239,California
San Diego,2021-03-05,28369,1098108,14415,500285,13872,597737,82,86,13822,435579,14535,381368,20708,816947,California
San Diego,2021-03-06,22916,1121024,9309,509594,12904,610641,703,789,10716,439592,12193,393561,16206,833153,California
San Diego,2021-03-07,17852,1138876,9006,518600,8279,618920,567,1356,8345,442791,9501,403062,12700,845853,California
San Diego,2021-03-08,22038,1160914,10310,528910,10882,629802,846,2202,10601,447685,11425,414487,16319,862172,California
San Diego,2021-03-09,25236,1186150,11565,540475,11940,641742,1731,3933,11703,451631,13520,428007,17466,879638,California
San Diego,2021-03-10,24658,1210808,10226,550701,12074,653816,2358,6291,11072,455682,13577,441584,17628,897266,California
San Diego,2021-03-11,28133,1238941,10719,561420,13921,667737,3493,9784,11280,457688,16839,458423,18845,916111,California
San Diego,2021-03-12,25614,1264555,8754,570174,13878,681615,2982,12766,9273,457105,16327,474750,15744,931855,California
San Diego,2021-03-13,24284,1288839,6634,576808,16109,697724,1541,14307,9153,456838,15122,489872,14855,946710,California
San Diego,2021-03-14,11976,1300815,4557,581365,6717,704441,702,15009,3891,455642,8077,497949,6881,953591,California
San Diego,2021-03-15,21844,1322659,10107,591472,10967,715408,770,15779,10850,459416,10981,508930,14755,968346,California
San Diego,2021-03-16,29758,1352417,15693,607165,13674,729082,391,16170,17962,469080,11778,520708,21442,989788,California
San Diego,2021-03-17,26048,1378465,12085,619250,13263,742345,700,16870,17244,480344,8793,529501,20057,1009845,California
San Diego,2021-03-18,30914,1409379,17491,636741,12541,754886,882,17752,20091,492195,10807,540308,22658,1032503,California
San Diego,2021-03-19,29766,1439145,14117,650858,14678,769564,971,18723,19638,503991,10112,550420,21908,1054411,California
San Diego,2021-03-20,27286,1466431,8097,658955,17400,786964,1789,20512,21714,523062,5563,555983,24634,1079045,California
San Diego,2021-03-21,16436,1482867,11972,670927,3750,790714,714,21226,10440,529632,5986,561969,12556,1091601,California
San Diego,2021-03-22,22377,1505244,13087,684014,9049,799763,241,21467,16140,542604,6227,568196,19199,1110800,California
San Diego,2021-03-23,25764,1531008,13577,697591,11928,811691,259,21726,19610,558406,6140,574336,21942,1132742,California
San Diego,2021-03-24,29355,1560363,19670,717261,9335,821026,350,22076,20076,571692,9267,583603,22553,1155295,California
San Diego,2021-03-25,29492,1589855,17679,734940,11177,832203,636,22712,19355,583693,10123,593726,22124,1177419,California
San Diego,2021-03-26,31128,1620983,17288,752228,13330,845533,510,23222,18705,593611,12396,606122,22314,1199733,California
San Diego,2021-03-27,24273,1645256,10755,762983,13124,858657,394,23616,14822,601648,9437,615559,17474,1217207,California
San Diego,2021-03-28,14724,1659980,9086,772069,5580,864237,58,23674,9053,606553,5663,621222,10568,1227775,California
San Diego,2021-03-29,26052,1686032,12372,784441,13081,877318,599,24273,18300,620259,7744,628966,21450,1249225,California
San Diego,2021-03-30,31637,1717669,17147,801588,13775,891093,715,24988,22290,635759,9334,638300,24834,1274059,California
San Diego,2021-03-31,27966,1745635,17633,819221,9810,900903,523,25511,18691,646767,9260,647560,20268,1294327,California
San Diego,2021-04-01,12990,1758625,8781,828002,3784,904687,425,25936,10916,656236,2065,649625,11534,1305861,California
San Francisco,2020-12-15,8,8,8,8,0,0,0,0,8,8,0,0,8,8,California
San Francisco,2020-12-16,230,238,230,238,0,0,0,0,230,238,0,0,230,238,California
San Francisco,2020-12-17,397,635,397,635,0,0,0,0,397,635,0,0,397,635,California
San Francisco,2020-12-18,884,1519,884,1519,0,0,0,0,884,1519,0,0,884,1519,California
San Francisco,2020-12-19,600,2119,600,2119,0,0,0,0,600,2119,0,0,600,2119,California
San Francisco,2020-12-20,484,2603,484,2603,0,0,0,0,484,2603,0,0,484,2603,California
San Francisco,2020-12-21,1161,3764,1161,3764,0,0,0,0,1161,3764,0,0,1161,3764,California
San Francisco,2020-12-22,1401,5165,1367,5131,34,34,0,0,1401,5165,0,0,1401,5165,California
San Francisco,2020-12-23,1318,6483,1030,6161,288,322,0,0,1318,6483,0,0,1318,6483,California
San Francisco,2020-12-24,837,7320,503,6664,334,656,0,0,837,7320,0,0,837,7320,California
San Francisco,2020-12-25,30,7350,25,6689,5,661,0,0,30,7350,0,0,30,7350,California
San Francisco,2020-12-26,242,7592,148,6837,94,755,0,0,242,7592,0,0,242,7592,California
San Francisco,2020-12-27,274,7866,61,6898,213,968,0,0,274,7866,0,0,274,7866,California
San Francisco,2020-12-28,1264,9130,680,7578,584,1552,0,0,1264,9130,0,0,1264,9130,California
San Francisco,2020-12-29,1247,10377,621,8199,626,2178,0,0,1247,10377,0,0,1247,10377,California
San Francisco,2020-12-30,1472,11849,770,8969,702,2880,0,0,1472,11849,0,0,1472,11849,California
San Francisco,2020-12-31,961,12810,409,9378,552,3432,0,0,961,12810,0,0,961,12810,California
San Francisco,2021-01-01,66,12876,58,9436,8,3440,0,0,66,12876,0,0,66,12876,California
San Francisco,2021-01-02,331,13207,299,9735,32,3472,0,0,331,13207,0,0,331,13207,California
San Francisco,2021-01-03,294,13501,100,9835,194,3666,0,0,293,13499,1,1,293,13500,California
San Francisco,2021-01-04,1835,15336,1356,11191,479,4145,0,0,1832,15328,3,4,1832,15332,California
San Francisco,2021-01-05,2232,17568,1414,12605,818,4963,0,0,2198,17493,34,38,2199,17531,California
San Francisco,2021-01-06,1870,19438,1164,13769,706,5669,0,0,1606,18838,262,300,1607,19138,California
San Francisco,2021-01-07,2049,21487,1188,14957,861,6530,0,0,1602,19996,444,744,1602,20740,California
San Francisco,2021-01-08,2320,23807,1627,16584,693,7223,0,0,1488,20657,827,1571,1488,22228,California
San Francisco,2021-01-09,1396,25203,900,17484,496,7719,0,0,886,21036,510,2081,889,23117,California
San Francisco,2021-01-10,919,26122,540,18024,379,8098,0,0,465,21048,453,2534,465,23582,California
San Francisco,2021-01-11,2466,28588,1833,19857,633,8731,0,0,1400,21381,1067,3601,1400,24982,California
San Francisco,2021-01-12,3089,31677,2059,21916,1030,9761,0,0,1894,22081,1195,4796,1895,26877,California
San Francisco,2021-01-13,2819,34496,1608,23524,1211,10972,0,0,1998,23258,821,5617,1998,28875,California
San Francisco,2021-01-14,2400,36896,1067,24591,1333,12305,0,0,1861,24581,539,6156,1862,30737,California
San Francisco,2021-01-15,2751,39647,1172,25763,1579,13884,0,0,2337,26509,412,6568,2340,33077,California
San Francisco,2021-01-16,2262,41909,982,26745,1280,15164,0,0,2082,28411,180,6748,2082,35159,California
San Francisco,2021-01-17,1918,43827,527,27272,1391,16555,0,0,1706,29905,212,6960,1706,36865,California
San Francisco,2021-01-18,1383,45210,600,27872,783,17338,0,0,1109,30745,273,7233,1113,37978,California
San Francisco,2021-01-19,2556,47766,1464,29336,1092,18430,0,0,1821,31834,735,7968,1824,39802,California
San Francisco,2021-01-20,2678,50444,1069,30405,1609,20039,0,0,1943,33045,732,8700,1943,41745,California
San Francisco,2021-01-21,3274,53718,924,31329,2350,22389,0,0,2452,34677,820,9520,2452,44197,California
San Francisco,2021-01-22,3167,56885,631,31960,2536,24925,0,0,2719,36950,446,9966,2719,46916,California
San Francisco,2021-01-23,3091,59976,606,32566,2485,27410,0,0,2726,39313,364,10330,2727,49643,California
San Francisco,2021-01-24,2420,62396,359,32925,2061,29471,0,0,2190,41278,225,10555,2190,51833,California
San Francisco,2021-01-25,4561,66957,1770,34695,2791,32262,0,0,3020,42766,1539,12094,3027,54860,California
San Francisco,2021-01-26,4633,71590,2114,36809,2519,34781,0,0,3058,44257,1573,13667,3064,57924,California
San Francisco,2021-01-27,4423,76013,2082,38891,2341,37122,0,0,3071,45981,1347,15014,3071,60995,California
San Francisco,2021-01-28,3747,79760,1552,40443,2195,39317,0,0,2575,47390,1166,16180,2575,63570,California
San Francisco,2021-01-29,4692,84452,1660,42103,3032,42349,0,0,3435,49575,1250,17430,3435,67005,California
San Francisco,2021-01-30,3721,88173,1794,43897,1927,44276,0,0,3320,52496,400,17830,3321,70326,California
San Francisco,2021-01-31,2394,90567,869,44766,1525,45801,0,0,2186,54478,206,18036,2188,72514,California
San Francisco,2021-02-01,3756,94323,1503,46269,2253,48054,0,0,2865,56455,891,18927,2868,75382,California
San Francisco,2021-02-02,4638,98961,1958,48227,2680,50734,0,0,2874,57571,1758,20685,2874,78256,California
San Francisco,2021-02-03,5049,104010,2362,50589,2687,53421,0,0,3752,60028,1295,21980,3752,82008,California
San Francisco,2021-02-04,5011,109021,2430,53019,2581,56002,0,0,3856,62731,1153,23133,3856,85864,California
San Francisco,2021-02-05,5908,114929,3185,56204,2723,58725,0,0,4584,65996,1321,24454,4586,90450,California
San Francisco,2021-02-06,5447,120376,3644,59848,1803,60528,0,0,4546,69645,897,25351,4546,94996,California
San Francisco,2021-02-07,4302,124678,3171,63019,1131,61659,0,0,3733,72812,568,25919,3735,98731,California
San Francisco,2021-02-08,6680,131358,4601,67620,2079,63738,0,0,5477,77104,1185,27104,5477,104208,California
San Francisco,2021-02-09,5906,137264,3984,71604,1922,65660,0,0,4360,79921,1543,28647,4360,108568,California
San Francisco,2021-02-10,6801,144065,4156,75760,2645,68305,0,0,5057,83243,1736,30383,5058,113626,California
San Francisco,2021-02-11,6650,150715,3937,79697,2713,71018,0,0,4847,86290,1801,32184,4848,118474,California
San Francisco,2021-02-12,5295,156010,2657,82354,2638,73656,0,0,3479,87954,1815,33999,3479,121953,California
San Francisco,2021-02-13,4272,160282,2485,84839,1787,75443,0,0,2948,89582,1322,35321,2950,124903,California
San Francisco,2021-02-14,3416,163698,2240,87079,1176,76619,0,0,2299,90766,1116,36437,2300,127203,California
San Francisco,2021-02-15,2751,166449,1490,88569,1261,77880,0,0,1668,91354,1082,37519,1670,128873,California
San Francisco,2021-02-16,4977,171426,2731,91300,2246,80126,0,0,2971,92332,1999,39518,2977,131850,California
San Francisco,2021-02-17,5415,176841,2701,94001,2714,82840,0,0,2987,92898,2421,41939,2987,134837,California
San Francisco,2021-02-18,5367,182208,2635,96636,2732,85572,0,0,2832,93196,2535,44474,2833,137670,California
San Francisco,2021-02-19,5621,187829,2640,99276,2981,88553,0,0,2929,93441,2684,47158,2929,140599,California
San Francisco,2021-02-20,4506,192335,2169,101445,2337,90890,0,0,1703,92351,2794,49952,1704,142303,California
San Francisco,2021-02-21,2697,195032,1338,102783,1359,92249,0,0,1124,91906,1569,51521,1124,143427,California
San Francisco,2021-02-22,5070,200102,3152,105935,1918,94167,0,0,2538,91921,2525,54046,2540,145967,California
San Francisco,2021-02-23,5427,205529,3080,109015,2347,96514,0,0,2770,92040,2652,56698,2771,148738,California
San Francisco,2021-02-24,8957,214486,5075,114090,3882,100396,0,0,4783,92660,4164,60862,4784,153522,California
San Francisco,2021-02-25,9740,224226,6853,120943,2887,103283,0,0,6291,95503,3449,64311,6292,159814,California
San Francisco,2021-02-26,11822,236048,7716,128659,4106,107389,0,0,6991,97666,4829,69140,6992,166806,California
San Francisco,2021-02-27,8814,244862,5622,134281,3191,110580,1,1,4455,97774,4350,73490,4458,171264,California
San Francisco,2021-02-28,7666,252528,5491,139772,2175,112755,0,1,3827,97765,3837,77327,3828,175092,California
San Francisco,2021-03-01,10505,263033,7100,146872,3405,116160,0,1,5100,97480,5387,82714,5102,180194,California
San Francisco,2021-03-02,8708,271741,5549,152421,3159,119319,0,1,5055,98889,3647,86361,5056,185250,California
San Francisco,2021-03-03,10285,282026,5987,158408,4298,123617,0,1,5438,99488,4839,91200,5438,190688,California
San Francisco,2021-03-04,7857,289883,5165,163573,2692,126309,0,1,4364,100366,3486,94686,4364,195052,California
San Francisco,2021-03-05,7766,297649,4816,168389,2947,129256,3,4,4845,102308,2909,97595,4851,199903,California
San Francisco,2021-03-06,6783,304432,4372,172761,2202,131458,209,213,4243,104208,2551,100146,4451,204354,California
San Francisco,2021-03-07,5079,309511,3945,176706,1073,132531,61,274,2844,104866,2248,102394,2906,207260,California
San Francisco,2021-03-08,6985,316496,5066,181772,1757,134288,162,436,5476,108964,1542,103936,5640,212900,California
San Francisco,2021-03-09,6617,323113,3825,185597,2413,136701,379,815,4514,111744,2111,106047,4891,217791,California
San Francisco,2021-03-10,10083,333196,5729,191326,3872,140573,482,1297,6176,114513,3892,109939,6661,224452,California
San Francisco,2021-03-11,9286,342482,5766,197092,2697,143270,823,2120,6100,118260,3174,113113,6921,231373,California
San Francisco,2021-03-12,9368,351850,5439,202531,2895,146165,1034,3154,5303,120559,4040,117153,6339,237712,California
San Francisco,2021-03-13,5924,357774,3554,206085,1412,147577,958,4112,3725,123048,2195,119348,4684,242396,California
San Francisco,2021-03-14,7249,365023,4714,210799,2302,149879,233,4345,3925,123891,3315,122663,4158,246554,California
San Francisco,2021-03-15,11917,376940,9013,219812,1971,151850,933,5278,8269,129455,3637,126300,9201,255755,California
San Francisco,2021-03-16,12006,388946,8178,227990,3372,155222,456,5734,8761,135439,3230,129530,9214,264969,California
San Francisco,2021-03-17,12813,401759,8018,236008,4257,159479,538,6272,9250,141686,3543,133073,9790,274759,California
San Francisco,2021-03-18,8723,410482,5979,241987,2228,161707,516,6788,4905,143307,3800,136873,5421,280180,California
San Francisco,2021-03-19,10453,420935,7761,249748,2331,164038,361,7149,5618,144471,4816,141689,5980,286160,California
San Francisco,2021-03-20,5863,426798,4294,254042,1296,165334,273,7422,3632,146165,2215,143904,3909,290069,California
San Francisco,2021-03-21,6211,433009,5640,259682,439,165773,132,7554,3553,147201,2650,146554,3686,293755,California
San Francisco,2021-03-22,9659,442668,6802,266484,2037,167810,820,8374,5119,148621,4518,151072,5938,299693,California
San Francisco,2021-03-23,11193,453861,7390,273874,3164,170974,639,9013,6843,151791,4322,155394,7492,307185,California
San Francisco,2021-03-24,12126,465987,9198,283072,2397,173371,531,9544,6365,153005,5730,161124,6944,314129,California
San Francisco,2021-03-25,11625,477612,8436,291508,2661,176032,528,10072,5944,153894,5626,166750,6515,320644,California
San Francisco,2021-03-26,11616,489228,8009,299517,3383,179415,224,10296,6134,154882,5457,172207,6445,327089,California
San Francisco,2021-03-27,8135,497363,5611,305128,2300,181715,224,10520,3642,154338,4480,176687,3936,331025,California
San Francisco,2021-03-28,6361,503724,5037,310165,1284,182999,40,10560,3048,154138,3296,179983,3096,334121,California
San Francisco,2021-03-29,11150,514874,7657,317822,3307,186306,186,10746,5063,153368,6068,186051,5298,339419,California
San Francisco,2021-03-30,11368,526242,7117,324939,3966,190272,285,11031,6983,156315,4364,190415,7311,346730,California
San Francisco,2021-03-31,11851,538093,7905,332844,3649,193921,297,11328,5743,156430,6080,196495,6195,352925,California
San Francisco,2021-04-01,9890,547983,5019,337863,3738,197659,1133,12461,4143,156491,5719,202214,5780,358705,California
San Joaquin,2020-12-15,12,12,12,12,0,0,0,0,12,12,0,0,12,12,California
San Joaquin,2020-12-16,436,448,436,448,0,0,0,0,436,448,0,0,436,448,California
San Joaquin,2020-12-17,386,834,386,834,0,0,0,0,386,834,0,0,386,834,California
San Joaquin,2020-12-18,574,1408,549,1383,25,25,0,0,574,1408,0,0,574,1408,California
San Joaquin,2020-12-19,202,1610,202,1585,0,25,0,0,202,1610,0,0,202,1610,California
San Joaquin,2020-12-20,112,1722,112,1697,0,25,0,0,112,1722,0,0,112,1722,California
San Joaquin,2020-12-21,556,2278,551,2248,5,30,0,0,556,2278,0,0,556,2278,California
San Joaquin,2020-12-22,1054,3332,895,3143,159,189,0,0,1053,3331,0,0,1053,3331,California
San Joaquin,2020-12-23,1023,4355,956,4099,67,256,0,0,1021,4352,0,0,1021,4352,California
San Joaquin,2020-12-24,221,4576,193,4292,28,284,0,0,220,4572,0,0,220,4572,California
San Joaquin,2020-12-25,14,4590,14,4306,0,284,0,0,14,4586,0,0,14,4586,California
San Joaquin,2020-12-26,100,4690,28,4334,72,356,0,0,100,4686,0,0,100,4686,California
San Joaquin,2020-12-27,40,4730,29,4363,11,367,0,0,40,4726,0,0,40,4726,California
San Joaquin,2020-12-28,646,5376,440,4803,206,573,0,0,646,5372,0,0,646,5372,California
San Joaquin,2020-12-29,874,6250,738,5541,136,709,0,0,874,6246,0,0,874,6246,California
San Joaquin,2020-12-30,1047,7297,742,6283,305,1014,0,0,1046,7292,0,0,1046,7292,California
San Joaquin,2020-12-31,449,7746,200,6483,249,1263,0,0,450,7742,0,0,450,7742,California
San Joaquin,2021-01-01,16,7762,10,6493,6,1269,0,0,16,7758,0,0,16,7758,California
San Joaquin,2021-01-02,250,8012,228,6721,22,1291,0,0,249,8007,0,0,249,8007,California
San Joaquin,2021-01-03,35,8047,18,6739,17,1308,0,0,34,8040,1,1,34,8041,California
San Joaquin,2021-01-04,484,8531,341,7080,143,1451,0,0,481,8521,0,1,481,8522,California
San Joaquin,2021-01-05,1020,9551,712,7792,308,1759,0,0,849,9201,172,173,852,9374,California
San Joaquin,2021-01-06,1303,10854,784,8576,519,2278,0,0,938,9783,360,533,942,10316,California
San Joaquin,2021-01-07,1130,11984,718,9294,412,2690,0,0,806,10271,320,853,808,11124,California
San Joaquin,2021-01-08,1339,13323,949,10243,390,3080,0,0,806,10549,529,1382,807,11931,California
San Joaquin,2021-01-09,373,13696,298,10541,75,3155,0,0,245,10666,128,1510,245,12176,California
San Joaquin,2021-01-10,217,13913,111,10652,106,3261,0,0,167,10783,50,1560,167,12343,California
San Joaquin,2021-01-11,1567,15480,1359,12011,208,3469,0,0,922,11066,644,2204,927,13270,California
San Joaquin,2021-01-12,1520,17000,1082,13093,438,3907,0,0,759,11075,759,2963,768,14038,California
San Joaquin,2021-01-13,1481,18481,844,13937,637,4544,0,0,959,11514,523,3486,962,15000,California
San Joaquin,2021-01-14,1588,20069,904,14841,684,5228,0,0,1223,12409,334,3820,1229,16229,California
San Joaquin,2021-01-15,1573,21642,681,15522,892,6120,0,0,1325,13509,227,4047,1327,17556,California
San Joaquin,2021-01-16,1174,22816,193,15715,981,7101,0,0,1149,14633,25,4072,1149,18705,California
San Joaquin,2021-01-17,1648,24464,125,15840,1523,8624,0,0,1619,16225,29,4101,1621,20326,California
San Joaquin,2021-01-18,720,25184,239,16079,481,9105,0,0,598,16705,118,4219,598,20924,California
San Joaquin,2021-01-19,1887,27071,897,16976,990,10095,0,0,1180,17186,704,4923,1185,22109,California
San Joaquin,2021-01-20,2138,29209,1315,18291,823,10918,0,0,1461,17977,676,5599,1467,23576,California
San Joaquin,2021-01-21,2004,31213,937,19228,1067,11985,0,0,1582,19148,417,6016,1588,25164,California
San Joaquin,2021-01-22,1982,33195,967,20195,1015,13000,0,0,1836,20845,143,6159,1840,27004,California
San Joaquin,2021-01-23,933,34128,401,20596,532,13532,0,0,661,21238,270,6429,663,27667,California
San Joaquin,2021-01-24,338,34466,129,20725,209,13741,0,0,317,21536,19,6448,317,27984,California
San Joaquin,2021-01-25,2012,36478,1173,21898,839,14580,0,0,1437,22403,574,7022,1441,29425,California
San Joaquin,2021-01-26,2201,38679,1163,23061,1038,15618,0,0,1559,23327,639,7661,1563,30988,California
San Joaquin,2021-01-27,1816,40495,820,23881,996,16614,0,0,1306,24132,507,8168,1312,32300,California
San Joaquin,2021-01-28,2145,42640,851,24732,1294,17908,0,0,1465,24922,678,8846,1468,33768,California
San Joaquin,2021-01-29,2270,44910,1142,25874,1128,19036,0,0,1891,26446,374,9220,1898,35666,California
San Joaquin,2021-01-30,2385,47295,333,26207,2052,21088,0,0,2205,28492,161,9381,2207,37873,California
San Joaquin,2021-01-31,1573,48868,181,26388,1392,22480,0,0,1496,29927,62,9443,1497,39370,California
San Joaquin,2021-02-01,2638,51506,1416,27804,1222,23702,0,0,1864,31023,769,10212,1865,41235,California
San Joaquin,2021-02-02,2708,54214,1244,29048,1464,25166,0,0,2078,32483,622,10834,2082,43317,California
San Joaquin,2021-02-03,3191,57405,1308,30356,1883,27049,0,0,2302,33906,884,11718,2307,45624,California
San Joaquin,2021-02-04,3561,60966,1811,32167,1750,28799,0,0,2746,35846,809,12527,2749,48373,California
San Joaquin,2021-02-05,3372,64338,1963,34130,1409,30208,0,0,2501,37482,868,13395,2504,50877,California
San Joaquin,2021-02-06,1132,65470,789,34919,343,30551,0,0,960,38274,170,13565,962,51839,California
San Joaquin,2021-02-07,612,66082,486,35405,126,30677,0,0,417,38503,188,13753,417,52256,California
San Joaquin,2021-02-08,1781,67863,1081,36486,700,31377,0,0,1479,39681,305,14058,1483,53739,California
San Joaquin,2021-02-09,2096,69959,1181,37667,915,32292,0,0,1639,40869,454,14512,1642,55381,California
San Joaquin,2021-02-10,2663,72622,1309,38976,1354,33646,0,0,1404,41041,1232,15744,1404,56785,California
San Joaquin,2021-02-11,2960,75582,1565,40541,1395,35041,0,0,1798,41703,1141,16885,1803,58588,California
San Joaquin,2021-02-12,2851,78433,1202,41743,1649,36690,0,0,1695,42253,1149,18034,1699,60287,California
San Joaquin,2021-02-13,2130,80563,404,42147,1726,38416,0,0,853,41846,1268,19302,861,61148,California
San Joaquin,2021-02-14,1889,82452,257,42404,1632,40048,0,0,684,41339,1192,20494,685,61833,California
San Joaquin,2021-02-15,1958,84410,823,43227,1135,41183,0,0,1186,41780,750,21244,1191,63024,California
San Joaquin,2021-02-16,3181,87591,1448,44675,1733,42916,0,0,1727,42071,1443,22687,1734,64758,California
San Joaquin,2021-02-17,3394,90985,1366,46041,2028,44944,0,0,1932,42559,1448,24135,1936,66694,California
San Joaquin,2021-02-18,3522,94507,1502,47543,2020,46964,0,0,2017,43101,1483,25618,2025,68719,California
San Joaquin,2021-02-19,4680,99187,2774,50317,1906,48870,0,0,2815,44088,1829,27447,2816,71535,California
San Joaquin,2021-02-20,1654,100841,638,50955,1016,49886,0,0,1145,44727,506,27953,1145,72680,California
San Joaquin,2021-02-21,609,101450,449,51404,160,50046,0,0,394,44907,215,28168,395,73075,California
San Joaquin,2021-02-22,4094,105544,3015,54419,1079,51125,0,0,3061,46966,1007,29175,3066,76141,California
San Joaquin,2021-02-23,4883,110427,3275,57694,1608,52733,0,0,3278,48679,1582,30757,3295,79436,California
San Joaquin,2021-02-24,6725,117152,4298,61992,2427,55160,0,0,5017,52023,1687,32444,5031,84467,California
San Joaquin,2021-02-25,7177,124329,4789,66781,2388,57548,0,0,4881,54649,2270,34714,4896,89363,California
San Joaquin,2021-02-26,6033,130362,3376,70157,2657,60205,0,0,4260,57180,1741,36455,4272,93635,California
San Joaquin,2021-02-27,5596,135958,1609,71766,3987,64192,0,0,2641,56919,2920,39375,2659,96294,California
San Joaquin,2021-02-28,3020,138978,1091,72857,1929,66121,0,0,1986,57890,1022,40397,1993,98287,California
San Joaquin,2021-03-01,4192,143170,1825,74682,2367,68488,0,0,2272,58266,1905,42302,2281,100568,California
San Joaquin,2021-03-02,4181,147351,1682,76364,2499,70987,0,0,2571,59313,1596,43898,2643,103211,California
San Joaquin,2021-03-03,6070,153421,3869,80233,2199,73186,2,2,4439,62148,1611,45509,4446,107657,California
San Joaquin,2021-03-04,5193,158614,2412,82645,2780,75966,1,3,3125,63310,1973,47482,3135,110792,California
San Joaquin,2021-03-05,4380,162994,1907,84552,2471,78437,2,5,2960,64874,1405,48887,2969,113761,California
San Joaquin,2021-03-06,3519,166513,2433,86985,964,79401,122,127,2935,67366,578,49465,3070,116831,California
San Joaquin,2021-03-07,1209,167722,545,87530,623,80024,41,168,939,68078,254,49719,966,117797,California
San Joaquin,2021-03-08,2968,170690,1199,88729,1666,81690,103,271,2007,69243,954,50673,2119,119916,California
San Joaquin,2021-03-09,4258,174948,1885,90614,2252,83942,121,392,2713,70553,1529,52202,2839,122755,California
San Joaquin,2021-03-10,5041,179989,2644,93258,2272,86214,125,517,3574,72801,1451,53653,3699,126454,California
San Joaquin,2021-03-11,5222,185211,2487,95745,2156,88370,579,1096,2889,73958,2317,55970,3474,129928,California
San Joaquin,2021-03-12,6619,191830,3492,99237,2850,91220,277,1373,3912,75566,2687,58657,4295,134223,California
San Joaquin,2021-03-13,3016,194846,1532,100769,1363,92583,121,1494,2128,77012,881,59538,2327,136550,California
San Joaquin,2021-03-14,1829,196675,584,101353,950,93533,295,1789,939,77365,886,60424,1239,137789,California
San Joaquin,2021-03-15,6591,203266,4034,105387,2159,95692,398,2187,3253,77721,3321,63745,3677,141466,California
San Joaquin,2021-03-16,7686,210952,4710,110097,2730,98422,246,2433,4313,78929,3365,67110,4573,146039,California
San Joaquin,2021-03-17,8932,219884,5795,115892,3065,101487,72,2505,4687,79476,4226,71336,4773,150812,California
San Joaquin,2021-03-18,8432,228316,5343,121235,2593,104080,496,3001,3883,79341,4516,75852,4381,155193,California
San Joaquin,2021-03-19,8335,236651,5014,126249,2788,106868,533,3534,4803,81208,3514,79366,5381,160574,California
San Joaquin,2021-03-20,3510,240161,1948,128197,1342,108210,220,3754,1739,81435,1754,81120,1981,162555,California
San Joaquin,2021-03-21,2309,242470,1667,129864,430,108640,212,3966,1386,82182,919,82039,1666,164221,California
San Joaquin,2021-03-22,4324,246794,2327,132191,1586,110226,411,4377,2723,83736,1589,83628,3143,167364,California
San Joaquin,2021-03-23,5504,252298,2874,135065,2469,112695,161,4538,3871,86158,1618,85246,4040,171404,California
San Joaquin,2021-03-24,7309,259607,4654,139719,2570,115265,85,4623,3163,85298,4128,89374,3268,174672,California
San Joaquin,2021-03-25,5384,264991,3056,142775,2291,117556,37,4660,3269,86531,2097,91471,3330,178002,California
San Joaquin,2021-03-26,5829,270820,2205,144980,3574,121130,50,4710,3006,86848,2791,94262,3108,181110,California
San Joaquin,2021-03-27,4887,275707,2722,147702,2125,123255,40,4750,1887,85830,2982,97244,1964,183074,California
San Joaquin,2021-03-28,2656,278363,1725,149427,904,124159,27,4777,1296,85904,1346,98590,1420,184494,California
San Joaquin,2021-03-29,3917,282280,2173,151600,1718,125877,26,4803,2116,86309,1785,100375,2190,186684,California
San Joaquin,2021-03-30,5430,287710,2610,154210,2786,128663,34,4837,2953,86870,2463,102838,3024,189708,California
San Joaquin,2021-03-31,5158,292868,2716,156926,2407,131070,35,4872,2872,87549,2274,105112,2953,192661,California
San Joaquin,2021-04-01,3259,296127,1841,158767,1380,132450,38,4910,2075,88579,1180,106292,2210,194871,California
San Luis Obispo,2020-12-16,4,4,4,4,0,0,0,0,4,4,0,0,4,4,California
San Luis Obispo,2020-12-17,196,200,196,200,0,0,0,0,196,200,0,0,196,200,California
San Luis Obispo,2020-12-18,223,423,223,423,0,0,0,0,223,423,0,0,223,423,California
San Luis Obispo,2020-12-19,164,587,164,587,0,0,0,0,164,587,0,0,164,587,California
San Luis Obispo,2020-12-20,215,802,215,802,0,0,0,0,215,802,0,0,215,802,California
San Luis Obispo,2020-12-21,552,1354,552,1354,0,0,0,0,552,1354,0,0,552,1354,California
San Luis Obispo,2020-12-22,307,1661,303,1657,4,4,0,0,307,1661,0,0,307,1661,California
San Luis Obispo,2020-12-23,683,2344,370,2027,313,317,0,0,683,2344,0,0,683,2344,California
San Luis Obispo,2020-12-24,195,2539,19,2046,176,493,0,0,195,2539,0,0,195,2539,California
San Luis Obispo,2020-12-25,2,2541,1,2047,1,494,0,0,2,2541,0,0,2,2541,California
San Luis Obispo,2020-12-26,90,2631,12,2059,78,572,0,0,90,2631,0,0,90,2631,California
San Luis Obispo,2020-12-27,75,2706,0,2059,75,647,0,0,75,2706,0,0,75,2706,California
San Luis Obispo,2020-12-28,878,3584,431,2490,447,1094,0,0,878,3584,0,0,878,3584,California
San Luis Obispo,2020-12-29,903,4487,502,2992,401,1495,0,0,903,4487,0,0,903,4487,California
San Luis Obispo,2020-12-30,1175,5662,682,3674,493,1988,0,0,1175,5662,0,0,1175,5662,California
San Luis Obispo,2020-12-31,106,5768,4,3678,102,2090,0,0,106,5768,0,0,106,5768,California
San Luis Obispo,2021-01-01,11,5779,7,3685,4,2094,0,0,11,5779,0,0,11,5779,California
San Luis Obispo,2021-01-02,31,5810,7,3692,24,2118,0,0,31,5810,0,0,31,5810,California
San Luis Obispo,2021-01-03,16,5826,6,3698,10,2128,0,0,16,5826,0,0,16,5826,California
San Luis Obispo,2021-01-04,675,6501,525,4223,150,2278,0,0,675,6501,0,0,675,6501,California
San Luis Obispo,2021-01-05,978,7479,760,4983,218,2496,0,0,976,7475,2,2,976,7477,California
San Luis Obispo,2021-01-06,728,8207,483,5466,245,2741,0,0,720,8188,7,9,720,8197,California
San Luis Obispo,2021-01-07,1129,9336,950,6416,179,2920,0,0,687,8433,442,451,687,8884,California
San Luis Obispo,2021-01-08,881,10217,805,7221,76,2996,0,0,511,8576,369,820,512,9396,California
San Luis Obispo,2021-01-09,206,10423,198,7419,8,3004,0,0,28,8426,178,998,28,9424,California
San Luis Obispo,2021-01-10,11,10434,7,7426,4,3008,0,0,7,8429,4,1002,7,9431,California
San Luis Obispo,2021-01-11,526,10960,476,7902,50,3058,0,0,264,8432,261,1263,264,9695,California
San Luis Obispo,2021-01-12,598,11558,380,8282,218,3276,0,0,320,8474,278,1541,320,10015,California
San Luis Obispo,2021-01-13,881,12439,254,8536,627,3903,0,0,642,8879,237,1778,642,10657,California
San Luis Obispo,2021-01-14,730,13169,242,8778,488,4391,0,0,605,9372,112,1890,605,11262,California
San Luis Obispo,2021-01-15,735,13904,292,9070,443,4834,0,0,557,9756,173,2063,557,11819,California
San Luis Obispo,2021-01-16,99,14003,81,9151,18,4852,0,0,94,9845,5,2068,94,11913,California
San Luis Obispo,2021-01-17,66,14069,60,9211,6,4858,0,0,66,9911,0,2068,66,11979,California
San Luis Obispo,2021-01-18,1374,15443,389,9600,985,5843,0,0,1112,10761,262,2330,1112,13091,California
San Luis Obispo,2021-01-19,1584,17027,419,10019,1165,7008,0,0,1176,11529,408,2738,1176,14267,California
San Luis Obispo,2021-01-20,1884,18911,598,10617,1286,8294,0,0,1294,12236,588,3326,1295,15562,California
San Luis Obispo,2021-01-21,1568,20479,466,11083,1102,9396,0,0,1196,13063,369,3695,1196,16758,California
San Luis Obispo,2021-01-22,1517,21996,508,11591,1009,10405,0,0,1202,13952,313,4008,1202,17960,California
San Luis Obispo,2021-01-23,309,22305,292,11883,17,10422,0,0,294,14231,15,4023,294,18254,California
San Luis Obispo,2021-01-24,244,22549,238,12121,6,10428,0,0,239,14464,6,4029,239,18493,California
San Luis Obispo,2021-01-25,2071,24620,607,12728,1464,11892,0,0,1243,14881,828,4857,1245,19738,California
San Luis Obispo,2021-01-26,1998,26618,702,13430,1296,13188,0,0,1131,15147,865,5722,1131,20869,California
San Luis Obispo,2021-01-27,1609,28227,277,13707,1332,14520,0,0,1146,15830,463,6185,1146,22015,California
San Luis Obispo,2021-01-28,1475,29702,336,14043,1139,15659,0,0,1213,16782,261,6446,1213,23228,California
San Luis Obispo,2021-01-29,1724,31426,676,14719,1048,16707,0,0,1442,17942,282,6728,1442,24670,California
San Luis Obispo,2021-01-30,35,31461,16,14735,19,16726,0,0,25,17958,9,6737,25,24695,California
San Luis Obispo,2021-01-31,25,31486,20,14755,5,16731,0,0,22,17977,3,6740,22,24717,California
San Luis Obispo,2021-02-01,1649,33135,700,15455,949,17680,0,0,1381,19090,268,7008,1381,26098,California
San Luis Obispo,2021-02-02,1889,35024,673,16128,1216,18896,0,0,1512,20226,376,7384,1512,27610,California
San Luis Obispo,2021-02-03,1697,36721,726,16854,971,19867,0,0,1286,21101,411,7795,1286,28896,California
San Luis Obispo,2021-02-04,1654,38375,800,17654,854,20721,0,0,1086,21620,567,8362,1086,29982,California
San Luis Obispo,2021-02-05,1591,39966,719,18373,872,21593,0,0,1047,22123,545,8907,1048,31030,California
San Luis Obispo,2021-02-06,158,40124,92,18465,66,21659,0,0,94,22153,64,8971,94,31124,California
San Luis Obispo,2021-02-07,142,40266,97,18562,45,21704,0,0,73,22157,69,9040,73,31197,California
San Luis Obispo,2021-02-08,849,41115,463,19025,386,22090,0,0,490,22289,358,9398,490,31687,California
San Luis Obispo,2021-02-09,1118,42233,445,19470,673,22763,0,0,537,22257,576,9974,544,32231,California
San Luis Obispo,2021-02-10,1425,43658,487,19957,938,23701,0,0,521,21880,901,10875,524,32755,California
San Luis Obispo,2021-02-11,1326,44984,839,20796,487,24188,0,0,653,21863,670,11545,653,33408,California
San Luis Obispo,2021-02-12,776,45760,357,21153,419,24607,0,0,410,21907,366,11911,410,33818,California
San Luis Obispo,2021-02-13,385,46145,124,21277,261,24868,0,0,278,22079,106,12017,278,34096,California
San Luis Obispo,2021-02-14,308,46453,42,21319,266,25134,0,0,271,22313,37,12054,271,34367,California
San Luis Obispo,2021-02-15,708,47161,133,21452,575,25709,0,0,455,22518,250,12304,455,34822,California
San Luis Obispo,2021-02-16,2955,50116,1189,22641,1766,27475,0,0,1350,22272,1596,13900,1350,36172,California
San Luis Obispo,2021-02-17,2762,52878,1223,23864,1539,29014,0,0,1025,21567,1730,15630,1025,37197,California
San Luis Obispo,2021-02-18,2808,55686,1442,25306,1366,30380,0,0,1124,21014,1677,17307,1124,38321,California
San Luis Obispo,2021-02-19,1436,57122,1318,26624,118,30498,0,0,1113,21806,322,17629,1114,39435,California
San Luis Obispo,2021-02-20,253,57375,84,26708,169,30667,0,0,217,21987,36,17665,217,39652,California
San Luis Obispo,2021-02-21,44,57419,41,26749,3,30670,0,0,28,21999,16,17681,28,39680,California
San Luis Obispo,2021-02-22,2397,59816,1850,28599,547,31217,0,0,1458,22518,939,18620,1458,41138,California
San Luis Obispo,2021-02-23,1852,61668,1739,30338,113,31330,0,0,1365,23398,485,19105,1365,42503,California
San Luis Obispo,2021-02-24,2635,64303,1294,31632,1341,32671,0,0,832,22429,1801,20906,832,43335,California
San Luis Obispo,2021-02-25,2119,66422,1238,32870,881,33552,0,0,1200,22717,913,21819,1201,44536,California
San Luis Obispo,2021-02-26,2606,69028,1128,33998,1478,35030,0,0,1308,22732,1293,23112,1308,45844,California
San Luis Obispo,2021-02-27,568,69596,344,34342,224,35254,0,0,521,23206,47,23159,521,46365,California
San Luis Obispo,2021-02-28,196,69792,73,34415,123,35377,0,0,165,23344,27,23186,165,46530,California
San Luis Obispo,2021-03-01,2886,72678,1784,36199,1101,36478,1,1,1980,24421,906,24092,1983,48513,California
San Luis Obispo,2021-03-02,2737,75415,1686,37885,1051,37529,0,1,1654,24995,1081,25173,1655,50168,California
San Luis Obispo,2021-03-03,2064,77479,291,38176,1773,39302,0,1,690,24315,1371,26544,691,50859,California
San Luis Obispo,2021-03-04,1970,79449,1006,39182,964,40266,0,1,1021,24392,947,27491,1024,51883,California
San Luis Obispo,2021-03-05,2098,81547,889,40071,1140,41406,69,70,1151,24673,939,28430,1220,53103,California
San Luis Obispo,2021-03-06,804,82351,303,40374,405,41811,96,166,601,25161,203,28633,691,53794,California
San Luis Obispo,2021-03-07,205,82556,35,40409,91,41902,79,245,81,25199,123,28756,161,53955,California
San Luis Obispo,2021-03-08,2496,85052,724,41133,1472,43374,300,545,1346,25700,1149,29905,1650,55605,California
San Luis Obispo,2021-03-09,2715,87767,895,42028,1577,44951,243,788,1350,25931,1362,31267,1593,57198,California
San Luis Obispo,2021-03-10,2602,90369,985,43013,1437,46388,180,968,1387,26284,1214,32481,1567,58765,California
San Luis Obispo,2021-03-11,2634,93003,1109,44122,1246,47634,279,1247,1418,26768,1212,33693,1696,60461,California
San Luis Obispo,2021-03-12,2657,95660,1172,45294,1227,48861,258,1505,1299,26974,1353,35046,1559,62020,California
San Luis Obispo,2021-03-13,561,96221,227,45521,223,49084,111,1616,344,27211,217,35263,454,62474,California
San Luis Obispo,2021-03-14,320,96541,41,45562,172,49256,107,1723,77,27153,242,35505,184,62658,California
San Luis Obispo,2021-03-15,2753,99294,1047,46609,1615,50871,91,1814,1284,27063,1466,36971,1376,64034,California
San Luis Obispo,2021-03-16,2590,101884,1436,48045,1055,51926,99,1913,1252,27081,1333,38304,1351,65385,California
San Luis Obispo,2021-03-17,3002,104886,1345,49390,1425,53351,232,2145,1655,27625,1343,39647,1887,67272,California
San Luis Obispo,2021-03-18,2275,107161,1255,50645,843,54194,177,2322,963,27455,1311,40958,1141,68413,California
San Luis Obispo,2021-03-19,2189,109350,1360,52005,523,54717,306,2628,710,26997,1478,42436,1020,69433,California
San Luis Obispo,2021-03-20,714,110064,463,52468,217,54934,34,2662,312,26942,401,42837,346,69779,California
San Luis Obispo,2021-03-21,184,110248,49,52517,132,55066,3,2665,157,27075,27,42864,160,69939,California
San Luis Obispo,2021-03-22,2521,112769,1146,53663,1338,56404,37,2702,1720,28064,800,43664,1789,71728,California
San Luis Obispo,2021-03-23,3267,116036,2166,55829,1088,57492,13,2715,2178,29226,1086,44750,2248,73976,California
San Luis Obispo,2021-03-24,3320,119356,2039,57868,1210,58702,71,2786,2481,30992,835,45585,2601,76577,California
San Luis Obispo,2021-03-25,3532,122888,2258,60126,1263,59965,11,2797,2525,32599,1007,46592,2614,79191,California
San Luis Obispo,2021-03-26,3092,125980,1732,61858,937,60902,423,3220,1723,33440,1366,47958,2207,81398,California
San Luis Obispo,2021-03-27,967,126947,500,62358,388,61290,79,3299,451,33457,516,48474,533,81931,California
San Luis Obispo,2021-03-28,447,127394,155,62513,237,61527,55,3354,242,33550,205,48679,298,82229,California
San Luis Obispo,2021-03-29,2537,129931,1236,63749,1172,62699,129,3483,1621,34448,906,49585,1804,84033,California
San Luis Obispo,2021-03-30,3435,133366,1890,65639,1413,64112,132,3615,2313,35850,1119,50704,2521,86554,California
San Luis Obispo,2021-03-31,2206,135572,1056,66695,1032,65144,118,3733,1424,36813,776,51480,1739,88293,California
San Luis Obispo,2021-04-01,412,135984,122,66817,281,65425,9,3742,341,37096,69,51549,352,88645,California
San Mateo,2020-12-15,25,25,25,25,0,0,0,0,25,25,0,0,25,25,California
San Mateo,2020-12-16,105,130,105,130,0,0,0,0,105,130,0,0,105,130,California
San Mateo,2020-12-17,179,309,179,309,0,0,0,0,179,309,0,0,179,309,California
San Mateo,2020-12-18,768,1077,766,1075,2,2,0,0,767,1075,1,1,767,1076,California
San Mateo,2020-12-19,525,1602,525,1600,0,2,0,0,525,1600,0,1,525,1601,California
San Mateo,2020-12-20,513,2115,512,2112,1,3,0,0,513,2113,0,1,513,2114,California
San Mateo,2020-12-21,1155,3270,1155,3267,0,3,0,0,1155,3268,0,1,1155,3269,California
San Mateo,2020-12-22,1509,4779,1502,4769,7,10,0,0,1509,4777,0,1,1509,4778,California
San Mateo,2020-12-23,1561,6340,1375,6144,186,196,0,0,1561,6338,0,1,1561,6339,California
San Mateo,2020-12-24,859,7199,603,6747,256,452,0,0,859,7197,0,1,859,7198,California
San Mateo,2020-12-25,112,7311,108,6855,4,456,0,0,112,7309,0,1,112,7310,California
San Mateo,2020-12-26,555,7866,412,7267,143,599,0,0,555,7864,0,1,555,7865,California
San Mateo,2020-12-27,297,8163,168,7435,129,728,0,0,297,8161,0,1,297,8162,California
San Mateo,2020-12-28,1038,9201,693,8128,345,1073,0,0,1038,9199,0,1,1038,9200,California
San Mateo,2020-12-29,1122,10323,704,8832,418,1491,0,0,1122,10321,0,1,1122,10322,California
San Mateo,2020-12-30,1259,11582,757,9589,502,1993,0,0,1258,11578,1,2,1258,11580,California
San Mateo,2020-12-31,706,12288,222,9811,484,2477,0,0,705,12282,1,3,705,12285,California
San Mateo,2021-01-01,35,12323,30,9841,5,2482,0,0,35,12317,0,3,35,12320,California
San Mateo,2021-01-02,395,12718,266,10107,129,2611,0,0,395,12712,0,3,395,12715,California
San Mateo,2021-01-03,281,12999,206,10313,75,2686,0,0,277,12985,4,7,277,12992,California
San Mateo,2021-01-04,1050,14049,677,10990,373,3059,0,0,1049,14033,1,8,1049,14041,California
San Mateo,2021-01-05,1182,15231,694,11684,488,3547,0,0,1154,15160,28,36,1155,15196,California
San Mateo,2021-01-06,1440,16671,948,12632,492,4039,0,0,1259,16241,178,214,1259,16455,California
San Mateo,2021-01-07,1421,18092,775,13407,646,4685,0,0,1143,17115,271,485,1145,17600,California
San Mateo,2021-01-08,1814,19906,1169,14576,645,5330,0,0,1130,17566,680,1165,1131,18731,California
San Mateo,2021-01-09,1188,21094,787,15363,401,5731,0,0,740,17858,448,1613,740,19471,California
San Mateo,2021-01-10,680,21774,552,15915,128,5859,0,0,257,17692,423,2036,257,19728,California
San Mateo,2021-01-11,2410,24184,1305,17220,1105,6964,0,0,1501,18285,910,2946,1503,21231,California
San Mateo,2021-01-12,3275,27459,1763,18983,1512,8476,0,0,2090,19194,1185,4131,2094,23325,California
San Mateo,2021-01-13,3463,30922,1746,20729,1717,10193,0,0,2437,20607,1026,5157,2439,25764,California
San Mateo,2021-01-14,3758,34680,1566,22295,2192,12385,0,0,3085,23025,672,5829,3090,28854,California
San Mateo,2021-01-15,4378,39058,1806,24101,2572,14957,0,0,3795,26244,581,6410,3800,32654,California
San Mateo,2021-01-16,3128,42186,820,24921,2308,17265,0,0,2773,28663,355,6765,2774,35428,California
San Mateo,2021-01-17,1316,43502,308,25229,1008,18273,0,0,1112,29571,204,6969,1112,36540,California
San Mateo,2021-01-18,1394,44896,556,25785,838,19111,0,0,989,30163,403,7372,995,37535,California
San Mateo,2021-01-19,2776,47672,1766,27551,1010,20121,0,0,1998,31389,777,8149,2003,39538,California
San Mateo,2021-01-20,2640,50312,1392,28943,1248,21369,0,0,1806,32367,829,8978,1807,41345,California
San Mateo,2021-01-21,2803,53115,1279,30222,1524,22893,0,0,2225,34020,577,9555,2230,43575,California
San Mateo,2021-01-22,2836,55951,1179,31401,1657,24550,0,0,2491,36168,343,9898,2491,46066,California
San Mateo,2021-01-23,2884,58835,1689,33090,1195,25745,0,0,2524,38333,360,10258,2525,48591,California
San Mateo,2021-01-24,1581,60416,397,33487,1184,26929,0,0,1252,39258,327,10585,1252,49843,California
San Mateo,2021-01-25,4393,64809,3115,36602,1278,28207,0,0,3533,41937,857,11442,3536,53379,California
San Mateo,2021-01-26,4294,69103,2994,39596,1300,29507,0,0,3378,44400,915,12357,3378,56757,California
San Mateo,2021-01-27,2747,71850,1433,41029,1314,30821,0,0,1778,45213,965,13322,1778,58535,California
San Mateo,2021-01-28,2793,74643,1359,42388,1434,32255,0,0,1939,46317,835,14157,1939,60474,California
San Mateo,2021-01-29,2904,77547,1270,43658,1634,33889,0,0,2132,47680,769,14926,2132,62606,California
San Mateo,2021-01-30,3230,80777,1335,44993,1895,35784,0,0,2912,50276,317,15243,2913,65519,California
San Mateo,2021-01-31,1908,82685,1125,46118,783,36567,0,0,1519,51412,384,15627,1520,67039,California
San Mateo,2021-02-01,2908,85593,1334,47452,1574,38141,0,0,2208,52927,696,16323,2211,69250,California
San Mateo,2021-02-02,3144,88737,1722,49174,1422,39563,0,0,2139,54062,1004,17327,2139,71389,California
San Mateo,2021-02-03,4863,93600,1937,51111,2926,42489,0,0,3816,56835,1044,18371,3817,75206,California
San Mateo,2021-02-04,6274,99874,2585,53696,3689,46178,0,0,4918,60405,1350,19721,4920,80126,California
San Mateo,2021-02-05,6767,106641,2546,56242,4221,50399,0,0,4949,63555,1800,21521,4950,85076,California
San Mateo,2021-02-06,3287,109928,1920,58162,1367,51766,0,0,2633,65535,654,22175,2634,87710,California
San Mateo,2021-02-07,1889,111817,1332,59494,557,52323,0,0,1703,67052,186,22361,1703,89413,California
San Mateo,2021-02-08,5261,117078,2235,61729,3026,55349,0,0,3086,68026,2112,24473,3086,92499,California
San Mateo,2021-02-09,6160,123238,3212,64941,2948,58297,0,0,3324,68518,2832,27305,3324,95823,California
San Mateo,2021-02-10,6499,129737,3282,68223,3217,61514,0,0,3544,69116,2946,30251,3544,99367,California
San Mateo,2021-02-11,6997,136734,3563,71786,3434,64948,0,0,3789,69707,3200,33451,3791,103158,California
San Mateo,2021-02-12,6575,143309,2949,74735,3626,68574,0,0,4677,72492,1893,35344,4678,107836,California
San Mateo,2021-02-13,6074,149383,3981,78716,2093,70667,0,0,2634,71689,3437,38781,2634,110470,California
San Mateo,2021-02-14,4619,154002,3013,81729,1606,72273,0,0,1965,71004,2651,41432,1966,112436,California
San Mateo,2021-02-15,3143,157145,1450,83179,1693,73966,0,0,1774,71414,1366,42798,1776,114212,California
San Mateo,2021-02-16,7119,164264,1856,85035,5263,79229,0,0,5275,74845,1844,44642,5275,119487,California
San Mateo,2021-02-17,7021,171285,1916,86951,5105,84334,0,0,5038,77906,1978,46620,5039,124526,California
San Mateo,2021-02-18,6654,177939,4622,91573,2032,86366,0,0,4420,80098,2229,48849,4421,128947,California
San Mateo,2021-02-19,7767,185706,5583,97156,2184,88550,0,0,5791,83916,1973,50822,5791,134738,California
San Mateo,2021-02-20,3712,189418,2396,99552,1316,89866,0,0,2294,84798,1412,52234,2294,137032,California
San Mateo,2021-02-21,2234,191652,1385,100937,849,90715,0,0,1226,85019,1005,53239,1226,138258,California
San Mateo,2021-02-22,4356,196008,3148,104085,1208,91923,0,0,2738,86148,1612,54851,2741,140999,California
San Mateo,2021-02-23,4210,200218,2982,107067,1228,93151,0,0,2422,86787,1785,56636,2424,143423,California
San Mateo,2021-02-24,7272,207490,3271,110338,4001,97152,0,0,4842,89207,2424,59060,4844,148267,California
San Mateo,2021-02-25,8933,216423,3978,114316,4955,102107,0,0,5897,92083,3022,62082,5898,154165,California
San Mateo,2021-02-26,9600,226023,3667,117983,5933,108040,0,0,6703,95900,2887,64969,6704,160869,California
San Mateo,2021-02-27,6615,232638,3398,121381,3217,111257,0,0,3571,96438,3039,68008,3577,164446,California
San Mateo,2021-02-28,4081,236719,2471,123852,1610,112867,0,0,2531,97424,1547,69555,2533,166979,California
San Mateo,2021-03-01,5584,242303,3507,127359,2077,114944,0,0,2771,97390,2805,72360,2771,169750,California
San Mateo,2021-03-02,5590,247893,3875,131234,1715,116659,0,0,3210,98230,2370,74730,3210,172960,California
San Mateo,2021-03-03,7648,255541,3560,134794,4088,120747,0,0,3126,96843,4514,79244,3127,176087,California
San Mateo,2021-03-04,7514,263055,3576,138370,3936,124683,2,2,3288,95923,4216,83460,3296,179383,California
San Mateo,2021-03-05,8096,271151,5582,143952,2512,127195,2,4,5842,99534,2240,85700,5851,185234,California
San Mateo,2021-03-06,7592,278743,5302,149254,2126,129321,164,168,5589,103295,1994,87694,5755,190989,California
San Mateo,2021-03-07,3425,282168,2277,151531,1076,130397,72,240,1962,103869,1460,89154,2034,193023,California
San Mateo,2021-03-08,4289,286457,2410,153941,1705,132102,174,414,3144,106051,1140,90294,3322,196345,California
San Mateo,2021-03-09,4455,290912,2076,156017,2099,134201,280,694,2916,107718,1529,91823,3196,199541,California
San Mateo,2021-03-10,6662,297574,2557,158574,3832,138033,273,967,4323,109988,2330,94153,4600,204141,California
San Mateo,2021-03-11,7304,304878,4101,162675,2865,140898,338,1305,3398,109831,3896,98049,3739,207880,California
San Mateo,2021-03-12,8186,313064,4688,167363,3222,144120,276,1581,3186,108309,4988,103037,3466,211346,California
San Mateo,2021-03-13,7334,320398,3152,170515,2642,146762,1540,3121,3617,109749,3714,106751,5154,216500,California
San Mateo,2021-03-14,4648,325046,3232,173747,1317,148079,99,3220,2848,110900,1796,108547,2947,219447,California
San Mateo,2021-03-15,7034,332080,4521,178268,2344,150423,169,3389,3790,111622,3237,111784,3959,223406,California
San Mateo,2021-03-16,10860,342940,4364,182632,6366,156789,130,3519,4825,110558,6022,117806,4958,228364,California
San Mateo,2021-03-17,9677,352617,4245,186877,5312,162101,120,3639,4715,110459,4942,122748,4843,233207,California
San Mateo,2021-03-18,6187,358804,3470,190347,2546,164647,171,3810,3573,111594,2612,125360,3747,236954,California
San Mateo,2021-03-19,6128,364932,4143,194490,1511,166158,474,4284,3022,111993,3100,128460,3499,240453,California
San Mateo,2021-03-20,6245,371177,4973,199463,1041,167199,231,4515,4353,114699,1879,130339,4585,245038,California
San Mateo,2021-03-21,4026,375203,3025,202488,770,167969,231,4746,2298,115505,1719,132058,2525,247563,California
San Mateo,2021-03-22,5257,380460,3549,206037,1289,169258,419,5165,2939,116561,2305,134363,3361,250924,California
San Mateo,2021-03-23,9753,390213,4445,210482,5112,174370,196,5361,4736,116520,4993,139356,4952,255876,California
San Mateo,2021-03-24,9457,399670,5409,215891,3904,178274,144,5505,4257,115904,5151,144507,4535,260411,California
San Mateo,2021-03-25,9647,409317,4576,220467,4817,183091,254,5759,4226,115110,5332,149839,4538,264949,California
San Mateo,2021-03-26,10905,420222,7482,227949,3256,186347,167,5926,4387,113289,6490,156329,4669,269618,California
San Mateo,2021-03-27,10189,430411,7796,235745,2286,188633,107,6033,4521,112351,5648,161977,4710,274328,California
San Mateo,2021-03-28,4124,434535,2669,238414,1344,189977,111,6144,2046,112450,2072,164049,2171,276499,California
San Mateo,2021-03-29,5942,440477,3638,242052,2044,192021,260,6404,2825,112460,3102,167151,3112,279611,California
San Mateo,2021-03-30,7043,447520,3978,246030,2905,194926,160,6564,4530,114705,2498,169649,4743,284354,California
San Mateo,2021-03-31,7003,454523,4471,250501,2413,197339,119,6683,4175,116250,2815,172464,4360,288714,California
San Mateo,2021-04-01,6251,460774,2736,253237,2704,200043,811,7494,3011,117215,3230,175694,4195,292909,California
Santa Barbara,2020-12-15,2,2,2,2,0,0,0,0,2,2,0,0,2,2,California
Santa Barbara,2020-12-16,2,4,2,4,0,0,0,0,2,4,0,0,2,4,California
Santa Barbara,2020-12-17,51,55,51,55,0,0,0,0,51,55,0,0,51,55,California
Santa Barbara,2020-12-18,377,432,376,431,1,1,0,0,377,432,0,0,377,432,California
Santa Barbara,2020-12-19,325,757,325,756,0,1,0,0,325,757,0,0,325,757,California
Santa Barbara,2020-12-20,234,991,234,990,0,1,0,0,234,991,0,0,234,991,California
Santa Barbara,2020-12-21,649,1640,647,1637,2,3,0,0,649,1640,0,0,649,1640,California
Santa Barbara,2020-12-22,243,1883,241,1878,2,5,0,0,243,1883,0,0,243,1883,California
Santa Barbara,2020-12-23,320,2203,202,2080,118,123,0,0,320,2203,0,0,320,2203,California
Santa Barbara,2020-12-24,87,2290,40,2120,47,170,0,0,87,2290,0,0,87,2290,California
Santa Barbara,2020-12-26,328,2618,67,2187,261,431,0,0,328,2618,0,0,328,2618,California
Santa Barbara,2020-12-27,62,2680,1,2188,61,492,0,0,62,2680,0,0,62,2680,California
Santa Barbara,2020-12-28,352,3032,218,2406,134,626,0,0,352,3032,0,0,352,3032,California
Santa Barbara,2020-12-29,550,3582,358,2764,192,818,0,0,550,3582,0,0,550,3582,California
Santa Barbara,2020-12-30,582,4164,402,3166,180,998,0,0,582,4164,0,0,582,4164,California
Santa Barbara,2020-12-31,238,4402,112,3278,126,1124,0,0,238,4402,0,0,238,4402,California
Santa Barbara,2021-01-01,107,4509,106,3384,1,1125,0,0,107,4509,0,0,107,4509,California
Santa Barbara,2021-01-02,587,5096,224,3608,363,1488,0,0,587,5096,0,0,587,5096,California
Santa Barbara,2021-01-03,23,5119,15,3623,8,1496,0,0,23,5119,0,0,23,5119,California
Santa Barbara,2021-01-04,304,5423,243,3866,61,1557,0,0,303,5422,0,0,303,5422,California
Santa Barbara,2021-01-05,748,6171,376,4242,372,1929,0,0,722,6118,26,26,722,6144,California
Santa Barbara,2021-01-06,656,6827,273,4515,383,2312,0,0,598,6659,57,83,598,6742,California
Santa Barbara,2021-01-07,1028,7855,706,5221,322,2634,0,0,524,6683,500,583,524,7266,California
Santa Barbara,2021-01-08,1202,9057,839,6060,363,2997,0,0,709,6899,493,1076,709,7975,California
Santa Barbara,2021-01-09,568,9625,293,6353,275,3272,0,0,323,6977,245,1321,323,8298,California
Santa Barbara,2021-01-10,65,9690,51,6404,14,3286,0,0,49,7010,16,1337,49,8347,California
Santa Barbara,2021-01-11,839,10529,668,7072,171,3457,0,0,615,7402,223,1560,615,8962,California
Santa Barbara,2021-01-12,1428,11957,634,7706,794,4251,0,0,1271,8516,157,1717,1271,10233,California
Santa Barbara,2021-01-13,1229,13186,280,7986,949,5200,0,0,1104,9495,125,1842,1104,11337,California
Santa Barbara,2021-01-14,1244,14430,133,8119,1111,6311,0,0,1190,10632,53,1895,1190,12527,California
Santa Barbara,2021-01-15,1792,16222,414,8533,1378,7689,0,0,1713,12267,78,1973,1713,14240,California
Santa Barbara,2021-01-16,1269,17491,199,8732,1070,8759,0,0,1231,13461,37,2010,1231,15471,California
Santa Barbara,2021-01-17,125,17616,21,8753,104,8863,0,0,121,13578,4,2014,121,15592,California
Santa Barbara,2021-01-18,1150,18766,416,9169,734,9597,0,0,966,14361,183,2197,966,16558,California
Santa Barbara,2021-01-19,1637,20403,565,9734,1072,10669,0,0,1359,15443,277,2474,1359,17917,California
Santa Barbara,2021-01-20,1984,22387,441,10175,1543,12212,0,0,1695,16850,288,2762,1695,19612,California
Santa Barbara,2021-01-21,3084,25471,1814,11989,1270,13482,0,0,2933,19633,151,2913,2934,22546,California
Santa Barbara,2021-01-22,2990,28461,1849,13838,1141,14623,0,0,2845,22336,142,3055,2845,25391,California
Santa Barbara,2021-01-23,1732,30193,1107,14945,625,15248,0,0,1222,23049,509,3564,1222,26613,California
Santa Barbara,2021-01-24,845,31038,754,15699,91,15339,0,0,837,23878,8,3572,837,27450,California
Santa Barbara,2021-01-25,1232,32270,492,16191,740,16079,0,0,995,24636,237,3809,995,28445,California
Santa Barbara,2021-01-26,2033,34303,458,16649,1575,17654,0,0,1649,25904,382,4191,1650,30095,California
Santa Barbara,2021-01-27,1154,35457,399,17048,755,18409,0,0,899,26549,254,4445,899,30994,California
Santa Barbara,2021-01-28,890,36347,293,17341,597,19006,0,0,680,27022,207,4652,680,31674,California
Santa Barbara,2021-01-29,1328,37675,533,17874,795,19801,0,0,975,27649,350,5002,977,32651,California
Santa Barbara,2021-01-30,1894,39569,1422,19296,472,20273,0,0,1491,28740,400,5402,1491,34142,California
Santa Barbara,2021-01-31,1458,41027,1221,20517,237,20510,0,0,1418,30118,40,5442,1418,35560,California
Santa Barbara,2021-02-01,931,41958,516,21033,415,20925,0,0,544,30276,386,5828,544,36104,California
Santa Barbara,2021-02-02,1809,43767,693,21726,1116,22041,0,0,1036,30542,770,6598,1036,37140,California
Santa Barbara,2021-02-03,1943,45710,1077,22803,866,22907,0,0,1500,31608,434,7032,1500,38640,California
Santa Barbara,2021-02-04,2775,48485,1859,24662,916,23823,0,0,2481,33800,289,7321,2481,41121,California
Santa Barbara,2021-02-05,2900,51385,2057,26719,843,24666,0,0,2259,35419,640,7961,2259,43380,California
Santa Barbara,2021-02-06,1200,52585,337,27056,863,25529,0,0,794,35807,406,8367,794,44174,California
Santa Barbara,2021-02-07,300,52885,262,27318,38,25567,0,0,265,36038,34,8401,265,44439,California
Santa Barbara,2021-02-08,952,53837,307,27625,645,26212,0,0,666,36418,286,8687,666,45105,California
Santa Barbara,2021-02-09,2432,56269,312,27937,2120,28332,0,0,1119,36233,1304,9991,1119,46224,California
Santa Barbara,2021-02-10,2753,59022,1495,29432,1258,29590,0,0,798,35082,1949,11940,798,47022,California
Santa Barbara,2021-02-11,4175,63197,2803,32235,1372,30962,0,0,617,32146,3553,15493,617,47639,California
Santa Barbara,2021-02-12,3298,66495,945,33180,2353,33315,0,0,769,30391,2524,18017,769,48408,California
Santa Barbara,2021-02-13,1233,67728,337,33517,896,34211,0,0,561,30283,669,18686,561,48969,California
Santa Barbara,2021-02-14,331,68059,33,33550,298,34509,0,0,285,30522,46,18732,285,49254,California
Santa Barbara,2021-02-15,952,69011,335,33885,617,35126,0,0,486,30546,462,19194,486,49740,California
Santa Barbara,2021-02-16,2112,71123,396,34281,1716,36842,0,0,721,29878,1389,20583,721,50461,California
Santa Barbara,2021-02-17,1425,72548,317,34598,1108,37950,0,0,512,29479,911,21494,512,50973,California
Santa Barbara,2021-02-18,3249,75797,2646,37244,603,38553,0,0,1517,29298,1698,23192,1517,52490,California
Santa Barbara,2021-02-19,3600,79397,2649,39893,951,39504,0,0,2333,30366,1265,24457,2333,54823,California
Santa Barbara,2021-02-20,2219,81616,1428,41321,791,40295,0,0,1669,31495,541,24998,1670,56493,California
Santa Barbara,2021-02-21,103,81719,77,41398,26,40321,0,0,51,31494,52,25050,51,56544,California
Santa Barbara,2021-02-22,906,82625,229,41627,677,40998,0,0,252,31099,647,25697,252,56796,California
Santa Barbara,2021-02-23,3178,85803,1042,42669,2136,43134,0,0,422,28767,2754,28451,422,57218,California
Santa Barbara,2021-02-24,3158,88961,1080,43749,2078,45212,0,0,710,27037,2440,30891,710,57928,California
Santa Barbara,2021-02-25,3451,92412,1917,45666,1534,46746,0,0,986,25565,2458,33349,986,58914,California
Santa Barbara,2021-02-26,3632,96044,2168,47834,1464,48210,0,0,1977,25893,1650,34999,1978,60892,California
Santa Barbara,2021-02-27,1517,97561,561,48395,956,49166,0,0,840,26064,672,35671,843,61735,California
Santa Barbara,2021-02-28,1071,98632,215,48610,856,50022,0,0,883,26763,185,35856,884,62619,California
Santa Barbara,2021-03-01,1580,100212,458,49068,1122,51144,0,0,1068,27324,509,36365,1070,63689,California
Santa Barbara,2021-03-02,2479,102691,388,49456,2091,53235,0,0,2011,28875,460,36825,2011,65700,California
Santa Barbara,2021-03-03,4450,107141,2067,51523,2381,55616,2,2,3884,32208,557,37382,3890,69590,California
Santa Barbara,2021-03-04,3348,110489,2249,53772,1099,56715,0,2,2811,34489,531,37913,2812,72402,California
Santa Barbara,2021-03-05,3740,114229,2153,55925,1531,58246,56,58,3044,36899,691,38604,3101,75503,California
Santa Barbara,2021-03-06,2367,116596,703,56628,1465,59711,199,257,1627,37986,738,39342,1825,77328,California
Santa Barbara,2021-03-07,544,117140,123,56751,305,60016,116,373,381,38321,163,39505,498,77826,California
Santa Barbara,2021-03-08,1515,118655,368,57119,835,60851,312,685,768,38658,743,40248,1080,78906,California
Santa Barbara,2021-03-09,2666,121321,325,57444,1630,62481,711,1396,682,38070,1980,42228,1392,80298,California
Santa Barbara,2021-03-10,2426,123747,415,57859,1108,63589,903,2299,863,38280,1556,43784,1766,82064,California
Santa Barbara,2021-03-11,5288,129035,2935,60794,1328,64917,1025,3324,2133,38290,3148,46932,3158,85222,California
Santa Barbara,2021-03-12,2967,132002,1795,62589,828,65745,344,3668,1820,39311,1144,48076,2165,87387,California
Santa Barbara,2021-03-13,2706,134708,1492,64081,1071,66816,143,3811,2180,41111,525,48601,2325,89712,California
Santa Barbara,2021-03-14,493,135201,241,64322,198,67014,54,3865,287,41246,206,48807,341,90053,California
Santa Barbara,2021-03-15,2040,137241,669,64991,1109,68123,262,4127,1237,41946,799,49606,1499,91552,California
Santa Barbara,2021-03-16,3538,140779,1132,66123,2070,70193,336,4463,2562,43872,972,50578,2898,94450,California
Santa Barbara,2021-03-17,3130,143909,881,67004,1851,72044,398,4861,2174,45491,954,51532,2573,97023,California
Santa Barbara,2021-03-18,3534,147443,2204,69208,1174,73218,156,5017,2495,47114,1030,52562,2653,99676,California
Santa Barbara,2021-03-19,3348,150791,1998,71206,1034,74252,316,5333,2168,48423,1177,53739,2486,102162,California
Santa Barbara,2021-03-20,1551,152342,672,71878,872,75124,7,5340,973,48826,577,54316,980,103142,California
Santa Barbara,2021-03-21,1132,153474,368,72246,734,75858,30,5370,812,49352,317,54633,843,103985,California
Santa Barbara,2021-03-22,2716,156190,1858,74104,812,76670,46,5416,2169,51030,541,55174,2219,106204,California
Santa Barbara,2021-03-23,4295,160485,2205,76309,1996,78666,94,5510,3546,53929,742,55916,3641,109845,California
Santa Barbara,2021-03-24,5220,165705,3036,79345,1460,80126,724,6234,2816,55081,2387,58303,3539,113384,California
Santa Barbara,2021-03-25,5409,171114,3211,82556,2019,82145,179,6413,2676,55219,2720,61023,2858,116242,California
Santa Barbara,2021-03-26,5008,176122,3164,85720,1549,83694,295,6708,2187,54896,2807,63830,2484,118726,California
Santa Barbara,2021-03-27,2869,178991,1208,86928,1621,85315,40,6748,1577,55234,1286,65116,1624,120350,California
Santa Barbara,2021-03-28,2670,181661,1585,88513,1057,86372,28,6776,1804,56205,863,65979,1834,122184,California
Santa Barbara,2021-03-29,3876,185537,2016,90529,1787,88159,73,6849,3144,58701,729,66708,3225,125409,California
Santa Barbara,2021-03-30,6462,191999,3320,93849,3067,91226,75,6924,4335,61002,2117,68825,4418,129827,California
Santa Barbara,2021-03-31,7410,199409,5098,98947,2265,93491,47,6971,4649,63179,2747,71572,4924,134751,California
Santa Barbara,2021-04-01,3154,202563,2461,101408,670,94161,23,6994,1259,62656,1891,73463,1368,136119,California
Santa Clara,2020-12-15,63,63,63,63,0,0,0,0,63,63,0,0,63,63,California
Santa Clara,2020-12-16,132,195,132,195,0,0,0,0,132,195,0,0,132,195,California
Santa Clara,2020-12-17,453,648,453,648,0,0,0,0,453,648,0,0,453,648,California
Santa Clara,2020-12-18,1720,2368,1720,2368,0,0,0,0,1720,2368,0,0,1720,2368,California
Santa Clara,2020-12-19,2110,4478,2110,4478,0,0,0,0,2108,4475,1,1,2108,4476,California
Santa Clara,2020-12-20,1875,6353,1869,6347,6,6,0,0,1872,6347,0,1,1872,6348,California
Santa Clara,2020-12-21,2646,8999,2646,8993,0,6,0,0,2643,8989,1,2,2643,8991,California
Santa Clara,2020-12-22,3105,12104,3096,12089,9,15,0,0,3103,12092,0,2,3103,12094,California
Santa Clara,2020-12-23,3232,15336,3047,15136,185,200,0,0,3230,15322,0,2,3230,15324,California
Santa Clara,2020-12-24,1887,17223,1698,16834,189,389,0,0,1881,17202,1,3,1881,17205,California
Santa Clara,2020-12-25,337,17560,336,17170,1,390,0,0,337,17539,0,3,337,17542,California
Santa Clara,2020-12-26,1257,18817,1026,18196,231,621,0,0,1256,18795,0,3,1256,18798,California
Santa Clara,2020-12-27,635,19452,498,18694,137,758,0,0,635,19430,0,3,635,19433,California
Santa Clara,2020-12-28,2322,21774,1720,20414,602,1360,0,0,2322,21752,0,3,2322,21755,California
Santa Clara,2020-12-29,2321,24095,1458,21872,863,2223,0,0,2319,24071,0,3,2319,24074,California
Santa Clara,2020-12-30,2970,27065,1882,23754,1088,3311,0,0,2970,27041,0,3,2970,27044,California
Santa Clara,2020-12-31,1200,28265,385,24139,815,4126,0,0,1199,28239,1,4,1199,28243,California
Santa Clara,2021-01-01,135,28400,5,24144,130,4256,0,0,135,28374,0,4,135,28378,California
Santa Clara,2021-01-02,1082,29482,811,24955,271,4527,0,0,1082,29456,0,4,1082,29460,California
Santa Clara,2021-01-03,583,30065,367,25322,216,4743,0,0,581,30035,2,6,581,30041,California
Santa Clara,2021-01-04,2473,32538,1669,26991,804,5547,0,0,2470,32504,1,7,2470,32511,California
Santa Clara,2021-01-05,3051,35589,1995,28986,1056,6603,0,0,2866,35189,184,191,2869,35380,California
Santa Clara,2021-01-06,3300,38889,1942,30928,1358,7961,0,0,2732,37357,565,756,2733,38113,California
Santa Clara,2021-01-07,4129,43018,2470,33398,1659,9620,0,0,3103,39451,1016,1772,3110,41223,California
Santa Clara,2021-01-08,5850,48868,3827,37225,2023,11643,0,0,3791,41188,2054,3826,3791,45014,California
Santa Clara,2021-01-09,2986,51854,1878,39103,1108,12751,0,0,1710,41627,1276,5102,1715,46729,California
Santa Clara,2021-01-10,1867,53721,1424,40527,443,13194,0,0,728,41217,1138,6240,728,47457,California
Santa Clara,2021-01-11,5610,59331,3403,43930,2207,15401,0,0,3292,42196,2318,8558,3297,50754,California
Santa Clara,2021-01-12,6675,66006,3277,47207,3398,18799,0,0,4500,44529,2175,10733,4508,55262,California
Santa Clara,2021-01-13,7389,73395,3056,50263,4333,23132,0,0,5217,47590,2169,12902,5230,60492,California
Santa Clara,2021-01-14,8147,81542,2706,52969,5441,28573,0,0,6489,52433,1655,14557,6498,66990,California
Santa Clara,2021-01-15,9571,91113,2930,55899,6641,35214,0,0,8110,59103,1457,16014,8127,75117,California
Santa Clara,2021-01-16,4441,95554,1309,57208,3132,38346,0,0,3543,61755,895,16909,3547,78664,California
Santa Clara,2021-01-17,3234,98788,613,57821,2621,40967,0,0,2731,63985,501,17410,2731,81395,California
Santa Clara,2021-01-18,5209,103997,1252,59073,3957,44924,0,0,4563,67904,646,18056,4565,85960,California
Santa Clara,2021-01-19,8398,112395,2619,61692,5779,50703,0,0,6752,73020,1644,19700,6760,92720,California
Santa Clara,2021-01-20,7973,120368,3999,65691,3974,54677,0,0,6453,77957,1517,21217,6454,99174,California
Santa Clara,2021-01-21,8498,128866,3626,69317,4872,59549,0,0,7354,84171,1141,22358,7355,106529,California
Santa Clara,2021-01-22,8660,137526,3278,72595,5382,64931,0,0,8014,91542,645,23003,8016,114545,California
Santa Clara,2021-01-23,3778,141304,1683,74278,2095,67026,0,0,2823,93410,955,23958,2823,117368,California
Santa Clara,2021-01-24,2886,144190,1469,75747,1417,68443,0,0,2353,95231,532,24490,2353,119721,California
Santa Clara,2021-01-25,8303,152493,3728,79475,4575,73018,0,0,6294,99539,2003,26493,6311,126032,California
Santa Clara,2021-01-26,8227,160720,3763,83238,4464,77482,0,0,6086,103503,2130,28623,6094,132126,California
Santa Clara,2021-01-27,8593,169313,3744,86982,4849,82331,0,0,6736,108401,1839,30462,6737,138863,California
Santa Clara,2021-01-28,9430,178743,3785,90767,5645,87976,0,0,7464,113927,1942,32404,7468,146331,California
Santa Clara,2021-01-29,9443,188186,3884,94651,5559,93535,0,0,7330,119154,2103,34507,7330,153661,California
Santa Clara,2021-01-30,3900,192086,1799,96450,2101,95636,0,0,2956,121169,942,35449,2957,156618,California
Santa Clara,2021-01-31,2566,194652,1700,98150,866,96502,0,0,1576,121763,983,36432,1577,158195,California
Santa Clara,2021-02-01,7804,202456,3457,101607,4347,100849,0,0,6133,126235,1663,38095,6135,164330,California
Santa Clara,2021-02-02,8046,210502,2851,104458,5195,106044,0,0,6068,130332,1974,40069,6071,170401,California
Santa Clara,2021-02-03,9184,219686,3470,107928,5714,111758,0,0,6930,135018,2249,42318,6935,177336,California
Santa Clara,2021-02-04,10551,230237,4116,112044,6435,118193,0,0,8287,141051,2257,44575,8290,185626,California
Santa Clara,2021-02-05,11879,242116,4326,116370,7553,125746,0,0,8433,146055,3430,48005,8434,194060,California
Santa Clara,2021-02-06,5142,247258,2792,119162,2350,128096,0,0,3991,148898,1148,49153,3991,198051,California
Santa Clara,2021-02-07,3466,250724,2348,121510,1118,129214,0,0,3022,151478,442,49595,3022,201073,California
Santa Clara,2021-02-08,9997,260721,3478,124988,6519,135733,0,0,7275,156048,2707,52302,7277,208350,California
Santa Clara,2021-02-09,10767,271488,3801,128789,6966,142699,0,0,7292,159876,3466,55768,7294,215644,California
Santa Clara,2021-02-10,12650,284138,4894,133683,7756,150455,0,0,6925,161091,5713,61481,6928,222572,California
Santa Clara,2021-02-11,13168,297306,4629,138312,8539,158994,0,0,7437,162811,5719,67200,7439,230011,California
Santa Clara,2021-02-12,14543,311849,4473,142785,10070,169064,0,0,7040,162365,7487,74687,7041,237052,California
Santa Clara,2021-02-13,6074,317923,1442,144227,4632,173696,0,0,2218,160732,3852,78539,2219,239271,California
Santa Clara,2021-02-14,4628,322551,1141,145368,3487,177183,0,0,1493,159091,3134,81673,1493,240764,California
Santa Clara,2021-02-15,6224,328775,2780,148148,3444,180627,0,0,2680,158237,3538,85211,2684,243448,California
Santa Clara,2021-02-16,13568,342343,3991,152139,9577,190204,0,0,6750,158187,6800,92011,6750,250198,California
Santa Clara,2021-02-17,14037,356380,5488,157627,8549,198753,0,0,7033,158236,6989,99000,7038,257236,California
Santa Clara,2021-02-18,13672,370052,8340,165967,5332,204085,0,0,7009,158604,6642,105642,7010,264246,California
Santa Clara,2021-02-19,14691,384743,9532,175499,5159,209244,0,0,8528,160988,6145,111787,8529,272775,California
Santa Clara,2021-02-20,6815,391558,5098,180597,1717,210961,0,0,3689,161560,3117,114904,3689,276464,California
Santa Clara,2021-02-21,3230,394788,2413,183010,817,211778,0,0,1169,160677,2054,116958,1171,277635,California
Santa Clara,2021-02-22,10092,404880,6043,189053,4049,215827,0,0,4753,160104,5327,122285,4754,282389,California
Santa Clara,2021-02-23,11815,416695,7686,196739,4129,219956,0,0,6688,161692,5115,127400,6703,289092,California
Santa Clara,2021-02-24,14067,430762,9077,205816,4990,224946,0,0,8716,165077,5334,132734,8719,297811,California
Santa Clara,2021-02-25,14038,444800,9200,215016,4838,229784,0,0,7641,166341,6379,139113,7643,305454,California
Santa Clara,2021-02-26,14477,459277,8374,223390,6103,235887,0,0,7959,167815,6493,145606,7967,313421,California
Santa Clara,2021-02-27,8049,467326,5508,228898,2541,238428,0,0,4467,168716,3574,149180,4475,317896,California
Santa Clara,2021-02-28,4684,472010,3065,231963,1619,240047,0,0,2186,168412,2490,151670,2186,320082,California
Santa Clara,2021-03-01,14029,486039,7951,239914,6077,246124,1,1,8692,171785,5322,156992,8695,328777,California
Santa Clara,2021-03-02,13660,499699,8195,248109,5465,251589,0,1,9153,176459,4483,161475,9157,337934,California
Santa Clara,2021-03-03,17039,516738,8314,256423,8723,260312,2,3,10310,180087,6690,168165,10318,348252,California
Santa Clara,2021-03-04,14237,530975,7865,264288,6370,266682,2,5,8083,182051,6122,174287,8086,356338,California
Santa Clara,2021-03-05,14509,545484,8429,272717,5957,272639,123,128,7634,182972,6851,181138,7772,364110,California
Santa Clara,2021-03-06,8897,554381,5982,278699,2468,275107,447,575,6667,187874,2214,183352,7116,371226,California
Santa Clara,2021-03-07,6429,560810,4157,282856,2049,277156,223,798,5111,191901,1310,184662,5337,376563,California
Santa Clara,2021-03-08,12473,573283,6468,289324,5533,282689,472,1270,7974,195874,4477,189139,8450,385013,California
Santa Clara,2021-03-09,11980,585263,5247,294571,5596,288285,1137,2407,5693,196434,6273,195412,6833,391846,California
Santa Clara,2021-03-10,14466,599729,6261,300832,6432,294717,1773,4180,5886,195538,8555,203967,7659,399505,California
Santa Clara,2021-03-11,15555,615284,7237,308069,7094,301811,1224,5404,5303,191838,10227,214194,6527,406032,California
Santa Clara,2021-03-12,15513,630797,8002,316071,6354,308165,1157,6561,5288,188097,10194,224388,6453,412485,California
Santa Clara,2021-03-13,9642,640439,5626,321697,2629,310794,1387,7948,4296,188453,5325,229713,5681,418166,California
Santa Clara,2021-03-14,6062,646501,3233,324930,1569,312363,1260,9208,2960,189579,3091,232804,4217,422383,California
Santa Clara,2021-03-15,12770,659271,6458,331388,6037,318400,275,9483,5998,189110,6745,239549,6276,428659,California
Santa Clara,2021-03-16,17396,676667,10245,341633,6938,325338,213,9696,8430,188816,8939,248488,8645,437304,California
Santa Clara,2021-03-17,18939,695606,10691,352324,8074,333412,174,9870,9673,189449,9217,257705,9850,447154,California
Santa Clara,2021-03-18,15277,710883,7323,359647,7057,340469,897,10767,7088,189288,8147,265852,7986,455140,California
Santa Clara,2021-03-19,14333,725216,7431,367078,6118,346587,784,11551,7630,191037,6666,272518,8415,463555,California
Santa Clara,2021-03-20,8379,733595,4691,371769,3180,349767,508,12059,5180,193543,3182,275700,5688,469243,California
Santa Clara,2021-03-21,8160,741755,3702,375471,3102,352869,1356,13415,5504,197760,2645,278345,6862,476105,California
Santa Clara,2021-03-22,16214,757969,9120,384591,6740,359609,354,13769,9371,200675,6823,285168,9738,485843,California
Santa Clara,2021-03-23,18780,776749,12217,396808,6342,365951,221,13990,11605,205370,7140,292308,11835,497678,California
Santa Clara,2021-03-24,21697,798446,14245,411053,7297,373248,155,14145,14379,212805,7283,299591,14718,512396,California
Santa Clara,2021-03-25,21557,820003,12746,423799,8063,381311,748,14893,13937,220458,7567,307158,15220,527616,California
Santa Clara,2021-03-26,21258,841261,13455,437254,7408,388719,395,15288,13307,226690,7923,315081,14155,541771,California
Santa Clara,2021-03-27,14299,855560,9621,446875,4171,392890,507,15795,7809,228870,6465,321546,8645,550416,California
Santa Clara,2021-03-28,11005,866565,7905,454780,2669,395559,431,16226,6350,231194,4636,326182,6960,557376,California
Santa Clara,2021-03-29,19620,886185,11931,466711,6960,402519,729,16955,10645,233728,8948,335130,11482,568858,California
Santa Clara,2021-03-30,23430,909615,14770,481481,7953,410472,707,17662,15962,243355,7443,342573,17070,585928,California
Santa Clara,2021-03-31,17472,927087,11072,492553,5750,416222,650,18312,12208,251232,5240,347813,13117,599045,California
Santa Clara,2021-04-01,21744,948831,15405,507958,5315,421537,1024,19336,15057,260973,6657,354470,16398,615443,California
Santa Cruz,2020-12-15,2,2,2,2,0,0,0,0,2,2,0,0,2,2,California
Santa Cruz,2020-12-16,57,59,57,59,0,0,0,0,57,59,0,0,57,59,California
Santa Cruz,2020-12-17,390,449,390,449,0,0,0,0,390,449,0,0,390,449,California
Santa Cruz,2020-12-18,466,915,466,915,0,0,0,0,466,915,0,0,466,915,California
Santa Cruz,2020-12-19,176,1091,175,1090,1,1,0,0,176,1091,0,0,176,1091,California
Santa Cruz,2020-12-20,95,1186,95,1185,0,1,0,0,95,1186,0,0,95,1186,California
Santa Cruz,2020-12-21,429,1615,429,1614,0,1,0,0,429,1615,0,0,429,1615,California
Santa Cruz,2020-12-22,423,2038,422,2036,1,2,0,0,423,2038,0,0,423,2038,California
Santa Cruz,2020-12-23,372,2410,330,2366,42,44,0,0,372,2410,0,0,372,2410,California
Santa Cruz,2020-12-24,126,2536,51,2417,75,119,0,0,126,2536,0,0,126,2536,California
Santa Cruz,2020-12-25,11,2547,11,2428,0,119,0,0,11,2547,0,0,11,2547,California
Santa Cruz,2020-12-26,64,2611,45,2473,19,138,0,0,64,2611,0,0,64,2611,California
Santa Cruz,2020-12-27,32,2643,27,2500,5,143,0,0,32,2643,0,0,32,2643,California
Santa Cruz,2020-12-28,482,3125,107,2607,375,518,0,0,482,3125,0,0,482,3125,California
Santa Cruz,2020-12-29,794,3919,367,2974,427,945,0,0,794,3919,0,0,794,3919,California
Santa Cruz,2020-12-30,357,4276,165,3139,192,1137,0,0,357,4276,0,0,357,4276,California
Santa Cruz,2020-12-31,314,4590,11,3150,303,1440,0,0,314,4590,0,0,314,4590,California
Santa Cruz,2021-01-01,32,4622,0,3150,32,1472,0,0,32,4622,0,0,32,4622,California
Santa Cruz,2021-01-02,70,4692,56,3206,14,1486,0,0,70,4692,0,0,70,4692,California
Santa Cruz,2021-01-03,15,4707,7,3213,8,1494,0,0,15,4707,0,0,15,4707,California
Santa Cruz,2021-01-04,280,4987,123,3336,157,1651,0,0,278,4984,1,1,278,4985,California
Santa Cruz,2021-01-05,565,5552,428,3764,137,1788,0,0,263,4945,302,303,263,5248,California
Santa Cruz,2021-01-06,804,6356,670,4434,134,1922,0,0,466,5074,337,640,466,5714,California
Santa Cruz,2021-01-07,538,6894,210,4644,328,2250,0,0,387,5311,151,791,388,6102,California
Santa Cruz,2021-01-08,935,7829,562,5206,373,2623,0,0,486,5350,448,1239,487,6589,California
Santa Cruz,2021-01-09,462,8291,121,5327,341,2964,0,0,410,5708,52,1291,410,6999,California
Santa Cruz,2021-01-10,72,8363,62,5389,10,2974,0,0,18,5672,54,1345,18,7017,California
Santa Cruz,2021-01-11,716,9079,582,5971,134,3108,0,0,192,5340,524,1869,192,7209,California
Santa Cruz,2021-01-12,733,9812,529,6500,204,3312,0,0,491,5589,242,2111,491,7700,California
Santa Cruz,2021-01-13,523,10335,229,6729,294,3606,0,0,438,5946,82,2193,439,8139,California
Santa Cruz,2021-01-14,543,10878,93,6822,450,4056,0,0,484,6371,59,2252,484,8623,California
Santa Cruz,2021-01-15,1467,12345,91,6913,1376,5432,0,0,1392,7690,74,2326,1393,10016,California
Santa Cruz,2021-01-16,435,12780,63,6976,372,5804,0,0,408,8071,27,2353,408,10424,California
Santa Cruz,2021-01-17,285,13065,32,7008,253,6057,0,0,267,8320,18,2371,267,10691,California
Santa Cruz,2021-01-18,1026,14091,113,7121,913,6970,0,0,957,9208,69,2440,957,11648,California
Santa Cruz,2021-01-19,1622,15713,522,7643,1100,8070,0,0,1270,10129,350,2790,1271,12919,California
Santa Cruz,2021-01-20,1231,16944,182,7825,1049,9119,0,0,1036,10973,192,2982,1036,13955,California
Santa Cruz,2021-01-21,1700,18644,197,8022,1503,10622,0,0,1595,12464,105,3087,1596,15551,California
Santa Cruz,2021-01-22,1799,20443,536,8558,1263,11885,0,0,1695,14059,101,3188,1696,17247,California
Santa Cruz,2021-01-23,401,20844,144,8702,257,12142,0,0,342,14343,58,3246,342,17589,California
Santa Cruz,2021-01-24,116,20960,21,8723,95,12237,0,0,97,14421,19,3265,97,17686,California
Santa Cruz,2021-01-25,1058,22018,360,9083,698,12935,0,0,550,14465,508,3773,552,18238,California
Santa Cruz,2021-01-26,1676,23694,247,9330,1429,14364,0,0,1164,15118,512,4285,1165,19403,California
Santa Cruz,2021-01-27,1641,25335,445,9775,1196,15560,0,0,1258,15994,382,4667,1258,20661,California
Santa Cruz,2021-01-28,1744,27079,289,10064,1455,17015,0,0,1470,17192,273,4940,1471,22132,California
Santa Cruz,2021-01-29,1733,28812,486,10550,1247,18262,0,0,1604,18668,128,5068,1604,23736,California
Santa Cruz,2021-01-30,1053,29865,301,10851,752,19014,0,0,926,19467,127,5195,926,24662,California
Santa Cruz,2021-01-31,229,30094,124,10975,105,19119,0,0,204,19646,25,5220,204,24866,California
Santa Cruz,2021-02-01,1228,31322,759,11734,469,19588,0,0,819,20057,409,5629,820,25686,California
Santa Cruz,2021-02-02,1008,32330,130,11864,878,20466,0,0,854,20758,153,5782,854,26540,California
Santa Cruz,2021-02-03,2204,34534,943,12807,1261,21727,0,0,1896,22350,304,6086,1896,28436,California
Santa Cruz,2021-02-04,1829,36363,772,13579,1057,22784,0,0,1493,23508,335,6421,1493,29929,California
Santa Cruz,2021-02-05,3166,39529,791,14370,2375,25159,0,0,2845,26034,319,6740,2845,32774,California
Santa Cruz,2021-02-06,2581,42110,164,14534,2417,27576,0,0,2233,27919,348,7088,2233,35007,California
Santa Cruz,2021-02-07,910,43020,121,14655,789,28365,0,0,893,28795,17,7105,893,35900,California
Santa Cruz,2021-02-08,717,43737,203,14858,514,28879,0,0,518,29115,198,7303,518,36418,California
Santa Cruz,2021-02-09,2375,46112,1052,15910,1323,30202,0,0,2112,30968,259,7562,2112,38530,California
Santa Cruz,2021-02-10,2190,48302,578,16488,1612,31814,0,0,1498,31779,689,8251,1500,40030,California
Santa Cruz,2021-02-11,1843,50145,315,16803,1528,33342,0,0,1321,32580,520,8771,1321,41351,California
Santa Cruz,2021-02-12,3203,53348,424,17227,2779,36121,0,0,1798,32983,1397,10168,1800,43151,California
Santa Cruz,2021-02-13,1706,55054,122,17349,1584,37705,0,0,1293,33863,413,10581,1293,44444,California
Santa Cruz,2021-02-14,1391,56445,72,17421,1319,39024,0,0,1128,34728,263,10844,1128,45572,California
Santa Cruz,2021-02-15,1581,58026,278,17699,1303,40327,0,0,561,34270,1020,11864,562,46134,California
Santa Cruz,2021-02-16,1692,59718,201,17900,1491,41818,0,0,537,33672,1135,12999,537,46671,California
Santa Cruz,2021-02-17,2928,62646,979,18879,1949,43767,0,0,1235,33230,1680,14679,1238,47909,California
Santa Cruz,2021-02-18,2882,65528,638,19517,2244,46011,0,0,1234,32819,1645,16324,1234,49143,California
Santa Cruz,2021-02-19,3262,68790,1148,20665,2114,48125,0,0,2011,33580,1250,17574,2011,51154,California
Santa Cruz,2021-02-20,2377,71167,1497,22162,880,49005,0,0,1887,34977,490,18064,1887,53041,California
Santa Cruz,2021-02-21,796,71963,332,22494,464,49469,0,0,692,35567,102,18166,692,53733,California
Santa Cruz,2021-02-22,1243,73206,960,23454,283,49752,0,0,537,35400,704,18870,537,54270,California
Santa Cruz,2021-02-23,2104,75310,941,24395,1163,50915,0,0,720,34740,1383,20253,723,54993,California
Santa Cruz,2021-02-24,3174,78484,1653,26048,1521,52436,0,0,1217,34006,1953,22206,1219,56212,California
Santa Cruz,2021-02-25,3228,81712,1427,27475,1801,54237,0,0,1774,34336,1447,23653,1777,57989,California
Santa Cruz,2021-02-26,2701,84413,761,28236,1940,56177,0,0,1536,34711,1161,24814,1536,59525,California
Santa Cruz,2021-02-27,2645,87058,936,29172,1709,57886,0,0,1845,35759,799,25613,1847,61372,California
Santa Cruz,2021-02-28,1295,88353,360,29532,935,58821,0,0,1083,36633,209,25822,1083,62455,California
Santa Cruz,2021-03-01,1811,90164,1249,30781,562,59383,0,0,677,36179,1131,26953,677,63132,California
Santa Cruz,2021-03-02,1483,91647,336,31117,1147,60530,0,0,818,36337,663,27616,821,63953,California
Santa Cruz,2021-03-03,2218,93865,583,31700,1635,62165,0,0,1172,36466,1043,28659,1172,65125,California
Santa Cruz,2021-03-04,2770,96635,1361,33061,1408,63573,1,1,1833,37372,928,29587,1834,66959,California
Santa Cruz,2021-03-05,2407,99042,464,33525,1925,65498,18,19,941,36872,1464,31051,964,67923,California
Santa Cruz,2021-03-06,3730,102772,1296,34821,2334,67832,100,119,2030,37305,1700,32751,2133,70056,California
Santa Cruz,2021-03-07,1350,104122,134,34955,1140,68972,76,195,558,37149,791,33542,635,70691,California
Santa Cruz,2021-03-08,1003,105125,231,35186,686,69658,86,281,618,37478,384,33926,713,71404,California
Santa Cruz,2021-03-09,1656,106781,211,35397,1297,70955,148,429,650,37275,1001,34927,798,72202,California
Santa Cruz,2021-03-10,3705,110486,1996,37393,1579,72534,130,559,1846,37401,1855,36782,1981,74183,California
Santa Cruz,2021-03-11,2590,113076,1093,38486,1348,73882,149,708,1384,37733,1202,37984,1534,75717,California
Santa Cruz,2021-03-12,2517,115593,842,39328,1425,75307,250,958,828,37125,1687,39671,1079,76796,California
Santa Cruz,2021-03-13,2037,117630,1276,40604,718,76025,43,1001,1017,37166,1020,40691,1061,77857,California
Santa Cruz,2021-03-14,731,118361,157,40761,560,76585,14,1015,352,37155,377,41068,366,78223,California
Santa Cruz,2021-03-15,1337,119698,477,41238,824,77409,36,1051,573,37003,762,41830,610,78833,California
Santa Cruz,2021-03-16,2317,122015,1087,42325,1187,78596,43,1094,1339,37411,975,42805,1383,80216,California
Santa Cruz,2021-03-17,3804,125819,2206,44531,1586,80182,12,1106,2454,38535,1345,44150,2469,82685,California
Santa Cruz,2021-03-18,3171,128990,1724,46255,1344,81526,103,1209,1598,38665,1572,45722,1702,84387,California
Santa Cruz,2021-03-19,2446,131436,1090,47345,1143,82669,213,1422,1289,39014,1153,46875,1502,85889,California
Santa Cruz,2021-03-20,1471,132907,1084,48429,356,83025,31,1453,752,39081,716,47591,783,86672,California
Santa Cruz,2021-03-21,817,133724,433,48862,268,83293,116,1569,437,39256,379,47970,554,87226,California
Santa Cruz,2021-03-22,1383,135107,857,49719,505,83798,21,1590,959,39817,419,48389,980,88206,California
Santa Cruz,2021-03-23,2565,137672,1433,51152,1087,84885,45,1635,1734,40767,829,49218,1779,89985,California
Santa Cruz,2021-03-24,2958,140630,1952,53104,984,85869,22,1657,1950,41736,1004,50222,1973,91958,California
Santa Cruz,2021-03-25,2569,143199,1285,54389,1249,87118,35,1692,1335,41888,1225,51447,1377,93335,California
Santa Cruz,2021-03-26,2967,146166,1772,56161,1166,88284,29,1721,2010,42985,952,52399,2049,95384,California
Santa Cruz,2021-03-27,2978,149144,1915,58076,1052,89336,11,1732,1350,42746,1618,54017,1379,96763,California
Santa Cruz,2021-03-28,866,150010,564,58640,289,89625,13,1745,461,42822,402,54419,478,97241,California
Santa Cruz,2021-03-29,1886,151896,858,59498,970,90595,58,1803,1199,43401,682,55101,1261,98502,California
Santa Cruz,2021-03-30,2628,154524,794,60292,1703,92298,131,1934,1712,44358,915,56016,1872,100374,California
Santa Cruz,2021-03-31,3245,157769,2031,62323,1178,93476,36,1970,1845,44922,1396,57412,1960,102334,California
Santa Cruz,2021-04-01,3115,160884,1658,63981,1397,94873,60,2030,1494,45022,1617,59029,1717,104051,California
Shasta,2020-12-16,131,131,131,131,0,0,0,0,131,131,0,0,131,131,California
Shasta,2020-12-17,418,549,418,549,0,0,0,0,418,549,0,0,418,549,California
Shasta,2020-12-18,168,717,168,717,0,0,0,0,168,717,0,0,168,717,California
Shasta,2020-12-19,1,718,1,718,0,0,0,0,1,718,0,0,1,718,California
Shasta,2020-12-21,78,796,78,796,0,0,0,0,78,796,0,0,78,796,California
Shasta,2020-12-22,191,987,186,982,5,5,0,0,191,987,0,0,191,987,California
Shasta,2020-12-23,174,1161,170,1152,4,9,0,0,174,1161,0,0,174,1161,California
Shasta,2020-12-24,18,1179,18,1170,0,9,0,0,18,1179,0,0,18,1179,California
Shasta,2020-12-26,4,1183,1,1171,3,12,0,0,4,1183,0,0,4,1183,California
Shasta,2020-12-27,1,1184,0,1171,1,13,0,0,1,1184,0,0,1,1184,California
Shasta,2020-12-28,40,1224,31,1202,9,22,0,0,40,1224,0,0,40,1224,California
Shasta,2020-12-29,186,1410,185,1387,1,23,0,0,186,1410,0,0,186,1410,California
Shasta,2020-12-30,177,1587,167,1554,10,33,0,0,177,1587,0,0,177,1587,California
Shasta,2020-12-31,82,1669,2,1556,80,113,0,0,82,1669,0,0,82,1669,California
Shasta,2021-01-02,2,1671,0,1556,2,115,0,0,2,1671,0,0,2,1671,California
Shasta,2021-01-03,1,1672,1,1557,0,115,0,0,1,1672,0,0,1,1672,California
Shasta,2021-01-04,347,2019,306,1863,41,156,0,0,348,2020,0,0,348,2020,California
Shasta,2021-01-05,335,2354,314,2177,21,177,0,0,254,2193,81,81,254,2274,California
Shasta,2021-01-06,438,2792,396,2573,42,219,0,0,175,2106,262,343,175,2449,California
Shasta,2021-01-07,116,2908,35,2608,81,300,0,0,95,2180,21,364,95,2544,California
Shasta,2021-01-08,506,3414,446,3054,60,360,0,0,297,2268,209,573,297,2841,California
Shasta,2021-01-09,72,3486,63,3117,9,369,0,0,70,2336,2,575,70,2911,California
Shasta,2021-01-10,5,3491,0,3117,5,374,0,0,4,2340,1,576,5,2916,California
Shasta,2021-01-11,352,3843,185,3302,167,541,0,0,317,2622,35,611,317,3233,California
Shasta,2021-01-12,451,4294,327,3629,124,665,0,0,277,2725,174,785,277,3510,California
Shasta,2021-01-13,541,4835,268,3897,273,938,0,0,371,2926,170,955,371,3881,California
Shasta,2021-01-14,444,5279,48,3945,396,1334,0,0,427,3336,17,972,427,4308,California
Shasta,2021-01-15,635,5914,135,4080,500,1834,0,0,633,3967,2,974,633,4941,California
Shasta,2021-01-16,900,6814,56,4136,844,2678,0,0,897,4861,3,977,897,5838,California
Shasta,2021-01-17,26,6840,6,4142,20,2698,0,0,22,4879,4,981,22,5860,California
Shasta,2021-01-18,599,7439,130,4272,469,3167,0,0,591,5462,8,989,591,6451,California
Shasta,2021-01-19,1019,8458,397,4669,622,3789,0,0,871,6185,148,1137,871,7322,California
Shasta,2021-01-20,668,9126,407,5076,261,4050,0,0,486,6493,178,1315,486,7808,California
Shasta,2021-01-21,630,9756,278,5354,352,4402,0,0,607,7077,23,1338,607,8415,California
Shasta,2021-01-22,445,10201,170,5524,275,4677,0,0,439,7510,6,1344,439,8854,California
Shasta,2021-01-23,69,10270,5,5529,64,4741,0,0,68,7577,1,1345,68,8922,California
Shasta,2021-01-24,26,10296,2,5531,24,4765,0,0,25,7601,1,1346,25,8947,California
Shasta,2021-01-25,752,11048,492,6023,260,5025,0,0,466,7782,285,1631,466,9413,California
Shasta,2021-01-26,709,11757,333,6356,376,5401,0,0,476,8027,231,1862,476,9889,California
Shasta,2021-01-27,460,12217,181,6537,279,5680,0,0,411,8389,49,1911,411,10300,California
Shasta,2021-01-28,853,13070,577,7114,276,5956,0,0,631,8798,222,2133,631,10931,California
Shasta,2021-01-29,829,13899,329,7443,500,6456,0,0,640,9250,189,2322,641,11572,California
Shasta,2021-01-30,614,14513,15,7458,599,7055,0,0,605,9846,9,2331,605,12177,California
Shasta,2021-01-31,28,14541,4,7462,24,7079,0,0,26,9870,2,2333,26,12203,California
Shasta,2021-02-01,502,15043,142,7604,360,7439,0,0,382,10132,120,2453,382,12585,California
Shasta,2021-02-02,953,15996,495,8099,458,7897,0,0,863,10906,89,2542,863,13448,California
Shasta,2021-02-03,657,16653,209,8308,448,8345,0,0,462,11173,195,2737,462,13910,California
Shasta,2021-02-04,1055,17708,658,8966,397,8742,0,0,866,11850,189,2926,866,14776,California
Shasta,2021-02-05,1212,18920,163,9129,1049,9791,0,0,1023,12685,188,3114,1023,15799,California
Shasta,2021-02-06,1725,20645,43,9172,1682,11473,0,0,1701,14362,24,3138,1701,17500,California
Shasta,2021-02-07,25,20670,2,9174,23,11496,0,0,23,14383,2,3140,23,17523,California
Shasta,2021-02-08,543,21213,169,9343,374,11870,0,0,305,14450,238,3378,305,17828,California
Shasta,2021-02-09,1026,22239,649,9992,377,12247,0,0,676,14776,350,3728,676,18504,California
Shasta,2021-02-10,1083,23322,782,10774,301,12548,0,0,592,14878,491,4219,593,19097,California
Shasta,2021-02-11,787,24109,189,10963,598,13146,0,0,306,14708,476,4695,306,19403,California
Shasta,2021-02-12,1659,25768,1140,12103,519,13665,0,0,1168,15385,491,5186,1168,20571,California
Shasta,2021-02-13,1382,27150,368,12471,1014,14679,0,0,569,15142,814,6000,571,21142,California
Shasta,2021-02-14,149,27299,4,12475,145,14824,0,0,124,15241,25,6025,124,21266,California
Shasta,2021-02-15,385,27684,94,12569,291,15115,0,0,217,15290,168,6193,217,21483,California
Shasta,2021-02-16,1083,28767,513,13082,570,15685,0,0,317,14842,765,6958,317,21800,California
Shasta,2021-02-17,981,29748,435,13517,546,16231,0,0,369,14599,612,7570,369,22169,California
Shasta,2021-02-18,870,30618,439,13956,431,16662,0,0,418,14565,452,8022,418,22587,California
Shasta,2021-02-19,1051,31669,660,14616,391,17053,0,0,610,14734,441,8463,610,23197,California
Shasta,2021-02-20,757,32426,88,14704,669,17722,0,0,295,14567,462,8925,295,23492,California
Shasta,2021-02-21,34,32460,4,14708,30,17752,0,0,10,14554,23,8948,10,23502,California
Shasta,2021-02-22,343,32803,68,14776,275,18027,0,0,100,14411,243,9191,100,23602,California
Shasta,2021-02-23,801,33604,466,15242,335,18362,0,0,216,14042,585,9776,216,23818,California
Shasta,2021-02-24,882,34486,501,15743,381,18743,0,0,270,13702,610,10386,270,24088,California
Shasta,2021-02-25,467,34953,155,15898,312,19055,0,0,154,13545,311,10697,154,24242,California
Shasta,2021-02-26,784,35737,88,15986,696,19751,0,0,324,13411,458,11155,324,24566,California
Shasta,2021-02-27,817,36554,32,16018,785,20536,0,0,187,12971,628,11783,188,24754,California
Shasta,2021-02-28,181,36735,5,16023,176,20712,0,0,132,13054,49,11832,132,24886,California
Shasta,2021-03-01,564,37299,64,16087,500,21212,0,0,272,13035,291,12123,272,25158,California
Shasta,2021-03-02,929,38228,466,16553,463,21675,0,0,263,12634,664,12787,263,25421,California
Shasta,2021-03-03,561,38789,122,16675,439,22114,0,0,171,12415,390,13177,171,25592,California
Shasta,2021-03-04,1030,39819,499,17174,531,22645,0,0,638,12662,391,13568,638,26230,California
Shasta,2021-03-05,943,40762,154,17328,762,23407,27,27,299,12346,642,14210,326,26556,California
Shasta,2021-03-06,818,41580,382,17710,392,23799,44,71,191,11955,626,14836,235,26791,California
Shasta,2021-03-07,92,41672,5,17715,57,23856,30,101,40,11973,52,14888,70,26861,California
Shasta,2021-03-08,550,42222,53,17768,359,24215,138,239,140,11844,407,15295,278,27139,California
Shasta,2021-03-09,552,42774,49,17817,342,24557,161,400,208,11868,344,15639,368,27507,California
Shasta,2021-03-10,658,43432,243,18060,330,24887,85,485,133,11561,524,16163,217,27724,California
Shasta,2021-03-11,937,44369,157,18217,579,25466,201,686,597,12019,340,16503,798,28522,California
Shasta,2021-03-12,620,44989,121,18338,317,25783,182,868,246,12074,373,16876,428,28950,California
Shasta,2021-03-13,665,45654,410,18748,164,25947,91,959,473,12446,192,17068,564,29514,California
Shasta,2021-03-14,279,45933,12,18760,244,26191,23,982,196,12582,83,17151,219,29733,California
Shasta,2021-03-15,484,46417,37,18797,347,26538,100,1082,200,12599,282,17433,299,30032,California
Shasta,2021-03-16,966,47383,144,18941,758,27296,64,1146,695,13087,271,17704,759,30791,California
Shasta,2021-03-17,645,48028,181,19122,415,27711,49,1195,366,13232,270,17974,415,31206,California
Shasta,2021-03-18,868,48896,208,19330,566,28277,94,1289,624,13712,241,18215,721,31927,California
Shasta,2021-03-19,506,49402,148,19478,310,28587,48,1337,323,13902,182,18397,372,32299,California
Shasta,2021-03-20,601,50003,446,19924,144,28731,11,1348,512,14336,89,18486,523,32822,California
Shasta,2021-03-21,293,50296,281,20205,3,28734,9,1357,270,14593,23,18509,280,33102,California
Shasta,2021-03-22,325,50621,48,20253,248,28982,29,1386,180,14660,142,18651,209,33311,California
Shasta,2021-03-23,788,51409,156,20409,573,29555,59,1445,603,15142,180,18831,662,33973,California
Shasta,2021-03-24,507,51916,158,20567,314,29869,35,1480,373,15417,133,18964,408,34381,California
Shasta,2021-03-25,727,52643,169,20736,541,30410,17,1497,588,15888,137,19101,608,34989,California
Shasta,2021-03-26,669,53312,249,20985,389,30799,31,1528,322,15900,346,19447,358,35347,California
Shasta,2021-03-27,1533,54845,386,21371,313,31112,834,2362,550,16304,980,20427,1384,36731,California
Shasta,2021-03-28,395,55240,292,21663,93,31205,10,2372,293,16506,101,20528,303,37034,California
Shasta,2021-03-29,409,55649,53,21716,345,31550,11,2383,153,16417,254,20782,165,37199,California
Shasta,2021-03-30,535,56184,193,21909,333,31883,9,2392,328,16552,204,20986,339,37538,California
Shasta,2021-03-31,549,56733,195,22104,350,32233,4,2396,344,16720,201,21187,369,37907,California
Shasta,2021-04-01,457,57190,121,22225,332,32565,4,2400,328,16929,129,21316,338,38245,California
Sierra,2020-12-18,1,1,1,1,0,0,0,0,1,1,0,0,1,1,California
Sierra,2020-12-21,2,3,2,3,0,0,0,0,2,3,0,0,2,3,California
Sierra,2020-12-22,12,15,12,15,0,0,0,0,12,15,0,0,12,15,California
Sierra,2020-12-23,4,19,4,19,0,0,0,0,4,19,0,0,4,19,California
Sierra,2020-12-28,1,20,0,19,1,1,0,0,1,20,0,0,1,20,California
Sierra,2020-12-29,49,69,7,26,42,43,0,0,49,69,0,0,49,69,California
Sierra,2020-12-30,2,71,0,26,2,45,0,0,2,71,0,0,2,71,California
Sierra,2020-12-31,12,83,0,26,12,57,0,0,12,83,0,0,12,83,California
Sierra,2021-01-05,67,150,3,29,64,121,0,0,67,150,0,0,67,150,California
Sierra,2021-01-06,1,151,1,30,0,121,0,0,1,151,0,0,1,151,California
Sierra,2021-01-07,20,171,1,31,19,140,0,0,19,169,1,1,19,170,California
Sierra,2021-01-08,1,172,1,32,0,140,0,0,1,170,0,1,1,171,California
Sierra,2021-01-11,3,175,3,35,0,140,0,0,0,167,3,4,0,171,California
Sierra,2021-01-12,40,215,12,47,28,168,0,0,28,183,12,16,28,199,California
Sierra,2021-01-13,4,219,3,50,1,169,0,0,1,181,3,19,1,200,California
Sierra,2021-01-14,35,254,2,52,33,202,0,0,35,216,0,19,35,235,California
Sierra,2021-01-15,2,256,1,53,1,203,0,0,2,218,0,19,2,237,California
Sierra,2021-01-18,2,258,0,53,2,205,0,0,2,220,0,19,2,239,California
Sierra,2021-01-19,32,290,0,53,32,237,0,0,32,252,0,19,32,271,California
Sierra,2021-01-20,1,291,1,54,0,237,0,0,1,253,0,19,1,272,California
Sierra,2021-01-21,55,346,0,54,55,292,0,0,55,308,0,19,55,327,California
Sierra,2021-01-22,1,347,0,54,1,293,0,0,1,309,0,19,1,328,California
Sierra,2021-01-23,2,349,0,54,2,295,0,0,2,311,0,19,2,330,California
Sierra,2021-01-26,64,413,1,55,63,358,0,0,26,299,38,57,26,356,California
Sierra,2021-01-27,4,417,4,59,0,358,0,0,0,295,4,61,0,356,California
Sierra,2021-01-28,53,470,0,59,53,411,0,0,44,330,9,70,44,400,California
Sierra,2021-01-29,1,471,0,59,1,412,0,0,1,331,0,70,1,401,California
Sierra,2021-01-30,3,474,3,62,0,412,0,0,2,332,1,71,2,403,California
Sierra,2021-02-01,1,475,0,62,1,413,0,0,0,331,1,72,0,403,California
Sierra,2021-02-02,58,533,0,62,58,471,0,0,18,309,40,112,18,421,California
Sierra,2021-02-03,6,539,5,67,1,472,0,0,5,313,1,113,5,426,California
Sierra,2021-02-04,106,645,6,73,100,572,0,0,57,321,49,162,57,483,California
Sierra,2021-02-05,5,650,3,76,2,574,0,0,4,324,1,163,4,487,California
Sierra,2021-02-09,54,704,1,77,53,627,0,0,52,374,2,165,52,539,California
Sierra,2021-02-10,5,709,2,79,3,630,0,0,4,377,1,166,4,543,California
Sierra,2021-02-11,198,907,1,80,197,827,0,0,135,449,63,229,135,678,California
Sierra,2021-02-12,20,927,0,80,20,847,0,0,20,469,0,229,20,698,California
Sierra,2021-02-14,1,928,0,80,1,848,0,0,1,470,0,229,1,699,California
Sierra,2021-02-15,1,929,1,81,0,848,0,0,0,469,1,230,0,699,California
Sierra,2021-02-16,43,972,0,81,43,891,0,0,10,446,33,263,10,709,California
Sierra,2021-02-17,3,975,0,81,3,894,0,0,1,445,2,265,1,710,California
Sierra,2021-02-18,146,1121,0,81,146,1040,0,0,94,487,52,317,94,804,California
Sierra,2021-02-19,1,1122,1,82,0,1040,0,0,1,488,0,317,1,805,California
Sierra,2021-02-20,2,1124,2,84,0,1040,0,0,0,486,2,319,0,805,California
Sierra,2021-02-22,2,1126,2,86,0,1040,0,0,1,486,1,320,1,806,California
Sierra,2021-02-23,4,1130,0,86,4,1044,0,0,4,490,0,320,4,810,California
Sierra,2021-02-24,2,1132,1,87,1,1045,0,0,1,490,1,321,1,811,California
Sierra,2021-02-25,126,1258,1,88,125,1170,0,0,59,482,67,388,59,870,California
Sierra,2021-02-26,9,1267,6,94,3,1173,0,0,4,481,5,393,4,874,California
Sierra,2021-02-27,2,1269,2,96,0,1173,0,0,0,479,2,395,0,874,California
Sierra,2021-03-01,2,1271,1,97,1,1174,0,0,1,479,1,396,1,875,California
Sierra,2021-03-02,51,1322,0,97,51,1225,0,0,32,492,19,415,32,907,California
Sierra,2021-03-03,2,1324,2,99,0,1225,0,0,1,492,1,416,1,908,California
Sierra,2021-03-04,100,1424,2,101,98,1323,0,0,49,490,51,467,49,957,California
Sierra,2021-03-05,12,1436,0,101,12,1335,0,0,10,498,2,469,10,967,California
Sierra,2021-03-08,3,1439,2,103,0,1335,1,1,2,500,1,470,3,970,California
Sierra,2021-03-09,54,1493,1,104,53,1388,0,1,11,468,43,513,11,981,California
Sierra,2021-03-10,5,1498,0,104,5,1393,0,1,3,469,2,515,3,984,California
Sierra,2021-03-11,148,1646,0,104,148,1541,0,1,27,375,121,636,27,1011,California
Sierra,2021-03-12,20,1666,1,105,19,1560,0,1,0,355,20,656,0,1011,California
Sierra,2021-03-13,13,1679,0,105,13,1573,0,1,13,368,0,656,13,1024,California
Sierra,2021-03-14,2,1681,1,106,0,1573,1,2,0,367,2,658,1,1025,California
Sierra,2021-03-15,2,1683,1,107,1,1574,0,2,1,367,1,659,1,1026,California
Sierra,2021-03-16,22,1705,1,108,20,1594,1,3,10,366,12,671,11,1037,California
Sierra,2021-03-17,2,1707,0,108,2,1596,0,3,0,364,2,673,0,1037,California
Sierra,2021-03-18,122,1829,0,108,121,1717,1,4,35,314,86,759,36,1073,California
Sierra,2021-03-19,1,1830,1,109,0,1717,0,4,1,315,0,759,1,1074,California
Sierra,2021-03-23,14,1844,0,109,14,1731,0,4,5,311,9,768,5,1079,California
Sierra,2021-03-24,4,1848,1,110,3,1734,0,4,2,311,2,770,2,1081,California
Sierra,2021-03-25,80,1928,2,112,78,1812,0,4,34,299,46,816,34,1115,California
Sierra,2021-03-26,12,1940,1,113,11,1823,0,4,9,305,3,819,9,1124,California
Sierra,2021-03-27,1,1941,0,113,1,1824,0,4,0,304,1,820,0,1124,California
Sierra,2021-03-29,2,1943,1,114,1,1825,0,4,0,302,2,822,0,1124,California
Sierra,2021-03-30,46,1989,0,114,46,1871,0,4,13,287,33,855,18,1142,California
Sierra,2021-03-31,10,1999,0,114,10,1881,0,4,9,295,1,856,9,1151,California
Sierra,2021-04-01,57,2056,0,114,57,1938,0,4,3,254,54,910,13,1164,California
Siskiyou,2020-12-16,2,2,2,2,0,0,0,0,2,2,0,0,2,2,California
Siskiyou,2020-12-17,4,6,4,6,0,0,0,0,4,6,0,0,4,6,California
Siskiyou,2020-12-18,3,9,3,9,0,0,0,0,3,9,0,0,3,9,California
Siskiyou,2020-12-19,4,13,4,13,0,0,0,0,4,13,0,0,4,13,California
Siskiyou,2020-12-20,1,14,1,14,0,0,0,0,1,14,0,0,1,14,California
Siskiyou,2020-12-21,132,146,132,146,0,0,0,0,132,146,0,0,132,146,California
Siskiyou,2020-12-22,159,305,159,305,0,0,0,0,159,305,0,0,159,305,California
Siskiyou,2020-12-23,142,447,142,447,0,0,0,0,142,447,0,0,142,447,California
Siskiyou,2020-12-24,5,452,5,452,0,0,0,0,5,452,0,0,5,452,California
Siskiyou,2020-12-26,2,454,0,452,2,2,0,0,2,454,0,0,2,454,California
Siskiyou,2020-12-27,2,456,0,452,2,4,0,0,2,456,0,0,2,456,California
Siskiyou,2020-12-28,2,458,0,452,2,6,0,0,2,458,0,0,2,458,California
Siskiyou,2020-12-29,6,464,2,454,4,10,0,0,6,464,0,0,6,464,California
Siskiyou,2020-12-30,98,562,3,457,95,105,0,0,98,562,0,0,98,562,California
Siskiyou,2020-12-31,12,574,0,457,12,117,0,0,12,574,0,0,12,574,California
Siskiyou,2021-01-02,1,575,1,458,0,117,0,0,1,575,0,0,1,575,California
Siskiyou,2021-01-03,1,576,0,458,1,118,0,0,1,576,0,0,1,576,California
Siskiyou,2021-01-04,130,706,3,461,127,245,0,0,130,706,0,0,130,706,California
Siskiyou,2021-01-05,117,823,4,465,113,358,0,0,116,821,1,1,116,822,California
Siskiyou,2021-01-06,59,882,6,471,53,411,0,0,55,872,4,5,55,877,California
Siskiyou,2021-01-07,174,1056,2,473,172,583,0,0,173,1044,1,6,173,1050,California
Siskiyou,2021-01-08,42,1098,4,477,38,621,0,0,39,1080,3,9,39,1089,California
Siskiyou,2021-01-09,2,1100,2,479,0,621,0,0,0,1078,2,11,0,1089,California
Siskiyou,2021-01-11,226,1326,65,544,161,782,0,0,163,1178,63,74,163,1252,California
Siskiyou,2021-01-12,320,1646,273,817,47,829,0,0,87,1032,233,307,87,1339,California
Siskiyou,2021-01-13,157,1803,137,954,20,849,0,0,23,921,134,441,23,1362,California
Siskiyou,2021-01-14,27,1830,1,955,26,875,0,0,26,946,1,442,26,1388,California
Siskiyou,2021-01-15,35,1865,3,958,32,907,0,0,35,981,0,442,35,1423,California
Siskiyou,2021-01-16,7,1872,2,960,5,912,0,0,7,988,0,442,7,1430,California
Siskiyou,2021-01-18,75,1947,4,964,71,983,0,0,73,1059,2,444,73,1503,California
Siskiyou,2021-01-19,21,1968,1,965,20,1003,0,0,20,1078,1,445,20,1523,California
Siskiyou,2021-01-20,47,2015,35,1000,12,1015,0,0,43,1117,4,449,43,1566,California
Siskiyou,2021-01-21,42,2057,0,1000,42,1057,0,0,42,1159,0,449,42,1608,California
Siskiyou,2021-01-22,1333,3390,1181,2181,152,1209,0,0,1333,2492,0,449,1333,2941,California
Siskiyou,2021-01-23,7,3397,2,2183,5,1214,0,0,4,2493,3,452,4,2945,California
Siskiyou,2021-01-25,183,3580,8,2191,175,1389,0,0,179,2668,4,456,179,3124,California
Siskiyou,2021-01-26,150,3730,5,2196,145,1534,0,0,142,2802,8,464,142,3266,California
Siskiyou,2021-01-27,181,3911,0,2196,181,1715,0,0,127,2875,54,518,127,3393,California
Siskiyou,2021-01-28,231,4142,117,2313,114,1829,0,0,225,3094,6,524,225,3618,California
Siskiyou,2021-01-29,246,4388,1,2314,245,2074,0,0,244,3336,2,526,244,3862,California
Siskiyou,2021-01-30,3,4391,2,2316,1,2075,0,0,3,3339,0,526,3,3865,California
Siskiyou,2021-02-01,194,4585,3,2319,191,2266,0,0,104,3353,90,616,104,3969,California
Siskiyou,2021-02-02,288,4873,45,2364,243,2509,0,0,147,3359,141,757,147,4116,California
Siskiyou,2021-02-03,313,5186,1,2365,312,2821,0,0,264,3574,49,806,264,4380,California
Siskiyou,2021-02-04,319,5505,7,2372,312,3133,0,0,199,3653,120,926,199,4579,California
Siskiyou,2021-02-05,509,6014,4,2376,505,3638,0,0,345,3834,164,1090,345,4924,California
Siskiyou,2021-02-06,15,6029,0,2376,15,3653,0,0,15,3849,0,1090,15,4939,California
Siskiyou,2021-02-07,3,6032,2,2378,1,3654,0,0,3,3852,0,1090,3,4942,California
Siskiyou,2021-02-08,221,6253,5,2383,216,3870,0,0,216,4063,5,1095,216,5158,California
Siskiyou,2021-02-09,193,6446,2,2385,191,4061,0,0,160,4190,33,1128,160,5318,California
Siskiyou,2021-02-10,370,6816,40,2425,330,4391,0,0,317,4454,53,1181,317,5635,California
Siskiyou,2021-02-11,190,7006,0,2425,190,4581,0,0,174,4612,16,1197,174,5809,California
Siskiyou,2021-02-12,1695,8701,1205,3630,490,5071,0,0,500,3917,1195,2392,500,6309,California
Siskiyou,2021-02-13,36,8737,3,3633,33,5104,0,0,31,3943,5,2397,31,6340,California
Siskiyou,2021-02-14,5,8742,1,3634,4,5108,0,0,5,3948,0,2397,5,6345,California
Siskiyou,2021-02-15,105,8847,7,3641,98,5206,0,0,102,4047,3,2400,102,6447,California
Siskiyou,2021-02-16,113,8960,3,3644,110,5316,0,0,97,4128,16,2416,97,6544,California
Siskiyou,2021-02-17,188,9148,19,3663,169,5485,0,0,175,4290,13,2429,175,6719,California
Siskiyou,2021-02-18,222,9370,89,3752,133,5618,0,0,98,4264,124,2553,98,6817,California
Siskiyou,2021-02-19,65,9435,29,3781,36,5654,0,0,30,4259,35,2588,30,6847,California
Siskiyou,2021-02-20,23,9458,4,3785,19,5673,0,0,18,4272,5,2593,18,6865,California
Siskiyou,2021-02-21,2,9460,2,3787,0,5673,0,0,2,4274,0,2593,2,6867,California
Siskiyou,2021-02-22,125,9585,1,3788,124,5797,0,0,18,4185,107,2700,18,6885,California
Siskiyou,2021-02-23,194,9779,15,3803,179,5976,0,0,50,4091,144,2844,50,6935,California
Siskiyou,2021-02-24,146,9925,4,3807,142,6118,0,0,33,4011,113,2957,33,6968,California
Siskiyou,2021-02-25,300,10225,22,3829,278,6396,0,0,153,4017,147,3104,153,7121,California
Siskiyou,2021-02-26,668,10893,13,3842,655,7051,0,0,368,4085,300,3404,368,7489,California
Siskiyou,2021-02-27,31,10924,3,3845,28,7079,0,0,27,4108,4,3408,27,7516,California
Siskiyou,2021-02-28,4,10928,4,3849,0,7079,0,0,3,4110,1,3409,3,7519,California
Siskiyou,2021-03-01,279,11207,6,3855,273,7352,0,0,48,3927,231,3640,48,7567,California
Siskiyou,2021-03-02,189,11396,2,3857,187,7539,0,0,72,3882,117,3757,72,7639,California
Siskiyou,2021-03-03,333,11729,5,3862,328,7867,0,0,145,3839,188,3945,145,7784,California
Siskiyou,2021-03-04,665,12394,496,4358,169,8036,0,0,515,4204,150,4095,515,8299,California
Siskiyou,2021-03-05,292,12686,7,4365,274,8310,11,11,78,4079,214,4309,89,8388,California
Siskiyou,2021-03-06,35,12721,2,4367,29,8339,4,15,28,4104,7,4316,32,8420,California
Siskiyou,2021-03-07,10,12731,3,4370,0,8339,7,22,2,4105,8,4324,9,8429,California
Siskiyou,2021-03-08,347,13078,25,4395,289,8628,33,55,53,3897,294,4618,86,8515,California
Siskiyou,2021-03-09,136,13214,0,4395,97,8725,39,94,49,3898,87,4705,88,8603,California
Siskiyou,2021-03-10,194,13408,11,4406,177,8902,6,100,26,3762,168,4873,32,8635,California
Siskiyou,2021-03-11,440,13848,190,4596,209,9111,41,141,250,3866,187,5060,291,8926,California
Siskiyou,2021-03-12,534,14382,112,4708,387,9498,35,176,155,3679,377,5437,190,9116,California
Siskiyou,2021-03-13,347,14729,317,5025,8,9506,22,198,316,3986,31,5468,338,9454,California
Siskiyou,2021-03-14,21,14750,3,5028,3,9509,15,213,4,3988,17,5485,19,9473,California
Siskiyou,2021-03-15,438,15188,246,5274,175,9684,17,230,308,4183,130,5615,325,9798,California
Siskiyou,2021-03-16,260,15448,41,5315,202,9886,17,247,147,4234,113,5728,164,9962,California
Siskiyou,2021-03-17,197,15645,4,5319,184,10070,9,256,31,4108,166,5894,40,10002,California
Siskiyou,2021-03-18,780,16425,649,5968,119,10189,12,268,667,4674,113,6007,679,10681,California
Siskiyou,2021-03-19,46,16471,12,5980,22,10211,12,280,14,4668,32,6039,26,10707,California
Siskiyou,2021-03-20,29,16500,7,5987,18,10229,4,284,7,4658,21,6060,11,10718,California
Siskiyou,2021-03-21,9,16509,3,5990,1,10230,5,289,3,4660,6,6066,8,10726,California
Siskiyou,2021-03-22,199,16708,20,6010,157,10387,22,311,138,4762,58,6124,160,10886,California
Siskiyou,2021-03-23,166,16874,21,6031,136,10523,9,320,114,4833,52,6176,123,11009,California
Siskiyou,2021-03-24,142,17016,55,6086,87,10610,0,320,120,4931,22,6198,120,11129,California
Siskiyou,2021-03-25,529,17545,288,6374,239,10849,2,322,364,5134,165,6363,368,11497,California
Siskiyou,2021-03-26,301,17846,29,6403,271,11120,1,323,100,5035,200,6563,101,11598,California
Siskiyou,2021-03-27,33,17879,2,6405,27,11147,4,327,7,5020,26,6589,11,11609,California
Siskiyou,2021-03-28,3,17882,3,6408,0,11147,0,327,1,5019,2,6591,1,11610,California
Siskiyou,2021-03-29,107,17989,14,6422,91,11238,2,329,48,5019,50,6641,50,11660,California
Siskiyou,2021-03-30,89,18078,2,6424,85,11323,2,331,38,5008,51,6692,40,11700,California
Siskiyou,2021-03-31,186,18264,22,6446,163,11486,1,332,52,4931,133,6825,56,11756,California
Siskiyou,2021-04-01,734,18998,623,7069,111,11597,0,332,174,4637,560,7385,266,12022,California
Solano,2020-12-15,4,4,4,4,0,0,0,0,4,4,0,0,4,4,California
Solano,2020-12-16,71,75,71,75,0,0,0,0,71,75,0,0,71,75,California
Solano,2020-12-17,152,227,152,227,0,0,0,0,152,227,0,0,152,227,California
Solano,2020-12-18,450,677,449,676,1,1,0,0,450,677,0,0,450,677,California
Solano,2020-12-19,512,1189,512,1188,0,1,0,0,512,1189,0,0,512,1189,California
Solano,2020-12-20,354,1543,353,1541,1,2,0,0,354,1543,0,0,354,1543,California
Solano,2020-12-21,570,2113,568,2109,2,4,0,0,570,2113,0,0,570,2113,California
Solano,2020-12-22,663,2776,629,2738,34,38,0,0,663,2776,0,0,663,2776,California
Solano,2020-12-23,856,3632,770,3508,86,124,0,0,855,3631,0,0,855,3631,California
Solano,2020-12-24,420,4052,169,3677,251,375,0,0,420,4051,0,0,420,4051,California
Solano,2020-12-25,10,4062,2,3679,8,383,0,0,10,4061,0,0,10,4061,California
Solano,2020-12-26,175,4237,48,3727,127,510,0,0,175,4236,0,0,175,4236,California
Solano,2020-12-27,101,4338,28,3755,73,583,0,0,101,4337,0,0,101,4337,California
Solano,2020-12-28,858,5196,417,4172,441,1024,0,0,858,5195,0,0,858,5195,California
Solano,2020-12-29,886,6082,373,4545,513,1537,0,0,886,6081,0,0,886,6081,California
Solano,2020-12-30,1198,7280,595,5140,603,2140,0,0,1198,7279,0,0,1198,7279,California
Solano,2020-12-31,530,7810,130,5270,400,2540,0,0,530,7809,0,0,530,7809,California
Solano,2021-01-01,14,7824,12,5282,2,2542,0,0,14,7823,0,0,14,7823,California
Solano,2021-01-02,211,8035,163,5445,48,2590,0,0,211,8034,0,0,211,8034,California
Solano,2021-01-03,56,8091,39,5484,17,2607,0,0,51,8085,0,0,51,8085,California
Solano,2021-01-04,450,8541,247,5731,203,2810,0,0,440,8522,3,3,440,8525,California
Solano,2021-01-05,695,9236,376,6107,319,3129,0,0,541,8914,149,152,541,9066,California
Solano,2021-01-06,819,10055,434,6541,385,3514,0,0,558,9213,259,411,558,9624,California
Solano,2021-01-07,1050,11105,697,7238,353,3867,0,0,593,9352,455,866,594,10218,California
Solano,2021-01-08,1129,12234,776,8014,353,4220,0,0,536,9315,575,1441,538,10756,California
Solano,2021-01-09,885,13119,763,8777,122,4342,0,0,429,9291,453,1894,429,11185,California
Solano,2021-01-10,250,13369,191,8968,59,4401,0,0,150,9341,100,1994,150,11335,California
Solano,2021-01-11,1315,14684,1103,10071,212,4613,0,0,803,9633,512,2506,804,12139,California
Solano,2021-01-12,1542,16226,1158,11229,384,4997,0,0,996,10085,545,3051,997,13136,California
Solano,2021-01-13,1421,17647,995,12224,426,5423,0,0,1164,10994,255,3306,1164,14300,California
Solano,2021-01-14,1833,19480,793,13017,1040,6463,0,0,1519,12200,313,3619,1519,15819,California
Solano,2021-01-15,1675,21155,1059,14076,616,7079,0,0,1380,13285,295,3914,1380,17199,California
Solano,2021-01-16,1294,22449,907,14983,387,7466,0,0,1114,14219,180,4094,1114,18313,California
Solano,2021-01-17,1027,23476,747,15730,280,7746,0,0,1010,15212,17,4111,1010,19323,California
Solano,2021-01-18,1410,24886,859,16589,551,8297,0,0,1297,16397,113,4224,1298,20621,California
Solano,2021-01-19,1643,26529,1332,17921,311,8608,0,0,1370,17495,272,4496,1370,21991,California
Solano,2021-01-20,2022,28551,1414,19335,608,9216,0,0,1541,18558,478,4974,1541,23532,California
Solano,2021-01-21,3076,31627,990,20325,2086,11302,0,0,2741,20965,334,5308,2741,26273,California
Solano,2021-01-22,1739,33366,835,21160,904,12206,0,0,1550,22326,189,5497,1550,27823,California
Solano,2021-01-23,727,34093,236,21396,491,12697,0,0,524,22647,204,5701,525,28348,California
Solano,2021-01-24,374,34467,59,21455,315,13012,0,0,310,22893,64,5765,310,28658,California
Solano,2021-01-25,1605,36072,622,22077,983,13995,0,0,1056,23403,549,6314,1059,29717,California
Solano,2021-01-26,1672,37744,739,22816,933,14928,0,0,1046,23826,625,6939,1048,30765,California
Solano,2021-01-27,1757,39501,727,23543,1030,15958,0,0,1173,24428,571,7510,1173,31938,California
Solano,2021-01-28,1834,41335,711,24254,1123,17081,0,0,1234,25065,598,8108,1235,33173,California
Solano,2021-01-29,1633,42968,781,25035,852,17933,0,0,1276,25989,355,8463,1279,34452,California
Solano,2021-01-30,707,43675,217,25252,490,18423,0,0,552,26386,155,8618,552,35004,California
Solano,2021-01-31,477,44152,397,25649,80,18503,0,0,216,26342,261,8879,217,35221,California
Solano,2021-02-01,1470,45622,970,26619,500,19003,0,0,739,26353,728,9607,739,35960,California
Solano,2021-02-02,2757,48379,1060,27679,1697,20700,0,0,1969,27536,786,10393,1969,37929,California
Solano,2021-02-03,2216,50595,1295,28974,921,21621,0,0,1149,27625,1064,11457,1153,39082,California
Solano,2021-02-04,1754,52349,902,29876,852,22473,0,0,1041,27959,707,12164,1041,40123,California
Solano,2021-02-05,3046,55395,1407,31283,1639,24112,0,0,2046,29019,992,13156,2052,42175,California
Solano,2021-02-06,3003,58398,1162,32445,1841,25953,0,0,2198,30416,801,13957,2198,44373,California
Solano,2021-02-07,851,59249,789,33234,62,26015,0,0,237,30039,614,14571,237,44610,California
Solano,2021-02-08,1707,60956,1228,34462,479,26494,0,0,672,29679,1032,15603,672,45282,California
Solano,2021-02-09,1884,62840,1465,35927,419,26913,0,0,670,29136,1213,16816,670,45952,California
Solano,2021-02-10,2238,65078,1492,37419,746,27659,0,0,820,28542,1414,18230,820,46772,California
Solano,2021-02-11,2380,67458,1443,38862,937,28596,0,0,1116,28406,1252,19482,1116,47888,California
Solano,2021-02-12,4016,71474,1542,40404,2474,31070,0,0,2713,29825,1296,20778,2715,50603,California
Solano,2021-02-13,2797,74271,233,40637,2564,33634,0,0,2421,31875,372,21150,2422,53025,California
Solano,2021-02-14,685,74956,201,40838,484,34118,0,0,411,32014,272,21422,411,53436,California
Solano,2021-02-15,1247,76203,291,41129,956,35074,0,0,628,32024,619,22041,629,54065,California
Solano,2021-02-16,2360,78563,1206,42335,1154,36228,0,0,1600,32865,759,22800,1600,55665,California
Solano,2021-02-17,2529,81092,1215,43550,1314,37542,0,0,1741,33822,785,23585,1742,57407,California
Solano,2021-02-18,2535,83627,686,44236,1849,39391,0,0,789,32874,1737,25322,789,58196,California
Solano,2021-02-19,2178,85805,1245,45481,933,40324,0,0,1100,32901,1075,26397,1102,59298,California
Solano,2021-02-20,2524,88329,376,45857,2148,42472,0,0,2066,34507,460,26857,2066,61364,California
Solano,2021-02-21,2092,90421,1818,47675,274,42746,0,0,1813,36044,277,27134,1814,63178,California
Solano,2021-02-22,1551,91972,901,48576,650,43396,0,0,803,36103,745,27879,804,63982,California
Solano,2021-02-23,2269,94241,985,49561,1284,44680,0,0,1424,36683,844,28723,1424,65406,California
Solano,2021-02-24,2304,96545,1123,50684,1181,45861,0,0,1289,36958,1014,29737,1289,66695,California
Solano,2021-02-25,2248,98793,1334,52018,914,46775,0,0,1232,37182,1009,30746,1233,67928,California
Solano,2021-02-26,2446,101239,1354,53372,1092,47867,0,0,1226,37191,1217,31963,1226,69154,California
Solano,2021-02-27,3607,104846,1364,54736,2243,50110,0,0,2923,39438,678,32641,2925,72079,California
Solano,2021-02-28,1350,106196,1038,55774,312,50422,0,0,1085,40261,262,32903,1085,73164,California
Solano,2021-03-01,2090,108286,1035,56809,1055,51477,0,0,1492,41161,593,33496,1493,74657,California
Solano,2021-03-02,1885,110171,1196,58005,689,52166,0,0,1185,41646,700,34196,1185,75842,California
Solano,2021-03-03,1828,111999,1008,59013,820,52986,0,0,1081,41987,740,34936,1081,76923,California
Solano,2021-03-04,3030,115029,2200,61213,828,53814,2,2,2108,43180,918,35854,2111,79034,California
Solano,2021-03-05,3635,118664,1191,62404,2441,56255,3,5,2876,45302,759,36613,2881,81915,California
Solano,2021-03-06,3462,122126,698,63102,2724,58979,40,45,2370,46627,1085,37698,2410,84325,California
Solano,2021-03-07,3452,125578,730,63832,2710,61689,12,57,1907,47012,1535,39233,1920,86245,California
Solano,2021-03-08,1559,127137,792,64624,500,62189,267,324,1074,47870,484,39717,1342,87587,California
Solano,2021-03-09,2730,129867,1305,65929,1372,63561,53,377,1929,49049,801,40518,1980,89567,California
Solano,2021-03-10,2131,131998,1530,67459,511,64072,90,467,1046,49104,1081,41599,1136,90703,California
Solano,2021-03-11,5267,137265,1367,68826,3663,67735,237,704,4343,52763,922,42521,4581,95284,California
Solano,2021-03-12,5331,142596,1314,70140,3934,71669,83,787,2837,53196,2489,45010,2922,98206,California
Solano,2021-03-13,3969,146565,755,70895,3133,74802,81,868,1972,53263,1990,47000,2057,100263,California
Solano,2021-03-14,3588,150153,2817,73712,325,75127,446,1314,1513,53158,2072,49072,1967,102230,California
Solano,2021-03-15,3307,153460,1813,75525,1177,76304,317,1631,1979,54129,1325,50397,2296,104526,California
Solano,2021-03-16,2811,156271,1126,76651,1456,77760,229,1860,1424,54399,1382,51779,1652,106178,California
Solano,2021-03-17,5332,161603,1419,78070,3824,81584,89,1949,4062,57285,1265,53044,4151,110329,California
Solano,2021-03-18,4107,165710,1378,79448,2695,84279,34,1983,3054,59330,1045,54089,3090,113419,California
Solano,2021-03-19,1863,167573,1243,80691,563,84842,57,2040,999,59530,859,54948,1059,114478,California
Solano,2021-03-20,4099,171672,1086,81777,2971,87813,42,2082,2161,59810,1932,56880,2212,116690,California
Solano,2021-03-21,1627,173299,1539,83316,71,87884,17,2099,840,59881,785,57665,856,117546,California
Solano,2021-03-22,2078,175377,1532,84848,498,88382,48,2147,1166,60201,906,58571,1226,118772,California
Solano,2021-03-23,2904,178281,1511,86359,1347,89729,46,2193,1374,60110,1524,60095,1433,120205,California
Solano,2021-03-24,2650,180931,1634,87993,979,90708,37,2230,1297,60182,1347,61442,1419,121624,California
Solano,2021-03-25,4401,185332,3615,91608,754,91462,32,2262,1994,60623,2403,63845,2844,124468,California
Solano,2021-03-26,2718,188050,1658,93266,1024,92486,36,2298,1480,61175,1232,65077,1784,126252,California
Solano,2021-03-27,3864,191914,1135,94401,2692,95178,37,2335,1638,60794,2218,67295,1837,128089,California
Solano,2021-03-28,1326,193240,1079,95480,229,95407,18,2353,546,60593,777,68072,576,128665,California
Solano,2021-03-29,2628,195868,1439,96919,1172,96579,17,2370,1467,60953,1157,69229,1517,130182,California
Solano,2021-03-30,2615,198483,1797,98716,733,97312,85,2455,1619,61679,994,70223,1720,131902,California
Solano,2021-03-31,2224,200707,1525,100241,570,97882,129,2584,1277,62158,944,71167,1423,133325,California
Solano,2021-04-01,2387,203094,1104,101345,1177,99059,106,2690,1464,62840,915,72082,1597,134922,California
Sonoma,2020-12-15,4,4,4,4,0,0,0,0,4,4,0,0,4,4,California
Sonoma,2020-12-16,29,33,29,33,0,0,0,0,29,33,0,0,29,33,California
Sonoma,2020-12-17,101,134,101,134,0,0,0,0,101,134,0,0,101,134,California
Sonoma,2020-12-18,419,553,419,553,0,0,0,0,419,553,0,0,419,553,California
Sonoma,2020-12-19,110,663,109,662,1,1,0,0,110,663,0,0,110,663,California
Sonoma,2020-12-20,175,838,175,837,0,1,0,0,175,838,0,0,175,838,California
Sonoma,2020-12-21,912,1750,910,1747,2,3,0,0,911,1749,0,0,911,1749,California
Sonoma,2020-12-22,1365,3115,1273,3020,92,95,0,0,1365,3114,0,0,1365,3114,California
Sonoma,2020-12-23,1604,4719,1227,4247,377,472,0,0,1605,4719,0,0,1605,4719,California
Sonoma,2020-12-24,306,5025,101,4348,205,677,0,0,306,5025,0,0,306,5025,California
Sonoma,2020-12-25,8,5033,2,4350,6,683,0,0,8,5033,0,0,8,5033,California
Sonoma,2020-12-26,266,5299,255,4605,11,694,0,0,266,5299,0,0,266,5299,California
Sonoma,2020-12-27,93,5392,80,4685,13,707,0,0,93,5392,0,0,93,5392,California
Sonoma,2020-12-28,989,6381,553,5238,436,1143,0,0,961,6353,0,0,961,6353,California
Sonoma,2020-12-29,1133,7514,779,6017,354,1497,0,0,1099,7452,0,0,1099,7452,California
Sonoma,2020-12-30,1094,8608,479,6496,615,2112,0,0,1086,8538,0,0,1086,8538,California
Sonoma,2020-12-31,515,9123,70,6566,445,2557,0,0,516,9054,0,0,516,9054,California
Sonoma,2021-01-01,10,9133,6,6572,4,2561,0,0,10,9064,0,0,10,9064,California
Sonoma,2021-01-02,132,9265,125,6697,7,2568,0,0,132,9196,0,0,132,9196,California
Sonoma,2021-01-03,23,9288,9,6706,14,2582,0,0,23,9219,0,0,23,9219,California
Sonoma,2021-01-04,341,9629,104,6810,237,2819,0,0,340,9559,0,0,340,9559,California
Sonoma,2021-01-05,438,10067,102,6912,336,3155,0,0,414,9958,15,15,414,9973,California
Sonoma,2021-01-06,949,11016,434,7346,515,3670,0,0,835,10686,107,122,835,10808,California
Sonoma,2021-01-07,1014,12030,523,7869,491,4161,0,0,845,11363,168,290,845,11653,California
Sonoma,2021-01-08,1782,13812,1228,9097,554,4715,0,0,1312,12207,468,758,1312,12965,California
Sonoma,2021-01-09,656,14468,420,9517,236,4951,0,0,608,12767,48,806,608,13573,California
Sonoma,2021-01-10,470,14938,459,9976,11,4962,0,0,278,12853,192,998,278,13851,California
Sonoma,2021-01-11,1381,16319,1236,11212,145,5107,0,0,411,12298,966,1964,411,14262,California
Sonoma,2021-01-12,1548,17867,1295,12507,253,5360,0,0,394,11540,1152,3116,394,14656,California
Sonoma,2021-01-13,2062,19929,1421,13928,641,6001,0,0,1199,11879,860,3976,1199,15855,California
Sonoma,2021-01-14,1525,21454,804,14732,721,6722,0,0,1294,12942,231,4207,1294,17149,California
Sonoma,2021-01-15,1561,23015,634,15366,927,7649,0,0,1341,14073,211,4418,1342,18491,California
Sonoma,2021-01-16,1135,24150,607,15973,528,8177,0,0,886,14714,245,4663,886,19377,California
Sonoma,2021-01-17,666,24816,550,16523,116,8293,0,0,586,15220,80,4743,586,19963,California
Sonoma,2021-01-18,1102,25918,933,17456,169,8462,0,0,611,15341,491,5234,612,20575,California
Sonoma,2021-01-19,2093,28011,1008,18464,1085,9547,0,0,1384,16019,707,5941,1385,21960,California
Sonoma,2021-01-20,2058,30069,618,19082,1440,10987,0,0,1401,16773,648,6589,1402,23362,California
Sonoma,2021-01-21,2211,32280,612,19694,1599,12586,0,0,1988,18542,220,6809,1989,25351,California
Sonoma,2021-01-22,2704,34984,1028,20722,1676,14262,0,0,2555,20949,148,6957,2555,27906,California
Sonoma,2021-01-23,762,35746,592,21314,170,14432,0,0,655,21498,106,7063,655,28561,California
Sonoma,2021-01-24,770,36516,638,21952,132,14564,0,0,755,22238,15,7078,755,29316,California
Sonoma,2021-01-25,2159,38675,516,22468,1643,16207,0,0,1672,23423,487,7565,1672,30988,California
Sonoma,2021-01-26,1991,40666,295,22763,1696,17903,0,0,1537,24507,453,8018,1537,32525,California
Sonoma,2021-01-27,3665,44331,1252,24015,2413,20316,0,0,3096,27038,567,8585,3098,35623,California
Sonoma,2021-01-28,4097,48428,1834,25849,2263,22579,0,0,3438,29822,656,9241,3440,39063,California
Sonoma,2021-01-29,2948,51376,1395,27244,1553,24132,0,0,2122,31121,824,10065,2123,41186,California
Sonoma,2021-01-30,2578,53954,2394,29638,184,24316,0,0,2225,32996,353,10418,2228,43414,California
Sonoma,2021-01-31,776,54730,664,30302,112,24428,0,0,579,33379,196,10614,579,43993,California
Sonoma,2021-02-01,2489,57219,868,31170,1621,26049,0,0,2092,35079,394,11008,2094,46087,California
Sonoma,2021-02-02,3431,60650,1364,32534,2067,28116,0,0,2864,37378,565,11573,2864,48951,California
Sonoma,2021-02-03,4020,64670,1317,33851,2703,30819,0,0,3099,39559,919,12492,3100,52051,California
Sonoma,2021-02-04,4128,68798,1656,35507,2472,33291,0,0,3385,42202,742,13234,3385,55436,California
Sonoma,2021-02-05,4793,73591,1733,37240,3060,36351,0,0,3783,44980,1006,14240,3784,59220,California
Sonoma,2021-02-06,2631,76222,2271,39511,360,36711,0,0,2079,46508,551,14791,2079,61299,California
Sonoma,2021-02-07,1533,77755,1397,40908,136,36847,0,0,1285,47546,247,15038,1285,62584,California
Sonoma,2021-02-08,3234,80989,1022,41930,2212,39059,0,0,2661,49636,571,15609,2661,65245,California
Sonoma,2021-02-09,3540,84529,1690,43620,1850,40909,0,0,3063,52225,475,16084,3064,68309,California
Sonoma,2021-02-10,4396,88925,2354,45974,2042,42951,0,0,3372,54580,1018,17102,3373,71682,California
Sonoma,2021-02-11,5319,94244,2790,48764,2529,45480,0,0,4150,57564,1166,18268,4150,75832,California
Sonoma,2021-02-12,5631,99875,2965,51729,2666,48146,0,0,4226,60388,1403,19671,4227,80059,California
Sonoma,2021-02-13,1975,101850,1153,52882,822,48968,0,0,1205,60826,767,20438,1205,81264,California
Sonoma,2021-02-14,2299,104149,1809,54691,490,49458,0,0,1660,61848,638,21076,1660,82924,California
Sonoma,2021-02-15,2100,106249,763,55454,1337,50795,0,0,1592,62932,508,21584,1592,84516,California
Sonoma,2021-02-16,4594,110843,2033,57487,2561,53356,0,0,3349,65038,1243,22827,3349,87865,California
Sonoma,2021-02-17,5275,116118,2852,60339,2423,55779,0,0,3330,66435,1936,24763,3333,91198,California
Sonoma,2021-02-18,6733,122851,2963,63302,3770,59549,0,0,3855,67418,2872,27635,3855,95053,California
Sonoma,2021-02-19,5383,128234,1657,64959,3726,63275,0,0,3316,68672,2062,29697,3316,98369,California
Sonoma,2021-02-20,3092,131326,2823,67782,269,63544,0,0,1220,68025,1867,31564,1220,99589,California
Sonoma,2021-02-21,442,131768,343,68125,99,63643,0,0,120,67827,318,31882,120,99709,California
Sonoma,2021-02-22,2700,134468,1346,69471,1354,64997,0,0,1044,67219,1652,33534,1044,100753,California
Sonoma,2021-02-23,3073,137541,2057,71528,1016,66013,0,0,1367,66883,1704,35238,1368,102121,California
Sonoma,2021-02-24,5422,142963,2508,74036,2914,68927,0,0,2721,66910,2696,37934,2723,104844,California
Sonoma,2021-02-25,5596,148559,2214,76250,3382,72309,0,0,2961,67256,2615,40549,2961,107805,California
Sonoma,2021-02-26,5967,154526,2741,78991,3226,75535,0,0,3705,68705,2256,42805,3705,111510,California
Sonoma,2021-02-27,4012,158538,1889,80880,2123,77658,0,0,2688,70072,1322,44127,2689,114199,California
Sonoma,2021-02-28,2262,160800,1781,82661,481,78139,0,0,598,69010,1660,45787,598,114797,California
Sonoma,2021-03-01,3613,164413,1101,83762,2512,80651,0,0,1769,68943,1837,47624,1770,116567,California
Sonoma,2021-03-02,4176,168589,1451,85213,2725,83376,0,0,2462,69700,1705,49329,2462,119029,California
Sonoma,2021-03-03,4270,172859,2233,87446,2037,85413,0,0,1857,69151,2406,51735,1857,120886,California
Sonoma,2021-03-04,4891,177750,2243,89689,2648,88061,0,0,1996,68264,2883,54618,1996,122882,California
Sonoma,2021-03-05,5171,182921,2222,91911,2934,90995,15,15,2058,67242,3100,57718,2078,124960,California
Sonoma,2021-03-06,2559,185480,1129,93040,1310,92305,120,135,1730,68266,825,58543,1849,126809,California
Sonoma,2021-03-07,1708,187188,1428,94468,248,92553,32,167,355,67301,1352,59895,387,127196,California
Sonoma,2021-03-08,3823,191011,646,95114,3010,95563,167,334,2168,67991,1645,61540,2335,129531,California
Sonoma,2021-03-09,5357,196368,2959,98073,2150,97713,248,582,2642,68171,2710,64250,2890,132421,California
Sonoma,2021-03-10,5811,202179,3123,101196,2385,100098,303,885,2344,67366,3452,67702,2647,135068,California
Sonoma,2021-03-11,7220,209399,2877,104073,3564,103662,779,1664,2560,66056,4651,72353,3341,138409,California
Sonoma,2021-03-12,6951,216350,2133,106206,3549,107211,1269,2933,1986,64363,4948,77301,3255,141664,California
Sonoma,2021-03-13,2953,219303,1452,107658,1277,108488,224,3157,1700,65034,1251,78552,1922,143586,California
Sonoma,2021-03-14,1163,220466,288,107946,735,109223,140,3297,752,65517,408,78960,891,144477,California
Sonoma,2021-03-15,5145,225611,1457,109403,3315,112538,373,3670,2173,65099,2964,81924,2546,147023,California
Sonoma,2021-03-16,6218,231829,2224,111627,3771,116309,223,3893,3148,65407,3063,84987,3371,150394,California
Sonoma,2021-03-17,6388,238217,3381,115008,2840,119149,167,4060,3268,65731,3111,88098,3435,153829,California
Sonoma,2021-03-18,5775,243992,2414,117422,2863,122012,498,4558,2666,65789,3104,91202,3162,156991,California
Sonoma,2021-03-19,5371,249363,2302,119724,2882,124894,187,4745,2425,65477,2926,94128,2614,159605,California
Sonoma,2021-03-20,2744,252107,1344,121068,742,125636,658,5403,1480,66354,1261,95389,2138,161743,California
Sonoma,2021-03-21,1348,253455,587,121655,727,126363,34,5437,1185,67412,162,95551,1220,162963,California
Sonoma,2021-03-22,4415,257870,3010,124665,1304,127667,101,5538,3481,70076,933,96484,3597,166560,California
Sonoma,2021-03-23,5614,263484,3475,128140,2065,129732,74,5612,4514,73575,1096,97580,4595,171155,California
Sonoma,2021-03-24,6475,269959,4152,132292,2249,131981,74,5686,4073,75464,2385,99965,4274,175429,California
Sonoma,2021-03-25,6797,276756,4055,136347,2640,134621,102,5788,4212,77307,2566,102531,4409,179838,California
Sonoma,2021-03-26,6977,283733,3277,139624,3615,138236,85,5873,3780,78218,3183,105714,4094,183932,California
Sonoma,2021-03-27,3804,287537,1486,141110,1968,140204,350,6223,1109,77071,2687,108401,1540,185472,California
Sonoma,2021-03-28,1457,288994,898,142008,534,140738,25,6248,917,77474,539,108940,942,186414,California
Sonoma,2021-03-29,2792,291786,1079,143087,1681,142419,32,6280,1600,77932,1187,110127,1645,188059,California
Sonoma,2021-03-30,5268,297054,3078,146165,2125,144544,65,6345,2962,78677,2302,112429,3047,191106,California
Sonoma,2021-03-31,4952,302006,3262,149427,1480,146024,210,6555,2976,79952,1969,114398,3244,194350,California
Sonoma,2021-04-01,4635,306641,2942,152369,1462,147486,231,6786,2418,80852,2208,116606,3108,197458,California
Stanislaus,2020-12-15,2,2,2,2,0,0,0,0,2,2,0,0,2,2,California
Stanislaus,2020-12-16,37,39,37,39,0,0,0,0,37,39,0,0,37,39,California
Stanislaus,2020-12-17,73,112,73,112,0,0,0,0,73,112,0,0,73,112,California
Stanislaus,2020-12-18,431,543,424,536,7,7,0,0,431,543,0,0,431,543,California
Stanislaus,2020-12-19,192,735,192,728,0,7,0,0,192,735,0,0,192,735,California
Stanislaus,2020-12-20,125,860,125,853,0,7,0,0,125,860,0,0,125,860,California
Stanislaus,2020-12-21,1125,1985,1122,1975,3,10,0,0,1124,1984,0,0,1124,1984,California
Stanislaus,2020-12-22,846,2831,834,2809,12,22,0,0,846,2830,0,0,846,2830,California
Stanislaus,2020-12-23,461,3292,444,3253,17,39,0,0,460,3290,0,0,460,3290,California
Stanislaus,2020-12-24,99,3391,90,3343,9,48,0,0,99,3389,0,0,99,3389,California
Stanislaus,2020-12-26,48,3439,6,3349,42,90,0,0,48,3437,0,0,48,3437,California
Stanislaus,2020-12-27,10,3449,5,3354,5,95,0,0,10,3447,0,0,10,3447,California
Stanislaus,2020-12-28,499,3948,403,3757,96,191,0,0,499,3946,0,0,499,3946,California
Stanislaus,2020-12-29,504,4452,429,4186,75,266,0,0,504,4450,0,0,504,4450,California
Stanislaus,2020-12-30,539,4991,283,4469,256,522,0,0,539,4988,1,1,539,4989,California
Stanislaus,2020-12-31,315,5306,172,4641,143,665,0,0,317,5305,0,1,317,5306,California
Stanislaus,2021-01-01,8,5314,1,4642,7,672,0,0,8,5313,0,1,8,5314,California
Stanislaus,2021-01-02,30,5344,23,4665,7,679,0,0,30,5343,0,1,30,5344,California
Stanislaus,2021-01-03,88,5432,85,4750,3,682,0,0,88,5431,0,1,88,5432,California
Stanislaus,2021-01-04,114,5546,31,4781,83,765,0,0,117,5548,0,1,117,5549,California
Stanislaus,2021-01-05,849,6395,334,5115,515,1280,0,0,826,6359,16,17,827,6376,California
Stanislaus,2021-01-06,976,7371,545,5660,431,1711,0,0,902,7198,64,81,903,7279,California
Stanislaus,2021-01-07,1087,8458,696,6356,391,2102,0,0,962,8049,112,193,963,8242,California
Stanislaus,2021-01-08,1316,9774,754,7110,562,2664,0,0,946,8634,365,558,950,9192,California
Stanislaus,2021-01-09,288,10062,144,7254,144,2808,0,0,196,8738,92,650,196,9388,California
Stanislaus,2021-01-10,46,10108,19,7273,27,2835,0,0,29,8750,17,667,29,9417,California
Stanislaus,2021-01-11,1547,11655,1261,8534,286,3121,0,0,604,8427,940,1607,617,10034,California
Stanislaus,2021-01-12,1487,13142,888,9422,599,3720,0,0,832,8612,651,2258,836,10870,California
Stanislaus,2021-01-13,1439,14581,675,10097,764,4484,0,0,1114,9410,324,2582,1122,11992,California
Stanislaus,2021-01-14,2212,16793,279,10376,1933,6417,0,0,2062,11378,148,2730,2116,14108,California
Stanislaus,2021-01-15,2882,19675,1150,11526,1732,8149,0,0,2725,14035,135,2865,2792,16900,California
Stanislaus,2021-01-16,572,20247,51,11577,521,8670,0,0,556,14578,15,2880,558,17458,California
Stanislaus,2021-01-17,244,20491,201,11778,43,8713,0,0,238,14810,6,2886,238,17696,California
Stanislaus,2021-01-18,2173,22664,1020,12798,1153,9866,0,0,1803,16307,367,3253,1864,19560,California
Stanislaus,2021-01-19,1266,23930,740,13538,526,10392,0,0,804,16653,459,3712,805,20365,California
Stanislaus,2021-01-20,994,24924,479,14017,515,10907,0,0,703,17066,290,4002,703,21068,California
Stanislaus,2021-01-21,3677,28601,2959,16976,718,11625,0,0,3359,20196,316,4318,3446,24514,California
Stanislaus,2021-01-22,1092,29693,305,17281,787,12412,0,0,1046,21203,43,4361,1050,25564,California
Stanislaus,2021-01-23,350,30043,38,17319,312,12724,0,0,296,21449,54,4415,300,25864,California
Stanislaus,2021-01-24,289,30332,99,17418,190,12914,0,0,223,21608,66,4481,225,26089,California
Stanislaus,2021-01-25,3140,33472,218,17636,2922,15836,0,0,2843,24279,298,4779,2969,29058,California
Stanislaus,2021-01-26,1731,35203,738,18374,993,16829,0,0,1313,25193,413,5192,1327,30385,California
Stanislaus,2021-01-27,1834,37037,971,19345,863,17692,0,0,1178,25723,649,5841,1179,31564,California
Stanislaus,2021-01-28,2245,39282,1495,20840,750,18442,0,0,1762,27061,471,6312,1809,33373,California
Stanislaus,2021-01-29,2484,41766,1197,22037,1287,19729,0,0,1954,28573,483,6795,1995,35368,California
Stanislaus,2021-01-30,298,42064,118,22155,180,19909,0,0,248,28769,52,6847,248,35616,California
Stanislaus,2021-01-31,366,42430,314,22469,52,19961,0,0,363,29120,12,6859,363,35979,California
Stanislaus,2021-02-01,1271,43701,540,23009,731,20692,0,0,936,29730,327,7186,937,36916,California
Stanislaus,2021-02-02,1258,44959,370,23379,888,21580,0,0,804,30086,453,7639,809,37725,California
Stanislaus,2021-02-03,2526,47485,1080,24459,1446,23026,0,0,1847,31264,675,8314,1853,39578,California
Stanislaus,2021-02-04,2109,49594,721,25180,1388,24414,0,0,1596,32356,508,8822,1600,41178,California
Stanislaus,2021-02-05,2851,52445,1456,26636,1395,25809,0,0,1615,32785,1190,10012,1619,42797,California
Stanislaus,2021-02-06,1012,53457,290,26926,722,26531,0,0,822,33419,189,10201,823,43620,California
Stanislaus,2021-02-07,210,53667,186,27112,24,26555,0,0,40,33291,169,10370,41,43661,California
Stanislaus,2021-02-08,2024,55691,1310,28422,714,27269,0,0,1120,33536,878,11248,1123,44784,California
Stanislaus,2021-02-09,1870,57561,789,29211,1081,28350,0,0,1104,33874,769,12017,1107,45891,California
Stanislaus,2021-02-10,1981,59542,563,29774,1418,29768,0,0,1072,34054,894,12911,1074,46965,California
Stanislaus,2021-02-11,5547,65089,3416,33190,2131,31899,0,0,1422,31515,3966,16877,1427,48392,California
Stanislaus,2021-02-12,3536,68625,1098,34288,2438,34337,0,0,1672,31373,1817,18694,1675,50067,California
Stanislaus,2021-02-13,1545,70170,756,35044,789,35126,0,0,1101,32028,450,19144,1105,51172,California
Stanislaus,2021-02-14,423,70593,170,35214,253,35379,0,0,357,32321,65,19209,358,51530,California
Stanislaus,2021-02-15,1839,72432,251,35465,1588,36967,0,0,629,31846,1113,20322,638,52168,California
Stanislaus,2021-02-16,1389,73821,422,35887,967,37934,0,0,600,31682,784,21106,620,52788,California
Stanislaus,2021-02-17,2755,76576,1672,37559,1083,39017,0,0,1970,32885,789,21895,1992,54780,California
Stanislaus,2021-02-18,3393,79969,1884,39443,1509,40526,0,0,1793,33205,1532,23427,1852,56632,California
Stanislaus,2021-02-19,2771,82740,1036,40479,1735,42261,0,0,1568,33603,1178,24605,1576,58208,California
Stanislaus,2021-02-20,757,83497,368,40847,389,42650,0,0,497,33852,251,24856,500,58708,California
Stanislaus,2021-02-21,798,84295,589,41436,209,42859,0,0,360,33896,424,25280,468,59176,California
Stanislaus,2021-02-22,2298,86593,1598,43034,700,43559,0,0,1588,34802,684,25964,1590,60766,California
Stanislaus,2021-02-23,3714,90307,679,43713,3035,46594,0,0,1753,34742,1834,27798,1774,62540,California
Stanislaus,2021-02-24,4162,94469,2807,46520,1355,47949,0,0,2989,36748,1158,28956,3164,65704,California
Stanislaus,2021-02-25,3932,98401,2642,49162,1290,49239,0,0,2960,38925,958,29914,3135,68839,California
Stanislaus,2021-02-26,4238,102639,1211,50373,3027,52266,0,0,2666,40270,1534,31448,2879,71718,California
Stanislaus,2021-02-27,2202,104841,684,51057,1517,53783,1,1,1788,41828,388,31836,1946,73664,California
Stanislaus,2021-02-28,804,105645,254,51311,550,54333,0,1,745,42529,54,31890,755,74419,California
Stanislaus,2021-03-01,3074,108719,1597,52908,1477,55810,0,1,1661,42805,1394,33284,1670,76089,California
Stanislaus,2021-03-02,2420,111139,1438,54346,982,56792,0,1,1675,43749,736,34020,1680,77769,California
Stanislaus,2021-03-03,3656,114795,2189,56535,1464,58256,3,4,2802,45713,841,34861,2805,80574,California
Stanislaus,2021-03-04,5519,120314,3207,59742,2294,60550,18,22,4166,48565,1335,36196,4187,84761,California
Stanislaus,2021-03-05,4199,124513,1307,61049,2876,63426,16,38,3067,50539,1117,37313,3091,87852,California
Stanislaus,2021-03-06,3714,128227,2250,63299,1376,64802,88,126,2691,52308,1019,38332,2788,90640,California
Stanislaus,2021-03-07,835,129062,380,63679,419,65221,36,162,646,52807,184,38516,683,91323,California
Stanislaus,2021-03-08,1990,131052,901,64580,1010,66231,79,241,1268,53442,714,39230,1349,92672,California
Stanislaus,2021-03-09,2738,133790,1050,65630,1599,67830,89,330,1708,54228,1018,40248,1804,94476,California
Stanislaus,2021-03-10,5487,139277,2655,68285,2615,70445,217,547,3753,56491,1715,41963,3978,98454,California
Stanislaus,2021-03-11,6188,145465,3324,71609,2395,72840,469,1016,4167,59290,1858,43821,4657,103111,California
Stanislaus,2021-03-12,6149,151614,1325,72934,2919,75759,1905,2921,2780,60702,3349,47170,4761,107872,California
Stanislaus,2021-03-13,3604,155218,2233,75167,1305,77064,66,2987,2694,62619,896,48066,2813,110685,California
Stanislaus,2021-03-14,818,156036,517,75684,250,77314,51,3038,411,62685,405,48471,471,111156,California
Stanislaus,2021-03-15,3848,159884,1967,77651,1503,78817,378,3416,1659,62700,2095,50566,2110,113266,California
Stanislaus,2021-03-16,5077,164961,2459,80110,2177,80994,441,3857,3637,65364,1419,51985,4083,117349,California
Stanislaus,2021-03-17,5100,170061,3055,83165,1865,82859,180,4037,3152,66798,1929,53914,3363,120712,California
Stanislaus,2021-03-18,5734,175795,3506,86671,2156,85015,72,4109,3302,67893,2293,56207,3388,124100,California
Stanislaus,2021-03-19,6327,182122,1709,88380,3102,88117,1516,5625,3489,70100,2805,59012,5012,129112,California
Stanislaus,2021-03-20,3720,185842,2721,91101,947,89064,52,5677,3324,73092,388,59400,3380,132492,California
Stanislaus,2021-03-21,992,186834,886,91987,45,89109,61,5738,754,73678,232,59632,818,133310,California
Stanislaus,2021-03-22,3030,189864,1393,93380,914,90023,723,6461,1419,74227,1597,61229,2146,135456,California
Stanislaus,2021-03-23,4074,193938,2077,95457,1756,91779,241,6702,2951,76331,1104,62333,3208,138664,California
Stanislaus,2021-03-24,4661,198599,3263,98720,1330,93109,68,6770,2768,77345,1851,64184,2865,141529,California
Stanislaus,2021-03-25,4585,203184,3105,101825,1463,94572,17,6787,2114,77106,2397,66581,2158,143687,California
Stanislaus,2021-03-26,4899,208083,1417,103242,3413,97985,69,6856,2541,77405,2327,68908,2626,146313,California
Stanislaus,2021-03-27,4318,212401,2687,105929,1605,99590,26,6882,1297,75751,3002,71910,1348,147661,California
Stanislaus,2021-03-28,1156,213557,434,106363,539,100129,183,7065,333,75465,817,72727,531,148192,California
Stanislaus,2021-03-29,3119,216676,1803,108166,1278,101407,38,7103,2153,76724,956,73683,2215,150407,California
Stanislaus,2021-03-30,3731,220407,2019,110185,1684,103091,28,7131,2304,77657,1419,75102,2352,152759,California
Stanislaus,2021-03-31,5327,225734,3763,113948,1433,104524,131,7262,2742,78020,2570,77672,2933,155692,California
Stanislaus,2021-04-01,4391,230125,3026,116974,1332,105856,33,7295,2124,77990,2258,79930,2228,157920,California
Sutter,2020-12-15,1,1,1,1,0,0,0,0,1,1,0,0,1,1,California
Sutter,2020-12-16,4,5,4,5,0,0,0,0,4,5,0,0,4,5,California
Sutter,2020-12-17,2,7,2,7,0,0,0,0,2,7,0,0,2,7,California
Sutter,2020-12-18,20,27,20,27,0,0,0,0,20,27,0,0,20,27,California
Sutter,2020-12-19,44,71,44,71,0,0,0,0,44,71,0,0,44,71,California
Sutter,2020-12-20,42,113,42,113,0,0,0,0,42,113,0,0,42,113,California
Sutter,2020-12-21,101,214,101,214,0,0,0,0,101,214,0,0,101,214,California
Sutter,2020-12-22,174,388,174,388,0,0,0,0,174,388,0,0,174,388,California
Sutter,2020-12-23,114,502,110,498,4,4,0,0,114,502,0,0,114,502,California
Sutter,2020-12-24,17,519,11,509,6,10,0,0,17,519,0,0,17,519,California
Sutter,2020-12-26,39,558,35,544,4,14,0,0,39,558,0,0,39,558,California
Sutter,2020-12-27,24,582,23,567,1,15,0,0,24,582,0,0,24,582,California
Sutter,2020-12-28,83,665,55,622,28,43,0,0,83,665,0,0,83,665,California
Sutter,2020-12-29,101,766,14,636,87,130,0,0,101,766,0,0,101,766,California
Sutter,2020-12-30,136,902,33,669,103,233,0,0,136,902,0,0,136,902,California
Sutter,2020-12-31,70,972,6,675,64,297,0,0,70,972,0,0,70,972,California
Sutter,2021-01-01,3,975,3,678,0,297,0,0,3,975,0,0,3,975,California
Sutter,2021-01-02,135,1110,133,811,2,299,0,0,135,1110,0,0,135,1110,California
Sutter,2021-01-03,1,1111,0,811,1,300,0,0,1,1111,0,0,1,1111,California
Sutter,2021-01-04,248,1359,140,951,108,408,0,0,248,1359,0,0,248,1359,California
Sutter,2021-01-05,99,1458,56,1007,43,451,0,0,97,1454,2,2,97,1456,California
Sutter,2021-01-06,206,1664,52,1059,154,605,0,0,201,1650,5,7,201,1657,California
Sutter,2021-01-07,250,1914,150,1209,100,705,0,0,241,1883,8,15,241,1898,California
Sutter,2021-01-08,146,2060,40,1249,106,811,0,0,129,1995,17,32,129,2027,California
Sutter,2021-01-09,44,2104,43,1292,1,812,0,0,3,1957,41,73,3,2030,California
Sutter,2021-01-10,402,2506,37,1329,365,1177,0,0,364,2284,37,110,364,2394,California
Sutter,2021-01-11,133,2639,115,1444,18,1195,0,0,26,2203,107,217,26,2420,California
Sutter,2021-01-12,202,2841,165,1609,37,1232,0,0,57,2115,145,362,57,2477,California
Sutter,2021-01-13,157,2998,95,1704,62,1294,0,0,70,2098,87,449,70,2547,California
Sutter,2021-01-14,145,3143,50,1754,95,1389,0,0,125,2203,20,469,125,2672,California
Sutter,2021-01-15,434,3577,131,1885,303,1692,0,0,419,2607,15,484,419,3091,California
Sutter,2021-01-16,390,3967,42,1927,348,2040,0,0,358,2934,31,515,358,3449,California
Sutter,2021-01-17,25,3992,23,1950,2,2042,0,0,9,2927,16,531,9,3458,California
Sutter,2021-01-18,116,4108,61,2011,55,2097,0,0,69,2949,47,578,69,3527,California
Sutter,2021-01-19,100,4208,40,2051,60,2157,0,0,76,3001,24,602,76,3603,California
Sutter,2021-01-20,256,4464,191,2242,65,2222,0,0,236,3217,20,622,236,3839,California
Sutter,2021-01-21,433,4897,264,2506,169,2391,0,0,414,3612,19,641,414,4253,California
Sutter,2021-01-22,267,5164,82,2588,185,2576,0,0,258,3861,9,650,258,4511,California
Sutter,2021-01-23,396,5560,40,2628,356,2932,0,0,370,4205,26,676,370,4881,California
Sutter,2021-01-24,17,5577,14,2642,3,2935,0,0,15,4218,2,678,15,4896,California
Sutter,2021-01-25,302,5879,196,2838,106,3041,0,0,149,4215,152,830,149,5045,California
Sutter,2021-01-26,242,6121,102,2940,140,3181,0,0,145,4265,96,926,146,5191,California
Sutter,2021-01-27,385,6506,254,3194,131,3312,0,0,319,4518,66,992,319,5510,California
Sutter,2021-01-28,523,7029,300,3494,223,3535,0,0,393,4781,130,1122,393,5903,California
Sutter,2021-01-29,418,7447,146,3640,272,3807,0,0,252,4867,166,1288,252,6155,California
Sutter,2021-01-30,780,8227,39,3679,741,4548,0,0,769,5625,11,1299,769,6924,California
Sutter,2021-01-31,27,8254,27,3706,0,4548,0,0,27,5652,0,1299,27,6951,California
Sutter,2021-02-01,162,8416,47,3753,115,4663,0,0,131,5752,31,1330,131,7082,California
Sutter,2021-02-02,240,8656,25,3778,215,4878,0,0,210,5932,30,1360,210,7292,California
Sutter,2021-02-03,443,9099,36,3814,407,5285,0,0,211,5911,232,1592,211,7503,California
Sutter,2021-02-04,667,9766,366,4180,301,5586,0,0,617,6478,50,1642,617,8120,California
Sutter,2021-02-05,281,10047,31,4211,250,5836,0,0,133,6463,148,1790,133,8253,California
Sutter,2021-02-06,732,10779,27,4238,705,6541,0,0,714,7158,19,1809,714,8967,California
Sutter,2021-02-07,22,10801,19,4257,3,6544,0,0,19,7174,3,1812,19,8986,California
Sutter,2021-02-08,132,10933,27,4284,105,6649,0,0,96,7234,36,1848,96,9082,California
Sutter,2021-02-09,249,11182,47,4331,202,6851,0,0,185,7355,64,1912,185,9267,California
Sutter,2021-02-10,799,11981,379,4710,420,7271,0,0,172,6901,626,2538,172,9439,California
Sutter,2021-02-11,601,12582,270,4980,331,7602,0,0,375,7050,226,2764,375,9814,California
Sutter,2021-02-12,624,13206,66,5046,558,8160,0,0,308,7042,316,3080,308,10122,California
Sutter,2021-02-13,901,14107,48,5094,853,9013,0,0,784,7710,116,3196,784,10906,California
Sutter,2021-02-14,87,14194,24,5118,63,9076,0,0,77,7777,10,3206,77,10983,California
Sutter,2021-02-15,198,14392,71,5189,127,9203,0,0,123,7825,75,3281,123,11106,California
Sutter,2021-02-16,283,14675,43,5232,240,9443,0,0,200,7943,82,3363,200,11306,California
Sutter,2021-02-17,829,15504,435,5667,394,9837,0,0,127,7368,702,4065,127,11433,California
Sutter,2021-02-18,702,16206,50,5717,652,10489,0,0,493,7653,208,4273,493,11926,California
Sutter,2021-02-19,663,16869,381,6098,282,10771,0,0,463,7918,198,4471,463,12389,California
Sutter,2021-02-20,621,17490,55,6153,566,11337,0,0,518,8333,103,4574,518,12907,California
Sutter,2021-02-21,29,17519,24,6177,5,11342,0,0,8,8320,21,4595,8,12915,California
Sutter,2021-02-22,199,17718,115,6292,84,11426,0,0,86,8293,113,4708,86,13001,California
Sutter,2021-02-23,217,17935,31,6323,186,11612,0,0,94,8264,123,4831,94,13095,California
Sutter,2021-02-24,957,18892,348,6671,609,12221,0,0,190,7688,766,5597,190,13285,California
Sutter,2021-02-25,772,19664,492,7163,280,12501,0,0,597,8113,172,5769,597,13882,California
Sutter,2021-02-26,365,20029,60,7223,305,12806,0,0,152,8054,211,5980,152,14034,California
Sutter,2021-02-27,859,20888,44,7267,815,13621,0,0,701,8596,159,6139,701,14735,California
Sutter,2021-02-28,83,20971,38,7305,45,13666,0,0,66,8645,17,6156,66,14801,California
Sutter,2021-03-01,243,21214,60,7365,183,13849,0,0,147,8696,96,6252,147,14948,California
Sutter,2021-03-02,333,21547,57,7422,276,14125,0,0,160,8684,172,6424,160,15108,California
Sutter,2021-03-03,1362,22909,506,7928,856,14981,0,0,622,8572,734,7158,622,15730,California
Sutter,2021-03-04,1232,24141,845,8773,387,15368,0,0,941,9228,287,7445,943,16673,California
Sutter,2021-03-05,317,24458,72,8845,244,15612,1,1,181,9275,135,7580,182,16855,California
Sutter,2021-03-06,595,25053,44,8889,547,16159,4,5,445,9581,143,7723,449,17304,California
Sutter,2021-03-07,63,25116,23,8912,39,16198,1,6,43,9605,20,7743,44,17348,California
Sutter,2021-03-08,201,25317,69,8981,120,16318,12,18,134,9685,66,7809,146,17494,California
Sutter,2021-03-09,382,25699,131,9112,238,16556,13,31,178,9673,203,8012,191,17685,California
Sutter,2021-03-10,1523,27222,653,9765,818,17374,52,83,480,9165,1040,9052,532,18217,California
Sutter,2021-03-11,837,28059,400,10165,421,17795,16,99,603,9553,231,9283,619,18836,California
Sutter,2021-03-12,483,28542,80,10245,335,18130,68,167,163,9465,319,9602,231,19067,California
Sutter,2021-03-13,908,29450,707,10952,184,18314,17,184,738,10052,168,9770,755,19822,California
Sutter,2021-03-14,85,29535,22,10974,52,18366,11,195,34,10046,51,9821,45,19867,California
Sutter,2021-03-15,309,29844,68,11042,194,18560,47,242,143,10071,165,9986,190,20057,California
Sutter,2021-03-16,333,30177,84,11126,203,18763,46,288,171,10127,161,10147,217,20274,California
Sutter,2021-03-17,1454,31631,551,11677,880,19643,23,311,281,9266,1165,11312,304,20578,California
Sutter,2021-03-18,734,32365,118,11795,456,20099,160,471,417,9527,315,11627,576,21154,California
Sutter,2021-03-19,317,32682,106,11901,194,20293,17,488,187,9604,127,11754,204,21358,California
Sutter,2021-03-20,862,33544,92,11993,764,21057,6,494,795,10340,66,11820,802,22160,California
Sutter,2021-03-21,70,33614,47,12040,19,21076,4,498,38,10350,32,11852,42,22202,California
Sutter,2021-03-22,283,33897,118,12158,139,21215,26,524,205,10503,78,11930,231,22433,California
Sutter,2021-03-23,339,34236,126,12284,181,21396,32,556,233,10662,106,12036,265,22698,California
Sutter,2021-03-24,1628,35864,726,13010,830,22226,72,628,313,9741,1306,13342,385,23083,California
Sutter,2021-03-25,981,36845,660,13670,280,22506,41,669,326,9457,652,13994,368,23451,California
Sutter,2021-03-26,474,37319,184,13854,272,22778,18,687,280,9568,192,14186,303,23754,California
Sutter,2021-03-27,861,38180,64,13918,794,23572,3,690,762,10235,98,14284,765,24519,California
Sutter,2021-03-28,123,38303,72,13990,51,23623,0,690,77,10267,45,14329,77,24596,California
Sutter,2021-03-29,400,38703,139,14129,212,23835,49,739,211,10341,188,14517,262,24858,California
Sutter,2021-03-30,441,39144,162,14291,272,24107,7,746,290,10488,150,14667,297,25155,California
Sutter,2021-03-31,1177,40321,169,14460,992,25099,16,762,430,10427,739,15406,678,25833,California
Sutter,2021-04-01,909,41230,575,15035,201,25300,133,895,185,10032,720,16126,325,26158,California
Tehama,2020-12-15,1,1,1,1,0,0,0,0,1,1,0,0,1,1,California
Tehama,2020-12-16,2,3,2,3,0,0,0,0,2,3,0,0,2,3,California
Tehama,2020-12-17,12,15,12,15,0,0,0,0,12,15,0,0,12,15,California
Tehama,2020-12-18,2,17,2,17,0,0,0,0,3,18,0,0,3,18,California
Tehama,2020-12-21,33,50,33,50,0,0,0,0,33,51,0,0,33,51,California
Tehama,2020-12-22,68,118,62,112,6,6,0,0,68,119,0,0,68,119,California
Tehama,2020-12-23,48,166,40,152,8,14,0,0,48,167,0,0,48,167,California
Tehama,2020-12-24,5,171,3,155,2,16,0,0,5,172,0,0,5,172,California
Tehama,2020-12-26,3,174,2,157,1,17,0,0,3,175,0,0,3,175,California
Tehama,2020-12-27,2,176,2,159,0,17,0,0,2,177,0,0,2,177,California
Tehama,2020-12-28,56,232,43,202,13,30,0,0,56,233,0,0,56,233,California
Tehama,2020-12-29,31,263,31,233,0,30,0,0,31,264,0,0,31,264,California
Tehama,2020-12-30,54,317,38,271,16,46,0,0,53,317,0,0,53,317,California
Tehama,2020-12-31,14,331,4,275,10,56,0,0,14,331,0,0,14,331,California
Tehama,2021-01-01,2,333,0,275,2,58,0,0,2,333,0,0,2,333,California
Tehama,2021-01-04,31,364,8,283,23,81,0,0,31,364,0,0,31,364,California
Tehama,2021-01-05,71,435,44,327,27,108,0,0,68,429,3,3,68,432,California
Tehama,2021-01-06,70,505,21,348,49,157,0,0,61,482,8,11,61,493,California
Tehama,2021-01-07,57,562,7,355,50,207,0,0,56,537,1,12,56,549,California
Tehama,2021-01-08,30,592,24,379,6,213,0,0,25,557,5,17,25,574,California
Tehama,2021-01-09,7,599,5,384,2,215,0,0,5,560,2,19,5,579,California
Tehama,2021-01-10,1,600,0,384,1,216,0,0,1,561,0,19,1,580,California
Tehama,2021-01-11,47,647,46,430,1,217,0,0,14,542,33,52,14,594,California
Tehama,2021-01-12,115,762,95,525,20,237,0,0,70,567,45,97,70,664,California
Tehama,2021-01-13,72,834,55,580,17,254,0,0,26,547,46,143,26,690,California
Tehama,2021-01-14,226,1060,51,631,175,429,0,0,224,769,2,145,224,914,California
Tehama,2021-01-15,246,1306,74,705,172,601,0,0,242,1007,4,149,242,1156,California
Tehama,2021-01-16,274,1580,27,732,247,848,0,0,271,1275,3,152,271,1427,California
Tehama,2021-01-17,13,1593,9,741,4,852,0,0,11,1284,2,154,11,1438,California
Tehama,2021-01-18,10,1603,6,747,4,856,0,0,5,1284,5,159,5,1443,California
Tehama,2021-01-19,289,1892,61,808,228,1084,0,0,234,1463,55,214,234,1677,California
Tehama,2021-01-20,303,2195,88,896,215,1299,0,0,252,1665,50,264,252,1929,California
Tehama,2021-01-21,214,2409,11,907,203,1502,0,0,204,1859,10,274,204,2133,California
Tehama,2021-01-22,214,2623,12,919,202,1704,0,0,211,2067,3,277,211,2344,California
Tehama,2021-01-23,263,2886,10,929,253,1957,0,0,261,2327,2,279,262,2606,California
Tehama,2021-01-25,30,2916,13,942,17,1974,0,0,13,2323,17,296,13,2619,California
Tehama,2021-01-26,325,3241,41,983,284,2258,0,0,287,2573,38,334,288,2907,California
Tehama,2021-01-27,299,3540,21,1004,278,2536,0,0,279,2832,20,354,279,3186,California
Tehama,2021-01-28,337,3877,28,1032,309,2845,0,0,322,3139,15,369,322,3508,California
Tehama,2021-01-29,320,4197,18,1050,302,3147,0,0,303,3425,17,386,303,3811,California
Tehama,2021-01-30,102,4299,2,1052,100,3247,0,0,101,3525,1,387,101,3912,California
Tehama,2021-01-31,1,4300,0,1052,1,3248,0,0,1,3526,0,387,1,3913,California
Tehama,2021-02-01,78,4378,23,1075,55,3303,0,0,37,3522,41,428,37,3950,California
Tehama,2021-02-02,331,4709,63,1138,268,3571,0,0,235,3664,93,521,235,4185,California
Tehama,2021-02-03,363,5072,12,1150,351,3922,0,0,319,3939,44,565,319,4504,California
Tehama,2021-02-04,447,5519,99,1249,348,4270,0,0,369,4230,78,643,369,4873,California
Tehama,2021-02-05,160,5679,73,1322,87,4357,0,0,101,4272,59,702,101,4974,California
Tehama,2021-02-06,29,5708,13,1335,16,4373,0,0,17,4277,12,714,17,4991,California
Tehama,2021-02-07,5,5713,4,1339,1,4374,0,0,2,4276,3,717,2,4993,California
Tehama,2021-02-08,35,5748,14,1353,21,4395,0,0,27,4295,8,725,27,5020,California
Tehama,2021-02-09,76,5824,33,1386,43,4438,0,0,42,4303,34,759,42,5062,California
Tehama,2021-02-10,232,6056,61,1447,171,4609,0,0,157,4385,75,834,157,5219,California
Tehama,2021-02-11,219,6275,14,1461,205,4814,0,0,79,4326,138,972,79,5298,California
Tehama,2021-02-12,346,6621,49,1510,297,5111,0,0,165,4310,181,1153,165,5463,California
Tehama,2021-02-13,390,7011,13,1523,377,5488,0,0,149,4218,241,1394,149,5612,California
Tehama,2021-02-14,34,7045,0,1523,34,5522,0,0,33,4250,1,1395,33,5645,California
Tehama,2021-02-15,52,7097,10,1533,42,5564,0,0,46,4290,6,1401,46,5691,California
Tehama,2021-02-16,240,7337,15,1548,225,5789,0,0,57,4164,183,1584,57,5748,California
Tehama,2021-02-17,291,7628,21,1569,270,6059,0,0,65,4003,226,1810,65,5813,California
Tehama,2021-02-18,363,7991,36,1605,327,6386,0,0,139,3918,224,2034,139,5952,California
Tehama,2021-02-19,216,8207,19,1624,197,6583,0,0,46,3794,170,2204,46,5998,California
Tehama,2021-02-20,273,8480,6,1630,267,6850,0,0,26,3574,246,2450,26,6024,California
Tehama,2021-02-21,1,8481,1,1631,0,6850,0,0,1,3575,0,2450,1,6025,California
Tehama,2021-02-22,38,8519,14,1645,24,6874,0,0,25,3587,13,2463,25,6050,California
Tehama,2021-02-23,45,8564,18,1663,27,6901,0,0,25,3592,20,2483,25,6075,California
Tehama,2021-02-24,298,8862,12,1675,286,7187,0,0,25,3344,273,2756,25,6100,California
Tehama,2021-02-25,379,9241,63,1738,316,7503,0,0,39,3043,340,3096,39,6139,California
Tehama,2021-02-26,453,9694,19,1757,434,7937,0,0,69,2728,384,3480,69,6208,California
Tehama,2021-02-27,296,9990,6,1763,290,8227,0,0,35,2502,261,3741,35,6243,California
Tehama,2021-02-28,24,10014,3,1766,21,8248,0,0,21,2520,3,3744,21,6264,California
Tehama,2021-03-01,62,10076,8,1774,54,8302,0,0,28,2514,34,3778,28,6292,California
Tehama,2021-03-02,102,10178,17,1791,85,8387,0,0,26,2464,76,3854,26,6318,California
Tehama,2021-03-03,98,10276,28,1819,70,8457,0,0,37,2440,61,3915,37,6355,California
Tehama,2021-03-04,528,10804,21,1840,507,8964,0,0,195,2308,327,4242,195,6550,California
Tehama,2021-03-05,345,11149,21,1861,324,9288,0,0,189,2342,155,4397,189,6739,California
Tehama,2021-03-06,284,11433,16,1877,268,9556,0,0,74,2208,209,4606,75,6814,California
Tehama,2021-03-07,8,11441,2,1879,6,9562,0,0,6,2212,2,4608,6,6820,California
Tehama,2021-03-08,53,11494,10,1889,30,9592,13,13,25,2223,27,4635,38,6858,California
Tehama,2021-03-09,286,11780,5,1894,262,9854,19,32,234,2424,52,4687,253,7111,California
Tehama,2021-03-10,310,12090,14,1908,292,10146,4,36,64,2247,245,4932,68,7179,California
Tehama,2021-03-11,438,12528,22,1930,381,10527,35,71,312,2468,126,5058,347,7526,California
Tehama,2021-03-12,231,12759,13,1943,171,10698,47,118,151,2586,80,5138,198,7724,California
Tehama,2021-03-13,28,12787,9,1952,13,10711,6,124,6,2576,22,5160,12,7736,California
Tehama,2021-03-14,29,12816,2,1954,16,10727,11,135,3,2564,26,5186,14,7750,California
Tehama,2021-03-15,155,12971,22,1976,108,10835,25,160,82,2598,73,5259,107,7857,California
Tehama,2021-03-16,362,13333,15,1991,312,11147,35,195,269,2810,92,5351,304,8161,California
Tehama,2021-03-17,395,13728,31,2022,333,11480,31,226,313,3074,80,5431,344,8505,California
Tehama,2021-03-18,440,14168,26,2048,390,11870,24,250,276,3212,162,5593,300,8805,California
Tehama,2021-03-19,274,14442,15,2063,247,12117,12,262,235,3420,39,5632,247,9052,California
Tehama,2021-03-20,30,14472,10,2073,19,12136,1,263,24,3439,6,5638,25,9077,California
Tehama,2021-03-21,13,14485,7,2080,6,12142,0,263,13,3452,0,5638,13,9090,California
Tehama,2021-03-22,91,14576,8,2088,68,12210,15,278,53,3482,38,5676,68,9158,California
Tehama,2021-03-23,88,14664,25,2113,54,12264,9,287,66,3536,21,5697,75,9233,California
Tehama,2021-03-24,93,14757,21,2134,68,12332,4,291,62,3571,31,5728,66,9299,California
Tehama,2021-03-25,449,15206,291,2425,147,12479,11,302,403,3940,46,5774,415,9714,California
Tehama,2021-03-26,466,15672,357,2782,96,12575,13,315,387,4263,79,5853,402,10116,California
Tehama,2021-03-27,427,16099,340,3122,66,12641,21,336,365,4587,62,5915,386,10502,California
Tehama,2021-03-28,36,16135,15,3137,21,12662,0,336,23,4597,13,5928,23,10525,California
Tehama,2021-03-29,119,16254,32,3169,87,12749,0,336,77,4634,41,5969,78,10603,California
Tehama,2021-03-30,343,16597,197,3366,145,12894,1,337,231,4764,112,6081,242,10845,California
Tehama,2021-03-31,347,16944,261,3627,83,12977,3,340,280,4983,66,6147,285,11130,California
Tehama,2021-04-01,390,17334,165,3792,223,13200,2,342,281,5171,109,6256,297,11427,California
Trinity,2020-12-17,4,4,4,4,0,0,0,0,4,4,0,0,4,4,California
Trinity,2020-12-18,2,6,2,6,0,0,0,0,2,6,0,0,2,6,California
Trinity,2020-12-21,38,44,38,44,0,0,0,0,38,44,0,0,38,44,California
Trinity,2020-12-22,5,49,5,49,0,0,0,0,5,49,0,0,5,49,California
Trinity,2020-12-23,5,54,5,54,0,0,0,0,5,54,0,0,5,54,California
Trinity,2020-12-28,30,84,30,84,0,0,0,0,30,84,0,0,30,84,California
Trinity,2020-12-29,8,92,7,91,1,1,0,0,8,92,0,0,8,92,California
Trinity,2020-12-30,10,102,8,99,2,3,0,0,10,102,0,0,10,102,California
Trinity,2020-12-31,2,104,1,100,1,4,0,0,2,104,0,0,2,104,California
Trinity,2021-01-04,27,131,1,101,26,30,0,0,26,130,0,0,26,130,California
Trinity,2021-01-05,2,133,1,102,1,31,0,0,2,132,0,0,2,132,California
Trinity,2021-01-06,23,156,4,106,19,50,0,0,19,147,4,4,19,151,California
Trinity,2021-01-08,49,205,2,108,47,97,0,0,48,193,2,6,48,199,California
Trinity,2021-01-11,40,245,39,147,1,98,0,0,2,157,38,44,2,201,California
Trinity,2021-01-12,8,253,6,153,2,100,0,0,3,155,5,49,3,204,California
Trinity,2021-01-13,7,260,4,157,3,103,0,0,4,156,3,52,4,208,California
Trinity,2021-01-14,4,264,1,158,3,106,0,0,4,160,0,52,4,212,California
Trinity,2021-01-16,4,268,0,158,4,110,0,0,4,164,0,52,4,216,California
Trinity,2021-01-18,31,299,31,189,0,110,0,0,1,135,30,82,1,217,California
Trinity,2021-01-19,31,330,14,203,17,127,0,0,17,138,14,96,17,234,California
Trinity,2021-01-20,19,349,3,206,16,143,0,0,17,153,2,98,17,251,California
Trinity,2021-01-21,16,365,6,212,10,153,0,0,16,169,0,98,16,267,California
Trinity,2021-01-22,4,369,0,212,4,157,0,0,4,173,0,98,4,271,California
Trinity,2021-01-23,6,375,2,214,4,161,0,0,6,179,0,98,6,277,California
Trinity,2021-01-25,14,389,1,215,13,174,0,0,13,191,1,99,13,290,California
Trinity,2021-01-26,10,399,1,216,9,183,0,0,9,199,1,100,9,299,California
Trinity,2021-01-27,12,411,0,216,12,195,0,0,12,211,0,100,12,311,California
Trinity,2021-01-28,13,424,3,219,10,205,0,0,10,218,3,103,10,321,California
Trinity,2021-01-29,3,427,1,220,2,207,0,0,2,219,1,104,2,323,California
Trinity,2021-01-30,13,440,11,231,2,209,0,0,13,232,0,104,13,336,California
Trinity,2021-01-31,1,441,1,232,0,209,0,0,1,233,0,104,1,337,California
Trinity,2021-02-01,2,443,1,233,1,210,0,0,1,233,1,105,1,338,California
Trinity,2021-02-02,13,456,3,236,10,220,0,0,12,244,1,106,12,350,California
Trinity,2021-02-03,6,462,1,237,5,225,0,0,3,244,3,109,3,353,California
Trinity,2021-02-04,36,498,32,269,4,229,0,0,34,276,2,111,34,387,California
Trinity,2021-02-05,348,846,0,269,348,577,0,0,318,564,30,141,318,705,California
Trinity,2021-02-06,208,1054,3,272,205,782,0,0,201,758,7,148,201,906,California
Trinity,2021-02-08,24,1078,1,273,23,805,0,0,16,766,8,156,16,922,California
Trinity,2021-02-09,21,1099,2,275,19,824,0,0,6,757,15,171,6,928,California
Trinity,2021-02-10,122,1221,9,284,113,937,0,0,103,841,19,190,103,1031,California
Trinity,2021-02-11,302,1523,2,286,300,1237,0,0,296,1131,6,196,296,1327,California
Trinity,2021-02-12,9,1532,6,292,3,1240,0,0,9,1140,0,196,9,1336,California
Trinity,2021-02-13,11,1543,4,296,7,1247,0,0,5,1139,6,202,5,1341,California
Trinity,2021-02-14,2,1545,2,298,0,1247,0,0,2,1141,0,202,2,1343,California
Trinity,2021-02-15,47,1592,0,298,47,1294,0,0,47,1188,0,202,47,1390,California
Trinity,2021-02-16,7,1599,2,300,5,1299,0,0,3,1188,4,206,4,1394,California
Trinity,2021-02-17,94,1693,2,302,92,1391,0,0,84,1262,10,216,84,1478,California
Trinity,2021-02-18,5,1698,0,302,5,1396,0,0,1,1260,3,219,1,1479,California
Trinity,2021-02-19,211,1909,2,304,209,1605,0,0,198,1445,13,232,198,1677,California
Trinity,2021-02-20,141,2050,13,317,128,1733,0,0,114,1532,27,259,114,1791,California
Trinity,2021-02-22,3,2053,0,317,3,1736,0,0,0,1529,3,262,0,1791,California
Trinity,2021-02-23,8,2061,4,321,4,1740,0,0,3,1527,5,267,3,1794,California
Trinity,2021-02-24,28,2089,8,329,20,1760,0,0,7,1513,21,288,7,1801,California
Trinity,2021-02-25,36,2125,23,352,13,1773,0,0,5,1487,31,319,5,1806,California
Trinity,2021-02-26,11,2136,1,353,10,1783,0,0,5,1486,6,325,5,1811,California
Trinity,2021-02-27,8,2144,5,358,3,1786,0,0,5,1488,3,328,5,1816,California
Trinity,2021-02-28,1,2145,1,359,0,1786,0,0,1,1489,0,328,1,1817,California
Trinity,2021-03-01,8,2153,0,359,8,1794,0,0,5,1491,3,331,5,1822,California
Trinity,2021-03-02,9,2162,4,363,5,1799,0,0,1,1484,8,339,1,1823,California
Trinity,2021-03-03,5,2167,0,363,5,1804,0,0,4,1487,1,340,4,1827,California
Trinity,2021-03-04,15,2182,10,373,5,1809,0,0,13,1498,2,342,13,1840,California
Trinity,2021-03-05,282,2464,1,374,280,2089,1,1,33,1286,246,588,34,1874,California
Trinity,2021-03-06,186,2650,7,381,179,2268,0,1,21,1142,165,753,21,1895,California
Trinity,2021-03-07,3,2653,3,384,0,2268,0,1,2,1143,1,754,2,1897,California
Trinity,2021-03-08,5,2658,0,384,3,2271,2,3,2,1144,3,757,4,1901,California
Trinity,2021-03-09,95,2753,1,385,91,2362,3,6,90,1232,5,762,93,1994,California
Trinity,2021-03-10,128,2881,6,391,121,2483,1,7,41,1187,87,849,42,2036,California
Trinity,2021-03-11,12,2893,4,395,5,2488,3,10,7,1192,5,854,10,2046,California
Trinity,2021-03-12,325,3218,4,399,316,2804,5,15,61,994,264,1118,66,2112,California
Trinity,2021-03-13,10,3228,7,406,2,2806,1,16,7,999,3,1121,8,2120,California
Trinity,2021-03-15,67,3295,0,406,66,2872,1,17,14,961,53,1174,15,2135,California
Trinity,2021-03-16,112,3407,7,413,105,2977,0,17,99,1047,13,1187,99,2234,California
Trinity,2021-03-17,105,3512,4,417,101,3078,0,17,30,1002,75,1262,30,2264,California
Trinity,2021-03-18,11,3523,5,422,5,3083,1,18,8,1008,3,1265,9,2273,California
Trinity,2021-03-19,356,3879,5,427,246,3329,105,123,31,819,325,1590,136,2409,California
Trinity,2021-03-20,61,3940,8,435,53,3382,0,123,38,834,23,1613,38,2447,California
Trinity,2021-03-21,5,3945,1,436,2,3384,2,125,2,835,3,1616,4,2451,California
Trinity,2021-03-22,4,3949,2,438,2,3386,0,125,4,839,0,1616,4,2455,California
Trinity,2021-03-23,96,4045,1,439,95,3481,0,125,78,899,18,1634,78,2533,California
Trinity,2021-03-24,11,4056,2,441,9,3490,0,125,11,910,0,1634,11,2544,California
Trinity,2021-03-25,106,4162,6,447,93,3583,7,132,83,977,23,1657,90,2634,California
Trinity,2021-03-26,12,4174,1,448,11,3594,0,132,6,977,6,1663,6,2640,California
Trinity,2021-03-27,19,4193,6,454,4,3598,9,141,6,979,13,1676,15,2655,California
Trinity,2021-03-28,8,4201,5,459,3,3601,0,141,3,977,5,1681,3,2658,California
Trinity,2021-03-29,6,4207,0,459,6,3607,0,141,3,977,3,1684,3,2661,California
Trinity,2021-03-30,78,4285,6,465,72,3679,0,141,70,1039,8,1692,70,2731,California
Trinity,2021-03-31,42,4327,6,471,15,3694,21,162,17,1051,25,1717,37,2768,California
Trinity,2021-04-01,32,4359,8,479,16,3710,8,170,15,1057,17,1734,23,2791,California
Tulare,2020-12-16,4,4,4,4,0,0,0,0,4,4,0,0,4,4,California
Tulare,2020-12-17,110,114,110,114,0,0,0,0,110,114,0,0,110,114,California
Tulare,2020-12-18,291,405,291,405,0,0,0,0,291,405,0,0,291,405,California
Tulare,2020-12-19,327,732,327,732,0,0,0,0,327,732,0,0,327,732,California
Tulare,2020-12-20,167,899,167,899,0,0,0,0,167,899,0,0,167,899,California
Tulare,2020-12-21,422,1321,422,1321,0,0,0,0,442,1341,0,0,442,1341,California
Tulare,2020-12-22,469,1790,467,1788,2,2,0,0,468,1809,0,0,468,1809,California
Tulare,2020-12-23,330,2120,322,2110,8,10,0,0,328,2137,0,0,328,2137,California
Tulare,2020-12-24,18,2138,16,2126,2,12,0,0,18,2155,0,0,18,2155,California
Tulare,2020-12-26,8,2146,7,2133,1,13,0,0,8,2163,0,0,8,2163,California
Tulare,2020-12-27,16,2162,12,2145,4,17,0,0,16,2179,0,0,16,2179,California
Tulare,2020-12-28,484,2646,472,2617,12,29,0,0,483,2662,0,0,483,2662,California
Tulare,2020-12-29,545,3191,477,3094,68,97,0,0,545,3207,0,0,545,3207,California
Tulare,2020-12-30,472,3663,435,3529,37,134,0,0,472,3679,0,0,472,3679,California
Tulare,2020-12-31,95,3758,22,3551,73,207,0,0,95,3774,0,0,95,3774,California
Tulare,2021-01-01,1,3759,0,3551,1,208,0,0,1,3775,0,0,1,3775,California
Tulare,2021-01-02,27,3786,18,3569,9,217,0,0,27,3802,0,0,27,3802,California
Tulare,2021-01-03,22,3808,9,3578,13,230,0,0,22,3824,0,0,22,3824,California
Tulare,2021-01-04,92,3900,16,3594,76,306,0,0,92,3916,0,0,92,3916,California
Tulare,2021-01-05,462,4362,279,3873,183,489,0,0,460,4374,2,2,460,4376,California
Tulare,2021-01-06,863,5225,636,4509,227,716,0,0,853,5217,10,12,853,5229,California
Tulare,2021-01-07,782,6007,582,5091,200,916,0,0,676,5787,106,118,676,5905,California
Tulare,2021-01-08,1264,7271,575,5666,689,1605,0,0,926,6376,337,455,926,6831,California
Tulare,2021-01-09,739,8010,203,5869,536,2141,0,0,552,6741,187,642,552,7383,California
Tulare,2021-01-10,49,8059,43,5912,6,2147,0,0,10,6712,39,681,10,7393,California
Tulare,2021-01-11,1203,9262,765,6677,438,2585,0,0,768,7045,435,1116,768,8161,California
Tulare,2021-01-12,1396,10658,486,7163,910,3495,0,0,990,7630,406,1522,991,9152,California
Tulare,2021-01-13,452,11110,227,7390,225,3720,0,0,377,7932,75,1597,377,9529,California
Tulare,2021-01-14,491,11601,141,7531,350,4070,0,0,465,8382,15,1612,465,9994,California
Tulare,2021-01-15,1605,13206,148,7679,1457,5527,0,0,1596,9969,9,1621,1596,11590,California
Tulare,2021-01-16,1873,15079,113,7792,1760,7287,0,0,1860,11816,13,1634,1860,13450,California
Tulare,2021-01-17,140,15219,121,7913,19,7306,0,0,129,11934,11,1645,129,13579,California
Tulare,2021-01-18,696,15915,663,8576,33,7339,0,0,295,11828,401,2046,295,13874,California
Tulare,2021-01-19,1004,16919,681,9257,323,7662,0,0,577,11978,427,2473,577,14451,California
Tulare,2021-01-20,2370,19289,560,9817,1810,9472,0,0,1988,13584,382,2855,1988,16439,California
Tulare,2021-01-21,1503,20792,149,9966,1354,10826,0,0,1477,15040,21,2876,1477,17916,California
Tulare,2021-01-22,1048,21840,185,10151,863,11689,0,0,1024,16041,23,2899,1024,18940,California
Tulare,2021-01-23,438,22278,157,10308,281,11970,0,0,416,16435,22,2921,416,19356,California
Tulare,2021-01-24,30,22308,27,10335,3,11973,0,0,27,16459,3,2924,27,19383,California
Tulare,2021-01-25,1322,23630,976,11311,346,12319,0,0,1293,17723,29,2953,1293,20676,California
Tulare,2021-01-26,1499,25129,1100,12411,399,12718,0,0,1175,18575,323,3276,1175,21851,California
Tulare,2021-01-27,1458,26587,1071,13482,387,13105,0,0,878,18873,580,3856,878,22729,California
Tulare,2021-01-28,1192,27779,764,14246,428,13533,0,0,800,19281,392,4248,800,23529,California
Tulare,2021-01-29,1126,28905,718,14964,408,13941,0,0,818,19791,308,4556,818,24347,California
Tulare,2021-01-30,1672,30577,1582,16546,90,14031,0,0,1649,21418,23,4579,1650,25997,California
Tulare,2021-01-31,50,30627,47,16593,3,14034,0,0,48,21464,2,4581,48,26045,California
Tulare,2021-02-01,1165,31792,902,17495,263,14297,0,0,816,21932,348,4929,816,26861,California
Tulare,2021-02-02,674,32466,328,17823,346,14643,0,0,445,22150,227,5156,445,27306,California
Tulare,2021-02-03,605,33071,282,18105,323,14966,0,0,332,22211,271,5427,332,27638,California
Tulare,2021-02-04,551,33622,165,18270,386,15352,0,0,264,22189,287,5714,265,27903,California
Tulare,2021-02-05,1226,34848,229,18499,997,16349,0,0,414,21793,810,6524,414,28317,California
Tulare,2021-02-06,836,35684,152,18651,684,17033,0,0,272,21503,562,7086,272,28589,California
Tulare,2021-02-07,76,35760,64,18715,12,17045,0,0,23,21473,53,7139,23,28612,California
Tulare,2021-02-08,947,36707,335,19050,612,17657,0,0,308,21145,636,7775,308,28920,California
Tulare,2021-02-09,1401,38108,323,19373,1078,18735,0,0,358,20464,1039,8814,358,29278,California
Tulare,2021-02-10,2451,40559,1984,21357,467,19202,0,0,2069,22154,379,9193,2069,31347,California
Tulare,2021-02-11,1303,41862,375,21732,928,20130,0,0,923,22697,380,9573,923,32270,California
Tulare,2021-02-12,2779,44641,579,22311,2200,22330,0,0,1224,22375,1548,11121,1226,33496,California
Tulare,2021-02-13,2448,47089,157,22468,2291,24621,0,0,666,21262,1779,12900,666,34162,California
Tulare,2021-02-14,328,47417,36,22504,292,24913,0,0,295,21524,33,12933,295,34457,California
Tulare,2021-02-15,913,48330,292,22796,621,25534,0,0,657,21926,255,13188,657,35114,California
Tulare,2021-02-16,2817,51147,1603,24399,1214,26748,0,0,1068,21245,1749,14937,1068,36182,California
Tulare,2021-02-17,2697,53844,513,24912,2184,28932,0,0,466,19486,2226,17163,467,36649,California
Tulare,2021-02-18,2278,56122,440,25352,1838,30770,0,0,619,18454,1651,18814,619,37268,California
Tulare,2021-02-19,2284,58406,847,26199,1437,32207,0,0,940,18052,1342,20156,940,38208,California
Tulare,2021-02-20,2974,61380,1876,28075,1098,33305,0,0,1252,17587,1717,21873,1252,39460,California
Tulare,2021-02-21,65,61445,61,28136,4,33309,0,0,41,17604,24,21897,41,39501,California
Tulare,2021-02-22,1106,62551,699,28835,407,33716,0,0,222,16943,883,22780,222,39723,California
Tulare,2021-02-23,1929,64480,930,29765,999,34715,0,0,1443,17901,485,23265,1443,41166,California
Tulare,2021-02-24,2453,66933,1537,31302,916,35631,0,0,2075,19600,377,23642,2076,43242,California
Tulare,2021-02-25,3400,70333,1881,33183,1519,37150,0,0,2982,22169,413,24055,2982,46224,California
Tulare,2021-02-26,3765,74098,1865,35048,1900,39050,0,0,3332,25071,430,24485,3332,49556,California
Tulare,2021-02-27,2850,76948,1390,36438,1460,40510,0,0,2721,27673,119,24604,2721,52277,California
Tulare,2021-02-28,1302,78250,1033,37471,269,40779,0,0,1282,28938,17,24621,1282,53559,California
Tulare,2021-03-01,1698,79948,764,38235,934,41713,0,0,1521,30283,176,24797,1521,55080,California
Tulare,2021-03-02,2591,82539,1150,39385,1441,43154,0,0,2427,32553,159,24956,2429,57509,California
Tulare,2021-03-03,3631,86170,2438,41823,1193,44347,0,0,1706,32339,1924,26880,1710,59219,California
Tulare,2021-03-04,2800,88970,1272,43095,1528,45875,0,0,2487,34517,310,27190,2488,61707,California
Tulare,2021-03-05,3121,92091,1608,44703,1500,47375,13,13,2660,36736,457,27647,2676,64383,California
Tulare,2021-03-06,2944,95035,1375,46078,1513,48888,56,69,2702,39254,238,27885,2756,67139,California
Tulare,2021-03-07,1073,96108,667,46745,388,49276,18,87,1036,40271,37,27922,1054,68193,California
Tulare,2021-03-08,1436,97544,802,47547,475,49751,159,246,1154,41303,281,28203,1313,69506,California
Tulare,2021-03-09,2292,99836,1343,48890,803,50554,146,392,1944,43046,348,28551,2091,71597,California
Tulare,2021-03-10,2311,102147,1130,50020,1068,51622,113,505,1995,44847,306,28857,2107,73704,California
Tulare,2021-03-11,3678,105825,1722,51742,1728,53350,228,733,2834,47072,838,29695,3063,76767,California
Tulare,2021-03-12,3698,109523,2028,53770,1408,54758,262,995,2671,48993,1014,30709,2935,79702,California
Tulare,2021-03-13,3447,112970,1626,55396,1712,56470,109,1104,2705,51068,739,31448,2814,82516,California
Tulare,2021-03-14,1579,114549,882,56278,479,56949,218,1322,1193,52095,384,31832,1411,83927,California
Tulare,2021-03-15,2577,117126,1480,57758,979,57928,118,1440,1815,53268,761,32593,1934,85861,California
Tulare,2021-03-16,3306,120432,2021,59779,1208,59136,77,1517,1791,53630,1511,34104,1873,87734,California
Tulare,2021-03-17,3654,124086,2397,62176,1191,60327,66,1583,2019,54091,1630,35734,2091,89825,California
Tulare,2021-03-18,3956,128042,2955,65131,936,61263,65,1648,2102,54411,1848,37582,2168,91993,California
Tulare,2021-03-19,4207,132249,2696,67827,1344,62607,167,1815,2213,54815,1980,39562,2384,94377,California
Tulare,2021-03-20,3011,135260,1789,69616,965,63572,257,2072,1373,54816,1632,41194,1633,96010,California
Tulare,2021-03-21,1812,137072,1546,71162,240,63812,26,2098,926,54885,883,42077,952,96962,California
Tulare,2021-03-22,2406,139478,1669,72831,628,64440,109,2207,1593,55784,805,42882,1704,98666,California
Tulare,2021-03-23,3529,143007,1986,74817,1498,65938,45,2252,1958,56232,1562,44444,2010,100676,California
Tulare,2021-03-24,2997,146004,1825,76642,1129,67067,43,2295,1785,56861,1205,45649,1834,102510,California
Tulare,2021-03-25,2983,148987,1523,78165,1378,68445,82,2377,1421,56822,1556,47205,1517,104027,California
Tulare,2021-03-26,4875,153862,2892,81057,1878,70323,105,2482,2348,56793,2510,49715,2481,106508,California
Tulare,2021-03-27,3328,157190,1655,82712,1576,71899,97,2579,905,55415,2416,52131,1038,107546,California
Tulare,2021-03-28,1394,158584,1005,83717,367,72266,22,2601,662,55376,730,52861,691,108237,California
Tulare,2021-03-29,2771,161355,1557,85274,1107,73373,107,2708,1322,55389,1444,54305,1457,109694,California
Tulare,2021-03-30,4304,165659,2539,87813,1574,74947,191,2899,2002,55303,2297,56602,2211,111905,California
Tulare,2021-03-31,3272,168931,2029,89842,1154,76101,89,2988,1378,55044,1890,58492,1631,113536,California
Tulare,2021-04-01,2356,171287,1375,91217,952,77053,29,3017,735,54241,1618,60110,815,114351,California
Tuolumne,2020-12-16,46,46,46,46,0,0,0,0,46,46,0,0,46,46,California
Tuolumne,2020-12-17,22,68,22,68,0,0,0,0,22,68,0,0,22,68,California
Tuolumne,2020-12-18,174,242,173,241,1,1,0,0,174,242,0,0,174,242,California
Tuolumne,2020-12-19,7,249,7,248,0,1,0,0,7,249,0,0,7,249,California
Tuolumne,2020-12-20,1,250,1,249,0,1,0,0,1,250,0,0,1,250,California
Tuolumne,2020-12-21,116,366,102,351,14,15,0,0,116,366,0,0,116,366,California
Tuolumne,2020-12-22,169,535,169,520,0,15,0,0,169,535,0,0,169,535,California
Tuolumne,2020-12-23,192,727,190,710,2,17,0,0,192,727,0,0,192,727,California
Tuolumne,2020-12-26,3,730,3,713,0,17,0,0,3,730,0,0,3,730,California
Tuolumne,2020-12-28,78,808,77,790,1,18,0,0,78,808,0,0,78,808,California
Tuolumne,2020-12-29,111,919,40,830,71,89,0,0,111,919,0,0,111,919,California
Tuolumne,2020-12-30,81,1000,22,852,59,148,0,0,81,1000,0,0,81,1000,California
Tuolumne,2020-12-31,27,1027,20,872,7,155,0,0,27,1027,0,0,27,1027,California
Tuolumne,2021-01-01,6,1033,5,877,1,156,0,0,6,1033,0,0,6,1033,California
Tuolumne,2021-01-02,118,1151,115,992,3,159,0,0,118,1151,0,0,118,1151,California
Tuolumne,2021-01-03,3,1154,2,994,1,160,0,0,3,1154,0,0,3,1154,California
Tuolumne,2021-01-04,70,1224,27,1021,43,203,0,0,70,1224,0,0,70,1224,California
Tuolumne,2021-01-05,95,1319,26,1047,69,272,0,0,93,1315,2,2,93,1317,California
Tuolumne,2021-01-06,112,1431,52,1099,60,332,0,0,68,1339,44,46,68,1385,California
Tuolumne,2021-01-07,119,1550,61,1160,58,390,0,0,65,1350,54,100,65,1450,California
Tuolumne,2021-01-08,178,1728,153,1313,25,415,0,0,27,1229,150,250,29,1479,California
Tuolumne,2021-01-09,1,1729,0,1313,1,416,0,0,1,1230,0,250,1,1480,California
Tuolumne,2021-01-10,3,1732,1,1314,2,418,0,0,3,1233,0,250,3,1483,California
Tuolumne,2021-01-11,117,1849,90,1404,27,445,0,0,34,1184,83,333,34,1517,California
Tuolumne,2021-01-12,102,1951,86,1490,16,461,0,0,17,1117,85,418,18,1535,California
Tuolumne,2021-01-13,239,2190,129,1619,110,571,0,0,184,1247,55,473,185,1720,California
Tuolumne,2021-01-14,129,2319,92,1711,37,608,0,0,42,1203,86,559,42,1762,California
Tuolumne,2021-01-15,476,2795,71,1782,405,1013,0,0,414,1557,61,620,415,2177,California
Tuolumne,2021-01-16,6,2801,2,1784,4,1017,0,0,5,1561,1,621,5,2182,California
Tuolumne,2021-01-17,4,2805,1,1785,3,1020,0,0,4,1565,0,621,4,2186,California
Tuolumne,2021-01-18,46,2851,38,1823,8,1028,0,0,8,1536,37,658,8,2194,California
Tuolumne,2021-01-19,472,3323,70,1893,402,1430,0,0,429,1922,43,701,429,2623,California
Tuolumne,2021-01-20,77,3400,60,1953,17,1447,0,0,24,1893,53,754,24,2647,California
Tuolumne,2021-01-21,57,3457,22,1975,35,1482,0,0,41,1919,16,770,42,2689,California
Tuolumne,2021-01-22,180,3637,13,1988,167,1649,0,0,174,2087,6,776,174,2863,California
Tuolumne,2021-01-23,666,4303,146,2134,520,2169,0,0,553,2537,113,889,563,3426,California
Tuolumne,2021-01-24,526,4829,1,2135,525,2694,0,0,522,3057,3,892,523,3949,California
Tuolumne,2021-01-25,48,4877,27,2162,21,2715,0,0,22,3054,26,918,23,3972,California
Tuolumne,2021-01-26,80,4957,68,2230,12,2727,0,0,40,3055,40,958,41,4013,California
Tuolumne,2021-01-27,61,5018,4,2234,57,2784,0,0,7,3010,53,1011,8,4021,California
Tuolumne,2021-01-28,27,5045,7,2241,20,2804,0,0,18,3019,9,1020,18,4039,California
Tuolumne,2021-01-29,71,5116,7,2248,64,2868,0,0,33,3014,38,1058,33,4072,California
Tuolumne,2021-01-30,711,5827,554,2802,157,3025,0,0,691,3698,20,1078,704,4776,California
Tuolumne,2021-01-31,8,5835,2,2804,6,3031,0,0,5,3700,3,1081,5,4781,California
Tuolumne,2021-02-01,25,5860,6,2810,19,3050,0,0,22,3719,3,1084,22,4803,California
Tuolumne,2021-02-02,649,6509,36,2846,613,3663,0,0,639,4349,9,1093,639,5442,California
Tuolumne,2021-02-03,239,6748,108,2954,131,3794,0,0,85,4280,154,1247,85,5527,California
Tuolumne,2021-02-04,127,6875,14,2968,113,3907,0,0,66,4283,63,1310,66,5593,California
Tuolumne,2021-02-05,102,6977,14,2982,88,3995,0,0,37,4257,63,1373,37,5630,California
Tuolumne,2021-02-06,851,7828,579,3561,272,4267,0,0,850,5106,1,1374,850,6480,California
Tuolumne,2021-02-07,7,7835,4,3565,3,4270,0,0,3,5105,4,1378,3,6483,California
Tuolumne,2021-02-08,90,7925,39,3604,51,4321,0,0,67,5149,23,1401,67,6550,California
Tuolumne,2021-02-09,864,8789,47,3651,817,5138,0,0,828,5941,36,1437,828,7378,California
Tuolumne,2021-02-10,91,8880,13,3664,78,5216,0,0,29,5910,60,1497,29,7407,California
Tuolumne,2021-02-11,137,9017,64,3728,73,5289,0,0,74,5921,63,1560,74,7481,California
Tuolumne,2021-02-12,643,9660,12,3740,631,5920,0,0,204,5687,439,1999,205,7686,California
Tuolumne,2021-02-13,146,9806,41,3781,105,6025,0,0,115,5777,25,2024,115,7801,California
Tuolumne,2021-02-14,147,9953,12,3793,135,6160,0,0,146,5922,1,2025,146,7947,California
Tuolumne,2021-02-15,182,10135,10,3803,172,6332,0,0,172,6085,10,2035,173,8120,California
Tuolumne,2021-02-16,525,10660,18,3821,507,6839,0,0,123,5810,400,2435,125,8245,California
Tuolumne,2021-02-17,109,10769,62,3883,47,6886,0,0,63,5828,45,2480,63,8308,California
Tuolumne,2021-02-18,682,11451,22,3905,660,7546,0,0,633,6412,49,2529,633,8941,California
Tuolumne,2021-02-19,133,11584,21,3926,112,7658,0,0,43,6365,90,2619,43,8984,California
Tuolumne,2021-02-20,908,12492,343,4269,565,8223,0,0,388,6246,508,3127,389,9373,California
Tuolumne,2021-02-21,978,13470,32,4301,946,9169,0,0,473,6217,502,3629,473,9846,California
Tuolumne,2021-02-22,76,13546,54,4355,22,9191,0,0,46,6233,30,3659,46,9892,California
Tuolumne,2021-02-23,41,13587,21,4376,20,9211,0,0,22,6237,18,3677,22,9914,California
Tuolumne,2021-02-24,92,13679,60,4436,32,9243,0,0,39,6231,51,3728,45,9959,California
Tuolumne,2021-02-25,1045,14724,29,4465,1016,10259,0,0,1016,7218,29,3757,1016,10975,California
Tuolumne,2021-02-26,144,14868,10,4475,134,10393,0,0,119,7313,25,3782,120,11095,California
Tuolumne,2021-02-27,950,15818,576,5051,374,10767,0,0,247,6871,689,4471,247,11342,California
Tuolumne,2021-02-28,53,15871,4,5055,49,10816,0,0,51,6921,1,4472,51,11393,California
Tuolumne,2021-03-01,104,15975,21,5076,83,10899,0,0,71,6962,32,4504,73,11466,California
Tuolumne,2021-03-02,706,16681,72,5148,634,11533,0,0,105,6466,601,5105,105,11571,California
Tuolumne,2021-03-03,81,16762,21,5169,60,11593,0,0,56,6498,25,5130,57,11628,California
Tuolumne,2021-03-04,1151,17913,67,5236,1084,12677,0,0,1092,7531,59,5189,1092,12720,California
Tuolumne,2021-03-05,76,17989,9,5245,67,12744,0,0,44,7545,31,5220,45,12765,California
Tuolumne,2021-03-06,1041,19030,603,5848,436,13180,2,2,191,6890,849,6069,194,12959,California
Tuolumne,2021-03-07,35,19065,11,5859,11,13191,13,15,13,6895,22,6091,27,12986,California
Tuolumne,2021-03-08,200,19265,89,5948,104,13295,7,22,141,6987,59,6150,151,13137,California
Tuolumne,2021-03-09,879,20144,16,5964,853,14148,10,32,79,6277,799,6949,89,13226,California
Tuolumne,2021-03-10,95,20239,16,5980,69,14217,10,42,54,6301,40,6989,64,13290,California
Tuolumne,2021-03-11,1262,21501,33,6013,1225,15442,4,46,1221,7490,39,7028,1228,14518,California
Tuolumne,2021-03-12,268,21769,33,6046,220,15662,15,61,121,7520,145,7173,175,14693,California
Tuolumne,2021-03-13,60,21829,12,6058,48,15710,0,61,18,7519,42,7215,41,14734,California
Tuolumne,2021-03-14,83,21912,8,6066,66,15776,9,70,2,7454,81,7296,16,14750,California
Tuolumne,2021-03-15,303,22215,78,6144,223,15999,2,72,108,7380,194,7490,120,14870,California
Tuolumne,2021-03-16,794,23009,39,6183,744,16743,11,83,659,7917,134,7624,671,15541,California
Tuolumne,2021-03-17,140,23149,30,6213,97,16840,13,96,63,7916,77,7701,76,15617,California
Tuolumne,2021-03-18,937,24086,21,6234,899,17739,17,113,304,7605,633,8334,322,15939,California
Tuolumne,2021-03-19,121,24207,14,6248,75,17814,32,145,60,7638,59,8393,92,16031,California
Tuolumne,2021-03-20,69,24276,5,6253,56,17870,8,153,29,7636,40,8433,38,16069,California
Tuolumne,2021-03-21,837,25113,393,6646,435,18305,9,162,44,6897,792,9225,53,16122,California
Tuolumne,2021-03-22,167,25280,73,6719,75,18380,19,181,99,6947,68,9293,118,16240,California
Tuolumne,2021-03-23,723,26003,636,7355,74,18454,13,194,691,7619,32,9325,704,16944,California
Tuolumne,2021-03-24,112,26115,21,7376,73,18527,18,212,79,7685,31,9356,97,17041,California
Tuolumne,2021-03-25,1269,27384,17,7393,1249,19776,3,215,313,7046,955,10311,316,17357,California
Tuolumne,2021-03-26,268,27652,13,7406,232,20008,23,238,112,7045,136,10447,135,17492,California
Tuolumne,2021-03-27,563,28215,49,7455,514,20522,0,238,306,7095,257,10704,307,17799,California
Tuolumne,2021-03-28,47,28262,6,7461,41,20563,0,238,10,7070,37,10741,12,17811,California
Tuolumne,2021-03-29,278,28540,71,7532,207,20770,0,238,178,7168,81,10822,179,17990,California
Tuolumne,2021-03-30,168,28708,12,7544,156,20926,0,238,127,7254,41,10863,127,18117,California
Tuolumne,2021-03-31,86,28794,12,7556,73,20999,1,239,42,7255,43,10906,44,18161,California
Tuolumne,2021-04-01,387,29181,16,7572,371,21370,0,239,46,6961,340,11246,46,18207,California
Ventura,2020-12-15,5,5,5,5,0,0,0,0,5,5,0,0,5,5,California
Ventura,2020-12-16,70,75,70,75,0,0,0,0,70,75,0,0,70,75,California
Ventura,2020-12-17,249,324,249,324,0,0,0,0,249,324,0,0,249,324,California
Ventura,2020-12-18,1409,1733,1409,1733,0,0,0,0,1409,1733,0,0,1409,1733,California
Ventura,2020-12-19,913,2646,913,2646,0,0,0,0,913,2646,0,0,913,2646,California
Ventura,2020-12-20,430,3076,430,3076,0,0,0,0,430,3076,0,0,430,3076,California
Ventura,2020-12-21,1465,4541,1465,4541,0,0,0,0,1465,4541,0,0,1465,4541,California
Ventura,2020-12-22,1103,5644,1098,5639,5,5,0,0,1103,5644,0,0,1103,5644,California
Ventura,2020-12-23,1025,6669,979,6618,46,51,0,0,1025,6669,0,0,1025,6669,California
Ventura,2020-12-24,476,7145,379,6997,97,148,0,0,476,7145,0,0,476,7145,California
Ventura,2020-12-25,11,7156,7,7004,4,152,0,0,11,7156,0,0,11,7156,California
Ventura,2020-12-26,107,7263,86,7090,21,173,0,0,107,7263,0,0,107,7263,California
Ventura,2020-12-27,58,7321,27,7117,31,204,0,0,58,7321,0,0,58,7321,California
Ventura,2020-12-28,1067,8388,929,8046,138,342,0,0,1067,8388,0,0,1067,8388,California
Ventura,2020-12-29,1165,9553,762,8808,403,745,0,0,1165,9553,0,0,1165,9553,California
Ventura,2020-12-30,1985,11538,1518,10326,467,1212,0,0,1985,11538,0,0,1985,11538,California
Ventura,2020-12-31,474,12012,162,10488,312,1524,0,0,474,12012,0,0,474,12012,California
Ventura,2021-01-01,14,12026,4,10492,10,1534,0,0,14,12026,0,0,14,12026,California
Ventura,2021-01-02,170,12196,78,10570,92,1626,0,0,170,12196,0,0,170,12196,California
Ventura,2021-01-03,15,12211,8,10578,7,1633,0,0,15,12211,0,0,15,12211,California
Ventura,2021-01-04,1077,13288,548,11126,529,2162,0,0,1075,13285,1,1,1075,13286,California
Ventura,2021-01-05,1371,14659,777,11903,594,2756,0,0,1331,14576,40,41,1331,14617,California
Ventura,2021-01-06,2047,16706,1175,13078,872,3628,0,0,1618,15776,420,461,1620,16237,California
Ventura,2021-01-07,2065,18771,1325,14403,740,4368,0,0,1182,16078,881,1342,1183,17420,California
Ventura,2021-01-08,2193,20964,1474,15877,719,5087,0,0,901,15690,1290,2632,902,18322,California
Ventura,2021-01-09,724,21688,503,16380,221,5308,0,0,320,15606,404,3036,320,18642,California
Ventura,2021-01-10,336,22024,324,16704,12,5320,0,0,122,15514,214,3250,122,18764,California
Ventura,2021-01-11,2448,24472,1487,18191,961,6281,0,0,1497,16062,951,4201,1499,20263,California
Ventura,2021-01-12,3027,27499,1601,19792,1426,7707,0,0,2004,17043,1023,5224,2004,22267,California
Ventura,2021-01-13,2927,30426,1423,21215,1504,9211,0,0,2044,18207,881,6105,2045,24312,California
Ventura,2021-01-14,2728,33154,1057,22272,1671,10882,0,0,2284,20049,443,6548,2285,26597,California
Ventura,2021-01-15,2869,36023,959,23231,1910,12792,0,0,2659,22500,210,6758,2661,29258,California
Ventura,2021-01-16,487,36510,189,23420,298,13090,0,0,405,22823,82,6840,405,29663,California
Ventura,2021-01-17,265,36775,139,23559,126,13216,0,0,259,23076,6,6846,259,29922,California
Ventura,2021-01-18,2206,38981,1660,25219,546,13762,0,0,1657,24185,549,7395,1658,31580,California
Ventura,2021-01-19,3026,42007,2115,27334,911,14673,0,0,2134,25431,892,8287,2138,33718,California
Ventura,2021-01-20,4047,46054,3100,30434,947,15620,0,0,3011,27410,1033,9320,3012,36730,California
Ventura,2021-01-21,3832,49886,2668,33102,1164,16784,0,0,3164,29909,665,9985,3164,39894,California
Ventura,2021-01-22,3592,53478,2467,35569,1125,17909,0,0,3430,33178,162,10147,3431,43325,California
Ventura,2021-01-23,1178,54656,644,36213,534,18443,0,0,1078,34159,99,10246,1080,44405,California
Ventura,2021-01-24,449,55105,133,36346,316,18759,0,0,436,34582,13,10259,436,44841,California
Ventura,2021-01-25,3133,58238,2020,38366,1113,19872,0,0,2587,36626,545,10804,2589,47430,California
Ventura,2021-01-26,3674,61912,2173,40539,1501,21373,0,0,2683,38320,990,11794,2684,50114,California
Ventura,2021-01-27,3433,65345,1540,42079,1893,23266,0,0,2695,40280,735,12529,2695,52809,California
Ventura,2021-01-28,3838,69183,1975,44054,1863,25129,0,0,3232,42923,590,13119,3233,56042,California
Ventura,2021-01-29,4229,73412,2503,46557,1726,26855,0,0,3735,46176,482,13601,3735,59777,California
Ventura,2021-01-30,3020,76432,1951,48508,1069,27924,0,0,2853,48866,164,13765,2854,62631,California
Ventura,2021-01-31,827,77259,445,48953,382,28306,0,0,743,49525,84,13849,743,63374,California
Ventura,2021-02-01,3916,81175,2105,51058,1811,30117,0,0,3155,51923,759,14608,3157,66531,California
Ventura,2021-02-02,4392,85567,2366,53424,2026,32143,0,0,3371,54278,1017,15625,3372,69903,California
Ventura,2021-02-03,4444,90011,2086,55510,2358,34501,0,0,3436,56711,1003,16628,3436,73339,California
Ventura,2021-02-04,4747,94758,2272,57782,2475,36976,0,0,3507,58985,1233,17861,3507,76846,California
Ventura,2021-02-05,4810,99568,2307,60089,2503,39479,0,0,3323,60836,1474,19335,3325,80171,California
Ventura,2021-02-06,2819,102387,1510,61599,1309,40788,0,0,2421,62859,398,19733,2421,82592,California
Ventura,2021-02-07,707,103094,240,61839,467,41255,0,0,579,63311,128,19861,580,83172,California
Ventura,2021-02-08,3478,106572,1619,63458,1859,43114,0,0,2414,64665,1060,20921,2414,85586,California
Ventura,2021-02-09,4705,111277,1971,65429,2734,45848,0,0,2463,64890,2241,23162,2466,88052,California
Ventura,2021-02-10,4673,115950,2220,67649,2453,48301,0,0,2378,64984,2285,25447,2379,90431,California
Ventura,2021-02-11,4627,120577,1851,69500,2776,51077,0,0,2427,65220,2193,27640,2429,92860,California
Ventura,2021-02-12,6277,126854,2642,72142,3635,54712,0,0,3206,65357,3069,30709,3206,96066,California
Ventura,2021-02-13,3274,130128,1820,73962,1454,56166,0,0,1828,65745,1442,32151,1830,97896,California
Ventura,2021-02-14,1216,131344,121,74083,1095,57261,0,0,1002,66534,214,32365,1003,98899,California
Ventura,2021-02-15,3974,135318,1787,75870,2187,59448,0,0,2109,66780,1863,34228,2109,101008,California
Ventura,2021-02-16,5515,140833,2696,78566,2819,62267,0,0,3010,67292,2499,36727,3011,104019,California
Ventura,2021-02-17,5215,146048,1911,80477,3304,65571,0,0,3267,68619,1940,38667,3267,107286,California
Ventura,2021-02-18,5743,151791,1817,82294,3926,69497,0,0,3619,70121,2117,40784,3619,110905,California
Ventura,2021-02-19,6416,158207,3752,86046,2664,72161,0,0,2986,69690,3425,44209,2994,113899,California
Ventura,2021-02-20,4898,163105,3144,89190,1754,73915,0,0,2754,70305,2140,46349,2755,116654,California
Ventura,2021-02-21,989,164094,705,89895,284,74199,0,0,417,70154,568,46917,417,117071,California
Ventura,2021-02-22,5327,169421,2379,92274,2948,77147,0,0,3444,71724,1874,48791,3444,120515,California
Ventura,2021-02-23,5923,175344,2955,95229,2968,80115,0,0,3423,72667,2483,51274,3426,123941,California
Ventura,2021-02-24,6936,182280,2587,97816,4349,84464,0,0,4206,74157,2716,53990,4206,128147,California
Ventura,2021-02-25,7462,189742,2563,100379,4899,89363,0,0,4561,75833,2888,56878,4564,132711,California
Ventura,2021-02-26,9305,199047,2766,103145,6539,95902,0,0,6159,78870,3126,60004,6163,138874,California
Ventura,2021-02-27,9974,209021,5262,108407,4712,100614,0,0,7378,83674,2581,62585,7385,146259,California
Ventura,2021-02-28,2554,211575,1626,110033,927,101541,1,1,2098,85319,453,63038,2098,148357,California
Ventura,2021-03-01,6888,218463,2781,112814,4107,105648,0,1,4596,87644,2283,65321,4608,152965,California
Ventura,2021-03-02,7341,225804,3918,116732,3422,109070,1,2,5132,90575,2203,67524,5134,158099,California
Ventura,2021-03-03,8343,234147,3865,120597,4478,113548,0,2,5943,94134,2390,69914,5949,164048,California
Ventura,2021-03-04,7822,241969,3812,124409,4010,117558,0,2,5350,97024,2462,72376,5352,169400,California
Ventura,2021-03-05,9109,251078,4664,129073,4434,121992,11,13,6515,100979,2580,74956,6535,175935,California
Ventura,2021-03-06,5241,256319,2994,132067,2095,124087,152,165,3817,103529,1422,76378,3972,179907,California
Ventura,2021-03-07,1581,257900,603,132670,876,124963,102,267,1169,104388,412,76790,1271,181178,California
Ventura,2021-03-08,6473,264373,3302,135972,3040,128003,131,398,4440,106932,2028,78818,4572,185750,California
Ventura,2021-03-09,6346,270719,2743,138715,3411,131414,192,590,3541,107874,2794,81612,3736,189486,California
Ventura,2021-03-10,6421,277140,2903,141618,3306,134720,212,802,4199,110070,2216,83828,4412,193898,California
Ventura,2021-03-11,5993,283133,2799,144417,2994,137714,200,1002,3276,110839,2709,86537,3478,197376,California
Ventura,2021-03-12,7400,290533,2905,147322,3701,141415,794,1796,3620,111493,3768,90305,4422,201798,California
Ventura,2021-03-13,6032,296565,2348,149670,2895,144310,789,2585,3500,113256,2527,92832,4290,206088,California
Ventura,2021-03-14,1697,298262,367,150037,862,145172,468,3053,559,113149,1136,93968,1029,207117,California
Ventura,2021-03-15,6759,305021,1998,152035,3469,148641,1292,4345,2896,113493,3848,97816,4192,211309,California
Ventura,2021-03-16,7765,312786,2424,154459,4258,152899,1083,5428,3916,114652,3839,101655,4998,216307,California
Ventura,2021-03-17,7095,319881,2678,157137,4071,156970,346,5774,4206,116332,2872,104527,4552,220859,California
Ventura,2021-03-18,5668,325549,2420,159557,3127,160097,121,5895,3628,118053,2029,106556,3750,224609,California
Ventura,2021-03-19,6371,331920,2717,162274,3573,163670,81,5976,3964,119699,2398,108954,4044,228653,California
Ventura,2021-03-20,5819,337739,3701,165975,2096,165766,22,5998,2361,118643,3442,112396,2386,231039,California
Ventura,2021-03-21,2713,340452,1465,167440,878,166644,370,6368,1267,118838,1442,113838,1637,232676,California
Ventura,2021-03-22,7180,347632,3607,171047,3468,170112,105,6473,4732,121242,2436,116274,4840,237516,California
Ventura,2021-03-23,7998,355630,3807,174854,4143,174255,48,6521,4575,122464,3405,119679,4627,242143,California
Ventura,2021-03-24,8697,364327,3364,178218,5263,179518,70,6591,4318,122504,4352,124031,4392,246535,California
Ventura,2021-03-25,8537,372864,3814,182032,4660,184178,63,6654,4301,122671,4212,128243,4379,250914,California
Ventura,2021-03-26,9533,382397,3263,185295,5625,189803,645,7299,3699,121226,5812,134055,4367,255281,California
Ventura,2021-03-27,8023,390420,3858,189153,4147,193950,18,7317,2391,118497,5618,139673,2889,258170,California
Ventura,2021-03-28,2464,392884,1372,190525,1083,195033,9,7326,1345,118740,1118,140791,1361,259531,California
Ventura,2021-03-29,8148,401032,4136,194661,3971,199004,41,7367,4001,118765,4126,144917,4151,263682,California
Ventura,2021-03-30,8729,409761,4308,198969,4305,203309,116,7483,4499,119247,4221,149138,4703,268385,California
Ventura,2021-03-31,9847,419608,4295,203264,4965,208274,587,8070,4376,118823,5454,154592,5030,273415,California
Ventura,2021-04-01,5254,424862,2810,206074,1901,210175,543,8613,2003,118203,3246,157838,2626,276041,California
Yolo,2020-12-15,39,39,39,39,0,0,0,0,39,39,0,0,39,39,California
Yolo,2020-12-16,78,117,78,117,0,0,0,0,78,117,0,0,78,117,California
Yolo,2020-12-17,101,218,101,218,0,0,0,0,101,218,0,0,101,218,California
Yolo,2020-12-18,207,425,207,425,0,0,0,0,207,425,0,0,207,425,California
Yolo,2020-12-19,85,510,85,510,0,0,0,0,85,510,0,0,85,510,California
Yolo,2020-12-20,100,610,100,610,0,0,0,0,100,610,0,0,100,610,California
Yolo,2020-12-21,252,862,252,862,0,0,0,0,252,862,0,0,252,862,California
Yolo,2020-12-22,386,1248,385,1247,1,1,0,0,386,1248,0,0,386,1248,California
Yolo,2020-12-23,432,1680,413,1660,19,20,0,0,432,1680,0,0,432,1680,California
Yolo,2020-12-24,151,1831,94,1754,57,77,0,0,151,1831,0,0,151,1831,California
Yolo,2020-12-25,1,1832,1,1755,0,77,0,0,1,1832,0,0,1,1832,California
Yolo,2020-12-26,76,1908,25,1780,51,128,0,0,76,1908,0,0,76,1908,California
Yolo,2020-12-27,46,1954,19,1799,27,155,0,0,46,1954,0,0,46,1954,California
Yolo,2020-12-28,343,2297,176,1975,167,322,0,0,343,2297,0,0,343,2297,California
Yolo,2020-12-29,483,2780,268,2243,215,537,0,0,483,2780,0,0,483,2780,California
Yolo,2020-12-30,625,3405,257,2500,368,905,0,0,625,3405,0,0,625,3405,California
Yolo,2020-12-31,183,3588,94,2594,89,994,0,0,183,3588,0,0,183,3588,California
Yolo,2021-01-01,55,3643,54,2648,1,995,0,0,55,3643,0,0,55,3643,California
Yolo,2021-01-02,68,3711,25,2673,43,1038,0,0,68,3711,0,0,68,3711,California
Yolo,2021-01-03,44,3755,19,2692,25,1063,0,0,44,3755,0,0,44,3755,California
Yolo,2021-01-04,195,3950,44,2736,151,1214,0,0,195,3950,0,0,195,3950,California
Yolo,2021-01-05,610,4560,236,2972,374,1588,0,0,550,4440,60,60,550,4500,California
Yolo,2021-01-06,477,5037,181,3153,296,1884,0,0,346,4655,131,191,346,4846,California
Yolo,2021-01-07,706,5743,232,3385,474,2358,0,0,520,4990,185,376,520,5366,California
Yolo,2021-01-08,628,6371,308,3693,320,2678,0,0,413,5189,214,590,413,5779,California
Yolo,2021-01-09,405,6776,67,3760,338,3016,0,0,360,5504,45,635,360,6139,California
Yolo,2021-01-10,393,7169,80,3840,313,3329,0,0,323,5757,70,705,323,6462,California
Yolo,2021-01-11,559,7728,324,4164,235,3564,0,0,290,5778,269,974,290,6752,California
Yolo,2021-01-12,476,8204,359,4523,117,3681,0,0,171,5645,305,1279,172,6924,California
Yolo,2021-01-13,761,8965,308,4831,453,4134,0,0,513,5910,248,1527,513,7437,California
Yolo,2021-01-14,378,9343,183,5014,195,4329,0,0,272,6076,106,1633,272,7709,California
Yolo,2021-01-15,618,9961,318,5332,300,4629,0,0,542,6542,76,1709,542,8251,California
Yolo,2021-01-16,739,10700,96,5428,643,5272,0,0,707,7217,32,1741,707,8958,California
Yolo,2021-01-17,184,10884,116,5544,68,5340,0,0,177,7387,7,1748,177,9135,California
Yolo,2021-01-18,477,11361,304,5848,173,5513,0,0,378,7666,99,1847,378,9513,California
Yolo,2021-01-19,541,11902,370,6218,171,5684,0,0,366,7857,175,2022,366,9879,California
Yolo,2021-01-20,652,12554,378,6596,274,5958,0,0,469,8144,182,2204,469,10348,California
Yolo,2021-01-21,641,13195,381,6977,260,6218,0,0,453,8409,188,2392,453,10801,California
Yolo,2021-01-22,745,13940,249,7226,496,6714,0,0,628,8922,115,2507,628,11429,California
Yolo,2021-01-23,616,14556,124,7350,492,7206,0,0,568,9442,48,2555,568,11997,California
Yolo,2021-01-24,205,14761,122,7472,83,7289,0,0,165,9567,40,2595,165,12162,California
Yolo,2021-01-25,726,15487,150,7622,576,7865,0,0,512,9865,214,2809,512,12674,California
Yolo,2021-01-26,810,16297,327,7949,483,8348,0,0,425,9905,385,3194,425,13099,California
Yolo,2021-01-27,556,16853,221,8170,335,8683,0,0,383,10115,173,3367,383,13482,California
Yolo,2021-01-28,1047,17900,565,8735,482,9165,0,0,923,10915,123,3490,923,14405,California
Yolo,2021-01-29,863,18763,261,8996,602,9767,0,0,780,11613,83,3573,781,15186,California
Yolo,2021-01-30,1519,20282,921,9917,598,10365,0,0,1412,12924,101,3674,1412,16598,California
Yolo,2021-01-31,251,20533,212,10129,39,10404,0,0,216,13106,34,3708,216,16814,California
Yolo,2021-02-01,842,21375,356,10485,486,10890,0,0,611,13489,228,3936,611,17425,California
Yolo,2021-02-02,1322,22697,749,11234,573,11463,0,0,931,14030,391,4327,932,18357,California
Yolo,2021-02-03,1517,24214,393,11627,1124,12587,0,0,1187,14893,327,4654,1190,19547,California
Yolo,2021-02-04,1782,25996,278,11905,1504,14091,0,0,1236,15594,535,5189,1236,20783,California
Yolo,2021-02-05,1586,27582,895,12800,691,14782,0,0,1184,16381,400,5589,1187,21970,California
Yolo,2021-02-06,1922,29504,1251,14051,671,15453,0,0,1563,17586,359,5948,1564,23534,California
Yolo,2021-02-07,515,30019,247,14298,268,15721,0,0,169,17410,345,6293,169,23703,California
Yolo,2021-02-08,954,30973,330,14628,624,16345,0,0,612,17683,339,6632,612,24315,California
Yolo,2021-02-09,850,31823,381,15009,469,16814,0,0,575,17983,275,6907,575,24890,California
Yolo,2021-02-10,1428,33251,468,15477,960,17774,0,0,798,18153,629,7536,799,25689,California
Yolo,2021-02-11,1523,34774,768,16245,755,18529,0,0,1149,18928,374,7910,1149,26838,California
Yolo,2021-02-12,1903,36677,744,16989,1159,19688,0,0,1438,19904,462,8372,1438,28276,California
Yolo,2021-02-13,2049,38726,713,17702,1336,21024,0,0,1384,20623,665,9037,1384,29660,California
Yolo,2021-02-14,564,39290,151,17853,413,21437,0,0,441,20941,123,9160,441,30101,California
Yolo,2021-02-15,520,39810,188,18041,332,21769,0,0,259,20940,261,9421,260,30361,California
Yolo,2021-02-16,1114,40924,422,18463,692,22461,0,0,812,21451,302,9723,813,31174,California
Yolo,2021-02-17,1374,42298,697,19160,677,23138,0,0,989,22054,386,10109,989,32163,California
Yolo,2021-02-18,2431,44729,750,19910,1681,24819,0,0,1672,22969,757,10866,1672,33835,California
Yolo,2021-02-19,1725,46454,739,20649,986,25805,0,0,1112,23471,612,11478,1114,34949,California
Yolo,2021-02-20,2450,48904,946,21595,1504,27309,0,0,1377,23780,1068,12546,1377,36326,California
Yolo,2021-02-21,276,49180,223,21818,53,27362,0,0,70,23645,205,12751,70,36396,California
Yolo,2021-02-22,1360,50540,597,22415,763,28125,0,0,695,23677,664,13415,696,37092,California
Yolo,2021-02-23,1117,51657,838,23253,279,28404,0,0,438,23437,678,14093,438,37530,California
Yolo,2021-02-24,2061,53718,589,23842,1472,29876,0,0,1358,24093,702,14795,1358,38888,California
Yolo,2021-02-25,1327,55045,435,24277,892,30768,0,0,864,24494,463,15258,864,39752,California
Yolo,2021-02-26,2506,57551,964,25241,1542,32310,0,0,1321,24634,1181,16439,1321,41073,California
Yolo,2021-02-27,1636,59187,767,26008,869,33179,0,0,1188,25374,448,16887,1188,42261,California
Yolo,2021-02-28,1773,60960,1499,27507,274,33453,0,0,678,24958,1094,17981,678,42939,California
Yolo,2021-03-01,1063,62023,346,27853,717,34170,0,0,637,25172,424,18405,638,43577,California
Yolo,2021-03-02,1401,63424,664,28517,737,34907,0,0,887,25545,514,18919,887,44464,California
Yolo,2021-03-03,1723,65147,575,29092,1148,36055,0,0,755,25334,966,19885,755,45219,California
Yolo,2021-03-04,2569,67716,1277,30369,1292,37347,0,0,1384,25535,1183,21068,1384,46603,California
Yolo,2021-03-05,2073,69789,1219,31588,843,38190,11,11,1223,25923,849,21917,1237,47840,California
Yolo,2021-03-06,1370,71159,1063,32651,283,38473,24,35,753,26085,615,22532,777,48617,California
Yolo,2021-03-07,862,72021,636,33287,214,38687,12,47,730,26696,132,22664,743,49360,California
Yolo,2021-03-08,977,72998,454,33741,480,39167,43,90,704,27173,270,22934,747,50107,California
Yolo,2021-03-09,1121,74119,595,34336,469,39636,57,147,740,27591,379,23313,797,50904,California
Yolo,2021-03-10,1604,75723,947,35283,394,40030,263,410,658,27566,944,24257,919,51823,California
Yolo,2021-03-11,2133,77856,1393,36676,674,40704,66,476,1435,28370,697,24954,1501,53324,California
Yolo,2021-03-12,2481,80337,1148,37824,1264,41968,69,545,1115,28195,1357,26311,1182,54506,California
Yolo,2021-03-13,1709,82046,659,38483,879,42847,171,716,916,28493,790,27101,1088,55594,California
Yolo,2021-03-14,650,82696,188,38671,319,43166,143,859,382,28751,267,27368,525,56119,California
Yolo,2021-03-15,1280,83976,754,39425,353,43519,173,1032,671,28988,606,27974,843,56962,California
Yolo,2021-03-16,1837,85813,709,40134,1057,44576,71,1103,1080,29384,756,28730,1152,58114,California
Yolo,2021-03-17,2340,88153,941,41075,1331,45907,68,1171,1611,30338,725,29455,1679,59793,California
Yolo,2021-03-18,2509,90662,731,41806,1564,47471,214,1385,970,29986,1537,30992,1185,60978,California
Yolo,2021-03-19,1375,92037,634,42440,696,48167,45,1430,775,30212,594,31586,820,61798,California
Yolo,2021-03-20,2126,94163,574,43014,1526,49693,26,1456,658,29432,1465,33051,685,62483,California
Yolo,2021-03-21,309,94472,220,43234,83,49776,6,1462,223,29576,85,33136,229,62712,California
Yolo,2021-03-22,1336,95808,457,43691,828,50604,51,1513,863,30021,471,33607,916,63628,California
Yolo,2021-03-23,1694,97502,923,44614,710,51314,61,1574,1037,30463,657,34264,1099,64727,California
Yolo,2021-03-24,2770,100272,1364,45978,1356,52670,50,1624,1379,30516,1381,35645,1434,66161,California
Yolo,2021-03-25,2350,102622,1237,47215,1080,53750,33,1657,1130,30493,1216,36861,1193,67354,California
Yolo,2021-03-26,2296,104918,1162,48377,1113,54863,21,1678,994,30303,1295,38156,1105,68459,California
Yolo,2021-03-27,1609,106527,440,48817,1151,56014,18,1696,748,30257,859,39015,813,69272,California
Yolo,2021-03-28,1060,107587,820,49637,223,56237,17,1713,272,29778,783,39798,304,69576,California
Yolo,2021-03-29,1897,109484,774,50411,1108,57345,15,1728,934,29778,960,40758,960,70536,California
Yolo,2021-03-30,2170,111654,1030,51441,1119,58464,21,1749,1144,29934,1020,41778,1176,71712,California
Yolo,2021-03-31,1914,113568,875,52316,1014,59478,25,1774,1005,30079,908,42686,1053,72765,California
Yolo,2021-04-01,1768,115336,803,53119,697,60175,268,2042,672,29988,1095,43781,1004,73769,California
Yuba,2020-12-16,4,4,4,4,0,0,0,0,4,4,0,0,4,4,California
Yuba,2020-12-17,4,8,4,8,0,0,0,0,4,8,0,0,4,8,California
Yuba,2020-12-18,8,16,8,16,0,0,0,0,8,16,0,0,8,16,California
Yuba,2020-12-19,12,28,12,28,0,0,0,0,12,28,0,0,12,28,California
Yuba,2020-12-20,20,48,20,48,0,0,0,0,20,48,0,0,20,48,California
Yuba,2020-12-21,40,88,40,88,0,0,0,0,40,88,0,0,40,88,California
Yuba,2020-12-22,86,174,86,174,0,0,0,0,86,174,0,0,86,174,California
Yuba,2020-12-23,64,238,62,236,2,2,0,0,64,238,0,0,64,238,California
Yuba,2020-12-24,20,258,10,246,10,12,0,0,20,258,0,0,20,258,California
Yuba,2020-12-26,15,273,13,259,2,14,0,0,15,273,0,0,15,273,California
Yuba,2020-12-27,15,288,15,274,0,14,0,0,15,288,0,0,15,288,California
Yuba,2020-12-28,51,339,35,309,16,30,0,0,51,339,0,0,51,339,California
Yuba,2020-12-29,77,416,10,319,67,97,0,0,77,416,0,0,77,416,California
Yuba,2020-12-30,64,480,21,340,43,140,0,0,64,480,0,0,64,480,California
Yuba,2020-12-31,36,516,6,346,30,170,0,0,36,516,0,0,36,516,California
Yuba,2021-01-02,22,538,21,367,1,171,0,0,22,538,0,0,22,538,California
Yuba,2021-01-03,10,548,6,373,4,175,0,0,10,548,0,0,10,548,California
Yuba,2021-01-04,91,639,21,394,70,245,0,0,91,639,0,0,91,639,California
Yuba,2021-01-05,67,706,36,430,31,276,0,0,66,704,1,1,66,705,California
Yuba,2021-01-06,150,856,74,504,76,352,0,0,144,842,6,7,144,849,California
Yuba,2021-01-07,75,931,20,524,55,407,0,0,72,910,4,11,72,921,California
Yuba,2021-01-08,73,1004,24,548,49,456,0,0,66,969,7,18,66,987,California
Yuba,2021-01-09,19,1023,16,564,3,459,0,0,11,972,8,26,11,998,California
Yuba,2021-01-10,116,1139,22,586,94,553,0,0,94,1044,22,48,94,1092,California
Yuba,2021-01-11,72,1211,49,635,23,576,0,0,32,1036,40,88,32,1124,California
Yuba,2021-01-12,109,1320,79,714,30,606,0,0,44,1015,65,153,44,1168,California
Yuba,2021-01-13,119,1439,72,786,47,653,0,0,54,1005,64,217,54,1222,California
Yuba,2021-01-14,109,1548,43,829,66,719,0,0,97,1090,12,229,97,1319,California
Yuba,2021-01-15,201,1749,85,914,116,835,0,0,190,1269,11,240,190,1509,California
Yuba,2021-01-16,184,1933,21,935,163,998,0,0,172,1428,13,253,172,1681,California
Yuba,2021-01-17,13,1946,9,944,4,1002,0,0,7,1429,6,259,7,1688,California
Yuba,2021-01-18,60,2006,32,976,28,1030,0,0,35,1439,25,284,35,1723,California
Yuba,2021-01-19,81,2087,29,1005,52,1082,0,0,66,1490,15,299,66,1789,California
Yuba,2021-01-20,132,2219,86,1091,46,1128,0,0,109,1576,23,322,109,1898,California
Yuba,2021-01-21,213,2432,96,1187,117,1245,0,0,204,1771,9,331,204,2102,California
Yuba,2021-01-22,104,2536,6,1193,98,1343,0,0,95,1857,9,340,95,2197,California
Yuba,2021-01-23,201,2737,7,1200,194,1537,0,0,198,2052,3,343,198,2395,California
Yuba,2021-01-24,8,2745,6,1206,2,1539,0,0,6,2056,2,345,6,2401,California
Yuba,2021-01-25,83,2828,28,1234,55,1594,0,0,52,2078,30,375,52,2453,California
Yuba,2021-01-26,146,2974,38,1272,108,1702,0,0,91,2114,55,430,91,2544,California
Yuba,2021-01-27,181,3155,128,1400,53,1755,0,0,114,2161,67,497,114,2658,California
Yuba,2021-01-28,211,3366,78,1478,133,1888,0,0,171,2292,40,537,171,2829,California
Yuba,2021-01-29,154,3520,54,1532,100,1988,0,0,108,2354,46,583,108,2937,California
Yuba,2021-01-30,410,3930,23,1555,387,2375,0,0,399,2742,11,594,399,3336,California
Yuba,2021-01-31,17,3947,12,1567,5,2380,0,0,15,2755,2,596,15,3351,California
Yuba,2021-02-01,149,4096,72,1639,77,2457,0,0,129,2865,19,615,129,3480,California
Yuba,2021-02-02,122,4218,22,1661,100,2557,0,0,100,2943,22,637,100,3580,California
Yuba,2021-02-03,225,4443,29,1690,196,2753,0,0,112,2943,112,749,112,3692,California
Yuba,2021-02-04,295,4738,122,1812,173,2926,0,0,253,3154,42,791,253,3945,California
Yuba,2021-02-05,147,4885,31,1843,116,3042,0,0,71,3149,76,867,71,4016,California
Yuba,2021-02-06,448,5333,25,1868,423,3465,0,0,440,3581,8,875,440,4456,California
Yuba,2021-02-07,18,5351,11,1879,7,3472,0,0,15,3593,3,878,15,4471,California
Yuba,2021-02-08,97,5448,35,1914,62,3534,0,0,67,3630,30,908,67,4538,California
Yuba,2021-02-09,152,5600,54,1968,98,3632,0,0,85,3648,67,975,85,4623,California
Yuba,2021-02-10,346,5946,172,2140,174,3806,0,0,114,3531,231,1206,114,4737,California
Yuba,2021-02-11,399,6345,62,2202,337,4143,0,0,303,3740,94,1300,303,5040,California
Yuba,2021-02-12,262,6607,26,2228,236,4379,0,0,150,3778,112,1412,150,5190,California
Yuba,2021-02-13,439,7046,35,2263,404,4783,0,0,391,4121,48,1460,391,5581,California
Yuba,2021-02-14,53,7099,11,2274,42,4825,0,0,49,4166,4,1464,49,5630,California
Yuba,2021-02-15,91,7190,38,2312,53,4878,0,0,71,4217,20,1484,71,5701,California
Yuba,2021-02-16,196,7386,47,2359,149,5027,0,0,137,4295,59,1543,137,5838,California
Yuba,2021-02-17,369,7755,155,2514,214,5241,0,0,96,4118,273,1816,96,5934,California
Yuba,2021-02-18,306,8061,32,2546,274,5515,0,0,181,4174,125,1941,181,6115,California
Yuba,2021-02-19,214,8275,76,2622,138,5653,0,0,132,4224,82,2023,132,6247,California
Yuba,2021-02-20,380,8655,29,2651,351,6004,0,0,328,4500,52,2075,328,6575,California
Yuba,2021-02-21,17,8672,15,2666,2,6006,0,0,7,4497,10,2085,7,6582,California
Yuba,2021-02-22,126,8798,79,2745,47,6053,0,0,39,4450,86,2171,39,6621,California
Yuba,2021-02-23,112,8910,24,2769,88,6141,0,0,45,4429,66,2237,45,6666,California
Yuba,2021-02-24,473,9383,136,2905,337,6478,0,0,100,4156,373,2610,100,6766,California
Yuba,2021-02-25,322,9705,127,3032,195,6673,0,0,197,4228,125,2735,197,6963,California
Yuba,2021-02-26,249,9954,64,3096,185,6858,0,0,136,4253,111,2846,136,7099,California
Yuba,2021-02-27,467,10421,43,3139,424,7282,0,0,383,4553,83,2929,383,7482,California
Yuba,2021-02-28,66,10487,24,3163,42,7324,0,0,45,4577,21,2950,45,7527,California
Yuba,2021-03-01,151,10638,39,3202,112,7436,0,0,76,4579,74,3024,76,7603,California
Yuba,2021-03-02,150,10788,35,3237,115,7551,0,0,75,4579,75,3099,75,7678,California
Yuba,2021-03-03,612,11400,152,3389,460,8011,0,0,196,4360,415,3514,196,7874,California
Yuba,2021-03-04,461,11861,271,3660,190,8201,0,0,323,4546,137,3651,323,8197,California
Yuba,2021-03-05,285,12146,49,3709,235,8436,1,1,226,4714,59,3710,227,8424,California
Yuba,2021-03-06,273,12419,28,3737,239,8675,6,7,179,4798,101,3811,185,8609,California
Yuba,2021-03-07,50,12469,28,3765,22,8697,0,7,34,4816,16,3827,34,8643,California
Yuba,2021-03-08,158,12627,55,3820,89,8786,14,21,100,4872,58,3885,114,8757,California
Yuba,2021-03-09,172,12799,47,3867,106,8892,19,40,81,4881,91,3976,100,8857,California
Yuba,2021-03-10,705,13504,222,4089,467,9359,16,56,216,4625,488,4464,232,9089,California
Yuba,2021-03-11,385,13889,167,4256,207,9566,11,67,257,4765,128,4592,268,9357,California
Yuba,2021-03-12,385,14274,57,4313,281,9847,47,114,108,4644,277,4869,156,9513,California
Yuba,2021-03-13,442,14716,337,4650,92,9939,13,127,367,4949,75,4944,380,9893,California
Yuba,2021-03-14,82,14798,19,4669,53,9992,10,137,41,4959,41,4985,51,9944,California
Yuba,2021-03-15,188,14986,47,4716,123,10115,18,155,93,4975,95,5080,111,10055,California
Yuba,2021-03-16,235,15221,72,4788,141,10256,22,177,137,5037,97,5177,159,10214,California
Yuba,2021-03-17,694,15915,147,4935,518,10774,29,206,160,4694,532,5709,189,10403,California
Yuba,2021-03-18,435,16350,110,5045,235,11009,90,296,262,4874,173,5882,353,10756,California
Yuba,2021-03-19,247,16597,90,5135,120,11129,37,333,136,4936,111,5993,173,10929,California
Yuba,2021-03-20,460,17057,57,5192,396,11525,7,340,407,5298,52,6045,414,11343,California
Yuba,2021-03-21,62,17119,39,5231,23,11548,0,340,48,5332,14,6059,48,11391,California
Yuba,2021-03-22,178,17297,69,5300,102,11650,7,347,137,5435,41,6100,144,11535,California
Yuba,2021-03-23,206,17503,69,5369,115,11765,22,369,138,5528,67,6167,160,11695,California
Yuba,2021-03-24,718,18221,244,5613,405,12170,69,438,173,5227,543,6710,242,11937,California
Yuba,2021-03-25,453,18674,258,5871,170,12340,25,463,211,5221,242,6952,236,12173,California
Yuba,2021-03-26,352,19026,128,5999,203,12543,21,484,207,5307,144,7096,230,12403,California
Yuba,2021-03-27,444,19470,22,6021,421,12964,1,485,394,5654,50,7146,397,12800,California
Yuba,2021-03-28,94,19564,38,6059,53,13017,3,488,35,5633,59,7205,38,12838,California
Yuba,2021-03-29,281,19845,86,6145,167,13184,28,516,173,5726,108,7313,201,13039,California
Yuba,2021-03-30,247,20092,62,6207,177,13361,8,524,174,5834,73,7386,181,13220,California
Yuba,2021-03-31,642,20734,106,6313,527,13888,9,533,226,5787,416,7802,369,13589,California
Yuba,2021-04-01,344,21078,228,6541,103,13991,13,546,100,5664,244,8046,121,13710,California
