county,administered_date,total_doses,cumulative_total_doses,pfizer_doses,cumulative_pfizer_doses,moderna_doses,cumulative_moderna_doses,jj_doses,cumulative_jj_doses,partially_vaccinated,total_partially_vaccinated,fully_vaccinated,cumulative_fully_vaccinated,at_least_one_dose,cumulative_at_least_one_dose,california_flag
All CA Counties,2020-12-15,1153,1153,1153,1153,0,0,0,0,1153,1153,0,0,1153,1153,
All CA Counties,2020-12-16,8454,9607,8454,9607,0,0,0,0,8454,9607,0,0,8454,9607,
All CA Counties,2020-12-17,26511,36118,26511,36118,0,0,0,0,26513,36120,0,0,26513,36120,
All CA Counties,2020-12-18,45220,81338,45162,81280,58,58,0,0,45220,81339,1,1,45220,81340,
All CA Counties,2020-12-19,25493,106831,25467,106747,26,84,0,0,25492,106830,1,2,25492,106832,
All CA Counties,2020-12-20,19116,125947,19087,125834,29,113,0,0,19115,125944,1,3,19115,125947,
All CA Counties,2020-12-21,49773,175720,49681,175515,92,205,0,0,49774,175716,3,6,49775,175722,
All CA Counties,2020-12-22,50164,225884,48026,223541,2138,2343,0,0,50158,225870,4,10,50158,225880,
All CA Counties,2020-12-23,50725,276609,41910,265451,8815,11158,0,0,50720,276589,4,14,50723,276603,
All CA Counties,2020-12-24,24103,300712,16351,281802,7752,18910,0,0,24098,300684,5,19,24100,300703,
All CA Counties,2020-12-25,2350,303062,2025,283827,325,19235,0,0,2350,303034,0,19,2350,303053,
All CA Counties,2020-12-26,14627,317689,9470,293297,5157,24392,0,0,14625,317657,2,21,14625,317678,
All CA Counties,2020-12-27,9464,327153,5605,298902,3859,28251,0,0,9461,327115,3,24,9461,327139,
All CA Counties,2020-12-28,46094,373247,29521,328423,16573,44824,0,0,46091,373203,3,27,46091,373230,
All CA Counties,2020-12-29,51322,424569,28596,357019,22726,67550,0,0,51317,424516,4,31,51317,424547,
All CA Counties,2020-12-30,63129,487698,35642,392661,27487,95037,0,0,63117,487627,9,40,63120,487667,
All CA Counties,2020-12-31,29570,517268,10930,403591,18640,113677,0,0,29550,517160,18,58,29551,517218,
All CA Counties,2021-01-01,4559,521827,2060,405651,2499,116176,0,0,4551,521704,7,65,4551,521769,
All CA Counties,2021-01-02,18524,540351,10250,415901,8274,124450,0,0,18521,540224,1,66,18521,540290,
All CA Counties,2021-01-03,6201,546552,3509,419410,2692,127142,0,0,6167,546378,13,79,6167,546457,
All CA Counties,2021-01-04,43616,590168,22012,441422,21604,148746,0,0,43536,589873,41,120,43536,589993,
All CA Counties,2021-01-05,56707,646875,29894,471316,26813,175559,0,0,51055,635431,5591,5711,51149,641142,
All CA Counties,2021-01-06,73570,720445,40593,511909,32977,208536,0,0,57859,677797,15531,21242,57897,699039,
All CA Counties,2021-01-07,92506,812951,52641,564550,39865,248401,0,0,60997,707514,31336,52578,61053,760092,
All CA Counties,2021-01-08,107002,919953,64256,628806,42746,291147,0,0,65232,731184,41630,94208,65300,825392,
All CA Counties,2021-01-09,44474,964427,25577,654383,18897,310044,0,0,27849,742462,16598,110806,27876,853268,
All CA Counties,2021-01-10,24367,988794,14883,669266,9484,319528,0,0,13111,744353,11239,122045,13130,866398,
All CA Counties,2021-01-11,104741,1093535,69675,738941,35066,354594,0,0,60767,761365,43928,165973,60940,927338,
All CA Counties,2021-01-12,114042,1207577,67582,806523,46460,401054,0,0,72474,792612,41465,207438,72712,1000050,
All CA Counties,2021-01-13,119554,1327131,62045,868568,57509,458563,0,0,85544,844319,33921,241359,85628,1085678,
All CA Counties,2021-01-14,124248,1451379,49834,918402,74414,532977,0,0,104490,929326,19653,261012,104660,1190338,
All CA Counties,2021-01-15,142392,1593771,52078,970480,90314,623291,0,0,127132,1041515,15162,276174,127351,1317689,
All CA Counties,2021-01-16,80751,1674522,27456,997936,53295,676586,0,0,73124,1107092,7599,283773,73176,1390865,
All CA Counties,2021-01-17,48320,1722842,16899,1014835,31421,708007,0,0,44641,1148110,3669,287442,44687,1435552,
All CA Counties,2021-01-18,88352,1811194,46121,1060956,42231,750238,0,0,68984,1197973,19293,306735,69156,1504708,
All CA Counties,2021-01-19,142360,1953554,73801,1134757,68559,818797,0,0,111066,1278173,31198,337933,111398,1616106,
All CA Counties,2021-01-20,161239,2114793,82241,1216998,78998,897795,0,0,127432,1372292,33579,371512,127698,1743804,
All CA Counties,2021-01-21,174374,2289167,77239,1294237,97135,994930,0,0,155118,1508747,19030,390542,155485,1899289,
All CA Counties,2021-01-22,170478,2459645,69505,1363742,100973,1095903,0,0,156053,1650672,14283,404825,156208,2055497,
All CA Counties,2021-01-23,111746,2571391,49550,1413292,62196,1158099,0,0,99148,1737399,12538,417363,99265,2154762,
All CA Counties,2021-01-24,60946,2632337,29388,1442680,31558,1189657,0,0,56248,1789047,4665,422028,56313,2211075,
All CA Counties,2021-01-25,145513,2777850,65413,1508093,80100,1269757,0,0,110189,1864421,35187,457215,110561,2321636,
All CA Counties,2021-01-26,169386,2947236,83050,1591143,86336,1356093,0,0,131606,1958656,37640,494855,131875,2453511,
All CA Counties,2021-01-27,183081,3130317,87907,1679050,95174,1451267,0,0,143337,2062802,39405,534260,143551,2597062,
All CA Counties,2021-01-28,188505,3318822,86847,1765897,101658,1552925,0,0,154074,2182965,34134,568394,154297,2751359,
All CA Counties,2021-01-29,184369,3503191,88465,1854362,95904,1648829,0,0,149399,2298164,34378,602772,149577,2900936,
All CA Counties,2021-01-30,123951,3627142,55760,1910122,68191,1717020,0,0,108449,2391430,15329,618101,108595,3009531,
All CA Counties,2021-01-31,69169,3696311,38628,1948750,30541,1747561,0,0,64222,2450812,4896,622997,64278,3073809,
All CA Counties,2021-02-01,162134,3858445,75695,2024445,86439,1834000,0,0,121130,2531244,40825,663822,121257,3195066,
All CA Counties,2021-02-02,185976,4044421,78240,2102685,107736,1941736,0,0,141229,2628238,44456,708278,141450,3336516,
All CA Counties,2021-02-03,211882,4256303,95925,2198610,115957,2057693,0,0,157216,2731544,54162,762440,157468,3493984,
All CA Counties,2021-02-04,228571,4484874,100041,2298651,128530,2186223,0,0,167648,2839176,60379,822819,168011,3661995,
All CA Counties,2021-02-05,246885,4731759,106679,2405330,140206,2326429,0,0,167660,2928980,78400,901219,168204,3830199,
All CA Counties,2021-02-06,155027,4886786,74982,2480312,80045,2406474,0,0,120123,3014868,34730,935949,120618,3950817,
All CA Counties,2021-02-07,66969,4953755,43294,2523606,23675,2430149,0,0,50486,3049405,16400,952349,50937,4001754,
All CA Counties,2021-02-08,181330,5135085,89178,2612784,92152,2522301,0,0,119557,3108385,61327,1013676,120307,4122061,
All CA Counties,2021-02-09,211636,5346721,102268,2715052,109368,2631669,0,0,126772,3151908,84402,1098078,127925,4249986,
All CA Counties,2021-02-10,249372,5596093,120008,2835060,129364,2761033,0,0,138298,3181449,110236,1208314,139777,4389763,
All CA Counties,2021-02-11,266318,5862411,131690,2966750,134628,2895661,0,0,145290,3208674,119866,1328180,147091,4536854,
All CA Counties,2021-02-12,273442,6135853,119806,3086556,153636,3049297,0,0,147401,3233321,125134,1453314,149781,4686635,
All CA Counties,2021-02-13,167129,6302982,77569,3164125,89560,3138857,0,0,92142,3252818,74596,1527910,94093,4780728,
All CA Counties,2021-02-14,95733,6398715,47672,3211797,48061,3186918,0,0,51723,3262255,43832,1571742,53269,4833997,
All CA Counties,2021-02-15,142682,6541397,62535,3274332,80147,3267065,0,0,78849,3280787,63445,1635187,81977,4915974,
All CA Counties,2021-02-16,249402,6790799,118251,3392583,131151,3398216,0,0,133315,3301508,115694,1750881,136415,5052389,
All CA Counties,2021-02-17,259467,7050266,129040,3521623,130427,3528643,0,0,129059,3303941,129836,1880717,132269,5184658,
All CA Counties,2021-02-18,273396,7323662,142411,3664034,130985,3659628,0,0,132100,3299712,140558,2021275,136329,5320987,
All CA Counties,2021-02-19,253742,7577404,147010,3811044,106732,3766360,0,0,130736,3310040,122484,2143759,132812,5453799,
All CA Counties,2021-02-20,154012,7731416,98598,3909642,55414,3821774,0,0,84718,3327726,69012,2212771,86698,5540497,
All CA Counties,2021-02-21,82903,7814319,68632,3978274,14271,3836045,0,0,41705,3330043,40931,2253702,43248,5583745,
All CA Counties,2021-02-22,165317,7979636,110644,4088918,54673,3890718,0,0,82758,3332293,82218,2335920,84468,5668213,
All CA Counties,2021-02-23,226962,8206598,119971,4208889,106991,3997709,0,0,105660,3323277,120669,2456589,111653,5779866,
All CA Counties,2021-02-24,284408,8491006,143809,4352698,140599,4138308,0,0,135029,3317123,148730,2605319,142576,5922442,
All CA Counties,2021-02-25,323239,8814245,159383,4512081,163856,4302164,0,0,169333,3341829,153186,2758505,177892,6100334,
All CA Counties,2021-02-26,357951,9172196,166869,4678950,191082,4493246,0,0,199330,3390775,157666,2916171,206612,6306946,
All CA Counties,2021-02-27,253865,9426061,123525,4802475,130316,4623562,24,24,144263,3430525,108955,3025126,148705,6455651,
All CA Counties,2021-02-28,135297,9561358,81079,4883554,54206,4677768,12,36,79596,3457736,55240,3080366,82451,6538102,
All CA Counties,2021-03-01,245219,9806577,130478,5014032,114608,4792376,133,169,141262,3500021,103119,3183485,145404,6683506,
All CA Counties,2021-03-02,290526,10097103,146733,5160765,143763,4936139,30,199,175259,3567478,114713,3298198,182170,6865676,
All CA Counties,2021-03-03,335905,10433008,167282,5328047,168557,5104696,66,265,194123,3627916,141050,3439248,201488,7067164,
All CA Counties,2021-03-04,353509,10786517,178711,5506758,174700,5279396,98,363,207830,3697979,144897,3584145,214960,7282124,
All CA Counties,2021-03-05,341044,11127561,167630,5674388,172283,5451679,1131,1494,212220,3790607,127975,3712120,220603,7502727,
All CA Counties,2021-03-06,260073,11387634,133511,5807899,118705,5570384,7857,9351,161748,3867018,97889,3810009,174300,7677027,
All CA Counties,2021-03-07,128125,11515759,78678,5886577,45273,5615657,4174,13525,80305,3907548,47620,3857629,88150,7765177,
All CA Counties,2021-03-08,221359,11737118,108236,5994813,102623,5718280,10500,24025,145111,3992290,75820,3933449,160562,7925739,
All CA Counties,2021-03-09,293301,12030419,140211,6135024,137160,5855440,15930,39955,164339,4048144,128448,4061897,184302,8110041,
All CA Counties,2021-03-10,324459,12354878,161730,6296754,138231,5993671,24498,64453,175514,4104058,148235,4210132,204149,8314190,
All CA Counties,2021-03-11,378347,12733225,183063,6479817,161940,6155611,33344,97797,194111,4152456,183238,4393370,231636,8545826,
All CA Counties,2021-03-12,397381,13130606,177657,6657474,173389,6329000,46335,144132,194717,4195850,201798,4595168,245192,8791018,
All CA Counties,2021-03-13,284705,13415311,125359,6782833,128175,6457175,31171,175303,153675,4254360,130565,4725733,189075,8980093,
All CA Counties,2021-03-14,155169,13570480,83428,6866261,56635,6513810,15106,190409,78637,4274128,76225,4801958,95993,9076086,
All CA Counties,2021-03-15,291885,13862365,139683,7005944,131568,6645378,20634,211043,158797,4324636,132292,4934250,182800,9258886,
All CA Counties,2021-03-16,371808,14234173,174754,7180698,179659,6825037,17395,228438,215610,4405409,155419,5089669,236192,9495078,
All CA Counties,2021-03-17,386376,14620549,191631,7372329,176096,7001133,18649,247087,239410,4519879,146078,5235747,260548,9755626,
All CA Counties,2021-03-18,404094,15024643,207126,7579455,178642,7179775,18326,265413,239719,4616741,163230,5398977,260092,10015718,
All CA Counties,2021-03-19,412792,15437435,217331,7796786,173788,7353563,21673,287086,239574,4707737,172207,5571184,263203,10278921,
All CA Counties,2021-03-20,295659,15733094,155627,7952413,124114,7477677,15918,303004,186624,4803407,108311,5679495,203981,10482902,
All CA Counties,2021-03-21,144307,15877401,99871,8052284,36897,7514574,7539,310543,88633,4845655,55269,5734764,97517,10580419,
All CA Counties,2021-03-22,274549,16151950,159760,8212044,103552,7618126,11237,321780,178533,4943223,95193,5829957,192761,10773180,
All CA Counties,2021-03-23,359749,16511699,198436,8410480,150219,7768345,11094,332874,220912,5039910,137882,5967839,234569,11007749,
All CA Counties,2021-03-24,389040,16900739,222660,8633140,153840,7922185,12540,345414,225802,5118387,161945,6129784,240422,11248171,
All CA Counties,2021-03-25,419511,17320250,231165,8864305,173441,8095626,14905,360319,237404,5192099,180737,6310521,254449,11502620,
All CA Counties,2021-03-26,436317,17756567,233295,9097600,186901,8282527,16121,376440,235463,5246931,199579,6510100,254411,11757031,
All CA Counties,2021-03-27,313704,18070271,166863,9264463,135040,8417567,11801,388241,157676,5263499,155148,6665248,171716,11928747,
All CA Counties,2021-03-28,169512,18239783,109136,9373599,56786,8474353,3590,391831,88719,5277402,80319,6745567,94222,12022969,
All CA Counties,2021-03-29,311449,18551232,167496,9541095,134897,8609250,9056,400887,173161,5324637,137473,6883040,184708,12207677,
All CA Counties,2021-03-30,399932,18951164,202503,9743598,179171,8788421,18258,419145,224718,5394993,174373,7057413,244729,12452406,
All CA Counties,2021-03-31,427658,19378822,232440,9976038,173455,8961876,21763,440908,237755,5466722,188791,7246204,260520,12712926,
All CA Counties,2021-04-01,493889,19872711,252836,10228874,200613,9162489,40440,481348,271885,5559637,220510,7466714,313425,13026351,
All CA Counties,2021-04-02,475404,20348115,231813,10460687,200331,9362820,43260,524608,257920,5646219,216192,7682906,302774,13329125,
All CA Counties,2021-04-03,330501,20678616,168490,10629177,120465,9483285,41546,566154,164640,5688336,165164,7848070,207281,13536406,
All CA Counties,2021-04-04,132645,20811261,69192,10698369,44374,9527659,19079,585233,58056,5691341,74255,7922325,77260,13613666,
All CA Counties,2021-04-05,354350,21165611,182574,10880943,131890,9659549,39886,625119,174226,5728480,179379,8101704,216518,13830184,
All CA Counties,2021-04-06,458998,21624609,232597,11113540,160754,9820303,65647,690766,222512,5783003,235494,8337198,290017,14120201,
All CA Counties,2021-04-07,474003,22098612,246296,11359836,157565,9977868,70142,760908,230584,5842270,242409,8579607,301676,14421877,
All CA Counties,2021-04-08,501469,22600081,253054,11612890,163797,10141665,84618,845526,235890,5900623,264317,8843924,322670,14744547,
All CA Counties,2021-04-09,496875,23096956,247797,11860687,168979,10310644,80099,925625,228768,5945494,266964,9110888,311835,15056382,
All CA Counties,2021-04-10,368452,23465408,168682,12029369,125343,10435987,74427,1000052,154537,5963960,213118,9324006,231584,15287966,
All CA Counties,2021-04-11,188119,23653527,105694,12135063,48333,10484320,34092,1034144,78124,5969363,109622,9433628,115025,15402991,
All CA Counties,2021-04-12,341770,23995297,175646,12310709,127818,10612138,38306,1072450,158194,5986859,182529,9616157,200025,15603016,
All CA Counties,2021-04-13,435049,24430346,243547,12554256,190536,10802674,966,1073416,243181,6043224,190786,9806943,247151,15850167,
All CA Counties,2021-04-14,455354,24885700,255372,12809628,199688,11002362,294,1073710,237400,6068742,216680,10023623,242198,16092365,
All CA Counties,2021-04-15,495877,25381577,288967,13098595,206615,11208977,295,1074005,277719,6132996,216587,10240210,280841,16373206,
All CA Counties,2021-04-16,480526,25862103,270430,13369025,209784,11418761,312,1074317,256418,6169466,222692,10462902,259162,16632368,
All CA Counties,2021-04-17,345329,26207432,193657,13562682,151607,11570368,65,1074382,196679,6221672,147694,10610596,199900,16832268,
All CA Counties,2021-04-18,156125,26363557,99205,13661887,56902,11627270,18,1074400,80490,6230017,75180,10685776,83525,16915793,
All CA Counties,2021-04-19,321778,26685335,184899,13846786,136780,11764050,99,1074499,152538,6216272,168237,10854013,154492,17070285,
All CA Counties,2021-04-20,410404,27095739,218255,14065041,192068,11956118,81,1074580,204086,6218349,205172,11059185,207249,17277534,
All CA Counties,2021-04-21,424325,27520064,239740,14304781,184314,12140432,271,1074851,204355,6207768,218365,11277550,207784,17485318,
All CA Counties,2021-04-22,447838,27967902,255009,14559790,192751,12333183,78,1074929,199848,6164415,246502,11524052,203149,17688467,
All CA Counties,2021-04-23,440079,28407981,250075,14809865,189913,12523096,91,1075020,199576,6128394,239027,11763079,203006,17891473,
All CA Counties,2021-04-24,325643,28733624,205010,15014875,120454,12643550,179,1075199,165399,6137986,159256,11922335,168848,18060321,
All CA Counties,2021-04-25,149790,28883414,98724,15113599,50992,12694542,74,1075273,80548,6151288,68756,11991091,82058,18142379,
All CA Counties,2021-04-26,300798,29184212,173545,15287144,125714,12820256,1539,1076812,131536,6120630,168217,12159308,137559,18279938,
All CA Counties,2021-04-27,369212,29553424,203385,15490529,159191,12979447,6636,1083448,148990,6060396,219019,12378327,158785,18438723,
All CA Counties,2021-04-28,353204,29906628,201878,15692407,143404,13122851,7922,1091370,145592,6009798,206446,12584773,155848,18594571,
All CA Counties,2021-04-29,362771,30269399,208467,15900874,146367,13269218,7937,1099307,133170,5924407,228359,12813132,142968,18737539,
All CA Counties,2021-04-30,375774,30645173,214827,16115701,152005,13421223,8942,1108249,142510,5845911,231915,13045047,153419,18890958,
All CA Counties,2021-05-01,248040,30893213,158564,16274265,83415,13504638,6061,1114310,90019,5787110,157123,13202170,98322,18989280,
All CA Counties,2021-05-02,116988,31010201,81765,16356030,31341,13535979,3882,1118192,40932,5756673,75635,13277805,45198,19034478,
All CA Counties,2021-05-03,253812,31264013,155803,16511833,89247,13625226,8762,1126954,77516,5668449,175400,13453205,87176,19121654,
All CA Counties,2021-05-04,327572,31591585,199351,16711184,118418,13743644,9803,1136757,97324,5547615,229151,13682356,108317,19229971,
All CA Counties,2021-05-05,331475,31923060,205674,16916858,115739,13859383,10062,1146819,93894,5416248,236313,13918669,104946,19334917,
All CA Counties,2021-05-06,349530,32272590,227748,17144606,111236,13970619,10546,1157365,88585,5258603,259266,14177935,101621,19436538,
All CA Counties,2021-05-07,349170,32621760,218417,17363023,120876,14091495,9877,1167242,94964,5111912,252786,14430721,106095,19542633,
All CA Counties,2021-05-08,225813,32847573,142965,17505988,75967,14167462,6881,1174123,61804,5019032,163037,14593758,70157,19612790,
All CA Counties,2021-05-09,93345,32940918,70358,17576346,20015,14187477,2972,1177095,25334,4980119,67673,14661431,28760,19641550,
All CA Counties,2021-05-10,202541,33143459,115274,17691620,79427,14266904,7840,1184935,50551,4888662,151153,14812584,59696,19701246,
All CA Counties,2021-05-11,266314,33409773,149263,17840883,108440,14375344,8611,1193546,70808,4775263,194549,15007133,81150,19782396,
All CA Counties,2021-05-12,268473,33678246,155922,17996805,103439,14478783,9112,1202658,75842,4669814,191563,15198696,86114,19868510,
All CA Counties,2021-05-13,312171,33990417,200771,18197576,104013,14582796,7387,1210045,118769,4606368,192252,15390948,128806,19997316,
All CA Counties,2021-05-14,334825,34325242,214108,18411684,111872,14694668,8845,1218890,132039,4547800,201535,15592483,142967,20140283,
All CA Counties,2021-05-15,276530,34601772,192833,18604517,77738,14772406,5959,1224849,113421,4505915,162232,15754715,120347,20260630,
All CA Counties,2021-05-16,136282,34738054,104556,18709073,28798,14801204,2928,1227777,55142,4483705,80684,15835399,58474,20319104,
All CA Counties,2021-05-17,238671,34976725,156953,18866026,74312,14875516,7406,1235183,95821,4445835,141957,15977356,104087,20423191,
All CA Counties,2021-05-18,279648,35256373,170287,19036313,101968,14977484,7393,1242576,110357,4396809,168171,16145527,119145,20542336,
All CA Counties,2021-05-19,274182,35530555,171447,19207760,95191,15072675,7544,1250120,115039,4362408,158097,16303624,123696,20666032,
All CA Counties,2021-05-20,261224,35791779,155921,19363681,97189,15169864,8114,1258234,101845,4315633,158246,16461870,111471,20777503,
All CA Counties,2021-05-21,281225,36073004,173086,19536767,100191,15270055,7948,1266182,108918,4262651,171053,16632923,118071,20895574,
All CA Counties,2021-05-22,203183,36276187,134567,19671334,62405,15332460,6211,1272393,86696,4240964,115699,16748622,94012,20989586,
All CA Counties,2021-05-23,86486,36362673,60168,19731502,23628,15356088,2690,1275083,37863,4233688,48208,16796830,40932,21030518,
All CA Counties,2021-05-24,167095,36529768,96913,19828415,61902,15417990,8280,1283363,63135,4202783,103160,16899990,72255,21102773,
All CA Counties,2021-05-25,188921,36718689,111063,19939478,69872,15487862,7986,1291349,72469,4168926,115435,17015425,81578,21184351,
All CA Counties,2021-05-26,183952,36902641,105986,20045464,70137,15557999,7829,1299178,72785,4140175,110079,17125504,81328,21265679,
All CA Counties,2021-05-27,171659,37074300,98268,20143732,64907,15622906,8484,1307662,70393,4119689,100429,17225933,79943,21345622,
All CA Counties,2021-05-28,187863,37262163,108562,20252294,72224,15695130,7077,1314739,81903,4104758,105023,17330956,90092,21435714,
All CA Counties,2021-05-29,106310,37368473,65332,20317626,37202,15732332,3776,1318515,50982,4105216,54798,17385754,55256,21490970,
All CA Counties,2021-05-30,46756,37415229,30856,20348482,13451,15745783,2449,1320964,20950,4103290,25572,17411326,23646,21514616,
All CA Counties,2021-05-31,19706,37434935,11614,20360096,7121,15752904,971,1321935,6460,4097742,13101,17424427,7553,21522169,
All CA Counties,2021-06-01,167528,37602463,97890,20457986,62625,15815529,7013,1328948,62142,4063363,104423,17528850,70044,21592213,
All CA Counties,2021-06-02,141963,37744426,83990,20541976,50905,15866434,7068,1336016,54967,4039946,86112,17614962,62695,21654908,
All CA Counties,2021-06-03,170086,37914512,116434,20658410,46658,15913092,6994,1343010,53784,3986247,115478,17730440,61779,21716687,
All CA Counties,2021-06-04,198196,38112708,139781,20798191,52301,15965393,6114,1349124,61643,3920296,135530,17865970,69579,21786266,
All CA Counties,2021-06-05,156020,38268728,117819,20916010,32651,15998044,5550,1354674,44845,3861208,110406,17976376,51318,21837584,
All CA Counties,2021-06-06,63310,38332038,53335,20969345,7772,16005816,2203,1356877,18621,3838430,44404,18020780,21626,21859210,
All CA Counties,2021-06-07,135806,38467844,99766,21069111,30190,16036006,5850,1362727,40985,3791726,94230,18115010,47526,21906736,
All CA Counties,2021-06-08,157268,38625112,114310,21183421,36244,16072250,6714,1369441,47748,3738564,108646,18223656,55484,21962220,
All CA Counties,2021-06-09,151234,38776346,110119,21293540,34401,16106651,6714,1376155,42156,3680042,108298,18331954,49776,22011996,
All CA Counties,2021-06-10,145808,38922154,105122,21398662,33463,16140114,7223,1383378,43161,3629514,101943,18433897,51415,22063411,
All CA Counties,2021-06-11,158043,39080197,111163,21509825,40223,16180337,6657,1390035,49447,3578779,107720,18541617,56985,22120396,
All CA Counties,2021-06-12,114033,39194230,86449,21596274,23904,16204241,3680,1393715,32800,3535213,80696,18622313,37130,22157526,
All CA Counties,2021-06-13,44335,39238565,33016,21629290,9283,16213524,2036,1395751,11444,3516426,32658,18654971,13871,22171397,
All CA Counties,2021-06-14,114560,39353125,81504,21710794,26335,16239859,6721,1402472,39159,3488090,74815,18729786,46479,22217876,
All CA Counties,2021-06-15,131048,39484173,88600,21799394,33740,16273599,8708,1411180,44085,3455625,86139,18815925,53674,22271550,
All CA Counties,2021-06-16,119695,39603868,84371,21883765,27752,16301351,7572,1418752,41448,3427854,77519,18893444,49748,22321298,
All CA Counties,2021-06-17,112041,39715909,78059,21961824,26628,16327979,7354,1426106,39852,3404202,71468,18964912,47816,22369114,
All CA Counties,2021-06-18,125939,39841848,87578,22049402,31388,16359367,6973,1433079,45423,3377686,79659,19044571,53143,22422257,
All CA Counties,2021-06-19,74953,39916801,54735,22104137,16529,16375896,3689,1436768,28101,3363737,46240,19090811,32291,22454548,
All CA Counties,2021-06-20,30522,39947323,22982,22127119,6198,16382094,1342,1438110,11536,3358049,18777,19109588,13089,22467637,
All CA Counties,2021-06-21,69535,40016858,43792,22170911,20214,16402308,5529,1443639,35929,3366784,33236,19142824,41971,22509608,
All CA Counties,2021-06-22,96770,40113628,67972,22238883,23603,16425911,5195,1448834,37924,3352252,58287,19201111,43755,22553363,
All CA Counties,2021-06-23,47478,40161106,33237,22272120,10226,16436137,4015,1452849,17802,3344950,29406,19230517,22104,22575467,
All CA and Non-CA Counties,2020-12-15,1162,1162,1162,1162,0,0,0,0,1162,1162,0,0,1162,1162,
All CA and Non-CA Counties,2020-12-16,8727,9889,8727,9889,0,0,0,0,8727,9889,0,0,8727,9889,
All CA and Non-CA Counties,2020-12-17,28119,38008,28119,38008,0,0,0,0,28119,38008,0,0,28119,38008,
All CA and Non-CA Counties,2020-12-18,47755,85763,47690,85698,65,65,0,0,47754,85761,1,1,47754,85762,
All CA and Non-CA Counties,2020-12-19,26529,112292,26502,112200,27,92,0,0,26528,112288,1,2,26528,112290,
All CA and Non-CA Counties,2020-12-20,19793,132085,19761,131961,32,124,0,0,19792,132079,1,3,19792,132082,
All CA and Non-CA Counties,2020-12-21,51952,184037,51857,183818,95,219,0,0,51949,184026,3,6,51950,184032,
All CA and Non-CA Counties,2020-12-22,52227,236264,50014,233832,2213,2432,0,0,52221,236243,4,10,52221,236253,
All CA and Non-CA Counties,2020-12-23,52254,288518,43296,277128,8958,11390,0,0,52248,288489,5,15,52251,288504,
All CA and Non-CA Counties,2020-12-24,24905,313423,16962,294090,7943,19333,0,0,24900,313386,5,20,24902,313406,
All CA and Non-CA Counties,2020-12-25,2383,315806,2053,296143,330,19663,0,0,2383,315769,0,20,2383,315789,
All CA and Non-CA Counties,2020-12-26,14934,330740,9677,305820,5257,24920,0,0,14932,330699,2,22,14932,330721,
All CA and Non-CA Counties,2020-12-27,9653,340393,5677,311497,3976,28896,0,0,9650,340346,3,25,9650,340371,
All CA and Non-CA Counties,2020-12-28,47505,387898,30423,341920,17082,45978,0,0,47501,387844,3,28,47501,387872,
All CA and Non-CA Counties,2020-12-29,52867,440765,29618,371538,23249,69227,0,0,52862,440702,4,32,52862,440734,
All CA and Non-CA Counties,2020-12-30,65061,505826,36920,408458,28141,97368,0,0,65049,505745,9,41,65052,505786,
All CA and Non-CA Counties,2020-12-31,30671,536497,11527,419985,19144,116512,0,0,30649,536376,19,60,30650,536436,
All CA and Non-CA Counties,2021-01-01,4674,541171,2086,422071,2588,119100,0,0,4666,541035,7,67,4666,541102,
All CA and Non-CA Counties,2021-01-02,18771,559942,10384,432455,8387,127487,0,0,18767,559800,2,69,18767,559869,
All CA and Non-CA Counties,2021-01-03,6373,566315,3602,436057,2771,130258,0,0,6339,566126,13,82,6339,566208,
All CA and Non-CA Counties,2021-01-04,44757,611072,22521,458578,22236,152494,0,0,44671,610755,42,124,44671,610879,
All CA and Non-CA Counties,2021-01-05,58253,669325,30712,489290,27541,180035,0,0,52407,657474,5783,5907,52502,663381,
All CA and Non-CA Counties,2021-01-06,76241,745566,42174,531464,34067,214102,0,0,59798,701050,16260,22167,59836,723217,
All CA and Non-CA Counties,2021-01-07,96701,842267,55243,586707,41458,255560,0,0,63535,731653,32990,55157,63593,786810,
All CA and Non-CA Counties,2021-01-08,111480,953747,67160,653867,44320,299880,0,0,67844,756081,43487,98644,67915,854725,
All CA and Non-CA Counties,2021-01-09,45784,999531,26111,679978,19673,319553,0,0,28832,768017,16925,115569,28861,883586,
All CA and Non-CA Counties,2021-01-10,24676,1024207,15070,695048,9606,329159,0,0,13297,769971,11362,126931,13316,896902,
All CA and Non-CA Counties,2021-01-11,108022,1132229,71689,766737,36333,365492,0,0,62720,787608,45256,172187,62893,959795,
All CA and Non-CA Counties,2021-01-12,117889,1250118,69886,836623,48003,413495,0,0,74779,819627,43002,215189,75021,1034816,
All CA and Non-CA Counties,2021-01-13,123231,1373349,63855,900478,59376,472871,0,0,88039,872651,35103,250292,88127,1122943,
All CA and Non-CA Counties,2021-01-14,127932,1501281,51103,951581,76829,549700,0,0,107529,960067,20285,270577,107701,1230644,
All CA and Non-CA Counties,2021-01-15,146617,1647898,53078,1004659,93539,643239,0,0,130879,1075538,15627,286204,131098,1361742,
All CA and Non-CA Counties,2021-01-16,83416,1731314,27848,1032507,55568,698807,0,0,75614,1143432,7772,293976,75666,1437408,
All CA and Non-CA Counties,2021-01-17,48826,1780140,17054,1049561,31772,730579,0,0,45098,1184858,3718,297694,45144,1482552,
All CA and Non-CA Counties,2021-01-18,89611,1869751,46946,1096507,42665,773244,0,0,69782,1235060,19753,317447,69955,1552507,
All CA and Non-CA Counties,2021-01-19,146488,2016239,75158,1171665,71330,844574,0,0,114292,1317588,32099,349546,114627,1667134,
All CA and Non-CA Counties,2021-01-20,165762,2182001,83748,1255413,82014,926588,0,0,130958,1414240,34573,384119,131225,1798359,
All CA and Non-CA Counties,2021-01-21,178677,2360678,78456,1333869,100221,1026809,0,0,158844,1553858,19593,403712,159211,1957570,
All CA and Non-CA Counties,2021-01-22,175148,2535826,70638,1404507,104510,1131319,0,0,160316,1699645,14685,418397,160472,2118042,
All CA and Non-CA Counties,2021-01-23,114033,2649859,49906,1454413,64127,1195446,0,0,101268,1788325,12705,431102,101385,2219427,
All CA and Non-CA Counties,2021-01-24,61555,2711414,29637,1484050,31918,1227364,0,0,56778,1840422,4746,435848,56843,2276270,
All CA and Non-CA Counties,2021-01-25,150065,2861479,67416,1551466,82649,1310013,0,0,113877,1918625,36047,471895,114250,2390520,
All CA and Non-CA Counties,2021-01-26,175538,3037017,86094,1637560,89444,1399457,0,0,136901,2017303,38499,510394,137177,2527697,
All CA and Non-CA Counties,2021-01-27,188231,3225248,90665,1728225,97566,1497023,0,0,147856,2125342,40032,550426,148071,2675768,
All CA and Non-CA Counties,2021-01-28,193925,3419173,89837,1818062,104088,1601111,0,0,158895,2249735,34725,585151,159118,2834886,
All CA and Non-CA Counties,2021-01-29,189398,3608571,91667,1909729,97731,1698842,0,0,153623,2368358,35180,620331,153803,2988689,
All CA and Non-CA Counties,2021-01-30,128395,3736966,58192,1967921,70203,1769045,0,0,112663,2465607,15561,635892,112810,3101499,
All CA and Non-CA Counties,2021-01-31,72239,3809205,41275,2009196,30964,1800009,0,0,67236,2527948,4952,640844,67293,3168792,
All CA and Non-CA Counties,2021-02-01,167748,3976953,78305,2087501,89443,1889452,0,0,126016,2612545,41546,682390,126143,3294935,
All CA and Non-CA Counties,2021-02-02,192843,4169796,80456,2167957,112387,2001839,0,0,147363,2714951,45178,727568,147584,3442519,
All CA and Non-CA Counties,2021-02-03,219311,4389107,98058,2266015,121253,2123092,0,0,163756,2823919,55042,782610,164010,3606529,
All CA and Non-CA Counties,2021-02-04,235469,4624576,102265,2368280,133204,2256296,0,0,173527,2936424,61386,843996,173891,3780420,
All CA and Non-CA Counties,2021-02-05,253701,4878277,108918,2477198,144783,2401079,0,0,173386,3030870,79484,923480,173930,3954350,
All CA and Non-CA Counties,2021-02-06,159450,5037727,77137,2554335,82313,2483392,0,0,124076,3120251,35193,958673,124574,4078924,
All CA and Non-CA Counties,2021-02-07,69200,5106927,45131,2599466,24069,2507461,0,0,52631,3156849,16486,975159,53084,4132008,
All CA and Non-CA Counties,2021-02-08,186688,5293615,92570,2692036,94118,2601579,0,0,123818,3219004,62413,1037572,124568,4256576,
All CA and Non-CA Counties,2021-02-09,215929,5509544,104202,2796238,111727,2713306,0,0,129738,3264191,85718,1123290,130905,4387481,
All CA and Non-CA Counties,2021-02-10,255049,5764593,121986,2918224,133063,2846369,0,0,141500,3294510,112701,1235991,143020,4530501,
All CA and Non-CA Counties,2021-02-11,271289,6035882,134052,3052276,137237,2983606,0,0,148884,3323981,121232,1357223,150703,4681204,
All CA and Non-CA Counties,2021-02-12,278764,6314646,121802,3174078,156962,3140568,0,0,150845,3350211,126999,1484222,153229,4834433,
All CA and Non-CA Counties,2021-02-13,169549,6484195,78301,3252379,91248,3231816,0,0,93986,3370989,75171,1559393,95949,4930382,
All CA and Non-CA Counties,2021-02-14,97097,6581292,48095,3300474,49002,3280818,0,0,52835,3381293,44079,1603472,54383,4984765,
All CA and Non-CA Counties,2021-02-15,145292,6726584,64117,3364591,81175,3361993,0,0,80112,3399759,64777,1668249,83243,5068008,
All CA and Non-CA Counties,2021-02-16,255979,6982563,121262,3485853,134717,3496710,0,0,135940,3419169,119635,1787884,139045,5207053,
All CA and Non-CA Counties,2021-02-17,265427,7247990,132035,3617888,133392,3630102,0,0,130897,3419329,133952,1921836,134112,5341165,
All CA and Non-CA Counties,2021-02-18,279960,7527950,146224,3764112,133736,3763838,0,0,134191,3412741,145009,2066845,138421,5479586,
All CA and Non-CA Counties,2021-02-19,259670,7787620,151143,3915255,108527,3872365,0,0,133231,3422142,125908,2192753,135309,5614895,
All CA and Non-CA Counties,2021-02-20,157366,7944986,101295,4016550,56071,3928436,0,0,85978,3438999,71102,2263855,87959,5702854,
All CA and Non-CA Counties,2021-02-21,85655,8030641,71166,4087716,14489,3942925,0,0,42569,3440298,42813,2306668,44112,5746966,
All CA and Non-CA Counties,2021-02-22,168810,8199451,113199,4200915,55611,3998536,0,0,84402,3442351,84064,2390732,86117,5833083,
All CA and Non-CA Counties,2021-02-23,233028,8432479,123380,4324295,109648,4108184,0,0,108013,3431997,124374,2515106,114020,5947103,
All CA and Non-CA Counties,2021-02-24,290863,8723342,147372,4471667,143491,4251675,0,0,137494,3424329,152714,2667820,145046,6092149,
All CA and Non-CA Counties,2021-02-25,330227,9053569,162937,4634604,167290,4418965,0,0,172420,3448256,157056,2824876,180983,6273132,
All CA and Non-CA Counties,2021-02-26,364860,9418429,170515,4805119,194345,4613310,0,0,202457,3496634,161362,2986238,209740,6482872,
All CA and Non-CA Counties,2021-02-27,259364,9677793,126296,4931415,133043,4746353,25,25,146157,3534691,112546,3098784,150603,6633475,
All CA and Non-CA Counties,2021-02-28,137750,9815543,82858,5014273,54879,4801232,13,38,80408,3561081,56876,3155660,83266,6716741,
All CA and Non-CA Counties,2021-03-01,250244,10065787,133662,5147935,116448,4917680,134,172,142649,3601132,106746,3262406,146797,6863538,
All CA and Non-CA Counties,2021-03-02,297283,10363070,149231,5297166,148022,5065702,30,202,177338,3666008,119375,3381781,184251,7047789,
All CA and Non-CA Counties,2021-03-03,343844,10706914,170411,5467577,173365,5239067,68,270,196817,3723916,146279,3528060,204187,7251976,
All CA and Non-CA Counties,2021-03-04,360378,11067292,181662,5649239,178612,5417679,104,374,210165,3791806,149413,3677473,217303,7469279,
All CA and Non-CA Counties,2021-03-05,346338,11413630,170310,5819549,174883,5592562,1145,1519,214968,3884665,130514,3807987,223373,7692652,
All CA and Non-CA Counties,2021-03-06,264697,11678327,135663,5955212,121019,5713581,8015,9534,164100,3961326,100158,3908145,176819,7869471,
All CA and Non-CA Counties,2021-03-07,129727,11808054,79704,6034916,45792,5759373,4231,13765,81278,4002259,48249,3956394,89182,7958653,
All CA and Non-CA Counties,2021-03-08,224520,12032574,110114,6145030,103656,5863029,10750,24515,147334,4088572,76730,4033124,163043,8121696,
All CA and Non-CA Counties,2021-03-09,298040,12330614,142657,6287687,139133,6002162,16250,40765,167127,4145586,130396,4163520,187410,8309106,
All CA and Non-CA Counties,2021-03-10,328872,12659486,163840,6451527,140020,6142182,25012,65777,178238,4203064,149916,4313436,207394,8516500,
All CA and Non-CA Counties,2021-03-11,384538,13044024,186231,6637758,164271,6306453,34036,99813,197427,4252602,186106,4499542,235644,8752144,
All CA and Non-CA Counties,2021-03-12,403911,13447935,181593,6819351,175254,6481707,47064,146877,198302,4297377,204731,4704273,249506,9001650,
All CA and Non-CA Counties,2021-03-13,288526,13736461,127564,6946915,129316,6611023,31646,178523,156265,4357731,131788,4836061,192142,9193792,
All CA and Non-CA Counties,2021-03-14,156978,13893439,84358,7031273,57171,6668194,15449,193972,79622,4378005,77048,4913109,97322,9291114,
All CA and Non-CA Counties,2021-03-15,295952,14189391,141810,7173083,133036,6801230,21106,215078,160967,4429267,134184,5047293,185446,9476560,
All CA and Non-CA Counties,2021-03-16,379377,14568768,179143,7352226,182445,6983675,17789,232867,219820,4511284,158775,5206068,240792,9717352,
All CA and Non-CA Counties,2021-03-17,394842,14963610,197102,7549328,178710,7162385,19030,251897,244498,4627852,149450,5355518,266018,9983370,
All CA and Non-CA Counties,2021-03-18,412431,15376041,212268,7761596,181291,7343676,18872,270769,244535,4726565,166741,5522259,265454,10248824,
All CA and Non-CA Counties,2021-03-19,420128,15796169,221682,7983278,176229,7519905,22217,292986,243972,4819574,175140,5697399,268149,10516973,
All CA and Non-CA Counties,2021-03-20,300427,16096596,158771,8142049,125650,7645555,16006,308992,190268,4917864,109424,5806823,207714,10724687,
All CA and Non-CA Counties,2021-03-21,146407,16243003,101311,8243360,37469,7683024,7627,316619,90312,4961462,55686,5862509,99284,10823971,
All CA and Non-CA Counties,2021-03-22,277848,16520851,161750,8405110,104771,7787795,11327,327946,180792,5060350,96221,5958730,195109,11019080,
All CA and Non-CA Counties,2021-03-23,365849,16886700,201541,8606651,152906,7940701,11402,339348,225042,5159520,139837,6098567,239007,11258087,
All CA and Non-CA Counties,2021-03-24,396386,17283086,226424,8833075,156973,8097674,12989,352337,230861,5241223,164225,6262792,245928,11504015,
All CA and Non-CA Counties,2021-03-25,427803,17710889,235023,9068098,177350,8275024,15430,367767,243419,5319213,183000,6445792,260990,11765005,
All CA and Non-CA Counties,2021-03-26,443014,18153903,236828,9304926,189883,8464907,16303,384070,239872,5376375,201839,6647631,259001,12024006,
All CA and Non-CA Counties,2021-03-27,319273,18473176,169982,9474908,137272,8602179,12019,396089,161169,5394582,157218,6804849,175425,12199431,
All CA and Non-CA Counties,2021-03-28,172609,18645785,110793,9585701,58065,8660244,3751,399840,90715,5409548,81413,6886262,96379,12295810,
All CA and Non-CA Counties,2021-03-29,316677,18962462,169824,9755525,137452,8797696,9401,409241,176151,5457888,139703,7025965,188043,12483853,
All CA and Non-CA Counties,2021-03-30,406844,19369306,206139,9961664,181879,8979575,18826,428067,228800,5530083,177191,7203156,249386,12733239,
All CA and Non-CA Counties,2021-03-31,434030,19803336,236241,10197905,175247,9154822,22542,450609,241146,5603004,191766,7394922,264687,12997926,
All CA and Non-CA Counties,2021-04-01,501482,20304818,257391,10455296,202998,9357820,41093,491702,276291,5697791,223688,7618610,318475,13316401,
All CA and Non-CA Counties,2021-04-02,483890,20788708,236324,10691620,203157,9560977,44409,536111,262306,5785813,220283,7838893,308305,13624706,
All CA and Non-CA Counties,2021-04-03,336813,21125521,172272,10863892,121834,9682811,42707,578818,168000,5829505,168110,8007003,211802,13836508,
All CA and Non-CA Counties,2021-04-04,134442,21259963,70075,10933967,45049,9727860,19318,598136,59038,5832916,75068,8082071,78479,13914987,
All CA and Non-CA Counties,2021-04-05,358515,21618478,184594,11118561,133369,9861229,40552,638688,176217,5870542,181547,8263618,219173,14134160,
All CA and Non-CA Counties,2021-04-06,466205,22084683,236485,11355046,162428,10023657,67292,705980,225410,5925310,239788,8503406,294556,14428716,
All CA and Non-CA Counties,2021-04-07,482251,22566934,250930,11605976,159478,10183135,71843,777823,233793,5984448,247438,8750844,306576,14735292,
All CA and Non-CA Counties,2021-04-08,509759,23076693,257415,11863391,165781,10348916,86563,864386,239199,6043071,269288,9020132,327911,15063203,
All CA and Non-CA Counties,2021-04-09,504469,23581162,251687,12115078,170716,10519632,82066,946452,231687,6088162,271626,9291758,316717,15379920,
All CA and Non-CA Counties,2021-04-10,374561,23955723,171676,12286754,126594,10646226,76291,1022743,156213,6105733,217542,9509300,235113,15615033,
All CA and Non-CA Counties,2021-04-11,190980,24146703,107257,12394011,48986,10695212,34737,1057480,79094,6110862,111509,9620809,116638,15731671,
All CA and Non-CA Counties,2021-04-12,345979,24492682,177998,12572009,129115,10824327,38866,1096346,160073,6128474,184852,9805661,202464,15934135,
All CA and Non-CA Counties,2021-04-13,440919,24933601,247296,12819305,192633,11016960,990,1097336,246213,6185063,193618,9999279,250207,16184342,
All CA and Non-CA Counties,2021-04-14,460833,25394434,258876,13078181,201659,11218619,298,1097634,240386,6211103,219166,10218445,245206,16429548,
All CA and Non-CA Counties,2021-04-15,502079,25896513,292877,13371058,208900,11427519,302,1097936,281038,6275869,219418,10437863,284184,16713732,
All CA and Non-CA Counties,2021-04-16,486481,26382994,273843,13644901,212319,11639838,319,1098255,259730,6313040,225322,10663185,262493,16976225,
All CA and Non-CA Counties,2021-04-17,350880,26733874,197152,13842053,153662,11793500,66,1098321,199873,6366115,150038,10813223,203113,17179338,
All CA and Non-CA Counties,2021-04-18,158268,26892142,100406,13942459,57843,11851343,19,1098340,81514,6374373,76294,10889517,84552,17263890,
All CA and Non-CA Counties,2021-04-19,325975,27218117,186921,14129380,138954,11990297,100,1098440,154696,6360763,170264,11059781,156654,17420544,
All CA and Non-CA Counties,2021-04-20,415834,27633951,220739,14350119,195014,12185311,81,1098521,206305,6361858,208373,11268154,209468,17630012,
All CA and Non-CA Counties,2021-04-21,430815,28064766,242469,14592588,188070,12373381,276,1098797,206690,6349482,222501,11490655,210125,17840137,
All CA and Non-CA Counties,2021-04-22,454707,28519473,258524,14851112,196103,12569484,80,1098877,202352,6304300,250854,11741509,205672,18045809,
All CA and Non-CA Counties,2021-04-23,445987,28965460,253075,15104187,192820,12762304,92,1098969,201976,6267231,242517,11984026,205448,18251257,
All CA and Non-CA Counties,2021-04-24,330340,29295800,208073,15312260,122083,12884387,184,1099153,167259,6275893,162086,12146112,170748,18422005,
All CA and Non-CA Counties,2021-04-25,152026,29447826,99979,15412239,51972,12936359,75,1099228,81725,6289321,69811,12215923,83239,18505244,
All CA and Non-CA Counties,2021-04-26,304958,29752784,175389,15587628,128003,13064362,1566,1100794,133419,6258306,170484,12386407,139469,18644713,
All CA and Non-CA Counties,2021-04-27,374932,30127716,205505,15793133,162418,13226780,7009,1107803,150986,6196735,222732,12609139,161161,18805874,
All CA and Non-CA Counties,2021-04-28,358094,30485810,203959,15997092,145814,13372594,8321,1116124,147521,6145515,209392,12818531,158172,18964046,
All CA and Non-CA Counties,2021-04-29,367646,30853456,210718,16207810,148558,13521152,8370,1124494,135006,6059373,231379,13049910,145237,19109283,
All CA and Non-CA Counties,2021-04-30,380706,31234162,217201,16425011,154134,13675286,9371,1133865,144356,5980099,234988,13284898,155714,19264997,
All CA and Non-CA Counties,2021-05-01,251237,31485399,160419,16585430,84328,13759614,6490,1140355,91283,5921119,159044,13443942,100064,19365061,
All CA and Non-CA Counties,2021-05-02,118853,31604252,82857,16668287,31990,13791604,4006,1144361,41765,5890613,76663,13520605,46157,19411218,
All CA and Non-CA Counties,2021-05-03,256732,31860984,157391,16825678,90292,13881896,9049,1153410,78644,5802015,177188,13697793,88590,19499808,
All CA and Non-CA Counties,2021-05-04,331524,32192508,201473,17027151,119806,14001702,10245,1163655,98637,5680303,231782,13929575,110070,19609878,
All CA and Non-CA Counties,2021-05-05,335912,32528420,208144,17235295,117334,14119036,10434,1174089,95499,5548095,239138,14168713,106930,19716808,
All CA and Non-CA Counties,2021-05-06,354025,32882445,230502,17465797,112633,14231669,10890,1184979,90152,5389439,262188,14430901,103532,19820340,
All CA and Non-CA Counties,2021-05-07,353812,33236257,221086,17686883,122461,14354130,10265,1195244,96563,5241708,255816,14686717,108085,19928425,
All CA and Non-CA Counties,2021-05-08,229022,33465279,145118,17832001,76770,14430900,7134,1202378,62856,5147989,165184,14851901,71465,19999890,
All CA and Non-CA Counties,2021-05-09,94726,33560005,71272,17903273,20356,14451256,3098,1205476,25926,5109008,68457,14920358,29476,20029366,
All CA and Non-CA Counties,2021-05-10,205102,33765107,116444,18019717,80485,14531741,8173,1213649,51462,5017156,152794,15073152,60942,20090308,
All CA and Non-CA Counties,2021-05-11,269290,34034397,150671,18170388,109705,14641446,8914,1222563,71931,4903334,196400,15269552,82578,20172886,
All CA and Non-CA Counties,2021-05-12,271671,34306068,157456,18327844,104776,14746222,9439,1232002,77113,4797562,193484,15463036,87712,20260598,
All CA and Non-CA Counties,2021-05-13,315325,34621393,202590,18530434,105135,14851357,7600,1239602,120158,4733959,194012,15657048,130409,20391007,
All CA and Non-CA Counties,2021-05-14,338344,34959737,216085,18746519,113177,14964534,9082,1248684,133619,4675279,203466,15860514,144786,20535793,
All CA and Non-CA Counties,2021-05-15,279172,35238909,194389,18940908,78681,15043215,6102,1254786,114559,4633181,163728,16024242,121630,20657423,
All CA and Non-CA Counties,2021-05-16,137920,35376829,105602,19046510,29320,15072535,2998,1257784,55888,4610898,81573,16105815,59290,20716713,
All CA and Non-CA Counties,2021-05-17,241732,35618561,158576,19205086,75513,15148048,7643,1265427,97145,4572856,143689,16249504,105647,20822360,
All CA and Non-CA Counties,2021-05-18,282898,35901459,171926,19377012,103259,15251307,7713,1273140,111815,4523831,169951,16419455,120926,20943286,
All CA and Non-CA Counties,2021-05-19,277536,36178995,173134,19550146,96589,15347896,7813,1280953,116507,4489292,159972,16579427,125433,21068719,
All CA and Non-CA Counties,2021-05-20,264355,36443350,157650,19707796,98342,15446238,8363,1289316,103266,4442490,159946,16739373,113144,21181863,
All CA and Non-CA Counties,2021-05-21,284430,36727780,174873,19882669,101356,15547594,8201,1297517,110300,4389331,172865,16912238,119706,21301569,
All CA and Non-CA Counties,2021-05-22,205996,36933776,136416,20019085,63165,15610759,6415,1303932,88215,4368080,116987,17029225,95736,21397305,
All CA and Non-CA Counties,2021-05-23,88018,37021794,61164,20080249,24086,15634845,2768,1306700,38627,4360880,48975,17078200,41775,21439080,
All CA and Non-CA Counties,2021-05-24,169450,37191244,98016,20178265,62806,15697651,8628,1315328,64153,4330013,104488,17182688,73621,21512701,
All CA and Non-CA Counties,2021-05-25,191293,37382537,112164,20290429,70806,15768457,8323,1323651,73477,4296144,116790,17299478,82921,21595622,
All CA and Non-CA Counties,2021-05-26,186342,37568879,107088,20397517,71069,15839526,8185,1331836,73789,4267376,111457,17410935,82689,21678311,
All CA and Non-CA Counties,2021-05-27,173841,37742720,99354,20496871,65714,15905240,8773,1340609,71388,4246992,101609,17512544,81225,21759536,
All CA and Non-CA Counties,2021-05-28,190289,37933009,109782,20606653,73076,15978316,7431,1348040,82998,4232187,106347,17618891,91542,21851078,
All CA and Non-CA Counties,2021-05-29,107981,38040990,66169,20672822,37681,16015997,4131,1352171,51701,4232771,55746,17674637,56330,21907408,
All CA and Non-CA Counties,2021-05-30,47676,38088666,31419,20704241,13683,16029680,2574,1354745,21411,4230976,26027,17700664,24232,21931640,
All CA and Non-CA Counties,2021-05-31,20129,38108795,11799,20716040,7319,16036999,1011,1355756,6639,4225415,13333,17713997,7772,21939412,
All CA and Non-CA Counties,2021-06-01,169690,38278485,99028,20815068,63342,16100341,7320,1363076,63195,4191292,105528,17819525,71405,22010817,
All CA and Non-CA Counties,2021-06-02,144052,38422537,85064,20900132,51573,16151914,7415,1370491,55965,4168140,87192,17906717,64040,22074857,
All CA and Non-CA Counties,2021-06-03,172258,38594795,117640,21017772,47312,16199226,7306,1377797,54792,4114603,116635,18023352,63098,22137955,
All CA and Non-CA Counties,2021-06-04,200768,38795563,141222,21158994,53115,16252341,6431,1384228,62779,4048674,136960,18160312,71031,22208986,
All CA and Non-CA Counties,2021-06-05,157773,38953336,119050,21278044,33011,16285352,5712,1389940,45670,3989650,111330,18271642,52306,22261292,
All CA and Non-CA Counties,2021-06-06,64268,39017604,54055,21332099,7926,16293278,2287,1392227,19087,3966931,44895,18316537,22176,22283468,
All CA and Non-CA Counties,2021-06-07,137744,39155348,100814,21432913,30748,16324026,6182,1398409,41809,3920270,95343,18411880,48682,22332150,
All CA and Non-CA Counties,2021-06-08,159348,39314696,115501,21548414,36788,16360814,7059,1405468,48556,3866994,109912,18521792,56636,22388786,
All CA and Non-CA Counties,2021-06-09,153218,39467914,111312,21659726,34908,16395722,6998,1412466,42980,3808425,109452,18631244,50883,22439669,
All CA and Non-CA Counties,2021-06-10,147752,39615666,106251,21765977,33971,16429693,7530,1419996,43995,3757934,103048,18734292,52557,22492226,
All CA and Non-CA Counties,2021-06-11,160212,39775878,112414,21878391,40813,16470506,6985,1426981,50382,3707236,108947,18843239,58249,22550475,
All CA and Non-CA Counties,2021-06-12,115620,39891498,87628,21966019,24187,16494693,3805,1430786,33430,3663474,81649,18924888,37887,22588362,
All CA and Non-CA Counties,2021-06-13,45279,39936777,33659,21999678,9485,16504178,2135,1432921,11859,3644676,33183,18958071,14385,22602747,
All CA and Non-CA Counties,2021-06-14,116302,40053079,82481,22082159,26805,16530983,7016,1439937,39904,3616387,75806,19033877,47517,22650264,
All CA and Non-CA Counties,2021-06-15,132775,40185854,89555,22171714,34244,16565227,8976,1448913,44858,3584015,87087,19120964,54715,22704979,
All CA and Non-CA Counties,2021-06-16,121346,40307200,85349,22257063,28207,16593434,7790,1456703,42252,3556427,78358,19199322,50770,22755749,
All CA and Non-CA Counties,2021-06-17,113846,40421046,79064,22336127,27096,16620530,7686,1464389,40673,3532947,72449,19271771,48969,22804718,
All CA and Non-CA Counties,2021-06-18,127864,40548910,88629,22424756,31818,16652348,7417,1471806,46250,3506609,80751,19352522,54413,22859131,
All CA and Non-CA Counties,2021-06-19,75997,40624907,55429,22480185,16787,16669135,3781,1475587,28643,3492795,46738,19399260,32924,22892055,
All CA and Non-CA Counties,2021-06-20,31302,40656209,23548,22503733,6364,16675499,1390,1476977,12002,3487310,19088,19418348,13603,22905658,
All CA and Non-CA Counties,2021-06-21,70794,40727003,44426,22548159,20539,16696038,5829,1482806,36621,3496476,33797,19452145,42963,22948621,
All CA and Non-CA Counties,2021-06-22,98358,40825361,68990,22617149,23950,16719988,5418,1488224,38796,3482328,58998,19511143,44850,22993471,
All CA and Non-CA Counties,2021-06-23,48451,40873812,33657,22650806,10482,16730470,4312,1492536,18195,3475138,29981,19541124,22791,23016262,
Outside California,2020-12-15,9,9,9,9,0,0,0,0,9,9,0,0,9,9,Not in California
Outside California,2020-12-16,273,282,273,282,0,0,0,0,273,282,0,0,273,282,Not in California
Outside California,2020-12-17,1606,1888,1606,1888,0,0,0,0,1606,1888,0,0,1606,1888,Not in California
Outside California,2020-12-18,2534,4422,2527,4415,7,7,0,0,2534,4422,0,0,2534,4422,Not in California
Outside California,2020-12-19,1036,5458,1035,5450,1,8,0,0,1036,5458,0,0,1036,5458,Not in California
Outside California,2020-12-20,677,6135,674,6124,3,11,0,0,677,6135,0,0,677,6135,Not in California
Outside California,2020-12-21,2175,8310,2172,8296,3,14,0,0,2175,8310,0,0,2175,8310,Not in California
Outside California,2020-12-22,2063,10373,1988,10284,75,89,0,0,2063,10373,0,0,2063,10373,Not in California
Outside California,2020-12-23,1529,11902,1386,11670,143,232,0,0,1528,11900,1,1,1528,11901,Not in California
Outside California,2020-12-24,802,12704,611,12281,191,423,0,0,802,12702,0,1,802,12703,Not in California
Outside California,2020-12-25,33,12737,28,12309,5,428,0,0,33,12735,0,1,33,12736,Not in California
Outside California,2020-12-26,307,13044,207,12516,100,528,0,0,307,13042,0,1,307,13043,Not in California
Outside California,2020-12-27,189,13233,72,12588,117,645,0,0,189,13231,0,1,189,13232,Not in California
Outside California,2020-12-28,1407,14640,898,13486,509,1154,0,0,1407,14638,0,1,1407,14639,Not in California
Outside California,2020-12-29,1540,16180,1018,14504,522,1676,0,0,1540,16178,0,1,1540,16179,Not in California
Outside California,2020-12-30,1878,18058,1224,15728,654,2330,0,0,1878,18056,0,1,1878,18057,Not in California
Outside California,2020-12-31,1100,19158,597,16325,503,2833,0,0,1099,19154,1,2,1099,19156,Not in California
Outside California,2021-01-01,115,19273,26,16351,89,2922,0,0,115,19269,0,2,115,19271,Not in California
Outside California,2021-01-02,246,19519,134,16485,112,3034,0,0,245,19513,1,3,245,19516,Not in California
Outside California,2021-01-03,172,19691,93,16578,79,3113,0,0,172,19685,0,3,172,19688,Not in California
Outside California,2021-01-04,1138,20829,506,17084,632,3745,0,0,1133,20817,1,4,1133,20821,Not in California
Outside California,2021-01-05,1546,22375,818,17902,728,4473,0,0,1352,21978,192,196,1353,22174,Not in California
Outside California,2021-01-06,2667,25042,1579,19481,1088,5561,0,0,1935,23184,729,925,1935,24109,Not in California
Outside California,2021-01-07,4126,29168,2534,22015,1592,7153,0,0,2470,24002,1654,2579,2472,26581,Not in California
Outside California,2021-01-08,4477,33645,2904,24919,1573,8726,0,0,2610,24758,1857,4436,2613,29194,Not in California
Outside California,2021-01-09,1308,34953,532,25451,776,9502,0,0,980,25413,327,4763,982,30176,Not in California
Outside California,2021-01-10,309,35262,187,25638,122,9624,0,0,186,25476,123,4886,186,30362,Not in California
Outside California,2021-01-11,3261,38523,1994,27632,1267,10891,0,0,1933,26081,1328,6214,1933,32295,Not in California
Outside California,2021-01-12,3835,42358,2293,29925,1542,12433,0,0,2295,26843,1536,7750,2298,34593,Not in California
Outside California,2021-01-13,3666,46024,1799,31724,1867,14300,0,0,2483,28148,1182,8932,2487,37080,Not in California
Outside California,2021-01-14,3681,49705,1266,32990,2415,16715,0,0,3036,30554,632,9564,3038,40118,Not in California
Outside California,2021-01-15,4218,53923,994,33984,3224,19939,0,0,3740,33829,465,10029,3740,43858,Not in California
Outside California,2021-01-16,2659,56582,386,34370,2273,22212,0,0,2484,36140,173,10202,2484,46342,Not in California
Outside California,2021-01-17,502,57084,151,34521,351,22563,0,0,453,36544,49,10251,453,46795,Not in California
Outside California,2021-01-18,1204,58288,770,35291,434,22997,0,0,745,36832,458,10709,746,47541,Not in California
Outside California,2021-01-19,4104,62392,1333,36624,2771,25768,0,0,3206,39143,898,11607,3209,50750,Not in California
Outside California,2021-01-20,4444,66836,1428,38052,3016,28784,0,0,3498,41700,942,12549,3499,54249,Not in California
Outside California,2021-01-21,4249,71085,1165,39217,3084,31868,0,0,3671,44809,562,13111,3671,57920,Not in California
Outside California,2021-01-22,4634,75719,1102,40319,3532,35400,0,0,4227,48635,402,13513,4228,62148,Not in California
Outside California,2021-01-23,2276,77995,350,40669,1926,37326,0,0,2109,50577,167,13680,2109,64257,Not in California
Outside California,2021-01-24,607,78602,247,40916,360,37686,0,0,526,51022,81,13761,526,64783,Not in California
Outside California,2021-01-25,4533,83135,1986,42902,2547,40233,0,0,3672,53838,857,14618,3673,68456,Not in California
Outside California,2021-01-26,6061,89196,2954,45856,3107,43340,0,0,5202,58189,858,15476,5209,73665,Not in California
Outside California,2021-01-27,5133,94329,2741,48597,2392,45732,0,0,4503,62067,626,16102,4504,78169,Not in California
Outside California,2021-01-28,5270,99599,2842,51439,2428,48160,0,0,4728,66264,531,16633,4728,82897,Not in California
Outside California,2021-01-29,4885,104484,3058,54497,1827,49987,0,0,4076,69541,801,17434,4078,86975,Not in California
Outside California,2021-01-30,4434,108918,2424,56921,2010,51997,0,0,4202,73514,230,17664,4203,91178,Not in California
Outside California,2021-01-31,3055,111973,2632,59553,423,52420,0,0,2998,76457,56,17720,2999,94177,Not in California
Outside California,2021-02-01,5579,117552,2577,62130,3002,55422,0,0,4867,80621,703,18423,4867,99044,Not in California
Outside California,2021-02-02,6799,124351,2149,64279,4650,60072,0,0,6075,85982,714,19137,6075,105119,Not in California
Outside California,2021-02-03,7385,131736,2090,66369,5295,65367,0,0,6508,91624,868,20005,6510,111629,Not in California
Outside California,2021-02-04,6838,138574,2169,68538,4669,70036,0,0,5825,96449,1001,21006,5826,117455,Not in California
Outside California,2021-02-05,6797,145371,2224,70762,4573,74609,0,0,5712,101082,1079,22085,5712,123167,Not in California
Outside California,2021-02-06,4409,149780,2141,72903,2268,76877,0,0,3943,104571,457,22542,3946,127113,Not in California
Outside California,2021-02-07,2222,152002,1828,74731,394,77271,0,0,2138,106627,84,22626,2140,129253,Not in California
Outside California,2021-02-08,5303,157305,3340,78071,1963,79234,0,0,4247,109829,1045,23671,4247,133500,Not in California
Outside California,2021-02-09,4274,161579,1915,79986,2359,81593,0,0,2962,111504,1301,24972,2976,136476,Not in California
Outside California,2021-02-10,5643,167222,1948,81934,3695,85288,0,0,3193,112298,2440,27412,3234,139710,Not in California
Outside California,2021-02-11,4883,172105,2275,84209,2608,87896,0,0,3551,114547,1320,28732,3569,143279,Not in California
Outside California,2021-02-12,5279,177384,1960,86169,3319,91215,0,0,3431,116147,1835,30567,3435,146714,Not in California
Outside California,2021-02-13,2409,179793,728,86897,1681,92896,0,0,1836,117423,572,31139,1848,148562,Not in California
Outside California,2021-02-14,1357,181150,421,87318,936,93832,0,0,1108,118288,245,31384,1110,149672,Not in California
Outside California,2021-02-15,2566,183716,1544,88862,1022,94854,0,0,1235,118208,1318,32702,1238,150910,Not in California
Outside California,2021-02-16,6469,190185,2914,91776,3555,98409,0,0,2592,116939,3866,36568,2597,153507,Not in California
Outside California,2021-02-17,5950,196135,2987,94763,2963,101372,0,0,1834,114667,4111,40679,1839,155346,Not in California
Outside California,2021-02-18,6464,202599,3718,98481,2746,104118,0,0,2074,112374,4368,45047,2075,157421,Not in California
Outside California,2021-02-19,5737,208336,3947,102428,1790,105908,0,0,2442,111531,3287,48334,2444,159865,Not in California
Outside California,2021-02-20,3348,211684,2693,105121,655,106563,0,0,1258,110704,2086,50420,1259,161124,Not in California
Outside California,2021-02-21,2737,214421,2519,107640,218,106781,0,0,863,109699,1868,52288,863,161987,Not in California
Outside California,2021-02-22,3485,217906,2547,110187,938,107719,0,0,1639,109500,1843,54131,1644,163631,Not in California
Outside California,2021-02-23,6005,223911,3359,113546,2646,110365,0,0,2338,108192,3660,57791,2352,165983,Not in California
Outside California,2021-02-24,6416,230327,3532,117078,2884,113249,0,0,2451,106689,3959,61750,2456,168439,Not in California
Outside California,2021-02-25,6920,237247,3499,120577,3421,116670,0,0,3063,105931,3825,65575,3067,171506,Not in California
Outside California,2021-02-26,6871,244118,3622,124199,3249,119919,0,0,3107,105357,3682,69257,3108,174614,Not in California
Outside California,2021-02-27,5476,249594,2755,126954,2720,122639,1,1,1882,103660,3583,72840,1886,176500,Not in California
Outside California,2021-02-28,2435,252029,1766,128720,668,123307,1,2,801,102833,1631,74471,804,177304,Not in California
Outside California,2021-03-01,4981,257010,3158,131878,1822,125129,1,3,1363,100594,3608,78079,1369,178673,Not in California
Outside California,2021-03-02,6737,263747,2489,134367,4248,129377,0,3,2067,98007,4656,82735,2069,180742,Not in California
Outside California,2021-03-03,7928,271675,3122,137489,4804,134181,2,5,2687,95473,5226,87961,2692,183434,Not in California
Outside California,2021-03-04,6826,278501,2911,140400,3909,138090,6,11,2322,93317,4486,92447,2330,185764,Not in California
Outside California,2021-03-05,5269,283770,2665,143065,2590,140680,14,25,2725,93531,2533,94980,2747,188511,Not in California
Outside California,2021-03-06,4604,288374,2140,145205,2308,142988,156,181,2336,93767,2265,97245,2501,191012,Not in California
Outside California,2021-03-07,1601,289975,1025,146230,519,143507,57,238,971,94168,629,97874,1030,192042,Not in California
Outside California,2021-03-08,3130,293105,1856,148086,1026,144533,248,486,2216,95755,885,98759,2472,194514,Not in California
Outside California,2021-03-09,4702,297807,2416,150502,1970,146503,316,802,2779,96931,1919,100678,3095,197609,Not in California
Outside California,2021-03-10,4404,302211,2105,152607,1788,148291,511,1313,2719,98492,1676,102354,3237,200846,Not in California
Outside California,2021-03-11,6162,308373,3155,155762,2329,150620,678,1991,3309,99632,2847,105201,3987,204833,Not in California
Outside California,2021-03-12,6463,314836,3884,159646,1855,152475,724,2715,3575,101053,2878,108079,4299,209132,Not in California
Outside California,2021-03-13,3806,318642,2201,161847,1134,153609,471,3186,2584,102897,1213,109292,3057,212189,Not in California
Outside California,2021-03-14,1795,320437,924,162771,530,154139,341,3527,980,103404,815,110107,1322,213511,Not in California
Outside California,2021-03-15,4037,324474,2117,164888,1450,155589,470,3997,2150,104148,1880,111987,2624,216135,Not in California
Outside California,2021-03-16,7520,331994,4368,169256,2762,158351,390,4387,4182,105381,3335,115322,4568,220703,Not in California
Outside California,2021-03-17,8429,340423,5457,174713,2592,160943,380,4767,5056,107450,3368,118690,5437,226140,Not in California
Outside California,2021-03-18,8305,348728,5123,179836,2636,163579,546,5313,4796,109292,3500,122190,5342,231482,Not in California
Outside California,2021-03-19,7308,356036,4333,184169,2431,166010,544,5857,4375,111289,2926,125116,4923,236405,Not in California
Outside California,2021-03-20,4741,360777,3129,187298,1524,167534,88,5945,3629,113905,1102,126218,3718,240123,Not in California
Outside California,2021-03-21,2082,362859,1428,188726,566,168100,88,6033,1665,115244,414,126632,1753,241876,Not in California
Outside California,2021-03-22,3263,366122,1971,190697,1203,169303,89,6122,2241,116557,1016,127648,2329,244205,Not in California
Outside California,2021-03-23,6076,372198,3096,193793,2677,171980,303,6425,4118,119034,1944,129592,4421,248626,Not in California
Outside California,2021-03-24,7323,379521,3755,197548,3119,175099,449,6874,5041,122247,2275,131867,5488,254114,Not in California
Outside California,2021-03-25,8255,387776,3834,201382,3896,178995,525,7399,5989,126508,2254,134121,6515,260629,Not in California
Outside California,2021-03-26,6661,394437,3513,204895,2971,181966,177,7576,4391,128830,2245,136366,4567,265196,Not in California
Outside California,2021-03-27,5536,399973,3104,207999,2217,184183,215,7791,3475,130466,2052,138418,3688,268884,Not in California
Outside California,2021-03-28,3079,403052,1648,209647,1270,185453,161,7952,1984,131522,1089,139507,2145,271029,Not in California
Outside California,2021-03-29,5189,408241,2309,211956,2535,187988,345,8297,2966,132615,2218,141725,3311,274340,Not in California
Outside California,2021-03-30,6870,415111,3609,215565,2693,190681,568,8865,4057,134444,2803,144528,4632,278972,Not in California
Outside California,2021-03-31,6336,421447,3779,219344,1778,192459,779,9644,3365,135621,2964,147492,4141,283113,Not in California
Outside California,2021-04-01,7570,429017,4540,223884,2377,194836,653,10297,4389,137481,3173,150665,5033,288146,Not in California
Outside California,2021-04-02,8447,437464,4494,228378,2813,197649,1140,11437,4370,138919,4068,154733,5506,293652,Not in California
Outside California,2021-04-03,6293,443757,3773,232151,1359,199008,1161,12598,3347,140491,2936,157669,4508,298160,Not in California
Outside California,2021-04-04,1782,445539,879,233030,664,199672,239,12837,973,140893,808,158477,1210,299370,Not in California
Outside California,2021-04-05,4134,449673,2003,235033,1466,201138,665,13502,1975,141377,2154,160631,2638,302008,Not in California
Outside California,2021-04-06,7185,456858,3874,238907,1667,202805,1644,15146,2886,141620,4283,164914,4526,306534,Not in California
Outside California,2021-04-07,8210,465068,4608,243515,1902,204707,1700,16846,3182,141473,5020,169934,4873,311407,Not in California
Outside California,2021-04-08,8253,473321,4337,247852,1977,206684,1939,18785,3292,141741,4950,174884,5218,316625,Not in California
Outside California,2021-04-09,7559,480880,3866,251718,1726,208410,1967,20752,2895,141948,4651,179535,4858,321483,Not in California
Outside California,2021-04-10,6098,486978,2985,254703,1250,209660,1863,22615,1671,141054,4417,183952,3523,325006,Not in California
Outside California,2021-04-11,2850,489828,1556,256259,649,210309,645,23260,965,140780,1882,185834,1608,326614,Not in California
Outside California,2021-04-12,4170,493998,2331,258590,1280,211589,559,23819,1861,140900,2300,188134,2420,329034,Not in California
Outside California,2021-04-13,5824,499822,3722,262312,2078,213667,24,23843,3014,141134,2804,190938,3038,332072,Not in California
Outside California,2021-04-14,5450,505272,3495,265807,1951,215618,4,23847,2980,141673,2463,193401,3002,335074,Not in California
Outside California,2021-04-15,6170,511442,3893,269700,2271,217889,6,23853,3308,142195,2810,196211,3332,338406,Not in California
Outside California,2021-04-16,5928,517370,3396,273096,2525,220414,7,23860,3302,142902,2614,198825,3321,341727,Not in California
Outside California,2021-04-17,5527,522897,3480,276576,2046,222460,1,23861,3186,143777,2329,201154,3204,344931,Not in California
Outside California,2021-04-18,2124,525021,1194,277770,929,223389,1,23862,1016,143694,1102,202256,1019,345950,Not in California
Outside California,2021-04-19,4162,529183,2000,279770,2161,225550,1,23863,2144,143835,2007,204263,2148,348098,Not in California
Outside California,2021-04-20,5407,534590,2471,282241,2936,228486,0,23863,2216,142870,3181,207444,2216,350314,Not in California
Outside California,2021-04-21,6452,541042,2712,284953,3735,232221,5,23868,2321,141086,4111,211555,2327,352641,Not in California
Outside California,2021-04-22,6846,547888,3500,288453,3344,235565,2,23870,2498,139268,4335,215890,2517,355158,Not in California
Outside California,2021-04-23,5877,553765,2984,291437,2892,238457,1,23871,2385,138219,3476,219366,2427,357585,Not in California
Outside California,2021-04-24,4665,558430,3041,294478,1619,240076,5,23876,1842,137284,2817,222183,1882,359467,Not in California
Outside California,2021-04-25,2215,560645,1246,295724,968,241044,1,23877,1168,137413,1043,223226,1172,360639,Not in California
Outside California,2021-04-26,4130,564775,1826,297550,2277,243321,27,23904,1871,137061,2250,225476,1898,362537,Not in California
Outside California,2021-04-27,5690,570465,2103,299653,3215,246536,372,24276,1987,135734,3693,229169,2366,364903,Not in California
Outside California,2021-04-28,4862,575327,2062,301715,2403,248939,397,24673,1921,135122,2926,232095,2314,367217,Not in California
Outside California,2021-04-29,4839,580166,2228,303943,2178,251117,433,25106,1820,134377,2998,235093,2253,369470,Not in California
Outside California,2021-04-30,4903,585069,2360,306303,2119,253236,424,25530,1831,133594,3058,238151,2275,371745,Not in California
Outside California,2021-05-01,3168,588237,1833,308136,906,254142,429,25959,1247,133409,1910,240061,1725,373470,Not in California
Outside California,2021-05-02,1851,590088,1086,309222,642,254784,123,26082,828,133342,1020,241081,953,374423,Not in California
Outside California,2021-05-03,2894,592982,1570,310792,1040,255824,284,26366,1121,132978,1769,242850,1405,375828,Not in California
Outside California,2021-05-04,3933,596915,2112,312904,1383,257207,438,26804,1308,132106,2616,245466,1744,377572,Not in California
Outside California,2021-05-05,4412,601327,2460,315364,1581,258788,371,27175,1593,131266,2811,248277,1971,379543,Not in California
Outside California,2021-05-06,4461,605788,2735,318099,1389,260177,337,27512,1556,130260,2899,251176,1893,381436,Not in California
Outside California,2021-05-07,4614,610402,2656,320755,1574,261751,384,27896,1589,129225,3011,254187,1976,383412,Not in California
Outside California,2021-05-08,3194,613596,2143,322898,800,262551,251,28147,1046,128386,2139,256326,1300,384712,Not in California
Outside California,2021-05-09,1363,614959,909,323807,332,262883,122,28269,583,128314,775,257101,703,385415,Not in California
Outside California,2021-05-10,2540,617499,1159,324966,1051,263934,330,28599,908,127929,1625,258726,1240,386655,Not in California
Outside California,2021-05-11,2961,620460,1400,326366,1262,265196,299,28898,1115,127501,1844,260570,1416,388071,Not in California
Outside California,2021-05-12,3184,623644,1525,327891,1333,266529,326,29224,1266,127180,1913,262483,1592,389663,Not in California
Outside California,2021-05-13,3138,626782,1810,329701,1120,267649,208,29432,1380,127016,1752,264235,1588,391251,Not in California
Outside California,2021-05-14,3493,630275,1956,331657,1301,268950,236,29668,1565,126899,1921,266156,1804,393055,Not in California
Outside California,2021-05-15,2624,632899,1540,333197,941,269891,143,29811,1129,126686,1487,267643,1274,394329,Not in California
Outside California,2021-05-16,1609,634508,1026,334223,514,270405,69,29880,728,126605,878,268521,797,395126,Not in California
Outside California,2021-05-17,3034,637542,1602,335825,1197,271602,235,30115,1310,126429,1720,270241,1544,396670,Not in California
Outside California,2021-05-18,3216,640758,1616,337441,1282,272884,318,30433,1435,126416,1769,272010,1756,398426,Not in California
Outside California,2021-05-19,3322,644080,1664,339105,1390,274274,268,30701,1455,126281,1858,273868,1723,400149,Not in California
Outside California,2021-05-20,3110,647190,1713,340818,1149,275423,248,30949,1409,126249,1692,275560,1660,401809,Not in California
Outside California,2021-05-21,3180,650370,1773,342591,1158,276581,249,31198,1371,126072,1797,277357,1620,403429,Not in California
Outside California,2021-05-22,2782,653152,1824,344415,755,277336,203,31401,1503,126506,1273,278630,1707,405136,Not in California
Outside California,2021-05-23,1522,654674,990,345405,454,277790,78,31479,758,126580,763,279393,837,405973,Not in California
Outside California,2021-05-24,2342,657016,1094,346499,901,278691,347,31826,1010,126614,1323,280716,1357,407330,Not in California
Outside California,2021-05-25,2350,659366,1090,347589,929,279620,331,32157,1000,126601,1342,282058,1329,408659,Not in California
Outside California,2021-05-26,2378,661744,1093,348682,930,280550,355,32512,1000,126587,1370,283428,1356,410015,Not in California
Outside California,2021-05-27,2159,663903,1070,349752,802,281352,287,32799,988,126694,1166,284594,1273,411288,Not in California
Outside California,2021-05-28,2403,666306,1207,350959,847,282199,349,33148,1082,126812,1314,285908,1432,412720,Not in California
Outside California,2021-05-29,1646,667952,819,351778,472,282671,355,33503,698,126921,944,286852,1053,413773,Not in California
Outside California,2021-05-30,911,668863,557,352335,230,282901,124,33627,457,127052,450,287302,581,414354,Not in California
Outside California,2021-05-31,420,669283,184,352519,196,283097,40,33667,178,127040,230,287532,218,414572,Not in California
Outside California,2021-06-01,2130,671413,1119,353638,710,283807,301,33968,1036,127287,1091,288623,1338,415910,Not in California
Outside California,2021-06-02,2080,673493,1069,354707,664,284471,347,34315,994,127553,1075,289698,1341,417251,Not in California
Outside California,2021-06-03,2151,675644,1187,355894,652,285123,312,34627,998,127716,1146,290844,1309,418560,Not in California
Outside California,2021-06-04,2542,678186,1421,357315,804,285927,317,34944,1119,127734,1417,292261,1435,419995,Not in California
Outside California,2021-06-05,1730,679916,1218,358533,351,286278,161,35105,812,127794,914,293175,974,420969,Not in California
Outside California,2021-06-06,930,680846,700,359233,149,286427,81,35186,458,127862,471,293646,539,421508,Not in California
Outside California,2021-06-07,1917,682763,1038,360271,550,286977,329,35515,816,127907,1100,294746,1145,422653,Not in California
Outside California,2021-06-08,2058,684821,1177,361448,539,287516,342,35857,802,127799,1251,295997,1143,423796,Not in California
Outside California,2021-06-09,1955,686776,1175,362623,497,288013,283,36140,807,127746,1142,297139,1089,424885,Not in California
Outside California,2021-06-10,1928,688704,1116,363739,505,288518,307,36447,828,127787,1095,298234,1136,426021,Not in California
Outside California,2021-06-11,2159,690863,1243,364982,589,289107,327,36774,930,127823,1222,299456,1258,427279,Not in California
Outside California,2021-06-12,1571,692434,1167,366149,279,289386,125,36899,620,127623,947,300403,747,428026,Not in California
Outside California,2021-06-13,933,693367,636,366785,198,289584,99,36998,412,127617,517,300920,511,428537,Not in California
Outside California,2021-06-14,1730,695097,966,367751,469,290053,295,37293,741,127668,983,301903,1034,429571,Not in California
Outside California,2021-06-15,1700,696797,937,368688,495,290548,268,37561,762,127766,932,302835,1030,430601,Not in California
Outside California,2021-06-16,1644,698441,974,369662,452,291000,218,37779,799,127946,837,303672,1017,431618,Not in California
Outside California,2021-06-17,1787,700228,994,370656,463,291463,330,38109,809,128109,976,304648,1139,432757,Not in California
Outside California,2021-06-18,1906,702134,1036,371692,426,291889,444,38553,816,128284,1084,305732,1259,434016,Not in California
Outside California,2021-06-19,1029,703163,682,372374,256,292145,91,38644,540,128429,485,306217,630,434646,Not in California
Outside California,2021-06-20,767,703930,556,372930,165,292310,46,38690,460,128631,304,306521,506,435152,Not in California
Outside California,2021-06-21,1245,705175,624,373554,321,292631,300,38990,682,129056,557,307078,982,436134,Not in California
Outside California,2021-06-22,1567,706742,1003,374557,341,292972,223,39213,857,129431,705,307783,1080,437214,Not in California
Outside California,2021-06-23,973,707715,420,374977,256,293228,297,39510,393,129543,575,308358,687,437901,Not in California
Unknown,2020-12-17,2,2,2,2,0,0,0,0,0,0,0,0,0,0,Not in California
Unknown,2020-12-18,1,3,1,3,0,0,0,0,0,0,0,0,0,0,Not in California
Unknown,2020-12-21,4,7,4,7,0,0,0,0,0,0,0,0,0,0,Not in California
Unknown,2020-12-28,4,11,4,11,0,0,0,0,3,3,0,0,3,3,Not in California
Unknown,2020-12-29,5,16,4,15,1,1,0,0,5,8,0,0,5,8,Not in California
Unknown,2020-12-30,54,70,54,69,0,1,0,0,54,62,0,0,54,62,Not in California
Unknown,2020-12-31,1,71,0,69,1,2,0,0,0,62,0,0,0,62,Not in California
Unknown,2021-01-02,1,72,0,69,1,3,0,0,1,63,0,0,1,63,Not in California
Unknown,2021-01-04,3,75,3,72,0,3,0,0,2,65,0,0,2,65,Not in California
Unknown,2021-01-06,4,79,2,74,2,5,0,0,4,69,0,0,4,69,Not in California
Unknown,2021-01-07,69,148,68,142,1,6,0,0,68,137,0,0,68,137,Not in California
Unknown,2021-01-08,1,149,0,142,1,7,0,0,2,139,0,0,2,139,Not in California
Unknown,2021-01-09,2,151,2,144,0,7,0,0,3,142,0,0,3,142,Not in California
Unknown,2021-01-11,20,171,20,164,0,7,0,0,20,162,0,0,20,162,Not in California
Unknown,2021-01-12,12,183,11,175,1,8,0,0,10,172,1,1,11,173,Not in California
Unknown,2021-01-13,11,194,11,186,0,8,0,0,12,184,0,1,12,185,Not in California
Unknown,2021-01-14,3,197,3,189,0,8,0,0,3,187,0,1,3,188,Not in California
Unknown,2021-01-15,7,204,6,195,1,9,0,0,7,194,0,1,7,195,Not in California
Unknown,2021-01-16,6,210,6,201,0,9,0,0,6,200,0,1,6,201,Not in California
Unknown,2021-01-17,4,214,4,205,0,9,0,0,4,204,0,1,4,205,Not in California
Unknown,2021-01-18,55,269,55,260,0,9,0,0,53,255,2,3,53,258,Not in California
Unknown,2021-01-19,24,293,24,284,0,9,0,0,20,272,3,6,20,278,Not in California
Unknown,2021-01-20,79,372,79,363,0,9,0,0,28,248,52,58,28,306,Not in California
Unknown,2021-01-21,54,426,52,415,2,11,0,0,55,302,1,59,55,361,Not in California
Unknown,2021-01-22,36,462,31,446,5,16,0,0,36,338,0,59,36,397,Not in California
Unknown,2021-01-23,11,473,6,452,5,21,0,0,11,349,0,59,11,408,Not in California
Unknown,2021-01-24,2,475,2,454,0,21,0,0,4,353,0,59,4,412,Not in California
Unknown,2021-01-25,19,494,17,471,2,23,0,0,16,366,3,62,16,428,Not in California
Unknown,2021-01-26,91,585,90,561,1,24,0,0,93,458,1,63,93,521,Not in California
Unknown,2021-01-27,17,602,17,578,0,24,0,0,16,473,1,64,16,537,Not in California
Unknown,2021-01-28,150,752,148,726,2,26,0,0,93,506,60,124,93,630,Not in California
Unknown,2021-01-29,144,896,144,870,0,26,0,0,148,653,1,125,148,778,Not in California
Unknown,2021-01-30,10,906,8,878,2,28,0,0,12,663,2,127,12,790,Not in California
Unknown,2021-01-31,15,921,15,893,0,28,0,0,16,679,0,127,16,806,Not in California
Unknown,2021-02-01,35,956,33,926,2,30,0,0,19,680,18,145,19,825,Not in California
Unknown,2021-02-02,68,1024,67,993,1,31,0,0,59,731,8,153,59,884,Not in California
Unknown,2021-02-03,44,1068,43,1036,1,32,0,0,32,751,12,165,32,916,Not in California
Unknown,2021-02-04,60,1128,55,1091,5,37,0,0,54,799,6,171,54,970,Not in California
Unknown,2021-02-05,19,1147,15,1106,4,41,0,0,14,808,5,176,14,984,Not in California
Unknown,2021-02-06,14,1161,14,1120,0,41,0,0,10,812,6,182,10,994,Not in California
Unknown,2021-02-07,9,1170,9,1129,0,41,0,0,7,817,2,184,7,1001,Not in California
Unknown,2021-02-08,55,1225,52,1181,3,44,0,0,14,790,41,225,14,1015,Not in California
Unknown,2021-02-09,19,1244,19,1200,0,44,0,0,4,779,15,240,4,1019,Not in California
Unknown,2021-02-10,34,1278,30,1230,4,48,0,0,9,763,25,265,9,1028,Not in California
Unknown,2021-02-11,88,1366,87,1317,1,49,0,0,43,760,46,311,43,1071,Not in California
Unknown,2021-02-12,43,1409,36,1353,7,56,0,0,13,743,30,341,13,1084,Not in California
Unknown,2021-02-13,11,1420,4,1357,7,63,0,0,8,748,3,344,8,1092,Not in California
Unknown,2021-02-14,7,1427,2,1359,5,68,0,0,4,750,2,346,4,1096,Not in California
Unknown,2021-02-15,44,1471,38,1397,6,74,0,0,28,764,14,360,28,1124,Not in California
Unknown,2021-02-16,108,1579,97,1494,11,85,0,0,33,722,75,435,33,1157,Not in California
Unknown,2021-02-17,10,1589,8,1502,2,87,0,0,4,721,5,440,4,1161,Not in California
Unknown,2021-02-18,100,1689,95,1597,5,92,0,0,17,655,83,523,17,1178,Not in California
Unknown,2021-02-19,191,1880,186,1783,5,97,0,0,53,571,137,660,53,1231,Not in California
Unknown,2021-02-20,6,1886,4,1787,2,99,0,0,2,569,4,664,2,1233,Not in California
Unknown,2021-02-21,15,1901,15,1802,0,99,0,0,1,556,14,678,1,1234,Not in California
Unknown,2021-02-22,8,1909,8,1810,0,99,0,0,5,558,3,681,5,1239,Not in California
Unknown,2021-02-23,61,1970,50,1860,11,110,0,0,15,528,45,726,15,1254,Not in California
Unknown,2021-02-24,39,2009,31,1891,8,118,0,0,14,517,25,751,14,1268,Not in California
Unknown,2021-02-25,68,2077,55,1946,13,131,0,0,24,496,45,796,24,1292,Not in California
Unknown,2021-02-26,38,2115,24,1970,14,145,0,0,20,502,14,810,20,1312,Not in California
Unknown,2021-02-27,23,2138,16,1986,7,152,0,0,12,506,8,818,12,1324,Not in California
Unknown,2021-02-28,18,2156,13,1999,5,157,0,0,11,512,5,823,11,1335,Not in California
Unknown,2021-03-01,44,2200,26,2025,18,175,0,0,24,517,19,842,24,1359,Not in California
Unknown,2021-03-02,20,2220,9,2034,11,186,0,0,12,523,6,848,12,1371,Not in California
Unknown,2021-03-03,11,2231,7,2041,4,190,0,0,7,527,3,851,7,1378,Not in California
Unknown,2021-03-04,43,2274,40,2081,3,193,0,0,13,510,30,881,13,1391,Not in California
Unknown,2021-03-05,25,2299,15,2096,10,203,0,0,23,527,6,887,23,1414,Not in California
Unknown,2021-03-06,20,2319,12,2108,6,209,2,2,16,541,4,891,18,1432,Not in California
Unknown,2021-03-07,1,2320,1,2109,0,209,0,2,2,543,0,891,2,1434,Not in California
Unknown,2021-03-08,31,2351,22,2131,7,216,2,4,7,527,25,916,9,1443,Not in California
Unknown,2021-03-09,37,2388,30,2161,3,219,4,8,9,511,29,945,13,1456,Not in California
Unknown,2021-03-10,9,2397,5,2166,1,220,3,11,5,514,5,950,8,1464,Not in California
Unknown,2021-03-11,29,2426,13,2179,2,222,14,25,7,514,21,971,21,1485,Not in California
Unknown,2021-03-12,67,2493,52,2231,10,232,5,30,10,474,55,1026,15,1500,Not in California
Unknown,2021-03-13,15,2508,4,2235,7,239,4,34,6,474,10,1036,10,1510,Not in California
Unknown,2021-03-14,14,2522,6,2241,6,245,2,36,5,473,8,1044,7,1517,Not in California
Unknown,2021-03-15,30,2552,10,2251,18,263,2,38,20,483,12,1056,22,1539,Not in California
Unknown,2021-03-16,49,2601,21,2272,24,287,4,42,28,494,21,1077,32,1571,Not in California
Unknown,2021-03-17,37,2638,14,2286,22,309,1,43,32,523,4,1081,33,1604,Not in California
Unknown,2021-03-18,32,2670,19,2305,13,322,0,43,20,532,11,1092,20,1624,Not in California
Unknown,2021-03-19,28,2698,18,2323,10,332,0,43,23,548,7,1099,23,1647,Not in California
Unknown,2021-03-20,27,2725,15,2338,12,344,0,43,15,552,11,1110,15,1662,Not in California
Unknown,2021-03-21,18,2743,12,2350,6,350,0,43,14,563,3,1113,14,1676,Not in California
Unknown,2021-03-22,36,2779,19,2369,16,366,1,44,18,570,12,1125,19,1695,Not in California
Unknown,2021-03-23,24,2803,9,2378,10,376,5,49,12,576,11,1136,17,1712,Not in California
Unknown,2021-03-24,23,2826,9,2387,14,390,0,49,18,589,5,1141,18,1730,Not in California
Unknown,2021-03-25,37,2863,24,2411,13,403,0,49,26,606,9,1150,26,1756,Not in California
Unknown,2021-03-26,36,2899,20,2431,11,414,5,54,18,614,15,1165,23,1779,Not in California
Unknown,2021-03-27,33,2932,15,2446,15,429,3,57,18,617,18,1183,21,1800,Not in California
Unknown,2021-03-28,18,2950,9,2455,9,438,0,57,12,624,5,1188,12,1812,Not in California
Unknown,2021-03-29,39,2989,19,2474,20,458,0,57,24,636,12,1200,24,1836,Not in California
Unknown,2021-03-30,42,3031,27,2501,15,473,0,57,25,646,15,1215,25,1861,Not in California
Unknown,2021-03-31,36,3067,22,2523,14,487,0,57,26,661,11,1226,26,1887,Not in California
Unknown,2021-04-01,23,3090,15,2538,8,495,0,57,17,673,5,1231,17,1904,Not in California
Unknown,2021-04-02,39,3129,17,2555,13,508,9,66,16,675,23,1254,25,1929,Not in California
Unknown,2021-04-03,19,3148,9,2564,10,518,0,66,13,678,10,1264,13,1942,Not in California
Unknown,2021-04-04,15,3163,4,2568,11,529,0,66,9,682,5,1269,9,1951,Not in California
Unknown,2021-04-05,31,3194,17,2585,13,542,1,67,16,685,14,1283,17,1968,Not in California
Unknown,2021-04-06,22,3216,14,2599,7,549,1,68,12,687,11,1294,13,1981,Not in California
Unknown,2021-04-07,38,3254,26,2625,11,560,1,69,27,705,9,1303,27,2008,Not in California
Unknown,2021-04-08,37,3291,24,2649,7,567,6,75,17,707,21,1324,23,2031,Not in California
Unknown,2021-04-09,35,3326,24,2673,11,578,0,75,24,720,11,1335,24,2055,Not in California
Unknown,2021-04-10,11,3337,9,2682,1,579,1,76,5,719,7,1342,6,2061,Not in California
Unknown,2021-04-11,11,3348,7,2689,4,583,0,76,5,719,5,1347,5,2066,Not in California
Unknown,2021-04-12,39,3387,21,2710,17,600,1,77,18,715,23,1370,19,2085,Not in California
Unknown,2021-04-13,46,3433,27,2737,19,619,0,77,18,705,28,1398,18,2103,Not in California
Unknown,2021-04-14,29,3462,9,2746,20,639,0,77,6,688,23,1421,6,2109,Not in California
Unknown,2021-04-15,32,3494,17,2763,14,653,1,78,11,678,21,1442,11,2120,Not in California
Unknown,2021-04-16,27,3521,17,2780,10,663,0,78,10,672,16,1458,10,2130,Not in California
Unknown,2021-04-17,24,3545,15,2795,9,672,0,78,8,666,15,1473,9,2139,Not in California
Unknown,2021-04-18,19,3564,7,2802,12,684,0,78,8,662,12,1485,8,2147,Not in California
Unknown,2021-04-19,35,3599,22,2824,13,697,0,78,14,656,20,1505,14,2161,Not in California
Unknown,2021-04-20,23,3622,13,2837,10,707,0,78,3,639,20,1525,3,2164,Not in California
Unknown,2021-04-21,38,3660,17,2854,21,728,0,78,14,628,25,1550,14,2178,Not in California
Unknown,2021-04-22,23,3683,15,2869,8,736,0,78,6,617,17,1567,6,2184,Not in California
Unknown,2021-04-23,31,3714,16,2885,15,751,0,78,15,618,14,1581,15,2199,Not in California
Unknown,2021-04-24,32,3746,22,2907,10,761,0,78,18,623,13,1594,18,2217,Not in California
Unknown,2021-04-25,21,3767,9,2916,12,773,0,78,9,620,12,1606,9,2226,Not in California
Unknown,2021-04-26,30,3797,18,2934,12,785,0,78,12,615,17,1623,12,2238,Not in California
Unknown,2021-04-27,30,3827,17,2951,12,797,1,79,9,605,20,1643,10,2248,Not in California
Unknown,2021-04-28,28,3855,19,2970,7,804,2,81,8,595,20,1663,10,2258,Not in California
Unknown,2021-04-29,36,3891,23,2993,13,817,0,81,16,589,22,1685,16,2274,Not in California
Unknown,2021-04-30,29,3920,14,3007,10,827,5,86,15,594,15,1700,20,2294,Not in California
Unknown,2021-05-01,29,3949,22,3029,7,834,0,86,17,600,11,1711,17,2311,Not in California
Unknown,2021-05-02,14,3963,6,3035,7,841,1,87,5,598,8,1719,6,2317,Not in California
Unknown,2021-05-03,26,3989,18,3053,5,846,3,90,7,588,19,1738,9,2326,Not in California
Unknown,2021-05-04,19,4008,10,3063,5,851,4,94,5,582,15,1753,9,2335,Not in California
Unknown,2021-05-05,25,4033,10,3073,14,865,1,95,12,581,14,1767,13,2348,Not in California
Unknown,2021-05-06,34,4067,19,3092,8,873,7,102,11,576,23,1790,18,2366,Not in California
Unknown,2021-05-07,28,4095,13,3105,11,884,4,106,10,571,19,1809,14,2380,Not in California
Unknown,2021-05-08,15,4110,10,3115,3,887,2,108,6,571,8,1817,8,2388,Not in California
Unknown,2021-05-09,18,4128,5,3120,9,896,4,112,9,575,9,1826,13,2401,Not in California
Unknown,2021-05-10,21,4149,11,3131,7,903,3,115,3,565,16,1842,6,2407,Not in California
Unknown,2021-05-11,15,4164,8,3139,3,906,4,119,8,570,7,1849,12,2419,Not in California
Unknown,2021-05-12,14,4178,9,3148,4,910,1,120,5,568,8,1857,6,2425,Not in California
Unknown,2021-05-13,16,4194,9,3157,2,912,5,125,9,575,8,1865,15,2440,Not in California
Unknown,2021-05-14,26,4220,21,3178,4,916,1,126,15,580,10,1875,15,2455,Not in California
Unknown,2021-05-15,18,4238,16,3194,2,918,0,126,9,580,9,1884,9,2464,Not in California
Unknown,2021-05-16,29,4267,20,3214,8,926,1,127,18,588,11,1895,19,2483,Not in California
Unknown,2021-05-17,27,4294,21,3235,4,930,2,129,14,592,12,1907,16,2499,Not in California
Unknown,2021-05-18,34,4328,23,3258,9,939,2,131,23,606,11,1918,25,2524,Not in California
Unknown,2021-05-19,32,4360,23,3281,8,947,1,132,13,603,17,1935,14,2538,Not in California
Unknown,2021-05-20,21,4381,16,3297,4,951,1,133,12,608,8,1943,13,2551,Not in California
Unknown,2021-05-21,25,4406,14,3311,7,958,4,137,11,608,15,1958,15,2566,Not in California
Unknown,2021-05-22,31,4437,25,3336,5,963,1,138,16,610,15,1973,17,2583,Not in California
Unknown,2021-05-23,10,4447,6,3342,4,967,0,138,6,612,4,1977,6,2589,Not in California
Unknown,2021-05-24,13,4460,9,3351,3,970,1,139,8,616,5,1982,9,2598,Not in California
Unknown,2021-05-25,22,4482,11,3362,5,975,6,145,8,617,13,1995,14,2612,Not in California
Unknown,2021-05-26,12,4494,9,3371,2,977,1,146,4,614,8,2003,5,2617,Not in California
Unknown,2021-05-27,23,4517,16,3387,5,982,2,148,7,609,14,2017,9,2626,Not in California
Unknown,2021-05-28,23,4540,13,3400,5,987,5,153,13,617,10,2027,18,2644,Not in California
Unknown,2021-05-29,25,4565,18,3418,7,994,0,153,21,634,4,2031,21,2665,Not in California
Unknown,2021-05-30,9,4574,6,3424,2,996,1,154,4,634,5,2036,5,2670,Not in California
Unknown,2021-05-31,3,4577,1,3425,2,998,0,154,1,633,2,2038,1,2671,Not in California
Unknown,2021-06-01,32,4609,19,3444,7,1005,6,160,17,642,14,2052,23,2694,Not in California
Unknown,2021-06-02,9,4618,5,3449,4,1009,0,160,4,641,5,2057,4,2698,Not in California
Unknown,2021-06-03,21,4639,19,3468,2,1011,0,160,10,640,11,2068,10,2708,Not in California
Unknown,2021-06-04,30,4669,20,3488,10,1021,0,160,17,644,13,2081,17,2725,Not in California
Unknown,2021-06-05,23,4692,13,3501,9,1030,1,161,13,648,10,2091,14,2739,Not in California
Unknown,2021-06-06,28,4720,20,3521,5,1035,3,164,8,639,20,2111,11,2750,Not in California
Unknown,2021-06-07,21,4741,10,3531,8,1043,3,167,8,637,13,2124,11,2761,Not in California
Unknown,2021-06-08,22,4763,14,3545,5,1048,3,170,6,631,15,2139,9,2770,Not in California
Unknown,2021-06-09,29,4792,18,3563,10,1058,1,171,17,637,12,2151,18,2788,Not in California
Unknown,2021-06-10,16,4808,13,3576,3,1061,0,171,6,633,10,2161,6,2794,Not in California
Unknown,2021-06-11,10,4818,8,3584,1,1062,1,172,5,634,5,2166,6,2800,Not in California
Unknown,2021-06-12,16,4834,12,3596,4,1066,0,172,10,638,6,2172,10,2810,Not in California
Unknown,2021-06-13,11,4845,7,3603,4,1070,0,172,3,633,8,2180,3,2813,Not in California
Unknown,2021-06-14,12,4857,11,3614,1,1071,0,172,4,629,8,2188,4,2817,Not in California
Unknown,2021-06-15,27,4884,18,3632,9,1080,0,172,11,624,16,2204,11,2828,Not in California
Unknown,2021-06-16,7,4891,4,3636,3,1083,0,172,5,627,2,2206,5,2833,Not in California
Unknown,2021-06-17,18,4909,11,3647,5,1088,2,174,12,636,5,2211,14,2847,Not in California
Unknown,2021-06-18,19,4928,15,3662,4,1092,0,174,11,639,8,2219,11,2858,Not in California
Unknown,2021-06-19,15,4943,12,3674,2,1094,1,175,2,629,13,2232,3,2861,Not in California
Unknown,2021-06-20,13,4956,10,3684,1,1095,2,177,6,630,7,2239,8,2869,Not in California
Unknown,2021-06-21,14,4970,10,3694,4,1099,0,177,10,636,4,2243,10,2879,Not in California
Unknown,2021-06-22,21,4991,15,3709,6,1105,0,177,15,645,6,2249,15,2894,Not in California
Alameda,2020-12-15,37,37,37,37,0,0,0,0,37,37,0,0,37,37,California
Alameda,2020-12-16,210,247,210,247,0,0,0,0,210,247,0,0,210,247,California
Alameda,2020-12-17,512,759,512,759,0,0,0,0,512,759,0,0,512,759,California
Alameda,2020-12-18,1928,2687,1927,2686,1,1,0,0,1928,2687,0,0,1928,2687,California
Alameda,2020-12-19,1436,4123,1436,4122,0,1,0,0,1436,4123,0,0,1436,4123,California
Alameda,2020-12-20,1186,5309,1185,5307,1,2,0,0,1185,5307,1,1,1185,5308,California
Alameda,2020-12-21,1854,7163,1852,7159,2,4,0,0,1853,7160,0,1,1853,7161,California
Alameda,2020-12-22,2108,9271,2054,9213,54,58,0,0,2107,9266,1,2,2107,9268,California
Alameda,2020-12-23,1949,11220,1692,10905,257,315,0,0,1949,11215,0,2,1949,11217,California
Alameda,2020-12-24,1224,12444,759,11664,465,780,0,0,1224,12439,0,2,1224,12441,California
Alameda,2020-12-25,164,12608,127,11791,37,817,0,0,164,12603,0,2,164,12605,California
Alameda,2020-12-26,866,13474,325,12116,541,1358,0,0,866,13469,0,2,866,13471,California
Alameda,2020-12-27,499,13973,256,12372,243,1601,0,0,499,13968,0,2,499,13970,California
Alameda,2020-12-28,1892,15865,964,13336,928,2529,0,0,1892,15860,0,2,1892,15862,California
Alameda,2020-12-29,2492,18357,1079,14415,1413,3942,0,0,2491,18351,0,2,2491,18353,California
Alameda,2020-12-30,3105,21462,1328,15743,1777,5719,0,0,3105,21456,0,2,3105,21458,California
Alameda,2020-12-31,1808,23270,448,16191,1360,7079,0,0,1806,23261,1,3,1806,23264,California
Alameda,2021-01-01,180,23450,75,16266,105,7184,0,0,178,23437,2,5,178,23442,California
Alameda,2021-01-02,729,24179,527,16793,202,7386,0,0,728,24165,0,5,728,24170,California
Alameda,2021-01-03,337,24516,218,17011,119,7505,0,0,334,24496,3,8,334,24504,California
Alameda,2021-01-04,1624,26140,913,17924,711,8216,0,0,1612,26097,11,19,1612,26116,California
Alameda,2021-01-05,2230,28370,1286,19210,944,9160,0,0,1975,27820,252,271,1975,28091,California
Alameda,2021-01-06,3285,31655,1816,21026,1469,10629,0,0,2405,29350,877,1148,2407,30498,California
Alameda,2021-01-07,3839,35494,2157,23183,1682,12311,0,0,2638,30801,1192,2340,2643,33141,California
Alameda,2021-01-08,4782,40276,2736,25919,2046,14357,0,0,3032,32093,1745,4085,3037,36178,California
Alameda,2021-01-09,2040,42316,1387,27306,653,15010,0,0,1171,32395,869,4954,1171,37349,California
Alameda,2021-01-10,1070,43386,844,28150,226,15236,0,0,432,32188,639,5593,432,37781,California
Alameda,2021-01-11,4683,48069,3540,31690,1143,16379,0,0,2865,33244,1816,7409,2872,40653,California
Alameda,2021-01-12,4862,52931,3279,34969,1583,17962,0,0,3452,35291,1408,8817,3455,44108,California
Alameda,2021-01-13,5061,57992,2679,37648,2382,20344,0,0,3849,37935,1207,10024,3851,47959,California
Alameda,2021-01-14,5685,63677,2812,40460,2873,23217,0,0,4778,41818,898,10922,4781,52740,California
Alameda,2021-01-15,5880,69557,2336,42796,3544,26761,0,0,5095,46139,778,11700,5099,57839,California
Alameda,2021-01-16,3028,72585,1410,44206,1618,28379,0,0,2755,48622,273,11973,2756,60595,California
Alameda,2021-01-17,1890,74475,1093,45299,797,29176,0,0,1683,50099,207,12180,1684,62279,California
Alameda,2021-01-18,3208,77683,2055,47354,1153,30329,0,0,2612,52122,591,12771,2614,64893,California
Alameda,2021-01-19,5556,83239,3340,50694,2216,32545,0,0,4355,55280,1199,13970,4357,69250,California
Alameda,2021-01-20,6828,90067,4130,54824,2698,35243,0,0,5523,59515,1292,15262,5527,74777,California
Alameda,2021-01-21,7872,97939,3449,58273,4423,39666,0,0,7023,65701,842,16104,7028,81805,California
Alameda,2021-01-22,6903,104842,2053,60326,4850,44516,0,0,5751,70311,1143,17247,5753,87558,California
Alameda,2021-01-23,3309,108151,957,61283,2352,46868,0,0,2751,72505,557,17804,2751,90309,California
Alameda,2021-01-24,2050,110201,656,61939,1394,48262,0,0,1774,74007,272,18076,1774,92083,California
Alameda,2021-01-25,5233,115434,1984,63923,3249,51511,0,0,3643,76069,1582,19658,3644,95727,California
Alameda,2021-01-26,7383,122817,2333,66256,5050,56561,0,0,5476,79647,1899,21557,5477,101204,California
Alameda,2021-01-27,6774,129591,2089,68345,4685,61246,0,0,4896,82677,1866,23423,4896,106100,California
Alameda,2021-01-28,7946,137537,2564,70909,5382,66628,0,0,5684,86117,2246,25669,5686,111786,California
Alameda,2021-01-29,8044,145581,3203,74112,4841,71469,0,0,6188,90462,1845,27514,6190,117976,California
Alameda,2021-01-30,3467,149048,1702,75814,1765,73234,0,0,2752,92505,709,28223,2752,120728,California
Alameda,2021-01-31,1933,150981,958,76772,975,74209,0,0,1690,93955,240,28463,1690,122418,California
Alameda,2021-02-01,6520,157501,3890,80662,2630,76839,0,0,4369,96183,2142,30605,4370,126788,California
Alameda,2021-02-02,7081,164582,3806,84468,3275,80114,0,0,4743,98596,2330,32935,4743,131531,California
Alameda,2021-02-03,7149,171731,3772,88240,3377,83491,0,0,4438,100334,2705,35640,4443,135974,California
Alameda,2021-02-04,9601,181332,4175,92415,5426,88917,0,0,6452,103655,3136,38776,6457,142431,California
Alameda,2021-02-05,10392,191724,5415,97830,4977,93894,0,0,6490,106257,3895,42671,6497,148928,California
Alameda,2021-02-06,7028,198752,4458,102288,2570,96464,0,0,5883,110998,1143,43814,5884,154812,California
Alameda,2021-02-07,3591,202343,2898,105186,693,97157,0,0,2640,112691,948,44762,2641,157453,California
Alameda,2021-02-08,8162,210505,5833,111019,2329,99486,0,0,5569,115679,2583,47345,5571,163024,California
Alameda,2021-02-09,9747,220252,5875,116894,3872,103358,0,0,6075,118103,3653,50998,6077,169101,California
Alameda,2021-02-10,11553,231805,6838,123732,4715,108073,0,0,6601,119776,4936,55934,6609,175710,California
Alameda,2021-02-11,14045,245850,8061,131793,5984,114057,0,0,8421,122597,5604,61538,8425,184135,California
Alameda,2021-02-12,12649,258499,5757,137550,6892,120949,0,0,7815,125601,4814,66352,7818,191953,California
Alameda,2021-02-13,7843,266342,4070,141620,3773,124722,0,0,5850,129465,1988,68340,5852,197805,California
Alameda,2021-02-14,4055,270397,2554,144174,1501,126223,0,0,2869,131155,1182,69522,2872,200677,California
Alameda,2021-02-15,5695,276092,3201,147375,2494,128717,0,0,3700,132865,1993,71515,3703,204380,California
Alameda,2021-02-16,12589,288681,6986,154361,5603,134320,0,0,9331,138958,3247,74762,9340,213720,California
Alameda,2021-02-17,14216,302897,8438,162799,5778,140098,0,0,10549,145860,3649,78411,10551,224271,California
Alameda,2021-02-18,15979,318876,10139,172938,5840,145938,0,0,11586,153069,4383,82794,11592,235863,California
Alameda,2021-02-19,17904,336780,11607,184545,6297,152235,0,0,11824,158841,6057,88851,11829,247692,California
Alameda,2021-02-20,12069,348849,9743,194288,2326,154561,0,0,9267,165317,2797,91648,9273,256965,California
Alameda,2021-02-21,7836,356685,6865,201153,971,155532,0,0,5305,168104,2519,94167,5306,262271,California
Alameda,2021-02-22,11018,367703,8114,209267,2904,158436,0,0,6923,170955,4081,98248,6932,269203,California
Alameda,2021-02-23,13069,380772,7964,217231,5105,163541,0,0,8129,174161,4930,103178,8136,277339,California
Alameda,2021-02-24,14950,395722,8425,225656,6525,170066,0,0,9643,178566,5243,108421,9648,286987,California
Alameda,2021-02-25,16118,411840,9347,235003,6771,176837,0,0,10156,182801,5931,114352,10166,297153,California
Alameda,2021-02-26,18769,430609,10949,245952,7820,184657,0,0,11893,187873,6827,121179,11899,309052,California
Alameda,2021-02-27,15269,445878,11261,257213,4006,188663,2,2,9433,191500,5811,126990,9438,318490,California
Alameda,2021-02-28,10180,456058,8488,265701,1691,190354,1,3,6596,194543,3556,130546,6599,325089,California
Alameda,2021-03-01,14186,470244,9802,275503,4373,194727,11,14,8670,197764,5467,136013,8688,333777,California
Alameda,2021-03-02,15146,485390,10889,286392,4256,198983,1,15,9904,202456,5221,141234,9913,343690,California
Alameda,2021-03-03,15929,501319,10442,296834,5484,204467,3,18,10889,208342,5011,146245,10897,354587,California
Alameda,2021-03-04,17577,518896,11273,308107,6302,210769,2,20,11061,212930,6475,152720,11063,365650,California
Alameda,2021-03-05,16395,535291,10725,318832,5660,216429,10,30,11059,218717,5289,158009,11076,376726,California
Alameda,2021-03-06,14642,549933,10320,329152,4056,220485,266,296,9694,223778,4900,162909,9961,386687,California
Alameda,2021-03-07,9829,559762,8532,337684,1213,221698,84,380,7020,228104,2780,165689,7106,393793,California
Alameda,2021-03-08,12063,571825,7507,345191,4174,225872,382,762,9019,234510,2993,168682,9399,403192,California
Alameda,2021-03-09,14818,586643,10378,355569,4008,229880,432,1194,8069,236300,6714,175396,8504,411696,California
Alameda,2021-03-10,17666,604309,12230,367799,4872,234752,564,1758,7952,235128,9685,185081,8513,420209,California
Alameda,2021-03-11,19958,624267,11685,379484,6557,241309,1716,3474,6789,230486,13138,198219,8496,428705,California
Alameda,2021-03-12,21554,645821,12589,392073,7256,248565,1709,5183,7454,225569,14069,212288,9152,437857,California
Alameda,2021-03-13,16219,662040,10410,402483,4804,253369,1005,6188,5152,220686,11031,223319,6148,444005,California
Alameda,2021-03-14,10954,672994,8057,410540,2101,255470,796,6984,3339,217219,7593,230912,4126,448131,California
Alameda,2021-03-15,14591,687585,9534,420074,4519,259989,538,7522,6306,215806,8254,239166,6841,454972,California
Alameda,2021-03-16,17415,705000,11285,431359,5585,265574,545,8067,7470,213932,9891,249057,8017,462989,California
Alameda,2021-03-17,17797,722797,10099,441458,6964,272538,734,8801,8275,213466,9474,258531,9008,471997,California
Alameda,2021-03-18,19455,742252,10622,452080,7931,280469,902,9703,8838,212624,10586,269117,9744,481741,California
Alameda,2021-03-19,19739,761991,10836,462916,7090,287559,1813,11516,7802,210344,11887,281004,9607,491348,California
Alameda,2021-03-20,15930,777921,10436,473352,4633,292192,861,12377,6385,208075,9510,290514,7241,498589,California
Alameda,2021-03-21,9320,787241,7324,480676,1438,293630,558,12935,3437,206198,5872,296386,3995,502584,California
Alameda,2021-03-22,15294,802535,10285,490961,3991,297621,1018,13953,6964,205874,8298,304684,7974,510558,California
Alameda,2021-03-23,19625,822160,11900,502861,6906,304527,819,14772,10013,207149,9561,314245,10836,521394,California
Alameda,2021-03-24,19529,841689,11814,514675,6688,311215,1027,15799,8581,205863,10884,325129,9598,530992,California
Alameda,2021-03-25,20821,862510,11591,526266,7819,319034,1411,17210,9561,205634,11190,336319,10961,541953,California
Alameda,2021-03-26,21210,883720,12795,539061,6840,325874,1575,18785,8600,203235,12561,348880,10162,552115,California
Alameda,2021-03-27,18501,902221,12619,551680,4923,330797,959,19744,7599,200926,10854,359734,8545,560660,California
Alameda,2021-03-28,10729,912950,8726,560406,1798,332595,205,19949,3490,197408,7220,366954,3702,564362,California
Alameda,2021-03-29,14923,927873,9513,569919,4411,337006,999,20948,5984,195488,8900,375854,6980,571342,California
Alameda,2021-03-30,18872,946745,9928,579847,7221,344227,1723,22671,9479,197324,9358,385212,11194,582536,California
Alameda,2021-03-31,19678,966423,10385,590232,7175,351402,2118,24789,9216,198213,10430,395642,11319,593855,California
Alameda,2021-04-01,23612,990035,10158,600390,7759,359161,5695,30484,11227,202772,12330,407972,16889,610744,California
Alameda,2021-04-02,24399,1014434,10036,610426,8478,367639,5885,36369,11850,207964,12507,420479,17699,628443,California
Alameda,2021-04-03,20527,1034961,9931,620357,5724,373363,4872,41241,10363,213050,10139,430618,15225,643668,California
Alameda,2021-04-04,10019,1044980,4005,624362,2302,375665,3712,44953,3461,213680,6538,437156,7168,650836,California
Alameda,2021-04-05,17993,1062973,7587,631949,5591,381256,4815,49768,7341,215208,10625,447781,12153,662989,California
Alameda,2021-04-06,22443,1085416,10806,642755,5758,387014,5879,55647,10203,219063,12202,459983,16057,679046,California
Alameda,2021-04-07,22789,1108205,11713,654468,5580,392594,5496,61143,11522,224842,11221,471204,17000,696046,California
Alameda,2021-04-08,25804,1134009,11662,666130,6104,398698,8038,69181,11042,229217,14680,485884,19055,715101,California
Alameda,2021-04-09,23694,1157703,10821,676951,7601,406299,5272,74453,12194,235213,11465,497349,17461,732562,California
Alameda,2021-04-10,19448,1177151,7520,684471,5697,411996,6231,80684,8274,238550,11148,508497,14485,747047,California
Alameda,2021-04-11,11105,1188256,4870,689341,2272,414268,3963,84647,4534,240480,6552,515049,8482,755529,California
Alameda,2021-04-12,18319,1206575,11885,701226,4436,418704,1998,86645,10324,244839,7956,523005,12315,767844,California
Alameda,2021-04-13,23275,1229850,14747,715973,8467,427171,61,86706,17094,255876,6125,529130,17162,785006,California
Alameda,2021-04-14,23403,1253253,15350,731323,8051,435222,2,86708,15684,263891,7677,536807,15692,800698,California
Alameda,2021-04-15,24471,1277724,15605,746928,8862,444084,4,86712,16162,271822,8244,545051,16175,816873,California
Alameda,2021-04-16,24879,1302603,14642,761570,10230,454314,7,86719,15904,278838,8910,553961,15926,832799,California
Alameda,2021-04-17,21179,1323782,14637,776207,6540,460854,2,86721,14637,286992,6499,560460,14653,847452,California
Alameda,2021-04-18,10131,1333913,7763,783970,2368,463222,0,86721,7017,290936,3082,563542,7026,854478,California
Alameda,2021-04-19,15881,1349794,9847,793817,6033,469255,1,86722,9192,293491,6647,570189,9202,863680,California
Alameda,2021-04-20,18476,1368270,11242,805059,7232,476487,2,86724,10084,295262,8336,578525,10107,873787,California
Alameda,2021-04-21,19459,1387729,11344,816403,8103,484590,12,86736,11298,298491,8102,586627,11331,885118,California
Alameda,2021-04-22,21665,1409394,13934,830337,7726,492316,5,86741,11489,299890,10120,596747,11519,896637,California
Alameda,2021-04-23,22005,1431399,14202,844539,7799,500115,4,86745,12260,302506,9676,606423,12292,908929,California
Alameda,2021-04-24,19078,1450477,14481,859020,4589,504704,8,86753,10076,303647,8956,615379,10097,919026,California
Alameda,2021-04-25,9028,1459505,7022,866042,2005,506709,1,86754,5912,306482,3087,618466,5922,924948,California
Alameda,2021-04-26,14546,1474051,10015,876057,4505,511214,26,86780,8990,309990,5518,623984,9026,933974,California
Alameda,2021-04-27,16502,1490553,9739,885796,6395,517609,368,87148,7747,309430,8699,632683,8139,942113,California
Alameda,2021-04-28,16641,1507194,10461,896257,5711,523320,469,87617,6719,306746,9887,642570,7203,949316,California
Alameda,2021-04-29,17356,1524550,10374,906631,6650,529970,332,87949,6419,302644,10876,653446,6774,956090,California
Alameda,2021-04-30,20280,1544830,12659,919290,7276,537246,345,88294,8326,299489,11867,665313,8712,964802,California
Alameda,2021-05-01,14056,1558886,9401,928691,4445,541691,210,88504,5243,296200,8771,674084,5482,970284,California
Alameda,2021-05-02,7107,1565993,4960,933651,1975,543666,172,88676,2896,295082,4189,678273,3071,973355,California
Alameda,2021-05-03,14612,1580605,10979,944630,3311,546977,322,88998,2863,286608,11692,689965,3218,976573,California
Alameda,2021-05-04,18426,1599031,13196,957826,4868,551845,362,89360,3704,276057,14653,704618,4102,980675,California
Alameda,2021-05-05,18395,1617426,13347,971173,4540,556385,508,89868,3745,265741,14585,719203,4269,984944,California
Alameda,2021-05-06,18782,1636208,14173,985346,3913,560298,696,90564,3692,255130,15012,734215,4401,989345,California
Alameda,2021-05-07,19290,1655498,12962,998308,5911,566209,417,90981,4411,245168,14807,749022,4845,994190,California
Alameda,2021-05-08,16520,1672018,11293,1009601,5014,571223,213,91194,3106,235131,13373,762395,3336,997526,California
Alameda,2021-05-09,8537,1680555,6986,1016587,1408,572631,143,91337,1438,229640,7077,769472,1586,999112,California
Alameda,2021-05-10,10193,1690748,6966,1023553,2903,575534,324,91661,2532,224880,7626,777098,2866,1001978,California
Alameda,2021-05-11,15299,1706047,8224,1031777,6760,582294,315,91976,2807,215596,12442,789540,3158,1005136,California
Alameda,2021-05-12,13396,1719443,8903,1040680,4050,586344,443,92419,2992,208709,10357,799897,3470,1008606,California
Alameda,2021-05-13,17794,1737237,12758,1053438,4493,590837,543,92962,5716,202983,12026,811923,6300,1014906,California
Alameda,2021-05-14,20607,1757844,13967,1067405,6172,597009,468,93430,7117,197172,13411,825334,7600,1022506,California
Alameda,2021-05-15,17118,1774962,12437,1079842,4449,601458,232,93662,5793,191927,11273,836607,6028,1028534,California
Alameda,2021-05-16,8426,1783388,7198,1087040,1131,602589,97,93759,2812,189259,5582,842189,2914,1031448,California
Alameda,2021-05-17,13473,1796861,10032,1097072,2912,605501,529,94288,4244,184858,9190,851379,4789,1036237,California
Alameda,2021-05-18,14257,1811118,10367,1107439,3465,608966,425,94713,5054,181182,9157,860536,5481,1041718,California
Alameda,2021-05-19,14516,1825634,9952,1117391,4225,613191,339,95052,6031,179119,8434,868970,6371,1048089,California
Alameda,2021-05-20,13293,1838927,8747,1126138,4012,617203,534,95586,5835,178082,7406,876376,6369,1054458,California
Alameda,2021-05-21,15298,1854225,10058,1136196,4968,622171,272,95858,5216,173561,10014,886390,5493,1059951,California
Alameda,2021-05-22,10297,1864522,7434,1143630,2695,624866,168,96026,4157,171781,6108,892498,4328,1064279,California
Alameda,2021-05-23,4953,1869475,3773,1147403,1091,625957,89,96115,1630,170198,3303,895801,1720,1065999,California
Alameda,2021-05-24,6997,1876472,3969,1151372,2770,628727,258,96373,2656,168817,4300,900101,2919,1068918,California
Alameda,2021-05-25,8029,1884501,5192,1156564,2579,631306,258,96631,3602,168282,4391,904492,3856,1072774,California
Alameda,2021-05-26,8298,1892799,5187,1161751,2807,634113,304,96935,3644,167596,4628,909120,3942,1076716,California
Alameda,2021-05-27,8158,1900957,4876,1166627,2881,636994,401,97336,3421,166719,4694,913814,3817,1080533,California
Alameda,2021-05-28,8630,1909587,5048,1171675,3358,640352,224,97560,3653,165647,4951,918765,3879,1084412,California
Alameda,2021-05-29,4951,1914538,2993,1174668,1771,642123,187,97747,2565,166037,2364,921129,2754,1087166,California
Alameda,2021-05-30,2445,1916983,1601,1176269,755,642878,89,97836,978,165648,1459,922588,1070,1088236,California
Alameda,2021-05-31,1156,1918139,855,1177124,246,643124,55,97891,347,165256,794,923382,402,1088638,California
Alameda,2021-06-01,7119,1925258,4989,1182113,1886,645010,244,98135,3096,164600,3997,927379,3341,1091979,California
Alameda,2021-06-02,5814,1931072,3614,1185727,1976,646986,224,98359,2250,163532,3533,930912,2465,1094444,California
Alameda,2021-06-03,8515,1939587,6438,1192165,1796,648782,281,98640,2944,161219,5534,936446,3221,1097665,California
Alameda,2021-06-04,10504,1950091,7751,1199916,2512,651294,241,98881,2973,156945,7490,943936,3216,1100881,California
Alameda,2021-06-05,8072,1958163,5865,1205781,2046,653340,161,99042,1909,152883,6130,950066,2068,1102949,California
Alameda,2021-06-06,3658,1961821,3300,1209081,277,653617,81,99123,1097,151509,2553,952619,1179,1104128,California
Alameda,2021-06-07,5866,1967687,4276,1213357,1413,655030,177,99300,1792,149427,4051,956670,1969,1106097,California
Alameda,2021-06-08,7275,1974962,5810,1219167,1223,656253,242,99542,2130,146679,5119,961789,2371,1108468,California
Alameda,2021-06-09,7292,1982254,5963,1225130,1135,657388,194,99736,1706,143012,5563,967352,1896,1110364,California
Alameda,2021-06-10,8008,1990262,6701,1231831,1000,658388,307,100043,2159,139650,5825,973177,2463,1112827,California
Alameda,2021-06-11,8045,1998307,6179,1238010,1643,660031,223,100266,2473,136806,5544,978721,2700,1115527,California
Alameda,2021-06-12,5507,2003814,4224,1242234,1095,661126,188,100454,1384,134283,4099,982820,1576,1117103,California
Alameda,2021-06-13,2257,2006071,1708,1243942,427,661553,122,100576,645,133447,1601,984421,765,1117868,California
Alameda,2021-06-14,4557,2010628,3432,1247374,915,662468,210,100786,1676,132472,2860,987281,1885,1119753,California
Alameda,2021-06-15,6013,2016641,4371,1251745,1362,663830,280,101066,1798,130372,4177,991458,2077,1121830,California
Alameda,2021-06-16,5156,2021797,4122,1255867,829,664659,205,101271,1528,128491,3611,995069,1730,1123560,California
Alameda,2021-06-17,5563,2027360,4497,1260364,837,665496,229,101500,1826,126843,3705,998774,2057,1125617,California
Alameda,2021-06-18,5911,2033271,4457,1264821,1202,666698,252,101752,1968,125142,3919,1002693,2218,1127835,California
Alameda,2021-06-19,3442,2036713,2603,1267424,681,667379,158,101910,1055,123979,2375,1005068,1212,1129047,California
Alameda,2021-06-20,1396,2038109,1164,1268588,187,667566,45,101955,522,123676,869,1005937,566,1129613,California
Alameda,2021-06-21,2710,2040819,1848,1270436,702,668268,160,102115,1392,123925,1303,1007240,1552,1131165,California
Alameda,2021-06-22,4531,2045350,3513,1273949,832,669100,186,102301,1394,122381,3122,1010362,1578,1132743,California
Alameda,2021-06-23,2096,2047446,1580,1275529,370,669470,146,102447,622,121681,1468,1011830,768,1133511,California
Alpine,2020-12-18,2,2,2,2,0,0,0,0,2,2,0,0,2,2,California
Alpine,2020-12-19,2,4,2,4,0,0,0,0,2,4,0,0,2,4,California
Alpine,2020-12-21,2,6,2,6,0,0,0,0,2,6,0,0,2,6,California
Alpine,2020-12-30,14,20,0,6,14,14,0,0,14,20,0,0,14,20,California
Alpine,2020-12-31,1,21,0,6,1,15,0,0,1,21,0,0,1,21,California
Alpine,2021-01-01,1,22,0,6,1,16,0,0,1,22,0,0,1,22,California
Alpine,2021-01-02,1,23,1,7,0,16,0,0,1,23,0,0,1,23,California
Alpine,2021-01-04,10,33,0,7,10,26,0,0,10,33,0,0,10,33,California
Alpine,2021-01-05,9,42,1,8,8,34,0,0,9,42,0,0,9,42,California
Alpine,2021-01-06,31,73,0,8,31,65,0,0,31,73,0,0,31,73,California
Alpine,2021-01-07,8,81,0,8,8,73,0,0,8,81,0,0,8,81,California
Alpine,2021-01-08,4,85,2,10,2,75,0,0,2,81,2,2,2,83,California
Alpine,2021-01-09,2,87,2,12,0,75,0,0,0,79,2,4,0,83,California
Alpine,2021-01-11,32,119,1,13,31,106,0,0,31,109,1,5,31,114,California
Alpine,2021-01-13,35,154,0,13,35,141,0,0,35,144,0,5,35,149,California
Alpine,2021-01-14,1,155,0,13,1,142,0,0,1,145,0,5,1,150,California
Alpine,2021-01-15,1,156,0,13,1,143,0,0,1,146,0,5,1,151,California
Alpine,2021-01-20,21,177,0,13,21,164,0,0,21,167,0,5,21,172,California
Alpine,2021-01-21,1,178,0,13,1,165,0,0,1,168,0,5,1,173,California
Alpine,2021-01-22,33,211,0,13,33,198,0,0,33,201,0,5,33,206,California
Alpine,2021-01-23,1,212,1,14,0,198,0,0,0,200,1,6,0,206,California
Alpine,2021-01-25,16,228,0,14,16,214,0,0,16,216,0,6,16,222,California
Alpine,2021-01-27,1,229,1,15,0,214,0,0,0,215,1,7,0,222,California
Alpine,2021-01-28,1,230,0,15,1,215,0,0,0,214,1,8,0,222,California
Alpine,2021-01-29,1,231,0,15,1,216,0,0,1,215,0,8,1,223,California
Alpine,2021-02-01,25,256,0,15,25,241,0,0,7,204,18,26,7,230,California
Alpine,2021-02-03,34,290,0,15,34,275,0,0,10,190,24,50,10,240,California
Alpine,2021-02-04,8,298,0,15,8,283,0,0,3,188,5,55,3,243,California
Alpine,2021-02-05,31,329,0,15,31,314,0,0,12,181,19,74,12,255,California
Alpine,2021-02-07,1,330,1,16,0,314,0,0,1,182,0,74,1,256,California
Alpine,2021-02-08,32,362,0,16,32,346,0,0,4,158,28,102,4,260,California
Alpine,2021-02-10,34,396,0,16,34,380,0,0,0,124,34,136,0,260,California
Alpine,2021-02-11,6,402,0,16,6,386,0,0,3,124,3,139,3,263,California
Alpine,2021-02-12,1,403,0,16,1,387,0,0,0,123,1,140,0,263,California
Alpine,2021-02-17,23,426,0,16,23,410,0,0,3,106,20,160,3,266,California
Alpine,2021-02-18,2,428,0,16,2,412,0,0,1,106,1,161,1,267,California
Alpine,2021-02-19,34,462,1,17,33,445,0,0,2,76,32,193,2,269,California
Alpine,2021-02-22,27,489,0,17,27,472,0,0,8,65,19,212,8,277,California
Alpine,2021-02-24,1,490,1,18,0,472,0,0,1,66,0,212,1,278,California
Alpine,2021-02-25,6,496,1,19,5,477,0,0,6,72,0,212,6,284,California
Alpine,2021-02-26,30,526,1,20,29,506,0,0,29,100,1,213,29,313,California
Alpine,2021-02-27,1,527,0,20,1,507,0,0,1,101,0,213,1,314,California
Alpine,2021-03-01,36,563,0,20,36,543,0,0,26,117,10,223,26,340,California
Alpine,2021-03-03,30,593,1,21,29,572,0,0,18,123,12,235,18,358,California
Alpine,2021-03-04,11,604,1,22,10,582,0,0,11,134,0,235,11,369,California
Alpine,2021-03-05,30,634,0,22,30,612,0,0,22,148,8,243,22,391,California
Alpine,2021-03-08,31,665,0,22,31,643,0,0,29,175,2,245,29,420,California
Alpine,2021-03-10,73,738,0,22,73,716,0,0,73,248,0,245,73,493,California
Alpine,2021-03-11,35,773,0,22,35,751,0,0,31,275,4,249,31,524,California
Alpine,2021-03-12,19,792,0,22,19,770,0,0,17,290,2,251,17,541,California
Alpine,2021-03-15,21,813,1,23,20,790,0,0,20,309,1,252,20,561,California
Alpine,2021-03-17,23,836,0,23,22,812,1,1,19,325,4,256,20,581,California
Alpine,2021-03-18,38,874,3,26,35,847,0,1,35,357,3,259,35,616,California
Alpine,2021-03-19,2,876,1,27,1,848,0,1,1,357,1,260,1,617,California
Alpine,2021-03-22,24,900,0,27,24,872,0,1,15,363,9,269,15,632,California
Alpine,2021-03-24,19,919,0,27,19,891,0,1,8,360,11,280,8,640,California
Alpine,2021-03-25,35,954,1,28,33,924,1,2,27,381,7,287,28,668,California
Alpine,2021-03-27,1,955,0,28,1,925,0,2,0,380,1,288,0,668,California
Alpine,2021-03-28,1,956,1,29,0,925,0,2,1,381,0,288,1,669,California
Alpine,2021-03-29,19,975,0,29,18,943,1,3,2,367,17,305,3,672,California
Alpine,2021-04-01,18,993,0,29,18,961,0,3,8,365,10,315,8,680,California
Alpine,2021-04-02,101,1094,1,30,100,1061,0,3,46,357,54,369,46,726,California
Alpine,2021-04-05,4,1098,1,31,3,1064,0,3,0,353,4,373,0,726,California
Alpine,2021-04-06,3,1101,2,33,1,1065,0,3,2,354,1,374,2,728,California
Alpine,2021-04-07,117,1218,0,33,116,1181,1,4,30,299,86,460,31,759,California
Alpine,2021-04-08,37,1255,0,33,35,1216,2,6,10,284,27,487,12,771,California
Alpine,2021-04-09,2,1257,0,33,2,1218,0,6,2,286,0,487,2,773,California
Alpine,2021-04-14,47,1304,0,33,47,1265,0,6,10,259,37,524,10,783,California
Alpine,2021-04-15,35,1339,0,33,35,1300,0,6,3,230,32,556,3,786,California
Alpine,2021-04-16,1,1340,0,33,1,1301,0,6,1,231,0,556,1,787,California
Alpine,2021-04-19,1,1341,0,33,1,1302,0,6,1,232,0,556,1,788,California
Alpine,2021-04-21,31,1372,0,33,31,1333,0,6,15,231,16,572,15,803,California
Alpine,2021-04-22,24,1396,0,33,24,1357,0,6,1,209,23,595,1,804,California
Alpine,2021-04-24,2,1398,2,35,0,1357,0,6,0,208,2,597,1,805,California
Alpine,2021-04-25,1,1399,1,36,0,1357,0,6,0,207,1,598,0,805,California
Alpine,2021-04-27,2,1401,1,37,1,1358,0,6,1,207,1,599,1,806,California
Alpine,2021-04-28,36,1437,0,37,36,1394,0,6,6,183,30,629,6,812,California
Alpine,2021-04-29,7,1444,1,38,6,1400,0,6,1,178,6,635,1,813,California
Alpine,2021-04-30,2,1446,1,39,0,1400,1,7,1,179,1,636,2,815,California
Alpine,2021-05-02,1,1447,0,39,0,1400,1,8,0,179,1,637,1,816,California
Alpine,2021-05-05,17,1464,0,39,17,1417,0,8,4,170,13,650,4,820,California
Alpine,2021-05-06,8,1472,0,39,8,1425,0,8,0,162,8,658,0,820,California
Alpine,2021-05-07,1,1473,0,39,1,1426,0,8,0,161,1,659,0,820,California
Alpine,2021-05-10,1,1474,0,39,1,1427,0,8,1,162,0,659,1,821,California
Alpine,2021-05-12,1,1475,0,39,0,1427,1,9,0,162,1,660,1,822,California
Alpine,2021-05-13,3,1478,0,39,3,1430,0,9,0,159,3,663,0,822,California
Alpine,2021-05-17,2,1480,0,39,2,1432,0,9,1,159,1,664,1,823,California
Alpine,2021-05-18,1,1481,0,39,1,1433,0,9,1,160,0,664,1,824,California
Alpine,2021-05-19,15,1496,0,39,15,1448,0,9,0,145,15,679,0,824,California
Alpine,2021-05-20,1,1497,1,40,0,1448,0,9,0,144,1,680,0,824,California
Alpine,2021-05-21,1,1498,1,41,0,1448,0,9,0,143,1,681,0,824,California
Alpine,2021-05-25,2,1500,0,41,2,1450,0,9,0,141,2,683,0,824,California
Alpine,2021-05-27,3,1503,2,43,1,1451,0,9,3,144,0,683,3,827,California
Alpine,2021-05-28,2,1505,1,44,1,1452,0,9,2,146,0,683,2,829,California
Alpine,2021-05-29,1,1506,0,44,1,1453,0,9,1,147,0,683,1,830,California
Alpine,2021-06-02,8,1514,0,44,8,1461,0,9,1,141,7,690,1,831,California
Alpine,2021-06-04,1,1515,0,44,1,1462,0,9,1,142,0,690,1,832,California
Alpine,2021-06-07,1,1516,0,44,1,1463,0,9,0,141,1,691,0,832,California
Alpine,2021-06-10,1,1517,1,45,0,1463,0,9,1,142,0,691,1,833,California
Alpine,2021-06-15,1,1518,0,45,1,1464,0,9,0,141,1,692,0,833,California
Alpine,2021-06-18,1,1519,1,46,0,1464,0,9,0,140,1,693,0,833,California
Alpine,2021-06-19,1,1520,1,47,0,1464,0,9,0,139,1,694,0,833,California
Amador,2020-12-16,2,2,2,2,0,0,0,0,2,2,0,0,2,2,California
Amador,2020-12-17,5,7,5,7,0,0,0,0,5,7,0,0,5,7,California
Amador,2020-12-18,45,52,45,52,0,0,0,0,45,52,0,0,45,52,California
Amador,2020-12-19,16,68,16,68,0,0,0,0,16,68,0,0,16,68,California
Amador,2020-12-20,4,72,4,72,0,0,0,0,4,72,0,0,4,72,California
Amador,2020-12-21,31,103,31,103,0,0,0,0,31,103,0,0,31,103,California
Amador,2020-12-22,35,138,34,137,1,1,0,0,35,138,0,0,35,138,California
Amador,2020-12-23,40,178,39,176,1,2,0,0,40,178,0,0,40,178,California
Amador,2020-12-24,5,183,3,179,2,4,0,0,5,183,0,0,5,183,California
Amador,2020-12-26,5,188,4,183,1,5,0,0,5,188,0,0,5,188,California
Amador,2020-12-27,1,189,0,183,1,6,0,0,1,189,0,0,1,189,California
Amador,2020-12-28,31,220,27,210,4,10,0,0,31,220,0,0,31,220,California
Amador,2020-12-29,25,245,18,228,7,17,0,0,25,245,0,0,25,245,California
Amador,2020-12-30,123,368,77,305,46,63,0,0,123,368,0,0,123,368,California
Amador,2020-12-31,194,562,169,474,25,88,0,0,194,562,0,0,194,562,California
Amador,2021-01-01,2,564,0,474,2,90,0,0,2,564,0,0,2,564,California
Amador,2021-01-02,57,621,57,531,0,90,0,0,57,621,0,0,57,621,California
Amador,2021-01-03,66,687,17,548,49,139,0,0,66,687,0,0,66,687,California
Amador,2021-01-04,125,812,2,550,123,262,0,0,125,812,0,0,125,812,California
Amador,2021-01-05,33,845,3,553,30,292,0,0,32,843,1,1,32,844,California
Amador,2021-01-06,40,885,11,564,29,321,0,0,36,875,4,5,36,880,California
Amador,2021-01-07,230,1115,69,633,161,482,0,0,218,1081,12,17,218,1098,California
Amador,2021-01-08,84,1199,69,702,15,497,0,0,41,1080,43,60,42,1140,California
Amador,2021-01-09,11,1210,11,713,0,497,0,0,2,1073,9,69,2,1142,California
Amador,2021-01-10,6,1216,4,717,2,499,0,0,2,1071,4,73,2,1144,California
Amador,2021-01-11,125,1341,44,761,81,580,0,0,88,1123,37,110,89,1233,California
Amador,2021-01-12,65,1406,50,811,15,595,0,0,41,1140,24,134,41,1274,California
Amador,2021-01-13,40,1446,24,835,16,611,0,0,28,1156,12,146,28,1302,California
Amador,2021-01-14,151,1597,23,858,128,739,0,0,141,1288,10,156,142,1444,California
Amador,2021-01-15,62,1659,26,884,36,775,0,0,53,1332,9,165,53,1497,California
Amador,2021-01-16,19,1678,12,896,7,782,0,0,13,1340,6,171,14,1511,California
Amador,2021-01-17,25,1703,5,901,20,802,0,0,25,1365,0,171,25,1536,California
Amador,2021-01-18,32,1735,28,929,4,806,0,0,10,1353,22,193,10,1546,California
Amador,2021-01-19,124,1859,100,1029,24,830,0,0,81,1391,43,236,81,1627,California
Amador,2021-01-20,183,2042,33,1062,150,980,0,0,168,1545,14,250,168,1795,California
Amador,2021-01-21,260,2302,229,1291,31,1011,0,0,149,1584,111,361,150,1945,California
Amador,2021-01-22,138,2440,75,1366,63,1074,0,0,132,1710,6,367,132,2077,California
Amador,2021-01-23,53,2493,33,1399,20,1094,0,0,50,1757,3,370,50,2127,California
Amador,2021-01-24,28,2521,12,1411,16,1110,0,0,25,1779,3,373,25,2152,California
Amador,2021-01-25,60,2581,29,1440,31,1141,0,0,42,1803,18,391,42,2194,California
Amador,2021-01-26,246,2827,17,1457,229,1370,0,0,236,2029,10,401,236,2430,California
Amador,2021-01-27,301,3128,33,1490,268,1638,0,0,254,2240,44,445,255,2685,California
Amador,2021-01-28,369,3497,97,1587,272,1910,0,0,288,2448,81,526,289,2974,California
Amador,2021-01-29,99,3596,33,1620,66,1976,0,0,84,2517,15,541,84,3058,California
Amador,2021-01-30,169,3765,37,1657,132,2108,0,0,164,2676,5,546,164,3222,California
Amador,2021-01-31,33,3798,28,1685,5,2113,0,0,32,2707,1,547,32,3254,California
Amador,2021-02-01,67,3865,24,1709,43,2156,0,0,40,2720,27,574,40,3294,California
Amador,2021-02-02,216,4081,66,1775,150,2306,0,0,129,2764,85,659,129,3423,California
Amador,2021-02-03,143,4224,39,1814,104,2410,0,0,91,2804,51,710,91,3514,California
Amador,2021-02-04,252,4476,75,1889,177,2587,0,0,164,2882,88,798,166,3680,California
Amador,2021-02-05,334,4810,64,1953,270,2857,0,0,316,3181,17,815,316,3996,California
Amador,2021-02-06,100,4910,81,2034,19,2876,0,0,95,3271,5,820,95,4091,California
Amador,2021-02-07,39,4949,35,2069,4,2880,0,0,35,3303,4,824,36,4127,California
Amador,2021-02-08,92,5041,64,2133,28,2908,0,0,73,3357,19,843,73,4200,California
Amador,2021-02-09,175,5216,82,2215,93,3001,0,0,109,3400,66,909,109,4309,California
Amador,2021-02-10,980,6196,80,2295,900,3901,0,0,946,4312,34,943,946,5255,California
Amador,2021-02-11,311,6507,120,2415,191,4092,0,0,200,4403,109,1052,200,5455,California
Amador,2021-02-12,330,6837,122,2537,208,4300,0,0,255,4583,75,1127,255,5710,California
Amador,2021-02-13,170,7007,83,2620,87,4387,0,0,144,4701,26,1153,144,5854,California
Amador,2021-02-14,122,7129,54,2674,68,4455,0,0,105,4789,17,1170,105,5959,California
Amador,2021-02-15,188,7317,61,2735,127,4582,0,0,171,4944,16,1186,171,6130,California
Amador,2021-02-16,464,7781,51,2786,413,4995,0,0,425,5331,39,1225,426,6556,California
Amador,2021-02-17,263,8044,84,2870,179,5174,0,0,165,5398,98,1323,165,6721,California
Amador,2021-02-18,397,8441,99,2969,298,5472,0,0,333,5667,64,1387,333,7054,California
Amador,2021-02-19,196,8637,78,3047,118,5590,0,0,111,5693,85,1472,111,7165,California
Amador,2021-02-20,96,8733,33,3080,63,5653,0,0,68,5733,28,1500,68,7233,California
Amador,2021-02-21,47,8780,34,3114,13,5666,0,0,14,5715,32,1532,14,7247,California
Amador,2021-02-22,65,8845,26,3140,39,5705,0,0,32,5715,32,1564,32,7279,California
Amador,2021-02-23,322,9167,56,3196,266,5971,0,0,141,5675,181,1745,141,7420,California
Amador,2021-02-24,396,9563,59,3255,337,6308,0,0,264,5810,129,1874,264,7684,California
Amador,2021-02-25,525,10088,119,3374,406,6714,0,0,279,5844,245,2119,279,7963,California
Amador,2021-02-26,634,10722,81,3455,553,7267,0,0,516,6243,117,2236,516,8479,California
Amador,2021-02-27,293,11015,94,3549,199,7466,0,0,102,6157,190,2426,104,8583,California
Amador,2021-02-28,107,11122,56,3605,51,7517,0,0,61,6174,46,2472,63,8646,California
Amador,2021-03-01,199,11321,70,3675,129,7646,0,0,127,6230,72,2544,128,8774,California
Amador,2021-03-02,382,11703,63,3738,319,7965,0,0,333,6515,49,2593,334,9108,California
Amador,2021-03-03,243,11946,79,3817,164,8129,0,0,167,6608,75,2668,168,9276,California
Amador,2021-03-04,499,12445,116,3933,383,8512,0,0,396,6902,102,2770,396,9672,California
Amador,2021-03-05,515,12960,77,4010,438,8950,0,0,294,6979,219,2989,296,9968,California
Amador,2021-03-06,103,13063,50,4060,52,9002,1,1,57,6991,46,3035,58,10026,California
Amador,2021-03-07,65,13128,44,4104,21,9023,0,1,22,6970,43,3078,22,10048,California
Amador,2021-03-08,153,13281,71,4175,81,9104,1,2,92,7002,61,3139,93,10141,California
Amador,2021-03-09,375,13656,51,4226,324,9428,0,2,294,7219,77,3216,294,10435,California
Amador,2021-03-10,519,14175,77,4303,440,9868,2,4,112,6928,407,3623,116,10551,California
Amador,2021-03-11,479,14654,120,4423,349,10217,10,14,301,7065,177,3800,314,10865,California
Amador,2021-03-12,574,15228,70,4493,497,10714,7,21,338,7181,235,4035,351,11216,California
Amador,2021-03-13,116,15344,18,4511,91,10805,7,28,74,7225,42,4077,86,11302,California
Amador,2021-03-14,89,15433,19,4530,67,10872,3,31,22,7183,67,4144,25,11327,California
Amador,2021-03-15,183,15616,27,4557,149,11021,7,38,56,7120,127,4271,64,11391,California
Amador,2021-03-16,453,16069,54,4611,389,11410,10,48,139,6957,312,4583,149,11540,California
Amador,2021-03-17,384,16453,43,4654,338,11748,3,51,263,7102,121,4704,266,11806,California
Amador,2021-03-18,512,16965,99,4753,409,12157,4,55,257,7111,255,4959,264,12070,California
Amador,2021-03-19,540,17505,57,4810,468,12625,15,70,389,7369,149,5108,407,12477,California
Amador,2021-03-20,111,17616,46,4856,65,12690,0,70,46,7353,64,5172,48,12525,California
Amador,2021-03-21,50,17666,37,4893,12,12702,1,71,30,7367,19,5191,33,12558,California
Amador,2021-03-22,115,17781,34,4927,53,12755,28,99,50,7380,65,5256,78,12636,California
Amador,2021-03-23,434,18215,47,4974,380,13135,7,106,275,7505,158,5414,283,12919,California
Amador,2021-03-24,342,18557,35,5009,55,13190,252,358,35,7486,306,5720,287,13206,California
Amador,2021-03-25,610,19167,86,5095,517,13707,7,365,394,7672,215,5935,401,13607,California
Amador,2021-03-26,749,19916,44,5139,698,14405,7,372,284,7503,463,6398,294,13901,California
Amador,2021-03-27,90,20006,15,5154,73,14478,2,374,27,7471,63,6461,31,13932,California
Amador,2021-03-28,70,20076,16,5170,52,14530,2,376,12,7429,57,6518,15,13947,California
Amador,2021-03-29,183,20259,27,5197,155,14685,1,377,78,7410,103,6621,84,14031,California
Amador,2021-03-30,535,20794,28,5225,506,15191,1,378,293,7463,241,6862,294,14325,California
Amador,2021-03-31,201,20995,58,5283,138,15329,5,383,44,7357,155,7017,49,14374,California
Amador,2021-04-01,616,21611,87,5370,529,15858,0,383,265,7275,349,7366,267,14641,California
Amador,2021-04-02,611,22222,39,5409,559,16417,13,396,382,7444,228,7594,397,15038,California
Amador,2021-04-03,87,22309,24,5433,43,16460,20,416,21,7421,66,7660,43,15081,California
Amador,2021-04-04,38,22347,3,5436,29,16489,6,422,15,7419,23,7683,21,15102,California
Amador,2021-04-05,146,22493,53,5489,76,16565,17,439,50,7393,95,7778,69,15171,California
Amador,2021-04-06,505,22998,39,5528,448,17013,18,457,224,7356,279,8057,242,15413,California
Amador,2021-04-07,100,23098,34,5562,47,17060,19,476,43,7363,55,8112,62,15475,California
Amador,2021-04-08,498,23596,84,5646,393,17453,21,497,222,7331,275,8387,243,15718,California
Amador,2021-04-09,483,24079,21,5667,442,17895,20,517,214,7294,268,8655,231,15949,California
Amador,2021-04-10,50,24129,14,5681,27,17922,9,526,22,7297,28,8683,31,15980,California
Amador,2021-04-11,50,24179,25,5706,21,17943,4,530,23,7298,26,8709,27,16007,California
Amador,2021-04-12,98,24277,26,5732,62,18005,10,540,42,7294,56,8765,52,16059,California
Amador,2021-04-13,346,24623,49,5781,297,18302,0,540,66,7082,279,9044,67,16126,California
Amador,2021-04-14,280,24903,26,5807,254,18556,0,540,56,6918,221,9265,57,16183,California
Amador,2021-04-15,340,25243,77,5884,263,18819,0,540,71,6731,258,9523,71,16254,California
Amador,2021-04-16,482,25725,29,5913,453,19272,0,540,385,7020,96,9619,385,16639,California
Amador,2021-04-17,62,25787,34,5947,28,19300,0,540,26,7010,36,9655,26,16665,California
Amador,2021-04-18,28,25815,8,5955,20,19320,0,540,12,7008,15,9670,13,16678,California
Amador,2021-04-19,69,25884,27,5982,42,19362,0,540,30,7002,38,9708,32,16710,California
Amador,2021-04-20,438,26322,55,6037,383,19745,0,540,110,6793,321,10029,112,16822,California
Amador,2021-04-21,88,26410,34,6071,53,19798,1,541,44,6796,42,10071,45,16867,California
Amador,2021-04-22,507,26917,78,6149,428,20226,1,542,103,6513,387,10458,104,16971,California
Amador,2021-04-23,363,27280,47,6196,316,20542,0,542,285,6727,73,10531,287,17258,California
Amador,2021-04-24,50,27330,25,6221,25,20567,0,542,29,6736,20,10551,29,17287,California
Amador,2021-04-25,41,27371,19,6240,22,20589,0,542,29,6753,12,10563,29,17316,California
Amador,2021-04-26,92,27463,27,6267,64,20653,1,543,43,6751,48,10611,46,17362,California
Amador,2021-04-27,501,27964,44,6311,456,21109,1,544,91,6438,406,11017,93,17455,California
Amador,2021-04-28,69,28033,29,6340,37,21146,3,547,41,6454,28,11045,44,17499,California
Amador,2021-04-29,224,28257,69,6409,46,21192,109,656,65,6468,159,11204,173,17672,California
Amador,2021-04-30,341,28598,26,6435,311,21503,4,660,95,6322,246,11450,100,17772,California
Amador,2021-05-01,43,28641,15,6450,23,21526,5,665,22,6330,19,11469,27,17799,California
Amador,2021-05-02,28,28669,14,6464,11,21537,3,668,11,6328,17,11486,15,17814,California
Amador,2021-05-03,67,28736,33,6497,24,21561,10,678,27,6325,40,11526,37,17851,California
Amador,2021-05-04,467,29203,28,6525,432,21993,7,685,68,6001,399,11925,75,17926,California
Amador,2021-05-05,204,29407,151,6676,44,22037,9,694,161,6129,40,11965,168,18094,California
Amador,2021-05-06,110,29517,56,6732,49,22086,5,699,63,6152,45,12010,68,18162,California
Amador,2021-05-07,126,29643,29,6761,90,22176,7,706,66,6165,60,12070,73,18235,California
Amador,2021-05-08,41,29684,8,6769,30,22206,3,709,20,6167,21,12091,23,18258,California
Amador,2021-05-09,16,29700,1,6770,9,22215,6,715,4,6165,12,12103,10,18268,California
Amador,2021-05-10,62,29762,15,6785,44,22259,3,718,26,6158,36,12139,29,18297,California
Amador,2021-05-11,102,29864,34,6819,42,22301,26,744,45,6172,57,12196,71,18368,California
Amador,2021-05-12,68,29932,24,6843,41,22342,3,747,32,6171,36,12232,35,18403,California
Amador,2021-05-13,76,30008,40,6883,30,22372,6,753,37,6176,38,12270,43,18446,California
Amador,2021-05-14,399,30407,38,6921,357,22729,4,757,88,5960,310,12580,94,18540,California
Amador,2021-05-15,51,30458,20,6941,21,22750,10,767,23,5966,28,12608,34,18574,California
Amador,2021-05-16,38,30496,15,6956,23,22773,0,767,17,5962,21,12629,17,18591,California
Amador,2021-05-17,75,30571,22,6978,51,22824,2,769,35,5961,39,12668,38,18629,California
Amador,2021-05-18,252,30823,172,7150,45,22869,35,804,167,6079,84,12752,202,18831,California
Amador,2021-05-19,75,30898,24,7174,47,22916,4,808,35,6081,39,12791,41,18872,California
Amador,2021-05-20,88,30986,46,7220,37,22953,5,813,29,6057,58,12849,34,18906,California
Amador,2021-05-21,273,31259,29,7249,242,23195,2,815,39,5864,234,13083,41,18947,California
Amador,2021-05-22,47,31306,16,7265,26,23221,5,820,13,5849,34,13117,19,18966,California
Amador,2021-05-23,26,31332,4,7269,19,23240,3,823,5,5836,21,13138,8,18974,California
Amador,2021-05-24,87,31419,28,7297,47,23287,12,835,39,5839,48,13186,51,19025,California
Amador,2021-05-25,139,31558,87,7384,27,23314,25,860,80,5887,57,13243,105,19130,California
Amador,2021-05-26,205,31763,161,7545,37,23351,7,867,41,5771,163,13406,47,19177,California
Amador,2021-05-27,81,31844,36,7581,36,23387,9,876,30,5759,51,13457,39,19216,California
Amador,2021-05-28,69,31913,26,7607,39,23426,4,880,29,5752,40,13497,33,19249,California
Amador,2021-05-29,26,31939,2,7609,21,23447,3,883,10,5749,16,13513,13,19262,California
Amador,2021-05-30,19,31958,5,7614,8,23455,6,889,5,5746,14,13527,11,19273,California
Amador,2021-05-31,10,31968,0,7614,9,23464,1,890,2,5741,8,13535,3,19276,California
Amador,2021-06-01,96,32064,67,7681,24,23488,5,895,43,5737,52,13587,48,19324,California
Amador,2021-06-02,47,32111,17,7698,22,23510,8,903,17,5733,30,13617,26,19350,California
Amador,2021-06-03,59,32170,26,7724,28,23538,5,908,19,5718,39,13656,24,19374,California
Amador,2021-06-04,101,32271,22,7746,58,23596,21,929,23,5684,78,13734,44,19418,California
Amador,2021-06-05,39,32310,16,7762,20,23616,3,932,4,5656,35,13769,7,19425,California
Amador,2021-06-06,18,32328,8,7770,9,23625,1,933,8,5655,10,13779,9,19434,California
Amador,2021-06-07,45,32373,18,7788,23,23648,4,937,17,5648,28,13807,21,19455,California
Amador,2021-06-08,176,32549,140,7928,25,23673,11,948,55,5595,120,13927,67,19522,California
Amador,2021-06-09,48,32597,19,7947,20,23693,9,957,12,5580,36,13963,21,19543,California
Amador,2021-06-10,54,32651,22,7969,20,23713,12,969,19,5576,35,13998,31,19574,California
Amador,2021-06-11,56,32707,17,7986,34,23747,5,974,17,5559,39,14037,22,19596,California
Amador,2021-06-12,22,32729,9,7995,11,23758,2,976,8,5556,13,14050,10,19606,California
Amador,2021-06-13,9,32738,2,7997,6,23764,1,977,2,5552,7,14057,3,19609,California
Amador,2021-06-14,47,32785,24,8021,20,23784,3,980,14,5536,33,14090,17,19626,California
Amador,2021-06-15,42,32827,11,8032,19,23803,12,992,17,5540,25,14115,29,19655,California
Amador,2021-06-16,75,32902,34,8066,31,23834,10,1002,34,5543,41,14156,44,19699,California
Amador,2021-06-17,47,32949,23,8089,20,23854,4,1006,28,5557,18,14174,32,19731,California
Amador,2021-06-18,155,33104,119,8208,29,23883,7,1013,62,5533,93,14267,69,19800,California
Amador,2021-06-19,31,33135,8,8216,15,23898,8,1021,11,5533,20,14287,20,19820,California
Amador,2021-06-20,8,33143,6,8222,1,23899,1,1022,3,5532,5,14292,4,19824,California
Amador,2021-06-21,46,33189,14,8236,23,23922,9,1031,15,5525,31,14323,24,19848,California
Amador,2021-06-22,48,33237,28,8264,18,23940,2,1033,35,5549,13,14336,37,19885,California
Amador,2021-06-23,20,33257,16,8280,4,23944,0,1033,16,5561,4,14340,16,19901,California
Butte,2020-12-16,3,3,3,3,0,0,0,0,3,3,0,0,3,3,California
Butte,2020-12-17,21,24,21,24,0,0,0,0,21,24,0,0,21,24,California
Butte,2020-12-18,51,75,51,75,0,0,0,0,51,75,0,0,51,75,California
Butte,2020-12-19,7,82,7,82,0,0,0,0,7,82,0,0,7,82,California
Butte,2020-12-20,10,92,10,92,0,0,0,0,10,92,0,0,10,92,California
Butte,2020-12-21,631,723,631,723,0,0,0,0,631,723,0,0,631,723,California
Butte,2020-12-22,619,1342,617,1340,2,2,0,0,619,1342,0,0,619,1342,California
Butte,2020-12-23,877,2219,861,2201,16,18,0,0,877,2219,0,0,877,2219,California
Butte,2020-12-24,159,2378,155,2356,4,22,0,0,159,2378,0,0,159,2378,California
Butte,2020-12-26,92,2470,90,2446,2,24,0,0,92,2470,0,0,92,2470,California
Butte,2020-12-27,35,2505,34,2480,1,25,0,0,35,2505,0,0,35,2505,California
Butte,2020-12-28,279,2784,273,2753,6,31,0,0,279,2784,0,0,279,2784,California
Butte,2020-12-29,205,2989,181,2934,24,55,0,0,205,2989,0,0,205,2989,California
Butte,2020-12-30,513,3502,291,3225,222,277,0,0,513,3502,0,0,513,3502,California
Butte,2020-12-31,213,3715,18,3243,195,472,0,0,213,3715,0,0,213,3715,California
Butte,2021-01-01,11,3726,3,3246,8,480,0,0,11,3726,0,0,11,3726,California
Butte,2021-01-02,40,3766,37,3283,3,483,0,0,40,3766,0,0,40,3766,California
Butte,2021-01-03,3,3769,0,3283,3,486,0,0,3,3769,0,0,3,3769,California
Butte,2021-01-04,208,3977,175,3458,33,519,0,0,208,3977,0,0,208,3977,California
Butte,2021-01-05,197,4174,152,3610,45,564,0,0,196,4172,1,1,196,4173,California
Butte,2021-01-06,626,4800,396,4006,230,794,0,0,621,4789,5,6,622,4795,California
Butte,2021-01-07,762,5562,369,4375,393,1187,0,0,742,5511,20,26,742,5537,California
Butte,2021-01-08,673,6235,531,4906,142,1329,0,0,626,6090,47,73,626,6163,California
Butte,2021-01-09,12,6247,7,4913,5,1334,0,0,7,6092,5,78,7,6170,California
Butte,2021-01-10,19,6266,5,4918,14,1348,0,0,14,6101,5,83,14,6184,California
Butte,2021-01-11,984,7250,948,5866,36,1384,0,0,357,5834,627,710,360,6544,California
Butte,2021-01-12,700,7950,655,6521,45,1429,0,0,276,5686,424,1134,276,6820,California
Butte,2021-01-13,1571,9521,1076,7597,495,1924,0,0,728,5574,842,1976,730,7550,California
Butte,2021-01-14,1638,11159,893,8490,745,2669,0,0,1441,6819,196,2172,1441,8991,California
Butte,2021-01-15,1062,12221,819,9309,243,2912,0,0,953,7662,110,2282,953,9944,California
Butte,2021-01-16,588,12809,301,9610,287,3199,0,0,544,8162,44,2326,544,10488,California
Butte,2021-01-17,239,13048,64,9674,175,3374,0,0,201,8325,38,2364,201,10689,California
Butte,2021-01-18,347,13395,305,9979,42,3416,0,0,279,8537,67,2431,279,10968,California
Butte,2021-01-19,495,13890,433,10412,62,3478,0,0,222,8486,273,2704,222,11190,California
Butte,2021-01-20,1373,15263,690,11102,683,4161,0,0,1070,9253,303,3007,1070,12260,California
Butte,2021-01-21,1479,16742,868,11970,611,4772,0,0,1371,10517,107,3114,1371,13631,California
Butte,2021-01-22,1140,17882,482,12452,658,5430,0,0,1086,11549,54,3168,1086,14717,California
Butte,2021-01-23,127,18009,85,12537,42,5472,0,0,102,11626,25,3193,102,14819,California
Butte,2021-01-24,8,18017,6,12543,2,5474,0,0,8,11634,0,3193,8,14827,California
Butte,2021-01-25,660,18677,338,12881,322,5796,0,0,497,11968,163,3356,497,15324,California
Butte,2021-01-26,1473,20150,378,13259,1095,6891,0,0,1336,13167,137,3493,1336,16660,California
Butte,2021-01-27,2109,22259,707,13966,1402,8293,0,0,1374,13807,734,4227,1374,18034,California
Butte,2021-01-28,2268,24527,261,14227,2007,10300,0,0,1956,15452,311,4538,1956,19990,California
Butte,2021-01-29,1695,26222,492,14719,1203,11503,0,0,1313,16385,380,4918,1313,21303,California
Butte,2021-01-30,31,26253,8,14727,23,11526,0,0,29,16412,2,4920,29,21332,California
Butte,2021-01-31,16,26269,14,14741,2,11528,0,0,15,16426,1,4921,15,21347,California
Butte,2021-02-01,1760,28029,406,15147,1354,12882,0,0,1367,17404,389,5310,1367,22714,California
Butte,2021-02-02,1938,29967,362,15509,1576,14458,0,0,1635,18735,304,5614,1635,24349,California
Butte,2021-02-03,2751,32718,780,16289,1971,16429,0,0,1853,19692,896,6510,1853,26202,California
Butte,2021-02-04,2967,35685,324,16613,2643,19072,0,0,2409,21545,556,7066,2409,28611,California
Butte,2021-02-05,1275,36960,667,17280,608,19680,0,0,552,21375,723,7789,553,29164,California
Butte,2021-02-06,149,37109,104,17384,45,19725,0,0,65,21356,84,7873,65,29229,California
Butte,2021-02-07,39,37148,35,17419,4,19729,0,0,14,21345,25,7898,14,29243,California
Butte,2021-02-08,700,37848,548,17967,152,19881,0,0,242,21129,458,8356,242,29485,California
Butte,2021-02-09,954,38802,460,18427,494,20375,0,0,723,21621,231,8587,723,30208,California
Butte,2021-02-10,1710,40512,1191,19618,519,20894,0,0,672,21257,1036,9623,672,30880,California
Butte,2021-02-11,2205,42717,1346,20964,859,21753,0,0,1005,21062,1200,10823,1005,31885,California
Butte,2021-02-12,1003,43720,437,21401,566,22319,0,0,326,20712,676,11499,326,32211,California
Butte,2021-02-13,250,43970,43,21444,207,22526,0,0,149,20760,101,11600,149,32360,California
Butte,2021-02-14,164,44134,10,21454,154,22680,0,0,158,20912,6,11606,158,32518,California
Butte,2021-02-15,262,44396,48,21502,214,22894,0,0,196,21042,66,11672,196,32714,California
Butte,2021-02-16,737,45133,435,21937,302,23196,0,0,280,20864,458,12130,280,32994,California
Butte,2021-02-17,1519,46652,849,22786,670,23866,0,0,844,21035,673,12803,844,33838,California
Butte,2021-02-18,1568,48220,767,23553,801,24667,0,0,756,20979,812,13615,756,34594,California
Butte,2021-02-19,1168,49388,390,23943,778,25445,0,0,400,20618,761,14376,400,34994,California
Butte,2021-02-20,479,49867,32,23975,447,25892,0,0,126,20392,352,14728,126,35120,California
Butte,2021-02-21,18,49885,16,23991,2,25894,0,0,13,20400,5,14733,13,35133,California
Butte,2021-02-22,1504,51389,295,24286,1209,27103,0,0,376,19651,1125,15858,376,35509,California
Butte,2021-02-23,1639,53028,296,24582,1343,28446,0,0,465,18948,1168,17026,465,35974,California
Butte,2021-02-24,2138,55166,596,25178,1542,29988,0,0,722,18262,1408,18434,722,36696,California
Butte,2021-02-25,2080,57246,577,25755,1503,31491,0,0,653,17495,1421,19855,654,37350,California
Butte,2021-02-26,924,58170,310,26065,614,32105,0,0,399,17373,521,20376,399,37749,California
Butte,2021-02-27,241,58411,50,26115,191,32296,0,0,189,17512,50,20426,189,37938,California
Butte,2021-02-28,143,58554,17,26132,126,32422,0,0,135,17639,8,20434,135,38073,California
Butte,2021-03-01,1640,60194,180,26312,1459,33881,1,1,337,16679,1298,21732,338,38411,California
Butte,2021-03-02,1752,61946,200,26512,1552,35433,0,1,306,15543,1442,23174,306,38717,California
Butte,2021-03-03,2795,64741,856,27368,1939,37372,0,1,483,13719,2307,25481,483,39200,California
Butte,2021-03-04,3158,67899,683,28051,2475,39847,0,1,631,11825,2525,28006,631,39831,California
Butte,2021-03-05,1360,69259,621,28672,738,40585,1,2,736,11943,620,28626,738,40569,California
Butte,2021-03-06,250,69509,27,28699,200,40785,23,25,187,12091,62,28688,210,40779,California
Butte,2021-03-07,55,69564,3,28702,35,40820,17,42,30,12113,25,28713,47,40826,California
Butte,2021-03-08,1274,70838,131,28833,1064,41884,79,121,1103,13127,168,28881,1182,42008,California
Butte,2021-03-09,1907,72745,284,29117,1521,43405,102,223,1412,14150,491,29372,1514,43522,California
Butte,2021-03-10,2321,75066,970,30087,1251,44656,100,323,1579,15093,736,30108,1679,45201,California
Butte,2021-03-11,2816,77882,1322,31409,1368,46024,126,449,1980,16374,825,30933,2106,47307,California
Butte,2021-03-12,1165,79047,333,31742,465,46489,367,816,355,16292,804,31737,722,48029,California
Butte,2021-03-13,274,79321,70,31812,143,46632,61,877,65,16208,209,31946,125,48154,California
Butte,2021-03-14,164,79485,16,31828,106,46738,42,919,21,16129,142,32088,63,48217,California
Butte,2021-03-15,1740,81225,358,32186,1088,47826,294,1213,1145,16982,586,32674,1439,49656,California
Butte,2021-03-16,1660,82885,422,32608,1159,48985,79,1292,1111,17627,544,33218,1189,50845,California
Butte,2021-03-17,1958,84843,1356,33964,521,49506,81,1373,1137,18031,813,34031,1217,52062,California
Butte,2021-03-18,1812,86655,1464,35428,219,49725,129,1502,1062,18477,744,34775,1190,53252,California
Butte,2021-03-19,697,87352,312,35740,301,50026,84,1586,344,18561,344,35119,428,53680,California
Butte,2021-03-20,208,87560,31,35771,161,50187,16,1602,97,18563,111,35230,113,53793,California
Butte,2021-03-21,70,87630,37,35808,4,50191,29,1631,22,18568,46,35276,51,53844,California
Butte,2021-03-22,1488,89118,355,36163,1039,51230,94,1725,1223,19622,263,35539,1317,55161,California
Butte,2021-03-23,1858,90976,521,36684,1223,52453,114,1839,1505,20892,349,35888,1619,56780,California
Butte,2021-03-24,2267,93243,1270,37954,871,53324,126,1965,1713,22181,549,36437,1838,58618,California
Butte,2021-03-25,1486,94729,1200,39154,194,53518,92,2057,1018,22827,464,36901,1110,59728,California
Butte,2021-03-26,1213,95942,442,39596,524,54042,247,2304,563,22994,643,37544,810,60538,California
Butte,2021-03-27,304,96246,85,39681,195,54237,24,2328,135,22985,166,37710,157,60695,California
Butte,2021-03-28,228,96474,44,39725,176,54413,8,2336,102,22971,123,37833,109,60804,California
Butte,2021-03-29,1763,98237,382,40107,1311,55724,70,2406,1342,23967,416,38249,1412,62216,California
Butte,2021-03-30,1037,99274,471,40578,476,56200,90,2496,490,24006,541,38790,580,62796,California
Butte,2021-03-31,1777,101051,1302,41880,408,56608,67,2563,1084,24471,686,39476,1151,63947,California
Butte,2021-04-01,3339,104390,2713,44593,497,57105,129,2692,2262,25792,1070,40546,2391,66338,California
Butte,2021-04-02,1008,105398,422,45015,465,57570,121,2813,568,26047,432,40978,687,67025,California
Butte,2021-04-03,346,105744,47,45062,225,57795,74,2887,164,26103,182,41160,238,67263,California
Butte,2021-04-04,189,105933,25,45087,141,57936,23,2910,111,26161,76,41236,134,67397,California
Butte,2021-04-05,1972,107905,420,45507,1381,59317,171,3081,595,25557,1368,42604,764,68161,California
Butte,2021-04-06,2215,110120,620,46127,1172,60489,423,3504,804,25380,1402,44006,1225,69386,California
Butte,2021-04-07,3040,113160,1322,47449,1325,61814,393,3897,716,24171,2318,46324,1109,70495,California
Butte,2021-04-08,2753,115913,1201,48650,1283,63097,269,4166,458,22606,2292,48616,727,71222,California
Butte,2021-04-09,1378,117291,354,49004,542,63639,482,4648,330,22369,1044,49660,807,72029,California
Butte,2021-04-10,228,117519,48,49052,80,63719,100,4748,102,22445,125,49785,201,72230,California
Butte,2021-04-11,107,117626,44,49096,53,63772,10,4758,83,22515,23,49808,93,72323,California
Butte,2021-04-12,1415,119041,315,49411,966,64738,134,4892,235,21704,1180,50988,369,72692,California
Butte,2021-04-13,1653,120694,574,49985,1073,65811,6,4898,345,20754,1301,52289,351,73043,California
Butte,2021-04-14,2851,123545,2358,52343,493,66304,0,4898,1328,20565,1518,53807,1329,74372,California
Butte,2021-04-15,643,124188,394,52737,249,66553,0,4898,484,20894,155,53962,484,74856,California
Butte,2021-04-16,815,125003,418,53155,397,66950,0,4898,481,21043,332,54294,481,75337,California
Butte,2021-04-17,345,125348,61,53216,284,67234,0,4898,241,21182,102,54396,241,75578,California
Butte,2021-04-18,48,125396,14,53230,34,67268,0,4898,43,21220,5,54401,43,75621,California
Butte,2021-04-19,1563,126959,381,53611,1182,68450,0,4898,427,20514,1133,55534,427,76048,California
Butte,2021-04-20,1992,128951,727,54338,1265,69715,0,4898,751,20032,1233,56767,751,76799,California
Butte,2021-04-21,2050,131001,1167,55505,883,70598,0,4898,467,18923,1576,58343,467,77266,California
Butte,2021-04-22,2232,133233,1949,57454,283,70881,0,4898,617,17929,1611,59954,617,77883,California
Butte,2021-04-23,944,134177,447,57901,497,71378,0,4898,486,17958,457,60411,486,78369,California
Butte,2021-04-24,347,134524,137,58038,210,71588,0,4898,190,17992,156,60567,190,78559,California
Butte,2021-04-25,174,134698,69,58107,105,71693,0,4898,65,17948,109,60676,65,78624,California
Butte,2021-04-26,1563,136261,458,58565,1100,72793,5,4903,406,17207,1152,61828,411,79035,California
Butte,2021-04-27,1024,137285,684,59249,313,73106,27,4930,587,17390,432,62260,615,79650,California
Butte,2021-04-28,1391,138676,937,60186,429,73535,25,4955,501,17030,886,63146,526,80176,California
Butte,2021-04-29,891,139567,544,60730,322,73857,25,4980,302,16774,583,63729,327,80503,California
Butte,2021-04-30,897,140464,390,61120,486,74343,21,5001,449,16802,441,64170,469,80972,California
Butte,2021-05-01,242,140706,64,61184,158,74501,20,5021,72,16724,168,64338,90,81062,California
Butte,2021-05-02,151,140857,63,61247,75,74576,13,5034,44,16674,107,64445,57,81119,California
Butte,2021-05-03,635,141492,257,61504,347,74923,31,5065,177,16434,448,64893,208,81327,California
Butte,2021-05-04,821,142313,317,61821,472,75395,32,5097,213,16076,602,65495,244,81571,California
Butte,2021-05-05,1340,143653,1090,62911,213,75608,37,5134,276,15330,1058,66553,312,81883,California
Butte,2021-05-06,934,144587,672,63583,225,75833,37,5171,359,15154,572,67125,396,82279,California
Butte,2021-05-07,561,145148,291,63874,234,76067,36,5207,286,15203,272,67397,321,82600,California
Butte,2021-05-08,169,145317,35,63909,125,76192,9,5216,87,15218,81,67478,96,82696,California
Butte,2021-05-09,93,145410,20,63929,70,76262,3,5219,49,15226,44,67522,52,82748,California
Butte,2021-05-10,516,145926,305,64234,168,76430,43,5262,210,15176,303,67825,253,83001,California
Butte,2021-05-11,870,146796,643,64877,169,76599,58,5320,277,14921,590,68415,335,83336,California
Butte,2021-05-12,766,147562,482,65359,238,76837,46,5366,343,14892,418,68833,389,83725,California
Butte,2021-05-13,913,148475,609,65968,242,77079,62,5428,334,14718,568,69401,394,84119,California
Butte,2021-05-14,833,149308,521,66489,282,77361,30,5458,363,14643,467,69868,392,84511,California
Butte,2021-05-15,482,149790,224,66713,226,77587,32,5490,224,14642,257,70125,256,84767,California
Butte,2021-05-16,168,149958,82,66795,68,77655,18,5508,98,14689,69,70194,116,84883,California
Butte,2021-05-17,757,150715,484,67279,224,77879,49,5557,324,14631,430,70624,372,85255,California
Butte,2021-05-18,1065,151780,733,68012,284,78163,48,5605,476,14572,583,71207,524,85779,California
Butte,2021-05-19,827,152607,536,68548,247,78410,44,5649,329,14451,493,71700,372,86151,California
Butte,2021-05-20,979,153586,654,69202,215,78625,110,5759,389,14362,587,72287,498,86649,California
Butte,2021-05-21,890,154476,544,69746,320,78945,26,5785,306,14113,580,72867,331,86980,California
Butte,2021-05-22,299,154775,138,69884,146,79091,15,5800,146,14123,150,73017,160,87140,California
Butte,2021-05-23,124,154899,75,69959,48,79139,1,5801,79,14158,45,73062,80,87220,California
Butte,2021-05-24,340,155239,153,70112,137,79276,50,5851,171,14211,167,73229,220,87440,California
Butte,2021-05-25,700,155939,449,70561,215,79491,36,5887,349,14252,344,73573,385,87825,California
Butte,2021-05-26,561,156500,179,70740,359,79850,23,5910,255,14232,298,73871,278,88103,California
Butte,2021-05-27,866,157366,623,71363,225,80075,18,5928,430,14250,431,74302,449,88552,California
Butte,2021-05-28,518,157884,140,71503,299,80374,79,6007,215,14244,300,74602,294,88846,California
Butte,2021-05-29,224,158108,116,71619,96,80470,12,6019,148,14328,76,74678,160,89006,California
Butte,2021-05-30,107,158215,56,71675,51,80521,0,6019,61,14343,46,74724,61,89067,California
Butte,2021-05-31,44,158259,23,71698,18,80539,3,6022,25,14352,19,74743,28,89095,California
Butte,2021-06-01,677,158936,427,72125,214,80753,36,6058,258,14230,416,75159,294,89389,California
Butte,2021-06-02,821,159757,568,72693,208,80961,45,6103,354,14164,464,75623,398,89787,California
Butte,2021-06-03,625,160382,421,73114,187,81148,17,6120,222,14003,400,76023,239,90026,California
Butte,2021-06-04,480,160862,274,73388,178,81326,28,6148,157,13872,316,76339,185,90211,California
Butte,2021-06-05,318,161180,205,73593,93,81419,20,6168,104,13784,212,76551,124,90335,California
Butte,2021-06-06,134,161314,99,73692,33,81452,2,6170,33,13719,100,76651,35,90370,California
Butte,2021-06-07,401,161715,257,73949,115,81567,29,6199,174,13696,226,76877,203,90573,California
Butte,2021-06-08,649,162364,468,74417,163,81730,18,6217,190,13457,448,77325,209,90782,California
Butte,2021-06-09,432,162796,295,74712,118,81848,19,6236,147,13344,279,77604,166,90948,California
Butte,2021-06-10,633,163429,450,75162,151,81999,32,6268,240,13223,391,77995,270,91218,California
Butte,2021-06-11,446,163875,265,75427,160,82159,21,6289,151,13102,293,78288,172,91390,California
Butte,2021-06-12,250,164125,152,75579,88,82247,10,6299,75,13013,174,78462,85,91475,California
Butte,2021-06-13,97,164222,64,75643,30,82277,3,6302,20,12959,77,78539,23,91498,California
Butte,2021-06-14,386,164608,231,75874,135,82412,20,6322,145,12885,240,78779,166,91664,California
Butte,2021-06-15,544,165152,382,76256,137,82549,25,6347,160,12692,378,79157,185,91849,California
Butte,2021-06-16,418,165570,257,76513,116,82665,45,6392,174,12668,242,79399,218,92067,California
Butte,2021-06-17,579,166149,431,76944,121,82786,27,6419,178,12473,400,79799,205,92272,California
Butte,2021-06-18,407,166556,203,77147,151,82937,53,6472,158,12434,247,80046,208,92480,California
Butte,2021-06-19,208,166764,153,77300,50,82987,5,6477,92,12415,116,80162,97,92577,California
Butte,2021-06-20,93,166857,68,77368,25,83012,0,6477,24,12370,69,80231,24,92601,California
Butte,2021-06-21,269,167126,163,77531,90,83102,16,6493,130,12379,137,80368,146,92747,California
Butte,2021-06-22,416,167542,273,77804,120,83222,23,6516,151,12292,261,80629,174,92921,California
Butte,2021-06-23,254,167796,191,77995,45,83267,18,6534,60,12176,193,80822,77,92998,California
Calaveras,2020-12-16,5,5,5,5,0,0,0,0,5,5,0,0,5,5,California
Calaveras,2020-12-17,3,8,3,8,0,0,0,0,3,8,0,0,3,8,California
Calaveras,2020-12-18,39,47,39,47,0,0,0,0,39,47,0,0,39,47,California
Calaveras,2020-12-19,3,50,3,50,0,0,0,0,3,50,0,0,3,50,California
Calaveras,2020-12-20,4,54,4,54,0,0,0,0,4,54,0,0,4,54,California
Calaveras,2020-12-21,54,108,47,101,7,7,0,0,54,108,0,0,54,108,California
Calaveras,2020-12-22,81,189,77,178,4,11,0,0,82,190,0,0,82,190,California
Calaveras,2020-12-23,76,265,74,252,2,13,0,0,76,266,0,0,76,266,California
Calaveras,2020-12-24,2,267,2,254,0,13,0,0,2,268,0,0,2,268,California
Calaveras,2020-12-26,3,270,3,257,0,13,0,0,3,271,0,0,3,271,California
Calaveras,2020-12-28,21,291,17,274,4,17,0,0,20,290,1,1,20,291,California
Calaveras,2020-12-29,160,451,138,412,22,39,0,0,160,450,0,1,160,451,California
Calaveras,2020-12-30,94,545,82,494,12,51,0,0,94,544,0,1,94,545,California
Calaveras,2020-12-31,37,582,26,520,11,62,0,0,37,581,0,1,37,582,California
Calaveras,2021-01-02,11,593,11,531,0,62,0,0,11,592,0,1,11,593,California
Calaveras,2021-01-03,10,603,4,535,6,68,0,0,10,602,0,1,10,603,California
Calaveras,2021-01-04,33,636,5,540,28,96,0,0,33,635,0,1,33,636,California
Calaveras,2021-01-05,41,677,10,550,31,127,0,0,32,663,9,10,37,673,California
Calaveras,2021-01-06,107,784,30,580,77,204,0,0,97,750,10,20,97,770,California
Calaveras,2021-01-07,105,889,26,606,79,283,0,0,92,832,11,31,93,863,California
Calaveras,2021-01-08,69,958,39,645,30,313,0,0,45,855,24,55,47,910,California
Calaveras,2021-01-09,5,963,5,650,0,313,0,0,2,854,3,58,2,912,California
Calaveras,2021-01-10,2,965,0,650,2,315,0,0,2,856,0,58,2,914,California
Calaveras,2021-01-11,65,1030,59,709,6,321,0,0,27,848,37,95,29,943,California
Calaveras,2021-01-12,85,1115,52,761,33,354,0,0,52,868,33,128,53,996,California
Calaveras,2021-01-13,109,1224,45,806,64,418,0,0,75,910,34,162,76,1072,California
Calaveras,2021-01-14,141,1365,44,850,97,515,0,0,108,987,32,194,109,1181,California
Calaveras,2021-01-15,92,1457,28,878,64,579,0,0,72,1039,20,214,72,1253,California
Calaveras,2021-01-16,13,1470,2,880,11,590,0,0,12,1050,1,215,12,1265,California
Calaveras,2021-01-17,9,1479,1,881,8,598,0,0,9,1059,0,215,9,1274,California
Calaveras,2021-01-18,134,1613,20,901,114,712,0,0,119,1167,15,230,123,1397,California
Calaveras,2021-01-19,208,1821,177,1078,31,743,0,0,70,1102,137,367,72,1469,California
Calaveras,2021-01-20,378,2199,82,1160,296,1039,0,0,287,1314,90,457,302,1771,California
Calaveras,2021-01-21,465,2664,42,1202,423,1462,0,0,425,1715,40,497,441,2212,California
Calaveras,2021-01-22,402,3066,23,1225,379,1841,0,0,389,2101,13,510,399,2611,California
Calaveras,2021-01-23,18,3084,8,1233,10,1851,0,0,17,2117,1,511,17,2628,California
Calaveras,2021-01-24,14,3098,8,1241,6,1857,0,0,12,2127,2,513,12,2640,California
Calaveras,2021-01-25,87,3185,8,1249,79,1936,0,0,82,2204,5,518,82,2722,California
Calaveras,2021-01-26,48,3233,16,1265,32,1968,0,0,39,2234,9,527,39,2761,California
Calaveras,2021-01-27,130,3363,46,1311,84,2052,0,0,101,2307,28,555,101,2862,California
Calaveras,2021-01-28,165,3528,25,1336,140,2192,0,0,138,2423,27,582,143,3005,California
Calaveras,2021-01-29,369,3897,13,1349,356,2548,0,0,336,2741,33,615,351,3356,California
Calaveras,2021-01-30,27,3924,10,1359,17,2565,0,0,25,2766,0,615,25,3381,California
Calaveras,2021-01-31,6,3930,4,1363,2,2567,0,0,5,2770,1,616,5,3386,California
Calaveras,2021-02-01,28,3958,12,1375,16,2583,0,0,19,2780,9,625,19,3405,California
Calaveras,2021-02-02,109,4067,22,1397,87,2670,0,0,70,2817,34,659,71,3476,California
Calaveras,2021-02-03,436,4503,44,1441,392,3062,0,0,351,3086,84,743,353,3829,California
Calaveras,2021-02-04,384,4887,25,1466,359,3421,0,0,300,3305,84,827,303,4132,California
Calaveras,2021-02-05,79,4966,22,1488,57,3478,0,0,41,3309,38,865,42,4174,California
Calaveras,2021-02-06,22,4988,12,1500,10,3488,0,0,22,3331,0,865,22,4196,California
Calaveras,2021-02-07,5,4993,1,1501,4,3492,0,0,2,3331,2,867,2,4198,California
Calaveras,2021-02-08,41,5034,19,1520,22,3514,0,0,33,3358,6,873,33,4231,California
Calaveras,2021-02-09,193,5227,77,1597,116,3630,0,0,130,3428,61,934,131,4362,California
Calaveras,2021-02-10,515,5742,32,1629,483,4113,0,0,442,3804,73,1007,449,4811,California
Calaveras,2021-02-11,587,6329,84,1713,503,4616,0,0,469,4169,115,1122,480,5291,California
Calaveras,2021-02-12,570,6899,324,2037,246,4862,0,0,489,4585,79,1201,495,5786,California
Calaveras,2021-02-13,200,7099,45,2082,155,5017,0,0,185,4755,15,1216,185,5971,California
Calaveras,2021-02-14,223,7322,71,2153,152,5169,0,0,207,4948,14,1230,207,6178,California
Calaveras,2021-02-15,382,7704,24,2177,358,5527,0,0,262,5094,116,1346,262,6440,California
Calaveras,2021-02-16,269,7973,145,2322,124,5651,0,0,231,5290,38,1384,234,6674,California
Calaveras,2021-02-17,514,8487,40,2362,474,6125,0,0,208,5211,291,1675,212,6886,California
Calaveras,2021-02-18,499,8986,92,2454,407,6532,0,0,96,4926,381,2056,96,6982,California
Calaveras,2021-02-19,440,9426,43,2497,397,6929,0,0,98,4695,329,2385,98,7080,California
Calaveras,2021-02-20,58,9484,15,2512,43,6972,0,0,48,4733,10,2395,48,7128,California
Calaveras,2021-02-21,25,9509,15,2527,10,6982,0,0,18,4745,6,2401,18,7146,California
Calaveras,2021-02-22,62,9571,38,2565,24,7006,0,0,33,4749,29,2430,33,7179,California
Calaveras,2021-02-23,128,9699,43,2608,85,7091,0,0,92,4806,36,2466,93,7272,California
Calaveras,2021-02-24,97,9796,48,2656,49,7140,0,0,67,4844,29,2495,67,7339,California
Calaveras,2021-02-25,554,10350,102,2758,452,7592,0,0,357,5017,190,2685,363,7702,California
Calaveras,2021-02-26,778,11128,45,2803,733,8325,0,0,412,5088,342,3027,413,8115,California
Calaveras,2021-02-27,204,11332,23,2826,181,8506,0,0,180,5244,24,3051,180,8295,California
Calaveras,2021-02-28,96,11428,15,2841,81,8587,0,0,91,5330,5,3056,91,8386,California
Calaveras,2021-03-01,244,11672,47,2888,197,8784,0,0,152,5395,88,3144,153,8539,California
Calaveras,2021-03-02,254,11926,100,2988,154,8938,0,0,206,5558,45,3189,208,8747,California
Calaveras,2021-03-03,561,12487,106,3094,455,9393,0,0,219,5441,336,3525,219,8966,California
Calaveras,2021-03-04,749,13236,70,3164,678,10071,1,1,354,5409,388,3913,356,9322,California
Calaveras,2021-03-05,455,13691,271,3435,180,10251,4,5,141,5250,304,4217,145,9467,California
Calaveras,2021-03-06,154,13845,42,3477,106,10357,6,11,113,5329,41,4258,120,9587,California
Calaveras,2021-03-07,76,13921,32,3509,37,10394,7,18,35,5330,41,4299,42,9629,California
Calaveras,2021-03-08,166,14087,29,3538,129,10523,8,26,131,5435,34,4333,139,9768,California
Calaveras,2021-03-09,369,14456,138,3676,225,10748,6,32,32,5142,331,4664,38,9806,California
Calaveras,2021-03-10,430,14886,35,3711,392,11140,3,35,59,4842,362,5026,62,9868,California
Calaveras,2021-03-11,869,15755,435,4146,421,11561,13,48,432,4865,424,5450,447,10315,California
Calaveras,2021-03-12,422,16177,221,4367,191,11752,10,58,324,5111,97,5547,343,10658,California
Calaveras,2021-03-13,187,16364,18,4385,161,11913,8,66,137,5211,49,5596,149,10807,California
Calaveras,2021-03-14,156,16520,11,4396,144,12057,1,67,18,5098,138,5734,25,10832,California
Calaveras,2021-03-15,333,16853,50,4446,258,12315,25,92,55,4905,277,6011,84,10916,California
Calaveras,2021-03-16,691,17544,554,5000,117,12432,20,112,546,5328,143,6154,566,11482,California
Calaveras,2021-03-17,288,17832,53,5053,221,12653,14,126,53,5166,230,6384,68,11550,California
Calaveras,2021-03-18,666,18498,570,5623,80,12733,16,142,548,5614,118,6502,566,12116,California
Calaveras,2021-03-19,233,18731,50,5673,109,12842,74,216,59,5575,170,6672,131,12247,California
Calaveras,2021-03-20,80,18811,22,5695,57,12899,1,217,22,5541,58,6730,24,12271,California
Calaveras,2021-03-21,47,18858,29,5724,7,12906,11,228,11,5528,35,6765,22,12293,California
Calaveras,2021-03-22,80,18938,36,5760,23,12929,21,249,25,5519,55,6820,46,12339,California
Calaveras,2021-03-23,296,19234,205,5965,81,13010,10,259,116,5476,168,6988,125,12464,California
Calaveras,2021-03-24,136,19370,52,6017,74,13084,10,269,44,5440,90,7078,54,12518,California
Calaveras,2021-03-25,748,20118,105,6122,639,13723,4,273,448,5601,291,7369,452,12970,California
Calaveras,2021-03-26,430,20548,28,6150,396,14119,6,279,89,5360,338,7707,97,13067,California
Calaveras,2021-03-27,211,20759,20,6170,187,14306,4,283,37,5232,171,7878,43,13110,California
Calaveras,2021-03-28,112,20871,12,6182,98,14404,2,285,8,5140,103,7981,11,13121,California
Calaveras,2021-03-29,185,21056,25,6207,157,14561,3,288,59,5080,123,8104,63,13184,California
Calaveras,2021-03-30,541,21597,25,6232,499,15060,17,305,363,5283,177,8281,380,13564,California
Calaveras,2021-03-31,327,21924,143,6375,174,15234,10,315,159,5285,168,8449,170,13734,California
Calaveras,2021-04-01,689,22613,445,6820,243,15477,1,316,188,4981,497,8946,193,13927,California
Calaveras,2021-04-02,397,23010,232,7052,157,15634,8,324,118,4835,273,9219,127,14054,California
Calaveras,2021-04-03,143,23153,34,7086,105,15739,4,328,40,4776,103,9322,44,14098,California
Calaveras,2021-04-04,82,23235,26,7112,56,15795,0,328,50,4794,32,9354,50,14148,California
Calaveras,2021-04-05,212,23447,81,7193,121,15916,10,338,100,4792,112,9466,110,14258,California
Calaveras,2021-04-06,655,24102,575,7768,66,15982,14,352,114,4383,537,10003,128,14386,California
Calaveras,2021-04-07,760,24862,662,8430,61,16043,37,389,621,4903,139,10142,659,15045,California
Calaveras,2021-04-08,947,25809,855,9285,70,16113,22,411,436,4854,508,10650,459,15504,California
Calaveras,2021-04-09,156,25965,59,9344,48,16161,49,460,58,4865,96,10746,107,15611,California
Calaveras,2021-04-10,191,26156,42,9386,130,16291,19,479,148,4991,42,10788,168,15779,California
Calaveras,2021-04-11,70,26226,45,9431,23,16314,2,481,49,5021,21,10809,51,15830,California
Calaveras,2021-04-12,107,26333,46,9477,42,16356,19,500,57,5048,50,10859,77,15907,California
Calaveras,2021-04-13,427,26760,372,9849,55,16411,0,500,367,5358,59,10918,369,16276,California
Calaveras,2021-04-14,184,26944,28,9877,156,16567,0,500,135,5445,49,10967,136,16412,California
Calaveras,2021-04-15,334,27278,283,10160,51,16618,0,500,247,5609,83,11050,247,16659,California
Calaveras,2021-04-16,108,27386,32,10192,76,16694,0,500,51,5610,50,11100,51,16710,California
Calaveras,2021-04-17,332,27718,128,10320,204,16898,0,500,290,5858,42,11142,290,17000,California
Calaveras,2021-04-18,18,27736,5,10325,13,16911,0,500,11,5862,7,11149,11,17011,California
Calaveras,2021-04-19,75,27811,27,10352,48,16959,0,500,45,5879,29,11178,46,17057,California
Calaveras,2021-04-20,270,28081,94,10446,176,17135,0,500,198,6011,66,11244,198,17255,California
Calaveras,2021-04-21,216,28297,145,10591,71,17206,0,500,83,5964,131,11375,84,17339,California
Calaveras,2021-04-22,545,28842,96,10687,449,17655,0,500,143,5710,399,11774,145,17484,California
Calaveras,2021-04-23,159,29001,80,10767,79,17734,0,500,64,5682,92,11866,64,17548,California
Calaveras,2021-04-24,173,29174,37,10804,136,17870,0,500,130,5771,42,11908,131,17679,California
Calaveras,2021-04-25,42,29216,28,10832,14,17884,0,500,21,5773,21,11929,23,17702,California
Calaveras,2021-04-26,118,29334,73,10905,45,17929,0,500,34,5725,83,12012,35,17737,California
Calaveras,2021-04-27,445,29779,74,10979,358,18287,13,513,57,5411,384,12396,70,17807,California
Calaveras,2021-04-28,649,30428,578,11557,40,18327,31,544,55,4912,592,12988,93,17900,California
Calaveras,2021-04-29,518,30946,442,11999,57,18384,19,563,74,4567,442,13430,97,17997,California
Calaveras,2021-04-30,152,31098,61,12060,86,18470,5,568,67,4561,84,13514,78,18075,California
Calaveras,2021-05-01,202,31300,111,12171,88,18558,3,571,134,4635,67,13581,141,18216,California
Calaveras,2021-05-02,53,31353,36,12207,16,18574,1,572,20,4626,31,13612,22,18238,California
Calaveras,2021-05-03,94,31447,69,12276,20,18594,5,577,30,4602,63,13675,39,18277,California
Calaveras,2021-05-04,419,31866,330,12606,52,18646,37,614,44,4310,374,14049,82,18359,California
Calaveras,2021-05-05,113,31979,58,12664,23,18669,32,646,50,4329,62,14111,81,18440,California
Calaveras,2021-05-06,255,32234,194,12858,37,18706,24,670,47,4195,206,14317,72,18512,California
Calaveras,2021-05-07,89,32323,25,12883,58,18764,6,676,58,4228,31,14348,64,18576,California
Calaveras,2021-05-08,290,32613,143,13026,145,18909,2,678,90,4124,196,14544,92,18668,California
Calaveras,2021-05-09,29,32642,12,13038,14,18923,3,681,13,4124,16,14560,16,18684,California
Calaveras,2021-05-10,60,32702,25,13063,34,18957,1,682,28,4124,30,14590,30,18714,California
Calaveras,2021-05-11,135,32837,90,13153,33,18990,12,694,94,4191,40,14630,107,18821,California
Calaveras,2021-05-12,170,33007,48,13201,122,19112,0,694,52,4126,117,14747,52,18873,California
Calaveras,2021-05-13,120,33127,65,13266,40,19152,15,709,64,4152,54,14801,80,18953,California
Calaveras,2021-05-14,149,33276,92,13358,54,19206,3,712,100,4207,48,14849,103,19056,California
Calaveras,2021-05-15,267,33543,95,13453,169,19375,3,715,106,4161,155,15004,109,19165,California
Calaveras,2021-05-16,29,33572,12,13465,17,19392,0,715,14,4161,15,15019,15,19180,California
Calaveras,2021-05-17,90,33662,42,13507,41,19433,7,722,48,4176,41,15060,56,19236,California
Calaveras,2021-05-18,227,33889,61,13568,144,19577,22,744,72,4116,154,15214,94,19330,California
Calaveras,2021-05-19,150,34039,62,13630,84,19661,4,748,72,4116,77,15291,77,19407,California
Calaveras,2021-05-20,205,34244,80,13710,99,19760,26,774,67,4073,135,15426,92,19499,California
Calaveras,2021-05-21,97,34341,55,13765,38,19798,4,778,58,4097,37,15463,61,19560,California
Calaveras,2021-05-22,301,34642,160,13925,141,19939,0,778,148,4093,152,15615,148,19708,California
Calaveras,2021-05-23,31,34673,16,13941,15,19954,0,778,13,4088,18,15633,13,19721,California
Calaveras,2021-05-24,76,34749,40,13981,20,19974,16,794,32,4093,44,15677,49,19770,California
Calaveras,2021-05-25,123,34872,47,14028,59,20033,17,811,56,4099,67,15744,73,19843,California
Calaveras,2021-05-26,121,34993,87,14115,30,20063,4,815,83,4148,37,15781,86,19929,California
Calaveras,2021-05-27,83,35076,43,14158,36,20099,4,819,27,4127,53,15834,32,19961,California
Calaveras,2021-05-28,85,35161,44,14202,37,20136,4,823,42,4130,43,15877,46,20007,California
Calaveras,2021-05-29,69,35230,23,14225,41,20177,5,828,33,4133,36,15913,39,20046,California
Calaveras,2021-05-30,36,35266,14,14239,17,20194,5,833,11,4124,25,15938,16,20062,California
Calaveras,2021-05-31,5,35271,0,14239,3,20197,2,835,0,4121,5,15943,2,20064,California
Calaveras,2021-06-01,145,35416,97,14336,42,20239,6,841,45,4072,100,16043,51,20115,California
Calaveras,2021-06-02,85,35501,54,14390,27,20266,4,845,36,4063,49,16092,40,20155,California
Calaveras,2021-06-03,93,35594,55,14445,31,20297,7,852,42,4065,49,16141,51,20206,California
Calaveras,2021-06-04,140,35734,94,14539,34,20331,12,864,37,4011,103,16244,49,20255,California
Calaveras,2021-06-05,85,35819,28,14567,55,20386,2,866,34,3997,50,16294,36,20291,California
Calaveras,2021-06-06,40,35859,28,14595,9,20395,3,869,21,4002,19,16313,24,20315,California
Calaveras,2021-06-07,62,35921,45,14640,9,20404,8,877,25,3999,36,16349,33,20348,California
Calaveras,2021-06-08,125,36046,79,14719,39,20443,7,884,57,3997,66,16415,64,20412,California
Calaveras,2021-06-09,95,36141,51,14770,38,20481,6,890,30,3970,65,16480,38,20450,California
Calaveras,2021-06-10,119,36260,58,14828,52,20533,9,899,41,3944,76,16556,50,20500,California
Calaveras,2021-06-11,103,36363,58,14886,40,20573,5,904,32,3910,71,16627,37,20537,California
Calaveras,2021-06-12,62,36425,36,14922,24,20597,2,906,20,3890,42,16669,22,20559,California
Calaveras,2021-06-13,31,36456,18,14940,9,20606,4,910,8,3879,23,16692,12,20571,California
Calaveras,2021-06-14,59,36515,39,14979,16,20622,4,914,22,3869,37,16729,27,20598,California
Calaveras,2021-06-15,89,36604,54,15033,26,20648,9,923,23,3836,66,16795,33,20631,California
Calaveras,2021-06-16,179,36783,138,15171,27,20675,14,937,39,3750,139,16934,53,20684,California
Calaveras,2021-06-17,59,36842,31,15202,23,20698,5,942,24,3747,32,16966,29,20713,California
Calaveras,2021-06-18,59,36901,40,15242,15,20713,4,946,24,3740,35,17001,28,20741,California
Calaveras,2021-06-19,66,36967,23,15265,26,20739,17,963,23,3737,43,17044,40,20781,California
Calaveras,2021-06-20,6,36973,2,15267,3,20742,1,964,2,3736,4,17048,3,20784,California
Calaveras,2021-06-21,38,37011,14,15281,18,20760,6,970,23,3751,15,17063,30,20814,California
Calaveras,2021-06-22,62,37073,31,15312,29,20789,2,972,29,3751,32,17095,32,20846,California
Calaveras,2021-06-23,13,37086,5,15317,5,20794,3,975,5,3751,8,17103,8,20854,California
Colusa,2020-12-18,1,1,1,1,0,0,0,0,1,1,0,0,1,1,California
Colusa,2020-12-21,2,3,2,3,0,0,0,0,2,3,0,0,2,3,California
Colusa,2020-12-22,10,13,10,13,0,0,0,0,10,13,0,0,10,13,California
Colusa,2020-12-23,10,23,10,23,0,0,0,0,10,23,0,0,10,23,California
Colusa,2020-12-24,2,25,1,24,1,1,0,0,2,25,0,0,2,25,California
Colusa,2020-12-27,1,26,1,25,0,1,0,0,1,26,0,0,1,26,California
Colusa,2020-12-28,7,33,3,28,4,5,0,0,7,33,0,0,7,33,California
Colusa,2020-12-29,10,43,8,36,2,7,0,0,10,43,0,0,10,43,California
Colusa,2020-12-30,51,94,14,50,37,44,0,0,51,94,0,0,51,94,California
Colusa,2020-12-31,18,112,1,51,17,61,0,0,18,112,0,0,18,112,California
Colusa,2021-01-04,4,116,0,51,4,65,0,0,4,116,0,0,4,116,California
Colusa,2021-01-05,68,184,1,52,67,132,0,0,68,184,0,0,68,184,California
Colusa,2021-01-06,15,199,9,61,6,138,0,0,15,199,0,0,15,199,California
Colusa,2021-01-07,39,238,5,66,34,172,0,0,38,236,1,1,38,237,California
Colusa,2021-01-08,9,247,7,73,2,174,0,0,8,243,1,2,8,245,California
Colusa,2021-01-09,2,249,1,74,1,175,0,0,2,245,0,2,2,247,California
Colusa,2021-01-10,1,250,0,74,1,176,0,0,1,246,0,2,1,248,California
Colusa,2021-01-11,12,262,6,80,6,182,0,0,7,248,5,7,7,255,California
Colusa,2021-01-12,11,273,9,89,2,184,0,0,6,249,5,12,6,261,California
Colusa,2021-01-13,21,294,13,102,8,192,0,0,13,254,8,20,13,274,California
Colusa,2021-01-14,35,329,28,130,7,199,0,0,33,285,2,22,33,307,California
Colusa,2021-01-15,42,371,5,135,37,236,0,0,40,323,2,24,40,347,California
Colusa,2021-01-16,12,383,1,136,11,247,0,0,11,333,1,25,11,358,California
Colusa,2021-01-17,3,386,2,138,1,248,0,0,2,334,1,26,2,360,California
Colusa,2021-01-18,4,390,0,138,4,252,0,0,4,338,0,26,4,364,California
Colusa,2021-01-19,9,399,8,146,1,253,0,0,5,339,4,30,5,369,California
Colusa,2021-01-20,115,514,101,247,14,267,0,0,101,426,14,44,101,470,California
Colusa,2021-01-21,59,573,44,291,15,282,0,0,58,483,1,45,58,528,California
Colusa,2021-01-22,40,613,17,308,23,305,0,0,35,513,5,50,35,563,California
Colusa,2021-01-23,35,648,6,314,29,334,0,0,35,548,0,50,35,598,California
Colusa,2021-01-25,7,655,0,314,7,341,0,0,7,555,0,50,7,605,California
Colusa,2021-01-26,8,663,5,319,3,344,0,0,5,557,3,53,5,610,California
Colusa,2021-01-27,109,772,31,350,78,422,0,0,107,662,2,55,107,717,California
Colusa,2021-01-28,83,855,48,398,35,457,0,0,74,727,9,64,74,791,California
Colusa,2021-01-29,43,898,7,405,36,493,0,0,42,768,1,65,42,833,California
Colusa,2021-01-30,27,925,4,409,23,516,0,0,27,795,0,65,27,860,California
Colusa,2021-01-31,7,932,7,416,0,516,0,0,7,802,0,65,7,867,California
Colusa,2021-02-01,27,959,10,426,17,533,0,0,22,819,5,70,22,889,California
Colusa,2021-02-02,42,1001,8,434,34,567,0,0,36,849,6,76,36,925,California
Colusa,2021-02-03,69,1070,10,444,59,626,0,0,58,896,11,87,58,983,California
Colusa,2021-02-04,143,1213,81,525,62,688,0,0,115,983,28,115,115,1098,California
Colusa,2021-02-05,32,1245,8,533,24,712,0,0,29,1009,3,118,29,1127,California
Colusa,2021-02-06,285,1530,9,542,276,988,0,0,274,1272,11,129,274,1401,California
Colusa,2021-02-07,2,1532,1,543,1,989,0,0,0,1270,2,131,0,1401,California
Colusa,2021-02-08,40,1572,5,548,35,1024,0,0,37,1304,3,134,37,1438,California
Colusa,2021-02-09,231,1803,14,562,217,1241,0,0,176,1425,55,189,176,1614,California
Colusa,2021-02-10,116,1919,41,603,75,1316,0,0,73,1455,43,232,73,1687,California
Colusa,2021-02-11,101,2020,38,641,63,1379,0,0,74,1502,27,259,74,1761,California
Colusa,2021-02-12,117,2137,9,650,108,1487,0,0,78,1540,40,299,78,1839,California
Colusa,2021-02-13,60,2197,8,658,52,1539,0,0,52,1584,8,307,52,1891,California
Colusa,2021-02-14,21,2218,8,666,13,1552,0,0,15,1593,6,313,15,1906,California
Colusa,2021-02-15,46,2264,10,676,36,1588,0,0,39,1625,7,320,39,1945,California
Colusa,2021-02-16,67,2331,4,680,63,1651,0,0,66,1690,1,321,66,2011,California
Colusa,2021-02-17,205,2536,143,823,62,1713,0,0,59,1603,146,467,59,2070,California
Colusa,2021-02-18,135,2671,35,858,100,1813,0,0,112,1692,23,490,112,2182,California
Colusa,2021-02-19,155,2826,19,877,136,1949,0,0,129,1795,26,516,129,2311,California
Colusa,2021-02-20,28,2854,6,883,22,1971,0,0,12,1791,16,532,12,2323,California
Colusa,2021-02-21,1,2855,1,884,0,1971,0,0,0,1790,1,533,0,2323,California
Colusa,2021-02-22,43,2898,26,910,17,1988,0,0,29,1805,14,547,29,2352,California
Colusa,2021-02-23,22,2920,6,916,16,2004,0,0,18,1819,4,551,18,2370,California
Colusa,2021-02-24,300,3220,54,970,246,2250,0,0,158,1835,142,693,158,2528,California
Colusa,2021-02-25,102,3322,55,1025,47,2297,0,0,66,1865,36,729,66,2594,California
Colusa,2021-02-26,100,3422,14,1039,86,2383,0,0,60,1885,40,769,60,2654,California
Colusa,2021-02-27,55,3477,4,1043,51,2434,0,0,40,1910,15,784,40,2694,California
Colusa,2021-02-28,27,3504,15,1058,12,2446,0,0,18,1919,9,793,18,2712,California
Colusa,2021-03-01,46,3550,15,1073,31,2477,0,0,29,1931,17,810,29,2741,California
Colusa,2021-03-02,49,3599,13,1086,36,2513,0,0,26,1934,23,833,26,2767,California
Colusa,2021-03-03,246,3845,46,1132,200,2713,0,0,189,2066,57,890,189,2956,California
Colusa,2021-03-04,139,3984,59,1191,80,2793,0,0,80,2087,59,949,80,3036,California
Colusa,2021-03-05,98,4082,25,1216,64,2857,9,9,53,2104,45,994,62,3098,California
Colusa,2021-03-06,275,4357,9,1225,266,3123,0,9,38,1905,237,1231,38,3136,California
Colusa,2021-03-07,8,4365,5,1230,3,3126,0,9,6,1909,2,1233,6,3142,California
Colusa,2021-03-08,89,4454,21,1251,33,3159,35,44,45,1945,44,1277,80,3222,California
Colusa,2021-03-09,276,4730,74,1325,179,3338,23,67,85,1862,191,1468,108,3330,California
Colusa,2021-03-10,289,5019,38,1363,215,3553,36,103,203,2015,86,1554,239,3569,California
Colusa,2021-03-11,420,5439,60,1423,339,3892,21,124,339,2292,81,1635,358,3927,California
Colusa,2021-03-12,111,5550,18,1441,80,3972,13,137,20,2234,91,1726,33,3960,California
Colusa,2021-03-13,61,5611,16,1457,36,4008,9,146,18,2218,43,1769,27,3987,California
Colusa,2021-03-14,19,5630,0,1457,17,4025,2,148,5,2212,13,1782,7,3994,California
Colusa,2021-03-15,71,5701,27,1484,36,4061,8,156,15,2179,56,1838,23,4017,California
Colusa,2021-03-16,297,5998,16,1500,235,4296,46,202,189,2306,108,1946,235,4252,California
Colusa,2021-03-17,194,6192,50,1550,144,4440,0,202,108,2328,86,2032,108,4360,California
Colusa,2021-03-18,325,6517,38,1588,216,4656,71,273,201,2477,124,2156,273,4633,California
Colusa,2021-03-19,80,6597,20,1608,58,4714,2,275,55,2509,25,2181,57,4690,California
Colusa,2021-03-20,50,6647,8,1616,41,4755,1,276,37,2534,13,2194,38,4728,California
Colusa,2021-03-21,6,6653,4,1620,2,4757,0,276,3,2534,3,2197,3,4731,California
Colusa,2021-03-22,62,6715,10,1630,43,4800,9,285,40,2561,22,2219,49,4780,California
Colusa,2021-03-23,83,6798,16,1646,65,4865,2,287,56,2592,27,2246,58,4838,California
Colusa,2021-03-24,340,7138,57,1703,277,5142,6,293,68,2393,272,2518,73,4911,California
Colusa,2021-03-25,109,7247,60,1763,44,5186,5,298,52,2393,57,2575,57,4968,California
Colusa,2021-03-26,300,7547,47,1810,249,5435,4,302,247,2591,53,2628,251,5219,California
Colusa,2021-03-27,63,7610,5,1815,58,5493,0,302,25,2578,38,2666,25,5244,California
Colusa,2021-03-28,16,7626,7,1822,9,5502,0,302,8,2578,8,2674,8,5252,California
Colusa,2021-03-29,72,7698,20,1842,46,5548,6,308,32,2576,40,2714,38,5290,California
Colusa,2021-03-30,151,7849,82,1924,67,5615,2,310,72,2571,79,2793,74,5364,California
Colusa,2021-03-31,234,8083,41,1965,193,5808,0,310,70,2478,163,2956,70,5434,California
Colusa,2021-04-01,435,8518,73,2038,307,6115,55,365,311,2720,123,3079,365,5799,California
Colusa,2021-04-02,82,8600,13,2051,55,6170,14,379,38,2728,44,3123,52,5851,California
Colusa,2021-04-03,61,8661,10,2061,28,6198,23,402,14,2717,47,3170,36,5887,California
Colusa,2021-04-04,18,8679,0,2061,8,6206,10,412,3,2715,15,3185,13,5900,California
Colusa,2021-04-05,97,8776,26,2087,55,6261,16,428,39,2712,58,3243,55,5955,California
Colusa,2021-04-06,130,8906,35,2122,45,6306,50,478,43,2718,87,3330,93,6048,California
Colusa,2021-04-07,358,9264,42,2164,293,6599,23,501,132,2648,226,3556,156,6204,California
Colusa,2021-04-08,429,9693,34,2198,368,6967,27,528,121,2491,305,3861,148,6352,California
Colusa,2021-04-09,77,9770,21,2219,32,6999,24,552,28,2494,49,3910,52,6404,California
Colusa,2021-04-10,45,9815,10,2229,14,7013,21,573,11,2492,34,3944,32,6436,California
Colusa,2021-04-11,16,9831,3,2232,11,7024,2,575,8,2494,8,3952,10,6446,California
Colusa,2021-04-12,32,9863,3,2235,29,7053,0,575,25,2512,7,3959,25,6471,California
Colusa,2021-04-13,280,10143,23,2258,257,7310,0,575,95,2423,184,4143,95,6566,California
Colusa,2021-04-14,97,10240,20,2278,77,7387,0,575,35,2396,62,4205,35,6601,California
Colusa,2021-04-15,324,10564,47,2325,277,7664,0,575,132,2336,192,4397,132,6733,California
Colusa,2021-04-16,82,10646,11,2336,71,7735,0,575,36,2327,45,4442,36,6769,California
Colusa,2021-04-17,52,10698,7,2343,45,7780,0,575,30,2335,22,4464,30,6799,California
Colusa,2021-04-18,9,10707,2,2345,7,7787,0,575,7,2340,2,4466,7,6806,California
Colusa,2021-04-19,62,10769,22,2367,40,7827,0,575,18,2314,44,4510,18,6824,California
Colusa,2021-04-20,183,10952,33,2400,150,7977,0,575,132,2395,51,4561,132,6956,California
Colusa,2021-04-21,170,11122,59,2459,111,8088,0,575,110,2445,60,4621,110,7066,California
Colusa,2021-04-22,424,11546,27,2486,396,8484,1,576,220,2462,203,4824,220,7286,California
Colusa,2021-04-23,92,11638,17,2503,75,8559,0,576,36,2442,56,4880,36,7322,California
Colusa,2021-04-24,241,11879,19,2522,221,8780,1,577,210,2621,31,4911,210,7532,California
Colusa,2021-04-25,12,11891,6,2528,6,8786,0,577,8,2625,4,4915,8,7540,California
Colusa,2021-04-26,25,11916,5,2533,19,8805,1,578,6,2613,18,4933,6,7546,California
Colusa,2021-04-27,95,12011,23,2556,68,8873,4,582,44,2610,51,4984,48,7594,California
Colusa,2021-04-28,191,12202,28,2584,160,9033,3,585,140,2703,50,5034,143,7737,California
Colusa,2021-04-29,317,12519,27,2611,286,9319,4,589,47,2486,268,5302,51,7788,California
Colusa,2021-04-30,66,12585,19,2630,47,9366,0,589,42,2504,24,5326,42,7830,California
Colusa,2021-05-01,19,12604,8,2638,8,9374,3,592,9,2506,10,5336,12,7842,California
Colusa,2021-05-02,4,12608,1,2639,2,9376,1,593,2,2507,2,5338,3,7845,California
Colusa,2021-05-03,31,12639,7,2646,24,9400,0,593,15,2506,16,5354,15,7860,California
Colusa,2021-05-04,97,12736,53,2699,43,9443,1,594,68,2546,29,5383,69,7929,California
Colusa,2021-05-05,79,12815,16,2715,62,9505,1,595,34,2536,45,5428,35,7964,California
Colusa,2021-05-06,254,13069,16,2731,236,9741,2,597,111,2506,143,5571,113,8077,California
Colusa,2021-05-07,66,13135,4,2735,58,9799,4,601,30,2504,36,5607,34,8111,California
Colusa,2021-05-08,17,13152,5,2740,12,9811,0,601,9,2505,8,5615,9,8120,California
Colusa,2021-05-09,13,13165,5,2745,5,9816,3,604,6,2507,7,5622,9,8129,California
Colusa,2021-05-10,16,13181,7,2752,9,9825,0,604,6,2503,10,5632,6,8135,California
Colusa,2021-05-11,93,13274,34,2786,59,9884,0,604,50,2510,43,5675,50,8185,California
Colusa,2021-05-12,74,13348,31,2817,39,9923,4,608,20,2480,54,5729,24,8209,California
Colusa,2021-05-13,242,13590,24,2841,217,10140,1,609,78,2395,164,5893,79,8288,California
Colusa,2021-05-14,85,13675,18,2859,52,10192,15,624,33,2392,51,5944,48,8336,California
Colusa,2021-05-15,38,13713,9,2868,27,10219,2,626,20,2396,18,5962,22,8358,California
Colusa,2021-05-16,23,13736,6,2874,10,10229,7,633,10,2400,13,5975,17,8375,California
Colusa,2021-05-17,24,13760,4,2878,18,10247,2,635,12,2402,12,5987,14,8389,California
Colusa,2021-05-18,102,13862,26,2904,74,10321,2,637,46,2394,56,6043,48,8437,California
Colusa,2021-05-19,220,14082,44,2948,156,10477,20,657,69,2332,151,6194,89,8526,California
Colusa,2021-05-20,281,14363,33,2981,244,10721,4,661,69,2193,212,6406,73,8599,California
Colusa,2021-05-21,71,14434,24,3005,45,10766,2,663,36,2196,35,6441,38,8637,California
Colusa,2021-05-22,218,14652,21,3026,196,10962,1,664,30,2039,188,6629,31,8668,California
Colusa,2021-05-23,19,14671,8,3034,7,10969,4,668,6,2036,13,6642,10,8678,California
Colusa,2021-05-24,26,14697,3,3037,18,10987,5,673,15,2045,11,6653,20,8698,California
Colusa,2021-05-25,135,14832,75,3112,58,11045,2,675,53,2018,82,6735,55,8753,California
Colusa,2021-05-26,72,14904,25,3137,47,11092,0,675,33,2012,39,6774,33,8786,California
Colusa,2021-05-27,172,15076,17,3154,155,11247,0,675,55,1950,117,6891,55,8841,California
Colusa,2021-05-28,79,15155,25,3179,53,11300,1,676,40,1952,39,6930,41,8882,California
Colusa,2021-05-29,40,15195,18,3197,18,11318,4,680,29,1974,11,6941,33,8915,California
Colusa,2021-05-30,8,15203,1,3198,2,11320,5,685,1,1973,7,6948,6,8921,California
Colusa,2021-05-31,4,15207,0,3198,4,11324,0,685,1,1971,3,6951,1,8922,California
Colusa,2021-06-01,50,15257,16,3214,33,11357,1,686,26,1974,24,6975,27,8949,California
Colusa,2021-06-02,146,15403,20,3234,124,11481,2,688,52,1935,93,7068,54,9003,California
Colusa,2021-06-03,63,15466,20,3254,42,11523,1,689,26,1928,34,7102,27,9030,California
Colusa,2021-06-04,60,15526,19,3273,37,11560,4,693,21,1914,39,7141,25,9055,California
Colusa,2021-06-05,35,15561,16,3289,18,11578,1,694,18,1916,17,7158,19,9074,California
Colusa,2021-06-06,10,15571,5,3294,4,11582,1,695,6,1919,4,7162,7,9081,California
Colusa,2021-06-07,22,15593,6,3300,16,11598,0,695,12,1921,10,7172,12,9093,California
Colusa,2021-06-08,74,15667,20,3320,54,11652,0,695,29,1905,45,7217,29,9122,California
Colusa,2021-06-09,70,15737,39,3359,31,11683,0,695,28,1891,42,7259,28,9150,California
Colusa,2021-06-10,58,15795,23,3382,31,11714,4,699,14,1865,44,7303,18,9168,California
Colusa,2021-06-11,60,15855,33,3415,27,11741,0,699,29,1863,31,7334,29,9197,California
Colusa,2021-06-12,35,15890,21,3436,14,11755,0,699,9,1846,26,7360,9,9206,California
Colusa,2021-06-13,10,15900,3,3439,5,11760,2,701,2,1842,8,7368,4,9210,California
Colusa,2021-06-14,19,15919,9,3448,10,11770,0,701,7,1837,12,7380,7,9217,California
Colusa,2021-06-15,76,15995,36,3484,39,11809,1,702,19,1800,57,7437,20,9237,California
Colusa,2021-06-16,55,16050,15,3499,39,11848,1,703,15,1776,40,7477,16,9253,California
Colusa,2021-06-17,117,16167,10,3509,106,11954,1,704,17,1694,100,7577,18,9271,California
Colusa,2021-06-18,63,16230,32,3541,27,11981,4,708,25,1685,38,7615,29,9300,California
Colusa,2021-06-19,26,16256,21,3562,4,11985,1,709,6,1672,20,7635,7,9307,California
Colusa,2021-06-20,10,16266,7,3569,3,11988,0,709,8,1678,2,7637,8,9315,California
Colusa,2021-06-21,19,16285,3,3572,16,12004,0,709,8,1675,11,7648,8,9323,California
Colusa,2021-06-22,69,16354,30,3602,34,12038,5,714,30,1672,38,7686,35,9358,California
Colusa,2021-06-23,14,16368,7,3609,7,12045,0,714,5,1668,9,7695,5,9363,California
Contra Costa,2020-12-15,19,19,19,19,0,0,0,0,19,19,0,0,19,19,California
Contra Costa,2020-12-16,522,541,522,541,0,0,0,0,522,541,0,0,522,541,California
Contra Costa,2020-12-17,1044,1585,1044,1585,0,0,0,0,1044,1585,0,0,1044,1585,California
Contra Costa,2020-12-18,1752,3337,1750,3335,2,2,0,0,1752,3337,0,0,1752,3337,California
Contra Costa,2020-12-19,1114,4451,1113,4448,1,3,0,0,1114,4451,0,0,1114,4451,California
Contra Costa,2020-12-20,596,5047,595,5043,1,4,0,0,596,5047,0,0,596,5047,California
Contra Costa,2020-12-21,1665,6712,1662,6705,3,7,0,0,1665,6712,0,0,1665,6712,California
Contra Costa,2020-12-22,1674,8386,1568,8273,106,113,0,0,1674,8386,0,0,1674,8386,California
Contra Costa,2020-12-23,1618,10004,1367,9640,251,364,0,0,1618,10004,0,0,1618,10004,California
Contra Costa,2020-12-24,656,10660,334,9974,322,686,0,0,656,10660,0,0,656,10660,California
Contra Costa,2020-12-25,41,10701,19,9993,22,708,0,0,41,10701,0,0,41,10701,California
Contra Costa,2020-12-26,649,11350,135,10128,514,1222,0,0,649,11350,0,0,649,11350,California
Contra Costa,2020-12-27,242,11592,87,10215,155,1377,0,0,242,11592,0,0,242,11592,California
Contra Costa,2020-12-28,1845,13437,870,11085,975,2352,0,0,1845,13437,0,0,1845,13437,California
Contra Costa,2020-12-29,1843,15280,826,11911,1017,3369,0,0,1843,15280,0,0,1843,15280,California
Contra Costa,2020-12-30,2410,17690,1220,13131,1190,4559,0,0,2408,17687,2,2,2409,17689,California
Contra Costa,2020-12-31,926,18616,310,13441,616,5175,0,0,925,18612,0,2,925,18614,California
Contra Costa,2021-01-01,66,18682,24,13465,42,5217,0,0,66,18678,0,2,66,18680,California
Contra Costa,2021-01-02,344,19026,177,13642,167,5384,0,0,344,19022,0,2,344,19024,California
Contra Costa,2021-01-03,181,19207,122,13764,59,5443,0,0,180,19202,0,2,180,19204,California
Contra Costa,2021-01-04,1902,21109,1244,15008,658,6101,0,0,1882,21066,18,20,1882,21086,California
Contra Costa,2021-01-05,2115,23224,1264,16272,851,6952,0,0,1829,22611,285,305,1830,22916,California
Contra Costa,2021-01-06,3293,26517,2260,18532,1033,7985,0,0,2481,24289,806,1111,2484,25400,California
Contra Costa,2021-01-07,3108,29625,2074,20606,1034,9019,0,0,1794,24773,1311,2422,1795,27195,California
Contra Costa,2021-01-08,3412,33037,2405,23011,1007,10026,0,0,1769,24907,1638,4060,1772,28967,California
Contra Costa,2021-01-09,1594,34631,1141,24152,453,10479,0,0,734,24784,859,4919,736,29703,California
Contra Costa,2021-01-10,362,34993,287,24439,75,10554,0,0,151,24724,211,5130,151,29854,California
Contra Costa,2021-01-11,3851,38844,3155,27594,696,11250,0,0,2226,25328,1625,6755,2229,32083,California
Contra Costa,2021-01-12,3949,42793,2962,30556,987,12237,0,0,2597,26577,1351,8106,2600,34683,California
Contra Costa,2021-01-13,4761,47554,2960,33516,1801,14038,0,0,3795,29411,962,9068,3796,38479,California
Contra Costa,2021-01-14,4329,51883,1568,35084,2761,16799,0,0,3943,32968,386,9454,3943,42422,California
Contra Costa,2021-01-15,5355,57238,2470,37554,2885,19684,0,0,5027,37672,327,9781,5031,47453,California
Contra Costa,2021-01-16,1744,58982,566,38120,1178,20862,0,0,1667,39262,77,9858,1667,49120,California
Contra Costa,2021-01-17,1667,60649,982,39102,685,21547,0,0,1546,40690,121,9979,1549,50669,California
Contra Costa,2021-01-18,3222,63871,1275,40377,1947,23494,0,0,2591,42657,625,10604,2592,53261,California
Contra Costa,2021-01-19,7082,70953,3168,43545,3914,27408,0,0,6072,47729,1005,11609,6077,59338,California
Contra Costa,2021-01-20,6744,77697,4152,47697,2592,30000,0,0,5495,51984,1245,12854,5500,64838,California
Contra Costa,2021-01-21,7051,84748,3127,50824,3924,33924,0,0,6316,57579,729,13583,6324,71162,California
Contra Costa,2021-01-22,6439,91187,2740,53564,3699,37623,0,0,5575,62302,855,14438,5578,76740,California
Contra Costa,2021-01-23,2050,93237,359,53923,1691,39314,0,0,1786,63828,262,14700,1788,78528,California
Contra Costa,2021-01-24,1588,94825,218,54141,1370,40684,0,0,1439,65122,149,14849,1443,79971,California
Contra Costa,2021-01-25,6710,101535,3047,57188,3663,44347,0,0,5128,68674,1580,16429,5132,85103,California
Contra Costa,2021-01-26,8182,109717,4728,61916,3454,47801,0,0,6308,73121,1866,18295,6313,91416,California
Contra Costa,2021-01-27,8244,117961,5442,67358,2802,50603,0,0,6383,77659,1849,20144,6387,97803,California
Contra Costa,2021-01-28,7499,125460,4107,71465,3392,53995,0,0,5878,81926,1615,21759,5882,103685,California
Contra Costa,2021-01-29,7504,132964,3917,75382,3587,57582,0,0,6176,86781,1323,23082,6178,109863,California
Contra Costa,2021-01-30,2154,135118,653,76035,1501,59083,0,0,1753,88140,394,23476,1753,111616,California
Contra Costa,2021-01-31,667,135785,437,76472,230,59313,0,0,572,88620,92,23568,572,112188,California
Contra Costa,2021-02-01,5872,141657,4083,80555,1789,61102,0,0,3958,90675,1906,25474,3961,116149,California
Contra Costa,2021-02-02,7642,149299,5120,85675,2522,63624,0,0,5927,94890,1713,27187,5928,122077,California
Contra Costa,2021-02-03,8311,157610,5483,91158,2828,66452,0,0,5635,97860,2666,29853,5636,127713,California
Contra Costa,2021-02-04,7502,165112,3583,94741,3919,70371,0,0,5735,101834,1764,31617,5738,133451,California
Contra Costa,2021-02-05,8469,173581,4827,99568,3642,74013,0,0,5764,104900,2698,34315,5764,139215,California
Contra Costa,2021-02-06,3487,177068,2166,101734,1321,75334,0,0,2830,107075,656,34971,2831,142046,California
Contra Costa,2021-02-07,993,178061,720,102454,273,75607,0,0,607,107298,384,35355,607,142653,California
Contra Costa,2021-02-08,5889,183950,3502,105956,2387,77994,0,0,4388,110193,1494,36849,4389,147042,California
Contra Costa,2021-02-09,8700,192650,4800,110756,3900,81894,0,0,5780,113062,2912,39761,5781,152823,California
Contra Costa,2021-02-10,8676,201326,4663,115419,4013,85907,0,0,5368,115142,3292,43053,5372,158195,California
Contra Costa,2021-02-11,9389,210715,4243,119662,5146,91053,0,0,5290,116344,4093,47146,5295,163490,California
Contra Costa,2021-02-12,10124,220839,4642,124304,5482,96535,0,0,5464,117160,4652,51798,5468,168958,California
Contra Costa,2021-02-13,4900,225739,1378,125682,3522,100057,0,0,3410,119086,1486,53284,3412,172370,California
Contra Costa,2021-02-14,2107,227846,870,126552,1237,101294,0,0,1223,119427,882,54166,1223,173593,California
Contra Costa,2021-02-15,4491,232337,2482,129034,2009,103303,0,0,2342,119629,2141,56307,2343,175936,California
Contra Costa,2021-02-16,10457,242794,4939,133973,5518,108821,0,0,4657,118498,5792,62099,4661,180597,California
Contra Costa,2021-02-17,12325,255119,6171,140144,6154,114975,0,0,5631,117451,6679,68778,5632,186229,California
Contra Costa,2021-02-18,11543,266662,5991,146135,5552,120527,0,0,5342,116605,6190,74968,5344,191573,California
Contra Costa,2021-02-19,11522,278184,7182,153317,4340,124867,0,0,5210,115520,6297,81265,5212,196785,California
Contra Costa,2021-02-20,6555,284739,2966,156283,3589,128456,0,0,4617,118219,1921,83186,4620,201405,California
Contra Costa,2021-02-21,2326,287065,1750,158033,576,129032,0,0,1570,119034,755,83941,1570,202975,California
Contra Costa,2021-02-22,7761,294826,5244,163277,2517,131549,0,0,3567,118425,4179,88120,3570,206545,California
Contra Costa,2021-02-23,12240,307066,7532,170809,4708,136257,0,0,6162,118530,6064,94184,6169,212714,California
Contra Costa,2021-02-24,10747,317813,7889,178698,2858,139115,0,0,5221,118246,5507,99691,5223,217937,California
Contra Costa,2021-02-25,11898,329711,7552,186250,4346,143461,0,0,5527,117429,6350,106041,5533,223470,California
Contra Costa,2021-02-26,11111,340822,7014,193264,4097,147558,0,0,5506,117347,5590,111631,5508,228978,California
Contra Costa,2021-02-27,6903,347725,4446,197710,2457,150015,0,0,4329,119112,2566,114197,4331,233309,California
Contra Costa,2021-02-28,4335,352060,3596,201306,738,150753,1,1,3660,122102,672,114869,3662,236971,California
Contra Costa,2021-03-01,8680,360740,6577,207883,2097,152850,6,7,5348,124141,3317,118186,5356,242327,California
Contra Costa,2021-03-02,10685,371425,6840,214723,3844,156694,1,8,5726,124925,4943,123129,5727,248054,California
Contra Costa,2021-03-03,11405,382830,7173,221896,4231,160925,1,9,6432,126401,4958,128087,6434,254488,California
Contra Costa,2021-03-04,11995,394825,7177,229073,4816,165741,2,11,6247,126921,5729,133816,6249,260737,California
Contra Costa,2021-03-05,11507,406332,6915,235988,4585,170326,7,18,6617,128674,4872,138688,6625,267362,California
Contra Costa,2021-03-06,7509,413841,4207,240195,2991,173317,311,329,4914,131316,2581,141269,5223,272585,California
Contra Costa,2021-03-07,3855,417696,2465,242660,1327,174644,63,392,3168,133862,685,141954,3231,275816,California
Contra Costa,2021-03-08,8252,425948,3932,246592,4015,178659,305,697,5545,137021,2695,144649,5854,281670,California
Contra Costa,2021-03-09,11194,437142,5941,252533,4957,183616,296,993,5860,137857,5323,149972,6159,287829,California
Contra Costa,2021-03-10,12471,449613,6231,258764,4741,188357,1499,2492,5680,138247,6778,156750,7168,294997,California
Contra Costa,2021-03-11,12535,462148,6597,265361,5370,193727,568,3060,6399,139100,6113,162863,6966,301963,California
Contra Costa,2021-03-12,12684,474832,5228,270589,6888,200615,568,3628,6311,139621,6354,169217,6875,308838,California
Contra Costa,2021-03-13,7901,482733,3176,273765,4293,204908,432,4060,3115,138396,4767,173984,3542,312380,California
Contra Costa,2021-03-14,4445,487178,2634,276399,1327,206235,484,4544,1695,137833,2741,176725,2178,314558,California
Contra Costa,2021-03-15,9505,496683,5160,281559,3588,209823,757,5301,4702,138510,4782,181507,5459,320017,California
Contra Costa,2021-03-16,14407,511090,8585,290144,5413,215236,409,5710,7120,138774,7264,188771,7528,327545,California
Contra Costa,2021-03-17,15155,526245,10479,300623,4455,219691,221,5931,8481,140834,6647,195418,8707,336252,California
Contra Costa,2021-03-18,15515,541760,8659,309282,6375,226066,481,6412,8580,142996,6898,202316,9060,345312,California
Contra Costa,2021-03-19,15722,557482,9097,318379,5225,231291,1400,7812,8164,145029,7541,209857,9574,354886,California
Contra Costa,2021-03-20,10763,568245,6451,324830,3997,235288,315,8127,5091,144786,5648,215505,5405,360291,California
Contra Costa,2021-03-21,4580,572825,4009,328839,474,235762,97,8224,1782,143877,2787,218292,1878,362169,California
Contra Costa,2021-03-22,11694,584519,8809,337648,2626,238388,259,8483,6804,146064,4873,223165,7060,369229,California
Contra Costa,2021-03-23,15743,600262,10863,348511,4710,243098,170,8653,9059,148639,6655,229820,9230,378459,California
Contra Costa,2021-03-24,15093,615355,11765,360276,3114,246212,214,8867,9133,152061,5927,235747,9349,387808,California
Contra Costa,2021-03-25,15425,630780,12025,372301,3106,249318,294,9161,9427,155818,5960,241707,9717,397525,California
Contra Costa,2021-03-26,15126,645906,10855,383156,3868,253186,403,9564,8685,158489,6413,248120,9084,406609,California
Contra Costa,2021-03-27,10589,656495,6886,390042,3191,256377,512,10076,5620,159656,4957,253077,6124,412733,California
Contra Costa,2021-03-28,4248,660743,3033,393075,1163,257540,52,10128,1616,158704,2620,255697,1668,414401,California
Contra Costa,2021-03-29,10953,671696,8539,401614,2298,259838,116,10244,6952,161791,3983,259680,7070,421471,California
Contra Costa,2021-03-30,16845,688541,9212,410826,6274,266112,1359,11603,10378,167082,6444,266124,11735,433206,California
Contra Costa,2021-03-31,18089,706630,12653,423479,3990,270102,1446,13049,11358,173195,6683,272807,12796,446002,California
Contra Costa,2021-04-01,17631,724261,12302,435781,3938,274040,1391,14440,11417,179820,6178,278985,12803,458805,California
Contra Costa,2021-04-02,17543,741804,12904,448685,3608,277648,1031,15471,11618,186551,5913,284898,12644,471449,California
Contra Costa,2021-04-03,10886,752690,6500,455185,2836,280484,1550,17021,6210,189644,4662,289560,7755,479204,California
Contra Costa,2021-04-04,3354,756044,1329,456514,1426,281910,599,17620,848,188591,2498,292058,1445,480649,California
Contra Costa,2021-04-05,12141,768185,7912,464426,3244,285154,985,18605,6587,190623,5539,297597,7571,488220,California
Contra Costa,2021-04-06,17384,785569,12033,476459,3056,288210,2295,20900,9738,195027,7624,305221,12028,500248,California
Contra Costa,2021-04-07,18638,804207,12610,489069,3201,291411,2827,23727,10559,200389,8057,313278,13419,513667,California
Contra Costa,2021-04-08,18728,822935,12477,501546,3323,294734,2928,26655,10034,204673,8666,321944,12950,526617,California
Contra Costa,2021-04-09,18915,841850,12070,513616,4336,299070,2509,29164,10109,208506,8776,330720,12609,539226,California
Contra Costa,2021-04-10,10591,852441,3834,517450,2191,301261,4566,33730,3311,209109,7259,337979,7862,547088,California
Contra Costa,2021-04-11,3368,855809,2008,519458,694,301955,666,34396,1135,208682,2227,340206,1800,548888,California
Contra Costa,2021-04-12,12026,867835,7928,527386,3017,304972,1081,35477,5657,209074,6352,346558,6744,555632,California
Contra Costa,2021-04-13,17963,885798,11017,538403,6938,311910,8,35485,11980,215112,5955,352513,11993,567625,California
Contra Costa,2021-04-14,17784,903582,11173,549576,6610,318520,1,35486,9882,217121,7878,360391,9887,577512,California
Contra Costa,2021-04-15,17595,921177,10793,560369,6801,325321,1,35487,8158,215898,9407,369798,8184,585696,California
Contra Costa,2021-04-16,17013,938190,10592,570961,6420,331741,1,35488,7686,214295,9298,379096,7695,593391,California
Contra Costa,2021-04-17,11581,949771,6358,577319,5223,336964,0,35488,6250,215241,5311,384407,6257,599648,California
Contra Costa,2021-04-18,2787,952558,2156,579475,631,337595,0,35488,1804,216072,973,385380,1804,601452,California
Contra Costa,2021-04-19,11492,964050,8573,588048,2919,340514,0,35488,3651,211915,7812,393192,3655,605107,California
Contra Costa,2021-04-20,16840,980890,10919,598967,5921,346435,0,35488,6385,207883,10422,403614,6390,611497,California
Contra Costa,2021-04-21,17469,998359,14238,613205,3230,349665,1,35489,6260,202990,11163,414777,6270,617767,California
Contra Costa,2021-04-22,17150,1015509,13869,627074,3279,352944,2,35491,6049,197986,11064,425841,6060,623827,California
Contra Costa,2021-04-23,16999,1032508,13489,640563,3509,356453,1,35492,5484,192003,11479,437320,5496,629323,California
Contra Costa,2021-04-24,10953,1043461,8440,649003,2512,358965,1,35493,4198,189475,6730,444050,4202,633525,California
Contra Costa,2021-04-25,3288,1046749,2217,651220,1069,360034,2,35495,2078,190350,1209,445259,2084,635609,California
Contra Costa,2021-04-26,10027,1056776,8347,659567,1656,361690,24,35519,3022,186424,6985,452244,3059,638668,California
Contra Costa,2021-04-27,14650,1071426,10679,670246,3793,365483,178,35697,3983,179953,10642,462886,4171,642839,California
Contra Costa,2021-04-28,14243,1085669,11084,681330,2873,368356,286,35983,3815,173665,10393,473279,4105,646944,California
Contra Costa,2021-04-29,13436,1099105,10389,691719,2878,371234,169,36152,3209,166852,10197,483476,3384,650328,California
Contra Costa,2021-04-30,13733,1112838,10798,702517,2678,373912,257,36409,3128,159667,10576,494052,3391,653719,California
Contra Costa,2021-05-01,8036,1120874,5844,708361,1869,375781,323,36732,1916,155813,6092,500144,2238,655957,California
Contra Costa,2021-05-02,2342,1123216,1593,709954,668,376449,81,36813,990,155544,1340,501484,1071,657028,California
Contra Costa,2021-05-03,9128,1132344,8012,717966,940,377389,176,36989,1920,150454,7191,508675,2101,659129,California
Contra Costa,2021-05-04,14058,1146402,12119,730085,1609,378998,330,37319,2274,141302,11756,520431,2604,661733,California
Contra Costa,2021-05-05,12523,1158925,10786,740871,1535,380533,202,37521,2397,133804,10098,530529,2600,664333,California
Contra Costa,2021-05-06,10285,1169210,8536,749407,1413,381946,336,37857,1929,127744,8331,538860,2271,666604,California
Contra Costa,2021-05-07,9644,1178854,7744,757151,1676,383622,224,38081,2219,122792,7391,546251,2439,669043,California
Contra Costa,2021-05-08,5292,1184146,3978,761129,1146,384768,168,38249,1239,120165,4038,550289,1411,670454,California
Contra Costa,2021-05-09,2109,1186255,1780,762909,270,385038,59,38308,454,119032,1648,551937,515,670969,California
Contra Costa,2021-05-10,4926,1191181,3937,766846,769,385807,220,38528,1329,117004,3575,555512,1547,672516,California
Contra Costa,2021-05-11,8773,1199954,4570,771416,3965,389772,238,38766,1735,111966,7018,562530,1980,674496,California
Contra Costa,2021-05-12,9253,1209207,4758,776174,4229,394001,266,39032,1657,106328,7567,570097,1929,676425,California
Contra Costa,2021-05-13,11683,1220890,7764,783938,3732,397733,187,39219,4184,103229,7472,577569,4373,680798,California
Contra Costa,2021-05-14,12129,1233019,8066,792004,3779,401512,284,39503,4995,101399,7108,584677,5278,686076,California
Contra Costa,2021-05-15,9988,1243007,7238,799242,2632,404144,118,39621,4396,100337,5578,590255,4516,690592,California
Contra Costa,2021-05-16,2437,1245444,2127,801369,264,404408,46,39667,1088,100127,1343,591598,1133,691725,California
Contra Costa,2021-05-17,7037,1252481,5670,807039,1195,405603,172,39839,3530,100343,3487,595085,3703,695428,California
Contra Costa,2021-05-18,10221,1262702,6980,814019,3023,408626,218,40057,4465,99302,5726,600811,4685,700113,California
Contra Costa,2021-05-19,8468,1271170,6845,820864,1427,410053,196,40253,3857,98765,4592,605403,4055,704168,California
Contra Costa,2021-05-20,7150,1278320,5636,826500,1327,411380,187,40440,3357,98543,3766,609169,3544,707712,California
Contra Costa,2021-05-21,7062,1285382,5405,831905,1445,412825,212,40652,3253,98222,3783,612952,3462,711174,California
Contra Costa,2021-05-22,5107,1290489,4036,835941,890,413715,181,40833,2484,98287,2598,615550,2663,713837,California
Contra Costa,2021-05-23,1224,1291713,799,836740,369,414084,56,40889,594,98314,622,616172,649,714486,California
Contra Costa,2021-05-24,4665,1296378,3851,840591,639,414723,175,41064,2194,98226,2459,618631,2371,716857,California
Contra Costa,2021-05-25,6267,1302645,5096,845687,921,415644,250,41314,2648,97522,3601,622232,2897,719754,California
Contra Costa,2021-05-26,5616,1308261,3603,849290,1824,417468,189,41503,1966,96048,3628,625860,2154,721908,California
Contra Costa,2021-05-27,3804,1312065,2691,851981,937,418405,176,41679,1637,95705,2152,628012,1809,723717,California
Contra Costa,2021-05-28,5354,1317419,3742,855723,1439,419844,173,41852,2252,95049,3077,631089,2421,726138,California
Contra Costa,2021-05-29,3272,1320691,2126,857849,1029,420873,117,41969,1655,95214,1607,632696,1772,727910,California
Contra Costa,2021-05-30,921,1321612,583,858432,310,421183,28,41997,362,95047,557,633253,390,728300,California
Contra Costa,2021-05-31,385,1321997,264,858696,109,421292,12,42009,127,94930,255,633508,138,728438,California
Contra Costa,2021-06-01,4790,1326787,3564,862260,1081,422373,145,42154,1718,93739,3055,636563,1864,730302,California
Contra Costa,2021-06-02,3417,1330204,2419,864679,853,423226,145,42299,1403,93283,2003,638566,1547,731849,California
Contra Costa,2021-06-03,5393,1335597,4491,869170,787,424013,115,42414,1450,90912,3936,642502,1565,733414,California
Contra Costa,2021-06-04,6342,1341939,5314,874484,890,424903,138,42552,1608,87937,4717,647219,1742,735156,California
Contra Costa,2021-06-05,5173,1347112,4383,878867,678,425581,112,42664,1110,85105,4052,651271,1220,736376,California
Contra Costa,2021-06-06,1347,1348459,1175,880042,142,425723,30,42694,381,84555,961,652232,411,736787,California
Contra Costa,2021-06-07,4914,1353373,4322,884364,492,426215,100,42794,1405,82563,3498,655730,1506,738293,California
Contra Costa,2021-06-08,6087,1359460,5250,889614,714,426929,123,42917,1436,79487,4636,660366,1560,739853,California
Contra Costa,2021-06-09,4841,1364301,4126,893740,569,427498,146,43063,1243,77297,3580,663946,1390,741243,California
Contra Costa,2021-06-10,4767,1369068,4004,897744,597,428095,166,43229,1231,75174,3520,667466,1397,742640,California
Contra Costa,2021-06-11,4834,1373902,3958,901702,677,428772,199,43428,1278,73109,3541,671007,1476,744116,California
Contra Costa,2021-06-12,3157,1377059,2676,904378,414,429186,67,43495,722,71472,2424,673431,787,744903,California
Contra Costa,2021-06-13,1136,1378195,848,905226,180,429366,108,43603,283,71017,846,674277,391,745294,California
Contra Costa,2021-06-14,3874,1382069,3274,908500,471,429837,129,43732,1143,69571,2715,676992,1269,746563,California
Contra Costa,2021-06-15,4168,1386237,3473,911973,534,430371,161,43893,1314,68201,2845,679837,1475,748038,California
Contra Costa,2021-06-16,3464,1389701,2822,914795,459,430830,183,44076,1217,67371,2228,682065,1398,749436,California
Contra Costa,2021-06-17,2754,1392455,2254,917049,374,431204,126,44202,1048,66843,1699,683764,1171,750607,California
Contra Costa,2021-06-18,3666,1396121,3019,920068,457,431661,190,44392,1322,66020,2333,686097,1510,752117,California
Contra Costa,2021-06-19,2019,1398140,1687,921755,229,431890,103,44495,577,65262,1439,687536,681,752798,California
Contra Costa,2021-06-20,784,1398924,657,922412,98,431988,29,44524,330,65170,450,687986,358,753156,California
Contra Costa,2021-06-21,1804,1400728,1377,923789,273,432261,154,44678,974,65474,822,688808,1126,754282,California
Contra Costa,2021-06-22,2971,1403699,2530,926319,306,432567,135,44813,1151,64951,1807,690615,1284,755566,California
Contra Costa,2021-06-23,1760,1405459,1490,927809,211,432778,59,44872,686,64626,1070,691685,745,756311,California
Del Norte,2020-12-21,23,23,23,23,0,0,0,0,23,23,0,0,23,23,California
Del Norte,2020-12-22,46,69,46,69,0,0,0,0,46,69,0,0,46,69,California
Del Norte,2020-12-23,59,128,48,117,11,11,0,0,57,126,0,0,57,126,California
Del Norte,2020-12-28,34,162,34,151,0,11,0,0,34,160,0,0,34,160,California
Del Norte,2020-12-29,4,166,4,155,0,11,0,0,4,164,0,0,4,164,California
Del Norte,2020-12-30,67,233,55,210,12,23,0,0,68,232,0,0,68,232,California
Del Norte,2020-12-31,16,249,13,223,3,26,0,0,16,248,0,0,16,248,California
Del Norte,2021-01-04,103,352,50,273,53,79,0,0,103,351,0,0,103,351,California
Del Norte,2021-01-05,32,384,0,273,32,111,0,0,32,383,0,0,32,383,California
Del Norte,2021-01-06,77,461,18,291,59,170,0,0,77,460,0,0,77,460,California
Del Norte,2021-01-07,21,482,1,292,20,190,0,0,21,481,0,0,21,481,California
Del Norte,2021-01-08,77,559,7,299,70,260,0,0,77,558,0,0,77,558,California
Del Norte,2021-01-11,40,599,21,320,19,279,0,0,18,555,22,22,19,577,California
Del Norte,2021-01-12,52,651,33,353,19,298,0,0,31,565,21,43,31,608,California
Del Norte,2021-01-13,86,737,40,393,46,344,0,0,53,585,33,76,53,661,California
Del Norte,2021-01-14,53,790,14,407,39,383,0,0,47,626,6,82,47,708,California
Del Norte,2021-01-15,107,897,18,425,89,472,0,0,95,709,12,94,95,803,California
Del Norte,2021-01-17,1,898,1,426,0,472,0,0,1,710,0,94,1,804,California
Del Norte,2021-01-18,2,900,0,426,2,474,0,0,2,712,0,94,2,806,California
Del Norte,2021-01-19,119,1019,56,482,63,537,0,0,77,747,42,136,77,883,California
Del Norte,2021-01-20,160,1179,85,567,75,612,0,0,97,781,63,199,97,980,California
Del Norte,2021-01-21,43,1222,40,607,3,615,0,0,32,802,11,210,32,1012,California
Del Norte,2021-01-22,19,1241,17,624,2,617,0,0,12,807,7,217,12,1024,California
Del Norte,2021-01-23,1,1242,0,624,1,618,0,0,1,808,0,217,1,1025,California
Del Norte,2021-01-24,1,1243,0,624,1,619,0,0,1,809,0,217,1,1026,California
Del Norte,2021-01-25,101,1344,83,707,18,637,0,0,56,820,45,262,56,1082,California
Del Norte,2021-01-26,18,1362,11,718,7,644,0,0,7,816,11,273,7,1089,California
Del Norte,2021-01-27,64,1426,21,739,43,687,0,0,61,874,3,276,61,1150,California
Del Norte,2021-01-28,293,1719,20,759,273,960,0,0,288,1157,5,281,288,1438,California
Del Norte,2021-01-29,64,1783,23,782,41,1001,0,0,44,1181,20,301,44,1482,California
Del Norte,2021-01-30,8,1791,1,783,7,1008,0,0,8,1189,0,301,8,1490,California
Del Norte,2021-02-01,41,1832,1,784,40,1048,0,0,26,1200,15,316,26,1516,California
Del Norte,2021-02-02,142,1974,35,819,107,1155,0,0,73,1206,68,384,74,1590,California
Del Norte,2021-02-03,129,2103,42,861,87,1242,0,0,74,1225,55,439,74,1664,California
Del Norte,2021-02-04,69,2172,27,888,42,1284,0,0,41,1237,29,468,41,1705,California
Del Norte,2021-02-05,184,2356,22,910,162,1446,0,0,119,1292,64,532,119,1824,California
Del Norte,2021-02-06,311,2667,5,915,306,1752,0,0,311,1603,0,532,311,2135,California
Del Norte,2021-02-07,2,2669,1,916,1,1753,0,0,2,1605,0,532,2,2137,California
Del Norte,2021-02-08,35,2704,1,917,34,1787,0,0,31,1632,4,536,31,2168,California
Del Norte,2021-02-09,8,2712,5,922,3,1790,0,0,2,1628,6,542,2,2170,California
Del Norte,2021-02-10,143,2855,20,942,123,1913,0,0,86,1658,56,598,86,2256,California
Del Norte,2021-02-11,178,3033,59,1001,119,2032,0,0,64,1608,114,712,64,2320,California
Del Norte,2021-02-12,122,3155,14,1015,108,2140,0,0,68,1622,54,766,68,2388,California
Del Norte,2021-02-13,2,3157,1,1016,1,2141,0,0,2,1624,0,766,2,2390,California
Del Norte,2021-02-14,3,3160,1,1017,2,2143,0,0,2,1625,1,767,2,2392,California
Del Norte,2021-02-15,5,3165,0,1017,5,2148,0,0,3,1626,2,769,3,2395,California
Del Norte,2021-02-16,132,3297,1,1018,131,2279,0,0,13,1520,119,888,13,2408,California
Del Norte,2021-02-17,93,3390,20,1038,73,2352,0,0,25,1478,67,955,25,2433,California
Del Norte,2021-02-18,77,3467,24,1062,53,2405,0,0,51,1503,26,981,51,2484,California
Del Norte,2021-02-19,43,3510,17,1079,26,2431,0,0,33,1526,10,991,33,2517,California
Del Norte,2021-02-20,9,3519,6,1085,3,2434,0,0,6,1529,3,994,6,2523,California
Del Norte,2021-02-22,2,3521,0,1085,2,2436,0,0,2,1531,0,994,2,2525,California
Del Norte,2021-02-23,107,3628,89,1174,18,2454,0,0,31,1487,75,1069,31,2556,California
Del Norte,2021-02-24,155,3783,100,1274,55,2509,0,0,80,1492,75,1144,80,2636,California
Del Norte,2021-02-25,478,4261,131,1405,347,2856,0,0,213,1442,263,1407,213,2849,California
Del Norte,2021-02-26,213,4474,177,1582,36,2892,0,0,166,1561,47,1454,166,3015,California
Del Norte,2021-02-27,150,4624,144,1726,5,2897,1,1,141,1694,9,1463,142,3157,California
Del Norte,2021-02-28,4,4628,1,1727,3,2900,0,1,3,1696,1,1464,3,3160,California
Del Norte,2021-03-01,28,4656,2,1729,26,2926,0,1,4,1677,23,1487,4,3164,California
Del Norte,2021-03-02,222,4878,142,1871,80,3006,0,1,188,1831,34,1521,188,3352,California
Del Norte,2021-03-03,176,5054,107,1978,69,3075,0,1,134,1923,42,1563,134,3486,California
Del Norte,2021-03-04,120,5174,83,2061,37,3112,0,1,91,1986,28,1591,91,3577,California
Del Norte,2021-03-05,122,5296,11,2072,111,3223,0,1,74,2012,48,1639,74,3651,California
Del Norte,2021-03-06,465,5761,77,2149,339,3562,49,50,163,1880,302,1941,170,3821,California
Del Norte,2021-03-07,2,5763,1,2150,1,3563,0,50,1,1880,1,1942,1,3822,California
Del Norte,2021-03-08,29,5792,1,2151,26,3589,2,52,6,1866,22,1964,8,3830,California
Del Norte,2021-03-09,194,5986,113,2264,78,3667,3,55,183,2041,11,1975,186,4016,California
Del Norte,2021-03-10,235,6221,96,2360,111,3778,28,83,134,2102,101,2076,162,4178,California
Del Norte,2021-03-11,151,6372,55,2415,91,3869,5,88,103,2162,48,2124,108,4286,California
Del Norte,2021-03-12,178,6550,89,2504,89,3958,0,88,125,2234,53,2177,125,4411,California
Del Norte,2021-03-13,94,6644,93,2597,1,3959,0,88,91,2322,3,2180,91,4502,California
Del Norte,2021-03-14,1,6645,0,2597,1,3960,0,88,1,2322,1,2181,1,4503,California
Del Norte,2021-03-15,38,6683,0,2597,38,3998,0,88,34,2352,4,2185,34,4537,California
Del Norte,2021-03-16,282,6965,135,2732,147,4145,0,88,261,2592,21,2206,261,4798,California
Del Norte,2021-03-17,284,7249,95,2827,187,4332,2,90,170,2650,114,2320,172,4970,California
Del Norte,2021-03-18,284,7533,107,2934,175,4507,2,92,149,2667,134,2454,151,5121,California
Del Norte,2021-03-19,270,7803,160,3094,104,4611,6,98,92,2587,178,2632,98,5219,California
Del Norte,2021-03-20,157,7960,154,3248,3,4614,0,98,15,2460,142,2774,15,5234,California
Del Norte,2021-03-21,4,7964,2,3250,2,4616,0,98,2,2460,2,2776,2,5236,California
Del Norte,2021-03-22,43,8007,3,3253,39,4655,1,99,39,2497,3,2779,40,5276,California
Del Norte,2021-03-23,335,8342,164,3417,153,4808,18,117,164,2509,169,2948,181,5457,California
Del Norte,2021-03-24,396,8738,107,3524,249,5057,40,157,228,2609,168,3116,268,5725,California
Del Norte,2021-03-25,192,8930,88,3612,104,5161,0,157,85,2588,106,3222,85,5810,California
Del Norte,2021-03-26,234,9164,113,3725,121,5282,0,157,197,2748,37,3259,197,6007,California
Del Norte,2021-03-27,107,9271,86,3811,4,5286,17,174,17,2692,90,3349,34,6041,California
Del Norte,2021-03-28,4,9275,2,3813,2,5288,0,174,1,2690,3,3352,1,6042,California
Del Norte,2021-03-29,57,9332,6,3819,34,5322,17,191,32,2714,25,3377,49,6091,California
Del Norte,2021-03-30,338,9670,119,3938,208,5530,11,202,126,2639,212,3589,137,6228,California
Del Norte,2021-03-31,356,10026,101,4039,238,5768,17,219,200,2702,154,3743,217,6445,California
Del Norte,2021-04-01,164,10190,58,4097,72,5840,34,253,69,2711,94,3837,103,6548,California
Del Norte,2021-04-02,233,10423,79,4176,105,5945,49,302,49,2626,184,4021,99,6647,California
Del Norte,2021-04-03,108,10531,83,4259,2,5947,23,325,5,2552,102,4123,28,6675,California
Del Norte,2021-04-04,4,10535,0,4259,0,5947,4,329,0,2552,4,4127,4,6679,California
Del Norte,2021-04-05,47,10582,5,4264,38,5985,4,333,40,2589,7,4134,44,6723,California
Del Norte,2021-04-06,380,10962,120,4384,223,6208,37,370,146,2543,230,4364,184,6907,California
Del Norte,2021-04-07,438,11400,115,4499,261,6469,62,432,290,2747,148,4512,352,7259,California
Del Norte,2021-04-08,229,11629,54,4553,106,6575,69,501,105,2797,124,4636,174,7433,California
Del Norte,2021-04-09,207,11836,47,4600,83,6658,77,578,100,2866,106,4742,175,7608,California
Del Norte,2021-04-10,47,11883,26,4626,4,6662,17,595,27,2890,20,4762,44,7652,California
Del Norte,2021-04-11,12,11895,3,4629,2,6664,7,602,2,2889,10,4772,9,7661,California
Del Norte,2021-04-12,27,11922,1,4630,9,6673,17,619,1,2882,25,4797,18,7679,California
Del Norte,2021-04-13,299,12221,50,4680,249,6922,0,619,155,2893,144,4941,155,7834,California
Del Norte,2021-04-14,331,12552,23,4703,308,7230,0,619,139,2845,192,5133,144,7978,California
Del Norte,2021-04-15,164,12716,31,4734,133,7363,0,619,45,2772,119,5252,46,8024,California
Del Norte,2021-04-16,162,12878,40,4774,122,7485,0,619,60,2731,102,5354,61,8085,California
Del Norte,2021-04-17,108,12986,76,4850,32,7517,0,619,102,2827,6,5360,102,8187,California
Del Norte,2021-04-18,6,12992,5,4855,1,7518,0,619,5,2831,1,5361,5,8192,California
Del Norte,2021-04-19,51,13043,6,4861,45,7563,0,619,9,2798,42,5403,9,8201,California
Del Norte,2021-04-20,208,13251,40,4901,168,7731,0,619,73,2736,135,5538,73,8274,California
Del Norte,2021-04-21,289,13540,23,4924,266,7997,0,619,65,2580,224,5762,68,8342,California
Del Norte,2021-04-22,114,13654,15,4939,99,8096,0,619,62,2590,52,5814,62,8404,California
Del Norte,2021-04-23,154,13808,22,4961,132,8228,0,619,40,2516,114,5928,40,8444,California
Del Norte,2021-04-24,25,13833,14,4975,11,8239,0,619,20,2531,5,5933,20,8464,California
Del Norte,2021-04-25,2,13835,0,4975,2,8241,0,619,2,2533,0,5933,2,8466,California
Del Norte,2021-04-26,31,13866,0,4975,31,8272,0,619,9,2520,22,5955,9,8475,California
Del Norte,2021-04-27,181,14047,21,4996,155,8427,5,624,50,2445,131,6086,56,8531,California
Del Norte,2021-04-28,351,14398,100,5096,246,8673,5,629,63,2227,287,6373,69,8600,California
Del Norte,2021-04-29,93,14491,6,5102,83,8756,4,633,26,2190,67,6440,30,8630,California
Del Norte,2021-04-30,86,14577,7,5109,69,8825,10,643,46,2206,40,6480,56,8686,California
Del Norte,2021-05-01,7,14584,2,5111,5,8830,0,643,5,2209,2,6482,5,8691,California
Del Norte,2021-05-02,8,14592,0,5111,8,8838,0,643,8,2217,0,6482,8,8699,California
Del Norte,2021-05-03,40,14632,3,5114,34,8872,3,646,2,2185,37,6519,5,8704,California
Del Norte,2021-05-04,222,14854,36,5150,181,9053,5,651,47,2062,175,6694,52,8756,California
Del Norte,2021-05-05,234,15088,20,5170,206,9259,8,659,59,1955,174,6868,67,8823,California
Del Norte,2021-05-06,113,15201,26,5196,74,9333,13,672,26,1907,87,6955,39,8862,California
Del Norte,2021-05-07,151,15352,28,5224,119,9452,4,676,31,1822,120,7075,35,8897,California
Del Norte,2021-05-08,65,15417,55,5279,8,9460,2,678,7,1773,58,7133,9,8906,California
Del Norte,2021-05-09,10,15427,4,5283,3,9463,3,681,2,1770,8,7141,5,8911,California
Del Norte,2021-05-10,24,15451,3,5286,17,9480,4,685,14,1778,10,7151,18,8929,California
Del Norte,2021-05-11,172,15623,50,5336,120,9600,2,687,33,1674,139,7290,35,8964,California
Del Norte,2021-05-12,150,15773,23,5359,117,9717,10,697,27,1589,122,7412,37,9001,California
Del Norte,2021-05-13,69,15842,31,5390,37,9754,1,698,39,1599,30,7442,40,9041,California
Del Norte,2021-05-14,76,15918,26,5416,49,9803,1,699,41,1606,35,7477,42,9083,California
Del Norte,2021-05-15,96,16014,53,5469,37,9840,6,705,53,1622,43,7520,59,9142,California
Del Norte,2021-05-16,11,16025,0,5469,11,9851,0,705,11,1633,0,7520,11,9153,California
Del Norte,2021-05-17,26,16051,3,5472,20,9871,3,708,15,1640,11,7531,18,9171,California
Del Norte,2021-05-18,129,16180,69,5541,60,9931,0,708,81,1673,48,7579,81,9252,California
Del Norte,2021-05-19,97,16277,14,5555,66,9997,17,725,39,1670,58,7637,55,9307,California
Del Norte,2021-05-20,100,16377,33,5588,64,10061,3,728,41,1656,58,7695,44,9351,California
Del Norte,2021-05-21,81,16458,34,5622,44,10105,3,731,44,1666,37,7732,47,9398,California
Del Norte,2021-05-22,24,16482,8,5630,16,10121,0,731,11,1665,12,7744,11,9409,California
Del Norte,2021-05-23,14,16496,5,5635,9,10130,0,731,7,1665,7,7751,7,9416,California
Del Norte,2021-05-24,25,16521,9,5644,16,10146,0,731,16,1672,9,7760,16,9432,California
Del Norte,2021-05-25,46,16567,5,5649,35,10181,6,737,17,1669,26,7786,23,9455,California
Del Norte,2021-05-26,116,16683,36,5685,73,10254,7,744,53,1667,62,7848,60,9515,California
Del Norte,2021-05-27,72,16755,27,5712,41,10295,4,748,34,1667,38,7886,38,9553,California
Del Norte,2021-05-28,52,16807,7,5719,37,10332,8,756,8,1639,44,7930,16,9569,California
Del Norte,2021-05-29,8,16815,0,5719,4,10336,4,760,3,1641,5,7935,7,9576,California
Del Norte,2021-05-30,6,16821,0,5719,6,10342,0,760,1,1637,5,7940,1,9577,California
Del Norte,2021-05-31,4,16825,2,5721,2,10344,0,760,3,1639,1,7941,3,9580,California
Del Norte,2021-06-01,52,16877,6,5727,39,10383,7,767,11,1616,41,7982,18,9598,California
Del Norte,2021-06-02,84,16961,11,5738,68,10451,5,772,19,1575,65,8047,24,9622,California
Del Norte,2021-06-03,61,17022,36,5774,23,10474,2,774,27,1570,34,8081,29,9651,California
Del Norte,2021-06-04,71,17093,25,5799,41,10515,5,779,20,1544,51,8132,25,9676,California
Del Norte,2021-06-05,1,17094,0,5799,1,10516,0,779,0,1543,1,8133,0,9676,California
Del Norte,2021-06-06,10,17104,4,5803,4,10520,2,781,7,1549,3,8136,9,9685,California
Del Norte,2021-06-07,40,17144,9,5812,26,10546,5,786,15,1544,25,8161,20,9705,California
Del Norte,2021-06-08,112,17256,81,5893,26,10572,5,791,33,1503,79,8240,38,9743,California
Del Norte,2021-06-09,58,17314,11,5904,40,10612,7,798,17,1486,41,8281,24,9767,California
Del Norte,2021-06-10,57,17371,27,5931,23,10635,7,805,12,1461,44,8325,19,9786,California
Del Norte,2021-06-11,59,17430,23,5954,27,10662,9,814,14,1439,45,8370,23,9809,California
Del Norte,2021-06-12,17,17447,3,5957,11,10673,3,817,2,1429,15,8385,5,9814,California
Del Norte,2021-06-13,61,17508,43,6000,13,10686,5,822,13,1399,48,8433,18,9832,California
Del Norte,2021-06-14,37,17545,15,6015,18,10704,4,826,15,1396,22,8455,19,9851,California
Del Norte,2021-06-15,38,17583,9,6024,21,10725,8,834,5,1376,33,8488,13,9864,California
Del Norte,2021-06-16,99,17682,38,6062,50,10775,11,845,22,1332,77,8565,33,9897,California
Del Norte,2021-06-17,31,17713,13,6075,15,10790,3,848,7,1318,24,8589,10,9907,California
Del Norte,2021-06-18,48,17761,22,6097,21,10811,5,853,19,1313,29,8618,24,9931,California
Del Norte,2021-06-19,11,17772,0,6097,7,10818,4,857,3,1312,8,8626,7,9938,California
Del Norte,2021-06-20,13,17785,9,6106,4,10822,0,857,8,1315,5,8631,8,9946,California
Del Norte,2021-06-21,24,17809,9,6115,10,10832,5,862,10,1316,14,8645,15,9961,California
Del Norte,2021-06-22,33,17842,9,6124,14,10846,10,872,13,1319,20,8665,23,9984,California
Del Norte,2021-06-23,53,17895,24,6148,25,10871,4,876,25,1320,28,8693,29,10013,California
El Dorado,2020-12-15,12,12,12,12,0,0,0,0,12,12,0,0,12,12,California
El Dorado,2020-12-16,40,52,40,52,0,0,0,0,40,52,0,0,40,52,California
El Dorado,2020-12-17,33,85,33,85,0,0,0,0,33,85,0,0,33,85,California
El Dorado,2020-12-18,262,347,262,347,0,0,0,0,262,347,0,0,262,347,California
El Dorado,2020-12-19,118,465,118,465,0,0,0,0,118,465,0,0,118,465,California
El Dorado,2020-12-20,87,552,87,552,0,0,0,0,87,552,0,0,87,552,California
El Dorado,2020-12-21,311,863,310,862,1,1,0,0,311,863,0,0,311,863,California
El Dorado,2020-12-22,239,1102,215,1077,24,25,0,0,239,1102,0,0,239,1102,California
El Dorado,2020-12-23,190,1292,141,1218,49,74,0,0,190,1292,0,0,190,1292,California
El Dorado,2020-12-24,86,1378,65,1283,21,95,0,0,86,1378,0,0,86,1378,California
El Dorado,2020-12-25,8,1386,8,1291,0,95,0,0,8,1386,0,0,8,1386,California
El Dorado,2020-12-26,45,1431,27,1318,18,113,0,0,45,1431,0,0,45,1431,California
El Dorado,2020-12-27,38,1469,34,1352,4,117,0,0,38,1469,0,0,38,1469,California
El Dorado,2020-12-28,216,1685,167,1519,49,166,0,0,216,1685,0,0,216,1685,California
El Dorado,2020-12-29,463,2148,146,1665,317,483,0,0,463,2148,0,0,463,2148,California
El Dorado,2020-12-30,510,2658,139,1804,371,854,0,0,510,2658,0,0,510,2658,California
El Dorado,2020-12-31,110,2768,70,1874,40,894,0,0,110,2768,0,0,110,2768,California
El Dorado,2021-01-01,7,2775,4,1878,3,897,0,0,7,2775,0,0,7,2775,California
El Dorado,2021-01-02,153,2928,141,2019,12,909,0,0,153,2928,0,0,153,2928,California
El Dorado,2021-01-03,94,3022,18,2037,76,985,0,0,94,3022,0,0,94,3022,California
El Dorado,2021-01-04,192,3214,61,2098,131,1116,0,0,192,3214,0,0,192,3214,California
El Dorado,2021-01-05,230,3444,74,2172,156,1272,0,0,212,3408,18,18,212,3426,California
El Dorado,2021-01-06,243,3687,168,2340,75,1347,0,0,177,3520,65,83,177,3603,California
El Dorado,2021-01-07,338,4025,138,2478,200,1547,0,0,260,3702,78,161,260,3863,California
El Dorado,2021-01-08,990,5015,510,2988,480,2027,0,0,766,4245,224,385,767,4630,California
El Dorado,2021-01-09,197,5212,159,3147,38,2065,0,0,127,4302,70,455,127,4757,California
El Dorado,2021-01-10,179,5391,130,3277,49,2114,0,0,109,4342,70,525,110,4867,California
El Dorado,2021-01-11,660,6051,294,3571,366,2480,0,0,460,4604,199,724,461,5328,California
El Dorado,2021-01-12,809,6860,426,3997,383,2863,0,0,558,4911,251,975,558,5886,California
El Dorado,2021-01-13,704,7564,299,4296,405,3268,0,0,540,5287,164,1139,540,6426,California
El Dorado,2021-01-14,795,8359,221,4517,574,3842,0,0,700,5892,95,1234,700,7126,California
El Dorado,2021-01-15,796,9155,190,4707,606,4448,0,0,722,6540,74,1308,722,7848,California
El Dorado,2021-01-16,173,9328,102,4809,71,4519,0,0,146,6659,27,1335,146,7994,California
El Dorado,2021-01-17,107,9435,50,4859,57,4576,0,0,89,6730,18,1353,89,8083,California
El Dorado,2021-01-18,428,9863,144,5003,284,4860,0,0,355,7012,73,1426,355,8438,California
El Dorado,2021-01-19,753,10616,451,5454,302,5162,0,0,602,7464,151,1577,603,9041,California
El Dorado,2021-01-20,1014,11630,691,6145,323,5485,0,0,900,8251,113,1690,900,9941,California
El Dorado,2021-01-21,1270,12900,682,6827,588,6073,0,0,1062,9146,167,1857,1062,11003,California
El Dorado,2021-01-22,1236,14136,836,7663,400,6473,0,0,1179,10269,56,1913,1179,12182,California
El Dorado,2021-01-23,745,14881,620,8283,125,6598,0,0,629,10782,116,2029,629,12811,California
El Dorado,2021-01-24,128,15009,78,8361,50,6648,0,0,108,10870,20,2049,108,12919,California
El Dorado,2021-01-25,697,15706,291,8652,406,7054,0,0,610,11393,87,2136,610,13529,California
El Dorado,2021-01-26,684,16390,369,9021,315,7369,0,0,576,11861,108,2244,576,14105,California
El Dorado,2021-01-27,995,17385,392,9413,603,7972,0,0,656,12177,340,2584,656,14761,California
El Dorado,2021-01-28,1111,18496,454,9867,657,8629,0,0,749,12564,362,2946,749,15510,California
El Dorado,2021-01-29,1045,19541,557,10424,488,9117,0,0,753,13027,291,3237,754,16264,California
El Dorado,2021-01-30,548,20089,296,10720,252,9369,0,0,451,13382,96,3333,451,16715,California
El Dorado,2021-01-31,234,20323,211,10931,23,9392,0,0,183,13514,51,3384,183,16898,California
El Dorado,2021-02-01,801,21124,369,11300,432,9824,0,0,652,14017,149,3533,652,17550,California
El Dorado,2021-02-02,851,21975,369,11669,482,10306,0,0,685,14536,166,3699,685,18235,California
El Dorado,2021-02-03,906,22881,477,12146,429,10735,0,0,694,15018,212,3911,694,18929,California
El Dorado,2021-02-04,1251,24132,706,12852,545,11280,0,0,870,15509,379,4290,870,19799,California
El Dorado,2021-02-05,1500,25632,605,13457,895,12175,0,0,865,15776,598,4888,865,20664,California
El Dorado,2021-02-06,637,26269,332,13789,305,12480,0,0,530,16200,107,4995,531,21195,California
El Dorado,2021-02-07,262,26531,180,13969,82,12562,0,0,196,16330,66,5061,196,21391,California
El Dorado,2021-02-08,884,27415,420,14389,464,13026,0,0,608,16662,276,5337,608,21999,California
El Dorado,2021-02-09,974,28389,546,14935,428,13454,0,0,544,16776,430,5767,544,22543,California
El Dorado,2021-02-10,1267,29656,741,15676,526,13980,0,0,667,16844,599,6366,667,23210,California
El Dorado,2021-02-11,2159,31815,895,16571,1264,15244,0,0,752,16193,1404,7770,753,23963,California
El Dorado,2021-02-12,1578,33393,827,17398,751,15995,0,0,674,15965,903,8673,675,24638,California
El Dorado,2021-02-13,981,34374,670,18068,311,16306,0,0,435,15857,543,9216,435,25073,California
El Dorado,2021-02-14,492,34866,157,18225,335,16641,0,0,400,16165,92,9308,400,25473,California
El Dorado,2021-02-15,1177,36043,384,18609,793,17434,0,0,817,16626,360,9668,821,26294,California
El Dorado,2021-02-16,1206,37249,529,19138,677,18111,0,0,669,16760,536,10204,670,26964,California
El Dorado,2021-02-17,956,38205,422,19560,534,18645,0,0,462,16731,494,10698,465,27429,California
El Dorado,2021-02-18,2105,40310,1028,20588,1077,19722,0,0,1069,16765,1035,11733,1069,28498,California
El Dorado,2021-02-19,1225,41535,655,21243,570,20292,0,0,685,16911,539,12272,685,29183,California
El Dorado,2021-02-20,946,42481,454,21697,492,20784,0,0,681,17332,260,12532,681,29864,California
El Dorado,2021-02-21,291,42772,233,21930,58,20842,0,0,105,17251,186,12718,105,29969,California
El Dorado,2021-02-22,884,43656,444,22374,440,21282,0,0,276,16920,607,13325,276,30245,California
El Dorado,2021-02-23,861,44517,482,22856,379,21661,0,0,352,16764,508,13833,352,30597,California
El Dorado,2021-02-24,1038,45555,448,23304,590,22251,0,0,433,16592,605,14438,433,31030,California
El Dorado,2021-02-25,1921,47476,1150,24454,771,23022,0,0,697,16076,1217,15655,701,31731,California
El Dorado,2021-02-26,2405,49881,1505,25959,900,23922,0,0,1619,16912,783,16438,1619,33350,California
El Dorado,2021-02-27,1691,51572,448,26407,1243,25165,0,0,1243,17710,445,16883,1243,34593,California
El Dorado,2021-02-28,666,52238,230,26637,436,25601,0,0,498,18041,168,17051,499,35092,California
El Dorado,2021-03-01,1164,53402,468,27105,694,26295,2,2,643,18166,520,17571,645,35737,California
El Dorado,2021-03-02,938,54340,273,27378,664,26959,1,3,491,18214,445,18016,493,36230,California
El Dorado,2021-03-03,1709,56049,469,27847,1240,28199,0,3,1165,18844,537,18553,1167,37397,California
El Dorado,2021-03-04,2522,58571,1550,29397,972,29171,0,3,1201,18728,1318,19871,1202,38599,California
El Dorado,2021-03-05,1589,60160,432,29829,1152,30323,5,8,1051,19252,532,20403,1056,39655,California
El Dorado,2021-03-06,743,60903,217,30046,491,30814,35,43,393,19331,349,20752,428,40083,California
El Dorado,2021-03-07,410,61313,200,30246,191,31005,19,62,244,19430,164,20916,263,40346,California
El Dorado,2021-03-08,1334,62647,369,30615,892,31897,73,135,862,19895,469,21385,934,41280,California
El Dorado,2021-03-09,992,63639,231,30846,692,32589,69,204,589,20165,388,21773,658,41938,California
El Dorado,2021-03-10,957,64596,349,31195,552,33141,56,260,551,20371,400,22173,606,42544,California
El Dorado,2021-03-11,3034,67630,1839,33034,1011,34152,184,444,1291,20121,1722,23895,1472,44016,California
El Dorado,2021-03-12,1795,69425,625,33659,927,35079,243,687,742,20071,1035,24930,985,45001,California
El Dorado,2021-03-13,1071,70496,347,34006,441,35520,283,970,371,20025,697,25627,651,45652,California
El Dorado,2021-03-14,800,71296,208,34214,481,36001,111,1081,277,19890,523,26150,388,46040,California
El Dorado,2021-03-15,1398,72694,304,34518,969,36970,125,1206,609,19840,785,26935,735,46775,California
El Dorado,2021-03-16,1227,73921,417,34935,666,37636,144,1350,565,19892,657,27592,709,47484,California
El Dorado,2021-03-17,1145,75066,361,35296,688,38324,96,1446,745,20332,399,27991,839,48323,California
El Dorado,2021-03-18,3012,78078,1782,37078,1185,39509,45,1491,1979,21331,1025,29016,2024,50347,California
El Dorado,2021-03-19,1125,79203,365,37443,610,40119,150,1641,628,21612,496,29512,777,51124,California
El Dorado,2021-03-20,951,80154,271,37714,664,40783,16,1657,368,21425,571,30083,384,51508,California
El Dorado,2021-03-21,1028,81182,420,38134,603,41386,5,1662,916,22236,110,30193,921,52429,California
El Dorado,2021-03-22,1507,82689,488,38622,937,42323,82,1744,1184,23184,318,30511,1266,53695,California
El Dorado,2021-03-23,1155,83844,455,39077,605,42928,95,1839,732,23600,411,30922,827,54522,California
El Dorado,2021-03-24,1462,85306,629,39706,640,43568,193,2032,662,23682,773,31695,855,55377,California
El Dorado,2021-03-25,2522,87828,1689,41395,729,44297,104,2136,1374,24020,1141,32836,1479,56856,California
El Dorado,2021-03-26,1826,89654,699,42094,1017,45314,110,2246,930,24188,873,33709,1041,57897,California
El Dorado,2021-03-27,1328,90982,189,42283,1134,46448,5,2251,319,23509,1003,34712,324,58221,California
El Dorado,2021-03-28,641,91623,184,42467,447,46895,10,2261,168,23218,469,35181,178,58399,California
El Dorado,2021-03-29,1317,92940,432,42899,869,47764,16,2277,821,23562,493,35674,837,59236,California
El Dorado,2021-03-30,1365,94305,416,43315,856,48620,93,2370,680,23656,677,36351,771,60007,California
El Dorado,2021-03-31,1570,95875,587,43902,918,49538,65,2435,693,23537,874,37225,755,60762,California
El Dorado,2021-04-01,3249,99124,1775,45677,1391,50929,83,2518,1542,23460,1703,38928,1626,62388,California
El Dorado,2021-04-02,1897,101021,564,46241,1237,52166,96,2614,748,23161,1143,40071,844,63232,California
El Dorado,2021-04-03,753,101774,298,46539,334,52500,121,2735,232,22995,518,40589,352,63584,California
El Dorado,2021-04-04,273,102047,85,46624,140,52640,48,2783,98,22967,174,40763,146,63730,California
El Dorado,2021-04-05,1424,103471,423,47047,907,53547,94,2877,592,22826,826,41589,685,64415,California
El Dorado,2021-04-06,1413,104884,525,47572,669,54216,219,3096,450,22533,959,42548,666,65081,California
El Dorado,2021-04-07,1593,106477,560,48132,584,54800,449,3545,563,22515,1027,43575,1009,66090,California
El Dorado,2021-04-08,2689,109166,1729,49861,724,55524,236,3781,1113,22296,1567,45142,1348,67438,California
El Dorado,2021-04-09,1446,110612,458,50319,767,56291,221,4002,575,22220,868,46010,792,68230,California
El Dorado,2021-04-10,826,111438,227,50546,487,56778,112,4114,477,22462,346,46356,588,68818,California
El Dorado,2021-04-11,703,112141,453,50999,234,57012,16,4130,208,22192,494,46850,224,69042,California
El Dorado,2021-04-12,1288,113429,502,51501,637,57649,149,4279,566,22191,715,47565,714,69756,California
El Dorado,2021-04-13,1121,114550,609,52110,512,58161,0,4279,509,22092,608,48173,509,70265,California
El Dorado,2021-04-14,1098,115648,465,52575,632,58793,1,4280,380,21769,704,48877,381,70646,California
El Dorado,2021-04-15,2525,118173,1696,54271,829,59622,0,4280,963,21176,1557,50434,964,71610,California
El Dorado,2021-04-16,1474,119647,522,54793,952,60574,0,4280,609,20925,861,51295,610,72220,California
El Dorado,2021-04-17,800,120447,203,54996,597,61171,0,4280,500,21128,297,51592,500,72720,California
El Dorado,2021-04-18,1040,121487,90,55086,950,62121,0,4280,413,20915,626,52218,413,73133,California
El Dorado,2021-04-19,1737,123224,443,55529,1294,63415,0,4280,698,20580,1033,53251,698,73831,California
El Dorado,2021-04-20,1119,124343,365,55894,754,64169,0,4280,462,20391,652,53903,463,74294,California
El Dorado,2021-04-21,1169,125512,470,56364,695,64864,4,4284,597,20426,564,54467,599,74893,California
El Dorado,2021-04-22,2554,128066,1686,58050,868,65732,0,4284,1061,19998,1489,55956,1061,75954,California
El Dorado,2021-04-23,1410,129476,495,58545,915,66647,0,4284,717,20026,690,56646,718,76672,California
El Dorado,2021-04-24,975,130451,521,59066,454,67101,0,4284,738,20529,235,56881,738,77410,California
El Dorado,2021-04-25,656,131107,449,59515,207,67308,0,4284,469,20811,187,57068,469,77879,California
El Dorado,2021-04-26,1196,132303,485,60000,694,68002,17,4301,563,20762,628,57696,579,78458,California
El Dorado,2021-04-27,1118,133421,414,60414,666,68668,38,4339,496,20681,615,58311,534,78992,California
El Dorado,2021-04-28,1068,134489,356,60770,672,69340,40,4379,434,20522,633,58944,474,79466,California
El Dorado,2021-04-29,1981,136470,1353,62123,596,69936,32,4411,584,19744,1394,60338,616,80082,California
El Dorado,2021-04-30,2129,138599,1341,63464,747,70683,41,4452,1363,20393,754,61092,1403,81485,California
El Dorado,2021-05-01,619,139218,285,63749,306,70989,28,4480,276,20361,336,61428,304,81789,California
El Dorado,2021-05-02,301,139519,214,63963,58,71047,29,4509,100,20291,198,61626,128,81917,California
El Dorado,2021-05-03,826,140345,403,64366,373,71420,50,4559,280,20080,542,62168,331,82248,California
El Dorado,2021-05-04,884,141229,435,64801,389,71809,60,4619,315,19890,565,62733,375,82623,California
El Dorado,2021-05-05,880,142109,433,65234,373,72182,74,4693,419,19924,459,63192,493,83116,California
El Dorado,2021-05-06,1120,143229,488,65722,584,72766,48,4741,477,19808,637,63829,521,83637,California
El Dorado,2021-05-07,982,144211,377,66099,546,73312,59,4800,401,19686,581,64410,459,84096,California
El Dorado,2021-05-08,484,144695,149,66248,298,73610,37,4837,185,19611,297,64707,222,84318,California
El Dorado,2021-05-09,221,144916,82,66330,112,73722,27,4864,102,19622,118,64825,129,84447,California
El Dorado,2021-05-10,829,145745,276,66606,495,74217,58,4922,240,19339,579,65404,296,84743,California
El Dorado,2021-05-11,685,146430,298,66904,325,74542,62,4984,294,19308,388,65792,357,85100,California
El Dorado,2021-05-12,646,147076,340,67244,265,74807,41,5025,271,19246,375,66167,313,85413,California
El Dorado,2021-05-13,1257,148333,790,68034,427,75234,40,5065,475,18984,776,66943,514,85927,California
El Dorado,2021-05-14,1408,149741,810,68844,514,75748,84,5149,684,19033,719,67662,768,86695,California
El Dorado,2021-05-15,904,150645,558,69402,290,76038,56,5205,320,18825,584,68246,376,87071,California
El Dorado,2021-05-16,666,151311,463,69865,177,76215,26,5231,233,18651,433,68679,259,87330,California
El Dorado,2021-05-17,1579,152890,671,70536,859,77074,49,5280,566,18256,1009,69688,614,87944,California
El Dorado,2021-05-18,1028,153918,516,71052,458,77532,54,5334,447,18177,580,70268,501,88445,California
El Dorado,2021-05-19,817,154735,332,71384,433,77965,52,5386,318,18054,492,70760,369,88814,California
El Dorado,2021-05-20,1173,155908,650,72034,448,78413,75,5461,451,17859,719,71479,524,89338,California
El Dorado,2021-05-21,2336,158244,1745,73779,548,78961,43,5504,822,17214,1510,72989,865,90203,California
El Dorado,2021-05-22,708,158952,205,73984,467,79428,36,5540,228,16999,479,73468,264,90467,California
El Dorado,2021-05-23,290,159242,115,74099,146,79574,29,5569,94,16928,194,73662,123,90590,California
El Dorado,2021-05-24,876,160118,450,74549,357,79931,69,5638,305,16733,567,74229,372,90962,California
El Dorado,2021-05-25,608,160726,255,74804,317,80248,36,5674,231,16625,374,74603,266,91228,California
El Dorado,2021-05-26,810,161536,398,75202,388,80636,24,5698,286,16413,522,75125,310,91538,California
El Dorado,2021-05-27,623,162159,244,75446,344,80980,35,5733,316,16457,306,75431,350,91888,California
El Dorado,2021-05-28,730,162889,255,75701,411,81391,64,5797,307,16408,420,75851,371,92259,California
El Dorado,2021-05-29,389,163278,110,75811,263,81654,16,5813,172,16379,217,76068,188,92447,California
El Dorado,2021-05-30,173,163451,101,75912,58,81712,14,5827,84,16389,88,76156,98,92545,California
El Dorado,2021-05-31,37,163488,12,75924,14,81726,11,5838,8,16379,29,76185,19,92564,California
El Dorado,2021-06-01,674,164162,289,76213,346,82072,39,5877,231,16209,440,76625,270,92834,California
El Dorado,2021-06-02,629,164791,299,76512,280,82352,50,5927,262,16155,366,76991,312,93146,California
El Dorado,2021-06-03,726,165517,337,76849,346,82698,43,5970,183,15838,543,77534,226,93372,California
El Dorado,2021-06-04,885,166402,527,77376,324,83022,34,6004,188,15365,695,78229,222,93594,California
El Dorado,2021-06-05,388,166790,224,77600,152,83174,12,6016,85,15160,302,78531,97,93691,California
El Dorado,2021-06-06,277,167067,192,77792,69,83243,16,6032,51,15001,225,78756,66,93757,California
El Dorado,2021-06-07,783,167850,485,78277,258,83501,40,6072,170,14605,606,79362,210,93967,California
El Dorado,2021-06-08,631,168481,382,78659,216,83717,33,6105,131,14271,497,79859,163,94130,California
El Dorado,2021-06-09,464,168945,277,78936,161,83878,26,6131,112,14057,352,80211,138,94268,California
El Dorado,2021-06-10,588,169533,367,79303,190,84068,31,6162,162,13826,424,80635,193,94461,California
El Dorado,2021-06-11,657,170190,393,79696,220,84288,44,6206,130,13474,526,81161,174,94635,California
El Dorado,2021-06-12,260,170450,153,79849,88,84376,19,6225,61,13356,198,81359,80,94715,California
El Dorado,2021-06-13,162,170612,90,79939,54,84430,18,6243,36,13285,125,81484,54,94769,California
El Dorado,2021-06-14,508,171120,357,80296,121,84551,30,6273,133,13073,375,81859,163,94932,California
El Dorado,2021-06-15,447,171567,237,80533,173,84724,37,6310,126,12918,318,82177,163,95095,California
El Dorado,2021-06-16,505,172072,355,80888,109,84833,41,6351,131,12717,373,82550,172,95267,California
El Dorado,2021-06-17,437,172509,267,81155,137,84970,33,6384,140,12595,296,82846,174,95441,California
El Dorado,2021-06-18,394,172903,251,81406,109,85079,34,6418,119,12474,274,83120,153,95594,California
El Dorado,2021-06-19,246,173149,153,81559,80,85159,13,6431,91,12424,154,83274,104,95698,California
El Dorado,2021-06-20,123,173272,89,81648,28,85187,6,6437,52,12411,71,83345,58,95756,California
El Dorado,2021-06-21,305,173577,156,81804,129,85316,20,6457,118,12363,186,83531,138,95894,California
El Dorado,2021-06-22,388,173965,253,82057,113,85429,22,6479,129,12256,258,83789,151,96045,California
El Dorado,2021-06-23,278,174243,199,82256,61,85490,18,6497,86,12170,190,83979,104,96149,California
Fresno,2020-12-15,2,2,2,2,0,0,0,0,2,2,0,0,2,2,California
Fresno,2020-12-16,124,126,124,126,0,0,0,0,124,126,0,0,124,126,California
Fresno,2020-12-17,123,249,123,249,0,0,0,0,123,249,0,0,123,249,California
Fresno,2020-12-18,350,599,350,599,0,0,0,0,350,599,0,0,350,599,California
Fresno,2020-12-19,161,760,161,760,0,0,0,0,161,760,0,0,161,760,California
Fresno,2020-12-20,256,1016,254,1014,2,2,0,0,256,1016,0,0,256,1016,California
Fresno,2020-12-21,930,1946,928,1942,2,4,0,0,959,1975,0,0,959,1975,California
Fresno,2020-12-22,910,2856,878,2820,32,36,0,0,914,2889,0,0,914,2889,California
Fresno,2020-12-23,1089,3945,1046,3866,43,79,0,0,1090,3979,0,0,1090,3979,California
Fresno,2020-12-24,590,4535,564,4430,26,105,0,0,590,4569,0,0,590,4569,California
Fresno,2020-12-25,3,4538,1,4431,2,107,0,0,3,4572,0,0,3,4572,California
Fresno,2020-12-26,723,5261,714,5145,9,116,0,0,723,5295,0,0,723,5295,California
Fresno,2020-12-27,306,5567,210,5355,96,212,0,0,306,5601,0,0,306,5601,California
Fresno,2020-12-28,1095,6662,801,6156,294,506,0,0,1096,6697,0,0,1096,6697,California
Fresno,2020-12-29,1765,8427,998,7154,767,1273,0,0,1763,8459,1,1,1763,8460,California
Fresno,2020-12-30,985,9412,446,7600,539,1812,0,0,985,9444,0,1,985,9445,California
Fresno,2020-12-31,930,10342,310,7910,620,2432,0,0,929,10373,0,1,929,10374,California
Fresno,2021-01-01,10,10352,3,7913,7,2439,0,0,10,10383,0,1,10,10384,California
Fresno,2021-01-02,1026,11378,712,8625,314,2753,0,0,1026,11409,0,1,1026,11410,California
Fresno,2021-01-03,156,11534,130,8755,26,2779,0,0,156,11565,0,1,156,11566,California
Fresno,2021-01-04,624,12158,377,9132,247,3026,0,0,624,12189,0,1,624,12190,California
Fresno,2021-01-05,785,12943,312,9444,473,3499,0,0,711,12826,74,75,711,12901,California
Fresno,2021-01-06,991,13934,348,9792,643,4142,0,0,817,13469,174,249,817,13718,California
Fresno,2021-01-07,1898,15832,917,10709,981,5123,0,0,1643,14860,255,504,1646,15364,California
Fresno,2021-01-08,1795,17627,615,11324,1180,6303,0,0,1429,15926,364,868,1430,16794,California
Fresno,2021-01-09,637,18264,390,11714,247,6550,0,0,359,16007,278,1146,359,17153,California
Fresno,2021-01-10,518,18782,488,12202,30,6580,0,0,204,15897,314,1460,204,17357,California
Fresno,2021-01-11,2227,21009,1810,14012,417,6997,0,0,1532,16738,695,2155,1536,18893,California
Fresno,2021-01-12,2536,23545,1831,15843,705,7702,0,0,1682,17566,856,3011,1684,20577,California
Fresno,2021-01-13,3569,27114,2439,18282,1130,8832,0,0,2714,19427,856,3867,2717,23294,California
Fresno,2021-01-14,4154,31268,2194,20476,1960,10792,0,0,3682,22638,471,4338,3682,26976,California
Fresno,2021-01-15,3676,34944,2539,23015,1137,11929,0,0,3317,25600,359,4697,3321,30297,California
Fresno,2021-01-16,3164,38108,2318,25333,846,12775,0,0,2695,27827,469,5166,2696,32993,California
Fresno,2021-01-17,979,39087,557,25890,422,13197,0,0,779,28406,200,5366,779,33772,California
Fresno,2021-01-18,3090,42177,2377,28267,713,13910,0,0,2433,30186,655,6021,2435,36207,California
Fresno,2021-01-19,4415,46592,2622,30889,1793,15703,0,0,3697,33169,718,6739,3701,39908,California
Fresno,2021-01-20,3039,49631,1217,32106,1822,17525,0,0,2722,35579,315,7054,2725,42633,California
Fresno,2021-01-21,4406,54037,2041,34147,2365,19890,0,0,4045,39292,338,7392,4051,46684,California
Fresno,2021-01-22,3330,57367,1356,35503,1974,21864,0,0,2940,41859,374,7766,2941,49625,California
Fresno,2021-01-23,3064,60431,1980,37483,1084,22948,0,0,2341,43483,722,8488,2346,51971,California
Fresno,2021-01-24,558,60989,377,37860,181,23129,0,0,351,43629,207,8695,353,52324,California
Fresno,2021-01-25,2449,63438,866,38726,1583,24712,0,0,1872,44927,577,9272,1875,54199,California
Fresno,2021-01-26,2094,65532,592,39318,1502,26214,0,0,1328,45492,764,10036,1329,55528,California
Fresno,2021-01-27,2315,67847,1142,40460,1173,27387,0,0,1732,46646,581,10617,1735,57263,California
Fresno,2021-01-28,4562,72409,3051,43511,1511,28898,0,0,3485,49060,1074,11691,3488,60751,California
Fresno,2021-01-29,1683,74092,953,44464,730,29628,0,0,1380,50142,299,11990,1381,62132,California
Fresno,2021-01-30,1452,75544,546,45010,906,30534,0,0,1035,50760,417,12407,1035,63167,California
Fresno,2021-01-31,226,75770,215,45225,11,30545,0,0,72,50678,154,12561,72,63239,California
Fresno,2021-02-01,3351,79121,1655,46880,1696,32241,0,0,1783,50903,1567,14128,1792,65031,California
Fresno,2021-02-02,2733,81854,551,47431,2182,34423,0,0,1586,51372,1132,15260,1601,66632,California
Fresno,2021-02-03,3574,85428,2109,49540,1465,35888,0,0,1552,50912,2013,17273,1553,68185,California
Fresno,2021-02-04,4211,89639,1904,51444,2307,38195,0,0,1930,50596,2251,19524,1935,70120,California
Fresno,2021-02-05,5358,94997,2735,54179,2623,40818,0,0,2313,49873,3040,22564,2317,72437,California
Fresno,2021-02-06,2938,97935,2046,56225,892,41710,0,0,967,48878,1963,24527,968,73405,California
Fresno,2021-02-07,470,98405,288,56513,182,41892,0,0,274,48957,195,24722,274,73679,California
Fresno,2021-02-08,4284,102689,2293,58806,1991,43883,0,0,1808,48311,2463,27185,1817,75496,California
Fresno,2021-02-09,5349,108038,2086,60892,3263,47146,0,0,3130,49307,2143,29328,3139,78635,California
Fresno,2021-02-10,3906,111944,1237,62129,2669,49815,0,0,1993,49452,1860,31188,2005,80640,California
Fresno,2021-02-11,6459,118403,2093,64222,4366,54181,0,0,3344,49705,3096,34284,3349,83989,California
Fresno,2021-02-12,5424,123827,1387,65609,4037,58218,0,0,2739,49786,2667,36951,2748,86737,California
Fresno,2021-02-13,3763,127590,1566,67175,2197,60415,0,0,2088,50215,1664,38615,2093,88830,California
Fresno,2021-02-14,1577,129167,286,67461,1291,61706,0,0,848,50337,728,39343,850,89680,California
Fresno,2021-02-15,2904,132071,269,67730,2635,64341,0,0,1798,51037,1102,40445,1802,91482,California
Fresno,2021-02-16,6703,138774,2409,70139,4294,68635,0,0,4243,52843,2443,42888,4249,95731,California
Fresno,2021-02-17,5341,144115,2452,72591,2889,71524,0,0,2991,53533,2305,45193,2995,98726,California
Fresno,2021-02-18,6877,150992,2897,75488,3980,75504,0,0,2591,51892,4243,49436,2602,101328,California
Fresno,2021-02-19,3928,154920,1100,76588,2828,78332,0,0,1839,51657,2077,51513,1842,103170,California
Fresno,2021-02-20,4547,159467,2499,79087,2048,80380,0,0,3056,53234,1485,52998,3062,106232,California
Fresno,2021-02-21,194,159661,175,79262,19,80399,0,0,130,53314,50,53048,130,106362,California
Fresno,2021-02-22,2253,161914,1004,80266,1249,81648,0,0,1237,53547,1006,54054,1239,107601,California
Fresno,2021-02-23,4692,166606,2263,82529,2429,84077,0,0,3812,56493,868,54922,3814,111415,California
Fresno,2021-02-24,4219,170825,1504,84033,2715,86792,0,0,3465,59217,743,55665,3467,114882,California
Fresno,2021-02-25,8725,179550,3748,87781,4977,91769,0,0,7226,65017,1435,57100,7235,122117,California
Fresno,2021-02-26,9057,188607,3713,91494,5344,97113,0,0,7734,71457,1300,58400,7740,129857,California
Fresno,2021-02-27,7301,195908,3166,94660,4134,101247,1,1,6585,77346,701,59101,6590,136447,California
Fresno,2021-02-28,1663,197571,538,95198,1125,102372,0,1,1570,78837,80,59181,1571,138018,California
Fresno,2021-03-01,5116,202687,1325,96523,3791,106163,0,1,3698,81135,1404,60585,3702,141720,California
Fresno,2021-03-02,9893,212580,3393,99916,6500,112663,0,1,8505,88300,1364,61949,8529,150249,California
Fresno,2021-03-03,7079,219659,1788,101704,5290,117953,1,2,6058,93465,1008,62957,6173,156422,California
Fresno,2021-03-04,10473,230132,4131,105835,6342,124295,0,2,8722,100473,1723,64680,8731,165153,California
Fresno,2021-03-05,9373,239505,3639,109474,5732,130027,2,4,8069,107448,1171,65851,8146,173299,California
Fresno,2021-03-06,7021,246526,3955,113429,2948,132975,118,122,6021,112600,992,66843,6144,179443,California
Fresno,2021-03-07,1496,248022,682,114111,777,133752,37,159,1266,113677,227,67070,1304,180747,California
Fresno,2021-03-08,5341,253363,2058,116169,3132,136884,151,310,4047,116605,1282,68352,4210,184957,California
Fresno,2021-03-09,8669,262032,3805,119974,4592,141476,272,582,4665,117594,3983,72335,4972,189929,California
Fresno,2021-03-10,6927,268959,2875,122849,3662,145138,390,972,5412,121899,1506,73841,5811,195740,California
Fresno,2021-03-11,11640,280599,4598,127447,6491,151629,551,1523,6335,123583,5278,79119,6962,202702,California
Fresno,2021-03-12,12096,292695,5149,132596,6520,158149,427,1950,9091,130255,2985,82104,9657,212359,California
Fresno,2021-03-13,8360,301055,4067,136663,3280,161429,1013,2963,4046,131096,4293,86397,5134,217493,California
Fresno,2021-03-14,1777,302832,482,137145,1006,162435,289,3252,670,130959,1096,87493,959,218452,California
Fresno,2021-03-15,7155,309987,3184,140329,3794,166229,177,3429,4961,134101,2179,89672,5321,223773,California
Fresno,2021-03-16,10241,320228,4543,144872,5304,171533,394,3823,5430,135242,4779,94451,5920,229693,California
Fresno,2021-03-17,8750,328978,3998,148870,4050,175583,702,4525,5937,139477,2790,97241,7025,236718,California
Fresno,2021-03-18,12545,341523,6784,155654,5085,180668,676,5201,7103,142287,5392,102633,8202,244920,California
Fresno,2021-03-19,11257,352780,5931,161585,4706,185374,620,5821,6976,145928,4250,106883,7891,252811,California
Fresno,2021-03-20,7641,360421,4609,166194,2707,188081,325,6146,3820,146557,3791,110674,4420,257231,California
Fresno,2021-03-21,1846,362267,1255,167449,214,188295,377,6523,1010,147116,828,111502,1387,258618,California
Fresno,2021-03-22,5683,367950,2905,170354,2182,190477,596,7119,3841,149928,1825,113327,4637,263255,California
Fresno,2021-03-23,10650,378600,5324,175678,4826,195303,500,7619,5133,150496,5494,118821,6062,269317,California
Fresno,2021-03-24,8894,387494,3846,179524,4215,199518,833,8452,4978,152481,3879,122700,5864,275181,California
Fresno,2021-03-25,12237,399731,5691,185215,5742,205260,804,9256,4757,150692,7431,130131,5642,280823,California
Fresno,2021-03-26,12248,411979,5468,190683,6135,211395,645,9901,4454,148075,7736,137867,5119,285942,California
Fresno,2021-03-27,10147,422126,4858,195541,4201,215596,1088,10989,2976,145013,7132,144999,4070,290012,California
Fresno,2021-03-28,3422,425548,1324,196865,1407,217003,691,11680,1279,145130,2135,147134,2252,292264,California
Fresno,2021-03-29,6002,431550,2017,198882,3447,220450,538,12218,2902,145511,3071,150205,3452,295716,California
Fresno,2021-03-30,11022,442572,4277,203159,5846,226296,899,13117,3831,143083,7159,157364,4731,300447,California
Fresno,2021-03-31,9735,452307,3394,206553,5343,231639,998,14115,3668,141721,6022,163386,4660,305107,California
Fresno,2021-04-01,12247,464554,4222,210775,7155,238794,870,14985,4062,138526,8082,171468,4887,309994,California
Fresno,2021-04-02,12109,476663,4638,215413,6688,245482,783,15768,4275,135917,7671,179139,5062,315056,California
Fresno,2021-04-03,6424,483087,3533,218946,2630,248112,261,16029,2145,134099,4260,183399,2442,317498,California
Fresno,2021-04-04,1499,484586,538,219484,916,249028,45,16074,545,133745,944,184343,590,318088,California
Fresno,2021-04-05,8348,492934,4479,223963,3066,252094,803,16877,2446,131177,5885,190228,3317,321405,California
Fresno,2021-04-06,9648,502582,4037,228000,4418,256512,1193,18070,3564,129905,6044,196272,4772,326177,California
Fresno,2021-04-07,10650,513232,5514,233514,3918,260430,1218,19288,3541,127626,7062,203334,4783,330960,California
Fresno,2021-04-08,10988,524220,5179,238693,4644,265074,1165,20453,3446,124786,7491,210825,4651,335611,California
Fresno,2021-04-09,11472,535692,5345,244038,4722,269796,1405,21858,3621,122029,7802,218627,5045,340656,California
Fresno,2021-04-10,7928,543620,5167,249205,2232,272028,529,22387,3687,122014,4229,222856,4214,344870,California
Fresno,2021-04-11,1400,545020,936,250141,372,272400,92,22479,448,121608,947,223803,541,345411,California
Fresno,2021-04-12,7574,552594,4093,254234,2547,274947,934,23413,2415,119828,5127,228930,3347,348758,California
Fresno,2021-04-13,9036,561630,4314,258548,4651,279598,71,23484,3521,118035,5476,234406,3683,352441,California
Fresno,2021-04-14,9762,571392,5808,264356,3953,283551,1,23485,3795,115954,5923,240329,3842,356283,California
Fresno,2021-04-15,8522,579914,4240,268596,4279,287830,3,23488,3204,113875,5289,245618,3210,359493,California
Fresno,2021-04-16,9627,589541,4672,273268,4953,292783,2,23490,3921,112139,5664,251282,3928,363421,California
Fresno,2021-04-17,5664,595205,3782,277050,1882,294665,0,23490,2697,111895,2943,254225,2699,366120,California
Fresno,2021-04-18,1040,596245,567,277617,473,295138,0,23490,476,111812,559,254784,476,366596,California
Fresno,2021-04-19,5659,601904,3093,280710,2563,297701,3,23493,2272,110744,3346,258130,2278,368874,California
Fresno,2021-04-20,7001,608905,3472,284182,3520,301221,9,23502,2634,109044,4343,262473,2643,371517,California
Fresno,2021-04-21,6412,615317,3547,287729,2856,304077,9,23511,2676,108034,3698,266171,2688,374205,California
Fresno,2021-04-22,6392,621709,3168,290897,3223,307300,1,23512,2337,106379,3996,270167,2341,376546,California
Fresno,2021-04-23,7132,628841,3831,294728,3284,310584,17,23529,2730,104800,4314,274481,2735,379281,California
Fresno,2021-04-24,4172,633013,2491,297219,1681,312265,0,23529,1917,104475,2242,276723,1917,381198,California
Fresno,2021-04-25,1370,634383,551,297770,816,313081,3,23532,686,104486,678,277401,689,381887,California
Fresno,2021-04-26,4236,638619,2136,299906,2055,315136,45,23577,1799,103923,2406,279807,1843,383730,California
Fresno,2021-04-27,4853,643472,2451,302357,2276,317412,126,23703,1904,103026,2926,282733,2029,385759,California
Fresno,2021-04-28,4778,648250,2669,305026,1979,319391,130,23833,1990,102382,2765,285498,2121,387880,California
Fresno,2021-04-29,4809,653059,2659,307685,2010,321401,140,23973,1819,101379,2960,288458,1957,389837,California
Fresno,2021-04-30,5425,658484,3287,310972,2005,323406,133,24106,2155,100433,3239,291697,2293,392130,California
Fresno,2021-05-01,4198,662682,3466,314438,593,323999,139,24245,1224,98851,2954,294651,1372,393502,California
Fresno,2021-05-02,1252,663934,776,315214,425,324424,51,24296,613,98890,627,295278,666,394168,California
Fresno,2021-05-03,4037,667971,2693,317907,1154,325578,190,24486,1298,97671,2711,297989,1492,395660,California
Fresno,2021-05-04,4838,672809,2503,320410,2183,327761,152,24638,1542,96100,3268,301257,1697,397357,California
Fresno,2021-05-05,5098,677907,3143,323553,1727,329488,228,24866,1589,94434,3482,304739,1816,399173,California
Fresno,2021-05-06,4140,682047,2544,326097,1491,330979,105,24971,1409,93249,2699,307438,1514,400687,California
Fresno,2021-05-07,5014,687061,3288,329385,1558,332537,168,25139,1549,91524,3441,310879,1716,402403,California
Fresno,2021-05-08,3894,690955,2484,331869,1262,333799,148,25287,1163,90130,2708,313587,1314,403717,California
Fresno,2021-05-09,675,691630,347,332216,285,334084,43,25330,332,90168,337,313924,375,404092,California
Fresno,2021-05-10,2967,694597,1579,333795,1247,335331,141,25471,925,89204,2031,315955,1067,405159,California
Fresno,2021-05-11,3758,698355,1934,335729,1727,337058,97,25568,1202,87962,2543,318498,1301,406460,California
Fresno,2021-05-12,4006,702361,2566,338295,1276,338334,164,25732,1455,87054,2527,321025,1619,408079,California
Fresno,2021-05-13,3872,706233,2137,340432,1630,339964,105,25837,1739,86806,2093,323118,1845,409924,California
Fresno,2021-05-14,5041,711274,3014,343446,1843,341807,184,26021,2148,86282,2860,325978,2336,412260,California
Fresno,2021-05-15,3573,714847,2665,346111,776,342583,132,26153,1811,86474,1753,327731,1945,414205,California
Fresno,2021-05-16,1441,716288,943,347054,464,343047,34,26187,804,86686,631,328362,843,415048,California
Fresno,2021-05-17,4178,720466,2820,349874,1196,344243,162,26349,2249,87195,1901,330263,2410,417458,California
Fresno,2021-05-18,4114,724580,2538,352412,1420,345663,156,26505,2096,87454,1994,332257,2253,419711,California
Fresno,2021-05-19,4351,728931,2763,355175,1411,347074,177,26682,2110,87525,2218,334475,2289,422000,California
Fresno,2021-05-20,4106,733037,2447,357622,1471,348545,188,26870,1914,87451,2174,336649,2100,424100,California
Fresno,2021-05-21,4568,737605,2980,360602,1494,350039,94,26964,2072,87151,2464,339113,2164,426264,California
Fresno,2021-05-22,3939,741544,2924,363526,842,350881,173,27137,2272,87944,1650,340763,2443,428707,California
Fresno,2021-05-23,909,742453,579,364105,300,351181,30,27167,465,88005,434,341197,495,429202,California
Fresno,2021-05-24,3227,745680,2023,366128,1089,352270,115,27282,1486,87897,1717,342914,1609,430811,California
Fresno,2021-05-25,3205,748885,1924,368052,1156,353426,125,27407,1364,87564,1826,344740,1493,432304,California
Fresno,2021-05-26,3246,752131,2146,370198,995,354421,105,27512,1657,87760,1568,346308,1764,434068,California
Fresno,2021-05-27,3134,755265,1907,372105,1120,355541,107,27619,1410,87582,1699,348007,1521,435589,California
Fresno,2021-05-28,3428,758693,2209,374314,1125,356666,94,27713,1892,88056,1518,349525,1992,437581,California
Fresno,2021-05-29,2276,760969,1657,375971,549,357215,70,27783,1252,88368,1014,350539,1326,438907,California
Fresno,2021-05-30,887,761856,535,376506,317,357532,35,27818,424,88386,446,350985,464,439371,California
Fresno,2021-05-31,317,762173,160,376666,145,357677,12,27830,132,88351,180,351165,145,439516,California
Fresno,2021-06-01,3011,765184,1811,378477,1105,358782,95,27925,1217,87894,1771,352936,1314,440830,California
Fresno,2021-06-02,2662,767846,1718,380195,854,359636,90,28015,1084,87525,1549,354485,1180,442010,California
Fresno,2021-06-03,2950,770796,2023,382218,824,360460,103,28118,1195,87093,1732,356217,1300,443310,California
Fresno,2021-06-04,3235,774031,2348,384566,787,361247,100,28218,1120,86224,2091,358308,1222,444532,California
Fresno,2021-06-05,3105,777136,2292,386858,692,361939,121,28339,1248,85758,1834,360142,1368,445900,California
Fresno,2021-06-06,1166,778302,928,387786,201,362140,37,28376,417,85467,745,360887,454,446354,California
Fresno,2021-06-07,3078,781380,2423,390209,563,362703,92,28468,894,84289,2163,363050,985,447339,California
Fresno,2021-06-08,2623,784003,1956,392165,599,363302,68,28536,813,83370,1800,364850,881,448220,California
Fresno,2021-06-09,2934,786937,2192,394357,652,363954,90,28626,965,82474,1950,366800,1054,449274,California
Fresno,2021-06-10,2650,789587,1925,396282,655,364609,70,28696,929,81771,1701,368501,998,450272,California
Fresno,2021-06-11,3129,792716,2191,398473,828,365437,110,28806,1165,81119,1927,370428,1275,451547,California
Fresno,2021-06-12,2900,795616,2292,400765,442,365879,166,28972,778,79949,2109,372537,939,452486,California
Fresno,2021-06-13,707,796323,457,401222,233,366112,17,28989,199,79662,503,373040,216,452702,California
Fresno,2021-06-14,2492,798815,1813,403035,550,366662,129,29118,962,79239,1512,374552,1089,453791,California
Fresno,2021-06-15,2368,801183,1702,404737,590,367252,76,29194,936,78836,1414,375966,1011,454802,California
Fresno,2021-06-16,2632,803815,1893,406630,625,367877,114,29308,1042,78412,1578,377544,1154,455956,California
Fresno,2021-06-17,2234,806049,1563,408193,580,368457,91,29399,946,78172,1275,378819,1035,456991,California
Fresno,2021-06-18,2965,809014,2121,410314,726,369183,118,29517,1199,77741,1749,380568,1318,458309,California
Fresno,2021-06-19,1690,810704,1247,411561,366,369549,77,29594,584,77298,1102,381670,659,458968,California
Fresno,2021-06-20,497,811201,351,411912,135,369684,11,29605,190,77197,302,381972,201,459169,California
Fresno,2021-06-21,1613,812814,1077,412989,472,370156,64,29669,929,77520,670,382642,993,460162,California
Fresno,2021-06-22,2124,814938,1464,414453,557,370713,103,29772,973,77457,1137,383779,1074,461236,California
Fresno,2021-06-23,1005,815943,696,415149,254,370967,55,29827,466,77445,531,384310,519,461755,California
Glenn,2020-12-17,1,1,1,1,0,0,0,0,1,1,0,0,1,1,California
Glenn,2020-12-19,1,2,1,2,0,0,0,0,1,2,0,0,1,2,California
Glenn,2020-12-20,1,3,1,3,0,0,0,0,1,3,0,0,1,3,California
Glenn,2020-12-21,12,15,12,15,0,0,0,0,12,15,0,0,12,15,California
Glenn,2020-12-22,59,74,59,74,0,0,0,0,59,74,0,0,59,74,California
Glenn,2020-12-23,28,102,28,102,0,0,0,0,28,102,0,0,28,102,California
Glenn,2020-12-24,9,111,9,111,0,0,0,0,9,111,0,0,9,111,California
Glenn,2020-12-26,2,113,2,113,0,0,0,0,2,113,0,0,2,113,California
Glenn,2020-12-27,4,117,4,117,0,0,0,0,4,117,0,0,4,117,California
Glenn,2020-12-28,21,138,21,138,0,0,0,0,21,138,0,0,21,138,California
Glenn,2020-12-29,82,220,82,220,0,0,0,0,82,220,0,0,82,220,California
Glenn,2020-12-30,129,349,106,326,23,23,0,0,129,349,0,0,129,349,California
Glenn,2020-12-31,38,387,9,335,29,52,0,0,38,387,0,0,38,387,California
Glenn,2021-01-02,3,390,3,338,0,52,0,0,3,390,0,0,3,390,California
Glenn,2021-01-04,7,397,5,343,2,54,0,0,7,397,0,0,7,397,California
Glenn,2021-01-05,9,406,8,351,1,55,0,0,9,406,0,0,9,406,California
Glenn,2021-01-06,60,466,8,359,52,107,0,0,60,466,0,0,60,466,California
Glenn,2021-01-07,67,533,12,371,55,162,0,0,65,529,2,2,65,531,California
Glenn,2021-01-08,12,545,9,380,3,165,0,0,12,541,0,2,12,543,California
Glenn,2021-01-10,1,546,1,381,0,165,0,0,0,540,1,3,0,543,California
Glenn,2021-01-11,30,576,30,411,0,165,0,0,12,534,18,21,12,555,California
Glenn,2021-01-12,42,618,37,448,5,170,0,0,14,520,28,49,14,569,California
Glenn,2021-01-13,221,839,158,606,63,233,0,0,176,651,45,94,176,745,California
Glenn,2021-01-14,119,958,30,636,89,322,0,0,109,750,10,104,109,854,California
Glenn,2021-01-15,40,998,33,669,7,329,0,0,35,780,5,109,35,889,California
Glenn,2021-01-16,33,1031,14,683,19,348,0,0,23,793,10,119,23,912,California
Glenn,2021-01-17,4,1035,2,685,2,350,0,0,2,793,2,121,2,914,California
Glenn,2021-01-18,17,1052,16,701,1,351,0,0,9,794,8,129,9,923,California
Glenn,2021-01-19,30,1082,20,721,10,361,0,0,13,790,17,146,13,936,California
Glenn,2021-01-20,163,1245,94,815,69,430,0,0,82,791,81,227,82,1018,California
Glenn,2021-01-21,124,1369,98,913,26,456,0,0,30,727,94,321,30,1048,California
Glenn,2021-01-22,338,1707,64,977,274,730,0,0,331,1051,7,328,331,1379,California
Glenn,2021-01-23,16,1723,9,986,7,737,0,0,13,1061,3,331,13,1392,California
Glenn,2021-01-24,2,1725,2,988,0,737,0,0,2,1063,0,331,2,1394,California
Glenn,2021-01-25,27,1752,9,997,18,755,0,0,24,1084,3,334,24,1418,California
Glenn,2021-01-26,30,1782,14,1011,16,771,0,0,24,1102,6,340,24,1442,California
Glenn,2021-01-27,190,1972,13,1024,177,948,0,0,168,1248,22,362,168,1610,California
Glenn,2021-01-28,147,2119,8,1032,139,1087,0,0,117,1335,30,392,117,1727,California
Glenn,2021-01-29,296,2415,12,1044,284,1371,0,0,282,1603,14,406,282,2009,California
Glenn,2021-01-30,4,2419,0,1044,4,1375,0,0,4,1607,0,406,4,2013,California
Glenn,2021-01-31,1,2420,0,1044,1,1376,0,0,1,1608,0,406,1,2014,California
Glenn,2021-02-01,31,2451,11,1055,20,1396,0,0,19,1615,12,418,19,2033,California
Glenn,2021-02-02,31,2482,16,1071,15,1411,0,0,21,1626,10,428,21,2054,California
Glenn,2021-02-03,281,2763,127,1198,154,1565,0,0,135,1616,146,574,136,2190,California
Glenn,2021-02-04,85,2848,18,1216,67,1632,0,0,28,1587,57,631,28,2218,California
Glenn,2021-02-05,319,3167,24,1240,295,1927,0,0,299,1866,20,651,299,2517,California
Glenn,2021-02-06,14,3181,2,1242,12,1939,0,0,13,1878,1,652,13,2530,California
Glenn,2021-02-07,2,3183,2,1244,0,1939,0,0,2,1880,0,652,2,2532,California
Glenn,2021-02-08,21,3204,17,1261,4,1943,0,0,4,1867,17,669,4,2536,California
Glenn,2021-02-09,49,3253,20,1281,29,1972,0,0,36,1890,13,682,36,2572,California
Glenn,2021-02-10,137,3390,19,1300,118,2090,0,0,66,1885,71,753,66,2638,California
Glenn,2021-02-11,233,3623,133,1433,100,2190,0,0,151,1953,83,836,151,2789,California
Glenn,2021-02-12,419,4042,99,1532,320,2510,0,0,354,2242,65,901,354,3143,California
Glenn,2021-02-13,37,4079,9,1541,28,2538,0,0,17,2239,20,921,17,3160,California
Glenn,2021-02-14,1,4080,0,1541,1,2539,0,0,1,2240,0,921,1,3161,California
Glenn,2021-02-15,9,4089,0,1541,9,2548,0,0,8,2247,1,922,8,3169,California
Glenn,2021-02-16,40,4129,9,1550,31,2579,0,0,22,2251,18,940,22,3191,California
Glenn,2021-02-17,380,4509,14,1564,366,2945,0,0,302,2475,78,1018,302,3493,California
Glenn,2021-02-18,134,4643,99,1663,35,2980,0,0,110,2561,24,1042,110,3603,California
Glenn,2021-02-19,303,4946,17,1680,286,3266,0,0,29,2316,274,1316,29,3632,California
Glenn,2021-02-20,9,4955,0,1680,9,3275,0,0,1,2309,8,1324,1,3633,California
Glenn,2021-02-21,1,4956,1,1681,0,3275,0,0,1,2310,0,1324,1,3634,California
Glenn,2021-02-22,33,4989,14,1695,19,3294,0,0,16,2309,17,1341,16,3650,California
Glenn,2021-02-23,41,5030,10,1705,31,3325,0,0,29,2326,12,1353,29,3679,California
Glenn,2021-02-24,255,5285,48,1753,207,3532,0,0,47,2165,208,1561,47,3726,California
Glenn,2021-02-25,233,5518,119,1872,114,3646,0,0,120,2172,113,1674,120,3846,California
Glenn,2021-02-26,304,5822,24,1896,280,3926,0,0,20,1909,283,1957,20,3866,California
Glenn,2021-02-27,16,5838,6,1902,10,3936,0,0,6,1906,9,1966,6,3872,California
Glenn,2021-02-28,6,5844,3,1905,3,3939,0,0,3,1907,2,1968,3,3875,California
Glenn,2021-03-01,28,5872,6,1911,22,3961,0,0,12,1903,16,1984,12,3887,California
Glenn,2021-03-02,35,5907,7,1918,28,3989,0,0,17,1902,18,2002,17,3904,California
Glenn,2021-03-03,191,6098,37,1955,154,4143,0,0,100,1913,89,2091,100,4004,California
Glenn,2021-03-04,521,6619,175,2130,346,4489,0,0,374,2140,147,2238,374,4378,California
Glenn,2021-03-05,357,6976,49,2179,308,4797,0,0,35,1853,322,2560,35,4413,California
Glenn,2021-03-06,28,7004,4,2183,23,4820,1,1,11,1848,17,2577,12,4425,California
Glenn,2021-03-07,5,7009,0,2183,5,4825,0,1,3,1850,1,2578,3,4428,California
Glenn,2021-03-08,20,7029,2,2185,17,4842,1,2,18,1867,2,2580,19,4447,California
Glenn,2021-03-09,82,7111,12,2197,67,4909,3,5,54,1895,28,2608,56,4503,California
Glenn,2021-03-10,172,7283,69,2266,101,5010,2,7,94,1913,78,2686,96,4599,California
Glenn,2021-03-11,582,7865,168,2434,391,5401,23,30,453,2260,129,2815,476,5075,California
Glenn,2021-03-12,420,8285,14,2448,343,5744,63,93,42,1987,378,3193,105,5180,California
Glenn,2021-03-13,13,8298,1,2449,4,5748,8,101,1,1984,12,3205,9,5189,California
Glenn,2021-03-14,3,8301,1,2450,2,5750,0,101,1,1983,2,3207,1,5190,California
Glenn,2021-03-15,76,8377,15,2465,56,5806,5,106,61,2034,15,3222,66,5256,California
Glenn,2021-03-16,109,8486,34,2499,65,5871,10,116,69,2073,40,3262,79,5335,California
Glenn,2021-03-17,417,8903,98,2597,312,6183,7,123,116,1893,301,3563,121,5456,California
Glenn,2021-03-18,522,9425,216,2813,50,6233,256,379,144,1914,378,3941,399,5855,California
Glenn,2021-03-19,96,9521,16,2829,74,6307,6,385,75,1975,20,3961,81,5936,California
Glenn,2021-03-20,133,9654,2,2831,130,6437,1,386,130,2103,3,3964,131,6067,California
Glenn,2021-03-21,6,9660,5,2836,0,6437,1,387,3,2105,2,3966,4,6071,California
Glenn,2021-03-22,123,9783,54,2890,61,6498,8,395,103,2198,18,3984,111,6182,California
Glenn,2021-03-23,179,9962,67,2957,61,6559,51,446,104,2280,73,4057,155,6337,California
Glenn,2021-03-24,208,10170,100,3057,103,6662,5,451,134,2347,72,4129,139,6476,California
Glenn,2021-03-25,471,10641,230,3287,147,6809,94,545,343,2657,127,4256,437,6913,California
Glenn,2021-03-26,238,10879,37,3324,165,6974,36,581,187,2829,51,4307,223,7136,California
Glenn,2021-03-27,168,11047,22,3346,140,7114,6,587,154,2975,14,4321,160,7296,California
Glenn,2021-03-28,15,11062,10,3356,5,7119,0,587,10,2980,5,4326,10,7306,California
Glenn,2021-03-29,61,11123,20,3376,38,7157,3,590,47,3016,14,4340,50,7356,California
Glenn,2021-03-30,76,11199,43,3419,32,7189,1,591,44,3031,30,4370,45,7401,California
Glenn,2021-03-31,124,11323,35,3454,88,7277,1,592,54,3017,69,4439,55,7456,California
Glenn,2021-04-01,656,11979,188,3642,459,7736,9,601,244,2861,409,4848,253,7709,California
Glenn,2021-04-02,170,12149,26,3668,132,7868,12,613,133,2969,37,4885,145,7854,California
Glenn,2021-04-03,95,12244,4,3672,84,7952,7,620,84,3049,11,4896,91,7945,California
Glenn,2021-04-04,9,12253,3,3675,4,7956,2,622,5,3052,4,4900,7,7952,California
Glenn,2021-04-05,67,12320,26,3701,28,7984,13,635,30,3058,37,4937,43,7995,California
Glenn,2021-04-06,145,12465,52,3753,53,8037,40,675,37,3027,107,5044,76,8071,California
Glenn,2021-04-07,161,12626,47,3800,60,8097,54,729,75,3070,86,5130,129,8200,California
Glenn,2021-04-08,640,13266,188,3988,418,8515,34,763,138,2742,500,5630,172,8372,California
Glenn,2021-04-09,158,13424,56,4044,86,8601,16,779,100,2800,58,5688,116,8488,California
Glenn,2021-04-10,76,13500,1,4045,60,8661,15,794,58,2856,17,5705,73,8561,California
Glenn,2021-04-11,17,13517,8,4053,4,8665,5,799,7,2858,10,5715,12,8573,California
Glenn,2021-04-12,116,13633,26,4079,61,8726,29,828,21,2813,95,5810,50,8623,California
Glenn,2021-04-13,118,13751,63,4142,55,8781,0,828,30,2755,88,5898,30,8653,California
Glenn,2021-04-14,123,13874,47,4189,76,8857,0,828,68,2768,55,5953,68,8721,California
Glenn,2021-04-15,365,14239,276,4465,89,8946,0,828,124,2652,240,6193,124,8845,California
Glenn,2021-04-16,169,14408,42,4507,127,9073,0,828,79,2641,90,6283,79,8924,California
Glenn,2021-04-17,168,14576,17,4524,151,9224,0,828,29,2539,131,6414,29,8953,California
Glenn,2021-04-18,16,14592,3,4527,13,9237,0,828,13,2549,3,6417,13,8966,California
Glenn,2021-04-19,83,14675,17,4544,66,9303,0,828,22,2511,60,6477,22,8988,California
Glenn,2021-04-20,125,14800,81,4625,44,9347,0,828,52,2490,73,6550,52,9040,California
Glenn,2021-04-21,423,15223,320,4945,103,9450,0,828,289,2645,134,6684,289,9329,California
Glenn,2021-04-22,208,15431,48,4993,160,9610,0,828,33,2504,174,6858,33,9362,California
Glenn,2021-04-23,179,15610,24,5017,155,9765,0,828,41,2408,137,6995,41,9403,California
Glenn,2021-04-24,180,15790,32,5049,148,9913,0,828,31,2290,149,7144,31,9434,California
Glenn,2021-04-25,30,15820,18,5067,12,9925,0,828,22,2304,8,7152,22,9456,California
Glenn,2021-04-26,48,15868,12,5079,36,9961,0,828,19,2294,29,7181,19,9475,California
Glenn,2021-04-27,64,15932,49,5128,10,9971,5,833,32,2298,32,7213,36,9511,California
Glenn,2021-04-28,260,16192,181,5309,68,10039,11,844,131,2312,128,7341,142,9653,California
Glenn,2021-04-29,182,16374,23,5332,157,10196,2,846,36,2204,146,7487,38,9691,California
Glenn,2021-04-30,156,16530,35,5367,119,10315,2,848,38,2126,118,7605,40,9731,California
Glenn,2021-05-01,108,16638,13,5380,94,10409,1,849,26,2071,82,7687,27,9758,California
Glenn,2021-05-02,30,16668,12,5392,9,10418,9,858,15,2080,15,7702,24,9782,California
Glenn,2021-05-03,39,16707,24,5416,14,10432,1,859,14,2070,25,7727,15,9797,California
Glenn,2021-05-04,57,16764,33,5449,19,10451,5,864,28,2074,29,7756,33,9830,California
Glenn,2021-05-05,122,16886,35,5484,77,10528,10,874,51,2064,71,7827,61,9891,California
Glenn,2021-05-06,111,16997,41,5525,65,10593,5,879,40,2038,71,7898,45,9936,California
Glenn,2021-05-07,119,17116,33,5558,77,10670,9,888,30,1989,88,7986,39,9975,California
Glenn,2021-05-08,65,17181,12,5570,49,10719,4,892,21,1971,43,8029,25,10000,California
Glenn,2021-05-09,17,17198,11,5581,6,10725,0,892,13,1980,4,8033,13,10013,California
Glenn,2021-05-10,36,17234,14,5595,17,10742,5,897,13,1975,23,8056,18,10031,California
Glenn,2021-05-11,78,17312,55,5650,14,10756,9,906,16,1938,62,8118,25,10056,California
Glenn,2021-05-12,335,17647,252,5902,69,10825,14,920,52,1721,283,8401,66,10122,California
Glenn,2021-05-13,159,17806,60,5962,80,10905,19,939,69,1719,90,8491,88,10210,California
Glenn,2021-05-14,106,17912,25,5987,76,10981,5,944,40,1698,66,8557,45,10255,California
Glenn,2021-05-15,67,17979,40,6027,24,11005,3,947,34,1702,32,8589,36,10291,California
Glenn,2021-05-16,31,18010,18,6045,13,11018,0,947,9,1689,22,8611,9,10300,California
Glenn,2021-05-17,86,18096,61,6106,21,11039,4,951,60,1727,26,8637,64,10364,California
Glenn,2021-05-18,68,18164,50,6156,13,11052,5,956,23,1710,45,8682,28,10392,California
Glenn,2021-05-19,199,18363,118,6274,69,11121,12,968,74,1671,124,8806,85,10477,California
Glenn,2021-05-20,118,18481,77,6351,39,11160,2,970,83,1721,35,8841,85,10562,California
Glenn,2021-05-21,70,18551,26,6377,43,11203,1,971,30,1712,40,8881,31,10593,California
Glenn,2021-05-22,55,18606,24,6401,31,11234,0,971,28,1713,27,8908,28,10621,California
Glenn,2021-05-23,28,18634,15,6416,13,11247,0,971,12,1710,15,8923,12,10633,California
Glenn,2021-05-24,29,18663,10,6426,15,11262,4,975,10,1706,18,8941,14,10647,California
Glenn,2021-05-25,47,18710,36,6462,9,11271,2,977,24,1709,23,8964,26,10673,California
Glenn,2021-05-26,75,18785,16,6478,55,11326,4,981,27,1692,48,9012,31,10704,California
Glenn,2021-05-27,99,18884,62,6540,36,11362,1,982,46,1688,51,9063,47,10751,California
Glenn,2021-05-28,63,18947,19,6559,37,11399,7,989,33,1698,30,9093,40,10791,California
Glenn,2021-05-29,48,18995,11,6570,33,11432,4,993,21,1696,27,9120,25,10816,California
Glenn,2021-05-30,21,19016,13,6583,8,11440,0,993,8,1692,12,9132,8,10824,California
Glenn,2021-05-31,4,19020,0,6583,4,11444,0,993,0,1688,4,9136,0,10824,California
Glenn,2021-06-01,56,19076,31,6614,22,11466,3,996,24,1683,32,9168,27,10851,California
Glenn,2021-06-02,98,19174,49,6663,46,11512,3,999,39,1666,59,9227,42,10893,California
Glenn,2021-06-03,76,19250,43,6706,26,11538,7,1006,18,1635,56,9283,25,10918,California
Glenn,2021-06-04,76,19326,36,6742,37,11575,3,1009,41,1644,35,9318,44,10962,California
Glenn,2021-06-05,55,19381,30,6772,22,11597,3,1012,17,1626,38,9356,20,10982,California
Glenn,2021-06-06,31,19412,28,6800,2,11599,1,1013,15,1627,15,9371,16,10998,California
Glenn,2021-06-07,68,19480,59,6859,7,11606,2,1015,13,1588,54,9425,15,11013,California
Glenn,2021-06-08,35,19515,19,6878,11,11617,5,1020,16,1590,19,9444,21,11034,California
Glenn,2021-06-09,64,19579,36,6914,21,11638,7,1027,31,1595,33,9477,38,11072,California
Glenn,2021-06-10,117,19696,86,7000,25,11663,6,1033,34,1552,83,9560,40,11112,California
Glenn,2021-06-11,87,19783,56,7056,28,11691,3,1036,24,1516,63,9623,27,11139,California
Glenn,2021-06-12,35,19818,19,7075,13,11704,3,1039,13,1510,22,9645,16,11155,California
Glenn,2021-06-13,11,19829,11,7086,0,11704,0,1039,5,1509,6,9651,5,11160,California
Glenn,2021-06-14,40,19869,27,7113,10,11714,3,1042,17,1507,22,9673,20,11180,California
Glenn,2021-06-15,48,19917,33,7146,14,11728,1,1043,24,1508,24,9697,25,11205,California
Glenn,2021-06-16,86,20003,52,7198,33,11761,1,1044,57,1539,27,9724,58,11263,California
Glenn,2021-06-17,61,20064,36,7234,21,11782,4,1048,7,1496,54,9778,11,11274,California
Glenn,2021-06-18,81,20145,45,7279,15,11797,21,1069,26,1488,55,9833,47,11321,California
Glenn,2021-06-19,42,20187,22,7301,20,11817,0,1069,24,1494,18,9851,24,11345,California
Glenn,2021-06-20,14,20201,10,7311,4,11821,0,1069,3,1486,11,9862,3,11348,California
Glenn,2021-06-21,25,20226,17,7328,6,11827,2,1071,18,1499,7,9869,20,11368,California
Glenn,2021-06-22,44,20270,30,7358,12,11839,2,1073,21,1500,22,9891,23,11391,California
Glenn,2021-06-23,40,20310,25,7383,14,11853,1,1074,22,1505,18,9909,23,11414,California
Humboldt,2020-12-15,2,2,2,2,0,0,0,0,2,2,0,0,2,2,California
Humboldt,2020-12-16,16,18,16,18,0,0,0,0,16,18,0,0,16,18,California
Humboldt,2020-12-17,117,135,117,135,0,0,0,0,117,135,0,0,117,135,California
Humboldt,2020-12-18,177,312,177,312,0,0,0,0,177,312,0,0,177,312,California
Humboldt,2020-12-19,10,322,10,322,0,0,0,0,10,322,0,0,10,322,California
Humboldt,2020-12-20,28,350,28,350,0,0,0,0,28,350,0,0,28,350,California
Humboldt,2020-12-21,167,517,167,517,0,0,0,0,167,517,0,0,167,517,California
Humboldt,2020-12-22,335,852,335,852,0,0,0,0,335,852,0,0,335,852,California
Humboldt,2020-12-23,322,1174,264,1116,58,58,0,0,324,1176,0,0,324,1176,California
Humboldt,2020-12-24,25,1199,2,1118,23,81,0,0,25,1201,0,0,25,1201,California
Humboldt,2020-12-25,2,1201,2,1120,0,81,0,0,2,1203,0,0,2,1203,California
Humboldt,2020-12-26,6,1207,5,1125,1,82,0,0,6,1209,0,0,6,1209,California
Humboldt,2020-12-28,207,1414,149,1274,58,140,0,0,207,1416,0,0,207,1416,California
Humboldt,2020-12-29,184,1598,123,1397,61,201,0,0,185,1601,0,0,185,1601,California
Humboldt,2020-12-30,232,1830,127,1524,105,306,0,0,232,1833,0,0,232,1833,California
Humboldt,2020-12-31,246,2076,81,1605,165,471,0,0,246,2079,0,0,246,2079,California
Humboldt,2021-01-01,3,2079,2,1607,1,472,0,0,3,2082,0,0,3,2082,California
Humboldt,2021-01-02,40,2119,2,1609,38,510,0,0,40,2122,0,0,40,2122,California
Humboldt,2021-01-04,219,2338,142,1751,77,587,0,0,220,2342,0,0,220,2342,California
Humboldt,2021-01-05,133,2471,21,1772,112,699,0,0,133,2474,1,1,133,2475,California
Humboldt,2021-01-06,315,2786,215,1987,100,799,0,0,242,2655,61,62,242,2717,California
Humboldt,2021-01-07,435,3221,323,2310,112,911,0,0,318,2873,100,162,318,3035,California
Humboldt,2021-01-08,426,3647,286,2596,140,1051,0,0,287,3027,133,295,287,3322,California
Humboldt,2021-01-09,68,3715,44,2640,24,1075,0,0,65,3090,3,298,66,3388,California
Humboldt,2021-01-10,84,3799,84,2724,0,1075,0,0,4,3014,80,378,4,3392,California
Humboldt,2021-01-11,292,4091,281,3005,11,1086,0,0,71,2868,217,595,71,3463,California
Humboldt,2021-01-12,503,4594,339,3344,164,1250,0,0,286,2959,195,790,286,3749,California
Humboldt,2021-01-13,500,5094,281,3625,219,1469,0,0,321,3105,176,966,322,4071,California
Humboldt,2021-01-14,550,5644,167,3792,383,1852,0,0,494,3544,56,1022,495,4566,California
Humboldt,2021-01-15,369,6013,28,3820,341,2193,0,0,352,3879,17,1039,352,4918,California
Humboldt,2021-01-16,169,6182,6,3826,163,2356,0,0,168,4046,1,1040,168,5086,California
Humboldt,2021-01-17,6,6188,4,3830,2,2358,0,0,6,4052,0,1040,6,5092,California
Humboldt,2021-01-18,305,6493,270,4100,35,2393,0,0,151,4049,154,1194,151,5243,California
Humboldt,2021-01-19,657,7150,398,4498,259,2652,0,0,528,4454,123,1317,528,5771,California
Humboldt,2021-01-20,918,8068,389,4887,529,3181,0,0,754,5054,156,1473,756,6527,California
Humboldt,2021-01-21,971,9039,261,5148,710,3891,0,0,928,5939,43,1516,928,7455,California
Humboldt,2021-01-22,689,9728,381,5529,308,4199,0,0,679,6609,10,1526,680,8135,California
Humboldt,2021-01-23,928,10656,283,5812,645,4844,0,0,919,7520,9,1535,920,9055,California
Humboldt,2021-01-24,229,10885,1,5813,228,5072,0,0,228,7747,1,1536,228,9283,California
Humboldt,2021-01-25,351,11236,234,6047,117,5189,0,0,154,7704,197,1733,154,9437,California
Humboldt,2021-01-26,544,11780,149,6196,395,5584,0,0,480,8120,64,1797,480,9917,California
Humboldt,2021-01-27,1272,13052,584,6780,688,6272,0,0,1200,9258,64,1861,1202,11119,California
Humboldt,2021-01-28,1463,14515,635,7415,828,7100,0,0,1322,10444,138,1999,1324,12443,California
Humboldt,2021-01-29,1163,15678,547,7962,616,7716,0,0,694,10669,469,2468,694,13137,California
Humboldt,2021-01-30,1029,16707,470,8432,559,8275,0,0,984,11609,45,2513,985,14122,California
Humboldt,2021-01-31,317,17024,315,8747,2,8277,0,0,316,11924,1,2514,316,14438,California
Humboldt,2021-02-01,336,17360,192,8939,144,8421,0,0,185,11958,151,2665,185,14623,California
Humboldt,2021-02-02,452,17812,79,9018,373,8794,0,0,347,12205,102,2767,349,14972,California
Humboldt,2021-02-03,676,18488,267,9285,409,9203,0,0,521,12571,155,2922,521,15493,California
Humboldt,2021-02-04,651,19139,260,9545,391,9594,0,0,443,12809,205,3127,443,15936,California
Humboldt,2021-02-05,813,19952,95,9640,718,10312,0,0,625,13246,188,3315,625,16561,California
Humboldt,2021-02-06,1082,21034,469,10109,613,10925,0,0,1036,14238,45,3360,1037,17598,California
Humboldt,2021-02-07,379,21413,8,10117,371,11296,0,0,374,14609,4,3364,375,17973,California
Humboldt,2021-02-08,338,21751,147,10264,191,11487,0,0,180,14632,157,3521,180,18153,California
Humboldt,2021-02-09,504,22255,228,10492,276,11763,0,0,177,14482,327,3848,177,18330,California
Humboldt,2021-02-10,565,22820,372,10864,193,11956,0,0,234,14390,326,4174,234,18564,California
Humboldt,2021-02-11,1316,24136,396,11260,920,12876,0,0,494,14066,819,4993,495,19059,California
Humboldt,2021-02-12,1164,25300,745,12005,419,13295,0,0,710,14322,454,5447,710,19769,California
Humboldt,2021-02-13,1547,26847,600,12605,947,14242,0,0,923,14624,622,6069,924,20693,California
Humboldt,2021-02-14,113,26960,5,12610,108,14350,0,0,110,14732,2,6071,110,20803,California
Humboldt,2021-02-15,294,27254,81,12691,213,14563,0,0,193,14825,100,6171,193,20996,California
Humboldt,2021-02-16,547,27801,122,12813,425,14988,0,0,252,14784,295,6466,254,21250,California
Humboldt,2021-02-17,453,28254,281,13094,172,15160,0,0,134,14600,318,6784,134,21384,California
Humboldt,2021-02-18,1027,29281,603,13697,424,15584,0,0,276,14127,749,7533,276,21660,California
Humboldt,2021-02-19,482,29763,434,14131,48,15632,0,0,92,13833,386,7919,92,21752,California
Humboldt,2021-02-20,1729,31492,1027,15158,702,16334,0,0,484,13078,1242,9161,487,22239,California
Humboldt,2021-02-21,479,31971,471,15629,8,16342,0,0,179,12958,300,9461,180,22419,California
Humboldt,2021-02-22,138,32109,94,15723,44,16386,0,0,29,12880,107,9568,29,22448,California
Humboldt,2021-02-23,182,32291,71,15794,111,16497,0,0,44,12788,136,9704,44,22492,California
Humboldt,2021-02-24,1214,33505,742,16536,472,16969,0,0,585,12746,628,10332,586,23078,California
Humboldt,2021-02-25,838,34343,319,16855,519,17488,0,0,232,12374,604,10936,232,23310,California
Humboldt,2021-02-26,2153,36496,108,16963,2045,19533,0,0,444,11116,1703,12639,445,23755,California
Humboldt,2021-02-27,1713,38209,1091,18054,622,20155,0,0,853,11115,858,13497,857,24612,California
Humboldt,2021-02-28,126,38335,11,18065,115,20270,0,0,118,11226,7,13504,118,24730,California
Humboldt,2021-03-01,262,38597,47,18112,215,20485,0,0,188,11340,74,13578,188,24918,California
Humboldt,2021-03-02,304,38901,51,18163,253,20738,0,0,166,11368,138,13716,166,25084,California
Humboldt,2021-03-03,1672,40573,1105,19268,567,21305,0,0,1223,12150,442,14158,1224,26308,California
Humboldt,2021-03-04,925,41498,114,19382,811,22116,0,0,300,11827,625,14783,302,26610,California
Humboldt,2021-03-05,948,42446,189,19571,748,22864,11,11,390,11673,555,15338,401,27011,California
Humboldt,2021-03-06,1798,44244,936,20507,813,23677,49,60,797,11519,1000,16338,846,27857,California
Humboldt,2021-03-07,368,44612,296,20803,54,23731,18,78,158,11485,210,16548,176,28033,California
Humboldt,2021-03-08,276,44888,6,20809,192,23923,78,156,181,11650,94,16642,259,28292,California
Humboldt,2021-03-09,501,45389,206,21015,147,24070,148,304,245,11788,254,16896,392,28684,California
Humboldt,2021-03-10,695,46084,470,21485,70,24140,155,459,420,12087,274,17170,573,29257,California
Humboldt,2021-03-11,1484,47568,461,21946,923,25063,100,559,653,12013,826,17996,752,30009,California
Humboldt,2021-03-12,1752,49320,1085,23031,445,25508,222,781,1054,12602,690,18686,1279,31288,California
Humboldt,2021-03-13,1584,50904,1036,24067,497,26005,51,832,670,12414,908,19594,720,32008,California
Humboldt,2021-03-14,143,51047,19,24086,116,26121,8,840,29,12337,114,19708,37,32045,California
Humboldt,2021-03-15,278,51325,51,24137,205,26326,22,862,59,12199,219,19927,81,32126,California
Humboldt,2021-03-16,638,51963,201,24338,176,26502,261,1123,262,12345,375,20302,521,32647,California
Humboldt,2021-03-17,733,52696,396,24734,229,26731,108,1231,341,12403,391,20693,449,33096,California
Humboldt,2021-03-18,1740,54436,1165,25899,532,27263,43,1274,1038,12787,697,21390,1081,34177,California
Humboldt,2021-03-19,1077,55513,61,25960,700,27963,316,1590,441,12909,634,22024,756,34933,California
Humboldt,2021-03-20,1383,56896,756,26716,613,28576,14,1604,424,12391,957,22981,439,35372,California
Humboldt,2021-03-21,252,57148,34,26750,189,28765,29,1633,207,12581,45,23026,235,35607,California
Humboldt,2021-03-22,119,57267,15,26765,54,28819,50,1683,62,12638,55,23081,112,35719,California
Humboldt,2021-03-23,414,57681,42,26807,329,29148,43,1726,320,12909,92,23173,363,36082,California
Humboldt,2021-03-24,1413,59094,388,27195,978,30126,47,1773,1037,13624,368,23541,1083,37165,California
Humboldt,2021-03-25,1844,60938,1214,28409,566,30692,64,1837,948,13741,894,24435,1011,38176,California
Humboldt,2021-03-26,2044,62982,440,28849,1546,32238,58,1895,1596,14952,442,24877,1653,39829,California
Humboldt,2021-03-27,2090,65072,1494,30343,422,32660,174,2069,1115,15270,971,25848,1289,41118,California
Humboldt,2021-03-28,268,65340,82,30425,114,32774,72,2141,81,15238,186,26034,154,41272,California
Humboldt,2021-03-29,467,65807,124,30549,247,33021,96,2237,197,15261,269,26303,292,41564,California
Humboldt,2021-03-30,947,66754,303,30852,530,33551,114,2351,561,15554,381,26684,674,42238,California
Humboldt,2021-03-31,1868,68622,522,31374,1248,34799,98,2449,1409,16608,455,27139,1509,43747,California
Humboldt,2021-04-01,2119,70741,709,32083,1317,36116,93,2542,1480,17550,631,27770,1573,45320,California
Humboldt,2021-04-02,1728,72469,1112,33195,510,36626,106,2648,622,17178,1100,28870,728,46048,California
Humboldt,2021-04-03,1669,74138,1508,34703,146,36772,15,2663,672,16878,987,29857,687,46735,California
Humboldt,2021-04-04,484,74622,371,35074,104,36876,9,2672,403,17210,80,29937,412,47147,California
Humboldt,2021-04-05,781,75403,465,35539,268,37144,48,2720,444,17368,334,30271,492,47639,California
Humboldt,2021-04-06,848,76251,319,35858,395,37539,134,2854,590,17838,252,30523,722,48361,California
Humboldt,2021-04-07,1502,77753,1068,36926,292,37831,142,2996,994,18469,505,31028,1136,49497,California
Humboldt,2021-04-08,1755,79508,1098,38024,498,38329,159,3155,745,18365,1008,32036,904,50401,California
Humboldt,2021-04-09,1445,80953,440,38464,850,39179,155,3310,1155,19379,289,32325,1303,51704,California
Humboldt,2021-04-10,942,81895,138,38602,629,39808,175,3485,742,20096,198,32523,915,52619,California
Humboldt,2021-04-11,646,82541,138,38740,36,39844,472,3957,129,20178,517,33040,599,53218,California
Humboldt,2021-04-12,440,82981,228,38968,85,39929,127,4084,279,20424,160,33200,406,53624,California
Humboldt,2021-04-13,593,83574,324,39292,264,40193,5,4089,556,20950,34,33234,560,54184,California
Humboldt,2021-04-14,1447,85021,1045,40337,402,40595,0,4089,1332,22168,114,33348,1332,55516,California
Humboldt,2021-04-15,1834,86855,1203,41540,627,41222,4,4093,1260,22875,555,33903,1262,56778,California
Humboldt,2021-04-16,1142,87997,522,42062,620,41842,0,4093,557,22850,582,34485,557,57335,California
Humboldt,2021-04-17,1861,89858,1538,43600,323,42165,0,4093,1055,23105,800,35285,1055,58390,California
Humboldt,2021-04-18,670,90528,354,43954,315,42480,1,4094,85,22611,579,35864,85,58475,California
Humboldt,2021-04-19,202,90730,85,44039,117,42597,0,4094,87,22585,113,35977,87,58562,California
Humboldt,2021-04-20,495,91225,129,44168,366,42963,0,4094,244,22579,250,36227,244,58806,California
Humboldt,2021-04-21,1098,92323,384,44552,714,43677,0,4094,437,22365,652,36879,438,59244,California
Humboldt,2021-04-22,884,93207,529,45081,354,44031,1,4095,449,22382,432,37311,449,59693,California
Humboldt,2021-04-23,2164,95371,308,45389,1856,45887,0,4095,313,20848,1847,39158,313,60006,California
Humboldt,2021-04-24,1097,96468,884,46273,208,46095,5,4100,366,20491,728,39886,371,60377,California
Humboldt,2021-04-25,376,96844,241,46514,135,46230,0,4100,194,20505,180,40066,194,60571,California
Humboldt,2021-04-26,360,97204,251,46765,105,46335,4,4104,103,20355,255,40321,105,60676,California
Humboldt,2021-04-27,764,97968,264,47029,471,46806,29,4133,155,19932,607,40928,184,60860,California
Humboldt,2021-04-28,1554,99522,802,47831,707,47513,45,4178,407,19240,1144,42072,452,61312,California
Humboldt,2021-04-29,1743,101265,595,48426,1110,48623,38,4216,293,18126,1445,43517,331,61643,California
Humboldt,2021-04-30,1255,102520,399,48825,822,49445,34,4250,195,17299,1054,44571,227,61870,California
Humboldt,2021-05-01,467,102987,385,49210,60,49505,22,4272,289,17433,177,44748,311,62181,California
Humboldt,2021-05-02,232,103219,185,49395,38,49543,9,4281,116,17444,115,44863,126,62307,California
Humboldt,2021-05-03,618,103837,375,49770,219,49762,24,4305,104,17060,512,45375,128,62435,California
Humboldt,2021-05-04,827,104664,483,50253,298,50060,46,4351,254,16789,570,45945,299,62734,California
Humboldt,2021-05-05,1688,106352,1075,51328,555,50615,58,4409,178,15520,1503,47448,234,62968,California
Humboldt,2021-05-06,1692,108044,1075,52403,365,50980,252,4661,138,14359,1551,48999,390,63358,California
Humboldt,2021-05-07,1423,109467,302,52705,1061,52041,60,4721,236,13469,1184,50183,294,63652,California
Humboldt,2021-05-08,743,110210,147,52852,573,52614,23,4744,90,12931,651,50834,113,63765,California
Humboldt,2021-05-09,907,111117,855,53707,42,52656,10,4754,47,12128,860,51694,57,63822,California
Humboldt,2021-05-10,216,111333,36,53743,142,52798,38,4792,82,12114,134,51828,120,63942,California
Humboldt,2021-05-11,500,111833,148,53891,279,53077,73,4865,187,12061,313,52141,260,64202,California
Humboldt,2021-05-12,621,112454,141,54032,434,53511,46,4911,230,11946,390,52531,275,64477,California
Humboldt,2021-05-13,594,113048,291,54323,276,53787,27,4938,274,11929,318,52849,301,64778,California
Humboldt,2021-05-14,711,113759,141,54464,466,54253,104,5042,232,11788,476,53325,335,65113,California
Humboldt,2021-05-15,782,114541,641,55105,133,54386,8,5050,209,11433,572,53897,217,65330,California
Humboldt,2021-05-16,122,114663,54,55159,64,54450,4,5054,68,11451,54,53951,72,65402,California
Humboldt,2021-05-17,408,115071,215,55374,170,54620,23,5077,229,11524,177,54128,250,65652,California
Humboldt,2021-05-18,666,115737,328,55702,309,54929,29,5106,367,11622,298,54426,396,66048,California
Humboldt,2021-05-19,993,116730,550,56252,400,55329,43,5149,358,11390,631,55057,399,66447,California
Humboldt,2021-05-20,818,117548,605,56857,200,55529,13,5162,594,11777,221,55278,608,67055,California
Humboldt,2021-05-21,877,118425,291,57148,525,56054,61,5223,372,11705,505,55783,433,67488,California
Humboldt,2021-05-22,412,118837,318,57466,86,56140,8,5231,146,11595,264,56047,154,67642,California
Humboldt,2021-05-23,389,119226,322,57788,64,56204,3,5234,73,11355,316,56363,76,67718,California
Humboldt,2021-05-24,332,119558,172,57960,131,56335,29,5263,186,11425,145,56508,215,67933,California
Humboldt,2021-05-25,532,120090,339,58299,169,56504,24,5287,291,11502,238,56746,315,68248,California
Humboldt,2021-05-26,646,120736,310,58609,312,56816,24,5311,312,11505,333,57079,336,68584,California
Humboldt,2021-05-27,465,121201,246,58855,182,56998,37,5348,280,11637,185,57264,317,68901,California
Humboldt,2021-05-28,410,121611,193,59048,170,57168,47,5395,179,11633,230,57494,226,69127,California
Humboldt,2021-05-29,172,121783,103,59151,66,57234,3,5398,98,11660,74,57568,101,69228,California
Humboldt,2021-05-30,104,121887,45,59196,54,57288,5,5403,49,11660,54,57622,54,69282,California
Humboldt,2021-05-31,72,121959,26,59222,40,57328,6,5409,48,11690,23,57645,53,69335,California
Humboldt,2021-06-01,459,122418,266,59488,178,57506,15,5424,200,11646,259,57904,215,69550,California
Humboldt,2021-06-02,533,122951,250,59738,229,57735,54,5478,243,11657,284,58188,295,69845,California
Humboldt,2021-06-03,391,123342,226,59964,143,57878,22,5500,89,11494,274,58462,111,69956,California
Humboldt,2021-06-04,506,123848,316,60280,166,58044,24,5524,133,11322,328,58790,156,70112,California
Humboldt,2021-06-05,407,124255,312,60592,50,58094,45,5569,205,11425,147,58937,250,70362,California
Humboldt,2021-06-06,169,124424,117,60709,43,58137,9,5578,69,11408,95,59032,78,70440,California
Humboldt,2021-06-07,354,124778,216,60925,114,58251,24,5602,113,11304,241,59273,137,70577,California
Humboldt,2021-06-08,522,125300,303,61228,190,58441,29,5631,156,11124,364,59637,184,70761,California
Humboldt,2021-06-09,398,125698,203,61431,148,58589,47,5678,124,11023,272,59909,171,70932,California
Humboldt,2021-06-10,563,126261,445,61876,91,58680,27,5705,101,10691,458,60367,126,71058,California
Humboldt,2021-06-11,438,126699,246,62122,164,58844,28,5733,101,10484,336,60703,129,71187,California
Humboldt,2021-06-12,176,126875,130,62252,46,58890,0,5733,48,10405,127,60830,48,71235,California
Humboldt,2021-06-13,210,127085,142,62394,43,58933,25,5758,88,10397,120,60950,112,71347,California
Humboldt,2021-06-14,418,127503,254,62648,137,59070,27,5785,118,10242,299,61249,144,71491,California
Humboldt,2021-06-15,545,128048,370,63018,147,59217,28,5813,154,10038,385,61634,181,71672,California
Humboldt,2021-06-16,483,128531,322,63340,114,59331,47,5860,140,9891,334,61968,187,71859,California
Humboldt,2021-06-17,395,128926,258,63598,91,59422,46,5906,98,9738,297,62265,144,72003,California
Humboldt,2021-06-18,391,129317,220,63818,142,59564,29,5935,122,9625,263,62528,150,72153,California
Humboldt,2021-06-19,201,129518,135,63953,45,59609,21,5956,87,9619,113,62641,107,72260,California
Humboldt,2021-06-20,79,129597,36,63989,29,59638,14,5970,34,9624,43,62684,48,72308,California
Humboldt,2021-06-21,152,129749,71,64060,54,59692,27,5997,55,9609,97,62781,82,72390,California
Humboldt,2021-06-22,341,130090,219,64279,103,59795,19,6016,140,9568,200,62981,159,72549,California
Humboldt,2021-06-23,209,130299,151,64430,33,59828,25,6041,36,9454,173,63154,59,72608,California
Imperial,2020-12-16,1,1,1,1,0,0,0,0,1,1,0,0,1,1,California
Imperial,2020-12-17,4,5,4,5,0,0,0,0,4,5,0,0,4,5,California
Imperial,2020-12-18,12,17,12,17,0,0,0,0,12,17,0,0,12,17,California
Imperial,2020-12-20,3,20,3,20,0,0,0,0,3,20,0,0,3,20,California
Imperial,2020-12-21,185,205,185,205,0,0,0,0,185,205,0,0,185,205,California
Imperial,2020-12-22,240,445,238,443,2,2,0,0,240,445,0,0,240,445,California
Imperial,2020-12-23,212,657,211,654,1,3,0,0,211,656,0,0,211,656,California
Imperial,2020-12-24,7,664,7,661,0,3,0,0,7,663,0,0,7,663,California
Imperial,2020-12-26,3,667,1,662,2,5,0,0,3,666,0,0,3,666,California
Imperial,2020-12-27,62,729,0,662,62,67,0,0,62,728,0,0,62,728,California
Imperial,2020-12-28,216,945,115,777,101,168,0,0,216,944,0,0,216,944,California
Imperial,2020-12-29,191,1136,37,814,154,322,0,0,191,1135,0,0,191,1135,California
Imperial,2020-12-30,367,1503,51,865,316,638,0,0,367,1502,0,0,367,1502,California
Imperial,2020-12-31,199,1702,28,893,171,809,0,0,199,1701,0,0,199,1701,California
Imperial,2021-01-01,47,1749,5,898,42,851,0,0,47,1748,0,0,47,1748,California
Imperial,2021-01-02,5,1754,0,898,5,856,0,0,5,1753,0,0,5,1753,California
Imperial,2021-01-03,90,1844,0,898,90,946,0,0,90,1843,0,0,90,1843,California
Imperial,2021-01-04,87,1931,7,905,80,1026,0,0,87,1930,0,0,87,1930,California
Imperial,2021-01-05,173,2104,14,919,159,1185,0,0,173,2103,0,0,173,2103,California
Imperial,2021-01-06,192,2296,26,945,166,1351,0,0,191,2293,1,1,191,2294,California
Imperial,2021-01-07,330,2626,12,957,318,1669,0,0,325,2613,5,6,325,2619,California
Imperial,2021-01-08,194,2820,51,1008,143,1812,0,0,185,2789,9,15,185,2804,California
Imperial,2021-01-09,24,2844,21,1029,3,1815,0,0,24,2813,0,15,24,2828,California
Imperial,2021-01-10,4,2848,1,1030,3,1818,0,0,3,2815,1,16,3,2831,California
Imperial,2021-01-11,403,3251,243,1273,160,1978,0,0,176,2764,227,243,176,3007,California
Imperial,2021-01-12,412,3663,304,1577,108,2086,0,0,150,2653,261,504,150,3157,California
Imperial,2021-01-13,386,4049,135,1712,251,2337,0,0,284,2835,102,606,284,3441,California
Imperial,2021-01-14,268,4317,151,1863,117,2454,0,0,262,3092,5,611,262,3703,California
Imperial,2021-01-15,247,4564,182,2045,65,2519,0,0,239,3323,8,619,239,3942,California
Imperial,2021-01-16,94,4658,74,2119,20,2539,0,0,93,3415,1,620,93,4035,California
Imperial,2021-01-17,18,4676,5,2124,13,2552,0,0,17,3431,1,621,17,4052,California
Imperial,2021-01-18,1070,5746,398,2522,672,3224,0,0,972,4306,98,719,973,5025,California
Imperial,2021-01-19,171,5917,128,2650,43,3267,0,0,124,4383,47,766,124,5149,California
Imperial,2021-01-20,300,6217,198,2848,102,3369,0,0,261,4605,39,805,261,5410,California
Imperial,2021-01-21,436,6653,185,3033,251,3620,0,0,414,4997,22,827,414,5824,California
Imperial,2021-01-22,476,7129,188,3221,288,3908,0,0,467,5455,9,836,467,6291,California
Imperial,2021-01-23,1065,8194,292,3513,773,4681,0,0,1063,6516,2,838,1063,7354,California
Imperial,2021-01-24,24,8218,2,3515,22,4703,0,0,24,6540,0,838,24,7378,California
Imperial,2021-01-25,224,8442,10,3525,214,4917,0,0,41,6400,181,1019,41,7419,California
Imperial,2021-01-26,377,8819,181,3706,196,5113,0,0,232,6489,144,1163,233,7652,California
Imperial,2021-01-27,588,9407,163,3869,425,5538,0,0,254,6409,334,1497,254,7906,California
Imperial,2021-01-28,654,10061,165,4034,489,6027,0,0,544,6843,110,1607,544,8450,California
Imperial,2021-01-29,446,10507,298,4332,148,6175,0,0,397,7191,49,1656,397,8847,California
Imperial,2021-01-30,83,10590,40,4372,43,6218,0,0,66,7240,17,1673,66,8913,California
Imperial,2021-01-31,27,10617,4,4376,23,6241,0,0,26,7265,1,1674,26,8939,California
Imperial,2021-02-01,463,11080,66,4442,397,6638,0,0,250,7304,211,1885,250,9189,California
Imperial,2021-02-02,745,11825,63,4505,682,7320,0,0,563,7685,182,2067,563,9752,California
Imperial,2021-02-03,493,12318,52,4557,441,7761,0,0,296,7785,196,2263,296,10048,California
Imperial,2021-02-04,1777,14095,1220,5777,557,8318,0,0,1460,8929,316,2579,1460,11508,California
Imperial,2021-02-05,455,14550,254,6031,201,8519,0,0,218,8911,238,2817,220,11728,California
Imperial,2021-02-06,889,15439,848,6879,41,8560,0,0,854,9728,37,2854,854,12582,California
Imperial,2021-02-07,49,15488,17,6896,32,8592,0,0,45,9769,4,2858,45,12627,California
Imperial,2021-02-08,275,15763,46,6942,229,8821,0,0,207,9908,68,2926,207,12834,California
Imperial,2021-02-09,490,16253,153,7095,337,9158,0,0,323,10067,167,3093,326,13160,California
Imperial,2021-02-10,479,16732,59,7154,420,9578,0,0,111,9813,368,3461,114,13274,California
Imperial,2021-02-11,1081,17813,385,7539,696,10274,0,0,180,9100,896,4357,183,13457,California
Imperial,2021-02-12,2174,19987,1432,8971,742,11016,0,0,1819,10567,358,4715,1825,15282,California
Imperial,2021-02-13,81,20068,28,8999,53,11069,0,0,63,10611,21,4736,65,15347,California
Imperial,2021-02-14,49,20117,34,9033,15,11084,0,0,46,10654,3,4739,46,15393,California
Imperial,2021-02-15,145,20262,37,9070,108,11192,0,0,127,10766,18,4757,130,15523,California
Imperial,2021-02-16,520,20782,264,9334,256,11448,0,0,302,10854,218,4975,306,15829,California
Imperial,2021-02-17,459,21241,302,9636,157,11605,0,0,104,10608,355,5330,109,15938,California
Imperial,2021-02-18,673,21914,326,9962,347,11952,0,0,156,10258,516,5846,166,16104,California
Imperial,2021-02-19,792,22706,401,10363,391,12343,0,0,208,9885,583,6429,210,16314,California
Imperial,2021-02-20,1059,23765,208,10571,851,13194,0,0,336,9510,721,7150,346,16660,California
Imperial,2021-02-21,601,24366,569,11140,32,13226,0,0,592,10097,8,7158,595,17255,California
Imperial,2021-02-22,826,25192,583,11723,243,13469,0,0,767,10810,59,7217,772,18027,California
Imperial,2021-02-23,1027,26219,434,12157,593,14062,0,0,945,11687,81,7298,958,18985,California
Imperial,2021-02-24,752,26971,316,12473,436,14498,0,0,636,12222,115,7413,650,19635,California
Imperial,2021-02-25,902,27873,369,12842,533,15031,0,0,504,12352,397,7810,527,20162,California
Imperial,2021-02-26,2343,30216,1381,14223,962,15993,0,0,1831,13694,511,8321,1853,22015,California
Imperial,2021-02-27,993,31209,905,15128,88,16081,0,0,236,13192,758,9079,256,22271,California
Imperial,2021-02-28,94,31303,75,15203,19,16100,0,0,74,13257,20,9099,85,22356,California
Imperial,2021-03-01,555,31858,329,15532,223,16323,3,3,472,13663,80,9179,486,22842,California
Imperial,2021-03-02,749,32607,272,15804,476,16799,1,4,410,13750,337,9516,424,23266,California
Imperial,2021-03-03,973,33580,67,15871,905,17704,1,5,578,13966,391,9907,607,23873,California
Imperial,2021-03-04,810,34390,122,15993,687,18391,1,6,519,14246,289,10196,569,24442,California
Imperial,2021-03-05,3140,37530,2240,18233,900,19291,0,6,1755,14645,1388,11584,1787,26229,California
Imperial,2021-03-06,743,38273,254,18487,489,19780,0,6,676,15282,64,11648,701,26930,California
Imperial,2021-03-07,125,38398,70,18557,55,19835,0,6,73,15329,51,11699,98,27028,California
Imperial,2021-03-08,470,38868,359,18916,76,19911,35,41,378,15684,92,11791,447,27475,California
Imperial,2021-03-09,713,39581,322,19238,143,20054,248,289,415,16051,298,12089,665,28140,California
Imperial,2021-03-10,722,40303,332,19570,284,20338,106,395,336,16121,385,12474,455,28595,California
Imperial,2021-03-11,1833,42136,494,20064,1148,21486,191,586,1207,16919,622,13096,1420,30015,California
Imperial,2021-03-12,4886,47022,3466,23530,1211,22697,209,795,3128,18526,1752,14848,3359,33374,California
Imperial,2021-03-13,1218,48240,100,23630,884,23581,234,1029,881,19332,334,15182,1140,34514,California
Imperial,2021-03-14,203,48443,48,23678,141,23722,14,1043,145,19449,58,15240,175,34689,California
Imperial,2021-03-15,715,49158,239,23917,218,23940,258,1301,391,19795,322,15562,668,35357,California
Imperial,2021-03-16,1155,50313,307,24224,379,24319,469,1770,558,20257,595,16157,1057,36414,California
Imperial,2021-03-17,1637,51950,705,24929,792,25111,140,1910,1030,20836,600,16757,1179,37593,California
Imperial,2021-03-18,1839,53789,1215,26144,564,25675,60,1970,1277,21621,558,17315,1343,38936,California
Imperial,2021-03-19,3828,57617,2794,28938,1031,26706,3,1973,1933,21673,1887,19202,1939,40875,California
Imperial,2021-03-20,1791,59408,559,29497,1225,27931,7,1980,1333,22567,452,19654,1346,42221,California
Imperial,2021-03-21,272,59680,84,29581,183,28114,5,1985,165,22638,107,19761,178,42399,California
Imperial,2021-03-22,1071,60751,360,29941,704,28818,7,1992,625,22831,445,20206,638,43037,California
Imperial,2021-03-23,1501,62252,512,30453,983,29801,6,1998,929,23203,568,20774,940,43977,California
Imperial,2021-03-24,2156,64408,582,31035,1148,30949,426,2424,1160,23799,993,21767,1589,45566,California
Imperial,2021-03-25,3223,67631,715,31750,888,31837,1620,4044,1200,24594,2017,23784,2812,48378,California
Imperial,2021-03-26,3206,70837,1190,32940,1038,32875,978,5022,911,24205,2283,26067,1894,50272,California
Imperial,2021-03-27,633,71470,286,33226,291,33166,56,5078,446,24525,184,26251,504,50776,California
Imperial,2021-03-28,220,71690,57,33283,161,33327,2,5080,177,24664,41,26292,180,50956,California
Imperial,2021-03-29,1493,73183,364,33647,404,33731,725,5805,328,24557,1162,27454,1055,52011,California
Imperial,2021-03-30,2107,75290,694,34341,597,34328,816,6621,687,24639,1418,28872,1500,53511,California
Imperial,2021-03-31,1546,76836,728,35069,812,35140,6,6627,1022,25145,521,29393,1027,54538,California
Imperial,2021-04-01,2072,78908,431,35500,1396,36536,245,6872,879,25082,1187,30580,1124,55662,California
Imperial,2021-04-02,1972,80880,484,35984,1411,37947,77,6949,1338,25870,628,31208,1416,57078,California
Imperial,2021-04-03,1530,82410,433,36417,1017,38964,80,7029,705,25835,822,32030,787,57865,California
Imperial,2021-04-04,88,82498,44,36461,27,38991,17,7046,24,25813,64,32094,42,57907,California
Imperial,2021-04-05,3410,85908,2320,38781,925,39916,165,7211,808,24201,2592,34686,980,58887,California
Imperial,2021-04-06,1327,87235,537,39318,600,40516,190,7401,688,24448,634,35320,881,59768,California
Imperial,2021-04-07,2171,89406,560,39878,1235,41751,376,7777,1561,25769,614,35934,1935,61703,California
Imperial,2021-04-08,2225,91631,1087,40965,840,42591,298,8075,1074,25992,1147,37081,1370,63073,California
Imperial,2021-04-09,3227,94858,1670,42635,937,43528,620,8695,1518,26426,1701,38782,2135,65208,California
Imperial,2021-04-10,1313,96171,190,42825,849,44377,274,8969,229,25847,1081,39863,502,65710,California
Imperial,2021-04-11,225,96396,36,42861,157,44534,32,9001,78,25813,147,40010,113,65823,California
Imperial,2021-04-12,1455,97851,778,43639,456,44990,221,9222,825,26236,624,40634,1047,66870,California
Imperial,2021-04-13,2944,100795,1903,45542,1039,46029,2,9224,2048,27397,892,41526,2053,68923,California
Imperial,2021-04-14,2047,102842,954,46496,1093,47122,0,9224,1401,28163,640,42166,1406,70329,California
Imperial,2021-04-15,2009,104851,924,47420,1085,48207,0,9224,1371,28907,633,42799,1377,71706,California
Imperial,2021-04-16,3455,108306,1799,49219,1656,49863,0,9224,2160,29789,1281,44080,2163,73869,California
Imperial,2021-04-17,1828,110134,938,50157,888,50751,2,9226,1419,30807,404,44484,1422,75291,California
Imperial,2021-04-18,266,110400,78,50235,188,50939,0,9226,93,30732,171,44655,96,75387,California
Imperial,2021-04-19,850,111250,270,50505,580,51519,0,9226,473,30835,374,45029,477,75864,California
Imperial,2021-04-20,1337,112587,542,51047,795,52314,0,9226,751,31004,585,45614,754,76618,California
Imperial,2021-04-21,1392,113979,339,51386,1052,53366,1,9227,811,31241,574,46188,811,77429,California
Imperial,2021-04-22,2340,116319,815,52201,1525,54891,0,9227,1625,32169,699,46887,1627,79056,California
Imperial,2021-04-23,2815,119134,534,52735,2281,57172,0,9227,1088,31565,1696,48583,1092,80148,California
Imperial,2021-04-24,549,119683,324,53059,225,57397,0,9227,198,31415,348,48931,198,80346,California
Imperial,2021-04-25,272,119955,102,53161,170,57567,0,9227,140,31425,130,49061,140,80486,California
Imperial,2021-04-26,1234,121189,484,53645,746,58313,4,9231,710,31621,518,49579,714,81200,California
Imperial,2021-04-27,1124,122313,371,54016,744,59057,9,9240,557,31627,561,50140,567,81767,California
Imperial,2021-04-28,1497,123810,650,54666,818,59875,29,9269,680,31524,812,50952,709,82476,California
Imperial,2021-04-29,1840,125650,863,55529,931,60806,46,9315,818,31378,1011,51963,865,83341,California
Imperial,2021-04-30,3279,128929,1686,57215,1559,62365,34,9349,1580,31306,1686,53649,1614,84955,California
Imperial,2021-05-01,327,129256,126,57341,198,62563,3,9352,163,31311,163,53812,168,85123,California
Imperial,2021-05-02,88,129344,29,57370,57,62620,2,9354,51,31328,37,53849,54,85177,California
Imperial,2021-05-03,1640,130984,545,57915,1046,63666,49,9403,370,30489,1257,55106,418,85595,California
Imperial,2021-05-04,1758,132742,961,58876,770,64436,27,9430,540,29846,1210,56316,567,86162,California
Imperial,2021-05-05,1509,134251,900,59776,589,65025,20,9450,443,29256,1054,57370,464,86626,California
Imperial,2021-05-06,1716,135967,1138,60914,536,65561,42,9492,541,28672,1169,58539,585,87211,California
Imperial,2021-05-07,2584,138551,1445,62359,1094,66655,45,9537,858,27872,1706,60245,906,88117,California
Imperial,2021-05-08,789,139340,644,63003,136,66791,9,9546,188,27477,594,60839,199,88316,California
Imperial,2021-05-09,101,139441,69,63072,31,66822,1,9547,31,27442,67,60906,32,88348,California
Imperial,2021-05-10,1168,140609,301,63373,743,67565,124,9671,348,27100,812,61718,470,88818,California
Imperial,2021-05-11,1478,142087,476,63849,983,68548,19,9690,498,26650,972,62690,522,89340,California
Imperial,2021-05-12,860,142947,274,64123,547,69095,39,9729,307,26447,548,63238,345,89685,California
Imperial,2021-05-13,1863,144810,1248,65371,543,69638,72,9801,819,26303,1034,64272,890,90575,California
Imperial,2021-05-14,1762,146572,971,66342,732,70370,59,9860,1162,26936,588,64860,1221,91796,California
Imperial,2021-05-15,1234,147806,479,66821,733,71103,22,9882,472,26675,756,65616,495,92291,California
Imperial,2021-05-16,127,147933,86,66907,37,71140,4,9886,53,26659,73,65689,57,92348,California
Imperial,2021-05-17,1979,149912,723,67630,1205,72345,51,9937,690,26118,1282,66971,741,93089,California
Imperial,2021-05-18,1689,151601,893,68523,722,73067,74,10011,922,26354,761,67732,997,94086,California
Imperial,2021-05-19,1300,152901,618,69141,613,73680,69,10080,613,26356,679,68411,681,94767,California
Imperial,2021-05-20,1624,154525,1012,70153,546,74226,66,10146,734,26279,877,69288,800,95567,California
Imperial,2021-05-21,1918,156443,1232,71385,623,74849,63,10209,966,26368,940,70228,1029,96596,California
Imperial,2021-05-22,294,156737,190,71575,86,74935,18,10227,150,26398,138,70366,168,96764,California
Imperial,2021-05-23,92,156829,34,71609,49,74984,9,10236,32,26381,58,70424,41,96805,California
Imperial,2021-05-24,1276,158105,624,72233,594,75578,58,10294,531,26231,738,71162,588,97393,California
Imperial,2021-05-25,1445,159550,475,72708,936,76514,34,10328,527,25885,908,72070,562,97955,California
Imperial,2021-05-26,1054,160604,551,73259,453,76967,50,10378,467,25817,584,72654,516,98471,California
Imperial,2021-05-27,1322,161926,731,73990,521,77488,70,10448,651,25872,666,73320,721,99192,California
Imperial,2021-05-28,1025,162951,591,74581,362,77850,72,10520,381,25692,634,73954,454,99646,California
Imperial,2021-05-29,223,163174,123,74704,94,77944,6,10526,112,25699,111,74065,118,99764,California
Imperial,2021-05-30,96,163270,29,74733,65,78009,2,10528,65,25735,31,74096,67,99831,California
Imperial,2021-05-31,79,163349,20,74753,53,78062,6,10534,36,25734,43,74139,42,99873,California
Imperial,2021-06-01,1181,164530,548,75301,568,78630,65,10599,470,25566,704,74843,536,100409,California
Imperial,2021-06-02,1085,165615,597,75898,397,79027,91,10690,554,25684,525,75368,643,101052,California
Imperial,2021-06-03,1244,166859,733,76631,416,79443,95,10785,588,25718,649,76017,683,101735,California
Imperial,2021-06-04,2203,169062,1586,78217,515,79958,102,10887,968,25562,1225,77242,1069,102804,California
Imperial,2021-06-05,364,169426,232,78449,117,80075,15,10902,176,25569,184,77426,191,102995,California
Imperial,2021-06-06,79,169505,46,78495,21,80096,12,10914,44,25590,35,77461,56,103051,California
Imperial,2021-06-07,1002,170507,653,79148,284,80380,65,10979,491,25638,508,77969,556,103607,California
Imperial,2021-06-08,1333,171840,1011,80159,266,80646,56,11035,540,25445,789,78758,596,104203,California
Imperial,2021-06-09,1054,172894,766,80925,231,80877,57,11092,488,25431,559,79317,545,104748,California
Imperial,2021-06-10,1123,174017,769,81694,310,81187,44,11136,439,25233,680,79997,482,105230,California
Imperial,2021-06-11,1617,175634,1179,82873,395,81582,43,11179,709,25089,896,80893,752,105982,California
Imperial,2021-06-12,238,175872,123,82996,104,81686,11,11190,99,25061,138,81031,110,106092,California
Imperial,2021-06-13,82,175954,21,83017,59,81745,2,11192,53,25088,29,81060,56,106148,California
Imperial,2021-06-14,864,176818,610,83627,212,81957,42,11234,372,25014,488,81548,414,106562,California
Imperial,2021-06-15,997,177815,733,84360,235,82192,29,11263,450,24953,541,82089,480,107042,California
Imperial,2021-06-16,908,178723,615,84975,248,82440,45,11308,449,24993,455,82544,495,107537,California
Imperial,2021-06-17,1016,179739,750,85725,225,82665,41,11349,453,24927,558,83102,492,108029,California
Imperial,2021-06-18,1054,180793,754,86479,246,82911,54,11403,657,25250,387,83489,710,108739,California
Imperial,2021-06-19,270,181063,187,86666,78,82989,5,11408,144,25274,125,83614,149,108888,California
Imperial,2021-06-20,63,181126,30,86696,29,83018,4,11412,24,25263,39,83653,28,108916,California
Imperial,2021-06-21,649,181775,386,87082,226,83244,37,11449,394,25447,249,83902,433,109349,California
Imperial,2021-06-22,1059,182834,748,87830,269,83513,42,11491,588,25615,463,84365,631,109980,California
Imperial,2021-06-23,842,183676,633,88463,161,83674,48,11539,444,25717,389,84754,491,110471,California
Inyo,2020-12-19,85,85,85,85,0,0,0,0,85,85,0,0,85,85,California
Inyo,2020-12-20,58,143,58,143,0,0,0,0,58,143,0,0,58,143,California
Inyo,2020-12-21,88,231,85,228,3,3,0,0,88,231,0,0,88,231,California
Inyo,2020-12-22,105,336,105,333,0,3,0,0,105,336,0,0,105,336,California
Inyo,2020-12-23,70,406,67,400,3,6,0,0,70,406,0,0,70,406,California
Inyo,2020-12-24,15,421,15,415,0,6,0,0,15,421,0,0,15,421,California
Inyo,2020-12-25,1,422,0,415,1,7,0,0,1,422,0,0,1,422,California
Inyo,2020-12-26,74,496,74,489,0,7,0,0,74,496,0,0,74,496,California
Inyo,2020-12-28,49,545,37,526,12,19,0,0,49,545,0,0,49,545,California
Inyo,2020-12-29,19,564,19,545,0,19,0,0,19,564,0,0,19,564,California
Inyo,2020-12-30,56,620,54,599,2,21,0,0,56,620,0,0,56,620,California
Inyo,2020-12-31,29,649,0,599,29,50,0,0,29,649,0,0,29,649,California
Inyo,2021-01-01,1,650,0,599,1,51,0,0,1,650,0,0,1,650,California
Inyo,2021-01-03,1,651,0,599,1,52,0,0,1,651,0,0,1,651,California
Inyo,2021-01-04,2,653,1,600,1,53,0,0,2,653,0,0,2,653,California
Inyo,2021-01-05,34,687,0,600,34,87,0,0,34,687,0,0,34,687,California
Inyo,2021-01-06,68,755,0,600,68,155,0,0,68,755,0,0,68,755,California
Inyo,2021-01-07,31,786,1,601,30,185,0,0,31,786,0,0,31,786,California
Inyo,2021-01-08,9,795,8,609,1,186,0,0,4,786,5,5,5,791,California
Inyo,2021-01-09,87,882,86,695,1,187,0,0,1,701,86,91,1,792,California
Inyo,2021-01-10,52,934,52,747,0,187,0,0,0,649,52,143,0,792,California
Inyo,2021-01-11,97,1031,82,829,15,202,0,0,16,584,81,224,16,808,California
Inyo,2021-01-12,138,1169,117,946,21,223,0,0,28,502,110,334,28,836,California
Inyo,2021-01-13,86,1255,68,1014,18,241,0,0,21,459,65,399,22,858,California
Inyo,2021-01-14,59,1314,13,1027,46,287,0,0,49,498,10,409,49,907,California
Inyo,2021-01-15,163,1477,28,1055,135,422,0,0,163,661,0,409,163,1070,California
Inyo,2021-01-16,74,1551,73,1128,1,423,0,0,1,589,73,482,1,1071,California
Inyo,2021-01-18,59,1610,37,1165,22,445,0,0,19,568,40,522,19,1090,California
Inyo,2021-01-19,115,1725,73,1238,42,487,0,0,98,649,17,539,98,1188,California
Inyo,2021-01-20,149,1874,72,1310,77,564,0,0,94,688,55,594,94,1282,California
Inyo,2021-01-21,120,1994,57,1367,63,627,0,0,119,806,1,595,119,1401,California
Inyo,2021-01-22,62,2056,0,1367,62,689,0,0,61,866,1,596,61,1462,California
Inyo,2021-01-23,52,2108,51,1418,1,690,0,0,52,918,0,596,52,1514,California
Inyo,2021-01-25,49,2157,6,1424,43,733,0,0,37,943,12,608,37,1551,California
Inyo,2021-01-26,135,2292,54,1478,81,814,0,0,129,1066,6,614,129,1680,California
Inyo,2021-01-27,24,2316,2,1480,22,836,0,0,23,1088,1,615,23,1703,California
Inyo,2021-01-28,92,2408,2,1482,90,926,0,0,63,1122,29,644,63,1766,California
Inyo,2021-01-29,25,2433,3,1485,22,948,0,0,23,1143,2,646,23,1789,California
Inyo,2021-01-30,11,2444,1,1486,10,958,0,0,11,1154,0,646,11,1800,California
Inyo,2021-01-31,32,2476,4,1490,28,986,0,0,4,1130,28,674,4,1804,California
Inyo,2021-02-01,11,2487,9,1499,2,988,0,0,1,1121,10,684,1,1805,California
Inyo,2021-02-02,130,2617,14,1513,116,1104,0,0,104,1199,26,710,104,1909,California
Inyo,2021-02-03,116,2733,0,1513,116,1220,0,0,74,1231,42,752,74,1983,California
Inyo,2021-02-04,151,2884,33,1546,118,1338,0,0,91,1263,60,812,92,2075,California
Inyo,2021-02-05,118,3002,62,1608,56,1394,0,0,116,1377,2,814,116,2191,California
Inyo,2021-02-06,4,3006,2,1610,2,1396,0,0,3,1379,1,815,3,2194,California
Inyo,2021-02-07,4,3010,2,1612,2,1398,0,0,4,1383,0,815,4,2198,California
Inyo,2021-02-08,117,3127,7,1619,110,1508,0,0,97,1460,20,835,97,2295,California
Inyo,2021-02-09,200,3327,52,1671,148,1656,0,0,128,1516,72,907,128,2423,California
Inyo,2021-02-10,141,3468,17,1688,124,1780,0,0,107,1589,34,941,107,2530,California
Inyo,2021-02-11,221,3689,57,1745,164,1944,0,0,126,1620,95,1036,126,2656,California
Inyo,2021-02-12,302,3991,52,1797,250,2194,0,0,168,1654,134,1170,168,2824,California
Inyo,2021-02-13,59,4050,54,1851,5,2199,0,0,8,1611,51,1221,8,2832,California
Inyo,2021-02-14,2,4052,0,1851,2,2201,0,0,2,1613,0,1221,2,2834,California
Inyo,2021-02-15,29,4081,9,1860,20,2221,0,0,5,1594,24,1245,5,2839,California
Inyo,2021-02-16,179,4260,50,1910,129,2350,0,0,92,1600,86,1331,92,2931,California
Inyo,2021-02-17,38,4298,4,1914,34,2384,0,0,8,1578,30,1361,8,2939,California
Inyo,2021-02-18,122,4420,6,1920,116,2500,0,0,79,1614,43,1404,79,3018,California
Inyo,2021-02-19,52,4472,4,1924,48,2548,0,0,9,1580,43,1447,9,3027,California
Inyo,2021-02-20,508,4980,503,2427,5,2553,0,0,505,2082,3,1450,505,3532,California
Inyo,2021-02-21,442,5422,442,2869,0,2553,0,0,442,2524,0,1450,442,3974,California
Inyo,2021-02-22,61,5483,19,2888,42,2595,0,0,27,2517,34,1484,27,4001,California
Inyo,2021-02-23,198,5681,19,2907,179,2774,0,0,94,2508,103,1587,94,4095,California
Inyo,2021-02-24,118,5799,0,2907,118,2892,0,0,57,2504,61,1648,57,4152,California
Inyo,2021-02-25,132,5931,5,2912,127,3019,0,0,62,2496,70,1718,62,4214,California
Inyo,2021-02-26,105,6036,61,2973,44,3063,0,0,20,2431,85,1803,20,4234,California
Inyo,2021-02-27,14,6050,3,2976,11,3074,0,0,2,2421,12,1815,2,4236,California
Inyo,2021-02-28,3,6053,1,2977,2,3076,0,0,2,2422,1,1816,2,4238,California
Inyo,2021-03-01,19,6072,2,2979,17,3093,0,0,17,2437,2,1818,17,4255,California
Inyo,2021-03-02,196,6268,1,2980,195,3288,0,0,111,2463,85,1903,111,4366,California
Inyo,2021-03-03,86,6354,3,2983,83,3371,0,0,42,2461,44,1947,42,4408,California
Inyo,2021-03-04,127,6481,3,2986,124,3495,0,0,45,2425,81,2028,45,4453,California
Inyo,2021-03-05,144,6625,57,3043,87,3582,0,0,40,2361,104,2132,40,4493,California
Inyo,2021-03-06,30,6655,1,3044,29,3611,0,0,29,2389,1,2133,29,4522,California
Inyo,2021-03-07,7,6662,4,3048,3,3614,0,0,5,2392,2,2135,5,4527,California
Inyo,2021-03-08,184,6846,5,3053,179,3793,0,0,91,2390,93,2228,91,4618,California
Inyo,2021-03-09,191,7037,3,3056,188,3981,0,0,74,2347,117,2345,74,4692,California
Inyo,2021-03-10,71,7108,8,3064,62,4043,1,1,30,2337,41,2386,31,4723,California
Inyo,2021-03-11,205,7313,1,3065,199,4242,5,6,74,2285,131,2517,79,4802,California
Inyo,2021-03-12,176,7489,4,3069,166,4408,6,12,77,2269,99,2616,83,4885,California
Inyo,2021-03-13,585,8074,550,3619,25,4433,10,22,72,1839,512,3128,82,4967,California
Inyo,2021-03-14,441,8515,440,4059,1,4434,0,22,5,1409,435,3563,5,4972,California
Inyo,2021-03-15,51,8566,15,4074,34,4468,2,24,30,1420,21,3584,32,5004,California
Inyo,2021-03-16,164,8730,4,4078,154,4622,6,30,64,1391,99,3683,70,5074,California
Inyo,2021-03-17,108,8838,3,4081,98,4720,7,37,92,1474,16,3699,99,5173,California
Inyo,2021-03-18,185,9023,16,4097,162,4882,7,44,104,1504,81,3780,111,5284,California
Inyo,2021-03-19,46,9069,4,4101,38,4920,4,48,36,1534,10,3790,40,5324,California
Inyo,2021-03-20,20,9089,1,4102,10,4930,9,57,1,1525,19,3809,10,5334,California
Inyo,2021-03-22,59,9148,3,4105,51,4981,5,62,39,1549,20,3829,44,5378,California
Inyo,2021-03-23,195,9343,4,4109,187,5168,4,66,105,1568,90,3919,109,5487,California
Inyo,2021-03-24,140,9483,3,4112,133,5301,4,70,86,1604,54,3973,90,5577,California
Inyo,2021-03-25,331,9814,110,4222,218,5519,3,73,265,1806,66,4039,268,5845,California
Inyo,2021-03-26,92,9906,3,4225,85,5604,4,77,71,1860,21,4060,75,5920,California
Inyo,2021-03-27,54,9960,46,4271,5,5609,3,80,48,1905,6,4066,51,5971,California
Inyo,2021-03-28,4,9964,1,4272,2,5611,1,81,1,1904,3,4069,2,5973,California
Inyo,2021-03-29,109,10073,2,4274,102,5713,5,86,82,1965,26,4095,87,6060,California
Inyo,2021-03-30,221,10294,2,4276,214,5927,5,91,109,1967,112,4207,114,6174,California
Inyo,2021-03-31,150,10444,4,4280,141,6068,5,96,108,2038,42,4249,113,6287,California
Inyo,2021-04-01,165,10609,3,4283,161,6229,1,97,117,2108,48,4297,118,6405,California
Inyo,2021-04-02,80,10689,1,4284,77,6306,2,99,50,2130,30,4327,52,6457,California
Inyo,2021-04-03,92,10781,46,4330,32,6338,14,113,4,2061,86,4413,17,6474,California
Inyo,2021-04-04,5,10786,4,4334,0,6338,1,114,1,2059,4,4417,2,6476,California
Inyo,2021-04-05,117,10903,1,4335,112,6450,4,118,29,2004,88,4505,33,6509,California
Inyo,2021-04-06,238,11141,6,4341,169,6619,63,181,106,2041,132,4637,169,6678,California
Inyo,2021-04-07,205,11346,2,4343,76,6695,127,308,48,2058,158,4795,175,6853,California
Inyo,2021-04-08,181,11527,15,4358,149,6844,17,325,81,2056,100,4895,98,6951,California
Inyo,2021-04-09,125,11652,7,4365,95,6939,23,348,37,2029,87,4982,60,7011,California
Inyo,2021-04-10,42,11694,1,4366,24,6963,17,365,3,2010,39,5021,20,7031,California
Inyo,2021-04-11,1,11695,0,4366,1,6964,0,365,1,2011,0,5021,1,7032,California
Inyo,2021-04-12,79,11774,0,4366,74,7038,5,370,41,2019,38,5059,46,7078,California
Inyo,2021-04-13,124,11898,5,4371,116,7154,3,373,64,2027,59,5118,67,7145,California
Inyo,2021-04-14,130,12028,2,4373,128,7282,0,373,45,1987,85,5203,45,7190,California
Inyo,2021-04-15,275,12303,117,4490,158,7440,0,373,79,1870,196,5399,79,7269,California
Inyo,2021-04-16,47,12350,5,4495,42,7482,0,373,19,1861,28,5427,19,7288,California
Inyo,2021-04-17,2,12352,1,4496,1,7483,0,373,1,1861,1,5428,1,7289,California
Inyo,2021-04-19,132,12484,45,4541,87,7570,0,373,45,1819,87,5515,45,7334,California
Inyo,2021-04-20,163,12647,2,4543,161,7731,0,373,79,1814,84,5599,79,7413,California
Inyo,2021-04-21,114,12761,5,4548,109,7840,0,373,33,1766,81,5680,33,7446,California
Inyo,2021-04-22,196,12957,1,4549,195,8035,0,373,51,1672,145,5825,51,7497,California
Inyo,2021-04-23,95,13052,4,4553,91,8126,0,373,22,1621,73,5898,22,7519,California
Inyo,2021-04-24,309,13361,308,4861,1,8127,0,373,305,1922,4,5902,305,7824,California
Inyo,2021-04-25,135,13496,134,4995,1,8128,0,373,135,2057,0,5902,135,7959,California
Inyo,2021-04-26,93,13589,2,4997,90,8218,1,374,11,1988,81,5983,12,7971,California
Inyo,2021-04-27,184,13773,7,5004,172,8390,5,379,47,1903,137,6120,52,8023,California
Inyo,2021-04-28,121,13894,2,5006,117,8507,2,381,20,1824,101,6221,22,8045,California
Inyo,2021-04-29,172,14066,56,5062,116,8623,0,381,77,1807,94,6315,77,8122,California
Inyo,2021-04-30,83,14149,5,5067,77,8700,1,382,23,1771,60,6375,24,8146,California
Inyo,2021-05-01,12,14161,3,5070,9,8709,0,382,10,1779,2,6377,10,8156,California
Inyo,2021-05-02,7,14168,3,5073,2,8711,2,384,4,1782,3,6380,6,8162,California
Inyo,2021-05-03,39,14207,1,5074,34,8745,4,388,6,1759,33,6413,10,8172,California
Inyo,2021-05-04,123,14330,2,5076,117,8862,4,392,19,1678,104,6517,23,8195,California
Inyo,2021-05-05,36,14366,0,5076,34,8896,2,394,11,1666,25,6542,13,8208,California
Inyo,2021-05-06,93,14459,4,5080,81,8977,8,402,13,1607,80,6622,21,8229,California
Inyo,2021-05-07,49,14508,4,5084,37,9014,8,410,24,1615,24,6646,32,8261,California
Inyo,2021-05-08,11,14519,2,5086,4,9018,5,415,4,1617,7,6653,9,8270,California
Inyo,2021-05-09,1,14520,0,5086,1,9019,0,415,0,1616,1,6654,0,8270,California
Inyo,2021-05-10,70,14590,1,5087,67,9086,2,417,32,1612,39,6693,35,8305,California
Inyo,2021-05-11,88,14678,1,5088,84,9170,3,420,20,1567,68,6761,23,8328,California
Inyo,2021-05-12,43,14721,1,5089,40,9210,2,422,11,1548,32,6793,13,8341,California
Inyo,2021-05-13,76,14797,1,5090,74,9284,1,423,13,1499,63,6856,14,8355,California
Inyo,2021-05-14,28,14825,5,5095,18,9302,5,428,14,1504,14,6870,19,8374,California
Inyo,2021-05-15,379,15204,366,5461,11,9313,2,430,85,1297,294,7164,87,8461,California
Inyo,2021-05-16,199,15403,199,5660,0,9313,0,430,72,1242,127,7291,72,8533,California
Inyo,2021-05-17,63,15466,3,5663,56,9369,4,434,18,1220,44,7335,22,8555,California
Inyo,2021-05-18,83,15549,2,5665,80,9449,1,435,17,1172,66,7401,18,8573,California
Inyo,2021-05-19,48,15597,2,5667,41,9490,5,440,14,1157,34,7435,19,8592,California
Inyo,2021-05-20,146,15743,83,5750,62,9552,1,441,37,1085,110,7545,38,8630,California
Inyo,2021-05-21,49,15792,18,5768,26,9578,5,446,19,1079,30,7575,24,8654,California
Inyo,2021-05-22,25,15817,15,5783,7,9585,3,449,18,1093,7,7582,21,8675,California
Inyo,2021-05-23,2,15819,1,5784,0,9585,1,450,0,1092,2,7584,1,8676,California
Inyo,2021-05-24,33,15852,6,5790,24,9609,3,453,13,1088,20,7604,16,8692,California
Inyo,2021-05-25,83,15935,39,5829,42,9651,2,455,48,1103,35,7639,50,8742,California
Inyo,2021-05-26,43,15978,16,5845,25,9676,2,457,20,1103,22,7661,22,8764,California
Inyo,2021-05-27,39,16017,10,5855,21,9697,8,465,12,1097,26,7687,20,8784,California
Inyo,2021-05-28,26,16043,6,5861,15,9712,5,470,8,1092,18,7705,13,8797,California
Inyo,2021-05-29,16,16059,5,5866,11,9723,0,470,7,1090,9,7714,7,8804,California
Inyo,2021-05-30,2,16061,0,5866,2,9725,0,470,0,1088,2,7716,0,8804,California
Inyo,2021-06-01,55,16116,16,5882,33,9758,6,476,23,1085,32,7748,29,8833,California
Inyo,2021-06-02,11,16127,9,5891,1,9759,1,477,10,1095,1,7749,11,8844,California
Inyo,2021-06-03,25,16152,0,5891,18,9777,7,484,1,1079,24,7773,8,8852,California
Inyo,2021-06-04,32,16184,6,5897,22,9799,4,488,12,1075,20,7793,16,8868,California
Inyo,2021-06-05,17,16201,8,5905,8,9807,1,489,4,1067,13,7806,5,8873,California
Inyo,2021-06-06,1,16202,1,5906,0,9807,0,489,1,1068,0,7806,1,8874,California
Inyo,2021-06-07,51,16253,15,5921,33,9840,3,492,5,1030,46,7852,8,8882,California
Inyo,2021-06-08,53,16306,25,5946,25,9865,3,495,26,1032,27,7879,29,8911,California
Inyo,2021-06-09,111,16417,95,6041,14,9879,2,497,14,951,97,7976,16,8927,California
Inyo,2021-06-10,53,16470,39,6080,9,9888,5,502,15,933,38,8014,20,8947,California
Inyo,2021-06-11,44,16514,23,6103,19,9907,2,504,17,925,27,8041,19,8966,California
Inyo,2021-06-12,14,16528,7,6110,6,9913,1,505,5,922,9,8050,6,8972,California
Inyo,2021-06-13,1,16529,0,6110,1,9914,0,505,0,921,1,8051,0,8972,California
Inyo,2021-06-14,60,16589,28,6138,29,9943,3,508,8,880,52,8103,11,8983,California
Inyo,2021-06-15,53,16642,40,6178,9,9952,4,512,10,851,43,8146,14,8997,California
Inyo,2021-06-16,34,16676,20,6198,14,9966,0,512,7,831,27,8173,7,9004,California
Inyo,2021-06-17,23,16699,13,6211,6,9972,4,516,5,823,17,8190,9,9013,California
Inyo,2021-06-18,14,16713,5,6216,6,9978,3,519,2,816,12,8202,5,9018,California
Inyo,2021-06-19,20,16733,6,6222,13,9991,1,520,7,811,13,8215,8,9026,California
Inyo,2021-06-21,29,16762,8,6230,18,10009,3,523,13,811,16,8231,16,9042,California
Inyo,2021-06-22,37,16799,31,6261,5,10014,1,524,19,813,18,8249,20,9062,California
Inyo,2021-06-23,10,16809,6,6267,4,10018,0,524,0,803,10,8259,0,9062,California
Kern,2020-12-15,1,1,1,1,0,0,0,0,1,1,0,0,1,1,California
Kern,2020-12-16,19,20,19,20,0,0,0,0,19,20,0,0,19,20,California
Kern,2020-12-17,164,184,164,184,0,0,0,0,164,184,0,0,164,184,California
Kern,2020-12-18,325,509,325,509,0,0,0,0,325,509,0,0,325,509,California
Kern,2020-12-19,99,608,99,608,0,0,0,0,100,609,0,0,100,609,California
Kern,2020-12-20,62,670,62,670,0,0,0,0,62,671,0,0,62,671,California
Kern,2020-12-21,674,1344,673,1343,1,1,0,0,674,1345,0,0,674,1345,California
Kern,2020-12-22,533,1877,530,1873,3,4,0,0,533,1878,0,0,533,1878,California
Kern,2020-12-23,558,2435,420,2293,138,142,0,0,558,2436,0,0,558,2436,California
Kern,2020-12-24,123,2558,44,2337,79,221,0,0,123,2559,0,0,123,2559,California
Kern,2020-12-25,1,2559,1,2338,0,221,0,0,1,2560,0,0,1,2560,California
Kern,2020-12-26,34,2593,2,2340,32,253,0,0,34,2594,0,0,34,2594,California
Kern,2020-12-27,35,2628,3,2343,32,285,0,0,35,2629,0,0,35,2629,California
Kern,2020-12-28,832,3460,667,3010,165,450,0,0,832,3461,0,0,832,3461,California
Kern,2020-12-29,744,4204,451,3461,293,743,0,0,743,4203,1,1,743,4204,California
Kern,2020-12-30,1207,5411,914,4375,293,1036,0,0,1207,5410,0,1,1207,5411,California
Kern,2020-12-31,276,5687,99,4474,177,1213,0,0,276,5686,0,1,276,5687,California
Kern,2021-01-01,18,5705,9,4483,9,1222,0,0,18,5704,0,1,18,5705,California
Kern,2021-01-02,79,5784,18,4501,61,1283,0,0,79,5783,0,1,79,5784,California
Kern,2021-01-03,23,5807,4,4505,19,1302,0,0,23,5806,0,1,23,5807,California
Kern,2021-01-04,555,6362,361,4866,194,1496,0,0,555,6361,0,1,555,6362,California
Kern,2021-01-05,1135,7497,740,5606,395,1891,0,0,1123,7472,12,13,1123,7485,California
Kern,2021-01-06,1166,8663,450,6056,716,2607,0,0,1136,8578,30,43,1136,8621,California
Kern,2021-01-07,1414,10077,491,6547,923,3530,0,0,1244,9653,169,212,1244,9865,California
Kern,2021-01-08,1631,11708,771,7318,860,4390,0,0,1330,10682,302,514,1331,11196,California
Kern,2021-01-09,229,11937,79,7397,150,4540,0,0,193,10839,36,550,193,11389,California
Kern,2021-01-10,195,12132,149,7546,46,4586,0,0,154,10952,41,591,154,11543,California
Kern,2021-01-11,1562,13694,989,8535,573,5159,0,0,1003,11396,559,1150,1003,12546,California
Kern,2021-01-12,1879,15573,817,9352,1062,6221,0,0,1362,12241,517,1667,1362,13908,California
Kern,2021-01-13,1862,17435,877,10229,985,7206,0,0,1438,13255,424,2091,1438,15346,California
Kern,2021-01-14,2202,19637,652,10881,1550,8756,0,0,2156,15365,46,2137,2156,17502,California
Kern,2021-01-15,2727,22364,861,11742,1866,10622,0,0,2630,17901,95,2232,2631,20133,California
Kern,2021-01-16,675,23039,213,11955,462,11084,0,0,640,18506,35,2267,640,20773,California
Kern,2021-01-17,74,23113,7,11962,67,11151,0,0,72,18576,2,2269,72,20845,California
Kern,2021-01-18,1647,24760,658,12620,989,12140,0,0,1480,19889,167,2436,1480,22325,California
Kern,2021-01-19,1859,26619,1034,13654,825,12965,0,0,1391,20813,468,2904,1392,23717,California
Kern,2021-01-20,2628,29247,1685,15339,943,13908,0,0,1922,22036,701,3605,1924,25641,California
Kern,2021-01-21,2130,31377,874,16213,1256,15164,0,0,1934,23775,195,3800,1934,27575,California
Kern,2021-01-22,2730,34107,1309,17522,1421,16585,0,0,2449,25944,280,4080,2449,30024,California
Kern,2021-01-23,1252,35359,544,18066,708,17293,0,0,1205,27102,47,4127,1205,31229,California
Kern,2021-01-24,154,35513,12,18078,142,17435,0,0,148,27244,6,4133,148,31377,California
Kern,2021-01-25,2385,37898,1083,19161,1302,18737,0,0,1900,28661,484,4617,1901,33278,California
Kern,2021-01-26,2781,40679,1131,20292,1650,20387,0,0,1919,29719,861,5478,1919,35197,California
Kern,2021-01-27,3561,44240,1899,22191,1662,22049,0,0,2861,31883,697,6175,2861,38058,California
Kern,2021-01-28,2887,47127,1361,23552,1526,23575,0,0,2454,33912,428,6603,2457,40515,California
Kern,2021-01-29,3803,50930,1806,25358,1997,25572,0,0,3252,36616,548,7151,3252,43767,California
Kern,2021-01-30,1335,52265,500,25858,835,26407,0,0,1283,37849,50,7201,1283,45050,California
Kern,2021-01-31,403,52668,276,26134,127,26534,0,0,268,37982,135,7336,268,45318,California
Kern,2021-02-01,2590,55258,978,27112,1612,28146,0,0,1876,39148,711,8047,1877,47195,California
Kern,2021-02-02,2764,58022,802,27914,1962,30108,0,0,2059,40503,705,8752,2060,49255,California
Kern,2021-02-03,3692,61714,1557,29471,2135,32243,0,0,2715,42248,970,9722,2715,51970,California
Kern,2021-02-04,3815,65529,1451,30922,2364,34607,0,0,2592,43627,1213,10935,2592,54562,California
Kern,2021-02-05,4865,70394,1988,32910,2877,37484,0,0,3102,44985,1744,12679,3102,57664,California
Kern,2021-02-06,1741,72135,770,33680,971,38455,0,0,1512,46271,226,12905,1512,59176,California
Kern,2021-02-07,283,72418,150,33830,133,38588,0,0,265,46520,16,12921,265,59441,California
Kern,2021-02-08,2567,74985,788,34618,1779,40367,0,0,1258,46488,1291,14212,1259,60700,California
Kern,2021-02-09,3042,78027,982,35600,2060,42427,0,0,1464,46383,1569,15781,1464,62164,California
Kern,2021-02-10,3820,81847,1671,37271,2149,44576,0,0,1890,46360,1914,17695,1891,64055,California
Kern,2021-02-11,4295,86142,1543,38814,2752,47328,0,0,2234,46548,2048,19743,2236,66291,California
Kern,2021-02-12,4991,91133,1907,40721,3084,50412,0,0,2484,46539,2493,22236,2484,68775,California
Kern,2021-02-13,2010,93143,732,41453,1278,51690,0,0,1158,46847,850,23086,1158,69933,California
Kern,2021-02-14,353,93496,12,41465,341,52031,0,0,271,47037,81,23167,271,70204,California
Kern,2021-02-15,2752,96248,899,42364,1853,53884,0,0,1219,46731,1525,24692,1219,71423,California
Kern,2021-02-16,2957,99205,719,43083,2238,56122,0,0,1661,47106,1287,25979,1662,73085,California
Kern,2021-02-17,4076,103281,2078,45161,1998,58120,0,0,1926,46889,2144,28123,1927,75012,California
Kern,2021-02-18,3769,107050,1492,46653,2277,60397,0,0,1628,46386,2131,30254,1628,76640,California
Kern,2021-02-19,4198,111248,1913,48566,2285,62682,0,0,1740,45675,2451,32705,1740,78380,California
Kern,2021-02-20,2590,113838,971,49537,1619,64301,0,0,1354,45797,1232,33937,1354,79734,California
Kern,2021-02-21,272,114110,166,49703,106,64407,0,0,91,45710,179,34116,92,79826,California
Kern,2021-02-22,2676,116786,1156,50859,1520,65927,0,0,1436,45912,1234,35350,1436,81262,California
Kern,2021-02-23,3586,120372,1133,51992,2453,68380,0,0,1997,46323,1587,36937,1998,83260,California
Kern,2021-02-24,5214,125586,2291,54283,2923,71303,0,0,3103,47320,2106,39043,3103,86363,California
Kern,2021-02-25,5390,130976,2460,56743,2930,74233,0,0,3203,48355,2168,41211,3203,89566,California
Kern,2021-02-26,6936,137912,3540,60283,3396,77629,0,0,4370,50167,2560,43771,4372,93938,California
Kern,2021-02-27,3957,141869,1982,62265,1975,79604,0,0,2614,51447,1334,45105,2614,96552,California
Kern,2021-02-28,917,142786,503,62768,413,80017,1,1,696,51925,219,45324,697,97249,California
Kern,2021-03-01,4022,146808,1826,64594,2192,82209,4,5,2702,53321,1310,46634,2706,99955,California
Kern,2021-03-02,4497,151305,1418,66012,3075,85284,4,9,2963,54762,1523,48157,2964,102919,California
Kern,2021-03-03,6005,157310,2847,68859,3156,88440,2,11,3889,56551,2101,50258,3890,106809,California
Kern,2021-03-04,5704,163014,2282,71141,3417,91857,5,16,3699,58264,1989,52247,3702,110511,California
Kern,2021-03-05,6658,169672,2877,74018,3762,95619,19,35,4204,60043,2444,54691,4223,114734,California
Kern,2021-03-06,4761,174433,1931,75949,2722,98341,108,143,3483,62362,1271,55962,3590,118324,California
Kern,2021-03-07,2062,176495,1592,77541,413,98754,57,200,1861,64081,199,56161,1918,120242,California
Kern,2021-03-08,2911,179406,925,78466,1763,100517,223,423,1529,64452,1379,57540,1750,121992,California
Kern,2021-03-09,3748,183154,815,79281,2544,103061,389,812,2341,65779,1398,58938,2725,124717,California
Kern,2021-03-10,6164,189318,2570,81851,2518,105579,1076,1888,3609,67923,2539,61477,4683,129400,California
Kern,2021-03-11,6343,195661,2443,84294,2871,108450,1029,2917,3774,70162,2559,64036,4798,134198,California
Kern,2021-03-12,7864,203525,3084,87378,3425,111875,1355,4272,4328,72310,3523,67559,5671,139869,California
Kern,2021-03-13,4684,208209,2535,89913,1811,113686,338,4610,3257,74479,1420,68979,3589,143458,California
Kern,2021-03-14,2313,210522,1535,91448,535,114221,243,4853,1789,75984,524,69503,2029,145487,California
Kern,2021-03-15,4281,214803,1109,92557,2460,116681,712,5565,2202,76825,2066,71569,2907,148394,California
Kern,2021-03-16,4450,219253,1021,93578,2893,119574,536,6101,2425,77768,2012,73581,2955,151349,California
Kern,2021-03-17,7471,226724,4087,97665,2833,122407,551,6652,4494,79847,2965,76546,5044,156393,California
Kern,2021-03-18,7313,234037,3708,101373,3017,125424,588,7240,4433,82005,2859,79405,5017,161410,California
Kern,2021-03-19,9018,243055,5004,106377,3354,128778,660,7900,4733,83124,4267,83672,5386,166796,California
Kern,2021-03-20,6193,249248,3831,110208,2188,130966,174,8074,3926,84971,2254,85926,4101,170897,California
Kern,2021-03-21,3057,252305,1935,112143,239,131205,883,8957,1851,86505,1199,87125,2733,173630,California
Kern,2021-03-22,3995,256300,1569,113712,2069,133274,357,9314,1938,86760,2040,89165,2295,175925,California
Kern,2021-03-23,4756,261056,1681,115393,2874,136148,201,9515,2489,87208,2238,91403,2686,178611,California
Kern,2021-03-24,7196,268252,3681,119074,3038,139186,477,9992,3658,87821,3520,94923,4133,182744,California
Kern,2021-03-25,6799,275051,3011,122085,3455,142641,333,10325,3224,87818,3557,98480,3554,186298,California
Kern,2021-03-26,9890,284941,4425,126510,4207,146848,1258,11583,4731,88667,5138,103618,5987,192285,California
Kern,2021-03-27,5718,290659,3997,130507,1592,148440,129,11712,3451,89981,2265,105883,3579,195864,California
Kern,2021-03-28,4693,295352,4201,134708,478,148918,14,11726,2959,91222,1732,107615,2973,198837,California
Kern,2021-03-29,4267,299619,1684,136392,2305,151223,278,12004,2615,92473,1639,109254,2890,201727,California
Kern,2021-03-30,5612,305231,1877,138269,3348,154571,387,12391,3069,93386,2539,111793,3452,205179,California
Kern,2021-03-31,8430,313661,4554,142823,3228,157799,648,13039,4318,94255,4094,115887,4963,210142,California
Kern,2021-04-01,7922,321583,3883,146706,3736,161535,303,13342,4234,95129,3659,119546,4533,214675,California
Kern,2021-04-02,8464,330047,4462,151168,3392,164927,610,13952,4221,95726,4226,123772,4823,219498,California
Kern,2021-04-03,6002,336049,3672,154840,2147,167074,183,14135,2658,95229,3335,127107,2838,222336,California
Kern,2021-04-04,1341,337390,874,155714,382,167456,85,14220,477,94928,861,127968,560,222896,California
Kern,2021-04-05,5377,342767,2222,157936,2381,169837,774,14994,2901,96110,2464,130432,3646,226542,California
Kern,2021-04-06,7144,349911,2481,160417,3283,173120,1380,16374,3568,97503,3551,133983,4944,231486,California
Kern,2021-04-07,9396,359307,5481,165898,2950,176070,965,17339,4578,98246,4798,138781,5541,237027,California
Kern,2021-04-08,8680,367987,4809,170707,2957,179027,914,18253,3727,97949,4926,143707,4629,241656,California
Kern,2021-04-09,10294,378281,5152,175859,4148,183175,994,19247,4366,97404,5902,149609,5357,247013,California
Kern,2021-04-10,6604,384885,3466,179325,1889,185064,1249,20496,2142,96337,4452,154061,3385,250398,California
Kern,2021-04-11,3935,388820,2922,182247,369,185433,644,21140,1276,95606,2644,156705,1913,252311,California
Kern,2021-04-12,4428,393248,997,183244,2456,187889,975,22115,1590,95355,2814,159519,2563,254874,California
Kern,2021-04-13,4323,397571,1425,184669,2872,190761,26,22141,2131,95335,2176,161695,2156,257030,California
Kern,2021-04-14,6115,403686,3010,187679,3083,193844,22,22163,3016,95292,3080,164775,3037,260067,California
Kern,2021-04-15,5323,409009,2499,190178,2821,196665,3,22166,2529,95047,2777,167552,2532,262599,California
Kern,2021-04-16,7327,416336,3476,193654,3850,200515,1,22167,3002,93756,4297,171849,3006,265605,California
Kern,2021-04-17,6009,422345,3941,197595,2068,202583,0,22167,2154,92073,3839,175688,2156,267761,California
Kern,2021-04-18,3852,426197,3608,201203,244,202827,0,22167,954,90138,2889,178577,954,268715,California
Kern,2021-04-19,3856,430053,1742,202945,2112,204939,2,22169,1437,89178,2397,180974,1437,270152,California
Kern,2021-04-20,4418,434471,1607,204552,2809,207748,2,22171,1687,88156,2710,183684,1688,271840,California
Kern,2021-04-21,5897,440368,3164,207716,2728,210476,5,22176,2156,86598,3717,187401,2159,273999,California
Kern,2021-04-22,4833,445201,2342,210058,2491,212967,0,22176,1727,85244,3082,190483,1728,275727,California
Kern,2021-04-23,6149,451350,3028,213086,3120,216087,1,22177,1919,82976,4190,194673,1922,277649,California
Kern,2021-04-24,4024,455374,2807,215893,1206,217293,11,22188,1452,81887,2552,197225,1463,279112,California
Kern,2021-04-25,1404,456778,1116,217009,288,217581,0,22188,827,82143,571,197796,827,279939,California
Kern,2021-04-26,3876,460654,1835,218844,1989,219570,52,22240,1068,80466,2799,200595,1122,281061,California
Kern,2021-04-27,4796,465450,2323,221167,2365,221935,108,22348,1465,78719,3317,203912,1570,282631,California
Kern,2021-04-28,6322,471772,3725,224892,2473,224408,124,22472,1804,76146,4498,208410,1925,284556,California
Kern,2021-04-29,5528,477300,3065,227957,2364,226772,99,22571,1627,73993,3880,212290,1727,286283,California
Kern,2021-04-30,5611,482911,3132,231089,2320,229092,159,22730,1620,71795,3976,216266,1778,288061,California
Kern,2021-05-01,2718,485629,1930,233019,729,229821,59,22789,1083,71312,1624,217890,1141,289202,California
Kern,2021-05-02,1897,487526,1607,234626,268,230089,22,22811,696,70836,1194,219084,718,289920,California
Kern,2021-05-03,2554,490080,1032,235658,1388,231477,134,22945,786,70004,1753,220837,921,290841,California
Kern,2021-05-04,3679,493759,1317,236975,2253,233730,109,23054,1296,69040,2367,223204,1403,292244,California
Kern,2021-05-05,4169,497928,2150,239125,1867,235597,152,23206,1379,67797,2773,225977,1530,293774,California
Kern,2021-05-06,3602,501530,1634,240759,1822,237419,146,23352,1137,66637,2439,228416,1279,295053,California
Kern,2021-05-07,4625,506155,2311,243070,2138,239557,176,23528,1303,64825,3290,231706,1478,296531,California
Kern,2021-05-08,2898,509053,1827,244897,955,240512,116,23644,892,63840,1991,233697,1006,297537,California
Kern,2021-05-09,1350,510403,1175,246072,145,240657,30,23674,448,63425,893,234590,478,298015,California
Kern,2021-05-10,2269,512672,885,246957,1281,241938,103,23777,672,62621,1578,236168,774,298789,California
Kern,2021-05-11,2649,515321,925,247882,1598,243536,126,23903,957,62025,1680,237848,1084,299873,California
Kern,2021-05-12,3641,518962,1466,249348,2023,245559,152,24055,1164,60877,2462,240310,1314,301187,California
Kern,2021-05-13,3504,522466,1838,251186,1512,247071,154,24209,1627,60791,1863,242173,1777,302964,California
Kern,2021-05-14,4297,526763,2536,253722,1538,248609,223,24432,1981,60697,2296,244469,2202,305166,California
Kern,2021-05-15,2918,529681,1893,255615,937,249546,88,24520,1545,60971,1358,245827,1632,306798,California
Kern,2021-05-16,1547,531228,1323,256938,184,249730,40,24560,881,61232,660,246487,921,307719,California
Kern,2021-05-17,2331,533559,1008,257946,1176,250906,147,24707,1186,61432,1132,247619,1332,309051,California
Kern,2021-05-18,3186,536745,1469,259415,1585,252491,132,24839,1624,61642,1544,249163,1754,310805,California
Kern,2021-05-19,3836,540581,2393,261808,1314,253805,129,24968,1846,61637,1977,251140,1972,312777,California
Kern,2021-05-20,3106,543687,1688,263496,1275,255080,143,25111,1431,61555,1654,252794,1572,314349,California
Kern,2021-05-21,3647,547334,2209,265705,1303,256383,135,25246,1867,61802,1755,254549,2002,316351,California
Kern,2021-05-22,2954,550288,2300,268005,605,256988,49,25295,1420,61746,1522,256071,1466,317817,California
Kern,2021-05-23,1263,551551,1069,269074,168,257156,26,25321,665,61846,590,256661,690,318507,California
Kern,2021-05-24,1855,553406,782,269856,959,258115,114,25435,873,61856,976,257637,986,319493,California
Kern,2021-05-25,2405,555811,1114,270970,1202,259317,89,25524,1128,61809,1263,258900,1216,320709,California
Kern,2021-05-26,2793,558604,1616,272586,1074,260391,103,25627,1209,61551,1568,260468,1310,322019,California
Kern,2021-05-27,2406,561010,1235,273821,1068,261459,103,25730,1265,61799,1119,261587,1367,323386,California
Kern,2021-05-28,2733,563743,1388,275209,1234,262693,111,25841,1269,61727,1450,263037,1378,324764,California
Kern,2021-05-29,1903,565646,1263,276472,594,263287,46,25887,933,61750,956,263993,979,325743,California
Kern,2021-05-30,862,566508,705,277177,138,263425,19,25906,437,61787,418,264411,455,326198,California
Kern,2021-05-31,132,566640,41,277218,80,263505,11,25917,46,61760,83,264494,56,326254,California
Kern,2021-06-01,2289,568929,951,278169,1267,264772,71,25988,1004,61565,1269,265763,1074,327328,California
Kern,2021-06-02,2250,571179,1303,279472,841,265613,106,26094,953,61338,1286,267049,1059,328387,California
Kern,2021-06-03,2375,573554,1338,280810,882,266495,155,26249,880,60888,1484,268533,1034,329421,California
Kern,2021-06-04,2951,576505,1913,282723,929,267424,109,26358,891,59845,2042,270575,999,330420,California
Kern,2021-06-05,2524,579029,2038,284761,452,267876,34,26392,807,58979,1707,272282,841,331261,California
Kern,2021-06-06,1224,580253,1119,285880,82,267958,23,26415,440,58663,779,273061,463,331724,California
Kern,2021-06-07,1804,582057,1123,287003,586,268544,95,26510,682,58329,1109,274170,775,332499,California
Kern,2021-06-08,2123,584180,1235,288238,816,269360,72,26582,678,57652,1426,275596,749,333248,California
Kern,2021-06-09,2621,586801,1845,290083,687,270047,89,26671,825,56783,1782,277378,913,334161,California
Kern,2021-06-10,2228,589029,1382,291465,747,270794,99,26770,785,56233,1432,278810,882,335043,California
Kern,2021-06-11,2825,591854,1905,293370,829,271623,91,26861,1051,55614,1762,280572,1143,336186,California
Kern,2021-06-12,1788,593642,1331,294701,408,272031,49,26910,535,54950,1248,281820,584,336770,California
Kern,2021-06-13,913,594555,796,295497,110,272141,7,26917,268,54584,642,282462,276,337046,California
Kern,2021-06-14,1851,596406,1128,296625,627,272768,96,27013,663,54164,1177,283639,757,337803,California
Kern,2021-06-15,2106,598512,1180,297805,852,273620,74,27087,820,53780,1278,284917,894,338697,California
Kern,2021-06-16,2046,600558,1342,299147,628,274248,76,27163,799,53423,1231,286148,874,339571,California
Kern,2021-06-17,1807,602365,1132,300279,566,274814,109,27272,879,53493,919,287067,989,340560,California
Kern,2021-06-18,2152,604517,1351,301630,684,275498,117,27389,895,53265,1239,288306,1011,341571,California
Kern,2021-06-19,1201,605718,865,302495,306,275804,30,27419,509,53122,682,288988,539,342110,California
Kern,2021-06-20,707,606425,585,303080,103,275907,19,27438,263,52960,444,289432,282,342392,California
Kern,2021-06-21,1198,607623,636,303716,485,276392,77,27515,648,53141,542,289974,723,343115,California
Kern,2021-06-22,1598,609221,852,304568,674,277066,72,27587,651,52928,936,290910,723,343838,California
Kern,2021-06-23,1077,610298,721,305289,303,277369,53,27640,437,52794,622,291532,488,344326,California
Kings,2020-12-16,1,1,1,1,0,0,0,0,1,1,0,0,1,1,California
Kings,2020-12-17,8,9,8,9,0,0,0,0,8,9,0,0,8,9,California
Kings,2020-12-18,12,21,12,21,0,0,0,0,12,21,0,0,12,21,California
Kings,2020-12-19,12,33,12,33,0,0,0,0,12,33,0,0,12,33,California
Kings,2020-12-20,13,46,13,46,0,0,0,0,13,46,0,0,13,46,California
Kings,2020-12-21,156,202,156,202,0,0,0,0,268,314,0,0,268,314,California
Kings,2020-12-22,141,343,141,343,0,0,0,0,138,452,0,0,138,452,California
Kings,2020-12-23,136,479,123,466,13,13,0,0,137,589,0,0,137,589,California
Kings,2020-12-24,11,490,9,475,2,15,0,0,11,600,0,0,11,600,California
Kings,2020-12-26,7,497,4,479,3,18,0,0,7,607,0,0,7,607,California
Kings,2020-12-27,4,501,4,483,0,18,0,0,4,611,0,0,4,611,California
Kings,2020-12-28,131,632,103,586,28,46,0,0,132,743,0,0,132,743,California
Kings,2020-12-29,82,714,54,640,28,74,0,0,83,826,0,0,83,826,California
Kings,2020-12-30,152,866,111,751,41,115,0,0,152,978,0,0,152,978,California
Kings,2020-12-31,45,911,6,757,39,154,0,0,45,1023,0,0,45,1023,California
Kings,2021-01-01,1,912,0,757,1,155,0,0,1,1024,0,0,1,1024,California
Kings,2021-01-02,11,923,10,767,1,156,0,0,11,1035,0,0,11,1035,California
Kings,2021-01-04,111,1034,41,808,70,226,0,0,111,1146,0,0,111,1146,California
Kings,2021-01-05,195,1229,39,847,156,382,0,0,195,1341,0,0,195,1341,California
Kings,2021-01-06,278,1507,179,1026,99,481,0,0,275,1613,3,3,275,1616,California
Kings,2021-01-07,182,1689,83,1109,99,580,0,0,174,1779,8,11,174,1790,California
Kings,2021-01-08,250,1939,55,1164,195,775,0,0,230,1989,20,31,230,2020,California
Kings,2021-01-09,63,2002,9,1173,54,829,0,0,55,2036,8,39,55,2075,California
Kings,2021-01-10,15,2017,3,1176,12,841,0,0,12,2045,3,42,12,2087,California
Kings,2021-01-11,517,2534,353,1529,164,1005,0,0,276,2081,241,283,277,2364,California
Kings,2021-01-12,347,2881,251,1780,96,1101,0,0,214,2165,130,413,214,2578,California
Kings,2021-01-13,421,3302,274,2054,147,1248,0,0,330,2404,91,504,330,2908,California
Kings,2021-01-14,210,3512,30,2084,180,1428,0,0,200,2584,21,525,201,3109,California
Kings,2021-01-15,418,3930,30,2114,388,1816,0,0,406,2978,12,537,406,3515,California
Kings,2021-01-16,28,3958,9,2123,19,1835,0,0,27,3004,1,538,27,3542,California
Kings,2021-01-17,12,3970,9,2132,3,1838,0,0,10,3012,2,540,10,3552,California
Kings,2021-01-18,173,4143,41,2173,132,1970,0,0,147,3133,26,566,147,3699,California
Kings,2021-01-19,382,4525,162,2335,220,2190,0,0,252,3255,130,696,252,3951,California
Kings,2021-01-20,237,4762,146,2481,91,2281,0,0,127,3277,105,801,127,4078,California
Kings,2021-01-21,213,4975,57,2538,156,2437,0,0,197,3456,18,819,197,4275,California
Kings,2021-01-22,104,5079,17,2555,87,2524,0,0,103,3554,5,824,103,4378,California
Kings,2021-01-23,26,5105,14,2569,12,2536,0,0,19,3566,7,831,19,4397,California
Kings,2021-01-24,4,5109,4,2573,0,2536,0,0,2,3566,2,833,2,4399,California
Kings,2021-01-25,127,5236,27,2600,100,2636,0,0,92,3623,35,868,92,4491,California
Kings,2021-01-26,156,5392,35,2635,121,2757,0,0,114,3695,42,910,114,4605,California
Kings,2021-01-27,328,5720,35,2670,293,3050,0,0,252,3872,75,985,252,4857,California
Kings,2021-01-28,332,6052,46,2716,286,3336,0,0,276,4092,56,1041,276,5133,California
Kings,2021-01-29,111,6163,27,2743,84,3420,0,0,94,4169,17,1058,94,5227,California
Kings,2021-01-30,1568,7731,31,2774,1537,4957,0,0,1565,5733,3,1061,1567,6794,California
Kings,2021-01-31,1,7732,1,2775,0,4957,0,0,1,5734,0,1061,1,6795,California
Kings,2021-02-01,221,7953,67,2842,154,5111,0,0,91,5697,128,1189,91,6886,California
Kings,2021-02-02,247,8200,16,2858,231,5342,0,0,95,5641,151,1340,95,6981,California
Kings,2021-02-03,403,8603,194,3052,209,5551,0,0,244,5727,158,1498,244,7225,California
Kings,2021-02-04,433,9036,102,3154,331,5882,0,0,228,5751,204,1702,228,7453,California
Kings,2021-02-05,338,9374,57,3211,281,6163,0,0,178,5772,157,1859,178,7631,California
Kings,2021-02-06,61,9435,10,3221,51,6214,0,0,28,5767,33,1892,28,7659,California
Kings,2021-02-07,6,9441,4,3225,2,6216,0,0,3,5767,3,1895,3,7662,California
Kings,2021-02-08,175,9616,29,3254,146,6362,0,0,68,5728,107,2002,68,7730,California
Kings,2021-02-09,256,9872,59,3313,197,6559,0,0,112,5698,142,2144,112,7842,California
Kings,2021-02-10,374,10246,113,3426,261,6820,0,0,256,5836,118,2262,256,8098,California
Kings,2021-02-11,480,10726,66,3492,414,7234,0,0,359,6075,120,2382,359,8457,California
Kings,2021-02-12,627,11353,36,3528,591,7825,0,0,349,6147,277,2659,349,8806,California
Kings,2021-02-13,231,11584,7,3535,224,8049,0,0,204,6324,27,2686,204,9010,California
Kings,2021-02-14,103,11687,4,3539,99,8148,0,0,95,6411,8,2694,95,9105,California
Kings,2021-02-15,248,11935,5,3544,243,8391,0,0,138,6440,109,2803,138,9243,California
Kings,2021-02-16,589,12524,33,3577,556,8947,0,0,350,6553,238,3041,351,9594,California
Kings,2021-02-17,438,12962,24,3601,414,9361,0,0,299,6715,139,3180,301,9895,California
Kings,2021-02-18,342,13304,22,3623,320,9681,0,0,210,6793,132,3312,210,10105,California
Kings,2021-02-19,209,13513,24,3647,185,9866,0,0,129,6845,77,3389,129,10234,California
Kings,2021-02-20,171,13684,40,3687,131,9997,0,0,134,6942,37,3426,134,10368,California
Kings,2021-02-21,3,13687,2,3689,1,9998,0,0,3,6945,0,3426,3,10371,California
Kings,2021-02-22,122,13809,20,3709,102,10100,0,0,57,6937,65,3491,57,10428,California
Kings,2021-02-23,435,14244,70,3779,365,10465,0,0,315,7132,120,3611,315,10743,California
Kings,2021-02-24,738,14982,156,3935,582,11047,0,0,523,7440,215,3826,523,11266,California
Kings,2021-02-25,817,15799,132,4067,685,11732,0,0,592,7809,223,4049,592,11858,California
Kings,2021-02-26,849,16648,136,4203,713,12445,0,0,774,8508,75,4124,774,12632,California
Kings,2021-02-27,1519,18167,65,4268,1454,13899,0,0,582,8154,936,5060,582,13214,California
Kings,2021-02-28,1207,19374,598,4866,609,14508,0,0,675,8301,529,5589,676,13890,California
Kings,2021-03-01,294,19668,90,4956,204,14712,0,0,223,8453,71,5660,223,14113,California
Kings,2021-03-02,589,20257,258,5214,331,15043,0,0,515,8896,74,5734,517,14630,California
Kings,2021-03-03,751,21008,327,5541,424,15467,0,0,527,9201,222,5956,527,15157,California
Kings,2021-03-04,825,21833,356,5897,469,15936,0,0,696,9769,129,6085,697,15854,California
Kings,2021-03-05,1191,23024,369,6266,813,16749,9,9,1040,10669,151,6236,1051,16905,California
Kings,2021-03-06,518,23542,187,6453,318,17067,13,22,488,11140,30,6266,501,17406,California
Kings,2021-03-07,364,23906,223,6676,137,17204,4,26,355,11490,9,6275,359,17765,California
Kings,2021-03-08,382,24288,98,6774,231,17435,53,79,265,11690,117,6392,317,18082,California
Kings,2021-03-09,684,24972,386,7160,243,17678,55,134,576,12215,107,6499,632,18714,California
Kings,2021-03-10,689,25661,183,7343,401,18079,105,239,483,12598,204,6703,587,19301,California
Kings,2021-03-11,1191,26852,427,7770,648,18727,116,355,751,13027,438,7141,867,20168,California
Kings,2021-03-12,1494,28346,447,8217,953,19680,94,449,983,13597,509,7650,1079,21247,California
Kings,2021-03-13,682,29028,334,8551,306,19986,42,491,559,14076,123,7773,602,21849,California
Kings,2021-03-14,674,29702,101,8652,184,20170,389,880,200,14191,474,8247,589,22438,California
Kings,2021-03-15,712,30414,266,8918,327,20497,119,999,469,14540,242,8489,591,23029,California
Kings,2021-03-16,1163,31577,477,9395,623,21120,63,1062,748,14936,415,8904,811,23840,California
Kings,2021-03-17,1109,32686,419,9814,628,21748,62,1124,781,15458,328,9232,850,24690,California
Kings,2021-03-18,1129,33815,474,10288,432,22180,223,1347,748,16052,379,9611,973,25663,California
Kings,2021-03-19,972,34787,468,10756,417,22597,87,1434,727,16635,244,9855,827,26490,California
Kings,2021-03-20,641,35428,256,11012,354,22951,31,1465,466,16966,173,10028,504,26994,California
Kings,2021-03-21,1422,36850,1090,12102,320,23271,12,1477,863,17282,559,10587,875,27869,California
Kings,2021-03-22,452,37302,201,12303,165,23436,86,1563,268,17457,183,10770,358,28227,California
Kings,2021-03-23,1045,38347,506,12809,475,23911,64,1627,550,17581,493,11263,617,28844,California
Kings,2021-03-24,1091,39438,487,13296,581,24492,23,1650,498,17513,591,11854,523,29367,California
Kings,2021-03-25,1048,40486,472,13768,549,25041,27,1677,445,17383,601,12455,471,29838,California
Kings,2021-03-26,1405,41891,381,14149,937,25978,87,1764,515,17099,885,13340,601,30439,California
Kings,2021-03-27,643,42534,259,14408,372,26350,12,1776,155,16780,486,13826,167,30606,California
Kings,2021-03-28,673,43207,602,15010,64,26414,7,1783,408,16938,265,14091,423,31029,California
Kings,2021-03-29,470,43677,212,15222,197,26611,61,1844,257,17044,211,14302,317,31346,California
Kings,2021-03-30,867,44544,475,15697,353,26964,39,1883,429,17074,437,14739,467,31813,California
Kings,2021-03-31,796,45340,396,16093,327,27291,73,1956,418,17195,370,15109,491,32304,California
Kings,2021-04-01,889,46229,486,16579,313,27604,90,2046,354,17110,529,15638,444,32748,California
Kings,2021-04-02,1082,47311,454,17033,502,28106,126,2172,394,16946,683,16321,519,33267,California
Kings,2021-04-03,495,47806,348,17381,138,28244,9,2181,170,16807,319,16640,180,33447,California
Kings,2021-04-04,156,47962,82,17463,68,28312,6,2187,42,16742,113,16753,48,33495,California
Kings,2021-04-05,1061,49023,327,17790,479,28791,255,2442,239,16414,821,17574,493,33988,California
Kings,2021-04-06,1220,50243,466,18256,441,29232,313,2755,285,16079,932,18506,597,34585,California
Kings,2021-04-07,1367,51610,654,18910,527,29759,186,2941,336,15573,1028,19534,522,35107,California
Kings,2021-04-08,1630,53240,637,19547,740,30499,253,3194,375,14953,1248,20782,628,35735,California
Kings,2021-04-09,1176,54416,544,20091,452,30951,180,3374,234,14424,940,21722,411,36146,California
Kings,2021-04-10,596,55012,333,20424,161,31112,102,3476,174,14280,420,22142,276,36422,California
Kings,2021-04-11,355,55367,76,20500,272,31384,7,3483,196,14326,157,22299,203,36625,California
Kings,2021-04-12,709,56076,314,20814,192,31576,203,3686,193,14208,514,22813,396,37021,California
Kings,2021-04-13,917,56993,527,21341,390,31966,0,3686,294,13886,621,23434,299,37320,California
Kings,2021-04-14,1050,58043,579,21920,471,32437,0,3686,379,13595,671,24105,380,37700,California
Kings,2021-04-15,1062,59105,523,22443,538,32975,1,3687,454,13444,606,24711,455,38155,California
Kings,2021-04-16,797,59902,365,22808,432,33407,0,3687,263,13176,532,25243,264,38419,California
Kings,2021-04-17,461,60363,246,23054,215,33622,0,3687,189,13094,271,25514,189,38608,California
Kings,2021-04-18,568,60931,242,23296,326,33948,0,3687,45,12616,523,26037,45,38653,California
Kings,2021-04-19,565,61496,324,23620,241,34189,0,3687,294,12642,268,26305,294,38947,California
Kings,2021-04-20,737,62233,446,24066,291,34480,0,3687,235,12376,501,26806,235,39182,California
Kings,2021-04-21,648,62881,310,24376,338,34818,0,3687,223,12182,417,27223,223,39405,California
Kings,2021-04-22,560,63441,279,24655,281,35099,0,3687,206,12038,351,27574,207,39612,California
Kings,2021-04-23,668,64109,289,24944,379,35478,0,3687,326,12026,338,27912,326,39938,California
Kings,2021-04-24,247,64356,179,25123,67,35545,1,3688,119,12019,127,28039,120,40058,California
Kings,2021-04-25,203,64559,183,25306,20,35565,0,3688,166,12148,37,28076,166,40224,California
Kings,2021-04-26,317,64876,168,25474,146,35711,3,3691,199,12233,117,28193,202,40426,California
Kings,2021-04-27,425,65301,188,25662,218,35929,19,3710,180,12189,243,28436,199,40625,California
Kings,2021-04-28,516,65817,256,25918,240,36169,20,3730,267,12227,249,28685,287,40912,California
Kings,2021-04-29,291,66108,114,26032,165,36334,12,3742,136,12223,152,28837,148,41060,California
Kings,2021-04-30,367,66475,164,26196,186,36520,17,3759,152,12181,211,29048,169,41229,California
Kings,2021-05-01,227,66702,165,26361,52,36572,10,3769,72,12109,154,29202,82,41311,California
Kings,2021-05-02,169,66871,147,26508,22,36594,0,3769,127,12194,42,29244,127,41438,California
Kings,2021-05-03,473,67344,251,26759,209,36803,13,3782,121,11977,351,29595,134,41572,California
Kings,2021-05-04,521,67865,263,27022,238,37041,20,3802,162,11801,358,29953,182,41754,California
Kings,2021-05-05,552,68417,286,27308,246,37287,20,3822,135,11539,417,30370,155,41909,California
Kings,2021-05-06,548,68965,269,27577,256,37543,23,3845,122,11260,424,30794,145,42054,California
Kings,2021-05-07,364,69329,208,27785,142,37685,14,3859,147,11206,215,31009,161,42215,California
Kings,2021-05-08,231,69560,166,27951,53,37738,12,3871,75,11137,155,31164,86,42301,California
Kings,2021-05-09,191,69751,63,28014,128,37866,0,3871,40,11026,151,31315,40,42341,California
Kings,2021-05-10,341,70092,264,28278,67,37933,10,3881,112,10920,227,31542,121,42462,California
Kings,2021-05-11,382,70474,237,28515,116,38049,29,3910,119,10806,263,31805,149,42611,California
Kings,2021-05-12,401,70875,163,28678,224,38273,14,3924,172,10765,227,32032,186,42797,California
Kings,2021-05-13,389,71264,146,28824,235,38508,8,3932,154,10692,235,32267,162,42959,California
Kings,2021-05-14,463,71727,317,29141,115,38623,31,3963,242,10746,220,32487,274,43233,California
Kings,2021-05-15,350,72077,250,29391,82,38705,18,3981,193,10800,157,32644,211,43444,California
Kings,2021-05-16,247,72324,221,29612,25,38730,1,3982,76,10706,171,32815,77,43521,California
Kings,2021-05-17,407,72731,323,29935,67,38797,17,3999,216,10749,190,33005,233,43754,California
Kings,2021-05-18,395,73126,278,30213,104,38901,13,4012,227,10822,168,33173,241,43995,California
Kings,2021-05-19,572,73698,279,30492,271,39172,22,4034,228,10730,342,33515,250,44245,California
Kings,2021-05-20,448,74146,234,30726,187,39359,27,4061,264,10838,184,33699,292,44537,California
Kings,2021-05-21,517,74663,262,30988,244,39603,11,4072,265,10866,248,33947,276,44813,California
Kings,2021-05-22,307,74970,247,31235,48,39651,12,4084,219,11011,86,34033,231,45044,California
Kings,2021-05-23,228,75198,219,31454,9,39660,0,4084,106,10995,122,34155,106,45150,California
Kings,2021-05-24,247,75445,162,31616,71,39731,14,4098,117,10996,130,34285,131,45281,California
Kings,2021-05-25,407,75852,269,31885,105,39836,33,4131,238,11100,167,34452,271,45552,California
Kings,2021-05-26,303,76155,123,32008,163,39999,17,4148,128,11071,174,34626,145,45697,California
Kings,2021-05-27,327,76482,176,32184,133,40132,18,4166,180,11125,144,34770,198,45895,California
Kings,2021-05-28,285,76767,138,32322,130,40262,17,4183,138,11136,144,34914,155,46050,California
Kings,2021-05-29,173,76940,100,32422,62,40324,11,4194,91,11157,81,34995,102,46152,California
Kings,2021-05-30,130,77070,113,32535,15,40339,2,4196,70,11169,60,35055,72,46224,California
Kings,2021-05-31,42,77112,23,32558,16,40355,3,4199,15,11160,27,35082,18,46242,California
Kings,2021-06-01,318,77430,187,32745,115,40470,16,4215,121,11103,193,35275,136,46378,California
Kings,2021-06-02,276,77706,125,32870,144,40614,7,4222,86,11009,187,35462,93,46471,California
Kings,2021-06-03,224,77930,126,32996,87,40701,11,4233,82,10968,134,35596,93,46564,California
Kings,2021-06-04,427,78357,283,33279,130,40831,14,4247,155,10869,268,35864,169,46733,California
Kings,2021-06-05,254,78611,220,33499,27,40858,7,4254,63,10761,178,36042,70,46803,California
Kings,2021-06-06,162,78773,154,33653,3,40861,5,4259,81,10770,77,36119,86,46889,California
Kings,2021-06-07,292,79065,221,33874,57,40918,14,4273,95,10681,197,36316,108,46997,California
Kings,2021-06-08,312,79377,239,34113,53,40971,20,4293,85,10560,226,36542,105,47102,California
Kings,2021-06-09,396,79773,261,34374,126,41097,9,4302,117,10410,276,36818,126,47228,California
Kings,2021-06-10,338,80111,220,34594,105,41202,13,4315,84,10253,254,37072,97,47325,California
Kings,2021-06-11,372,80483,281,34875,88,41290,3,4318,143,10175,224,37296,146,47471,California
Kings,2021-06-12,269,80752,221,35096,44,41334,4,4322,69,10064,184,37480,73,47544,California
Kings,2021-06-13,128,80880,119,35215,8,41342,1,4323,36,10010,91,37571,37,47581,California
Kings,2021-06-14,239,81119,173,35388,46,41388,20,4343,102,9995,137,37708,122,47703,California
Kings,2021-06-15,254,81373,180,35568,63,41451,11,4354,90,9933,163,37871,101,47804,California
Kings,2021-06-16,253,81626,129,35697,116,41567,8,4362,91,9878,155,38026,100,47904,California
Kings,2021-06-17,208,81834,111,35808,87,41654,10,4372,81,9842,127,38153,91,47995,California
Kings,2021-06-18,254,82088,175,35983,70,41724,9,4381,121,9839,133,38286,130,48125,California
Kings,2021-06-19,101,82189,69,36052,27,41751,5,4386,40,9823,61,38347,45,48170,California
Kings,2021-06-20,83,82272,68,36120,9,41760,6,4392,28,9802,55,38402,34,48204,California
Kings,2021-06-21,178,82450,94,36214,53,41813,31,4423,94,9843,84,38486,125,48329,California
Kings,2021-06-22,194,82644,127,36341,59,41872,8,4431,79,9815,115,38601,87,48416,California
Kings,2021-06-23,109,82753,26,36367,72,41944,11,4442,43,9803,66,38667,54,48470,California
Lake,2020-12-17,4,4,4,4,0,0,0,0,4,4,0,0,4,4,California
Lake,2020-12-18,51,55,51,55,0,0,0,0,51,55,0,0,51,55,California
Lake,2020-12-19,3,58,3,58,0,0,0,0,3,58,0,0,3,58,California
Lake,2020-12-20,6,64,6,64,0,0,0,0,6,64,0,0,6,64,California
Lake,2020-12-21,87,151,87,151,0,0,0,0,87,151,0,0,87,151,California
Lake,2020-12-22,63,214,60,211,3,3,0,0,63,214,0,0,63,214,California
Lake,2020-12-23,124,338,115,326,9,12,0,0,124,338,0,0,124,338,California
Lake,2020-12-24,2,340,0,326,2,14,0,0,2,340,0,0,2,340,California
Lake,2020-12-26,2,342,2,328,0,14,0,0,2,342,0,0,2,342,California
Lake,2020-12-27,2,344,2,330,0,14,0,0,2,344,0,0,2,344,California
Lake,2020-12-28,52,396,43,373,9,23,0,0,52,396,0,0,52,396,California
Lake,2020-12-29,50,446,45,418,5,28,0,0,50,446,0,0,50,446,California
Lake,2020-12-30,129,575,121,539,8,36,0,0,129,575,0,0,129,575,California
Lake,2020-12-31,67,642,64,603,3,39,0,0,67,642,0,0,67,642,California
Lake,2021-01-01,2,644,0,603,2,41,0,0,2,644,0,0,2,644,California
Lake,2021-01-02,2,646,1,604,1,42,0,0,2,646,0,0,2,646,California
Lake,2021-01-04,88,734,21,625,67,109,0,0,88,734,0,0,88,734,California
Lake,2021-01-05,120,854,59,684,61,170,0,0,118,850,2,2,118,852,California
Lake,2021-01-06,103,957,64,748,39,209,0,0,101,949,2,4,101,953,California
Lake,2021-01-07,109,1066,85,833,24,233,0,0,100,1040,9,13,100,1053,California
Lake,2021-01-08,155,1221,126,959,29,262,0,0,103,1091,52,65,103,1156,California
Lake,2021-01-09,63,1284,61,1020,2,264,0,0,59,1146,4,69,59,1215,California
Lake,2021-01-10,3,1287,3,1023,0,264,0,0,0,1143,3,72,0,1215,California
Lake,2021-01-11,189,1476,150,1173,39,303,0,0,109,1172,80,152,109,1324,California
Lake,2021-01-12,81,1557,48,1221,33,336,0,0,57,1205,24,176,57,1381,California
Lake,2021-01-13,169,1726,114,1335,55,391,0,0,110,1256,59,235,110,1491,California
Lake,2021-01-14,149,1875,48,1383,101,492,0,0,127,1361,22,257,127,1618,California
Lake,2021-01-15,221,2096,95,1478,126,618,0,0,193,1526,28,285,193,1811,California
Lake,2021-01-16,136,2232,83,1561,53,671,0,0,134,1658,2,287,134,1945,California
Lake,2021-01-17,18,2250,6,1567,12,683,0,0,12,1664,6,293,12,1957,California
Lake,2021-01-18,245,2495,226,1793,19,702,0,0,125,1669,120,413,125,2082,California
Lake,2021-01-19,316,2811,119,1912,197,899,0,0,270,1894,46,459,271,2353,California
Lake,2021-01-20,426,3237,82,1994,344,1243,0,0,361,2191,64,523,361,2714,California
Lake,2021-01-21,439,3676,49,2043,390,1633,0,0,404,2560,35,558,404,3118,California
Lake,2021-01-22,321,3997,47,2090,274,1907,0,0,285,2809,36,594,285,3403,California
Lake,2021-01-23,125,4122,6,2096,119,2026,0,0,124,2932,1,595,124,3527,California
Lake,2021-01-24,5,4127,2,2098,3,2029,0,0,5,2937,0,595,5,3532,California
Lake,2021-01-25,259,4386,96,2194,163,2192,0,0,177,3032,82,677,177,3709,California
Lake,2021-01-26,434,4820,36,2230,398,2590,0,0,410,3418,24,701,410,4119,California
Lake,2021-01-27,362,5182,40,2270,322,2912,0,0,335,3727,27,728,336,4455,California
Lake,2021-01-28,497,5679,160,2430,337,3249,0,0,368,3966,129,857,368,4823,California
Lake,2021-01-29,654,6333,101,2531,553,3802,0,0,579,4470,75,932,579,5402,California
Lake,2021-01-30,557,6890,44,2575,513,4315,0,0,551,5015,6,938,551,5953,California
Lake,2021-01-31,14,6904,8,2583,6,4321,0,0,12,5025,2,940,12,5965,California
Lake,2021-02-01,180,7084,18,2601,162,4483,0,0,166,5177,14,954,166,6131,California
Lake,2021-02-02,565,7649,153,2754,412,4895,0,0,397,5406,168,1122,397,6528,California
Lake,2021-02-03,445,8094,33,2787,412,5307,0,0,341,5643,104,1226,341,6869,California
Lake,2021-02-04,121,8215,70,2857,51,5358,0,0,71,5664,50,1276,71,6940,California
Lake,2021-02-05,382,8597,72,2929,310,5668,0,0,288,5860,92,1368,288,7228,California
Lake,2021-02-06,278,8875,44,2973,234,5902,0,0,264,6110,14,1382,264,7492,California
Lake,2021-02-07,2,8877,1,2974,1,5903,0,0,2,6112,0,1382,2,7494,California
Lake,2021-02-08,279,9156,207,3181,72,5975,0,0,160,6153,119,1501,160,7654,California
Lake,2021-02-09,345,9501,24,3205,321,6296,0,0,301,6411,43,1544,301,7955,California
Lake,2021-02-10,354,9855,54,3259,300,6596,0,0,273,6603,81,1625,273,8228,California
Lake,2021-02-11,177,10032,18,3277,159,6755,0,0,59,6544,118,1743,59,8287,California
Lake,2021-02-12,377,10409,29,3306,348,7103,0,0,286,6740,90,1833,286,8573,California
Lake,2021-02-13,252,10661,8,3314,244,7347,0,0,239,6966,13,1846,239,8812,California
Lake,2021-02-14,20,10681,5,3319,15,7362,0,0,6,6958,14,1860,6,8818,California
Lake,2021-02-15,171,10852,13,3332,158,7520,0,0,8,6804,162,2022,8,8826,California
Lake,2021-02-16,426,11278,23,3355,403,7923,0,0,177,6732,249,2271,177,9003,California
Lake,2021-02-17,352,11630,55,3410,297,8220,0,0,71,6523,280,2551,71,9074,California
Lake,2021-02-18,460,12090,71,3481,389,8609,0,0,115,6293,345,2896,115,9189,California
Lake,2021-02-19,432,12522,28,3509,404,9013,0,0,95,6051,337,3233,95,9284,California
Lake,2021-02-20,295,12817,61,3570,234,9247,0,0,251,6259,43,3276,251,9535,California
Lake,2021-02-21,6,12823,6,3576,0,9247,0,0,0,6253,6,3282,0,9535,California
Lake,2021-02-22,141,12964,23,3599,118,9365,0,0,42,6196,99,3381,42,9577,California
Lake,2021-02-23,215,13179,15,3614,200,9565,0,0,28,6037,187,3568,28,9605,California
Lake,2021-02-24,1009,14188,429,4043,580,10145,0,0,468,5965,540,4108,468,10073,California
Lake,2021-02-25,761,14949,496,4539,265,10410,0,0,500,6207,258,4366,500,10573,California
Lake,2021-02-26,1018,15967,323,4862,695,11105,0,0,369,5931,645,5011,369,10942,California
Lake,2021-02-27,410,16377,97,4959,313,11418,0,0,327,6176,82,5093,327,11269,California
Lake,2021-02-28,21,16398,12,4971,9,11427,0,0,12,6179,9,5102,12,11281,California
Lake,2021-03-01,595,16993,55,5026,540,11967,0,0,442,6468,153,5255,442,11723,California
Lake,2021-03-02,746,17739,18,5044,728,12695,0,0,288,6299,457,5712,288,12011,California
Lake,2021-03-03,370,18109,196,5240,174,12869,0,0,147,6223,223,5935,147,12158,California
Lake,2021-03-04,578,18687,506,5746,72,12941,0,0,562,6769,16,5951,562,12720,California
Lake,2021-03-05,1047,19734,52,5798,995,13936,0,0,186,6098,857,6808,186,12906,California
Lake,2021-03-06,35,19769,9,5807,25,13961,1,1,22,6108,13,6821,23,12929,California
Lake,2021-03-07,7,19776,5,5812,2,13963,0,1,4,6109,3,6824,4,12933,California
Lake,2021-03-08,342,20118,267,6079,65,14028,10,11,300,6377,42,6866,310,13243,California
Lake,2021-03-09,931,21049,44,6123,870,14898,17,28,407,6279,523,7389,425,13668,California
Lake,2021-03-10,205,21254,60,6183,131,15029,14,42,135,6359,70,7459,150,13818,California
Lake,2021-03-11,587,21841,49,6232,64,15093,474,516,47,6340,540,7999,521,14339,California
Lake,2021-03-12,851,22692,203,6435,623,15716,25,541,361,6238,488,8487,386,14725,California
Lake,2021-03-13,282,22974,22,6457,24,15740,236,777,19,6230,262,8749,254,14979,California
Lake,2021-03-14,11,22985,2,6459,9,15749,0,777,7,6233,4,8753,7,14986,California
Lake,2021-03-15,642,23627,13,6472,611,16360,18,795,481,6571,161,8914,499,15485,California
Lake,2021-03-16,1117,24744,836,7308,264,16624,17,812,378,6230,735,9649,394,15879,California
Lake,2021-03-17,249,24993,122,7430,105,16729,22,834,92,6187,157,9806,114,15993,California
Lake,2021-03-18,750,25743,377,7807,336,17065,37,871,355,6186,392,10198,391,16384,California
Lake,2021-03-19,586,26329,317,8124,249,17314,20,891,476,6573,109,10307,496,16880,California
Lake,2021-03-20,249,26578,9,8133,237,17551,3,894,31,6391,216,10523,34,16914,California
Lake,2021-03-21,15,26593,10,8143,4,17555,1,895,10,6397,5,10528,11,16925,California
Lake,2021-03-22,337,26930,256,8399,67,17622,14,909,250,6574,87,10615,264,17189,California
Lake,2021-03-23,429,27359,21,8420,394,18016,14,923,363,6886,65,10680,377,17566,California
Lake,2021-03-24,423,27782,62,8482,353,18369,8,931,326,7125,96,10776,335,17901,California
Lake,2021-03-25,675,28457,483,8965,185,18554,7,938,174,6804,501,11277,180,18081,California
Lake,2021-03-26,68,28525,32,8997,35,18589,1,939,31,6799,37,11314,32,18113,California
Lake,2021-03-27,309,28834,7,9004,299,18888,3,942,17,6529,290,11604,20,18133,California
Lake,2021-03-28,17,28851,8,9012,9,18897,0,942,9,6530,8,11612,9,18142,California
Lake,2021-03-29,986,29837,286,9298,698,19595,2,944,204,5956,780,12392,206,18348,California
Lake,2021-03-30,465,30302,314,9612,149,19744,2,946,366,6226,98,12490,368,18716,California
Lake,2021-03-31,615,30917,60,9672,555,20299,0,946,433,6486,173,12663,433,19149,California
Lake,2021-04-01,449,31366,234,9906,203,20502,12,958,187,6427,258,12921,199,19348,California
Lake,2021-04-02,223,31589,41,9947,154,20656,28,986,97,6426,126,13047,125,19473,California
Lake,2021-04-03,33,31622,6,9953,24,20680,3,989,13,6422,20,13067,16,19489,California
Lake,2021-04-04,20,31642,11,9964,7,20687,2,991,15,6434,5,13072,17,19506,California
Lake,2021-04-05,644,32286,71,10035,553,21240,20,1011,402,6616,239,13311,421,19927,California
Lake,2021-04-06,480,32766,17,10052,437,21677,26,1037,308,6779,171,13482,334,20261,California
Lake,2021-04-07,524,33290,57,10109,415,22092,52,1089,354,7017,168,13650,406,20667,California
Lake,2021-04-08,604,33894,493,10602,45,22137,66,1155,103,6688,498,14148,169,20836,California
Lake,2021-04-09,281,34175,39,10641,173,22310,69,1224,48,6574,230,14378,116,20952,California
Lake,2021-04-10,256,34431,15,10656,15,22325,226,1450,11,6566,245,14623,237,21189,California
Lake,2021-04-11,21,34452,16,10672,3,22328,2,1452,7,6561,14,14637,9,21198,California
Lake,2021-04-12,1083,35535,233,10905,816,23144,34,1486,244,6001,838,15475,278,21476,California
Lake,2021-04-13,181,35716,110,11015,71,23215,0,1486,54,5928,127,15602,54,21530,California
Lake,2021-04-14,620,36336,38,11053,582,23797,0,1486,555,6418,65,15667,555,22085,California
Lake,2021-04-15,646,36982,192,11245,454,24251,0,1486,332,6436,314,15981,332,22417,California
Lake,2021-04-16,266,37248,31,11276,235,24486,0,1486,75,6321,190,16171,75,22492,California
Lake,2021-04-17,42,37290,12,11288,30,24516,0,1486,32,6343,10,16181,32,22524,California
Lake,2021-04-18,9,37299,6,11294,3,24519,0,1486,0,6334,9,16190,0,22524,California
Lake,2021-04-19,298,37597,39,11333,259,24778,0,1486,247,6530,51,16241,247,22771,California
Lake,2021-04-20,694,38291,280,11613,414,25192,0,1486,95,6028,598,16839,96,22867,California
Lake,2021-04-21,531,38822,62,11675,469,25661,0,1486,196,5889,335,17174,196,23063,California
Lake,2021-04-22,471,39293,51,11726,420,26081,0,1486,323,6065,147,17321,323,23386,California
Lake,2021-04-23,120,39413,62,11788,58,26139,0,1486,72,6090,47,17368,72,23458,California
Lake,2021-04-24,55,39468,9,11797,46,26185,0,1486,41,6117,14,17382,41,23499,California
Lake,2021-04-25,37,39505,20,11817,17,26202,0,1486,25,6130,12,17394,25,23524,California
Lake,2021-04-26,294,39799,82,11899,211,26413,1,1487,89,6015,205,17599,90,23614,California
Lake,2021-04-27,249,40048,24,11923,207,26620,18,1505,86,5956,163,17762,104,23718,California
Lake,2021-04-28,512,40560,51,11974,446,27066,15,1520,91,5642,419,18181,105,23823,California
Lake,2021-04-29,208,40768,81,12055,111,27177,16,1536,109,5667,99,18280,124,23947,California
Lake,2021-04-30,288,41056,44,12099,213,27390,31,1567,147,5704,141,18421,178,24125,California
Lake,2021-05-01,49,41105,27,12126,20,27410,2,1569,34,5726,14,18435,36,24161,California
Lake,2021-05-02,18,41123,9,12135,8,27418,1,1570,9,5727,9,18444,10,24171,California
Lake,2021-05-03,412,41535,30,12165,347,27765,35,1605,66,5483,345,18789,101,24272,California
Lake,2021-05-04,404,41939,217,12382,139,27904,48,1653,124,5376,279,19068,172,24444,California
Lake,2021-05-05,629,42568,44,12426,573,28477,12,1665,84,4929,542,19610,95,24539,California
Lake,2021-05-06,141,42709,19,12445,93,28570,29,1694,72,4960,69,19679,100,24639,California
Lake,2021-05-07,166,42875,29,12474,117,28687,20,1714,102,5020,62,19741,122,24761,California
Lake,2021-05-08,43,42918,8,12482,35,28722,0,1714,36,5049,7,19748,36,24797,California
Lake,2021-05-09,17,42935,2,12484,10,28732,5,1719,10,5057,7,19755,15,24812,California
Lake,2021-05-10,245,43180,11,12495,206,28938,28,1747,59,4959,185,19940,87,24899,California
Lake,2021-05-11,194,43374,25,12520,152,29090,17,1764,115,5013,79,20019,133,25032,California
Lake,2021-05-12,542,43916,33,12553,489,29579,20,1784,56,4602,486,20505,75,25107,California
Lake,2021-05-13,316,44232,69,12622,233,29812,14,1798,72,4446,242,20747,86,25193,California
Lake,2021-05-14,266,44498,83,12705,165,29977,18,1816,163,4525,101,20848,180,25373,California
Lake,2021-05-15,44,44542,18,12723,23,30000,3,1819,27,4538,17,20865,30,25403,California
Lake,2021-05-16,33,44575,19,12742,13,30013,1,1820,18,4542,15,20880,19,25422,California
Lake,2021-05-17,315,44890,44,12786,256,30269,15,1835,82,4409,230,21110,97,25519,California
Lake,2021-05-18,301,45191,65,12851,217,30486,19,1854,174,4476,126,21236,193,25712,California
Lake,2021-05-19,313,45504,57,12908,241,30727,15,1869,88,4355,224,21460,103,25815,California
Lake,2021-05-20,236,45740,60,12968,165,30892,11,1880,93,4316,143,21603,104,25919,California
Lake,2021-05-21,273,46013,51,13019,198,31090,24,1904,113,4295,158,21761,137,26056,California
Lake,2021-05-22,97,46110,53,13072,41,31131,3,1907,48,4297,49,21810,51,26107,California
Lake,2021-05-23,57,46167,28,13100,28,31159,1,1908,29,4299,28,21838,30,26137,California
Lake,2021-05-24,157,46324,36,13136,107,31266,14,1922,71,4298,86,21924,85,26222,California
Lake,2021-05-25,205,46529,58,13194,136,31402,11,1933,75,4255,129,22053,86,26308,California
Lake,2021-05-26,151,46680,44,13238,96,31498,11,1944,54,4225,95,22148,65,26373,California
Lake,2021-05-27,175,46855,49,13287,112,31610,14,1958,61,4187,113,22261,75,26448,California
Lake,2021-05-28,222,47077,21,13308,163,31773,38,1996,50,4105,169,22430,87,26535,California
Lake,2021-05-29,37,47114,10,13318,21,31794,6,2002,14,4102,23,22453,20,26555,California
Lake,2021-05-30,22,47136,6,13324,14,31808,2,2004,12,4106,10,22463,14,26569,California
Lake,2021-05-31,63,47199,21,13345,40,31848,2,2006,53,4151,10,22473,55,26624,California
Lake,2021-06-01,199,47398,40,13385,150,31998,9,2015,69,4100,129,22602,78,26702,California
Lake,2021-06-02,133,47531,46,13431,75,32073,12,2027,54,4087,79,22681,66,26768,California
Lake,2021-06-03,179,47710,51,13482,109,32182,19,2046,77,4081,102,22783,96,26864,California
Lake,2021-06-04,183,47893,53,13535,115,32297,15,2061,45,4005,136,22919,60,26924,California
Lake,2021-06-05,91,47984,56,13591,27,32324,8,2069,55,4032,36,22955,63,26987,California
Lake,2021-06-06,67,48051,37,13628,30,32354,0,2069,23,4011,44,22999,23,27010,California
Lake,2021-06-07,88,48139,28,13656,52,32406,8,2077,30,3992,57,23056,38,27048,California
Lake,2021-06-08,179,48318,68,13724,99,32505,12,2089,67,3959,112,23168,79,27127,California
Lake,2021-06-09,172,48490,43,13767,125,32630,4,2093,37,3867,133,23301,41,27168,California
Lake,2021-06-10,127,48617,62,13829,52,32682,13,2106,50,3853,77,23378,63,27231,California
Lake,2021-06-11,208,48825,67,13896,118,32800,23,2129,48,3766,158,23536,71,27302,California
Lake,2021-06-12,67,48892,38,13934,22,32822,7,2136,34,3774,33,23569,41,27343,California
Lake,2021-06-13,29,48921,16,13950,13,32835,0,2136,14,3773,15,23584,14,27357,California
Lake,2021-06-14,179,49100,87,14037,79,32914,13,2149,50,3708,128,23712,63,27420,California
Lake,2021-06-15,244,49344,65,14102,162,33076,17,2166,78,3637,166,23878,95,27515,California
Lake,2021-06-16,162,49506,57,14159,91,33167,14,2180,55,3600,106,23984,69,27584,California
Lake,2021-06-17,179,49685,86,14245,83,33250,10,2190,80,3592,98,24082,90,27674,California
Lake,2021-06-18,133,49818,38,14283,86,33336,9,2199,52,3572,81,24163,61,27735,California
Lake,2021-06-19,67,49885,25,14308,42,33378,0,2199,34,3573,33,24196,34,27769,California
Lake,2021-06-20,22,49907,8,14316,12,33390,2,2201,11,3575,11,24207,13,27782,California
Lake,2021-06-21,68,49975,17,14333,44,33434,7,2208,30,3574,38,24245,37,27819,California
Lake,2021-06-22,135,50110,51,14384,74,33508,10,2218,62,3574,72,24317,72,27891,California
Lake,2021-06-23,92,50202,38,14422,40,33548,14,2232,51,3598,41,24358,65,27956,California
Lassen,2020-12-16,8,8,8,8,0,0,0,0,8,8,0,0,8,8,California
Lassen,2020-12-17,6,14,6,14,0,0,0,0,6,14,0,0,6,14,California
Lassen,2020-12-18,1,15,1,15,0,0,0,0,1,15,0,0,1,15,California
Lassen,2020-12-19,5,20,5,20,0,0,0,0,5,20,0,0,5,20,California
Lassen,2020-12-20,2,22,2,22,0,0,0,0,2,22,0,0,2,22,California
Lassen,2020-12-21,11,33,11,33,0,0,0,0,11,33,0,0,11,33,California
Lassen,2020-12-22,23,56,23,56,0,0,0,0,23,56,0,0,23,56,California
Lassen,2020-12-23,6,62,6,62,0,0,0,0,6,62,0,0,6,62,California
Lassen,2020-12-24,11,73,11,73,0,0,0,0,11,73,0,0,11,73,California
Lassen,2020-12-28,3,76,2,75,1,1,0,0,3,76,0,0,3,76,California
Lassen,2020-12-29,35,111,35,110,0,1,0,0,35,111,0,0,35,111,California
Lassen,2020-12-30,36,147,35,145,1,2,0,0,36,147,0,0,36,147,California
Lassen,2020-12-31,49,196,42,187,7,9,0,0,49,196,0,0,49,196,California
Lassen,2021-01-02,1,197,0,187,1,10,0,0,1,197,0,0,1,197,California
Lassen,2021-01-04,15,212,2,189,13,23,0,0,15,212,0,0,15,212,California
Lassen,2021-01-05,193,405,52,241,141,164,0,0,193,405,0,0,193,405,California
Lassen,2021-01-06,95,500,44,285,51,215,0,0,87,485,8,8,88,493,California
Lassen,2021-01-07,43,543,7,292,36,251,0,0,37,516,6,14,37,530,California
Lassen,2021-01-08,50,593,2,294,48,299,0,0,50,566,0,14,50,580,California
Lassen,2021-01-09,12,605,6,300,6,305,0,0,12,578,0,14,12,592,California
Lassen,2021-01-11,27,632,5,305,22,327,0,0,27,605,0,14,27,619,California
Lassen,2021-01-12,49,681,29,334,20,347,0,0,30,616,19,33,30,649,California
Lassen,2021-01-13,161,842,19,353,142,489,0,0,146,747,15,48,146,795,California
Lassen,2021-01-14,163,1005,18,371,145,634,0,0,151,886,12,60,151,946,California
Lassen,2021-01-15,33,1038,6,377,27,661,0,0,33,919,0,60,33,979,California
Lassen,2021-01-16,34,1072,33,410,1,662,0,0,34,953,0,60,34,1013,California
Lassen,2021-01-17,1,1073,0,410,1,663,0,0,1,954,0,60,1,1014,California
Lassen,2021-01-18,5,1078,2,412,3,666,0,0,4,957,1,61,4,1018,California
Lassen,2021-01-19,186,1264,36,448,150,816,0,0,158,1087,28,89,158,1176,California
Lassen,2021-01-20,189,1453,101,549,88,904,0,0,106,1125,68,157,106,1282,California
Lassen,2021-01-21,145,1598,93,642,52,956,0,0,121,1228,18,175,121,1403,California
Lassen,2021-01-22,31,1629,18,660,13,969,0,0,21,1239,10,185,21,1424,California
Lassen,2021-01-23,2,1631,0,660,2,971,0,0,2,1241,0,185,2,1426,California
Lassen,2021-01-24,1,1632,0,660,1,972,0,0,1,1242,0,185,1,1427,California
Lassen,2021-01-25,12,1644,1,661,11,983,0,0,11,1252,1,186,11,1438,California
Lassen,2021-01-26,126,1770,12,673,114,1097,0,0,122,1370,4,190,122,1560,California
Lassen,2021-01-27,90,1860,37,710,53,1150,0,0,72,1424,18,208,72,1632,California
Lassen,2021-01-28,86,1946,16,726,70,1220,0,0,85,1508,1,209,85,1717,California
Lassen,2021-01-29,23,1969,7,733,16,1236,0,0,22,1529,1,210,22,1739,California
Lassen,2021-02-01,61,2030,4,737,57,1293,0,0,36,1540,25,235,36,1775,California
Lassen,2021-02-02,177,2207,12,749,165,1458,0,0,44,1451,133,368,44,1819,California
Lassen,2021-02-03,97,2304,21,770,76,1534,0,0,50,1454,47,415,50,1869,California
Lassen,2021-02-04,112,2416,15,785,97,1631,0,0,63,1468,49,464,63,1932,California
Lassen,2021-02-05,66,2482,12,797,54,1685,0,0,24,1450,42,506,24,1956,California
Lassen,2021-02-06,69,2551,34,831,35,1720,0,0,36,1454,32,538,36,1992,California
Lassen,2021-02-07,3,2554,3,834,0,1720,0,0,3,1457,0,538,3,1995,California
Lassen,2021-02-08,44,2598,4,838,40,1760,0,0,18,1449,26,564,18,2013,California
Lassen,2021-02-09,128,2726,7,845,121,1881,0,0,49,1419,79,643,49,2062,California
Lassen,2021-02-10,184,2910,22,867,162,2043,0,0,76,1387,108,751,76,2138,California
Lassen,2021-02-11,183,3093,16,883,167,2210,0,0,79,1363,103,854,79,2217,California
Lassen,2021-02-12,44,3137,11,894,33,2243,0,0,16,1351,28,882,16,2233,California
Lassen,2021-02-13,11,3148,3,897,8,2251,0,0,9,1358,2,884,9,2242,California
Lassen,2021-02-14,13,3161,0,897,13,2264,0,0,12,1369,1,885,12,2254,California
Lassen,2021-02-15,22,3183,3,900,19,2283,0,0,17,1382,4,889,17,2271,California
Lassen,2021-02-16,193,3376,4,904,189,2472,0,0,31,1253,160,1049,31,2302,California
Lassen,2021-02-17,183,3559,94,998,89,2561,0,0,10,1090,173,1222,10,2312,California
Lassen,2021-02-18,80,3639,23,1021,57,2618,0,0,19,1048,61,1283,19,2331,California
Lassen,2021-02-19,83,3722,62,1083,21,2639,0,0,19,1003,64,1347,19,2350,California
Lassen,2021-02-20,8,3730,0,1083,8,2647,0,0,6,1007,2,1349,6,2356,California
Lassen,2021-02-21,22,3752,2,1085,20,2667,0,0,18,1021,4,1353,18,2374,California
Lassen,2021-02-22,24,3776,10,1095,14,2681,0,0,6,1009,18,1371,6,2380,California
Lassen,2021-02-23,154,3930,10,1105,144,2825,0,0,43,941,111,1482,43,2423,California
Lassen,2021-02-24,166,4096,16,1121,150,2975,0,0,107,990,58,1540,107,2530,California
Lassen,2021-02-25,158,4254,21,1142,137,3112,0,0,99,1030,59,1599,99,2629,California
Lassen,2021-02-26,74,4328,16,1158,58,3170,0,0,37,1030,37,1636,37,2666,California
Lassen,2021-02-27,8,4336,7,1165,1,3171,0,0,3,1028,5,1641,3,2669,California
Lassen,2021-02-28,7,4343,2,1167,5,3176,0,0,3,1027,4,1645,3,2672,California
Lassen,2021-03-01,42,4385,4,1171,38,3214,0,0,8,1002,33,1678,8,2680,California
Lassen,2021-03-02,108,4493,8,1179,100,3314,0,0,81,1057,26,1704,81,2761,California
Lassen,2021-03-03,169,4662,11,1190,158,3472,0,0,113,1114,56,1760,113,2874,California
Lassen,2021-03-04,149,4811,17,1207,132,3604,0,0,98,1162,50,1810,98,2972,California
Lassen,2021-03-05,49,4860,7,1214,18,3622,24,24,11,1159,38,1848,35,3007,California
Lassen,2021-03-06,55,4915,4,1218,29,3651,22,46,5,1136,50,1898,27,3034,California
Lassen,2021-03-07,58,4973,3,1221,0,3651,55,101,3,1139,55,1953,58,3092,California
Lassen,2021-03-08,88,5061,2,1223,7,3658,79,180,3,1136,85,2038,82,3174,California
Lassen,2021-03-09,137,5198,11,1234,109,3767,17,197,89,1194,48,2086,106,3280,California
Lassen,2021-03-10,175,5373,10,1244,163,3930,2,199,79,1180,95,2181,81,3361,California
Lassen,2021-03-11,185,5558,16,1260,162,4092,7,206,113,1231,69,2250,120,3481,California
Lassen,2021-03-12,34,5592,17,1277,13,4105,4,210,12,1225,22,2272,16,3497,California
Lassen,2021-03-13,48,5640,0,1277,2,4107,46,256,1,1224,47,2319,46,3543,California
Lassen,2021-03-14,14,5654,2,1279,11,4118,1,257,2,1215,12,2331,3,3546,California
Lassen,2021-03-15,34,5688,3,1282,31,4149,0,257,16,1213,18,2349,16,3562,California
Lassen,2021-03-16,93,5781,2,1284,85,4234,6,263,74,1274,19,2368,80,3642,California
Lassen,2021-03-17,1082,6863,9,1293,1068,5302,5,268,1063,2323,19,2387,1068,4710,California
Lassen,2021-03-18,94,6957,9,1302,84,5386,1,269,81,2392,13,2400,82,4792,California
Lassen,2021-03-19,18,6975,11,1313,3,5389,4,273,7,2392,11,2411,11,4803,California
Lassen,2021-03-20,30,7005,3,1316,24,5413,3,276,23,2411,7,2418,26,4829,California
Lassen,2021-03-21,33,7038,0,1316,33,5446,0,276,13,2405,19,2437,13,4842,California
Lassen,2021-03-22,59,7097,1,1317,58,5504,0,276,56,2458,3,2440,56,4898,California
Lassen,2021-03-23,120,7217,11,1328,108,5612,1,277,67,2473,53,2493,68,4966,California
Lassen,2021-03-24,213,7430,13,1341,199,5811,1,278,106,2475,105,2598,107,5073,California
Lassen,2021-03-25,155,7585,23,1364,132,5943,0,278,72,2464,83,2681,72,5145,California
Lassen,2021-03-26,78,7663,13,1377,26,5969,39,317,19,2463,58,2739,57,5202,California
Lassen,2021-03-27,21,7684,4,1381,1,5970,16,333,3,2464,18,2757,19,5221,California
Lassen,2021-03-28,17,7701,4,1385,4,5974,9,342,2,2460,15,2772,11,5232,California
Lassen,2021-03-29,53,7754,0,1385,28,6002,25,367,20,2473,32,2804,45,5277,California
Lassen,2021-03-30,200,7954,10,1395,164,6166,26,393,52,2403,148,2952,78,5355,California
Lassen,2021-03-31,147,8101,12,1407,113,6279,22,415,62,2403,84,3036,84,5439,California
Lassen,2021-04-01,166,8267,15,1422,131,6410,20,435,48,2354,117,3153,68,5507,California
Lassen,2021-04-02,30,8297,4,1426,3,6413,23,458,2,2351,28,3181,25,5532,California
Lassen,2021-04-03,12,8309,0,1426,2,6415,10,468,0,2349,12,3193,10,5542,California
Lassen,2021-04-04,7,8316,2,1428,0,6415,5,473,1,2349,6,3199,6,5548,California
Lassen,2021-04-05,22,8338,4,1432,11,6426,7,480,11,2356,11,3210,18,5566,California
Lassen,2021-04-06,183,8521,8,1440,145,6571,30,510,53,2309,130,3340,83,5649,California
Lassen,2021-04-07,135,8656,6,1446,92,6663,37,547,32,2277,103,3443,71,5720,California
Lassen,2021-04-08,169,8825,9,1455,104,6767,56,603,32,2232,133,3576,88,5808,California
Lassen,2021-04-09,51,8876,6,1461,10,6777,35,638,8,2232,42,3618,42,5850,California
Lassen,2021-04-10,10,8886,0,1461,2,6779,8,646,0,2231,9,3627,8,5858,California
Lassen,2021-04-11,6,8892,2,1463,1,6780,3,649,3,2234,3,3630,6,5864,California
Lassen,2021-04-12,32,8924,4,1467,15,6795,13,662,4,2223,28,3658,17,5881,California
Lassen,2021-04-13,129,9053,6,1473,123,6918,0,662,40,2175,88,3746,40,5921,California
Lassen,2021-04-14,989,10042,16,1489,973,7891,0,662,51,1289,937,4683,51,5972,California
Lassen,2021-04-15,147,10189,14,1503,133,8024,0,662,19,1180,128,4811,19,5991,California
Lassen,2021-04-16,14,10203,5,1508,9,8033,0,662,6,1178,8,4819,6,5997,California
Lassen,2021-04-17,24,10227,2,1510,22,8055,0,662,4,1162,20,4839,4,6001,California
Lassen,2021-04-18,5,10232,2,1512,3,8058,0,662,2,1161,3,4842,2,6003,California
Lassen,2021-04-19,34,10266,0,1512,34,8092,0,662,17,1161,17,4859,17,6020,California
Lassen,2021-04-20,137,10403,7,1519,130,8222,0,662,51,1126,86,4945,51,6071,California
Lassen,2021-04-21,165,10568,10,1529,154,8376,1,663,32,1028,131,5076,33,6104,California
Lassen,2021-04-22,104,10672,16,1545,88,8464,0,663,34,992,70,5146,34,6138,California
Lassen,2021-04-23,25,10697,1,1546,24,8488,0,663,19,1005,6,5152,19,6157,California
Lassen,2021-04-24,9,10706,5,1551,4,8492,0,663,3,1002,6,5158,3,6160,California
Lassen,2021-04-25,5,10711,0,1551,4,8496,1,664,3,1004,2,5160,4,6164,California
Lassen,2021-04-26,42,10753,2,1553,36,8532,4,668,8,983,33,5193,12,6176,California
Lassen,2021-04-27,122,10875,9,1562,110,8642,3,671,69,1002,53,5246,72,6248,California
Lassen,2021-04-28,82,10957,7,1569,73,8715,2,673,29,980,53,5299,31,6279,California
Lassen,2021-04-29,68,11025,7,1576,58,8773,3,676,23,962,44,5343,26,6305,California
Lassen,2021-04-30,13,11038,8,1584,2,8775,3,679,4,960,9,5352,7,6312,California
Lassen,2021-05-01,4,11042,0,1584,3,8778,1,680,3,963,1,5353,4,6316,California
Lassen,2021-05-02,11,11053,7,1591,4,8782,0,680,7,966,4,5357,7,6323,California
Lassen,2021-05-03,18,11071,2,1593,10,8792,6,686,3,960,15,5372,9,6332,California
Lassen,2021-05-04,72,11143,5,1598,59,8851,8,694,20,936,52,5424,28,6360,California
Lassen,2021-05-05,82,11225,4,1602,67,8918,11,705,26,918,55,5479,37,6397,California
Lassen,2021-05-06,84,11309,21,1623,41,8959,22,727,25,906,59,5538,47,6444,California
Lassen,2021-05-07,49,11358,33,1656,11,8970,5,732,41,944,8,5546,46,6490,California
Lassen,2021-05-08,11,11369,0,1656,5,8975,6,738,4,947,7,5553,10,6500,California
Lassen,2021-05-09,3,11372,1,1657,0,8975,2,740,0,946,3,5556,2,6502,California
Lassen,2021-05-10,12,11384,1,1658,8,8983,3,743,6,949,6,5562,9,6511,California
Lassen,2021-05-11,71,11455,1,1659,61,9044,9,752,19,925,52,5614,28,6539,California
Lassen,2021-05-12,45,11500,5,1664,34,9078,6,758,15,916,30,5644,21,6560,California
Lassen,2021-05-13,39,11539,11,1675,23,9101,5,763,13,908,26,5670,18,6578,California
Lassen,2021-05-14,23,11562,5,1680,10,9111,8,771,12,917,11,5681,20,6598,California
Lassen,2021-05-15,16,11578,2,1682,4,9115,10,781,4,919,12,5693,14,6612,California
Lassen,2021-05-16,7,11585,2,1684,3,9118,2,783,2,919,4,5697,4,6616,California
Lassen,2021-05-17,36,11621,4,1688,20,9138,12,795,11,917,25,5722,23,6639,California
Lassen,2021-05-18,94,11715,11,1699,70,9208,13,808,30,896,64,5786,43,6682,California
Lassen,2021-05-19,61,11776,4,1703,46,9254,11,819,9,864,51,5837,19,6701,California
Lassen,2021-05-20,35,11811,8,1711,18,9272,9,828,12,862,23,5860,21,6722,California
Lassen,2021-05-21,67,11878,33,1744,20,9292,14,842,37,883,30,5890,51,6773,California
Lassen,2021-05-22,17,11895,2,1746,7,9299,8,850,7,888,10,5900,15,6788,California
Lassen,2021-05-23,6,11901,4,1750,1,9300,1,851,0,883,6,5906,1,6789,California
Lassen,2021-05-24,12,11913,1,1751,9,9309,2,853,6,886,5,5911,8,6797,California
Lassen,2021-05-25,101,12014,6,1757,86,9395,9,862,34,862,67,5978,43,6840,California
Lassen,2021-05-26,59,12073,1,1758,42,9437,16,878,11,841,48,6026,27,6867,California
Lassen,2021-05-27,45,12118,18,1776,21,9458,6,884,15,833,29,6055,21,6888,California
Lassen,2021-05-28,75,12193,49,1825,18,9476,8,892,33,832,42,6097,41,6929,California
Lassen,2021-05-29,15,12208,1,1826,12,9488,2,894,9,837,6,6103,11,6940,California
Lassen,2021-05-30,2,12210,0,1826,1,9489,1,895,1,838,1,6104,2,6942,California
Lassen,2021-05-31,7,12217,0,1826,6,9495,1,896,1,834,6,6110,2,6944,California
Lassen,2021-06-01,45,12262,2,1828,36,9531,7,903,16,828,29,6139,23,6967,California
Lassen,2021-06-02,60,12322,3,1831,41,9572,16,919,16,817,43,6182,32,6999,California
Lassen,2021-06-03,31,12353,6,1837,15,9587,10,929,8,812,23,6205,18,7017,California
Lassen,2021-06-04,39,12392,2,1839,25,9612,12,941,13,811,26,6231,25,7042,California
Lassen,2021-06-05,14,12406,3,1842,7,9619,4,945,4,809,10,6241,8,7050,California
Lassen,2021-06-06,5,12411,0,1842,2,9621,3,948,1,809,4,6245,4,7054,California
Lassen,2021-06-07,19,12430,0,1842,10,9631,9,957,3,805,16,6261,12,7066,California
Lassen,2021-06-08,40,12470,6,1848,30,9661,4,961,16,801,24,6285,20,7086,California
Lassen,2021-06-09,19,12489,2,1850,15,9676,2,963,7,799,11,6296,9,7095,California
Lassen,2021-06-10,24,12513,10,1860,12,9688,2,965,12,801,12,6308,14,7109,California
Lassen,2021-06-11,43,12556,29,1889,13,9701,1,966,12,783,31,6339,13,7122,California
Lassen,2021-06-12,6,12562,2,1891,4,9705,0,966,2,781,4,6343,2,7124,California
Lassen,2021-06-13,3,12565,2,1893,1,9706,0,966,1,780,2,6345,1,7125,California
Lassen,2021-06-14,9,12574,1,1894,6,9712,2,968,3,780,5,6350,5,7130,California
Lassen,2021-06-15,51,12625,5,1899,40,9752,6,974,15,765,36,6386,21,7151,California
Lassen,2021-06-16,12,12637,1,1900,6,9758,5,979,7,772,5,6391,12,7163,California
Lassen,2021-06-17,24,12661,12,1912,8,9766,4,983,10,772,14,6405,14,7177,California
Lassen,2021-06-18,51,12712,21,1933,21,9787,9,992,12,753,39,6444,20,7197,California
Lassen,2021-06-19,13,12725,1,1934,10,9797,2,994,5,752,8,6452,7,7204,California
Lassen,2021-06-20,7,12732,3,1937,3,9800,1,995,6,758,1,6453,7,7211,California
Lassen,2021-06-21,14,12746,0,1937,11,9811,3,998,4,755,10,6463,7,7218,California
Lassen,2021-06-22,36,12782,1,1938,34,9845,1,999,18,756,18,6481,19,7237,California
Lassen,2021-06-23,11,12793,2,1940,5,9850,4,1003,3,755,8,6489,7,7244,California
Los Angeles,2020-12-15,398,398,398,398,0,0,0,0,398,398,0,0,398,398,California
Los Angeles,2020-12-16,3589,3987,3589,3987,0,0,0,0,3589,3987,0,0,3589,3987,California
Los Angeles,2020-12-17,10425,14412,10425,14412,0,0,0,0,10426,14413,0,0,10426,14413,California
Los Angeles,2020-12-18,14806,29218,14782,29194,24,24,0,0,14805,29218,0,0,14805,29218,California
Los Angeles,2020-12-19,7315,36533,7306,36500,9,33,0,0,7317,36535,0,0,7317,36535,California
Los Angeles,2020-12-20,4672,41205,4662,41162,10,43,0,0,4674,41209,0,0,4674,41209,California
Los Angeles,2020-12-21,13792,54997,13775,54937,17,60,0,0,13792,55000,1,1,13792,55001,California
Los Angeles,2020-12-22,11604,66601,11211,66148,393,453,0,0,11603,66601,2,3,11603,66604,California
Los Angeles,2020-12-23,12022,78623,10241,76389,1781,2234,0,0,12023,78624,0,3,12023,78627,California
Los Angeles,2020-12-24,7070,85693,4278,80667,2792,5026,0,0,7072,85696,0,3,7072,85699,California
Los Angeles,2020-12-25,531,86224,424,81091,107,5133,0,0,532,86228,0,3,532,86231,California
Los Angeles,2020-12-26,2546,88770,2194,83285,352,5485,0,0,2545,88771,2,5,2545,88776,California
Los Angeles,2020-12-27,1785,90555,1044,84329,741,6226,0,0,1785,90556,0,5,1785,90561,California
Los Angeles,2020-12-28,10398,100953,6445,90774,3953,10179,0,0,10395,100950,1,6,10395,100956,California
Los Angeles,2020-12-29,11686,112639,6130,96904,5556,15735,0,0,11687,112636,1,7,11687,112643,California
Los Angeles,2020-12-30,14966,127605,8135,105039,6831,22566,0,0,14965,127601,0,7,14965,127608,California
Los Angeles,2020-12-31,8012,135617,2777,107816,5235,27801,0,0,8007,135604,4,11,8007,135615,California
Los Angeles,2021-01-01,1092,136709,320,108136,772,28573,0,0,1090,136692,2,13,1090,136705,California
Los Angeles,2021-01-02,4505,141214,1683,109819,2822,31395,0,0,4505,141197,0,13,4505,141210,California
Los Angeles,2021-01-03,973,142187,230,110049,743,32138,0,0,971,142166,2,15,971,142181,California
Los Angeles,2021-01-04,12811,154998,4911,114960,7900,40038,0,0,12795,154958,3,18,12795,154976,California
Los Angeles,2021-01-05,16157,171155,7135,122095,9022,49060,0,0,14208,167252,1920,1938,14214,169190,California
Los Angeles,2021-01-06,22807,193962,12126,134221,10681,59741,0,0,17112,178747,5627,7565,17122,186312,California
Los Angeles,2021-01-07,29699,223661,16020,150241,13679,73420,0,0,18913,186937,10739,18304,18929,205241,California
Los Angeles,2021-01-08,33312,256973,18004,168245,15308,88728,0,0,20989,195641,12295,30599,20999,226240,California
Los Angeles,2021-01-09,12459,269432,7113,175358,5346,94074,0,0,7567,198326,4889,35488,7574,233814,California
Los Angeles,2021-01-10,4719,274151,3656,179014,1063,95137,0,0,1974,197556,2745,38233,1975,235789,California
Los Angeles,2021-01-11,25962,300113,16331,195345,9631,104768,0,0,14969,201556,10980,49213,14980,250769,California
Los Angeles,2021-01-12,29493,329606,16259,211604,13234,118002,0,0,19277,210646,10199,59412,19289,270058,California
Los Angeles,2021-01-13,29475,359081,15721,227325,13754,131756,0,0,20447,222088,9011,68423,20453,290511,California
Los Angeles,2021-01-14,29440,388521,12761,240086,16679,148435,0,0,23872,240423,5548,73971,23883,314394,California
Los Angeles,2021-01-15,34114,422635,12444,252530,21670,170105,0,0,30500,267345,3587,77558,30509,344903,California
Los Angeles,2021-01-16,17717,440352,5007,257537,12710,182815,0,0,15920,281483,1788,79346,15926,360829,California
Los Angeles,2021-01-17,5273,445625,2359,259896,2914,185729,0,0,5014,286241,258,79604,5016,365845,California
Los Angeles,2021-01-18,15762,461387,10153,270049,5609,191338,0,0,11013,292521,4735,84339,11015,376860,California
Los Angeles,2021-01-19,38835,500222,20693,290742,18142,209480,0,0,30968,315679,7825,92164,30983,407843,California
Los Angeles,2021-01-20,46750,546972,24292,315034,22458,231938,0,0,39197,347369,7519,99683,39209,447052,California
Los Angeles,2021-01-21,49233,596205,22563,337597,26670,258608,0,0,44889,388001,4272,103955,44904,491956,California
Los Angeles,2021-01-22,48666,644871,22502,360099,26164,284772,0,0,45159,429717,3457,107412,45173,537129,California
Los Angeles,2021-01-23,34362,679233,15830,375929,18532,303304,0,0,32267,459934,2063,109475,32280,569409,California
Los Angeles,2021-01-24,15769,695002,12197,388126,3572,306876,0,0,15208,474592,553,110028,15211,584620,California
Los Angeles,2021-01-25,39720,734722,16702,404828,23018,329894,0,0,31023,496968,8663,118691,31039,615659,California
Los Angeles,2021-01-26,49849,784571,24710,429538,25139,355033,0,0,41547,530272,8264,126955,41568,657227,California
Los Angeles,2021-01-27,51216,835787,25976,455514,25240,380273,0,0,41722,562669,9349,136304,41746,698973,California
Los Angeles,2021-01-28,49228,885015,23504,479018,25724,405997,0,0,40641,594863,8463,144767,40657,739630,California
Los Angeles,2021-01-29,49993,935008,25720,504738,24273,430270,0,0,39793,624836,9837,154604,39810,779440,California
Los Angeles,2021-01-30,30468,965476,15639,520377,14829,445099,0,0,26131,646720,4253,158857,26137,805577,California
Los Angeles,2021-01-31,13098,978574,10311,530688,2787,447886,0,0,12177,657995,906,159763,12181,817758,California
Los Angeles,2021-02-01,38821,1017395,16442,547130,22379,470265,0,0,28136,675501,10642,170405,28148,845906,California
Los Angeles,2021-02-02,45038,1062433,18103,565233,26935,497200,0,0,32718,695948,12276,182681,32723,878629,California
Los Angeles,2021-02-03,52608,1115041,19688,584921,32920,530120,0,0,37578,718754,14782,197463,37588,916217,California
Los Angeles,2021-02-04,57527,1172568,20779,605700,36748,566868,0,0,39304,740166,17908,215371,39320,955537,California
Los Angeles,2021-02-05,61908,1234476,21241,626941,40667,607535,0,0,39671,758064,21783,237154,39681,995218,California
Los Angeles,2021-02-06,35786,1270262,13455,640396,22331,629866,0,0,27256,776893,8450,245604,27279,1022497,California
Los Angeles,2021-02-07,11002,1281264,8511,648907,2491,632357,0,0,8586,783087,2399,248003,8593,1031090,California
Los Angeles,2021-02-08,47266,1328530,21825,670732,25441,657798,0,0,30903,797776,16220,264223,30909,1061999,California
Los Angeles,2021-02-09,56141,1384671,24792,695524,31349,689147,0,0,28528,798785,27529,291752,28538,1090537,California
Los Angeles,2021-02-10,67339,1452010,29494,725018,37845,726992,0,0,30827,793506,36121,327873,30842,1121379,California
Los Angeles,2021-02-11,58741,1510751,31350,756368,27391,754383,0,0,28293,791823,29984,357857,28301,1149680,California
Los Angeles,2021-02-12,60348,1571099,30069,786437,30279,784662,0,0,26317,784508,33653,391510,26338,1176018,California
Los Angeles,2021-02-13,34034,1605133,19870,806307,14164,798826,0,0,15475,781576,18460,409970,15528,1191546,California
Los Angeles,2021-02-14,21974,1627107,14995,821302,6979,805805,0,0,8834,777346,13073,423043,8843,1200389,California
Los Angeles,2021-02-15,33096,1660203,16072,837374,17024,822829,0,0,18118,780576,14905,437948,18135,1218524,California
Los Angeles,2021-02-16,64551,1724754,32806,870180,31745,854574,0,0,29898,775948,34545,472493,29917,1248441,California
Los Angeles,2021-02-17,65229,1789983,34750,904930,30479,885053,0,0,26510,763957,38516,511009,26525,1274966,California
Los Angeles,2021-02-18,68905,1858888,35017,939947,33888,918941,0,0,28699,752665,40012,551021,28720,1303686,California
Los Angeles,2021-02-19,58733,1917621,36225,976172,22508,941449,0,0,28703,751473,29916,580937,28724,1332410,California
Los Angeles,2021-02-20,33170,1950791,24153,1000325,9017,950466,0,0,15977,750335,17138,598075,16000,1348410,California
Los Angeles,2021-02-21,22416,1973207,20726,1021051,1690,952156,0,0,11167,750326,11182,609257,11173,1359583,California
Los Angeles,2021-02-22,35070,2008277,25515,1046566,9555,961711,0,0,18090,751542,16895,626152,18111,1377694,California
Los Angeles,2021-02-23,55411,2063688,23903,1070469,31508,993219,0,0,21689,739664,33596,659748,21718,1399412,California
Los Angeles,2021-02-24,65345,2129033,29111,1099580,36234,1029453,0,0,28186,730916,36971,696719,28223,1427635,California
Los Angeles,2021-02-25,74518,2203551,34102,1133682,40416,1069869,0,0,38426,733463,35915,732634,38462,1466097,California
Los Angeles,2021-02-26,84188,2287739,38974,1172656,45214,1115083,0,0,47228,744023,36717,769351,47277,1513374,California
Los Angeles,2021-02-27,60650,2348389,26734,1199390,33908,1148991,8,8,30962,745514,29517,798868,31008,1544382,California
Los Angeles,2021-02-28,27057,2375446,18650,1218040,8404,1157395,3,11,18974,756536,7972,806840,18994,1563376,California
Los Angeles,2021-03-01,57535,2432981,32640,1250680,24855,1182250,40,51,34530,768350,22792,829632,34606,1597982,California
Los Angeles,2021-03-02,78359,2511340,38000,1288680,40352,1222602,7,58,49441,789073,28761,858393,49484,1647466,California
Los Angeles,2021-03-03,86265,2597605,44227,1332907,42020,1264622,18,76,54666,812386,31407,889800,54720,1702186,California
Los Angeles,2021-03-04,91967,2689572,47163,1380070,44788,1309410,16,92,58259,837186,33516,923316,58316,1760502,California
Los Angeles,2021-03-05,90776,2780348,44772,1424842,45970,1355380,34,126,60656,868038,29906,953222,60758,1821260,California
Los Angeles,2021-03-06,67588,2847936,34481,1459323,31276,1386656,1831,1957,43541,889534,23894,977116,45390,1866650,California
Los Angeles,2021-03-07,27386,2875322,20855,1480178,5692,1392348,839,2796,21173,905375,6179,983295,22020,1888670,California
Los Angeles,2021-03-08,54589,2929911,29532,1509710,23087,1415435,1970,4766,41270,935424,13202,996497,43251,1931921,California
Los Angeles,2021-03-09,81956,3011867,39100,1548810,39570,1455005,3286,8052,52221,961358,29575,1026072,55509,1987430,California
Los Angeles,2021-03-10,83582,3095449,41177,1589987,37512,1492517,4893,12945,52894,988615,30497,1056569,57754,2045184,California
Los Angeles,2021-03-11,93423,3188872,45797,1635784,40887,1533404,6739,19684,54728,1011556,38489,1095058,61430,2106614,California
Los Angeles,2021-03-12,99805,3288677,45244,1681028,40627,1574031,13934,33618,58279,1042419,41304,1136362,72167,2178781,California
Los Angeles,2021-03-13,75981,3364658,35879,1716907,28113,1602144,11989,45607,45321,1069153,30540,1166902,57274,2236055,California
Los Angeles,2021-03-14,39240,3403898,26371,1743278,10313,1612457,2556,48163,24047,1080624,15118,1182020,26589,2262644,California
Los Angeles,2021-03-15,75647,3479545,37177,1780455,33006,1645463,5464,53627,45824,1102266,29620,1211640,51262,2313906,California
Los Angeles,2021-03-16,100531,3580076,44223,1824678,50424,1695887,5884,59511,65142,1138080,35172,1246812,70986,2384892,California
Los Angeles,2021-03-17,98140,3678216,44876,1869554,44943,1740830,8321,67832,65805,1179945,32116,1278928,73981,2458873,California
Los Angeles,2021-03-18,103599,3781815,49730,1919284,48280,1789110,5589,73421,65548,1213330,37739,1316667,71124,2529997,California
Los Angeles,2021-03-19,109842,3891657,57464,1976748,47588,1836698,4790,78211,67687,1243890,41866,1358533,72426,2602423,California
Los Angeles,2021-03-20,76648,3968305,37865,2014613,34184,1870882,4599,82810,51978,1275980,24474,1383007,56564,2658987,California
Los Angeles,2021-03-21,34830,4003135,25930,2040543,7994,1878876,906,83716,22301,1286785,12400,1395407,23205,2682192,California
Los Angeles,2021-03-22,71223,4074358,41907,2082450,27144,1906020,2172,85888,49932,1317877,21008,1416415,52100,2734292,California
Los Angeles,2021-03-23,97085,4171443,52724,2135174,41115,1947135,3246,89134,58604,1341512,38201,1454616,61836,2796128,California
Los Angeles,2021-03-24,105523,4276966,56119,2191293,46231,1993366,3173,92307,60552,1360596,44630,1499246,63714,2859842,California
Los Angeles,2021-03-25,111371,4388337,59857,2251150,47607,2040973,3907,96214,62266,1377973,48779,1548025,66156,2925998,California
Los Angeles,2021-03-26,115779,4504116,63491,2314641,48044,2089017,4244,100458,63714,1394142,51757,1599782,67926,2993924,California
Los Angeles,2021-03-27,83781,4587897,44095,2358736,37548,2126565,2138,102596,42677,1398138,40820,1640602,44816,3038740,California
Los Angeles,2021-03-28,42286,4630183,28690,2387426,13011,2139576,585,103181,20062,1396697,22090,1662692,20649,3059389,California
Los Angeles,2021-03-29,83430,4713613,47020,2434446,34637,2174213,1773,104954,46151,1407568,37052,1699744,47923,3107312,California
Los Angeles,2021-03-30,109550,4823163,52448,2486894,51161,2225374,5941,110895,57030,1418238,52265,1752009,62935,3170247,California
Los Angeles,2021-03-31,123164,4946327,62309,2549203,52009,2277383,8846,119741,68387,1440968,54441,1806450,77171,3247418,California
Los Angeles,2021-04-01,134129,5080456,62932,2612135,55738,2333121,15459,135200,71675,1465939,62075,1868525,87046,3334464,California
Los Angeles,2021-04-02,133100,5213556,59590,2671725,57925,2391046,15585,150785,70437,1489609,62303,1930828,85973,3420437,California
Los Angeles,2021-04-03,98900,5312456,45328,2717053,39907,2430953,13665,164450,48676,1501858,50017,1980845,62266,3482703,California
Los Angeles,2021-04-04,39299,5351755,20579,2737632,12072,2443025,6648,171098,16365,1501989,22838,2003683,22969,3505672,California
Los Angeles,2021-04-05,94405,5446160,44731,2782363,39349,2482374,10325,181423,44426,1506913,49753,2053436,54677,3560349,California
Los Angeles,2021-04-06,121774,5567934,57442,2839805,43966,2526340,20366,201789,55685,1517015,65817,2119253,75919,3636268,California
Los Angeles,2021-04-07,121282,5689216,55257,2895062,44768,2571108,21257,223046,54546,1526224,66456,2185709,75665,3711933,California
Los Angeles,2021-04-08,133849,5823065,58988,2954050,50629,2621737,24232,247278,60098,1536975,73406,2259115,84157,3796090,California
Los Angeles,2021-04-09,132752,5955817,57651,3011701,50976,2672713,24125,271403,56696,1541907,75715,2334830,80647,3876737,California
Los Angeles,2021-04-10,102079,6057896,43152,3054853,34713,2707426,24214,295617,37359,1538882,64459,2399289,61434,3938171,California
Los Angeles,2021-04-11,41977,6099873,22693,3077546,9879,2717305,9405,305022,14448,1535235,27437,2426726,23790,3961961,California
Los Angeles,2021-04-12,79769,6179642,38989,3116535,34309,2751614,6471,311493,32601,1527310,46936,2473662,39011,4000972,California
Los Angeles,2021-04-13,118544,6298186,59724,3176259,58383,2809997,437,311930,62663,1534812,55605,2529267,63107,4064079,California
Los Angeles,2021-04-14,120389,6418575,60264,3236523,59990,2869987,135,312065,65224,1545307,54865,2584132,65360,4129439,California
Los Angeles,2021-04-15,131714,6550289,71234,3307757,60282,2930269,198,312263,75330,1564634,56069,2640201,75396,4204835,California
Los Angeles,2021-04-16,131885,6682174,69669,3377426,62071,2992340,145,312408,69524,1572233,62005,2702206,69604,4274439,California
Los Angeles,2021-04-17,99653,6781827,52157,3429583,47466,3039806,30,312438,57061,1586976,42341,2744547,57084,4331523,California
Los Angeles,2021-04-18,34547,6816374,22940,3452523,11606,3051412,1,312439,18976,1590484,15478,2760025,18986,4350509,California
Los Angeles,2021-04-19,77221,6893595,40461,3492984,36742,3088154,18,312457,34747,1583010,42252,2802277,34778,4385287,California
Los Angeles,2021-04-20,104016,6997611,50744,3543728,53242,3141396,30,312487,51589,1582488,52149,2854426,51627,4436914,California
Los Angeles,2021-04-21,111619,7109230,53211,3596939,58217,3199613,191,312678,49531,1570506,61710,2916136,49728,4486642,California
Los Angeles,2021-04-22,117025,7226255,60129,3657068,56863,3256476,33,312711,51644,1557169,65027,2981163,51690,4538332,California
Los Angeles,2021-04-23,116371,7342626,63248,3720316,53102,3309578,21,312732,55589,1552334,60455,3041618,55620,4593952,California
Los Angeles,2021-04-24,90411,7433037,57450,3777766,32919,3342497,42,312774,50470,1563164,39695,3081313,50525,4644477,California
Los Angeles,2021-04-25,37980,7471017,25158,3802924,12816,3355313,6,312780,20446,1566204,17412,3098725,20452,4664929,California
Los Angeles,2021-04-26,78192,7549209,40411,3843335,37272,3392585,509,313289,38630,1566013,39330,3138055,39139,4704068,California
Los Angeles,2021-04-27,94482,7643691,45098,3888433,47383,3439968,2001,315290,36534,1546886,57652,3195707,38525,4742593,California
Los Angeles,2021-04-28,86528,7730219,41306,3929739,43128,3483096,2094,317384,34172,1531145,51997,3247704,36256,4778849,California
Los Angeles,2021-04-29,93202,7823421,46036,3975775,44953,3528049,2213,319597,33661,1507879,59133,3306837,35867,4814716,California
Los Angeles,2021-04-30,101459,7924880,49834,4025609,49169,3577218,2456,322053,37122,1483567,63877,3370714,39565,4854281,California
Los Angeles,2021-05-01,75654,8000534,42345,4067954,31790,3609008,1519,323572,28514,1466791,46806,3417520,30030,4884311,California
Los Angeles,2021-05-02,28069,8028603,18024,4085978,9305,3618313,740,324312,10167,1459926,17778,3435298,10913,4895224,California
Los Angeles,2021-05-03,62530,8091133,30367,4116345,29925,3648238,2238,326550,22735,1445366,39520,3474818,24960,4920184,California
Los Angeles,2021-05-04,87232,8178365,48063,4164408,36874,3685112,2295,328845,27395,1415528,59518,3534336,29680,4949864,California
Los Angeles,2021-05-05,90199,8268564,52304,4216712,35504,3720616,2391,331236,25089,1378248,64750,3599086,27470,4977334,California
Los Angeles,2021-05-06,97224,8365788,58295,4275007,36411,3757027,2518,333754,23075,1330068,73759,3672845,25579,5002913,California
Los Angeles,2021-05-07,97849,8463637,57747,4332754,37726,3794753,2376,336130,26978,1288911,70494,3743339,29337,5032250,California
Los Angeles,2021-05-08,65127,8528764,42681,4375435,20749,3815502,1697,337827,17747,1261305,47048,3790387,19442,5051692,California
Los Angeles,2021-05-09,23732,8552496,18076,4393511,4918,3820420,738,338565,6005,1250421,17626,3808013,6742,5058434,California
Los Angeles,2021-05-10,49548,8602044,26055,4419566,21607,3842027,1886,340451,15033,1233059,34278,3842291,16916,5075350,California
Los Angeles,2021-05-11,69735,8671779,37372,4456938,30223,3872250,2140,342591,18265,1202251,51198,3893489,20390,5095740,California
Los Angeles,2021-05-12,71841,8743620,39106,4496044,30417,3902667,2318,344909,20890,1174811,50632,3944121,23192,5118932,California
Los Angeles,2021-05-13,77271,8820891,46244,4542288,29298,3931965,1729,346638,27772,1155193,49107,3993228,29489,5148421,California
Los Angeles,2021-05-14,87608,8908499,55480,4597768,30290,3962255,1838,348476,33073,1135914,54184,4047412,34905,5183326,California
Los Angeles,2021-05-15,75074,8983573,52503,4650271,21064,3983319,1507,349983,28866,1120347,45927,4093339,30360,5213686,California
Los Angeles,2021-05-16,30565,9014138,24176,4674447,5780,3989099,609,350592,12016,1114523,18449,4111788,12625,5226311,California
Los Angeles,2021-05-17,61936,9076074,40110,4714557,20042,4009141,1784,352376,25153,1104899,36535,4148323,26911,5253222,California
Los Angeles,2021-05-18,64944,9141018,38326,4752883,24784,4033925,1834,354210,25769,1093567,38903,4187226,27571,5280793,California
Los Angeles,2021-05-19,67436,9208454,40652,4793535,24945,4058870,1839,356049,29329,1086884,37837,4225063,31154,5311947,California
Los Angeles,2021-05-20,66227,9274681,36998,4830533,27152,4086022,2077,358126,25577,1074252,40279,4265342,27647,5339594,California
Los Angeles,2021-05-21,70029,9344710,42493,4873026,25459,4111481,2077,360203,27713,1062083,41944,4307286,29775,5369369,California
Los Angeles,2021-05-22,57082,9401792,37195,4910221,18237,4129718,1650,361853,23199,1053271,33647,4340933,24835,5394204,California
Los Angeles,2021-05-23,23501,9425293,16182,4926403,6476,4136194,843,362696,10536,1051806,12840,4353773,11375,5405579,California
Los Angeles,2021-05-24,48497,9473790,26596,4952999,20050,4156244,1851,364547,18340,1042056,29924,4383697,20174,5425753,California
Los Angeles,2021-05-25,49772,9523562,28807,4981806,19195,4175439,1770,366317,19340,1032983,30180,4413877,21107,5446860,California
Los Angeles,2021-05-26,47150,9570712,26670,5008476,18642,4194081,1838,368155,20006,1027984,26727,4440604,21728,5468588,California
Los Angeles,2021-05-27,45438,9616150,25423,5033899,18182,4212263,1833,369988,19104,1022817,26091,4466695,20924,5489512,California
Los Angeles,2021-05-28,52224,9668374,29625,5063524,20701,4232964,1898,371886,23364,1019504,28565,4495260,25252,5514764,California
Los Angeles,2021-05-29,30464,9698838,17606,5081130,11814,4244778,1044,372930,14329,1018924,15947,4511207,15367,5530131,California
Los Angeles,2021-05-30,12466,9711304,8174,5089304,3559,4248337,733,373663,5905,1019065,6506,4517713,6647,5536778,California
Los Angeles,2021-05-31,6036,9717340,3733,5093037,1997,4250334,306,373969,1734,1016860,4245,4521958,2040,5538818,California
Los Angeles,2021-06-01,46190,9763530,25884,5118921,18736,4269070,1570,375539,17701,1007963,28148,4550106,19251,5558069,California
Los Angeles,2021-06-02,38419,9801949,22173,5141094,14796,4283866,1450,376989,15352,1001950,22790,4572896,16777,5574846,California
Los Angeles,2021-06-03,42723,9844672,28285,5169379,12881,4296747,1557,378546,15202,991441,27251,4600147,16742,5591588,California
Los Angeles,2021-06-04,52260,9896932,35321,5204700,15265,4312012,1674,380220,17345,975871,34567,4634714,18997,5610585,California
Los Angeles,2021-06-05,42365,9939297,30373,5235073,10617,4322629,1375,381595,12794,960639,29385,4664099,14153,5624738,California
Los Angeles,2021-06-06,14638,9953935,12077,5247150,1825,4324454,736,382331,4106,955015,10464,4674563,4840,5629578,California
Los Angeles,2021-06-07,36824,9990759,26298,5273448,9080,4333534,1446,383777,11833,943485,24795,4699358,13265,5642843,California
Los Angeles,2021-06-08,38294,10029053,26373,5299821,10332,4343866,1589,385366,13008,933074,24994,4724352,14583,5657426,California
Los Angeles,2021-06-09,39737,10068790,28066,5327887,10155,4354021,1516,386882,11755,918588,27735,4752087,13249,5670675,California
Los Angeles,2021-06-10,36461,10105251,25231,5353118,9636,4363657,1594,388476,11533,906993,24705,4776792,13110,5683785,California
Los Angeles,2021-06-11,41046,10146297,28150,5381268,11243,4374900,1653,390129,13524,894929,27227,4804019,15163,5698948,California
Los Angeles,2021-06-12,33223,10179520,23932,5405200,8076,4382976,1215,391344,10311,883698,22746,4826765,11515,5710463,California
Los Angeles,2021-06-13,11475,10190995,8212,5413412,2628,4385604,635,391979,2745,878408,8664,4835429,3374,5713837,California
Los Angeles,2021-06-14,32424,10223419,23302,5436714,7750,4393354,1372,393351,11581,870689,20655,4856084,12936,5726773,California
Los Angeles,2021-06-15,33654,10257073,22592,5459306,9384,4402738,1678,395029,11737,862508,21570,4877654,13389,5740162,California
Los Angeles,2021-06-16,32112,10289185,22220,5481526,8189,4410927,1703,396732,11289,854894,20600,4898254,12986,5753148,California
Los Angeles,2021-06-17,28297,10317482,19138,5500664,7811,4418738,1348,398080,10547,849276,17500,4915754,11882,5765030,California
Los Angeles,2021-06-18,33652,10351134,23289,5523953,8793,4427531,1570,399650,12094,841725,21197,4936951,13646,5778676,California
Los Angeles,2021-06-19,21192,10372326,14377,5538330,5714,4433245,1101,400751,8119,838122,12807,4949758,9204,5787880,California
Los Angeles,2021-06-20,8423,10380749,5927,5544257,2008,4435253,488,401239,3071,836399,5278,4955036,3555,5791435,California
Los Angeles,2021-06-21,18211,10398960,11345,5555602,5841,4441094,1025,402264,9948,839212,8148,4963184,10961,5802396,California
Los Angeles,2021-06-22,24509,10423469,16756,5572358,6697,4447791,1056,403320,9648,835211,14701,4977885,10700,5813096,California
Los Angeles,2021-06-23,11947,10435416,8530,5580888,2669,4450460,748,404068,4479,833047,7382,4985267,5218,5818314,California
Madera,2020-12-16,22,22,22,22,0,0,0,0,22,22,0,0,22,22,California
Madera,2020-12-17,12,34,12,34,0,0,0,0,12,34,0,0,12,34,California
Madera,2020-12-18,60,94,60,94,0,0,0,0,60,94,0,0,60,94,California
Madera,2020-12-19,5,99,5,99,0,0,0,0,5,99,0,0,5,99,California
Madera,2020-12-20,14,113,14,113,0,0,0,0,14,113,0,0,14,113,California
Madera,2020-12-21,59,172,59,172,0,0,0,0,59,172,0,0,59,172,California
Madera,2020-12-22,97,269,95,267,2,2,0,0,97,269,0,0,97,269,California
Madera,2020-12-23,68,337,68,335,0,2,0,0,68,337,0,0,68,337,California
Madera,2020-12-24,45,382,40,375,5,7,0,0,45,382,0,0,45,382,California
Madera,2020-12-26,27,409,26,401,1,8,0,0,27,409,0,0,27,409,California
Madera,2020-12-27,30,439,12,413,18,26,0,0,30,439,0,0,30,439,California
Madera,2020-12-28,107,546,36,449,71,97,0,0,107,546,0,0,107,546,California
Madera,2020-12-29,175,721,37,486,138,235,0,0,175,721,0,0,175,721,California
Madera,2020-12-30,224,945,88,574,136,371,0,0,224,945,0,0,224,945,California
Madera,2020-12-31,202,1147,80,654,122,493,0,0,202,1147,0,0,202,1147,California
Madera,2021-01-01,2,1149,1,655,1,494,0,0,2,1149,0,0,2,1149,California
Madera,2021-01-02,89,1238,33,688,56,550,0,0,89,1238,0,0,89,1238,California
Madera,2021-01-03,4,1242,4,692,0,550,0,0,4,1242,0,0,4,1242,California
Madera,2021-01-04,130,1372,66,758,64,614,0,0,130,1372,0,0,130,1372,California
Madera,2021-01-05,280,1652,143,901,137,751,0,0,276,1644,4,4,276,1648,California
Madera,2021-01-06,184,1836,27,928,157,908,0,0,164,1788,20,24,164,1812,California
Madera,2021-01-07,401,2237,117,1045,284,1192,0,0,378,2144,23,47,379,2191,California
Madera,2021-01-08,419,2656,72,1117,347,1539,0,0,364,2455,54,101,365,2556,California
Madera,2021-01-09,37,2693,14,1131,23,1562,0,0,28,2474,9,110,28,2584,California
Madera,2021-01-10,17,2710,14,1145,3,1565,0,0,5,2467,12,122,5,2589,California
Madera,2021-01-11,239,2949,191,1336,48,1613,0,0,198,2624,41,163,198,2787,California
Madera,2021-01-12,389,3338,157,1493,232,1845,0,0,285,2805,104,267,285,3072,California
Madera,2021-01-13,183,3521,92,1585,91,1936,0,0,126,2875,57,324,127,3199,California
Madera,2021-01-14,556,4077,83,1668,473,2409,0,0,522,3363,34,358,522,3721,California
Madera,2021-01-15,599,4676,160,1828,439,2848,0,0,578,3920,21,379,578,4299,California
Madera,2021-01-16,383,5059,49,1877,334,3182,0,0,355,4247,28,407,355,4654,California
Madera,2021-01-17,334,5393,15,1892,319,3501,0,0,330,4573,4,411,330,4984,California
Madera,2021-01-18,77,5470,61,1953,16,3517,0,0,58,4613,18,429,58,5042,California
Madera,2021-01-19,570,6040,135,2088,435,3952,0,0,543,5130,27,456,544,5586,California
Madera,2021-01-20,239,6279,81,2169,158,4110,0,0,210,5312,28,484,210,5796,California
Madera,2021-01-21,242,6521,133,2302,109,4219,0,0,208,5488,32,516,208,6004,California
Madera,2021-01-22,258,6779,83,2385,175,4394,0,0,242,5714,16,532,242,6246,California
Madera,2021-01-23,101,6880,53,2438,48,4442,0,0,77,5767,24,556,77,6323,California
Madera,2021-01-24,100,6980,81,2519,19,4461,0,0,78,5823,22,578,78,6401,California
Madera,2021-01-25,269,7249,126,2645,143,4604,0,0,146,5846,123,701,146,6547,California
Madera,2021-01-26,493,7742,190,2835,303,4907,0,0,301,5957,191,892,302,6849,California
Madera,2021-01-27,744,8486,63,2898,681,5588,0,0,607,6429,137,1029,609,7458,California
Madera,2021-01-28,549,9035,110,3008,439,6027,0,0,443,6767,106,1135,444,7902,California
Madera,2021-01-29,469,9504,94,3102,375,6402,0,0,414,7126,55,1190,414,8316,California
Madera,2021-01-30,504,10008,16,3118,488,6890,0,0,450,7522,54,1244,450,8766,California
Madera,2021-01-31,8,10016,5,3123,3,6893,0,0,7,7528,1,1245,7,8773,California
Madera,2021-02-01,331,10347,146,3269,185,7078,0,0,205,7607,126,1371,205,8978,California
Madera,2021-02-02,253,10600,89,3358,164,7242,0,0,160,7676,92,1463,161,9139,California
Madera,2021-02-03,597,11197,461,3819,136,7378,0,0,478,8038,117,1580,479,9618,California
Madera,2021-02-04,398,11595,126,3945,272,7650,0,0,117,7876,280,1860,118,9736,California
Madera,2021-02-05,977,12572,299,4244,678,8328,0,0,370,7646,601,2461,371,10107,California
Madera,2021-02-06,362,12934,327,4571,35,8363,0,0,321,7927,40,2501,321,10428,California
Madera,2021-02-07,35,12969,7,4578,28,8391,0,0,30,7952,5,2506,30,10458,California
Madera,2021-02-08,383,13352,307,4885,76,8467,0,0,268,8106,114,2620,268,10726,California
Madera,2021-02-09,480,13832,117,5002,363,8830,0,0,197,8024,280,2900,198,10924,California
Madera,2021-02-10,435,14267,151,5153,284,9114,0,0,329,8248,105,3005,329,11253,California
Madera,2021-02-11,935,15202,306,5459,629,9743,0,0,402,8119,532,3537,403,11656,California
Madera,2021-02-12,847,16049,120,5579,727,10470,0,0,313,7907,528,4065,316,11972,California
Madera,2021-02-13,483,16532,44,5623,439,10909,0,0,136,7700,346,4411,139,12111,California
Madera,2021-02-14,399,16931,74,5697,325,11234,0,0,135,7572,264,4675,136,12247,California
Madera,2021-02-15,246,17177,100,5797,146,11380,0,0,175,7677,70,4745,175,12422,California
Madera,2021-02-16,776,17953,184,5981,592,11972,0,0,227,7358,547,5292,228,12650,California
Madera,2021-02-17,613,18566,274,6255,339,12311,0,0,340,7434,266,5558,342,12992,California
Madera,2021-02-18,1301,19867,539,6794,762,13073,0,0,1122,8378,179,5737,1123,14115,California
Madera,2021-02-19,859,20726,543,7337,316,13389,0,0,717,8954,142,5879,718,14833,California
Madera,2021-02-20,1071,21797,979,8316,92,13481,0,0,998,9881,72,5951,999,15832,California
Madera,2021-02-21,963,22760,820,9136,143,13624,0,0,958,10834,5,5956,958,16790,California
Madera,2021-02-22,912,23672,834,9970,78,13702,0,0,856,11634,56,6012,856,17646,California
Madera,2021-02-23,736,24408,464,10434,272,13974,0,0,522,11943,213,6225,522,18168,California
Madera,2021-02-24,911,25319,300,10734,611,14585,0,0,381,11795,529,6754,381,18549,California
Madera,2021-02-25,1034,26353,317,11051,717,15302,0,0,600,11963,432,7186,600,19149,California
Madera,2021-02-26,1093,27446,198,11249,895,16197,0,0,711,12294,380,7566,711,19860,California
Madera,2021-02-27,926,28372,293,11542,633,16830,0,0,496,12366,427,7993,499,20359,California
Madera,2021-02-28,193,28565,30,11572,163,16993,0,0,187,12547,6,7999,187,20546,California
Madera,2021-03-01,378,28943,119,11691,259,17252,0,0,195,12561,181,8180,195,20741,California
Madera,2021-03-02,742,29685,350,12041,392,17644,0,0,629,13080,111,8291,630,21371,California
Madera,2021-03-03,1358,31043,729,12770,629,18273,0,0,952,13655,403,8694,978,22349,California
Madera,2021-03-04,1204,32247,526,13296,678,18951,0,0,951,14355,254,8948,954,23303,California
Madera,2021-03-05,1360,33607,420,13716,927,19878,13,13,1079,15179,279,9227,1103,24406,California
Madera,2021-03-06,817,34424,635,14351,150,20028,32,45,499,15394,317,9544,532,24938,California
Madera,2021-03-07,154,34578,27,14378,105,20133,22,67,105,15472,49,9593,127,25065,California
Madera,2021-03-08,603,35181,336,14714,208,20341,59,126,310,15550,293,9886,371,25436,California
Madera,2021-03-09,597,35778,296,15010,267,20608,34,160,408,15813,187,10073,450,25886,California
Madera,2021-03-10,1192,36970,558,15568,554,21162,80,240,756,16219,431,10504,837,26723,California
Madera,2021-03-11,1682,38652,867,16435,487,21649,328,568,769,16417,911,11415,1109,27832,California
Madera,2021-03-12,1583,40235,820,17255,608,22257,155,723,801,16622,780,12195,985,28817,California
Madera,2021-03-13,1889,42124,1328,18583,362,22619,199,922,820,16592,1065,13260,1035,29852,California
Madera,2021-03-14,585,42709,449,19032,104,22723,32,954,294,16630,288,13548,326,30178,California
Madera,2021-03-15,741,43450,225,19257,470,23193,46,1000,516,16996,222,13770,588,30766,California
Madera,2021-03-16,931,44381,528,19785,356,23549,47,1047,741,17614,187,13957,805,31571,California
Madera,2021-03-17,1463,45844,980,20765,420,23969,63,1110,909,18130,545,14502,1061,32632,California
Madera,2021-03-18,1955,47799,687,21452,1205,25174,63,1173,978,18283,971,15473,1124,33756,California
Madera,2021-03-19,1586,49385,591,22043,913,26087,82,1255,1044,18937,538,16011,1192,34948,California
Madera,2021-03-20,1182,50567,776,22819,353,26440,53,1308,614,19085,567,16578,715,35663,California
Madera,2021-03-21,1101,51668,899,23718,157,26597,45,1353,381,18795,717,17295,427,36090,California
Madera,2021-03-22,1360,53028,854,24572,440,27037,66,1419,688,18922,669,17964,796,36886,California
Madera,2021-03-23,1432,54460,877,25449,464,27501,91,1510,682,19029,748,18712,855,37741,California
Madera,2021-03-24,949,55409,510,25959,408,27909,31,1541,616,19350,330,19042,651,38392,California
Madera,2021-03-25,1167,56576,527,26486,616,28525,24,1565,643,19516,514,19556,680,39072,California
Madera,2021-03-26,1521,58097,577,27063,812,29337,132,1697,713,19560,804,20360,848,39920,California
Madera,2021-03-27,927,59024,605,27668,297,29634,25,1722,415,19493,508,20868,441,40361,California
Madera,2021-03-28,435,59459,151,27819,224,29858,60,1782,242,19656,192,21060,355,40716,California
Madera,2021-03-29,682,60141,178,27997,475,30333,29,1811,489,19989,189,21249,522,41238,California
Madera,2021-03-30,1069,61210,605,28602,435,30768,29,1840,479,19911,587,21836,509,41747,California
Madera,2021-03-31,1401,62611,544,29146,720,31488,137,1977,425,19504,970,22806,563,42310,California
Madera,2021-04-01,1385,63996,626,29772,708,32196,51,2028,481,19140,894,23700,530,42840,California
Madera,2021-04-02,1607,65603,461,30233,1087,33283,59,2087,479,18562,1117,24817,539,43379,California
Madera,2021-04-03,963,66566,764,30997,179,33462,20,2107,393,18416,568,25385,422,43801,California
Madera,2021-04-04,187,66753,65,31062,120,33582,2,2109,87,18405,100,25485,89,43890,California
Madera,2021-04-05,735,67488,252,31314,424,34006,59,2168,338,18421,395,25880,411,44301,California
Madera,2021-04-06,1704,69192,888,32202,462,34468,354,2522,531,18135,1171,27051,885,45186,California
Madera,2021-04-07,1228,70420,382,32584,696,35164,150,2672,423,17911,802,27853,578,45764,California
Madera,2021-04-08,1725,72145,669,33253,797,35961,259,2931,555,17568,1163,29016,820,46584,California
Madera,2021-04-09,1647,73792,695,33948,803,36764,149,3080,945,17968,697,29713,1097,47681,California
Madera,2021-04-10,978,74770,686,34634,224,36988,68,3148,711,18480,268,29981,780,48461,California
Madera,2021-04-11,813,75583,658,35292,76,37064,79,3227,288,18324,521,30502,365,48826,California
Madera,2021-04-12,817,76400,295,35587,447,37511,75,3302,316,18215,501,31003,392,49218,California
Madera,2021-04-13,1248,77648,617,36204,589,38100,42,3344,726,18473,520,31523,778,49996,California
Madera,2021-04-14,1399,79047,866,37070,533,38633,0,3344,576,18232,823,32346,582,50578,California
Madera,2021-04-15,1171,80218,510,37580,660,39293,1,3345,423,17921,736,33082,425,51003,California
Madera,2021-04-16,1361,81579,546,38126,815,40108,0,3345,385,17346,962,34044,387,51390,California
Madera,2021-04-17,1295,82874,1091,39217,204,40312,0,3345,775,17603,518,34562,775,52165,California
Madera,2021-04-18,250,83124,210,39427,40,40352,0,3345,89,17533,159,34721,89,52254,California
Madera,2021-04-19,812,83936,243,39670,568,40920,1,3346,281,17289,525,35246,281,52535,California
Madera,2021-04-20,880,84816,432,40102,448,41368,0,3346,223,16860,654,35900,225,52760,California
Madera,2021-04-21,864,85680,458,40560,406,41774,0,3346,292,16583,571,36471,294,53054,California
Madera,2021-04-22,1079,86759,513,41073,566,42340,0,3346,374,16257,701,37172,375,53429,California
Madera,2021-04-23,959,87718,306,41379,653,42993,0,3346,334,15971,620,37792,334,53763,California
Madera,2021-04-24,709,88427,467,41846,242,43235,0,3346,248,15763,457,38249,249,54012,California
Madera,2021-04-25,264,88691,160,42006,101,43336,3,3349,117,15741,143,38392,121,54133,California
Madera,2021-04-26,553,89244,99,42105,448,43784,6,3355,128,15453,422,38814,134,54267,California
Madera,2021-04-27,621,89865,275,42380,321,44105,25,3380,315,15489,305,39119,341,54608,California
Madera,2021-04-28,501,90366,199,42579,283,44388,19,3399,245,15498,254,39373,263,54871,California
Madera,2021-04-29,547,90913,245,42824,275,44663,27,3426,257,15499,283,39656,284,55155,California
Madera,2021-04-30,938,91851,506,43330,416,45079,16,3442,271,15126,661,40317,288,55443,California
Madera,2021-05-01,967,92818,869,44199,85,45164,13,3455,388,14949,578,40895,401,55844,California
Madera,2021-05-02,401,93219,353,44552,43,45207,5,3460,146,14845,255,41150,151,55995,California
Madera,2021-05-03,499,93718,197,44749,262,45469,40,3500,100,14589,396,41546,140,56135,California
Madera,2021-05-04,904,94622,434,45183,426,45895,44,3544,213,14155,691,42237,257,56392,California
Madera,2021-05-05,1005,95627,474,45657,471,46366,60,3604,274,13760,729,42966,334,56726,California
Madera,2021-05-06,697,96324,247,45904,418,46784,32,3636,156,13412,536,43502,188,56914,California
Madera,2021-05-07,809,97133,279,46183,509,47293,21,3657,194,13017,609,44111,214,57128,California
Madera,2021-05-08,971,98104,758,46941,202,47495,11,3668,185,12428,785,44896,196,57324,California
Madera,2021-05-09,146,98250,20,46961,115,47610,11,3679,35,12364,110,45006,46,57370,California
Madera,2021-05-10,359,98609,73,47034,274,47884,12,3691,99,12216,259,45265,111,57481,California
Madera,2021-05-11,529,99138,177,47211,343,48227,9,3700,171,12040,356,45621,180,57661,California
Madera,2021-05-12,505,99643,228,47439,241,48468,36,3736,127,11827,376,45997,163,57824,California
Madera,2021-05-13,506,100149,307,47746,167,48635,32,3768,178,11712,325,46322,210,58034,California
Madera,2021-05-14,533,100682,267,48013,242,48877,24,3792,234,11674,296,46618,258,58292,California
Madera,2021-05-15,560,101242,476,48489,76,48953,8,3800,363,11850,195,46813,371,58663,California
Madera,2021-05-16,256,101498,188,48677,36,48989,32,3832,105,11836,151,46964,137,58800,California
Madera,2021-05-17,449,101947,188,48865,234,49223,27,3859,204,11825,242,47206,231,59031,California
Madera,2021-05-18,549,102496,366,49231,159,49382,24,3883,289,11882,256,47462,313,59344,California
Madera,2021-05-19,487,102983,224,49455,241,49623,22,3905,216,11851,269,47731,238,59582,California
Madera,2021-05-20,590,103573,269,49724,283,49906,38,3943,233,11772,350,48081,271,59853,California
Madera,2021-05-21,503,104076,193,49917,283,50189,27,3970,194,11689,304,48385,221,60074,California
Madera,2021-05-22,901,104977,815,50732,74,50263,12,3982,530,11861,370,48755,542,60616,California
Madera,2021-05-23,266,105243,239,50971,17,50280,10,3992,142,11890,123,48878,152,60768,California
Madera,2021-05-24,302,105545,136,51107,125,50405,41,4033,117,11865,184,49062,159,60927,California
Madera,2021-05-25,383,105928,170,51277,181,50586,32,4065,154,11824,227,49289,186,61113,California
Madera,2021-05-26,445,106373,259,51536,164,50750,22,4087,238,11880,204,49493,260,61373,California
Madera,2021-05-27,374,106747,136,51672,200,50950,38,4125,132,11814,238,49731,172,61545,California
Madera,2021-05-28,445,107192,171,51843,246,51196,28,4153,177,11753,266,49997,205,61750,California
Madera,2021-05-29,308,107500,217,52060,73,51269,18,4171,168,11799,140,50137,186,61936,California
Madera,2021-05-30,61,107561,26,52086,31,51300,4,4175,28,11799,32,50169,32,61968,California
Madera,2021-05-31,26,107587,9,52095,13,51313,4,4179,12,11801,14,50183,16,61984,California
Madera,2021-06-01,287,107874,143,52238,121,51434,23,4202,108,11755,177,50360,131,62115,California
Madera,2021-06-02,396,108270,126,52364,247,51681,23,4225,121,11625,274,50634,144,62259,California
Madera,2021-06-03,280,108550,148,52512,117,51798,15,4240,89,11538,191,50825,104,62363,California
Madera,2021-06-04,376,108926,241,52753,124,51922,11,4251,148,11470,227,51052,159,62522,California
Madera,2021-06-05,510,109436,385,53138,112,52034,13,4264,147,11272,358,51410,160,62682,California
Madera,2021-06-06,135,109571,115,53253,13,52047,7,4271,39,11222,96,51506,46,62728,California
Madera,2021-06-07,249,109820,154,53407,74,52121,21,4292,45,11084,204,51710,66,62794,California
Madera,2021-06-08,387,110207,272,53679,94,52215,21,4313,99,10916,288,51998,120,62914,California
Madera,2021-06-09,371,110578,236,53915,109,52324,26,4339,142,10856,228,52226,168,63082,California
Madera,2021-06-10,339,110917,196,54111,127,52451,16,4355,116,10767,221,52447,132,63214,California
Madera,2021-06-11,378,111295,219,54330,127,52578,32,4387,170,10760,207,52654,200,63414,California
Madera,2021-06-12,570,111865,501,54831,54,52632,15,4402,91,10387,479,53133,106,63520,California
Madera,2021-06-13,192,112057,158,54989,29,52661,5,4407,53,10307,138,53271,58,63578,California
Madera,2021-06-14,226,112283,163,55152,41,52702,22,4429,89,10284,134,53405,111,63689,California
Madera,2021-06-15,359,112642,248,55400,78,52780,33,4462,155,10270,202,53607,188,63877,California
Madera,2021-06-16,329,112971,252,55652,63,52843,14,4476,119,10198,205,53812,133,64010,California
Madera,2021-06-17,264,113235,131,55783,124,52967,9,4485,98,10140,165,53977,107,64117,California
Madera,2021-06-18,273,113508,174,55957,75,53042,24,4509,117,10125,155,54132,140,64257,California
Madera,2021-06-19,246,113754,199,56156,39,53081,8,4517,80,10047,166,54298,88,64345,California
Madera,2021-06-20,55,113809,45,56201,3,53084,7,4524,27,10053,28,54326,34,64379,California
Madera,2021-06-21,164,113973,79,56280,60,53144,25,4549,73,10060,91,54417,98,64477,California
Madera,2021-06-22,235,114208,158,56438,58,53202,19,4568,115,10076,118,54535,134,64611,California
Madera,2021-06-23,156,114364,109,56547,38,53240,9,4577,98,10125,58,54593,107,64718,California
Marin,2020-12-15,2,2,2,2,0,0,0,0,2,2,0,0,2,2,California
Marin,2020-12-16,108,110,108,110,0,0,0,0,108,110,0,0,108,110,California
Marin,2020-12-17,274,384,274,384,0,0,0,0,274,384,0,0,274,384,California
Marin,2020-12-18,389,773,389,773,0,0,0,0,389,773,0,0,389,773,California
Marin,2020-12-19,348,1121,347,1120,1,1,0,0,348,1121,0,0,348,1121,California
Marin,2020-12-20,167,1288,166,1286,1,2,0,0,167,1288,0,0,167,1288,California
Marin,2020-12-21,238,1526,235,1521,3,5,0,0,238,1526,0,0,238,1526,California
Marin,2020-12-22,522,2048,318,1839,204,209,0,0,522,2048,0,0,522,2048,California
Marin,2020-12-23,731,2779,317,2156,414,623,0,0,731,2779,0,0,731,2779,California
Marin,2020-12-24,359,3138,160,2316,199,822,0,0,359,3138,0,0,359,3138,California
Marin,2020-12-25,27,3165,0,2316,27,849,0,0,27,3165,0,0,27,3165,California
Marin,2020-12-26,144,3309,95,2411,49,898,0,0,144,3309,0,0,144,3309,California
Marin,2020-12-27,91,3400,54,2465,37,935,0,0,91,3400,0,0,91,3400,California
Marin,2020-12-28,409,3809,100,2565,309,1244,0,0,409,3809,0,0,409,3809,California
Marin,2020-12-29,399,4208,88,2653,311,1555,0,0,399,4208,0,0,399,4208,California
Marin,2020-12-30,630,4838,390,3043,240,1795,0,0,630,4838,0,0,630,4838,California
Marin,2020-12-31,201,5039,35,3078,166,1961,0,0,200,5037,1,1,200,5038,California
Marin,2021-01-01,29,5068,14,3092,15,1976,0,0,29,5066,0,1,29,5067,California
Marin,2021-01-02,112,5180,106,3198,6,1982,0,0,112,5178,0,1,112,5179,California
Marin,2021-01-03,49,5229,31,3229,18,2000,0,0,45,5223,0,1,45,5224,California
Marin,2021-01-04,297,5526,193,3422,104,2104,0,0,296,5518,1,2,296,5520,California
Marin,2021-01-05,367,5893,219,3641,148,2252,0,0,324,5799,43,45,324,5844,California
Marin,2021-01-06,820,6713,319,3960,501,2753,0,0,639,6257,181,226,639,6483,California
Marin,2021-01-07,889,7602,502,4462,387,3140,0,0,530,6428,359,585,530,7013,California
Marin,2021-01-08,975,8577,516,4978,459,3599,0,0,587,6628,387,972,587,7600,California
Marin,2021-01-09,617,9194,222,5200,395,3994,0,0,487,6985,130,1102,487,8087,California
Marin,2021-01-10,132,9326,103,5303,29,4023,0,0,57,6967,75,1177,57,8144,California
Marin,2021-01-11,469,9795,325,5628,144,4167,0,0,248,6996,221,1398,250,8394,California
Marin,2021-01-12,938,10733,544,6172,394,4561,0,0,568,7198,366,1764,568,8962,California
Marin,2021-01-13,1174,11907,498,6670,676,5237,0,0,938,7900,236,2000,938,9900,California
Marin,2021-01-14,1074,12981,323,6993,751,5988,0,0,923,8674,149,2149,923,10823,California
Marin,2021-01-15,1165,14146,357,7350,808,6796,0,0,1034,9579,130,2279,1035,11858,California
Marin,2021-01-16,1127,15273,917,8267,210,7006,0,0,1051,10554,76,2355,1051,12909,California
Marin,2021-01-17,1229,16502,1110,9377,119,7125,0,0,1200,11729,28,2383,1203,14112,California
Marin,2021-01-18,366,16868,161,9538,205,7330,0,0,315,11993,51,2434,315,14427,California
Marin,2021-01-19,1153,18021,911,10449,242,7572,0,0,982,12805,170,2604,982,15409,California
Marin,2021-01-20,1795,19816,1210,11659,585,8157,0,0,1061,13144,722,3326,1061,16470,California
Marin,2021-01-21,1698,21514,1066,12725,632,8789,0,0,1339,14129,356,3682,1341,17811,California
Marin,2021-01-22,1712,23226,1091,13816,621,9410,0,0,1537,15492,175,3857,1538,19349,California
Marin,2021-01-23,1853,25079,1347,15163,506,9916,0,0,1764,17168,88,3945,1764,21113,California
Marin,2021-01-24,616,25695,165,15328,451,10367,0,0,583,17718,33,3978,583,21696,California
Marin,2021-01-25,1130,26825,232,15560,898,11265,0,0,694,17977,436,4414,695,22391,California
Marin,2021-01-26,1521,28346,783,16343,738,12003,0,0,1143,18743,377,4791,1143,23534,California
Marin,2021-01-27,1731,30077,891,17234,840,12843,0,0,1361,19737,368,5159,1362,24896,California
Marin,2021-01-28,2091,32168,1074,18308,1017,13860,0,0,1824,21296,266,5425,1825,26721,California
Marin,2021-01-29,2209,34377,1437,19745,772,14632,0,0,2011,23122,186,5611,2012,28733,California
Marin,2021-01-30,1720,36097,907,20652,813,15445,0,0,1640,24683,80,5691,1641,30374,California
Marin,2021-01-31,460,36557,323,20975,137,15582,0,0,433,25089,27,5718,433,30807,California
Marin,2021-02-01,1101,37658,416,21391,685,16267,0,0,902,25794,198,5916,903,31710,California
Marin,2021-02-02,1425,39083,497,21888,928,17195,0,0,759,25898,655,6571,759,32469,California
Marin,2021-02-03,1781,40864,423,22311,1358,18553,0,0,1273,26664,507,7078,1273,33742,California
Marin,2021-02-04,1536,42400,506,22817,1030,19583,0,0,927,26986,605,7683,927,34669,California
Marin,2021-02-05,2179,44579,676,23493,1503,21086,0,0,1337,27485,838,8521,1337,36006,California
Marin,2021-02-06,1429,46008,850,24343,579,21665,0,0,603,27263,825,9346,603,36609,California
Marin,2021-02-07,1295,47303,1010,25353,285,21950,0,0,495,26959,799,10145,495,37104,California
Marin,2021-02-08,1531,48834,756,26109,775,22725,0,0,731,26893,797,10942,731,37835,California
Marin,2021-02-09,1788,50622,1127,27236,661,23386,0,0,842,26789,946,11888,842,38677,California
Marin,2021-02-10,2353,52975,1501,28737,852,24238,0,0,1226,26891,1125,13013,1227,39904,California
Marin,2021-02-11,2882,55857,1651,30388,1231,25469,0,0,1455,26927,1422,14435,1458,41362,California
Marin,2021-02-12,3079,58936,1544,31932,1535,27004,0,0,1569,26990,1507,15942,1570,42932,California
Marin,2021-02-13,2341,61277,1245,33177,1096,28100,0,0,1126,26903,1213,17155,1126,44058,California
Marin,2021-02-14,819,62096,306,33483,513,28613,0,0,725,27535,94,17249,726,44784,California
Marin,2021-02-15,1222,63318,355,33838,867,29480,0,0,840,27995,381,17630,841,45625,California
Marin,2021-02-16,2469,65787,1057,34895,1412,30892,0,0,1505,28537,963,18593,1505,47130,California
Marin,2021-02-17,2106,67893,947,35842,1159,32051,0,0,1090,28614,1014,19607,1091,48221,California
Marin,2021-02-18,2430,70323,1589,37431,841,32892,0,0,1063,28313,1364,20971,1063,49284,California
Marin,2021-02-19,2786,73109,2176,39607,610,33502,0,0,1240,28022,1532,22503,1241,50525,California
Marin,2021-02-20,2619,75728,2150,41757,469,33971,0,0,1252,27917,1359,23862,1254,51779,California
Marin,2021-02-21,1330,77058,1129,42886,201,34172,0,0,944,28479,382,24244,944,52723,California
Marin,2021-02-22,1869,78927,1433,44319,436,34608,0,0,1237,29087,629,24873,1237,53960,California
Marin,2021-02-23,2911,81838,1681,46000,1230,35838,0,0,1953,30095,946,25819,1954,55914,California
Marin,2021-02-24,3547,85385,1635,47635,1912,37750,0,0,2269,31094,1271,27090,2270,58184,California
Marin,2021-02-25,4100,89485,1938,49573,2162,39912,0,0,2899,32802,1192,28282,2900,61084,California
Marin,2021-02-26,3682,93167,2006,51579,1676,41588,0,0,2654,34441,1016,29298,2655,63739,California
Marin,2021-02-27,2744,95911,1616,53195,1128,42716,0,0,1899,35502,840,30138,1901,65640,California
Marin,2021-02-28,1646,97557,928,54123,718,43434,0,0,1295,36449,348,30486,1295,66935,California
Marin,2021-03-01,2695,100252,1671,55794,1023,44457,1,1,1818,37400,868,31354,1819,68754,California
Marin,2021-03-02,2536,102788,1691,57485,844,45301,1,2,1736,38342,796,32150,1738,70492,California
Marin,2021-03-03,4352,107140,2426,59911,1922,47223,4,6,2816,39632,1530,33680,2820,73312,California
Marin,2021-03-04,3404,110544,1671,61582,1732,48955,1,7,2380,41000,1017,34697,2385,75697,California
Marin,2021-03-05,3085,113629,1179,62761,1894,50849,12,19,1806,41544,1274,35971,1818,77515,California
Marin,2021-03-06,3237,116866,2321,65082,838,51687,78,97,2660,43710,572,36543,2738,80253,California
Marin,2021-03-07,1397,118263,1173,66255,200,51887,24,121,999,44340,393,36936,1023,81276,California
Marin,2021-03-08,1903,120166,1391,67646,395,52282,117,238,1426,45410,473,37409,1543,82819,California
Marin,2021-03-09,2233,122399,1343,68989,779,53061,111,349,1547,46383,683,38092,1656,84475,California
Marin,2021-03-10,4474,126873,2512,71501,1669,54730,293,642,3220,48646,1249,39341,3512,87987,California
Marin,2021-03-11,4596,131469,1889,73390,2570,57300,137,779,3292,50778,1297,40638,3429,91416,California
Marin,2021-03-12,4009,135478,1553,74943,2099,59399,357,1136,1565,50266,2433,43071,1921,93337,California
Marin,2021-03-13,4113,139591,2867,77810,1172,60571,74,1210,2392,51008,1719,44790,2461,95798,California
Marin,2021-03-14,2282,141873,1104,78914,1060,61631,118,1328,699,50242,1581,46371,815,96613,California
Marin,2021-03-15,3263,145136,1783,80697,1431,63062,49,1377,1219,49477,2033,48404,1268,97881,California
Marin,2021-03-16,4306,149442,2324,83021,1619,64681,363,1740,1466,48468,2836,51240,1827,99708,California
Marin,2021-03-17,4224,153666,2289,85310,1882,66563,53,1793,2064,48437,2147,53387,2116,101824,California
Marin,2021-03-18,4504,158170,2278,87588,2151,68714,75,1868,2140,48302,2347,55734,2212,104036,California
Marin,2021-03-19,4496,162666,2309,89897,1966,70680,221,2089,2331,48697,2154,57888,2549,106585,California
Marin,2021-03-20,3601,166267,1999,91896,1487,72167,115,2204,1931,49083,1661,59549,2047,108632,California
Marin,2021-03-21,1548,167815,1147,93043,378,72545,23,2227,805,49171,740,60289,828,109460,California
Marin,2021-03-22,2501,170316,2155,95198,178,72723,168,2395,910,48664,1585,61874,1078,110538,California
Marin,2021-03-23,4291,174607,2234,97432,1928,74651,129,2524,1900,48310,2383,64257,2029,112567,California
Marin,2021-03-24,4465,179072,2908,100340,1443,76094,114,2638,1817,47604,2635,66892,1929,114496,California
Marin,2021-03-25,4665,183737,2844,103184,1749,77843,72,2710,2250,47524,2401,69293,2321,116817,California
Marin,2021-03-26,4324,188061,2353,105537,1757,79600,214,2924,2402,48234,1907,71200,2617,119434,California
Marin,2021-03-27,3711,191772,2662,108199,1030,80630,19,2943,1142,46836,2558,73758,1160,120594,California
Marin,2021-03-28,2384,194156,1722,109921,656,81286,6,2949,841,46147,1536,75294,847,121441,California
Marin,2021-03-29,2701,196857,2103,112024,572,81858,26,2975,1140,45755,1558,76852,1166,122607,California
Marin,2021-03-30,4676,201533,3655,115679,987,82845,34,3009,2955,47026,1718,78570,2989,125596,California
Marin,2021-03-31,5847,207380,4141,119820,1657,84502,49,3058,2553,46346,3283,81853,2603,128199,California
Marin,2021-04-01,4464,211844,2291,122111,1915,86417,258,3316,2117,46385,2335,84188,2374,130573,California
Marin,2021-04-02,3752,215596,1863,123974,1517,87934,372,3688,2010,47025,1734,85922,2374,132947,California
Marin,2021-04-03,3867,219463,2521,126495,967,88901,379,4067,1461,46474,2394,88316,1843,134790,California
Marin,2021-04-04,1652,221115,1241,127736,209,89110,202,4269,1200,47426,450,88766,1402,136192,California
Marin,2021-04-05,2221,223336,1541,129277,305,89415,375,4644,1271,48125,945,89711,1644,137836,California
Marin,2021-04-06,3991,227327,2124,131401,1315,90730,552,5196,2218,49126,1767,91478,2768,140604,California
Marin,2021-04-07,3993,231320,2012,133413,1333,92063,648,5844,1461,48712,2522,94000,2108,142712,California
Marin,2021-04-08,5064,236384,1979,135392,2472,94535,613,6457,2306,48877,2745,96745,2910,145622,California
Marin,2021-04-09,4003,240387,1567,136959,1708,96243,728,7185,1326,48255,2673,99418,2051,147673,California
Marin,2021-04-10,3227,243614,1486,138445,1307,97550,434,7619,1451,48374,1762,101180,1881,149554,California
Marin,2021-04-11,1069,244683,813,139258,93,97643,163,7782,478,48425,589,101769,640,150194,California
Marin,2021-04-12,1760,246443,1249,140507,348,97991,163,7945,922,48677,834,102603,1086,151280,California
Marin,2021-04-13,3780,250223,2312,142819,1461,99452,7,7952,1390,47695,2379,104982,1397,152677,California
Marin,2021-04-14,4267,254490,2555,145374,1709,101161,3,7955,1750,46954,2492,107474,1751,154428,California
Marin,2021-04-15,5643,260133,3981,149355,1662,102823,0,7955,3231,47789,2397,109871,3232,157660,California
Marin,2021-04-16,4303,264436,2257,151612,2043,104866,3,7958,2093,47692,2194,112065,2097,159757,California
Marin,2021-04-17,3582,268018,2179,153791,1403,106269,0,7958,1792,47702,1783,113848,1793,161550,California
Marin,2021-04-18,3197,271215,3096,156887,101,106370,0,7958,2550,49608,644,114492,2550,164100,California
Marin,2021-04-19,2064,273279,1886,158773,177,106547,1,7959,1166,49885,891,115383,1168,165268,California
Marin,2021-04-20,3730,277009,2578,161351,1152,107699,0,7959,1475,49116,2245,117628,1476,166744,California
Marin,2021-04-21,4048,281057,2971,164322,1074,108773,3,7962,1382,47853,2646,120274,1383,168127,California
Marin,2021-04-22,4238,285295,3223,167545,1015,109788,0,7962,1500,46629,2728,123002,1504,169631,California
Marin,2021-04-23,3230,288525,1812,169357,1418,111206,0,7962,1232,45875,1987,124989,1233,170864,California
Marin,2021-04-24,2528,291053,1686,171043,841,112047,1,7963,926,45213,1590,126579,928,171792,California
Marin,2021-04-25,1380,292433,1262,172305,118,112165,0,7963,303,44448,1068,127647,303,172095,California
Marin,2021-04-26,1636,294069,1401,173706,232,112397,3,7966,402,43624,1231,128878,407,172502,California
Marin,2021-04-27,3057,297126,2208,175914,798,113195,51,8017,990,42602,2058,130936,1036,173538,California
Marin,2021-04-28,2323,299449,1599,177513,673,113868,51,8068,733,41799,1586,132522,783,174321,California
Marin,2021-04-29,2902,302351,1989,179502,851,114719,62,8130,802,40575,2089,134611,865,175186,California
Marin,2021-04-30,1962,304313,1279,180781,596,115315,87,8217,697,40103,1256,135867,784,175970,California
Marin,2021-05-01,1839,306152,1027,181808,789,116104,23,8240,546,39386,1285,137152,568,176538,California
Marin,2021-05-02,729,306881,590,182398,110,116214,29,8269,200,39091,523,137675,228,176766,California
Marin,2021-05-03,1226,308107,1000,183398,170,116384,56,8325,267,38458,955,138630,322,177088,California
Marin,2021-05-04,2936,311043,1967,185365,877,117261,92,8417,477,36576,2451,141081,569,177657,California
Marin,2021-05-05,2747,313790,2013,187378,608,117869,126,8543,442,34845,2298,143379,567,178224,California
Marin,2021-05-06,3266,317056,2531,189909,646,118515,89,8632,428,32531,2828,146207,514,178738,California
Marin,2021-05-07,2039,319095,1546,191455,407,118922,86,8718,378,31338,1654,147861,461,179199,California
Marin,2021-05-08,2477,321572,1871,193326,484,119406,122,8840,341,29673,2128,149989,463,179662,California
Marin,2021-05-09,983,322555,899,194225,65,119471,19,8859,114,28941,866,150855,134,179796,California
Marin,2021-05-10,1407,323962,1150,195375,187,119658,70,8929,201,28010,1201,152056,270,180066,California
Marin,2021-05-11,2311,326273,1845,197220,410,120068,56,8985,293,26342,2016,154072,348,180414,California
Marin,2021-05-12,1856,328129,1461,198681,326,120394,69,9054,301,25161,1549,155621,368,180782,California
Marin,2021-05-13,2672,330801,2291,200972,327,120721,54,9108,1414,25378,1250,156871,1467,182249,California
Marin,2021-05-14,2198,332999,1448,202420,650,121371,100,9208,879,25043,1313,158184,978,183227,California
Marin,2021-05-15,2738,335737,2268,204688,390,121761,80,9288,1659,25704,1078,159262,1739,184966,California
Marin,2021-05-16,1647,337384,1592,206280,50,121811,5,9293,1333,26731,311,159573,1338,186304,California
Marin,2021-05-17,2142,339526,1989,208269,110,121921,43,9336,1704,28047,431,160004,1747,188051,California
Marin,2021-05-18,1538,341064,1192,209461,291,122212,55,9391,799,28167,732,160736,852,188903,California
Marin,2021-05-19,1542,342606,1243,210704,229,122441,70,9461,772,28243,764,161500,840,189743,California
Marin,2021-05-20,1816,344422,1488,212192,242,122683,86,9547,753,28028,1055,162555,840,190583,California
Marin,2021-05-21,1458,345880,845,213037,564,123247,49,9596,438,27502,1013,163568,487,191070,California
Marin,2021-05-22,1432,347312,1084,214121,290,123537,58,9654,962,28056,466,164034,1020,192090,California
Marin,2021-05-23,476,347788,422,214543,42,123579,12,9666,219,28034,254,164288,232,192322,California
Marin,2021-05-24,657,348445,498,215041,119,123698,40,9706,353,28125,301,164589,392,192714,California
Marin,2021-05-25,1002,349447,627,215668,329,124027,46,9752,313,27801,681,165270,357,193071,California
Marin,2021-05-26,722,350169,493,216161,179,124206,50,9802,262,27657,456,165726,312,193383,California
Marin,2021-05-27,1036,351205,666,216827,291,124497,79,9881,346,27395,687,166413,425,193808,California
Marin,2021-05-28,1102,352307,719,217546,303,124800,80,9961,324,27023,774,167187,402,194210,California
Marin,2021-05-29,376,352683,219,217765,147,124947,10,9971,215,27087,161,167348,225,194435,California
Marin,2021-05-30,97,352780,57,217822,35,124982,5,9976,57,27110,39,167387,62,194497,California
Marin,2021-05-31,27,352807,13,217835,13,124995,1,9977,14,27112,13,167400,15,194512,California
Marin,2021-06-01,761,353568,554,218389,162,125157,45,10022,329,27055,430,167830,373,194885,California
Marin,2021-06-02,626,354194,475,218864,99,125256,52,10074,218,26919,404,168234,268,195153,California
Marin,2021-06-03,1499,355693,1327,220191,113,125369,59,10133,234,25950,1262,169496,293,195446,California
Marin,2021-06-04,1018,356711,858,221049,127,125496,33,10166,185,25338,828,170324,216,195662,California
Marin,2021-06-05,1922,358633,1707,222756,167,125663,48,10214,320,24111,1595,171919,368,196030,California
Marin,2021-06-06,1407,360040,1358,224114,15,125678,34,10248,202,23143,1204,173123,236,196266,California
Marin,2021-06-07,1943,361983,1824,225938,69,125747,50,10298,249,21753,1688,174811,298,196564,California
Marin,2021-06-08,981,362964,872,226810,68,125815,41,10339,234,21288,740,175551,275,196839,California
Marin,2021-06-09,744,363708,668,227478,66,125881,10,10349,137,20829,606,176157,147,196986,California
Marin,2021-06-10,882,364590,772,228250,60,125941,50,10399,184,20369,694,176851,234,197220,California
Marin,2021-06-11,675,365265,573,228823,70,126011,32,10431,141,20008,534,177385,173,197393,California
Marin,2021-06-12,922,366187,792,229615,89,126100,41,10472,156,19442,763,178148,197,197590,California
Marin,2021-06-13,416,366603,385,230000,20,126120,11,10483,69,19178,344,178492,80,197670,California
Marin,2021-06-14,865,367468,739,230739,79,126199,47,10530,212,18787,649,179141,258,197928,California
Marin,2021-06-15,536,368004,427,231166,84,126283,25,10555,169,18615,366,179507,194,198122,California
Marin,2021-06-16,487,368491,406,231572,37,126320,44,10599,160,18496,322,179829,203,198325,California
Marin,2021-06-17,556,369047,481,232053,45,126365,30,10629,194,18358,361,180190,223,198548,California
Marin,2021-06-18,471,369518,372,232425,68,126433,31,10660,168,18259,297,180487,198,198746,California
Marin,2021-06-19,366,369884,295,232720,37,126470,34,10694,145,18217,219,180706,177,198923,California
Marin,2021-06-20,113,369997,88,232808,14,126484,11,10705,47,18209,66,180772,58,198981,California
Marin,2021-06-21,349,370346,248,233056,46,126530,55,10760,141,18198,207,180979,196,199177,California
Marin,2021-06-22,423,370769,326,233382,68,126598,29,10789,129,18064,292,181271,158,199335,California
Marin,2021-06-23,199,370968,172,233554,7,126605,20,10809,63,18011,136,181407,83,199418,California
Mariposa,2020-12-17,37,37,37,37,0,0,0,0,39,39,0,0,39,39,California
Mariposa,2020-12-18,55,92,55,92,0,0,0,0,56,95,0,0,56,95,California
Mariposa,2020-12-20,2,94,2,94,0,0,0,0,2,97,0,0,2,97,California
Mariposa,2020-12-21,49,143,49,143,0,0,0,0,53,150,0,0,53,150,California
Mariposa,2020-12-22,5,148,5,148,0,0,0,0,5,155,0,0,5,155,California
Mariposa,2020-12-23,16,164,16,164,0,0,0,0,16,171,0,0,16,171,California
Mariposa,2020-12-24,1,165,0,164,1,1,0,0,0,171,1,1,1,172,California
Mariposa,2020-12-26,1,166,1,165,0,1,0,0,1,172,0,1,1,173,California
Mariposa,2020-12-27,1,167,0,165,1,2,0,0,1,173,0,1,1,174,California
Mariposa,2020-12-28,6,173,3,168,3,5,0,0,6,179,0,1,6,180,California
Mariposa,2020-12-29,33,206,3,171,30,35,0,0,33,212,0,1,33,213,California
Mariposa,2020-12-30,26,232,4,175,22,57,0,0,26,238,0,1,26,239,California
Mariposa,2020-12-31,17,249,0,175,17,74,0,0,17,255,0,1,17,256,California
Mariposa,2021-01-02,1,250,1,176,0,74,0,0,1,256,0,1,1,257,California
Mariposa,2021-01-04,9,259,2,178,7,81,0,0,9,265,0,1,9,266,California
Mariposa,2021-01-05,24,283,14,192,10,91,0,0,14,269,10,11,14,280,California
Mariposa,2021-01-06,6,289,3,195,3,94,0,0,3,269,3,14,3,283,California
Mariposa,2021-01-07,50,339,45,240,5,99,0,0,5,229,45,59,5,288,California
Mariposa,2021-01-08,108,447,79,319,29,128,0,0,33,187,75,134,33,321,California
Mariposa,2021-01-09,1,448,0,319,1,129,0,0,1,188,0,134,1,322,California
Mariposa,2021-01-11,31,479,10,329,21,150,0,0,23,203,8,142,23,345,California
Mariposa,2021-01-12,19,498,4,333,15,165,0,0,15,214,4,146,15,360,California
Mariposa,2021-01-13,21,519,4,337,17,182,0,0,18,229,3,149,18,378,California
Mariposa,2021-01-14,74,593,7,344,67,249,0,0,68,291,6,155,68,446,California
Mariposa,2021-01-15,68,661,27,371,41,290,0,0,58,339,10,165,58,504,California
Mariposa,2021-01-16,14,675,2,373,12,302,0,0,13,351,1,166,13,517,California
Mariposa,2021-01-17,3,678,1,374,2,304,0,0,2,352,1,167,2,519,California
Mariposa,2021-01-18,4,682,3,377,1,305,0,0,2,352,2,169,2,521,California
Mariposa,2021-01-19,8,690,4,381,4,309,0,0,5,355,2,171,5,526,California
Mariposa,2021-01-20,23,713,1,382,22,331,0,0,22,376,1,172,22,548,California
Mariposa,2021-01-21,66,779,8,390,58,389,0,0,62,434,4,176,62,610,California
Mariposa,2021-01-22,56,835,3,393,53,442,0,0,56,490,0,176,56,666,California
Mariposa,2021-01-23,116,951,2,395,114,556,0,0,114,602,2,178,114,780,California
Mariposa,2021-01-24,2,953,2,397,0,556,0,0,2,604,0,178,2,782,California
Mariposa,2021-01-25,5,958,1,398,4,560,0,0,1,601,4,182,1,783,California
Mariposa,2021-01-26,37,995,4,402,33,593,0,0,5,578,32,214,9,792,California
Mariposa,2021-01-27,26,1021,2,404,24,617,0,0,13,579,12,226,13,805,California
Mariposa,2021-01-28,127,1148,3,407,124,741,0,0,114,681,12,238,114,919,California
Mariposa,2021-01-29,83,1231,22,429,61,802,0,0,82,762,1,239,82,1001,California
Mariposa,2021-01-30,9,1240,1,430,8,810,0,0,8,769,1,240,8,1009,California
Mariposa,2021-01-31,1,1241,0,430,1,811,0,0,1,770,0,240,1,1010,California
Mariposa,2021-02-01,90,1331,32,462,58,869,0,0,69,818,21,261,69,1079,California
Mariposa,2021-02-02,15,1346,3,465,12,881,0,0,9,821,6,267,9,1088,California
Mariposa,2021-02-03,20,1366,1,466,19,900,0,0,13,828,6,273,13,1101,California
Mariposa,2021-02-04,98,1464,8,474,90,990,0,0,93,918,4,277,94,1195,California
Mariposa,2021-02-05,192,1656,5,479,187,1177,0,0,166,1058,26,303,166,1361,California
Mariposa,2021-02-06,11,1667,4,483,7,1184,0,0,10,1067,1,304,10,1371,California
Mariposa,2021-02-07,1,1668,0,483,1,1185,0,0,1,1068,0,304,1,1372,California
Mariposa,2021-02-08,42,1710,2,485,40,1225,0,0,23,1072,19,323,23,1395,California
Mariposa,2021-02-09,43,1753,25,510,18,1243,0,0,37,1103,6,329,37,1432,California
Mariposa,2021-02-10,28,1781,5,515,23,1266,0,0,17,1116,10,339,23,1455,California
Mariposa,2021-02-11,374,2155,5,520,369,1635,0,0,359,1463,15,354,362,1817,California
Mariposa,2021-02-12,184,2339,8,528,176,1811,0,0,140,1559,44,398,140,1957,California
Mariposa,2021-02-13,11,2350,3,531,8,1819,0,0,9,1566,2,400,9,1966,California
Mariposa,2021-02-14,8,2358,4,535,4,1823,0,0,5,1568,3,403,5,1971,California
Mariposa,2021-02-15,9,2367,3,538,6,1829,0,0,7,1573,2,405,7,1978,California
Mariposa,2021-02-16,59,2426,35,573,24,1853,0,0,35,1585,24,429,36,2014,California
Mariposa,2021-02-17,37,2463,9,582,28,1881,0,0,27,1604,9,438,28,2042,California
Mariposa,2021-02-18,59,2522,7,589,52,1933,0,0,21,1587,38,476,21,2063,California
Mariposa,2021-02-19,82,2604,3,592,79,2012,0,0,76,1657,6,482,76,2139,California
Mariposa,2021-02-20,255,2859,4,596,251,2263,0,0,223,1850,30,512,223,2362,California
Mariposa,2021-02-21,237,3096,4,600,233,2496,0,0,235,2084,1,513,235,2597,California
Mariposa,2021-02-22,24,3120,9,609,15,2511,0,0,21,2102,3,516,21,2618,California
Mariposa,2021-02-23,43,3163,37,646,6,2517,0,0,25,2109,18,534,25,2643,California
Mariposa,2021-02-24,21,3184,3,649,18,2535,0,0,8,2105,12,546,8,2651,California
Mariposa,2021-02-25,18,3202,9,658,9,2544,0,0,12,2111,6,552,12,2663,California
Mariposa,2021-02-26,421,3623,7,665,414,2958,0,0,361,2413,60,612,362,3025,California
Mariposa,2021-02-27,172,3795,7,672,165,3123,0,0,161,2563,11,623,161,3186,California
Mariposa,2021-02-28,2,3797,1,673,1,3124,0,0,0,2561,2,625,0,3186,California
Mariposa,2021-03-01,85,3882,26,699,59,3183,0,0,18,2513,66,691,18,3204,California
Mariposa,2021-03-02,21,3903,14,713,7,3190,0,0,11,2515,9,700,11,3215,California
Mariposa,2021-03-03,72,3975,6,719,66,3256,0,0,66,2576,6,706,67,3282,California
Mariposa,2021-03-04,40,4015,9,728,31,3287,0,0,19,2575,21,727,20,3302,California
Mariposa,2021-03-05,58,4073,9,737,49,3336,0,0,40,2603,18,745,46,3348,California
Mariposa,2021-03-06,17,4090,7,744,10,3346,0,0,7,2601,10,755,8,3356,California
Mariposa,2021-03-07,1,4091,1,745,0,3346,0,0,0,2600,1,756,0,3356,California
Mariposa,2021-03-08,39,4130,4,749,24,3370,11,11,9,2590,30,786,20,3376,California
Mariposa,2021-03-09,45,4175,18,767,17,3387,10,21,14,2583,31,817,24,3400,California
Mariposa,2021-03-10,34,4209,12,779,12,3399,10,31,10,2579,24,841,20,3420,California
Mariposa,2021-03-11,471,4680,6,785,446,3845,19,50,226,2583,244,1085,248,3668,California
Mariposa,2021-03-12,254,4934,8,793,218,4063,28,78,112,2580,142,1227,139,3807,California
Mariposa,2021-03-13,34,4968,6,799,13,4076,15,93,12,2584,22,1249,26,3833,California
Mariposa,2021-03-14,17,4985,2,801,4,4080,11,104,3,2584,14,1263,14,3847,California
Mariposa,2021-03-15,77,5062,8,809,31,4111,38,142,31,2607,46,1309,69,3916,California
Mariposa,2021-03-16,82,5144,33,842,14,4125,35,177,24,2608,58,1367,59,3975,California
Mariposa,2021-03-17,72,5216,10,852,54,4179,8,185,51,2647,20,1387,59,4034,California
Mariposa,2021-03-18,67,5283,16,868,41,4220,10,195,41,2672,26,1413,51,4085,California
Mariposa,2021-03-19,340,5623,11,879,324,4544,5,200,303,2943,37,1450,308,4393,California
Mariposa,2021-03-20,426,6049,6,885,418,4962,2,202,46,2612,380,1830,49,4442,California
Mariposa,2021-03-21,15,6064,9,894,5,4967,1,203,10,2619,4,1834,11,4453,California
Mariposa,2021-03-22,38,6102,8,902,22,4989,8,211,26,2642,12,1846,35,4488,California
Mariposa,2021-03-23,55,6157,35,937,10,4999,10,221,34,2665,21,1867,44,4532,California
Mariposa,2021-03-24,57,6214,6,943,49,5048,2,223,52,2714,5,1872,54,4586,California
Mariposa,2021-03-25,76,6290,15,958,53,5101,8,231,54,2756,20,1892,62,4648,California
Mariposa,2021-03-26,489,6779,9,967,479,5580,1,232,252,2772,237,2129,253,4901,California
Mariposa,2021-03-27,224,7003,9,976,215,5795,0,232,89,2728,135,2264,91,4992,California
Mariposa,2021-03-28,5,7008,0,976,2,5797,3,235,1,2728,4,2268,4,4996,California
Mariposa,2021-03-29,19,7027,6,982,13,5810,0,235,12,2733,7,2275,12,5008,California
Mariposa,2021-03-30,36,7063,13,995,7,5817,16,251,13,2739,23,2298,29,5037,California
Mariposa,2021-03-31,89,7152,16,1011,66,5883,7,258,68,2793,21,2319,75,5112,California
Mariposa,2021-04-01,54,7206,11,1022,35,5918,8,266,35,2817,19,2338,43,5155,California
Mariposa,2021-04-02,348,7554,13,1035,333,6251,2,268,306,3084,41,2379,308,5463,California
Mariposa,2021-04-03,11,7565,8,1043,3,6254,0,268,6,3085,5,2384,6,5469,California
Mariposa,2021-04-04,2,7567,1,1044,0,6254,1,269,0,3084,2,2386,1,5470,California
Mariposa,2021-04-05,33,7600,22,1066,7,6261,4,273,16,3087,17,2403,20,5490,California
Mariposa,2021-04-06,43,7643,21,1087,6,6267,16,289,13,3087,29,2432,29,5519,California
Mariposa,2021-04-07,98,7741,6,1093,73,6340,19,308,28,3064,70,2502,47,5566,California
Mariposa,2021-04-08,280,8021,16,1109,245,6585,19,327,145,3096,133,2635,165,5731,California
Mariposa,2021-04-09,39,8060,9,1118,15,6600,15,342,11,3094,28,2663,26,5757,California
Mariposa,2021-04-10,202,8262,4,1122,188,6788,10,352,187,3277,13,2676,196,5953,California
Mariposa,2021-04-11,124,8386,4,1126,118,6906,2,354,57,3270,67,2743,60,6013,California
Mariposa,2021-04-12,43,8429,14,1140,27,6933,2,356,14,3257,29,2772,16,6029,California
Mariposa,2021-04-13,53,8482,46,1186,7,6940,0,356,34,3272,19,2791,34,6063,California
Mariposa,2021-04-14,113,8595,9,1195,104,7044,0,356,58,3276,54,2845,58,6121,California
Mariposa,2021-04-15,57,8652,16,1211,41,7085,0,356,42,3306,12,2857,42,6163,California
Mariposa,2021-04-16,381,9033,11,1222,370,7455,0,356,106,3137,275,3132,106,6269,California
Mariposa,2021-04-17,11,9044,7,1229,4,7459,0,356,8,3142,3,3135,8,6277,California
Mariposa,2021-04-18,7,9051,0,1229,7,7466,0,356,3,3141,4,3139,3,6280,California
Mariposa,2021-04-19,58,9109,26,1255,32,7498,0,356,30,3145,26,3165,30,6310,California
Mariposa,2021-04-20,61,9170,48,1303,13,7511,0,356,37,3160,22,3187,37,6347,California
Mariposa,2021-04-21,92,9262,14,1317,78,7589,0,356,43,3155,48,3235,43,6390,California
Mariposa,2021-04-22,51,9313,11,1328,40,7629,0,356,38,3181,12,3247,38,6428,California
Mariposa,2021-04-23,315,9628,70,1398,245,7874,0,356,144,3156,171,3418,146,6574,California
Mariposa,2021-04-24,106,9734,10,1408,96,7970,0,356,43,3137,62,3480,43,6617,California
Mariposa,2021-04-26,16,9750,11,1419,5,7975,0,356,5,3131,11,3491,5,6622,California
Mariposa,2021-04-27,34,9784,17,1436,15,7990,2,358,16,3134,15,3506,18,6640,California
Mariposa,2021-04-28,73,9857,13,1449,53,8043,7,365,27,3122,46,3552,34,6674,California
Mariposa,2021-04-29,84,9941,12,1461,71,8114,1,366,79,3197,5,3557,80,6754,California
Mariposa,2021-04-30,210,10151,5,1466,200,8314,5,371,62,3116,148,3705,67,6821,California
Mariposa,2021-05-01,3,10154,2,1468,1,8315,0,371,1,3115,2,3707,1,6822,California
Mariposa,2021-05-02,3,10157,2,1470,0,8315,1,372,0,3113,3,3710,1,6823,California
Mariposa,2021-05-03,15,10172,11,1481,3,8318,1,373,6,3111,9,3719,7,6830,California
Mariposa,2021-05-04,50,10222,31,1512,15,8333,4,377,37,3139,13,3732,41,6871,California
Mariposa,2021-05-05,57,10279,9,1521,46,8379,2,379,18,3120,39,3771,20,6891,California
Mariposa,2021-05-06,56,10335,36,1557,15,8394,5,384,39,3147,17,3788,44,6935,California
Mariposa,2021-05-07,28,10363,8,1565,17,8411,3,387,13,3148,15,3803,16,6951,California
Mariposa,2021-05-08,282,10645,7,1572,275,8686,0,387,33,2934,249,4052,35,6986,California
Mariposa,2021-05-09,2,10647,1,1573,1,8687,0,387,0,2932,2,4054,0,6986,California
Mariposa,2021-05-10,20,10667,9,1582,9,8696,2,389,5,2924,15,4069,7,6993,California
Mariposa,2021-05-11,28,10695,18,1600,10,8706,0,389,21,2939,6,4075,21,7014,California
Mariposa,2021-05-12,67,10762,4,1604,58,8764,5,394,6,2889,61,4136,11,7025,California
Mariposa,2021-05-13,48,10810,8,1612,38,8802,2,396,13,2869,35,4171,15,7040,California
Mariposa,2021-05-14,250,11060,122,1734,121,8923,7,403,118,2862,132,4303,125,7165,California
Mariposa,2021-05-15,19,11079,9,1743,8,8931,2,405,11,2868,6,4309,12,7177,California
Mariposa,2021-05-16,3,11082,1,1744,1,8932,1,406,1,2868,2,4311,2,7179,California
Mariposa,2021-05-17,18,11100,7,1751,7,8939,4,410,8,2869,10,4321,11,7190,California
Mariposa,2021-05-18,63,11163,43,1794,15,8954,5,415,46,2904,16,4337,51,7241,California
Mariposa,2021-05-19,71,11234,32,1826,38,8992,1,416,52,2939,18,4355,53,7294,California
Mariposa,2021-05-20,33,11267,18,1844,13,9005,2,418,12,2932,21,4376,14,7308,California
Mariposa,2021-05-21,93,11360,8,1852,83,9088,2,420,43,2929,48,4424,45,7353,California
Mariposa,2021-05-22,48,11408,6,1858,41,9129,1,421,17,2916,31,4455,18,7371,California
Mariposa,2021-05-23,4,11412,2,1860,1,9130,1,422,2,2917,2,4457,3,7374,California
Mariposa,2021-05-24,14,11426,8,1868,4,9134,2,424,9,2923,5,4462,11,7385,California
Mariposa,2021-05-25,26,11452,16,1884,10,9144,0,424,18,2933,8,4470,18,7403,California
Mariposa,2021-05-26,35,11487,4,1888,27,9171,4,428,28,2958,7,4477,32,7435,California
Mariposa,2021-05-27,120,11607,64,1952,55,9226,1,429,62,2963,58,4535,63,7498,California
Mariposa,2021-05-28,66,11673,6,1958,56,9282,4,433,24,2949,42,4577,28,7526,California
Mariposa,2021-05-29,8,11681,2,1960,5,9287,1,434,3,2950,3,4580,4,7530,California
Mariposa,2021-05-30,1,11682,0,1960,0,9287,1,435,0,2950,1,4581,1,7531,California
Mariposa,2021-05-31,2,11684,0,1960,1,9288,1,436,0,2949,2,4583,1,7532,California
Mariposa,2021-06-01,14,11698,3,1963,11,9299,0,436,5,2945,9,4592,5,7537,California
Mariposa,2021-06-02,26,11724,14,1977,7,9306,5,441,6,2937,19,4611,11,7548,California
Mariposa,2021-06-03,20,11744,10,1987,7,9313,3,444,7,2934,13,4624,10,7558,California
Mariposa,2021-06-04,91,11835,80,2067,9,9322,2,446,27,2900,62,4686,28,7586,California
Mariposa,2021-06-05,30,11865,4,2071,24,9346,2,448,7,2886,23,4709,9,7595,California
Mariposa,2021-06-06,4,11869,3,2074,0,9346,1,449,1,2885,3,4712,2,7597,California
Mariposa,2021-06-07,10,11879,5,2079,5,9351,0,449,4,2884,5,4717,4,7601,California
Mariposa,2021-06-08,45,11924,34,2113,9,9360,2,451,13,2867,32,4749,15,7616,California
Mariposa,2021-06-09,28,11952,21,2134,2,9362,5,456,6,2856,22,4771,11,7627,California
Mariposa,2021-06-10,16,11968,8,2142,5,9367,3,459,6,2856,10,4781,10,7637,California
Mariposa,2021-06-11,43,12011,12,2154,23,9390,8,467,9,2839,34,4815,17,7654,California
Mariposa,2021-06-12,17,12028,11,2165,5,9395,1,468,3,2828,14,4829,3,7657,California
Mariposa,2021-06-13,1,12029,0,2165,0,9395,1,469,0,2828,1,4830,1,7658,California
Mariposa,2021-06-14,12,12041,4,2169,7,9402,1,470,5,2827,7,4837,6,7664,California
Mariposa,2021-06-15,23,12064,11,2180,11,9413,1,471,6,2817,17,4854,7,7671,California
Mariposa,2021-06-16,28,12092,12,2192,15,9428,1,472,7,2804,21,4875,8,7679,California
Mariposa,2021-06-17,11,12103,6,2198,5,9433,0,472,4,2801,7,4882,4,7683,California
Mariposa,2021-06-18,66,12169,49,2247,16,9449,1,473,32,2801,33,4915,33,7716,California
Mariposa,2021-06-19,18,12187,5,2252,13,9462,0,473,6,2795,12,4927,6,7722,California
Mariposa,2021-06-21,11,12198,4,2256,7,9469,0,473,7,2799,3,4930,7,7729,California
Mariposa,2021-06-22,23,12221,9,2265,11,9480,3,476,13,2805,10,4940,16,7745,California
Mariposa,2021-06-23,3,12224,1,2266,1,9481,1,477,2,2807,1,4941,3,7748,California
Mendocino,2020-12-17,70,70,70,70,0,0,0,0,70,70,0,0,70,70,California
Mendocino,2020-12-18,85,155,84,154,1,1,0,0,84,154,0,0,84,154,California
Mendocino,2020-12-19,4,159,4,158,0,1,0,0,4,158,0,0,4,158,California
Mendocino,2020-12-20,7,166,7,165,0,1,0,0,7,165,0,0,7,165,California
Mendocino,2020-12-21,238,404,238,403,0,1,0,0,77,242,0,0,77,242,California
Mendocino,2020-12-22,252,656,191,594,61,62,0,0,252,494,0,0,252,494,California
Mendocino,2020-12-23,271,927,48,642,223,285,0,0,270,764,0,0,270,764,California
Mendocino,2020-12-24,49,976,8,650,41,326,0,0,49,813,0,0,49,813,California
Mendocino,2020-12-25,1,977,0,650,1,327,0,0,1,814,0,0,1,814,California
Mendocino,2020-12-26,2,979,2,652,0,327,0,0,2,816,0,0,2,816,California
Mendocino,2020-12-27,1,980,0,652,1,328,0,0,1,817,0,0,1,817,California
Mendocino,2020-12-28,74,1054,9,661,65,393,0,0,74,891,0,0,74,891,California
Mendocino,2020-12-29,122,1176,61,722,61,454,0,0,122,1013,0,0,122,1013,California
Mendocino,2020-12-30,123,1299,69,791,54,508,0,0,123,1136,0,0,123,1136,California
Mendocino,2020-12-31,132,1431,97,888,35,543,0,0,132,1268,0,0,132,1268,California
Mendocino,2021-01-01,10,1441,7,895,3,546,0,0,10,1278,0,0,10,1278,California
Mendocino,2021-01-04,838,2279,18,913,820,1366,0,0,838,2116,0,0,838,2116,California
Mendocino,2021-01-05,71,2350,36,949,35,1401,0,0,58,2161,13,13,58,2174,California
Mendocino,2021-01-06,157,2507,135,1084,22,1423,0,0,147,2298,10,23,147,2321,California
Mendocino,2021-01-07,362,2869,239,1323,123,1546,0,0,299,2534,63,86,299,2620,California
Mendocino,2021-01-08,95,2964,82,1405,13,1559,0,0,41,2522,54,140,42,2662,California
Mendocino,2021-01-09,10,2974,6,1411,4,1563,0,0,8,2528,2,142,8,2670,California
Mendocino,2021-01-10,9,2983,8,1419,1,1564,0,0,2,2523,7,149,2,2672,California
Mendocino,2021-01-11,102,3085,92,1511,10,1574,0,0,44,2510,57,206,44,2716,California
Mendocino,2021-01-12,389,3474,379,1890,10,1584,0,0,272,2665,117,323,272,2988,California
Mendocino,2021-01-13,496,3970,149,2039,347,1931,0,0,451,3074,43,366,452,3440,California
Mendocino,2021-01-14,654,4624,20,2059,634,2565,0,0,645,3710,9,375,645,4085,California
Mendocino,2021-01-15,1874,6498,864,2923,1010,3575,0,0,1869,5575,5,380,1870,5955,California
Mendocino,2021-01-16,791,7289,48,2971,743,4318,0,0,789,6362,2,382,789,6744,California
Mendocino,2021-01-17,554,7843,1,2972,553,4871,0,0,553,6914,1,383,553,7297,California
Mendocino,2021-01-18,489,8332,464,3436,25,4896,0,0,476,7377,13,396,476,7773,California
Mendocino,2021-01-19,335,8667,149,3585,186,5082,0,0,159,7360,176,572,159,7932,California
Mendocino,2021-01-20,556,9223,408,3993,148,5230,0,0,449,7705,105,677,450,8382,California
Mendocino,2021-01-21,539,9762,226,4219,313,5543,0,0,353,7873,185,862,353,8735,California
Mendocino,2021-01-22,150,9912,59,4278,91,5634,0,0,110,7943,40,902,110,8845,California
Mendocino,2021-01-23,157,10069,85,4363,72,5706,0,0,151,8088,6,908,151,8996,California
Mendocino,2021-01-24,5,10074,3,4366,2,5708,0,0,5,8093,0,908,5,9001,California
Mendocino,2021-01-25,192,10266,18,4384,174,5882,0,0,122,8145,70,978,122,9123,California
Mendocino,2021-01-26,155,10421,54,4438,101,5983,0,0,95,8180,60,1038,95,9218,California
Mendocino,2021-01-27,443,10864,373,4811,70,6053,0,0,177,8098,259,1297,177,9395,California
Mendocino,2021-01-28,595,11459,531,5342,64,6117,0,0,498,8500,96,1393,498,9893,California
Mendocino,2021-01-29,392,11851,351,5693,41,6158,0,0,363,8835,29,1422,364,10257,California
Mendocino,2021-01-30,49,11900,31,5724,18,6176,0,0,42,8870,7,1429,42,10299,California
Mendocino,2021-01-31,275,12175,2,5726,273,6449,0,0,4,8603,271,1700,4,10303,California
Mendocino,2021-02-01,381,12556,53,5779,328,6777,0,0,60,8342,321,2021,60,10363,California
Mendocino,2021-02-02,743,13299,523,6302,220,6997,0,0,381,8361,362,2383,381,10744,California
Mendocino,2021-02-03,395,13694,209,6511,186,7183,0,0,224,8416,169,2552,224,10968,California
Mendocino,2021-02-04,629,14323,534,7045,95,7278,0,0,502,8791,127,2679,502,11470,California
Mendocino,2021-02-05,1306,15629,1217,8262,89,7367,0,0,587,8661,717,3396,587,12057,California
Mendocino,2021-02-06,559,16188,159,8421,400,7767,0,0,544,9190,15,3411,544,12601,California
Mendocino,2021-02-07,34,16222,30,8451,4,7771,0,0,34,9224,0,3411,34,12635,California
Mendocino,2021-02-08,751,16973,718,9169,33,7804,0,0,287,9047,464,3875,287,12922,California
Mendocino,2021-02-09,141,17114,58,9227,83,7887,0,0,89,9084,52,3927,89,13011,California
Mendocino,2021-02-10,1490,18604,924,10151,566,8453,0,0,742,9085,741,4668,742,13753,California
Mendocino,2021-02-11,1213,19817,209,10360,1004,9457,0,0,301,8474,912,5580,301,14054,California
Mendocino,2021-02-12,1458,21275,163,10523,1295,10752,0,0,657,8331,800,6380,657,14711,California
Mendocino,2021-02-13,504,21779,14,10537,490,11242,0,0,104,8041,399,6779,109,14820,California
Mendocino,2021-02-14,693,22472,3,10540,690,11932,0,0,134,7616,559,7338,134,14954,California
Mendocino,2021-02-15,334,22806,43,10583,291,12223,0,0,175,7633,158,7496,175,15129,California
Mendocino,2021-02-16,200,23006,50,10633,150,12373,0,0,129,7691,71,7567,129,15258,California
Mendocino,2021-02-17,1356,24362,1193,11826,163,12536,0,0,878,8093,476,8043,878,16136,California
Mendocino,2021-02-18,1790,26152,645,12471,1145,13681,0,0,1222,8749,566,8609,1222,17358,California
Mendocino,2021-02-19,751,26903,146,12617,605,14286,0,0,612,9222,139,8748,612,17970,California
Mendocino,2021-02-20,576,27479,550,13167,26,14312,0,0,545,9738,29,8777,545,18515,California
Mendocino,2021-02-21,324,27803,6,13173,318,14630,0,0,312,10039,11,8788,312,18827,California
Mendocino,2021-02-22,161,27964,29,13202,132,14762,0,0,69,10018,90,8878,69,18896,California
Mendocino,2021-02-23,861,28825,847,14049,14,14776,0,0,646,10451,213,9091,646,19542,California
Mendocino,2021-02-24,1847,30672,1765,15814,82,14858,0,0,1432,11475,410,9501,1434,20976,California
Mendocino,2021-02-25,1713,32385,537,16351,1176,16034,0,0,1289,12341,423,9924,1289,22265,California
Mendocino,2021-02-26,1418,33803,750,17101,668,16702,0,0,1049,13024,366,10290,1049,23314,California
Mendocino,2021-02-27,201,34004,152,17253,49,16751,0,0,77,12978,123,10413,77,23391,California
Mendocino,2021-02-28,36,34040,14,17267,22,16773,0,0,24,12990,12,10425,24,23415,California
Mendocino,2021-03-01,592,34632,548,17815,44,16817,0,0,551,13503,38,10463,551,23966,California
Mendocino,2021-03-02,75,34707,28,17843,47,16864,0,0,42,13513,32,10495,42,24008,California
Mendocino,2021-03-03,2036,36743,1334,19177,702,17566,0,0,1386,14251,648,11143,1386,25394,California
Mendocino,2021-03-04,1853,38596,152,19329,1701,19267,0,0,1633,15669,217,11360,1635,27029,California
Mendocino,2021-03-05,478,39074,417,19746,52,19319,9,9,372,15948,102,11462,381,27410,California
Mendocino,2021-03-06,249,39323,24,19770,198,19517,27,36,205,16137,43,11505,232,27642,California
Mendocino,2021-03-07,505,39828,8,19778,477,19994,20,56,118,15888,386,11891,137,27779,California
Mendocino,2021-03-08,123,39951,28,19806,58,20052,37,93,64,15932,57,11948,101,27880,California
Mendocino,2021-03-09,940,40891,598,20404,301,20353,41,134,832,16697,108,12056,873,28753,California
Mendocino,2021-03-10,1147,42038,984,21388,98,20451,65,199,269,16161,873,12929,337,29090,California
Mendocino,2021-03-11,842,42880,625,22013,162,20613,55,254,400,16177,439,13368,455,29545,California
Mendocino,2021-03-12,2064,44944,1053,23066,899,21512,112,366,1235,16701,823,14191,1347,30892,California
Mendocino,2021-03-13,704,45648,569,23635,77,21589,58,424,107,16273,593,14784,165,31057,California
Mendocino,2021-03-14,105,45753,3,23638,95,21684,7,431,12,16203,89,14873,19,31076,California
Mendocino,2021-03-15,600,46353,51,23689,490,22174,59,490,208,16080,389,15262,266,31342,California
Mendocino,2021-03-16,585,46938,389,24078,150,22324,46,536,119,15781,464,15726,165,31507,California
Mendocino,2021-03-17,1584,48522,1379,25457,56,22380,149,685,218,14796,1359,17085,374,31881,California
Mendocino,2021-03-18,1310,49832,248,25705,1024,23404,38,723,279,14089,1023,18108,316,32197,California
Mendocino,2021-03-19,1780,51612,857,26562,862,24266,61,784,333,13043,1442,19550,396,32593,California
Mendocino,2021-03-20,70,51682,10,26572,39,24305,21,805,12,13018,58,19608,33,32626,California
Mendocino,2021-03-21,8,51690,1,26573,2,24307,5,810,3,13021,5,19613,8,32634,California
Mendocino,2021-03-22,656,52346,612,27185,15,24322,29,839,145,12687,507,20120,173,32807,California
Mendocino,2021-03-23,165,52511,34,27219,101,24423,30,869,114,12780,51,20171,144,32951,California
Mendocino,2021-03-24,919,53430,843,28062,29,24452,47,916,114,12138,803,20974,161,33112,California
Mendocino,2021-03-25,2017,55447,54,28116,1943,26395,20,936,176,10497,1835,22809,194,33306,California
Mendocino,2021-03-26,547,55994,395,28511,126,26521,26,962,114,10204,432,23241,139,33445,California
Mendocino,2021-03-27,146,56140,15,28526,119,26640,12,974,81,10232,64,23305,92,33537,California
Mendocino,2021-03-28,27,56167,7,28533,16,26656,4,978,5,10220,21,23326,9,33546,California
Mendocino,2021-03-29,192,56359,99,28632,49,26705,44,1022,97,10266,95,23421,141,33687,California
Mendocino,2021-03-30,718,57077,633,29265,48,26753,37,1059,107,9801,609,24030,144,33831,California
Mendocino,2021-03-31,918,57995,281,29546,576,27329,61,1120,153,9253,762,24792,214,34045,California
Mendocino,2021-04-01,1752,59747,425,29971,1246,28575,81,1201,383,8358,1358,26150,463,34508,California
Mendocino,2021-04-02,1309,61056,1077,31048,159,28734,73,1274,160,7445,1146,27296,233,34741,California
Mendocino,2021-04-03,712,61768,12,31060,679,29413,21,1295,87,6933,620,27916,108,34849,California
Mendocino,2021-04-04,71,61839,35,31095,30,29443,6,1301,55,6978,16,27932,61,34910,California
Mendocino,2021-04-05,213,62052,141,31236,48,29491,24,1325,127,7040,86,28018,148,35058,California
Mendocino,2021-04-06,401,62453,124,31360,182,29673,95,1420,108,6950,293,28311,203,35261,California
Mendocino,2021-04-07,492,62945,180,31540,65,29738,247,1667,118,6942,371,28682,363,35624,California
Mendocino,2021-04-08,1501,64446,921,32461,465,30203,115,1782,1008,7579,487,29169,1124,36748,California
Mendocino,2021-04-09,760,65206,428,32889,171,30374,161,1943,397,7774,363,29532,558,37306,California
Mendocino,2021-04-10,404,65610,92,32981,266,30640,46,1989,99,7614,305,29837,145,37451,California
Mendocino,2021-04-11,122,65732,47,33028,19,30659,56,2045,59,7666,63,29900,115,37566,California
Mendocino,2021-04-12,622,66354,514,33542,48,30707,60,2105,408,7920,214,30114,468,38034,California
Mendocino,2021-04-13,292,66646,229,33771,63,30770,0,2105,224,8076,68,30182,224,38258,California
Mendocino,2021-04-14,525,67171,430,34201,95,30865,0,2105,422,8395,103,30285,422,38680,California
Mendocino,2021-04-15,662,67833,328,34529,334,31199,0,2105,387,8512,270,30555,387,39067,California
Mendocino,2021-04-16,128,67961,54,34583,73,31272,1,2106,79,8543,48,30603,79,39146,California
Mendocino,2021-04-17,195,68156,12,34595,183,31455,0,2106,68,8486,125,30728,68,39214,California
Mendocino,2021-04-18,17,68173,9,34604,8,31463,0,2106,9,8489,6,30734,9,39223,California
Mendocino,2021-04-19,541,68714,517,35121,23,31486,1,2107,429,8808,111,30845,430,39653,California
Mendocino,2021-04-20,428,69142,297,35418,131,31617,0,2107,269,8919,158,31003,269,39922,California
Mendocino,2021-04-21,197,69339,135,35553,61,31678,1,2108,117,8958,78,31081,117,40039,California
Mendocino,2021-04-22,487,69826,316,35869,170,31848,1,2109,312,9099,171,31252,312,40351,California
Mendocino,2021-04-23,857,70683,706,36575,151,31999,0,2109,698,9641,156,31408,698,41049,California
Mendocino,2021-04-24,110,70793,16,36591,94,32093,0,2109,103,9737,7,31415,103,41152,California
Mendocino,2021-04-25,58,70851,34,36625,20,32113,4,2113,18,9720,39,31454,22,41174,California
Mendocino,2021-04-26,308,71159,238,36863,65,32178,5,2118,201,9820,106,31560,206,41380,California
Mendocino,2021-04-27,208,71367,91,36954,90,32268,27,2145,95,9829,112,31672,121,41501,California
Mendocino,2021-04-28,222,71589,147,37101,56,32324,19,2164,127,9880,95,31767,146,41647,California
Mendocino,2021-04-29,1146,72735,841,37942,290,32614,15,2179,112,8978,1029,32796,127,41774,California
Mendocino,2021-04-30,610,73345,385,38327,215,32829,10,2189,231,8841,378,33174,241,42015,California
Mendocino,2021-05-01,476,73821,435,38762,33,32862,8,2197,370,9114,105,33279,378,42393,California
Mendocino,2021-05-02,56,73877,46,38808,7,32869,3,2200,9,9079,47,33326,12,42405,California
Mendocino,2021-05-03,148,74025,85,38893,41,32910,22,2222,43,9041,103,33429,65,42470,California
Mendocino,2021-05-04,379,74404,253,39146,93,33003,33,2255,141,8977,238,33667,174,42644,California
Mendocino,2021-05-05,878,75282,790,39936,73,33076,15,2270,223,8560,654,34321,237,42881,California
Mendocino,2021-05-06,632,75914,381,40317,229,33305,22,2292,155,8262,475,34796,177,43058,California
Mendocino,2021-05-07,190,76104,36,40353,129,33434,25,2317,123,8343,66,34862,147,43205,California
Mendocino,2021-05-08,126,76230,5,40358,120,33554,1,2318,110,8439,15,34877,111,43316,California
Mendocino,2021-05-09,22,76252,7,40365,14,33568,1,2319,5,8428,17,34894,6,43322,California
Mendocino,2021-05-10,244,76496,161,40526,78,33646,5,2324,151,8491,93,34987,156,43478,California
Mendocino,2021-05-11,281,76777,144,40670,119,33765,18,2342,130,8487,150,35137,146,43624,California
Mendocino,2021-05-12,143,76920,81,40751,54,33819,8,2350,44,8442,97,35234,52,43676,California
Mendocino,2021-05-13,1228,78148,1122,41873,89,33908,17,2367,320,7871,908,36142,337,44013,California
Mendocino,2021-05-14,723,78871,496,42369,164,34072,63,2430,249,7714,469,36611,312,44325,California
Mendocino,2021-05-15,85,78956,29,42398,52,34124,4,2434,40,7713,45,36656,44,44369,California
Mendocino,2021-05-16,117,79073,104,42502,11,34135,2,2436,100,7799,16,36672,102,44471,California
Mendocino,2021-05-17,172,79245,84,42586,72,34207,16,2452,97,7837,75,36747,113,44584,California
Mendocino,2021-05-18,243,79488,117,42703,98,34305,28,2480,107,7836,135,36882,134,44718,California
Mendocino,2021-05-19,327,79815,191,42894,115,34420,21,2501,242,8016,83,36965,263,44981,California
Mendocino,2021-05-20,294,80109,116,43010,136,34556,42,2543,106,7979,185,37150,148,45129,California
Mendocino,2021-05-21,655,80764,476,43486,164,34720,15,2558,510,8360,144,37294,525,45654,California
Mendocino,2021-05-22,786,81550,675,44161,103,34823,8,2566,242,8067,543,37837,250,45904,California
Mendocino,2021-05-23,29,81579,12,44173,10,34833,7,2573,15,8074,14,37851,21,45925,California
Mendocino,2021-05-24,127,81706,43,44216,63,34896,21,2594,60,8089,66,37917,81,46006,California
Mendocino,2021-05-25,296,82002,177,44393,89,34985,30,2624,135,8093,160,38077,164,46170,California
Mendocino,2021-05-26,324,82326,244,44637,68,35053,12,2636,131,8043,193,38270,143,46313,California
Mendocino,2021-05-27,245,82571,112,44749,111,35164,22,2658,102,8025,141,38411,123,46436,California
Mendocino,2021-05-28,237,82808,97,44846,127,35291,13,2671,154,8111,81,38492,167,46603,California
Mendocino,2021-05-29,48,82856,17,44863,26,35317,5,2676,27,8122,21,38513,32,46635,California
Mendocino,2021-05-30,15,82871,2,44865,12,35329,1,2677,10,8128,5,38518,11,46646,California
Mendocino,2021-05-31,6,82877,0,44865,5,35334,1,2678,2,8128,3,38521,3,46649,California
Mendocino,2021-06-01,313,83190,105,44970,199,35533,9,2687,85,7994,228,38749,94,46743,California
Mendocino,2021-06-02,155,83345,58,45028,89,35622,8,2695,54,7957,99,38848,62,46805,California
Mendocino,2021-06-03,557,83902,456,45484,92,35714,9,2704,122,7660,428,39276,131,46936,California
Mendocino,2021-06-04,324,84226,197,45681,104,35818,23,2727,88,7535,236,39512,111,47047,California
Mendocino,2021-06-05,225,84451,92,45773,115,35933,18,2745,72,7474,151,39663,90,47137,California
Mendocino,2021-06-06,63,84514,58,45831,2,35935,3,2748,2,7418,61,39724,5,47142,California
Mendocino,2021-06-07,147,84661,71,45902,64,35999,12,2760,58,7399,89,39813,70,47212,California
Mendocino,2021-06-08,231,84892,131,46033,87,36086,13,2773,98,7382,128,39941,111,47323,California
Mendocino,2021-06-09,312,85204,249,46282,53,36139,10,2783,108,7297,203,40144,118,47441,California
Mendocino,2021-06-10,122,85326,67,46349,45,36184,10,2793,56,7297,66,40210,66,47507,California
Mendocino,2021-06-11,699,86025,545,46894,131,36315,23,2816,94,6811,603,40813,117,47624,California
Mendocino,2021-06-12,63,86088,40,46934,18,36333,5,2821,17,6788,45,40858,22,47646,California
Mendocino,2021-06-13,29,86117,16,46950,11,36344,2,2823,15,6792,13,40871,17,47663,California
Mendocino,2021-06-14,110,86227,48,46998,43,36387,19,2842,45,6791,64,40935,63,47726,California
Mendocino,2021-06-15,260,86487,167,47165,74,36461,19,2861,83,6716,177,41112,102,47828,California
Mendocino,2021-06-16,271,86758,168,47333,80,36541,23,2884,67,6604,202,41314,90,47918,California
Mendocino,2021-06-17,169,86927,89,47422,64,36605,16,2900,55,6562,113,41427,71,47989,California
Mendocino,2021-06-18,265,87192,123,47545,112,36717,30,2930,74,6475,190,41617,103,48092,California
Mendocino,2021-06-19,75,87267,43,47588,25,36742,7,2937,17,6441,58,41675,24,48116,California
Mendocino,2021-06-20,12,87279,4,47592,4,36746,4,2941,7,6447,5,41680,11,48127,California
Mendocino,2021-06-21,97,87376,31,47623,55,36801,11,2952,43,6449,51,41731,53,48180,California
Mendocino,2021-06-22,123,87499,77,47700,34,36835,12,2964,48,6436,73,41804,60,48240,California
Mendocino,2021-06-23,96,87595,78,47778,10,36845,8,2972,23,6394,73,41877,31,48271,California
Merced,2020-12-16,3,3,3,3,0,0,0,0,3,3,0,0,3,3,California
Merced,2020-12-17,9,12,9,12,0,0,0,0,9,12,0,0,9,12,California
Merced,2020-12-18,146,158,146,158,0,0,0,0,146,158,0,0,146,158,California
Merced,2020-12-19,39,197,39,197,0,0,0,0,39,197,0,0,39,197,California
Merced,2020-12-20,18,215,18,215,0,0,0,0,18,215,0,0,18,215,California
Merced,2020-12-21,125,340,122,337,3,3,0,0,125,340,0,0,125,340,California
Merced,2020-12-22,152,492,152,489,0,3,0,0,152,492,0,0,152,492,California
Merced,2020-12-23,254,746,248,737,6,9,0,0,254,746,0,0,254,746,California
Merced,2020-12-24,72,818,72,809,0,9,0,0,72,818,0,0,72,818,California
Merced,2020-12-25,4,822,4,813,0,9,0,0,4,822,0,0,4,822,California
Merced,2020-12-26,6,828,3,816,3,12,0,0,6,828,0,0,6,828,California
Merced,2020-12-27,12,840,11,827,1,13,0,0,12,840,0,0,12,840,California
Merced,2020-12-28,121,961,96,923,25,38,0,0,121,961,0,0,121,961,California
Merced,2020-12-29,194,1155,123,1046,71,109,0,0,194,1155,0,0,194,1155,California
Merced,2020-12-30,216,1371,89,1135,127,236,0,0,216,1371,0,0,216,1371,California
Merced,2020-12-31,103,1474,34,1169,69,305,0,0,103,1474,0,0,103,1474,California
Merced,2021-01-01,5,1479,1,1170,4,309,0,0,5,1479,0,0,5,1479,California
Merced,2021-01-02,129,1608,118,1288,11,320,0,0,129,1608,0,0,129,1608,California
Merced,2021-01-03,9,1617,5,1293,4,324,0,0,9,1617,0,0,9,1617,California
Merced,2021-01-04,83,1700,43,1336,40,364,0,0,83,1700,0,0,83,1700,California
Merced,2021-01-05,327,2027,232,1568,95,459,0,0,321,2017,6,6,323,2023,California
Merced,2021-01-06,259,2286,106,1674,153,612,0,0,253,2264,6,12,253,2276,California
Merced,2021-01-07,187,2473,83,1757,104,716,0,0,175,2426,13,25,175,2451,California
Merced,2021-01-08,528,3001,394,2151,134,850,0,0,375,2649,152,177,375,2826,California
Merced,2021-01-09,23,3024,10,2161,13,863,0,0,17,2660,6,183,17,2843,California
Merced,2021-01-10,11,3035,7,2168,4,867,0,0,7,2663,4,187,7,2850,California
Merced,2021-01-11,230,3265,171,2339,59,926,0,0,102,2639,128,315,104,2954,California
Merced,2021-01-12,295,3560,171,2510,124,1050,0,0,245,2833,51,366,245,3199,California
Merced,2021-01-13,391,3951,177,2687,214,1264,0,0,237,2919,154,520,240,3439,California
Merced,2021-01-14,327,4278,204,2891,123,1387,0,0,160,2914,166,686,161,3600,California
Merced,2021-01-15,588,4866,132,3023,456,1843,0,0,549,3426,40,726,552,4152,California
Merced,2021-01-16,213,5079,129,3152,84,1927,0,0,196,3605,17,743,196,4348,California
Merced,2021-01-17,50,5129,12,3164,38,1965,0,0,49,3653,1,744,49,4397,California
Merced,2021-01-18,266,5395,127,3291,139,2104,0,0,243,3877,23,767,247,4644,California
Merced,2021-01-19,713,6108,589,3880,124,2228,0,0,540,4251,173,940,547,5191,California
Merced,2021-01-20,572,6680,467,4347,105,2333,0,0,515,4712,57,997,518,5709,California
Merced,2021-01-21,1018,7698,650,4997,368,2701,0,0,918,5533,100,1097,921,6630,California
Merced,2021-01-22,1315,9013,694,5691,621,3322,0,0,1287,6805,27,1124,1299,7929,California
Merced,2021-01-23,324,9337,197,5888,127,3449,0,0,217,6915,107,1231,217,8146,California
Merced,2021-01-24,37,9374,15,5903,22,3471,0,0,28,6935,8,1239,28,8174,California
Merced,2021-01-25,730,10104,241,6144,489,3960,0,0,669,7545,60,1299,670,8844,California
Merced,2021-01-26,933,11037,487,6631,446,4406,0,0,676,7993,229,1528,677,9521,California
Merced,2021-01-27,988,12025,588,7219,400,4806,0,0,817,8641,169,1697,817,10338,California
Merced,2021-01-28,1141,13166,595,7814,546,5352,0,0,1017,9537,123,1820,1019,11357,California
Merced,2021-01-29,850,14016,319,8133,531,5883,0,0,596,9894,242,2062,599,11956,California
Merced,2021-01-30,263,14279,28,8161,235,6118,0,0,246,10123,17,2079,246,12202,California
Merced,2021-01-31,47,14326,11,8172,36,6154,0,0,46,10168,1,2080,46,12248,California
Merced,2021-02-01,379,14705,51,8223,328,6482,0,0,327,10445,51,2131,328,12576,California
Merced,2021-02-02,308,15013,182,8405,126,6608,0,0,180,10501,125,2256,181,12757,California
Merced,2021-02-03,350,15363,72,8477,278,6886,0,0,169,10488,182,2438,169,12926,California
Merced,2021-02-04,374,15737,148,8625,226,7112,0,0,241,10598,132,2570,242,13168,California
Merced,2021-02-05,515,16252,173,8798,342,7454,0,0,273,10633,240,2810,275,13443,California
Merced,2021-02-06,391,16643,220,9018,171,7625,0,0,247,10740,141,2951,248,13691,California
Merced,2021-02-07,21,16664,13,9031,8,7633,0,0,14,10747,7,2958,14,13705,California
Merced,2021-02-08,284,16948,199,9230,85,7718,0,0,172,10810,110,3068,173,13878,California
Merced,2021-02-09,1219,18167,956,10186,263,7981,0,0,773,11146,438,3506,774,14652,California
Merced,2021-02-10,1873,20040,1437,11623,436,8417,0,0,1277,11837,586,4092,1277,15929,California
Merced,2021-02-11,2514,22554,2014,13637,500,8917,0,0,1820,12975,682,4774,1820,17749,California
Merced,2021-02-12,1724,24278,1022,14659,702,9619,0,0,748,12768,958,5732,751,18500,California
Merced,2021-02-13,363,24641,208,14867,155,9774,0,0,264,12939,95,5827,266,18766,California
Merced,2021-02-14,117,24758,26,14893,91,9865,0,0,95,13013,22,5849,96,18862,California
Merced,2021-02-15,275,25033,42,14935,233,10098,0,0,169,13084,99,5948,170,19032,California
Merced,2021-02-16,1219,26252,846,15781,373,10471,0,0,836,13560,364,6312,840,19872,California
Merced,2021-02-17,1890,28142,1644,17425,246,10717,0,0,1315,14325,559,6871,1324,21196,California
Merced,2021-02-18,1222,29364,825,18250,397,11114,0,0,407,13941,794,7665,410,21606,California
Merced,2021-02-19,1266,30630,416,18666,850,11964,0,0,538,13759,722,8387,540,22146,California
Merced,2021-02-20,280,30910,33,18699,247,12211,0,0,142,13765,136,8523,142,22288,California
Merced,2021-02-21,77,30987,62,18761,15,12226,0,0,31,13752,44,8567,31,22319,California
Merced,2021-02-22,834,31821,296,19057,538,12764,0,0,481,13884,351,8918,483,22802,California
Merced,2021-02-23,1090,32911,423,19480,667,13431,0,0,641,14084,443,9361,643,23445,California
Merced,2021-02-24,825,33736,306,19786,519,13950,0,0,453,14175,363,9724,454,23899,California
Merced,2021-02-25,1779,35515,884,20670,895,14845,0,0,1322,15047,453,10177,1325,25224,California
Merced,2021-02-26,2163,37678,1384,22054,779,15624,0,0,1743,16380,411,10588,1744,26968,California
Merced,2021-02-27,2615,40293,1186,23240,1429,17053,0,0,2327,18420,287,10875,2327,29295,California
Merced,2021-02-28,314,40607,75,23315,238,17291,1,1,257,18624,53,10928,257,29552,California
Merced,2021-03-01,1145,41752,284,23599,860,18151,1,2,787,19064,348,11276,788,30340,California
Merced,2021-03-02,1760,43512,912,24511,847,18998,1,3,1365,20045,387,11663,1368,31708,California
Merced,2021-03-03,2241,45753,1740,26251,500,19498,1,4,1476,20777,746,12409,1478,33186,California
Merced,2021-03-04,2903,48656,2279,28530,622,20120,2,6,1925,21745,960,13369,1928,35114,California
Merced,2021-03-05,2078,50734,1198,29728,856,20976,24,30,1533,22773,530,13899,1558,36672,California
Merced,2021-03-06,1169,51903,664,30392,483,21459,22,52,913,23453,255,14154,935,37607,California
Merced,2021-03-07,230,52133,66,30458,139,21598,25,77,201,23650,29,14183,226,37833,California
Merced,2021-03-08,1410,53543,812,31270,533,22131,65,142,1193,24691,216,14399,1257,39090,California
Merced,2021-03-09,1758,55301,1025,32295,625,22756,108,250,1104,25256,647,15046,1212,40302,California
Merced,2021-03-10,2744,58045,1888,34183,656,23412,200,450,1631,25993,1098,16144,1835,42137,California
Merced,2021-03-11,1979,60024,715,34898,1063,24475,201,651,1227,26707,735,16879,1449,43586,California
Merced,2021-03-12,2238,62262,907,35805,1060,25535,271,922,1493,27743,740,17619,1776,45362,California
Merced,2021-03-13,1023,63285,317,36122,466,26001,240,1162,711,28388,304,17923,949,46311,California
Merced,2021-03-14,250,63535,137,36259,83,26084,30,1192,150,28469,99,18022,180,46491,California
Merced,2021-03-15,1534,65069,499,36758,779,26863,256,1448,1009,29216,517,18539,1264,47755,California
Merced,2021-03-16,1475,66544,718,37476,530,27393,227,1675,980,29941,483,19022,1208,48963,California
Merced,2021-03-17,2003,68547,1082,38558,740,28133,181,1856,1532,31195,461,19483,1715,50678,California
Merced,2021-03-18,2136,70683,1263,39821,725,28858,148,2004,1396,32028,725,20208,1558,52236,California
Merced,2021-03-19,2680,73363,1463,41284,1022,29880,195,2199,1393,32338,1277,21485,1587,53823,California
Merced,2021-03-20,2455,75818,1528,42812,532,30412,395,2594,962,32211,1488,22973,1361,55184,California
Merced,2021-03-21,559,76377,344,43156,202,30614,13,2607,438,32544,120,23093,453,55637,California
Merced,2021-03-22,1270,77647,635,43791,559,31173,76,2683,892,33145,369,23462,970,56607,California
Merced,2021-03-23,1896,79543,1159,44950,671,31844,66,2749,1406,34134,482,23944,1471,58078,California
Merced,2021-03-24,1483,81026,935,45885,513,32357,35,2784,998,34690,478,24422,1034,59112,California
Merced,2021-03-25,3346,84372,2292,48177,1031,33388,23,2807,2100,35583,1233,25655,2126,61238,California
Merced,2021-03-26,1958,86330,1101,49278,821,34209,36,2843,905,35486,1038,26693,941,62179,California
Merced,2021-03-27,3579,89909,1914,51192,1242,35451,423,3266,1560,35466,2004,28697,1984,64163,California
Merced,2021-03-28,522,90431,215,51407,300,35751,7,3273,214,35383,305,29002,222,64385,California
Merced,2021-03-29,1844,92275,784,52191,891,36642,169,3442,678,35076,1157,30159,850,65235,California
Merced,2021-03-30,2167,94442,809,53000,1299,37941,59,3501,1002,34980,1159,31318,1063,66298,California
Merced,2021-03-31,2162,96604,1411,54411,710,38651,41,3542,958,34795,1186,32504,1001,67299,California
Merced,2021-04-01,2362,98966,1056,55467,1176,39827,130,3672,1059,34695,1289,33793,1189,68488,California
Merced,2021-04-02,2353,101319,644,56111,1303,41130,406,4078,799,34365,1536,35329,1206,69694,California
Merced,2021-04-03,1090,102409,600,56711,471,41601,19,4097,669,34643,411,35740,689,70383,California
Merced,2021-04-04,373,102782,143,56854,226,41827,4,4101,143,34563,229,35969,149,70532,California
Merced,2021-04-05,1282,104064,610,57464,459,42286,213,4314,421,34343,853,36822,633,71165,California
Merced,2021-04-06,2433,106497,899,58363,704,42990,830,5144,896,34536,1532,38354,1725,72890,California
Merced,2021-04-07,1681,108178,900,59263,673,43663,108,5252,593,34170,1069,39423,703,73593,California
Merced,2021-04-08,2475,110653,1330,60593,928,44591,217,5469,983,33909,1459,40882,1198,74791,California
Merced,2021-04-09,1708,112361,479,61072,651,45242,578,6047,569,33938,1119,42001,1148,75939,California
Merced,2021-04-10,983,113344,370,61442,425,45667,188,6235,177,33501,800,42801,363,76302,California
Merced,2021-04-11,488,113832,281,61723,72,45739,135,6370,147,33445,339,43140,283,76585,California
Merced,2021-04-12,1518,115350,994,62717,400,46139,124,6494,872,33835,607,43747,997,77582,California
Merced,2021-04-13,2054,117404,1468,64185,584,46723,2,6496,942,33765,1018,44765,948,78530,California
Merced,2021-04-14,2216,119620,1373,65558,843,47566,0,6496,1033,33751,1049,45814,1035,79565,California
Merced,2021-04-15,3036,122656,1988,67546,1048,48614,0,6496,957,32871,1843,47657,963,80528,California
Merced,2021-04-16,2393,125049,1170,68716,1223,49837,0,6496,972,32526,1317,48974,972,81500,California
Merced,2021-04-17,2107,127156,1448,70164,658,50495,1,6497,688,31807,1411,50385,692,82192,California
Merced,2021-04-18,476,127632,250,70414,226,50721,0,6497,193,31745,255,50640,193,82385,California
Merced,2021-04-19,1352,128984,753,71167,599,51320,0,6497,712,31917,541,51181,713,83098,California
Merced,2021-04-20,1489,130473,742,71909,747,52067,0,6497,804,32108,613,51794,804,83902,California
Merced,2021-04-21,1527,132000,916,72825,611,52678,0,6497,777,32250,636,52430,778,84680,California
Merced,2021-04-22,1641,133641,746,73571,895,53573,0,6497,783,32267,767,53197,784,85464,California
Merced,2021-04-23,1665,135306,689,74260,976,54549,0,6497,897,32445,720,53917,898,86362,California
Merced,2021-04-24,878,136184,703,74963,175,54724,0,6497,555,32682,318,54235,555,86917,California
Merced,2021-04-25,332,136516,192,75155,140,54864,0,6497,196,32746,132,54367,196,87113,California
Merced,2021-04-26,1235,137751,534,75689,701,55565,0,6497,641,32832,557,54924,643,87756,California
Merced,2021-04-27,1795,139546,899,76588,884,56449,12,6509,720,32560,1005,55929,733,88489,California
Merced,2021-04-28,1382,140928,683,77271,691,57140,8,6517,790,32791,567,56496,798,89287,California
Merced,2021-04-29,1468,142396,645,77916,798,57938,25,6542,702,32764,756,57252,729,90016,California
Merced,2021-04-30,1471,143867,618,78534,809,58747,44,6586,753,32851,711,57963,798,90814,California
Merced,2021-05-01,564,144431,242,78776,318,59065,4,6590,264,32823,295,58258,267,91081,California
Merced,2021-05-02,299,144730,122,78898,162,59227,15,6605,132,32805,166,58424,148,91229,California
Merced,2021-05-03,855,145585,558,79456,226,59453,71,6676,308,32643,543,58967,381,91610,California
Merced,2021-05-04,1027,146612,547,80003,428,59881,52,6728,379,32432,642,59609,431,92041,California
Merced,2021-05-05,1393,148005,891,80894,426,60307,76,6804,623,32375,757,60366,700,92741,California
Merced,2021-05-06,923,148928,480,81374,393,60700,50,6854,302,32113,614,60980,352,93093,California
Merced,2021-05-07,1143,150071,497,81871,604,61304,42,6896,435,31891,702,61682,480,93573,California
Merced,2021-05-08,399,150470,202,82073,161,61465,36,6932,184,31897,214,61896,220,93793,California
Merced,2021-05-09,212,150682,105,82178,100,61565,7,6939,100,31893,111,62007,107,93900,California
Merced,2021-05-10,700,151382,357,82535,306,61871,37,6976,192,31617,506,62513,230,94130,California
Merced,2021-05-11,1152,152534,684,83219,411,62282,57,7033,447,31421,700,63213,504,94634,California
Merced,2021-05-12,1089,153623,620,83839,427,62709,42,7075,379,31136,707,63920,422,95056,California
Merced,2021-05-13,880,154503,472,84311,366,63075,42,7117,365,31033,510,64430,407,95463,California
Merced,2021-05-14,1034,155537,623,84934,371,63446,40,7157,542,31129,486,64916,582,96045,California
Merced,2021-05-15,762,156299,577,85511,166,63612,19,7176,450,31299,300,65216,470,96515,California
Merced,2021-05-16,350,156649,234,85745,108,63720,8,7184,198,31356,150,65366,207,96722,California
Merced,2021-05-17,1098,157747,714,86459,354,64074,30,7214,539,31374,552,65918,570,97292,California
Merced,2021-05-18,1283,159030,857,87316,395,64469,31,7245,728,31585,548,66466,759,98051,California
Merced,2021-05-19,1116,160146,758,88074,351,64820,7,7252,627,31737,486,66952,638,98689,California
Merced,2021-05-20,1059,161205,560,88634,443,65263,56,7308,408,31554,649,67601,466,99155,California
Merced,2021-05-21,1198,162403,688,89322,482,65745,28,7336,498,31392,689,68290,527,99682,California
Merced,2021-05-22,752,163155,538,89860,201,65946,13,7349,449,31557,300,68590,465,100147,California
Merced,2021-05-23,339,163494,238,90098,88,66034,13,7362,225,31682,113,68703,238,100385,California
Merced,2021-05-24,601,164095,250,90348,321,66355,30,7392,228,31573,368,69071,259,100644,California
Merced,2021-05-25,770,164865,436,90784,300,66655,34,7426,404,31648,362,69433,437,101081,California
Merced,2021-05-26,989,165854,558,91342,398,67053,33,7459,416,31527,571,70004,450,101531,California
Merced,2021-05-27,927,166781,653,91995,240,67293,34,7493,570,31779,353,70357,605,102136,California
Merced,2021-05-28,768,167549,350,92345,372,67665,46,7539,338,31742,421,70778,384,102520,California
Merced,2021-05-29,393,167942,272,92617,113,67778,8,7547,173,31707,217,70995,182,102702,California
Merced,2021-05-30,214,168156,145,92762,58,67836,11,7558,134,31772,80,71075,145,102847,California
Merced,2021-05-31,111,168267,25,92787,80,67916,6,7564,32,31734,77,71152,39,102886,California
Merced,2021-06-01,847,169114,525,93312,290,68206,32,7596,353,31629,489,71641,384,103270,California
Merced,2021-06-02,747,169861,485,93797,236,68442,26,7622,367,31649,373,72014,393,103663,California
Merced,2021-06-03,758,170619,481,94278,243,68685,34,7656,337,31604,415,72429,370,104033,California
Merced,2021-06-04,789,171408,447,94725,320,69005,22,7678,328,31500,455,72884,351,104384,California
Merced,2021-06-05,492,171900,388,95113,94,69099,10,7688,182,31387,305,73189,192,104576,California
Merced,2021-06-06,224,172124,188,95301,30,69129,6,7694,84,31337,140,73329,90,104666,California
Merced,2021-06-07,659,172783,527,95828,119,69248,13,7707,196,31085,463,73792,211,104877,California
Merced,2021-06-08,860,173643,638,96466,198,69446,24,7731,276,30805,580,74372,300,105177,California
Merced,2021-06-09,783,174426,647,97113,121,69567,15,7746,239,30524,535,74907,254,105431,California
Merced,2021-06-10,646,175072,446,97559,180,69747,20,7766,269,30443,370,75277,289,105720,California
Merced,2021-06-11,568,175640,358,97917,195,69942,15,7781,237,30369,328,75605,254,105974,California
Merced,2021-06-12,463,176103,359,98276,81,70023,23,7804,158,30246,304,75909,181,106155,California
Merced,2021-06-13,256,176359,134,98410,117,70140,5,7809,68,30131,188,76097,73,106228,California
Merced,2021-06-14,547,176906,359,98769,155,70295,33,7842,257,30133,289,76386,291,106519,California
Merced,2021-06-15,786,177692,557,99326,202,70497,27,7869,271,29925,507,76893,299,106818,California
Merced,2021-06-16,661,178353,440,99766,199,70696,22,7891,314,29924,337,77230,336,107154,California
Merced,2021-06-17,732,179085,556,100322,145,70841,31,7922,234,29699,490,77720,265,107419,California
Merced,2021-06-18,755,179840,494,100816,231,71072,30,7952,382,29745,366,78086,412,107831,California
Merced,2021-06-19,363,180203,249,101065,87,71159,27,7979,196,29803,165,78251,223,108054,California
Merced,2021-06-20,238,180441,184,101249,46,71205,8,7987,140,29854,97,78348,148,108202,California
Merced,2021-06-21,317,180758,191,101440,116,71321,10,7997,197,29942,119,78467,207,108409,California
Merced,2021-06-22,499,181257,347,101787,136,71457,16,8013,248,29956,251,78718,265,108674,California
Merced,2021-06-23,170,181427,44,101831,117,71574,9,8022,76,29951,90,78808,85,108759,California
Modoc,2020-12-16,1,1,1,1,0,0,0,0,1,1,0,0,1,1,California
Modoc,2020-12-21,99,100,99,100,0,0,0,0,99,100,0,0,99,100,California
Modoc,2020-12-22,14,114,14,114,0,0,0,0,14,114,0,0,14,114,California
Modoc,2020-12-23,4,118,4,118,0,0,0,0,4,118,0,0,4,118,California
Modoc,2020-12-24,1,119,1,119,0,0,0,0,1,119,0,0,1,119,California
Modoc,2020-12-28,2,121,2,121,0,0,0,0,2,121,0,0,2,121,California
Modoc,2020-12-29,10,131,1,122,9,9,0,0,10,131,0,0,10,131,California
Modoc,2020-12-30,7,138,0,122,7,16,0,0,7,138,0,0,7,138,California
Modoc,2021-01-02,3,141,1,123,2,18,0,0,3,141,0,0,3,141,California
Modoc,2021-01-04,8,149,0,123,8,26,0,0,8,149,0,0,8,149,California
Modoc,2021-01-05,3,152,2,125,1,27,0,0,3,152,0,0,3,152,California
Modoc,2021-01-06,3,155,2,127,1,28,0,0,2,153,1,1,2,154,California
Modoc,2021-01-07,72,227,0,127,72,100,0,0,72,225,0,1,72,226,California
Modoc,2021-01-08,105,332,0,127,105,205,0,0,105,330,0,1,105,331,California
Modoc,2021-01-10,1,333,1,128,0,205,0,0,0,329,1,2,0,331,California
Modoc,2021-01-11,90,423,81,209,9,214,0,0,19,277,71,73,19,350,California
Modoc,2021-01-12,94,517,25,234,69,283,0,0,68,319,26,99,68,418,California
Modoc,2021-01-13,24,541,4,238,20,303,0,0,22,339,2,101,22,440,California
Modoc,2021-01-14,129,670,6,244,123,426,0,0,124,458,5,106,124,564,California
Modoc,2021-01-15,6,676,1,245,5,431,0,0,6,464,0,106,6,570,California
Modoc,2021-01-16,2,678,1,246,1,432,0,0,2,466,0,106,2,572,California
Modoc,2021-01-18,3,681,1,247,2,434,0,0,3,469,0,106,3,575,California
Modoc,2021-01-19,5,686,3,250,2,436,0,0,3,470,2,108,3,578,California
Modoc,2021-01-20,11,697,1,251,10,446,0,0,11,481,0,108,11,589,California
Modoc,2021-01-21,157,854,2,253,155,601,0,0,157,638,0,108,157,746,California
Modoc,2021-01-22,2,856,0,253,2,603,0,0,2,640,0,108,2,748,California
Modoc,2021-01-25,11,867,0,253,11,614,0,0,11,651,0,108,11,759,California
Modoc,2021-01-26,65,932,1,254,64,678,0,0,65,716,0,108,65,824,California
Modoc,2021-01-27,42,974,3,257,39,717,0,0,26,726,16,124,26,850,California
Modoc,2021-01-28,146,1120,2,259,144,861,0,0,145,870,1,125,145,995,California
Modoc,2021-01-29,3,1123,1,260,2,863,0,0,3,873,0,125,3,998,California
Modoc,2021-02-01,26,1149,13,273,13,876,0,0,12,871,14,139,12,1010,California
Modoc,2021-02-02,170,1319,2,275,168,1044,0,0,167,1035,3,142,167,1177,California
Modoc,2021-02-03,18,1337,13,288,5,1049,0,0,11,1039,7,149,11,1188,California
Modoc,2021-02-04,155,1492,4,292,151,1200,0,0,27,938,128,277,27,1215,California
Modoc,2021-02-05,2,1494,2,294,0,1200,0,0,1,938,1,278,1,1216,California
Modoc,2021-02-08,9,1503,2,296,7,1207,0,0,8,945,1,279,8,1224,California
Modoc,2021-02-09,197,1700,13,309,184,1391,0,0,65,878,132,411,65,1289,California
Modoc,2021-02-10,5,1705,2,311,3,1394,0,0,4,881,1,412,4,1293,California
Modoc,2021-02-11,201,1906,3,314,198,1592,0,0,83,846,118,530,83,1376,California
Modoc,2021-02-12,4,1910,0,314,4,1596,0,0,2,846,2,532,2,1378,California
Modoc,2021-02-13,2,1912,0,314,2,1598,0,0,1,846,1,533,1,1379,California
Modoc,2021-02-16,147,2059,6,320,141,1739,0,0,141,981,6,539,141,1520,California
Modoc,2021-02-17,25,2084,2,322,23,1762,0,0,12,980,13,552,12,1532,California
Modoc,2021-02-18,187,2271,2,324,185,1947,0,0,24,843,162,714,25,1557,California
Modoc,2021-02-19,3,2274,3,327,0,1947,0,0,2,844,1,715,2,1559,California
Modoc,2021-02-20,1,2275,1,328,0,1947,0,0,0,843,1,716,0,1559,California
Modoc,2021-02-22,17,2292,9,337,8,1955,0,0,3,832,14,730,3,1562,California
Modoc,2021-02-23,20,2312,2,339,18,1973,0,0,1,814,19,749,1,1563,California
Modoc,2021-02-24,91,2403,1,340,90,2063,0,0,31,785,60,809,31,1594,California
Modoc,2021-02-25,169,2572,0,340,169,2232,0,0,12,640,157,966,12,1606,California
Modoc,2021-02-26,3,2575,0,340,3,2235,0,0,1,639,2,968,1,1607,California
Modoc,2021-02-27,4,2579,4,344,0,2235,0,0,2,639,2,970,2,1609,California
Modoc,2021-03-01,6,2585,0,344,6,2241,0,0,1,636,4,974,1,1610,California
Modoc,2021-03-02,193,2778,12,356,181,2422,0,0,26,495,167,1141,26,1636,California
Modoc,2021-03-03,12,2790,6,362,6,2428,0,0,2,487,10,1151,2,1638,California
Modoc,2021-03-04,174,2964,2,364,172,2600,0,0,147,607,27,1178,147,1785,California
Modoc,2021-03-05,3,2967,3,367,0,2600,0,0,2,608,1,1179,2,1787,California
Modoc,2021-03-06,11,2978,0,367,1,2601,10,10,1,609,10,1189,11,1798,California
Modoc,2021-03-07,8,2986,2,369,0,2601,6,16,2,611,6,1195,8,1806,California
Modoc,2021-03-08,8,2994,1,370,3,2604,4,20,1,610,6,1201,5,1811,California
Modoc,2021-03-09,127,3121,10,380,108,2712,9,29,61,614,66,1267,70,1881,California
Modoc,2021-03-10,9,3130,3,383,2,2714,4,33,4,617,5,1272,8,1889,California
Modoc,2021-03-11,207,3337,0,383,99,2813,108,141,22,562,185,1457,130,2019,California
Modoc,2021-03-12,10,3347,1,384,4,2817,5,146,4,565,6,1463,9,2028,California
Modoc,2021-03-13,4,3351,0,384,1,2818,3,149,1,566,3,1466,4,2032,California
Modoc,2021-03-15,12,3363,1,385,10,2828,1,150,10,575,2,1468,11,2043,California
Modoc,2021-03-16,173,3536,1,386,168,2996,4,154,42,489,131,1599,45,2088,California
Modoc,2021-03-17,10,3546,1,387,4,3000,5,159,2,488,8,1607,7,2095,California
Modoc,2021-03-18,66,3612,2,389,57,3057,7,166,34,497,32,1639,41,2136,California
Modoc,2021-03-19,5,3617,0,389,0,3057,5,171,0,497,5,1644,5,2141,California
Modoc,2021-03-20,5,3622,2,391,0,3057,3,174,0,495,5,1649,3,2144,California
Modoc,2021-03-21,3,3625,1,392,0,3057,2,176,1,496,2,1651,3,2147,California
Modoc,2021-03-22,17,3642,1,393,11,3068,5,181,12,508,5,1656,17,2164,California
Modoc,2021-03-23,37,3679,7,400,27,3095,3,184,28,530,9,1665,31,2195,California
Modoc,2021-03-24,29,3708,1,401,18,3113,10,194,1,513,28,1693,11,2206,California
Modoc,2021-03-25,77,3785,1,402,74,3187,2,196,45,528,32,1725,47,2253,California
Modoc,2021-03-26,7,3792,2,404,2,3189,3,199,2,528,5,1730,5,2258,California
Modoc,2021-03-27,2,3794,0,404,1,3190,1,200,1,529,1,1731,2,2260,California
Modoc,2021-03-28,2,3796,1,405,0,3190,1,201,0,528,2,1733,1,2261,California
Modoc,2021-03-29,14,3810,1,406,5,3195,8,209,5,532,9,1742,13,2274,California
Modoc,2021-03-30,54,3864,9,415,38,3233,7,216,20,525,34,1776,27,2301,California
Modoc,2021-03-31,10,3874,3,418,3,3236,4,220,4,527,6,1782,8,2309,California
Modoc,2021-04-01,167,4041,2,420,160,3396,5,225,32,429,135,1917,37,2346,California
Modoc,2021-04-02,5,4046,0,420,2,3398,3,228,1,430,3,1920,4,2350,California
Modoc,2021-04-03,5,4051,2,422,0,3398,3,231,2,432,2,1922,4,2354,California
Modoc,2021-04-05,9,4060,0,422,9,3407,0,231,9,441,0,1922,9,2363,California
Modoc,2021-04-06,24,4084,5,427,9,3416,10,241,6,439,18,1940,16,2379,California
Modoc,2021-04-07,12,4096,1,428,4,3420,7,248,3,440,9,1949,10,2389,California
Modoc,2021-04-08,95,4191,1,429,92,3512,2,250,26,399,69,2018,28,2417,California
Modoc,2021-04-09,11,4202,2,431,6,3518,3,253,2,394,9,2027,4,2421,California
Modoc,2021-04-10,5,4207,0,431,1,3519,4,257,0,393,5,2032,4,2425,California
Modoc,2021-04-11,2,4209,2,433,0,3519,0,257,1,393,1,2033,1,2426,California
Modoc,2021-04-12,14,4223,0,433,10,3529,4,261,1,387,11,2044,5,2431,California
Modoc,2021-04-13,30,4253,29,462,1,3530,0,261,21,399,9,2053,21,2452,California
Modoc,2021-04-14,2,4255,2,464,0,3530,0,261,1,399,1,2054,1,2453,California
Modoc,2021-04-15,100,4355,0,464,100,3630,0,261,27,354,72,2126,27,2480,California
Modoc,2021-04-16,4,4359,4,468,0,3630,0,261,3,356,1,2127,3,2483,California
Modoc,2021-04-17,2,4361,2,470,0,3630,0,261,2,358,0,2127,2,2485,California
Modoc,2021-04-18,1,4362,0,470,1,3631,0,261,1,359,0,2127,1,2486,California
Modoc,2021-04-19,7,4369,0,470,7,3638,0,261,2,356,5,2132,2,2488,California
Modoc,2021-04-20,26,4395,2,472,24,3662,0,261,8,346,18,2150,8,2496,California
Modoc,2021-04-21,3,4398,3,475,0,3662,0,261,1,345,2,2152,1,2497,California
Modoc,2021-04-22,95,4493,1,476,94,3756,0,261,38,326,57,2209,38,2535,California
Modoc,2021-04-23,4,4497,0,476,4,3760,0,261,3,328,1,2210,3,2538,California
Modoc,2021-04-24,2,4499,0,476,1,3761,1,262,1,329,1,2211,2,2540,California
Modoc,2021-04-25,1,4500,1,477,0,3761,0,262,1,330,0,2211,1,2541,California
Modoc,2021-04-26,7,4507,0,477,7,3768,0,262,2,327,5,2216,2,2543,California
Modoc,2021-04-27,5,4512,4,481,0,3768,1,263,0,323,5,2221,1,2544,California
Modoc,2021-04-28,7,4519,1,482,5,3773,1,264,2,321,5,2226,3,2547,California
Modoc,2021-04-29,63,4582,2,484,61,3834,0,264,22,302,41,2267,22,2569,California
Modoc,2021-04-30,3,4585,2,486,1,3835,0,264,1,301,2,2269,1,2570,California
Modoc,2021-05-01,1,4586,1,487,0,3835,0,264,0,300,1,2270,0,2570,California
Modoc,2021-05-02,4,4590,3,490,1,3836,0,264,3,302,1,2271,3,2573,California
Modoc,2021-05-03,11,4601,0,490,10,3846,1,265,1,294,10,2281,2,2575,California
Modoc,2021-05-04,11,4612,3,493,6,3852,2,267,5,295,6,2287,7,2582,California
Modoc,2021-05-05,27,4639,24,517,2,3854,1,268,8,285,19,2306,9,2591,California
Modoc,2021-05-06,54,4693,3,520,49,3903,2,270,21,275,33,2339,23,2614,California
Modoc,2021-05-07,8,4701,3,523,3,3906,2,272,2,273,6,2345,4,2618,California
Modoc,2021-05-08,3,4704,2,525,0,3906,1,273,1,273,2,2347,2,2620,California
Modoc,2021-05-09,1,4705,1,526,0,3906,0,273,0,272,1,2348,0,2620,California
Modoc,2021-05-10,2,4707,0,526,1,3907,1,274,1,273,1,2349,2,2622,California
Modoc,2021-05-11,3,4710,2,528,0,3907,1,275,0,271,3,2352,1,2623,California
Modoc,2021-05-12,2,4712,0,528,0,3907,2,277,0,271,2,2354,2,2625,California
Modoc,2021-05-13,42,4754,0,528,38,3945,4,281,14,261,28,2382,18,2643,California
Modoc,2021-05-14,8,4762,3,531,0,3945,5,286,3,264,5,2387,8,2651,California
Modoc,2021-05-15,4,4766,3,534,1,3946,0,286,4,268,0,2387,4,2655,California
Modoc,2021-05-16,3,4769,1,535,2,3948,0,286,1,267,2,2389,1,2656,California
Modoc,2021-05-17,5,4774,3,538,2,3950,0,286,4,270,1,2390,4,2660,California
Modoc,2021-05-18,23,4797,12,550,9,3959,2,288,14,277,9,2399,16,2676,California
Modoc,2021-05-19,9,4806,2,552,3,3962,4,292,5,282,4,2403,9,2685,California
Modoc,2021-05-20,59,4865,3,555,47,4009,9,301,8,248,51,2454,17,2702,California
Modoc,2021-05-21,6,4871,4,559,1,4010,1,302,2,247,4,2458,3,2705,California
Modoc,2021-05-22,2,4873,2,561,0,4010,0,302,1,247,1,2459,1,2706,California
Modoc,2021-05-23,2,4875,2,563,0,4010,0,302,0,245,2,2461,0,2706,California
Modoc,2021-05-24,4,4879,1,564,1,4011,2,304,2,247,2,2463,4,2710,California
Modoc,2021-05-25,2,4881,1,565,1,4012,0,304,1,247,1,2464,1,2711,California
Modoc,2021-05-26,35,4916,32,597,3,4015,0,304,25,263,10,2474,26,2737,California
Modoc,2021-05-27,28,4944,1,598,22,4037,5,309,6,252,22,2496,11,2748,California
Modoc,2021-05-28,8,4952,1,599,4,4041,3,312,3,253,5,2501,6,2754,California
Modoc,2021-05-29,1,4953,1,600,0,4041,0,312,0,252,1,2502,0,2754,California
Modoc,2021-06-01,7,4960,0,600,6,4047,1,313,2,250,5,2507,3,2757,California
Modoc,2021-06-02,7,4967,0,600,5,4052,2,315,4,253,3,2510,6,2763,California
Modoc,2021-06-03,25,4992,1,601,22,4074,2,317,4,238,21,2531,6,2769,California
Modoc,2021-06-04,5,4997,3,604,1,4075,1,318,0,234,5,2536,1,2770,California
Modoc,2021-06-05,1,4998,0,604,1,4076,0,318,0,233,1,2537,0,2770,California
Modoc,2021-06-07,4,5002,4,608,0,4076,0,318,1,231,3,2540,1,2771,California
Modoc,2021-06-08,26,5028,7,615,18,4094,1,319,19,244,7,2547,20,2791,California
Modoc,2021-06-09,3,5031,2,617,1,4095,0,319,2,245,1,2548,2,2793,California
Modoc,2021-06-10,21,5052,1,618,19,4114,1,320,7,239,14,2562,8,2801,California
Modoc,2021-06-11,5,5057,3,621,1,4115,1,321,2,239,3,2565,3,2804,California
Modoc,2021-06-12,2,5059,1,622,1,4116,0,321,0,237,2,2567,0,2804,California
Modoc,2021-06-14,4,5063,0,622,2,4118,2,323,0,235,4,2571,2,2806,California
Modoc,2021-06-15,6,5069,0,622,4,4122,2,325,3,237,3,2574,5,2811,California
Modoc,2021-06-16,41,5110,25,647,11,4133,5,330,22,247,19,2593,29,2840,California
Modoc,2021-06-17,46,5156,20,667,25,4158,1,331,27,256,19,2612,28,2868,California
Modoc,2021-06-18,3,5159,0,667,1,4159,2,333,1,257,2,2614,3,2871,California
Modoc,2021-06-19,3,5162,0,667,1,4160,2,335,1,258,2,2616,3,2874,California
Modoc,2021-06-22,7,5169,0,667,7,4167,0,335,5,261,2,2618,5,2879,California
Modoc,2021-06-23,3,5172,0,667,2,4169,1,336,0,259,3,2621,1,2880,California
Mono,2020-12-18,1,1,1,1,0,0,0,0,1,1,0,0,1,1,California
Mono,2020-12-19,5,6,5,6,0,0,0,0,5,6,0,0,5,6,California
Mono,2020-12-20,7,13,7,13,0,0,0,0,7,13,0,0,7,13,California
Mono,2020-12-21,24,37,17,30,7,7,0,0,24,37,0,0,24,37,California
Mono,2020-12-22,66,103,65,95,1,8,0,0,66,103,0,0,66,103,California
Mono,2020-12-23,71,174,43,138,28,36,0,0,71,174,0,0,71,174,California
Mono,2020-12-24,3,177,1,139,2,38,0,0,3,177,0,0,3,177,California
Mono,2020-12-26,3,180,3,142,0,38,0,0,3,180,0,0,3,180,California
Mono,2020-12-27,1,181,0,142,1,39,0,0,1,181,0,0,1,181,California
Mono,2020-12-28,94,275,63,205,31,70,0,0,94,275,0,0,94,275,California
Mono,2020-12-29,29,304,29,234,0,70,0,0,29,304,0,0,29,304,California
Mono,2020-12-30,77,381,36,270,41,111,0,0,77,381,0,0,77,381,California
Mono,2020-12-31,4,385,1,271,3,114,0,0,4,385,0,0,4,385,California
Mono,2021-01-01,4,389,4,275,0,114,0,0,4,389,0,0,4,389,California
Mono,2021-01-02,2,391,2,277,0,114,0,0,2,391,0,0,2,391,California
Mono,2021-01-04,2,393,0,277,2,116,0,0,2,393,0,0,2,393,California
Mono,2021-01-05,45,438,2,279,43,159,0,0,44,436,1,1,44,437,California
Mono,2021-01-06,44,482,0,279,44,203,0,0,44,480,0,1,44,481,California
Mono,2021-01-07,55,537,3,282,52,255,0,0,54,533,1,2,54,535,California
Mono,2021-01-08,2,539,1,283,1,256,0,0,1,533,1,3,1,536,California
Mono,2021-01-09,4,543,4,287,0,256,0,0,0,529,4,7,0,536,California
Mono,2021-01-10,5,548,5,292,0,256,0,0,0,524,5,12,0,536,California
Mono,2021-01-11,8,556,5,297,3,259,0,0,4,524,4,16,4,540,California
Mono,2021-01-12,283,839,75,372,208,467,0,0,219,680,63,79,219,759,California
Mono,2021-01-13,234,1073,73,445,161,628,0,0,179,804,55,134,179,938,California
Mono,2021-01-14,74,1147,72,517,2,630,0,0,73,876,1,135,73,1011,California
Mono,2021-01-15,64,1211,3,520,61,691,0,0,64,940,0,135,64,1075,California
Mono,2021-01-16,4,1215,3,523,1,692,0,0,1,938,3,138,1,1076,California
Mono,2021-01-18,64,1279,55,578,9,701,0,0,2,878,62,200,2,1078,California
Mono,2021-01-19,211,1490,208,786,3,704,0,0,173,1014,38,238,174,1252,California
Mono,2021-01-20,234,1724,200,986,34,738,0,0,172,1124,62,300,172,1424,California
Mono,2021-01-21,4,1728,4,990,0,738,0,0,4,1128,0,300,4,1428,California
Mono,2021-01-22,4,1732,0,990,4,742,0,0,4,1132,0,300,4,1432,California
Mono,2021-01-23,591,2323,591,1581,0,742,0,0,590,1721,1,301,590,2022,California
Mono,2021-01-24,1,2324,0,1581,1,743,0,0,0,1720,1,302,0,2022,California
Mono,2021-01-25,200,2524,162,1743,38,781,0,0,161,1842,39,341,161,2183,California
Mono,2021-01-26,502,3026,500,2243,2,783,0,0,496,2332,6,347,496,2679,California
Mono,2021-01-27,5,3031,1,2244,4,787,0,0,5,2337,0,347,5,2684,California
Mono,2021-01-28,6,3037,2,2246,4,791,0,0,2,2335,4,351,2,2686,California
Mono,2021-01-30,199,3236,197,2443,2,793,0,0,198,2532,1,352,198,2884,California
Mono,2021-01-31,242,3478,137,2580,105,898,0,0,138,2566,104,456,138,3022,California
Mono,2021-02-01,27,3505,27,2607,0,898,0,0,0,2539,27,483,0,3022,California
Mono,2021-02-02,5,3510,0,2607,5,903,0,0,2,2538,3,486,2,3024,California
Mono,2021-02-03,4,3514,2,2609,2,905,0,0,2,2538,2,488,2,3026,California
Mono,2021-02-04,214,3728,159,2768,55,960,0,0,91,2507,122,610,91,3117,California
Mono,2021-02-05,612,4340,606,3374,6,966,0,0,609,3113,3,613,609,3726,California
Mono,2021-02-06,135,4475,134,3508,1,967,0,0,134,3246,1,614,134,3860,California
Mono,2021-02-07,2,4477,0,3508,2,969,0,0,2,3248,0,614,2,3862,California
Mono,2021-02-08,172,4649,172,3680,0,969,0,0,15,3107,156,770,15,3877,California
Mono,2021-02-09,227,4876,6,3686,221,1190,0,0,13,2906,214,984,13,3890,California
Mono,2021-02-10,538,5414,186,3872,352,1542,0,0,196,2761,342,1326,197,4087,California
Mono,2021-02-11,8,5422,5,3877,3,1545,0,0,3,2759,5,1331,3,4090,California
Mono,2021-02-12,86,5508,21,3898,65,1610,0,0,27,2727,59,1390,27,4117,California
Mono,2021-02-13,581,6089,581,4479,0,1610,0,0,24,2195,556,1946,24,4141,California
Mono,2021-02-15,166,6255,164,4643,2,1612,0,0,2,2035,162,2108,2,4143,California
Mono,2021-02-16,517,6772,513,5156,4,1616,0,0,45,1612,469,2577,46,4189,California
Mono,2021-02-17,7,6779,2,5158,5,1621,0,0,2,1609,5,2582,2,4191,California
Mono,2021-02-18,4,6783,2,5160,2,1623,0,0,3,1611,1,2583,3,4194,California
Mono,2021-02-19,55,6838,54,5214,1,1624,0,0,55,1666,0,2583,55,4249,California
Mono,2021-02-20,4,6842,4,5218,0,1624,0,0,4,1670,0,2583,4,4253,California
Mono,2021-02-21,6,6848,6,5224,0,1624,0,0,4,1672,2,2585,4,4257,California
Mono,2021-02-22,282,7130,281,5505,1,1625,0,0,24,1439,257,2842,24,4281,California
Mono,2021-02-23,138,7268,118,5623,20,1645,0,0,23,1347,115,2957,23,4304,California
Mono,2021-02-24,11,7279,3,5626,8,1653,0,0,4,1344,7,2964,4,4308,California
Mono,2021-02-25,5,7284,2,5628,3,1656,0,0,3,1346,1,2965,3,4311,California
Mono,2021-02-26,595,7879,593,6221,2,1658,0,0,21,794,573,3538,21,4332,California
Mono,2021-02-27,138,8017,134,6355,4,1662,0,0,4,666,132,3670,4,4336,California
Mono,2021-02-28,1,8018,0,6355,0,1662,1,1,0,666,1,3671,1,4337,California
Mono,2021-03-01,3,8021,2,6357,1,1663,0,1,2,668,0,3671,2,4339,California
Mono,2021-03-02,6,8027,4,6361,2,1665,0,1,4,670,2,3673,4,4343,California
Mono,2021-03-03,114,8141,3,6364,111,1776,0,1,110,777,3,3676,110,4453,California
Mono,2021-03-04,6,8147,2,6366,4,1780,0,1,3,777,3,3679,3,4456,California
Mono,2021-03-05,38,8185,28,6394,10,1790,0,1,14,767,24,3703,14,4470,California
Mono,2021-03-06,506,8691,18,6412,488,2278,0,1,497,1258,7,3710,498,4968,California
Mono,2021-03-07,1,8692,0,6412,1,2279,0,1,0,1257,1,3711,0,4968,California
Mono,2021-03-08,532,9224,11,6423,518,2797,3,4,522,1772,10,3721,525,5493,California
Mono,2021-03-09,6,9230,2,6425,3,2800,1,5,3,1774,2,3723,4,5497,California
Mono,2021-03-10,287,9517,91,6516,193,2993,3,8,9,1511,275,3998,12,5509,California
Mono,2021-03-11,10,9527,0,6516,1,2994,9,17,0,1510,10,4008,9,5518,California
Mono,2021-03-12,6,9533,1,6517,1,2995,4,21,0,1508,6,4014,4,5522,California
Mono,2021-03-13,821,10354,385,6902,436,3431,0,21,813,2313,8,4022,813,6335,California
Mono,2021-03-14,5,10359,5,6907,0,3431,0,21,1,2310,4,4026,1,6336,California
Mono,2021-03-15,31,10390,23,6930,3,3434,5,26,14,2313,16,4042,19,6355,California
Mono,2021-03-16,16,10406,6,6936,4,3438,6,32,8,2319,8,4050,14,6369,California
Mono,2021-03-17,33,10439,5,6941,20,3458,8,40,21,2336,12,4062,29,6398,California
Mono,2021-03-18,21,10460,2,6943,11,3469,8,48,8,2339,13,4075,16,6414,California
Mono,2021-03-19,21,10481,1,6944,17,3486,3,51,17,2356,3,4078,20,6434,California
Mono,2021-03-20,5,10486,3,6947,1,3487,1,52,4,2360,1,4079,5,6439,California
Mono,2021-03-21,1,10487,1,6948,0,3487,0,52,1,2361,0,4079,1,6440,California
Mono,2021-03-22,11,10498,0,6948,6,3493,5,57,5,2365,6,4085,10,6450,California
Mono,2021-03-23,43,10541,6,6954,32,3525,5,62,17,2361,26,4111,22,6472,California
Mono,2021-03-24,14,10555,1,6955,8,3533,5,67,5,2363,9,4120,11,6483,California
Mono,2021-03-25,19,10574,3,6958,12,3545,4,71,12,2372,7,4127,16,6499,California
Mono,2021-03-26,19,10593,3,6961,11,3556,5,76,10,2379,8,4135,15,6514,California
Mono,2021-03-27,352,10945,349,7310,3,3559,0,76,325,2677,27,4162,325,6839,California
Mono,2021-03-29,10,10955,3,7313,6,3565,1,77,8,2684,2,4164,9,6848,California
Mono,2021-03-30,12,10967,0,7313,8,3573,4,81,7,2690,5,4169,11,6859,California
Mono,2021-03-31,135,11102,7,7320,127,3700,1,82,23,2603,111,4280,24,6883,California
Mono,2021-04-01,9,11111,0,7320,8,3708,1,83,4,2603,5,4285,5,6888,California
Mono,2021-04-02,18,11129,2,7322,16,3724,0,83,7,2599,11,4296,7,6895,California
Mono,2021-04-03,863,11992,371,7693,492,4216,0,83,48,1835,812,5108,48,6943,California
Mono,2021-04-04,1,11993,1,7694,0,4216,0,83,0,1834,1,5109,0,6943,California
Mono,2021-04-05,530,12523,19,7713,510,4726,1,84,35,1376,494,5603,36,6979,California
Mono,2021-04-06,19,12542,1,7714,5,4731,13,97,1,1372,18,5621,14,6993,California
Mono,2021-04-07,23,12565,2,7716,2,4733,19,116,2,1372,21,5642,21,7014,California
Mono,2021-04-08,26,12591,4,7720,3,4736,19,135,6,1377,20,5662,25,7039,California
Mono,2021-04-09,38,12629,4,7724,5,4741,29,164,8,1384,30,5692,37,7076,California
Mono,2021-04-10,451,13080,2,7726,442,5183,7,171,30,1000,421,6113,37,7113,California
Mono,2021-04-11,1,13081,1,7727,0,5183,0,171,0,999,1,6114,0,7113,California
Mono,2021-04-12,6,13087,0,7727,3,5186,3,174,3,1002,3,6117,6,7119,California
Mono,2021-04-13,20,13107,3,7730,16,5202,1,175,14,1011,6,6123,15,7134,California
Mono,2021-04-14,26,13133,2,7732,24,5226,0,175,8,1001,18,6141,8,7142,California
Mono,2021-04-15,18,13151,4,7736,14,5240,0,175,10,1003,8,6149,10,7152,California
Mono,2021-04-16,18,13169,1,7737,17,5257,0,175,7,999,11,6160,7,7159,California
Mono,2021-04-17,52,13221,2,7739,50,5307,0,175,45,1037,7,6167,45,7204,California
Mono,2021-04-18,1,13222,0,7739,1,5308,0,175,1,1038,0,6167,1,7205,California
Mono,2021-04-19,536,13758,328,8067,208,5516,0,175,202,908,332,6499,202,7407,California
Mono,2021-04-20,15,13773,2,8069,13,5529,0,175,10,913,5,6504,10,7417,California
Mono,2021-04-21,7,13780,0,8069,7,5536,0,175,2,910,5,6509,2,7419,California
Mono,2021-04-22,25,13805,11,8080,14,5550,0,175,11,907,14,6523,11,7430,California
Mono,2021-04-23,22,13827,2,8082,20,5570,0,175,12,909,10,6533,12,7442,California
Mono,2021-04-24,35,13862,21,8103,14,5584,0,175,20,914,15,6548,20,7462,California
Mono,2021-04-25,3,13865,2,8105,1,5585,0,175,3,917,0,6548,3,7465,California
Mono,2021-04-26,12,13877,2,8107,10,5595,0,175,3,911,9,6557,3,7468,California
Mono,2021-04-27,67,13944,41,8148,19,5614,7,182,51,953,16,6573,58,7526,California
Mono,2021-04-28,62,14006,40,8188,18,5632,4,186,48,993,12,6585,52,7578,California
Mono,2021-04-29,10,14016,3,8191,4,5636,3,189,3,992,7,6592,6,7584,California
Mono,2021-04-30,17,14033,3,8194,11,5647,3,192,8,994,9,6601,11,7595,California
Mono,2021-05-01,109,14142,5,8199,104,5751,0,192,96,1078,12,6613,96,7691,California
Mono,2021-05-02,1,14143,1,8200,0,5751,0,192,1,1079,0,6613,1,7692,California
Mono,2021-05-03,2,14145,1,8201,1,5752,0,192,1,1079,1,6614,1,7693,California
Mono,2021-05-04,20,14165,1,8202,13,5765,6,198,10,1085,10,6624,16,7709,California
Mono,2021-05-05,52,14217,8,8210,40,5805,4,202,45,1127,7,6631,49,7758,California
Mono,2021-05-06,16,14233,4,8214,11,5816,1,203,10,1132,6,6637,11,7769,California
Mono,2021-05-07,29,14262,22,8236,7,5823,0,203,25,1153,4,6641,25,7794,California
Mono,2021-05-08,53,14315,7,8243,46,5869,0,203,24,1148,29,6670,24,7818,California
Mono,2021-05-09,1,14316,1,8244,0,5869,0,203,0,1148,0,6670,0,7818,California
Mono,2021-05-10,17,14333,1,8245,12,5881,4,207,9,1153,8,6678,13,7831,California
Mono,2021-05-11,15,14348,2,8247,10,5891,3,210,5,1151,10,6688,8,7839,California
Mono,2021-05-12,12,14360,0,8247,11,5902,1,211,4,1148,8,6696,5,7844,California
Mono,2021-05-13,46,14406,31,8278,14,5916,1,212,37,1177,9,6705,38,7882,California
Mono,2021-05-14,10,14416,1,8279,8,5924,1,213,5,1178,5,6710,6,7888,California
Mono,2021-05-15,65,14481,24,8303,34,5958,7,220,18,1156,47,6757,25,7913,California
Mono,2021-05-16,6,14487,4,8307,1,5959,1,221,2,1155,4,6761,3,7916,California
Mono,2021-05-17,249,14736,34,8341,208,6167,7,228,54,1023,194,6955,62,7978,California
Mono,2021-05-18,134,14870,110,8451,23,6190,1,229,87,1065,47,7002,89,8067,California
Mono,2021-05-19,119,14989,112,8563,2,6192,5,234,76,1103,43,7045,81,8148,California
Mono,2021-05-20,71,15060,56,8619,10,6202,5,239,54,1145,17,7062,59,8207,California
Mono,2021-05-21,23,15083,4,8623,16,6218,3,242,10,1145,13,7075,13,8220,California
Mono,2021-05-22,20,15103,10,8633,8,6226,2,244,14,1155,6,7081,16,8236,California
Mono,2021-05-23,2,15105,0,8633,2,6228,0,244,1,1155,1,7082,1,8237,California
Mono,2021-05-24,16,15121,2,8635,13,6241,1,245,9,1159,7,7089,11,8248,California
Mono,2021-05-25,14,15135,5,8640,9,6250,0,245,7,1159,7,7096,7,8255,California
Mono,2021-05-26,18,15153,2,8642,15,6265,1,246,7,1156,11,7107,8,8263,California
Mono,2021-05-27,9,15162,0,8642,9,6274,0,246,6,1160,2,7109,6,8269,California
Mono,2021-05-28,41,15203,28,8670,13,6287,0,246,10,1139,31,7140,10,8279,California
Mono,2021-05-29,128,15331,27,8697,98,6385,3,249,31,1076,97,7237,34,8313,California
Mono,2021-06-01,16,15347,7,8704,9,6394,0,249,9,1078,7,7244,9,8322,California
Mono,2021-06-02,48,15395,4,8708,44,6438,0,249,11,1052,37,7281,11,8333,California
Mono,2021-06-03,11,15406,1,8709,7,6445,3,252,1,1046,10,7291,4,8337,California
Mono,2021-06-04,13,15419,2,8711,10,6455,1,253,4,1042,9,7300,5,8342,California
Mono,2021-06-05,44,15463,23,8734,21,6476,0,253,5,1008,39,7339,5,8347,California
Mono,2021-06-06,1,15464,0,8734,1,6477,0,253,0,1007,1,7340,0,8347,California
Mono,2021-06-07,99,15563,87,8821,8,6485,4,257,12,936,87,7427,16,8363,California
Mono,2021-06-08,113,15676,103,8924,8,6493,2,259,12,849,101,7528,14,8377,California
Mono,2021-06-09,7,15683,2,8926,5,6498,0,259,1,844,6,7534,1,8378,California
Mono,2021-06-10,6,15689,0,8926,4,6502,2,261,2,844,4,7538,4,8382,California
Mono,2021-06-11,73,15762,62,8988,6,6508,5,266,7,790,66,7604,12,8394,California
Mono,2021-06-12,1,15763,1,8989,0,6508,0,266,0,789,1,7605,0,8394,California
Mono,2021-06-13,1,15764,0,8989,1,6509,0,266,1,790,0,7605,1,8395,California
Mono,2021-06-14,63,15827,29,9018,28,6537,6,272,20,773,43,7648,26,8421,California
Mono,2021-06-15,7,15834,4,9022,3,6540,0,272,3,772,4,7652,3,8424,California
Mono,2021-06-16,13,15847,4,9026,9,6549,0,272,5,769,8,7660,5,8429,California
Mono,2021-06-17,6,15853,1,9027,3,6552,2,274,2,769,4,7664,4,8433,California
Mono,2021-06-18,5,15858,3,9030,1,6553,1,275,1,768,3,7667,2,8435,California
Mono,2021-06-19,3,15861,3,9033,0,6553,0,275,3,771,0,7667,3,8438,California
Mono,2021-06-20,1,15862,0,9033,1,6554,0,275,0,770,1,7668,0,8438,California
Mono,2021-06-21,14,15876,2,9035,10,6564,2,277,3,765,10,7678,5,8443,California
Mono,2021-06-22,11,15887,1,9036,9,6573,1,278,4,764,6,7684,5,8448,California
Mono,2021-06-23,8,15895,0,9036,4,6577,4,282,2,765,6,7690,7,8455,California
Monterey,2020-12-16,6,6,6,6,0,0,0,0,6,6,0,0,6,6,California
Monterey,2020-12-17,87,93,87,93,0,0,0,0,87,93,0,0,87,93,California
Monterey,2020-12-18,488,581,488,581,0,0,0,0,488,581,0,0,488,581,California
Monterey,2020-12-19,580,1161,579,1160,1,1,0,0,579,1160,0,0,579,1160,California
Monterey,2020-12-20,422,1583,422,1582,0,1,0,0,422,1582,0,0,422,1582,California
Monterey,2020-12-21,724,2307,724,2306,0,1,0,0,724,2306,0,0,724,2306,California
Monterey,2020-12-22,536,2843,523,2829,13,14,0,0,536,2842,0,0,536,2842,California
Monterey,2020-12-23,441,3284,265,3094,176,190,0,0,441,3283,0,0,441,3283,California
Monterey,2020-12-24,85,3369,11,3105,74,264,0,0,85,3368,0,0,85,3368,California
Monterey,2020-12-25,6,3375,0,3105,6,270,0,0,6,3374,0,0,6,3374,California
Monterey,2020-12-26,92,3467,5,3110,87,357,0,0,92,3466,0,0,92,3466,California
Monterey,2020-12-27,6,3473,3,3113,3,360,0,0,6,3472,0,0,6,3472,California
Monterey,2020-12-28,477,3950,25,3138,452,812,0,0,477,3949,0,0,477,3949,California
Monterey,2020-12-29,900,4850,167,3305,733,1545,0,0,900,4849,0,0,900,4849,California
Monterey,2020-12-30,567,5417,97,3402,470,2015,0,0,567,5416,0,0,567,5416,California
Monterey,2020-12-31,33,5450,11,3413,22,2037,0,0,33,5449,0,0,33,5449,California
Monterey,2021-01-01,13,5463,3,3416,10,2047,0,0,13,5462,0,0,13,5462,California
Monterey,2021-01-02,137,5600,134,3550,3,2050,0,0,137,5599,0,0,137,5599,California
Monterey,2021-01-03,30,5630,29,3579,1,2051,0,0,30,5629,0,0,30,5629,California
Monterey,2021-01-04,413,6043,19,3598,394,2445,0,0,413,6042,0,0,413,6042,California
Monterey,2021-01-05,758,6801,330,3928,428,2873,0,0,744,6772,14,14,744,6786,California
Monterey,2021-01-06,662,7463,175,4103,487,3360,0,0,638,7386,24,38,638,7424,California
Monterey,2021-01-07,752,8215,576,4679,176,3536,0,0,425,7486,325,363,425,7849,California
Monterey,2021-01-08,1093,9308,737,5416,356,3892,0,0,395,7183,698,1061,395,8244,California
Monterey,2021-01-09,963,10271,933,6349,30,3922,0,0,311,6844,650,1711,311,8555,California
Monterey,2021-01-10,272,10543,270,6619,2,3924,0,0,8,6588,264,1975,8,8563,California
Monterey,2021-01-11,1069,11612,987,7606,82,4006,0,0,365,6249,704,2679,365,8928,California
Monterey,2021-01-12,469,12081,390,7996,79,4085,0,0,206,6192,263,2942,206,9134,California
Monterey,2021-01-13,1221,13302,595,8591,626,4711,0,0,1175,7321,46,2988,1175,10309,California
Monterey,2021-01-14,1125,14427,171,8762,954,5665,0,0,1104,8408,21,3009,1108,11417,California
Monterey,2021-01-15,1051,15478,46,8808,1005,6670,0,0,1039,9435,12,3021,1039,12456,California
Monterey,2021-01-16,365,15843,300,9108,65,6735,0,0,360,9790,5,3026,360,12816,California
Monterey,2021-01-17,313,16156,293,9401,20,6755,0,0,301,10079,12,3038,301,13117,California
Monterey,2021-01-18,398,16554,48,9449,350,7105,0,0,376,10433,22,3060,376,13493,California
Monterey,2021-01-19,581,17135,396,9845,185,7290,0,0,422,10698,157,3217,422,13915,California
Monterey,2021-01-20,544,17679,270,10115,274,7564,0,0,335,10824,209,3426,335,14250,California
Monterey,2021-01-21,849,18528,93,10208,756,8320,0,0,739,11457,110,3536,743,14993,California
Monterey,2021-01-22,1066,19594,197,10405,869,9189,0,0,1025,12441,41,3577,1025,16018,California
Monterey,2021-01-23,244,19838,175,10580,69,9258,0,0,120,12440,123,3700,122,16140,California
Monterey,2021-01-24,60,19898,38,10618,22,9280,0,0,26,12432,34,3734,26,16166,California
Monterey,2021-01-25,801,20699,177,10795,624,9904,0,0,175,11988,619,4353,175,16341,California
Monterey,2021-01-26,944,21643,225,11020,719,10623,0,0,246,11536,698,5051,246,16587,California
Monterey,2021-01-27,852,22495,299,11319,553,11176,0,0,372,11428,480,5531,372,16959,California
Monterey,2021-01-28,2033,24528,742,12061,1291,12467,0,0,1689,12775,344,5875,1691,18650,California
Monterey,2021-01-29,1279,25807,713,12774,566,13033,0,0,1161,13820,117,5992,1162,19812,California
Monterey,2021-01-30,462,26269,294,13068,168,13201,0,0,206,13770,256,6248,206,20018,California
Monterey,2021-01-31,496,26765,74,13142,422,13623,0,0,485,14245,11,6259,486,20504,California
Monterey,2021-02-01,1648,28413,1133,14275,515,14138,0,0,1081,14760,566,6825,1081,21585,California
Monterey,2021-02-02,2171,30584,464,14739,1707,15845,0,0,1562,15714,608,7433,1562,23147,California
Monterey,2021-02-03,2343,32927,1050,15789,1293,17138,0,0,1566,16507,773,8206,1566,24713,California
Monterey,2021-02-04,2815,35742,2100,17889,715,17853,0,0,2503,18702,308,8514,2503,27216,California
Monterey,2021-02-05,3675,39417,2828,20717,847,18700,0,0,3233,21498,437,8951,3233,30449,California
Monterey,2021-02-06,1097,40514,378,21095,719,19419,0,0,753,21910,341,9292,753,31202,California
Monterey,2021-02-07,316,40830,271,21366,45,19464,0,0,97,21788,219,9511,97,31299,California
Monterey,2021-02-08,520,41350,291,21657,229,19693,0,0,430,22128,90,9601,430,31729,California
Monterey,2021-02-09,870,42220,676,22333,194,19887,0,0,559,22378,311,9912,561,32290,California
Monterey,2021-02-10,2086,44306,1107,23440,979,20866,0,0,1235,22763,851,10763,1236,33526,California
Monterey,2021-02-11,2512,46818,974,24414,1538,22404,0,0,1549,23353,961,11724,1551,35077,California
Monterey,2021-02-12,2595,49413,434,24848,2161,24565,0,0,1516,23792,1078,12802,1517,36594,California
Monterey,2021-02-13,1074,50487,50,24898,1024,25589,0,0,985,24689,88,12890,985,37579,California
Monterey,2021-02-14,598,51085,74,24972,524,26113,0,0,524,25139,74,12964,524,38103,California
Monterey,2021-02-15,1380,52465,163,25135,1217,27330,0,0,990,25742,388,13352,991,39094,California
Monterey,2021-02-16,1096,53561,247,25382,849,28179,0,0,871,26388,225,13577,871,39965,California
Monterey,2021-02-17,1951,55512,1169,26551,782,28961,0,0,1646,27732,304,13881,1648,41613,California
Monterey,2021-02-18,2230,57742,1180,27731,1050,30011,0,0,906,27330,1310,15191,908,42521,California
Monterey,2021-02-19,2939,60681,1533,29264,1406,31417,0,0,1344,27082,1594,16785,1346,43867,California
Monterey,2021-02-20,1017,61698,614,29878,403,31820,0,0,958,27983,58,16843,959,44826,California
Monterey,2021-02-21,1251,62949,1223,31101,28,31848,0,0,1180,29095,69,16912,1181,46007,California
Monterey,2021-02-22,998,63947,850,31951,148,31996,0,0,646,29391,350,17262,646,46653,California
Monterey,2021-02-23,968,64915,621,32572,347,32343,0,0,303,29031,664,17926,304,46957,California
Monterey,2021-02-24,2471,67386,1317,33889,1154,33497,0,0,1855,30276,611,18537,1856,48813,California
Monterey,2021-02-25,4412,71798,2419,36308,1993,35490,0,0,1475,28823,2930,21467,1477,50290,California
Monterey,2021-02-26,5298,77096,3087,39395,2211,37701,0,0,2629,28787,2666,24133,2630,52920,California
Monterey,2021-02-27,1025,78121,187,39582,838,38539,0,0,816,29399,204,24337,816,53736,California
Monterey,2021-02-28,1532,79653,85,39667,1446,39985,1,1,1066,30005,461,24798,1067,54803,California
Monterey,2021-03-01,1295,80948,143,39810,1149,41134,3,4,753,30225,536,25334,756,55559,California
Monterey,2021-03-02,2815,83763,1732,41542,1083,42217,0,4,1954,31322,857,26191,1954,57513,California
Monterey,2021-03-03,3219,86982,1246,42788,1973,44190,0,4,1280,30666,1937,28128,1281,58794,California
Monterey,2021-03-04,4578,91560,1474,44262,3104,47294,0,4,2949,31993,1624,29752,2951,61745,California
Monterey,2021-03-05,3681,95241,1624,45886,1779,49073,278,282,3008,34607,672,30424,3286,65031,California
Monterey,2021-03-06,5064,100305,1070,46956,3690,52763,304,586,4160,38169,901,31325,4463,69494,California
Monterey,2021-03-07,521,100826,107,47063,168,52931,246,832,232,38356,289,31614,476,69970,California
Monterey,2021-03-08,1672,102498,329,47392,955,53886,388,1220,1125,39320,547,32161,1511,71481,California
Monterey,2021-03-09,1991,104489,700,48092,1016,54902,275,1495,1490,40582,500,32661,1762,73243,California
Monterey,2021-03-10,3183,107672,1030,49122,1665,56567,488,1983,1466,40821,1712,34373,1951,75194,California
Monterey,2021-03-11,4170,111842,1413,50535,2383,58950,374,2357,2397,41826,1766,36139,2771,77965,California
Monterey,2021-03-12,4423,116265,2045,52580,2243,61193,135,2492,2731,43002,1689,37828,2865,80830,California
Monterey,2021-03-13,5305,121570,963,53543,3995,65188,347,2839,3981,46007,1323,39151,4328,85158,California
Monterey,2021-03-14,2163,123733,1332,54875,806,65994,25,2864,576,45031,1577,40728,601,85759,California
Monterey,2021-03-15,3973,127706,1273,56148,2411,68405,289,3153,2278,45908,1691,42419,2568,88327,California
Monterey,2021-03-16,3528,131234,580,56728,2563,70968,385,3538,2104,46971,1422,43841,2485,90812,California
Monterey,2021-03-17,5800,137034,2345,59073,3198,74166,257,3795,4193,49825,1601,45442,4455,95267,California
Monterey,2021-03-18,4465,141499,2164,61237,2132,76298,169,3964,3103,51777,1357,46799,3309,98576,California
Monterey,2021-03-19,5500,146999,2571,63808,2783,79081,146,4110,4214,54857,1281,48080,4361,102937,California
Monterey,2021-03-20,3368,150367,421,64229,2254,81335,693,4803,2279,56744,1085,49165,2972,105909,California
Monterey,2021-03-21,638,151005,211,64440,418,81753,9,4812,566,57248,70,49235,574,106483,California
Monterey,2021-03-22,2489,153494,1432,65872,994,82747,63,4875,2276,59375,210,49445,2337,108820,California
Monterey,2021-03-23,4022,157516,2356,68228,1623,84370,43,4918,2555,60510,1462,50907,2597,111417,California
Monterey,2021-03-24,5110,162626,2110,70338,2682,87052,318,5236,3736,63191,1369,52276,4050,115467,California
Monterey,2021-03-25,5327,167953,1226,71564,3742,90794,359,5595,2683,63598,2636,54912,3043,118510,California
Monterey,2021-03-26,5442,173395,2608,74172,2756,93550,78,5673,2782,63811,2649,57561,2862,121372,California
Monterey,2021-03-27,4841,178236,1441,75613,3145,96695,255,5928,3116,65460,1722,59283,3371,124743,California
Monterey,2021-03-28,1120,179356,343,75956,768,97463,9,5937,626,65608,488,59771,636,125379,California
Monterey,2021-03-29,3234,182590,1418,77374,1802,99265,14,5951,2008,66416,1218,60989,2026,127405,California
Monterey,2021-03-30,4515,187105,2136,79510,2333,101598,46,5997,2770,67501,1734,62723,2819,130224,California
Monterey,2021-03-31,5428,192533,2416,81926,2215,103813,797,6794,3442,69748,1983,64706,4230,134454,California
Monterey,2021-04-01,6147,198680,2056,83982,3678,107491,413,7207,3106,70235,3026,67732,3513,137967,California
Monterey,2021-04-02,4709,203389,2187,86169,2458,109949,64,7271,3164,71923,1543,69275,3231,141198,California
Monterey,2021-04-03,5942,209331,1120,87289,3776,113725,1046,8317,1232,69492,4701,73976,2270,143468,California
Monterey,2021-04-04,769,210100,157,87446,597,114322,15,8332,498,69735,271,74247,514,143982,California
Monterey,2021-04-05,4031,214131,2488,89934,1306,115628,237,8569,1498,68940,2528,76775,1733,145715,California
Monterey,2021-04-06,3446,217577,1351,91285,1621,117249,474,9043,1182,68333,2260,79035,1653,147368,California
Monterey,2021-04-07,5635,223212,1378,92663,3739,120988,518,9561,2695,68612,2929,81964,3208,150576,California
Monterey,2021-04-08,6689,229901,3507,96170,2371,123359,811,10372,3298,69336,3386,85350,4110,154686,California
Monterey,2021-04-09,5765,235666,3434,99604,1690,125049,641,11013,2291,68793,3471,88821,2928,157614,California
Monterey,2021-04-10,10280,245946,4963,104567,3121,128170,2196,13209,4998,70713,5270,94091,7190,164804,California
Monterey,2021-04-11,5516,251462,4336,108903,571,128741,609,13818,4464,74734,1046,95137,5067,169871,California
Monterey,2021-04-12,4151,255613,1883,110786,1952,130693,316,14134,957,72952,3055,98192,1273,171144,California
Monterey,2021-04-13,3215,258828,732,111518,2477,133170,6,14140,1553,72869,1644,99836,1561,172705,California
Monterey,2021-04-14,6837,265665,3171,114689,3663,136833,3,14143,1867,69792,4948,104784,1871,174576,California
Monterey,2021-04-15,5908,271573,3899,118588,2009,138842,0,14143,3886,71688,1991,106775,3887,178463,California
Monterey,2021-04-16,4884,276457,2437,121025,2434,141276,13,14156,2252,71335,2619,109394,2266,180729,California
Monterey,2021-04-17,5850,282307,1397,122422,4453,145729,0,14156,3795,73093,2039,111433,3797,184526,California
Monterey,2021-04-18,848,283155,257,122679,591,146320,0,14156,243,72735,601,112034,243,184769,California
Monterey,2021-04-19,3621,286776,1156,123835,2465,148785,0,14156,1655,72436,1954,113988,1655,186424,California
Monterey,2021-04-20,3799,290575,1505,125340,2294,151079,0,14156,1502,71664,2275,116263,1503,187927,California
Monterey,2021-04-21,5978,296553,3191,128531,2787,153866,0,14156,2885,71496,3055,119318,2887,190814,California
Monterey,2021-04-22,4825,301378,1019,129550,3806,157672,0,14156,1969,70653,2812,122130,1969,192783,California
Monterey,2021-04-23,5645,307023,2626,132176,3018,160690,1,14157,2229,69492,3396,125526,2235,195018,California
Monterey,2021-04-24,4272,311295,583,132759,3689,164379,0,14157,1547,68333,2708,128234,1549,196567,California
Monterey,2021-04-25,1242,312537,607,133366,635,165014,0,14157,790,68681,442,128676,790,197357,California
Monterey,2021-04-26,3737,316274,2194,135560,1526,166540,17,14174,978,66942,2734,131410,995,198352,California
Monterey,2021-04-27,2852,319126,930,136490,1782,168322,140,14314,1215,66663,1633,133043,1354,199706,California
Monterey,2021-04-28,3604,322730,1364,137854,2088,170410,152,14466,2228,67677,1361,134404,2375,202081,California
Monterey,2021-04-29,4502,327232,2405,140259,2021,172431,76,14542,1642,66548,2848,137252,1719,203800,California
Monterey,2021-04-30,3204,330436,1661,141920,1468,173899,75,14617,812,65050,2383,139635,885,204685,California
Monterey,2021-05-01,5628,336064,4235,146155,1353,175252,40,14657,681,60843,4926,144561,719,205404,California
Monterey,2021-05-02,4347,340411,3921,150076,399,175651,27,14684,301,57139,4032,148593,328,205732,California
Monterey,2021-05-03,2541,342952,1562,151638,865,176516,114,14798,586,55894,1945,150538,700,206432,California
Monterey,2021-05-04,1778,344730,589,152227,1099,177615,90,14888,636,55493,1128,151666,727,207159,California
Monterey,2021-05-05,3322,348052,1190,153417,2046,179661,86,14974,1048,54364,2264,153930,1135,208294,California
Monterey,2021-05-06,4174,352226,2747,156164,1210,180871,217,15191,1111,52643,3048,156978,1327,209621,California
Monterey,2021-05-07,1947,354173,937,157101,912,181783,98,15289,694,52189,1245,158223,791,210412,California
Monterey,2021-05-08,2601,356774,1371,158472,907,182690,323,15612,925,51769,1664,159887,1244,211656,California
Monterey,2021-05-09,393,357167,113,158585,253,182943,27,15639,139,51682,253,160140,166,211822,California
Monterey,2021-05-10,2786,359953,2048,160633,691,183634,47,15686,515,49984,2261,162401,563,212385,California
Monterey,2021-05-11,1836,361789,925,161558,833,184467,78,15764,752,49743,1072,163473,831,213216,California
Monterey,2021-05-12,3850,365639,2002,163560,1765,186232,83,15847,856,47702,2981,166454,940,214156,California
Monterey,2021-05-13,2572,368211,1501,165061,1017,187249,54,15901,1479,48151,1082,167536,1531,215687,California
Monterey,2021-05-14,1801,370012,523,165584,1178,188427,100,16001,719,47896,1073,168609,818,216505,California
Monterey,2021-05-15,3381,373393,820,166404,2296,190723,265,16266,953,46695,2415,171024,1214,217719,California
Monterey,2021-05-16,902,374295,551,166955,280,191003,71,16337,231,46331,665,171689,301,218020,California
Monterey,2021-05-17,2185,376480,1287,168242,821,191824,77,16414,1025,46285,1148,172837,1102,219122,California
Monterey,2021-05-18,1725,378205,663,168905,1018,192842,44,16458,785,46185,931,173768,831,219953,California
Monterey,2021-05-19,3600,381805,2334,171239,1175,194017,91,16549,1932,46547,1662,175430,2024,221977,California
Monterey,2021-05-20,2724,384529,929,172168,1687,195704,108,16657,916,45780,1794,177224,1027,223004,California
Monterey,2021-05-21,3261,387790,1311,173479,1859,197563,91,16748,1020,44662,2228,179452,1110,224114,California
Monterey,2021-05-22,2120,389910,722,174201,1118,198681,280,17028,796,44426,1315,180767,1079,225193,California
Monterey,2021-05-23,841,390751,487,174688,338,199019,16,17044,486,44577,351,181118,502,225695,California
Monterey,2021-05-24,1670,392421,498,175186,1112,200131,60,17104,540,44052,1126,182244,601,226296,California
Monterey,2021-05-25,1411,393832,529,175715,812,200943,70,17174,552,43829,845,183089,622,226918,California
Monterey,2021-05-26,2649,396481,1016,176731,1577,202520,56,17230,1015,43282,1620,184709,1073,227991,California
Monterey,2021-05-27,2483,398964,1360,178091,1067,203587,56,17286,900,42672,1567,186276,957,228948,California
Monterey,2021-05-28,1737,400701,576,178667,1101,204688,60,17346,760,42527,966,187242,821,229769,California
Monterey,2021-05-29,986,401687,634,179301,319,205007,33,17379,422,42426,557,187799,456,230225,California
Monterey,2021-05-30,379,402066,163,179464,202,205209,14,17393,147,42356,231,188030,161,230386,California
Monterey,2021-05-31,185,402251,32,179496,144,205353,9,17402,54,42288,131,188161,63,230449,California
Monterey,2021-06-01,1696,403947,908,180404,656,206009,132,17534,536,41807,1145,189306,664,231113,California
Monterey,2021-06-02,1669,405616,963,181367,657,206666,49,17583,707,41606,957,190263,756,231869,California
Monterey,2021-06-03,2195,407811,1408,182775,752,207418,35,17618,542,40539,1643,191906,576,232445,California
Monterey,2021-06-04,1321,409132,684,183459,604,208022,33,17651,554,40366,760,192666,587,233032,California
Monterey,2021-06-05,2162,411294,844,184303,698,208720,620,18271,474,39778,1674,194340,1086,234118,California
Monterey,2021-06-06,491,411785,403,184706,79,208799,9,18280,293,39882,197,194537,301,234419,California
Monterey,2021-06-07,931,412716,485,185191,400,209199,46,18326,394,39794,526,195063,438,234857,California
Monterey,2021-06-08,1141,413857,701,185892,416,209615,24,18350,417,39520,714,195777,440,235297,California
Monterey,2021-06-09,2891,416748,2169,188061,596,210211,126,18476,637,38032,2250,198027,762,236059,California
Monterey,2021-06-10,1461,418209,888,188949,514,210725,59,18535,523,37681,931,198958,580,236639,California
Monterey,2021-06-11,1381,419590,752,189701,553,211278,76,18611,502,37385,872,199830,576,237215,California
Monterey,2021-06-12,740,420330,502,190203,223,211501,15,18626,350,37362,388,200218,365,237580,California
Monterey,2021-06-13,587,420917,455,190658,120,211621,12,18638,122,37034,462,200680,134,237714,California
Monterey,2021-06-14,1383,422300,995,191653,354,211975,34,18672,394,36479,983,201663,428,238142,California
Monterey,2021-06-15,1126,423426,557,192210,446,212421,123,18795,395,36275,722,202385,518,238660,California
Monterey,2021-06-16,1531,424957,1088,193298,414,212835,29,18824,385,35550,1138,203523,413,239073,California
Monterey,2021-06-17,1165,426122,674,193972,339,213174,152,18976,423,35386,738,204261,574,239647,California
Monterey,2021-06-18,1184,427306,723,194695,437,213611,24,19000,526,35284,652,204913,550,240197,California
Monterey,2021-06-19,1301,428607,1006,195701,265,213876,30,19030,489,34999,804,205717,519,240716,California
Monterey,2021-06-20,234,428841,156,195857,70,213946,8,19038,80,34934,154,205871,89,240805,California
Monterey,2021-06-21,666,429507,365,196222,270,214216,31,19069,384,35071,277,206148,414,241219,California
Monterey,2021-06-22,1498,431005,957,197179,352,214568,189,19258,484,34737,1002,207150,668,241887,California
Monterey,2021-06-23,562,431567,407,197586,142,214710,13,19271,185,34566,369,207519,198,242085,California
Napa,2020-12-16,12,12,12,12,0,0,0,0,12,12,0,0,12,12,California
Napa,2020-12-17,46,58,46,58,0,0,0,0,46,58,0,0,46,58,California
Napa,2020-12-18,105,163,105,163,0,0,0,0,105,163,0,0,105,163,California
Napa,2020-12-19,221,384,221,384,0,0,0,0,221,384,0,0,221,384,California
Napa,2020-12-20,190,574,190,574,0,0,0,0,190,574,0,0,190,574,California
Napa,2020-12-21,313,887,313,887,0,0,0,0,314,888,0,0,314,888,California
Napa,2020-12-22,339,1226,330,1217,9,9,0,0,339,1227,0,0,339,1227,California
Napa,2020-12-23,435,1661,323,1540,112,121,0,0,435,1662,0,0,435,1662,California
Napa,2020-12-24,140,1801,78,1618,62,183,0,0,140,1802,0,0,140,1802,California
Napa,2020-12-25,1,1802,1,1619,0,183,0,0,1,1803,0,0,1,1803,California
Napa,2020-12-26,39,1841,11,1630,28,211,0,0,39,1842,0,0,39,1842,California
Napa,2020-12-27,32,1873,16,1646,16,227,0,0,32,1874,0,0,32,1874,California
Napa,2020-12-28,252,2125,185,1831,67,294,0,0,279,2153,0,0,279,2153,California
Napa,2020-12-29,273,2398,215,2046,58,352,0,0,306,2459,0,0,306,2459,California
Napa,2020-12-30,628,3026,481,2527,147,499,0,0,636,3095,0,0,636,3095,California
Napa,2020-12-31,458,3484,369,2896,89,588,0,0,458,3553,0,0,458,3553,California
Napa,2021-01-01,1,3485,1,2897,0,588,0,0,1,3554,0,0,1,3554,California
Napa,2021-01-02,96,3581,91,2988,5,593,0,0,96,3650,0,0,96,3650,California
Napa,2021-01-03,14,3595,12,3000,2,595,0,0,9,3659,0,0,9,3659,California
Napa,2021-01-04,105,3700,63,3063,42,637,0,0,105,3764,0,0,105,3764,California
Napa,2021-01-05,163,3863,86,3149,77,714,0,0,146,3886,24,24,146,3910,California
Napa,2021-01-06,462,4325,116,3265,346,1060,0,0,397,4220,63,87,397,4307,California
Napa,2021-01-07,500,4825,236,3501,264,1324,0,0,396,4513,103,190,396,4703,California
Napa,2021-01-08,444,5269,228,3729,216,1540,0,0,260,4590,183,373,260,4963,California
Napa,2021-01-09,328,5597,303,4032,25,1565,0,0,191,4644,137,510,191,5154,California
Napa,2021-01-10,186,5783,103,4135,83,1648,0,0,109,4676,77,587,109,5263,California
Napa,2021-01-11,879,6662,425,4560,454,2102,0,0,507,4812,373,960,509,5772,California
Napa,2021-01-12,1328,7990,380,4940,948,3050,0,0,1005,5494,323,1283,1005,6777,California
Napa,2021-01-13,1316,9306,268,5208,1048,4098,0,0,1152,6484,163,1446,1153,7930,California
Napa,2021-01-14,1051,10357,169,5377,882,4980,0,0,935,7305,114,1560,935,8865,California
Napa,2021-01-15,1464,11821,384,5761,1080,6060,0,0,1317,8468,155,1715,1318,10183,California
Napa,2021-01-16,360,12181,132,5893,228,6288,0,0,342,8792,18,1733,342,10525,California
Napa,2021-01-17,344,12525,179,6072,165,6453,0,0,334,9116,10,1743,334,10859,California
Napa,2021-01-18,1077,13602,196,6268,881,7334,0,0,986,10011,91,1834,986,11845,California
Napa,2021-01-19,1005,14607,403,6671,602,7936,0,0,765,10537,239,2073,765,12610,California
Napa,2021-01-20,834,15441,189,6860,645,8581,0,0,646,10998,186,2259,647,13257,California
Napa,2021-01-21,1338,16779,377,7237,961,9542,0,0,1085,11832,252,2511,1086,14343,California
Napa,2021-01-22,1547,18326,412,7649,1135,10677,0,0,1219,12725,327,2838,1220,15563,California
Napa,2021-01-23,396,18722,317,7966,79,10756,0,0,335,12999,61,2899,335,15898,California
Napa,2021-01-24,268,18990,189,8155,79,10835,0,0,210,13151,58,2957,210,16108,California
Napa,2021-01-25,1523,20513,232,8387,1291,12126,0,0,1432,14492,91,3048,1432,17540,California
Napa,2021-01-26,878,21391,284,8671,594,12720,0,0,783,15181,95,3143,784,18324,California
Napa,2021-01-27,631,22022,222,8893,409,13129,0,0,471,15492,161,3304,472,18796,California
Napa,2021-01-28,390,22412,175,9068,215,13344,0,0,198,15500,190,3494,198,18994,California
Napa,2021-01-29,265,22677,66,9134,199,13543,0,0,168,15571,97,3591,168,19162,California
Napa,2021-01-30,819,23496,708,9842,111,13654,0,0,649,16050,170,3761,649,19811,California
Napa,2021-01-31,693,24189,661,10503,32,13686,0,0,668,16693,25,3786,668,20479,California
Napa,2021-02-01,324,24513,114,10617,210,13896,0,0,166,16701,158,3944,166,20645,California
Napa,2021-02-02,616,25129,283,10900,333,14229,0,0,304,16696,309,4253,304,20949,California
Napa,2021-02-03,747,25876,310,11210,437,14666,0,0,432,16814,314,4567,432,21381,California
Napa,2021-02-04,790,26666,370,11580,420,15086,0,0,440,16906,348,4915,440,21821,California
Napa,2021-02-05,714,27380,312,11892,402,15488,0,0,343,16878,371,5286,343,22164,California
Napa,2021-02-06,438,27818,145,12037,293,15781,0,0,333,17106,105,5391,333,22497,California
Napa,2021-02-07,179,27997,166,12203,13,15794,0,0,71,17069,108,5499,71,22568,California
Napa,2021-02-08,836,28833,191,12394,645,16439,0,0,276,16787,558,6057,276,22844,California
Napa,2021-02-09,1092,29925,452,12846,640,17079,0,0,445,16586,646,6703,445,23289,California
Napa,2021-02-10,1731,31656,195,13041,1536,18615,0,0,452,15763,1276,7979,453,23742,California
Napa,2021-02-11,1503,33159,197,13238,1306,19921,0,0,407,15087,1083,9062,407,24149,California
Napa,2021-02-12,2180,35339,855,14093,1325,21246,0,0,726,14363,1450,10512,726,24875,California
Napa,2021-02-13,508,35847,54,14147,454,21700,0,0,319,14493,189,10701,319,25194,California
Napa,2021-02-14,356,36203,89,14236,267,21967,0,0,192,14521,164,10865,192,25386,California
Napa,2021-02-15,877,37080,183,14419,694,22661,0,0,223,14092,652,11517,223,25609,California
Napa,2021-02-16,1291,38371,597,15016,694,23355,0,0,615,14033,674,12191,615,26224,California
Napa,2021-02-17,1051,39422,533,15549,518,23873,0,0,481,13947,568,12759,482,26706,California
Napa,2021-02-18,1899,41321,484,16033,1415,25288,0,0,660,13371,1236,13995,660,27366,California
Napa,2021-02-19,1501,42822,592,16625,909,26197,0,0,679,13230,820,14815,679,28045,California
Napa,2021-02-20,868,43690,635,17260,233,26430,0,0,283,12928,585,15400,283,28328,California
Napa,2021-02-21,889,44579,819,18079,70,26500,0,0,193,12425,696,16096,193,28521,California
Napa,2021-02-22,475,45054,198,18277,277,26777,0,0,146,12242,329,16425,146,28667,California
Napa,2021-02-23,1155,46209,314,18591,841,27618,0,0,328,11743,827,17252,328,28995,California
Napa,2021-02-24,1189,47398,660,19251,529,28147,0,0,596,11748,591,17843,596,29591,California
Napa,2021-02-25,2594,49992,1250,20501,1344,29491,0,0,1877,12909,716,18559,1877,31468,California
Napa,2021-02-26,1554,51546,552,21053,1002,30493,0,0,619,12595,933,19492,619,32087,California
Napa,2021-02-27,1189,52735,425,21478,764,31257,0,0,932,13272,255,19747,932,33019,California
Napa,2021-02-28,725,53460,605,22083,120,31377,0,0,608,13765,115,19862,608,33627,California
Napa,2021-03-01,1176,54636,882,22965,294,31671,0,0,897,14385,277,20139,897,34524,California
Napa,2021-03-02,1506,56142,1049,24014,457,32128,0,0,1159,15198,346,20485,1159,35683,California
Napa,2021-03-03,1572,57714,695,24709,877,33005,0,0,1382,16391,189,20674,1382,37065,California
Napa,2021-03-04,1719,59433,790,25499,929,33934,0,0,1478,17631,238,20912,1478,38543,California
Napa,2021-03-05,1905,61338,790,26289,1111,35045,4,4,1483,18699,419,21331,1487,40030,California
Napa,2021-03-06,657,61995,288,26577,338,35383,31,35,544,19163,111,21442,575,40605,California
Napa,2021-03-07,534,62529,322,26899,196,35579,16,51,382,19410,151,21593,398,41003,California
Napa,2021-03-08,716,63245,336,27235,327,35906,53,104,539,19827,175,21768,592,41595,California
Napa,2021-03-09,1689,64934,607,27842,1036,36942,46,150,1249,20686,436,22204,1295,42890,California
Napa,2021-03-10,1500,66434,925,28767,481,37423,94,244,800,20881,696,22900,891,43781,California
Napa,2021-03-11,1885,68319,1064,29831,689,38112,132,376,990,21107,895,23795,1121,44902,California
Napa,2021-03-12,1515,69834,921,30752,499,38611,95,471,806,21302,706,24501,901,45803,California
Napa,2021-03-13,1179,71013,311,31063,843,39454,25,496,833,21817,344,24845,859,46662,California
Napa,2021-03-14,616,71629,334,31397,134,39588,148,644,207,21763,408,25253,354,47016,California
Napa,2021-03-15,958,72587,412,31809,478,40066,68,712,480,21835,476,25729,548,47564,California
Napa,2021-03-16,1854,74441,392,32201,1335,41401,127,839,1380,22873,470,26199,1508,49072,California
Napa,2021-03-17,2527,76968,1860,34061,488,41889,179,1018,1598,23722,928,27127,1777,50849,California
Napa,2021-03-18,2144,79112,951,35012,1182,43071,11,1029,1283,24158,858,27985,1294,52143,California
Napa,2021-03-19,1459,80571,886,35898,545,43616,28,1057,693,24116,763,28748,721,52864,California
Napa,2021-03-20,1010,81581,529,36427,328,43944,153,1210,388,24036,621,29369,541,53405,California
Napa,2021-03-21,716,82297,692,37119,21,43965,3,1213,224,23773,490,29859,227,53632,California
Napa,2021-03-22,1302,83599,1123,38242,167,44132,12,1225,438,23364,859,30718,450,54082,California
Napa,2021-03-23,1896,85495,1199,39441,680,44812,17,1242,1009,23507,883,31601,1026,55108,California
Napa,2021-03-24,1711,87206,947,40388,755,45567,9,1251,817,23439,893,32494,825,55933,California
Napa,2021-03-25,1932,89138,1057,41445,821,46388,54,1305,769,23105,1157,33651,823,56756,California
Napa,2021-03-26,1312,90450,839,42284,467,46855,6,1311,587,22979,719,34370,593,57349,California
Napa,2021-03-27,953,91403,434,42718,492,47347,27,1338,294,22641,659,35029,321,57670,California
Napa,2021-03-28,493,91896,382,43100,104,47451,7,1345,181,22519,310,35339,188,57858,California
Napa,2021-03-29,1202,93098,876,43976,321,47772,5,1350,729,22781,472,35811,734,58592,California
Napa,2021-03-30,2798,95896,932,44908,1861,49633,5,1355,1976,23940,822,36633,1981,60573,California
Napa,2021-03-31,1975,97871,963,45871,943,50576,69,1424,799,23633,1173,37806,866,61439,California
Napa,2021-04-01,1757,99628,845,46716,795,51371,117,1541,482,22963,1268,39074,598,62037,California
Napa,2021-04-02,1872,101500,844,47560,886,52257,142,1683,477,22189,1392,40466,618,62655,California
Napa,2021-04-03,639,102139,373,47933,207,52464,59,1742,214,22037,424,40890,272,62927,California
Napa,2021-04-04,359,102498,145,48078,155,52619,59,1801,123,21984,235,41125,182,63109,California
Napa,2021-04-05,1275,103773,758,48836,298,52917,219,2020,572,22075,701,41826,792,63901,California
Napa,2021-04-06,2269,106042,565,49401,1445,54362,259,2279,527,21121,1739,43565,785,64686,California
Napa,2021-04-07,1751,107793,708,50109,821,55183,222,2501,532,20660,1213,44778,752,65438,California
Napa,2021-04-08,1867,109660,1069,51178,423,55606,375,2876,963,21099,898,45676,1337,66775,California
Napa,2021-04-09,1548,111208,927,52105,316,55922,305,3181,678,21214,867,46543,982,67757,California
Napa,2021-04-10,1051,112259,353,52458,595,56517,103,3284,246,20759,804,47347,349,68106,California
Napa,2021-04-11,386,112645,300,52758,63,56580,23,3307,159,20714,227,47574,182,68288,California
Napa,2021-04-12,796,113441,303,53061,368,56948,125,3432,293,20627,501,48075,414,68702,California
Napa,2021-04-13,2592,116033,870,53931,1722,58670,0,3432,947,19934,1640,49715,947,69649,California
Napa,2021-04-14,2152,118185,1015,54946,1137,59807,0,3432,1052,19894,1092,50807,1052,70701,California
Napa,2021-04-15,2084,120269,537,55483,1547,61354,0,3432,897,19610,1181,51988,897,71598,California
Napa,2021-04-16,3004,123273,1641,57124,1363,62717,0,3432,2276,21163,723,52711,2276,73874,California
Napa,2021-04-17,1161,124434,273,57397,888,63605,0,3432,856,21715,304,53015,856,74730,California
Napa,2021-04-18,271,124705,176,57573,95,63700,0,3432,121,21686,150,53165,121,74851,California
Napa,2021-04-19,619,125324,343,57916,276,63976,0,3432,269,21606,349,53514,269,75120,California
Napa,2021-04-20,3047,128371,2071,59987,976,64952,0,3432,2082,22726,963,54477,2083,77203,California
Napa,2021-04-21,2947,131318,2173,62160,774,65726,0,3432,1874,23534,1067,55544,1875,79078,California
Napa,2021-04-22,1784,133102,1270,63430,514,66240,0,3432,843,23440,937,56481,843,79921,California
Napa,2021-04-23,1638,134740,1258,64688,378,66618,2,3434,1161,24128,473,56954,1161,81082,California
Napa,2021-04-24,564,135304,322,65010,242,66860,0,3434,288,24143,273,57227,288,81370,California
Napa,2021-04-25,247,135551,189,65199,58,66918,0,3434,127,24151,119,57346,127,81497,California
Napa,2021-04-26,537,136088,279,65478,258,67176,0,3434,272,24163,260,57606,272,81769,California
Napa,2021-04-27,1776,137864,461,65939,1303,68479,12,3446,585,23573,1187,58793,597,82366,California
Napa,2021-04-28,1004,138868,461,66400,526,69005,17,3463,339,23266,663,59456,356,82722,California
Napa,2021-04-29,714,139582,354,66754,341,69346,19,3482,257,23091,450,59906,275,82997,California
Napa,2021-04-30,606,140188,306,67060,236,69582,64,3546,250,23049,355,60261,313,83310,California
Napa,2021-05-01,328,140516,272,67332,45,69627,11,3557,120,22972,208,60469,131,83441,California
Napa,2021-05-02,239,140755,194,67526,39,69666,6,3563,101,22942,137,60606,107,83548,California
Napa,2021-05-03,622,141377,498,68024,89,69755,35,3598,101,22562,517,61123,137,83685,California
Napa,2021-05-04,1135,142512,724,68748,300,70055,111,3709,300,22142,831,61954,411,84096,California
Napa,2021-05-05,1028,143540,693,69441,297,70352,38,3747,257,21669,768,62722,295,84391,California
Napa,2021-05-06,720,144260,320,69761,377,70729,23,3770,372,21725,339,63061,395,84786,California
Napa,2021-05-07,1556,145816,1334,71095,159,70888,63,3833,321,20896,1212,64273,383,85169,California
Napa,2021-05-08,253,146069,163,71258,79,70967,11,3844,87,20829,165,64438,98,85267,California
Napa,2021-05-09,111,146180,80,71338,31,70998,0,3844,52,20822,59,64497,52,85319,California
Napa,2021-05-10,415,146595,143,71481,253,71251,19,3863,103,20633,311,64808,122,85441,California
Napa,2021-05-11,2176,148771,1791,73272,360,71611,25,3888,372,19232,1798,66606,397,85838,California
Napa,2021-05-12,2199,150970,1375,74647,768,72379,56,3944,299,17693,1894,68500,355,86193,California
Napa,2021-05-13,1911,152881,1202,75849,669,73048,40,3984,820,17470,1084,69584,861,87054,California
Napa,2021-05-14,1921,154802,1154,77003,681,73729,86,4070,503,16650,1410,70994,590,87644,California
Napa,2021-05-15,1067,155869,361,77364,694,74423,12,4082,255,16109,809,71803,268,87912,California
Napa,2021-05-16,240,156109,160,77524,78,74501,2,4084,69,16009,171,71974,71,87983,California
Napa,2021-05-17,880,156989,347,77871,503,75004,30,4114,304,15830,514,72488,335,88318,California
Napa,2021-05-18,1051,158040,549,78420,445,75449,57,4171,505,15851,541,73029,562,88880,California
Napa,2021-05-19,945,158985,567,78987,348,75797,30,4201,512,15962,430,73459,541,89421,California
Napa,2021-05-20,645,159630,435,79422,179,75976,31,4232,386,16121,258,73717,417,89838,California
Napa,2021-05-21,501,160131,266,79688,203,76179,32,4264,212,16077,288,74005,244,90082,California
Napa,2021-05-22,461,160592,274,79962,178,76357,9,4273,191,16008,270,74275,201,90283,California
Napa,2021-05-23,394,160986,348,80310,35,76392,11,4284,294,16213,100,74375,305,90588,California
Napa,2021-05-24,363,161349,179,80489,164,76556,20,4304,148,16167,214,74589,168,90756,California
Napa,2021-05-25,426,161775,178,80667,177,76733,71,4375,147,16106,278,74867,217,90973,California
Napa,2021-05-26,552,162327,362,81029,166,76899,24,4399,321,16223,228,75095,345,91318,California
Napa,2021-05-27,388,162715,169,81198,191,77090,28,4427,147,16157,241,75336,175,91493,California
Napa,2021-05-28,397,163112,209,81407,164,77254,24,4451,167,16120,226,75562,189,91682,California
Napa,2021-05-29,128,163240,79,81486,45,77299,4,4455,74,16145,53,75615,78,91760,California
Napa,2021-05-30,98,163338,61,81547,32,77331,5,4460,32,16118,64,75679,37,91797,California
Napa,2021-05-31,42,163380,17,81564,19,77350,6,4466,9,16100,33,75712,15,91812,California
Napa,2021-06-01,594,163974,312,81876,258,77608,24,4490,265,16065,323,76035,288,92100,California
Napa,2021-06-02,415,164389,246,82122,147,77755,22,4512,201,16075,212,76247,222,92322,California
Napa,2021-06-03,748,165137,460,82582,263,78018,25,4537,175,15703,570,76817,198,92520,California
Napa,2021-06-04,779,165916,602,83184,140,78158,37,4574,171,15305,606,77423,208,92728,California
Napa,2021-06-05,309,166225,250,83434,47,78205,12,4586,76,15162,231,77654,88,92816,California
Napa,2021-06-06,144,166369,125,83559,18,78223,1,4587,48,15116,95,77749,49,92865,California
Napa,2021-06-07,391,166760,286,83845,77,78300,28,4615,92,14937,299,78048,120,92985,California
Napa,2021-06-08,618,167378,492,84337,109,78409,17,4632,274,14887,341,78389,291,93276,California
Napa,2021-06-09,549,167927,449,84786,85,78494,15,4647,94,14542,454,78843,109,93385,California
Napa,2021-06-10,509,168436,416,85202,61,78555,32,4679,109,14283,400,79243,141,93526,California
Napa,2021-06-11,407,168843,267,85469,117,78672,23,4702,120,14140,286,79529,143,93669,California
Napa,2021-06-12,204,169047,172,85641,27,78699,5,4707,42,14026,161,79690,47,93716,California
Napa,2021-06-13,284,169331,271,85912,8,78707,5,4712,27,13801,257,79947,32,93748,California
Napa,2021-06-14,467,169798,329,86241,112,78819,26,4738,93,13547,370,80317,116,93864,California
Napa,2021-06-15,376,170174,277,86518,86,78905,13,4751,184,13554,190,80507,197,94061,California
Napa,2021-06-16,253,170427,165,86683,76,78981,12,4763,82,13481,167,80674,94,94155,California
Napa,2021-06-17,390,170817,322,87005,60,79041,8,4771,70,13239,320,80994,78,94233,California
Napa,2021-06-18,264,171081,173,87178,81,79122,10,4781,89,13165,173,81167,99,94332,California
Napa,2021-06-19,110,171191,77,87255,23,79145,10,4791,47,13161,61,81228,57,94389,California
Napa,2021-06-20,54,171245,42,87297,9,79154,3,4794,19,13148,35,81263,22,94411,California
Napa,2021-06-21,154,171399,73,87370,63,79217,18,4812,74,13160,80,81343,92,94503,California
Napa,2021-06-22,365,171764,295,87665,59,79276,11,4823,108,13024,255,81598,119,94622,California
Napa,2021-06-23,220,171984,165,87830,37,79313,18,4841,51,12926,167,81765,69,94691,California
Nevada,2020-12-16,3,3,3,3,0,0,0,0,3,3,0,0,3,3,California
Nevada,2020-12-17,7,10,7,10,0,0,0,0,7,10,0,0,7,10,California
Nevada,2020-12-18,56,66,56,66,0,0,0,0,56,66,0,0,56,66,California
Nevada,2020-12-19,55,121,55,121,0,0,0,0,55,121,0,0,55,121,California
Nevada,2020-12-20,12,133,12,133,0,0,0,0,12,133,0,0,12,133,California
Nevada,2020-12-21,69,202,69,202,0,0,0,0,69,202,0,0,69,202,California
Nevada,2020-12-22,90,292,88,290,2,2,0,0,90,292,0,0,90,292,California
Nevada,2020-12-23,233,525,202,492,31,33,0,0,233,525,0,0,233,525,California
Nevada,2020-12-24,13,538,11,503,2,35,0,0,13,538,0,0,13,538,California
Nevada,2020-12-25,3,541,3,506,0,35,0,0,3,541,0,0,3,541,California
Nevada,2020-12-26,6,547,4,510,2,37,0,0,6,547,0,0,6,547,California
Nevada,2020-12-27,89,636,89,599,0,37,0,0,89,636,0,0,89,636,California
Nevada,2020-12-28,170,806,93,692,77,114,0,0,170,806,0,0,170,806,California
Nevada,2020-12-29,99,905,73,765,26,140,0,0,99,905,0,0,99,905,California
Nevada,2020-12-30,86,991,66,831,20,160,0,0,86,991,0,0,86,991,California
Nevada,2020-12-31,39,1030,9,840,30,190,0,0,39,1030,0,0,39,1030,California
Nevada,2021-01-01,3,1033,0,840,3,193,0,0,3,1033,0,0,3,1033,California
Nevada,2021-01-02,1,1034,1,841,0,193,0,0,1,1034,0,0,1,1034,California
Nevada,2021-01-03,130,1164,125,966,5,198,0,0,130,1164,0,0,130,1164,California
Nevada,2021-01-04,72,1236,47,1013,25,223,0,0,72,1236,0,0,72,1236,California
Nevada,2021-01-05,274,1510,133,1146,141,364,0,0,273,1508,1,1,273,1509,California
Nevada,2021-01-06,90,1600,42,1188,48,412,0,0,82,1582,8,9,82,1591,California
Nevada,2021-01-07,216,1816,44,1232,172,584,0,0,208,1784,7,16,209,1800,California
Nevada,2021-01-08,220,2036,128,1360,92,676,0,0,164,1893,56,72,165,1965,California
Nevada,2021-01-09,63,2099,56,1416,7,683,0,0,14,1858,49,121,14,1979,California
Nevada,2021-01-10,18,2117,9,1425,9,692,0,0,10,1860,8,129,10,1989,California
Nevada,2021-01-11,185,2302,131,1556,54,746,0,0,57,1789,128,257,57,2046,California
Nevada,2021-01-12,600,2902,453,2009,147,893,0,0,533,2255,67,324,533,2579,California
Nevada,2021-01-13,262,3164,148,2157,114,1007,0,0,128,2249,134,458,128,2707,California
Nevada,2021-01-14,238,3402,127,2284,111,1118,0,0,221,2454,16,474,221,2928,California
Nevada,2021-01-15,400,3802,173,2457,227,1345,0,0,299,2652,101,575,299,3227,California
Nevada,2021-01-16,296,4098,15,2472,281,1626,0,0,292,2940,4,579,292,3519,California
Nevada,2021-01-17,37,4135,33,2505,4,1630,0,0,35,2973,2,581,35,3554,California
Nevada,2021-01-18,154,4289,44,2549,110,1740,0,0,142,3103,12,593,142,3696,California
Nevada,2021-01-19,248,4537,88,2637,160,1900,0,0,228,3311,20,613,228,3924,California
Nevada,2021-01-20,275,4812,165,2802,110,2010,0,0,261,3558,14,627,261,4185,California
Nevada,2021-01-21,341,5153,206,3008,135,2145,0,0,327,3871,14,641,327,4512,California
Nevada,2021-01-22,375,5528,234,3242,141,2286,0,0,344,4184,31,672,344,4856,California
Nevada,2021-01-23,180,5708,105,3347,75,2361,0,0,180,4364,0,672,180,5036,California
Nevada,2021-01-24,106,5814,98,3445,8,2369,0,0,67,4392,39,711,67,5103,California
Nevada,2021-01-25,264,6078,135,3580,129,2498,0,0,203,4534,61,772,203,5306,California
Nevada,2021-01-26,408,6486,144,3724,264,2762,0,0,303,4732,105,877,303,5609,California
Nevada,2021-01-27,426,6912,252,3976,174,2936,0,0,401,5108,25,902,401,6010,California
Nevada,2021-01-28,478,7390,325,4301,153,3089,0,0,434,5499,43,945,434,6444,California
Nevada,2021-01-29,607,7997,393,4694,214,3303,0,0,579,6052,27,972,580,7024,California
Nevada,2021-01-30,233,8230,105,4799,128,3431,0,0,230,6279,3,975,230,7254,California
Nevada,2021-01-31,103,8333,86,4885,17,3448,0,0,99,6376,3,978,100,7354,California
Nevada,2021-02-01,293,8626,70,4955,223,3671,0,0,279,6641,14,992,279,7633,California
Nevada,2021-02-02,530,9156,186,5141,344,4015,0,0,331,6773,199,1191,331,7964,California
Nevada,2021-02-03,820,9976,576,5717,244,4259,0,0,765,7484,54,1245,765,8729,California
Nevada,2021-02-04,740,10716,392,6109,348,4607,0,0,489,7723,250,1495,489,9218,California
Nevada,2021-02-05,651,11367,369,6478,282,4889,0,0,461,7996,188,1683,461,9679,California
Nevada,2021-02-06,270,11637,82,6560,188,5077,0,0,242,8210,28,1711,242,9921,California
Nevada,2021-02-07,246,11883,192,6752,54,5131,0,0,192,8348,54,1765,192,10113,California
Nevada,2021-02-08,651,12534,405,7157,246,5377,0,0,551,8799,100,1865,551,10664,California
Nevada,2021-02-09,606,13140,339,7496,267,5644,0,0,463,9119,143,2008,463,11127,California
Nevada,2021-02-10,653,13793,326,7822,327,5971,0,0,421,9309,232,2240,422,11549,California
Nevada,2021-02-11,884,14677,511,8333,373,6344,0,0,551,9529,331,2571,551,12100,California
Nevada,2021-02-12,950,15627,441,8774,509,6853,0,0,626,9834,321,2892,626,12726,California
Nevada,2021-02-13,608,16235,238,9012,370,7223,0,0,390,10011,214,3106,391,13117,California
Nevada,2021-02-14,235,16470,121,9133,114,7337,0,0,206,10188,29,3135,206,13323,California
Nevada,2021-02-15,710,17180,437,9570,273,7610,0,0,535,10548,175,3310,535,13858,California
Nevada,2021-02-16,625,17805,201,9771,424,8034,0,0,455,10834,169,3479,455,14313,California
Nevada,2021-02-17,1190,18995,767,10538,423,8457,0,0,856,11356,334,3813,856,15169,California
Nevada,2021-02-18,1016,20011,553,11091,463,8920,0,0,601,11545,412,4225,601,15770,California
Nevada,2021-02-19,1022,21033,632,11723,390,9310,0,0,656,11838,364,4589,657,16427,California
Nevada,2021-02-20,300,21333,107,11830,193,9503,0,0,176,11891,123,4712,176,16603,California
Nevada,2021-02-21,90,21423,83,11913,7,9510,0,0,7,11818,80,4792,7,16610,California
Nevada,2021-02-22,500,21923,333,12246,167,9677,0,0,353,12025,146,4938,353,16963,California
Nevada,2021-02-23,493,22416,242,12488,251,9928,0,0,221,11978,269,5207,222,17185,California
Nevada,2021-02-24,479,22895,242,12730,237,10165,0,0,253,12009,226,5433,257,17442,California
Nevada,2021-02-25,870,23765,470,13200,400,10565,0,0,436,12013,432,5865,436,17878,California
Nevada,2021-02-26,1246,25011,886,14086,360,10925,0,0,415,11600,828,6693,415,18293,California
Nevada,2021-02-27,359,25370,112,14198,247,11172,0,0,190,11621,169,6862,190,18483,California
Nevada,2021-02-28,274,25644,160,14358,114,11286,0,0,126,11600,147,7009,126,18609,California
Nevada,2021-03-01,840,26484,437,14795,403,11689,0,0,368,11499,469,7478,368,18977,California
Nevada,2021-03-02,742,27226,292,15087,450,12139,0,0,511,11784,226,7704,511,19488,California
Nevada,2021-03-03,992,28218,509,15596,482,12621,1,1,518,11832,472,8176,520,20008,California
Nevada,2021-03-04,1111,29329,621,16217,490,13111,0,1,468,11661,639,8815,468,20476,California
Nevada,2021-03-05,842,30171,476,16693,356,13467,10,11,377,11585,463,9278,387,20863,California
Nevada,2021-03-06,364,30535,121,16814,216,13683,27,38,149,11545,215,9493,175,21038,California
Nevada,2021-03-07,210,30745,109,16923,82,13765,19,57,70,11494,140,9633,89,21127,California
Nevada,2021-03-08,829,31574,560,17483,223,13988,46,103,376,11465,452,10085,423,21550,California
Nevada,2021-03-09,793,32367,403,17886,340,14328,50,153,466,11655,325,10410,515,22065,California
Nevada,2021-03-10,1006,33373,647,18533,303,14631,56,209,340,11390,660,11070,395,22460,California
Nevada,2021-03-11,1108,34481,725,19258,358,14989,25,234,550,11415,550,11620,575,23035,California
Nevada,2021-03-12,1207,35688,728,19986,450,15439,29,263,510,11260,693,12313,538,23573,California
Nevada,2021-03-13,295,35983,57,20043,233,15672,5,268,118,11207,175,12488,122,23695,California
Nevada,2021-03-14,157,36140,20,20063,132,15804,5,273,33,11121,124,12612,38,23733,California
Nevada,2021-03-15,852,36992,464,20527,376,16180,12,285,359,11003,489,13101,371,24104,California
Nevada,2021-03-16,1000,37992,468,20995,470,16650,62,347,637,11340,361,13462,698,24802,California
Nevada,2021-03-17,1025,39017,454,21449,561,17211,10,357,584,11497,438,13900,595,25397,California
Nevada,2021-03-18,983,40000,533,21982,427,17638,23,380,478,11497,501,14401,501,25898,California
Nevada,2021-03-19,762,40762,440,22422,285,17923,37,417,354,11484,404,14805,391,26289,California
Nevada,2021-03-20,824,41586,93,22515,304,18227,427,844,229,11547,589,15394,652,26941,California
Nevada,2021-03-21,59,41645,32,22547,26,18253,1,845,40,11570,18,15412,41,26982,California
Nevada,2021-03-22,804,42449,520,23067,279,18532,5,850,534,11842,267,15679,539,27521,California
Nevada,2021-03-23,864,43313,391,23458,446,18978,27,877,620,12248,241,15920,647,28168,California
Nevada,2021-03-24,1023,44336,543,24001,473,19451,7,884,639,12515,378,16298,645,28813,California
Nevada,2021-03-25,912,45248,462,24463,425,19876,25,909,494,12617,416,16714,518,29331,California
Nevada,2021-03-26,1150,46398,442,24905,669,20545,39,948,823,13154,324,17038,861,30192,California
Nevada,2021-03-27,571,46969,72,24977,483,21028,16,964,388,13376,182,17220,404,30596,California
Nevada,2021-03-28,176,47145,52,25029,111,21139,13,977,38,13292,135,17355,51,30647,California
Nevada,2021-03-29,826,47971,504,25533,300,21439,22,999,374,13238,449,17804,395,31042,California
Nevada,2021-03-30,1058,49029,482,26015,542,21981,34,1033,487,13196,563,18367,521,31563,California
Nevada,2021-03-31,1180,50209,660,26675,503,22484,17,1050,669,13379,502,18869,685,32248,California
Nevada,2021-04-01,1243,51452,723,27398,467,22951,53,1103,551,13299,683,19552,603,32851,California
Nevada,2021-04-02,1296,52748,664,28062,596,23547,36,1139,764,13571,528,20080,800,33651,California
Nevada,2021-04-03,288,53036,86,28148,162,23709,40,1179,81,13486,206,20286,121,33772,California
Nevada,2021-04-04,129,53165,42,28190,80,23789,7,1186,77,13518,52,20338,84,33856,California
Nevada,2021-04-05,937,54102,615,28805,302,24091,20,1206,621,13847,311,20649,640,34496,California
Nevada,2021-04-06,1075,55177,666,29471,265,24356,144,1350,434,13790,634,21283,577,35073,California
Nevada,2021-04-07,1147,56324,819,30290,245,24601,83,1433,608,13948,532,21815,690,35763,California
Nevada,2021-04-08,1280,57604,892,31182,305,24906,83,1516,707,14169,569,22384,790,36553,California
Nevada,2021-04-09,1249,58853,849,32031,332,25238,68,1584,845,14679,402,22786,912,37465,California
Nevada,2021-04-10,277,59130,78,32109,123,25361,76,1660,110,14699,166,22952,186,37651,California
Nevada,2021-04-11,106,59236,34,32143,66,25427,6,1666,41,14681,65,23017,47,37698,California
Nevada,2021-04-12,751,59987,543,32686,191,25618,17,1683,319,14590,427,23444,336,38034,California
Nevada,2021-04-13,890,60877,354,33040,536,26154,0,1683,471,14646,415,23859,471,38505,California
Nevada,2021-04-14,1057,61934,568,33608,489,26643,0,1683,538,14673,511,24370,538,39043,California
Nevada,2021-04-15,1081,63015,710,34318,371,27014,0,1683,625,14854,444,24814,625,39668,California
Nevada,2021-04-16,902,63917,697,35015,205,27219,0,1683,523,15000,377,25191,523,40191,California
Nevada,2021-04-17,201,64118,55,35070,146,27365,0,1683,86,14973,113,25304,86,40277,California
Nevada,2021-04-18,188,64306,20,35090,168,27533,0,1683,103,14991,85,25389,103,40380,California
Nevada,2021-04-19,755,65061,483,35573,272,27805,0,1683,308,14862,437,25826,308,40688,California
Nevada,2021-04-20,818,65879,317,35890,501,28306,0,1683,312,14675,499,26325,312,41000,California
Nevada,2021-04-21,909,66788,496,36386,413,28719,0,1683,270,14315,630,26955,270,41270,California
Nevada,2021-04-22,994,67782,621,37007,373,29092,0,1683,337,14007,646,27601,338,41608,California
Nevada,2021-04-23,1224,69006,544,37551,680,29772,0,1683,395,13585,817,28418,395,42003,California
Nevada,2021-04-24,516,69522,69,37620,447,30219,0,1683,166,13403,348,28766,166,42169,California
Nevada,2021-04-25,115,69637,61,37681,49,30268,5,1688,51,13395,63,28829,55,42224,California
Nevada,2021-04-26,745,70382,561,38242,176,30444,8,1696,219,13106,516,29345,227,42451,California
Nevada,2021-04-27,815,71197,378,38620,432,30876,5,1701,410,13124,397,29742,415,42866,California
Nevada,2021-04-28,985,72182,577,39197,403,31279,5,1706,385,12919,595,30337,390,43256,California
Nevada,2021-04-29,1011,73193,706,39903,301,31580,4,1710,275,12464,734,31071,279,43535,California
Nevada,2021-04-30,1228,74421,726,40629,493,32073,9,1719,205,11657,1021,32092,214,43749,California
Nevada,2021-05-01,144,74565,60,40689,80,32153,4,1723,63,11645,79,32171,67,43816,California
Nevada,2021-05-02,58,74623,32,40721,22,32175,4,1727,20,11631,38,32209,24,43840,California
Nevada,2021-05-03,610,75233,405,41126,186,32361,19,1746,179,11401,427,32636,197,44037,California
Nevada,2021-05-04,589,75822,170,41296,401,32762,18,1764,335,11504,250,32886,353,44390,California
Nevada,2021-05-05,732,76554,376,41672,342,33104,14,1778,323,11441,400,33286,337,44727,California
Nevada,2021-05-06,803,77357,564,42236,228,33332,11,1789,197,11052,597,33883,208,44935,California
Nevada,2021-05-07,885,78242,488,42724,362,33694,35,1824,196,10598,685,34568,231,45166,California
Nevada,2021-05-08,171,78413,19,42743,132,33826,20,1844,79,10606,91,34659,99,45265,California
Nevada,2021-05-09,44,78457,8,42751,34,33860,2,1846,21,10606,23,34682,23,45288,California
Nevada,2021-05-10,391,78848,248,42999,119,33979,24,1870,76,10392,314,34996,100,45388,California
Nevada,2021-05-11,517,79365,155,43154,349,34328,13,1883,132,10160,377,35373,145,45533,California
Nevada,2021-05-12,541,79906,236,43390,294,34622,11,1894,155,9948,378,35751,166,45699,California
Nevada,2021-05-13,834,80740,552,43942,272,34894,10,1904,430,9992,396,36147,440,46139,California
Nevada,2021-05-14,778,81518,581,44523,179,35073,18,1922,433,10102,341,36488,451,46590,California
Nevada,2021-05-15,187,81705,87,44610,92,35165,8,1930,87,10098,99,36587,95,46685,California
Nevada,2021-05-16,156,81861,50,44660,106,35271,0,1930,54,10050,102,36689,54,46739,California
Nevada,2021-05-17,494,82355,316,44976,148,35419,30,1960,211,10019,272,36961,241,46980,California
Nevada,2021-05-18,418,82773,255,45231,159,35578,4,1964,222,10052,194,37155,227,47207,California
Nevada,2021-05-19,492,83265,356,45587,131,35709,5,1969,258,10090,225,37380,263,47470,California
Nevada,2021-05-20,607,83872,351,45938,244,35953,12,1981,216,9932,386,37766,228,47698,California
Nevada,2021-05-21,508,84380,327,46265,171,36124,10,1991,224,9885,281,38047,234,47932,California
Nevada,2021-05-22,242,84622,34,46299,148,36272,60,2051,84,9871,158,38205,144,48076,California
Nevada,2021-05-23,50,84672,18,46317,32,36304,0,2051,17,9856,32,38237,17,48093,California
Nevada,2021-05-24,309,84981,219,46536,79,36383,11,2062,106,9773,200,38437,117,48210,California
Nevada,2021-05-25,340,85321,82,46618,246,36629,12,2074,83,9616,252,38689,95,48305,California
Nevada,2021-05-26,450,85771,196,46814,244,36873,10,2084,133,9449,310,38999,143,48448,California
Nevada,2021-05-27,422,86193,226,47040,174,37047,22,2106,183,9418,236,39235,205,48653,California
Nevada,2021-05-28,346,86539,213,47253,111,37158,22,2128,194,9485,149,39384,216,48869,California
Nevada,2021-05-29,67,86606,12,47265,55,37213,0,2128,42,9502,25,39409,42,48911,California
Nevada,2021-05-30,37,86643,20,47285,15,37228,2,2130,25,9517,12,39421,27,48938,California
Nevada,2021-05-31,6,86649,4,47289,0,37228,2,2132,2,9517,4,39425,4,48942,California
Nevada,2021-06-01,421,87070,128,47417,276,37504,17,2149,102,9326,310,39735,119,49061,California
Nevada,2021-06-02,402,87472,165,47582,230,37734,7,2156,102,9142,293,40028,109,49170,California
Nevada,2021-06-03,558,88030,402,47984,151,37885,5,2161,99,8792,454,40482,104,49274,California
Nevada,2021-06-04,544,88574,435,48419,105,37990,4,2165,111,8478,429,40911,115,49389,California
Nevada,2021-06-05,169,88743,66,48485,101,38091,2,2167,62,8437,106,41017,65,49454,California
Nevada,2021-06-06,53,88796,40,48525,13,38104,0,2167,12,8408,41,41058,12,49466,California
Nevada,2021-06-07,266,89062,194,48719,42,38146,30,2197,60,8297,201,41259,90,49556,California
Nevada,2021-06-08,287,89349,188,48907,85,38231,14,2211,65,8163,213,41472,79,49635,California
Nevada,2021-06-09,326,89675,217,49124,102,38333,7,2218,81,8011,240,41712,88,49723,California
Nevada,2021-06-10,275,89950,179,49303,88,38421,8,2226,74,7898,194,41906,81,49804,California
Nevada,2021-06-11,326,90276,233,49536,74,38495,19,2245,79,7751,244,42150,97,49901,California
Nevada,2021-06-12,91,90367,53,49589,33,38528,5,2250,26,7717,65,42215,31,49932,California
Nevada,2021-06-13,32,90399,17,49606,14,38542,1,2251,6,7698,26,42241,7,49939,California
Nevada,2021-06-14,190,90589,135,49741,44,38586,11,2262,51,7627,133,42374,62,50001,California
Nevada,2021-06-15,169,90758,95,49836,66,38652,8,2270,67,7604,98,42472,75,50076,California
Nevada,2021-06-16,237,90995,133,49969,96,38748,8,2278,70,7522,160,42632,78,50154,California
Nevada,2021-06-17,222,91217,131,50100,78,38826,13,2291,39,7392,182,42814,52,50206,California
Nevada,2021-06-18,219,91436,150,50250,51,38877,18,2309,67,7327,150,42964,85,50291,California
Nevada,2021-06-19,68,91504,33,50283,30,38907,5,2314,29,7322,39,43003,34,50325,California
Nevada,2021-06-20,27,91531,20,50303,7,38914,0,2314,8,7312,18,43021,8,50333,California
Nevada,2021-06-21,106,91637,48,50351,53,38967,5,2319,51,7319,49,43070,56,50389,California
Nevada,2021-06-22,162,91799,97,50448,53,39020,12,2331,64,7303,92,43162,76,50465,California
Nevada,2021-06-23,129,91928,85,50533,25,39045,19,2350,40,7277,84,43246,58,50523,California
Orange,2020-12-15,16,16,16,16,0,0,0,0,16,16,0,0,16,16,California
Orange,2020-12-16,396,412,396,412,0,0,0,0,396,412,0,0,396,412,California
Orange,2020-12-17,3762,4174,3762,4174,0,0,0,0,3761,4173,0,0,3761,4173,California
Orange,2020-12-18,5121,9295,5113,9287,8,8,0,0,5119,9291,1,1,5119,9292,California
Orange,2020-12-19,2247,11542,2240,11527,7,15,0,0,2246,11537,0,1,2246,11538,California
Orange,2020-12-20,2001,13543,1998,13525,3,18,0,0,2002,13539,0,1,2002,13540,California
Orange,2020-12-21,4271,17814,4265,17790,6,24,0,0,4271,17810,0,1,4271,17811,California
Orange,2020-12-22,4000,21814,3964,21754,36,60,0,0,4000,21810,0,1,4000,21811,California
Orange,2020-12-23,3606,25420,3238,24992,368,428,0,0,3608,25418,0,1,3608,25419,California
Orange,2020-12-24,1388,26808,1087,26079,301,729,0,0,1388,26806,0,1,1388,26807,California
Orange,2020-12-25,21,26829,16,26095,5,734,0,0,21,26827,0,1,21,26828,California
Orange,2020-12-26,996,27825,424,26519,572,1306,0,0,996,27823,0,1,996,27824,California
Orange,2020-12-27,585,28410,276,26795,309,1615,0,0,585,28408,0,1,585,28409,California
Orange,2020-12-28,3630,32040,2637,29432,993,2608,0,0,3630,32038,0,1,3630,32039,California
Orange,2020-12-29,3527,35567,2506,31938,1021,3629,0,0,3526,35563,1,2,3526,35565,California
Orange,2020-12-30,5144,40711,3554,35492,1590,5219,0,0,5144,40707,0,2,5144,40709,California
Orange,2020-12-31,1534,42245,820,36312,714,5933,0,0,1531,42235,3,5,1531,42240,California
Orange,2021-01-01,695,42940,378,36690,317,6250,0,0,693,42926,2,7,693,42933,California
Orange,2021-01-02,1369,44309,845,37535,524,6774,0,0,1367,44292,1,8,1367,44300,California
Orange,2021-01-03,592,44901,326,37861,266,7040,0,0,592,44884,0,8,592,44892,California
Orange,2021-01-04,2778,47679,1574,39435,1204,8244,0,0,2779,47662,1,9,2779,47671,California
Orange,2021-01-05,3555,51234,2317,41752,1238,9482,0,0,3142,50397,410,419,3145,50816,California
Orange,2021-01-06,5046,56280,3478,45230,1568,11050,0,0,3666,52695,1368,1787,3666,54482,California
Orange,2021-01-07,9363,65643,5220,50450,4143,15193,0,0,5743,54838,3605,5392,5748,60230,California
Orange,2021-01-08,9482,75125,5303,55753,4179,19372,0,0,5687,56744,3784,9176,5690,65920,California
Orange,2021-01-09,5045,80170,1755,57508,3290,22662,0,0,3757,59213,1288,10464,3757,69677,California
Orange,2021-01-10,4259,84429,1048,58556,3211,25873,0,0,3377,61713,881,11345,3381,73058,California
Orange,2021-01-11,9514,93943,4938,63494,4576,30449,0,0,5872,63943,3645,14990,5875,78933,California
Orange,2021-01-12,9006,102949,4850,68344,4156,34605,0,0,5516,65973,3488,18478,5518,84451,California
Orange,2021-01-13,10355,113304,4950,73294,5405,40010,0,0,7129,69887,3222,21700,7136,91587,California
Orange,2021-01-14,10111,123415,3818,77112,6293,46303,0,0,8510,76804,1599,23299,8516,100103,California
Orange,2021-01-15,10318,133733,2674,79786,7644,53947,0,0,9427,85338,899,24198,9433,109536,California
Orange,2021-01-16,8833,142566,2117,81903,6716,60663,0,0,8432,93376,399,24597,8437,117973,California
Orange,2021-01-17,8266,150832,1518,83421,6748,67411,0,0,8111,101342,155,24752,8121,126094,California
Orange,2021-01-18,9803,160635,4453,87874,5350,72761,0,0,7532,106604,2273,27025,7535,133629,California
Orange,2021-01-19,7621,168256,5483,93357,2138,74899,0,0,4978,108941,2642,29667,4979,138608,California
Orange,2021-01-20,8529,176785,5959,99316,2570,77469,0,0,5454,111329,3074,32741,5462,144070,California
Orange,2021-01-21,11184,187969,4950,104266,6234,83703,0,0,10345,120849,836,33577,10356,154426,California
Orange,2021-01-22,13894,201863,5171,109437,8723,92426,0,0,13018,133007,868,34445,13026,167452,California
Orange,2021-01-23,13320,215183,6234,115671,7086,99512,0,0,12379,144457,938,35383,12388,179840,California
Orange,2021-01-24,9950,225133,4303,119974,5647,105159,0,0,9597,153709,349,35732,9601,189441,California
Orange,2021-01-25,10518,235651,5880,125854,4638,109797,0,0,7772,158749,2737,38469,7777,197218,California
Orange,2021-01-26,11984,247635,7726,133580,4258,114055,0,0,9796,166364,2184,40653,9799,207017,California
Orange,2021-01-27,13655,261290,8033,141613,5622,119677,0,0,10899,174524,2745,43398,10905,217922,California
Orange,2021-01-28,13274,274564,7264,148877,6010,125687,0,0,11346,183967,1912,45310,11355,229277,California
Orange,2021-01-29,13846,288410,8486,157363,5360,131047,0,0,10898,191939,2929,48239,10901,240178,California
Orange,2021-01-30,13228,301638,4525,161888,8703,139750,0,0,12435,203602,776,49015,12439,252617,California
Orange,2021-01-31,13871,315509,4940,166828,8931,148681,0,0,13405,216555,459,49474,13412,266029,California
Orange,2021-02-01,15055,330564,6549,173377,8506,157187,0,0,12532,226598,2496,51970,12539,278568,California
Orange,2021-02-02,15233,345797,8022,181399,7211,164398,0,0,12733,236874,2463,54433,12739,291307,California
Orange,2021-02-03,16815,362612,12478,193877,4337,168735,0,0,13820,247786,2914,57347,13826,305133,California
Orange,2021-02-04,20110,382722,13088,206965,7022,175757,0,0,14965,257646,5113,62460,14973,320106,California
Orange,2021-02-05,20999,403721,12076,219041,8923,184680,0,0,14608,265923,6343,68803,14620,334726,California
Orange,2021-02-06,16531,420252,10866,229907,5665,190345,0,0,11236,272100,5279,74082,11456,346182,California
Orange,2021-02-07,11610,431862,8123,238030,3487,193832,0,0,7610,275898,3983,78065,7781,353963,California
Orange,2021-02-08,15221,447083,8728,246758,6493,200325,0,0,9110,278930,6082,84147,9114,363077,California
Orange,2021-02-09,17900,464983,12132,258890,5768,206093,0,0,10796,282709,7031,91178,10810,373887,California
Orange,2021-02-10,21092,486075,11224,270114,9868,215961,0,0,12775,287285,8222,99400,12798,386685,California
Orange,2021-02-11,22343,508418,11588,281702,10755,226716,0,0,12467,290036,9740,109140,12491,399176,California
Orange,2021-02-12,25117,533535,12090,293792,13027,239743,0,0,14743,294493,10306,119446,14763,413939,California
Orange,2021-02-13,22098,555633,11953,305745,10145,249888,0,0,11145,295501,10791,130237,11799,425738,California
Orange,2021-02-14,16305,571938,6634,312379,9671,259559,0,0,9624,298482,6651,136888,9632,435370,California
Orange,2021-02-15,17413,589351,7492,319871,9921,269480,0,0,8989,299114,8378,145266,9010,444380,California
Orange,2021-02-16,20156,609507,9097,328968,11059,280539,0,0,10841,300735,9259,154525,10880,455260,California
Orange,2021-02-17,18141,627648,9473,338441,8668,289207,0,0,9285,301292,8797,163322,9354,464614,California
Orange,2021-02-18,15213,642861,9950,348391,5263,294470,0,0,6873,299916,8282,171604,6906,471520,California
Orange,2021-02-19,18341,661202,10948,359339,7393,301863,0,0,6955,295567,11330,182934,6981,478501,California
Orange,2021-02-20,7644,668846,5687,365026,1957,303820,0,0,3832,295643,3785,186719,3861,482362,California
Orange,2021-02-21,4656,673502,3956,368982,700,304520,0,0,969,292977,3643,190362,977,483339,California
Orange,2021-02-22,9826,683328,7992,376974,1834,306354,0,0,3975,291164,5814,196176,4001,487340,California
Orange,2021-02-23,13629,696957,7471,384445,6158,312512,0,0,3627,284905,9929,206105,3670,491010,California
Orange,2021-02-24,21414,718371,12932,397377,8482,320994,0,0,5456,274541,15889,221994,5525,496535,California
Orange,2021-02-25,23045,741416,12458,409835,10587,331581,0,0,8118,267863,14849,236843,8171,504706,California
Orange,2021-02-26,28270,769686,14309,424144,13961,345542,0,0,11434,262667,16698,253541,11502,516208,California
Orange,2021-02-27,25329,795015,10318,434462,15008,360550,3,3,7397,252318,17810,271351,7461,523669,California
Orange,2021-02-28,19277,814292,7483,441945,11794,372344,0,3,4896,243013,14244,285595,4939,528608,California
Orange,2021-03-01,18902,833194,8649,450594,10236,382580,17,20,7364,239015,11424,297019,7426,536034,California
Orange,2021-03-02,19639,852833,9487,460081,10148,392728,4,24,9585,238672,9993,307012,9650,545684,California
Orange,2021-03-03,21358,874191,10143,470224,11210,403938,5,29,11506,240483,9764,316776,11575,557259,California
Orange,2021-03-04,22887,897078,13151,483375,9722,413660,14,43,11823,241358,11021,327797,11896,569155,California
Orange,2021-03-05,21459,918537,11173,494548,10237,423897,49,92,13111,246317,8301,336098,13260,582415,California
Orange,2021-03-06,24447,942984,13430,507978,10142,434039,875,967,12900,248646,11496,347594,13825,596240,California
Orange,2021-03-07,15446,958430,8673,516651,6357,440396,416,1383,8996,251701,6408,354002,9463,605703,California
Orange,2021-03-08,17036,975466,7888,524539,7836,448232,1312,2695,10897,257899,6068,360070,12266,617969,California
Orange,2021-03-09,21321,996787,9868,534407,8986,457218,2467,5162,12558,264228,8719,368789,15048,633017,California
Orange,2021-03-10,25019,1021806,12282,546689,9276,466494,3461,8623,12597,267957,12353,381142,16082,649099,California
Orange,2021-03-11,29250,1051056,15812,562501,9200,475694,4238,12861,13515,270093,15631,396773,17767,666866,California
Orange,2021-03-12,29615,1080671,14406,576907,11326,487020,3883,16744,14835,274165,14685,411458,18757,685623,California
Orange,2021-03-13,28007,1108678,10298,587205,13749,500769,3960,20704,14144,278478,13800,425258,18113,703736,California
Orange,2021-03-14,18992,1127670,8255,595460,8188,508957,2549,23253,11836,285745,7120,432378,14387,718123,California
Orange,2021-03-15,23296,1150966,10282,605742,12246,521203,768,24021,14493,292306,8709,441087,15270,733393,California
Orange,2021-03-16,26663,1177629,11299,617041,15089,536292,275,24296,17200,300429,9377,450464,17500,750893,California
Orange,2021-03-17,27546,1205175,13706,630747,13277,549569,563,24859,19572,312681,7886,458350,20138,771031,California
Orange,2021-03-18,28094,1233269,14164,644911,13628,563197,302,25161,21734,328445,6287,464637,22051,793082,California
Orange,2021-03-19,33852,1267121,18615,663526,14783,577980,454,25615,25061,345301,8674,473311,25530,818612,California
Orange,2021-03-20,25947,1293068,13663,677189,12078,590058,206,25821,22083,363807,3792,477103,22298,840910,California
Orange,2021-03-21,18684,1311752,10823,688012,7114,597172,747,26568,15792,377495,2854,479957,16542,857452,California
Orange,2021-03-22,22893,1334645,11870,699882,10699,607871,324,26892,19228,393497,3562,483519,19564,877016,California
Orange,2021-03-23,26311,1360956,13747,713629,11918,619789,646,27538,20821,409566,5404,488923,21473,898489,California
Orange,2021-03-24,29402,1390358,16465,730094,12007,631796,930,28468,22033,425272,7262,496185,22968,921457,California
Orange,2021-03-25,32676,1423034,17371,747465,14587,646383,718,29186,24294,442011,8276,504461,25015,946472,California
Orange,2021-03-26,35098,1458132,18233,765698,15997,662380,868,30054,24907,457732,10065,514526,25786,972258,California
Orange,2021-03-27,28631,1486763,13718,779416,14597,676977,316,30370,19809,469140,8721,523247,20129,992387,California
Orange,2021-03-28,24980,1511743,12988,792404,11924,688901,68,30438,18631,481582,6263,529510,18705,1011092,California
Orange,2021-03-29,26703,1538446,12251,804655,13884,702785,568,31006,17843,491248,8750,538260,18416,1029508,California
Orange,2021-03-30,31052,1569498,14053,818708,16361,719146,638,31644,20469,501869,10486,548746,21107,1050615,California
Orange,2021-03-31,37351,1606849,19595,838303,17037,736183,719,32363,23705,512783,13513,562259,24427,1075042,California
Orange,2021-04-01,40869,1647718,21451,859754,17472,753655,1946,34309,26270,526573,14413,576672,28203,1103245,California
Orange,2021-04-02,40416,1688134,20391,880145,18166,771821,1859,36168,22743,533629,17552,594224,24608,1127853,California
Orange,2021-04-03,30488,1718622,15787,895932,12925,784746,1776,37944,14363,533730,16031,610255,16132,1143985,California
Orange,2021-04-04,18512,1737134,10745,906677,6994,791740,773,38717,8166,532381,10284,620539,8935,1152920,California
Orange,2021-04-05,30237,1767371,14139,920816,12673,804413,3425,42142,13844,533347,16296,636835,17262,1170182,California
Orange,2021-04-06,33629,1801000,15740,936556,14432,818845,3457,45599,14417,532089,19108,655943,17850,1188032,California
Orange,2021-04-07,36431,1837431,20252,956808,11522,830367,4657,50256,16043,532461,20289,676232,20661,1208693,California
Orange,2021-04-08,39480,1876911,21827,978635,12096,842463,5557,55813,19106,536840,20252,696484,24631,1233324,California
Orange,2021-04-09,41349,1918260,24055,1002690,11999,854462,5295,61108,18250,537366,22988,719472,23514,1256838,California
Orange,2021-04-10,34831,1953091,18374,1021064,12155,866617,4302,65410,14419,535753,20311,739783,18698,1275536,California
Orange,2021-04-11,25852,1978943,14645,1035709,7919,874536,3288,68698,9916,533062,15877,755660,13186,1288722,California
Orange,2021-04-12,30843,2009786,15574,1051283,11618,886154,3651,72349,12131,530197,18628,774288,15763,1304485,California
Orange,2021-04-13,32856,2042642,18503,1069786,14283,900437,70,72419,15303,528100,17471,791759,15374,1319859,California
Orange,2021-04-14,35065,2077707,20571,1090357,14458,914895,36,72455,15255,523711,19691,811450,15302,1335161,California
Orange,2021-04-15,40908,2118615,24919,1115276,15975,930870,14,72469,19054,521047,21728,833178,19064,1354225,California
Orange,2021-04-16,42118,2160733,24773,1140049,17315,948185,30,72499,19064,517236,22916,856094,19105,1373330,California
Orange,2021-04-17,30682,2191415,17403,1157452,13272,961457,7,72506,13483,513681,17052,873146,13497,1386827,California
Orange,2021-04-18,21885,2213300,13189,1170641,8696,970153,0,72506,8660,509191,13156,886302,8666,1395493,California
Orange,2021-04-19,33021,2246321,18247,1188888,14770,984923,4,72510,15218,506723,17697,903999,15229,1410722,California
Orange,2021-04-20,35778,2282099,18565,1207453,17206,1002129,7,72517,17843,506737,17845,921844,17859,1428581,California
Orange,2021-04-21,41134,2323233,23668,1231121,17457,1019586,9,72526,19472,504730,21491,943335,19484,1448065,California
Orange,2021-04-22,39436,2362669,20819,1251940,18607,1038193,10,72536,16383,498226,22907,966242,16403,1464468,California
Orange,2021-04-23,40343,2403012,20898,1272838,19437,1057630,8,72544,18014,494052,22207,988449,18033,1482501,California
Orange,2021-04-24,32079,2435091,16779,1289617,15268,1072898,32,72576,13437,488974,18550,1006999,13472,1495973,California
Orange,2021-04-25,23006,2458097,12988,1302605,10003,1082901,15,72591,9828,485715,13109,1020108,9850,1505823,California
Orange,2021-04-26,28855,2486952,14118,1316723,14539,1097440,198,72789,12499,482180,16235,1036343,12700,1518523,California
Orange,2021-04-27,31305,2518257,14708,1331431,15965,1113405,632,73421,11834,475358,19294,1055637,12472,1530995,California
Orange,2021-04-28,30975,2549232,15512,1346943,14579,1127984,884,74305,12410,470220,18431,1074068,13293,1544288,California
Orange,2021-04-29,32018,2581250,17478,1364421,13571,1141555,969,75274,11358,462000,20542,1094610,12322,1556610,California
Orange,2021-04-30,29992,2611242,17119,1381540,11926,1153481,947,76221,12747,458555,17132,1111742,13687,1570297,California
Orange,2021-05-01,22948,2634190,15731,1397271,6231,1159712,986,77207,8771,454245,14060,1125802,9750,1580047,California
Orange,2021-05-02,15441,2649631,10286,1407557,4510,1164222,645,77852,5375,450262,9997,1135799,6014,1586061,California
Orange,2021-05-03,20680,2670311,12629,1420186,7289,1171511,762,78614,6492,443420,14097,1149896,7255,1593316,California
Orange,2021-05-04,23718,2694029,13537,1433723,9266,1180777,915,79529,8158,437035,15449,1165345,9064,1602380,California
Orange,2021-05-05,24851,2718880,13890,1447613,10064,1190841,897,80426,8011,429242,16702,1182047,8909,1611289,California
Orange,2021-05-06,26562,2745442,16107,1463720,9452,1200293,1003,81429,7286,418381,19143,1201190,8282,1619571,California
Orange,2021-05-07,29088,2774530,17515,1481235,10521,1210814,1052,82481,8096,406751,20772,1221962,9142,1628713,California
Orange,2021-05-08,18686,2793216,12396,1493631,5491,1216305,799,83280,5412,399808,13145,1235107,6202,1634915,California
Orange,2021-05-09,10988,2804204,8352,1501983,2261,1218566,375,83655,2865,394975,8075,1243182,3242,1638157,California
Orange,2021-05-10,19232,2823436,11765,1513748,6685,1225251,782,84437,4291,385204,14846,1258028,5075,1643232,California
Orange,2021-05-11,22123,2845559,12279,1526027,9114,1234365,730,85167,5360,374634,16655,1274683,6085,1649317,California
Orange,2021-05-12,23922,2869481,14846,1540873,8238,1242603,838,86005,6899,365478,16892,1291575,7736,1657053,California
Orange,2021-05-13,21876,2891357,13541,1554414,7727,1250330,608,86613,8219,360759,13546,1305121,8827,1665880,California
Orange,2021-05-14,26572,2917929,17565,1571979,8158,1258488,849,87462,10601,356352,15829,1320950,11422,1677302,California
Orange,2021-05-15,20098,2938027,14521,1586500,5027,1263515,550,88012,8145,353156,11883,1332833,8687,1685989,California
Orange,2021-05-16,15199,2953226,12490,1598990,2368,1265883,341,88353,6461,351275,8681,1341514,6800,1692789,California
Orange,2021-05-17,19429,2972655,12723,1611713,6006,1271889,700,89053,6934,346468,12428,1353942,7621,1700410,California
Orange,2021-05-18,20566,2993221,11979,1623692,7918,1279807,669,89722,8101,342858,12372,1366314,8762,1709172,California
Orange,2021-05-19,22536,3015757,12900,1636592,8963,1288770,673,90395,7942,336989,14476,1380790,8607,1717779,California
Orange,2021-05-20,22400,3038157,13115,1649707,8618,1297388,667,91062,7861,331085,14431,1395221,8527,1726306,California
Orange,2021-05-21,25492,3063649,14548,1664255,10218,1307606,726,91788,8481,323389,16899,1412120,9203,1735509,California
Orange,2021-05-22,18242,3081891,12130,1676385,5565,1313171,547,92335,6927,319639,11224,1423344,7474,1742983,California
Orange,2021-05-23,9786,3091677,6712,1683097,2801,1315972,273,92608,3458,317085,6284,1429628,3730,1746713,California
Orange,2021-05-24,15402,3107079,9055,1692152,5725,1321697,622,93230,5718,313825,9595,1439223,6335,1753048,California
Orange,2021-05-25,15641,3122720,9209,1701361,5910,1327607,522,93752,5652,310116,9878,1449101,6169,1759217,California
Orange,2021-05-26,15260,3137980,8563,1709924,6195,1333802,502,94254,5725,306888,9445,1458546,6217,1765434,California
Orange,2021-05-27,14408,3152388,8674,1718598,5190,1338992,544,94798,6405,305901,7930,1466476,6943,1772377,California
Orange,2021-05-28,16804,3169192,9910,1728508,6265,1345257,629,95427,7423,304657,9287,1475763,8043,1780420,California
Orange,2021-05-29,8989,3178181,5266,1733774,3365,1348622,358,95785,4165,304408,4767,1480530,4518,1784938,California
Orange,2021-05-30,5983,3184164,3884,1737658,1822,1350444,277,96062,2161,303057,3786,1484316,2435,1787373,California
Orange,2021-05-31,1696,3185860,1051,1738709,598,1351042,47,96109,543,302512,1135,1485451,590,1787963,California
Orange,2021-06-01,13390,3199250,7774,1746483,5126,1356168,490,96599,5166,300042,8119,1493570,5649,1793612,California
Orange,2021-06-02,13011,3212261,8061,1754544,4532,1360700,418,97017,4537,296670,8323,1501893,4951,1798563,California
Orange,2021-06-03,12874,3225135,8888,1763432,3532,1364232,454,97471,4507,293323,8304,1510197,4957,1803520,California
Orange,2021-06-04,17127,3242262,12148,1775580,4400,1368632,579,98050,5367,287594,11674,1521871,5945,1809465,California
Orange,2021-06-05,12905,3255167,9737,1785317,2787,1371419,381,98431,3985,283093,8865,1530736,4364,1813829,California
Orange,2021-06-06,5329,3260496,4528,1789845,601,1372020,200,98631,1940,281865,3368,1534104,2140,1815969,California
Orange,2021-06-07,10773,3271269,7619,1797464,2691,1374711,463,99094,3460,278541,7240,1541344,3916,1819885,California
Orange,2021-06-08,12177,3283446,8775,1806239,2893,1377604,509,99603,3814,274592,8274,1549618,4325,1824210,California
Orange,2021-06-09,11724,3295170,8116,1814355,3151,1380755,457,100060,3314,270033,8325,1557943,3766,1827976,California
Orange,2021-06-10,11577,3306747,8424,1822779,2691,1383446,462,100522,3427,265827,8090,1566033,3884,1831860,California
Orange,2021-06-11,13248,3319995,9303,1832082,3447,1386893,498,101020,4313,261787,8847,1574880,4807,1836667,California
Orange,2021-06-12,9781,3329776,7490,1839572,1975,1388868,316,101336,3042,258458,6687,1581567,3358,1840025,California
Orange,2021-06-13,4040,3333816,2941,1842513,937,1389805,162,101498,1056,256726,2951,1584518,1219,1841244,California
Orange,2021-06-14,9838,3343654,7169,1849682,2211,1392016,458,101956,3362,254120,6424,1590942,3818,1845062,California
Orange,2021-06-15,10184,3353838,7334,1857016,2417,1394433,433,102389,3577,251596,6533,1597475,4009,1849071,California
Orange,2021-06-16,9541,3363379,6864,1863880,2215,1396648,462,102851,3282,249135,6201,1603676,3740,1852811,California
Orange,2021-06-17,9300,3372679,7023,1870903,1914,1398562,363,103214,3318,246895,5921,1609597,3681,1856492,California
Orange,2021-06-18,11026,3383705,8026,1878929,2526,1401088,474,103688,3852,244121,7097,1616694,4323,1860815,California
Orange,2021-06-19,6284,3389989,4700,1883629,1351,1402439,233,103921,2605,243333,3629,1620323,2841,1863656,California
Orange,2021-06-20,3065,3393054,2379,1886008,594,1403033,92,104013,1043,242459,2009,1622332,1135,1864791,California
Orange,2021-06-21,6581,3399635,4536,1890544,1615,1404648,430,104443,3561,243460,2991,1625323,3992,1868783,California
Orange,2021-06-22,7564,3407199,5603,1896147,1613,1406261,348,104791,2870,242050,4629,1629952,3219,1872002,California
Orange,2021-06-23,2734,3409933,2050,1898197,505,1406766,179,104970,1042,241593,1677,1631629,1220,1873222,California
Placer,2020-12-15,29,29,29,29,0,0,0,0,29,29,0,0,29,29,California
Placer,2020-12-16,56,85,56,85,0,0,0,0,56,85,0,0,56,85,California
Placer,2020-12-17,148,233,148,233,0,0,0,0,148,233,0,0,148,233,California
Placer,2020-12-18,429,662,429,662,0,0,0,0,429,662,0,0,429,662,California
Placer,2020-12-19,253,915,253,915,0,0,0,0,253,915,0,0,253,915,California
Placer,2020-12-20,234,1149,234,1149,0,0,0,0,234,1149,0,0,234,1149,California
Placer,2020-12-21,499,1648,497,1646,2,2,0,0,499,1648,0,0,499,1648,California
Placer,2020-12-22,678,2326,671,2317,7,9,0,0,678,2326,0,0,678,2326,California
Placer,2020-12-23,757,3083,668,2985,89,98,0,0,757,3083,0,0,757,3083,California
Placer,2020-12-24,405,3488,351,3336,54,152,0,0,405,3488,0,0,405,3488,California
Placer,2020-12-26,159,3647,114,3450,45,197,0,0,159,3647,0,0,159,3647,California
Placer,2020-12-27,184,3831,162,3612,22,219,0,0,184,3831,0,0,184,3831,California
Placer,2020-12-28,668,4499,540,4152,128,347,0,0,668,4499,0,0,668,4499,California
Placer,2020-12-29,769,5268,517,4669,252,599,0,0,769,5268,0,0,769,5268,California
Placer,2020-12-30,733,6001,457,5126,276,875,0,0,731,5999,0,0,731,5999,California
Placer,2020-12-31,541,6542,354,5480,187,1062,0,0,541,6540,0,0,541,6540,California
Placer,2021-01-01,16,6558,12,5492,4,1066,0,0,16,6556,0,0,16,6556,California
Placer,2021-01-02,187,6745,154,5646,33,1099,0,0,187,6743,0,0,187,6743,California
Placer,2021-01-03,154,6899,79,5725,75,1174,0,0,154,6897,0,0,154,6897,California
Placer,2021-01-04,620,7519,179,5904,441,1615,0,0,620,7517,0,0,620,7517,California
Placer,2021-01-05,733,8252,160,6064,573,2188,0,0,644,8074,88,88,645,8162,California
Placer,2021-01-06,764,9016,248,6312,516,2704,0,0,612,8534,152,240,612,8774,California
Placer,2021-01-07,989,10005,369,6681,620,3324,0,0,762,9069,227,467,762,9536,California
Placer,2021-01-08,1188,11193,530,7211,658,3982,0,0,797,9478,388,855,797,10333,California
Placer,2021-01-09,455,11648,322,7533,133,4115,0,0,238,9500,216,1071,238,10571,California
Placer,2021-01-10,331,11979,187,7720,144,4259,0,0,163,9495,168,1239,163,10734,California
Placer,2021-01-11,1438,13417,814,8534,624,4883,0,0,843,9744,595,1834,844,11578,California
Placer,2021-01-12,1675,15092,893,9427,782,5665,0,0,1063,10196,611,2445,1063,12641,California
Placer,2021-01-13,1654,16746,833,10260,821,6486,0,0,1222,10991,430,2875,1225,13866,California
Placer,2021-01-14,1804,18550,668,10928,1136,7622,0,0,1440,12071,361,3236,1441,15307,California
Placer,2021-01-15,1941,20491,722,11650,1219,8841,0,0,1589,13310,351,3587,1590,16897,California
Placer,2021-01-16,1477,21968,718,12368,759,9600,0,0,1355,14544,122,3709,1356,18253,California
Placer,2021-01-17,571,22539,400,12768,171,9771,0,0,433,14839,138,3847,433,18686,California
Placer,2021-01-18,997,23536,557,13325,440,10211,0,0,756,15355,241,4088,757,19443,California
Placer,2021-01-19,2634,26170,1968,15293,666,10877,0,0,2176,17073,458,4546,2176,21619,California
Placer,2021-01-20,2291,28461,1712,17005,579,11456,0,0,1956,18695,335,4881,1957,23576,California
Placer,2021-01-21,2590,31051,1134,18139,1456,12912,0,0,2188,20483,401,5282,2189,25765,California
Placer,2021-01-22,2371,33422,649,18788,1722,14634,0,0,2197,22509,172,5454,2198,27963,California
Placer,2021-01-23,1199,34621,387,19175,812,15446,0,0,1041,23392,158,5612,1041,29004,California
Placer,2021-01-24,504,35125,259,19434,245,15691,0,0,432,23753,72,5684,433,29437,California
Placer,2021-01-25,1683,36808,807,20241,876,16567,0,0,1388,24847,295,5979,1389,30826,California
Placer,2021-01-26,1881,38689,1043,21284,838,17405,0,0,1614,26194,267,6246,1614,32440,California
Placer,2021-01-27,1864,40553,1168,22452,696,18101,0,0,1611,27555,251,6497,1612,34052,California
Placer,2021-01-28,1813,42366,1125,23577,688,18789,0,0,1562,28868,249,6746,1562,35614,California
Placer,2021-01-29,1918,44284,1180,24757,738,19527,0,0,1719,30391,198,6944,1721,37335,California
Placer,2021-01-30,1741,46025,980,25737,761,20288,0,0,1620,31891,120,7064,1620,38955,California
Placer,2021-01-31,787,46812,626,26363,161,20449,0,0,717,32539,70,7134,718,39673,California
Placer,2021-02-01,2090,48902,1105,27468,985,21434,0,0,1773,33996,316,7450,1773,41446,California
Placer,2021-02-02,2416,51318,1554,29022,862,22296,0,0,1909,35401,504,7954,1909,43355,California
Placer,2021-02-03,2934,54252,1887,30909,1047,23343,0,0,2306,37083,624,8578,2306,45661,California
Placer,2021-02-04,2778,57030,1194,32103,1584,24927,0,0,1943,38196,831,9409,1944,47605,California
Placer,2021-02-05,2755,59785,1227,33330,1528,26455,0,0,1405,38256,1345,10754,1405,49010,California
Placer,2021-02-06,1977,61762,1335,34665,642,27097,0,0,1426,39131,551,11305,1426,50436,California
Placer,2021-02-07,1223,62985,911,35576,312,27409,0,0,936,39781,286,11591,936,51372,California
Placer,2021-02-08,3320,66305,1778,37354,1542,28951,0,0,1954,40377,1359,12950,1955,53327,California
Placer,2021-02-09,3569,69874,2185,39539,1384,30335,0,0,1652,40114,1915,14865,1652,54979,California
Placer,2021-02-10,3777,73651,2210,41749,1567,31902,0,0,1760,39863,2013,16878,1762,56741,California
Placer,2021-02-11,3727,77378,1922,43671,1805,33707,0,0,1580,39311,2133,19011,1581,58322,California
Placer,2021-02-12,2873,80251,1340,45011,1533,35240,0,0,1675,39826,1161,20172,1676,59998,California
Placer,2021-02-13,2535,82786,1473,46484,1062,36302,0,0,1888,41067,647,20819,1888,61886,California
Placer,2021-02-14,1091,83877,684,47168,407,36709,0,0,739,41456,350,21169,739,62625,California
Placer,2021-02-15,2252,86129,1042,48210,1210,37919,0,0,1544,42293,708,21877,1545,64170,California
Placer,2021-02-16,3594,89723,1797,50007,1797,39716,0,0,1595,41899,1990,23867,1596,65766,California
Placer,2021-02-17,3555,93278,1976,51983,1579,41295,0,0,1513,41374,2038,25905,1513,67279,California
Placer,2021-02-18,3834,97112,2072,54055,1762,43057,0,0,1633,40817,2191,28096,1634,68913,California
Placer,2021-02-19,3643,100755,1953,56008,1690,44747,0,0,1360,39900,2278,30374,1361,70274,California
Placer,2021-02-20,2057,102812,1288,57296,769,45516,0,0,937,39727,1113,31487,940,71214,California
Placer,2021-02-21,1004,103816,740,58036,264,45780,0,0,286,39299,715,32202,287,71501,California
Placer,2021-02-22,2527,106343,1765,59801,762,46542,0,0,609,37991,1917,34119,609,72110,California
Placer,2021-02-23,2599,108942,1612,61413,987,47529,0,0,894,37181,1704,35823,894,73004,California
Placer,2021-02-24,3336,112278,1197,62610,2139,49668,0,0,1810,37477,1516,37339,1812,74816,California
Placer,2021-02-25,3739,116017,1546,64156,2193,51861,0,0,2043,37836,1688,39027,2047,76863,California
Placer,2021-02-26,4273,120290,2454,66610,1819,53680,0,0,2477,38522,1792,40819,2478,79341,California
Placer,2021-02-27,2916,123206,1537,68147,1379,55059,0,0,1498,38610,1412,42231,1500,80841,California
Placer,2021-02-28,1589,124795,875,69022,714,55773,0,0,731,38488,853,43084,731,81572,California
Placer,2021-03-01,3209,128004,2135,71157,1074,56847,0,0,1637,38560,1565,44649,1637,83209,California
Placer,2021-03-02,2918,130922,1801,72958,1117,57964,0,0,1901,39454,1007,45656,1901,85110,California
Placer,2021-03-03,3392,134314,1481,74439,1911,59875,0,0,1855,39780,1530,47186,1856,86966,California
Placer,2021-03-04,3637,137951,1464,75903,2173,62048,0,0,1893,39942,1732,48918,1894,88860,California
Placer,2021-03-05,3015,140966,1035,76938,1959,64007,21,21,1812,40575,1200,50118,1833,90693,California
Placer,2021-03-06,2442,143408,1511,78449,836,64843,95,116,938,40112,1496,51614,1033,91726,California
Placer,2021-03-07,1324,144732,773,79222,511,65354,40,156,548,39927,773,52387,588,92314,California
Placer,2021-03-08,2921,147653,1834,81056,974,66328,113,269,1654,40429,1265,53652,1767,94081,California
Placer,2021-03-09,3214,150867,1713,82769,1410,67738,91,360,1844,40997,1367,55019,1935,96016,California
Placer,2021-03-10,3316,154183,1339,84108,1870,69608,107,467,1727,41247,1583,56602,1833,97849,California
Placer,2021-03-11,3667,157850,1667,85775,1875,71483,125,592,1753,41224,1903,58505,1880,99729,California
Placer,2021-03-12,3701,161551,1494,87269,1426,72909,781,1373,1246,40809,2444,60949,2029,101758,California
Placer,2021-03-13,2135,163686,751,88020,1262,74171,122,1495,1109,41017,1023,61972,1231,102989,California
Placer,2021-03-14,1652,165338,681,88701,820,74991,151,1646,894,41304,758,62730,1045,104034,California
Placer,2021-03-15,3228,168566,1555,90256,1543,76534,130,1776,1776,41762,1449,64179,1907,105941,California
Placer,2021-03-16,3595,172161,1940,92196,1521,78055,134,1910,2291,42894,1293,65472,2425,108366,California
Placer,2021-03-17,3470,175631,1751,93947,1615,79670,104,2014,2232,43996,1235,66707,2337,110703,California
Placer,2021-03-18,4120,179751,2335,96282,1746,81416,39,2053,2864,45649,1249,67956,2902,113605,California
Placer,2021-03-19,3459,183210,2075,98357,1118,82534,266,2319,2159,46780,1292,69248,2423,116028,California
Placer,2021-03-20,2164,185374,909,99266,1156,83690,99,2418,1309,47337,850,70098,1407,117435,California
Placer,2021-03-21,1267,186641,583,99849,674,84364,10,2428,883,47849,381,70479,893,118328,California
Placer,2021-03-22,3296,189937,2117,101966,1087,85451,92,2520,2138,48925,1154,71633,2230,120558,California
Placer,2021-03-23,3590,193527,2121,104087,1379,86830,90,2610,2567,50565,1018,72651,2658,123216,California
Placer,2021-03-24,3804,197331,2007,106094,1699,88529,98,2708,1918,50720,1863,74514,2018,125234,California
Placer,2021-03-25,3867,201198,1869,107963,1898,90427,100,2808,1729,50421,2127,76641,1828,127062,California
Placer,2021-03-26,3789,204987,1676,109639,1881,92308,232,3040,1521,49921,2253,78894,1753,128815,California
Placer,2021-03-27,1609,206596,479,110118,1109,93417,21,3061,609,49557,993,79887,629,129444,California
Placer,2021-03-28,1116,207712,530,110648,576,93993,10,3071,303,49062,808,80695,313,129757,California
Placer,2021-03-29,3585,211297,1999,112647,1550,95543,36,3107,1731,48987,1845,82540,1770,131527,California
Placer,2021-03-30,3982,215279,2097,114744,1841,97384,44,3151,2077,49216,1891,84431,2120,133647,California
Placer,2021-03-31,4116,219395,1837,116581,2205,99589,74,3225,1687,48554,2422,86853,1760,135407,California
Placer,2021-04-01,2999,222394,1445,118026,1506,101095,48,3273,1668,48945,1325,88178,1716,137123,California
Placer,2021-04-02,2850,225244,1456,119482,1327,102422,67,3340,1598,49363,1245,89423,1663,138786,California
Placer,2021-04-03,1866,227110,997,120479,740,103162,129,3469,895,49422,963,90386,1022,139808,California
Placer,2021-04-04,716,227826,367,120846,296,103458,53,3522,287,49337,425,90811,340,140148,California
Placer,2021-04-05,3023,230849,1912,122758,924,104382,187,3709,1754,50013,1264,92075,1940,142088,California
Placer,2021-04-06,4316,235165,2496,125254,1517,105899,303,4012,1537,49081,2771,94846,1839,143927,California
Placer,2021-04-07,4569,239734,2607,127861,1497,107396,465,4477,2085,49150,2477,97323,2546,146473,California
Placer,2021-04-08,4739,244473,2615,130476,1578,108974,546,5023,1585,48139,3141,100464,2130,148603,California
Placer,2021-04-09,4158,248631,2282,132758,1250,110224,626,5649,1249,47116,2900,103364,1877,150480,California
Placer,2021-04-10,2045,250676,886,133644,976,111200,183,5832,878,47013,1164,104528,1061,151541,California
Placer,2021-04-11,1363,252039,535,134179,795,111995,33,5865,459,46604,900,105428,491,152032,California
Placer,2021-04-12,4134,256173,2662,136841,1086,113081,386,6251,2476,47818,1648,107076,2862,154894,California
Placer,2021-04-13,4370,260543,3008,139849,1361,114442,1,6252,2196,47846,2169,109245,2197,157091,California
Placer,2021-04-14,4179,264722,2595,142444,1583,116025,1,6253,1865,47407,2304,111549,1865,158956,California
Placer,2021-04-15,4523,269245,2519,144963,2003,118028,1,6254,2358,47610,2156,113705,2359,161315,California
Placer,2021-04-16,3706,272951,2198,147161,1508,119536,0,6254,1451,46812,2249,115954,1451,162766,California
Placer,2021-04-17,2441,275392,852,148013,1589,121125,0,6254,1529,47434,907,116861,1529,164295,California
Placer,2021-04-18,1193,276585,260,148273,933,122058,0,6254,415,47073,776,117637,415,164710,California
Placer,2021-04-19,2960,279545,1821,150094,1139,123197,0,6254,1178,46475,1777,119414,1179,165889,California
Placer,2021-04-20,3824,283369,2477,152571,1347,124544,0,6254,2412,47484,1403,120817,2412,168301,California
Placer,2021-04-21,3689,287058,2414,154985,1274,125818,1,6255,2408,48615,1278,122095,2409,170710,California
Placer,2021-04-22,3668,290726,2266,157251,1402,127220,0,6255,1747,48446,1916,124011,1747,172457,California
Placer,2021-04-23,3513,294239,2325,159576,1187,128407,1,6256,1379,47699,2127,126138,1380,173837,California
Placer,2021-04-24,2083,296322,1268,160844,814,129221,1,6257,1214,48053,860,126998,1214,175051,California
Placer,2021-04-25,908,297230,500,161344,408,129629,0,6257,558,48261,350,127348,558,175609,California
Placer,2021-04-26,2473,299703,1331,162675,1118,130747,24,6281,1198,48216,1266,128614,1221,176830,California
Placer,2021-04-27,2764,302467,1451,164126,1264,132011,49,6330,1568,48642,1192,129806,1618,178448,California
Placer,2021-04-28,3014,305481,1885,166011,1093,133104,36,6366,1600,48874,1404,131210,1636,180084,California
Placer,2021-04-29,3390,308871,2193,168204,1143,134247,54,6420,1422,48388,1962,133172,1476,181560,California
Placer,2021-04-30,2979,311850,1789,169993,1141,135388,49,6469,1178,47820,1795,134967,1227,182787,California
Placer,2021-05-01,1338,313188,935,170928,378,135766,25,6494,612,47736,720,135687,636,183423,California
Placer,2021-05-02,735,313923,572,171500,141,135907,22,6516,331,47687,402,136089,353,183776,California
Placer,2021-05-03,1620,315543,999,172499,554,136461,67,6583,442,47020,1175,137264,508,184284,California
Placer,2021-05-04,2302,317845,1295,173794,841,137302,166,6749,865,46621,1430,138694,1031,185315,California
Placer,2021-05-05,3669,321514,2482,176276,1082,138384,105,6854,960,44983,2703,141397,1065,186380,California
Placer,2021-05-06,3091,324605,1892,178168,1123,139507,76,6930,809,43612,2256,143653,885,187265,California
Placer,2021-05-07,2819,327424,1895,180063,831,140338,93,7023,792,42481,2016,145669,885,188150,California
Placer,2021-05-08,1334,328758,711,180774,581,140919,42,7065,392,41973,940,146609,432,188582,California
Placer,2021-05-09,434,329192,204,180978,209,141128,21,7086,209,41978,225,146834,230,188812,California
Placer,2021-05-10,1924,331116,1027,182005,801,141929,96,7182,425,41005,1494,148328,521,189333,California
Placer,2021-05-11,2897,334013,2069,184074,710,142639,118,7300,607,39450,2280,150608,725,190058,California
Placer,2021-05-12,2879,336892,1999,186073,823,143462,57,7357,729,38095,2143,152751,788,190846,California
Placer,2021-05-13,2866,339758,1850,187923,968,144430,48,7405,1035,37348,1829,154580,1082,191928,California
Placer,2021-05-14,2839,342597,1866,189789,838,145268,135,7540,1393,37439,1431,156011,1522,193450,California
Placer,2021-05-15,2084,344681,1351,191140,709,145977,24,7564,922,37229,1156,157167,946,194396,California
Placer,2021-05-16,1016,345697,529,191669,468,146445,19,7583,348,36930,666,157833,367,194763,California
Placer,2021-05-17,2361,348058,1572,193241,713,147158,76,7659,1032,36713,1325,159158,1108,195871,California
Placer,2021-05-18,2490,350548,1668,194909,742,147900,80,7739,1126,36558,1360,160518,1205,197076,California
Placer,2021-05-19,2541,353089,1596,196505,900,148800,45,7784,893,35853,1643,162161,938,198014,California
Placer,2021-05-20,2533,355622,1640,198145,845,149645,48,7832,885,35147,1639,163800,933,198947,California
Placer,2021-05-21,2445,358067,1527,199672,773,150418,145,7977,1093,35039,1344,165144,1236,200183,California
Placer,2021-05-22,1602,359669,1055,200727,504,150922,43,8020,759,35003,838,165982,802,200985,California
Placer,2021-05-23,597,360266,331,201058,251,151173,15,8035,269,34960,328,166310,285,201270,California
Placer,2021-05-24,1491,361757,746,201804,606,151779,139,8174,437,34484,1052,167362,576,201846,California
Placer,2021-05-25,1791,363548,942,202746,749,152528,100,8274,649,34098,1135,168497,749,202595,California
Placer,2021-05-26,1580,365128,907,203653,634,153162,39,8313,619,33800,957,169454,659,203254,California
Placer,2021-05-27,1462,366590,721,204374,696,153858,45,8358,662,33717,790,170244,707,203961,California
Placer,2021-05-28,1705,368295,858,205232,750,154608,97,8455,740,33594,960,171204,837,204798,California
Placer,2021-05-29,746,369041,402,205634,313,154921,31,8486,385,33651,358,171562,415,205213,California
Placer,2021-05-30,342,369383,229,205863,99,155020,14,8500,220,33764,121,171683,234,205447,California
Placer,2021-05-31,147,369530,69,205932,61,155081,17,8517,30,33694,116,171799,46,205493,California
Placer,2021-06-01,1674,371204,881,206813,720,155801,73,8590,636,33371,1032,172831,709,206202,California
Placer,2021-06-02,1503,372707,759,207572,676,156477,68,8658,488,32913,1014,173845,556,206758,California
Placer,2021-06-03,1696,374403,1025,208597,613,157090,58,8716,431,32141,1260,175105,488,207246,California
Placer,2021-06-04,1854,376257,1313,209910,487,157577,54,8770,458,31264,1387,176492,510,207756,California
Placer,2021-06-05,1083,377340,769,210679,273,157850,41,8811,275,30776,804,177296,316,208072,California
Placer,2021-06-06,484,377824,345,211024,122,157972,17,8828,126,30562,357,177653,143,208215,California
Placer,2021-06-07,1054,378878,719,211743,263,158235,72,8900,227,30035,824,178477,297,208512,California
Placer,2021-06-08,1719,380597,1307,213050,363,158598,49,8949,434,29235,1282,179759,482,208994,California
Placer,2021-06-09,1166,381763,848,213898,265,158863,53,9002,262,28650,901,180660,316,209310,California
Placer,2021-06-10,1236,382999,854,214752,316,159179,66,9068,308,28097,925,181585,372,209682,California
Placer,2021-06-11,1488,384487,1070,215822,359,159538,59,9127,344,27360,1139,182724,402,210084,California
Placer,2021-06-12,1010,385497,752,216574,232,159770,26,9153,221,26820,787,183511,247,210331,California
Placer,2021-06-13,393,385890,302,216876,80,159850,11,9164,101,26641,291,183802,112,210443,California
Placer,2021-06-14,775,386665,529,217405,201,160051,45,9209,234,26383,536,184338,278,210721,California
Placer,2021-06-15,1286,387951,860,218265,364,160415,62,9271,433,26028,849,185187,494,211215,California
Placer,2021-06-16,1031,388982,745,219010,231,160646,55,9326,336,25724,694,185881,390,211605,California
Placer,2021-06-17,878,389860,607,219617,233,160879,38,9364,276,25440,598,186479,314,211919,California
Placer,2021-06-18,1151,391011,764,220381,299,161178,88,9452,380,25138,770,187249,468,212387,California
Placer,2021-06-19,604,391615,434,220815,136,161314,34,9486,234,25039,366,187615,267,212654,California
Placer,2021-06-20,281,391896,231,221046,43,161357,7,9493,107,24980,172,187787,113,212767,California
Placer,2021-06-21,467,392363,276,221322,161,161518,30,9523,226,24995,241,188028,256,213023,California
Placer,2021-06-22,884,393247,623,221945,208,161726,53,9576,267,24705,610,188638,320,213343,California
Placer,2021-06-23,522,393769,365,222310,114,161840,43,9619,227,24680,295,188933,270,213613,California
Plumas,2020-12-18,3,3,3,3,0,0,0,0,3,3,0,0,3,3,California
Plumas,2020-12-19,1,4,1,4,0,0,0,0,1,4,0,0,1,4,California
Plumas,2020-12-21,45,49,45,49,0,0,0,0,45,49,0,0,45,49,California
Plumas,2020-12-22,92,141,92,141,0,0,0,0,92,141,0,0,92,141,California
Plumas,2020-12-23,50,191,50,191,0,0,0,0,50,191,0,0,50,191,California
Plumas,2020-12-24,6,197,6,197,0,0,0,0,6,197,0,0,6,197,California
Plumas,2020-12-28,8,205,0,197,8,8,0,0,8,205,0,0,8,205,California
Plumas,2020-12-29,32,237,22,219,10,18,0,0,32,237,0,0,32,237,California
Plumas,2020-12-30,23,260,1,220,22,40,0,0,23,260,0,0,23,260,California
Plumas,2020-12-31,4,264,1,221,3,43,0,0,4,264,0,0,4,264,California
Plumas,2021-01-01,1,265,0,221,1,44,0,0,1,265,0,0,1,265,California
Plumas,2021-01-02,1,266,0,221,1,45,0,0,1,266,0,0,1,266,California
Plumas,2021-01-04,10,276,4,225,6,51,0,0,10,276,0,0,10,276,California
Plumas,2021-01-05,22,298,2,227,20,71,0,0,22,298,0,0,22,298,California
Plumas,2021-01-06,123,421,5,232,118,189,0,0,123,421,0,0,123,421,California
Plumas,2021-01-07,53,474,2,234,51,240,0,0,52,472,1,1,52,473,California
Plumas,2021-01-08,11,485,4,238,7,247,0,0,8,477,3,4,8,481,California
Plumas,2021-01-09,2,487,2,240,0,247,0,0,1,477,1,5,1,482,California
Plumas,2021-01-11,58,545,50,290,8,255,0,0,11,441,47,52,11,493,California
Plumas,2021-01-12,155,700,86,376,69,324,0,0,71,428,84,136,71,564,California
Plumas,2021-01-13,55,755,50,426,5,329,0,0,9,391,46,182,9,573,California
Plumas,2021-01-14,97,852,14,440,83,412,0,0,92,478,5,187,92,665,California
Plumas,2021-01-15,62,914,7,447,55,467,0,0,60,536,2,189,60,725,California
Plumas,2021-01-16,58,972,1,448,57,524,0,0,58,594,0,189,58,783,California
Plumas,2021-01-18,2,974,1,449,1,525,0,0,2,596,0,189,2,785,California
Plumas,2021-01-19,36,1010,5,454,31,556,0,0,32,624,4,193,32,817,California
Plumas,2021-01-20,121,1131,3,457,118,674,0,0,119,741,2,195,119,936,California
Plumas,2021-01-21,112,1243,2,459,110,784,0,0,112,853,0,195,112,1048,California
Plumas,2021-01-22,5,1248,1,460,4,788,0,0,5,858,0,195,5,1053,California
Plumas,2021-01-23,93,1341,2,462,91,879,0,0,93,951,0,195,93,1146,California
Plumas,2021-01-24,1,1342,1,463,0,879,0,0,1,952,0,195,1,1147,California
Plumas,2021-01-25,10,1352,7,470,3,882,0,0,7,956,3,198,7,1154,California
Plumas,2021-01-26,59,1411,2,472,57,939,0,0,51,999,8,206,51,1205,California
Plumas,2021-01-27,26,1437,20,492,6,945,0,0,6,985,20,226,6,1211,California
Plumas,2021-01-28,24,1461,0,492,24,969,0,0,22,1005,2,228,22,1233,California
Plumas,2021-01-29,9,1470,3,495,6,975,0,0,8,1012,1,229,8,1241,California
Plumas,2021-01-30,9,1479,4,499,5,980,0,0,7,1017,2,231,7,1248,California
Plumas,2021-01-31,3,1482,3,502,0,980,0,0,3,1020,0,231,3,1251,California
Plumas,2021-02-01,19,1501,3,505,16,996,0,0,11,1023,8,239,11,1262,California
Plumas,2021-02-02,24,1525,4,509,20,1016,0,0,4,1007,20,259,4,1266,California
Plumas,2021-02-03,128,1653,8,517,120,1136,0,0,13,906,114,373,13,1279,California
Plumas,2021-02-04,102,1755,8,525,94,1230,0,0,23,850,79,452,23,1302,California
Plumas,2021-02-05,24,1779,11,536,13,1243,0,0,9,844,15,467,9,1311,California
Plumas,2021-02-06,8,1787,1,537,7,1250,0,0,8,852,0,467,8,1319,California
Plumas,2021-02-08,16,1803,7,544,9,1259,0,0,4,844,12,479,4,1323,California
Plumas,2021-02-09,172,1975,2,546,170,1429,0,0,112,896,60,539,112,1435,California
Plumas,2021-02-10,87,2062,9,555,78,1507,0,0,79,968,8,547,80,1515,California
Plumas,2021-02-11,320,2382,6,561,314,1821,0,0,261,1170,59,606,261,1776,California
Plumas,2021-02-12,124,2506,4,565,120,1941,0,0,119,1284,5,611,119,1895,California
Plumas,2021-02-13,75,2581,5,570,70,2011,0,0,15,1239,60,671,15,1910,California
Plumas,2021-02-14,8,2589,5,575,3,2014,0,0,8,1247,0,671,8,1918,California
Plumas,2021-02-15,26,2615,5,580,21,2035,0,0,23,1267,3,674,23,1941,California
Plumas,2021-02-16,77,2692,4,584,73,2108,0,0,14,1218,63,737,14,1955,California
Plumas,2021-02-17,136,2828,5,589,131,2239,0,0,12,1106,124,861,12,1967,California
Plumas,2021-02-18,130,2958,6,595,124,2363,0,0,21,1019,109,970,22,1989,California
Plumas,2021-02-19,43,3001,6,601,37,2400,0,0,7,990,36,1006,7,1996,California
Plumas,2021-02-20,105,3106,7,608,98,2498,0,0,13,911,92,1098,13,2009,California
Plumas,2021-02-21,6,3112,5,613,1,2499,0,0,2,909,4,1102,2,2011,California
Plumas,2021-02-22,4,3116,2,615,2,2501,0,0,1,907,3,1105,1,2012,California
Plumas,2021-02-23,24,3140,5,620,19,2520,0,0,17,917,7,1112,17,2029,California
Plumas,2021-02-24,459,3599,8,628,451,2971,0,0,446,1350,13,1125,446,2475,California
Plumas,2021-02-25,234,3833,12,640,222,3193,0,0,169,1454,65,1190,169,2644,California
Plumas,2021-02-26,268,4101,9,649,259,3452,0,0,260,1707,8,1198,261,2905,California
Plumas,2021-02-27,41,4142,4,653,37,3489,0,0,34,1734,7,1205,34,2939,California
Plumas,2021-02-28,1,4143,0,653,1,3490,0,0,1,1735,0,1205,1,2940,California
Plumas,2021-03-01,20,4163,6,659,14,3504,0,0,12,1740,7,1212,12,2952,California
Plumas,2021-03-02,10,4173,0,659,10,3514,0,0,7,1745,2,1214,7,2959,California
Plumas,2021-03-03,155,4328,11,670,144,3658,0,0,138,1866,17,1231,138,3097,California
Plumas,2021-03-04,253,4581,9,679,244,3902,0,0,231,2075,22,1253,231,3328,California
Plumas,2021-03-05,399,4980,6,685,388,4290,5,5,388,2457,11,1264,393,3721,California
Plumas,2021-03-06,19,4999,2,687,9,4299,8,13,3,2452,16,1280,11,3732,California
Plumas,2021-03-07,13,5012,2,689,2,4301,9,22,3,2454,10,1290,12,3744,California
Plumas,2021-03-08,30,5042,3,692,3,4304,24,46,3,2455,27,1317,28,3772,California
Plumas,2021-03-09,133,5175,2,694,116,4420,15,61,18,2373,115,1432,33,3805,California
Plumas,2021-03-10,253,5428,3,697,236,4656,14,75,107,2349,145,1577,121,3926,California
Plumas,2021-03-11,178,5606,8,705,165,4821,5,80,143,2462,35,1612,148,4074,California
Plumas,2021-03-12,594,6200,4,709,303,5124,287,367,22,2199,572,2184,309,4383,California
Plumas,2021-03-13,28,6228,5,714,12,5136,11,378,7,2196,21,2205,18,4401,California
Plumas,2021-03-14,12,6240,3,717,4,5140,5,383,1,2192,10,2215,6,4407,California
Plumas,2021-03-15,32,6272,1,718,24,5164,7,390,6,2179,26,2241,13,4420,California
Plumas,2021-03-16,61,6333,3,721,57,5221,1,391,49,2218,11,2252,50,4470,California
Plumas,2021-03-17,77,6410,10,731,66,5287,1,392,60,2263,16,2268,61,4531,California
Plumas,2021-03-18,62,6472,7,738,39,5326,16,408,14,2245,48,2316,30,4561,California
Plumas,2021-03-19,165,6637,7,745,156,5482,2,410,155,2395,8,2324,158,4719,California
Plumas,2021-03-20,697,7334,4,749,692,6174,1,411,675,3051,20,2344,676,5395,California
Plumas,2021-03-21,2,7336,1,750,1,6175,0,411,1,3052,0,2344,1,5396,California
Plumas,2021-03-22,182,7518,2,752,180,6355,0,411,175,3220,7,2351,175,5571,California
Plumas,2021-03-23,28,7546,2,754,26,6381,0,411,14,3220,14,2365,14,5585,California
Plumas,2021-03-24,655,8201,6,760,648,7029,1,412,222,3012,432,2797,224,5809,California
Plumas,2021-03-25,307,8508,7,767,298,7327,2,414,163,3031,144,2941,163,5972,California
Plumas,2021-03-26,315,8823,9,776,306,7633,0,414,46,2809,268,3209,46,6018,California
Plumas,2021-03-27,13,8836,1,777,11,7644,1,415,3,2803,10,3219,4,6022,California
Plumas,2021-03-28,5,8841,3,780,1,7645,1,416,3,2805,2,3221,4,6026,California
Plumas,2021-03-29,12,8853,4,784,7,7652,1,417,4,2802,8,3229,5,6031,California
Plumas,2021-03-30,152,9005,3,787,148,7800,1,418,25,2701,127,3356,26,6057,California
Plumas,2021-03-31,297,9302,4,791,292,8092,1,419,272,2949,25,3381,273,6330,California
Plumas,2021-04-01,307,9609,12,803,294,8386,1,420,65,2775,239,3620,65,6395,California
Plumas,2021-04-02,377,9986,5,808,371,8757,1,421,31,2473,334,3954,32,6427,California
Plumas,2021-04-03,16,10002,3,811,5,8762,8,429,3,2471,13,3967,11,6438,California
Plumas,2021-04-04,3,10005,1,812,1,8763,1,430,0,2469,3,3970,1,6439,California
Plumas,2021-04-05,12,10017,4,816,7,8770,1,431,4,2467,7,3977,5,6444,California
Plumas,2021-04-06,120,10137,6,822,88,8858,26,457,13,2399,107,4084,39,6483,California
Plumas,2021-04-07,283,10420,8,830,99,8957,176,633,29,2350,254,4338,205,6688,California
Plumas,2021-04-08,151,10571,4,834,132,9089,15,648,35,2284,115,4453,49,6737,California
Plumas,2021-04-09,51,10622,10,844,24,9113,17,665,18,2285,33,4486,34,6771,California
Plumas,2021-04-10,25,10647,2,846,6,9119,17,682,5,2287,20,4506,22,6793,California
Plumas,2021-04-11,4,10651,3,849,0,9119,1,683,3,2290,1,4507,4,6797,California
Plumas,2021-04-12,12,10663,5,854,4,9123,3,686,7,2295,5,4512,10,6807,California
Plumas,2021-04-13,211,10874,5,859,206,9329,0,686,141,2366,70,4582,141,6948,California
Plumas,2021-04-14,111,10985,8,867,103,9432,0,686,56,2368,54,4636,56,7004,California
Plumas,2021-04-15,53,11038,2,869,51,9483,0,686,33,2382,19,4655,33,7037,California
Plumas,2021-04-16,142,11180,2,871,140,9623,0,686,2,2244,140,4795,2,7039,California
Plumas,2021-04-17,669,11849,2,873,667,10290,0,686,18,1614,648,5443,18,7057,California
Plumas,2021-04-18,4,11853,3,876,1,10291,0,686,1,1612,3,5446,1,7058,California
Plumas,2021-04-19,38,11891,3,879,35,10326,0,686,5,1584,33,5479,5,7063,California
Plumas,2021-04-20,42,11933,5,884,37,10363,0,686,26,1595,15,5494,26,7089,California
Plumas,2021-04-21,311,12244,5,889,305,10668,1,687,18,1320,293,5787,18,7107,California
Plumas,2021-04-22,273,12517,8,897,265,10933,0,687,125,1297,148,5935,125,7232,California
Plumas,2021-04-23,73,12590,6,903,67,11000,0,687,16,1256,57,5992,16,7248,California
Plumas,2021-04-24,171,12761,5,908,166,11166,0,687,144,1374,26,6018,144,7392,California
Plumas,2021-04-26,30,12791,4,912,26,11192,0,687,8,1361,21,6039,8,7400,California
Plumas,2021-04-27,90,12881,3,915,87,11279,0,687,53,1377,37,6076,53,7453,California
Plumas,2021-04-28,287,13168,4,919,283,11562,0,687,38,1168,247,6323,38,7491,California
Plumas,2021-04-29,171,13339,68,987,103,11665,0,687,118,1233,53,6376,118,7609,California
Plumas,2021-04-30,21,13360,10,997,11,11676,0,687,5,1222,16,6392,5,7614,California
Plumas,2021-05-01,6,13366,1,998,4,11680,1,688,1,1221,3,6395,2,7616,California
Plumas,2021-05-02,3,13369,3,1001,0,11680,0,688,1,1220,2,6397,1,7617,California
Plumas,2021-05-03,20,13389,7,1008,7,11687,6,694,6,1220,12,6409,12,7629,California
Plumas,2021-05-04,32,13421,5,1013,21,11708,6,700,19,1233,12,6421,25,7654,California
Plumas,2021-05-05,49,13470,6,1019,42,11750,1,701,22,1229,27,6448,23,7677,California
Plumas,2021-05-06,57,13527,2,1021,50,11800,5,706,15,1207,42,6490,20,7697,California
Plumas,2021-05-07,22,13549,5,1026,16,11816,1,707,8,1202,14,6504,9,7706,California
Plumas,2021-05-08,6,13555,0,1026,4,11820,2,709,4,1206,2,6506,6,7712,California
Plumas,2021-05-10,51,13606,1,1027,27,11847,23,732,23,1224,28,6534,46,7758,California
Plumas,2021-05-11,162,13768,3,1030,140,11987,19,751,12,1105,150,6684,31,7789,California
Plumas,2021-05-12,99,13867,2,1032,89,12076,8,759,37,1089,61,6745,45,7834,California
Plumas,2021-05-13,34,13901,3,1035,29,12105,2,761,12,1081,22,6767,14,7848,California
Plumas,2021-05-14,20,13921,4,1039,11,12116,5,766,10,1086,10,6777,15,7863,California
Plumas,2021-05-15,10,13931,4,1043,4,12120,2,768,4,1086,6,6783,6,7869,California
Plumas,2021-05-16,2,13933,1,1044,1,12121,0,768,1,1086,1,6784,1,7870,California
Plumas,2021-05-17,13,13946,0,1044,4,12125,9,777,4,1090,9,6793,13,7883,California
Plumas,2021-05-18,42,13988,7,1051,34,12159,1,778,22,1093,20,6813,23,7906,California
Plumas,2021-05-19,47,14035,3,1054,30,12189,14,792,12,1085,35,6848,27,7933,California
Plumas,2021-05-20,188,14223,135,1189,42,12231,11,803,79,1067,108,6956,90,8023,California
Plumas,2021-05-21,28,14251,7,1196,14,12245,7,810,13,1072,15,6971,20,8043,California
Plumas,2021-05-22,137,14388,2,1198,135,12380,0,810,7,951,128,7099,7,8050,California
Plumas,2021-05-23,1,14389,1,1199,0,12380,0,810,0,950,1,7100,0,8050,California
Plumas,2021-05-24,51,14440,37,1236,13,12393,1,811,41,983,9,7109,42,8092,California
Plumas,2021-05-25,65,14505,3,1239,61,12454,1,812,14,947,51,7160,15,8107,California
Plumas,2021-05-26,41,14546,7,1246,27,12481,7,819,17,948,23,7183,24,8131,California
Plumas,2021-05-27,99,14645,25,1271,61,12542,13,832,40,943,58,7241,53,8184,California
Plumas,2021-05-28,42,14687,15,1286,25,12567,2,834,22,948,19,7260,24,8208,California
Plumas,2021-05-29,8,14695,0,1286,8,12575,0,834,6,953,2,7262,7,8215,California
Plumas,2021-05-30,1,14696,0,1286,1,12576,0,834,0,953,0,7262,0,8215,California
Plumas,2021-05-31,7,14703,0,1286,4,12580,3,837,0,951,5,7267,3,8218,California
Plumas,2021-06-01,32,14735,7,1293,20,12600,5,842,9,943,23,7290,15,8233,California
Plumas,2021-06-02,56,14791,5,1298,31,12631,20,862,9,925,47,7337,29,8262,California
Plumas,2021-06-03,59,14850,17,1315,33,12664,9,871,27,929,32,7369,36,8298,California
Plumas,2021-06-04,14,14864,3,1318,10,12674,1,872,8,933,5,7374,9,8307,California
Plumas,2021-06-05,7,14871,3,1321,4,12678,0,872,2,930,5,7379,2,8309,California
Plumas,2021-06-06,2,14873,1,1322,1,12679,0,872,0,928,2,7381,0,8309,California
Plumas,2021-06-07,37,14910,5,1327,25,12704,7,879,9,916,28,7409,16,8325,California
Plumas,2021-06-08,28,14938,9,1336,17,12721,2,881,6,902,22,7431,8,8333,California
Plumas,2021-06-09,42,14980,5,1341,34,12755,3,884,9,881,33,7464,12,8345,California
Plumas,2021-06-10,32,15012,15,1356,13,12768,4,888,10,873,22,7486,14,8359,California
Plumas,2021-06-11,24,15036,13,1369,9,12777,2,890,8,867,16,7502,10,8369,California
Plumas,2021-06-12,11,15047,3,1372,7,12784,1,891,5,867,6,7508,6,8375,California
Plumas,2021-06-13,3,15050,1,1373,2,12786,0,891,3,870,0,7508,3,8378,California
Plumas,2021-06-14,96,15146,88,1461,6,12792,2,893,13,802,83,7591,15,8393,California
Plumas,2021-06-15,27,15173,7,1468,18,12810,2,895,9,795,18,7609,11,8404,California
Plumas,2021-06-16,32,15205,11,1479,12,12822,9,904,8,788,24,7633,17,8421,California
Plumas,2021-06-17,49,15254,30,1509,15,12837,4,908,11,766,37,7670,15,8436,California
Plumas,2021-06-18,37,15291,16,1525,14,12851,7,915,13,762,24,7694,20,8456,California
Plumas,2021-06-19,9,15300,2,1527,7,12858,0,915,2,757,7,7701,2,8458,California
Plumas,2021-06-21,9,15309,4,1531,4,12862,1,916,5,759,4,7705,6,8464,California
Plumas,2021-06-22,28,15337,11,1542,15,12877,2,918,9,751,19,7724,11,8475,California
Plumas,2021-06-23,20,15357,8,1550,10,12887,2,920,11,755,9,7733,13,8488,California
Riverside,2020-12-15,7,7,7,7,0,0,0,0,7,7,0,0,7,7,California
Riverside,2020-12-16,95,102,95,102,0,0,0,0,95,102,0,0,95,102,California
Riverside,2020-12-17,832,934,832,934,0,0,0,0,832,934,0,0,832,934,California
Riverside,2020-12-18,1778,2712,1777,2711,1,1,0,0,1778,2712,0,0,1778,2712,California
Riverside,2020-12-19,1055,3767,1052,3763,3,4,0,0,1053,3764,1,1,1053,3765,California
Riverside,2020-12-20,1113,4880,1112,4875,1,5,0,0,1113,4877,0,1,1113,4878,California
Riverside,2020-12-21,2338,7218,2336,7211,2,7,0,0,2338,7215,0,1,2338,7216,California
Riverside,2020-12-22,2295,9513,2248,9459,47,54,0,0,2294,9509,0,1,2294,9510,California
Riverside,2020-12-23,2165,11678,1821,11280,344,398,0,0,2166,11675,0,1,2166,11676,California
Riverside,2020-12-24,857,12535,654,11934,203,601,0,0,857,12532,0,1,857,12533,California
Riverside,2020-12-25,41,12576,18,11952,23,624,0,0,40,12572,0,1,40,12573,California
Riverside,2020-12-26,490,13066,270,12222,220,844,0,0,490,13062,0,1,490,13063,California
Riverside,2020-12-27,398,13464,268,12490,130,974,0,0,397,13458,1,2,397,13460,California
Riverside,2020-12-28,1716,15180,1197,13687,519,1493,0,0,1716,15174,0,2,1716,15176,California
Riverside,2020-12-29,1809,16989,1026,14713,783,2276,0,0,1809,16983,0,2,1809,16985,California
Riverside,2020-12-30,2650,19639,1725,16438,925,3201,0,0,2648,19630,1,3,2648,19633,California
Riverside,2020-12-31,1078,20717,421,16859,657,3858,0,0,1079,20708,1,4,1079,20712,California
Riverside,2021-01-01,133,20850,59,16918,74,3932,0,0,133,20841,0,4,133,20845,California
Riverside,2021-01-02,894,21744,707,17625,187,4119,0,0,894,21735,0,4,894,21739,California
Riverside,2021-01-03,358,22102,304,17929,54,4173,0,0,357,22092,0,4,357,22096,California
Riverside,2021-01-04,1302,23404,809,18738,493,4666,0,0,1301,23393,0,4,1301,23397,California
Riverside,2021-01-05,2059,25463,1415,20153,644,5310,0,0,1935,25211,117,121,1935,25332,California
Riverside,2021-01-06,2589,28052,1155,21308,1434,6744,0,0,2249,27126,334,455,2249,27581,California
Riverside,2021-01-07,2881,30933,1883,23191,998,7742,0,0,1768,27790,1106,1561,1770,29351,California
Riverside,2021-01-08,4117,35050,2973,26164,1144,8886,0,0,2264,28206,1848,3409,2264,31615,California
Riverside,2021-01-09,2135,37185,876,27040,1259,10145,0,0,1758,29589,375,3784,1758,33373,California
Riverside,2021-01-10,1697,38882,750,27790,947,11092,0,0,1082,30056,615,4399,1082,34455,California
Riverside,2021-01-11,4616,43498,3155,30945,1461,12553,0,0,2840,31122,1774,6173,2840,37295,California
Riverside,2021-01-12,3519,47017,2778,33723,741,13294,0,0,1806,31223,1708,7881,1809,39104,California
Riverside,2021-01-13,4581,51598,2999,36722,1582,14876,0,0,2936,32518,1641,9522,2936,42040,California
Riverside,2021-01-14,5774,57372,2046,38768,3728,18604,0,0,5143,37034,629,10151,5145,47185,California
Riverside,2021-01-15,6282,63654,2103,40871,4179,22783,0,0,5947,42649,333,10484,5948,53133,California
Riverside,2021-01-16,3716,67370,1034,41905,2682,25465,0,0,3454,45842,262,10746,3455,56588,California
Riverside,2021-01-17,3662,71032,602,42507,3060,28525,0,0,3453,49088,207,10953,3453,60041,California
Riverside,2021-01-18,3866,74898,2108,44615,1758,30283,0,0,2818,50858,1048,12001,2818,62859,California
Riverside,2021-01-19,7540,82438,2689,47304,4851,35134,0,0,6395,56113,1145,13146,6400,69259,California
Riverside,2021-01-20,8381,90819,3179,50483,5202,40336,0,0,6691,61135,1675,14821,6697,75956,California
Riverside,2021-01-21,8516,99335,3533,54016,4983,45319,0,0,7840,68299,677,15498,7841,83797,California
Riverside,2021-01-22,8947,108282,3043,57059,5904,51223,0,0,8473,76303,471,15969,8475,92272,California
Riverside,2021-01-23,6075,114357,2359,59418,3716,54939,0,0,5266,80762,808,16777,5267,97539,California
Riverside,2021-01-24,3118,117475,1434,60852,1684,56623,0,0,2893,83434,222,16999,2894,100433,California
Riverside,2021-01-25,8025,125500,4591,65443,3434,60057,0,0,6859,89133,1162,18161,6861,107294,California
Riverside,2021-01-26,9231,134731,5717,71160,3514,63571,0,0,7700,95306,1528,19689,7701,114995,California
Riverside,2021-01-27,11137,145868,6440,77600,4697,68268,0,0,9498,103174,1633,21322,9501,124496,California
Riverside,2021-01-28,11738,157606,6828,84428,4910,73178,0,0,10542,112530,1188,22510,10544,135040,California
Riverside,2021-01-29,12113,169719,7322,91750,4791,77969,0,0,10718,121882,1371,23881,10723,145763,California
Riverside,2021-01-30,9200,178919,4631,96381,4569,82538,0,0,8699,130085,497,24378,8700,154463,California
Riverside,2021-01-31,5197,184116,4227,100608,970,83508,0,0,5056,135006,140,24518,5061,159524,California
Riverside,2021-02-01,11143,195259,6815,107423,4328,87836,0,0,9231,142336,1905,26423,9235,168759,California
Riverside,2021-02-02,9670,204929,4873,112296,4797,92633,0,0,8162,149007,1497,27920,8168,176927,California
Riverside,2021-02-03,12441,217370,5210,117506,7231,99864,0,0,9992,156565,2439,30359,9997,186924,California
Riverside,2021-02-04,13743,231113,6054,123560,7689,107553,0,0,11604,166046,2130,32489,11611,198535,California
Riverside,2021-02-05,14646,245759,5544,129104,9102,116655,0,0,11410,174237,3227,35716,11418,209953,California
Riverside,2021-02-06,7353,253112,4280,133384,3073,119728,0,0,5687,178269,1659,37375,5691,215644,California
Riverside,2021-02-07,2224,255336,812,134196,1412,121140,0,0,1887,179828,335,37710,1894,217538,California
Riverside,2021-02-08,12605,267941,5593,139789,7012,128152,0,0,10236,187724,2353,40063,10249,227787,California
Riverside,2021-02-09,9791,277732,4561,144350,5230,133382,0,0,7775,193513,2007,42070,7796,235583,California
Riverside,2021-02-10,12259,289991,7016,151366,5243,138625,0,0,9009,199303,3237,45307,9027,244610,California
Riverside,2021-02-11,16847,306838,9079,160445,7768,146393,0,0,12210,206935,4615,49922,12247,256857,California
Riverside,2021-02-12,17991,324829,10892,171337,7099,153492,0,0,12929,214874,5017,54939,12956,269813,California
Riverside,2021-02-13,6401,331230,2149,173486,4252,157744,0,0,3109,214737,3277,58216,3140,272953,California
Riverside,2021-02-14,5029,336259,1178,174664,3851,161595,0,0,2256,214237,2769,60985,2269,275222,California
Riverside,2021-02-15,9967,346226,5092,179756,4875,166470,0,0,5502,215300,4455,65440,5518,280740,California
Riverside,2021-02-16,16293,362519,10174,189930,6119,172589,0,0,9373,217789,6910,72350,9399,290139,California
Riverside,2021-02-17,15275,377794,8370,198300,6905,179494,0,0,7582,217748,7678,80028,7637,297776,California
Riverside,2021-02-18,15711,393505,9019,207319,6692,186186,0,0,8080,218263,7608,87636,8123,305899,California
Riverside,2021-02-19,15465,408970,8285,215604,7180,193366,0,0,7301,217448,8144,95780,7329,313228,California
Riverside,2021-02-20,8435,417405,4532,220136,3903,197269,0,0,2249,213537,6169,101949,2258,315486,California
Riverside,2021-02-21,4414,421819,3896,224032,518,197787,0,0,1261,211673,3136,105085,1272,316758,California
Riverside,2021-02-22,12463,434282,7830,231862,4633,202420,0,0,5150,209537,7297,112382,5161,321919,California
Riverside,2021-02-23,11356,445638,7704,239566,3652,206072,0,0,5541,209322,5786,118168,5571,327490,California
Riverside,2021-02-24,14949,460587,8133,247699,6816,212888,0,0,6343,207154,8567,126735,6399,333889,California
Riverside,2021-02-25,17617,478204,7494,255193,10123,223011,0,0,8163,205959,9428,136163,8233,342122,California
Riverside,2021-02-26,18949,497153,6849,262042,12100,235111,0,0,9448,206033,9441,145604,9515,351637,California
Riverside,2021-02-27,12196,509349,5646,267688,6550,241661,0,0,5805,205536,6359,151963,5862,357499,California
Riverside,2021-02-28,4998,514347,3286,270974,1712,243373,0,0,2480,205542,2505,154468,2511,360010,California
Riverside,2021-03-01,14493,528840,6175,277149,8313,251686,5,5,8519,208186,5933,160401,8577,368587,California
Riverside,2021-03-02,15544,544384,7596,284745,7947,259633,1,6,9098,210913,6424,166825,9151,377738,California
Riverside,2021-03-03,17265,561649,8549,293294,8716,268349,0,6,7518,208894,9696,176521,7677,385415,California
Riverside,2021-03-04,19008,580657,7558,300852,11445,279794,5,11,9060,208252,9903,186424,9261,394676,California
Riverside,2021-03-05,19140,599797,7699,308551,11395,291189,46,57,9458,208443,9632,196056,9823,404499,California
Riverside,2021-03-06,9630,609427,5101,313652,4047,295236,482,539,4775,208908,4841,200897,5306,409805,California
Riverside,2021-03-07,4322,613749,2789,316441,1143,296379,390,929,2024,209067,2288,203185,2447,412252,California
Riverside,2021-03-08,12130,625879,4837,321278,6883,303262,410,1339,5416,208281,6692,209877,5906,418158,California
Riverside,2021-03-09,15000,640879,7012,328290,7479,310741,509,1848,5951,205869,9026,218903,6614,424772,California
Riverside,2021-03-10,16149,657028,8669,336959,6547,317288,933,2781,6263,203410,9842,228745,7383,432155,California
Riverside,2021-03-11,19545,676573,9569,346528,8105,325393,1871,4652,7645,201294,11861,240606,9745,441900,California
Riverside,2021-03-12,21358,697931,8000,354528,8597,333990,4761,9413,7084,199239,14234,254840,12179,454079,California
Riverside,2021-03-13,8618,706549,2580,357108,4809,338799,1229,10642,4395,200767,4200,259040,5728,459807,California
Riverside,2021-03-14,4814,711363,1642,358750,1797,340596,1375,12017,2107,201564,2692,261732,3489,463296,California
Riverside,2021-03-15,18805,730168,7925,366675,9208,349804,1672,13689,9217,203030,9541,271273,11007,474303,California
Riverside,2021-03-16,21120,751288,10280,376955,10026,359830,814,14503,11457,205789,9626,280899,12385,486688,California
Riverside,2021-03-17,21559,772847,11064,388019,9435,369265,1060,15563,12897,211194,8623,289522,14028,500716,California
Riverside,2021-03-18,22926,795773,11978,399997,9273,378538,1675,17238,12659,215330,10215,299737,14351,515067,California
Riverside,2021-03-19,24293,820066,12760,412757,10559,389097,974,18212,14145,220729,10090,309827,15489,530556,California
Riverside,2021-03-20,10861,830927,6930,419687,2725,391822,1206,19418,6922,224963,3907,313734,8141,538697,California
Riverside,2021-03-21,3872,834799,3009,422696,585,392407,278,19696,2588,226571,1264,314998,2872,541569,California
Riverside,2021-03-22,16739,851538,9984,432680,6200,398607,555,20251,10629,231707,6050,321048,11186,552755,California
Riverside,2021-03-23,18769,870307,10602,443282,7744,406351,423,20674,11981,237409,6728,327776,12430,565185,California
Riverside,2021-03-24,18891,889198,10525,453807,8244,414595,122,20796,12915,244548,5923,333699,13062,578247,California
Riverside,2021-03-25,21277,910475,11727,465534,9363,423958,187,20983,14184,251917,7019,340718,14388,592635,California
Riverside,2021-03-26,24279,934754,11990,477524,12116,436074,173,21156,15056,258045,9116,349834,15244,607879,California
Riverside,2021-03-27,9383,944137,4904,482428,3425,439499,1054,22210,4839,259427,4517,354351,5899,613778,California
Riverside,2021-03-28,4809,948946,3155,485583,1561,441060,93,22303,2857,260441,1939,356290,2953,616731,California
Riverside,2021-03-29,17730,966676,8469,494052,9137,450197,124,22427,10948,264799,6736,363026,11094,627825,California
Riverside,2021-03-30,18448,985124,9606,503658,8634,458831,208,22635,11741,270088,6665,369691,11954,639779,California
Riverside,2021-03-31,18253,1003377,8486,512144,9446,468277,321,22956,11400,275018,6803,376494,11733,651512,California
Riverside,2021-04-01,25713,1029090,12557,524701,12359,480636,797,23753,16512,283204,9127,385621,17313,668825,California
Riverside,2021-04-02,26262,1055352,14118,538819,11164,491800,980,24733,16408,291025,9791,395412,17612,686437,California
Riverside,2021-04-03,9460,1064812,5997,544816,2849,494649,614,25347,6084,294366,3356,398768,6697,693134,California
Riverside,2021-04-04,3440,1068252,2079,546895,1094,495743,267,25614,1723,294651,1706,400474,1991,695125,California
Riverside,2021-04-05,18573,1086825,9500,556395,7197,502940,1876,27490,9969,297943,8561,409035,11853,706978,California
Riverside,2021-04-06,23920,1110745,12426,568821,9324,512264,2170,29660,13327,302893,10540,419575,15490,722468,California
Riverside,2021-04-07,25017,1135762,13481,582302,9000,521264,2536,32196,13899,308260,11068,430643,16435,738903,California
Riverside,2021-04-08,27639,1163401,15255,597557,9356,530620,3028,35224,16844,317396,10724,441367,19860,758763,California
Riverside,2021-04-09,26520,1189921,15583,613140,8432,539052,2505,37729,16142,325748,10326,451693,18678,777441,California
Riverside,2021-04-10,12161,1202082,6812,619952,3926,542978,1423,39152,5329,325709,6786,458479,6747,784188,California
Riverside,2021-04-11,4694,1206776,2790,622742,1264,544242,640,39792,2207,326086,2475,460954,2852,787040,California
Riverside,2021-04-12,20293,1227069,9043,631785,8589,552831,2661,42453,10155,328811,10098,471052,12823,799863,California
Riverside,2021-04-13,20269,1247338,11345,643130,8896,561727,28,42481,11617,331852,8612,479664,11653,811516,California
Riverside,2021-04-14,22493,1269831,12407,655537,10071,571798,15,42496,11027,331520,11396,491060,11064,822580,California
Riverside,2021-04-15,22276,1292107,12612,668149,9656,581454,8,42504,11781,332899,10421,501481,11800,834380,California
Riverside,2021-04-16,25409,1317516,14676,682825,10727,592181,6,42510,11826,331222,13522,515003,11845,846225,California
Riverside,2021-04-17,10005,1327521,6599,689424,3406,595587,0,42510,5037,331327,4942,519945,5047,851272,California
Riverside,2021-04-18,3943,1331464,2866,692290,1070,596657,7,42517,1855,331128,2070,522015,1871,853143,California
Riverside,2021-04-19,19726,1351190,11722,704012,8001,604658,3,42520,7112,325693,12563,534578,7128,860271,California
Riverside,2021-04-20,19123,1370313,10102,714114,9012,613670,9,42529,7823,322279,11253,545831,7839,868110,California
Riverside,2021-04-21,20084,1390397,11576,725690,8498,622168,10,42539,8103,318494,11909,557740,8124,876234,California
Riverside,2021-04-22,23395,1413792,13636,739326,9755,631923,4,42543,8739,312664,14584,572324,8754,884988,California
Riverside,2021-04-23,23418,1437210,13754,753080,9650,641573,14,42557,9174,307689,14184,586508,9209,894197,California
Riverside,2021-04-24,10540,1447750,7331,760411,3205,644778,4,42561,4833,306860,5669,592177,4840,899037,California
Riverside,2021-04-25,4264,1452014,2834,763245,1423,646201,7,42568,2207,307037,2039,594216,2216,901253,California
Riverside,2021-04-26,17164,1469178,10736,773981,6381,652582,47,42615,5846,301673,11274,605490,5910,907163,California
Riverside,2021-04-27,18412,1487590,10496,784477,7715,660297,201,42816,6400,296316,11965,617455,6608,913771,California
Riverside,2021-04-28,16591,1504181,8926,793403,7403,667700,262,43078,5590,291240,10938,628393,5862,919633,California
Riverside,2021-04-29,18811,1522992,11495,804898,6968,674668,348,43426,5425,283690,13321,641714,5771,925404,California
Riverside,2021-04-30,19964,1542956,11509,816407,8072,682740,383,43809,6474,277112,13436,655150,6858,932262,California
Riverside,2021-05-01,6859,1549815,4933,821340,1753,684493,173,43982,2356,275168,4474,659624,2530,934792,California
Riverside,2021-05-02,3388,1553203,2213,823553,966,685459,209,44191,1085,274184,2285,661909,1301,936093,California
Riverside,2021-05-03,18053,1571256,11080,834633,6480,691939,493,44684,4170,265028,13818,675727,4662,940755,California
Riverside,2021-05-04,17398,1588654,11028,845661,5911,697850,459,45143,4911,257991,12419,688146,5382,946137,California
Riverside,2021-05-05,15877,1604531,8980,854641,6527,704377,370,45513,4580,251725,11236,699382,4970,951107,California
Riverside,2021-05-06,17898,1622429,10000,864641,7482,711859,416,45929,4525,243409,13296,712678,4980,956087,California
Riverside,2021-05-07,20532,1642961,11644,876285,8442,720301,446,46375,5433,234274,15017,727695,5882,961969,California
Riverside,2021-05-08,6948,1649909,4576,880861,2109,722410,263,46638,2585,232802,4329,732024,2857,964826,California
Riverside,2021-05-09,2328,1652237,1531,882392,644,723054,153,46791,853,232350,1466,733490,1014,965840,California
Riverside,2021-05-10,10107,1662344,5172,887564,4548,727602,387,47178,2871,228429,7185,740675,3264,969104,California
Riverside,2021-05-11,13921,1676265,8349,895913,5053,732655,519,47697,3805,222733,10035,750710,4339,973443,California
Riverside,2021-05-12,12913,1689178,6587,902500,5993,738648,333,48030,4050,218306,8810,759520,4383,977826,California
Riverside,2021-05-13,15026,1704204,9117,911617,5632,744280,277,48307,5378,214377,9597,769117,5668,983494,California
Riverside,2021-05-14,17872,1722076,11218,922835,5862,750142,792,49099,6941,211249,10861,779978,7733,991227,California
Riverside,2021-05-15,9718,1731794,6958,929793,2362,752504,398,49497,4964,211886,4725,784703,5362,996589,California
Riverside,2021-05-16,3513,1735307,2556,932349,839,753343,118,49615,1733,211968,1767,786470,1849,998438,California
Riverside,2021-05-17,11797,1747104,7590,939939,3854,757197,353,49968,5148,210856,6617,793087,5505,1003943,California
Riverside,2021-05-18,15106,1762210,9333,949272,5419,762616,354,50322,6131,208414,8928,802015,6486,1010429,California
Riverside,2021-05-19,12220,1774430,7733,957005,4249,766865,238,50560,6030,208545,6141,808156,6272,1016701,California
Riverside,2021-05-20,11872,1786302,7440,964445,4177,771042,255,50815,5393,207767,6430,814586,5652,1022353,California
Riverside,2021-05-21,14461,1800763,8909,973354,5229,776271,323,51138,6208,206113,8187,822773,6533,1028886,California
Riverside,2021-05-22,7188,1807951,4862,978216,2129,778400,197,51335,3852,206864,3299,826072,4050,1032936,California
Riverside,2021-05-23,2587,1810538,1675,979891,835,779235,77,51412,1265,206896,1309,827381,1341,1034277,California
Riverside,2021-05-24,8643,1819181,5575,985466,2757,781992,311,51723,3844,206287,4764,832145,4155,1038432,California
Riverside,2021-05-25,9731,1828912,5797,991263,3664,785656,270,51993,3950,204770,5741,837886,4224,1042656,California
Riverside,2021-05-26,8921,1837833,5527,996790,3063,788719,331,52324,4021,204276,4851,842737,4357,1047013,California
Riverside,2021-05-27,8552,1846385,5121,1001911,3195,791914,236,52560,4037,204089,4464,847201,4277,1051290,California
Riverside,2021-05-28,10755,1857140,6522,1008433,3922,795836,311,52871,5047,203810,5645,852846,5366,1056656,California
Riverside,2021-05-29,5019,1862159,3417,1011850,1478,797314,124,52995,2856,204652,2141,854987,2983,1059639,California
Riverside,2021-05-30,1963,1864122,1418,1013268,477,797791,68,53063,1079,204922,877,855864,1147,1060786,California
Riverside,2021-05-31,877,1864999,498,1013766,346,798137,33,53096,337,204757,535,856399,370,1061156,California
Riverside,2021-06-01,9169,1874168,5662,1019428,3270,801407,237,53333,3618,203110,5500,861899,3853,1065009,California
Riverside,2021-06-02,7124,1881292,4340,1023768,2507,803914,277,53610,2872,202053,4209,866108,3152,1068161,California
Riverside,2021-06-03,7960,1889252,5300,1029068,2390,806304,270,53880,2876,200150,5045,871153,3142,1071303,California
Riverside,2021-06-04,10679,1899931,7604,1036672,2816,809120,259,54139,3895,197572,6734,877887,4156,1075459,California
Riverside,2021-06-05,6925,1906856,5107,1041779,1271,810391,547,54686,2270,195761,4631,882518,2820,1078279,California
Riverside,2021-06-06,2198,1909054,1867,1043646,280,810671,51,54737,792,195206,1399,883917,844,1079123,California
Riverside,2021-06-07,6901,1915955,5228,1048874,1442,812113,231,54968,2274,193117,4597,888514,2508,1081631,California
Riverside,2021-06-08,9058,1925013,6566,1055440,2218,814331,274,55242,3051,190493,5952,894466,3328,1084959,California
Riverside,2021-06-09,7726,1932739,5629,1061069,1802,816133,295,55537,2375,187853,5308,899774,2668,1087627,California
Riverside,2021-06-10,7568,1940307,5334,1066403,2002,818135,232,55769,2381,185310,5159,904933,2616,1090243,California
Riverside,2021-06-11,8865,1949172,6009,1072412,2568,820703,288,56057,3017,182829,5787,910720,3306,1093549,California
Riverside,2021-06-12,5308,1954480,3923,1076335,1257,821960,128,56185,1656,180997,3622,914342,1790,1095339,California
Riverside,2021-06-13,1810,1956290,1350,1077685,416,822376,44,56229,553,180349,1245,915587,597,1095936,California
Riverside,2021-06-14,6354,1962644,4553,1082238,1498,823874,303,56532,2206,178743,4111,919698,2505,1098441,California
Riverside,2021-06-15,7155,1969799,4905,1087143,1942,825816,308,56840,2750,177449,4357,924055,3063,1101504,California
Riverside,2021-06-16,6809,1976608,4697,1091840,1804,827620,308,57148,2443,175876,4323,928378,2750,1104254,California
Riverside,2021-06-17,6478,1983086,4565,1096405,1675,829295,238,57386,2505,174685,3940,932318,2749,1107003,California
Riverside,2021-06-18,8206,1991292,5952,1102357,1986,831281,268,57654,3413,173625,4746,937064,3686,1110689,California
Riverside,2021-06-19,4277,1995569,3285,1105642,838,832119,154,57808,1803,173138,2447,939511,1960,1112649,California
Riverside,2021-06-20,1507,1997076,1147,1106789,324,832443,36,57844,582,172843,914,940425,619,1113268,California
Riverside,2021-06-21,4241,2001317,2817,1109606,1155,833598,269,58113,2213,173316,2009,942434,2482,1115750,California
Riverside,2021-06-22,6167,2007484,4348,1113954,1585,835183,234,58347,2639,172704,3490,945924,2878,1118628,California
Riverside,2021-06-23,2594,2010078,1693,1115647,721,835904,180,58527,1054,172415,1522,947446,1233,1119861,California
Sacramento,2020-12-15,315,315,315,315,0,0,0,0,315,315,0,0,315,315,California
Sacramento,2020-12-16,646,961,646,961,0,0,0,0,646,961,0,0,646,961,California
Sacramento,2020-12-17,704,1665,704,1665,0,0,0,0,704,1665,0,0,704,1665,California
Sacramento,2020-12-18,1115,2780,1115,2780,0,0,0,0,1116,2781,0,0,1116,2781,California
Sacramento,2020-12-19,612,3392,612,3392,0,0,0,0,612,3393,0,0,612,3393,California
Sacramento,2020-12-20,632,4024,632,4024,0,0,0,0,632,4025,0,0,632,4025,California
Sacramento,2020-12-21,1674,5698,1674,5698,0,0,0,0,1675,5700,0,0,1675,5700,California
Sacramento,2020-12-22,2110,7808,2075,7773,35,35,0,0,2110,7810,0,0,2110,7810,California
Sacramento,2020-12-23,2266,10074,2092,9865,174,209,0,0,2266,10076,0,0,2266,10076,California
Sacramento,2020-12-24,1044,11118,832,10697,212,421,0,0,1044,11120,0,0,1044,11120,California
Sacramento,2020-12-25,2,11120,1,10698,1,422,0,0,2,11122,0,0,2,11122,California
Sacramento,2020-12-26,511,11631,292,10990,219,641,0,0,511,11633,0,0,511,11633,California
Sacramento,2020-12-27,357,11988,251,11241,106,747,0,0,357,11990,0,0,357,11990,California
Sacramento,2020-12-28,1913,13901,1327,12568,586,1333,0,0,1912,13901,1,1,1912,13902,California
Sacramento,2020-12-29,1973,15874,1202,13770,771,2104,0,0,1973,15874,0,1,1973,15875,California
Sacramento,2020-12-30,2564,18438,1460,15230,1104,3208,0,0,2565,18439,0,1,2565,18440,California
Sacramento,2020-12-31,1234,19672,696,15926,538,3746,0,0,1235,19674,0,1,1235,19675,California
Sacramento,2021-01-01,82,19754,70,15996,12,3758,0,0,82,19756,0,1,82,19757,California
Sacramento,2021-01-02,575,20329,369,16365,206,3964,0,0,575,20331,0,1,575,20332,California
Sacramento,2021-01-03,413,20742,224,16589,189,4153,0,0,413,20744,0,1,413,20745,California
Sacramento,2021-01-04,1948,22690,837,17426,1111,5264,0,0,1946,22689,1,2,1946,22691,California
Sacramento,2021-01-05,2218,24908,994,18420,1224,6488,0,0,1854,24186,364,366,1861,24552,California
Sacramento,2021-01-06,2731,27639,1617,20037,1114,7602,0,0,1935,25328,793,1159,1935,26487,California
Sacramento,2021-01-07,2848,30487,1511,21548,1337,8939,0,0,1920,26323,925,2084,1920,28407,California
Sacramento,2021-01-08,3297,33784,2084,23632,1213,10152,0,0,2178,27387,1115,3199,2179,30586,California
Sacramento,2021-01-09,1298,35082,802,24434,496,10648,0,0,902,27895,394,3593,902,31488,California
Sacramento,2021-01-10,1253,36335,712,25146,541,11189,0,0,782,28208,470,4063,783,32271,California
Sacramento,2021-01-11,4362,40697,2963,28109,1399,12588,0,0,2420,28699,1941,6004,2432,34703,California
Sacramento,2021-01-12,4664,45361,3274,31383,1390,13978,0,0,2622,29285,2041,8045,2627,37330,California
Sacramento,2021-01-13,3849,49210,2226,33609,1623,15601,0,0,2429,30296,1419,9464,2430,39760,California
Sacramento,2021-01-14,4638,53848,2338,35947,2300,17901,0,0,3716,33093,919,10383,3716,43476,California
Sacramento,2021-01-15,4467,58315,2266,38213,2201,20102,0,0,3744,36115,723,11106,3745,47221,California
Sacramento,2021-01-16,2095,60410,1287,39500,808,20910,0,0,1874,37769,220,11326,1874,49095,California
Sacramento,2021-01-17,1685,62095,986,40486,699,21609,0,0,1500,39087,185,11511,1503,50598,California
Sacramento,2021-01-18,2830,64925,1731,42217,1099,22708,0,0,2250,40759,579,12090,2251,52849,California
Sacramento,2021-01-19,4997,69922,3038,45255,1959,24667,0,0,3753,43270,1244,13334,3755,56604,California
Sacramento,2021-01-20,4852,74774,2871,48126,1981,26648,0,0,3616,45654,1238,14572,3622,60226,California
Sacramento,2021-01-21,5230,80004,3007,51133,2223,28871,0,0,4259,48950,965,15537,4261,64487,California
Sacramento,2021-01-22,5033,85037,2686,53819,2347,31218,0,0,4730,53379,302,15839,4731,69218,California
Sacramento,2021-01-23,3755,88792,1561,55380,2194,33412,0,0,3292,56208,463,16302,3292,72510,California
Sacramento,2021-01-24,1629,90421,1015,56395,614,34026,0,0,1385,57350,244,16546,1386,73896,California
Sacramento,2021-01-25,4426,94847,2167,58562,2259,36285,0,0,2947,58820,1479,18025,2949,76845,California
Sacramento,2021-01-26,4764,99611,2162,60724,2602,38887,0,0,3553,61166,1209,19234,3555,80400,California
Sacramento,2021-01-27,5866,105477,3052,63776,2814,41701,0,0,4240,63787,1621,20855,4242,84642,California
Sacramento,2021-01-28,5416,110893,2738,66514,2678,44379,0,0,4310,66993,1105,21960,4311,88953,California
Sacramento,2021-01-29,5440,116333,2948,69462,2492,46871,0,0,4410,70381,1022,22982,4410,93363,California
Sacramento,2021-01-30,4534,120867,2207,71669,2327,49198,0,0,4102,74054,429,23411,4102,97465,California
Sacramento,2021-01-31,2341,123208,2040,73709,301,49499,0,0,2062,75841,277,23688,2064,99529,California
Sacramento,2021-02-01,5966,129174,3039,76748,2927,52426,0,0,4274,78428,1687,25375,4274,103803,California
Sacramento,2021-02-02,7026,136200,3786,80534,3240,55666,0,0,4861,81146,2145,27520,4863,108666,California
Sacramento,2021-02-03,7170,143370,3616,84150,3554,59220,0,0,5295,84577,1866,29386,5297,113963,California
Sacramento,2021-02-04,7781,151151,3677,87827,4104,63324,0,0,5527,87858,2246,31632,5527,119490,California
Sacramento,2021-02-05,7891,159042,4499,92326,3392,66716,0,0,4937,89868,2931,34563,4941,124431,California
Sacramento,2021-02-06,8490,167532,3489,95815,5001,71717,0,0,7131,95643,1357,35920,7132,131563,California
Sacramento,2021-02-07,4093,171625,2202,98017,1891,73608,0,0,2887,97331,1201,37121,2889,134452,California
Sacramento,2021-02-08,6271,177896,3259,101276,3012,76620,0,0,3921,98907,2345,39466,3921,138373,California
Sacramento,2021-02-09,6793,184689,3566,104842,3227,79847,0,0,3995,100114,2789,42255,3996,142369,California
Sacramento,2021-02-10,7742,192431,4240,109082,3502,83349,0,0,4568,101525,3160,45415,4571,146940,California
Sacramento,2021-02-11,9625,202056,5735,114817,3890,87239,0,0,5525,102967,4085,49500,5527,152467,California
Sacramento,2021-02-12,10738,212794,4173,118990,6565,93804,0,0,6435,105166,4239,53739,6438,158905,California
Sacramento,2021-02-13,7710,220504,3000,121990,4710,98514,0,0,6111,109683,1595,55334,6112,165017,California
Sacramento,2021-02-14,3241,223745,1992,123982,1249,99763,0,0,2116,110681,1123,56457,2121,167138,California
Sacramento,2021-02-15,6009,229754,2048,126030,3961,103724,0,0,4171,113023,1832,58289,4174,171312,California
Sacramento,2021-02-16,9265,239019,4221,130251,5044,108768,0,0,5322,114414,3936,62225,5327,176639,California
Sacramento,2021-02-17,8867,247886,4994,135245,3873,112641,0,0,5148,115856,3708,65933,5150,181789,California
Sacramento,2021-02-18,9610,257496,5761,141006,3849,116490,0,0,5734,117727,3867,69800,5738,187527,California
Sacramento,2021-02-19,10094,267590,6180,147186,3914,120404,0,0,5974,119598,4110,73910,5981,193508,California
Sacramento,2021-02-20,7864,275454,5790,152976,2074,122478,0,0,4749,121241,3109,77019,4752,198260,California
Sacramento,2021-02-21,3075,278529,2432,155408,643,123121,0,0,1095,120362,1974,78993,1095,199355,California
Sacramento,2021-02-22,6321,284850,3823,159231,2498,125619,0,0,2776,119608,3534,82527,2780,202135,California
Sacramento,2021-02-23,7280,292130,4514,163745,2766,128385,0,0,3549,119448,3714,86241,3554,205689,California
Sacramento,2021-02-24,9862,301992,5427,169172,4435,132820,0,0,5396,120400,4450,90691,5402,211091,California
Sacramento,2021-02-25,11296,313288,6478,175650,4818,137638,0,0,6643,122407,4637,95328,6644,217735,California
Sacramento,2021-02-26,14454,327742,6818,182468,7636,145274,0,0,9906,127803,4516,99844,9912,227647,California
Sacramento,2021-02-27,11123,338865,6887,189355,4233,149507,3,3,8220,133149,2877,102721,8223,235870,California
Sacramento,2021-02-28,6207,345072,2345,191700,3862,153369,0,3,3109,133177,3084,105805,3112,238982,California
Sacramento,2021-03-01,8639,353711,3632,195332,5005,158374,2,5,4706,133978,3910,109715,4711,243693,California
Sacramento,2021-03-02,9329,363040,4050,199382,5278,163652,1,6,5717,136106,3593,113308,5721,249414,California
Sacramento,2021-03-03,11135,374175,5090,204472,6042,169694,3,9,6682,138361,4432,117740,6687,256101,California
Sacramento,2021-03-04,13499,387674,6217,210689,7278,176972,4,13,7506,139917,5961,123701,7517,263618,California
Sacramento,2021-03-05,10668,398342,4936,215625,5702,182674,30,43,7078,143459,3567,127268,7109,270727,California
Sacramento,2021-03-06,8142,406484,3128,218753,4892,187566,122,165,4139,143729,3990,131258,4260,274987,California
Sacramento,2021-03-07,7634,414118,2224,220977,5320,192886,90,255,3763,143714,3866,135124,3851,278838,California
Sacramento,2021-03-08,9138,423256,4271,225248,4642,197528,225,480,5975,146762,3150,138274,6198,285036,California
Sacramento,2021-03-09,9656,432912,4583,229831,4779,202307,294,774,5547,148512,4091,142365,5841,290877,California
Sacramento,2021-03-10,11821,444733,7524,237355,3939,206246,358,1132,6900,150892,4882,147247,7262,298139,California
Sacramento,2021-03-11,15092,459825,10015,247370,4247,210493,830,1962,8940,154547,6111,153358,9766,307905,California
Sacramento,2021-03-12,18094,477919,8357,255727,8869,219362,868,2830,8868,155114,9174,162532,9741,317646,California
Sacramento,2021-03-13,13030,490949,3583,259310,9018,228380,429,3259,7851,158223,5167,167699,8276,325922,California
Sacramento,2021-03-14,8405,499354,3473,262783,4298,232678,634,3893,4432,159338,3949,171648,5064,330986,California
Sacramento,2021-03-15,12265,511619,4881,267664,6721,239399,663,4556,7067,161896,5172,176820,7730,338716,California
Sacramento,2021-03-16,14057,525676,6252,273916,7151,246550,654,5210,8649,165819,5372,182192,9295,348011,California
Sacramento,2021-03-17,13833,539509,6667,280583,6530,253080,636,5846,8810,170270,4997,187189,9448,357459,California
Sacramento,2021-03-18,15786,555295,8302,288885,6892,259972,592,6438,10023,175154,5729,192918,10613,368072,California
Sacramento,2021-03-19,15691,570986,8011,296896,6293,266265,1387,7825,7926,176719,7737,200655,9302,377374,California
Sacramento,2021-03-20,12964,583950,7552,304448,5070,271335,342,8167,8064,180257,4870,205525,8408,385782,California
Sacramento,2021-03-21,5621,589571,2772,307220,2809,274144,40,8207,4879,184450,728,206253,4921,390703,California
Sacramento,2021-03-22,9421,598992,4824,312044,3744,277888,853,9060,6218,188345,3174,209427,7069,397772,California
Sacramento,2021-03-23,11439,610431,6841,318885,3792,281680,806,9866,7335,192423,4060,213487,8138,405910,California
Sacramento,2021-03-24,11905,622336,7290,326175,3985,285665,630,10496,6744,194718,5080,218567,7375,413285,California
Sacramento,2021-03-25,14232,636568,8370,334545,5021,290686,841,11337,8550,198467,5636,224203,9385,422670,California
Sacramento,2021-03-26,18324,654892,8955,343500,8858,299544,511,11848,9173,199070,9083,233286,9686,432356,California
Sacramento,2021-03-27,9717,664609,3585,347085,5842,305386,290,12138,5100,199871,4584,237870,5385,437741,California
Sacramento,2021-03-28,6544,671153,3230,350315,3065,308451,249,12387,2706,199002,3827,241697,2958,440699,California
Sacramento,2021-03-29,11058,682211,5908,356223,4760,313211,390,12777,4954,198272,6074,247771,5344,446043,California
Sacramento,2021-03-30,11915,694126,6106,362329,5391,318602,418,13195,6022,198842,5868,253639,6438,452481,California
Sacramento,2021-03-31,13484,707610,7872,370201,5201,323803,411,13606,5581,196952,7875,261514,5985,458466,California
Sacramento,2021-04-01,17494,725104,10475,380676,6778,330581,241,13847,7358,194466,10090,271604,7604,466070,California
Sacramento,2021-04-02,17180,742284,9725,390401,6713,337294,742,14589,9020,196099,8128,279732,9761,475831,California
Sacramento,2021-04-03,10448,752732,6234,396635,3664,340958,550,15139,6409,199043,4009,283741,6953,482784,California
Sacramento,2021-04-04,3731,756463,1532,398167,1993,342951,206,15345,1452,198423,2273,286014,1653,484437,California
Sacramento,2021-04-05,12087,768550,7573,405740,3672,346623,842,16187,5393,197996,6657,292671,6230,490667,California
Sacramento,2021-04-06,15706,784256,8883,414623,5477,352100,1346,17533,6949,197561,8724,301395,8289,498956,California
Sacramento,2021-04-07,14891,799147,8055,422678,5228,357328,1608,19141,7173,198652,7677,309072,8768,507724,California
Sacramento,2021-04-08,15114,814261,6810,429488,5311,362639,2993,22134,6015,198576,9065,318137,8989,516713,California
Sacramento,2021-04-09,18349,832610,9379,438867,6739,369378,2231,24365,7446,197381,10861,328998,9666,526379,California
Sacramento,2021-04-10,12886,845496,3852,442719,7812,377190,1222,25587,5347,196413,7510,336508,6542,532921,California
Sacramento,2021-04-11,10817,856313,4369,447088,6221,383411,227,25814,3868,193582,6924,343432,4093,537014,California
Sacramento,2021-04-12,13030,869343,5071,452159,6067,389478,1892,27706,4965,192422,8000,351432,6840,543854,California
Sacramento,2021-04-13,16315,885658,9986,462145,6324,395802,5,27711,7590,191328,8693,360125,7599,551453,California
Sacramento,2021-04-14,15057,900715,8011,470156,7044,402846,2,27713,5943,188192,9083,369208,5947,557400,California
Sacramento,2021-04-15,16444,917159,8461,478617,7980,410826,3,27716,6683,185158,9722,378930,6688,564088,California
Sacramento,2021-04-16,17591,934750,9719,488336,7872,418698,0,27716,7980,183573,9567,388497,7982,572070,California
Sacramento,2021-04-17,15412,950162,6177,494513,9235,427933,0,27716,11167,190523,4222,392719,11172,583242,California
Sacramento,2021-04-18,8472,958634,3078,497591,5394,433327,0,27716,3762,189595,4691,397410,3763,587005,California
Sacramento,2021-04-19,10649,969283,5752,503343,4892,438219,5,27721,4736,188452,5886,403296,4743,591748,California
Sacramento,2021-04-20,11221,980504,6799,510142,4419,442638,3,27724,5954,189173,5240,408536,5961,597709,California
Sacramento,2021-04-21,11561,992065,6688,516830,4871,447509,2,27726,6260,190161,5275,413811,6263,603972,California
Sacramento,2021-04-22,14893,1006958,9919,526749,4970,452479,4,27730,6858,189024,8001,421812,6864,610836,California
Sacramento,2021-04-23,15926,1022884,10020,536769,5906,458385,0,27730,7383,187902,8507,430319,7385,618221,California
Sacramento,2021-04-24,11333,1034217,7006,543775,4326,462711,1,27731,5940,188488,5356,435675,5942,624163,California
Sacramento,2021-04-25,8007,1042224,4475,548250,3532,466243,0,27731,4167,188830,3826,439501,4168,628331,California
Sacramento,2021-04-26,10620,1052844,6629,554879,3967,470210,24,27755,5020,188305,5569,445070,5044,633375,California
Sacramento,2021-04-27,12066,1064910,7911,562790,4000,474210,155,27910,5924,188278,6108,451178,6081,639456,California
Sacramento,2021-04-28,10534,1075444,5887,568677,4442,478652,205,28115,5848,189680,4655,455833,6057,645513,California
Sacramento,2021-04-29,10910,1086354,7332,576009,3275,481927,303,28418,6018,191148,4856,460689,6324,651837,California
Sacramento,2021-04-30,12487,1098841,7840,583849,4384,486311,263,28681,5878,190728,6562,467251,6142,657979,California
Sacramento,2021-05-01,7601,1106442,5477,589326,1948,488259,176,28857,2767,188872,4797,472048,2941,660920,California
Sacramento,2021-05-02,5011,1111453,4313,593639,547,488806,151,29008,2233,188501,2753,474801,2382,663302,California
Sacramento,2021-05-03,9139,1120592,7304,600943,1553,490359,282,29290,3969,187601,5147,479948,4247,667549,California
Sacramento,2021-05-04,9395,1129987,5707,606650,3378,493737,310,29600,3788,186134,5563,485511,4096,671645,California
Sacramento,2021-05-05,11089,1141076,6018,612668,4610,498347,461,30061,4519,184582,6525,492036,4973,676618,California
Sacramento,2021-05-06,11214,1152290,6212,618880,4694,503041,308,30369,4615,183224,6277,498313,4919,681537,California
Sacramento,2021-05-07,10635,1162925,6189,625069,4075,507116,371,30740,4473,181960,6109,504422,4845,686382,California
Sacramento,2021-05-08,8242,1171167,3823,628892,4189,511305,230,30970,2712,179404,5491,509913,2935,689317,California
Sacramento,2021-05-09,3151,1174318,1656,630548,1382,512687,113,31083,1173,178723,1967,511880,1286,690603,California
Sacramento,2021-05-10,8092,1182410,3744,634292,4076,516763,272,31355,1986,174908,6075,517955,2260,692863,California
Sacramento,2021-05-11,8297,1190707,5167,639459,2871,519634,259,31614,2887,172675,5379,523334,3146,696009,California
Sacramento,2021-05-12,8567,1199274,5151,644610,3159,522793,257,31871,3040,170478,5492,528826,3295,699304,California
Sacramento,2021-05-13,11698,1210972,7470,652080,3952,526745,276,32147,4474,168046,7182,536008,4750,704054,California
Sacramento,2021-05-14,12223,1223195,6926,659006,5010,531755,287,32434,5060,166285,7108,543116,5347,709401,California
Sacramento,2021-05-15,13084,1236279,7913,666919,5025,536780,146,32580,5796,164970,7253,550369,5938,715339,California
Sacramento,2021-05-16,7895,1244174,4142,671061,3640,540420,113,32693,2164,161541,5708,556077,2279,717618,California
Sacramento,2021-05-17,10386,1254560,6304,677365,3791,544211,291,32984,3962,159409,6388,562465,4256,721874,California
Sacramento,2021-05-18,9724,1264284,6099,683464,3414,547625,211,33195,3693,157327,5991,568456,3909,725783,California
Sacramento,2021-05-19,9768,1274052,6244,689708,3260,550885,264,33459,4511,156893,5215,573671,4781,730564,California
Sacramento,2021-05-20,10169,1284221,6692,696400,3217,554102,260,33719,3865,154767,6252,579923,4126,734690,California
Sacramento,2021-05-21,10723,1294944,6807,703207,3593,557695,323,34042,4583,153581,6098,586021,4912,739602,California
Sacramento,2021-05-22,7404,1302348,4588,707795,2644,560339,172,34214,3349,153080,4025,590046,3524,743126,California
Sacramento,2021-05-23,4196,1306544,2892,710687,1201,561540,103,34317,1932,152871,2245,592291,2036,745162,California
Sacramento,2021-05-24,7654,1314198,4572,715259,2752,564292,330,34647,2396,150382,5213,597504,2724,747886,California
Sacramento,2021-05-25,6682,1320880,3874,719133,2516,566808,292,34939,2405,148827,4251,601755,2696,750582,California
Sacramento,2021-05-26,8531,1329411,4721,723854,3475,570283,335,35274,2860,146397,5620,607375,3190,753772,California
Sacramento,2021-05-27,6660,1336071,3640,727494,2780,573063,240,35514,2973,145963,3647,611022,3213,756985,California
Sacramento,2021-05-28,8244,1344315,4582,732076,3288,576351,374,35888,3500,145132,4706,615728,3875,760860,California
Sacramento,2021-05-29,4387,1348702,2684,734760,1547,577898,156,36044,2239,145403,2124,617852,2395,763255,California
Sacramento,2021-05-30,1666,1350368,1050,735810,577,578475,39,36083,774,145332,885,618737,814,764069,California
Sacramento,2021-05-31,881,1351249,440,736250,428,578903,13,36096,311,145087,569,619306,324,764393,California
Sacramento,2021-06-01,6955,1358204,4181,740431,2567,581470,207,36303,2684,143747,4229,623535,2889,767282,California
Sacramento,2021-06-02,6081,1364285,3349,743780,2518,583988,214,36517,2320,142563,3716,627251,2532,769814,California
Sacramento,2021-06-03,7427,1371712,5067,748847,2177,586165,183,36700,2255,139867,5132,632383,2436,772250,California
Sacramento,2021-06-04,7038,1378750,4517,753364,2311,588476,210,36910,2279,137628,4728,637111,2489,774739,California
Sacramento,2021-06-05,6173,1384923,4539,757903,1493,589969,141,37051,1799,135221,4345,641456,1938,776677,California
Sacramento,2021-06-06,2370,1387293,1859,759762,454,590423,57,37108,800,134515,1564,643020,858,777535,California
Sacramento,2021-06-07,5540,1392833,3876,763638,1483,591906,181,37289,1603,132384,3911,646931,1780,779315,California
Sacramento,2021-06-08,5390,1398223,3678,767316,1532,593438,180,37469,1818,130838,3547,650478,2001,781316,California
Sacramento,2021-06-09,6159,1404382,4271,771587,1703,595141,185,37654,1642,128199,4465,654943,1826,783142,California
Sacramento,2021-06-10,5397,1409779,3459,775046,1740,596881,198,37852,1706,126460,3643,658586,1904,785046,California
Sacramento,2021-06-11,7552,1417331,5213,780259,2145,599026,194,38046,2091,123315,5428,664014,2283,787329,California
Sacramento,2021-06-12,4718,1422049,3052,783311,1548,600574,118,38164,1310,121360,3385,667399,1430,788759,California
Sacramento,2021-06-13,1925,1423974,1417,784728,466,601040,42,38206,431,120350,1482,668881,472,789231,California
Sacramento,2021-06-14,4301,1428275,2787,787515,1353,602393,161,38367,1407,119039,2877,671758,1566,790797,California
Sacramento,2021-06-15,4897,1433172,2960,790475,1714,604107,223,38590,1726,117831,3156,674914,1948,792745,California
Sacramento,2021-06-16,4478,1437650,3010,793485,1248,605355,220,38810,1578,116747,2874,677788,1790,794535,California
Sacramento,2021-06-17,4060,1441710,2641,796126,1253,606608,166,38976,1403,115685,2626,680414,1564,796099,California
Sacramento,2021-06-18,5122,1446832,3349,799475,1535,608143,238,39214,1748,114321,3349,683763,1985,798084,California
Sacramento,2021-06-19,3294,1450126,2244,801719,906,609049,144,39358,1184,113554,2094,685857,1327,799411,California
Sacramento,2021-06-20,1227,1451353,909,802628,291,609340,27,39385,560,113483,658,686515,587,799998,California
Sacramento,2021-06-21,2511,1453864,1333,803961,1020,610360,158,39543,1241,113623,1257,687772,1397,801395,California
Sacramento,2021-06-22,3862,1457726,2671,806632,1000,611360,191,39734,1528,113027,2310,690082,1714,803109,California
Sacramento,2021-06-23,2362,1460088,1578,808210,617,611977,167,39901,794,112427,1557,691639,957,804066,California
San Benito,2020-12-16,29,29,29,29,0,0,0,0,29,29,0,0,29,29,California
San Benito,2020-12-17,48,77,48,77,0,0,0,0,48,77,0,0,48,77,California
San Benito,2020-12-18,72,149,72,149,0,0,0,0,72,149,0,0,72,149,California
San Benito,2020-12-19,48,197,48,197,0,0,0,0,48,197,0,0,48,197,California
San Benito,2020-12-20,23,220,23,220,0,0,0,0,23,220,0,0,23,220,California
San Benito,2020-12-21,77,297,77,297,0,0,0,0,77,297,0,0,77,297,California
San Benito,2020-12-22,101,398,101,398,0,0,0,0,101,398,0,0,101,398,California
San Benito,2020-12-23,86,484,74,472,12,12,0,0,86,484,0,0,86,484,California
San Benito,2020-12-24,13,497,5,477,8,20,0,0,13,497,0,0,13,497,California
San Benito,2020-12-25,4,501,4,481,0,20,0,0,4,501,0,0,4,501,California
San Benito,2020-12-26,13,514,4,485,9,29,0,0,13,514,0,0,13,514,California
San Benito,2020-12-27,8,522,7,492,1,30,0,0,8,522,0,0,8,522,California
San Benito,2020-12-28,65,587,36,528,29,59,0,0,65,587,0,0,65,587,California
San Benito,2020-12-29,49,636,21,549,28,87,0,0,49,636,0,0,49,636,California
San Benito,2020-12-30,60,696,38,587,22,109,0,0,60,696,0,0,60,696,California
San Benito,2020-12-31,19,715,2,589,17,126,0,0,19,715,0,0,19,715,California
San Benito,2021-01-02,24,739,23,612,1,127,0,0,24,739,0,0,24,739,California
San Benito,2021-01-03,4,743,2,614,2,129,0,0,3,742,0,0,3,742,California
San Benito,2021-01-04,61,804,23,637,38,167,0,0,61,803,0,0,61,803,California
San Benito,2021-01-05,117,921,37,674,80,247,0,0,114,914,3,3,114,917,California
San Benito,2021-01-06,102,1023,43,717,59,306,0,0,87,986,15,18,87,1004,California
San Benito,2021-01-07,106,1129,68,785,38,344,0,0,54,988,52,70,54,1058,California
San Benito,2021-01-08,182,1311,90,875,92,436,0,0,117,1040,65,135,117,1175,California
San Benito,2021-01-09,44,1355,31,906,13,449,0,0,30,1056,14,149,30,1205,California
San Benito,2021-01-10,17,1372,15,921,2,451,0,0,5,1049,12,161,5,1210,California
San Benito,2021-01-11,172,1544,107,1028,65,516,0,0,72,1021,100,261,72,1282,California
San Benito,2021-01-12,161,1705,57,1085,104,620,0,0,121,1102,40,301,121,1403,California
San Benito,2021-01-13,240,1945,69,1154,171,791,0,0,189,1240,51,352,189,1592,California
San Benito,2021-01-14,131,2076,24,1178,107,898,0,0,112,1333,19,371,112,1704,California
San Benito,2021-01-15,216,2292,21,1199,195,1093,0,0,202,1521,14,385,202,1906,California
San Benito,2021-01-16,26,2318,9,1208,17,1110,0,0,20,1535,6,391,20,1926,California
San Benito,2021-01-17,12,2330,5,1213,7,1117,0,0,9,1541,3,394,9,1935,California
San Benito,2021-01-18,37,2367,23,1236,14,1131,0,0,22,1548,15,409,22,1957,California
San Benito,2021-01-19,186,2553,80,1316,106,1237,0,0,148,1658,38,447,148,2105,California
San Benito,2021-01-20,331,2884,96,1412,235,1472,0,0,284,1896,46,493,284,2389,California
San Benito,2021-01-21,146,3030,33,1445,113,1585,0,0,120,1990,26,519,120,2509,California
San Benito,2021-01-22,237,3267,19,1464,218,1803,0,0,227,2207,10,529,227,2736,California
San Benito,2021-01-23,31,3298,17,1481,14,1817,0,0,13,2202,18,547,13,2749,California
San Benito,2021-01-24,29,3327,3,1484,26,1843,0,0,25,2223,4,551,25,2774,California
San Benito,2021-01-25,65,3392,24,1508,41,1884,0,0,19,2196,46,597,19,2793,California
San Benito,2021-01-26,138,3530,41,1549,97,1981,0,0,86,2230,52,649,86,2879,California
San Benito,2021-01-27,231,3761,70,1619,161,2142,0,0,191,2381,40,689,191,3070,California
San Benito,2021-01-28,154,3915,32,1651,122,2264,0,0,122,2472,31,720,122,3192,California
San Benito,2021-01-29,295,4210,35,1686,260,2524,0,0,270,2718,24,744,270,3462,California
San Benito,2021-01-30,52,4262,33,1719,19,2543,0,0,29,2724,23,767,29,3491,California
San Benito,2021-01-31,16,4278,5,1724,11,2554,0,0,11,2730,5,772,11,3502,California
San Benito,2021-02-01,136,4414,28,1752,108,2662,0,0,92,2778,44,816,92,3594,California
San Benito,2021-02-02,227,4641,49,1801,178,2840,0,0,137,2825,90,906,137,3731,California
San Benito,2021-02-03,339,4980,42,1843,297,3137,0,0,272,3030,67,973,272,4003,California
San Benito,2021-02-04,165,5145,24,1867,141,3278,0,0,119,3103,46,1019,119,4122,California
San Benito,2021-02-05,294,5439,41,1908,253,3531,0,0,231,3271,63,1082,231,4353,California
San Benito,2021-02-06,50,5489,9,1917,41,3572,0,0,33,3287,17,1099,33,4386,California
San Benito,2021-02-07,16,5505,8,1925,8,3580,0,0,14,3299,2,1101,14,4400,California
San Benito,2021-02-08,140,5645,17,1942,123,3703,0,0,94,3347,46,1147,94,4494,California
San Benito,2021-02-09,325,5970,64,2006,261,3964,0,0,193,3408,132,1279,193,4687,California
San Benito,2021-02-10,322,6292,90,2096,232,4196,0,0,112,3311,209,1488,112,4799,California
San Benito,2021-02-11,299,6591,33,2129,266,4462,0,0,201,3414,98,1586,201,5000,California
San Benito,2021-02-12,414,7005,32,2161,382,4844,0,0,209,3419,204,1790,209,5209,California
San Benito,2021-02-13,55,7060,7,2168,48,4892,0,0,43,3450,12,1802,43,5252,California
San Benito,2021-02-14,40,7100,5,2173,35,4927,0,0,30,3470,10,1812,30,5282,California
San Benito,2021-02-15,105,7205,9,2182,96,5023,0,0,94,3553,11,1823,94,5376,California
San Benito,2021-02-16,207,7412,12,2194,195,5218,0,0,102,3550,105,1928,102,5478,California
San Benito,2021-02-17,327,7739,29,2223,298,5516,0,0,278,3779,49,1977,278,5756,California
San Benito,2021-02-18,292,8031,38,2261,254,5770,0,0,71,3629,221,2198,71,5827,California
San Benito,2021-02-19,342,8373,46,2307,296,6066,0,0,177,3641,165,2363,177,6004,California
San Benito,2021-02-20,45,8418,25,2332,20,6086,0,0,35,3666,10,2373,35,6039,California
San Benito,2021-02-21,23,8441,8,2340,15,6101,0,0,14,3671,9,2382,14,6053,California
San Benito,2021-02-22,133,8574,36,2376,97,6198,0,0,99,3737,33,2415,99,6152,California
San Benito,2021-02-23,379,8953,94,2470,285,6483,0,0,262,3882,117,2532,262,6414,California
San Benito,2021-02-24,381,9334,68,2538,313,6796,0,0,243,3987,138,2670,243,6657,California
San Benito,2021-02-25,393,9727,64,2602,329,7125,0,0,271,4134,124,2794,271,6928,California
San Benito,2021-02-26,654,10381,76,2678,578,7703,0,0,404,4288,250,3044,404,7332,California
San Benito,2021-02-27,105,10486,41,2719,64,7767,0,0,86,4355,19,3063,86,7418,California
San Benito,2021-02-28,254,10740,30,2749,224,7991,0,0,243,4587,11,3074,243,7661,California
San Benito,2021-03-01,233,10973,61,2810,172,8163,0,0,162,4677,72,3146,162,7823,California
San Benito,2021-03-02,286,11259,97,2907,189,8352,0,0,214,4819,72,3218,214,8037,California
San Benito,2021-03-03,406,11665,66,2973,340,8692,0,0,227,4869,177,3395,227,8264,California
San Benito,2021-03-04,616,12281,126,3099,475,9167,15,15,430,5116,186,3581,433,8697,California
San Benito,2021-03-05,583,12864,306,3405,265,9432,12,27,373,5293,208,3789,385,9082,California
San Benito,2021-03-06,193,13057,69,3474,110,9542,14,41,140,5394,53,3842,154,9236,California
San Benito,2021-03-07,648,13705,603,4077,22,9564,23,64,615,5999,33,3875,638,9874,California
San Benito,2021-03-08,290,13995,66,4143,177,9741,47,111,167,6090,123,3998,214,10088,California
San Benito,2021-03-09,423,14418,83,4226,241,9982,99,210,137,6014,285,4283,209,10297,California
San Benito,2021-03-10,404,14822,115,4341,194,10176,95,305,233,6171,171,4454,328,10625,California
San Benito,2021-03-11,473,15295,122,4463,198,10374,153,458,209,6269,264,4718,362,10987,California
San Benito,2021-03-12,522,15817,123,4586,302,10676,97,555,233,6313,287,5005,331,11318,California
San Benito,2021-03-13,200,16017,99,4685,83,10759,18,573,126,6386,71,5076,144,11462,California
San Benito,2021-03-14,233,16250,40,4725,173,10932,20,593,180,6534,52,5128,200,11662,California
San Benito,2021-03-15,324,16574,100,4825,205,11137,19,612,191,6611,133,5261,210,11872,California
San Benito,2021-03-16,499,17073,218,5043,250,11387,31,643,351,6844,148,5409,381,12253,California
San Benito,2021-03-17,791,17864,479,5522,290,11677,22,665,561,7193,226,5635,575,12828,California
San Benito,2021-03-18,789,18653,527,6049,206,11883,56,721,573,7599,214,5849,620,13448,California
San Benito,2021-03-19,778,19431,403,6452,351,12234,24,745,576,7996,202,6051,599,14047,California
San Benito,2021-03-20,245,19676,149,6601,83,12317,13,758,186,8136,59,6110,199,14246,California
San Benito,2021-03-21,108,19784,56,6657,47,12364,5,763,80,8193,28,6138,85,14331,California
San Benito,2021-03-22,352,20136,173,6830,154,12518,25,788,222,8310,130,6268,247,14578,California
San Benito,2021-03-23,478,20614,199,7029,269,12787,10,798,211,8263,267,6535,220,14798,California
San Benito,2021-03-24,575,21189,304,7333,264,13051,7,805,353,8402,221,6756,360,15158,California
San Benito,2021-03-25,742,21931,442,7775,296,13347,4,809,440,8548,298,7054,444,15602,California
San Benito,2021-03-26,1020,22951,520,8295,495,13842,5,814,337,8208,682,7736,342,15944,California
San Benito,2021-03-27,337,23288,188,8483,117,13959,32,846,218,8340,118,7854,250,16194,California
San Benito,2021-03-28,734,24022,608,9091,121,14080,5,851,129,7869,605,8459,134,16328,California
San Benito,2021-03-29,344,24366,108,9199,216,14296,20,871,143,7830,201,8660,162,16490,California
San Benito,2021-03-30,577,24943,273,9472,211,14507,93,964,293,7932,284,8944,386,16876,California
San Benito,2021-03-31,597,25540,368,9840,205,14712,24,988,343,8048,251,9195,367,17243,California
San Benito,2021-04-01,953,26493,384,10224,530,15242,39,1027,564,8257,388,9583,597,17840,California
San Benito,2021-04-02,540,27033,261,10485,143,15385,136,1163,263,8380,276,9859,399,18239,California
San Benito,2021-04-03,254,27287,87,10572,103,15488,64,1227,75,8340,178,10037,138,18377,California
San Benito,2021-04-04,143,27430,108,10680,30,15518,5,1232,106,8414,37,10074,111,18488,California
San Benito,2021-04-05,353,27783,169,10849,140,15658,44,1276,142,8388,211,10285,185,18673,California
San Benito,2021-04-06,466,28249,162,11011,127,15785,177,1453,161,8420,305,10590,337,19010,California
San Benito,2021-04-07,943,29192,525,11536,227,16012,191,1644,264,8198,677,11267,455,19465,California
San Benito,2021-04-08,866,30058,434,11970,178,16190,254,1898,228,8043,637,11904,482,19947,California
San Benito,2021-04-09,853,30911,505,12475,256,16446,92,1990,297,7877,555,12459,389,20336,California
San Benito,2021-04-10,341,31252,206,12681,77,16523,58,2048,192,7978,149,12608,250,20586,California
San Benito,2021-04-11,480,31732,273,12954,172,16695,35,2083,269,8050,211,12819,283,20869,California
San Benito,2021-04-12,530,32262,286,13240,132,16827,112,2195,278,8185,251,13070,386,21255,California
San Benito,2021-04-13,759,33021,294,13534,442,17269,23,2218,526,8503,232,13302,550,21805,California
San Benito,2021-04-14,832,33853,655,14189,177,17446,0,2218,395,8467,431,13733,395,22200,California
San Benito,2021-04-15,945,34798,735,14924,209,17655,1,2219,474,8473,470,14203,476,22676,California
San Benito,2021-04-16,710,35508,370,15294,331,17986,9,2228,301,8378,406,14609,311,22987,California
San Benito,2021-04-17,322,35830,226,15520,96,18082,0,2228,129,8312,195,14804,129,23116,California
San Benito,2021-04-18,493,36323,412,15932,81,18163,0,2228,239,8299,254,15058,241,23357,California
San Benito,2021-04-19,742,37065,592,16524,150,18313,0,2228,419,8398,321,15379,420,23777,California
San Benito,2021-04-20,775,37840,404,16928,369,18682,2,2230,489,8607,281,15660,490,24267,California
San Benito,2021-04-21,954,38794,703,17631,251,18933,0,2230,515,8698,424,16084,515,24782,California
San Benito,2021-04-22,890,39684,688,18319,202,19135,0,2230,560,8936,322,16406,560,25342,California
San Benito,2021-04-23,629,40313,395,18714,233,19368,1,2231,338,9032,242,16648,338,25680,California
San Benito,2021-04-24,363,40676,203,18917,160,19528,0,2231,167,9043,156,16804,167,25847,California
San Benito,2021-04-25,205,40881,128,19045,77,19605,0,2231,95,9046,92,16896,95,25942,California
San Benito,2021-04-26,487,41368,385,19430,102,19707,0,2231,255,9130,171,17067,255,26197,California
San Benito,2021-04-27,553,41921,279,19709,267,19974,7,2238,407,9408,136,17203,414,26611,California
San Benito,2021-04-28,549,42470,387,20096,154,20128,8,2246,387,9645,157,17360,394,27005,California
San Benito,2021-04-29,631,43101,232,20328,389,20517,10,2256,254,9549,377,17737,281,27286,California
San Benito,2021-04-30,372,43473,205,20533,160,20677,7,2263,199,9584,171,17908,206,27492,California
San Benito,2021-05-01,196,43669,143,20676,44,20721,9,2272,66,9530,129,18037,75,27567,California
San Benito,2021-05-02,189,43858,160,20836,25,20746,4,2276,58,9461,131,18168,62,27629,California
San Benito,2021-05-03,356,44214,281,21117,66,20812,9,2285,86,9289,270,18438,98,27727,California
San Benito,2021-05-04,400,44614,242,21359,150,20962,8,2293,148,9194,250,18688,155,27882,California
San Benito,2021-05-05,598,45212,419,21778,163,21125,16,2309,211,9037,384,19072,227,28109,California
San Benito,2021-05-06,612,45824,485,22263,112,21237,15,2324,224,8892,384,19456,239,28348,California
San Benito,2021-05-07,449,46273,284,22547,155,21392,10,2334,172,8800,275,19731,183,28531,California
San Benito,2021-05-08,274,46547,222,22769,47,21439,5,2339,156,8843,118,19849,161,28692,California
San Benito,2021-05-09,100,46647,75,22844,22,21461,3,2342,47,8840,53,19902,50,28742,California
San Benito,2021-05-10,410,47057,322,23166,64,21525,24,2366,53,8561,357,20259,78,28820,California
San Benito,2021-05-11,814,47871,402,23568,396,21921,16,2382,181,8128,631,20890,198,29018,California
San Benito,2021-05-12,491,48362,389,23957,89,22010,13,2395,112,7876,378,21268,126,29144,California
San Benito,2021-05-13,679,49041,579,24536,89,22099,11,2406,168,7546,508,21776,178,29322,California
San Benito,2021-05-14,597,49638,440,24976,150,22249,7,2413,230,7418,365,22141,237,29559,California
San Benito,2021-05-15,226,49864,170,25146,50,22299,6,2419,125,7448,101,22242,131,29690,California
San Benito,2021-05-16,169,50033,141,25287,26,22325,2,2421,92,7465,77,22319,94,29784,California
San Benito,2021-05-17,378,50411,307,25594,62,22387,9,2430,174,7446,202,22521,183,29967,California
San Benito,2021-05-18,673,51084,353,25947,315,22702,5,2435,211,7201,462,22983,217,30184,California
San Benito,2021-05-19,569,51653,418,26365,143,22845,8,2443,231,7102,338,23321,239,30423,California
San Benito,2021-05-20,588,52241,465,26830,112,22957,11,2454,315,7156,272,23593,326,30749,California
San Benito,2021-05-21,463,52704,272,27102,175,23132,16,2470,216,7143,245,23838,232,30981,California
San Benito,2021-05-22,293,52997,221,27323,67,23199,5,2475,179,7216,112,23950,185,31166,California
San Benito,2021-05-23,92,53089,54,27377,34,23233,4,2479,34,7195,58,24008,37,31203,California
San Benito,2021-05-24,300,53389,252,27629,41,23274,7,2486,188,7279,112,24120,196,31399,California
San Benito,2021-05-25,523,53912,238,27867,278,23552,7,2493,168,7101,353,24473,175,31574,California
San Benito,2021-05-26,313,54225,196,28063,110,23662,7,2500,132,7059,180,24653,138,31712,California
San Benito,2021-05-27,408,54633,312,28375,73,23735,23,2523,151,6979,257,24910,177,31889,California
San Benito,2021-05-28,282,54915,175,28550,100,23835,7,2530,109,6923,172,25082,116,32005,California
San Benito,2021-05-29,146,55061,124,28674,20,23855,2,2532,62,6903,84,25166,64,32069,California
San Benito,2021-05-30,269,55330,253,28927,16,23871,0,2532,93,6821,175,25341,93,32162,California
San Benito,2021-05-31,100,55430,87,29014,11,23882,2,2534,43,6810,56,25397,45,32207,California
San Benito,2021-06-01,266,55696,119,29133,121,24003,26,2560,98,6766,167,25564,123,32330,California
San Benito,2021-06-02,320,56016,242,29375,76,24079,2,2562,117,6684,202,25766,120,32450,California
San Benito,2021-06-03,334,56350,284,29659,43,24122,7,2569,133,6625,199,25965,140,32590,California
San Benito,2021-06-04,268,56618,200,29859,68,24190,0,2569,86,6530,181,26146,86,32676,California
San Benito,2021-06-05,92,56710,73,29932,18,24208,1,2570,19,6478,72,26218,20,32696,California
San Benito,2021-06-06,58,56768,48,29980,7,24215,3,2573,15,6453,43,26261,18,32714,California
San Benito,2021-06-07,337,57105,297,30277,35,24250,5,2578,87,6297,248,26509,92,32806,California
San Benito,2021-06-08,307,57412,215,30492,77,24327,15,2593,97,6200,209,26718,112,32918,California
San Benito,2021-06-09,237,57649,186,30678,43,24370,8,2601,70,6111,167,26885,78,32996,California
San Benito,2021-06-10,358,58007,330,31008,21,24391,7,2608,73,5909,282,27167,80,33076,California
San Benito,2021-06-11,267,58274,226,31234,21,24412,20,2628,92,5847,174,27341,112,33188,California
San Benito,2021-06-12,157,58431,143,31377,10,24422,4,2632,50,5809,92,27433,54,33242,California
San Benito,2021-06-13,52,58483,40,31417,10,24432,2,2634,17,5800,28,27461,19,33261,California
San Benito,2021-06-14,176,58659,149,31566,24,24456,3,2637,62,5752,113,27574,65,33326,California
San Benito,2021-06-15,218,58877,125,31691,87,24543,6,2643,77,5697,139,27713,84,33410,California
San Benito,2021-06-16,212,59089,170,31861,29,24572,13,2656,72,5643,139,27852,85,33495,California
San Benito,2021-06-17,252,59341,208,32069,17,24589,27,2683,78,5575,174,28026,106,33601,California
San Benito,2021-06-18,157,59498,100,32169,50,24639,7,2690,64,5553,93,28119,71,33672,California
San Benito,2021-06-19,115,59613,109,32278,6,24645,0,2690,48,5534,67,28186,48,33720,California
San Benito,2021-06-20,38,59651,36,32314,2,24647,0,2690,18,5532,20,28206,18,33738,California
San Benito,2021-06-21,105,59756,75,32389,15,24662,15,2705,54,5550,50,28256,68,33806,California
San Benito,2021-06-22,194,59950,124,32513,58,24720,12,2717,75,5518,118,28374,86,33892,California
San Benito,2021-06-23,96,60046,66,32579,19,24739,11,2728,34,5501,62,28436,45,33937,California
San Bernardino,2020-12-15,13,13,13,13,0,0,0,0,13,13,0,0,13,13,California
San Bernardino,2020-12-16,113,126,113,126,0,0,0,0,113,126,0,0,113,126,California
San Bernardino,2020-12-17,2375,2501,2375,2501,0,0,0,0,2375,2501,0,0,2375,2501,California
San Bernardino,2020-12-18,3171,5672,3168,5669,3,3,0,0,3172,5673,0,0,3172,5673,California
San Bernardino,2020-12-19,1076,6748,1075,6744,1,4,0,0,1077,6750,0,0,1077,6750,California
San Bernardino,2020-12-20,1181,7929,1178,7922,3,7,0,0,1181,7931,0,0,1181,7931,California
San Bernardino,2020-12-21,2461,10390,2455,10377,6,13,0,0,2461,10392,0,0,2461,10392,California
San Bernardino,2020-12-22,2281,12671,2152,12529,129,142,0,0,2282,12674,0,0,2282,12674,California
San Bernardino,2020-12-23,2676,15347,1468,13997,1208,1350,0,0,2674,15348,0,0,2674,15348,California
San Bernardino,2020-12-24,1160,16507,582,14579,578,1928,0,0,1161,16508,1,1,1161,16509,California
San Bernardino,2020-12-25,76,16583,15,14594,61,1989,0,0,76,16584,0,1,76,16585,California
San Bernardino,2020-12-26,466,17049,255,14849,211,2200,0,0,466,17050,0,1,466,17051,California
San Bernardino,2020-12-27,351,17400,164,15013,187,2387,0,0,350,17399,1,2,350,17401,California
San Bernardino,2020-12-28,1587,18987,717,15730,870,3257,0,0,1588,18987,0,2,1588,18989,California
San Bernardino,2020-12-29,2230,21217,1048,16778,1182,4439,0,0,2230,21217,0,2,2230,21219,California
San Bernardino,2020-12-30,2914,24131,1461,18239,1453,5892,0,0,2914,24131,0,2,2914,24133,California
San Bernardino,2020-12-31,1377,25508,441,18680,936,6828,0,0,1375,25506,0,2,1375,25508,California
San Bernardino,2021-01-01,287,25795,151,18831,136,6964,0,0,286,25792,0,2,286,25794,California
San Bernardino,2021-01-02,485,26280,345,19176,140,7104,0,0,485,26277,0,2,485,26279,California
San Bernardino,2021-01-03,142,26422,88,19264,54,7158,0,0,142,26419,0,2,142,26421,California
San Bernardino,2021-01-04,2141,28563,1293,20557,848,8006,0,0,2140,28559,0,2,2140,28561,California
San Bernardino,2021-01-05,2344,30907,1462,22019,882,8888,0,0,2232,30681,110,112,2232,30793,California
San Bernardino,2021-01-06,3459,34366,2359,24378,1100,9988,0,0,2960,33149,493,605,2961,33754,California
San Bernardino,2021-01-07,5447,39813,4515,28893,932,10920,0,0,2488,32697,2940,3545,2488,36242,California
San Bernardino,2021-01-08,5382,45195,4455,33348,927,11847,0,0,2292,31904,3086,6631,2293,38535,California
San Bernardino,2021-01-09,1406,46601,1100,34448,306,12153,0,0,906,32310,500,7131,906,39441,California
San Bernardino,2021-01-10,1027,47628,599,35047,428,12581,0,0,577,32437,450,7581,577,40018,California
San Bernardino,2021-01-11,4988,52616,4075,39122,913,13494,0,0,2772,32996,2213,9794,2772,42790,California
San Bernardino,2021-01-12,4249,56865,3226,42348,1023,14517,0,0,2523,33795,1724,11518,2523,45313,California
San Bernardino,2021-01-13,4591,61456,2855,45203,1736,16253,0,0,3364,35945,1215,12733,3365,48678,California
San Bernardino,2021-01-14,4872,66328,2879,48082,1993,18246,0,0,4285,39647,583,13316,4285,52963,California
San Bernardino,2021-01-15,6005,72333,2964,51046,3041,21287,0,0,5604,44863,391,13707,5607,58570,California
San Bernardino,2021-01-16,2275,74608,1294,52340,981,22268,0,0,2131,46850,144,13851,2131,60701,California
San Bernardino,2021-01-17,1192,75800,508,52848,684,22952,0,0,1108,47877,83,13934,1110,61811,California
San Bernardino,2021-01-18,4285,80085,2647,55495,1638,24590,0,0,3656,50908,628,14562,3659,65470,California
San Bernardino,2021-01-19,6349,86434,3715,59210,2634,27224,0,0,5255,55073,1092,15654,5257,70727,California
San Bernardino,2021-01-20,6911,93345,3795,63005,3116,30340,0,0,4939,58052,1962,17616,4941,75668,California
San Bernardino,2021-01-21,6028,99373,3091,66096,2937,33277,0,0,4898,61833,1120,18736,4901,80569,California
San Bernardino,2021-01-22,6583,105956,3071,69167,3512,36789,0,0,5856,66965,725,19461,5857,86426,California
San Bernardino,2021-01-23,3141,109097,1902,71069,1239,38028,0,0,2737,69299,403,19864,2737,89163,California
San Bernardino,2021-01-24,1209,110306,462,71531,747,38775,0,0,1105,70300,104,19968,1105,90268,California
San Bernardino,2021-01-25,6915,117221,3413,74944,3502,42277,0,0,5061,73513,1851,21819,5064,95332,California
San Bernardino,2021-01-26,7111,124332,3543,78487,3568,45845,0,0,5004,76413,2106,23925,5006,100338,California
San Bernardino,2021-01-27,8563,132895,4149,82636,4414,50259,0,0,5735,79329,2819,26744,5735,106073,California
San Bernardino,2021-01-28,8647,141542,4088,86724,4559,54818,0,0,6305,83297,2337,29081,6305,112378,California
San Bernardino,2021-01-29,8236,149778,3763,90487,4473,59291,0,0,6246,87570,1974,31055,6247,118625,California
San Bernardino,2021-01-30,3120,152898,1903,92390,1217,60508,0,0,2827,90106,292,31347,2828,121453,California
San Bernardino,2021-01-31,931,153829,487,92877,444,60952,0,0,873,90922,57,31404,873,122326,California
San Bernardino,2021-02-01,7626,161455,4256,97133,3370,64322,0,0,4967,93235,2655,34059,4968,127294,California
San Bernardino,2021-02-02,10535,171990,3680,100813,6855,71177,0,0,8441,99588,2090,36149,8443,135737,California
San Bernardino,2021-02-03,9076,181066,4160,104973,4916,76093,0,0,6553,103627,2515,38664,6554,142291,California
San Bernardino,2021-02-04,10584,191650,5205,110178,5379,81472,0,0,7459,107973,3114,41778,7460,149751,California
San Bernardino,2021-02-05,11115,202765,5957,116135,5158,86630,0,0,7540,111951,3563,45341,7541,157292,California
San Bernardino,2021-02-06,5294,208059,2225,118360,3069,89699,0,0,3655,113994,1615,46956,3658,160950,California
San Bernardino,2021-02-07,853,208912,494,118854,359,90058,0,0,477,114099,373,47329,478,161428,California
San Bernardino,2021-02-08,7312,216224,3892,122746,3420,93478,0,0,5628,118045,1682,49011,5628,167056,California
San Bernardino,2021-02-09,10164,226388,5915,128661,4249,97727,0,0,6849,121584,3314,52325,6853,173909,California
San Bernardino,2021-02-10,12151,238539,6480,135141,5671,103398,0,0,7996,125437,4144,56469,7997,181906,California
San Bernardino,2021-02-11,12509,251048,7161,142302,5348,108746,0,0,7960,128879,4522,60991,7964,189870,California
San Bernardino,2021-02-12,10557,261605,5975,148277,4582,113328,0,0,5773,129890,4765,65756,5776,195646,California
San Bernardino,2021-02-13,6088,267693,4050,152327,2038,115366,0,0,3814,131451,2258,68014,3819,199465,California
San Bernardino,2021-02-14,1569,269262,662,152989,907,116273,0,0,880,131650,682,68696,881,200346,California
San Bernardino,2021-02-15,5495,274757,3003,155992,2492,118765,0,0,3068,132304,2414,71110,3068,203414,California
San Bernardino,2021-02-16,12662,287419,7399,163391,5263,124028,0,0,7981,135621,4668,75778,7985,211399,California
San Bernardino,2021-02-17,11843,299262,6471,169862,5372,129400,0,0,7161,138125,4662,80440,7166,218565,California
San Bernardino,2021-02-18,12505,311767,7597,177459,4908,134308,0,0,7705,141048,4784,85224,7707,226272,California
San Bernardino,2021-02-19,11631,323398,5961,183420,5670,139978,0,0,6891,143221,4720,89944,6893,233165,California
San Bernardino,2021-02-20,4535,327933,3474,186894,1061,141039,0,0,2049,142791,2482,92426,2052,235217,California
San Bernardino,2021-02-21,1152,329085,689,187583,463,141502,0,0,404,142448,748,93174,405,235622,California
San Bernardino,2021-02-22,8704,337789,5365,192948,3339,144841,0,0,4053,141863,4639,97813,4054,239676,California
San Bernardino,2021-02-23,9221,347010,5486,198434,3735,148576,0,0,4660,141994,4535,102348,4666,244342,California
San Bernardino,2021-02-24,12528,359538,7199,205633,5329,153905,0,0,6192,141876,6316,108664,6198,250540,California
San Bernardino,2021-02-25,13152,372690,6297,211930,6855,160760,0,0,7658,144061,5477,114141,7662,258202,California
San Bernardino,2021-02-26,13722,386412,6390,218320,7332,168092,0,0,7648,145707,6010,120151,7656,265858,California
San Bernardino,2021-02-27,6704,393116,3749,222069,2954,171046,1,1,4822,148664,1870,122021,4827,270685,California
San Bernardino,2021-02-28,1785,394901,747,222816,1038,172084,0,1,1144,149178,632,122653,1146,271831,California
San Bernardino,2021-03-01,8505,403406,4385,227201,4116,176200,4,5,3865,148444,4614,127267,3880,275711,California
San Bernardino,2021-03-02,13919,417325,5570,232771,8349,184549,0,5,6550,147667,7337,134604,6560,282271,California
San Bernardino,2021-03-03,13144,430469,6691,239462,6449,190998,4,9,6208,146975,6912,141516,6220,288491,California
San Bernardino,2021-03-04,13993,444462,6941,246403,7051,198049,1,10,6071,145155,7900,149416,6080,294571,California
San Bernardino,2021-03-05,14490,458952,7573,253976,6915,204964,2,12,7067,144855,7390,156806,7090,301661,California
San Bernardino,2021-03-06,9751,468703,5472,259448,4055,209019,224,236,4560,144464,5173,161979,4782,306443,California
San Bernardino,2021-03-07,1687,470390,1020,260468,595,209614,72,308,1061,144976,624,162603,1136,307579,California
San Bernardino,2021-03-08,8135,478525,3600,264068,4365,213979,170,478,3617,144260,4508,167111,3792,311371,California
San Bernardino,2021-03-09,13121,491646,7497,271565,5374,219353,250,728,5295,141995,7812,174923,5547,316918,California
San Bernardino,2021-03-10,14238,505884,7870,279435,5812,225165,556,1284,6375,141092,7836,182759,6933,323851,California
San Bernardino,2021-03-11,15674,521558,7257,286692,6811,231976,1606,2890,7395,141835,8256,191015,8999,332850,California
San Bernardino,2021-03-12,15615,537173,6958,293650,6607,238583,2050,4940,7362,143071,8221,199236,9457,342307,California
San Bernardino,2021-03-13,8411,545584,4584,298234,3311,241894,516,5456,4982,145154,3418,202654,5501,347808,California
San Bernardino,2021-03-14,3302,548886,1672,299906,1047,242941,583,6039,1843,146124,1452,204106,2422,350230,California
San Bernardino,2021-03-15,11437,560323,5401,305307,4002,246943,2034,8073,5599,147929,5823,209929,7628,357858,California
San Bernardino,2021-03-16,16270,576593,8053,313360,7274,254217,943,9016,9925,152487,6317,216246,10875,368733,California
San Bernardino,2021-03-17,17487,594080,8692,322052,8046,262263,749,9765,10585,156941,6882,223128,11336,380069,California
San Bernardino,2021-03-18,16744,610824,8281,330333,8076,270339,387,10152,9897,160404,6820,229948,10283,390352,California
San Bernardino,2021-03-19,17073,627897,8474,338807,8002,278341,597,10749,9790,163588,7255,237203,10439,400791,California
San Bernardino,2021-03-20,9499,637396,5975,344782,2928,281269,596,11345,5620,165946,3852,241055,6210,407001,California
San Bernardino,2021-03-21,2820,640216,2298,347080,471,281740,51,11396,2262,167714,545,241600,2313,409314,California
San Bernardino,2021-03-22,9657,649873,4543,351623,4677,286417,437,11833,6999,172513,2637,244237,7436,416750,California
San Bernardino,2021-03-23,15643,665516,8876,360499,6147,292564,620,12453,9656,176823,5964,250201,10274,427024,California
San Bernardino,2021-03-24,15222,680738,7833,368332,7083,299647,306,12759,10044,182035,5139,255340,10351,437375,California
San Bernardino,2021-03-25,17110,697848,8377,376709,8428,308075,305,13064,10795,186867,6263,261603,11095,448470,California
San Bernardino,2021-03-26,18242,716090,8675,385384,8797,316872,770,13834,10890,191208,7321,268924,11662,460132,California
San Bernardino,2021-03-27,10882,726972,7021,392405,3106,319978,755,14589,6188,193477,4672,273596,6941,467073,California
San Bernardino,2021-03-28,3642,730614,2558,394963,970,320948,114,14703,2521,195001,1111,274707,2635,469708,California
San Bernardino,2021-03-29,11818,742432,6139,401102,5277,326225,402,15105,7968,199540,3830,278537,8369,478077,California
San Bernardino,2021-03-30,17027,759459,9504,410606,6804,333029,719,15824,10531,204323,6457,284994,11240,489317,California
San Bernardino,2021-03-31,16640,776099,9369,419975,6629,339658,642,16466,10875,210104,5733,290727,11514,500831,California
San Bernardino,2021-04-01,19869,795968,10489,430464,7953,347611,1427,17893,12729,217161,7091,297818,14148,514979,California
San Bernardino,2021-04-02,18936,814904,9549,440013,8092,355703,1295,19188,11425,222440,7482,305300,12761,527740,California
San Bernardino,2021-04-03,11177,826081,6990,447003,3042,358745,1145,20333,6074,224566,5084,310384,7210,534950,California
San Bernardino,2021-04-04,2510,828591,1514,448517,746,359491,250,20583,1260,224834,1242,311626,1510,536460,California
San Bernardino,2021-04-05,11857,840448,5313,453830,4771,364262,1773,22356,6036,226837,5799,317425,7802,544262,California
San Bernardino,2021-04-06,19863,860311,11176,465006,6560,370822,2127,24483,10477,230091,9339,326764,12593,556855,California
San Bernardino,2021-04-07,21186,881497,11375,476381,7309,378131,2502,26985,11514,234453,9639,336403,14001,570856,California
San Bernardino,2021-04-08,22102,903599,11335,487716,8131,386262,2636,29621,12107,239220,9965,346368,14732,585588,California
San Bernardino,2021-04-09,21981,925580,11177,498893,8177,394439,2627,32248,11928,243745,10014,356382,14539,600127,California
San Bernardino,2021-04-10,15737,941317,8144,507037,3868,398307,3725,35973,7811,247363,7902,364284,11520,611647,California
San Bernardino,2021-04-11,4451,945768,2591,509628,893,399200,967,36940,2045,247968,2400,366684,3005,614652,California
San Bernardino,2021-04-12,13523,959291,6241,515869,5610,404810,1672,38612,6400,248937,7098,373782,8067,622719,California
San Bernardino,2021-04-13,19475,978766,11102,526971,8354,413164,19,38631,11185,251885,8259,382041,11207,633926,California
San Bernardino,2021-04-14,19538,998304,10442,537413,9093,422257,3,38634,11013,254417,8487,390528,11019,644945,California
San Bernardino,2021-04-15,20628,1018932,11531,548944,9091,431348,6,38640,10943,255723,9645,400173,10951,655896,California
San Bernardino,2021-04-16,18895,1037827,10702,559646,8192,439540,1,38641,9276,255428,9572,409745,9277,665173,California
San Bernardino,2021-04-17,12077,1049904,7964,567610,4113,443653,0,38641,6319,256034,5713,415458,6319,671492,California
San Bernardino,2021-04-18,2945,1052849,2019,569629,926,444579,0,38641,1304,255710,1628,417086,1304,672796,California
San Bernardino,2021-04-19,12674,1065523,6769,576398,5905,450484,0,38641,4942,252950,7707,424793,4947,677743,California
San Bernardino,2021-04-20,17868,1083391,9972,586370,7893,458377,3,38644,8130,251379,9706,434499,8135,685878,California
San Bernardino,2021-04-21,18254,1101645,10414,596784,7838,466215,2,38646,7988,249171,10201,444700,7993,693871,California
San Bernardino,2021-04-22,19258,1120903,10995,607779,8259,474474,4,38650,7832,245639,11371,456071,7839,701710,California
San Bernardino,2021-04-23,18534,1139437,10599,618378,7934,482408,1,38651,8051,243265,10428,466499,8054,709764,California
San Bernardino,2021-04-24,12858,1152295,9482,627860,3374,485782,2,38653,6909,244241,5935,472434,6911,716675,California
San Bernardino,2021-04-25,3421,1155716,2237,630097,1184,486966,0,38653,1681,244200,1724,474158,1683,718358,California
San Bernardino,2021-04-26,11150,1166866,6005,636102,5055,492021,90,38743,4758,242697,6352,480510,4849,723207,California
San Bernardino,2021-04-27,16532,1183398,9951,646053,6370,498391,211,38954,6781,239982,9707,490217,6992,730199,California
San Bernardino,2021-04-28,14749,1198147,8745,654798,5727,504118,277,39231,5278,236084,9445,499662,5547,735746,California
San Bernardino,2021-04-29,16236,1214383,9328,664126,6640,510758,268,39499,5377,230904,10822,510484,5642,741388,California
San Bernardino,2021-04-30,16566,1230949,10451,674577,5835,516593,280,39779,6096,226847,10431,520915,6374,747762,California
San Bernardino,2021-05-01,10764,1241713,8421,682998,2029,518622,314,40093,3723,223844,7036,527951,4033,751795,California
San Bernardino,2021-05-02,2946,1244659,2130,685128,685,519307,131,40224,1051,223140,1885,529836,1181,752976,California
San Bernardino,2021-05-03,10049,1254708,5777,690905,3868,523175,404,40628,2898,219303,7139,536975,3302,756278,California
San Bernardino,2021-05-04,15740,1270448,9559,700464,5726,528901,455,41083,4589,213235,11109,548084,5041,761319,California
San Bernardino,2021-05-05,15363,1285811,8847,709311,6104,535005,412,41495,4328,206983,10987,559071,4735,766054,California
San Bernardino,2021-05-06,15817,1301628,9005,718316,6398,541403,414,41909,4290,200199,11487,570558,4703,770757,California
San Bernardino,2021-05-07,15518,1317146,8695,727011,6447,547850,376,42285,4634,194377,10828,581386,5006,775763,California
San Bernardino,2021-05-08,9274,1326420,6137,733148,2870,550720,267,42552,3156,191715,6085,587471,3423,779186,California
San Bernardino,2021-05-09,1820,1328240,1118,734266,612,551332,90,42642,729,191452,1084,588555,821,780007,California
San Bernardino,2021-05-10,7540,1335780,3449,737715,3775,555107,316,42958,2317,188905,5178,593733,2631,782638,California
San Bernardino,2021-05-11,12198,1347978,6718,744433,5129,560236,351,43309,3849,184797,8309,602042,4201,786839,California
San Bernardino,2021-05-12,12718,1360696,6916,751349,5487,565723,315,43624,3763,179964,8909,610951,4076,790915,California
San Bernardino,2021-05-13,13326,1374022,8047,759396,4933,570656,346,43970,5250,177524,8031,618982,5591,796506,California
San Bernardino,2021-05-14,13741,1387763,9141,768537,4265,574921,335,44305,5766,175703,7922,626904,6101,802607,California
San Bernardino,2021-05-15,11267,1399030,8354,776891,2725,577646,188,44493,4537,173725,6697,633601,4719,807326,California
San Bernardino,2021-05-16,2788,1401818,2056,778947,670,578316,62,44555,1307,173633,1462,635063,1370,808696,California
San Bernardino,2021-05-17,10081,1411899,6800,785747,2988,581304,293,44848,4547,172971,5499,640562,4837,813533,California
San Bernardino,2021-05-18,13443,1425342,8831,794578,4363,585667,249,45097,6059,171919,7357,647919,6305,819838,California
San Bernardino,2021-05-19,11542,1436884,7219,801797,3943,589610,380,45477,5356,171502,6150,654069,5733,825571,California
San Bernardino,2021-05-20,11545,1448429,6890,808687,4338,593948,317,45794,5171,170656,6333,660402,5487,831058,California
San Bernardino,2021-05-21,12633,1461062,8376,817063,3875,597823,382,46176,5506,169467,7073,667475,5884,836942,California
San Bernardino,2021-05-22,8911,1469973,6676,823739,2027,599850,208,46384,4273,169355,4589,672064,4477,841419,California
San Bernardino,2021-05-23,2315,1472288,1430,825169,793,600643,92,46476,1103,169346,1203,673267,1194,842613,California
San Bernardino,2021-05-24,6674,1478962,4180,829349,2192,602835,302,46778,2934,168896,3686,676953,3236,845849,California
San Bernardino,2021-05-25,9322,1488284,5720,835069,3347,606182,255,47033,4166,168193,5121,682074,4418,850267,California
San Bernardino,2021-05-26,8228,1496512,5228,840297,2753,608935,247,47280,3813,167877,4372,686446,4056,854323,California
San Bernardino,2021-05-27,7646,1504158,4655,844952,2754,611689,237,47517,3518,167543,4089,690535,3755,858078,California
San Bernardino,2021-05-28,8787,1512945,5463,850415,3044,614733,280,47797,4400,167878,4344,694879,4679,862757,California
San Bernardino,2021-05-29,5046,1517991,3362,853777,1565,616298,119,47916,2655,168279,2372,697251,2773,865530,California
San Bernardino,2021-05-30,1745,1519736,1235,855012,431,616729,79,47995,902,168425,837,698088,983,866513,California
San Bernardino,2021-05-31,891,1520627,566,855578,309,617038,16,48011,318,168192,569,698657,336,866849,California
San Bernardino,2021-06-01,8639,1529266,5552,861130,2841,619879,246,48257,3530,166917,5052,703709,3777,870626,California
San Bernardino,2021-06-02,6833,1536099,4297,865427,2296,622175,240,48497,2968,166291,3832,707541,3206,873832,California
San Bernardino,2021-06-03,7946,1544045,5355,870782,2392,624567,199,48696,2766,164100,5156,712697,2965,876797,California
San Bernardino,2021-06-04,9092,1553137,6143,876925,2657,627224,292,48988,3232,161811,5812,718509,3523,880320,California
San Bernardino,2021-06-05,6523,1559660,4978,881903,1420,628644,125,49113,2357,160146,4144,722653,2479,882799,California
San Bernardino,2021-06-06,2022,1561682,1683,883586,275,628919,64,49177,848,159893,1165,723818,912,883711,California
San Bernardino,2021-06-07,6271,1567953,4881,888467,1176,630095,214,49391,2010,157877,4238,728056,2222,885933,California
San Bernardino,2021-06-08,8399,1576352,6104,894571,2080,632175,215,49606,2733,155219,5602,733658,2944,888877,California
San Bernardino,2021-06-09,6970,1583322,4961,899532,1827,634002,182,49788,2272,153024,4650,738308,2455,891332,California
San Bernardino,2021-06-10,7055,1590377,4989,904521,1868,635870,198,49986,2250,150714,4757,743065,2447,893779,California
San Bernardino,2021-06-11,8098,1598475,5693,910214,2178,638048,227,50213,2937,148761,5115,748180,3162,896941,California
San Bernardino,2021-06-12,5874,1604349,4629,914843,1124,639172,121,50334,1732,146495,4121,752301,1855,898796,California
San Bernardino,2021-06-13,1482,1605831,1053,915896,358,639530,71,50405,426,145939,1052,753353,496,899292,California
San Bernardino,2021-06-14,4889,1610720,3534,919430,1136,640666,219,50624,1900,145093,2963,756316,2117,901409,California
San Bernardino,2021-06-15,7142,1617862,5058,924488,1840,642506,244,50868,2572,143384,4520,760836,2811,904220,California
San Bernardino,2021-06-16,6337,1624199,4516,929004,1610,644116,211,51079,2345,141996,3945,764781,2557,906777,California
San Bernardino,2021-06-17,5632,1629831,3962,932966,1510,645626,160,51239,2209,140978,3386,768167,2368,909145,California
San Bernardino,2021-06-18,6856,1636687,4611,937577,2004,647630,241,51480,2585,139567,4235,772402,2824,911969,California
San Bernardino,2021-06-19,4054,1640741,3031,940608,893,648523,130,51610,1754,139173,2276,774678,1882,913851,California
San Bernardino,2021-06-20,1463,1642204,1124,941732,279,648802,60,51670,589,138955,867,775545,649,914500,California
San Bernardino,2021-06-21,3519,1645723,2279,944011,1022,649824,218,51888,1975,139620,1526,777071,2191,916691,California
San Bernardino,2021-06-22,5516,1651239,3776,947787,1543,651367,197,52085,2208,138746,3280,780351,2406,919097,California
San Bernardino,2021-06-23,2509,1653748,1835,949622,547,651914,127,52212,947,138270,1548,781899,1072,920169,California
San Diego,2020-12-15,119,119,119,119,0,0,0,0,119,119,0,0,119,119,California
San Diego,2020-12-16,1073,1192,1073,1192,0,0,0,0,1073,1192,0,0,1073,1192,California
San Diego,2020-12-17,2323,3515,2323,3515,0,0,0,0,2323,3515,0,0,2323,3515,California
San Diego,2020-12-18,3606,7121,3605,7120,1,1,0,0,3606,7121,0,0,3606,7121,California
San Diego,2020-12-19,2268,9389,2268,9388,0,1,0,0,2268,9389,0,0,2268,9389,California
San Diego,2020-12-20,1148,10537,1147,10535,1,2,0,0,1148,10537,0,0,1148,10537,California
San Diego,2020-12-21,3457,13994,3455,13990,2,4,0,0,3457,13994,0,0,3457,13994,California
San Diego,2020-12-22,4016,18010,3381,17371,635,639,0,0,4016,18010,0,0,4016,18010,California
San Diego,2020-12-23,3156,21166,1957,19328,1199,1838,0,0,3156,21166,0,0,3156,21166,California
San Diego,2020-12-24,2701,23867,2187,21515,514,2352,0,0,2701,23867,0,0,2701,23867,California
San Diego,2020-12-25,856,24723,855,22370,1,2353,0,0,856,24723,0,0,856,24723,California
San Diego,2020-12-26,3196,27919,2127,24497,1069,3422,0,0,3196,27919,0,0,3196,27919,California
San Diego,2020-12-27,2479,30398,1594,26091,885,4307,0,0,2478,30396,1,1,2478,30397,California
San Diego,2020-12-28,5827,36225,4155,30246,1672,5979,0,0,5827,36223,0,1,5827,36224,California
San Diego,2020-12-29,5494,41719,2941,33187,2553,8532,0,0,5494,41717,0,1,5494,41718,California
San Diego,2020-12-30,5845,47564,3045,36232,2800,11332,0,0,5845,47562,0,1,5845,47563,California
San Diego,2020-12-31,2962,50526,1023,37255,1939,13271,0,0,2962,50524,0,1,2962,50525,California
San Diego,2021-01-01,992,51518,442,37697,550,13821,0,0,992,51516,0,1,992,51517,California
San Diego,2021-01-02,3666,55184,1287,38984,2379,16200,0,0,3666,55182,0,1,3666,55183,California
San Diego,2021-01-03,832,56016,621,39605,211,16411,0,0,831,56013,0,1,831,56014,California
San Diego,2021-01-04,3639,59655,2018,41623,1621,18032,0,0,3633,59646,0,1,3633,59647,California
San Diego,2021-01-05,4294,63949,2142,43765,2152,20184,0,0,3711,62789,580,581,3723,63370,California
San Diego,2021-01-06,4829,68778,2246,46011,2583,22767,0,0,3634,65253,1174,1755,3638,67008,California
San Diego,2021-01-07,5542,74320,2926,48937,2616,25383,0,0,3429,66582,2108,3863,3437,70445,California
San Diego,2021-01-08,7788,82108,4884,53821,2904,28287,0,0,4057,66941,3715,7578,4074,74519,California
San Diego,2021-01-09,3416,85524,1906,55727,1510,29797,0,0,1892,67330,1514,9092,1903,76422,California
San Diego,2021-01-10,1845,87369,1276,57003,569,30366,0,0,756,67019,1077,10169,766,77188,California
San Diego,2021-01-11,10189,97558,5792,62795,4397,34763,0,0,6704,70263,3478,13647,6722,83910,California
San Diego,2021-01-12,10996,108554,5254,68049,5742,40505,0,0,7656,74698,3331,16978,7766,91676,California
San Diego,2021-01-13,11285,119839,4984,73033,6301,46806,0,0,8769,80988,2505,19483,8795,100471,California
San Diego,2021-01-14,11954,131793,4513,77546,7441,54247,0,0,9832,88739,2115,21598,9866,110337,California
San Diego,2021-01-15,14785,146578,5231,82777,9554,63801,0,0,12187,98402,2580,24178,12243,122580,California
San Diego,2021-01-16,10531,157109,3549,86326,6982,70783,0,0,9101,106109,1426,25604,9133,131713,California
San Diego,2021-01-17,8471,165580,2431,88757,6040,76823,0,0,7645,112947,826,26430,7664,139377,California
San Diego,2021-01-18,12653,178233,6214,94971,6439,83262,0,0,9846,120080,2776,29206,9909,149286,California
San Diego,2021-01-19,14406,192639,5627,100598,8779,92041,0,0,11312,128572,3085,32291,11577,160863,California
San Diego,2021-01-20,18064,210703,6327,106925,11737,103778,0,0,14767,140245,3277,35568,14950,175813,California
San Diego,2021-01-21,17027,227730,5741,112666,11286,115064,0,0,15661,154694,1357,36925,15806,191619,California
San Diego,2021-01-22,17197,244927,4579,117245,12618,127682,0,0,15202,167999,1982,38907,15287,206906,California
San Diego,2021-01-23,14059,258986,5202,122447,8857,136539,0,0,11797,177607,2251,41158,11859,218765,California
San Diego,2021-01-24,11567,270553,3248,125695,8319,144858,0,0,10605,187295,960,42118,10648,229413,California
San Diego,2021-01-25,11977,282530,5665,131360,6312,151170,0,0,9003,193489,2966,45084,9160,238573,California
San Diego,2021-01-26,14955,297485,7815,139175,7140,158310,0,0,11573,201872,3380,48464,11763,250336,California
San Diego,2021-01-27,20158,317643,7831,147006,12327,170637,0,0,17169,216208,2980,51444,17316,267652,California
San Diego,2021-01-28,20896,338539,7595,154601,13301,183938,0,0,18653,232717,2232,53676,18741,286393,California
San Diego,2021-01-29,19299,357838,6391,160992,12908,196846,0,0,16869,247218,2420,56096,16921,303314,California
San Diego,2021-01-30,15491,373329,3571,164563,11920,208766,0,0,12855,257546,2627,58723,12955,316269,California
San Diego,2021-01-31,14502,387831,5714,170277,8788,217554,0,0,14154,271389,344,59067,14187,330456,California
San Diego,2021-02-01,20485,408316,7501,177778,12984,230538,0,0,16998,284989,3474,62541,17074,347530,California
San Diego,2021-02-02,22483,430799,8280,186058,14203,244741,0,0,19252,301180,3223,65764,19414,366944,California
San Diego,2021-02-03,27211,458010,11704,197762,15507,260248,0,0,22991,320154,4201,69965,23175,390119,California
San Diego,2021-02-04,23805,481815,9806,207568,13999,274247,0,0,19255,335153,4535,74500,19534,409653,California
San Diego,2021-02-05,24232,506047,8596,216164,15636,289883,0,0,17822,347043,6385,80885,18275,427928,California
San Diego,2021-02-06,20391,526438,8445,224609,11946,301829,0,0,17182,361240,3206,84091,17403,445331,California
San Diego,2021-02-07,11903,538341,5314,229923,6589,308418,0,0,10055,369709,1837,85928,10306,455637,California
San Diego,2021-02-08,19792,558133,8425,238348,11367,319785,0,0,12434,375471,7347,93275,13109,468746,California
San Diego,2021-02-09,20146,578279,8244,246592,11902,331687,0,0,12975,382347,7150,100425,14026,482772,California
San Diego,2021-02-10,22609,600888,9267,255859,13342,345029,0,0,13632,388404,8925,109350,14982,497754,California
San Diego,2021-02-11,23468,624356,10087,265946,13381,358410,0,0,12561,391744,10881,120231,14221,511975,California
San Diego,2021-02-12,23253,647609,7275,273221,15978,374388,0,0,11540,393832,11695,131926,13783,525758,California
San Diego,2021-02-13,19722,667331,8945,282166,10777,385165,0,0,10733,396747,8983,140909,11898,537656,California
San Diego,2021-02-14,11014,678345,7324,289490,3690,388855,0,0,6127,399482,4883,145792,7618,545274,California
San Diego,2021-02-15,14962,693307,7557,297047,7405,396260,0,0,7584,402747,7356,153148,10621,555895,California
San Diego,2021-02-16,18973,712280,11069,308116,7904,404164,0,0,9030,404781,9932,163080,11966,567861,California
San Diego,2021-02-17,22939,735219,10714,318830,12225,416389,0,0,7851,400546,15075,178155,10840,578701,California
San Diego,2021-02-18,23248,758467,11881,330711,11367,427756,0,0,7627,396582,15610,193765,11646,590347,California
San Diego,2021-02-19,15558,774025,10792,341503,4766,432522,0,0,6362,395696,9178,202943,8292,598639,California
San Diego,2021-02-20,9983,784008,6223,347726,3760,436282,0,0,5621,398820,4360,207303,7484,606123,California
San Diego,2021-02-21,11416,795424,10012,357738,1404,437686,0,0,5030,398956,6381,213684,6517,612640,California
San Diego,2021-02-22,12199,807623,10400,368138,1799,439485,0,0,5584,399543,6610,220294,7197,619837,California
San Diego,2021-02-23,25204,832827,14095,382233,11109,450594,0,0,9225,398614,15969,236263,15040,634877,California
San Diego,2021-02-24,28449,861276,12581,394814,15868,466462,0,0,6624,390753,21805,258068,13944,648821,California
San Diego,2021-02-25,32493,893769,14405,409219,18088,484550,0,0,9786,386141,22685,280753,18073,666894,California
San Diego,2021-02-26,32676,926445,12127,421346,20549,505099,0,0,11673,383842,20972,301725,18673,685567,California
San Diego,2021-02-27,20701,947146,9356,430702,11345,516444,0,0,11090,389497,9605,311330,15260,700827,California
San Diego,2021-02-28,14914,962060,9748,440450,5166,521610,0,0,9254,395811,5659,316989,11973,712800,California
San Diego,2021-03-01,23892,985952,14077,454527,9814,531424,1,1,14496,404787,9316,326305,18292,731092,California
San Diego,2021-03-02,25792,1011744,13887,468414,11905,543329,0,1,12554,410715,13226,339531,19154,750246,California
San Diego,2021-03-03,33510,1045254,15770,484184,17737,561066,3,4,13822,411706,19664,359195,20655,770901,California
San Diego,2021-03-04,27835,1073089,13879,498063,13956,575022,0,4,12387,415304,15427,374622,19025,789926,California
San Diego,2021-03-05,28464,1101553,14660,512723,13724,588746,80,84,13294,420110,15142,389764,19948,809874,California
San Diego,2021-03-06,23031,1124584,9403,522126,12931,601677,697,781,10163,422708,12855,402619,15453,825327,California
San Diego,2021-03-07,17924,1142508,9126,531252,8230,609907,568,1349,6810,422547,11102,413721,10941,836268,California
San Diego,2021-03-08,22704,1165212,11042,542294,10756,620663,906,2255,11265,428062,11418,425139,16933,853201,California
San Diego,2021-03-09,25416,1190628,11700,553994,11965,632628,1751,4006,9950,428172,15450,440589,15560,868761,California
San Diego,2021-03-10,25072,1215700,10504,564498,12184,644812,2384,6390,9914,429311,15142,455731,16281,885042,California
San Diego,2021-03-11,28069,1243769,10779,575277,13771,658583,3519,9909,9785,428246,18259,473990,17194,902236,California
San Diego,2021-03-12,26866,1270635,9405,584682,14367,672950,3094,13003,9832,427757,17021,491011,16532,918768,California
San Diego,2021-03-13,25871,1296506,7194,591876,16919,689869,1758,14761,10008,427753,15858,506869,15854,934622,California
San Diego,2021-03-14,13677,1310183,5405,597281,7538,697407,734,15495,4759,426603,8909,515778,7759,942381,California
San Diego,2021-03-15,21753,1331936,10026,607307,10945,708352,782,16277,8958,426601,12779,528557,12777,955158,California
San Diego,2021-03-16,29531,1361467,15473,622780,13646,721998,412,16689,15595,431656,13913,542470,18968,974126,California
San Diego,2021-03-17,26085,1387552,12134,634914,13234,735232,717,17406,16668,441665,9400,551870,19409,993535,California
San Diego,2021-03-18,31090,1418642,17486,652400,12686,747918,918,18324,16926,446871,14129,565999,19335,1012870,California
San Diego,2021-03-19,30076,1448718,14254,666654,14772,762690,1050,19374,19275,457598,10781,576780,21508,1034378,California
San Diego,2021-03-20,27569,1476287,8388,675042,17407,780097,1774,21148,21272,475437,6286,583066,24125,1058503,California
San Diego,2021-03-21,16252,1492539,11853,686895,3704,783801,695,21843,7634,476472,8604,591670,9639,1068142,California
San Diego,2021-03-22,22369,1514908,13037,699932,9047,792848,285,22128,14250,485647,8105,599775,17280,1085422,California
San Diego,2021-03-23,25691,1540599,13462,713394,11943,804791,286,22414,17012,496300,8665,608440,19318,1104740,California
San Diego,2021-03-24,29266,1569865,19557,732951,9320,814111,389,22803,16972,503399,12281,620721,19380,1124120,California
San Diego,2021-03-25,30105,1599970,18123,751074,11300,825411,682,23485,17877,511844,12207,632928,20652,1144772,California
San Diego,2021-03-26,31813,1631783,17787,768861,13511,838922,515,24000,17366,518100,14422,647350,20678,1165450,California
San Diego,2021-03-27,25351,1657134,11039,779900,13932,852854,380,24380,15604,526599,9729,657079,18228,1183678,California
San Diego,2021-03-28,14979,1672113,9173,789073,5748,858602,58,24438,9227,531602,5745,662824,10748,1194426,California
San Diego,2021-03-29,26552,1698665,12819,801892,13103,871705,630,25068,16348,540814,10193,673017,19405,1213831,California
San Diego,2021-03-30,33044,1731709,17792,819684,14462,886167,790,25858,21885,554157,11146,684163,24489,1238320,California
San Diego,2021-03-31,30265,1761974,18667,838351,10890,897057,708,26566,20524,566768,9723,693886,22334,1260654,California
San Diego,2021-04-01,34098,1796072,19902,858253,12719,909776,1477,28043,23111,581701,10965,704851,25898,1286552,California
San Diego,2021-04-02,35579,1831651,20584,878837,12220,921996,2775,30818,23986,598314,11573,716424,28186,1314738,California
San Diego,2021-04-03,30717,1862368,14400,893237,11703,933699,4614,35432,19579,612577,11123,727547,25386,1340124,California
San Diego,2021-04-04,8984,1871352,5158,898395,2908,936607,918,36350,4775,614243,4203,731750,5869,1345993,California
San Diego,2021-04-05,29599,1900951,15321,913716,11593,948200,2685,39035,19211,628232,10371,742121,24360,1370353,California
San Diego,2021-04-06,38513,1939464,20267,933983,12350,960550,5896,44931,22144,642025,16349,758470,30142,1400495,California
San Diego,2021-04-07,35588,1975052,21832,955815,9209,969759,4547,49478,20135,652481,15428,773898,25884,1426379,California
San Diego,2021-04-08,34964,2010016,21223,977038,9612,979371,4129,53607,21114,666450,13829,787727,27798,1454177,California
San Diego,2021-04-09,38101,2048117,22727,999765,10218,989589,5156,58763,20570,677996,17468,805195,29014,1483191,California
San Diego,2021-04-10,28938,2077055,11700,1011465,13248,1002837,3990,62753,14923,685914,14004,819199,21922,1505113,California
San Diego,2021-04-11,16131,2093186,9979,1021444,3857,1006694,2295,65048,7135,689350,8991,828190,12427,1517540,California
San Diego,2021-04-12,30606,2123792,12835,1034279,13497,1020191,4274,69322,16981,700653,13609,841799,24912,1542452,California
San Diego,2021-04-13,36888,2160680,17682,1051961,19171,1039362,35,69357,24465,715573,12402,854201,27322,1569774,California
San Diego,2021-04-14,32825,2193505,18803,1070764,14009,1053371,13,69370,17666,722427,15145,869346,21999,1591773,California
San Diego,2021-04-15,39248,2232753,20333,1091097,18910,1072281,5,69375,23758,733573,15466,884812,26612,1618385,California
San Diego,2021-04-16,33533,2266286,18455,1109552,15075,1087356,3,69378,19353,741184,14120,898932,21731,1640116,California
San Diego,2021-04-17,27827,2294113,13526,1123078,14301,1101657,0,69378,12280,741066,15452,914384,15334,1655450,California
San Diego,2021-04-18,14356,2308469,8812,1131890,5541,1107198,3,69381,6651,742975,7692,922076,9601,1665051,California
San Diego,2021-04-19,26497,2334966,13549,1145439,12947,1120145,1,69382,12414,743041,14064,936140,14130,1679181,California
San Diego,2021-04-20,38961,2373927,17754,1163193,21205,1141350,2,69384,19840,746733,19100,955240,22792,1701973,California
San Diego,2021-04-21,35185,2409112,20808,1184001,14377,1155727,0,69384,17124,748860,18024,973264,20151,1722124,California
San Diego,2021-04-22,44390,2453502,22790,1206791,21596,1177323,4,69388,22215,751968,22135,995399,25243,1747367,California
San Diego,2021-04-23,42046,2495548,25897,1232688,16147,1193470,2,69390,15672,744448,26342,1021741,18822,1766189,California
San Diego,2021-04-24,34821,2530369,18839,1251527,15967,1209437,15,69405,15522,743892,19261,1041002,18705,1784894,California
San Diego,2021-04-25,12628,2542997,7667,1259194,4961,1214398,0,69405,5886,744407,6730,1047732,7245,1792139,California
San Diego,2021-04-26,33123,2576120,16553,1275747,16431,1230829,139,69544,11580,738982,21523,1069255,16098,1808237,California
San Diego,2021-04-27,44522,2620642,24416,1300163,19552,1250381,554,70098,19582,737267,24898,1094153,23183,1831420,California
San Diego,2021-04-28,38082,2658724,22441,1322604,14966,1265347,675,70773,17188,736503,20857,1115010,20093,1851513,California
San Diego,2021-04-29,37936,2696660,24122,1346726,13157,1278504,657,71430,15328,731608,22572,1137582,17677,1869190,California
San Diego,2021-04-30,37914,2734574,22924,1369650,13909,1292413,1081,72511,14814,726262,23062,1160644,17716,1886906,California
San Diego,2021-05-01,24178,2758752,10658,1380308,12882,1305295,638,73149,9493,723861,14676,1175320,12275,1899181,California
San Diego,2021-05-02,10602,2769354,7426,1387734,2594,1307889,582,73731,3227,720629,7371,1182691,4139,1903320,California
San Diego,2021-05-03,25155,2794509,12375,1400109,11630,1319519,1150,74881,9237,715925,15896,1198587,11192,1914512,California
San Diego,2021-05-04,31684,2826193,17471,1417580,12934,1332453,1279,76160,11427,709487,20230,1218817,13792,1928304,California
San Diego,2021-05-05,27599,2853792,16859,1434439,9462,1341915,1278,77438,10580,705288,16997,1235814,12798,1941102,California
San Diego,2021-05-06,28232,2882024,18686,1453125,8634,1350549,912,78350,10719,701872,17485,1253299,14069,1955171,California
San Diego,2021-05-07,29566,2911590,19324,1472449,9202,1359751,1040,79390,10969,696523,18562,1271861,13213,1968384,California
San Diego,2021-05-08,22702,2934292,10719,1483168,11240,1370991,743,80133,7198,690412,15478,1287339,9367,1977751,California
San Diego,2021-05-09,7447,2941739,5589,1488757,1452,1372443,406,80539,2622,689039,4819,1292158,3446,1981197,California
San Diego,2021-05-10,21478,2963217,8396,1497153,12264,1384707,818,81357,5855,681388,15594,1307752,7943,1989140,California
San Diego,2021-05-11,28022,2991239,11489,1508642,15717,1400424,816,82173,9819,675489,18178,1325930,12279,2001419,California
San Diego,2021-05-12,22937,3014176,12478,1521120,9587,1410011,872,83045,8556,671684,14355,1340285,10550,2011969,California
San Diego,2021-05-13,31302,3045478,18952,1540072,11712,1421723,638,83683,13127,669907,18119,1358404,16342,2028311,California
San Diego,2021-05-14,30642,3076120,19593,1559665,10212,1431935,837,84520,13981,670174,16621,1375025,16888,2045199,California
San Diego,2021-05-15,26094,3102214,16415,1576080,8857,1440792,822,85342,10828,667556,15214,1390239,12596,2057795,California
San Diego,2021-05-16,13256,3115470,9967,1586047,2727,1443519,562,85904,6614,668481,6630,1396869,7555,2065350,California
San Diego,2021-05-17,21297,3136767,12922,1598969,7631,1451150,744,86648,8877,666582,12383,1409252,10484,2075834,California
San Diego,2021-05-18,34048,3170815,19237,1618206,13949,1465099,862,87510,13252,661361,20763,1430015,15542,2091376,California
San Diego,2021-05-19,28358,3199173,17783,1635989,9795,1474894,780,88290,12086,659100,16241,1446256,13980,2105356,California
San Diego,2021-05-20,34576,3233749,19108,1655097,14648,1489542,820,89110,11702,650304,22842,1469098,14046,2119402,California
San Diego,2021-05-21,26880,3260629,17134,1672231,8759,1498301,987,90097,10943,647545,15905,1485003,13146,2132548,California
San Diego,2021-05-22,21368,3281997,12296,1684527,7827,1506128,1245,91342,8892,646325,12454,1497457,11234,2143782,California
San Diego,2021-05-23,7192,3289189,5089,1689616,1795,1507923,308,91650,3433,646710,3735,1501192,4120,2147902,California
San Diego,2021-05-24,17587,3306776,8923,1698539,6759,1514682,1905,93555,6269,644427,11298,1512490,9015,2156917,California
San Diego,2021-05-25,24175,3330951,13090,1711629,9246,1523928,1839,95394,8478,640227,15668,1528158,11468,2168385,California
San Diego,2021-05-26,19105,3350056,10591,1722220,6505,1530433,2009,97403,6643,637305,12431,1540589,9509,2177894,California
San Diego,2021-05-27,20544,3370600,11940,1734160,6212,1536645,2392,99795,6944,634149,13581,1554170,10425,2188319,California
San Diego,2021-05-28,21201,3391801,13185,1747345,7308,1543953,708,100503,8425,631643,12757,1566927,10251,2198570,California
San Diego,2021-05-29,11946,3403747,7561,1754906,3896,1547849,489,100992,5176,631057,6757,1573684,6171,2204741,California
San Diego,2021-05-30,4665,3408412,3187,1758093,1100,1548949,378,101370,2029,631065,2631,1576315,2639,2207380,California
San Diego,2021-05-31,2584,3410996,1745,1759838,668,1549617,171,101541,857,630497,1721,1578036,1153,2208533,California
San Diego,2021-06-01,21204,3432200,11313,1771151,8261,1557878,1630,103171,5958,623787,15221,1593257,8511,2217044,California
San Diego,2021-06-02,16997,3449197,8743,1779894,6181,1564059,2073,105244,5503,620612,11467,1604724,8292,2225336,California
San Diego,2021-06-03,19150,3468347,11982,1791876,5369,1569428,1799,107043,5217,614754,13911,1618635,8053,2233389,California
San Diego,2021-06-04,19763,3488110,13812,1805688,5336,1574764,615,107658,5846,609210,13888,1632523,8344,2241733,California
San Diego,2021-06-05,15726,3503836,11962,1817650,2982,1577746,782,108440,4476,604190,11233,1643756,6213,2247946,California
San Diego,2021-06-06,5580,3509416,4515,1822165,754,1578500,311,108751,1728,603195,3841,1647597,2846,2250792,California
San Diego,2021-06-07,12741,3522157,8011,1830176,3381,1581881,1349,110100,3569,599682,9154,1656751,5641,2256433,California
San Diego,2021-06-08,20420,3542577,14443,1844619,4091,1585972,1886,111986,5074,592351,15333,1672084,8002,2264435,California
San Diego,2021-06-09,17016,3559593,11328,1855947,3738,1589710,1950,113936,4379,587009,12621,1684705,7279,2271714,California
San Diego,2021-06-10,17831,3577424,11845,1867792,3910,1593620,2076,116012,4389,581132,13416,1698121,7539,2279253,California
San Diego,2021-06-11,15747,3593171,10049,1877841,4351,1597971,1347,117359,4321,576311,11397,1709518,6576,2285829,California
San Diego,2021-06-12,10967,3604138,8411,1886252,2135,1600106,421,117780,3184,572784,7764,1717282,4237,2290066,California
San Diego,2021-06-13,4145,3608283,3099,1889351,841,1600947,205,117985,1042,571327,3097,1720379,1640,2291706,California
San Diego,2021-06-14,12594,3620877,7562,1896913,2841,1603788,2191,120176,3652,568886,8928,1729307,6487,2298193,California
San Diego,2021-06-15,17875,3638752,10230,1907143,4210,1607998,3435,123611,4734,564837,13131,1742438,9082,2307275,California
San Diego,2021-06-16,13921,3652673,8847,1915990,2768,1610766,2306,125917,4474,562955,9434,1751872,7552,2314827,California
San Diego,2021-06-17,14608,3667281,8434,1924424,3353,1614119,2821,128738,4115,560047,10482,1762354,7574,2322401,California
San Diego,2021-06-18,14072,3681353,8710,1933134,3543,1617662,1819,130557,4407,557409,9655,1772009,7017,2329418,California
San Diego,2021-06-19,7498,3688851,5551,1938685,1487,1619149,460,131017,2751,556411,4731,1776740,3733,2333151,California
San Diego,2021-06-20,3098,3691949,2251,1940936,650,1619799,197,131214,1159,556048,1935,1778675,1572,2334723,California
San Diego,2021-06-21,9079,3701028,5133,1946069,2419,1622218,1527,132741,3897,556833,5175,1783850,5960,2340683,California
San Diego,2021-06-22,11154,3712182,7497,1953566,2546,1624764,1111,133852,4468,556401,6678,1790528,6246,2346929,California
San Diego,2021-06-23,5300,3717482,3151,1956717,906,1625670,1243,135095,2102,556873,3193,1793721,3665,2350594,California
San Francisco,2020-12-15,6,6,6,6,0,0,0,0,6,6,0,0,6,6,California
San Francisco,2020-12-16,232,238,232,238,0,0,0,0,232,238,0,0,232,238,California
San Francisco,2020-12-17,414,652,414,652,0,0,0,0,414,652,0,0,414,652,California
San Francisco,2020-12-18,906,1558,905,1557,1,1,0,0,906,1558,0,0,906,1558,California
San Francisco,2020-12-19,604,2162,604,2161,0,1,0,0,604,2162,0,0,604,2162,California
San Francisco,2020-12-20,481,2643,481,2642,0,1,0,0,481,2643,0,0,481,2643,California
San Francisco,2020-12-21,1161,3804,1161,3803,0,1,0,0,1161,3804,0,0,1161,3804,California
San Francisco,2020-12-22,1398,5202,1364,5167,34,35,0,0,1398,5202,0,0,1398,5202,California
San Francisco,2020-12-23,1354,6556,1056,6223,298,333,0,0,1354,6556,0,0,1354,6556,California
San Francisco,2020-12-24,842,7398,504,6727,338,671,0,0,842,7398,0,0,842,7398,California
San Francisco,2020-12-25,36,7434,30,6757,6,677,0,0,36,7434,0,0,36,7434,California
San Francisco,2020-12-26,249,7683,154,6911,95,772,0,0,249,7683,0,0,249,7683,California
San Francisco,2020-12-27,274,7957,60,6971,214,986,0,0,274,7957,0,0,274,7957,California
San Francisco,2020-12-28,1277,9234,691,7662,586,1572,0,0,1277,9234,0,0,1277,9234,California
San Francisco,2020-12-29,1263,10497,633,8295,630,2202,0,0,1263,10497,0,0,1263,10497,California
San Francisco,2020-12-30,1487,11984,780,9075,707,2909,0,0,1487,11984,0,0,1487,11984,California
San Francisco,2020-12-31,977,12961,415,9490,562,3471,0,0,976,12960,0,0,976,12960,California
San Francisco,2021-01-01,104,13065,77,9567,27,3498,0,0,104,13064,0,0,104,13064,California
San Francisco,2021-01-02,335,13400,301,9868,34,3532,0,0,335,13399,0,0,335,13399,California
San Francisco,2021-01-03,299,13699,105,9973,194,3726,0,0,298,13696,1,1,298,13697,California
San Francisco,2021-01-04,1844,15543,1357,11330,487,4213,0,0,1841,15534,3,4,1841,15538,California
San Francisco,2021-01-05,2242,17785,1422,12752,820,5033,0,0,2203,17700,39,43,2205,17743,California
San Francisco,2021-01-06,1875,19660,1163,13915,712,5745,0,0,1606,19040,267,310,1607,19350,California
San Francisco,2021-01-07,2072,21732,1208,15123,864,6609,0,0,1599,20169,470,780,1599,20949,California
San Francisco,2021-01-08,2335,24067,1642,16765,693,7302,0,0,1474,20787,856,1636,1474,22423,California
San Francisco,2021-01-09,1398,25465,901,17666,497,7799,0,0,890,21171,508,2144,892,23315,California
San Francisco,2021-01-10,919,26384,541,18207,378,8177,0,0,460,21173,458,2602,460,23775,California
San Francisco,2021-01-11,2511,28895,1870,20077,641,8818,0,0,1408,21477,1104,3706,1408,25183,California
San Francisco,2021-01-12,3098,31993,2062,22139,1036,9854,0,0,1902,22185,1196,4902,1904,27087,California
San Francisco,2021-01-13,2845,34838,1614,23753,1231,11085,0,0,2005,23350,840,5742,2005,29092,California
San Francisco,2021-01-14,2456,37294,1108,24861,1348,12433,0,0,1891,24676,565,6307,1891,30983,California
San Francisco,2021-01-15,2770,40064,1162,26023,1608,14041,0,0,2367,26644,401,6708,2369,33352,California
San Francisco,2021-01-16,2271,42335,973,26996,1298,15339,0,0,2102,28578,169,6877,2103,35455,California
San Francisco,2021-01-17,1942,44277,538,27534,1404,16743,0,0,1723,30082,219,7096,1723,37178,California
San Francisco,2021-01-18,1388,45665,602,28136,786,17529,0,0,1119,30934,268,7364,1120,38298,California
San Francisco,2021-01-19,2600,48265,1481,29617,1119,18648,0,0,1844,32022,756,8120,1844,40142,California
San Francisco,2021-01-20,2778,51043,1132,30749,1646,20294,0,0,2018,33284,757,8877,2019,42161,California
San Francisco,2021-01-21,3355,54398,950,31699,2405,22699,0,0,2516,34962,838,9715,2516,44677,California
San Francisco,2021-01-22,3223,57621,655,32354,2568,25267,0,0,2776,37293,445,10160,2776,47453,California
San Francisco,2021-01-23,3115,60736,612,32966,2503,27770,0,0,2746,39672,368,10528,2747,50200,California
San Francisco,2021-01-24,2432,63168,364,33330,2068,29838,0,0,2198,41640,230,10758,2198,52398,California
San Francisco,2021-01-25,4646,67814,1835,35165,2811,32649,0,0,3054,43106,1589,12347,3055,55453,California
San Francisco,2021-01-26,4754,72568,2184,37349,2570,35219,0,0,3104,44565,1647,13994,3106,58559,California
San Francisco,2021-01-27,4390,76958,1989,39338,2401,37620,0,0,3078,46333,1310,15304,3078,61637,California
San Francisco,2021-01-28,3804,80762,1579,40917,2225,39845,0,0,2635,47806,1162,16466,2635,64272,California
San Francisco,2021-01-29,4769,85531,1698,42615,3071,42916,0,0,3476,49996,1286,17752,3476,67748,California
San Francisco,2021-01-30,3813,89344,1851,44466,1962,44878,0,0,3353,52894,459,18211,3357,71105,California
San Francisco,2021-01-31,2360,91704,821,45287,1539,46417,0,0,2208,54952,151,18362,2209,73314,California
San Francisco,2021-02-01,4005,95709,1715,47002,2290,48707,0,0,2924,56796,1081,19443,2925,76239,California
San Francisco,2021-02-02,4554,100263,1819,48821,2735,51442,0,0,2945,58138,1603,21046,2945,79184,California
San Francisco,2021-02-03,5118,105381,2401,51222,2717,54159,0,0,3795,60613,1321,22367,3796,82980,California
San Francisco,2021-02-04,5050,110431,2436,53658,2614,56773,0,0,3875,63315,1173,23540,3875,86855,California
San Francisco,2021-02-05,5999,116430,3237,56895,2762,59535,0,0,4645,66609,1352,24892,4646,91501,California
San Francisco,2021-02-06,5505,121935,3687,60582,1818,61353,0,0,4601,70309,903,25795,4603,96104,California
San Francisco,2021-02-07,4362,126297,3211,63793,1151,62504,0,0,3781,73515,578,26373,3784,99888,California
San Francisco,2021-02-08,6774,133071,4656,68449,2118,64622,0,0,5541,77841,1217,27590,5543,105431,California
San Francisco,2021-02-09,5956,139027,4011,72460,1945,66567,0,0,4406,80690,1559,29149,4408,109839,California
San Francisco,2021-02-10,6917,145944,4197,76657,2720,69287,0,0,5095,83972,1817,30966,5099,114938,California
San Francisco,2021-02-11,6749,152693,4000,80657,2749,72036,0,0,4914,87058,1830,32796,4916,119854,California
San Francisco,2021-02-12,5351,158044,2684,83341,2667,74703,0,0,3494,88693,1859,34655,3494,123348,California
San Francisco,2021-02-13,4402,162446,2578,85919,1824,76527,0,0,3059,90412,1343,35998,3062,126410,California
San Francisco,2021-02-14,3438,165884,2255,88174,1183,77710,0,0,2305,91587,1132,37130,2307,128717,California
San Francisco,2021-02-15,2785,168669,1509,89683,1276,78986,0,0,1680,92164,1103,38233,1680,130397,California
San Francisco,2021-02-16,5121,173790,2816,92499,2305,81291,0,0,2996,93049,2118,40351,3003,133400,California
San Francisco,2021-02-17,5354,179144,2615,95114,2739,84030,0,0,2965,93638,2379,42730,2968,136368,California
San Francisco,2021-02-18,5402,184546,2638,97752,2764,86794,0,0,2800,93844,2600,45330,2806,139174,California
San Francisco,2021-02-19,5678,190224,2666,100418,3012,89806,0,0,2948,94070,2724,48054,2950,142124,California
San Francisco,2021-02-20,4614,194838,2235,102653,2379,92185,0,0,1734,92936,2870,50924,1736,143860,California
San Francisco,2021-02-21,2899,197737,1527,104180,1372,93557,0,0,1290,92627,1600,52524,1291,145151,California
San Francisco,2021-02-22,5194,202931,3237,107417,1957,95514,0,0,2613,92672,2571,55095,2616,147767,California
San Francisco,2021-02-23,5616,208547,3200,110617,2416,97930,0,0,2870,92803,2739,57834,2870,150637,California
San Francisco,2021-02-24,9143,217690,5177,115794,3966,101896,0,0,4886,93448,4244,62078,4889,155526,California
San Francisco,2021-02-25,10065,227755,7030,122824,3035,104931,0,0,6466,96320,3596,65674,6468,161994,California
San Francisco,2021-02-26,12378,240133,8035,130859,4343,109274,0,0,7308,98560,5069,70743,7309,169303,California
San Francisco,2021-02-27,9415,249548,6059,136918,3355,112629,1,1,4695,98550,4707,75450,4697,174000,California
San Francisco,2021-02-28,7920,257468,5659,142577,2261,114890,0,1,3869,98373,4047,79497,3870,177870,California
San Francisco,2021-03-01,11410,268878,7697,150274,3708,118598,5,6,5563,98122,5821,85318,5570,183440,California
San Francisco,2021-03-02,10033,278911,6759,157033,3274,121872,0,6,5672,99445,4350,89668,5673,189113,California
San Francisco,2021-03-03,11408,290319,6662,163695,4745,126617,1,7,6260,100574,5135,94803,6264,195377,California
San Francisco,2021-03-04,8811,299130,5531,169226,3280,129897,0,7,4973,101719,3830,98633,4975,200352,California
San Francisco,2021-03-05,9250,308380,5663,174889,3583,133480,4,11,5796,104080,3440,102073,5801,206153,California
San Francisco,2021-03-06,7182,315562,4691,179580,2282,135762,209,220,4488,106067,2707,104780,4694,210847,California
San Francisco,2021-03-07,5417,320979,4225,183805,1132,136894,60,280,3121,106939,2309,107089,3181,214028,California
San Francisco,2021-03-08,7547,328526,5481,189286,1877,138771,189,469,5958,111465,1621,108710,6147,220175,California
San Francisco,2021-03-09,8346,336872,5531,194817,2438,141209,377,846,6089,115664,2262,110972,6461,226636,California
San Francisco,2021-03-10,11256,348128,6615,201432,4137,145346,504,1350,7044,119021,4189,115161,7546,234182,California
San Francisco,2021-03-11,10122,358250,6387,207819,2766,148112,969,2319,6634,123146,3469,118630,7594,241776,California
San Francisco,2021-03-12,10892,369142,6358,214177,3186,151298,1348,3667,6060,125736,4811,123441,7401,249177,California
San Francisco,2021-03-13,6755,375897,3948,218125,1724,153022,1083,4750,4190,128452,2555,125996,5271,254448,California
San Francisco,2021-03-14,7575,383472,4928,223053,2405,155427,242,4992,3971,129077,3586,129582,4211,258659,California
San Francisco,2021-03-15,12121,395593,9270,232323,1905,157332,946,5938,8392,134690,3712,133294,9325,267984,California
San Francisco,2021-03-16,12259,407852,8340,240663,3445,160777,474,6412,8809,140548,3427,136721,9285,277269,California
San Francisco,2021-03-17,13592,421444,8437,249100,4525,165302,630,7042,9740,147090,3822,140543,10364,287633,California
San Francisco,2021-03-18,10236,431680,7000,256100,2612,167914,624,7666,5824,149142,4388,144931,6440,294073,California
San Francisco,2021-03-19,12526,444206,9172,265272,2881,170795,473,8139,6538,150185,5960,150891,7003,301076,California
San Francisco,2021-03-20,8927,453133,6567,271839,1893,172688,467,8606,5178,152117,3717,154608,5649,306725,California
San Francisco,2021-03-21,6674,459807,6117,277956,419,173107,138,8744,3760,153116,2897,157505,3896,310621,California
San Francisco,2021-03-22,9896,469703,6870,284826,2188,175295,838,9582,5088,154251,4783,162288,5918,316539,California
San Francisco,2021-03-23,11389,481092,7582,292408,3158,178453,649,10231,6341,156215,5018,167306,6982,323521,California
San Francisco,2021-03-24,12414,493506,9515,301923,2363,180816,536,10767,6174,156719,6197,173503,6701,330222,California
San Francisco,2021-03-25,12005,505511,8766,310689,2672,183488,567,11334,5824,156997,6109,179612,6387,336609,California
San Francisco,2021-03-26,12050,517561,8351,319040,3464,186952,235,11569,5840,156893,6175,185787,6071,342680,California
San Francisco,2021-03-27,8881,526442,5907,324947,2622,189574,352,11921,3811,156008,5046,190833,4161,346841,California
San Francisco,2021-03-28,6675,533117,5329,330276,1304,190878,42,11963,2976,155350,3673,194506,3015,349856,California
San Francisco,2021-03-29,11652,544769,8018,338294,3450,194328,184,12147,4821,153553,6800,201306,5003,354859,California
San Francisco,2021-03-30,11689,556458,7318,345612,4081,198409,290,12437,5507,153196,6155,207461,5798,360657,California
San Francisco,2021-03-31,12321,568779,8193,353805,3828,202237,300,12737,4915,151033,7372,214833,5209,365866,California
San Francisco,2021-04-01,14015,582794,7440,361245,4878,207115,1697,14434,6027,150787,7948,222781,7702,373568,California
San Francisco,2021-04-02,14882,597676,6569,367814,6422,213537,1891,16325,6942,151691,7916,230697,8820,382388,California
San Francisco,2021-04-03,10609,608285,4925,372739,3858,217395,1826,18151,4844,152608,5745,236442,6662,389050,California
San Francisco,2021-04-04,9057,617342,4805,377544,2594,219989,1658,19809,3577,152377,5462,241904,5231,394281,California
San Francisco,2021-04-05,16082,633424,9837,387381,4353,224342,1892,21701,6272,150754,9779,251683,8156,402437,California
San Francisco,2021-04-06,16111,649535,9539,396920,4503,228845,2069,23770,6270,149270,9813,261496,8329,410766,California
San Francisco,2021-04-07,16890,666425,10049,406969,4601,233446,2240,26010,7004,148635,9860,271356,9225,419991,California
San Francisco,2021-04-08,14240,680665,6775,413744,3031,236477,4434,30444,4634,148105,9568,280924,9038,429029,California
San Francisco,2021-04-09,15885,696550,7681,421425,4840,241317,3364,33808,6621,148838,9231,290155,9964,438993,California
San Francisco,2021-04-10,13358,709908,5713,427138,5886,247203,1759,35567,7116,151483,6216,296371,8861,447854,California
San Francisco,2021-04-11,10074,719982,7549,434687,1348,248551,1177,36744,5212,153017,4848,301219,6382,454236,California
San Francisco,2021-04-12,10654,730636,6921,441608,2580,251131,1153,37897,4884,153301,5747,306966,6031,460267,California
San Francisco,2021-04-13,10867,741503,7366,448974,3489,254620,12,37909,5479,153436,5361,312327,5496,465763,California
San Francisco,2021-04-14,13381,754884,8061,457035,5319,259939,1,37910,6361,152820,6980,319307,6364,472127,California
San Francisco,2021-04-15,13867,768751,9608,466643,4258,264197,1,37911,8101,155195,5732,325039,8107,480234,California
San Francisco,2021-04-16,13040,781791,8767,475410,4229,268426,44,37955,7644,157522,5365,330404,7692,487926,California
San Francisco,2021-04-17,10243,792034,7380,482790,2862,271288,1,37956,7237,161776,2988,333392,7242,495168,California
San Francisco,2021-04-18,6669,798703,5109,487899,1558,272846,2,37958,4120,163370,2530,335922,4124,499292,California
San Francisco,2021-04-19,10952,809655,8218,496117,2729,275575,5,37963,7037,166525,3897,339819,7052,506344,California
San Francisco,2021-04-20,12435,822090,7287,503404,5146,280721,2,37965,8548,171217,3860,343679,8552,514896,California
San Francisco,2021-04-21,10636,832726,7590,510994,3041,283762,5,37970,6486,173589,4124,347803,6496,521392,California
San Francisco,2021-04-22,10486,843212,7748,518742,2737,286499,1,37971,6044,175227,4414,352217,6052,527444,California
San Francisco,2021-04-23,10375,853587,5939,524681,4436,290935,0,37971,6152,177193,4193,356410,6159,533603,California
San Francisco,2021-04-24,7958,861545,5477,530158,2481,293416,0,37971,4699,178664,3238,359648,4709,538312,California
San Francisco,2021-04-25,5037,866582,4337,534495,694,294110,6,37977,2946,179542,2079,361727,2957,541269,California
San Francisco,2021-04-26,8208,874790,5802,540297,2394,296504,12,37989,4069,179529,4110,365837,4097,545366,California
San Francisco,2021-04-27,8710,883500,5846,546143,2694,299198,170,38159,4338,179701,4346,370183,4518,549884,California
San Francisco,2021-04-28,9499,892999,6571,552714,2738,301936,190,38349,4971,180370,4498,374681,5167,555051,California
San Francisco,2021-04-29,9391,902390,5453,558167,3744,305680,194,38543,4599,180411,4766,379447,4807,559858,California
San Francisco,2021-04-30,10889,913279,5199,563366,5489,311169,201,38744,3973,177718,6871,386318,4178,564036,California
San Francisco,2021-05-01,6950,920229,3591,566957,3244,314413,115,38859,1670,174259,5245,391563,1786,565822,California
San Francisco,2021-05-02,5322,925551,3088,570045,2136,316549,98,38957,964,170977,4348,395911,1066,566888,California
San Francisco,2021-05-03,9683,935234,6594,576639,2925,319474,164,39121,2437,166371,7215,403126,2609,569497,California
San Francisco,2021-05-04,9369,944603,5994,582633,3124,322598,251,39372,2279,161849,7057,410183,2535,572032,California
San Francisco,2021-05-05,8775,953378,6130,588763,2334,324932,311,39683,2145,157726,6584,416767,2461,574493,California
San Francisco,2021-05-06,10735,964113,8574,597337,1689,326621,472,40155,1838,151175,8863,425630,2312,576805,California
San Francisco,2021-05-07,10120,974233,6476,603813,3371,329992,273,40428,1638,144628,8456,434086,1909,578714,California
San Francisco,2021-05-08,8366,982599,3554,607367,4682,334674,130,40558,966,138358,7368,441454,1098,579812,California
San Francisco,2021-05-09,6688,989287,5827,613194,778,335452,83,40641,1209,134189,5456,446910,1287,581099,California
San Francisco,2021-05-10,6986,996273,4951,618145,1784,337236,251,40892,1042,129566,5915,452825,1292,582391,California
San Francisco,2021-05-11,7397,1003670,5319,623464,1859,339095,219,41111,1448,125317,5915,458740,1666,584057,California
San Francisco,2021-05-12,8146,1011816,5944,629408,1745,340840,457,41568,1849,121353,6265,465005,2301,586358,California
San Francisco,2021-05-13,11059,1022875,8120,637528,2713,343553,226,41794,4195,118944,6836,471841,4427,590785,California
San Francisco,2021-05-14,9299,1032174,6593,644121,2535,346088,171,41965,3017,115891,6253,478094,3200,593985,California
San Francisco,2021-05-15,7943,1040117,6256,650377,1631,347719,56,42021,3113,114258,4814,482908,3181,597166,California
San Francisco,2021-05-16,4965,1045082,4184,654561,722,348441,59,42080,1840,113051,3106,486014,1899,599065,California
San Francisco,2021-05-17,7238,1052320,5390,659951,1683,350124,165,42245,2468,110938,4749,490763,2636,601701,California
San Francisco,2021-05-18,8692,1061012,4970,664921,3546,353670,176,42421,1957,106383,6688,497451,2133,603834,California
San Francisco,2021-05-19,7477,1068489,5540,670461,1704,355374,233,42654,2451,104067,4998,502449,2682,606516,California
San Francisco,2021-05-20,5944,1074433,4000,674461,1693,357067,251,42905,1644,101694,4263,506712,1890,608406,California
San Francisco,2021-05-21,7188,1081621,4070,678531,2932,359999,186,43091,1836,98406,5305,512017,2017,610423,California
San Francisco,2021-05-22,4783,1086404,3608,682139,1084,361083,91,43182,2180,98094,2582,514599,2270,612693,California
San Francisco,2021-05-23,1827,1088231,1390,683529,363,361446,74,43256,835,98021,982,515581,909,613602,California
San Francisco,2021-05-24,4027,1092258,2841,686370,1024,362470,162,43418,1193,96567,2809,518390,1355,614957,California
San Francisco,2021-05-25,3688,1095946,2403,688773,1062,363532,223,43641,1096,95307,2574,520964,1314,616271,California
San Francisco,2021-05-26,3953,1099899,2554,691327,1253,364785,146,43787,1157,93837,2773,523737,1303,617574,California
San Francisco,2021-05-27,3704,1103603,2142,693469,1386,366171,176,43963,1208,92736,2484,526221,1383,618957,California
San Francisco,2021-05-28,3767,1107370,2155,695624,1451,367622,161,44124,1351,91857,2390,528611,1511,620468,California
San Francisco,2021-05-29,2019,1109389,1458,697082,459,368081,102,44226,879,91714,1118,529729,975,621443,California
San Francisco,2021-05-30,959,1110348,688,697770,234,368315,37,44263,399,91594,556,530285,436,621879,California
San Francisco,2021-05-31,256,1110604,209,697979,40,368355,7,44270,87,91521,167,530452,94,621973,California
San Francisco,2021-06-01,3562,1114166,2157,700136,1218,369573,187,44457,1251,90661,2295,532747,1435,623408,California
San Francisco,2021-06-02,2451,1116617,1774,701910,554,370127,123,44580,908,90157,1531,534278,1027,624435,California
San Francisco,2021-06-03,3950,1120567,2710,704620,1037,371164,203,44783,1048,88519,2884,537162,1246,625681,California
San Francisco,2021-06-04,5718,1126285,4845,709465,737,371901,136,44919,1395,85757,4288,541450,1526,627207,California
San Francisco,2021-06-05,3694,1129979,3123,712588,423,372324,148,45067,956,84132,2725,544175,1100,628307,California
San Francisco,2021-06-06,2321,1132300,2172,714760,111,372435,38,45105,514,82883,1801,545976,552,628859,California
San Francisco,2021-06-07,3632,1135932,3009,717769,489,372924,134,45239,950,81300,2665,548641,1082,629941,California
San Francisco,2021-06-08,2825,1138757,2222,719991,437,373361,166,45405,843,80338,1965,550606,1003,630944,California
San Francisco,2021-06-09,2313,1141070,1852,721843,325,373686,136,45541,664,79503,1633,552239,798,631742,California
San Francisco,2021-06-10,2493,1143563,1907,723750,397,374083,189,45730,782,78775,1699,553938,971,632713,California
San Francisco,2021-06-11,3148,1146711,2486,726236,498,374581,164,45894,942,77696,2183,556121,1104,633817,California
San Francisco,2021-06-12,3039,1149750,2637,728873,275,374856,127,46021,725,76246,2300,558421,850,634667,California
San Francisco,2021-06-13,913,1150663,792,729665,74,374930,47,46068,232,75851,673,559094,278,634945,California
San Francisco,2021-06-14,2509,1153172,2032,731697,326,375256,151,46219,888,75278,1610,560704,1037,635982,California
San Francisco,2021-06-15,1895,1155067,1469,733166,293,375549,133,46352,673,74871,1213,561917,806,636788,California
San Francisco,2021-06-16,1811,1156878,1364,734530,257,375806,190,46542,632,74524,1162,563079,815,637603,California
San Francisco,2021-06-17,1972,1158850,1522,736052,255,376061,195,46737,653,74063,1304,564383,843,638446,California
San Francisco,2021-06-18,2325,1161175,1731,737783,420,376481,174,46911,751,73423,1561,565944,921,639367,California
San Francisco,2021-06-19,1394,1162569,1183,738966,102,376583,109,47020,428,73005,952,566896,534,639901,California
San Francisco,2021-06-20,626,1163195,536,739502,55,376638,35,47055,258,72936,362,567258,293,640194,California
San Francisco,2021-06-21,1149,1164344,862,740364,179,376817,108,47163,607,73117,532,567790,713,640907,California
San Francisco,2021-06-22,1526,1165870,1193,741557,225,377042,108,47271,527,72761,984,568774,628,641535,California
San Francisco,2021-06-23,991,1166861,757,742314,119,377161,115,47386,360,72608,623,569397,470,642005,California
San Joaquin,2020-12-15,14,14,14,14,0,0,0,0,14,14,0,0,14,14,California
San Joaquin,2020-12-16,310,324,310,324,0,0,0,0,310,324,0,0,310,324,California
San Joaquin,2020-12-17,322,646,322,646,0,0,0,0,322,646,0,0,322,646,California
San Joaquin,2020-12-18,536,1182,532,1178,4,4,0,0,536,1182,0,0,536,1182,California
San Joaquin,2020-12-19,190,1372,190,1368,0,4,0,0,190,1372,0,0,190,1372,California
San Joaquin,2020-12-20,116,1488,114,1482,2,6,0,0,116,1488,0,0,116,1488,California
San Joaquin,2020-12-21,494,1982,493,1975,1,7,0,0,494,1982,0,0,494,1982,California
San Joaquin,2020-12-22,977,2959,856,2831,121,128,0,0,976,2958,0,0,976,2958,California
San Joaquin,2020-12-23,978,3937,921,3752,57,185,0,0,976,3934,2,2,978,3936,California
San Joaquin,2020-12-24,215,4152,187,3939,28,213,0,0,214,4148,1,3,215,4151,California
San Joaquin,2020-12-25,15,4167,15,3954,0,213,0,0,15,4163,0,3,15,4166,California
San Joaquin,2020-12-26,103,4270,31,3985,72,285,0,0,103,4266,0,3,103,4269,California
San Joaquin,2020-12-27,44,4314,31,4016,13,298,0,0,44,4310,0,3,44,4313,California
San Joaquin,2020-12-28,624,4938,422,4438,202,500,0,0,624,4934,0,3,624,4937,California
San Joaquin,2020-12-29,795,5733,665,5103,130,630,0,0,795,5729,0,3,795,5732,California
San Joaquin,2020-12-30,1013,6746,720,5823,293,923,0,0,1011,6740,2,5,1013,6745,California
San Joaquin,2020-12-31,454,7200,203,6026,251,1174,0,0,454,7194,1,6,455,7200,California
San Joaquin,2021-01-01,23,7223,13,6039,10,1184,0,0,23,7217,0,6,23,7223,California
San Joaquin,2021-01-02,266,7489,243,6282,23,1207,0,0,266,7483,0,6,266,7489,California
San Joaquin,2021-01-03,37,7526,20,6302,17,1224,0,0,36,7518,1,7,36,7525,California
San Joaquin,2021-01-04,479,8005,340,6642,139,1363,0,0,477,7994,1,8,477,8002,California
San Joaquin,2021-01-05,986,8991,651,7293,335,1698,0,0,814,8674,172,180,852,8854,California
San Joaquin,2021-01-06,1228,10219,714,8007,514,2212,0,0,922,9299,301,481,926,9780,California
San Joaquin,2021-01-07,1086,11305,687,8694,399,2611,0,0,787,9791,296,777,788,10568,California
San Joaquin,2021-01-08,1210,12515,827,9521,383,2994,0,0,714,10014,495,1272,718,11286,California
San Joaquin,2021-01-09,380,12895,301,9822,79,3073,0,0,247,10129,133,1405,248,11534,California
San Joaquin,2021-01-10,224,13119,116,9938,108,3181,0,0,171,10248,52,1457,171,11705,California
San Joaquin,2021-01-11,1536,14655,1327,11265,209,3390,0,0,869,10519,666,2123,937,12642,California
San Joaquin,2021-01-12,1485,16140,1066,12331,419,3809,0,0,703,10516,778,2901,775,13417,California
San Joaquin,2021-01-13,1540,17680,900,13231,640,4449,0,0,961,10905,577,3478,966,14383,California
San Joaquin,2021-01-14,1760,19440,973,14204,787,5236,0,0,1415,12012,324,3802,1431,15814,California
San Joaquin,2021-01-15,1543,20983,548,14752,995,6231,0,0,1307,13118,221,4023,1327,17141,California
San Joaquin,2021-01-16,1135,22118,182,14934,953,7184,0,0,1103,14190,31,4054,1103,18244,California
San Joaquin,2021-01-17,1628,23746,138,15072,1490,8674,0,0,1585,15734,43,4097,1587,19831,California
San Joaquin,2021-01-18,742,24488,239,15311,503,9177,0,0,621,16238,117,4214,621,20452,California
San Joaquin,2021-01-19,1881,26369,901,16212,980,10157,0,0,1198,16766,678,4892,1206,21658,California
San Joaquin,2021-01-20,2095,28464,1287,17499,808,10965,0,0,1447,17578,641,5533,1453,23111,California
San Joaquin,2021-01-21,1983,30447,897,18396,1086,12051,0,0,1586,18783,390,5923,1595,24706,California
San Joaquin,2021-01-22,1959,32406,896,19292,1063,13114,0,0,1817,20465,137,6060,1819,26525,California
San Joaquin,2021-01-23,894,33300,393,19685,501,13615,0,0,608,20790,285,6345,610,27135,California
San Joaquin,2021-01-24,355,33655,137,19822,218,13833,0,0,332,21102,20,6365,332,27467,California
San Joaquin,2021-01-25,2002,35657,1147,20969,855,14688,0,0,1431,21968,568,6933,1434,28901,California
San Joaquin,2021-01-26,2154,37811,1113,22082,1041,15729,0,0,1532,22893,615,7548,1540,30441,California
San Joaquin,2021-01-27,1742,39553,771,22853,971,16700,0,0,1240,23643,497,8045,1247,31688,California
San Joaquin,2021-01-28,2057,41610,777,23630,1280,17980,0,0,1395,24389,658,8703,1404,33092,California
San Joaquin,2021-01-29,2165,43775,1051,24681,1114,19094,0,0,1813,25866,346,9049,1823,34915,California
San Joaquin,2021-01-30,2174,45949,353,25034,1821,20915,0,0,1995,27685,178,9227,1997,36912,California
San Joaquin,2021-01-31,1552,47501,173,25207,1379,22294,0,0,1487,29109,64,9291,1488,38400,California
San Joaquin,2021-02-01,2481,49982,1292,26499,1189,23483,0,0,1718,30067,763,10054,1721,40121,California
San Joaquin,2021-02-02,2589,52571,1156,27655,1433,24916,0,0,1977,31497,551,10605,1981,42102,California
San Joaquin,2021-02-03,3083,55654,1216,28871,1867,26783,0,0,2212,32854,863,11468,2220,44322,California
San Joaquin,2021-02-04,3546,59200,1813,30684,1733,28516,0,0,2648,34616,892,12360,2654,46976,California
San Joaquin,2021-02-05,3175,62375,1801,32485,1374,29890,0,0,2344,36155,819,13179,2358,49334,California
San Joaquin,2021-02-06,1088,63463,741,33226,347,30237,0,0,939,36949,146,13325,940,50274,California
San Joaquin,2021-02-07,619,64082,490,33716,129,30366,0,0,414,37164,200,13525,415,50689,California
San Joaquin,2021-02-08,1790,65872,1036,34752,754,31120,0,0,1445,38293,322,13847,1451,52140,California
San Joaquin,2021-02-09,2128,68000,1152,35904,976,32096,0,0,1581,39400,477,14324,1584,53724,California
San Joaquin,2021-02-10,2582,70582,1249,37153,1333,33429,0,0,1354,39549,1206,15530,1355,55079,California
San Joaquin,2021-02-11,2910,73492,1469,38622,1441,34870,0,0,1682,40042,1196,16726,1689,56768,California
San Joaquin,2021-02-12,2831,76323,1130,39752,1701,36571,0,0,1605,40449,1203,17929,1610,58378,California
San Joaquin,2021-02-13,2125,78448,403,40155,1722,38293,0,0,854,40052,1257,19186,860,59238,California
San Joaquin,2021-02-14,1913,80361,263,40418,1650,39943,0,0,696,39564,1185,20371,697,59935,California
San Joaquin,2021-02-15,2000,82361,839,41257,1161,41104,0,0,1201,40001,768,21139,1205,61140,California
San Joaquin,2021-02-16,3180,85541,1382,42639,1798,42902,0,0,1757,40362,1407,22546,1768,62908,California
San Joaquin,2021-02-17,3291,88832,1269,43908,2022,44924,0,0,1872,40834,1405,23951,1877,64785,California
San Joaquin,2021-02-18,3353,92185,1380,45288,1973,46897,0,0,1908,41340,1408,25359,1914,66699,California
San Joaquin,2021-02-19,4286,96471,2425,47713,1861,48758,0,0,2395,41898,1837,27196,2395,69094,California
San Joaquin,2021-02-20,1574,98045,676,48389,898,49656,0,0,1072,42471,499,27695,1072,70166,California
San Joaquin,2021-02-21,677,98722,513,48902,164,49820,0,0,427,42653,247,27942,429,70595,California
San Joaquin,2021-02-22,3563,102285,2513,51415,1050,50870,0,0,2545,44213,989,28931,2549,73144,California
San Joaquin,2021-02-23,4338,106623,2643,54058,1695,52565,0,0,2670,45254,1635,30566,2676,75820,California
San Joaquin,2021-02-24,5781,112404,3440,57498,2341,54906,0,0,4151,47805,1604,32170,4155,79975,California
San Joaquin,2021-02-25,6384,118788,3949,61447,2435,57341,0,0,4115,49703,2227,34397,4125,84100,California
San Joaquin,2021-02-26,5523,124311,2861,64308,2662,60003,0,0,3792,51808,1694,36091,3799,87899,California
San Joaquin,2021-02-27,5487,129798,1633,65941,3854,63857,0,0,2647,51686,2782,38873,2660,90559,California
San Joaquin,2021-02-28,3113,132911,1125,67066,1988,65845,0,0,2050,52705,1034,39907,2053,92612,California
San Joaquin,2021-03-01,4261,137172,1829,68895,2429,68274,3,3,2358,53190,1884,41791,2369,94981,California
San Joaquin,2021-03-02,4234,141406,1688,70583,2546,70820,0,3,2659,54353,1552,43343,2715,97696,California
San Joaquin,2021-03-03,5830,147236,3460,74043,2368,73188,2,5,4204,56957,1601,44944,4205,101901,California
San Joaquin,2021-03-04,5726,152962,2272,76315,3451,76639,3,8,3741,58733,1969,46913,3745,105646,California
San Joaquin,2021-03-05,4506,157468,1902,78217,2599,79238,5,13,3118,60490,1371,48284,3128,108774,California
San Joaquin,2021-03-06,3323,160791,2187,80404,1006,80244,130,143,2734,62773,585,48869,2868,111642,California
San Joaquin,2021-03-07,1224,162015,567,80971,609,80853,48,191,938,63476,268,49137,971,112613,California
San Joaquin,2021-03-08,3149,165164,1266,82237,1759,82612,124,315,2132,64726,1005,50142,2255,114868,California
San Joaquin,2021-03-09,4173,169337,1862,84099,2182,84794,129,444,2687,66080,1467,51609,2821,117689,California
San Joaquin,2021-03-10,4878,174215,2525,86624,2211,87005,142,586,3445,68249,1417,53026,3586,121275,California
San Joaquin,2021-03-11,5188,179403,2444,89068,2140,89145,604,1190,2952,69585,2221,55247,3557,124832,California
San Joaquin,2021-03-12,6567,185970,3225,92293,3006,92151,336,1526,4171,71731,2368,57615,4514,129346,California
San Joaquin,2021-03-13,3232,189202,1509,93802,1598,93749,125,1651,2325,73289,899,58514,2457,131803,California
San Joaquin,2021-03-14,2172,191374,678,94480,1189,94938,305,1956,1027,73487,1138,59652,1336,133139,California
San Joaquin,2021-03-15,6125,197499,3509,97989,2211,97149,405,2361,3192,74200,2897,62549,3610,136749,California
San Joaquin,2021-03-16,6905,204404,3919,101908,2730,99879,256,2617,4065,75713,2814,65363,4327,141076,California
San Joaquin,2021-03-17,7927,212331,4723,106631,3133,103012,71,2688,4383,76677,3498,68861,4462,145538,California
San Joaquin,2021-03-18,7712,220043,4531,111162,2675,105687,506,3194,3822,77168,3844,72705,4335,149873,California
San Joaquin,2021-03-19,8001,228044,4686,115848,2774,108461,541,3735,4857,79495,3119,75824,5446,155319,California
San Joaquin,2021-03-20,3697,231741,2139,117987,1316,109777,242,3977,1829,79738,1842,77666,2085,157404,California
San Joaquin,2021-03-21,2127,233868,1509,119496,411,110188,207,4184,1189,80253,924,78590,1439,158843,California
San Joaquin,2021-03-22,4081,237949,2081,121577,1585,111773,415,4599,2447,81504,1617,80207,2868,161711,California
San Joaquin,2021-03-23,5476,243425,2684,124261,2625,114398,167,4766,3790,83806,1662,81869,3964,165675,California
San Joaquin,2021-03-24,6918,250343,4270,128531,2560,116958,88,4854,3071,83168,3805,85674,3167,168842,California
San Joaquin,2021-03-25,5664,256007,3348,131879,2271,119229,45,4899,3385,84349,2254,87928,3435,172277,California
San Joaquin,2021-03-26,6269,262276,2594,134473,3523,122752,152,5051,3304,84887,2937,90865,3475,175752,California
San Joaquin,2021-03-27,4678,266954,2628,137101,1975,124727,75,5126,1802,83924,2850,93715,1887,177639,California
San Joaquin,2021-03-28,2736,269690,1819,138920,892,125619,25,5151,1296,83902,1420,95135,1398,179037,California
San Joaquin,2021-03-29,4127,273817,2195,141115,1909,127528,23,5174,2097,84023,2014,97149,2135,181172,California
San Joaquin,2021-03-30,6333,280150,3176,144291,3064,130592,93,5267,3517,84869,2784,99933,3630,184802,California
San Joaquin,2021-03-31,6734,286884,4182,148473,2492,133084,60,5327,3447,85142,3259,103192,3532,188334,California
San Joaquin,2021-04-01,6526,293410,3001,151474,3435,136519,90,5417,2924,84639,3575,106767,3072,191406,California
San Joaquin,2021-04-02,6430,299840,2889,154363,3046,139565,495,5912,2574,83911,3828,110595,3100,194506,California
San Joaquin,2021-04-03,4208,304048,2389,156752,1493,141058,326,6238,2017,84093,2173,112768,2355,196861,California
San Joaquin,2021-04-04,2291,306339,1371,158123,715,141773,205,6443,1547,85132,733,113501,1772,198633,California
San Joaquin,2021-04-05,4832,311171,2845,160968,1749,143522,238,6681,2690,85941,2128,115629,2937,201570,California
San Joaquin,2021-04-06,7161,318332,4552,165520,2330,145852,279,6960,3427,85962,3701,119330,3722,205292,California
San Joaquin,2021-04-07,8439,326771,4574,170094,2275,148127,1590,8550,3570,86289,4846,124176,5173,210465,California
San Joaquin,2021-04-08,8868,335639,4756,174850,1974,150101,2138,10688,3371,86333,5466,129642,5510,215975,California
San Joaquin,2021-04-09,9032,344671,4390,179240,3078,153179,1564,12252,3344,85599,5661,135303,4927,220902,California
San Joaquin,2021-04-10,5260,349931,1665,180905,1687,154866,1908,14160,1798,85853,3450,138753,3704,224606,California
San Joaquin,2021-04-11,4301,354232,1770,182675,1364,156230,1167,15327,1982,86690,2306,141059,3143,227749,California
San Joaquin,2021-04-12,6156,360388,2503,185178,2102,158332,1551,16878,2451,87019,3677,144736,4006,231755,California
San Joaquin,2021-04-13,7639,368027,4401,189579,3229,161561,9,16887,4705,88833,2906,147642,4720,236475,California
San Joaquin,2021-04-14,7710,375737,3913,193492,3795,165356,2,16889,4673,90509,3011,150653,4687,241162,California
San Joaquin,2021-04-15,8010,383747,4758,198250,3252,168608,0,16889,4477,91506,3489,154142,4486,245648,California
San Joaquin,2021-04-16,7892,391639,4286,202536,3603,172211,3,16892,4785,93232,3073,157215,4799,250447,California
San Joaquin,2021-04-17,5197,396836,2819,205355,2376,174587,2,16894,3690,95447,1495,158710,3710,254157,California
San Joaquin,2021-04-18,2495,399331,1390,206745,1105,175692,0,16894,1327,95630,1152,159862,1335,255492,California
San Joaquin,2021-04-19,5284,404615,2820,209565,2464,178156,0,16894,2791,95975,2457,162319,2802,258294,California
San Joaquin,2021-04-20,6299,410914,3307,212872,2992,181148,0,16894,2973,95665,3293,165612,2983,261277,California
San Joaquin,2021-04-21,5723,416637,3152,216024,2571,183719,0,16894,2939,95888,2723,168335,2946,264223,California
San Joaquin,2021-04-22,5380,422017,3154,219178,2224,185943,2,16896,3095,96751,2250,170585,3113,267336,California
San Joaquin,2021-04-23,6025,428042,2857,222035,3167,189110,1,16897,3797,98353,2203,172788,3805,271141,California
San Joaquin,2021-04-24,5274,433316,3631,225666,1641,190751,2,16899,3442,99999,1804,174592,3450,274591,California
San Joaquin,2021-04-25,3079,436395,2593,228259,486,191237,0,16899,2046,101043,1008,175600,2052,276643,California
San Joaquin,2021-04-26,4150,440545,2667,230926,1479,192716,4,16903,2196,101312,1937,177537,2206,278849,California
San Joaquin,2021-04-27,4723,445268,2676,233602,1985,194701,62,16965,1993,100672,2703,180240,2063,280912,California
San Joaquin,2021-04-28,5719,450987,3385,236987,2255,196956,79,17044,2809,100695,2876,183116,2899,283811,California
San Joaquin,2021-04-29,5033,456020,2913,239900,2063,199019,57,17101,2548,100856,2456,185572,2617,286428,California
San Joaquin,2021-04-30,5092,461112,2457,242357,2568,201587,67,17168,2612,101087,2459,188031,2690,289118,California
San Joaquin,2021-05-01,3363,464475,1922,244279,1383,202970,58,17226,2145,102094,1208,189239,2215,291333,California
San Joaquin,2021-05-02,2307,466782,1602,245881,648,203618,57,17283,1176,102201,1127,190366,1234,292567,California
San Joaquin,2021-05-03,3391,470173,2266,248147,1045,204663,80,17363,1417,101749,1957,192323,1505,294072,California
San Joaquin,2021-05-04,4954,475127,3317,251464,1480,206143,157,17520,1814,100613,3117,195440,1981,296053,California
San Joaquin,2021-05-05,5180,480307,3559,255023,1458,207601,163,17683,2306,100246,2842,198282,2475,298528,California
San Joaquin,2021-05-06,4717,485024,3141,258164,1446,209047,130,17813,2051,99790,2649,200931,2193,300721,California
San Joaquin,2021-05-07,5177,490201,2980,261144,2045,211092,152,17965,1926,98648,3229,204160,2087,302808,California
San Joaquin,2021-05-08,3281,493482,2110,263254,1070,212162,101,18066,1213,97919,2052,206212,1323,304131,California
San Joaquin,2021-05-09,1486,494968,847,264101,569,212731,70,18136,593,97698,890,207102,669,304800,California
San Joaquin,2021-05-10,2852,497820,1481,265582,1246,213977,125,18261,933,96859,1902,209004,1063,305863,California
San Joaquin,2021-05-11,4247,502067,2219,267801,1906,215883,122,18383,1355,95492,2875,211879,1508,307371,California
San Joaquin,2021-05-12,4450,506517,2105,269906,2220,218103,125,18508,1475,94147,2956,214835,1611,308982,California
San Joaquin,2021-05-13,4790,511307,2790,272696,1910,220013,90,18598,1876,93229,2898,217733,1980,310962,California
San Joaquin,2021-05-14,5782,517089,3440,276136,2233,222246,109,18707,2446,92483,3307,221040,2561,313523,California
San Joaquin,2021-05-15,5246,522335,3122,279258,2043,224289,81,18788,1651,90655,3564,224604,1736,315259,California
San Joaquin,2021-05-16,3570,525905,2797,282055,724,225013,49,18837,1436,90027,2121,226725,1493,316752,California
San Joaquin,2021-05-17,4152,530057,2486,284541,1569,226582,97,18934,1802,89602,2333,229058,1908,318660,California
San Joaquin,2021-05-18,3980,534037,2297,286838,1564,228146,119,19053,1893,89543,2070,231128,2011,320671,California
San Joaquin,2021-05-19,4772,538809,2779,289617,1858,230004,135,19188,2109,89163,2632,233760,2252,322923,California
San Joaquin,2021-05-20,3980,542789,2381,291998,1495,231499,104,19292,1790,88894,2167,235927,1898,324821,California
San Joaquin,2021-05-21,5074,547863,2983,294981,1969,233468,122,19414,2369,88719,2676,238603,2501,327322,California
San Joaquin,2021-05-22,4050,551913,2540,297521,1416,234884,94,19508,1813,88412,2224,240827,1917,329239,California
San Joaquin,2021-05-23,2475,554388,2022,299543,409,235293,44,19552,1452,88900,1012,241839,1500,330739,California
San Joaquin,2021-05-24,2972,557360,1698,301241,1181,236474,93,19645,1384,88809,1572,243411,1481,332220,California
San Joaquin,2021-05-25,3117,560477,1942,303183,1025,237499,150,19795,1475,88809,1624,245035,1624,333844,California
San Joaquin,2021-05-26,3898,564375,2400,305583,1423,238922,75,19870,1632,88269,2250,247285,1710,335554,California
San Joaquin,2021-05-27,3130,567505,1705,307288,1341,240263,84,19954,1346,87934,1768,249053,1433,336987,California
San Joaquin,2021-05-28,3115,570620,1667,308955,1357,241620,91,20045,1473,87888,1618,250671,1572,338559,California
San Joaquin,2021-05-29,2150,572770,1189,310144,925,242545,36,20081,975,87732,1171,251842,1015,339574,California
San Joaquin,2021-05-30,975,573745,522,310666,427,242972,26,20107,411,87614,558,252400,440,340014,California
San Joaquin,2021-05-31,621,574366,259,310925,355,243327,7,20114,238,87480,379,252779,245,340259,California
San Joaquin,2021-06-01,2456,576822,1484,312409,876,244203,96,20210,1178,87491,1269,254048,1280,341539,California
San Joaquin,2021-06-02,2726,579548,1615,314024,1057,245260,54,20264,1161,87160,1549,255597,1218,342757,California
San Joaquin,2021-06-03,2843,582391,1753,315777,1033,246293,57,20321,1096,86586,1732,257329,1158,343915,California
San Joaquin,2021-06-04,3137,585528,1926,317703,1104,247397,107,20428,1092,85765,2018,259347,1197,345112,California
San Joaquin,2021-06-05,2351,587879,1799,319502,495,247892,57,20485,1094,85756,1165,260512,1156,346268,California
San Joaquin,2021-06-06,1098,588977,884,320386,177,248069,37,20522,459,85633,620,261132,497,346765,California
San Joaquin,2021-06-07,2823,591800,2097,322483,685,248754,41,20563,985,84837,1831,262963,1035,347800,California
San Joaquin,2021-06-08,2766,594566,2097,324580,624,249378,45,20608,877,83889,1873,264836,925,348725,California
San Joaquin,2021-06-09,2845,597411,1981,326561,820,250198,44,20652,961,83029,1866,266702,1006,349731,California
San Joaquin,2021-06-10,2657,600068,1929,328490,661,250859,67,20719,1004,82454,1648,268350,1073,350804,California
San Joaquin,2021-06-11,2949,603017,2036,330526,796,251655,117,20836,974,81579,1966,270316,1091,351895,California
San Joaquin,2021-06-12,1855,604872,1396,331922,428,252083,31,20867,631,81044,1218,271534,683,352578,California
San Joaquin,2021-06-13,1049,605921,810,332732,191,252274,48,20915,484,81017,561,272095,534,353112,California
San Joaquin,2021-06-14,2214,608135,1490,334222,652,252926,72,20987,982,80850,1223,273318,1056,354168,California
San Joaquin,2021-06-15,2241,610376,1496,335718,667,253593,78,21065,873,80448,1356,274674,954,355122,California
San Joaquin,2021-06-16,2483,612859,1720,337438,681,254274,82,21147,889,79843,1578,276252,973,356095,California
San Joaquin,2021-06-17,2580,615439,1835,339273,688,254962,57,21204,880,79094,1686,277938,937,357032,California
San Joaquin,2021-06-18,2751,618190,1804,341077,875,255837,72,21276,1143,78712,1598,279536,1216,358248,California
San Joaquin,2021-06-19,1386,619576,861,341938,266,256103,259,21535,493,78579,886,280422,753,359001,California
San Joaquin,2021-06-20,632,620208,494,342432,112,256215,26,21561,280,78537,347,280769,305,359306,California
San Joaquin,2021-06-21,1615,621823,956,343388,551,256766,108,21669,829,78694,780,281549,937,360243,California
San Joaquin,2021-06-22,1854,623677,1233,344621,553,257319,68,21737,803,78523,1041,282590,870,361113,California
San Joaquin,2021-06-23,701,624378,410,345031,263,257582,28,21765,255,78360,445,283035,282,361395,California
San Luis Obispo,2020-12-16,4,4,4,4,0,0,0,0,4,4,0,0,4,4,California
San Luis Obispo,2020-12-17,196,200,196,200,0,0,0,0,196,200,0,0,196,200,California
San Luis Obispo,2020-12-18,224,424,224,424,0,0,0,0,224,424,0,0,224,424,California
San Luis Obispo,2020-12-19,164,588,164,588,0,0,0,0,164,588,0,0,164,588,California
San Luis Obispo,2020-12-20,215,803,215,803,0,0,0,0,215,803,0,0,215,803,California
San Luis Obispo,2020-12-21,550,1353,549,1352,1,1,0,0,550,1353,0,0,550,1353,California
San Luis Obispo,2020-12-22,309,1662,305,1657,4,5,0,0,309,1662,0,0,309,1662,California
San Luis Obispo,2020-12-23,681,2343,367,2024,314,319,0,0,681,2343,0,0,681,2343,California
San Luis Obispo,2020-12-24,194,2537,19,2043,175,494,0,0,194,2537,0,0,194,2537,California
San Luis Obispo,2020-12-25,2,2539,1,2044,1,495,0,0,2,2539,0,0,2,2539,California
San Luis Obispo,2020-12-26,89,2628,12,2056,77,572,0,0,89,2628,0,0,89,2628,California
San Luis Obispo,2020-12-27,76,2704,0,2056,76,648,0,0,76,2704,0,0,76,2704,California
San Luis Obispo,2020-12-28,878,3582,429,2485,449,1097,0,0,878,3582,0,0,878,3582,California
San Luis Obispo,2020-12-29,904,4486,504,2989,400,1497,0,0,904,4486,0,0,904,4486,California
San Luis Obispo,2020-12-30,1173,5659,680,3669,493,1990,0,0,1173,5659,0,0,1173,5659,California
San Luis Obispo,2020-12-31,109,5768,4,3673,105,2095,0,0,109,5768,0,0,109,5768,California
San Luis Obispo,2021-01-01,17,5785,10,3683,7,2102,0,0,17,5785,0,0,17,5785,California
San Luis Obispo,2021-01-02,34,5819,8,3691,26,2128,0,0,34,5819,0,0,34,5819,California
San Luis Obispo,2021-01-03,17,5836,6,3697,11,2139,0,0,17,5836,0,0,17,5836,California
San Luis Obispo,2021-01-04,680,6516,524,4221,156,2295,0,0,680,6516,0,0,680,6516,California
San Luis Obispo,2021-01-05,973,7489,755,4976,218,2513,0,0,970,7483,3,3,970,7486,California
San Luis Obispo,2021-01-06,728,8217,481,5457,247,2760,0,0,720,8196,7,10,720,8206,California
San Luis Obispo,2021-01-07,1125,9342,948,6405,177,2937,0,0,682,8435,443,453,682,8888,California
San Luis Obispo,2021-01-08,883,10225,804,7209,79,3016,0,0,514,8581,368,821,514,9402,California
San Luis Obispo,2021-01-09,205,10430,195,7404,10,3026,0,0,28,8432,177,998,28,9430,California
San Luis Obispo,2021-01-10,12,10442,8,7412,4,3030,0,0,8,8436,4,1002,8,9438,California
San Luis Obispo,2021-01-11,560,11002,509,7921,51,3081,0,0,298,8473,261,1263,298,9736,California
San Luis Obispo,2021-01-12,600,11602,382,8303,218,3299,0,0,319,8511,281,1544,319,10055,California
San Luis Obispo,2021-01-13,886,12488,258,8561,628,3927,0,0,649,8925,235,1779,649,10704,California
San Luis Obispo,2021-01-14,728,13216,239,8800,489,4416,0,0,606,9418,113,1892,606,11310,California
San Luis Obispo,2021-01-15,734,13950,293,9093,441,4857,0,0,555,9799,174,2066,555,11865,California
San Luis Obispo,2021-01-16,101,14051,81,9174,20,4877,0,0,96,9890,5,2071,96,11961,California
San Luis Obispo,2021-01-17,63,14114,56,9230,7,4884,0,0,63,9953,0,2071,63,12024,California
San Luis Obispo,2021-01-18,1369,15483,388,9618,981,5865,0,0,1106,10796,263,2334,1106,13130,California
San Luis Obispo,2021-01-19,1582,17065,416,10034,1166,7031,0,0,1175,11564,407,2741,1175,14305,California
San Luis Obispo,2021-01-20,1892,18957,601,10635,1291,8322,0,0,1300,12275,590,3331,1301,15606,California
San Luis Obispo,2021-01-21,1580,20537,470,11105,1110,9432,0,0,1208,13116,368,3699,1209,16815,California
San Luis Obispo,2021-01-22,1525,22062,509,11614,1016,10448,0,0,1208,14009,315,4014,1208,18023,California
San Luis Obispo,2021-01-23,312,22374,293,11907,19,10467,0,0,296,14289,16,4030,296,18319,California
San Luis Obispo,2021-01-24,243,22617,235,12142,8,10475,0,0,237,14520,6,4036,237,18556,California
San Luis Obispo,2021-01-25,2075,24692,602,12744,1473,11948,0,0,1245,14935,830,4866,1245,19801,California
San Luis Obispo,2021-01-26,2002,26694,702,13446,1300,13248,0,0,1139,15211,863,5729,1139,20940,California
San Luis Obispo,2021-01-27,1609,28303,280,13726,1329,14577,0,0,1150,15902,459,6188,1150,22090,California
San Luis Obispo,2021-01-28,1496,29799,344,14070,1152,15729,0,0,1231,16870,263,6451,1231,23321,California
San Luis Obispo,2021-01-29,1746,31545,688,14758,1058,16787,0,0,1458,18040,288,6739,1458,24779,California
San Luis Obispo,2021-01-30,41,31586,19,14777,22,16809,0,0,29,18058,11,6750,29,24808,California
San Luis Obispo,2021-01-31,29,31615,19,14796,10,16819,0,0,27,18083,2,6752,27,24835,California
San Luis Obispo,2021-02-01,1714,33329,743,15539,971,17790,0,0,1408,19186,305,7057,1408,26243,California
San Luis Obispo,2021-02-02,1901,35230,680,16219,1221,19011,0,0,1527,20339,374,7431,1527,27770,California
San Luis Obispo,2021-02-03,1714,36944,730,16949,984,19995,0,0,1299,21223,415,7846,1299,29069,California
San Luis Obispo,2021-02-04,1665,38609,802,17751,863,20858,0,0,1098,21754,567,8413,1098,30167,California
San Luis Obispo,2021-02-05,1607,40216,717,18468,890,21748,0,0,1062,22271,546,8959,1063,31230,California
San Luis Obispo,2021-02-06,178,40394,108,18576,70,21818,0,0,98,22289,80,9039,98,31328,California
San Luis Obispo,2021-02-07,123,40517,78,18654,45,21863,0,0,72,22311,51,9090,73,31401,California
San Luis Obispo,2021-02-08,864,41381,472,19126,392,22255,0,0,503,22454,360,9450,503,31904,California
San Luis Obispo,2021-02-09,1128,42509,449,19575,679,22934,0,0,546,22431,576,10026,553,32457,California
San Luis Obispo,2021-02-10,1440,43949,490,20065,950,23884,0,0,527,22050,911,10937,530,32987,California
San Luis Obispo,2021-02-11,1336,45285,846,20911,490,24374,0,0,659,22034,675,11612,659,33646,California
San Luis Obispo,2021-02-12,784,46069,362,21273,422,24796,0,0,418,22086,366,11978,418,34064,California
San Luis Obispo,2021-02-13,395,46464,131,21404,264,25060,0,0,287,22266,107,12085,287,34351,California
San Luis Obispo,2021-02-14,323,46787,44,21448,279,25339,0,0,284,22512,39,12124,285,34636,California
San Luis Obispo,2021-02-15,728,47515,138,21586,590,25929,0,0,474,22733,253,12377,474,35110,California
San Luis Obispo,2021-02-16,2970,50485,1198,22784,1772,27701,0,0,1362,22487,1608,13985,1362,36472,California
San Luis Obispo,2021-02-17,2782,53267,1237,24021,1545,29246,0,0,1026,21766,1747,15732,1026,37498,California
San Luis Obispo,2021-02-18,2833,56100,1464,25485,1369,30615,0,0,1136,21215,1688,17420,1137,38635,California
San Luis Obispo,2021-02-19,1469,57569,1347,26832,122,30737,0,0,1137,22022,330,17750,1137,39772,California
San Luis Obispo,2021-02-20,258,57827,83,26915,175,30912,0,0,220,22204,38,17788,220,39992,California
San Luis Obispo,2021-02-21,57,57884,53,26968,4,30916,0,0,32,22211,25,17813,32,40024,California
San Luis Obispo,2021-02-22,2420,60304,1870,28838,550,31466,0,0,1472,22737,947,18760,1473,41497,California
San Luis Obispo,2021-02-23,1862,62166,1747,30585,115,31581,0,0,1366,23609,495,19255,1367,42864,California
San Luis Obispo,2021-02-24,2647,64813,1301,31886,1346,32927,0,0,836,22637,1808,21063,836,43700,California
San Luis Obispo,2021-02-25,2132,66945,1243,33129,889,33816,0,0,1207,22927,918,21981,1208,44908,California
San Luis Obispo,2021-02-26,2652,69597,1150,34279,1502,35318,0,0,1331,22947,1311,23292,1331,46239,California
San Luis Obispo,2021-02-27,583,70180,354,34633,229,35547,0,0,527,23418,56,23348,527,46766,California
San Luis Obispo,2021-02-28,194,70374,67,34700,127,35674,0,0,160,23545,33,23381,160,46926,California
San Luis Obispo,2021-03-01,3010,73384,1879,36579,1129,36803,2,2,2078,24694,932,24313,2081,49007,California
San Luis Obispo,2021-03-02,3041,76425,1912,38491,1129,37932,0,2,1886,25431,1150,25463,1887,50894,California
San Luis Obispo,2021-03-03,2349,78774,342,38833,2007,39939,0,2,854,24797,1489,26952,855,51749,California
San Luis Obispo,2021-03-04,2203,80977,1163,39996,1040,40979,0,2,1185,24969,1015,27967,1187,52936,California
San Luis Obispo,2021-03-05,2305,83282,1021,41017,1214,42193,70,72,1298,25344,993,28960,1368,54304,California
San Luis Obispo,2021-03-06,843,84125,313,41330,422,42615,108,180,620,25843,223,29183,722,55026,California
San Luis Obispo,2021-03-07,201,84326,33,41363,84,42699,84,264,73,25873,127,29310,157,55183,California
San Luis Obispo,2021-03-08,2738,87064,758,42121,1662,44361,318,582,1542,26542,1191,30501,1860,57043,California
San Luis Obispo,2021-03-09,2963,90027,974,43095,1741,46102,248,830,1531,26894,1428,31929,1780,58823,California
San Luis Obispo,2021-03-10,3199,93226,1242,44337,1675,47777,282,1112,1816,27613,1379,33308,2098,60921,California
San Luis Obispo,2021-03-11,3331,96557,1302,45639,1706,49483,323,1435,1810,28237,1509,34817,2133,63054,California
San Luis Obispo,2021-03-12,3239,99796,1257,46896,1642,51125,340,1775,1622,28592,1611,36428,1966,65020,California
San Luis Obispo,2021-03-13,803,100599,263,47159,431,51556,109,1884,432,28763,370,36798,541,65561,California
San Luis Obispo,2021-03-14,516,101115,54,47213,351,51907,111,1995,134,28628,380,37178,245,65806,California
San Luis Obispo,2021-03-15,3069,104184,1103,48316,1865,53772,101,2096,1530,28726,1536,38714,1634,67440,California
San Luis Obispo,2021-03-16,2860,107044,1511,49827,1239,55011,110,2206,1441,28864,1412,40126,1550,68990,California
San Luis Obispo,2021-03-17,3458,110502,1449,51276,1747,56758,262,2468,2007,29693,1440,41566,2269,71259,California
San Luis Obispo,2021-03-18,2825,113327,1449,52725,1162,57920,214,2682,1350,29788,1468,43034,1563,72822,California
San Luis Obispo,2021-03-19,2599,115926,1573,54298,704,58624,322,3004,963,29448,1627,44661,1287,74109,California
San Luis Obispo,2021-03-20,841,116767,501,54799,303,58927,37,3041,385,29415,455,45116,422,74531,California
San Luis Obispo,2021-03-21,189,116956,45,54844,140,59067,4,3045,159,29548,29,45145,162,74693,California
San Luis Obispo,2021-03-22,2764,119720,1174,56018,1542,60609,48,3093,1930,30696,830,45975,1978,76671,California
San Luis Obispo,2021-03-23,3346,123066,2225,58243,1092,61701,29,3122,2224,31832,1117,47092,2253,78924,California
San Luis Obispo,2021-03-24,3570,126636,2185,60428,1300,63001,85,3207,2660,33672,904,47996,2744,81668,California
San Luis Obispo,2021-03-25,3705,130341,2323,62751,1370,64371,12,3219,2652,35287,1048,49044,2663,84331,California
San Luis Obispo,2021-03-26,3254,133595,1801,64552,1021,65392,432,3651,1823,36116,1426,50470,2255,86586,California
San Luis Obispo,2021-03-27,994,134589,506,65058,397,65789,91,3742,451,36117,541,51011,542,87128,California
San Luis Obispo,2021-03-28,449,135038,155,65213,238,66027,56,3798,247,36219,201,51212,303,87431,California
San Luis Obispo,2021-03-29,2628,137666,1323,66536,1172,67199,133,3931,1681,37101,932,52144,1814,89245,California
San Luis Obispo,2021-03-30,3530,141196,1938,68474,1451,68650,141,4072,2341,38399,1182,53326,2480,91725,California
San Luis Obispo,2021-03-31,3896,145092,2479,70953,1269,69919,148,4220,2505,39671,1380,54706,2652,94377,California
San Luis Obispo,2021-04-01,3899,148991,2470,73423,1311,71230,118,4338,2720,41342,1165,55871,2836,97213,California
San Luis Obispo,2021-04-02,1760,150751,692,74115,753,71983,315,4653,956,41810,801,56672,1269,98482,California
San Luis Obispo,2021-04-03,1113,151864,557,74672,429,72412,127,4780,494,41816,615,57287,621,99103,California
San Luis Obispo,2021-04-04,388,152252,134,74806,214,72626,40,4820,240,41948,148,57435,280,99383,California
San Luis Obispo,2021-04-05,3615,155867,1940,76746,1562,74188,113,4933,2014,42477,1597,59032,2126,101509,California
San Luis Obispo,2021-04-06,4164,160031,2201,78947,1639,75827,324,5257,1978,42602,2177,61209,2302,103811,California
San Luis Obispo,2021-04-07,4289,164320,2346,81293,1576,77403,367,5624,2453,43598,1821,63030,2817,106628,California
San Luis Obispo,2021-04-08,3998,168318,2192,83485,1398,78801,408,6032,2136,44289,1853,64883,2544,109172,California
San Luis Obispo,2021-04-09,3689,172007,1756,85241,1172,79973,761,6793,1508,44383,2169,67052,2263,111435,California
San Luis Obispo,2021-04-10,1597,173604,570,85811,357,80330,670,7463,499,44451,1097,68149,1165,112600,California
San Luis Obispo,2021-04-11,317,173921,64,85875,186,80516,67,7530,126,44455,189,68338,193,112793,California
San Luis Obispo,2021-04-12,3420,177341,1720,87595,1538,82054,162,7692,1419,44036,1999,70337,1580,114373,California
San Luis Obispo,2021-04-13,3704,181045,2146,89741,1557,83611,1,7693,1988,44314,1712,72049,1990,116363,California
San Luis Obispo,2021-04-14,3616,184661,2063,91804,1548,85159,5,7698,1767,44254,1832,73881,1772,118135,California
San Luis Obispo,2021-04-15,3774,188435,2455,94259,1318,86477,1,7699,2031,44565,1722,75603,2033,120168,California
San Luis Obispo,2021-04-16,3685,192120,2248,96507,1433,87910,4,7703,1779,44449,1897,77500,1781,121949,California
San Luis Obispo,2021-04-17,1097,193217,434,96941,661,88571,2,7705,713,44781,383,77883,715,122664,California
San Luis Obispo,2021-04-18,326,193543,102,97043,223,88794,1,7706,115,44689,207,78090,115,122779,California
San Luis Obispo,2021-04-19,3206,196749,1353,98396,1815,90609,38,7744,1097,43722,2103,80193,1136,123915,California
San Luis Obispo,2021-04-20,3641,200390,2028,100424,1613,92222,0,7744,1340,42771,2291,82484,1340,125255,California
San Luis Obispo,2021-04-21,3984,204374,1836,102260,2148,94370,0,7744,1586,41982,2378,84862,1589,126844,California
San Luis Obispo,2021-04-22,4599,208973,2070,104330,2529,96899,0,7744,1415,40233,3166,88028,1417,128261,California
San Luis Obispo,2021-04-23,1416,210389,827,105157,585,97484,4,7748,703,40232,709,88737,708,128969,California
San Luis Obispo,2021-04-24,1083,211472,439,105596,625,98109,19,7767,509,40179,581,89318,528,129497,California
San Luis Obispo,2021-04-25,349,211821,163,105759,186,98295,0,7767,112,40057,234,89552,112,129609,California
San Luis Obispo,2021-04-26,1079,212900,394,106153,667,98962,18,7785,395,39797,672,90224,412,130021,California
San Luis Obispo,2021-04-27,3919,216819,1989,108142,1851,100813,79,7864,1533,39031,2377,92601,1611,131632,California
San Luis Obispo,2021-04-28,3803,220622,2098,110240,1633,102446,72,7936,1345,38002,2446,95047,1417,133049,California
San Luis Obispo,2021-04-29,3712,224334,2121,112361,1524,103970,67,8003,1245,36864,2451,97498,1313,134362,California
San Luis Obispo,2021-04-30,2987,227321,1676,114037,1237,105207,74,8077,920,35807,2049,99547,992,135354,California
San Luis Obispo,2021-05-01,472,227793,163,114200,274,105481,35,8112,98,35569,370,99917,132,135486,California
San Luis Obispo,2021-05-02,173,227966,54,114254,99,105580,20,8132,43,35502,130,100047,63,135549,California
San Luis Obispo,2021-05-03,892,228858,287,114541,494,106074,111,8243,223,35167,667,100714,332,135881,California
San Luis Obispo,2021-05-04,2948,231806,1906,116447,971,107045,71,8314,863,34020,2078,102792,931,136812,California
San Luis Obispo,2021-05-05,2818,234624,1862,118309,890,107935,66,8380,677,32635,2129,104921,744,137556,California
San Luis Obispo,2021-05-06,2832,237456,1909,120218,859,108794,64,8444,724,31332,2091,107012,788,138344,California
San Luis Obispo,2021-05-07,2344,239800,1770,121988,507,109301,67,8511,601,30279,1722,108734,669,139013,California
San Luis Obispo,2021-05-08,569,240369,334,122322,211,109512,24,8535,192,30137,358,109092,216,139229,California
San Luis Obispo,2021-05-09,166,240535,43,122365,104,109616,19,8554,46,30083,119,109211,65,139294,California
San Luis Obispo,2021-05-10,726,241261,154,122519,520,110136,52,8606,154,29720,567,109778,204,139498,California
San Luis Obispo,2021-05-11,1188,242449,596,123115,517,110653,75,8681,360,29333,822,110600,435,139933,California
San Luis Obispo,2021-05-12,2450,244899,1607,124722,760,111413,83,8764,672,28328,1760,112360,755,140688,California
San Luis Obispo,2021-05-13,1144,246043,716,125438,366,111779,62,8826,476,28203,662,113022,537,141225,California
San Luis Obispo,2021-05-14,2243,248286,1638,127076,553,112332,52,8878,922,27873,1303,114325,973,142198,California
San Luis Obispo,2021-05-15,987,249273,455,127531,498,112830,34,8912,463,27850,521,114846,498,142696,California
San Luis Obispo,2021-05-16,308,249581,164,127695,138,112968,6,8918,175,27899,132,114978,181,142877,California
San Luis Obispo,2021-05-17,1686,251267,976,128671,650,113618,60,8978,669,27620,1008,115986,729,143606,California
San Luis Obispo,2021-05-18,1893,253160,1158,129829,703,114321,32,9010,722,27210,1165,117151,755,144361,California
San Luis Obispo,2021-05-19,1450,254610,625,130454,762,115083,63,9073,409,26646,1035,118186,471,144832,California
San Luis Obispo,2021-05-20,1137,255747,498,130952,602,115685,37,9110,341,26239,785,118971,378,145210,California
San Luis Obispo,2021-05-21,1081,256828,573,131525,467,116152,41,9151,511,26231,560,119531,552,145762,California
San Luis Obispo,2021-05-22,682,257510,325,131850,334,116486,23,9174,343,26265,332,119863,366,146128,California
San Luis Obispo,2021-05-23,146,257656,68,131918,72,116558,6,9180,51,26228,94,119957,57,146185,California
San Luis Obispo,2021-05-24,561,258217,263,132181,264,116822,34,9214,202,26107,357,120314,236,146421,California
San Luis Obispo,2021-05-25,872,259089,429,132610,416,117238,27,9241,349,25967,515,120829,375,146796,California
San Luis Obispo,2021-05-26,2145,261234,993,133603,1096,118334,56,9297,672,25227,1467,122296,727,147523,California
San Luis Obispo,2021-05-27,1867,263101,666,134269,1169,119503,32,9329,490,24376,1372,123668,521,148044,California
San Luis Obispo,2021-05-28,895,263996,463,134732,411,119914,21,9350,477,24458,416,124084,498,148542,California
San Luis Obispo,2021-05-29,377,264373,153,134885,213,120127,11,9361,214,24522,162,124246,226,148768,California
San Luis Obispo,2021-05-30,89,264462,36,134921,45,120172,8,9369,34,24509,54,124300,41,148809,California
San Luis Obispo,2021-05-31,41,264503,5,134926,23,120195,13,9382,16,24513,24,124324,28,148837,California
San Luis Obispo,2021-06-01,746,265249,325,135251,391,120586,30,9412,268,24337,474,124798,298,149135,California
San Luis Obispo,2021-06-02,630,265879,287,135538,303,120889,40,9452,187,24126,437,125235,226,149361,California
San Luis Obispo,2021-06-03,914,266793,452,135990,431,121320,31,9483,253,23752,658,125893,284,149645,California
San Luis Obispo,2021-06-04,2463,269256,1520,137510,903,122223,40,9523,701,22741,1750,127643,739,150384,California
San Luis Obispo,2021-06-05,660,269916,287,137797,352,122575,21,9544,322,22747,337,127980,343,150727,California
San Luis Obispo,2021-06-06,185,270101,132,137929,44,122619,9,9553,46,22663,139,128119,55,150782,California
San Luis Obispo,2021-06-07,545,270646,358,138287,149,122768,38,9591,156,22470,387,128506,194,150976,California
San Luis Obispo,2021-06-08,782,271428,525,138812,216,122984,41,9632,245,22223,533,129039,286,151262,California
San Luis Obispo,2021-06-09,622,272050,354,139166,237,123221,31,9663,185,22004,435,129474,216,151478,California
San Luis Obispo,2021-06-10,756,272806,364,139530,353,123574,39,9702,237,21763,517,129991,276,151754,California
San Luis Obispo,2021-06-11,924,273730,541,140071,347,123921,36,9738,345,21570,575,130566,382,152136,California
San Luis Obispo,2021-06-12,391,274121,267,140338,121,124042,3,9741,167,21517,223,130789,170,152306,California
San Luis Obispo,2021-06-13,159,274280,91,140429,65,124107,3,9744,42,21445,117,130906,45,152351,California
San Luis Obispo,2021-06-14,455,274735,298,140727,126,124233,31,9775,130,21282,322,131228,159,152510,California
San Luis Obispo,2021-06-15,638,275373,397,141124,203,124436,38,9813,237,21159,397,131625,274,152784,California
San Luis Obispo,2021-06-16,604,275977,361,141485,212,124648,31,9844,180,20952,417,132042,210,152994,California
San Luis Obispo,2021-06-17,599,276576,341,141826,232,124880,26,9870,200,20780,398,132440,226,153220,California
San Luis Obispo,2021-06-18,771,277347,505,142331,221,125101,45,9915,272,20603,495,132935,318,153538,California
San Luis Obispo,2021-06-19,266,277613,151,142482,101,125202,14,9929,101,20555,163,133098,115,153653,California
San Luis Obispo,2021-06-20,109,277722,72,142554,29,125231,8,9937,44,20543,64,133162,52,153705,California
San Luis Obispo,2021-06-21,350,278072,221,142775,103,125334,26,9963,156,20533,192,133354,182,153887,California
San Luis Obispo,2021-06-22,607,278679,360,143135,219,125553,28,9991,271,20498,334,133688,299,154186,California
San Luis Obispo,2021-06-23,150,278829,73,143208,66,125619,11,10002,66,20491,84,133772,77,154263,California
San Mateo,2020-12-15,27,27,27,27,0,0,0,0,27,27,0,0,27,27,California
San Mateo,2020-12-16,112,139,112,139,0,0,0,0,112,139,0,0,112,139,California
San Mateo,2020-12-17,174,313,174,313,0,0,0,0,174,313,0,0,174,313,California
San Mateo,2020-12-18,776,1089,774,1087,2,2,0,0,776,1089,0,0,776,1089,California
San Mateo,2020-12-19,516,1605,516,1603,0,2,0,0,516,1605,0,0,516,1605,California
San Mateo,2020-12-20,507,2112,506,2109,1,3,0,0,507,2112,0,0,507,2112,California
San Mateo,2020-12-21,1148,3260,1147,3256,1,4,0,0,1148,3260,0,0,1148,3260,California
San Mateo,2020-12-22,1520,4780,1512,4768,8,12,0,0,1519,4779,0,0,1519,4779,California
San Mateo,2020-12-23,1571,6351,1380,6148,191,203,0,0,1571,6350,0,0,1571,6350,California
San Mateo,2020-12-24,867,7218,608,6756,259,462,0,0,867,7217,0,0,867,7217,California
San Mateo,2020-12-25,115,7333,111,6867,4,466,0,0,115,7332,0,0,115,7332,California
San Mateo,2020-12-26,563,7896,418,7285,145,611,0,0,563,7895,0,0,563,7895,California
San Mateo,2020-12-27,306,8202,175,7460,131,742,0,0,306,8201,0,0,306,8201,California
San Mateo,2020-12-28,1060,9262,710,8170,350,1092,0,0,1060,9261,0,0,1060,9261,California
San Mateo,2020-12-29,1139,10401,715,8885,424,1516,0,0,1139,10400,0,0,1139,10400,California
San Mateo,2020-12-30,1271,11672,765,9650,506,2022,0,0,1271,11671,0,0,1271,11671,California
San Mateo,2020-12-31,713,12385,230,9880,483,2505,0,0,712,12382,1,1,712,12383,California
San Mateo,2021-01-01,114,12499,78,9958,36,2541,0,0,114,12496,0,1,114,12497,California
San Mateo,2021-01-02,405,12904,273,10231,132,2673,0,0,405,12901,0,1,405,12902,California
San Mateo,2021-01-03,284,13188,209,10440,75,2748,0,0,281,13179,3,4,281,13183,California
San Mateo,2021-01-04,1054,14242,681,11121,373,3121,0,0,1054,14233,0,4,1054,14237,California
San Mateo,2021-01-05,1216,15458,715,11836,501,3622,0,0,1183,15384,33,37,1184,15421,California
San Mateo,2021-01-06,1461,16919,960,12796,501,4123,0,0,1266,16459,192,229,1267,16688,California
San Mateo,2021-01-07,1464,18383,817,13613,647,4770,0,0,1153,17309,304,533,1154,17842,California
San Mateo,2021-01-08,1858,20241,1203,14816,655,5425,0,0,1143,17744,708,1241,1143,18985,California
San Mateo,2021-01-09,1184,21425,780,15596,404,5829,0,0,721,18002,463,1704,721,19706,California
San Mateo,2021-01-10,710,22135,581,16177,129,5958,0,0,267,17826,443,2147,267,19973,California
San Mateo,2021-01-11,2611,24746,1505,17682,1106,7064,0,0,1534,18284,1078,3225,1536,21509,California
San Mateo,2021-01-12,3449,28195,1935,19617,1514,8578,0,0,2228,19304,1212,4437,2232,23741,California
San Mateo,2021-01-13,3420,31615,1673,21290,1747,10325,0,0,2369,20624,1051,5488,2371,26112,California
San Mateo,2021-01-14,3800,35415,1608,22898,2192,12517,0,0,3100,23029,700,6188,3105,29217,California
San Mateo,2021-01-15,4351,39766,1734,24632,2617,15134,0,0,3802,26287,546,6734,3804,33021,California
San Mateo,2021-01-16,3088,42854,771,25403,2317,17451,0,0,2757,28715,330,7064,2758,35779,California
San Mateo,2021-01-17,1316,44170,305,25708,1011,18462,0,0,1110,29619,206,7270,1110,36889,California
San Mateo,2021-01-18,1370,45540,541,26249,829,19291,0,0,990,30232,377,7647,990,37879,California
San Mateo,2021-01-19,2811,48351,1799,28048,1012,20303,0,0,2007,31438,801,8448,2007,39886,California
San Mateo,2021-01-20,2818,51169,1554,29602,1264,21567,0,0,1966,32556,849,9297,1967,41853,California
San Mateo,2021-01-21,2890,54059,1310,30912,1580,23147,0,0,2298,34267,590,9887,2301,44154,California
San Mateo,2021-01-22,2835,56894,1146,32058,1689,24836,0,0,2528,36491,305,10192,2529,46683,California
San Mateo,2021-01-23,2896,59790,1687,33745,1209,26045,0,0,2527,38650,369,10561,2528,49211,California
San Mateo,2021-01-24,1518,61308,375,34120,1143,27188,0,0,1207,39548,310,10871,1208,50419,California
San Mateo,2021-01-25,4432,65740,3151,37271,1281,28469,0,0,3523,42169,906,11777,3527,53946,California
San Mateo,2021-01-26,4347,70087,3006,40277,1341,29810,0,0,3413,44651,932,12709,3414,57360,California
San Mateo,2021-01-27,2835,72922,1482,41759,1353,31163,0,0,1825,45473,1004,13713,1826,59186,California
San Mateo,2021-01-28,2832,75754,1371,43130,1461,32624,0,0,1973,46602,844,14557,1973,61159,California
San Mateo,2021-01-29,3026,78780,1357,44487,1669,34293,0,0,2178,47936,846,15403,2180,63339,California
San Mateo,2021-01-30,3419,82199,1491,45978,1928,36221,0,0,2951,50421,467,15870,2952,66291,California
San Mateo,2021-01-31,1692,83891,900,46878,792,37013,0,0,1528,51787,162,16032,1528,67819,California
San Mateo,2021-02-01,2967,86858,1371,48249,1596,38609,0,0,2236,53297,727,16759,2237,70056,California
San Mateo,2021-02-02,3252,90110,1748,49997,1504,40113,0,0,2209,54466,1040,17799,2209,72265,California
San Mateo,2021-02-03,5031,95141,2075,52072,2956,43069,0,0,3880,57199,1148,18947,3881,76146,California
San Mateo,2021-02-04,6238,101379,2504,54576,3734,46803,0,0,4956,60882,1277,20224,4960,81106,California
San Mateo,2021-02-05,6842,108221,2556,57132,4286,51089,0,0,5005,64068,1819,22043,5005,86111,California
San Mateo,2021-02-06,3288,111509,1914,59046,1374,52463,0,0,2626,66035,661,22704,2628,88739,California
San Mateo,2021-02-07,1900,113409,1343,60389,557,53020,0,0,1709,67553,191,22895,1709,90448,California
San Mateo,2021-02-08,5300,118709,2263,62652,3037,56057,0,0,3125,68568,2110,25005,3125,93573,California
San Mateo,2021-02-09,6192,124901,3222,65874,2970,59027,0,0,3343,69068,2843,27848,3343,96916,California
San Mateo,2021-02-10,6527,131428,3282,69156,3245,62272,0,0,3435,69422,3081,30929,3435,100351,California
San Mateo,2021-02-11,7095,138523,3593,72749,3502,65774,0,0,3811,69961,3275,34204,3814,104165,California
San Mateo,2021-02-12,6664,145187,2989,75738,3675,69449,0,0,4715,72733,1945,36149,4717,108882,California
San Mateo,2021-02-13,6135,151322,4026,79764,2109,71558,0,0,2645,71893,3485,39634,2645,111527,California
San Mateo,2021-02-14,4653,155975,3027,82791,1626,73184,0,0,1987,71221,2660,42294,1988,113515,California
San Mateo,2021-02-15,3170,159145,1456,84247,1714,74898,0,0,1792,71642,1372,43666,1793,115308,California
San Mateo,2021-02-16,7182,166327,1899,86146,5283,80181,0,0,5292,75048,1888,45554,5294,120602,California
San Mateo,2021-02-17,7103,173430,1975,88121,5128,85309,0,0,5048,78047,2050,47604,5049,125651,California
San Mateo,2021-02-18,6705,180135,4620,92741,2085,87394,0,0,4451,80251,2250,49854,4454,130105,California
San Mateo,2021-02-19,7845,187980,5613,98354,2232,89626,0,0,5812,84037,2026,51880,5812,135917,California
San Mateo,2021-02-20,3790,191770,2447,100801,1343,90969,0,0,2336,84927,1447,53327,2337,138254,California
San Mateo,2021-02-21,2656,194426,1801,102602,855,91824,0,0,1583,85445,1066,54393,1584,139838,California
San Mateo,2021-02-22,4496,198922,3259,105861,1237,93061,0,0,2832,86620,1658,56051,2833,142671,California
San Mateo,2021-02-23,4413,203335,3158,109019,1255,94316,0,0,2572,87360,1832,57883,2572,145243,California
San Mateo,2021-02-24,7384,210719,3326,112345,4058,98374,0,0,4896,89778,2479,60362,4897,150140,California
San Mateo,2021-02-25,9313,220032,4148,116493,5165,103539,0,0,6141,92765,3155,63517,6142,156282,California
San Mateo,2021-02-26,10073,230105,3892,120385,6181,109720,0,0,6978,96667,3080,66597,6982,163264,California
San Mateo,2021-02-27,6906,237011,3568,123953,3337,113057,1,1,3761,97297,3138,69735,3768,167032,California
San Mateo,2021-02-28,4465,241476,2756,126709,1709,114766,0,1,2682,98205,1775,71510,2683,169715,California
San Mateo,2021-03-01,6045,247521,3809,130518,2233,116999,3,4,2991,98162,3039,74549,2996,172711,California
San Mateo,2021-03-02,6288,253809,4462,134980,1825,118824,1,5,3617,99118,2663,77212,3619,176330,California
San Mateo,2021-03-03,8544,262353,4037,139017,4505,123329,2,7,3704,97997,4827,82039,3706,180036,California
San Mateo,2021-03-04,8570,270923,4021,143038,4545,127874,4,11,3876,97208,4671,86710,3882,183918,California
San Mateo,2021-03-05,9396,280319,6255,149293,3137,131011,4,15,6587,101014,2788,89498,6594,190512,California
San Mateo,2021-03-06,7996,288315,5565,154858,2255,133266,176,191,5862,104928,2123,91621,6037,196549,California
San Mateo,2021-03-07,3629,291944,2455,157313,1103,134369,71,262,2139,105654,1486,93107,2212,198761,California
San Mateo,2021-03-08,4554,296498,2574,159887,1760,136129,220,482,3327,107979,1220,94327,3545,202306,California
San Mateo,2021-03-09,5350,301848,2871,162758,2203,138332,276,758,3726,110366,1612,95939,3999,206305,California
San Mateo,2021-03-10,7277,309125,2955,165713,4035,142367,287,1045,4837,113064,2424,98363,5122,211427,California
San Mateo,2021-03-11,9196,318321,5764,171477,3039,145406,393,1438,3738,111766,5425,103788,4127,215554,California
San Mateo,2021-03-12,10650,328971,6707,178184,3556,148962,387,1825,3601,108725,7028,110816,3987,219541,California
San Mateo,2021-03-13,8252,337223,3535,181719,3083,152045,1634,3459,3986,110084,4251,115067,5610,225151,California
San Mateo,2021-03-14,5030,342253,3395,185114,1527,153572,108,3567,2657,110484,2365,117432,2765,227916,California
San Mateo,2021-03-15,7241,349494,4675,189789,2388,155960,178,3745,3800,111030,3434,120866,3980,231896,California
San Mateo,2021-03-16,12027,361521,4435,194224,7468,163428,124,3869,4843,108834,7165,128031,4969,236865,California
San Mateo,2021-03-17,10975,372496,4473,198697,6356,169784,146,4015,4959,107954,5987,134018,5107,241972,California
San Mateo,2021-03-18,7403,379899,4149,202846,3066,172850,188,4203,4398,109541,2997,137015,4584,246556,California
San Mateo,2021-03-19,7591,387490,4897,207743,2021,174871,673,4876,3645,109925,3935,140950,4319,250875,California
San Mateo,2021-03-20,8420,395910,6552,214295,1533,176404,335,5211,5368,112595,3033,143983,5703,256578,California
San Mateo,2021-03-21,4272,400182,3233,217528,806,177210,233,5444,2288,113140,1973,145956,2518,259096,California
San Mateo,2021-03-22,5366,405548,3647,221175,1294,178504,425,5869,2826,113865,2525,148481,3250,262346,California
San Mateo,2021-03-23,9960,415508,4588,225763,5174,183678,198,6067,4499,113132,5429,153910,4696,267042,California
San Mateo,2021-03-24,9600,425108,5547,231310,3907,187585,146,6213,4112,111974,5413,159323,4255,271297,California
San Mateo,2021-03-25,10205,435313,5019,236329,4917,192502,269,6482,4459,111064,5641,164964,4731,276028,California
San Mateo,2021-03-26,11352,446665,7796,244125,3388,195890,168,6650,4338,108599,6972,171936,4507,280535,California
San Mateo,2021-03-27,10598,457263,8107,252232,2384,198274,107,6757,4669,107464,5910,177846,4775,285310,California
San Mateo,2021-03-28,4301,461564,2784,255016,1404,199678,113,6870,1999,107285,2292,180138,2113,287423,California
San Mateo,2021-03-29,6118,467682,3795,258811,2067,201745,256,7126,2740,106922,3359,183497,2996,290419,California
San Mateo,2021-03-30,7212,474894,4101,262912,2957,204702,154,7280,3881,107642,3315,186812,4035,294454,California
San Mateo,2021-03-31,7364,482258,4650,267562,2572,207274,142,7422,3869,108176,3477,190289,4011,298465,California
San Mateo,2021-04-01,10698,492956,5281,272843,4199,211473,1218,8640,5734,110211,4913,195202,6948,305413,California
San Mateo,2021-04-02,10969,503925,5238,278081,4131,215604,1600,10240,5766,112389,5179,200381,7357,312770,California
San Mateo,2021-04-03,10035,513960,5781,283862,2480,218084,1774,12014,5119,114373,4907,205288,6891,319661,California
San Mateo,2021-04-04,5469,519429,2636,286498,1576,219660,1257,13271,1706,113586,3747,209035,2960,322621,California
San Mateo,2021-04-05,9068,528497,4827,291325,2496,222156,1745,15016,3879,114035,5171,214206,5620,328241,California
San Mateo,2021-04-06,13283,541780,8295,299620,3127,225283,1861,16877,7568,117769,5699,219905,9433,337674,California
San Mateo,2021-04-07,11524,553304,5343,304963,4482,229765,1699,18576,4891,117739,6612,226517,6582,344256,California
San Mateo,2021-04-08,10268,563572,5117,310080,2537,232302,2614,21190,4552,119195,5696,232213,7152,351408,California
San Mateo,2021-04-09,11450,575022,5581,315661,3368,235670,2501,23691,5131,120503,6315,238528,7623,359031,California
San Mateo,2021-04-10,11312,586334,5753,321414,4112,239782,1447,25138,4682,120026,6598,245126,6121,365152,California
San Mateo,2021-04-11,6658,592992,3307,324721,879,240661,2472,27610,2320,120482,4331,249457,4787,369939,California
San Mateo,2021-04-12,7429,600421,4527,329248,1922,242583,980,28590,3581,121213,3826,253283,4557,374496,California
San Mateo,2021-04-13,8298,608719,5161,334409,3126,245709,11,28601,4384,121708,3902,257185,4397,378893,California
San Mateo,2021-04-14,8435,617154,5440,339849,2994,248703,1,28602,4308,121917,4108,261293,4317,383210,California
San Mateo,2021-04-15,11287,628441,7485,347334,3800,252503,2,28604,7354,125369,3906,265199,7358,390568,California
San Mateo,2021-04-16,10150,638591,6967,354301,3167,255670,16,28620,6416,128097,3710,268909,6438,397006,California
San Mateo,2021-04-17,9857,648448,6560,360861,3295,258965,2,28622,6232,130723,3614,272523,6240,403246,California
San Mateo,2021-04-18,5503,653951,2637,363498,2866,261831,0,28622,3700,132639,1790,274313,3706,406952,California
San Mateo,2021-04-19,8462,662413,5491,368989,2971,264802,0,28622,5488,135181,2958,277271,5500,412452,California
San Mateo,2021-04-20,10434,672847,5807,374796,4626,269428,1,28623,6671,138124,3739,281010,6682,419134,California
San Mateo,2021-04-21,9110,681957,6125,380921,2983,272411,2,28625,5605,140254,3483,284493,5613,424747,California
San Mateo,2021-04-22,9732,691689,6512,387433,3219,275630,1,28626,5402,141368,4293,288786,5407,430154,California
San Mateo,2021-04-23,9565,701254,6301,393734,3264,278894,0,28626,5363,142575,4174,292960,5381,435535,California
San Mateo,2021-04-24,11295,712549,8055,401789,3240,282134,0,28626,5813,142940,5459,298419,5824,441359,California
San Mateo,2021-04-25,5554,718103,3877,405666,1675,283809,2,28628,3948,145312,1590,300009,3962,445321,California
San Mateo,2021-04-26,6695,724798,4825,410491,1862,285671,8,28636,3888,146425,2794,302803,3907,449228,California
San Mateo,2021-04-27,11423,736221,8023,418514,3245,288916,155,28791,4663,144523,6728,309531,4826,454054,California
San Mateo,2021-04-28,7945,744166,4531,423045,3209,292125,205,28996,4236,145278,3693,313224,4448,458502,California
San Mateo,2021-04-29,8154,752320,3802,426847,4179,296304,173,29169,3678,144699,4447,317671,3868,462370,California
San Mateo,2021-04-30,8180,760500,5105,431952,2922,299226,153,29322,3445,143610,4707,322378,3618,465988,California
San Mateo,2021-05-01,6192,766692,4146,436098,1928,301154,118,29440,2672,142912,3502,325880,2804,468792,California
San Mateo,2021-05-02,3193,769885,1753,437851,1370,302524,70,29510,1153,142109,2031,327911,1228,470020,California
San Mateo,2021-05-03,6082,775967,4532,442383,1405,303929,145,29655,1850,139884,4222,332133,1997,472017,California
San Mateo,2021-05-04,7377,783344,5006,447389,2199,306128,172,29827,2507,137726,4856,336989,2698,474715,California
San Mateo,2021-05-05,6885,790229,4484,451873,2242,308370,159,29986,2392,135818,4463,341452,2555,477270,California
San Mateo,2021-05-06,8620,798849,6734,458607,1711,310081,175,30161,1761,130919,6839,348291,1940,479210,California
San Mateo,2021-05-07,8234,807083,5886,464493,2063,312144,285,30446,1835,126678,6374,354665,2133,481343,California
San Mateo,2021-05-08,6671,813754,4045,468538,2387,314531,239,30685,1839,123941,4819,359484,2082,483425,California
San Mateo,2021-05-09,3132,816886,2438,470976,620,315151,74,30759,1059,123012,2062,361546,1133,484558,California
San Mateo,2021-05-10,4635,821521,3329,474305,1136,316287,170,30929,759,120084,3866,365412,938,485496,California
San Mateo,2021-05-11,6770,828291,5070,479375,1571,317858,129,31058,1728,116917,5028,370440,1861,487357,California
San Mateo,2021-05-12,6947,835238,5050,484425,1682,319540,215,31273,1792,113788,5140,375580,2011,489368,California
San Mateo,2021-05-13,9659,844897,7252,491677,2310,321850,97,31370,3575,111424,6050,381630,3686,493054,California
San Mateo,2021-05-14,8479,853376,6264,497941,2101,323951,114,31484,2718,108520,5744,387374,2840,495894,California
San Mateo,2021-05-15,10414,863790,8119,506060,2193,326144,102,31586,4552,107346,5849,393223,4675,500569,California
San Mateo,2021-05-16,7146,870936,5085,511145,1991,328135,70,31656,2175,104641,4951,398174,2246,502815,California
San Mateo,2021-05-17,7090,878026,5010,516155,1971,330106,109,31765,2150,101978,4925,403099,2262,505077,California
San Mateo,2021-05-18,8499,886525,5865,522020,2536,332642,98,31863,3110,99929,5263,408362,3214,508291,California
San Mateo,2021-05-19,7913,894438,5910,527930,1881,334523,122,31985,3701,99589,4165,412527,3825,512116,California
San Mateo,2021-05-20,5646,900084,3476,531406,2036,336559,134,32119,2253,98609,3369,415896,2389,514505,California
San Mateo,2021-05-21,7015,907099,4782,536188,2088,338647,145,32264,2059,95879,4934,420830,2204,516709,California
San Mateo,2021-05-22,6330,913429,4310,540498,1953,340600,67,32331,2621,94879,3690,424520,2690,519399,California
San Mateo,2021-05-23,2968,916397,1642,542140,1237,341837,89,32420,1145,94302,1811,426331,1234,520633,California
San Mateo,2021-05-24,3473,919870,2252,544392,1072,342909,149,32569,1120,93234,2335,428666,1267,521900,California
San Mateo,2021-05-25,4783,924653,3012,547404,1591,344500,180,32749,1602,91859,3159,431825,1784,523684,California
San Mateo,2021-05-26,5716,930369,3071,550475,2527,347027,118,32867,1813,89909,3882,435707,1932,525616,California
San Mateo,2021-05-27,3764,934133,2203,552678,1462,348489,99,32966,1235,88736,2504,438211,1331,526947,California
San Mateo,2021-05-28,3514,937647,2205,554883,1224,349713,85,33051,1335,88016,2139,440350,1419,528366,California
San Mateo,2021-05-29,3214,940861,2281,557164,882,350595,51,33102,1309,87495,1880,442230,1359,529725,California
San Mateo,2021-05-30,1627,942488,1098,558262,468,351063,61,33163,646,87230,972,443202,707,530432,California
San Mateo,2021-05-31,438,942926,275,558537,155,351218,8,33171,163,87128,273,443475,171,530603,California
San Mateo,2021-06-01,3337,946263,1973,560510,1268,352486,96,33267,1046,85992,2278,445753,1142,531745,California
San Mateo,2021-06-02,2774,949037,1840,562350,856,353342,78,33345,1118,85546,1640,447393,1194,532939,California
San Mateo,2021-06-03,3804,952841,2990,565340,701,354043,113,33458,873,83610,2918,450311,982,533921,California
San Mateo,2021-06-04,4129,956970,3183,568523,851,354894,95,33553,1182,81946,2928,453239,1264,535185,California
San Mateo,2021-06-05,5130,962100,4489,573012,541,355435,100,33653,1093,79133,4006,457245,1193,536378,California
San Mateo,2021-06-06,2489,964589,2053,575065,375,355810,61,33714,543,77808,1925,459170,600,536978,California
San Mateo,2021-06-07,3113,967702,2610,577675,423,356233,80,33794,792,76364,2314,461484,870,537848,California
San Mateo,2021-06-08,4072,971774,3443,581118,525,356758,104,33898,1007,74446,3030,464514,1112,538960,California
San Mateo,2021-06-09,4140,975914,3566,584684,504,357262,70,33968,624,71634,3504,468018,692,539652,California
San Mateo,2021-06-10,2953,978867,2386,587070,451,357713,116,34084,756,70323,2183,470201,872,540524,California
San Mateo,2021-06-11,2841,981708,2283,589353,447,358160,111,34195,910,69422,1922,472123,1021,541545,California
San Mateo,2021-06-12,3138,984846,2800,592153,258,358418,80,34275,773,67923,2352,474475,853,542398,California
San Mateo,2021-06-13,1395,986241,1048,593201,285,358703,62,34337,356,67314,1027,475502,418,542816,California
San Mateo,2021-06-14,2417,988658,2092,595293,243,358946,82,34419,782,66574,1604,477106,864,543680,California
San Mateo,2021-06-15,2259,990917,1795,597088,345,359291,119,34538,689,65828,1553,478659,807,544487,California
San Mateo,2021-06-16,2433,993350,2022,599110,261,359552,150,34688,707,64997,1683,480342,852,545339,California
San Mateo,2021-06-17,1937,995287,1606,600716,248,359800,83,34771,692,64576,1196,481538,775,546114,California
San Mateo,2021-06-18,2121,997408,1783,602499,263,360063,75,34846,619,63783,1483,483021,690,546804,California
San Mateo,2021-06-19,1776,999184,1561,604060,157,360220,58,34904,589,63313,1116,484137,646,547450,California
San Mateo,2021-06-20,769,999953,698,604758,60,360280,11,34915,289,63167,446,484583,300,547750,California
San Mateo,2021-06-21,1225,1001178,918,605676,238,360518,69,34984,598,63215,621,485204,669,548419,California
San Mateo,2021-06-22,1515,1002693,1234,606910,197,360715,84,35068,577,62954,922,486126,661,549080,California
San Mateo,2021-06-23,995,1003688,854,607764,68,360783,73,35141,294,62623,698,486824,367,549447,California
Santa Barbara,2020-12-15,2,2,2,2,0,0,0,0,2,2,0,0,2,2,California
Santa Barbara,2020-12-16,2,4,2,4,0,0,0,0,2,4,0,0,2,4,California
Santa Barbara,2020-12-17,56,60,56,60,0,0,0,0,56,60,0,0,56,60,California
Santa Barbara,2020-12-18,382,442,381,441,1,1,0,0,382,442,0,0,382,442,California
Santa Barbara,2020-12-19,325,767,325,766,0,1,0,0,325,767,0,0,325,767,California
Santa Barbara,2020-12-20,236,1003,236,1002,0,1,0,0,236,1003,0,0,236,1003,California
Santa Barbara,2020-12-21,656,1659,654,1656,2,3,0,0,656,1659,0,0,656,1659,California
Santa Barbara,2020-12-22,247,1906,245,1901,2,5,0,0,247,1906,0,0,247,1906,California
Santa Barbara,2020-12-23,325,2231,207,2108,118,123,0,0,325,2231,0,0,325,2231,California
Santa Barbara,2020-12-24,88,2319,40,2148,48,171,0,0,88,2319,0,0,88,2319,California
Santa Barbara,2020-12-26,326,2645,66,2214,260,431,0,0,326,2645,0,0,326,2645,California
Santa Barbara,2020-12-27,62,2707,1,2215,61,492,0,0,62,2707,0,0,62,2707,California
Santa Barbara,2020-12-28,358,3065,225,2440,133,625,0,0,358,3065,0,0,358,3065,California
Santa Barbara,2020-12-29,561,3626,358,2798,203,828,0,0,561,3626,0,0,561,3626,California
Santa Barbara,2020-12-30,582,4208,399,3197,183,1011,0,0,582,4208,0,0,582,4208,California
Santa Barbara,2020-12-31,243,4451,115,3312,128,1139,0,0,243,4451,0,0,243,4451,California
Santa Barbara,2021-01-01,117,4568,111,3423,6,1145,0,0,117,4568,0,0,117,4568,California
Santa Barbara,2021-01-02,598,5166,232,3655,366,1511,0,0,598,5166,0,0,598,5166,California
Santa Barbara,2021-01-03,23,5189,15,3670,8,1519,0,0,23,5189,0,0,23,5189,California
Santa Barbara,2021-01-04,306,5495,243,3913,63,1582,0,0,305,5494,0,0,305,5494,California
Santa Barbara,2021-01-05,756,6251,380,4293,376,1958,0,0,728,6194,28,28,728,6222,California
Santa Barbara,2021-01-06,658,6909,276,4569,382,2340,0,0,597,6731,60,88,597,6819,California
Santa Barbara,2021-01-07,1032,7941,710,5279,322,2662,0,0,527,6757,501,589,527,7346,California
Santa Barbara,2021-01-08,1207,9148,847,6126,360,3022,0,0,712,6974,495,1084,712,8058,California
Santa Barbara,2021-01-09,565,9713,293,6419,272,3294,0,0,319,7047,246,1330,319,8377,California
Santa Barbara,2021-01-10,64,9777,51,6470,13,3307,0,0,47,7077,17,1347,47,8424,California
Santa Barbara,2021-01-11,846,10623,677,7147,169,3476,0,0,618,7468,227,1574,618,9042,California
Santa Barbara,2021-01-12,1445,12068,648,7795,797,4273,0,0,1285,8593,160,1734,1285,10327,California
Santa Barbara,2021-01-13,1221,13289,270,8065,951,5224,0,0,1094,9560,127,1861,1094,11421,California
Santa Barbara,2021-01-14,1257,14546,139,8204,1118,6342,0,0,1201,10707,55,1916,1202,12623,California
Santa Barbara,2021-01-15,1805,16351,421,8625,1384,7726,0,0,1722,12348,81,1997,1722,14345,California
Santa Barbara,2021-01-16,1279,17630,203,8828,1076,8802,0,0,1239,13548,39,2036,1239,15584,California
Santa Barbara,2021-01-17,126,17756,23,8851,103,8905,0,0,123,13668,3,2039,123,15707,California
Santa Barbara,2021-01-18,1154,18910,420,9271,734,9639,0,0,968,14450,186,2225,968,16675,California
Santa Barbara,2021-01-19,1642,20552,570,9841,1072,10711,0,0,1362,15535,277,2502,1362,18037,California
Santa Barbara,2021-01-20,2119,22671,551,10392,1568,12279,0,0,1760,16937,358,2860,1760,19797,California
Santa Barbara,2021-01-21,3204,25875,1922,12314,1282,13561,0,0,3044,19822,160,3020,3045,22842,California
Santa Barbara,2021-01-22,2940,28815,1783,14097,1157,14718,0,0,2776,22438,161,3181,2777,25619,California
Santa Barbara,2021-01-23,1735,30550,1105,15202,630,15348,0,0,1219,23142,515,3696,1219,26838,California
Santa Barbara,2021-01-24,843,31393,750,15952,93,15441,0,0,833,23965,10,3706,833,27671,California
Santa Barbara,2021-01-25,1241,32634,495,16447,746,16187,0,0,1005,24734,236,3942,1005,28676,California
Santa Barbara,2021-01-26,2051,34685,466,16913,1585,17772,0,0,1666,26017,383,4325,1666,30342,California
Santa Barbara,2021-01-27,1174,35859,404,17317,770,18542,0,0,912,26670,261,4586,914,31256,California
Santa Barbara,2021-01-28,897,36756,295,17612,602,19144,0,0,682,27140,212,4798,682,31938,California
Santa Barbara,2021-01-29,1354,38110,533,18145,821,19965,0,0,991,27774,359,5157,993,32931,California
Santa Barbara,2021-01-30,1909,40019,1421,19566,488,20453,0,0,1492,28852,414,5571,1492,34423,California
Santa Barbara,2021-01-31,1455,41474,1215,20781,240,20693,0,0,1416,30229,39,5610,1416,35839,California
Santa Barbara,2021-02-01,953,42427,526,21307,427,21120,0,0,553,30382,400,6010,553,36392,California
Santa Barbara,2021-02-02,1812,44239,683,21990,1129,22249,0,0,1043,30658,767,6777,1043,37435,California
Santa Barbara,2021-02-03,1961,46200,1083,23073,878,23127,0,0,1512,31731,439,7216,1512,38947,California
Santa Barbara,2021-02-04,2794,48994,1867,24940,927,24054,0,0,2493,33929,295,7511,2493,41440,California
Santa Barbara,2021-02-05,2926,51920,2078,27018,848,24902,0,0,2282,35570,641,8152,2282,43722,California
Santa Barbara,2021-02-06,1201,53121,338,27356,863,25765,0,0,791,35951,410,8562,791,44513,California
Santa Barbara,2021-02-07,310,53431,267,27623,43,25808,0,0,271,36185,37,8599,271,44784,California
Santa Barbara,2021-02-08,956,54387,312,27935,644,26452,0,0,666,36561,290,8889,666,45450,California
Santa Barbara,2021-02-09,2443,56830,313,28248,2130,28582,0,0,1120,36368,1313,10202,1120,46570,California
Santa Barbara,2021-02-10,2772,59602,1498,29746,1274,29856,0,0,774,35156,1987,12189,775,47345,California
Santa Barbara,2021-02-11,4200,63802,2815,32561,1385,31241,0,0,633,32234,3555,15744,633,47978,California
Santa Barbara,2021-02-12,3311,67113,951,33512,2360,33601,0,0,775,30479,2530,18274,775,48753,California
Santa Barbara,2021-02-13,1234,68347,341,33853,893,34494,0,0,562,30371,670,18944,562,49315,California
Santa Barbara,2021-02-14,335,68682,37,33890,298,34792,0,0,288,30613,47,18991,289,49604,California
Santa Barbara,2021-02-15,977,69659,343,34233,634,35426,0,0,498,30636,476,19467,499,50103,California
Santa Barbara,2021-02-16,2117,71776,404,34637,1713,37139,0,0,725,29973,1388,20855,725,50828,California
Santa Barbara,2021-02-17,1446,73222,325,34962,1121,38260,0,0,522,29578,920,21775,525,51353,California
Santa Barbara,2021-02-18,3259,76481,2652,37614,607,38867,0,0,1519,29394,1704,23479,1520,52873,California
Santa Barbara,2021-02-19,3597,80078,2640,40254,957,39824,0,0,2328,30456,1266,24745,2328,55201,California
Santa Barbara,2021-02-20,2234,82312,1441,41695,793,40617,0,0,1677,31586,547,25292,1677,56878,California
Santa Barbara,2021-02-21,138,82450,109,41804,29,40646,0,0,62,31574,74,25366,62,56940,California
Santa Barbara,2021-02-22,941,83391,249,42053,692,41338,0,0,273,31181,666,26032,273,57213,California
Santa Barbara,2021-02-23,3192,86583,1047,43100,2145,43483,0,0,426,28846,2762,28794,427,57640,California
Santa Barbara,2021-02-24,3222,89805,1100,44200,2122,45605,0,0,726,27085,2487,31281,726,58366,California
Santa Barbara,2021-02-25,3468,93273,1924,46124,1544,47149,0,0,994,25617,2466,33747,998,59364,California
Santa Barbara,2021-02-26,3683,96956,2182,48306,1501,48650,0,0,1984,25912,1690,35437,1985,61349,California
Santa Barbara,2021-02-27,1542,98498,565,48871,977,49627,0,0,861,26101,677,36114,866,62215,California
Santa Barbara,2021-02-28,1088,99586,223,49094,865,50492,0,0,895,26811,187,36301,897,63112,California
Santa Barbara,2021-03-01,1668,101254,487,49581,1179,51671,2,2,1106,27375,545,36846,1109,64221,California
Santa Barbara,2021-03-02,2670,103924,426,50007,2244,53915,0,2,2164,29048,493,37339,2166,66387,California
Santa Barbara,2021-03-03,4652,108576,2107,52114,2543,56458,2,4,4049,32512,592,37931,4056,70443,California
Santa Barbara,2021-03-04,3444,112020,2292,54406,1152,57610,0,4,2875,34830,560,38491,2878,73321,California
Santa Barbara,2021-03-05,3831,115851,2172,56578,1600,59210,59,63,3099,37262,727,39218,3159,76480,California
Santa Barbara,2021-03-06,2441,118292,731,57309,1491,60701,219,282,1675,38392,761,39979,1891,78371,California
Santa Barbara,2021-03-07,566,118858,123,57432,311,61012,132,414,383,38726,182,40161,516,78887,California
Santa Barbara,2021-03-08,1587,120445,383,57815,860,61872,344,758,800,39090,780,40941,1144,80031,California
Santa Barbara,2021-03-09,2803,123248,347,58162,1685,63557,771,1529,743,38545,2057,42998,1512,81543,California
Santa Barbara,2021-03-10,2775,126023,554,58716,1167,64724,1054,2583,1045,38918,1725,44723,2098,83641,California
Santa Barbara,2021-03-11,5593,131616,3036,61752,1441,66165,1116,3699,2286,39021,3292,48015,3395,87036,California
Santa Barbara,2021-03-12,3701,135317,2108,63860,1159,67324,434,4133,2181,40122,1511,49526,2612,89648,California
Santa Barbara,2021-03-13,3503,138820,1940,65800,1356,68680,207,4340,2699,42227,801,50327,2906,92554,California
Santa Barbara,2021-03-14,813,139633,395,66195,361,69041,57,4397,488,42450,324,50651,547,93101,California
Santa Barbara,2021-03-15,2123,141756,700,66895,1132,70173,291,4688,1275,43173,841,51492,1564,94665,California
Santa Barbara,2021-03-16,3737,145493,1185,68080,2209,72382,343,5031,2741,45267,991,52483,3085,97750,California
Santa Barbara,2021-03-17,3326,148819,978,69058,1944,74326,404,5435,2332,47008,991,53474,2732,100482,California
Santa Barbara,2021-03-18,5240,154059,2801,71859,2237,76563,202,5637,4011,50008,1213,54687,4213,104695,California
Santa Barbara,2021-03-19,4458,158517,2777,74636,1347,77910,334,5971,3061,52009,1393,56080,3394,108089,California
Santa Barbara,2021-03-20,2193,160710,841,75477,1335,79245,17,5988,1337,52512,853,56933,1356,109445,California
Santa Barbara,2021-03-21,1172,161882,385,75862,757,80002,30,6018,842,53058,327,57260,873,110318,California
Santa Barbara,2021-03-22,2785,164667,1919,77781,822,80824,44,6062,2221,54769,555,57815,2266,112584,California
Santa Barbara,2021-03-23,4473,169140,2255,80036,2117,82941,101,6163,3698,57802,765,58580,3798,116382,California
Santa Barbara,2021-03-24,5430,174570,3156,83192,1520,84461,754,6917,2973,59092,2433,61013,3723,120105,California
Santa Barbara,2021-03-25,5569,180139,3274,86466,2101,86562,194,7111,2785,59305,2766,63779,2979,123084,California
Santa Barbara,2021-03-26,5101,185240,3231,89697,1572,88134,298,7409,2246,59012,2838,66617,2545,125629,California
Santa Barbara,2021-03-27,2961,188201,1225,90922,1693,89827,43,7452,1622,59341,1334,67951,1663,127292,California
Santa Barbara,2021-03-28,2787,190988,1659,92581,1100,90927,28,7480,1896,60379,887,68838,1925,129217,California
Santa Barbara,2021-03-29,4044,195032,2085,94666,1889,92816,70,7550,3224,62857,816,69654,3294,132511,California
Santa Barbara,2021-03-30,6804,201836,3511,98177,3142,95958,151,7701,4534,65284,2255,71909,4682,137193,California
Santa Barbara,2021-03-31,8684,210520,5527,103704,3090,99048,67,7768,5033,66755,3629,75538,5100,142293,California
Santa Barbara,2021-04-01,7055,217575,5210,108914,1585,100633,260,8028,4171,68324,2861,78399,4430,146723,California
Santa Barbara,2021-04-02,6657,224232,4561,113475,1501,102134,595,8623,3423,69115,3226,81625,4017,150740,California
Santa Barbara,2021-04-03,3817,228049,2111,115586,1635,103769,71,8694,2518,70410,1292,82917,2587,153327,California
Santa Barbara,2021-04-04,903,228952,445,116031,417,104186,41,8735,499,70548,402,83319,540,153867,California
Santa Barbara,2021-04-05,3478,232430,2298,118329,921,105107,259,8994,2174,71686,1295,84614,2433,156300,California
Santa Barbara,2021-04-06,5493,237923,2836,121165,2116,107223,541,9535,3358,73464,2119,86733,3897,160197,California
Santa Barbara,2021-04-07,6022,243945,3290,124455,2189,109412,543,10078,4086,76164,1927,88660,4627,164824,California
Santa Barbara,2021-04-08,7428,251373,5049,129504,651,110063,1728,11806,3430,77328,3990,92650,5154,169978,California
Santa Barbara,2021-04-09,7345,258718,4888,134392,1095,111158,1362,13168,3309,77966,4026,96676,4664,174642,California
Santa Barbara,2021-04-10,6723,265441,4657,139049,1448,112606,618,13786,4570,81009,2144,98820,5187,179829,California
Santa Barbara,2021-04-11,2682,268123,1967,141016,413,113019,302,14088,1857,82344,819,99639,2154,181983,California
Santa Barbara,2021-04-12,4432,272555,2850,143866,1026,114045,556,14644,1919,82312,2506,102145,2474,184457,California
Santa Barbara,2021-04-13,6388,278943,4190,148056,2192,116237,6,14650,2663,81260,3720,105865,2668,187125,California
Santa Barbara,2021-04-14,6812,285755,4422,152478,2388,118625,2,14652,4242,82946,2559,108424,4245,191370,California
Santa Barbara,2021-04-15,7026,292781,4118,156596,2907,121532,1,14653,3814,83562,3200,111624,3816,195186,California
Santa Barbara,2021-04-16,6431,299212,3777,160373,2643,124175,11,14664,4425,86010,1987,113611,4435,199621,California
Santa Barbara,2021-04-17,5370,304582,3891,164264,1479,125654,0,14664,4136,88927,1219,114830,4136,203757,California
Santa Barbara,2021-04-18,2184,306766,1522,165786,662,126316,0,14664,383,87516,1795,116625,384,204141,California
Santa Barbara,2021-04-19,3271,310037,2257,168043,1008,127324,6,14670,1042,86344,2221,118846,1049,205190,California
Santa Barbara,2021-04-20,5930,315967,3975,172018,1954,129278,1,14671,1677,83784,4237,123083,1677,206867,California
Santa Barbara,2021-04-21,5508,321475,3640,175658,1868,131146,0,14671,1753,81801,3738,126821,1755,208622,California
Santa Barbara,2021-04-22,5094,326569,2554,178212,2539,133685,1,14672,1454,79636,3622,130443,1457,210079,California
Santa Barbara,2021-04-23,5574,332143,3867,182079,1707,135392,0,14672,1959,77995,3600,134043,1959,212038,California
Santa Barbara,2021-04-24,4427,336570,2873,184952,1549,136941,5,14677,1636,76864,2772,136815,1641,213679,California
Santa Barbara,2021-04-25,1837,338407,1183,186135,654,137595,0,14677,498,76032,1330,138145,498,214177,California
Santa Barbara,2021-04-26,3242,341649,1975,188110,1246,138841,21,14698,559,73937,2676,140821,581,214758,California
Santa Barbara,2021-04-27,3965,345614,2170,190280,1693,140534,102,14800,1171,72426,2784,143605,1273,216031,California
Santa Barbara,2021-04-28,4917,350531,2865,193145,1935,142469,117,14917,1399,70445,3501,147106,1520,217551,California
Santa Barbara,2021-04-29,5251,355782,3795,196940,1229,143698,227,15144,1434,68303,3801,150907,1659,219210,California
Santa Barbara,2021-04-30,4950,360732,3694,200634,1092,144790,164,15308,1408,66350,3524,154431,1571,220781,California
Santa Barbara,2021-05-01,5250,365982,4057,204691,1159,145949,34,15342,893,62938,4341,158772,929,221710,California
Santa Barbara,2021-05-02,1134,367116,668,205359,338,146287,128,15470,307,62547,826,159598,435,222145,California
Santa Barbara,2021-05-03,2203,369319,1476,206835,589,146876,138,15608,440,61367,1756,161354,576,222721,California
Santa Barbara,2021-05-04,3295,372614,1671,208506,1552,148428,72,15680,1146,60449,2135,163489,1217,223938,California
Santa Barbara,2021-05-05,5426,378040,3665,212171,1614,150042,147,15827,625,56434,4788,168277,773,224711,California
Santa Barbara,2021-05-06,5042,383082,3903,216074,1035,151077,104,15931,961,53434,4065,172342,1065,225776,California
Santa Barbara,2021-05-07,4657,387739,3644,219718,833,151910,180,16111,997,50962,3646,175988,1174,226950,California
Santa Barbara,2021-05-08,4237,391976,3151,222869,988,152898,98,16209,886,48609,3338,179326,985,227935,California
Santa Barbara,2021-05-09,701,392677,111,222980,550,153448,40,16249,466,48882,234,179560,507,228442,California
Santa Barbara,2021-05-10,1327,394004,628,223608,615,154063,84,16333,363,48366,962,180522,446,228888,California
Santa Barbara,2021-05-11,1877,395881,786,224394,795,154858,296,16629,424,47639,1444,181966,717,229605,California
Santa Barbara,2021-05-12,2036,397917,740,225134,1072,155930,224,16853,517,46873,1507,183473,741,230346,California
Santa Barbara,2021-05-13,3872,401789,2782,227916,894,156824,196,17049,1240,45687,2621,186094,1435,231781,California
Santa Barbara,2021-05-14,4147,405936,2524,230440,1529,158353,94,17143,1626,44899,2506,188600,1718,233499,California
Santa Barbara,2021-05-15,3521,409457,2562,233002,940,159293,19,17162,1843,45095,1667,190267,1863,235362,California
Santa Barbara,2021-05-16,1068,410525,467,233469,486,159779,115,17277,468,45083,595,190862,583,235945,California
Santa Barbara,2021-05-17,1640,412165,934,234403,643,160422,63,17340,864,45239,770,191632,926,236871,California
Santa Barbara,2021-05-18,1844,414009,1160,235563,589,161011,95,17435,971,45449,857,192489,1067,237938,California
Santa Barbara,2021-05-19,1769,415778,975,236538,753,161764,41,17476,820,45369,940,193429,860,238798,California
Santa Barbara,2021-05-20,1726,417504,947,237485,660,162424,119,17595,869,45513,845,194274,989,239787,California
Santa Barbara,2021-05-21,3460,420964,2342,239827,1064,163488,54,17649,1272,44667,2173,196447,1327,241114,California
Santa Barbara,2021-05-22,2463,423427,1703,241530,716,164204,44,17693,1391,45038,1065,197512,1436,242550,California
Santa Barbara,2021-05-23,752,424179,329,241859,393,164597,30,17723,411,45139,340,197852,441,242991,California
Santa Barbara,2021-05-24,1008,425187,590,242449,355,164952,63,17786,486,45171,517,198369,549,243540,California
Santa Barbara,2021-05-25,1399,426586,569,243018,761,165713,69,17855,457,44761,936,199305,526,244066,California
Santa Barbara,2021-05-26,3009,429595,1709,244727,1178,166891,122,17977,837,43562,2157,201462,958,245024,California
Santa Barbara,2021-05-27,1952,431547,1209,245936,601,167492,142,18119,825,43410,1120,202582,968,245992,California
Santa Barbara,2021-05-28,1502,433049,695,246631,655,168147,152,18271,611,43286,888,203470,764,246756,California
Santa Barbara,2021-05-29,902,433951,318,246949,547,168694,37,18308,371,43166,528,203998,408,247164,California
Santa Barbara,2021-05-30,498,434449,179,247128,222,168916,97,18405,186,43138,310,204308,282,247446,California
Santa Barbara,2021-05-31,96,434545,43,247171,43,168959,10,18415,23,43098,72,204380,32,247478,California
Santa Barbara,2021-06-01,1128,435673,592,247763,477,169436,59,18474,461,42957,661,205041,520,247998,California
Santa Barbara,2021-06-02,983,436656,587,248350,313,169749,83,18557,434,42928,545,205586,516,248514,California
Santa Barbara,2021-06-03,2052,438708,1543,249893,452,170201,57,18614,616,42168,1431,207017,671,249185,California
Santa Barbara,2021-06-04,1456,440164,669,250562,647,170848,140,18754,487,41831,961,207978,624,249809,California
Santa Barbara,2021-06-05,2922,443086,2210,252772,660,171508,52,18806,501,39973,2410,210388,552,250361,California
Santa Barbara,2021-06-06,912,443998,482,253254,411,171919,19,18825,261,39605,648,211036,280,250641,California
Santa Barbara,2021-06-07,1163,445161,830,254084,282,172201,51,18876,303,39101,858,211894,354,250995,California
Santa Barbara,2021-06-08,1106,446267,714,254798,360,172561,32,18908,294,38620,806,212700,325,251320,California
Santa Barbara,2021-06-09,1020,447287,693,255491,242,172803,85,18993,327,38342,690,213390,412,251732,California
Santa Barbara,2021-06-10,2385,449672,2071,257562,243,173046,71,19064,529,37089,1853,215243,600,252332,California
Santa Barbara,2021-06-11,1309,450981,606,258168,599,173645,104,19168,392,36675,910,216153,496,252828,California
Santa Barbara,2021-06-12,886,451867,599,258767,264,173909,23,19191,236,36291,642,216795,258,253086,California
Santa Barbara,2021-06-13,483,452350,295,259062,91,174000,97,19288,126,36159,355,217150,223,253309,California
Santa Barbara,2021-06-14,1255,453605,856,259918,323,174323,76,19364,339,35667,907,218057,415,253724,California
Santa Barbara,2021-06-15,1132,454737,754,260672,343,174666,35,19399,397,35371,728,218785,432,254156,California
Santa Barbara,2021-06-16,931,455668,646,261318,238,174904,47,19446,353,35197,572,219357,398,254554,California
Santa Barbara,2021-06-17,1873,457541,1542,262860,242,175146,89,19535,622,34661,1247,220604,711,255265,California
Santa Barbara,2021-06-18,1099,458640,713,263573,289,175435,97,19632,361,34385,734,221338,458,255723,California
Santa Barbara,2021-06-19,540,459180,363,263936,145,175580,32,19664,250,34380,287,221625,282,256005,California
Santa Barbara,2021-06-20,367,459547,212,264148,145,175725,10,19674,153,34329,213,221838,162,256167,California
Santa Barbara,2021-06-21,527,460074,263,264411,211,175936,53,19727,273,34406,249,222087,326,256493,California
Santa Barbara,2021-06-22,746,460820,491,264902,229,176165,26,19753,294,34276,449,222536,319,256812,California
Santa Barbara,2021-06-23,363,461183,264,265166,75,176240,24,19777,125,34189,236,222772,149,256961,California
Santa Clara,2020-12-15,70,70,70,70,0,0,0,0,70,70,0,0,70,70,California
Santa Clara,2020-12-16,151,221,151,221,0,0,0,0,151,221,0,0,151,221,California
Santa Clara,2020-12-17,406,627,406,627,0,0,0,0,406,627,0,0,406,627,California
Santa Clara,2020-12-18,1752,2379,1752,2379,0,0,0,0,1752,2379,0,0,1752,2379,California
Santa Clara,2020-12-19,2072,4451,2072,4451,0,0,0,0,2071,4450,0,0,2071,4450,California
Santa Clara,2020-12-20,1899,6350,1898,6349,1,1,0,0,1896,6346,0,0,1896,6346,California
Santa Clara,2020-12-21,2672,9022,2672,9021,0,1,0,0,2670,9015,1,1,2670,9016,California
Santa Clara,2020-12-22,3121,12143,3114,12135,7,8,0,0,3118,12132,1,2,3118,12134,California
Santa Clara,2020-12-23,3265,15408,3076,15211,189,197,0,0,3263,15395,0,2,3263,15397,California
Santa Clara,2020-12-24,1890,17298,1699,16910,191,388,0,0,1884,17277,2,4,1884,17281,California
Santa Clara,2020-12-25,346,17644,345,17255,1,389,0,0,346,17623,0,4,346,17627,California
Santa Clara,2020-12-26,1272,18916,1037,18292,235,624,0,0,1271,18894,0,4,1271,18898,California
Santa Clara,2020-12-27,655,19571,512,18804,143,767,0,0,655,19549,0,4,655,19553,California
Santa Clara,2020-12-28,2348,21919,1739,20543,609,1376,0,0,2348,21897,0,4,2348,21901,California
Santa Clara,2020-12-29,2374,24293,1507,22050,867,2243,0,0,2372,24269,0,4,2372,24273,California
Santa Clara,2020-12-30,2994,27287,1895,23945,1099,3342,0,0,2991,27257,3,7,2991,27264,California
Santa Clara,2020-12-31,1231,28518,396,24341,835,4177,0,0,1230,28486,1,8,1230,28494,California
Santa Clara,2021-01-01,147,28665,13,24354,134,4311,0,0,146,28631,1,9,146,28640,California
Santa Clara,2021-01-02,1094,29759,821,25175,273,4584,0,0,1094,29725,0,9,1094,29734,California
Santa Clara,2021-01-03,588,30347,371,25546,217,4801,0,0,583,30305,3,12,583,30317,California
Santa Clara,2021-01-04,2482,32829,1679,27225,803,5604,0,0,2479,32784,0,12,2479,32796,California
Santa Clara,2021-01-05,3090,35919,2025,29250,1065,6669,0,0,2901,35503,188,200,2907,35703,California
Santa Clara,2021-01-06,3357,39276,1983,31233,1374,8043,0,0,2751,37655,601,801,2753,38456,California
Santa Clara,2021-01-07,4230,43506,2569,33802,1661,9704,0,0,3141,39723,1078,1879,3146,41602,California
Santa Clara,2021-01-08,5879,49385,3848,37650,2031,11735,0,0,3767,41385,2105,3984,3767,45369,California
Santa Clara,2021-01-09,3017,52402,1900,39550,1117,12852,0,0,1698,41770,1316,5300,1701,47070,California
Santa Clara,2021-01-10,1968,54370,1518,41068,450,13302,0,0,755,41313,1212,6512,755,47825,California
Santa Clara,2021-01-11,5981,60351,3774,44842,2207,15509,0,0,3393,42126,2585,9097,3398,51223,California
Santa Clara,2021-01-12,6899,67250,3493,48335,3406,18915,0,0,4568,44378,2317,11414,4569,55792,California
Santa Clara,2021-01-13,7458,74708,3126,51461,4332,23247,0,0,5215,47355,2239,13653,5216,61008,California
Santa Clara,2021-01-14,8301,83009,2861,54322,5440,28687,0,0,6504,52072,1789,15442,6506,67514,California
Santa Clara,2021-01-15,9551,92560,2759,57081,6792,35479,0,0,8153,58836,1394,16836,8158,75672,California
Santa Clara,2021-01-16,4353,96913,1255,58336,3098,38577,0,0,3495,61477,854,17690,3495,79167,California
Santa Clara,2021-01-17,3239,100152,612,58948,2627,41204,0,0,2733,63707,503,18193,2733,81900,California
Santa Clara,2021-01-18,5118,105270,1174,60122,3944,45148,0,0,4557,67704,561,18754,4558,86458,California
Santa Clara,2021-01-19,8515,113785,2701,62823,5814,50962,0,0,6817,72829,1695,20449,6820,93278,California
Santa Clara,2021-01-20,8148,121933,4149,66972,3999,54961,0,0,6592,77870,1551,22000,6592,99870,California
Santa Clara,2021-01-21,8778,130711,3812,70784,4966,59927,0,0,7558,84213,1217,23217,7560,107430,California
Santa Clara,2021-01-22,8680,139391,3256,74040,5424,65351,0,0,8104,91746,574,23791,8107,115537,California
Santa Clara,2021-01-23,3806,143197,1686,75726,2120,67471,0,0,2838,93617,968,24759,2839,118376,California
Santa Clara,2021-01-24,2846,146043,1426,77152,1420,68891,0,0,2354,95482,489,25248,2354,120730,California
Santa Clara,2021-01-25,8401,154444,3802,80954,4599,73490,0,0,6317,99725,2076,27324,6319,127049,California
Santa Clara,2021-01-26,8326,162770,3791,84745,4535,78025,0,0,6175,103762,2141,29465,6178,133227,California
Santa Clara,2021-01-27,8815,171585,3886,88631,4929,82954,0,0,6870,108708,1925,31390,6871,140098,California
Santa Clara,2021-01-28,9540,181125,3824,92455,5716,88670,0,0,7553,114298,1967,33357,7557,147655,California
Santa Clara,2021-01-29,9611,190736,3971,96426,5640,94310,0,0,7410,119519,2190,35547,7411,155066,California
Santa Clara,2021-01-30,4214,194950,2095,98521,2119,96429,0,0,2994,121301,1213,36760,2995,158061,California
Santa Clara,2021-01-31,2195,197145,1315,99836,880,97309,0,0,1594,122298,597,37357,1594,159655,California
Santa Clara,2021-02-01,7877,205022,3511,103347,4366,101675,0,0,6169,126769,1700,39057,6171,165826,California
Santa Clara,2021-02-02,8628,213650,2901,106248,5727,107402,0,0,6596,131343,2025,41082,6599,172425,California
Santa Clara,2021-02-03,9277,222927,3506,109754,5771,113173,0,0,6975,136028,2296,43378,6981,179406,California
Santa Clara,2021-02-04,11010,233937,4161,113915,6849,120022,0,0,8698,142428,2302,45680,8702,188108,California
Santa Clara,2021-02-05,11972,245909,4368,118283,7604,127626,0,0,8496,147464,3461,49141,8497,196605,California
Santa Clara,2021-02-06,5220,251129,2837,121120,2383,130009,0,0,4038,150328,1177,50318,4041,200646,California
Santa Clara,2021-02-07,3485,254614,2356,123476,1129,131138,0,0,3028,152901,456,50774,3029,203675,California
Santa Clara,2021-02-08,10068,264682,3522,126998,6546,137684,0,0,7329,157505,2726,53500,7330,211005,California
Santa Clara,2021-02-09,11194,275876,3831,130829,7363,145047,0,0,7676,161682,3503,57003,7680,218685,California
Santa Clara,2021-02-10,12737,288613,4946,135775,7791,152838,0,0,6862,162686,5861,62864,6865,225550,California
Santa Clara,2021-02-11,13612,302225,4768,140543,8844,161682,0,0,7712,164516,5883,68747,7713,233263,California
Santa Clara,2021-02-12,14653,316878,4531,145074,10122,171804,0,0,7028,163943,7603,76350,7030,240293,California
Santa Clara,2021-02-13,6132,323010,1484,146558,4648,176452,0,0,2233,162287,3891,80241,2235,242528,California
Santa Clara,2021-02-14,4636,327646,1154,147712,3482,179934,0,0,1476,160607,3158,83399,1478,244006,California
Santa Clara,2021-02-15,6291,333937,2808,150520,3483,183417,0,0,2715,159753,3569,86968,2715,246721,California
Santa Clara,2021-02-16,13799,347736,4006,154526,9793,193210,0,0,6932,159835,6852,93820,6934,253655,California
Santa Clara,2021-02-17,14109,361845,5525,160051,8584,201794,0,0,7035,159820,7056,100876,7041,260696,California
Santa Clara,2021-02-18,14253,376098,8399,168450,5854,207648,0,0,7258,160128,6953,107829,7261,267957,California
Santa Clara,2021-02-19,14906,391004,9580,178030,5326,212974,0,0,8664,162574,6225,114054,8671,276628,California
Santa Clara,2021-02-20,6965,397969,5204,183234,1761,214735,0,0,3752,163125,3202,117256,3753,280381,California
Santa Clara,2021-02-21,3383,401352,2521,185755,862,215597,0,0,1248,162250,2125,119381,1250,281631,California
Santa Clara,2021-02-22,10322,411674,6172,191927,4150,219747,0,0,4800,161541,5510,124891,4801,286432,California
Santa Clara,2021-02-23,12025,423699,7783,199710,4242,223989,0,0,6799,163133,5211,130102,6803,293235,California
Santa Clara,2021-02-24,14299,437998,9229,208939,5070,229059,0,0,8837,166525,5445,135547,8837,302072,California
Santa Clara,2021-02-25,15051,453049,9595,218534,5456,234515,0,0,8187,167881,6839,142386,8195,310267,California
Santa Clara,2021-02-26,14996,468045,8690,227224,6306,240821,0,0,8166,169252,6802,149188,8173,318440,California
Santa Clara,2021-02-27,8300,476345,5721,232945,2578,243399,1,1,4626,170222,3664,152852,4634,323074,California
Santa Clara,2021-02-28,5374,481719,3672,236617,1702,245101,0,1,2664,170190,2697,155549,2665,325739,California
Santa Clara,2021-03-01,14541,496260,8363,244980,6172,251273,6,7,9005,173685,5516,161065,9011,334750,California
Santa Clara,2021-03-02,16122,512382,9546,254526,6575,257848,1,8,10284,178159,5812,166877,10286,345036,California
Santa Clara,2021-03-03,18662,531044,9236,263762,9422,267270,4,12,11609,182761,7015,173892,11617,356653,California
Santa Clara,2021-03-04,16558,547602,9014,272776,7541,274811,3,15,9639,185570,6836,180728,9645,366298,California
Santa Clara,2021-03-05,16623,564225,9251,282027,7246,282057,126,141,9229,187558,7372,188100,9360,375658,California
Santa Clara,2021-03-06,9439,573664,6313,288340,2675,284732,451,592,7080,192743,2347,190447,7532,383190,California
Santa Clara,2021-03-07,6826,580490,4473,292813,2107,286839,246,838,5435,197040,1382,191829,5679,388869,California
Santa Clara,2021-03-08,12926,593416,6740,299553,5614,292453,572,1410,8290,201283,4618,196447,8861,397730,California
Santa Clara,2021-03-09,15310,608726,6526,306079,7455,299908,1329,2739,6900,201115,8390,204837,8222,405952,California
Santa Clara,2021-03-10,15192,623918,6621,312700,6455,306363,2116,4855,6241,200525,8920,213757,8330,414282,California
Santa Clara,2021-03-11,17133,641051,7784,320484,7844,314207,1505,6360,6076,197064,11025,224782,7564,421846,California
Santa Clara,2021-03-12,17742,658793,9124,329608,7050,321257,1568,7928,5960,192832,11737,236519,7505,429351,California
Santa Clara,2021-03-13,10861,669654,6295,335903,3064,324321,1502,9430,4842,193156,5996,242515,6320,435671,California
Santa Clara,2021-03-14,6521,676175,3381,339284,1834,326155,1306,10736,3155,194258,3347,245862,4449,440120,California
Santa Clara,2021-03-15,12846,689021,6559,345843,6009,332164,278,11014,5973,193662,6847,252709,6251,446371,California
Santa Clara,2021-03-16,18319,707340,10349,356192,7762,339926,208,11222,8893,193362,9399,262108,9099,455470,California
Santa Clara,2021-03-17,20085,727425,11416,367608,8500,348426,169,11391,10372,194237,9660,271768,10535,466005,California
Santa Clara,2021-03-18,19277,746702,9035,376643,9083,357509,1159,12550,9109,194383,10113,281881,10259,476264,California
Santa Clara,2021-03-19,19503,766205,10050,386693,8449,365958,1004,13554,10015,195965,9426,291307,11008,487272,California
Santa Clara,2021-03-20,11577,777782,6381,393074,4364,370322,832,14386,6726,198700,4821,296128,7556,494828,California
Santa Clara,2021-03-21,8347,786129,3824,396898,3129,373451,1394,15780,5342,202431,2989,299117,6720,501548,California
Santa Clara,2021-03-22,16469,802598,9152,406050,6965,380416,352,16132,9125,204588,7316,306433,9473,511021,California
Santa Clara,2021-03-23,19471,822069,12362,418412,6583,386999,526,16658,11278,208247,8141,314574,11800,522821,California
Santa Clara,2021-03-24,22792,844861,14623,433035,7751,394750,418,17076,14696,215311,8051,322625,15115,537936,California
Santa Clara,2021-03-25,23083,867944,13199,446234,8891,403641,993,18069,14857,222986,8159,330784,15834,553770,California
Santa Clara,2021-03-26,22106,890050,14051,460285,7666,411307,389,18458,13619,228537,8449,339233,14000,567770,California
Santa Clara,2021-03-27,15752,905802,10480,470765,4501,415808,771,19229,8456,230510,7249,346482,9222,576992,California
Santa Clara,2021-03-28,12068,917870,8364,479129,2987,418795,717,19946,6474,232128,5566,352048,7184,584176,California
Santa Clara,2021-03-29,20681,938551,12625,491754,7332,426127,724,20670,11206,234620,9430,361478,11922,596098,California
Santa Clara,2021-03-30,25762,964313,15274,507028,8536,434663,1952,22622,16219,243276,9498,370976,18154,614252,California
Santa Clara,2021-03-31,20613,984926,11922,518950,7556,442219,1135,23757,12630,249090,7936,378912,13750,628002,California
Santa Clara,2021-04-01,31998,1016924,19874,538824,9037,451256,3087,26844,20225,260667,11701,390613,23278,651280,California
Santa Clara,2021-04-02,25348,1042272,14379,553203,8784,460040,2185,29029,16563,270660,8741,399354,18734,670014,California
Santa Clara,2021-04-03,15370,1057642,9312,562515,3522,463562,2536,31565,8502,274835,6846,406200,11021,681035,California
Santa Clara,2021-04-04,7651,1065293,4043,566558,2436,465998,1172,32737,3968,276292,3671,409871,5128,686163,California
Santa Clara,2021-04-05,21954,1087247,14598,581156,4882,470880,2474,35211,14356,285541,7569,417440,16818,702981,California
Santa Clara,2021-04-06,29747,1116994,16347,597503,7907,478787,5493,40704,17821,296951,11874,429314,23284,726265,California
Santa Clara,2021-04-07,31022,1148016,16003,613506,8501,487288,6518,47222,18913,310294,12051,441365,25394,751659,California
Santa Clara,2021-04-08,30143,1178159,16443,629949,6060,493348,7640,54862,16405,320632,13661,455026,23999,775658,California
Santa Clara,2021-04-09,28232,1206391,13979,643928,6953,500301,7300,62162,14414,328550,13749,468775,21667,797325,California
Santa Clara,2021-04-10,21595,1227986,12470,656398,3808,504109,5317,67479,11553,335361,10005,478780,16816,814141,California
Santa Clara,2021-04-11,16098,1244084,9650,666048,2664,506773,3784,71263,8349,339754,7714,486494,12107,826248,California
Santa Clara,2021-04-12,27135,1271219,19073,685121,5592,512365,2470,73733,18472,352082,8601,495095,20929,847177,California
Santa Clara,2021-04-13,34678,1305897,27265,712386,7383,519748,30,73763,26713,370960,7888,502983,26766,873943,California
Santa Clara,2021-04-14,37204,1343101,28197,740583,9003,528751,4,73767,26397,386663,10734,513717,26437,900380,California
Santa Clara,2021-04-15,44642,1387743,34545,775128,10092,538843,5,73772,34348,410864,10175,523892,34376,934756,California
Santa Clara,2021-04-16,38802,1426545,26575,801703,12224,551067,3,73775,27751,427676,10969,534861,27781,962537,California
Santa Clara,2021-04-17,22235,1448780,15205,816908,7028,558095,2,73777,15260,436045,6912,541773,15281,977818,California
Santa Clara,2021-04-18,16571,1465351,10781,827689,5790,563885,0,73777,10389,440298,6148,547921,10401,988219,California
Santa Clara,2021-04-19,29006,1494357,20924,848613,8081,571966,1,73778,17337,446073,11596,559517,17371,1005590,California
Santa Clara,2021-04-20,37220,1531577,22606,871219,14612,586578,2,73780,22710,454427,14396,573913,22750,1028340,California
Santa Clara,2021-04-21,37004,1568581,21433,892652,15569,602147,2,73782,24431,466432,12469,586382,24474,1052814,California
Santa Clara,2021-04-22,37323,1605904,24852,917504,12470,614617,1,73783,17625,464532,19600,605982,17700,1070514,California
Santa Clara,2021-04-23,32103,1638007,19487,936991,12615,627232,1,73784,15055,462703,16943,622925,15114,1085628,California
Santa Clara,2021-04-24,21152,1659159,15480,952471,5671,632903,1,73785,12010,465678,9067,631992,12042,1097670,California
Santa Clara,2021-04-25,13602,1672761,9836,962307,3760,636663,6,73791,8689,469527,4870,636862,8719,1106389,California
Santa Clara,2021-04-26,25007,1697768,19222,981529,5726,642389,59,73850,10358,465418,14551,651413,10442,1116831,California
Santa Clara,2021-04-27,27533,1725301,19521,1001050,7625,650014,387,74237,11976,462369,15464,666877,12415,1129246,California
Santa Clara,2021-04-28,26005,1751306,19236,1020286,6331,656345,438,74675,11009,458974,14911,681788,11516,1140762,California
Santa Clara,2021-04-29,24004,1775310,17506,1037792,6100,662445,398,75073,8977,453484,14947,696735,9457,1150219,California
Santa Clara,2021-04-30,23056,1798366,15750,1053542,6939,669384,367,75440,9749,450474,13215,709950,10205,1160424,California
Santa Clara,2021-05-01,17452,1815818,14499,1068041,2693,672077,260,75700,5463,444305,11938,721888,5769,1166193,California
Santa Clara,2021-05-02,11290,1827108,9370,1077411,1688,673765,232,75932,3481,440276,7765,729653,3736,1169929,California
Santa Clara,2021-05-03,22833,1849941,19357,1096768,3045,676810,431,76363,5115,428227,17640,747293,5591,1175520,California
Santa Clara,2021-05-04,30609,1880550,23946,1120714,6122,682932,541,76904,5440,409192,25065,772358,6030,1181550,California
Santa Clara,2021-05-05,32237,1912787,24497,1145211,7195,690127,545,77449,5412,388449,26728,799086,5985,1187535,California
Santa Clara,2021-05-06,35448,1948235,29533,1174744,5445,695572,470,77919,4675,362978,30639,829725,5168,1192703,California
Santa Clara,2021-05-07,32580,1980815,26184,1200928,5906,701478,490,78409,4622,340318,27823,857548,5163,1197866,California
Santa Clara,2021-05-08,16474,1997289,13389,1214317,2661,704139,424,78833,3467,331307,12917,870465,3906,1201772,California
Santa Clara,2021-05-09,10511,2007800,9144,1223461,1181,705320,186,79019,2449,325930,8025,878490,2648,1204420,California
Santa Clara,2021-05-10,20807,2028607,16658,1240119,3746,709066,403,79422,2717,311061,18010,896500,3141,1207561,California
Santa Clara,2021-05-11,22141,2050748,16596,1256715,5103,714169,442,79864,4000,297457,18052,914552,4448,1212009,California
Santa Clara,2021-05-12,21338,2072086,15696,1272411,5120,719289,522,80386,4535,285811,16710,931262,5064,1217073,California
Santa Clara,2021-05-13,28035,2100121,22685,1295096,5048,724337,302,80688,11229,280627,16723,947985,11539,1228612,California
Santa Clara,2021-05-14,27563,2127684,19240,1314336,7936,732273,387,81075,9665,272886,17805,965790,10064,1238676,California
Santa Clara,2021-05-15,20883,2148567,16781,1331117,3821,736094,281,81356,8082,268541,12715,978505,8370,1247046,California
Santa Clara,2021-05-16,16144,2164711,13153,1344270,2815,738909,176,81532,5244,263146,10818,989323,5423,1252469,California
Santa Clara,2021-05-17,20151,2184862,15863,1360133,3923,742832,365,81897,6871,257177,13208,1002531,7239,1259708,California
Santa Clara,2021-05-18,26065,2210927,16647,1376780,9003,751835,415,82312,7297,246256,18631,1021162,7710,1267418,California
Santa Clara,2021-05-19,24571,2235498,14378,1391158,9770,761605,423,82735,7502,237233,16956,1038118,7933,1275351,California
Santa Clara,2021-05-20,18333,2253831,12030,1403188,5853,767458,450,83185,6179,231791,12067,1050185,6625,1281976,California
Santa Clara,2021-05-21,22302,2276133,14830,1418018,6975,774433,497,83682,7664,225437,14530,1064715,8176,1290152,California
Santa Clara,2021-05-22,12879,2289012,9750,1427768,2779,777212,350,84032,5624,224226,7190,1071905,5979,1296131,California
Santa Clara,2021-05-23,8198,2297210,6057,1433825,1939,779151,202,84234,3294,222868,4856,1076761,3498,1299629,California
Santa Clara,2021-05-24,10270,2307480,7278,1441103,2543,781694,449,84683,3551,220213,6656,1083417,4001,1303630,California
Santa Clara,2021-05-25,11447,2318927,7944,1449047,3084,784778,419,85102,4466,218190,6906,1090323,4883,1308513,California
Santa Clara,2021-05-26,10376,2329303,6751,1455798,3288,788066,337,85439,4020,216288,6253,1096576,4351,1312864,California
Santa Clara,2021-05-27,9380,2338683,5999,1461797,2908,790974,473,85912,3597,214636,5716,1102292,4064,1316928,California
Santa Clara,2021-05-28,10842,2349525,7052,1468849,3363,794337,427,86339,4492,213272,6285,1108577,4921,1321849,California
Santa Clara,2021-05-29,6313,2355838,4321,1473170,1712,796049,280,86619,2911,213097,3362,1111939,3187,1325036,California
Santa Clara,2021-05-30,3808,2359646,2860,1476030,739,796788,209,86828,1819,213163,1961,1113900,2027,1327063,California
Santa Clara,2021-05-31,1090,2360736,625,1476655,356,797144,109,86937,437,213062,647,1114547,546,1327609,California
Santa Clara,2021-06-01,9030,2369766,6374,1483029,2275,799419,381,87318,3280,211044,5678,1120225,3660,1331269,California
Santa Clara,2021-06-02,7645,2377411,5515,1488544,1779,801198,351,87669,2962,209719,4629,1124854,3304,1334573,California
Santa Clara,2021-06-03,12196,2389607,10101,1498645,1726,802924,369,88038,2775,203501,9365,1134219,3147,1337720,California
Santa Clara,2021-06-04,13548,2403155,11361,1510006,1871,804795,316,88354,3408,197139,10079,1144298,3717,1341437,California
Santa Clara,2021-06-05,10421,2413576,8970,1518976,1192,805987,259,88613,2240,191505,8131,1152429,2497,1343934,California
Santa Clara,2021-06-06,6875,2420451,6127,1525103,594,806581,154,88767,1431,187699,5390,1157819,1584,1345518,California
Santa Clara,2021-06-07,9865,2430316,8323,1533426,1297,807878,245,89012,2400,182912,7430,1165249,2643,1348161,California
Santa Clara,2021-06-08,9130,2439446,7466,1540892,1393,809271,271,89283,2486,179079,6587,1171836,2754,1350915,California
Santa Clara,2021-06-09,9456,2448902,7906,1548798,1298,810569,252,89535,2261,174452,7135,1178971,2508,1353423,California
Santa Clara,2021-06-10,8299,2457201,6900,1555698,1074,811643,325,89860,2279,171085,5968,1184939,2601,1356024,California
Santa Clara,2021-06-11,10193,2467394,8661,1564359,1253,812896,279,90139,2522,166264,7622,1192561,2801,1358825,California
Santa Clara,2021-06-12,7154,2474548,5965,1570324,1024,813920,165,90304,1712,162744,5398,1197959,1878,1360703,California
Santa Clara,2021-06-13,3702,2478250,2991,1573315,600,814520,111,90415,894,160962,2787,1200746,1005,1361708,California
Santa Clara,2021-06-14,5905,2484155,4801,1578116,880,815400,224,90639,2100,159514,3772,1204518,2324,1364032,California
Santa Clara,2021-06-15,7340,2491495,5955,1584071,1085,816485,300,90939,2086,156694,5208,1209726,2388,1366420,California
Santa Clara,2021-06-16,6343,2497838,5136,1589207,897,817382,310,91249,2099,154906,4198,1213924,2410,1368830,California
Santa Clara,2021-06-17,5344,2503182,4335,1593542,768,818150,241,91490,1842,153554,3431,1217355,2079,1370909,California
Santa Clara,2021-06-18,5422,2508604,4380,1597922,874,819024,168,91658,1797,151973,3545,1220900,1964,1372873,California
Santa Clara,2021-06-19,4509,2513113,3608,1601530,700,819724,201,91859,1287,150274,3187,1224087,1488,1374361,California
Santa Clara,2021-06-20,2137,2515250,1755,1603285,318,820042,64,91923,686,149589,1435,1225522,750,1375111,California
Santa Clara,2021-06-21,3631,2518881,2736,1606021,671,820713,224,92147,1786,149783,1815,1227337,2009,1377120,California
Santa Clara,2021-06-22,4839,2523720,3847,1609868,780,821493,212,92359,1647,148484,3156,1230493,1857,1378977,California
Santa Clara,2021-06-23,2775,2526495,2141,1612009,461,821954,173,92532,907,147714,1850,1232343,1080,1380057,California
Santa Cruz,2020-12-15,2,2,2,2,0,0,0,0,2,2,0,0,2,2,California
Santa Cruz,2020-12-16,57,59,57,59,0,0,0,0,57,59,0,0,57,59,California
Santa Cruz,2020-12-17,389,448,389,448,0,0,0,0,389,448,0,0,389,448,California
Santa Cruz,2020-12-18,467,915,467,915,0,0,0,0,467,915,0,0,467,915,California
Santa Cruz,2020-12-19,181,1096,180,1095,1,1,0,0,181,1096,0,0,181,1096,California
Santa Cruz,2020-12-20,93,1189,93,1188,0,1,0,0,93,1189,0,0,93,1189,California
Santa Cruz,2020-12-21,437,1626,436,1624,1,2,0,0,437,1626,0,0,437,1626,California
Santa Cruz,2020-12-22,424,2050,423,2047,1,3,0,0,424,2050,0,0,424,2050,California
Santa Cruz,2020-12-23,370,2420,326,2373,44,47,0,0,370,2420,0,0,370,2420,California
Santa Cruz,2020-12-24,125,2545,49,2422,76,123,0,0,125,2545,0,0,125,2545,California
Santa Cruz,2020-12-25,10,2555,10,2432,0,123,0,0,10,2555,0,0,10,2555,California
Santa Cruz,2020-12-26,65,2620,46,2478,19,142,0,0,65,2620,0,0,65,2620,California
Santa Cruz,2020-12-27,32,2652,27,2505,5,147,0,0,32,2652,0,0,32,2652,California
Santa Cruz,2020-12-28,483,3135,108,2613,375,522,0,0,483,3135,0,0,483,3135,California
Santa Cruz,2020-12-29,797,3932,369,2982,428,950,0,0,797,3932,0,0,797,3932,California
Santa Cruz,2020-12-30,356,4288,164,3146,192,1142,0,0,356,4288,0,0,356,4288,California
Santa Cruz,2020-12-31,312,4600,11,3157,301,1443,0,0,312,4600,0,0,312,4600,California
Santa Cruz,2021-01-01,33,4633,1,3158,32,1475,0,0,33,4633,0,0,33,4633,California
Santa Cruz,2021-01-02,69,4702,55,3213,14,1489,0,0,69,4702,0,0,69,4702,California
Santa Cruz,2021-01-03,15,4717,7,3220,8,1497,0,0,15,4717,0,0,15,4717,California
Santa Cruz,2021-01-04,281,4998,123,3343,158,1655,0,0,279,4996,0,0,279,4996,California
Santa Cruz,2021-01-05,570,5568,434,3777,136,1791,0,0,268,4962,302,302,268,5264,California
Santa Cruz,2021-01-06,801,6369,669,4446,132,1923,0,0,463,5088,337,639,463,5727,California
Santa Cruz,2021-01-07,537,6906,210,4656,327,2250,0,0,384,5320,153,792,385,6112,California
Santa Cruz,2021-01-08,942,7848,567,5223,375,2625,0,0,492,5363,450,1242,493,6605,California
Santa Cruz,2021-01-09,466,8314,125,5348,341,2966,0,0,410,5717,56,1298,410,7015,California
Santa Cruz,2021-01-10,79,8393,70,5418,9,2975,0,0,20,5678,59,1357,20,7035,California
Santa Cruz,2021-01-11,727,9120,591,6009,136,3111,0,0,193,5338,534,1891,194,7229,California
Santa Cruz,2021-01-12,734,9854,531,6540,203,3314,0,0,490,5584,244,2135,490,7719,California
Santa Cruz,2021-01-13,532,10386,233,6773,299,3613,0,0,446,5947,83,2218,446,8165,California
Santa Cruz,2021-01-14,562,10948,104,6877,458,4071,0,0,495,6375,67,2285,495,8660,California
Santa Cruz,2021-01-15,1465,12413,79,6956,1386,5457,0,0,1399,7711,65,2350,1401,10061,California
Santa Cruz,2021-01-16,425,12838,53,7009,372,5829,0,0,406,8098,19,2369,406,10467,California
Santa Cruz,2021-01-17,297,13135,41,7050,256,6085,0,0,272,8345,25,2394,272,10739,California
Santa Cruz,2021-01-18,1015,14150,104,7154,911,6996,0,0,953,9236,62,2456,953,11692,California
Santa Cruz,2021-01-19,1629,15779,526,7680,1103,8099,0,0,1276,10162,351,2807,1277,12969,California
Santa Cruz,2021-01-20,1254,17033,185,7865,1069,9168,0,0,1053,11017,198,3005,1053,14022,California
Santa Cruz,2021-01-21,1724,18757,199,8064,1525,10693,0,0,1616,12527,108,3113,1618,15640,California
Santa Cruz,2021-01-22,1807,20564,525,8589,1282,11975,0,0,1704,14132,100,3213,1705,17345,California
Santa Cruz,2021-01-23,403,20967,147,8736,256,12231,0,0,344,14418,58,3271,344,17689,California
Santa Cruz,2021-01-24,114,21081,20,8756,94,12325,0,0,96,14496,18,3289,96,17785,California
Santa Cruz,2021-01-25,1067,22148,362,9118,705,13030,0,0,556,14541,511,3800,556,18341,California
Santa Cruz,2021-01-26,1700,23848,251,9369,1449,14479,0,0,1187,15215,513,4313,1187,19528,California
Santa Cruz,2021-01-27,1684,25532,459,9828,1225,15704,0,0,1295,16123,387,4700,1295,20823,California
Santa Cruz,2021-01-28,1772,27304,295,10123,1477,17181,0,0,1495,17342,277,4977,1496,22319,California
Santa Cruz,2021-01-29,1754,29058,493,10616,1261,18442,0,0,1620,18829,133,5110,1620,23939,California
Santa Cruz,2021-01-30,1080,30138,312,10928,768,19210,0,0,944,19637,136,5246,944,24883,California
Santa Cruz,2021-01-31,225,30363,113,11041,112,19322,0,0,211,19834,14,5260,211,25094,California
Santa Cruz,2021-02-01,1234,31597,758,11799,476,19798,0,0,827,20254,407,5667,827,25921,California
Santa Cruz,2021-02-02,1020,32617,130,11929,890,20688,0,0,864,20964,154,5821,864,26785,California
Santa Cruz,2021-02-03,2247,34864,963,12892,1284,21972,0,0,1932,22585,311,6132,1932,28717,California
Santa Cruz,2021-02-04,1858,36722,772,13664,1086,23058,0,0,1518,23764,339,6471,1518,30235,California
Santa Cruz,2021-02-05,3173,39895,791,14455,2382,25440,0,0,2851,26294,321,6792,2851,33086,California
Santa Cruz,2021-02-06,2587,42482,161,14616,2426,27866,0,0,2242,28191,345,7137,2242,35328,California
Santa Cruz,2021-02-07,919,43401,124,14740,795,28661,0,0,901,29074,18,7155,901,36229,California
Santa Cruz,2021-02-08,719,44120,203,14943,516,29177,0,0,518,29392,200,7355,518,36747,California
Santa Cruz,2021-02-09,2376,46496,1057,16000,1319,30496,0,0,2110,31236,266,7621,2110,38857,California
Santa Cruz,2021-02-10,2214,48710,577,16577,1637,32133,0,0,1507,32048,696,8317,1508,40365,California
Santa Cruz,2021-02-11,1865,50575,319,16896,1546,33679,0,0,1334,32853,529,8846,1334,41699,California
Santa Cruz,2021-02-12,3244,53819,423,17319,2821,36500,0,0,1827,33274,1408,10254,1829,43528,California
Santa Cruz,2021-02-13,1708,55527,122,17441,1586,38086,0,0,1297,34160,411,10665,1297,44825,California
Santa Cruz,2021-02-14,1407,56934,68,17509,1339,39425,0,0,1145,35043,262,10927,1145,45970,California
Santa Cruz,2021-02-15,1585,58519,283,17792,1302,40727,0,0,568,34595,1017,11944,569,46539,California
Santa Cruz,2021-02-16,1704,60223,208,18000,1496,42223,0,0,538,33989,1144,13088,538,47077,California
Santa Cruz,2021-02-17,2927,63150,977,18977,1950,44173,0,0,1217,33512,1697,14785,1220,48297,California
Santa Cruz,2021-02-18,2889,66039,640,19617,2249,46422,0,0,1233,33093,1652,16437,1233,49530,California
Santa Cruz,2021-02-19,3284,69323,1152,20769,2132,48554,0,0,2013,33838,1268,17705,2013,51543,California
Santa Cruz,2021-02-20,2403,71726,1510,22279,893,49447,0,0,1901,35237,502,18207,1901,53444,California
Santa Cruz,2021-02-21,845,72571,376,22655,469,49916,0,0,714,35822,129,18336,714,54158,California
Santa Cruz,2021-02-22,1269,73840,976,23631,293,50209,0,0,540,35635,727,19063,540,54698,California
Santa Cruz,2021-02-23,2101,75941,939,24570,1162,51371,0,0,712,34959,1388,20451,712,55410,California
Santa Cruz,2021-02-24,3205,79146,1672,26242,1533,52904,0,0,1213,34185,1987,22438,1213,56623,California
Santa Cruz,2021-02-25,3283,82429,1450,27692,1833,54737,0,0,1810,34533,1464,23902,1812,58435,California
Santa Cruz,2021-02-26,2760,85189,773,28465,1987,56724,0,0,1571,34922,1184,25086,1573,60008,California
Santa Cruz,2021-02-27,2663,87852,941,29406,1722,58446,0,0,1856,35973,805,25891,1856,61864,California
Santa Cruz,2021-02-28,1316,89168,375,29781,941,59387,0,0,1089,36838,224,26115,1089,62953,California
Santa Cruz,2021-03-01,1919,91087,1263,31044,656,60043,0,0,732,36385,1185,27300,732,63685,California
Santa Cruz,2021-03-02,1566,92653,375,31419,1191,61234,0,0,887,36597,678,27978,890,64575,California
Santa Cruz,2021-03-03,2383,95036,648,32067,1735,62969,0,0,1309,36835,1071,29049,1309,65884,California
Santa Cruz,2021-03-04,3022,98058,1421,33488,1600,64569,1,1,2029,37884,982,30031,2031,67915,California
Santa Cruz,2021-03-05,2647,100705,502,33990,2127,66696,18,19,1158,37574,1486,31517,1176,69091,California
Santa Cruz,2021-03-06,3883,104588,1351,35341,2427,69123,105,124,2169,38132,1714,33231,2272,71363,California
Santa Cruz,2021-03-07,1351,105939,129,35470,1149,70272,73,197,561,37978,788,34019,634,71997,California
Santa Cruz,2021-03-08,1101,107040,224,35694,745,71017,132,329,662,38331,439,34458,792,72789,California
Santa Cruz,2021-03-09,1819,108859,273,35967,1394,72411,152,481,722,38111,1094,35552,874,73663,California
Santa Cruz,2021-03-10,3908,112767,2103,38070,1655,74066,150,631,2015,38386,1891,37443,2166,75829,California
Santa Cruz,2021-03-11,2840,115607,1230,39300,1435,75501,175,806,1562,38849,1277,38720,1740,77569,California
Santa Cruz,2021-03-12,2802,118409,894,40194,1612,77113,296,1102,926,38197,1872,40592,1220,78789,California
Santa Cruz,2021-03-13,2353,120762,1351,41545,958,78071,44,1146,1193,38278,1157,41749,1238,80027,California
Santa Cruz,2021-03-14,911,121673,218,41763,680,78751,13,1159,436,38253,473,42222,448,80475,California
Santa Cruz,2021-03-15,1374,123047,483,42246,855,79606,36,1195,588,38096,782,43004,625,81100,California
Santa Cruz,2021-03-16,2374,125421,1132,43378,1198,80804,44,1239,1376,38521,993,43997,1418,82518,California
Santa Cruz,2021-03-17,4078,129499,2422,45800,1645,82449,11,1250,2700,39863,1371,45368,2713,85231,California
Santa Cruz,2021-03-18,3948,133447,2125,47925,1703,84152,120,1370,2126,40290,1819,47187,2246,87477,California
Santa Cruz,2021-03-19,3461,136908,1367,49292,1868,86020,226,1596,1819,40698,1637,48824,2045,89522,California
Santa Cruz,2021-03-20,2235,139143,1635,50927,533,86553,67,1663,1098,40727,1136,49960,1165,90687,California
Santa Cruz,2021-03-21,864,140007,467,51394,269,86822,128,1791,462,40919,399,50359,591,91278,California
Santa Cruz,2021-03-22,1407,141414,862,52256,522,87344,23,1814,977,41494,426,50785,1001,92279,California
Santa Cruz,2021-03-23,2639,144053,1486,53742,1103,88447,50,1864,1766,42440,870,51655,1816,94095,California
Santa Cruz,2021-03-24,3160,147213,2141,55883,998,89445,21,1885,2103,43512,1051,52706,2123,96218,California
Santa Cruz,2021-03-25,2687,149900,1350,57233,1300,90745,37,1922,1362,43593,1318,54024,1399,97617,California
Santa Cruz,2021-03-26,3180,153080,1842,59075,1310,92055,28,1950,2162,44771,1011,55035,2189,99806,California
Santa Cruz,2021-03-27,3259,156339,2027,61102,1205,93260,27,1977,1516,44582,1733,56768,1544,101350,California
Santa Cruz,2021-03-28,944,157283,585,61687,345,93605,14,1991,497,44650,443,57211,511,101861,California
Santa Cruz,2021-03-29,2027,159310,898,62585,1061,94666,68,2059,1284,45263,739,57950,1352,103213,California
Santa Cruz,2021-03-30,2752,162062,829,63414,1759,96425,164,2223,1743,46163,1006,58956,1906,105119,California
Santa Cruz,2021-03-31,4220,166282,2853,66267,1317,97742,50,2273,2224,46446,1991,60947,2274,107393,California
Santa Cruz,2021-04-01,4097,170379,2188,68455,1800,99542,109,2382,2081,46628,2008,62955,2190,109583,California
Santa Cruz,2021-04-02,3335,173714,1436,69891,1717,101259,182,2564,1909,47297,1422,64377,2091,111674,California
Santa Cruz,2021-04-03,2283,175997,1245,71136,901,102160,137,2701,891,46934,1390,65767,1027,112701,California
Santa Cruz,2021-04-04,945,176942,494,71630,395,102555,56,2757,552,47149,393,66160,608,113309,California
Santa Cruz,2021-04-05,2292,179234,802,72432,1322,103877,168,2925,1418,47863,873,67033,1587,114896,California
Santa Cruz,2021-04-06,3447,182681,1680,74112,1384,105261,383,3308,1992,48788,1444,68477,2369,117265,California
Santa Cruz,2021-04-07,4226,186907,1670,75782,2185,107446,371,3679,1820,48575,2403,70880,2190,119455,California
Santa Cruz,2021-04-08,4333,191240,2377,78159,1430,108876,526,4205,2558,49891,1766,72646,3082,122537,California
Santa Cruz,2021-04-09,3763,195003,1533,79692,1820,110696,410,4615,2116,50778,1640,74286,2527,125064,California
Santa Cruz,2021-04-10,2304,197307,1107,80799,937,111633,260,4875,1088,50912,1212,75498,1346,126410,California
Santa Cruz,2021-04-11,1014,198321,532,81331,387,112020,95,4970,495,50982,519,76017,589,126999,California
Santa Cruz,2021-04-12,2352,200673,842,82173,1084,113104,426,5396,1128,51326,1210,77227,1554,128553,California
Santa Cruz,2021-04-13,2979,203652,1483,83656,1494,114598,2,5398,1682,51722,1288,78515,1684,130237,California
Santa Cruz,2021-04-14,4781,208433,2304,85960,2477,117075,0,5398,2313,51579,2458,80973,2315,132552,California
Santa Cruz,2021-04-15,5139,213572,3256,89216,1883,118958,0,5398,3224,52904,1901,82874,3226,135778,California
Santa Cruz,2021-04-16,4643,218215,2574,91790,2067,121025,2,5400,2522,53318,2112,84986,2526,138304,California
Santa Cruz,2021-04-17,2293,220508,919,92709,1374,122399,0,5400,1512,54052,778,85764,1512,139816,California
Santa Cruz,2021-04-18,1080,221588,523,93232,556,122955,1,5401,595,54166,482,86246,596,140412,California
Santa Cruz,2021-04-19,2608,224196,1537,94769,1070,124025,1,5402,1641,54843,964,87210,1641,142053,California
Santa Cruz,2021-04-20,3241,227437,1708,96477,1533,125558,0,5402,1840,55293,1390,88600,1840,143893,California
Santa Cruz,2021-04-21,4366,231803,2913,99390,1453,127011,0,5402,2368,55682,1980,90580,2369,146262,California
Santa Cruz,2021-04-22,4355,236158,2938,102328,1417,128428,0,5402,2433,56204,1912,92492,2434,148696,California
Santa Cruz,2021-04-23,3228,239386,1747,104075,1480,129908,1,5403,1398,55782,1820,94312,1398,150094,California
Santa Cruz,2021-04-24,2270,241656,1092,105167,1175,131083,3,5406,698,54922,1561,95873,701,150795,California
Santa Cruz,2021-04-25,1100,242756,707,105874,381,131464,12,5418,457,54755,635,96508,468,151263,California
Santa Cruz,2021-04-26,2143,244899,1057,106931,1070,132534,16,5434,896,54432,1236,97744,913,152176,California
Santa Cruz,2021-04-27,3016,247915,982,107913,1952,134486,82,5516,1506,54518,1502,99246,1588,153764,California
Santa Cruz,2021-04-28,3509,251424,1950,109863,1482,135968,77,5593,1849,54794,1647,100893,1923,155687,California
Santa Cruz,2021-04-29,3812,255236,2538,112401,1211,137179,63,5656,1344,53746,2458,103351,1410,157097,California
Santa Cruz,2021-04-30,2401,257637,1212,113613,1146,138325,43,5699,1012,53421,1381,104732,1056,158153,California
Santa Cruz,2021-05-01,1320,258957,1049,114662,238,138563,33,5732,608,53353,709,105441,641,158794,California
Santa Cruz,2021-05-02,658,259615,465,115127,167,138730,26,5758,216,53154,442,105883,243,159037,California
Santa Cruz,2021-05-03,1944,261559,1004,116131,873,139603,67,5825,659,52607,1274,107157,727,159764,California
Santa Cruz,2021-05-04,2733,264292,1593,117724,1069,140672,71,5896,878,51702,1852,109009,947,160711,California
Santa Cruz,2021-05-05,2804,267096,1401,119125,1323,141995,80,5976,739,50504,2022,111031,824,161535,California
Santa Cruz,2021-05-06,3893,270989,2473,121598,1199,143194,221,6197,882,48611,2993,114024,1100,162635,California
Santa Cruz,2021-05-07,2805,273794,1291,122889,1431,144625,83,6280,438,46773,2361,116385,523,163158,California
Santa Cruz,2021-05-08,1380,275174,695,123584,657,145282,28,6308,388,46199,992,117377,418,163576,California
Santa Cruz,2021-05-09,535,275709,341,123925,171,145453,23,6331,169,46027,364,117741,192,163768,California
Santa Cruz,2021-05-10,2089,277798,1249,125174,774,146227,66,6397,414,44841,1666,119407,480,164248,California
Santa Cruz,2021-05-11,2427,280225,1378,126552,961,147188,88,6485,667,43840,1755,121162,754,165002,California
Santa Cruz,2021-05-12,3222,283447,1384,127936,1757,148945,81,6566,577,41863,2636,123798,659,165661,California
Santa Cruz,2021-05-13,3935,287382,2657,130593,1183,150128,95,6661,1423,40876,2507,126305,1520,167181,California
Santa Cruz,2021-05-14,3072,290454,1703,132296,1329,151457,40,6701,1218,40291,1846,128151,1261,168442,California
Santa Cruz,2021-05-15,2297,292751,1329,133625,956,152413,12,6713,1113,40235,1181,129332,1125,169567,California
Santa Cruz,2021-05-16,758,293509,383,134008,353,152766,22,6735,220,39941,537,129869,243,169810,California
Santa Cruz,2021-05-17,1583,295092,829,134837,683,153449,71,6806,567,39564,1015,130884,638,170448,California
Santa Cruz,2021-05-18,2378,297470,1472,136309,882,154331,24,6830,1162,39541,1209,132093,1186,171634,California
Santa Cruz,2021-05-19,3160,300630,1904,138213,1220,155551,36,6866,1352,39130,1799,133892,1388,173022,California
Santa Cruz,2021-05-20,3458,304088,2485,140698,825,156376,148,7014,1626,39077,1827,135719,1774,174796,California
Santa Cruz,2021-05-21,1796,305884,927,141625,779,157155,90,7104,624,38625,1166,136885,714,175510,California
Santa Cruz,2021-05-22,1747,307631,1353,142978,383,157538,11,7115,612,38118,1131,138016,624,176134,California
Santa Cruz,2021-05-23,477,308108,265,143243,193,157731,19,7134,151,37966,322,138338,170,176304,California
Santa Cruz,2021-05-24,1176,309284,673,143916,424,158155,79,7213,305,37487,863,139201,384,176688,California
Santa Cruz,2021-05-25,2311,311595,1328,145244,938,159093,45,7258,488,36344,1676,140877,533,177221,California
Santa Cruz,2021-05-26,1779,313374,838,146082,896,159989,45,7303,495,35616,1268,142145,540,177761,California
Santa Cruz,2021-05-27,1357,314731,740,146822,512,160501,105,7408,477,35325,873,143018,582,178343,California
Santa Cruz,2021-05-28,865,315596,388,147210,447,160948,30,7438,381,35263,474,143492,412,178755,California
Santa Cruz,2021-05-29,597,316193,338,147548,247,161195,12,7450,328,35336,267,143759,340,179095,California
Santa Cruz,2021-05-30,247,316440,124,147672,109,161304,14,7464,95,35295,149,143908,108,179203,California
Santa Cruz,2021-05-31,144,316584,64,147736,79,161383,1,7465,44,35241,99,144007,45,179248,California
Santa Cruz,2021-06-01,973,317557,602,148338,358,161741,13,7478,361,35004,610,144617,373,179621,California
Santa Cruz,2021-06-02,930,318487,551,148889,338,162079,41,7519,368,34856,557,145174,409,180030,California
Santa Cruz,2021-06-03,2322,320809,1563,150452,721,162800,38,7557,563,33708,1749,146923,601,180631,California
Santa Cruz,2021-06-04,1083,321892,747,151199,301,163101,35,7592,254,33176,822,147745,290,180921,California
Santa Cruz,2021-06-05,1079,322971,884,152083,190,163291,5,7597,187,32480,888,148633,192,181113,California
Santa Cruz,2021-06-06,415,323386,307,152390,91,163382,17,7614,143,32371,269,148902,160,181273,California
Santa Cruz,2021-06-07,867,324253,646,153036,190,163572,31,7645,233,32002,633,149535,264,181537,California
Santa Cruz,2021-06-08,1522,325775,1226,154262,271,163843,25,7670,320,31151,1197,150732,346,181883,California
Santa Cruz,2021-06-09,1475,327250,1161,155423,297,164140,17,7687,292,30285,1176,151908,310,182193,California
Santa Cruz,2021-06-10,2021,329271,1662,157085,287,164427,72,7759,364,29066,1652,153560,433,182626,California
Santa Cruz,2021-06-11,841,330112,525,157610,281,164708,35,7794,293,28850,542,154102,326,182952,California
Santa Cruz,2021-06-12,979,331091,861,158471,112,164820,6,7800,170,28220,806,154908,176,183128,California
Santa Cruz,2021-06-13,205,331296,138,158609,46,164866,21,7821,33,28102,172,155080,54,183182,California
Santa Cruz,2021-06-14,584,331880,384,158993,164,165030,36,7857,181,27918,400,155480,216,183398,California
Santa Cruz,2021-06-15,965,332845,715,159708,227,165257,23,7880,341,27662,621,156101,365,183763,California
Santa Cruz,2021-06-16,843,333688,625,160333,183,165440,35,7915,275,27407,564,156665,309,184072,California
Santa Cruz,2021-06-17,823,334511,643,160976,141,165581,39,7954,307,27239,513,157178,345,184417,California
Santa Cruz,2021-06-18,647,335158,404,161380,212,165793,31,7985,291,27210,351,157529,322,184739,California
Santa Cruz,2021-06-19,336,335494,267,161647,64,165857,5,7990,121,27124,212,157741,126,184865,California
Santa Cruz,2021-06-20,162,335656,116,161763,28,165885,18,8008,69,27118,93,157834,87,184952,California
Santa Cruz,2021-06-21,361,336017,260,162023,84,165969,17,8025,186,27146,173,158007,201,185153,California
Santa Cruz,2021-06-22,691,336708,498,162521,163,166132,30,8055,267,27021,423,158430,298,185451,California
Santa Cruz,2021-06-23,173,336881,134,162655,34,166166,5,8060,82,27018,90,158520,87,185538,California
Shasta,2020-12-16,131,131,131,131,0,0,0,0,131,131,0,0,131,131,California
Shasta,2020-12-17,421,552,421,552,0,0,0,0,421,552,0,0,421,552,California
Shasta,2020-12-18,166,718,166,718,0,0,0,0,166,718,0,0,166,718,California
Shasta,2020-12-19,1,719,1,719,0,0,0,0,1,719,0,0,1,719,California
Shasta,2020-12-21,79,798,79,798,0,0,0,0,79,798,0,0,79,798,California
Shasta,2020-12-22,193,991,188,986,5,5,0,0,193,991,0,0,193,991,California
Shasta,2020-12-23,173,1164,169,1155,4,9,0,0,173,1164,0,0,173,1164,California
Shasta,2020-12-24,18,1182,18,1173,0,9,0,0,18,1182,0,0,18,1182,California
Shasta,2020-12-26,4,1186,1,1174,3,12,0,0,4,1186,0,0,4,1186,California
Shasta,2020-12-27,1,1187,0,1174,1,13,0,0,1,1187,0,0,1,1187,California
Shasta,2020-12-28,40,1227,31,1205,9,22,0,0,40,1227,0,0,40,1227,California
Shasta,2020-12-29,186,1413,185,1390,1,23,0,0,186,1413,0,0,186,1413,California
Shasta,2020-12-30,177,1590,167,1557,10,33,0,0,177,1590,0,0,177,1590,California
Shasta,2020-12-31,83,1673,2,1559,81,114,0,0,83,1673,0,0,83,1673,California
Shasta,2021-01-02,2,1675,0,1559,2,116,0,0,2,1675,0,0,2,1675,California
Shasta,2021-01-03,1,1676,1,1560,0,116,0,0,1,1676,0,0,1,1676,California
Shasta,2021-01-04,373,2049,307,1867,66,182,0,0,374,2050,0,0,374,2050,California
Shasta,2021-01-05,337,2386,314,2181,23,205,0,0,255,2223,82,82,255,2305,California
Shasta,2021-01-06,466,2852,395,2576,71,276,0,0,203,2164,262,344,203,2508,California
Shasta,2021-01-07,126,2978,37,2613,89,365,0,0,104,2246,22,366,104,2612,California
Shasta,2021-01-08,525,3503,448,3061,77,442,0,0,317,2355,208,574,317,2929,California
Shasta,2021-01-09,73,3576,64,3125,9,451,0,0,71,2424,2,576,71,3000,California
Shasta,2021-01-10,5,3581,0,3125,5,456,0,0,3,2427,2,578,5,3005,California
Shasta,2021-01-11,409,3990,186,3311,223,679,0,0,373,2764,36,614,373,3378,California
Shasta,2021-01-12,489,4479,332,3643,157,836,0,0,314,2903,175,789,314,3692,California
Shasta,2021-01-13,603,5082,269,3912,334,1170,0,0,432,3165,170,959,432,4124,California
Shasta,2021-01-14,503,5585,52,3964,451,1621,0,0,485,3632,18,977,485,4609,California
Shasta,2021-01-15,688,6273,134,4098,554,2175,0,0,686,4316,2,979,686,5295,California
Shasta,2021-01-16,897,7170,53,4151,844,3019,0,0,894,5207,3,982,894,6189,California
Shasta,2021-01-17,27,7197,6,4157,21,3040,0,0,23,5226,4,986,23,6212,California
Shasta,2021-01-18,598,7795,129,4286,469,3509,0,0,590,5808,8,994,590,6802,California
Shasta,2021-01-19,1064,8859,401,4687,663,4172,0,0,916,6576,148,1142,916,7718,California
Shasta,2021-01-20,677,9536,409,5096,268,4440,0,0,491,6886,181,1323,491,8209,California
Shasta,2021-01-21,635,10171,281,5377,354,4794,0,0,612,7475,23,1346,612,8821,California
Shasta,2021-01-22,451,10622,177,5554,274,5068,0,0,445,7914,6,1352,445,9266,California
Shasta,2021-01-23,68,10690,5,5559,63,5131,0,0,67,7980,1,1353,67,9333,California
Shasta,2021-01-24,26,10716,3,5562,23,5154,0,0,25,8004,1,1354,25,9358,California
Shasta,2021-01-25,748,11464,489,6051,259,5413,0,0,461,8179,286,1640,461,9819,California
Shasta,2021-01-26,713,12177,333,6384,380,5793,0,0,479,8426,232,1872,479,10298,California
Shasta,2021-01-27,463,12640,181,6565,282,6075,0,0,413,8790,49,1921,413,10711,California
Shasta,2021-01-28,891,13531,578,7143,313,6388,0,0,669,9237,222,2143,669,11380,California
Shasta,2021-01-29,834,14365,330,7473,504,6892,0,0,644,9692,190,2333,645,12025,California
Shasta,2021-01-30,615,14980,14,7487,601,7493,0,0,605,10287,10,2343,605,12630,California
Shasta,2021-01-31,27,15007,4,7491,23,7516,0,0,25,10310,2,2345,25,12655,California
Shasta,2021-02-01,532,15539,148,7639,384,7900,0,0,387,10552,145,2490,387,13042,California
Shasta,2021-02-02,992,16531,501,8140,491,8391,0,0,899,11360,91,2581,899,13941,California
Shasta,2021-02-03,725,17256,213,8353,512,8903,0,0,490,11615,235,2816,490,14431,California
Shasta,2021-02-04,1102,18358,675,9028,427,9330,0,0,908,12330,193,3009,908,15339,California
Shasta,2021-02-05,1264,19622,167,9195,1097,10427,0,0,1057,13181,206,3215,1057,16396,California
Shasta,2021-02-06,1745,21367,41,9236,1704,12131,0,0,1722,14880,23,3238,1722,18118,California
Shasta,2021-02-07,25,21392,3,9239,22,12153,0,0,23,14901,2,3240,23,18141,California
Shasta,2021-02-08,600,21992,168,9407,432,12585,0,0,309,14919,291,3531,309,18450,California
Shasta,2021-02-09,1128,23120,656,10063,472,13057,0,0,734,15260,394,3925,735,19185,California
Shasta,2021-02-10,1126,24246,787,10850,339,13396,0,0,599,15332,528,4453,600,19785,California
Shasta,2021-02-11,891,25137,185,11035,706,14102,0,0,368,15182,518,4971,368,20153,California
Shasta,2021-02-12,1798,26935,1214,12249,584,14686,0,0,1240,15864,558,5529,1240,21393,California
Shasta,2021-02-13,1380,28315,372,12621,1008,15694,0,0,567,15618,814,6343,568,21961,California
Shasta,2021-02-14,149,28464,5,12626,144,15838,0,0,124,15717,25,6368,124,22085,California
Shasta,2021-02-15,381,28845,92,12718,289,16127,0,0,212,15760,169,6537,212,22297,California
Shasta,2021-02-16,1201,30046,523,13241,678,16805,0,0,426,15412,774,7311,426,22723,California
Shasta,2021-02-17,1035,31081,436,13677,599,17404,0,0,412,15201,623,7934,412,23135,California
Shasta,2021-02-18,953,32034,471,14148,482,17886,0,0,459,15167,494,8428,460,23595,California
Shasta,2021-02-19,1337,33371,946,15094,391,18277,0,0,870,15570,467,8895,870,24465,California
Shasta,2021-02-20,802,34173,91,15185,711,18988,0,0,304,15376,498,9393,304,24769,California
Shasta,2021-02-21,32,34205,3,15188,29,19017,0,0,10,15364,22,9415,10,24779,California
Shasta,2021-02-22,433,34638,79,15267,354,19371,0,0,181,15294,251,9666,181,24960,California
Shasta,2021-02-23,912,35550,471,15738,441,19812,0,0,328,15038,584,10250,328,25288,California
Shasta,2021-02-24,892,36442,509,16247,383,20195,0,0,274,14695,617,10867,274,25562,California
Shasta,2021-02-25,519,36961,163,16410,356,20551,0,0,163,14503,355,11222,163,25725,California
Shasta,2021-02-26,797,37758,98,16508,699,21250,0,0,337,14381,459,11681,337,26062,California
Shasta,2021-02-27,829,38587,27,16535,802,22052,0,0,189,13933,637,12318,189,26251,California
Shasta,2021-02-28,176,38763,4,16539,172,22224,0,0,127,14011,49,12367,127,26378,California
Shasta,2021-03-01,588,39351,61,16600,527,22751,0,0,297,14018,290,12657,297,26675,California
Shasta,2021-03-02,1030,40381,474,17074,556,23307,0,0,338,13666,690,13347,338,27013,California
Shasta,2021-03-03,679,41060,175,17249,504,23811,0,0,246,13479,433,13780,246,27259,California
Shasta,2021-03-04,3035,44095,2418,19667,617,24428,0,0,1733,13914,1299,15079,1734,28993,California
Shasta,2021-03-05,1560,45655,162,19829,1369,25797,29,29,787,13956,774,15853,816,29809,California
Shasta,2021-03-06,2743,48398,385,20214,2311,28108,47,76,855,12972,1886,17739,902,30711,California
Shasta,2021-03-07,93,48491,4,20218,57,28165,32,108,39,12989,54,17793,71,30782,California
Shasta,2021-03-08,571,49062,48,20266,384,28549,139,247,157,12873,412,18205,296,31078,California
Shasta,2021-03-09,1256,50318,596,20862,482,29031,178,425,696,13187,559,18764,873,31951,California
Shasta,2021-03-10,805,51123,258,21120,345,29376,202,627,141,12866,663,19427,342,32293,California
Shasta,2021-03-11,1559,52682,472,21592,816,30192,271,898,942,13465,614,20041,1213,33506,California
Shasta,2021-03-12,1561,54243,847,22439,465,30657,249,1147,411,12974,1149,21190,658,34164,California
Shasta,2021-03-13,759,55002,425,22864,233,30890,101,1248,475,13265,283,21473,574,34738,California
Shasta,2021-03-14,1016,56018,8,22872,986,31876,22,1270,878,14029,138,21611,902,35640,California
Shasta,2021-03-15,497,56515,36,22908,361,32237,100,1370,209,14049,288,21899,308,35948,California
Shasta,2021-03-16,1142,57657,150,23058,925,33162,67,1437,858,14690,284,22183,925,36873,California
Shasta,2021-03-17,739,58396,191,23249,490,33652,58,1495,398,14813,333,22516,456,37329,California
Shasta,2021-03-18,1548,59944,589,23838,855,34507,104,1599,1118,15609,426,22942,1222,38551,California
Shasta,2021-03-19,647,60591,198,24036,393,34900,56,1655,412,15843,234,23176,468,39019,California
Shasta,2021-03-20,749,61340,490,24526,245,35145,14,1669,600,16308,149,23325,614,39633,California
Shasta,2021-03-21,313,61653,298,24824,4,35149,11,1680,286,16579,26,23351,297,39930,California
Shasta,2021-03-22,347,62000,37,24861,274,35423,36,1716,199,16667,147,23498,235,40165,California
Shasta,2021-03-23,1312,63312,653,25514,600,36023,59,1775,759,16937,548,24046,818,40983,California
Shasta,2021-03-24,610,63922,155,25669,417,36440,38,1813,366,17098,243,24289,404,41387,California
Shasta,2021-03-25,1134,65056,451,26120,662,37102,21,1834,823,17634,309,24598,845,42232,California
Shasta,2021-03-26,1838,66894,1404,27524,404,37506,30,1864,1477,18781,361,24959,1508,43740,California
Shasta,2021-03-27,1595,68489,406,27930,317,37823,872,2736,577,19210,1016,25975,1445,45185,California
Shasta,2021-03-28,408,68897,301,28231,97,37920,10,2746,302,19418,104,26079,312,45497,California
Shasta,2021-03-29,423,69320,40,28271,371,38291,12,2758,167,19342,255,26334,179,45676,California
Shasta,2021-03-30,1250,70570,770,29041,463,38754,17,2775,626,19364,621,26955,643,46319,California
Shasta,2021-03-31,619,71189,206,29247,407,39161,6,2781,382,19520,232,27187,388,46707,California
Shasta,2021-04-01,897,72086,247,29494,637,39798,13,2794,575,19788,320,27507,588,47295,California
Shasta,2021-04-02,756,72842,198,29692,503,40301,55,2849,412,19913,342,27849,467,47762,California
Shasta,2021-04-03,514,73356,362,30054,133,40434,19,2868,389,20196,125,27974,408,48170,California
Shasta,2021-04-04,293,73649,176,30230,96,40530,21,2889,219,20362,74,28048,240,48410,California
Shasta,2021-04-05,444,74093,68,30298,312,40842,64,2953,252,20486,192,28240,316,48726,California
Shasta,2021-04-06,1172,75265,487,30785,507,41349,178,3131,540,20576,627,28867,717,49443,California
Shasta,2021-04-07,662,75927,215,31000,282,41631,165,3296,259,20599,399,29266,422,49865,California
Shasta,2021-04-08,1155,77082,264,31264,734,42365,157,3453,223,20048,929,30195,378,50243,California
Shasta,2021-04-09,2601,79683,2078,33342,309,42674,214,3667,2017,21698,577,30772,2227,52470,California
Shasta,2021-04-10,884,80567,596,33938,157,42831,131,3798,269,21482,614,31386,398,52868,California
Shasta,2021-04-11,1251,81818,398,34336,833,43664,20,3818,144,20543,1103,32489,164,53032,California
Shasta,2021-04-12,341,82159,7,34343,270,43934,64,3882,98,20462,242,32731,161,53193,California
Shasta,2021-04-13,1278,83437,368,34711,908,44842,2,3884,339,19868,934,33665,340,53533,California
Shasta,2021-04-14,595,84032,144,34855,449,45291,2,3886,222,19720,372,34037,224,53757,California
Shasta,2021-04-15,1084,85116,258,35113,825,46116,1,3887,301,19243,778,34815,301,54058,California
Shasta,2021-04-16,2359,87475,1858,36971,501,46617,0,3887,949,18784,1408,36223,949,55007,California
Shasta,2021-04-17,649,88124,418,37389,231,46848,0,3887,193,18522,456,36679,194,55201,California
Shasta,2021-04-18,270,88394,244,37633,26,46874,0,3887,35,18324,233,36912,35,55236,California
Shasta,2021-04-19,383,88777,28,37661,355,47229,0,3887,165,18271,218,37130,165,55401,California
Shasta,2021-04-20,1021,89798,263,37924,758,47987,0,3887,378,18008,641,37771,378,55779,California
Shasta,2021-04-21,604,90402,220,38144,384,48371,0,3887,306,18016,298,38069,306,56085,California
Shasta,2021-04-22,965,91367,282,38426,683,49054,0,3887,297,17647,666,38735,297,56382,California
Shasta,2021-04-23,658,92025,263,38689,395,49449,0,3887,328,17646,329,39064,328,56710,California
Shasta,2021-04-24,603,92628,359,39048,243,49692,1,3888,109,17263,492,39556,109,56819,California
Shasta,2021-04-25,210,92838,180,39228,29,49721,1,3889,36,17126,174,39730,37,56856,California
Shasta,2021-04-26,503,93341,54,39282,444,50165,5,3894,355,17339,146,39876,359,57215,California
Shasta,2021-04-27,547,93888,178,39460,329,50494,40,3934,302,17436,242,40118,339,57554,California
Shasta,2021-04-28,577,94465,159,39619,385,50879,33,3967,250,17391,327,40445,282,57836,California
Shasta,2021-04-29,783,95248,119,39738,640,51519,24,3991,180,16993,602,41047,204,58040,California
Shasta,2021-04-30,2272,97520,1845,41583,396,51915,31,4022,271,15295,2000,43047,302,58342,California
Shasta,2021-05-01,224,97744,20,41603,128,52043,76,4098,96,15339,128,43175,172,58514,California
Shasta,2021-05-02,47,97791,17,41620,17,52060,13,4111,20,15345,27,43202,33,58547,California
Shasta,2021-05-03,354,98145,95,41715,233,52293,26,4137,113,15244,240,43442,139,58686,California
Shasta,2021-05-04,526,98671,192,41907,295,52588,39,4176,251,15262,272,43714,290,58976,California
Shasta,2021-05-05,433,99104,142,42049,274,52862,17,4193,200,15246,233,43947,217,59193,California
Shasta,2021-05-06,696,99800,266,42315,390,53252,40,4233,298,15193,389,44336,336,59529,California
Shasta,2021-05-07,1118,100918,737,43052,342,53594,39,4272,305,14725,812,45148,344,59873,California
Shasta,2021-05-08,167,101085,83,43135,73,53667,11,4283,97,14762,70,45218,107,59980,California
Shasta,2021-05-09,66,101151,15,43150,46,53713,5,4288,35,14771,31,45249,40,60020,California
Shasta,2021-05-10,258,101409,21,43171,187,53900,50,4338,111,14785,144,45393,158,60178,California
Shasta,2021-05-11,522,101931,160,43331,211,54111,151,4489,182,14779,339,45732,333,60511,California
Shasta,2021-05-12,398,102329,146,43477,228,54339,24,4513,133,14672,264,45996,157,60668,California
Shasta,2021-05-13,579,102908,239,43716,323,54662,17,4530,224,14560,353,46349,241,60909,California
Shasta,2021-05-14,646,103554,274,43990,346,55008,26,4556,296,14534,349,46698,323,61232,California
Shasta,2021-05-15,397,103951,127,44117,165,55173,105,4661,165,14572,231,46929,269,61501,California
Shasta,2021-05-16,222,104173,155,44272,57,55230,10,4671,163,14686,59,46988,173,61674,California
Shasta,2021-05-17,539,104712,245,44517,234,55464,60,4731,285,14778,253,47241,345,62019,California
Shasta,2021-05-18,611,105323,293,44810,294,55758,24,4755,326,14843,285,47526,350,62369,California
Shasta,2021-05-19,591,105914,280,45090,243,56001,68,4823,287,14898,300,47826,355,62724,California
Shasta,2021-05-20,576,106490,265,45355,292,56293,19,4842,279,14900,295,48121,297,63021,California
Shasta,2021-05-21,657,107147,301,45656,337,56630,19,4861,341,14947,313,48434,360,63381,California
Shasta,2021-05-22,235,107382,133,45789,93,56723,9,4870,146,15015,87,48521,155,63536,California
Shasta,2021-05-23,114,107496,49,45838,56,56779,9,4879,69,15048,45,48566,78,63614,California
Shasta,2021-05-24,531,108027,162,46000,338,57117,31,4910,185,14919,345,48911,216,63830,California
Shasta,2021-05-25,466,108493,199,46199,222,57339,45,4955,159,14819,303,49214,203,64033,California
Shasta,2021-05-26,373,108866,147,46346,201,57540,25,4980,150,14772,222,49436,175,64208,California
Shasta,2021-05-27,422,109288,154,46500,259,57799,9,4989,156,14674,263,49699,165,64373,California
Shasta,2021-05-28,445,109733,198,46698,218,58017,29,5018,209,14679,233,49932,238,64611,California
Shasta,2021-05-29,225,109958,63,46761,131,58148,31,5049,93,14669,132,50064,122,64733,California
Shasta,2021-05-30,87,110045,50,46811,35,58183,2,5051,59,14702,28,50092,61,64794,California
Shasta,2021-05-31,35,110080,8,46819,26,58209,1,5052,11,14691,23,50115,12,64806,California
Shasta,2021-06-01,533,110613,157,46976,230,58439,146,5198,140,14592,386,50501,287,65093,California
Shasta,2021-06-02,296,110909,121,47097,166,58605,9,5207,124,14555,170,50671,133,65226,California
Shasta,2021-06-03,366,111275,154,47251,203,58808,9,5216,117,14433,248,50919,126,65352,California
Shasta,2021-06-04,576,111851,285,47536,263,59071,28,5244,202,14290,373,51292,230,65582,California
Shasta,2021-06-05,258,112109,153,47689,88,59159,17,5261,82,14215,175,51467,100,65682,California
Shasta,2021-06-06,163,112272,128,47817,33,59192,2,5263,49,14152,114,51581,51,65733,California
Shasta,2021-06-07,403,112675,234,48051,152,59344,17,5280,110,13987,292,51873,127,65860,California
Shasta,2021-06-08,506,113181,298,48349,162,59506,46,5326,151,13832,351,52224,196,66056,California
Shasta,2021-06-09,485,113666,274,48623,123,59629,88,5414,111,13659,371,52595,198,66254,California
Shasta,2021-06-10,417,114083,252,48875,140,59769,25,5439,125,13523,286,52881,150,66404,California
Shasta,2021-06-11,456,114539,255,49130,165,59934,36,5475,128,13360,326,53207,163,66567,California
Shasta,2021-06-12,212,114751,139,49269,67,60001,6,5481,78,13310,134,53341,84,66651,California
Shasta,2021-06-13,89,114840,55,49324,32,60033,2,5483,25,13273,64,53405,27,66678,California
Shasta,2021-06-14,287,115127,156,49480,112,60145,19,5502,84,13174,202,53607,103,66781,California
Shasta,2021-06-15,463,115590,234,49714,111,60256,118,5620,164,13156,294,53901,276,67057,California
Shasta,2021-06-16,258,115848,150,49864,96,60352,12,5632,82,13078,172,54073,94,67151,California
Shasta,2021-06-17,291,116139,124,49988,131,60483,36,5668,106,13036,184,54257,142,67293,California
Shasta,2021-06-18,357,116496,226,50214,110,60593,21,5689,151,13003,205,54462,172,67465,California
Shasta,2021-06-19,116,116612,75,50289,39,60632,2,5691,54,12998,61,54523,56,67521,California
Shasta,2021-06-20,59,116671,37,50326,19,60651,3,5694,23,12988,36,54559,26,67547,California
Shasta,2021-06-21,208,116879,72,50398,108,60759,28,5722,86,12981,121,54680,114,67661,California
Shasta,2021-06-22,352,117231,136,50534,82,60841,134,5856,91,12944,253,54933,216,67877,California
Shasta,2021-06-23,105,117336,70,50604,25,60866,10,5866,37,12923,68,55001,47,67924,California
Sierra,2020-12-18,1,1,1,1,0,0,0,0,1,1,0,0,1,1,California
Sierra,2020-12-21,2,3,2,3,0,0,0,0,2,3,0,0,2,3,California
Sierra,2020-12-22,12,15,12,15,0,0,0,0,12,15,0,0,12,15,California
Sierra,2020-12-23,4,19,4,19,0,0,0,0,4,19,0,0,4,19,California
Sierra,2020-12-28,1,20,0,19,1,1,0,0,1,20,0,0,1,20,California
Sierra,2020-12-29,49,69,7,26,42,43,0,0,49,69,0,0,49,69,California
Sierra,2020-12-30,2,71,0,26,2,45,0,0,2,71,0,0,2,71,California
Sierra,2020-12-31,13,84,0,26,13,58,0,0,13,84,0,0,13,84,California
Sierra,2021-01-01,1,85,1,27,0,58,0,0,1,85,0,0,1,85,California
Sierra,2021-01-05,63,148,2,29,61,119,0,0,63,148,0,0,63,148,California
Sierra,2021-01-06,1,149,1,30,0,119,0,0,1,149,0,0,1,149,California
Sierra,2021-01-07,21,170,1,31,20,139,0,0,20,168,1,1,20,169,California
Sierra,2021-01-08,1,171,1,32,0,139,0,0,1,169,0,1,1,170,California
Sierra,2021-01-11,3,174,3,35,0,139,0,0,0,166,3,4,0,170,California
Sierra,2021-01-12,39,213,12,47,27,166,0,0,27,181,12,16,27,197,California
Sierra,2021-01-13,4,217,3,50,1,167,0,0,1,179,3,19,1,198,California
Sierra,2021-01-14,35,252,2,52,33,200,0,0,35,214,0,19,35,233,California
Sierra,2021-01-15,3,255,1,53,2,202,0,0,3,217,0,19,3,236,California
Sierra,2021-01-18,3,258,0,53,3,205,0,0,3,220,0,19,3,239,California
Sierra,2021-01-19,32,290,0,53,32,237,0,0,32,252,0,19,32,271,California
Sierra,2021-01-20,1,291,1,54,0,237,0,0,1,253,0,19,1,272,California
Sierra,2021-01-21,52,343,0,54,52,289,0,0,52,305,0,19,52,324,California
Sierra,2021-01-22,2,345,0,54,2,291,0,0,2,307,0,19,2,326,California
Sierra,2021-01-23,2,347,0,54,2,293,0,0,2,309,0,19,2,328,California
Sierra,2021-01-25,1,348,1,55,0,293,0,0,1,310,0,19,1,329,California
Sierra,2021-01-26,62,410,1,56,61,354,0,0,24,296,38,57,24,353,California
Sierra,2021-01-27,4,414,4,60,0,354,0,0,0,292,4,61,0,353,California
Sierra,2021-01-28,53,467,0,60,53,407,0,0,43,325,10,71,43,396,California
Sierra,2021-01-29,2,469,0,60,2,409,0,0,2,327,0,71,2,398,California
Sierra,2021-01-30,3,472,3,63,0,409,0,0,2,328,1,72,2,400,California
Sierra,2021-02-01,1,473,0,63,1,410,0,0,0,327,1,73,0,400,California
Sierra,2021-02-02,57,530,1,64,56,466,0,0,18,306,39,112,18,418,California
Sierra,2021-02-03,6,536,5,69,1,467,0,0,5,310,1,113,5,423,California
Sierra,2021-02-04,102,638,5,74,97,564,0,0,53,314,49,162,53,476,California
Sierra,2021-02-05,6,644,4,78,2,566,0,0,5,318,1,163,5,481,California
Sierra,2021-02-09,51,695,0,78,51,617,0,0,48,363,3,166,48,529,California
Sierra,2021-02-10,5,700,2,80,3,620,0,0,4,366,1,167,4,533,California
Sierra,2021-02-11,195,895,1,81,194,814,0,0,134,439,61,228,134,667,California
Sierra,2021-02-12,20,915,0,81,20,834,0,0,20,459,0,228,20,687,California
Sierra,2021-02-13,1,916,1,82,0,834,0,0,1,460,0,228,1,688,California
Sierra,2021-02-15,3,919,3,85,0,834,0,0,0,457,3,231,0,688,California
Sierra,2021-02-16,44,963,1,86,43,877,0,0,10,433,34,265,10,698,California
Sierra,2021-02-17,4,967,0,86,4,881,0,0,1,431,3,268,1,699,California
Sierra,2021-02-18,139,1106,0,86,139,1020,0,0,90,472,49,317,90,789,California
Sierra,2021-02-19,2,1108,1,87,1,1021,0,0,1,472,1,318,1,790,California
Sierra,2021-02-20,2,1110,2,89,0,1021,0,0,0,470,2,320,0,790,California
Sierra,2021-02-22,1,1111,1,90,0,1021,0,0,1,471,0,320,1,791,California
Sierra,2021-02-23,4,1115,0,90,4,1025,0,0,4,475,0,320,4,795,California
Sierra,2021-02-24,3,1118,2,92,1,1026,0,0,3,478,0,320,3,798,California
Sierra,2021-02-25,124,1242,2,94,122,1148,0,0,58,471,65,385,58,856,California
Sierra,2021-02-26,11,1253,6,100,5,1153,0,0,4,468,7,392,4,860,California
Sierra,2021-02-27,2,1255,2,102,0,1153,0,0,0,466,2,394,0,860,California
Sierra,2021-03-01,2,1257,2,104,0,1153,0,0,0,464,2,396,0,860,California
Sierra,2021-03-02,56,1313,0,104,56,1209,0,0,38,484,18,414,38,898,California
Sierra,2021-03-03,2,1315,2,106,0,1209,0,0,1,484,1,415,1,899,California
Sierra,2021-03-04,108,1423,0,106,108,1317,0,0,60,496,48,463,60,959,California
Sierra,2021-03-05,13,1436,1,107,12,1329,0,0,11,505,2,465,11,970,California
Sierra,2021-03-07,1,1437,1,108,0,1329,0,0,0,504,1,466,0,970,California
Sierra,2021-03-08,2,1439,2,110,0,1329,0,0,2,506,0,466,2,972,California
Sierra,2021-03-09,56,1495,0,110,56,1385,0,0,12,474,44,510,12,984,California
Sierra,2021-03-10,6,1501,0,110,6,1391,0,0,4,476,2,512,4,988,California
Sierra,2021-03-11,173,1674,0,110,173,1564,0,0,41,385,132,644,41,1029,California
Sierra,2021-03-12,20,1694,1,111,19,1583,0,0,0,365,20,664,0,1029,California
Sierra,2021-03-13,27,1721,0,111,27,1610,0,0,27,392,0,664,27,1056,California
Sierra,2021-03-14,1,1722,0,111,0,1610,1,1,0,392,1,665,1,1057,California
Sierra,2021-03-15,2,1724,1,112,0,1610,1,2,0,391,2,667,1,1058,California
Sierra,2021-03-16,35,1759,0,112,34,1644,1,3,22,401,13,680,23,1081,California
Sierra,2021-03-17,3,1762,2,114,1,1645,0,3,0,398,3,683,0,1081,California
Sierra,2021-03-18,157,1919,0,114,157,1802,0,3,65,371,92,775,65,1146,California
Sierra,2021-03-19,4,1923,2,116,2,1804,0,3,1,369,3,778,1,1147,California
Sierra,2021-03-20,1,1924,0,116,1,1805,0,3,1,370,0,778,1,1148,California
Sierra,2021-03-23,22,1946,0,116,22,1827,0,3,13,374,9,787,13,1161,California
Sierra,2021-03-24,3,1949,1,117,2,1829,0,3,1,373,2,789,1,1162,California
Sierra,2021-03-25,99,2048,1,118,98,1927,0,3,50,374,49,838,50,1212,California
Sierra,2021-03-26,12,2060,1,119,11,1938,0,3,8,378,4,842,8,1220,California
Sierra,2021-03-27,1,2061,0,119,1,1939,0,3,0,377,1,843,0,1220,California
Sierra,2021-03-29,1,2062,1,120,0,1939,0,3,0,376,1,844,0,1220,California
Sierra,2021-03-30,54,2116,1,121,53,1992,0,3,22,366,32,876,22,1242,California
Sierra,2021-03-31,8,2124,0,121,8,2000,0,3,8,374,0,876,8,1250,California
Sierra,2021-04-01,63,2187,1,122,62,2062,0,3,5,323,56,932,5,1255,California
Sierra,2021-04-02,3,2190,2,124,1,2063,0,3,2,324,1,933,2,1257,California
Sierra,2021-04-04,1,2191,0,124,1,2064,0,3,0,324,0,933,0,1257,California
Sierra,2021-04-06,11,2202,0,124,11,2075,0,3,1,315,10,943,1,1258,California
Sierra,2021-04-07,14,2216,3,127,6,2081,5,8,3,313,10,953,8,1266,California
Sierra,2021-04-08,53,2269,2,129,51,2132,0,8,16,292,37,990,16,1282,California
Sierra,2021-04-09,2,2271,2,131,0,2132,0,8,1,292,1,991,1,1283,California
Sierra,2021-04-10,27,2298,0,131,27,2159,0,8,0,265,27,1018,0,1283,California
Sierra,2021-04-13,43,2341,0,131,43,2202,0,8,5,232,38,1056,5,1288,California
Sierra,2021-04-14,1,2342,0,131,1,2203,0,8,1,233,0,1056,1,1289,California
Sierra,2021-04-15,48,2390,1,132,47,2250,0,8,2,189,46,1102,2,1291,California
Sierra,2021-04-17,2,2392,1,133,1,2251,0,8,1,189,1,1103,1,1292,California
Sierra,2021-04-18,1,2393,0,133,1,2252,0,8,0,189,0,1103,0,1292,California
Sierra,2021-04-19,1,2394,1,134,0,2252,0,8,0,188,1,1104,0,1292,California
Sierra,2021-04-20,34,2428,1,135,33,2285,0,8,7,168,27,1131,7,1299,California
Sierra,2021-04-21,2,2430,1,136,1,2286,0,8,1,168,1,1132,1,1300,California
Sierra,2021-04-22,64,2494,1,137,63,2349,0,8,5,115,58,1190,5,1305,California
Sierra,2021-04-23,13,2507,0,137,13,2362,0,8,5,112,8,1198,5,1310,California
Sierra,2021-04-24,4,2511,0,137,4,2366,0,8,4,116,0,1198,4,1314,California
Sierra,2021-04-27,27,2538,0,137,27,2393,0,8,4,97,23,1221,4,1318,California
Sierra,2021-04-28,10,2548,2,139,8,2401,0,8,1,89,9,1230,1,1319,California
Sierra,2021-04-29,20,2568,2,141,18,2419,0,8,14,97,6,1236,14,1333,California
Sierra,2021-04-30,4,2572,2,143,2,2421,0,8,2,97,2,1238,2,1335,California
Sierra,2021-05-01,1,2573,0,143,1,2422,0,8,0,97,0,1238,0,1335,California
Sierra,2021-05-03,1,2574,1,144,0,2422,0,8,1,98,0,1238,1,1336,California
Sierra,2021-05-04,1,2575,0,144,1,2423,0,8,0,97,1,1239,0,1336,California
Sierra,2021-05-05,22,2597,0,144,22,2445,0,8,7,89,15,1254,7,1343,California
Sierra,2021-05-06,1,2598,1,145,0,2445,0,8,0,88,1,1255,0,1343,California
Sierra,2021-05-07,1,2599,1,146,0,2445,0,8,1,89,0,1255,1,1344,California
Sierra,2021-05-08,1,2600,0,146,0,2445,1,9,0,89,1,1256,1,1345,California
Sierra,2021-05-11,11,2611,0,146,4,2449,7,16,0,85,11,1267,7,1352,California
Sierra,2021-05-12,11,2622,1,147,10,2459,0,16,8,90,3,1270,8,1360,California
Sierra,2021-05-13,3,2625,2,149,1,2460,0,16,2,91,1,1271,2,1362,California
Sierra,2021-05-14,3,2628,1,150,2,2462,0,16,3,94,0,1271,3,1365,California
Sierra,2021-05-17,1,2629,1,151,0,2462,0,16,1,95,0,1271,1,1366,California
Sierra,2021-05-18,2,2631,0,151,1,2463,1,17,0,94,2,1273,1,1367,California
Sierra,2021-05-19,5,2636,2,153,3,2466,0,17,1,91,4,1277,1,1368,California
Sierra,2021-05-20,9,2645,8,161,0,2466,1,18,8,99,1,1278,9,1377,California
Sierra,2021-05-21,5,2650,2,163,3,2469,0,18,1,96,4,1282,1,1378,California
Sierra,2021-05-22,4,2654,0,163,4,2473,0,18,0,92,4,1286,0,1378,California
Sierra,2021-05-23,1,2655,0,163,1,2474,0,18,1,93,0,1286,1,1379,California
Sierra,2021-05-24,3,2658,1,164,2,2476,0,18,2,94,1,1287,2,1381,California
Sierra,2021-05-25,3,2661,0,164,3,2479,0,18,1,93,2,1289,1,1382,California
Sierra,2021-05-26,8,2669,0,164,8,2487,0,18,4,93,4,1293,4,1386,California
Sierra,2021-05-27,9,2678,1,165,7,2494,1,19,2,89,7,1300,3,1389,California
Sierra,2021-05-28,4,2682,2,167,2,2496,0,19,2,89,2,1302,2,1391,California
Sierra,2021-05-29,2,2684,0,167,2,2498,0,19,2,91,0,1302,2,1393,California
Sierra,2021-05-30,1,2685,1,168,0,2498,0,19,1,92,0,1302,1,1394,California
Sierra,2021-06-01,1,2686,0,168,1,2499,0,19,0,91,1,1303,0,1394,California
Sierra,2021-06-02,23,2709,0,168,21,2520,2,21,0,71,22,1325,2,1396,California
Sierra,2021-06-03,3,2712,2,170,1,2521,0,21,0,68,3,1328,0,1396,California
Sierra,2021-06-04,2,2714,2,172,0,2521,0,21,1,68,1,1329,1,1397,California
Sierra,2021-06-08,1,2715,1,173,0,2521,0,21,1,69,0,1329,1,1398,California
Sierra,2021-06-09,8,2723,1,174,5,2526,2,23,0,63,8,1337,2,1400,California
Sierra,2021-06-10,8,2731,8,182,0,2526,0,23,4,63,4,1341,4,1404,California
Sierra,2021-06-11,3,2734,1,183,2,2528,0,23,0,60,3,1344,0,1404,California
Sierra,2021-06-12,1,2735,1,184,0,2528,0,23,1,61,0,1344,1,1405,California
Sierra,2021-06-13,1,2736,1,185,0,2528,0,23,0,60,1,1345,0,1405,California
Sierra,2021-06-14,6,2742,4,189,1,2529,1,24,2,59,4,1349,3,1408,California
Sierra,2021-06-15,2,2744,1,190,1,2530,0,24,1,60,0,1349,1,1409,California
Sierra,2021-06-16,3,2747,0,190,3,2533,0,24,2,61,1,1350,2,1411,California
Sierra,2021-06-17,4,2751,2,192,1,2534,1,25,2,62,2,1352,3,1414,California
Sierra,2021-06-18,2,2753,1,193,0,2534,1,26,0,61,2,1354,1,1415,California
Sierra,2021-06-21,1,2754,0,193,1,2535,0,26,0,60,1,1355,0,1415,California
Sierra,2021-06-22,5,2759,3,196,2,2537,0,26,3,61,2,1357,3,1418,California
Sierra,2021-06-23,6,2765,0,196,6,2543,0,26,2,59,4,1361,2,1420,California
Siskiyou,2020-12-16,2,2,2,2,0,0,0,0,2,2,0,0,2,2,California
Siskiyou,2020-12-17,4,6,4,6,0,0,0,0,4,6,0,0,4,6,California
Siskiyou,2020-12-18,2,8,2,8,0,0,0,0,2,8,0,0,2,8,California
Siskiyou,2020-12-19,4,12,4,12,0,0,0,0,4,12,0,0,4,12,California
Siskiyou,2020-12-20,1,13,1,13,0,0,0,0,1,13,0,0,1,13,California
Siskiyou,2020-12-21,132,145,132,145,0,0,0,0,132,145,0,0,132,145,California
Siskiyou,2020-12-22,159,304,159,304,0,0,0,0,159,304,0,0,159,304,California
Siskiyou,2020-12-23,142,446,142,446,0,0,0,0,142,446,0,0,142,446,California
Siskiyou,2020-12-24,5,451,5,451,0,0,0,0,5,451,0,0,5,451,California
Siskiyou,2020-12-26,2,453,0,451,2,2,0,0,2,453,0,0,2,453,California
Siskiyou,2020-12-27,2,455,0,451,2,4,0,0,2,455,0,0,2,455,California
Siskiyou,2020-12-28,3,458,1,452,2,6,0,0,3,458,0,0,3,458,California
Siskiyou,2020-12-29,6,464,2,454,4,10,0,0,6,464,0,0,6,464,California
Siskiyou,2020-12-30,100,564,3,457,97,107,0,0,100,564,0,0,100,564,California
Siskiyou,2020-12-31,12,576,0,457,12,119,0,0,12,576,0,0,12,576,California
Siskiyou,2021-01-02,1,577,1,458,0,119,0,0,1,577,0,0,1,577,California
Siskiyou,2021-01-03,1,578,0,458,1,120,0,0,1,578,0,0,1,578,California
Siskiyou,2021-01-04,130,708,3,461,127,247,0,0,130,708,0,0,130,708,California
Siskiyou,2021-01-05,118,826,4,465,114,361,0,0,116,823,2,2,117,825,California
Siskiyou,2021-01-06,59,885,6,471,53,414,0,0,55,874,4,6,55,880,California
Siskiyou,2021-01-07,178,1063,4,475,174,588,0,0,177,1050,1,7,177,1057,California
Siskiyou,2021-01-08,41,1104,3,478,38,626,0,0,39,1087,2,9,39,1096,California
Siskiyou,2021-01-09,3,1107,3,481,0,626,0,0,1,1086,2,11,1,1097,California
Siskiyou,2021-01-11,226,1333,65,546,161,787,0,0,163,1186,63,74,163,1260,California
Siskiyou,2021-01-12,324,1657,274,820,50,837,0,0,91,1045,233,307,92,1352,California
Siskiyou,2021-01-13,158,1815,137,957,21,858,0,0,23,933,135,442,23,1375,California
Siskiyou,2021-01-14,36,1851,1,958,35,893,0,0,35,967,1,443,35,1410,California
Siskiyou,2021-01-15,55,1906,3,961,52,945,0,0,55,1022,0,443,55,1465,California
Siskiyou,2021-01-16,7,1913,2,963,5,950,0,0,7,1029,0,443,7,1472,California
Siskiyou,2021-01-17,1,1914,1,964,0,950,0,0,0,1028,1,444,0,1472,California
Siskiyou,2021-01-18,75,1989,3,967,72,1022,0,0,73,1099,2,446,73,1545,California
Siskiyou,2021-01-19,41,2030,1,968,40,1062,0,0,40,1138,1,447,40,1585,California
Siskiyou,2021-01-20,68,2098,35,1003,33,1095,0,0,64,1198,4,451,64,1649,California
Siskiyou,2021-01-21,68,2166,1,1004,67,1162,0,0,68,1266,0,451,68,1717,California
Siskiyou,2021-01-22,1343,3509,1175,2179,168,1330,0,0,1343,2609,0,451,1343,3060,California
Siskiyou,2021-01-23,6,3515,2,2181,4,1334,0,0,3,2609,3,454,3,3063,California
Siskiyou,2021-01-25,208,3723,8,2189,200,1534,0,0,204,2809,4,458,204,3267,California
Siskiyou,2021-01-26,159,3882,4,2193,155,1689,0,0,150,2950,9,467,150,3417,California
Siskiyou,2021-01-27,202,4084,2,2195,200,1889,0,0,138,3025,63,530,138,3555,California
Siskiyou,2021-01-28,260,4344,118,2313,142,2031,0,0,235,3241,19,549,235,3790,California
Siskiyou,2021-01-29,272,4616,3,2316,269,2300,0,0,253,3475,19,568,253,4043,California
Siskiyou,2021-01-30,6,4622,5,2321,1,2301,0,0,6,3481,0,568,6,4049,California
Siskiyou,2021-02-01,215,4837,3,2324,212,2513,0,0,114,3494,101,669,114,4163,California
Siskiyou,2021-02-02,318,5155,45,2369,273,2786,0,0,165,3506,153,822,165,4328,California
Siskiyou,2021-02-03,334,5489,1,2370,333,3119,0,0,265,3702,69,891,265,4593,California
Siskiyou,2021-02-04,367,5856,7,2377,360,3479,0,0,226,3787,141,1032,226,4819,California
Siskiyou,2021-02-05,545,6401,4,2381,541,4020,0,0,370,3982,175,1207,370,5189,California
Siskiyou,2021-02-06,15,6416,0,2381,15,4035,0,0,15,3997,0,1207,15,5204,California
Siskiyou,2021-02-07,2,6418,1,2382,1,4036,0,0,2,3999,0,1207,2,5206,California
Siskiyou,2021-02-08,243,6661,4,2386,239,4275,0,0,217,4190,26,1233,217,5423,California
Siskiyou,2021-02-09,248,6909,4,2390,244,4519,0,0,195,4332,53,1286,195,5618,California
Siskiyou,2021-02-10,389,7298,41,2431,348,4867,0,0,319,4582,69,1355,319,5937,California
Siskiyou,2021-02-11,215,7513,1,2432,214,5081,0,0,185,4737,30,1385,185,6122,California
Siskiyou,2021-02-12,1707,9220,1200,3632,507,5588,0,0,501,4032,1206,2591,501,6623,California
Siskiyou,2021-02-13,36,9256,2,3634,34,5622,0,0,31,4058,5,2596,31,6654,California
Siskiyou,2021-02-14,6,9262,2,3636,4,5626,0,0,6,4064,0,2596,6,6660,California
Siskiyou,2021-02-15,105,9367,8,3644,97,5723,0,0,103,4165,2,2598,103,6763,California
Siskiyou,2021-02-16,136,9503,2,3646,134,5857,0,0,100,4229,36,2634,100,6863,California
Siskiyou,2021-02-17,297,9800,16,3662,281,6138,0,0,261,4454,36,2670,261,7124,California
Siskiyou,2021-02-18,269,10069,88,3750,181,6319,0,0,127,4439,142,2812,127,7251,California
Siskiyou,2021-02-19,96,10165,34,3784,62,6381,0,0,35,4415,59,2871,35,7286,California
Siskiyou,2021-02-20,23,10188,5,3789,18,6399,0,0,16,4426,7,2878,18,7304,California
Siskiyou,2021-02-21,1,10189,1,3790,0,6399,0,0,1,4427,0,2878,1,7305,California
Siskiyou,2021-02-22,207,10396,2,3792,205,6604,0,0,75,4370,132,3010,75,7380,California
Siskiyou,2021-02-23,347,10743,15,3807,332,6936,0,0,194,4411,153,3163,194,7574,California
Siskiyou,2021-02-24,172,10915,5,3812,167,7103,0,0,49,4337,123,3286,49,7623,California
Siskiyou,2021-02-25,312,11227,25,3837,287,7390,0,0,157,4340,154,3440,157,7780,California
Siskiyou,2021-02-26,674,11901,11,3848,663,8053,0,0,369,4404,305,3745,369,8149,California
Siskiyou,2021-02-27,32,11933,5,3853,27,8080,0,0,28,4428,4,3749,28,8177,California
Siskiyou,2021-02-28,4,11937,4,3857,0,8080,0,0,3,4430,1,3750,3,8180,California
Siskiyou,2021-03-01,291,12228,6,3863,285,8365,0,0,50,4239,241,3991,50,8230,California
Siskiyou,2021-03-02,211,12439,1,3864,210,8575,0,0,70,4168,141,4132,70,8300,California
Siskiyou,2021-03-03,349,12788,11,3875,338,8913,0,0,155,4129,194,4326,155,8455,California
Siskiyou,2021-03-04,827,13615,622,4497,205,9118,0,0,646,4594,181,4507,646,9101,California
Siskiyou,2021-03-05,347,13962,6,4503,330,9448,11,11,105,4471,239,4746,116,9217,California
Siskiyou,2021-03-06,43,14005,3,4506,33,9481,7,18,28,4491,15,4761,35,9252,California
Siskiyou,2021-03-07,12,14017,4,4510,0,9481,8,26,2,4491,10,4771,10,9262,California
Siskiyou,2021-03-08,367,14384,28,4538,304,9785,35,61,67,4293,300,5071,102,9364,California
Siskiyou,2021-03-09,176,14560,2,4540,120,9905,54,115,43,4257,133,5204,97,9461,California
Siskiyou,2021-03-10,222,14782,7,4547,185,10090,30,145,26,4117,196,5400,56,9517,California
Siskiyou,2021-03-11,492,15274,205,4752,240,10330,47,192,282,4237,209,5609,329,9846,California
Siskiyou,2021-03-12,653,15927,141,4893,473,10803,39,231,183,3991,468,6077,222,10068,California
Siskiyou,2021-03-13,427,16354,379,5272,25,10828,23,254,379,4345,48,6125,402,10470,California
Siskiyou,2021-03-14,19,16373,0,5272,3,10831,16,270,1,4344,18,6143,17,10487,California
Siskiyou,2021-03-15,498,16871,258,5530,176,11007,64,334,322,4554,176,6319,386,10873,California
Siskiyou,2021-03-16,258,17129,34,5564,207,11214,17,351,141,4596,116,6435,158,11031,California
Siskiyou,2021-03-17,202,17331,9,5573,185,11399,8,359,34,4470,168,6603,42,11073,California
Siskiyou,2021-03-18,928,18259,790,6363,126,11525,12,371,811,5176,117,6720,823,11896,California
Siskiyou,2021-03-19,68,18327,10,6373,45,11570,13,384,19,5159,49,6769,32,11928,California
Siskiyou,2021-03-20,30,18357,7,6380,18,11588,5,389,6,5146,24,6793,11,11939,California
Siskiyou,2021-03-21,10,18367,4,6384,1,11589,5,394,4,5149,6,6799,9,11948,California
Siskiyou,2021-03-22,208,18575,21,6405,165,11754,22,416,145,5256,60,6859,167,12115,California
Siskiyou,2021-03-23,194,18769,19,6424,166,11920,9,425,141,5352,53,6912,149,12264,California
Siskiyou,2021-03-24,142,18911,47,6471,95,12015,0,425,115,5440,27,6939,115,12379,California
Siskiyou,2021-03-25,572,19483,320,6791,249,12264,3,428,400,5671,172,7111,403,12782,California
Siskiyou,2021-03-26,305,19788,35,6826,270,12534,0,428,104,5576,199,7310,104,12886,California
Siskiyou,2021-03-27,38,19826,5,6831,28,12562,5,433,10,5563,28,7338,15,12901,California
Siskiyou,2021-03-28,8,19834,7,6838,1,12563,0,433,5,5565,3,7341,5,12906,California
Siskiyou,2021-03-29,95,19929,10,6848,83,12646,2,435,45,5562,50,7391,47,12953,California
Siskiyou,2021-03-30,101,20030,6,6854,94,12740,1,436,40,5542,61,7452,41,12994,California
Siskiyou,2021-03-31,191,20221,21,6875,167,12907,3,439,48,5454,140,7592,52,13046,California
Siskiyou,2021-04-01,830,21051,671,7546,159,13066,0,439,214,5052,616,8208,214,13260,California
Siskiyou,2021-04-02,347,21398,197,7743,146,13212,4,443,66,4843,279,8487,70,13330,California
Siskiyou,2021-04-03,26,21424,5,7748,14,13226,7,450,5,4834,21,8508,12,13342,California
Siskiyou,2021-04-04,1,21425,0,7748,1,13227,0,450,1,4835,0,8508,1,13343,California
Siskiyou,2021-04-05,438,21863,331,8079,81,13308,26,476,27,4478,410,8918,53,13396,California
Siskiyou,2021-04-06,219,22082,37,8116,129,13437,53,529,126,4565,91,9009,178,13574,California
Siskiyou,2021-04-07,117,22199,12,8128,63,13500,42,571,66,4623,51,9060,109,13683,California
Siskiyou,2021-04-08,354,22553,187,8315,126,13626,41,612,64,4438,290,9350,105,13788,California
Siskiyou,2021-04-09,546,23099,377,8692,131,13757,38,650,84,4100,461,9811,123,13911,California
Siskiyou,2021-04-10,46,23145,6,8698,3,13760,37,687,7,4105,39,9850,44,13955,California
Siskiyou,2021-04-11,8,23153,5,8703,1,13761,2,689,2,4103,6,9856,4,13959,California
Siskiyou,2021-04-12,128,23281,24,8727,103,13864,1,690,48,4072,80,9936,49,14008,California
Siskiyou,2021-04-13,208,23489,37,8764,170,14034,1,691,82,4029,126,10062,83,14091,California
Siskiyou,2021-04-14,156,23645,64,8828,92,14126,0,691,85,4045,69,10131,85,14176,California
Siskiyou,2021-04-15,1117,24762,958,9786,159,14285,0,691,437,3803,680,10811,438,14614,California
Siskiyou,2021-04-16,304,25066,210,9996,94,14379,0,691,270,4040,33,10844,270,14884,California
Siskiyou,2021-04-17,11,25077,8,10004,3,14382,0,691,7,4043,4,10848,7,14891,California
Siskiyou,2021-04-18,5,25082,3,10007,2,14384,0,691,1,4040,4,10852,1,14892,California
Siskiyou,2021-04-19,129,25211,24,10031,105,14489,0,691,47,4005,82,10934,47,14939,California
Siskiyou,2021-04-20,236,25447,5,10036,231,14720,0,691,94,3958,141,11075,94,15033,California
Siskiyou,2021-04-21,96,25543,10,10046,86,14806,0,691,27,3916,69,11144,27,15060,California
Siskiyou,2021-04-22,414,25957,301,10347,113,14919,0,691,50,3602,364,11508,50,15110,California
Siskiyou,2021-04-23,181,26138,15,10362,166,15085,0,691,159,3740,21,11529,159,15269,California
Siskiyou,2021-04-24,28,26166,4,10366,24,15109,0,691,20,3752,8,11537,20,15289,California
Siskiyou,2021-04-25,2,26168,0,10366,2,15111,0,691,2,3754,0,11537,2,15291,California
Siskiyou,2021-04-26,101,26269,5,10371,91,15202,5,696,25,3708,76,11613,30,15321,California
Siskiyou,2021-04-27,114,26383,5,10376,107,15309,2,698,87,3772,25,11638,89,15410,California
Siskiyou,2021-04-28,111,26494,8,10384,95,15404,8,706,53,3775,58,11696,61,15471,California
Siskiyou,2021-04-29,148,26642,15,10399,132,15536,1,707,30,3688,118,11814,31,15502,California
Siskiyou,2021-04-30,102,26744,20,10419,81,15617,1,708,45,3679,54,11868,45,15547,California
Siskiyou,2021-05-01,11,26755,7,10426,1,15618,3,711,7,3685,4,11872,10,15557,California
Siskiyou,2021-05-02,11,26766,5,10431,6,15624,0,711,9,3692,2,11874,9,15566,California
Siskiyou,2021-05-03,110,26876,23,10454,85,15709,2,713,47,3678,63,11937,49,15615,California
Siskiyou,2021-05-04,121,26997,6,10460,113,15822,2,715,60,3680,60,11997,62,15677,California
Siskiyou,2021-05-05,115,27112,21,10481,85,15907,9,724,39,3653,75,12072,48,15725,California
Siskiyou,2021-05-06,366,27478,296,10777,64,15971,6,730,190,3673,176,12248,196,15921,California
Siskiyou,2021-05-07,307,27785,219,10996,83,16054,5,735,31,3434,275,12523,36,15957,California
Siskiyou,2021-05-08,25,27810,4,11000,20,16074,1,736,18,3446,7,12530,19,15976,California
Siskiyou,2021-05-09,1,27811,0,11000,1,16075,0,736,0,3445,1,12531,0,15976,California
Siskiyou,2021-05-10,98,27909,67,11067,30,16105,1,737,21,3390,77,12608,22,15998,California
Siskiyou,2021-05-11,87,27996,8,11075,74,16179,5,742,51,3410,36,12644,56,16054,California
Siskiyou,2021-05-12,56,28052,4,11079,48,16227,4,746,16,3390,40,12684,20,16074,California
Siskiyou,2021-05-13,82,28134,35,11114,38,16265,9,755,37,3391,45,12729,46,16120,California
Siskiyou,2021-05-14,176,28310,82,11196,93,16358,1,756,108,3433,67,12796,109,16229,California
Siskiyou,2021-05-15,43,28353,13,11209,28,16386,2,758,36,3465,6,12802,38,16267,California
Siskiyou,2021-05-16,6,28359,2,11211,4,16390,0,758,4,3467,2,12804,4,16271,California
Siskiyou,2021-05-17,66,28425,2,11213,41,16431,23,781,11,3446,55,12859,34,16305,California
Siskiyou,2021-05-18,221,28646,83,11296,134,16565,4,785,124,3478,96,12955,128,16433,California
Siskiyou,2021-05-19,156,28802,96,11392,59,16624,1,786,124,3571,32,12987,125,16558,California
Siskiyou,2021-05-20,531,29333,428,11820,101,16725,2,788,235,3514,294,13281,237,16795,California
Siskiyou,2021-05-21,197,29530,95,11915,102,16827,0,788,109,3536,87,13368,109,16904,California
Siskiyou,2021-05-22,41,29571,19,11934,22,16849,0,788,26,3547,15,13383,26,16930,California
Siskiyou,2021-05-23,4,29575,3,11937,1,16850,0,788,2,3547,2,13385,2,16932,California
Siskiyou,2021-05-24,18,29593,3,11940,15,16865,0,788,5,3540,12,13397,5,16937,California
Siskiyou,2021-05-25,157,29750,16,11956,121,16986,20,808,50,3505,105,13502,70,17007,California
Siskiyou,2021-05-26,76,29826,19,11975,57,17043,0,808,41,3511,35,13537,41,17048,California
Siskiyou,2021-05-27,133,29959,94,12069,37,17080,2,810,57,3494,76,13613,59,17107,California
Siskiyou,2021-05-28,156,30115,60,12129,95,17175,1,811,104,3548,51,13664,105,17212,California
Siskiyou,2021-05-29,16,30131,9,12138,4,17179,3,814,5,3545,11,13675,8,17220,California
Siskiyou,2021-05-31,2,30133,1,12139,0,17179,1,815,1,3546,1,13676,2,17222,California
Siskiyou,2021-06-01,86,30219,20,12159,66,17245,0,815,29,3519,56,13732,29,17251,California
Siskiyou,2021-06-02,122,30341,33,12192,89,17334,0,815,45,3487,77,13809,45,17296,California
Siskiyou,2021-06-03,150,30491,103,12295,42,17376,5,820,34,3410,116,13925,39,17335,California
Siskiyou,2021-06-04,99,30590,76,12371,23,17399,0,820,20,3351,79,14004,20,17355,California
Siskiyou,2021-06-05,37,30627,17,12388,19,17418,1,821,15,3345,22,14026,16,17371,California
Siskiyou,2021-06-06,3,30630,2,12390,0,17418,1,822,0,3343,3,14029,1,17372,California
Siskiyou,2021-06-07,38,30668,4,12394,30,17448,4,826,26,3361,12,14041,30,17402,California
Siskiyou,2021-06-08,207,30875,92,12486,112,17560,3,829,62,3286,140,14181,65,17467,California
Siskiyou,2021-06-09,113,30988,84,12570,28,17588,1,830,31,3236,82,14263,32,17499,California
Siskiyou,2021-06-10,176,31164,144,12714,31,17619,1,831,78,3217,98,14361,79,17578,California
Siskiyou,2021-06-11,110,31274,58,12772,45,17664,7,838,22,3179,67,14428,29,17607,California
Siskiyou,2021-06-12,29,31303,6,12778,23,17687,0,838,9,3168,20,14448,9,17616,California
Siskiyou,2021-06-13,24,31327,16,12794,8,17695,0,838,2,3148,22,14470,2,17618,California
Siskiyou,2021-06-14,24,31351,4,12798,16,17711,4,842,11,3149,13,14483,14,17632,California
Siskiyou,2021-06-15,88,31439,21,12819,54,17765,13,855,33,3140,55,14538,46,17678,California
Siskiyou,2021-06-16,102,31541,23,12842,77,17842,2,857,49,3138,53,14591,51,17729,California
Siskiyou,2021-06-17,185,31726,142,12984,31,17873,12,869,39,3044,145,14736,51,17780,California
Siskiyou,2021-06-18,99,31825,64,13048,27,17900,8,877,20,2993,79,14815,28,17808,California
Siskiyou,2021-06-19,26,31851,17,13065,9,17909,0,877,12,2991,14,14829,12,17820,California
Siskiyou,2021-06-20,2,31853,1,13066,0,17909,1,878,1,2992,1,14830,2,17822,California
Siskiyou,2021-06-21,37,31890,3,13069,33,17942,1,879,27,3010,10,14840,28,17850,California
Siskiyou,2021-06-22,63,31953,22,13091,37,17979,4,883,30,3011,33,14873,34,17884,California
Siskiyou,2021-06-23,25,31978,0,13091,23,18002,2,885,4,2996,21,14894,6,17890,California
Solano,2020-12-15,4,4,4,4,0,0,0,0,4,4,0,0,4,4,California
Solano,2020-12-16,70,74,70,74,0,0,0,0,70,74,0,0,70,74,California
Solano,2020-12-17,171,245,171,245,0,0,0,0,171,245,0,0,171,245,California
Solano,2020-12-18,478,723,477,722,1,1,0,0,478,723,0,0,478,723,California
Solano,2020-12-19,521,1244,521,1243,0,1,0,0,521,1244,0,0,521,1244,California
Solano,2020-12-20,357,1601,355,1598,2,3,0,0,357,1601,0,0,357,1601,California
Solano,2020-12-21,575,2176,573,2171,2,5,0,0,575,2176,0,0,575,2176,California
Solano,2020-12-22,663,2839,630,2801,33,38,0,0,663,2839,0,0,663,2839,California
Solano,2020-12-23,865,3704,774,3575,91,129,0,0,864,3702,1,1,864,3703,California
Solano,2020-12-24,424,4128,171,3746,253,382,0,0,424,4126,0,1,424,4127,California
Solano,2020-12-25,10,4138,2,3748,8,390,0,0,10,4136,0,1,10,4137,California
Solano,2020-12-26,174,4312,48,3796,126,516,0,0,174,4310,0,1,174,4311,California
Solano,2020-12-27,106,4418,29,3825,77,593,0,0,106,4416,0,1,106,4417,California
Solano,2020-12-28,873,5291,426,4251,447,1040,0,0,873,5289,0,1,873,5290,California
Solano,2020-12-29,911,6202,377,4628,534,1574,0,0,911,6200,0,1,911,6201,California
Solano,2020-12-30,1243,7445,606,5234,637,2211,0,0,1243,7443,0,1,1243,7444,California
Solano,2020-12-31,546,7991,142,5376,404,2615,0,0,546,7989,0,1,546,7990,California
Solano,2021-01-01,14,8005,13,5389,1,2616,0,0,14,8003,0,1,14,8004,California
Solano,2021-01-02,217,8222,169,5558,48,2664,0,0,217,8220,0,1,217,8221,California
Solano,2021-01-03,57,8279,41,5599,16,2680,0,0,51,8271,0,1,51,8272,California
Solano,2021-01-04,452,8731,244,5843,208,2888,0,0,443,8712,2,3,443,8715,California
Solano,2021-01-05,735,9466,381,6224,354,3242,0,0,574,9130,156,159,574,9289,California
Solano,2021-01-06,847,10313,438,6662,409,3651,0,0,575,9435,270,429,575,9864,California
Solano,2021-01-07,1070,11383,686,7348,384,4035,0,0,592,9552,476,905,593,10457,California
Solano,2021-01-08,1151,12534,783,8131,368,4403,0,0,549,9519,584,1489,551,11008,California
Solano,2021-01-09,886,13420,763,8894,123,4526,0,0,428,9492,455,1944,428,11436,California
Solano,2021-01-10,253,13673,192,9086,61,4587,0,0,152,9543,101,2045,152,11588,California
Solano,2021-01-11,1338,15011,1125,10211,213,4800,0,0,818,9841,520,2565,818,12406,California
Solano,2021-01-12,1582,16593,1180,11391,402,5202,0,0,1025,10311,556,3121,1026,13432,California
Solano,2021-01-13,1472,18065,1006,12397,466,5668,0,0,1213,11267,257,3378,1213,14645,California
Solano,2021-01-14,1896,19961,818,13215,1078,6746,0,0,1579,12530,316,3694,1579,16224,California
Solano,2021-01-15,1724,21685,1064,14279,660,7406,0,0,1423,13652,301,3995,1423,17647,California
Solano,2021-01-16,1297,22982,906,15185,391,7797,0,0,1123,14601,174,4169,1123,18770,California
Solano,2021-01-17,1054,24036,758,15943,296,8093,0,0,1034,15616,20,4189,1035,19805,California
Solano,2021-01-18,1433,25469,857,16800,576,8669,0,0,1316,16816,117,4306,1317,21122,California
Solano,2021-01-19,1665,27134,1347,18147,318,8987,0,0,1391,17934,273,4579,1391,22513,California
Solano,2021-01-20,2051,29185,1422,19569,629,9616,0,0,1564,19014,484,5063,1564,24077,California
Solano,2021-01-21,3207,32392,1024,20593,2183,11799,0,0,2851,21510,356,5419,2852,26929,California
Solano,2021-01-22,1790,34182,854,21447,936,12735,0,0,1592,22906,197,5616,1593,28522,California
Solano,2021-01-23,745,34927,243,21690,502,13237,0,0,535,23231,211,5827,536,29058,California
Solano,2021-01-24,410,35337,64,21754,346,13583,0,0,342,23505,68,5895,342,29400,California
Solano,2021-01-25,1677,37014,632,22386,1045,14628,0,0,1117,24064,559,6454,1118,30518,California
Solano,2021-01-26,1807,38821,749,23135,1058,15686,0,0,1162,24582,645,7099,1163,31681,California
Solano,2021-01-27,1814,40635,722,23857,1092,16778,0,0,1197,25166,613,7712,1197,32878,California
Solano,2021-01-28,1974,42609,713,24570,1261,18039,0,0,1376,25946,597,8309,1377,34255,California
Solano,2021-01-29,1725,44334,783,25353,942,18981,0,0,1359,26942,363,8672,1359,35614,California
Solano,2021-01-30,939,45273,439,25792,500,19481,0,0,610,27224,329,9001,611,36225,California
Solano,2021-01-31,268,45541,176,25968,92,19573,0,0,176,27308,92,9093,176,36401,California
Solano,2021-02-01,1557,47098,1031,26999,526,20099,0,0,772,27298,782,9875,772,37173,California
Solano,2021-02-02,3378,50476,1101,28100,2277,22376,0,0,2561,29046,813,10688,2561,39734,California
Solano,2021-02-03,2279,52755,1315,29415,964,23340,0,0,1173,29116,1103,11791,1173,40907,California
Solano,2021-02-04,1807,54562,903,30318,904,24244,0,0,1077,29468,725,12516,1077,41984,California
Solano,2021-02-05,3118,57680,1422,31740,1696,25940,0,0,2108,30573,1003,13519,2108,44092,California
Solano,2021-02-06,3077,60757,1171,32911,1906,27846,0,0,2257,32014,816,14335,2257,46349,California
Solano,2021-02-07,846,61603,781,33692,65,27911,0,0,234,31638,611,14946,235,46584,California
Solano,2021-02-08,1772,63375,1243,34935,529,28440,0,0,725,31318,1045,15991,725,47309,California
Solano,2021-02-09,1958,65333,1492,36427,466,28906,0,0,702,30765,1255,17246,702,48011,California
Solano,2021-02-10,2282,67615,1504,37931,778,29684,0,0,833,30150,1448,18694,833,48844,California
Solano,2021-02-11,2538,70153,1499,39430,1039,30723,0,0,1199,30022,1328,20022,1200,50044,California
Solano,2021-02-12,4265,74418,1635,41065,2630,33353,0,0,2911,31586,1347,21369,2911,52955,California
Solano,2021-02-13,2882,77300,248,41313,2634,35987,0,0,2468,33643,411,21780,2468,55423,California
Solano,2021-02-14,732,78032,204,41517,528,36515,0,0,406,33726,324,22104,407,55830,California
Solano,2021-02-15,1275,79307,265,41782,1010,37525,0,0,654,33759,621,22725,654,56484,California
Solano,2021-02-16,2575,81882,1392,43174,1183,38708,0,0,1675,34536,899,23624,1676,58160,California
Solano,2021-02-17,3264,85146,1458,44632,1806,40514,0,0,2209,35694,1052,24676,2210,60370,California
Solano,2021-02-18,2907,88053,847,45479,2060,42574,0,0,856,34505,2045,26721,856,61226,California
Solano,2021-02-19,2474,90527,1457,46936,1017,43591,0,0,1179,34397,1289,28010,1181,62407,California
Solano,2021-02-20,2746,93273,394,47330,2352,45943,0,0,2229,36108,518,28528,2229,64636,California
Solano,2021-02-21,2331,95604,2005,49335,326,46269,0,0,2001,37784,325,28853,2001,66637,California
Solano,2021-02-22,1816,97420,1065,50400,751,47020,0,0,944,37860,869,29722,945,67582,California
Solano,2021-02-23,2955,100375,1148,51548,1807,48827,0,0,2003,38914,949,30671,2003,69585,California
Solano,2021-02-24,2540,102915,1270,52818,1270,50097,0,0,1413,39204,1124,31795,1414,70999,California
Solano,2021-02-25,2641,105556,1569,54387,1072,51169,0,0,1457,39482,1179,32974,1457,72456,California
Solano,2021-02-26,3544,109100,2272,56659,1272,52441,0,0,2096,40135,1443,34417,2096,74552,California
Solano,2021-02-27,3984,113084,1537,58196,2446,54887,1,1,3221,42602,755,35172,3222,77774,California
Solano,2021-02-28,1948,115032,1572,59768,375,55262,1,2,1618,43894,327,35499,1619,79393,California
Solano,2021-03-01,2745,117777,1222,60990,1522,56784,1,3,2070,45296,669,36168,2071,81464,California
Solano,2021-03-02,2301,120078,1407,62397,894,57678,0,3,1292,45580,1008,37176,1292,82756,California
Solano,2021-03-03,2266,122344,1274,63671,992,58670,0,3,1402,46128,855,38031,1403,84159,California
Solano,2021-03-04,4391,126735,3432,67103,957,59627,2,5,3159,48070,1222,39253,3164,87323,California
Solano,2021-03-05,4941,131676,1683,68786,3253,62880,5,10,3968,51080,963,40216,3973,91296,California
Solano,2021-03-06,3863,135539,836,69622,2988,65868,39,49,2649,52565,1203,41419,2688,93984,California
Solano,2021-03-07,3578,139117,762,70384,2806,68674,10,59,1953,52917,1612,43031,1964,95948,California
Solano,2021-03-08,2157,141274,1353,71737,535,69209,269,328,1620,54275,529,43560,1887,97835,California
Solano,2021-03-09,3242,144516,1575,73312,1612,70821,55,383,2332,55750,908,44468,2383,100218,California
Solano,2021-03-10,2432,146948,1763,75075,583,71404,86,469,1275,55958,1152,45620,1360,101578,California
Solano,2021-03-11,6044,152992,1764,76839,4026,75430,254,723,4985,60143,1055,46675,5240,106818,California
Solano,2021-03-12,6054,159046,1581,78420,4294,79724,179,902,3173,60619,2875,49550,3351,110169,California
Solano,2021-03-13,4609,163655,808,79228,3716,83440,85,987,2236,60577,2366,51916,2324,112493,California
Solano,2021-03-14,4022,167677,3137,82365,430,83870,455,1442,1555,60123,2462,54378,2008,114501,California
Solano,2021-03-15,4034,171711,2462,84827,1245,85115,327,1769,2517,61457,1508,55886,2842,117343,California
Solano,2021-03-16,3096,174807,1324,86151,1537,86652,235,2004,1569,61737,1523,57409,1803,119146,California
Solano,2021-03-17,6510,181317,1686,87837,4729,91381,95,2099,4951,65227,1556,58965,5046,124192,California
Solano,2021-03-18,5218,186535,1854,89691,3326,94707,38,2137,3747,67550,1463,60428,3786,127978,California
Solano,2021-03-19,3587,190122,2649,92340,863,95570,75,2212,1636,67319,1943,62371,1712,129690,California
Solano,2021-03-20,5585,195707,1678,94018,3852,99422,55,2267,2630,67059,2945,65316,2685,132375,California
Solano,2021-03-21,1696,197403,1587,95605,84,99506,25,2292,378,66146,1314,66630,401,132776,California
Solano,2021-03-22,2703,200106,2050,97655,602,100108,51,2343,1570,66637,1127,67757,1618,134394,California
Solano,2021-03-23,3556,203662,1679,99334,1833,101941,44,2387,1394,65918,2156,69913,1437,135831,California
Solano,2021-03-24,2842,206504,1775,101109,1032,102973,35,2422,1360,65836,1475,71388,1393,137224,California
Solano,2021-03-25,4891,211395,4004,105113,852,103825,35,2457,2277,65539,2609,73997,2312,139536,California
Solano,2021-03-26,3243,214638,2105,107218,1101,104926,37,2494,1741,65825,1492,75489,1778,141314,California
Solano,2021-03-27,4217,218855,1160,108378,3018,107944,39,2533,1658,64967,2553,78042,1695,143009,California
Solano,2021-03-28,1424,220279,1112,109490,294,108238,18,2551,539,64643,881,78923,557,143566,California
Solano,2021-03-29,3537,223816,2047,111537,1474,109712,16,2567,1550,64236,1974,80897,1567,145133,California
Solano,2021-03-30,3055,226871,2023,113560,940,110652,92,2659,1904,65082,1150,82047,1996,147129,California
Solano,2021-03-31,3153,230024,2145,115705,847,111499,161,2820,1844,65777,1306,83353,2001,149130,California
Solano,2021-04-01,5572,235596,2112,117817,3308,114807,152,2972,3516,67402,2043,85396,3668,152798,California
Solano,2021-04-02,6628,242224,2234,120051,4225,119032,169,3141,2549,66055,4063,89459,2716,155514,California
Solano,2021-04-03,1532,243756,970,121021,408,119440,154,3295,568,65814,962,90421,721,156235,California
Solano,2021-04-04,781,244537,288,121309,193,119633,300,3595,241,65819,536,90957,541,156776,California
Solano,2021-04-05,3009,247546,2057,123366,744,120377,208,3803,1517,66052,1490,92447,1723,158499,California
Solano,2021-04-06,6067,253613,1642,125008,3938,124315,487,4290,1642,63763,4416,96863,2127,160626,California
Solano,2021-04-07,5988,259601,4640,129648,947,125262,401,4691,3402,65000,2566,99429,3803,164429,California
Solano,2021-04-08,6496,266097,1801,131449,3823,129085,872,5563,1810,63017,4656,104085,2673,167102,California
Solano,2021-04-09,6318,272415,1665,133114,3803,132888,850,6413,1524,60617,4768,108853,2368,169470,California
Solano,2021-04-10,1753,274168,964,134078,452,133340,337,6750,808,60817,943,109796,1143,170613,California
Solano,2021-04-11,1239,275407,772,134850,336,133676,131,6881,642,60996,594,110390,773,171386,California
Solano,2021-04-12,3296,278703,1700,136550,1232,134908,364,7245,1350,60767,1940,112330,1711,173097,California
Solano,2021-04-13,2568,281271,1114,137664,1453,136361,1,7246,1338,60879,1227,113557,1339,174436,California
Solano,2021-04-14,6543,287814,1966,139630,4577,140938,0,7246,1853,58051,4682,118239,1854,176290,California
Solano,2021-04-15,5733,293547,2168,141798,3564,144502,1,7247,1742,55817,3977,122216,1743,178033,California
Solano,2021-04-16,3711,297258,2599,144397,1110,145612,2,7249,2301,56718,1402,123618,2303,180336,California
Solano,2021-04-17,3286,300544,1073,145470,2213,147825,0,7249,1127,55699,2148,125766,1129,181465,California
Solano,2021-04-18,1007,301551,613,146083,394,148219,0,7249,529,55751,477,126243,529,181994,California
Solano,2021-04-19,2152,303703,1168,147251,984,149203,0,7249,1166,55939,980,127223,1168,183162,California
Solano,2021-04-20,3057,306760,1866,149117,1191,150394,0,7249,1697,56283,1353,128576,1697,184859,California
Solano,2021-04-21,3829,310589,2347,151464,1482,151876,0,7249,2020,56503,1800,130376,2020,186879,California
Solano,2021-04-22,3014,313603,1504,152968,1510,153386,0,7249,1787,57067,1223,131599,1787,188666,California
Solano,2021-04-23,4179,317782,2105,155073,2074,155460,0,7249,2517,57929,1657,133256,2519,191185,California
Solano,2021-04-24,3889,321671,2343,157416,1544,157004,2,7251,2581,59290,1222,134478,2583,193768,California
Solano,2021-04-25,1429,323100,1116,158532,313,157317,0,7251,1130,60128,292,134770,1130,194898,California
Solano,2021-04-26,2594,325694,1681,160213,909,158226,4,7255,1430,60411,1151,135921,1434,196332,California
Solano,2021-04-27,2586,328280,1292,161505,1264,159490,30,7285,1463,60793,1112,137033,1494,197826,California
Solano,2021-04-28,6037,334317,4985,166490,1006,160496,46,7331,3772,62359,2252,139285,3818,201644,California
Solano,2021-04-29,4544,338861,1446,167936,3063,163559,35,7366,2048,61956,2486,141771,2083,203727,California
Solano,2021-04-30,4130,342991,2191,170127,1799,165358,140,7506,1909,61800,2205,143976,2049,205776,California
Solano,2021-05-01,2184,345175,1682,171809,302,165660,200,7706,1298,62418,880,144856,1498,207274,California
Solano,2021-05-02,1200,346375,941,172750,234,165894,25,7731,661,62570,534,145390,686,207960,California
Solano,2021-05-03,1466,347841,1018,173768,361,166255,87,7818,603,62401,860,146250,691,208651,California
Solano,2021-05-04,1813,349654,1058,174826,689,166944,66,7884,815,62286,996,147246,881,209532,California
Solano,2021-05-05,2267,351921,1422,176248,732,167676,113,7997,1087,62308,1176,148422,1198,210730,California
Solano,2021-05-06,1989,353910,1188,177436,592,168268,209,8206,722,61977,1255,149677,924,211654,California
Solano,2021-05-07,2820,356730,1964,179400,736,169004,120,8326,974,61231,1838,151515,1092,212746,California
Solano,2021-05-08,1447,358177,904,180304,427,169431,116,8442,546,60996,897,152412,662,213408,California
Solano,2021-05-09,441,358618,264,180568,166,169597,11,8453,175,60920,263,152675,187,213595,California
Solano,2021-05-10,1336,359954,610,181178,619,170216,107,8560,389,60473,942,153617,495,214090,California
Solano,2021-05-11,2292,362246,1163,182341,1040,171256,89,8649,642,59559,1645,155262,731,214821,California
Solano,2021-05-12,2136,364382,1212,183553,748,172004,176,8825,698,59008,1423,156685,872,215693,California
Solano,2021-05-13,3033,367415,2078,185631,743,172747,212,9037,1598,59386,1432,158117,1810,217503,California
Solano,2021-05-14,2423,369838,1631,187262,670,173417,122,9159,1006,59105,1409,159526,1128,218631,California
Solano,2021-05-15,3407,373245,2756,190018,566,173983,85,9244,1297,58388,2098,161624,1381,220012,California
Solano,2021-05-16,1494,374739,1098,191116,363,174346,33,9277,248,57425,1243,162867,280,220292,California
Solano,2021-05-17,2452,377191,1406,192522,959,175305,87,9364,871,56818,1561,164428,954,221246,California
Solano,2021-05-18,2914,380105,1619,194141,1206,176511,89,9453,1453,56911,1448,165876,1541,222787,California
Solano,2021-05-19,5432,385537,3876,198017,1428,177939,128,9581,2078,55773,3344,169220,2206,224993,California
Solano,2021-05-20,2605,388142,1572,199589,970,178909,63,9644,954,55148,1642,170862,1017,226010,California
Solano,2021-05-21,3550,391692,1866,201455,1616,180525,68,9712,1391,54457,2150,173012,1459,227469,California
Solano,2021-05-22,2736,394428,2108,203563,534,181059,94,9806,1152,54125,1577,174589,1245,228714,California
Solano,2021-05-23,1383,395811,1139,204702,219,181278,25,9831,748,54266,632,175221,773,229487,California
Solano,2021-05-24,1840,397651,1046,205748,721,181999,73,9904,615,53734,1219,176440,687,230174,California
Solano,2021-05-25,1621,399272,822,206570,741,182740,58,9962,587,53352,1026,177466,644,230818,California
Solano,2021-05-26,1895,401167,1088,207658,750,183490,57,10019,719,52958,1171,178637,777,231595,California
Solano,2021-05-27,2131,403298,942,208600,1114,184604,75,10094,883,52678,1237,179874,957,232552,California
Solano,2021-05-28,2016,405314,1023,209623,937,185541,56,10150,763,52253,1245,181119,820,233372,California
Solano,2021-05-29,657,405971,325,209948,301,185842,31,10181,327,52282,328,181447,357,233729,California
Solano,2021-05-30,323,406294,155,210103,143,185985,25,10206,119,52225,201,181648,144,233873,California
Solano,2021-05-31,130,406424,20,210123,101,186086,9,10215,26,52156,104,181752,35,233908,California
Solano,2021-06-01,1826,408250,1171,211294,576,186662,79,10294,756,51927,1065,182817,836,234744,California
Solano,2021-06-02,1828,410078,1289,212583,473,187135,66,10360,962,52093,859,183676,1025,235769,California
Solano,2021-06-03,2188,412266,1727,214310,378,187513,83,10443,734,51463,1448,185124,818,236587,California
Solano,2021-06-04,1650,413916,1144,215454,440,187953,66,10509,553,50989,1093,186217,619,237206,California
Solano,2021-06-05,1418,415334,1024,216478,343,188296,51,10560,474,50576,938,187155,525,237731,California
Solano,2021-06-06,671,416005,551,217029,87,188383,33,10593,381,50701,289,187444,414,238145,California
Solano,2021-06-07,1242,417247,949,217978,230,188613,63,10656,414,50354,824,188268,477,238622,California
Solano,2021-06-08,1831,419078,1322,219300,475,189088,34,10690,499,49559,1328,189596,533,239155,California
Solano,2021-06-09,1879,420957,1567,220867,250,189338,62,10752,600,48947,1273,190869,661,239816,California
Solano,2021-06-10,1218,422175,847,221714,305,189643,66,10818,394,48591,816,191685,460,240276,California
Solano,2021-06-11,1601,423776,1270,222984,265,189908,66,10884,596,48251,1001,192686,661,240937,California
Solano,2021-06-12,1198,424974,920,223904,217,190125,61,10945,209,47539,982,193668,270,241207,California
Solano,2021-06-13,607,425581,517,224421,81,190206,9,10954,118,47177,489,194157,127,241334,California
Solano,2021-06-14,1310,426891,930,225351,346,190552,34,10988,307,46521,995,195152,339,241673,California
Solano,2021-06-15,1469,428360,931,226282,487,191039,51,11039,612,46334,850,196002,663,242336,California
Solano,2021-06-16,1152,429512,766,227048,316,191355,70,11109,393,46042,754,196756,462,242798,California
Solano,2021-06-17,1221,430733,930,227978,222,191577,69,11178,436,45778,768,197524,504,243302,California
Solano,2021-06-18,1179,431912,875,228853,237,191814,67,11245,441,45553,733,198257,508,243810,California
Solano,2021-06-19,426,432338,300,229153,101,191915,25,11270,162,45480,260,198517,187,243997,California
Solano,2021-06-20,183,432521,140,229293,36,191951,7,11277,85,45474,98,198615,92,244089,California
Solano,2021-06-21,628,433149,404,229697,162,192113,62,11339,396,45701,231,198846,458,244547,California
Solano,2021-06-22,1145,434294,864,230561,236,192349,45,11384,418,45441,723,199569,463,245010,California
Solano,2021-06-23,621,434915,453,231014,112,192461,56,11440,201,45280,417,199986,256,245266,California
Sonoma,2020-12-15,4,4,4,4,0,0,0,0,4,4,0,0,4,4,California
Sonoma,2020-12-16,27,31,27,31,0,0,0,0,27,31,0,0,27,31,California
Sonoma,2020-12-17,111,142,111,142,0,0,0,0,111,142,0,0,111,142,California
Sonoma,2020-12-18,437,579,437,579,0,0,0,0,437,579,0,0,437,579,California
Sonoma,2020-12-19,113,692,112,691,1,1,0,0,113,692,0,0,113,692,California
Sonoma,2020-12-20,175,867,175,866,0,1,0,0,175,867,0,0,175,867,California
Sonoma,2020-12-21,910,1777,908,1774,2,3,0,0,909,1776,0,0,909,1776,California
Sonoma,2020-12-22,1356,3133,1265,3039,91,94,0,0,1356,3132,0,0,1356,3132,California
Sonoma,2020-12-23,1607,4740,1230,4269,377,471,0,0,1608,4740,0,0,1608,4740,California
Sonoma,2020-12-24,307,5047,102,4371,205,676,0,0,307,5047,0,0,307,5047,California
Sonoma,2020-12-25,8,5055,2,4373,6,682,0,0,8,5055,0,0,8,5055,California
Sonoma,2020-12-26,268,5323,257,4630,11,693,0,0,268,5323,0,0,268,5323,California
Sonoma,2020-12-27,94,5417,80,4710,14,707,0,0,94,5417,0,0,94,5417,California
Sonoma,2020-12-28,981,6398,547,5257,434,1141,0,0,954,6371,0,0,954,6371,California
Sonoma,2020-12-29,1136,7534,782,6039,354,1495,0,0,1102,7473,0,0,1102,7473,California
Sonoma,2020-12-30,1095,8629,481,6520,614,2109,0,0,1087,8560,0,0,1087,8560,California
Sonoma,2020-12-31,520,9149,71,6591,449,2558,0,0,521,9081,0,0,521,9081,California
Sonoma,2021-01-01,149,9298,68,6659,81,2639,0,0,149,9230,0,0,149,9230,California
Sonoma,2021-01-02,139,9437,130,6789,9,2648,0,0,139,9369,0,0,139,9369,California
Sonoma,2021-01-03,25,9462,10,6799,15,2663,0,0,25,9394,0,0,25,9394,California
Sonoma,2021-01-04,343,9805,107,6906,236,2899,0,0,342,9736,0,0,342,9736,California
Sonoma,2021-01-05,436,10241,102,7008,334,3233,0,0,410,10130,16,16,410,10146,California
Sonoma,2021-01-06,951,11192,432,7440,519,3752,0,0,836,10857,109,125,836,10982,California
Sonoma,2021-01-07,1033,12225,535,7975,498,4250,0,0,859,11543,173,298,859,11841,California
Sonoma,2021-01-08,1796,14021,1235,9210,561,4811,0,0,1311,12371,483,781,1311,13152,California
Sonoma,2021-01-09,643,14664,403,9613,240,5051,0,0,594,12916,49,830,594,13746,California
Sonoma,2021-01-10,471,15135,460,10073,11,5062,0,0,277,12999,194,1024,277,14023,California
Sonoma,2021-01-11,1388,16523,1241,11314,147,5209,0,0,415,12446,968,1992,415,14438,California
Sonoma,2021-01-12,1550,18073,1293,12607,257,5466,0,0,401,11700,1147,3139,401,14839,California
Sonoma,2021-01-13,2050,20123,1368,13975,682,6148,0,0,1182,12018,865,4004,1183,16022,California
Sonoma,2021-01-14,1542,21665,808,14783,734,6882,0,0,1313,13102,229,4233,1313,17335,California
Sonoma,2021-01-15,1564,23229,631,15414,933,7815,0,0,1340,14230,214,4447,1342,18677,California
Sonoma,2021-01-16,1153,24382,618,16032,535,8350,0,0,906,14893,243,4690,906,19583,California
Sonoma,2021-01-17,680,25062,557,16589,123,8473,0,0,600,15413,80,4770,600,20183,California
Sonoma,2021-01-18,1112,26174,941,17530,171,8644,0,0,622,15546,490,5260,623,20806,California
Sonoma,2021-01-19,2103,28277,1005,18535,1098,9742,0,0,1387,16220,714,5974,1388,22194,California
Sonoma,2021-01-20,2117,30394,640,19175,1477,11219,0,0,1445,17004,662,6636,1446,23640,California
Sonoma,2021-01-21,2293,32687,647,19822,1646,12865,0,0,2066,18846,225,6861,2067,25707,California
Sonoma,2021-01-22,2765,35452,1054,20876,1711,14576,0,0,2614,21310,150,7011,2614,28321,California
Sonoma,2021-01-23,770,36222,595,21471,175,14751,0,0,659,21859,110,7121,659,28980,California
Sonoma,2021-01-24,849,37071,715,22186,134,14885,0,0,831,22672,18,7139,831,29811,California
Sonoma,2021-01-25,2183,39254,519,22705,1664,16549,0,0,1692,23873,491,7630,1692,31503,California
Sonoma,2021-01-26,2059,41313,308,23013,1751,18300,0,0,1595,25005,463,8093,1595,33098,California
Sonoma,2021-01-27,3746,45059,1281,24294,2465,20765,0,0,3163,27590,581,8674,3166,36264,California
Sonoma,2021-01-28,4139,49198,1845,26139,2294,23059,0,0,3459,30373,677,9351,3460,39724,California
Sonoma,2021-01-29,3021,52219,1423,27562,1598,24657,0,0,2174,31703,845,10196,2175,41899,California
Sonoma,2021-01-30,2600,54819,2403,29965,197,24854,0,0,2252,33609,347,10543,2253,44152,California
Sonoma,2021-01-31,806,55625,691,30656,115,24969,0,0,575,33954,230,10773,575,44727,California
Sonoma,2021-02-01,2501,58126,862,31518,1639,26608,0,0,2115,35687,382,11155,2115,46842,California
Sonoma,2021-02-02,3608,61734,1401,32919,2207,28815,0,0,3022,38126,583,11738,3022,49864,California
Sonoma,2021-02-03,4072,65806,1333,34252,2739,31554,0,0,3125,40308,943,12681,3125,52989,California
Sonoma,2021-02-04,4242,70048,1742,35994,2500,34054,0,0,3443,42955,797,13478,3444,56433,California
Sonoma,2021-02-05,4860,74908,1761,37755,3099,37153,0,0,3805,45712,1050,14528,3807,60240,California
Sonoma,2021-02-06,2668,77576,2300,40055,368,37521,0,0,2128,47301,539,15067,2128,62368,California
Sonoma,2021-02-07,1552,79128,1414,41469,138,37659,0,0,1292,48333,260,15327,1292,63660,California
Sonoma,2021-02-08,3286,82414,1042,42511,2244,39903,0,0,2685,50418,600,15927,2685,66345,California
Sonoma,2021-02-09,3588,86002,1709,44220,1879,41782,0,0,3105,53043,481,16408,3106,69451,California
Sonoma,2021-02-10,4580,90582,2504,46724,2076,43858,0,0,3561,55592,1013,17421,3562,73013,California
Sonoma,2021-02-11,5621,96203,3037,49761,2584,46442,0,0,4418,58810,1200,18621,4418,77431,California
Sonoma,2021-02-12,5950,102153,3272,53033,2678,49120,0,0,4505,61877,1441,20062,4508,81939,California
Sonoma,2021-02-13,2011,104164,1160,54193,851,49971,0,0,1207,62283,801,20863,1207,83146,California
Sonoma,2021-02-14,2326,106490,1822,56015,504,50475,0,0,1578,63117,744,21607,1578,84724,California
Sonoma,2021-02-15,2147,108637,789,56804,1358,51833,0,0,1603,64176,544,22151,1603,86327,California
Sonoma,2021-02-16,4940,113577,2079,58883,2861,54694,0,0,3665,66571,1271,23422,3666,89993,California
Sonoma,2021-02-17,5621,119198,2916,61799,2705,57399,0,0,3579,68120,2032,25454,3581,93574,California
Sonoma,2021-02-18,6966,126164,3148,64947,3818,61217,0,0,4013,69196,2938,28392,4014,97588,California
Sonoma,2021-02-19,5586,131750,1688,66635,3898,65115,0,0,3453,70525,2126,30518,3455,101043,California
Sonoma,2021-02-20,3143,134893,2846,69481,297,65412,0,0,1226,69841,1910,32428,1226,102269,California
Sonoma,2021-02-21,549,135442,436,69917,113,65525,0,0,148,69594,395,32823,148,102417,California
Sonoma,2021-02-22,2961,138403,1405,71322,1556,67081,0,0,1227,69096,1725,34548,1227,103644,California
Sonoma,2021-02-23,3461,141864,2126,73448,1335,68416,0,0,1621,68882,1835,36383,1621,105265,California
Sonoma,2021-02-24,5725,147589,2574,76022,3151,71567,0,0,2932,69031,2784,39167,2933,108198,California
Sonoma,2021-02-25,6017,153606,2359,78381,3658,75225,0,0,3228,69494,2765,41932,3228,111426,California
Sonoma,2021-02-26,6644,160250,2932,81313,3712,78937,0,0,4213,71284,2423,44355,4213,115639,California
Sonoma,2021-02-27,4231,164481,1960,83273,2271,81208,0,0,2844,72744,1384,45739,2844,118483,California
Sonoma,2021-02-28,2504,166985,1853,85126,650,81858,1,1,761,71773,1733,47472,762,119245,California
Sonoma,2021-03-01,4137,171122,1319,86445,2817,84675,1,2,2166,71983,1958,49430,2168,121413,California
Sonoma,2021-03-02,4420,175542,1524,87969,2894,87569,2,4,2551,72676,1860,51290,2553,123966,California
Sonoma,2021-03-03,5093,180635,2646,90615,2447,90016,0,4,2340,72275,2741,54031,2340,126306,California
Sonoma,2021-03-04,5977,186612,2687,93302,3290,93306,0,4,2590,71492,3373,57404,2590,128896,California
Sonoma,2021-03-05,6509,193121,2869,96171,3625,96931,15,19,2747,70512,3743,61147,2763,131659,California
Sonoma,2021-03-06,2806,195927,1228,97399,1441,98372,137,156,1928,71705,871,62018,2064,133723,California
Sonoma,2021-03-07,1736,197663,1400,98799,300,98672,36,192,401,70810,1332,63350,437,134160,California
Sonoma,2021-03-08,4086,201749,665,99464,3246,101918,175,367,2391,71691,1683,65033,2564,136724,California
Sonoma,2021-03-09,5619,207368,3094,102558,2257,104175,268,635,2750,71838,2858,67891,3005,139729,California
Sonoma,2021-03-10,6051,213419,3216,105774,2485,106660,350,985,2445,71041,3590,71481,2793,142522,California
Sonoma,2021-03-11,7567,220986,3028,108802,3715,110375,824,1809,2575,69462,4976,76457,3397,145919,California
Sonoma,2021-03-12,7430,228416,2270,111072,3796,114171,1364,3173,2094,67605,5310,81767,3453,149372,California
Sonoma,2021-03-13,3449,231865,1712,112784,1498,115669,239,3412,2014,68420,1433,83200,2248,151620,California
Sonoma,2021-03-14,1402,233267,391,113175,868,116537,143,3555,851,68866,548,83748,994,152614,California
Sonoma,2021-03-15,5259,238526,1521,114696,3351,119888,387,3942,2178,68365,3064,86812,2563,155177,California
Sonoma,2021-03-16,6328,244854,2271,116967,3826,123714,231,4173,2905,68083,3416,90228,3134,158311,California
Sonoma,2021-03-17,6799,251653,3546,120513,3074,126788,179,4352,3294,68063,3491,93719,3471,161782,California
Sonoma,2021-03-18,7158,258811,2952,123465,3591,130379,615,4967,3129,67784,4018,97737,3739,165521,California
Sonoma,2021-03-19,7527,266338,3264,126729,4032,134411,231,5198,3059,66632,4446,102183,3294,168815,California
Sonoma,2021-03-20,3731,270069,1760,128489,1147,135558,824,6022,2021,67770,1702,103885,2840,171655,California
Sonoma,2021-03-21,1398,271467,612,129101,751,136309,35,6057,1209,68831,183,104068,1244,172899,California
Sonoma,2021-03-22,4577,276044,3119,132220,1358,137667,100,6157,3331,71022,1240,105308,3431,176330,California
Sonoma,2021-03-23,5873,281917,3637,135857,2162,139829,74,6231,4426,74086,1437,106745,4501,180831,California
Sonoma,2021-03-24,6836,288753,4282,140139,2479,142308,75,6306,4162,75669,2652,109397,4235,185066,California
Sonoma,2021-03-25,7139,295892,4203,144342,2825,145133,111,6417,4295,77261,2816,112213,4408,189474,California
Sonoma,2021-03-26,7468,303360,3476,147818,3898,149031,94,6511,3821,77555,3620,115833,3914,193388,California
Sonoma,2021-03-27,3870,307230,1515,149333,1993,151024,362,6873,998,76052,2860,118693,1357,194745,California
Sonoma,2021-03-28,1518,308748,953,150286,537,151561,28,6901,800,76164,714,119407,826,195571,California
Sonoma,2021-03-29,2979,311727,1111,151397,1835,153396,33,6934,1540,76307,1430,120837,1573,197144,California
Sonoma,2021-03-30,5877,317604,3229,154626,2585,155981,63,6997,3060,76622,2808,123645,3123,200267,California
Sonoma,2021-03-31,5647,323251,3418,158044,2012,157993,217,7214,3247,77701,2385,126030,3464,203731,California
Sonoma,2021-04-01,6964,330215,4077,162121,2542,160535,345,7559,3781,78661,3156,129186,4116,207847,California
Sonoma,2021-04-02,5970,336185,3573,165694,2287,162822,110,7669,3580,79971,2379,131565,3689,211536,California
Sonoma,2021-04-03,3660,339845,1823,167517,1610,164432,227,7896,1601,79750,2046,133611,1825,213361,California
Sonoma,2021-04-04,1067,340912,693,168210,283,164715,91,7987,648,80075,414,134025,739,214100,California
Sonoma,2021-04-05,4448,345360,661,168871,3439,168154,348,8335,1672,79327,2768,136793,2020,216120,California
Sonoma,2021-04-06,6936,352296,3514,172385,3010,171164,412,8747,4030,80877,2890,139683,4440,220560,California
Sonoma,2021-04-07,6855,359151,3871,176256,2139,173303,845,9592,3336,81548,3502,143185,4173,224733,California
Sonoma,2021-04-08,7680,366831,4152,180408,2751,176054,777,10369,4201,83053,3468,146653,4973,229706,California
Sonoma,2021-04-09,6871,373702,3834,184242,2146,178200,891,11260,3534,84147,3323,149976,4417,234123,California
Sonoma,2021-04-10,3924,377626,1709,185951,1653,179853,562,11822,1155,83101,2756,152732,1710,235833,California
Sonoma,2021-04-11,1292,378918,613,186564,597,180450,82,11904,440,82772,851,153583,522,236355,California
Sonoma,2021-04-12,4969,383887,2068,188632,2414,182864,487,12391,1854,82005,3101,156684,2334,238689,California
Sonoma,2021-04-13,7933,391820,4674,193306,3255,186119,4,12395,3048,80184,4872,161556,3051,241740,California
Sonoma,2021-04-14,6658,398478,3788,197094,2849,188968,21,12416,2572,78704,4071,165627,2591,244331,California
Sonoma,2021-04-15,7499,405977,4286,201380,3213,192181,0,12416,3658,78538,3825,169452,3659,247990,California
Sonoma,2021-04-16,6882,412859,3464,204844,3416,195597,2,12418,3907,79485,2963,172415,3910,251900,California
Sonoma,2021-04-17,3525,416384,1830,206674,1695,197292,0,12418,1687,79354,1819,174234,1688,253588,California
Sonoma,2021-04-18,1379,417763,980,207654,399,197691,0,12418,537,79050,841,175075,537,254125,California
Sonoma,2021-04-19,3327,421090,1888,209542,1438,199129,1,12419,1453,78635,1869,176944,1454,255579,California
Sonoma,2021-04-20,6336,427426,3507,213049,2828,201957,1,12420,2371,77057,3952,180896,2374,257953,California
Sonoma,2021-04-21,6702,434128,4288,217337,2412,204369,2,12422,3092,76562,3588,184484,3093,261046,California
Sonoma,2021-04-22,6326,440454,4500,221837,1825,206194,1,12423,2539,75332,3769,188253,2539,263585,California
Sonoma,2021-04-23,7450,447904,4639,226476,2804,208998,7,12430,3627,75158,3809,192062,3635,267220,California
Sonoma,2021-04-24,2783,450687,1515,227991,1254,210252,14,12444,1548,75490,1230,193292,1562,268782,California
Sonoma,2021-04-25,1086,451773,789,228780,297,210549,0,12444,431,75269,652,193944,431,269213,California
Sonoma,2021-04-26,2944,454717,1418,230198,1498,212047,28,12472,1615,75591,1321,195265,1643,270856,California
Sonoma,2021-04-27,5493,460210,3731,233929,1638,213685,124,12596,2250,74733,3231,198496,2373,273229,California
Sonoma,2021-04-28,4909,465119,3231,237160,1478,215163,200,12796,2099,74234,2793,201289,2294,275523,California
Sonoma,2021-04-29,5089,470208,3590,240750,1354,216517,145,12941,1908,73118,3169,204458,2053,277576,California
Sonoma,2021-04-30,5456,475664,3627,244377,1533,218050,296,13237,1808,71589,3632,208090,2103,279679,California
Sonoma,2021-05-01,2491,478155,1783,246160,603,218653,105,13342,1233,71673,1250,209340,1334,281013,California
Sonoma,2021-05-02,871,479026,650,246810,170,218823,51,13393,554,71962,317,209657,606,281619,California
Sonoma,2021-05-03,3179,482205,1680,248490,1354,220177,145,13538,1042,71021,2126,211783,1185,282804,California
Sonoma,2021-05-04,4589,486794,2409,250899,2002,222179,178,13716,1454,69537,3112,214895,1628,284432,California
Sonoma,2021-05-05,3675,490469,2180,253079,1301,223480,194,13910,1305,68678,2356,217251,1497,285929,California
Sonoma,2021-05-06,4566,495035,2410,255489,2029,225509,127,14037,1298,66896,3204,220455,1422,287351,California
Sonoma,2021-05-07,3609,498644,2325,257814,1161,226670,123,14160,1089,65601,2507,222962,1212,288563,California
Sonoma,2021-05-08,1883,500527,1278,259092,513,227183,92,14252,669,65160,1202,224164,761,289324,California
Sonoma,2021-05-09,499,501026,285,259377,173,227356,41,14293,161,65029,333,224497,202,289526,California
Sonoma,2021-05-10,2315,503341,1038,260415,1144,228500,133,14426,287,63434,2012,226509,417,289943,California
Sonoma,2021-05-11,3576,506917,1933,262348,1520,230020,123,14549,879,61757,2679,229188,1002,290945,California
Sonoma,2021-05-12,4029,510946,2497,264845,1380,231400,152,14701,849,59589,3168,232356,1000,291945,California
Sonoma,2021-05-13,4926,515872,2833,267678,1963,233363,130,14831,1652,58108,3261,235617,1780,293725,California
Sonoma,2021-05-14,5801,521673,3601,271279,2062,235425,138,14969,2205,56870,3582,239199,2344,296069,California
Sonoma,2021-05-15,2940,524613,2158,273437,719,236144,63,15032,1843,57687,1089,240288,1906,297975,California
Sonoma,2021-05-16,1321,525934,1104,274541,158,236302,59,15091,983,58395,334,240622,1042,299017,California
Sonoma,2021-05-17,2441,528375,1814,276355,532,236834,95,15186,893,57838,1543,242165,986,300003,California
Sonoma,2021-05-18,4334,532709,2859,279214,1366,238200,109,15295,1466,56563,2849,245014,1574,301577,California
Sonoma,2021-05-19,3749,536458,2415,281629,1219,239419,115,15410,1486,55918,2247,247261,1602,303179,California
Sonoma,2021-05-20,3378,539836,2246,283875,1038,240457,94,15504,1335,55312,2030,249291,1424,304603,California
Sonoma,2021-05-21,4205,544041,2395,286270,1681,242138,129,15633,1506,54256,2676,251967,1620,306223,California
Sonoma,2021-05-22,2336,546377,1282,287552,1014,243152,40,15673,670,53312,1654,253621,710,306933,California
Sonoma,2021-05-23,1484,547861,1212,288764,254,243406,18,15691,775,53402,703,254324,793,307726,California
Sonoma,2021-05-24,1961,549822,1244,290008,585,243991,132,15823,643,52888,1289,255613,775,308501,California
Sonoma,2021-05-25,2917,552739,1798,291806,1031,245022,88,15911,742,51555,2161,257774,828,309329,California
Sonoma,2021-05-26,2477,555216,1727,293533,639,245661,111,16022,1000,51199,1464,259238,1108,310437,California
Sonoma,2021-05-27,2077,557293,1139,294672,841,246502,97,16119,699,50624,1369,260607,794,311231,California
Sonoma,2021-05-28,2141,559434,1125,295797,923,247425,93,16212,617,49822,1512,262119,710,311941,California
Sonoma,2021-05-29,1343,560777,919,296716,356,247781,68,16280,651,49860,681,262800,719,312660,California
Sonoma,2021-05-30,346,561123,212,296928,122,247903,12,16292,137,49804,204,263004,148,312808,California
Sonoma,2021-05-31,71,561194,26,296954,44,247947,1,16293,17,49768,54,263058,18,312826,California
Sonoma,2021-06-01,1931,563125,1111,298065,744,248691,76,16369,708,49338,1210,264268,780,313606,California
Sonoma,2021-06-02,1581,564706,969,299034,497,249188,115,16484,663,49202,913,265181,777,314383,California
Sonoma,2021-06-03,1988,566694,1381,300415,528,249716,79,16563,442,48185,1537,266718,520,314903,California
Sonoma,2021-06-04,2698,569392,2205,302620,386,250102,107,16670,520,46642,2169,268887,626,315529,California
Sonoma,2021-06-05,1816,571208,1491,304111,294,250396,31,16701,299,45460,1512,270399,330,315859,California
Sonoma,2021-06-06,1012,572220,936,305047,67,250463,9,16710,157,44774,852,271251,166,316025,California
Sonoma,2021-06-07,1467,573687,1237,306284,175,250638,55,16765,332,44031,1127,272378,384,316409,California
Sonoma,2021-06-08,1891,575578,1522,307806,323,250961,46,16811,533,43263,1346,273724,578,316987,California
Sonoma,2021-06-09,1638,577216,1354,309160,222,251183,62,16873,388,42477,1236,274960,450,317437,California
Sonoma,2021-06-10,1833,579049,1506,310666,223,251406,104,16977,560,41879,1260,276220,662,318099,California
Sonoma,2021-06-11,1985,581034,1632,312298,262,251668,91,17068,542,41076,1436,277656,633,318732,California
Sonoma,2021-06-12,1128,582162,890,313188,191,251859,47,17115,355,40712,767,278423,403,319135,California
Sonoma,2021-06-13,553,582715,465,313653,70,251929,18,17133,105,40387,448,278871,123,319258,California
Sonoma,2021-06-14,942,583657,676,314329,206,252135,60,17193,347,40206,587,279458,406,319664,California
Sonoma,2021-06-15,1840,585497,1380,315709,352,252487,108,17301,607,39695,1225,280683,714,320378,California
Sonoma,2021-06-16,1559,587056,1208,316917,252,252739,99,17400,501,39240,1053,281736,598,320976,California
Sonoma,2021-06-17,1026,588082,784,317701,167,252906,75,17475,406,39104,616,282352,480,321456,California
Sonoma,2021-06-18,1059,589141,771,318472,193,253099,95,17570,451,39049,598,282950,543,321999,California
Sonoma,2021-06-19,830,589971,686,319158,106,253205,38,17608,274,38807,553,283503,311,322310,California
Sonoma,2021-06-20,243,590214,199,319357,37,253242,7,17615,83,38740,157,283660,90,322400,California
Sonoma,2021-06-21,520,590734,306,319663,145,253387,69,17684,255,38807,256,283916,323,322723,California
Sonoma,2021-06-22,1229,591963,977,320640,164,253551,88,17772,575,38818,649,284565,660,323383,California
Sonoma,2021-06-23,868,592831,676,321316,115,253666,77,17849,335,38702,528,285093,412,323795,California
Stanislaus,2020-12-15,5,5,5,5,0,0,0,0,5,5,0,0,5,5,California
Stanislaus,2020-12-16,38,43,38,43,0,0,0,0,38,43,0,0,38,43,California
Stanislaus,2020-12-17,74,117,74,117,0,0,0,0,74,117,0,0,74,117,California
Stanislaus,2020-12-18,343,460,337,454,6,6,0,0,343,460,0,0,343,460,California
Stanislaus,2020-12-19,134,594,134,588,0,6,0,0,134,594,0,0,134,594,California
Stanislaus,2020-12-20,87,681,87,675,0,6,0,0,87,681,0,0,87,681,California
Stanislaus,2020-12-21,999,1680,998,1673,1,7,0,0,998,1679,1,1,999,1680,California
Stanislaus,2020-12-22,796,2476,784,2457,12,19,0,0,796,2475,0,1,796,2476,California
Stanislaus,2020-12-23,449,2925,430,2887,19,38,0,0,448,2923,1,2,449,2925,California
Stanislaus,2020-12-24,98,3023,89,2976,9,47,0,0,98,3021,0,2,98,3023,California
Stanislaus,2020-12-26,53,3076,9,2985,44,91,0,0,53,3074,0,2,53,3076,California
Stanislaus,2020-12-27,11,3087,6,2991,5,96,0,0,11,3085,0,2,11,3087,California
Stanislaus,2020-12-28,490,3577,396,3387,94,190,0,0,490,3575,0,2,490,3577,California
Stanislaus,2020-12-29,499,4076,415,3802,84,274,0,0,499,4074,0,2,499,4076,California
Stanislaus,2020-12-30,538,4614,281,4083,257,531,0,0,537,4610,1,3,537,4613,California
Stanislaus,2020-12-31,282,4896,158,4241,124,655,0,0,282,4892,0,3,282,4895,California
Stanislaus,2021-01-01,16,4912,7,4248,9,664,0,0,16,4908,0,3,16,4911,California
Stanislaus,2021-01-02,34,4946,26,4274,8,672,0,0,34,4942,0,3,34,4945,California
Stanislaus,2021-01-03,90,5036,87,4361,3,675,0,0,90,5032,0,3,90,5035,California
Stanislaus,2021-01-04,232,5268,152,4513,80,755,0,0,232,5264,0,3,232,5267,California
Stanislaus,2021-01-05,844,6112,349,4862,495,1250,0,0,818,6065,25,28,826,6093,California
Stanislaus,2021-01-06,1010,7122,605,5467,405,1655,0,0,932,6928,75,103,938,7031,California
Stanislaus,2021-01-07,1081,8203,705,6172,376,2031,0,0,888,7631,188,291,891,7922,California
Stanislaus,2021-01-08,1280,9483,722,6894,558,2589,0,0,932,8225,345,636,939,8861,California
Stanislaus,2021-01-09,288,9771,143,7037,145,2734,0,0,198,8333,90,726,198,9059,California
Stanislaus,2021-01-10,49,9820,22,7059,27,2761,0,0,29,8342,20,746,29,9088,California
Stanislaus,2021-01-11,1502,11322,1217,8276,285,3046,0,0,574,8012,922,1668,592,9680,California
Stanislaus,2021-01-12,1479,12801,867,9143,612,3658,0,0,833,8217,642,2310,847,10527,California
Stanislaus,2021-01-13,1451,14252,691,9834,760,4418,0,0,1125,9029,325,2635,1137,11664,California
Stanislaus,2021-01-14,2247,16499,287,10121,1960,6378,0,0,2064,10992,180,2815,2143,13807,California
Stanislaus,2021-01-15,2836,19335,1166,11287,1670,8048,0,0,2673,13593,159,2974,2760,16567,California
Stanislaus,2021-01-16,474,19809,50,11337,424,8472,0,0,455,14032,18,2992,457,17024,California
Stanislaus,2021-01-17,244,20053,202,11539,42,8514,0,0,237,14263,6,2998,237,17261,California
Stanislaus,2021-01-18,2190,22243,1023,12562,1167,9681,0,0,1793,15744,392,3390,1873,19134,California
Stanislaus,2021-01-19,1256,23499,724,13286,532,10213,0,0,806,16105,446,3836,807,19941,California
Stanislaus,2021-01-20,1013,24512,490,13776,523,10736,0,0,716,16526,295,4131,716,20657,California
Stanislaus,2021-01-21,3700,28212,2980,16756,720,11456,0,0,3358,19665,338,4469,3477,24134,California
Stanislaus,2021-01-22,1101,29313,311,17067,790,12246,0,0,1056,20683,41,4510,1059,25193,California
Stanislaus,2021-01-23,361,29674,44,17111,317,12563,0,0,302,20928,58,4568,303,25496,California
Stanislaus,2021-01-24,301,29975,98,17209,203,12766,0,0,235,21099,66,4634,237,25733,California
Stanislaus,2021-01-25,3166,33141,229,17438,2937,15703,0,0,2823,23777,307,4941,2985,28718,California
Stanislaus,2021-01-26,1738,34879,749,18187,989,16692,0,0,1299,24662,432,5373,1317,30035,California
Stanislaus,2021-01-27,1904,36783,1059,19246,845,17537,0,0,1190,25189,665,6038,1192,31227,California
Stanislaus,2021-01-28,2218,39001,1516,20762,702,18239,0,0,1722,26488,487,6525,1786,33013,California
Stanislaus,2021-01-29,2459,41460,1205,21967,1254,19493,0,0,1918,27965,494,7019,1971,34984,California
Stanislaus,2021-01-30,299,41759,135,22102,164,19657,0,0,232,28141,56,7075,232,35216,California
Stanislaus,2021-01-31,370,42129,315,22417,55,19712,0,0,355,28484,12,7087,355,35571,California
Stanislaus,2021-02-01,1298,43427,583,23000,715,20427,0,0,937,29074,348,7435,938,36509,California
Stanislaus,2021-02-02,1215,44642,347,23347,868,21295,0,0,775,29423,430,7865,779,37288,California
Stanislaus,2021-02-03,2626,47268,1239,24586,1387,22682,0,0,1921,30660,700,8565,1937,39225,California
Stanislaus,2021-02-04,2098,49366,713,25299,1385,24067,0,0,1581,31744,505,9070,1589,40814,California
Stanislaus,2021-02-05,2862,52228,1476,26775,1386,25453,0,0,1594,32150,1202,10272,1608,42422,California
Stanislaus,2021-02-06,884,53112,299,27074,585,26038,0,0,693,32656,189,10461,695,43117,California
Stanislaus,2021-02-07,232,53344,207,27281,25,26063,0,0,43,32514,186,10647,44,43161,California
Stanislaus,2021-02-08,2049,55393,1341,28622,708,26771,0,0,1103,32740,905,11552,1131,44292,California
Stanislaus,2021-02-09,1851,57244,787,29409,1064,27835,0,0,1049,33024,776,12328,1060,45352,California
Stanislaus,2021-02-10,1947,59191,536,29945,1411,29246,0,0,1019,33140,905,13233,1021,46373,California
Stanislaus,2021-02-11,5415,64606,3280,33225,2135,31381,0,0,1233,30436,3944,17177,1240,47613,California
Stanislaus,2021-02-12,3312,67918,919,34144,2393,33774,0,0,1457,30134,1769,18946,1467,49080,California
Stanislaus,2021-02-13,1360,69278,654,34798,706,34480,0,0,984,30754,369,19315,989,50069,California
Stanislaus,2021-02-14,424,69702,171,34969,253,34733,0,0,352,31036,70,19385,352,50421,California
Stanislaus,2021-02-15,1824,71526,233,35202,1591,36324,0,0,585,30504,1122,20507,590,51011,California
Stanislaus,2021-02-16,1366,72892,424,35626,942,37266,0,0,582,30316,772,21279,584,51595,California
Stanislaus,2021-02-17,2766,75658,1697,37323,1069,38335,0,0,1924,31418,835,22114,1937,53532,California
Stanislaus,2021-02-18,3378,79036,1908,39231,1470,39805,0,0,1776,31728,1511,23625,1821,55353,California
Stanislaus,2021-02-19,2779,81815,1083,40314,1696,41501,0,0,1518,32058,1212,24837,1542,56895,California
Stanislaus,2021-02-20,755,82570,384,40698,371,41872,0,0,476,32276,259,25096,477,57372,California
Stanislaus,2021-02-21,910,83480,695,41393,215,42087,0,0,544,32491,341,25437,556,57928,California
Stanislaus,2021-02-22,2357,85837,1703,43096,654,42741,0,0,1638,33432,698,26135,1639,59567,California
Stanislaus,2021-02-23,3749,89586,678,43774,3071,45812,0,0,1737,33341,1840,27975,1749,61316,California
Stanislaus,2021-02-24,4197,93783,2863,46637,1334,47146,0,0,3122,35416,1050,29025,3125,64441,California
Stanislaus,2021-02-25,3968,97751,2724,49361,1244,48390,0,0,3159,37789,789,29814,3162,67603,California
Stanislaus,2021-02-26,4228,101979,1220,50581,3008,51398,0,0,2844,39319,1326,31140,2856,70459,California
Stanislaus,2021-02-27,2099,104078,712,51293,1386,52784,1,1,1864,40979,206,31346,1866,72325,California
Stanislaus,2021-02-28,830,104908,263,51556,567,53351,0,1,777,41716,41,31387,778,73103,California
Stanislaus,2021-03-01,3086,107994,1649,53205,1432,54783,5,6,1667,42028,1371,32758,1683,74786,California
Stanislaus,2021-03-02,2403,110397,1429,54634,973,55756,1,7,1663,42970,724,33482,1666,76452,California
Stanislaus,2021-03-03,3725,114122,2239,56873,1482,57238,4,11,2909,45084,798,34280,2912,79364,California
Stanislaus,2021-03-04,5462,119584,3118,59991,2328,59566,16,27,4201,48072,1225,35505,4213,83577,California
Stanislaus,2021-03-05,4095,123679,1126,61117,2953,62519,16,43,3093,50208,972,36477,3108,86685,California
Stanislaus,2021-03-06,3594,127273,2238,63355,1263,63782,93,136,2738,52189,852,37329,2833,89518,California
Stanislaus,2021-03-07,856,128129,390,63745,430,64212,36,172,667,52708,184,37513,703,90221,California
Stanislaus,2021-03-08,2011,130140,871,64616,1051,65263,89,261,1340,53486,651,38164,1429,91650,California
Stanislaus,2021-03-09,2646,132786,1004,65620,1550,66813,92,353,1651,54251,982,39146,1747,93397,California
Stanislaus,2021-03-10,5510,138296,2698,68318,2585,69398,227,580,3770,56541,1718,40864,4008,97405,California
Stanislaus,2021-03-11,6132,144428,3346,71664,2310,71708,476,1056,4139,59348,1812,42676,4619,102024,California
Stanislaus,2021-03-12,6261,150689,1357,73021,2975,74683,1929,2985,2946,60932,3287,45963,4871,106895,California
Stanislaus,2021-03-13,3705,154394,2315,75336,1319,76002,71,3056,2823,62960,873,46836,2901,109796,California
Stanislaus,2021-03-14,993,155387,594,75930,347,76349,52,3108,490,63003,500,47336,543,110339,California
Stanislaus,2021-03-15,3800,159187,1984,77914,1455,77804,361,3469,1650,62967,2053,49389,2017,112356,California
Stanislaus,2021-03-16,5088,164275,2499,80413,2152,79956,437,3906,3657,65651,1408,50797,4092,116448,California
Stanislaus,2021-03-17,4887,169162,2904,83317,1805,81761,178,4084,2946,66875,1904,52701,3128,119576,California
Stanislaus,2021-03-18,5533,174695,3451,86768,2012,83773,70,4154,3021,67614,2357,55058,3096,122672,California
Stanislaus,2021-03-19,6026,180721,1581,88349,2922,86695,1523,5677,3190,69528,2794,57852,4708,127380,California
Stanislaus,2021-03-20,3875,184596,3037,91386,770,87465,68,5745,3378,72502,473,58325,3447,130827,California
Stanislaus,2021-03-21,1015,185611,907,92293,42,87507,66,5811,768,73096,240,58565,834,131661,California
Stanislaus,2021-03-22,3006,188617,1391,93684,889,88396,726,6537,1406,73659,1570,60135,2133,133794,California
Stanislaus,2021-03-23,4103,192720,2097,95781,1747,90143,259,6796,2957,75766,1128,61263,3235,137029,California
Stanislaus,2021-03-24,4683,197403,3265,99046,1340,91483,78,6874,2750,76713,1884,63147,2831,139860,California
Stanislaus,2021-03-25,4398,201801,2986,102032,1395,92878,17,6891,1954,76320,2365,65512,1972,141832,California
Stanislaus,2021-03-26,4917,206718,1399,103431,3444,96322,74,6965,2522,76568,2361,67873,2609,144441,California
Stanislaus,2021-03-27,4429,211147,2757,106188,1588,97910,84,7049,1394,75037,3017,70890,1486,145927,California
Stanislaus,2021-03-28,1113,212260,443,106631,562,98472,108,7157,322,74696,777,71667,436,146363,California
Stanislaus,2021-03-29,3156,215416,1835,108466,1282,99754,39,7196,2148,75891,998,72665,2193,148556,California
Stanislaus,2021-03-30,3837,219253,2072,110538,1739,101493,26,7222,2380,76857,1446,74111,2412,150968,California
Stanislaus,2021-03-31,5573,224826,3861,114399,1591,103084,121,7343,2906,77242,2646,76757,3031,153999,California
Stanislaus,2021-04-01,5890,230716,3851,118250,1940,105024,99,7442,2749,76987,3114,79871,2859,156858,California
Stanislaus,2021-04-02,5160,235876,1219,119469,3773,108797,168,7610,2363,76826,2703,82574,2542,159400,California
Stanislaus,2021-04-03,4682,240558,3432,122901,1214,110011,36,7646,2267,76738,2404,84978,2316,161716,California
Stanislaus,2021-04-04,1326,241884,475,123376,821,110832,30,7676,651,76758,666,85644,686,162402,California
Stanislaus,2021-04-05,3746,245630,2551,125927,936,111768,259,7935,2436,78157,1300,86944,2699,165101,California
Stanislaus,2021-04-06,5936,251566,4221,130148,1430,113198,285,8220,3213,78954,2707,89651,3504,168605,California
Stanislaus,2021-04-07,6499,258065,3652,133800,2411,115609,436,8656,2920,78756,3561,93212,3363,171968,California
Stanislaus,2021-04-08,5861,263926,3413,137213,2003,117612,445,9101,2904,79179,2928,96140,3351,175319,California
Stanislaus,2021-04-09,4978,268904,2164,139377,2435,120047,379,9480,2283,79188,2666,98806,2675,177994,California
Stanislaus,2021-04-10,6514,275418,3998,143375,877,120924,1639,11119,2002,78338,4485,103291,3635,181629,California
Stanislaus,2021-04-11,1529,276947,855,144230,541,121465,133,11252,672,78290,854,104145,806,182435,California
Stanislaus,2021-04-12,3776,280723,2116,146346,1211,122676,449,11701,1964,78933,1780,105925,2423,184858,California
Stanislaus,2021-04-13,5387,286110,3494,149840,1879,124555,14,11715,2985,79573,2353,108278,2993,187851,California
Stanislaus,2021-04-14,4811,290921,3334,153174,1475,126030,2,11717,2358,79524,2413,110691,2364,190215,California
Stanislaus,2021-04-15,5542,296463,3384,156558,2155,128185,3,11720,3279,80598,2209,112900,3283,193498,California
Stanislaus,2021-04-16,4461,300924,1056,157614,3404,131589,1,11721,1871,79937,2535,115435,1874,195372,California
Stanislaus,2021-04-17,3173,304097,2133,159747,1040,132629,0,11721,1842,80464,1317,116752,1844,197216,California
Stanislaus,2021-04-18,543,304640,225,159972,316,132945,2,11723,412,80755,124,116876,415,197631,California
Stanislaus,2021-04-19,3607,308247,2456,162428,1149,134094,2,11725,1666,80530,1899,118775,1674,199305,California
Stanislaus,2021-04-20,4075,312322,2431,164859,1644,135738,0,11725,1758,80013,2277,121052,1760,201065,California
Stanislaus,2021-04-21,3910,316232,2566,167425,1343,137081,1,11726,1613,79388,2245,123297,1620,202685,California
Stanislaus,2021-04-22,4066,320298,2416,169841,1650,138731,0,11726,1627,78628,2391,125688,1631,204316,California
Stanislaus,2021-04-23,3727,324025,852,170693,2874,141605,1,11727,1536,78078,2094,127782,1544,205860,California
Stanislaus,2021-04-24,3871,327896,2948,173641,923,142528,0,11727,1858,77946,1995,129777,1863,207723,California
Stanislaus,2021-04-25,939,328835,483,174124,456,142984,0,11727,688,78393,245,130022,692,208415,California
Stanislaus,2021-04-26,3601,332436,2401,176525,1194,144178,6,11733,1148,77126,2426,132448,1159,209574,California
Stanislaus,2021-04-27,4220,336656,2835,179360,1337,145515,48,11781,1242,75476,2944,135392,1294,210868,California
Stanislaus,2021-04-28,4464,341120,3069,182429,1333,146848,62,11843,1925,74953,2517,137909,1994,212862,California
Stanislaus,2021-04-29,3879,344999,2358,184787,1473,148321,48,11891,1524,74203,2332,140241,1582,214444,California
Stanislaus,2021-04-30,4737,349736,2098,186885,2555,150876,84,11975,1878,73336,2836,143077,1969,216413,California
Stanislaus,2021-05-01,2719,352455,1932,188817,746,151622,41,12016,1020,72715,1690,144767,1069,217482,California
Stanislaus,2021-05-02,1084,353539,621,189438,425,152047,38,12054,524,72730,554,145321,569,218051,California
Stanislaus,2021-05-03,2551,356090,1990,191428,490,152537,71,12125,982,72233,1553,146874,1056,219107,California
Stanislaus,2021-05-04,3676,359766,2516,193944,1066,153603,94,12219,1163,71000,2499,149373,1266,220373,California
Stanislaus,2021-05-05,3330,363096,2182,196126,1073,154676,75,12294,1155,70078,2155,151528,1233,221606,California
Stanislaus,2021-05-06,3626,366722,2720,198846,782,155458,124,12418,1104,68815,2497,154025,1234,222840,California
Stanislaus,2021-05-07,2506,369228,961,199807,1383,156841,162,12580,1047,68579,1447,155472,1211,224051,California
Stanislaus,2021-05-08,1965,371193,1349,201156,583,157424,33,12613,714,68099,1234,156706,754,224805,California
Stanislaus,2021-05-09,714,371907,342,201498,346,157770,26,12639,309,68032,403,157109,336,225141,California
Stanislaus,2021-05-10,1791,373698,1141,202639,553,158323,97,12736,484,67319,1296,158405,583,225724,California
Stanislaus,2021-05-11,2496,376194,1547,204186,789,159112,160,12896,739,66478,1745,160150,904,226628,California
Stanislaus,2021-05-12,2380,378574,1353,205539,918,160030,109,13005,942,66108,1423,161573,1053,227681,California
Stanislaus,2021-05-13,2072,380646,1185,206724,769,160799,118,13123,954,66073,1109,162682,1074,228755,California
Stanislaus,2021-05-14,2744,383390,1228,207952,1377,162176,139,13262,1295,66080,1429,164111,1436,230191,California
Stanislaus,2021-05-15,2490,385880,1773,209725,667,162843,50,13312,1208,66075,1272,165383,1267,231458,California
Stanislaus,2021-05-16,1024,386904,667,210392,349,163192,8,13320,559,66184,462,165845,571,232029,California
Stanislaus,2021-05-17,2044,388948,1378,211770,585,163777,81,13401,1003,66238,1035,166880,1089,233118,California
Stanislaus,2021-05-18,2279,391227,1563,213333,602,164379,114,13515,1192,66467,1076,167956,1305,234423,California
Stanislaus,2021-05-19,3115,394342,2141,215474,820,165199,154,13669,1400,66321,1703,169659,1557,235980,California
Stanislaus,2021-05-20,2214,396556,1190,216664,920,166119,104,13773,904,66035,1299,170958,1013,236993,California
Stanislaus,2021-05-21,2480,399036,1212,217876,1170,167289,98,13871,1022,65716,1442,172400,1123,238116,California
Stanislaus,2021-05-22,1999,401035,1205,219081,725,168014,69,13940,870,65534,1122,173522,940,239056,California
Stanislaus,2021-05-23,1047,402082,680,219761,352,168366,15,13955,500,65507,542,174064,515,239571,California
Stanislaus,2021-05-24,1744,403826,1190,220951,476,168842,78,14033,675,65201,1066,175130,760,240331,California
Stanislaus,2021-05-25,1803,405629,1232,222183,470,169312,101,14134,865,65235,934,176064,968,241299,California
Stanislaus,2021-05-26,2017,407646,1259,223442,706,170018,52,14186,961,65200,1048,177112,1013,242312,California
Stanislaus,2021-05-27,1776,409422,973,224415,724,170742,79,14265,657,64827,1109,178221,736,243048,California
Stanislaus,2021-05-28,2156,411578,1014,225429,1058,171800,84,14349,951,64662,1200,179421,1035,244083,California
Stanislaus,2021-05-29,1312,412890,845,226274,426,172226,41,14390,613,64623,695,180116,656,244739,California
Stanislaus,2021-05-30,454,413344,273,226547,147,172373,34,14424,214,64635,236,180352,248,244987,California
Stanislaus,2021-05-31,259,413603,122,226669,130,172503,7,14431,97,64578,161,180513,104,245091,California
Stanislaus,2021-06-01,1674,415277,1045,227714,576,173079,53,14484,661,64288,1007,181520,717,245808,California
Stanislaus,2021-06-02,1792,417069,1140,228854,583,173662,69,14553,777,64132,1005,182525,849,246657,California
Stanislaus,2021-06-03,1385,418454,819,229673,519,174181,47,14600,551,63911,821,183346,600,247257,California
Stanislaus,2021-06-04,1898,420352,1137,230810,691,174872,70,14670,721,63540,1166,184512,795,248052,California
Stanislaus,2021-06-05,1376,421728,1052,231862,298,175170,26,14696,476,63150,893,185405,503,248555,California
Stanislaus,2021-06-06,505,422233,413,232275,83,175253,9,14705,205,63065,300,185705,215,248770,California
Stanislaus,2021-06-07,1590,423823,1216,233491,329,175582,45,14750,601,62729,981,186686,645,249415,California
Stanislaus,2021-06-08,1898,425721,1422,234913,402,175984,74,14824,691,62300,1194,187880,765,250180,California
Stanislaus,2021-06-09,1835,427556,1298,236211,455,176439,82,14906,623,61798,1208,189088,706,250886,California
Stanislaus,2021-06-10,1466,429022,925,237136,480,176919,61,14967,617,61638,839,189927,679,251565,California
Stanislaus,2021-06-11,1466,430488,874,238010,541,177460,51,15018,547,61334,904,190831,600,252165,California
Stanislaus,2021-06-12,1012,431500,734,238744,255,177715,23,15041,375,61105,630,191461,401,252566,California
Stanislaus,2021-06-13,536,432036,395,239139,135,177850,6,15047,176,60932,357,191818,184,252750,California
Stanislaus,2021-06-14,1342,433378,953,240092,367,178217,22,15069,520,60662,813,192631,543,253293,California
Stanislaus,2021-06-15,1569,434947,1130,241222,396,178613,43,15112,538,60218,1027,193658,583,253876,California
Stanislaus,2021-06-16,1917,436864,1379,242601,472,179085,66,15178,769,59908,1145,194803,835,254711,California
Stanislaus,2021-06-17,1131,437995,714,243315,373,179458,44,15222,526,59880,600,195403,572,255283,California
Stanislaus,2021-06-18,1292,439287,777,244092,436,179894,79,15301,516,59707,770,196173,597,255880,California
Stanislaus,2021-06-19,850,440137,623,244715,182,180076,45,15346,371,59649,475,196648,417,256297,California
Stanislaus,2021-06-20,304,440441,212,244927,86,180162,6,15352,141,59633,163,196811,147,256444,California
Stanislaus,2021-06-21,936,441377,535,245462,276,180438,125,15477,477,59783,454,197265,604,257048,California
Stanislaus,2021-06-22,1177,442554,858,246320,260,180698,59,15536,489,59653,681,197946,551,257599,California
Stanislaus,2021-06-23,436,442990,207,246527,195,180893,34,15570,168,59588,267,198213,202,257801,California
Sutter,2020-12-15,1,1,1,1,0,0,0,0,1,1,0,0,1,1,California
Sutter,2020-12-16,4,5,4,5,0,0,0,0,4,5,0,0,4,5,California
Sutter,2020-12-17,3,8,3,8,0,0,0,0,3,8,0,0,3,8,California
Sutter,2020-12-18,21,29,21,29,0,0,0,0,21,29,0,0,21,29,California
Sutter,2020-12-19,45,74,45,74,0,0,0,0,45,74,0,0,45,74,California
Sutter,2020-12-20,43,117,43,117,0,0,0,0,43,117,0,0,43,117,California
Sutter,2020-12-21,99,216,99,216,0,0,0,0,99,216,0,0,99,216,California
Sutter,2020-12-22,172,388,172,388,0,0,0,0,172,388,0,0,172,388,California
Sutter,2020-12-23,115,503,110,498,5,5,0,0,115,503,0,0,115,503,California
Sutter,2020-12-24,17,520,11,509,6,11,0,0,17,520,0,0,17,520,California
Sutter,2020-12-26,38,558,34,543,4,15,0,0,38,558,0,0,38,558,California
Sutter,2020-12-27,24,582,23,566,1,16,0,0,24,582,0,0,24,582,California
Sutter,2020-12-28,83,665,55,621,28,44,0,0,83,665,0,0,83,665,California
Sutter,2020-12-29,101,766,14,635,87,131,0,0,101,766,0,0,101,766,California
Sutter,2020-12-30,136,902,33,668,103,234,0,0,136,902,0,0,136,902,California
Sutter,2020-12-31,70,972,6,674,64,298,0,0,70,972,0,0,70,972,California
Sutter,2021-01-01,3,975,3,677,0,298,0,0,3,975,0,0,3,975,California
Sutter,2021-01-02,131,1106,129,806,2,300,0,0,131,1106,0,0,131,1106,California
Sutter,2021-01-03,1,1107,0,806,1,301,0,0,1,1107,0,0,1,1107,California
Sutter,2021-01-04,247,1354,138,944,109,410,0,0,247,1354,0,0,247,1354,California
Sutter,2021-01-05,99,1453,56,1000,43,453,0,0,96,1447,3,3,96,1450,California
Sutter,2021-01-06,205,1658,50,1050,155,608,0,0,200,1642,5,8,200,1650,California
Sutter,2021-01-07,252,1910,152,1202,100,708,0,0,242,1875,9,17,242,1892,California
Sutter,2021-01-08,150,2060,40,1242,110,818,0,0,133,1991,17,34,133,2025,California
Sutter,2021-01-09,46,2106,43,1285,3,821,0,0,5,1955,41,75,5,2030,California
Sutter,2021-01-10,394,2500,37,1322,357,1178,0,0,356,2274,37,112,356,2386,California
Sutter,2021-01-11,132,2632,115,1437,17,1195,0,0,25,2192,107,219,25,2411,California
Sutter,2021-01-12,202,2834,165,1602,37,1232,0,0,58,2106,144,363,58,2469,California
Sutter,2021-01-13,162,2996,99,1701,63,1295,0,0,72,2089,89,452,72,2541,California
Sutter,2021-01-14,147,3143,51,1752,96,1391,0,0,127,2196,20,472,127,2668,California
Sutter,2021-01-15,436,3579,131,1883,305,1696,0,0,422,2604,14,486,422,3090,California
Sutter,2021-01-16,384,3963,41,1924,343,2039,0,0,353,2927,30,516,353,3443,California
Sutter,2021-01-17,26,3989,24,1948,2,2041,0,0,10,2921,16,532,10,3453,California
Sutter,2021-01-18,118,4107,63,2011,55,2096,0,0,70,2943,48,580,70,3523,California
Sutter,2021-01-19,107,4214,42,2053,65,2161,0,0,83,3002,24,604,83,3606,California
Sutter,2021-01-20,271,4485,207,2260,64,2225,0,0,251,3233,20,624,251,3857,California
Sutter,2021-01-21,490,4975,319,2579,171,2396,0,0,472,3687,18,642,472,4329,California
Sutter,2021-01-22,241,5216,53,2632,188,2584,0,0,231,3909,9,651,231,4560,California
Sutter,2021-01-23,396,5612,39,2671,357,2941,0,0,370,4253,26,677,370,4930,California
Sutter,2021-01-24,16,5628,14,2685,2,2943,0,0,14,4265,2,679,14,4944,California
Sutter,2021-01-25,306,5934,196,2881,110,3053,0,0,150,4260,155,834,150,5094,California
Sutter,2021-01-26,248,6182,108,2989,140,3193,0,0,144,4301,103,937,144,5238,California
Sutter,2021-01-27,388,6570,256,3245,132,3325,0,0,321,4555,67,1004,321,5559,California
Sutter,2021-01-28,583,7153,359,3604,224,3549,0,0,410,4794,171,1175,410,5969,California
Sutter,2021-01-29,364,7517,88,3692,276,3825,0,0,242,4914,122,1297,242,6211,California
Sutter,2021-01-30,777,8294,38,3730,739,4564,0,0,766,5669,11,1308,766,6977,California
Sutter,2021-01-31,28,8322,27,3757,1,4565,0,0,28,5697,0,1308,28,7005,California
Sutter,2021-02-01,168,8490,52,3809,116,4681,0,0,136,5802,31,1339,136,7141,California
Sutter,2021-02-02,246,8736,27,3836,219,4900,0,0,213,5982,33,1372,213,7354,California
Sutter,2021-02-03,446,9182,40,3876,406,5306,0,0,211,5959,234,1606,211,7565,California
Sutter,2021-02-04,667,9849,364,4240,303,5609,0,0,617,6527,49,1655,617,8182,California
Sutter,2021-02-05,288,10137,32,4272,256,5865,0,0,135,6509,153,1808,135,8317,California
Sutter,2021-02-06,733,10870,28,4300,705,6570,0,0,711,7198,22,1830,711,9028,California
Sutter,2021-02-07,24,10894,20,4320,4,6574,0,0,20,7214,4,1834,20,9048,California
Sutter,2021-02-08,136,11030,31,4351,105,6679,0,0,98,7274,38,1872,98,9146,California
Sutter,2021-02-09,247,11277,45,4396,202,6881,0,0,186,7399,61,1933,186,9332,California
Sutter,2021-02-10,819,12096,382,4778,437,7318,0,0,177,6935,641,2574,177,9509,California
Sutter,2021-02-11,607,12703,274,5052,333,7651,0,0,348,7024,259,2833,348,9857,California
Sutter,2021-02-12,638,13341,68,5120,570,8221,0,0,313,7013,324,3157,313,10170,California
Sutter,2021-02-13,902,14243,48,5168,854,9075,0,0,786,7683,116,3273,786,10956,California
Sutter,2021-02-14,90,14333,25,5193,65,9140,0,0,79,7751,11,3284,79,11035,California
Sutter,2021-02-15,201,14534,72,5265,129,9269,0,0,122,7794,79,3363,122,11157,California
Sutter,2021-02-16,289,14823,45,5310,244,9513,0,0,204,7914,84,3447,204,11361,California
Sutter,2021-02-17,825,15648,429,5739,396,9909,0,0,131,7352,693,4140,131,11492,California
Sutter,2021-02-18,704,16352,57,5796,647,10556,0,0,490,7629,213,4353,490,11982,California
Sutter,2021-02-19,663,17015,377,6173,286,10842,0,0,460,7888,201,4554,460,12442,California
Sutter,2021-02-20,621,17636,55,6228,566,11408,0,0,518,8304,102,4656,518,12960,California
Sutter,2021-02-21,28,17664,27,6255,1,11409,0,0,7,8290,21,4677,7,12967,California
Sutter,2021-02-22,208,17872,123,6378,85,11494,0,0,86,8254,122,4799,86,13053,California
Sutter,2021-02-23,224,18096,34,6412,190,11684,0,0,97,8224,127,4926,97,13150,California
Sutter,2021-02-24,970,19066,350,6762,620,12304,0,0,194,7643,775,5701,194,13344,California
Sutter,2021-02-25,786,19852,498,7260,288,12592,0,0,605,8071,177,5878,605,13949,California
Sutter,2021-02-26,379,20231,61,7321,318,12910,0,0,158,8010,219,6097,158,14107,California
Sutter,2021-02-27,865,21096,46,7367,819,13729,0,0,711,8565,156,6253,711,14818,California
Sutter,2021-02-28,89,21185,43,7410,46,13775,0,0,68,8613,20,6273,68,14886,California
Sutter,2021-03-01,251,21436,63,7473,188,13963,0,0,153,8668,98,6371,153,15039,California
Sutter,2021-03-02,339,21775,59,7532,280,14243,0,0,162,8655,175,6546,162,15201,California
Sutter,2021-03-03,1402,23177,530,8062,872,15115,0,0,661,8581,735,7281,661,15862,California
Sutter,2021-03-04,1252,24429,863,8925,389,15504,0,0,945,9224,302,7583,945,16807,California
Sutter,2021-03-05,340,24769,80,9005,259,15763,1,1,207,9299,133,7716,208,17015,California
Sutter,2021-03-06,1024,25793,46,9051,973,16736,5,6,856,9994,166,7882,861,17876,California
Sutter,2021-03-07,67,25860,23,9074,43,16779,1,7,46,10020,21,7903,47,17923,California
Sutter,2021-03-08,228,26088,80,9154,136,16915,12,19,159,10122,69,7972,171,18094,California
Sutter,2021-03-09,389,26477,137,9291,240,17155,12,31,185,10115,204,8176,197,18291,California
Sutter,2021-03-10,1569,28046,681,9972,827,17982,61,92,523,9658,1041,9217,584,18875,California
Sutter,2021-03-11,892,28938,440,10412,433,18415,19,111,645,10078,244,9461,664,19539,California
Sutter,2021-03-12,677,29615,111,10523,386,18801,180,291,200,9982,474,9935,378,19917,California
Sutter,2021-03-13,989,30604,752,11275,219,19020,18,309,782,10576,205,10140,799,20716,California
Sutter,2021-03-14,131,30735,22,11297,98,19118,11,320,45,10546,86,10226,56,20772,California
Sutter,2021-03-15,322,31057,67,11364,206,19324,49,369,151,10577,169,10395,200,20972,California
Sutter,2021-03-16,391,31448,86,11450,258,19582,47,416,212,10656,179,10574,258,21230,California
Sutter,2021-03-17,1499,32947,562,12012,915,20497,22,438,310,9808,1179,11753,331,21561,California
Sutter,2021-03-18,975,33922,181,12193,590,21087,204,642,566,10172,404,12157,768,22329,California
Sutter,2021-03-19,463,34385,166,12359,268,21355,29,671,282,10304,179,12336,311,22640,California
Sutter,2021-03-20,951,35336,118,12477,822,22177,11,682,860,11085,90,12426,871,23511,California
Sutter,2021-03-21,68,35404,47,12524,18,22195,3,685,33,11086,35,12461,36,23547,California
Sutter,2021-03-22,288,35692,120,12644,142,22337,26,711,212,11249,75,12536,238,23785,California
Sutter,2021-03-23,376,36068,113,12757,230,22567,33,744,252,11410,123,12659,284,24069,California
Sutter,2021-03-24,1688,37756,774,13531,844,23411,70,814,315,10438,1357,14016,385,24454,California
Sutter,2021-03-25,1042,38798,679,14210,320,23731,43,857,369,10180,670,14686,412,24866,California
Sutter,2021-03-26,495,39293,175,14385,303,24034,17,874,293,10293,197,14883,310,25176,California
Sutter,2021-03-27,928,40221,62,14447,864,24898,2,876,815,11002,108,14991,817,25993,California
Sutter,2021-03-28,125,40346,72,14519,53,24951,0,876,77,11033,46,15037,77,26070,California
Sutter,2021-03-29,427,40773,143,14662,228,25179,56,932,224,11112,201,15238,280,26350,California
Sutter,2021-03-30,480,41253,161,14823,309,25488,10,942,317,11276,163,15401,327,26677,California
Sutter,2021-03-31,1258,42511,178,15001,1064,26552,16,958,442,10930,803,16204,457,27134,California
Sutter,2021-04-01,1387,43898,742,15743,460,27012,185,1143,430,10598,946,17150,614,27748,California
Sutter,2021-04-02,516,44414,101,15844,297,27309,118,1261,204,10606,310,17460,318,28066,California
Sutter,2021-04-03,908,45322,77,15921,209,27518,622,1883,122,10567,782,18242,743,28809,California
Sutter,2021-04-04,118,45440,22,15943,90,27608,6,1889,54,10563,64,18306,60,28869,California
Sutter,2021-04-05,369,45809,145,16088,187,27795,37,1926,176,10586,190,18496,213,29082,California
Sutter,2021-04-06,510,46319,198,16286,256,28051,56,1982,273,10680,235,18731,329,29411,California
Sutter,2021-04-07,1483,47802,888,17174,521,28572,74,2056,610,10501,863,19594,684,30095,California
Sutter,2021-04-08,1059,48861,586,17760,358,28930,115,2171,581,10722,472,20066,693,30788,California
Sutter,2021-04-09,569,49430,249,18009,255,29185,65,2236,238,10698,327,20393,303,31091,California
Sutter,2021-04-10,829,50259,111,18120,88,29273,630,2866,110,10715,714,21107,731,31822,California
Sutter,2021-04-11,120,50379,33,18153,40,29313,47,2913,38,10717,82,21189,84,31906,California
Sutter,2021-04-12,343,50722,93,18246,196,29509,54,2967,139,10708,202,21391,193,32099,California
Sutter,2021-04-13,434,51156,127,18373,307,29816,0,2967,216,10708,216,21607,216,32315,California
Sutter,2021-04-14,1330,52486,163,18536,1166,30982,1,2968,226,9839,1096,22703,227,32542,California
Sutter,2021-04-15,541,53027,173,18709,368,31350,0,2968,218,9738,319,23022,218,32760,California
Sutter,2021-04-16,408,53435,129,18838,279,31629,0,2968,189,9710,217,23239,189,32949,California
Sutter,2021-04-17,581,54016,82,18920,499,32128,0,2968,510,10150,70,23309,510,33459,California
Sutter,2021-04-18,70,54086,11,18931,59,32187,0,2968,42,10166,26,23335,42,33501,California
Sutter,2021-04-19,293,54379,112,19043,181,32368,0,2968,122,10119,169,23504,122,33623,California
Sutter,2021-04-20,420,54799,137,19180,283,32651,0,2968,205,10109,215,23719,205,33828,California
Sutter,2021-04-21,1241,56040,428,19608,813,33464,0,2968,481,9843,747,24466,481,34309,California
Sutter,2021-04-22,495,56535,163,19771,332,33796,0,2968,246,9843,246,24712,246,34555,California
Sutter,2021-04-23,400,56935,117,19888,283,34079,0,2968,184,9814,213,24925,184,34739,California
Sutter,2021-04-24,326,57261,107,19995,218,34297,1,2969,185,9859,140,25065,185,34924,California
Sutter,2021-04-25,158,57419,75,20070,83,34380,0,2969,86,9875,70,25135,86,35010,California
Sutter,2021-04-26,305,57724,89,20159,214,34594,2,2971,132,9838,171,25306,134,35144,California
Sutter,2021-04-27,537,58261,263,20422,270,34864,4,2975,248,9806,284,25590,252,35396,California
Sutter,2021-04-28,815,59076,342,20764,465,35329,8,2983,256,9518,552,26142,264,35660,California
Sutter,2021-04-29,777,59853,137,20901,639,35968,1,2984,309,9364,464,26606,310,35970,California
Sutter,2021-04-30,358,60211,108,21009,237,36205,13,2997,145,9311,210,26816,157,36127,California
Sutter,2021-05-01,300,60511,108,21117,151,36356,41,3038,129,9313,168,26984,170,36297,California
Sutter,2021-05-02,81,60592,54,21171,25,36381,2,3040,45,9324,36,27020,47,36344,California
Sutter,2021-05-03,217,60809,109,21280,99,36480,9,3049,88,9292,129,27149,97,36441,California
Sutter,2021-05-04,538,61347,235,21515,239,36719,64,3113,224,9268,311,27460,287,36728,California
Sutter,2021-05-05,535,61882,144,21659,383,37102,8,3121,156,9059,373,27833,164,36892,California
Sutter,2021-05-06,427,62309,228,21887,178,37280,21,3142,191,9035,235,28068,211,37103,California
Sutter,2021-05-07,413,62722,147,22034,244,37524,22,3164,156,8959,254,28322,178,37281,California
Sutter,2021-05-08,197,62919,51,22085,140,37664,6,3170,106,8980,91,28413,112,37393,California
Sutter,2021-05-09,81,63000,53,22138,23,37687,5,3175,55,9014,26,28439,60,37453,California
Sutter,2021-05-10,191,63191,43,22181,130,37817,18,3193,49,8941,140,28579,67,37520,California
Sutter,2021-05-11,453,63644,219,22400,213,38030,21,3214,186,8884,262,28841,205,37725,California
Sutter,2021-05-12,444,64088,243,22643,190,38220,11,3225,161,8777,279,29120,172,37897,California
Sutter,2021-05-13,487,64575,260,22903,205,38425,22,3247,201,8715,285,29405,223,38120,California
Sutter,2021-05-14,437,65012,185,23088,236,38661,16,3263,216,8731,216,29621,232,38352,California
Sutter,2021-05-15,843,65855,309,23397,503,39164,31,3294,307,8534,535,30156,338,38690,California
Sutter,2021-05-16,139,65994,82,23479,49,39213,8,3302,76,8556,62,30218,84,38774,California
Sutter,2021-05-17,289,66283,115,23594,160,39373,14,3316,153,8588,135,30353,167,38941,California
Sutter,2021-05-18,543,66826,312,23906,227,39600,4,3320,299,8650,241,30594,303,39244,California
Sutter,2021-05-19,466,67292,267,24173,192,39792,7,3327,247,8688,216,30810,254,39498,California
Sutter,2021-05-20,456,67748,236,24409,208,40000,12,3339,225,8698,227,31037,237,39735,California
Sutter,2021-05-21,489,68237,221,24630,256,40256,12,3351,236,8695,250,31287,247,39982,California
Sutter,2021-05-22,366,68603,202,24832,161,40417,3,3354,184,8704,177,31464,186,40168,California
Sutter,2021-05-23,180,68783,84,24916,87,40504,9,3363,91,8721,83,31547,100,40268,California
Sutter,2021-05-24,238,69021,87,25003,128,40632,23,3386,99,8706,137,31684,122,40390,California
Sutter,2021-05-25,398,69419,194,25197,191,40823,13,3399,165,8656,227,31911,177,40567,California
Sutter,2021-05-26,323,69742,159,25356,155,40978,9,3408,120,8587,198,32109,129,40696,California
Sutter,2021-05-27,434,70176,117,25473,298,41276,19,3427,127,8430,303,32412,146,40842,California
Sutter,2021-05-28,339,70515,163,25636,159,41435,17,3444,177,8467,157,32569,194,41036,California
Sutter,2021-05-29,253,70768,119,25755,119,41554,15,3459,140,8513,109,32678,155,41191,California
Sutter,2021-05-30,84,70852,61,25816,20,41574,3,3462,49,8531,34,32712,52,41243,California
Sutter,2021-05-31,19,70871,3,25819,13,41587,3,3465,6,8527,13,32725,9,41252,California
Sutter,2021-06-01,311,71182,133,25952,170,41757,8,3473,128,8481,182,32907,136,41388,California
Sutter,2021-06-02,280,71462,119,26071,155,41912,6,3479,111,8435,163,33070,117,41505,California
Sutter,2021-06-03,341,71803,223,26294,108,42020,10,3489,118,8346,217,33287,128,41633,California
Sutter,2021-06-04,341,72144,197,26491,137,42157,7,3496,122,8260,215,33502,129,41762,California
Sutter,2021-06-05,438,72582,368,26859,66,42223,4,3500,157,8145,276,33778,161,41923,California
Sutter,2021-06-06,140,72722,121,26980,16,42239,3,3503,59,8128,79,33857,62,41985,California
Sutter,2021-06-07,162,72884,105,27085,48,42287,9,3512,56,8088,105,33962,65,42050,California
Sutter,2021-06-08,364,73248,203,27288,149,42436,12,3524,156,8050,206,34168,168,42218,California
Sutter,2021-06-09,367,73615,234,27522,128,42564,5,3529,129,7948,236,34404,134,42352,California
Sutter,2021-06-10,383,73998,276,27798,97,42661,10,3539,150,7878,230,34634,160,42512,California
Sutter,2021-06-11,337,74335,215,28013,116,42777,6,3545,116,7782,217,34851,121,42633,California
Sutter,2021-06-12,241,74576,170,28183,56,42833,15,3560,71,7698,170,35021,86,42719,California
Sutter,2021-06-13,83,74659,65,28248,17,42850,1,3561,24,7665,58,35079,25,42744,California
Sutter,2021-06-14,189,74848,111,28359,68,42918,10,3571,75,7638,112,35191,85,42829,California
Sutter,2021-06-15,281,75129,151,28510,117,43035,13,3584,104,7580,175,35366,117,42946,California
Sutter,2021-06-16,221,75350,142,28652,70,43105,9,3593,106,7580,115,35481,115,43061,California
Sutter,2021-06-17,281,75631,171,28823,104,43209,6,3599,122,7551,157,35638,128,43189,California
Sutter,2021-06-18,264,75895,169,28992,80,43289,15,3614,95,7496,165,35803,110,43299,California
Sutter,2021-06-19,209,76104,140,29132,65,43354,4,3618,60,7413,147,35950,64,43363,California
Sutter,2021-06-20,70,76174,49,29181,19,43373,2,3620,31,7407,39,35989,33,43396,California
Sutter,2021-06-21,112,76286,54,29235,47,43420,11,3631,51,7410,59,36048,62,43458,California
Sutter,2021-06-22,219,76505,126,29361,90,43510,3,3634,87,7370,130,36178,90,43548,California
Sutter,2021-06-23,74,76579,32,29393,41,43551,1,3635,28,7353,46,36224,29,43577,California
Tehama,2020-12-15,1,1,1,1,0,0,0,0,1,1,0,0,1,1,California
Tehama,2020-12-16,2,3,2,3,0,0,0,0,2,3,0,0,2,3,California
Tehama,2020-12-17,12,15,12,15,0,0,0,0,12,15,0,0,12,15,California
Tehama,2020-12-18,2,17,2,17,0,0,0,0,3,18,0,0,3,18,California
Tehama,2020-12-21,33,50,33,50,0,0,0,0,33,51,0,0,33,51,California
Tehama,2020-12-22,69,119,63,113,6,6,0,0,69,120,0,0,69,120,California
Tehama,2020-12-23,48,167,40,153,8,14,0,0,48,168,0,0,48,168,California
Tehama,2020-12-24,5,172,3,156,2,16,0,0,5,173,0,0,5,173,California
Tehama,2020-12-26,3,175,2,158,1,17,0,0,3,176,0,0,3,176,California
Tehama,2020-12-27,2,177,2,160,0,17,0,0,2,178,0,0,2,178,California
Tehama,2020-12-28,56,233,43,203,13,30,0,0,56,234,0,0,56,234,California
Tehama,2020-12-29,31,264,31,234,0,30,0,0,31,265,0,0,31,265,California
Tehama,2020-12-30,54,318,38,272,16,46,0,0,53,318,0,0,53,318,California
Tehama,2020-12-31,14,332,4,276,10,56,0,0,14,332,0,0,14,332,California
Tehama,2021-01-01,2,334,0,276,2,58,0,0,2,334,0,0,2,334,California
Tehama,2021-01-04,32,366,9,285,23,81,0,0,32,366,0,0,32,366,California
Tehama,2021-01-05,70,436,43,328,27,108,0,0,67,430,3,3,67,433,California
Tehama,2021-01-06,71,507,21,349,50,158,0,0,62,484,8,11,62,495,California
Tehama,2021-01-07,57,564,7,356,50,208,0,0,56,539,1,12,56,551,California
Tehama,2021-01-08,33,597,24,380,9,217,0,0,28,562,5,17,28,579,California
Tehama,2021-01-09,7,604,5,385,2,219,0,0,5,565,2,19,5,584,California
Tehama,2021-01-10,1,605,0,385,1,220,0,0,1,566,0,19,1,585,California
Tehama,2021-01-11,48,653,46,431,2,222,0,0,15,548,33,52,15,600,California
Tehama,2021-01-12,132,785,112,543,20,242,0,0,86,588,46,98,86,686,California
Tehama,2021-01-13,72,857,55,598,17,259,0,0,26,568,46,144,26,712,California
Tehama,2021-01-14,223,1080,50,648,173,432,0,0,221,787,2,146,221,933,California
Tehama,2021-01-15,250,1330,75,723,175,607,0,0,246,1029,4,150,246,1179,California
Tehama,2021-01-16,263,1593,19,742,244,851,0,0,260,1286,3,153,260,1439,California
Tehama,2021-01-17,6,1599,2,744,4,855,0,0,4,1288,2,155,4,1443,California
Tehama,2021-01-18,10,1609,6,750,4,859,0,0,5,1288,5,160,5,1448,California
Tehama,2021-01-19,292,1901,65,815,227,1086,0,0,237,1470,55,215,237,1685,California
Tehama,2021-01-20,302,2203,87,902,215,1301,0,0,252,1673,49,264,252,1937,California
Tehama,2021-01-21,214,2417,11,913,203,1504,0,0,204,1867,10,274,204,2141,California
Tehama,2021-01-22,223,2640,21,934,202,1706,0,0,220,2084,3,277,220,2361,California
Tehama,2021-01-23,258,2898,7,941,251,1957,0,0,257,2340,1,278,257,2618,California
Tehama,2021-01-24,1,2899,1,942,0,1957,0,0,1,2341,0,278,1,2619,California
Tehama,2021-01-25,33,2932,15,957,18,1975,0,0,15,2338,18,296,15,2634,California
Tehama,2021-01-26,323,3255,42,999,281,2256,0,0,286,2587,37,333,286,2920,California
Tehama,2021-01-27,301,3556,21,1020,280,2536,0,0,281,2848,20,353,281,3201,California
Tehama,2021-01-28,343,3899,31,1051,312,2848,0,0,328,3161,15,368,328,3529,California
Tehama,2021-01-29,322,4221,19,1070,303,3151,0,0,305,3449,17,385,305,3834,California
Tehama,2021-01-30,102,4323,2,1072,100,3251,0,0,101,3549,1,386,101,3935,California
Tehama,2021-01-31,1,4324,0,1072,1,3252,0,0,1,3550,0,386,1,3936,California
Tehama,2021-02-01,78,4402,22,1094,56,3308,0,0,36,3544,42,428,36,3972,California
Tehama,2021-02-02,358,4760,64,1158,294,3602,0,0,260,3706,98,526,260,4232,California
Tehama,2021-02-03,399,5159,12,1170,387,3989,0,0,355,4017,44,570,355,4587,California
Tehama,2021-02-04,498,5657,99,1269,399,4388,0,0,417,4354,81,651,418,5005,California
Tehama,2021-02-05,181,5838,73,1342,108,4496,0,0,119,4411,62,713,119,5124,California
Tehama,2021-02-06,28,5866,14,1356,14,4510,0,0,16,4415,12,725,16,5140,California
Tehama,2021-02-07,5,5871,4,1360,1,4511,0,0,2,4414,3,728,2,5142,California
Tehama,2021-02-08,36,5907,14,1374,22,4533,0,0,27,4432,9,737,27,5169,California
Tehama,2021-02-09,78,5985,34,1408,44,4577,0,0,44,4442,34,771,44,5213,California
Tehama,2021-02-10,233,6218,63,1471,170,4747,0,0,158,4525,75,846,158,5371,California
Tehama,2021-02-11,220,6438,15,1486,205,4952,0,0,82,4471,136,982,82,5453,California
Tehama,2021-02-12,365,6803,66,1552,299,5251,0,0,173,4452,192,1174,173,5626,California
Tehama,2021-02-13,384,7187,14,1566,370,5621,0,0,145,4358,239,1413,145,5771,California
Tehama,2021-02-14,38,7225,2,1568,36,5657,0,0,36,4392,2,1415,36,5807,California
Tehama,2021-02-15,51,7276,9,1577,42,5699,0,0,45,4431,6,1421,45,5852,California
Tehama,2021-02-16,243,7519,16,1593,227,5926,0,0,60,4308,183,1604,60,5912,California
Tehama,2021-02-17,281,7800,12,1605,269,6195,0,0,53,4133,228,1832,53,5965,California
Tehama,2021-02-18,370,8170,32,1637,338,6533,0,0,144,4051,226,2058,144,6109,California
Tehama,2021-02-19,214,8384,18,1655,196,6729,0,0,43,3923,171,2229,43,6152,California
Tehama,2021-02-20,272,8656,7,1662,265,6994,0,0,27,3705,245,2474,27,6179,California
Tehama,2021-02-21,1,8657,1,1663,0,6994,0,0,1,3706,0,2474,1,6180,California
Tehama,2021-02-22,40,8697,16,1679,24,7018,0,0,27,3720,13,2487,27,6207,California
Tehama,2021-02-23,47,8744,20,1699,27,7045,0,0,26,3725,21,2508,26,6233,California
Tehama,2021-02-24,303,9047,13,1712,290,7335,0,0,29,3480,274,2782,29,6262,California
Tehama,2021-02-25,380,9427,60,1772,320,7655,0,0,40,3180,340,3122,40,6302,California
Tehama,2021-02-26,461,9888,19,1791,442,8097,0,0,71,2861,390,3512,71,6373,California
Tehama,2021-02-27,294,10182,5,1796,289,8386,0,0,34,2635,260,3772,34,6407,California
Tehama,2021-02-28,23,10205,2,1798,21,8407,0,0,20,2652,3,3775,20,6427,California
Tehama,2021-03-01,67,10272,8,1806,59,8466,0,0,33,2651,34,3809,33,6460,California
Tehama,2021-03-02,151,10423,18,1824,133,8599,0,0,30,2560,121,3930,30,6490,California
Tehama,2021-03-03,165,10588,32,1856,133,8732,0,0,50,2495,115,4045,50,6540,California
Tehama,2021-03-04,655,11243,36,1892,619,9351,0,0,223,2293,425,4470,223,6763,California
Tehama,2021-03-05,404,11647,20,1912,384,9735,0,0,215,2320,188,4658,215,6978,California
Tehama,2021-03-06,303,11950,15,1927,288,10023,0,0,80,2179,222,4880,81,7059,California
Tehama,2021-03-07,5,11955,1,1928,4,10027,0,0,3,2181,1,4881,3,7062,California
Tehama,2021-03-08,57,12012,12,1940,30,10057,15,15,26,2192,30,4911,41,7103,California
Tehama,2021-03-09,367,12379,8,1948,340,10397,19,34,312,2468,55,4966,331,7434,California
Tehama,2021-03-10,355,12734,17,1965,317,10714,21,55,73,2281,281,5247,94,7528,California
Tehama,2021-03-11,492,13226,18,1983,426,11140,48,103,345,2527,147,5394,393,7921,California
Tehama,2021-03-12,306,13532,20,2003,221,11361,65,168,178,2643,127,5521,243,8164,California
Tehama,2021-03-13,48,13580,8,2011,34,11395,6,174,6,2613,42,5563,12,8176,California
Tehama,2021-03-14,54,13634,3,2014,40,11435,11,185,9,2588,45,5608,20,8196,California
Tehama,2021-03-15,154,13788,22,2036,112,11547,20,205,84,2622,70,5678,104,8300,California
Tehama,2021-03-16,417,14205,14,2050,365,11912,38,243,314,2872,102,5780,352,8652,California
Tehama,2021-03-17,434,14639,22,2072,380,12292,32,275,351,3174,81,5861,383,9035,California
Tehama,2021-03-18,487,15126,26,2098,437,12729,24,299,309,3331,176,6037,333,9368,California
Tehama,2021-03-19,318,15444,22,2120,283,13012,13,312,276,3578,42,6079,289,9657,California
Tehama,2021-03-20,41,15485,8,2128,31,13043,2,314,29,3597,12,6091,31,9688,California
Tehama,2021-03-21,12,15497,5,2133,7,13050,0,314,12,3609,0,6091,12,9700,California
Tehama,2021-03-22,91,15588,7,2140,67,13117,17,331,50,3635,41,6132,67,9767,California
Tehama,2021-03-23,88,15676,28,2168,54,13171,6,337,70,3693,18,6150,76,9843,California
Tehama,2021-03-24,86,15762,16,2184,68,13239,2,339,55,3719,31,6181,57,9900,California
Tehama,2021-03-25,526,16288,356,2540,157,13396,13,352,473,4153,52,6233,486,10386,California
Tehama,2021-03-26,515,16803,404,2944,99,13495,12,364,435,4523,77,6310,447,10833,California
Tehama,2021-03-27,458,17261,362,3306,71,13566,25,389,389,4869,68,6378,414,11247,California
Tehama,2021-03-28,31,17292,10,3316,21,13587,0,389,19,4876,12,6390,19,11266,California
Tehama,2021-03-29,124,17416,31,3347,92,13679,1,390,78,4908,46,6436,78,11344,California
Tehama,2021-03-30,371,17787,221,3568,148,13827,2,392,252,5043,119,6555,254,11598,California
Tehama,2021-03-31,400,18187,298,3866,99,13926,3,395,327,5300,72,6627,329,11927,California
Tehama,2021-04-01,527,18714,247,4113,274,14200,6,401,394,5568,132,6759,400,12327,California
Tehama,2021-04-02,458,19172,215,4328,237,14437,6,407,272,5659,186,6945,277,12604,California
Tehama,2021-04-03,62,19234,4,4332,53,14490,5,412,31,5664,31,6976,36,12640,California
Tehama,2021-04-04,35,19269,7,4339,27,14517,1,413,23,5676,12,6988,24,12664,California
Tehama,2021-04-05,117,19386,21,4360,69,14586,27,440,61,5708,56,7044,88,12752,California
Tehama,2021-04-06,492,19878,109,4469,332,14918,51,491,138,5543,354,7398,189,12941,California
Tehama,2021-04-07,416,20294,283,4752,90,15008,43,534,303,5776,112,7510,345,13286,California
Tehama,2021-04-08,606,20900,175,4927,391,15399,40,574,230,5671,375,7885,270,13556,California
Tehama,2021-04-09,429,21329,192,5119,204,15603,33,607,214,5704,214,8099,247,13803,California
Tehama,2021-04-10,79,21408,9,5128,38,15641,32,639,40,5737,39,8138,72,13875,California
Tehama,2021-04-11,33,21441,7,5135,15,15656,11,650,8,5731,25,8163,19,13894,California
Tehama,2021-04-12,112,21553,6,5141,87,15743,19,669,40,5718,72,8235,59,13953,California
Tehama,2021-04-13,389,21942,66,5207,323,16066,0,669,67,5463,322,8557,67,14020,California
Tehama,2021-04-14,407,22349,53,5260,354,16420,0,669,50,5158,355,8912,50,14070,California
Tehama,2021-04-15,515,22864,193,5453,322,16742,0,669,79,4802,435,9347,79,14149,California
Tehama,2021-04-16,599,23463,343,5796,256,16998,0,669,76,4355,523,9870,76,14225,California
Tehama,2021-04-17,349,23812,269,6065,80,17078,0,669,41,4090,307,10177,42,14267,California
Tehama,2021-04-18,16,23828,2,6067,14,17092,0,669,13,4100,3,10180,13,14280,California
Tehama,2021-04-19,94,23922,7,6074,87,17179,0,669,40,4086,54,10234,40,14320,California
Tehama,2021-04-20,527,24449,434,6508,93,17272,0,669,153,3870,371,10605,155,14475,California
Tehama,2021-04-21,507,24956,432,6940,75,17347,0,669,167,3699,338,10943,167,14642,California
Tehama,2021-04-22,522,25478,366,7306,156,17503,0,669,153,3486,366,11309,153,14795,California
Tehama,2021-04-23,446,25924,347,7653,99,17602,0,669,198,3438,247,11556,199,14994,California
Tehama,2021-04-24,104,26028,18,7671,86,17688,0,669,27,3388,77,11633,27,15021,California
Tehama,2021-04-25,29,26057,18,7689,11,17699,0,669,9,3378,19,11652,9,15030,California
Tehama,2021-04-26,84,26141,10,7699,74,17773,0,669,46,3386,38,11690,46,15076,California
Tehama,2021-04-27,254,26395,206,7905,47,17820,1,670,95,3323,159,11849,96,15172,California
Tehama,2021-04-28,401,26796,321,8226,62,17882,18,688,69,3078,331,12180,86,15258,California
Tehama,2021-04-29,356,27152,171,8397,179,18061,6,694,71,2871,284,12464,77,15335,California
Tehama,2021-04-30,325,27477,239,8636,80,18141,6,700,113,2778,212,12676,119,15454,California
Tehama,2021-05-01,71,27548,4,8640,64,18205,3,703,13,2736,58,12734,16,15470,California
Tehama,2021-05-02,46,27594,24,8664,10,18215,12,715,26,2754,20,12754,38,15508,California
Tehama,2021-05-03,117,27711,40,8704,69,18284,8,723,62,2769,55,12809,70,15578,California
Tehama,2021-05-04,160,27871,56,8760,97,18381,7,730,69,2754,91,12900,76,15654,California
Tehama,2021-05-05,86,27957,21,8781,55,18436,10,740,39,2756,47,12947,49,15703,California
Tehama,2021-05-06,166,28123,92,8873,59,18495,15,755,100,2805,66,13013,115,15818,California
Tehama,2021-05-07,170,28293,70,8943,89,18584,11,766,46,2740,122,13135,57,15875,California
Tehama,2021-05-08,50,28343,6,8949,43,18627,1,767,14,2719,36,13171,15,15890,California
Tehama,2021-05-09,16,28359,4,8953,12,18639,0,767,7,2717,9,13180,7,15897,California
Tehama,2021-05-10,78,28437,7,8960,65,18704,6,773,38,2721,39,13219,43,15940,California
Tehama,2021-05-11,164,28601,115,9075,39,18743,10,783,31,2629,133,13352,41,15981,California
Tehama,2021-05-12,211,28812,133,9208,68,18811,10,793,47,2522,164,13516,57,16038,California
Tehama,2021-05-13,245,29057,166,9374,71,18882,8,801,111,2508,133,13649,119,16157,California
Tehama,2021-05-14,245,29302,133,9507,91,18973,21,822,59,2403,185,13834,80,16237,California
Tehama,2021-05-15,224,29526,135,9642,54,19027,35,857,161,2537,62,13896,196,16433,California
Tehama,2021-05-16,27,29553,7,9649,17,19044,3,860,15,2543,12,13908,18,16451,California
Tehama,2021-05-17,111,29664,30,9679,66,19110,15,875,54,2556,56,13964,69,16520,California
Tehama,2021-05-18,149,29813,77,9756,57,19167,15,890,46,2516,101,14065,61,16581,California
Tehama,2021-05-19,125,29938,53,9809,62,19229,10,900,41,2483,84,14149,51,16632,California
Tehama,2021-05-20,325,30263,234,10043,68,19297,23,923,224,2630,100,14249,247,16879,California
Tehama,2021-05-21,220,30483,99,10142,108,19405,13,936,80,2585,138,14387,93,16972,California
Tehama,2021-05-22,64,30547,31,10173,29,19434,4,940,37,2599,27,14414,41,17013,California
Tehama,2021-05-23,48,30595,23,10196,14,19448,11,951,12,2586,36,14450,23,17036,California
Tehama,2021-05-24,96,30691,30,10226,58,19506,8,959,31,2560,65,14515,39,17075,California
Tehama,2021-05-25,76,30767,19,10245,49,19555,8,967,46,2584,29,14544,53,17128,California
Tehama,2021-05-26,78,30845,29,10274,46,19601,3,970,50,2610,27,14571,53,17181,California
Tehama,2021-05-27,151,30996,95,10369,52,19653,4,974,49,2563,100,14671,53,17234,California
Tehama,2021-05-28,132,31128,36,10405,89,19742,7,981,61,2561,70,14741,68,17302,California
Tehama,2021-05-29,52,31180,8,10413,39,19781,5,986,35,2584,17,14758,40,17342,California
Tehama,2021-05-30,11,31191,2,10415,8,19789,1,987,3,2580,8,14766,4,17346,California
Tehama,2021-05-31,17,31208,2,10417,14,19803,1,988,5,2574,12,14778,6,17352,California
Tehama,2021-06-01,94,31302,17,10434,60,19863,17,1005,30,2557,64,14842,47,17399,California
Tehama,2021-06-02,85,31387,28,10462,52,19915,5,1010,33,2543,52,14894,38,17437,California
Tehama,2021-06-03,134,31521,100,10562,23,19938,11,1021,29,2478,105,14999,40,17477,California
Tehama,2021-06-04,134,31655,34,10596,86,20024,14,1035,59,2475,74,15073,71,17548,California
Tehama,2021-06-05,156,31811,126,10722,22,20046,8,1043,30,2388,125,15198,38,17586,California
Tehama,2021-06-06,13,31824,7,10729,1,20047,5,1048,2,2384,11,15209,7,17593,California
Tehama,2021-06-07,66,31890,26,10755,38,20085,2,1050,16,2352,50,15259,18,17611,California
Tehama,2021-06-08,100,31990,33,10788,58,20143,9,1059,41,2343,59,15318,50,17661,California
Tehama,2021-06-09,85,32075,42,10830,41,20184,2,1061,43,2346,42,15360,45,17706,California
Tehama,2021-06-10,259,32334,209,11039,40,20224,10,1071,38,2174,220,15580,48,17754,California
Tehama,2021-06-11,141,32475,64,11103,68,20292,9,1080,51,2147,87,15667,60,17814,California
Tehama,2021-06-12,60,32535,37,11140,23,20315,0,1080,23,2133,37,15704,23,17837,California
Tehama,2021-06-13,22,32557,6,11146,10,20325,6,1086,5,2127,17,15721,11,17848,California
Tehama,2021-06-14,88,32645,14,11160,68,20393,6,1092,26,2097,62,15783,32,17880,California
Tehama,2021-06-15,89,32734,39,11199,39,20432,11,1103,34,2088,54,15837,45,17925,California
Tehama,2021-06-16,90,32824,60,11259,27,20459,3,1106,48,2097,42,15879,51,17976,California
Tehama,2021-06-17,144,32968,101,11360,28,20487,15,1121,81,2131,61,15940,95,18071,California
Tehama,2021-06-18,98,33066,39,11399,45,20532,14,1135,31,2109,67,16007,45,18116,California
Tehama,2021-06-19,38,33104,13,11412,20,20552,5,1140,17,2110,21,16028,22,18138,California
Tehama,2021-06-20,13,33117,3,11415,9,20561,1,1141,4,2106,9,16037,5,18143,California
Tehama,2021-06-21,55,33172,11,11426,37,20598,7,1148,19,2096,36,16073,26,18169,California
Tehama,2021-06-22,71,33243,21,11447,38,20636,12,1160,28,2094,42,16115,40,18209,California
Tehama,2021-06-23,60,33303,45,11492,12,20648,3,1163,34,2105,26,16141,37,18246,California
Trinity,2020-12-17,4,4,4,4,0,0,0,0,4,4,0,0,4,4,California
Trinity,2020-12-18,2,6,2,6,0,0,0,0,2,6,0,0,2,6,California
Trinity,2020-12-21,39,45,39,45,0,0,0,0,39,45,0,0,39,45,California
Trinity,2020-12-22,4,49,4,49,0,0,0,0,4,49,0,0,4,49,California
Trinity,2020-12-23,6,55,5,54,1,1,0,0,6,55,0,0,6,55,California
Trinity,2020-12-28,31,86,31,85,0,1,0,0,31,86,0,0,31,86,California
Trinity,2020-12-29,8,94,7,92,1,2,0,0,8,94,0,0,8,94,California
Trinity,2020-12-30,10,104,8,100,2,4,0,0,10,104,0,0,10,104,California
Trinity,2020-12-31,2,106,1,101,1,5,0,0,2,106,0,0,2,106,California
Trinity,2021-01-04,28,134,0,101,28,33,0,0,27,133,0,0,27,133,California
Trinity,2021-01-05,3,137,1,102,2,35,0,0,3,136,0,0,3,136,California
Trinity,2021-01-06,24,161,4,106,20,55,0,0,20,152,4,4,20,156,California
Trinity,2021-01-08,49,210,2,108,47,102,0,0,48,198,2,6,48,204,California
Trinity,2021-01-11,41,251,38,146,3,105,0,0,4,165,37,43,4,208,California
Trinity,2021-01-12,9,260,6,152,3,108,0,0,4,164,5,48,4,212,California
Trinity,2021-01-13,7,267,4,156,3,111,0,0,4,165,3,51,4,216,California
Trinity,2021-01-14,4,271,1,157,3,114,0,0,4,169,0,51,4,220,California
Trinity,2021-01-15,4,275,0,157,4,118,0,0,4,173,0,51,4,224,California
Trinity,2021-01-16,4,279,0,157,4,122,0,0,4,177,0,51,4,228,California
Trinity,2021-01-18,31,310,31,188,0,122,0,0,0,146,31,82,0,228,California
Trinity,2021-01-19,35,345,14,202,21,143,0,0,21,153,14,96,21,249,California
Trinity,2021-01-20,20,365,3,205,17,160,0,0,17,167,3,99,17,266,California
Trinity,2021-01-21,17,382,7,212,10,170,0,0,17,184,0,99,17,283,California
Trinity,2021-01-22,5,387,1,213,4,174,0,0,5,189,0,99,5,288,California
Trinity,2021-01-23,7,394,3,216,4,178,0,0,7,196,0,99,7,295,California
Trinity,2021-01-25,14,408,1,217,13,191,0,0,13,208,1,100,13,308,California
Trinity,2021-01-26,10,418,1,218,9,200,0,0,9,216,1,101,9,317,California
Trinity,2021-01-27,12,430,0,218,12,212,0,0,12,228,0,101,12,329,California
Trinity,2021-01-28,13,443,3,221,10,222,0,0,10,235,3,104,10,339,California
Trinity,2021-01-29,2,445,0,221,2,224,0,0,1,235,1,105,1,340,California
Trinity,2021-01-30,12,457,11,232,1,225,0,0,12,247,0,105,12,352,California
Trinity,2021-02-01,2,459,1,233,1,226,0,0,1,247,1,106,1,353,California
Trinity,2021-02-02,15,474,3,236,12,238,0,0,14,260,1,107,14,367,California
Trinity,2021-02-03,7,481,1,237,6,244,0,0,4,261,3,110,4,371,California
Trinity,2021-02-04,42,523,32,269,10,254,0,0,35,289,7,117,35,406,California
Trinity,2021-02-05,354,877,0,269,354,608,0,0,323,581,31,148,323,729,California
Trinity,2021-02-06,210,1087,5,274,205,813,0,0,203,777,7,155,203,932,California
Trinity,2021-02-07,1,1088,0,274,1,814,0,0,1,778,0,155,1,933,California
Trinity,2021-02-08,27,1115,0,274,27,841,0,0,16,783,11,166,16,949,California
Trinity,2021-02-09,27,1142,2,276,25,866,0,0,11,778,16,182,11,960,California
Trinity,2021-02-10,122,1264,10,286,112,978,0,0,102,860,20,202,102,1062,California
Trinity,2021-02-11,339,1603,2,288,337,1315,0,0,332,1185,7,209,332,1394,California
Trinity,2021-02-12,18,1621,10,298,8,1323,0,0,14,1195,4,213,14,1408,California
Trinity,2021-02-13,13,1634,6,304,7,1330,0,0,6,1194,7,220,6,1414,California
Trinity,2021-02-14,2,1636,2,306,0,1330,0,0,2,1196,0,220,2,1416,California
Trinity,2021-02-15,47,1683,0,306,47,1377,0,0,47,1243,0,220,47,1463,California
Trinity,2021-02-16,4,1687,1,307,3,1380,0,0,2,1243,2,222,2,1465,California
Trinity,2021-02-17,94,1781,2,309,92,1472,0,0,84,1317,10,232,84,1549,California
Trinity,2021-02-18,4,1785,0,309,4,1476,0,0,1,1315,3,235,1,1550,California
Trinity,2021-02-19,305,2090,2,311,303,1779,0,0,291,1592,14,249,291,1841,California
Trinity,2021-02-20,142,2232,14,325,128,1907,0,0,114,1678,28,277,114,1955,California
Trinity,2021-02-21,1,2233,1,326,0,1907,0,0,1,1679,0,277,1,1956,California
Trinity,2021-02-22,8,2241,0,326,8,1915,0,0,5,1681,3,280,5,1961,California
Trinity,2021-02-23,10,2251,3,329,7,1922,0,0,5,1681,5,285,5,1966,California
Trinity,2021-02-24,30,2281,8,337,22,1944,0,0,7,1665,23,308,7,1973,California
Trinity,2021-02-25,36,2317,23,360,13,1957,0,0,5,1639,31,339,5,1978,California
Trinity,2021-02-26,11,2328,1,361,10,1967,0,0,5,1638,6,345,5,1983,California
Trinity,2021-02-27,10,2338,8,369,2,1969,0,0,4,1636,6,351,4,1987,California
Trinity,2021-03-01,10,2348,0,369,10,1979,0,0,5,1636,5,356,5,1992,California
Trinity,2021-03-02,9,2357,3,372,6,1985,0,0,2,1631,7,363,2,1994,California
Trinity,2021-03-03,5,2362,0,372,5,1990,0,0,4,1634,1,364,4,1998,California
Trinity,2021-03-04,24,2386,19,391,5,1995,0,0,10,1630,14,378,10,2008,California
Trinity,2021-03-05,388,2774,1,392,387,2382,0,0,120,1486,264,642,120,2128,California
Trinity,2021-03-06,202,2976,7,399,195,2577,0,0,26,1336,176,818,26,2154,California
Trinity,2021-03-07,4,2980,3,402,1,2578,0,0,3,1338,1,819,3,2157,California
Trinity,2021-03-08,5,2985,1,403,3,2581,1,1,2,1338,3,822,3,2160,California
Trinity,2021-03-09,94,3079,0,403,92,2673,2,3,88,1422,6,828,90,2250,California
Trinity,2021-03-10,126,3205,3,406,120,2793,3,6,38,1375,88,916,41,2291,California
Trinity,2021-03-11,16,3221,4,410,10,2803,2,8,5,1371,11,927,7,2298,California
Trinity,2021-03-12,399,3620,5,415,388,3191,6,14,97,1172,302,1229,103,2401,California
Trinity,2021-03-13,13,3633,8,423,3,3194,2,16,8,1177,5,1234,10,2411,California
Trinity,2021-03-14,4,3637,1,424,3,3197,0,16,3,1179,1,1235,3,2414,California
Trinity,2021-03-15,67,3704,0,424,66,3263,1,17,14,1141,53,1288,15,2429,California
Trinity,2021-03-16,116,3820,7,431,109,3372,0,17,103,1231,13,1301,103,2532,California
Trinity,2021-03-17,100,3920,3,434,97,3469,0,17,26,1183,74,1375,26,2558,California
Trinity,2021-03-18,10,3930,2,436,5,3474,3,20,5,1186,5,1380,8,2566,California
Trinity,2021-03-19,460,4390,4,440,346,3820,110,130,36,908,424,1804,146,2712,California
Trinity,2021-03-20,105,4495,7,447,98,3918,0,130,70,944,34,1838,70,2782,California
Trinity,2021-03-21,4,4499,0,447,3,3921,1,131,3,947,1,1839,4,2786,California
Trinity,2021-03-22,2,4501,0,447,2,3923,0,131,2,949,0,1839,2,2788,California
Trinity,2021-03-23,95,4596,2,449,93,4016,0,131,77,1008,18,1857,77,2865,California
Trinity,2021-03-24,12,4608,1,450,11,4027,0,131,9,1014,3,1860,9,2874,California
Trinity,2021-03-25,111,4719,8,458,97,4124,6,137,85,1079,26,1886,91,2965,California
Trinity,2021-03-26,84,4803,8,466,76,4200,0,137,77,1149,7,1893,77,3042,California
Trinity,2021-03-27,20,4823,4,470,7,4207,9,146,9,1156,11,1904,18,3060,California
Trinity,2021-03-28,5,4828,3,473,2,4209,0,146,1,1153,4,1908,1,3061,California
Trinity,2021-03-29,6,4834,1,474,5,4214,0,146,2,1151,4,1912,2,3063,California
Trinity,2021-03-30,77,4911,5,479,72,4286,0,146,67,1208,10,1922,67,3130,California
Trinity,2021-03-31,56,4967,5,484,19,4305,32,178,21,1225,35,1957,52,3182,California
Trinity,2021-04-01,40,5007,10,494,19,4324,11,189,21,1238,19,1976,32,3214,California
Trinity,2021-04-02,249,5256,5,499,170,4494,74,263,77,1218,171,2147,151,3365,California
Trinity,2021-04-03,17,5273,12,511,5,4499,0,263,7,1215,10,2157,7,3372,California
Trinity,2021-04-04,10,5283,8,519,2,4501,0,263,8,1221,2,2159,8,3380,California
Trinity,2021-04-05,58,5341,6,525,51,4552,1,264,54,1272,4,2163,55,3435,California
Trinity,2021-04-06,117,5458,15,540,99,4651,3,267,28,1214,89,2252,31,3466,California
Trinity,2021-04-07,27,5485,12,552,10,4661,5,272,19,1230,8,2260,24,3490,California
Trinity,2021-04-08,89,5574,10,562,77,4738,2,274,52,1247,37,2297,54,3544,California
Trinity,2021-04-09,169,5743,20,582,145,4883,4,278,91,1264,78,2375,95,3639,California
Trinity,2021-04-10,11,5754,7,589,4,4887,0,278,10,1273,1,2376,10,3649,California
Trinity,2021-04-11,10,5764,5,594,3,4890,2,280,4,1273,6,2382,6,3655,California
Trinity,2021-04-12,77,5841,5,599,71,4961,1,281,64,1325,12,2394,64,3719,California
Trinity,2021-04-13,104,5945,5,604,99,5060,0,281,11,1243,93,2487,11,3730,California
Trinity,2021-04-14,10,5955,5,609,5,5065,0,281,6,1245,4,2491,6,3736,California
Trinity,2021-04-15,46,6001,11,620,35,5100,0,281,16,1232,29,2520,16,3752,California
Trinity,2021-04-16,151,6152,13,633,138,5238,0,281,78,1238,72,2592,78,3830,California
Trinity,2021-04-17,11,6163,5,638,6,5244,0,281,9,1245,2,2594,9,3839,California
Trinity,2021-04-18,3,6166,1,639,2,5246,0,281,0,1242,3,2597,0,3839,California
Trinity,2021-04-19,67,6233,2,641,65,5311,0,281,66,1307,1,2598,66,3905,California
Trinity,2021-04-20,93,6326,8,649,85,5396,0,281,21,1256,72,2670,21,3926,California
Trinity,2021-04-21,22,6348,9,658,13,5409,0,281,9,1252,13,2683,9,3935,California
Trinity,2021-04-22,92,6440,5,663,87,5496,0,281,14,1188,78,2761,14,3949,California
Trinity,2021-04-23,179,6619,6,669,173,5669,0,281,111,1231,68,2829,111,4060,California
Trinity,2021-04-24,23,6642,12,681,11,5680,0,281,6,1220,17,2846,6,4066,California
Trinity,2021-04-25,10,6652,9,690,1,5681,0,281,3,1217,6,2852,3,4069,California
Trinity,2021-04-26,48,6700,9,699,39,5720,0,281,40,1249,8,2860,40,4109,California
Trinity,2021-04-27,88,6788,11,710,77,5797,0,281,23,1207,65,2925,23,4132,California
Trinity,2021-04-28,33,6821,11,721,22,5819,0,281,12,1198,21,2946,12,4144,California
Trinity,2021-04-29,34,6855,13,734,21,5840,0,281,12,1188,22,2968,12,4156,California
Trinity,2021-04-30,27,6882,21,755,6,5846,0,281,8,1178,18,2986,8,4164,California
Trinity,2021-05-01,15,6897,8,763,2,5848,5,286,5,1178,10,2996,10,4174,California
Trinity,2021-05-02,8,6905,5,768,1,5849,2,288,2,1176,6,3002,4,4178,California
Trinity,2021-05-03,58,6963,13,781,44,5893,1,289,9,1138,48,3050,10,4188,California
Trinity,2021-05-04,23,6986,11,792,11,5904,1,290,8,1132,15,3065,9,4197,California
Trinity,2021-05-05,11,6997,7,799,4,5908,0,290,4,1129,7,3072,4,4201,California
Trinity,2021-05-06,73,7070,10,809,61,5969,2,292,16,1090,57,3129,18,4219,California
Trinity,2021-05-07,176,7246,12,821,130,6099,34,326,14,976,162,3291,48,4267,California
Trinity,2021-05-08,6,7252,2,823,4,6103,0,326,2,974,4,3295,2,4269,California
Trinity,2021-05-09,11,7263,8,831,3,6106,0,326,7,977,4,3299,7,4276,California
Trinity,2021-05-10,16,7279,6,837,9,6115,1,327,8,978,8,3307,9,4285,California
Trinity,2021-05-11,7,7286,3,840,4,6119,0,327,5,981,2,3309,5,4290,California
Trinity,2021-05-12,19,7305,16,856,2,6121,1,328,14,991,5,3314,15,4305,California
Trinity,2021-05-13,15,7320,10,866,4,6125,1,329,9,995,6,3320,10,4315,California
Trinity,2021-05-14,138,7458,19,885,91,6216,28,357,39,963,99,3419,67,4382,California
Trinity,2021-05-15,15,7473,10,895,4,6220,1,358,7,964,7,3426,8,4390,California
Trinity,2021-05-16,8,7481,6,901,2,6222,0,358,6,968,2,3428,6,4396,California
Trinity,2021-05-17,108,7589,20,921,86,6308,2,360,42,946,66,3494,44,4440,California
Trinity,2021-05-18,37,7626,7,928,29,6337,1,361,11,932,26,3520,12,4452,California
Trinity,2021-05-19,143,7769,17,945,97,6434,29,390,26,871,116,3636,55,4507,California
Trinity,2021-05-20,28,7797,21,966,4,6438,3,393,17,880,11,3647,20,4527,California
Trinity,2021-05-21,21,7818,12,978,9,6447,0,393,12,883,9,3656,12,4539,California
Trinity,2021-05-22,17,7835,14,992,3,6450,0,393,13,892,4,3660,13,4552,California
Trinity,2021-05-23,6,7841,4,996,2,6452,0,393,2,890,4,3664,2,4554,California
Trinity,2021-05-24,109,7950,12,1008,96,6548,1,394,8,799,100,3764,9,4563,California
Trinity,2021-05-25,39,7989,14,1022,25,6573,0,394,17,794,22,3786,17,4580,California
Trinity,2021-05-26,12,8001,6,1028,6,6579,0,394,4,790,8,3794,4,4584,California
Trinity,2021-05-27,30,8031,13,1041,12,6591,5,399,7,779,23,3817,12,4596,California
Trinity,2021-05-28,14,8045,10,1051,3,6594,1,400,7,780,7,3824,8,4604,California
Trinity,2021-05-29,10,8055,7,1058,2,6596,1,401,7,785,3,3827,8,4612,California
Trinity,2021-05-30,6,8061,5,1063,1,6597,0,401,0,779,6,3833,0,4612,California
Trinity,2021-05-31,4,8065,3,1066,1,6598,0,401,2,779,2,3835,2,4614,California
Trinity,2021-06-01,15,8080,8,1074,5,6603,2,403,4,775,10,3845,6,4620,California
Trinity,2021-06-02,24,8104,19,1093,3,6606,2,405,9,771,15,3860,11,4631,California
Trinity,2021-06-03,39,8143,13,1106,26,6632,0,405,13,758,26,3886,13,4644,California
Trinity,2021-06-04,45,8188,21,1127,16,6648,8,413,12,745,33,3919,20,4664,California
Trinity,2021-06-05,19,8207,18,1145,1,6649,0,413,13,752,6,3925,13,4677,California
Trinity,2021-06-06,9,8216,6,1151,2,6651,1,414,2,748,7,3932,3,4680,California
Trinity,2021-06-07,28,8244,19,1170,8,6659,1,415,12,745,16,3948,13,4693,California
Trinity,2021-06-08,14,8258,12,1182,1,6660,1,416,4,740,10,3958,5,4698,California
Trinity,2021-06-09,24,8282,14,1196,1,6661,9,425,5,735,19,3977,14,4712,California
Trinity,2021-06-10,20,8302,18,1214,2,6663,0,425,5,725,15,3992,5,4717,California
Trinity,2021-06-11,45,8347,10,1224,33,6696,2,427,14,710,31,4023,16,4733,California
Trinity,2021-06-12,9,8356,9,1233,0,6696,0,427,2,705,7,4030,2,4735,California
Trinity,2021-06-13,4,8360,4,1237,0,6696,0,427,1,703,3,4033,1,4736,California
Trinity,2021-06-14,43,8403,16,1253,27,6723,0,427,11,682,32,4065,11,4747,California
Trinity,2021-06-15,45,8448,21,1274,3,6726,21,448,9,675,36,4101,29,4776,California
Trinity,2021-06-16,10,8458,6,1280,4,6730,0,448,3,671,7,4108,3,4779,California
Trinity,2021-06-17,15,8473,13,1293,0,6730,2,450,5,669,9,4117,7,4786,California
Trinity,2021-06-18,15,8488,10,1303,3,6733,2,452,6,668,9,4126,8,4794,California
Trinity,2021-06-19,10,8498,10,1313,0,6733,0,452,2,662,8,4134,2,4796,California
Trinity,2021-06-20,3,8501,3,1316,0,6733,0,452,3,665,0,4134,3,4799,California
Trinity,2021-06-21,8,8509,6,1322,0,6733,2,454,5,669,3,4137,7,4806,California
Trinity,2021-06-22,32,8541,10,1332,13,6746,9,463,14,674,18,4155,23,4829,California
Trinity,2021-06-23,5,8546,1,1333,0,6746,4,467,0,673,5,4160,4,4833,California
Tulare,2020-12-15,1,1,1,1,0,0,0,0,1,1,0,0,1,1,California
Tulare,2020-12-16,4,5,4,5,0,0,0,0,4,5,0,0,4,5,California
Tulare,2020-12-17,110,115,110,115,0,0,0,0,110,115,0,0,110,115,California
Tulare,2020-12-18,290,405,289,404,1,1,0,0,290,405,0,0,290,405,California
Tulare,2020-12-19,327,732,327,731,0,1,0,0,327,732,0,0,327,732,California
Tulare,2020-12-20,165,897,165,896,0,1,0,0,165,897,0,0,165,897,California
Tulare,2020-12-21,423,1320,423,1319,0,1,0,0,443,1340,0,0,443,1340,California
Tulare,2020-12-22,470,1790,468,1787,2,3,0,0,469,1809,0,0,469,1809,California
Tulare,2020-12-23,326,2116,318,2105,8,11,0,0,324,2133,0,0,324,2133,California
Tulare,2020-12-24,18,2134,16,2121,2,13,0,0,18,2151,0,0,18,2151,California
Tulare,2020-12-26,8,2142,7,2128,1,14,0,0,8,2159,0,0,8,2159,California
Tulare,2020-12-27,16,2158,12,2140,4,18,0,0,16,2175,0,0,16,2175,California
Tulare,2020-12-28,483,2641,470,2610,13,31,0,0,482,2657,0,0,482,2657,California
Tulare,2020-12-29,547,3188,477,3087,70,101,0,0,547,3204,0,0,547,3204,California
Tulare,2020-12-30,469,3657,425,3512,44,145,0,0,469,3673,0,0,469,3673,California
Tulare,2020-12-31,100,3757,22,3534,78,223,0,0,100,3773,0,0,100,3773,California
Tulare,2021-01-01,3,3760,1,3535,2,225,0,0,3,3776,0,0,3,3776,California
Tulare,2021-01-02,32,3792,19,3554,13,238,0,0,32,3808,0,0,32,3808,California
Tulare,2021-01-03,23,3815,9,3563,14,252,0,0,23,3831,0,0,23,3831,California
Tulare,2021-01-04,93,3908,16,3579,77,329,0,0,93,3924,0,0,93,3924,California
Tulare,2021-01-05,465,4373,279,3858,186,515,0,0,463,4385,2,2,463,4387,California
Tulare,2021-01-06,862,5235,631,4489,231,746,0,0,852,5227,10,12,852,5239,California
Tulare,2021-01-07,782,6017,585,5074,197,943,0,0,674,5793,108,120,674,5913,California
Tulare,2021-01-08,1280,7297,573,5647,707,1650,0,0,943,6400,336,456,943,6856,California
Tulare,2021-01-09,805,8102,204,5851,601,2251,0,0,617,6829,188,644,617,7473,California
Tulare,2021-01-10,50,8152,43,5894,7,2258,0,0,12,6803,38,682,12,7485,California
Tulare,2021-01-11,1274,9426,771,6665,503,2761,0,0,835,7199,439,1121,835,8320,California
Tulare,2021-01-12,1450,10876,504,7169,946,3707,0,0,1039,7829,410,1531,1040,9360,California
Tulare,2021-01-13,431,11307,200,7369,231,3938,0,0,356,8110,75,1606,356,9716,California
Tulare,2021-01-14,495,11802,143,7512,352,4290,0,0,469,8564,15,1621,469,10185,California
Tulare,2021-01-15,1649,13451,156,7668,1493,5783,0,0,1640,10195,9,1630,1640,11825,California
Tulare,2021-01-16,1924,15375,112,7780,1812,7595,0,0,1910,12091,14,1644,1910,13735,California
Tulare,2021-01-17,142,15517,122,7902,20,7615,0,0,132,12213,10,1654,132,13867,California
Tulare,2021-01-18,697,16214,661,8563,36,7651,0,0,296,12108,401,2055,296,14163,California
Tulare,2021-01-19,1014,17228,688,9251,326,7977,0,0,587,12268,427,2482,587,14750,California
Tulare,2021-01-20,2427,19655,615,9866,1812,9789,0,0,2013,13894,388,2870,2014,16764,California
Tulare,2021-01-21,1572,21227,183,10049,1389,11178,0,0,1546,15419,21,2891,1546,18310,California
Tulare,2021-01-22,1067,22294,191,10240,876,12054,0,0,1040,16433,26,2917,1040,19350,California
Tulare,2021-01-23,441,22735,157,10397,284,12338,0,0,420,16832,21,2938,420,19770,California
Tulare,2021-01-24,30,22765,27,10424,3,12341,0,0,28,16858,2,2940,28,19798,California
Tulare,2021-01-25,1350,24115,985,11409,365,12706,0,0,1299,18106,51,2991,1299,21097,California
Tulare,2021-01-26,1509,25624,1100,12509,409,13115,0,0,1171,18940,337,3328,1171,22268,California
Tulare,2021-01-27,1501,27125,1067,13576,434,13549,0,0,923,19286,577,3905,923,23191,California
Tulare,2021-01-28,1216,28341,777,14353,439,13988,0,0,817,19704,399,4304,817,24008,California
Tulare,2021-01-29,1129,29470,718,15071,411,14399,0,0,819,20213,310,4614,819,24827,California
Tulare,2021-01-30,1675,31145,1580,16651,95,14494,0,0,1650,21839,25,4639,1651,26478,California
Tulare,2021-01-31,66,31211,61,16712,5,14499,0,0,63,21899,3,4642,63,26541,California
Tulare,2021-02-01,1188,32399,915,17627,273,14772,0,0,827,22366,360,5002,827,27368,California
Tulare,2021-02-02,702,33101,350,17977,352,15124,0,0,459,22585,241,5243,460,27828,California
Tulare,2021-02-03,575,33676,243,18220,332,15456,0,0,330,22690,225,5468,330,28158,California
Tulare,2021-02-04,566,34242,170,18390,396,15852,0,0,278,22682,287,5755,279,28437,California
Tulare,2021-02-05,1241,35483,237,18627,1004,16856,0,0,406,22255,833,6588,406,28843,California
Tulare,2021-02-06,835,36318,155,18782,680,17536,0,0,208,21838,625,7213,208,29051,California
Tulare,2021-02-07,83,36401,71,18853,12,17548,0,0,23,21801,60,7273,23,29074,California
Tulare,2021-02-08,944,37345,327,19180,617,18165,0,0,240,21339,702,7975,240,29314,California
Tulare,2021-02-09,1415,38760,335,19515,1080,19245,0,0,342,20613,1068,9043,342,29656,California
Tulare,2021-02-10,2482,41242,1989,21504,493,19738,0,0,2078,22288,403,9446,2078,31734,California
Tulare,2021-02-11,1334,42576,375,21879,959,20697,0,0,910,22774,424,9870,910,32644,California
Tulare,2021-02-12,2784,45360,576,22455,2208,22905,0,0,1182,22361,1595,11465,1182,33826,California
Tulare,2021-02-13,2476,47836,158,22613,2318,25223,0,0,642,21173,1830,13295,642,34468,California
Tulare,2021-02-14,340,48176,40,22653,300,25523,0,0,303,21439,37,13332,303,34771,California
Tulare,2021-02-15,921,49097,295,22948,626,26149,0,0,662,21843,258,13590,662,35433,California
Tulare,2021-02-16,2835,51932,1595,24543,1240,27389,0,0,1073,21157,1760,15350,1074,36507,California
Tulare,2021-02-17,2703,54635,512,25055,2191,29580,0,0,456,19372,2241,17591,456,36963,California
Tulare,2021-02-18,2334,56969,450,25505,1884,31464,0,0,642,18330,1684,19275,642,37605,California
Tulare,2021-02-19,2328,59297,876,26381,1452,32916,0,0,961,17926,1365,20640,961,38566,California
Tulare,2021-02-20,2977,62274,1879,28260,1098,34014,0,0,1257,17468,1715,22355,1257,39823,California
Tulare,2021-02-21,96,62370,92,28352,4,34018,0,0,49,17471,46,22401,49,39872,California
Tulare,2021-02-22,1107,63477,701,29053,406,34424,0,0,211,16787,895,23296,211,40083,California
Tulare,2021-02-23,1961,65438,947,30000,1014,35438,0,0,1465,17758,494,23790,1465,41548,California
Tulare,2021-02-24,2490,67928,1550,31550,940,36378,0,0,2110,19490,379,24169,2111,43659,California
Tulare,2021-02-25,3520,71448,1988,33538,1532,37910,0,0,3103,22182,413,24582,3105,46764,California
Tulare,2021-02-26,3866,75314,1892,35430,1974,39884,0,0,3390,25098,474,25056,3390,50154,California
Tulare,2021-02-27,3006,78320,1496,36926,1510,41394,0,0,2872,27848,122,25178,2872,53026,California
Tulare,2021-02-28,1313,79633,1040,37966,273,41667,0,0,1291,29121,18,25196,1291,54317,California
Tulare,2021-03-01,1788,81421,806,38772,982,42649,0,0,1597,30529,189,25385,1597,55914,California
Tulare,2021-03-02,2821,84242,1270,40042,1551,44200,0,0,2643,32997,176,25561,2644,58558,California
Tulare,2021-03-03,4084,88326,2734,42776,1349,45549,1,1,2130,33179,1951,27512,2133,60691,California
Tulare,2021-03-04,2981,91307,1345,44121,1636,47185,0,1,2639,35481,337,27849,2639,63330,California
Tulare,2021-03-05,3503,94810,1758,45879,1730,48915,15,16,2984,37966,516,28365,3001,66331,California
Tulare,2021-03-06,3092,97902,1443,47322,1589,50504,60,76,2837,40610,252,28617,2896,69227,California
Tulare,2021-03-07,1141,99043,707,48029,413,50917,21,97,1099,41689,41,28658,1120,70347,California
Tulare,2021-03-08,1738,100781,1008,49037,561,51478,169,266,1405,42934,328,28986,1573,71920,California
Tulare,2021-03-09,3267,104048,2245,51282,874,52352,148,414,2853,45521,413,29399,3000,74920,California
Tulare,2021-03-10,2978,107026,1402,52684,1401,53753,175,589,2572,47870,396,29795,2745,77665,California
Tulare,2021-03-11,4236,111262,1994,54678,1938,55691,304,893,3290,50518,946,30741,3594,81259,California
Tulare,2021-03-12,4412,115674,2430,57108,1630,57321,352,1245,3127,52720,1277,32018,3479,84738,California
Tulare,2021-03-13,4153,119827,1945,59053,2103,59424,105,1350,3200,55078,947,32965,3305,88043,California
Tulare,2021-03-14,1860,121687,987,60040,653,60077,220,1570,1334,56104,525,33490,1551,89594,California
Tulare,2021-03-15,2755,124442,1632,61672,1008,61085,115,1685,1976,57424,775,34265,2095,91689,California
Tulare,2021-03-16,3439,127881,2120,63792,1242,62327,77,1762,1880,57829,1555,35820,1960,93649,California
Tulare,2021-03-17,4079,131960,2661,66453,1342,63669,76,1838,2326,58491,1747,37567,2409,96058,California
Tulare,2021-03-18,4662,136622,3402,69855,1188,64857,72,1910,2461,58836,2191,39758,2536,98594,California
Tulare,2021-03-19,5118,141740,3377,73232,1546,66403,195,2105,2736,59407,2362,42120,2933,101527,California
Tulare,2021-03-20,4488,146228,2794,76026,1322,67725,372,2477,2064,59430,2416,44536,2439,103966,California
Tulare,2021-03-21,2008,148236,1719,77745,263,67988,26,2503,1063,59577,941,45477,1088,105054,California
Tulare,2021-03-22,2570,150806,1780,79525,678,68666,112,2615,1688,60503,876,46353,1802,106856,California
Tulare,2021-03-23,3789,154595,2189,81714,1548,70214,52,2667,2080,60943,1699,48052,2139,108995,California
Tulare,2021-03-24,3200,157795,1985,83699,1174,71388,41,2708,1719,61230,1473,49525,1760,110755,California
Tulare,2021-03-25,3479,161274,1810,85509,1495,72883,174,2882,1673,61281,1798,51323,1849,112604,California
Tulare,2021-03-26,5262,166536,3136,88645,2014,74897,112,2994,2545,61238,2700,54023,2657,115261,California
Tulare,2021-03-27,3539,170075,1814,90459,1627,76524,98,3092,989,59782,2542,56565,1086,116347,California
Tulare,2021-03-28,1475,171550,1070,91529,374,76898,31,3123,676,59699,797,57362,714,117061,California
Tulare,2021-03-29,2888,174438,1672,93201,1109,78007,107,3230,1226,59377,1657,59019,1335,118396,California
Tulare,2021-03-30,4925,179363,2788,95989,1906,79913,231,3461,1498,57682,3416,62435,1721,120117,California
Tulare,2021-03-31,3972,183335,2343,98332,1514,81427,115,3576,1555,56944,2409,64844,1671,121788,California
Tulare,2021-04-01,4540,187875,2455,100787,2012,83439,73,3649,1557,55602,2973,67817,1631,123419,California
Tulare,2021-04-02,5348,193223,3059,103846,2177,85616,112,3761,1549,53482,3782,71599,1662,125081,California
Tulare,2021-04-03,3626,196849,2094,105940,1158,86774,374,4135,834,51934,2754,74353,1206,126287,California
Tulare,2021-04-04,1633,198482,1146,107086,480,87254,7,4142,358,51028,1271,75624,365,126652,California
Tulare,2021-04-05,3357,201839,2343,109429,746,88000,268,4410,851,49654,2493,78117,1119,127771,California
Tulare,2021-04-06,3438,205277,1469,110898,1472,89472,497,4907,893,48509,2537,80654,1392,129163,California
Tulare,2021-04-07,3900,209177,1839,112737,1626,91098,435,5342,1175,47395,2714,83368,1600,130763,California
Tulare,2021-04-08,4802,213979,2627,115364,1712,92810,463,5805,1521,46107,3268,86636,1980,132743,California
Tulare,2021-04-09,4846,218825,2996,118360,1413,94223,437,6242,1820,45347,3018,89654,2258,135001,California
Tulare,2021-04-10,3842,222667,2071,120431,1451,95674,320,6562,935,43700,2898,92552,1251,136252,California
Tulare,2021-04-11,1591,224258,1052,121483,465,96139,74,6636,490,43166,1098,93650,564,136816,California
Tulare,2021-04-12,3421,227679,2133,123616,692,96831,596,7232,1069,42490,2342,95992,1666,138482,California
Tulare,2021-04-13,2413,230092,1593,125209,811,97642,9,7241,903,41906,1498,97490,914,139396,California
Tulare,2021-04-14,2880,232972,1702,126911,1178,98820,0,7241,915,40861,1960,99450,915,140311,California
Tulare,2021-04-15,3319,236291,2167,129078,1152,99972,0,7241,1479,40513,1827,101277,1479,141790,California
Tulare,2021-04-16,3722,240013,2250,131328,1472,101444,0,7241,1491,39786,2218,103495,1491,143281,California
Tulare,2021-04-17,2253,242266,1326,132654,927,102371,0,7241,1197,39934,1050,104545,1198,144479,California
Tulare,2021-04-18,1546,243812,1208,133862,338,102709,0,7241,823,40035,722,105267,823,145302,California
Tulare,2021-04-19,2168,245980,1253,135115,914,103623,1,7242,909,39691,1254,106521,910,146212,California
Tulare,2021-04-20,2352,248332,1320,136435,1032,104655,0,7242,993,39340,1344,107865,993,147205,California
Tulare,2021-04-21,2223,250555,1342,137777,881,105536,0,7242,820,38799,1362,109227,821,148026,California
Tulare,2021-04-22,2113,252668,1177,138954,936,106472,0,7242,726,38157,1368,110595,726,148752,California
Tulare,2021-04-23,2586,255254,1582,140536,1003,107475,1,7243,1016,37616,1558,112153,1017,149769,California
Tulare,2021-04-24,1644,256898,1054,141590,588,108063,2,7245,852,37683,787,112940,854,150623,California
Tulare,2021-04-25,695,257593,522,142112,173,108236,0,7245,266,37520,429,113369,266,150889,California
Tulare,2021-04-26,1527,259120,919,143031,589,108825,19,7264,642,37301,878,114247,659,151548,California
Tulare,2021-04-27,1668,260788,676,143707,954,109779,38,7302,712,37099,951,115198,749,152297,California
Tulare,2021-04-28,1713,262501,972,144679,699,110478,42,7344,674,36780,1034,116232,715,153012,California
Tulare,2021-04-29,2005,264506,1199,145878,768,111246,38,7382,774,36371,1219,117451,810,153822,California
Tulare,2021-04-30,2443,266949,1779,147657,614,111860,50,7432,902,35789,1533,118984,951,154773,California
Tulare,2021-05-01,1419,268368,1218,148875,189,112049,12,7444,729,35850,680,119664,741,155514,California
Tulare,2021-05-02,589,268957,500,149375,72,112121,17,7461,187,35655,398,120062,203,155717,California
Tulare,2021-05-03,1621,270578,1094,150469,402,112523,125,7586,349,34864,1265,121327,474,156191,California
Tulare,2021-05-04,1556,272134,829,151298,657,113180,70,7656,626,34637,920,122247,693,156884,California
Tulare,2021-05-05,1280,273414,619,151917,572,113752,89,7745,441,34339,828,123075,530,157414,California
Tulare,2021-05-06,1969,275383,1328,153245,592,114344,49,7794,591,33609,1370,124445,640,158054,California
Tulare,2021-05-07,1838,277221,1246,154491,524,114868,68,7862,520,32886,1310,125755,587,158641,California
Tulare,2021-05-08,1233,278454,807,155298,401,115269,25,7887,526,32738,700,126455,552,159193,California
Tulare,2021-05-09,587,279041,464,155762,102,115371,21,7908,115,32408,467,126922,137,159330,California
Tulare,2021-05-10,1025,280066,591,156353,368,115739,66,7974,310,32073,711,127633,376,159706,California
Tulare,2021-05-11,1255,281321,638,156991,538,116277,79,8053,521,31946,727,128360,600,160306,California
Tulare,2021-05-12,1581,282902,1017,158008,506,116783,58,8111,431,31299,1135,129495,488,160794,California
Tulare,2021-05-13,1547,284449,981,158989,528,117311,38,8149,695,31183,848,130343,732,161526,California
Tulare,2021-05-14,1936,286385,1246,160235,628,117939,62,8211,869,31060,1054,131397,931,162457,California
Tulare,2021-05-15,1566,287951,882,161117,637,118576,47,8258,668,30879,890,132287,709,163166,California
Tulare,2021-05-16,698,288649,557,161674,129,118705,12,8270,325,30845,371,132658,337,163503,California
Tulare,2021-05-17,1539,290188,955,162629,511,119216,73,8343,733,30852,799,133457,806,164309,California
Tulare,2021-05-18,1580,291768,855,163484,672,119888,53,8396,792,30911,784,134241,843,165152,California
Tulare,2021-05-19,1480,293248,954,164438,492,120380,34,8430,771,31014,702,134943,805,165957,California
Tulare,2021-05-20,1575,294823,1060,165498,428,120808,87,8517,758,31045,813,135756,844,166801,California
Tulare,2021-05-21,1944,296767,1421,166919,481,121289,42,8559,1065,31281,871,136627,1107,167908,California
Tulare,2021-05-22,1605,298372,1141,168060,441,121730,23,8582,602,30912,995,137622,626,168534,California
Tulare,2021-05-23,401,298773,318,168378,73,121803,10,8592,205,30933,194,137816,215,168749,California
Tulare,2021-05-24,909,299682,553,168931,296,122099,60,8652,406,30897,502,138318,466,169215,California
Tulare,2021-05-25,1180,300862,702,169633,446,122545,32,8684,504,30763,670,138988,536,169751,California
Tulare,2021-05-26,878,301740,485,170118,351,122896,42,8726,401,30732,473,139461,442,170193,California
Tulare,2021-05-27,1272,303012,806,170924,435,123331,31,8757,594,30684,675,140136,627,170820,California
Tulare,2021-05-28,1183,304195,659,171583,475,123806,49,8806,630,30815,547,140683,678,171498,California
Tulare,2021-05-29,875,305070,646,172229,209,124015,20,8826,502,30966,371,141054,522,172020,California
Tulare,2021-05-30,284,305354,205,172434,71,124086,8,8834,165,31022,117,141171,173,172193,California
Tulare,2021-05-31,131,305485,51,172485,69,124155,11,8845,55,31013,75,141246,66,172259,California
Tulare,2021-06-01,1054,306539,626,173111,397,124552,31,8876,405,30807,641,141887,435,172694,California
Tulare,2021-06-02,797,307336,468,173579,296,124848,33,8909,365,30783,420,142307,396,173090,California
Tulare,2021-06-03,1140,308476,811,174390,273,125121,56,8965,423,30564,697,143004,478,173568,California
Tulare,2021-06-04,1168,309644,831,175221,305,125426,32,8997,390,30212,774,143778,422,173990,California
Tulare,2021-06-05,880,310524,697,175918,168,125594,15,9012,304,29957,574,144352,319,174309,California
Tulare,2021-06-06,417,310941,355,176273,45,125639,17,9029,138,29834,278,144630,155,174464,California
Tulare,2021-06-07,873,311814,686,176959,153,125792,34,9063,283,29564,587,145217,317,174781,California
Tulare,2021-06-08,1045,312859,772,177731,213,126005,60,9123,354,29291,687,145904,414,175195,California
Tulare,2021-06-09,1078,313937,755,178486,287,126292,36,9159,344,28940,729,146633,378,175573,California
Tulare,2021-06-10,1096,315033,879,179365,181,126473,36,9195,385,28651,709,147342,420,175993,California
Tulare,2021-06-11,1231,316264,884,180249,312,126785,35,9230,382,28229,839,148181,417,176410,California
Tulare,2021-06-12,945,317209,732,180981,202,126987,11,9241,327,27955,612,148793,338,176748,California
Tulare,2021-06-13,310,317519,222,181203,85,127072,3,9244,92,27833,217,149010,95,176843,California
Tulare,2021-06-14,768,318287,563,181766,179,127251,26,9270,298,27692,465,149475,324,177167,California
Tulare,2021-06-15,983,319270,665,182431,288,127539,30,9300,435,27616,541,150016,465,177632,California
Tulare,2021-06-16,839,320109,577,183008,223,127762,39,9339,375,27570,461,150477,415,178047,California
Tulare,2021-06-17,1014,321123,752,183760,237,127999,25,9364,405,27394,606,151083,430,178477,California
Tulare,2021-06-18,985,322108,692,184452,257,128256,36,9400,373,27192,610,151693,408,178885,California
Tulare,2021-06-19,849,322957,679,185131,158,128414,12,9412,391,27141,454,152147,403,179288,California
Tulare,2021-06-20,249,323206,186,185317,55,128469,8,9420,74,27049,175,152322,83,179371,California
Tulare,2021-06-21,504,323710,328,185645,146,128615,30,9450,292,27160,211,152533,322,179693,California
Tulare,2021-06-22,740,324450,508,186153,209,128824,23,9473,340,27128,395,152928,363,180056,California
Tulare,2021-06-23,289,324739,179,186332,93,128917,17,9490,153,27164,134,153062,170,180226,California
Tuolumne,2020-12-16,47,47,47,47,0,0,0,0,47,47,0,0,47,47,California
Tuolumne,2020-12-17,18,65,18,65,0,0,0,0,18,65,0,0,18,65,California
Tuolumne,2020-12-18,101,166,100,165,1,1,0,0,101,166,0,0,101,166,California
Tuolumne,2020-12-19,5,171,5,170,0,1,0,0,5,171,0,0,5,171,California
Tuolumne,2020-12-20,2,173,2,172,0,1,0,0,2,173,0,0,2,173,California
Tuolumne,2020-12-21,115,288,101,273,14,15,0,0,115,288,0,0,115,288,California
Tuolumne,2020-12-22,172,460,172,445,0,15,0,0,172,460,0,0,172,460,California
Tuolumne,2020-12-23,185,645,183,628,2,17,0,0,185,645,0,0,185,645,California
Tuolumne,2020-12-25,1,646,1,629,0,17,0,0,1,646,0,0,1,646,California
Tuolumne,2020-12-26,2,648,2,631,0,17,0,0,2,648,0,0,2,648,California
Tuolumne,2020-12-28,76,724,74,705,2,19,0,0,76,724,0,0,76,724,California
Tuolumne,2020-12-29,103,827,39,744,64,83,0,0,103,827,0,0,103,827,California
Tuolumne,2020-12-30,77,904,22,766,55,138,0,0,77,904,0,0,77,904,California
Tuolumne,2020-12-31,27,931,20,786,7,145,0,0,27,931,0,0,27,931,California
Tuolumne,2021-01-01,6,937,5,791,1,146,0,0,6,937,0,0,6,937,California
Tuolumne,2021-01-02,119,1056,116,907,3,149,0,0,119,1056,0,0,119,1056,California
Tuolumne,2021-01-03,2,1058,2,909,0,149,0,0,2,1058,0,0,2,1058,California
Tuolumne,2021-01-04,69,1127,26,935,43,192,0,0,69,1127,0,0,69,1127,California
Tuolumne,2021-01-05,93,1220,27,962,66,258,0,0,90,1215,3,3,91,1218,California
Tuolumne,2021-01-06,132,1352,72,1034,60,318,0,0,68,1219,64,67,68,1286,California
Tuolumne,2021-01-07,120,1472,64,1098,56,374,0,0,64,1227,56,123,64,1350,California
Tuolumne,2021-01-08,106,1578,82,1180,24,398,0,0,27,1178,78,201,29,1379,California
Tuolumne,2021-01-09,2,1580,0,1180,2,400,0,0,2,1180,0,201,2,1381,California
Tuolumne,2021-01-10,3,1583,1,1181,2,402,0,0,3,1183,0,201,3,1384,California
Tuolumne,2021-01-11,117,1700,91,1272,26,428,0,0,35,1136,82,283,35,1419,California
Tuolumne,2021-01-12,102,1802,86,1358,16,444,0,0,18,1070,84,367,18,1437,California
Tuolumne,2021-01-13,231,2033,125,1483,106,550,0,0,182,1204,49,416,183,1620,California
Tuolumne,2021-01-14,148,2181,108,1591,40,590,0,0,43,1143,104,520,43,1663,California
Tuolumne,2021-01-15,475,2656,73,1664,402,992,0,0,412,1494,62,582,413,2076,California
Tuolumne,2021-01-16,7,2663,3,1667,4,996,0,0,6,1499,1,583,6,2082,California
Tuolumne,2021-01-17,8,2671,4,1671,4,1000,0,0,8,1507,0,583,8,2090,California
Tuolumne,2021-01-18,46,2717,38,1709,8,1008,0,0,9,1480,36,619,9,2099,California
Tuolumne,2021-01-19,478,3195,74,1783,404,1412,0,0,432,1866,46,665,432,2531,California
Tuolumne,2021-01-20,76,3271,58,1841,18,1430,0,0,24,1839,51,716,24,2555,California
Tuolumne,2021-01-21,58,3329,24,1865,34,1464,0,0,42,1865,16,732,42,2597,California
Tuolumne,2021-01-22,170,3499,17,1882,153,1617,0,0,162,2019,8,740,162,2759,California
Tuolumne,2021-01-23,652,4151,133,2015,519,2136,0,0,545,2470,107,847,558,3317,California
Tuolumne,2021-01-24,523,4674,2,2017,521,2657,0,0,519,2988,4,851,522,3839,California
Tuolumne,2021-01-25,50,4724,28,2045,22,2679,0,0,24,2987,26,877,25,3864,California
Tuolumne,2021-01-26,81,4805,68,2113,13,2692,0,0,40,2987,41,918,41,3905,California
Tuolumne,2021-01-27,60,4865,4,2117,56,2748,0,0,8,2944,51,969,8,3913,California
Tuolumne,2021-01-28,26,4891,6,2123,20,2768,0,0,17,2952,9,978,17,3930,California
Tuolumne,2021-01-29,71,4962,6,2129,65,2833,0,0,32,2945,39,1017,32,3962,California
Tuolumne,2021-01-30,713,5675,554,2683,159,2992,0,0,689,3628,24,1041,707,4669,California
Tuolumne,2021-01-31,9,5684,2,2685,7,2999,0,0,6,3631,3,1044,6,4675,California
Tuolumne,2021-02-01,27,5711,7,2692,20,3019,0,0,24,3652,3,1047,24,4699,California
Tuolumne,2021-02-02,653,6364,46,2738,607,3626,0,0,640,4282,10,1057,640,5339,California
Tuolumne,2021-02-03,241,6605,112,2850,129,3755,0,0,88,4217,153,1210,88,5427,California
Tuolumne,2021-02-04,123,6728,13,2863,110,3865,0,0,61,4216,62,1272,61,5488,California
Tuolumne,2021-02-05,100,6828,13,2876,87,3952,0,0,36,4189,63,1335,36,5524,California
Tuolumne,2021-02-06,859,7687,583,3459,276,4228,0,0,850,5036,9,1344,856,6380,California
Tuolumne,2021-02-07,8,7695,4,3463,4,4232,0,0,4,5036,4,1348,4,6384,California
Tuolumne,2021-02-08,92,7787,41,3504,51,4283,0,0,68,5080,24,1372,68,6452,California
Tuolumne,2021-02-09,863,8650,51,3555,812,5095,0,0,821,5859,42,1414,821,7273,California
Tuolumne,2021-02-10,94,8744,18,3573,76,5171,0,0,31,5829,61,1475,31,7304,California
Tuolumne,2021-02-11,144,8888,68,3641,76,5247,0,0,78,5841,66,1541,78,7382,California
Tuolumne,2021-02-12,650,9538,20,3661,630,5877,0,0,209,5610,440,1981,209,7591,California
Tuolumne,2021-02-13,154,9692,43,3704,111,5988,0,0,121,5699,32,2013,121,7712,California
Tuolumne,2021-02-14,152,9844,14,3718,138,6126,0,0,151,5849,1,2014,151,7863,California
Tuolumne,2021-02-15,187,10031,11,3729,176,6302,0,0,178,6018,9,2023,178,8041,California
Tuolumne,2021-02-16,530,10561,18,3747,512,6814,0,0,122,5738,404,2427,124,8165,California
Tuolumne,2021-02-17,111,10672,63,3810,48,6862,0,0,61,5750,49,2476,61,8226,California
Tuolumne,2021-02-18,685,11357,27,3837,658,7520,0,0,633,6332,52,2528,634,8860,California
Tuolumne,2021-02-19,145,11502,25,3862,120,7640,0,0,45,6277,100,2628,45,8905,California
Tuolumne,2021-02-20,907,12409,342,4204,565,8205,0,0,384,6156,508,3136,387,9292,California
Tuolumne,2021-02-21,983,13392,42,4246,941,9146,0,0,472,6125,507,3643,476,9768,California
Tuolumne,2021-02-22,80,13472,58,4304,22,9168,0,0,46,6138,33,3676,46,9814,California
Tuolumne,2021-02-23,49,13521,25,4329,24,9192,0,0,26,6142,22,3698,26,9840,California
Tuolumne,2021-02-24,105,13626,58,4387,47,9239,0,0,42,6123,62,3760,43,9883,California
Tuolumne,2021-02-25,1054,14680,35,4422,1019,10258,0,0,1021,7112,33,3793,1022,10905,California
Tuolumne,2021-02-26,152,14832,12,4434,140,10398,0,0,126,7213,26,3819,127,11032,California
Tuolumne,2021-02-27,956,15788,580,5014,376,10774,0,0,250,6779,687,4506,253,11285,California
Tuolumne,2021-02-28,56,15844,4,5018,52,10826,0,0,52,6828,3,4509,52,11337,California
Tuolumne,2021-03-01,119,15963,22,5040,96,10922,1,1,78,6868,40,4549,80,11417,California
Tuolumne,2021-03-02,710,16673,75,5115,635,11557,0,1,107,6372,603,5152,107,11524,California
Tuolumne,2021-03-03,95,16768,21,5136,74,11631,0,1,66,6410,28,5180,66,11590,California
Tuolumne,2021-03-04,1175,17943,77,5213,1098,12729,0,1,1107,7450,67,5247,1107,12697,California
Tuolumne,2021-03-05,90,18033,9,5222,81,12810,0,1,52,7466,37,5284,53,12750,California
Tuolumne,2021-03-06,1061,19094,606,5828,453,13263,2,3,204,6827,850,6134,211,12961,California
Tuolumne,2021-03-07,42,19136,13,5841,14,13277,15,18,19,6838,23,6157,34,12995,California
Tuolumne,2021-03-08,197,19333,90,5931,100,13377,7,25,140,6927,57,6214,146,13141,California
Tuolumne,2021-03-09,873,20206,19,5950,843,14220,11,36,67,6206,800,7014,79,13220,California
Tuolumne,2021-03-10,95,20301,17,5967,67,14287,11,47,54,6230,41,7055,65,13285,California
Tuolumne,2021-03-11,1304,21605,42,6009,1256,15543,6,53,1259,7452,45,7100,1267,14552,California
Tuolumne,2021-03-12,312,21917,43,6052,254,15797,15,68,189,7538,121,7221,207,14759,California
Tuolumne,2021-03-13,117,22034,12,6064,105,15902,0,68,83,7589,33,7254,84,14843,California
Tuolumne,2021-03-14,148,22182,10,6074,129,16031,9,77,7,7469,141,7395,21,14864,California
Tuolumne,2021-03-15,302,22484,82,6156,217,16248,3,80,104,7387,197,7592,115,14979,California
Tuolumne,2021-03-16,809,23293,42,6198,756,17004,11,91,672,7935,136,7728,684,15663,California
Tuolumne,2021-03-17,156,23449,34,6232,109,17113,13,104,80,7952,75,7803,92,15755,California
Tuolumne,2021-03-18,951,24400,28,6260,910,18023,13,117,317,7653,629,8432,330,16085,California
Tuolumne,2021-03-19,138,24538,20,6280,88,18111,30,147,75,7696,62,8494,105,16190,California
Tuolumne,2021-03-20,93,24631,8,6288,75,18186,10,157,39,7691,53,8547,48,16238,California
Tuolumne,2021-03-21,837,25468,393,6681,434,18620,10,167,41,6960,783,9330,52,16290,California
Tuolumne,2021-03-22,163,25631,73,6754,71,18691,19,186,96,7010,66,9396,116,16406,California
Tuolumne,2021-03-23,715,26346,639,7393,62,18753,14,200,675,7659,39,9435,688,17094,California
Tuolumne,2021-03-24,112,26458,22,7415,72,18825,18,218,78,7722,33,9468,96,17190,California
Tuolumne,2021-03-25,1301,27759,24,7439,1274,20099,3,221,327,7081,971,10439,330,17520,California
Tuolumne,2021-03-26,280,28039,19,7458,237,20336,24,245,119,7076,149,10588,144,17664,California
Tuolumne,2021-03-27,581,28620,54,7512,527,20863,0,245,315,7130,264,10852,318,17982,California
Tuolumne,2021-03-28,48,28668,7,7519,41,20904,0,245,8,7100,39,10891,9,17991,California
Tuolumne,2021-03-29,206,28874,83,7602,123,21027,0,245,109,7115,94,10985,109,18100,California
Tuolumne,2021-03-30,167,29041,11,7613,155,21182,1,246,123,7196,43,11028,124,18224,California
Tuolumne,2021-03-31,97,29138,14,7627,81,21263,2,248,40,7183,55,11083,42,18266,California
Tuolumne,2021-04-01,1252,30390,30,7657,1222,22485,0,248,229,6392,1020,12103,229,18495,California
Tuolumne,2021-04-02,171,30561,12,7669,133,22618,26,274,93,6436,75,12178,119,18614,California
Tuolumne,2021-04-03,429,30990,35,7704,392,23010,2,276,240,6491,186,12364,241,18855,California
Tuolumne,2021-04-04,34,31024,4,7708,30,23040,0,276,21,6501,11,12375,21,18876,California
Tuolumne,2021-04-05,131,31155,19,7727,105,23145,7,283,58,6493,73,12448,65,18941,California
Tuolumne,2021-04-06,653,31808,517,8244,109,23254,27,310,517,6903,135,12583,545,19486,California
Tuolumne,2021-04-07,128,31936,37,8281,75,23329,16,326,50,6891,78,12661,66,19552,California
Tuolumne,2021-04-08,1452,33388,35,8316,1402,24731,15,341,250,5959,1197,13858,265,19817,California
Tuolumne,2021-04-09,278,33666,43,8359,190,24921,45,386,133,5995,145,14003,181,19998,California
Tuolumne,2021-04-10,55,33721,2,8361,33,24954,20,406,23,6007,31,14034,43,20041,California
Tuolumne,2021-04-11,18,33739,3,8364,12,24966,3,409,12,6016,6,14040,15,20056,California
Tuolumne,2021-04-12,172,33911,66,8430,101,25067,5,414,90,6034,77,14117,95,20151,California
Tuolumne,2021-04-13,789,34700,35,8465,754,25821,0,414,171,5596,609,14726,171,20322,California
Tuolumne,2021-04-14,158,34858,31,8496,127,25948,0,414,79,5601,75,14801,80,20402,California
Tuolumne,2021-04-15,346,35204,22,8518,324,26272,0,414,61,5384,278,15079,61,20463,California
Tuolumne,2021-04-16,260,35464,55,8573,205,26477,0,414,143,5420,108,15187,144,20607,California
Tuolumne,2021-04-17,44,35508,6,8579,38,26515,0,414,28,5432,16,15203,28,20635,California
Tuolumne,2021-04-18,11,35519,3,8582,8,26523,0,414,6,5434,5,15208,7,20642,California
Tuolumne,2021-04-19,177,35696,79,8661,98,26621,0,414,100,5459,75,15283,100,20742,California
Tuolumne,2021-04-20,712,36408,617,9278,95,26716,0,414,74,4903,630,15913,74,20816,California
Tuolumne,2021-04-21,121,36529,26,9304,95,26811,0,414,63,4914,52,15965,63,20879,California
Tuolumne,2021-04-22,711,37240,46,9350,665,27476,0,414,429,5071,273,16238,430,21309,California
Tuolumne,2021-04-23,179,37419,31,9381,148,27624,0,414,81,5061,92,16330,82,21391,California
Tuolumne,2021-04-24,79,37498,18,9399,61,27685,0,414,50,5082,29,16359,50,21441,California
Tuolumne,2021-04-25,26,37524,10,9409,16,27701,0,414,23,5102,3,16362,23,21464,California
Tuolumne,2021-04-26,158,37682,56,9465,102,27803,0,414,74,5094,83,16445,75,21539,California
Tuolumne,2021-04-27,143,37825,23,9488,113,27916,7,421,66,5093,74,16519,73,21612,California
Tuolumne,2021-04-28,119,37944,24,9512,84,28000,11,432,63,5112,55,16574,74,21686,California
Tuolumne,2021-04-29,282,38226,19,9531,255,28255,8,440,55,4952,223,16797,63,21749,California
Tuolumne,2021-04-30,372,38598,25,9556,335,28590,12,452,75,4746,293,17090,87,21836,California
Tuolumne,2021-05-01,25,38623,7,9563,13,28603,5,457,16,4758,9,17099,21,21857,California
Tuolumne,2021-05-02,26,38649,3,9566,21,28624,2,459,19,4772,7,17106,21,21878,California
Tuolumne,2021-05-03,111,38760,15,9581,91,28715,5,464,37,4742,72,17178,42,21920,California
Tuolumne,2021-05-04,708,39468,601,10182,102,28817,5,469,213,4466,493,17671,217,22137,California
Tuolumne,2021-05-05,110,39578,26,10208,78,28895,6,475,58,4481,49,17720,64,22201,California
Tuolumne,2021-05-06,290,39868,13,10221,261,29156,16,491,42,4295,243,17963,57,22258,California
Tuolumne,2021-05-07,329,40197,26,10247,295,29451,8,499,70,4115,258,18221,78,22336,California
Tuolumne,2021-05-08,51,40248,8,10255,39,29490,4,503,33,4134,18,18239,37,22373,California
Tuolumne,2021-05-09,17,40265,2,10257,13,29503,2,505,3,4125,14,18253,5,22378,California
Tuolumne,2021-05-10,112,40377,44,10301,63,29566,5,510,32,4083,79,18332,37,22415,California
Tuolumne,2021-05-11,202,40579,62,10363,128,29694,12,522,54,4002,147,18479,66,22481,California
Tuolumne,2021-05-12,132,40711,21,10384,107,29801,4,526,50,3974,82,18561,54,22535,California
Tuolumne,2021-05-13,116,40827,18,10402,90,29891,8,534,72,4009,44,18605,79,22614,California
Tuolumne,2021-05-14,206,41033,76,10478,119,30010,11,545,106,4028,98,18703,117,22731,California
Tuolumne,2021-05-15,58,41091,15,10493,36,30046,7,552,19,4016,39,18742,27,22758,California
Tuolumne,2021-05-16,27,41118,9,10502,16,30062,2,554,13,4017,14,18756,15,22773,California
Tuolumne,2021-05-17,110,41228,30,10532,77,30139,3,557,47,4005,63,18819,51,22824,California
Tuolumne,2021-05-18,181,41409,57,10589,77,30216,47,604,60,3992,120,18939,107,22931,California
Tuolumne,2021-05-19,118,41527,20,10609,65,30281,33,637,46,4000,71,19010,79,23010,California
Tuolumne,2021-05-20,411,41938,21,10630,383,30664,7,644,53,3704,356,19366,60,23070,California
Tuolumne,2021-05-21,200,42138,94,10724,101,30765,5,649,119,3749,79,19445,124,23194,California
Tuolumne,2021-05-22,58,42196,18,10742,34,30799,6,655,25,3747,32,19477,30,23224,California
Tuolumne,2021-05-23,27,42223,7,10749,19,30818,1,656,10,3741,17,19494,11,23235,California
Tuolumne,2021-05-24,137,42360,43,10792,88,30906,6,662,52,3715,84,19578,58,23293,California
Tuolumne,2021-05-25,296,42656,222,11014,68,30974,6,668,111,3648,184,19762,117,23410,California
Tuolumne,2021-05-26,89,42745,25,11039,63,31037,1,669,39,3638,50,19812,40,23450,California
Tuolumne,2021-05-27,74,42819,14,11053,58,31095,2,671,30,3627,43,19855,32,23482,California
Tuolumne,2021-05-28,111,42930,52,11105,58,31153,1,672,64,3647,45,19900,65,23547,California
Tuolumne,2021-05-29,38,42968,7,11112,25,31178,6,678,17,3649,21,19921,23,23570,California
Tuolumne,2021-05-30,18,42986,1,11113,14,31192,3,681,4,3642,14,19935,7,23577,California
Tuolumne,2021-05-31,10,42996,2,11115,7,31199,1,682,2,3637,8,19943,3,23580,California
Tuolumne,2021-06-01,77,43073,21,11136,52,31251,4,686,24,3613,52,19995,28,23608,California
Tuolumne,2021-06-02,73,43146,8,11144,57,31308,8,694,24,3596,49,20044,32,23640,California
Tuolumne,2021-06-03,75,43221,25,11169,35,31343,15,709,23,3584,50,20094,38,23678,California
Tuolumne,2021-06-04,131,43352,62,11231,66,31409,3,712,38,3534,91,20185,41,23719,California
Tuolumne,2021-06-05,41,43393,11,11242,28,31437,2,714,16,3527,25,20210,18,23737,California
Tuolumne,2021-06-06,19,43412,5,11247,7,31444,7,721,5,3525,14,20224,12,23749,California
Tuolumne,2021-06-07,59,43471,14,11261,37,31481,8,729,26,3526,33,20257,34,23783,California
Tuolumne,2021-06-08,74,43545,22,11283,51,31532,1,730,28,3511,44,20301,29,23812,California
Tuolumne,2021-06-09,87,43632,45,11328,32,31564,10,740,40,3515,46,20347,50,23862,California
Tuolumne,2021-06-10,97,43729,14,11342,76,31640,7,747,26,3477,71,20418,33,23895,California
Tuolumne,2021-06-11,101,43830,47,11389,51,31691,3,750,25,3430,75,20493,28,23923,California
Tuolumne,2021-06-12,62,43892,20,11409,26,31717,16,766,18,3422,42,20535,34,23957,California
Tuolumne,2021-06-13,17,43909,2,11411,10,31727,5,771,3,3416,14,20549,8,23965,California
Tuolumne,2021-06-14,100,44009,33,11444,63,31790,4,775,52,3424,48,20597,56,24021,California
Tuolumne,2021-06-15,130,44139,82,11526,39,31829,9,784,21,3347,107,20704,30,24051,California
Tuolumne,2021-06-16,96,44235,47,11573,46,31875,3,787,54,3363,41,20745,57,24108,California
Tuolumne,2021-06-17,44,44279,10,11583,33,31908,1,788,17,3354,27,20772,18,24126,California
Tuolumne,2021-06-18,170,44449,95,11678,61,31969,14,802,60,3318,109,20881,73,24199,California
Tuolumne,2021-06-19,26,44475,9,11687,14,31983,3,805,10,3315,16,20897,13,24212,California
Tuolumne,2021-06-20,13,44488,2,11689,11,31994,0,805,10,3322,3,20900,10,24222,California
Tuolumne,2021-06-21,40,44528,4,11693,35,32029,1,806,21,3325,19,20919,22,24244,California
Tuolumne,2021-06-22,42,44570,9,11702,33,32062,0,806,20,3324,21,20940,20,24264,California
Tuolumne,2021-06-23,40,44610,4,11706,23,32085,13,819,20,3337,20,20960,33,24297,California
Ventura,2020-12-15,5,5,5,5,0,0,0,0,5,5,0,0,5,5,California
Ventura,2020-12-16,75,80,75,80,0,0,0,0,75,80,0,0,75,80,California
Ventura,2020-12-17,314,394,314,394,0,0,0,0,314,394,0,0,314,394,California
Ventura,2020-12-18,1598,1992,1598,1992,0,0,0,0,1598,1992,0,0,1598,1992,California
Ventura,2020-12-19,987,2979,986,2978,1,1,0,0,987,2979,0,0,987,2979,California
Ventura,2020-12-20,460,3439,460,3438,0,1,0,0,460,3439,0,0,460,3439,California
Ventura,2020-12-21,1518,4957,1518,4956,0,1,0,0,1518,4957,0,0,1518,4957,California
Ventura,2020-12-22,1160,6117,1154,6110,6,7,0,0,1160,6117,0,0,1160,6117,California
Ventura,2020-12-23,1087,7204,1037,7147,50,57,0,0,1087,7204,0,0,1087,7204,California
Ventura,2020-12-24,478,7682,379,7526,99,156,0,0,478,7682,0,0,478,7682,California
Ventura,2020-12-25,12,7694,7,7533,5,161,0,0,12,7694,0,0,12,7694,California
Ventura,2020-12-26,112,7806,91,7624,21,182,0,0,112,7806,0,0,112,7806,California
Ventura,2020-12-27,59,7865,27,7651,32,214,0,0,59,7865,0,0,59,7865,California
Ventura,2020-12-28,1092,8957,949,8600,143,357,0,0,1092,8957,0,0,1092,8957,California
Ventura,2020-12-29,1185,10142,775,9375,410,767,0,0,1185,10142,0,0,1185,10142,California
Ventura,2020-12-30,2000,12142,1532,10907,468,1235,0,0,2000,12142,0,0,2000,12142,California
Ventura,2020-12-31,486,12628,164,11071,322,1557,0,0,481,12618,5,5,481,12623,California
Ventura,2021-01-01,38,12666,15,11086,23,1580,0,0,38,12656,0,5,38,12661,California
Ventura,2021-01-02,177,12843,81,11167,96,1676,0,0,177,12833,0,5,177,12838,California
Ventura,2021-01-03,19,12862,8,11175,11,1687,0,0,19,12852,0,5,19,12857,California
Ventura,2021-01-04,1030,13892,493,11668,537,2224,0,0,1028,13880,0,5,1028,13885,California
Ventura,2021-01-05,1380,15272,783,12451,597,2821,0,0,1269,15041,108,113,1269,15154,California
Ventura,2021-01-06,2072,17344,1187,13638,885,3706,0,0,1571,16122,492,605,1573,16727,California
Ventura,2021-01-07,2082,19426,1332,14970,750,4456,0,0,1039,16124,1038,1643,1040,17767,California
Ventura,2021-01-08,2199,21625,1475,16445,724,5180,0,0,904,15737,1293,2936,906,18673,California
Ventura,2021-01-09,724,22349,503,16948,221,5401,0,0,318,15649,406,3342,318,18991,California
Ventura,2021-01-10,344,22693,327,17275,17,5418,0,0,129,15563,215,3557,129,19120,California
Ventura,2021-01-11,2457,25150,1492,18767,965,6383,0,0,1503,16115,954,4511,1506,20626,California
Ventura,2021-01-12,3056,28206,1616,20383,1440,7823,0,0,1936,16931,1120,5631,1936,22562,California
Ventura,2021-01-13,2946,31152,1433,21816,1513,9336,0,0,2036,18061,907,6538,2037,24599,California
Ventura,2021-01-14,2789,33941,1106,22922,1683,11019,0,0,2326,19926,462,7000,2327,26926,California
Ventura,2021-01-15,2894,36835,967,23889,1927,12946,0,0,2680,22393,214,7214,2681,29607,California
Ventura,2021-01-16,491,37326,188,24077,303,13249,0,0,411,22724,80,7294,411,30018,California
Ventura,2021-01-17,267,37593,139,24216,128,13377,0,0,260,22978,6,7300,260,30278,California
Ventura,2021-01-18,2218,39811,1666,25882,552,13929,0,0,1668,24098,549,7849,1669,31947,California
Ventura,2021-01-19,3064,42875,2135,28017,929,14858,0,0,2155,25347,909,8758,2158,34105,California
Ventura,2021-01-20,4135,47010,3169,31186,966,15824,0,0,3072,27360,1060,9818,3073,37178,California
Ventura,2021-01-21,3883,50893,2701,33887,1182,17006,0,0,3198,29885,677,10495,3202,40380,California
Ventura,2021-01-22,3640,54533,2504,36391,1136,18142,0,0,3473,33191,167,10662,3473,43853,California
Ventura,2021-01-23,1193,55726,653,37044,540,18682,0,0,1092,34185,100,10762,1094,44947,California
Ventura,2021-01-24,456,56182,136,37180,320,19002,0,0,443,34615,13,10775,443,45390,California
Ventura,2021-01-25,3172,59354,2035,39215,1137,20139,0,0,2611,36667,560,11335,2612,48002,California
Ventura,2021-01-26,3737,63091,2215,41430,1522,21661,0,0,2726,38387,1007,12342,2727,50729,California
Ventura,2021-01-27,3508,66599,1570,43000,1938,23599,0,0,2755,40393,749,13091,2755,53484,California
Ventura,2021-01-28,3910,70509,2007,45007,1903,25502,0,0,3285,43069,610,13701,3286,56770,California
Ventura,2021-01-29,4307,74816,2543,47550,1764,27266,0,0,3798,46372,495,14196,3798,60568,California
Ventura,2021-01-30,3054,77870,1966,49516,1088,28354,0,0,2880,49083,170,14366,2881,63449,California
Ventura,2021-01-31,840,78710,448,49964,392,28746,0,0,752,49748,87,14453,752,64201,California
Ventura,2021-02-01,3998,82708,2126,52090,1872,30618,0,0,3213,52186,777,15230,3215,67416,California
Ventura,2021-02-02,4446,87154,2385,54475,2061,32679,0,0,3419,54584,1023,16253,3421,70837,California
Ventura,2021-02-03,4480,91634,2091,56566,2389,35068,0,0,3454,57018,1021,17274,3455,74292,California
Ventura,2021-02-04,4821,96455,2307,58873,2514,37582,0,0,3542,59292,1271,18545,3545,77837,California
Ventura,2021-02-05,4916,101371,2387,61260,2529,40111,0,0,3374,61142,1528,20073,3378,81215,California
Ventura,2021-02-06,2863,104234,1523,62783,1340,41451,0,0,2456,63192,406,20479,2456,83671,California
Ventura,2021-02-07,746,104980,245,63028,501,41952,0,0,621,63689,125,20604,622,84293,California
Ventura,2021-02-08,3526,108506,1635,64663,1891,43843,0,0,2440,65048,1081,21685,2440,86733,California
Ventura,2021-02-09,4743,113249,1977,66640,2766,46609,0,0,2479,65268,2262,23947,2482,89215,California
Ventura,2021-02-10,4748,117997,2241,68881,2507,49116,0,0,2399,65331,2337,26284,2400,91615,California
Ventura,2021-02-11,4717,122714,1880,70761,2837,51953,0,0,2476,65577,2233,28517,2479,94094,California
Ventura,2021-02-12,6364,129078,2682,73443,3682,55635,0,0,3258,65736,3099,31616,3258,97352,California
Ventura,2021-02-13,3317,132395,1836,75279,1481,57116,0,0,1849,66123,1464,33080,1851,99203,California
Ventura,2021-02-14,1229,133624,125,75404,1104,58220,0,0,1011,66919,217,33297,1013,100216,California
Ventura,2021-02-15,4018,137642,1819,77223,2199,60419,0,0,2124,67154,1891,35188,2126,102342,California
Ventura,2021-02-16,5577,143219,2724,79947,2853,63272,0,0,3025,67638,2542,37730,3026,105368,California
Ventura,2021-02-17,5314,148533,1925,81872,3389,66661,0,0,3333,69000,1971,39701,3333,108701,California
Ventura,2021-02-18,5802,154335,1843,83715,3959,70620,0,0,3646,70504,2142,41843,3646,112347,California
Ventura,2021-02-19,6481,160816,3774,87489,2707,73327,0,0,3006,70046,3469,45312,3011,115358,California
Ventura,2021-02-20,4948,165764,3176,90665,1772,75099,0,0,2770,70651,2169,47481,2774,118132,California
Ventura,2021-02-21,1116,166880,823,91488,293,75392,0,0,457,70454,654,48135,457,118589,California
Ventura,2021-02-22,5434,172314,2427,93915,3007,78399,0,0,3473,71977,1951,50086,3474,122063,California
Ventura,2021-02-23,5999,178313,2982,96897,3017,81416,0,0,3427,72856,2552,52638,3431,125494,California
Ventura,2021-02-24,7095,185408,2618,99515,4477,85893,0,0,4257,74295,2821,55459,4260,129754,California
Ventura,2021-02-25,7624,193032,2579,102094,5045,90938,0,0,4585,75859,3026,58485,4590,134344,California
Ventura,2021-02-26,9474,202506,2782,104876,6692,97630,0,0,6169,78751,3280,61765,6172,140516,California
Ventura,2021-02-27,10624,213130,5299,110175,5325,102955,0,0,7970,84095,2636,64401,7980,148496,California
Ventura,2021-02-28,2580,215710,1647,111822,932,103887,1,1,2100,85724,472,64873,2101,150597,California
Ventura,2021-03-01,7173,222883,2857,114679,4313,108200,3,4,4761,88109,2392,67265,4777,155374,California
Ventura,2021-03-02,7740,230623,4049,118728,3689,111889,2,6,5423,91226,2307,69572,5424,160798,California
Ventura,2021-03-03,8720,239343,3934,122662,4783,116672,3,9,6136,94805,2564,72136,6143,166941,California
Ventura,2021-03-04,8317,247660,3885,126547,4432,121104,0,9,5603,97716,2698,74834,5609,172550,California
Ventura,2021-03-05,10106,257766,4817,131364,5278,126382,11,20,7189,102028,2901,77735,7213,179763,California
Ventura,2021-03-06,7806,265572,4407,135771,3245,129627,154,174,5817,106022,1981,79716,5975,185738,California
Ventura,2021-03-07,1669,267241,619,136390,950,130577,100,274,1248,106952,421,80137,1351,187089,California
Ventura,2021-03-08,6863,274104,3446,139836,3261,133838,156,430,4746,109749,2109,82246,4906,191995,California
Ventura,2021-03-09,6896,281000,3035,142871,3662,137500,199,629,3999,111069,2883,85129,4203,196198,California
Ventura,2021-03-10,7053,288053,3021,145892,3790,141290,242,871,4703,113678,2336,87465,4945,201143,California
Ventura,2021-03-11,6581,294634,2905,148797,3359,144649,317,1188,3585,114600,2979,90444,3901,205044,California
Ventura,2021-03-12,8763,303397,3062,151859,4857,149506,844,2032,4291,115280,4453,94897,5133,210177,California
Ventura,2021-03-13,7316,310713,2512,154371,3959,153465,845,2877,4353,117523,2954,97851,5197,215374,California
Ventura,2021-03-14,2145,312858,490,154861,1158,154623,497,3374,724,117326,1419,99270,1222,216596,California
Ventura,2021-03-15,7129,319987,2058,156919,3724,158347,1347,4721,3167,117900,3935,103205,4509,221105,California
Ventura,2021-03-16,8191,328178,2469,159388,4609,162956,1113,5834,4241,119315,3937,107142,5352,226457,California
Ventura,2021-03-17,7743,335921,2805,162193,4589,167545,349,6183,4716,121377,3004,110146,5066,231523,California
Ventura,2021-03-18,7601,343522,3301,165494,4147,171692,153,6336,5004,123950,2583,112729,5156,236679,California
Ventura,2021-03-19,8697,352219,3823,169317,4761,176453,113,6449,5287,125964,3384,116113,5398,242077,California
Ventura,2021-03-20,8918,361137,5956,175273,2938,179391,24,6473,4643,126381,4251,120364,4668,246745,California
Ventura,2021-03-21,2812,363949,1532,176805,908,180299,372,6845,1323,126597,1475,121839,1691,248436,California
Ventura,2021-03-22,7445,371394,3714,180519,3628,183927,103,6948,4910,129097,2515,124354,5015,253451,California
Ventura,2021-03-23,8297,379691,3958,184477,4265,188192,74,7022,4667,130235,3601,127955,4739,258190,California
Ventura,2021-03-24,8966,388657,3436,187913,5452,193644,78,7100,4493,130367,4441,132396,4573,262763,California
Ventura,2021-03-25,8879,397536,3933,191846,4842,198486,104,7204,4501,130614,4357,136753,4604,267367,California
Ventura,2021-03-26,9992,407528,3383,195229,5955,204441,654,7858,4029,129364,5931,142684,4681,272048,California
Ventura,2021-03-27,8799,416327,3949,199178,4807,209248,43,7901,2435,125518,6325,149009,2479,274527,California
Ventura,2021-03-28,2548,418875,1431,200609,1108,210356,9,7910,1377,125739,1165,150174,1386,275913,California
Ventura,2021-03-29,8668,427543,4331,204940,4291,214647,46,7956,4290,125728,4347,154521,4336,280249,California
Ventura,2021-03-30,9043,436586,4482,209422,4429,219076,132,8088,4411,125655,4616,159137,4543,284792,California
Ventura,2021-03-31,10870,447456,4879,214301,5362,224438,629,8717,4709,124857,6133,165270,5335,290127,California
Ventura,2021-04-01,10950,458406,5312,219613,4749,229187,889,9606,5531,125899,5373,170643,6415,296542,California
Ventura,2021-04-02,11873,470279,4667,224280,5861,235048,1345,10951,5699,126804,6141,176784,7046,303588,California
Ventura,2021-04-03,8163,478442,4040,228320,2944,237992,1179,12130,3445,126715,4706,181490,4617,308205,California
Ventura,2021-04-04,1720,480162,962,229282,623,238615,135,12265,1147,127431,566,182056,1282,309487,California
Ventura,2021-04-05,9472,489634,4878,234160,3474,242089,1120,13385,4835,128761,4622,186678,5952,315439,California
Ventura,2021-04-06,11024,500658,5587,239747,3939,246028,1498,14883,5669,130598,5327,192005,7164,322603,California
Ventura,2021-04-07,11532,512190,5419,245166,4599,250627,1514,16397,5277,131144,6237,198242,6783,329386,California
Ventura,2021-04-08,10511,522701,5304,250470,4220,254847,987,17384,5249,132134,5237,203479,6227,335613,California
Ventura,2021-04-09,11400,534101,4401,254871,5268,260115,1731,19115,4995,132471,6380,209859,6717,342330,California
Ventura,2021-04-10,9888,543989,4178,259049,3537,263652,2173,21288,3070,130910,6799,216658,5238,347568,California
Ventura,2021-04-11,2453,546442,862,259911,1015,264667,576,21864,687,130416,1755,218413,1261,348829,California
Ventura,2021-04-12,9125,555567,4538,264449,3752,268419,835,22699,3826,129792,5279,223692,4655,353484,California
Ventura,2021-04-13,8973,564540,4575,269024,4392,272811,6,22705,3797,128458,5137,228829,3803,357287,California
Ventura,2021-04-14,8908,573448,4152,273176,4741,277552,15,22720,3420,126450,5448,234277,3440,360727,California
Ventura,2021-04-15,9538,582986,4614,277790,4897,282449,27,22747,4117,125211,5384,239661,4145,364872,California
Ventura,2021-04-16,10361,593347,4578,282368,5781,288230,2,22749,4891,124664,5444,245105,4897,369769,California
Ventura,2021-04-17,9059,602406,5407,287775,3638,291868,14,22763,5281,126199,3760,248865,5295,375064,California
Ventura,2021-04-18,2165,604571,1030,288805,1135,293003,0,22763,925,125893,1232,250097,926,375990,California
Ventura,2021-04-19,8161,612732,4866,293671,3292,296295,3,22766,4702,127165,3434,253531,4706,380696,California
Ventura,2021-04-20,9471,622203,4992,298663,4474,300769,5,22771,4464,126653,4981,258512,4469,385165,California
Ventura,2021-04-21,9048,631251,4636,303299,4407,305176,5,22776,4341,126310,4690,263202,4347,389512,California
Ventura,2021-04-22,10128,641379,5510,308809,4618,309794,0,22776,4501,125206,5607,268809,4503,394015,California
Ventura,2021-04-23,10939,652318,5409,314218,5529,315323,1,22777,5439,125176,5471,274280,5441,399456,California
Ventura,2021-04-24,10574,662892,5913,320131,4661,319984,0,22777,6211,127043,4345,278625,6212,405668,California
Ventura,2021-04-25,2490,665382,1720,321851,770,320754,0,22777,1160,126877,1326,279951,1160,406828,California
Ventura,2021-04-26,7964,673346,4548,326399,3349,324103,67,22844,3312,125629,4622,284573,3374,410202,California
Ventura,2021-04-27,9165,682511,5092,331491,3845,327948,228,23072,3445,123600,5701,290274,3672,413874,California
Ventura,2021-04-28,8381,690892,4838,336329,3223,331171,320,23392,3277,122121,5076,295350,3597,417471,California
Ventura,2021-04-29,7887,698779,4221,340550,3402,334573,264,23656,2792,120109,5067,300417,3055,420526,California
Ventura,2021-04-30,9478,708257,5452,346002,3752,338325,274,23930,3894,118718,5548,305965,4157,424683,California
Ventura,2021-05-01,5153,713410,3643,349645,1405,339730,105,24035,2043,117782,3084,309049,2148,426831,California
Ventura,2021-05-02,2135,715545,1430,351075,614,340344,91,24126,1033,117810,1097,310146,1125,427956,California
Ventura,2021-05-03,6321,721866,3888,354963,2152,342496,281,24407,1982,115754,4318,314464,2262,430218,California
Ventura,2021-05-04,6389,728255,3312,358275,2779,345275,298,24705,2310,114301,4064,318528,2611,432829,California
Ventura,2021-05-05,5403,733658,2994,361269,2149,347424,260,24965,1944,113067,3431,321959,2197,435026,California
Ventura,2021-05-06,6237,739895,3214,364483,2754,350178,269,25234,1999,111118,4217,326176,2268,437294,California
Ventura,2021-05-07,6880,746775,3431,367914,3175,353353,274,25508,2348,109236,4503,330679,2621,439915,California
Ventura,2021-05-08,5372,752147,4169,372083,1045,354398,158,25666,1218,106470,4140,334819,1374,441289,California
Ventura,2021-05-09,1039,753186,733,372816,260,354658,46,25712,389,106261,643,335462,434,441723,California
Ventura,2021-05-10,6152,759338,4098,376914,1844,356502,210,25922,1393,103118,4745,340207,1602,443325,California
Ventura,2021-05-11,5328,764666,3278,380192,1826,358328,224,26146,1532,101089,3784,343991,1755,445080,California
Ventura,2021-05-12,4988,769654,2909,383101,1859,360187,220,26366,1540,99417,3432,347423,1760,446840,California
Ventura,2021-05-13,6246,775900,3738,386839,2301,362488,207,26573,2223,97844,4007,351430,2434,449274,California
Ventura,2021-05-14,7335,783235,4490,391329,2637,365125,208,26781,2760,96252,4557,355987,2965,452239,California
Ventura,2021-05-15,6748,789983,5388,396717,1273,366398,87,26868,2804,95224,3920,359907,2892,455131,California
Ventura,2021-05-16,2173,792156,1682,398399,439,366837,52,26920,1023,95154,1145,361052,1075,456206,California
Ventura,2021-05-17,5893,798049,3559,401958,2120,368957,214,27134,2429,94350,3446,364498,2642,458848,California
Ventura,2021-05-18,5421,803470,3168,405126,2073,371030,180,27314,2156,93437,3247,367745,2334,461182,California
Ventura,2021-05-19,5841,809311,3525,408651,2105,373135,211,27525,2395,92620,3419,371164,2602,463784,California
Ventura,2021-05-20,5470,814781,3027,411678,2284,375419,159,27684,2157,91650,3282,374446,2312,466096,California
Ventura,2021-05-21,7929,822710,4467,416145,3286,378705,176,27860,2592,89115,5305,379751,2770,468866,California
Ventura,2021-05-22,5650,828360,2890,419035,2685,381390,75,27935,1769,87088,3871,383622,1844,470710,California
Ventura,2021-05-23,1946,830306,1483,420518,391,381781,72,28007,729,86682,1207,384829,801,471511,California
Ventura,2021-05-24,4543,834849,2465,422983,1910,383691,168,28175,1452,85226,3073,387902,1617,473128,California
Ventura,2021-05-25,4297,839146,2230,425213,1915,385606,152,28327,1428,83954,2851,390753,1579,474707,California
Ventura,2021-05-26,4284,843430,2283,427496,1837,387443,164,28491,1663,83180,2601,393354,1827,476534,California
Ventura,2021-05-27,3866,847296,1907,429403,1831,389274,128,28619,1379,82211,2475,395829,1506,478040,California
Ventura,2021-05-28,4565,851861,2479,431882,1892,391166,194,28813,1986,81827,2561,398390,2177,480217,California
Ventura,2021-05-29,2157,854018,1349,433231,741,391907,67,28880,1055,81859,1091,399481,1123,481340,California
Ventura,2021-05-30,911,854929,583,433814,275,392182,53,28933,370,81745,538,400019,424,481764,California
Ventura,2021-05-31,258,855187,138,433952,111,392293,9,28942,61,81618,197,400216,70,481834,California
Ventura,2021-06-01,4001,859188,2276,436228,1559,393852,166,29108,1303,80409,2678,402894,1469,483303,California
Ventura,2021-06-02,2964,862152,1631,437859,1197,395049,136,29244,1024,79643,1926,404820,1160,484463,California
Ventura,2021-06-03,3241,865393,2004,439863,1082,396131,155,29399,920,78408,2309,407129,1074,485537,California
Ventura,2021-06-04,4592,869985,3021,442884,1410,397541,161,29560,1486,76962,3092,410221,1646,487183,California
Ventura,2021-06-05,3810,873795,3180,446064,567,398108,63,29623,1163,75553,2635,412856,1226,488409,California
Ventura,2021-06-06,1248,875043,1066,447130,137,398245,45,29668,293,74945,945,413801,337,488746,California
Ventura,2021-06-07,3169,878212,2355,449485,704,398949,110,29778,958,73816,2196,415997,1067,489813,California
Ventura,2021-06-08,3019,881231,1993,451478,893,399842,133,29911,881,72703,2127,418124,1014,490827,California
Ventura,2021-06-09,2943,884174,2050,453528,787,400629,106,30017,765,71407,2166,420290,870,491697,California
Ventura,2021-06-10,3028,887202,2117,455645,809,401438,102,30119,814,70119,2202,422492,914,492611,California
Ventura,2021-06-11,3465,890667,2380,458025,948,402386,137,30256,981,68760,2474,424966,1115,493726,California
Ventura,2021-06-12,2156,892823,1695,459720,418,402804,43,30299,517,67689,1631,426597,560,494286,California
Ventura,2021-06-13,1012,893835,775,460495,173,402977,64,30363,239,67222,772,427369,305,494591,California
Ventura,2021-06-14,2647,896482,1809,462304,709,403686,129,30492,819,66353,1816,429185,947,495538,California
Ventura,2021-06-15,2435,898917,1571,463875,754,404440,110,30602,849,65737,1573,430758,957,496495,California
Ventura,2021-06-16,2484,901401,1824,465699,554,404994,106,30708,827,65031,1638,432396,932,497427,California
Ventura,2021-06-17,2217,903618,1557,467256,564,405558,96,30804,821,64560,1388,433784,917,498344,California
Ventura,2021-06-18,2930,906548,2085,469341,730,406288,115,30919,972,63703,1943,435727,1086,499430,California
Ventura,2021-06-19,1372,907920,1064,470405,283,406571,25,30944,522,63410,840,436567,547,499977,California
Ventura,2021-06-20,693,908613,538,470943,114,406685,41,30985,262,63285,428,436995,303,500280,California
Ventura,2021-06-21,1603,910216,998,471941,488,407173,117,31102,765,63339,827,437822,881,501161,California
Ventura,2021-06-22,1916,912132,1349,473290,471,407644,96,31198,717,62963,1188,439010,812,501973,California
Ventura,2021-06-23,1000,913132,642,473932,269,407913,89,31287,371,62802,620,439630,459,502432,California
Yolo,2020-12-15,39,39,39,39,0,0,0,0,39,39,0,0,39,39,California
Yolo,2020-12-16,79,118,79,118,0,0,0,0,79,118,0,0,79,118,California
Yolo,2020-12-17,104,222,104,222,0,0,0,0,104,222,0,0,104,222,California
Yolo,2020-12-18,234,456,234,456,0,0,0,0,234,456,0,0,234,456,California
Yolo,2020-12-19,88,544,88,544,0,0,0,0,88,544,0,0,88,544,California
Yolo,2020-12-20,101,645,101,645,0,0,0,0,101,645,0,0,101,645,California
Yolo,2020-12-21,255,900,255,900,0,0,0,0,255,900,0,0,255,900,California
Yolo,2020-12-22,385,1285,384,1284,1,1,0,0,385,1285,0,0,385,1285,California
Yolo,2020-12-23,437,1722,417,1701,20,21,0,0,437,1722,0,0,437,1722,California
Yolo,2020-12-24,153,1875,97,1798,56,77,0,0,153,1875,0,0,153,1875,California
Yolo,2020-12-25,1,1876,1,1799,0,77,0,0,1,1876,0,0,1,1876,California
Yolo,2020-12-26,75,1951,25,1824,50,127,0,0,75,1951,0,0,75,1951,California
Yolo,2020-12-27,46,1997,19,1843,27,154,0,0,46,1997,0,0,46,1997,California
Yolo,2020-12-28,351,2348,180,2023,171,325,0,0,351,2348,0,0,351,2348,California
Yolo,2020-12-29,495,2843,270,2293,225,550,0,0,495,2843,0,0,495,2843,California
Yolo,2020-12-30,626,3469,256,2549,370,920,0,0,626,3469,0,0,626,3469,California
Yolo,2020-12-31,184,3653,94,2643,90,1010,0,0,184,3653,0,0,184,3653,California
Yolo,2021-01-01,58,3711,56,2699,2,1012,0,0,58,3711,0,0,58,3711,California
Yolo,2021-01-02,70,3781,27,2726,43,1055,0,0,70,3781,0,0,70,3781,California
Yolo,2021-01-03,44,3825,19,2745,25,1080,0,0,44,3825,0,0,44,3825,California
Yolo,2021-01-04,193,4018,41,2786,152,1232,0,0,193,4018,0,0,193,4018,California
Yolo,2021-01-05,617,4635,235,3021,382,1614,0,0,555,4511,62,62,555,4573,California
Yolo,2021-01-06,486,5121,185,3206,301,1915,0,0,347,4719,139,201,347,4920,California
Yolo,2021-01-07,713,5834,236,3442,477,2392,0,0,519,5045,193,394,519,5439,California
Yolo,2021-01-08,634,6468,313,3755,321,2713,0,0,408,5228,225,619,408,5847,California
Yolo,2021-01-09,411,6879,71,3826,340,3053,0,0,365,5547,46,665,365,6212,California
Yolo,2021-01-10,394,7273,80,3906,314,3367,0,0,324,5801,70,735,324,6536,California
Yolo,2021-01-11,564,7837,328,4234,236,3603,0,0,290,5819,274,1009,292,6828,California
Yolo,2021-01-12,567,8404,445,4679,122,3725,0,0,196,5645,371,1380,197,7025,California
Yolo,2021-01-13,775,9179,313,4992,462,4187,0,0,522,5914,253,1633,522,7547,California
Yolo,2021-01-14,381,9560,183,5175,198,4385,0,0,277,6087,104,1737,277,7824,California
Yolo,2021-01-15,632,10192,323,5498,309,4694,0,0,551,6558,81,1818,552,8376,California
Yolo,2021-01-16,745,10937,96,5594,649,5343,0,0,714,7241,31,1849,714,9090,California
Yolo,2021-01-17,192,11129,121,5715,71,5414,0,0,185,7419,7,1856,185,9275,California
Yolo,2021-01-18,483,11612,304,6019,179,5593,0,0,379,7694,104,1960,379,9654,California
Yolo,2021-01-19,559,12171,372,6391,187,5780,0,0,383,7901,176,2136,383,10037,California
Yolo,2021-01-20,664,12835,384,6775,280,6060,0,0,478,8194,185,2321,478,10515,California
Yolo,2021-01-21,650,13485,385,7160,265,6325,0,0,464,8472,186,2507,464,10979,California
Yolo,2021-01-22,756,14241,254,7414,502,6827,0,0,639,8996,115,2622,639,11618,California
Yolo,2021-01-23,621,14862,125,7539,496,7323,0,0,572,9519,49,2671,572,12190,California
Yolo,2021-01-24,208,15070,123,7662,85,7408,0,0,167,9645,41,2712,167,12357,California
Yolo,2021-01-25,737,15807,159,7821,578,7986,0,0,513,9934,224,2936,513,12870,California
Yolo,2021-01-26,829,16636,326,8147,503,8489,0,0,436,9977,393,3329,436,13306,California
Yolo,2021-01-27,683,17319,230,8377,453,8942,0,0,399,10092,284,3613,399,13705,California
Yolo,2021-01-28,1053,18372,567,8944,486,9428,0,0,927,10894,125,3738,927,14632,California
Yolo,2021-01-29,912,19284,267,9211,645,10073,0,0,827,11637,84,3822,827,15459,California
Yolo,2021-01-30,1526,20810,922,10133,604,10677,0,0,1406,12929,114,3936,1406,16865,California
Yolo,2021-01-31,240,21050,202,10335,38,10715,0,0,211,13112,28,3964,211,17076,California
Yolo,2021-02-01,858,21908,367,10702,491,11206,0,0,621,13499,234,4198,621,17697,California
Yolo,2021-02-02,1352,23260,755,11457,597,11803,0,0,933,14014,419,4617,934,18631,California
Yolo,2021-02-03,1531,24791,399,11856,1132,12935,0,0,1189,14864,339,4956,1189,19820,California
Yolo,2021-02-04,1801,26592,285,12141,1516,14451,0,0,1248,15571,542,5498,1249,21069,California
Yolo,2021-02-05,1612,28204,915,13056,697,15148,0,0,1208,16377,403,5901,1209,22278,California
Yolo,2021-02-06,1926,30130,1255,14311,671,15819,0,0,1563,17578,363,6264,1564,23842,California
Yolo,2021-02-07,522,30652,251,14562,271,16090,0,0,172,17401,349,6613,172,24014,California
Yolo,2021-02-08,954,31606,337,14899,617,16707,0,0,607,17664,344,6957,607,24621,California
Yolo,2021-02-09,859,32465,385,15284,474,17181,0,0,573,17951,286,7243,573,25194,California
Yolo,2021-02-10,1474,33939,483,15767,991,18172,0,0,827,18133,647,7890,829,26023,California
Yolo,2021-02-11,1581,35520,808,16575,773,18945,0,0,1187,18926,394,8284,1187,27210,California
Yolo,2021-02-12,1926,37446,758,17333,1168,20113,0,0,1446,19897,476,8760,1447,28657,California
Yolo,2021-02-13,2057,39503,712,18045,1345,21458,0,0,1386,20612,671,9431,1386,30043,California
Yolo,2021-02-14,574,40077,155,18200,419,21877,0,0,447,20933,126,9557,447,30490,California
Yolo,2021-02-15,533,40610,191,18391,342,22219,0,0,265,20931,268,9825,266,30756,California
Yolo,2021-02-16,1137,41747,427,18818,710,22929,0,0,811,21417,326,10151,812,31568,California
Yolo,2021-02-17,1393,43140,702,19520,691,23620,0,0,992,22008,401,10552,992,32560,California
Yolo,2021-02-18,2497,45637,818,20338,1679,25299,0,0,1722,22957,774,11326,1723,34283,California
Yolo,2021-02-19,1760,47397,755,21093,1005,26304,0,0,1134,23467,624,11950,1134,35417,California
Yolo,2021-02-20,2460,49857,956,22049,1504,27808,0,0,1374,23762,1080,13030,1375,36792,California
Yolo,2021-02-21,290,50147,228,22277,62,27870,0,0,78,23629,211,13241,78,36870,California
Yolo,2021-02-22,1373,51520,599,22876,774,28644,0,0,694,23645,678,13919,694,37564,California
Yolo,2021-02-23,1145,52665,854,23730,291,28935,0,0,440,23382,703,14622,440,38004,California
Yolo,2021-02-24,2099,54764,597,24327,1502,30437,0,0,1386,24057,711,15333,1386,39390,California
Yolo,2021-02-25,1397,56161,494,24821,903,31340,0,0,922,24505,474,15807,922,40312,California
Yolo,2021-02-26,2653,58814,1044,25865,1609,32949,0,0,1392,24639,1258,17065,1392,41704,California
Yolo,2021-02-27,1688,60502,780,26645,908,33857,0,0,1234,25419,454,17519,1234,42938,California
Yolo,2021-02-28,1825,62327,1524,28169,301,34158,0,0,712,25021,1111,18630,713,43651,California
Yolo,2021-03-01,1148,63475,377,28546,771,34929,0,0,692,25259,454,19084,692,44343,California
Yolo,2021-03-02,1484,64959,702,29248,782,35711,0,0,951,25677,533,19617,951,45294,California
Yolo,2021-03-03,1876,66835,650,29898,1226,36937,0,0,850,25503,1024,20641,850,46144,California
Yolo,2021-03-04,2932,69767,1470,31368,1462,38399,0,0,1569,25712,1360,22001,1569,47713,California
Yolo,2021-03-05,2367,72134,1411,32779,945,39344,11,11,1474,26305,892,22893,1485,49198,California
Yolo,2021-03-06,1490,73624,1136,33915,325,39669,29,40,849,26545,638,23531,878,50076,California
Yolo,2021-03-07,919,74543,681,34596,224,39893,14,54,783,27206,136,23667,797,50873,California
Yolo,2021-03-08,1104,75647,494,35090,567,40460,43,97,773,27693,330,23997,817,51690,California
Yolo,2021-03-09,1278,76925,691,35781,524,40984,63,160,784,28048,492,24489,847,52537,California
Yolo,2021-03-10,1824,78749,1061,36842,471,41455,292,452,757,28028,1062,25551,1042,53579,California
Yolo,2021-03-11,2352,81101,1603,38445,683,42138,66,518,1609,28962,742,26293,1676,55255,California
Yolo,2021-03-12,2922,84023,1359,39804,1481,43619,82,600,1376,28883,1538,27831,1459,56714,California
Yolo,2021-03-13,1850,85873,735,40539,939,44558,176,776,1003,29218,844,28675,1179,57893,California
Yolo,2021-03-14,1015,86888,212,40751,652,45210,151,927,526,29401,488,29163,671,58564,California
Yolo,2021-03-15,1322,88210,768,41519,375,45585,179,1106,710,29677,610,29773,886,59450,California
Yolo,2021-03-16,1881,90091,722,42241,1086,46671,73,1179,1114,30096,767,30540,1186,60636,California
Yolo,2021-03-17,2525,92616,987,43228,1465,48136,73,1252,1730,31138,792,31332,1834,62470,California
Yolo,2021-03-18,3040,95656,1037,44265,1778,49914,225,1477,1259,30845,1777,33109,1484,63954,California
Yolo,2021-03-19,2104,97760,877,45142,1159,51073,68,1545,1086,30987,1012,34121,1154,65108,California
Yolo,2021-03-20,2779,100539,821,45963,1916,52989,42,1587,1101,30460,1672,35793,1145,66253,California
Yolo,2021-03-21,316,100855,214,46177,94,53083,8,1595,209,30571,106,35899,217,66470,California
Yolo,2021-03-22,1405,102260,492,46669,855,53938,58,1653,918,31062,484,36383,975,67445,California
Yolo,2021-03-23,1758,104018,950,47619,751,54689,57,1710,1081,31523,676,37059,1137,68582,California
Yolo,2021-03-24,2883,106901,1408,49027,1425,56114,50,1760,1400,31504,1470,38529,1451,70033,California
Yolo,2021-03-25,2559,109460,1423,50450,1107,57221,29,1789,1261,31507,1287,39816,1290,71323,California
Yolo,2021-03-26,2410,111870,1264,51714,1126,58347,20,1809,1025,31173,1378,41194,1044,72367,California
Yolo,2021-03-27,1659,113529,458,52172,1183,59530,18,1827,753,31039,905,42099,771,73138,California
Yolo,2021-03-28,1111,114640,868,53040,224,59754,19,1846,255,30461,852,42951,274,73412,California
Yolo,2021-03-29,2030,116670,824,53864,1176,60930,30,1876,966,30397,1060,44011,996,74408,California
Yolo,2021-03-30,2288,118958,1086,54950,1180,62110,22,1898,1169,30475,1114,45125,1192,75600,California
Yolo,2021-03-31,2352,121310,1227,56177,1089,63199,36,1934,1177,30514,1174,46299,1213,76813,California
Yolo,2021-04-01,3854,125164,1863,58040,1515,64714,476,2410,1613,30364,2238,48537,2088,78901,California
Yolo,2021-04-02,3404,128568,1526,59566,1732,66446,146,2556,2109,31330,1289,49826,2255,81156,California
Yolo,2021-04-03,1824,130392,1104,60670,499,66945,221,2777,808,31344,1015,50841,1029,82185,California
Yolo,2021-04-04,395,130787,157,60827,177,67122,61,2838,147,31304,248,51089,208,82393,California
Yolo,2021-04-05,1920,132707,737,61564,1083,68205,100,2938,1019,31528,896,51985,1120,83513,California
Yolo,2021-04-06,2586,135293,1316,62880,1100,69305,170,3108,1306,31733,1270,53255,1475,84988,California
Yolo,2021-04-07,2989,138282,1516,64396,1117,70422,356,3464,1922,32954,1061,54316,2282,87270,California
Yolo,2021-04-08,2426,140708,1007,65403,945,71367,474,3938,1029,33059,1394,55710,1499,88769,California
Yolo,2021-04-09,2598,143306,922,66325,1095,72462,581,4519,856,32749,1739,57449,1429,90198,California
Yolo,2021-04-10,1762,145068,830,67155,749,73211,183,4702,1041,33255,717,58166,1223,91421,California
Yolo,2021-04-11,895,145963,286,67441,565,73776,44,4746,369,33144,523,58689,412,91833,California
Yolo,2021-04-12,1774,147737,529,67970,1102,74878,143,4889,1100,33717,671,59360,1244,93077,California
Yolo,2021-04-13,1988,149725,917,68887,1071,75949,0,4889,1046,33822,941,60301,1046,94123,California
Yolo,2021-04-14,2802,152527,772,69659,2030,77979,0,4889,1384,33794,1412,61713,1384,95507,California
Yolo,2021-04-15,3347,155874,1140,70799,2207,80186,0,4889,2295,35043,1046,62759,2295,97802,California
Yolo,2021-04-16,3096,158970,1996,72795,1100,81286,0,4889,1981,35917,1107,63866,1981,99783,California
Yolo,2021-04-17,1626,160596,478,73273,1148,82434,0,4889,848,35990,775,64641,848,100631,California
Yolo,2021-04-18,639,161235,311,73584,328,82762,0,4889,357,36069,278,64919,357,100988,California
Yolo,2021-04-19,1681,162916,721,74305,959,83721,1,4890,776,35946,900,65819,777,101765,California
Yolo,2021-04-20,2018,164934,1019,75324,999,84720,0,4890,1082,36094,934,66753,1082,102847,California
Yolo,2021-04-21,2004,166938,999,76323,1005,85725,0,4890,1093,36281,906,67659,1093,103940,California
Yolo,2021-04-22,1949,168887,888,77211,1061,86786,0,4890,967,36272,977,68636,968,104908,California
Yolo,2021-04-23,2622,171509,1535,78746,1087,87873,0,4890,1158,35977,1453,70089,1158,106066,California
Yolo,2021-04-24,1174,172683,648,79394,523,88396,3,4893,462,35738,704,70793,465,106531,California
Yolo,2021-04-25,950,173633,406,79800,544,88940,0,4893,728,36245,221,71014,728,107259,California
Yolo,2021-04-26,1232,174865,486,80286,743,89683,3,4896,524,36068,705,71719,528,107787,California
Yolo,2021-04-27,1545,176410,720,81006,806,90489,19,4915,603,35750,942,72661,624,108411,California
Yolo,2021-04-28,2047,178457,1009,82015,1011,91500,27,4942,744,35222,1299,73960,771,109182,California
Yolo,2021-04-29,1760,180217,825,82840,852,92352,83,5025,699,34945,1057,75017,780,109962,California
Yolo,2021-04-30,2018,182235,1000,83840,959,93311,59,5084,967,34926,1044,76061,1025,110987,California
Yolo,2021-05-01,1285,183520,997,84837,268,93579,20,5104,376,34414,908,76969,396,111383,California
Yolo,2021-05-02,522,184042,428,85265,71,93650,23,5127,324,34563,198,77167,347,111730,California
Yolo,2021-05-03,1121,185163,405,85670,682,94332,34,5161,300,34077,819,77986,333,112063,California
Yolo,2021-05-04,1459,186622,675,86345,759,95091,25,5186,509,33665,946,78932,534,112597,California
Yolo,2021-05-05,1563,188185,430,86775,1067,96158,66,5252,450,33075,1106,80038,516,113113,California
Yolo,2021-05-06,1521,189706,709,87484,730,96888,82,5334,500,32649,1008,81046,582,113695,California
Yolo,2021-05-07,2319,192025,1395,88879,873,97761,51,5385,464,31315,1847,82893,513,114208,California
Yolo,2021-05-08,843,192868,369,89248,418,98179,56,5441,318,31165,522,83415,372,114580,California
Yolo,2021-05-09,395,193263,164,89412,218,98397,13,5454,90,30964,304,83719,103,114683,California
Yolo,2021-05-10,900,194163,355,89767,500,98897,45,5499,152,30414,746,84465,196,114879,California
Yolo,2021-05-11,1146,195309,664,90431,460,99357,22,5521,280,29854,862,85327,302,115181,California
Yolo,2021-05-12,1576,196885,709,91140,834,100191,33,5554,318,28953,1255,86582,354,115535,California
Yolo,2021-05-13,2176,199061,857,91997,1264,101455,55,5609,647,28130,1525,88107,702,116237,California
Yolo,2021-05-14,2032,201093,1515,93512,486,101941,31,5640,1152,28436,877,88984,1183,117420,California
Yolo,2021-05-15,1246,202339,703,94215,496,102437,47,5687,637,28511,609,89593,684,118104,California
Yolo,2021-05-16,1411,203750,1199,95414,205,102642,7,5694,986,29084,420,90013,993,119097,California
Yolo,2021-05-17,1085,204835,394,95808,673,103315,18,5712,316,28654,765,90778,335,119432,California
Yolo,2021-05-18,1691,206526,1108,96916,561,103876,22,5734,916,28822,770,91548,938,120370,California
Yolo,2021-05-19,1006,207532,586,97502,381,104257,39,5773,489,28835,515,92063,528,120898,California
Yolo,2021-05-20,1094,208626,697,98199,371,104628,26,5799,388,28549,700,92763,414,121312,California
Yolo,2021-05-21,1440,210066,931,99130,482,105110,27,5826,372,27884,1062,93825,397,121709,California
Yolo,2021-05-22,821,210887,539,99669,274,105384,8,5834,279,27636,536,94361,288,121997,California
Yolo,2021-05-23,613,211500,161,99830,436,105820,16,5850,105,27251,507,94868,122,122119,California
Yolo,2021-05-24,703,212203,347,100177,336,106156,20,5870,218,27008,482,95350,239,122358,California
Yolo,2021-05-25,883,213086,511,100688,349,106505,23,5893,343,26840,534,95884,366,122724,California
Yolo,2021-05-26,820,213906,271,100959,516,107021,33,5926,260,26577,556,96440,293,123017,California
Yolo,2021-05-27,760,214666,382,101341,327,107348,51,5977,306,26484,450,96890,357,123374,California
Yolo,2021-05-28,877,215543,399,101740,449,107797,29,6006,378,26395,495,97385,406,123780,California
Yolo,2021-05-29,598,216141,347,102087,215,108012,36,6042,274,26381,322,97707,308,124088,California
Yolo,2021-05-30,135,216276,70,102157,58,108070,7,6049,54,26363,79,97786,61,124149,California
Yolo,2021-05-31,68,216344,19,102176,47,108117,2,6051,16,26328,52,97838,17,124166,California
Yolo,2021-06-01,756,217100,326,102502,405,108522,25,6076,258,26119,492,98330,283,124449,California
Yolo,2021-06-02,764,217864,307,102809,436,108958,21,6097,238,25855,523,98853,259,124708,California
Yolo,2021-06-03,929,218793,591,103400,314,109272,24,6121,218,25389,708,99561,242,124950,California
Yolo,2021-06-04,1494,220287,1215,104615,256,109528,23,6144,381,24683,1109,100670,403,125353,California
Yolo,2021-06-05,712,220999,543,105158,152,109680,17,6161,167,24322,545,101215,184,125537,California
Yolo,2021-06-06,1108,222107,1044,106202,57,109737,7,6168,178,23578,929,102144,185,125722,California
Yolo,2021-06-07,516,222623,271,106473,226,109963,19,6187,175,23435,337,102481,194,125916,California
Yolo,2021-06-08,1044,223667,814,107287,212,110175,18,6205,204,22818,839,103320,222,126138,California
Yolo,2021-06-09,791,224458,491,107778,269,110444,31,6236,261,22582,527,103847,291,126429,California
Yolo,2021-06-10,570,225028,361,108139,177,110621,32,6268,169,22384,399,104246,201,126630,California
Yolo,2021-06-11,654,225682,447,108586,183,110804,24,6292,196,22148,456,104702,220,126850,California
Yolo,2021-06-12,482,226164,278,108864,179,110983,25,6317,147,21987,333,105035,172,127022,California
Yolo,2021-06-13,154,226318,115,108979,38,111021,1,6318,63,21962,90,105125,65,127087,California
Yolo,2021-06-14,410,226728,253,109232,124,111145,33,6351,137,21861,272,105397,171,127258,California
Yolo,2021-06-15,774,227502,400,109632,348,111493,26,6377,302,21720,469,105866,328,127586,California
Yolo,2021-06-16,472,227974,239,109871,191,111684,42,6419,167,21624,303,106169,207,127793,California
Yolo,2021-06-17,497,228471,316,110187,125,111809,56,6475,172,21529,323,106492,228,128021,California
Yolo,2021-06-18,548,229019,392,110579,135,111944,21,6496,208,21420,337,106829,228,128249,California
Yolo,2021-06-19,319,229338,205,110784,98,112042,16,6512,115,21347,204,107033,131,128380,California
Yolo,2021-06-20,114,229452,74,110858,36,112078,4,6516,62,21364,50,107083,67,128447,California
Yolo,2021-06-21,198,229650,88,110946,98,112176,12,6528,111,21401,86,107169,123,128570,California
Yolo,2021-06-22,521,230171,296,111242,208,112384,17,6545,246,21391,273,107442,263,128833,California
Yolo,2021-06-23,221,230392,117,111359,90,112474,14,6559,90,21365,130,107572,104,128937,California
Yuba,2020-12-16,4,4,4,4,0,0,0,0,4,4,0,0,4,4,California
Yuba,2020-12-17,4,8,4,8,0,0,0,0,4,8,0,0,4,8,California
Yuba,2020-12-18,8,16,8,16,0,0,0,0,8,16,0,0,8,16,California
Yuba,2020-12-19,12,28,12,28,0,0,0,0,12,28,0,0,12,28,California
Yuba,2020-12-20,19,47,19,47,0,0,0,0,19,47,0,0,19,47,California
Yuba,2020-12-21,41,88,41,88,0,0,0,0,41,88,0,0,41,88,California
Yuba,2020-12-22,86,174,86,174,0,0,0,0,86,174,0,0,86,174,California
Yuba,2020-12-23,65,239,63,237,2,2,0,0,65,239,0,0,65,239,California
Yuba,2020-12-24,20,259,10,247,10,12,0,0,20,259,0,0,20,259,California
Yuba,2020-12-25,1,260,1,248,0,12,0,0,1,260,0,0,1,260,California
Yuba,2020-12-26,13,273,12,260,1,13,0,0,13,273,0,0,13,273,California
Yuba,2020-12-27,15,288,15,275,0,13,0,0,15,288,0,0,15,288,California
Yuba,2020-12-28,51,339,35,310,16,29,0,0,51,339,0,0,51,339,California
Yuba,2020-12-29,75,414,10,320,65,94,0,0,75,414,0,0,75,414,California
Yuba,2020-12-30,63,477,20,340,43,137,0,0,63,477,0,0,63,477,California
Yuba,2020-12-31,40,517,7,347,33,170,0,0,40,517,0,0,40,517,California
Yuba,2021-01-02,23,540,22,369,1,171,0,0,23,540,0,0,23,540,California
Yuba,2021-01-03,10,550,6,375,4,175,0,0,10,550,0,0,10,550,California
Yuba,2021-01-04,92,642,23,398,69,244,0,0,92,642,0,0,92,642,California
Yuba,2021-01-05,71,713,39,437,32,276,0,0,70,711,1,1,70,712,California
Yuba,2021-01-06,154,867,76,513,78,354,0,0,148,853,6,7,148,860,California
Yuba,2021-01-07,74,941,19,532,55,409,0,0,71,920,4,11,71,931,California
Yuba,2021-01-08,73,1014,24,556,49,458,0,0,66,979,7,18,66,997,California
Yuba,2021-01-09,19,1033,16,572,3,461,0,0,11,982,8,26,11,1008,California
Yuba,2021-01-10,117,1150,22,594,95,556,0,0,95,1055,22,48,95,1103,California
Yuba,2021-01-11,73,1223,50,644,23,579,0,0,33,1048,40,88,33,1136,California
Yuba,2021-01-12,109,1332,79,723,30,609,0,0,44,1027,65,153,44,1180,California
Yuba,2021-01-13,120,1452,72,795,48,657,0,0,55,1018,64,217,55,1235,California
Yuba,2021-01-14,113,1565,43,838,70,727,0,0,101,1107,12,229,101,1336,California
Yuba,2021-01-15,203,1768,85,923,118,845,0,0,193,1290,10,239,193,1529,California
Yuba,2021-01-16,186,1954,21,944,165,1010,0,0,174,1451,13,252,174,1703,California
Yuba,2021-01-17,13,1967,9,953,4,1014,0,0,7,1452,6,258,7,1710,California
Yuba,2021-01-18,61,2028,32,985,29,1043,0,0,36,1463,25,283,36,1746,California
Yuba,2021-01-19,80,2108,30,1015,50,1093,0,0,65,1513,15,298,65,1811,California
Yuba,2021-01-20,135,2243,88,1103,47,1140,0,0,112,1602,23,321,112,1923,California
Yuba,2021-01-21,219,2462,101,1204,118,1258,0,0,209,1801,10,331,209,2132,California
Yuba,2021-01-22,106,2568,6,1210,100,1358,0,0,97,1889,9,340,97,2229,California
Yuba,2021-01-23,199,2767,7,1217,192,1550,0,0,197,2084,2,342,197,2426,California
Yuba,2021-01-24,10,2777,7,1224,3,1553,0,0,8,2090,2,344,8,2434,California
Yuba,2021-01-25,86,2863,30,1254,56,1609,0,0,53,2111,32,376,53,2487,California
Yuba,2021-01-26,150,3013,41,1295,109,1718,0,0,91,2143,59,435,91,2578,California
Yuba,2021-01-27,185,3198,129,1424,56,1774,0,0,117,2192,68,503,117,2695,California
Yuba,2021-01-28,227,3425,89,1513,138,1912,0,0,176,2317,51,554,176,2871,California
Yuba,2021-01-29,150,3575,46,1559,104,2016,0,0,111,2389,39,593,111,2982,California
Yuba,2021-01-30,409,3984,23,1582,386,2402,0,0,398,2776,11,604,398,3380,California
Yuba,2021-01-31,18,4002,12,1594,6,2408,0,0,16,2790,2,606,16,3396,California
Yuba,2021-02-01,154,4156,74,1668,80,2488,0,0,130,2898,23,629,131,3527,California
Yuba,2021-02-02,127,4283,23,1691,104,2592,0,0,104,2979,23,652,104,3631,California
Yuba,2021-02-03,228,4511,30,1721,198,2790,0,0,116,2984,111,763,116,3747,California
Yuba,2021-02-04,297,4808,120,1841,177,2967,0,0,252,3191,45,808,252,3999,California
Yuba,2021-02-05,147,4955,32,1873,115,3082,0,0,71,3186,76,884,71,4070,California
Yuba,2021-02-06,450,5405,26,1899,424,3506,0,0,442,3620,8,892,442,4512,California
Yuba,2021-02-07,20,5425,13,1912,7,3513,0,0,16,3632,4,896,16,4528,California
Yuba,2021-02-08,97,5522,34,1946,63,3576,0,0,65,3665,32,928,65,4593,California
Yuba,2021-02-09,154,5676,56,2002,98,3674,0,0,84,3679,70,998,84,4677,California
Yuba,2021-02-10,358,6034,175,2177,183,3857,0,0,119,3560,238,1236,119,4796,California
Yuba,2021-02-11,403,6437,66,2243,337,4194,0,0,303,3765,98,1334,303,5099,California
Yuba,2021-02-12,269,6706,28,2271,241,4435,0,0,152,3800,117,1451,152,5251,California
Yuba,2021-02-13,435,7141,36,2307,399,4834,0,0,385,4135,50,1501,385,5636,California
Yuba,2021-02-14,52,7193,10,2317,42,4876,0,0,47,4177,5,1506,47,5683,California
Yuba,2021-02-15,89,7282,36,2353,53,4929,0,0,69,4226,20,1526,69,5752,California
Yuba,2021-02-16,200,7482,53,2406,147,5076,0,0,141,4309,58,1584,141,5893,California
Yuba,2021-02-17,375,7857,156,2562,219,5295,0,0,100,4135,274,1858,100,5993,California
Yuba,2021-02-18,319,8176,48,2610,271,5566,0,0,194,4204,125,1983,194,6187,California
Yuba,2021-02-19,227,8403,82,2692,145,5711,0,0,142,4261,85,2068,142,6329,California
Yuba,2021-02-20,391,8794,31,2723,360,6071,0,0,336,4542,55,2123,336,6665,California
Yuba,2021-02-21,17,8811,14,2737,3,6074,0,0,7,4539,10,2133,7,6672,California
Yuba,2021-02-22,128,8939,79,2816,49,6123,0,0,39,4490,88,2221,39,6711,California
Yuba,2021-02-23,116,9055,25,2841,91,6214,0,0,48,4472,67,2288,49,6760,California
Yuba,2021-02-24,484,9539,137,2978,347,6561,0,0,108,4204,376,2664,108,6868,California
Yuba,2021-02-25,346,9885,140,3118,206,6767,0,0,216,4290,130,2794,216,7084,California
Yuba,2021-02-26,262,10147,69,3187,193,6960,0,0,146,4322,114,2908,146,7230,California
Yuba,2021-02-27,473,10620,47,3234,426,7386,0,0,385,4621,86,2994,385,7615,California
Yuba,2021-02-28,72,10692,23,3257,49,7435,0,0,48,4645,24,3018,48,7663,California
Yuba,2021-03-01,161,10853,42,3299,119,7554,0,0,81,4647,79,3097,81,7744,California
Yuba,2021-03-02,160,11013,36,3335,124,7678,0,0,80,4647,80,3177,80,7824,California
Yuba,2021-03-03,628,11641,160,3495,468,8146,0,0,201,4422,426,3603,201,8025,California
Yuba,2021-03-04,470,12111,273,3768,197,8343,0,0,327,4607,142,3745,327,8352,California
Yuba,2021-03-05,323,12434,61,3829,261,8604,1,1,255,4795,68,3813,256,8608,California
Yuba,2021-03-06,475,12909,35,3864,436,9040,4,5,368,5061,106,3919,372,8980,California
Yuba,2021-03-07,51,12960,28,3892,22,9062,1,6,36,5083,15,3934,37,9017,California
Yuba,2021-03-08,158,13118,48,3940,94,9156,16,22,99,5139,59,3993,115,9132,California
Yuba,2021-03-09,178,13296,47,3987,111,9267,20,42,84,5149,94,4087,104,9236,California
Yuba,2021-03-10,737,14033,235,4222,472,9739,30,72,234,4910,503,4590,264,9500,California
Yuba,2021-03-11,436,14469,195,4417,229,9968,12,84,293,5072,143,4733,305,9805,California
Yuba,2021-03-12,464,14933,87,4504,323,10291,54,138,151,4964,313,5046,205,10010,California
Yuba,2021-03-13,457,15390,338,4842,104,10395,15,153,359,5241,97,5143,374,10384,California
Yuba,2021-03-14,107,15497,21,4863,76,10471,10,163,46,5238,59,5202,56,10440,California
Yuba,2021-03-15,193,15690,50,4913,127,10598,16,179,98,5257,95,5297,114,10554,California
Yuba,2021-03-16,297,15987,72,4985,201,10799,24,203,185,5355,111,5408,209,10763,California
Yuba,2021-03-17,746,16733,164,5149,551,11350,31,234,196,5035,547,5955,227,10990,California
Yuba,2021-03-18,588,17321,161,5310,314,11664,113,347,357,5273,231,6186,469,11459,California
Yuba,2021-03-19,332,17653,120,5430,159,11823,53,400,187,5368,144,6330,239,11698,California
Yuba,2021-03-20,552,18205,80,5510,454,12277,18,418,472,5779,79,6409,490,12188,California
Yuba,2021-03-21,61,18266,36,5546,25,12302,0,418,48,5814,13,6422,48,12236,California
Yuba,2021-03-22,191,18457,70,5616,114,12416,7,425,149,5928,42,6464,156,12392,California
Yuba,2021-03-23,264,18721,79,5695,159,12575,26,451,178,6048,84,6548,204,12596,California
Yuba,2021-03-24,772,19493,255,5950,436,13011,81,532,187,5733,583,7131,268,12864,California
Yuba,2021-03-25,507,20000,270,6220,215,13226,22,554,254,5756,253,7384,276,13140,California
Yuba,2021-03-26,399,20399,143,6363,227,13453,29,583,225,5837,173,7557,254,13394,California
Yuba,2021-03-27,460,20859,28,6391,429,13882,3,586,405,6190,54,7611,407,13801,California
Yuba,2021-03-28,101,20960,42,6433,55,13937,4,590,34,6161,67,7678,38,13839,California
Yuba,2021-03-29,296,21256,86,6519,178,14115,32,622,179,6255,117,7795,211,14050,California
Yuba,2021-03-30,274,21530,69,6588,197,14312,8,630,189,6367,85,7880,197,14247,California
Yuba,2021-03-31,675,22205,115,6703,548,14860,12,642,242,6190,431,8311,254,14501,California
Yuba,2021-04-01,626,22831,290,6993,307,15167,29,671,292,6177,334,8645,321,14822,California
Yuba,2021-04-02,502,23333,95,7088,324,15491,83,754,185,6128,316,8961,267,15089,California
Yuba,2021-04-03,654,23987,55,7143,117,15608,482,1236,87,6131,566,9527,569,15658,California
Yuba,2021-04-04,60,24047,11,7154,42,15650,7,1243,33,6144,27,9554,40,15698,California
Yuba,2021-04-05,245,24292,79,7233,145,15795,21,1264,124,6169,119,9673,144,15842,California
Yuba,2021-04-06,358,24650,115,7348,182,15977,61,1325,173,6218,184,9857,233,16075,California
Yuba,2021-04-07,787,25437,407,7755,327,16304,53,1378,359,6204,425,10282,411,16486,California
Yuba,2021-04-08,755,26192,292,8047,198,16502,265,1643,283,6280,471,10753,547,17033,California
Yuba,2021-04-09,405,26597,173,8220,165,16667,67,1710,170,6283,234,10987,237,17270,California
Yuba,2021-04-10,595,27192,72,8292,75,16742,448,2158,71,6279,522,11509,518,17788,California
Yuba,2021-04-11,103,27295,25,8317,66,16808,12,2170,44,6277,58,11567,56,17844,California
Yuba,2021-04-12,212,27507,45,8362,137,16945,30,2200,80,6255,131,11698,109,17953,California
Yuba,2021-04-13,399,27906,103,8465,296,17241,0,2200,202,6261,196,11894,202,18155,California
Yuba,2021-04-14,715,28621,109,8574,606,17847,0,2200,128,5803,586,12480,128,18283,California
Yuba,2021-04-15,344,28965,134,8708,210,18057,0,2200,150,5759,194,12674,150,18433,California
Yuba,2021-04-16,342,29307,100,8808,242,18299,0,2200,181,5781,159,12833,181,18614,California
Yuba,2021-04-17,406,29713,60,8868,346,18645,0,2200,334,6044,71,12904,334,18948,California
Yuba,2021-04-18,55,29768,10,8878,45,18690,0,2200,25,6040,29,12933,25,18973,California
Yuba,2021-04-19,246,30014,102,8980,144,18834,0,2200,103,6000,143,13076,103,19076,California
Yuba,2021-04-20,318,30332,80,9060,238,19072,0,2200,179,6042,138,13214,180,19256,California
Yuba,2021-04-21,701,31033,282,9342,419,19491,0,2200,300,5941,401,13615,300,19556,California
Yuba,2021-04-22,360,31393,138,9480,222,19713,0,2200,201,5983,159,13774,201,19757,California
Yuba,2021-04-23,349,31742,114,9594,235,19948,0,2200,167,5970,180,13954,167,19924,California
Yuba,2021-04-24,217,31959,69,9663,148,20096,0,2200,123,5999,94,14048,123,20047,California
Yuba,2021-04-25,71,32030,29,9692,42,20138,0,2200,34,5996,37,14085,34,20081,California
Yuba,2021-04-26,235,32265,54,9746,177,20315,4,2204,108,5981,127,14212,112,20193,California
Yuba,2021-04-27,481,32746,164,9910,307,20622,10,2214,239,5990,240,14452,249,20442,California
Yuba,2021-04-28,437,33183,178,10088,254,20876,5,2219,151,5866,280,14732,156,20598,California
Yuba,2021-04-29,434,33617,70,10158,363,21239,1,2220,152,5738,281,15013,153,20751,California
Yuba,2021-04-30,331,33948,93,10251,208,21447,30,2250,140,5719,189,15202,170,20921,California
Yuba,2021-05-01,206,34154,91,10342,96,21543,19,2269,92,5717,113,15315,111,21032,California
Yuba,2021-05-02,71,34225,40,10382,27,21570,4,2273,38,5726,33,15348,42,21074,California
Yuba,2021-05-03,163,34388,64,10446,90,21660,9,2282,51,5676,110,15458,60,21134,California
Yuba,2021-05-04,325,34713,94,10540,210,21870,21,2303,144,5660,181,15639,165,21299,California
Yuba,2021-05-05,315,35028,77,10617,231,22101,7,2310,111,5574,204,15843,118,21417,California
Yuba,2021-05-06,280,35308,103,10720,139,22240,38,2348,92,5519,185,16028,130,21547,California
Yuba,2021-05-07,352,35660,91,10811,233,22473,28,2376,114,5422,238,16266,141,21688,California
Yuba,2021-05-08,103,35763,31,10842,69,22542,3,2379,45,5412,58,16324,48,21736,California
Yuba,2021-05-09,54,35817,24,10866,27,22569,3,2382,39,5439,15,16339,42,21778,California
Yuba,2021-05-10,173,35990,56,10922,99,22668,18,2400,54,5393,118,16457,72,21850,California
Yuba,2021-05-11,384,36374,173,11095,197,22865,14,2414,148,5320,234,16691,161,22011,California
Yuba,2021-05-12,274,36648,144,11239,122,22987,8,2422,115,5284,159,16850,123,22134,California
Yuba,2021-05-13,364,37012,196,11435,125,23112,43,2465,118,5202,243,17093,161,22295,California
Yuba,2021-05-14,365,37377,139,11574,206,23318,20,2485,158,5172,207,17300,177,22472,California
Yuba,2021-05-15,432,37809,109,11683,302,23620,21,2506,110,4982,320,17620,130,22602,California
Yuba,2021-05-16,138,37947,44,11727,85,23705,9,2515,87,5028,50,17670,96,22698,California
Yuba,2021-05-17,217,38164,90,11817,107,23812,20,2535,95,5023,120,17790,115,22813,California
Yuba,2021-05-18,393,38557,162,11979,222,24034,9,2544,169,4977,224,18014,178,22991,California
Yuba,2021-05-19,260,38817,144,12123,110,24144,6,2550,132,4987,128,18142,138,23129,California
Yuba,2021-05-20,425,39242,297,12420,116,24260,12,2562,266,5107,158,18300,278,23407,California
Yuba,2021-05-21,517,39759,271,12691,238,24498,8,2570,315,5230,200,18500,323,23730,California
Yuba,2021-05-22,225,39984,120,12811,95,24593,10,2580,91,5197,134,18634,101,23831,California
Yuba,2021-05-23,64,40048,32,12843,30,24623,2,2582,34,5203,30,18664,36,23867,California
Yuba,2021-05-24,154,40202,46,12889,91,24714,17,2599,43,5154,110,18774,61,23928,California
Yuba,2021-05-25,317,40519,110,12999,190,24904,17,2616,117,5089,198,18972,133,24061,California
Yuba,2021-05-26,229,40748,97,13096,116,25020,16,2632,89,5055,139,19111,105,24166,California
Yuba,2021-05-27,247,40995,76,13172,160,25180,11,2643,108,5038,136,19247,119,24285,California
Yuba,2021-05-28,247,41242,110,13282,130,25310,7,2650,122,5044,123,19370,129,24414,California
Yuba,2021-05-29,163,41405,67,13349,74,25384,22,2672,93,5090,69,19439,115,24529,California
Yuba,2021-05-30,50,41455,20,13369,25,25409,5,2677,20,5085,30,19469,25,24554,California
Yuba,2021-05-31,31,41486,3,13372,21,25430,7,2684,11,5083,20,19489,18,24572,California
Yuba,2021-06-01,246,41732,107,13479,132,25562,7,2691,85,5017,157,19646,91,24663,California
Yuba,2021-06-02,201,41933,82,13561,112,25674,7,2698,64,4953,136,19782,72,24735,California
Yuba,2021-06-03,176,42109,102,13663,68,25742,6,2704,63,4910,112,19894,69,24804,California
Yuba,2021-06-04,243,42352,121,13784,113,25855,9,2713,81,4838,162,20056,90,24894,California
Yuba,2021-06-05,197,42549,149,13933,42,25897,6,2719,91,4830,105,20161,97,24991,California
Yuba,2021-06-06,106,42655,90,14023,13,25910,3,2722,24,4776,81,20242,27,25018,California
Yuba,2021-06-07,118,42773,50,14073,52,25962,16,2738,38,4750,80,20322,54,25072,California
Yuba,2021-06-08,241,43014,111,14184,123,26085,7,2745,71,4660,168,20490,78,25150,California
Yuba,2021-06-09,170,43184,103,14287,61,26146,6,2751,74,4645,95,20585,80,25230,California
Yuba,2021-06-10,373,43557,302,14589,66,26212,5,2756,94,4467,277,20862,99,25329,California
Yuba,2021-06-11,330,43887,235,14824,83,26295,12,2768,67,4284,263,21125,80,25409,California
Yuba,2021-06-12,131,44018,89,14913,36,26331,6,2774,36,4231,95,21220,42,25451,California
Yuba,2021-06-13,47,44065,22,14935,22,26353,3,2777,16,4219,31,21251,19,25470,California
Yuba,2021-06-14,112,44177,53,14988,48,26401,11,2788,35,4189,76,21327,46,25516,California
Yuba,2021-06-15,240,44417,98,15086,134,26535,8,2796,90,4139,148,21475,98,25614,California
Yuba,2021-06-16,153,44570,91,15177,51,26586,11,2807,72,4144,78,21553,83,25697,California
Yuba,2021-06-17,194,44764,113,15290,69,26655,12,2819,83,4128,111,21664,95,25792,California
Yuba,2021-06-18,222,44986,110,15400,90,26745,22,2841,69,4068,151,21815,91,25883,California
Yuba,2021-06-19,140,45126,71,15471,62,26807,7,2848,37,4009,103,21918,44,25927,California
Yuba,2021-06-20,33,45159,19,15490,11,26818,3,2851,13,4005,20,21938,16,25943,California
Yuba,2021-06-21,85,45244,38,15528,39,26857,8,2859,41,4013,40,21978,48,25991,California
Yuba,2021-06-22,170,45414,71,15599,89,26946,10,2869,67,3988,102,22080,77,26068,California
Yuba,2021-06-23,67,45481,31,15630,31,26977,5,2874,33,3992,34,22114,38,26106,California
