county,administered_date,total_doses,cumulative_total_doses,pfizer_doses,cumulative_pfizer_doses,moderna_doses,cumulative_moderna_doses,jj_doses,cumulative_jj_doses,partially_vaccinated,total_partially_vaccinated,fully_vaccinated,cumulative_fully_vaccinated,at_least_one_dose,cumulative_at_least_one_dose,california_flag
All CA Counties,2020-12-15,1128,1128,1128,1128,0,0,0,0,1128,1128,0,0,1128,1128,
All CA Counties,2020-12-16,8238,9366,8238,9366,0,0,0,0,8238,9366,0,0,8238,9366,
All CA Counties,2020-12-17,25721,35087,25721,35087,0,0,0,0,25756,35122,0,0,25756,35122,
All CA Counties,2020-12-18,43860,78947,43781,78868,79,79,0,0,43910,79031,1,1,43910,79032,
All CA Counties,2020-12-19,25315,104262,25294,104162,21,100,0,0,25314,104344,1,2,25314,104346,
All CA Counties,2020-12-20,18961,123223,18932,123094,29,129,0,0,18960,123303,1,3,18960,123306,
All CA Counties,2020-12-21,49626,172849,49543,172637,83,212,0,0,49666,172968,1,4,49666,172972,
All CA Counties,2020-12-22,49936,222785,47793,220430,2143,2355,0,0,49934,222901,1,5,49934,222906,
All CA Counties,2020-12-23,50257,273042,41572,262002,8685,11040,0,0,50253,273154,0,5,50253,273159,
All CA Counties,2020-12-24,23985,297027,16305,278307,7680,18720,0,0,23982,297135,1,6,23982,297141,
All CA Counties,2020-12-25,2326,299353,2007,280314,319,19039,0,0,2325,299459,1,7,2325,299466,
All CA Counties,2020-12-26,14588,313941,9424,289738,5164,24203,0,0,14586,314044,1,8,14586,314052,
All CA Counties,2020-12-27,9374,323315,5558,295296,3816,28019,0,0,9373,323416,1,9,9373,323425,
All CA Counties,2020-12-28,45595,368910,29243,324539,16352,44371,0,0,45592,369005,3,12,45592,369017,
All CA Counties,2020-12-29,51027,419937,28565,353104,22462,66833,0,0,51023,420025,3,15,51023,420040,
All CA Counties,2020-12-30,62878,482815,35635,388739,27243,94076,0,0,62870,482892,3,18,62870,482910,
All CA Counties,2020-12-31,29171,511986,10743,399482,18428,112504,0,0,29163,512050,5,23,29163,512073,
All CA Counties,2021-01-01,3706,515692,1625,401107,2081,114585,0,0,3703,515752,1,24,3703,515776,
All CA Counties,2021-01-02,18363,534055,10194,411301,8169,122754,0,0,18362,534114,0,24,18362,534138,
All CA Counties,2021-01-03,6093,540148,3455,414756,2638,125392,0,0,6065,540167,12,36,6065,540203,
All CA Counties,2021-01-04,43220,583368,21870,436626,21350,146742,0,0,43143,583267,43,79,43143,583346,
All CA Counties,2021-01-05,56165,639533,29610,466236,26555,173297,0,0,50659,628571,5438,5517,50742,634088,
All CA Counties,2021-01-06,72881,712414,40353,506589,32528,205825,0,0,57555,671017,15137,20654,57583,691671,
All CA Counties,2021-01-07,91577,803991,52136,558725,39441,245266,0,0,61131,701903,30285,50939,61171,752842,
All CA Counties,2021-01-08,106113,910104,64086,622811,42027,287293,0,0,64986,725947,40995,91934,65039,817881,
All CA Counties,2021-01-09,43521,953625,25006,647817,18515,305808,0,0,27448,737363,16053,107987,27469,845350,
All CA Counties,2021-01-10,24168,977793,14791,662608,9377,315185,0,0,12964,739154,11188,119175,12979,858329,
All CA Counties,2021-01-11,103905,1081698,69185,731793,34720,349905,0,0,60255,755892,43612,162787,60350,918679,
All CA Counties,2021-01-12,112359,1194057,66357,798150,46002,395907,0,0,71442,786688,40841,203628,71637,990316,
All CA Counties,2021-01-13,118249,1312306,61260,859410,56989,452896,0,0,84687,837972,33472,237100,84756,1075072,
All CA Counties,2021-01-14,122729,1435035,49244,908654,73485,526381,0,0,103252,921987,19365,256465,103380,1178452,
All CA Counties,2021-01-15,141285,1576320,51969,960623,89316,615697,0,0,126311,1033595,14869,271334,126477,1304929,
All CA Counties,2021-01-16,80324,1656644,27331,987954,52993,668690,0,0,72822,1098987,7477,278811,72869,1377798,
All CA Counties,2021-01-17,47989,1704633,16733,1004687,31256,699946,0,0,44381,1139806,3604,282415,44423,1422221,
All CA Counties,2021-01-18,87563,1792196,45532,1050219,42031,741977,0,0,68467,1189400,19020,301435,68614,1490835,
All CA Counties,2021-01-19,140693,1932889,73242,1123461,67451,809428,0,0,109667,1268444,30934,332369,109978,1600813,
All CA Counties,2021-01-20,157659,2090548,79971,1203432,77688,887116,0,0,124603,1360395,32882,365251,124833,1725646,
All CA Counties,2021-01-21,171708,2262256,75993,1279425,95715,982831,0,0,152925,1495036,18586,383837,153227,1878873,
All CA Counties,2021-01-22,168322,2430578,68619,1348044,99703,1082534,0,0,154197,1635382,14001,397838,154347,2033220,
All CA Counties,2021-01-23,110774,2541352,49286,1397330,61488,1144022,0,0,98324,1721419,12396,410234,98433,2131653,
All CA Counties,2021-01-24,60560,2601912,29257,1426587,31303,1175325,0,0,55983,1772900,4552,414786,56033,2187686,
All CA Counties,2021-01-25,143314,2745226,64647,1491234,78667,1253992,0,0,108789,1847598,34426,449212,109124,2296810,
All CA Counties,2021-01-26,166543,2911769,81662,1572896,84881,1338873,0,0,129642,1940742,36760,485972,129904,2426714,
All CA Counties,2021-01-27,177676,3089445,86846,1659742,90830,1429703,0,0,139005,2041646,38283,524255,139187,2565901,
All CA Counties,2021-01-28,185559,3275004,85156,1744898,100403,1530106,0,0,151935,2160428,33333,557588,152115,2718016,
All CA Counties,2021-01-29,181854,3456858,87474,1832372,94380,1624486,0,0,147670,2274616,33623,591211,147811,2865827,
All CA Counties,2021-01-30,122455,3579313,54749,1887121,67706,1692192,0,0,107603,2367652,14695,605906,107731,2973558,
All CA Counties,2021-01-31,68715,3648028,38479,1925600,30236,1722428,0,0,63735,2426489,4937,610843,63774,3037332,
All CA Counties,2021-02-01,157013,3805041,72037,1997637,84976,1807404,0,0,119140,2508004,37745,648588,119260,3156592,
All CA Counties,2021-02-02,183717,3988758,78556,2076193,105161,1912565,0,0,138220,2601278,45158,693746,138432,3295024,
All CA Counties,2021-02-03,208453,4197211,93808,2170001,114645,2027210,0,0,155095,2703700,52895,746641,155317,3450341,
All CA Counties,2021-02-04,225737,4422948,98852,2268853,126885,2154095,0,0,165583,2809985,59632,806273,165917,3616258,
All CA Counties,2021-02-05,244370,4667318,105816,2374669,138554,2292649,0,0,166407,2899728,77217,883490,166960,3783218,
All CA Counties,2021-02-06,154020,4821338,74342,2449011,79678,2372327,0,0,119533,2985428,34324,917814,120024,3903242,
All CA Counties,2021-02-07,65591,4886929,42256,2491267,23335,2395662,0,0,49287,3018938,16220,934034,49730,3952972,
All CA Counties,2021-02-08,178772,5065701,87566,2578833,91206,2486868,0,0,118052,3077423,60289,994323,118774,4071746,
All CA Counties,2021-02-09,208668,5274369,100879,2679712,107789,2594657,0,0,125070,3120415,83216,1077539,126208,4197954,
All CA Counties,2021-02-10,246151,5520520,118859,2798571,127292,2721949,0,0,137165,3150811,108215,1185754,138611,4336565,
All CA Counties,2021-02-11,260331,5780851,128833,2927404,131498,2853447,0,0,142760,3178731,116604,1302358,144524,4481089,
All CA Counties,2021-02-12,269613,6050464,117961,3045365,151652,3005099,0,0,145930,3204006,122980,1425338,148255,4629344,
All CA Counties,2021-02-13,165144,6215608,76031,3121396,89113,3094212,0,0,91214,3223638,73536,1498874,93168,4722512,
All CA Counties,2021-02-14,94289,6309897,46708,3168104,47581,3141793,0,0,51023,3233067,43134,1542008,52563,4775075,
All CA Counties,2021-02-15,140653,6450550,61758,3229862,78895,3220688,0,0,78117,3252077,62213,1604221,81223,4856298,
All CA Counties,2021-02-16,245554,6696104,116739,3346601,128815,3349503,0,0,131889,3273747,113343,1717564,135013,4991311,
All CA Counties,2021-02-17,254913,6951017,126735,3473336,128178,3477681,0,0,127716,3277976,126740,1844304,130969,5122280,
All CA Counties,2021-02-18,268145,7219162,139720,3613056,128425,3606106,0,0,130520,3275781,136957,1981261,134762,5257042,
All CA Counties,2021-02-19,249213,7468375,144787,3757843,104426,3710532,0,0,129816,3288732,118984,2100245,131935,5388977,
All CA Counties,2021-02-20,150016,7618391,96500,3854343,53516,3764048,0,0,83083,3307073,66730,2166975,85071,5474048,
All CA Counties,2021-02-21,70181,7688572,56528,3910871,13653,3777701,0,0,35033,3308434,34974,2201949,36335,5510383,
All CA Counties,2021-02-22,161987,7850559,108975,4019846,53012,3830713,0,0,82395,3313258,79320,2281269,84144,5594527,
All CA Counties,2021-02-23,219414,8069973,115750,4135596,103664,3934377,0,0,103065,3306418,115868,2397137,109028,5703555,
All CA Counties,2021-02-24,279357,8349330,140981,4276577,138376,4072753,0,0,135108,3305378,143708,2540845,142668,5846223,
All CA Counties,2021-02-25,313446,8662776,153918,4430495,159528,4232281,0,0,165316,3331748,147520,2688365,173890,6020113,
All CA Counties,2021-02-26,347700,9010476,162347,4592842,185353,4417634,0,0,195119,3382250,151803,2840168,202305,6222418,
All CA Counties,2021-02-27,245082,9255558,116771,4709613,128298,4545932,13,13,139094,3420253,105492,2945660,143495,6365913,
All CA Counties,2021-02-28,128466,9384024,76469,4786082,51996,4597928,1,14,76247,3447494,51933,2997593,79174,6445087,
All CA Counties,2021-03-01,234082,9618106,123906,4909988,110156,4708084,20,34,136068,3490112,97490,3095083,140108,6585195,
All CA Counties,2021-03-02,264331,9882437,129058,5039046,135263,4843347,10,44,160402,3554088,103529,3198612,167505,6752700,
All CA Counties,2021-03-03,320109,10202546,157914,5196960,162168,5005515,27,71,183593,3609134,135940,3334552,190986,6943686,
All CA Counties,2021-03-04,334100,10536646,167729,5364689,166296,5171811,75,146,197648,3677980,135875,3470427,204721,7148407,
All CA Counties,2021-03-05,323914,10860560,157505,5522194,165325,5337136,1084,1230,201960,3767052,121261,3591688,210333,7358740,
All CA Counties,2021-03-06,245583,11106143,125990,5648184,111986,5449122,7607,8837,154005,3842191,91262,3682950,166401,7525141,
All CA Counties,2021-03-07,122800,11228943,74672,5722856,44151,5493273,3977,12814,77986,3883279,44679,3727629,85767,7610908,
All CA Counties,2021-03-08,209307,11438250,100759,5823615,98453,5591726,10095,22909,136664,3962611,72363,3799992,151695,7762603,
All CA Counties,2021-03-09,258366,11696616,111324,5934939,131436,5723162,15606,38515,141886,4008169,116099,3916091,161657,7924260,
All CA Counties,2021-03-10,307092,12003708,150107,6085046,133773,5856935,23212,61727,168204,4065466,138407,4054498,195704,8119964,
All CA Counties,2021-03-11,363579,12367287,175821,6260867,156568,6013503,31190,92917,189872,4117904,172964,4227462,225402,8345366,
All CA Counties,2021-03-12,382655,12749942,170578,6431445,166880,6180383,45197,138114,187229,4159615,194803,4422265,236514,8581880,
All CA Counties,2021-03-13,273089,13023031,120123,6551568,122546,6302929,30420,168534,147729,4217072,125012,4547277,182469,8764349,
All CA Counties,2021-03-14,150685,13173716,80928,6632496,55026,6357955,14731,183265,81254,4246161,69219,4616496,98308,8862657,
All CA Counties,2021-03-15,285035,13458751,135672,6768168,129117,6487072,20246,203511,157436,4300286,127036,4743532,181161,9043818,
All CA Counties,2021-03-16,363717,13822468,171064,6939232,175669,6662741,16984,220495,215151,4387749,147968,4891500,235431,9279249,
All CA Counties,2021-03-17,374463,14196931,186706,7125938,169906,6832647,17851,238346,233033,4500468,140819,5032319,253538,9532787,
All CA Counties,2021-03-18,387553,14584484,198717,7324655,171280,7003927,17556,255902,234953,4603520,151717,5184036,254769,9787556,
All CA Counties,2021-03-19,398260,14982744,208917,7533572,168176,7172103,21167,277069,234190,4697734,163285,5347321,257499,10045055,
All CA Counties,2021-03-20,286688,15269432,150446,7684018,121048,7293151,15194,292263,185269,4798803,100871,5448192,201940,10246995,
All CA Counties,2021-03-21,140545,15409977,96816,7780834,36361,7329512,7368,299631,91735,4850769,48584,5496776,100550,10347545,
All CA Counties,2021-03-22,266098,15676075,155551,7936385,99762,7429274,10785,310416,178258,4955596,87294,5584070,192121,10539666,
All CA Counties,2021-03-23,348115,16024190,191680,8128065,145921,7575195,10514,320930,228592,5078547,118811,5702881,241762,10781428,
All CA Counties,2021-03-24,377371,16401561,217343,8345408,148334,7723529,11694,332624,226852,5169661,149630,5852511,240744,11022172,
All CA Counties,2021-03-25,401793,16803354,221758,8567166,166556,7890085,13479,346103,234622,5253840,166147,6018658,250326,11272498,
All CA Counties,2021-03-26,419892,17223246,224042,8791208,180253,8070338,15597,361700,234697,5323054,184236,6202894,253450,11525948,
All CA Counties,2021-03-27,301666,17524912,160016,8951224,130600,8200938,11050,372750,155141,5345633,145889,6348783,168468,11694416,
All CA Counties,2021-03-28,164888,17689800,105569,9056793,55736,8256674,3583,376333,90665,5367835,73945,6422728,96147,11790563,
All CA Counties,2021-03-29,300185,17989985,162527,9219320,129389,8386063,8269,384602,174714,5428562,124884,6547612,185611,11976174,
All CA Counties,2021-03-30,387587,18377572,196460,9415780,174867,8560930,16260,400862,240989,5541640,146038,6693650,259116,12235290,
All CA Counties,2021-03-31,412556,18790128,225368,9641148,166860,8727790,20328,421190,240972,5633187,170849,6864499,262396,12497686,
All CA Counties,2021-04-01,468907,19259035,239682,9880830,191746,8919536,37479,458669,266586,5737129,201509,7066008,305451,12803137,
All CA Counties,2021-04-02,449313,19708348,218552,10099382,190461,9109997,40300,498969,250030,5830903,198303,7264311,292077,13095214,
All CA Counties,2021-04-03,314795,20023143,158866,10258248,117508,9227505,38421,537390,161675,5879614,152626,7416937,201337,13296551,
All CA Counties,2021-04-04,127052,20150195,65891,10324139,43534,9271039,17627,555017,56268,5883061,70615,7487552,74062,13370613,
All CA Counties,2021-04-05,336826,20487021,173461,10497600,125872,9396911,37493,592510,170034,5926770,166336,7653888,210045,13580658,
All CA Counties,2021-04-06,436965,20923986,222714,10720314,152632,9549543,61619,654129,215605,5985411,220638,7874526,279279,13859937,
All CA Counties,2021-04-07,444964,21368950,230682,10950996,149678,9699221,64604,718733,219632,6046195,224601,8099127,285385,14145322,
All CA Counties,2021-04-08,451477,21820427,230691,11181687,145957,9845178,74829,793562,216333,6105138,234321,8333448,293264,14438586,
All CA Counties,2021-04-09,243512,22063939,111152,11292839,98652,9943830,33708,827270,113795,6123696,129266,8462714,147824,14586410,
All CA and Non-CA Counties,2020-12-15,1135,1135,1135,1135,0,0,0,0,1135,1135,0,0,1135,1135,
All CA and Non-CA Counties,2020-12-16,8370,9505,8370,9505,0,0,0,0,8370,9505,0,0,8370,9505,
All CA and Non-CA Counties,2020-12-17,27288,36793,27288,36793,0,0,0,0,27288,36793,0,0,27288,36793,
All CA and Non-CA Counties,2020-12-18,46277,83070,46194,82987,83,83,0,0,46276,83068,1,1,46276,83069,
All CA and Non-CA Counties,2020-12-19,26296,109366,26274,109261,22,105,0,0,26295,109362,1,2,26295,109364,
All CA and Non-CA Counties,2020-12-20,19603,128969,19573,128834,30,135,0,0,19602,128963,1,3,19602,128966,
All CA and Non-CA Counties,2020-12-21,51732,180701,51648,180482,84,219,0,0,51730,180692,1,4,51730,180696,
All CA and Non-CA Counties,2020-12-22,51861,232562,49684,230166,2177,2396,0,0,51859,232550,1,5,51859,232555,
All CA and Non-CA Counties,2020-12-23,51680,284242,42878,273044,8802,11198,0,0,51676,284226,0,5,51676,284231,
All CA and Non-CA Counties,2020-12-24,24787,309029,16915,289959,7872,19070,0,0,24784,309009,1,6,24784,309015,
All CA and Non-CA Counties,2020-12-25,2358,311387,2035,291994,323,19393,0,0,2357,311365,1,7,2357,311372,
All CA and Non-CA Counties,2020-12-26,14896,326283,9628,301622,5268,24661,0,0,14894,326258,1,8,14894,326266,
All CA and Non-CA Counties,2020-12-27,9560,335843,5629,307251,3931,28592,0,0,9559,335816,1,9,9559,335825,
All CA and Non-CA Counties,2020-12-28,46990,382833,30124,337375,16866,45458,0,0,46987,382800,3,12,46987,382812,
All CA and Non-CA Counties,2020-12-29,52481,435314,29494,366869,22987,68445,0,0,52477,435274,3,15,52477,435289,
All CA and Non-CA Counties,2020-12-30,64782,500096,36885,403754,27897,96342,0,0,64775,500046,3,18,64775,500064,
All CA and Non-CA Counties,2020-12-31,30240,530336,11328,415082,18912,115254,0,0,30231,530272,5,23,30231,530295,
All CA and Non-CA Counties,2021-01-01,3816,534152,1647,416729,2169,117423,0,0,3813,534084,1,24,3813,534108,
All CA and Non-CA Counties,2021-01-02,18603,552755,10326,427055,8277,125700,0,0,18601,552684,1,25,18601,552709,
All CA and Non-CA Counties,2021-01-03,6265,559020,3547,430602,2718,128418,0,0,6237,558909,12,37,6237,558946,
All CA and Non-CA Counties,2021-01-04,44347,603367,22376,452978,21971,150389,0,0,44264,603130,43,80,44264,603210,
All CA and Non-CA Counties,2021-01-05,57606,660973,30360,483338,27246,177635,0,0,51964,649605,5572,5652,52047,655257,
All CA and Non-CA Counties,2021-01-06,75464,736437,41880,525218,33584,211219,0,0,59468,693288,15813,21465,59496,714753,
All CA and Non-CA Counties,2021-01-07,95732,832169,54709,579927,41023,252242,0,0,63659,725078,31911,53376,63701,778454,
All CA and Non-CA Counties,2021-01-08,110382,942551,66785,646712,43597,295839,0,0,67518,749929,42723,96099,67574,846028,
All CA and Non-CA Counties,2021-01-09,44851,987402,25539,672251,19312,315151,0,0,28450,762022,16380,112479,28473,874501,
All CA and Non-CA Counties,2021-01-10,24469,1011871,14969,687220,9500,324651,0,0,13146,763876,11307,123786,13161,887662,
All CA and Non-CA Counties,2021-01-11,107158,1119029,71166,758386,35992,360643,0,0,62189,781229,44931,168717,62284,949946,
All CA and Non-CA Counties,2021-01-12,116133,1235162,68615,827001,47518,408161,0,0,73735,812845,42316,211033,73932,1023878,
All CA and Non-CA Counties,2021-01-13,121760,1356922,62994,889995,58766,466927,0,0,87107,865452,34570,245603,87177,1111055,
All CA and Non-CA Counties,2021-01-14,126367,1483289,50490,940485,75877,542804,0,0,106276,951879,19977,265580,106404,1217459,
All CA and Non-CA Counties,2021-01-15,145283,1628572,52888,993373,92395,635199,0,0,129877,1066625,15298,280878,130044,1347503,
All CA and Non-CA Counties,2021-01-16,82860,1711432,27691,1021064,55169,690368,0,0,75184,1134208,7648,288526,75231,1422734,
All CA and Non-CA Counties,2021-01-17,48438,1759870,16880,1037944,31558,721926,0,0,44780,1175377,3653,292179,44822,1467556,
All CA and Non-CA Counties,2021-01-18,88703,1848573,46321,1084265,42382,764308,0,0,69150,1225199,19476,311655,69298,1536854,
All CA and Non-CA Counties,2021-01-19,144680,1993253,74559,1158824,70121,834429,0,0,112809,1306542,31779,343434,113122,1649976,
All CA and Non-CA Counties,2021-01-20,162022,2155275,81386,1240210,80636,915065,0,0,128037,1401002,33808,377242,128268,1778244,
All CA and Non-CA Counties,2021-01-21,175690,2330965,77033,1317243,98657,1013722,0,0,156392,1538608,19088,396330,156694,1934938,
All CA and Non-CA Counties,2021-01-22,172742,2503707,69647,1386890,103095,1116817,0,0,158222,1682591,14390,410720,158373,2093311,
All CA and Non-CA Counties,2021-01-23,112995,2616702,49622,1436512,63373,1180190,0,0,100379,1770518,12561,423281,100488,2193799,
All CA and Non-CA Counties,2021-01-24,61256,2677958,29596,1466108,31660,1211850,0,0,56601,1822538,4631,427912,56651,2250450,
All CA and Non-CA Counties,2021-01-25,147662,2825620,66584,1532692,81078,1292928,0,0,112302,1899901,35275,463187,112638,2363088,
All CA and Non-CA Counties,2021-01-26,172751,2998371,84876,1617568,87875,1380803,0,0,135063,1997665,37569,500756,135333,2498421,
All CA and Non-CA Counties,2021-01-27,182642,3181013,89808,1707376,92834,1473637,0,0,143429,2102431,38846,539602,143612,2642033,
All CA and Non-CA Counties,2021-01-28,190876,3371889,88261,1795637,102615,1576252,0,0,156772,2225551,33832,573434,156952,2798985,
All CA and Non-CA Counties,2021-01-29,186610,3558499,90553,1886190,96057,1672309,0,0,151721,2343074,34340,607774,151863,2950848,
All CA and Non-CA Counties,2021-01-30,126733,3685232,57248,1943438,69485,1741794,0,0,111664,2439949,14917,622691,111792,3062640,
All CA and Non-CA Counties,2021-01-31,72249,3757481,41605,1985043,30644,1772438,0,0,67217,2502216,4989,627680,67256,3129896,
All CA and Non-CA Counties,2021-02-01,162840,3920321,74995,2060038,87845,1860283,0,0,124313,2588247,38402,666082,124433,3254329,
All CA and Non-CA Counties,2021-02-02,191070,4111391,81331,2141369,109739,1970022,0,0,144874,2687484,45849,711931,145086,3399415,
All CA and Non-CA Counties,2021-02-03,216528,4327919,96622,2237991,119906,2089928,0,0,162353,2796358,53702,765633,162576,3561991,
All CA and Non-CA Counties,2021-02-04,233200,4561119,101645,2339636,131555,2221483,0,0,172099,2908225,60566,826199,172433,3734424,
All CA and Non-CA Counties,2021-02-05,251090,4812209,107968,2447604,143122,2364605,0,0,172143,3002713,78208,904407,172696,3907120,
All CA and Non-CA Counties,2021-02-06,158525,4970734,76661,2524265,81864,2446469,0,0,123606,3092065,34750,939157,124102,4031222,
All CA and Non-CA Counties,2021-02-07,68551,5039285,44667,2568932,23884,2470353,0,0,52168,3128379,16299,955456,52613,4083835,
All CA and Non-CA Counties,2021-02-08,184572,5223857,91342,2660274,93230,2563583,0,0,122784,3190544,61341,1016797,123506,4207341,
All CA and Non-CA Counties,2021-02-09,213433,5437290,103173,2763447,110260,2673843,0,0,128526,3235714,84510,1101307,129680,4337021,
All CA and Non-CA Counties,2021-02-10,252047,5689337,121051,2884498,130996,2804839,0,0,140691,3267318,110577,1211884,142181,4479202,
All CA and Non-CA Counties,2021-02-11,265175,5954512,130977,3015475,134198,2939037,0,0,146448,3297796,117752,1329636,148230,4627432,
All CA and Non-CA Counties,2021-02-12,274299,6228811,119615,3135090,154684,3093721,0,0,148998,3324527,124596,1454232,151327,4778759,
All CA and Non-CA Counties,2021-02-13,167377,6396188,76646,3211736,90731,3184452,0,0,93016,3345539,73968,1528200,94980,4873739,
All CA and Non-CA Counties,2021-02-14,95712,6491900,47171,3258907,48541,3232993,0,0,52174,3355884,43401,1571601,53746,4927485,
All CA and Non-CA Counties,2021-02-15,143161,6635061,63312,3322219,79849,3312842,0,0,79283,3374772,63537,1635138,82425,5009910,
All CA and Non-CA Counties,2021-02-16,251885,6886946,119665,3441884,132220,3445062,0,0,134424,3395202,117131,1752269,137561,5147471,
All CA and Non-CA Counties,2021-02-17,260571,7147517,129533,3571417,131038,3576100,0,0,129389,3397133,130718,1882987,132649,5280120,
All CA and Non-CA Counties,2021-02-18,274218,7421735,143296,3714713,130922,3707022,0,0,132348,3392535,141191,2024178,136593,5416713,
All CA and Non-CA Counties,2021-02-19,254388,7676123,148417,3863130,105971,3812993,0,0,131746,3404176,122225,2146403,133866,5550579,
All CA and Non-CA Counties,2021-02-20,153133,7829256,99117,3962247,54016,3867009,0,0,84179,3421599,68746,2215149,86169,5636748,
All CA and Non-CA Counties,2021-02-21,71993,7901249,58134,4020381,13859,3880868,0,0,35653,3422392,36162,2251311,36955,5673703,
All CA and Non-CA Counties,2021-02-22,164703,8065952,110873,4131254,53830,3934698,0,0,83355,3426425,81075,2332386,85108,5758811,
All CA and Non-CA Counties,2021-02-23,224466,8290418,118294,4249548,106172,4040870,0,0,104633,3417682,119347,2451733,110604,5869415,
All CA and Non-CA Counties,2021-02-24,284549,8574967,143540,4393088,141009,4181879,0,0,136585,3414413,147418,2599151,144149,6013564,
All CA and Non-CA Counties,2021-02-25,319220,8894187,156468,4549556,162752,4344631,0,0,167411,3439224,151179,2750330,175990,6189554,
All CA and Non-CA Counties,2021-02-26,353584,9247771,165293,4714849,188291,4532922,0,0,197529,3488744,155196,2905526,204716,6394270,
All CA and Non-CA Counties,2021-02-27,249573,9497344,119015,4833864,130544,4663466,14,14,140320,3524721,108747,3014273,144724,6538994,
All CA and Non-CA Counties,2021-02-28,131095,9628439,78484,4912348,52610,4716076,1,15,77253,3551350,53552,3067825,80181,6619175,
All CA and Non-CA Counties,2021-03-01,238566,9867005,126867,5039215,111679,4827755,20,35,137202,3591772,100833,3168658,141255,6760430,
All CA and Non-CA Counties,2021-03-02,270251,10137256,130995,5170210,139246,4967001,10,45,162037,3653185,107817,3276475,169230,6929660,
All CA and Non-CA Counties,2021-03-03,326921,10464177,160136,5330346,166757,5133758,28,73,185392,3705022,140959,3417434,192796,7122456,
All CA and Non-CA Counties,2021-03-04,340065,10804242,170027,5500373,169962,5303720,76,149,199452,3771562,140003,3557437,206543,7328999,
All CA and Non-CA Counties,2021-03-05,328117,11132359,159296,5659669,167726,5471446,1095,1244,204034,3860582,123406,3680843,212426,7541425,
All CA and Non-CA Counties,2021-03-06,249572,11381931,127653,5787322,114160,5585606,7759,9003,155886,3935732,93360,3774203,168510,7709935,
All CA and Non-CA Counties,2021-03-07,124329,11506260,75657,5862979,44642,5630248,4030,13033,78879,3977149,45313,3819516,86730,7796665,
All CA and Non-CA Counties,2021-03-08,211947,11718207,102302,5965281,99301,5729549,10344,23377,138520,4057834,73116,3892632,153801,7950466,
All CA and Non-CA Counties,2021-03-09,262245,11980452,113160,6078441,133165,5862714,15920,39297,144055,4104186,117807,4010439,164159,8114625,
All CA and Non-CA Counties,2021-03-10,310593,12291045,151502,6229943,135390,5998104,23701,62998,170185,4162453,139914,4150353,198181,8312806,
All CA and Non-CA Counties,2021-03-11,369064,12660109,178486,6408429,158708,6156812,31870,94868,192742,4215832,175578,4325931,228957,8541763,
All CA and Non-CA Counties,2021-03-12,387963,13048072,173476,6581905,168587,6325399,45900,140768,190130,4258750,197201,4523132,240119,8781882,
All CA and Non-CA Counties,2021-03-13,276457,13324529,121984,6703889,123585,6448984,30888,171656,149974,4317804,126129,4649261,185183,8967065,
All CA and Non-CA Counties,2021-03-14,152576,13477105,81845,6785734,55667,6504651,15064,186720,82381,4347596,69983,4719244,99775,9066840,
All CA and Non-CA Counties,2021-03-15,288180,13765285,137038,6922772,130508,6635159,20634,207354,159292,4402683,128323,4847567,183410,9250250,
All CA and Non-CA Counties,2021-03-16,369840,14135125,174162,7096934,178350,6813509,17328,224682,218689,4491445,150550,4998117,239312,9489562,
All CA and Non-CA Counties,2021-03-17,380853,14515978,190209,7287143,172447,6985956,18197,242879,236943,4605944,143297,5141414,257796,9747358,
All CA and Non-CA Counties,2021-03-18,394210,14910188,202397,7489540,173744,7159700,18069,260948,239076,4711145,154241,5295655,259442,10006800,
All CA and Non-CA Counties,2021-03-19,403970,15314158,212123,7701663,170148,7329848,21699,282647,237737,4807281,165446,5461101,261582,10268382,
All CA and Non-CA Counties,2021-03-20,290419,15604577,152975,7854638,122172,7452020,15272,297919,188297,4910758,101569,5562670,205046,10473428,
All CA and Non-CA Counties,2021-03-21,142276,15746853,98007,7952645,36812,7488832,7457,305376,93078,4963770,48971,5611641,101983,10575411,
All CA and Non-CA Counties,2021-03-22,268784,16015637,157037,8109682,100889,7589721,10858,316234,180033,5069540,88199,5699840,193969,10769380,
All CA and Non-CA Counties,2021-03-23,353625,16369262,194345,8304027,148498,7738219,10782,327016,232450,5194976,120452,5820292,245888,11015268,
All CA and Non-CA Counties,2021-03-24,383666,16752928,220303,8524330,151254,7889473,12109,339125,231646,5289801,151125,5971417,245950,11261218,
All CA and Non-CA Counties,2021-03-25,408969,17161897,224768,8749098,170242,8059715,13959,353084,240172,5378395,167763,6139180,256357,11517575,
All CA and Non-CA Counties,2021-03-26,425871,17587768,227138,8976236,182963,8242678,15770,368854,238939,5450299,185961,6325141,257865,11775440,
All CA and Non-CA Counties,2021-03-27,305858,17893626,162475,9138711,132293,8374971,11090,379944,158088,5474625,147126,6472267,171452,11946892,
All CA and Non-CA Counties,2021-03-28,167408,18061034,106825,9245536,56928,8431899,3655,383599,92322,5497699,74802,6547069,97876,12044768,
All CA and Non-CA Counties,2021-03-29,304614,18365648,164454,9409990,131636,8563535,8524,392123,177464,5559755,126561,6673630,188617,12233385,
All CA and Non-CA Counties,2021-03-30,393596,18759244,199496,9609486,177313,8740848,16787,408910,244752,5674897,148273,6821903,263415,12496800,
All CA and Non-CA Counties,2021-03-31,417830,19177074,228348,9837834,168429,8909277,21053,429963,244139,5768231,172953,6994856,266287,12763087,
All CA and Non-CA Counties,2021-04-01,475023,19652097,243098,10080932,193823,9103100,38102,468065,270232,5873976,203974,7198830,309719,13072806,
All CA and Non-CA Counties,2021-04-02,456569,20108666,222480,10303412,192836,9295936,41253,509318,254060,5969514,201524,7400354,297062,13369868,
All CA and Non-CA Counties,2021-04-03,320490,20429156,162183,10465595,118734,9414670,39573,548891,164685,6019708,155305,7555659,205499,13575367,
All CA and Non-CA Counties,2021-04-04,128650,20557806,66695,10532290,44102,9458772,17853,566744,57147,6023543,71332,7626991,75167,13650534,
All CA and Non-CA Counties,2021-04-05,340500,20898306,175351,10707641,127112,9585884,38037,604781,171880,6067819,168160,7795151,212436,13862970,
All CA and Non-CA Counties,2021-04-06,443455,21341761,225937,10933578,154416,9740300,63102,667883,218407,6127064,224313,8019464,283558,14146528,
All CA and Non-CA Counties,2021-04-07,452778,21794539,234689,11168267,151640,9891940,66449,734332,223085,6188788,228950,8248414,290674,14437202,
All CA and Non-CA Counties,2021-04-08,459386,22253925,234686,11402953,147867,10039807,76833,811165,219859,6248884,238692,8487106,298788,14735990,
All CA and Non-CA Counties,2021-04-09,247369,22501294,112740,11515693,99612,10139419,35017,846182,114989,6267284,131926,8619032,150326,14886316,
Outside California,2020-12-15,7,7,7,7,0,0,0,0,7,7,0,0,7,7,Not in California
Outside California,2020-12-16,132,139,132,139,0,0,0,0,132,139,0,0,132,139,Not in California
Outside California,2020-12-17,1531,1670,1531,1670,0,0,0,0,1531,1670,0,0,1531,1670,Not in California
Outside California,2020-12-18,2365,4035,2361,4031,4,4,0,0,2364,4034,0,0,2364,4034,Not in California
Outside California,2020-12-19,981,5016,980,5011,1,5,0,0,981,5015,0,0,981,5015,Not in California
Outside California,2020-12-20,642,5658,641,5652,1,6,0,0,642,5657,0,0,642,5657,Not in California
Outside California,2020-12-21,2065,7723,2064,7716,1,7,0,0,2064,7721,0,0,2064,7721,Not in California
Outside California,2020-12-22,1925,9648,1891,9607,34,41,0,0,1925,9646,0,0,1925,9646,Not in California
Outside California,2020-12-23,1423,11071,1306,10913,117,158,0,0,1423,11069,0,0,1423,11069,Not in California
Outside California,2020-12-24,802,11873,610,11523,192,350,0,0,802,11871,0,0,802,11871,Not in California
Outside California,2020-12-25,32,11905,28,11551,4,354,0,0,32,11903,0,0,32,11903,Not in California
Outside California,2020-12-26,307,12212,203,11754,104,458,0,0,307,12210,0,0,307,12210,Not in California
Outside California,2020-12-27,186,12398,71,11825,115,573,0,0,186,12396,0,0,186,12396,Not in California
Outside California,2020-12-28,1391,13789,877,12702,514,1087,0,0,1391,13787,0,0,1391,13787,Not in California
Outside California,2020-12-29,1451,15240,926,13628,525,1612,0,0,1451,15238,0,0,1451,15238,Not in California
Outside California,2020-12-30,1849,17089,1195,14823,654,2266,0,0,1850,17088,0,0,1850,17088,Not in California
Outside California,2020-12-31,1067,18156,585,15408,482,2748,0,0,1068,18156,0,0,1068,18156,Not in California
Outside California,2021-01-01,110,18266,22,15430,88,2836,0,0,110,18266,0,0,110,18266,Not in California
Outside California,2021-01-02,239,18505,132,15562,107,2943,0,0,238,18503,1,1,238,18504,Not in California
Outside California,2021-01-03,172,18677,92,15654,80,3023,0,0,172,18675,0,1,172,18676,Not in California
Outside California,2021-01-04,1124,19801,503,16157,621,3644,0,0,1119,19794,0,1,1119,19795,Not in California
Outside California,2021-01-05,1439,21240,750,16907,689,4333,0,0,1303,20963,134,135,1303,21098,Not in California
Outside California,2021-01-06,2578,23818,1523,18430,1055,5388,0,0,1909,22196,676,811,1909,23007,Not in California
Outside California,2021-01-07,4085,27903,2504,20934,1581,6969,0,0,2458,23030,1626,2437,2460,25467,Not in California
Outside California,2021-01-08,4269,32172,2699,23633,1570,8539,0,0,2531,23836,1728,4165,2534,28001,Not in California
Outside California,2021-01-09,1328,33500,531,24164,797,9336,0,0,999,24510,327,4492,1001,29002,Not in California
Outside California,2021-01-10,301,33801,178,24342,123,9459,0,0,182,24573,119,4611,182,29184,Not in California
Outside California,2021-01-11,3234,37035,1962,26304,1272,10731,0,0,1916,25170,1319,5930,1916,31100,Not in California
Outside California,2021-01-12,3764,40799,2249,28553,1515,12246,0,0,2285,25982,1474,7404,2286,33386,Not in California
Outside California,2021-01-13,3500,44299,1723,30276,1777,14023,0,0,2407,27292,1098,8502,2408,35794,Not in California
Outside California,2021-01-14,3635,47934,1243,31519,2392,16415,0,0,3021,29701,612,9114,3021,38815,Not in California
Outside California,2021-01-15,3994,51928,916,32435,3078,19493,0,0,3561,32834,429,9543,3562,42377,Not in California
Outside California,2021-01-16,2529,54457,353,32788,2176,21669,0,0,2356,35020,170,9713,2356,44733,Not in California
Outside California,2021-01-17,446,54903,144,32932,302,21971,0,0,396,35367,49,9762,396,45129,Not in California
Outside California,2021-01-18,1083,55986,732,33664,351,22322,0,0,628,35542,454,10216,629,45758,Not in California
Outside California,2021-01-19,3962,59948,1292,34956,2670,24992,0,0,3119,37819,844,11060,3121,48879,Not in California
Outside California,2021-01-20,4284,64232,1336,36292,2948,27940,0,0,3407,40353,874,11934,3408,52287,Not in California
Outside California,2021-01-21,3922,68154,982,37274,2940,30880,0,0,3405,43256,502,12436,3405,55692,Not in California
Outside California,2021-01-22,4379,72533,993,38267,3386,34266,0,0,3985,46853,389,12825,3986,59678,Not in California
Outside California,2021-01-23,2208,74741,329,38596,1879,36145,0,0,2042,48730,165,12990,2042,61720,Not in California
Outside California,2021-01-24,694,75435,337,38933,357,36502,0,0,615,49266,79,13069,615,62335,Not in California
Outside California,2021-01-25,4328,79763,1919,40852,2409,38911,0,0,3496,51917,846,13915,3497,65832,Not in California
Outside California,2021-01-26,6113,85876,3119,43971,2994,41905,0,0,5323,56439,809,14724,5331,71163,Not in California
Outside California,2021-01-27,4949,90825,2945,46916,2004,43909,0,0,4408,60286,562,15286,4409,75572,Not in California
Outside California,2021-01-28,5163,95988,2953,49869,2210,46119,0,0,4739,64585,440,15726,4739,80311,Not in California
Outside California,2021-01-29,4608,100596,2931,52800,1677,47796,0,0,3898,67768,716,16442,3899,84210,Not in California
Outside California,2021-01-30,4268,104864,2491,55291,1777,49573,0,0,4048,71595,221,16663,4048,88258,Not in California
Outside California,2021-01-31,3517,108381,3109,58400,408,49981,0,0,3465,75009,51,16714,3465,91723,Not in California
Outside California,2021-02-01,5790,114171,2923,61323,2867,52848,0,0,5151,79520,640,17354,5151,96874,Not in California
Outside California,2021-02-02,7283,121454,2707,64030,4576,57424,0,0,6591,85426,685,18039,6591,103465,Not in California
Outside California,2021-02-03,8027,129481,2767,66797,5260,62684,0,0,7222,91853,796,18835,7223,110688,Not in California
Outside California,2021-02-04,7402,136883,2736,69533,4666,67350,0,0,6459,97382,930,19765,6459,117147,Not in California
Outside California,2021-02-05,6704,143587,2141,71674,4563,71913,0,0,5722,102118,986,20751,5722,122869,Not in California
Outside California,2021-02-06,4488,148075,2305,73979,2183,74096,0,0,4059,105760,420,21171,4062,126931,Not in California
Outside California,2021-02-07,2952,151027,2403,76382,549,74645,0,0,2875,108560,77,21248,2877,129808,Not in California
Outside California,2021-02-08,5745,156772,3724,80106,2021,76666,0,0,4719,112269,1010,22258,4719,134527,Not in California
Outside California,2021-02-09,4743,161515,2272,82378,2471,79137,0,0,3451,114459,1277,23535,3467,137994,Not in California
Outside California,2021-02-10,5859,167374,2160,84538,3699,82836,0,0,3515,115682,2336,25871,3559,141553,Not in California
Outside California,2021-02-11,4751,172125,2052,86590,2699,85535,0,0,3645,118248,1097,26968,3663,145216,Not in California
Outside California,2021-02-12,4639,176764,1616,88206,3023,88558,0,0,3049,119718,1583,28551,3053,148269,Not in California
Outside California,2021-02-13,2219,178983,612,88818,1607,90165,0,0,1786,121083,431,28982,1796,150065,Not in California
Outside California,2021-02-14,1415,180398,462,89280,953,91118,0,0,1145,121994,266,29248,1177,151242,Not in California
Outside California,2021-02-15,2466,182864,1518,90798,948,92066,0,0,1137,121854,1313,30561,1173,152415,Not in California
Outside California,2021-02-16,6226,189090,2830,93628,3396,95462,0,0,2504,120657,3714,34275,2517,154932,Not in California
Outside California,2021-02-17,5648,194738,2790,96418,2858,98320,0,0,1667,118358,3973,38248,1674,156606,Not in California
Outside California,2021-02-18,5967,200705,3475,99893,2492,100812,0,0,1809,116023,4147,42395,1812,158418,Not in California
Outside California,2021-02-19,4976,205681,3436,103329,1540,102352,0,0,1871,114793,3102,45497,1872,160290,Not in California
Outside California,2021-02-20,3105,208786,2612,105941,493,102845,0,0,1091,113875,2011,47508,1093,161383,Not in California
Outside California,2021-02-21,1789,210575,1583,107524,206,103051,0,0,612,113314,1173,48681,612,161995,Not in California
Outside California,2021-02-22,2704,213279,1886,109410,818,103869,0,0,953,112521,1750,50431,957,162952,Not in California
Outside California,2021-02-23,4990,218269,2494,111904,2496,106365,0,0,1553,110650,3432,53863,1561,164513,Not in California
Outside California,2021-02-24,5148,223417,2523,114427,2625,108990,0,0,1463,108437,3680,57543,1467,165980,Not in California
Outside California,2021-02-25,5700,229117,2490,116917,3210,112200,0,0,2069,106900,3611,61154,2074,168054,Not in California
Outside California,2021-02-26,5842,234959,2920,119837,2922,115122,0,0,2383,105904,3380,64534,2384,170438,Not in California
Outside California,2021-02-27,4464,239423,2231,122068,2232,117354,1,1,1206,103866,3247,67781,1209,171647,Not in California
Outside California,2021-02-28,2612,242035,2002,124070,610,117964,0,1,996,103249,1614,69395,997,172644,Not in California
Outside California,2021-03-01,4441,246476,2936,127006,1505,119469,0,1,1110,101048,3324,72719,1123,173767,Not in California
Outside California,2021-03-02,5903,252379,1931,128937,3972,123441,0,1,1626,98482,4282,77001,1716,175483,Not in California
Outside California,2021-03-03,6794,259173,2213,131150,4580,128021,1,2,1786,95265,5014,82015,1797,177280,Not in California
Outside California,2021-03-04,5910,265083,2247,133397,3662,131683,1,3,1780,92966,4097,86112,1798,179078,Not in California
Outside California,2021-03-05,4175,269258,1778,135175,2386,134069,11,14,2041,92887,2139,88251,2060,181138,Not in California
Outside California,2021-03-06,3958,273216,1653,136828,2155,136224,150,164,1859,92883,2089,90340,2085,183223,Not in California
Outside California,2021-03-07,1520,274736,984,137812,483,136707,53,217,888,93210,631,90971,958,184181,Not in California
Outside California,2021-03-08,2606,277342,1519,139331,840,137547,247,464,1847,94578,727,91698,2095,186276,Not in California
Outside California,2021-03-09,3840,281182,1804,141135,1726,139273,310,774,2157,95386,1678,93376,2486,188762,Not in California
Outside California,2021-03-10,3492,284674,1389,142524,1616,140889,487,1261,1976,96354,1502,94878,2470,191232,Not in California
Outside California,2021-03-11,5445,290119,2652,145176,2130,143019,663,1924,2853,97285,2590,97468,3521,194753,Not in California
Outside California,2021-03-12,5211,295330,2842,148018,1682,144701,687,2611,2874,98519,2328,99796,3562,198315,Not in California
Outside California,2021-03-13,3321,298651,1857,149875,1004,145705,460,3071,2218,100100,1098,100894,2679,200994,Not in California
Outside California,2021-03-14,1828,300479,898,150773,602,146307,328,3399,1082,100771,746,101640,1417,202411,Not in California
Outside California,2021-03-15,3115,303594,1354,152127,1375,147682,386,3785,1837,101725,1274,102914,2228,204639,Not in California
Outside California,2021-03-16,6063,309657,3077,155204,2645,150327,341,4126,3497,102998,2564,105478,3837,208476,Not in California
Outside California,2021-03-17,6345,316002,3491,158695,2509,152836,345,4471,3869,104740,2474,107952,4216,212692,Not in California
Outside California,2021-03-18,6612,322614,3658,162353,2441,155277,513,4984,4093,106872,2511,110463,4643,217335,Not in California
Outside California,2021-03-19,5681,328295,3185,165538,1964,157241,532,5516,3529,108787,2150,112613,4065,221400,Not in California
Outside California,2021-03-20,3703,331998,2516,168054,1109,158350,78,5594,3011,111189,687,113300,3089,224489,Not in California
Outside California,2021-03-21,1710,333708,1175,169229,446,158796,89,5683,1325,112220,384,113684,1415,225904,Not in California
Outside California,2021-03-22,2657,336365,1470,170699,1115,159911,72,5755,1758,113157,893,114577,1830,227734,Not in California
Outside California,2021-03-23,5485,341850,2655,173354,2567,162478,263,6018,3844,115634,1630,116207,4107,231841,Not in California
Outside California,2021-03-24,6271,348121,2953,176307,2903,165381,415,6433,4775,119331,1490,117697,5187,237028,Not in California
Outside California,2021-03-25,7132,355253,2980,179287,3672,169053,480,6913,5519,123728,1603,119300,6000,243028,Not in California
Outside California,2021-03-26,5943,361196,3079,182366,2696,171749,168,7081,4222,126409,1709,121009,4390,247418,Not in California
Outside California,2021-03-27,4157,365353,2449,184815,1668,173417,40,7121,2930,128157,1219,122228,2967,250385,Not in California
Outside California,2021-03-28,2504,367857,1248,186063,1184,174601,72,7193,1645,129021,853,123081,1717,252102,Not in California
Outside California,2021-03-29,4379,372236,1897,187960,2227,176828,255,7448,2713,130326,1664,124745,2969,255071,Not in California
Outside California,2021-03-30,5964,378200,3006,190966,2431,179259,527,7975,3730,132369,2223,126968,4266,259337,Not in California
Outside California,2021-03-31,5227,383427,2947,193913,1555,180814,725,8700,3130,134129,2094,129062,3854,263191,Not in California
Outside California,2021-04-01,6086,389513,3396,197309,2067,182881,623,9323,3621,135912,2460,131522,4243,267434,Not in California
Outside California,2021-04-02,7200,396713,3912,201221,2339,185220,949,10272,4001,137670,3194,134716,4952,272386,Not in California
Outside California,2021-04-03,5676,402389,3307,204528,1217,186437,1152,11424,3001,139154,2669,137385,4153,276539,Not in California
Outside California,2021-04-04,1582,403971,799,205327,557,186994,226,11650,869,139537,712,138097,1095,277634,Not in California
Outside California,2021-04-05,3489,407460,1742,207069,1227,188221,520,12170,1700,139973,1786,139883,2222,279856,Not in California
Outside California,2021-04-06,6092,413552,2992,210061,1653,189874,1447,13617,2463,140260,3617,143500,3904,283760,Not in California
Outside California,2021-04-07,7380,420932,3736,213797,1846,191720,1798,15415,3081,140842,4288,147788,4870,288630,Not in California
Outside California,2021-04-08,7497,428429,3743,217540,1805,193525,1949,17364,3186,141672,4299,152087,5129,293759,Not in California
Outside California,2021-04-09,3857,432286,1588,219128,960,194485,1309,18673,1194,141514,2660,154747,2502,296261,Not in California
Unknown,2020-12-17,36,36,36,36,0,0,0,0,1,1,0,0,1,1,Not in California
Unknown,2020-12-18,52,88,52,88,0,0,0,0,2,3,0,0,2,3,Not in California
Unknown,2020-12-21,41,129,41,129,0,0,0,0,0,3,0,0,0,3,Not in California
Unknown,2020-12-26,1,130,1,130,0,0,0,0,1,4,0,0,1,4,Not in California
Unknown,2020-12-28,4,134,4,134,0,0,0,0,4,8,0,0,4,8,Not in California
Unknown,2020-12-29,3,137,3,137,0,0,0,0,3,11,0,0,3,11,Not in California
Unknown,2020-12-30,55,192,55,192,0,0,0,0,55,66,0,0,55,66,Not in California
Unknown,2020-12-31,2,194,0,192,2,2,0,0,0,66,0,0,0,66,Not in California
Unknown,2021-01-02,1,195,0,192,1,3,0,0,1,67,0,0,1,67,Not in California
Unknown,2021-01-04,3,198,3,195,0,3,0,0,2,69,0,0,2,69,Not in California
Unknown,2021-01-05,2,200,0,195,2,5,0,0,2,71,0,0,2,71,Not in California
Unknown,2021-01-06,5,205,4,199,1,6,0,0,4,75,0,0,4,75,Not in California
Unknown,2021-01-07,70,275,69,268,1,7,0,0,70,145,0,0,70,145,Not in California
Unknown,2021-01-09,2,277,2,270,0,7,0,0,3,148,0,0,3,148,Not in California
Unknown,2021-01-11,19,296,19,289,0,7,0,0,18,166,0,0,18,166,Not in California
Unknown,2021-01-12,10,306,9,298,1,8,0,0,8,174,1,1,9,175,Not in California
Unknown,2021-01-13,11,317,11,309,0,8,0,0,13,187,0,1,13,188,Not in California
Unknown,2021-01-14,3,320,3,312,0,8,0,0,3,190,0,1,3,191,Not in California
Unknown,2021-01-15,4,324,3,315,1,9,0,0,5,195,0,1,5,196,Not in California
Unknown,2021-01-16,7,331,7,322,0,9,0,0,6,200,1,2,6,202,Not in California
Unknown,2021-01-17,3,334,3,325,0,9,0,0,3,203,0,2,3,205,Not in California
Unknown,2021-01-18,57,391,57,382,0,9,0,0,55,256,2,4,55,260,Not in California
Unknown,2021-01-19,25,416,25,407,0,9,0,0,23,278,1,5,23,283,Not in California
Unknown,2021-01-20,79,495,79,486,0,9,0,0,27,253,52,57,27,310,Not in California
Unknown,2021-01-21,60,555,58,544,2,11,0,0,62,315,0,57,62,372,Not in California
Unknown,2021-01-22,41,596,35,579,6,17,0,0,40,355,0,57,40,412,Not in California
Unknown,2021-01-23,13,609,7,586,6,23,0,0,13,368,0,57,13,425,Not in California
Unknown,2021-01-24,2,611,2,588,0,23,0,0,3,371,0,57,3,428,Not in California
Unknown,2021-01-25,20,631,18,606,2,25,0,0,17,385,3,60,17,445,Not in California
Unknown,2021-01-26,95,726,95,701,0,25,0,0,98,483,0,60,98,543,Not in California
Unknown,2021-01-27,17,743,17,718,0,25,0,0,16,498,1,61,16,559,Not in California
Unknown,2021-01-28,154,897,152,870,2,27,0,0,98,537,59,120,98,657,Not in California
Unknown,2021-01-29,148,1045,148,1018,0,27,0,0,153,689,1,121,153,810,Not in California
Unknown,2021-01-30,10,1055,8,1026,2,29,0,0,13,701,1,122,13,823,Not in California
Unknown,2021-01-31,17,1072,17,1043,0,29,0,0,17,717,1,123,17,840,Not in California
Unknown,2021-02-01,37,1109,35,1078,2,31,0,0,22,722,17,140,22,862,Not in California
Unknown,2021-02-02,70,1179,68,1146,2,33,0,0,63,779,6,146,63,925,Not in California
Unknown,2021-02-03,48,1227,47,1193,1,34,0,0,36,804,11,157,36,961,Not in California
Unknown,2021-02-04,61,1288,57,1250,4,38,0,0,57,857,4,161,57,1018,Not in California
Unknown,2021-02-05,16,1304,11,1261,5,43,0,0,14,866,5,166,14,1032,Not in California
Unknown,2021-02-06,17,1321,14,1275,3,46,0,0,14,876,6,172,16,1048,Not in California
Unknown,2021-02-07,8,1329,8,1283,0,46,0,0,6,880,2,174,6,1054,Not in California
Unknown,2021-02-08,55,1384,52,1335,3,49,0,0,13,851,42,216,13,1067,Not in California
Unknown,2021-02-09,22,1406,22,1357,0,49,0,0,5,839,17,233,5,1072,Not in California
Unknown,2021-02-10,37,1443,32,1389,5,54,0,0,11,824,26,259,11,1083,Not in California
Unknown,2021-02-11,93,1536,92,1481,1,55,0,0,43,816,51,310,43,1126,Not in California
Unknown,2021-02-12,47,1583,38,1519,9,64,0,0,19,802,33,343,19,1145,Not in California
Unknown,2021-02-13,14,1597,3,1522,11,75,0,0,16,817,1,344,16,1161,Not in California
Unknown,2021-02-14,8,1605,1,1523,7,82,0,0,6,822,1,345,6,1167,Not in California
Unknown,2021-02-15,42,1647,36,1559,6,88,0,0,29,840,11,356,29,1196,Not in California
Unknown,2021-02-16,105,1752,96,1655,9,97,0,0,31,797,74,430,31,1227,Not in California
Unknown,2021-02-17,10,1762,8,1663,2,99,0,0,6,798,5,435,6,1233,Not in California
Unknown,2021-02-18,106,1868,101,1764,5,104,0,0,19,730,87,522,19,1252,Not in California
Unknown,2021-02-19,199,2067,194,1958,5,109,0,0,59,650,139,661,59,1311,Not in California
Unknown,2021-02-20,12,2079,5,1963,7,116,0,0,5,650,5,666,5,1316,Not in California
Unknown,2021-02-21,23,2102,23,1986,0,116,0,0,8,643,15,681,8,1324,Not in California
Unknown,2021-02-22,12,2114,12,1998,0,116,0,0,7,645,5,686,7,1331,Not in California
Unknown,2021-02-23,62,2176,50,2048,12,128,0,0,15,613,47,733,15,1346,Not in California
Unknown,2021-02-24,44,2220,36,2084,8,136,0,0,14,597,30,763,14,1360,Not in California
Unknown,2021-02-25,74,2294,60,2144,14,150,0,0,26,575,48,811,26,1386,Not in California
Unknown,2021-02-26,42,2336,26,2170,16,166,0,0,27,589,13,824,27,1413,Not in California
Unknown,2021-02-27,27,2363,13,2183,14,180,0,0,20,601,8,832,20,1433,Not in California
Unknown,2021-02-28,17,2380,13,2196,4,184,0,0,10,606,5,837,10,1443,Not in California
Unknown,2021-03-01,43,2423,25,2221,18,202,0,0,24,611,19,856,24,1467,Not in California
Unknown,2021-03-02,17,2440,6,2227,11,213,0,0,9,614,6,862,9,1476,Not in California
Unknown,2021-03-03,18,2458,9,2236,9,222,0,0,13,622,5,867,13,1489,Not in California
Unknown,2021-03-04,55,2513,51,2287,4,226,0,0,24,615,31,898,24,1513,Not in California
Unknown,2021-03-05,28,2541,13,2300,15,241,0,0,33,642,6,904,33,1546,Not in California
Unknown,2021-03-06,31,2572,10,2310,19,260,2,2,22,657,9,913,24,1570,Not in California
Unknown,2021-03-07,9,2581,1,2311,8,268,0,2,5,659,3,916,5,1575,Not in California
Unknown,2021-03-08,34,2615,24,2335,8,276,2,4,9,644,26,942,11,1586,Not in California
Unknown,2021-03-09,39,2654,32,2367,3,279,4,8,12,630,30,972,16,1602,Not in California
Unknown,2021-03-10,9,2663,6,2373,1,280,2,10,5,632,5,977,7,1609,Not in California
Unknown,2021-03-11,40,2703,13,2386,10,290,17,27,17,642,24,1001,34,1643,Not in California
Unknown,2021-03-12,97,2800,56,2442,25,315,16,43,27,615,70,1071,43,1686,Not in California
Unknown,2021-03-13,47,2847,4,2446,35,350,8,51,27,631,19,1090,35,1721,Not in California
Unknown,2021-03-14,63,2910,19,2465,39,389,5,56,45,663,18,1108,50,1771,Not in California
Unknown,2021-03-15,30,2940,12,2477,16,405,2,58,19,671,13,1121,21,1792,Not in California
Unknown,2021-03-16,60,3000,21,2498,36,441,3,61,41,697,18,1139,44,1836,Not in California
Unknown,2021-03-17,45,3045,12,2510,32,473,1,62,41,735,4,1143,42,1878,Not in California
Unknown,2021-03-18,45,3090,22,2532,23,496,0,62,30,752,13,1156,30,1908,Not in California
Unknown,2021-03-19,29,3119,21,2553,8,504,0,62,18,759,11,1167,18,1926,Not in California
Unknown,2021-03-20,28,3147,13,2566,15,519,0,62,17,765,11,1178,17,1943,Not in California
Unknown,2021-03-21,21,3168,16,2582,5,524,0,62,18,780,3,1181,18,1961,Not in California
Unknown,2021-03-22,29,3197,16,2598,12,536,1,63,17,786,12,1193,18,1979,Not in California
Unknown,2021-03-23,25,3222,10,2608,10,546,5,68,14,794,11,1204,19,1998,Not in California
Unknown,2021-03-24,24,3246,7,2615,17,563,0,68,19,808,5,1209,19,2017,Not in California
Unknown,2021-03-25,44,3290,30,2645,14,577,0,68,31,826,13,1222,31,2048,Not in California
Unknown,2021-03-26,36,3326,17,2662,14,591,5,73,20,835,16,1238,25,2073,Not in California
Unknown,2021-03-27,35,3361,10,2672,25,616,0,73,17,834,18,1256,17,2090,Not in California
Unknown,2021-03-28,16,3377,8,2680,8,624,0,73,12,842,4,1260,12,2102,Not in California
Unknown,2021-03-29,50,3427,30,2710,20,644,0,73,37,866,13,1273,37,2139,Not in California
Unknown,2021-03-30,45,3472,30,2740,15,659,0,73,33,887,12,1285,33,2172,Not in California
Unknown,2021-03-31,47,3519,33,2773,14,673,0,73,37,914,10,1295,37,2209,Not in California
Unknown,2021-04-01,30,3549,20,2793,10,683,0,73,25,934,5,1300,25,2234,Not in California
Unknown,2021-04-02,56,3605,16,2809,36,719,4,77,29,940,27,1327,33,2267,Not in California
Unknown,2021-04-03,19,3624,10,2819,9,728,0,77,9,939,10,1337,9,2276,Not in California
Unknown,2021-04-04,16,3640,5,2824,11,739,0,77,10,944,5,1342,10,2286,Not in California
Unknown,2021-04-05,185,3825,148,2972,13,752,24,101,146,1075,38,1380,169,2455,Not in California
Unknown,2021-04-06,398,4223,231,3203,131,883,36,137,339,1392,58,1438,375,2830,Not in California
Unknown,2021-04-07,434,4657,271,3474,116,999,47,184,372,1750,61,1499,419,3249,Not in California
Unknown,2021-04-08,412,5069,252,3726,105,1104,55,239,340,2073,72,1571,395,3644,Not in California
Alameda,2020-12-15,36,36,36,36,0,0,0,0,36,36,0,0,36,36,California
Alameda,2020-12-16,201,237,201,237,0,0,0,0,201,237,0,0,201,237,California
Alameda,2020-12-17,396,633,396,633,0,0,0,0,396,633,0,0,396,633,California
Alameda,2020-12-18,1776,2409,1775,2408,1,1,0,0,1776,2409,0,0,1776,2409,California
Alameda,2020-12-19,1440,3849,1440,3848,0,1,0,0,1440,3849,0,0,1440,3849,California
Alameda,2020-12-20,1181,5030,1180,5028,1,2,0,0,1180,5028,1,1,1180,5029,California
Alameda,2020-12-21,1855,6885,1854,6882,1,3,0,0,1854,6882,0,1,1854,6883,California
Alameda,2020-12-22,2094,8979,2043,8925,51,54,0,0,2094,8976,0,1,2094,8977,California
Alameda,2020-12-23,1925,10904,1670,10595,255,309,0,0,1925,10901,0,1,1925,10902,California
Alameda,2020-12-24,1218,12122,759,11354,459,768,0,0,1218,12119,0,1,1218,12120,California
Alameda,2020-12-25,166,12288,129,11483,37,805,0,0,166,12285,0,1,166,12286,California
Alameda,2020-12-26,867,13155,323,11806,544,1349,0,0,867,13152,0,1,867,13153,California
Alameda,2020-12-27,500,13655,256,12062,244,1593,0,0,500,13652,0,1,500,13653,California
Alameda,2020-12-28,1875,15530,949,13011,926,2519,0,0,1875,15527,0,1,1875,15528,California
Alameda,2020-12-29,2419,17949,1019,14030,1400,3919,0,0,2418,17945,0,1,2418,17946,California
Alameda,2020-12-30,3126,21075,1360,15390,1766,5685,0,0,3126,21071,0,1,3126,21072,California
Alameda,2020-12-31,1785,22860,439,15829,1346,7031,0,0,1784,22854,1,2,1784,22856,California
Alameda,2021-01-01,166,23026,66,15895,100,7131,0,0,166,23020,0,2,166,23022,California
Alameda,2021-01-02,717,23743,520,16415,197,7328,0,0,716,23736,0,2,716,23738,California
Alameda,2021-01-03,340,24083,219,16634,121,7449,0,0,337,24070,3,5,337,24075,California
Alameda,2021-01-04,1650,25733,946,17580,704,8153,0,0,1638,25697,11,16,1638,25713,California
Alameda,2021-01-05,2198,27931,1263,18843,935,9088,0,0,1961,27424,234,250,1961,27674,California
Alameda,2021-01-06,3251,31182,1788,20631,1463,10551,0,0,2415,29008,833,1083,2417,30091,California
Alameda,2021-01-07,3784,34966,2139,22770,1645,12196,0,0,2657,30551,1118,2201,2661,32752,California
Alameda,2021-01-08,4746,39712,2716,25486,2030,14226,0,0,3105,32024,1636,3837,3109,35861,California
Alameda,2021-01-09,2033,41745,1390,26876,643,14869,0,0,1169,32329,864,4701,1169,37030,California
Alameda,2021-01-10,1057,42802,839,27715,218,15087,0,0,422,32115,636,5337,422,37452,California
Alameda,2021-01-11,4627,47429,3499,31214,1128,16215,0,0,2840,33174,1787,7124,2846,40298,California
Alameda,2021-01-12,4813,52242,3239,34453,1574,17789,0,0,3425,35214,1387,8511,3427,43725,California
Alameda,2021-01-13,5012,57254,2650,37103,2362,20151,0,0,3835,37877,1173,9684,3836,47561,California
Alameda,2021-01-14,5603,62857,2738,39841,2865,23016,0,0,4716,41717,878,10562,4718,52279,California
Alameda,2021-01-15,5818,68675,2308,42149,3510,26526,0,0,5056,46021,755,11317,5059,57338,California
Alameda,2021-01-16,3009,71684,1413,43562,1596,28122,0,0,2738,48489,271,11588,2739,60077,California
Alameda,2021-01-17,1862,73546,1079,44641,783,28905,0,0,1659,49946,203,11791,1660,61737,California
Alameda,2021-01-18,3187,76733,2047,46688,1140,30045,0,0,2599,51966,584,12375,2604,64341,California
Alameda,2021-01-19,5511,82244,3326,50014,2185,32230,0,0,4327,55113,1182,13557,4329,68670,California
Alameda,2021-01-20,6615,88859,4022,54036,2593,34823,0,0,5322,59158,1281,14838,5326,73996,California
Alameda,2021-01-21,7727,96586,3382,57418,4345,39168,0,0,6901,65242,820,15658,6904,80900,California
Alameda,2021-01-22,6898,103484,2029,59447,4869,44037,0,0,5760,69873,1131,16789,5762,86662,California
Alameda,2021-01-23,3277,106761,941,60388,2336,46373,0,0,2726,72050,551,17340,2728,89390,California
Alameda,2021-01-24,2050,108811,657,61045,1393,47766,0,0,1773,73550,273,17613,1773,91163,California
Alameda,2021-01-25,5205,114016,1987,63032,3218,50984,0,0,3624,75601,1573,19186,3624,94787,California
Alameda,2021-01-26,7213,121229,2266,65298,4947,55931,0,0,5365,79126,1841,21027,5366,100153,California
Alameda,2021-01-27,6664,127893,2078,67376,4586,60517,0,0,4825,82123,1828,22855,4825,104978,California
Alameda,2021-01-28,7811,135704,2494,69870,5317,65834,0,0,5610,85548,2186,25041,5611,110589,California
Alameda,2021-01-29,7890,143594,3174,73044,4716,70550,0,0,6070,89807,1811,26852,6070,116659,California
Alameda,2021-01-30,3403,146997,1662,74706,1741,72291,0,0,2704,91817,694,27546,2704,119363,California
Alameda,2021-01-31,1904,148901,965,75671,939,73230,0,0,1663,93241,239,27785,1663,121026,California
Alameda,2021-02-01,5940,154841,3347,79018,2593,75823,0,0,4308,95924,1626,29411,4309,125335,California
Alameda,2021-02-02,7442,162283,4238,83256,3204,79027,0,0,4658,97810,2773,32184,4659,129994,California
Alameda,2021-02-03,7072,169355,3727,86983,3345,82372,0,0,4406,99562,2660,34844,4412,134406,California
Alameda,2021-02-04,9476,178831,4130,91113,5346,87718,0,0,6436,102980,3023,37867,6441,140847,California
Alameda,2021-02-05,10311,189142,5384,96497,4927,92645,0,0,6449,105580,3856,41723,6456,147303,California
Alameda,2021-02-06,6995,196137,4435,100932,2560,95205,0,0,5875,110336,1120,42843,5876,153179,California
Alameda,2021-02-07,3584,199721,2897,103829,687,95892,0,0,2648,112053,933,43776,2650,155829,California
Alameda,2021-02-08,8079,207800,5778,109607,2301,98193,0,0,5541,115068,2528,46304,5543,161372,California
Alameda,2021-02-09,9692,217492,5851,115458,3841,102034,0,0,6048,117481,3637,49941,6050,167422,California
Alameda,2021-02-10,11439,228931,6769,122227,4670,106704,0,0,6635,119337,4787,54728,6643,174065,California
Alameda,2021-02-11,13825,242756,7903,130130,5922,112626,0,0,8367,122264,5444,60172,8371,182436,California
Alameda,2021-02-12,12490,255246,5682,135812,6808,119434,0,0,7740,125271,4735,64907,7742,190178,California
Alameda,2021-02-13,7791,263037,4060,139872,3731,123165,0,0,5834,129154,1953,66860,5836,196014,California
Alameda,2021-02-14,4019,267056,2536,142408,1483,124648,0,0,2862,130864,1154,68014,2864,198878,California
Alameda,2021-02-15,5699,272755,3218,145626,2481,127129,0,0,3694,132562,2003,70017,3701,202579,California
Alameda,2021-02-16,12500,285255,6942,152568,5558,132687,0,0,9307,138690,3184,73201,9312,211891,California
Alameda,2021-02-17,14086,299341,8343,160911,5743,138430,0,0,10479,145582,3589,76790,10481,222372,California
Alameda,2021-02-18,15823,315164,10047,170958,5776,144206,0,0,11505,152774,4315,81105,11507,233879,California
Alameda,2021-02-19,17603,332767,11421,182379,6182,150388,0,0,11677,158547,5905,87010,11678,245557,California
Alameda,2021-02-20,11838,344605,9596,191975,2242,152630,0,0,9141,164998,2695,89705,9146,254703,California
Alameda,2021-02-21,6153,350758,5226,197201,927,153557,0,0,3701,166258,2443,92148,3703,258406,California
Alameda,2021-02-22,10667,361425,7897,205098,2770,156327,0,0,6721,169056,3933,96081,6731,265137,California
Alameda,2021-02-23,12682,374107,7705,212803,4977,161304,0,0,7898,172185,4775,100856,7904,273041,California
Alameda,2021-02-24,14631,388738,8193,220996,6438,167742,0,0,9489,176594,5085,105941,9494,282535,California
Alameda,2021-02-25,15585,404323,9124,230120,6461,174203,0,0,9937,180920,5617,111558,9943,292478,California
Alameda,2021-02-26,18045,422368,10611,240731,7434,181637,0,0,11690,186300,6313,117871,11693,304171,California
Alameda,2021-02-27,14680,437048,10801,251532,3877,185514,2,2,9094,189834,5563,123434,9097,313268,California
Alameda,2021-02-28,9148,446196,7710,259242,1438,186952,0,2,6082,192870,3047,126481,6083,319351,California
Alameda,2021-03-01,13185,459381,9173,268415,4012,190964,0,2,8192,196113,4954,131435,8197,327548,California
Alameda,2021-03-02,13693,473074,9528,277943,4165,195129,0,2,8806,200060,4868,136303,8815,336363,California
Alameda,2021-03-03,15089,488163,9799,287742,5290,200419,0,2,10268,205534,4796,141099,10270,346633,California
Alameda,2021-03-04,17211,505374,11017,298759,6193,206612,1,3,10841,210040,6336,147435,10842,357475,California
Alameda,2021-03-05,15768,521142,10190,308949,5571,212183,7,10,10578,215480,5150,152585,10590,368065,California
Alameda,2021-03-06,14171,535313,9923,318872,3989,216172,259,269,9309,220232,4817,157402,9569,377634,California
Alameda,2021-03-07,9239,544552,8041,326913,1118,217290,80,349,6524,224148,2690,160092,6606,384240,California
Alameda,2021-03-08,11539,556091,7128,334041,4064,221354,347,696,8618,230244,2869,162961,8965,393205,California
Alameda,2021-03-09,11207,567298,6940,340981,3840,225194,427,1123,6213,231924,4963,167924,6643,399848,California
Alameda,2021-03-10,16560,583858,11271,352252,4742,229936,547,1670,7498,230928,9039,176963,8043,407891,California
Alameda,2021-03-11,19657,603515,11505,363757,6469,236405,1683,3353,6717,226412,12916,189879,8400,416291,California
Alameda,2021-03-12,20890,624405,12180,375937,7094,243499,1616,4969,7388,221926,13483,203362,8997,425288,California
Alameda,2021-03-13,15687,640092,10053,385990,4669,248168,965,5934,5048,217330,10606,213968,6010,431298,California
Alameda,2021-03-14,10650,650742,7792,393782,2077,250245,781,6715,4671,216813,5964,219932,5447,436745,California
Alameda,2021-03-15,14235,664977,9305,403087,4418,254663,512,7227,6324,215763,7883,227815,6833,443578,California
Alameda,2021-03-16,17015,681992,11058,414145,5438,260101,519,7746,7477,214268,9492,237307,7997,451575,California
Alameda,2021-03-17,17239,699231,9713,423858,6836,266937,690,8436,8075,213897,9137,246444,8766,460341,California
Alameda,2021-03-18,18927,718158,10286,434144,7767,274704,874,9310,8681,213235,10219,256663,9557,469898,California
Alameda,2021-03-19,18939,737097,10255,444399,6895,281599,1789,11099,7556,211235,11340,268003,9340,479238,California
Alameda,2021-03-20,15518,752615,10144,454543,4561,286160,813,11912,6484,209522,9009,277012,7296,486534,California
Alameda,2021-03-21,8991,761606,7058,461601,1404,287564,529,12441,3732,208534,5250,282262,4262,490796,California
Alameda,2021-03-22,14790,776396,9960,471561,3855,291419,975,13416,7144,209024,7629,289891,8119,498915,California
Alameda,2021-03-23,18951,795347,11407,482968,6752,298171,792,14208,10657,212221,8257,298148,11454,510369,California
Alameda,2021-03-24,18805,814152,11304,494272,6527,304698,974,15182,8546,211527,10207,308355,9513,519882,California
Alameda,2021-03-25,20152,834304,11123,505395,7682,312380,1347,16529,9486,211745,10606,318961,10824,530706,California
Alameda,2021-03-26,20536,854840,12298,517693,6713,319093,1525,18054,8799,210366,11696,330657,10317,541023,California
Alameda,2021-03-27,18068,872908,12269,529962,4845,323938,954,19008,7791,208862,10235,340892,8731,549754,California
Alameda,2021-03-28,10405,883313,8433,538395,1771,325709,201,19209,3837,206346,6560,347452,4044,553798,California
Alameda,2021-03-29,14505,897818,9245,547640,4284,329993,976,20185,6255,205352,8223,355675,7229,561027,California
Alameda,2021-03-30,18290,916108,9621,557261,7029,337022,1640,21825,10801,210326,7465,363140,12439,573466,California
Alameda,2021-03-31,19048,935156,10006,567267,7008,344030,2034,23859,9540,212415,9482,372622,11571,585037,California
Alameda,2021-04-01,22672,957828,9885,577152,7386,351416,5401,29260,10877,216922,11771,384393,16278,601315,California
Alameda,2021-04-02,23347,981175,9727,586879,8190,359606,5430,34690,11485,221991,11837,396230,16906,618221,California
Alameda,2021-04-03,19939,1001114,9656,596535,5641,365247,4642,39332,10236,227185,9686,405916,14880,633101,California
Alameda,2021-04-04,9591,1010705,3843,600378,2273,367520,3475,42807,3425,227922,6160,412076,6897,639998,California
Alameda,2021-04-05,17371,1028076,7168,607546,5494,373014,4709,47516,6988,229250,10368,422444,11696,651694,California
Alameda,2021-04-06,21849,1049925,10494,618040,5602,378616,5753,53269,9980,233144,11838,434282,15732,667426,California
Alameda,2021-04-07,22133,1072058,11262,629302,5402,384018,5469,58738,11220,238945,10885,445167,16686,684112,California
Alameda,2021-04-08,24378,1096436,10914,640216,5751,389769,7713,66451,10323,242983,13999,459166,18037,702149,California
Alameda,2021-04-09,14261,1110697,6784,647000,6234,396003,1243,67694,9033,248054,5213,464379,10284,712433,California
Alpine,2020-12-18,2,2,2,2,0,0,0,0,2,2,0,0,2,2,California
Alpine,2020-12-19,2,4,2,4,0,0,0,0,2,4,0,0,2,4,California
Alpine,2020-12-21,2,6,2,6,0,0,0,0,2,6,0,0,2,6,California
Alpine,2020-12-30,15,21,0,6,15,15,0,0,15,21,0,0,15,21,California
Alpine,2020-12-31,1,22,0,6,1,16,0,0,1,22,0,0,1,22,California
Alpine,2021-01-01,1,23,0,6,1,17,0,0,1,23,0,0,1,23,California
Alpine,2021-01-02,1,24,1,7,0,17,0,0,1,24,0,0,1,24,California
Alpine,2021-01-04,10,34,0,7,10,27,0,0,10,34,0,0,10,34,California
Alpine,2021-01-05,9,43,1,8,8,35,0,0,9,43,0,0,9,43,California
Alpine,2021-01-06,31,74,0,8,31,66,0,0,31,74,0,0,31,74,California
Alpine,2021-01-07,8,82,0,8,8,74,0,0,8,82,0,0,8,82,California
Alpine,2021-01-08,4,86,2,10,2,76,0,0,2,82,2,2,2,84,California
Alpine,2021-01-09,2,88,2,12,0,76,0,0,0,80,2,4,0,84,California
Alpine,2021-01-11,32,120,1,13,31,107,0,0,31,110,1,5,31,115,California
Alpine,2021-01-13,35,155,0,13,35,142,0,0,35,145,0,5,35,150,California
Alpine,2021-01-14,2,157,0,13,2,144,0,0,2,147,0,5,2,152,California
Alpine,2021-01-15,1,158,0,13,1,145,0,0,1,148,0,5,1,153,California
Alpine,2021-01-20,21,179,0,13,21,166,0,0,21,169,0,5,21,174,California
Alpine,2021-01-21,1,180,0,13,1,167,0,0,1,170,0,5,1,175,California
Alpine,2021-01-22,32,212,0,13,32,199,0,0,32,202,0,5,32,207,California
Alpine,2021-01-23,1,213,1,14,0,199,0,0,0,201,1,6,0,207,California
Alpine,2021-01-25,16,229,0,14,16,215,0,0,16,217,0,6,16,223,California
Alpine,2021-01-27,1,230,1,15,0,215,0,0,0,216,1,7,0,223,California
Alpine,2021-01-28,12,242,0,15,12,227,0,0,11,226,1,8,11,234,California
Alpine,2021-01-29,1,243,0,15,1,228,0,0,1,227,0,8,1,235,California
Alpine,2021-02-01,26,269,0,15,26,254,0,0,7,215,19,27,7,242,California
Alpine,2021-02-03,34,303,0,15,34,288,0,0,10,201,24,51,10,252,California
Alpine,2021-02-04,9,312,0,15,9,297,0,0,4,200,5,56,4,256,California
Alpine,2021-02-05,31,343,0,15,31,328,0,0,12,193,19,75,12,268,California
Alpine,2021-02-06,1,344,1,16,0,328,0,0,1,194,0,75,1,269,California
Alpine,2021-02-07,1,345,1,17,0,328,0,0,1,195,0,75,1,270,California
Alpine,2021-02-08,32,377,0,17,32,360,0,0,4,171,28,103,4,274,California
Alpine,2021-02-10,34,411,0,17,34,394,0,0,0,137,34,137,0,274,California
Alpine,2021-02-11,6,417,0,17,6,400,0,0,3,137,3,140,3,277,California
Alpine,2021-02-12,1,418,0,17,1,401,0,0,0,136,1,141,0,277,California
Alpine,2021-02-17,23,441,0,17,23,424,0,0,3,119,20,161,3,280,California
Alpine,2021-02-18,2,443,0,17,2,426,0,0,1,119,1,162,1,281,California
Alpine,2021-02-19,34,477,1,18,33,459,0,0,2,89,32,194,2,283,California
Alpine,2021-02-22,28,505,0,18,28,487,0,0,9,79,19,213,9,292,California
Alpine,2021-02-24,1,506,1,19,0,487,0,0,1,80,0,213,1,293,California
Alpine,2021-02-25,17,523,1,20,16,503,0,0,6,75,11,224,6,299,California
Alpine,2021-02-26,29,552,1,21,28,531,0,0,28,102,1,225,28,327,California
Alpine,2021-03-01,35,587,0,21,35,566,0,0,25,117,10,235,25,352,California
Alpine,2021-03-02,1,588,1,22,0,566,0,0,0,116,1,236,0,352,California
Alpine,2021-03-03,29,617,1,23,28,594,0,0,17,121,12,248,17,369,California
Alpine,2021-03-04,13,630,1,24,12,606,0,0,12,132,1,249,12,381,California
Alpine,2021-03-05,30,660,0,24,30,636,0,0,22,146,8,257,22,403,California
Alpine,2021-03-08,31,691,0,24,31,667,0,0,29,173,2,259,29,432,California
Alpine,2021-03-10,75,766,0,24,75,742,0,0,75,248,0,259,75,507,California
Alpine,2021-03-11,36,802,0,24,36,778,0,0,32,276,4,263,32,539,California
Alpine,2021-03-12,21,823,0,24,21,799,0,0,19,293,2,265,19,558,California
Alpine,2021-03-15,21,844,1,25,20,819,0,0,20,312,1,266,20,578,California
Alpine,2021-03-17,22,866,0,25,21,840,1,1,18,327,4,270,19,597,California
Alpine,2021-03-18,40,906,3,28,37,877,0,1,37,361,3,273,37,634,California
Alpine,2021-03-19,2,908,1,29,1,878,0,1,1,361,1,274,1,635,California
Alpine,2021-03-22,25,933,0,29,25,903,0,1,15,366,10,284,15,650,California
Alpine,2021-03-24,19,952,0,29,19,922,0,1,9,365,10,294,9,659,California
Alpine,2021-03-25,38,990,1,30,36,958,1,2,31,390,7,301,32,691,California
Alpine,2021-03-28,1,991,1,31,0,958,0,2,1,391,0,301,1,692,California
Alpine,2021-03-29,20,1011,0,31,19,977,1,3,3,378,17,318,4,696,California
Alpine,2021-04-01,18,1029,0,31,18,995,0,3,8,376,10,328,8,704,California
Alpine,2021-04-02,101,1130,1,32,100,1095,0,3,48,372,52,380,48,752,California
Alpine,2021-04-05,4,1134,1,33,3,1098,0,3,0,368,4,384,0,752,California
Alpine,2021-04-06,3,1137,2,35,1,1099,0,3,2,369,1,385,2,754,California
Alpine,2021-04-07,42,1179,0,35,41,1140,1,4,20,370,21,406,22,776,California
Alpine,2021-04-08,42,1221,0,35,42,1182,0,4,15,358,27,433,15,791,California
Amador,2020-12-16,2,2,2,2,0,0,0,0,2,2,0,0,2,2,California
Amador,2020-12-17,5,7,5,7,0,0,0,0,5,7,0,0,5,7,California
Amador,2020-12-18,44,51,44,51,0,0,0,0,44,51,0,0,44,51,California
Amador,2020-12-19,17,68,17,68,0,0,0,0,17,68,0,0,17,68,California
Amador,2020-12-20,4,72,4,72,0,0,0,0,4,72,0,0,4,72,California
Amador,2020-12-21,33,105,33,105,0,0,0,0,33,105,0,0,33,105,California
Amador,2020-12-22,35,140,34,139,1,1,0,0,35,140,0,0,35,140,California
Amador,2020-12-23,39,179,38,177,1,2,0,0,39,179,0,0,39,179,California
Amador,2020-12-24,5,184,3,180,2,4,0,0,5,184,0,0,5,184,California
Amador,2020-12-26,6,190,5,185,1,5,0,0,6,190,0,0,6,190,California
Amador,2020-12-27,1,191,0,185,1,6,0,0,1,191,0,0,1,191,California
Amador,2020-12-28,31,222,27,212,4,10,0,0,31,222,0,0,31,222,California
Amador,2020-12-29,26,248,19,231,7,17,0,0,26,248,0,0,26,248,California
Amador,2020-12-30,123,371,77,308,46,63,0,0,123,371,0,0,123,371,California
Amador,2020-12-31,193,564,168,476,25,88,0,0,193,564,0,0,193,564,California
Amador,2021-01-01,1,565,0,476,1,89,0,0,1,565,0,0,1,565,California
Amador,2021-01-02,56,621,56,532,0,89,0,0,56,621,0,0,56,621,California
Amador,2021-01-03,65,686,17,549,48,137,0,0,65,686,0,0,65,686,California
Amador,2021-01-04,125,811,1,550,124,261,0,0,124,809,1,1,124,810,California
Amador,2021-01-05,33,844,3,553,30,291,0,0,31,839,2,3,32,842,California
Amador,2021-01-06,40,884,10,563,30,321,0,0,36,871,4,7,36,878,California
Amador,2021-01-07,227,1111,68,631,159,480,0,0,215,1074,12,19,215,1093,California
Amador,2021-01-08,84,1195,70,701,14,494,0,0,40,1071,44,63,41,1134,California
Amador,2021-01-09,11,1206,11,712,0,494,0,0,2,1064,9,72,2,1136,California
Amador,2021-01-10,7,1213,5,717,2,496,0,0,3,1063,4,76,3,1139,California
Amador,2021-01-11,124,1337,44,761,80,576,0,0,89,1117,35,111,89,1228,California
Amador,2021-01-12,62,1399,48,809,14,590,0,0,39,1133,23,134,39,1267,California
Amador,2021-01-13,39,1438,24,833,15,605,0,0,26,1146,13,147,26,1293,California
Amador,2021-01-14,146,1584,20,853,126,731,0,0,136,1272,10,157,136,1429,California
Amador,2021-01-15,54,1638,23,876,31,762,0,0,47,1312,7,164,47,1476,California
Amador,2021-01-16,19,1657,12,888,7,769,0,0,13,1320,6,170,14,1490,California
Amador,2021-01-17,25,1682,5,893,20,789,0,0,25,1345,0,170,25,1515,California
Amador,2021-01-18,31,1713,27,920,4,793,0,0,9,1332,22,192,9,1524,California
Amador,2021-01-19,120,1833,97,1017,23,816,0,0,76,1364,44,236,76,1600,California
Amador,2021-01-20,182,2015,33,1050,149,965,0,0,166,1515,15,251,166,1766,California
Amador,2021-01-21,253,2268,222,1272,31,996,0,0,144,1550,109,360,144,1910,California
Amador,2021-01-22,132,2400,71,1343,61,1057,0,0,126,1670,6,366,126,2036,California
Amador,2021-01-23,52,2452,32,1375,20,1077,0,0,50,1718,2,368,50,2086,California
Amador,2021-01-24,28,2480,12,1387,16,1093,0,0,25,1740,3,371,25,2111,California
Amador,2021-01-25,58,2538,28,1415,30,1123,0,0,41,1764,17,388,41,2152,California
Amador,2021-01-26,243,2781,16,1431,227,1350,0,0,233,1987,10,398,233,2385,California
Amador,2021-01-27,295,3076,29,1460,266,1616,0,0,248,2191,45,443,249,2634,California
Amador,2021-01-28,345,3421,76,1536,269,1885,0,0,284,2415,61,504,285,2919,California
Amador,2021-01-29,94,3515,30,1566,64,1949,0,0,79,2479,15,519,79,2998,California
Amador,2021-01-30,166,3681,32,1598,134,2083,0,0,161,2635,5,524,161,3159,California
Amador,2021-01-31,32,3713,28,1626,4,2087,0,0,31,2665,1,525,31,3190,California
Amador,2021-02-01,63,3776,23,1649,40,2127,0,0,36,2674,27,552,36,3226,California
Amador,2021-02-02,215,3991,65,1714,150,2277,0,0,127,2717,84,636,127,3353,California
Amador,2021-02-03,141,4132,38,1752,103,2380,0,0,90,2757,50,686,90,3443,California
Amador,2021-02-04,247,4379,71,1823,176,2556,0,0,162,2836,85,771,164,3607,California
Amador,2021-02-05,328,4707,61,1884,267,2823,0,0,313,3134,15,786,313,3920,California
Amador,2021-02-06,98,4805,79,1963,19,2842,0,0,94,3224,4,790,94,4014,California
Amador,2021-02-07,38,4843,35,1998,3,2845,0,0,35,3256,3,793,35,4049,California
Amador,2021-02-08,91,4934,63,2061,28,2873,0,0,73,3311,18,811,73,4122,California
Amador,2021-02-09,171,5105,82,2143,89,2962,0,0,108,3356,63,874,108,4230,California
Amador,2021-02-10,713,5818,78,2221,635,3597,0,0,680,4003,33,907,680,4910,California
Amador,2021-02-11,303,6121,118,2339,185,3782,0,0,198,4097,104,1011,198,5108,California
Amador,2021-02-12,321,6442,117,2456,204,3986,0,0,250,4276,71,1082,250,5358,California
Amador,2021-02-13,164,6606,81,2537,83,4069,0,0,138,4388,26,1108,138,5496,California
Amador,2021-02-14,123,6729,54,2591,69,4138,0,0,106,4477,17,1125,106,5602,California
Amador,2021-02-15,186,6915,59,2650,127,4265,0,0,169,4630,16,1141,169,5771,California
Amador,2021-02-16,408,7323,51,2701,357,4622,0,0,371,4965,37,1178,372,6143,California
Amador,2021-02-17,258,7581,80,2781,178,4800,0,0,163,5033,95,1273,163,6306,California
Amador,2021-02-18,398,7979,98,2879,300,5100,0,0,336,5308,62,1335,337,6643,California
Amador,2021-02-19,191,8170,76,2955,115,5215,0,0,110,5337,81,1416,110,6753,California
Amador,2021-02-20,91,8261,29,2984,62,5277,0,0,64,5374,27,1443,64,6817,California
Amador,2021-02-21,45,8306,34,3018,11,5288,0,0,15,5359,30,1473,15,6832,California
Amador,2021-02-22,63,8369,24,3042,39,5327,0,0,32,5361,30,1503,32,6864,California
Amador,2021-02-23,317,8686,55,3097,262,5589,0,0,138,5321,179,1682,139,7003,California
Amador,2021-02-24,396,9082,55,3152,341,5930,0,0,268,5465,124,1806,268,7271,California
Amador,2021-02-25,517,9599,110,3262,407,6337,0,0,280,5509,236,2042,280,7551,California
Amador,2021-02-26,607,10206,75,3337,532,6869,0,0,504,5911,103,2145,505,8056,California
Amador,2021-02-27,288,10494,90,3427,198,7067,0,0,102,5830,185,2330,104,8160,California
Amador,2021-02-28,100,10594,51,3478,49,7116,0,0,55,5843,45,2375,58,8218,California
Amador,2021-03-01,193,10787,66,3544,127,7243,0,0,124,5899,69,2444,125,8343,California
Amador,2021-03-02,385,11172,61,3605,324,7567,0,0,335,6185,50,2494,336,8679,California
Amador,2021-03-03,243,11415,78,3683,165,7732,0,0,168,6280,74,2568,169,8848,California
Amador,2021-03-04,499,11914,117,3800,382,8114,0,0,397,6575,102,2670,397,9245,California
Amador,2021-03-05,514,12428,75,3875,439,8553,0,0,298,6660,215,2885,300,9545,California
Amador,2021-03-06,97,12525,43,3918,53,8606,1,1,54,6672,43,2928,55,9600,California
Amador,2021-03-07,61,12586,42,3960,19,8625,0,1,18,6647,43,2971,18,9618,California
Amador,2021-03-08,154,12740,70,4030,83,8708,1,2,93,6680,61,3032,94,9712,California
Amador,2021-03-09,371,13111,47,4077,324,9032,0,2,312,6936,56,3088,312,10024,California
Amador,2021-03-10,509,13620,74,4151,434,9466,1,3,246,6922,263,3351,249,10273,California
Amador,2021-03-11,473,14093,113,4264,349,9815,11,14,330,7123,143,3494,344,10617,California
Amador,2021-03-12,563,14656,64,4328,491,10306,8,22,350,7274,212,3706,363,10980,California
Amador,2021-03-13,103,14759,17,4345,79,10385,7,29,68,7318,35,3741,79,11059,California
Amador,2021-03-14,88,14847,18,4363,67,10452,3,32,20,7273,68,3809,23,11082,California
Amador,2021-03-15,186,15033,23,4386,150,10602,13,45,56,7214,130,3939,71,11153,California
Amador,2021-03-16,455,15488,55,4441,390,10992,10,55,193,7157,260,4199,203,11356,California
Amador,2021-03-17,192,15680,40,4481,149,11141,3,58,120,7209,72,4271,124,11480,California
Amador,2021-03-18,473,16153,97,4578,372,11513,4,62,253,7249,219,4490,259,11739,California
Amador,2021-03-19,544,16697,57,4635,470,11983,17,79,396,7519,146,4636,416,12155,California
Amador,2021-03-20,110,16807,47,4682,62,12045,1,80,46,7505,63,4699,49,12204,California
Amador,2021-03-21,48,16855,34,4716,13,12058,1,81,31,7523,16,4715,34,12238,California
Amador,2021-03-22,114,16969,34,4750,51,12109,29,110,49,7536,65,4780,78,12316,California
Amador,2021-03-23,440,17409,47,4797,385,12494,8,118,283,7672,155,4935,291,12607,California
Amador,2021-03-24,347,17756,37,4834,57,12551,253,371,39,7657,307,5242,292,12899,California
Amador,2021-03-25,600,18356,79,4913,515,13066,6,377,391,7846,208,5450,397,13296,California
Amador,2021-03-26,738,19094,40,4953,693,13759,5,382,290,7697,447,5897,298,13594,California
Amador,2021-03-27,90,19184,14,4967,74,13833,2,384,27,7665,63,5960,31,13625,California
Amador,2021-03-28,68,19252,15,4982,51,13884,2,386,14,7627,54,6014,16,13641,California
Amador,2021-03-29,184,19436,27,5009,156,14040,1,387,82,7614,100,6114,87,13728,California
Amador,2021-03-30,536,19972,26,5035,509,14549,1,388,301,7682,234,6348,302,14030,California
Amador,2021-03-31,211,20183,59,5094,147,14696,5,393,48,7572,163,6511,53,14083,California
Amador,2021-04-01,613,20796,85,5179,528,15224,0,393,268,7499,343,6854,270,14353,California
Amador,2021-04-02,607,21403,32,5211,563,15787,12,405,383,7673,222,7076,396,14749,California
Amador,2021-04-03,80,21483,17,5228,43,15830,20,425,21,7656,59,7135,42,14791,California
Amador,2021-04-04,38,21521,2,5230,30,15860,6,431,16,7656,22,7157,22,14813,California
Amador,2021-04-05,140,21661,43,5273,80,15940,17,448,44,7622,96,7253,62,14875,California
Amador,2021-04-06,490,22151,37,5310,434,16374,19,467,220,7593,268,7521,239,15114,California
Amador,2021-04-07,100,22251,33,5343,48,16422,19,486,44,7601,55,7576,63,15177,California
Amador,2021-04-08,440,22691,39,5382,380,16802,21,507,186,7555,254,7830,208,15385,California
Amador,2021-04-09,79,22770,13,5395,58,16860,8,515,21,7526,58,7888,29,15414,California
Butte,2020-12-16,3,3,3,3,0,0,0,0,3,3,0,0,3,3,California
Butte,2020-12-17,21,24,21,24,0,0,0,0,21,24,0,0,21,24,California
Butte,2020-12-18,50,74,50,74,0,0,0,0,50,74,0,0,50,74,California
Butte,2020-12-19,7,81,7,81,0,0,0,0,7,81,0,0,7,81,California
Butte,2020-12-20,10,91,10,91,0,0,0,0,10,91,0,0,10,91,California
Butte,2020-12-21,634,725,634,725,0,0,0,0,634,725,0,0,634,725,California
Butte,2020-12-22,618,1343,616,1341,2,2,0,0,618,1343,0,0,618,1343,California
Butte,2020-12-23,870,2213,854,2195,16,18,0,0,870,2213,0,0,870,2213,California
Butte,2020-12-24,160,2373,157,2352,3,21,0,0,160,2373,0,0,160,2373,California
Butte,2020-12-26,93,2466,91,2443,2,23,0,0,93,2466,0,0,93,2466,California
Butte,2020-12-27,35,2501,34,2477,1,24,0,0,35,2501,0,0,35,2501,California
Butte,2020-12-28,279,2780,273,2750,6,30,0,0,279,2780,0,0,279,2780,California
Butte,2020-12-29,206,2986,182,2932,24,54,0,0,206,2986,0,0,206,2986,California
Butte,2020-12-30,501,3487,290,3222,211,265,0,0,501,3487,0,0,501,3487,California
Butte,2020-12-31,212,3699,18,3240,194,459,0,0,212,3699,0,0,212,3699,California
Butte,2021-01-01,8,3707,1,3241,7,466,0,0,8,3707,0,0,8,3707,California
Butte,2021-01-02,37,3744,36,3277,1,467,0,0,37,3744,0,0,37,3744,California
Butte,2021-01-03,4,3748,1,3278,3,470,0,0,4,3748,0,0,4,3748,California
Butte,2021-01-04,208,3956,174,3452,34,504,0,0,208,3956,0,0,208,3956,California
Butte,2021-01-05,194,4150,150,3602,44,548,0,0,193,4148,1,1,193,4149,California
Butte,2021-01-06,623,4773,396,3998,227,775,0,0,618,4762,5,6,619,4768,California
Butte,2021-01-07,759,5532,369,4367,390,1165,0,0,739,5481,20,26,739,5507,California
Butte,2021-01-08,570,6102,529,4896,41,1206,0,0,524,5959,46,72,524,6031,California
Butte,2021-01-09,12,6114,7,4903,5,1211,0,0,7,5961,5,77,7,6038,California
Butte,2021-01-10,19,6133,5,4908,14,1225,0,0,14,5970,5,82,14,6052,California
Butte,2021-01-11,987,7120,951,5859,36,1261,0,0,358,5702,629,711,361,6413,California
Butte,2021-01-12,696,7816,651,6510,45,1306,0,0,273,5552,423,1134,273,6686,California
Butte,2021-01-13,1451,9267,956,7466,495,1801,0,0,616,5335,835,1969,618,7304,California
Butte,2021-01-14,1637,10904,896,8362,741,2542,0,0,1440,6579,196,2165,1440,8744,California
Butte,2021-01-15,1170,12074,926,9288,244,2786,0,0,1060,7528,111,2276,1060,9804,California
Butte,2021-01-16,585,12659,300,9588,285,3071,0,0,540,8023,45,2321,540,10344,California
Butte,2021-01-17,239,12898,64,9652,175,3246,0,0,202,8188,37,2358,202,10546,California
Butte,2021-01-18,343,13241,303,9955,40,3286,0,0,274,8394,68,2426,274,10820,California
Butte,2021-01-19,491,13732,428,10383,63,3349,0,0,217,8337,274,2700,217,11037,California
Butte,2021-01-20,1346,15078,664,11047,682,4031,0,0,1045,9081,301,3001,1045,12082,California
Butte,2021-01-21,1473,16551,865,11912,608,4639,0,0,1367,10343,105,3106,1367,13449,California
Butte,2021-01-22,990,17541,333,12245,657,5296,0,0,937,11227,53,3159,937,14386,California
Butte,2021-01-23,125,17666,82,12327,43,5339,0,0,100,11302,25,3184,100,14486,California
Butte,2021-01-24,8,17674,6,12333,2,5341,0,0,8,11310,0,3184,8,14494,California
Butte,2021-01-25,651,18325,335,12668,316,5657,0,0,488,11635,163,3347,488,14982,California
Butte,2021-01-26,1460,19785,376,13044,1084,6741,0,0,1324,12823,136,3483,1324,16306,California
Butte,2021-01-27,2079,21864,705,13749,1374,8115,0,0,1363,13471,715,4198,1363,17669,California
Butte,2021-01-28,2258,24122,258,14007,2000,10115,0,0,1948,15110,309,4507,1948,19617,California
Butte,2021-01-29,1673,25795,487,14494,1186,11301,0,0,1294,16026,378,4885,1294,20911,California
Butte,2021-01-30,31,25826,9,14503,22,11323,0,0,28,16051,3,4888,28,20939,California
Butte,2021-01-31,17,25843,15,14518,2,11325,0,0,16,16066,1,4889,16,20955,California
Butte,2021-02-01,1745,27588,406,14924,1339,12664,0,0,1358,17039,385,5274,1358,22313,California
Butte,2021-02-02,1931,29519,362,15286,1569,14233,0,0,1627,18361,305,5579,1627,23940,California
Butte,2021-02-03,2733,32252,772,16058,1961,16194,0,0,1844,19318,887,6466,1844,25784,California
Butte,2021-02-04,2955,35207,325,16383,2630,18824,0,0,2400,21165,553,7019,2400,28184,California
Butte,2021-02-05,1164,36371,661,17044,503,19327,0,0,536,21074,628,7647,537,28721,California
Butte,2021-02-06,144,36515,102,17146,42,19369,0,0,62,21054,82,7729,62,28783,California
Butte,2021-02-07,38,36553,34,17180,4,19373,0,0,14,21044,24,7753,14,28797,California
Butte,2021-02-08,690,37243,541,17721,149,19522,0,0,239,20832,451,8204,239,29036,California
Butte,2021-02-09,948,38191,455,18176,493,20015,0,0,722,21328,226,8430,722,29758,California
Butte,2021-02-10,1706,39897,1189,19365,517,20532,0,0,697,21017,1008,9438,697,30455,California
Butte,2021-02-11,2197,42094,1347,20712,850,21382,0,0,1003,20826,1194,10632,1003,31458,California
Butte,2021-02-12,864,42958,299,21011,565,21947,0,0,317,20597,546,11178,317,31775,California
Butte,2021-02-13,250,43208,45,21056,205,22152,0,0,148,20643,102,11280,148,31923,California
Butte,2021-02-14,160,43368,9,21065,151,22303,0,0,155,20793,5,11285,155,32078,California
Butte,2021-02-15,261,43629,48,21113,213,22516,0,0,199,20930,62,11347,199,32277,California
Butte,2021-02-16,731,44360,428,21541,303,22819,0,0,274,20747,457,11804,274,32551,California
Butte,2021-02-17,1513,45873,846,22387,667,23486,0,0,840,20916,671,12475,840,33391,California
Butte,2021-02-18,1550,47423,759,23146,791,24277,0,0,746,20858,804,13279,746,34137,California
Butte,2021-02-19,1164,48587,387,23533,777,25054,0,0,400,20499,759,14038,400,34537,California
Butte,2021-02-20,473,49060,28,23561,445,25499,0,0,120,20267,352,14390,120,34657,California
Butte,2021-02-21,15,49075,13,23574,2,25501,0,0,11,20274,4,14394,11,34668,California
Butte,2021-02-22,1492,50567,296,23870,1196,26697,0,0,385,19553,1106,15500,385,35053,California
Butte,2021-02-23,1632,52199,298,24168,1334,28031,0,0,462,18850,1165,16665,462,35515,California
Butte,2021-02-24,2128,54327,595,24763,1533,29564,0,0,729,18188,1391,18056,729,36244,California
Butte,2021-02-25,2074,56401,577,25340,1497,31061,0,0,656,17430,1415,19471,657,36901,California
Butte,2021-02-26,920,57321,312,25652,608,31669,0,0,399,17311,518,19989,399,37300,California
Butte,2021-02-27,233,57554,47,25699,186,31855,0,0,186,17452,45,20034,186,37486,California
Butte,2021-02-28,142,57696,19,25718,123,31978,0,0,133,17576,9,20043,133,37619,California
Butte,2021-03-01,1620,59316,177,25895,1442,33420,1,1,327,16612,1292,21335,328,37947,California
Butte,2021-03-02,1731,61047,191,26086,1540,34960,0,1,302,15488,1426,22761,302,38249,California
Butte,2021-03-03,2755,63802,832,26918,1923,36883,0,1,471,13676,2283,25044,471,38720,California
Butte,2021-03-04,3116,66918,658,27576,2458,39341,0,1,609,11779,2506,27550,609,39329,California
Butte,2021-03-05,1324,68242,601,28177,722,40063,1,2,719,11897,602,28152,720,40049,California
Butte,2021-03-06,244,68486,27,28204,194,40257,23,25,184,12045,59,28211,207,40256,California
Butte,2021-03-07,56,68542,3,28207,36,40293,17,42,30,12066,26,28237,47,40303,California
Butte,2021-03-08,1262,69804,127,28334,1058,41351,77,119,1099,13081,161,28398,1176,41479,California
Butte,2021-03-09,1892,71696,276,28610,1513,42864,103,222,1408,14109,483,28881,1511,42990,California
Butte,2021-03-10,2317,74013,965,29575,1252,44116,100,322,1581,15058,731,29612,1680,44670,California
Butte,2021-03-11,2797,76810,1308,30883,1365,45481,124,446,1977,16349,810,30422,2101,46771,California
Butte,2021-03-12,1126,77936,323,31206,457,45938,346,792,353,16281,767,31189,699,47470,California
Butte,2021-03-13,242,78178,69,31275,126,46064,47,839,63,16212,179,31368,110,47580,California
Butte,2021-03-14,159,78337,15,31290,102,46166,42,881,21,16138,137,31505,63,47643,California
Butte,2021-03-15,1714,80051,359,31649,1061,47227,294,1175,1124,16967,589,32094,1418,49061,California
Butte,2021-03-16,1626,81677,415,32064,1133,48360,78,1253,1084,17589,539,32633,1161,50222,California
Butte,2021-03-17,1938,83615,1351,33415,506,48866,81,1334,1121,17979,811,33444,1201,51423,California
Butte,2021-03-18,1795,85410,1451,34866,213,49079,131,1465,1051,18421,739,34183,1181,52604,California
Butte,2021-03-19,691,86101,311,35177,296,49375,84,1549,341,18502,344,34527,425,53029,California
Butte,2021-03-20,205,86306,33,35210,156,49531,16,1565,94,18501,111,34638,110,53139,California
Butte,2021-03-21,57,86363,25,35235,3,49534,29,1594,15,18503,42,34680,44,53183,California
Butte,2021-03-22,1458,87821,352,35587,1012,50546,94,1688,1194,19530,261,34941,1288,54471,California
Butte,2021-03-23,1794,89615,487,36074,1193,51739,114,1802,1453,20757,340,35281,1567,56038,California
Butte,2021-03-24,2236,91851,1255,37329,855,52594,126,1928,1693,22037,538,35819,1818,57856,California
Butte,2021-03-25,1457,93308,1178,38507,190,52784,89,2017,997,22666,457,36276,1086,58942,California
Butte,2021-03-26,1198,94506,434,38941,518,53302,246,2263,559,22839,632,36908,805,59747,California
Butte,2021-03-27,300,94806,84,39025,192,53494,24,2287,133,22831,164,37072,156,59903,California
Butte,2021-03-28,223,95029,43,39068,172,53666,8,2295,99,22816,121,37193,106,60009,California
Butte,2021-03-29,1718,96747,379,39447,1269,54935,70,2365,1307,23785,408,37601,1377,61386,California
Butte,2021-03-30,1030,97777,465,39912,473,55408,92,2457,492,23835,534,38135,584,61970,California
Butte,2021-03-31,1770,99547,1300,41212,404,55812,66,2523,1091,24317,675,38810,1157,63127,California
Butte,2021-04-01,3268,102815,2654,43866,487,56299,127,2650,2203,25588,1060,39870,2331,65458,California
Butte,2021-04-02,994,103809,413,44279,463,56762,118,2768,566,25852,419,40289,683,66141,California
Butte,2021-04-03,342,104151,46,44325,222,56984,74,2842,164,25912,178,40467,238,66379,California
Butte,2021-04-04,185,104336,22,44347,140,57124,23,2865,108,25967,76,40543,131,66510,California
Butte,2021-04-05,1937,106273,412,44759,1368,58492,157,3022,600,25392,1331,41874,756,67266,California
Butte,2021-04-06,2149,108422,607,45366,1139,59631,403,3425,772,25195,1370,43244,1173,68439,California
Butte,2021-04-07,2924,111346,1258,46624,1289,60920,377,3802,649,23949,2272,45516,1026,69465,California
Butte,2021-04-08,2636,113982,1159,47783,1226,62146,251,4053,397,22365,2232,47748,648,70113,California
Butte,2021-04-09,635,114617,237,48020,324,62470,74,4127,197,22201,435,48183,271,70384,California
Calaveras,2020-12-16,5,5,5,5,0,0,0,0,5,5,0,0,5,5,California
Calaveras,2020-12-17,3,8,3,8,0,0,0,0,3,8,0,0,3,8,California
Calaveras,2020-12-18,38,46,38,46,0,0,0,0,38,46,0,0,38,46,California
Calaveras,2020-12-19,3,49,3,49,0,0,0,0,3,49,0,0,3,49,California
Calaveras,2020-12-20,3,52,3,52,0,0,0,0,3,52,0,0,3,52,California
Calaveras,2020-12-21,55,107,48,100,7,7,0,0,55,107,0,0,55,107,California
Calaveras,2020-12-22,80,187,76,176,4,11,0,0,81,188,0,0,81,188,California
Calaveras,2020-12-23,76,263,74,250,2,13,0,0,85,273,0,0,85,273,California
Calaveras,2020-12-24,2,265,2,252,0,13,0,0,2,275,0,0,2,275,California
Calaveras,2020-12-26,3,268,3,255,0,13,0,0,3,278,0,0,3,278,California
Calaveras,2020-12-28,22,290,18,273,4,17,0,0,21,298,1,1,21,299,California
Calaveras,2020-12-29,166,456,147,420,19,36,0,0,166,464,0,1,166,465,California
Calaveras,2020-12-30,94,550,82,502,12,48,0,0,94,558,0,1,94,559,California
Calaveras,2020-12-31,35,585,25,527,10,58,0,0,35,593,0,1,35,594,California
Calaveras,2021-01-02,11,596,11,538,0,58,0,0,11,604,0,1,11,605,California
Calaveras,2021-01-03,8,604,3,541,5,63,0,0,8,612,0,1,8,613,California
Calaveras,2021-01-04,33,637,5,546,28,91,0,0,33,645,0,1,33,646,California
Calaveras,2021-01-05,41,678,10,556,31,122,0,0,35,677,8,9,40,686,California
Calaveras,2021-01-06,109,787,30,586,79,201,0,0,99,766,10,19,99,785,California
Calaveras,2021-01-07,106,893,27,613,79,280,0,0,94,850,11,30,95,880,California
Calaveras,2021-01-08,69,962,38,651,31,311,0,0,46,874,23,53,47,927,California
Calaveras,2021-01-09,5,967,5,656,0,311,0,0,2,873,3,56,2,929,California
Calaveras,2021-01-10,2,969,0,656,2,313,0,0,2,875,0,56,2,931,California
Calaveras,2021-01-11,65,1034,59,715,6,319,0,0,28,868,36,92,29,960,California
Calaveras,2021-01-12,86,1120,53,768,33,352,0,0,54,890,32,124,54,1014,California
Calaveras,2021-01-13,107,1227,43,811,64,416,0,0,74,932,33,157,75,1089,California
Calaveras,2021-01-14,135,1362,40,851,95,511,0,0,102,1002,32,189,102,1191,California
Calaveras,2021-01-15,113,1475,51,902,62,573,0,0,87,1063,26,215,87,1278,California
Calaveras,2021-01-16,12,1487,2,904,10,583,0,0,11,1073,1,216,11,1289,California
Calaveras,2021-01-17,10,1497,1,905,9,592,0,0,10,1083,0,216,10,1299,California
Calaveras,2021-01-18,132,1629,20,925,112,704,0,0,119,1192,13,229,122,1421,California
Calaveras,2021-01-19,202,1831,172,1097,30,734,0,0,62,1116,138,367,62,1483,California
Calaveras,2021-01-20,392,2223,79,1176,313,1047,0,0,308,1349,83,450,316,1799,California
Calaveras,2021-01-21,462,2685,39,1215,423,1470,0,0,435,1763,27,477,441,2240,California
Calaveras,2021-01-22,430,3115,22,1237,408,1878,0,0,420,2180,10,487,427,2667,California
Calaveras,2021-01-23,22,3137,10,1247,12,1890,0,0,18,2194,4,491,18,2685,California
Calaveras,2021-01-24,14,3151,8,1255,6,1896,0,0,12,2204,2,493,12,2697,California
Calaveras,2021-01-25,121,3272,7,1262,114,2010,0,0,116,2315,5,498,116,2813,California
Calaveras,2021-01-26,49,3321,18,1280,31,2041,0,0,38,2342,11,509,38,2851,California
Calaveras,2021-01-27,161,3482,44,1324,117,2158,0,0,134,2450,26,535,134,2985,California
Calaveras,2021-01-28,164,3646,22,1346,142,2300,0,0,140,2569,24,559,143,3128,California
Calaveras,2021-01-29,441,4087,33,1379,408,2708,0,0,421,2977,20,579,428,3556,California
Calaveras,2021-01-30,28,4115,10,1389,18,2726,0,0,26,3003,0,579,26,3582,California
Calaveras,2021-01-31,4,4119,2,1391,2,2728,0,0,3,3005,1,580,3,3585,California
Calaveras,2021-02-01,53,4172,41,1432,12,2740,0,0,34,3020,19,599,34,3619,California
Calaveras,2021-02-02,110,4282,24,1456,86,2826,0,0,72,3059,34,633,73,3692,California
Calaveras,2021-02-03,440,4722,44,1500,396,3222,0,0,356,3333,83,716,357,4049,California
Calaveras,2021-02-04,376,5098,23,1523,353,3575,0,0,295,3547,81,797,295,4344,California
Calaveras,2021-02-05,80,5178,23,1546,57,3632,0,0,41,3550,39,836,42,4386,California
Calaveras,2021-02-06,22,5200,13,1559,9,3641,0,0,22,3572,0,836,22,4408,California
Calaveras,2021-02-07,4,5204,1,1560,3,3644,0,0,2,3572,2,838,2,4410,California
Calaveras,2021-02-08,39,5243,18,1578,21,3665,0,0,31,3597,6,844,31,4441,California
Calaveras,2021-02-09,208,5451,92,1670,116,3781,0,0,147,3688,56,900,147,4588,California
Calaveras,2021-02-10,506,5957,28,1698,478,4259,0,0,440,4063,66,966,441,5029,California
Calaveras,2021-02-11,578,6535,75,1773,503,4762,0,0,471,4430,105,1071,472,5501,California
Calaveras,2021-02-12,565,7100,323,2096,242,5004,0,0,492,4851,72,1143,493,5994,California
Calaveras,2021-02-13,192,7292,37,2133,155,5159,0,0,177,5013,15,1158,177,6171,California
Calaveras,2021-02-14,216,7508,72,2205,144,5303,0,0,202,5201,14,1172,202,6373,California
Calaveras,2021-02-15,378,7886,21,2226,357,5660,0,0,261,5348,114,1286,261,6634,California
Calaveras,2021-02-16,299,8185,173,2399,126,5786,0,0,242,5533,57,1343,242,6876,California
Calaveras,2021-02-17,524,8709,35,2434,489,6275,0,0,210,5437,307,1650,211,7087,California
Calaveras,2021-02-18,496,9205,89,2523,407,6682,0,0,98,5146,389,2039,98,7185,California
Calaveras,2021-02-19,437,9642,43,2566,394,7076,0,0,96,4910,332,2371,96,7281,California
Calaveras,2021-02-20,58,9700,14,2580,44,7120,0,0,47,4946,11,2382,47,7328,California
Calaveras,2021-02-21,20,9720,12,2592,8,7128,0,0,18,4962,2,2384,18,7346,California
Calaveras,2021-02-22,64,9784,40,2632,24,7152,0,0,34,4966,30,2414,34,7380,California
Calaveras,2021-02-23,150,9934,68,2700,82,7234,0,0,101,5019,49,2463,102,7482,California
Calaveras,2021-02-24,96,10030,46,2746,50,7284,0,0,66,5055,30,2493,66,7548,California
Calaveras,2021-02-25,550,10580,97,2843,453,7737,0,0,360,5228,187,2680,360,7908,California
Calaveras,2021-02-26,697,11277,45,2888,652,8389,0,0,372,5290,312,2992,374,8282,California
Calaveras,2021-02-27,202,11479,21,2909,181,8570,0,0,178,5444,24,3016,178,8460,California
Calaveras,2021-02-28,95,11574,15,2924,80,8650,0,0,91,5531,4,3020,91,8551,California
Calaveras,2021-03-01,274,11848,59,2983,215,8865,0,0,147,5553,126,3146,148,8699,California
Calaveras,2021-03-02,240,12088,90,3073,150,9015,0,0,200,5715,39,3185,201,8900,California
Calaveras,2021-03-03,499,12587,101,3174,398,9413,0,0,206,5630,291,3476,206,9106,California
Calaveras,2021-03-04,758,13345,60,3234,698,10111,0,0,344,5566,410,3886,346,9452,California
Calaveras,2021-03-05,457,13802,269,3503,183,10294,5,5,143,5402,312,4198,148,9600,California
Calaveras,2021-03-06,155,13957,43,3546,106,10400,6,11,121,5495,34,4232,127,9727,California
Calaveras,2021-03-07,76,14033,32,3578,36,10436,8,19,34,5496,42,4274,43,9770,California
Calaveras,2021-03-08,157,14190,25,3603,125,10561,7,26,125,5596,32,4306,132,9902,California
Calaveras,2021-03-09,374,14564,150,3753,218,10779,6,32,38,5307,333,4639,44,9946,California
Calaveras,2021-03-10,412,14976,24,3777,385,11164,3,35,54,5008,356,4995,57,10003,California
Calaveras,2021-03-11,838,15814,411,4188,414,11578,13,48,424,5033,412,5407,437,10440,California
Calaveras,2021-03-12,384,16198,210,4398,164,11742,10,58,318,5298,66,5473,331,10771,California
Calaveras,2021-03-13,164,16362,16,4414,140,11882,8,66,133,5410,31,5504,143,10914,California
Calaveras,2021-03-14,151,16513,10,4424,140,12022,1,67,18,5303,133,5637,26,10940,California
Calaveras,2021-03-15,328,16841,47,4471,255,12277,26,93,51,5107,277,5914,81,11021,California
Calaveras,2021-03-16,707,17548,570,5041,117,12394,20,113,553,5527,153,6067,573,11594,California
Calaveras,2021-03-17,274,17822,51,5092,211,12605,12,125,49,5365,224,6291,62,11656,California
Calaveras,2021-03-18,663,18485,568,5660,80,12685,15,140,547,5812,116,6407,563,12219,California
Calaveras,2021-03-19,228,18713,47,5707,108,12793,73,213,55,5770,170,6577,128,12347,California
Calaveras,2021-03-20,81,18794,21,5728,59,12852,1,214,26,5743,55,6632,28,12375,California
Calaveras,2021-03-21,48,18842,31,5759,6,12858,11,225,13,5732,35,6667,24,12399,California
Calaveras,2021-03-22,79,18921,36,5795,22,12880,21,246,27,5728,52,6719,48,12447,California
Calaveras,2021-03-23,302,19223,218,6013,74,12954,10,256,124,5690,172,6891,134,12581,California
Calaveras,2021-03-24,132,19355,49,6062,73,13027,10,266,47,5662,85,6976,57,12638,California
Calaveras,2021-03-25,734,20089,100,6162,632,13659,2,268,444,5821,288,7264,447,13085,California
Calaveras,2021-03-26,422,20511,25,6187,391,14050,6,274,88,5585,332,7596,96,13181,California
Calaveras,2021-03-27,210,20721,18,6205,188,14238,4,278,37,5459,170,7766,44,13225,California
Calaveras,2021-03-28,108,20829,11,6216,95,14333,2,280,8,5371,99,7865,11,13236,California
Calaveras,2021-03-29,175,21004,22,6238,151,14484,2,282,59,5319,115,7980,63,13299,California
Calaveras,2021-03-30,529,21533,31,6269,482,14966,16,298,365,5537,164,8144,382,13681,California
Calaveras,2021-03-31,322,21855,142,6411,170,15136,10,308,161,5547,161,8305,171,13852,California
Calaveras,2021-04-01,674,22529,436,6847,237,15373,1,309,188,5253,485,8790,191,14043,California
Calaveras,2021-04-02,389,22918,227,7074,154,15527,8,317,115,5105,272,9062,124,14167,California
Calaveras,2021-04-03,139,23057,29,7103,107,15634,3,320,38,5045,101,9163,41,14208,California
Calaveras,2021-04-04,78,23135,25,7128,53,15687,0,320,50,5067,28,9191,50,14258,California
Calaveras,2021-04-05,213,23348,87,7215,119,15806,7,327,99,5060,114,9305,107,14365,California
Calaveras,2021-04-06,632,23980,560,7775,60,15866,12,339,93,4629,536,9841,105,14470,California
Calaveras,2021-04-07,731,24711,641,8416,60,15926,30,369,609,5147,122,9963,640,15110,California
Calaveras,2021-04-08,903,25614,822,9238,61,15987,20,389,415,5097,487,10450,437,15547,California
Calaveras,2021-04-09,66,25680,13,9251,30,16017,23,412,15,5084,51,10501,38,15585,California
Colusa,2020-12-18,1,1,1,1,0,0,0,0,1,1,0,0,1,1,California
Colusa,2020-12-21,2,3,2,3,0,0,0,0,2,3,0,0,2,3,California
Colusa,2020-12-22,10,13,10,13,0,0,0,0,10,13,0,0,10,13,California
Colusa,2020-12-23,10,23,10,23,0,0,0,0,10,23,0,0,10,23,California
Colusa,2020-12-24,2,25,1,24,1,1,0,0,2,25,0,0,2,25,California
Colusa,2020-12-27,1,26,1,25,0,1,0,0,1,26,0,0,1,26,California
Colusa,2020-12-28,7,33,3,28,4,5,0,0,7,33,0,0,7,33,California
Colusa,2020-12-29,10,43,7,35,3,8,0,0,10,43,0,0,10,43,California
Colusa,2020-12-30,50,93,13,48,37,45,0,0,50,93,0,0,50,93,California
Colusa,2020-12-31,18,111,1,49,17,62,0,0,18,111,0,0,18,111,California
Colusa,2021-01-04,4,115,0,49,4,66,0,0,4,115,0,0,4,115,California
Colusa,2021-01-05,67,182,1,50,66,132,0,0,67,182,0,0,67,182,California
Colusa,2021-01-06,15,197,9,59,6,138,0,0,15,197,0,0,15,197,California
Colusa,2021-01-07,38,235,4,63,34,172,0,0,37,233,1,1,37,234,California
Colusa,2021-01-08,9,244,7,70,2,174,0,0,8,240,1,2,8,242,California
Colusa,2021-01-09,2,246,1,71,1,175,0,0,2,242,0,2,2,244,California
Colusa,2021-01-10,1,247,0,71,1,176,0,0,1,243,0,2,1,245,California
Colusa,2021-01-11,12,259,6,77,6,182,0,0,7,245,5,7,7,252,California
Colusa,2021-01-12,11,270,9,86,2,184,0,0,6,246,5,12,6,258,California
Colusa,2021-01-13,21,291,13,99,8,192,0,0,13,251,8,20,13,271,California
Colusa,2021-01-14,35,326,28,127,7,199,0,0,33,282,2,22,33,304,California
Colusa,2021-01-15,41,367,5,132,36,235,0,0,39,319,2,24,39,343,California
Colusa,2021-01-16,12,379,1,133,11,246,0,0,11,329,1,25,11,354,California
Colusa,2021-01-17,3,382,2,135,1,247,0,0,2,330,1,26,2,356,California
Colusa,2021-01-18,4,386,0,135,4,251,0,0,4,334,0,26,4,360,California
Colusa,2021-01-19,9,395,8,143,1,252,0,0,5,335,4,30,5,365,California
Colusa,2021-01-20,115,510,101,244,14,266,0,0,102,424,13,43,102,467,California
Colusa,2021-01-21,56,566,41,285,15,281,0,0,55,478,1,44,55,522,California
Colusa,2021-01-22,40,606,17,302,23,304,0,0,35,508,5,49,35,557,California
Colusa,2021-01-23,35,641,6,308,29,333,0,0,35,543,0,49,35,592,California
Colusa,2021-01-25,7,648,0,308,7,340,0,0,7,550,0,49,7,599,California
Colusa,2021-01-26,8,656,5,313,3,343,0,0,5,552,3,52,5,604,California
Colusa,2021-01-27,107,763,31,344,76,419,0,0,105,655,2,54,105,709,California
Colusa,2021-01-28,78,841,45,389,33,452,0,0,72,721,6,60,72,781,California
Colusa,2021-01-29,40,881,7,396,33,485,0,0,39,759,1,61,39,820,California
Colusa,2021-01-30,27,908,4,400,23,508,0,0,27,786,0,61,27,847,California
Colusa,2021-01-31,7,915,7,407,0,508,0,0,7,793,0,61,7,854,California
Colusa,2021-02-01,27,942,10,417,17,525,0,0,22,810,5,66,22,876,California
Colusa,2021-02-02,42,984,8,425,34,559,0,0,36,840,6,72,36,912,California
Colusa,2021-02-03,69,1053,10,435,59,618,0,0,59,889,10,82,59,971,California
Colusa,2021-02-04,143,1196,81,516,62,680,0,0,115,976,28,110,115,1086,California
Colusa,2021-02-05,32,1228,8,524,24,704,0,0,29,1002,3,113,29,1115,California
Colusa,2021-02-06,284,1512,8,532,276,980,0,0,273,1264,11,124,273,1388,California
Colusa,2021-02-07,2,1514,1,533,1,981,0,0,0,1262,2,126,0,1388,California
Colusa,2021-02-08,40,1554,5,538,35,1016,0,0,37,1296,3,129,37,1425,California
Colusa,2021-02-09,231,1785,14,552,217,1233,0,0,176,1417,55,184,176,1601,California
Colusa,2021-02-10,116,1901,41,593,75,1308,0,0,73,1447,43,227,73,1674,California
Colusa,2021-02-11,97,1998,36,629,61,1369,0,0,72,1494,25,252,72,1746,California
Colusa,2021-02-12,118,2116,9,638,109,1478,0,0,80,1535,39,291,80,1826,California
Colusa,2021-02-13,60,2176,8,646,52,1530,0,0,52,1579,8,299,52,1878,California
Colusa,2021-02-14,20,2196,8,654,12,1542,0,0,14,1587,6,305,14,1892,California
Colusa,2021-02-15,45,2241,10,664,35,1577,0,0,38,1618,7,312,38,1930,California
Colusa,2021-02-16,67,2308,4,668,63,1640,0,0,66,1683,1,313,66,1996,California
Colusa,2021-02-17,206,2514,143,811,63,1703,0,0,60,1597,146,459,60,2056,California
Colusa,2021-02-18,135,2649,35,846,100,1803,0,0,112,1686,23,482,112,2168,California
Colusa,2021-02-19,155,2804,19,865,136,1939,0,0,129,1789,26,508,129,2297,California
Colusa,2021-02-20,28,2832,6,871,22,1961,0,0,12,1785,16,524,12,2309,California
Colusa,2021-02-21,1,2833,1,872,0,1961,0,0,0,1784,1,525,0,2309,California
Colusa,2021-02-22,43,2876,26,898,17,1978,0,0,29,1799,14,539,29,2338,California
Colusa,2021-02-23,21,2897,5,903,16,1994,0,0,17,1812,4,543,17,2355,California
Colusa,2021-02-24,300,3197,54,957,246,2240,0,0,158,1828,142,685,158,2513,California
Colusa,2021-02-25,100,3297,54,1011,46,2286,0,0,65,1858,35,720,65,2578,California
Colusa,2021-02-26,96,3393,12,1023,84,2370,0,0,58,1878,38,758,58,2636,California
Colusa,2021-02-27,55,3448,4,1027,51,2421,0,0,40,1903,15,773,40,2676,California
Colusa,2021-02-28,26,3474,14,1041,12,2433,0,0,17,1911,9,782,17,2693,California
Colusa,2021-03-01,46,3520,15,1056,31,2464,0,0,29,1923,17,799,29,2722,California
Colusa,2021-03-02,47,3567,13,1069,34,2498,0,0,24,1924,23,822,24,2746,California
Colusa,2021-03-03,237,3804,38,1107,199,2697,0,0,180,2047,57,879,180,2926,California
Colusa,2021-03-04,136,3940,58,1165,78,2775,0,0,80,2071,56,935,80,3006,California
Colusa,2021-03-05,97,4037,24,1189,64,2839,9,9,52,2087,45,980,61,3067,California
Colusa,2021-03-06,274,4311,9,1198,265,3104,0,9,37,1887,237,1217,37,3104,California
Colusa,2021-03-07,8,4319,5,1203,3,3107,0,9,6,1891,2,1219,6,3110,California
Colusa,2021-03-08,88,4407,20,1223,33,3140,35,44,44,1926,44,1263,79,3189,California
Colusa,2021-03-09,272,4679,70,1293,179,3319,23,67,83,1843,189,1452,106,3295,California
Colusa,2021-03-10,286,4965,35,1328,215,3534,36,103,200,1993,86,1538,236,3531,California
Colusa,2021-03-11,414,5379,58,1386,335,3869,21,124,332,2263,82,1620,352,3883,California
Colusa,2021-03-12,106,5485,18,1404,75,3944,13,137,20,2210,86,1706,33,3916,California
Colusa,2021-03-13,59,5544,15,1419,35,3979,9,146,17,2194,42,1748,26,3942,California
Colusa,2021-03-14,21,5565,0,1419,19,3998,2,148,7,2190,13,1761,9,3951,California
Colusa,2021-03-15,68,5633,26,1445,34,4032,8,156,13,2156,55,1816,21,3972,California
Colusa,2021-03-16,273,5906,14,1459,213,4245,46,202,166,2261,107,1923,212,4184,California
Colusa,2021-03-17,171,6077,48,1507,123,4368,0,202,88,2266,83,2006,88,4272,California
Colusa,2021-03-18,319,6396,33,1540,215,4583,71,273,196,2410,123,2129,267,4539,California
Colusa,2021-03-19,74,6470,17,1557,55,4638,2,275,51,2440,23,2152,53,4592,California
Colusa,2021-03-20,48,6518,7,1564,40,4678,1,276,35,2463,13,2165,36,4628,California
Colusa,2021-03-21,6,6524,4,1568,2,4680,0,276,4,2465,2,2167,4,4632,California
Colusa,2021-03-22,63,6587,10,1578,44,4724,9,285,41,2493,22,2189,50,4682,California
Colusa,2021-03-23,80,6667,16,1594,62,4786,2,287,53,2521,27,2216,55,4737,California
Colusa,2021-03-24,334,7001,56,1650,272,5058,6,293,69,2330,265,2481,74,4811,California
Colusa,2021-03-25,107,7108,59,1709,43,5101,5,298,50,2328,57,2538,55,4866,California
Colusa,2021-03-26,298,7406,47,1756,247,5348,4,302,245,2524,53,2591,249,5115,California
Colusa,2021-03-27,62,7468,5,1761,57,5405,0,302,24,2510,38,2629,24,5139,California
Colusa,2021-03-28,15,7483,6,1767,9,5414,0,302,7,2509,8,2637,7,5146,California
Colusa,2021-03-29,68,7551,19,1786,44,5458,5,307,30,2506,38,2675,35,5181,California
Colusa,2021-03-30,145,7696,77,1863,66,5524,2,309,76,2515,69,2744,78,5259,California
Colusa,2021-03-31,226,7922,35,1898,191,5715,0,309,72,2434,153,2897,72,5331,California
Colusa,2021-04-01,421,8343,64,1962,302,6017,55,364,300,2669,120,3017,355,5686,California
Colusa,2021-04-02,81,8424,14,1976,54,6071,13,377,40,2681,41,3058,53,5739,California
Colusa,2021-04-03,59,8483,7,1983,29,6100,23,400,13,2671,46,3104,36,5775,California
Colusa,2021-04-04,18,8501,0,1983,8,6108,10,410,3,2669,15,3119,13,5788,California
Colusa,2021-04-05,97,8598,25,2008,57,6165,15,425,40,2667,57,3176,55,5843,California
Colusa,2021-04-06,123,8721,34,2042,41,6206,48,473,40,2672,83,3259,88,5931,California
Colusa,2021-04-07,225,8946,40,2082,165,6371,20,493,100,2669,125,3384,122,6053,California
Colusa,2021-04-08,399,9345,34,2116,342,6713,23,516,118,2531,280,3664,142,6195,California
Colusa,2021-04-09,28,9373,5,2121,22,6735,1,517,18,2540,10,3674,19,6214,California
Contra Costa,2020-12-15,19,19,19,19,0,0,0,0,19,19,0,0,19,19,California
Contra Costa,2020-12-16,523,542,523,542,0,0,0,0,523,542,0,0,523,542,California
Contra Costa,2020-12-17,908,1450,908,1450,0,0,0,0,908,1450,0,0,908,1450,California
Contra Costa,2020-12-18,1590,3040,1589,3039,1,1,0,0,1590,3040,0,0,1590,3040,California
Contra Costa,2020-12-19,1100,4140,1099,4138,1,2,0,0,1100,4140,0,0,1100,4140,California
Contra Costa,2020-12-20,582,4722,581,4719,1,3,0,0,582,4722,0,0,582,4722,California
Contra Costa,2020-12-21,1651,6373,1649,6368,2,5,0,0,1651,6373,0,0,1651,6373,California
Contra Costa,2020-12-22,1669,8042,1564,7932,105,110,0,0,1669,8042,0,0,1669,8042,California
Contra Costa,2020-12-23,1575,9617,1329,9261,246,356,0,0,1575,9617,0,0,1575,9617,California
Contra Costa,2020-12-24,652,10269,335,9596,317,673,0,0,652,10269,0,0,652,10269,California
Contra Costa,2020-12-25,38,10307,16,9612,22,695,0,0,38,10307,0,0,38,10307,California
Contra Costa,2020-12-26,639,10946,130,9742,509,1204,0,0,639,10946,0,0,639,10946,California
Contra Costa,2020-12-27,240,11186,86,9828,154,1358,0,0,240,11186,0,0,240,11186,California
Contra Costa,2020-12-28,1826,13012,860,10688,966,2324,0,0,1826,13012,0,0,1826,13012,California
Contra Costa,2020-12-29,1823,14835,823,11511,1000,3324,0,0,1823,14835,0,0,1823,14835,California
Contra Costa,2020-12-30,2384,17219,1208,12719,1176,4500,0,0,2383,17218,0,0,2383,17218,California
Contra Costa,2020-12-31,911,18130,307,13026,604,5104,0,0,910,18128,0,0,910,18128,California
Contra Costa,2021-01-01,57,18187,23,13049,34,5138,0,0,57,18185,0,0,57,18185,California
Contra Costa,2021-01-02,332,18519,172,13221,160,5298,0,0,332,18517,0,0,332,18517,California
Contra Costa,2021-01-03,174,18693,116,13337,58,5356,0,0,173,18690,0,0,173,18690,California
Contra Costa,2021-01-04,1894,20587,1245,14582,649,6005,0,0,1873,20544,19,19,1873,20563,California
Contra Costa,2021-01-05,2095,22682,1255,15837,840,6845,0,0,1836,22123,258,277,1837,22400,California
Contra Costa,2021-01-06,3264,25946,2240,18077,1024,7869,0,0,2505,23878,753,1030,2508,24908,California
Contra Costa,2021-01-07,3089,29035,2057,20134,1032,8901,0,0,1879,24550,1207,2237,1879,26787,California
Contra Costa,2021-01-08,3364,32399,2377,22511,987,9888,0,0,1805,24805,1553,3790,1808,28595,California
Contra Costa,2021-01-09,1581,33980,1130,23641,451,10339,0,0,747,24720,833,4623,748,29343,California
Contra Costa,2021-01-10,361,34341,288,23929,73,10412,0,0,150,24659,211,4834,150,29493,California
Contra Costa,2021-01-11,3833,38174,3118,27047,715,11127,0,0,2230,25288,1603,6437,2232,31725,California
Contra Costa,2021-01-12,3904,42078,2929,29976,975,12102,0,0,2580,26546,1324,7761,2582,34307,California
Contra Costa,2021-01-13,4664,46742,2880,32856,1784,13886,0,0,3733,29352,927,8688,3733,38040,California
Contra Costa,2021-01-14,4294,51036,1552,34408,2742,16628,0,0,3912,32882,382,9070,3912,41952,California
Contra Costa,2021-01-15,5315,56351,2451,36859,2864,19492,0,0,4993,37559,321,9391,4998,46950,California
Contra Costa,2021-01-16,1703,58054,545,37404,1158,20650,0,0,1629,39114,74,9465,1629,48579,California
Contra Costa,2021-01-17,1631,59685,971,38375,660,21310,0,0,1509,40504,122,9587,1512,50091,California
Contra Costa,2021-01-18,3180,62865,1249,39624,1931,23241,0,0,2558,42447,616,10203,2559,52650,California
Contra Costa,2021-01-19,7050,69915,3150,42774,3900,27141,0,0,6048,47502,999,11202,6054,58704,California
Contra Costa,2021-01-20,6587,76502,4035,46809,2552,29693,0,0,5362,51647,1221,12423,5366,64070,California
Contra Costa,2021-01-21,6946,83448,3084,49893,3862,33555,0,0,6226,57165,715,13138,6233,70303,California
Contra Costa,2021-01-22,6354,89802,2696,52589,3658,37213,0,0,5498,61820,846,13984,5501,75804,California
Contra Costa,2021-01-23,2023,91825,358,52947,1665,38878,0,0,1766,63333,255,14239,1768,77572,California
Contra Costa,2021-01-24,1575,93400,214,53161,1361,40239,0,0,1431,64624,144,14383,1435,79007,California
Contra Costa,2021-01-25,6606,100006,3008,56169,3598,43837,0,0,5051,68124,1554,15937,5054,84061,California
Contra Costa,2021-01-26,8041,108047,4661,60830,3380,47217,0,0,6215,72522,1819,17756,6217,90278,California
Contra Costa,2021-01-27,8214,116261,5486,66316,2728,49945,0,0,6323,77045,1804,19560,6327,96605,California
Contra Costa,2021-01-28,7374,123635,4049,70365,3325,53270,0,0,5786,81253,1582,21142,5790,102395,California
Contra Costa,2021-01-29,7416,131051,3877,74242,3539,56809,0,0,6114,86071,1299,22441,6117,108512,California
Contra Costa,2021-01-30,2080,133131,596,74838,1484,58293,0,0,1715,87428,358,22799,1715,110227,California
Contra Costa,2021-01-31,701,133832,482,75320,219,58512,0,0,575,87880,123,22922,575,110802,California
Contra Costa,2021-02-01,5507,139339,3758,79078,1749,60261,0,0,3882,90145,1620,24542,3885,114687,California
Contra Costa,2021-02-02,7745,147084,5276,84354,2469,62730,0,0,5897,94197,1846,26388,5898,120585,California
Contra Costa,2021-02-03,8265,155349,5459,89813,2806,65536,0,0,5634,97211,2621,29009,5635,126220,California
Contra Costa,2021-02-04,7440,162789,3531,93344,3909,69445,0,0,5725,101226,1712,30721,5727,131947,California
Contra Costa,2021-02-05,8421,171210,4822,98166,3599,73044,0,0,5724,104260,2691,33412,5725,137672,California
Contra Costa,2021-02-06,3460,174670,2149,100315,1311,74355,0,0,2813,106428,646,34058,2814,140486,California
Contra Costa,2021-02-07,975,175645,704,101019,271,74626,0,0,602,106658,372,34430,602,141088,California
Contra Costa,2021-02-08,5787,181432,3430,104449,2357,76983,0,0,4315,109507,1467,35897,4316,145404,California
Contra Costa,2021-02-09,8622,190054,4751,109200,3871,80854,0,0,5751,112394,2866,38763,5753,151157,California
Contra Costa,2021-02-10,8591,198645,4635,113835,3956,84810,0,0,5399,114619,3178,41941,5403,156560,California
Contra Costa,2021-02-11,9206,207851,4190,118025,5016,89826,0,0,5247,115917,3953,45894,5251,161811,California
Contra Costa,2021-02-12,10055,217906,4605,122630,5450,95276,0,0,5458,116788,4590,50484,5461,167272,California
Contra Costa,2021-02-13,4860,222766,1356,123986,3504,98780,0,0,3398,118728,1459,51943,3399,170671,California
Contra Costa,2021-02-14,2078,224844,862,124848,1216,99996,0,0,1220,119091,857,52800,1220,171891,California
Contra Costa,2021-02-15,4429,229273,2458,127306,1971,101967,0,0,2345,119360,2078,54878,2347,174238,California
Contra Costa,2021-02-16,10389,239662,4894,132200,5495,107462,0,0,4633,118248,5749,60627,4637,178875,California
Contra Costa,2021-02-17,12253,251915,6112,138312,6141,113603,0,0,5618,117245,6621,67248,5618,184493,California
Contra Costa,2021-02-18,11429,263344,5943,144255,5486,119089,0,0,5306,116441,6112,73360,5308,189801,California
Contra Costa,2021-02-19,11381,274725,7096,151351,4285,123374,0,0,5167,115410,6200,79560,5169,194970,California
Contra Costa,2021-02-20,6434,281159,2885,154236,3549,126923,0,0,4565,118124,1853,81413,4567,199537,California
Contra Costa,2021-02-21,1788,282947,1242,155478,546,127469,0,0,1081,118499,706,82119,1081,200618,California
Contra Costa,2021-02-22,7521,290468,5092,160570,2429,129898,0,0,3476,117938,4038,86157,3477,204095,California
Contra Costa,2021-02-23,11853,302321,7225,167795,4628,134526,0,0,5904,117910,5936,92093,5908,210003,California
Contra Costa,2021-02-24,10449,312770,7666,175461,2783,137309,0,0,5041,117561,5392,97485,5043,215046,California
Contra Costa,2021-02-25,11421,324191,7192,182653,4229,141538,0,0,5183,116529,6219,103704,5187,220233,California
Contra Costa,2021-02-26,10674,334865,6732,189385,3942,145480,0,0,5291,116452,5369,109073,5292,225525,California
Contra Costa,2021-02-27,6595,341460,4192,193577,2403,147883,0,0,4096,118056,2493,111566,4097,229622,California
Contra Costa,2021-02-28,3785,345245,3121,196698,664,148547,0,0,3193,120660,590,112156,3194,232816,California
Contra Costa,2021-03-01,8068,353313,6070,202768,1998,150545,0,0,4961,122527,3096,115252,4963,237779,California
Contra Costa,2021-03-02,10014,363327,6260,209028,3753,154298,1,1,5177,122883,4823,120075,5179,242958,California
Contra Costa,2021-03-03,10923,374250,6841,215869,4081,158379,1,2,6042,124061,4866,124941,6044,249002,California
Contra Costa,2021-03-04,11840,386090,7058,222927,4782,163161,0,2,6131,124501,5691,130632,6131,255133,California
Contra Costa,2021-03-05,11171,397261,6632,229559,4535,167696,4,6,6348,126043,4810,135442,6352,261485,California
Contra Costa,2021-03-06,7245,404506,3981,233540,2957,170653,307,313,4682,128478,2553,137995,4988,266473,California
Contra Costa,2021-03-07,3595,408101,2250,235790,1286,171939,59,372,2924,130791,670,138665,2983,269456,California
Contra Costa,2021-03-08,8029,416130,3751,239541,3975,175914,303,675,5359,133798,2659,141324,5666,275122,California
Contra Costa,2021-03-09,10135,426265,4973,244514,4868,180782,294,969,5016,133995,5113,146437,5310,280432,California
Contra Costa,2021-03-10,12068,438333,5937,250451,4646,185428,1485,2454,5451,134319,6610,153047,6934,287366,California
Contra Costa,2021-03-11,12393,450726,6523,256974,5320,190748,550,3004,6326,135149,6048,159095,6878,294244,California
Contra Costa,2021-03-12,12435,463161,5087,262061,6823,197571,525,3529,6231,135715,6190,165285,6756,301000,California
Contra Costa,2021-03-13,7660,470821,3033,265094,4217,201788,410,3939,3036,134548,4608,169893,3441,304441,California
Contra Costa,2021-03-14,4318,475139,2529,267623,1310,203098,479,4418,2065,134844,2248,172141,2544,306985,California
Contra Costa,2021-03-15,9361,484500,5042,272665,3567,206665,752,5170,4749,135749,4597,176738,5502,312487,California
Contra Costa,2021-03-16,14227,498727,8452,281117,5381,212046,394,5564,7272,136477,6938,183676,7666,320153,California
Contra Costa,2021-03-17,14941,513668,10331,291448,4401,216447,209,5773,8556,138881,6366,190042,8770,328923,California
Contra Costa,2021-03-18,15327,528995,8521,299969,6329,222776,477,6250,8783,141621,6519,196561,9259,338182,California
Contra Costa,2021-03-19,15457,544452,8861,308830,5206,227982,1390,7640,8287,144143,7158,203719,9680,347862,California
Contra Costa,2021-03-20,10568,555020,6313,315143,3955,231937,300,7940,5211,144312,5341,209060,5510,353372,California
Contra Costa,2021-03-21,4437,559457,3882,319025,470,232407,85,8025,2093,144150,2340,211400,2178,355550,California
Contra Costa,2021-03-22,11486,570943,8653,327678,2585,234992,248,8273,7072,147066,4405,215805,7321,362871,California
Contra Costa,2021-03-23,15566,586509,10727,338405,4672,239664,167,8440,9538,150770,6004,221809,9708,372579,California
Contra Costa,2021-03-24,14880,601389,11622,350027,3047,242711,211,8651,9191,154509,5665,227474,9404,381983,California
Contra Costa,2021-03-25,15135,616524,11802,361829,3062,245773,271,8922,9360,158400,5740,233214,9631,391614,California
Contra Costa,2021-03-26,14869,631393,10668,372497,3806,249579,395,9317,8799,161540,6051,239265,9191,400805,California
Contra Costa,2021-03-27,10392,641785,6727,379224,3158,252737,507,9824,5771,163202,4613,243878,6275,407080,California
Contra Costa,2021-03-28,4106,645891,2912,382136,1141,253878,53,9877,1772,162701,2326,246204,1825,408905,California
Contra Costa,2021-03-29,10817,656708,8456,390592,2247,256125,114,9991,7097,166206,3707,249911,7212,416117,California
Contra Costa,2021-03-30,16693,673401,9111,399703,6251,262376,1331,11322,11100,173058,5578,255489,12430,428547,California
Contra Costa,2021-03-31,17891,691292,12543,412246,3912,266288,1436,12758,11612,179860,6249,261738,13051,441598,California
Contra Costa,2021-04-01,17367,708659,12190,424436,3818,270106,1359,14117,11362,186593,5990,267728,12723,454321,California
Contra Costa,2021-04-02,17273,725932,12782,437218,3497,273603,994,15111,11575,193476,5688,273416,12571,466892,California
Contra Costa,2021-04-03,10717,736649,6386,443604,2809,276412,1522,16633,6181,196655,4524,277940,7703,474595,California
Contra Costa,2021-04-04,3202,739851,1226,444830,1416,277828,560,17193,829,195675,2369,280309,1389,475984,California
Contra Costa,2021-04-05,11938,751789,7816,452646,3206,281034,916,18109,6563,197790,5365,285674,7480,483464,California
Contra Costa,2021-04-06,16767,768556,11606,464252,2975,284009,2186,20295,9388,202003,7363,293037,11576,495040,California
Contra Costa,2021-04-07,17236,785792,11511,475763,3132,287141,2593,22888,9567,206547,7655,300692,12199,507239,California
Contra Costa,2021-04-08,17276,803068,11418,487181,3166,290307,2692,25580,9044,210060,8216,308908,11729,518968,California
Contra Costa,2021-04-09,14135,817203,9604,496785,3494,293801,1037,26617,8102,213181,6018,314926,9139,528107,California
Del Norte,2020-12-21,23,23,23,23,0,0,0,0,23,23,0,0,23,23,California
Del Norte,2020-12-22,46,69,46,69,0,0,0,0,46,69,0,0,46,69,California
Del Norte,2020-12-23,58,127,48,117,10,10,0,0,57,126,0,0,57,126,California
Del Norte,2020-12-28,34,161,34,151,0,10,0,0,34,160,0,0,34,160,California
Del Norte,2020-12-29,4,165,4,155,0,10,0,0,4,164,0,0,4,164,California
Del Norte,2020-12-30,67,232,55,210,12,22,0,0,68,232,0,0,68,232,California
Del Norte,2020-12-31,16,248,13,223,3,25,0,0,16,248,0,0,16,248,California
Del Norte,2021-01-04,102,350,49,272,53,78,0,0,102,350,0,0,102,350,California
Del Norte,2021-01-05,33,383,0,272,33,111,0,0,33,383,0,0,33,383,California
Del Norte,2021-01-06,77,460,18,290,59,170,0,0,77,460,0,0,77,460,California
Del Norte,2021-01-07,21,481,1,291,20,190,0,0,21,481,0,0,21,481,California
Del Norte,2021-01-08,77,558,7,298,70,260,0,0,77,558,0,0,77,558,California
Del Norte,2021-01-11,40,598,21,319,19,279,0,0,18,555,22,22,19,577,California
Del Norte,2021-01-12,50,648,32,351,18,297,0,0,29,563,21,43,29,606,California
Del Norte,2021-01-13,85,733,40,391,45,342,0,0,52,582,33,76,52,658,California
Del Norte,2021-01-14,52,785,14,405,38,380,0,0,46,622,6,82,46,704,California
Del Norte,2021-01-15,107,892,18,423,89,469,0,0,95,705,12,94,95,799,California
Del Norte,2021-01-17,1,893,1,424,0,469,0,0,1,706,0,94,1,800,California
Del Norte,2021-01-18,2,895,0,424,2,471,0,0,2,708,0,94,2,802,California
Del Norte,2021-01-19,119,1014,56,480,63,534,0,0,77,743,42,136,77,879,California
Del Norte,2021-01-20,158,1172,84,564,74,608,0,0,96,777,62,198,96,975,California
Del Norte,2021-01-21,43,1215,40,604,3,611,0,0,32,798,11,209,32,1007,California
Del Norte,2021-01-22,19,1234,16,620,3,614,0,0,12,803,7,216,12,1019,California
Del Norte,2021-01-23,1,1235,0,620,1,615,0,0,1,804,0,216,1,1020,California
Del Norte,2021-01-24,1,1236,0,620,1,616,0,0,1,805,0,216,1,1021,California
Del Norte,2021-01-25,97,1333,79,699,18,634,0,0,53,814,44,260,53,1074,California
Del Norte,2021-01-26,18,1351,11,710,7,641,0,0,7,810,11,271,7,1081,California
Del Norte,2021-01-27,64,1415,21,731,43,684,0,0,61,868,3,274,61,1142,California
Del Norte,2021-01-28,291,1706,20,751,271,955,0,0,287,1151,4,278,287,1429,California
Del Norte,2021-01-29,51,1757,19,770,32,987,0,0,41,1182,10,288,41,1470,California
Del Norte,2021-01-30,8,1765,1,771,7,994,0,0,8,1190,0,288,8,1478,California
Del Norte,2021-02-01,41,1806,1,772,40,1034,0,0,26,1201,15,303,26,1504,California
Del Norte,2021-02-02,142,1948,34,806,108,1142,0,0,73,1206,68,371,73,1577,California
Del Norte,2021-02-03,125,2073,40,846,85,1227,0,0,71,1223,54,425,71,1648,California
Del Norte,2021-02-04,71,2144,29,875,42,1269,0,0,41,1234,30,455,41,1689,California
Del Norte,2021-02-05,181,2325,22,897,159,1428,0,0,118,1290,62,517,118,1807,California
Del Norte,2021-02-06,310,2635,6,903,304,1732,0,0,310,1600,0,517,310,2117,California
Del Norte,2021-02-07,2,2637,1,904,1,1733,0,0,2,1602,0,517,2,2119,California
Del Norte,2021-02-08,36,2673,1,905,35,1768,0,0,32,1630,4,521,32,2151,California
Del Norte,2021-02-09,8,2681,5,910,3,1771,0,0,2,1626,6,527,2,2153,California
Del Norte,2021-02-10,143,2824,20,930,123,1894,0,0,86,1656,56,583,86,2239,California
Del Norte,2021-02-11,175,2999,58,988,117,2011,0,0,63,1607,112,695,63,2302,California
Del Norte,2021-02-12,120,3119,14,1002,106,2117,0,0,66,1619,54,749,66,2368,California
Del Norte,2021-02-13,2,3121,1,1003,1,2118,0,0,2,1621,0,749,2,2370,California
Del Norte,2021-02-14,3,3124,1,1004,2,2120,0,0,2,1622,1,750,2,2372,California
Del Norte,2021-02-15,4,3128,0,1004,4,2124,0,0,2,1622,2,752,2,2374,California
Del Norte,2021-02-16,132,3260,1,1005,131,2255,0,0,13,1516,119,871,13,2387,California
Del Norte,2021-02-17,91,3351,20,1025,71,2326,0,0,24,1473,67,938,24,2411,California
Del Norte,2021-02-18,77,3428,24,1049,53,2379,0,0,51,1498,26,964,51,2462,California
Del Norte,2021-02-19,43,3471,17,1066,26,2405,0,0,33,1521,10,974,33,2495,California
Del Norte,2021-02-20,9,3480,6,1072,3,2408,0,0,7,1526,2,976,7,2502,California
Del Norte,2021-02-22,2,3482,0,1072,2,2410,0,0,2,1528,0,976,2,2504,California
Del Norte,2021-02-23,102,3584,84,1156,18,2428,0,0,31,1488,71,1047,31,2535,California
Del Norte,2021-02-24,152,3736,98,1254,54,2482,0,0,79,1494,73,1120,79,2614,California
Del Norte,2021-02-25,473,4209,130,1384,343,2825,0,0,210,1442,262,1382,210,2824,California
Del Norte,2021-02-26,211,4420,175,1559,36,2861,0,0,165,1561,46,1428,165,2989,California
Del Norte,2021-02-27,150,4570,145,1704,5,2866,0,0,141,1693,9,1437,141,3130,California
Del Norte,2021-02-28,4,4574,1,1705,3,2869,0,0,3,1695,1,1438,3,3133,California
Del Norte,2021-03-01,27,4601,2,1707,25,2894,0,0,4,1676,23,1461,4,3137,California
Del Norte,2021-03-02,218,4819,140,1847,78,2972,0,0,185,1828,33,1494,185,3322,California
Del Norte,2021-03-03,158,4977,90,1937,68,3040,0,0,117,1904,41,1535,117,3439,California
Del Norte,2021-03-04,120,5097,83,2020,37,3077,0,0,91,1967,28,1563,91,3530,California
Del Norte,2021-03-05,92,5189,9,2029,83,3160,0,0,44,1963,48,1611,44,3574,California
Del Norte,2021-03-06,434,5623,74,2103,310,3470,50,50,154,1844,280,1891,161,3735,California
Del Norte,2021-03-07,2,5625,1,2104,1,3471,0,50,1,1844,1,1892,1,3736,California
Del Norte,2021-03-08,28,5653,1,2105,25,3496,2,52,5,1828,23,1915,7,3743,California
Del Norte,2021-03-09,193,5846,112,2217,78,3574,3,55,182,2002,11,1926,185,3928,California
Del Norte,2021-03-10,218,6064,97,2314,93,3667,28,83,132,2076,86,2012,160,4088,California
Del Norte,2021-03-11,146,6210,55,2369,91,3758,0,83,102,2135,43,2055,102,4190,California
Del Norte,2021-03-12,178,6388,91,2460,87,3845,0,83,126,2209,52,2107,126,4316,California
Del Norte,2021-03-13,95,6483,94,2554,1,3846,0,83,91,2296,4,2111,91,4407,California
Del Norte,2021-03-14,1,6484,0,2554,1,3847,0,83,0,2295,1,2112,0,4407,California
Del Norte,2021-03-15,39,6523,0,2554,38,3885,1,84,34,2325,5,2117,35,4442,California
Del Norte,2021-03-16,276,6799,135,2689,141,4026,0,84,255,2559,21,2138,255,4697,California
Del Norte,2021-03-17,284,7083,97,2786,185,4211,2,86,170,2617,114,2252,172,4869,California
Del Norte,2021-03-18,287,7370,109,2895,175,4386,3,89,151,2636,135,2387,154,5023,California
Del Norte,2021-03-19,264,7634,158,3053,100,4486,6,95,90,2558,174,2561,96,5119,California
Del Norte,2021-03-20,158,7792,156,3209,2,4488,0,95,16,2432,142,2703,16,5135,California
Del Norte,2021-03-21,4,7796,2,3211,2,4490,0,95,2,2432,2,2705,2,5137,California
Del Norte,2021-03-22,41,7837,2,3213,38,4528,1,96,38,2468,3,2708,39,5176,California
Del Norte,2021-03-23,329,8166,162,3375,149,4677,18,114,160,2479,167,2875,178,5354,California
Del Norte,2021-03-24,392,8558,107,3482,244,4921,41,155,238,2604,154,3029,279,5633,California
Del Norte,2021-03-25,194,8752,90,3572,104,5025,0,155,87,2585,106,3135,87,5720,California
Del Norte,2021-03-26,227,8979,108,3680,119,5144,0,155,194,2746,33,3168,194,5914,California
Del Norte,2021-03-27,108,9087,87,3767,4,5148,17,172,19,2693,89,3257,36,5950,California
Del Norte,2021-03-28,4,9091,2,3769,2,5150,0,172,1,2691,3,3260,1,5951,California
Del Norte,2021-03-29,56,9147,6,3775,33,5183,17,189,31,2714,25,3285,48,5999,California
Del Norte,2021-03-30,334,9481,118,3893,205,5388,11,200,128,2647,206,3491,139,6138,California
Del Norte,2021-03-31,346,9827,100,3993,229,5617,17,217,190,2700,154,3645,207,6345,California
Del Norte,2021-04-01,165,9992,60,4053,71,5688,34,251,70,2710,94,3739,104,6449,California
Del Norte,2021-04-02,232,10224,80,4133,104,5792,48,299,76,2679,156,3895,125,6574,California
Del Norte,2021-04-03,103,10327,82,4215,2,5794,19,318,4,2604,98,3993,23,6597,California
Del Norte,2021-04-04,4,10331,0,4215,0,5794,4,322,0,2604,4,3997,4,6601,California
Del Norte,2021-04-05,53,10384,5,4220,44,5838,4,326,46,2647,7,4004,50,6651,California
Del Norte,2021-04-06,376,10760,122,4342,220,6058,34,360,147,2606,223,4227,182,6833,California
Del Norte,2021-04-07,329,11089,107,4449,171,6229,51,411,218,2764,111,4338,269,7102,California
Del Norte,2021-04-08,189,11278,53,4502,111,6340,25,436,109,2818,80,4418,134,7236,California
Del Norte,2021-04-09,112,11390,1,4503,63,6403,48,484,57,2867,55,4473,104,7340,California
El Dorado,2020-12-15,12,12,12,12,0,0,0,0,12,12,0,0,12,12,California
El Dorado,2020-12-16,40,52,40,52,0,0,0,0,40,52,0,0,40,52,California
El Dorado,2020-12-17,30,82,30,82,0,0,0,0,30,82,0,0,30,82,California
El Dorado,2020-12-18,236,318,236,318,0,0,0,0,236,318,0,0,236,318,California
El Dorado,2020-12-19,116,434,116,434,0,0,0,0,116,434,0,0,116,434,California
El Dorado,2020-12-20,84,518,84,518,0,0,0,0,84,518,0,0,84,518,California
El Dorado,2020-12-21,306,824,305,823,1,1,0,0,306,824,0,0,306,824,California
El Dorado,2020-12-22,239,1063,215,1038,24,25,0,0,239,1063,0,0,239,1063,California
El Dorado,2020-12-23,189,1252,139,1177,50,75,0,0,189,1252,0,0,189,1252,California
El Dorado,2020-12-24,86,1338,65,1242,21,96,0,0,86,1338,0,0,86,1338,California
El Dorado,2020-12-25,8,1346,8,1250,0,96,0,0,8,1346,0,0,8,1346,California
El Dorado,2020-12-26,43,1389,25,1275,18,114,0,0,43,1389,0,0,43,1389,California
El Dorado,2020-12-27,37,1426,33,1308,4,118,0,0,37,1426,0,0,37,1426,California
El Dorado,2020-12-28,216,1642,170,1478,46,164,0,0,216,1642,0,0,216,1642,California
El Dorado,2020-12-29,454,2096,140,1618,314,478,0,0,454,2096,0,0,454,2096,California
El Dorado,2020-12-30,504,2600,136,1754,368,846,0,0,504,2600,0,0,504,2600,California
El Dorado,2020-12-31,108,2708,68,1822,40,886,0,0,108,2708,0,0,108,2708,California
El Dorado,2021-01-01,6,2714,4,1826,2,888,0,0,6,2714,0,0,6,2714,California
El Dorado,2021-01-02,150,2864,139,1965,11,899,0,0,150,2864,0,0,150,2864,California
El Dorado,2021-01-03,90,2954,16,1981,74,973,0,0,90,2954,0,0,90,2954,California
El Dorado,2021-01-04,190,3144,63,2044,127,1100,0,0,190,3144,0,0,190,3144,California
El Dorado,2021-01-05,202,3346,48,2092,154,1254,0,0,186,3314,16,16,186,3330,California
El Dorado,2021-01-06,261,3607,188,2280,73,1327,0,0,198,3449,63,79,198,3528,California
El Dorado,2021-01-07,326,3933,134,2414,192,1519,0,0,256,3635,70,149,256,3784,California
El Dorado,2021-01-08,970,4903,500,2914,470,1989,0,0,767,4200,203,352,768,4552,California
El Dorado,2021-01-09,192,5095,156,3070,36,2025,0,0,124,4256,68,420,124,4676,California
El Dorado,2021-01-10,180,5275,129,3199,51,2076,0,0,111,4298,69,489,111,4787,California
El Dorado,2021-01-11,657,5932,292,3491,365,2441,0,0,459,4560,197,686,459,5246,California
El Dorado,2021-01-12,689,6621,418,3909,271,2712,0,0,441,4753,248,934,441,5687,California
El Dorado,2021-01-13,694,7315,295,4204,399,3111,0,0,535,5129,159,1093,535,6222,California
El Dorado,2021-01-14,677,7992,217,4421,460,3571,0,0,582,5616,95,1188,582,6804,California
El Dorado,2021-01-15,674,8666,184,4605,490,4061,0,0,602,6146,72,1260,602,7406,California
El Dorado,2021-01-16,170,8836,103,4708,67,4128,0,0,143,6262,27,1287,143,7549,California
El Dorado,2021-01-17,98,8934,46,4754,52,4180,0,0,81,6326,17,1304,81,7630,California
El Dorado,2021-01-18,418,9352,138,4892,280,4460,0,0,350,6608,68,1372,350,7980,California
El Dorado,2021-01-19,636,9988,351,5243,285,4745,0,0,487,6947,149,1521,488,8468,California
El Dorado,2021-01-20,1010,10998,685,5928,325,5070,0,0,898,7734,111,1632,898,9366,California
El Dorado,2021-01-21,1151,12149,569,6497,582,5652,0,0,945,8514,165,1797,945,10311,California
El Dorado,2021-01-22,1090,13239,703,7200,387,6039,0,0,1039,9503,50,1847,1039,11350,California
El Dorado,2021-01-23,736,13975,617,7817,119,6158,0,0,625,10017,111,1958,625,11975,California
El Dorado,2021-01-24,126,14101,76,7893,50,6208,0,0,107,10105,19,1977,107,12082,California
El Dorado,2021-01-25,609,14710,203,8096,406,6614,0,0,520,10536,89,2066,520,12602,California
El Dorado,2021-01-26,669,15379,361,8457,308,6922,0,0,567,11002,102,2168,568,13170,California
El Dorado,2021-01-27,925,16304,331,8788,594,7516,0,0,591,11258,335,2503,591,13761,California
El Dorado,2021-01-28,1096,17400,448,9236,648,8164,0,0,739,11640,357,2860,739,14500,California
El Dorado,2021-01-29,965,18365,487,9723,478,8642,0,0,736,12149,228,3088,737,15237,California
El Dorado,2021-01-30,612,18977,361,10084,251,8893,0,0,451,12439,161,3249,451,15688,California
El Dorado,2021-01-31,207,19184,186,10270,21,8914,0,0,178,12588,29,3278,178,15866,California
El Dorado,2021-02-01,785,19969,368,10638,417,9331,0,0,642,13088,142,3420,642,16508,California
El Dorado,2021-02-02,822,20791,363,11001,459,9790,0,0,665,13596,157,3577,665,17173,California
El Dorado,2021-02-03,896,21687,474,11475,422,10212,0,0,685,14070,211,3788,685,17858,California
El Dorado,2021-02-04,1263,22950,720,12195,543,10755,0,0,870,14547,393,4181,870,18728,California
El Dorado,2021-02-05,1474,24424,595,12790,879,11634,0,0,865,14837,575,4756,865,19593,California
El Dorado,2021-02-06,638,25062,334,13124,304,11938,0,0,530,15260,108,4864,531,20124,California
El Dorado,2021-02-07,255,25317,176,13300,79,12017,0,0,191,15387,64,4928,191,20315,California
El Dorado,2021-02-08,878,26195,416,13716,462,12479,0,0,605,15719,273,5201,605,20920,California
El Dorado,2021-02-09,903,27098,488,14204,415,12894,0,0,482,15780,421,5622,482,21402,California
El Dorado,2021-02-10,1237,28335,727,14931,510,13404,0,0,646,15836,590,6212,646,22048,California
El Dorado,2021-02-11,2124,30459,879,15810,1245,14649,0,0,953,15620,1170,7382,954,23002,California
El Dorado,2021-02-12,1557,32016,822,16632,735,15384,0,0,677,15418,880,8262,678,23680,California
El Dorado,2021-02-13,973,32989,668,17300,305,15689,0,0,430,15308,540,8802,430,24110,California
El Dorado,2021-02-14,480,33469,153,17453,327,16016,0,0,397,15622,83,8885,397,24507,California
El Dorado,2021-02-15,1180,34649,386,17839,794,16810,0,0,826,16097,354,9239,829,25336,California
El Dorado,2021-02-16,1171,35820,527,18366,644,17454,0,0,666,16260,504,9743,667,26003,California
El Dorado,2021-02-17,899,36719,371,18737,528,17982,0,0,421,16205,478,10221,423,26426,California
El Dorado,2021-02-18,2074,38793,1005,19742,1069,19051,0,0,1350,16832,723,10944,1350,27776,California
El Dorado,2021-02-19,1155,39948,599,20341,556,19607,0,0,645,16969,510,11454,647,28423,California
El Dorado,2021-02-20,912,40860,434,20775,478,20085,0,0,664,17391,242,11696,664,29087,California
El Dorado,2021-02-21,280,41140,224,20999,56,20141,0,0,100,17312,179,11875,100,29187,California
El Dorado,2021-02-22,861,42001,436,21435,425,20566,0,0,278,17008,582,12457,278,29465,California
El Dorado,2021-02-23,812,42813,470,21905,342,20908,0,0,331,16858,481,12938,331,29796,California
El Dorado,2021-02-24,992,43805,439,22344,553,21461,0,0,400,16667,592,13530,401,30197,California
El Dorado,2021-02-25,1593,45398,878,23222,715,22176,0,0,692,16465,895,14425,693,30890,California
El Dorado,2021-02-26,2324,47722,1483,24705,841,23017,0,0,1569,17281,753,15178,1569,32459,California
El Dorado,2021-02-27,1644,49366,436,25141,1208,24225,0,0,1204,18048,437,15615,1204,33663,California
El Dorado,2021-02-28,568,49934,204,25345,364,24589,0,0,417,18315,151,15766,418,34081,California
El Dorado,2021-03-01,1094,51028,450,25795,644,25233,0,0,601,18424,492,16258,601,34682,California
El Dorado,2021-03-02,876,51904,262,26057,614,25847,0,0,451,18452,423,16681,451,35133,California
El Dorado,2021-03-03,1617,53521,445,26502,1172,27019,0,0,1099,19042,511,17192,1101,36234,California
El Dorado,2021-03-04,2461,55982,1531,28033,930,27949,0,0,1193,18970,1265,18457,1193,37427,California
El Dorado,2021-03-05,1552,57534,420,28453,1127,29076,5,5,1025,19477,523,18980,1030,38457,California
El Dorado,2021-03-06,719,58253,201,28654,485,29561,33,38,376,19543,343,19323,409,38866,California
El Dorado,2021-03-07,395,58648,197,28851,180,29741,18,56,233,19634,160,19483,251,39117,California
El Dorado,2021-03-08,1314,59962,364,29215,879,30620,71,127,843,20080,468,19951,914,40031,California
El Dorado,2021-03-09,943,60905,225,29440,651,31271,67,194,557,20328,376,20327,624,40655,California
El Dorado,2021-03-10,915,61820,342,29782,518,31789,55,249,528,20528,383,20710,583,41238,California
El Dorado,2021-03-11,2978,64798,1827,31609,971,32760,180,429,1367,20476,1598,22308,1546,42784,California
El Dorado,2021-03-12,1735,66533,620,32229,872,33632,243,672,722,20442,999,23307,965,43749,California
El Dorado,2021-03-13,1028,67561,341,32570,408,34040,279,951,356,20405,670,23977,633,44382,California
El Dorado,2021-03-14,776,68337,209,32779,454,34494,113,1064,261,20264,515,24492,374,44756,California
El Dorado,2021-03-15,1350,69687,297,33076,926,35420,127,1191,564,20173,782,25274,691,45447,California
El Dorado,2021-03-16,1177,70864,401,33477,632,36052,144,1335,539,20224,632,25906,683,46130,California
El Dorado,2021-03-17,1053,71917,351,33828,607,36659,95,1430,678,20620,375,26281,771,46901,California
El Dorado,2021-03-18,2900,74817,1743,35571,1113,37772,44,1474,1919,21609,975,27256,1964,48865,California
El Dorado,2021-03-19,1061,75878,354,35925,563,38335,144,1618,590,21873,471,27727,735,49600,California
El Dorado,2021-03-20,923,76801,261,36186,645,38980,17,1635,351,21680,561,28288,368,49968,California
El Dorado,2021-03-21,1020,77821,414,36600,601,39581,5,1640,934,22534,85,28373,939,50907,California
El Dorado,2021-03-22,1469,79290,486,37086,902,40483,81,1721,1173,23496,292,28665,1254,52161,California
El Dorado,2021-03-23,1084,80374,451,37537,542,41025,91,1812,699,23909,377,29042,790,52951,California
El Dorado,2021-03-24,1398,81772,625,38162,579,41604,194,2006,673,24062,714,29756,867,53818,California
El Dorado,2021-03-25,2411,84183,1659,39821,650,42254,102,2108,1355,24467,1052,30808,1457,55275,California
El Dorado,2021-03-26,1714,85897,680,40501,925,43179,109,2217,915,24706,785,31593,1024,56299,California
El Dorado,2021-03-27,1285,87182,183,40684,1098,44277,4,2221,320,24071,959,32552,324,56623,California
El Dorado,2021-03-28,611,87793,183,40867,419,44696,9,2230,196,23864,412,32964,205,56828,California
El Dorado,2021-03-29,1297,89090,432,41299,851,45547,14,2244,830,24244,464,33428,844,57672,California
El Dorado,2021-03-30,1323,90413,411,41710,822,46369,90,2334,688,24391,630,34058,777,58449,California
El Dorado,2021-03-31,1515,91928,576,42286,876,47245,63,2397,713,24367,799,34857,775,59224,California
El Dorado,2021-04-01,3168,95096,1745,44031,1340,48585,83,2480,1515,24316,1651,36508,1600,60824,California
El Dorado,2021-04-02,1812,96908,554,44585,1166,49751,92,2572,718,24035,1091,37599,810,61634,California
El Dorado,2021-04-03,719,97627,276,44861,328,50079,115,2687,212,23855,507,38106,327,61961,California
El Dorado,2021-04-04,257,97884,77,44938,134,50213,46,2733,90,23825,166,38272,136,62097,California
El Dorado,2021-04-05,1359,99243,414,45352,861,51074,84,2817,566,23685,790,39062,650,62747,California
El Dorado,2021-04-06,1361,100604,493,45845,658,51732,210,3027,429,23393,930,39992,638,63385,California
El Dorado,2021-04-07,1449,102053,541,46386,489,52221,419,3446,513,23390,934,40926,931,64316,California
El Dorado,2021-04-08,2442,104495,1606,47992,603,52824,233,3679,969,23124,1468,42394,1202,65518,California
El Dorado,2021-04-09,573,105068,195,48187,311,53135,67,3746,207,23032,365,42759,273,65791,California
Fresno,2020-12-15,2,2,2,2,0,0,0,0,2,2,0,0,2,2,California
Fresno,2020-12-16,121,123,121,123,0,0,0,0,121,123,0,0,121,123,California
Fresno,2020-12-17,120,243,120,243,0,0,0,0,120,243,0,0,120,243,California
Fresno,2020-12-18,345,588,345,588,0,0,0,0,345,588,0,0,345,588,California
Fresno,2020-12-19,157,745,157,745,0,0,0,0,157,745,0,0,157,745,California
Fresno,2020-12-20,255,1000,253,998,2,2,0,0,255,1000,0,0,255,1000,California
Fresno,2020-12-21,924,1924,923,1921,1,3,0,0,956,1956,0,0,956,1956,California
Fresno,2020-12-22,901,2825,872,2793,29,32,0,0,905,2861,0,0,905,2861,California
Fresno,2020-12-23,1083,3908,1049,3842,34,66,0,0,1084,3945,0,0,1084,3945,California
Fresno,2020-12-24,579,4487,562,4404,17,83,0,0,579,4524,0,0,579,4524,California
Fresno,2020-12-25,2,4489,1,4405,1,84,0,0,2,4526,0,0,2,4526,California
Fresno,2020-12-26,720,5209,712,5117,8,92,0,0,720,5246,0,0,720,5246,California
Fresno,2020-12-27,298,5507,204,5321,94,186,0,0,298,5544,0,0,298,5544,California
Fresno,2020-12-28,1060,6567,774,6095,286,472,0,0,1060,6604,0,0,1060,6604,California
Fresno,2020-12-29,1768,8335,1040,7135,728,1200,0,0,1766,8369,1,1,1766,8370,California
Fresno,2020-12-30,978,9313,477,7612,501,1701,0,0,978,9347,0,1,978,9348,California
Fresno,2020-12-31,893,10206,310,7922,583,2284,0,0,892,10239,0,1,892,10240,California
Fresno,2021-01-01,9,10215,3,7925,6,2290,0,0,9,10248,0,1,9,10249,California
Fresno,2021-01-02,1029,11244,717,8642,312,2602,0,0,1029,11277,0,1,1029,11278,California
Fresno,2021-01-03,154,11398,129,8771,25,2627,0,0,154,11431,0,1,154,11432,California
Fresno,2021-01-04,606,12004,373,9144,233,2860,0,0,606,12037,0,1,606,12038,California
Fresno,2021-01-05,776,12780,311,9455,465,3325,0,0,702,12665,74,75,702,12740,California
Fresno,2021-01-06,970,13750,345,9800,625,3950,0,0,798,13291,172,247,798,13538,California
Fresno,2021-01-07,1881,15631,914,10714,967,4917,0,0,1628,14669,253,500,1631,15169,California
Fresno,2021-01-08,1777,17408,616,11330,1161,6078,0,0,1411,15716,364,864,1411,16580,California
Fresno,2021-01-09,628,18036,387,11717,241,6319,0,0,354,15796,274,1138,354,16934,California
Fresno,2021-01-10,515,18551,485,12202,30,6349,0,0,202,15685,313,1451,202,17136,California
Fresno,2021-01-11,2144,20695,1740,13942,404,6753,0,0,1451,16446,693,2144,1454,18590,California
Fresno,2021-01-12,2506,23201,1813,15755,693,7446,0,0,1659,17258,849,2993,1661,20251,California
Fresno,2021-01-13,3522,26723,2412,18167,1110,8556,0,0,2667,19072,855,3848,2669,22920,California
Fresno,2021-01-14,4135,30858,2199,20366,1936,10492,0,0,3664,22266,470,4318,3664,26584,California
Fresno,2021-01-15,3625,34483,2519,22885,1106,11598,0,0,3269,25182,356,4674,3272,29856,California
Fresno,2021-01-16,3135,37618,2293,25178,842,12440,0,0,2672,27393,462,5136,2673,32529,California
Fresno,2021-01-17,975,38593,553,25731,422,12862,0,0,777,27972,198,5334,777,33306,California
Fresno,2021-01-18,3074,41667,2366,28097,708,13570,0,0,2411,29724,661,5995,2413,35719,California
Fresno,2021-01-19,4316,45983,2547,30644,1769,15339,0,0,3669,32749,647,6642,3672,39391,California
Fresno,2021-01-20,2990,48973,1183,31827,1807,17146,0,0,2693,35147,298,6940,2696,42087,California
Fresno,2021-01-21,4344,53317,2001,33828,2343,19489,0,0,3998,38822,328,7268,4003,46090,California
Fresno,2021-01-22,3303,56620,1343,35171,1960,21449,0,0,2916,41369,370,7638,2917,49007,California
Fresno,2021-01-23,3029,59649,1958,37129,1071,22520,0,0,2307,42962,722,8360,2315,51322,California
Fresno,2021-01-24,548,60197,372,37501,176,22696,0,0,345,43107,203,8563,348,51670,California
Fresno,2021-01-25,2333,62530,861,38362,1472,24168,0,0,1848,44474,485,9048,1852,53522,California
Fresno,2021-01-26,2007,64537,581,38943,1426,25594,0,0,1307,45084,698,9746,1308,54830,California
Fresno,2021-01-27,2246,66783,1162,40105,1084,26678,0,0,1727,46296,518,10264,1730,56560,California
Fresno,2021-01-28,4452,71235,3027,43132,1425,28103,0,0,3449,48749,999,11263,3452,60012,California
Fresno,2021-01-29,1697,72932,984,44116,713,28816,0,0,1399,49854,295,11558,1400,61412,California
Fresno,2021-01-30,1432,74364,541,44657,891,29707,0,0,1020,50462,412,11970,1020,62432,California
Fresno,2021-01-31,226,74590,217,44874,9,29716,0,0,72,50380,154,12124,72,62504,California
Fresno,2021-02-01,3315,77905,1656,46530,1659,31375,0,0,1807,50698,1507,13631,1825,64329,California
Fresno,2021-02-02,2720,80625,553,47083,2167,33542,0,0,1596,51197,1110,14741,1609,65938,California
Fresno,2021-02-03,3475,84100,2040,49123,1435,34977,0,0,1518,50773,1943,16684,1519,67457,California
Fresno,2021-02-04,4198,88298,1901,51024,2297,37274,0,0,1930,50470,2238,18922,1935,69392,California
Fresno,2021-02-05,5198,93496,2598,53622,2600,39874,0,0,2184,49648,3008,21930,2186,71578,California
Fresno,2021-02-06,2929,96425,2043,55665,886,40760,0,0,973,48671,1952,23882,975,72553,California
Fresno,2021-02-07,465,96890,285,55950,180,40940,0,0,272,48751,192,24074,272,72825,California
Fresno,2021-02-08,4275,101165,2297,58247,1978,42918,0,0,1812,48133,2439,26513,1821,74646,California
Fresno,2021-02-09,5325,106490,2083,60330,3242,46160,0,0,3116,49123,2134,28647,3124,77770,California
Fresno,2021-02-10,3862,110352,1234,61564,2628,48788,0,0,1981,49287,1827,30474,1991,79761,California
Fresno,2021-02-11,6443,116795,2090,63654,4353,53141,0,0,3391,49644,3038,33512,3395,83156,California
Fresno,2021-02-12,5368,122163,1380,65034,3988,57129,0,0,2749,49797,2602,36114,2755,85911,California
Fresno,2021-02-13,3722,125885,1544,66578,2178,59307,0,0,2074,50240,1636,37750,2079,87990,California
Fresno,2021-02-14,1558,127443,281,66859,1277,60584,0,0,848,50380,709,38459,849,88839,California
Fresno,2021-02-15,2879,130322,270,67129,2609,63193,0,0,1775,51059,1100,39559,1779,90618,California
Fresno,2021-02-16,6672,136994,2398,69527,4274,67467,0,0,4245,52899,2411,41970,4251,94869,California
Fresno,2021-02-17,5318,142312,2446,71973,2872,70339,0,0,2975,53579,2299,44269,2979,97848,California
Fresno,2021-02-18,6848,149160,2901,74874,3947,74286,0,0,2574,51938,4226,48495,2585,100433,California
Fresno,2021-02-19,3827,152987,1095,75969,2732,77018,0,0,1829,51782,1988,50483,1832,102265,California
Fresno,2021-02-20,4532,157519,2497,78466,2035,79053,0,0,3064,53389,1462,51945,3069,105334,California
Fresno,2021-02-21,186,157705,170,78636,16,79069,0,0,127,53470,46,51991,127,105461,California
Fresno,2021-02-22,2221,159926,999,79635,1222,80291,0,0,1225,53712,990,52981,1232,106693,California
Fresno,2021-02-23,3853,163779,1452,81087,2401,82692,0,0,3000,55868,846,53827,3002,109695,California
Fresno,2021-02-24,4154,167933,1490,82577,2664,85356,0,0,3414,58556,730,54557,3418,113113,California
Fresno,2021-02-25,7439,175372,2490,85067,4949,90305,0,0,5993,63173,1381,55938,5998,119111,California
Fresno,2021-02-26,8263,183635,3001,88068,5262,95567,0,0,6991,68918,1251,57189,6996,126107,California
Fresno,2021-02-27,6268,189903,2186,90254,4082,99649,0,0,5587,73839,672,57861,5593,131700,California
Fresno,2021-02-28,1627,191530,528,90782,1099,100748,0,0,1544,75311,72,57933,1544,133244,California
Fresno,2021-03-01,4855,196385,1280,92062,3575,104323,0,0,3583,77640,1262,59195,3591,136835,California
Fresno,2021-03-02,8353,204738,2285,94347,6068,110391,0,0,7013,83360,1317,60512,7037,143872,California
Fresno,2021-03-03,6536,211274,1567,95914,4968,115359,1,1,5520,87991,1004,61516,5635,149507,California
Fresno,2021-03-04,8376,219650,2497,98411,5879,121238,0,1,6878,93404,1473,62989,6886,156393,California
Fresno,2021-03-05,7764,227414,2642,101053,5120,126358,2,3,6760,99369,872,63861,6837,163230,California
Fresno,2021-03-06,6416,233830,3521,104574,2778,129136,117,120,5482,104043,929,64790,5603,168833,California
Fresno,2021-03-07,1363,235193,569,105143,761,129897,33,153,1141,104996,221,65011,1174,170007,California
Fresno,2021-03-08,4793,239986,1770,106913,2870,132767,153,306,3626,107625,1160,66171,3789,173796,California
Fresno,2021-03-09,6760,246746,2292,109205,4201,136968,267,573,3863,108911,2880,69051,4166,177962,California
Fresno,2021-03-10,6524,253270,2665,111870,3473,140441,386,959,5142,113076,1372,70423,5537,183499,California
Fresno,2021-03-11,11176,264446,4495,116365,6120,146561,561,1520,6182,114931,4963,75386,6818,190317,California
Fresno,2021-03-12,11343,275789,4879,121244,6023,152584,441,1961,8415,121014,2912,78298,8995,199312,California
Fresno,2021-03-13,8025,283814,3881,125125,3132,155716,1012,2973,3855,121805,4152,82450,4943,204255,California
Fresno,2021-03-14,1726,285540,461,125586,986,156702,279,3252,648,121659,1072,83522,926,205181,California
Fresno,2021-03-15,6797,292337,2917,128503,3710,160412,170,3422,4648,124524,2137,85659,5002,210183,California
Fresno,2021-03-16,9987,302324,4392,132895,5205,165617,390,3812,6128,127305,3836,89495,6617,216800,California
Fresno,2021-03-17,8393,310717,3857,136752,3843,169460,693,4505,5632,131266,2745,92240,6706,223506,California
Fresno,2021-03-18,12109,322826,6541,143293,4938,174398,630,5135,7940,136126,4132,96372,8992,232498,California
Fresno,2021-03-19,10797,333623,5582,148875,4601,178999,614,5749,7378,141017,3394,99766,8285,240783,California
Fresno,2021-03-20,7308,340931,4378,153253,2619,181618,311,6060,4483,143272,2811,102577,5066,245849,California
Fresno,2021-03-21,1766,342697,1196,154449,198,181816,372,6432,959,143804,803,103380,1335,247184,California
Fresno,2021-03-22,5581,348278,2874,157323,2113,183929,594,7026,3792,146618,1771,105151,4585,251769,California
Fresno,2021-03-23,10561,358839,5224,162547,4846,188775,491,7517,6138,149271,4403,109554,7056,258825,California
Fresno,2021-03-24,8561,367400,3625,166172,4108,192883,828,8345,4743,151108,3787,113341,5624,264449,California
Fresno,2021-03-25,11887,379287,5548,171720,5644,198527,695,9040,6157,152344,5699,119040,6935,271384,California
Fresno,2021-03-26,11830,391117,5297,177017,5892,204419,641,9681,5266,151755,6519,125559,5930,277314,California
Fresno,2021-03-27,9341,400458,4117,181134,4140,208559,1084,10765,2940,149416,6369,131928,4030,281344,California
Fresno,2021-03-28,3216,403674,1186,182320,1391,209950,639,11404,1345,149796,1864,133792,2244,283588,California
Fresno,2021-03-29,5993,409667,1979,184299,3473,213423,541,11945,2929,150234,3045,136837,3483,287071,California
Fresno,2021-03-30,10586,420253,4131,188430,5586,219009,869,12814,4450,149442,6114,142951,5322,292393,California
Fresno,2021-03-31,8886,429139,3280,191710,4631,223640,975,13789,3818,149206,5032,147983,4796,297189,California
Fresno,2021-04-01,10805,439944,4011,195721,5950,229590,844,14633,3808,146889,6927,154910,4610,301799,California
Fresno,2021-04-02,10614,450558,4373,200094,5478,235068,763,15396,4154,145502,6312,161222,4925,306724,California
Fresno,2021-04-03,6091,456649,3340,203434,2506,237574,245,15641,2215,144137,3862,165084,2497,309221,California
Fresno,2021-04-04,1480,458129,527,203961,911,238485,42,15683,561,143827,913,165997,603,309824,California
Fresno,2021-04-05,7350,465479,3720,207681,2899,241384,731,16414,2376,142041,4964,170961,3178,313002,California
Fresno,2021-04-06,8835,474314,3513,211194,4237,245621,1085,17499,3438,141210,5369,176330,4538,317540,California
Fresno,2021-04-07,9427,483741,4784,215978,3565,249186,1078,18577,3362,139647,6035,182365,4472,322012,California
Fresno,2021-04-08,9503,493244,4549,220527,3892,253078,1062,19639,3198,137684,6269,188634,4306,326318,California
Fresno,2021-04-09,3280,496524,1017,221544,1749,254827,514,20153,913,136784,2355,190989,1455,327773,California
Glenn,2020-12-17,1,1,1,1,0,0,0,0,1,1,0,0,1,1,California
Glenn,2020-12-19,1,2,1,2,0,0,0,0,1,2,0,0,1,2,California
Glenn,2020-12-20,1,3,1,3,0,0,0,0,1,3,0,0,1,3,California
Glenn,2020-12-21,11,14,11,14,0,0,0,0,11,14,0,0,11,14,California
Glenn,2020-12-22,59,73,59,73,0,0,0,0,59,73,0,0,59,73,California
Glenn,2020-12-23,26,99,26,99,0,0,0,0,26,99,0,0,26,99,California
Glenn,2020-12-24,9,108,9,108,0,0,0,0,9,108,0,0,9,108,California
Glenn,2020-12-26,2,110,2,110,0,0,0,0,2,110,0,0,2,110,California
Glenn,2020-12-27,4,114,4,114,0,0,0,0,4,114,0,0,4,114,California
Glenn,2020-12-28,21,135,21,135,0,0,0,0,21,135,0,0,21,135,California
Glenn,2020-12-29,82,217,82,217,0,0,0,0,82,217,0,0,82,217,California
Glenn,2020-12-30,128,345,106,323,22,22,0,0,128,345,0,0,128,345,California
Glenn,2020-12-31,38,383,9,332,29,51,0,0,38,383,0,0,38,383,California
Glenn,2021-01-02,2,385,2,334,0,51,0,0,2,385,0,0,2,385,California
Glenn,2021-01-04,7,392,5,339,2,53,0,0,7,392,0,0,7,392,California
Glenn,2021-01-05,9,401,8,347,1,54,0,0,9,401,0,0,9,401,California
Glenn,2021-01-06,61,462,9,356,52,106,0,0,61,462,0,0,61,462,California
Glenn,2021-01-07,66,528,12,368,54,160,0,0,64,524,2,2,64,526,California
Glenn,2021-01-08,11,539,9,377,2,162,0,0,11,535,0,2,11,537,California
Glenn,2021-01-10,1,540,1,378,0,162,0,0,0,534,1,3,0,537,California
Glenn,2021-01-11,30,570,30,408,0,162,0,0,12,528,18,21,12,549,California
Glenn,2021-01-12,42,612,37,445,5,167,0,0,14,514,28,49,14,563,California
Glenn,2021-01-13,152,764,87,532,65,232,0,0,109,580,43,92,109,672,California
Glenn,2021-01-14,184,948,96,628,88,320,0,0,174,744,10,102,174,846,California
Glenn,2021-01-15,42,990,34,662,8,328,0,0,37,776,5,107,37,883,California
Glenn,2021-01-16,34,1024,14,676,20,348,0,0,24,790,10,117,24,907,California
Glenn,2021-01-17,4,1028,2,678,2,350,0,0,2,790,2,119,2,909,California
Glenn,2021-01-18,17,1045,16,694,1,351,0,0,9,791,8,127,9,918,California
Glenn,2021-01-19,30,1075,20,714,10,361,0,0,13,787,17,144,13,931,California
Glenn,2021-01-20,163,1238,94,808,69,430,0,0,82,788,81,225,82,1013,California
Glenn,2021-01-21,124,1362,98,906,26,456,0,0,30,724,94,319,30,1043,California
Glenn,2021-01-22,337,1699,63,969,274,730,0,0,330,1047,7,326,330,1373,California
Glenn,2021-01-23,14,1713,7,976,7,737,0,0,12,1057,2,328,12,1385,California
Glenn,2021-01-24,2,1715,2,978,0,737,0,0,2,1059,0,328,2,1387,California
Glenn,2021-01-25,27,1742,9,987,18,755,0,0,24,1080,3,331,24,1411,California
Glenn,2021-01-26,29,1771,13,1000,16,771,0,0,23,1097,6,337,23,1434,California
Glenn,2021-01-27,188,1959,14,1014,174,945,0,0,166,1241,22,359,166,1600,California
Glenn,2021-01-28,146,2105,8,1022,138,1083,0,0,116,1327,30,389,116,1716,California
Glenn,2021-01-29,297,2402,12,1034,285,1368,0,0,283,1596,14,403,283,1999,California
Glenn,2021-01-30,5,2407,0,1034,5,1373,0,0,5,1601,0,403,5,2004,California
Glenn,2021-01-31,1,2408,0,1034,1,1374,0,0,1,1602,0,403,1,2005,California
Glenn,2021-02-01,28,2436,10,1044,18,1392,0,0,16,1606,12,415,16,2021,California
Glenn,2021-02-02,28,2464,13,1057,15,1407,0,0,19,1616,9,424,19,2040,California
Glenn,2021-02-03,207,2671,58,1115,149,1556,0,0,112,1633,95,519,112,2152,California
Glenn,2021-02-04,149,2820,84,1199,65,1621,0,0,45,1574,104,623,45,2197,California
Glenn,2021-02-05,320,3140,24,1223,296,1917,0,0,301,1856,19,642,301,2498,California
Glenn,2021-02-06,14,3154,2,1225,12,1929,0,0,13,1868,1,643,13,2511,California
Glenn,2021-02-07,2,3156,2,1227,0,1929,0,0,2,1870,0,643,2,2513,California
Glenn,2021-02-08,21,3177,17,1244,4,1933,0,0,4,1857,17,660,4,2517,California
Glenn,2021-02-09,49,3226,20,1264,29,1962,0,0,36,1880,13,673,36,2553,California
Glenn,2021-02-10,138,3364,19,1283,119,2081,0,0,64,1870,74,747,64,2617,California
Glenn,2021-02-11,231,3595,132,1415,99,2180,0,0,149,1937,82,829,149,2766,California
Glenn,2021-02-12,420,4015,99,1514,321,2501,0,0,356,2229,64,893,356,3122,California
Glenn,2021-02-13,34,4049,7,1521,27,2528,0,0,16,2227,18,911,16,3138,California
Glenn,2021-02-14,1,4050,0,1521,1,2529,0,0,1,2228,0,911,1,3139,California
Glenn,2021-02-15,8,4058,0,1521,8,2537,0,0,8,2236,0,911,8,3147,California
Glenn,2021-02-16,39,4097,9,1530,30,2567,0,0,21,2239,18,929,21,3168,California
Glenn,2021-02-17,379,4476,15,1545,364,2931,0,0,301,2462,78,1007,301,3469,California
Glenn,2021-02-18,134,4610,99,1644,35,2966,0,0,110,2548,24,1031,110,3579,California
Glenn,2021-02-19,304,4914,17,1661,287,3253,0,0,30,2304,274,1305,30,3609,California
Glenn,2021-02-20,8,4922,0,1661,8,3261,0,0,0,2296,8,1313,0,3609,California
Glenn,2021-02-22,33,4955,14,1675,19,3280,0,0,17,2297,16,1329,17,3626,California
Glenn,2021-02-23,40,4995,10,1685,30,3310,0,0,28,2313,12,1341,28,3654,California
Glenn,2021-02-24,222,5217,16,1701,206,3516,0,0,48,2187,174,1515,48,3702,California
Glenn,2021-02-25,260,5477,146,1847,114,3630,0,0,116,2159,144,1659,116,3818,California
Glenn,2021-02-26,305,5782,24,1871,281,3911,0,0,20,1895,284,1943,20,3838,California
Glenn,2021-02-27,15,5797,5,1876,10,3921,0,0,5,1891,9,1952,5,3843,California
Glenn,2021-02-28,6,5803,3,1879,3,3924,0,0,3,1892,2,1954,3,3846,California
Glenn,2021-03-01,28,5831,6,1885,22,3946,0,0,12,1888,16,1970,12,3858,California
Glenn,2021-03-02,35,5866,7,1892,28,3974,0,0,17,1887,18,1988,17,3875,California
Glenn,2021-03-03,190,6056,34,1926,156,4130,0,0,98,1894,91,2079,98,3973,California
Glenn,2021-03-04,520,6576,175,2101,345,4475,0,0,376,2126,144,2223,376,4349,California
Glenn,2021-03-05,353,6929,44,2145,309,4784,0,0,34,1841,319,2542,34,4383,California
Glenn,2021-03-06,26,6955,3,2148,22,4806,1,1,9,1834,17,2559,10,4393,California
Glenn,2021-03-07,5,6960,0,2148,5,4811,0,1,3,1836,1,2560,3,4396,California
Glenn,2021-03-08,20,6980,2,2150,17,4828,1,2,18,1853,2,2562,19,4415,California
Glenn,2021-03-09,74,7054,11,2161,60,4888,3,5,50,1881,24,2586,52,4467,California
Glenn,2021-03-10,171,7225,68,2229,101,4989,2,7,95,1902,76,2662,97,4564,California
Glenn,2021-03-11,583,7808,169,2398,390,5379,24,31,453,2249,130,2792,477,5041,California
Glenn,2021-03-12,415,8223,14,2412,340,5719,61,92,39,1973,376,3168,100,5141,California
Glenn,2021-03-13,11,8234,2,2414,1,5720,8,100,1,1972,10,3178,9,5150,California
Glenn,2021-03-14,3,8237,1,2415,2,5722,0,100,2,1973,1,3179,2,5152,California
Glenn,2021-03-15,75,8312,15,2430,55,5777,5,105,60,2023,15,3194,65,5217,California
Glenn,2021-03-16,104,8416,32,2462,61,5838,11,116,63,2056,41,3235,74,5291,California
Glenn,2021-03-17,412,8828,97,2559,308,6146,7,123,110,1870,302,3537,116,5407,California
Glenn,2021-03-18,518,9346,214,2773,49,6195,255,378,145,1897,373,3910,400,5807,California
Glenn,2021-03-19,91,9437,16,2789,69,6264,6,384,70,1953,20,3930,76,5883,California
Glenn,2021-03-20,120,9557,1,2790,118,6382,1,385,118,2070,2,3932,119,6002,California
Glenn,2021-03-21,6,9563,5,2795,0,6382,1,386,3,2072,2,3934,4,6006,California
Glenn,2021-03-22,116,9679,53,2848,55,6437,8,394,96,2158,18,3952,104,6110,California
Glenn,2021-03-23,168,9847,67,2915,50,6487,51,445,95,2232,72,4024,146,6256,California
Glenn,2021-03-24,204,10051,99,3014,100,6587,5,450,133,2300,70,4094,138,6394,California
Glenn,2021-03-25,455,10506,230,3244,131,6718,94,544,326,2592,128,4222,420,6814,California
Glenn,2021-03-26,225,10731,34,3278,155,6873,36,580,175,2753,50,4272,211,7025,California
Glenn,2021-03-27,152,10883,21,3299,126,6999,5,585,142,2890,10,4282,147,7172,California
Glenn,2021-03-28,15,10898,10,3309,5,7004,0,585,10,2895,5,4287,10,7182,California
Glenn,2021-03-29,58,10956,19,3328,36,7040,3,588,44,2928,14,4301,47,7229,California
Glenn,2021-03-30,73,11029,41,3369,31,7071,1,589,43,2943,29,4330,44,7273,California
Glenn,2021-03-31,125,11154,36,3405,88,7159,1,590,55,2929,70,4400,56,7329,California
Glenn,2021-04-01,641,11795,186,3591,446,7605,9,599,231,2760,409,4809,240,7569,California
Glenn,2021-04-02,156,11951,25,3616,119,7724,12,611,122,2860,34,4843,134,7703,California
Glenn,2021-04-03,90,12041,4,3620,79,7803,7,618,79,2935,11,4854,86,7789,California
Glenn,2021-04-04,8,12049,3,3623,3,7806,2,620,4,2937,4,4858,6,7795,California
Glenn,2021-04-05,62,12111,23,3646,27,7833,12,632,26,2939,36,4894,38,7833,California
Glenn,2021-04-06,137,12248,49,3695,48,7881,40,672,35,2912,102,4996,75,7908,California
Glenn,2021-04-07,152,12400,45,3740,52,7933,55,727,72,2959,80,5076,127,8035,California
Glenn,2021-04-08,489,12889,191,3931,268,8201,30,757,139,2779,349,5425,169,8204,California
Glenn,2021-04-09,44,12933,10,3941,23,8224,11,768,16,2778,28,5453,27,8231,California
Humboldt,2020-12-15,2,2,2,2,0,0,0,0,2,2,0,0,2,2,California
Humboldt,2020-12-16,15,17,15,17,0,0,0,0,15,17,0,0,15,17,California
Humboldt,2020-12-17,116,133,116,133,0,0,0,0,116,133,0,0,116,133,California
Humboldt,2020-12-18,175,308,175,308,0,0,0,0,175,308,0,0,175,308,California
Humboldt,2020-12-19,10,318,10,318,0,0,0,0,10,318,0,0,10,318,California
Humboldt,2020-12-20,28,346,28,346,0,0,0,0,28,346,0,0,28,346,California
Humboldt,2020-12-21,165,511,165,511,0,0,0,0,165,511,0,0,165,511,California
Humboldt,2020-12-22,290,801,290,801,0,0,0,0,290,801,0,0,290,801,California
Humboldt,2020-12-23,309,1110,261,1062,48,48,0,0,310,1111,0,0,310,1111,California
Humboldt,2020-12-24,25,1135,2,1064,23,71,0,0,25,1136,0,0,25,1136,California
Humboldt,2020-12-25,2,1137,2,1066,0,71,0,0,2,1138,0,0,2,1138,California
Humboldt,2020-12-26,6,1143,5,1071,1,72,0,0,6,1144,0,0,6,1144,California
Humboldt,2020-12-28,153,1296,144,1215,9,81,0,0,153,1297,0,0,153,1297,California
Humboldt,2020-12-29,165,1461,122,1337,43,124,0,0,165,1462,0,0,165,1462,California
Humboldt,2020-12-30,223,1684,124,1461,99,223,0,0,223,1685,0,0,223,1685,California
Humboldt,2020-12-31,241,1925,79,1540,162,385,0,0,241,1926,0,0,241,1926,California
Humboldt,2021-01-01,2,1927,1,1541,1,386,0,0,2,1928,0,0,2,1928,California
Humboldt,2021-01-02,39,1966,1,1542,38,424,0,0,39,1967,0,0,39,1967,California
Humboldt,2021-01-04,213,2179,140,1682,73,497,0,0,214,2181,0,0,214,2181,California
Humboldt,2021-01-05,126,2305,18,1700,108,605,0,0,125,2305,1,1,125,2306,California
Humboldt,2021-01-06,301,2606,203,1903,98,703,0,0,229,2473,61,62,229,2535,California
Humboldt,2021-01-07,419,3025,306,2209,113,816,0,0,307,2683,97,159,307,2842,California
Humboldt,2021-01-08,417,3442,279,2488,138,954,0,0,283,2836,130,289,283,3125,California
Humboldt,2021-01-09,69,3511,45,2533,24,978,0,0,66,2900,3,292,67,3192,California
Humboldt,2021-01-10,84,3595,84,2617,0,978,0,0,4,2824,80,372,4,3196,California
Humboldt,2021-01-11,288,3883,277,2894,11,989,0,0,74,2688,210,582,74,3270,California
Humboldt,2021-01-12,479,4362,316,3210,163,1152,0,0,298,2827,159,741,298,3568,California
Humboldt,2021-01-13,476,4838,273,3483,203,1355,0,0,300,2955,173,914,301,3869,California
Humboldt,2021-01-14,517,5355,161,3644,356,1711,0,0,461,3361,56,970,462,4331,California
Humboldt,2021-01-15,374,5729,40,3684,334,2045,0,0,356,3700,17,987,356,4687,California
Humboldt,2021-01-16,169,5898,6,3690,163,2208,0,0,168,3867,1,988,168,4855,California
Humboldt,2021-01-17,6,5904,4,3694,2,2210,0,0,6,3873,0,988,6,4861,California
Humboldt,2021-01-18,291,6195,256,3950,35,2245,0,0,142,3866,149,1137,142,5003,California
Humboldt,2021-01-19,616,6811,371,4321,245,2490,0,0,490,4236,120,1257,490,5493,California
Humboldt,2021-01-20,909,7720,399,4720,510,3000,0,0,762,4862,138,1395,764,6257,California
Humboldt,2021-01-21,954,8674,260,4980,694,3694,0,0,913,5734,41,1436,913,7170,California
Humboldt,2021-01-22,673,9347,374,5354,299,3993,0,0,665,6391,8,1444,665,7835,California
Humboldt,2021-01-23,796,10143,268,5622,528,4521,0,0,788,7172,8,1452,789,8624,California
Humboldt,2021-01-24,224,10367,1,5623,223,4744,0,0,224,7396,0,1452,224,8848,California
Humboldt,2021-01-25,302,10669,232,5855,70,4814,0,0,148,7390,154,1606,148,8996,California
Humboldt,2021-01-26,523,11192,141,5996,382,5196,0,0,476,7819,47,1653,476,9472,California
Humboldt,2021-01-27,1253,12445,585,6581,668,5864,0,0,1189,8951,57,1710,1189,10661,California
Humboldt,2021-01-28,1444,13889,626,7207,818,6682,0,0,1308,10128,133,1843,1310,11971,California
Humboldt,2021-01-29,1125,15014,541,7748,584,7266,0,0,709,10422,416,2259,710,12681,California
Humboldt,2021-01-30,970,15984,458,8206,512,7778,0,0,959,11371,11,2270,960,13641,California
Humboldt,2021-01-31,308,16292,307,8513,1,7779,0,0,307,11677,1,2271,307,13948,California
Humboldt,2021-02-01,329,16621,189,8702,140,7919,0,0,187,11723,141,2412,187,14135,California
Humboldt,2021-02-02,439,17060,73,8775,366,8285,0,0,337,11962,100,2512,339,14474,California
Humboldt,2021-02-03,645,17705,258,9033,387,8672,0,0,497,12311,148,2660,497,14971,California
Humboldt,2021-02-04,638,18343,261,9294,377,9049,0,0,442,12560,193,2853,442,15413,California
Humboldt,2021-02-05,807,19150,95,9389,712,9761,0,0,624,13001,183,3036,624,16037,California
Humboldt,2021-02-06,1053,20203,442,9831,611,10372,0,0,1012,13974,40,3076,1013,17050,California
Humboldt,2021-02-07,377,20580,7,9838,370,10742,0,0,373,14344,4,3080,374,17424,California
Humboldt,2021-02-08,321,20901,140,9978,181,10923,0,0,181,14386,139,3219,181,17605,California
Humboldt,2021-02-09,491,21392,217,10195,274,11197,0,0,177,14249,314,3533,177,17782,California
Humboldt,2021-02-10,561,21953,369,10564,192,11389,0,0,233,14159,323,3856,233,18015,California
Humboldt,2021-02-11,1289,23242,391,10955,898,12287,0,0,510,13893,776,4632,510,18525,California
Humboldt,2021-02-12,1141,24383,731,11686,410,12697,0,0,704,14160,437,5069,704,19229,California
Humboldt,2021-02-13,1488,25871,544,12230,944,13641,0,0,903,14480,583,5652,903,20132,California
Humboldt,2021-02-14,113,25984,5,12235,108,13749,0,0,110,14588,2,5654,110,20242,California
Humboldt,2021-02-15,291,26275,77,12312,214,13963,0,0,194,14685,97,5751,194,20436,California
Humboldt,2021-02-16,532,26807,117,12429,415,14378,0,0,250,14654,282,6033,251,20687,California
Humboldt,2021-02-17,448,27255,279,12708,169,14547,0,0,136,14478,312,6345,136,20823,California
Humboldt,2021-02-18,965,28220,595,13303,370,14917,0,0,229,13972,735,7080,229,21052,California
Humboldt,2021-02-19,476,28696,435,13738,41,14958,0,0,90,13679,383,7463,90,21142,California
Humboldt,2021-02-20,1569,30265,964,14702,605,15563,0,0,464,13043,1102,8565,466,21608,California
Humboldt,2021-02-21,477,30742,469,15171,8,15571,0,0,186,12940,290,8855,187,21795,California
Humboldt,2021-02-22,124,30866,90,15261,34,15605,0,0,26,12870,96,8951,26,21821,California
Humboldt,2021-02-23,169,31035,69,15330,100,15705,0,0,39,12781,128,9079,39,21860,California
Humboldt,2021-02-24,1143,32178,685,16015,458,16163,0,0,567,12773,575,9654,567,22427,California
Humboldt,2021-02-25,827,33005,315,16330,512,16675,0,0,226,12400,599,10253,226,22653,California
Humboldt,2021-02-26,2138,35143,106,16436,2032,18707,0,0,454,11175,1679,11932,454,23107,California
Humboldt,2021-02-27,1686,36829,1071,17507,615,19322,0,0,868,11231,816,12748,872,23979,California
Humboldt,2021-02-28,122,36951,12,17519,110,19432,0,0,116,11341,6,12754,116,24095,California
Humboldt,2021-03-01,254,37205,46,17565,208,19640,0,0,178,11443,76,12830,178,24273,California
Humboldt,2021-03-02,283,37488,49,17614,233,19873,1,1,153,11467,130,12960,154,24427,California
Humboldt,2021-03-03,1605,39093,1076,18690,529,20402,0,1,1186,12241,413,13373,1187,25614,California
Humboldt,2021-03-04,879,39972,108,18798,771,21173,0,1,264,11892,615,13988,266,25880,California
Humboldt,2021-03-05,918,40890,177,18975,730,21903,11,12,370,11729,544,14532,381,26261,California
Humboldt,2021-03-06,1676,42566,832,19807,798,22701,46,58,706,11512,969,15501,752,27013,California
Humboldt,2021-03-07,362,42928,295,20102,49,22750,18,76,156,11480,206,15707,174,27187,California
Humboldt,2021-03-08,253,43181,7,20109,169,22919,77,153,161,11626,92,15799,238,27425,California
Humboldt,2021-03-09,451,43632,200,20309,107,23026,144,297,210,11741,239,16038,354,27779,California
Humboldt,2021-03-10,681,44313,464,20773,64,23090,153,450,412,12036,268,16306,563,28342,California
Humboldt,2021-03-11,1323,45636,459,21232,763,23853,101,551,508,11830,814,17120,608,28950,California
Humboldt,2021-03-12,1717,47353,1083,22315,420,24273,214,765,1042,12421,667,17787,1258,30208,California
Humboldt,2021-03-13,1560,48913,1021,23336,488,24761,51,816,686,12290,868,18655,737,30945,California
Humboldt,2021-03-14,139,49052,18,23354,111,24872,10,826,25,12211,114,18769,35,30980,California
Humboldt,2021-03-15,265,49317,50,23404,195,25067,20,846,49,12064,216,18985,69,31049,California
Humboldt,2021-03-16,631,49948,201,23605,170,25237,260,1106,257,12207,373,19358,516,31565,California
Humboldt,2021-03-17,725,50673,396,24001,221,25458,108,1214,332,12255,392,19750,440,32005,California
Humboldt,2021-03-18,1716,52389,1163,25164,511,25969,42,1256,1035,12656,676,20426,1077,33082,California
Humboldt,2021-03-19,1071,53460,58,25222,699,26668,314,1570,439,12781,628,21054,753,33835,California
Humboldt,2021-03-20,1373,54833,752,25974,608,27276,13,1583,429,12282,942,21996,443,34278,California
Humboldt,2021-03-21,243,55076,31,26005,184,27460,28,1611,197,12461,46,22042,225,34503,California
Humboldt,2021-03-22,110,55186,16,26021,45,27505,49,1660,55,12511,54,22096,104,34607,California
Humboldt,2021-03-23,403,55589,39,26060,321,27826,43,1703,314,12781,87,22183,357,34964,California
Humboldt,2021-03-24,1381,56970,358,26418,976,28802,47,1750,1035,13522,339,22522,1080,36044,California
Humboldt,2021-03-25,1769,58739,1169,27587,537,29339,63,1813,891,13600,876,23398,954,36998,California
Humboldt,2021-03-26,2021,60760,424,28011,1541,30880,56,1869,1581,14803,434,23832,1637,38635,California
Humboldt,2021-03-27,1902,62662,1418,29429,316,31196,168,2037,1044,15160,855,24687,1212,39847,California
Humboldt,2021-03-28,261,62923,78,29507,112,31308,71,2108,83,15136,178,24865,154,40001,California
Humboldt,2021-03-29,464,63387,123,29630,246,31554,95,2203,198,15163,265,25130,292,40293,California
Humboldt,2021-03-30,930,64317,300,29930,517,32071,113,2316,561,15471,366,25496,674,40967,California
Humboldt,2021-03-31,1838,66155,509,30439,1235,33306,94,2410,1404,16538,432,25928,1499,42466,California
Humboldt,2021-04-01,2068,68223,680,31119,1300,34606,88,2498,1469,17502,593,26521,1557,44023,California
Humboldt,2021-04-02,1675,69898,1092,32211,481,35087,102,2600,596,17127,1073,27594,698,44721,California
Humboldt,2021-04-03,1639,71537,1487,33698,136,35223,16,2616,665,16844,964,28558,681,45402,California
Humboldt,2021-04-04,468,72005,359,34057,100,35323,9,2625,397,17179,71,28629,406,45808,California
Humboldt,2021-04-05,650,72655,416,34473,213,35536,21,2646,370,17290,280,28909,391,46199,California
Humboldt,2021-04-06,694,73349,256,34729,351,35887,87,2733,508,17701,183,29092,594,46793,California
Humboldt,2021-04-07,1236,74585,902,35631,229,36116,105,2838,786,18144,448,29540,891,47684,California
Humboldt,2021-04-08,1249,75834,820,36451,356,36472,73,2911,514,17998,733,30273,587,48271,California
Humboldt,2021-04-09,314,76148,46,36497,234,36706,34,2945,205,18128,108,30381,238,48509,California
Imperial,2020-12-16,1,1,1,1,0,0,0,0,1,1,0,0,1,1,California
Imperial,2020-12-17,4,5,4,5,0,0,0,0,4,5,0,0,4,5,California
Imperial,2020-12-18,11,16,11,16,0,0,0,0,11,16,0,0,11,16,California
Imperial,2020-12-20,2,18,2,18,0,0,0,0,2,18,0,0,2,18,California
Imperial,2020-12-21,186,204,186,204,0,0,0,0,186,204,0,0,186,204,California
Imperial,2020-12-22,241,445,239,443,2,2,0,0,241,445,0,0,241,445,California
Imperial,2020-12-23,211,656,210,653,1,3,0,0,210,655,0,0,210,655,California
Imperial,2020-12-24,5,661,5,658,0,3,0,0,5,660,0,0,5,660,California
Imperial,2020-12-26,1,662,0,658,1,4,0,0,1,661,0,0,1,661,California
Imperial,2020-12-27,62,724,0,658,62,66,0,0,62,723,0,0,62,723,California
Imperial,2020-12-28,214,938,114,772,100,166,0,0,214,937,0,0,214,937,California
Imperial,2020-12-29,189,1127,36,808,153,319,0,0,189,1126,0,0,189,1126,California
Imperial,2020-12-30,366,1493,50,858,316,635,0,0,366,1492,0,0,366,1492,California
Imperial,2020-12-31,197,1690,26,884,171,806,0,0,197,1689,0,0,197,1689,California
Imperial,2021-01-01,46,1736,5,889,41,847,0,0,46,1735,0,0,46,1735,California
Imperial,2021-01-02,4,1740,0,889,4,851,0,0,4,1739,0,0,4,1739,California
Imperial,2021-01-03,90,1830,0,889,90,941,0,0,90,1829,0,0,90,1829,California
Imperial,2021-01-04,85,1915,5,894,80,1021,0,0,85,1914,0,0,85,1914,California
Imperial,2021-01-05,172,2087,13,907,159,1180,0,0,172,2086,0,0,172,2086,California
Imperial,2021-01-06,190,2277,25,932,165,1345,0,0,189,2274,1,1,189,2275,California
Imperial,2021-01-07,319,2596,9,941,310,1655,0,0,316,2587,3,4,316,2591,California
Imperial,2021-01-08,190,2786,50,991,140,1795,0,0,181,2759,9,13,181,2772,California
Imperial,2021-01-09,24,2810,21,1012,3,1798,0,0,24,2783,0,13,24,2796,California
Imperial,2021-01-10,1,2811,0,1012,1,1799,0,0,1,2784,0,13,1,2797,California
Imperial,2021-01-11,402,3213,244,1256,158,1957,0,0,174,2730,228,241,174,2971,California
Imperial,2021-01-12,404,3617,301,1557,103,2060,0,0,142,2611,261,502,142,3113,California
Imperial,2021-01-13,379,3996,131,1688,248,2308,0,0,280,2792,99,601,280,3393,California
Imperial,2021-01-14,259,4255,151,1839,108,2416,0,0,253,3040,5,606,253,3646,California
Imperial,2021-01-15,239,4494,182,2021,57,2473,0,0,232,3265,7,613,232,3878,California
Imperial,2021-01-16,76,4570,72,2093,4,2477,0,0,75,3339,1,614,75,3953,California
Imperial,2021-01-17,8,4578,2,2095,6,2483,0,0,8,3347,0,614,8,3961,California
Imperial,2021-01-18,1057,5635,402,2497,655,3138,0,0,958,4207,99,713,959,4920,California
Imperial,2021-01-19,164,5799,128,2625,36,3174,0,0,117,4277,47,760,117,5037,California
Imperial,2021-01-20,290,6089,194,2819,96,3270,0,0,252,4491,38,798,252,5289,California
Imperial,2021-01-21,414,6503,183,3002,231,3501,0,0,394,4865,20,818,394,5683,California
Imperial,2021-01-22,456,6959,189,3191,267,3768,0,0,447,5303,9,827,447,6130,California
Imperial,2021-01-23,1041,8000,290,3481,751,4519,0,0,1040,6342,1,828,1040,7170,California
Imperial,2021-01-24,10,8010,3,3484,7,4526,0,0,10,6352,0,828,10,7180,California
Imperial,2021-01-25,213,8223,5,3489,208,4734,0,0,34,6208,178,1006,34,7214,California
Imperial,2021-01-26,359,8582,184,3673,175,4909,0,0,216,6281,143,1149,216,7430,California
Imperial,2021-01-27,571,9153,163,3836,408,5317,0,0,238,6186,333,1482,238,7668,California
Imperial,2021-01-28,632,9785,159,3995,473,5790,0,0,525,6604,107,1589,525,8193,California
Imperial,2021-01-29,421,10206,295,4290,126,5916,0,0,371,6925,50,1639,371,8564,California
Imperial,2021-01-30,55,10261,30,4320,25,5941,0,0,38,6946,17,1656,38,8602,California
Imperial,2021-01-31,16,10277,6,4326,10,5951,0,0,15,6960,1,1657,15,8617,California
Imperial,2021-02-01,419,10696,54,4380,365,6316,0,0,209,6960,209,1866,209,8826,California
Imperial,2021-02-02,677,11373,54,4434,623,6939,0,0,496,7275,181,2047,496,9322,California
Imperial,2021-02-03,459,11832,50,4484,409,7348,0,0,266,7349,192,2239,266,9588,California
Imperial,2021-02-04,1718,13550,1199,5683,519,7867,0,0,1405,8442,312,2551,1405,10993,California
Imperial,2021-02-05,389,13939,241,5924,148,8015,0,0,153,8361,234,2785,153,11146,California
Imperial,2021-02-06,862,14801,839,6763,23,8038,0,0,825,9150,36,2821,825,11971,California
Imperial,2021-02-07,23,14824,11,6774,12,8050,0,0,22,9171,1,2822,22,11993,California
Imperial,2021-02-08,251,15075,42,6816,209,8259,0,0,183,9286,68,2890,183,12176,California
Imperial,2021-02-09,463,15538,146,6962,317,8576,0,0,306,9435,157,3047,306,12482,California
Imperial,2021-02-10,382,15920,53,7015,329,8905,0,0,94,9242,288,3335,95,12577,California
Imperial,2021-02-11,458,16378,257,7272,201,9106,0,0,89,8962,369,3704,89,12666,California
Imperial,2021-02-12,2116,18494,1406,8678,710,9816,0,0,1764,10375,351,4055,1764,14430,California
Imperial,2021-02-13,41,18535,18,8696,23,9839,0,0,34,10403,7,4062,35,14465,California
Imperial,2021-02-14,23,18558,12,8708,11,9850,0,0,21,10422,2,4064,21,14486,California
Imperial,2021-02-15,30,18588,11,8719,19,9869,0,0,23,10438,7,4071,23,14509,California
Imperial,2021-02-16,515,19103,268,8987,247,10116,0,0,295,10513,220,4291,295,14804,California
Imperial,2021-02-17,440,19543,286,9273,154,10270,0,0,85,10243,355,4646,85,14889,California
Imperial,2021-02-18,649,20192,313,9586,336,10606,0,0,145,9885,503,5149,145,15034,California
Imperial,2021-02-19,764,20956,381,9967,383,10989,0,0,191,9504,572,5721,191,15225,California
Imperial,2021-02-20,1044,22000,196,10163,848,11837,0,0,330,9123,713,6434,332,15557,California
Imperial,2021-02-21,590,22590,556,10719,34,11871,0,0,579,9692,10,6444,579,16136,California
Imperial,2021-02-22,809,23399,569,11288,240,12111,0,0,759,10401,50,6494,759,16895,California
Imperial,2021-02-23,941,24340,378,11666,563,12674,0,0,891,11242,50,6544,891,17786,California
Imperial,2021-02-24,708,25048,293,11959,415,13089,0,0,611,11757,96,6640,611,18397,California
Imperial,2021-02-25,816,25864,340,12299,476,13565,0,0,451,11849,364,7004,456,18853,California
Imperial,2021-02-26,1764,27628,1373,13672,391,13956,0,0,1591,13269,171,7175,1591,20444,California
Imperial,2021-02-27,917,28545,869,14541,48,14004,0,0,179,12711,738,7913,180,20624,California
Imperial,2021-02-28,76,28621,66,14607,10,14014,0,0,67,12769,9,7922,67,20691,California
Imperial,2021-03-01,511,29132,313,14920,198,14212,0,0,448,13157,61,7983,449,21140,California
Imperial,2021-03-02,689,29821,264,15184,425,14637,0,0,401,13273,288,8271,404,21544,California
Imperial,2021-03-03,923,30744,47,15231,875,15512,1,1,554,13473,366,8637,566,22110,California
Imperial,2021-03-04,761,31505,93,15324,668,16180,0,1,501,13745,258,8895,530,22640,California
Imperial,2021-03-05,2573,34078,1944,17268,629,16809,0,1,1250,13677,1320,10215,1252,23892,California
Imperial,2021-03-06,688,34766,238,17506,450,17259,0,1,645,14287,40,10255,650,24542,California
Imperial,2021-03-07,75,34841,43,17549,32,17291,0,1,55,14323,20,10275,56,24598,California
Imperial,2021-03-08,414,35255,333,17882,48,17339,33,34,364,14670,50,10325,397,24995,California
Imperial,2021-03-09,686,35941,316,18198,122,17461,248,282,401,15034,285,10610,649,25644,California
Imperial,2021-03-10,678,36619,311,18509,263,17724,104,386,313,15088,364,10974,418,26062,California
Imperial,2021-03-11,1785,38404,480,18989,1112,18836,193,579,1188,15881,598,11572,1391,27453,California
Imperial,2021-03-12,3696,42100,2538,21527,974,19810,184,763,2108,16590,1584,13156,2293,29746,California
Imperial,2021-03-13,1133,43233,90,21617,819,20629,224,987,849,17384,282,13438,1076,30822,California
Imperial,2021-03-14,172,43405,32,21649,128,20757,12,999,141,17507,31,13469,154,30976,California
Imperial,2021-03-15,672,44077,216,21865,197,20954,259,1258,377,17849,294,13763,636,31612,California
Imperial,2021-03-16,1064,45141,274,22139,337,21291,453,1711,528,18295,535,14298,981,32593,California
Imperial,2021-03-17,1547,46688,664,22803,747,22038,136,1847,971,18830,573,14871,1108,33701,California
Imperial,2021-03-18,1775,48463,1174,23977,541,22579,60,1907,1246,19612,527,15398,1309,35010,California
Imperial,2021-03-19,3338,51801,2444,26421,890,23469,4,1911,1502,19290,1829,17227,1507,36517,California
Imperial,2021-03-20,860,52661,551,26972,304,23773,5,1916,417,19278,440,17667,428,36945,California
Imperial,2021-03-21,215,52876,33,27005,178,23951,4,1920,157,19384,58,17725,164,37109,California
Imperial,2021-03-22,1022,53898,316,27321,699,24650,7,1927,603,19577,418,18143,611,37720,California
Imperial,2021-03-23,1377,55275,405,27726,967,25617,5,1932,883,19975,492,18635,890,38610,California
Imperial,2021-03-24,1866,57141,540,28266,900,26517,426,2358,896,20331,969,19604,1325,39935,California
Imperial,2021-03-25,2674,59815,496,28762,870,27387,1308,3666,995,20955,1678,21282,2302,42237,California
Imperial,2021-03-26,2291,62106,767,29529,654,28041,870,4536,745,21030,1541,22823,1616,43853,California
Imperial,2021-03-27,571,62677,261,29790,259,28300,51,4587,414,21341,154,22977,465,44318,California
Imperial,2021-03-28,206,62883,50,29840,154,28454,2,4589,170,21477,36,23013,172,44490,California
Imperial,2021-03-29,1129,64012,345,30185,389,28843,395,4984,312,21370,815,23828,708,45198,California
Imperial,2021-03-30,1402,65414,678,30863,588,29431,136,5120,673,21452,729,24557,811,46009,California
Imperial,2021-03-31,1513,66927,711,31574,796,30227,6,5126,1007,21960,505,25062,1013,47022,California
Imperial,2021-04-01,1620,68547,332,31906,1047,31274,241,5367,757,22099,859,25921,998,48020,California
Imperial,2021-04-02,1217,69764,444,32350,701,31975,72,5439,707,22369,508,26429,778,48798,California
Imperial,2021-04-03,1433,71197,404,32754,1003,32978,26,5465,683,22332,746,27175,709,49507,California
Imperial,2021-04-04,82,71279,39,32793,27,33005,16,5481,24,22314,58,27233,40,49547,California
Imperial,2021-04-05,1682,72961,913,33706,715,33720,54,5535,332,21357,1343,28576,386,49933,California
Imperial,2021-04-06,1209,74170,513,34219,543,34263,153,5688,656,21618,550,29126,811,50744,California
Imperial,2021-04-07,1995,76165,538,34757,1131,35394,326,6014,1461,22876,530,29656,1788,52532,California
Imperial,2021-04-08,1924,78089,1058,35815,612,36006,254,6268,929,23068,992,30648,1184,53716,California
Imperial,2021-04-09,773,78862,124,35939,335,36341,314,6582,352,23315,419,31067,666,54382,California
Inyo,2020-12-19,85,85,85,85,0,0,0,0,85,85,0,0,85,85,California
Inyo,2020-12-20,58,143,58,143,0,0,0,0,58,143,0,0,58,143,California
Inyo,2020-12-21,88,231,85,228,3,3,0,0,88,231,0,0,88,231,California
Inyo,2020-12-22,105,336,105,333,0,3,0,0,105,336,0,0,105,336,California
Inyo,2020-12-23,70,406,67,400,3,6,0,0,70,406,0,0,70,406,California
Inyo,2020-12-24,16,422,16,416,0,6,0,0,16,422,0,0,16,422,California
Inyo,2020-12-25,1,423,0,416,1,7,0,0,1,423,0,0,1,423,California
Inyo,2020-12-26,74,497,74,490,0,7,0,0,74,497,0,0,74,497,California
Inyo,2020-12-28,48,545,36,526,12,19,0,0,48,545,0,0,48,545,California
Inyo,2020-12-29,20,565,20,546,0,19,0,0,20,565,0,0,20,565,California
Inyo,2020-12-30,56,621,54,600,2,21,0,0,56,621,0,0,56,621,California
Inyo,2020-12-31,29,650,0,600,29,50,0,0,29,650,0,0,29,650,California
Inyo,2021-01-01,1,651,0,600,1,51,0,0,1,651,0,0,1,651,California
Inyo,2021-01-03,1,652,0,600,1,52,0,0,1,652,0,0,1,652,California
Inyo,2021-01-04,1,653,1,601,0,52,0,0,1,653,0,0,1,653,California
Inyo,2021-01-05,34,687,0,601,34,86,0,0,34,687,0,0,34,687,California
Inyo,2021-01-06,68,755,0,601,68,154,0,0,68,755,0,0,68,755,California
Inyo,2021-01-07,31,786,1,602,30,184,0,0,31,786,0,0,31,786,California
Inyo,2021-01-08,9,795,8,610,1,185,0,0,4,786,5,5,5,791,California
Inyo,2021-01-09,87,882,86,696,1,186,0,0,1,701,86,91,1,792,California
Inyo,2021-01-10,52,934,52,748,0,186,0,0,0,649,52,143,0,792,California
Inyo,2021-01-11,97,1031,82,830,15,201,0,0,16,584,81,224,16,808,California
Inyo,2021-01-12,139,1170,118,948,21,222,0,0,28,501,111,335,28,836,California
Inyo,2021-01-13,86,1256,68,1016,18,240,0,0,21,458,65,400,22,858,California
Inyo,2021-01-14,59,1315,13,1029,46,286,0,0,49,497,10,410,49,907,California
Inyo,2021-01-15,162,1477,28,1057,134,420,0,0,162,659,0,410,162,1069,California
Inyo,2021-01-16,74,1551,73,1130,1,421,0,0,1,587,73,483,1,1070,California
Inyo,2021-01-18,58,1609,36,1166,22,443,0,0,19,567,39,522,19,1089,California
Inyo,2021-01-19,116,1725,73,1239,43,486,0,0,100,651,16,538,100,1189,California
Inyo,2021-01-20,144,1869,69,1308,75,561,0,0,90,687,54,592,90,1279,California
Inyo,2021-01-21,120,1989,57,1365,63,624,0,0,119,805,1,593,119,1398,California
Inyo,2021-01-22,62,2051,0,1365,62,686,0,0,61,865,1,594,61,1459,California
Inyo,2021-01-23,52,2103,52,1417,0,686,0,0,52,917,0,594,52,1511,California
Inyo,2021-01-25,49,2152,6,1423,43,729,0,0,37,942,12,606,37,1548,California
Inyo,2021-01-26,133,2285,51,1474,82,811,0,0,127,1063,6,612,127,1675,California
Inyo,2021-01-27,23,2308,2,1476,21,832,0,0,22,1084,1,613,22,1697,California
Inyo,2021-01-28,92,2400,2,1478,90,922,0,0,63,1118,29,642,63,1760,California
Inyo,2021-01-29,25,2425,3,1481,22,944,0,0,23,1139,2,644,23,1783,California
Inyo,2021-01-30,11,2436,1,1482,10,954,0,0,11,1150,0,644,11,1794,California
Inyo,2021-01-31,32,2468,4,1486,28,982,0,0,4,1126,28,672,4,1798,California
Inyo,2021-02-01,11,2479,9,1495,2,984,0,0,1,1117,10,682,1,1799,California
Inyo,2021-02-02,130,2609,15,1510,115,1099,0,0,104,1195,26,708,104,1903,California
Inyo,2021-02-03,116,2725,0,1510,116,1215,0,0,74,1227,42,750,74,1977,California
Inyo,2021-02-04,149,2874,31,1541,118,1333,0,0,90,1258,59,809,90,2067,California
Inyo,2021-02-05,118,2992,62,1603,56,1389,0,0,116,1372,2,811,116,2183,California
Inyo,2021-02-06,4,2996,2,1605,2,1391,0,0,3,1374,1,812,3,2186,California
Inyo,2021-02-07,4,3000,2,1607,2,1393,0,0,4,1378,0,812,4,2190,California
Inyo,2021-02-08,117,3117,7,1614,110,1503,0,0,97,1455,20,832,97,2287,California
Inyo,2021-02-09,193,3310,51,1665,142,1645,0,0,122,1506,71,903,122,2409,California
Inyo,2021-02-10,143,3453,17,1682,126,1771,0,0,109,1581,34,937,109,2518,California
Inyo,2021-02-11,219,3672,56,1738,163,1934,0,0,125,1612,94,1031,125,2643,California
Inyo,2021-02-12,299,3971,52,1790,247,2181,0,0,168,1649,131,1162,168,2811,California
Inyo,2021-02-13,60,4031,55,1845,5,2186,0,0,8,1605,52,1214,8,2819,California
Inyo,2021-02-14,1,4032,0,1845,1,2187,0,0,1,1606,0,1214,1,2820,California
Inyo,2021-02-15,29,4061,9,1854,20,2207,0,0,5,1587,24,1238,5,2825,California
Inyo,2021-02-16,180,4241,49,1903,131,2338,0,0,93,1593,87,1325,93,2918,California
Inyo,2021-02-17,37,4278,4,1907,33,2371,0,0,7,1570,30,1355,7,2925,California
Inyo,2021-02-18,121,4399,5,1912,116,2487,0,0,78,1605,43,1398,78,3003,California
Inyo,2021-02-19,52,4451,4,1916,48,2535,0,0,9,1571,43,1441,9,3012,California
Inyo,2021-02-20,503,4954,499,2415,4,2539,0,0,501,2070,2,1443,501,3513,California
Inyo,2021-02-21,267,5221,267,2682,0,2539,0,0,267,2337,0,1443,267,3780,California
Inyo,2021-02-22,61,5282,19,2701,42,2581,0,0,27,2330,34,1477,27,3807,California
Inyo,2021-02-23,197,5479,20,2721,177,2758,0,0,94,2322,102,1579,94,3901,California
Inyo,2021-02-24,116,5595,0,2721,116,2874,0,0,57,2320,59,1638,57,3958,California
Inyo,2021-02-25,131,5726,3,2724,128,3002,0,0,63,2315,68,1706,63,4021,California
Inyo,2021-02-26,104,5830,61,2785,43,3045,0,0,19,2249,85,1791,19,4040,California
Inyo,2021-02-27,15,5845,4,2789,11,3056,0,0,3,2240,12,1803,3,4043,California
Inyo,2021-02-28,3,5848,1,2790,2,3058,0,0,2,2241,1,1804,2,4045,California
Inyo,2021-03-01,20,5868,2,2792,18,3076,0,0,17,2255,3,1807,17,4062,California
Inyo,2021-03-02,191,6059,1,2793,190,3266,0,0,108,2280,83,1890,108,4170,California
Inyo,2021-03-03,84,6143,3,2796,81,3347,0,0,41,2278,43,1933,41,4211,California
Inyo,2021-03-04,127,6270,4,2800,123,3470,0,0,46,2243,81,2014,46,4257,California
Inyo,2021-03-05,142,6412,57,2857,85,3555,0,0,38,2177,104,2118,38,4295,California
Inyo,2021-03-06,31,6443,1,2858,30,3585,0,0,30,2206,1,2119,30,4325,California
Inyo,2021-03-07,7,6450,4,2862,3,3588,0,0,5,2209,2,2121,5,4330,California
Inyo,2021-03-08,181,6631,5,2867,176,3764,0,0,91,2210,90,2211,91,4421,California
Inyo,2021-03-09,185,6816,2,2869,183,3947,0,0,70,2165,115,2326,70,4491,California
Inyo,2021-03-10,69,6885,8,2877,60,4007,1,1,30,2157,39,2365,31,4522,California
Inyo,2021-03-11,203,7088,1,2878,197,4204,5,6,73,2106,129,2494,78,4600,California
Inyo,2021-03-12,173,7261,4,2882,164,4368,5,11,75,2088,98,2592,80,4680,California
Inyo,2021-03-13,575,7836,540,3422,25,4393,10,21,77,1678,497,3089,87,4767,California
Inyo,2021-03-14,431,8267,429,3851,2,4395,0,21,168,1584,262,3351,168,4935,California
Inyo,2021-03-15,51,8318,15,3866,34,4429,2,23,30,1595,21,3372,32,4967,California
Inyo,2021-03-16,163,8481,3,3869,154,4583,6,29,62,1563,100,3472,68,5035,California
Inyo,2021-03-17,107,8588,3,3872,97,4680,7,36,92,1647,15,3487,99,5134,California
Inyo,2021-03-18,182,8770,14,3886,161,4841,7,43,102,1676,80,3567,109,5243,California
Inyo,2021-03-19,45,8815,3,3889,38,4879,4,47,35,1705,10,3577,39,5282,California
Inyo,2021-03-20,21,8836,1,3890,11,4890,9,56,2,1697,19,3596,11,5293,California
Inyo,2021-03-22,60,8896,2,3892,53,4943,5,61,40,1722,20,3616,45,5338,California
Inyo,2021-03-23,193,9089,4,3896,185,5128,4,65,103,1739,90,3706,107,5445,California
Inyo,2021-03-24,139,9228,3,3899,132,5260,4,69,86,1776,53,3759,90,5535,California
Inyo,2021-03-25,324,9552,104,4003,216,5476,4,73,259,1974,65,3824,263,5798,California
Inyo,2021-03-26,90,9642,2,4005,84,5560,4,77,70,2028,20,3844,74,5872,California
Inyo,2021-03-27,51,9693,44,4049,4,5564,3,80,45,2070,6,3850,48,5920,California
Inyo,2021-03-28,4,9697,1,4050,2,5566,1,81,1,2069,3,3853,2,5922,California
Inyo,2021-03-29,109,9806,2,4052,102,5668,5,86,82,2130,26,3879,87,6009,California
Inyo,2021-03-30,209,10015,3,4055,201,5869,5,91,102,2130,107,3986,107,6116,California
Inyo,2021-03-31,145,10160,4,4059,136,6005,5,96,104,2198,41,4027,109,6225,California
Inyo,2021-04-01,159,10319,5,4064,153,6158,1,97,110,2260,49,4076,111,6336,California
Inyo,2021-04-02,81,10400,1,4065,78,6236,2,99,52,2285,29,4105,54,6390,California
Inyo,2021-04-03,94,10494,46,4111,34,6270,14,113,6,2218,86,4191,19,6409,California
Inyo,2021-04-04,5,10499,4,4115,0,6270,1,114,1,2216,4,4195,2,6411,California
Inyo,2021-04-05,117,10616,1,4116,112,6382,4,118,29,2161,88,4283,33,6444,California
Inyo,2021-04-06,226,10842,4,4120,158,6540,64,182,95,2189,131,4414,159,6603,California
Inyo,2021-04-07,195,11037,2,4122,68,6608,125,307,40,2199,155,4569,165,6768,California
Inyo,2021-04-08,170,11207,16,4138,140,6748,14,321,77,2197,93,4662,91,6859,California
Inyo,2021-04-09,8,11215,5,4143,3,6751,0,321,7,2203,1,4663,7,6866,California
Kern,2020-12-15,1,1,1,1,0,0,0,0,1,1,0,0,1,1,California
Kern,2020-12-16,19,20,19,20,0,0,0,0,19,20,0,0,19,20,California
Kern,2020-12-17,164,184,164,184,0,0,0,0,164,184,0,0,164,184,California
Kern,2020-12-18,319,503,319,503,0,0,0,0,319,503,0,0,319,503,California
Kern,2020-12-19,98,601,98,601,0,0,0,0,99,602,0,0,99,602,California
Kern,2020-12-20,61,662,61,662,0,0,0,0,61,663,0,0,61,663,California
Kern,2020-12-21,669,1331,669,1331,0,0,0,0,669,1332,0,0,669,1332,California
Kern,2020-12-22,530,1861,527,1858,3,3,0,0,530,1862,0,0,530,1862,California
Kern,2020-12-23,557,2418,418,2276,139,142,0,0,557,2419,0,0,557,2419,California
Kern,2020-12-24,122,2540,43,2319,79,221,0,0,122,2541,0,0,122,2541,California
Kern,2020-12-25,1,2541,1,2320,0,221,0,0,1,2542,0,0,1,2542,California
Kern,2020-12-26,33,2574,1,2321,32,253,0,0,33,2575,0,0,33,2575,California
Kern,2020-12-27,35,2609,3,2324,32,285,0,0,35,2610,0,0,35,2610,California
Kern,2020-12-28,824,3433,660,2984,164,449,0,0,824,3434,0,0,824,3434,California
Kern,2020-12-29,745,4178,452,3436,293,742,0,0,745,4179,0,0,745,4179,California
Kern,2020-12-30,1199,5377,908,4344,291,1033,0,0,1199,5378,0,0,1199,5378,California
Kern,2020-12-31,277,5654,98,4442,179,1212,0,0,277,5655,0,0,277,5655,California
Kern,2021-01-01,10,5664,6,4448,4,1216,0,0,10,5665,0,0,10,5665,California
Kern,2021-01-02,77,5741,18,4466,59,1275,0,0,77,5742,0,0,77,5742,California
Kern,2021-01-03,23,5764,4,4470,19,1294,0,0,23,5765,0,0,23,5765,California
Kern,2021-01-04,552,6316,359,4829,193,1487,0,0,552,6317,0,0,552,6317,California
Kern,2021-01-05,1128,7444,735,5564,393,1880,0,0,1116,7421,12,12,1116,7433,California
Kern,2021-01-06,1167,8611,455,6019,712,2592,0,0,1136,8526,31,43,1136,8569,California
Kern,2021-01-07,1403,10014,493,6512,910,3502,0,0,1234,9592,168,211,1234,9803,California
Kern,2021-01-08,1627,11641,766,7278,861,4363,0,0,1331,10626,298,509,1332,11135,California
Kern,2021-01-09,225,11866,76,7354,149,4512,0,0,191,10783,34,543,191,11326,California
Kern,2021-01-10,192,12058,146,7500,46,4558,0,0,151,10893,41,584,151,11477,California
Kern,2021-01-11,1550,13608,981,8481,569,5127,0,0,998,11339,552,1136,998,12475,California
Kern,2021-01-12,1870,15478,810,9291,1060,6187,0,0,1360,12189,510,1646,1360,13835,California
Kern,2021-01-13,1856,17334,867,10158,989,7176,0,0,1434,13201,422,2068,1434,15269,California
Kern,2021-01-14,2179,19513,645,10803,1534,8710,0,0,2134,15289,46,2114,2134,17403,California
Kern,2021-01-15,2702,22215,858,11661,1844,10554,0,0,2604,17799,95,2209,2605,20008,California
Kern,2021-01-16,669,22884,212,11873,457,11011,0,0,635,18400,34,2243,635,20643,California
Kern,2021-01-17,72,22956,7,11880,65,11076,0,0,70,18468,2,2245,70,20713,California
Kern,2021-01-18,1641,24597,658,12538,983,12059,0,0,1472,19771,169,2414,1472,22185,California
Kern,2021-01-19,1847,26444,1027,13565,820,12879,0,0,1380,20684,467,2881,1380,23565,California
Kern,2021-01-20,2442,28886,1509,15074,933,13812,0,0,1817,21883,620,3501,1819,25384,California
Kern,2021-01-21,2161,31047,917,15991,1244,15056,0,0,1967,23657,193,3694,1967,27351,California
Kern,2021-01-22,2709,33756,1291,17282,1418,16474,0,0,2433,25816,274,3968,2433,29784,California
Kern,2021-01-23,1246,35002,534,17816,712,17186,0,0,1200,26970,46,4014,1200,30984,California
Kern,2021-01-24,159,35161,19,17835,140,17326,0,0,154,27119,5,4019,154,31138,California
Kern,2021-01-25,2376,37537,1080,18915,1296,18622,0,0,1894,28533,481,4500,1895,33033,California
Kern,2021-01-26,2749,40286,1114,20029,1635,20257,0,0,1898,29581,850,5350,1898,34931,California
Kern,2021-01-27,3550,43836,1896,21925,1654,21911,0,0,2853,31739,695,6045,2853,37784,California
Kern,2021-01-28,2855,46691,1347,23272,1508,23419,0,0,2425,33741,426,6471,2428,40212,California
Kern,2021-01-29,3767,50458,1799,25071,1968,25387,0,0,3228,36433,536,7007,3228,43440,California
Kern,2021-01-30,1321,51779,496,25567,825,26212,0,0,1274,37662,45,7052,1274,44714,California
Kern,2021-01-31,404,52183,277,25844,127,26339,0,0,270,37798,134,7186,270,44984,California
Kern,2021-02-01,2403,54586,813,26657,1590,27929,0,0,1855,39108,546,7732,1856,46840,California
Kern,2021-02-02,2918,57504,972,27629,1946,29875,0,0,2057,40305,861,8593,2058,48898,California
Kern,2021-02-03,3653,61157,1548,29177,2105,31980,0,0,2687,42033,959,9552,2687,51585,California
Kern,2021-02-04,3795,64952,1448,30625,2347,34327,0,0,2583,43415,1201,10753,2583,54168,California
Kern,2021-02-05,4846,69798,1989,32614,2857,37184,0,0,3089,44766,1738,12491,3089,57257,California
Kern,2021-02-06,1734,71532,765,33379,969,38153,0,0,1511,46057,220,12711,1511,58768,California
Kern,2021-02-07,284,71816,151,33530,133,38286,0,0,268,46311,14,12725,268,59036,California
Kern,2021-02-08,2559,74375,788,34318,1771,40057,0,0,1257,46284,1284,14009,1257,60293,California
Kern,2021-02-09,3022,77397,982,35300,2040,42097,0,0,1465,46200,1550,15559,1466,61759,California
Kern,2021-02-10,3780,81177,1653,36953,2127,44224,0,0,1894,46225,1870,17429,1895,63654,California
Kern,2021-02-11,4251,85428,1538,38491,2713,46937,0,0,2231,46449,2007,19436,2231,65885,California
Kern,2021-02-12,4950,90378,1893,40384,3057,49994,0,0,2482,46477,2454,21890,2482,68367,California
Kern,2021-02-13,2006,92384,725,41109,1281,51275,0,0,1165,46803,839,22729,1165,69532,California
Kern,2021-02-14,350,92734,13,41122,337,51612,0,0,269,46992,80,22809,269,69801,California
Kern,2021-02-15,2731,95465,885,42007,1846,53458,0,0,1207,46684,1516,24325,1208,71009,California
Kern,2021-02-16,2946,98411,719,42726,2227,55685,0,0,1661,47071,1275,25600,1662,72671,California
Kern,2021-02-17,4056,102467,2071,44797,1985,57670,0,0,1929,46880,2121,27721,1930,74601,California
Kern,2021-02-18,3745,106212,1470,46267,2275,59945,0,0,1619,46386,2113,29834,1619,76220,California
Kern,2021-02-19,4191,110403,1916,48183,2275,62220,0,0,1737,45677,2447,32281,1738,77958,California
Kern,2021-02-20,2571,112974,969,49152,1602,63822,0,0,1339,45787,1229,33510,1339,79297,California
Kern,2021-02-21,246,113220,140,49292,106,63928,0,0,85,45714,159,33669,86,79383,California
Kern,2021-02-22,2654,115874,1147,50439,1507,65435,0,0,1429,45923,1220,34889,1429,80812,California
Kern,2021-02-23,3530,119404,1116,51555,2414,67849,0,0,1973,46341,1555,36444,1973,82785,California
Kern,2021-02-24,5153,124557,2265,53820,2888,70737,0,0,3073,47338,2076,38520,3073,85858,California
Kern,2021-02-25,5345,129902,2443,56263,2902,73639,0,0,3170,48351,2157,40677,3170,89028,California
Kern,2021-02-26,6879,136781,3517,59780,3362,77001,0,0,4356,50190,2518,43195,4357,93385,California
Kern,2021-02-27,3847,140628,1888,61668,1959,78960,0,0,2513,51377,1326,44521,2513,95898,California
Kern,2021-02-28,907,141535,498,62166,409,79369,0,0,691,51854,214,44735,691,96589,California
Kern,2021-03-01,3970,145505,1801,63967,2169,81538,0,0,2684,53257,1281,46016,2684,99273,California
Kern,2021-03-02,4351,149856,1367,65334,2983,84521,1,1,2853,54621,1489,47505,2853,102126,California
Kern,2021-03-03,5730,155586,2666,68000,3064,87585,0,1,3653,56213,2062,49567,3654,105780,California
Kern,2021-03-04,5502,161088,2119,70119,3381,90966,2,3,3514,57753,1975,51542,3515,109295,California
Kern,2021-03-05,6432,167520,2648,72767,3767,94733,17,20,4019,59384,2405,53947,4036,113331,California
Kern,2021-03-06,4634,172154,1879,74646,2660,97393,95,115,3379,61613,1246,55193,3475,116806,California
Kern,2021-03-07,2035,174189,1583,76229,407,97800,45,160,1848,63320,186,55379,1893,118699,California
Kern,2021-03-08,2790,176979,851,77080,1727,99527,212,372,1446,63635,1341,56720,1656,120355,California
Kern,2021-03-09,3516,180495,756,77836,2427,101954,333,705,2174,64803,1338,58058,2506,122861,California
Kern,2021-03-10,6010,186505,2459,80295,2481,104435,1070,1775,3495,66864,2504,60562,4565,127426,California
Kern,2021-03-11,6252,192757,2393,82688,2844,107279,1015,2790,3721,69076,2522,63084,4734,132160,California
Kern,2021-03-12,7598,200355,2894,85582,3360,110639,1344,4134,4120,71064,3468,66552,5456,137616,California
Kern,2021-03-13,4379,204734,2293,87875,1749,112388,337,4471,2977,72977,1397,67949,3310,140926,California
Kern,2021-03-14,2260,206994,1408,89283,609,112997,243,4714,1738,74438,520,68469,1981,142907,California
Kern,2021-03-15,4209,211203,1066,90349,2433,115430,710,5424,2154,75254,2046,70515,2862,145769,California
Kern,2021-03-16,4302,215505,997,91346,2776,118206,529,5953,2310,76108,1982,72497,2836,148605,California
Kern,2021-03-17,7174,222679,3781,95127,2853,121059,540,6493,4263,78010,2899,75396,4801,153406,California
Kern,2021-03-18,6917,229596,3355,98482,2987,124046,575,7068,4101,79887,2798,78194,4675,158081,California
Kern,2021-03-19,8577,238173,4650,103132,3279,127325,648,7716,4423,80815,4141,82335,5069,163150,California
Kern,2021-03-20,5849,244022,3516,106648,2159,129484,174,7890,3786,82723,2053,84388,3961,167111,California
Kern,2021-03-21,2856,246878,1738,108386,241,129725,877,8767,1686,84123,1164,85552,2564,169675,California
Kern,2021-03-22,3901,250779,1519,109905,2025,131750,357,9124,1892,84369,2003,87555,2249,171924,California
Kern,2021-03-23,4601,255380,1636,111541,2785,134535,180,9304,2442,84861,2129,89684,2621,174545,California
Kern,2021-03-24,6942,262322,3493,115034,2980,137515,469,9773,3644,85689,3284,92968,4112,178657,California
Kern,2021-03-25,6570,268892,2862,117896,3387,140902,321,10094,3287,86027,3270,96238,3608,182265,California
Kern,2021-03-26,9378,278270,4131,122027,3998,144900,1249,11343,4657,87234,4700,100938,5907,188172,California
Kern,2021-03-27,5406,283676,3716,125743,1573,146473,117,11460,3322,88597,2076,103014,3439,191611,California
Kern,2021-03-28,4199,287875,3716,129459,469,146942,14,11474,2657,89733,1535,104549,2671,194282,California
Kern,2021-03-29,4163,292038,1621,131080,2262,149204,280,11754,2604,91070,1546,106095,2883,197165,California
Kern,2021-03-30,5412,297450,1799,132879,3307,152511,306,12060,3080,92129,2325,108420,3384,200549,California
Kern,2021-03-31,7979,305429,4156,137035,3178,155689,645,12705,4215,93239,3750,112170,4860,205409,California
Kern,2021-04-01,7523,312952,3595,140630,3632,159321,296,13001,4058,94142,3448,115618,4351,209760,California
Kern,2021-04-02,8087,321039,4173,144803,3309,162630,605,13606,4080,94832,3991,119609,4681,214441,California
Kern,2021-04-03,5638,326677,3356,148159,2102,164732,180,13786,2595,94573,3033,122642,2774,217215,California
Kern,2021-04-04,1220,327897,764,148923,372,165104,84,13870,447,94332,772,123414,531,217746,California
Kern,2021-04-05,5205,333102,2164,151087,2285,167389,756,14626,2799,95489,2396,125810,3553,221299,California
Kern,2021-04-06,6366,339468,2352,153439,2885,170274,1129,15755,3470,97206,2882,128692,4599,225898,California
Kern,2021-04-07,9097,348565,5343,158782,2815,173089,939,16694,4573,98211,4507,133199,5512,231410,California
Kern,2021-04-08,8170,356735,4687,163469,2651,175740,832,17526,3815,98522,4333,137532,4644,236054,California
Kern,2021-04-09,3196,359931,1083,164552,1697,177437,416,17942,1257,98263,1932,139464,1673,237727,California
Kings,2020-12-16,1,1,1,1,0,0,0,0,1,1,0,0,1,1,California
Kings,2020-12-17,8,9,8,9,0,0,0,0,8,9,0,0,8,9,California
Kings,2020-12-18,12,21,12,21,0,0,0,0,12,21,0,0,12,21,California
Kings,2020-12-19,11,32,11,32,0,0,0,0,11,32,0,0,11,32,California
Kings,2020-12-20,13,45,13,45,0,0,0,0,13,45,0,0,13,45,California
Kings,2020-12-21,155,200,155,200,0,0,0,0,271,316,0,0,271,316,California
Kings,2020-12-22,143,343,143,343,0,0,0,0,140,456,0,0,140,456,California
Kings,2020-12-23,134,477,122,465,12,12,0,0,135,591,0,0,135,591,California
Kings,2020-12-24,11,488,9,474,2,14,0,0,11,602,0,0,11,602,California
Kings,2020-12-26,7,495,4,478,3,17,0,0,7,609,0,0,7,609,California
Kings,2020-12-27,4,499,4,482,0,17,0,0,4,613,0,0,4,613,California
Kings,2020-12-28,131,630,103,585,28,45,0,0,132,745,0,0,132,745,California
Kings,2020-12-29,78,708,51,636,27,72,0,0,79,824,0,0,79,824,California
Kings,2020-12-30,147,855,108,744,39,111,0,0,147,971,0,0,147,971,California
Kings,2020-12-31,43,898,6,750,37,148,0,0,43,1014,0,0,43,1014,California
Kings,2021-01-01,1,899,0,750,1,149,0,0,1,1015,0,0,1,1015,California
Kings,2021-01-02,10,909,9,759,1,150,0,0,10,1025,0,0,10,1025,California
Kings,2021-01-04,113,1022,42,801,71,221,0,0,113,1138,0,0,113,1138,California
Kings,2021-01-05,197,1219,39,840,158,379,0,0,197,1335,0,0,197,1335,California
Kings,2021-01-06,276,1495,177,1017,99,478,0,0,273,1605,3,3,273,1608,California
Kings,2021-01-07,178,1673,81,1098,97,575,0,0,170,1767,8,11,170,1778,California
Kings,2021-01-08,247,1920,54,1152,193,768,0,0,228,1976,19,30,228,2006,California
Kings,2021-01-09,63,1983,9,1161,54,822,0,0,55,2023,8,38,55,2061,California
Kings,2021-01-10,15,1998,3,1164,12,834,0,0,12,2032,3,41,12,2073,California
Kings,2021-01-11,518,2516,356,1520,162,996,0,0,274,2063,244,285,275,2348,California
Kings,2021-01-12,349,2865,252,1772,97,1093,0,0,215,2147,131,416,215,2563,California
Kings,2021-01-13,414,3279,267,2039,147,1240,0,0,323,2379,91,507,323,2886,California
Kings,2021-01-14,208,3487,31,2070,177,1417,0,0,198,2557,21,528,199,3085,California
Kings,2021-01-15,414,3901,28,2098,386,1803,0,0,402,2947,12,540,402,3487,California
Kings,2021-01-16,31,3932,12,2110,19,1822,0,0,30,2976,1,541,30,3517,California
Kings,2021-01-17,8,3940,5,2115,3,1825,0,0,6,2980,2,543,6,3523,California
Kings,2021-01-18,172,4112,40,2155,132,1957,0,0,146,3100,26,569,146,3669,California
Kings,2021-01-19,376,4488,158,2313,218,2175,0,0,248,3220,128,697,248,3917,California
Kings,2021-01-20,225,4713,135,2448,90,2265,0,0,120,3239,101,798,120,4037,California
Kings,2021-01-21,186,4899,32,2480,154,2419,0,0,172,3395,16,814,172,4209,California
Kings,2021-01-22,125,5024,38,2518,87,2506,0,0,125,3515,5,819,125,4334,California
Kings,2021-01-23,26,5050,14,2532,12,2518,0,0,20,3529,6,825,20,4354,California
Kings,2021-01-24,4,5054,4,2536,0,2518,0,0,2,3529,2,827,2,4356,California
Kings,2021-01-25,124,5178,26,2562,98,2616,0,0,90,3585,34,861,90,4446,California
Kings,2021-01-26,153,5331,34,2596,119,2735,0,0,114,3660,39,900,114,4560,California
Kings,2021-01-27,318,5649,34,2630,284,3019,0,0,248,3839,69,969,248,4808,California
Kings,2021-01-28,324,5973,46,2676,278,3297,0,0,271,4057,53,1022,271,5079,California
Kings,2021-01-29,86,6059,26,2702,60,3357,0,0,69,4109,17,1039,69,5148,California
Kings,2021-01-30,1556,7615,31,2733,1525,4882,0,0,1553,5661,3,1042,1555,6703,California
Kings,2021-02-01,199,7814,64,2797,135,5017,0,0,71,5606,126,1168,71,6774,California
Kings,2021-02-02,226,8040,14,2811,212,5229,0,0,81,5543,144,1312,81,6855,California
Kings,2021-02-03,356,8396,192,3003,164,5393,0,0,202,5592,153,1465,202,7057,California
Kings,2021-02-04,392,8788,97,3100,295,5688,0,0,197,5595,194,1659,197,7254,California
Kings,2021-02-05,254,9042,12,3112,242,5930,0,0,100,5543,152,1811,100,7354,California
Kings,2021-02-06,60,9102,10,3122,50,5980,0,0,27,5537,33,1844,27,7381,California
Kings,2021-02-07,5,9107,3,3125,2,5982,0,0,3,5538,2,1846,3,7384,California
Kings,2021-02-08,169,9276,29,3154,140,6122,0,0,68,5505,101,1947,68,7452,California
Kings,2021-02-09,252,9528,57,3211,195,6317,0,0,109,5473,141,2088,109,7561,California
Kings,2021-02-10,286,9814,112,3323,174,6491,0,0,173,5533,113,2201,173,7734,California
Kings,2021-02-11,429,10243,65,3388,364,6855,0,0,318,5741,110,2311,318,8052,California
Kings,2021-02-12,610,10853,36,3424,574,7429,0,0,341,5813,269,2580,341,8393,California
Kings,2021-02-13,102,10955,6,3430,96,7525,0,0,77,5865,25,2605,77,8470,California
Kings,2021-02-14,103,11058,5,3435,98,7623,0,0,95,5952,8,2613,95,8565,California
Kings,2021-02-15,246,11304,5,3440,241,7864,0,0,137,5981,108,2721,137,8702,California
Kings,2021-02-16,483,11787,32,3472,451,8315,0,0,250,5999,232,2953,250,8952,California
Kings,2021-02-17,378,12165,22,3494,356,8671,0,0,241,6104,137,3090,242,9194,California
Kings,2021-02-18,153,12318,23,3517,130,8801,0,0,99,6149,54,3144,99,9293,California
Kings,2021-02-19,157,12475,22,3539,135,8936,0,0,101,6197,53,3197,101,9394,California
Kings,2021-02-20,171,12646,40,3579,131,9067,0,0,134,6294,37,3234,134,9528,California
Kings,2021-02-21,2,12648,1,3580,1,9068,0,0,2,6296,0,3234,2,9530,California
Kings,2021-02-22,110,12758,19,3599,91,9159,0,0,51,6288,59,3293,51,9581,California
Kings,2021-02-23,290,13048,69,3668,221,9380,0,0,173,6344,117,3410,173,9754,California
Kings,2021-02-24,590,13638,152,3820,438,9818,0,0,378,6510,212,3622,378,10132,California
Kings,2021-02-25,662,14300,113,3933,549,10367,0,0,443,6736,217,3839,443,10575,California
Kings,2021-02-26,655,14955,130,4063,525,10892,0,0,592,7266,62,3901,592,11167,California
Kings,2021-02-27,1498,16453,62,4125,1436,12328,0,0,565,6899,932,4833,565,11732,California
Kings,2021-02-28,1169,17622,594,4719,575,12903,0,0,671,7075,495,5328,671,12403,California
Kings,2021-03-01,256,17878,77,4796,179,13082,0,0,212,7243,44,5372,212,12615,California
Kings,2021-03-02,466,18344,204,5000,262,13344,0,0,417,7612,49,5421,418,13033,California
Kings,2021-03-03,607,18951,293,5293,314,13658,0,0,422,7850,184,5605,422,13455,California
Kings,2021-03-04,709,19660,341,5634,368,14026,0,0,615,8372,94,5699,616,14071,California
Kings,2021-03-05,999,20659,348,5982,642,14668,9,9,883,9149,116,5815,893,14964,California
Kings,2021-03-06,508,21167,183,6165,312,14980,13,22,479,9612,29,5844,492,15456,California
Kings,2021-03-07,359,21526,218,6383,137,15117,4,26,351,9959,8,5852,355,15811,California
Kings,2021-03-08,348,21874,95,6478,200,15317,53,79,239,10141,109,5961,291,16102,California
Kings,2021-03-09,454,22328,179,6657,220,15537,55,134,349,10441,105,6066,405,16507,California
Kings,2021-03-10,494,22822,120,6777,283,15820,91,225,313,10664,180,6246,403,16910,California
Kings,2021-03-11,1007,23829,307,7084,590,16410,110,335,603,10975,402,6648,713,17623,California
Kings,2021-03-12,1256,25085,383,7467,780,17190,93,428,873,11561,382,7030,968,18591,California
Kings,2021-03-13,659,25744,331,7798,284,17474,44,472,540,12027,119,7149,585,19176,California
Kings,2021-03-14,667,26411,102,7900,183,17657,382,854,200,12142,467,7616,582,19758,California
Kings,2021-03-15,601,27012,174,8074,312,17969,115,969,365,12389,235,7851,482,20240,California
Kings,2021-03-16,1040,28052,438,8512,541,18510,61,1030,706,12822,334,8185,767,21007,California
Kings,2021-03-17,1083,29135,417,8929,605,19115,61,1091,769,13345,314,8499,837,21844,California
Kings,2021-03-18,1085,30220,465,9394,400,19515,220,1311,756,13996,328,8827,979,22823,California
Kings,2021-03-19,926,31146,467,9861,374,19889,85,1396,709,14586,217,9044,807,23630,California
Kings,2021-03-20,622,31768,253,10114,339,20228,30,1426,450,14903,170,9214,487,24117,California
Kings,2021-03-21,1389,33157,1088,11202,290,20518,11,1437,836,15197,553,9767,847,24964,California
Kings,2021-03-22,446,33603,201,11403,162,20680,83,1520,275,15388,171,9938,362,25326,California
Kings,2021-03-23,881,34484,488,11891,334,21014,59,1579,569,15709,310,10248,631,25957,California
Kings,2021-03-24,904,35388,466,12357,415,21429,23,1602,501,15834,401,10649,526,26483,California
Kings,2021-03-25,875,36263,442,12799,408,21837,25,1627,439,15864,434,11083,464,26947,California
Kings,2021-03-26,1280,37543,375,13174,820,22657,85,1712,529,15732,746,11829,614,27561,California
Kings,2021-03-27,616,38159,246,13420,358,23015,12,1724,172,15474,442,12271,184,27745,California
Kings,2021-03-28,539,38698,468,13888,64,23079,7,1731,340,15630,199,12470,355,28100,California
Kings,2021-03-29,451,39149,196,14084,195,23274,60,1791,246,15732,203,12673,305,28405,California
Kings,2021-03-30,816,39965,445,14529,333,23607,38,1829,467,15889,348,13021,505,28910,California
Kings,2021-03-31,706,40671,366,14895,275,23882,65,1894,413,16078,289,13310,478,29388,California
Kings,2021-04-01,743,41414,371,15266,292,24174,80,1974,338,16097,399,13709,418,29806,California
Kings,2021-04-02,925,42339,407,15673,397,24571,121,2095,422,16140,499,14208,542,30348,California
Kings,2021-04-03,451,42790,309,15982,136,24707,6,2101,157,16017,288,14496,165,30513,California
Kings,2021-04-04,156,42946,82,16064,68,24775,6,2107,44,15956,111,14607,50,30563,California
Kings,2021-04-05,1033,43979,317,16381,466,25241,250,2357,254,15682,778,15385,504,31067,California
Kings,2021-04-06,1146,45125,424,16805,418,25659,304,2661,278,15398,865,16250,581,31648,California
Kings,2021-04-07,1332,46457,639,17444,510,26169,183,2844,413,15077,917,17167,596,32244,California
Kings,2021-04-08,1547,48004,603,18047,703,26872,241,3085,363,14505,1176,18343,604,32848,California
Kings,2021-04-09,251,48255,53,18100,137,27009,61,3146,60,14435,190,18533,120,32968,California
Lake,2020-12-17,4,4,4,4,0,0,0,0,4,4,0,0,4,4,California
Lake,2020-12-18,51,55,51,55,0,0,0,0,51,55,0,0,51,55,California
Lake,2020-12-19,3,58,3,58,0,0,0,0,3,58,0,0,3,58,California
Lake,2020-12-20,6,64,6,64,0,0,0,0,6,64,0,0,6,64,California
Lake,2020-12-21,86,150,86,150,0,0,0,0,86,150,0,0,86,150,California
Lake,2020-12-22,63,213,60,210,3,3,0,0,63,213,0,0,63,213,California
Lake,2020-12-23,123,336,114,324,9,12,0,0,123,336,0,0,123,336,California
Lake,2020-12-24,2,338,0,324,2,14,0,0,2,338,0,0,2,338,California
Lake,2020-12-26,2,340,2,326,0,14,0,0,2,340,0,0,2,340,California
Lake,2020-12-27,2,342,2,328,0,14,0,0,2,342,0,0,2,342,California
Lake,2020-12-28,52,394,43,371,9,23,0,0,52,394,0,0,52,394,California
Lake,2020-12-29,49,443,44,415,5,28,0,0,49,443,0,0,49,443,California
Lake,2020-12-30,123,566,116,531,7,35,0,0,123,566,0,0,123,566,California
Lake,2020-12-31,67,633,64,595,3,38,0,0,67,633,0,0,67,633,California
Lake,2021-01-01,1,634,0,595,1,39,0,0,1,634,0,0,1,634,California
Lake,2021-01-02,2,636,1,596,1,40,0,0,2,636,0,0,2,636,California
Lake,2021-01-04,86,722,21,617,65,105,0,0,86,722,0,0,86,722,California
Lake,2021-01-05,119,841,59,676,60,165,0,0,117,837,2,2,117,839,California
Lake,2021-01-06,105,946,65,741,40,205,0,0,103,938,2,4,103,942,California
Lake,2021-01-07,103,1049,82,823,21,226,0,0,94,1023,9,13,94,1036,California
Lake,2021-01-08,152,1201,124,947,28,254,0,0,100,1071,52,65,100,1136,California
Lake,2021-01-09,62,1263,60,1007,2,256,0,0,58,1125,4,69,58,1194,California
Lake,2021-01-10,3,1266,3,1010,0,256,0,0,0,1122,3,72,0,1194,California
Lake,2021-01-11,193,1459,152,1162,41,297,0,0,113,1155,80,152,113,1307,California
Lake,2021-01-12,80,1539,48,1210,32,329,0,0,56,1187,24,176,56,1363,California
Lake,2021-01-13,164,1703,112,1322,52,381,0,0,107,1237,57,233,107,1470,California
Lake,2021-01-14,146,1849,46,1368,100,481,0,0,124,1339,22,255,124,1594,California
Lake,2021-01-15,216,2065,92,1460,124,605,0,0,189,1501,27,282,189,1783,California
Lake,2021-01-16,137,2202,83,1543,54,659,0,0,135,1634,2,284,135,1918,California
Lake,2021-01-17,18,2220,6,1549,12,671,0,0,12,1640,6,290,12,1930,California
Lake,2021-01-18,245,2465,224,1773,21,692,0,0,127,1649,118,408,127,2057,California
Lake,2021-01-19,311,2776,117,1890,194,886,0,0,266,1871,45,453,267,2324,California
Lake,2021-01-20,419,3195,79,1969,340,1226,0,0,356,2165,62,515,356,2680,California
Lake,2021-01-21,432,3627,49,2018,383,1609,0,0,397,2527,35,550,397,3077,California
Lake,2021-01-22,315,3942,45,2063,270,1879,0,0,279,2770,36,586,279,3356,California
Lake,2021-01-23,122,4064,5,2068,117,1996,0,0,121,2890,1,587,121,3477,California
Lake,2021-01-24,4,4068,1,2069,3,1999,0,0,4,2894,0,587,4,3481,California
Lake,2021-01-25,256,4324,95,2164,161,2160,0,0,175,2988,81,668,175,3656,California
Lake,2021-01-26,427,4751,35,2199,392,2552,0,0,404,3369,23,691,404,4060,California
Lake,2021-01-27,355,5106,39,2238,316,2868,0,0,328,3671,27,718,329,4389,California
Lake,2021-01-28,499,5605,160,2398,339,3207,0,0,371,3914,128,846,371,4760,California
Lake,2021-01-29,636,6241,83,2481,553,3760,0,0,576,4430,60,906,576,5336,California
Lake,2021-01-30,557,6798,45,2526,512,4272,0,0,550,4974,6,912,550,5886,California
Lake,2021-01-31,13,6811,8,2534,5,4277,0,0,12,4985,1,913,12,5898,California
Lake,2021-02-01,179,6990,18,2552,161,4438,0,0,166,5138,13,926,166,6064,California
Lake,2021-02-02,564,7554,154,2706,410,4848,0,0,398,5370,166,1092,398,6462,California
Lake,2021-02-03,443,7997,33,2739,410,5258,0,0,339,5605,104,1196,339,6801,California
Lake,2021-02-04,118,8115,68,2807,50,5308,0,0,72,5631,46,1242,72,6873,California
Lake,2021-02-05,377,8492,68,2875,309,5617,0,0,288,5832,87,1329,288,7161,California
Lake,2021-02-06,279,8771,42,2917,237,5854,0,0,267,6087,12,1341,267,7428,California
Lake,2021-02-07,2,8773,1,2918,1,5855,0,0,2,6089,0,1341,2,7430,California
Lake,2021-02-08,279,9052,206,3124,73,5928,0,0,160,6130,119,1460,160,7590,California
Lake,2021-02-09,346,9398,25,3149,321,6249,0,0,302,6389,43,1503,302,7892,California
Lake,2021-02-10,352,9750,54,3203,298,6547,0,0,276,6589,76,1579,276,8168,California
Lake,2021-02-11,166,9916,17,3220,149,6696,0,0,55,6533,111,1690,55,8223,California
Lake,2021-02-12,373,10289,28,3248,345,7041,0,0,287,6734,86,1776,287,8510,California
Lake,2021-02-13,248,10537,9,3257,239,7280,0,0,237,6960,11,1787,237,8747,California
Lake,2021-02-14,19,10556,4,3261,15,7295,0,0,6,6953,13,1800,6,8753,California
Lake,2021-02-15,171,10727,13,3274,158,7453,0,0,8,6799,162,1962,8,8761,California
Lake,2021-02-16,418,11145,20,3294,398,7851,0,0,173,6727,245,2207,173,8934,California
Lake,2021-02-17,349,11494,51,3345,298,8149,0,0,69,6517,279,2486,69,9003,California
Lake,2021-02-18,456,11950,69,3414,387,8536,0,0,114,6290,342,2828,115,9118,California
Lake,2021-02-19,413,12363,25,3439,388,8924,0,0,89,6055,324,3152,89,9207,California
Lake,2021-02-20,295,12658,60,3499,235,9159,0,0,252,6265,42,3194,252,9459,California
Lake,2021-02-21,6,12664,6,3505,0,9159,0,0,0,6259,6,3200,0,9459,California
Lake,2021-02-22,138,12802,23,3528,115,9274,0,0,43,6207,95,3295,43,9502,California
Lake,2021-02-23,212,13014,15,3543,197,9471,0,0,26,6047,186,3481,26,9528,California
Lake,2021-02-24,955,13969,378,3921,577,10048,0,0,418,5929,536,4017,418,9946,California
Lake,2021-02-25,731,14700,462,4383,269,10317,0,0,472,6144,257,4274,472,10418,California
Lake,2021-02-26,990,15690,302,4685,688,11005,0,0,345,5847,642,4916,345,10763,California
Lake,2021-02-27,409,16099,97,4782,312,11317,0,0,326,6090,83,4999,326,11089,California
Lake,2021-02-28,19,16118,13,4795,6,11323,0,0,10,6091,9,5008,10,11099,California
Lake,2021-03-01,594,16712,52,4847,542,11865,0,0,442,6381,152,5160,442,11541,California
Lake,2021-03-02,744,17456,18,4865,726,12591,0,0,290,6217,454,5614,290,11831,California
Lake,2021-03-03,357,17813,196,5061,161,12752,0,0,133,6126,224,5838,133,11964,California
Lake,2021-03-04,576,18389,508,5569,68,12820,0,0,562,6674,14,5852,562,12526,California
Lake,2021-03-05,1037,19426,38,5607,999,13819,0,0,174,5989,859,6711,174,12700,California
Lake,2021-03-06,36,19462,11,5618,24,13843,1,1,21,5996,15,6726,22,12722,California
Lake,2021-03-07,7,19469,5,5623,2,13845,0,1,4,5997,3,6729,4,12726,California
Lake,2021-03-08,339,19808,268,5891,62,13907,9,10,299,6265,40,6769,308,13034,California
Lake,2021-03-09,917,20725,27,5918,873,14780,17,27,394,6154,522,7291,411,13445,California
Lake,2021-03-10,202,20927,58,5976,131,14911,13,40,135,6235,67,7358,148,13593,California
Lake,2021-03-11,588,21515,47,6023,65,14976,476,516,52,6227,536,7894,528,14121,California
Lake,2021-03-12,856,22371,205,6228,627,15603,24,540,366,6128,489,8383,390,14511,California
Lake,2021-03-13,276,22647,22,6250,17,15620,237,777,16,6121,259,8642,252,14763,California
Lake,2021-03-14,12,22659,2,6252,10,15630,0,777,7,6123,5,8647,7,14770,California
Lake,2021-03-15,641,23300,14,6266,610,16240,17,794,483,6465,158,8805,500,15270,California
Lake,2021-03-16,1105,24405,829,7095,259,16499,17,811,448,6276,653,9458,464,15734,California
Lake,2021-03-17,245,24650,119,7214,104,16603,22,833,88,6229,157,9615,110,15844,California
Lake,2021-03-18,748,25398,368,7582,343,16946,37,870,374,6266,373,9988,410,16254,California
Lake,2021-03-19,587,25985,321,7903,246,17192,20,890,486,6672,100,10088,506,16760,California
Lake,2021-03-20,249,26234,8,7911,238,17430,3,893,30,6488,217,10305,33,16793,California
Lake,2021-03-21,17,26251,11,7922,5,17435,1,894,12,6496,5,10310,13,16806,California
Lake,2021-03-22,318,26569,239,8161,65,17500,14,908,233,6658,85,10395,247,17053,California
Lake,2021-03-23,412,26981,18,8179,381,17881,13,921,351,6962,60,10455,364,17417,California
Lake,2021-03-24,412,27393,60,8239,344,18225,8,929,316,7192,95,10550,325,17742,California
Lake,2021-03-25,657,28050,469,8708,182,18407,6,935,174,6889,483,11033,180,17922,California
Lake,2021-03-26,70,28120,33,8741,36,18443,1,936,48,6916,22,11055,49,17971,California
Lake,2021-03-27,309,28429,7,8748,299,18742,3,939,18,6648,289,11344,21,17992,California
Lake,2021-03-28,14,28443,5,8753,9,18751,0,939,8,6650,6,11350,8,18000,California
Lake,2021-03-29,899,29342,269,9022,628,19379,2,941,193,6141,704,12054,195,18195,California
Lake,2021-03-30,449,29791,303,9325,144,19523,2,943,364,6422,85,12139,366,18561,California
Lake,2021-03-31,569,30360,61,9386,508,20031,0,943,408,6677,153,12292,408,18969,California
Lake,2021-04-01,425,30785,224,9610,190,20221,11,954,178,6622,244,12536,189,19158,California
Lake,2021-04-02,224,31009,42,9652,154,20375,28,982,102,6630,122,12658,130,19288,California
Lake,2021-04-03,31,31040,8,9660,20,20395,3,985,11,6624,20,12678,14,19302,California
Lake,2021-04-04,19,31059,10,9670,7,20402,2,987,14,6635,5,12683,16,19318,California
Lake,2021-04-05,635,31694,68,9738,546,20948,21,1008,395,6813,237,12920,415,19733,California
Lake,2021-04-06,472,32166,21,9759,424,21372,27,1035,302,6974,168,13088,329,20062,California
Lake,2021-04-07,495,32661,54,9813,403,21775,38,1073,341,7200,153,13241,379,20441,California
Lake,2021-04-08,561,33222,464,10277,45,21820,52,1125,86,6865,473,13714,138,20579,California
Lake,2021-04-09,210,33432,15,10292,156,21976,39,1164,18,6732,190,13904,57,20636,California
Lassen,2020-12-16,8,8,8,8,0,0,0,0,8,8,0,0,8,8,California
Lassen,2020-12-17,6,14,6,14,0,0,0,0,6,14,0,0,6,14,California
Lassen,2020-12-18,1,15,1,15,0,0,0,0,1,15,0,0,1,15,California
Lassen,2020-12-19,5,20,5,20,0,0,0,0,5,20,0,0,5,20,California
Lassen,2020-12-20,2,22,2,22,0,0,0,0,2,22,0,0,2,22,California
Lassen,2020-12-21,11,33,11,33,0,0,0,0,11,33,0,0,11,33,California
Lassen,2020-12-22,23,56,23,56,0,0,0,0,23,56,0,0,23,56,California
Lassen,2020-12-23,6,62,6,62,0,0,0,0,6,62,0,0,6,62,California
Lassen,2020-12-24,11,73,11,73,0,0,0,0,11,73,0,0,11,73,California
Lassen,2020-12-28,3,76,2,75,1,1,0,0,3,76,0,0,3,76,California
Lassen,2020-12-29,35,111,35,110,0,1,0,0,35,111,0,0,35,111,California
Lassen,2020-12-30,37,148,36,146,1,2,0,0,37,148,0,0,37,148,California
Lassen,2020-12-31,49,197,42,188,7,9,0,0,49,197,0,0,49,197,California
Lassen,2021-01-02,1,198,0,188,1,10,0,0,1,198,0,0,1,198,California
Lassen,2021-01-04,15,213,1,189,14,24,0,0,15,213,0,0,15,213,California
Lassen,2021-01-05,194,407,53,242,141,165,0,0,194,407,0,0,194,407,California
Lassen,2021-01-06,95,502,43,285,52,217,0,0,87,487,8,8,88,495,California
Lassen,2021-01-07,43,545,7,292,36,253,0,0,37,518,6,14,37,532,California
Lassen,2021-01-08,50,595,2,294,48,301,0,0,50,568,0,14,50,582,California
Lassen,2021-01-09,12,607,6,300,6,307,0,0,12,580,0,14,12,594,California
Lassen,2021-01-11,27,634,5,305,22,329,0,0,27,607,0,14,27,621,California
Lassen,2021-01-12,49,683,29,334,20,349,0,0,30,618,19,33,30,651,California
Lassen,2021-01-13,161,844,18,352,143,492,0,0,146,749,15,48,146,797,California
Lassen,2021-01-14,163,1007,18,370,145,637,0,0,151,888,12,60,151,948,California
Lassen,2021-01-15,33,1040,6,376,27,664,0,0,33,921,0,60,33,981,California
Lassen,2021-01-16,34,1074,33,409,1,665,0,0,34,955,0,60,34,1015,California
Lassen,2021-01-17,1,1075,0,409,1,666,0,0,1,956,0,60,1,1016,California
Lassen,2021-01-18,5,1080,2,411,3,669,0,0,4,959,1,61,4,1020,California
Lassen,2021-01-19,185,1265,36,447,149,818,0,0,157,1088,28,89,157,1177,California
Lassen,2021-01-20,188,1453,100,547,88,906,0,0,104,1123,69,158,104,1281,California
Lassen,2021-01-21,145,1598,94,641,51,957,0,0,120,1224,19,177,120,1401,California
Lassen,2021-01-22,31,1629,18,659,13,970,0,0,21,1235,10,187,21,1422,California
Lassen,2021-01-23,1,1630,0,659,1,971,0,0,1,1236,0,187,1,1423,California
Lassen,2021-01-24,1,1631,0,659,1,972,0,0,1,1237,0,187,1,1424,California
Lassen,2021-01-25,11,1642,0,659,11,983,0,0,11,1248,0,187,11,1435,California
Lassen,2021-01-26,126,1768,12,671,114,1097,0,0,122,1366,4,191,122,1557,California
Lassen,2021-01-27,82,1850,30,701,52,1149,0,0,67,1418,15,206,67,1624,California
Lassen,2021-01-28,85,1935,14,715,71,1220,0,0,84,1501,1,207,84,1708,California
Lassen,2021-01-29,23,1958,7,722,16,1236,0,0,22,1522,1,208,22,1730,California
Lassen,2021-02-01,62,2020,4,726,58,1294,0,0,36,1532,26,234,36,1766,California
Lassen,2021-02-02,177,2197,11,737,166,1460,0,0,43,1441,134,368,43,1809,California
Lassen,2021-02-03,96,2293,21,758,75,1535,0,0,51,1447,45,413,51,1860,California
Lassen,2021-02-04,112,2405,15,773,97,1632,0,0,63,1461,49,462,63,1923,California
Lassen,2021-02-05,65,2470,12,785,53,1685,0,0,23,1442,42,504,23,1946,California
Lassen,2021-02-06,69,2539,34,819,35,1720,0,0,36,1446,32,536,36,1982,California
Lassen,2021-02-07,1,2540,1,820,0,1720,0,0,1,1447,0,536,1,1983,California
Lassen,2021-02-08,43,2583,4,824,39,1759,0,0,18,1440,25,561,18,2001,California
Lassen,2021-02-09,128,2711,8,832,120,1879,0,0,49,1410,79,640,49,2050,California
Lassen,2021-02-10,182,2893,20,852,162,2041,0,0,75,1378,107,747,75,2125,California
Lassen,2021-02-11,183,3076,16,868,167,2208,0,0,79,1354,103,850,79,2204,California
Lassen,2021-02-12,43,3119,12,880,31,2239,0,0,15,1341,28,878,15,2219,California
Lassen,2021-02-13,11,3130,3,883,8,2247,0,0,9,1348,2,880,9,2228,California
Lassen,2021-02-14,13,3143,0,883,13,2260,0,0,12,1359,1,881,12,2240,California
Lassen,2021-02-15,20,3163,1,884,19,2279,0,0,16,1371,4,885,16,2256,California
Lassen,2021-02-16,193,3356,4,888,189,2468,0,0,32,1244,159,1044,32,2288,California
Lassen,2021-02-17,184,3540,94,982,90,2558,0,0,11,1082,173,1217,11,2299,California
Lassen,2021-02-18,79,3619,22,1004,57,2615,0,0,20,1043,59,1276,20,2319,California
Lassen,2021-02-19,82,3701,62,1066,20,2635,0,0,18,997,64,1340,18,2337,California
Lassen,2021-02-20,7,3708,0,1066,7,2642,0,0,5,1000,2,1342,5,2342,California
Lassen,2021-02-21,22,3730,2,1068,20,2662,0,0,18,1014,4,1346,18,2360,California
Lassen,2021-02-22,23,3753,8,1076,15,2677,0,0,5,1001,18,1364,5,2365,California
Lassen,2021-02-23,151,3904,8,1084,143,2820,0,0,40,930,111,1475,40,2405,California
Lassen,2021-02-24,165,4069,16,1100,149,2969,0,0,107,980,57,1532,107,2512,California
Lassen,2021-02-25,156,4225,19,1119,137,3106,0,0,100,1024,56,1588,100,2612,California
Lassen,2021-02-26,73,4298,16,1135,57,3163,0,0,36,1023,37,1625,36,2648,California
Lassen,2021-02-27,7,4305,7,1142,0,3163,0,0,3,1022,4,1629,3,2651,California
Lassen,2021-02-28,6,4311,1,1143,5,3168,0,0,3,1022,3,1632,3,2654,California
Lassen,2021-03-01,40,4351,4,1147,36,3204,0,0,7,996,33,1665,7,2661,California
Lassen,2021-03-02,103,4454,6,1153,97,3301,0,0,78,1049,25,1690,78,2739,California
Lassen,2021-03-03,168,4622,12,1165,156,3457,0,0,111,1103,57,1747,111,2850,California
Lassen,2021-03-04,147,4769,14,1179,133,3590,0,0,98,1153,48,1795,98,2948,California
Lassen,2021-03-05,47,4816,7,1186,17,3607,23,23,11,1151,36,1831,34,2982,California
Lassen,2021-03-06,51,4867,4,1190,28,3635,19,42,4,1127,47,1878,23,3005,California
Lassen,2021-03-07,56,4923,1,1191,0,3635,55,97,1,1128,55,1933,56,3061,California
Lassen,2021-03-08,89,5012,1,1192,8,3643,80,177,3,1126,85,2018,83,3144,California
Lassen,2021-03-09,136,5148,11,1203,108,3751,17,194,89,1185,47,2065,106,3250,California
Lassen,2021-03-10,172,5320,10,1213,161,3912,1,195,79,1172,93,2158,80,3330,California
Lassen,2021-03-11,185,5505,16,1229,162,4074,7,202,113,1223,69,2227,120,3450,California
Lassen,2021-03-12,34,5539,18,1247,12,4086,4,206,12,1217,22,2249,16,3466,California
Lassen,2021-03-13,49,5588,0,1247,3,4089,46,252,1,1215,48,2297,46,3512,California
Lassen,2021-03-14,14,5602,2,1249,11,4100,1,253,2,1206,12,2309,3,3515,California
Lassen,2021-03-15,31,5633,0,1249,31,4131,0,253,15,1205,16,2325,15,3530,California
Lassen,2021-03-16,91,5724,2,1251,83,4214,6,259,73,1266,18,2343,79,3609,California
Lassen,2021-03-17,1080,6804,8,1259,1067,5281,5,264,1061,2314,18,2361,1066,4675,California
Lassen,2021-03-18,96,6900,10,1269,85,5366,1,265,82,2383,14,2375,83,4758,California
Lassen,2021-03-19,17,6917,11,1280,2,5368,4,269,7,2384,10,2385,11,4769,California
Lassen,2021-03-20,29,6946,3,1283,23,5391,3,272,23,2404,6,2391,26,4795,California
Lassen,2021-03-21,34,6980,0,1283,34,5425,0,272,14,2399,19,2410,14,4809,California
Lassen,2021-03-22,55,7035,0,1283,55,5480,0,272,52,2448,3,2413,52,4861,California
Lassen,2021-03-23,118,7153,8,1291,109,5589,1,273,69,2469,49,2462,70,4931,California
Lassen,2021-03-24,210,7363,12,1303,198,5787,0,273,106,2472,103,2565,106,5037,California
Lassen,2021-03-25,150,7513,21,1324,129,5916,0,273,68,2458,82,2647,68,5105,California
Lassen,2021-03-26,74,7587,12,1336,23,5939,39,312,15,2453,59,2706,54,5159,California
Lassen,2021-03-27,19,7606,3,1339,1,5940,15,327,3,2455,16,2722,18,5177,California
Lassen,2021-03-28,18,7624,3,1342,5,5945,10,337,4,2455,14,2736,14,5191,California
Lassen,2021-03-29,52,7676,1,1343,26,5971,25,362,21,2470,31,2767,46,5237,California
Lassen,2021-03-30,197,7873,9,1352,163,6134,25,387,50,2398,147,2914,75,5312,California
Lassen,2021-03-31,146,8019,12,1364,112,6246,22,409,62,2398,84,2998,84,5396,California
Lassen,2021-04-01,156,8175,16,1380,121,6367,19,428,49,2360,106,3104,68,5464,California
Lassen,2021-04-02,27,8202,3,1383,3,6370,21,449,1,2356,26,3130,22,5486,California
Lassen,2021-04-03,12,8214,0,1383,2,6372,10,459,0,2354,12,3142,10,5496,California
Lassen,2021-04-04,7,8221,2,1385,0,6372,5,464,1,2354,6,3148,6,5502,California
Lassen,2021-04-05,24,8245,5,1390,12,6384,7,471,12,2362,11,3159,19,5521,California
Lassen,2021-04-06,179,8424,7,1397,142,6526,30,501,49,2311,130,3289,79,5600,California
Lassen,2021-04-07,135,8559,7,1404,92,6618,36,537,35,2282,100,3389,71,5671,California
Lassen,2021-04-08,121,8680,8,1412,63,6681,50,587,25,2264,93,3482,75,5746,California
Lassen,2021-04-09,27,8707,2,1414,8,6689,17,604,2,2258,24,3506,18,5764,California
Los Angeles,2020-12-15,391,391,391,391,0,0,0,0,391,391,0,0,391,391,California
Los Angeles,2020-12-16,3360,3751,3360,3751,0,0,0,0,3360,3751,0,0,3360,3751,California
Los Angeles,2020-12-17,10227,13978,10227,13978,0,0,0,0,10228,13979,0,0,10228,13979,California
Los Angeles,2020-12-18,14498,28476,14477,28455,21,21,0,0,14498,28477,0,0,14498,28477,California
Los Angeles,2020-12-19,7213,35689,7206,35661,7,28,0,0,7214,35691,0,0,7214,35691,California
Los Angeles,2020-12-20,4574,40263,4567,40228,7,35,0,0,4576,40267,0,0,4576,40267,California
Los Angeles,2020-12-21,13664,53927,13652,53880,12,47,0,0,13665,53931,1,1,13665,53932,California
Los Angeles,2020-12-22,11494,65421,11115,64995,379,426,0,0,11495,65425,1,2,11495,65427,California
Los Angeles,2020-12-23,11865,77286,10110,75105,1755,2181,0,0,11866,77291,0,2,11866,77293,California
Los Angeles,2020-12-24,7004,84290,4238,79343,2766,4947,0,0,7007,84298,0,2,7007,84300,California
Los Angeles,2020-12-25,521,84811,416,79759,105,5052,0,0,521,84819,0,2,521,84821,California
Los Angeles,2020-12-26,2523,87334,2178,81937,345,5397,0,0,2523,87341,1,3,2523,87344,California
Los Angeles,2020-12-27,1751,89085,1021,82958,730,6127,0,0,1751,89092,0,3,1751,89095,California
Los Angeles,2020-12-28,10248,99333,6353,89311,3895,10022,0,0,10246,99337,1,4,10246,99341,California
Los Angeles,2020-12-29,11568,110901,6055,95366,5513,15535,0,0,11570,110907,0,4,11570,110911,California
Los Angeles,2020-12-30,14836,125737,8075,103441,6761,22296,0,0,14835,125742,0,4,14835,125746,California
Los Angeles,2020-12-31,7890,133627,2741,106182,5149,27445,0,0,7888,133629,1,5,7888,133634,California
Los Angeles,2021-01-01,937,134564,246,106428,691,28136,0,0,937,134566,0,5,937,134571,California
Los Angeles,2021-01-02,4432,138996,1648,108076,2784,30920,0,0,4432,138998,0,5,4432,139003,California
Los Angeles,2021-01-03,917,139913,203,108279,714,31634,0,0,916,139913,1,6,916,139919,California
Los Angeles,2021-01-04,12636,152549,4836,113115,7800,39434,0,0,12622,152532,3,9,12622,152541,California
Los Angeles,2021-01-05,15972,168521,7059,120174,8913,48347,0,0,14066,164726,1873,1882,14067,166608,California
Los Angeles,2021-01-06,22459,190980,12033,132207,10426,58773,0,0,16882,176107,5508,7390,16889,183497,California
Los Angeles,2021-01-07,29301,220281,15778,147985,13523,72296,0,0,18821,184504,10434,17824,18831,202328,California
Los Angeles,2021-01-08,32986,253267,17852,165837,15134,87430,0,0,20798,193147,12163,29987,20806,223134,California
Los Angeles,2021-01-09,12321,265588,7048,172885,5273,92703,0,0,7465,195763,4855,34842,7471,230605,California
Los Angeles,2021-01-10,4643,270231,3626,176511,1017,93720,0,0,1917,194955,2726,37568,1918,232523,California
Los Angeles,2021-01-11,25712,295943,16204,192715,9508,103228,0,0,14799,198857,10903,48471,14805,247328,California
Los Angeles,2021-01-12,29112,325055,16022,208737,13090,116318,0,0,19011,207793,10083,58554,19019,266347,California
Los Angeles,2021-01-13,29179,354234,15586,224323,13593,129911,0,0,20255,219147,8906,67460,20260,286607,California
Los Angeles,2021-01-14,29188,383422,12690,237013,16498,146409,0,0,23698,237382,5472,72932,23707,310314,California
Los Angeles,2021-01-15,33662,417084,12313,249326,21349,167758,0,0,30106,263966,3531,76463,30115,340429,California
Los Angeles,2021-01-16,17497,434581,4952,254278,12545,180303,0,0,15721,277924,1768,78231,15726,356155,California
Los Angeles,2021-01-17,5168,439749,2290,256568,2878,183181,0,0,4924,282607,243,78474,4926,361081,California
Los Angeles,2021-01-18,15544,455293,10040,266608,5504,188685,0,0,10847,288770,4685,83159,10848,371929,California
Los Angeles,2021-01-19,38361,493654,20513,287121,17848,206533,0,0,30599,311656,7721,90880,30607,402536,California
Los Angeles,2021-01-20,45470,539124,23685,310806,21785,228318,0,0,37993,342210,7447,98327,38001,440537,California
Los Angeles,2021-01-21,48429,587553,22316,333122,26113,254431,0,0,44195,382245,4172,102499,44207,484744,California
Los Angeles,2021-01-22,47545,635098,22169,355291,25376,279807,0,0,44153,423054,3350,105849,44159,528903,California
Los Angeles,2021-01-23,33825,668923,15657,370948,18168,297975,0,0,31809,452885,1987,107836,31818,560721,California
Los Angeles,2021-01-24,15664,684587,12156,383104,3508,301483,0,0,15120,467468,538,108374,15121,575842,California
Los Angeles,2021-01-25,38500,723087,16332,399436,22168,323651,0,0,30079,489178,8392,116766,30102,605944,California
Los Angeles,2021-01-26,48949,772036,24279,423715,24670,348321,0,0,40837,521956,8080,124846,40858,646802,California
Los Angeles,2021-01-27,48131,820167,25659,449374,22472,370793,0,0,39010,551996,8987,133833,39027,685829,California
Los Angeles,2021-01-28,48284,868451,22980,472354,25304,396097,0,0,39966,583772,8204,142037,39980,725809,California
Los Angeles,2021-01-29,49019,917470,25273,497627,23746,419843,0,0,39039,613194,9629,151666,39051,764860,California
Los Angeles,2021-01-30,29882,947352,15341,512968,14541,434384,0,0,25779,634947,4029,155695,25782,790642,California
Los Angeles,2021-01-31,12957,960309,10337,523305,2620,437004,0,0,12047,646098,899,156594,12050,802692,California
Los Angeles,2021-02-01,37802,998111,16065,539370,21737,458741,0,0,27606,663546,10167,166761,27615,830307,California
Los Angeles,2021-02-02,44031,1042142,17816,557186,26215,484956,0,0,31906,683368,12088,178849,31910,862217,California
Los Angeles,2021-02-03,51904,1094046,19419,576605,32485,517441,0,0,37277,706257,14394,193243,37283,899500,California
Los Angeles,2021-02-04,57011,1151057,20620,597225,36391,553832,0,0,39017,727596,17689,210932,39028,938528,California
Los Angeles,2021-02-05,60896,1211953,20936,618161,39960,593792,0,0,39139,745408,21345,232277,39157,977685,California
Los Angeles,2021-02-06,35373,1247326,13241,631402,22132,615924,0,0,26991,764110,8310,240587,27012,1004697,California
Los Angeles,2021-02-07,10761,1258087,8351,639753,2410,618334,0,0,8395,770160,2351,242938,8401,1013098,California
Los Angeles,2021-02-08,46565,1304652,21407,661160,25158,643492,0,0,30488,784702,15949,258887,30491,1043589,California
Los Angeles,2021-02-09,55610,1360262,24538,685698,31072,674564,0,0,28354,785875,27199,286086,28372,1071961,California
Los Angeles,2021-02-10,66698,1426960,29314,715012,37384,711948,0,0,30932,781427,35398,321484,30950,1102911,California
Los Angeles,2021-02-11,57754,1484714,30761,745773,26993,738941,0,0,27930,779974,29395,350879,27942,1130853,California
Los Angeles,2021-02-12,59325,1544039,29732,775505,29593,768534,0,0,25929,772853,33067,383946,25946,1156799,California
Los Angeles,2021-02-13,33721,1577760,19572,795077,14149,782683,0,0,15469,770193,18174,402120,15514,1172313,California
Los Angeles,2021-02-14,21853,1599613,14959,810036,6894,789577,0,0,8783,765967,13013,415133,8787,1181100,California
Los Angeles,2021-02-15,32286,1631899,15783,825819,16503,806080,0,0,17748,769243,14482,429615,17758,1198858,California
Los Angeles,2021-02-16,63752,1695651,32414,858233,31338,837418,0,0,29872,765322,33804,463419,29883,1228741,California
Los Angeles,2021-02-17,63755,1759406,34136,892369,29619,867037,0,0,26336,754406,37258,500677,26342,1255083,California
Los Angeles,2021-02-18,67930,1827336,34574,926943,33356,900393,0,0,28586,743900,39102,539779,28596,1283679,California
Los Angeles,2021-02-19,56794,1884130,34901,961844,21893,922286,0,0,28303,743818,28402,568181,28320,1311999,California
Los Angeles,2021-02-20,31925,1916055,23732,985576,8193,930479,0,0,15599,743133,16293,584474,15608,1327607,California
Los Angeles,2021-02-21,16393,1932448,14766,1000342,1627,932106,0,0,8412,743596,7957,592431,8420,1336027,California
Los Angeles,2021-02-22,33987,1966435,24820,1025162,9167,941273,0,0,17629,744944,16293,608724,17641,1353668,California
Los Angeles,2021-02-23,53141,2019576,22605,1047767,30536,971809,0,0,21039,733999,32009,640733,21064,1374732,California
Los Angeles,2021-02-24,63572,2083148,27920,1075687,35652,1007461,0,0,27962,726520,35458,676191,27979,1402711,California
Los Angeles,2021-02-25,72819,2155967,33403,1109090,39416,1046877,0,0,38306,730468,34368,710559,38316,1441027,California
Los Angeles,2021-02-26,82247,2238214,38340,1147430,43907,1090784,0,0,47169,742791,34868,745427,47191,1488218,California
Los Angeles,2021-02-27,58354,2296568,24809,1172239,33543,1124327,2,2,29876,744342,28349,773776,29900,1518118,California
Los Angeles,2021-02-28,26719,2323287,18465,1190704,8254,1132581,0,2,18880,755451,7775,781551,18884,1537002,California
Los Angeles,2021-03-01,55019,2378306,30760,1221464,24250,1156831,9,11,33340,767268,21548,803099,33365,1570367,California
Los Angeles,2021-03-02,70027,2448333,30987,1252451,39039,1195870,1,12,42837,783032,27083,830182,42847,1613214,California
Los Angeles,2021-03-03,80583,2528916,40304,1292755,40274,1236144,5,17,50502,803622,29940,860122,50530,1663744,California
Los Angeles,2021-03-04,88154,2617070,45482,1338237,42664,1278808,8,25,55594,826832,32405,892527,55615,1719359,California
Los Angeles,2021-03-05,86522,2703592,42065,1380302,44437,1323245,20,45,57733,855985,28630,921157,57783,1777142,California
Los Angeles,2021-03-06,64986,2768578,32517,1412819,30670,1353915,1799,1844,41845,876626,23017,944174,43658,1820800,California
Los Angeles,2021-03-07,25438,2794016,19189,1432008,5469,1359384,780,2624,19629,891244,5793,949967,20411,1841211,California
Los Angeles,2021-03-08,50906,2844922,26436,1458444,22537,1381921,1933,4557,38312,918980,12511,962478,40247,1881458,California
Los Angeles,2021-03-09,67844,2912766,25572,1484016,39008,1420929,3264,7821,40609,935746,27107,989585,43873,1925331,California
Los Angeles,2021-03-10,78172,2990938,36875,1520891,36680,1457609,4617,12438,49124,960541,28920,1018505,53715,1979046,California
Los Angeles,2021-03-11,90619,3081557,44099,1564990,40316,1497925,6204,18642,53297,982837,37182,1055687,59478,2038524,California
Los Angeles,2021-03-12,95350,3176907,42367,1607357,39415,1537340,13568,32210,55541,1012257,39661,1095348,69081,2107605,California
Los Angeles,2021-03-13,72064,3248971,33370,1640727,26867,1564207,11827,44037,42985,1038070,28987,1124335,54800,2162405,California
Los Angeles,2021-03-14,37741,3286712,25248,1665975,10087,1574294,2406,46443,25344,1053462,12348,1136683,27740,2190145,California
Los Angeles,2021-03-15,72648,3359360,34970,1700945,32376,1606670,5302,51745,44471,1075199,28033,1164716,49770,2239915,California
Los Angeles,2021-03-16,97219,3456579,41846,1742791,49665,1656335,5708,57453,63388,1110607,33673,1198389,69081,2308996,California
Los Angeles,2021-03-17,93020,3549599,42104,1784895,42986,1699321,7930,65383,62398,1150441,30472,1228861,70306,2379302,California
Los Angeles,2021-03-18,97034,3646633,46093,1830988,45809,1745130,5132,70515,61675,1182116,35125,1263986,66800,2446102,California
Los Angeles,2021-03-19,104209,3750842,54242,1885230,45398,1790528,4569,75084,64767,1212241,39217,1303203,69342,2515444,California
Los Angeles,2021-03-20,73772,3824614,35905,1921135,33624,1824152,4243,79327,51329,1245511,22297,1325500,55567,2571011,California
Los Angeles,2021-03-21,33352,3857966,24644,1945779,7868,1832020,840,80167,21700,1256470,11580,1337080,22539,2593550,California
Los Angeles,2021-03-22,67309,3925275,39954,1985733,25405,1857425,1950,82117,48042,1287381,19082,1356162,49993,2643543,California
Los Angeles,2021-03-23,92337,4017612,49982,2035715,39453,1896878,2902,85019,61681,1321506,30458,1386620,64583,2708126,California
Los Angeles,2021-03-24,100892,4118504,53762,2089477,44287,1941165,2843,87862,60006,1343709,40641,1427261,62844,2770970,California
Los Angeles,2021-03-25,105261,4223765,56522,2145999,45221,1986386,3518,91380,60482,1363147,44555,1471816,63993,2834963,California
Los Angeles,2021-03-26,110464,4334229,60378,2206377,46035,2032421,4051,95431,63239,1383396,47035,1518851,67284,2902247,California
Los Angeles,2021-03-27,79564,4413793,41661,2248038,35819,2068240,2084,97515,41557,1389234,37806,1556657,43644,2945891,California
Los Angeles,2021-03-28,40533,4454326,27142,2275180,12809,2081049,582,98097,20651,1390649,19818,1576475,21233,2967124,California
Los Angeles,2021-03-29,80481,4534807,45485,2320665,33426,2114475,1570,99667,46318,1404516,34020,1610495,47887,3015011,California
Los Angeles,2021-03-30,105451,4640258,49408,2370073,50378,2164853,5665,105332,65210,1435301,40080,1650575,70865,3085876,California
Los Angeles,2021-03-31,117107,4757365,59101,2429174,49830,2214683,8176,113508,69800,1466150,47106,1697681,77955,3163831,California
Los Angeles,2021-04-01,125931,4883296,57313,2486487,54150,2268833,14468,127976,70266,1495401,55456,1753137,84707,3248538,California
Los Angeles,2021-04-02,124523,5007819,53947,2540434,55912,2324745,14664,142640,67934,1521668,56338,1809475,82605,3331143,California
Los Angeles,2021-04-03,92706,5100525,41031,2581465,38805,2363550,12870,155510,46747,1535436,45826,1855301,59594,3390737,California
Los Angeles,2021-04-04,37511,5138036,19565,2601030,11959,2375509,5987,161497,16143,1536235,21318,1876619,22117,3412854,California
Los Angeles,2021-04-05,89179,5227215,43105,2644135,36364,2411873,9710,171207,43862,1544625,45177,1921796,53567,3466421,California
Los Angeles,2021-04-06,117647,5344862,55536,2699671,42549,2454422,19562,190769,54763,1556240,62653,1984449,74268,3540689,California
Los Angeles,2021-04-07,116510,5461372,53446,2753117,43478,2497900,19586,210355,54230,1567926,62080,2046529,73766,3614455,California
Los Angeles,2021-04-08,121963,5583335,55865,2808982,44998,2542898,21100,231455,56229,1579664,65526,2112055,77264,3691719,California
Los Angeles,2021-04-09,55656,5638991,18628,2827610,28750,2571648,8278,239733,22122,1576619,33409,2145464,30364,3722083,California
Madera,2020-12-16,22,22,22,22,0,0,0,0,22,22,0,0,22,22,California
Madera,2020-12-17,13,35,13,35,0,0,0,0,13,35,0,0,13,35,California
Madera,2020-12-18,61,96,61,96,0,0,0,0,61,96,0,0,61,96,California
Madera,2020-12-19,6,102,6,102,0,0,0,0,6,102,0,0,6,102,California
Madera,2020-12-20,14,116,14,116,0,0,0,0,14,116,0,0,14,116,California
Madera,2020-12-21,60,176,60,176,0,0,0,0,60,176,0,0,60,176,California
Madera,2020-12-22,98,274,96,272,2,2,0,0,98,274,0,0,98,274,California
Madera,2020-12-23,69,343,69,341,0,2,0,0,69,343,0,0,69,343,California
Madera,2020-12-24,44,387,39,380,5,7,0,0,44,387,0,0,44,387,California
Madera,2020-12-26,28,415,26,406,2,9,0,0,28,415,0,0,28,415,California
Madera,2020-12-27,30,445,12,418,18,27,0,0,30,445,0,0,30,445,California
Madera,2020-12-28,105,550,36,454,69,96,0,0,105,550,0,0,105,550,California
Madera,2020-12-29,173,723,40,494,133,229,0,0,173,723,0,0,173,723,California
Madera,2020-12-30,217,940,86,580,131,360,0,0,217,940,0,0,217,940,California
Madera,2020-12-31,202,1142,80,660,122,482,0,0,202,1142,0,0,202,1142,California
Madera,2021-01-02,85,1227,30,690,55,537,0,0,85,1227,0,0,85,1227,California
Madera,2021-01-03,5,1232,5,695,0,537,0,0,5,1232,0,0,5,1232,California
Madera,2021-01-04,128,1360,64,759,64,601,0,0,128,1360,0,0,128,1360,California
Madera,2021-01-05,279,1639,143,902,136,737,0,0,274,1629,5,5,274,1634,California
Madera,2021-01-06,183,1822,27,929,156,893,0,0,163,1772,20,25,163,1797,California
Madera,2021-01-07,375,2197,93,1022,282,1175,0,0,353,2103,22,47,353,2150,California
Madera,2021-01-08,417,2614,72,1094,345,1520,0,0,362,2412,54,101,363,2513,California
Madera,2021-01-09,37,2651,14,1108,23,1543,0,0,28,2431,9,110,28,2541,California
Madera,2021-01-10,17,2668,14,1122,3,1546,0,0,5,2424,12,122,5,2546,California
Madera,2021-01-11,230,2898,182,1304,48,1594,0,0,187,2568,43,165,187,2733,California
Madera,2021-01-12,392,3290,159,1463,233,1827,0,0,285,2746,107,272,285,3018,California
Madera,2021-01-13,186,3476,92,1555,94,1921,0,0,129,2819,57,329,130,3148,California
Madera,2021-01-14,555,4031,82,1637,473,2394,0,0,521,3306,34,363,521,3669,California
Madera,2021-01-15,595,4626,158,1795,437,2831,0,0,575,3861,20,383,575,4244,California
Madera,2021-01-16,378,5004,47,1842,331,3162,0,0,349,4181,29,412,349,4593,California
Madera,2021-01-17,334,5338,14,1856,320,3482,0,0,330,4507,4,416,330,4923,California
Madera,2021-01-18,75,5413,59,1915,16,3498,0,0,56,4545,18,434,56,4979,California
Madera,2021-01-19,565,5978,130,2045,435,3933,0,0,538,5057,27,461,539,5518,California
Madera,2021-01-20,234,6212,80,2125,154,4087,0,0,206,5236,27,488,206,5724,California
Madera,2021-01-21,236,6448,129,2254,107,4194,0,0,203,5408,31,519,203,5927,California
Madera,2021-01-22,255,6703,83,2337,172,4366,0,0,242,5637,13,532,242,6169,California
Madera,2021-01-23,100,6803,52,2389,48,4414,0,0,76,5689,24,556,76,6245,California
Madera,2021-01-24,101,6904,82,2471,19,4433,0,0,78,5744,23,579,78,6323,California
Madera,2021-01-25,252,7156,121,2592,131,4564,0,0,140,5772,112,691,140,6463,California
Madera,2021-01-26,480,7636,188,2780,292,4856,0,0,292,5879,187,878,294,6757,California
Madera,2021-01-27,735,8371,63,2843,672,5528,0,0,600,6345,135,1013,601,7358,California
Madera,2021-01-28,534,8905,102,2945,432,5960,0,0,430,6671,104,1117,430,7788,California
Madera,2021-01-29,466,9371,95,3040,371,6331,0,0,410,7025,56,1173,410,8198,California
Madera,2021-01-30,503,9874,15,3055,488,6819,0,0,449,7420,54,1227,449,8647,California
Madera,2021-01-31,9,9883,6,3061,3,6822,0,0,8,7427,1,1228,8,8655,California
Madera,2021-02-01,256,10139,72,3133,184,7006,0,0,199,7569,57,1285,199,8854,California
Madera,2021-02-02,249,10388,86,3219,163,7169,0,0,160,7641,88,1373,160,9014,California
Madera,2021-02-03,587,10975,454,3673,133,7302,0,0,472,8001,113,1486,473,9487,California
Madera,2021-02-04,384,11359,120,3793,264,7566,0,0,110,7839,273,1759,111,9598,California
Madera,2021-02-05,966,12325,293,4086,673,8239,0,0,361,7601,600,2359,362,9960,California
Madera,2021-02-06,358,12683,323,4409,35,8274,0,0,319,7882,38,2397,319,10279,California
Madera,2021-02-07,35,12718,7,4416,28,8302,0,0,30,7907,5,2402,30,10309,California
Madera,2021-02-08,382,13100,306,4722,76,8378,0,0,269,8064,112,2514,269,10578,California
Madera,2021-02-09,473,13573,115,4837,358,8736,0,0,193,7981,277,2791,194,10772,California
Madera,2021-02-10,429,14002,149,4986,280,9016,0,0,323,8198,106,2897,323,11095,California
Madera,2021-02-11,930,14932,302,5288,628,9644,0,0,402,8074,527,3424,403,11498,California
Madera,2021-02-12,838,15770,118,5406,720,10364,0,0,306,7857,526,3950,309,11807,California
Madera,2021-02-13,483,16253,44,5450,439,10803,0,0,140,7657,342,4292,142,11949,California
Madera,2021-02-14,397,16650,75,5525,322,11125,0,0,135,7531,262,4554,136,12085,California
Madera,2021-02-15,239,16889,96,5621,143,11268,0,0,174,7641,64,4618,174,12259,California
Madera,2021-02-16,773,17662,183,5804,590,11858,0,0,229,7330,541,5159,230,12489,California
Madera,2021-02-17,607,18269,271,6075,336,12194,0,0,337,7404,265,5424,339,12828,California
Madera,2021-02-18,1290,19559,535,6610,755,12949,0,0,1116,8348,174,5598,1118,13946,California
Madera,2021-02-19,861,20420,546,7156,315,13264,0,0,719,8927,142,5740,721,14667,California
Madera,2021-02-20,1074,21494,983,8139,91,13355,0,0,1003,9861,70,5810,1004,15671,California
Madera,2021-02-21,960,22454,817,8956,143,13498,0,0,954,10809,6,5816,954,16625,California
Madera,2021-02-22,905,23359,829,9785,76,13574,0,0,851,11606,54,5870,851,17476,California
Madera,2021-02-23,768,24127,496,10281,272,13846,0,0,550,11939,217,6087,550,18026,California
Madera,2021-02-24,906,25033,301,10582,605,14451,0,0,378,11789,528,6615,378,18404,California
Madera,2021-02-25,1016,26049,305,10887,711,15162,0,0,588,11952,425,7040,588,18992,California
Madera,2021-02-26,1068,27117,186,11073,882,16044,0,0,695,12275,372,7412,695,19687,California
Madera,2021-02-27,868,27985,244,11317,624,16668,0,0,448,12309,417,7829,451,20138,California
Madera,2021-02-28,187,28172,29,11346,158,16826,0,0,181,12484,6,7835,181,20319,California
Madera,2021-03-01,367,28539,118,11464,249,17075,0,0,191,12499,176,8011,191,20510,California
Madera,2021-03-02,645,29184,267,11731,378,17453,0,0,534,12923,111,8122,535,21045,California
Madera,2021-03-03,1289,30473,690,12421,599,18052,0,0,892,13444,394,8516,915,21960,California
Madera,2021-03-04,1158,31631,502,12923,656,18708,0,0,917,14122,242,8758,920,22880,California
Madera,2021-03-05,1315,32946,401,13324,902,19610,12,12,1056,14944,257,9015,1079,23959,California
Madera,2021-03-06,802,33748,623,13947,148,19758,31,43,484,15142,318,9333,516,24475,California
Madera,2021-03-07,153,33901,27,13974,104,19862,22,65,103,15217,50,9383,125,24600,California
Madera,2021-03-08,575,34476,318,14292,199,20061,58,123,286,15274,289,9672,346,24946,California
Madera,2021-03-09,435,34911,157,14449,245,20306,33,156,272,15426,161,9833,313,25259,California
Madera,2021-03-10,1124,36035,502,14951,545,20851,77,233,700,15784,420,10253,778,26037,California
Madera,2021-03-11,1647,37682,838,15789,478,21329,331,564,752,15984,894,11147,1094,27131,California
Madera,2021-03-12,1513,39195,776,16565,585,21914,152,716,749,16148,763,11910,927,28058,California
Madera,2021-03-13,1797,40992,1270,17835,329,22243,198,914,739,16046,1056,12966,954,29012,California
Madera,2021-03-14,580,41572,447,18282,101,22344,32,946,294,16088,284,13250,326,29338,California
Madera,2021-03-15,717,42289,210,18492,462,22806,45,991,497,16438,218,13468,568,29906,California
Madera,2021-03-16,816,43105,422,18914,347,23153,47,1038,638,16965,176,13644,703,30609,California
Madera,2021-03-17,1407,44512,930,19844,416,23569,61,1099,854,17426,544,14188,1005,31614,California
Madera,2021-03-18,1860,46372,643,20487,1157,24726,60,1159,907,17529,948,15136,1051,32665,California
Madera,2021-03-19,1493,47865,586,21073,823,25549,84,1243,965,18117,525,15661,1113,33778,California
Madera,2021-03-20,1119,48984,762,21835,308,25857,49,1292,574,18242,544,16205,669,34447,California
Madera,2021-03-21,1064,50048,865,22700,154,26011,45,1337,353,17933,708,16913,399,34846,California
Madera,2021-03-22,1350,51398,850,23550,432,26443,68,1405,679,18054,668,17581,789,35635,California
Madera,2021-03-23,1395,52793,841,24391,463,26906,91,1496,739,18312,654,18235,912,36547,California
Madera,2021-03-24,893,53686,463,24854,399,27305,31,1527,594,18642,298,18533,628,37175,California
Madera,2021-03-25,1109,54795,487,25341,602,27907,20,1547,640,18856,459,18992,673,37848,California
Madera,2021-03-26,1425,56220,508,25849,786,28693,131,1678,673,18914,749,19741,807,38655,California
Madera,2021-03-27,824,57044,525,26374,278,28971,21,1699,373,18861,447,20188,394,39049,California
Madera,2021-03-28,416,57460,136,26510,222,29193,58,1757,230,19016,185,20373,340,39389,California
Madera,2021-03-29,680,58140,179,26689,474,29667,27,1784,493,19356,184,20557,524,39913,California
Madera,2021-03-30,1011,59151,556,27245,423,30090,32,1816,556,19492,454,21011,590,40503,California
Madera,2021-03-31,1259,60410,458,27703,687,30777,114,1930,430,19212,825,21836,545,41048,California
Madera,2021-04-01,1200,61610,527,28230,624,31401,49,1979,424,18913,771,22607,472,41520,California
Madera,2021-04-02,1484,63094,408,28638,1021,32422,55,2034,456,18406,1019,23626,512,42032,California
Madera,2021-04-03,867,63961,677,29315,170,32592,20,2054,376,18321,490,24116,405,42437,California
Madera,2021-04-04,183,64144,64,29379,117,32709,2,2056,85,18310,98,24214,87,42524,California
Madera,2021-04-05,702,64846,225,29604,420,33129,57,2113,329,18338,372,24586,400,42924,California
Madera,2021-04-06,1652,66498,857,30461,456,33585,339,2452,628,18284,1022,25608,968,43892,California
Madera,2021-04-07,1148,67646,359,30820,650,34235,139,2591,463,18209,681,26289,606,44498,California
Madera,2021-04-08,1653,69299,646,31466,757,34992,250,2841,570,17959,1077,27366,827,45325,California
Madera,2021-04-09,497,69796,54,31520,350,35342,93,2934,188,17936,306,27672,283,45608,California
Marin,2020-12-15,2,2,2,2,0,0,0,0,2,2,0,0,2,2,California
Marin,2020-12-16,107,109,107,109,0,0,0,0,107,109,0,0,107,109,California
Marin,2020-12-17,260,369,260,369,0,0,0,0,260,369,0,0,260,369,California
Marin,2020-12-18,370,739,370,739,0,0,0,0,370,739,0,0,370,739,California
Marin,2020-12-19,348,1087,347,1086,1,1,0,0,348,1087,0,0,348,1087,California
Marin,2020-12-20,167,1254,166,1252,1,2,0,0,167,1254,0,0,167,1254,California
Marin,2020-12-21,238,1492,235,1487,3,5,0,0,238,1492,0,0,238,1492,California
Marin,2020-12-22,521,2013,318,1805,203,208,0,0,521,2013,0,0,521,2013,California
Marin,2020-12-23,732,2745,324,2129,408,616,0,0,732,2745,0,0,732,2745,California
Marin,2020-12-24,357,3102,160,2289,197,813,0,0,357,3102,0,0,357,3102,California
Marin,2020-12-25,27,3129,0,2289,27,840,0,0,27,3129,0,0,27,3129,California
Marin,2020-12-26,142,3271,93,2382,49,889,0,0,142,3271,0,0,142,3271,California
Marin,2020-12-27,93,3364,56,2438,37,926,0,0,93,3364,0,0,93,3364,California
Marin,2020-12-28,408,3772,99,2537,309,1235,0,0,408,3772,0,0,408,3772,California
Marin,2020-12-29,400,4172,88,2625,312,1547,0,0,400,4172,0,0,400,4172,California
Marin,2020-12-30,624,4796,388,3013,236,1783,0,0,624,4796,0,0,624,4796,California
Marin,2020-12-31,198,4994,33,3046,165,1948,0,0,198,4994,0,0,198,4994,California
Marin,2021-01-01,11,5005,5,3051,6,1954,0,0,11,5005,0,0,11,5005,California
Marin,2021-01-02,103,5108,97,3148,6,1960,0,0,103,5108,0,0,103,5108,California
Marin,2021-01-03,54,5162,36,3184,18,1978,0,0,51,5159,0,0,51,5159,California
Marin,2021-01-04,291,5453,188,3372,103,2081,0,0,290,5448,1,1,290,5449,California
Marin,2021-01-05,366,5819,223,3595,143,2224,0,0,323,5728,43,44,323,5772,California
Marin,2021-01-06,819,6638,317,3912,502,2726,0,0,643,6195,176,220,643,6415,California
Marin,2021-01-07,893,7531,503,4415,390,3116,0,0,545,6392,348,568,545,6960,California
Marin,2021-01-08,969,8500,513,4928,456,3572,0,0,594,6612,374,942,594,7554,California
Marin,2021-01-09,618,9118,222,5150,396,3968,0,0,487,6968,131,1073,487,8041,California
Marin,2021-01-10,128,9246,99,5249,29,3997,0,0,54,6948,74,1147,54,8095,California
Marin,2021-01-11,467,9713,326,5575,141,4138,0,0,250,6982,217,1364,251,8346,California
Marin,2021-01-12,939,10652,541,6116,398,4536,0,0,567,7180,369,1733,567,8913,California
Marin,2021-01-13,1177,11829,501,6617,676,5212,0,0,938,7879,239,1972,938,9851,California
Marin,2021-01-14,1067,12896,319,6936,748,5960,0,0,917,8648,148,2120,917,10768,California
Marin,2021-01-15,1153,14049,354,7290,799,6759,0,0,1023,9543,129,2249,1024,11792,California
Marin,2021-01-16,1109,15158,907,8197,202,6961,0,0,1034,10502,75,2324,1034,12826,California
Marin,2021-01-17,1235,16393,1116,9313,119,7080,0,0,1207,11685,27,2351,1210,14036,California
Marin,2021-01-18,361,16754,159,9472,202,7282,0,0,310,11944,51,2402,310,14346,California
Marin,2021-01-19,1154,17908,913,10385,241,7523,0,0,982,12756,171,2573,983,15329,California
Marin,2021-01-20,1781,19689,1203,11588,578,8101,0,0,1052,13090,718,3291,1052,16381,California
Marin,2021-01-21,1682,21371,1062,12650,620,8721,0,0,1330,14073,349,3640,1332,17713,California
Marin,2021-01-22,1694,23065,1085,13735,609,9330,0,0,1529,15437,165,3805,1529,19242,California
Marin,2021-01-23,1842,24907,1341,15076,501,9831,0,0,1758,17112,83,3888,1758,21000,California
Marin,2021-01-24,611,25518,164,15240,447,10278,0,0,579,17659,32,3920,579,21579,California
Marin,2021-01-25,1119,26637,225,15465,894,11172,0,0,687,17916,431,4351,688,22267,California
Marin,2021-01-26,1498,28135,779,16244,719,11891,0,0,1122,18663,375,4726,1122,23389,California
Marin,2021-01-27,1695,29830,868,17112,827,12718,0,0,1344,19659,349,5075,1345,24734,California
Marin,2021-01-28,2068,31898,1062,18174,1006,13724,0,0,1802,21197,265,5340,1803,26537,California
Marin,2021-01-29,2181,34079,1434,19608,747,14471,0,0,1980,22988,190,5530,1981,28518,California
Marin,2021-01-30,1714,35793,899,20507,815,15286,0,0,1636,24547,78,5608,1637,30155,California
Marin,2021-01-31,451,36244,314,20821,137,15423,0,0,426,24948,25,5633,426,30581,California
Marin,2021-02-01,1087,37331,418,21239,669,16092,0,0,887,25636,200,5833,888,31469,California
Marin,2021-02-02,1354,38685,465,21704,889,16981,0,0,726,25744,618,6451,726,32195,California
Marin,2021-02-03,1778,40463,427,22131,1351,18332,0,0,1252,26472,524,6975,1252,33447,California
Marin,2021-02-04,1538,42001,515,22646,1023,19355,0,0,935,26807,600,7575,935,34382,California
Marin,2021-02-05,2172,44173,679,23325,1493,20848,0,0,1333,27305,835,8410,1333,35715,California
Marin,2021-02-06,1426,45599,851,24176,575,21423,0,0,603,27087,822,9232,604,36319,California
Marin,2021-02-07,1287,46886,1005,25181,282,21705,0,0,487,26775,799,10031,487,36806,California
Marin,2021-02-08,1516,48402,754,25935,762,22467,0,0,724,26710,790,10821,725,37531,California
Marin,2021-02-09,1780,50182,1122,27057,658,23125,0,0,834,26598,946,11767,834,38365,California
Marin,2021-02-10,2334,52516,1488,28545,846,23971,0,0,1220,26707,1112,12879,1221,39586,California
Marin,2021-02-11,2860,55376,1643,30188,1217,25188,0,0,1450,26754,1405,14284,1452,41038,California
Marin,2021-02-12,3057,58433,1537,31725,1520,26708,0,0,1563,26825,1492,15776,1563,42601,California
Marin,2021-02-13,2333,60766,1242,32967,1091,27799,0,0,1129,26752,1202,16978,1129,43730,California
Marin,2021-02-14,811,61577,302,33269,509,28308,0,0,719,27380,92,17070,720,44450,California
Marin,2021-02-15,1207,62784,352,33621,855,29163,0,0,831,27836,375,17445,831,45281,California
Marin,2021-02-16,2460,65244,1055,34676,1405,30568,0,0,1502,28381,957,18402,1502,46783,California
Marin,2021-02-17,2084,67328,930,35606,1154,31722,0,0,1084,28467,999,19401,1085,47868,California
Marin,2021-02-18,2410,69738,1575,37181,835,32557,0,0,1060,28178,1349,20750,1060,48928,California
Marin,2021-02-19,2747,72485,2148,39329,599,33156,0,0,1215,27873,1521,22271,1216,50144,California
Marin,2021-02-20,2563,75048,2109,41438,454,33610,0,0,1215,27744,1344,23615,1215,51359,California
Marin,2021-02-21,1281,76329,1089,42527,192,33802,0,0,907,28281,370,23985,907,52266,California
Marin,2021-02-22,1817,78146,1402,43929,415,34217,0,0,1211,28887,605,24590,1211,53477,California
Marin,2021-02-23,2827,80973,1613,45542,1214,35431,0,0,1905,29879,914,25504,1906,55383,California
Marin,2021-02-24,3498,84471,1600,47142,1898,37329,0,0,2248,30885,1243,26747,2249,57632,California
Marin,2021-02-25,3924,88395,1811,48953,2113,39442,0,0,2768,32505,1149,27896,2769,60401,California
Marin,2021-02-26,3476,91871,1876,50829,1600,41042,0,0,2529,34098,936,28832,2529,62930,California
Marin,2021-02-27,2608,94479,1494,52323,1114,42156,0,0,1776,35047,829,29661,1778,64708,California
Marin,2021-02-28,1380,95859,920,53243,460,42616,0,0,1046,35761,332,29993,1046,65754,California
Marin,2021-03-01,2466,98325,1530,54773,936,43552,0,0,1655,36610,806,30799,1655,67409,California
Marin,2021-03-02,2425,100750,1593,56366,831,44383,1,1,1683,37555,739,31538,1684,69093,California
Marin,2021-03-03,4251,105001,2371,58737,1880,46263,0,1,2745,38799,1501,33039,2745,71838,California
Marin,2021-03-04,3327,108328,1638,60375,1689,47952,0,1,2324,40130,996,34035,2327,74165,California
Marin,2021-03-05,3011,111339,1120,61495,1879,49831,12,13,1769,40671,1240,35275,1781,75946,California
Marin,2021-03-06,3213,114552,2312,63807,822,50653,79,92,2642,42825,566,35841,2720,78666,California
Marin,2021-03-07,1368,115920,1153,64960,192,50845,23,115,982,43447,383,36224,1005,79671,California
Marin,2021-03-08,1851,117771,1365,66325,385,51230,101,216,1403,44506,445,36669,1504,81175,California
Marin,2021-03-09,2097,119868,1214,67539,777,52007,106,322,1428,45372,668,37337,1534,82709,California
Marin,2021-03-10,4400,124268,2458,69997,1660,53667,282,604,3178,47613,1219,38556,3460,86169,California
Marin,2021-03-11,4543,128811,1860,71857,2553,56220,130,734,3264,49735,1272,39828,3394,89563,California
Marin,2021-03-12,3926,132737,1526,73383,2050,58270,350,1084,1544,49255,2373,42201,1893,91456,California
Marin,2021-03-13,4048,136785,2847,76230,1133,59403,68,1152,2401,50075,1644,43845,2464,93920,California
Marin,2021-03-14,2272,139057,1095,77325,1061,60464,116,1268,729,49377,1543,45388,845,94765,California
Marin,2021-03-15,3207,142264,1757,79082,1403,61867,47,1315,1203,48631,1995,47383,1249,96014,California
Marin,2021-03-16,4298,146562,2313,81395,1621,63488,364,1679,1523,47746,2772,50155,1887,97901,California
Marin,2021-03-17,4112,150674,2245,83640,1823,65311,44,1723,1999,47686,2103,52258,2043,99944,California
Marin,2021-03-18,4448,155122,2239,85879,2138,67449,71,1794,2219,47759,2216,54474,2289,102233,California
Marin,2021-03-19,4422,159544,2267,88146,1938,69387,217,2011,2405,48371,2010,56484,2622,104855,California
Marin,2021-03-20,3574,163118,1978,90124,1481,70868,115,2126,2034,48987,1534,58018,2150,107005,California
Marin,2021-03-21,1524,164642,1122,91246,377,71245,25,2151,791,49072,731,58749,816,107821,California
Marin,2021-03-22,2461,167103,2126,93372,170,71415,165,2316,990,48760,1467,60216,1155,108976,California
Marin,2021-03-23,4224,171327,2184,95556,1911,73326,129,2445,1940,48551,2278,62494,2069,111045,California
Marin,2021-03-24,4395,175722,2883,98439,1408,74734,104,2549,1789,47847,2596,65090,1892,112937,California
Marin,2021-03-25,4609,180331,2813,101252,1727,76461,69,2618,2253,47824,2343,67433,2320,115257,California
Marin,2021-03-26,4267,184598,2312,103564,1741,78202,214,2832,2408,48602,1844,69277,2622,117879,California
Marin,2021-03-27,3677,188275,2642,106206,1018,79220,17,2849,1142,47236,2525,71802,1159,119038,California
Marin,2021-03-28,2371,190646,1720,107926,645,79865,6,2855,1100,47075,1267,73069,1106,120144,California
Marin,2021-03-29,2673,193319,2082,110008,567,80432,24,2879,1180,46789,1490,74559,1204,121348,California
Marin,2021-03-30,4645,197964,3646,113654,966,81398,33,2912,3063,48305,1580,76139,3096,124444,California
Marin,2021-03-31,5758,203722,4086,117740,1623,83021,49,2961,2585,47773,3166,79305,2634,127078,California
Marin,2021-04-01,4357,208079,2257,119997,1862,84883,238,3199,2104,47868,2247,81552,2342,129420,California
Marin,2021-04-02,3645,211724,1800,121797,1486,86369,359,3558,1945,48479,1693,83245,2304,131724,California
Marin,2021-04-03,3815,215539,2509,124306,944,87313,362,3920,1470,47976,2335,85580,1832,133556,California
Marin,2021-04-04,1620,217159,1221,125527,202,87515,197,4117,1187,48928,432,86012,1384,134940,California
Marin,2021-04-05,2169,219328,1509,127036,293,87808,367,4484,1251,49628,917,86929,1617,136557,California
Marin,2021-04-06,3891,223219,2062,129098,1288,89096,541,5025,2167,50615,1719,88648,2706,139263,California
Marin,2021-04-07,3871,227090,1986,131084,1299,90395,586,5611,1438,50213,2426,91074,2024,141287,California
Marin,2021-04-08,4841,231931,1931,133015,2381,92776,529,6140,2218,50343,2613,93687,2743,144030,California
Marin,2021-04-09,1835,233766,380,133395,1151,93927,304,6444,454,49726,1375,95062,758,144788,California
Mariposa,2020-12-17,3,3,3,3,0,0,0,0,38,38,0,0,38,38,California
Mariposa,2020-12-18,5,8,5,8,0,0,0,0,56,94,0,0,56,94,California
Mariposa,2020-12-20,2,10,2,10,0,0,0,0,2,96,0,0,2,96,California
Mariposa,2020-12-21,3,13,3,13,0,0,0,0,45,141,0,0,45,141,California
Mariposa,2020-12-22,2,15,2,15,0,0,0,0,2,143,0,0,2,143,California
Mariposa,2020-12-23,10,25,10,25,0,0,0,0,1,144,0,0,1,144,California
Mariposa,2020-12-24,1,26,0,25,1,1,0,0,0,144,0,0,0,144,California
Mariposa,2020-12-26,1,27,1,26,0,1,0,0,1,145,0,0,1,145,California
Mariposa,2020-12-27,1,28,0,26,1,2,0,0,1,146,0,0,1,146,California
Mariposa,2020-12-28,3,31,1,27,2,4,0,0,3,149,0,0,3,149,California
Mariposa,2020-12-29,33,64,1,28,32,36,0,0,33,182,0,0,33,182,California
Mariposa,2020-12-30,21,85,0,28,21,57,0,0,20,202,0,0,20,202,California
Mariposa,2020-12-31,22,107,0,28,22,79,0,0,22,224,0,0,22,224,California
Mariposa,2021-01-04,9,116,1,29,8,87,0,0,9,233,0,0,9,233,California
Mariposa,2021-01-05,24,140,14,43,10,97,0,0,12,235,10,10,12,245,California
Mariposa,2021-01-06,5,145,3,46,2,99,0,0,2,234,3,13,2,247,California
Mariposa,2021-01-07,49,194,47,93,2,101,0,0,2,189,47,60,2,249,California
Mariposa,2021-01-08,109,303,81,174,28,129,0,0,33,146,76,136,33,282,California
Mariposa,2021-01-09,1,304,0,174,1,130,0,0,1,147,0,136,1,283,California
Mariposa,2021-01-11,24,328,3,177,21,151,0,0,22,167,2,138,22,305,California
Mariposa,2021-01-12,21,349,3,180,18,169,0,0,18,182,3,141,18,323,California
Mariposa,2021-01-13,22,371,1,181,21,190,0,0,21,202,1,142,21,344,California
Mariposa,2021-01-14,94,465,1,182,93,283,0,0,94,296,0,142,94,438,California
Mariposa,2021-01-15,46,511,1,183,45,328,0,0,45,340,1,143,45,483,California
Mariposa,2021-01-16,19,530,2,185,17,345,0,0,18,357,1,144,18,501,California
Mariposa,2021-01-17,2,532,0,185,2,347,0,0,2,359,0,144,2,503,California
Mariposa,2021-01-18,2,534,2,187,0,347,0,0,1,359,1,145,1,504,California
Mariposa,2021-01-19,1,535,0,187,1,348,0,0,1,360,0,145,1,505,California
Mariposa,2021-01-20,26,561,0,187,26,374,0,0,26,386,0,145,26,531,California
Mariposa,2021-01-21,87,648,1,188,86,460,0,0,87,473,0,145,87,618,California
Mariposa,2021-01-22,77,725,1,189,76,536,0,0,77,550,0,145,77,695,California
Mariposa,2021-01-23,125,850,0,189,125,661,0,0,123,673,0,145,123,818,California
Mariposa,2021-01-25,3,853,1,190,2,663,0,0,0,670,3,148,0,818,California
Mariposa,2021-01-26,32,885,2,192,30,693,0,0,3,648,29,177,7,825,California
Mariposa,2021-01-27,34,919,1,193,33,726,0,0,26,666,8,185,26,851,California
Mariposa,2021-01-28,149,1068,2,195,147,873,0,0,135,788,13,198,135,986,California
Mariposa,2021-01-29,58,1126,0,195,58,931,0,0,58,846,0,198,58,1044,California
Mariposa,2021-01-30,3,1129,1,196,2,933,0,0,2,847,1,199,2,1046,California
Mariposa,2021-01-31,1,1130,0,196,1,934,0,0,1,848,0,199,1,1047,California
Mariposa,2021-02-01,55,1185,0,196,55,989,0,0,48,889,7,206,48,1095,California
Mariposa,2021-02-02,8,1193,0,196,8,997,0,0,2,885,6,212,2,1097,California
Mariposa,2021-02-03,26,1219,1,197,25,1022,0,0,22,903,4,216,22,1119,California
Mariposa,2021-02-04,115,1334,7,204,108,1130,0,0,108,1008,4,220,109,1228,California
Mariposa,2021-02-05,239,1573,4,208,235,1365,0,0,217,1203,22,242,217,1445,California
Mariposa,2021-02-06,2,1575,1,209,1,1366,0,0,1,1203,1,243,1,1446,California
Mariposa,2021-02-08,39,1614,1,210,38,1404,0,0,20,1204,19,262,20,1466,California
Mariposa,2021-02-09,11,1625,3,213,8,1412,0,0,6,1205,5,267,6,1472,California
Mariposa,2021-02-10,17,1642,1,214,16,1428,0,0,9,1212,8,275,15,1487,California
Mariposa,2021-02-11,378,2020,4,218,374,1802,0,0,367,1572,9,284,369,1856,California
Mariposa,2021-02-12,173,2193,1,219,172,1974,0,0,129,1657,44,328,129,1985,California
Mariposa,2021-02-13,5,2198,3,222,2,1976,0,0,4,1660,1,329,4,1989,California
Mariposa,2021-02-14,5,2203,2,224,3,1979,0,0,4,1663,1,330,4,1993,California
Mariposa,2021-02-15,8,2211,2,226,6,1985,0,0,7,1669,1,331,7,2000,California
Mariposa,2021-02-16,20,2231,2,228,18,2003,0,0,19,1687,1,332,19,2019,California
Mariposa,2021-02-17,19,2250,1,229,18,2021,0,0,15,1699,3,335,15,2034,California
Mariposa,2021-02-18,55,2305,2,231,53,2074,0,0,12,1668,43,378,12,2046,California
Mariposa,2021-02-19,75,2380,0,231,75,2149,0,0,74,1741,1,379,74,2120,California
Mariposa,2021-02-20,253,2633,4,235,249,2398,0,0,221,1931,31,410,221,2341,California
Mariposa,2021-02-21,231,2864,2,237,229,2627,0,0,230,2160,1,411,230,2571,California
Mariposa,2021-02-22,14,2878,2,239,12,2639,0,0,14,2174,0,411,14,2585,California
Mariposa,2021-02-23,5,2883,2,241,3,2642,0,0,4,2177,1,412,4,2589,California
Mariposa,2021-02-24,18,2901,1,242,17,2659,0,0,2,2163,16,428,2,2591,California
Mariposa,2021-02-25,5,2906,3,245,2,2661,0,0,2,2162,3,431,2,2593,California
Mariposa,2021-02-26,409,3315,3,248,406,3067,0,0,353,2459,56,487,353,2946,California
Mariposa,2021-02-27,154,3469,3,251,151,3218,0,0,151,2607,3,490,151,3097,California
Mariposa,2021-02-28,2,3471,1,252,1,3219,0,0,0,2605,2,492,0,3097,California
Mariposa,2021-03-01,54,3525,1,253,53,3272,0,0,6,2563,48,540,6,3103,California
Mariposa,2021-03-02,6,3531,5,258,1,3273,0,0,3,2563,3,543,3,3106,California
Mariposa,2021-03-03,68,3599,1,259,67,3340,0,0,66,2627,2,545,66,3172,California
Mariposa,2021-03-04,15,3614,5,264,10,3350,0,0,8,2628,7,552,8,3180,California
Mariposa,2021-03-05,40,3654,6,270,34,3384,0,0,33,2658,7,559,37,3217,California
Mariposa,2021-03-06,4,3658,2,272,2,3386,0,0,4,2662,0,559,4,3221,California
Mariposa,2021-03-08,35,3693,3,275,21,3407,11,11,6,2650,29,588,17,3238,California
Mariposa,2021-03-09,24,3717,2,277,12,3419,10,21,9,2654,15,603,19,3257,California
Mariposa,2021-03-10,14,3731,1,278,3,3422,10,31,2,2654,12,615,12,3269,California
Mariposa,2021-03-11,456,4187,6,284,432,3854,18,49,221,2662,234,849,242,3511,California
Mariposa,2021-03-12,242,4429,3,287,210,4064,29,78,108,2665,134,983,137,3648,California
Mariposa,2021-03-13,26,4455,3,290,8,4072,15,93,7,2668,19,1002,22,3670,California
Mariposa,2021-03-14,16,4471,1,291,4,4076,11,104,2,2667,14,1016,13,3683,California
Mariposa,2021-03-15,75,4546,6,297,31,4107,38,142,31,2692,44,1060,69,3752,California
Mariposa,2021-03-16,42,4588,4,301,4,4111,34,176,5,2694,37,1097,39,3791,California
Mariposa,2021-03-17,53,4641,4,305,43,4154,6,182,45,2738,8,1105,52,3843,California
Mariposa,2021-03-18,45,4686,5,310,31,4185,9,191,33,2768,12,1117,42,3885,California
Mariposa,2021-03-19,331,5017,4,314,318,4503,9,200,297,3040,34,1151,306,4191,California
Mariposa,2021-03-20,419,5436,4,318,414,4917,1,201,46,2716,373,1524,49,4240,California
Mariposa,2021-03-21,8,5444,7,325,0,4917,1,202,5,2719,3,1527,6,4246,California
Mariposa,2021-03-22,33,5477,3,328,19,4936,11,213,21,2740,12,1539,33,4279,California
Mariposa,2021-03-23,21,5498,3,331,4,4940,14,227,3,2739,18,1557,17,4296,California
Mariposa,2021-03-24,49,5547,1,332,46,4986,2,229,47,2786,2,1559,49,4345,California
Mariposa,2021-03-25,58,5605,7,339,43,5029,8,237,46,2828,12,1571,54,4399,California
Mariposa,2021-03-26,471,6076,7,346,462,5491,2,239,243,2845,228,1799,245,4644,California
Mariposa,2021-03-27,214,6290,3,349,211,5702,0,239,85,2802,129,1928,86,4730,California
Mariposa,2021-03-28,4,6294,0,349,1,5703,3,242,0,2801,4,1932,3,4733,California
Mariposa,2021-03-29,12,6306,2,351,10,5713,0,242,7,2803,5,1937,7,4740,California
Mariposa,2021-03-30,19,6325,1,352,2,5715,16,258,1,2802,18,1955,17,4757,California
Mariposa,2021-03-31,71,6396,5,357,65,5780,1,259,61,2854,10,1965,62,4819,California
Mariposa,2021-04-01,6,6402,2,359,3,5783,1,260,2,2853,4,1969,3,4822,California
Mariposa,2021-04-02,32,6434,4,363,27,5810,1,261,9,2840,23,1992,10,4832,California
Mariposa,2021-04-03,5,6439,3,366,2,5812,0,261,3,2841,2,1994,3,4835,California
Mariposa,2021-04-04,2,6441,1,367,0,5812,1,262,0,2840,2,1996,1,4836,California
Mariposa,2021-04-05,12,6453,8,375,2,5814,2,264,6,2842,6,2002,8,4844,California
Mariposa,2021-04-06,23,6476,8,383,1,5815,14,278,1,2836,21,2023,15,4859,California
Mariposa,2021-04-07,25,6501,3,386,6,5821,16,294,1,2829,24,2047,17,4876,California
Mariposa,2021-04-08,33,6534,7,393,7,5828,19,313,8,2831,25,2072,27,4903,California
Mariposa,2021-04-09,8,6542,4,397,4,5832,0,313,3,2829,5,2077,3,4906,California
Mendocino,2020-12-17,70,70,70,70,0,0,0,0,70,70,0,0,70,70,California
Mendocino,2020-12-18,85,155,84,154,1,1,0,0,84,154,0,0,84,154,California
Mendocino,2020-12-19,4,159,4,158,0,1,0,0,4,158,0,0,4,158,California
Mendocino,2020-12-20,7,166,7,165,0,1,0,0,7,165,0,0,7,165,California
Mendocino,2020-12-21,245,411,245,410,0,1,0,0,77,242,0,0,77,242,California
Mendocino,2020-12-22,250,661,189,599,61,62,0,0,250,492,0,0,250,492,California
Mendocino,2020-12-23,270,931,47,646,223,285,0,0,269,761,0,0,269,761,California
Mendocino,2020-12-24,49,980,8,654,41,326,0,0,49,810,0,0,49,810,California
Mendocino,2020-12-25,1,981,0,654,1,327,0,0,1,811,0,0,1,811,California
Mendocino,2020-12-26,2,983,2,656,0,327,0,0,2,813,0,0,2,813,California
Mendocino,2020-12-27,1,984,0,656,1,328,0,0,1,814,0,0,1,814,California
Mendocino,2020-12-28,73,1057,8,664,65,393,0,0,73,887,0,0,73,887,California
Mendocino,2020-12-29,121,1178,61,725,60,453,0,0,121,1008,0,0,121,1008,California
Mendocino,2020-12-30,123,1301,68,793,55,508,0,0,123,1131,0,0,123,1131,California
Mendocino,2020-12-31,130,1431,95,888,35,543,0,0,130,1261,0,0,130,1261,California
Mendocino,2021-01-01,4,1435,2,890,2,545,0,0,4,1265,0,0,4,1265,California
Mendocino,2021-01-02,1,1436,1,891,0,545,0,0,1,1266,0,0,1,1266,California
Mendocino,2021-01-04,841,2277,19,910,822,1367,0,0,841,2107,0,0,841,2107,California
Mendocino,2021-01-05,71,2348,35,945,36,1403,0,0,58,2152,13,13,58,2165,California
Mendocino,2021-01-06,151,2499,129,1074,22,1425,0,0,141,2283,10,23,141,2306,California
Mendocino,2021-01-07,358,2857,237,1311,121,1546,0,0,295,2515,63,86,295,2601,California
Mendocino,2021-01-08,95,2952,82,1393,13,1559,0,0,41,2503,54,140,42,2643,California
Mendocino,2021-01-09,10,2962,6,1399,4,1563,0,0,8,2509,2,142,8,2651,California
Mendocino,2021-01-10,8,2970,8,1407,0,1563,0,0,1,2503,7,149,1,2652,California
Mendocino,2021-01-11,101,3071,92,1499,9,1572,0,0,43,2489,57,206,43,2695,California
Mendocino,2021-01-12,386,3457,376,1875,10,1582,0,0,270,2643,116,322,270,2965,California
Mendocino,2021-01-13,480,3937,144,2019,336,1918,0,0,440,3046,38,360,441,3406,California
Mendocino,2021-01-14,634,4571,20,2039,614,2532,0,0,625,3662,9,369,625,4031,California
Mendocino,2021-01-15,1857,6428,859,2898,998,3530,0,0,1853,5511,4,373,1853,5884,California
Mendocino,2021-01-16,791,7219,50,2948,741,4271,0,0,789,6298,2,375,789,6673,California
Mendocino,2021-01-17,554,7773,1,2949,553,4824,0,0,553,6850,1,376,553,7226,California
Mendocino,2021-01-18,488,8261,463,3412,25,4849,0,0,476,7314,12,388,476,7702,California
Mendocino,2021-01-19,331,8592,146,3558,185,5034,0,0,155,7293,176,564,155,7857,California
Mendocino,2021-01-20,552,9144,405,3963,147,5181,0,0,446,7636,104,668,447,8304,California
Mendocino,2021-01-21,533,9677,221,4184,312,5493,0,0,349,7802,183,851,349,8653,California
Mendocino,2021-01-22,149,9826,58,4242,91,5584,0,0,110,7873,39,890,110,8763,California
Mendocino,2021-01-23,155,9981,83,4325,72,5656,0,0,149,8016,6,896,149,8912,California
Mendocino,2021-01-24,5,9986,3,4328,2,5658,0,0,5,8021,0,896,5,8917,California
Mendocino,2021-01-25,191,10177,18,4346,173,5831,0,0,121,8072,70,966,121,9038,California
Mendocino,2021-01-26,155,10332,57,4403,98,5929,0,0,95,8107,60,1026,95,9133,California
Mendocino,2021-01-27,433,10765,363,4766,70,5999,0,0,173,8027,253,1279,173,9306,California
Mendocino,2021-01-28,584,11349,520,5286,64,6063,0,0,491,8425,93,1372,491,9797,California
Mendocino,2021-01-29,388,11737,348,5634,40,6103,0,0,359,8756,29,1401,360,10157,California
Mendocino,2021-01-30,48,11785,30,5664,18,6121,0,0,41,8790,7,1408,41,10198,California
Mendocino,2021-01-31,274,12059,2,5666,272,6393,0,0,3,8522,271,1679,3,10201,California
Mendocino,2021-02-01,377,12436,50,5716,327,6720,0,0,55,8255,322,2001,55,10256,California
Mendocino,2021-02-02,720,13156,501,6217,219,6939,0,0,362,8259,358,2359,362,10618,California
Mendocino,2021-02-03,391,13547,205,6422,186,7125,0,0,221,8312,168,2527,221,10839,California
Mendocino,2021-02-04,626,14173,530,6952,96,7221,0,0,502,8690,124,2651,502,11341,California
Mendocino,2021-02-05,1300,15473,1212,8164,88,7309,0,0,585,8561,714,3365,585,11926,California
Mendocino,2021-02-06,557,16030,157,8321,400,7709,0,0,542,9088,15,3380,542,12468,California
Mendocino,2021-02-07,31,16061,27,8348,4,7713,0,0,31,9119,0,3380,31,12499,California
Mendocino,2021-02-08,745,16806,714,9062,31,7744,0,0,284,8942,461,3841,284,12783,California
Mendocino,2021-02-09,141,16947,58,9120,83,7827,0,0,89,8979,52,3893,89,12872,California
Mendocino,2021-02-10,1479,18426,921,10041,558,8385,0,0,742,8993,731,4624,745,13617,California
Mendocino,2021-02-11,1132,19558,209,10250,923,9308,0,0,286,8433,846,5470,286,13903,California
Mendocino,2021-02-12,1399,20957,157,10407,1242,10550,0,0,634,8303,764,6234,634,14537,California
Mendocino,2021-02-13,495,21452,12,10419,483,11033,0,0,102,8017,393,6627,107,14644,California
Mendocino,2021-02-14,697,22149,3,10422,694,11727,0,0,136,7592,561,7188,136,14780,California
Mendocino,2021-02-15,327,22476,43,10465,284,12011,0,0,172,7609,155,7343,172,14952,California
Mendocino,2021-02-16,199,22675,50,10515,149,12160,0,0,131,7672,68,7411,131,15083,California
Mendocino,2021-02-17,1349,24024,1187,11702,162,12322,0,0,877,8079,470,7881,877,15960,California
Mendocino,2021-02-18,1778,25802,637,12339,1141,13463,0,0,1213,8727,565,8446,1213,17173,California
Mendocino,2021-02-19,747,26549,145,12484,602,14065,0,0,608,9196,139,8585,608,17781,California
Mendocino,2021-02-20,572,27121,546,13030,26,14091,0,0,542,9710,28,8613,542,18323,California
Mendocino,2021-02-21,326,27447,5,13035,321,14412,0,0,314,10013,11,8624,314,18637,California
Mendocino,2021-02-22,162,27609,30,13065,132,14544,0,0,71,9994,90,8714,71,18708,California
Mendocino,2021-02-23,668,28277,656,13721,12,14556,0,0,610,10547,57,8771,610,19318,California
Mendocino,2021-02-24,1837,30114,1758,15479,79,14635,0,0,1429,11573,405,9176,1431,20749,California
Mendocino,2021-02-25,1703,31817,532,16011,1171,15806,0,0,1285,12441,417,9593,1285,22034,California
Mendocino,2021-02-26,1399,33216,746,16757,653,16459,0,0,1038,13120,359,9952,1038,23072,California
Mendocino,2021-02-27,197,33413,150,16907,47,16506,0,0,76,13076,120,10072,76,23148,California
Mendocino,2021-02-28,35,33448,13,16920,22,16528,0,0,25,13091,10,10082,25,23173,California
Mendocino,2021-03-01,577,34025,534,17454,43,16571,0,0,540,13594,37,10119,540,23713,California
Mendocino,2021-03-02,70,34095,24,17478,46,16617,0,0,41,13607,28,10147,41,23754,California
Mendocino,2021-03-03,1689,35784,1322,18800,367,16984,0,0,1059,14037,629,10776,1059,24813,California
Mendocino,2021-03-04,1764,37548,146,18946,1618,18602,0,0,1547,15370,215,10991,1548,26361,California
Mendocino,2021-03-05,205,37753,142,19088,54,18656,9,9,114,15404,89,11080,123,26484,California
Mendocino,2021-03-06,239,37992,20,19108,196,18852,23,32,201,15591,37,11117,224,26708,California
Mendocino,2021-03-07,502,38494,6,19114,476,19328,20,52,116,15341,385,11502,135,26843,California
Mendocino,2021-03-08,124,38618,29,19143,59,19387,36,88,64,15383,58,11560,100,26943,California
Mendocino,2021-03-09,441,39059,224,19367,176,19563,41,129,346,15675,95,11655,387,27330,California
Mendocino,2021-03-10,1108,40167,980,20347,62,19625,66,195,267,15172,839,12494,336,27666,California
Mendocino,2021-03-11,819,40986,609,20956,157,19782,53,248,398,15204,419,12913,451,28117,California
Mendocino,2021-03-12,1998,42984,1026,21982,878,20660,94,342,1210,15726,782,13695,1304,29421,California
Mendocino,2021-03-13,648,43632,524,22506,67,20727,57,399,97,15333,547,14242,154,29575,California
Mendocino,2021-03-14,104,43736,2,22508,95,20822,7,406,11,15260,91,14333,18,29593,California
Mendocino,2021-03-15,595,44331,51,22559,487,21309,57,463,209,15141,385,14718,266,29859,California
Mendocino,2021-03-16,572,44903,374,22933,153,21462,45,508,141,14898,429,15147,186,30045,California
Mendocino,2021-03-17,1559,46462,1357,24290,55,21517,147,655,213,13921,1344,16491,367,30412,California
Mendocino,2021-03-18,1303,47765,246,24536,1019,22536,38,693,283,13229,1012,17503,320,30732,California
Mendocino,2021-03-19,1756,49521,857,25393,838,23374,61,754,336,12212,1416,18919,399,31131,California
Mendocino,2021-03-20,71,49592,12,25405,38,23412,21,775,15,12192,56,18975,36,31167,California
Mendocino,2021-03-21,9,49601,1,25406,3,23415,5,780,4,12196,5,18980,9,31176,California
Mendocino,2021-03-22,627,50228,583,25989,15,23430,29,809,148,11896,476,19456,176,31352,California
Mendocino,2021-03-23,167,50395,34,26023,103,23533,30,839,117,11993,50,19506,147,31499,California
Mendocino,2021-03-24,898,51293,826,26849,25,23558,47,886,114,11372,782,20288,161,31660,California
Mendocino,2021-03-25,1973,53266,51,26900,1903,25461,19,905,165,9749,1806,22094,183,31843,California
Mendocino,2021-03-26,506,53772,359,27259,123,25584,24,929,330,9927,176,22270,354,32197,California
Mendocino,2021-03-27,141,53913,12,27271,118,25702,11,940,83,9963,57,22327,93,32290,California
Mendocino,2021-03-28,26,53939,5,27276,17,25719,4,944,4,9949,22,22349,8,32298,California
Mendocino,2021-03-29,187,54126,98,27374,47,25766,42,986,96,9996,91,22440,138,32436,California
Mendocino,2021-03-30,683,54809,598,27972,48,25814,37,1023,420,10191,262,22702,457,32893,California
Mendocino,2021-03-31,848,55657,270,28242,519,26333,59,1082,408,10220,438,23140,467,33360,California
Mendocino,2021-04-01,1621,57278,395,28637,1168,27501,58,1140,372,9407,1242,24382,429,33789,California
Mendocino,2021-04-02,1280,58558,1053,29690,154,27655,73,1213,224,8651,1053,25435,297,34086,California
Mendocino,2021-04-03,706,59264,7,29697,678,28333,21,1234,88,8146,614,26049,109,34195,California
Mendocino,2021-04-04,68,59332,33,29730,29,28362,6,1240,53,8190,15,26064,59,34254,California
Mendocino,2021-04-05,195,59527,132,29862,41,28403,22,1262,123,8261,72,26136,143,34397,California
Mendocino,2021-04-06,337,59864,120,29982,140,28543,77,1339,103,8207,234,26370,180,34577,California
Mendocino,2021-04-07,396,60260,121,30103,69,28612,206,1545,102,8222,293,26663,308,34885,California
Mendocino,2021-04-08,1397,61657,875,30978,422,29034,100,1645,964,8860,427,27090,1065,35950,California
Mendocino,2021-04-09,491,62148,298,31276,81,29115,112,1757,269,9019,222,27312,381,36331,California
Merced,2020-12-16,3,3,3,3,0,0,0,0,3,3,0,0,3,3,California
Merced,2020-12-17,5,8,5,8,0,0,0,0,5,8,0,0,5,8,California
Merced,2020-12-18,144,152,144,152,0,0,0,0,144,152,0,0,144,152,California
Merced,2020-12-19,38,190,38,190,0,0,0,0,38,190,0,0,38,190,California
Merced,2020-12-20,17,207,17,207,0,0,0,0,17,207,0,0,17,207,California
Merced,2020-12-21,129,336,126,333,3,3,0,0,129,336,0,0,129,336,California
Merced,2020-12-22,162,498,162,495,0,3,0,0,162,498,0,0,162,498,California
Merced,2020-12-23,304,802,289,784,15,18,0,0,304,802,0,0,304,802,California
Merced,2020-12-24,71,873,71,855,0,18,0,0,71,873,0,0,71,873,California
Merced,2020-12-25,5,878,5,860,0,18,0,0,5,878,0,0,5,878,California
Merced,2020-12-26,7,885,4,864,3,21,0,0,7,885,0,0,7,885,California
Merced,2020-12-27,12,897,11,875,1,22,0,0,12,897,0,0,12,897,California
Merced,2020-12-28,124,1021,100,975,24,46,0,0,124,1021,0,0,124,1021,California
Merced,2020-12-29,189,1210,135,1110,54,100,0,0,189,1210,0,0,189,1210,California
Merced,2020-12-30,239,1449,93,1203,146,246,0,0,238,1448,0,0,238,1448,California
Merced,2020-12-31,126,1575,39,1242,87,333,0,0,123,1571,0,0,123,1571,California
Merced,2021-01-01,1,1576,0,1242,1,334,0,0,1,1572,0,0,1,1572,California
Merced,2021-01-02,128,1704,117,1359,11,345,0,0,129,1701,0,0,129,1701,California
Merced,2021-01-03,9,1713,5,1364,4,349,0,0,9,1710,0,0,9,1710,California
Merced,2021-01-04,84,1797,41,1405,43,392,0,0,84,1794,0,0,84,1794,California
Merced,2021-01-05,320,2117,231,1636,89,481,0,0,321,2111,6,6,323,2117,California
Merced,2021-01-06,271,2388,97,1733,174,655,0,0,266,2371,6,12,266,2383,California
Merced,2021-01-07,191,2579,79,1812,112,767,0,0,191,2551,11,23,191,2574,California
Merced,2021-01-08,541,3120,399,2211,142,909,0,0,398,2800,149,172,398,2972,California
Merced,2021-01-09,23,3143,10,2221,13,922,0,0,17,2811,6,178,17,2989,California
Merced,2021-01-10,10,3153,6,2227,4,926,0,0,6,2813,4,182,6,2995,California
Merced,2021-01-11,245,3398,169,2396,76,1002,0,0,118,2806,126,308,119,3114,California
Merced,2021-01-12,310,3708,161,2557,149,1151,0,0,257,3007,56,364,257,3371,California
Merced,2021-01-13,450,4158,232,2789,218,1369,0,0,237,3039,207,571,239,3610,California
Merced,2021-01-14,353,4511,213,3002,140,1509,0,0,182,3053,170,741,184,3794,California
Merced,2021-01-15,684,5195,149,3151,535,2044,0,0,661,3677,39,780,663,4457,California
Merced,2021-01-16,243,5438,152,3303,91,2135,0,0,238,3910,5,785,238,4695,California
Merced,2021-01-17,48,5486,11,3314,37,2172,0,0,47,3956,1,786,47,4742,California
Merced,2021-01-18,329,5815,155,3469,174,2346,0,0,307,4244,22,808,310,5052,California
Merced,2021-01-19,732,6547,583,4052,149,2495,0,0,550,4616,182,990,554,5606,California
Merced,2021-01-20,592,7139,484,4536,108,2603,0,0,528,5082,64,1054,530,6136,California
Merced,2021-01-21,1057,8196,687,5223,370,2973,0,0,956,5939,102,1156,959,7095,California
Merced,2021-01-22,1392,9588,711,5934,681,3654,0,0,1368,7293,26,1182,1380,8475,California
Merced,2021-01-23,306,9894,184,6118,122,3776,0,0,203,7391,105,1287,203,8678,California
Merced,2021-01-24,32,9926,15,6133,17,3793,0,0,23,7406,8,1295,23,8701,California
Merced,2021-01-25,779,10705,269,6402,510,4303,0,0,702,8049,59,1354,702,9403,California
Merced,2021-01-26,944,11649,480,6882,464,4767,0,0,688,8529,209,1563,689,10092,California
Merced,2021-01-27,1029,12678,583,7465,446,5213,0,0,840,9207,162,1725,840,10932,California
Merced,2021-01-28,1202,13880,586,8051,616,5829,0,0,1044,10118,134,1859,1045,11977,California
Merced,2021-01-29,907,14787,339,8390,568,6397,0,0,650,10527,244,2103,653,12630,California
Merced,2021-01-30,286,15073,27,8417,259,6656,0,0,270,10781,16,2119,270,12900,California
Merced,2021-01-31,47,15120,10,8427,37,6693,0,0,46,10826,1,2120,46,12946,California
Merced,2021-02-01,373,15493,51,8478,322,7015,0,0,322,11098,50,2170,322,13268,California
Merced,2021-02-02,291,15784,180,8658,111,7126,0,0,172,11154,117,2287,173,13441,California
Merced,2021-02-03,395,16179,71,8729,324,7450,0,0,200,11159,195,2482,200,13641,California
Merced,2021-02-04,429,16608,158,8887,271,7721,0,0,273,11280,153,2635,274,13915,California
Merced,2021-02-05,623,17231,215,9102,408,8129,0,0,321,11314,289,2924,323,14238,California
Merced,2021-02-06,443,17674,248,9350,195,8324,0,0,270,11413,171,3095,270,14508,California
Merced,2021-02-07,20,17694,12,9362,8,8332,0,0,13,11419,7,3102,13,14521,California
Merced,2021-02-08,320,18014,218,9580,102,8434,0,0,180,11463,137,3239,181,14702,California
Merced,2021-02-09,1277,19291,963,10543,314,8748,0,0,804,11812,456,3695,805,15507,California
Merced,2021-02-10,1920,21211,1434,11977,486,9234,0,0,1335,12569,578,4273,1335,16842,California
Merced,2021-02-11,2608,23819,2041,14018,567,9801,0,0,1855,13677,747,5020,1855,18697,California
Merced,2021-02-12,1890,25709,1060,15078,830,10631,0,0,837,13473,1041,6061,837,19534,California
Merced,2021-02-13,362,26071,201,15279,161,10792,0,0,267,13646,95,6156,268,19802,California
Merced,2021-02-14,117,26188,27,15306,90,10882,0,0,95,13720,22,6178,96,19898,California
Merced,2021-02-15,273,26461,41,15347,232,11114,0,0,169,13791,99,6277,170,20068,California
Merced,2021-02-16,1288,27749,863,16210,425,11539,0,0,862,14250,406,6683,865,20933,California
Merced,2021-02-17,1945,29694,1676,17886,269,11808,0,0,1369,15057,564,7247,1371,22304,California
Merced,2021-02-18,1312,31006,853,18739,459,12267,0,0,456,14683,830,8077,456,22760,California
Merced,2021-02-19,1321,32327,438,19177,883,13150,0,0,574,14518,741,8818,576,23336,California
Merced,2021-02-20,274,32601,32,19209,242,13392,0,0,142,14529,131,8949,142,23478,California
Merced,2021-02-21,72,32673,57,19266,15,13407,0,0,28,14513,44,8993,28,23506,California
Merced,2021-02-22,921,33594,373,19639,548,13955,0,0,576,14745,344,9337,576,24082,California
Merced,2021-02-23,1181,34775,487,20126,694,14649,0,0,734,15036,443,9780,734,24816,California
Merced,2021-02-24,849,35624,301,20427,548,15197,0,0,465,15126,375,10155,465,25281,California
Merced,2021-02-25,1896,37520,936,21363,960,16157,0,0,1420,16085,462,10617,1421,26702,California
Merced,2021-02-26,2350,39870,1504,22867,846,17003,0,0,1924,17582,428,11045,1925,28627,California
Merced,2021-02-27,2758,42628,1172,24039,1586,18589,0,0,2448,19724,306,11351,2448,31075,California
Merced,2021-02-28,331,42959,70,24109,261,18850,0,0,286,19966,44,11395,286,31361,California
Merced,2021-03-01,1183,44142,276,24385,907,19757,0,0,855,20496,325,11720,855,32216,California
Merced,2021-03-02,1803,45945,915,25300,888,20645,0,0,1402,21513,385,12105,1402,33618,California
Merced,2021-03-03,2360,48305,1822,27122,537,21182,1,1,1566,22319,762,12867,1568,35186,California
Merced,2021-03-04,3098,51403,2434,29556,662,21844,2,3,2205,23555,971,13838,2207,37393,California
Merced,2021-03-05,2483,53886,1537,31093,923,22767,23,26,1871,24865,585,14423,1895,39288,California
Merced,2021-03-06,1239,55125,705,31798,513,23280,21,47,964,25573,277,14700,985,40273,California
Merced,2021-03-07,279,55404,61,31859,193,23473,25,72,250,25819,29,14729,275,40548,California
Merced,2021-03-08,1254,56658,622,32481,567,24040,65,137,1044,26717,210,14939,1108,41656,California
Merced,2021-03-09,1714,58372,1038,33519,563,24603,113,250,1151,27422,560,15499,1265,42921,California
Merced,2021-03-10,2905,61277,2018,35537,673,25276,214,464,1822,28383,1081,16580,2042,44963,California
Merced,2021-03-11,1945,63222,653,36190,1089,26365,203,667,1387,29447,551,17131,1615,46578,California
Merced,2021-03-12,2482,65704,1130,37320,1087,27452,265,932,1722,30685,760,17891,1998,48576,California
Merced,2021-03-13,751,66455,365,37685,144,27596,242,1174,445,31073,300,18191,688,49264,California
Merced,2021-03-14,246,66701,136,37821,80,27676,30,1204,148,31155,97,18288,179,49443,California
Merced,2021-03-15,1562,68263,526,38347,771,28447,265,1469,1035,31933,521,18809,1299,50742,California
Merced,2021-03-16,1557,69820,791,39138,543,28990,223,1692,1066,32740,482,19291,1289,52031,California
Merced,2021-03-17,2229,72049,1284,40422,764,29754,181,1873,1767,34236,454,19745,1950,53981,California
Merced,2021-03-18,2079,74128,1175,41597,747,30501,157,2030,1427,35188,644,20389,1596,55577,California
Merced,2021-03-19,3134,77262,1863,43460,1078,31579,193,2223,1730,35721,1394,21783,1927,57504,California
Merced,2021-03-20,2389,79651,1517,44977,533,32112,339,2562,1172,36023,1212,22995,1514,59018,California
Merced,2021-03-21,672,80323,340,45317,319,32431,13,2575,555,36477,117,23112,571,59589,California
Merced,2021-03-22,1116,81439,481,45798,551,32982,84,2659,728,36910,380,23492,813,60402,California
Merced,2021-03-23,1927,83366,1170,46968,693,33675,64,2723,1462,37974,463,23955,1527,61929,California
Merced,2021-03-24,1405,84771,840,47808,521,34196,44,2767,1050,38723,344,24299,1093,63022,California
Merced,2021-03-25,3441,88212,2411,50219,1008,35204,22,2789,2077,39467,1358,25657,2102,65124,California
Merced,2021-03-26,2138,90350,1281,51500,828,36032,29,2818,914,39195,1215,26872,943,66067,California
Merced,2021-03-27,2632,92982,1223,52723,1342,37374,67,2885,945,38529,1678,28550,1012,67079,California
Merced,2021-03-28,574,93556,206,52929,361,37735,7,2892,253,38470,321,28871,262,67341,California
Merced,2021-03-29,1638,95194,453,53382,938,38673,247,3139,652,38392,981,29852,903,68244,California
Merced,2021-03-30,2291,97485,856,54238,1377,40050,58,3197,1043,38250,1243,31095,1101,69345,California
Merced,2021-03-31,2390,99875,1650,55888,708,40758,32,3229,1047,38000,1330,32425,1080,70425,California
Merced,2021-04-01,2171,102046,1083,56971,982,41740,106,3335,755,37452,1411,33836,863,71288,California
Merced,2021-04-02,2356,104402,738,57709,1420,43160,198,3533,949,37208,1394,35230,1150,72438,California
Merced,2021-04-03,894,105296,402,58111,482,43642,10,3543,457,37240,436,35666,468,72906,California
Merced,2021-04-04,455,105751,139,58250,313,43955,3,3546,195,37181,259,35925,200,73106,California
Merced,2021-04-05,1290,107041,517,58767,485,44440,288,3834,404,36988,885,36810,692,73798,California
Merced,2021-04-06,1853,108894,643,59410,692,45132,518,4352,668,36992,1184,37994,1188,74986,California
Merced,2021-04-07,1120,110014,386,59796,604,45736,130,4482,397,36807,717,38711,532,75518,California
Merced,2021-04-08,1154,111168,452,60248,555,46291,147,4629,546,36919,584,39295,696,76214,California
Merced,2021-04-09,849,112017,304,60552,407,46698,138,4767,317,36857,519,39814,457,76671,California
Modoc,2020-12-16,1,1,1,1,0,0,0,0,1,1,0,0,1,1,California
Modoc,2020-12-21,100,101,100,101,0,0,0,0,100,101,0,0,100,101,California
Modoc,2020-12-22,14,115,14,115,0,0,0,0,14,115,0,0,14,115,California
Modoc,2020-12-23,4,119,4,119,0,0,0,0,4,119,0,0,4,119,California
Modoc,2020-12-24,1,120,1,120,0,0,0,0,1,120,0,0,1,120,California
Modoc,2020-12-28,2,122,2,122,0,0,0,0,2,122,0,0,2,122,California
Modoc,2020-12-29,10,132,1,123,9,9,0,0,10,132,0,0,10,132,California
Modoc,2020-12-30,7,139,0,123,7,16,0,0,7,139,0,0,7,139,California
Modoc,2021-01-02,2,141,0,123,2,18,0,0,2,141,0,0,2,141,California
Modoc,2021-01-04,8,149,0,123,8,26,0,0,8,149,0,0,8,149,California
Modoc,2021-01-05,2,151,1,124,1,27,0,0,2,151,0,0,2,151,California
Modoc,2021-01-06,3,154,2,126,1,28,0,0,2,152,1,1,2,153,California
Modoc,2021-01-07,72,226,0,126,72,100,0,0,72,224,0,1,72,225,California
Modoc,2021-01-08,105,331,0,126,105,205,0,0,105,329,0,1,105,330,California
Modoc,2021-01-10,1,332,1,127,0,205,0,0,0,328,1,2,0,330,California
Modoc,2021-01-11,92,424,83,210,9,214,0,0,19,274,73,75,19,349,California
Modoc,2021-01-12,94,518,25,235,69,283,0,0,68,316,26,101,68,417,California
Modoc,2021-01-13,24,542,4,239,20,303,0,0,22,336,2,103,22,439,California
Modoc,2021-01-14,129,671,6,245,123,426,0,0,124,455,5,108,124,563,California
Modoc,2021-01-15,6,677,1,246,5,431,0,0,6,461,0,108,6,569,California
Modoc,2021-01-16,1,678,1,247,0,431,0,0,1,462,0,108,1,570,California
Modoc,2021-01-18,1,679,1,248,0,431,0,0,1,463,0,108,1,571,California
Modoc,2021-01-19,5,684,3,251,2,433,0,0,3,464,2,110,3,574,California
Modoc,2021-01-20,11,695,1,252,10,443,0,0,11,475,0,110,11,585,California
Modoc,2021-01-21,158,853,2,254,156,599,0,0,158,633,0,110,158,743,California
Modoc,2021-01-22,2,855,0,254,2,601,0,0,2,635,0,110,2,745,California
Modoc,2021-01-25,11,866,0,254,11,612,0,0,11,646,0,110,11,756,California
Modoc,2021-01-26,65,931,1,255,64,676,0,0,65,711,0,110,65,821,California
Modoc,2021-01-27,41,972,2,257,39,715,0,0,25,720,16,126,25,846,California
Modoc,2021-01-28,144,1116,1,258,143,858,0,0,144,864,0,126,144,990,California
Modoc,2021-01-29,3,1119,1,259,2,860,0,0,3,867,0,126,3,993,California
Modoc,2021-02-01,25,1144,12,271,13,873,0,0,11,864,14,140,11,1004,California
Modoc,2021-02-02,170,1314,2,273,168,1041,0,0,167,1028,3,143,167,1171,California
Modoc,2021-02-03,18,1332,13,286,5,1046,0,0,11,1032,7,150,11,1182,California
Modoc,2021-02-04,155,1487,4,290,151,1197,0,0,27,931,128,278,27,1209,California
Modoc,2021-02-05,4,1491,3,293,1,1198,0,0,3,933,1,279,3,1212,California
Modoc,2021-02-08,9,1500,2,295,7,1205,0,0,8,940,1,280,8,1220,California
Modoc,2021-02-09,197,1697,13,308,184,1389,0,0,66,875,131,411,66,1286,California
Modoc,2021-02-10,5,1702,2,310,3,1392,0,0,4,878,1,412,4,1290,California
Modoc,2021-02-11,200,1902,3,313,197,1589,0,0,82,842,118,530,82,1372,California
Modoc,2021-02-12,5,1907,1,314,4,1593,0,0,3,843,2,532,3,1375,California
Modoc,2021-02-13,1,1908,0,314,1,1594,0,0,1,844,0,532,1,1376,California
Modoc,2021-02-16,147,2055,6,320,141,1735,0,0,143,983,4,536,143,1519,California
Modoc,2021-02-17,24,2079,1,321,23,1758,0,0,12,983,12,548,12,1531,California
Modoc,2021-02-18,189,2268,2,323,187,1945,0,0,25,846,163,711,26,1557,California
Modoc,2021-02-19,2,2270,2,325,0,1945,0,0,2,848,0,711,2,1559,California
Modoc,2021-02-20,1,2271,1,326,0,1945,0,0,1,849,0,711,1,1560,California
Modoc,2021-02-22,16,2287,8,334,8,1953,0,0,3,839,13,724,3,1563,California
Modoc,2021-02-23,21,2308,3,337,18,1971,0,0,1,820,20,744,1,1564,California
Modoc,2021-02-24,90,2398,1,338,89,2060,0,0,30,790,60,804,30,1594,California
Modoc,2021-02-25,168,2566,0,338,168,2228,0,0,12,646,156,960,12,1606,California
Modoc,2021-02-26,3,2569,0,338,3,2231,0,0,1,645,2,962,1,1607,California
Modoc,2021-02-27,5,2574,5,343,0,2231,0,0,2,644,3,965,2,1609,California
Modoc,2021-03-01,4,2578,0,343,4,2235,0,0,0,640,4,969,0,1609,California
Modoc,2021-03-02,193,2771,12,355,181,2416,0,0,26,499,167,1136,26,1635,California
Modoc,2021-03-03,12,2783,6,361,6,2422,0,0,2,491,10,1146,2,1637,California
Modoc,2021-03-04,175,2958,2,363,173,2595,0,0,148,612,27,1173,148,1785,California
Modoc,2021-03-05,4,2962,3,366,1,2596,0,0,2,612,2,1175,2,1787,California
Modoc,2021-03-06,10,2972,0,366,0,2596,10,10,0,612,10,1185,10,1797,California
Modoc,2021-03-07,6,2978,1,367,0,2596,5,15,1,613,5,1190,6,1803,California
Modoc,2021-03-08,7,2985,1,368,2,2598,4,19,1,612,6,1196,5,1808,California
Modoc,2021-03-09,127,3112,10,378,109,2707,8,27,61,615,66,1262,69,1877,California
Modoc,2021-03-10,9,3121,3,381,2,2709,4,31,4,618,5,1267,8,1885,California
Modoc,2021-03-11,205,3326,0,381,98,2807,107,138,22,564,183,1450,129,2014,California
Modoc,2021-03-12,10,3336,1,382,4,2811,5,143,4,567,6,1456,9,2023,California
Modoc,2021-03-13,4,3340,0,382,1,2812,3,146,1,568,3,1459,4,2027,California
Modoc,2021-03-15,12,3352,1,383,10,2822,1,147,10,577,2,1461,11,2038,California
Modoc,2021-03-16,173,3525,1,384,168,2990,4,151,42,491,131,1592,45,2083,California
Modoc,2021-03-17,10,3535,1,385,4,2994,5,156,2,490,8,1600,7,2090,California
Modoc,2021-03-18,66,3601,1,386,58,3052,7,163,34,499,32,1632,41,2131,California
Modoc,2021-03-19,5,3606,0,386,0,3052,5,168,0,499,5,1637,5,2136,California
Modoc,2021-03-20,6,3612,2,388,1,3053,3,171,1,498,5,1642,4,2140,California
Modoc,2021-03-21,4,3616,1,389,1,3054,2,173,2,500,2,1644,4,2144,California
Modoc,2021-03-22,18,3634,1,390,11,3065,6,179,12,512,6,1650,18,2162,California
Modoc,2021-03-23,32,3666,4,394,25,3090,3,182,24,531,8,1658,27,2189,California
Modoc,2021-03-24,29,3695,1,395,18,3108,10,192,2,516,27,1685,12,2201,California
Modoc,2021-03-25,64,3759,1,396,61,3169,2,194,32,518,32,1717,34,2235,California
Modoc,2021-03-26,7,3766,2,398,2,3171,3,197,2,518,5,1722,5,2240,California
Modoc,2021-03-27,2,3768,0,398,1,3172,1,198,1,519,1,1723,2,2242,California
Modoc,2021-03-28,2,3770,1,399,0,3172,1,199,0,518,2,1725,1,2243,California
Modoc,2021-03-29,14,3784,1,400,5,3177,8,207,5,522,9,1734,13,2256,California
Modoc,2021-03-30,56,3840,11,411,39,3216,6,213,23,518,33,1767,29,2285,California
Modoc,2021-03-31,9,3849,3,414,2,3218,4,217,3,519,6,1773,7,2292,California
Modoc,2021-04-01,170,4019,3,417,162,3380,5,222,35,424,135,1908,40,2332,California
Modoc,2021-04-02,5,4024,0,417,2,3382,3,225,1,425,3,1911,4,2336,California
Modoc,2021-04-03,4,4028,2,419,0,3382,2,227,2,427,2,1913,4,2340,California
Modoc,2021-04-05,9,4037,0,419,9,3391,0,227,9,436,0,1913,9,2349,California
Modoc,2021-04-06,21,4058,5,424,7,3398,9,236,4,432,17,1930,13,2362,California
Modoc,2021-04-07,11,4069,1,425,3,3401,7,243,2,432,9,1939,9,2371,California
Modoc,2021-04-08,96,4165,1,426,93,3494,2,245,26,390,70,2009,28,2399,California
Modoc,2021-04-09,9,4174,0,426,7,3501,2,247,2,386,7,2016,3,2402,California
Mono,2020-12-18,1,1,1,1,0,0,0,0,1,1,0,0,1,1,California
Mono,2020-12-19,5,6,5,6,0,0,0,0,5,6,0,0,5,6,California
Mono,2020-12-20,7,13,7,13,0,0,0,0,7,13,0,0,7,13,California
Mono,2020-12-21,24,37,17,30,7,7,0,0,24,37,0,0,24,37,California
Mono,2020-12-22,65,102,64,94,1,8,0,0,65,102,0,0,65,102,California
Mono,2020-12-23,70,172,42,136,28,36,0,0,70,172,0,0,70,172,California
Mono,2020-12-24,3,175,1,137,2,38,0,0,3,175,0,0,3,175,California
Mono,2020-12-26,3,178,3,140,0,38,0,0,3,178,0,0,3,178,California
Mono,2020-12-28,94,272,63,203,31,69,0,0,94,272,0,0,94,272,California
Mono,2020-12-29,29,301,29,232,0,69,0,0,29,301,0,0,29,301,California
Mono,2020-12-30,76,377,35,267,41,110,0,0,76,377,0,0,76,377,California
Mono,2020-12-31,4,381,1,268,3,113,0,0,4,381,0,0,4,381,California
Mono,2021-01-01,4,385,4,272,0,113,0,0,4,385,0,0,4,385,California
Mono,2021-01-02,1,386,1,273,0,113,0,0,1,386,0,0,1,386,California
Mono,2021-01-04,1,387,0,273,1,114,0,0,1,387,0,0,1,387,California
Mono,2021-01-05,45,432,2,275,43,157,0,0,44,430,1,1,44,431,California
Mono,2021-01-06,44,476,0,275,44,201,0,0,44,474,0,1,44,475,California
Mono,2021-01-07,55,531,3,278,52,253,0,0,54,527,1,2,54,529,California
Mono,2021-01-08,2,533,1,279,1,254,0,0,1,527,1,3,1,530,California
Mono,2021-01-09,4,537,4,283,0,254,0,0,0,523,4,7,0,530,California
Mono,2021-01-10,5,542,5,288,0,254,0,0,0,518,5,12,0,530,California
Mono,2021-01-11,7,549,4,292,3,257,0,0,3,517,4,16,3,533,California
Mono,2021-01-12,283,832,75,367,208,465,0,0,219,673,63,79,219,752,California
Mono,2021-01-13,233,1065,73,440,160,625,0,0,178,796,55,134,178,930,California
Mono,2021-01-14,73,1138,71,511,2,627,0,0,73,869,0,134,73,1003,California
Mono,2021-01-15,60,1198,2,513,58,685,0,0,60,929,0,134,60,1063,California
Mono,2021-01-16,4,1202,3,516,1,686,0,0,1,927,3,137,1,1064,California
Mono,2021-01-18,63,1265,54,570,9,695,0,0,2,868,61,198,2,1066,California
Mono,2021-01-19,209,1474,207,777,2,697,0,0,171,1002,38,236,172,1238,California
Mono,2021-01-20,231,1705,200,977,31,728,0,0,170,1111,61,297,170,1408,California
Mono,2021-01-21,3,1708,3,980,0,728,0,0,3,1114,0,297,3,1411,California
Mono,2021-01-22,4,1712,0,980,4,732,0,0,4,1118,0,297,4,1415,California
Mono,2021-01-23,598,2310,598,1578,0,732,0,0,598,1716,0,297,598,2013,California
Mono,2021-01-25,205,2515,167,1745,38,770,0,0,166,1843,39,336,166,2179,California
Mono,2021-01-26,504,3019,502,2247,2,772,0,0,499,2337,5,341,499,2678,California
Mono,2021-01-27,5,3024,1,2248,4,776,0,0,5,2342,0,341,5,2683,California
Mono,2021-01-28,7,3031,3,2251,4,780,0,0,3,2341,4,345,3,2686,California
Mono,2021-01-30,201,3232,199,2450,2,782,0,0,201,2542,0,345,201,2887,California
Mono,2021-01-31,243,3475,138,2588,105,887,0,0,139,2577,104,449,139,3026,California
Mono,2021-02-01,27,3502,27,2615,0,887,0,0,0,2550,27,476,0,3026,California
Mono,2021-02-02,5,3507,0,2615,5,892,0,0,2,2549,3,479,2,3028,California
Mono,2021-02-03,3,3510,1,2616,2,894,0,0,1,2548,2,481,1,3029,California
Mono,2021-02-04,211,3721,158,2774,53,947,0,0,90,2517,121,602,90,3119,California
Mono,2021-02-05,623,4344,617,3391,6,953,0,0,620,3134,3,605,620,3739,California
Mono,2021-02-06,140,4484,139,3530,1,954,0,0,138,3270,2,607,138,3877,California
Mono,2021-02-07,2,4486,0,3530,2,956,0,0,2,3272,0,607,2,3879,California
Mono,2021-02-08,172,4658,172,3702,0,956,0,0,15,3131,156,763,15,3894,California
Mono,2021-02-09,226,4884,5,3707,221,1177,0,0,14,2933,212,975,14,3908,California
Mono,2021-02-10,535,5419,184,3891,351,1528,0,0,196,2790,339,1314,196,4104,California
Mono,2021-02-11,6,5425,4,3895,2,1530,0,0,1,2786,5,1319,1,4105,California
Mono,2021-02-12,84,5509,20,3915,64,1594,0,0,26,2754,58,1377,26,4131,California
Mono,2021-02-13,589,6098,589,4504,0,1594,0,0,25,2215,564,1941,25,4156,California
Mono,2021-02-15,169,6267,167,4671,2,1596,0,0,4,2056,163,2104,4,4160,California
Mono,2021-02-16,520,6787,517,5188,3,1599,0,0,44,1626,474,2578,44,4204,California
Mono,2021-02-17,5,6792,1,5189,4,1603,0,0,1,1623,4,2582,1,4205,California
Mono,2021-02-18,2,6794,2,5191,0,1603,0,0,1,1623,1,2583,1,4206,California
Mono,2021-02-19,54,6848,53,5244,1,1604,0,0,54,1677,0,2583,54,4260,California
Mono,2021-02-20,4,6852,4,5248,0,1604,0,0,4,1681,0,2583,4,4264,California
Mono,2021-02-21,3,6855,3,5251,0,1604,0,0,3,1684,0,2583,3,4267,California
Mono,2021-02-22,285,7140,284,5535,1,1605,0,0,24,1448,260,2843,24,4291,California
Mono,2021-02-23,135,7275,115,5650,20,1625,0,0,22,1357,113,2956,22,4313,California
Mono,2021-02-24,7,7282,2,5652,5,1630,0,0,2,1354,5,2961,2,4315,California
Mono,2021-02-25,6,7288,3,5655,3,1633,0,0,3,1356,1,2962,3,4318,California
Mono,2021-02-26,603,7891,602,6257,1,1634,0,0,20,794,582,3544,20,4338,California
Mono,2021-02-27,142,8033,138,6395,4,1638,0,0,4,663,135,3679,4,4342,California
Mono,2021-02-28,1,8034,1,6396,0,1638,0,0,1,664,0,3679,1,4343,California
Mono,2021-03-01,2,8036,2,6398,0,1638,0,0,1,665,0,3679,1,4344,California
Mono,2021-03-02,5,8041,3,6401,2,1640,0,0,3,666,2,3681,3,4347,California
Mono,2021-03-03,81,8122,2,6403,79,1719,0,0,78,742,2,3683,78,4425,California
Mono,2021-03-04,4,8126,0,6403,4,1723,0,0,2,742,2,3685,2,4427,California
Mono,2021-03-05,37,8163,27,6430,10,1733,0,0,14,733,23,3708,14,4441,California
Mono,2021-03-06,510,8673,16,6446,494,2227,0,0,504,1232,5,3713,504,4945,California
Mono,2021-03-07,1,8674,0,6446,1,2228,0,0,0,1231,1,3714,0,4945,California
Mono,2021-03-08,544,9218,11,6457,530,2758,3,3,535,1760,9,3723,538,5483,California
Mono,2021-03-09,7,9225,2,6459,4,2762,1,4,4,1763,2,3725,5,5488,California
Mono,2021-03-10,286,9511,91,6550,192,2954,3,7,10,1501,275,4000,13,5501,California
Mono,2021-03-11,10,9521,0,6550,1,2955,9,16,0,1500,10,4010,9,5510,California
Mono,2021-03-12,6,9527,1,6551,1,2956,4,20,0,1498,6,4016,4,5514,California
Mono,2021-03-13,828,10355,392,6943,436,3392,0,20,820,2310,8,4024,820,6334,California
Mono,2021-03-14,4,10359,4,6947,0,3392,0,20,1,2308,3,4027,1,6335,California
Mono,2021-03-15,29,10388,23,6970,1,3393,5,25,13,2310,16,4043,18,6353,California
Mono,2021-03-16,16,10404,6,6976,4,3397,6,31,8,2316,8,4051,14,6367,California
Mono,2021-03-17,33,10437,4,6980,21,3418,8,39,22,2335,11,4062,30,6397,California
Mono,2021-03-18,19,10456,2,6982,9,3427,8,47,8,2340,11,4073,16,6413,California
Mono,2021-03-19,22,10478,1,6983,18,3445,3,50,18,2358,3,4076,21,6434,California
Mono,2021-03-20,5,10483,4,6987,0,3445,1,51,4,2362,1,4077,5,6439,California
Mono,2021-03-21,1,10484,1,6988,0,3445,0,51,1,2363,0,4077,1,6440,California
Mono,2021-03-22,11,10495,0,6988,6,3451,5,56,5,2367,6,4083,10,6450,California
Mono,2021-03-23,42,10537,5,6993,32,3483,5,61,19,2368,23,4106,24,6474,California
Mono,2021-03-24,12,10549,1,6994,6,3489,5,66,6,2373,6,4112,11,6485,California
Mono,2021-03-25,18,10567,2,6996,12,3501,4,70,12,2383,6,4118,16,6501,California
Mono,2021-03-26,21,10588,3,6999,13,3514,5,75,12,2392,8,4126,17,6518,California
Mono,2021-03-27,354,10942,351,7350,3,3517,0,75,329,2696,25,4151,329,6847,California
Mono,2021-03-28,1,10943,1,7351,0,3517,0,75,1,2697,0,4151,1,6848,California
Mono,2021-03-29,10,10953,3,7354,6,3523,1,76,9,2706,1,4152,10,6858,California
Mono,2021-03-30,15,10968,0,7354,11,3534,4,80,10,2715,5,4157,14,6872,California
Mono,2021-03-31,121,11089,7,7361,113,3647,1,81,45,2686,75,4232,46,6918,California
Mono,2021-04-01,7,11096,0,7361,6,3653,1,82,2,2684,5,4237,3,6921,California
Mono,2021-04-02,17,11113,2,7363,15,3668,0,82,6,2679,11,4248,6,6927,California
Mono,2021-04-03,850,11963,367,7730,483,4151,0,82,35,1900,814,5062,35,6962,California
Mono,2021-04-05,535,12498,17,7747,517,4668,1,83,32,1432,501,5563,33,6995,California
Mono,2021-04-06,25,12523,4,7751,9,4677,12,95,7,1433,18,5581,19,7014,California
Mono,2021-04-07,23,12546,9,7760,3,4680,11,106,10,1441,13,5594,21,7035,California
Mono,2021-04-08,21,12567,4,7764,1,4681,16,122,4,1444,17,5611,20,7055,California
Mono,2021-04-09,3,12570,2,7766,1,4682,0,122,1,1443,2,5613,1,7056,California
Monterey,2020-12-16,4,4,4,4,0,0,0,0,4,4,0,0,4,4,California
Monterey,2020-12-17,82,86,82,86,0,0,0,0,82,86,0,0,82,86,California
Monterey,2020-12-18,481,567,481,567,0,0,0,0,481,567,0,0,481,567,California
Monterey,2020-12-19,579,1146,579,1146,0,0,0,0,579,1146,0,0,579,1146,California
Monterey,2020-12-20,422,1568,422,1568,0,0,0,0,422,1568,0,0,422,1568,California
Monterey,2020-12-21,720,2288,720,2288,0,0,0,0,720,2288,0,0,720,2288,California
Monterey,2020-12-22,533,2821,520,2808,13,13,0,0,533,2821,0,0,533,2821,California
Monterey,2020-12-23,435,3256,259,3067,176,189,0,0,435,3256,0,0,435,3256,California
Monterey,2020-12-24,84,3340,10,3077,74,263,0,0,84,3340,0,0,84,3340,California
Monterey,2020-12-25,6,3346,0,3077,6,269,0,0,6,3346,0,0,6,3346,California
Monterey,2020-12-26,92,3438,5,3082,87,356,0,0,92,3438,0,0,92,3438,California
Monterey,2020-12-27,7,3445,4,3086,3,359,0,0,7,3445,0,0,7,3445,California
Monterey,2020-12-28,477,3922,25,3111,452,811,0,0,477,3922,0,0,477,3922,California
Monterey,2020-12-29,899,4821,167,3278,732,1543,0,0,899,4821,0,0,899,4821,California
Monterey,2020-12-30,568,5389,98,3376,470,2013,0,0,568,5389,0,0,568,5389,California
Monterey,2020-12-31,35,5424,11,3387,24,2037,0,0,35,5424,0,0,35,5424,California
Monterey,2021-01-01,11,5435,2,3389,9,2046,0,0,11,5435,0,0,11,5435,California
Monterey,2021-01-02,137,5572,134,3523,3,2049,0,0,137,5572,0,0,137,5572,California
Monterey,2021-01-03,30,5602,29,3552,1,2050,0,0,30,5602,0,0,30,5602,California
Monterey,2021-01-04,410,6012,18,3570,392,2442,0,0,410,6012,0,0,410,6012,California
Monterey,2021-01-05,750,6762,326,3896,424,2866,0,0,736,6734,14,14,736,6748,California
Monterey,2021-01-06,655,7417,172,4068,483,3349,0,0,633,7345,22,36,633,7381,California
Monterey,2021-01-07,743,8160,570,4638,173,3522,0,0,420,7444,321,357,420,7801,California
Monterey,2021-01-08,1085,9245,733,5371,352,3874,0,0,393,7145,692,1049,393,8194,California
Monterey,2021-01-09,963,10208,935,6306,28,3902,0,0,313,6808,650,1699,313,8507,California
Monterey,2021-01-10,272,10480,269,6575,3,3905,0,0,7,6550,265,1964,7,8514,California
Monterey,2021-01-11,1064,11544,984,7559,80,3985,0,0,361,6208,703,2667,361,8875,California
Monterey,2021-01-12,463,12007,387,7946,76,4061,0,0,202,6149,261,2928,202,9077,California
Monterey,2021-01-13,1217,13224,590,8536,627,4688,0,0,1173,7278,44,2972,1173,10250,California
Monterey,2021-01-14,1046,14270,93,8629,953,5641,0,0,1028,8291,18,2990,1031,11281,California
Monterey,2021-01-15,1037,15307,43,8672,994,6635,0,0,1024,9302,13,3003,1024,12305,California
Monterey,2021-01-16,359,15666,296,8968,63,6698,0,0,354,9651,5,3008,354,12659,California
Monterey,2021-01-17,312,15978,290,9258,22,6720,0,0,299,9937,13,3021,299,12958,California
Monterey,2021-01-18,401,16379,50,9308,351,7071,0,0,380,10296,21,3042,380,13338,California
Monterey,2021-01-19,574,16953,394,9702,180,7251,0,0,416,10556,156,3198,416,13754,California
Monterey,2021-01-20,530,17483,268,9970,262,7513,0,0,324,10674,206,3404,324,14078,California
Monterey,2021-01-21,839,18322,92,10062,747,8260,0,0,729,11297,110,3514,733,14811,California
Monterey,2021-01-22,1046,19368,191,10253,855,9115,0,0,1007,12265,39,3553,1007,15818,California
Monterey,2021-01-23,240,19608,174,10427,66,9181,0,0,117,12261,122,3675,118,15936,California
Monterey,2021-01-24,56,19664,38,10465,18,9199,0,0,22,12249,34,3709,22,15958,California
Monterey,2021-01-25,781,20445,173,10638,608,9807,0,0,154,11783,620,4329,154,16112,California
Monterey,2021-01-26,923,21368,221,10859,702,10509,0,0,233,11326,690,5019,233,16345,California
Monterey,2021-01-27,858,22226,307,11166,551,11060,0,0,376,11220,482,5501,376,16721,California
Monterey,2021-01-28,2004,24230,734,11900,1270,12330,0,0,1663,12544,341,5842,1665,18386,California
Monterey,2021-01-29,1224,25454,704,12604,520,12850,0,0,1109,13540,114,5956,1110,19496,California
Monterey,2021-01-30,432,25886,285,12889,147,12997,0,0,181,13470,251,6207,181,19677,California
Monterey,2021-01-31,491,26377,69,12958,422,13419,0,0,482,13944,9,6216,483,20160,California
Monterey,2021-02-01,1658,28035,1146,14104,512,13931,0,0,1097,14481,560,6776,1097,21257,California
Monterey,2021-02-02,2144,30179,454,14558,1690,15621,0,0,1538,15413,606,7382,1538,22795,California
Monterey,2021-02-03,2328,32507,1046,15604,1282,16903,0,0,1553,16195,771,8153,1553,24348,California
Monterey,2021-02-04,2700,35207,2021,17625,679,17582,0,0,2439,18375,259,8412,2439,26787,California
Monterey,2021-02-05,3636,38843,2819,20444,817,18399,0,0,3206,21156,425,8837,3206,29993,California
Monterey,2021-02-06,1096,39939,379,20823,717,19116,0,0,755,21572,339,9176,755,30748,California
Monterey,2021-02-07,316,40255,272,21095,44,19160,0,0,95,21446,221,9397,95,30843,California
Monterey,2021-02-08,514,40769,289,21384,225,19385,0,0,429,21790,85,9482,429,31272,California
Monterey,2021-02-09,856,41625,673,22057,183,19568,0,0,546,22028,310,9792,548,31820,California
Monterey,2021-02-10,2009,43634,1041,23098,968,20536,0,0,1160,22339,849,10641,1160,32980,California
Monterey,2021-02-11,2490,46124,964,24062,1526,22062,0,0,1538,22929,950,11591,1540,34520,California
Monterey,2021-02-12,2582,48706,426,24488,2156,24218,0,0,1522,23392,1059,12650,1522,36042,California
Monterey,2021-02-13,1070,49776,49,24537,1021,25239,0,0,979,24280,91,12741,979,37021,California
Monterey,2021-02-14,585,50361,73,24610,512,25751,0,0,511,24717,74,12815,511,37532,California
Monterey,2021-02-15,1344,51705,138,24748,1206,26957,0,0,974,25323,369,13184,975,38507,California
Monterey,2021-02-16,1086,52791,241,24989,845,27802,0,0,866,25969,220,13404,866,39373,California
Monterey,2021-02-17,1932,54723,1160,26149,772,28574,0,0,1634,27310,296,13700,1637,41010,California
Monterey,2021-02-18,2218,56941,1174,27323,1044,29618,0,0,904,26913,1304,15004,907,41917,California
Monterey,2021-02-19,2928,59869,1529,28852,1399,31017,0,0,1340,26665,1588,16592,1340,43257,California
Monterey,2021-02-20,999,60868,601,29453,398,31415,0,0,947,27561,51,16643,947,44204,California
Monterey,2021-02-21,1236,62104,1208,30661,28,31443,0,0,1170,28666,65,16708,1170,45374,California
Monterey,2021-02-22,971,63075,841,31502,130,31573,0,0,639,28974,331,17039,639,46013,California
Monterey,2021-02-23,948,64023,616,32118,332,31905,0,0,300,28628,647,17686,301,46314,California
Monterey,2021-02-24,2450,66473,1308,33426,1142,33047,0,0,1844,29871,602,18288,1845,48159,California
Monterey,2021-02-25,4337,70810,2393,35819,1944,34991,0,0,1445,28432,2885,21173,1446,49605,California
Monterey,2021-02-26,5242,76052,3082,38901,2160,37151,0,0,2621,28437,2617,23790,2622,52227,California
Monterey,2021-02-27,991,77043,181,39082,810,37961,0,0,803,29056,184,23974,803,53030,California
Monterey,2021-02-28,1525,78568,82,39164,1443,39404,0,0,1066,29667,455,24429,1066,54096,California
Monterey,2021-03-01,1271,79839,137,39301,1131,40535,3,3,741,29883,528,24957,744,54840,California
Monterey,2021-03-02,2716,82555,1713,41014,1003,41538,0,3,1872,30915,840,25797,1872,56712,California
Monterey,2021-03-03,3148,85703,1228,42242,1920,43458,0,3,1260,30290,1886,27683,1261,57973,California
Monterey,2021-03-04,4536,90239,1463,43705,3073,46531,0,3,2975,31708,1557,29240,2975,60948,California
Monterey,2021-03-05,3245,93484,1417,45122,1555,48086,273,276,2621,33979,623,29863,2894,63842,California
Monterey,2021-03-06,4911,98395,1063,46185,3596,51682,252,528,4057,37437,852,30715,4310,68152,California
Monterey,2021-03-07,516,98911,106,46291,164,51846,246,774,227,37620,289,31004,472,68624,California
Monterey,2021-03-08,1606,100517,324,46615,936,52782,346,1120,1109,38577,497,31501,1454,70078,California
Monterey,2021-03-09,1896,102413,673,47288,948,53730,275,1395,1411,39778,483,31984,1684,71762,California
Monterey,2021-03-10,2907,105320,869,48157,1554,55284,484,1879,1358,40076,1544,33528,1842,73604,California
Monterey,2021-03-11,4089,109409,1402,49559,2324,57608,363,2242,2338,41033,1744,35272,2701,76305,California
Monterey,2021-03-12,4208,113617,2006,51565,2096,59704,106,2348,2594,42120,1612,36884,2699,79004,California
Monterey,2021-03-13,5018,118635,958,52523,3714,63418,346,2694,3749,44946,1269,38153,4095,83099,California
Monterey,2021-03-14,2132,120767,1325,53848,783,64201,24,2718,576,44000,1546,39699,600,83699,California
Monterey,2021-03-15,3927,124694,1262,55110,2375,66576,290,3008,2243,44853,1679,41378,2532,86231,California
Monterey,2021-03-16,3452,128146,566,55676,2514,69090,372,3380,2054,45882,1397,42775,2426,88657,California
Monterey,2021-03-17,5642,133788,2305,57981,3088,72178,249,3629,4071,48645,1563,44338,4326,92983,California
Monterey,2021-03-18,4304,138092,2144,60125,1992,74170,168,3797,2986,50526,1313,45651,3194,96177,California
Monterey,2021-03-19,5319,143411,2542,62667,2635,76805,142,3939,4073,53500,1241,46892,4215,100392,California
Monterey,2021-03-20,3115,146526,418,63085,2003,78808,694,4633,2039,55163,1070,47962,2733,103125,California
Monterey,2021-03-21,618,147144,198,63283,413,79221,7,4640,553,55659,64,48026,560,103685,California
Monterey,2021-03-22,2434,149578,1421,64704,952,80173,61,4701,2241,57770,190,48216,2301,105986,California
Monterey,2021-03-23,3959,153537,2345,67049,1572,81745,42,4743,2508,58874,1446,49662,2550,108536,California
Monterey,2021-03-24,4915,158452,2059,69108,2547,84292,309,5052,3607,61486,1304,50966,3916,112452,California
Monterey,2021-03-25,5129,163581,1202,70310,3570,87862,357,5409,2583,61890,2537,53503,2941,115393,California
Monterey,2021-03-26,5279,168860,2596,72906,2617,90479,66,5475,2845,62378,2425,55928,2913,118306,California
Monterey,2021-03-27,4627,173487,1410,74316,2961,93440,256,5731,2922,63856,1700,57628,3178,121484,California
Monterey,2021-03-28,1102,174589,337,74653,757,94197,8,5739,626,64019,471,58099,634,122118,California
Monterey,2021-03-29,3186,177775,1426,76079,1746,95943,14,5753,1973,64803,1206,59305,1990,124108,California
Monterey,2021-03-30,4427,182202,2130,78209,2260,98203,37,5790,2747,65922,1669,60974,2788,126896,California
Monterey,2021-03-31,5259,187461,2365,80574,2103,100306,791,6581,3332,68123,1923,62897,4124,131020,California
Monterey,2021-04-01,6015,193476,2069,82643,3543,103849,403,6984,3032,68587,2970,65867,3434,134454,California
Monterey,2021-04-02,4669,198145,2254,84897,2357,106206,58,7042,3304,70589,1362,67229,3364,137818,California
Monterey,2021-04-03,5161,203306,1113,86010,3507,109713,541,7583,1211,68402,3939,71168,1752,139570,California
Monterey,2021-04-04,757,204063,162,86172,583,110296,12,7595,493,68645,264,71432,507,140077,California
Monterey,2021-04-05,4009,208072,2503,88675,1278,111574,228,7823,1535,67940,2469,73901,1764,141841,California
Monterey,2021-04-06,2995,211067,1316,89991,1276,112850,403,8226,1103,67559,1885,75786,1504,143345,California
Monterey,2021-04-07,4915,215982,1399,91390,3157,116007,359,8585,2532,68078,2372,78158,2891,146236,California
Monterey,2021-04-08,5935,221917,3359,94749,2019,118026,557,9142,3068,68843,2860,81018,3625,149861,California
Monterey,2021-04-09,3634,225551,2633,97382,866,118892,135,9277,1409,68167,2220,83238,1544,151405,California
Napa,2020-12-16,12,12,12,12,0,0,0,0,12,12,0,0,12,12,California
Napa,2020-12-17,44,56,44,56,0,0,0,0,44,56,0,0,44,56,California
Napa,2020-12-18,102,158,102,158,0,0,0,0,102,158,0,0,102,158,California
Napa,2020-12-19,221,379,221,379,0,0,0,0,221,379,0,0,221,379,California
Napa,2020-12-20,189,568,189,568,0,0,0,0,189,568,0,0,189,568,California
Napa,2020-12-21,309,877,309,877,0,0,0,0,310,878,0,0,310,878,California
Napa,2020-12-22,338,1215,329,1206,9,9,0,0,338,1216,0,0,338,1216,California
Napa,2020-12-23,429,1644,320,1526,109,118,0,0,429,1645,0,0,429,1645,California
Napa,2020-12-24,138,1782,77,1603,61,179,0,0,138,1783,0,0,138,1783,California
Napa,2020-12-25,1,1783,1,1604,0,179,0,0,1,1784,0,0,1,1784,California
Napa,2020-12-26,39,1822,11,1615,28,207,0,0,39,1823,0,0,39,1823,California
Napa,2020-12-27,32,1854,16,1631,16,223,0,0,32,1855,0,0,32,1855,California
Napa,2020-12-28,249,2103,184,1815,65,288,0,0,277,2132,0,0,277,2132,California
Napa,2020-12-29,275,2378,216,2031,59,347,0,0,309,2441,0,0,309,2441,California
Napa,2020-12-30,630,3008,486,2517,144,491,0,0,638,3079,0,0,638,3079,California
Napa,2020-12-31,461,3469,373,2890,88,579,0,0,461,3540,0,0,461,3540,California
Napa,2021-01-01,1,3470,1,2891,0,579,0,0,1,3541,0,0,1,3541,California
Napa,2021-01-02,97,3567,92,2983,5,584,0,0,97,3638,0,0,97,3638,California
Napa,2021-01-03,12,3579,10,2993,2,586,0,0,9,3647,0,0,9,3647,California
Napa,2021-01-04,107,3686,64,3057,43,629,0,0,107,3754,0,0,107,3754,California
Napa,2021-01-05,155,3841,85,3142,70,699,0,0,138,3868,24,24,138,3892,California
Napa,2021-01-06,456,4297,114,3256,342,1041,0,0,392,4198,62,86,392,4284,California
Napa,2021-01-07,485,4782,222,3478,263,1304,0,0,385,4484,99,185,385,4669,California
Napa,2021-01-08,442,5224,227,3705,215,1519,0,0,262,4567,179,364,262,4931,California
Napa,2021-01-09,325,5549,299,4004,26,1545,0,0,188,4618,137,501,188,5119,California
Napa,2021-01-10,184,5733,101,4105,83,1628,0,0,109,4652,75,576,109,5228,California
Napa,2021-01-11,878,6611,422,4527,456,2084,0,0,506,4787,373,949,508,5736,California
Napa,2021-01-12,1309,7920,370,4897,939,3023,0,0,994,5466,315,1264,994,6730,California
Napa,2021-01-13,1310,9230,264,5161,1046,4069,0,0,1148,6454,161,1425,1149,7879,California
Napa,2021-01-14,1048,10278,171,5332,877,4946,0,0,932,7272,114,1539,932,8811,California
Napa,2021-01-15,1449,11727,382,5714,1067,6013,0,0,1301,8418,156,1695,1302,10113,California
Napa,2021-01-16,354,12081,133,5847,221,6234,0,0,336,8736,18,1713,336,10449,California
Napa,2021-01-17,339,12420,175,6022,164,6398,0,0,329,9055,10,1723,329,10778,California
Napa,2021-01-18,1081,13501,196,6218,885,7283,0,0,990,9954,91,1814,990,11768,California
Napa,2021-01-19,1009,14510,406,6624,603,7886,0,0,766,10478,242,2056,766,12534,California
Napa,2021-01-20,825,15335,185,6809,640,8526,0,0,643,10941,180,2236,643,13177,California
Napa,2021-01-21,1332,16667,373,7182,959,9485,0,0,1077,11765,254,2490,1078,14255,California
Napa,2021-01-22,1538,18205,411,7593,1127,10612,0,0,1211,12651,326,2816,1212,15467,California
Napa,2021-01-23,396,18601,316,7909,80,10692,0,0,335,12925,61,2877,335,15802,California
Napa,2021-01-24,265,18866,189,8098,76,10768,0,0,207,13074,58,2935,207,16009,California
Napa,2021-01-25,1520,20386,231,8329,1289,12057,0,0,1430,14414,90,3025,1430,17439,California
Napa,2021-01-26,877,21263,283,8612,594,12651,0,0,783,15104,94,3119,784,18223,California
Napa,2021-01-27,623,21886,219,8831,404,13055,0,0,468,15417,155,3274,468,18691,California
Napa,2021-01-28,378,22264,166,8997,212,13267,0,0,199,15438,178,3452,199,18890,California
Napa,2021-01-29,252,22516,64,9061,188,13455,0,0,157,15500,95,3547,157,19047,California
Napa,2021-01-30,804,23320,695,9756,109,13564,0,0,640,15976,164,3711,640,19687,California
Napa,2021-01-31,656,23976,626,10382,30,13594,0,0,630,16580,26,3737,630,20317,California
Napa,2021-02-01,312,24288,108,10490,204,13798,0,0,160,16588,152,3889,160,20477,California
Napa,2021-02-02,589,24877,280,10770,309,14107,0,0,288,16577,299,4188,288,20765,California
Napa,2021-02-03,736,25613,310,11080,426,14533,0,0,425,16691,311,4499,425,21190,California
Napa,2021-02-04,790,26403,374,11454,416,14949,0,0,442,16787,346,4845,442,21632,California
Napa,2021-02-05,703,27106,312,11766,391,15340,0,0,337,16758,366,5211,337,21969,California
Napa,2021-02-06,429,27535,143,11909,286,15626,0,0,325,16979,104,5315,325,22294,California
Napa,2021-02-07,173,27708,160,12069,13,15639,0,0,70,16946,103,5418,70,22364,California
Napa,2021-02-08,830,28538,190,12259,640,16279,0,0,269,16657,558,5976,269,22633,California
Napa,2021-02-09,1072,29610,440,12699,632,16911,0,0,432,16449,640,6616,432,23065,California
Napa,2021-02-10,1713,31323,189,12888,1524,18435,0,0,447,15634,1263,7879,448,23513,California
Napa,2021-02-11,1494,32817,194,13082,1300,19735,0,0,410,14973,1072,8951,411,23924,California
Napa,2021-02-12,2152,34969,834,13916,1318,21053,0,0,718,14260,1431,10382,718,24642,California
Napa,2021-02-13,492,35461,51,13967,441,21494,0,0,311,14391,181,10563,312,24954,California
Napa,2021-02-14,356,35817,91,14058,265,21759,0,0,195,14427,161,10724,197,25151,California
Napa,2021-02-15,876,36693,185,14243,691,22450,0,0,223,14000,650,11374,223,25374,California
Napa,2021-02-16,1287,37980,600,14843,687,23137,0,0,614,13942,672,12046,614,25988,California
Napa,2021-02-17,1047,39027,531,15374,516,23653,0,0,481,13858,565,12611,481,26469,California
Napa,2021-02-18,1896,40923,484,15858,1412,25065,0,0,660,13285,1233,13844,660,27129,California
Napa,2021-02-19,1479,42402,586,16444,893,25958,0,0,679,13165,799,14643,679,27808,California
Napa,2021-02-20,817,43219,593,17037,224,26182,0,0,270,12888,547,15190,270,28078,California
Napa,2021-02-21,797,44016,736,17773,61,26243,0,0,195,12481,602,15792,195,28273,California
Napa,2021-02-22,440,44456,185,17958,255,26498,0,0,138,12317,302,16094,138,28411,California
Napa,2021-02-23,1124,45580,301,18259,823,27321,0,0,307,11807,817,16911,307,28718,California
Napa,2021-02-24,1160,46740,641,18900,519,27840,0,0,573,11796,585,17496,574,29292,California
Napa,2021-02-25,2538,49278,1211,20111,1327,29167,0,0,1824,12908,712,18208,1824,31116,California
Napa,2021-02-26,1497,50775,521,20632,976,30143,0,0,585,12583,910,19118,585,31701,California
Napa,2021-02-27,1098,51873,361,20993,737,30880,0,0,846,13179,250,19368,846,32547,California
Napa,2021-02-28,560,52433,459,21452,101,30981,0,0,461,13543,97,19465,461,33008,California
Napa,2021-03-01,1097,53530,815,22267,282,31263,0,0,831,14109,265,19730,831,33839,California
Napa,2021-03-02,1478,55008,1023,23290,455,31718,0,0,1145,14922,332,20062,1145,34984,California
Napa,2021-03-03,1520,56528,679,23969,841,32559,0,0,1344,16091,175,20237,1344,36328,California
Napa,2021-03-04,1701,58229,777,24746,924,33483,0,0,1464,17321,234,20471,1464,37792,California
Napa,2021-03-05,1885,60114,778,25524,1103,34586,4,4,1472,18386,411,20882,1476,39268,California
Napa,2021-03-06,624,60738,279,25803,315,34901,30,34,516,18826,106,20988,546,39814,California
Napa,2021-03-07,517,61255,320,26123,182,35083,15,49,366,19056,151,21139,381,40195,California
Napa,2021-03-08,690,61945,319,26442,319,35402,52,101,516,19452,172,21311,568,40763,California
Napa,2021-03-09,1633,63578,571,27013,1016,36418,46,147,1204,20276,426,21737,1250,42013,California
Napa,2021-03-10,1468,65046,913,27926,463,36881,92,239,774,20450,692,22429,866,42879,California
Napa,2021-03-11,1814,66860,1037,28963,651,37532,126,365,921,20606,891,23320,1047,43926,California
Napa,2021-03-12,1486,68346,904,29867,488,38020,94,459,791,20796,694,24014,884,44810,California
Napa,2021-03-13,1149,69495,299,30166,826,38846,24,483,822,21317,325,24339,846,45656,California
Napa,2021-03-14,608,70103,329,30495,130,38976,149,632,226,21311,381,24720,375,46031,California
Napa,2021-03-15,941,71044,402,30897,471,39447,68,700,476,21392,463,25183,544,46575,California
Napa,2021-03-16,1808,72852,389,31286,1293,40740,126,826,1348,22411,456,25639,1475,48050,California
Napa,2021-03-17,2465,75317,1841,33127,445,41185,179,1005,1564,23253,901,26540,1743,49793,California
Napa,2021-03-18,2100,77417,913,34040,1177,42362,10,1015,1290,23745,808,27348,1300,51093,California
Napa,2021-03-19,1427,78844,856,34896,544,42906,27,1042,710,23768,714,28062,737,51830,California
Napa,2021-03-20,993,79837,530,35426,311,43217,152,1194,422,23772,570,28632,574,52404,California
Napa,2021-03-21,704,80541,682,36108,20,43237,2,1196,354,23779,349,28981,356,52760,California
Napa,2021-03-22,1078,81619,900,37008,167,43404,11,1207,476,23666,600,29581,487,53247,California
Napa,2021-03-23,1500,83119,813,37821,670,44074,17,1224,998,24181,500,30081,1015,54262,California
Napa,2021-03-24,1685,84804,932,38753,745,44819,8,1232,812,24129,872,30953,820,55082,California
Napa,2021-03-25,1591,86395,1042,39795,495,45314,54,1286,735,24063,855,31808,789,55871,California
Napa,2021-03-26,1234,87629,805,40600,423,45737,6,1292,541,23920,690,32498,547,56418,California
Napa,2021-03-27,945,88574,434,41034,484,46221,27,1319,315,23632,630,33128,342,56760,California
Napa,2021-03-28,481,89055,372,41406,103,46324,6,1325,182,23522,299,33427,189,56949,California
Napa,2021-03-29,1158,90213,856,42262,297,46621,5,1330,710,23790,447,33874,715,57664,California
Napa,2021-03-30,2329,92542,927,43189,1399,48020,3,1333,1551,24566,778,34652,1554,59218,California
Napa,2021-03-31,1954,94496,955,44144,930,48950,69,1402,819,24319,1133,35785,886,60104,California
Napa,2021-04-01,1696,96192,810,44954,771,49721,115,1517,465,23673,1227,37012,581,60685,California
Napa,2021-04-02,1776,97968,809,45763,825,50546,142,1659,449,22941,1323,38335,591,61276,California
Napa,2021-04-03,623,98591,361,46124,203,50749,59,1718,214,22805,409,38744,273,61549,California
Napa,2021-04-04,347,98938,139,46263,150,50899,58,1776,119,22754,228,38972,177,61726,California
Napa,2021-04-05,1261,100199,757,47020,285,51184,219,1995,570,22853,690,39662,789,62515,California
Napa,2021-04-06,1590,101789,558,47578,778,51962,254,2249,519,22558,1068,40730,773,63288,California
Napa,2021-04-07,1690,103479,669,48247,793,52755,228,2477,500,22099,1186,41916,727,64015,California
Napa,2021-04-08,1312,104791,678,48925,274,53029,360,2837,551,22251,758,42674,910,64925,California
Napa,2021-04-09,533,105324,271,49196,134,53163,128,2965,129,22105,402,43076,256,65181,California
Nevada,2020-12-16,3,3,3,3,0,0,0,0,3,3,0,0,3,3,California
Nevada,2020-12-17,6,9,6,9,0,0,0,0,6,9,0,0,6,9,California
Nevada,2020-12-18,51,60,51,60,0,0,0,0,51,60,0,0,51,60,California
Nevada,2020-12-19,55,115,55,115,0,0,0,0,55,115,0,0,55,115,California
Nevada,2020-12-20,12,127,12,127,0,0,0,0,12,127,0,0,12,127,California
Nevada,2020-12-21,69,196,69,196,0,0,0,0,69,196,0,0,69,196,California
Nevada,2020-12-22,91,287,89,285,2,2,0,0,91,287,0,0,91,287,California
Nevada,2020-12-23,234,521,202,487,32,34,0,0,234,521,0,0,234,521,California
Nevada,2020-12-24,13,534,11,498,2,36,0,0,13,534,0,0,13,534,California
Nevada,2020-12-25,2,536,2,500,0,36,0,0,2,536,0,0,2,536,California
Nevada,2020-12-26,6,542,4,504,2,38,0,0,6,542,0,0,6,542,California
Nevada,2020-12-27,88,630,88,592,0,38,0,0,88,630,0,0,88,630,California
Nevada,2020-12-28,170,800,93,685,77,115,0,0,170,800,0,0,170,800,California
Nevada,2020-12-29,100,900,74,759,26,141,0,0,100,900,0,0,100,900,California
Nevada,2020-12-30,85,985,66,825,19,160,0,0,85,985,0,0,85,985,California
Nevada,2020-12-31,39,1024,9,834,30,190,0,0,39,1024,0,0,39,1024,California
Nevada,2021-01-01,1,1025,0,834,1,191,0,0,1,1025,0,0,1,1025,California
Nevada,2021-01-02,1,1026,1,835,0,191,0,0,1,1026,0,0,1,1026,California
Nevada,2021-01-03,129,1155,126,961,3,194,0,0,129,1155,0,0,129,1155,California
Nevada,2021-01-04,71,1226,47,1008,24,218,0,0,71,1226,0,0,71,1226,California
Nevada,2021-01-05,272,1498,130,1138,142,360,0,0,271,1496,1,1,271,1497,California
Nevada,2021-01-06,91,1589,43,1181,48,408,0,0,83,1571,8,9,83,1580,California
Nevada,2021-01-07,215,1804,43,1224,172,580,0,0,208,1774,6,15,209,1789,California
Nevada,2021-01-08,220,2024,126,1350,94,674,0,0,169,1892,51,66,169,1958,California
Nevada,2021-01-09,63,2087,56,1406,7,681,0,0,15,1859,48,114,15,1973,California
Nevada,2021-01-10,17,2104,9,1415,8,689,0,0,9,1860,8,122,9,1982,California
Nevada,2021-01-11,185,2289,131,1546,54,743,0,0,57,1789,128,250,57,2039,California
Nevada,2021-01-12,599,2888,453,1999,146,889,0,0,533,2256,66,316,533,2572,California
Nevada,2021-01-13,259,3147,146,2145,113,1002,0,0,124,2245,135,451,124,2696,California
Nevada,2021-01-14,232,3379,124,2269,108,1110,0,0,214,2442,17,468,214,2910,California
Nevada,2021-01-15,392,3771,168,2437,224,1334,0,0,294,2638,98,566,294,3204,California
Nevada,2021-01-16,295,4066,15,2452,280,1614,0,0,291,2925,4,570,291,3495,California
Nevada,2021-01-17,35,4101,31,2483,4,1618,0,0,33,2956,2,572,33,3528,California
Nevada,2021-01-18,148,4249,40,2523,108,1726,0,0,139,3086,9,581,139,3667,California
Nevada,2021-01-19,234,4483,85,2608,149,1875,0,0,215,3282,19,600,215,3882,California
Nevada,2021-01-20,258,4741,153,2761,105,1980,0,0,245,3514,13,613,245,4127,California
Nevada,2021-01-21,336,5077,207,2968,129,2109,0,0,323,3824,13,626,323,4450,California
Nevada,2021-01-22,342,5419,209,3177,133,2242,0,0,311,4104,31,657,311,4761,California
Nevada,2021-01-23,176,5595,104,3281,72,2314,0,0,176,4280,0,657,176,4937,California
Nevada,2021-01-24,105,5700,98,3379,7,2321,0,0,66,4307,39,696,66,5003,California
Nevada,2021-01-25,264,5964,136,3515,128,2449,0,0,203,4449,61,757,203,5206,California
Nevada,2021-01-26,398,6362,141,3656,257,2706,0,0,297,4645,101,858,297,5503,California
Nevada,2021-01-27,409,6771,242,3898,167,2873,0,0,385,5006,24,882,385,5888,California
Nevada,2021-01-28,459,7230,312,4210,147,3020,0,0,417,5382,41,923,417,6305,California
Nevada,2021-01-29,593,7823,388,4598,205,3225,0,0,570,5930,23,946,571,6876,California
Nevada,2021-01-30,230,8053,103,4701,127,3352,0,0,227,6154,3,949,227,7103,California
Nevada,2021-01-31,103,8156,87,4788,16,3368,0,0,103,6257,0,949,103,7206,California
Nevada,2021-02-01,290,8446,70,4858,220,3588,0,0,276,6519,14,963,276,7482,California
Nevada,2021-02-02,508,8954,171,5029,337,3925,0,0,319,6649,189,1152,319,7801,California
Nevada,2021-02-03,805,9759,569,5598,236,4161,0,0,755,7355,49,1201,755,8556,California
Nevada,2021-02-04,742,10501,393,5991,349,4510,0,0,494,7602,247,1448,494,9050,California
Nevada,2021-02-05,641,11142,362,6353,279,4789,0,0,454,7871,185,1633,454,9504,California
Nevada,2021-02-06,270,11412,84,6437,186,4975,0,0,243,8087,27,1660,243,9747,California
Nevada,2021-02-07,244,11656,191,6628,53,5028,0,0,190,8223,54,1714,190,9937,California
Nevada,2021-02-08,650,12306,407,7035,243,5271,0,0,551,8675,99,1813,551,10488,California
Nevada,2021-02-09,604,12910,338,7373,266,5537,0,0,466,9003,138,1951,466,10954,California
Nevada,2021-02-10,647,13557,323,7696,324,5861,0,0,418,9193,229,2180,419,11373,California
Nevada,2021-02-11,867,14424,501,8197,366,6227,0,0,539,9405,327,2507,539,11912,California
Nevada,2021-02-12,925,15349,433,8630,492,6719,0,0,611,9703,313,2820,611,12523,California
Nevada,2021-02-13,592,15941,233,8863,359,7078,0,0,386,9888,202,3022,387,12910,California
Nevada,2021-02-14,227,16168,118,8981,109,7187,0,0,199,10059,28,3050,199,13109,California
Nevada,2021-02-15,702,16870,437,9418,265,7452,0,0,534,10425,168,3218,534,13643,California
Nevada,2021-02-16,612,17482,198,9616,414,7866,0,0,453,10720,158,3376,453,14096,California
Nevada,2021-02-17,1177,18659,761,10377,416,8282,0,0,860,11263,317,3693,860,14956,California
Nevada,2021-02-18,995,19654,544,10921,451,8733,0,0,599,11467,395,4088,599,15555,California
Nevada,2021-02-19,1002,20656,627,11548,375,9108,0,0,651,11768,351,4439,652,16207,California
Nevada,2021-02-20,294,20950,103,11651,191,9299,0,0,172,11819,121,4560,172,16379,California
Nevada,2021-02-21,89,21039,84,11735,5,9304,0,0,9,11748,80,4640,9,16388,California
Nevada,2021-02-22,491,21530,326,12061,165,9469,0,0,347,11952,143,4783,347,16735,California
Nevada,2021-02-23,458,21988,211,12272,247,9716,0,0,206,11909,249,5032,206,16941,California
Nevada,2021-02-24,473,22461,236,12508,237,9953,0,0,251,11940,222,5254,253,17194,California
Nevada,2021-02-25,856,23317,465,12973,391,10344,0,0,429,11944,425,5679,429,17623,California
Nevada,2021-02-26,1231,24548,881,13854,350,10694,0,0,409,11534,819,6498,409,18032,California
Nevada,2021-02-27,349,24897,109,13963,240,10934,0,0,179,11543,170,6668,179,18211,California
Nevada,2021-02-28,263,25160,152,14115,111,11045,0,0,122,11524,141,6809,122,18333,California
Nevada,2021-03-01,813,25973,419,14534,394,11439,0,0,348,11408,464,7273,348,18681,California
Nevada,2021-03-02,697,26670,259,14793,438,11877,0,0,477,11669,216,7489,477,19158,California
Nevada,2021-03-03,934,27604,481,15274,453,12330,0,0,470,11676,463,7952,470,19628,California
Nevada,2021-03-04,1092,28696,612,15886,480,12810,0,0,459,11505,630,8582,459,20087,California
Nevada,2021-03-05,808,29504,449,16335,349,13159,10,10,353,11415,453,9035,363,20450,California
Nevada,2021-03-06,344,29848,113,16448,208,13367,23,33,136,11366,208,9243,159,20609,California
Nevada,2021-03-07,207,30055,109,16557,78,13445,20,53,66,11310,141,9384,85,20694,California
Nevada,2021-03-08,799,30854,538,17095,218,13663,43,96,355,11266,443,9827,399,21093,California
Nevada,2021-03-09,652,31506,310,17405,292,13955,50,146,357,11378,294,10121,406,21499,California
Nevada,2021-03-10,951,32457,602,18007,292,14247,57,203,317,11121,631,10752,374,21873,California
Nevada,2021-03-11,1083,33540,712,18719,346,14593,25,228,534,11137,543,11295,559,22432,California
Nevada,2021-03-12,1179,34719,724,19443,424,15017,31,259,506,11001,672,11967,536,22968,California
Nevada,2021-03-13,254,34973,50,19493,199,15216,5,264,90,10932,163,12130,94,23062,California
Nevada,2021-03-14,153,35126,22,19515,126,15342,5,269,31,10846,122,12252,36,23098,California
Nevada,2021-03-15,837,35963,451,19966,374,15716,12,281,355,10733,480,12732,367,23465,California
Nevada,2021-03-16,993,36956,464,20430,468,16184,61,342,645,11092,347,13079,706,24171,California
Nevada,2021-03-17,1005,37961,444,20874,551,16735,10,352,578,11256,424,13503,588,24759,California
Nevada,2021-03-18,963,38924,526,21400,414,17149,23,375,475,11270,484,13987,498,25257,California
Nevada,2021-03-19,743,39667,436,21836,276,17425,31,406,349,11257,393,14380,380,25637,California
Nevada,2021-03-20,816,40483,92,21928,303,17728,421,827,233,11331,577,14957,651,26288,California
Nevada,2021-03-21,58,40541,31,21959,26,17754,1,828,41,11356,17,14974,42,26330,California
Nevada,2021-03-22,800,41341,515,22474,280,18034,5,833,544,11651,254,15228,549,26879,California
Nevada,2021-03-23,850,42191,384,22858,440,18474,26,859,642,12114,205,15433,668,27547,California
Nevada,2021-03-24,1011,43202,536,23394,468,18942,7,866,645,12404,362,15795,652,28199,California
Nevada,2021-03-25,885,44087,447,23841,412,19354,26,892,487,12517,398,16193,511,28710,California
Nevada,2021-03-26,1137,45224,431,24272,670,20024,36,928,828,13075,306,16499,864,29574,California
Nevada,2021-03-27,558,45782,69,24341,473,20497,16,944,387,13307,171,16670,403,29977,California
Nevada,2021-03-28,169,45951,49,24390,107,20604,13,957,38,13228,130,16800,51,30028,California
Nevada,2021-03-29,819,46770,503,24893,294,20898,22,979,393,13219,424,17224,415,30443,California
Nevada,2021-03-30,1038,47808,472,25365,532,21430,34,1013,540,13301,492,17716,574,31017,California
Nevada,2021-03-31,1163,48971,658,26023,488,21918,17,1030,710,13584,444,18160,727,31744,California
Nevada,2021-04-01,1224,50195,716,26739,455,22373,53,1083,554,13524,667,18827,607,32351,California
Nevada,2021-04-02,1269,51464,646,27385,587,22960,36,1119,763,13820,503,19330,799,33150,California
Nevada,2021-04-03,272,51736,75,27460,159,23119,38,1157,79,13744,193,19523,117,33267,California
Nevada,2021-04-04,126,51862,41,27501,78,23197,7,1164,77,13779,49,19572,84,33351,California
Nevada,2021-04-05,908,52770,587,28088,300,23497,21,1185,600,14095,305,19877,621,33972,California
Nevada,2021-04-06,1055,53825,663,28751,254,23751,138,1323,467,14117,583,20460,605,34577,California
Nevada,2021-04-07,1104,54929,790,29541,237,23988,77,1400,578,14252,519,20979,654,35231,California
Nevada,2021-04-08,995,55924,647,30188,281,24269,67,1467,598,14523,394,21373,665,35896,California
Nevada,2021-04-09,478,56402,255,30443,220,24489,3,1470,397,14842,81,21454,400,36296,California
Orange,2020-12-15,16,16,16,16,0,0,0,0,16,16,0,0,16,16,California
Orange,2020-12-16,367,383,367,383,0,0,0,0,367,383,0,0,367,383,California
Orange,2020-12-17,3715,4098,3715,4098,0,0,0,0,3714,4097,0,0,3714,4097,California
Orange,2020-12-18,5030,9128,5023,9121,7,7,0,0,5029,9126,0,0,5029,9126,California
Orange,2020-12-19,2224,11352,2217,11338,7,14,0,0,2223,11349,0,0,2223,11349,California
Orange,2020-12-20,1970,13322,1968,13306,2,16,0,0,1971,13320,0,0,1971,13320,California
Orange,2020-12-21,4238,17560,4232,17538,6,22,0,0,4238,17558,0,0,4238,17558,California
Orange,2020-12-22,3972,21532,3939,21477,33,55,0,0,3972,21530,0,0,3972,21530,California
Orange,2020-12-23,3548,25080,3195,24672,353,408,0,0,3550,25080,0,0,3550,25080,California
Orange,2020-12-24,1371,26451,1075,25747,296,704,0,0,1371,26451,0,0,1371,26451,California
Orange,2020-12-25,16,26467,11,25758,5,709,0,0,16,26467,0,0,16,26467,California
Orange,2020-12-26,1016,27483,421,26179,595,1304,0,0,1016,27483,0,0,1016,27483,California
Orange,2020-12-27,580,28063,274,26453,306,1610,0,0,580,28063,0,0,580,28063,California
Orange,2020-12-28,3529,31592,2561,29014,968,2578,0,0,3529,31592,0,0,3529,31592,California
Orange,2020-12-29,3561,35153,2564,31578,997,3575,0,0,3560,35151,1,1,3560,35152,California
Orange,2020-12-30,5115,40268,3552,35130,1563,5138,0,0,5115,40266,0,1,5115,40267,California
Orange,2020-12-31,1454,41722,757,35887,697,5835,0,0,1454,41720,0,1,1454,41721,California
Orange,2021-01-01,439,42161,244,36131,195,6030,0,0,438,42157,1,2,438,42159,California
Orange,2021-01-02,1395,43556,893,37024,502,6532,0,0,1395,43552,0,2,1395,43554,California
Orange,2021-01-03,563,44119,312,37336,251,6783,0,0,563,44115,0,2,563,44117,California
Orange,2021-01-04,2708,46827,1556,38892,1152,7935,0,0,2709,46823,1,3,2709,46826,California
Orange,2021-01-05,3499,50326,2285,41177,1214,9149,0,0,3087,49508,405,408,3090,49916,California
Orange,2021-01-06,4971,55297,3456,44633,1515,10664,0,0,3602,51754,1356,1764,3602,53518,California
Orange,2021-01-07,9223,64520,5141,49774,4082,14746,0,0,5666,53879,3544,5308,5669,59187,California
Orange,2021-01-08,9365,73885,5227,55001,4138,18884,0,0,5631,55788,3724,9032,5633,64820,California
Orange,2021-01-09,4979,78864,1729,56730,3250,22134,0,0,3703,58215,1276,10308,3703,68523,California
Orange,2021-01-10,4227,83091,1039,57769,3188,25322,0,0,3348,60689,878,11186,3352,71875,California
Orange,2021-01-11,9405,92496,4875,62644,4530,29852,0,0,5803,62888,3605,14791,5804,77679,California
Orange,2021-01-12,8767,101263,4707,67351,4060,33912,0,0,5313,64749,3452,18243,5313,82992,California
Orange,2021-01-13,10202,111465,4880,72231,5322,39234,0,0,7013,68584,3185,21428,7020,90012,California
Orange,2021-01-14,9933,121398,3760,75991,6173,45407,0,0,8351,75360,1580,23008,8356,98368,California
Orange,2021-01-15,10127,131525,2610,78601,7517,52924,0,0,9256,83743,878,23886,9261,107629,California
Orange,2021-01-16,8691,140216,2090,80691,6601,59525,0,0,8306,91668,385,24271,8310,115939,California
Orange,2021-01-17,8147,148363,1486,82177,6661,66186,0,0,8003,99536,144,24415,8012,123951,California
Orange,2021-01-18,9738,158101,4452,86629,5286,71472,0,0,7499,104795,2242,26657,7501,131452,California
Orange,2021-01-19,7457,165558,5406,92035,2051,73523,0,0,4833,107005,2624,29281,4834,136286,California
Orange,2021-01-20,8239,173797,5796,97831,2443,75966,0,0,5193,109157,3047,32328,5199,141485,California
Orange,2021-01-21,10823,184620,4800,102631,6023,81989,0,0,10036,118415,786,33114,10044,151529,California
Orange,2021-01-22,13551,198171,5068,107699,8483,90472,0,0,12727,130334,816,33930,12735,164264,California
Orange,2021-01-23,13093,211264,6165,113864,6928,97400,0,0,12127,141505,964,34894,12135,176399,California
Orange,2021-01-24,9797,221061,4281,118145,5516,102916,0,0,9483,150679,312,35206,9486,185885,California
Orange,2021-01-25,10397,231458,5836,123981,4561,107477,0,0,7692,155676,2700,37906,7697,193582,California
Orange,2021-01-26,11821,243279,7678,131659,4143,111620,0,0,9691,163243,2127,40033,9694,203276,California
Orange,2021-01-27,13350,256629,7977,139636,5373,116993,0,0,10687,171281,2652,42685,10690,213966,California
Orange,2021-01-28,12963,269592,7157,146793,5806,122799,0,0,11123,180582,1829,44514,11130,225096,California
Orange,2021-01-29,13539,283131,8388,155181,5151,127950,0,0,10698,188456,2829,47343,10703,235799,California
Orange,2021-01-30,12903,296034,4438,159619,8465,136415,0,0,12184,199937,705,48048,12186,247985,California
Orange,2021-01-31,13713,309747,4950,164569,8763,145178,0,0,13286,212805,422,48470,13290,261275,California
Orange,2021-02-01,13945,323692,5731,170300,8214,153392,0,0,11980,222840,1949,50419,11984,273259,California
Orange,2021-02-02,15364,339056,8357,178657,7007,160399,0,0,12631,232851,2623,53042,12634,285893,California
Orange,2021-02-03,16685,355741,12543,191200,4142,164541,0,0,13695,243637,2914,55956,13700,299593,California
Orange,2021-02-04,19716,375457,12879,204079,6837,171378,0,0,14655,253270,5029,60985,14662,314255,California
Orange,2021-02-05,20691,396148,11970,216049,8721,180099,0,0,14442,261504,6211,67196,14445,328700,California
Orange,2021-02-06,16296,412444,10769,226818,5527,185626,0,0,11052,267546,5228,72424,11270,339970,California
Orange,2021-02-07,11517,423961,8089,234907,3428,189054,0,0,7547,271309,3955,76379,7718,347688,California
Orange,2021-02-08,14784,438745,8453,243360,6331,195385,0,0,8822,274197,5936,82315,8824,356512,California
Orange,2021-02-09,17602,456347,11992,255352,5610,200995,0,0,10735,278141,6795,89110,10739,367251,California
Orange,2021-02-10,20868,477215,11142,266494,9726,210721,0,0,12676,282725,8099,97209,12683,379934,California
Orange,2021-02-11,21949,499164,11363,277857,10586,221307,0,0,12363,285647,9460,106669,12382,392316,California
Orange,2021-02-12,24695,523859,11877,289734,12818,234125,0,0,14606,290222,10036,116705,14611,406927,California
Orange,2021-02-13,21643,545502,11567,301301,10076,244201,0,0,11096,291615,10347,127052,11740,418667,California
Orange,2021-02-14,16169,561671,6580,307881,9589,253790,0,0,9554,294581,6590,133642,9556,428223,California
Orange,2021-02-15,17131,578802,7394,315275,9737,263527,0,0,8890,295280,8201,141843,8900,437123,California
Orange,2021-02-16,19886,598688,8970,324245,10916,274443,0,0,10731,296920,9118,150961,10758,447881,California
Orange,2021-02-17,17643,616331,9201,333446,8442,282885,0,0,9168,297684,8436,159397,9200,457081,California
Orange,2021-02-18,14586,630917,9575,343021,5011,287896,0,0,6761,296674,7780,167177,6770,463851,California
Orange,2021-02-19,17651,648568,10714,353735,6937,294833,0,0,6878,292834,10729,177906,6889,470740,California
Orange,2021-02-20,7364,655932,5556,359291,1808,296641,0,0,3730,292956,3617,181523,3739,474479,California
Orange,2021-02-21,4301,660233,3626,362917,675,297316,0,0,768,290226,3503,185026,773,475252,California
Orange,2021-02-22,9557,669790,7817,370734,1740,299056,0,0,3882,288470,5652,190678,3896,479148,California
Orange,2021-02-23,13104,682894,7122,377856,5982,305038,0,0,3527,282488,9525,200203,3543,482691,California
Orange,2021-02-24,20872,703766,12592,390448,8280,313318,0,0,5363,272414,15456,215659,5382,488073,California
Orange,2021-02-25,22406,726172,12100,402548,10306,323624,0,0,8024,266130,14324,229983,8040,496113,California
Orange,2021-02-26,27515,753687,13929,416477,13586,337210,0,0,11141,261022,16274,246257,11166,507279,California
Orange,2021-02-27,24879,778566,10039,426516,14838,352048,2,2,7281,250809,17510,263767,7297,514576,California
Orange,2021-02-28,18918,797484,7297,433813,11621,363669,0,2,4839,241668,13996,277763,4855,519431,California
Orange,2021-03-01,18224,815708,8319,442132,9903,373572,2,4,7049,237613,11118,288881,7063,526494,California
Orange,2021-03-02,14730,830438,7155,449287,7574,381146,1,5,8663,240266,6036,294917,8689,535183,California
Orange,2021-03-03,19615,850053,9133,458420,10480,391626,2,7,10391,241518,9161,304078,10413,545596,California
Orange,2021-03-04,20870,870923,12060,470480,8798,400424,12,19,11006,242729,9831,313909,11042,556638,California
Orange,2021-03-05,19256,890179,9923,480403,9290,409714,43,62,11944,247487,7282,321191,12040,568678,California
Orange,2021-03-06,19098,909277,10359,490762,7883,417597,856,918,10115,249519,8963,330154,10995,579673,California
Orange,2021-03-07,14680,923957,8267,499029,6041,423638,372,1290,8562,252385,6088,336242,8954,588627,California
Orange,2021-03-08,16013,939970,7351,506380,7407,431045,1255,2545,10319,258333,5659,341901,11607,600234,California
Orange,2021-03-09,19481,959451,8472,514852,8589,439634,2420,4965,11206,263727,8241,350142,13635,613869,California
Orange,2021-03-10,23714,983165,11634,526486,8943,448577,3137,8102,11989,267173,11681,361823,15127,628996,California
Orange,2021-03-11,28508,1011673,15554,542040,8925,457502,4029,12131,13267,269304,15167,376990,17298,646294,California
Orange,2021-03-12,28744,1040417,14079,556119,10911,468413,3754,15885,14483,273366,14199,391189,18261,664555,California
Orange,2021-03-13,27190,1067607,10030,566149,13267,481680,3893,19778,13729,277572,13420,404609,17626,682181,California
Orange,2021-03-14,18658,1086265,8118,574267,8025,489705,2515,22293,11791,285037,6841,411450,14306,696487,California
Orange,2021-03-15,22540,1108805,9819,584086,11971,501676,750,23043,14195,291684,8295,419745,14942,711429,California
Orange,2021-03-16,26117,1134922,11028,595114,14870,516546,219,23262,16987,299832,9066,428811,17214,728643,California
Orange,2021-03-17,26953,1161875,13440,608554,13044,529590,469,23731,19265,311936,7634,436445,19738,748381,California
Orange,2021-03-18,27448,1189323,13819,622373,13362,542952,267,23998,21428,327668,5968,442413,21700,770081,California
Orange,2021-03-19,32888,1222211,18086,640459,14380,557332,422,24420,24609,344523,8190,450603,25045,795126,California
Orange,2021-03-20,25466,1247677,13410,653869,11853,569185,203,24623,21809,362934,3600,454203,22011,817137,California
Orange,2021-03-21,18216,1265893,10573,664442,6917,576102,726,25349,15494,376454,2700,456903,16220,833357,California
Orange,2021-03-22,22455,1288348,11599,676041,10537,586639,319,25668,19039,392460,3359,460262,19365,852722,California
Orange,2021-03-23,25657,1314005,13323,689364,11708,598347,626,26294,20659,408812,4936,465198,21288,874010,California
Orange,2021-03-24,28738,1342743,16048,705412,11810,610157,880,27174,21935,424881,6745,471943,22814,896824,California
Orange,2021-03-25,31246,1373989,16464,721876,14129,624286,653,27827,23950,442253,7233,479176,24605,921429,California
Orange,2021-03-26,34087,1408076,17564,739440,15680,639966,843,28670,24755,458601,9250,488426,25598,947027,California
Orange,2021-03-27,28092,1436168,13417,752857,14361,654327,314,28984,20205,471295,7827,496253,20521,967548,California
Orange,2021-03-28,24497,1460665,12662,765519,11769,666096,66,29050,18540,483991,5913,502166,18609,986157,California
Orange,2021-03-29,26174,1486839,11972,777491,13657,679753,545,29595,17859,494149,8249,510415,18407,1004564,California
Orange,2021-03-30,30264,1517103,13745,791236,16139,695892,380,29975,21504,507322,8712,519127,21885,1026449,California
Orange,2021-03-31,36273,1553376,19017,810253,16694,712586,562,30537,24101,519887,12103,531230,24668,1051117,California
Orange,2021-04-01,38373,1591749,20101,830354,16791,729377,1481,32018,25728,534507,12586,543816,27206,1078323,California
Orange,2021-04-02,38001,1629750,18835,849189,17548,746925,1618,33636,22410,543027,15518,559334,24038,1102361,California
Orange,2021-04-03,29016,1658766,14977,864166,12497,759422,1542,35178,15481,546571,13479,572813,17023,1119384,California
Orange,2021-04-04,17721,1676487,10540,874706,6569,765991,612,35790,7828,545150,9860,582673,8439,1127823,California
Orange,2021-04-05,28866,1705353,13577,888283,12147,778138,3142,38932,13609,546687,15211,597884,16748,1144571,California
Orange,2021-04-06,32458,1737811,15075,903358,14126,792264,3257,42189,14117,545774,18278,616162,17365,1161936,California
Orange,2021-04-07,34397,1772208,19023,922381,11144,803408,4230,46419,15212,546077,19120,635282,19423,1181359,California
Orange,2021-04-08,36200,1808408,19957,942338,11103,814511,5140,51559,17436,549926,18703,653985,22552,1203911,California
Orange,2021-04-09,21510,1829918,11225,953563,7584,822095,2701,54260,8049,547248,13424,667409,10746,1214657,California
Placer,2020-12-15,29,29,29,29,0,0,0,0,29,29,0,0,29,29,California
Placer,2020-12-16,53,82,53,82,0,0,0,0,53,82,0,0,53,82,California
Placer,2020-12-17,139,221,139,221,0,0,0,0,139,221,0,0,139,221,California
Placer,2020-12-18,330,551,330,551,0,0,0,0,330,551,0,0,330,551,California
Placer,2020-12-19,251,802,251,802,0,0,0,0,251,802,0,0,251,802,California
Placer,2020-12-20,234,1036,234,1036,0,0,0,0,234,1036,0,0,234,1036,California
Placer,2020-12-21,493,1529,492,1528,1,1,0,0,493,1529,0,0,493,1529,California
Placer,2020-12-22,676,2205,669,2197,7,8,0,0,676,2205,0,0,676,2205,California
Placer,2020-12-23,742,2947,657,2854,85,93,0,0,742,2947,0,0,742,2947,California
Placer,2020-12-24,398,3345,346,3200,52,145,0,0,398,3345,0,0,398,3345,California
Placer,2020-12-26,158,3503,113,3313,45,190,0,0,158,3503,0,0,158,3503,California
Placer,2020-12-27,186,3689,163,3476,23,213,0,0,186,3689,0,0,186,3689,California
Placer,2020-12-28,665,4354,538,4014,127,340,0,0,665,4354,0,0,665,4354,California
Placer,2020-12-29,760,5114,512,4526,248,588,0,0,760,5114,0,0,760,5114,California
Placer,2020-12-30,730,5844,454,4980,276,864,0,0,728,5842,0,0,728,5842,California
Placer,2020-12-31,527,6371,343,5323,184,1048,0,0,527,6369,0,0,527,6369,California
Placer,2021-01-01,14,6385,10,5333,4,1052,0,0,14,6383,0,0,14,6383,California
Placer,2021-01-02,184,6569,152,5485,32,1084,0,0,184,6567,0,0,184,6567,California
Placer,2021-01-03,155,6724,79,5564,76,1160,0,0,155,6722,0,0,155,6722,California
Placer,2021-01-04,618,7342,178,5742,440,1600,0,0,618,7340,0,0,618,7340,California
Placer,2021-01-05,722,8064,159,5901,563,2163,0,0,639,7898,82,82,640,7980,California
Placer,2021-01-06,756,8820,243,6144,513,2676,0,0,615,8372,141,223,615,8595,California
Placer,2021-01-07,981,9801,366,6510,615,3291,0,0,776,8943,205,428,776,9371,California
Placer,2021-01-08,1181,10982,527,7037,654,3945,0,0,855,9475,323,751,855,10226,California
Placer,2021-01-09,448,11430,320,7357,128,4073,0,0,232,9492,215,966,232,10458,California
Placer,2021-01-10,329,11759,186,7543,143,4216,0,0,164,9491,165,1131,164,10622,California
Placer,2021-01-11,1423,13182,807,8350,616,4832,0,0,835,9739,588,1719,836,11458,California
Placer,2021-01-12,1642,14824,870,9220,772,5604,0,0,1039,10175,603,2322,1039,12497,California
Placer,2021-01-13,1625,16449,817,10037,808,6412,0,0,1206,10966,417,2739,1208,13705,California
Placer,2021-01-14,1736,18185,653,10690,1083,7495,0,0,1380,11994,353,3092,1381,15086,California
Placer,2021-01-15,1905,20090,721,11411,1184,8679,0,0,1553,13197,351,3443,1554,16640,California
Placer,2021-01-16,1468,21558,718,12129,750,9429,0,0,1347,14424,121,3564,1348,17988,California
Placer,2021-01-17,559,22117,394,12523,165,9594,0,0,427,14719,132,3696,427,18415,California
Placer,2021-01-18,975,23092,538,13061,437,10031,0,0,746,15237,229,3925,747,19162,California
Placer,2021-01-19,2557,25649,1946,15007,611,10642,0,0,2106,16892,451,4376,2106,21268,California
Placer,2021-01-20,2236,27885,1688,16695,548,11190,0,0,1908,18473,328,4704,1909,23177,California
Placer,2021-01-21,2526,30411,1111,17806,1415,12605,0,0,2132,20213,393,5097,2133,25310,California
Placer,2021-01-22,2275,32686,589,18395,1686,14291,0,0,2102,22145,171,5268,2103,27413,California
Placer,2021-01-23,1189,33875,380,18775,809,15100,0,0,1034,23024,155,5423,1034,28447,California
Placer,2021-01-24,508,34383,265,19040,243,15343,0,0,433,23383,75,5498,434,28881,California
Placer,2021-01-25,1646,36029,798,19838,848,16191,0,0,1361,24460,285,5783,1362,30243,California
Placer,2021-01-26,1824,37853,1022,20860,802,16993,0,0,1561,25758,263,6046,1561,31804,California
Placer,2021-01-27,1814,39667,1156,22016,658,17651,0,0,1572,27091,240,6286,1573,33377,California
Placer,2021-01-28,1776,41443,1106,23122,670,18321,0,0,1530,28377,244,6530,1530,34907,California
Placer,2021-01-29,1854,43297,1164,24286,690,19011,0,0,1663,29852,190,6720,1665,36572,California
Placer,2021-01-30,1723,45020,970,25256,753,19764,0,0,1604,31338,118,6838,1604,38176,California
Placer,2021-01-31,778,45798,621,25877,157,19921,0,0,709,31979,69,6907,710,38886,California
Placer,2021-02-01,2065,47863,1087,26964,978,20899,0,0,1749,33412,316,7223,1749,40635,California
Placer,2021-02-02,2365,50228,1536,28500,829,21728,0,0,1883,34816,479,7702,1883,42518,California
Placer,2021-02-03,2906,53134,1871,30371,1035,22763,0,0,2289,36492,613,8315,2289,44807,California
Placer,2021-02-04,2752,55886,1185,31556,1567,24330,0,0,1933,37610,816,9131,1934,46741,California
Placer,2021-02-05,2725,58611,1201,32757,1524,25854,0,0,1398,37686,1322,10453,1398,48139,California
Placer,2021-02-06,1934,60545,1298,34055,636,26490,0,0,1387,38526,547,11000,1387,49526,California
Placer,2021-02-07,1216,61761,906,34961,310,26800,0,0,939,39189,276,11276,939,50465,California
Placer,2021-02-08,3297,65058,1766,36727,1531,28331,0,0,1979,39859,1310,12586,1980,52445,California
Placer,2021-02-09,3531,68589,2162,38889,1369,29700,0,0,1629,39588,1900,14486,1629,54074,California
Placer,2021-02-10,3740,72329,2187,41076,1553,31253,0,0,1746,39345,1991,16477,1748,55822,California
Placer,2021-02-11,3620,75949,1894,42970,1726,32979,0,0,1584,38902,2028,18505,1585,57407,California
Placer,2021-02-12,2753,78702,1316,44286,1437,34416,0,0,1665,39497,1071,19576,1666,59073,California
Placer,2021-02-13,2530,81232,1487,45773,1043,35459,0,0,1879,40725,651,20227,1879,60952,California
Placer,2021-02-14,1074,82306,675,46448,399,35858,0,0,734,41122,337,20564,734,61686,California
Placer,2021-02-15,2173,84479,1041,47489,1132,36990,0,0,1520,41989,654,21218,1521,63207,California
Placer,2021-02-16,3509,87988,1779,49268,1730,38720,0,0,1577,41644,1923,23141,1578,64785,California
Placer,2021-02-17,3487,91475,1959,51227,1528,40248,0,0,1490,41141,1993,25134,1490,66275,California
Placer,2021-02-18,3641,95116,1972,53199,1669,41917,0,0,1539,40592,2092,27226,1543,67818,California
Placer,2021-02-19,3530,98646,1902,55101,1628,43545,0,0,1310,39687,2216,29442,1311,69129,California
Placer,2021-02-20,1961,100607,1221,56322,740,44285,0,0,879,39492,1077,30519,882,70011,California
Placer,2021-02-21,950,101557,725,57047,225,44510,0,0,261,39068,686,31205,262,70273,California
Placer,2021-02-22,2486,104043,1764,58811,722,45232,0,0,601,37786,1883,33088,601,70874,California
Placer,2021-02-23,2500,106543,1559,60370,941,46173,0,0,867,37021,1632,34720,867,71741,California
Placer,2021-02-24,3227,109770,1170,61540,2057,48230,0,0,1779,37364,1438,36158,1781,73522,California
Placer,2021-02-25,3438,113208,1417,62957,2021,50251,0,0,1827,37587,1605,37763,1828,75350,California
Placer,2021-02-26,4051,117259,2371,65328,1680,51931,0,0,2333,38207,1713,39476,2333,77683,California
Placer,2021-02-27,2806,120065,1484,66812,1322,53253,0,0,1450,38310,1350,40826,1453,79136,California
Placer,2021-02-28,1385,121450,794,67606,591,53844,0,0,576,38082,804,41630,576,79712,California
Placer,2021-03-01,2973,124423,1985,69591,988,54832,0,0,1527,38168,1441,43071,1527,81239,California
Placer,2021-03-02,2820,127243,1757,71348,1063,55895,0,0,1852,39058,963,44034,1853,83092,California
Placer,2021-03-03,3220,130463,1383,72731,1837,57732,0,0,1750,39345,1464,45498,1751,84843,California
Placer,2021-03-04,3524,133987,1420,74151,2104,59836,0,0,1840,39514,1672,47170,1841,86684,California
Placer,2021-03-05,2947,136934,1007,75158,1918,61754,22,22,1781,40153,1164,48334,1803,88487,California
Placer,2021-03-06,2333,139267,1445,76603,812,62566,76,98,881,39665,1445,49779,957,89444,California
Placer,2021-03-07,1289,140556,751,77354,499,63065,39,137,522,39461,764,50543,560,90004,California
Placer,2021-03-08,2874,143430,1827,79181,936,64001,111,248,1643,39985,1230,51773,1754,91758,California
Placer,2021-03-09,3115,146545,1674,80855,1352,65353,89,337,1771,40504,1341,53114,1860,93618,California
Placer,2021-03-10,3243,149788,1308,82163,1829,67182,106,443,1693,40757,1545,54659,1798,95416,California
Placer,2021-03-11,3500,153288,1561,83724,1814,68996,125,568,1683,40756,1811,56470,1810,97226,California
Placer,2021-03-12,3599,156887,1474,85198,1351,70347,774,1342,1208,40351,2388,58858,1983,99209,California
Placer,2021-03-13,2058,158945,729,85927,1216,71563,113,1455,1119,40648,936,59794,1233,100442,California
Placer,2021-03-14,1618,160563,669,86596,801,72364,148,1603,877,40931,741,60535,1024,101466,California
Placer,2021-03-15,3146,163709,1520,88116,1495,73859,131,1734,1740,41401,1403,61938,1873,103339,California
Placer,2021-03-16,3523,167232,1898,90014,1492,75351,133,1867,2261,42542,1254,63192,2395,105734,California
Placer,2021-03-17,3389,170621,1727,91741,1562,76913,100,1967,2201,43661,1184,64376,2303,108037,California
Placer,2021-03-18,3938,174559,2202,93943,1699,78612,37,2004,2827,45420,1106,65482,2865,110902,California
Placer,2021-03-19,3404,177963,2070,96013,1073,79685,261,2265,2177,46639,1218,66700,2437,113339,California
Placer,2021-03-20,2125,180088,891,96904,1136,80821,98,2363,1300,47215,821,67521,1397,114736,California
Placer,2021-03-21,1241,181329,567,97471,665,81486,9,2372,951,47888,287,67808,960,115696,California
Placer,2021-03-22,3250,184579,2084,99555,1079,82565,87,2459,2185,49100,1061,68869,2273,117969,California
Placer,2021-03-23,3478,188057,2077,101632,1310,83875,91,2550,2498,50715,975,69844,2590,120559,California
Placer,2021-03-24,3739,191796,1990,103622,1652,85527,97,2647,1956,50997,1771,71615,2053,122612,California
Placer,2021-03-25,3740,195536,1789,105411,1854,87381,97,2744,1724,50809,2008,73623,1820,124432,California
Placer,2021-03-26,3698,199234,1647,107058,1820,89201,231,2975,1572,50496,2116,75739,1803,126235,California
Placer,2021-03-27,1585,200819,468,107526,1097,90298,20,2995,664,50265,915,76654,684,126919,California
Placer,2021-03-28,1071,201890,508,108034,553,90851,10,3005,364,49937,702,77356,374,127293,California
Placer,2021-03-29,3544,205434,1989,110023,1523,92374,32,3037,1734,49905,1799,79155,1767,129060,California
Placer,2021-03-30,3954,209388,2087,112110,1824,94198,43,3080,2107,50219,1835,80990,2149,131209,California
Placer,2021-03-31,4036,213424,1821,113931,2142,96340,73,3153,1709,49679,2321,83311,1781,132990,California
Placer,2021-04-01,2837,216261,1355,115286,1438,97778,44,3197,1586,50061,1248,84559,1630,134620,California
Placer,2021-04-02,2738,218999,1428,116714,1248,99026,62,3259,1544,50479,1188,85747,1606,136226,California
Placer,2021-04-03,1786,220785,929,117643,729,99755,128,3387,857,50540,923,86670,984,137210,California
Placer,2021-04-04,660,221445,314,117957,293,100048,53,3440,242,50418,417,87087,295,137505,California
Placer,2021-04-05,2845,224290,1788,119745,900,100948,157,3597,1644,51021,1198,88285,1801,139306,California
Placer,2021-04-06,4111,228401,2365,122110,1477,102425,269,3866,1465,50114,2641,90926,1734,141040,California
Placer,2021-04-07,4176,232577,2476,124586,1295,103720,405,4271,1846,50038,2326,93252,2250,143290,California
Placer,2021-04-08,4186,236763,2352,126938,1350,105070,484,4755,1371,49086,2805,96057,1853,145143,California
Placer,2021-04-09,2416,239179,1398,128336,681,105751,337,5092,513,48037,1900,97957,851,145994,California
Plumas,2020-12-18,4,4,4,4,0,0,0,0,4,4,0,0,4,4,California
Plumas,2020-12-19,1,5,1,5,0,0,0,0,1,5,0,0,1,5,California
Plumas,2020-12-21,45,50,45,50,0,0,0,0,45,50,0,0,45,50,California
Plumas,2020-12-22,92,142,92,142,0,0,0,0,92,142,0,0,92,142,California
Plumas,2020-12-23,50,192,50,192,0,0,0,0,50,192,0,0,50,192,California
Plumas,2020-12-24,6,198,6,198,0,0,0,0,6,198,0,0,6,198,California
Plumas,2020-12-28,8,206,0,198,8,8,0,0,8,206,0,0,8,206,California
Plumas,2020-12-29,32,238,22,220,10,18,0,0,32,238,0,0,32,238,California
Plumas,2020-12-30,22,260,1,221,21,39,0,0,22,260,0,0,22,260,California
Plumas,2020-12-31,4,264,1,222,3,42,0,0,4,264,0,0,4,264,California
Plumas,2021-01-04,9,273,3,225,6,48,0,0,9,273,0,0,9,273,California
Plumas,2021-01-05,22,295,2,227,20,68,0,0,22,295,0,0,22,295,California
Plumas,2021-01-06,125,420,6,233,119,187,0,0,125,420,0,0,125,420,California
Plumas,2021-01-07,54,474,2,235,52,239,0,0,53,472,1,1,53,473,California
Plumas,2021-01-08,12,486,5,240,7,246,0,0,8,476,4,5,8,481,California
Plumas,2021-01-09,2,488,2,242,0,246,0,0,1,476,1,6,1,482,California
Plumas,2021-01-11,59,547,50,292,9,255,0,0,12,441,47,53,12,494,California
Plumas,2021-01-12,154,701,86,378,68,323,0,0,70,427,84,137,70,564,California
Plumas,2021-01-13,55,756,50,428,5,328,0,0,9,390,46,183,9,573,California
Plumas,2021-01-14,96,852,14,442,82,410,0,0,91,476,5,188,91,664,California
Plumas,2021-01-15,62,914,7,449,55,465,0,0,60,534,2,190,60,724,California
Plumas,2021-01-16,58,972,1,450,57,522,0,0,58,592,0,190,58,782,California
Plumas,2021-01-18,2,974,1,451,1,523,0,0,2,594,0,190,2,784,California
Plumas,2021-01-19,36,1010,5,456,31,554,0,0,32,622,4,194,32,816,California
Plumas,2021-01-20,121,1131,3,459,118,672,0,0,119,739,2,196,119,935,California
Plumas,2021-01-21,113,1244,2,461,111,783,0,0,113,852,0,196,113,1048,California
Plumas,2021-01-22,3,1247,0,461,3,786,0,0,3,855,0,196,3,1051,California
Plumas,2021-01-23,92,1339,1,462,91,877,0,0,92,947,0,196,92,1143,California
Plumas,2021-01-24,1,1340,1,463,0,877,0,0,1,948,0,196,1,1144,California
Plumas,2021-01-25,8,1348,5,468,3,880,0,0,5,950,3,199,5,1149,California
Plumas,2021-01-26,60,1408,2,470,58,938,0,0,52,994,8,207,52,1201,California
Plumas,2021-01-27,25,1433,20,490,5,943,0,0,5,979,20,227,5,1206,California
Plumas,2021-01-28,23,1456,0,490,23,966,0,0,21,998,2,229,21,1227,California
Plumas,2021-01-29,7,1463,2,492,5,971,0,0,6,1003,1,230,6,1233,California
Plumas,2021-01-30,8,1471,4,496,4,975,0,0,7,1009,1,231,7,1240,California
Plumas,2021-01-31,3,1474,3,499,0,975,0,0,3,1012,0,231,3,1243,California
Plumas,2021-02-01,15,1489,2,501,13,988,0,0,7,1011,8,239,7,1250,California
Plumas,2021-02-02,20,1509,1,502,19,1007,0,0,1,993,19,258,1,1251,California
Plumas,2021-02-03,126,1635,6,508,120,1127,0,0,12,892,113,371,12,1263,California
Plumas,2021-02-04,102,1737,8,516,94,1221,0,0,23,836,79,450,23,1286,California
Plumas,2021-02-05,24,1761,11,527,13,1234,0,0,9,830,15,465,9,1295,California
Plumas,2021-02-06,7,1768,0,527,7,1241,0,0,7,837,0,465,7,1302,California
Plumas,2021-02-08,16,1784,8,535,8,1249,0,0,4,829,12,477,4,1306,California
Plumas,2021-02-09,170,1954,1,536,169,1418,0,0,111,881,59,536,111,1417,California
Plumas,2021-02-10,90,2044,9,545,81,1499,0,0,82,955,8,544,82,1499,California
Plumas,2021-02-11,321,2365,7,552,314,1813,0,0,262,1158,59,603,262,1761,California
Plumas,2021-02-12,123,2488,3,555,120,1933,0,0,119,1273,4,607,119,1880,California
Plumas,2021-02-13,71,2559,3,558,68,2001,0,0,12,1226,59,666,12,1892,California
Plumas,2021-02-14,7,2566,4,562,3,2004,0,0,7,1233,0,666,7,1899,California
Plumas,2021-02-15,26,2592,3,565,23,2027,0,0,25,1257,1,667,25,1924,California
Plumas,2021-02-16,75,2667,4,569,71,2098,0,0,14,1210,61,728,14,1938,California
Plumas,2021-02-17,136,2803,5,574,131,2229,0,0,11,1096,125,853,11,1949,California
Plumas,2021-02-18,126,2929,6,580,120,2349,0,0,17,1004,109,962,17,1966,California
Plumas,2021-02-19,40,2969,4,584,36,2385,0,0,6,976,34,996,6,1972,California
Plumas,2021-02-20,103,3072,6,590,97,2482,0,0,11,895,92,1088,11,1983,California
Plumas,2021-02-21,6,3078,5,595,1,2483,0,0,2,893,4,1092,2,1985,California
Plumas,2021-02-22,3,3081,1,596,2,2485,0,0,0,890,3,1095,0,1985,California
Plumas,2021-02-23,21,3102,4,600,17,2502,0,0,13,895,8,1103,13,1998,California
Plumas,2021-02-24,455,3557,6,606,449,2951,0,0,444,1328,11,1114,444,2442,California
Plumas,2021-02-25,226,3783,9,615,217,3168,0,0,166,1434,60,1174,166,2608,California
Plumas,2021-02-26,258,4041,7,622,251,3419,0,0,253,1683,5,1179,254,2862,California
Plumas,2021-02-27,40,4081,4,626,36,3455,0,0,33,1709,7,1186,33,2895,California
Plumas,2021-03-01,9,4090,3,629,6,3461,0,0,5,1710,4,1190,5,2900,California
Plumas,2021-03-02,9,4099,0,629,9,3470,0,0,6,1713,3,1193,6,2906,California
Plumas,2021-03-03,151,4250,10,639,141,3611,0,0,135,1832,16,1209,135,3041,California
Plumas,2021-03-04,245,4495,10,649,235,3846,0,0,224,2035,21,1230,224,3265,California
Plumas,2021-03-05,396,4891,6,655,385,4231,5,5,385,2414,11,1241,390,3655,California
Plumas,2021-03-06,16,4907,1,656,7,4238,8,13,3,2412,13,1254,11,3666,California
Plumas,2021-03-07,13,4920,2,658,2,4240,9,22,3,2414,10,1264,12,3678,California
Plumas,2021-03-08,29,4949,3,661,2,4242,24,46,3,2415,26,1290,27,3705,California
Plumas,2021-03-09,132,5081,1,662,116,4358,15,61,17,2332,115,1405,32,3737,California
Plumas,2021-03-10,254,5335,3,665,237,4595,14,75,106,2304,148,1553,120,3857,California
Plumas,2021-03-11,176,5511,8,673,163,4758,5,80,142,2417,34,1587,147,4004,California
Plumas,2021-03-12,594,6105,2,675,305,5063,287,367,23,2156,571,2158,310,4314,California
Plumas,2021-03-13,22,6127,4,679,7,5070,11,378,4,2153,18,2176,15,4329,California
Plumas,2021-03-14,10,6137,2,681,3,5073,5,383,1,2150,9,2185,6,4335,California
Plumas,2021-03-15,31,6168,1,682,25,5098,5,388,6,2136,25,2210,11,4346,California
Plumas,2021-03-16,57,6225,2,684,54,5152,1,389,47,2174,10,2220,48,4394,California
Plumas,2021-03-17,74,6299,10,694,63,5215,1,390,60,2221,14,2234,61,4455,California
Plumas,2021-03-18,53,6352,6,700,30,5245,17,407,6,2197,47,2281,23,4478,California
Plumas,2021-03-19,162,6514,5,705,155,5400,2,409,153,2345,8,2289,156,4634,California
Plumas,2021-03-20,669,7183,4,709,664,6064,1,410,650,2979,17,2306,651,5285,California
Plumas,2021-03-21,1,7184,1,710,0,6064,0,410,1,2980,0,2306,1,5286,California
Plumas,2021-03-22,179,7363,1,711,178,6242,0,410,173,3147,6,2312,173,5459,California
Plumas,2021-03-23,25,7388,2,713,23,6265,0,410,13,3148,12,2324,13,5472,California
Plumas,2021-03-24,640,8028,7,720,632,6897,1,411,210,2929,430,2754,211,5683,California
Plumas,2021-03-25,188,8216,5,725,181,7078,2,413,51,2843,137,2891,51,5734,California
Plumas,2021-03-26,308,8524,9,734,299,7377,0,413,47,2630,260,3151,47,5781,California
Plumas,2021-03-27,11,8535,1,735,9,7386,1,414,2,2624,9,3160,3,5784,California
Plumas,2021-03-28,5,8540,3,738,1,7387,1,415,3,2626,2,3162,4,5788,California
Plumas,2021-03-29,13,8553,4,742,8,7395,1,416,5,2624,8,3170,6,5794,California
Plumas,2021-03-30,150,8703,3,745,146,7541,1,417,24,2523,126,3296,25,5819,California
Plumas,2021-03-31,274,8977,2,747,271,7812,1,418,255,2760,19,3315,256,6075,California
Plumas,2021-04-01,288,9265,12,759,276,8088,0,418,59,2590,229,3544,59,6134,California
Plumas,2021-04-02,371,9636,4,763,366,8454,1,419,26,2284,333,3877,27,6161,California
Plumas,2021-04-03,12,9648,0,763,4,8458,8,427,1,2282,11,3888,9,6170,California
Plumas,2021-04-04,3,9651,1,764,1,8459,1,428,0,2280,3,3891,1,6171,California
Plumas,2021-04-05,14,9665,3,767,10,8469,1,429,7,2281,7,3898,8,6179,California
Plumas,2021-04-06,116,9781,5,772,83,8552,28,457,12,2213,103,4001,35,6214,California
Plumas,2021-04-07,279,10060,10,782,99,8651,170,627,29,2162,250,4251,199,6413,California
Plumas,2021-04-08,147,10207,1,783,130,8781,16,643,33,2097,113,4364,48,6461,California
Plumas,2021-04-09,28,10235,4,787,23,8804,1,644,15,2100,13,4377,16,6477,California
Riverside,2020-12-15,4,4,4,4,0,0,0,0,4,4,0,0,4,4,California
Riverside,2020-12-16,63,67,63,67,0,0,0,0,63,67,0,0,63,67,California
Riverside,2020-12-17,805,872,805,872,0,0,0,0,805,872,0,0,805,872,California
Riverside,2020-12-18,1723,2595,1721,2593,2,2,0,0,1723,2595,0,0,1723,2595,California
Riverside,2020-12-19,1022,3617,1020,3613,2,4,0,0,1020,3614,1,1,1020,3615,California
Riverside,2020-12-20,1084,4701,1083,4696,1,5,0,0,1084,4698,0,1,1084,4699,California
Riverside,2020-12-21,2271,6972,2269,6965,2,7,0,0,2271,6969,0,1,2271,6970,California
Riverside,2020-12-22,2248,9220,2209,9174,39,46,0,0,2247,9216,0,1,2247,9217,California
Riverside,2020-12-23,2122,11342,1786,10960,336,382,0,0,2123,11339,0,1,2123,11340,California
Riverside,2020-12-24,826,12168,624,11584,202,584,0,0,826,12165,0,1,826,12166,California
Riverside,2020-12-25,28,12196,5,11589,23,607,0,0,28,12193,0,1,28,12194,California
Riverside,2020-12-26,400,12596,257,11846,143,750,0,0,400,12593,0,1,400,12594,California
Riverside,2020-12-27,361,12957,243,12089,118,868,0,0,361,12954,0,1,361,12955,California
Riverside,2020-12-28,1619,14576,1122,13211,497,1365,0,0,1619,14573,0,1,1619,14574,California
Riverside,2020-12-29,1738,16314,972,14183,766,2131,0,0,1738,16311,0,1,1738,16312,California
Riverside,2020-12-30,2569,18883,1681,15864,888,3019,0,0,2568,18879,0,1,2568,18880,California
Riverside,2020-12-31,1020,19903,394,16258,626,3645,0,0,1022,19901,0,1,1022,19902,California
Riverside,2021-01-01,104,20007,40,16298,64,3709,0,0,104,20005,0,1,104,20006,California
Riverside,2021-01-02,829,20836,691,16989,138,3847,0,0,829,20834,0,1,829,20835,California
Riverside,2021-01-03,346,21182,299,17288,47,3894,0,0,345,21179,0,1,345,21180,California
Riverside,2021-01-04,1257,22439,793,18081,464,4358,0,0,1257,22436,0,1,1257,22437,California
Riverside,2021-01-05,1981,24420,1365,19446,616,4974,0,0,1883,24228,91,92,1883,24320,California
Riverside,2021-01-06,2470,26890,1100,20546,1370,6344,0,0,2165,26092,301,393,2165,26485,California
Riverside,2021-01-07,2762,29652,1811,22357,951,7295,0,0,1701,26738,1057,1450,1703,28188,California
Riverside,2021-01-08,4034,33686,2931,25288,1103,8398,0,0,2228,27164,1802,3252,2228,30416,California
Riverside,2021-01-09,2070,35756,844,26132,1226,9624,0,0,1725,28545,344,3596,1725,32141,California
Riverside,2021-01-10,1660,37416,731,26863,929,10553,0,0,1058,29001,602,4198,1058,33199,California
Riverside,2021-01-11,4510,41926,3088,29951,1422,11975,0,0,2782,30058,1726,5924,2783,35982,California
Riverside,2021-01-12,3393,45319,2723,32674,670,12645,0,0,1709,30088,1679,7603,1709,37691,California
Riverside,2021-01-13,4379,49698,2867,35541,1512,14157,0,0,2777,31266,1599,9202,2777,40468,California
Riverside,2021-01-14,5449,55147,1861,37402,3588,17745,0,0,4864,35545,585,9787,4864,45332,California
Riverside,2021-01-15,6116,61263,2089,39491,4027,21772,0,0,5830,41090,285,10072,5830,51162,California
Riverside,2021-01-16,3603,64866,1015,40506,2588,24360,0,0,3358,44204,245,10317,3359,54521,California
Riverside,2021-01-17,3594,68460,582,41088,3012,27372,0,0,3399,47409,194,10511,3399,57920,California
Riverside,2021-01-18,3711,72171,2014,43102,1697,29069,0,0,2706,49110,1005,11516,2706,60626,California
Riverside,2021-01-19,7395,79566,2636,45738,4759,33828,0,0,6276,54269,1119,12635,6278,66904,California
Riverside,2021-01-20,7950,87516,2865,48603,5085,38913,0,0,6471,59273,1470,14105,6474,73378,California
Riverside,2021-01-21,8190,95706,3361,51964,4829,43742,0,0,7576,66234,615,14720,7576,80954,California
Riverside,2021-01-22,8694,104400,2962,54926,5732,49474,0,0,8268,74077,425,15145,8268,89222,California
Riverside,2021-01-23,5923,110323,2396,57322,3527,53001,0,0,5195,78545,728,15873,5196,94418,California
Riverside,2021-01-24,3035,113358,1435,58757,1600,54601,0,0,2822,81158,210,16083,2823,97241,California
Riverside,2021-01-25,7873,121231,4538,63295,3335,57936,0,0,6751,86790,1120,17203,6752,103993,California
Riverside,2021-01-26,9093,130324,5721,69016,3372,61308,0,0,7586,92874,1505,18708,7589,111582,California
Riverside,2021-01-27,10491,140815,6171,75187,4320,65628,0,0,8982,100353,1506,20214,8985,120567,California
Riverside,2021-01-28,11383,152198,6696,81883,4687,70315,0,0,10232,109443,1143,21357,10233,130800,California
Riverside,2021-01-29,11832,164030,7222,89105,4610,74925,0,0,10465,118572,1340,22697,10469,141269,California
Riverside,2021-01-30,9040,173070,4601,93706,4439,79364,0,0,8581,126698,456,23153,8582,149851,California
Riverside,2021-01-31,5151,178221,4249,97955,902,80266,0,0,5024,131599,126,23279,5027,154878,California
Riverside,2021-02-01,10823,189044,6682,104637,4141,84407,0,0,9049,138882,1768,25047,9051,163929,California
Riverside,2021-02-02,9385,198429,4780,109417,4605,89012,0,0,7909,145324,1469,26516,7911,171840,California
Riverside,2021-02-03,12005,210434,4984,114401,7021,96033,0,0,9777,152884,2217,28733,9777,181617,California
Riverside,2021-02-04,13558,223992,6062,120463,7496,103529,0,0,11473,162281,2078,30811,11475,193092,California
Riverside,2021-02-05,14319,238311,5395,125858,8924,112453,0,0,11284,170544,3027,33838,11290,204382,California
Riverside,2021-02-06,7256,245567,4285,130143,2971,115424,0,0,5623,174544,1626,35464,5626,210008,California
Riverside,2021-02-07,2187,247754,806,130949,1381,116805,0,0,1873,176105,313,35777,1874,211882,California
Riverside,2021-02-08,12447,260201,5533,136482,6914,123719,0,0,10166,184013,2263,38040,10171,222053,California
Riverside,2021-02-09,9655,269856,4530,141012,5125,128844,0,0,7745,189862,1902,39942,7751,229804,California
Riverside,2021-02-10,12033,281889,6995,148007,5038,133882,0,0,8930,195709,3091,43033,8938,238742,California
Riverside,2021-02-11,16492,298381,8986,156993,7506,141388,0,0,12126,203506,4344,47377,12141,250883,California
Riverside,2021-02-12,17640,316021,10802,167795,6838,148226,0,0,12807,211532,4791,52168,12817,263700,California
Riverside,2021-02-13,6299,322320,2109,169904,4190,152416,0,0,3077,211432,3204,55372,3104,266804,California
Riverside,2021-02-14,4943,327263,1141,171045,3802,156218,0,0,2191,210877,2748,58120,2193,268997,California
Riverside,2021-02-15,9838,337101,5029,176074,4809,161027,0,0,5436,211925,4395,62515,5443,274440,California
Riverside,2021-02-16,16158,353259,10164,186238,5994,167021,0,0,9306,214393,6846,69361,9314,283754,California
Riverside,2021-02-17,15024,368283,8224,194462,6800,173821,0,0,7598,214587,7414,76775,7608,291362,California
Riverside,2021-02-18,15451,383734,8926,203388,6525,180346,0,0,8057,215279,7377,84152,8069,299431,California
Riverside,2021-02-19,15223,398957,8208,211596,7015,187361,0,0,7213,214510,7990,92142,7221,306652,California
Riverside,2021-02-20,8053,407010,4254,215850,3799,191160,0,0,2094,210662,5945,98087,2097,308749,California
Riverside,2021-02-21,3391,410401,2881,218731,510,191670,0,0,1024,209331,2357,100444,1026,309775,California
Riverside,2021-02-22,12288,422689,7715,226446,4573,196243,0,0,5103,207268,7171,107615,5108,314883,California
Riverside,2021-02-23,11057,433746,7546,233992,3511,199754,0,0,5426,207092,5607,113222,5431,320314,California
Riverside,2021-02-24,14706,448452,8034,242026,6672,206426,0,0,6421,205282,8247,121469,6437,326751,California
Riverside,2021-02-25,17150,465602,7311,249337,9839,216265,0,0,8021,204218,9108,130577,8044,334795,California
Riverside,2021-02-26,18254,483856,6708,256045,11546,227811,0,0,9134,204316,9065,139642,9163,343958,California
Riverside,2021-02-27,11349,495205,4921,260966,6428,234239,0,0,5690,204405,5627,145269,5716,349674,California
Riverside,2021-02-28,4657,499862,2994,263960,1663,235902,0,0,2431,204627,2217,147486,2439,352113,California
Riverside,2021-03-01,14262,514124,6088,270048,8173,244075,1,1,8430,207283,5804,153290,8460,360573,California
Riverside,2021-03-02,14834,528958,7250,277298,7583,251658,1,2,8809,210119,6005,159295,8841,369414,California
Riverside,2021-03-03,16541,545499,8152,285450,8389,260047,0,2,7069,207888,9425,168720,7194,376608,California
Riverside,2021-03-04,16406,561905,5981,291431,10421,270468,4,6,7966,207606,8396,177116,8114,384722,California
Riverside,2021-03-05,17386,579291,6857,298288,10486,280954,43,49,8740,208064,8598,185714,9056,393778,California
Riverside,2021-03-06,8989,588280,4679,302967,3853,284807,457,506,4587,208749,4389,190103,5074,398852,California
Riverside,2021-03-07,4162,592442,2700,305667,1077,285884,385,891,1961,208908,2193,192296,2352,401204,California
Riverside,2021-03-08,10262,602704,4662,310329,5202,291086,398,1289,4373,207836,5873,198169,4801,406005,California
Riverside,2021-03-09,12784,615488,6019,316348,6312,297398,453,1742,5217,206073,7552,205721,5789,411794,California
Riverside,2021-03-10,13359,628847,6679,323027,5869,303267,811,2553,5535,204773,7794,213515,6494,418288,California
Riverside,2021-03-11,17148,645995,8494,331521,6967,310234,1687,4240,6838,203225,10281,223796,8733,427021,California
Riverside,2021-03-12,20880,666875,7830,339351,8392,318626,4658,8898,7010,201384,13842,237638,12001,439022,California
Riverside,2021-03-13,8023,674898,2448,341799,4428,323054,1147,10045,4190,202980,3821,241459,5417,444439,California
Riverside,2021-03-14,4518,679416,1578,343377,1658,324712,1282,11327,2012,203774,2497,243956,3291,447730,California
Riverside,2021-03-15,18509,697925,7809,351186,9031,333743,1669,12996,9058,205191,9415,253371,10832,458562,California
Riverside,2021-03-16,20809,718734,10084,361270,9911,343654,814,13810,11329,207987,9444,262815,12240,470802,California
Riverside,2021-03-17,21118,739852,10821,372091,9251,352905,1046,14856,12664,213336,8422,271237,13771,484573,California
Riverside,2021-03-18,22447,762299,11665,383756,9132,362037,1650,16506,12459,217508,9946,281183,14118,498691,California
Riverside,2021-03-19,23874,786173,12524,396280,10406,372443,944,17450,13935,222858,9891,291074,15241,513932,California
Riverside,2021-03-20,10503,796676,6803,403083,2544,374987,1156,18606,6747,227031,3732,294806,7905,521837,California
Riverside,2021-03-21,3647,800323,2848,405931,547,375534,252,18858,2501,228652,1134,295940,2755,524592,California
Riverside,2021-03-22,16555,816878,9873,415804,6126,381660,556,19414,10565,233821,5952,301892,11121,535713,California
Riverside,2021-03-23,18480,835358,10458,426262,7601,389261,421,19835,11992,239808,6442,308334,12429,548142,California
Riverside,2021-03-24,18529,853887,10334,436596,8078,397339,117,19952,12824,247092,5665,313999,12949,561091,California
Riverside,2021-03-25,20962,874849,11599,448195,9187,406526,176,20128,14251,254873,6650,320649,14431,575522,California
Riverside,2021-03-26,23916,898765,11794,459989,11959,418485,163,20291,15031,261272,8800,329449,15199,590721,California
Riverside,2021-03-27,8954,907719,4599,464588,3302,421787,1053,21344,4518,262424,4420,333869,5572,596293,California
Riverside,2021-03-28,4705,912424,3101,467689,1514,423301,90,21434,2836,263489,1862,335731,2927,599220,California
Riverside,2021-03-29,15554,927978,7897,475586,7543,430844,114,21548,10037,268158,5492,341223,10161,609381,California
Riverside,2021-03-30,18172,946150,9497,485083,8474,439318,201,21749,11885,273990,6258,347481,12090,621471,California
Riverside,2021-03-31,17880,964030,8339,493422,9240,448558,301,22050,11648,279762,6186,353667,11958,633429,California
Riverside,2021-04-01,25053,989083,12265,505687,12059,460617,729,22779,16719,288927,8285,361952,17450,650879,California
Riverside,2021-04-02,25643,1014726,13778,519465,10941,471558,924,23703,16310,297105,9285,371237,17463,668342,California
Riverside,2021-04-03,8938,1023664,5646,525111,2765,474323,527,24230,5833,300371,3093,374330,6359,674701,California
Riverside,2021-04-04,3251,1026915,1978,527089,1071,475394,202,24432,1694,300714,1553,375883,1896,676597,California
Riverside,2021-04-05,17732,1044647,9103,536192,6865,482259,1764,26196,10338,305449,7369,383252,12104,688701,California
Riverside,2021-04-06,22695,1067342,11732,547924,8978,491237,1985,28181,12691,310162,9959,393211,14672,703373,California
Riverside,2021-04-07,23010,1090352,12337,560261,8416,499653,2257,30438,13187,315826,9782,402993,15446,718819,California
Riverside,2021-04-08,25003,1115355,13568,573829,8758,508411,2677,33115,15486,324511,9468,412461,18153,736972,California
Riverside,2021-04-09,16568,1131923,10238,584067,5073,513484,1257,34372,10494,330239,6043,418504,11771,748743,California
Sacramento,2020-12-15,314,314,314,314,0,0,0,0,314,314,0,0,314,314,California
Sacramento,2020-12-16,645,959,645,959,0,0,0,0,645,959,0,0,645,959,California
Sacramento,2020-12-17,645,1604,645,1604,0,0,0,0,645,1604,0,0,645,1604,California
Sacramento,2020-12-18,972,2576,969,2573,3,3,0,0,972,2576,0,0,972,2576,California
Sacramento,2020-12-19,613,3189,613,3186,0,3,0,0,613,3189,0,0,613,3189,California
Sacramento,2020-12-20,633,3822,633,3819,0,3,0,0,633,3822,0,0,633,3822,California
Sacramento,2020-12-21,1677,5499,1676,5495,1,4,0,0,1678,5500,0,0,1678,5500,California
Sacramento,2020-12-22,2092,7591,2062,7557,30,34,0,0,2092,7592,0,0,2092,7592,California
Sacramento,2020-12-23,2245,9836,2080,9637,165,199,0,0,2245,9837,0,0,2245,9837,California
Sacramento,2020-12-24,1045,10881,834,10471,211,410,0,0,1045,10882,0,0,1045,10882,California
Sacramento,2020-12-25,1,10882,0,10471,1,411,0,0,1,10883,0,0,1,10883,California
Sacramento,2020-12-26,508,11390,291,10762,217,628,0,0,508,11391,0,0,508,11391,California
Sacramento,2020-12-27,350,11740,247,11009,103,731,0,0,350,11741,0,0,350,11741,California
Sacramento,2020-12-28,1899,13639,1320,12329,579,1310,0,0,1898,13638,1,1,1898,13639,California
Sacramento,2020-12-29,1950,15589,1187,13516,763,2073,0,0,1950,15588,0,1,1950,15589,California
Sacramento,2020-12-30,2565,18154,1464,14980,1101,3174,0,0,2566,18154,0,1,2566,18155,California
Sacramento,2020-12-31,1225,19379,694,15674,531,3705,0,0,1225,19379,0,1,1225,19380,California
Sacramento,2021-01-01,69,19448,60,15734,9,3714,0,0,69,19448,0,1,69,19449,California
Sacramento,2021-01-02,565,20013,363,16097,202,3916,0,0,565,20013,0,1,565,20014,California
Sacramento,2021-01-03,410,20423,221,16318,189,4105,0,0,410,20423,0,1,410,20424,California
Sacramento,2021-01-04,1960,22383,846,17164,1114,5219,0,0,1958,22380,1,2,1958,22382,California
Sacramento,2021-01-05,2209,24592,984,18148,1225,6444,0,0,1855,23888,354,356,1862,24244,California
Sacramento,2021-01-06,2729,27321,1624,19772,1105,7549,0,0,1953,25068,773,1129,1953,26197,California
Sacramento,2021-01-07,2832,30153,1507,21279,1325,8874,0,0,1973,26185,856,1985,1973,28170,California
Sacramento,2021-01-08,3285,33438,2089,23368,1196,10070,0,0,2248,27401,1033,3018,2249,30419,California
Sacramento,2021-01-09,1288,34726,797,24165,491,10561,0,0,898,27911,388,3406,898,31317,California
Sacramento,2021-01-10,1245,35971,712,24877,533,11094,0,0,772,28212,472,3878,773,32090,California
Sacramento,2021-01-11,4339,40310,2947,27824,1392,12486,0,0,2412,28700,1926,5804,2414,34504,California
Sacramento,2021-01-12,4414,44724,3032,30856,1382,13868,0,0,2450,29190,1963,7767,2453,36957,California
Sacramento,2021-01-13,3765,48489,2160,33016,1605,15473,0,0,2355,30138,1409,9176,2357,39314,California
Sacramento,2021-01-14,4589,53078,2359,35375,2230,17703,0,0,3666,32885,919,10095,3666,42980,California
Sacramento,2021-01-15,4397,57475,2259,37634,2138,19841,0,0,3676,35842,720,10815,3677,46657,California
Sacramento,2021-01-16,2091,59566,1291,38925,800,20641,0,0,1874,37499,217,11032,1874,48531,California
Sacramento,2021-01-17,1633,61199,951,39876,682,21323,0,0,1456,38780,177,11209,1458,49989,California
Sacramento,2021-01-18,2854,64053,1763,41639,1091,22414,0,0,2331,40589,523,11732,2332,52321,California
Sacramento,2021-01-19,4613,68666,3053,44692,1560,23974,0,0,3349,42675,1264,12996,3350,55671,California
Sacramento,2021-01-20,4759,73425,2817,47509,1942,25916,0,0,3547,45013,1214,14210,3552,59223,California
Sacramento,2021-01-21,5172,78597,2980,50489,2192,28108,0,0,4211,48270,955,15165,4212,63435,California
Sacramento,2021-01-22,4967,83564,2646,53135,2321,30429,0,0,4662,52629,304,15469,4663,68098,California
Sacramento,2021-01-23,3724,87288,1559,54694,2165,32594,0,0,3269,55443,455,15924,3269,71367,California
Sacramento,2021-01-24,1561,88849,979,55673,582,33176,0,0,1323,56529,238,16162,1324,72691,California
Sacramento,2021-01-25,4343,93192,2108,57781,2235,35411,0,0,2928,58044,1415,17577,2930,75621,California
Sacramento,2021-01-26,4692,97884,2128,59909,2564,37975,0,0,3493,60343,1197,18774,3496,79117,California
Sacramento,2021-01-27,5785,103669,3044,62953,2741,40716,0,0,4183,62929,1599,20373,4185,83302,California
Sacramento,2021-01-28,5343,109012,2707,65660,2636,43352,0,0,4247,66082,1095,21468,4248,87550,California
Sacramento,2021-01-29,5376,114388,2926,68586,2450,45802,0,0,4359,69433,1008,22476,4359,91909,California
Sacramento,2021-01-30,4498,118886,2196,70782,2302,48104,0,0,4064,73065,432,22908,4064,95973,California
Sacramento,2021-01-31,2287,121173,1995,72777,292,48396,0,0,2015,74812,270,23178,2017,97990,California
Sacramento,2021-02-01,5897,127070,3009,75786,2888,51284,0,0,4242,77401,1653,24831,4242,102232,California
Sacramento,2021-02-02,6843,133913,3753,79539,3090,54374,0,0,4768,80112,2059,26890,4770,107002,California
Sacramento,2021-02-03,7075,140988,3544,83083,3531,57905,0,0,5221,83490,1845,28735,5223,112225,California
Sacramento,2021-02-04,7685,148673,3621,86704,4064,61969,0,0,5481,86776,2195,30930,5481,117706,California
Sacramento,2021-02-05,7707,156380,4361,91065,3346,65315,0,0,4805,88705,2879,33809,4808,122514,California
Sacramento,2021-02-06,8407,164787,3436,94501,4971,70286,0,0,7075,94454,1328,35137,7077,129591,California
Sacramento,2021-02-07,4025,168812,2143,96644,1882,72168,0,0,2808,96054,1209,36346,2809,132400,California
Sacramento,2021-02-08,6182,174994,3194,99838,2988,75156,0,0,3872,97622,2305,38651,3873,136273,California
Sacramento,2021-02-09,6705,181699,3500,103338,3205,78361,0,0,3920,98767,2777,41428,3922,140195,California
Sacramento,2021-02-10,7641,189340,4176,107514,3465,81826,0,0,4533,100207,3095,44523,4535,144730,California
Sacramento,2021-02-11,8761,198101,4970,112484,3791,85617,0,0,4791,101042,3958,48481,4793,149523,California
Sacramento,2021-02-12,10540,208641,4129,116613,6411,92028,0,0,6362,103268,4139,52620,6365,155888,California
Sacramento,2021-02-13,7585,216226,2985,119598,4600,96628,0,0,6006,107696,1578,54198,6006,161894,California
Sacramento,2021-02-14,3087,219313,1916,121514,1171,97799,0,0,2058,108732,1027,55225,2063,163957,California
Sacramento,2021-02-15,5936,225249,2033,123547,3903,101702,0,0,4145,111094,1785,57010,4147,168104,California
Sacramento,2021-02-16,8839,234088,4193,127740,4646,106348,0,0,5266,112799,3566,60576,5271,173375,California
Sacramento,2021-02-17,8787,242875,4968,132708,3819,110167,0,0,5119,114263,3656,64232,5120,178495,California
Sacramento,2021-02-18,8798,251673,5033,137741,3765,113932,0,0,5062,115599,3730,67962,5066,183561,California
Sacramento,2021-02-19,9970,261643,6119,143860,3851,117783,0,0,5896,117438,4061,72023,5900,189461,California
Sacramento,2021-02-20,7331,268974,5350,149210,1981,119764,0,0,4290,118695,3034,75057,4291,193752,California
Sacramento,2021-02-21,2859,271833,2281,151491,578,120342,0,0,990,117823,1863,76920,991,194743,California
Sacramento,2021-02-22,6141,277974,3720,155211,2421,122763,0,0,2663,117021,3470,80390,2668,197411,California
Sacramento,2021-02-23,7083,285057,4404,159615,2679,125442,0,0,3462,116880,3606,83996,3465,200876,California
Sacramento,2021-02-24,9555,294612,5269,164884,4286,129728,0,0,5236,117816,4305,88301,5241,206117,California
Sacramento,2021-02-25,9960,304572,5372,170256,4588,134316,0,0,5500,118870,4446,92747,5500,211617,California
Sacramento,2021-02-26,13831,318403,6443,176699,7388,141704,0,0,9512,124097,4289,97036,9516,221133,California
Sacramento,2021-02-27,10764,329167,6700,183399,4061,145765,3,3,7920,129194,2827,99863,7924,229057,California
Sacramento,2021-02-28,5530,334697,2173,185572,3357,149122,0,3,2561,128801,2955,102818,2562,231619,California
Sacramento,2021-03-01,7935,342632,3417,188989,4518,153640,0,3,4269,129427,3645,106463,4271,235890,California
Sacramento,2021-03-02,8764,351396,3985,192974,4778,158418,1,4,5474,131628,3276,109739,5477,241367,California
Sacramento,2021-03-03,10600,361996,4882,197856,5716,164134,2,6,6230,133509,4353,114092,6234,247601,California
Sacramento,2021-03-04,12231,374227,5075,202931,7152,171286,4,10,7051,135421,5150,119242,7062,254663,California
Sacramento,2021-03-05,10464,384691,4846,207777,5589,176875,29,39,6943,138892,3502,122744,6973,261636,California
Sacramento,2021-03-06,7959,392650,3057,210834,4779,181654,123,162,3994,139062,3948,126692,4118,265754,California
Sacramento,2021-03-07,7531,400181,2180,213014,5268,186922,83,245,3695,139006,3833,130525,3777,269531,California
Sacramento,2021-03-08,9046,409227,4217,217231,4605,191527,224,469,5929,142051,3106,133631,6151,275682,California
Sacramento,2021-03-09,9438,418665,4500,221731,4670,196197,268,737,5416,143731,4005,137636,5685,281367,California
Sacramento,2021-03-10,11550,430215,7459,229190,3765,199962,326,1063,6742,146020,4781,142417,7070,288437,California
Sacramento,2021-03-11,13735,443950,8815,238005,4148,204110,772,1835,8156,149408,5539,147956,8927,297364,California
Sacramento,2021-03-12,17055,461005,8241,246246,7994,212104,820,2655,8057,149348,8947,156903,8887,306251,California
Sacramento,2021-03-13,12705,473710,3540,249786,8751,220855,414,3069,8002,153075,4691,161594,8418,314669,California
Sacramento,2021-03-14,8207,481917,3436,253222,4145,225000,626,3695,4356,154228,3828,165422,4981,319650,California
Sacramento,2021-03-15,11909,493826,4787,258009,6486,231486,636,4331,6873,156721,5017,170439,7510,327160,California
Sacramento,2021-03-16,13754,507580,6178,264187,6938,238424,638,4969,8457,160552,5262,175701,9093,336253,California
Sacramento,2021-03-17,13335,520915,6530,270717,6197,244621,608,5577,8602,165053,4708,180409,9209,345462,California
Sacramento,2021-03-18,13678,534593,6506,277223,6612,251233,560,6137,9004,169969,4646,185055,9562,355024,California
Sacramento,2021-03-19,14667,549260,7392,284615,5916,257149,1359,7496,7309,171298,7339,192394,8668,363692,California
Sacramento,2021-03-20,12655,561915,7516,292131,4799,261948,340,7836,7963,174933,4669,197063,8304,371996,California
Sacramento,2021-03-21,5529,567444,2748,294879,2742,264690,39,7875,4893,179242,625,197688,4934,376930,California
Sacramento,2021-03-22,9175,576619,4749,299628,3660,268350,766,8641,6197,183256,2951,200639,6965,383895,California
Sacramento,2021-03-23,11104,587723,6690,306318,3606,271956,808,9449,7141,187279,3926,204565,7949,391844,California
Sacramento,2021-03-24,11526,599249,7196,313514,3702,275658,628,10077,6676,189767,4819,209384,7307,399151,California
Sacramento,2021-03-25,12147,611396,6720,320234,4623,280281,804,10881,7033,192520,5083,214467,7836,406987,California
Sacramento,2021-03-26,17157,628553,8246,328480,8429,288710,482,11363,8359,192623,8741,223208,8844,415831,California
Sacramento,2021-03-27,9472,638025,3521,332001,5670,294380,281,11644,5129,193716,4317,227525,5410,421241,California
Sacramento,2021-03-28,6388,644413,3203,335204,2938,297318,247,11891,3050,193688,3329,230854,3301,424542,California
Sacramento,2021-03-29,10666,655079,5869,341073,4602,301920,195,12086,5129,193503,5512,236366,5327,429869,California
Sacramento,2021-03-30,11470,666549,6032,347105,5125,307045,313,12399,5990,194345,5460,241826,6302,436171,California
Sacramento,2021-03-31,13106,679655,7792,354897,4923,311968,391,12790,5690,193032,7391,249217,6078,442249,California
Sacramento,2021-04-01,15198,694853,8625,363522,6360,318328,213,13003,5732,189544,9440,258657,5952,448201,California
Sacramento,2021-04-02,15541,710394,8534,372056,6321,324649,686,13689,7760,190241,7752,266409,8449,456650,California
Sacramento,2021-04-03,10227,720621,6086,378142,3597,328246,544,14233,6346,193271,3857,270266,6887,463537,California
Sacramento,2021-04-04,3543,724164,1438,379580,1923,330169,182,14415,1365,192641,2174,272440,1544,465081,California
Sacramento,2021-04-05,11575,735739,7265,386845,3504,333673,806,15221,5138,192167,6414,278854,5940,471021,California
Sacramento,2021-04-06,15096,750835,8568,395413,5273,338946,1255,16476,6655,191667,8411,287265,7911,478932,California
Sacramento,2021-04-07,14060,764895,7535,402948,5023,343969,1502,17978,6738,192614,7286,294551,8233,487165,California
Sacramento,2021-04-08,13584,778479,5950,408898,4825,348794,2809,20787,5249,192360,8308,302859,8054,495219,California
Sacramento,2021-04-09,10130,788609,4354,413252,4080,352874,1696,22483,3453,190847,6659,309518,5146,500365,California
San Benito,2020-12-16,2,2,2,2,0,0,0,0,2,2,0,0,2,2,California
San Benito,2020-12-17,8,10,8,10,0,0,0,0,8,10,0,0,8,10,California
San Benito,2020-12-18,32,42,32,42,0,0,0,0,32,42,0,0,32,42,California
San Benito,2020-12-19,47,89,47,89,0,0,0,0,47,89,0,0,47,89,California
San Benito,2020-12-20,22,111,21,110,1,1,0,0,22,111,0,0,22,111,California
San Benito,2020-12-21,48,159,48,158,0,1,0,0,48,159,0,0,48,159,California
San Benito,2020-12-22,63,222,63,221,0,1,0,0,63,222,0,0,63,222,California
San Benito,2020-12-23,48,270,36,257,12,13,0,0,48,270,0,0,48,270,California
San Benito,2020-12-24,12,282,4,261,8,21,0,0,12,282,0,0,12,282,California
San Benito,2020-12-25,4,286,4,265,0,21,0,0,4,286,0,0,4,286,California
San Benito,2020-12-26,13,299,4,269,9,30,0,0,13,299,0,0,13,299,California
San Benito,2020-12-27,8,307,7,276,1,31,0,0,8,307,0,0,8,307,California
San Benito,2020-12-28,63,370,36,312,27,58,0,0,63,370,0,0,63,370,California
San Benito,2020-12-29,49,419,20,332,29,87,0,0,49,419,0,0,49,419,California
San Benito,2020-12-30,60,479,37,369,23,110,0,0,60,479,0,0,60,479,California
San Benito,2020-12-31,19,498,2,371,17,127,0,0,19,498,0,0,19,498,California
San Benito,2021-01-02,24,522,23,394,1,128,0,0,24,522,0,0,24,522,California
San Benito,2021-01-03,3,525,1,395,2,130,0,0,3,525,0,0,3,525,California
San Benito,2021-01-04,62,587,23,418,39,169,0,0,62,587,0,0,62,587,California
San Benito,2021-01-05,118,705,36,454,82,251,0,0,115,699,3,3,115,702,California
San Benito,2021-01-06,97,802,42,496,55,306,0,0,83,768,14,17,83,785,California
San Benito,2021-01-07,79,881,43,539,36,342,0,0,51,791,28,45,51,836,California
San Benito,2021-01-08,130,1011,67,606,63,405,0,0,87,835,43,88,87,923,California
San Benito,2021-01-09,44,1055,31,637,13,418,0,0,30,851,14,102,30,953,California
San Benito,2021-01-10,15,1070,13,650,2,420,0,0,5,846,10,112,5,958,California
San Benito,2021-01-11,101,1171,58,708,43,463,0,0,49,843,52,164,49,1007,California
San Benito,2021-01-12,154,1325,51,759,103,566,0,0,119,927,35,199,119,1126,California
San Benito,2021-01-13,190,1515,35,794,155,721,0,0,163,1063,27,226,163,1289,California
San Benito,2021-01-14,113,1628,23,817,90,811,0,0,96,1142,17,243,96,1385,California
San Benito,2021-01-15,213,1841,21,838,192,1003,0,0,199,1327,14,257,199,1584,California
San Benito,2021-01-16,27,1868,9,847,18,1021,0,0,21,1342,6,263,21,1605,California
San Benito,2021-01-17,10,1878,5,852,5,1026,0,0,7,1346,3,266,7,1612,California
San Benito,2021-01-18,36,1914,23,875,13,1039,0,0,21,1352,15,281,21,1633,California
San Benito,2021-01-19,150,2064,63,938,87,1126,0,0,124,1450,26,307,124,1757,California
San Benito,2021-01-20,260,2324,80,1018,180,1306,0,0,214,1619,45,352,214,1971,California
San Benito,2021-01-21,124,2448,31,1049,93,1399,0,0,100,1695,24,376,100,2071,California
San Benito,2021-01-22,231,2679,19,1068,212,1611,0,0,221,1906,10,386,221,2292,California
San Benito,2021-01-23,30,2709,16,1084,14,1625,0,0,13,1902,17,403,13,2305,California
San Benito,2021-01-24,11,2720,3,1087,8,1633,0,0,7,1905,4,407,7,2312,California
San Benito,2021-01-25,67,2787,25,1112,42,1675,0,0,22,1882,45,452,22,2334,California
San Benito,2021-01-26,134,2921,41,1153,93,1768,0,0,81,1910,53,505,81,2415,California
San Benito,2021-01-27,231,3152,69,1222,162,1930,0,0,190,2059,41,546,190,2605,California
San Benito,2021-01-28,156,3308,32,1254,124,2054,0,0,124,2152,31,577,124,2729,California
San Benito,2021-01-29,285,3593,32,1286,253,2307,0,0,261,2390,23,600,261,2990,California
San Benito,2021-01-30,49,3642,31,1317,18,2325,0,0,27,2395,22,622,27,3017,California
San Benito,2021-01-31,17,3659,5,1322,12,2337,0,0,12,2402,5,627,12,3029,California
San Benito,2021-02-01,133,3792,28,1350,105,2442,0,0,89,2447,44,671,89,3118,California
San Benito,2021-02-02,224,4016,48,1398,176,2618,0,0,134,2491,90,761,134,3252,California
San Benito,2021-02-03,336,4352,41,1439,295,2913,0,0,272,2699,64,825,272,3524,California
San Benito,2021-02-04,159,4511,24,1463,135,3048,0,0,116,2772,43,868,116,3640,California
San Benito,2021-02-05,289,4800,40,1503,249,3297,0,0,227,2937,62,930,227,3867,California
San Benito,2021-02-06,49,4849,9,1512,40,3337,0,0,32,2952,17,947,32,3899,California
San Benito,2021-02-07,15,4864,7,1519,8,3345,0,0,14,2965,1,948,14,3913,California
San Benito,2021-02-08,137,5001,15,1534,122,3467,0,0,91,3010,46,994,91,4004,California
San Benito,2021-02-09,326,5327,64,1598,262,3729,0,0,195,3074,131,1125,195,4199,California
San Benito,2021-02-10,318,5645,88,1686,230,3959,0,0,124,3004,194,1319,124,4323,California
San Benito,2021-02-11,292,5937,31,1717,261,4220,0,0,195,3102,97,1416,195,4518,California
San Benito,2021-02-12,412,6349,31,1748,381,4601,0,0,208,3107,203,1619,208,4726,California
San Benito,2021-02-13,57,6406,8,1756,49,4650,0,0,43,3136,14,1633,43,4769,California
San Benito,2021-02-14,40,6446,5,1761,35,4685,0,0,30,3156,10,1643,30,4799,California
San Benito,2021-02-15,106,6552,9,1770,97,4782,0,0,95,3240,11,1654,95,4894,California
San Benito,2021-02-16,203,6755,11,1781,192,4974,0,0,103,3243,100,1754,103,4997,California
San Benito,2021-02-17,325,7080,30,1811,295,5269,0,0,277,3472,48,1802,277,5274,California
San Benito,2021-02-18,291,7371,38,1849,253,5522,0,0,70,3321,221,2023,70,5344,California
San Benito,2021-02-19,325,7696,45,1894,280,5802,0,0,158,3312,167,2190,158,5502,California
San Benito,2021-02-20,45,7741,26,1920,19,5821,0,0,36,3339,9,2199,36,5538,California
San Benito,2021-02-21,23,7764,8,1928,15,5836,0,0,14,3344,9,2208,14,5552,California
San Benito,2021-02-22,131,7895,36,1964,95,5931,0,0,97,3408,33,2241,97,5649,California
San Benito,2021-02-23,375,8270,93,2057,282,6213,0,0,264,3561,111,2352,264,5913,California
San Benito,2021-02-24,372,8642,62,2119,310,6523,0,0,235,3659,137,2489,235,6148,California
San Benito,2021-02-25,391,9033,63,2182,328,6851,0,0,270,3806,123,2612,270,6418,California
San Benito,2021-02-26,640,9673,73,2255,567,7418,0,0,398,3962,242,2854,398,6816,California
San Benito,2021-02-27,98,9771,36,2291,62,7480,0,0,83,4030,15,2869,83,6899,California
San Benito,2021-02-28,244,10015,23,2314,221,7701,0,0,235,4256,9,2878,235,7134,California
San Benito,2021-03-01,225,10240,60,2374,165,7866,0,0,156,4342,70,2948,156,7290,California
San Benito,2021-03-02,255,10495,74,2448,181,8047,0,0,187,4461,68,3016,187,7477,California
San Benito,2021-03-03,381,10876,54,2502,327,8374,0,0,207,4496,172,3188,207,7684,California
San Benito,2021-03-04,600,11476,122,2624,464,8838,14,14,422,4744,178,3366,426,8110,California
San Benito,2021-03-05,582,12058,305,2929,264,9102,13,27,373,4922,208,3574,386,8496,California
San Benito,2021-03-06,188,12246,64,2993,110,9212,14,41,137,5022,51,3625,151,8647,California
San Benito,2021-03-07,646,12892,602,3595,22,9234,22,63,614,5626,32,3657,636,9283,California
San Benito,2021-03-08,267,13159,65,3660,174,9408,28,91,165,5717,102,3759,193,9476,California
San Benito,2021-03-09,419,13578,85,3745,235,9643,99,190,135,5642,281,4040,206,9682,California
San Benito,2021-03-10,401,13979,114,3859,193,9836,94,284,232,5799,169,4209,326,10008,California
San Benito,2021-03-11,431,14410,120,3979,197,10033,114,398,210,5902,221,4430,324,10332,California
San Benito,2021-03-12,505,14915,116,4095,296,10329,93,491,228,5949,275,4705,322,10654,California
San Benito,2021-03-13,200,15115,100,4195,82,10411,18,509,128,6025,70,4775,146,10800,California
San Benito,2021-03-14,230,15345,40,4235,170,10581,20,529,178,6172,51,4826,198,10998,California
San Benito,2021-03-15,323,15668,99,4334,205,10786,19,548,189,6246,134,4960,208,11206,California
San Benito,2021-03-16,478,16146,216,4550,231,11017,31,579,338,6474,140,5100,368,11574,California
San Benito,2021-03-17,683,16829,473,5023,197,11214,13,592,553,6914,126,5226,566,12140,California
San Benito,2021-03-18,691,17520,522,5545,123,11337,46,638,564,7399,125,5351,610,12750,California
San Benito,2021-03-19,743,18263,402,5947,318,11655,23,661,567,7813,176,5527,590,13340,California
San Benito,2021-03-20,235,18498,146,6093,77,11732,12,673,179,7948,56,5583,191,13531,California
San Benito,2021-03-21,104,18602,53,6146,46,11778,5,678,77,8003,27,5610,82,13613,California
San Benito,2021-03-22,328,18930,170,6316,133,11911,25,703,226,8152,102,5712,251,13864,California
San Benito,2021-03-23,473,19403,197,6513,266,12177,10,713,222,8132,251,5963,231,14095,California
San Benito,2021-03-24,547,19950,305,6818,236,12413,6,719,358,8306,189,6152,363,14458,California
San Benito,2021-03-25,700,20650,410,7228,287,12700,3,722,410,8430,289,6441,413,14871,California
San Benito,2021-03-26,992,21642,515,7743,474,13174,3,725,327,8096,664,7105,330,15201,California
San Benito,2021-03-27,320,21962,179,7922,109,13283,32,757,206,8221,113,7218,238,15439,California
San Benito,2021-03-28,690,22652,571,8493,114,13397,5,762,127,7790,563,7781,132,15571,California
San Benito,2021-03-29,340,22992,106,8599,214,13611,20,782,146,7761,194,7975,165,15736,California
San Benito,2021-03-30,559,23551,260,8859,208,13819,91,873,280,7853,279,8254,371,16107,California
San Benito,2021-03-31,565,24116,345,9204,196,14015,24,897,322,7958,241,8495,346,16453,California
San Benito,2021-04-01,922,25038,368,9572,517,14532,37,934,557,8187,364,8859,593,17046,California
San Benito,2021-04-02,534,25572,258,9830,141,14673,135,1069,263,8314,271,9130,398,17444,California
San Benito,2021-04-03,242,25814,89,9919,104,14777,49,1118,78,8277,164,9294,127,17571,California
San Benito,2021-04-04,142,25956,107,10026,30,14807,5,1123,107,8354,35,9329,112,17683,California
San Benito,2021-04-05,347,26303,166,10192,140,14947,41,1164,140,8327,207,9536,180,17863,California
San Benito,2021-04-06,332,26635,156,10348,123,15070,53,1217,164,8376,168,9704,217,18080,California
San Benito,2021-04-07,794,27429,513,10861,217,15287,64,1281,258,8163,535,10239,322,18402,California
San Benito,2021-04-08,661,28090,410,11271,174,15461,77,1358,206,7992,454,10693,283,18685,California
San Benito,2021-04-09,524,28614,309,11580,166,15627,49,1407,143,7803,381,11074,192,18877,California
San Bernardino,2020-12-15,13,13,13,13,0,0,0,0,13,13,0,0,13,13,California
San Bernardino,2020-12-16,107,120,107,120,0,0,0,0,107,120,0,0,107,120,California
San Bernardino,2020-12-17,2347,2467,2347,2467,0,0,0,0,2347,2467,0,0,2347,2467,California
San Bernardino,2020-12-18,3142,5609,3139,5606,3,3,0,0,3143,5610,0,0,3143,5610,California
San Bernardino,2020-12-19,1066,6675,1065,6671,1,4,0,0,1067,6677,0,0,1067,6677,California
San Bernardino,2020-12-20,1172,7847,1171,7842,1,5,0,0,1172,7849,0,0,1172,7849,California
San Bernardino,2020-12-21,2454,10301,2449,10291,5,10,0,0,2454,10303,0,0,2454,10303,California
San Bernardino,2020-12-22,2268,12569,2143,12434,125,135,0,0,2269,12572,0,0,2269,12572,California
San Bernardino,2020-12-23,2644,15213,1453,13887,1191,1326,0,0,2643,15215,0,0,2643,15215,California
San Bernardino,2020-12-24,1159,16372,585,14472,574,1900,0,0,1161,16376,0,0,1161,16376,California
San Bernardino,2020-12-25,74,16446,14,14486,60,1960,0,0,74,16450,0,0,74,16450,California
San Bernardino,2020-12-26,461,16907,253,14739,208,2168,0,0,461,16911,0,0,461,16911,California
San Bernardino,2020-12-27,343,17250,160,14899,183,2351,0,0,343,17254,0,0,343,17254,California
San Bernardino,2020-12-28,1560,18810,710,15609,850,3201,0,0,1561,18815,0,0,1561,18815,California
San Bernardino,2020-12-29,2206,21016,1041,16650,1165,4366,0,0,2205,21019,1,1,2205,21020,California
San Bernardino,2020-12-30,2888,23904,1459,18109,1429,5795,0,0,2889,23908,0,1,2889,23909,California
San Bernardino,2020-12-31,1352,25256,439,18548,913,6708,0,0,1350,25258,0,1,1350,25259,California
San Bernardino,2021-01-01,275,25531,148,18696,127,6835,0,0,274,25532,0,1,274,25533,California
San Bernardino,2021-01-02,476,26007,339,19035,137,6972,0,0,476,26008,0,1,476,26009,California
San Bernardino,2021-01-03,135,26142,85,19120,50,7022,0,0,135,26143,0,1,135,26144,California
San Bernardino,2021-01-04,2115,28257,1286,20406,829,7851,0,0,2114,28257,0,1,2114,28258,California
San Bernardino,2021-01-05,2329,30586,1459,21865,870,8721,0,0,2215,30362,110,111,2215,30473,California
San Bernardino,2021-01-06,3423,34009,2352,24217,1071,9792,0,0,2932,32810,485,596,2933,33406,California
San Bernardino,2021-01-07,5397,39406,4491,28708,906,10698,0,0,2472,32376,2906,3502,2472,35878,California
San Bernardino,2021-01-08,5353,44759,4440,33148,913,11611,0,0,2280,31590,3067,6569,2281,38159,California
San Bernardino,2021-01-09,1398,46157,1100,34248,298,11909,0,0,902,31996,496,7065,902,39061,California
San Bernardino,2021-01-10,1020,47177,598,34846,422,12331,0,0,573,32122,447,7512,573,39634,California
San Bernardino,2021-01-11,4983,52160,4081,38927,902,13233,0,0,2768,32678,2212,9724,2768,42402,California
San Bernardino,2021-01-12,4228,56388,3222,42149,1006,14239,0,0,2514,33479,1713,11437,2514,44916,California
San Bernardino,2021-01-13,4552,60940,2847,44996,1705,15944,0,0,3329,35599,1210,12647,3330,48246,California
San Bernardino,2021-01-14,4743,65683,2774,47770,1969,17913,0,0,4161,39182,578,13225,4161,52407,California
San Bernardino,2021-01-15,5962,71645,2970,50740,2992,20905,0,0,5567,44367,385,13610,5570,57977,California
San Bernardino,2021-01-16,2254,73899,1288,52028,966,21871,0,0,2113,46339,141,13751,2113,60090,California
San Bernardino,2021-01-17,1186,75085,515,52543,671,22542,0,0,1096,47348,89,13840,1098,61188,California
San Bernardino,2021-01-18,4264,79349,2636,55179,1628,24170,0,0,3646,50379,617,14457,3648,64836,California
San Bernardino,2021-01-19,6294,85643,3705,58884,2589,26759,0,0,5205,54501,1087,15544,5209,70045,California
San Bernardino,2021-01-20,6794,92437,3726,62610,3068,29827,0,0,4867,57451,1919,17463,4869,74914,California
San Bernardino,2021-01-21,5982,98419,3075,65685,2907,32734,0,0,4869,61218,1104,18567,4871,79785,California
San Bernardino,2021-01-22,6496,104915,3037,68722,3459,36193,0,0,5775,66275,719,19286,5776,85561,California
San Bernardino,2021-01-23,3097,108012,1886,70608,1211,37404,0,0,2711,68601,385,19671,2711,88272,California
San Bernardino,2021-01-24,1193,109205,461,71069,732,38136,0,0,1094,69596,99,19770,1094,89366,California
San Bernardino,2021-01-25,6858,116063,3396,74465,3462,41598,0,0,5017,72777,1839,21609,5020,94386,California
San Bernardino,2021-01-26,7087,123150,3562,78027,3525,45123,0,0,5002,75700,2085,23694,5008,99394,California
San Bernardino,2021-01-27,8224,131374,4103,82130,4121,49244,0,0,5538,78562,2676,26370,5538,104932,California
San Bernardino,2021-01-28,8531,139905,4044,86174,4487,53731,0,0,6229,82493,2298,28668,6229,111161,California
San Bernardino,2021-01-29,8127,148032,3732,89906,4395,58126,0,0,6180,86740,1934,30602,6181,117342,California
San Bernardino,2021-01-30,3080,151112,1896,91802,1184,59310,0,0,2797,89255,282,30884,2797,120139,California
San Bernardino,2021-01-31,925,152037,496,92298,429,59739,0,0,871,90073,53,30937,871,121010,California
San Bernardino,2021-02-01,7521,159558,4224,96522,3297,63036,0,0,4903,92361,2615,33552,4903,125913,California
San Bernardino,2021-02-02,10368,169926,3649,100171,6719,69755,0,0,8318,98633,2047,35599,8319,134232,California
San Bernardino,2021-02-03,8956,178882,4142,104313,4814,74569,0,0,6478,102642,2470,38069,6479,140711,California
San Bernardino,2021-02-04,10503,189385,5200,109513,5303,79872,0,0,7441,107032,3051,41120,7441,148152,California
San Bernardino,2021-02-05,10940,200325,5898,115411,5042,84914,0,0,7428,110961,3501,44621,7430,155582,California
San Bernardino,2021-02-06,5245,205570,2206,117617,3039,87953,0,0,3615,112974,1605,46226,3618,159200,California
San Bernardino,2021-02-07,852,206422,498,118115,354,88307,0,0,475,113076,374,46600,476,159676,California
San Bernardino,2021-02-08,7260,213682,3867,121982,3393,91700,0,0,5598,117016,1658,48258,5598,165274,California
San Bernardino,2021-02-09,9897,223579,5821,127803,4076,95776,0,0,6679,120485,3215,51473,6684,171958,California
San Bernardino,2021-02-10,11987,235566,6529,134332,5458,101234,0,0,7831,124172,4145,55618,7832,179790,California
San Bernardino,2021-02-11,12249,247815,7048,141380,5201,106435,0,0,7819,127587,4408,60026,7823,187613,California
San Bernardino,2021-02-12,10322,258137,5919,147299,4403,110838,0,0,5672,128625,4636,64662,5674,193287,California
San Bernardino,2021-02-13,5995,264132,3982,151281,2013,112851,0,0,3765,130182,2215,66877,3772,197059,California
San Bernardino,2021-02-14,1544,265676,650,151931,894,113745,0,0,868,130382,668,67545,868,197927,California
San Bernardino,2021-02-15,5452,271128,2994,154925,2458,116203,0,0,3055,131055,2383,69928,3056,200983,California
San Bernardino,2021-02-16,12579,283707,7373,162298,5206,121409,0,0,7972,134435,4594,74522,7974,208957,California
San Bernardino,2021-02-17,11775,295482,6455,168753,5320,126729,0,0,7165,137006,4595,79117,7166,216123,California
San Bernardino,2021-02-18,12448,307930,7583,176336,4865,131594,0,0,7714,140008,4718,83835,7720,223843,California
San Bernardino,2021-02-19,11455,319385,5895,182231,5560,137154,0,0,6780,142132,4656,88491,6780,230623,California
San Bernardino,2021-02-20,4493,323878,3457,185688,1036,138190,0,0,2045,141732,2446,90937,2046,232669,California
San Bernardino,2021-02-21,1019,324897,560,186248,459,138649,0,0,319,141353,698,91635,319,232988,California
San Bernardino,2021-02-22,8483,333380,5194,191442,3289,141938,0,0,4028,140936,4446,96081,4029,237017,California
San Bernardino,2021-02-23,8793,342173,5180,196622,3613,145551,0,0,4522,141216,4242,100323,4522,241539,California
San Bernardino,2021-02-24,11972,354145,6843,203465,5129,150680,0,0,6082,141433,5866,106189,6083,247622,California
San Bernardino,2021-02-25,12888,367033,6254,209719,6634,157314,0,0,7518,143601,5354,111543,7522,255144,California
San Bernardino,2021-02-26,13322,380355,6379,216098,6943,164257,0,0,7511,145362,5751,117294,7512,262656,California
San Bernardino,2021-02-27,6575,386930,3651,219749,2924,167181,0,0,4766,148327,1801,119095,4766,267422,California
San Bernardino,2021-02-28,1745,388675,721,220470,1024,168205,0,0,1134,148858,605,119700,1136,268558,California
San Bernardino,2021-03-01,8373,397048,4318,224788,4054,172259,1,1,3837,148189,4515,124215,3846,272404,California
San Bernardino,2021-03-02,13483,410531,5321,230109,8162,180421,0,1,6412,147560,7044,131259,6415,278819,California
San Bernardino,2021-03-03,12402,422933,6289,236398,6112,186533,1,2,5720,146619,6666,137925,5725,284544,California
San Bernardino,2021-03-04,12735,435668,6486,242884,6248,192781,1,3,5772,145449,6945,144870,5775,290319,California
San Bernardino,2021-03-05,13317,448985,6692,249576,6624,199405,1,4,6770,145717,6520,151390,6788,297107,California
San Bernardino,2021-03-06,9448,458433,5260,254836,3973,203378,215,219,4406,145308,5029,156419,4620,301727,California
San Bernardino,2021-03-07,1523,459956,925,255761,543,203921,55,274,981,145804,540,156959,1036,302763,California
San Bernardino,2021-03-08,7212,467168,3103,258864,3948,207869,161,435,3455,145670,3753,160712,3619,306382,California
San Bernardino,2021-03-09,11894,479062,6541,265405,5116,212985,237,672,4775,143576,7107,167819,5013,311395,California
San Bernardino,2021-03-10,13284,492346,7247,272652,5645,218630,392,1064,6135,142985,7124,174943,6533,317928,California
San Bernardino,2021-03-11,13636,505982,6441,279093,6409,225039,786,1850,7152,144461,6464,181407,7940,325868,California
San Bernardino,2021-03-12,15082,521064,6733,285826,6354,231393,1995,3845,7235,145919,7821,189228,9279,335147,California
San Bernardino,2021-03-13,8097,529161,4460,290286,3144,234537,493,4338,4810,147941,3282,192510,5304,340451,California
San Bernardino,2021-03-14,3159,532320,1586,291872,1010,235547,563,4901,1804,148957,1350,193860,2366,342817,California
San Bernardino,2021-03-15,11200,543520,5300,297172,3901,239448,1999,6900,5476,150716,5714,199574,7473,350290,California
San Bernardino,2021-03-16,15942,559462,7892,305064,7108,246556,942,7842,9723,155184,6196,205770,10664,360954,California
San Bernardino,2021-03-17,16653,576115,8431,313495,7477,254033,745,8587,9975,159243,6662,212432,10721,371675,California
San Bernardino,2021-03-18,16212,592327,8046,321541,7783,261816,383,8970,9527,162496,6658,219090,9911,381586,California
San Bernardino,2021-03-19,16573,608900,8172,329713,7818,269634,583,9553,9491,165566,7058,226148,10128,391714,California
San Bernardino,2021-03-20,9348,618248,5902,335615,2864,272498,582,10135,5560,167945,3762,229910,6141,397855,California
San Bernardino,2021-03-21,2731,620979,2228,337843,456,272954,47,10182,2215,169701,506,230416,2262,400117,California
San Bernardino,2021-03-22,9520,630499,4482,342325,4605,277559,433,10615,6924,174479,2580,232996,7358,407475,California
San Bernardino,2021-03-23,15215,645714,8636,350961,5960,283519,619,11234,9512,178923,5685,238681,10129,417604,California
San Bernardino,2021-03-24,14800,660514,7699,358660,6803,290322,298,11532,9904,184259,4867,243548,10203,427807,California
San Bernardino,2021-03-25,16554,677068,8164,366824,8102,298424,288,11820,10524,189077,5991,249539,10809,438616,California
San Bernardino,2021-03-26,17766,694834,8539,375363,8471,306895,756,12576,10848,193795,6889,256428,11607,450223,California
San Bernardino,2021-03-27,10648,705482,6859,382222,3043,309938,746,13322,6110,196127,4524,260952,6856,457079,California
San Bernardino,2021-03-28,3501,708983,2463,384685,928,310866,110,13432,2470,197681,1026,261978,2580,459659,California
San Bernardino,2021-03-29,11236,720219,5939,390624,4900,315766,397,13829,7626,202105,3599,265577,8023,467682,California
San Bernardino,2021-03-30,16697,736916,9384,400008,6607,322373,706,14535,10787,207714,5881,271458,11490,479172,California
San Bernardino,2021-03-31,15881,752797,8933,408941,6354,328727,594,15129,10765,213974,5097,276555,11357,490529,California
San Bernardino,2021-04-01,19250,772047,10221,419162,7707,336434,1322,16451,12608,221287,6614,283169,13927,504456,California
San Bernardino,2021-04-02,18073,790120,8963,428125,7863,344297,1247,17698,10982,226489,7067,290236,12269,516725,California
San Bernardino,2021-04-03,10673,800793,6617,434742,2946,347243,1110,18808,5835,228605,4826,295062,6942,523667,California
San Bernardino,2021-04-04,2369,803162,1414,436156,714,347957,241,19049,1200,228879,1167,296229,1441,525108,California
San Bernardino,2021-04-05,11178,814340,4988,441144,4639,352596,1551,20600,5804,230874,5356,301585,7351,532459,California
San Bernardino,2021-04-06,18773,833113,10482,451626,6398,358994,1893,22493,10055,234128,8690,310275,11944,544403,California
San Bernardino,2021-04-07,19708,852821,10353,461979,7039,366033,2316,24809,10737,238228,8945,319220,13045,557448,California
San Bernardino,2021-04-08,20382,873203,10312,472291,7630,373663,2440,27249,11203,242717,9151,328371,13640,571088,California
San Bernardino,2021-04-09,10507,883710,4970,477261,4448,378111,1089,28338,5463,244241,5027,333398,6551,577639,California
San Diego,2020-12-15,119,119,119,119,0,0,0,0,119,119,0,0,119,119,California
San Diego,2020-12-16,1101,1220,1101,1220,0,0,0,0,1101,1220,0,0,1101,1220,California
San Diego,2020-12-17,2348,3568,2348,3568,0,0,0,0,2348,3568,0,0,2348,3568,California
San Diego,2020-12-18,3672,7240,3671,7239,1,1,0,0,3672,7240,0,0,3672,7240,California
San Diego,2020-12-19,2311,9551,2311,9550,0,1,0,0,2311,9551,0,0,2311,9551,California
San Diego,2020-12-20,1184,10735,1182,10732,2,3,0,0,1184,10735,0,0,1184,10735,California
San Diego,2020-12-21,3520,14255,3519,14251,1,4,0,0,3520,14255,0,0,3520,14255,California
San Diego,2020-12-22,4056,18311,3413,17664,643,647,0,0,4056,18311,0,0,4056,18311,California
San Diego,2020-12-23,3176,21487,1974,19638,1202,1849,0,0,3176,21487,0,0,3176,21487,California
San Diego,2020-12-24,2734,24221,2217,21855,517,2366,0,0,2734,24221,0,0,2734,24221,California
San Diego,2020-12-25,875,25096,874,22729,1,2367,0,0,874,25094,1,1,874,25095,California
San Diego,2020-12-26,3294,28390,2144,24873,1150,3517,0,0,3293,28387,0,1,3293,28388,California
San Diego,2020-12-27,2508,30898,1618,26491,890,4407,0,0,2507,30893,1,2,2507,30895,California
San Diego,2020-12-28,5899,36797,4212,30703,1687,6094,0,0,5899,36792,0,2,5899,36794,California
San Diego,2020-12-29,5588,42385,3014,33717,2574,8668,0,0,5588,42380,0,2,5588,42382,California
San Diego,2020-12-30,5942,48327,3100,36817,2842,11510,0,0,5942,48322,0,2,5942,48324,California
San Diego,2020-12-31,2984,51311,1005,37822,1979,13489,0,0,2983,51304,1,3,2983,51307,California
San Diego,2021-01-01,1006,52317,452,38274,554,14043,0,0,1005,52309,0,3,1005,52312,California
San Diego,2021-01-02,3762,56079,1321,39595,2441,16484,0,0,3762,56071,0,3,3762,56074,California
San Diego,2021-01-03,859,56938,632,40227,227,16711,0,0,858,56929,0,3,858,56932,California
San Diego,2021-01-04,3698,60636,2050,42277,1648,18359,0,0,3691,60620,0,3,3691,60623,California
San Diego,2021-01-05,4307,64943,2122,44399,2185,20544,0,0,3690,63710,613,616,3703,64326,California
San Diego,2021-01-06,4945,69888,2299,46698,2646,23190,0,0,3710,66212,1212,1828,3714,68040,California
San Diego,2021-01-07,5610,75498,2984,49682,2626,25816,0,0,3455,67525,2148,3976,3461,71501,California
San Diego,2021-01-08,7722,83220,4961,54643,2761,28577,0,0,3934,67703,3771,7747,3949,75450,California
San Diego,2021-01-09,2956,86176,1554,56197,1402,29979,0,0,1788,68342,1157,8904,1796,77246,California
San Diego,2021-01-10,1881,88057,1292,57489,589,30568,0,0,780,68041,1089,9993,788,78034,California
San Diego,2021-01-11,10324,98381,5859,63348,4465,35033,0,0,6799,71336,3518,13511,6813,84847,California
San Diego,2021-01-12,11198,109579,5316,68664,5882,40915,0,0,7826,75913,3363,16874,7940,92787,California
San Diego,2021-01-13,11474,121053,5023,73687,6451,47366,0,0,8930,82335,2531,19405,8953,101740,California
San Diego,2021-01-14,12360,133413,4750,78437,7610,54976,0,0,10194,90406,2157,21562,10228,111968,California
San Diego,2021-01-15,15114,148527,5353,83790,9761,64737,0,0,12470,100304,2624,24186,12522,124490,California
San Diego,2021-01-16,10764,159291,3595,87385,7169,71906,0,0,9319,108214,1440,25626,9350,133840,California
San Diego,2021-01-17,8681,167972,2500,89885,6181,78087,0,0,7843,115237,838,26464,7861,141701,California
San Diego,2021-01-18,12496,180468,5943,95828,6553,84640,0,0,9665,122163,2792,29256,9718,151419,California
San Diego,2021-01-19,14743,195211,5820,101648,8923,93563,0,0,11617,130926,3112,32368,11875,163294,California
San Diego,2021-01-20,18321,213532,6384,108032,11937,105500,0,0,15032,142857,3270,35638,15201,178495,California
San Diego,2021-01-21,17401,230933,5899,113931,11502,117002,0,0,16012,157635,1378,37016,16156,194651,California
San Diego,2021-01-22,17676,248609,4754,118685,12922,129924,0,0,15623,171314,2040,39056,15719,210370,California
San Diego,2021-01-23,14469,263078,5267,123952,9202,139126,0,0,12109,181131,2347,41403,12164,222534,California
San Diego,2021-01-24,11807,274885,3256,127208,8551,147677,0,0,10853,191063,954,42357,10886,233420,California
San Diego,2021-01-25,12167,287052,5705,132913,6462,154139,0,0,9155,197363,3004,45361,9304,242724,California
San Diego,2021-01-26,14601,301653,7314,140227,7287,161426,0,0,11329,205608,3267,48628,11512,254236,California
San Diego,2021-01-27,20298,321951,7669,147896,12629,174055,0,0,17217,219890,3067,51695,17349,271585,California
San Diego,2021-01-28,20903,342854,7261,155157,13642,187697,0,0,18645,236363,2248,53943,18721,290306,California
San Diego,2021-01-29,19546,362400,6307,161464,13239,200936,0,0,17127,251121,2409,56352,17167,307473,California
San Diego,2021-01-30,15691,378091,3465,164929,12226,213162,0,0,13019,261571,2663,59015,13113,320586,California
San Diego,2021-01-31,14430,392521,5401,170330,9029,222191,0,0,14078,275323,348,59363,14100,334686,California
San Diego,2021-02-01,20015,412536,6735,177065,13280,235471,0,0,16828,289052,3173,62536,16902,351588,California
San Diego,2021-02-02,22475,435011,7989,185054,14486,249957,0,0,18945,304643,3520,66056,19111,370699,California
San Diego,2021-02-03,26442,461453,10697,195751,15745,265702,0,0,22272,322943,4152,70208,22452,393151,California
San Diego,2021-02-04,23471,484924,9256,205007,14215,279917,0,0,18774,337317,4679,74887,19053,412204,California
San Diego,2021-02-05,24762,509686,8861,213868,15901,295818,0,0,18218,349502,6520,81407,18705,430909,California
San Diego,2021-02-06,20514,530200,8365,222233,12149,307967,0,0,17317,363848,3191,84598,17537,448446,California
San Diego,2021-02-07,11234,541434,4680,226913,6554,314521,0,0,9368,371622,1846,86444,9620,458066,California
San Diego,2021-02-08,19396,560830,7980,234893,11416,325937,0,0,11985,376901,7393,93837,12672,470738,California
San Diego,2021-02-09,19671,580501,7762,242655,11909,337846,0,0,12476,383269,7176,101013,13544,484282,California
San Diego,2021-02-10,22265,602766,8913,251568,13352,351198,0,0,13168,388722,9070,110083,14523,498805,California
San Diego,2021-02-11,22991,625757,9825,261393,13166,364364,0,0,11954,391336,11011,121094,13625,512430,California
San Diego,2021-02-12,23299,649056,6941,268334,16358,380722,0,0,11394,393098,11886,132980,13648,526078,California
San Diego,2021-02-13,19421,668477,8413,276747,11008,391730,0,0,10297,395473,9116,142096,11491,537569,California
San Diego,2021-02-14,10490,678967,6734,283481,3756,395486,0,0,5813,398123,4675,146771,7325,544894,California
San Diego,2021-02-15,14869,693836,7365,290846,7504,402990,0,0,7628,401571,7223,153994,10671,555565,California
San Diego,2021-02-16,18505,712341,10608,301454,7897,410887,0,0,8811,403725,9679,163673,11833,567398,California
San Diego,2021-02-17,22447,734788,10040,311494,12407,423294,0,0,7662,399768,14776,178449,10819,578217,California
San Diego,2021-02-18,22926,757714,11640,323134,11286,434580,0,0,7522,396042,15397,193846,11671,589888,California
San Diego,2021-02-19,15851,773565,10865,333999,4986,439566,0,0,6671,395594,9160,203006,8712,598600,California
San Diego,2021-02-20,9931,783496,6284,340283,3647,443213,0,0,5702,399010,4226,207232,7642,606242,California
San Diego,2021-02-21,10303,793799,9060,349343,1243,444456,0,0,4959,399914,5320,212552,6224,612466,California
San Diego,2021-02-22,12252,806051,10403,359746,1849,446305,0,0,6364,402071,5883,218435,8040,620506,California
San Diego,2021-02-23,25047,831098,13873,373619,11174,457479,0,0,9910,402730,15131,233566,15790,636296,California
San Diego,2021-02-24,28585,859683,12438,386057,16147,473626,0,0,7712,397059,20852,254418,15181,651477,California
San Diego,2021-02-25,32624,892307,14323,400380,18301,491927,0,0,10599,394124,22006,276424,19071,670548,California
San Diego,2021-02-26,33167,925474,12113,412493,21054,512981,0,0,12033,392114,21106,297530,19096,689644,California
San Diego,2021-02-27,20850,946324,9280,421773,11570,524551,0,0,11274,398079,9574,307104,15539,705183,California
San Diego,2021-02-28,14512,960836,9216,430989,5296,529847,0,0,9728,405906,4784,311888,12611,717794,California
San Diego,2021-03-01,23604,984440,13684,444673,9919,539766,1,1,15058,416394,8471,320359,18959,736753,California
San Diego,2021-03-02,25138,1009578,13410,458083,11728,551494,0,1,12679,423533,12453,332812,19592,756345,California
San Diego,2021-03-03,33517,1043095,15469,473552,18045,569539,3,4,14554,426159,18950,351762,21576,777921,California
San Diego,2021-03-04,27724,1070819,13764,487316,13960,583499,0,4,12736,430680,14971,366733,19492,797413,California
San Diego,2021-03-05,28500,1099319,14468,501784,13950,597449,82,86,13955,436980,14532,381265,20832,818245,California
San Diego,2021-03-06,22827,1122146,9330,511114,12794,610243,703,789,10632,440891,12187,393452,16098,834343,California
San Diego,2021-03-07,17887,1140033,9023,520137,8299,618542,565,1354,8372,444104,9511,402963,12724,847067,California
San Diego,2021-03-08,22155,1162188,10378,530515,10893,629435,884,2238,10685,449071,11457,414420,16424,863491,California
San Diego,2021-03-09,25207,1187395,11544,542059,11925,641360,1738,3976,11680,452998,13515,427935,17442,880933,California
San Diego,2021-03-10,24616,1212011,10186,552245,12064,653424,2366,6342,11116,457135,13492,441427,17629,898562,California
San Diego,2021-03-11,28451,1240462,10883,563128,13985,667409,3583,9925,11518,459344,16918,458345,19127,917689,California
San Diego,2021-03-12,26921,1267383,9408,572536,14399,681808,3114,13039,9922,458921,16986,475331,16563,934252,California
San Diego,2021-03-13,25692,1293075,7163,579699,16930,698738,1599,14638,9930,458856,15755,491086,15690,949942,California
San Diego,2021-03-14,13666,1306741,5335,585034,7598,706336,733,15371,4869,457999,8791,499877,7934,957876,California
San Diego,2021-03-15,21869,1328610,10132,595166,10971,717307,766,16137,10890,461834,10966,510843,14801,972677,California
San Diego,2021-03-16,29753,1358363,15700,610866,13665,730972,388,16525,17989,471554,11747,522590,21467,994144,California
San Diego,2021-03-17,26096,1384459,12157,623023,13236,744208,703,17228,17371,482999,8715,531305,20160,1014304,California
San Diego,2021-03-18,31149,1415608,17662,640685,12592,756800,895,18123,20348,495142,10783,542088,22926,1037230,California
San Diego,2021-03-19,30074,1445682,14272,654957,14824,771624,978,19101,19887,507116,10171,552259,22145,1059375,California
San Diego,2021-03-20,27636,1473318,8333,663290,17513,789137,1790,20891,22022,526451,5606,557865,24941,1084316,California
San Diego,2021-03-21,16454,1489772,11982,675272,3756,792893,716,21607,10493,533102,5953,563818,12604,1096920,California
San Diego,2021-03-22,22335,1512107,13083,688355,9013,801906,239,21846,16115,546055,6210,570028,19163,1116083,California
San Diego,2021-03-23,25753,1537860,13572,701927,11920,813826,261,22107,19585,561842,6157,576185,21944,1138027,California
San Diego,2021-03-24,29402,1567262,19652,721579,9388,823214,362,22469,20068,575082,9326,585511,22566,1160593,California
San Diego,2021-03-25,29956,1597218,18071,739650,11227,834441,658,23127,19736,587404,10211,595722,22533,1183126,California
San Diego,2021-03-26,31646,1628864,17706,757356,13408,847849,532,23659,19068,597554,12552,608274,22702,1205828,California
San Diego,2021-03-27,24891,1653755,10953,768309,13545,861394,393,24052,15215,605757,9661,617935,17864,1223692,California
San Diego,2021-03-28,14820,1668575,9156,777465,5608,867002,56,24108,9129,610710,5684,623619,10637,1234329,California
San Diego,2021-03-29,26342,1694917,12645,790110,13100,880102,597,24705,18543,624609,7793,631412,21692,1256021,California
San Diego,2021-03-30,32989,1727906,17769,807879,14438,894540,782,25487,23304,640865,9672,641084,25928,1281949,California
San Diego,2021-03-31,29981,1757887,18580,826459,10766,905306,635,26122,20440,653489,9522,650606,22146,1304095,California
San Diego,2021-04-01,33789,1791676,19882,846341,12560,917866,1347,27469,24417,671273,9350,659956,27134,1331229,California
San Diego,2021-04-02,35037,1826713,20343,866684,12174,930040,2520,29989,23947,688064,11071,671027,27862,1359091,California
San Diego,2021-04-03,30306,1857019,14115,880799,11746,941786,4445,34434,19848,703098,10445,681472,25479,1384570,California
San Diego,2021-04-04,8802,1865821,4986,885785,2926,944712,890,35324,4633,704627,4164,685636,5693,1390263,California
San Diego,2021-04-05,29086,1894907,14971,900756,11668,956380,2447,37771,19113,718670,9959,695595,24002,1414265,California
San Diego,2021-04-06,38203,1933110,20050,920806,12399,968779,5754,43525,22108,732541,16084,711679,29955,1444220,California
San Diego,2021-04-07,34397,1967507,21096,941902,8911,977690,4390,47915,19758,743256,14598,726277,25313,1469533,California
San Diego,2021-04-08,32586,2000093,19644,961546,9208,986898,3734,51649,20164,756955,12396,738673,26095,1495628,California
San Diego,2021-04-09,16569,2016662,10360,971906,3638,990536,2571,54220,10807,764875,5749,744422,13669,1509297,California
San Francisco,2020-12-15,7,7,7,7,0,0,0,0,7,7,0,0,7,7,California
San Francisco,2020-12-16,229,236,229,236,0,0,0,0,229,236,0,0,229,236,California
San Francisco,2020-12-17,395,631,395,631,0,0,0,0,395,631,0,0,395,631,California
San Francisco,2020-12-18,878,1509,877,1508,1,1,0,0,878,1509,0,0,878,1509,California
San Francisco,2020-12-19,601,2110,601,2109,0,1,0,0,601,2110,0,0,601,2110,California
San Francisco,2020-12-20,484,2594,484,2593,0,1,0,0,484,2594,0,0,484,2594,California
San Francisco,2020-12-21,1163,3757,1163,3756,0,1,0,0,1163,3757,0,0,1163,3757,California
San Francisco,2020-12-22,1400,5157,1366,5122,34,35,0,0,1400,5157,0,0,1400,5157,California
San Francisco,2020-12-23,1328,6485,1040,6162,288,323,0,0,1328,6485,0,0,1328,6485,California
San Francisco,2020-12-24,838,7323,502,6664,336,659,0,0,838,7323,0,0,838,7323,California
San Francisco,2020-12-25,33,7356,28,6692,5,664,0,0,33,7356,0,0,33,7356,California
San Francisco,2020-12-26,245,7601,151,6843,94,758,0,0,245,7601,0,0,245,7601,California
San Francisco,2020-12-27,273,7874,60,6903,213,971,0,0,273,7874,0,0,273,7874,California
San Francisco,2020-12-28,1269,9143,686,7589,583,1554,0,0,1269,9143,0,0,1269,9143,California
San Francisco,2020-12-29,1245,10388,622,8211,623,2177,0,0,1245,10388,0,0,1245,10388,California
San Francisco,2020-12-30,1481,11869,777,8988,704,2881,0,0,1481,11869,0,0,1481,11869,California
San Francisco,2020-12-31,962,12831,410,9398,552,3433,0,0,961,12830,0,0,961,12830,California
San Francisco,2021-01-01,66,12897,58,9456,8,3441,0,0,66,12896,0,0,66,12896,California
San Francisco,2021-01-02,333,13230,302,9758,31,3472,0,0,333,13229,0,0,333,13229,California
San Francisco,2021-01-03,293,13523,101,9859,192,3664,0,0,292,13520,1,1,292,13521,California
San Francisco,2021-01-04,1834,15357,1354,11213,480,4144,0,0,1831,15348,3,4,1831,15352,California
San Francisco,2021-01-05,2231,17588,1414,12627,817,4961,0,0,2196,17511,35,39,2198,17550,California
San Francisco,2021-01-06,1872,19460,1165,13792,707,5668,0,0,1607,18856,263,302,1608,19158,California
San Francisco,2021-01-07,2062,21522,1201,14993,861,6529,0,0,1607,20011,452,754,1607,20765,California
San Francisco,2021-01-08,2328,23850,1634,16627,694,7223,0,0,1490,20668,833,1587,1490,22255,California
San Francisco,2021-01-09,1387,25237,892,17519,495,7718,0,0,884,21051,503,2090,886,23141,California
San Francisco,2021-01-10,920,26157,542,18061,378,8096,0,0,460,21052,459,2549,460,23601,California
San Francisco,2021-01-11,2504,28661,1873,19934,631,8727,0,0,1403,21353,1102,3651,1403,25004,California
San Francisco,2021-01-12,3084,31745,2056,21990,1028,9755,0,0,1891,22052,1193,4844,1892,26896,California
San Francisco,2021-01-13,2813,34558,1598,23588,1215,10970,0,0,1986,23211,827,5671,1986,28882,California
San Francisco,2021-01-14,2428,36986,1093,24681,1335,12305,0,0,1869,24522,559,6230,1870,30752,California
San Francisco,2021-01-15,2737,39723,1144,25825,1593,13898,0,0,2346,26481,389,6619,2348,33100,California
San Francisco,2021-01-16,2245,41968,964,26789,1281,15179,0,0,2081,28398,164,6783,2081,35181,California
San Francisco,2021-01-17,1918,43886,532,27321,1386,16565,0,0,1703,29886,215,6998,1703,36884,California
San Francisco,2021-01-18,1374,45260,590,27911,784,17349,0,0,1110,30735,263,7261,1112,37996,California
San Francisco,2021-01-19,2567,47827,1471,29382,1096,18445,0,0,1824,31816,743,8004,1824,39820,California
San Francisco,2021-01-20,2698,50525,1083,30465,1615,20060,0,0,1953,33028,742,8746,1954,41774,California
San Francisco,2021-01-21,3288,53813,928,31393,2360,22420,0,0,2467,34676,819,9565,2467,44241,California
San Francisco,2021-01-22,3164,56977,629,32022,2535,24955,0,0,2724,36962,438,10003,2724,46965,California
San Francisco,2021-01-23,3089,60066,608,32630,2481,27436,0,0,2722,39319,366,10369,2723,49688,California
San Francisco,2021-01-24,2423,62489,359,32989,2064,29500,0,0,2196,41291,224,10593,2196,51884,California
San Francisco,2021-01-25,4563,67052,1772,34761,2791,32291,0,0,3023,42777,1538,12131,3024,54908,California
San Francisco,2021-01-26,4647,71699,2125,36886,2522,34813,0,0,3060,44255,1584,13715,3062,57970,California
San Francisco,2021-01-27,4421,76120,2081,38967,2340,37153,0,0,3072,45982,1345,15060,3072,61042,California
San Francisco,2021-01-28,3746,79866,1550,40517,2196,39349,0,0,2582,47405,1159,16219,2582,63624,California
San Francisco,2021-01-29,4709,84575,1677,42194,3032,42381,0,0,3441,49585,1261,17480,3441,67065,California
San Francisco,2021-01-30,3765,88340,1837,44031,1928,44309,0,0,3323,52470,441,17921,3326,70391,California
San Francisco,2021-01-31,2347,90687,821,44852,1526,45835,0,0,2196,54517,150,18071,2197,72588,California
San Francisco,2021-02-01,3772,94459,1513,46365,2259,48094,0,0,2875,56496,897,18968,2876,75464,California
San Francisco,2021-02-02,4639,99098,1958,48323,2681,50775,0,0,2875,57613,1758,20726,2875,78339,California
San Francisco,2021-02-03,5044,104142,2360,50683,2684,53459,0,0,3749,60070,1293,22019,3750,82089,California
San Francisco,2021-02-04,5015,109157,2432,53115,2583,56042,0,0,3853,62763,1160,23179,3853,85942,California
San Francisco,2021-02-05,5916,115073,3193,56308,2723,58765,0,0,4586,66023,1327,24506,4587,90529,California
San Francisco,2021-02-06,5458,120531,3643,59951,1815,60580,0,0,4559,69688,897,25403,4562,95091,California
San Francisco,2021-02-07,4322,124853,3174,63125,1148,61728,0,0,3748,72866,573,25976,3751,98842,California
San Francisco,2021-02-08,6682,131535,4601,67726,2081,63809,0,0,5477,77157,1188,27164,5479,104321,California
San Francisco,2021-02-09,5914,137449,3984,71710,1930,65739,0,0,4361,79969,1550,28714,4362,108683,California
San Francisco,2021-02-10,6827,144276,4168,75878,2659,68398,0,0,5065,83283,1754,30468,5068,113751,California
San Francisco,2021-02-11,6674,150950,3954,79832,2720,71118,0,0,4867,86346,1805,32273,4868,118619,California
San Francisco,2021-02-12,5297,156247,2660,82492,2637,73755,0,0,3473,87996,1823,34096,3473,122092,California
San Francisco,2021-02-13,4352,160599,2550,85042,1802,75557,0,0,3030,89706,1322,35418,3032,125124,California
San Francisco,2021-02-14,3411,164010,2236,87278,1175,76732,0,0,2291,90879,1119,36537,2292,127416,California
San Francisco,2021-02-15,2764,166774,1501,88779,1263,77995,0,0,1673,91463,1089,37626,1673,129089,California
San Francisco,2021-02-16,4974,171748,2722,91501,2252,80247,0,0,2955,92411,2013,39639,2961,132050,California
San Francisco,2021-02-17,5391,177139,2678,94179,2713,82960,0,0,2954,92939,2428,42067,2956,135006,California
San Francisco,2021-02-18,5363,182502,2623,96802,2740,85700,0,0,2808,93196,2554,44621,2811,137817,California
San Francisco,2021-02-19,5616,188118,2638,99440,2978,88678,0,0,2924,93436,2686,47307,2926,140743,California
San Francisco,2021-02-20,4509,192627,2170,101610,2339,91017,0,0,1700,92336,2801,50108,1701,142444,California
San Francisco,2021-02-21,2728,195355,1359,102969,1369,92386,0,0,1135,91883,1589,51697,1136,143580,California
San Francisco,2021-02-22,5082,200437,3165,106134,1917,94303,0,0,2552,91916,2522,54219,2555,146135,California
San Francisco,2021-02-23,5427,205864,3070,109204,2357,96660,0,0,2758,92010,2664,56883,2758,148893,California
San Francisco,2021-02-24,8942,214806,5062,114266,3880,100540,0,0,4772,92622,4161,61044,4773,153666,California
San Francisco,2021-02-25,9724,224530,6846,121112,2878,103418,0,0,6282,95464,3442,64486,6284,159950,California
San Francisco,2021-02-26,11876,236406,7717,128829,4159,107577,0,0,7040,97666,4839,69325,7041,166991,California
San Francisco,2021-02-27,8856,245262,5631,134460,3224,110801,1,1,4494,97810,4352,73677,4496,171487,California
San Francisco,2021-02-28,7695,252957,5523,139983,2172,112973,0,1,3833,97782,3862,77539,3834,175321,California
San Francisco,2021-03-01,10613,263570,7124,147107,3489,116462,0,1,5134,97456,5463,83002,5137,180458,California
San Francisco,2021-03-02,8785,272355,5601,152708,3184,119646,0,1,5101,98880,3678,86680,5102,185560,California
San Francisco,2021-03-03,10761,283116,6153,158861,4607,124253,1,2,5798,99728,4954,91634,5802,191362,California
San Francisco,2021-03-04,8575,291691,5398,164259,3177,127430,0,2,4839,100836,3731,95365,4839,196201,California
San Francisco,2021-03-05,8567,300258,5074,169333,3491,130921,2,4,5378,103038,3179,98544,5381,201582,California
San Francisco,2021-03-06,6827,307085,4400,173733,2220,133141,207,211,4188,104779,2652,101196,4393,205975,California
San Francisco,2021-03-07,5086,312171,3956,177689,1074,134215,56,267,2856,105448,2244,103440,2913,208888,California
San Francisco,2021-03-08,7082,319253,5138,182827,1762,135977,182,449,5548,109612,1567,105007,5731,214619,California
San Francisco,2021-03-09,6643,325896,3887,186714,2384,138361,372,821,4540,112410,2110,107117,4908,219527,California
San Francisco,2021-03-10,10258,336154,5850,192564,3920,142281,488,1309,6283,115227,3955,111072,6772,226299,California
San Francisco,2021-03-11,9909,346063,6318,198882,2643,144924,948,2257,6501,119278,3394,114466,7445,233744,California
San Francisco,2021-03-12,10611,356674,6211,205093,3103,148027,1297,3554,5916,121819,4670,119136,7211,240955,California
San Francisco,2021-03-13,6486,363160,3814,208907,1655,149682,1017,4571,4051,124458,2428,121564,5067,246022,California
San Francisco,2021-03-14,7467,370627,4838,213745,2395,152077,234,4805,4036,125308,3420,124984,4270,250292,California
San Francisco,2021-03-15,11889,382516,9061,222806,1896,153973,932,5737,8239,130835,3637,128621,9164,259456,California
San Francisco,2021-03-16,11960,394476,8154,230960,3351,157324,455,6192,8697,136736,3249,131870,9150,268606,California
San Francisco,2021-03-17,13100,407576,8112,239072,4448,161772,540,6732,9500,143199,3573,135443,10036,278642,California
San Francisco,2021-03-18,9849,417425,6719,245791,2543,164315,587,7319,5619,145200,4204,139647,6205,284847,California
San Francisco,2021-03-19,11937,429362,8694,254485,2779,167094,464,7783,6366,146479,5550,145197,6829,291676,California
San Francisco,2021-03-20,8551,437913,6386,260871,1808,168902,357,8140,5152,148619,3371,148568,5511,297187,California
San Francisco,2021-03-21,6434,444347,5885,266756,415,169317,134,8274,3681,149691,2743,151311,3815,301002,California
San Francisco,2021-03-22,9644,453991,6809,273565,1994,171311,841,9115,5081,151070,4542,155853,5921,306923,California
San Francisco,2021-03-23,11050,465041,7341,280906,3062,174373,647,9762,6709,154110,4313,160166,7353,314276,California
San Francisco,2021-03-24,12210,477251,9367,290273,2309,176682,534,10296,6350,155165,5827,165993,6882,321158,California
San Francisco,2021-03-25,11702,488953,8613,298886,2545,179227,544,10840,5896,155855,5748,171741,6438,327596,California
San Francisco,2021-03-26,11734,500687,8163,307049,3345,182572,226,11066,6097,156567,5608,177349,6320,333916,California
San Francisco,2021-03-27,8457,509144,5727,312776,2501,185073,229,11295,3889,156133,4552,181901,4118,338034,California
San Francisco,2021-03-28,6537,515681,5219,317995,1277,186350,41,11336,3153,155959,3366,185267,3192,341226,California
San Francisco,2021-03-29,11342,527023,7870,325865,3295,189645,177,11513,5158,155133,6161,191428,5335,346561,California
San Francisco,2021-03-30,11404,538427,7150,333015,3972,193617,282,11795,6869,157772,4512,195940,7151,353712,California
San Francisco,2021-03-31,12039,550466,7993,341008,3762,197379,284,12079,5688,157417,6322,202262,5967,359679,California
San Francisco,2021-04-01,13546,564012,7227,348235,4703,202082,1616,13695,5900,157316,7615,209877,7514,367193,California
San Francisco,2021-04-02,14461,578473,6374,354609,6295,208377,1792,15487,6854,158373,7588,217465,8645,375838,California
San Francisco,2021-04-03,10143,588616,4688,359297,3686,212063,1769,17256,4650,159309,5481,222946,6417,382255,California
San Francisco,2021-04-04,8810,597426,4627,363924,2579,214642,1604,18860,3486,159087,5314,228260,5092,387347,California
San Francisco,2021-04-05,15566,612992,9524,373448,4203,218845,1839,20699,6202,157786,9339,237599,8038,395385,California
San Francisco,2021-04-06,15892,628884,9376,382824,4414,223259,2102,22801,6254,156521,9618,247217,8353,403738,California
San Francisco,2021-04-07,16453,645337,9884,392708,4311,227570,2258,25059,6872,156080,9559,256776,9118,412856,California
San Francisco,2021-04-08,13951,659288,6643,399351,2916,230486,4392,29451,4628,155786,9297,266073,9003,421859,California
San Francisco,2021-04-09,9198,668486,3255,402606,4129,234615,1814,31265,4743,157898,4436,270509,6548,428407,California
San Joaquin,2020-12-15,12,12,12,12,0,0,0,0,12,12,0,0,12,12,California
San Joaquin,2020-12-16,437,449,437,449,0,0,0,0,437,449,0,0,437,449,California
San Joaquin,2020-12-17,385,834,385,834,0,0,0,0,385,834,0,0,385,834,California
San Joaquin,2020-12-18,572,1406,546,1380,26,26,0,0,572,1406,0,0,572,1406,California
San Joaquin,2020-12-19,199,1605,199,1579,0,26,0,0,199,1605,0,0,199,1605,California
San Joaquin,2020-12-20,113,1718,112,1691,1,27,0,0,113,1718,0,0,113,1718,California
San Joaquin,2020-12-21,554,2272,550,2241,4,31,0,0,554,2272,0,0,554,2272,California
San Joaquin,2020-12-22,1055,3327,896,3137,159,190,0,0,1054,3326,0,0,1054,3326,California
San Joaquin,2020-12-23,1025,4352,958,4095,67,257,0,0,1023,4349,0,0,1023,4349,California
San Joaquin,2020-12-24,221,4573,193,4288,28,285,0,0,220,4569,0,0,220,4569,California
San Joaquin,2020-12-25,14,4587,14,4302,0,285,0,0,14,4583,0,0,14,4583,California
San Joaquin,2020-12-26,101,4688,29,4331,72,357,0,0,101,4684,0,0,101,4684,California
San Joaquin,2020-12-27,40,4728,29,4360,11,368,0,0,40,4724,0,0,40,4724,California
San Joaquin,2020-12-28,649,5377,443,4803,206,574,0,0,649,5373,0,0,649,5373,California
San Joaquin,2020-12-29,877,6254,740,5543,137,711,0,0,877,6250,0,0,877,6250,California
San Joaquin,2020-12-30,1054,7308,747,6290,307,1018,0,0,1053,7303,0,0,1053,7303,California
San Joaquin,2020-12-31,449,7757,200,6490,249,1267,0,0,450,7753,0,0,450,7753,California
San Joaquin,2021-01-01,17,7774,10,6500,7,1274,0,0,17,7770,0,0,17,7770,California
San Joaquin,2021-01-02,254,8028,233,6733,21,1295,0,0,253,8023,0,0,253,8023,California
San Joaquin,2021-01-03,36,8064,19,6752,17,1312,0,0,35,8057,1,1,35,8058,California
San Joaquin,2021-01-04,483,8547,341,7093,142,1454,0,0,480,8537,0,1,480,8538,California
San Joaquin,2021-01-05,1041,9588,710,7803,331,1785,0,0,820,9171,222,223,856,9394,California
San Joaquin,2021-01-06,1307,10895,787,8590,520,2305,0,0,941,9756,359,582,944,10338,California
San Joaquin,2021-01-07,1132,12027,723,9313,409,2714,0,0,808,10245,320,902,809,11147,California
San Joaquin,2021-01-08,1334,13361,944,10257,390,3104,0,0,802,10520,528,1430,803,11950,California
San Joaquin,2021-01-09,378,13739,301,10558,77,3181,0,0,248,10638,130,1560,248,12198,California
San Joaquin,2021-01-10,220,13959,114,10672,106,3287,0,0,168,10754,52,1612,168,12366,California
San Joaquin,2021-01-11,1582,15541,1377,12049,205,3492,0,0,902,11004,679,2291,929,13295,California
San Joaquin,2021-01-12,1506,17047,1072,13121,434,3926,0,0,710,10972,793,3084,761,14056,California
San Joaquin,2021-01-13,1513,18560,850,13971,663,4589,0,0,985,11432,529,3613,989,15045,California
San Joaquin,2021-01-14,1607,20167,905,14876,702,5291,0,0,1247,12356,329,3942,1253,16298,California
San Joaquin,2021-01-15,1597,21764,668,15544,929,6220,0,0,1355,13491,222,4164,1357,17655,California
San Joaquin,2021-01-16,1172,22936,191,15735,981,7201,0,0,1148,14615,24,4188,1148,18803,California
San Joaquin,2021-01-17,1650,24586,129,15864,1521,8722,0,0,1616,16199,34,4222,1618,20421,California
San Joaquin,2021-01-18,762,25348,234,16098,528,9250,0,0,645,16731,113,4335,645,21066,California
San Joaquin,2021-01-19,1899,27247,892,16990,1007,10257,0,0,1195,17231,700,5035,1200,22266,California
San Joaquin,2021-01-20,2147,29394,1319,18309,828,11085,0,0,1465,18021,680,5715,1470,23736,California
San Joaquin,2021-01-21,2047,31441,940,19249,1107,12192,0,0,1624,19233,417,6132,1629,25365,California
San Joaquin,2021-01-22,2031,33472,966,20215,1065,13257,0,0,1889,20986,139,6271,1892,27257,California
San Joaquin,2021-01-23,931,34403,401,20616,530,13787,0,0,654,21366,276,6547,656,27913,California
San Joaquin,2021-01-24,333,34736,131,20747,202,13989,0,0,314,21663,17,6564,314,28227,California
San Joaquin,2021-01-25,2039,36775,1174,21921,865,14854,0,0,1462,22554,575,7139,1466,29693,California
San Joaquin,2021-01-26,2218,38993,1164,23085,1054,15908,0,0,1577,23497,638,7777,1581,31274,California
San Joaquin,2021-01-27,1811,40804,823,23908,988,16896,0,0,1298,24291,510,8287,1304,32578,California
San Joaquin,2021-01-28,2145,42949,859,24767,1286,18182,0,0,1458,25067,685,8972,1461,34039,California
San Joaquin,2021-01-29,2254,45203,1138,25905,1116,19298,0,0,1882,26589,367,9339,1889,35928,California
San Joaquin,2021-01-30,2397,47600,344,26249,2053,21351,0,0,2207,28627,171,9510,2209,38137,California
San Joaquin,2021-01-31,1570,49170,176,26425,1394,22745,0,0,1501,30075,54,9564,1502,39639,California
San Joaquin,2021-02-01,2618,51788,1412,27837,1206,23951,0,0,1849,31159,767,10331,1851,41490,California
San Joaquin,2021-02-02,2684,54472,1239,29076,1445,25396,0,0,2054,32644,573,10904,2058,43548,California
San Joaquin,2021-02-03,3177,57649,1308,30384,1869,27265,0,0,2288,34051,885,11789,2292,45840,California
San Joaquin,2021-02-04,3541,61190,1805,32189,1736,29001,0,0,2731,35976,808,12597,2733,48573,California
San Joaquin,2021-02-05,3358,64548,1959,34148,1399,30400,0,0,2491,37606,864,13461,2494,51067,California
San Joaquin,2021-02-06,1138,65686,791,34939,347,30747,0,0,965,38402,171,13632,967,52034,California
San Joaquin,2021-02-07,608,66294,483,35422,125,30872,0,0,412,38625,189,13821,412,52446,California
San Joaquin,2021-02-08,1820,68114,1061,36483,759,31631,0,0,1494,39815,308,14129,1498,53944,California
San Joaquin,2021-02-09,2128,70242,1172,37655,956,32587,0,0,1630,40993,453,14582,1631,55575,California
San Joaquin,2021-02-10,2656,72898,1300,38955,1356,33943,0,0,1385,41134,1244,15826,1385,56960,California
San Joaquin,2021-02-11,2945,75843,1559,40514,1386,35329,0,0,1791,41792,1138,16964,1796,58756,California
San Joaquin,2021-02-12,2850,78693,1196,41710,1654,36983,0,0,1688,42325,1159,18123,1692,60448,California
San Joaquin,2021-02-13,2122,80815,398,42108,1724,38707,0,0,849,41916,1264,19387,855,61303,California
San Joaquin,2021-02-14,1890,82705,258,42366,1632,40339,0,0,682,41406,1193,20580,683,61986,California
San Joaquin,2021-02-15,1969,84674,828,43194,1141,41480,0,0,1198,41859,749,21329,1202,63188,California
San Joaquin,2021-02-16,3189,87863,1454,44648,1735,43215,0,0,1738,42162,1441,22770,1744,64932,California
San Joaquin,2021-02-17,3402,91265,1366,46014,2036,45251,0,0,1938,42653,1451,24221,1942,66874,California
San Joaquin,2021-02-18,3516,94781,1494,47508,2022,47273,0,0,2012,43191,1481,25702,2019,68893,California
San Joaquin,2021-02-19,4692,99473,2778,50286,1914,49187,0,0,2818,44170,1840,27542,2819,71712,California
San Joaquin,2021-02-20,1662,101135,643,50929,1019,50206,0,0,1155,44819,506,28048,1155,72867,California
San Joaquin,2021-02-21,625,101760,469,51398,156,50362,0,0,401,44996,225,28273,402,73269,California
San Joaquin,2021-02-22,4122,105882,3048,54446,1074,51436,0,0,3077,47061,1017,29290,3082,76351,California
San Joaquin,2021-02-23,4884,110766,3277,57723,1607,53043,0,0,3282,48770,1579,30869,3288,79639,California
San Joaquin,2021-02-24,6697,117463,4291,62014,2406,55449,0,0,5012,52119,1667,32536,5016,84655,California
San Joaquin,2021-02-25,7156,124619,4777,66791,2379,57828,0,0,4878,54755,2252,34788,4888,89543,California
San Joaquin,2021-02-26,6004,130623,3370,70161,2634,60462,0,0,4242,57271,1734,36522,4250,93793,California
San Joaquin,2021-02-27,5594,136217,1609,71770,3985,64447,0,0,2642,57012,2916,39438,2657,96450,California
San Joaquin,2021-02-28,3027,139244,1087,72857,1940,66387,0,0,1997,57994,1018,40456,2000,98450,California
San Joaquin,2021-03-01,4126,143370,1808,74665,2318,68705,0,0,2322,58535,1790,42246,2331,100781,California
San Joaquin,2021-03-02,4187,147557,1679,76344,2508,71213,0,0,2607,59635,1567,43813,2667,103448,California
San Joaquin,2021-03-03,6229,153786,3923,80267,2304,73517,2,2,4596,62615,1616,45429,4596,108044,California
San Joaquin,2021-03-04,5288,159074,2464,82731,2823,76340,1,3,3213,63850,1986,47415,3221,111265,California
San Joaquin,2021-03-05,4498,163572,1954,84685,2542,78882,2,5,3072,65508,1417,48832,3075,114340,California
San Joaquin,2021-03-06,3582,167154,2458,87143,995,79877,129,134,2996,68050,586,49418,3128,117468,California
San Joaquin,2021-03-07,1218,168372,548,87691,627,80504,43,177,946,68768,257,49675,975,118443,California
San Joaquin,2021-03-08,3126,171498,1245,88936,1760,82264,121,298,2114,69996,1006,50681,2234,120677,California
San Joaquin,2021-03-09,4126,175624,1863,90799,2136,84400,127,425,2722,71452,1394,52075,2850,123527,California
San Joaquin,2021-03-10,4919,180543,2666,93465,2115,86515,138,563,3652,73984,1258,53333,3790,127317,California
San Joaquin,2021-03-11,5041,185584,2419,95884,2032,88547,590,1153,2931,75407,2102,55435,3525,130842,California
San Joaquin,2021-03-12,6649,192233,3530,99414,2797,91344,322,1475,4228,77552,2406,57841,4551,135393,California
San Joaquin,2021-03-13,3139,195372,1572,100986,1443,92787,124,1599,2397,79341,737,58578,2526,137919,California
San Joaquin,2021-03-14,2138,197510,666,101652,1172,93959,300,1899,1036,79581,1100,59678,1340,139259,California
San Joaquin,2021-03-15,6635,204145,4087,105739,2152,96111,396,2295,3313,79999,3307,62985,3725,142984,California
San Joaquin,2021-03-16,7675,211820,4717,110456,2710,98821,248,2543,4303,81199,3361,66346,4561,147545,California
San Joaquin,2021-03-17,8857,220677,5781,116237,3002,101823,74,2617,4669,81783,4170,70516,4754,152299,California
San Joaquin,2021-03-18,8542,229219,5411,121648,2625,104448,506,3123,3897,81577,4613,75129,4407,156706,California
San Joaquin,2021-03-19,8475,237694,5091,126739,2844,107292,540,3663,4878,83463,3578,78707,5464,162170,California
San Joaquin,2021-03-20,3776,241470,2105,128844,1431,108723,240,3903,1871,83694,1892,80599,2123,164293,California
San Joaquin,2021-03-21,2312,243782,1679,130523,427,109150,206,4109,1412,84460,896,81495,1662,165955,California
San Joaquin,2021-03-22,4300,248082,2349,132872,1537,110687,414,4523,2694,85979,1596,83091,3115,169070,California
San Joaquin,2021-03-23,5592,253674,2865,135737,2562,113249,165,4688,3967,88501,1613,84704,4135,173205,California
San Joaquin,2021-03-24,7419,261093,4780,140517,2553,115802,86,4774,3232,87653,4174,88878,3326,176531,California
San Joaquin,2021-03-25,5822,266915,3549,144066,2236,118038,37,4811,3581,89054,2223,91101,3624,180155,California
San Joaquin,2021-03-26,6312,273227,2639,146705,3527,121565,146,4957,3357,89652,2926,94027,3524,183679,California
San Joaquin,2021-03-27,5017,278244,2846,149551,2130,123695,41,4998,2013,88732,2987,97014,2067,185746,California
San Joaquin,2021-03-28,2986,281230,2082,151633,879,124574,25,5023,1596,89063,1377,98391,1708,187454,California
San Joaquin,2021-03-29,4137,285367,2295,153928,1820,126394,22,5045,2178,89342,1948,100339,2227,189681,California
San Joaquin,2021-03-30,6385,291752,3388,157316,2963,129357,34,5079,3753,90537,2619,102958,3814,193495,California
San Joaquin,2021-03-31,6712,298464,4242,161558,2413,131770,57,5136,3465,90849,3237,106195,3549,197044,California
San Joaquin,2021-04-01,6266,304730,2963,164521,3229,134999,74,5210,3672,92075,2587,108782,3813,200857,California
San Joaquin,2021-04-02,5418,310148,2186,166707,2755,137754,477,5687,2451,92098,2949,111731,2972,203829,California
San Joaquin,2021-04-03,3979,314127,2192,168899,1482,139236,305,5992,1840,92125,2129,113860,2156,205985,California
San Joaquin,2021-04-04,1690,315817,790,169689,716,139952,184,6176,1024,92672,663,114523,1210,207195,California
San Joaquin,2021-04-05,3929,319746,2336,172025,1454,141406,139,6315,2189,93278,1736,116259,2342,209537,California
San Joaquin,2021-04-06,6067,325813,4094,176119,1740,143146,233,6548,3302,94073,2755,119014,3550,213087,California
San Joaquin,2021-04-07,6491,332304,2845,178964,2268,145414,1378,7926,2678,94347,3803,122817,4077,217164,California
San Joaquin,2021-04-08,6441,338745,2609,181573,1874,147288,1958,9884,2357,94595,4075,126892,4323,221487,California
San Joaquin,2021-04-09,4387,343132,1186,182759,2037,149325,1164,11048,1742,94878,2641,129533,2924,224411,California
San Luis Obispo,2020-12-16,4,4,4,4,0,0,0,0,4,4,0,0,4,4,California
San Luis Obispo,2020-12-17,196,200,196,200,0,0,0,0,196,200,0,0,196,200,California
San Luis Obispo,2020-12-18,224,424,224,424,0,0,0,0,224,424,0,0,224,424,California
San Luis Obispo,2020-12-19,162,586,162,586,0,0,0,0,162,586,0,0,162,586,California
San Luis Obispo,2020-12-20,215,801,215,801,0,0,0,0,215,801,0,0,215,801,California
San Luis Obispo,2020-12-21,550,1351,550,1351,0,0,0,0,550,1351,0,0,550,1351,California
San Luis Obispo,2020-12-22,307,1658,303,1654,4,4,0,0,307,1658,0,0,307,1658,California
San Luis Obispo,2020-12-23,681,2339,368,2022,313,317,0,0,681,2339,0,0,681,2339,California
San Luis Obispo,2020-12-24,195,2534,19,2041,176,493,0,0,195,2534,0,0,195,2534,California
San Luis Obispo,2020-12-25,2,2536,1,2042,1,494,0,0,2,2536,0,0,2,2536,California
San Luis Obispo,2020-12-26,90,2626,12,2054,78,572,0,0,90,2626,0,0,90,2626,California
San Luis Obispo,2020-12-27,76,2702,0,2054,76,648,0,0,76,2702,0,0,76,2702,California
San Luis Obispo,2020-12-28,879,3581,430,2484,449,1097,0,0,879,3581,0,0,879,3581,California
San Luis Obispo,2020-12-29,903,4484,502,2986,401,1498,0,0,903,4484,0,0,903,4484,California
San Luis Obispo,2020-12-30,1174,5658,681,3667,493,1991,0,0,1174,5658,0,0,1174,5658,California
San Luis Obispo,2020-12-31,106,5764,4,3671,102,2093,0,0,106,5764,0,0,106,5764,California
San Luis Obispo,2021-01-01,11,5775,7,3678,4,2097,0,0,11,5775,0,0,11,5775,California
San Luis Obispo,2021-01-02,33,5808,8,3686,25,2122,0,0,33,5808,0,0,33,5808,California
San Luis Obispo,2021-01-03,16,5824,6,3692,10,2132,0,0,16,5824,0,0,16,5824,California
San Luis Obispo,2021-01-04,676,6500,524,4216,152,2284,0,0,676,6500,0,0,676,6500,California
San Luis Obispo,2021-01-05,976,7476,758,4974,218,2502,0,0,974,7472,2,2,974,7474,California
San Luis Obispo,2021-01-06,727,8203,482,5456,245,2747,0,0,719,8184,7,9,719,8193,California
San Luis Obispo,2021-01-07,1128,9331,950,6406,178,2925,0,0,686,8428,442,451,686,8879,California
San Luis Obispo,2021-01-08,881,10212,805,7211,76,3001,0,0,512,8572,368,819,512,9391,California
San Luis Obispo,2021-01-09,205,10417,196,7407,9,3010,0,0,28,8423,177,996,28,9419,California
San Luis Obispo,2021-01-10,12,10429,8,7415,4,3014,0,0,8,8427,4,1000,8,9427,California
San Luis Obispo,2021-01-11,524,10953,474,7889,50,3064,0,0,263,8430,260,1260,263,9690,California
San Luis Obispo,2021-01-12,598,11551,380,8269,218,3282,0,0,320,8472,278,1538,320,10010,California
San Luis Obispo,2021-01-13,880,12431,253,8522,627,3909,0,0,642,8878,236,1774,642,10652,California
San Luis Obispo,2021-01-14,729,13160,243,8765,486,4395,0,0,604,9370,112,1886,604,11256,California
San Luis Obispo,2021-01-15,730,13890,288,9053,442,4837,0,0,554,9753,171,2057,554,11810,California
San Luis Obispo,2021-01-16,99,13989,81,9134,18,4855,0,0,94,9842,5,2062,94,11904,California
San Luis Obispo,2021-01-17,66,14055,60,9194,6,4861,0,0,66,9908,0,2062,66,11970,California
San Luis Obispo,2021-01-18,1372,15427,389,9583,983,5844,0,0,1110,10756,262,2324,1110,13080,California
San Luis Obispo,2021-01-19,1584,17011,418,10001,1166,7010,0,0,1177,11526,407,2731,1177,14257,California
San Luis Obispo,2021-01-20,1880,18891,595,10596,1285,8295,0,0,1290,12229,588,3319,1291,15548,California
San Luis Obispo,2021-01-21,1571,20462,466,11062,1105,9400,0,0,1197,13057,370,3689,1198,16746,California
San Luis Obispo,2021-01-22,1520,21982,508,11570,1012,10412,0,0,1205,13949,313,4002,1205,17951,California
San Luis Obispo,2021-01-23,310,22292,292,11862,18,10430,0,0,294,14227,16,4018,294,18245,California
San Luis Obispo,2021-01-24,243,22535,236,12098,7,10437,0,0,237,14458,6,4024,237,18482,California
San Luis Obispo,2021-01-25,2072,24607,607,12705,1465,11902,0,0,1245,14876,827,4851,1245,19727,California
San Luis Obispo,2021-01-26,2004,26611,703,13408,1301,13203,0,0,1137,15147,866,5717,1137,20864,California
San Luis Obispo,2021-01-27,1612,28223,282,13690,1330,14533,0,0,1150,15835,462,6179,1150,22014,California
San Luis Obispo,2021-01-28,1477,29700,334,14024,1143,15676,0,0,1216,16791,260,6439,1216,23230,California
San Luis Obispo,2021-01-29,1730,31430,677,14701,1053,16729,0,0,1446,17953,284,6723,1446,24676,California
San Luis Obispo,2021-01-30,37,31467,18,14719,19,16748,0,0,26,17969,10,6733,26,24702,California
San Luis Obispo,2021-01-31,26,31493,20,14739,6,16754,0,0,23,17989,3,6736,23,24725,California
San Luis Obispo,2021-02-01,1662,33155,703,15442,959,17713,0,0,1393,19114,268,7004,1393,26118,California
San Luis Obispo,2021-02-02,1893,35048,675,16117,1218,18931,0,0,1519,20259,374,7378,1519,27637,California
San Luis Obispo,2021-02-03,1700,36748,727,16844,973,19904,0,0,1288,21135,412,7790,1288,28925,California
San Luis Obispo,2021-02-04,1654,38402,799,17643,855,20759,0,0,1088,21657,566,8356,1088,30013,California
San Luis Obispo,2021-02-05,1596,39998,718,18361,878,21637,0,0,1053,22167,544,8900,1054,31067,California
San Luis Obispo,2021-02-06,160,40158,93,18454,67,21704,0,0,94,22195,66,8966,94,31161,California
San Luis Obispo,2021-02-07,143,40301,98,18552,45,21749,0,0,73,22199,70,9036,74,31235,California
San Luis Obispo,2021-02-08,854,41155,469,19021,385,22134,0,0,496,22338,357,9393,496,31731,California
San Luis Obispo,2021-02-09,1123,42278,447,19468,676,22810,0,0,541,22310,576,9969,548,32279,California
San Luis Obispo,2021-02-10,1423,43701,485,19953,938,23748,0,0,520,21933,900,10869,523,32802,California
San Luis Obispo,2021-02-11,1329,45030,843,20796,486,24234,0,0,655,21917,671,11540,655,33457,California
San Luis Obispo,2021-02-12,777,45807,362,21158,415,24649,0,0,413,21965,365,11905,413,33870,California
San Luis Obispo,2021-02-13,386,46193,124,21282,262,24911,0,0,280,22140,105,12010,280,34150,California
San Luis Obispo,2021-02-14,316,46509,42,21324,274,25185,0,0,279,22383,37,12047,280,34430,California
San Luis Obispo,2021-02-15,710,47219,137,21461,573,25758,0,0,458,22592,249,12296,458,34888,California
San Luis Obispo,2021-02-16,2961,50180,1194,22655,1767,27525,0,0,1359,22355,1596,13892,1359,36247,California
San Luis Obispo,2021-02-17,2770,52950,1237,23892,1533,29058,0,0,1028,21648,1735,15627,1028,37275,California
San Luis Obispo,2021-02-18,2810,55760,1446,25338,1364,30422,0,0,1121,21089,1681,17308,1122,38397,California
San Luis Obispo,2021-02-19,1450,57210,1332,26670,118,30540,0,0,1129,21898,320,17628,1129,39526,California
San Luis Obispo,2021-02-20,247,57457,79,26749,168,30708,0,0,212,22075,35,17663,212,39738,California
San Luis Obispo,2021-02-21,48,57505,45,26794,3,30711,0,0,29,22085,19,17682,29,39767,California
San Luis Obispo,2021-02-22,2402,59907,1858,28652,544,31255,0,0,1461,22606,941,18623,1462,41229,California
San Luis Obispo,2021-02-23,1854,61761,1741,30393,113,31368,0,0,1366,23485,487,19110,1366,42595,California
San Luis Obispo,2021-02-24,2641,64402,1297,31690,1344,32712,0,0,834,22514,1805,20915,834,43429,California
San Luis Obispo,2021-02-25,2120,66522,1237,32927,883,33595,0,0,1202,22806,911,21826,1203,44632,California
San Luis Obispo,2021-02-26,2611,69133,1132,34059,1479,35074,0,0,1307,22813,1300,23126,1307,45939,California
San Luis Obispo,2021-02-27,567,69700,344,34403,223,35297,0,0,520,23286,47,23173,520,46459,California
San Luis Obispo,2021-02-28,197,69897,74,34477,123,35420,0,0,164,23421,29,23202,164,46623,California
San Luis Obispo,2021-03-01,2951,72848,1838,36315,1112,36532,1,1,2034,24540,917,24119,2036,48659,California
San Luis Obispo,2021-03-02,2943,75791,1855,38170,1088,37620,0,1,1827,25254,1114,25233,1828,50487,California
San Luis Obispo,2021-03-03,2237,78028,325,38495,1912,39532,0,1,796,24617,1436,26669,799,51286,California
San Luis Obispo,2021-03-04,2158,80186,1140,39635,1018,40550,0,1,1161,24785,995,27664,1163,52449,California
San Luis Obispo,2021-03-05,2286,82472,1013,40648,1203,41753,70,71,1283,25149,989,28653,1353,53802,California
San Luis Obispo,2021-03-06,806,83278,296,40944,415,42168,95,166,600,25632,206,28859,689,54491,California
San Luis Obispo,2021-03-07,198,83476,31,40975,83,42251,84,250,69,25658,128,28987,154,54645,California
San Luis Obispo,2021-03-08,2721,86197,752,41727,1655,43906,314,564,1538,26329,1181,30168,1852,56497,California
San Luis Obispo,2021-03-09,2907,89104,953,42680,1718,45624,236,800,1506,26675,1397,31565,1743,58240,California
San Luis Obispo,2021-03-10,3155,92259,1240,43920,1646,47270,269,1069,1796,27383,1357,32922,2065,60305,California
San Luis Obispo,2021-03-11,3042,95301,1265,45185,1476,48746,301,1370,1665,27976,1372,34294,1965,62270,California
San Luis Obispo,2021-03-12,3085,98386,1277,46462,1465,50211,343,1713,1501,28246,1577,35871,1847,64117,California
San Luis Obispo,2021-03-13,751,99137,254,46716,389,50600,108,1821,421,28444,330,36201,528,64645,California
San Luis Obispo,2021-03-14,510,99647,54,46770,345,50945,111,1932,137,28319,373,36574,248,64893,California
San Luis Obispo,2021-03-15,3045,102692,1096,47866,1852,52797,97,2029,1528,28430,1514,38088,1625,66518,California
San Luis Obispo,2021-03-16,2817,105509,1500,49366,1218,54015,99,2128,1437,28590,1375,39463,1535,68053,California
San Luis Obispo,2021-03-17,3393,108902,1450,50816,1683,55698,260,2388,1955,29372,1433,40896,2215,70268,California
San Luis Obispo,2021-03-18,2694,111596,1438,52254,1062,56760,194,2582,1249,29372,1443,42339,1443,71711,California
San Luis Obispo,2021-03-19,2557,114153,1562,53816,673,57433,322,2904,939,29020,1615,43954,1263,72974,California
San Luis Obispo,2021-03-20,825,114978,494,54310,295,57728,36,2940,378,28988,446,44400,414,73388,California
San Luis Obispo,2021-03-21,180,115158,42,54352,135,57863,3,2943,152,29115,28,44428,155,73543,California
San Luis Obispo,2021-03-22,2674,117832,1170,55522,1457,59320,47,2990,1861,30212,811,45239,1908,75451,California
San Luis Obispo,2021-03-23,3355,121187,2213,57735,1124,60444,18,3008,2263,31405,1088,46327,2281,77732,California
San Luis Obispo,2021-03-24,3397,124584,2082,59817,1245,61689,70,3078,2557,33196,836,47163,2627,80359,California
San Luis Obispo,2021-03-25,3574,128158,2279,62096,1284,62973,11,3089,2566,34766,1007,48170,2577,82936,California
San Luis Obispo,2021-03-26,3096,131254,1743,63839,932,63905,421,3510,1730,35555,1362,49532,2151,85087,California
San Luis Obispo,2021-03-27,984,132238,503,64342,385,64290,96,3606,454,35576,529,50061,550,85637,California
San Luis Obispo,2021-03-28,442,132680,152,64494,234,64524,56,3662,244,35678,198,50259,300,85937,California
San Luis Obispo,2021-03-29,2576,135256,1274,65768,1168,65692,134,3796,1657,36561,908,51167,1791,87728,California
San Luis Obispo,2021-03-30,3493,138749,1907,67675,1443,67135,143,3939,2349,37910,1141,52308,2490,90218,California
San Luis Obispo,2021-03-31,3801,142550,2444,70119,1214,68349,143,4082,2462,39185,1330,53638,2605,92823,California
San Luis Obispo,2021-04-01,3775,146325,2412,72531,1280,69629,83,4165,2681,40861,1087,54725,2763,95586,California
San Luis Obispo,2021-04-02,1697,148022,678,73209,717,70346,302,4467,915,41296,782,55507,1217,96803,California
San Luis Obispo,2021-04-03,1076,149098,551,73760,407,70753,118,4585,475,41293,596,56103,593,97396,California
San Luis Obispo,2021-04-04,377,149475,130,73890,208,70961,39,4624,231,41417,146,56249,270,97666,California
San Luis Obispo,2021-04-05,3565,153040,1944,75834,1520,72481,101,4725,2047,42047,1517,57766,2147,99813,California
San Luis Obispo,2021-04-06,3979,157019,2147,77981,1543,74024,289,5014,1953,42272,2018,59784,2243,102056,California
San Luis Obispo,2021-04-07,3824,160843,1975,79956,1579,75603,270,5284,2178,43083,1635,61419,2446,104502,California
San Luis Obispo,2021-04-08,1983,162826,871,80827,778,76381,334,5618,871,43180,1108,62527,1205,105707,California
San Luis Obispo,2021-04-09,122,162948,34,80861,47,76428,41,5659,37,43175,85,62612,80,105787,California
San Mateo,2020-12-15,25,25,25,25,0,0,0,0,25,25,0,0,25,25,California
San Mateo,2020-12-16,108,133,108,133,0,0,0,0,108,133,0,0,108,133,California
San Mateo,2020-12-17,161,294,161,294,0,0,0,0,161,294,0,0,161,294,California
San Mateo,2020-12-18,741,1035,739,1033,2,2,0,0,740,1033,1,1,740,1034,California
San Mateo,2020-12-19,508,1543,508,1541,0,2,0,0,508,1541,0,1,508,1542,California
San Mateo,2020-12-20,508,2051,507,2048,1,3,0,0,508,2049,0,1,508,2050,California
San Mateo,2020-12-21,1151,3202,1151,3199,0,3,0,0,1151,3200,0,1,1151,3201,California
San Mateo,2020-12-22,1513,4715,1506,4705,7,10,0,0,1513,4713,0,1,1513,4714,California
San Mateo,2020-12-23,1573,6288,1387,6092,186,196,0,0,1573,6286,0,1,1573,6287,California
San Mateo,2020-12-24,867,7155,610,6702,257,453,0,0,867,7153,0,1,867,7154,California
San Mateo,2020-12-25,114,7269,110,6812,4,457,0,0,114,7267,0,1,114,7268,California
San Mateo,2020-12-26,560,7829,417,7229,143,600,0,0,560,7827,0,1,560,7828,California
San Mateo,2020-12-27,305,8134,175,7404,130,730,0,0,305,8132,0,1,305,8133,California
San Mateo,2020-12-28,1048,9182,702,8106,346,1076,0,0,1048,9180,0,1,1048,9181,California
San Mateo,2020-12-29,1125,10307,704,8810,421,1497,0,0,1125,10305,0,1,1125,10306,California
San Mateo,2020-12-30,1264,11571,763,9573,501,1998,0,0,1264,11569,0,1,1264,11570,California
San Mateo,2020-12-31,718,12289,233,9806,485,2483,0,0,717,12285,1,2,717,12287,California
San Mateo,2021-01-01,35,12324,30,9836,5,2488,0,0,35,12320,0,2,35,12322,California
San Mateo,2021-01-02,397,12721,268,10104,129,2617,0,0,397,12717,0,2,397,12719,California
San Mateo,2021-01-03,283,13004,208,10312,75,2692,0,0,280,12994,3,5,280,12999,California
San Mateo,2021-01-04,1054,14058,681,10993,373,3065,0,0,1054,14048,0,5,1054,14053,California
San Mateo,2021-01-05,1194,15252,703,11696,491,3556,0,0,1166,15187,28,33,1167,15220,California
San Mateo,2021-01-06,1443,16695,947,12643,496,4052,0,0,1265,16278,175,208,1266,16486,California
San Mateo,2021-01-07,1448,18143,804,13447,644,4696,0,0,1162,17162,279,487,1163,17649,California
San Mateo,2021-01-08,1834,19977,1188,14635,646,5342,0,0,1136,17608,691,1178,1137,18786,California
San Mateo,2021-01-09,1174,21151,773,15408,401,5743,0,0,720,17874,454,1632,720,19506,California
San Mateo,2021-01-10,697,21848,569,15977,128,5871,0,0,262,17701,435,2067,262,19768,California
San Mateo,2021-01-11,2580,24428,1477,17454,1103,6974,0,0,1522,18165,1059,3126,1523,21291,California
San Mateo,2021-01-12,3276,27704,1771,19225,1505,8479,0,0,2095,19083,1179,4305,2097,23388,California
San Mateo,2021-01-13,3465,31169,1747,20972,1718,10197,0,0,2433,20487,1032,5337,2436,25824,California
San Mateo,2021-01-14,3772,34941,1579,22551,2193,12390,0,0,3087,22895,685,6022,3093,28917,California
San Mateo,2021-01-15,4326,39267,1709,24260,2617,15007,0,0,3799,26170,525,6547,3800,32717,California
San Mateo,2021-01-16,3071,42338,774,25034,2297,17304,0,0,2752,28603,319,6866,2752,35469,California
San Mateo,2021-01-17,1309,43647,309,25343,1000,18304,0,0,1101,29496,208,7074,1101,36570,California
San Mateo,2021-01-18,1361,45008,530,25873,831,19135,0,0,988,30118,370,7444,992,37562,California
San Mateo,2021-01-19,2796,47804,1781,27654,1015,20150,0,0,2007,31338,787,8231,2007,39569,California
San Mateo,2021-01-20,2654,50458,1403,29057,1251,21401,0,0,1807,32302,844,9075,1808,41377,California
San Mateo,2021-01-21,2820,53278,1280,30337,1540,22941,0,0,2239,33964,580,9655,2242,43619,California
San Mateo,2021-01-22,2794,56072,1130,31467,1664,24605,0,0,2495,36163,297,9952,2496,46115,California
San Mateo,2021-01-23,2879,58951,1686,33153,1193,25798,0,0,2518,38321,361,10313,2519,48634,California
San Mateo,2021-01-24,1522,60473,375,33528,1147,26945,0,0,1212,39224,309,10622,1212,49846,California
San Mateo,2021-01-25,4425,64898,3146,36674,1279,28224,0,0,3533,41869,890,11512,3535,53381,California
San Mateo,2021-01-26,4284,69182,2980,39654,1304,29528,0,0,3385,44356,898,12410,3385,56766,California
San Mateo,2021-01-27,2772,71954,1457,41111,1315,30843,0,0,1782,45155,984,13394,1783,58549,California
San Mateo,2021-01-28,2780,74734,1342,42453,1438,32281,0,0,1936,46262,829,14223,1936,60485,California
San Mateo,2021-01-29,2967,77701,1327,43780,1640,33921,0,0,2138,47577,826,15049,2141,62626,California
San Mateo,2021-01-30,3370,81071,1472,45252,1898,35819,0,0,2914,50037,455,15504,2915,65541,California
San Mateo,2021-01-31,1684,82755,898,46150,786,36605,0,0,1522,51399,160,15664,1522,67063,California
San Mateo,2021-02-01,2915,85670,1338,47488,1577,38182,0,0,2209,52906,703,16367,2210,69273,California
San Mateo,2021-02-02,3158,88828,1725,49213,1433,39615,0,0,2149,54049,1006,17373,2149,71422,California
San Mateo,2021-02-03,4869,93697,1941,51154,2928,42543,0,0,3821,56826,1045,18418,3822,75244,California
San Mateo,2021-02-04,6270,99967,2579,53733,3691,46234,0,0,4918,60401,1346,19764,4921,80165,California
San Mateo,2021-02-05,6778,106745,2549,56282,4229,50463,0,0,4953,63547,1808,21572,4954,85119,California
San Mateo,2021-02-06,3281,110026,1919,58201,1362,51825,0,0,2619,65510,661,22233,2624,87743,California
San Mateo,2021-02-07,1895,111921,1342,59543,553,52378,0,0,1708,67032,187,22420,1709,89452,California
San Mateo,2021-02-08,5272,117193,2242,61785,3030,55408,0,0,3101,68025,2108,24528,3101,92553,California
San Mateo,2021-02-09,6163,123356,3215,65000,2948,58356,0,0,3331,68528,2828,27356,3331,95884,California
San Mateo,2021-02-10,6485,129841,3271,68271,3214,61570,0,0,3536,69124,2940,30296,3536,99420,California
San Mateo,2021-02-11,7017,136858,3563,71834,3454,65024,0,0,3807,69732,3202,33498,3810,103230,California
San Mateo,2021-02-12,6606,143464,2947,74781,3659,68683,0,0,4701,72535,1901,35399,4704,107934,California
San Mateo,2021-02-13,6078,149542,3988,78769,2090,70773,0,0,2636,71733,3438,38837,2636,110570,California
San Mateo,2021-02-14,4628,154170,3015,81784,1613,72386,0,0,1977,71063,2648,41485,1978,112548,California
San Mateo,2021-02-15,3158,157328,1456,83240,1702,74088,0,0,1786,71482,1369,42854,1788,114336,California
San Mateo,2021-02-16,7139,164467,1868,85108,5271,79359,0,0,5275,74898,1863,44717,5279,119615,California
San Mateo,2021-02-17,7045,171512,1930,87038,5115,84474,0,0,5062,77984,1978,46695,5064,124679,California
San Mateo,2021-02-18,6670,178182,4618,91656,2052,86526,0,0,4436,80191,2231,48926,4438,129117,California
San Mateo,2021-02-19,7807,185989,5605,97261,2202,88728,0,0,5822,84035,1979,50905,5823,134940,California
San Mateo,2021-02-20,3727,189716,2410,99671,1317,90045,0,0,2308,84930,1413,52318,2308,137248,California
San Mateo,2021-02-21,2288,192004,1448,101119,840,90885,0,0,1246,85137,1040,53358,1247,138495,California
San Mateo,2021-02-22,4407,196411,3185,104304,1222,92107,0,0,2782,86301,1619,54977,2783,141278,California
San Mateo,2021-02-23,4278,200689,3039,107343,1239,93346,0,0,2482,86992,1791,56768,2482,143760,California
San Mateo,2021-02-24,7270,207959,3248,110591,4022,97368,0,0,4853,89433,2412,59180,4853,148613,California
San Mateo,2021-02-25,9043,217002,4001,114592,5042,102410,0,0,6002,92409,3026,62206,6002,154615,California
San Mateo,2021-02-26,9729,226731,3699,118291,6030,108440,0,0,6815,96323,2902,65108,6816,161431,California
San Mateo,2021-02-27,6678,233409,3412,121703,3265,111705,1,1,3632,96921,3041,68149,3639,165070,California
San Mateo,2021-02-28,4122,237531,2501,124204,1621,113326,0,1,2557,97917,1562,69711,2558,167628,California
San Mateo,2021-03-01,5621,243152,3514,127718,2107,115433,0,1,2783,97871,2829,72540,2783,170411,California
San Mateo,2021-03-02,5720,248872,3942,131660,1777,117210,1,2,3290,98745,2418,74958,3292,173703,California
San Mateo,2021-03-03,8156,257028,3828,135488,4327,121537,1,3,3480,97559,4667,79625,3481,177184,California
San Mateo,2021-03-04,8327,265355,3919,139407,4406,125943,2,5,3776,96803,4537,84162,3781,180965,California
San Mateo,2021-03-05,9026,274381,5956,145363,3067,129010,3,8,6380,100564,2626,86788,6387,187352,California
San Mateo,2021-03-06,7789,282170,5396,150759,2217,131227,176,184,5690,104337,2092,88880,5865,193217,California
San Mateo,2021-03-07,3417,285587,2264,153023,1086,132313,67,251,1958,104906,1456,90336,2025,195242,California
San Mateo,2021-03-08,4346,289933,2418,155441,1731,134044,197,448,3150,107064,1190,91526,3348,198590,California
San Mateo,2021-03-09,4500,294433,2100,157541,2129,136173,271,719,2970,108782,1523,93049,3241,201831,California
San Mateo,2021-03-10,6924,301357,2627,160168,4014,140187,283,1002,4590,111333,2322,95371,4873,206704,California
San Mateo,2021-03-11,9104,310461,5704,165872,3021,143208,379,1381,3722,110077,5357,100728,4101,210805,California
San Mateo,2021-03-12,10395,320856,6574,172446,3457,146665,364,1745,3465,106989,6918,107646,3830,214635,California
San Mateo,2021-03-13,7993,328849,3395,175841,2976,149641,1622,3367,3856,108333,4130,111776,5474,220109,California
San Mateo,2021-03-14,4905,333754,3294,179135,1505,151146,106,3473,2906,109351,1994,113770,3012,223121,California
San Mateo,2021-03-15,7085,340839,4558,183693,2353,153499,174,3647,3746,109937,3334,117104,3920,227041,California
San Mateo,2021-03-16,11833,352672,4332,188025,7379,160878,122,3769,4809,107864,7007,124111,4934,231975,California
San Mateo,2021-03-17,10714,363386,4344,192369,6246,167124,124,3893,4827,106953,5867,129978,4956,236931,California
San Mateo,2021-03-18,7155,370541,3997,196366,2975,170099,183,4076,4248,108481,2904,132882,4432,241363,California
San Mateo,2021-03-19,7309,377850,4696,201062,1949,172048,664,4740,3578,109000,3724,136606,4243,245606,California
San Mateo,2021-03-20,8201,386051,6402,207464,1474,173522,325,5065,5345,111829,2841,139447,5670,251276,California
San Mateo,2021-03-21,4121,390172,3117,210581,773,174295,231,5296,2329,112601,1783,141230,2555,253831,California
San Mateo,2021-03-22,5167,395339,3517,214098,1231,175526,419,5715,2820,113505,2335,143565,3239,257070,California
San Mateo,2021-03-23,9713,405052,4412,218510,5107,180633,194,5909,4635,113279,5056,148621,4830,261900,California
San Mateo,2021-03-24,9383,414435,5405,223915,3839,184472,139,6048,4119,112320,5215,153836,4256,266156,California
San Mateo,2021-03-25,9850,424285,4818,228733,4781,189253,251,6299,4330,111482,5421,159257,4583,270739,California
San Mateo,2021-03-26,11049,435334,7625,236358,3262,192515,162,6461,4407,109444,6607,165864,4569,275308,California
San Mateo,2021-03-27,10333,445667,7901,244259,2331,194846,101,6562,4638,108505,5675,171539,4736,280044,California
San Mateo,2021-03-28,4185,449852,2699,246958,1375,196221,111,6673,2088,108616,2089,173628,2200,282244,California
San Mateo,2021-03-29,5964,455816,3719,250677,1995,198216,250,6923,2823,108564,3125,176753,3073,285317,California
San Mateo,2021-03-30,6994,462810,3961,254638,2889,201105,144,7067,4454,110635,2528,179281,4599,289916,California
San Mateo,2021-03-31,7121,469931,4514,259152,2470,203575,137,7204,4079,111821,3030,182311,4216,294132,California
San Mateo,2021-04-01,10263,480194,5034,264186,4065,207640,1164,8368,5529,113812,4701,187012,6692,300824,California
San Mateo,2021-04-02,10506,490700,5009,269195,3938,211578,1559,9927,5530,115943,4958,191970,7089,307913,California
San Mateo,2021-04-03,9525,500225,5392,274587,2414,213992,1719,11646,4785,117717,4732,196702,6506,314419,California
San Mateo,2021-04-04,5260,505485,2519,277106,1539,215531,1202,12848,1639,116947,3611,200313,2841,317260,California
San Mateo,2021-04-05,8635,514120,4511,281617,2405,217936,1719,14567,3638,117316,4988,205301,5357,322617,California
San Mateo,2021-04-06,12663,526783,7762,289379,3041,220977,1860,16427,7077,120681,5575,210876,8940,331557,California
San Mateo,2021-04-07,11299,538082,5182,294561,4440,225417,1677,18104,4812,120695,6471,217347,6485,338042,California
San Mateo,2021-04-08,9571,547653,4691,299252,2360,227777,2520,20624,4179,122011,5378,222725,6694,344736,California
San Mateo,2021-04-09,5186,552839,2189,301441,2375,230152,622,21246,2750,122958,2425,225150,3372,348108,California
Santa Barbara,2020-12-15,2,2,2,2,0,0,0,0,2,2,0,0,2,2,California
Santa Barbara,2020-12-16,2,4,2,4,0,0,0,0,2,4,0,0,2,4,California
Santa Barbara,2020-12-17,53,57,53,57,0,0,0,0,53,57,0,0,53,57,California
Santa Barbara,2020-12-18,378,435,377,434,1,1,0,0,378,435,0,0,378,435,California
Santa Barbara,2020-12-19,325,760,325,759,0,1,0,0,325,760,0,0,325,760,California
Santa Barbara,2020-12-20,235,995,235,994,0,1,0,0,235,995,0,0,235,995,California
Santa Barbara,2020-12-21,651,1646,649,1643,2,3,0,0,651,1646,0,0,651,1646,California
Santa Barbara,2020-12-22,243,1889,241,1884,2,5,0,0,243,1889,0,0,243,1889,California
Santa Barbara,2020-12-23,320,2209,202,2086,118,123,0,0,320,2209,0,0,320,2209,California
Santa Barbara,2020-12-24,87,2296,40,2126,47,170,0,0,87,2296,0,0,87,2296,California
Santa Barbara,2020-12-26,326,2622,66,2192,260,430,0,0,326,2622,0,0,326,2622,California
Santa Barbara,2020-12-27,62,2684,1,2193,61,491,0,0,62,2684,0,0,62,2684,California
Santa Barbara,2020-12-28,353,3037,220,2413,133,624,0,0,353,3037,0,0,353,3037,California
Santa Barbara,2020-12-29,552,3589,360,2773,192,816,0,0,552,3589,0,0,552,3589,California
Santa Barbara,2020-12-30,584,4173,404,3177,180,996,0,0,584,4173,0,0,584,4173,California
Santa Barbara,2020-12-31,238,4411,112,3289,126,1122,0,0,238,4411,0,0,238,4411,California
Santa Barbara,2021-01-01,107,4518,106,3395,1,1123,0,0,107,4518,0,0,107,4518,California
Santa Barbara,2021-01-02,586,5104,223,3618,363,1486,0,0,586,5104,0,0,586,5104,California
Santa Barbara,2021-01-03,23,5127,15,3633,8,1494,0,0,23,5127,0,0,23,5127,California
Santa Barbara,2021-01-04,307,5434,244,3877,63,1557,0,0,306,5433,0,0,306,5433,California
Santa Barbara,2021-01-05,751,6185,378,4255,373,1930,0,0,724,6130,27,27,724,6157,California
Santa Barbara,2021-01-06,654,6839,274,4529,380,2310,0,0,595,6667,58,85,595,6752,California
Santa Barbara,2021-01-07,1029,7868,706,5235,323,2633,0,0,524,6690,501,586,524,7276,California
Santa Barbara,2021-01-08,1202,9070,839,6074,363,2996,0,0,708,6904,494,1080,708,7984,California
Santa Barbara,2021-01-09,567,9637,293,6367,274,3270,0,0,321,6979,246,1326,321,8305,California
Santa Barbara,2021-01-10,62,9699,50,6417,12,3282,0,0,46,7009,16,1342,46,8351,California
Santa Barbara,2021-01-11,837,10536,668,7085,169,3451,0,0,614,7401,222,1564,614,8965,California
Santa Barbara,2021-01-12,1427,11963,634,7719,793,4244,0,0,1271,8516,156,1720,1271,10236,California
Santa Barbara,2021-01-13,1226,13189,280,7999,946,5190,0,0,1100,9490,126,1846,1100,11336,California
Santa Barbara,2021-01-14,1247,14436,134,8133,1113,6303,0,0,1193,10631,53,1899,1194,12530,California
Santa Barbara,2021-01-15,1798,16234,418,8551,1380,7683,0,0,1718,12270,79,1978,1718,14248,California
Santa Barbara,2021-01-16,1273,17507,202,8753,1071,8754,0,0,1234,13466,38,2016,1234,15482,California
Santa Barbara,2021-01-17,123,17630,20,8773,103,8857,0,0,120,13583,3,2019,120,15602,California
Santa Barbara,2021-01-18,1147,18777,417,9190,730,9587,0,0,962,14360,185,2204,962,16564,California
Santa Barbara,2021-01-19,1635,20412,566,9756,1069,10656,0,0,1356,15438,278,2482,1356,17920,California
Santa Barbara,2021-01-20,1986,22398,444,10200,1542,12198,0,0,1694,16841,291,2773,1694,19614,California
Santa Barbara,2021-01-21,3085,25483,1817,12017,1268,13466,0,0,2931,19619,154,2927,2932,22546,California
Santa Barbara,2021-01-22,2998,28481,1850,13867,1148,14614,0,0,2853,22330,142,3069,2853,25399,California
Santa Barbara,2021-01-23,1735,30216,1107,14974,628,15242,0,0,1226,23048,508,3577,1226,26625,California
Santa Barbara,2021-01-24,844,31060,753,15727,91,15333,0,0,836,23876,8,3585,836,27461,California
Santa Barbara,2021-01-25,1234,32294,495,16222,739,16072,0,0,998,24638,236,3821,998,28459,California
Santa Barbara,2021-01-26,2034,34328,460,16682,1574,17646,0,0,1650,25906,382,4203,1650,30109,California
Santa Barbara,2021-01-27,1153,35481,398,17080,755,18401,0,0,898,26551,254,4457,899,31008,California
Santa Barbara,2021-01-28,887,36368,292,17372,595,18996,0,0,677,27021,207,4664,677,31685,California
Santa Barbara,2021-01-29,1333,37701,539,17911,794,19790,0,0,980,27653,350,5014,982,32667,California
Santa Barbara,2021-01-30,1889,39590,1418,19329,471,20261,0,0,1485,28738,401,5415,1486,34153,California
Santa Barbara,2021-01-31,1459,41049,1221,20550,238,20499,0,0,1420,30119,39,5454,1420,35573,California
Santa Barbara,2021-02-01,932,41981,517,21067,415,20914,0,0,545,30277,387,5841,545,36118,California
Santa Barbara,2021-02-02,1814,43795,698,21765,1116,22030,0,0,1039,30543,773,6614,1039,37157,California
Santa Barbara,2021-02-03,1942,45737,1077,22842,865,22895,0,0,1501,31613,431,7045,1501,38658,California
Santa Barbara,2021-02-04,2775,48512,1860,24702,915,23810,0,0,2480,33803,290,7335,2480,41138,California
Santa Barbara,2021-02-05,2905,51417,2059,26761,846,24656,0,0,2261,35421,643,7978,2261,43399,California
Santa Barbara,2021-02-06,1208,52625,339,27100,869,25525,0,0,797,35807,411,8389,797,44196,California
Santa Barbara,2021-02-07,298,52923,262,27362,36,25561,0,0,264,36038,33,8422,264,44460,California
Santa Barbara,2021-02-08,956,53879,312,27674,644,26205,0,0,670,36422,286,8708,670,45130,California
Santa Barbara,2021-02-09,2443,56322,315,27989,2128,28333,0,0,1123,36234,1311,10019,1123,46253,California
Santa Barbara,2021-02-10,2757,59079,1494,29483,1263,29596,0,0,802,35088,1948,11967,802,47055,California
Santa Barbara,2021-02-11,4173,63252,2802,32285,1371,30967,0,0,617,32154,3551,15518,617,47672,California
Santa Barbara,2021-02-12,3303,66555,947,33232,2356,33323,0,0,769,30394,2529,18047,769,48441,California
Santa Barbara,2021-02-13,1238,67793,341,33573,897,34220,0,0,563,30285,672,18719,563,49004,California
Santa Barbara,2021-02-14,330,68123,34,33607,296,34516,0,0,284,30523,46,18765,284,49288,California
Santa Barbara,2021-02-15,956,69079,335,33942,621,35137,0,0,489,30549,463,19228,489,49777,California
Santa Barbara,2021-02-16,2110,71189,395,34337,1715,36852,0,0,720,29883,1386,20614,720,50497,California
Santa Barbara,2021-02-17,1431,72620,317,34654,1114,37966,0,0,516,29486,913,21527,516,51013,California
Santa Barbara,2021-02-18,3251,75871,2647,37301,604,38570,0,0,1522,29313,1695,23222,1522,52535,California
Santa Barbara,2021-02-19,3603,79474,2649,39950,954,39524,0,0,2334,30381,1266,24488,2334,54869,California
Santa Barbara,2021-02-20,2223,81697,1436,41386,787,40311,0,0,1671,31509,543,25031,1671,56540,California
Santa Barbara,2021-02-21,126,81823,99,41485,27,40338,0,0,58,31499,68,25099,58,56598,California
Santa Barbara,2021-02-22,935,82758,243,41728,692,41030,0,0,261,31093,667,25766,261,56859,California
Santa Barbara,2021-02-23,3179,85937,1044,42772,2135,43165,0,0,424,28765,2753,28519,425,57284,California
Santa Barbara,2021-02-24,3189,89126,1089,43861,2100,45265,0,0,720,27025,2460,30979,720,58004,California
Santa Barbara,2021-02-25,3449,92575,1915,45776,1534,46799,0,0,985,25553,2458,33437,986,58990,California
Santa Barbara,2021-02-26,3656,96231,2173,47949,1483,48282,0,0,1977,25857,1673,35110,1977,60967,California
Santa Barbara,2021-02-27,1527,97758,562,48511,965,49247,0,0,848,26033,674,35784,850,61817,California
Santa Barbara,2021-02-28,1076,98834,216,48727,860,50107,0,0,886,26734,186,35970,887,62704,California
Santa Barbara,2021-03-01,1614,100448,459,49186,1155,51262,0,0,1079,27282,532,36502,1080,63784,California
Santa Barbara,2021-03-02,2515,102963,399,49585,2116,53378,0,0,2030,28838,475,36977,2031,65815,California
Santa Barbara,2021-03-03,4591,107554,2090,51675,2499,55877,2,2,4000,32261,581,37558,4004,69819,California
Santa Barbara,2021-03-04,3391,110945,2271,53946,1120,56997,0,2,2844,34564,541,38099,2844,72663,California
Santa Barbara,2021-03-05,3792,114737,2142,56088,1591,58588,59,61,3079,36995,707,38806,3138,75801,California
Santa Barbara,2021-03-06,2407,117144,709,56797,1491,60079,207,268,1657,38110,748,39554,1863,77664,California
Santa Barbara,2021-03-07,560,117704,123,56920,308,60387,129,397,383,38447,176,39730,513,78177,California
Santa Barbara,2021-03-08,1566,119270,369,57289,855,61242,342,739,788,38803,773,40503,1129,79306,California
Santa Barbara,2021-03-09,2766,122036,323,57612,1674,62916,769,1508,720,38245,2044,42547,1486,80792,California
Santa Barbara,2021-03-10,2744,124780,538,58150,1159,64075,1047,2555,1030,38612,1710,44257,2077,82869,California
Santa Barbara,2021-03-11,5547,130327,3027,61177,1418,65493,1102,3657,2265,38705,3272,47529,3365,86234,California
Santa Barbara,2021-03-12,3600,133927,2083,63260,1101,66594,416,4073,2167,39861,1427,48956,2583,88817,California
Santa Barbara,2021-03-13,3432,137359,1908,65168,1319,67913,205,4278,2687,42011,743,49699,2893,91710,California
Santa Barbara,2021-03-14,759,138118,357,65525,345,68258,57,4335,444,42197,315,50014,501,92211,California
Santa Barbara,2021-03-15,2088,140206,688,66213,1111,69369,289,4624,1254,42907,831,50845,1541,93752,California
Santa Barbara,2021-03-16,3714,143920,1165,67378,2208,71577,341,4965,2731,44999,980,51825,3072,96824,California
Santa Barbara,2021-03-17,3270,147190,965,68343,1905,73482,400,5365,2285,46700,983,52808,2684,99508,California
Santa Barbara,2021-03-18,4317,151507,2780,71123,1337,74819,200,5565,3119,48831,1188,53996,3319,102827,California
Santa Barbara,2021-03-19,4415,155922,2755,73878,1329,76148,331,5896,3023,50800,1386,55382,3355,106182,California
Santa Barbara,2021-03-20,2146,158068,819,74697,1318,77466,9,5905,1312,51289,832,56214,1321,107503,California
Santa Barbara,2021-03-21,1143,159211,375,75072,739,78205,29,5934,821,51819,320,56534,850,108353,California
Santa Barbara,2021-03-22,2761,161972,1902,76974,816,79021,43,5977,2213,53533,542,57076,2256,110609,California
Santa Barbara,2021-03-23,4443,166415,2236,79210,2112,81133,95,6072,3689,56571,745,57821,3783,114392,California
Santa Barbara,2021-03-24,5361,171776,3138,82348,1490,82623,733,6805,2939,57839,2403,60224,3671,118063,California
Santa Barbara,2021-03-25,5477,177253,3259,85607,2037,84660,181,6986,2729,58014,2735,62959,2910,120973,California
Santa Barbara,2021-03-26,5058,182311,3215,88822,1546,86206,297,7283,2224,57717,2818,65777,2521,123494,California
Santa Barbara,2021-03-27,2924,185235,1219,90041,1663,87869,42,7325,1608,58055,1311,67088,1649,125143,California
Santa Barbara,2021-03-28,2762,187997,1649,91690,1085,88954,28,7353,1883,59090,876,67964,1911,127054,California
Santa Barbara,2021-03-29,4039,192036,2088,93778,1882,90836,69,7422,3236,61597,798,68762,3305,130359,California
Santa Barbara,2021-03-30,6774,198810,3501,97279,3126,93962,147,7569,4556,64095,2204,70966,4702,135061,California
Santa Barbara,2021-03-31,8613,207423,5486,102765,3063,97025,64,7633,5083,65727,3516,74482,5148,140209,California
Santa Barbara,2021-04-01,6872,214295,5077,107842,1547,98572,248,7881,4050,67214,2809,77291,4296,144505,California
Santa Barbara,2021-04-02,6565,220860,4528,112370,1466,100038,571,8452,3387,68000,3171,80462,3957,148462,California
Santa Barbara,2021-04-03,3773,224633,2098,114468,1606,101644,69,8521,2491,69281,1278,81740,2559,151021,California
Santa Barbara,2021-04-04,891,225524,440,114908,413,102057,38,8559,493,69417,395,82135,531,151552,California
Santa Barbara,2021-04-05,3421,228945,2262,117170,909,102966,250,8809,2145,70540,1272,83407,2395,153947,California
Santa Barbara,2021-04-06,5073,234018,2744,119914,1880,104846,449,9258,3128,72182,1931,85338,3573,157520,California
Santa Barbara,2021-04-07,5646,239664,3081,122995,2051,106897,514,9772,3808,74662,1829,87167,4309,161829,California
Santa Barbara,2021-04-08,6893,246557,4770,127765,604,107501,1519,11291,3150,75590,3739,90906,4667,166496,California
Santa Barbara,2021-04-09,3167,249724,2139,129904,563,108064,465,11756,817,74525,2345,93251,1280,167776,California
Santa Clara,2020-12-15,64,64,64,64,0,0,0,0,64,64,0,0,64,64,California
Santa Clara,2020-12-16,135,199,135,199,0,0,0,0,135,199,0,0,135,199,California
Santa Clara,2020-12-17,388,587,388,587,0,0,0,0,388,587,0,0,388,587,California
Santa Clara,2020-12-18,1668,2255,1668,2255,0,0,0,0,1668,2255,0,0,1668,2255,California
Santa Clara,2020-12-19,2073,4328,2073,4328,0,0,0,0,2072,4327,0,0,2072,4327,California
Santa Clara,2020-12-20,1898,6226,1892,6220,6,6,0,0,1895,6222,0,0,1895,6222,California
Santa Clara,2020-12-21,2669,8895,2669,8889,0,6,0,0,2667,8889,0,0,2667,8889,California
Santa Clara,2020-12-22,3126,12021,3117,12006,9,15,0,0,3123,12012,0,0,3123,12012,California
Santa Clara,2020-12-23,3256,15277,3071,15077,185,200,0,0,3254,15266,0,0,3254,15266,California
Santa Clara,2020-12-24,1898,17175,1711,16788,187,387,0,0,1892,17157,1,1,1892,17158,California
Santa Clara,2020-12-25,343,17518,342,17130,1,388,0,0,343,17500,0,1,343,17501,California
Santa Clara,2020-12-26,1263,18781,1031,18161,232,620,0,0,1262,18762,0,1,1262,18763,California
Santa Clara,2020-12-27,646,19427,507,18668,139,759,0,0,646,19408,0,1,646,19409,California
Santa Clara,2020-12-28,2333,21760,1730,20398,603,1362,0,0,2333,21741,0,1,2333,21742,California
Santa Clara,2020-12-29,2325,24085,1464,21862,861,2223,0,0,2323,24064,0,1,2323,24065,California
Santa Clara,2020-12-30,2988,27073,1898,23760,1090,3313,0,0,2986,27048,2,3,2986,27051,California
Santa Clara,2020-12-31,1207,28280,389,24149,818,4131,0,0,1206,28253,1,4,1206,28257,California
Santa Clara,2021-01-01,135,28415,6,24155,129,4260,0,0,135,28388,0,4,135,28392,California
Santa Clara,2021-01-02,1081,29496,813,24968,268,4528,0,0,1081,29469,0,4,1081,29473,California
Santa Clara,2021-01-03,585,30081,370,25338,215,4743,0,0,580,30046,3,7,580,30053,California
Santa Clara,2021-01-04,2465,32546,1664,27002,801,5544,0,0,2463,32509,0,7,2463,32516,California
Santa Clara,2021-01-05,3057,35603,2002,29004,1055,6599,0,0,2870,35197,186,193,2874,35390,California
Santa Clara,2021-01-06,3314,38917,1953,30957,1361,7960,0,0,2740,37368,570,763,2741,38131,California
Santa Clara,2021-01-07,4215,43132,2553,33510,1662,9622,0,0,3152,39472,1053,1816,3157,41288,California
Santa Clara,2021-01-08,5841,48973,3821,37331,2020,11642,0,0,3790,41215,2047,3863,3790,45078,California
Santa Clara,2021-01-09,2965,51938,1859,39190,1106,12748,0,0,1685,41622,1280,5143,1687,46765,California
Santa Clara,2021-01-10,1951,53889,1506,40696,445,13193,0,0,741,41154,1209,6352,741,47506,California
Santa Clara,2021-01-11,5933,59822,3730,44426,2203,15396,0,0,3373,41973,2559,8911,3378,50884,California
Santa Clara,2021-01-12,6792,66614,3394,47820,3398,18794,0,0,4552,44288,2238,11149,4553,55437,California
Santa Clara,2021-01-13,7357,73971,3034,50854,4323,23117,0,0,5191,47317,2163,13312,5192,60629,California
Santa Clara,2021-01-14,8226,82197,2790,53644,5436,28553,0,0,6487,52071,1734,15046,6488,67117,California
Santa Clara,2021-01-15,9438,91635,2682,56326,6756,35309,0,0,8125,58890,1310,16356,8129,75246,California
Santa Clara,2021-01-16,4281,95916,1214,57540,3067,38376,0,0,3449,61512,827,17183,3449,78695,California
Santa Clara,2021-01-17,3210,99126,600,58140,2610,40986,0,0,2714,63730,496,17679,2714,81409,California
Santa Clara,2021-01-18,5090,104216,1150,59290,3940,44926,0,0,4537,67715,553,18232,4538,85947,California
Santa Clara,2021-01-19,8446,112662,2649,61939,5797,50723,0,0,6773,72825,1670,19902,6780,92727,California
Santa Clara,2021-01-20,7986,120648,4014,65953,3972,54695,0,0,6450,77744,1531,21433,6450,99177,California
Santa Clara,2021-01-21,8538,129186,3629,69582,4909,59604,0,0,7389,83988,1147,22580,7391,106568,California
Santa Clara,2021-01-22,8574,137760,3201,72783,5373,64977,0,0,8009,91435,564,23144,8011,114579,California
Santa Clara,2021-01-23,3778,141538,1684,74467,2094,67071,0,0,2821,93300,957,24101,2822,117401,California
Santa Clara,2021-01-24,2822,144360,1421,75888,1401,68472,0,0,2335,95150,485,24586,2335,119736,California
Santa Clara,2021-01-25,8352,152712,3774,79662,4578,73050,0,0,6298,99405,2047,26633,6302,126038,California
Santa Clara,2021-01-26,8202,160914,3738,83400,4464,77514,0,0,6098,103412,2094,28727,6101,132139,California
Santa Clara,2021-01-27,8654,169568,3793,87193,4861,82375,0,0,6744,108268,1889,30616,6745,138884,California
Santa Clara,2021-01-28,9405,178973,3762,90955,5643,88018,0,0,7458,113803,1927,32543,7462,146346,California
Santa Clara,2021-01-29,9470,188443,3919,94874,5551,93569,0,0,7311,118964,2151,34694,7312,153658,California
Santa Clara,2021-01-30,4159,192602,2057,96931,2102,95671,0,0,2958,120726,1197,35891,2959,156617,California
Santa Clara,2021-01-31,2165,194767,1301,98232,864,96535,0,0,1576,121716,586,36477,1576,158193,California
Santa Clara,2021-02-01,7826,202593,3479,101711,4347,100882,0,0,6140,126177,1680,38157,6141,164334,California
Santa Clara,2021-02-02,8068,210661,2867,104578,5201,106083,0,0,6084,130284,1980,40137,6087,170421,California
Santa Clara,2021-02-03,9190,219851,3481,108059,5709,111792,0,0,6926,134957,2259,42396,6932,177353,California
Santa Clara,2021-02-04,10553,230404,4108,112167,6445,118237,0,0,8277,140970,2267,44663,8280,185633,California
Santa Clara,2021-02-05,11893,242297,4334,116501,7559,125796,0,0,8438,145973,3440,48103,8443,194076,California
Santa Clara,2021-02-06,5163,247460,2801,119302,2362,128158,0,0,4008,148831,1152,49255,4010,198086,California
Santa Clara,2021-02-07,3473,250933,2348,121650,1125,129283,0,0,3023,151407,448,49703,3024,201110,California
Santa Clara,2021-02-08,9998,260931,3474,125124,6524,135807,0,0,7289,156002,2695,52398,7290,208400,California
Santa Clara,2021-02-09,10766,271697,3802,128926,6964,142771,0,0,7298,159845,3458,55856,7301,215701,California
Santa Clara,2021-02-10,12621,284318,4891,133817,7730,150501,0,0,6904,161047,5705,61561,6907,222608,California
Santa Clara,2021-02-11,13157,297475,4632,138449,8525,159026,0,0,7424,162752,5720,67281,7425,230033,California
Santa Clara,2021-02-12,14516,311991,4473,142922,10043,169069,0,0,7011,162279,7488,74769,7015,237048,California
Santa Clara,2021-02-13,6065,318056,1445,144367,4620,173689,0,0,2213,160647,3847,78616,2215,239263,California
Santa Clara,2021-02-14,4615,322671,1140,145507,3475,177164,0,0,1477,158989,3137,81753,1479,240742,California
Santa Clara,2021-02-15,6228,328899,2779,148286,3449,180613,0,0,2697,158161,3525,85278,2697,243439,California
Santa Clara,2021-02-16,13566,342465,3983,152269,9583,190196,0,0,6741,158098,6809,92087,6746,250185,California
Santa Clara,2021-02-17,14047,356512,5485,157754,8562,198758,0,0,7040,158154,6991,99078,7047,257232,California
Santa Clara,2021-02-18,13682,370194,8341,166095,5341,204099,0,0,7010,158516,6651,105729,7013,264245,California
Santa Clara,2021-02-19,14666,384860,9512,175607,5154,209253,0,0,8494,160857,6158,111887,8499,272744,California
Santa Clara,2021-02-20,6805,391665,5093,180700,1712,210965,0,0,3673,161406,3124,115011,3673,276417,California
Santa Clara,2021-02-21,3233,394898,2419,183119,814,211779,0,0,1161,160504,2065,117076,1163,277580,California
Santa Clara,2021-02-22,10125,405023,6068,189187,4057,215836,0,0,4735,159863,5380,122456,4739,282319,California
Santa Clara,2021-02-23,11816,416839,7685,196872,4131,219967,0,0,6697,161457,5108,127564,6702,289021,California
Santa Clara,2021-02-24,14088,430927,9083,205955,5005,224972,0,0,8727,164838,5346,132910,8727,297748,California
Santa Clara,2021-02-25,14072,444999,9226,215181,4846,229818,0,0,7661,166112,6392,139302,7666,305414,California
Santa Clara,2021-02-26,14523,459522,8420,223601,6103,235921,0,0,7999,167615,6498,145800,8001,313415,California
Santa Clara,2021-02-27,8035,467557,5489,229090,2545,238466,1,1,4447,168492,3578,149378,4455,317870,California
Santa Clara,2021-02-28,4714,472271,3068,232158,1646,240112,0,1,2212,168210,2494,151872,2212,320082,California
Santa Clara,2021-03-01,14030,486301,7960,240118,6069,246181,1,2,8682,171562,5331,157203,8683,328765,California
Santa Clara,2021-03-02,13697,499998,8203,248321,5494,251675,0,2,9155,176196,4523,161726,9157,337922,California
Santa Clara,2021-03-03,17908,517906,8848,257169,9059,260734,1,3,10996,180324,6875,168601,11003,348925,California
Santa Clara,2021-03-04,15679,533585,8891,266060,6785,267519,3,6,9220,183126,6422,175023,9224,358149,California
Santa Clara,2021-03-05,16153,549738,9097,275157,6931,274450,125,131,8859,184837,7276,182299,8987,367136,California
Santa Clara,2021-03-06,9311,559049,6253,281410,2624,277074,434,565,7032,190034,2267,184566,7464,374600,California
Santa Clara,2021-03-07,6685,565734,4380,285790,2076,279150,229,794,5328,194243,1349,185915,5558,380158,California
Santa Clara,2021-03-08,12781,578515,6665,292455,5596,284746,520,1314,8211,198422,4555,190470,8734,388892,California
Santa Clara,2021-03-09,14262,592777,6200,298655,6733,291479,1329,2643,6243,197992,8002,198472,7572,396464,California
Santa Clara,2021-03-10,14766,607543,6454,305109,6393,297872,1919,4562,6064,197287,8679,207151,7974,404438,California
Santa Clara,2021-03-11,16389,623932,7699,312808,7219,305091,1471,6033,5670,193730,10694,217845,7137,411575,California
Santa Clara,2021-03-12,17424,641356,8989,321797,6896,311987,1539,7572,5870,189620,11517,229362,7407,418982,California
Santa Clara,2021-03-13,10471,651827,6072,327869,2929,314916,1470,9042,4608,189850,5842,235204,6072,425054,California
Santa Clara,2021-03-14,6457,658284,3330,331199,1826,316742,1301,10343,3183,191069,3261,238465,4480,429534,California
Santa Clara,2021-03-15,12662,670946,6437,337636,5960,322702,265,10608,5902,190497,6740,245205,6168,435702,California
Santa Clara,2021-03-16,17280,688226,10229,347865,6846,329548,205,10813,8292,190027,8965,254170,8495,444197,California
Santa Clara,2021-03-17,19554,707780,11191,359056,8202,337750,161,10974,10080,190839,9429,263599,10241,454438,California
Santa Clara,2021-03-18,18062,725842,8840,367896,8066,345816,1156,12130,8367,190714,9647,273246,9522,463960,California
Santa Clara,2021-03-19,18626,744468,9761,377657,7868,353684,997,13127,9620,192373,8952,282198,10611,474571,California
Santa Clara,2021-03-20,11410,755878,6255,383912,4326,358010,829,13956,6702,195221,4680,286878,7528,482099,California
Santa Clara,2021-03-21,8219,764097,3698,387610,3121,361131,1400,15356,5504,199418,2705,289583,6902,489001,California
Santa Clara,2021-03-22,15942,780039,9008,396618,6591,367722,343,15699,9122,202086,6797,296380,9465,498466,California
Santa Clara,2021-03-23,18847,798886,12108,408726,6279,374001,460,16159,11409,206559,7396,303776,11869,510335,California
Santa Clara,2021-03-24,21650,820536,14352,423078,7151,381152,147,16306,14298,213694,7313,311089,14448,524783,California
Santa Clara,2021-03-25,21908,842444,12792,435870,8326,389478,790,17096,14236,221104,7613,318702,15023,539806,California
Santa Clara,2021-03-26,21427,863871,13804,449674,7239,396717,384,17480,13203,226493,8193,326895,13582,553388,California
Santa Clara,2021-03-27,14926,878797,9955,459629,4211,400928,760,18240,7781,227919,7115,334010,8541,561929,California
Santa Clara,2021-03-28,11940,890737,8251,467880,2973,403901,716,18956,6467,229649,5453,339463,7183,569112,California
Santa Clara,2021-03-29,19923,910660,12322,480202,6877,410778,724,19680,10800,232084,9087,348550,11522,580634,California
Santa Clara,2021-03-30,24954,935614,15123,495325,8181,418959,1650,21330,16458,241730,8461,357011,18107,598741,California
Santa Clara,2021-03-31,19550,955164,11714,507039,6894,425853,942,22272,12480,248104,7043,364054,13417,612158,California
Santa Clara,2021-04-01,30274,985438,19423,526462,8167,434020,2684,24956,19503,259569,10717,374771,22182,634340,California
Santa Clara,2021-04-02,24533,1009971,13977,540439,8465,442485,2091,27047,16268,269692,8232,383003,18355,652695,California
Santa Clara,2021-04-03,14364,1024335,8961,549400,3434,445919,1969,29016,8223,273761,6121,389124,10190,662885,California
Santa Clara,2021-04-04,7405,1031740,3887,553287,2404,448323,1114,30130,3825,275128,3571,392695,4938,667823,California
Santa Clara,2021-04-05,20971,1052711,13865,567152,4701,453024,2405,32535,13590,283766,7355,400050,15993,683816,California
Santa Clara,2021-04-06,27511,1080222,15360,582512,7282,460306,4869,37404,16694,294540,10781,410831,21555,705371,California
Santa Clara,2021-04-07,28531,1108753,15108,597620,7710,468016,5713,43117,17449,306654,11041,421872,23155,728526,California
Santa Clara,2021-04-08,26077,1134830,14933,612553,5475,473491,5669,48786,15230,316753,10787,432659,20886,749412,California
Santa Clara,2021-04-09,18497,1153327,8473,621026,5432,478923,4592,53378,9788,322455,8677,441336,14379,763791,California
Santa Cruz,2020-12-15,2,2,2,2,0,0,0,0,2,2,0,0,2,2,California
Santa Cruz,2020-12-16,57,59,57,59,0,0,0,0,57,59,0,0,57,59,California
Santa Cruz,2020-12-17,389,448,389,448,0,0,0,0,389,448,0,0,389,448,California
Santa Cruz,2020-12-18,465,913,465,913,0,0,0,0,465,913,0,0,465,913,California
Santa Cruz,2020-12-19,178,1091,177,1090,1,1,0,0,178,1091,0,0,178,1091,California
Santa Cruz,2020-12-20,95,1186,95,1185,0,1,0,0,95,1186,0,0,95,1186,California
Santa Cruz,2020-12-21,433,1619,433,1618,0,1,0,0,433,1619,0,0,433,1619,California
Santa Cruz,2020-12-22,424,2043,423,2041,1,2,0,0,424,2043,0,0,424,2043,California
Santa Cruz,2020-12-23,370,2413,328,2369,42,44,0,0,370,2413,0,0,370,2413,California
Santa Cruz,2020-12-24,125,2538,50,2419,75,119,0,0,125,2538,0,0,125,2538,California
Santa Cruz,2020-12-25,11,2549,11,2430,0,119,0,0,11,2549,0,0,11,2549,California
Santa Cruz,2020-12-26,64,2613,45,2475,19,138,0,0,64,2613,0,0,64,2613,California
Santa Cruz,2020-12-27,32,2645,27,2502,5,143,0,0,32,2645,0,0,32,2645,California
Santa Cruz,2020-12-28,483,3128,108,2610,375,518,0,0,483,3128,0,0,483,3128,California
Santa Cruz,2020-12-29,796,3924,370,2980,426,944,0,0,796,3924,0,0,796,3924,California
Santa Cruz,2020-12-30,356,4280,164,3144,192,1136,0,0,356,4280,0,0,356,4280,California
Santa Cruz,2020-12-31,312,4592,11,3155,301,1437,0,0,312,4592,0,0,312,4592,California
Santa Cruz,2021-01-01,32,4624,0,3155,32,1469,0,0,32,4624,0,0,32,4624,California
Santa Cruz,2021-01-02,71,4695,57,3212,14,1483,0,0,71,4695,0,0,71,4695,California
Santa Cruz,2021-01-03,15,4710,7,3219,8,1491,0,0,15,4710,0,0,15,4710,California
Santa Cruz,2021-01-04,281,4991,123,3342,158,1649,0,0,279,4989,0,0,279,4989,California
Santa Cruz,2021-01-05,566,5557,428,3770,138,1787,0,0,264,4951,302,302,264,5253,California
Santa Cruz,2021-01-06,803,6360,670,4440,133,1920,0,0,465,5079,337,639,465,5718,California
Santa Cruz,2021-01-07,539,6899,212,4652,327,2247,0,0,386,5313,153,792,387,6105,California
Santa Cruz,2021-01-08,935,7834,561,5213,374,2621,0,0,487,5353,448,1240,488,6593,California
Santa Cruz,2021-01-09,463,8297,123,5336,340,2961,0,0,409,5708,54,1294,409,7002,California
Santa Cruz,2021-01-10,80,8377,70,5406,10,2971,0,0,21,5670,59,1353,21,7023,California
Santa Cruz,2021-01-11,722,9099,587,5993,135,3106,0,0,192,5332,530,1883,192,7215,California
Santa Cruz,2021-01-12,736,9835,532,6525,204,3310,0,0,493,5582,243,2126,493,7708,California
Santa Cruz,2021-01-13,521,10356,228,6753,293,3603,0,0,437,5938,81,2207,437,8145,California
Santa Cruz,2021-01-14,553,10909,101,6854,452,4055,0,0,487,6359,66,2273,487,8632,California
Santa Cruz,2021-01-15,1456,12365,77,6931,1379,5434,0,0,1392,7689,63,2336,1393,10025,California
Santa Cruz,2021-01-16,427,12792,54,6985,373,5807,0,0,408,8078,19,2355,408,10433,California
Santa Cruz,2021-01-17,297,13089,41,7026,256,6063,0,0,272,8325,25,2380,272,10705,California
Santa Cruz,2021-01-18,1016,14105,105,7131,911,6974,0,0,954,9217,62,2442,954,11659,California
Santa Cruz,2021-01-19,1623,15728,524,7655,1099,8073,0,0,1270,10137,351,2793,1271,12930,California
Santa Cruz,2021-01-20,1235,16963,184,7839,1051,9124,0,0,1038,10981,194,2987,1038,13968,California
Santa Cruz,2021-01-21,1707,18670,200,8039,1507,10631,0,0,1602,12478,106,3093,1603,15571,California
Santa Cruz,2021-01-22,1795,20465,531,8570,1264,11895,0,0,1695,14077,97,3190,1696,17267,California
Santa Cruz,2021-01-23,401,20866,146,8716,255,12150,0,0,341,14359,59,3249,341,17608,California
Santa Cruz,2021-01-24,115,20981,20,8736,95,12245,0,0,97,14438,18,3267,97,17705,California
Santa Cruz,2021-01-25,1057,22038,359,9095,698,12943,0,0,548,14477,509,3776,548,18253,California
Santa Cruz,2021-01-26,1687,23725,245,9340,1442,14385,0,0,1177,15144,510,4286,1177,19430,California
Santa Cruz,2021-01-27,1648,25373,446,9786,1202,15587,0,0,1265,16028,381,4667,1265,20695,California
Santa Cruz,2021-01-28,1745,27118,292,10078,1453,17040,0,0,1469,17222,276,4943,1470,22165,California
Santa Cruz,2021-01-29,1736,28854,490,10568,1246,18286,0,0,1606,18699,129,5072,1606,23771,California
Santa Cruz,2021-01-30,1060,29914,308,10876,752,19038,0,0,927,19493,133,5205,927,24698,California
Santa Cruz,2021-01-31,217,30131,111,10987,106,19144,0,0,203,19682,14,5219,203,24901,California
Santa Cruz,2021-02-01,1232,31363,759,11746,473,19617,0,0,826,20102,406,5625,826,25727,California
Santa Cruz,2021-02-02,1007,32370,130,11876,877,20494,0,0,852,20800,154,5779,852,26579,California
Santa Cruz,2021-02-03,2220,34590,946,12822,1274,21768,0,0,1908,22400,308,6087,1908,28487,California
Santa Cruz,2021-02-04,1834,36424,771,13593,1063,22831,0,0,1497,23561,336,6423,1497,29984,California
Santa Cruz,2021-02-05,3172,39596,794,14387,2378,25209,0,0,2852,26094,319,6742,2852,32836,California
Santa Cruz,2021-02-06,2584,42180,164,14551,2420,27629,0,0,2236,27982,348,7090,2236,35072,California
Santa Cruz,2021-02-07,907,43087,121,14672,786,28415,0,0,889,28853,18,7108,889,35961,California
Santa Cruz,2021-02-08,717,43804,204,14876,513,28928,0,0,517,29171,199,7307,517,36478,California
Santa Cruz,2021-02-09,2375,46179,1057,15933,1318,30246,0,0,2110,31020,261,7568,2110,38588,California
Santa Cruz,2021-02-10,2199,48378,580,16513,1619,31865,0,0,1499,31830,690,8258,1500,40088,California
Santa Cruz,2021-02-11,1853,50231,316,16829,1537,33402,0,0,1328,32635,523,8781,1328,41416,California
Santa Cruz,2021-02-12,3214,53445,421,17250,2793,36195,0,0,1809,33049,1397,10178,1811,43227,California
Santa Cruz,2021-02-13,1709,55154,123,17373,1586,37781,0,0,1296,33932,413,10591,1296,44523,California
Santa Cruz,2021-02-14,1400,56554,70,17443,1330,39111,0,0,1137,34806,263,10854,1137,45660,California
Santa Cruz,2021-02-15,1583,58137,279,17722,1304,40415,0,0,566,34356,1017,11871,567,46227,California
Santa Cruz,2021-02-16,1692,59829,202,17924,1490,41905,0,0,535,33755,1136,13007,535,46762,California
Santa Cruz,2021-02-17,2918,62747,974,18898,1944,43849,0,0,1221,33295,1684,14691,1224,47986,California
Santa Cruz,2021-02-18,2880,65627,638,19536,2242,46091,0,0,1231,32880,1646,16337,1231,49217,California
Santa Cruz,2021-02-19,3265,68892,1145,20681,2120,48211,0,0,2010,33636,1254,17591,2010,51227,California
Santa Cruz,2021-02-20,2381,71273,1496,22177,885,49096,0,0,1888,35031,493,18084,1888,53115,California
Santa Cruz,2021-02-21,823,72096,357,22534,466,49562,0,0,699,35608,122,18206,699,53814,California
Santa Cruz,2021-02-22,1250,73346,968,23502,282,49844,0,0,535,35430,713,18919,535,54349,California
Santa Cruz,2021-02-23,2095,75441,938,24440,1157,51001,0,0,710,34756,1384,20303,710,55059,California
Santa Cruz,2021-02-24,3179,78620,1660,26100,1519,52520,0,0,1210,34001,1965,22268,1210,56269,California
Santa Cruz,2021-02-25,3237,81857,1433,27533,1804,54324,0,0,1783,34337,1447,23715,1783,58052,California
Santa Cruz,2021-02-26,2718,84575,760,28293,1958,56282,0,0,1546,34717,1168,24883,1548,59600,California
Santa Cruz,2021-02-27,2638,87213,931,29224,1707,57989,0,0,1838,35756,799,25682,1838,61438,California
Santa Cruz,2021-02-28,1296,88509,360,29584,936,58925,0,0,1086,36635,207,25889,1086,62524,California
Santa Cruz,2021-03-01,1828,90337,1253,30837,575,59500,0,0,687,36184,1138,27027,687,63211,California
Santa Cruz,2021-03-02,1508,91845,340,31177,1168,60668,0,0,838,36357,668,27695,841,64052,California
Santa Cruz,2021-03-03,2316,94161,598,31775,1718,62386,0,0,1250,36544,1063,28758,1250,65302,California
Santa Cruz,2021-03-04,2998,97159,1403,33178,1594,63980,1,1,2031,37619,958,29716,2033,67335,California
Santa Cruz,2021-03-05,2600,99759,477,33655,2105,66085,18,19,1123,37286,1474,31190,1141,68476,California
Santa Cruz,2021-03-06,3864,103623,1346,35001,2415,68500,103,122,2160,37844,1704,32894,2262,70738,California
Santa Cruz,2021-03-07,1341,104964,127,35128,1139,69639,75,197,550,37679,790,33684,625,71363,California
Santa Cruz,2021-03-08,1051,106015,221,35349,730,70369,100,297,653,38035,397,34081,753,72116,California
Santa Cruz,2021-03-09,1762,107777,235,35584,1380,71749,147,444,696,37815,1063,35144,843,72959,California
Santa Cruz,2021-03-10,3845,111622,2082,37666,1615,73364,148,592,1987,38097,1856,37000,2138,75097,California
Santa Cruz,2021-03-11,2788,114410,1212,38878,1410,74774,166,758,1543,38564,1244,38244,1711,76808,California
Santa Cruz,2021-03-12,2736,117146,887,39765,1562,76336,287,1045,903,37924,1830,40074,1190,77998,California
Santa Cruz,2021-03-13,2271,119417,1321,41086,905,77241,45,1090,1153,38006,1117,41191,1199,79197,California
Santa Cruz,2021-03-14,894,120311,214,41300,666,77907,14,1104,438,38004,453,41644,451,79648,California
Santa Cruz,2021-03-15,1342,121653,474,41774,833,78740,35,1139,573,37846,767,42411,609,80257,California
Santa Cruz,2021-03-16,2311,123964,1088,42862,1183,79923,40,1179,1337,38251,971,43382,1376,81633,California
Santa Cruz,2021-03-17,3857,127821,2232,45094,1615,81538,10,1189,2513,39436,1340,44722,2525,84158,California
Santa Cruz,2021-03-18,3856,131677,2094,47188,1645,83183,117,1306,2068,39836,1785,46507,2185,86343,California
Santa Cruz,2021-03-19,3275,134952,1323,48511,1727,84910,225,1531,1653,40097,1617,48124,1878,88221,California
Santa Cruz,2021-03-20,2166,137118,1617,50128,514,85424,35,1566,1097,40163,1066,49190,1132,89353,California
Santa Cruz,2021-03-21,822,137940,436,50564,265,85689,121,1687,441,40347,379,49569,563,89916,California
Santa Cruz,2021-03-22,1359,139299,844,51408,493,86182,22,1709,938,40890,418,49987,961,90877,California
Santa Cruz,2021-03-23,2554,141853,1436,52844,1069,87251,49,1758,1719,41825,833,50820,1768,92645,California
Santa Cruz,2021-03-24,2994,144847,2007,54851,966,88217,21,1779,1983,42822,1006,51826,2003,94648,California
Santa Cruz,2021-03-25,2606,147453,1327,56178,1247,89464,32,1811,1354,42964,1244,53070,1386,96034,California
Santa Cruz,2021-03-26,3033,150486,1821,57999,1185,90649,27,1838,2061,44087,965,54035,2088,98122,California
Santa Cruz,2021-03-27,3212,153698,2010,60009,1177,91826,25,1863,1508,43927,1694,55729,1534,99656,California
Santa Cruz,2021-03-28,921,154619,567,60576,341,92167,13,1876,488,44001,428,56157,502,100158,California
Santa Cruz,2021-03-29,1943,156562,871,61447,1004,93171,68,1944,1242,44617,694,56851,1310,101468,California
Santa Cruz,2021-03-30,2698,159260,819,62266,1721,94892,158,2102,1738,45554,959,57810,1896,103364,California
Santa Cruz,2021-03-31,4019,163279,2697,64963,1280,96172,42,2144,2075,45731,1940,59750,2117,105481,California
Santa Cruz,2021-04-01,4011,167290,2148,67111,1760,97932,103,2247,2028,45883,1978,61728,2130,107611,California
Santa Cruz,2021-04-02,3150,170440,1434,68545,1537,99469,179,2426,1761,46439,1384,63112,1940,109551,California
Santa Cruz,2021-04-03,2232,172672,1233,69778,890,100359,109,2535,892,46102,1337,64449,1000,110551,California
Santa Cruz,2021-04-04,938,173610,492,70270,391,100750,55,2590,555,46329,383,64832,610,111161,California
Santa Cruz,2021-04-05,2241,175851,798,71068,1291,102041,152,2742,1398,47037,842,65674,1550,112711,California
Santa Cruz,2021-04-06,3365,179216,1672,72740,1343,103384,350,3092,2010,48049,1347,67021,2359,115070,California
Santa Cruz,2021-04-07,4068,183284,1621,74361,2121,105505,326,3418,1862,48033,2204,69225,2188,117258,California
Santa Cruz,2021-04-08,3987,187271,2315,76676,1372,106877,300,3718,2468,49291,1510,70735,2768,120026,California
Santa Cruz,2021-04-09,2420,189691,914,77590,1439,108316,67,3785,1495,49932,922,71657,1563,121589,California
Shasta,2020-12-16,131,131,131,131,0,0,0,0,131,131,0,0,131,131,California
Shasta,2020-12-17,417,548,417,548,0,0,0,0,417,548,0,0,417,548,California
Shasta,2020-12-18,166,714,166,714,0,0,0,0,166,714,0,0,166,714,California
Shasta,2020-12-19,1,715,1,715,0,0,0,0,1,715,0,0,1,715,California
Shasta,2020-12-21,80,795,80,795,0,0,0,0,80,795,0,0,80,795,California
Shasta,2020-12-22,191,986,186,981,5,5,0,0,191,986,0,0,191,986,California
Shasta,2020-12-23,174,1160,170,1151,4,9,0,0,174,1160,0,0,174,1160,California
Shasta,2020-12-24,18,1178,18,1169,0,9,0,0,18,1178,0,0,18,1178,California
Shasta,2020-12-26,4,1182,1,1170,3,12,0,0,4,1182,0,0,4,1182,California
Shasta,2020-12-27,1,1183,0,1170,1,13,0,0,1,1183,0,0,1,1183,California
Shasta,2020-12-28,40,1223,31,1201,9,22,0,0,40,1223,0,0,40,1223,California
Shasta,2020-12-29,186,1409,185,1386,1,23,0,0,186,1409,0,0,186,1409,California
Shasta,2020-12-30,178,1587,168,1554,10,33,0,0,178,1587,0,0,178,1587,California
Shasta,2020-12-31,83,1670,2,1556,81,114,0,0,83,1670,0,0,83,1670,California
Shasta,2021-01-02,2,1672,0,1556,2,116,0,0,2,1672,0,0,2,1672,California
Shasta,2021-01-03,1,1673,1,1557,0,116,0,0,1,1673,0,0,1,1673,California
Shasta,2021-01-04,346,2019,306,1863,40,156,0,0,347,2020,0,0,347,2020,California
Shasta,2021-01-05,335,2354,314,2177,21,177,0,0,254,2193,81,81,254,2274,California
Shasta,2021-01-06,437,2791,395,2572,42,219,0,0,175,2107,261,342,175,2449,California
Shasta,2021-01-07,116,2907,35,2607,81,300,0,0,95,2181,21,363,95,2544,California
Shasta,2021-01-08,507,3414,447,3054,60,360,0,0,299,2272,208,571,299,2843,California
Shasta,2021-01-09,72,3486,63,3117,9,369,0,0,70,2340,2,573,70,2913,California
Shasta,2021-01-10,5,3491,0,3117,5,374,0,0,4,2344,1,574,5,2918,California
Shasta,2021-01-11,352,3843,185,3302,167,541,0,0,316,2624,36,610,316,3234,California
Shasta,2021-01-12,452,4295,327,3629,125,666,0,0,278,2728,174,784,278,3512,California
Shasta,2021-01-13,541,4836,268,3897,273,939,0,0,371,2929,170,954,371,3883,California
Shasta,2021-01-14,447,5283,51,3948,396,1335,0,0,429,3340,18,972,429,4312,California
Shasta,2021-01-15,634,5917,136,4084,498,1833,0,0,632,3970,2,974,632,4944,California
Shasta,2021-01-16,899,6816,55,4139,844,2677,0,0,896,4863,3,977,896,5840,California
Shasta,2021-01-17,27,6843,6,4145,21,2698,0,0,23,4882,4,981,23,5863,California
Shasta,2021-01-18,600,7443,130,4275,470,3168,0,0,592,5466,8,989,592,6455,California
Shasta,2021-01-19,1018,8461,397,4672,621,3789,0,0,870,6188,148,1137,870,7325,California
Shasta,2021-01-20,676,9137,408,5080,268,4057,0,0,493,6502,179,1316,493,7818,California
Shasta,2021-01-21,629,9766,277,5357,352,4409,0,0,606,7085,23,1339,606,8424,California
Shasta,2021-01-22,445,10211,171,5528,274,4683,0,0,439,7518,6,1345,439,8863,California
Shasta,2021-01-23,68,10279,5,5533,63,4746,0,0,67,7584,1,1346,67,8930,California
Shasta,2021-01-24,25,10304,2,5535,23,4769,0,0,24,7607,1,1347,24,8954,California
Shasta,2021-01-25,749,11053,491,6026,258,5027,0,0,463,7785,285,1632,463,9417,California
Shasta,2021-01-26,707,11760,331,6357,376,5403,0,0,474,8028,231,1863,474,9891,California
Shasta,2021-01-27,458,12218,179,6536,279,5682,0,0,409,8388,49,1912,409,10300,California
Shasta,2021-01-28,854,13072,576,7112,278,5960,0,0,632,8798,222,2134,632,10932,California
Shasta,2021-01-29,831,13903,331,7443,500,6460,0,0,641,9250,190,2324,642,11574,California
Shasta,2021-01-30,618,14521,14,7457,604,7064,0,0,609,9850,9,2333,609,12183,California
Shasta,2021-01-31,28,14549,4,7461,24,7088,0,0,26,9874,2,2335,26,12209,California
Shasta,2021-02-01,502,15051,141,7602,361,7449,0,0,383,10138,119,2454,383,12592,California
Shasta,2021-02-02,936,15987,493,8095,443,7892,0,0,846,10895,89,2543,846,13438,California
Shasta,2021-02-03,675,16662,210,8305,465,8357,0,0,479,11178,196,2739,479,13917,California
Shasta,2021-02-04,1067,17729,662,8967,405,8762,0,0,876,11864,190,2929,876,14793,California
Shasta,2021-02-05,1212,18941,163,9130,1049,9811,0,0,1023,12699,188,3117,1023,15816,California
Shasta,2021-02-06,1729,20670,42,9172,1687,11498,0,0,1704,14379,24,3141,1704,17520,California
Shasta,2021-02-07,25,20695,2,9174,23,11521,0,0,23,14400,2,3143,23,17543,California
Shasta,2021-02-08,541,21236,168,9342,373,11894,0,0,303,14465,238,3381,303,17846,California
Shasta,2021-02-09,1026,22262,651,9993,375,12269,0,0,676,14791,350,3731,676,18522,California
Shasta,2021-02-10,1083,23345,782,10775,301,12570,0,0,593,14894,491,4222,594,19116,California
Shasta,2021-02-11,785,24130,187,10962,598,13168,0,0,304,14722,476,4698,304,19420,California
Shasta,2021-02-12,1663,25793,1144,12106,519,13687,0,0,1170,15399,493,5191,1170,20590,California
Shasta,2021-02-13,1384,27177,368,12474,1016,14703,0,0,572,15158,813,6004,572,21162,California
Shasta,2021-02-14,148,27325,4,12478,144,14847,0,0,124,15258,24,6028,124,21286,California
Shasta,2021-02-15,381,27706,91,12569,290,15137,0,0,212,15301,169,6197,212,21498,California
Shasta,2021-02-16,1084,28790,512,13081,572,15709,0,0,319,14856,764,6961,319,21817,California
Shasta,2021-02-17,994,29784,438,13519,556,16265,0,0,376,14614,618,7579,376,22193,California
Shasta,2021-02-18,874,30658,441,13960,433,16698,0,0,427,14594,447,8026,427,22620,California
Shasta,2021-02-19,1326,31984,934,14894,392,17090,0,0,859,14986,467,8493,859,23479,California
Shasta,2021-02-20,799,32783,87,14981,712,17802,0,0,300,14787,499,8992,300,23779,California
Shasta,2021-02-21,31,32814,2,14983,29,17831,0,0,9,14774,22,9014,9,23788,California
Shasta,2021-02-22,348,33162,74,15057,274,18105,0,0,102,14630,246,9260,102,23890,California
Shasta,2021-02-23,802,33964,467,15524,335,18440,0,0,218,14264,584,9844,218,24108,California
Shasta,2021-02-24,882,34846,504,16028,378,18818,0,0,269,13921,612,10456,269,24377,California
Shasta,2021-02-25,477,35323,157,16185,320,19138,0,0,157,13759,319,10775,157,24534,California
Shasta,2021-02-26,787,36110,90,16275,697,19835,0,0,326,13626,459,11234,326,24860,California
Shasta,2021-02-27,826,36936,29,16304,797,20632,0,0,187,13176,637,11871,187,25047,California
Shasta,2021-02-28,177,37113,4,16308,173,20805,0,0,127,13253,50,11921,127,25174,California
Shasta,2021-03-01,559,37672,61,16369,498,21303,0,0,267,13230,290,12211,267,25441,California
Shasta,2021-03-02,929,38601,465,16834,464,21767,0,0,266,12835,661,12872,266,25707,California
Shasta,2021-03-03,629,39230,145,16979,484,22251,0,0,223,12652,406,13278,223,25930,California
Shasta,2021-03-04,1051,40281,504,17483,547,22798,0,0,646,12895,404,13682,647,26577,California
Shasta,2021-03-05,977,41258,160,17643,788,23586,29,29,321,12588,657,14339,350,26927,California
Shasta,2021-03-06,838,42096,387,18030,404,23990,47,76,203,12203,635,14974,250,27177,California
Shasta,2021-03-07,90,42186,3,18033,55,24045,32,108,36,12217,54,15028,68,27245,California
Shasta,2021-03-08,558,42744,46,18079,373,24418,139,247,145,12090,411,15439,284,27529,California
Shasta,2021-03-09,605,43349,45,18124,382,24800,178,425,232,12127,373,15812,410,27939,California
Shasta,2021-03-10,797,44146,259,18383,335,25135,203,628,134,11800,662,16474,335,28274,California
Shasta,2021-03-11,1043,45189,175,18558,624,25759,244,872,644,12289,399,16873,888,29162,California
Shasta,2021-03-12,809,45998,160,18718,406,26165,243,1115,292,12307,516,17389,534,29696,California
Shasta,2021-03-13,742,46740,423,19141,219,26384,100,1215,474,12613,267,17656,573,30269,California
Shasta,2021-03-14,364,47104,8,19149,334,26718,22,1237,227,12725,137,17793,249,30518,California
Shasta,2021-03-15,493,47597,34,19183,359,27077,100,1337,206,12744,286,18079,305,30823,California
Shasta,2021-03-16,1077,48674,144,19327,866,27943,67,1404,798,13330,279,18358,865,31688,California
Shasta,2021-03-17,691,49365,194,19521,439,28382,58,1462,392,13487,293,18651,450,32138,California
Shasta,2021-03-18,1071,50436,236,19757,732,29114,103,1565,798,14119,269,18920,901,33039,California
Shasta,2021-03-19,624,51060,191,19948,377,29491,56,1621,396,14344,227,19147,452,33491,California
Shasta,2021-03-20,745,51805,488,20436,243,29734,14,1635,598,14809,147,19294,612,34103,California
Shasta,2021-03-21,312,52117,296,20732,4,29738,12,1647,286,15081,26,19320,298,34401,California
Shasta,2021-03-22,341,52458,36,20768,275,30013,30,1677,200,15171,140,19460,230,34631,California
Shasta,2021-03-23,817,53275,156,20924,603,30616,58,1735,626,15669,186,19646,684,35315,California
Shasta,2021-03-24,512,53787,155,21079,320,30936,37,1772,363,15921,148,19794,400,35715,California
Shasta,2021-03-25,758,54545,186,21265,555,31491,17,1789,618,16418,138,19932,635,36350,California
Shasta,2021-03-26,683,55228,257,21522,396,31887,30,1819,331,16428,352,20284,362,36712,California
Shasta,2021-03-27,1556,56784,404,21926,315,32202,837,2656,571,16850,983,21267,1405,38117,California
Shasta,2021-03-28,405,57189,299,22225,96,32298,10,2666,302,17061,101,21368,312,38429,California
Shasta,2021-03-29,413,57602,41,22266,360,32658,12,2678,160,16981,252,21620,172,38601,California
Shasta,2021-03-30,526,58128,185,22451,334,32992,7,2685,321,17107,202,21822,328,38929,California
Shasta,2021-03-31,620,58748,206,22657,409,33401,5,2690,392,17281,223,22045,397,39326,California
Shasta,2021-04-01,773,59521,246,22903,521,33922,6,2696,548,17611,225,22270,555,39881,California
Shasta,2021-04-02,745,60266,202,23105,492,34414,51,2747,413,17745,330,22600,464,40345,California
Shasta,2021-04-03,520,60786,368,23473,133,34547,19,2766,397,18038,123,22723,416,40761,California
Shasta,2021-04-04,281,61067,177,23650,84,34631,20,2786,217,18211,64,22787,237,40998,California
Shasta,2021-04-05,415,61482,50,23700,304,34935,61,2847,248,18353,167,22954,309,41307,California
Shasta,2021-04-06,701,62183,174,23874,365,35300,162,3009,287,18388,414,23368,449,41756,California
Shasta,2021-04-07,577,62760,220,24094,215,35515,142,3151,223,18402,350,23718,364,42120,California
Shasta,2021-04-08,625,63385,261,24355,218,35733,146,3297,197,18318,426,24144,342,42462,California
Shasta,2021-04-09,413,63798,245,24600,124,35857,44,3341,268,18486,144,24288,312,42774,California
Sierra,2020-12-18,1,1,1,1,0,0,0,0,1,1,0,0,1,1,California
Sierra,2020-12-21,2,3,2,3,0,0,0,0,2,3,0,0,2,3,California
Sierra,2020-12-22,12,15,12,15,0,0,0,0,12,15,0,0,12,15,California
Sierra,2020-12-23,4,19,4,19,0,0,0,0,4,19,0,0,4,19,California
Sierra,2020-12-28,1,20,0,19,1,1,0,0,1,20,0,0,1,20,California
Sierra,2020-12-29,49,69,7,26,42,43,0,0,49,69,0,0,49,69,California
Sierra,2020-12-30,2,71,0,26,2,45,0,0,2,71,0,0,2,71,California
Sierra,2020-12-31,12,83,0,26,12,57,0,0,12,83,0,0,12,83,California
Sierra,2021-01-05,65,148,3,29,62,119,0,0,65,148,0,0,65,148,California
Sierra,2021-01-06,1,149,1,30,0,119,0,0,1,149,0,0,1,149,California
Sierra,2021-01-07,20,169,1,31,19,138,0,0,19,167,1,1,19,168,California
Sierra,2021-01-08,1,170,1,32,0,138,0,0,1,168,0,1,1,169,California
Sierra,2021-01-11,3,173,3,35,0,138,0,0,0,165,3,4,0,169,California
Sierra,2021-01-12,39,212,12,47,27,165,0,0,27,180,12,16,27,196,California
Sierra,2021-01-13,4,216,3,50,1,166,0,0,1,178,3,19,1,197,California
Sierra,2021-01-14,35,251,2,52,33,199,0,0,35,213,0,19,35,232,California
Sierra,2021-01-15,2,253,1,53,1,200,0,0,2,215,0,19,2,234,California
Sierra,2021-01-18,2,255,0,53,2,202,0,0,2,217,0,19,2,236,California
Sierra,2021-01-19,32,287,0,53,32,234,0,0,32,249,0,19,32,268,California
Sierra,2021-01-20,1,288,1,54,0,234,0,0,1,250,0,19,1,269,California
Sierra,2021-01-21,54,342,0,54,54,288,0,0,54,304,0,19,54,323,California
Sierra,2021-01-22,1,343,0,54,1,289,0,0,1,305,0,19,1,324,California
Sierra,2021-01-23,2,345,0,54,2,291,0,0,2,307,0,19,2,326,California
Sierra,2021-01-26,62,407,0,54,62,353,0,0,24,293,38,57,24,350,California
Sierra,2021-01-27,4,411,4,58,0,353,0,0,0,289,4,61,0,350,California
Sierra,2021-01-28,53,464,0,58,53,406,0,0,44,324,9,70,44,394,California
Sierra,2021-01-29,1,465,0,58,1,407,0,0,1,325,0,70,1,395,California
Sierra,2021-01-30,3,468,3,61,0,407,0,0,2,326,1,71,2,397,California
Sierra,2021-02-01,1,469,0,61,1,408,0,0,0,325,1,72,0,397,California
Sierra,2021-02-02,57,526,0,61,57,465,0,0,18,304,39,111,18,415,California
Sierra,2021-02-03,6,532,5,66,1,466,0,0,5,308,1,112,5,420,California
Sierra,2021-02-04,105,637,6,72,99,565,0,0,57,317,48,160,57,477,California
Sierra,2021-02-05,6,643,4,76,2,567,0,0,5,321,1,161,5,482,California
Sierra,2021-02-09,51,694,0,76,51,618,0,0,49,368,2,163,49,531,California
Sierra,2021-02-10,5,699,2,78,3,621,0,0,4,371,1,164,4,535,California
Sierra,2021-02-11,196,895,1,79,195,816,0,0,134,443,62,226,134,669,California
Sierra,2021-02-12,20,915,0,79,20,836,0,0,20,463,0,226,20,689,California
Sierra,2021-02-13,1,916,1,80,0,836,0,0,1,464,0,226,1,690,California
Sierra,2021-02-14,1,917,0,80,1,837,0,0,1,465,0,226,1,691,California
Sierra,2021-02-15,1,918,1,81,0,837,0,0,0,464,1,227,0,691,California
Sierra,2021-02-16,43,961,0,81,43,880,0,0,10,441,33,260,10,701,California
Sierra,2021-02-17,3,964,0,81,3,883,0,0,1,440,2,262,1,702,California
Sierra,2021-02-18,143,1107,0,81,143,1026,0,0,92,481,51,313,92,794,California
Sierra,2021-02-19,1,1108,1,82,0,1026,0,0,1,482,0,313,1,795,California
Sierra,2021-02-20,2,1110,2,84,0,1026,0,0,0,480,2,315,0,795,California
Sierra,2021-02-22,1,1111,1,85,0,1026,0,0,1,481,0,315,1,796,California
Sierra,2021-02-23,4,1115,0,85,4,1030,0,0,4,485,0,315,4,800,California
Sierra,2021-02-24,5,1120,3,88,2,1032,0,0,4,488,1,316,4,804,California
Sierra,2021-02-25,124,1244,1,89,123,1155,0,0,58,480,66,382,58,862,California
Sierra,2021-02-26,9,1253,6,95,3,1158,0,0,4,479,5,387,4,866,California
Sierra,2021-02-27,2,1255,2,97,0,1158,0,0,0,477,2,389,0,866,California
Sierra,2021-03-01,2,1257,2,99,0,1158,0,0,0,475,2,391,0,866,California
Sierra,2021-03-02,56,1313,0,99,56,1214,0,0,38,495,18,409,38,904,California
Sierra,2021-03-03,2,1315,2,101,0,1214,0,0,1,495,1,410,1,905,California
Sierra,2021-03-04,108,1423,0,101,108,1322,0,0,57,501,51,461,57,962,California
Sierra,2021-03-05,13,1436,1,102,12,1334,0,0,11,510,2,463,11,973,California
Sierra,2021-03-07,1,1437,1,103,0,1334,0,0,0,509,1,464,0,973,California
Sierra,2021-03-08,2,1439,2,105,0,1334,0,0,2,511,0,464,2,975,California
Sierra,2021-03-09,56,1495,0,105,56,1390,0,0,11,477,45,509,11,986,California
Sierra,2021-03-10,6,1501,0,105,6,1396,0,0,4,479,2,511,4,990,California
Sierra,2021-03-11,176,1677,0,105,176,1572,0,0,44,391,132,643,44,1034,California
Sierra,2021-03-12,20,1697,1,106,19,1591,0,0,0,371,20,663,0,1034,California
Sierra,2021-03-13,28,1725,0,106,28,1619,0,0,28,399,0,663,28,1062,California
Sierra,2021-03-14,1,1726,0,106,0,1619,1,1,0,399,1,664,1,1063,California
Sierra,2021-03-15,2,1728,1,107,1,1620,0,1,0,397,2,666,0,1063,California
Sierra,2021-03-16,37,1765,0,107,36,1656,1,2,24,409,13,679,25,1088,California
Sierra,2021-03-17,4,1769,3,110,1,1657,0,2,1,407,3,682,1,1089,California
Sierra,2021-03-18,160,1929,0,110,160,1817,0,2,66,379,94,776,66,1155,California
Sierra,2021-03-19,4,1933,2,112,2,1819,0,2,1,377,3,779,1,1156,California
Sierra,2021-03-20,1,1934,0,112,1,1820,0,2,1,378,0,779,1,1157,California
Sierra,2021-03-23,24,1958,0,112,24,1844,0,2,15,384,9,788,15,1172,California
Sierra,2021-03-24,2,1960,1,113,1,1845,0,2,0,382,2,790,0,1172,California
Sierra,2021-03-25,90,2050,0,113,90,1935,0,2,46,384,44,834,46,1218,California
Sierra,2021-03-26,13,2063,1,114,12,1947,0,2,10,391,3,837,10,1228,California
Sierra,2021-03-27,2,2065,1,115,1,1948,0,2,0,389,2,839,0,1228,California
Sierra,2021-03-29,1,2066,1,116,0,1948,0,2,0,388,1,840,0,1228,California
Sierra,2021-03-30,54,2120,0,116,54,2002,0,2,21,376,33,873,21,1249,California
Sierra,2021-03-31,8,2128,0,116,8,2010,0,2,8,384,0,873,8,1257,California
Sierra,2021-04-01,60,2188,2,118,58,2068,0,2,6,336,54,927,6,1263,California
Sierra,2021-04-02,3,2191,2,120,1,2069,0,2,2,337,1,928,2,1265,California
Sierra,2021-04-05,1,2192,1,121,0,2069,0,2,0,336,1,929,0,1265,California
Sierra,2021-04-06,10,2202,0,121,10,2079,0,2,0,326,10,939,0,1265,California
Sierra,2021-04-07,11,2213,0,121,5,2084,6,8,1,323,10,949,7,1272,California
Sierra,2021-04-08,53,2266,1,122,52,2136,0,8,16,302,37,986,16,1288,California
Sierra,2021-04-09,2,2268,2,124,0,2136,0,8,1,302,1,987,1,1289,California
Siskiyou,2020-12-16,2,2,2,2,0,0,0,0,2,2,0,0,2,2,California
Siskiyou,2020-12-17,4,6,4,6,0,0,0,0,4,6,0,0,4,6,California
Siskiyou,2020-12-18,2,8,2,8,0,0,0,0,2,8,0,0,2,8,California
Siskiyou,2020-12-19,4,12,4,12,0,0,0,0,4,12,0,0,4,12,California
Siskiyou,2020-12-20,1,13,1,13,0,0,0,0,1,13,0,0,1,13,California
Siskiyou,2020-12-21,132,145,132,145,0,0,0,0,132,145,0,0,132,145,California
Siskiyou,2020-12-22,159,304,159,304,0,0,0,0,159,304,0,0,159,304,California
Siskiyou,2020-12-23,142,446,142,446,0,0,0,0,142,446,0,0,142,446,California
Siskiyou,2020-12-24,5,451,5,451,0,0,0,0,5,451,0,0,5,451,California
Siskiyou,2020-12-26,2,453,0,451,2,2,0,0,2,453,0,0,2,453,California
Siskiyou,2020-12-27,2,455,0,451,2,4,0,0,2,455,0,0,2,455,California
Siskiyou,2020-12-28,3,458,1,452,2,6,0,0,3,458,0,0,3,458,California
Siskiyou,2020-12-29,6,464,2,454,4,10,0,0,6,464,0,0,6,464,California
Siskiyou,2020-12-30,98,562,3,457,95,105,0,0,98,562,0,0,98,562,California
Siskiyou,2020-12-31,12,574,0,457,12,117,0,0,12,574,0,0,12,574,California
Siskiyou,2021-01-02,1,575,1,458,0,117,0,0,1,575,0,0,1,575,California
Siskiyou,2021-01-03,1,576,0,458,1,118,0,0,1,576,0,0,1,576,California
Siskiyou,2021-01-04,130,706,3,461,127,245,0,0,130,706,0,0,130,706,California
Siskiyou,2021-01-05,117,823,4,465,113,358,0,0,116,821,1,1,116,822,California
Siskiyou,2021-01-06,60,883,6,471,54,412,0,0,56,873,4,5,56,878,California
Siskiyou,2021-01-07,175,1058,3,474,172,584,0,0,174,1046,1,6,174,1052,California
Siskiyou,2021-01-08,41,1099,3,477,38,622,0,0,39,1083,2,8,39,1091,California
Siskiyou,2021-01-09,2,1101,2,479,0,622,0,0,0,1081,2,10,0,1091,California
Siskiyou,2021-01-11,226,1327,65,544,161,783,0,0,163,1181,63,73,163,1254,California
Siskiyou,2021-01-12,320,1647,273,817,47,830,0,0,87,1035,233,306,87,1341,California
Siskiyou,2021-01-13,157,1804,137,954,20,850,0,0,23,924,134,440,23,1364,California
Siskiyou,2021-01-14,26,1830,1,955,25,875,0,0,25,948,1,441,25,1389,California
Siskiyou,2021-01-15,35,1865,3,958,32,907,0,0,35,983,0,441,35,1424,California
Siskiyou,2021-01-16,7,1872,2,960,5,912,0,0,7,990,0,441,7,1431,California
Siskiyou,2021-01-17,1,1873,1,961,0,912,0,0,0,989,1,442,0,1431,California
Siskiyou,2021-01-18,75,1948,4,965,71,983,0,0,73,1060,2,444,73,1504,California
Siskiyou,2021-01-19,21,1969,1,966,20,1003,0,0,20,1079,1,445,20,1524,California
Siskiyou,2021-01-20,47,2016,35,1001,12,1015,0,0,43,1118,4,449,43,1567,California
Siskiyou,2021-01-21,42,2058,1,1002,41,1056,0,0,42,1160,0,449,42,1609,California
Siskiyou,2021-01-22,1331,3389,1179,2181,152,1208,0,0,1331,2491,0,449,1331,2940,California
Siskiyou,2021-01-23,5,3394,1,2182,4,1212,0,0,2,2490,3,452,2,2942,California
Siskiyou,2021-01-25,182,3576,8,2190,174,1386,0,0,178,2664,4,456,178,3120,California
Siskiyou,2021-01-26,149,3725,4,2194,145,1531,0,0,141,2797,8,464,141,3261,California
Siskiyou,2021-01-27,179,3904,0,2194,179,1710,0,0,125,2868,54,518,125,3386,California
Siskiyou,2021-01-28,232,4136,118,2312,114,1824,0,0,226,3088,6,524,226,3612,California
Siskiyou,2021-01-29,248,4384,2,2314,246,2070,0,0,246,3332,2,526,246,3858,California
Siskiyou,2021-01-30,3,4387,2,2316,1,2071,0,0,3,3335,0,526,3,3861,California
Siskiyou,2021-02-01,194,4581,3,2319,191,2262,0,0,104,3349,90,616,104,3965,California
Siskiyou,2021-02-02,289,4870,45,2364,244,2506,0,0,148,3356,141,757,148,4113,California
Siskiyou,2021-02-03,313,5183,1,2365,312,2818,0,0,264,3571,49,806,264,4377,California
Siskiyou,2021-02-04,318,5501,7,2372,311,3129,0,0,199,3651,119,925,199,4576,California
Siskiyou,2021-02-05,511,6012,4,2376,507,3636,0,0,346,3832,165,1090,346,4922,California
Siskiyou,2021-02-06,15,6027,0,2376,15,3651,0,0,15,3847,0,1090,15,4937,California
Siskiyou,2021-02-07,3,6030,2,2378,1,3652,0,0,3,3850,0,1090,3,4940,California
Siskiyou,2021-02-08,221,6251,5,2383,216,3868,0,0,216,4061,5,1095,216,5156,California
Siskiyou,2021-02-09,194,6445,3,2386,191,4059,0,0,161,4189,33,1128,161,5317,California
Siskiyou,2021-02-10,370,6815,40,2426,330,4389,0,0,316,4452,53,1181,316,5633,California
Siskiyou,2021-02-11,191,7006,1,2427,190,4579,0,0,175,4611,16,1197,175,5808,California
Siskiyou,2021-02-12,1694,8700,1202,3629,492,5071,0,0,501,3919,1193,2390,501,6309,California
Siskiyou,2021-02-13,36,8736,2,3631,34,5105,0,0,32,3947,4,2394,32,6341,California
Siskiyou,2021-02-14,5,8741,1,3632,4,5109,0,0,5,3952,0,2394,5,6346,California
Siskiyou,2021-02-15,108,8849,10,3642,98,5207,0,0,106,4056,2,2396,106,6452,California
Siskiyou,2021-02-16,114,8963,2,3644,112,5319,0,0,99,4140,15,2411,99,6551,California
Siskiyou,2021-02-17,182,9145,15,3659,167,5486,0,0,168,4294,14,2425,168,6719,California
Siskiyou,2021-02-18,221,9366,89,3748,132,5618,0,0,98,4269,123,2548,98,6817,California
Siskiyou,2021-02-19,70,9436,33,3781,37,5655,0,0,34,4267,36,2584,34,6851,California
Siskiyou,2021-02-20,21,9457,3,3784,18,5673,0,0,17,4280,4,2588,17,6868,California
Siskiyou,2021-02-21,2,9459,2,3786,0,5673,0,0,2,4282,0,2588,2,6870,California
Siskiyou,2021-02-22,124,9583,1,3787,123,5796,0,0,18,4194,106,2694,18,6888,California
Siskiyou,2021-02-23,195,9778,15,3802,180,5976,0,0,51,4101,144,2838,51,6939,California
Siskiyou,2021-02-24,146,9924,4,3806,142,6118,0,0,34,4023,112,2950,34,6973,California
Siskiyou,2021-02-25,300,10224,24,3830,276,6394,0,0,154,4031,146,3096,154,7127,California
Siskiyou,2021-02-26,667,10891,9,3839,658,7052,0,0,366,4096,301,3397,366,7493,California
Siskiyou,2021-02-27,32,10923,5,3844,27,7079,0,0,27,4118,5,3402,27,7520,California
Siskiyou,2021-02-28,4,10927,4,3848,0,7079,0,0,3,4120,1,3403,3,7523,California
Siskiyou,2021-03-01,281,11208,7,3855,274,7353,0,0,51,3941,230,3633,51,7574,California
Siskiyou,2021-03-02,190,11398,1,3856,189,7542,0,0,71,3893,119,3752,71,7645,California
Siskiyou,2021-03-03,343,11741,7,3863,336,7878,0,0,153,3856,190,3942,153,7798,California
Siskiyou,2021-03-04,771,12512,600,4463,171,8049,0,0,620,4325,151,4093,620,8418,California
Siskiyou,2021-03-05,322,12834,7,4470,304,8353,11,11,103,4223,216,4309,114,8532,California
Siskiyou,2021-03-06,34,12868,2,4472,27,8380,5,16,26,4246,8,4317,31,8563,California
Siskiyou,2021-03-07,12,12880,4,4476,0,8380,8,24,3,4248,9,4326,11,8574,California
Siskiyou,2021-03-08,359,13239,31,4507,293,8673,35,59,57,4038,302,4628,92,8666,California
Siskiyou,2021-03-09,161,13400,0,4507,108,8781,53,112,56,4042,105,4733,109,8775,California
Siskiyou,2021-03-10,221,13621,7,4514,183,8964,31,143,32,3915,189,4922,62,8837,California
Siskiyou,2021-03-11,467,14088,201,4715,219,9183,47,190,268,4032,198,5120,315,9152,California
Siskiyou,2021-03-12,627,14715,127,4842,461,9644,39,229,178,3802,447,5567,217,9369,California
Siskiyou,2021-03-13,423,15138,379,5221,21,9665,23,252,380,4162,43,5610,403,9772,California
Siskiyou,2021-03-14,23,15161,2,5223,5,9670,16,268,3,4161,20,5630,19,9791,California
Siskiyou,2021-03-15,452,15613,256,5479,177,9847,19,287,320,4368,132,5762,339,10130,California
Siskiyou,2021-03-16,260,15873,37,5516,206,10053,17,304,145,4416,114,5876,162,10292,California
Siskiyou,2021-03-17,196,16069,6,5522,182,10235,8,312,31,4290,165,6041,39,10331,California
Siskiyou,2021-03-18,926,16995,789,6311,125,10360,12,324,810,4996,116,6157,822,11153,California
Siskiyou,2021-03-19,66,17061,9,6320,44,10404,13,337,20,4983,46,6203,33,11186,California
Siskiyou,2021-03-20,30,17091,7,6327,18,10422,5,342,6,4970,24,6227,11,11197,California
Siskiyou,2021-03-21,9,17100,3,6330,1,10423,5,347,3,4972,6,6233,8,11205,California
Siskiyou,2021-03-22,205,17305,19,6349,164,10587,22,369,142,5076,60,6293,164,11369,California
Siskiyou,2021-03-23,190,17495,19,6368,161,10748,10,379,136,5168,54,6347,146,11515,California
Siskiyou,2021-03-24,143,17638,51,6419,92,10840,0,379,119,5263,24,6371,119,11634,California
Siskiyou,2021-03-25,542,18180,292,6711,247,11087,3,382,372,5468,170,6541,375,12009,California
Siskiyou,2021-03-26,294,18474,27,6738,267,11354,0,382,95,5365,198,6739,95,12104,California
Siskiyou,2021-03-27,37,18511,4,6742,28,11382,5,387,9,5351,28,6767,14,12118,California
Siskiyou,2021-03-28,6,18517,6,6748,0,11382,0,387,4,5353,2,6769,4,12122,California
Siskiyou,2021-03-29,105,18622,11,6759,92,11474,2,389,47,5353,49,6818,49,12171,California
Siskiyou,2021-03-30,99,18721,3,6762,95,11569,1,390,38,5331,61,6879,39,12210,California
Siskiyou,2021-03-31,188,18909,22,6784,164,11733,2,392,50,5247,137,7016,53,12263,California
Siskiyou,2021-04-01,817,19726,670,7454,147,11880,0,392,209,4848,608,7624,209,12472,California
Siskiyou,2021-04-02,342,20068,196,7650,142,12022,4,396,64,4640,276,7900,68,12540,California
Siskiyou,2021-04-03,25,20093,4,7654,14,12036,7,403,5,4632,20,7920,12,12552,California
Siskiyou,2021-04-04,2,20095,2,7656,0,12036,0,403,1,4632,1,7921,1,12553,California
Siskiyou,2021-04-05,431,20526,326,7982,79,12115,26,429,27,4281,404,8325,53,12606,California
Siskiyou,2021-04-06,206,20732,36,8018,127,12242,43,472,121,4360,85,8410,164,12770,California
Siskiyou,2021-04-07,103,20835,11,8029,57,12299,35,507,63,4418,40,8450,98,12868,California
Siskiyou,2021-04-08,311,21146,184,8213,84,12383,43,550,52,4254,259,8709,95,12963,California
Siskiyou,2021-04-09,471,21617,360,8573,107,12490,4,554,53,3896,416,9125,58,13021,California
Solano,2020-12-15,4,4,4,4,0,0,0,0,4,4,0,0,4,4,California
Solano,2020-12-16,71,75,71,75,0,0,0,0,71,75,0,0,71,75,California
Solano,2020-12-17,151,226,151,226,0,0,0,0,151,226,0,0,151,226,California
Solano,2020-12-18,448,674,447,673,1,1,0,0,448,674,0,0,448,674,California
Solano,2020-12-19,516,1190,516,1189,0,1,0,0,516,1190,0,0,516,1190,California
Solano,2020-12-20,353,1543,352,1541,1,2,0,0,353,1543,0,0,353,1543,California
Solano,2020-12-21,572,2115,570,2111,2,4,0,0,572,2115,0,0,572,2115,California
Solano,2020-12-22,662,2777,629,2740,33,37,0,0,662,2777,0,0,662,2777,California
Solano,2020-12-23,856,3633,771,3511,85,122,0,0,855,3632,0,0,855,3632,California
Solano,2020-12-24,420,4053,169,3680,251,373,0,0,420,4052,0,0,420,4052,California
Solano,2020-12-25,10,4063,2,3682,8,381,0,0,10,4062,0,0,10,4062,California
Solano,2020-12-26,175,4238,48,3730,127,508,0,0,175,4237,0,0,175,4237,California
Solano,2020-12-27,103,4341,29,3759,74,582,0,0,103,4340,0,0,103,4340,California
Solano,2020-12-28,860,5201,421,4180,439,1021,0,0,860,5200,0,0,860,5200,California
Solano,2020-12-29,889,6090,374,4554,515,1536,0,0,889,6089,0,0,889,6089,California
Solano,2020-12-30,1207,7297,598,5152,609,2145,0,0,1207,7296,0,0,1207,7296,California
Solano,2020-12-31,533,7830,135,5287,398,2543,0,0,533,7829,0,0,533,7829,California
Solano,2021-01-01,13,7843,12,5299,1,2544,0,0,13,7842,0,0,13,7842,California
Solano,2021-01-02,212,8055,164,5463,48,2592,0,0,212,8054,0,0,212,8054,California
Solano,2021-01-03,57,8112,40,5503,17,2609,0,0,52,8106,0,0,52,8106,California
Solano,2021-01-04,451,8563,246,5749,205,2814,0,0,441,8544,3,3,441,8547,California
Solano,2021-01-05,693,9256,376,6125,317,3131,0,0,539,8934,149,152,539,9086,California
Solano,2021-01-06,822,10078,436,6561,386,3517,0,0,560,9234,260,412,560,9646,California
Solano,2021-01-07,1047,11125,696,7257,351,3868,0,0,591,9372,454,866,592,10238,California
Solano,2021-01-08,1116,12241,774,8031,342,4210,0,0,523,9322,575,1441,525,10763,California
Solano,2021-01-09,885,13126,763,8794,122,4332,0,0,428,9296,454,1895,428,11191,California
Solano,2021-01-10,253,13379,193,8987,60,4392,0,0,152,9347,101,1996,152,11343,California
Solano,2021-01-11,1322,14701,1109,10096,213,4605,0,0,807,9639,515,2511,807,12150,California
Solano,2021-01-12,1556,16257,1160,11256,396,5001,0,0,1009,10103,546,3057,1010,13160,California
Solano,2021-01-13,1426,17683,1000,12256,426,5427,0,0,1166,11011,258,3315,1166,14326,California
Solano,2021-01-14,1849,19532,795,13051,1054,6481,0,0,1536,12234,313,3628,1536,15862,California
Solano,2021-01-15,1684,21216,1057,14108,627,7108,0,0,1386,13322,298,3926,1386,17248,California
Solano,2021-01-16,1290,22506,905,15013,385,7493,0,0,1115,14262,175,4101,1115,18363,California
Solano,2021-01-17,1041,23547,760,15773,281,7774,0,0,1024,15269,17,4118,1024,19387,California
Solano,2021-01-18,1405,24952,856,16629,549,8323,0,0,1287,16441,118,4236,1290,20677,California
Solano,2021-01-19,1641,26593,1337,17966,304,8627,0,0,1370,17541,270,4506,1370,22047,California
Solano,2021-01-20,2027,28620,1420,19386,607,9234,0,0,1545,18607,479,4985,1545,23592,California
Solano,2021-01-21,3103,31723,999,20385,2104,11338,0,0,2760,21025,343,5328,2761,26353,California
Solano,2021-01-22,1749,33472,842,21227,907,12245,0,0,1559,22394,190,5518,1559,27912,California
Solano,2021-01-23,729,34201,236,21463,493,12738,0,0,526,22717,204,5722,527,28439,California
Solano,2021-01-24,376,34577,60,21523,316,13054,0,0,311,22963,65,5787,311,28750,California
Solano,2021-01-25,1615,36192,620,22143,995,14049,0,0,1068,23485,547,6334,1069,29819,California
Solano,2021-01-26,1674,37866,737,22880,937,14986,0,0,1046,23905,627,6961,1047,30866,California
Solano,2021-01-27,1762,39628,727,23607,1035,16021,0,0,1174,24504,575,7536,1174,32040,California
Solano,2021-01-28,1841,41469,715,24322,1126,17147,0,0,1238,25141,602,8138,1239,33279,California
Solano,2021-01-29,1646,43115,781,25103,865,18012,0,0,1294,26085,350,8488,1294,34573,California
Solano,2021-01-30,712,43827,222,25325,490,18502,0,0,551,26475,161,8649,551,35124,California
Solano,2021-01-31,485,44312,393,25718,92,18594,0,0,230,26451,255,8904,231,35355,California
Solano,2021-02-01,1470,45782,971,26689,499,19093,0,0,739,26460,730,9634,739,36094,California
Solano,2021-02-02,3293,49075,1103,27792,2190,21283,0,0,2502,28175,787,10421,2502,38596,California
Solano,2021-02-03,2223,51298,1300,29092,923,22206,0,0,1149,28254,1070,11491,1149,39745,California
Solano,2021-02-04,1754,53052,904,29996,850,23056,0,0,1043,28591,706,12197,1043,40788,California
Solano,2021-02-05,3047,56099,1407,31403,1640,24696,0,0,2056,29665,982,13179,2056,42844,California
Solano,2021-02-06,3019,59118,1169,32572,1850,26546,0,0,2207,31064,809,13988,2208,45052,California
Solano,2021-02-07,849,59967,787,33359,62,26608,0,0,231,30677,618,14606,231,45283,California
Solano,2021-02-08,1705,61672,1232,34591,473,27081,0,0,676,30326,1027,15633,676,45959,California
Solano,2021-02-09,1891,63563,1467,36058,424,27505,0,0,672,29781,1218,16851,673,46632,California
Solano,2021-02-10,2246,65809,1497,37555,749,28254,0,0,826,29187,1420,18271,826,47458,California
Solano,2021-02-11,2389,68198,1439,38994,950,29204,0,0,1120,29048,1259,19530,1120,48578,California
Solano,2021-02-12,4041,72239,1550,40544,2491,31695,0,0,2733,30480,1301,20831,2733,51311,California
Solano,2021-02-13,2813,75052,240,40784,2573,34268,0,0,2432,32534,378,21209,2432,53743,California
Solano,2021-02-14,688,75740,201,40985,487,34755,0,0,412,32672,274,21483,412,54155,California
Solano,2021-02-15,1291,77031,322,41307,969,35724,0,0,670,32723,619,22102,670,54825,California
Solano,2021-02-16,2386,79417,1225,42532,1161,36885,0,0,1622,33582,763,22865,1622,56447,California
Solano,2021-02-17,2693,82110,1218,43750,1475,38360,0,0,1904,34701,786,23651,1905,58352,California
Solano,2021-02-18,2565,84675,697,44447,1868,40228,0,0,806,33756,1752,25403,807,59159,California
Solano,2021-02-19,2200,86875,1259,45706,941,41169,0,0,1122,33806,1074,26477,1124,60283,California
Solano,2021-02-20,2542,89417,381,46087,2161,43330,0,0,2074,35411,469,26946,2074,62357,California
Solano,2021-02-21,2138,91555,1858,47945,280,43610,0,0,1855,36986,280,27226,1855,64212,California
Solano,2021-02-22,1576,93131,912,48857,664,44274,0,0,816,37045,758,27984,817,65029,California
Solano,2021-02-23,2482,95613,968,49825,1514,45788,0,0,1636,37838,843,28827,1636,66665,California
Solano,2021-02-24,2326,97939,1130,50955,1196,46984,0,0,1299,38112,1025,29852,1299,67964,California
Solano,2021-02-25,2281,100220,1346,52301,935,47919,0,0,1257,38351,1018,30870,1257,69221,California
Solano,2021-02-26,2623,102843,1519,53820,1104,49023,0,0,1374,38480,1245,32115,1374,70595,California
Solano,2021-02-27,3636,106479,1371,55191,2265,51288,0,0,2947,40744,683,32798,2947,73542,California
Solano,2021-02-28,1354,107833,1039,56230,315,51603,0,0,1082,41557,269,33067,1082,74624,California
Solano,2021-03-01,2200,110033,1058,57288,1142,52745,0,0,1594,42551,601,33668,1595,76219,California
Solano,2021-03-02,1922,111955,1225,58513,697,53442,0,0,1200,43029,722,34390,1200,77419,California
Solano,2021-03-03,2092,114047,1182,59695,910,54352,0,0,1291,43527,793,35183,1291,78710,California
Solano,2021-03-04,4200,118247,3278,62973,920,55272,2,2,3117,45571,1078,36261,3122,81832,California
Solano,2021-03-05,4678,122925,1601,64574,3074,58346,3,5,3772,48449,897,37158,3775,85607,California
Solano,2021-03-06,3740,126665,822,65396,2879,61225,39,44,2575,49907,1156,38314,2614,88221,California
Solano,2021-03-07,3470,130135,735,66131,2725,63950,10,54,1926,50310,1534,39848,1937,90158,California
Solano,2021-03-08,1589,131724,813,66944,505,64455,271,325,1087,51167,500,40348,1357,91515,California
Solano,2021-03-09,2892,134616,1333,68277,1507,65962,52,377,2070,52464,822,41170,2119,93634,California
Solano,2021-03-10,2186,136802,1553,69830,549,66511,84,461,1093,52550,1090,42260,1176,94810,California
Solano,2021-03-11,5497,142299,1400,71230,3842,70353,255,716,4512,56333,984,43244,4767,99577,California
Solano,2021-03-12,5721,148020,1383,72613,4173,74526,165,881,3004,56788,2713,45957,3168,102745,California
Solano,2021-03-13,4547,152567,799,73412,3666,78192,82,963,2226,56786,2314,48271,2312,105057,California
Solano,2021-03-14,3983,156550,3105,76517,425,78617,453,1416,1659,56575,2320,50591,2109,107166,California
Solano,2021-03-15,3754,160304,2235,78752,1203,79820,316,1732,2399,57942,1348,51939,2715,109881,California
Solano,2021-03-16,2848,163152,1134,79886,1479,81299,235,1967,1434,58201,1409,53348,1668,111549,California
Solano,2021-03-17,5919,169071,1474,81360,4355,85654,90,2057,4580,61536,1335,54683,4670,116219,California
Solano,2021-03-18,4999,174070,1676,83036,3286,88940,37,2094,3696,63974,1295,55978,3733,119952,California
Solano,2021-03-19,2449,176519,1638,84674,738,89678,73,2167,1303,64209,1142,57120,1377,121329,California
Solano,2021-03-20,5452,181971,1669,86343,3730,93408,53,2220,2798,64416,2644,59764,2851,124180,California
Solano,2021-03-21,1661,183632,1568,87911,70,93478,23,2243,851,64479,809,60573,872,125052,California
Solano,2021-03-22,2387,186019,1776,89687,562,94040,49,2292,1449,65044,933,61506,1498,126550,California
Solano,2021-03-23,3017,189036,1493,91180,1482,95522,42,2334,1353,64779,1660,63166,1395,127945,California
Solano,2021-03-24,2650,191686,1635,92815,981,96503,34,2368,1265,64699,1379,64545,1299,129244,California
Solano,2021-03-25,4530,196216,3665,96480,830,97333,35,2403,2018,64246,2507,67052,2054,131298,California
Solano,2021-03-26,2759,198975,1662,98142,1061,98394,36,2439,1494,64518,1258,68310,1530,132828,California
Solano,2021-03-27,4154,203129,1152,99294,2968,101362,34,2473,1792,63988,2356,70666,1826,134654,California
Solano,2021-03-28,1347,204476,1101,100395,228,101590,18,2491,552,63769,790,71456,571,135225,California
Solano,2021-03-29,2749,207225,1490,101885,1243,102833,16,2507,1545,64131,1199,72655,1561,136786,California
Solano,2021-03-30,2772,209997,1824,103709,862,103695,86,2593,1738,64923,1032,73687,1824,138610,California
Solano,2021-03-31,2852,212849,1919,105628,781,104476,152,2745,1655,65534,1194,74881,1805,140415,California
Solano,2021-04-01,4933,217782,1671,107299,3117,107593,145,2890,3279,67316,1642,76523,3424,143839,California
Solano,2021-04-02,5154,222936,1661,108960,3332,110925,161,3051,2274,66883,2868,79391,2435,146274,California
Solano,2021-04-03,1496,224432,953,109913,399,111324,144,3195,565,66663,929,80320,709,146983,California
Solano,2021-04-04,770,225202,284,110197,186,111510,300,3495,235,66666,532,80852,535,147518,California
Solano,2021-04-05,2782,227984,1881,112078,708,112218,193,3688,1396,66869,1385,82237,1588,149106,California
Solano,2021-04-06,4949,232933,1387,113465,3084,115302,478,4166,1470,65342,3474,85711,1947,151053,California
Solano,2021-04-07,4869,237802,3554,117019,918,116220,397,4563,2818,66514,2045,87756,3217,154270,California
Solano,2021-04-08,5088,242890,1516,118535,2721,118941,851,5414,1490,65265,3585,91341,2336,156606,California
Solano,2021-04-09,2887,245777,1026,119561,1457,120398,404,5818,772,64331,2110,93451,1176,157782,California
Sonoma,2020-12-15,4,4,4,4,0,0,0,0,4,4,0,0,4,4,California
Sonoma,2020-12-16,27,31,27,31,0,0,0,0,27,31,0,0,27,31,California
Sonoma,2020-12-17,102,133,102,133,0,0,0,0,102,133,0,0,102,133,California
Sonoma,2020-12-18,421,554,421,554,0,0,0,0,421,554,0,0,421,554,California
Sonoma,2020-12-19,111,665,110,664,1,1,0,0,111,665,0,0,111,665,California
Sonoma,2020-12-20,174,839,174,838,0,1,0,0,174,839,0,0,174,839,California
Sonoma,2020-12-21,911,1750,909,1747,2,3,0,0,910,1749,0,0,910,1749,California
Sonoma,2020-12-22,1357,3107,1265,3012,92,95,0,0,1357,3106,0,0,1357,3106,California
Sonoma,2020-12-23,1602,4709,1228,4240,374,469,0,0,1603,4709,0,0,1603,4709,California
Sonoma,2020-12-24,305,5014,101,4341,204,673,0,0,305,5014,0,0,305,5014,California
Sonoma,2020-12-25,8,5022,2,4343,6,679,0,0,8,5022,0,0,8,5022,California
Sonoma,2020-12-26,266,5288,255,4598,11,690,0,0,266,5288,0,0,266,5288,California
Sonoma,2020-12-27,93,5381,80,4678,13,703,0,0,93,5381,0,0,93,5381,California
Sonoma,2020-12-28,991,6372,554,5232,437,1140,0,0,963,6344,0,0,963,6344,California
Sonoma,2020-12-29,1129,7501,776,6008,353,1493,0,0,1095,7439,0,0,1095,7439,California
Sonoma,2020-12-30,1091,8592,478,6486,613,2106,0,0,1083,8522,0,0,1083,8522,California
Sonoma,2020-12-31,517,9109,71,6557,446,2552,0,0,518,9040,0,0,518,9040,California
Sonoma,2021-01-01,10,9119,5,6562,5,2557,0,0,10,9050,0,0,10,9050,California
Sonoma,2021-01-02,132,9251,126,6688,6,2563,0,0,132,9182,0,0,132,9182,California
Sonoma,2021-01-03,25,9276,11,6699,14,2577,0,0,25,9207,0,0,25,9207,California
Sonoma,2021-01-04,341,9617,105,6804,236,2813,0,0,340,9547,0,0,340,9547,California
Sonoma,2021-01-05,439,10056,102,6906,337,3150,0,0,415,9947,15,15,415,9962,California
Sonoma,2021-01-06,946,11002,431,7337,515,3665,0,0,834,10676,105,120,834,10796,California
Sonoma,2021-01-07,1022,12024,530,7867,492,4157,0,0,852,11359,169,289,852,11648,California
Sonoma,2021-01-08,1783,13807,1227,9094,556,4713,0,0,1313,12204,468,757,1313,12961,California
Sonoma,2021-01-09,637,14444,401,9495,236,4949,0,0,589,12745,48,805,589,13550,California
Sonoma,2021-01-10,473,14917,462,9957,11,4960,0,0,280,12832,193,998,280,13830,California
Sonoma,2021-01-11,1381,16298,1235,11192,146,5106,0,0,412,12279,965,1963,412,14242,California
Sonoma,2021-01-12,1546,17844,1293,12485,253,5359,0,0,395,11525,1149,3112,395,14637,California
Sonoma,2021-01-13,2065,19909,1423,13908,642,6001,0,0,1202,11867,860,3972,1202,15839,California
Sonoma,2021-01-14,1529,21438,808,14716,721,6722,0,0,1299,12936,230,4202,1299,17138,California
Sonoma,2021-01-15,1562,23000,634,15350,928,7650,0,0,1342,14068,211,4413,1343,18481,California
Sonoma,2021-01-16,1142,24142,613,15963,529,8179,0,0,897,14724,241,4654,897,19378,California
Sonoma,2021-01-17,667,24809,548,16511,119,8298,0,0,586,15229,81,4735,586,19964,California
Sonoma,2021-01-18,1105,25914,932,17443,173,8471,0,0,614,15353,491,5226,615,20579,California
Sonoma,2021-01-19,2094,28008,1006,18449,1088,9559,0,0,1384,16030,708,5934,1385,21964,California
Sonoma,2021-01-20,2073,30081,623,19072,1450,11009,0,0,1415,16797,649,6583,1416,23380,California
Sonoma,2021-01-21,2227,32308,618,19690,1609,12618,0,0,2008,18589,217,6800,2009,25389,California
Sonoma,2021-01-22,2725,35033,1033,20723,1692,14310,0,0,2577,21019,147,6947,2577,27966,California
Sonoma,2021-01-23,764,35797,593,21316,171,14481,0,0,657,21570,106,7053,657,28623,California
Sonoma,2021-01-24,828,36625,694,22010,134,14615,0,0,813,22368,15,7068,813,29436,California
Sonoma,2021-01-25,2169,38794,519,22529,1650,16265,0,0,1682,23563,487,7555,1682,31118,California
Sonoma,2021-01-26,2000,40794,295,22824,1705,17970,0,0,1544,24652,455,8010,1544,32662,California
Sonoma,2021-01-27,3685,44479,1273,24097,2412,20382,0,0,3114,27200,569,8579,3117,35779,California
Sonoma,2021-01-28,4088,48567,1820,25917,2268,22650,0,0,3426,29968,659,9238,3427,39206,California
Sonoma,2021-01-29,2956,51523,1403,27320,1553,24203,0,0,2128,31271,826,10064,2129,41335,California
Sonoma,2021-01-30,2566,54089,2380,29700,186,24389,0,0,2232,33170,334,10398,2233,43568,California
Sonoma,2021-01-31,775,54864,663,30363,112,24501,0,0,578,33552,196,10594,578,44146,California
Sonoma,2021-02-01,2485,57349,866,31229,1619,26120,0,0,2088,35245,395,10989,2088,46234,California
Sonoma,2021-02-02,3441,60790,1362,32591,2079,28199,0,0,2875,37556,564,11553,2875,49109,California
Sonoma,2021-02-03,4022,64812,1318,33909,2704,30903,0,0,3099,39734,921,12474,3099,52208,California
Sonoma,2021-02-04,4184,68996,1704,35613,2480,33383,0,0,3409,42370,773,13247,3409,55617,California
Sonoma,2021-02-05,4793,73789,1732,37345,3061,36444,0,0,3781,45144,1008,14255,3782,59399,California
Sonoma,2021-02-06,2646,76435,2288,39633,358,36802,0,0,2089,46678,556,14811,2090,61489,California
Sonoma,2021-02-07,1525,77960,1391,41024,134,36936,0,0,1277,47707,248,15059,1277,62766,California
Sonoma,2021-02-08,3246,81206,1029,42053,2217,39153,0,0,2667,49796,578,15637,2667,65433,California
Sonoma,2021-02-09,3546,84752,1694,43747,1852,41005,0,0,3068,52388,476,16113,3068,68501,California
Sonoma,2021-02-10,4397,89149,2357,46104,2040,43045,0,0,3365,54728,1026,17139,3366,71867,California
Sonoma,2021-02-11,5327,94476,2786,48890,2541,45586,0,0,4157,57717,1168,18307,4157,76024,California
Sonoma,2021-02-12,5628,100104,2971,51861,2657,48243,0,0,4215,60524,1410,19717,4217,80241,California
Sonoma,2021-02-13,1982,102086,1153,53014,829,49072,0,0,1205,60956,774,20491,1206,81447,California
Sonoma,2021-02-14,2304,104390,1808,54822,496,49568,0,0,1583,61819,720,21211,1583,83030,California
Sonoma,2021-02-15,2132,106522,786,55608,1346,50914,0,0,1607,62902,524,21735,1607,84637,California
Sonoma,2021-02-16,4609,111131,2047,57655,2562,53476,0,0,3361,65019,1244,22979,3361,87998,California
Sonoma,2021-02-17,5311,116442,2878,60533,2433,55909,0,0,3328,66375,1973,24952,3329,91327,California
Sonoma,2021-02-18,6753,123195,2983,63516,3770,59679,0,0,3867,67364,2878,27830,3867,95194,California
Sonoma,2021-02-19,5350,128545,1650,65166,3700,63379,0,0,3262,68544,2083,29913,3263,98457,California
Sonoma,2021-02-20,3096,131641,2819,67985,277,63656,0,0,1218,67890,1872,31785,1218,99675,California
Sonoma,2021-02-21,514,132155,410,68395,104,63760,0,0,129,67637,382,32167,129,99804,California
Sonoma,2021-02-22,2703,134858,1348,69743,1355,65115,0,0,1041,67021,1657,33824,1041,100845,California
Sonoma,2021-02-23,3076,137934,2051,71794,1025,66140,0,0,1353,66655,1719,35543,1353,102198,California
Sonoma,2021-02-24,5449,143383,2531,74325,2918,69058,0,0,2733,66678,2712,38255,2735,104933,California
Sonoma,2021-02-25,5636,149019,2220,76545,3416,72474,0,0,2967,66997,2648,40903,2967,107900,California
Sonoma,2021-02-26,5994,155013,2729,79274,3265,75739,0,0,3728,68464,2261,43164,3728,111628,California
Sonoma,2021-02-27,3996,159009,1903,81177,2093,77832,0,0,2666,69802,1328,44492,2666,114294,California
Sonoma,2021-02-28,2325,161334,1843,83020,482,78314,0,0,613,68709,1706,46198,613,114907,California
Sonoma,2021-03-01,3654,164988,1122,84142,2532,80846,0,0,1811,68686,1835,48033,1812,116719,California
Sonoma,2021-03-02,4200,169188,1453,85595,2747,83593,0,0,2477,69448,1715,49748,2477,119196,California
Sonoma,2021-03-03,4766,173954,2496,88091,2270,85863,0,0,2187,69063,2572,52320,2187,121383,California
Sonoma,2021-03-04,5668,179622,2433,90524,3235,89098,0,0,2559,68526,3096,55416,2559,123942,California
Sonoma,2021-03-05,6134,185756,2538,93062,3581,92679,15,15,2702,67824,3420,58836,2718,126660,California
Sonoma,2021-03-06,2741,188497,1203,94265,1410,94089,128,143,1890,68995,846,59682,2017,128677,California
Sonoma,2021-03-07,1671,190168,1388,95653,250,94339,33,176,355,68069,1314,60996,388,129065,California
Sonoma,2021-03-08,3878,194046,651,96304,3053,97392,174,350,2219,68811,1649,62645,2391,131456,California
Sonoma,2021-03-09,5392,199438,2994,99298,2158,99550,240,590,2654,68973,2732,65377,2894,134350,California
Sonoma,2021-03-10,5923,205361,3161,102459,2438,101988,324,914,2393,68174,3516,68893,2717,137067,California
Sonoma,2021-03-11,7451,212812,2969,105428,3674,105662,808,1722,2631,66801,4812,73705,3439,140506,California
Sonoma,2021-03-12,7338,220150,2248,107676,3740,109402,1350,3072,2092,65010,5229,78934,3438,143944,California
Sonoma,2021-03-13,3163,223313,1538,109214,1394,110796,231,3303,1795,65668,1367,80301,2025,145969,California
Sonoma,2021-03-14,1372,224685,382,109596,849,111645,141,3444,845,66129,524,80825,985,146954,California
Sonoma,2021-03-15,5202,229887,1486,111082,3331,114976,385,3829,2189,65697,3005,83830,2573,149527,California
Sonoma,2021-03-16,6243,236130,2217,113299,3794,118770,232,4061,3157,66004,3082,86912,3389,152916,California
Sonoma,2021-03-17,6722,242852,3512,116811,3031,121801,179,4240,3539,66549,3174,90086,3719,156635,California
Sonoma,2021-03-18,7061,249913,2917,119728,3534,125335,610,4850,3154,66408,3902,93988,3761,160396,California
Sonoma,2021-03-19,7440,257353,3210,122938,3999,129334,231,5081,3305,65831,4117,98105,3540,163936,California
Sonoma,2021-03-20,3620,260973,1736,124674,1054,130388,830,5911,1964,66976,1649,99754,2794,166730,California
Sonoma,2021-03-21,1372,262345,603,125277,736,131124,33,5944,1207,68054,162,99916,1240,167970,California
Sonoma,2021-03-22,4474,266819,3078,128355,1296,132420,100,6044,3533,70750,938,100854,3634,171604,California
Sonoma,2021-03-23,5762,272581,3580,131935,2107,134527,75,6119,4644,74360,1110,101964,4720,176324,California
Sonoma,2021-03-24,6572,279153,4257,136192,2250,136777,65,6184,4152,76172,2404,104368,4216,180540,California
Sonoma,2021-03-25,6874,286027,4131,140323,2640,139417,103,6287,4274,77970,2579,106947,4377,184917,California
Sonoma,2021-03-26,7205,293232,3413,143736,3705,143122,87,6374,3983,78831,3209,110156,4070,188987,California
Sonoma,2021-03-27,3771,297003,1491,145227,1918,145040,362,6736,1125,77676,2641,112797,1486,190473,California
Sonoma,2021-03-28,1497,298500,943,146170,527,145567,27,6763,944,78095,552,113349,971,191444,California
Sonoma,2021-03-29,2820,301320,1084,147254,1703,147270,33,6796,1614,78543,1199,114548,1647,193091,California
Sonoma,2021-03-30,5626,306946,3111,150365,2454,149724,61,6857,3042,79069,2578,117126,3104,196195,California
Sonoma,2021-03-31,5464,312410,3326,153691,1927,151651,211,7068,3300,80426,2154,119280,3511,199706,California
Sonoma,2021-04-01,6644,319054,3959,157650,2356,154007,329,7397,3578,81276,3053,122333,3903,203609,California
Sonoma,2021-04-02,5883,324937,3531,161181,2244,156251,108,7505,3562,82630,2317,124650,3671,207280,California
Sonoma,2021-04-03,3353,328290,1639,162820,1496,157747,218,7723,1479,82463,1864,126514,1697,208977,California
Sonoma,2021-04-04,1050,329340,681,163501,279,158026,90,7813,666,82836,383,126897,756,209733,California
Sonoma,2021-04-05,4324,333664,575,164076,3429,161455,320,8133,1789,82416,2529,129426,2109,211842,California
Sonoma,2021-04-06,6731,340395,3434,167510,2916,164371,381,8514,3933,83943,2786,132212,4313,216155,California
Sonoma,2021-04-07,6650,347045,3798,171308,2073,166444,779,9293,3248,84570,3396,135608,4023,220178,California
Sonoma,2021-04-08,7214,354259,4062,175370,2503,168947,649,9942,3972,85956,3233,138841,4619,224797,California
Sonoma,2021-04-09,4210,358469,2217,177587,1572,170519,421,10363,2145,86461,2056,140897,2561,227358,California
Stanislaus,2020-12-15,2,2,2,2,0,0,0,0,2,2,0,0,2,2,California
Stanislaus,2020-12-16,37,39,37,39,0,0,0,0,37,39,0,0,37,39,California
Stanislaus,2020-12-17,73,112,73,112,0,0,0,0,73,112,0,0,73,112,California
Stanislaus,2020-12-18,428,540,421,533,7,7,0,0,428,540,0,0,428,540,California
Stanislaus,2020-12-19,191,731,191,724,0,7,0,0,191,731,0,0,191,731,California
Stanislaus,2020-12-20,125,856,125,849,0,7,0,0,125,856,0,0,125,856,California
Stanislaus,2020-12-21,1124,1980,1121,1970,3,10,0,0,1123,1979,0,0,1123,1979,California
Stanislaus,2020-12-22,849,2829,837,2807,12,22,0,0,849,2828,0,0,849,2828,California
Stanislaus,2020-12-23,460,3289,443,3250,17,39,0,0,459,3287,0,0,459,3287,California
Stanislaus,2020-12-24,97,3386,88,3338,9,48,0,0,97,3384,0,0,97,3384,California
Stanislaus,2020-12-26,50,3436,8,3346,42,90,0,0,50,3434,0,0,50,3434,California
Stanislaus,2020-12-27,10,3446,5,3351,5,95,0,0,10,3444,0,0,10,3444,California
Stanislaus,2020-12-28,501,3947,405,3756,96,191,0,0,501,3945,0,0,501,3945,California
Stanislaus,2020-12-29,504,4451,429,4185,75,266,0,0,504,4449,0,0,504,4449,California
Stanislaus,2020-12-30,539,4990,283,4468,256,522,0,0,539,4987,1,1,539,4988,California
Stanislaus,2020-12-31,314,5304,171,4639,143,665,0,0,316,5303,0,1,316,5304,California
Stanislaus,2021-01-01,8,5312,1,4640,7,672,0,0,8,5311,0,1,8,5312,California
Stanislaus,2021-01-02,31,5343,24,4664,7,679,0,0,31,5342,0,1,31,5343,California
Stanislaus,2021-01-03,88,5431,85,4749,3,682,0,0,88,5430,0,1,88,5431,California
Stanislaus,2021-01-04,117,5548,33,4782,84,766,0,0,120,5550,0,1,120,5551,California
Stanislaus,2021-01-05,853,6401,336,5118,517,1283,0,0,822,6355,23,24,828,6379,California
Stanislaus,2021-01-06,976,7377,546,5664,430,1713,0,0,901,7193,64,88,902,7281,California
Stanislaus,2021-01-07,1103,8480,712,6376,391,2104,0,0,977,8058,113,201,978,8259,California
Stanislaus,2021-01-08,1319,9799,754,7130,565,2669,0,0,947,8643,366,567,951,9210,California
Stanislaus,2021-01-09,284,10083,141,7271,143,2812,0,0,194,8747,90,657,194,9404,California
Stanislaus,2021-01-10,48,10131,21,7292,27,2839,0,0,29,8757,19,676,29,9433,California
Stanislaus,2021-01-11,1549,11680,1263,8555,286,3125,0,0,604,8435,940,1616,618,10051,California
Stanislaus,2021-01-12,1492,13172,889,9444,603,3728,0,0,833,8618,655,2271,838,10889,California
Stanislaus,2021-01-13,1442,14614,677,10121,765,4493,0,0,1116,9415,325,2596,1122,12011,California
Stanislaus,2021-01-14,2213,16827,280,10401,1933,6426,0,0,2062,11382,149,2745,2116,14127,California
Stanislaus,2021-01-15,2881,19708,1142,11543,1739,8165,0,0,2726,14041,133,2878,2792,16919,California
Stanislaus,2021-01-16,564,20272,49,11592,515,8680,0,0,549,14578,14,2892,551,17470,California
Stanislaus,2021-01-17,241,20513,200,11792,41,8721,0,0,236,14809,5,2897,236,17706,California
Stanislaus,2021-01-18,2176,22689,1018,12810,1158,9879,0,0,1806,16308,367,3264,1866,19572,California
Stanislaus,2021-01-19,1270,23959,737,13547,533,10412,0,0,810,16662,457,3721,811,20383,California
Stanislaus,2021-01-20,993,24952,480,14027,513,10925,0,0,701,17072,291,4012,701,21084,California
Stanislaus,2021-01-21,3672,28624,2957,16984,715,11640,0,0,3355,20199,315,4327,3442,24526,California
Stanislaus,2021-01-22,1091,29715,307,17291,784,12424,0,0,1048,21212,39,4366,1052,25578,California
Stanislaus,2021-01-23,342,30057,38,17329,304,12728,0,0,288,21450,54,4420,292,25870,California
Stanislaus,2021-01-24,288,30345,99,17428,189,12917,0,0,222,21608,66,4486,224,26094,California
Stanislaus,2021-01-25,3140,33485,218,17646,2922,15839,0,0,2838,24272,303,4789,2967,29061,California
Stanislaus,2021-01-26,1730,35215,737,18383,993,16832,0,0,1312,25185,414,5203,1327,30388,California
Stanislaus,2021-01-27,1824,37039,970,19353,854,17686,0,0,1169,25707,648,5851,1170,31558,California
Stanislaus,2021-01-28,2248,39287,1496,20849,752,18438,0,0,1759,27037,478,6329,1808,33366,California
Stanislaus,2021-01-29,2477,41764,1199,22048,1278,19716,0,0,1947,28544,482,6811,1989,35355,California
Stanislaus,2021-01-30,297,42061,121,22169,176,19892,0,0,247,28739,52,6863,247,35602,California
Stanislaus,2021-01-31,364,42425,311,22480,53,19945,0,0,363,29092,10,6873,363,35965,California
Stanislaus,2021-02-01,1258,43683,539,23019,719,20664,0,0,919,29685,326,7199,919,36884,California
Stanislaus,2021-02-02,1244,44927,371,23390,873,21537,0,0,790,30035,444,7643,794,37678,California
Stanislaus,2021-02-03,2489,47416,1070,24460,1419,22956,0,0,1814,31183,671,8314,1819,39497,California
Stanislaus,2021-02-04,2094,49510,715,25175,1379,24335,0,0,1585,32268,504,8818,1589,41086,California
Stanislaus,2021-02-05,2843,52353,1449,26624,1394,25729,0,0,1607,32691,1188,10006,1611,42697,California
Stanislaus,2021-02-06,1009,53362,287,26911,722,26451,0,0,821,33326,187,10193,822,43519,California
Stanislaus,2021-02-07,211,53573,187,27098,24,26475,0,0,41,33199,169,10362,42,43561,California
Stanislaus,2021-02-08,2016,55589,1307,28405,709,27184,0,0,1115,33441,875,11237,1117,44678,California
Stanislaus,2021-02-09,1864,57453,787,29192,1077,28261,0,0,1095,33771,768,12005,1098,45776,California
Stanislaus,2021-02-10,1973,59426,563,29755,1410,29671,0,0,1060,33937,896,12901,1062,46838,California
Stanislaus,2021-02-11,5525,64951,3407,33162,2118,31789,0,0,1405,31386,3960,16861,1409,48247,California
Stanislaus,2021-02-12,3525,68476,1101,34263,2424,34213,0,0,1661,31232,1816,18677,1662,49909,California
Stanislaus,2021-02-13,1531,70007,744,35007,787,35000,0,0,1084,31875,446,19123,1089,50998,California
Stanislaus,2021-02-14,421,70428,170,35177,251,35251,0,0,356,32166,65,19188,356,51354,California
Stanislaus,2021-02-15,1839,72267,254,35431,1585,36836,0,0,630,31689,1112,20300,635,51989,California
Stanislaus,2021-02-16,1383,73650,412,35843,971,37807,0,0,611,31535,767,21067,613,52602,California
Stanislaus,2021-02-17,2739,76389,1659,37502,1080,38887,0,0,1972,32744,770,21837,1979,54581,California
Stanislaus,2021-02-18,3384,79773,1873,39375,1511,40398,0,0,1835,33106,1481,23318,1843,56424,California
Stanislaus,2021-02-19,2778,82551,1044,40419,1734,42132,0,0,1568,33499,1184,24502,1577,58001,California
Stanislaus,2021-02-20,753,83304,369,40788,384,42516,0,0,497,33750,247,24749,498,58499,California
Stanislaus,2021-02-21,864,84168,653,41441,211,42727,0,0,525,33960,326,25075,536,59035,California
Stanislaus,2021-02-22,2366,86534,1674,43115,692,43419,0,0,1660,34938,684,25759,1662,60697,California
Stanislaus,2021-02-23,3696,90230,676,43791,3020,46439,0,0,1753,34880,1815,27574,1757,62454,California
Stanislaus,2021-02-24,4194,94424,2852,46643,1342,47781,0,0,3195,37092,986,28560,3198,65652,California
Stanislaus,2021-02-25,3921,98345,2641,49284,1280,49061,0,0,3122,39431,786,29346,3125,68777,California
Stanislaus,2021-02-26,4231,102576,1212,50496,3019,52080,0,0,2871,40988,1323,30669,2880,71657,California
Stanislaus,2021-02-27,2203,104779,687,51183,1515,53595,1,1,1951,42710,230,30899,1952,73609,California
Stanislaus,2021-02-28,815,105594,265,51448,550,54145,0,1,766,43433,44,30943,767,74376,California
Stanislaus,2021-03-01,2776,108370,1593,53041,1183,55328,0,1,1648,43971,1114,32057,1652,76028,California
Stanislaus,2021-03-02,2399,110769,1421,54462,978,56306,0,1,1665,44906,730,32787,1665,77693,California
Stanislaus,2021-03-03,3757,114526,2254,56716,1500,57806,3,4,2908,46974,840,33627,2908,80601,California
Stanislaus,2021-03-04,5577,120103,3224,59940,2335,60141,18,22,4241,49909,1318,34945,4253,84854,California
Stanislaus,2021-03-05,4268,124371,1307,61247,2944,63085,17,39,3144,51958,1111,36056,3160,88014,California
Stanislaus,2021-03-06,3759,128130,2263,63510,1403,64488,93,132,2738,53769,1021,37077,2832,90846,California
Stanislaus,2021-03-07,842,128972,385,63895,420,64908,37,169,652,54273,184,37261,688,91534,California
Stanislaus,2021-03-08,2053,131025,921,64816,1044,65952,88,257,1323,54962,722,37983,1411,92945,California
Stanislaus,2021-03-09,2262,133287,944,65760,1225,67177,93,350,1702,56207,552,38535,1797,94742,California
Stanislaus,2021-03-10,5084,138371,2504,68264,2359,69536,221,571,3762,58895,1308,39843,3996,98738,California
Stanislaus,2021-03-11,5812,144183,3154,71418,2177,71713,481,1052,4228,62178,1428,41271,4711,103449,California
Stanislaus,2021-03-12,5781,149964,1229,72647,2619,74332,1933,2985,2931,64203,2840,44111,4865,108314,California
Stanislaus,2021-03-13,3423,153387,2143,74790,1213,75545,67,3052,2755,66366,664,44775,2827,111141,California
Stanislaus,2021-03-14,971,154358,579,75369,340,75885,52,3104,487,66425,483,45258,542,111683,California
Stanislaus,2021-03-15,3736,158094,1969,77338,1391,77276,376,3480,1642,66447,2004,47262,2026,113709,California
Stanislaus,2021-03-16,4961,163055,2431,79769,2088,79364,442,3922,3547,69035,1400,48662,3988,117697,California
Stanislaus,2021-03-17,4927,167982,2994,82763,1752,81116,181,4103,3083,70474,1831,50493,3270,120967,California
Stanislaus,2021-03-18,5717,173699,3536,86299,2115,83231,66,4169,3265,71497,2313,52806,3336,124303,California
Stanislaus,2021-03-19,6363,180062,1741,88040,3093,86324,1529,5698,3479,73646,2860,55666,5009,129312,California
Stanislaus,2021-03-20,3971,184033,2931,90971,970,87294,70,5768,3511,76773,454,56120,3581,132893,California
Stanislaus,2021-03-21,985,185018,886,91857,34,87328,65,5833,751,77354,233,56353,814,133707,California
Stanislaus,2021-03-22,2843,187861,1331,93188,786,88114,726,6559,1253,77756,1578,57931,1980,135687,California
Stanislaus,2021-03-23,3944,191805,1999,95187,1683,89797,262,6821,2815,79729,1118,59049,3091,138778,California
Stanislaus,2021-03-24,4540,196345,3190,98377,1282,91079,68,6889,2653,80603,1849,60898,2723,141501,California
Stanislaus,2021-03-25,4422,200767,3025,101402,1380,92459,17,6906,1975,80222,2374,63272,1993,143494,California
Stanislaus,2021-03-26,4787,205554,1384,102786,3328,95787,75,6981,2430,80409,2330,65602,2517,146011,California
Stanislaus,2021-03-27,4392,209946,2695,105481,1674,97461,23,7004,1357,78783,3020,68622,1394,147405,California
Stanislaus,2021-03-28,1180,211126,443,105924,551,98012,186,7190,349,78506,826,69448,549,147954,California
Stanislaus,2021-03-29,3019,214145,1806,107730,1175,99187,38,7228,2024,79586,989,70437,2069,150023,California
Stanislaus,2021-03-30,3674,217819,2069,109799,1576,100763,29,7257,2250,80455,1419,71856,2288,152311,California
Stanislaus,2021-03-31,5465,223284,3843,113642,1487,102250,135,7392,2781,80714,2672,74528,2931,155242,California
Stanislaus,2021-04-01,5755,229039,3798,117440,1869,104119,88,7480,2651,80383,3096,77624,2765,158007,California
Stanislaus,2021-04-02,4976,234015,1249,118689,3595,107714,132,7612,2261,80157,2637,80261,2411,160418,California
Stanislaus,2021-04-03,4479,238494,3207,121896,1235,108949,37,7649,2185,80120,2286,82547,2249,162667,California
Stanislaus,2021-04-04,1307,239801,481,122377,804,109753,22,7671,656,80160,648,83195,688,163355,California
Stanislaus,2021-04-05,3679,243480,2499,124876,873,110626,307,7978,2356,81509,1320,84515,2669,166024,California
Stanislaus,2021-04-06,5613,249093,4082,128958,1276,111902,255,8233,2988,82154,2618,87133,3263,169287,California
Stanislaus,2021-04-07,5772,254865,3127,132085,2248,114150,397,8630,2398,81601,3365,90498,2812,172099,California
Stanislaus,2021-04-08,5187,260052,2986,135071,1750,115900,451,9081,2516,81915,2664,93162,2978,175077,California
Stanislaus,2021-04-09,3522,263574,1410,136481,1829,117729,283,9364,1548,81796,1965,95127,1846,176923,California
Sutter,2020-12-15,1,1,1,1,0,0,0,0,1,1,0,0,1,1,California
Sutter,2020-12-16,4,5,4,5,0,0,0,0,4,5,0,0,4,5,California
Sutter,2020-12-17,2,7,2,7,0,0,0,0,2,7,0,0,2,7,California
Sutter,2020-12-18,20,27,20,27,0,0,0,0,20,27,0,0,20,27,California
Sutter,2020-12-19,44,71,44,71,0,0,0,0,44,71,0,0,44,71,California
Sutter,2020-12-20,42,113,42,113,0,0,0,0,42,113,0,0,42,113,California
Sutter,2020-12-21,100,213,100,213,0,0,0,0,100,213,0,0,100,213,California
Sutter,2020-12-22,172,385,172,385,0,0,0,0,172,385,0,0,172,385,California
Sutter,2020-12-23,114,499,110,495,4,4,0,0,114,499,0,0,114,499,California
Sutter,2020-12-24,17,516,11,506,6,10,0,0,17,516,0,0,17,516,California
Sutter,2020-12-26,39,555,35,541,4,14,0,0,39,555,0,0,39,555,California
Sutter,2020-12-27,24,579,23,564,1,15,0,0,24,579,0,0,24,579,California
Sutter,2020-12-28,83,662,55,619,28,43,0,0,83,662,0,0,83,662,California
Sutter,2020-12-29,100,762,14,633,86,129,0,0,100,762,0,0,100,762,California
Sutter,2020-12-30,136,898,34,667,102,231,0,0,136,898,0,0,136,898,California
Sutter,2020-12-31,70,968,6,673,64,295,0,0,70,968,0,0,70,968,California
Sutter,2021-01-01,3,971,3,676,0,295,0,0,3,971,0,0,3,971,California
Sutter,2021-01-02,133,1104,131,807,2,297,0,0,133,1104,0,0,133,1104,California
Sutter,2021-01-03,1,1105,0,807,1,298,0,0,1,1105,0,0,1,1105,California
Sutter,2021-01-04,249,1354,140,947,109,407,0,0,249,1354,0,0,249,1354,California
Sutter,2021-01-05,99,1453,56,1003,43,450,0,0,97,1449,2,2,97,1451,California
Sutter,2021-01-06,205,1658,51,1054,154,604,0,0,200,1644,5,7,200,1651,California
Sutter,2021-01-07,253,1911,151,1205,102,706,0,0,244,1880,8,15,244,1895,California
Sutter,2021-01-08,146,2057,40,1245,106,812,0,0,129,1992,17,32,129,2024,California
Sutter,2021-01-09,44,2101,43,1288,1,813,0,0,3,1954,41,73,3,2027,California
Sutter,2021-01-10,397,2498,37,1325,360,1173,0,0,359,2276,37,110,359,2386,California
Sutter,2021-01-11,132,2630,114,1439,18,1191,0,0,26,2196,106,216,26,2412,California
Sutter,2021-01-12,200,2830,163,1602,37,1228,0,0,57,2110,143,359,57,2469,California
Sutter,2021-01-13,160,2990,98,1700,62,1290,0,0,72,2094,88,447,72,2541,California
Sutter,2021-01-14,144,3134,49,1749,95,1385,0,0,125,2200,19,466,125,2666,California
Sutter,2021-01-15,432,3566,130,1879,302,1687,0,0,417,2602,15,481,417,3083,California
Sutter,2021-01-16,387,3953,42,1921,345,2032,0,0,355,2926,31,512,355,3438,California
Sutter,2021-01-17,25,3978,23,1944,2,2034,0,0,9,2919,16,528,9,3447,California
Sutter,2021-01-18,116,4094,61,2005,55,2089,0,0,69,2941,47,575,69,3516,California
Sutter,2021-01-19,102,4196,42,2047,60,2149,0,0,77,2993,25,600,77,3593,California
Sutter,2021-01-20,255,4451,191,2238,64,2213,0,0,235,3208,20,620,235,3828,California
Sutter,2021-01-21,435,4886,266,2504,169,2382,0,0,416,3605,19,639,416,4244,California
Sutter,2021-01-22,269,5155,82,2586,187,2569,0,0,260,3856,9,648,260,4504,California
Sutter,2021-01-23,396,5551,40,2626,356,2925,0,0,370,4200,26,674,370,4874,California
Sutter,2021-01-24,17,5568,14,2640,3,2928,0,0,15,4213,2,676,15,4889,California
Sutter,2021-01-25,301,5869,195,2835,106,3034,0,0,148,4209,152,828,148,5037,California
Sutter,2021-01-26,244,6113,103,2938,141,3175,0,0,146,4258,97,925,146,5183,California
Sutter,2021-01-27,384,6497,254,3192,130,3305,0,0,319,4512,65,990,319,5502,California
Sutter,2021-01-28,521,7018,299,3491,222,3527,0,0,392,4775,129,1119,392,5894,California
Sutter,2021-01-29,416,7434,144,3635,272,3799,0,0,252,4863,164,1283,252,6146,California
Sutter,2021-01-30,775,8209,38,3673,737,4536,0,0,764,5616,11,1294,764,6910,California
Sutter,2021-01-31,27,8236,27,3700,0,4536,0,0,27,5643,0,1294,27,6937,California
Sutter,2021-02-01,162,8398,47,3747,115,4651,0,0,131,5743,31,1325,131,7068,California
Sutter,2021-02-02,241,8639,26,3773,215,4866,0,0,211,5924,30,1355,211,7279,California
Sutter,2021-02-03,444,9083,38,3811,406,5272,0,0,209,5898,235,1590,209,7488,California
Sutter,2021-02-04,668,9751,365,4176,303,5575,0,0,618,6466,50,1640,618,8106,California
Sutter,2021-02-05,284,10035,31,4207,253,5828,0,0,134,6450,150,1790,134,8240,California
Sutter,2021-02-06,735,10770,27,4234,708,6536,0,0,716,7147,19,1809,716,8956,California
Sutter,2021-02-07,22,10792,19,4253,3,6539,0,0,19,7163,3,1812,19,8975,California
Sutter,2021-02-08,133,10925,28,4281,105,6644,0,0,97,7224,36,1848,97,9072,California
Sutter,2021-02-09,246,11171,45,4326,201,6845,0,0,185,7348,61,1909,185,9257,California
Sutter,2021-02-10,801,11972,380,4706,421,7266,0,0,175,6898,625,2534,175,9432,California
Sutter,2021-02-11,602,12574,273,4979,329,7595,0,0,374,7044,228,2762,374,9806,California
Sutter,2021-02-12,625,13199,67,5046,558,8153,0,0,309,7037,316,3078,309,10115,California
Sutter,2021-02-13,898,14097,49,5095,849,9002,0,0,782,7703,116,3194,782,10897,California
Sutter,2021-02-14,90,14187,24,5119,66,9068,0,0,80,7773,10,3204,80,10977,California
Sutter,2021-02-15,195,14382,69,5188,126,9194,0,0,121,7820,74,3278,121,11098,California
Sutter,2021-02-16,287,14669,44,5232,243,9437,0,0,204,7942,82,3360,204,11302,California
Sutter,2021-02-17,827,15496,432,5664,395,9832,0,0,127,7369,700,4060,127,11429,California
Sutter,2021-02-18,695,16191,50,5714,645,10477,0,0,485,7645,209,4269,485,11914,California
Sutter,2021-02-19,661,16852,377,6091,284,10761,0,0,461,7908,198,4467,461,12375,California
Sutter,2021-02-20,615,17467,52,6143,563,11324,0,0,513,8319,102,4569,513,12888,California
Sutter,2021-02-21,29,17496,26,6169,3,11327,0,0,6,8302,23,4592,6,12894,California
Sutter,2021-02-22,207,17703,123,6292,84,11411,0,0,87,8269,120,4712,87,12981,California
Sutter,2021-02-23,220,17923,32,6324,188,11599,0,0,97,8243,123,4835,97,13078,California
Sutter,2021-02-24,955,18878,348,6672,607,12206,0,0,188,7665,766,5601,188,13266,California
Sutter,2021-02-25,768,19646,487,7159,281,12487,0,0,591,8082,174,5775,591,13857,California
Sutter,2021-02-26,365,20011,59,7218,306,12793,0,0,151,8021,212,5987,151,14008,California
Sutter,2021-02-27,863,20874,42,7260,821,13614,0,0,707,8571,157,6144,707,14715,California
Sutter,2021-02-28,82,20956,37,7297,45,13659,0,0,65,8619,17,6161,65,14780,California
Sutter,2021-03-01,246,21202,61,7358,185,13844,0,0,150,8673,96,6257,150,14930,California
Sutter,2021-03-02,333,21535,56,7414,277,14121,0,0,160,8661,172,6429,160,15090,California
Sutter,2021-03-03,1371,22906,502,7916,869,14990,0,0,634,8564,731,7160,634,15724,California
Sutter,2021-03-04,1249,24155,860,8776,389,15379,0,0,952,9223,293,7453,952,16676,California
Sutter,2021-03-05,328,24483,71,8847,256,15635,1,1,194,9285,133,7586,195,16871,California
Sutter,2021-03-06,1016,25499,42,8889,969,16604,5,6,855,9984,161,7747,860,17731,California
Sutter,2021-03-07,62,25561,23,8912,38,16642,1,7,42,10007,20,7767,43,17774,California
Sutter,2021-03-08,224,25785,76,8988,135,16777,13,20,157,10110,67,7834,170,17944,California
Sutter,2021-03-09,382,26167,134,9122,235,17012,13,33,179,10100,202,8036,192,18136,California
Sutter,2021-03-10,1564,27731,680,9802,823,17835,61,94,520,9640,1041,9077,581,18717,California
Sutter,2021-03-11,891,28622,437,10239,435,18270,19,113,646,10062,243,9320,665,19382,California
Sutter,2021-03-12,658,29280,108,10347,368,18638,182,295,192,9971,464,9784,373,19755,California
Sutter,2021-03-13,975,30255,749,11096,209,18847,17,312,781,10577,192,9976,798,20553,California
Sutter,2021-03-14,127,30382,20,11116,96,18943,11,323,41,10543,86,10062,52,20605,California
Sutter,2021-03-15,318,30700,68,11184,201,19144,49,372,150,10575,167,10229,199,20804,California
Sutter,2021-03-16,384,31084,86,11270,252,19396,46,418,207,10651,177,10406,253,21057,California
Sutter,2021-03-17,1478,32562,554,11824,905,20301,19,437,304,9808,1166,11572,323,21380,California
Sutter,2021-03-18,957,33519,165,11989,594,20895,198,635,572,10193,384,11956,769,22149,California
Sutter,2021-03-19,446,33965,149,12138,268,21163,29,664,270,10319,173,12129,299,22448,California
Sutter,2021-03-20,945,34910,114,12252,820,21983,11,675,859,11103,86,12215,870,23318,California
Sutter,2021-03-21,63,34973,45,12297,15,21998,3,678,34,11111,29,12244,37,23355,California
Sutter,2021-03-22,286,35259,119,12416,141,22139,26,704,210,11271,76,12320,236,23591,California
Sutter,2021-03-23,349,35608,117,12533,200,22339,32,736,236,11426,113,12433,268,23859,California
Sutter,2021-03-24,1625,37233,719,13252,837,23176,69,805,312,10506,1301,13734,381,24240,California
Sutter,2021-03-25,1013,38246,671,13923,301,23477,41,846,351,10238,660,14394,392,24632,California
Sutter,2021-03-26,478,38724,169,14092,292,23769,17,863,290,10360,185,14579,307,24939,California
Sutter,2021-03-27,930,39654,64,14156,864,24633,2,865,822,11080,104,14683,824,25763,California
Sutter,2021-03-28,125,39779,71,14227,54,24687,0,865,79,11114,45,14728,79,25842,California
Sutter,2021-03-29,419,40198,140,14367,224,24911,55,920,223,11197,195,14923,278,26120,California
Sutter,2021-03-30,474,40672,159,14526,306,25217,9,929,319,11370,155,15078,328,26448,California
Sutter,2021-03-31,1233,41905,173,14699,1043,26260,17,946,456,11074,768,15846,472,26920,California
Sutter,2021-04-01,1362,43267,723,15422,452,26712,187,1133,407,10720,949,16795,595,27515,California
Sutter,2021-04-02,488,43755,93,15515,293,27005,102,1235,204,10740,283,17078,303,27818,California
Sutter,2021-04-03,895,44650,56,15571,209,27214,630,1865,109,10694,785,17863,739,28557,California
Sutter,2021-04-04,116,44766,21,15592,89,27303,6,1871,56,10696,60,17923,62,28619,California
Sutter,2021-04-05,357,45123,139,15731,183,27486,35,1906,169,10715,185,18108,204,28823,California
Sutter,2021-04-06,474,45597,184,15915,232,27718,58,1964,244,10788,229,18337,302,29125,California
Sutter,2021-04-07,1386,46983,844,16759,477,28195,65,2029,560,10591,822,19159,625,29750,California
Sutter,2021-04-08,989,47972,554,17313,327,28522,108,2137,533,10782,449,19608,640,30390,California
Sutter,2021-04-09,280,48252,100,17413,151,28673,29,2166,107,10747,171,19779,136,30526,California
Tehama,2020-12-15,1,1,1,1,0,0,0,0,1,1,0,0,1,1,California
Tehama,2020-12-16,2,3,2,3,0,0,0,0,2,3,0,0,2,3,California
Tehama,2020-12-17,12,15,12,15,0,0,0,0,12,15,0,0,12,15,California
Tehama,2020-12-18,2,17,2,17,0,0,0,0,3,18,0,0,3,18,California
Tehama,2020-12-21,33,50,33,50,0,0,0,0,33,51,0,0,33,51,California
Tehama,2020-12-22,68,118,62,112,6,6,0,0,68,119,0,0,68,119,California
Tehama,2020-12-23,48,166,40,152,8,14,0,0,48,167,0,0,48,167,California
Tehama,2020-12-24,5,171,3,155,2,16,0,0,5,172,0,0,5,172,California
Tehama,2020-12-26,3,174,2,157,1,17,0,0,3,175,0,0,3,175,California
Tehama,2020-12-27,2,176,2,159,0,17,0,0,2,177,0,0,2,177,California
Tehama,2020-12-28,56,232,43,202,13,30,0,0,56,233,0,0,56,233,California
Tehama,2020-12-29,31,263,31,233,0,30,0,0,31,264,0,0,31,264,California
Tehama,2020-12-30,54,317,38,271,16,46,0,0,53,317,0,0,53,317,California
Tehama,2020-12-31,14,331,4,275,10,56,0,0,14,331,0,0,14,331,California
Tehama,2021-01-01,2,333,0,275,2,58,0,0,2,333,0,0,2,333,California
Tehama,2021-01-04,31,364,8,283,23,81,0,0,31,364,0,0,31,364,California
Tehama,2021-01-05,71,435,44,327,27,108,0,0,68,429,3,3,68,432,California
Tehama,2021-01-06,71,506,21,348,50,158,0,0,62,483,8,11,62,494,California
Tehama,2021-01-07,56,562,7,355,49,207,0,0,55,537,1,12,55,549,California
Tehama,2021-01-08,30,592,24,379,6,213,0,0,25,557,5,17,25,574,California
Tehama,2021-01-09,7,599,5,384,2,215,0,0,5,560,2,19,5,579,California
Tehama,2021-01-10,1,600,0,384,1,216,0,0,1,561,0,19,1,580,California
Tehama,2021-01-11,47,647,46,430,1,217,0,0,14,542,33,52,14,594,California
Tehama,2021-01-12,115,762,95,525,20,237,0,0,70,567,45,97,70,664,California
Tehama,2021-01-13,72,834,55,580,17,254,0,0,26,547,46,143,26,690,California
Tehama,2021-01-14,224,1058,50,630,174,428,0,0,222,767,2,145,222,912,California
Tehama,2021-01-15,246,1304,74,704,172,600,0,0,242,1005,4,149,242,1154,California
Tehama,2021-01-16,274,1578,27,731,247,847,0,0,271,1273,3,152,271,1425,California
Tehama,2021-01-17,13,1591,9,740,4,851,0,0,11,1282,2,154,11,1436,California
Tehama,2021-01-18,10,1601,6,746,4,855,0,0,5,1282,5,159,5,1441,California
Tehama,2021-01-19,287,1888,61,807,226,1081,0,0,232,1459,55,214,232,1673,California
Tehama,2021-01-20,302,2190,87,894,215,1296,0,0,252,1662,49,263,252,1925,California
Tehama,2021-01-21,214,2404,11,905,203,1499,0,0,204,1856,10,273,204,2129,California
Tehama,2021-01-22,214,2618,12,917,202,1701,0,0,211,2064,3,276,211,2340,California
Tehama,2021-01-23,263,2881,10,927,253,1954,0,0,262,2325,1,277,262,2602,California
Tehama,2021-01-25,30,2911,13,940,17,1971,0,0,13,2321,17,294,13,2615,California
Tehama,2021-01-26,324,3235,42,982,282,2253,0,0,287,2571,37,331,287,2902,California
Tehama,2021-01-27,299,3534,21,1003,278,2531,0,0,279,2830,20,351,279,3181,California
Tehama,2021-01-28,340,3874,29,1032,311,2842,0,0,325,3140,15,366,325,3506,California
Tehama,2021-01-29,321,4195,19,1051,302,3144,0,0,304,3427,17,383,304,3810,California
Tehama,2021-01-30,103,4298,2,1053,101,3245,0,0,102,3528,1,384,102,3912,California
Tehama,2021-01-31,1,4299,0,1053,1,3246,0,0,1,3529,0,384,1,3913,California
Tehama,2021-02-01,77,4376,22,1075,55,3301,0,0,36,3524,41,425,36,3949,California
Tehama,2021-02-02,336,4712,63,1138,273,3574,0,0,239,3669,94,519,239,4188,California
Tehama,2021-02-03,367,5079,12,1150,355,3929,0,0,323,3948,44,563,323,4511,California
Tehama,2021-02-04,457,5536,99,1249,358,4287,0,0,378,4248,79,642,379,4890,California
Tehama,2021-02-05,161,5697,73,1322,88,4375,0,0,102,4291,59,701,102,4992,California
Tehama,2021-02-06,28,5725,13,1335,15,4390,0,0,16,4295,12,713,16,5008,California
Tehama,2021-02-07,5,5730,4,1339,1,4391,0,0,2,4294,3,716,2,5010,California
Tehama,2021-02-08,35,5765,14,1353,21,4412,0,0,27,4313,8,724,27,5037,California
Tehama,2021-02-09,76,5841,33,1386,43,4455,0,0,42,4321,34,758,42,5079,California
Tehama,2021-02-10,232,6073,61,1447,171,4626,0,0,158,4405,74,832,158,5237,California
Tehama,2021-02-11,219,6292,16,1463,203,4829,0,0,80,4348,137,969,80,5317,California
Tehama,2021-02-12,354,6646,57,1520,297,5126,0,0,173,4340,181,1150,173,5490,California
Tehama,2021-02-13,388,7034,13,1533,375,5501,0,0,147,4246,241,1391,147,5637,California
Tehama,2021-02-14,34,7068,0,1533,34,5535,0,0,33,4278,1,1392,33,5670,California
Tehama,2021-02-15,51,7119,9,1542,42,5577,0,0,45,4317,6,1398,45,5715,California
Tehama,2021-02-16,240,7359,16,1558,224,5801,0,0,58,4193,182,1580,58,5773,California
Tehama,2021-02-17,279,7638,11,1569,268,6069,0,0,53,4020,226,1806,53,5826,California
Tehama,2021-02-18,370,8008,33,1602,337,6406,0,0,146,3942,224,2030,146,5972,California
Tehama,2021-02-19,214,8222,19,1621,195,6601,0,0,43,3814,171,2201,43,6015,California
Tehama,2021-02-20,273,8495,6,1627,267,6868,0,0,26,3593,247,2448,26,6041,California
Tehama,2021-02-22,36,8531,13,1640,23,6891,0,0,24,3605,12,2460,24,6065,California
Tehama,2021-02-23,46,8577,19,1659,27,6918,0,0,26,3611,20,2480,26,6091,California
Tehama,2021-02-24,299,8876,12,1671,287,7205,0,0,26,3364,273,2753,26,6117,California
Tehama,2021-02-25,377,9253,61,1732,316,7521,0,0,37,3061,340,3093,37,6154,California
Tehama,2021-02-26,455,9708,19,1751,436,7957,0,0,70,2746,385,3478,70,6224,California
Tehama,2021-02-27,294,10002,5,1756,289,8246,0,0,34,2520,260,3738,34,6258,California
Tehama,2021-02-28,23,10025,2,1758,21,8267,0,0,20,2537,3,3741,20,6278,California
Tehama,2021-03-01,62,10087,8,1766,54,8321,0,0,28,2531,34,3775,28,6306,California
Tehama,2021-03-02,111,10198,18,1784,93,8414,0,0,29,2478,82,3857,29,6335,California
Tehama,2021-03-03,116,10314,34,1818,82,8496,0,0,47,2456,69,3926,47,6382,California
Tehama,2021-03-04,578,10892,22,1840,556,9052,0,0,218,2320,354,4280,218,6600,California
Tehama,2021-03-05,383,11275,18,1858,365,9417,0,0,214,2366,168,4448,214,6814,California
Tehama,2021-03-06,295,11570,17,1875,278,9695,0,0,80,2233,214,4662,81,6895,California
Tehama,2021-03-07,5,11575,1,1876,4,9699,0,0,3,2235,1,4663,3,6898,California
Tehama,2021-03-08,56,11631,12,1888,29,9728,15,15,25,2245,30,4693,40,6938,California
Tehama,2021-03-09,312,11943,5,1893,288,10016,19,34,257,2466,55,4748,276,7214,California
Tehama,2021-03-10,348,12291,11,1904,316,10332,21,55,67,2274,280,5028,88,7302,California
Tehama,2021-03-11,481,12772,16,1920,419,10751,46,101,338,2515,143,5171,384,7686,California
Tehama,2021-03-12,283,13055,16,1936,202,10953,65,166,165,2627,118,5289,230,7916,California
Tehama,2021-03-13,43,13098,8,1944,29,10982,6,172,6,2602,37,5326,12,7928,California
Tehama,2021-03-14,44,13142,3,1947,30,11012,11,183,2,2573,42,5368,13,7941,California
Tehama,2021-03-15,154,13296,21,1968,113,11125,20,203,87,2613,67,5435,107,8048,California
Tehama,2021-03-16,397,13693,14,1982,345,11470,38,241,298,2851,98,5533,336,8384,California
Tehama,2021-03-17,416,14109,23,2005,361,11831,32,273,331,3131,83,5616,363,8747,California
Tehama,2021-03-18,478,14587,24,2029,430,12261,24,297,300,3279,176,5792,324,9071,California
Tehama,2021-03-19,301,14888,23,2052,265,12526,13,310,259,3509,42,5834,272,9343,California
Tehama,2021-03-20,40,14928,8,2060,30,12556,2,312,28,3527,12,5846,30,9373,California
Tehama,2021-03-21,12,14940,5,2065,7,12563,0,312,12,3539,0,5846,12,9385,California
Tehama,2021-03-22,90,15030,7,2072,66,12629,17,329,49,3564,41,5887,66,9451,California
Tehama,2021-03-23,84,15114,23,2095,54,12683,7,336,65,3617,19,5906,72,9523,California
Tehama,2021-03-24,82,15196,15,2110,64,12747,3,339,53,3644,29,5935,56,9579,California
Tehama,2021-03-25,501,15697,340,2450,148,12895,13,352,454,4065,47,5982,468,10047,California
Tehama,2021-03-26,460,16157,352,2802,96,12991,12,364,385,4387,75,6057,397,10444,California
Tehama,2021-03-27,436,16593,347,3149,68,13059,21,385,373,4719,62,6119,394,10838,California
Tehama,2021-03-28,34,16627,13,3162,21,13080,0,385,22,4729,12,6131,22,10860,California
Tehama,2021-03-29,120,16747,30,3192,90,13170,0,385,76,4762,43,6174,76,10936,California
Tehama,2021-03-30,354,17101,206,3398,146,13316,2,387,240,4890,114,6288,242,11178,California
Tehama,2021-03-31,371,17472,270,3668,98,13414,3,390,298,5119,72,6360,301,11479,California
Tehama,2021-04-01,512,17984,237,3905,269,13683,6,396,382,5377,130,6490,388,11867,California
Tehama,2021-04-02,442,18426,204,4109,232,13915,6,402,257,5455,185,6675,263,12130,California
Tehama,2021-04-03,61,18487,3,4112,53,13968,5,407,30,5459,31,6706,35,12165,California
Tehama,2021-04-04,33,18520,6,4118,26,13994,1,408,22,5471,11,6717,23,12188,California
Tehama,2021-04-05,113,18633,19,4137,68,14062,26,434,58,5500,55,6772,84,12272,California
Tehama,2021-04-06,466,19099,100,4237,316,14378,50,484,163,5410,303,7075,213,12485,California
Tehama,2021-04-07,408,19507,280,4517,87,14465,41,525,301,5647,105,7180,342,12827,California
Tehama,2021-04-08,578,20085,171,4688,373,14838,34,559,225,5554,352,7532,259,13086,California
Tehama,2021-04-09,74,20159,17,4705,48,14886,9,568,24,5539,48,7580,33,13119,California
Trinity,2020-12-17,4,4,4,4,0,0,0,0,4,4,0,0,4,4,California
Trinity,2020-12-18,2,6,2,6,0,0,0,0,2,6,0,0,2,6,California
Trinity,2020-12-21,38,44,38,44,0,0,0,0,38,44,0,0,38,44,California
Trinity,2020-12-22,5,49,5,49,0,0,0,0,5,49,0,0,5,49,California
Trinity,2020-12-23,5,54,5,54,0,0,0,0,5,54,0,0,5,54,California
Trinity,2020-12-28,30,84,30,84,0,0,0,0,30,84,0,0,30,84,California
Trinity,2020-12-29,8,92,7,91,1,1,0,0,8,92,0,0,8,92,California
Trinity,2020-12-30,10,102,8,99,2,3,0,0,10,102,0,0,10,102,California
Trinity,2020-12-31,2,104,1,100,1,4,0,0,2,104,0,0,2,104,California
Trinity,2021-01-04,27,131,1,101,26,30,0,0,26,130,0,0,26,130,California
Trinity,2021-01-05,2,133,1,102,1,31,0,0,2,132,0,0,2,132,California
Trinity,2021-01-06,23,156,4,106,19,50,0,0,19,147,4,4,19,151,California
Trinity,2021-01-08,49,205,2,108,47,97,0,0,48,193,2,6,48,199,California
Trinity,2021-01-11,39,244,38,146,1,98,0,0,2,158,37,43,2,201,California
Trinity,2021-01-12,9,253,7,153,2,100,0,0,4,157,5,48,4,205,California
Trinity,2021-01-13,7,260,4,157,3,103,0,0,4,158,3,51,4,209,California
Trinity,2021-01-14,4,264,1,158,3,106,0,0,4,162,0,51,4,213,California
Trinity,2021-01-16,4,268,0,158,4,110,0,0,4,166,0,51,4,217,California
Trinity,2021-01-18,31,299,31,189,0,110,0,0,1,137,30,81,1,218,California
Trinity,2021-01-19,31,330,14,203,17,127,0,0,17,140,14,95,17,235,California
Trinity,2021-01-20,20,350,4,207,16,143,0,0,17,155,2,97,17,252,California
Trinity,2021-01-21,17,367,7,214,10,153,0,0,17,172,0,97,17,269,California
Trinity,2021-01-22,5,372,1,215,4,157,0,0,5,177,0,97,5,274,California
Trinity,2021-01-23,7,379,3,218,4,161,0,0,7,184,0,97,7,281,California
Trinity,2021-01-25,14,393,1,219,13,174,0,0,13,196,1,98,13,294,California
Trinity,2021-01-26,10,403,1,220,9,183,0,0,9,204,1,99,9,303,California
Trinity,2021-01-27,12,415,0,220,12,195,0,0,12,216,0,99,12,315,California
Trinity,2021-01-28,13,428,3,223,10,205,0,0,10,223,3,102,10,325,California
Trinity,2021-01-29,3,431,1,224,2,207,0,0,2,224,1,103,2,327,California
Trinity,2021-01-30,12,443,11,235,1,208,0,0,12,236,0,103,12,339,California
Trinity,2021-01-31,1,444,1,236,0,208,0,0,1,237,0,103,1,340,California
Trinity,2021-02-01,2,446,1,237,1,209,0,0,1,237,1,104,1,341,California
Trinity,2021-02-02,13,459,3,240,10,219,0,0,12,248,1,105,12,353,California
Trinity,2021-02-03,6,465,1,241,5,224,0,0,3,248,3,108,3,356,California
Trinity,2021-02-04,36,501,32,273,4,228,0,0,34,280,2,110,34,390,California
Trinity,2021-02-05,348,849,0,273,348,576,0,0,318,568,30,140,318,708,California
Trinity,2021-02-06,209,1058,5,278,204,780,0,0,202,763,7,147,202,910,California
Trinity,2021-02-07,1,1059,0,278,1,781,0,0,1,764,0,147,1,911,California
Trinity,2021-02-08,23,1082,0,278,23,804,0,0,15,771,8,155,15,926,California
Trinity,2021-02-09,21,1103,2,280,19,823,0,0,6,762,15,170,6,932,California
Trinity,2021-02-10,123,1226,10,290,113,936,0,0,103,845,20,190,103,1035,California
Trinity,2021-02-11,334,1560,2,292,332,1268,0,0,328,1167,6,196,328,1363,California
Trinity,2021-02-12,9,1569,6,298,3,1271,0,0,9,1176,0,196,9,1372,California
Trinity,2021-02-13,12,1581,5,303,7,1278,0,0,5,1174,7,203,5,1377,California
Trinity,2021-02-14,2,1583,2,305,0,1278,0,0,2,1176,0,203,2,1379,California
Trinity,2021-02-15,46,1629,0,305,46,1324,0,0,46,1222,0,203,46,1425,California
Trinity,2021-02-16,7,1636,2,307,5,1329,0,0,4,1223,3,206,4,1429,California
Trinity,2021-02-17,94,1730,2,309,92,1421,0,0,84,1297,10,216,84,1513,California
Trinity,2021-02-18,5,1735,0,309,5,1426,0,0,1,1295,3,219,1,1514,California
Trinity,2021-02-19,211,1946,3,312,208,1634,0,0,198,1480,13,232,198,1712,California
Trinity,2021-02-20,143,2089,14,326,129,1763,0,0,115,1567,28,260,115,1827,California
Trinity,2021-02-22,3,2092,0,326,3,1766,0,0,0,1564,3,263,0,1827,California
Trinity,2021-02-23,8,2100,4,330,4,1770,0,0,3,1562,5,268,3,1830,California
Trinity,2021-02-24,30,2130,8,338,22,1792,0,0,7,1546,23,291,7,1837,California
Trinity,2021-02-25,36,2166,23,361,13,1805,0,0,5,1520,31,322,5,1842,California
Trinity,2021-02-26,11,2177,1,362,10,1815,0,0,5,1519,6,328,5,1847,California
Trinity,2021-02-27,9,2186,7,369,2,1817,0,0,4,1518,5,333,4,1851,California
Trinity,2021-03-01,8,2194,0,369,8,1825,0,0,5,1520,3,336,5,1856,California
Trinity,2021-03-02,8,2202,3,372,5,1830,0,0,1,1514,7,343,1,1857,California
Trinity,2021-03-03,5,2207,0,372,5,1835,0,0,4,1517,1,344,4,1861,California
Trinity,2021-03-04,15,2222,10,382,5,1840,0,0,13,1528,2,346,13,1874,California
Trinity,2021-03-05,284,2506,1,383,283,2123,0,0,32,1313,247,593,32,1906,California
Trinity,2021-03-06,185,2691,6,389,179,2302,0,0,20,1168,165,758,20,1926,California
Trinity,2021-03-07,3,2694,3,392,0,2302,0,0,2,1169,1,759,2,1928,California
Trinity,2021-03-08,3,2697,0,392,2,2304,1,1,1,1169,2,761,2,1930,California
Trinity,2021-03-09,93,2790,0,392,91,2395,2,3,89,1256,4,765,91,2021,California
Trinity,2021-03-10,127,2917,3,395,121,2516,3,6,38,1208,89,854,41,2062,California
Trinity,2021-03-11,7,2924,3,398,2,2518,2,8,3,1209,4,858,5,2067,California
Trinity,2021-03-12,334,3258,3,401,326,2844,5,13,45,970,289,1147,50,2117,California
Trinity,2021-03-13,12,3270,7,408,3,2847,2,15,7,974,5,1152,9,2126,California
Trinity,2021-03-15,67,3337,0,408,66,2913,1,16,15,938,52,1204,16,2142,California
Trinity,2021-03-16,114,3451,6,414,108,3021,0,16,100,1024,14,1218,100,2242,California
Trinity,2021-03-17,100,3551,3,417,97,3118,0,16,26,976,74,1292,26,2268,California
Trinity,2021-03-18,10,3561,2,419,5,3123,3,19,5,979,5,1297,8,2276,California
Trinity,2021-03-19,359,3920,6,425,246,3369,107,126,29,785,330,1627,136,2412,California
Trinity,2021-03-20,104,4024,6,431,98,3467,0,126,67,815,37,1664,67,2479,California
Trinity,2021-03-21,4,4028,0,431,2,3469,2,128,2,817,2,1666,4,2483,California
Trinity,2021-03-22,2,4030,0,431,2,3471,0,128,2,819,0,1666,2,2485,California
Trinity,2021-03-23,96,4126,1,432,95,3566,0,128,79,881,17,1683,79,2564,California
Trinity,2021-03-24,9,4135,1,433,8,3574,0,128,9,890,0,1683,9,2573,California
Trinity,2021-03-25,105,4240,6,439,93,3667,6,134,82,955,23,1706,88,2661,California
Trinity,2021-03-26,14,4254,1,440,13,3680,0,134,8,957,6,1712,8,2669,California
Trinity,2021-03-27,15,4269,3,443,3,3683,9,143,5,961,10,1722,14,2683,California
Trinity,2021-03-28,6,4275,4,447,2,3685,0,143,1,957,5,1727,1,2684,California
Trinity,2021-03-29,4,4279,0,447,4,3689,0,143,1,955,3,1730,1,2685,California
Trinity,2021-03-30,75,4354,4,451,71,3760,0,143,67,1014,8,1738,67,2752,California
Trinity,2021-03-31,52,4406,5,456,19,3779,28,171,21,1031,31,1769,48,2800,California
Trinity,2021-04-01,38,4444,11,467,16,3795,11,182,19,1042,19,1788,30,2830,California
Trinity,2021-04-02,164,4608,6,473,84,3879,74,256,71,1095,92,1880,145,2975,California
Trinity,2021-04-03,19,4627,14,487,5,3884,0,256,9,1094,10,1890,9,2984,California
Trinity,2021-04-04,10,4637,8,495,2,3886,0,256,10,1104,0,1890,10,2994,California
Trinity,2021-04-05,59,4696,7,502,51,3937,1,257,55,1156,4,1894,56,3050,California
Trinity,2021-04-06,106,4802,10,512,93,4030,3,260,19,1091,87,1981,22,3072,California
Trinity,2021-04-07,16,4818,9,521,3,4033,4,264,11,1101,5,1986,15,3087,California
Trinity,2021-04-08,88,4906,10,531,76,4109,2,266,52,1120,35,2021,54,3141,California
Trinity,2021-04-09,10,4916,3,534,6,4115,1,267,7,1125,3,2024,8,3149,California
Tulare,2020-12-16,3,3,3,3,0,0,0,0,3,3,0,0,3,3,California
Tulare,2020-12-17,110,113,110,113,0,0,0,0,110,113,0,0,110,113,California
Tulare,2020-12-18,290,403,290,403,0,0,0,0,290,403,0,0,290,403,California
Tulare,2020-12-19,327,730,327,730,0,0,0,0,327,730,0,0,327,730,California
Tulare,2020-12-20,167,897,166,896,1,1,0,0,167,897,0,0,167,897,California
Tulare,2020-12-21,422,1319,422,1318,0,1,0,0,442,1339,0,0,442,1339,California
Tulare,2020-12-22,470,1789,468,1786,2,3,0,0,469,1808,0,0,469,1808,California
Tulare,2020-12-23,328,2117,320,2106,8,11,0,0,326,2134,0,0,326,2134,California
Tulare,2020-12-24,18,2135,16,2122,2,13,0,0,18,2152,0,0,18,2152,California
Tulare,2020-12-26,8,2143,7,2129,1,14,0,0,8,2160,0,0,8,2160,California
Tulare,2020-12-27,16,2159,12,2141,4,18,0,0,16,2176,0,0,16,2176,California
Tulare,2020-12-28,484,2643,472,2613,12,30,0,0,483,2659,0,0,483,2659,California
Tulare,2020-12-29,544,3187,477,3090,67,97,0,0,544,3203,0,0,544,3203,California
Tulare,2020-12-30,473,3660,434,3524,39,136,0,0,473,3676,0,0,473,3676,California
Tulare,2020-12-31,94,3754,22,3546,72,208,0,0,94,3770,0,0,94,3770,California
Tulare,2021-01-01,1,3755,0,3546,1,209,0,0,1,3771,0,0,1,3771,California
Tulare,2021-01-02,28,3783,18,3564,10,219,0,0,28,3799,0,0,28,3799,California
Tulare,2021-01-03,22,3805,9,3573,13,232,0,0,22,3821,0,0,22,3821,California
Tulare,2021-01-04,91,3896,16,3589,75,307,0,0,91,3912,0,0,91,3912,California
Tulare,2021-01-05,460,4356,278,3867,182,489,0,0,458,4368,2,2,458,4370,California
Tulare,2021-01-06,865,5221,636,4503,229,718,0,0,855,5213,10,12,855,5225,California
Tulare,2021-01-07,783,6004,585,5088,198,916,0,0,677,5784,106,118,677,5902,California
Tulare,2021-01-08,1263,7267,574,5662,689,1605,0,0,925,6372,337,455,925,6827,California
Tulare,2021-01-09,741,8008,203,5865,538,2143,0,0,554,6739,187,642,554,7381,California
Tulare,2021-01-10,49,8057,43,5908,6,2149,0,0,10,6710,39,681,10,7391,California
Tulare,2021-01-11,1202,9259,765,6673,437,2586,0,0,767,7042,435,1116,767,8158,California
Tulare,2021-01-12,1400,10659,487,7160,913,3499,0,0,993,7629,407,1523,994,9152,California
Tulare,2021-01-13,457,11116,227,7387,230,3729,0,0,383,7938,74,1597,383,9535,California
Tulare,2021-01-14,491,11607,141,7528,350,4079,0,0,465,8388,15,1612,465,10000,California
Tulare,2021-01-15,1617,13224,149,7677,1468,5547,0,0,1608,9987,9,1621,1608,11608,California
Tulare,2021-01-16,1899,15123,114,7791,1785,7332,0,0,1885,11858,14,1635,1885,13493,California
Tulare,2021-01-17,140,15263,121,7912,19,7351,0,0,130,11978,10,1645,130,13623,California
Tulare,2021-01-18,695,15958,662,8574,33,7384,0,0,295,11873,400,2045,295,13918,California
Tulare,2021-01-19,1005,16963,682,9256,323,7707,0,0,578,12024,427,2472,578,14496,California
Tulare,2021-01-20,2375,19338,563,9819,1812,9519,0,0,1990,13629,385,2857,1990,16486,California
Tulare,2021-01-21,1507,20845,150,9969,1357,10876,0,0,1481,15089,21,2878,1481,17967,California
Tulare,2021-01-22,1053,21898,186,10155,867,11743,0,0,1029,16095,23,2901,1029,18996,California
Tulare,2021-01-23,437,22335,156,10311,281,12024,0,0,416,16490,21,2922,416,19412,California
Tulare,2021-01-24,30,22365,27,10338,3,12027,0,0,28,16516,2,2924,28,19440,California
Tulare,2021-01-25,1324,23689,979,11317,345,12372,0,0,1295,17782,29,2953,1295,20735,California
Tulare,2021-01-26,1496,25185,1098,12415,398,12770,0,0,1173,18633,322,3275,1173,21908,California
Tulare,2021-01-27,1456,26641,1070,13485,386,13156,0,0,878,18933,578,3853,878,22786,California
Tulare,2021-01-28,1197,27838,768,14253,429,13585,0,0,801,19338,396,4249,801,23587,California
Tulare,2021-01-29,1127,28965,718,14971,409,13994,0,0,817,19845,310,4559,817,24404,California
Tulare,2021-01-30,1672,30637,1579,16550,93,14087,0,0,1648,21470,24,4583,1649,26053,California
Tulare,2021-01-31,51,30688,47,16597,4,14091,0,0,48,21515,3,4586,48,26101,California
Tulare,2021-02-01,1165,31853,901,17498,264,14355,0,0,816,21983,348,4934,816,26917,California
Tulare,2021-02-02,674,32527,327,17825,347,14702,0,0,443,22198,229,5163,444,27361,California
Tulare,2021-02-03,609,33136,284,18109,325,15027,0,0,335,22261,272,5435,335,27696,California
Tulare,2021-02-04,551,33687,165,18274,386,15413,0,0,266,22243,285,5720,267,27963,California
Tulare,2021-02-05,1227,34914,230,18504,997,16410,0,0,415,21848,810,6530,415,28378,California
Tulare,2021-02-06,834,35748,155,18659,679,17089,0,0,269,21555,563,7093,270,28648,California
Tulare,2021-02-07,78,35826,65,18724,13,17102,0,0,24,21525,54,7147,24,28672,California
Tulare,2021-02-08,947,36773,334,19058,613,17715,0,0,307,21195,637,7784,307,28979,California
Tulare,2021-02-09,1403,38176,325,19383,1078,18793,0,0,359,20515,1039,8823,359,29338,California
Tulare,2021-02-10,2471,40647,1987,21370,484,19277,0,0,2072,22191,396,9219,2072,31410,California
Tulare,2021-02-11,1321,41968,376,21746,945,20222,0,0,937,22744,384,9603,937,32347,California
Tulare,2021-02-12,2779,44747,578,22324,2201,22423,0,0,1218,22408,1554,11157,1218,33565,California
Tulare,2021-02-13,2478,47225,158,22482,2320,24743,0,0,667,21267,1808,12965,667,34232,California
Tulare,2021-02-14,329,47554,36,22518,293,25036,0,0,296,21530,33,12998,296,34528,California
Tulare,2021-02-15,913,48467,291,22809,622,25658,0,0,656,21930,256,13254,656,35184,California
Tulare,2021-02-16,2831,51298,1597,24406,1234,26892,0,0,1082,21263,1749,15003,1082,36266,California
Tulare,2021-02-17,2696,53994,509,24915,2187,29079,0,0,462,19496,2229,17232,462,36728,California
Tulare,2021-02-18,2302,56296,457,25372,1845,30924,0,0,640,18482,1654,18886,640,37368,California
Tulare,2021-02-19,2295,58591,855,26227,1440,32364,0,0,946,18081,1347,20233,946,38314,California
Tulare,2021-02-20,2988,61579,1891,28118,1097,33461,0,0,1267,17632,1716,21949,1267,39581,California
Tulare,2021-02-21,87,61666,83,28201,4,33465,0,0,52,17649,35,21984,52,39633,California
Tulare,2021-02-22,1106,62772,702,28903,404,33869,0,0,223,16990,882,22866,223,39856,California
Tulare,2021-02-23,1942,64714,939,29842,1003,34872,0,0,1458,17965,483,23349,1458,41314,California
Tulare,2021-02-24,2471,67185,1545,31387,926,35798,0,0,2091,19678,379,23728,2092,43406,California
Tulare,2021-02-25,3485,70670,1948,33335,1537,37335,0,0,3070,22337,411,24139,3070,46476,California
Tulare,2021-02-26,3835,74505,1877,35212,1958,39293,0,0,3377,25258,456,24595,3377,49853,California
Tulare,2021-02-27,2891,77396,1385,36597,1506,40799,0,0,2761,27900,119,24714,2761,52614,California
Tulare,2021-02-28,1307,78703,1035,37632,272,41071,0,0,1287,29170,17,24731,1287,53901,California
Tulare,2021-03-01,1733,80436,771,38403,962,42033,0,0,1553,30545,178,24909,1553,55454,California
Tulare,2021-03-02,2666,83102,1186,39589,1480,43513,0,0,2503,32889,160,25069,2504,57958,California
Tulare,2021-03-03,3768,86870,2476,42065,1292,44805,0,0,1825,32774,1942,27011,1827,59785,California
Tulare,2021-03-04,2854,89724,1289,43354,1565,46370,0,0,2543,35009,308,27319,2543,62328,California
Tulare,2021-03-05,3259,92983,1675,45029,1571,47941,13,13,2758,37285,497,27816,2773,65101,California
Tulare,2021-03-06,3043,96026,1421,46450,1563,49504,59,72,2795,39892,245,28061,2852,67953,California
Tulare,2021-03-07,1079,97105,676,47126,383,49887,20,92,1040,40913,39,28100,1060,69013,California
Tulare,2021-03-08,1664,98769,981,48107,515,50402,168,260,1353,42124,309,28409,1520,70533,California
Tulare,2021-03-09,2562,101331,1578,49685,838,51240,146,406,2198,44104,363,28772,2343,72876,California
Tulare,2021-03-10,2776,104107,1379,51064,1222,52462,175,581,2398,46306,369,29141,2571,75447,California
Tulare,2021-03-11,4092,108199,1939,53003,1853,54315,300,881,3157,48833,930,30071,3457,78904,California
Tulare,2021-03-12,4249,112448,2326,55329,1579,55894,344,1225,3005,50951,1233,31304,3351,82255,California
Tulare,2021-03-13,3958,116406,1828,57157,2024,57918,106,1331,3059,53221,894,32198,3164,85419,California
Tulare,2021-03-14,1796,118202,972,58129,605,58523,219,1550,1272,54188,523,32721,1490,86909,California
Tulare,2021-03-15,2680,120882,1568,59697,997,59520,115,1665,1911,55447,768,33489,2027,88936,California
Tulare,2021-03-16,3393,124275,2102,61799,1214,60734,77,1742,1852,55841,1538,35027,1932,90868,California
Tulare,2021-03-17,3903,128178,2549,64348,1277,62011,77,1819,2175,56378,1722,36749,2259,93127,California
Tulare,2021-03-18,4439,132617,3254,67602,1114,63125,71,1890,2340,56698,2093,38842,2413,95540,California
Tulare,2021-03-19,4929,137546,3202,70804,1531,64656,196,2086,2639,57259,2277,41119,2838,98378,California
Tulare,2021-03-20,4264,141810,2611,73415,1282,65938,371,2457,1983,57341,2275,43394,2357,100735,California
Tulare,2021-03-21,1858,143668,1588,75003,244,66182,26,2483,954,57420,901,44295,980,101715,California
Tulare,2021-03-22,2455,146123,1681,76684,663,66845,111,2594,1638,58361,810,45105,1751,103466,California
Tulare,2021-03-23,3635,149758,2057,78741,1528,68373,50,2644,2016,58824,1609,46714,2072,105538,California
Tulare,2021-03-24,3087,152845,1897,80638,1148,69521,42,2686,1819,59423,1262,47976,1861,107399,California
Tulare,2021-03-25,3359,156204,1729,82367,1468,70989,162,2848,1648,59530,1705,49681,1812,109211,California
Tulare,2021-03-26,5071,161275,2999,85366,1962,72951,110,2958,2471,59529,2582,52263,2581,111792,California
Tulare,2021-03-27,3399,164674,1727,87093,1576,74527,96,3054,932,58096,2460,54723,1027,112819,California
Tulare,2021-03-28,1413,166087,1022,88115,362,74889,29,3083,659,58037,753,55476,694,113513,California
Tulare,2021-03-29,2837,168924,1619,89734,1106,75995,112,3195,1210,57738,1623,57099,1324,114837,California
Tulare,2021-03-30,4502,173426,2574,92308,1698,77693,230,3425,1908,57284,2588,59687,2134,116971,California
Tulare,2021-03-31,3665,177091,2130,94438,1425,79118,110,3535,1504,56747,2153,61840,1616,118587,California
Tulare,2021-04-01,4279,181370,2317,96755,1899,81017,63,3598,1502,55541,2772,64612,1566,120153,California
Tulare,2021-04-02,5065,186435,2914,99669,2033,83050,118,3716,1649,53909,3400,68012,1768,121921,California
Tulare,2021-04-03,3415,189850,1992,101661,1112,84162,311,4027,853,52550,2523,70535,1164,123085,California
Tulare,2021-04-04,1576,191426,1115,102776,454,84616,7,4034,381,51745,1193,71728,388,123473,California
Tulare,2021-04-05,3260,194686,2294,105070,710,85326,256,4290,865,50482,2384,74112,1121,124594,California
Tulare,2021-04-06,3143,197829,1461,106531,1205,86531,477,4767,910,49645,2228,76340,1391,125985,California
Tulare,2021-04-07,3474,201303,1787,108318,1290,87821,397,5164,1149,48869,2320,78660,1544,127529,California
Tulare,2021-04-08,4315,205618,2529,110847,1422,89243,364,5528,1494,47911,2815,81475,1857,129386,California
Tulare,2021-04-09,1363,206981,842,111689,367,89610,154,5682,514,47735,845,82320,669,130055,California
Tuolumne,2020-12-16,46,46,46,46,0,0,0,0,46,46,0,0,46,46,California
Tuolumne,2020-12-17,22,68,22,68,0,0,0,0,22,68,0,0,22,68,California
Tuolumne,2020-12-18,174,242,173,241,1,1,0,0,174,242,0,0,174,242,California
Tuolumne,2020-12-19,7,249,7,248,0,1,0,0,7,249,0,0,7,249,California
Tuolumne,2020-12-20,1,250,1,249,0,1,0,0,1,250,0,0,1,250,California
Tuolumne,2020-12-21,116,366,102,351,14,15,0,0,116,366,0,0,116,366,California
Tuolumne,2020-12-22,169,535,169,520,0,15,0,0,169,535,0,0,169,535,California
Tuolumne,2020-12-23,193,728,191,711,2,17,0,0,193,728,0,0,193,728,California
Tuolumne,2020-12-26,3,731,3,714,0,17,0,0,3,731,0,0,3,731,California
Tuolumne,2020-12-28,78,809,77,791,1,18,0,0,78,809,0,0,78,809,California
Tuolumne,2020-12-29,111,920,40,831,71,89,0,0,111,920,0,0,111,920,California
Tuolumne,2020-12-30,82,1002,22,853,60,149,0,0,82,1002,0,0,82,1002,California
Tuolumne,2020-12-31,27,1029,20,873,7,156,0,0,27,1029,0,0,27,1029,California
Tuolumne,2021-01-01,6,1035,5,878,1,157,0,0,6,1035,0,0,6,1035,California
Tuolumne,2021-01-02,118,1153,115,993,3,160,0,0,118,1153,0,0,118,1153,California
Tuolumne,2021-01-03,3,1156,2,995,1,161,0,0,3,1156,0,0,3,1156,California
Tuolumne,2021-01-04,70,1226,27,1022,43,204,0,0,70,1226,0,0,70,1226,California
Tuolumne,2021-01-05,95,1321,26,1048,69,273,0,0,93,1317,2,2,93,1319,California
Tuolumne,2021-01-06,112,1433,52,1100,60,333,0,0,68,1341,44,46,68,1387,California
Tuolumne,2021-01-07,119,1552,61,1161,58,391,0,0,65,1352,54,100,65,1452,California
Tuolumne,2021-01-08,178,1730,153,1314,25,416,0,0,27,1231,150,250,29,1481,California
Tuolumne,2021-01-09,2,1732,1,1315,1,417,0,0,1,1232,1,251,2,1483,California
Tuolumne,2021-01-10,3,1735,1,1316,2,419,0,0,3,1235,0,251,3,1486,California
Tuolumne,2021-01-11,116,1851,90,1406,26,445,0,0,33,1185,83,334,33,1519,California
Tuolumne,2021-01-12,103,1954,87,1493,16,461,0,0,17,1117,86,420,18,1537,California
Tuolumne,2021-01-13,239,2193,129,1622,110,571,0,0,185,1249,54,474,186,1723,California
Tuolumne,2021-01-14,128,2321,91,1713,37,608,0,0,41,1204,86,560,41,1764,California
Tuolumne,2021-01-15,475,2796,72,1785,403,1011,0,0,412,1555,62,622,413,2177,California
Tuolumne,2021-01-16,7,2803,3,1788,4,1015,0,0,6,1560,1,623,6,2183,California
Tuolumne,2021-01-17,5,2808,2,1790,3,1018,0,0,5,1565,0,623,5,2188,California
Tuolumne,2021-01-18,46,2854,38,1828,8,1026,0,0,8,1536,37,660,8,2196,California
Tuolumne,2021-01-19,474,3328,72,1900,402,1428,0,0,430,1922,44,704,430,2626,California
Tuolumne,2021-01-20,77,3405,60,1960,17,1445,0,0,24,1893,53,757,24,2650,California
Tuolumne,2021-01-21,56,3461,22,1982,34,1479,0,0,41,1919,15,772,41,2691,California
Tuolumne,2021-01-22,181,3642,13,1995,168,1647,0,0,175,2088,6,778,175,2866,California
Tuolumne,2021-01-23,664,4306,146,2141,518,2165,0,0,551,2536,113,891,561,3427,California
Tuolumne,2021-01-24,523,4829,1,2142,522,2687,0,0,519,3053,3,894,520,3947,California
Tuolumne,2021-01-25,48,4877,27,2169,21,2708,0,0,22,3050,26,920,23,3970,California
Tuolumne,2021-01-26,80,4957,68,2237,12,2720,0,0,40,3051,40,960,41,4011,California
Tuolumne,2021-01-27,61,5018,4,2241,57,2777,0,0,7,3005,53,1013,7,4018,California
Tuolumne,2021-01-28,27,5045,7,2248,20,2797,0,0,18,3014,9,1022,18,4036,California
Tuolumne,2021-01-29,70,5115,6,2254,64,2861,0,0,32,3008,38,1060,32,4068,California
Tuolumne,2021-01-30,708,5823,552,2806,156,3017,0,0,689,3691,19,1079,702,4770,California
Tuolumne,2021-01-31,8,5831,2,2808,6,3023,0,0,5,3693,3,1082,5,4775,California
Tuolumne,2021-02-01,24,5855,6,2814,18,3041,0,0,21,3711,3,1085,21,4796,California
Tuolumne,2021-02-02,648,6503,36,2850,612,3653,0,0,638,4340,9,1094,638,5434,California
Tuolumne,2021-02-03,239,6742,108,2958,131,3784,0,0,85,4271,154,1248,85,5519,California
Tuolumne,2021-02-04,126,6868,14,2972,112,3896,0,0,65,4273,63,1311,65,5584,California
Tuolumne,2021-02-05,99,6967,12,2984,87,3983,0,0,35,4245,63,1374,35,5619,California
Tuolumne,2021-02-06,854,7821,582,3566,272,4255,0,0,851,5093,3,1377,851,6470,California
Tuolumne,2021-02-07,7,7828,4,3570,3,4258,0,0,3,5092,4,1381,3,6473,California
Tuolumne,2021-02-08,90,7918,39,3609,51,4309,0,0,67,5136,23,1404,67,6540,California
Tuolumne,2021-02-09,866,8784,48,3657,818,5127,0,0,829,5928,37,1441,829,7369,California
Tuolumne,2021-02-10,88,8872,14,3671,74,5201,0,0,26,5894,60,1501,26,7395,California
Tuolumne,2021-02-11,138,9010,65,3736,73,5274,0,0,75,5906,63,1564,75,7470,California
Tuolumne,2021-02-12,640,9650,13,3749,627,5901,0,0,201,5670,438,2002,202,7672,California
Tuolumne,2021-02-13,146,9796,41,3790,105,6006,0,0,115,5760,25,2027,115,7787,California
Tuolumne,2021-02-14,148,9944,12,3802,136,6142,0,0,147,5906,1,2028,147,7934,California
Tuolumne,2021-02-15,184,10128,10,3812,174,6316,0,0,175,6072,9,2037,175,8109,California
Tuolumne,2021-02-16,525,10653,17,3829,508,6824,0,0,122,5795,401,2438,124,8233,California
Tuolumne,2021-02-17,109,10762,63,3892,46,6870,0,0,63,5813,45,2483,63,8296,California
Tuolumne,2021-02-18,680,11442,22,3914,658,7528,0,0,632,6397,48,2531,632,8928,California
Tuolumne,2021-02-19,131,11573,20,3934,111,7639,0,0,42,6350,89,2620,42,8970,California
Tuolumne,2021-02-20,903,12476,341,4275,562,8201,0,0,385,6230,506,3126,386,9356,California
Tuolumne,2021-02-21,974,13450,32,4307,942,9143,0,0,472,6203,499,3625,472,9828,California
Tuolumne,2021-02-22,79,13529,57,4364,22,9165,0,0,48,6221,30,3655,48,9876,California
Tuolumne,2021-02-23,45,13574,22,4386,23,9188,0,0,24,6225,20,3675,24,9900,California
Tuolumne,2021-02-24,89,13663,58,4444,31,9219,0,0,42,6221,46,3721,42,9942,California
Tuolumne,2021-02-25,1054,14717,31,4475,1023,10242,0,0,1023,7213,31,3752,1023,10965,California
Tuolumne,2021-02-26,140,14857,9,4484,131,10373,0,0,120,7313,20,3772,120,11085,California
Tuolumne,2021-02-27,948,15805,574,5058,374,10747,0,0,247,6872,688,4460,247,11332,California
Tuolumne,2021-02-28,55,15860,4,5062,51,10798,0,0,52,6922,2,4462,52,11384,California
Tuolumne,2021-03-01,106,15966,19,5081,87,10885,0,0,72,6962,33,4495,73,11457,California
Tuolumne,2021-03-02,708,16674,73,5154,635,11520,0,0,107,6468,601,5096,107,11564,California
Tuolumne,2021-03-03,87,16761,19,5173,68,11588,0,0,64,6509,23,5119,64,11628,California
Tuolumne,2021-03-04,1167,17928,68,5241,1099,12687,0,0,1104,7550,63,5182,1104,12732,California
Tuolumne,2021-03-05,81,18009,9,5250,72,12759,0,0,47,7565,33,5215,48,12780,California
Tuolumne,2021-03-06,1052,19061,604,5854,446,13205,2,2,204,6924,847,6062,206,12986,California
Tuolumne,2021-03-07,39,19100,12,5866,13,13218,14,16,17,6933,22,6084,31,13017,California
Tuolumne,2021-03-08,211,19311,88,5954,116,13334,7,23,156,7040,56,6140,163,13180,California
Tuolumne,2021-03-09,861,20172,11,5965,839,14173,11,34,76,6343,784,6924,87,13267,California
Tuolumne,2021-03-10,85,20257,13,5978,61,14234,11,45,61,6391,24,6948,72,13339,California
Tuolumne,2021-03-11,1264,21521,31,6009,1229,15463,4,49,1241,7615,23,6971,1247,14586,California
Tuolumne,2021-03-12,294,21815,29,6038,250,15713,15,64,190,7721,102,7073,208,14794,California
Tuolumne,2021-03-13,96,21911,11,6049,85,15798,0,64,80,7786,16,7089,81,14875,California
Tuolumne,2021-03-14,140,22051,8,6057,123,15921,9,73,8,7676,132,7221,22,14897,California
Tuolumne,2021-03-15,306,22357,79,6136,225,16146,2,75,113,7605,193,7414,122,15019,California
Tuolumne,2021-03-16,810,23167,40,6176,759,16905,11,86,675,8156,136,7550,687,15706,California
Tuolumne,2021-03-17,157,23324,30,6206,112,17017,15,101,82,8178,74,7624,96,15802,California
Tuolumne,2021-03-18,961,24285,23,6229,922,17939,16,117,328,7890,633,8257,345,16147,California
Tuolumne,2021-03-19,140,24425,13,6242,94,18033,33,150,78,7940,60,8317,110,16257,California
Tuolumne,2021-03-20,87,24512,6,6248,72,18105,9,159,36,7934,50,8367,44,16301,California
Tuolumne,2021-03-21,834,25346,389,6637,436,18541,9,168,42,7195,790,9157,51,16352,California
Tuolumne,2021-03-22,172,25518,71,6708,82,18623,19,187,106,7254,66,9223,125,16477,California
Tuolumne,2021-03-23,722,26240,636,7344,72,18695,14,201,685,7915,37,9260,698,17175,California
Tuolumne,2021-03-24,117,26357,17,7361,82,18777,18,219,86,7989,30,9290,104,17279,California
Tuolumne,2021-03-25,1291,27648,17,7378,1271,20048,3,222,321,7344,969,10259,324,17603,California
Tuolumne,2021-03-26,285,27933,11,7389,251,20299,23,245,131,7363,135,10394,154,17757,California
Tuolumne,2021-03-27,577,28510,51,7440,526,20825,0,245,317,7421,260,10654,318,18075,California
Tuolumne,2021-03-28,50,28560,7,7447,43,20868,0,245,10,7395,38,10692,12,18087,California
Tuolumne,2021-03-29,219,28779,70,7517,149,21017,0,245,120,7434,81,10773,120,18207,California
Tuolumne,2021-03-30,168,28947,12,7529,155,21172,1,246,125,7518,42,10815,126,18333,California
Tuolumne,2021-03-31,96,29043,13,7542,81,21253,2,248,40,7507,55,10870,44,18377,California
Tuolumne,2021-04-01,1247,30290,22,7564,1225,22478,0,248,232,6726,1014,11884,233,18610,California
Tuolumne,2021-04-02,173,30463,9,7573,139,22617,25,273,104,6786,69,11953,129,18739,California
Tuolumne,2021-04-03,414,30877,32,7605,382,22999,0,273,231,6836,183,12136,233,18972,California
Tuolumne,2021-04-04,31,30908,0,7605,31,23030,0,273,21,6848,9,12145,21,18993,California
Tuolumne,2021-04-05,144,31052,18,7623,120,23150,6,279,62,6834,82,12227,68,19061,California
Tuolumne,2021-04-06,638,31690,488,8111,125,23275,25,304,504,7230,134,12361,530,19591,California
Tuolumne,2021-04-07,127,31817,34,8145,76,23351,17,321,46,7212,81,12442,63,19654,California
Tuolumne,2021-04-08,991,32808,21,8166,956,24307,14,335,164,6565,825,13267,178,19832,California
Tuolumne,2021-04-09,198,33006,26,8192,146,24453,26,361,108,6612,88,13355,135,19967,California
Ventura,2020-12-15,5,5,5,5,0,0,0,0,5,5,0,0,5,5,California
Ventura,2020-12-16,72,77,72,77,0,0,0,0,72,77,0,0,72,77,California
Ventura,2020-12-17,249,326,249,326,0,0,0,0,249,326,0,0,249,326,California
Ventura,2020-12-18,1409,1735,1409,1735,0,0,0,0,1409,1735,0,0,1409,1735,California
Ventura,2020-12-19,911,2646,911,2646,0,0,0,0,911,2646,0,0,911,2646,California
Ventura,2020-12-20,430,3076,430,3076,0,0,0,0,430,3076,0,0,430,3076,California
Ventura,2020-12-21,1469,4545,1469,4545,0,0,0,0,1469,4545,0,0,1469,4545,California
Ventura,2020-12-22,1105,5650,1100,5645,5,5,0,0,1105,5650,0,0,1105,5650,California
Ventura,2020-12-23,1026,6676,979,6624,47,52,0,0,1026,6676,0,0,1026,6676,California
Ventura,2020-12-24,477,7153,379,7003,98,150,0,0,477,7153,0,0,477,7153,California
Ventura,2020-12-25,11,7164,7,7010,4,154,0,0,11,7164,0,0,11,7164,California
Ventura,2020-12-26,110,7274,89,7099,21,175,0,0,110,7274,0,0,110,7274,California
Ventura,2020-12-27,58,7332,27,7126,31,206,0,0,58,7332,0,0,58,7332,California
Ventura,2020-12-28,1066,8398,928,8054,138,344,0,0,1066,8398,0,0,1066,8398,California
Ventura,2020-12-29,1167,9565,761,8815,406,750,0,0,1167,9565,0,0,1167,9565,California
Ventura,2020-12-30,1984,11549,1517,10332,467,1217,0,0,1984,11549,0,0,1984,11549,California
Ventura,2020-12-31,477,12026,162,10494,315,1532,0,0,477,12026,0,0,477,12026,California
Ventura,2021-01-01,18,12044,4,10498,14,1546,0,0,18,12044,0,0,18,12044,California
Ventura,2021-01-02,170,12214,78,10576,92,1638,0,0,170,12214,0,0,170,12214,California
Ventura,2021-01-03,15,12229,8,10584,7,1645,0,0,15,12229,0,0,15,12229,California
Ventura,2021-01-04,1077,13306,547,11131,530,2175,0,0,1076,13305,0,0,1076,13305,California
Ventura,2021-01-05,1372,14678,777,11908,595,2770,0,0,1332,14597,40,40,1332,14637,California
Ventura,2021-01-06,2054,16732,1178,13086,876,3646,0,0,1623,15800,422,462,1625,16262,California
Ventura,2021-01-07,2070,18802,1329,14415,741,4387,0,0,1185,16102,883,1345,1185,17447,California
Ventura,2021-01-08,2198,21000,1475,15890,723,5110,0,0,906,15719,1290,2635,907,18354,California
Ventura,2021-01-09,722,21722,501,16391,221,5331,0,0,319,15635,403,3038,319,18673,California
Ventura,2021-01-10,336,22058,324,16715,12,5343,0,0,122,15543,214,3252,122,18795,California
Ventura,2021-01-11,2447,24505,1490,18205,957,6300,0,0,1494,16086,953,4205,1496,20291,California
Ventura,2021-01-12,3032,27537,1602,19807,1430,7730,0,0,2010,17074,1022,5227,2010,22301,California
Ventura,2021-01-13,2926,30463,1421,21228,1505,9235,0,0,2043,18237,881,6108,2044,24345,California
Ventura,2021-01-14,2725,33188,1057,22285,1668,10903,0,0,2280,20074,444,6552,2281,26626,California
Ventura,2021-01-15,2870,36058,963,23248,1907,12810,0,0,2658,22521,212,6764,2659,29285,California
Ventura,2021-01-16,484,36542,186,23434,298,13108,0,0,403,22843,81,6845,403,29688,California
Ventura,2021-01-17,260,36802,137,23571,123,13231,0,0,254,23091,6,6851,254,29942,California
Ventura,2021-01-18,2217,39019,1671,25242,546,13777,0,0,1667,24210,549,7400,1668,31610,California
Ventura,2021-01-19,3030,42049,2114,27356,916,14693,0,0,2138,25458,892,8292,2140,33750,California
Ventura,2021-01-20,4053,46102,3103,30459,950,15643,0,0,3018,27445,1032,9324,3019,36769,California
Ventura,2021-01-21,3827,49929,2664,33123,1163,16806,0,0,3159,29940,665,9989,3160,39929,California
Ventura,2021-01-22,3600,53529,2481,35604,1119,17925,0,0,3439,33218,161,10150,3439,43368,California
Ventura,2021-01-23,1183,54712,649,36253,534,18459,0,0,1082,34202,100,10250,1084,44452,California
Ventura,2021-01-24,449,55161,134,36387,315,18774,0,0,436,34625,13,10263,436,44888,California
Ventura,2021-01-25,3144,58305,2025,38412,1119,19893,0,0,2595,36672,548,10811,2595,47483,California
Ventura,2021-01-26,3687,61992,2186,40598,1501,21394,0,0,2693,38376,993,11804,2697,50180,California
Ventura,2021-01-27,3439,65431,1546,42144,1893,23287,0,0,2701,40342,735,12539,2701,52881,California
Ventura,2021-01-28,3850,69281,1978,44122,1872,25159,0,0,3237,42984,596,13135,3238,56119,California
Ventura,2021-01-29,4233,73514,2505,46627,1728,26887,0,0,3740,46243,481,13616,3740,59859,California
Ventura,2021-01-30,3028,76542,1958,48585,1070,27957,0,0,2859,48937,166,13782,2860,62719,California
Ventura,2021-01-31,834,77376,448,49033,386,28343,0,0,750,49603,84,13866,750,63469,California
Ventura,2021-02-01,3918,81294,2100,51133,1818,30161,0,0,3155,51998,761,14627,3156,66625,California
Ventura,2021-02-02,4400,85694,2370,53503,2030,32191,0,0,3380,54363,1016,15643,3381,70006,California
Ventura,2021-02-03,4452,90146,2089,55592,2363,34554,0,0,3444,56805,1003,16646,3445,73451,California
Ventura,2021-02-04,4754,94900,2275,57867,2479,37033,0,0,3507,59074,1240,17886,3509,76960,California
Ventura,2021-02-05,4828,99728,2311,60178,2517,39550,0,0,3336,60933,1479,19365,3338,80298,California
Ventura,2021-02-06,2830,102558,1513,61691,1317,40867,0,0,2430,62963,400,19765,2430,82728,California
Ventura,2021-02-07,708,103266,241,61932,467,41334,0,0,583,63422,125,19890,584,83312,California
Ventura,2021-02-08,3498,106764,1623,63555,1875,43209,0,0,2430,64789,1063,20953,2430,85742,California
Ventura,2021-02-09,4711,111475,1968,65523,2743,45952,0,0,2466,65013,2244,23197,2468,88210,California
Ventura,2021-02-10,4700,116175,2230,67753,2470,48422,0,0,2397,65118,2293,25490,2398,90608,California
Ventura,2021-02-11,4648,120823,1855,69608,2793,51215,0,0,2441,65363,2200,27690,2445,93053,California
Ventura,2021-02-12,6284,127107,2647,72255,3637,54852,0,0,3212,65505,3070,30760,3212,96265,California
Ventura,2021-02-13,3290,130397,1826,74081,1464,56316,0,0,1840,65901,1446,32206,1842,98107,California
Ventura,2021-02-14,1225,131622,123,74204,1102,57418,0,0,1010,66697,215,32421,1011,99118,California
Ventura,2021-02-15,3984,135606,1794,75998,2190,59608,0,0,2115,66946,1866,34287,2115,101233,California
Ventura,2021-02-16,5528,141134,2701,78699,2827,62435,0,0,3017,67458,2505,36792,3017,104250,California
Ventura,2021-02-17,5225,146359,1917,80616,3308,65743,0,0,3266,68773,1951,38743,3266,107516,California
Ventura,2021-02-18,5764,152123,1826,82442,3938,69681,0,0,3628,70275,2126,40869,3628,111144,California
Ventura,2021-02-19,6434,158557,3763,86205,2671,72352,0,0,3003,69855,3424,44293,3004,114148,California
Ventura,2021-02-20,4911,163468,3155,89360,1756,74108,0,0,2760,70470,2147,46440,2762,116910,California
Ventura,2021-02-21,1037,164505,751,90111,286,74394,0,0,426,70289,607,47047,426,117336,California
Ventura,2021-02-22,5361,169866,2407,92518,2954,77348,0,0,3451,71839,1901,48948,3451,120787,California
Ventura,2021-02-23,5925,175791,2967,95485,2958,80306,0,0,3424,72780,2485,51433,3426,124213,California
Ventura,2021-02-24,6978,182769,2603,98088,4375,84681,0,0,4239,74295,2725,54158,4240,128453,California
Ventura,2021-02-25,7468,190237,2566,100654,4902,89583,0,0,4574,75988,2882,57040,4575,133028,California
Ventura,2021-02-26,9326,199563,2762,103416,6564,96147,0,0,6166,79019,3138,60178,6169,139197,California
Ventura,2021-02-27,9977,209540,5265,108681,4712,100859,0,0,7367,83797,2595,62773,7373,146570,California
Ventura,2021-02-28,2559,212099,1634,110315,924,101783,1,1,2098,85438,457,63230,2098,148668,California
Ventura,2021-03-01,6917,219016,2799,113114,4118,105901,0,1,4611,87764,2299,65529,4625,153293,California
Ventura,2021-03-02,7359,226375,3924,117038,3434,109335,1,2,5142,90697,2209,67738,5142,158435,California
Ventura,2021-03-03,8451,234826,3881,120919,4570,113905,0,2,6026,94313,2413,70151,6029,164464,California
Ventura,2021-03-04,8031,242857,3867,124786,4164,118069,0,2,5423,97140,2597,72748,5424,169888,California
Ventura,2021-03-05,9958,252815,4794,129580,5154,123223,10,12,7087,101386,2858,75606,7104,176992,California
Ventura,2021-03-06,7210,260025,4393,133973,2663,125886,154,166,5312,104957,1896,77502,5467,182459,California
Ventura,2021-03-07,1650,261675,604,134577,945,126831,101,267,1234,105876,416,77918,1335,183794,California
Ventura,2021-03-08,6723,268398,3414,137991,3157,129988,152,419,4627,108565,2093,80011,4782,188576,California
Ventura,2021-03-09,6500,274898,2809,140800,3495,133483,196,615,3648,109570,2841,82852,3846,192422,California
Ventura,2021-03-10,6730,281628,2962,143762,3530,137013,238,853,4447,111980,2275,85127,4685,197107,California
Ventura,2021-03-11,6235,287863,2874,146636,3153,140166,208,1061,3405,112772,2821,87948,3613,200720,California
Ventura,2021-03-12,8404,296267,3015,149651,4555,144721,834,1895,4055,113330,4333,92281,4891,205611,California
Ventura,2021-03-13,6575,302842,2470,152121,3268,147989,837,2732,3716,115028,2854,95135,4552,210163,California
Ventura,2021-03-14,2110,304952,466,152587,1150,149139,494,3226,719,114853,1390,96525,1215,211378,California
Ventura,2021-03-15,6894,311846,2040,154627,3507,152646,1347,4573,2963,115251,3912,100437,4310,215688,California
Ventura,2021-03-16,7830,319676,2437,157064,4283,156929,1110,5683,3931,116407,3883,104320,5039,220727,California
Ventura,2021-03-17,7296,326972,2736,159800,4215,161144,345,6028,4356,118183,2925,107245,4701,225428,California
Ventura,2021-03-18,7151,334123,3253,163053,3746,164890,152,6180,4653,120500,2487,109732,4804,230232,California
Ventura,2021-03-19,8253,342376,3743,166796,4400,169290,110,6290,4917,122205,3320,113052,5025,235257,California
Ventura,2021-03-20,8097,350473,5224,172020,2853,172143,20,6310,3870,121889,4207,117259,3891,239148,California
Ventura,2021-03-21,2755,353228,1503,173523,883,173026,369,6679,1307,122123,1442,118701,1676,240824,California
Ventura,2021-03-22,7260,360488,3657,177180,3501,176527,102,6781,4793,124564,2454,121155,4895,245719,California
Ventura,2021-03-23,8059,368547,3858,181038,4156,180683,45,6826,4620,125808,3420,124575,4664,250383,California
Ventura,2021-03-24,8768,377315,3386,184424,5308,185991,74,6900,4365,125873,4375,128950,4440,254823,California
Ventura,2021-03-25,8675,385990,3885,188309,4725,190716,65,6965,4399,126077,4260,133210,4464,259287,California
Ventura,2021-03-26,9617,395607,3312,191621,5654,196370,651,7616,3741,124613,5855,139065,4391,263678,California
Ventura,2021-03-27,8074,403681,3893,195514,4142,200512,39,7655,2379,121354,5679,144744,2420,266098,California
Ventura,2021-03-28,2488,406169,1384,196898,1095,201607,9,7664,1361,121598,1126,145870,1370,267468,California
Ventura,2021-03-29,8403,414572,4252,201150,4106,205713,45,7709,4200,121665,4178,150048,4245,271713,California
Ventura,2021-03-30,8849,423421,4379,205529,4347,210060,123,7832,4567,122082,4272,154320,4689,276402,California
Ventura,2021-03-31,10524,433945,4773,210302,5142,215202,609,8441,4587,121359,5919,160239,5196,281598,California
Ventura,2021-04-01,10527,444472,5158,215460,4517,219719,852,9293,5359,122413,5153,165392,6207,287805,California
Ventura,2021-04-02,11164,455636,4549,220009,5431,225150,1184,10477,5267,122996,5873,171265,6456,294261,California
Ventura,2021-04-03,7932,463568,3909,223918,2927,228077,1096,11573,3344,122858,4578,175843,4440,298701,California
Ventura,2021-04-04,1693,465261,947,224865,619,228696,127,11700,1145,123585,545,176388,1272,299973,California
Ventura,2021-04-05,9027,474288,4803,229668,3272,231968,952,12652,4617,124749,4403,180791,5567,305540,California
Ventura,2021-04-06,10670,484958,5503,235171,3794,235762,1373,14025,5522,126513,5131,185922,6895,312435,California
Ventura,2021-04-07,10991,495949,5327,240498,4311,240073,1353,15378,5032,126950,5943,191865,6380,318815,California
Ventura,2021-04-08,9767,505716,5266,245764,3708,243781,793,16171,4939,127861,4816,196681,5727,324542,California
Ventura,2021-04-09,5114,510830,1263,247027,3361,247142,490,16661,1539,126320,3569,200250,2028,326570,California
Yolo,2020-12-15,39,39,39,39,0,0,0,0,39,39,0,0,39,39,California
Yolo,2020-12-16,78,117,78,117,0,0,0,0,78,117,0,0,78,117,California
Yolo,2020-12-17,101,218,101,218,0,0,0,0,101,218,0,0,101,218,California
Yolo,2020-12-18,209,427,209,427,0,0,0,0,209,427,0,0,209,427,California
Yolo,2020-12-19,86,513,86,513,0,0,0,0,86,513,0,0,86,513,California
Yolo,2020-12-20,100,613,100,613,0,0,0,0,100,613,0,0,100,613,California
Yolo,2020-12-21,253,866,253,866,0,0,0,0,253,866,0,0,253,866,California
Yolo,2020-12-22,382,1248,381,1247,1,1,0,0,382,1248,0,0,382,1248,California
Yolo,2020-12-23,431,1679,412,1659,19,20,0,0,431,1679,0,0,431,1679,California
Yolo,2020-12-24,151,1830,94,1753,57,77,0,0,151,1830,0,0,151,1830,California
Yolo,2020-12-25,1,1831,1,1754,0,77,0,0,1,1831,0,0,1,1831,California
Yolo,2020-12-26,75,1906,25,1779,50,127,0,0,75,1906,0,0,75,1906,California
Yolo,2020-12-27,46,1952,19,1798,27,154,0,0,46,1952,0,0,46,1952,California
Yolo,2020-12-28,346,2298,178,1976,168,322,0,0,346,2298,0,0,346,2298,California
Yolo,2020-12-29,483,2781,268,2244,215,537,0,0,483,2781,0,0,483,2781,California
Yolo,2020-12-30,621,3402,254,2498,367,904,0,0,621,3402,0,0,621,3402,California
Yolo,2020-12-31,183,3585,94,2592,89,993,0,0,183,3585,0,0,183,3585,California
Yolo,2021-01-01,56,3641,55,2647,1,994,0,0,56,3641,0,0,56,3641,California
Yolo,2021-01-02,68,3709,25,2672,43,1037,0,0,68,3709,0,0,68,3709,California
Yolo,2021-01-03,43,3752,19,2691,24,1061,0,0,43,3752,0,0,43,3752,California
Yolo,2021-01-04,193,3945,43,2734,150,1211,0,0,193,3945,0,0,193,3945,California
Yolo,2021-01-05,610,4555,236,2970,374,1585,0,0,549,4433,61,61,549,4494,California
Yolo,2021-01-06,480,5035,183,3153,297,1882,0,0,349,4651,131,192,349,4843,California
Yolo,2021-01-07,710,5745,234,3387,476,2358,0,0,521,4984,188,380,521,5364,California
Yolo,2021-01-08,628,6373,308,3695,320,2678,0,0,413,5183,214,594,413,5777,California
Yolo,2021-01-09,409,6782,67,3762,342,3020,0,0,364,5502,45,639,364,6141,California
Yolo,2021-01-10,392,7174,80,3842,312,3332,0,0,322,5754,70,709,322,6463,California
Yolo,2021-01-11,559,7733,323,4165,236,3568,0,0,291,5777,268,977,291,6754,California
Yolo,2021-01-12,480,8213,362,4527,118,3686,0,0,173,5644,307,1284,174,6928,California
Yolo,2021-01-13,763,8976,309,4836,454,4140,0,0,514,5909,249,1533,514,7442,California
Yolo,2021-01-14,374,9350,181,5017,193,4333,0,0,270,6075,104,1637,270,7712,California
Yolo,2021-01-15,622,9972,321,5338,301,4634,0,0,544,6541,78,1715,544,8256,California
Yolo,2021-01-16,739,10711,95,5433,644,5278,0,0,708,7218,31,1746,708,8964,California
Yolo,2021-01-17,185,10896,117,5550,68,5346,0,0,178,7389,7,1753,178,9142,California
Yolo,2021-01-18,477,11373,303,5853,174,5520,0,0,379,7670,98,1851,379,9521,California
Yolo,2021-01-19,539,11912,370,6223,169,5689,0,0,365,7861,174,2025,365,9886,California
Yolo,2021-01-20,656,12568,379,6602,277,5966,0,0,472,8150,183,2208,472,10358,California
Yolo,2021-01-21,642,13210,380,6982,262,6228,0,0,455,8418,187,2395,455,10813,California
Yolo,2021-01-22,746,13956,250,7232,496,6724,0,0,628,8930,116,2511,628,11441,California
Yolo,2021-01-23,613,14569,124,7356,489,7213,0,0,566,9449,47,2558,566,12007,California
Yolo,2021-01-24,207,14776,124,7480,83,7296,0,0,166,9574,41,2599,166,12173,California
Yolo,2021-01-25,728,15504,152,7632,576,7872,0,0,514,9874,214,2813,514,12687,California
Yolo,2021-01-26,811,16315,326,7958,485,8357,0,0,426,9915,385,3198,426,13113,California
Yolo,2021-01-27,553,16868,222,8180,331,8688,0,0,380,10122,173,3371,380,13493,California
Yolo,2021-01-28,1046,17914,565,8745,481,9169,0,0,923,10923,122,3493,923,14416,California
Yolo,2021-01-29,863,18777,260,9005,603,9772,0,0,782,11625,80,3573,782,15198,California
Yolo,2021-01-30,1515,20292,917,9922,598,10370,0,0,1408,12932,101,3674,1408,16606,California
Yolo,2021-01-31,248,20540,210,10132,38,10408,0,0,213,13111,34,3708,213,16819,California
Yolo,2021-02-01,838,21378,358,10490,480,10888,0,0,610,13496,225,3933,610,17429,California
Yolo,2021-02-02,1318,22696,745,11235,573,11461,0,0,928,14035,390,4323,929,18358,California
Yolo,2021-02-03,1513,24209,395,11630,1118,12579,0,0,1185,14895,325,4648,1185,19543,California
Yolo,2021-02-04,1790,25999,280,11910,1510,14089,0,0,1241,15599,538,5186,1242,20785,California
Yolo,2021-02-05,1590,27589,896,12806,694,14783,0,0,1192,16394,398,5584,1193,21978,California
Yolo,2021-02-06,1915,29504,1245,14051,670,15453,0,0,1554,17588,361,5945,1555,23533,California
Yolo,2021-02-07,516,30020,248,14299,268,15721,0,0,169,17411,346,6291,169,23702,California
Yolo,2021-02-08,954,30974,331,14630,623,16344,0,0,611,17682,340,6631,611,24313,California
Yolo,2021-02-09,852,31826,382,15012,470,16814,0,0,572,17974,280,6911,572,24885,California
Yolo,2021-02-10,1448,33274,472,15484,976,17790,0,0,815,18158,632,7543,816,25701,California
Yolo,2021-02-11,1537,34811,775,16259,762,18552,0,0,1162,18945,375,7918,1162,26863,California
Yolo,2021-02-12,1898,36709,747,17006,1151,19703,0,0,1435,19920,460,8378,1435,28298,California
Yolo,2021-02-13,2051,38760,710,17716,1341,21044,0,0,1387,20643,664,9042,1387,29685,California
Yolo,2021-02-14,569,39329,152,17868,417,21461,0,0,445,20965,123,9165,445,30130,California
Yolo,2021-02-15,524,39853,187,18055,337,21798,0,0,262,20966,262,9427,263,30393,California
Yolo,2021-02-16,1114,40967,426,18481,688,22486,0,0,809,21470,305,9732,809,31202,California
Yolo,2021-02-17,1378,42345,696,19177,682,23168,0,0,987,22066,391,10123,987,32189,California
Yolo,2021-02-18,2436,44781,757,19934,1679,24847,0,0,1675,22980,761,10884,1675,33864,California
Yolo,2021-02-19,1735,46516,743,20677,992,25839,0,0,1121,23489,612,11496,1121,34985,California
Yolo,2021-02-20,2429,48945,939,21616,1490,27329,0,0,1358,23781,1066,12562,1358,36343,California
Yolo,2021-02-21,280,49225,225,21841,55,27384,0,0,73,23648,206,12768,73,36416,California
Yolo,2021-02-22,1362,50587,600,22441,762,28146,0,0,693,23674,668,13436,694,37110,California
Yolo,2021-02-23,1118,51705,838,23279,280,28426,0,0,438,23434,678,14114,438,37548,California
Yolo,2021-02-24,2095,53800,592,23871,1503,29929,0,0,1388,24117,705,14819,1388,38936,California
Yolo,2021-02-25,1339,55139,441,24312,898,30827,0,0,875,24529,463,15282,875,39811,California
Yolo,2021-02-26,2550,57689,977,25289,1573,32400,0,0,1356,24694,1191,16473,1356,41167,California
Yolo,2021-02-27,1644,59333,765,26054,879,33279,0,0,1195,25440,449,16922,1195,42362,California
Yolo,2021-02-28,1776,61109,1491,27545,285,33564,0,0,685,25036,1089,18011,685,43047,California
Yolo,2021-03-01,1076,62185,352,27897,724,34288,0,0,650,25262,424,18435,650,43697,California
Yolo,2021-03-02,1426,63611,679,28576,747,35035,0,0,905,25646,521,18956,905,44602,California
Yolo,2021-03-03,1799,65410,598,29174,1201,36236,0,0,796,25441,1001,19957,796,45398,California
Yolo,2021-03-04,2842,68252,1398,30572,1444,37680,0,0,1536,25673,1304,21261,1536,46934,California
Yolo,2021-03-05,2321,70573,1378,31950,932,38612,11,11,1456,26276,864,22125,1467,48401,California
Yolo,2021-03-06,1459,72032,1120,33070,310,38922,29,40,830,26508,627,22752,859,49260,California
Yolo,2021-03-07,901,72933,670,33740,217,39139,14,54,768,27157,133,22885,782,50042,California
Yolo,2021-03-08,1078,74011,477,34217,559,39698,42,96,746,27615,331,23216,789,50831,California
Yolo,2021-03-09,1239,75250,667,34884,512,40210,60,156,754,27946,483,23699,814,51645,California
Yolo,2021-03-10,1775,77025,1037,35921,448,40658,290,446,741,27939,1033,24732,1026,52671,California
Yolo,2021-03-11,2266,79291,1535,37456,668,41326,63,509,1563,28864,702,25434,1627,54298,California
Yolo,2021-03-12,2876,82167,1339,38795,1460,42786,77,586,1370,28810,1500,26934,1446,55744,California
Yolo,2021-03-13,1832,83999,730,39525,926,43712,176,762,1006,29169,823,27757,1182,56926,California
Yolo,2021-03-14,1005,85004,208,39733,648,44360,149,911,519,29352,485,28242,668,57594,California
Yolo,2021-03-15,1316,86320,772,40505,369,44729,175,1086,701,29615,613,28855,876,58470,California
Yolo,2021-03-16,1864,88184,718,41223,1073,45802,73,1159,1101,30026,763,29618,1174,59644,California
Yolo,2021-03-17,2469,90653,962,42185,1435,47237,72,1231,1723,31078,743,30361,1795,61439,California
Yolo,2021-03-18,2874,93527,886,43071,1764,49001,224,1455,1163,30755,1710,32071,1387,62826,California
Yolo,2021-03-19,2016,95543,801,43872,1147,50148,68,1523,1060,30933,950,33021,1128,63954,California
Yolo,2021-03-20,2744,98287,814,44686,1889,52037,41,1564,1117,30472,1621,34642,1160,65114,California
Yolo,2021-03-21,316,98603,218,44904,90,52127,8,1572,227,30619,88,34730,235,65349,California
Yolo,2021-03-22,1379,99982,479,45383,848,52975,52,1624,906,31105,471,35201,957,66306,California
Yolo,2021-03-23,1722,101704,927,46310,739,53714,56,1680,1063,31565,659,35860,1119,67425,California
Yolo,2021-03-24,2836,104540,1403,47713,1384,55098,49,1729,1425,31638,1401,37261,1474,68899,California
Yolo,2021-03-25,2391,106931,1272,48985,1092,56190,27,1756,1145,31573,1237,38498,1172,70071,California
Yolo,2021-03-26,2355,109286,1225,50210,1111,57301,19,1775,1011,31266,1336,39834,1029,71100,California
Yolo,2021-03-27,1620,110906,450,50660,1154,58455,16,1791,753,31169,866,40700,769,71869,California
Yolo,2021-03-28,1097,112003,858,51518,221,58676,18,1809,269,30632,824,41524,287,72156,California
Yolo,2021-03-29,1977,113980,810,52328,1153,59829,14,1823,984,30641,989,42513,998,73154,California
Yolo,2021-03-30,2268,116248,1067,53395,1176,61005,25,1848,1199,30801,1064,43577,1224,74378,California
Yolo,2021-03-31,2324,118572,1203,54598,1086,62091,35,1883,1217,30947,1106,44683,1252,75630,California
Yolo,2021-04-01,3735,122307,1760,56358,1503,63594,472,2355,1570,30827,2162,46845,2042,77672,California
Yolo,2021-04-02,3079,125386,1468,57826,1551,65145,60,2415,2034,31882,1039,47884,2094,79766,California
Yolo,2021-04-03,1767,127153,1064,58890,489,65634,214,2629,788,31906,978,48862,1002,80768,California
Yolo,2021-04-04,378,127531,146,59036,170,65804,62,2691,139,31868,239,49101,201,80969,California
Yolo,2021-04-05,1887,129418,715,59751,1076,66880,96,2787,1014,32109,869,49970,1110,82079,California
Yolo,2021-04-06,2506,131924,1290,61041,1052,67932,164,2951,1277,32331,1220,51190,1442,83521,California
Yolo,2021-04-07,2669,134593,1391,62432,1040,68972,238,3189,1764,33434,898,52088,2001,85522,California
Yolo,2021-04-08,2095,136688,918,63350,855,69827,322,3511,904,33471,1188,53276,1225,86747,California
Yolo,2021-04-09,1505,138193,458,63808,794,70621,253,3764,519,33258,984,54260,771,87518,California
Yuba,2020-12-16,4,4,4,4,0,0,0,0,4,4,0,0,4,4,California
Yuba,2020-12-17,4,8,4,8,0,0,0,0,4,8,0,0,4,8,California
Yuba,2020-12-18,8,16,8,16,0,0,0,0,8,16,0,0,8,16,California
Yuba,2020-12-19,12,28,12,28,0,0,0,0,12,28,0,0,12,28,California
Yuba,2020-12-20,20,48,20,48,0,0,0,0,20,48,0,0,20,48,California
Yuba,2020-12-21,40,88,40,88,0,0,0,0,40,88,0,0,40,88,California
Yuba,2020-12-22,86,174,86,174,0,0,0,0,86,174,0,0,86,174,California
Yuba,2020-12-23,63,237,61,235,2,2,0,0,63,237,0,0,63,237,California
Yuba,2020-12-24,20,257,10,245,10,12,0,0,20,257,0,0,20,257,California
Yuba,2020-12-26,15,272,13,258,2,14,0,0,15,272,0,0,15,272,California
Yuba,2020-12-27,15,287,15,273,0,14,0,0,15,287,0,0,15,287,California
Yuba,2020-12-28,51,338,35,308,16,30,0,0,51,338,0,0,51,338,California
Yuba,2020-12-29,77,415,10,318,67,97,0,0,77,415,0,0,77,415,California
Yuba,2020-12-30,64,479,21,339,43,140,0,0,64,479,0,0,64,479,California
Yuba,2020-12-31,36,515,6,345,30,170,0,0,36,515,0,0,36,515,California
Yuba,2021-01-02,23,538,22,367,1,171,0,0,23,538,0,0,23,538,California
Yuba,2021-01-03,10,548,6,373,4,175,0,0,10,548,0,0,10,548,California
Yuba,2021-01-04,90,638,21,394,69,244,0,0,90,638,0,0,90,638,California
Yuba,2021-01-05,68,706,36,430,32,276,0,0,67,704,1,1,67,705,California
Yuba,2021-01-06,152,858,75,505,77,353,0,0,146,844,6,7,146,851,California
Yuba,2021-01-07,74,932,19,524,55,408,0,0,71,911,4,11,71,922,California
Yuba,2021-01-08,73,1005,25,549,48,456,0,0,66,970,7,18,66,988,California
Yuba,2021-01-09,19,1024,16,565,3,459,0,0,11,973,8,26,11,999,California
Yuba,2021-01-10,117,1141,22,587,95,554,0,0,95,1046,22,48,95,1094,California
Yuba,2021-01-11,73,1214,50,637,23,577,0,0,33,1039,40,88,33,1127,California
Yuba,2021-01-12,109,1323,79,716,30,607,0,0,44,1018,65,153,44,1171,California
Yuba,2021-01-13,118,1441,71,787,47,654,0,0,54,1009,63,216,54,1225,California
Yuba,2021-01-14,109,1550,43,830,66,720,0,0,97,1094,12,228,97,1322,California
Yuba,2021-01-15,206,1756,88,918,118,838,0,0,195,1278,11,239,195,1517,California
Yuba,2021-01-16,185,1941,21,939,164,1002,0,0,173,1438,13,252,173,1690,California
Yuba,2021-01-17,13,1954,9,948,4,1006,0,0,7,1439,6,258,7,1697,California
Yuba,2021-01-18,60,2014,32,980,28,1034,0,0,35,1449,25,283,35,1732,California
Yuba,2021-01-19,80,2094,29,1009,51,1085,0,0,65,1499,15,298,65,1797,California
Yuba,2021-01-20,132,2226,87,1096,45,1130,0,0,109,1585,23,321,109,1906,California
Yuba,2021-01-21,212,2438,96,1192,116,1246,0,0,203,1779,9,330,203,2109,California
Yuba,2021-01-22,103,2541,6,1198,97,1343,0,0,94,1864,9,339,94,2203,California
Yuba,2021-01-23,199,2740,7,1205,192,1535,0,0,196,2057,3,342,196,2399,California
Yuba,2021-01-24,9,2749,6,1211,3,1538,0,0,7,2062,2,344,7,2406,California
Yuba,2021-01-25,83,2832,27,1238,56,1594,0,0,52,2084,30,374,52,2458,California
Yuba,2021-01-26,149,2981,39,1277,110,1704,0,0,93,2121,56,430,93,2551,California
Yuba,2021-01-27,182,3163,128,1405,54,1758,0,0,115,2169,67,497,115,2666,California
Yuba,2021-01-28,215,3378,79,1484,136,1894,0,0,174,2302,41,538,174,2840,California
Yuba,2021-01-29,158,3536,55,1539,103,1997,0,0,111,2366,47,585,111,2951,California
Yuba,2021-01-30,409,3945,23,1562,386,2383,0,0,398,2753,11,596,398,3349,California
Yuba,2021-01-31,17,3962,12,1574,5,2388,0,0,15,2766,2,598,15,3364,California
Yuba,2021-02-01,152,4114,73,1647,79,2467,0,0,129,2874,22,620,130,3494,California
Yuba,2021-02-02,123,4237,23,1670,100,2567,0,0,101,2953,22,642,101,3595,California
Yuba,2021-02-03,226,4463,29,1699,197,2764,0,0,114,2956,111,753,114,3709,California
Yuba,2021-02-04,295,4758,121,1820,174,2938,0,0,253,3167,42,795,253,3962,California
Yuba,2021-02-05,147,4905,32,1852,115,3053,0,0,71,3162,76,871,71,4033,California
Yuba,2021-02-06,447,5352,26,1878,421,3474,0,0,439,3593,8,879,439,4472,California
Yuba,2021-02-07,18,5370,11,1889,7,3481,0,0,15,3605,3,882,15,4487,California
Yuba,2021-02-08,96,5466,35,1924,61,3542,0,0,66,3641,30,912,66,4553,California
Yuba,2021-02-09,153,5619,55,1979,98,3640,0,0,84,3656,69,981,84,4637,California
Yuba,2021-02-10,347,5966,172,2151,175,3815,0,0,113,3536,233,1214,113,4750,California
Yuba,2021-02-11,397,6363,63,2214,334,4149,0,0,301,3743,94,1308,301,5051,California
Yuba,2021-02-12,265,6628,27,2241,238,4387,0,0,152,3782,113,1421,152,5203,California
Yuba,2021-02-13,436,7064,35,2276,401,4788,0,0,388,4122,48,1469,388,5591,California
Yuba,2021-02-14,53,7117,10,2286,43,4831,0,0,49,4167,4,1473,49,5640,California
Yuba,2021-02-15,87,7204,36,2322,51,4882,0,0,68,4216,19,1492,68,5708,California
Yuba,2021-02-16,199,7403,53,2375,146,5028,0,0,141,4300,57,1549,141,5849,California
Yuba,2021-02-17,369,7772,155,2530,214,5242,0,0,98,4127,271,1820,98,5947,California
Yuba,2021-02-18,305,8077,33,2563,272,5514,0,0,181,4184,124,1944,181,6128,California
Yuba,2021-02-19,224,8301,84,2647,140,5654,0,0,141,4242,83,2027,141,6269,California
Yuba,2021-02-20,387,8688,29,2676,358,6012,0,0,334,4523,53,2080,334,6603,California
Yuba,2021-02-21,16,8704,14,2690,2,6014,0,0,6,4519,10,2090,6,6609,California
Yuba,2021-02-22,128,8832,79,2769,49,6063,0,0,39,4470,88,2178,39,6648,California
Yuba,2021-02-23,114,8946,25,2794,89,6152,0,0,46,4449,67,2245,46,6694,California
Yuba,2021-02-24,477,9423,136,2930,341,6493,0,0,105,4182,372,2617,105,6799,California
Yuba,2021-02-25,331,9754,132,3062,199,6692,0,0,203,4257,128,2745,203,7002,California
Yuba,2021-02-26,253,10007,67,3129,186,6878,0,0,140,4286,111,2856,140,7142,California
Yuba,2021-02-27,472,10479,47,3176,425,7303,0,0,384,4583,87,2943,384,7526,California
Yuba,2021-02-28,65,10544,21,3197,44,7347,0,0,44,4606,21,2964,44,7570,California
Yuba,2021-03-01,151,10695,38,3235,113,7460,0,0,75,4606,75,3039,75,7645,California
Yuba,2021-03-02,151,10846,35,3270,116,7576,0,0,75,4605,76,3115,75,7720,California
Yuba,2021-03-03,613,11459,156,3426,457,8033,0,0,192,4377,420,3535,192,7912,California
Yuba,2021-03-04,463,11922,269,3695,194,8227,0,0,323,4561,139,3674,323,8235,California
Yuba,2021-03-05,313,12235,58,3753,254,8481,1,1,248,4745,65,3739,249,8484,California
Yuba,2021-03-06,480,12715,34,3787,442,8923,4,5,374,5017,106,3845,378,8862,California
Yuba,2021-03-07,51,12766,27,3814,23,8946,1,6,34,5035,17,3862,35,8897,California
Yuba,2021-03-08,158,12924,49,3863,93,9039,16,22,99,5091,59,3921,115,9012,California
Yuba,2021-03-09,177,13101,47,3910,111,9150,19,41,85,5103,92,4013,104,9116,California
Yuba,2021-03-10,733,13834,231,4141,472,9622,30,71,229,4859,503,4516,259,9375,California
Yuba,2021-03-11,428,14262,184,4325,232,9854,12,83,295,5033,133,4649,307,9682,California
Yuba,2021-03-12,455,14717,85,4410,317,10171,53,136,148,4927,307,4956,201,9883,California
Yuba,2021-03-13,450,15167,332,4742,103,10274,15,151,361,5215,88,5044,376,10259,California
Yuba,2021-03-14,109,15276,21,4763,78,10352,10,161,48,5213,60,5104,58,10317,California
Yuba,2021-03-15,194,15470,49,4812,128,10480,17,178,99,5234,95,5199,116,10433,California
Yuba,2021-03-16,287,15757,71,4883,191,10671,25,203,173,5319,113,5312,198,10631,California
Yuba,2021-03-17,724,16481,159,5042,536,11207,29,232,184,4994,538,5850,213,10844,California
Yuba,2021-03-18,560,17041,147,5189,300,11507,113,345,337,5221,223,6073,450,11294,California
Yuba,2021-03-19,321,17362,117,5306,155,11662,49,394,183,5316,137,6210,232,11526,California
Yuba,2021-03-20,555,17917,80,5386,457,12119,18,412,474,5728,80,6290,492,12018,California
Yuba,2021-03-21,59,17976,36,5422,23,12142,0,412,47,5763,12,6302,47,12065,California
Yuba,2021-03-22,189,18165,70,5492,112,12254,7,419,147,5875,42,6344,154,12219,California
Yuba,2021-03-23,241,18406,79,5571,135,12389,27,446,162,5986,78,6422,189,12408,California
Yuba,2021-03-24,747,19153,239,5810,427,12816,81,527,185,5692,560,6982,266,12674,California
Yuba,2021-03-25,483,19636,263,6073,198,13014,22,549,239,5709,244,7226,261,12935,California
Yuba,2021-03-26,382,20018,142,6215,214,13228,26,575,221,5796,160,7386,247,13182,California
Yuba,2021-03-27,457,20475,26,6241,429,13657,2,577,405,6151,52,7438,407,13589,California
Yuba,2021-03-28,98,20573,40,6281,54,13711,4,581,37,6131,61,7499,41,13630,California
Yuba,2021-03-29,290,20863,84,6365,175,13886,31,612,178,6228,112,7611,209,13839,California
Yuba,2021-03-30,270,21133,67,6432,195,14081,8,620,191,6348,79,7690,199,14038,California
Yuba,2021-03-31,668,21801,112,6544,544,14625,12,632,248,6189,419,8109,260,14298,California
Yuba,2021-04-01,604,22405,281,6825,294,14919,29,661,275,6164,329,8438,304,14602,California
Yuba,2021-04-02,469,22874,88,6913,300,15219,81,742,178,6133,290,8728,259,14861,California
Yuba,2021-04-03,647,23521,51,6964,115,15334,481,1223,83,6134,563,9291,564,15425,California
Yuba,2021-04-04,56,23577,10,6974,40,15374,6,1229,31,6146,25,9316,37,15462,California
Yuba,2021-04-05,237,23814,75,7049,142,15516,20,1249,116,6162,119,9435,135,15597,California
Yuba,2021-04-06,315,24129,111,7160,151,15667,53,1302,150,6201,164,9599,203,15800,California
Yuba,2021-04-07,732,24861,385,7545,293,15960,54,1356,318,6160,412,10011,371,16171,California
Yuba,2021-04-08,685,25546,280,7825,155,16115,250,1606,244,6214,440,10451,494,16665,California
Yuba,2021-04-09,249,25795,99,7924,126,16241,24,1630,110,6209,139,10590,134,16799,California
