county,administered_date,total_doses,cumulative_total_doses,pfizer_doses,cumulative_pfizer_doses,moderna_doses,cumulative_moderna_doses,jj_doses,cumulative_jj_doses,partially_vaccinated,total_partially_vaccinated,fully_vaccinated,cumulative_fully_vaccinated,at_least_one_dose,cumulative_at_least_one_dose,california_flag
All CA Counties,2020-12-15,1159,1159,1159,1159,0,0,0,0,1159,1159,0,0,1159,1159,
All CA Counties,2020-12-16,8485,9644,8485,9644,0,0,0,0,8485,9644,0,0,8485,9644,
All CA Counties,2020-12-17,26551,36195,26551,36195,0,0,0,0,26553,36197,0,0,26553,36197,
All CA Counties,2020-12-18,45242,81437,45182,81377,60,60,0,0,45242,81438,1,1,45242,81439,
All CA Counties,2020-12-19,25510,106947,25484,106861,26,86,0,0,25509,106946,1,2,25509,106948,
All CA Counties,2020-12-20,19128,126075,19096,125957,32,118,0,0,19126,126070,2,4,19126,126074,
All CA Counties,2020-12-21,49793,175868,49700,175657,93,211,0,0,49794,175862,3,7,49795,175869,
All CA Counties,2020-12-22,50198,226066,48055,223712,2143,2354,0,0,50190,226046,6,13,50190,226059,
All CA Counties,2020-12-23,50760,276826,41936,265648,8824,11178,0,0,50753,276796,6,19,50756,276815,
All CA Counties,2020-12-24,24118,300944,16357,282005,7761,18939,0,0,24113,300906,5,24,24115,300930,
All CA Counties,2020-12-25,2349,303293,2024,284029,325,19264,0,0,2349,303255,0,24,2349,303279,
All CA Counties,2020-12-26,14641,317934,9476,293505,5165,24429,0,0,14639,317892,2,26,14639,317918,
All CA Counties,2020-12-27,9473,327407,5612,299117,3861,28290,0,0,9470,327359,3,29,9470,327388,
All CA Counties,2020-12-28,46213,373620,29591,328708,16622,44912,0,0,46210,373566,3,32,46210,373598,
All CA Counties,2020-12-29,51398,425018,28620,357328,22778,67690,0,0,51391,424953,4,36,51391,424989,
All CA Counties,2020-12-30,63190,488208,35662,392990,27528,95218,0,0,63178,488125,9,45,63181,488170,
All CA Counties,2020-12-31,29601,517809,10948,403938,18653,113871,0,0,29579,517685,20,65,29580,517750,
All CA Counties,2021-01-01,4696,522505,2132,406070,2564,116435,0,0,4688,522366,7,72,4688,522438,
All CA Counties,2021-01-02,18547,541052,10262,416332,8285,124720,0,0,18542,540906,2,74,18542,540980,
All CA Counties,2021-01-03,6204,547256,3511,419843,2693,127413,0,0,6169,547062,13,87,6169,547149,
All CA Counties,2021-01-04,43676,590932,22030,441873,21646,149059,0,0,43596,590618,40,127,43596,590745,
All CA Counties,2021-01-05,56758,647690,29938,471811,26820,175879,0,0,51086,636193,5610,5737,51185,641930,
All CA Counties,2021-01-06,73670,721360,40653,512464,33017,208896,0,0,57930,678603,15560,21297,57970,699900,
All CA Counties,2021-01-07,92773,814133,52843,565307,39930,248826,0,0,61096,708257,31502,52799,61156,761056,
All CA Counties,2021-01-08,107496,921629,64700,630007,42796,291622,0,0,65414,731804,41939,94738,65486,826542,
All CA Counties,2021-01-09,44649,966278,25731,655738,18918,310540,0,0,27939,743089,16683,111421,27968,854510,
All CA Counties,2021-01-10,24475,990753,14964,670702,9511,320051,0,0,13162,744975,11295,122716,13181,867691,
All CA Counties,2021-01-11,105036,1095789,69908,740610,35128,355179,0,0,60928,762020,44061,166777,61106,928797,
All CA Counties,2021-01-12,114331,1210120,67806,808416,46525,401704,0,0,72783,793608,41441,208218,73029,1001826,
All CA Counties,2021-01-13,119920,1330040,62311,870727,57609,459313,0,0,85868,845604,33962,242180,85958,1087784,
All CA Counties,2021-01-14,124768,1454808,50055,920782,74713,534026,0,0,104958,931045,19704,261884,105145,1192929,
All CA Counties,2021-01-15,142627,1597435,52122,972904,90505,624531,0,0,127330,1043416,15197,277081,127568,1320497,
All CA Counties,2021-01-16,81094,1678529,27417,1000321,53677,678208,0,0,73451,1109309,7613,284694,73506,1394003,
All CA Counties,2021-01-17,48357,1726886,16907,1017228,31450,709658,0,0,44663,1150336,3681,288375,44708,1438711,
All CA Counties,2021-01-18,88441,1815327,46116,1063344,42325,751983,0,0,68999,1200148,19367,307742,69179,1507890,
All CA Counties,2021-01-19,142420,1957747,73448,1136792,68972,820955,0,0,111150,1280459,31170,338912,111481,1619371,
All CA Counties,2021-01-20,163743,2121490,84620,1221412,79123,900078,0,0,129431,1376101,34063,372975,129705,1749076,
All CA Counties,2021-01-21,176078,2297568,78815,1300227,97263,997341,0,0,156350,1513340,19494,392469,156733,1905809,
All CA Counties,2021-01-22,170864,2468432,69756,1369983,101108,1098449,0,0,156316,1655411,14405,406874,156476,2062285,
All CA Counties,2021-01-23,112045,2580477,49501,1419484,62544,1160993,0,0,99401,1742359,12577,419451,99525,2161810,
All CA Counties,2021-01-24,61225,2641702,29426,1448910,31799,1192792,0,0,56512,1794264,4674,424125,56579,2218389,
All CA Counties,2021-01-25,145831,2787533,65594,1514504,80237,1273029,0,0,110350,1869667,35332,459457,110735,2329124,
All CA Counties,2021-01-26,169712,2957245,83146,1597650,86566,1359595,0,0,131672,1963725,37887,497344,131945,2461069,
All CA Counties,2021-01-27,183407,3140652,87939,1685589,95468,1455063,0,0,143371,2067633,39686,537030,143594,2604663,
All CA Counties,2021-01-28,188889,3329541,86936,1772525,101953,1557016,0,0,154291,2187885,34278,571308,154530,2759193,
All CA Counties,2021-01-29,184684,3514225,88408,1860933,96276,1653292,0,0,149438,2302910,34598,605906,149623,2908816,
All CA Counties,2021-01-30,124613,3638838,55566,1916499,69047,1722339,0,0,108999,2396629,15432,621338,109151,3017967,
All CA Counties,2021-01-31,69189,3708027,38402,1954901,30787,1753126,0,0,64133,2455823,4997,626335,64191,3082158,
All CA Counties,2021-02-01,162618,3870645,75907,2030808,86711,1839837,0,0,121231,2536001,41184,667519,121362,3203520,
All CA Counties,2021-02-02,186494,4057139,78350,2109158,108144,1947981,0,0,141331,2632714,44844,712363,141557,3345077,
All CA Counties,2021-02-03,212528,4269667,96138,2205296,116390,2064371,0,0,157396,2735787,54578,766941,157651,3502728,
All CA Counties,2021-02-04,229555,4499222,100549,2305845,129006,2193377,0,0,168135,2843473,60816,827757,168502,3671230,
All CA Counties,2021-02-05,247557,4746779,106920,2412765,140637,2334014,0,0,167905,2933143,78786,906543,168456,3839686,
All CA Counties,2021-02-06,156089,4902868,75035,2487800,81054,2415068,0,0,121053,3019893,34801,941344,121551,3961237,
All CA Counties,2021-02-07,67075,4969943,43349,2531149,23726,2438794,0,0,50539,3054445,16438,957782,50990,4012227,
All CA Counties,2021-02-08,181686,5151629,89246,2620395,92440,2531234,0,0,119663,3113331,61533,1019315,120419,4132646,
All CA Counties,2021-02-09,212187,5363816,102053,2722448,110134,2641368,0,0,126815,3156747,84563,1103878,127979,4260625,
All CA Counties,2021-02-10,250275,5614091,120309,2842757,129966,2771334,0,0,137258,3183359,112133,1216011,138745,4399370,
All CA Counties,2021-02-11,267144,5881235,132046,2974803,135098,2906432,0,0,144385,3208046,121513,1337524,146200,4545570,
All CA Counties,2021-02-12,274829,6156064,120139,3094942,154690,3061122,0,0,147753,3232136,126057,1463581,150147,4695717,
All CA Counties,2021-02-13,168829,6324893,78133,3173075,90696,3151818,0,0,93041,3251765,75369,1538950,94998,4790715,
All CA Counties,2021-02-14,96109,6421002,47934,3221009,48175,3199993,0,0,51811,3261017,44105,1583055,53357,4844072,
All CA Counties,2021-02-15,143359,6564361,62825,3283834,80534,3280527,0,0,79079,3279376,63854,1646909,82213,4926285,
All CA Counties,2021-02-16,250807,6815168,118951,3402785,131856,3412383,0,0,133829,3299757,116544,1763453,136925,5063210,
All CA Counties,2021-02-17,261077,7076245,130054,3532839,131023,3543406,0,0,129544,3301616,130904,1894357,132763,5195973,
All CA Counties,2021-02-18,275394,7351639,143554,3676393,131840,3675246,0,0,132886,3297061,141684,2036041,137129,5333102,
All CA Counties,2021-02-19,256734,7608373,148771,3825164,107963,3783209,0,0,131923,3306898,124166,2160207,134003,5467105,
All CA Counties,2021-02-20,156581,7764954,99959,3925123,56622,3839831,0,0,85489,3323639,70736,2230943,87477,5554582,
All CA Counties,2021-02-21,86483,7851437,69859,3994982,16624,3856455,0,0,44419,3327849,41757,2272700,45967,5600549,
All CA Counties,2021-02-22,170437,8021874,114211,4109193,56226,3912681,0,0,84413,3328436,85547,2358247,86134,5686683,
All CA Counties,2021-02-23,232632,8254506,122983,4232176,109649,4022330,0,0,107701,3318011,124121,2482368,113696,5800379,
All CA Counties,2021-02-24,288662,8543168,145914,4378090,142748,4165078,0,0,136601,3310877,151290,2633658,144156,5944535,
All CA Counties,2021-02-25,324732,8867900,160233,4538323,164499,4329577,0,0,169856,3335216,154079,2787737,178418,6122953,
All CA Counties,2021-02-26,358497,9226397,167088,4705411,191409,4520986,0,0,199304,3383641,158168,2945905,206593,6329546,
All CA Counties,2021-02-27,254515,9480912,123744,4829155,130743,4651729,28,28,144608,3423487,109208,3055113,149054,6478600,
All CA Counties,2021-02-28,136650,9617562,81162,4910317,55475,4707204,13,41,79662,3449514,56497,3111610,82524,6561124,
All CA Counties,2021-03-01,245903,9863465,130810,5041127,114945,4822149,148,189,141473,3491628,103521,3215131,145635,6706759,
All CA Counties,2021-03-02,291352,10154817,147088,5188215,144230,4966379,34,223,175599,3559011,115139,3330270,182522,6889281,
All CA Counties,2021-03-03,336822,10491639,167829,5356044,168926,5135305,67,290,194660,3619693,141357,3471627,202039,7091320,
All CA Counties,2021-03-04,354854,10846493,179348,5535392,175406,5310711,100,390,208323,3689480,145669,3617296,215456,7306776,
All CA Counties,2021-03-05,342791,11189284,168085,5703477,173571,5484282,1135,1525,213038,3782059,128853,3746149,221432,7528208,
All CA Counties,2021-03-06,260548,11449832,133705,5837182,118973,5603255,7870,9395,161945,3858421,98125,3844274,174487,7702695,
All CA Counties,2021-03-07,129261,11579093,78807,5915989,46264,5649519,4190,13585,80469,3898169,48567,3892841,88315,7791010,
All CA Counties,2021-03-08,222358,11801451,108643,6024632,103205,5752724,10510,24095,145460,3982633,76434,3969275,160898,7951908,
All CA Counties,2021-03-09,294505,12095956,140594,6165226,137969,5890693,15942,40037,164734,4038094,129219,4098494,184680,8136588,
All CA Counties,2021-03-10,326055,12422011,162205,6327431,139249,6029942,24601,64638,176065,4093634,149222,4247716,204762,8341350,
All CA Counties,2021-03-11,380225,12802236,184036,6511467,162708,6192650,33481,98119,194493,4141087,184659,4432375,232112,8573462,
All CA Counties,2021-03-12,398567,13200803,178007,6689474,174144,6366794,46416,144535,195012,4183979,202580,4634955,245472,8818934,
All CA Counties,2021-03-13,286763,13487566,125473,6814947,130082,6496876,31208,175743,155147,4243396,131097,4766052,190514,9009448,
All CA Counties,2021-03-14,156781,13644347,83547,6898494,58108,6554984,15126,190869,78502,4261322,77928,4843980,95854,9105302,
All CA Counties,2021-03-15,292851,13937198,139998,7038492,132142,6687126,20711,211580,158497,4310437,133468,4977448,182583,9287885,
All CA Counties,2021-03-16,372764,14309962,175255,7213747,180045,6867171,17464,229044,215201,4389560,156710,5134158,235833,9523718,
All CA Counties,2021-03-17,387670,14697632,192277,7406024,176672,7043843,18721,247765,239671,4503405,147044,5281202,260889,9784607,
All CA Counties,2021-03-18,405277,15102909,207833,7613857,179050,7222893,18394,266159,239691,4599257,164359,5445561,260211,10044818,
All CA Counties,2021-03-19,414324,15517233,218210,7832067,174246,7397139,21868,288027,239812,4689553,173423,5618984,263719,10308537,
All CA Counties,2021-03-20,297388,15814621,156022,7988089,125396,7522535,15970,303997,187791,4785982,108820,5727804,205249,10513786,
All CA Counties,2021-03-21,145293,15959914,100335,8088424,37414,7559949,7544,311541,87228,4824510,57624,5785428,96152,10609938,
All CA Counties,2021-03-22,275754,16235668,160753,8249177,103755,7663704,11246,322787,178958,4921836,95914,5881342,193240,10803178,
All CA Counties,2021-03-23,360331,16595999,198882,8448059,150345,7814049,11104,333891,220600,5017415,138716,6020058,234295,11037473,
All CA Counties,2021-03-24,389815,16985814,223217,8671276,154036,7968085,12562,346453,225412,5094430,163033,6183091,240048,11277521,
All CA Counties,2021-03-25,420411,17406225,231808,8903084,173687,8141772,14916,361369,237419,5167350,181543,6364634,254463,11531984,
All CA Counties,2021-03-26,437299,17843524,233827,9136911,187254,8329026,16218,377587,235540,5221523,200400,6565034,254573,11786557,
All CA Counties,2021-03-27,314782,18158306,167103,9304014,135860,8464886,11819,389406,158431,5238579,155425,6720459,172481,11959038,
All CA Counties,2021-03-28,170283,18328589,109454,9413468,57224,8522110,3605,393011,88704,5252163,81078,6801537,94662,12053700,
All CA Counties,2021-03-29,312290,18640879,167791,9581259,135343,8657453,9156,402167,173168,5298739,138238,6939775,184814,12238514,
All CA Counties,2021-03-30,400666,19041545,202904,9784163,179422,8836875,18340,420507,224692,5368415,175087,7114862,244763,12483277,
All CA Counties,2021-03-31,428581,19470126,232756,10016919,173824,9010699,22001,442508,237743,5439485,189650,7304512,260720,12743997,
All CA Counties,2021-04-01,494901,19965027,253128,10270047,200860,9211559,40913,483421,271872,5531844,221427,7525939,313786,13057783,
All CA Counties,2021-04-02,476425,20441452,232129,10502176,200830,9412389,43466,526887,258161,5618102,216873,7742812,303131,13360914,
All CA Counties,2021-04-03,330906,20772358,168666,10670842,120627,9533016,41613,568500,164777,5660112,165398,7908210,207408,13568322,
All CA Counties,2021-04-04,132777,20905135,69284,10740126,44398,9577414,19095,587595,58121,5663116,74297,7982507,77301,13645623,
All CA Counties,2021-04-05,355181,21260316,183047,10923173,132109,9709523,40025,627620,174291,5699684,180095,8162602,216663,13862286,
All CA Counties,2021-04-06,459857,21720173,233121,11156294,160948,9870471,65788,693408,222514,5753458,236307,8398909,290081,14152367,
All CA Counties,2021-04-07,475360,22195533,246870,11403164,158209,10028680,70281,763689,230643,5811653,243631,8642540,301826,14454193,
All CA Counties,2021-04-08,502073,22697606,253308,11656472,163957,10192637,84808,848497,235802,5869388,264940,8907480,322675,14776868,
All CA Counties,2021-04-09,498042,23195648,248194,11904666,169435,10362072,80413,928910,228763,5913356,268082,9175562,312050,15088918,
All CA Counties,2021-04-10,370506,23566154,168840,12073506,127054,10489126,74612,1003522,155272,5931404,214399,9389961,232447,15321365,
All CA Counties,2021-04-11,188735,23754889,105784,12179290,48847,10537973,34104,1037626,77820,5935581,110522,9500483,114699,15436064,
All CA Counties,2021-04-12,342080,24096969,175801,12355091,127919,10665892,38360,1075986,157766,5951980,183230,9683713,199629,15635693,
All CA Counties,2021-04-13,435509,24532478,243837,12598928,190709,10856601,963,1076949,242964,6007515,191406,9875119,246941,15882634,
All CA Counties,2021-04-14,455741,24988219,255580,12854508,199867,11056468,294,1077243,237234,6032375,217186,10092305,242046,16124680,
All CA Counties,2021-04-15,496432,25484651,289234,13143742,206894,11263362,304,1077547,277367,6095463,217425,10309730,280513,16405193,
All CA Counties,2021-04-16,481113,25965764,270570,13414312,210229,11473591,314,1077861,256204,6130985,223434,10533164,258956,16664149,
All CA Counties,2021-04-17,346854,26312618,194028,13608340,152759,11626350,67,1077928,197325,6183000,148541,10681705,200556,16864705,
All CA Counties,2021-04-18,161758,26474376,104090,13712430,57650,11684000,18,1077946,82860,6190504,78415,10760120,85919,16950624,
All CA Counties,2021-04-19,323628,26798004,186091,13898521,137437,11821437,100,1078046,152930,6175753,169647,10929767,154896,17105520,
All CA Counties,2021-04-20,419536,27217540,226742,14125263,192713,12014150,81,1078127,208132,6176870,210181,11139948,211298,17316818,
All CA Counties,2021-04-21,440535,27658075,254754,14380017,185509,12199659,272,1078399,211631,6165025,227184,11367132,215339,17532157,
All CA Counties,2021-04-22,456409,28114484,262564,14642581,193762,12393421,83,1078482,203545,6120611,251286,11618418,206872,17739029,
All CA Counties,2021-04-23,448793,28563277,257878,14900459,190822,12584243,93,1078575,203494,6083828,243747,11862165,206964,17945993,
All CA Counties,2021-04-24,326496,28889773,205249,15105708,121063,12705306,184,1078759,165936,6093698,159530,12021695,169400,18115393,
All CA Counties,2021-04-25,150773,29040546,98787,15204495,51910,12757216,76,1078835,80510,6106007,69750,12091445,82059,18197452,
All CA Counties,2021-04-26,305660,29346206,177838,15382333,126266,12883482,1556,1080391,133554,6074618,171013,12262458,139624,18337076,
All CA Counties,2021-04-27,373567,29719773,207323,15589656,159597,13043079,6647,1087038,151058,6014235,221269,12483727,160886,18497962,
All CA Counties,2021-04-28,359625,30079398,207756,15797412,143925,13187004,7944,1094982,148499,5963157,209886,12693613,158808,18656770,
All CA Counties,2021-04-29,368997,30448395,214212,16011624,146835,13333839,7950,1102932,136170,5877647,231509,12925122,145999,18802769,
All CA Counties,2021-04-30,381731,30830126,220107,16231731,152657,13486496,8967,1111899,145825,5799956,234474,13159596,156783,18959552,
All CA Counties,2021-05-01,248918,31079044,158869,16390600,83919,13570415,6130,1118029,90360,5741074,157600,13317196,98718,19058270,
All CA Counties,2021-05-02,117116,31196160,81848,16472448,31379,13601794,3889,1121918,40957,5710570,75719,13392915,45215,19103485,
All CA Counties,2021-05-03,254389,31450549,156108,16628556,89490,13691284,8791,1130709,77685,5622173,175764,13568679,87367,19190852,
All CA Counties,2021-05-04,333877,31784426,205184,16833740,118867,13810151,9826,1140535,98837,5498132,233889,13802568,109848,19300700,
All CA Counties,2021-05-05,338443,32122869,212036,17045776,116315,13926466,10092,1150627,95804,5363789,241309,14043877,106966,19407666,
All CA Counties,2021-05-06,355387,32478256,233259,17279035,111574,14038040,10554,1161181,90419,5204045,263219,14307096,103475,19511141,
All CA Counties,2021-05-07,352722,32830978,221573,17500608,121247,14159287,9902,1171083,96084,5056120,255171,14562267,107246,19618387,
All CA Counties,2021-05-08,233432,33064410,148860,17649468,77603,14236890,6969,1178052,64383,4960912,168032,14730299,72824,19691211,
All CA Counties,2021-05-09,95414,33159824,72336,17721804,20105,14256995,2973,1181025,25127,4919518,69941,14800240,28547,19719758,
All CA Counties,2021-05-10,206765,33366589,118462,17840266,80419,14337414,7884,1188909,51184,4825189,154705,14954945,60376,19780134,
All CA Counties,2021-05-11,274338,33640927,156614,17996880,109061,14446475,8663,1197572,72553,4707433,200773,15155718,83017,19863151,
All CA Counties,2021-05-12,272110,33913037,158602,18155482,104384,14550859,9124,1206696,73022,4592763,197972,15353690,83302,19946453,
All CA Counties,2021-05-13,317573,34230610,204925,18360407,105230,14656089,7418,1214114,119506,4525481,196871,15550561,129589,20076042,
All CA Counties,2021-05-14,341108,34571718,218709,18579116,113478,14769567,8921,1223035,132999,4462697,206791,15757352,144007,20220049,
All CA Counties,2021-05-15,280212,34851930,195806,18774922,78396,14847963,6010,1229045,115513,4421449,163762,15921114,122514,20342563,
All CA Counties,2021-05-16,141350,34993280,108359,18883281,30039,14878002,2952,1231997,57711,4399372,83151,16004265,61074,20403637,
All CA Counties,2021-05-17,240215,35233495,158230,19041511,74567,14952569,7418,1239415,95169,4358714,144116,16148381,103458,20507095,
All CA Counties,2021-05-18,281817,35515312,171913,19213424,102500,15055069,7404,1246819,109941,4306739,170727,16319108,118752,20625847,
All CA Counties,2021-05-19,275527,35790839,172045,19385469,95916,15150985,7566,1254385,112721,4266435,161721,16480829,121417,20747264,
All CA Counties,2021-05-20,263557,36054396,157553,19543022,97862,15248847,8142,1262527,100319,4214384,162047,16642876,109996,20857260,
All CA Counties,2021-05-21,282306,36336702,173653,19716675,100697,15349544,7956,1270483,106324,4155232,174666,16817542,115514,20972774,
All CA Counties,2021-05-22,204359,36541061,135296,19851971,62839,15412383,6224,1276707,87147,4133345,116396,16933938,94509,21067283,
All CA Counties,2021-05-23,89672,36630733,62864,19914835,24111,15436494,2697,1279404,38627,4124440,50612,16984550,41707,21108990,
All CA Counties,2021-05-24,171168,36801901,100547,20015382,62298,15498792,8323,1287727,64887,4093058,105442,17089992,74060,21183050,
All CA Counties,2021-05-25,189546,36991447,111212,20126594,70292,15569084,8042,1295769,71674,4057082,116824,17206816,80848,21263898,
All CA Counties,2021-05-26,184421,37175868,106160,20232754,70404,15639488,7857,1303626,71551,4025453,111750,17318566,80121,21344019,
All CA Counties,2021-05-27,172159,37348027,98427,20331181,65235,15704723,8497,1312123,69157,4002036,102137,17420703,78720,21422739,
All CA Counties,2021-05-28,188579,37536606,108764,20439945,72698,15777421,7117,1319240,81208,3985110,106371,17527074,89445,21512184,
All CA Counties,2021-05-29,106823,37643429,65572,20505517,37424,15814845,3827,1323067,49816,3982799,56455,17583529,54144,21566328,
All CA Counties,2021-05-30,47031,37690460,31045,20536562,13528,15828373,2458,1325525,20579,3979850,26201,17609730,23252,21589580,
All CA Counties,2021-05-31,19787,37710247,11654,20548216,7159,15835532,974,1326499,6429,3974174,13193,17622923,7517,21597097,
All CA Counties,2021-06-01,168150,37878397,98105,20646321,62961,15898493,7084,1333583,59418,3933834,107728,17730651,67388,21664485,
All CA Counties,2021-06-02,142576,38020973,84328,20730649,51140,15949633,7108,1340691,53785,3907510,87876,17818527,61552,21726037,
All CA Counties,2021-06-03,170713,38191686,116773,20847422,46887,15996520,7053,1347744,51818,3849346,118036,17936563,59872,21785909,
All CA Counties,2021-06-04,199209,38390895,140325,20987747,52695,16049215,6189,1353933,59459,3778150,138679,18075242,67483,21853392,
All CA Counties,2021-06-05,157229,38548124,118683,21106430,32913,16082128,5633,1359566,43574,3715436,112868,18188110,50154,21903546,
All CA Counties,2021-06-06,63778,38611902,53740,21160170,7826,16089954,2212,1361778,16922,3688808,46561,18234671,19933,21923479,
All CA Counties,2021-06-07,136399,38748301,100174,21260344,30357,16120311,5868,1367646,40060,3639725,95722,18330393,46639,21970118,
All CA Counties,2021-06-08,158014,38906315,114731,21375075,36499,16156810,6784,1374430,46819,3584072,110284,18440677,54631,22024749,
All CA Counties,2021-06-09,152183,39058498,110738,21485813,34690,16191500,6755,1381185,42145,3524672,109214,18549891,49814,22074563,
All CA Counties,2021-06-10,146472,39204970,105510,21591323,33629,16225129,7333,1388518,42874,3473059,102869,18652760,51256,22125819,
All CA Counties,2021-06-11,158819,39363789,111573,21702896,40526,16265655,6720,1395238,49317,3421394,108606,18761366,56941,22182760,
All CA Counties,2021-06-12,114725,39478514,86956,21789852,24057,16289712,3712,1398950,32713,3377020,81459,18842825,37085,22219845,
All CA Counties,2021-06-13,44687,39523201,33312,21823164,9325,16299037,2050,1401000,11078,3357178,33363,18876188,13521,22233366,
All CA Counties,2021-06-14,115140,39638341,81865,21905029,26525,16325562,6750,1407750,37782,3325576,76745,18952933,45143,22278509,
All CA Counties,2021-06-15,131553,39769894,88838,21993867,33940,16359502,8775,1416525,43880,3292331,86815,19039748,53570,22332079,
All CA Counties,2021-06-16,120711,39890605,85024,22078891,27987,16387489,7700,1424225,41406,3263630,78556,19118304,49855,22381934,
All CA Counties,2021-06-17,113976,40004581,79065,22157956,27079,16414568,7832,1432057,40170,3239198,73066,19191370,48634,22430568,
All CA Counties,2021-06-18,128398,40132979,88990,22246946,31940,16446508,7468,1439525,45931,3211769,81582,19272952,54153,22484721,
All CA Counties,2021-06-19,76406,40209385,55536,22302482,16867,16463375,4003,1443528,28625,3197713,47188,19320140,33132,22517853,
All CA Counties,2021-06-20,30630,40240015,23069,22325551,6209,16469584,1352,1444880,11508,3191883,18906,19339046,13076,22530929,
All CA Counties,2021-06-21,71081,40311096,44565,22370116,20520,16490104,5996,1450876,36411,3200521,34286,19373332,42924,22573853,
All CA Counties,2021-06-22,100235,40411331,70034,22440150,24341,16514445,5860,1456736,39000,3185405,60638,19433970,45522,22619375,
All CA Counties,2021-06-23,93679,40505010,66187,22506337,21781,16536226,5711,1462447,38119,3174839,54990,19488960,44424,22663799,
All CA Counties,2021-06-24,90742,40595752,63432,22569769,21781,16558007,5529,1467976,36704,3164235,53401,19542361,42797,22706596,
All CA Counties,2021-06-25,104743,40700495,74228,22643997,25218,16583225,5297,1473273,42672,3151352,61442,19603803,48559,22755155,
All CA Counties,2021-06-26,67363,40767858,50837,22694834,13463,16596688,3063,1476336,27737,3143442,39263,19643066,31353,22786508,
All CA Counties,2021-06-27,31370,40799228,24123,22718957,5720,16602408,1527,1477863,13359,3140718,17836,19660902,15112,22801620,
All CA Counties,2021-06-28,71362,40870590,55328,22774285,11697,16614105,4337,1482200,31163,3136928,39751,19700653,35961,22837581,
All CA Counties,2021-06-29,82985,40953575,58945,22833230,19873,16633978,4167,1486367,34871,3128913,47609,19748262,39594,22877175,
All CA Counties,2021-06-30,77711,41031286,55908,22889138,17996,16651974,3807,1490174,34587,3125224,42627,19790889,38938,22916113,
All CA Counties,2021-07-01,72614,41103900,52496,22941634,16295,16668269,3823,1493997,31827,3121029,40354,19831243,36159,22952272,
All CA Counties,2021-07-02,81830,41185730,58777,23000411,19355,16687624,3698,1497695,36059,3116017,45257,19876500,40245,22992517,
All CA Counties,2021-07-03,45255,41230985,33107,23033518,10557,16698181,1591,1499286,20484,3113961,24440,19900940,22384,23014901,
All CA Counties,2021-07-04,2683,41233668,1378,23034896,1057,16699238,248,1499534,1145,3113883,1519,19902459,1441,23016342,
All CA and Non-CA Counties,2020-12-15,1168,1168,1168,1168,0,0,0,0,1168,1168,0,0,1168,1168,
All CA and Non-CA Counties,2020-12-16,8760,9928,8760,9928,0,0,0,0,8760,9928,0,0,8760,9928,
All CA and Non-CA Counties,2020-12-17,28143,38071,28143,38071,0,0,0,0,28143,38071,0,0,28143,38071,
All CA and Non-CA Counties,2020-12-18,47771,85842,47704,85775,67,67,0,0,47770,85840,1,1,47770,85841,
All CA and Non-CA Counties,2020-12-19,26545,112387,26518,112293,27,94,0,0,26544,112383,1,2,26544,112385,
All CA and Non-CA Counties,2020-12-20,19805,132192,19770,132063,35,129,0,0,19803,132184,2,4,19803,132188,
All CA and Non-CA Counties,2020-12-21,51967,184159,51871,183934,96,225,0,0,51964,184146,3,7,51965,184153,
All CA and Non-CA Counties,2020-12-22,52256,236415,50038,233972,2218,2443,0,0,52248,236388,6,13,52248,236401,
All CA and Non-CA Counties,2020-12-23,52287,288702,43320,277292,8967,11410,0,0,52279,288663,7,20,52282,288683,
All CA and Non-CA Counties,2020-12-24,24918,313620,16967,294259,7951,19361,0,0,24913,313573,5,25,24915,313598,
All CA and Non-CA Counties,2020-12-25,2384,316004,2054,296313,330,19691,0,0,2384,315957,0,25,2384,315982,
All CA and Non-CA Counties,2020-12-26,14947,330951,9683,305996,5264,24955,0,0,14945,330900,2,27,14945,330927,
All CA and Non-CA Counties,2020-12-27,9662,340613,5684,311680,3978,28933,0,0,9659,340556,3,30,9659,340586,
All CA and Non-CA Counties,2020-12-28,47623,388236,30489,342169,17134,46067,0,0,47619,388172,3,33,47619,388205,
All CA and Non-CA Counties,2020-12-29,52941,441177,29641,371810,23300,69367,0,0,52935,441103,4,37,52935,441140,
All CA and Non-CA Counties,2020-12-30,65119,506296,36936,408746,28183,97550,0,0,65107,506204,9,46,65110,506250,
All CA and Non-CA Counties,2020-12-31,30701,536997,11543,420289,19158,116708,0,0,30677,536861,21,67,30678,536928,
All CA and Non-CA Counties,2021-01-01,4815,541812,2160,422449,2655,119363,0,0,4807,541661,7,74,4807,541735,
All CA and Non-CA Counties,2021-01-02,18792,560604,10396,432845,8396,127759,0,0,18786,560444,3,77,18786,560521,
All CA and Non-CA Counties,2021-01-03,6375,566979,3602,436447,2773,130532,0,0,6340,566771,13,90,6340,566861,
All CA and Non-CA Counties,2021-01-04,44822,611801,22541,458988,22281,152813,0,0,44736,611466,41,131,44736,611597,
All CA and Non-CA Counties,2021-01-05,58306,670107,30760,489748,27546,180359,0,0,52441,658206,5801,5932,52541,664138,
All CA and Non-CA Counties,2021-01-06,76339,746446,42233,531981,34106,214465,0,0,59868,701826,16288,22220,59908,724046,
All CA and Non-CA Counties,2021-01-07,96949,843395,55434,587415,41515,255980,0,0,63624,732365,33147,55367,63686,787732,
All CA and Non-CA Counties,2021-01-08,111971,955366,67602,655017,44369,300349,0,0,68030,756680,43790,99157,68105,855837,
All CA and Non-CA Counties,2021-01-09,45961,1001327,26270,681287,19691,320040,0,0,28923,768623,17011,116168,28954,884791,
All CA and Non-CA Counties,2021-01-10,24791,1026118,15152,696439,9639,329679,0,0,13357,770583,11416,127584,13376,898167,
All CA and Non-CA Counties,2021-01-11,108314,1134432,71921,768360,36393,366072,0,0,62880,788255,45386,172970,63058,961225,
All CA and Non-CA Counties,2021-01-12,118169,1252601,70104,838464,48065,414137,0,0,75083,820614,42974,215944,75333,1036558,
All CA and Non-CA Counties,2021-01-13,123560,1376161,64093,902557,59467,473604,0,0,88331,873900,35139,251083,88425,1124983,
All CA and Non-CA Counties,2021-01-14,128424,1504585,51320,953877,77104,550708,0,0,107968,961722,20336,271419,108158,1233141,
All CA and Non-CA Counties,2021-01-15,146797,1651382,53124,1007001,93673,644381,0,0,131023,1077321,15662,287081,131261,1364402,
All CA and Non-CA Counties,2021-01-16,83728,1735110,27813,1034814,55915,700296,0,0,75910,1145500,7786,294867,75965,1440367,
All CA and Non-CA Counties,2021-01-17,48867,1783977,17063,1051877,31804,732100,0,0,45124,1186939,3730,298597,45169,1485536,
All CA and Non-CA Counties,2021-01-18,89684,1873661,46941,1098818,42743,774843,0,0,69783,1237078,19825,318422,69964,1555500,
All CA and Non-CA Counties,2021-01-19,146531,2020192,74809,1173627,71722,846565,0,0,114356,1319695,32073,350495,114690,1670190,
All CA and Non-CA Counties,2021-01-20,168252,2188444,86126,1259753,82126,928691,0,0,132945,1417861,35054,385549,133220,1803410,
All CA and Non-CA Counties,2021-01-21,180358,2368802,80037,1339790,100321,1029012,0,0,160052,1558239,20057,405606,160435,1963845,
All CA and Non-CA Counties,2021-01-22,175515,2544317,70884,1410674,104631,1133643,0,0,160544,1704127,14818,420424,160706,2124551,
All CA and Non-CA Counties,2021-01-23,114341,2658658,49853,1460527,64488,1198131,0,0,101524,1793028,12747,433171,101648,2226199,
All CA and Non-CA Counties,2021-01-24,61827,2720485,29679,1490206,32148,1230279,0,0,57035,1845376,4754,437925,57102,2283301,
All CA and Non-CA Counties,2021-01-25,150411,2870896,67583,1557789,82828,1313107,0,0,114052,1923614,36201,474126,114439,2397740,
All CA and Non-CA Counties,2021-01-26,175868,3046764,86164,1643953,89704,1402811,0,0,136956,2022089,38761,512887,137236,2534976,
All CA and Non-CA Counties,2021-01-27,188576,3235340,90692,1734645,97884,1500695,0,0,147891,2129876,40329,553216,148116,2683092,
All CA and Non-CA Counties,2021-01-28,194302,3429642,89916,1824561,104386,1605081,0,0,159101,2254342,34874,588090,159340,2842432,
All CA and Non-CA Counties,2021-01-29,189731,3619373,91603,1916164,98128,1703209,0,0,153674,2372797,35406,623496,153861,2996293,
All CA and Non-CA Counties,2021-01-30,129061,3748434,57997,1974161,71064,1774273,0,0,113214,2470498,15666,639162,113367,3109660,
All CA and Non-CA Counties,2021-01-31,72479,3820913,41263,2015424,31216,1805489,0,0,67360,2532859,5059,644221,67420,3177080,
All CA and Non-CA Counties,2021-02-01,168290,3989203,78570,2093994,89720,1895209,0,0,126162,2617234,41918,686139,126293,3303373,
All CA and Non-CA Counties,2021-02-02,193459,4182662,80643,2174637,112816,2008025,0,0,147550,2719434,45576,731715,147776,3451149,
All CA and Non-CA Counties,2021-02-03,220083,4402745,98290,2272927,121793,2129818,0,0,164046,2828263,55473,787188,164302,3615451,
All CA and Non-CA Counties,2021-02-04,236547,4639292,102784,2375711,133763,2263581,0,0,174081,2940865,61847,849035,174449,3789900,
All CA and Non-CA Counties,2021-02-05,254417,4893709,109173,2484884,145244,2408825,0,0,173651,3035176,79891,928926,174202,3964102,
All CA and Non-CA Counties,2021-02-06,160548,5054257,77225,2562109,83323,2492148,0,0,125034,3125442,35269,964195,125535,4089637,
All CA and Non-CA Counties,2021-02-07,69310,5123567,45188,2607297,24122,2516270,0,0,52685,3162055,16525,980720,53138,4142775,
All CA and Non-CA Counties,2021-02-08,187045,5310612,92634,2699931,94411,2610681,0,0,123916,3224099,62628,1043348,124672,4267447,
All CA and Non-CA Counties,2021-02-09,216496,5527108,103988,2803919,112508,2723189,0,0,129786,3269175,85888,1129236,130964,4398411,
All CA and Non-CA Counties,2021-02-10,255955,5783063,122294,2926213,133661,2856850,0,0,140451,3296550,114604,1243840,141979,4540390,
All CA and Non-CA Counties,2021-02-11,272136,6055199,134412,3060625,137724,2994574,0,0,147976,3323461,122898,1366738,149809,4690199,
All CA and Non-CA Counties,2021-02-12,280205,6335404,122149,3182774,158056,3152630,0,0,151223,3349137,127945,1494683,153621,4843820,
All CA and Non-CA Counties,2021-02-13,171282,6506686,78878,3261652,92404,3245034,0,0,94903,3370053,75956,1570639,96872,4940692,
All CA and Non-CA Counties,2021-02-14,97483,6604169,48364,3310016,49119,3294153,0,0,52925,3380170,44356,1614995,54473,4995165,
All CA and Non-CA Counties,2021-02-15,146057,6750226,64482,3374498,81575,3375728,0,0,80377,3398449,65235,1680230,83514,5078679,
All CA and Non-CA Counties,2021-02-16,257398,7007624,121970,3496468,135428,3511156,0,0,136449,3417502,120497,1800727,139550,5218229,
All CA and Non-CA Counties,2021-02-17,267180,7274804,133167,3629635,134013,3645169,0,0,131406,3417000,135132,1935859,134630,5352859,
All CA and Non-CA Counties,2021-02-18,282176,7556980,147500,3777135,134676,3779845,0,0,134998,3409924,146318,2082177,139242,5492101,
All CA and Non-CA Counties,2021-02-19,262839,7819819,153049,3930184,109790,3889635,0,0,134450,3418725,127731,2209908,136532,5628633,
All CA and Non-CA Counties,2021-02-20,160118,7979937,102829,4033013,57289,3946924,0,0,86770,3434499,72985,2282893,88759,5717392,
All CA and Non-CA Counties,2021-02-21,89610,8069547,72752,4105765,16858,3963782,0,0,45342,3437442,43947,2326840,46890,5764282,
All CA and Non-CA Counties,2021-02-22,174184,8243731,116967,4222732,57217,4020999,0,0,86104,3437677,87595,2414435,87830,5852112,
All CA and Non-CA Counties,2021-02-23,239493,8483224,126686,4349418,112807,4133806,0,0,110164,3425442,128410,2542845,116175,5968287,
All CA and Non-CA Counties,2021-02-24,295442,8778666,149569,4498987,145873,4279679,0,0,139106,3416594,155514,2698359,146666,6114953,
All CA and Non-CA Counties,2021-02-25,331741,9110407,163801,4662788,167940,4447619,0,0,172959,3440171,157948,2856307,181525,6296478,
All CA and Non-CA Counties,2021-02-26,365420,9475827,170742,4833530,194678,4642297,0,0,202405,3487974,161892,3018199,209695,6506173,
All CA and Non-CA Counties,2021-02-27,260032,9735859,126532,4960062,133471,4775768,29,29,146502,3526122,112804,3131003,150952,6657125,
All CA and Non-CA Counties,2021-02-28,139116,9874975,82944,5043006,56158,4831926,14,43,80477,3551323,58141,3189144,83342,6740467,
All CA and Non-CA Counties,2021-03-01,250939,10125914,134001,5177007,116789,4948715,149,192,142867,3591210,107148,3296292,147035,6887502,
All CA and Non-CA Counties,2021-03-02,298123,10424037,149601,5326608,148488,5097203,34,226,177688,3656023,119800,3416092,184613,7072115,
All CA and Non-CA Counties,2021-03-03,344799,10768836,170976,5497584,173754,5270957,69,295,197371,3714181,146597,3562689,204755,7276870,
All CA and Non-CA Counties,2021-03-04,361757,11130593,182307,5679891,179343,5450300,107,402,210662,3781781,150204,3712893,217804,7494674,
All CA and Non-CA Counties,2021-03-05,348118,11478711,170775,5850666,176193,5626493,1150,1552,215802,3874598,131402,3844295,224219,7718893,
All CA and Non-CA Counties,2021-03-06,265178,11743889,135863,5986529,121289,5747782,8026,9578,164296,3951201,100400,3944695,177003,7895896,
All CA and Non-CA Counties,2021-03-07,130872,11874761,79840,6066369,46786,5794568,4246,13824,81444,3991351,49198,3993893,89348,7985244,
All CA and Non-CA Counties,2021-03-08,225532,12100293,110527,6176896,104243,5898811,10762,24586,147684,4077379,77354,4071247,163382,8148626,
All CA and Non-CA Counties,2021-03-09,299268,12399561,143046,6319942,139960,6038771,16262,40848,167529,4133998,131176,4202423,187795,8336421,
All CA and Non-CA Counties,2021-03-10,330556,12730117,164361,6484303,141075,6179846,25120,65968,178800,4191045,150974,4353397,208021,8544442,
All CA and Non-CA Counties,2021-03-11,386494,13116611,187239,6671542,165078,6344924,34177,100145,197803,4239562,187601,4540998,236118,8780560,
All CA and Non-CA Counties,2021-03-12,405148,13521759,181966,6853508,176031,6520955,47151,147296,198582,4283767,205569,4746567,249774,9030334,
All CA and Non-CA Counties,2021-03-13,290603,13812362,127675,6981183,131246,6652201,31682,178978,157747,4345029,132325,4878892,193587,9223921,
All CA and Non-CA Counties,2021-03-14,158598,13970960,84482,7065665,58649,6710850,15467,194445,79488,4363457,78752,4957644,97180,9321101,
All CA and Non-CA Counties,2021-03-15,296939,14267899,142139,7207804,133615,6844465,21185,215630,160669,4413315,135373,5093017,185231,9506332,
All CA and Non-CA Counties,2021-03-16,380382,14648281,179671,7387475,182852,7027317,17859,233489,219384,4493597,160122,5253139,240404,9746736,
All CA and Non-CA Counties,2021-03-17,396192,15044473,197789,7585264,179301,7206618,19102,252591,244767,4609515,150454,5403593,266372,10013108,
All CA and Non-CA Counties,2021-03-18,413656,15458129,213010,7798274,181704,7388322,18942,271533,244508,4707184,167906,5571499,265575,10278683,
All CA and Non-CA Counties,2021-03-19,421705,15879834,222594,8020868,176697,7565019,22414,293947,244206,4799451,176396,5747895,268663,10547346,
All CA and Non-CA Counties,2021-03-20,302184,16182018,159182,8180050,126941,7691960,16061,310008,191439,4898490,109951,5857846,208990,10756336,
All CA and Non-CA Counties,2021-03-21,147408,16329426,101783,8281833,37992,7729952,7633,317641,88910,4938360,58052,5915898,97922,10854258,
All CA and Non-CA Counties,2021-03-22,279074,16608500,162760,8444593,104979,7834931,11335,328976,181222,5036997,96955,6012853,195592,11049850,
All CA and Non-CA Counties,2021-03-23,366477,16974977,202014,8646607,153048,7987979,11415,340391,224729,5135031,140701,6153554,238735,11288585,
All CA and Non-CA Counties,2021-03-24,397188,17372165,226996,8873603,157181,8145160,13011,353402,230473,5215256,165331,6318885,245556,11534141,
All CA and Non-CA Counties,2021-03-25,428709,17800874,235661,9109264,177606,8322766,15442,368844,243425,5292439,183813,6502698,260996,11795137,
All CA and Non-CA Counties,2021-03-26,444027,18244901,237383,9346647,190242,8513008,16402,385246,239964,5348948,202670,6705368,259179,12054316,
All CA and Non-CA Counties,2021-03-27,320365,18565266,170229,9516876,138096,8651104,12040,397286,161928,5367644,157500,6862868,176196,12230512,
All CA and Non-CA Counties,2021-03-28,173384,18738650,111114,9627990,58504,8709608,3766,401052,90701,5382292,82172,6945040,96820,12327332,
All CA and Non-CA Counties,2021-03-29,317534,19056184,170120,9798110,137910,8847518,9504,410556,176166,5429981,140471,7085511,188160,12515492,
All CA and Non-CA Counties,2021-03-30,407606,19463790,206560,10004670,182137,9029655,18909,429465,228794,5501514,177908,7263419,249441,12764933,
All CA and Non-CA Counties,2021-03-31,434997,19898787,236588,10241258,175621,9205276,22788,452253,241156,5573784,192644,7456063,264914,13029847,
All CA and Non-CA Counties,2021-04-01,502545,20401332,257711,10498969,203259,9408535,41575,493828,276302,5668026,224625,7680688,318867,13348714,
All CA and Non-CA Counties,2021-04-02,484923,20886255,236649,10735618,203660,9612195,44614,538442,262550,5755718,220969,7901657,308661,13657375,
All CA and Non-CA Counties,2021-04-03,337228,21223483,172454,10908072,122002,9734197,42772,581214,168141,5799301,168347,8070004,211930,13869305,
All CA and Non-CA Counties,2021-04-04,134578,21358061,70169,10978241,45074,9779271,19335,600549,59104,5802709,75112,8145116,78520,13947825,
All CA and Non-CA Counties,2021-04-05,359383,21717444,185089,11163330,133596,9912867,40698,641247,176297,5839767,182279,8327395,219337,14167162,
All CA and Non-CA Counties,2021-04-06,467072,22184516,236995,11400325,162639,10075506,67438,708685,225405,5893773,240610,8568005,294616,14461778,
All CA and Non-CA Counties,2021-04-07,483680,22668196,251554,11651879,160137,10235643,71989,780674,233878,5951831,248701,8816706,306759,14768537,
All CA and Non-CA Counties,2021-04-08,510395,23178591,257685,11909564,165949,10401592,86761,867435,239122,6009836,269928,9086634,327933,15096470,
All CA and Non-CA Counties,2021-04-09,505670,23684261,252100,12161664,171185,10572777,82385,949820,231691,6054010,272763,9359397,316937,15413407,
All CA and Non-CA Counties,2021-04-10,376641,24060902,171846,12333510,128319,10701096,76476,1026296,156962,6071166,218830,9578227,235986,15649393,
All CA and Non-CA Counties,2021-04-11,191616,24252518,107360,12440870,49502,10750598,34754,1061050,78794,6075062,112423,9690650,116319,15765712,
All CA and Non-CA Counties,2021-04-12,346313,24598831,178170,12619040,129216,10879814,38927,1099977,159649,6091569,185572,9876222,202079,15967791,
All CA and Non-CA Counties,2021-04-13,441410,25040241,247609,12866649,192813,11072627,988,1100965,246011,6147331,194251,10070473,250013,16217804,
All CA and Non-CA Counties,2021-04-14,461263,25501504,259122,13125771,201843,11274470,298,1101263,240271,6172758,219660,10290133,245087,16462891,
All CA and Non-CA Counties,2021-04-15,502657,26004161,293156,13418927,209190,11483660,311,1101574,280710,6236368,220253,10510386,283863,16746754,
All CA and Non-CA Counties,2021-04-16,487097,26491258,274003,13692930,212773,11696433,321,1101895,259538,6272600,226068,10736454,262300,17009054,
All CA and Non-CA Counties,2021-04-17,352429,26843687,197540,13890470,154821,11851254,68,1101963,200546,6325497,150881,10887335,203778,17212832,
All CA and Non-CA Counties,2021-04-18,163976,27007663,105365,13995835,58592,11909846,19,1101982,83947,6332966,79540,10966875,87009,17299841,
All CA and Non-CA Counties,2021-04-19,327843,27335506,188123,14183958,139619,12049465,101,1102083,155091,6318340,171687,11138562,157061,17456902,
All CA and Non-CA Counties,2021-04-20,425086,27760592,229324,14413282,195680,12245145,82,1102165,210427,6318513,213420,11351982,213593,17670495,
All CA and Non-CA Counties,2021-04-21,447256,28207848,257685,14670967,189293,12434438,278,1102443,214108,6304928,231408,11583390,217823,17888318,
All CA and Non-CA Counties,2021-04-22,463405,28671253,266185,14937152,197135,12631573,85,1102528,206131,6258709,255680,11839070,209461,18097779,
All CA and Non-CA Counties,2021-04-23,454803,29126056,260970,15198122,193739,12825312,94,1102622,205991,6220934,247239,12086309,209464,18307243,
All CA and Non-CA Counties,2021-04-24,331206,29457262,208329,15406451,122688,12948000,189,1102811,167836,6229911,162331,12248640,171308,18478551,
All CA and Non-CA Counties,2021-04-25,153011,29610273,100044,15506495,52890,13000890,77,1102888,81686,6242343,70807,12319447,83239,18561790,
All CA and Non-CA Counties,2021-04-26,309895,29920168,179743,15686238,128568,13129458,1584,1104472,135478,6210608,173311,12492758,141576,18703366,
All CA and Non-CA Counties,2021-04-27,379364,30299532,209515,15895753,162830,13292288,7019,1111491,153087,6148880,225023,12717781,163295,18866661,
All CA and Non-CA Counties,2021-04-28,364617,30664149,209920,16105673,146354,13438642,8343,1119834,150475,6097171,212887,12930668,161178,19027839,
All CA and Non-CA Counties,2021-04-29,373988,31038137,216575,16322248,149030,13587672,8383,1128217,138073,6010931,234574,13165242,148334,19176173,
All CA and Non-CA Counties,2021-04-30,386728,31424865,222547,16544795,154784,13742456,9397,1137614,147730,5932501,237551,13402793,159121,19335294,
All CA and Non-CA Counties,2021-05-01,252152,31677017,160738,16705533,84854,13827310,6560,1144174,91686,5873482,159493,13562286,100474,19435768,
All CA and Non-CA Counties,2021-05-02,118982,31795999,82942,16788475,32027,13859337,4013,1148187,41785,5842898,76751,13639037,46167,19481935,
All CA and Non-CA Counties,2021-05-03,257335,32053334,157721,16946196,90534,13949871,9080,1157267,78817,5754115,177569,13816606,88786,19570721,
All CA and Non-CA Counties,2021-05-04,337910,32391244,207368,17153564,120274,14070145,10268,1167535,100184,5629184,236566,14053172,111635,19682356,
All CA and Non-CA Counties,2021-05-05,342975,32734219,214588,17368152,117923,14188068,10464,1177999,97442,5493969,244194,14297366,108979,19791335,
All CA and Non-CA Counties,2021-05-06,359958,33094177,236078,17604230,112981,14301049,10899,1188898,92023,5333213,266179,14563545,105423,19896758,
All CA and Non-CA Counties,2021-05-07,357438,33451615,224314,17828544,122833,14423882,10291,1199189,97713,5184236,258241,14821786,109264,20006022,
All CA and Non-CA Counties,2021-05-08,236724,33688339,151091,17979635,78413,14502295,7220,1206409,65474,5088180,170223,14992009,74167,20080189,
All CA and Non-CA Counties,2021-05-09,96824,33785163,73274,18052909,20451,14522746,3099,1209508,25708,5046667,70765,15062774,29252,20109441,
All CA and Non-CA Counties,2021-05-10,209363,33994526,119664,18172573,81483,14604229,8216,1217724,52097,4951909,156381,15219155,61623,20171064,
All CA and Non-CA Counties,2021-05-11,277447,34271973,158142,18330715,110335,14714564,8970,1226694,73727,4833707,202704,15421859,84502,20255566,
All CA and Non-CA Counties,2021-05-12,275375,34547348,160190,18490905,105734,14820298,9451,1236145,74281,4718622,199972,15621831,84887,20340453,
All CA and Non-CA Counties,2021-05-13,320817,34868165,206824,18697729,106362,14926660,7631,1243776,120919,4651141,198697,15820528,131216,20471669,
All CA and Non-CA Counties,2021-05-14,344709,35212874,220748,18918477,114800,15041460,9161,1252937,134599,4588207,208783,16029311,145849,20617518,
All CA and Non-CA Counties,2021-05-15,282894,35495768,197395,19115872,79346,15120806,6153,1259090,116672,4546747,165278,16194589,123818,20741336,
All CA and Non-CA Counties,2021-05-16,143034,35638802,109448,19225320,30564,15151370,3022,1262112,58485,4524608,84058,16278647,61919,20803255,
All CA and Non-CA Counties,2021-05-17,243299,35882101,159878,19385198,75765,15227135,7656,1269768,96485,4483740,145879,16424526,105011,20908266,
All CA and Non-CA Counties,2021-05-18,285108,36167209,173583,19558781,103800,15330935,7725,1277493,111408,4431747,172536,16597062,120543,21028809,
All CA and Non-CA Counties,2021-05-19,278902,36446111,173742,19732523,97325,15428260,7835,1285328,114176,4391256,163631,16760693,123140,21151949,
All CA and Non-CA Counties,2021-05-20,266729,36712840,159314,19891837,99023,15527283,8392,1293720,101737,4339134,163788,16924481,111666,21263615,
All CA and Non-CA Counties,2021-05-21,285516,36998356,175441,20067278,101867,15629150,8208,1301928,107680,4279749,176507,17100988,117122,21380737,
All CA and Non-CA Counties,2021-05-22,207164,37205520,137134,20204412,63602,15692752,6428,1308356,88643,4258265,117694,17218682,96210,21476947,
All CA and Non-CA Counties,2021-05-23,91237,37296757,63890,20268302,24572,15717324,2775,1311131,39420,4249462,51382,17270064,42579,21519526,
All CA and Non-CA Counties,2021-05-24,173600,37470357,101713,20370015,63217,15780541,8670,1319801,65956,4218144,106794,17376858,75476,21595002,
All CA and Non-CA Counties,2021-05-25,191934,37662291,112323,20482338,71228,15851769,8383,1328184,72681,4182141,118196,17495054,82193,21677195,
All CA and Non-CA Counties,2021-05-26,186815,37849106,107267,20589605,71335,15923104,8213,1336397,72537,4150458,113147,17608201,81464,21758659,
All CA and Non-CA Counties,2021-05-27,174348,38023454,99513,20689118,66047,15989151,8788,1345185,70133,4127099,103344,17711545,79985,21838644,
All CA and Non-CA Counties,2021-05-28,191030,38214484,109997,20799115,73559,16062710,7474,1352659,82310,4110291,107713,17819258,90905,21929549,
All CA and Non-CA Counties,2021-05-29,108514,38322998,66428,20865543,37904,16100614,4182,1356841,50534,4108084,57424,17876682,55217,21984766,
All CA and Non-CA Counties,2021-05-30,47954,38370952,31611,20897154,13760,16114374,2583,1359424,21034,4105251,26665,17903347,23832,22008598,
All CA and Non-CA Counties,2021-05-31,20214,38391166,11841,20908995,7359,16121733,1014,1360438,6612,4099565,13426,17916773,7740,22016338,
All CA and Non-CA Counties,2021-06-01,170306,38561472,99242,21008237,63672,16185405,7392,1367830,60427,4059401,108869,18025642,68705,22085043,
All CA and Non-CA Counties,2021-06-02,144598,38706070,85332,21093569,51810,16237215,7456,1375286,54700,4033243,88973,18114615,62815,22147858,
All CA and Non-CA Counties,2021-06-03,172876,38878946,117964,21211533,47546,16284761,7366,1382652,52787,3975173,119223,18233838,61153,22209011,
All CA and Non-CA Counties,2021-06-04,201752,39080698,141745,21353278,53501,16338262,6506,1389158,60543,3903924,140132,18373970,68883,22277894,
All CA and Non-CA Counties,2021-06-05,158969,39239667,119897,21473175,33274,16371536,5798,1394956,44349,3841193,113826,18487796,51095,22328989,
All CA and Non-CA Counties,2021-06-06,64735,39304402,54459,21527634,7980,16379516,2296,1397252,17371,3814592,47067,18534863,20466,22349455,
All CA and Non-CA Counties,2021-06-07,138339,39442741,101223,21628857,30916,16410432,6200,1403452,40863,3765507,96858,18631721,47773,22397228,
All CA and Non-CA Counties,2021-06-08,160093,39602834,115913,21744770,37048,16447480,7132,1410584,47609,3709707,111568,18743289,55768,22452996,
All CA and Non-CA Counties,2021-06-09,154170,39757004,111925,21856695,35204,16482684,7041,1417625,42949,3650222,110387,18853676,50902,22503898,
All CA and Non-CA Counties,2021-06-10,148433,39905437,106654,21963349,34137,16516821,7642,1425267,43711,3598636,103989,18957665,52403,22556301,
All CA and Non-CA Counties,2021-06-11,160989,40066426,112821,22076170,41119,16557940,7049,1432316,50234,3546973,109851,19067516,58188,22614489,
All CA and Non-CA Counties,2021-06-12,116355,40182781,88171,22164341,24343,16582283,3841,1436157,33353,3502383,82446,19149962,37856,22652345,
All CA and Non-CA Counties,2021-06-13,45635,40228416,33958,22198299,9526,16591809,2151,1438308,11488,3482518,33897,19183859,14032,22666377,
All CA and Non-CA Counties,2021-06-14,116908,40345324,82859,22281158,26999,16618808,7050,1445358,38524,3450936,77765,19261624,46183,22712560,
All CA and Non-CA Counties,2021-06-15,133288,40478612,89797,22370955,34440,16653248,9051,1454409,44650,3417779,87773,19349397,54616,22767176,
All CA and Non-CA Counties,2021-06-16,122394,40601006,86022,22456977,28448,16681696,7924,1462333,42212,3389240,79424,19428821,50885,22818061,
All CA and Non-CA Counties,2021-06-17,115844,40716850,80101,22537078,27555,16709251,8188,1470521,41020,3365000,74080,19502901,49840,22867901,
All CA and Non-CA Counties,2021-06-18,130371,40847221,90065,22627143,32379,16741630,7927,1478448,46765,3337731,82714,19585615,55445,22923346,
All CA and Non-CA Counties,2021-06-19,77467,40924688,56237,22683380,17127,16758757,4103,1482551,29173,3323813,47697,19633312,33779,22957125,
All CA and Non-CA Counties,2021-06-20,31418,40956106,23643,22707023,6376,16765133,1399,1483950,11980,3318189,19219,19652531,13595,22970720,
All CA and Non-CA Counties,2021-06-21,72367,41028473,45211,22752234,20846,16785979,6310,1490260,37106,3327251,34871,19687402,43933,23014653,
All CA and Non-CA Counties,2021-06-22,101888,41130361,71079,22823313,24694,16810673,6115,1496375,39887,3312516,61399,19748801,46664,23061317,
All CA and Non-CA Counties,2021-06-23,95367,41225728,67112,22890425,22220,16832893,6035,1502410,38918,3302189,55872,19804673,45545,23106862,
All CA and Non-CA Counties,2021-06-24,92303,41318031,64346,22954771,22149,16855042,5808,1508218,37525,3291946,54139,19858812,43896,23150758,
All CA and Non-CA Counties,2021-06-25,106536,41424567,75256,23030027,25623,16880665,5657,1513875,43543,3279375,62359,19921171,49788,23200546,
All CA and Non-CA Counties,2021-06-26,68525,41493092,51596,23081623,13686,16894351,3243,1517118,28341,3271695,39817,19960988,32137,23232683,
All CA and Non-CA Counties,2021-06-27,32143,41525235,24725,23106348,5831,16900182,1587,1518705,13818,3269177,18148,19979136,15630,23248313,
All CA and Non-CA Counties,2021-06-28,72768,41598003,56163,23162511,11968,16912150,4637,1523342,31891,3265739,40429,20019565,36991,23285304,
All CA and Non-CA Counties,2021-06-29,84415,41682418,59823,23222334,20197,16932347,4395,1527737,35638,3258062,48265,20067830,40588,23325892,
All CA and Non-CA Counties,2021-06-30,79106,41761524,56719,23279053,18362,16950709,4025,1531762,35329,3254684,43275,20111105,39897,23365789,
All CA and Non-CA Counties,2021-07-01,73970,41835494,53300,23332353,16617,16967326,4053,1535815,32581,3250881,40945,20152050,37142,23402931,
All CA and Non-CA Counties,2021-07-02,83180,41918674,59554,23391907,19695,16987021,3931,1539746,36756,3246153,45902,20197952,41174,23444105,
All CA and Non-CA Counties,2021-07-03,46069,41964743,33694,23425601,10706,16997727,1669,1541415,21006,3244408,24729,20222681,22984,23467089,
All CA and Non-CA Counties,2021-07-04,2754,41967497,1417,23427018,1080,16998807,257,1541672,1190,3244358,1545,20224226,1495,23468584,
Outside California,2020-12-15,9,9,9,9,0,0,0,0,9,9,0,0,9,9,Not in California
Outside California,2020-12-16,275,284,275,284,0,0,0,0,275,284,0,0,275,284,Not in California
Outside California,2020-12-17,1590,1874,1590,1874,0,0,0,0,1590,1874,0,0,1590,1874,Not in California
Outside California,2020-12-18,2528,4402,2521,4395,7,7,0,0,2528,4402,0,0,2528,4402,Not in California
Outside California,2020-12-19,1035,5437,1034,5429,1,8,0,0,1035,5437,0,0,1035,5437,Not in California
Outside California,2020-12-20,677,6114,674,6103,3,11,0,0,677,6114,0,0,677,6114,Not in California
Outside California,2020-12-21,2170,8284,2167,8270,3,14,0,0,2170,8284,0,0,2170,8284,Not in California
Outside California,2020-12-22,2058,10342,1983,10253,75,89,0,0,2058,10342,0,0,2058,10342,Not in California
Outside California,2020-12-23,1527,11869,1384,11637,143,232,0,0,1526,11867,1,1,1526,11868,Not in California
Outside California,2020-12-24,800,12669,610,12247,190,422,0,0,800,12667,0,1,800,12668,Not in California
Outside California,2020-12-25,35,12704,30,12277,5,427,0,0,35,12702,0,1,35,12703,Not in California
Outside California,2020-12-26,306,13010,207,12484,99,526,0,0,306,13008,0,1,306,13009,Not in California
Outside California,2020-12-27,189,13199,72,12556,117,643,0,0,189,13197,0,1,189,13198,Not in California
Outside California,2020-12-28,1406,14605,894,13450,512,1155,0,0,1406,14603,0,1,1406,14604,Not in California
Outside California,2020-12-29,1537,16142,1016,14466,521,1676,0,0,1537,16140,0,1,1537,16141,Not in California
Outside California,2020-12-30,1875,18017,1220,15686,655,2331,0,0,1875,18015,0,1,1875,18016,Not in California
Outside California,2020-12-31,1099,19116,595,16281,504,2835,0,0,1098,19112,1,2,1098,19114,Not in California
Outside California,2021-01-01,119,19235,28,16309,91,2926,0,0,119,19231,0,2,119,19233,Not in California
Outside California,2021-01-02,244,19479,134,16443,110,3036,0,0,243,19473,1,3,243,19476,Not in California
Outside California,2021-01-03,171,19650,91,16534,80,3116,0,0,171,19644,0,3,171,19647,Not in California
Outside California,2021-01-04,1143,20793,508,17042,635,3751,0,0,1138,20781,1,4,1138,20785,Not in California
Outside California,2021-01-05,1548,22341,822,17864,726,4477,0,0,1355,21946,191,195,1356,22141,Not in California
Outside California,2021-01-06,2665,25006,1578,19442,1087,5564,0,0,1934,23152,728,923,1934,24075,Not in California
Outside California,2021-01-07,4107,29113,2523,21965,1584,7148,0,0,2460,23969,1645,2568,2462,26537,Not in California
Outside California,2021-01-08,4474,33587,2902,24867,1572,8720,0,0,2613,24734,1851,4419,2616,29153,Not in California
Outside California,2021-01-09,1310,34897,537,25404,773,9493,0,0,981,25389,328,4747,983,30136,Not in California
Outside California,2021-01-10,316,35213,188,25592,128,9621,0,0,195,25463,121,4868,195,30331,Not in California
Outside California,2021-01-11,3258,38471,1993,27585,1265,10886,0,0,1932,26070,1325,6193,1932,32263,Not in California
Outside California,2021-01-12,3827,42298,2288,29873,1539,12425,0,0,2291,26832,1532,7725,2294,34557,Not in California
Outside California,2021-01-13,3630,45928,1772,31645,1858,14283,0,0,2452,28111,1177,8902,2456,37013,Not in California
Outside California,2021-01-14,3653,49581,1262,32907,2391,16674,0,0,3007,30489,632,9534,3010,40023,Not in California
Outside California,2021-01-15,4163,53744,996,33903,3167,19841,0,0,3686,33710,465,9999,3686,43709,Not in California
Outside California,2021-01-16,2627,56371,389,34292,2238,22079,0,0,2452,35989,173,10172,2452,46161,Not in California
Outside California,2021-01-17,506,56877,152,34444,354,22433,0,0,457,36397,49,10221,457,46618,Not in California
Outside California,2021-01-18,1187,58064,769,35213,418,22851,0,0,730,36672,456,10677,731,47349,Not in California
Outside California,2021-01-19,4086,62150,1336,36549,2750,25601,0,0,3186,38961,900,11577,3189,50538,Not in California
Outside California,2021-01-20,4428,66578,1425,37974,3003,28604,0,0,3485,41509,938,12515,3486,54024,Not in California
Outside California,2021-01-21,4225,70803,1169,39143,3056,31660,0,0,3646,44593,562,13077,3646,57670,Not in California
Outside California,2021-01-22,4616,75419,1097,40240,3519,35179,0,0,4193,48375,413,13490,4195,61865,Not in California
Outside California,2021-01-23,2285,77704,345,40585,1940,37119,0,0,2112,50317,170,13660,2112,63977,Not in California
Outside California,2021-01-24,600,78304,251,40836,349,37468,0,0,520,50757,80,13740,520,64497,Not in California
Outside California,2021-01-25,4560,82864,1972,42808,2588,40056,0,0,3685,53578,866,14606,3687,68184,Not in California
Outside California,2021-01-26,6069,88933,2932,45740,3137,43193,0,0,5195,57907,873,15479,5202,73386,Not in California
Outside California,2021-01-27,5151,94084,2735,48475,2416,45609,0,0,4504,61772,641,16120,4506,77892,Not in California
Outside California,2021-01-28,5262,99346,2831,51306,2431,48040,0,0,4716,65952,536,16656,4716,82608,Not in California
Outside California,2021-01-29,4908,104254,3056,54362,1852,49892,0,0,4093,69240,807,17463,4095,86703,Not in California
Outside California,2021-01-30,4436,108690,2421,56783,2015,51907,0,0,4201,73210,232,17695,4202,90905,Not in California
Outside California,2021-01-31,3275,111965,2846,59629,429,52336,0,0,3211,76361,62,17757,3213,94118,Not in California
Outside California,2021-02-01,5636,117601,2629,62258,3007,55343,0,0,4912,80558,715,18472,4912,99030,Not in California
Outside California,2021-02-02,6901,124502,2230,64488,4671,60014,0,0,6163,85996,725,19197,6163,105193,Not in California
Outside California,2021-02-03,7514,132016,2112,66600,5402,65416,0,0,6621,91734,884,20081,6622,111815,Not in California
Outside California,2021-02-04,6934,138950,2182,68782,4752,70168,0,0,5895,96606,1024,21105,5896,117711,Not in California
Outside California,2021-02-05,6840,145790,2237,71019,4603,74771,0,0,5731,101237,1100,22205,5731,123442,Not in California
Outside California,2021-02-06,4444,150234,2175,73194,2269,77040,0,0,3971,104749,462,22667,3974,127416,Not in California
Outside California,2021-02-07,2226,152460,1830,75024,396,77436,0,0,2139,106805,85,22752,2141,129557,Not in California
Outside California,2021-02-08,5303,157763,3335,78359,1968,79404,0,0,4238,109989,1054,23806,4238,133795,Not in California
Outside California,2021-02-09,4290,162053,1916,80275,2374,81778,0,0,2967,111660,1310,25116,2981,136776,Not in California
Outside California,2021-02-10,5646,167699,1955,82230,3691,85469,0,0,3184,112439,2446,27562,3225,140001,Not in California
Outside California,2021-02-11,4904,172603,2279,84509,2625,88094,0,0,3547,114665,1339,28901,3565,143566,Not in California
Outside California,2021-02-12,5332,177935,1974,86483,3358,91452,0,0,3457,116269,1857,30758,3461,147027,Not in California
Outside California,2021-02-13,2441,180376,740,87223,1701,93153,0,0,1854,117552,583,31341,1866,148893,Not in California
Outside California,2021-02-14,1367,181743,428,87651,939,94092,0,0,1110,118415,249,31590,1112,150005,Not in California
Outside California,2021-02-15,2654,184397,1619,89270,1035,95127,0,0,1270,118321,1367,32957,1273,151278,Not in California
Outside California,2021-02-16,6478,190875,2916,92186,3562,98689,0,0,2588,117042,3872,36829,2593,153871,Not in California
Outside California,2021-02-17,6090,196965,3102,95288,2988,101677,0,0,1854,114681,4220,41049,1859,155730,Not in California
Outside California,2021-02-18,6679,203644,3848,99136,2831,104508,0,0,2095,112229,4548,45597,2096,157826,Not in California
Outside California,2021-02-19,5921,209565,4099,103235,1822,106330,0,0,2481,111284,3428,49025,2483,160309,Not in California
Outside California,2021-02-20,3529,213094,2864,106099,665,106995,0,0,1279,110321,2243,51268,1280,161589,Not in California
Outside California,2021-02-21,3111,216205,2877,108976,234,107229,0,0,922,109068,2175,53443,922,162511,Not in California
Outside California,2021-02-22,3736,219941,2745,111721,991,108220,0,0,1686,108717,2042,55485,1691,164202,Not in California
Outside California,2021-02-23,6799,226740,3652,115373,3147,111367,0,0,2448,106938,4243,59728,2464,166666,Not in California
Outside California,2021-02-24,6741,233481,3624,118997,3117,114484,0,0,2491,105235,4199,63927,2496,169162,Not in California
Outside California,2021-02-25,6942,240423,3514,122511,3428,117912,0,0,3079,104493,3825,67752,3083,172245,Not in California
Outside California,2021-02-26,6885,247308,3630,126141,3255,121167,0,0,3080,103865,3709,71461,3081,175326,Not in California
Outside California,2021-02-27,5494,252802,2771,128912,2722,123889,1,1,1883,102164,3588,75049,1887,177213,Not in California
Outside California,2021-02-28,2448,255250,1769,130681,678,124567,1,2,804,101332,1639,76688,807,178020,Not in California
Outside California,2021-03-01,4992,260242,3165,133846,1826,126393,1,3,1370,99100,3608,80296,1376,179396,Not in California
Outside California,2021-03-02,6750,266992,2503,136349,4247,130640,0,3,2077,96524,4655,84951,2079,181475,Not in California
Outside California,2021-03-03,7963,274955,3137,139486,4824,135464,2,5,2701,93993,5237,90188,2706,184181,Not in California
Outside California,2021-03-04,6856,281811,2915,142401,3934,139398,7,12,2322,91819,4505,94693,2331,186512,Not in California
Outside California,2021-03-05,5302,287113,2675,145076,2612,142010,15,27,2742,92041,2543,97236,2765,189277,Not in California
Outside California,2021-03-06,4610,291723,2146,147222,2310,144320,154,181,2335,92268,2271,99507,2498,191775,Not in California
Outside California,2021-03-07,1610,293333,1032,148254,522,144842,56,237,973,92668,631,100138,1031,192806,Not in California
Outside California,2021-03-08,3143,296476,1862,150116,1031,145873,250,487,2217,94248,895,101033,2475,195281,Not in California
Outside California,2021-03-09,4725,301201,2421,152537,1988,147861,316,803,2785,95421,1928,102961,3101,198382,Not in California
Outside California,2021-03-10,4487,305688,2146,154683,1825,149686,516,1319,2729,96928,1743,104704,3250,201632,Not in California
Outside California,2021-03-11,6239,311927,3190,157873,2367,152053,682,2001,3303,97993,2920,107624,3985,205617,Not in California
Outside California,2021-03-12,6519,318446,3912,161785,1877,153930,730,2731,3559,99339,2940,110564,4286,209903,Not in California
Outside California,2021-03-13,3825,322271,2198,163983,1157,155087,470,3201,2594,101184,1218,111782,3063,212966,Not in California
Outside California,2021-03-14,1803,324074,929,164912,535,155622,339,3540,981,101687,816,112598,1319,214285,Not in California
Outside California,2021-03-15,4054,328128,2127,167039,1455,157077,472,4012,2148,102416,1893,114491,2622,216907,Not in California
Outside California,2021-03-16,7569,335697,4394,171433,2784,159861,391,4403,4154,103562,3392,117883,4538,221445,Not in California
Outside California,2021-03-17,8483,344180,5496,176929,2607,162468,380,4783,5062,105604,3406,121289,5448,226893,Not in California
Outside California,2021-03-18,8346,352526,5157,182086,2641,165109,548,5331,4797,107413,3535,124824,5344,232237,Not in California
Outside California,2021-03-19,7352,359878,4365,186451,2441,167550,546,5877,4371,109369,2965,127789,4921,237158,Not in California
Outside California,2021-03-20,4768,364646,3145,189596,1532,169082,91,5968,3633,111975,1120,128909,3726,240884,Not in California
Outside California,2021-03-21,2099,366745,1438,191034,572,169654,89,6057,1670,113308,425,129334,1758,242642,Not in California
Outside California,2021-03-22,3285,370030,1988,193022,1209,170863,88,6145,2247,114613,1029,130363,2334,244976,Not in California
Outside California,2021-03-23,6121,376151,3122,196144,2693,173556,306,6451,4117,117062,1974,132337,4423,249399,Not in California
Outside California,2021-03-24,7352,383503,3771,199915,3132,176688,449,6900,5047,120265,2291,134628,5494,254893,Not in California
Outside California,2021-03-25,8260,391763,3828,203743,3906,180594,526,7426,5982,124517,2257,136885,6509,261402,Not in California
Outside California,2021-03-26,6692,398455,3536,207279,2977,183571,179,7605,4406,126845,2255,139140,4583,265985,Not in California
Outside California,2021-03-27,5551,404006,3111,210390,2222,185793,218,7823,3479,128481,2058,141198,3694,269679,Not in California
Outside California,2021-03-28,3083,407089,1651,212041,1271,187064,161,7984,1985,129538,1089,142287,2146,271825,Not in California
Outside California,2021-03-29,5204,412293,2310,214351,2546,189610,348,8332,2974,130639,2221,144508,3322,275147,Not in California
Outside California,2021-03-30,6899,419192,3630,217981,2700,192310,569,8901,4078,132487,2806,147314,4654,279801,Not in California
Outside California,2021-03-31,6379,425571,3810,221791,1783,194093,786,9687,3387,133672,2982,150296,4167,283968,Not in California
Outside California,2021-04-01,7619,433190,4568,226359,2392,196485,659,10346,4414,135544,3190,153486,5062,289030,Not in California
Outside California,2021-04-02,8456,441646,4500,230859,2817,199302,1139,11485,4373,136979,4070,157556,5505,294535,Not in California
Outside California,2021-04-03,6301,447947,3778,234637,1364,200666,1159,12644,3349,138547,2939,160495,4507,299042,Not in California
Outside California,2021-04-04,1786,449733,881,235518,665,201331,240,12884,974,138947,810,161305,1210,300252,Not in California
Outside California,2021-04-05,4168,453901,2022,237540,1474,202805,672,13556,1990,139437,2167,163472,2657,302909,Not in California
Outside California,2021-04-06,7192,461093,3859,241399,1684,204489,1649,15205,2879,139667,4292,167764,4522,307431,Not in California
Outside California,2021-04-07,8282,469375,4658,246057,1917,206406,1707,16912,3209,139515,5059,172823,4907,312338,Not in California
Outside California,2021-04-08,8286,477661,4354,250411,1985,208391,1947,18859,3304,139784,4967,177790,5236,317574,Not in California
Outside California,2021-04-09,7595,485256,3883,254294,1740,210131,1972,20831,2907,139980,4670,182460,4866,322440,Not in California
Outside California,2021-04-10,6124,491380,2997,257291,1264,211395,1863,22694,1685,139089,4424,186884,3533,325973,Not in California
Outside California,2021-04-11,2870,494250,1569,258860,651,212046,650,23344,969,138808,1896,188780,1615,327588,Not in California
Outside California,2021-04-12,4196,498446,2349,261209,1281,213327,566,23910,1866,138920,2320,191100,2432,330020,Not in California
Outside California,2021-04-13,5854,504300,3744,264953,2085,215412,25,23935,3030,139158,2817,193917,3055,333075,Not in California
Outside California,2021-04-14,5492,509792,3533,268486,1955,217367,4,23939,3031,139743,2450,196367,3035,336110,Not in California
Outside California,2021-04-15,6193,515985,3905,272391,2282,219649,6,23945,3332,140276,2806,199173,3339,339449,Not in California
Outside California,2021-04-16,5958,521943,3417,275808,2534,222183,7,23952,3324,140992,2618,201791,3334,342783,Not in California
Outside California,2021-04-17,5551,527494,3497,279305,2053,224236,1,23953,3213,141880,2325,204116,3213,345996,Not in California
Outside California,2021-04-18,2199,529693,1268,280573,930,225166,1,23954,1079,141849,1113,205229,1082,347078,Not in California
Outside California,2021-04-19,4180,533873,2010,282583,2169,227335,1,23955,2147,141980,2020,207249,2151,349229,Not in California
Outside California,2021-04-20,5524,539397,2566,285149,2957,230292,1,23956,2289,141050,3219,210468,2289,351518,Not in California
Outside California,2021-04-21,6681,546078,2911,288060,3764,234056,6,23962,2461,139319,4199,214667,2468,353986,Not in California
Outside California,2021-04-22,6972,553050,3605,291665,3365,237421,2,23964,2580,137525,4377,219044,2583,356569,Not in California
Outside California,2021-04-23,5979,559029,3076,294741,2902,240323,1,23965,2482,136532,3478,222522,2485,359054,Not in California
Outside California,2021-04-24,4679,563708,3057,297798,1617,241940,5,23970,1884,135637,2787,225309,1892,360946,Not in California
Outside California,2021-04-25,2218,565926,1248,299046,969,242909,1,23971,1169,135765,1045,226354,1173,362119,Not in California
Outside California,2021-04-26,4205,570131,1887,300933,2290,245199,28,23999,1912,135424,2281,228635,1940,364059,Not in California
Outside California,2021-04-27,5767,575898,2175,303108,3221,248420,371,24370,2019,134087,3735,232370,2398,366457,Not in California
Outside California,2021-04-28,4964,580862,2145,305253,2422,250842,397,24767,1968,133466,2981,235351,2360,368817,Not in California
Outside California,2021-04-29,4956,585818,2340,307593,2183,253025,433,25200,1887,132741,3044,238395,2319,371136,Not in California
Outside California,2021-04-30,4967,590785,2425,310018,2117,255142,425,25625,1889,131996,3062,241457,2317,373453,Not in California
Outside California,2021-05-01,3207,593992,1849,311867,928,256070,430,26055,1311,131855,1882,243339,1741,375194,Not in California
Outside California,2021-05-02,1852,595844,1088,312955,641,256711,123,26178,823,131777,1024,244363,946,376140,Not in California
Outside California,2021-05-03,2922,598766,1597,314552,1039,257750,286,26464,1126,131401,1787,246150,1411,377551,Not in California
Outside California,2021-05-04,4015,602781,2175,316727,1402,259152,438,26902,1341,130515,2663,248813,1777,379328,Not in California
Outside California,2021-05-05,4507,607288,2542,319269,1594,260746,371,27273,1627,129645,2871,251684,2001,381329,Not in California
Outside California,2021-05-06,4537,611825,2798,322067,1401,262147,338,27611,1593,128639,2936,254620,1930,383259,Not in California
Outside California,2021-05-07,4689,616514,2728,324795,1576,263723,385,27996,1619,127591,3052,257672,2004,385263,Not in California
Outside California,2021-05-08,3278,619792,2222,327017,807,264530,249,28245,1086,126744,2183,259855,1336,386599,Not in California
Outside California,2021-05-09,1393,621185,934,327951,337,264867,122,28367,573,126622,815,260670,693,387292,Not in California
Outside California,2021-05-10,2577,623762,1191,329142,1057,265924,329,28696,910,126203,1660,262330,1241,388533,Not in California
Outside California,2021-05-11,3092,626854,1519,330661,1270,267194,303,28999,1165,125752,1923,264253,1472,390005,Not in California
Outside California,2021-05-12,3251,630105,1579,332240,1346,268540,326,29325,1255,125341,1991,266244,1580,391585,Not in California
Outside California,2021-05-13,3226,633331,1887,334127,1131,269671,208,29533,1402,125134,1817,268061,1610,393195,Not in California
Outside California,2021-05-14,3578,636909,2021,336148,1318,270989,239,29772,1588,124982,1982,270043,1830,395025,Not in California
Outside California,2021-05-15,2660,639569,1569,337717,948,271937,143,29915,1145,124765,1507,271550,1290,396315,Not in California
Outside California,2021-05-16,1659,641228,1072,338789,518,272455,69,29984,760,124699,896,272446,830,397145,Not in California
Outside California,2021-05-17,3061,644289,1631,340420,1194,273649,236,30220,1307,124491,1750,274196,1542,398687,Not in California
Outside California,2021-05-18,3259,647548,1650,342070,1290,274939,319,30539,1448,124465,1796,275992,1770,400457,Not in California
Outside California,2021-05-19,3345,650893,1675,343745,1402,276341,268,30807,1445,124286,1891,277883,1712,402169,Not in California
Outside California,2021-05-20,3153,654046,1746,345491,1158,277499,249,31056,1408,124212,1733,279616,1659,403828,Not in California
Outside California,2021-05-21,3186,657232,1775,347266,1163,278662,248,31304,1346,123980,1826,281442,1594,405422,Not in California
Outside California,2021-05-22,2779,660011,1816,349082,760,279422,203,31507,1485,124383,1286,282728,1689,407111,Not in California
Outside California,2021-05-23,1555,661566,1019,350101,458,279880,78,31585,787,124483,766,283494,866,407977,Not in California
Outside California,2021-05-24,2422,663988,1160,351261,916,280796,346,31931,1064,124546,1347,284841,1410,409387,Not in California
Outside California,2021-05-25,2367,666355,1101,352362,931,281727,335,32266,1000,124519,1359,286200,1332,410719,Not in California
Outside California,2021-05-26,2382,668737,1098,353460,929,282656,355,32621,983,124468,1390,287590,1339,412058,Not in California
Outside California,2021-05-27,2167,670904,1071,354531,807,283463,289,32910,970,124533,1192,288782,1257,413315,Not in California
Outside California,2021-05-28,2429,673333,1221,355752,856,284319,352,33262,1090,124644,1332,290114,1443,414758,Not in California
Outside California,2021-05-29,1661,674994,831,356583,475,284794,355,33617,694,124730,963,291077,1049,415807,Not in California
Outside California,2021-05-30,916,675910,562,357145,230,285024,124,33741,452,124846,460,291537,576,416383,Not in California
Outside California,2021-05-31,426,676336,186,357331,200,285224,40,33781,183,124837,232,291769,223,416606,Not in California
Outside California,2021-06-01,2127,678463,1120,358451,705,285929,302,34083,997,125011,1125,292894,1299,417905,Not in California
Outside California,2021-06-02,2015,680478,1000,359451,667,286596,348,34431,913,125180,1092,293986,1261,419166,Not in California
Outside California,2021-06-03,2146,682624,1175,360626,658,287254,313,34744,961,125275,1178,295164,1273,420439,Not in California
Outside California,2021-06-04,2515,685139,1402,362028,796,288050,317,35061,1068,125218,1441,296605,1384,421823,Not in California
Outside California,2021-06-05,1708,686847,1191,363219,353,288403,164,35225,757,125196,944,297549,922,422745,Not in California
Outside California,2021-06-06,925,687772,695,363914,149,288552,81,35306,435,125224,488,298037,516,423261,Not in California
Outside California,2021-06-07,1919,689691,1039,364953,551,289103,329,35635,794,125222,1124,299161,1122,424383,Not in California
Outside California,2021-06-08,2063,691754,1174,366127,544,289647,345,35980,785,125078,1273,300434,1129,425512,Not in California
Outside California,2021-06-09,1960,693714,1170,367297,505,290152,285,36265,790,124990,1161,301595,1073,426585,Not in California
Outside California,2021-06-10,1947,695661,1133,368430,505,290657,309,36574,831,125019,1112,302707,1141,427726,Not in California
Outside California,2021-06-11,2164,697825,1244,369674,592,291249,328,36902,914,125019,1243,303950,1243,428969,Not in California
Outside California,2021-06-12,1617,699442,1206,370880,282,291531,129,37031,631,124799,982,304932,762,429731,Not in California
Outside California,2021-06-13,938,700380,640,371520,197,291728,101,37132,407,124780,527,305459,508,430239,Not in California
Outside California,2021-06-14,1761,702141,988,372508,473,292201,300,37432,739,124801,1016,306475,1037,431276,Not in California
Outside California,2021-06-15,1713,703854,946,373454,491,292692,276,37708,762,124894,945,307420,1038,432314,Not in California
Outside California,2021-06-16,1677,705531,995,374449,458,293150,224,37932,801,125052,867,308287,1025,433339,Not in California
Outside California,2021-06-17,1851,707382,1025,375474,472,293622,354,38286,838,125234,1010,309297,1192,434531,Not in California
Outside California,2021-06-18,1958,709340,1064,376538,435,294057,459,38745,826,125393,1125,310422,1284,435815,Not in California
Outside California,2021-06-19,1048,710388,690,377228,259,294316,99,38844,546,125539,498,310920,644,436459,Not in California
Outside California,2021-06-20,780,711168,568,377796,166,294482,46,38890,469,125746,308,311228,515,436974,Not in California
Outside California,2021-06-21,1273,712441,637,378433,322,294804,314,39204,687,126167,580,311808,1001,437975,Not in California
Outside California,2021-06-22,1635,714076,1033,379466,347,295151,255,39459,873,126538,757,312565,1128,439103,Not in California
Outside California,2021-06-23,1679,715755,921,380387,435,295586,323,39782,793,126773,879,313444,1114,440217,Not in California
Outside California,2021-06-24,1550,717305,909,381296,363,295949,278,40060,815,127132,733,314177,1092,441309,Not in California
Outside California,2021-06-25,1780,719085,1016,382312,404,296353,360,40420,863,127440,913,315090,1221,442530,Not in California
Outside California,2021-06-26,1150,720235,747,383059,223,296576,180,40600,594,127662,552,315642,774,443304,Not in California
Outside California,2021-06-27,749,720984,583,383642,108,296684,58,40658,447,127866,300,315942,504,443808,Not in California
Outside California,2021-06-28,1390,722374,822,384464,268,296952,300,40958,717,128212,673,316615,1019,444827,Not in California
Outside California,2021-06-29,1422,723796,872,385336,322,297274,228,41186,760,128544,655,317270,987,445814,Not in California
Outside California,2021-06-30,1373,725169,790,386126,365,297639,218,41404,730,128853,638,317908,947,446761,Not in California
Outside California,2021-07-01,1335,726504,784,386910,321,297960,230,41634,739,129234,587,318495,968,447729,Not in California
Outside California,2021-07-02,1342,727846,772,387682,337,298297,233,41867,692,129516,642,319137,924,448653,Not in California
Outside California,2021-07-03,806,728652,579,388261,149,298446,78,41945,518,129827,285,319422,596,449249,Not in California
Outside California,2021-07-04,69,728721,37,388298,23,298469,9,41954,45,129857,24,319446,54,449303,Not in California
Unknown,2020-12-17,2,2,2,2,0,0,0,0,0,0,0,0,0,0,Not in California
Unknown,2020-12-18,1,3,1,3,0,0,0,0,0,0,0,0,0,0,Not in California
Unknown,2020-12-21,4,7,4,7,0,0,0,0,0,0,0,0,0,0,Not in California
Unknown,2020-12-28,4,11,4,11,0,0,0,0,3,3,0,0,3,3,Not in California
Unknown,2020-12-29,6,17,5,16,1,1,0,0,7,10,0,0,7,10,Not in California
Unknown,2020-12-30,54,71,54,70,0,1,0,0,54,64,0,0,54,64,Not in California
Unknown,2020-12-31,1,72,0,70,1,2,0,0,0,64,0,0,0,64,Not in California
Unknown,2021-01-02,1,73,0,70,1,3,0,0,1,65,0,0,1,65,Not in California
Unknown,2021-01-04,3,76,3,73,0,3,0,0,2,67,0,0,2,67,Not in California
Unknown,2021-01-06,4,80,2,75,2,5,0,0,4,71,0,0,4,71,Not in California
Unknown,2021-01-07,69,149,68,143,1,6,0,0,68,139,0,0,68,139,Not in California
Unknown,2021-01-08,1,150,0,143,1,7,0,0,3,142,0,0,3,142,Not in California
Unknown,2021-01-09,2,152,2,145,0,7,0,0,3,145,0,0,3,145,Not in California
Unknown,2021-01-11,20,172,20,165,0,7,0,0,20,165,0,0,20,165,Not in California
Unknown,2021-01-12,11,183,10,175,1,8,0,0,9,174,1,1,10,175,Not in California
Unknown,2021-01-13,10,193,10,185,0,8,0,0,11,185,0,1,11,186,Not in California
Unknown,2021-01-14,3,196,3,188,0,8,0,0,3,188,0,1,3,189,Not in California
Unknown,2021-01-15,7,203,6,194,1,9,0,0,7,195,0,1,7,196,Not in California
Unknown,2021-01-16,7,210,7,201,0,9,0,0,7,202,0,1,7,203,Not in California
Unknown,2021-01-17,4,214,4,205,0,9,0,0,4,206,0,1,4,207,Not in California
Unknown,2021-01-18,56,270,56,261,0,9,0,0,54,258,2,3,54,261,Not in California
Unknown,2021-01-19,25,295,25,286,0,9,0,0,20,275,3,6,20,281,Not in California
Unknown,2021-01-20,81,376,81,367,0,9,0,0,29,251,53,59,29,310,Not in California
Unknown,2021-01-21,55,431,53,420,2,11,0,0,56,306,1,60,56,366,Not in California
Unknown,2021-01-22,35,466,31,451,4,15,0,0,35,341,0,60,35,401,Not in California
Unknown,2021-01-23,11,477,7,458,4,19,0,0,11,352,0,60,11,412,Not in California
Unknown,2021-01-24,2,479,2,460,0,19,0,0,3,355,0,60,3,415,Not in California
Unknown,2021-01-25,20,499,17,477,3,22,0,0,17,369,3,63,17,432,Not in California
Unknown,2021-01-26,87,586,86,563,1,23,0,0,89,457,1,64,89,521,Not in California
Unknown,2021-01-27,18,604,18,581,0,23,0,0,16,471,2,66,16,537,Not in California
Unknown,2021-01-28,151,755,149,730,2,25,0,0,94,505,60,126,94,631,Not in California
Unknown,2021-01-29,139,894,139,869,0,25,0,0,143,647,1,127,143,774,Not in California
Unknown,2021-01-30,12,906,10,879,2,27,0,0,14,659,2,129,14,788,Not in California
Unknown,2021-01-31,15,921,15,894,0,27,0,0,16,675,0,129,16,804,Not in California
Unknown,2021-02-01,36,957,34,928,2,29,0,0,19,675,19,148,19,823,Not in California
Unknown,2021-02-02,64,1021,63,991,1,30,0,0,56,724,7,155,56,879,Not in California
Unknown,2021-02-03,41,1062,40,1031,1,31,0,0,29,742,11,166,29,908,Not in California
Unknown,2021-02-04,58,1120,53,1084,5,36,0,0,51,786,7,173,51,959,Not in California
Unknown,2021-02-05,20,1140,16,1100,4,40,0,0,15,796,5,178,15,974,Not in California
Unknown,2021-02-06,15,1155,15,1115,0,40,0,0,10,800,6,184,10,984,Not in California
Unknown,2021-02-07,9,1164,9,1124,0,40,0,0,7,805,2,186,7,991,Not in California
Unknown,2021-02-08,56,1220,53,1177,3,43,0,0,15,779,41,227,15,1006,Not in California
Unknown,2021-02-09,19,1239,19,1196,0,43,0,0,4,768,15,242,4,1010,Not in California
Unknown,2021-02-10,34,1273,30,1226,4,47,0,0,9,752,25,267,9,1019,Not in California
Unknown,2021-02-11,88,1361,87,1313,1,48,0,0,44,750,46,313,44,1063,Not in California
Unknown,2021-02-12,44,1405,36,1349,8,56,0,0,13,732,31,344,13,1076,Not in California
Unknown,2021-02-13,12,1417,5,1354,7,63,0,0,8,736,4,348,8,1084,Not in California
Unknown,2021-02-14,7,1424,2,1356,5,68,0,0,4,738,2,350,4,1088,Not in California
Unknown,2021-02-15,44,1468,38,1394,6,74,0,0,28,752,14,364,28,1116,Not in California
Unknown,2021-02-16,113,1581,103,1497,10,84,0,0,32,703,81,445,32,1148,Not in California
Unknown,2021-02-17,13,1594,11,1508,2,86,0,0,8,703,8,453,8,1156,Not in California
Unknown,2021-02-18,103,1697,98,1606,5,91,0,0,17,634,86,539,17,1173,Not in California
Unknown,2021-02-19,184,1881,179,1785,5,96,0,0,46,543,137,676,46,1219,Not in California
Unknown,2021-02-20,8,1889,6,1791,2,98,0,0,2,539,6,682,2,1221,Not in California
Unknown,2021-02-21,16,1905,16,1807,0,98,0,0,1,525,15,697,1,1222,Not in California
Unknown,2021-02-22,11,1916,11,1818,0,98,0,0,5,524,6,703,5,1227,Not in California
Unknown,2021-02-23,62,1978,51,1869,11,109,0,0,15,493,46,749,15,1242,Not in California
Unknown,2021-02-24,39,2017,31,1900,8,117,0,0,14,482,25,774,14,1256,Not in California
Unknown,2021-02-25,67,2084,54,1954,13,130,0,0,24,462,44,818,24,1280,Not in California
Unknown,2021-02-26,38,2122,24,1978,14,144,0,0,21,468,15,833,21,1301,Not in California
Unknown,2021-02-27,23,2145,17,1995,6,150,0,0,11,471,8,841,11,1312,Not in California
Unknown,2021-02-28,18,2163,13,2008,5,155,0,0,11,477,5,846,11,1323,Not in California
Unknown,2021-03-01,44,2207,26,2034,18,173,0,0,24,482,19,865,24,1347,Not in California
Unknown,2021-03-02,21,2228,10,2044,11,184,0,0,12,488,6,871,12,1359,Not in California
Unknown,2021-03-03,14,2242,10,2054,4,188,0,0,10,495,3,874,10,1369,Not in California
Unknown,2021-03-04,47,2289,44,2098,3,191,0,0,17,482,30,904,17,1386,Not in California
Unknown,2021-03-05,25,2314,15,2113,10,201,0,0,22,498,6,910,22,1408,Not in California
Unknown,2021-03-06,20,2334,12,2125,6,207,2,2,16,512,4,914,18,1426,Not in California
Unknown,2021-03-07,1,2335,1,2126,0,207,0,2,2,514,0,914,2,1428,Not in California
Unknown,2021-03-08,31,2366,22,2148,7,214,2,4,7,498,25,939,9,1437,Not in California
Unknown,2021-03-09,38,2404,31,2179,3,217,4,8,10,483,29,968,14,1451,Not in California
Unknown,2021-03-10,14,2418,10,2189,1,218,3,11,6,483,9,977,9,1460,Not in California
Unknown,2021-03-11,30,2448,13,2202,3,221,14,25,7,482,22,999,21,1481,Not in California
Unknown,2021-03-12,62,2510,47,2249,10,231,5,30,11,449,49,1048,16,1497,Not in California
Unknown,2021-03-13,15,2525,4,2253,7,238,4,34,6,449,10,1058,10,1507,Not in California
Unknown,2021-03-14,14,2539,6,2259,6,244,2,36,5,448,8,1066,7,1514,Not in California
Unknown,2021-03-15,34,2573,14,2273,18,262,2,38,24,462,12,1078,26,1540,Not in California
Unknown,2021-03-16,49,2622,22,2295,23,285,4,42,29,475,20,1098,33,1573,Not in California
Unknown,2021-03-17,39,2661,16,2311,22,307,1,43,34,506,4,1102,35,1608,Not in California
Unknown,2021-03-18,33,2694,20,2331,13,320,0,43,20,514,12,1114,20,1628,Not in California
Unknown,2021-03-19,29,2723,19,2350,10,330,0,43,23,529,8,1122,23,1651,Not in California
Unknown,2021-03-20,28,2751,15,2365,13,343,0,43,15,533,11,1133,15,1666,Not in California
Unknown,2021-03-21,16,2767,10,2375,6,349,0,43,12,542,3,1136,12,1678,Not in California
Unknown,2021-03-22,35,2802,19,2394,15,364,1,44,17,548,12,1148,18,1696,Not in California
Unknown,2021-03-23,25,2827,10,2404,10,374,5,49,12,554,11,1159,17,1713,Not in California
Unknown,2021-03-24,21,2848,8,2412,13,387,0,49,14,561,7,1166,14,1727,Not in California
Unknown,2021-03-25,38,2886,25,2437,13,400,0,49,24,572,13,1179,24,1751,Not in California
Unknown,2021-03-26,36,2922,20,2457,11,411,5,54,18,580,15,1194,23,1774,Not in California
Unknown,2021-03-27,32,2954,15,2472,14,425,3,57,18,584,17,1211,21,1795,Not in California
Unknown,2021-03-28,18,2972,9,2481,9,434,0,57,12,591,5,1216,12,1807,Not in California
Unknown,2021-03-29,40,3012,19,2500,21,455,0,57,24,603,12,1228,24,1831,Not in California
Unknown,2021-03-30,41,3053,26,2526,15,470,0,57,24,612,15,1243,24,1855,Not in California
Unknown,2021-03-31,37,3090,22,2548,14,484,1,58,26,627,12,1255,27,1882,Not in California
Unknown,2021-04-01,25,3115,15,2563,7,491,3,61,16,638,8,1263,19,1901,Not in California
Unknown,2021-04-02,42,3157,20,2583,13,504,9,70,16,637,26,1289,25,1926,Not in California
Unknown,2021-04-03,21,3178,10,2593,11,515,0,70,15,642,10,1299,15,1941,Not in California
Unknown,2021-04-04,15,3193,4,2597,11,526,0,70,9,646,5,1304,9,1950,Not in California
Unknown,2021-04-05,34,3227,20,2617,13,539,1,71,16,646,17,1321,17,1967,Not in California
Unknown,2021-04-06,23,3250,15,2632,7,546,1,72,12,648,11,1332,13,1980,Not in California
Unknown,2021-04-07,38,3288,26,2658,11,557,1,73,26,663,11,1343,26,2006,Not in California
Unknown,2021-04-08,36,3324,23,2681,7,564,6,79,16,664,21,1364,22,2028,Not in California
Unknown,2021-04-09,33,3357,23,2704,10,574,0,79,21,674,11,1375,21,2049,Not in California
Unknown,2021-04-10,11,3368,9,2713,1,575,1,80,5,673,7,1382,6,2055,Not in California
Unknown,2021-04-11,11,3379,7,2720,4,579,0,80,5,673,5,1387,5,2060,Not in California
Unknown,2021-04-12,37,3416,20,2740,16,595,1,81,17,669,22,1409,18,2078,Not in California
Unknown,2021-04-13,47,3463,28,2768,19,614,0,81,17,658,28,1437,17,2095,Not in California
Unknown,2021-04-14,30,3493,9,2777,21,635,0,81,6,640,24,1461,6,2101,Not in California
Unknown,2021-04-15,32,3525,17,2794,14,649,1,82,11,629,22,1483,11,2112,Not in California
Unknown,2021-04-16,26,3551,16,2810,10,659,0,82,10,623,16,1499,10,2122,Not in California
Unknown,2021-04-17,24,3575,15,2825,9,668,0,82,8,617,15,1514,9,2131,Not in California
Unknown,2021-04-18,19,3594,7,2832,12,680,0,82,8,613,12,1526,8,2139,Not in California
Unknown,2021-04-19,35,3629,22,2854,13,693,0,82,14,607,20,1546,14,2153,Not in California
Unknown,2021-04-20,26,3655,16,2870,10,703,0,82,6,593,20,1566,6,2159,Not in California
Unknown,2021-04-21,40,3695,20,2890,20,723,0,82,16,584,25,1591,16,2175,Not in California
Unknown,2021-04-22,24,3719,16,2906,8,731,0,82,6,573,17,1608,6,2181,Not in California
Unknown,2021-04-23,31,3750,16,2922,15,746,0,82,15,574,14,1622,15,2196,Not in California
Unknown,2021-04-24,31,3781,23,2945,8,754,0,82,16,576,14,1636,16,2212,Not in California
Unknown,2021-04-25,20,3801,9,2954,11,765,0,82,7,571,12,1648,7,2219,Not in California
Unknown,2021-04-26,30,3831,18,2972,12,777,0,82,12,566,17,1665,12,2231,Not in California
Unknown,2021-04-27,30,3861,17,2989,12,789,1,83,10,558,19,1684,11,2242,Not in California
Unknown,2021-04-28,28,3889,19,3008,7,796,2,85,8,548,20,1704,10,2252,Not in California
Unknown,2021-04-29,35,3924,23,3031,12,808,0,85,16,543,21,1725,16,2268,Not in California
Unknown,2021-04-30,30,3954,15,3046,10,818,5,90,16,549,15,1740,21,2289,Not in California
Unknown,2021-05-01,27,3981,20,3066,7,825,0,90,15,553,11,1751,15,2304,Not in California
Unknown,2021-05-02,14,3995,6,3072,7,832,1,91,5,551,8,1759,6,2310,Not in California
Unknown,2021-05-03,24,4019,16,3088,5,837,3,94,6,541,18,1777,8,2318,Not in California
Unknown,2021-05-04,18,4037,9,3097,5,842,4,98,6,537,14,1791,10,2328,Not in California
Unknown,2021-05-05,25,4062,10,3107,14,856,1,99,11,535,14,1805,12,2340,Not in California
Unknown,2021-05-06,34,4096,21,3128,6,862,7,106,11,529,24,1829,18,2358,Not in California
Unknown,2021-05-07,27,4123,13,3141,10,872,4,110,10,525,18,1847,14,2372,Not in California
Unknown,2021-05-08,14,4137,9,3150,3,875,2,112,5,524,8,1855,7,2379,Not in California
Unknown,2021-05-09,17,4154,4,3154,9,884,4,116,8,527,9,1864,12,2391,Not in California
Unknown,2021-05-10,21,4175,11,3165,7,891,3,119,3,517,16,1880,6,2397,Not in California
Unknown,2021-05-11,17,4192,9,3174,4,895,4,123,9,522,8,1888,13,2410,Not in California
Unknown,2021-05-12,14,4206,9,3183,4,899,1,124,4,518,9,1897,5,2415,Not in California
Unknown,2021-05-13,18,4224,12,3195,1,900,5,129,11,526,9,1906,17,2432,Not in California
Unknown,2021-05-14,23,4247,18,3213,4,904,1,130,12,528,10,1916,12,2444,Not in California
Unknown,2021-05-15,22,4269,20,3233,2,906,0,130,14,533,9,1925,14,2458,Not in California
Unknown,2021-05-16,25,4294,17,3250,7,913,1,131,14,537,11,1936,15,2473,Not in California
Unknown,2021-05-17,23,4317,17,3267,4,917,2,133,9,535,13,1949,11,2484,Not in California
Unknown,2021-05-18,32,4349,20,3287,10,927,2,135,19,543,13,1962,21,2505,Not in California
Unknown,2021-05-19,30,4379,22,3309,7,934,1,136,10,535,19,1981,11,2516,Not in California
Unknown,2021-05-20,19,4398,15,3324,3,937,1,137,10,538,8,1989,11,2527,Not in California
Unknown,2021-05-21,24,4422,13,3337,7,944,4,141,10,537,15,2004,14,2541,Not in California
Unknown,2021-05-22,26,4448,22,3359,3,947,1,142,11,537,12,2016,12,2553,Not in California
Unknown,2021-05-23,10,4458,7,3366,3,950,0,142,6,539,4,2020,6,2559,Not in California
Unknown,2021-05-24,10,4468,6,3372,3,953,1,143,5,540,5,2025,6,2565,Not in California
Unknown,2021-05-25,21,4489,10,3382,5,958,6,149,7,540,13,2038,13,2578,Not in California
Unknown,2021-05-26,12,4501,9,3391,2,960,1,150,3,537,7,2045,4,2582,Not in California
Unknown,2021-05-27,22,4523,15,3406,5,965,2,152,6,530,15,2060,8,2590,Not in California
Unknown,2021-05-28,22,4545,12,3418,5,970,5,157,12,537,10,2070,17,2607,Not in California
Unknown,2021-05-29,30,4575,25,3443,5,975,0,157,24,555,6,2076,24,2631,Not in California
Unknown,2021-05-30,7,4582,4,3447,2,977,1,158,3,555,4,2080,4,2635,Not in California
Unknown,2021-05-31,1,4583,1,3448,0,977,0,158,0,554,1,2081,0,2635,Not in California
Unknown,2021-06-01,29,4612,17,3465,6,983,6,164,12,556,16,2097,18,2653,Not in California
Unknown,2021-06-02,7,4619,4,3469,3,986,0,164,2,553,5,2102,2,2655,Not in California
Unknown,2021-06-03,17,4636,16,3485,1,987,0,164,8,552,9,2111,8,2663,Not in California
Unknown,2021-06-04,28,4664,18,3503,10,997,0,164,16,556,12,2123,16,2679,Not in California
Unknown,2021-06-05,32,4696,23,3526,8,1005,1,165,18,561,14,2137,19,2698,Not in California
Unknown,2021-06-06,32,4728,24,3550,5,1010,3,168,14,560,18,2155,17,2715,Not in California
Unknown,2021-06-07,21,4749,10,3560,8,1018,3,171,9,560,12,2167,12,2727,Not in California
Unknown,2021-06-08,16,4765,8,3568,5,1023,3,174,5,557,11,2178,8,2735,Not in California
Unknown,2021-06-09,27,4792,17,3585,9,1032,1,175,14,560,12,2190,15,2750,Not in California
Unknown,2021-06-10,14,4806,11,3596,3,1035,0,175,6,558,8,2198,6,2756,Not in California
Unknown,2021-06-11,6,4812,4,3600,1,1036,1,176,3,560,2,2200,4,2760,Not in California
Unknown,2021-06-12,13,4825,9,3609,4,1040,0,176,9,564,5,2205,9,2769,Not in California
Unknown,2021-06-13,10,4835,6,3615,4,1044,0,176,3,560,7,2212,3,2772,Not in California
Unknown,2021-06-14,7,4842,6,3621,1,1045,0,176,3,559,4,2216,3,2775,Not in California
Unknown,2021-06-15,22,4864,13,3634,9,1054,0,176,8,554,13,2229,8,2783,Not in California
Unknown,2021-06-16,6,4870,3,3637,3,1057,0,176,5,558,1,2230,5,2788,Not in California
Unknown,2021-06-17,17,4887,11,3648,4,1061,2,178,12,568,4,2234,14,2802,Not in California
Unknown,2021-06-18,15,4902,11,3659,4,1065,0,178,8,569,7,2241,8,2810,Not in California
Unknown,2021-06-19,13,4915,11,3670,1,1066,1,179,2,561,11,2252,3,2813,Not in California
Unknown,2021-06-20,8,4923,6,3676,1,1067,1,180,3,560,5,2257,4,2817,Not in California
Unknown,2021-06-21,13,4936,9,3685,4,1071,0,180,8,563,5,2262,8,2825,Not in California
Unknown,2021-06-22,18,4954,12,3697,6,1077,0,180,14,573,4,2266,14,2839,Not in California
Unknown,2021-06-23,9,4963,4,3701,4,1081,1,181,6,577,3,2269,7,2846,Not in California
Unknown,2021-06-24,11,4974,5,3706,5,1086,1,182,6,579,5,2274,7,2853,Not in California
Unknown,2021-06-25,13,4987,12,3718,1,1087,0,182,8,583,4,2278,8,2861,Not in California
Unknown,2021-06-26,12,4999,12,3730,0,1087,0,182,10,591,2,2280,10,2871,Not in California
Unknown,2021-06-27,24,5023,19,3749,3,1090,2,184,12,593,12,2292,14,2885,Not in California
Unknown,2021-06-28,16,5039,13,3762,3,1093,0,184,11,599,5,2297,11,2896,Not in California
Unknown,2021-06-29,8,5047,6,3768,2,1095,0,184,7,605,1,2298,7,2903,Not in California
Unknown,2021-06-30,22,5069,21,3789,1,1096,0,184,12,607,10,2308,12,2915,Not in California
Unknown,2021-07-01,21,5090,20,3809,1,1097,0,184,15,618,4,2312,15,2930,Not in California
Unknown,2021-07-02,8,5098,5,3814,3,1100,0,184,5,620,3,2315,5,2935,Not in California
Unknown,2021-07-03,8,5106,8,3822,0,1100,0,184,4,620,4,2319,4,2939,Not in California
Unknown,2021-07-04,2,5108,2,3824,0,1100,0,184,0,618,2,2321,0,2939,Not in California
Alameda,2020-12-15,37,37,37,37,0,0,0,0,37,37,0,0,37,37,California
Alameda,2020-12-16,211,248,211,248,0,0,0,0,211,248,0,0,211,248,California
Alameda,2020-12-17,512,760,512,760,0,0,0,0,512,760,0,0,512,760,California
Alameda,2020-12-18,1917,2677,1916,2676,1,1,0,0,1917,2677,0,0,1917,2677,California
Alameda,2020-12-19,1431,4108,1431,4107,0,1,0,0,1431,4108,0,0,1431,4108,California
Alameda,2020-12-20,1180,5288,1179,5286,1,2,0,0,1179,5286,1,1,1179,5287,California
Alameda,2020-12-21,1851,7139,1849,7135,2,4,0,0,1850,7136,0,1,1850,7137,California
Alameda,2020-12-22,2102,9241,2048,9183,54,58,0,0,2101,9236,1,2,2101,9238,California
Alameda,2020-12-23,1935,11176,1680,10863,255,313,0,0,1935,11171,0,2,1935,11173,California
Alameda,2020-12-24,1218,12394,755,11618,463,776,0,0,1218,12389,0,2,1218,12391,California
Alameda,2020-12-25,163,12557,126,11744,37,813,0,0,163,12552,0,2,163,12554,California
Alameda,2020-12-26,861,13418,324,12068,537,1350,0,0,861,13413,0,2,861,13415,California
Alameda,2020-12-27,498,13916,257,12325,241,1591,0,0,498,13911,0,2,498,13913,California
Alameda,2020-12-28,1889,15805,966,13291,923,2514,0,0,1889,15800,0,2,1889,15802,California
Alameda,2020-12-29,2489,18294,1080,14371,1409,3923,0,0,2488,18288,0,2,2488,18290,California
Alameda,2020-12-30,3100,21394,1329,15700,1771,5694,0,0,3100,21388,0,2,3100,21390,California
Alameda,2020-12-31,1802,23196,448,16148,1354,7048,0,0,1799,23185,2,4,1799,23189,California
Alameda,2021-01-01,178,23374,76,16224,102,7150,0,0,176,23359,2,6,176,23365,California
Alameda,2021-01-02,732,24106,527,16751,205,7355,0,0,731,24090,0,6,731,24096,California
Alameda,2021-01-03,335,24441,217,16968,118,7473,0,0,332,24419,3,9,332,24428,California
Alameda,2021-01-04,1623,26064,915,17883,708,8181,0,0,1611,26019,11,20,1611,26039,California
Alameda,2021-01-05,2227,28291,1284,19167,943,9124,0,0,1973,27741,251,271,1973,28012,California
Alameda,2021-01-06,3286,31577,1816,20983,1470,10594,0,0,2407,29274,876,1147,2409,30421,California
Alameda,2021-01-07,3836,35413,2153,23136,1683,12277,0,0,2643,30738,1184,2331,2648,33069,California
Alameda,2021-01-08,4779,40192,2733,25869,2046,14323,0,0,3036,32041,1738,4069,3041,36110,California
Alameda,2021-01-09,2034,42226,1384,27253,650,14973,0,0,1169,32345,865,4934,1169,37279,California
Alameda,2021-01-10,1065,43291,840,28093,225,15198,0,0,428,32135,638,5572,428,37707,California
Alameda,2021-01-11,4682,47973,3542,31635,1140,16338,0,0,2867,33196,1813,7385,2874,40581,California
Alameda,2021-01-12,4868,52841,3284,34919,1584,17922,0,0,3462,35258,1403,8788,3465,44046,California
Alameda,2021-01-13,5083,57924,2705,37624,2378,20300,0,0,3878,37937,1201,9989,3880,47926,California
Alameda,2021-01-14,5686,63610,2814,40438,2872,23172,0,0,4785,41833,892,10881,4788,52714,California
Alameda,2021-01-15,5875,69485,2335,42773,3540,26712,0,0,5090,46149,778,11659,5094,57808,California
Alameda,2021-01-16,3008,72493,1402,44175,1606,28318,0,0,2736,48613,273,11932,2737,60545,California
Alameda,2021-01-17,1882,74375,1090,45265,792,29110,0,0,1675,50082,207,12139,1676,62221,California
Alameda,2021-01-18,3197,77572,2052,47317,1145,30255,0,0,2601,52094,591,12730,2603,64824,California
Alameda,2021-01-19,5556,83128,3334,50651,2222,32477,0,0,4355,55252,1199,13929,4357,69181,California
Alameda,2021-01-20,6935,90063,4243,54894,2692,35169,0,0,5629,59593,1292,15221,5633,74814,California
Alameda,2021-01-21,8182,98245,3768,58662,4414,39583,0,0,7324,66072,850,16071,7329,82143,California
Alameda,2021-01-22,6914,105159,2065,60727,4849,44432,0,0,5759,70686,1146,17217,5760,87903,California
Alameda,2021-01-23,3302,108461,953,61680,2349,46781,0,0,2743,72872,557,17774,2743,90646,California
Alameda,2021-01-24,2050,110511,656,62336,1394,48175,0,0,1775,74376,271,18045,1775,92421,California
Alameda,2021-01-25,5219,115730,1984,64320,3235,51410,0,0,3633,76433,1578,19623,3635,96056,California
Alameda,2021-01-26,7362,123092,2322,66642,5040,56450,0,0,5461,80003,1892,21515,5462,101518,California
Alameda,2021-01-27,6759,129851,2083,68725,4676,61126,0,0,4879,83013,1869,23384,4879,106397,California
Alameda,2021-01-28,7931,137782,2563,71288,5368,66494,0,0,5676,86452,2239,25623,5678,112075,California
Alameda,2021-01-29,8026,145808,3196,74484,4830,71324,0,0,6173,90786,1841,27464,6175,118250,California
Alameda,2021-01-30,3465,149273,1697,76181,1768,73092,0,0,2749,92825,710,28174,2749,120999,California
Alameda,2021-01-31,1935,151208,959,77140,976,74068,0,0,1694,94282,237,28411,1694,122693,California
Alameda,2021-02-01,6516,157724,3888,81028,2628,76696,0,0,4358,96493,2148,30559,4359,127052,California
Alameda,2021-02-02,7096,164820,3820,84848,3276,79972,0,0,4745,98898,2340,32899,4745,131797,California
Alameda,2021-02-03,7170,171990,3789,88637,3381,83353,0,0,4422,100584,2741,35640,4427,136224,California
Alameda,2021-02-04,9611,181601,4176,92813,5435,88788,0,0,6460,103912,3138,38778,6466,142690,California
Alameda,2021-02-05,10395,191996,5417,98230,4978,93766,0,0,6486,106503,3902,42680,6493,149183,California
Alameda,2021-02-06,7044,199040,4463,102693,2581,96347,0,0,5895,111255,1144,43824,5896,155079,California
Alameda,2021-02-07,3591,202631,2895,105588,696,97043,0,0,2644,112957,943,44767,2645,157724,California
Alameda,2021-02-08,8170,210801,5840,111428,2330,99373,0,0,5569,115938,2590,47357,5571,163295,California
Alameda,2021-02-09,9761,220562,5873,117301,3888,103261,0,0,6086,118372,3654,51011,6088,169383,California
Alameda,2021-02-10,11587,232149,6841,124142,4746,108007,0,0,6501,119813,5068,56079,6509,175892,California
Alameda,2021-02-11,14073,246222,8072,132214,6001,114008,0,0,8151,122062,5905,61984,8154,184046,California
Alameda,2021-02-12,12663,258885,5764,137978,6899,120907,0,0,7825,125078,4812,66796,7828,191874,California
Alameda,2021-02-13,7872,266757,4089,142067,3783,124690,0,0,5879,128974,1985,68781,5881,197755,California
Alameda,2021-02-14,4065,270822,2562,144629,1503,126193,0,0,2879,130675,1181,69962,2882,200637,California
Alameda,2021-02-15,5704,276526,3207,147836,2497,128690,0,0,3703,132382,1999,71961,3706,204343,California
Alameda,2021-02-16,12628,289154,7014,154850,5614,134304,0,0,9348,138472,3267,75228,9357,213700,California
Alameda,2021-02-17,14300,303454,8495,163345,5805,140109,0,0,10600,145394,3680,78908,10602,224302,California
Alameda,2021-02-18,16075,319529,10208,173553,5867,145976,0,0,11654,152645,4409,83317,11660,235962,California
Alameda,2021-02-19,18048,337577,11725,185278,6323,152299,0,0,11900,158426,6124,89441,11905,247867,California
Alameda,2021-02-20,12214,349791,9873,195151,2341,154640,0,0,9358,164940,2850,92291,9364,257231,California
Alameda,2021-02-21,7979,357770,6997,202148,982,155622,0,0,5361,167696,2606,94897,5362,262593,California
Alameda,2021-02-22,11388,369158,8409,210557,2979,158601,0,0,7152,170639,4218,99115,7161,269754,California
Alameda,2021-02-23,13461,382619,8179,218736,5282,163883,0,0,8357,173910,5093,104208,8364,278118,California
Alameda,2021-02-24,15243,397862,8571,227307,6672,170555,0,0,9849,178436,5328,109536,9854,287972,California
Alameda,2021-02-25,16162,414024,9374,236681,6788,177343,0,0,10178,182672,5949,115485,10185,298157,California
Alameda,2021-02-26,18769,432793,10953,247634,7816,185159,0,0,11897,187750,6825,122310,11903,310060,California
Alameda,2021-02-27,15251,448044,11251,258885,3998,189157,2,2,9421,191370,5806,128116,9426,319486,California
Alameda,2021-02-28,10166,458210,8477,267362,1688,190845,1,3,6582,194398,3557,131673,6585,326071,California
Alameda,2021-03-01,14186,472396,9809,277171,4366,195211,11,14,8667,197615,5468,137141,8685,334756,California
Alameda,2021-03-02,15120,487516,10870,288041,4248,199459,2,16,9881,202291,5215,142356,9891,344647,California
Alameda,2021-03-03,15944,503460,10452,298493,5489,204948,3,19,10897,208180,5016,147372,10905,355552,California
Alameda,2021-03-04,17582,521042,11280,309773,6300,211248,2,21,11065,212772,6475,153847,11067,366619,California
Alameda,2021-03-05,16414,537456,10739,320512,5665,216913,10,31,11061,218544,5306,159153,11078,377697,California
Alameda,2021-03-06,14691,552147,10321,330833,4104,221017,266,297,9695,223561,4945,164098,9962,387659,California
Alameda,2021-03-07,9833,561980,8534,339367,1212,222229,87,384,7024,227898,2776,166874,7113,394772,California
Alameda,2021-03-08,12061,574041,7513,346880,4167,226396,381,765,9018,234301,2992,169866,9395,404167,California
Alameda,2021-03-09,14822,588863,10381,357261,4009,230405,432,1197,8071,236088,6716,176582,8503,412670,California
Alameda,2021-03-10,17688,606551,12237,369498,4884,235289,567,1764,7949,234891,9707,186289,8510,421180,California
Alameda,2021-03-11,19957,626508,11689,381187,6550,241839,1718,3482,6781,230226,13143,199432,8478,429658,California
Alameda,2021-03-12,21554,648062,12598,393785,7248,249087,1708,5190,7437,225269,14084,213516,9127,438785,California
Alameda,2021-03-13,16254,664316,10411,404196,4833,253920,1010,6200,5161,220370,11057,224573,6158,444943,California
Alameda,2021-03-14,10953,675269,8058,412254,2103,256023,792,6992,3311,216843,7619,232192,4092,449035,California
Alameda,2021-03-15,14599,689868,9542,421796,4523,260546,534,7526,6188,215183,8377,240569,6717,455752,California
Alameda,2021-03-16,17412,707280,11282,433078,5583,266129,547,8073,7343,213061,10014,250583,7892,463644,California
Alameda,2021-03-17,17814,725094,10113,443191,6967,273096,734,8807,8227,212481,9538,260121,8958,472602,California
Alameda,2021-03-18,19503,744597,10673,453864,7929,281025,901,9708,8860,211635,10612,270733,9766,482368,California
Alameda,2021-03-19,19766,764363,10879,464743,7086,288111,1801,11509,7821,209351,11892,282625,9608,491976,California
Alameda,2021-03-20,15929,780292,10439,475182,4630,292741,860,12369,6385,207080,9508,292133,7237,499213,California
Alameda,2021-03-21,9348,789640,7353,482535,1439,294180,556,12925,3477,205252,5860,297993,4032,503245,California
Alameda,2021-03-22,15337,804977,10332,492867,3993,298173,1012,13937,6976,204903,8327,306320,7978,511223,California
Alameda,2021-03-23,19629,824606,11912,504779,6902,305075,815,14752,9978,206099,9599,315919,10795,522018,California
Alameda,2021-03-24,19535,844141,11817,516596,6690,311765,1028,15780,8493,204630,10977,326896,9508,531526,California
Alameda,2021-03-25,20818,864959,11592,528188,7815,319580,1411,17191,9553,204388,11192,338088,10950,542476,California
Alameda,2021-03-26,21208,886167,12800,540988,6837,326417,1571,18762,8594,201972,12563,350651,10147,552623,California
Alameda,2021-03-27,18507,904674,12621,553609,4929,331346,957,19719,7602,199665,10853,361504,8546,561169,California
Alameda,2021-03-28,10725,915399,8729,562338,1794,333140,202,19921,3488,196142,7217,368721,3694,564863,California
Alameda,2021-03-29,14935,930334,9524,571862,4411,337551,1000,20921,5986,194217,8908,377629,6983,571846,California
Alameda,2021-03-30,18881,949215,9936,581798,7216,344767,1729,22650,9483,196054,9362,386991,11199,583045,California
Alameda,2021-03-31,19689,968904,10394,592192,7178,351945,2117,24767,9224,196944,10433,397424,11323,594368,California
Alameda,2021-04-01,23618,992522,10152,602344,7753,359698,5713,30480,11233,201507,12327,409751,16890,611258,California
Alameda,2021-04-02,24408,1016930,10026,612370,8480,368178,5902,36382,11853,206694,12513,422264,17700,628958,California
Alameda,2021-04-03,20529,1037459,9929,622299,5723,373901,4877,41259,10376,211787,10127,432391,15220,644178,California
Alameda,2021-04-04,10021,1047480,4006,626305,2304,376205,3711,44970,3476,212428,6523,438914,7164,651342,California
Alameda,2021-04-05,18005,1065485,7603,633908,5589,381794,4813,49783,7359,213967,10617,449531,12156,663498,California
Alameda,2021-04-06,22458,1087943,10820,644728,5759,387553,5879,55662,10228,217844,12190,461721,16067,679565,California
Alameda,2021-04-07,22812,1110755,11723,656451,5588,393141,5501,61163,11533,223625,11230,472951,17011,696576,California
Alameda,2021-04-08,25817,1136572,11673,668124,6104,399245,8040,69203,11061,228016,14674,487625,19065,715641,California
Alameda,2021-04-09,23695,1160267,10831,678955,7594,406839,5270,74473,12190,233999,11466,499091,17449,733090,California
Alameda,2021-04-10,19486,1179753,7524,686479,5722,412561,6240,80713,8283,237321,11173,510264,14495,747585,California
Alameda,2021-04-11,11115,1190868,4873,691352,2278,414839,3964,84677,4514,239194,6582,516846,8455,756040,California
Alameda,2021-04-12,18315,1209183,11884,703236,4435,419274,1996,86673,10304,243518,7969,524815,12293,768333,California
Alameda,2021-04-13,23289,1232472,14757,717993,8471,427745,61,86734,17097,254549,6134,530949,17165,785498,California
Alameda,2021-04-14,23404,1255876,15346,733339,8056,435801,2,86736,15664,262524,7696,538645,15671,801169,California
Alameda,2021-04-15,24488,1280364,15620,748959,8863,444664,5,86741,16133,270382,8290,546935,16148,817317,California
Alameda,2021-04-16,24900,1305264,14656,763615,10238,454902,6,86747,15891,277352,8942,555877,15912,833229,California
Alameda,2021-04-17,21215,1326479,14662,778277,6551,461453,2,86749,14660,285516,6512,562389,14676,847905,California
Alameda,2021-04-18,10438,1336917,8060,786337,2378,463831,0,86749,7211,289544,3192,565581,7220,855125,California
Alameda,2021-04-19,15986,1352903,9939,796276,6046,469877,1,86750,9236,292082,6708,572289,9246,864371,California
Alameda,2021-04-20,19004,1371907,11763,808039,7239,477116,2,86752,10335,293824,8614,580903,10356,874727,California
Alameda,2021-04-21,20453,1392360,12293,820332,8148,485264,12,86764,11800,297069,8588,589491,11833,886560,California
Alameda,2021-04-22,22143,1414503,14393,834725,7745,493009,5,86769,11734,298488,10346,599837,11765,898325,California
Alameda,2021-04-23,22507,1437010,14702,849427,7801,500810,4,86773,12500,301085,9936,609773,12533,910858,California
Alameda,2021-04-24,19079,1456089,14470,863897,4601,505411,8,86781,10068,302216,8961,618734,10092,920950,California
Alameda,2021-04-25,9029,1465118,7024,870921,2004,507415,1,86782,5906,305040,3094,621828,5918,926868,California
Alameda,2021-04-26,14870,1479988,10324,881245,4520,511935,26,86808,9102,308451,5729,627557,9140,936008,California
Alameda,2021-04-27,16718,1496706,9956,891201,6394,518329,368,87176,7841,307862,8822,636379,8233,944241,California
Alameda,2021-04-28,17077,1513783,10890,902091,5718,524047,469,87645,6905,305118,10134,646513,7390,951631,California
Alameda,2021-04-29,17729,1531512,10745,912836,6652,530699,332,87977,6605,301018,11061,657574,6961,958592,California
Alameda,2021-04-30,20572,1552084,12946,925782,7280,537979,346,88323,8472,297874,12007,669581,8863,967455,California
Alameda,2021-05-01,14099,1566183,9432,935214,4456,542435,211,88534,5264,294586,8792,678373,5504,972959,California
Alameda,2021-05-02,7109,1573292,4963,940177,1975,544410,171,88705,2898,293467,4191,682564,3072,976031,California
Alameda,2021-05-03,14624,1587916,10995,951172,3308,547718,321,89026,2860,284977,11703,694267,3213,979244,California
Alameda,2021-05-04,18881,1606797,13648,964820,4871,552589,362,89388,3804,274176,15003,709270,4202,983446,California
Alameda,2021-05-05,18787,1625584,13730,978550,4548,557137,509,89897,3837,263655,14884,724154,4363,987809,California
Alameda,2021-05-06,19273,1644857,14668,993218,3910,561047,695,90592,3776,252725,15415,739569,4485,992294,California
Alameda,2021-05-07,19509,1664366,13177,1006395,5914,566961,418,91010,4475,242675,14960,754529,4910,997204,California
Alameda,2021-05-08,17091,1681457,11861,1018256,5017,571978,213,91223,3265,232384,13785,768314,3494,1000698,California
Alameda,2021-05-09,8581,1690038,7024,1025280,1414,573392,143,91366,1328,226629,7231,775545,1476,1002174,California
Alameda,2021-05-10,10424,1700462,7197,1032477,2901,576293,326,91692,2511,221599,7877,783422,2847,1005021,California
Alameda,2021-05-11,15722,1716184,8627,1041104,6780,583073,315,92007,2808,211897,12863,796285,3161,1008182,California
Alameda,2021-05-12,13530,1729714,9031,1050135,4055,587128,444,92451,2712,204320,10770,807055,3193,1011375,California
Alameda,2021-05-13,18074,1747788,13012,1063147,4519,591647,543,92994,5739,198359,12282,819337,6321,1017696,California
Alameda,2021-05-14,20840,1768628,14165,1077312,6209,597856,466,93460,7065,192213,13691,833028,7545,1025241,California
Alameda,2021-05-15,17337,1785965,12654,1089966,4450,602306,233,93693,5931,187027,11355,844383,6169,1031410,California
Alameda,2021-05-16,8899,1794864,7653,1097619,1140,603446,106,93799,3141,184555,5724,850107,3252,1034662,California
Alameda,2021-05-17,13563,1808427,10112,1107731,2919,606365,532,94331,4197,179973,9324,859431,4742,1039404,California
Alameda,2021-05-18,14280,1822707,10389,1118120,3466,609831,425,94756,4983,176132,9251,868682,5410,1044814,California
Alameda,2021-05-19,14535,1837242,9973,1128093,4224,614055,338,95094,5881,173752,8601,877283,6221,1051035,California
Alameda,2021-05-20,13435,1850677,8883,1136976,4016,618071,536,95630,5744,172397,7635,884918,6280,1057315,California
Alameda,2021-05-21,15299,1865976,10059,1147035,4969,623040,271,95901,5069,167583,10159,895077,5345,1062660,California
Alameda,2021-05-22,10350,1876326,7477,1154512,2705,625745,168,96069,4175,165788,6141,901218,4346,1067006,California
Alameda,2021-05-23,5130,1881456,3951,1158463,1090,626835,89,96158,1673,164115,3436,904654,1763,1068769,California
Alameda,2021-05-24,7276,1888732,4244,1162707,2772,629607,260,96418,2823,162791,4412,909066,3088,1071857,California
Alameda,2021-05-25,8034,1896766,5194,1167901,2578,632185,262,96680,3520,162090,4478,913544,3777,1075634,California
Alameda,2021-05-26,8296,1905062,5185,1173086,2809,634994,302,96982,3579,161275,4690,918234,3875,1079509,California
Alameda,2021-05-27,8163,1913225,4880,1177966,2882,637876,401,97383,3340,160231,4781,923015,3737,1083246,California
Alameda,2021-05-28,8632,1921857,5052,1183018,3352,641228,228,97611,3598,159053,5006,928021,3828,1087074,California
Alameda,2021-05-29,4962,1926819,3005,1186023,1770,642998,187,97798,2454,159209,2487,930508,2643,1089717,California
Alameda,2021-05-30,2467,1929286,1618,1187641,760,643758,89,97887,973,158787,1484,931992,1062,1090779,California
Alameda,2021-05-31,1161,1930447,859,1188500,247,644005,55,97942,347,158391,798,932790,402,1091181,California
Alameda,2021-06-01,7120,1937567,4985,1193485,1889,645894,246,98188,2952,157447,4140,936930,3196,1094377,California
Alameda,2021-06-02,5824,1943391,3622,1197107,1978,647872,224,98412,2179,156232,3610,940540,2395,1096772,California
Alameda,2021-06-03,8488,1951879,6414,1203521,1793,649665,281,98693,2767,153593,5682,946222,3043,1099815,California
Alameda,2021-06-04,10479,1962358,7724,1211245,2513,652178,242,98935,2831,149059,7608,953830,3074,1102889,California
Alameda,2021-06-05,8098,1970456,5889,1217134,2048,654226,161,99096,1787,144727,6277,960107,1945,1104834,California
Alameda,2021-06-06,3682,1974138,3323,1220457,278,654504,81,99177,859,142852,2815,962922,940,1105774,California
Alameda,2021-06-07,5869,1980007,4277,1224734,1415,655919,177,99354,1718,140620,4127,967049,1895,1107669,California
Alameda,2021-06-08,7273,1987280,5813,1230547,1217,657136,243,99597,2099,137812,5148,972197,2340,1110009,California
Alameda,2021-06-09,7298,1994578,5967,1236514,1135,658271,196,99793,1672,134075,5599,977796,1862,1111871,California
Alameda,2021-06-10,8012,2002590,6705,1243219,1001,659272,306,100099,2132,130655,5855,983651,2435,1114306,California
Alameda,2021-06-11,8055,2010645,6183,1249402,1649,660921,223,100322,2457,127769,5570,989221,2684,1116990,California
Alameda,2021-06-12,5506,2016151,4222,1253624,1096,662017,188,100510,1365,125209,4117,993338,1557,1118547,California
Alameda,2021-06-13,2311,2018462,1760,1255384,429,662446,122,100632,663,124356,1636,994974,783,1119330,California
Alameda,2021-06-14,4576,2023038,3439,1258823,926,663372,211,100843,1536,123084,3018,997992,1746,1121076,California
Alameda,2021-06-15,6012,2029050,4368,1263191,1362,664734,282,101125,1786,120964,4187,1002179,2067,1123143,California
Alameda,2021-06-16,5151,2034201,4113,1267304,834,665568,204,101329,1522,119076,3611,1005790,1723,1124866,California
Alameda,2021-06-17,5582,2039783,4517,1271821,834,666402,231,101560,1836,117432,3713,1009503,2069,1126935,California
Alameda,2021-06-18,5930,2045713,4476,1276297,1201,667603,253,101813,1977,115731,3928,1013431,2227,1129162,California
Alameda,2021-06-19,3460,2049173,2621,1278918,680,668283,159,101972,1058,114558,2389,1015820,1216,1130378,California
Alameda,2021-06-20,1399,2050572,1167,1280085,186,668469,46,102018,518,114245,875,1016695,562,1130940,California
Alameda,2021-06-21,2714,2053286,1846,1281931,707,669176,161,102179,1388,114484,1310,1018005,1549,1132489,California
Alameda,2021-06-22,4573,2057859,3543,1285474,837,670013,193,102372,1404,112927,3152,1021157,1595,1134084,California
Alameda,2021-06-23,3503,2061362,2694,1288168,623,670636,186,102558,1180,111981,2308,1023465,1362,1135446,California
Alameda,2021-06-24,4394,2065756,3509,1291677,650,671286,235,102793,1508,110858,2865,1026330,1742,1137188,California
Alameda,2021-06-25,4614,2070370,3464,1295141,948,672234,202,102995,1708,109879,2889,1029219,1910,1139098,California
Alameda,2021-06-26,3078,2073448,2263,1297404,650,672884,165,103160,1070,109125,1988,1031207,1234,1140332,California
Alameda,2021-06-27,1302,2074750,1069,1298473,186,673070,47,103207,512,108901,783,1031990,559,1140891,California
Alameda,2021-06-28,2907,2077657,2363,1300836,349,673419,195,103402,1137,108484,1748,1033738,1331,1142222,California
Alameda,2021-06-29,3682,2081339,2948,1303784,596,674015,138,103540,1285,107525,2381,1036119,1422,1143644,California
Alameda,2021-06-30,2849,2084188,2225,1306009,492,674507,132,103672,1064,106945,1774,1037893,1194,1144838,California
Alameda,2021-07-01,3454,2087642,2725,1308734,580,675087,149,103821,1238,106134,2195,1040088,1384,1146222,California
Alameda,2021-07-02,3961,2091603,2978,1311712,816,675903,167,103988,1442,105243,2493,1042581,1602,1147824,California
Alameda,2021-07-03,2029,2093632,1480,1313192,460,676363,89,104077,795,104904,1222,1043803,883,1148707,California
Alameda,2021-07-04,92,2093724,57,1313249,30,676393,5,104082,39,104896,52,1043855,44,1148751,California
Alpine,2020-12-18,2,2,2,2,0,0,0,0,2,2,0,0,2,2,California
Alpine,2020-12-19,2,4,2,4,0,0,0,0,2,4,0,0,2,4,California
Alpine,2020-12-21,2,6,2,6,0,0,0,0,2,6,0,0,2,6,California
Alpine,2020-12-29,1,7,0,6,1,1,0,0,1,7,0,0,1,7,California
Alpine,2020-12-30,14,21,0,6,14,15,0,0,14,21,0,0,14,21,California
Alpine,2020-12-31,1,22,0,6,1,16,0,0,1,22,0,0,1,22,California
Alpine,2021-01-01,1,23,0,6,1,17,0,0,1,23,0,0,1,23,California
Alpine,2021-01-02,1,24,1,7,0,17,0,0,1,24,0,0,1,24,California
Alpine,2021-01-04,10,34,0,7,10,27,0,0,10,34,0,0,10,34,California
Alpine,2021-01-05,9,43,1,8,8,35,0,0,9,43,0,0,9,43,California
Alpine,2021-01-06,31,74,0,8,31,66,0,0,31,74,0,0,31,74,California
Alpine,2021-01-07,8,82,0,8,8,74,0,0,8,82,0,0,8,82,California
Alpine,2021-01-08,4,86,2,10,2,76,0,0,2,82,2,2,2,84,California
Alpine,2021-01-09,2,88,2,12,0,76,0,0,0,80,2,4,0,84,California
Alpine,2021-01-11,32,120,1,13,31,107,0,0,31,110,1,5,31,115,California
Alpine,2021-01-13,35,155,0,13,35,142,0,0,35,145,0,5,35,150,California
Alpine,2021-01-14,1,156,0,13,1,143,0,0,1,146,0,5,1,151,California
Alpine,2021-01-15,1,157,0,13,1,144,0,0,1,147,0,5,1,152,California
Alpine,2021-01-18,1,158,1,14,0,144,0,0,1,148,0,5,1,153,California
Alpine,2021-01-20,21,179,0,14,21,165,0,0,21,169,0,5,21,174,California
Alpine,2021-01-21,1,180,0,14,1,166,0,0,1,170,0,5,1,175,California
Alpine,2021-01-22,33,213,0,14,33,199,0,0,33,203,0,5,33,208,California
Alpine,2021-01-23,1,214,1,15,0,199,0,0,0,202,1,6,0,208,California
Alpine,2021-01-25,16,230,0,15,16,215,0,0,16,218,0,6,16,224,California
Alpine,2021-01-26,1,231,0,15,1,216,0,0,0,217,1,7,0,224,California
Alpine,2021-01-27,1,232,1,16,0,216,0,0,0,216,1,8,0,224,California
Alpine,2021-01-28,1,233,0,16,1,217,0,0,0,215,1,9,0,224,California
Alpine,2021-01-29,1,234,0,16,1,218,0,0,1,216,0,9,1,225,California
Alpine,2021-02-01,25,259,0,16,25,243,0,0,7,205,18,27,7,232,California
Alpine,2021-02-03,34,293,0,16,34,277,0,0,10,191,24,51,10,242,California
Alpine,2021-02-04,8,301,0,16,8,285,0,0,3,189,5,56,3,245,California
Alpine,2021-02-05,32,333,1,17,31,316,0,0,12,181,20,76,12,257,California
Alpine,2021-02-07,1,334,1,18,0,316,0,0,1,182,0,76,1,258,California
Alpine,2021-02-08,32,366,0,18,32,348,0,0,4,158,28,104,4,262,California
Alpine,2021-02-10,34,400,0,18,34,382,0,0,0,124,34,138,0,262,California
Alpine,2021-02-11,6,406,0,18,6,388,0,0,3,124,3,141,3,265,California
Alpine,2021-02-12,1,407,0,18,1,389,0,0,0,123,1,142,0,265,California
Alpine,2021-02-17,23,430,0,18,23,412,0,0,3,106,20,162,3,268,California
Alpine,2021-02-18,2,432,0,18,2,414,0,0,1,106,1,163,1,269,California
Alpine,2021-02-19,34,466,1,19,33,447,0,0,2,76,32,195,2,271,California
Alpine,2021-02-22,27,493,0,19,27,474,0,0,8,65,19,214,8,279,California
Alpine,2021-02-24,1,494,1,20,0,474,0,0,1,66,0,214,1,280,California
Alpine,2021-02-25,6,500,1,21,5,479,0,0,6,72,0,214,6,286,California
Alpine,2021-02-26,30,530,1,22,29,508,0,0,29,100,1,215,29,315,California
Alpine,2021-02-27,1,531,0,22,1,509,0,0,1,101,0,215,1,316,California
Alpine,2021-03-01,36,567,0,22,36,545,0,0,26,117,10,225,26,342,California
Alpine,2021-03-03,30,597,1,23,29,574,0,0,18,123,12,237,18,360,California
Alpine,2021-03-04,10,607,0,23,10,584,0,0,10,133,0,237,10,370,California
Alpine,2021-03-05,30,637,0,23,30,614,0,0,22,147,8,245,22,392,California
Alpine,2021-03-08,31,668,0,23,31,645,0,0,29,174,2,247,29,421,California
Alpine,2021-03-10,73,741,0,23,73,718,0,0,73,247,0,247,73,494,California
Alpine,2021-03-11,35,776,0,23,35,753,0,0,31,274,4,251,31,525,California
Alpine,2021-03-12,19,795,0,23,19,772,0,0,17,289,2,253,17,542,California
Alpine,2021-03-15,21,816,1,24,20,792,0,0,20,308,1,254,20,562,California
Alpine,2021-03-17,23,839,0,24,22,814,1,1,19,324,4,258,20,582,California
Alpine,2021-03-18,38,877,3,27,35,849,0,1,35,356,3,261,35,617,California
Alpine,2021-03-19,2,879,1,28,1,850,0,1,1,356,1,262,1,618,California
Alpine,2021-03-22,24,903,0,28,24,874,0,1,15,362,9,271,15,633,California
Alpine,2021-03-24,19,922,0,28,19,893,0,1,8,359,11,282,8,641,California
Alpine,2021-03-25,34,956,0,28,33,926,1,2,27,381,6,288,28,669,California
Alpine,2021-03-27,1,957,0,28,1,927,0,2,0,380,1,289,0,669,California
Alpine,2021-03-28,1,958,1,29,0,927,0,2,1,381,0,289,1,670,California
Alpine,2021-03-29,19,977,0,29,18,945,1,3,2,367,17,306,3,673,California
Alpine,2021-04-01,18,995,0,29,18,963,0,3,8,365,10,316,8,681,California
Alpine,2021-04-02,101,1096,1,30,100,1063,0,3,46,357,54,370,46,727,California
Alpine,2021-04-05,4,1100,1,31,3,1066,0,3,0,353,4,374,0,727,California
Alpine,2021-04-06,3,1103,2,33,1,1067,0,3,2,354,1,375,2,729,California
Alpine,2021-04-07,117,1220,0,33,116,1183,1,4,30,299,86,461,31,760,California
Alpine,2021-04-08,37,1257,0,33,35,1218,2,6,10,284,27,488,12,772,California
Alpine,2021-04-09,2,1259,0,33,2,1220,0,6,2,286,0,488,2,774,California
Alpine,2021-04-14,47,1306,0,33,47,1267,0,6,10,259,37,525,10,784,California
Alpine,2021-04-15,35,1341,0,33,35,1302,0,6,3,230,32,557,3,787,California
Alpine,2021-04-16,1,1342,0,33,1,1303,0,6,1,231,0,557,1,788,California
Alpine,2021-04-19,1,1343,0,33,1,1304,0,6,1,232,0,557,1,789,California
Alpine,2021-04-21,31,1374,0,33,31,1335,0,6,15,231,16,573,15,804,California
Alpine,2021-04-22,24,1398,0,33,24,1359,0,6,1,209,23,596,1,805,California
Alpine,2021-04-24,2,1400,2,35,0,1359,0,6,0,208,2,598,1,806,California
Alpine,2021-04-25,1,1401,1,36,0,1359,0,6,0,207,1,599,0,806,California
Alpine,2021-04-27,2,1403,1,37,1,1360,0,6,1,207,1,600,1,807,California
Alpine,2021-04-28,36,1439,0,37,36,1396,0,6,6,183,30,630,6,813,California
Alpine,2021-04-29,7,1446,1,38,6,1402,0,6,1,178,6,636,1,814,California
Alpine,2021-04-30,2,1448,1,39,0,1402,1,7,1,179,1,637,2,816,California
Alpine,2021-05-02,1,1449,0,39,0,1402,1,8,0,179,1,638,1,817,California
Alpine,2021-05-05,17,1466,0,39,17,1419,0,8,4,170,13,651,4,821,California
Alpine,2021-05-06,8,1474,0,39,8,1427,0,8,0,162,8,659,0,821,California
Alpine,2021-05-07,1,1475,0,39,1,1428,0,8,0,161,1,660,0,821,California
Alpine,2021-05-10,1,1476,0,39,1,1429,0,8,1,162,0,660,1,822,California
Alpine,2021-05-12,1,1477,0,39,0,1429,1,9,0,162,1,661,1,823,California
Alpine,2021-05-13,3,1480,0,39,3,1432,0,9,0,159,3,664,0,823,California
Alpine,2021-05-17,2,1482,0,39,2,1434,0,9,1,159,1,665,1,824,California
Alpine,2021-05-18,1,1483,0,39,1,1435,0,9,1,160,0,665,1,825,California
Alpine,2021-05-19,15,1498,0,39,15,1450,0,9,0,145,15,680,0,825,California
Alpine,2021-05-20,1,1499,1,40,0,1450,0,9,0,144,1,681,0,825,California
Alpine,2021-05-21,1,1500,1,41,0,1450,0,9,0,143,1,682,0,825,California
Alpine,2021-05-25,2,1502,0,41,2,1452,0,9,0,141,2,684,0,825,California
Alpine,2021-05-27,3,1505,2,43,1,1453,0,9,3,144,0,684,3,828,California
Alpine,2021-05-28,2,1507,1,44,1,1454,0,9,2,146,0,684,2,830,California
Alpine,2021-05-29,1,1508,0,44,1,1455,0,9,1,147,0,684,1,831,California
Alpine,2021-06-02,8,1516,0,44,8,1463,0,9,1,141,7,691,1,832,California
Alpine,2021-06-04,1,1517,0,44,1,1464,0,9,1,142,0,691,1,833,California
Alpine,2021-06-07,1,1518,0,44,1,1465,0,9,0,141,1,692,0,833,California
Alpine,2021-06-10,1,1519,1,45,0,1465,0,9,1,142,0,692,1,834,California
Alpine,2021-06-15,2,1521,1,46,1,1466,0,9,0,140,2,694,0,834,California
Alpine,2021-06-18,1,1522,1,47,0,1466,0,9,0,139,1,695,0,834,California
Alpine,2021-06-19,1,1523,1,48,0,1466,0,9,0,138,1,696,0,834,California
Alpine,2021-06-25,1,1524,0,48,1,1467,0,9,0,137,1,697,0,834,California
Alpine,2021-06-29,1,1525,0,48,1,1468,0,9,1,138,0,697,1,835,California
Alpine,2021-06-30,1,1526,0,48,1,1469,0,9,0,137,1,698,0,835,California
Alpine,2021-07-01,1,1527,1,49,0,1469,0,9,0,136,1,699,0,835,California
Amador,2020-12-16,2,2,2,2,0,0,0,0,2,2,0,0,2,2,California
Amador,2020-12-17,5,7,5,7,0,0,0,0,5,7,0,0,5,7,California
Amador,2020-12-18,45,52,45,52,0,0,0,0,45,52,0,0,45,52,California
Amador,2020-12-19,16,68,16,68,0,0,0,0,16,68,0,0,16,68,California
Amador,2020-12-20,4,72,4,72,0,0,0,0,4,72,0,0,4,72,California
Amador,2020-12-21,31,103,31,103,0,0,0,0,31,103,0,0,31,103,California
Amador,2020-12-22,35,138,34,137,1,1,0,0,35,138,0,0,35,138,California
Amador,2020-12-23,41,179,39,176,2,3,0,0,41,179,0,0,41,179,California
Amador,2020-12-24,5,184,3,179,2,5,0,0,5,184,0,0,5,184,California
Amador,2020-12-26,5,189,4,183,1,6,0,0,5,189,0,0,5,189,California
Amador,2020-12-27,1,190,0,183,1,7,0,0,1,190,0,0,1,190,California
Amador,2020-12-28,30,220,26,209,4,11,0,0,30,220,0,0,30,220,California
Amador,2020-12-29,25,245,18,227,7,18,0,0,25,245,0,0,25,245,California
Amador,2020-12-30,123,368,77,304,46,64,0,0,123,368,0,0,123,368,California
Amador,2020-12-31,195,563,170,474,25,89,0,0,195,563,0,0,195,563,California
Amador,2021-01-01,2,565,0,474,2,91,0,0,2,565,0,0,2,565,California
Amador,2021-01-02,57,622,57,531,0,91,0,0,57,622,0,0,57,622,California
Amador,2021-01-03,66,688,17,548,49,140,0,0,66,688,0,0,66,688,California
Amador,2021-01-04,125,813,2,550,123,263,0,0,125,813,0,0,125,813,California
Amador,2021-01-05,33,846,3,553,30,293,0,0,32,844,1,1,32,845,California
Amador,2021-01-06,40,886,11,564,29,322,0,0,36,876,4,5,36,881,California
Amador,2021-01-07,234,1120,72,636,162,484,0,0,222,1086,12,17,222,1103,California
Amador,2021-01-08,85,1205,70,706,15,499,0,0,42,1086,43,60,43,1146,California
Amador,2021-01-09,11,1216,11,717,0,499,0,0,2,1079,9,69,2,1148,California
Amador,2021-01-10,6,1222,4,721,2,501,0,0,2,1077,4,73,2,1150,California
Amador,2021-01-11,125,1347,44,765,81,582,0,0,88,1129,37,110,89,1239,California
Amador,2021-01-12,69,1416,53,818,16,598,0,0,41,1142,28,138,41,1280,California
Amador,2021-01-13,41,1457,24,842,17,615,0,0,29,1159,12,150,29,1309,California
Amador,2021-01-14,150,1607,22,864,128,743,0,0,140,1290,10,160,141,1450,California
Amador,2021-01-15,62,1669,26,890,36,779,0,0,53,1334,9,169,53,1503,California
Amador,2021-01-16,20,1689,13,903,7,786,0,0,14,1343,6,175,15,1518,California
Amador,2021-01-17,25,1714,5,908,20,806,0,0,25,1368,0,175,25,1543,California
Amador,2021-01-18,31,1745,27,935,4,810,0,0,10,1357,21,196,10,1553,California
Amador,2021-01-19,126,1871,101,1036,25,835,0,0,81,1393,45,241,81,1634,California
Amador,2021-01-20,182,2053,32,1068,150,985,0,0,168,1548,13,254,168,1802,California
Amador,2021-01-21,261,2314,230,1298,31,1016,0,0,149,1586,112,366,150,1952,California
Amador,2021-01-22,142,2456,74,1372,68,1084,0,0,135,1714,7,373,135,2087,California
Amador,2021-01-23,60,2516,33,1405,27,1111,0,0,57,1768,3,376,57,2144,California
Amador,2021-01-24,28,2544,12,1417,16,1127,0,0,24,1788,4,380,24,2168,California
Amador,2021-01-25,60,2604,29,1446,31,1158,0,0,42,1812,18,398,42,2210,California
Amador,2021-01-26,246,2850,17,1463,229,1387,0,0,236,2038,10,408,236,2446,California
Amador,2021-01-27,307,3157,35,1498,272,1659,0,0,259,2253,45,453,260,2706,California
Amador,2021-01-28,374,3531,99,1597,275,1934,0,0,290,2460,84,537,291,2997,California
Amador,2021-01-29,105,3636,33,1630,72,2006,0,0,90,2535,15,552,90,3087,California
Amador,2021-01-30,198,3834,37,1667,161,2167,0,0,193,2723,5,557,193,3280,California
Amador,2021-01-31,34,3868,29,1696,5,2172,0,0,33,2755,1,558,33,3313,California
Amador,2021-02-01,67,3935,23,1719,44,2216,0,0,39,2766,28,586,39,3352,California
Amador,2021-02-02,216,4151,66,1785,150,2366,0,0,129,2810,85,671,129,3481,California
Amador,2021-02-03,143,4294,40,1825,103,2469,0,0,91,2850,51,722,91,3572,California
Amador,2021-02-04,253,4547,76,1901,177,2646,0,0,166,2932,86,808,168,3740,California
Amador,2021-02-05,337,4884,63,1964,274,2920,0,0,319,3234,17,825,319,4059,California
Amador,2021-02-06,125,5009,81,2045,44,2964,0,0,120,3349,5,830,120,4179,California
Amador,2021-02-07,38,5047,34,2079,4,2968,0,0,34,3380,4,834,35,4214,California
Amador,2021-02-08,92,5139,63,2142,29,2997,0,0,73,3434,19,853,73,4287,California
Amador,2021-02-09,178,5317,82,2224,96,3093,0,0,111,3478,67,920,111,4398,California
Amador,2021-02-10,984,6301,81,2305,903,3996,0,0,949,4392,35,955,949,5347,California
Amador,2021-02-11,312,6613,120,2425,192,4188,0,0,200,4482,110,1065,200,5547,California
Amador,2021-02-12,336,6949,121,2546,215,4403,0,0,261,4668,75,1140,261,5808,California
Amador,2021-02-13,183,7132,84,2630,99,4502,0,0,156,4797,27,1167,156,5964,California
Amador,2021-02-14,122,7254,54,2684,68,4570,0,0,105,4885,17,1184,105,6069,California
Amador,2021-02-15,189,7443,62,2746,127,4697,0,0,172,5041,16,1200,172,6241,California
Amador,2021-02-16,466,7909,53,2799,413,5110,0,0,425,5426,41,1241,426,6667,California
Amador,2021-02-17,264,8173,84,2883,180,5290,0,0,166,5494,98,1339,166,6833,California
Amador,2021-02-18,400,8573,101,2984,299,5589,0,0,334,5762,66,1405,334,7167,California
Amador,2021-02-19,204,8777,78,3062,126,5715,0,0,116,5790,88,1493,116,7283,California
Amador,2021-02-20,103,8880,34,3096,69,5784,0,0,67,5821,36,1529,67,7350,California
Amador,2021-02-21,54,8934,36,3132,18,5802,0,0,19,5807,33,1562,19,7369,California
Amador,2021-02-22,66,9000,26,3158,40,5842,0,0,32,5806,33,1595,32,7401,California
Amador,2021-02-23,323,9323,55,3213,268,6110,0,0,139,5762,184,1779,140,7541,California
Amador,2021-02-24,401,9724,62,3275,339,6449,0,0,264,5893,133,1912,264,7805,California
Amador,2021-02-25,532,10256,123,3398,409,6858,0,0,280,5923,250,2162,280,8085,California
Amador,2021-02-26,644,10900,81,3479,563,7421,0,0,518,6316,125,2287,518,8603,California
Amador,2021-02-27,301,11201,95,3574,206,7627,0,0,99,6216,201,2488,101,8704,California
Amador,2021-02-28,127,11328,57,3631,70,7697,0,0,63,6217,64,2552,65,8769,California
Amador,2021-03-01,198,11526,69,3700,129,7826,0,0,126,6272,72,2624,127,8896,California
Amador,2021-03-02,385,11911,64,3764,321,8147,0,0,335,6558,50,2674,336,9232,California
Amador,2021-03-03,245,12156,80,3844,165,8312,0,0,168,6651,76,2750,169,9401,California
Amador,2021-03-04,501,12657,117,3961,384,8696,0,0,396,6943,104,2854,396,9797,California
Amador,2021-03-05,519,13176,76,4037,443,9139,0,0,295,7019,222,3076,298,10095,California
Amador,2021-03-06,103,13279,50,4087,52,9191,1,1,57,7031,46,3122,58,10153,California
Amador,2021-03-07,90,13369,44,4131,46,9237,0,1,22,6985,68,3190,22,10175,California
Amador,2021-03-08,155,13524,73,4204,81,9318,1,2,92,7015,63,3253,93,10268,California
Amador,2021-03-09,378,13902,53,4257,325,9643,0,2,293,7227,81,3334,293,10561,California
Amador,2021-03-10,521,14423,77,4334,442,10085,2,4,112,6934,409,3743,116,10677,California
Amador,2021-03-11,484,14907,125,4459,349,10434,10,14,303,7070,180,3923,316,10993,California
Amador,2021-03-12,587,15494,71,4530,510,10944,6,20,343,7182,243,4166,355,11348,California
Amador,2021-03-13,119,15613,18,4548,94,11038,7,27,76,7227,43,4209,88,11436,California
Amador,2021-03-14,100,15713,19,4567,78,11116,3,30,21,7172,79,4288,24,11460,California
Amador,2021-03-15,183,15896,27,4594,149,11265,7,37,55,7107,128,4416,63,11523,California
Amador,2021-03-16,451,16347,53,4647,389,11654,9,46,139,6946,310,4726,149,11672,California
Amador,2021-03-17,386,16733,45,4692,338,11992,3,49,262,7089,122,4848,265,11937,California
Amador,2021-03-18,516,17249,101,4793,411,12403,4,53,258,7099,256,5104,266,12203,California
Amador,2021-03-19,546,17795,58,4851,473,12876,15,68,386,7346,158,5262,405,12608,California
Amador,2021-03-20,113,17908,46,4897,66,12942,1,69,48,7333,64,5326,51,12659,California
Amador,2021-03-21,53,17961,37,4934,15,12957,1,70,28,7340,24,5350,31,12690,California
Amador,2021-03-22,115,18076,34,4968,53,13010,28,98,50,7353,65,5415,78,12768,California
Amador,2021-03-23,436,18512,47,5015,382,13392,7,105,275,7476,160,5575,283,13051,California
Amador,2021-03-24,342,18854,35,5050,55,13447,252,357,35,7457,306,5881,287,13338,California
Amador,2021-03-25,615,19469,87,5137,521,13968,7,364,398,7646,216,6097,405,13743,California
Amador,2021-03-26,752,20221,45,5182,701,14669,6,370,281,7468,468,6565,290,14033,California
Amador,2021-03-27,94,20315,15,5197,77,14746,2,372,31,7440,63,6628,35,14068,California
Amador,2021-03-28,72,20387,17,5214,53,14799,2,374,13,7398,58,6686,16,14084,California
Amador,2021-03-29,184,20571,28,5242,155,14954,1,375,78,7379,103,6789,84,14168,California
Amador,2021-03-30,539,21110,29,5271,509,15463,1,376,292,7426,246,7035,293,14461,California
Amador,2021-03-31,201,21311,58,5329,138,15601,5,381,44,7320,155,7190,49,14510,California
Amador,2021-04-01,625,21936,94,5423,531,16132,0,381,269,7238,353,7543,271,14781,California
Amador,2021-04-02,617,22553,39,5462,565,16697,13,394,384,7405,232,7775,399,15180,California
Amador,2021-04-03,86,22639,24,5486,42,16739,20,414,21,7384,65,7840,44,15224,California
Amador,2021-04-04,39,22678,3,5489,30,16769,6,420,15,7381,24,7864,21,15245,California
Amador,2021-04-05,146,22824,53,5542,76,16845,17,437,49,7353,96,7960,68,15313,California
Amador,2021-04-06,506,23330,39,5581,449,17294,18,455,225,7317,279,8239,243,15556,California
Amador,2021-04-07,99,23429,33,5614,47,17341,19,474,43,7326,53,8292,62,15618,California
Amador,2021-04-08,499,23928,84,5698,393,17734,22,496,221,7293,276,8568,243,15861,California
Amador,2021-04-09,488,24416,22,5720,446,18180,20,516,212,7247,275,8843,229,16090,California
Amador,2021-04-10,52,24468,14,5734,29,18209,9,525,23,7250,29,8872,32,16122,California
Amador,2021-04-11,51,24519,25,5759,22,18231,4,529,23,7250,27,8899,27,16149,California
Amador,2021-04-12,99,24618,26,5785,63,18294,10,539,43,7247,56,8955,53,16202,California
Amador,2021-04-13,347,24965,49,5834,298,18592,0,539,67,7038,277,9232,68,16270,California
Amador,2021-04-14,280,25245,26,5860,254,18846,0,539,56,6874,221,9453,57,16327,California
Amador,2021-04-15,342,25587,78,5938,264,19110,0,539,73,6689,258,9711,73,16400,California
Amador,2021-04-16,489,26076,29,5967,460,19570,0,539,381,6963,107,9818,381,16781,California
Amador,2021-04-17,66,26142,34,6001,32,19602,0,539,30,6957,36,9854,30,16811,California
Amador,2021-04-18,33,26175,11,6012,22,19624,0,539,12,6949,20,9874,12,16823,California
Amador,2021-04-19,69,26244,27,6039,42,19666,0,539,30,6943,38,9912,32,16855,California
Amador,2021-04-20,441,26685,59,6098,382,20048,0,539,110,6731,324,10236,112,16967,California
Amador,2021-04-21,89,26774,35,6133,53,20101,1,540,44,6733,43,10279,45,17012,California
Amador,2021-04-22,521,27295,80,6213,440,20541,1,541,100,6431,403,10682,101,17113,California
Amador,2021-04-23,368,27663,47,6260,321,20862,0,541,289,6648,74,10756,291,17404,California
Amador,2021-04-24,52,27715,25,6285,27,20889,0,541,31,6659,20,10776,31,17435,California
Amador,2021-04-25,45,27760,19,6304,26,20915,0,541,29,6672,16,10792,29,17464,California
Amador,2021-04-26,95,27855,27,6331,67,20982,1,542,44,6669,50,10842,47,17511,California
Amador,2021-04-27,502,28357,45,6376,456,21438,1,543,91,6355,407,11249,93,17604,California
Amador,2021-04-28,70,28427,30,6406,37,21475,3,546,41,6370,29,11278,44,17648,California
Amador,2021-04-29,228,28655,70,6476,49,21524,109,655,67,6384,161,11439,175,17823,California
Amador,2021-04-30,347,29002,28,6504,315,21839,4,659,89,6220,258,11697,94,17917,California
Amador,2021-05-01,47,29049,15,6519,27,21866,5,664,26,6232,19,11716,31,17948,California
Amador,2021-05-02,28,29077,14,6533,11,21877,3,667,11,6230,17,11733,15,17963,California
Amador,2021-05-03,69,29146,35,6568,24,21901,10,677,28,6227,41,11774,38,18001,California
Amador,2021-05-04,468,29614,29,6597,432,22333,7,684,68,5902,400,12174,75,18076,California
Amador,2021-05-05,207,29821,153,6750,46,22379,8,692,162,6029,42,12216,169,18245,California
Amador,2021-05-06,110,29931,56,6806,49,22428,5,697,63,6052,45,12261,68,18313,California
Amador,2021-05-07,129,30060,29,6835,93,22521,7,704,67,6064,62,12323,74,18387,California
Amador,2021-05-08,43,30103,8,6843,32,22553,3,707,21,6066,22,12345,24,18411,California
Amador,2021-05-09,17,30120,1,6844,10,22563,6,713,4,6063,13,12358,10,18421,California
Amador,2021-05-10,60,30180,14,6858,43,22606,3,716,24,6054,36,12394,27,18448,California
Amador,2021-05-11,103,30283,34,6892,43,22649,26,742,45,6067,58,12452,71,18519,California
Amador,2021-05-12,72,30355,25,6917,44,22693,3,745,35,6068,37,12489,38,18557,California
Amador,2021-05-13,80,30435,40,6957,34,22727,6,751,38,6071,41,12530,44,18601,California
Amador,2021-05-14,404,30839,38,6995,361,23088,5,756,92,5859,311,12841,99,18700,California
Amador,2021-05-15,51,30890,20,7015,21,23109,10,766,23,5865,28,12869,34,18734,California
Amador,2021-05-16,41,30931,15,7030,26,23135,0,766,17,5858,24,12893,17,18751,California
Amador,2021-05-17,75,31006,22,7052,51,23186,2,768,35,5857,39,12932,38,18789,California
Amador,2021-05-18,251,31257,171,7223,45,23231,35,803,166,5974,84,13016,201,18990,California
Amador,2021-05-19,76,31333,25,7248,47,23278,4,807,35,5975,40,13056,41,19031,California
Amador,2021-05-20,89,31422,47,7295,37,23315,5,812,30,5952,58,13114,35,19066,California
Amador,2021-05-21,275,31697,29,7324,244,23559,2,814,37,5753,238,13352,39,19105,California
Amador,2021-05-22,47,31744,16,7340,26,23585,5,819,13,5738,34,13386,19,19124,California
Amador,2021-05-23,29,31773,5,7345,21,23606,3,822,5,5722,24,13410,8,19132,California
Amador,2021-05-24,91,31864,32,7377,47,23653,12,834,42,5727,49,13459,54,19186,California
Amador,2021-05-25,141,32005,89,7466,27,23680,25,859,82,5777,57,13516,107,19293,California
Amador,2021-05-26,204,32209,160,7626,37,23717,7,866,39,5658,164,13680,45,19338,California
Amador,2021-05-27,82,32291,37,7663,36,23753,9,875,30,5645,52,13732,39,19377,California
Amador,2021-05-28,69,32360,26,7689,39,23792,4,879,29,5639,39,13771,33,19410,California
Amador,2021-05-29,26,32386,2,7691,21,23813,3,882,8,5632,18,13789,11,19421,California
Amador,2021-05-30,19,32405,5,7696,8,23821,6,888,5,5629,14,13803,11,19432,California
Amador,2021-05-31,10,32415,0,7696,9,23830,1,889,2,5624,8,13811,3,19435,California
Amador,2021-06-01,95,32510,66,7762,24,23854,5,894,43,5621,51,13862,48,19483,California
Amador,2021-06-02,46,32556,16,7778,22,23876,8,902,16,5616,30,13892,25,19508,California
Amador,2021-06-03,59,32615,26,7804,28,23904,5,907,19,5601,39,13931,24,19532,California
Amador,2021-06-04,101,32716,22,7826,58,23962,21,928,20,5561,81,14012,41,19573,California
Amador,2021-06-05,41,32757,16,7842,20,23982,5,933,4,5533,37,14049,9,19582,California
Amador,2021-06-06,19,32776,9,7851,9,23991,1,934,9,5533,10,14059,10,19592,California
Amador,2021-06-07,44,32820,18,7869,22,24013,4,938,17,5527,27,14086,21,19613,California
Amador,2021-06-08,174,32994,138,8007,25,24038,11,949,54,5474,119,14205,66,19679,California
Amador,2021-06-09,49,33043,20,8027,20,24058,9,958,13,5460,36,14241,22,19701,California
Amador,2021-06-10,55,33098,23,8050,20,24078,12,970,19,5455,36,14277,31,19732,California
Amador,2021-06-11,58,33156,17,8067,36,24114,5,975,12,5426,46,14323,17,19749,California
Amador,2021-06-12,23,33179,10,8077,11,24125,2,977,8,5422,14,14337,10,19759,California
Amador,2021-06-13,9,33188,2,8079,6,24131,1,978,2,5418,7,14344,3,19762,California
Amador,2021-06-14,47,33235,24,8103,21,24152,2,980,15,5403,32,14376,17,19779,California
Amador,2021-06-15,44,33279,13,8116,19,24171,12,992,18,5407,26,14402,30,19809,California
Amador,2021-06-16,73,33352,33,8149,31,24202,9,1001,34,5411,39,14441,43,19852,California
Amador,2021-06-17,47,33399,23,8172,20,24222,4,1005,27,5423,19,14460,31,19883,California
Amador,2021-06-18,157,33556,121,8293,29,24251,7,1012,63,5399,94,14554,70,19953,California
Amador,2021-06-19,30,33586,8,8301,14,24265,8,1020,11,5400,19,14573,20,19973,California
Amador,2021-06-20,8,33594,6,8307,1,24266,1,1021,3,5399,5,14578,4,19977,California
Amador,2021-06-21,46,33640,14,8321,23,24289,9,1030,15,5392,31,14609,24,20001,California
Amador,2021-06-22,48,33688,27,8348,19,24308,2,1032,28,5402,20,14629,30,20031,California
Amador,2021-06-23,39,33727,19,8367,12,24320,8,1040,20,5411,19,14648,28,20059,California
Amador,2021-06-24,43,33770,19,8386,18,24338,6,1046,21,5417,21,14669,27,20086,California
Amador,2021-06-25,50,33820,28,8414,11,24349,11,1057,27,5433,23,14692,39,20125,California
Amador,2021-06-26,11,33831,4,8418,5,24354,2,1059,7,5438,4,14696,9,20134,California
Amador,2021-06-27,22,33853,14,8432,4,24358,4,1063,11,5442,11,14707,15,20149,California
Amador,2021-06-28,46,33899,21,8453,14,24372,11,1074,21,5449,25,14732,32,20181,California
Amador,2021-06-29,45,33944,18,8471,18,24390,9,1083,21,5455,24,14756,30,20211,California
Amador,2021-06-30,45,33989,15,8486,14,24404,16,1099,20,5465,25,14781,35,20246,California
Amador,2021-07-01,29,34018,13,8499,13,24417,3,1102,14,5467,15,14796,17,20263,California
Amador,2021-07-02,22,34040,10,8509,9,24426,3,1105,14,5476,8,14804,17,20280,California
Amador,2021-07-03,17,34057,2,8511,11,24437,4,1109,10,5483,7,14811,14,20294,California
Amador,2021-07-04,5,34062,0,8511,5,24442,0,1109,5,5488,0,14811,5,20299,California
Butte,2020-12-16,3,3,3,3,0,0,0,0,3,3,0,0,3,3,California
Butte,2020-12-17,21,24,21,24,0,0,0,0,21,24,0,0,21,24,California
Butte,2020-12-18,52,76,52,76,0,0,0,0,52,76,0,0,52,76,California
Butte,2020-12-19,7,83,7,83,0,0,0,0,7,83,0,0,7,83,California
Butte,2020-12-20,10,93,10,93,0,0,0,0,10,93,0,0,10,93,California
Butte,2020-12-21,631,724,631,724,0,0,0,0,631,724,0,0,631,724,California
Butte,2020-12-22,619,1343,617,1341,2,2,0,0,619,1343,0,0,619,1343,California
Butte,2020-12-23,877,2220,861,2202,16,18,0,0,877,2220,0,0,877,2220,California
Butte,2020-12-24,159,2379,155,2357,4,22,0,0,159,2379,0,0,159,2379,California
Butte,2020-12-26,91,2470,89,2446,2,24,0,0,91,2470,0,0,91,2470,California
Butte,2020-12-27,35,2505,34,2480,1,25,0,0,35,2505,0,0,35,2505,California
Butte,2020-12-28,279,2784,273,2753,6,31,0,0,279,2784,0,0,279,2784,California
Butte,2020-12-29,205,2989,181,2934,24,55,0,0,205,2989,0,0,205,2989,California
Butte,2020-12-30,513,3502,291,3225,222,277,0,0,513,3502,0,0,513,3502,California
Butte,2020-12-31,213,3715,18,3243,195,472,0,0,213,3715,0,0,213,3715,California
Butte,2021-01-01,15,3730,6,3249,9,481,0,0,15,3730,0,0,15,3730,California
Butte,2021-01-02,40,3770,37,3286,3,484,0,0,40,3770,0,0,40,3770,California
Butte,2021-01-03,3,3773,0,3286,3,487,0,0,3,3773,0,0,3,3773,California
Butte,2021-01-04,208,3981,175,3461,33,520,0,0,208,3981,0,0,208,3981,California
Butte,2021-01-05,198,4179,152,3613,46,566,0,0,197,4177,1,1,197,4178,California
Butte,2021-01-06,625,4804,395,4008,230,796,0,0,620,4793,5,6,621,4799,California
Butte,2021-01-07,764,5568,370,4378,394,1190,0,0,744,5517,20,26,744,5543,California
Butte,2021-01-08,673,6241,531,4909,142,1332,0,0,625,6094,48,74,625,6168,California
Butte,2021-01-09,14,6255,8,4917,6,1338,0,0,8,6096,6,80,8,6176,California
Butte,2021-01-10,19,6274,5,4922,14,1352,0,0,14,6105,5,85,14,6190,California
Butte,2021-01-11,983,7257,947,5869,36,1388,0,0,356,5837,627,712,359,6549,California
Butte,2021-01-12,700,7957,655,6524,45,1433,0,0,276,5689,424,1136,276,6825,California
Butte,2021-01-13,1570,9527,1076,7600,494,1927,0,0,727,5576,842,1978,729,7554,California
Butte,2021-01-14,1637,11164,893,8493,744,2671,0,0,1440,6820,196,2174,1440,8994,California
Butte,2021-01-15,1064,12228,819,9312,245,2916,0,0,955,7665,110,2284,955,9949,California
Butte,2021-01-16,589,12817,301,9613,288,3204,0,0,544,8164,45,2329,544,10493,California
Butte,2021-01-17,240,13057,64,9677,176,3380,0,0,202,8328,38,2367,202,10695,California
Butte,2021-01-18,347,13404,305,9982,42,3422,0,0,279,8540,67,2434,279,10974,California
Butte,2021-01-19,495,13899,433,10415,62,3484,0,0,223,8491,272,2706,223,11197,California
Butte,2021-01-20,1396,15295,710,11125,686,4170,0,0,1093,9281,303,3009,1093,12290,California
Butte,2021-01-21,1495,16790,883,12008,612,4782,0,0,1387,10561,107,3116,1387,13677,California
Butte,2021-01-22,1143,17933,482,12490,661,5443,0,0,1089,11596,54,3170,1089,14766,California
Butte,2021-01-23,128,18061,85,12575,43,5486,0,0,103,11674,25,3195,103,14869,California
Butte,2021-01-24,8,18069,6,12581,2,5488,0,0,8,11682,0,3195,8,14877,California
Butte,2021-01-25,661,18730,338,12919,323,5811,0,0,498,12017,163,3358,498,15375,California
Butte,2021-01-26,1488,20218,379,13298,1109,6920,0,0,1350,13229,138,3496,1350,16725,California
Butte,2021-01-27,2110,22328,705,14003,1405,8325,0,0,1375,13870,734,4230,1375,18100,California
Butte,2021-01-28,2271,24599,262,14265,2009,10334,0,0,1958,15516,312,4542,1958,20058,California
Butte,2021-01-29,1694,26293,489,14754,1205,11539,0,0,1313,16450,379,4921,1313,21371,California
Butte,2021-01-30,32,26325,9,14763,23,11562,0,0,30,16478,2,4923,30,21401,California
Butte,2021-01-31,17,26342,15,14778,2,11564,0,0,16,16493,1,4924,16,21417,California
Butte,2021-02-01,1764,28106,406,15184,1358,12922,0,0,1369,17471,391,5315,1369,22786,California
Butte,2021-02-02,1949,30055,363,15547,1586,14508,0,0,1645,18811,305,5620,1645,24431,California
Butte,2021-02-03,2758,32813,781,16328,1977,16485,0,0,1858,19771,898,6518,1858,26289,California
Butte,2021-02-04,2976,35789,324,16652,2652,19137,0,0,2414,21626,559,7077,2414,28703,California
Butte,2021-02-05,1280,37069,670,17322,610,19747,0,0,554,21455,726,7803,555,29258,California
Butte,2021-02-06,150,37219,105,17427,45,19792,0,0,64,21433,86,7889,64,29322,California
Butte,2021-02-07,37,37256,33,17460,4,19796,0,0,14,21424,23,7912,14,29336,California
Butte,2021-02-08,700,37956,547,18007,153,19949,0,0,239,21203,460,8372,239,29575,California
Butte,2021-02-09,964,38920,459,18466,505,20454,0,0,734,21707,230,8602,734,30309,California
Butte,2021-02-10,1710,40630,1191,19657,519,20973,0,0,654,21307,1054,9656,654,30963,California
Butte,2021-02-11,2219,42849,1359,21016,860,21833,0,0,1004,21096,1216,10872,1005,31968,California
Butte,2021-02-12,1001,43850,434,21450,567,22400,0,0,323,20742,677,11549,323,32291,California
Butte,2021-02-13,252,44102,43,21493,209,22609,0,0,151,20792,101,11650,151,32442,California
Butte,2021-02-14,164,44266,10,21503,154,22763,0,0,158,20944,6,11656,158,32600,California
Butte,2021-02-15,262,44528,49,21552,213,22976,0,0,195,21072,67,11723,195,32795,California
Butte,2021-02-16,763,45291,438,21990,325,23301,0,0,304,20916,460,12183,304,33099,California
Butte,2021-02-17,1534,46825,853,22843,681,23982,0,0,851,21086,681,12864,851,33950,California
Butte,2021-02-18,1593,48418,783,23626,810,24792,0,0,773,21038,821,13685,773,34723,California
Butte,2021-02-19,1178,49596,395,24021,783,25575,0,0,403,20673,768,14453,403,35126,California
Butte,2021-02-20,491,50087,36,24057,455,26030,0,0,128,20439,362,14815,128,35254,California
Butte,2021-02-21,20,50107,17,24074,3,26033,0,0,14,20447,6,14821,14,35268,California
Butte,2021-02-22,1556,51663,311,24385,1245,27278,0,0,393,19681,1159,15980,393,35661,California
Butte,2021-02-23,1674,53337,304,24689,1370,28648,0,0,474,18962,1193,17173,474,36135,California
Butte,2021-02-24,2211,55548,631,25320,1580,30228,0,0,764,18287,1439,18612,764,36899,California
Butte,2021-02-25,2120,57668,613,25933,1507,31735,0,0,686,17549,1425,20037,687,37586,California
Butte,2021-02-26,924,58592,310,26243,614,32349,0,0,399,17427,521,20558,399,37985,California
Butte,2021-02-27,241,58833,50,26293,191,32540,0,0,189,17566,50,20608,189,38174,California
Butte,2021-02-28,144,58977,17,26310,127,32667,0,0,136,17694,8,20616,136,38310,California
Butte,2021-03-01,1641,60618,180,26490,1460,34127,1,1,337,16733,1299,21915,338,38648,California
Butte,2021-03-02,1775,62393,202,26692,1573,35700,0,1,313,15589,1457,23372,313,38961,California
Butte,2021-03-03,2808,65201,857,27549,1951,37651,0,1,492,13771,2310,25682,492,39453,California
Butte,2021-03-04,3167,68368,691,28240,2476,40127,0,1,623,11853,2541,28223,623,40076,California
Butte,2021-03-05,1363,69731,620,28860,742,40869,1,2,739,11973,620,28843,740,40816,California
Butte,2021-03-06,250,69981,27,28887,200,41069,23,25,187,12121,62,28905,210,41026,California
Butte,2021-03-07,57,70038,3,28890,37,41106,17,42,32,12145,25,28930,49,41075,California
Butte,2021-03-08,1276,71314,133,29023,1065,42171,78,120,1105,13160,168,29098,1183,42258,California
Butte,2021-03-09,1922,73236,284,29307,1536,43707,102,222,1412,14169,505,29603,1514,43772,California
Butte,2021-03-10,2334,75570,979,30286,1255,44962,100,322,1589,15119,739,30342,1689,45461,California
Butte,2021-03-11,2824,78394,1329,31615,1367,46329,128,450,1974,16383,839,31181,2103,47564,California
Butte,2021-03-12,1166,79560,334,31949,465,46794,367,817,352,16295,807,31988,719,48283,California
Butte,2021-03-13,274,79834,70,32019,143,46937,61,878,65,16211,209,32197,125,48408,California
Butte,2021-03-14,166,80000,17,32036,107,47044,42,920,22,16132,143,32340,64,48472,California
Butte,2021-03-15,1736,81736,356,32392,1086,48130,294,1214,1140,16979,587,32927,1434,49906,California
Butte,2021-03-16,1688,83424,431,32823,1179,49309,78,1292,1099,17571,584,33511,1176,51082,California
Butte,2021-03-17,1957,85381,1354,34177,522,49831,81,1373,1105,17912,844,34355,1185,52267,California
Butte,2021-03-18,1818,87199,1469,35646,221,50052,128,1501,1032,18291,780,35135,1159,53426,California
Butte,2021-03-19,697,87896,312,35958,301,50353,84,1585,341,18369,347,35482,425,53851,California
Butte,2021-03-20,209,88105,31,35989,161,50514,17,1602,97,18371,112,35594,114,53965,California
Butte,2021-03-21,73,88178,40,36029,4,50518,29,1631,24,18377,47,35641,53,54018,California
Butte,2021-03-22,1505,89683,371,36400,1039,51557,95,1726,1238,19443,266,35907,1332,55350,California
Butte,2021-03-23,1862,91545,524,36924,1224,52781,114,1840,1506,20711,352,36259,1620,56970,California
Butte,2021-03-24,2268,93813,1271,38195,871,53652,126,1966,1703,21979,560,36819,1828,58798,California
Butte,2021-03-25,1488,95301,1201,39396,195,53847,92,2058,1019,22626,464,37283,1111,59909,California
Butte,2021-03-26,1212,96513,441,39837,524,54371,247,2305,561,22790,644,37927,808,60717,California
Butte,2021-03-27,306,96819,87,39924,195,54566,24,2329,137,22783,166,38093,159,60876,California
Butte,2021-03-28,230,97049,45,39969,177,54743,8,2337,103,22769,124,38217,110,60986,California
Butte,2021-03-29,1765,98814,383,40352,1312,56055,70,2407,1342,23763,418,38635,1412,62398,California
Butte,2021-03-30,1040,99854,472,40824,477,56532,91,2498,487,23794,547,39182,578,62976,California
Butte,2021-03-31,1789,101643,1305,42129,417,56949,67,2565,1080,24241,700,39882,1147,64123,California
Butte,2021-04-01,3341,104984,2713,44842,499,57448,129,2694,2258,25553,1075,40957,2387,66510,California
Butte,2021-04-02,1011,105995,424,45266,466,57914,121,2815,570,25809,433,41390,689,67199,California
Butte,2021-04-03,347,106342,47,45313,225,58139,75,2890,164,25865,183,41573,239,67438,California
Butte,2021-04-04,190,106532,25,45338,141,58280,24,2914,110,25921,78,41651,134,67572,California
Butte,2021-04-05,1971,108503,419,45757,1381,59661,171,3085,594,25316,1368,43019,763,68335,California
Butte,2021-04-06,2215,110718,620,46377,1174,60835,421,3506,804,25137,1402,44421,1223,69558,California
Butte,2021-04-07,3046,113764,1325,47702,1326,62161,395,3901,718,23927,2322,46743,1112,70670,California
Butte,2021-04-08,2755,116519,1202,48904,1284,63445,269,4170,458,22360,2294,49037,727,71397,California
Butte,2021-04-09,1379,117898,354,49258,542,63987,483,4653,330,22123,1045,50082,808,72205,California
Butte,2021-04-10,228,118126,48,49306,79,64066,101,4754,101,22198,126,50208,201,72406,California
Butte,2021-04-11,107,118233,44,49350,53,64119,10,4764,83,22268,23,50231,93,72499,California
Butte,2021-04-12,1414,119647,315,49665,965,65084,134,4898,234,21456,1180,51411,368,72867,California
Butte,2021-04-13,1656,121303,574,50239,1076,66160,6,4904,345,20504,1303,52714,351,73218,California
Butte,2021-04-14,2855,124158,2361,52600,494,66654,0,4904,1326,20307,1524,54238,1327,74545,California
Butte,2021-04-15,649,124807,399,52999,250,66904,0,4904,485,20634,158,54396,485,75030,California
Butte,2021-04-16,815,125622,419,53418,396,67300,0,4904,482,20785,331,54727,482,75512,California
Butte,2021-04-17,345,125967,62,53480,283,67583,0,4904,242,20925,102,54829,242,75754,California
Butte,2021-04-18,57,126024,23,53503,34,67617,0,4904,44,20956,13,54842,44,75798,California
Butte,2021-04-19,1567,127591,385,53888,1182,68799,0,4904,419,20230,1145,55987,419,76217,California
Butte,2021-04-20,2031,129622,765,54653,1266,70065,0,4904,758,19723,1265,57252,758,76975,California
Butte,2021-04-21,2110,131732,1227,55880,883,70948,0,4904,487,18594,1616,58868,487,77462,California
Butte,2021-04-22,2270,134002,1984,57864,286,71234,0,4904,625,17579,1640,60508,625,78087,California
Butte,2021-04-23,970,134972,472,58336,498,71732,0,4904,490,17590,479,60987,490,78577,California
Butte,2021-04-24,348,135320,140,58476,208,71940,0,4904,189,17620,159,61146,189,78766,California
Butte,2021-04-25,174,135494,69,58545,105,72045,0,4904,65,17576,109,61255,65,78831,California
Butte,2021-04-26,1577,137071,470,59015,1102,73147,5,4909,409,16828,1162,62417,414,79245,California
Butte,2021-04-27,1036,138107,696,59711,313,73460,27,4936,588,17001,443,62860,616,79861,California
Butte,2021-04-28,1432,139539,977,60688,430,73890,25,4961,509,16617,918,63778,534,80395,California
Butte,2021-04-29,915,140454,570,61258,320,74210,25,4986,312,16357,597,64375,337,80732,California
Butte,2021-04-30,927,141381,419,61677,487,74697,21,5007,465,16388,454,64829,485,81217,California
Butte,2021-05-01,245,141626,64,61741,159,74856,22,5029,73,16311,169,64998,92,81309,California
Butte,2021-05-02,151,141777,63,61804,75,74931,13,5042,44,16260,107,65105,56,81365,California
Butte,2021-05-03,635,142412,257,62061,347,75278,31,5073,177,16020,448,65553,208,81573,California
Butte,2021-05-04,850,143262,343,62404,475,75753,32,5105,223,15654,620,66173,254,81827,California
Butte,2021-05-05,1375,144637,1121,63525,216,75969,38,5143,292,14907,1077,67250,330,82157,California
Butte,2021-05-06,965,145602,701,64226,225,76194,39,5182,366,14717,595,67845,405,82562,California
Butte,2021-05-07,581,146183,310,64536,235,76429,36,5218,296,14766,282,68127,331,82893,California
Butte,2021-05-08,187,146370,53,64589,123,76552,11,5229,91,14773,95,68222,102,82995,California
Butte,2021-05-09,103,146473,27,64616,73,76625,3,5232,54,14781,49,68271,57,83052,California
Butte,2021-05-10,535,147008,316,64932,174,76799,45,5277,214,14722,318,68589,259,83311,California
Butte,2021-05-11,915,147923,661,65593,194,76993,60,5337,296,14462,616,69205,356,83667,California
Butte,2021-05-12,784,148707,483,66076,253,77246,48,5385,334,14399,445,69650,382,84049,California
Butte,2021-05-13,948,149655,628,66704,255,77501,65,5450,349,14223,588,70238,412,84461,California
Butte,2021-05-14,870,150525,543,67247,294,77795,33,5483,380,14148,487,70725,412,84873,California
Butte,2021-05-15,509,151034,247,67494,228,78023,34,5517,239,14153,268,70993,273,85146,California
Butte,2021-05-16,169,151203,82,67576,69,78092,18,5535,98,14199,70,71063,116,85262,California
Butte,2021-05-17,771,151974,498,68074,224,78316,49,5584,332,14144,435,71498,380,85642,California
Butte,2021-05-18,1068,153042,735,68809,284,78600,49,5633,475,14081,587,72085,524,86166,California
Butte,2021-05-19,833,153875,540,69349,249,78849,44,5677,328,13953,499,72584,371,86537,California
Butte,2021-05-20,985,154860,660,70009,215,79064,110,5787,384,13848,598,73182,493,87030,California
Butte,2021-05-21,890,155750,543,70552,321,79385,26,5813,293,13573,593,73775,318,87348,California
Butte,2021-05-22,299,156049,139,70691,145,79530,15,5828,144,13579,152,73927,158,87506,California
Butte,2021-05-23,131,156180,82,70773,48,79578,1,5829,79,13607,52,73979,80,87586,California
Butte,2021-05-24,353,156533,165,70938,138,79716,50,5879,177,13659,174,74153,226,87812,California
Butte,2021-05-25,699,157232,448,71386,215,79931,36,5915,342,13687,350,74503,378,88190,California
Butte,2021-05-26,561,157793,180,71566,358,80289,23,5938,242,13640,311,74814,264,88454,California
Butte,2021-05-27,865,158658,623,72189,224,80513,18,5956,422,13643,438,75252,441,88895,California
Butte,2021-05-28,520,159178,141,72330,300,80813,79,6035,212,13629,305,75557,291,89186,California
Butte,2021-05-29,225,159403,116,72446,97,80910,12,6047,144,13704,81,75638,156,89342,California
Butte,2021-05-30,105,159508,56,72502,49,80959,0,6047,57,13713,48,75686,57,89399,California
Butte,2021-05-31,43,159551,23,72525,18,80977,2,6049,25,13722,18,75704,27,89426,California
Butte,2021-06-01,677,160228,428,72953,213,81190,36,6085,253,13591,420,76124,289,89715,California
Butte,2021-06-02,818,161046,565,73518,208,81398,45,6130,349,13520,464,76588,393,90108,California
Butte,2021-06-03,626,161672,422,73940,187,81585,17,6147,205,13324,418,77006,222,90330,California
Butte,2021-06-04,484,162156,276,74216,180,81765,28,6175,144,13163,333,77339,172,90502,California
Butte,2021-06-05,321,162477,208,74424,93,81858,20,6195,96,13056,223,77562,116,90618,California
Butte,2021-06-06,134,162611,99,74523,33,81891,2,6197,32,12989,101,77663,34,90652,California
Butte,2021-06-07,404,163015,258,74781,116,82007,30,6227,168,12952,235,77898,198,90850,California
Butte,2021-06-08,652,163667,470,75251,163,82170,19,6246,179,12689,462,78360,199,91049,California
Butte,2021-06-09,438,164105,300,75551,119,82289,19,6265,147,12571,284,78644,166,91215,California
Butte,2021-06-10,633,164738,451,76002,150,82439,32,6297,234,12438,397,79041,264,91479,California
Butte,2021-06-11,443,165181,264,76266,158,82597,21,6318,147,12312,294,79335,168,91647,California
Butte,2021-06-12,252,165433,154,76420,88,82685,10,6328,75,12221,176,79511,85,91732,California
Butte,2021-06-13,97,165530,64,76484,30,82715,3,6331,20,12167,77,79588,23,91755,California
Butte,2021-06-14,387,165917,232,76716,135,82850,20,6351,136,12074,250,79838,157,91912,California
Butte,2021-06-15,548,166465,385,77101,137,82987,26,6377,161,11880,381,80219,187,92099,California
Butte,2021-06-16,417,166882,256,77357,116,83103,45,6422,168,11846,246,80465,212,92311,California
Butte,2021-06-17,581,167463,433,77790,121,83224,27,6449,179,11651,401,80866,206,92517,California
Butte,2021-06-18,410,167873,205,77995,152,83376,53,6502,160,11613,248,81114,210,92727,California
Butte,2021-06-19,207,168080,153,78148,49,83425,5,6507,92,11595,115,81229,97,92824,California
Butte,2021-06-20,93,168173,68,78216,25,83450,0,6507,24,11550,69,81298,24,92848,California
Butte,2021-06-21,278,168451,164,78380,92,83542,22,6529,132,11560,144,81442,154,93002,California
Butte,2021-06-22,419,168870,274,78654,121,83663,24,6553,151,11471,264,81706,175,93177,California
Butte,2021-06-23,448,169318,331,78985,92,83755,25,6578,164,11376,283,81989,188,93365,California
Butte,2021-06-24,425,169743,284,79269,108,83863,33,6611,153,11290,271,82260,185,93550,California
Butte,2021-06-25,411,170154,201,79470,187,84050,23,6634,153,11209,257,82517,176,93726,California
Butte,2021-06-26,132,170286,96,79566,34,84084,2,6636,55,11189,77,82594,57,93783,California
Butte,2021-06-27,63,170349,38,79604,24,84108,1,6637,20,11167,43,82637,21,93804,California
Butte,2021-06-28,296,170645,223,79827,54,84162,19,6656,122,11135,173,82810,141,93945,California
Butte,2021-06-29,321,170966,216,80043,92,84254,13,6669,137,11103,181,82991,149,94094,California
Butte,2021-06-30,301,171267,208,80251,77,84331,16,6685,145,11109,155,83146,161,94255,California
Butte,2021-07-01,352,171619,226,80477,106,84437,20,6705,141,11060,210,83356,161,94416,California
Butte,2021-07-02,295,171914,201,80678,68,84505,26,6731,136,11066,156,83512,162,94578,California
Butte,2021-07-03,120,172034,81,80759,37,84542,2,6733,50,11049,69,83581,52,94630,California
Butte,2021-07-04,3,172037,2,80761,1,84543,0,6733,0,11047,2,83583,0,94630,California
Calaveras,2020-12-16,5,5,5,5,0,0,0,0,5,5,0,0,5,5,California
Calaveras,2020-12-17,3,8,3,8,0,0,0,0,3,8,0,0,3,8,California
Calaveras,2020-12-18,39,47,39,47,0,0,0,0,39,47,0,0,39,47,California
Calaveras,2020-12-19,3,50,3,50,0,0,0,0,3,50,0,0,3,50,California
Calaveras,2020-12-20,4,54,4,54,0,0,0,0,4,54,0,0,4,54,California
Calaveras,2020-12-21,54,108,47,101,7,7,0,0,54,108,0,0,54,108,California
Calaveras,2020-12-22,82,190,78,179,4,11,0,0,83,191,0,0,83,191,California
Calaveras,2020-12-23,76,266,74,253,2,13,0,0,76,267,0,0,76,267,California
Calaveras,2020-12-24,2,268,2,255,0,13,0,0,2,269,0,0,2,269,California
Calaveras,2020-12-26,3,271,3,258,0,13,0,0,3,272,0,0,3,272,California
Calaveras,2020-12-27,1,272,1,259,0,13,0,0,1,273,0,0,1,273,California
Calaveras,2020-12-28,22,294,18,277,4,17,0,0,21,293,1,1,21,294,California
Calaveras,2020-12-29,160,454,138,415,22,39,0,0,160,453,0,1,160,454,California
Calaveras,2020-12-30,94,548,82,497,12,51,0,0,94,547,0,1,94,548,California
Calaveras,2020-12-31,37,585,26,523,11,62,0,0,37,584,0,1,37,585,California
Calaveras,2021-01-02,11,596,11,534,0,62,0,0,11,595,0,1,11,596,California
Calaveras,2021-01-03,10,606,4,538,6,68,0,0,10,605,0,1,10,606,California
Calaveras,2021-01-04,33,639,5,543,28,96,0,0,33,638,0,1,33,639,California
Calaveras,2021-01-05,41,680,10,553,31,127,0,0,32,666,9,10,37,676,California
Calaveras,2021-01-06,107,787,30,583,77,204,0,0,97,753,10,20,97,773,California
Calaveras,2021-01-07,106,893,26,609,80,284,0,0,93,836,11,31,94,867,California
Calaveras,2021-01-08,69,962,39,648,30,314,0,0,45,859,24,55,47,914,California
Calaveras,2021-01-09,5,967,5,653,0,314,0,0,2,858,3,58,2,916,California
Calaveras,2021-01-10,2,969,0,653,2,316,0,0,2,860,0,58,2,918,California
Calaveras,2021-01-11,66,1035,60,713,6,322,0,0,27,851,38,96,29,947,California
Calaveras,2021-01-12,87,1122,54,767,33,355,0,0,52,869,35,131,53,1000,California
Calaveras,2021-01-13,110,1232,46,813,64,419,0,0,75,910,35,166,76,1076,California
Calaveras,2021-01-14,144,1376,45,858,99,518,0,0,110,988,33,199,111,1187,California
Calaveras,2021-01-15,92,1468,28,886,64,582,0,0,72,1040,20,219,72,1259,California
Calaveras,2021-01-16,13,1481,2,888,11,593,0,0,12,1051,1,220,12,1271,California
Calaveras,2021-01-17,10,1491,2,890,8,601,0,0,9,1059,1,221,9,1280,California
Calaveras,2021-01-18,138,1629,21,911,117,718,0,0,122,1169,16,237,126,1406,California
Calaveras,2021-01-19,208,1837,177,1088,31,749,0,0,70,1104,137,374,72,1478,California
Calaveras,2021-01-20,380,2217,82,1170,298,1047,0,0,286,1315,93,467,304,1782,California
Calaveras,2021-01-21,468,2685,42,1212,426,1473,0,0,426,1717,42,509,444,2226,California
Calaveras,2021-01-22,406,3091,25,1237,381,1854,0,0,388,2101,18,527,402,2628,California
Calaveras,2021-01-23,19,3110,8,1245,11,1865,0,0,18,2118,1,528,18,2646,California
Calaveras,2021-01-24,14,3124,8,1253,6,1871,0,0,12,2128,2,530,12,2658,California
Calaveras,2021-01-25,88,3212,7,1260,81,1952,0,0,83,2206,5,535,83,2741,California
Calaveras,2021-01-26,49,3261,16,1276,33,1985,0,0,40,2237,9,544,40,2781,California
Calaveras,2021-01-27,140,3401,47,1323,93,2078,0,0,111,2320,28,572,111,2892,California
Calaveras,2021-01-28,165,3566,25,1348,140,2218,0,0,137,2435,28,600,143,3035,California
Calaveras,2021-01-29,398,3964,14,1362,384,2602,0,0,363,2779,35,635,379,3414,California
Calaveras,2021-01-30,27,3991,10,1372,17,2619,0,0,25,2804,0,635,25,3439,California
Calaveras,2021-01-31,6,3997,4,1376,2,2621,0,0,5,2808,1,636,5,3444,California
Calaveras,2021-02-01,31,4028,12,1388,19,2640,0,0,22,2821,9,645,22,3466,California
Calaveras,2021-02-02,113,4141,24,1412,89,2729,0,0,74,2862,34,679,75,3541,California
Calaveras,2021-02-03,445,4586,45,1457,400,3129,0,0,360,3140,84,763,362,3903,California
Calaveras,2021-02-04,391,4977,26,1483,365,3494,0,0,305,3362,86,849,308,4211,California
Calaveras,2021-02-05,81,5058,22,1505,59,3553,0,0,42,3366,39,888,43,4254,California
Calaveras,2021-02-06,22,5080,12,1517,10,3563,0,0,22,3388,0,888,22,4276,California
Calaveras,2021-02-07,6,5086,1,1518,5,3568,0,0,2,3388,2,890,2,4278,California
Calaveras,2021-02-08,41,5127,19,1537,22,3590,0,0,33,3415,6,896,33,4311,California
Calaveras,2021-02-09,195,5322,78,1615,117,3707,0,0,132,3487,61,957,133,4444,California
Calaveras,2021-02-10,518,5840,33,1648,485,4192,0,0,443,3864,75,1032,452,4896,California
Calaveras,2021-02-11,601,6441,91,1739,510,4702,0,0,480,4239,118,1150,493,5389,California
Calaveras,2021-02-12,577,7018,326,2065,251,4953,0,0,491,4656,84,1234,501,5890,California
Calaveras,2021-02-13,203,7221,45,2110,158,5111,0,0,188,4829,15,1249,188,6078,California
Calaveras,2021-02-14,224,7445,71,2181,153,5264,0,0,208,5023,14,1263,208,6286,California
Calaveras,2021-02-15,387,7832,25,2206,362,5626,0,0,263,5167,119,1382,263,6549,California
Calaveras,2021-02-16,269,8101,146,2352,123,5749,0,0,231,5363,38,1420,234,6783,California
Calaveras,2021-02-17,514,8615,40,2392,474,6223,0,0,204,5280,292,1712,209,6992,California
Calaveras,2021-02-18,504,9119,96,2488,408,6631,0,0,97,4995,383,2095,98,7090,California
Calaveras,2021-02-19,443,9562,43,2531,400,7031,0,0,99,4766,328,2423,99,7189,California
Calaveras,2021-02-20,58,9620,15,2546,43,7074,0,0,48,4804,10,2433,48,7237,California
Calaveras,2021-02-21,27,9647,16,2562,11,7085,0,0,20,4818,6,2439,20,7257,California
Calaveras,2021-02-22,63,9710,38,2600,25,7110,0,0,33,4821,30,2469,33,7290,California
Calaveras,2021-02-23,136,9846,49,2649,87,7197,0,0,95,4876,41,2510,96,7386,California
Calaveras,2021-02-24,99,9945,49,2698,50,7247,0,0,67,4912,31,2541,67,7453,California
Calaveras,2021-02-25,557,10502,104,2802,453,7700,0,0,355,5082,193,2734,363,7816,California
Calaveras,2021-02-26,784,11286,45,2847,739,8439,0,0,376,5077,383,3117,378,8194,California
Calaveras,2021-02-27,204,11490,25,2872,179,8618,0,0,179,5231,25,3142,179,8373,California
Calaveras,2021-02-28,95,11585,15,2887,80,8698,0,0,90,5316,5,3147,90,8463,California
Calaveras,2021-03-01,252,11837,48,2935,204,8902,0,0,154,5378,93,3240,155,8618,California
Calaveras,2021-03-02,262,12099,105,3040,157,9059,0,0,209,5539,50,3290,211,8829,California
Calaveras,2021-03-03,571,12670,110,3150,461,9520,0,0,218,5411,347,3637,219,9048,California
Calaveras,2021-03-04,755,13425,71,3221,683,10203,1,1,352,5371,394,4031,354,9402,California
Calaveras,2021-03-05,457,13882,272,3493,181,10384,4,5,142,5215,302,4333,146,9548,California
Calaveras,2021-03-06,154,14036,43,3536,105,10489,6,11,113,5294,41,4374,120,9668,California
Calaveras,2021-03-07,76,14112,32,3568,37,10526,7,18,35,5295,41,4415,42,9710,California
Calaveras,2021-03-08,166,14278,31,3599,127,10653,8,26,128,5395,36,4451,136,9846,California
Calaveras,2021-03-09,376,14654,143,3742,227,10880,6,32,33,5097,337,4788,39,9885,California
Calaveras,2021-03-10,432,15086,35,3777,394,11274,3,35,58,4795,363,5151,61,9946,California
Calaveras,2021-03-11,881,15967,441,4218,427,11701,13,48,436,4816,430,5581,451,10397,California
Calaveras,2021-03-12,429,16396,224,4442,195,11896,10,58,325,5058,102,5683,344,10741,California
Calaveras,2021-03-13,192,16588,19,4461,165,12061,8,66,139,5158,51,5734,151,10892,California
Calaveras,2021-03-14,162,16750,11,4472,150,12211,1,67,18,5039,144,5878,25,10917,California
Calaveras,2021-03-15,334,17084,50,4522,258,12469,26,93,53,4842,280,6158,83,11000,California
Calaveras,2021-03-16,699,17783,562,5084,117,12586,20,113,553,5271,144,6302,573,11573,California
Calaveras,2021-03-17,289,18072,53,5137,222,12808,14,127,52,5108,230,6532,67,11640,California
Calaveras,2021-03-18,671,18743,575,5712,80,12888,16,143,548,5552,123,6655,567,12207,California
Calaveras,2021-03-19,236,18979,51,5763,110,12998,75,218,59,5511,173,6828,132,12339,California
Calaveras,2021-03-20,81,19060,22,5785,58,13056,1,219,23,5478,58,6886,25,12364,California
Calaveras,2021-03-21,47,19107,29,5814,7,13063,11,230,9,5462,37,6923,21,12385,California
Calaveras,2021-03-22,83,19190,39,5853,23,13086,21,251,26,5452,57,6980,47,12432,California
Calaveras,2021-03-23,299,19489,205,6058,84,13170,10,261,118,5410,169,7149,127,12559,California
Calaveras,2021-03-24,136,19625,52,6110,74,13244,10,271,44,5374,90,7239,54,12613,California
Calaveras,2021-03-25,754,20379,109,6219,641,13885,4,275,451,5537,292,7531,455,13068,California
Calaveras,2021-03-26,436,20815,29,6248,400,14285,7,282,90,5296,340,7871,99,13167,California
Calaveras,2021-03-27,211,21026,21,6269,186,14471,4,286,38,5170,170,8041,44,13211,California
Calaveras,2021-03-28,111,21137,12,6281,96,14567,3,289,8,5080,102,8143,12,13223,California
Calaveras,2021-03-29,185,21322,23,6304,159,14726,3,292,59,5020,123,8266,63,13286,California
Calaveras,2021-03-30,541,21863,26,6330,498,15224,17,309,362,5221,178,8444,379,13665,California
Calaveras,2021-03-31,327,22190,143,6473,174,15398,10,319,158,5223,167,8611,169,13834,California
Calaveras,2021-04-01,694,22884,449,6922,244,15642,1,320,184,4906,506,9117,189,14023,California
Calaveras,2021-04-02,399,23283,234,7156,157,15799,8,328,116,4757,275,9392,126,14149,California
Calaveras,2021-04-03,143,23426,35,7191,104,15903,4,332,40,4698,103,9495,44,14193,California
Calaveras,2021-04-04,82,23508,26,7217,56,15959,0,332,50,4716,32,9527,50,14243,California
Calaveras,2021-04-05,211,23719,81,7298,120,16079,10,342,99,4713,112,9639,109,14352,California
Calaveras,2021-04-06,661,24380,581,7879,66,16145,14,356,115,4300,542,10181,129,14481,California
Calaveras,2021-04-07,762,25142,664,8543,61,16206,37,393,621,4819,140,10321,659,15140,California
Calaveras,2021-04-08,950,26092,857,9400,70,16276,23,416,433,4763,513,10834,457,15597,California
Calaveras,2021-04-09,159,26251,61,9461,49,16325,49,465,56,4768,99,10933,104,15701,California
Calaveras,2021-04-10,194,26445,42,9503,133,16458,19,484,148,4891,45,10978,168,15869,California
Calaveras,2021-04-11,70,26515,45,9548,23,16481,2,486,49,4921,21,10999,51,15920,California
Calaveras,2021-04-12,106,26621,46,9594,41,16522,19,505,56,4947,50,11049,76,15996,California
Calaveras,2021-04-13,427,27048,372,9966,55,16577,0,505,366,5255,60,11109,368,16364,California
Calaveras,2021-04-14,185,27233,28,9994,157,16734,0,505,135,5342,49,11158,136,16500,California
Calaveras,2021-04-15,335,27568,284,10278,51,16785,0,505,244,5500,86,11244,244,16744,California
Calaveras,2021-04-16,109,27677,32,10310,77,16862,0,505,50,5498,52,11296,50,16794,California
Calaveras,2021-04-17,334,28011,128,10438,206,17068,0,505,291,5746,43,11339,291,17085,California
Calaveras,2021-04-18,18,28029,5,10443,13,17081,0,505,11,5750,7,11346,11,17096,California
Calaveras,2021-04-19,76,28105,27,10470,49,17130,0,505,44,5764,31,11377,45,17141,California
Calaveras,2021-04-20,270,28375,93,10563,177,17307,0,505,197,5894,67,11444,197,17338,California
Calaveras,2021-04-21,217,28592,146,10709,71,17378,0,505,83,5846,132,11576,84,17422,California
Calaveras,2021-04-22,546,29138,97,10806,449,17827,0,505,143,5592,399,11975,145,17567,California
Calaveras,2021-04-23,162,29300,81,10887,81,17908,0,505,64,5561,95,12070,64,17631,California
Calaveras,2021-04-24,172,29472,37,10924,135,18043,0,505,129,5649,42,12112,130,17761,California
Calaveras,2021-04-25,43,29515,28,10952,15,18058,0,505,22,5652,21,12133,24,17785,California
Calaveras,2021-04-26,119,29634,74,11026,45,18103,0,505,35,5605,83,12216,36,17821,California
Calaveras,2021-04-27,446,30080,74,11100,359,18462,13,518,58,5292,384,12600,71,17892,California
Calaveras,2021-04-28,650,30730,580,11680,39,18501,31,549,55,4793,592,13192,93,17985,California
Calaveras,2021-04-29,519,31249,443,12123,57,18558,19,568,72,4444,444,13636,95,18080,California
Calaveras,2021-04-30,156,31405,62,12185,89,18647,5,573,71,4442,84,13720,82,18162,California
Calaveras,2021-05-01,203,31608,112,12297,88,18735,3,576,134,4516,67,13787,141,18303,California
Calaveras,2021-05-02,53,31661,36,12333,16,18751,1,577,20,4507,31,13818,22,18325,California
Calaveras,2021-05-03,94,31755,69,12402,20,18771,5,582,30,4483,63,13881,39,18364,California
Calaveras,2021-05-04,420,32175,330,12732,53,18824,37,619,44,4190,375,14256,82,18446,California
Calaveras,2021-05-05,113,32288,58,12790,23,18847,32,651,50,4210,61,14317,81,18527,California
Calaveras,2021-05-06,255,32543,193,12983,38,18885,24,675,47,4076,206,14523,72,18599,California
Calaveras,2021-05-07,89,32632,25,13008,58,18943,6,681,58,4109,31,14554,64,18663,California
Calaveras,2021-05-08,291,32923,142,13150,146,19089,3,684,90,4005,197,14751,93,18756,California
Calaveras,2021-05-09,28,32951,12,13162,13,19102,3,687,13,4006,15,14766,16,18772,California
Calaveras,2021-05-10,64,33015,29,13191,34,19136,1,688,28,4002,34,14800,30,18802,California
Calaveras,2021-05-11,136,33151,91,13282,33,19169,12,700,95,4070,40,14840,108,18910,California
Calaveras,2021-05-12,171,33322,49,13331,122,19291,0,700,53,4006,117,14957,53,18963,California
Calaveras,2021-05-13,121,33443,66,13397,40,19331,15,715,65,4033,54,15011,81,19044,California
Calaveras,2021-05-14,148,33591,92,13489,53,19384,3,718,99,4087,48,15059,102,19146,California
Calaveras,2021-05-15,268,33859,96,13585,169,19553,3,721,106,4040,156,15215,109,19255,California
Calaveras,2021-05-16,30,33889,12,13597,18,19571,0,721,14,4039,16,15231,15,19270,California
Calaveras,2021-05-17,90,33979,42,13639,41,19612,7,728,47,4052,42,15273,55,19325,California
Calaveras,2021-05-18,228,34207,62,13701,144,19756,22,750,73,3993,154,15427,95,19420,California
Calaveras,2021-05-19,151,34358,63,13764,84,19840,4,754,72,3992,78,15505,77,19497,California
Calaveras,2021-05-20,203,34561,80,13844,97,19937,26,780,66,3949,134,15639,91,19588,California
Calaveras,2021-05-21,97,34658,55,13899,38,19975,4,784,58,3972,38,15677,61,19649,California
Calaveras,2021-05-22,301,34959,160,14059,141,20116,0,784,148,3968,152,15829,148,19797,California
Calaveras,2021-05-23,31,34990,16,14075,15,20131,0,784,13,3963,18,15847,13,19810,California
Calaveras,2021-05-24,76,35066,40,14115,20,20151,16,800,32,3968,44,15891,49,19859,California
Calaveras,2021-05-25,125,35191,48,14163,60,20211,17,817,56,3972,69,15960,73,19932,California
Calaveras,2021-05-26,121,35312,87,14250,30,20241,4,821,83,4021,37,15997,86,20018,California
Calaveras,2021-05-27,86,35398,44,14294,38,20279,4,825,30,4003,53,16050,35,20053,California
Calaveras,2021-05-28,85,35483,44,14338,37,20316,4,829,39,4000,46,16096,43,20096,California
Calaveras,2021-05-29,69,35552,23,14361,41,20357,5,834,33,4003,36,16132,39,20135,California
Calaveras,2021-05-30,36,35588,14,14375,17,20374,5,839,11,3994,25,16157,16,20151,California
Calaveras,2021-05-31,5,35593,0,14375,3,20377,2,841,0,3991,5,16162,2,20153,California
Calaveras,2021-06-01,145,35738,97,14472,42,20419,6,847,44,3940,101,16263,50,20203,California
Calaveras,2021-06-02,86,35824,55,14527,27,20446,4,851,37,3932,49,16312,41,20244,California
Calaveras,2021-06-03,93,35917,55,14582,31,20477,7,858,42,3934,49,16361,51,20295,California
Calaveras,2021-06-04,139,36056,93,14675,34,20511,12,870,36,3879,103,16464,48,20343,California
Calaveras,2021-06-05,85,36141,28,14703,55,20566,2,872,34,3865,50,16514,36,20379,California
Calaveras,2021-06-06,40,36181,28,14731,9,20575,3,875,21,3870,19,16533,24,20403,California
Calaveras,2021-06-07,62,36243,45,14776,9,20584,8,883,25,3867,36,16569,33,20436,California
Calaveras,2021-06-08,125,36368,79,14855,39,20623,7,890,57,3865,66,16635,64,20500,California
Calaveras,2021-06-09,95,36463,51,14906,38,20661,6,896,30,3838,65,16700,38,20538,California
Calaveras,2021-06-10,119,36582,58,14964,52,20713,9,905,41,3812,76,16776,50,20588,California
Calaveras,2021-06-11,104,36686,59,15023,40,20753,5,910,33,3779,71,16847,38,20626,California
Calaveras,2021-06-12,63,36749,37,15060,24,20777,2,912,20,3759,43,16890,23,20649,California
Calaveras,2021-06-13,31,36780,18,15078,9,20786,4,916,8,3748,23,16913,12,20661,California
Calaveras,2021-06-14,59,36839,39,15117,16,20802,4,920,22,3739,37,16950,28,20689,California
Calaveras,2021-06-15,90,36929,55,15172,26,20828,9,929,23,3705,67,17017,33,20722,California
Calaveras,2021-06-16,179,37108,138,15310,27,20855,14,943,39,3619,139,17156,53,20775,California
Calaveras,2021-06-17,60,37168,32,15342,23,20878,5,948,24,3615,33,17189,29,20804,California
Calaveras,2021-06-18,60,37228,41,15383,15,20893,4,952,25,3609,35,17224,29,20833,California
Calaveras,2021-06-19,66,37294,23,15406,26,20919,17,969,23,3606,43,17267,40,20873,California
Calaveras,2021-06-20,6,37300,2,15408,3,20922,1,970,2,3605,4,17271,3,20876,California
Calaveras,2021-06-21,39,37339,15,15423,18,20940,6,976,24,3621,15,17286,31,20907,California
Calaveras,2021-06-22,63,37402,32,15455,29,20969,2,978,28,3619,33,17319,31,20938,California
Calaveras,2021-06-23,59,37461,34,15489,18,20987,7,985,25,3617,34,17353,32,20970,California
Calaveras,2021-06-24,62,37523,30,15519,30,21017,2,987,30,3617,32,17385,32,21002,California
Calaveras,2021-06-25,51,37574,31,15550,12,21029,8,995,21,3616,30,17415,29,21031,California
Calaveras,2021-06-26,33,37607,16,15566,15,21044,2,997,20,3626,13,17428,23,21054,California
Calaveras,2021-06-27,18,37625,16,15582,1,21045,1,998,8,3625,10,17438,9,21063,California
Calaveras,2021-06-28,42,37667,24,15606,13,21058,5,1003,18,3625,24,17462,24,21087,California
Calaveras,2021-06-29,53,37720,41,15647,9,21067,3,1006,22,3619,31,17493,25,21112,California
Calaveras,2021-06-30,39,37759,22,15669,9,21076,8,1014,18,3624,21,17514,26,21138,California
Calaveras,2021-07-01,37,37796,21,15690,11,21087,5,1019,17,3627,19,17533,22,21160,California
Calaveras,2021-07-02,39,37835,29,15719,8,21095,2,1021,23,3636,16,17549,25,21185,California
Calaveras,2021-07-03,21,37856,15,15734,5,21100,1,1022,11,3638,10,17559,12,21197,California
Calaveras,2021-07-04,3,37859,1,15735,2,21102,0,1022,3,3641,0,17559,3,21200,California
Colusa,2020-12-18,1,1,1,1,0,0,0,0,1,1,0,0,1,1,California
Colusa,2020-12-21,2,3,2,3,0,0,0,0,2,3,0,0,2,3,California
Colusa,2020-12-22,10,13,10,13,0,0,0,0,10,13,0,0,10,13,California
Colusa,2020-12-23,10,23,10,23,0,0,0,0,10,23,0,0,10,23,California
Colusa,2020-12-24,2,25,1,24,1,1,0,0,2,25,0,0,2,25,California
Colusa,2020-12-27,1,26,1,25,0,1,0,0,1,26,0,0,1,26,California
Colusa,2020-12-28,7,33,3,28,4,5,0,0,7,33,0,0,7,33,California
Colusa,2020-12-29,10,43,8,36,2,7,0,0,10,43,0,0,10,43,California
Colusa,2020-12-30,51,94,14,50,37,44,0,0,51,94,0,0,51,94,California
Colusa,2020-12-31,18,112,1,51,17,61,0,0,18,112,0,0,18,112,California
Colusa,2021-01-04,3,115,0,51,3,64,0,0,3,115,0,0,3,115,California
Colusa,2021-01-05,68,183,1,52,67,131,0,0,68,183,0,0,68,183,California
Colusa,2021-01-06,15,198,9,61,6,137,0,0,15,198,0,0,15,198,California
Colusa,2021-01-07,40,238,5,66,35,172,0,0,39,236,1,1,39,237,California
Colusa,2021-01-08,9,247,7,73,2,174,0,0,8,243,1,2,8,245,California
Colusa,2021-01-09,2,249,1,74,1,175,0,0,2,245,0,2,2,247,California
Colusa,2021-01-10,1,250,0,74,1,176,0,0,1,246,0,2,1,248,California
Colusa,2021-01-11,12,262,6,80,6,182,0,0,7,248,5,7,7,255,California
Colusa,2021-01-12,11,273,9,89,2,184,0,0,6,249,5,12,6,261,California
Colusa,2021-01-13,21,294,13,102,8,192,0,0,13,254,8,20,13,274,California
Colusa,2021-01-14,36,330,29,131,7,199,0,0,34,286,2,22,34,308,California
Colusa,2021-01-15,42,372,5,136,37,236,0,0,40,324,2,24,40,348,California
Colusa,2021-01-16,12,384,1,137,11,247,0,0,11,334,1,25,11,359,California
Colusa,2021-01-17,3,387,2,139,1,248,0,0,2,335,1,26,2,361,California
Colusa,2021-01-18,4,391,0,139,4,252,0,0,4,339,0,26,4,365,California
Colusa,2021-01-19,9,400,8,147,1,253,0,0,5,340,4,30,5,370,California
Colusa,2021-01-20,115,515,101,248,14,267,0,0,101,427,14,44,101,471,California
Colusa,2021-01-21,59,574,44,292,15,282,0,0,58,484,1,45,58,529,California
Colusa,2021-01-22,40,614,17,309,23,305,0,0,35,514,5,50,35,564,California
Colusa,2021-01-23,35,649,6,315,29,334,0,0,35,549,0,50,35,599,California
Colusa,2021-01-25,7,656,0,315,7,341,0,0,7,556,0,50,7,606,California
Colusa,2021-01-26,8,664,5,320,3,344,0,0,5,558,3,53,5,611,California
Colusa,2021-01-27,110,774,31,351,79,423,0,0,108,664,2,55,108,719,California
Colusa,2021-01-28,83,857,48,399,35,458,0,0,74,729,9,64,74,793,California
Colusa,2021-01-29,42,899,7,406,35,493,0,0,41,769,1,65,41,834,California
Colusa,2021-01-30,27,926,4,410,23,516,0,0,27,796,0,65,27,861,California
Colusa,2021-01-31,7,933,7,417,0,516,0,0,7,803,0,65,7,868,California
Colusa,2021-02-01,27,960,10,427,17,533,0,0,22,820,5,70,22,890,California
Colusa,2021-02-02,42,1002,8,435,34,567,0,0,36,850,6,76,36,926,California
Colusa,2021-02-03,72,1074,10,445,62,629,0,0,60,898,12,88,60,986,California
Colusa,2021-02-04,143,1217,81,526,62,691,0,0,114,983,29,117,114,1100,California
Colusa,2021-02-05,32,1249,8,534,24,715,0,0,29,1009,3,120,29,1129,California
Colusa,2021-02-06,285,1534,9,543,276,991,0,0,274,1272,11,131,274,1403,California
Colusa,2021-02-07,2,1536,1,544,1,992,0,0,0,1270,2,133,0,1403,California
Colusa,2021-02-08,40,1576,5,549,35,1027,0,0,37,1304,3,136,37,1440,California
Colusa,2021-02-09,231,1807,14,563,217,1244,0,0,176,1425,55,191,176,1616,California
Colusa,2021-02-10,118,1925,42,605,76,1320,0,0,74,1455,44,235,74,1690,California
Colusa,2021-02-11,107,2032,44,649,63,1383,0,0,80,1508,27,262,80,1770,California
Colusa,2021-02-12,117,2149,9,658,108,1491,0,0,78,1546,40,302,78,1848,California
Colusa,2021-02-13,60,2209,8,666,52,1543,0,0,52,1590,8,310,52,1900,California
Colusa,2021-02-14,21,2230,8,674,13,1556,0,0,15,1599,6,316,15,1915,California
Colusa,2021-02-15,46,2276,10,684,36,1592,0,0,39,1631,7,323,39,1954,California
Colusa,2021-02-16,69,2345,4,688,65,1657,0,0,68,1698,1,324,68,2022,California
Colusa,2021-02-17,209,2554,143,831,66,1723,0,0,62,1613,147,471,62,2084,California
Colusa,2021-02-18,139,2693,39,870,100,1823,0,0,116,1706,23,494,116,2200,California
Colusa,2021-02-19,157,2850,19,889,138,1961,0,0,131,1811,26,520,131,2331,California
Colusa,2021-02-20,32,2882,6,895,26,1987,0,0,13,1805,19,539,13,2344,California
Colusa,2021-02-21,4,2886,2,897,2,1989,0,0,2,1805,2,541,2,2346,California
Colusa,2021-02-22,45,2931,27,924,18,2007,0,0,30,1820,15,556,30,2376,California
Colusa,2021-02-23,21,2952,6,930,15,2022,0,0,17,1833,4,560,17,2393,California
Colusa,2021-02-24,306,3258,54,984,252,2274,0,0,159,1845,147,707,159,2552,California
Colusa,2021-02-25,112,3370,64,1048,48,2322,0,0,76,1885,36,743,76,2628,California
Colusa,2021-02-26,99,3469,14,1062,85,2407,0,0,60,1906,39,782,60,2688,California
Colusa,2021-02-27,57,3526,4,1066,53,2460,0,0,42,1933,15,797,42,2730,California
Colusa,2021-02-28,27,3553,15,1081,12,2472,0,0,18,1942,9,806,18,2748,California
Colusa,2021-03-01,46,3599,15,1096,31,2503,0,0,29,1954,17,823,29,2777,California
Colusa,2021-03-02,50,3649,13,1109,37,2540,0,0,26,1956,24,847,26,2803,California
Colusa,2021-03-03,253,3902,46,1155,207,2747,0,0,193,2089,60,907,193,2996,California
Colusa,2021-03-04,147,4049,60,1215,87,2834,0,0,77,2096,70,977,77,3073,California
Colusa,2021-03-05,111,4160,25,1240,77,2911,9,9,54,2102,57,1034,63,3136,California
Colusa,2021-03-06,276,4436,9,1249,267,3178,0,9,39,1904,237,1271,39,3175,California
Colusa,2021-03-07,8,4444,5,1254,3,3181,0,9,6,1908,2,1273,6,3181,California
Colusa,2021-03-08,107,4551,22,1276,50,3231,35,44,48,1933,58,1331,83,3264,California
Colusa,2021-03-09,288,4839,74,1350,191,3422,23,67,94,1856,194,1525,117,3381,California
Colusa,2021-03-10,310,5149,38,1388,236,3658,36,103,211,2004,99,1624,247,3628,California
Colusa,2021-03-11,437,5586,63,1451,353,4011,21,124,340,2266,97,1721,359,3987,California
Colusa,2021-03-12,111,5697,18,1469,80,4091,13,137,20,2208,91,1812,33,4020,California
Colusa,2021-03-13,68,5765,16,1485,43,4134,9,146,21,2191,47,1859,30,4050,California
Colusa,2021-03-14,21,5786,0,1485,19,4153,2,148,5,2183,15,1874,7,4057,California
Colusa,2021-03-15,80,5866,27,1512,45,4198,8,156,23,2157,57,1931,31,4088,California
Colusa,2021-03-16,298,6164,16,1528,236,4434,46,202,189,2283,109,2040,235,4323,California
Colusa,2021-03-17,195,6359,49,1577,146,4580,0,202,106,2300,89,2129,106,4429,California
Colusa,2021-03-18,326,6685,39,1616,216,4796,71,273,194,2434,132,2261,266,4695,California
Colusa,2021-03-19,80,6765,20,1636,58,4854,2,275,53,2462,27,2288,55,4750,California
Colusa,2021-03-20,51,6816,8,1644,42,4896,1,276,37,2486,14,2302,38,4788,California
Colusa,2021-03-21,6,6822,4,1648,2,4898,0,276,1,2482,5,2307,1,4789,California
Colusa,2021-03-22,62,6884,10,1658,43,4941,9,285,40,2509,22,2329,49,4838,California
Colusa,2021-03-23,82,6966,16,1674,64,5005,2,287,56,2541,26,2355,58,4896,California
Colusa,2021-03-24,339,7305,57,1731,276,5281,6,293,65,2337,274,2629,70,4966,California
Colusa,2021-03-25,110,7415,61,1792,44,5325,5,298,52,2336,58,2687,57,5023,California
Colusa,2021-03-26,300,7715,47,1839,249,5574,4,302,247,2534,53,2740,251,5274,California
Colusa,2021-03-27,63,7778,5,1844,58,5632,0,302,24,2519,39,2779,24,5298,California
Colusa,2021-03-28,16,7794,7,1851,9,5641,0,302,7,2517,9,2788,7,5305,California
Colusa,2021-03-29,72,7866,20,1871,46,5687,6,308,31,2513,41,2829,37,5342,California
Colusa,2021-03-30,151,8017,82,1953,67,5754,2,310,72,2508,79,2908,74,5416,California
Colusa,2021-03-31,234,8251,41,1994,193,5947,0,310,66,2407,167,3075,66,5482,California
Colusa,2021-04-01,434,8685,72,2066,307,6254,55,365,308,2644,125,3200,362,5844,California
Colusa,2021-04-02,82,8767,14,2080,54,6308,14,379,38,2652,44,3244,52,5896,California
Colusa,2021-04-03,62,8829,10,2090,29,6337,23,402,14,2640,48,3292,36,5932,California
Colusa,2021-04-04,18,8847,0,2090,8,6345,10,412,3,2638,15,3307,13,5945,California
Colusa,2021-04-05,96,8943,26,2116,54,6399,16,428,34,2626,62,3369,50,5995,California
Colusa,2021-04-06,130,9073,35,2151,45,6444,50,478,35,2616,95,3464,85,6080,California
Colusa,2021-04-07,357,9430,42,2193,292,6736,23,501,125,2534,231,3695,149,6229,California
Colusa,2021-04-08,429,9859,34,2227,367,7103,28,529,117,2370,309,4004,145,6374,California
Colusa,2021-04-09,77,9936,21,2248,32,7135,24,553,28,2373,49,4053,52,6426,California
Colusa,2021-04-10,45,9981,10,2258,14,7149,21,574,8,2365,37,4090,29,6455,California
Colusa,2021-04-11,16,9997,3,2261,11,7160,2,576,8,2367,8,4098,10,6465,California
Colusa,2021-04-12,32,10029,3,2264,29,7189,0,576,15,2365,17,4115,15,6480,California
Colusa,2021-04-13,280,10309,23,2287,257,7446,0,576,95,2276,184,4299,95,6575,California
Colusa,2021-04-14,97,10406,20,2307,77,7523,0,576,35,2249,62,4361,35,6610,California
Colusa,2021-04-15,325,10731,48,2355,277,7800,0,576,131,2186,194,4555,131,6741,California
Colusa,2021-04-16,81,10812,11,2366,70,7870,0,576,35,2176,45,4600,35,6776,California
Colusa,2021-04-17,53,10865,7,2373,46,7916,0,576,30,2183,23,4623,30,6806,California
Colusa,2021-04-18,9,10874,2,2375,7,7923,0,576,7,2188,2,4625,7,6813,California
Colusa,2021-04-19,61,10935,21,2396,40,7963,0,576,17,2161,44,4669,17,6830,California
Colusa,2021-04-20,189,11124,38,2434,151,8114,0,576,134,2240,55,4724,134,6964,California
Colusa,2021-04-21,178,11302,68,2502,110,8224,0,576,110,2282,68,4792,110,7074,California
Colusa,2021-04-22,425,11727,27,2529,397,8621,1,577,221,2300,203,4995,221,7295,California
Colusa,2021-04-23,96,11823,21,2550,75,8696,0,577,37,2278,59,5054,37,7332,California
Colusa,2021-04-24,241,12064,19,2569,221,8917,1,578,210,2457,31,5085,210,7542,California
Colusa,2021-04-25,12,12076,6,2575,6,8923,0,578,8,2461,4,5089,8,7550,California
Colusa,2021-04-26,25,12101,5,2580,19,8942,1,579,6,2449,18,5107,6,7556,California
Colusa,2021-04-27,97,12198,25,2605,68,9010,4,583,44,2444,53,5160,48,7604,California
Colusa,2021-04-28,196,12394,33,2638,160,9170,3,586,144,2540,51,5211,147,7751,California
Colusa,2021-04-29,319,12713,29,2667,286,9456,4,590,48,2323,269,5480,52,7803,California
Colusa,2021-04-30,69,12782,22,2689,47,9503,0,590,45,2344,24,5504,45,7848,California
Colusa,2021-05-01,19,12801,8,2697,8,9511,3,593,9,2346,10,5514,12,7860,California
Colusa,2021-05-02,4,12805,1,2698,2,9513,1,594,2,2347,2,5516,3,7863,California
Colusa,2021-05-03,31,12836,7,2705,24,9537,0,594,15,2346,16,5532,15,7878,California
Colusa,2021-05-04,99,12935,55,2760,43,9580,1,595,69,2386,30,5562,70,7948,California
Colusa,2021-05-05,84,13019,21,2781,62,9642,1,596,35,2373,49,5611,36,7984,California
Colusa,2021-05-06,254,13273,16,2797,236,9878,2,598,111,2343,143,5754,113,8097,California
Colusa,2021-05-07,66,13339,4,2801,58,9936,4,602,30,2341,36,5790,34,8131,California
Colusa,2021-05-08,18,13357,6,2807,12,9948,0,602,9,2341,9,5799,9,8140,California
Colusa,2021-05-09,13,13370,5,2812,5,9953,3,605,6,2343,7,5806,9,8149,California
Colusa,2021-05-10,25,13395,6,2818,19,9972,0,605,8,2334,17,5823,8,8157,California
Colusa,2021-05-11,93,13488,34,2852,59,10031,0,605,48,2337,45,5868,48,8205,California
Colusa,2021-05-12,78,13566,32,2884,42,10073,4,609,21,2305,57,5925,25,8230,California
Colusa,2021-05-13,249,13815,24,2908,224,10297,1,610,80,2217,169,6094,81,8311,California
Colusa,2021-05-14,95,13910,18,2926,62,10359,15,625,33,2204,61,6155,48,8359,California
Colusa,2021-05-15,41,13951,10,2936,29,10388,2,627,21,2207,20,6175,23,8382,California
Colusa,2021-05-16,24,13975,8,2944,9,10397,7,634,11,2212,13,6188,18,8400,California
Colusa,2021-05-17,25,14000,5,2949,18,10415,2,636,13,2215,12,6200,15,8415,California
Colusa,2021-05-18,104,14104,27,2976,75,10490,2,638,46,2205,58,6258,48,8463,California
Colusa,2021-05-19,222,14326,44,3020,158,10648,20,658,66,2135,156,6414,86,8549,California
Colusa,2021-05-20,282,14608,34,3054,244,10892,4,662,68,1993,214,6628,72,8621,California
Colusa,2021-05-21,70,14678,24,3078,44,10936,2,664,34,1993,36,6664,36,8657,California
Colusa,2021-05-22,222,14900,24,3102,197,11133,1,665,34,1840,188,6852,35,8692,California
Colusa,2021-05-23,19,14919,8,3110,7,11140,4,669,5,1835,14,6866,9,8701,California
Colusa,2021-05-24,26,14945,3,3113,18,11158,5,674,15,1844,11,6877,20,8721,California
Colusa,2021-05-25,135,15080,75,3188,58,11216,2,676,52,1815,83,6960,54,8775,California
Colusa,2021-05-26,72,15152,25,3213,47,11263,0,676,32,1807,40,7000,32,8807,California
Colusa,2021-05-27,171,15323,17,3230,154,11417,0,676,54,1744,117,7117,54,8861,California
Colusa,2021-05-28,79,15402,25,3255,53,11470,1,677,40,1746,39,7156,41,8902,California
Colusa,2021-05-29,40,15442,18,3273,18,11488,4,681,29,1768,11,7167,33,8935,California
Colusa,2021-05-30,8,15450,1,3274,2,11490,5,686,1,1767,7,7174,6,8941,California
Colusa,2021-05-31,4,15454,0,3274,4,11494,0,686,1,1765,3,7177,1,8942,California
Colusa,2021-06-01,49,15503,15,3289,33,11527,1,687,25,1767,24,7201,26,8968,California
Colusa,2021-06-02,146,15649,20,3309,124,11651,2,689,51,1726,94,7295,53,9021,California
Colusa,2021-06-03,63,15712,20,3329,42,11693,1,690,26,1719,34,7329,27,9048,California
Colusa,2021-06-04,61,15773,19,3348,38,11731,4,694,22,1706,39,7368,26,9074,California
Colusa,2021-06-05,35,15808,16,3364,18,11749,1,695,17,1706,18,7386,18,9092,California
Colusa,2021-06-06,11,15819,6,3370,4,11753,1,696,6,1708,5,7391,7,9099,California
Colusa,2021-06-07,23,15842,6,3376,17,11770,0,696,10,1705,13,7404,10,9109,California
Colusa,2021-06-08,75,15917,21,3397,54,11824,0,696,29,1688,46,7450,29,9138,California
Colusa,2021-06-09,71,15988,41,3438,30,11854,0,696,28,1673,43,7493,28,9166,California
Colusa,2021-06-10,58,16046,23,3461,31,11885,4,700,14,1647,44,7537,18,9184,California
Colusa,2021-06-11,57,16103,30,3491,27,11912,0,700,26,1642,31,7568,26,9210,California
Colusa,2021-06-12,37,16140,23,3514,14,11926,0,700,9,1623,28,7596,9,9219,California
Colusa,2021-06-13,10,16150,3,3517,5,11931,2,702,2,1619,8,7604,4,9223,California
Colusa,2021-06-14,19,16169,9,3526,10,11941,0,702,7,1614,12,7616,7,9230,California
Colusa,2021-06-15,75,16244,36,3562,38,11979,1,703,19,1578,56,7672,20,9250,California
Colusa,2021-06-16,55,16299,15,3577,39,12018,1,704,15,1554,40,7712,16,9266,California
Colusa,2021-06-17,116,16415,10,3587,105,12123,1,705,17,1473,99,7811,18,9284,California
Colusa,2021-06-18,63,16478,32,3619,27,12150,4,709,25,1464,38,7849,29,9313,California
Colusa,2021-06-19,26,16504,21,3640,4,12154,1,710,6,1451,20,7869,7,9320,California
Colusa,2021-06-20,9,16513,6,3646,3,12157,0,710,7,1456,2,7871,7,9327,California
Colusa,2021-06-21,20,16533,3,3649,16,12173,1,711,8,1453,12,7883,9,9336,California
Colusa,2021-06-22,67,16600,28,3677,34,12207,5,716,29,1450,37,7920,34,9370,California
Colusa,2021-06-23,50,16650,27,3704,22,12229,1,717,21,1443,29,7949,22,9392,California
Colusa,2021-06-24,60,16710,27,3731,31,12260,2,719,22,1429,38,7987,24,9416,California
Colusa,2021-06-25,41,16751,16,3747,25,12285,0,719,25,1438,16,8003,25,9441,California
Colusa,2021-06-26,18,16769,13,3760,5,12290,0,719,5,1430,13,8016,5,9446,California
Colusa,2021-06-27,7,16776,4,3764,3,12293,0,719,5,1433,2,8018,5,9451,California
Colusa,2021-06-28,8,16784,1,3765,6,12299,1,720,5,1436,3,8021,6,9457,California
Colusa,2021-06-29,42,16826,18,3783,20,12319,4,724,18,1435,23,8044,22,9479,California
Colusa,2021-06-30,77,16903,38,3821,38,12357,1,725,28,1416,49,8093,30,9509,California
Colusa,2021-07-01,43,16946,23,3844,19,12376,1,726,17,1408,26,8119,18,9527,California
Colusa,2021-07-02,48,16994,27,3871,21,12397,0,726,25,1410,23,8142,25,9552,California
Colusa,2021-07-03,21,17015,8,3879,13,12410,0,726,11,1411,10,8152,11,9563,California
Colusa,2021-07-04,3,17018,2,3881,1,12411,0,726,1,1410,2,8154,1,9564,California
Contra Costa,2020-12-15,19,19,19,19,0,0,0,0,19,19,0,0,19,19,California
Contra Costa,2020-12-16,524,543,524,543,0,0,0,0,524,543,0,0,524,543,California
Contra Costa,2020-12-17,1049,1592,1049,1592,0,0,0,0,1049,1592,0,0,1049,1592,California
Contra Costa,2020-12-18,1764,3356,1762,3354,2,2,0,0,1764,3356,0,0,1764,3356,California
Contra Costa,2020-12-19,1117,4473,1116,4470,1,3,0,0,1117,4473,0,0,1117,4473,California
Contra Costa,2020-12-20,600,5073,599,5069,1,4,0,0,600,5073,0,0,600,5073,California
Contra Costa,2020-12-21,1671,6744,1668,6737,3,7,0,0,1671,6744,0,0,1671,6744,California
Contra Costa,2020-12-22,1678,8422,1571,8308,107,114,0,0,1678,8422,0,0,1678,8422,California
Contra Costa,2020-12-23,1632,10054,1380,9688,252,366,0,0,1632,10054,0,0,1632,10054,California
Contra Costa,2020-12-24,656,10710,335,10023,321,687,0,0,656,10710,0,0,656,10710,California
Contra Costa,2020-12-25,41,10751,19,10042,22,709,0,0,41,10751,0,0,41,10751,California
Contra Costa,2020-12-26,652,11403,134,10176,518,1227,0,0,652,11403,0,0,652,11403,California
Contra Costa,2020-12-27,243,11646,87,10263,156,1383,0,0,243,11646,0,0,243,11646,California
Contra Costa,2020-12-28,1850,13496,871,11134,979,2362,0,0,1850,13496,0,0,1850,13496,California
Contra Costa,2020-12-29,1851,15347,827,11961,1024,3386,0,0,1851,15347,0,0,1851,15347,California
Contra Costa,2020-12-30,2415,17762,1219,13180,1196,4582,0,0,2413,17759,2,2,2414,17761,California
Contra Costa,2020-12-31,928,18690,309,13489,619,5201,0,0,927,18686,0,2,927,18688,California
Contra Costa,2021-01-01,68,18758,24,13513,44,5245,0,0,68,18754,0,2,68,18756,California
Contra Costa,2021-01-02,347,19105,179,13692,168,5413,0,0,347,19101,0,2,347,19103,California
Contra Costa,2021-01-03,182,19287,123,13815,59,5472,0,0,181,19282,0,2,181,19284,California
Contra Costa,2021-01-04,1907,21194,1249,15064,658,6130,0,0,1887,21151,18,20,1887,21171,California
Contra Costa,2021-01-05,2113,23307,1264,16328,849,6979,0,0,1827,22694,285,305,1828,22999,California
Contra Costa,2021-01-06,3304,26611,2268,18596,1036,8015,0,0,2488,24375,810,1115,2491,25490,California
Contra Costa,2021-01-07,3123,29734,2086,20682,1037,9052,0,0,1800,24855,1320,2435,1800,27290,California
Contra Costa,2021-01-08,3421,33155,2413,23095,1008,10060,0,0,1766,24974,1650,4085,1769,29059,California
Contra Costa,2021-01-09,1597,34752,1142,24237,455,10515,0,0,736,24852,860,4945,738,29797,California
Contra Costa,2021-01-10,370,35122,295,24532,75,10590,0,0,153,24788,217,5162,153,29950,California
Contra Costa,2021-01-11,3858,38980,3161,27693,697,11287,0,0,2229,25391,1629,6791,2232,32182,California
Contra Costa,2021-01-12,3960,42940,2970,30663,990,12277,0,0,2605,26645,1354,8145,2608,34790,California
Contra Costa,2021-01-13,4806,47746,3000,33663,1806,14083,0,0,3831,29506,971,9116,3832,38622,California
Contra Costa,2021-01-14,4334,52080,1572,35235,2762,16845,0,0,3946,33064,388,9504,3946,42568,California
Contra Costa,2021-01-15,5369,57449,2475,37710,2894,19739,0,0,5039,37778,329,9833,5043,47611,California
Contra Costa,2021-01-16,1751,59200,565,38275,1186,20925,0,0,1674,39375,77,9910,1674,49285,California
Contra Costa,2021-01-17,1671,60871,984,39259,687,21612,0,0,1550,40807,121,10031,1553,50838,California
Contra Costa,2021-01-18,3237,64108,1283,40542,1954,23566,0,0,2603,42783,628,10659,2604,53442,California
Contra Costa,2021-01-19,7086,71194,3171,43713,3915,27481,0,0,6074,47855,1007,11666,6079,59521,California
Contra Costa,2021-01-20,6914,78108,4315,48028,2599,30080,0,0,5663,52276,1247,12913,5668,65189,California
Contra Costa,2021-01-21,7097,85205,3156,51184,3941,34021,0,0,6362,57917,729,13642,6370,71559,California
Contra Costa,2021-01-22,6466,91671,2762,53946,3704,37725,0,0,5595,62653,862,14504,5598,77157,California
Contra Costa,2021-01-23,2057,93728,358,54304,1699,39424,0,0,1790,64180,265,14769,1792,78949,California
Contra Costa,2021-01-24,1593,95321,219,54523,1374,40798,0,0,1445,65481,148,14917,1449,80398,California
Contra Costa,2021-01-25,6728,102049,3057,57580,3671,44469,0,0,5131,69024,1592,16509,5135,85533,California
Contra Costa,2021-01-26,8195,110244,4732,62312,3463,47932,0,0,6312,73467,1875,18384,6318,91851,California
Contra Costa,2021-01-27,8248,118492,5441,67753,2807,50739,0,0,6383,78001,1853,20237,6387,98238,California
Contra Costa,2021-01-28,7514,126006,4108,71861,3406,54145,0,0,5885,82267,1623,21860,5889,104127,California
Contra Costa,2021-01-29,7539,133545,3917,75778,3622,57767,0,0,6206,87148,1327,23187,6208,110335,California
Contra Costa,2021-01-30,2152,135697,650,76428,1502,59269,0,0,1747,88498,397,23584,1747,112082,California
Contra Costa,2021-01-31,664,136361,433,76861,231,59500,0,0,569,88975,92,23676,569,112651,California
Contra Costa,2021-02-01,5871,142232,4079,80940,1792,61292,0,0,3956,91028,1907,25583,3960,116611,California
Contra Costa,2021-02-02,7648,149880,5120,86060,2528,63820,0,0,5930,95243,1716,27299,5931,122542,California
Contra Costa,2021-02-03,8341,158221,5503,91563,2838,66658,0,0,5630,98174,2700,29999,5631,128173,California
Contra Costa,2021-02-04,7524,165745,3599,95162,3925,70583,0,0,5750,102157,1771,31770,5754,133927,California
Contra Costa,2021-02-05,8487,174232,4839,100001,3648,74231,0,0,5770,105217,2710,34480,5770,139697,California
Contra Costa,2021-02-06,3495,177727,2168,102169,1327,75558,0,0,2837,107398,657,35137,2838,142535,California
Contra Costa,2021-02-07,995,178722,722,102891,273,75831,0,0,606,107616,388,35525,606,143141,California
Contra Costa,2021-02-08,5910,184632,3515,106406,2395,78226,0,0,4403,110520,1500,37025,4404,147545,California
Contra Costa,2021-02-09,8717,193349,4811,111217,3906,82132,0,0,5787,113386,2922,39947,5788,153333,California
Contra Costa,2021-02-10,8719,202068,4684,115901,4035,86167,0,0,5343,115373,3360,43307,5347,158680,California
Contra Costa,2021-02-11,9410,211478,4254,120155,5156,91323,0,0,5181,116337,4222,47529,5186,163866,California
Contra Costa,2021-02-12,10201,221679,4676,124831,5525,96848,0,0,5491,117129,4702,52231,5494,169360,California
Contra Costa,2021-02-13,4945,226624,1391,126222,3554,100402,0,0,3436,119062,1505,53736,3438,172798,California
Contra Costa,2021-02-14,2114,228738,873,127095,1241,101643,0,0,1227,119405,884,54620,1227,174025,California
Contra Costa,2021-02-15,4520,233258,2498,129593,2022,103665,0,0,2345,119586,2165,56785,2346,176371,California
Contra Costa,2021-02-16,10498,243756,4962,134555,5536,109201,0,0,4672,118446,5816,62601,4676,181047,California
Contra Costa,2021-02-17,12399,256155,6218,140773,6181,115382,0,0,5668,117401,6714,69315,5669,186716,California
Contra Costa,2021-02-18,11607,267762,6015,146788,5592,120974,0,0,5365,116540,6228,75543,5367,192083,California
Contra Costa,2021-02-19,11627,279389,7245,154033,4382,125356,0,0,5245,115423,6364,81907,5247,197330,California
Contra Costa,2021-02-20,6619,286008,2994,157027,3625,128981,0,0,4657,118140,1944,83851,4661,201991,California
Contra Costa,2021-02-21,2360,288368,1768,158795,592,129573,0,0,1581,118943,778,84629,1581,203572,California
Contra Costa,2021-02-22,7951,296319,5388,164183,2563,132136,0,0,3646,118304,4288,88917,3649,207221,California
Contra Costa,2021-02-23,12430,308749,7653,171836,4777,136913,0,0,6259,118418,6153,95070,6267,213488,California
Contra Costa,2021-02-24,10876,319625,7979,179815,2897,139810,0,0,5275,118115,5578,100648,5275,218763,California
Contra Costa,2021-02-25,11949,331574,7581,187396,4368,144178,0,0,5549,117295,6376,107024,5556,224319,California
Contra Costa,2021-02-26,11167,342741,7046,194442,4121,148299,0,0,5525,117195,5627,112651,5527,229846,California
Contra Costa,2021-02-27,6923,349664,4459,198901,2464,150763,0,0,4343,118968,2572,115223,4345,234191,California
Contra Costa,2021-02-28,4349,354013,3606,202507,742,151505,1,1,3669,121962,677,115900,3671,237862,California
Contra Costa,2021-03-01,8727,362740,6598,209105,2122,153627,7,8,5373,124006,3339,119239,5383,243245,California
Contra Costa,2021-03-02,10752,373492,6881,215986,3870,157497,1,9,5769,124811,4966,124205,5771,249016,California
Contra Costa,2021-03-03,11444,384936,7206,223192,4237,161734,1,10,6464,126315,4962,129167,6466,255482,California
Contra Costa,2021-03-04,12011,396947,7186,230378,4823,166557,2,12,6255,126834,5738,134905,6257,261739,California
Contra Costa,2021-03-05,11519,408466,6925,237303,4587,171144,7,19,6618,128577,4883,139788,6626,268365,California
Contra Costa,2021-03-06,7523,415989,4218,241521,2994,174138,311,330,4925,131227,2583,142371,5233,273598,California
Contra Costa,2021-03-07,3864,419853,2467,243988,1333,175471,64,394,3173,133774,689,143060,3236,276834,California
Contra Costa,2021-03-08,8266,428119,3939,247927,4020,179491,307,701,5549,136928,2705,145765,5859,282693,California
Contra Costa,2021-03-09,11219,439338,5947,253874,4975,184466,297,998,5867,137756,5339,151104,6167,288860,California
Contra Costa,2021-03-10,12497,451835,6243,260117,4755,189221,1499,2497,5685,138129,6798,157902,7171,296031,California
Contra Costa,2021-03-11,12548,464383,6607,266724,5373,194594,568,3065,6399,138967,6123,164025,6961,302992,California
Contra Costa,2021-03-12,12702,477085,5234,271958,6898,201492,570,3635,6309,139471,6370,170395,6874,309866,California
Contra Costa,2021-03-13,7911,484996,3179,275137,4298,205790,434,4069,3112,138232,4778,175173,3539,313405,California
Contra Costa,2021-03-14,4448,489444,2632,277769,1329,207119,487,4556,1689,137657,2750,177923,2175,315580,California
Contra Costa,2021-03-15,9538,498982,5180,282949,3594,210713,764,5320,4678,138256,4839,182762,5438,321018,California
Contra Costa,2021-03-16,14438,513420,8607,291556,5421,216134,410,5730,7094,138439,7319,190081,7502,328520,California
Contra Costa,2021-03-17,15189,528609,10501,302057,4464,220598,224,5954,8478,140463,6684,196765,8708,337228,California
Contra Costa,2021-03-18,15538,544147,8679,310736,6378,226976,481,6435,8576,142594,6924,203689,9055,346283,California
Contra Costa,2021-03-19,15762,559909,9120,319856,5229,232205,1413,7848,8167,144599,7576,211265,9581,355864,California
Contra Costa,2021-03-20,10789,570698,6472,326328,4001,236206,316,8164,5104,144361,5658,216923,5420,361284,California
Contra Costa,2021-03-21,4599,575297,4024,330352,477,236683,98,8262,1791,143453,2796,219719,1888,363172,California
Contra Costa,2021-03-22,11726,587023,8839,339191,2628,239311,259,8521,6808,145617,4899,224618,7063,370235,California
Contra Costa,2021-03-23,15777,602800,10895,350086,4710,244021,172,8693,9046,148133,6702,231320,9218,379453,California
Contra Costa,2021-03-24,15127,617927,11795,361881,3118,247139,214,8907,9122,151502,5969,237289,9338,388791,California
Contra Costa,2021-03-25,15444,633371,12035,373916,3115,250254,294,9201,9426,155239,5979,243268,9716,398507,California
Contra Costa,2021-03-26,15144,648515,10862,384778,3879,254133,403,9604,8687,157899,6424,249692,9084,407591,California
Contra Costa,2021-03-27,10591,659106,6885,391663,3193,257326,513,10117,5618,159061,4960,254652,6122,413713,California
Contra Costa,2021-03-28,4258,663364,3037,394700,1167,258493,54,10171,1615,158100,2631,257283,1670,415383,California
Contra Costa,2021-03-29,10961,674325,8546,403246,2300,260793,115,10286,6946,161167,3997,261280,7064,422447,California
Contra Costa,2021-03-30,16867,691192,9232,412478,6278,267071,1357,11643,10391,166455,6451,267731,11739,434186,California
Contra Costa,2021-03-31,18108,709300,12666,425144,3997,271068,1445,13088,11373,172575,6685,274416,12805,446991,California
Contra Costa,2021-04-01,17637,726937,12304,437448,3941,275009,1392,14480,11418,179197,6178,280594,12800,459791,California
Contra Costa,2021-04-02,17549,744486,12909,450357,3607,278616,1033,15513,11619,185922,5919,286513,12644,472435,California
Contra Costa,2021-04-03,10896,755382,6505,456862,2840,281456,1551,17064,6213,189012,4668,291181,7758,480193,California
Contra Costa,2021-04-04,3366,758748,1332,458194,1431,282887,603,17667,853,187960,2505,293686,1453,481646,California
Contra Costa,2021-04-05,12144,770892,7912,466106,3246,286133,986,18653,6579,189976,5549,299235,7565,489211,California
Contra Costa,2021-04-06,17399,788291,12038,478144,3061,289194,2300,20953,9746,194382,7631,306866,12037,501248,California
Contra Costa,2021-04-07,18654,806945,12624,490768,3202,292396,2828,23781,10563,199737,8065,314931,13420,514668,California
Contra Costa,2021-04-08,18729,825674,12479,503247,3325,295721,2925,26706,10035,204018,8666,323597,12947,527615,California
Contra Costa,2021-04-09,18924,844598,12074,515321,4340,300061,2510,29216,10106,207838,8786,332383,12606,540221,California
Contra Costa,2021-04-10,10603,855201,3847,519168,2192,302253,4564,33780,3321,208443,7261,339644,7866,548087,California
Contra Costa,2021-04-11,3374,858575,2011,521179,697,302950,666,34446,1135,208010,2233,341877,1800,549887,California
Contra Costa,2021-04-12,12032,870607,7932,529111,3017,305967,1083,35529,5654,208392,6361,348238,6743,556630,California
Contra Costa,2021-04-13,17979,888586,11031,540142,6940,312907,8,35537,11987,214428,5964,354202,12000,568630,California
Contra Costa,2021-04-14,17794,906380,11180,551322,6613,319520,1,35538,9882,216426,7889,362091,9887,578517,California
Contra Costa,2021-04-15,17599,923979,10800,562122,6798,326318,1,35539,8154,215192,9413,371504,8179,586696,California
Contra Costa,2021-04-16,17017,940996,10595,572717,6421,332739,1,35540,7687,213586,9302,380806,7696,594392,California
Contra Costa,2021-04-17,11599,952595,6367,579084,5232,337971,0,35540,6261,214536,5318,386124,6268,600660,California
Contra Costa,2021-04-18,2928,955523,2288,581372,640,338611,0,35540,1853,215325,1064,387188,1853,602513,California
Contra Costa,2021-04-19,11524,967047,8602,589974,2922,341533,0,35540,3671,211176,7824,395012,3675,606188,California
Contra Costa,2021-04-20,17049,984096,11115,601089,5934,347467,0,35540,6457,207080,10558,405570,6462,612650,California
Contra Costa,2021-04-21,17859,1001955,14602,615691,3256,350723,1,35541,6428,202134,11383,416953,6437,619087,California
Contra Costa,2021-04-22,17377,1019332,14075,629766,3300,354023,2,35543,6148,197105,11188,428141,6159,625246,California
Contra Costa,2021-04-23,17208,1036540,13696,643462,3510,357533,2,35545,5568,191081,11603,439744,5579,630825,California
Contra Costa,2021-04-24,10968,1047508,8452,651914,2515,360048,1,35546,4206,188556,6735,446479,4210,635035,California
Contra Costa,2021-04-25,3291,1050799,2219,654133,1070,361118,2,35548,2078,189428,1212,447691,2084,637119,California
Contra Costa,2021-04-26,10134,1060933,8459,662592,1651,362769,24,35572,3068,185489,7044,454735,3105,640224,California
Contra Costa,2021-04-27,14760,1075693,10788,673380,3794,366563,178,35750,4039,179021,10695,465430,4227,644451,California
Contra Costa,2021-04-28,14343,1090036,11186,684566,2873,369436,284,36034,3859,172723,10447,475877,4149,648600,California
Contra Costa,2021-04-29,13562,1103598,10512,695078,2881,372317,169,36203,3278,165924,10252,486129,3453,652053,California
Contra Costa,2021-04-30,13851,1117449,10904,705982,2689,375006,258,36461,3208,158783,10613,496742,3472,655525,California
Contra Costa,2021-05-01,8050,1125499,5853,711835,1875,376881,322,36783,1920,154922,6103,502845,2242,657767,California
Contra Costa,2021-05-02,2340,1127839,1589,713424,670,377551,81,36864,985,154645,1343,504188,1066,658833,California
Contra Costa,2021-05-03,9138,1136977,8019,721443,944,378495,175,37039,1931,149566,7189,511377,2110,660943,California
Contra Costa,2021-05-04,14222,1151199,12282,733725,1610,380105,330,37369,2313,140331,11878,523255,2643,663586,California
Contra Costa,2021-05-05,12666,1163865,10928,744653,1535,381640,203,37572,2450,132800,10185,533440,2654,666240,California
Contra Costa,2021-05-06,10375,1174240,8622,753275,1416,383056,337,37909,1970,126736,8379,541819,2315,668555,California
Contra Costa,2021-05-07,9705,1183945,7803,761078,1678,384734,224,38133,2240,121766,7430,549249,2460,671015,California
Contra Costa,2021-05-08,5419,1189364,4102,765180,1149,385883,168,38301,1314,119163,4089,553338,1486,672501,California
Contra Costa,2021-05-09,2149,1191513,1819,766999,271,386154,59,38360,450,117983,1691,555029,511,673012,California
Contra Costa,2021-05-10,4979,1196492,3988,770987,771,386925,220,38580,1337,115918,3620,558649,1555,674567,California
Contra Costa,2021-05-11,8896,1205388,4690,775677,3968,390893,238,38818,1785,110857,7091,565740,2030,676597,California
Contra Costa,2021-05-12,9289,1214677,4792,780469,4231,395124,266,39084,1596,105060,7665,573405,1868,678465,California
Contra Costa,2021-05-13,11802,1226479,7884,788353,3731,398855,187,39271,4239,101954,7535,580940,4429,682894,California
Contra Costa,2021-05-14,12284,1238763,8212,796565,3787,402642,285,39556,5025,100031,7231,588171,5308,688202,California
Contra Costa,2021-05-15,10032,1248795,7282,803847,2632,405274,118,39674,4418,98971,5598,593769,4538,692740,California
Contra Costa,2021-05-16,2642,1251437,2326,806173,265,405539,51,39725,1224,98834,1411,595180,1274,694014,California
Contra Costa,2021-05-17,7134,1258571,5759,811932,1198,406737,177,39902,3559,99016,3555,598735,3737,697751,California
Contra Costa,2021-05-18,10249,1268820,7009,818941,3022,409759,218,40120,4441,97900,5778,604513,4662,702413,California
Contra Costa,2021-05-19,8496,1277316,6867,825808,1434,411193,195,40315,3833,97289,4643,609156,4032,706445,California
Contra Costa,2021-05-20,7202,1284518,5682,831490,1333,412526,187,40502,3325,96954,3847,613003,3512,709957,California
Contra Costa,2021-05-21,7088,1291606,5429,836919,1447,413973,212,40714,3207,96516,3854,616857,3416,713373,California
Contra Costa,2021-05-22,5142,1296748,4069,840988,894,414867,179,40893,2509,96594,2608,619465,2686,716059,California
Contra Costa,2021-05-23,1282,1298030,854,841842,371,415238,57,40950,607,96591,666,620131,663,716722,California
Contra Costa,2021-05-24,4750,1302780,3931,845773,642,415880,177,41127,2232,96500,2504,622635,2413,719135,California
Contra Costa,2021-05-25,6282,1309062,5108,850881,923,416803,251,41378,2636,95759,3627,626262,2886,722021,California
Contra Costa,2021-05-26,5636,1314698,3621,854502,1826,418629,189,41567,1938,94209,3676,629938,2126,724147,California
Contra Costa,2021-05-27,3815,1318513,2700,857202,938,419567,177,41744,1605,93794,2193,632131,1778,725925,California
Contra Costa,2021-05-28,5359,1323872,3748,860950,1440,421007,171,41915,2230,93088,3103,635234,2397,728322,California
Contra Costa,2021-05-29,3296,1327168,2147,863097,1032,422039,117,42032,1630,93180,1655,636889,1747,730069,California
Contra Costa,2021-05-30,932,1328100,588,863685,315,422354,29,42061,343,92965,587,637476,372,730441,California
Contra Costa,2021-05-31,387,1328487,267,863952,108,422462,12,42073,127,92846,257,637733,138,730579,California
Contra Costa,2021-06-01,4804,1333291,3573,867525,1085,423547,146,42219,1659,91524,3127,640860,1805,732384,California
Contra Costa,2021-06-02,3442,1336733,2439,869964,859,424406,144,42363,1407,91050,2024,642884,1550,733934,California
Contra Costa,2021-06-03,5436,1342169,4532,874496,789,425195,115,42478,1406,88548,4023,646907,1521,735455,California
Contra Costa,2021-06-04,6396,1348565,5361,879857,896,426091,139,42617,1584,85475,4793,651700,1720,737175,California
Contra Costa,2021-06-05,5214,1353779,4423,884280,679,426770,112,42729,1079,82541,4122,655822,1188,738363,California
Contra Costa,2021-06-06,1363,1355142,1190,885470,143,426913,30,42759,320,81853,1038,656860,350,738713,California
Contra Costa,2021-06-07,4943,1360085,4350,889820,493,427406,100,42859,1356,79733,3577,660437,1457,740170,California
Contra Costa,2021-06-08,6100,1366185,5263,895083,714,428120,123,42982,1416,76605,4667,665104,1539,741709,California
Contra Costa,2021-06-09,4873,1371058,4155,899238,571,428691,147,43129,1261,74421,3592,668696,1408,743117,California
Contra Costa,2021-06-10,4794,1375852,4031,903269,594,429285,169,43298,1231,72274,3547,672243,1400,744517,California
Contra Costa,2021-06-11,4853,1380705,3977,907246,677,429962,199,43497,1277,70188,3561,675804,1475,745992,California
Contra Costa,2021-06-12,3175,1383880,2694,909940,414,430376,67,43564,721,68531,2443,678247,786,746778,California
Contra Costa,2021-06-13,1151,1385031,860,910800,183,430559,108,43672,286,68067,858,679105,394,747172,California
Contra Costa,2021-06-14,3895,1388926,3291,914091,475,431034,129,43801,1118,66552,2759,681864,1244,748416,California
Contra Costa,2021-06-15,4178,1393104,3482,917573,536,431570,160,43961,1311,65165,2858,684722,1471,749887,California
Contra Costa,2021-06-16,3478,1396582,2832,920405,461,432031,185,44146,1208,64305,2251,686973,1391,751278,California
Contra Costa,2021-06-17,2770,1399352,2268,922673,377,432408,125,44271,1050,63766,1712,688685,1173,752451,California
Contra Costa,2021-06-18,3692,1403044,3038,925711,463,432871,191,44462,1327,62929,2353,691038,1516,753967,California
Contra Costa,2021-06-19,2037,1405081,1701,927412,232,433103,104,44566,575,62150,1459,692497,680,754647,California
Contra Costa,2021-06-20,790,1405871,663,928075,98,433201,29,44595,334,62060,452,692949,362,755009,California
Contra Costa,2021-06-21,1816,1407687,1382,929457,277,433478,157,44752,978,62363,830,693779,1133,756142,California
Contra Costa,2021-06-22,3043,1410730,2577,932034,325,433803,141,44893,1188,61849,1842,695621,1328,757470,California
Contra Costa,2021-06-23,2561,1413291,2129,934163,330,434133,102,44995,1028,61454,1525,697146,1130,758600,California
Contra Costa,2021-06-24,2351,1415642,1980,936143,242,434375,129,45124,944,61130,1395,698541,1071,759671,California
Contra Costa,2021-06-25,2770,1418412,2259,938402,356,434731,155,45279,1131,60784,1634,700175,1288,760959,California
Contra Costa,2021-06-26,1455,1419867,1209,939611,170,434901,76,45355,478,60363,975,701150,554,761513,California
Contra Costa,2021-06-27,691,1420558,603,940214,66,434967,22,45377,273,60242,416,701566,295,761808,California
Contra Costa,2021-06-28,2327,1422885,2023,942237,176,435143,128,45505,843,59742,1470,703036,970,762778,California
Contra Costa,2021-06-29,2516,1425401,2109,944346,291,435434,116,45621,971,59293,1533,704569,1084,763862,California
Contra Costa,2021-06-30,2173,1427574,1779,946125,293,435727,101,45722,882,58994,1280,705849,981,764843,California
Contra Costa,2021-07-01,2075,1429649,1745,947870,224,435951,106,45828,840,58719,1224,707073,949,765792,California
Contra Costa,2021-07-02,2142,1431791,1770,949640,295,436246,77,45905,894,58453,1236,708309,970,766762,California
Contra Costa,2021-07-03,1049,1432840,859,950499,131,436377,59,45964,423,58314,620,708929,481,767243,California
Contra Costa,2021-07-04,50,1432890,17,950516,18,436395,15,45979,18,58315,32,708961,33,767276,California
Del Norte,2020-12-21,23,23,23,23,0,0,0,0,23,23,0,0,23,23,California
Del Norte,2020-12-22,46,69,46,69,0,0,0,0,46,69,0,0,46,69,California
Del Norte,2020-12-23,59,128,48,117,11,11,0,0,57,126,0,0,57,126,California
Del Norte,2020-12-28,34,162,34,151,0,11,0,0,34,160,0,0,34,160,California
Del Norte,2020-12-29,4,166,4,155,0,11,0,0,4,164,0,0,4,164,California
Del Norte,2020-12-30,67,233,55,210,12,23,0,0,68,232,0,0,68,232,California
Del Norte,2020-12-31,16,249,13,223,3,26,0,0,16,248,0,0,16,248,California
Del Norte,2021-01-04,103,352,50,273,53,79,0,0,103,351,0,0,103,351,California
Del Norte,2021-01-05,32,384,0,273,32,111,0,0,32,383,0,0,32,383,California
Del Norte,2021-01-06,77,461,18,291,59,170,0,0,77,460,0,0,77,460,California
Del Norte,2021-01-07,21,482,1,292,20,190,0,0,21,481,0,0,21,481,California
Del Norte,2021-01-08,77,559,7,299,70,260,0,0,77,558,0,0,77,558,California
Del Norte,2021-01-11,40,599,21,320,19,279,0,0,18,555,22,22,19,577,California
Del Norte,2021-01-12,52,651,33,353,19,298,0,0,31,565,21,43,31,608,California
Del Norte,2021-01-13,86,737,40,393,46,344,0,0,53,585,33,76,53,661,California
Del Norte,2021-01-14,54,791,14,407,40,384,0,0,48,627,6,82,48,709,California
Del Norte,2021-01-15,107,898,18,425,89,473,0,0,95,710,12,94,95,804,California
Del Norte,2021-01-17,1,899,1,426,0,473,0,0,1,711,0,94,1,805,California
Del Norte,2021-01-18,2,901,0,426,2,475,0,0,2,713,0,94,2,807,California
Del Norte,2021-01-19,118,1019,56,482,62,537,0,0,76,747,42,136,76,883,California
Del Norte,2021-01-20,161,1180,86,568,75,612,0,0,98,782,63,199,98,981,California
Del Norte,2021-01-21,43,1223,40,608,3,615,0,0,32,803,11,210,32,1013,California
Del Norte,2021-01-22,19,1242,17,625,2,617,0,0,12,808,7,217,12,1025,California
Del Norte,2021-01-23,1,1243,0,625,1,618,0,0,1,809,0,217,1,1026,California
Del Norte,2021-01-24,1,1244,0,625,1,619,0,0,1,810,0,217,1,1027,California
Del Norte,2021-01-25,101,1345,83,708,18,637,0,0,56,821,45,262,56,1083,California
Del Norte,2021-01-26,18,1363,11,719,7,644,0,0,7,817,11,273,7,1090,California
Del Norte,2021-01-27,64,1427,21,740,43,687,0,0,61,875,3,276,61,1151,California
Del Norte,2021-01-28,293,1720,20,760,273,960,0,0,288,1158,5,281,288,1439,California
Del Norte,2021-01-29,64,1784,23,783,41,1001,0,0,44,1182,20,301,44,1483,California
Del Norte,2021-01-30,8,1792,1,784,7,1008,0,0,8,1190,0,301,8,1491,California
Del Norte,2021-02-01,41,1833,1,785,40,1048,0,0,26,1201,15,316,26,1517,California
Del Norte,2021-02-02,142,1975,34,819,108,1156,0,0,72,1206,68,384,73,1590,California
Del Norte,2021-02-03,129,2104,42,861,87,1243,0,0,74,1225,55,439,74,1664,California
Del Norte,2021-02-04,70,2174,28,889,42,1285,0,0,41,1236,30,469,41,1705,California
Del Norte,2021-02-05,184,2358,22,911,162,1447,0,0,119,1291,64,533,119,1824,California
Del Norte,2021-02-06,311,2669,5,916,306,1753,0,0,311,1602,0,533,311,2135,California
Del Norte,2021-02-07,2,2671,1,917,1,1754,0,0,2,1604,0,533,2,2137,California
Del Norte,2021-02-08,35,2706,1,918,34,1788,0,0,31,1631,4,537,31,2168,California
Del Norte,2021-02-09,8,2714,5,923,3,1791,0,0,2,1627,6,543,2,2170,California
Del Norte,2021-02-10,143,2857,20,943,123,1914,0,0,85,1655,57,600,85,2255,California
Del Norte,2021-02-11,178,3035,59,1002,119,2033,0,0,64,1605,114,714,64,2319,California
Del Norte,2021-02-12,123,3158,14,1016,109,2142,0,0,69,1620,54,768,69,2388,California
Del Norte,2021-02-13,2,3160,1,1017,1,2143,0,0,2,1622,0,768,2,2390,California
Del Norte,2021-02-14,3,3163,1,1018,2,2145,0,0,2,1623,1,769,2,2392,California
Del Norte,2021-02-15,5,3168,0,1018,5,2150,0,0,3,1624,2,771,3,2395,California
Del Norte,2021-02-16,131,3299,1,1019,130,2280,0,0,13,1519,118,889,13,2408,California
Del Norte,2021-02-17,93,3392,20,1039,73,2353,0,0,25,1477,67,956,25,2433,California
Del Norte,2021-02-18,77,3469,24,1063,53,2406,0,0,51,1502,26,982,51,2484,California
Del Norte,2021-02-19,43,3512,17,1080,26,2432,0,0,33,1525,10,992,33,2517,California
Del Norte,2021-02-20,9,3521,6,1086,3,2435,0,0,6,1528,3,995,6,2523,California
Del Norte,2021-02-21,1,3522,0,1086,1,2436,0,0,0,1527,1,996,0,2523,California
Del Norte,2021-02-22,2,3524,0,1086,2,2438,0,0,2,1529,0,996,2,2525,California
Del Norte,2021-02-23,109,3633,90,1176,19,2457,0,0,32,1485,76,1072,32,2557,California
Del Norte,2021-02-24,156,3789,100,1276,56,2513,0,0,81,1491,75,1147,81,2638,California
Del Norte,2021-02-25,480,4269,131,1407,349,2862,0,0,214,1441,264,1411,214,2852,California
Del Norte,2021-02-26,213,4482,177,1584,36,2898,0,0,166,1560,47,1458,166,3018,California
Del Norte,2021-02-27,150,4632,144,1728,5,2903,1,1,141,1693,9,1467,142,3160,California
Del Norte,2021-02-28,4,4636,1,1729,3,2906,0,1,3,1695,1,1468,3,3163,California
Del Norte,2021-03-01,28,4664,2,1731,26,2932,0,1,4,1676,23,1491,4,3167,California
Del Norte,2021-03-02,222,4886,142,1873,80,3012,0,1,188,1830,34,1525,188,3355,California
Del Norte,2021-03-03,177,5063,107,1980,70,3082,0,1,135,1923,42,1567,135,3490,California
Del Norte,2021-03-04,120,5183,83,2063,37,3119,0,1,91,1986,28,1595,91,3581,California
Del Norte,2021-03-05,122,5305,11,2074,111,3230,0,1,74,2012,48,1643,74,3655,California
Del Norte,2021-03-06,465,5770,77,2151,339,3569,49,50,163,1880,302,1945,170,3825,California
Del Norte,2021-03-07,2,5772,1,2152,1,3570,0,50,1,1880,1,1946,1,3826,California
Del Norte,2021-03-08,29,5801,1,2153,26,3596,2,52,6,1866,22,1968,8,3834,California
Del Norte,2021-03-09,194,5995,113,2266,78,3674,3,55,183,2041,11,1979,186,4020,California
Del Norte,2021-03-10,236,6231,96,2362,111,3785,29,84,134,2102,102,2081,163,4183,California
Del Norte,2021-03-11,151,6382,55,2417,91,3876,5,89,103,2162,48,2129,108,4291,California
Del Norte,2021-03-12,178,6560,88,2505,90,3966,0,89,124,2233,53,2182,124,4415,California
Del Norte,2021-03-13,94,6654,93,2598,1,3967,0,89,91,2321,3,2185,91,4506,California
Del Norte,2021-03-14,1,6655,0,2598,1,3968,0,89,1,2321,1,2186,1,4507,California
Del Norte,2021-03-15,38,6693,0,2598,38,4006,0,89,34,2351,4,2190,34,4541,California
Del Norte,2021-03-16,282,6975,135,2733,147,4153,0,89,261,2591,21,2211,261,4802,California
Del Norte,2021-03-17,284,7259,95,2828,187,4340,2,91,170,2649,114,2325,172,4974,California
Del Norte,2021-03-18,284,7543,107,2935,175,4515,2,93,149,2666,134,2459,151,5125,California
Del Norte,2021-03-19,270,7813,160,3095,104,4619,6,99,92,2586,178,2637,98,5223,California
Del Norte,2021-03-20,157,7970,154,3249,3,4622,0,99,15,2459,142,2779,15,5238,California
Del Norte,2021-03-21,4,7974,2,3251,2,4624,0,99,2,2459,2,2781,2,5240,California
Del Norte,2021-03-22,43,8017,3,3254,39,4663,1,100,39,2496,3,2784,40,5280,California
Del Norte,2021-03-23,335,8352,164,3418,153,4816,18,118,164,2508,169,2953,181,5461,California
Del Norte,2021-03-24,397,8749,107,3525,250,5066,40,158,228,2607,169,3122,268,5729,California
Del Norte,2021-03-25,193,8942,88,3613,105,5171,0,158,85,2585,107,3229,85,5814,California
Del Norte,2021-03-26,234,9176,113,3726,121,5292,0,158,197,2745,37,3266,197,6011,California
Del Norte,2021-03-27,107,9283,86,3812,4,5296,17,175,17,2689,90,3356,34,6045,California
Del Norte,2021-03-28,4,9287,2,3814,2,5298,0,175,1,2687,3,3359,1,6046,California
Del Norte,2021-03-29,57,9344,6,3820,34,5332,17,192,32,2711,25,3384,49,6095,California
Del Norte,2021-03-30,338,9682,119,3939,208,5540,11,203,126,2636,212,3596,137,6232,California
Del Norte,2021-03-31,356,10038,101,4040,238,5778,17,220,199,2697,155,3751,216,6448,California
Del Norte,2021-04-01,164,10202,58,4098,72,5850,34,254,69,2706,94,3845,103,6551,California
Del Norte,2021-04-02,232,10434,78,4176,105,5955,49,303,49,2622,183,4028,99,6650,California
Del Norte,2021-04-03,108,10542,83,4259,2,5957,23,326,5,2548,102,4130,28,6678,California
Del Norte,2021-04-04,4,10546,0,4259,0,5957,4,330,0,2548,4,4134,4,6682,California
Del Norte,2021-04-05,47,10593,5,4264,38,5995,4,334,40,2585,7,4141,44,6726,California
Del Norte,2021-04-06,381,10974,120,4384,223,6218,38,372,146,2539,231,4372,185,6911,California
Del Norte,2021-04-07,438,11412,115,4499,261,6479,62,434,289,2742,149,4521,352,7263,California
Del Norte,2021-04-08,229,11641,54,4553,106,6585,69,503,105,2792,124,4645,174,7437,California
Del Norte,2021-04-09,207,11848,47,4600,83,6668,77,580,100,2861,106,4751,175,7612,California
Del Norte,2021-04-10,47,11895,26,4626,4,6672,17,597,27,2885,20,4771,44,7656,California
Del Norte,2021-04-11,12,11907,3,4629,2,6674,7,604,2,2884,10,4781,9,7665,California
Del Norte,2021-04-12,27,11934,1,4630,9,6683,17,621,1,2877,25,4806,18,7683,California
Del Norte,2021-04-13,299,12233,50,4680,249,6932,0,621,155,2888,144,4950,155,7838,California
Del Norte,2021-04-14,331,12564,23,4703,308,7240,0,621,139,2840,192,5142,144,7982,California
Del Norte,2021-04-15,164,12728,31,4734,133,7373,0,621,45,2767,119,5261,46,8028,California
Del Norte,2021-04-16,162,12890,40,4774,122,7495,0,621,60,2726,102,5363,61,8089,California
Del Norte,2021-04-17,108,12998,76,4850,32,7527,0,621,102,2822,6,5369,102,8191,California
Del Norte,2021-04-18,6,13004,5,4855,1,7528,0,621,5,2826,1,5370,5,8196,California
Del Norte,2021-04-19,51,13055,6,4861,45,7573,0,621,9,2793,42,5412,9,8205,California
Del Norte,2021-04-20,209,13264,40,4901,169,7742,0,621,74,2732,135,5547,74,8279,California
Del Norte,2021-04-21,292,13556,23,4924,269,8011,0,621,67,2577,225,5772,70,8349,California
Del Norte,2021-04-22,116,13672,16,4940,100,8111,0,621,63,2587,53,5825,63,8412,California
Del Norte,2021-04-23,155,13827,22,4962,133,8244,0,621,41,2514,114,5939,41,8453,California
Del Norte,2021-04-24,25,13852,14,4976,11,8255,0,621,20,2529,5,5944,20,8473,California
Del Norte,2021-04-25,2,13854,0,4976,2,8257,0,621,2,2531,0,5944,2,8475,California
Del Norte,2021-04-26,31,13885,0,4976,31,8288,0,621,9,2518,22,5966,9,8484,California
Del Norte,2021-04-27,181,14066,21,4997,155,8443,5,626,50,2443,131,6097,56,8540,California
Del Norte,2021-04-28,351,14417,100,5097,246,8689,5,631,63,2226,286,6383,69,8609,California
Del Norte,2021-04-29,93,14510,6,5103,83,8772,4,635,26,2189,67,6450,30,8639,California
Del Norte,2021-04-30,87,14597,7,5110,70,8842,10,645,47,2206,40,6490,57,8696,California
Del Norte,2021-05-01,7,14604,2,5112,5,8847,0,645,5,2209,2,6492,5,8701,California
Del Norte,2021-05-02,8,14612,0,5112,8,8855,0,645,8,2217,0,6492,8,8709,California
Del Norte,2021-05-03,40,14652,3,5115,34,8889,3,648,2,2185,37,6529,5,8714,California
Del Norte,2021-05-04,221,14873,36,5151,180,9069,5,653,46,2061,175,6704,51,8765,California
Del Norte,2021-05-05,234,15107,20,5171,206,9275,8,661,59,1954,174,6878,67,8832,California
Del Norte,2021-05-06,113,15220,26,5197,74,9349,13,674,26,1906,87,6965,39,8871,California
Del Norte,2021-05-07,151,15371,28,5225,119,9468,4,678,31,1821,120,7085,35,8906,California
Del Norte,2021-05-08,64,15435,54,5279,8,9476,2,680,6,1771,58,7143,8,8914,California
Del Norte,2021-05-09,11,15446,4,5283,4,9480,3,683,3,1769,8,7151,6,8920,California
Del Norte,2021-05-10,24,15470,3,5286,17,9497,4,687,14,1777,10,7161,18,8938,California
Del Norte,2021-05-11,177,15647,50,5336,125,9622,2,689,34,1670,143,7304,36,8974,California
Del Norte,2021-05-12,151,15798,23,5359,118,9740,10,699,27,1584,123,7427,37,9011,California
Del Norte,2021-05-13,68,15866,30,5389,37,9777,1,700,38,1593,30,7457,39,9050,California
Del Norte,2021-05-14,76,15942,26,5415,49,9826,1,701,41,1600,35,7492,42,9092,California
Del Norte,2021-05-15,96,16038,53,5468,37,9863,6,707,53,1616,43,7535,59,9151,California
Del Norte,2021-05-16,11,16049,0,5468,11,9874,0,707,11,1627,0,7535,11,9162,California
Del Norte,2021-05-17,26,16075,3,5471,20,9894,3,710,15,1634,11,7546,18,9180,California
Del Norte,2021-05-18,129,16204,69,5540,60,9954,0,710,81,1667,48,7594,81,9261,California
Del Norte,2021-05-19,97,16301,14,5554,66,10020,17,727,35,1656,62,7656,51,9312,California
Del Norte,2021-05-20,101,16402,33,5587,65,10085,3,730,41,1641,59,7715,44,9356,California
Del Norte,2021-05-21,81,16483,34,5621,44,10129,3,733,44,1651,37,7752,47,9403,California
Del Norte,2021-05-22,24,16507,8,5629,16,10145,0,733,11,1650,12,7764,11,9414,California
Del Norte,2021-05-23,14,16521,5,5634,9,10154,0,733,7,1650,7,7771,7,9421,California
Del Norte,2021-05-24,25,16546,9,5643,16,10170,0,733,16,1657,9,7780,16,9437,California
Del Norte,2021-05-25,47,16593,5,5648,36,10206,6,739,17,1653,27,7807,23,9460,California
Del Norte,2021-05-26,117,16710,36,5684,74,10280,7,746,54,1652,62,7869,61,9521,California
Del Norte,2021-05-27,72,16782,27,5711,41,10321,4,750,34,1652,38,7907,38,9559,California
Del Norte,2021-05-28,52,16834,7,5718,37,10358,8,758,8,1624,44,7951,16,9575,California
Del Norte,2021-05-29,8,16842,0,5718,4,10362,4,762,3,1626,5,7956,7,9582,California
Del Norte,2021-05-30,6,16848,0,5718,6,10368,0,762,1,1622,5,7961,1,9583,California
Del Norte,2021-05-31,4,16852,2,5720,2,10370,0,762,3,1624,1,7962,3,9586,California
Del Norte,2021-06-01,52,16904,6,5726,39,10409,7,769,11,1601,41,8003,18,9604,California
Del Norte,2021-06-02,83,16987,11,5737,67,10476,5,774,19,1561,64,8067,24,9628,California
Del Norte,2021-06-03,62,17049,36,5773,24,10500,2,776,27,1555,35,8102,29,9657,California
Del Norte,2021-06-04,69,17118,24,5797,40,10540,5,781,19,1529,50,8152,24,9681,California
Del Norte,2021-06-05,1,17119,0,5797,1,10541,0,781,0,1528,1,8153,0,9681,California
Del Norte,2021-06-06,10,17129,4,5801,4,10545,2,783,7,1534,3,8156,9,9690,California
Del Norte,2021-06-07,41,17170,9,5810,27,10572,5,788,15,1528,26,8182,20,9710,California
Del Norte,2021-06-08,112,17282,81,5891,26,10598,5,793,33,1487,79,8261,38,9748,California
Del Norte,2021-06-09,58,17340,11,5902,40,10638,7,800,16,1468,42,8303,23,9771,California
Del Norte,2021-06-10,57,17397,27,5929,23,10661,7,807,12,1443,44,8347,19,9790,California
Del Norte,2021-06-11,59,17456,23,5952,27,10688,9,816,13,1419,46,8393,22,9812,California
Del Norte,2021-06-12,17,17473,3,5955,11,10699,3,819,2,1409,15,8408,5,9817,California
Del Norte,2021-06-13,61,17534,43,5998,13,10712,5,824,13,1379,48,8456,18,9835,California
Del Norte,2021-06-14,37,17571,15,6013,18,10730,4,828,15,1377,21,8477,19,9854,California
Del Norte,2021-06-15,38,17609,9,6022,21,10751,8,836,5,1357,33,8510,13,9867,California
Del Norte,2021-06-16,99,17708,38,6060,50,10801,11,847,22,1313,77,8587,33,9900,California
Del Norte,2021-06-17,31,17739,13,6073,15,10816,3,850,7,1299,24,8611,10,9910,California
Del Norte,2021-06-18,48,17787,22,6095,21,10837,5,855,19,1294,29,8640,24,9934,California
Del Norte,2021-06-19,11,17798,0,6095,7,10844,4,859,3,1293,8,8648,7,9941,California
Del Norte,2021-06-20,13,17811,9,6104,4,10848,0,859,8,1296,5,8653,8,9949,California
Del Norte,2021-06-21,24,17835,9,6113,10,10858,5,864,10,1297,14,8667,15,9964,California
Del Norte,2021-06-22,39,17874,9,6122,19,10877,11,875,14,1297,25,8692,25,9989,California
Del Norte,2021-06-23,68,17942,32,6154,30,10907,6,881,31,1298,36,8728,37,10026,California
Del Norte,2021-06-24,48,17990,27,6181,13,10920,8,889,17,1292,31,8759,25,10051,California
Del Norte,2021-06-25,28,18018,14,6195,12,10932,2,891,13,1292,15,8774,15,10066,California
Del Norte,2021-06-26,5,18023,0,6195,5,10937,0,891,2,1291,3,8777,2,10068,California
Del Norte,2021-06-27,9,18032,4,6199,5,10942,0,891,6,1294,3,8780,6,10074,California
Del Norte,2021-06-28,13,18045,6,6205,5,10947,2,893,7,1297,6,8786,9,10083,California
Del Norte,2021-06-29,54,18099,40,6245,12,10959,2,895,19,1283,35,8821,21,10104,California
Del Norte,2021-06-30,35,18134,17,6262,13,10972,5,900,11,1275,24,8845,16,10120,California
Del Norte,2021-07-01,20,18154,7,6269,9,10981,4,904,6,1271,14,8859,10,10130,California
Del Norte,2021-07-02,18,18172,7,6276,10,10991,1,905,6,1266,12,8871,7,10137,California
Del Norte,2021-07-03,3,18175,2,6278,1,10992,0,905,2,1267,1,8872,2,10139,California
Del Norte,2021-07-04,5,18180,4,6282,1,10993,0,905,1,1264,4,8876,1,10140,California
El Dorado,2020-12-15,12,12,12,12,0,0,0,0,12,12,0,0,12,12,California
El Dorado,2020-12-16,40,52,40,52,0,0,0,0,40,52,0,0,40,52,California
El Dorado,2020-12-17,33,85,33,85,0,0,0,0,33,85,0,0,33,85,California
El Dorado,2020-12-18,263,348,263,348,0,0,0,0,263,348,0,0,263,348,California
El Dorado,2020-12-19,119,467,119,467,0,0,0,0,119,467,0,0,119,467,California
El Dorado,2020-12-20,87,554,87,554,0,0,0,0,87,554,0,0,87,554,California
El Dorado,2020-12-21,312,866,311,865,1,1,0,0,312,866,0,0,312,866,California
El Dorado,2020-12-22,241,1107,217,1082,24,25,0,0,241,1107,0,0,241,1107,California
El Dorado,2020-12-23,190,1297,141,1223,49,74,0,0,190,1297,0,0,190,1297,California
El Dorado,2020-12-24,87,1384,66,1289,21,95,0,0,87,1384,0,0,87,1384,California
El Dorado,2020-12-25,8,1392,8,1297,0,95,0,0,8,1392,0,0,8,1392,California
El Dorado,2020-12-26,45,1437,27,1324,18,113,0,0,45,1437,0,0,45,1437,California
El Dorado,2020-12-27,38,1475,34,1358,4,117,0,0,38,1475,0,0,38,1475,California
El Dorado,2020-12-28,217,1692,168,1526,49,166,0,0,217,1692,0,0,217,1692,California
El Dorado,2020-12-29,462,2154,145,1671,317,483,0,0,462,2154,0,0,462,2154,California
El Dorado,2020-12-30,510,2664,139,1810,371,854,0,0,510,2664,0,0,510,2664,California
El Dorado,2020-12-31,110,2774,69,1879,41,895,0,0,110,2774,0,0,110,2774,California
El Dorado,2021-01-01,7,2781,4,1883,3,898,0,0,7,2781,0,0,7,2781,California
El Dorado,2021-01-02,155,2936,142,2025,13,911,0,0,155,2936,0,0,155,2936,California
El Dorado,2021-01-03,96,3032,19,2044,77,988,0,0,96,3032,0,0,96,3032,California
El Dorado,2021-01-04,192,3224,61,2105,131,1119,0,0,192,3224,0,0,192,3224,California
El Dorado,2021-01-05,229,3453,73,2178,156,1275,0,0,211,3417,18,18,211,3435,California
El Dorado,2021-01-06,242,3695,168,2346,74,1349,0,0,176,3528,65,83,176,3611,California
El Dorado,2021-01-07,334,4029,137,2483,197,1546,0,0,257,3708,77,160,257,3868,California
El Dorado,2021-01-08,995,5024,514,2997,481,2027,0,0,768,4250,227,387,769,4637,California
El Dorado,2021-01-09,199,5223,161,3158,38,2065,0,0,127,4305,72,459,127,4764,California
El Dorado,2021-01-10,182,5405,133,3291,49,2114,0,0,109,4342,73,532,110,4874,California
El Dorado,2021-01-11,663,6068,294,3585,369,2483,0,0,463,4607,199,731,464,5338,California
El Dorado,2021-01-12,810,6878,427,4012,383,2866,0,0,558,4913,252,983,558,5896,California
El Dorado,2021-01-13,706,7584,301,4313,405,3271,0,0,541,5289,165,1148,541,6437,California
El Dorado,2021-01-14,806,8390,224,4537,582,3853,0,0,708,5900,97,1245,708,7145,California
El Dorado,2021-01-15,797,9187,189,4726,608,4461,0,0,723,6549,74,1319,723,7868,California
El Dorado,2021-01-16,218,9405,104,4830,114,4575,0,0,191,6713,27,1346,191,8059,California
El Dorado,2021-01-17,107,9512,50,4880,57,4632,0,0,89,6784,18,1364,89,8148,California
El Dorado,2021-01-18,427,9939,143,5023,284,4916,0,0,354,7065,73,1437,354,8502,California
El Dorado,2021-01-19,754,10693,452,5475,302,5218,0,0,603,7518,151,1588,604,9106,California
El Dorado,2021-01-20,1014,11707,692,6167,322,5540,0,0,899,8303,114,1702,899,10005,California
El Dorado,2021-01-21,1272,12979,683,6850,589,6129,0,0,1064,9200,167,1869,1064,11069,California
El Dorado,2021-01-22,1246,14225,843,7693,403,6532,0,0,1184,10323,61,1930,1184,12253,California
El Dorado,2021-01-23,884,15109,626,8319,258,6790,0,0,767,10973,117,2047,767,13020,California
El Dorado,2021-01-24,132,15241,80,8399,52,6842,0,0,112,11065,20,2067,112,13132,California
El Dorado,2021-01-25,699,15940,291,8690,408,7250,0,0,611,11588,88,2155,611,13743,California
El Dorado,2021-01-26,686,16626,371,9061,315,7565,0,0,580,12062,106,2261,580,14323,California
El Dorado,2021-01-27,1000,17626,396,9457,604,8169,0,0,661,12383,340,2601,661,14984,California
El Dorado,2021-01-28,1118,18744,455,9912,663,8832,0,0,755,12775,363,2964,755,15739,California
El Dorado,2021-01-29,1047,19791,557,10469,490,9322,0,0,754,13238,292,3256,755,16494,California
El Dorado,2021-01-30,841,20632,293,10762,548,9870,0,0,744,13886,96,3352,744,17238,California
El Dorado,2021-01-31,239,20871,215,10977,24,9894,0,0,184,14015,55,3407,184,17422,California
El Dorado,2021-02-01,805,21676,368,11345,437,10331,0,0,654,14518,151,3558,654,18076,California
El Dorado,2021-02-02,850,22526,369,11714,481,10812,0,0,686,15040,164,3722,686,18762,California
El Dorado,2021-02-03,908,23434,478,12192,430,11242,0,0,695,15522,213,3935,695,19457,California
El Dorado,2021-02-04,1255,24689,710,12902,545,11787,0,0,874,16017,379,4314,874,20331,California
El Dorado,2021-02-05,1506,26195,611,13513,895,12682,0,0,871,16290,598,4912,871,21202,California
El Dorado,2021-02-06,1088,27283,333,13846,755,13437,0,0,978,17159,110,5022,979,22181,California
El Dorado,2021-02-07,264,27547,181,14027,83,13520,0,0,198,17291,66,5088,198,22379,California
El Dorado,2021-02-08,888,28435,420,14447,468,13988,0,0,608,17621,278,5366,608,22987,California
El Dorado,2021-02-09,976,29411,548,14995,428,14416,0,0,543,17731,433,5799,543,23530,California
El Dorado,2021-02-10,1269,30680,743,15738,526,14942,0,0,669,17801,599,6398,669,24199,California
El Dorado,2021-02-11,2171,32851,898,16636,1273,16215,0,0,753,17140,1415,7813,754,24953,California
El Dorado,2021-02-12,1586,34437,833,17469,753,16968,0,0,675,16906,910,8723,676,25629,California
El Dorado,2021-02-13,1261,35698,676,18145,585,17553,0,0,660,16968,598,9321,660,26289,California
El Dorado,2021-02-14,494,36192,158,18303,336,17889,0,0,401,17276,93,9414,401,26690,California
El Dorado,2021-02-15,1179,37371,385,18688,794,18683,0,0,819,17739,360,9774,823,27513,California
El Dorado,2021-02-16,1212,38583,531,19219,681,19364,0,0,671,17871,540,10314,672,28185,California
El Dorado,2021-02-17,959,39542,425,19644,534,19898,0,0,464,17842,495,10809,466,28651,California
El Dorado,2021-02-18,2117,41659,1034,20678,1083,20981,0,0,1077,17881,1038,11847,1077,29728,California
El Dorado,2021-02-19,1240,42899,664,21342,576,21557,0,0,695,18033,543,12390,695,30423,California
El Dorado,2021-02-20,1097,43996,464,21806,633,22190,0,0,686,18315,405,12795,687,31110,California
El Dorado,2021-02-21,371,44367,238,22044,133,22323,0,0,181,18306,190,12985,181,31291,California
El Dorado,2021-02-22,918,45285,457,22501,461,22784,0,0,286,17963,629,13614,286,31577,California
El Dorado,2021-02-23,898,46183,510,23011,388,23172,0,0,364,17795,532,14146,364,31941,California
El Dorado,2021-02-24,1049,47232,452,23463,597,23769,0,0,439,17624,610,14756,439,32380,California
El Dorado,2021-02-25,1928,49160,1152,24615,776,24545,0,0,696,17100,1224,15980,700,33080,California
El Dorado,2021-02-26,2407,51567,1506,26121,901,25446,0,0,1613,17923,790,16770,1613,34693,California
El Dorado,2021-02-27,1743,53310,449,26570,1294,26740,0,0,1294,18771,446,17216,1294,35987,California
El Dorado,2021-02-28,966,54276,230,26800,736,27476,0,0,505,18817,460,17676,506,36493,California
El Dorado,2021-03-01,1167,55443,468,27268,697,28173,2,2,644,18941,522,18198,646,37139,California
El Dorado,2021-03-02,943,56386,273,27541,669,28842,1,3,495,18992,446,18644,497,37636,California
El Dorado,2021-03-03,1765,58151,471,28012,1294,30136,0,3,1205,19647,552,19196,1207,38843,California
El Dorado,2021-03-04,2534,60685,1555,29567,979,31115,0,3,1201,19520,1329,20525,1202,40045,California
El Dorado,2021-03-05,1593,62278,432,29999,1156,32271,5,8,1055,20048,532,21057,1060,41105,California
El Dorado,2021-03-06,747,63025,218,30217,494,32765,35,43,394,20126,351,21408,429,41534,California
El Dorado,2021-03-07,859,63884,198,30415,642,33407,19,62,244,19777,612,22020,263,41797,California
El Dorado,2021-03-08,1346,65230,378,30793,894,34301,74,136,863,20233,479,22499,935,42732,California
El Dorado,2021-03-09,1002,66232,231,31024,702,35003,69,205,597,20509,390,22889,666,43398,California
El Dorado,2021-03-10,980,67212,350,31374,574,35577,56,261,571,20732,403,23292,626,44024,California
El Dorado,2021-03-11,3050,70262,1850,33224,1013,36590,187,448,1291,20471,1736,25028,1475,45499,California
El Dorado,2021-03-12,1812,72074,628,33852,937,37527,247,695,752,20428,1042,26070,999,46498,California
El Dorado,2021-03-13,1140,73214,348,34200,508,38035,284,979,436,20443,702,26772,717,47215,California
El Dorado,2021-03-14,1024,74238,207,34407,706,38741,111,1090,279,20089,744,27516,390,47605,California
El Dorado,2021-03-15,1405,75643,304,34711,975,39716,126,1216,607,20029,794,28310,734,48339,California
El Dorado,2021-03-16,1236,76879,427,35138,665,40381,144,1360,564,20071,667,28977,709,49048,California
El Dorado,2021-03-17,1155,78034,363,35501,694,41075,98,1458,749,20511,405,29382,845,49893,California
El Dorado,2021-03-18,3010,81044,1784,37285,1181,42256,45,1503,1973,21502,1027,30409,2018,51911,California
El Dorado,2021-03-19,1128,82172,364,37649,612,42868,152,1655,628,21783,498,30907,779,52690,California
El Dorado,2021-03-20,1089,83261,273,37922,801,43669,15,1670,504,21729,573,31480,519,53209,California
El Dorado,2021-03-21,1095,84356,424,38346,666,44335,5,1675,908,22459,184,31664,914,54123,California
El Dorado,2021-03-22,1515,85871,494,38840,939,45274,82,1757,1186,23404,323,31987,1268,55391,California
El Dorado,2021-03-23,1160,87031,459,39299,606,45880,95,1852,735,23821,413,32400,830,56221,California
El Dorado,2021-03-24,1468,88499,633,39932,641,46521,194,2046,660,23895,780,33180,854,57075,California
El Dorado,2021-03-25,2526,91025,1691,41623,728,47249,107,2153,1371,24227,1147,34327,1479,58554,California
El Dorado,2021-03-26,1831,92856,698,42321,1021,48270,112,2265,929,24392,877,35204,1042,59596,California
El Dorado,2021-03-27,1506,94362,189,42510,1312,49582,5,2270,496,23889,1004,36208,501,60097,California
El Dorado,2021-03-28,694,95056,182,42692,500,50082,12,2282,170,23551,520,36728,182,60279,California
El Dorado,2021-03-29,1321,96377,434,43126,871,50953,16,2298,824,23897,494,37222,840,61119,California
El Dorado,2021-03-30,1368,97745,416,43542,859,51812,93,2391,682,23992,678,37900,773,61892,California
El Dorado,2021-03-31,1572,99317,589,44131,917,52729,66,2457,658,23802,911,38811,721,62613,California
El Dorado,2021-04-01,3248,102565,1775,45906,1390,54119,83,2540,1541,23724,1703,40514,1625,64238,California
El Dorado,2021-04-02,1902,104467,565,46471,1240,55359,97,2637,749,23423,1147,41661,846,65084,California
El Dorado,2021-04-03,752,105219,298,46769,333,55692,121,2758,228,23251,520,42181,348,65432,California
El Dorado,2021-04-04,274,105493,85,46854,141,55833,48,2806,98,23222,175,42356,146,65578,California
El Dorado,2021-04-05,1424,106917,424,47278,906,56739,94,2900,591,23081,825,43181,684,66262,California
El Dorado,2021-04-06,1415,108332,525,47803,670,57409,220,3120,441,22770,969,44150,658,66920,California
El Dorado,2021-04-07,1593,109925,559,48362,583,57992,451,3571,545,22718,1045,45195,993,67913,California
El Dorado,2021-04-08,2697,112622,1729,50091,731,58723,237,3808,1114,22493,1574,46769,1349,69262,California
El Dorado,2021-04-09,1449,114071,458,50549,769,59492,222,4030,570,22405,876,47645,788,70050,California
El Dorado,2021-04-10,1016,115087,229,50778,675,60167,112,4142,660,22824,352,47997,771,70821,California
El Dorado,2021-04-11,773,115860,454,51232,303,60470,16,4158,206,22480,566,48563,222,71043,California
El Dorado,2021-04-12,1287,117147,501,51733,638,61108,148,4306,560,22467,720,49283,707,71750,California
El Dorado,2021-04-13,1123,118270,611,52344,512,61620,0,4306,507,22362,612,49895,507,72257,California
El Dorado,2021-04-14,1103,119373,468,52812,634,62254,1,4307,378,22032,709,50604,379,72636,California
El Dorado,2021-04-15,2523,121896,1696,54508,827,63081,0,4307,961,21437,1557,52161,962,73598,California
El Dorado,2021-04-16,1473,123369,522,55030,951,64032,0,4307,608,21186,860,53021,609,74207,California
El Dorado,2021-04-17,1011,124380,203,55233,807,64839,1,4308,709,21596,299,53320,709,74916,California
El Dorado,2021-04-18,1209,125589,120,55353,1089,65928,0,4308,426,21241,781,54101,426,75342,California
El Dorado,2021-04-19,1739,127328,444,55797,1295,67223,0,4308,698,20904,1035,55136,698,76040,California
El Dorado,2021-04-20,1152,128480,399,56196,753,67976,0,4308,478,20714,669,55805,479,76519,California
El Dorado,2021-04-21,1240,129720,536,56732,700,68676,4,4312,637,20758,595,56400,639,77158,California
El Dorado,2021-04-22,2581,132301,1713,58445,868,69544,0,4312,1073,20328,1504,57904,1074,78232,California
El Dorado,2021-04-23,1435,133736,521,58966,914,70458,0,4312,726,20350,706,58610,728,78960,California
El Dorado,2021-04-24,1044,134780,521,59487,523,70981,0,4312,805,20918,237,58847,805,79765,California
El Dorado,2021-04-25,832,135612,450,59937,382,71363,0,4312,475,21036,357,59204,475,80240,California
El Dorado,2021-04-26,1205,136817,495,60432,693,72056,17,4329,566,20984,634,59838,582,80822,California
El Dorado,2021-04-27,1138,137955,432,60864,668,72724,38,4367,509,20909,622,60460,547,81369,California
El Dorado,2021-04-28,1086,139041,375,61239,671,73395,40,4407,441,20747,643,61103,481,81850,California
El Dorado,2021-04-29,2007,141048,1379,62618,596,73991,32,4439,599,19973,1405,62508,631,82481,California
El Dorado,2021-04-30,2154,143202,1366,63984,747,74738,41,4480,1378,20629,762,63270,1418,83899,California
El Dorado,2021-05-01,621,143823,285,64269,308,75046,28,4508,278,20599,336,63606,306,84205,California
El Dorado,2021-05-02,301,144124,214,64483,58,75104,29,4537,100,20529,198,63804,128,84333,California
El Dorado,2021-05-03,825,144949,403,64886,372,75476,50,4587,281,20321,540,64344,332,84665,California
El Dorado,2021-05-04,916,145865,462,65348,394,75870,60,4647,328,20125,584,64928,388,85053,California
El Dorado,2021-05-05,904,146769,451,65799,379,76249,74,4721,436,20169,466,65394,510,85563,California
El Dorado,2021-05-06,1140,147909,504,66303,588,76837,48,4769,486,20051,648,66042,530,86093,California
El Dorado,2021-05-07,994,148903,389,66692,546,77383,59,4828,403,19921,591,66633,461,86554,California
El Dorado,2021-05-08,675,149578,155,66847,483,77866,37,4865,207,19700,465,67098,244,86798,California
El Dorado,2021-05-09,232,149810,93,66940,112,77978,27,4892,102,19700,129,67227,129,86927,California
El Dorado,2021-05-10,829,150639,276,67216,495,78473,58,4950,241,19419,578,67805,297,87224,California
El Dorado,2021-05-11,697,151336,310,67526,325,78798,62,5012,283,19354,411,68216,346,87570,California
El Dorado,2021-05-12,656,151992,346,67872,269,79067,41,5053,251,19242,405,68621,293,87863,California
El Dorado,2021-05-13,1263,153255,797,68669,426,79493,40,5093,469,18962,788,69409,508,88371,California
El Dorado,2021-05-14,1412,154667,814,69483,514,80007,84,5177,668,18975,739,70148,752,89123,California
El Dorado,2021-05-15,908,155575,561,70044,291,80298,56,5233,322,18767,586,70734,378,89501,California
El Dorado,2021-05-16,873,156448,464,70508,383,80681,26,5259,235,18391,637,71371,261,89762,California
El Dorado,2021-05-17,1581,158029,669,71177,863,81544,49,5308,560,17982,1017,72388,608,90370,California
El Dorado,2021-05-18,1031,159060,517,71694,460,82004,54,5362,438,17882,592,72980,492,90862,California
El Dorado,2021-05-19,820,159880,333,72027,435,82439,52,5414,307,17734,506,73486,358,91220,California
El Dorado,2021-05-20,1184,161064,660,72687,449,82888,75,5489,443,17511,739,74225,516,91736,California
El Dorado,2021-05-21,2340,163404,1750,74437,548,83436,42,5531,813,16843,1523,75748,855,92591,California
El Dorado,2021-05-22,708,164112,207,74644,465,83901,36,5567,223,16618,484,76232,259,92850,California
El Dorado,2021-05-23,381,164493,134,74778,218,84119,29,5596,94,16456,285,76517,123,92973,California
El Dorado,2021-05-24,883,165376,456,75234,358,84477,69,5665,308,16260,571,77088,375,93348,California
El Dorado,2021-05-25,609,165985,255,75489,318,84795,36,5701,221,16131,385,77473,256,93604,California
El Dorado,2021-05-26,811,166796,400,75889,387,85182,24,5725,279,15904,530,78003,303,93907,California
El Dorado,2021-05-27,623,167419,245,76134,343,85525,35,5760,311,15938,311,78314,345,94252,California
El Dorado,2021-05-28,730,168149,257,76391,409,85934,64,5824,305,15885,422,78736,369,94621,California
El Dorado,2021-05-29,394,168543,114,76505,264,86198,16,5840,174,15855,220,78956,190,94811,California
El Dorado,2021-05-30,172,168715,100,76605,58,86256,14,5854,81,15860,90,79046,95,94906,California
El Dorado,2021-05-31,37,168752,12,76617,14,86270,11,5865,8,15850,29,79075,19,94925,California
El Dorado,2021-06-01,680,169432,293,76910,347,86617,40,5905,231,15675,446,79521,271,95196,California
El Dorado,2021-06-02,631,170063,301,77211,280,86897,50,5955,259,15614,370,79891,309,95505,California
El Dorado,2021-06-03,728,170791,339,77550,346,87243,43,5998,175,15279,553,80444,218,95723,California
El Dorado,2021-06-04,885,171676,527,78077,324,87567,34,6032,186,14802,697,81141,220,95943,California
El Dorado,2021-06-05,389,172065,225,78302,152,87719,12,6044,83,14592,305,81446,95,96038,California
El Dorado,2021-06-06,281,172346,196,78498,69,87788,16,6060,52,14431,228,81674,67,96105,California
El Dorado,2021-06-07,787,173133,489,78987,258,88046,40,6100,172,14036,607,82281,212,96317,California
El Dorado,2021-06-08,634,173767,385,79372,216,88262,33,6133,131,13699,500,82781,163,96480,California
El Dorado,2021-06-09,467,174234,279,79651,162,88424,26,6159,112,13482,355,83136,138,96618,California
El Dorado,2021-06-10,587,174821,365,80016,191,88615,31,6190,159,13246,426,83562,190,96808,California
El Dorado,2021-06-11,657,175478,394,80410,219,88834,44,6234,130,12894,526,84088,174,96982,California
El Dorado,2021-06-12,262,175740,154,80564,89,88923,19,6253,60,12772,201,84289,79,97061,California
El Dorado,2021-06-13,162,175902,89,80653,55,88978,18,6271,33,12695,128,84417,51,97112,California
El Dorado,2021-06-14,514,176416,361,81014,123,89101,30,6301,136,12483,378,84795,166,97278,California
El Dorado,2021-06-15,449,176865,239,81253,173,89274,37,6338,126,12326,320,85115,163,97441,California
El Dorado,2021-06-16,507,177372,358,81611,109,89383,40,6378,130,12120,376,85491,170,97611,California
El Dorado,2021-06-17,435,177807,266,81877,136,89519,33,6411,139,11998,295,85786,173,97784,California
El Dorado,2021-06-18,397,178204,253,82130,109,89628,35,6446,118,11873,278,86064,153,97937,California
El Dorado,2021-06-19,248,178452,154,82284,80,89708,14,6460,91,11822,156,86220,105,98042,California
El Dorado,2021-06-20,123,178575,89,82373,28,89736,6,6466,52,11809,71,86291,58,98100,California
El Dorado,2021-06-21,319,178894,164,82537,129,89865,26,6492,124,11766,193,86484,150,98250,California
El Dorado,2021-06-22,395,179289,259,82796,114,89979,22,6514,133,11660,261,86745,155,98405,California
El Dorado,2021-06-23,422,179711,290,83086,110,90089,22,6536,138,11538,282,87027,160,98565,California
El Dorado,2021-06-24,391,180102,241,83327,136,90225,14,6550,144,11449,247,87274,158,98723,California
El Dorado,2021-06-25,352,180454,214,83541,100,90325,38,6588,144,11428,203,87477,182,98905,California
El Dorado,2021-06-26,208,180662,122,83663,71,90396,15,6603,69,11375,138,87615,85,98990,California
El Dorado,2021-06-27,115,180777,80,83743,29,90425,6,6609,51,11368,64,87679,57,99047,California
El Dorado,2021-06-28,303,181080,214,83957,63,90488,26,6635,132,11356,170,87849,158,99205,California
El Dorado,2021-06-29,292,181372,168,84125,102,90590,22,6657,115,11318,175,88024,137,99342,California
El Dorado,2021-06-30,247,181619,175,84300,60,90650,12,6669,121,11326,125,88149,133,99475,California
El Dorado,2021-07-01,234,181853,136,84436,83,90733,15,6684,89,11284,145,88294,103,99578,California
El Dorado,2021-07-02,256,182109,162,84598,70,90803,24,6708,110,11273,145,88439,134,99712,California
El Dorado,2021-07-03,96,182205,73,84671,18,90821,5,6713,46,11274,50,88489,51,99763,California
El Dorado,2021-07-04,4,182209,0,84671,1,90822,3,6716,0,11273,4,88493,3,99766,California
Fresno,2020-12-15,2,2,2,2,0,0,0,0,2,2,0,0,2,2,California
Fresno,2020-12-16,124,126,124,126,0,0,0,0,124,126,0,0,124,126,California
Fresno,2020-12-17,123,249,123,249,0,0,0,0,123,249,0,0,123,249,California
Fresno,2020-12-18,350,599,350,599,0,0,0,0,350,599,0,0,350,599,California
Fresno,2020-12-19,161,760,161,760,0,0,0,0,161,760,0,0,161,760,California
Fresno,2020-12-20,256,1016,254,1014,2,2,0,0,256,1016,0,0,256,1016,California
Fresno,2020-12-21,929,1945,927,1941,2,4,0,0,958,1974,0,0,958,1974,California
Fresno,2020-12-22,907,2852,875,2816,32,36,0,0,911,2885,0,0,911,2885,California
Fresno,2020-12-23,1091,3943,1047,3863,44,80,0,0,1092,3977,0,0,1092,3977,California
Fresno,2020-12-24,590,4533,564,4427,26,106,0,0,590,4567,0,0,590,4567,California
Fresno,2020-12-25,3,4536,1,4428,2,108,0,0,3,4570,0,0,3,4570,California
Fresno,2020-12-26,723,5259,714,5142,9,117,0,0,723,5293,0,0,723,5293,California
Fresno,2020-12-27,306,5565,210,5352,96,213,0,0,306,5599,0,0,306,5599,California
Fresno,2020-12-28,1095,6660,801,6153,294,507,0,0,1096,6695,0,0,1096,6695,California
Fresno,2020-12-29,1765,8425,999,7152,766,1273,0,0,1763,8457,1,1,1763,8458,California
Fresno,2020-12-30,984,9409,443,7595,541,1814,0,0,984,9441,0,1,984,9442,California
Fresno,2020-12-31,928,10337,310,7905,618,2432,0,0,927,10368,0,1,927,10369,California
Fresno,2021-01-01,10,10347,3,7908,7,2439,0,0,10,10378,0,1,10,10379,California
Fresno,2021-01-02,1026,11373,712,8620,314,2753,0,0,1026,11404,0,1,1026,11405,California
Fresno,2021-01-03,155,11528,129,8749,26,2779,0,0,155,11559,0,1,155,11560,California
Fresno,2021-01-04,623,12151,376,9125,247,3026,0,0,623,12182,0,1,623,12183,California
Fresno,2021-01-05,786,12937,312,9437,474,3500,0,0,712,12820,74,75,712,12895,California
Fresno,2021-01-06,995,13932,351,9788,644,4144,0,0,821,13467,174,249,821,13716,California
Fresno,2021-01-07,1902,15834,918,10706,984,5128,0,0,1647,14862,255,504,1650,15366,California
Fresno,2021-01-08,1796,17630,615,11321,1181,6309,0,0,1430,15929,364,868,1431,16797,California
Fresno,2021-01-09,635,18265,390,11711,245,6554,0,0,357,16008,278,1146,357,17154,California
Fresno,2021-01-10,517,18782,487,12198,30,6584,0,0,204,15899,313,1459,204,17358,California
Fresno,2021-01-11,2228,21010,1810,14008,418,7002,0,0,1533,16741,695,2154,1537,18895,California
Fresno,2021-01-12,2541,23551,1831,15839,710,7712,0,0,1690,17580,853,3007,1692,20587,California
Fresno,2021-01-13,3571,27122,2438,18277,1133,8845,0,0,2715,19441,857,3864,2718,23305,California
Fresno,2021-01-14,4166,31288,2200,20477,1966,10811,0,0,3694,22664,471,4335,3694,26999,California
Fresno,2021-01-15,3681,34969,2542,23019,1139,11950,0,0,3321,25629,360,4695,3325,30324,California
Fresno,2021-01-16,3159,38128,2314,25333,845,12795,0,0,2689,27850,470,5165,2691,33015,California
Fresno,2021-01-17,979,39107,557,25890,422,13217,0,0,779,28429,200,5365,779,33794,California
Fresno,2021-01-18,3093,42200,2378,28268,715,13932,0,0,2436,30212,655,6020,2438,36232,California
Fresno,2021-01-19,4355,46555,2551,30819,1804,15736,0,0,3696,33253,659,6679,3700,39932,California
Fresno,2021-01-20,3056,49611,1227,32046,1829,17565,0,0,2741,35685,312,6991,2744,42676,California
Fresno,2021-01-21,4446,54057,2079,34125,2367,19932,0,0,4082,39432,341,7332,4088,46764,California
Fresno,2021-01-22,3335,57392,1356,35481,1979,21911,0,0,2947,42009,371,7703,2948,49712,California
Fresno,2021-01-23,3066,60458,1982,37463,1084,22995,0,0,2343,43635,722,8425,2348,52060,California
Fresno,2021-01-24,557,61015,376,37839,181,23176,0,0,350,43780,207,8632,352,52412,California
Fresno,2021-01-25,2446,63461,868,38707,1578,24754,0,0,1867,45071,579,9211,1870,54282,California
Fresno,2021-01-26,2099,65560,597,39304,1502,26256,0,0,1330,45635,767,9978,1331,55613,California
Fresno,2021-01-27,2425,67985,1251,40555,1174,27430,0,0,1744,46713,676,10654,1754,57367,California
Fresno,2021-01-28,4579,72564,3069,43624,1510,28940,0,0,3477,49095,1098,11752,3480,60847,California
Fresno,2021-01-29,1681,74245,950,44574,731,29671,0,0,1375,50170,301,12053,1376,62223,California
Fresno,2021-01-30,1451,75696,545,45119,906,30577,0,0,1034,50787,417,12470,1034,63257,California
Fresno,2021-01-31,226,75922,215,45334,11,30588,0,0,72,50705,154,12624,72,63329,California
Fresno,2021-02-01,3367,79289,1669,47003,1698,32286,0,0,1776,50901,1590,14214,1786,65115,California
Fresno,2021-02-02,2745,82034,562,47565,2183,34469,0,0,1582,51350,1148,15362,1597,66712,California
Fresno,2021-02-03,3583,85617,2115,49680,1468,35937,0,0,1547,50875,2023,17385,1548,68260,California
Fresno,2021-02-04,4225,89842,1911,51591,2314,38251,0,0,1933,50551,2262,19647,1938,70198,California
Fresno,2021-02-05,5373,95215,2742,54333,2631,40882,0,0,2312,49811,3056,22703,2316,72514,California
Fresno,2021-02-06,2944,98159,2049,56382,895,41777,0,0,973,48823,1962,24665,974,73488,California
Fresno,2021-02-07,470,98629,288,56670,182,41959,0,0,272,48898,197,24862,272,73760,California
Fresno,2021-02-08,4295,102924,2303,58973,1992,43951,0,0,1808,48241,2474,27336,1817,75577,California
Fresno,2021-02-09,5356,108280,2085,61058,3271,47222,0,0,3129,49229,2150,29486,3138,78715,California
Fresno,2021-02-10,3916,112196,1239,62297,2677,49899,0,0,1983,49345,1879,31365,1995,80710,California
Fresno,2021-02-11,6476,118672,2097,64394,4379,54278,0,0,3321,49535,3136,34501,3326,84036,California
Fresno,2021-02-12,5448,124120,1390,65784,4058,58336,0,0,2738,49590,2692,37193,2747,86783,California
Fresno,2021-02-13,3772,127892,1572,67356,2200,60536,0,0,2090,50014,1671,38864,2095,88878,California
Fresno,2021-02-14,1581,129473,289,67645,1292,61828,0,0,848,50132,732,39596,850,89728,California
Fresno,2021-02-15,2909,132382,272,67917,2637,64465,0,0,1801,50833,1104,40700,1805,91533,California
Fresno,2021-02-16,6752,139134,2420,70337,4332,68797,0,0,4257,52621,2475,43175,4263,95796,California
Fresno,2021-02-17,5382,144516,2484,72821,2898,71695,0,0,2991,53271,2345,45520,2995,98791,California
Fresno,2021-02-18,6939,151455,2930,75751,4009,75704,0,0,2595,51578,4299,49819,2606,101397,California
Fresno,2021-02-19,3973,155428,1130,76881,2843,78547,0,0,1841,51302,2120,51939,1844,103241,California
Fresno,2021-02-20,4629,160057,2532,79413,2097,80644,0,0,3109,52903,1514,53453,3115,106356,California
Fresno,2021-02-21,202,160259,182,79595,20,80664,0,0,133,52981,55,53508,133,106489,California
Fresno,2021-02-22,2330,162589,1043,80638,1287,81951,0,0,1270,53204,1049,54557,1272,107761,California
Fresno,2021-02-23,4727,167316,2280,82918,2447,84398,0,0,3837,56165,878,55435,3839,111600,California
Fresno,2021-02-24,4254,171570,1511,84429,2743,87141,0,0,3489,58903,753,56188,3491,115091,California
Fresno,2021-02-25,8739,180309,3762,88191,4977,92118,0,0,7236,64709,1439,57627,7245,122336,California
Fresno,2021-02-26,9069,189378,3717,91908,5352,97470,0,0,7737,71146,1306,58933,7743,130079,California
Fresno,2021-02-27,7300,196678,3165,95073,4134,101604,1,1,6582,77030,703,59636,6587,136666,California
Fresno,2021-02-28,1663,198341,540,95613,1123,102727,0,1,1569,78519,81,59717,1570,138236,California
Fresno,2021-03-01,5123,203464,1330,96943,3793,106520,0,1,3699,80815,1407,61124,3703,141939,California
Fresno,2021-03-02,9891,213355,3394,100337,6497,113017,0,1,8500,87974,1366,62490,8525,150464,California
Fresno,2021-03-03,7086,220441,1787,102124,5298,118315,1,2,6062,93140,1011,63501,6177,156641,California
Fresno,2021-03-04,10478,230919,4133,106257,6345,124660,0,2,8726,100152,1724,65225,8736,165377,California
Fresno,2021-03-05,9378,240297,3643,109900,5733,130393,2,4,8073,107129,1173,66398,8150,173527,California
Fresno,2021-03-06,7025,247322,3953,113853,2954,133347,118,122,6023,112281,994,67392,6146,179673,California
Fresno,2021-03-07,1496,248818,681,114534,778,134125,37,159,1265,113356,228,67620,1303,180976,California
Fresno,2021-03-08,5350,254168,2064,116598,3135,137260,151,310,4051,116284,1286,68906,4214,185190,California
Fresno,2021-03-09,8672,262840,3806,120404,4594,141854,272,582,4661,117262,3990,72896,4968,190158,California
Fresno,2021-03-10,6926,269766,2880,123284,3656,145510,390,972,5411,121565,1506,74402,5809,195967,California
Fresno,2021-03-11,11635,281401,4594,127878,6490,152000,551,1523,6325,123235,5283,79685,6953,202920,California
Fresno,2021-03-12,12091,293492,5151,133029,6513,158513,427,1950,9085,129902,2985,82670,9652,212572,California
Fresno,2021-03-13,8362,301854,4070,137099,3279,161792,1013,2963,4029,130710,4311,86981,5119,217691,California
Fresno,2021-03-14,1781,303635,484,137583,1008,162800,289,3252,672,130573,1098,88079,961,218652,California
Fresno,2021-03-15,7148,310783,3180,140763,3791,166591,177,3429,4933,133686,2200,90279,5313,223965,California
Fresno,2021-03-16,10245,321028,4548,145311,5303,171894,394,3823,5430,134826,4782,95061,5922,229887,California
Fresno,2021-03-17,8749,329777,4002,149313,4045,175939,702,4525,5913,139037,2812,97873,7023,236910,California
Fresno,2021-03-18,12560,342337,6799,156112,5084,181023,677,5202,7038,141776,5471,103344,8210,245120,California
Fresno,2021-03-19,11289,353626,5963,162075,4703,185726,623,5825,6925,145372,4330,107674,7926,253046,California
Fresno,2021-03-20,7645,361271,4616,166691,2704,188430,325,6150,3758,145919,3856,111530,4403,257449,California
Fresno,2021-03-21,1868,363139,1275,167966,213,188643,380,6530,1022,146485,838,112368,1404,258853,California
Fresno,2021-03-22,5715,368854,2934,170900,2183,190826,598,7128,3812,149252,1884,114252,4651,263504,California
Fresno,2021-03-23,10653,379507,5331,176231,4822,195648,500,7628,5103,149776,5526,119778,6050,269554,California
Fresno,2021-03-24,8903,388410,3855,180086,4214,199862,834,8462,4967,151732,3898,123676,5854,275408,California
Fresno,2021-03-25,12231,400641,5690,185776,5736,205598,805,9267,4750,149937,7431,131107,5636,281044,California
Fresno,2021-03-26,12265,412906,5471,191247,6147,211745,647,9914,4447,147298,7758,138865,5119,286163,California
Fresno,2021-03-27,10144,423050,4857,196104,4199,215944,1088,11002,2972,144231,7132,145997,4065,290228,California
Fresno,2021-03-28,3423,426473,1323,197427,1407,217351,693,11695,1117,144191,2298,148295,2258,292486,California
Fresno,2021-03-29,6005,432478,2016,199443,3449,220800,540,12235,2896,144561,3080,151375,3450,295936,California
Fresno,2021-03-30,11022,443500,4276,203719,5847,226647,899,13134,3826,142124,7163,158538,4726,300662,California
Fresno,2021-03-31,9739,453239,3396,207115,5342,231989,1001,14135,3663,140753,6028,164566,4657,305319,California
Fresno,2021-04-01,12252,465491,4225,211340,7154,239143,873,15008,4050,137536,8095,172661,4878,310197,California
Fresno,2021-04-02,12129,477620,4642,215982,6689,245832,798,15806,4275,134923,7690,180351,5077,315274,California
Fresno,2021-04-03,6423,484043,3529,219511,2630,248462,264,16070,2143,133105,4261,184612,2443,317717,California
Fresno,2021-04-04,1499,485542,538,220049,915,249377,46,16116,544,132750,945,185557,590,318307,California
Fresno,2021-04-05,8348,493890,4478,224527,3067,252444,803,16919,2440,130173,5890,191447,3313,321620,California
Fresno,2021-04-06,9658,503548,4048,228575,4417,256861,1193,18112,3554,128872,6064,197511,4763,326383,California
Fresno,2021-04-07,10649,514197,5515,234090,3917,260778,1217,19329,3541,126592,7063,204574,4783,331166,California
Fresno,2021-04-08,10993,525190,5184,239274,4644,265422,1165,20494,3454,123762,7487,212061,4657,335823,California
Fresno,2021-04-09,11735,536925,5465,244739,4866,270288,1404,21898,3683,120865,8003,220064,5106,340929,California
Fresno,2021-04-10,7936,544861,5174,249913,2234,272522,528,22426,3686,120846,4231,224295,4212,345141,California
Fresno,2021-04-11,1404,546265,939,250852,373,272895,92,22518,448,120436,951,225246,541,345682,California
Fresno,2021-04-12,7575,553840,4097,254949,2544,275439,934,23452,2415,118655,5128,230374,3347,349029,California
Fresno,2021-04-13,9046,562886,4321,259270,4654,280093,71,23523,3522,116857,5485,235859,3687,352716,California
Fresno,2021-04-14,9762,572648,5812,265082,3949,284042,1,23524,3789,114765,5929,241788,3837,356553,California
Fresno,2021-04-15,8530,581178,4246,269328,4281,288323,3,23527,3198,112668,5301,247089,3204,359757,California
Fresno,2021-04-16,9631,590809,4675,274003,4954,293277,2,23529,3913,110912,5676,252765,3920,363677,California
Fresno,2021-04-17,5671,596480,3791,277794,1880,295157,0,23529,2696,110658,2952,255717,2698,366375,California
Fresno,2021-04-18,1159,597639,683,278477,476,295633,0,23529,519,110542,635,256352,519,366894,California
Fresno,2021-04-19,5802,603441,3229,281706,2570,298203,3,23532,2264,109315,3497,259849,2270,369164,California
Fresno,2021-04-20,7227,610668,3693,285399,3526,301729,8,23540,2699,107522,4500,264349,2707,371871,California
Fresno,2021-04-21,7050,617718,4172,289571,2869,304598,9,23549,2892,106310,4116,268465,2904,374775,California
Fresno,2021-04-22,6572,624290,3349,292920,3222,307820,1,23550,2414,104632,4096,272561,2418,377193,California
Fresno,2021-04-23,7347,631637,4041,296961,3289,311109,17,23567,2803,102984,4456,277017,2808,380001,California
Fresno,2021-04-24,4173,635810,2489,299450,1684,312793,0,23567,1916,102656,2244,279261,1916,381917,California
Fresno,2021-04-25,1370,637180,553,300003,814,313607,3,23570,685,102665,679,279940,688,382605,California
Fresno,2021-04-26,4320,641500,2218,302221,2057,315664,45,23615,1823,102068,2465,282405,1868,384473,California
Fresno,2021-04-27,4934,646434,2531,304752,2277,317941,126,23741,1939,101160,2972,285377,2064,386537,California
Fresno,2021-04-28,4917,651351,2810,307562,1977,319918,130,23871,2064,100527,2828,288205,2195,388732,California
Fresno,2021-04-29,4910,656261,2761,310323,2009,321927,140,24011,1880,99546,2999,291204,2018,390750,California
Fresno,2021-04-30,5524,661785,3389,313712,2001,323928,134,24145,2218,98622,3275,294479,2351,393101,California
Fresno,2021-05-01,4202,665987,3468,317180,594,324522,140,24285,1235,97049,2946,297425,1373,394474,California
Fresno,2021-05-02,1252,667239,776,317956,425,324947,51,24336,616,97090,624,298049,665,395139,California
Fresno,2021-05-03,4055,671294,2704,320660,1158,326105,193,24529,1308,95867,2718,300767,1495,396634,California
Fresno,2021-05-04,4947,676241,2611,323271,2184,328289,152,24681,1573,94248,3346,304113,1727,398361,California
Fresno,2021-05-05,5367,681608,3408,326679,1731,330020,228,24909,1691,92513,3651,307764,1916,400277,California
Fresno,2021-05-06,4491,686099,2899,329578,1488,331508,104,25013,1560,91278,2899,310663,1664,401941,California
Fresno,2021-05-07,5090,691189,3359,332937,1564,333072,167,25180,1578,89531,3488,314151,1741,403682,California
Fresno,2021-05-08,4063,695252,2650,335587,1265,334337,148,25328,1253,88148,2785,316936,1402,405084,California
Fresno,2021-05-09,721,695973,393,335980,285,334622,43,25371,349,88174,366,317302,392,405476,California
Fresno,2021-05-10,2980,698953,1590,337570,1249,335871,141,25512,932,87210,2037,319339,1073,406549,California
Fresno,2021-05-11,3892,702845,2076,339646,1720,337591,96,25608,1257,85943,2620,321959,1353,407902,California
Fresno,2021-05-12,4152,706997,2712,342358,1276,338867,164,25772,1401,84784,2724,324683,1565,409467,California
Fresno,2021-05-13,4183,711180,2449,344807,1629,340496,105,25877,1858,84463,2285,326968,1964,411431,California
Fresno,2021-05-14,5112,716292,3079,347886,1849,342345,184,26061,2155,83879,2924,329892,2340,413771,California
Fresno,2021-05-15,3641,719933,2732,350618,778,343123,131,26192,1864,84107,1765,331657,1993,415764,California
Fresno,2021-05-16,1583,721516,1084,351702,465,343588,34,26226,919,84403,658,332315,954,416718,California
Fresno,2021-05-17,4183,725699,2829,354531,1191,344779,163,26389,2222,84854,1932,334247,2383,419101,California
Fresno,2021-05-18,4130,729829,2553,357084,1421,346200,156,26545,2080,85061,2026,336273,2233,421334,California
Fresno,2021-05-19,4358,734187,2768,359852,1413,347613,177,26722,2057,85017,2277,338550,2233,423567,California
Fresno,2021-05-20,4117,738304,2459,362311,1470,349083,188,26910,1873,84850,2226,340776,2059,425626,California
Fresno,2021-05-21,4615,742919,3023,365334,1497,350580,95,27005,2069,84497,2515,343291,2162,427788,California
Fresno,2021-05-22,3945,746864,2928,368262,844,351424,173,27178,2268,85277,1660,344951,2440,430228,California
Fresno,2021-05-23,962,747826,629,368891,303,351727,30,27208,474,85303,478,345429,504,430732,California
Fresno,2021-05-24,3307,751133,2101,370992,1091,352818,115,27323,1529,85194,1753,347182,1644,432376,California
Fresno,2021-05-25,3218,754351,1929,372921,1163,353981,126,27449,1348,84811,1856,349038,1473,433849,California
Fresno,2021-05-26,3254,757605,2147,375068,1000,354981,107,27556,1574,84832,1659,350697,1680,435529,California
Fresno,2021-05-27,3152,760757,1914,376982,1131,356112,107,27663,1315,84443,1812,352509,1423,436952,California
Fresno,2021-05-28,3445,764202,2216,379198,1134,357246,95,27758,1871,84859,1551,354060,1967,438919,California
Fresno,2021-05-29,2281,766483,1662,380860,549,357795,70,27828,1191,85041,1080,355140,1262,440181,California
Fresno,2021-05-30,893,767376,535,381395,322,358117,36,27864,413,85028,461,355601,448,440629,California
Fresno,2021-05-31,317,767693,158,381553,147,358264,12,27876,133,84992,179,355780,143,440772,California
Fresno,2021-06-01,3022,770715,1818,383371,1107,359371,97,27973,1141,84371,1858,357638,1237,442009,California
Fresno,2021-06-02,2673,773388,1722,385093,861,360232,90,28063,1064,83948,1579,359217,1156,443165,California
Fresno,2021-06-03,2964,776352,2033,387126,829,361061,102,28165,1107,83320,1835,361052,1207,444372,California
Fresno,2021-06-04,3242,779594,2350,389476,791,361852,101,28266,1068,82340,2150,363202,1170,445542,California
Fresno,2021-06-05,3125,782719,2312,391788,692,362544,121,28387,1224,81810,1873,365075,1343,446885,California
Fresno,2021-06-06,1178,783897,936,392724,204,362748,38,28425,346,81367,827,365902,384,447269,California
Fresno,2021-06-07,3094,786991,2428,395152,575,363323,91,28516,888,80162,2184,368086,979,448248,California
Fresno,2021-06-08,2766,789757,2038,397190,646,363969,82,28598,808,79105,1946,370032,889,449137,California
Fresno,2021-06-09,2945,792702,2198,399388,656,364625,91,28689,971,78211,1955,371987,1061,450198,California
Fresno,2021-06-10,2660,795362,1930,401318,660,365285,70,28759,918,77477,1721,373708,987,451185,California
Fresno,2021-06-11,3162,798524,2220,403538,832,366117,110,28869,1166,76794,1959,375667,1276,452461,California
Fresno,2021-06-12,2905,801429,2297,405835,443,366560,165,29034,776,75615,2115,377782,936,453397,California
Fresno,2021-06-13,714,802143,463,406298,234,366794,17,29051,195,75313,514,378296,212,453609,California
Fresno,2021-06-14,2506,804649,1824,408122,554,367348,128,29179,947,74848,1538,379834,1073,454682,California
Fresno,2021-06-15,2369,807018,1700,409822,593,367941,76,29255,931,74435,1419,381253,1006,455688,California
Fresno,2021-06-16,2634,809652,1890,411712,631,368572,113,29368,1038,74001,1583,382836,1149,456837,California
Fresno,2021-06-17,2260,811912,1579,413291,587,369159,94,29462,951,73749,1295,384131,1043,457880,California
Fresno,2021-06-18,3002,814914,2156,415447,729,369888,117,29579,1186,73255,1798,385929,1304,459184,California
Fresno,2021-06-19,1691,816605,1249,416696,365,370253,77,29656,582,72807,1105,387034,657,459841,California
Fresno,2021-06-20,499,817104,353,417049,135,370388,11,29667,192,72708,302,387336,203,460044,California
Fresno,2021-06-21,1623,818727,1083,418132,475,370863,65,29732,935,73034,674,388010,1000,461044,California
Fresno,2021-06-22,2170,820897,1500,419632,560,371423,110,29842,1004,72993,1152,389162,1111,462155,California
Fresno,2021-06-23,2056,822953,1472,421104,516,371939,68,29910,1010,73040,1029,390191,1076,463231,California
Fresno,2021-06-24,1997,824950,1411,422515,510,372449,76,29986,889,72913,1091,391282,964,464195,California
Fresno,2021-06-25,2058,827008,1440,423955,537,372986,81,30067,979,72911,1062,392344,1060,465255,California
Fresno,2021-06-26,1835,828843,1422,425377,313,373299,100,30167,716,72615,1112,393456,816,466071,California
Fresno,2021-06-27,914,829757,677,426054,138,373437,99,30266,466,72733,444,393900,562,466633,California
Fresno,2021-06-28,1606,831363,1223,427277,288,373725,95,30361,710,72650,885,394785,802,467435,California
Fresno,2021-06-29,1779,833142,1181,428458,521,374246,77,30438,800,72556,970,395755,876,468311,California
Fresno,2021-06-30,1706,834848,1159,429617,458,374704,89,30527,739,72434,951,396706,829,469140,California
Fresno,2021-07-01,1568,836416,1135,430752,364,375068,69,30596,692,72331,862,397568,759,469899,California
Fresno,2021-07-02,1679,838095,1194,431946,418,375486,67,30663,800,72327,870,398438,866,470765,California
Fresno,2021-07-03,1021,839116,751,432697,242,375728,28,30691,491,72326,520,398958,519,471284,California
Fresno,2021-07-04,71,839187,22,432719,44,375772,5,30696,27,72314,44,399002,32,471316,California
Glenn,2020-12-17,1,1,1,1,0,0,0,0,1,1,0,0,1,1,California
Glenn,2020-12-19,1,2,1,2,0,0,0,0,1,2,0,0,1,2,California
Glenn,2020-12-20,1,3,1,3,0,0,0,0,1,3,0,0,1,3,California
Glenn,2020-12-21,12,15,12,15,0,0,0,0,12,15,0,0,12,15,California
Glenn,2020-12-22,59,74,59,74,0,0,0,0,59,74,0,0,59,74,California
Glenn,2020-12-23,28,102,28,102,0,0,0,0,28,102,0,0,28,102,California
Glenn,2020-12-24,9,111,9,111,0,0,0,0,9,111,0,0,9,111,California
Glenn,2020-12-26,2,113,2,113,0,0,0,0,2,113,0,0,2,113,California
Glenn,2020-12-27,4,117,4,117,0,0,0,0,4,117,0,0,4,117,California
Glenn,2020-12-28,22,139,22,139,0,0,0,0,22,139,0,0,22,139,California
Glenn,2020-12-29,83,222,83,222,0,0,0,0,83,222,0,0,83,222,California
Glenn,2020-12-30,129,351,106,328,23,23,0,0,129,351,0,0,129,351,California
Glenn,2020-12-31,38,389,9,337,29,52,0,0,38,389,0,0,38,389,California
Glenn,2021-01-02,3,392,3,340,0,52,0,0,3,392,0,0,3,392,California
Glenn,2021-01-04,7,399,5,345,2,54,0,0,7,399,0,0,7,399,California
Glenn,2021-01-05,9,408,8,353,1,55,0,0,9,408,0,0,9,408,California
Glenn,2021-01-06,60,468,8,361,52,107,0,0,60,468,0,0,60,468,California
Glenn,2021-01-07,67,535,12,373,55,162,0,0,65,531,2,2,65,533,California
Glenn,2021-01-08,12,547,9,382,3,165,0,0,12,543,0,2,12,545,California
Glenn,2021-01-10,1,548,1,383,0,165,0,0,0,542,1,3,0,545,California
Glenn,2021-01-11,30,578,30,413,0,165,0,0,12,536,18,21,12,557,California
Glenn,2021-01-12,42,620,37,450,5,170,0,0,14,522,28,49,14,571,California
Glenn,2021-01-13,221,841,158,608,63,233,0,0,176,653,45,94,176,747,California
Glenn,2021-01-14,119,960,30,638,89,322,0,0,109,752,10,104,109,856,California
Glenn,2021-01-15,40,1000,33,671,7,329,0,0,35,782,5,109,35,891,California
Glenn,2021-01-16,33,1033,14,685,19,348,0,0,23,795,10,119,23,914,California
Glenn,2021-01-17,4,1037,2,687,2,350,0,0,2,795,2,121,2,916,California
Glenn,2021-01-18,18,1055,17,704,1,351,0,0,9,795,9,130,9,925,California
Glenn,2021-01-19,30,1085,20,724,10,361,0,0,13,791,17,147,13,938,California
Glenn,2021-01-20,164,1249,95,819,69,430,0,0,82,791,82,229,82,1020,California
Glenn,2021-01-21,124,1373,98,917,26,456,0,0,30,727,94,323,30,1050,California
Glenn,2021-01-22,340,1713,66,983,274,730,0,0,333,1053,7,330,333,1383,California
Glenn,2021-01-23,16,1729,9,992,7,737,0,0,13,1063,3,333,13,1396,California
Glenn,2021-01-24,2,1731,2,994,0,737,0,0,2,1065,0,333,2,1398,California
Glenn,2021-01-25,27,1758,9,1003,18,755,0,0,24,1086,3,336,24,1422,California
Glenn,2021-01-26,30,1788,14,1017,16,771,0,0,24,1104,6,342,24,1446,California
Glenn,2021-01-27,190,1978,13,1030,177,948,0,0,168,1250,22,364,168,1614,California
Glenn,2021-01-28,147,2125,8,1038,139,1087,0,0,117,1337,30,394,117,1731,California
Glenn,2021-01-29,297,2422,12,1050,285,1372,0,0,283,1606,14,408,283,2014,California
Glenn,2021-01-30,4,2426,0,1050,4,1376,0,0,4,1610,0,408,4,2018,California
Glenn,2021-01-31,1,2427,0,1050,1,1377,0,0,1,1611,0,408,1,2019,California
Glenn,2021-02-01,30,2457,11,1061,19,1396,0,0,18,1617,12,420,18,2037,California
Glenn,2021-02-02,32,2489,16,1077,16,1412,0,0,22,1629,10,430,22,2059,California
Glenn,2021-02-03,280,2769,126,1203,154,1566,0,0,134,1618,146,576,135,2194,California
Glenn,2021-02-04,83,2852,16,1219,67,1633,0,0,26,1587,57,633,26,2220,California
Glenn,2021-02-05,319,3171,24,1243,295,1928,0,0,299,1866,20,653,299,2519,California
Glenn,2021-02-06,14,3185,2,1245,12,1940,0,0,13,1878,1,654,13,2532,California
Glenn,2021-02-07,2,3187,2,1247,0,1940,0,0,2,1880,0,654,2,2534,California
Glenn,2021-02-08,21,3208,17,1264,4,1944,0,0,4,1867,17,671,4,2538,California
Glenn,2021-02-09,51,3259,20,1284,31,1975,0,0,38,1892,13,684,38,2576,California
Glenn,2021-02-10,143,3402,19,1303,124,2099,0,0,72,1893,71,755,72,2648,California
Glenn,2021-02-11,268,3670,167,1470,101,2200,0,0,184,1994,84,839,185,2833,California
Glenn,2021-02-12,419,4089,99,1569,320,2520,0,0,352,2279,67,906,352,3185,California
Glenn,2021-02-13,37,4126,9,1578,28,2548,0,0,17,2276,20,926,17,3202,California
Glenn,2021-02-14,1,4127,0,1578,1,2549,0,0,1,2277,0,926,1,3203,California
Glenn,2021-02-15,9,4136,0,1578,9,2558,0,0,8,2284,1,927,8,3211,California
Glenn,2021-02-16,44,4180,9,1587,35,2593,0,0,25,2290,19,946,25,3236,California
Glenn,2021-02-17,381,4561,14,1601,367,2960,0,0,303,2515,78,1024,303,3539,California
Glenn,2021-02-18,174,4735,139,1740,35,2995,0,0,149,2640,24,1048,149,3688,California
Glenn,2021-02-19,303,5038,17,1757,286,3281,0,0,29,2395,274,1322,29,3717,California
Glenn,2021-02-20,9,5047,0,1757,9,3290,0,0,1,2388,8,1330,1,3718,California
Glenn,2021-02-21,1,5048,1,1758,0,3290,0,0,1,2389,0,1330,1,3719,California
Glenn,2021-02-22,36,5084,17,1775,19,3309,0,0,18,2390,17,1347,18,3737,California
Glenn,2021-02-23,44,5128,12,1787,32,3341,0,0,31,2408,13,1360,31,3768,California
Glenn,2021-02-24,270,5398,48,1835,222,3563,0,0,61,2260,209,1569,61,3829,California
Glenn,2021-02-25,323,5721,208,2043,115,3678,0,0,205,2346,119,1688,205,4034,California
Glenn,2021-02-26,305,6026,24,2067,281,3959,0,0,20,2082,284,1972,20,4054,California
Glenn,2021-02-27,16,6042,6,2073,10,3969,0,0,6,2079,9,1981,6,4060,California
Glenn,2021-02-28,6,6048,3,2076,3,3972,0,0,3,2080,2,1983,3,4063,California
Glenn,2021-03-01,28,6076,6,2082,22,3994,0,0,13,2078,15,1998,13,4076,California
Glenn,2021-03-02,38,6114,7,2089,31,4025,0,0,19,2078,19,2017,19,4095,California
Glenn,2021-03-03,212,6326,38,2127,174,4199,0,0,119,2106,91,2108,119,4214,California
Glenn,2021-03-04,543,6869,198,2325,345,4544,0,0,361,2285,182,2290,361,4575,California
Glenn,2021-03-05,357,7226,49,2374,308,4852,0,0,35,1998,322,2612,35,4610,California
Glenn,2021-03-06,28,7254,4,2378,23,4875,1,1,11,1993,17,2629,12,4622,California
Glenn,2021-03-07,5,7259,0,2378,5,4880,0,1,3,1995,1,2630,3,4625,California
Glenn,2021-03-08,20,7279,2,2380,17,4897,1,2,18,2012,2,2632,19,4644,California
Glenn,2021-03-09,83,7362,12,2392,68,4965,3,5,53,2037,30,2662,55,4699,California
Glenn,2021-03-10,188,7550,80,2472,106,5071,2,7,104,2059,84,2746,106,4805,California
Glenn,2021-03-11,593,8143,179,2651,391,5462,23,30,420,2332,173,2919,446,5251,California
Glenn,2021-03-12,420,8563,14,2665,343,5805,63,93,41,2057,379,3298,104,5355,California
Glenn,2021-03-13,13,8576,1,2666,4,5809,8,101,1,2054,12,3310,9,5364,California
Glenn,2021-03-14,3,8579,1,2667,2,5811,0,101,1,2053,2,3312,1,5365,California
Glenn,2021-03-15,76,8655,15,2682,56,5867,5,106,59,2100,17,3329,64,5429,California
Glenn,2021-03-16,113,8768,34,2716,69,5936,10,116,69,2135,44,3373,79,5508,California
Glenn,2021-03-17,419,9187,99,2815,313,6249,7,123,114,1949,305,3678,119,5627,California
Glenn,2021-03-18,535,9722,230,3045,50,6299,255,378,75,1818,460,4138,329,5956,California
Glenn,2021-03-19,96,9818,16,3061,74,6373,6,384,75,1879,20,4158,81,6037,California
Glenn,2021-03-20,133,9951,2,3063,130,6503,1,385,130,2007,3,4161,131,6168,California
Glenn,2021-03-21,6,9957,5,3068,0,6503,1,386,3,2009,2,4163,4,6172,California
Glenn,2021-03-22,124,10081,55,3123,61,6564,8,394,104,2103,18,4181,112,6284,California
Glenn,2021-03-23,179,10260,67,3190,61,6625,51,445,104,2184,74,4255,155,6439,California
Glenn,2021-03-24,213,10473,103,3293,105,6730,5,450,125,2228,86,4341,130,6569,California
Glenn,2021-03-25,481,10954,240,3533,147,6877,94,544,347,2536,133,4474,441,7010,California
Glenn,2021-03-26,238,11192,37,3570,165,7042,36,580,187,2708,51,4525,223,7233,California
Glenn,2021-03-27,168,11360,22,3592,140,7182,6,586,154,2854,14,4539,160,7393,California
Glenn,2021-03-28,15,11375,10,3602,5,7187,0,586,10,2859,5,4544,10,7403,California
Glenn,2021-03-29,62,11437,20,3622,39,7226,3,589,47,2894,15,4559,50,7453,California
Glenn,2021-03-30,76,11513,43,3665,32,7258,1,590,43,2907,31,4590,44,7497,California
Glenn,2021-03-31,132,11645,35,3700,96,7354,1,591,43,2863,88,4678,44,7541,California
Glenn,2021-04-01,656,12301,189,3889,458,7812,9,600,230,2679,423,5101,239,7780,California
Glenn,2021-04-02,170,12471,26,3915,132,7944,12,612,133,2787,37,5138,145,7925,California
Glenn,2021-04-03,95,12566,4,3919,84,8028,7,619,84,2867,11,5149,91,8016,California
Glenn,2021-04-04,9,12575,3,3922,4,8032,2,621,5,2870,4,5153,7,8023,California
Glenn,2021-04-05,67,12642,26,3948,28,8060,13,634,30,2876,37,5190,43,8066,California
Glenn,2021-04-06,144,12786,52,4000,53,8113,39,673,37,2845,106,5296,75,8141,California
Glenn,2021-04-07,161,12947,47,4047,60,8173,54,727,75,2888,86,5382,129,8270,California
Glenn,2021-04-08,642,13589,188,4235,418,8591,36,763,138,2560,502,5884,174,8444,California
Glenn,2021-04-09,160,13749,57,4292,86,8677,17,780,102,2620,58,5942,118,8562,California
Glenn,2021-04-10,77,13826,1,4293,60,8737,16,796,58,2676,18,5960,74,8636,California
Glenn,2021-04-11,17,13843,8,4301,4,8741,5,801,7,2678,10,5970,12,8648,California
Glenn,2021-04-12,116,13959,26,4327,61,8802,29,830,21,2633,95,6065,50,8698,California
Glenn,2021-04-13,119,14078,64,4391,55,8857,0,830,30,2574,89,6154,30,8728,California
Glenn,2021-04-14,122,14200,46,4437,76,8933,0,830,67,2586,55,6209,67,8795,California
Glenn,2021-04-15,365,14565,276,4713,89,9022,0,830,111,2444,253,6462,111,8906,California
Glenn,2021-04-16,169,14734,42,4755,127,9149,0,830,79,2433,90,6552,79,8985,California
Glenn,2021-04-17,169,14903,17,4772,152,9301,0,830,30,2332,131,6683,30,9015,California
Glenn,2021-04-18,19,14922,6,4778,13,9314,0,830,15,2343,4,6687,15,9030,California
Glenn,2021-04-19,84,15006,17,4795,67,9381,0,830,23,2306,60,6747,23,9053,California
Glenn,2021-04-20,134,15140,90,4885,44,9425,0,830,55,2282,79,6826,55,9108,California
Glenn,2021-04-21,431,15571,328,5213,103,9528,0,830,291,2434,139,6965,291,9399,California
Glenn,2021-04-22,214,15785,54,5267,160,9688,0,830,38,2297,175,7140,38,9437,California
Glenn,2021-04-23,191,15976,36,5303,155,9843,0,830,49,2205,141,7281,49,9486,California
Glenn,2021-04-24,180,16156,32,5335,148,9991,0,830,30,2086,149,7430,30,9516,California
Glenn,2021-04-25,30,16186,18,5353,12,10003,0,830,22,2100,8,7438,22,9538,California
Glenn,2021-04-26,50,16236,14,5367,36,10039,0,830,19,2088,31,7469,19,9557,California
Glenn,2021-04-27,66,16302,50,5417,11,10050,5,835,34,2094,32,7501,38,9595,California
Glenn,2021-04-28,263,16565,184,5601,68,10118,11,846,132,2107,130,7631,143,9738,California
Glenn,2021-04-29,186,16751,27,5628,157,10275,2,848,40,2003,146,7777,42,9780,California
Glenn,2021-04-30,163,16914,42,5670,119,10394,2,850,40,1922,123,7900,42,9822,California
Glenn,2021-05-01,108,17022,13,5683,94,10488,1,851,26,1867,82,7982,27,9849,California
Glenn,2021-05-02,32,17054,14,5697,9,10497,9,860,15,1874,17,7999,24,9873,California
Glenn,2021-05-03,39,17093,24,5721,14,10511,1,861,14,1864,25,8024,15,9888,California
Glenn,2021-05-04,60,17153,36,5757,19,10530,5,866,28,1865,32,8056,33,9921,California
Glenn,2021-05-05,127,17280,39,5796,77,10607,11,877,52,1853,75,8131,63,9984,California
Glenn,2021-05-06,111,17391,41,5837,65,10672,5,882,40,1827,71,8202,45,10029,California
Glenn,2021-05-07,122,17513,36,5873,77,10749,9,891,30,1775,91,8293,39,10068,California
Glenn,2021-05-08,65,17578,12,5885,49,10798,4,895,21,1757,43,8336,25,10093,California
Glenn,2021-05-09,17,17595,11,5896,6,10804,0,895,11,1762,6,8342,11,10104,California
Glenn,2021-05-10,37,17632,15,5911,17,10821,5,900,13,1756,24,8366,18,10122,California
Glenn,2021-05-11,84,17716,59,5970,16,10837,9,909,17,1715,67,8433,26,10148,California
Glenn,2021-05-12,335,18051,252,6222,69,10906,14,923,50,1494,285,8718,64,10212,California
Glenn,2021-05-13,158,18209,59,6281,80,10986,19,942,64,1483,94,8812,83,10295,California
Glenn,2021-05-14,106,18315,24,6305,77,11063,5,947,34,1450,72,8884,39,10334,California
Glenn,2021-05-15,67,18382,40,6345,24,11087,3,950,32,1450,34,8918,34,10368,California
Glenn,2021-05-16,31,18413,18,6363,13,11100,0,950,9,1437,22,8940,9,10377,California
Glenn,2021-05-17,86,18499,61,6424,21,11121,4,954,60,1475,26,8966,64,10441,California
Glenn,2021-05-18,68,18567,50,6474,14,11135,4,958,22,1455,46,9012,26,10467,California
Glenn,2021-05-19,200,18767,118,6592,70,11205,12,970,74,1415,125,9137,85,10552,California
Glenn,2021-05-20,120,18887,79,6671,39,11244,2,972,80,1457,40,9177,82,10634,California
Glenn,2021-05-21,70,18957,26,6697,43,11287,1,973,28,1444,42,9219,29,10663,California
Glenn,2021-05-22,56,19013,24,6721,32,11319,0,973,29,1446,27,9246,29,10692,California
Glenn,2021-05-23,29,19042,16,6737,13,11332,0,973,12,1442,16,9262,12,10704,California
Glenn,2021-05-24,30,19072,11,6748,15,11347,4,977,11,1439,18,9280,15,10719,California
Glenn,2021-05-25,47,19119,35,6783,10,11357,2,979,23,1440,24,9304,25,10744,California
Glenn,2021-05-26,73,19192,14,6797,55,11412,4,983,25,1421,48,9352,29,10773,California
Glenn,2021-05-27,101,19293,62,6859,38,11450,1,984,47,1417,52,9404,48,10821,California
Glenn,2021-05-28,62,19355,18,6877,37,11487,7,991,32,1426,30,9434,39,10860,California
Glenn,2021-05-29,48,19403,11,6888,33,11520,4,995,21,1424,27,9461,25,10885,California
Glenn,2021-05-30,21,19424,13,6901,8,11528,0,995,8,1420,12,9473,8,10893,California
Glenn,2021-05-31,4,19428,0,6901,4,11532,0,995,0,1416,4,9477,0,10893,California
Glenn,2021-06-01,59,19487,34,6935,22,11554,3,998,24,1408,35,9512,27,10920,California
Glenn,2021-06-02,98,19585,49,6984,46,11600,3,1001,39,1391,59,9571,42,10962,California
Glenn,2021-06-03,75,19660,42,7026,26,11626,7,1008,18,1361,55,9626,25,10987,California
Glenn,2021-06-04,77,19737,37,7063,37,11663,3,1011,42,1371,35,9661,45,11032,California
Glenn,2021-06-05,55,19792,30,7093,22,11685,3,1014,17,1353,38,9699,20,11052,California
Glenn,2021-06-06,30,19822,27,7120,2,11687,1,1015,14,1353,15,9714,15,11067,California
Glenn,2021-06-07,68,19890,59,7179,7,11694,2,1017,13,1314,54,9768,15,11082,California
Glenn,2021-06-08,35,19925,19,7198,11,11705,5,1022,16,1316,19,9787,21,11103,California
Glenn,2021-06-09,64,19989,36,7234,21,11726,7,1029,31,1321,33,9820,38,11141,California
Glenn,2021-06-10,119,20108,88,7322,25,11751,6,1035,35,1278,84,9904,41,11182,California
Glenn,2021-06-11,88,20196,57,7379,28,11779,3,1038,25,1243,63,9967,28,11210,California
Glenn,2021-06-12,35,20231,19,7398,13,11792,3,1041,13,1237,22,9989,16,11226,California
Glenn,2021-06-13,11,20242,11,7409,0,11792,0,1041,5,1236,6,9995,5,11231,California
Glenn,2021-06-14,40,20282,27,7436,10,11802,3,1044,16,1232,23,10018,19,11250,California
Glenn,2021-06-15,49,20331,33,7469,15,11817,1,1045,22,1228,27,10045,23,11273,California
Glenn,2021-06-16,85,20416,50,7519,34,11851,1,1046,58,1262,25,10070,59,11332,California
Glenn,2021-06-17,61,20477,36,7555,21,11872,4,1050,7,1219,54,10124,11,11343,California
Glenn,2021-06-18,82,20559,44,7599,17,11889,21,1071,28,1214,54,10178,49,11392,California
Glenn,2021-06-19,42,20601,21,7620,21,11910,0,1071,24,1220,18,10196,24,11416,California
Glenn,2021-06-20,15,20616,11,7631,4,11914,0,1071,4,1213,11,10207,4,11420,California
Glenn,2021-06-21,26,20642,18,7649,6,11920,2,1073,19,1227,7,10214,21,11441,California
Glenn,2021-06-22,47,20689,32,7681,13,11933,2,1075,22,1227,24,10238,24,11465,California
Glenn,2021-06-23,54,20743,37,7718,14,11947,3,1078,28,1232,26,10264,31,11496,California
Glenn,2021-06-24,44,20787,27,7745,13,11960,4,1082,17,1226,27,10291,21,11517,California
Glenn,2021-06-25,68,20855,48,7793,19,11979,1,1083,32,1223,36,10327,33,11550,California
Glenn,2021-06-26,35,20890,20,7813,14,11993,1,1084,16,1221,19,10346,17,11567,California
Glenn,2021-06-27,17,20907,13,7826,4,11997,0,1084,4,1212,13,10359,4,11571,California
Glenn,2021-06-28,27,20934,23,7849,1,11998,3,1087,12,1211,15,10374,14,11585,California
Glenn,2021-06-29,33,20967,16,7865,12,12010,5,1092,11,1205,22,10396,16,11601,California
Glenn,2021-06-30,76,21043,51,7916,20,12030,5,1097,36,1206,40,10436,41,11642,California
Glenn,2021-07-01,56,21099,40,7956,13,12043,3,1100,16,1185,40,10476,19,11661,California
Glenn,2021-07-02,57,21156,35,7991,18,12061,4,1104,22,1177,34,10510,26,11687,California
Glenn,2021-07-03,36,21192,28,8019,7,12068,1,1105,24,1190,12,10522,25,11712,California
Glenn,2021-07-04,3,21195,2,8021,0,12068,1,1106,0,1188,3,10525,1,11713,California
Humboldt,2020-12-15,3,3,3,3,0,0,0,0,3,3,0,0,3,3,California
Humboldt,2020-12-16,16,19,16,19,0,0,0,0,16,19,0,0,16,19,California
Humboldt,2020-12-17,119,138,119,138,0,0,0,0,119,138,0,0,119,138,California
Humboldt,2020-12-18,177,315,177,315,0,0,0,0,177,315,0,0,177,315,California
Humboldt,2020-12-19,10,325,10,325,0,0,0,0,10,325,0,0,10,325,California
Humboldt,2020-12-20,27,352,27,352,0,0,0,0,27,352,0,0,27,352,California
Humboldt,2020-12-21,167,519,167,519,0,0,0,0,167,519,0,0,167,519,California
Humboldt,2020-12-22,337,856,337,856,0,0,0,0,337,856,0,0,337,856,California
Humboldt,2020-12-23,322,1178,264,1120,58,58,0,0,324,1180,0,0,324,1180,California
Humboldt,2020-12-24,25,1203,2,1122,23,81,0,0,25,1205,0,0,25,1205,California
Humboldt,2020-12-25,2,1205,2,1124,0,81,0,0,2,1207,0,0,2,1207,California
Humboldt,2020-12-26,6,1211,5,1129,1,82,0,0,6,1213,0,0,6,1213,California
Humboldt,2020-12-28,207,1418,149,1278,58,140,0,0,207,1420,0,0,207,1420,California
Humboldt,2020-12-29,186,1604,125,1403,61,201,0,0,187,1607,0,0,187,1607,California
Humboldt,2020-12-30,235,1839,129,1532,106,307,0,0,235,1842,0,0,235,1842,California
Humboldt,2020-12-31,246,2085,81,1613,165,472,0,0,246,2088,0,0,246,2088,California
Humboldt,2021-01-01,3,2088,2,1615,1,473,0,0,3,2091,0,0,3,2091,California
Humboldt,2021-01-02,40,2128,2,1617,38,511,0,0,40,2131,0,0,40,2131,California
Humboldt,2021-01-04,219,2347,142,1759,77,588,0,0,220,2351,0,0,220,2351,California
Humboldt,2021-01-05,133,2480,21,1780,112,700,0,0,133,2483,1,1,133,2484,California
Humboldt,2021-01-06,314,2794,214,1994,100,800,0,0,240,2661,62,63,240,2724,California
Humboldt,2021-01-07,438,3232,326,2320,112,912,0,0,320,2880,101,164,320,3044,California
Humboldt,2021-01-08,429,3661,289,2609,140,1052,0,0,287,3031,136,300,287,3331,California
Humboldt,2021-01-09,67,3728,43,2652,24,1076,0,0,65,3095,2,302,66,3397,California
Humboldt,2021-01-10,84,3812,84,2736,0,1076,0,0,4,3019,80,382,4,3401,California
Humboldt,2021-01-11,292,4104,281,3017,11,1087,0,0,70,2871,218,600,70,3471,California
Humboldt,2021-01-12,504,4608,339,3356,165,1252,0,0,286,2961,196,796,286,3757,California
Humboldt,2021-01-13,501,5109,281,3637,220,1472,0,0,322,3108,176,972,323,4080,California
Humboldt,2021-01-14,559,5668,175,3812,384,1856,0,0,503,3556,56,1028,504,4584,California
Humboldt,2021-01-15,373,6041,28,3840,345,2201,0,0,355,3893,18,1046,355,4939,California
Humboldt,2021-01-16,169,6210,6,3846,163,2364,0,0,168,4060,1,1047,168,5107,California
Humboldt,2021-01-17,7,6217,4,3850,3,2367,0,0,7,4067,0,1047,7,5114,California
Humboldt,2021-01-18,307,6524,272,4122,35,2402,0,0,149,4058,158,1205,149,5263,California
Humboldt,2021-01-19,660,7184,401,4523,259,2661,0,0,529,4462,125,1330,529,5792,California
Humboldt,2021-01-20,952,8136,423,4946,529,3190,0,0,786,5092,158,1488,788,6580,California
Humboldt,2021-01-21,971,9107,260,5206,711,3901,0,0,928,5977,43,1531,928,7508,California
Humboldt,2021-01-22,689,9796,381,5587,308,4209,0,0,679,6647,10,1541,680,8188,California
Humboldt,2021-01-23,928,10724,283,5870,645,4854,0,0,919,7558,9,1550,920,9108,California
Humboldt,2021-01-24,228,10952,1,5871,227,5081,0,0,227,7784,1,1551,227,9335,California
Humboldt,2021-01-25,352,11304,235,6106,117,5198,0,0,154,7740,198,1749,154,9489,California
Humboldt,2021-01-26,543,11847,149,6255,394,5592,0,0,479,8155,64,1813,479,9968,California
Humboldt,2021-01-27,1273,13120,585,6840,688,6280,0,0,1199,9289,67,1880,1201,11169,California
Humboldt,2021-01-28,1465,14585,637,7477,828,7108,0,0,1322,10473,140,2020,1324,12493,California
Humboldt,2021-01-29,1164,15749,547,8024,617,7725,0,0,695,10699,469,2489,695,13188,California
Humboldt,2021-01-30,1028,16777,470,8494,558,8283,0,0,983,11638,45,2534,984,14172,California
Humboldt,2021-01-31,317,17094,315,8809,2,8285,0,0,316,11953,1,2535,316,14488,California
Humboldt,2021-02-01,321,17415,177,8986,144,8429,0,0,185,12002,136,2671,185,14673,California
Humboldt,2021-02-02,454,17869,79,9065,375,8804,0,0,349,12251,102,2773,351,15024,California
Humboldt,2021-02-03,677,18546,266,9331,411,9215,0,0,521,12616,156,2929,521,15545,California
Humboldt,2021-02-04,652,19198,260,9591,392,9607,0,0,444,12855,205,3134,444,15989,California
Humboldt,2021-02-05,827,20025,108,9699,719,10326,0,0,625,13279,201,3335,625,16614,California
Humboldt,2021-02-06,1083,21108,469,10168,614,10940,0,0,1033,14264,49,3384,1034,17648,California
Humboldt,2021-02-07,379,21487,8,10176,371,11311,0,0,374,14635,4,3388,375,18023,California
Humboldt,2021-02-08,339,21826,147,10323,192,11503,0,0,180,14657,158,3546,180,18203,California
Humboldt,2021-02-09,504,22330,228,10551,276,11779,0,0,177,14507,327,3873,177,18380,California
Humboldt,2021-02-10,565,22895,370,10921,195,11974,0,0,206,14359,354,4227,206,18586,California
Humboldt,2021-02-11,1323,24218,398,11319,925,12899,0,0,491,14024,828,5055,493,19079,California
Humboldt,2021-02-12,1171,25389,748,12067,423,13322,0,0,712,14278,458,5513,712,19791,California
Humboldt,2021-02-13,1551,26940,601,12668,950,14272,0,0,924,14578,625,6138,925,20716,California
Humboldt,2021-02-14,114,27054,5,12673,109,14381,0,0,110,14685,3,6141,110,20826,California
Humboldt,2021-02-15,294,27348,81,12754,213,14594,0,0,193,14778,100,6241,193,21019,California
Humboldt,2021-02-16,555,27903,124,12878,431,15025,0,0,253,14732,301,6542,255,21274,California
Humboldt,2021-02-17,454,28357,282,13160,172,15197,0,0,133,14545,320,6862,133,21407,California
Humboldt,2021-02-18,1029,29386,605,13765,424,15621,0,0,276,14071,750,7612,276,21683,California
Humboldt,2021-02-19,489,29875,441,14206,48,15669,0,0,92,13770,393,8005,92,21775,California
Humboldt,2021-02-20,1752,31627,1033,15239,719,16388,0,0,483,12990,1266,9271,486,22261,California
Humboldt,2021-02-21,496,32123,488,15727,8,16396,0,0,187,12869,309,9580,188,22449,California
Humboldt,2021-02-22,140,32263,95,15822,45,16441,0,0,29,12789,109,9689,29,22478,California
Humboldt,2021-02-23,186,32449,72,15894,114,16555,0,0,46,12697,138,9827,46,22524,California
Humboldt,2021-02-24,1259,33708,758,16652,501,17056,0,0,599,12638,658,10485,599,23123,California
Humboldt,2021-02-25,841,34549,320,16972,521,17577,0,0,232,12264,606,11091,232,23355,California
Humboldt,2021-02-26,2150,36699,107,17079,2043,19620,0,0,438,10997,1706,12797,439,23794,California
Humboldt,2021-02-27,1761,38460,1133,18212,628,20248,0,0,899,11040,860,13657,903,24697,California
Humboldt,2021-02-28,126,38586,11,18223,115,20363,0,0,118,11151,7,13664,118,24815,California
Humboldt,2021-03-01,261,38847,46,18269,215,20578,0,0,186,11263,74,13738,186,25001,California
Humboldt,2021-03-02,305,39152,51,18320,254,20832,0,0,166,11290,139,13877,166,25167,California
Humboldt,2021-03-03,1677,40829,1108,19428,569,21401,0,0,1225,12071,445,14322,1226,26393,California
Humboldt,2021-03-04,926,41755,114,19542,812,22213,0,0,300,11747,626,14948,302,26695,California
Humboldt,2021-03-05,948,42703,190,19732,747,22960,11,11,389,11591,556,15504,400,27095,California
Humboldt,2021-03-06,1798,44501,936,20668,813,23773,49,60,796,11435,1001,16505,845,27940,California
Humboldt,2021-03-07,369,44870,296,20964,54,23827,19,79,158,11401,211,16716,177,28117,California
Humboldt,2021-03-08,275,45145,6,20970,191,24018,78,157,180,11565,94,16810,258,28375,California
Humboldt,2021-03-09,501,45646,206,21176,147,24165,148,305,245,11703,254,17064,392,28767,California
Humboldt,2021-03-10,695,46341,468,21644,72,24237,155,460,420,12002,274,17338,573,29340,California
Humboldt,2021-03-11,1489,47830,460,22104,929,25166,100,560,657,11931,827,18165,756,30096,California
Humboldt,2021-03-12,1754,49584,1086,23190,445,25611,223,783,1055,12521,691,18856,1281,31377,California
Humboldt,2021-03-13,1586,51170,1038,24228,497,26108,51,834,671,12333,909,19765,721,32098,California
Humboldt,2021-03-14,143,51313,19,24247,116,26224,8,842,29,12256,114,19879,37,32135,California
Humboldt,2021-03-15,280,51593,52,24299,206,26430,22,864,60,12118,220,20099,82,32217,California
Humboldt,2021-03-16,639,52232,201,24500,176,26606,262,1126,262,12264,376,20475,522,32739,California
Humboldt,2021-03-17,732,52964,395,24895,229,26835,108,1234,340,12321,391,20866,448,33187,California
Humboldt,2021-03-18,1741,54705,1167,26062,531,27366,43,1277,1028,12685,707,21573,1071,34258,California
Humboldt,2021-03-19,1076,55781,61,26123,700,28066,315,1592,441,12807,633,22206,755,35013,California
Humboldt,2021-03-20,1385,57166,759,26882,612,28678,14,1606,397,12233,986,23192,412,35425,California
Humboldt,2021-03-21,252,57418,34,26916,189,28867,29,1635,204,12417,48,23240,232,35657,California
Humboldt,2021-03-22,118,57536,14,26930,54,28921,50,1685,62,12475,54,23294,112,35769,California
Humboldt,2021-03-23,413,57949,41,26971,329,29250,43,1728,319,12744,93,23387,362,36131,California
Humboldt,2021-03-24,1413,59362,389,27360,977,30227,47,1775,1035,13455,370,23757,1081,37212,California
Humboldt,2021-03-25,1842,61204,1214,28574,564,30791,64,1839,944,13566,896,24653,1007,38219,California
Humboldt,2021-03-26,2043,63247,441,29015,1545,32336,57,1896,1595,14775,442,25095,1651,39870,California
Humboldt,2021-03-27,2095,65342,1496,30511,425,32761,174,2070,1117,15092,974,26069,1291,41161,California
Humboldt,2021-03-28,268,65610,82,30593,114,32875,72,2142,81,15060,186,26255,154,41315,California
Humboldt,2021-03-29,467,66077,124,30717,247,33122,96,2238,198,15085,268,26523,293,41608,California
Humboldt,2021-03-30,946,67023,303,31020,529,33651,114,2352,561,15379,380,26903,674,42282,California
Humboldt,2021-03-31,1870,68893,523,31543,1249,34900,98,2450,1412,16436,454,27357,1511,43793,California
Humboldt,2021-04-01,2122,71015,711,32254,1318,36218,93,2543,1482,17379,632,27989,1575,45368,California
Humboldt,2021-04-02,1728,72743,1113,33367,508,36726,107,2650,619,17002,1103,29092,726,46094,California
Humboldt,2021-04-03,1672,74415,1512,34879,145,36871,15,2665,674,16703,988,30080,689,46783,California
Humboldt,2021-04-04,485,74900,372,35251,104,36975,9,2674,404,17036,80,30160,413,47196,California
Humboldt,2021-04-05,781,75681,466,35717,267,37242,48,2722,445,17196,333,30493,493,47689,California
Humboldt,2021-04-06,848,76529,319,36036,394,37636,135,2857,589,17665,253,30746,722,48411,California
Humboldt,2021-04-07,1501,78030,1067,37103,292,37928,142,2999,994,18297,504,31250,1136,49547,California
Humboldt,2021-04-08,1760,79790,1096,38199,505,38433,159,3158,743,18184,1015,32265,902,50449,California
Humboldt,2021-04-09,1445,81235,441,38640,849,39282,155,3313,1154,19196,290,32555,1302,51751,California
Humboldt,2021-04-10,944,82179,139,38779,630,39912,175,3488,743,19913,199,32754,916,52667,California
Humboldt,2021-04-11,646,82825,138,38917,36,39948,472,3960,128,19993,518,33272,598,53265,California
Humboldt,2021-04-12,443,83268,230,39147,86,40034,127,4087,282,20242,160,33432,409,53674,California
Humboldt,2021-04-13,594,83862,324,39471,265,40299,5,4092,558,20770,34,33466,562,54236,California
Humboldt,2021-04-14,1450,85312,1047,40518,403,40702,0,4092,1332,21985,117,33583,1332,55568,California
Humboldt,2021-04-15,1834,87146,1203,41721,627,41329,4,4096,1260,22692,555,34138,1262,56830,California
Humboldt,2021-04-16,1139,88285,522,42243,617,41946,0,4096,554,22664,582,34720,554,57384,California
Humboldt,2021-04-17,1858,90143,1535,43778,323,42269,0,4096,1050,22912,802,35522,1050,58434,California
Humboldt,2021-04-18,670,90813,354,44132,315,42584,1,4097,85,22418,579,36101,85,58519,California
Humboldt,2021-04-19,208,91021,86,44218,122,42706,0,4097,92,22396,114,36215,92,58611,California
Humboldt,2021-04-20,511,91532,140,44358,371,43077,0,4097,255,22396,255,36470,255,58866,California
Humboldt,2021-04-21,1123,92655,391,44749,732,43809,0,4097,456,22195,658,37128,457,59323,California
Humboldt,2021-04-22,900,93555,538,45287,361,44170,1,4098,457,22212,440,37568,457,59780,California
Humboldt,2021-04-23,2195,95750,312,45599,1883,46053,0,4098,339,20699,1852,39420,339,60119,California
Humboldt,2021-04-24,1104,96854,886,46485,213,46266,5,4103,361,20325,740,40160,366,60485,California
Humboldt,2021-04-25,377,97231,241,46726,136,46402,0,4103,194,20338,181,40341,194,60679,California
Humboldt,2021-04-26,391,97622,272,46998,115,46517,4,4107,110,20171,279,40620,112,60791,California
Humboldt,2021-04-27,777,98399,278,47276,470,46987,29,4136,154,19733,621,41241,183,60974,California
Humboldt,2021-04-28,1604,100003,844,48120,715,47702,45,4181,419,19015,1182,42423,464,61438,California
Humboldt,2021-04-29,1789,101792,635,48755,1116,48818,38,4219,299,17867,1485,43908,337,61775,California
Humboldt,2021-04-30,1305,103097,437,49192,834,49652,34,4253,206,17013,1092,45000,238,62013,California
Humboldt,2021-05-01,485,103582,387,49579,75,49727,23,4276,300,17152,184,45184,323,62336,California
Humboldt,2021-05-02,233,103815,186,49765,38,49765,9,4285,117,17163,115,45299,126,62462,California
Humboldt,2021-05-03,618,104433,375,50140,219,49984,24,4309,102,16776,514,45813,127,62589,California
Humboldt,2021-05-04,869,105302,522,50662,302,50286,45,4354,261,16476,605,46418,305,62894,California
Humboldt,2021-05-05,1741,107043,1116,51778,567,50853,58,4412,185,15170,1547,47965,241,63135,California
Humboldt,2021-05-06,1694,108737,1075,52853,367,51220,252,4664,141,14013,1550,49515,393,63528,California
Humboldt,2021-05-07,1436,110173,316,53169,1060,52280,60,4724,238,13114,1195,50710,296,63824,California
Humboldt,2021-05-08,743,110916,147,53316,573,52853,23,4747,90,12576,651,51361,113,63937,California
Humboldt,2021-05-09,906,111822,854,54170,42,52895,10,4757,47,11774,859,52220,57,63994,California
Humboldt,2021-05-10,218,112040,37,54207,142,53037,39,4796,82,11759,136,52356,121,64115,California
Humboldt,2021-05-11,536,112576,184,54391,279,53316,73,4869,204,11705,331,52687,277,64392,California
Humboldt,2021-05-12,622,113198,143,54534,433,53749,46,4915,227,11583,394,53081,272,64664,California
Humboldt,2021-05-13,631,113829,302,54836,302,54051,27,4942,289,11559,340,53421,316,64980,California
Humboldt,2021-05-14,711,114540,142,54978,465,54516,104,5046,233,11420,475,53896,336,65316,California
Humboldt,2021-05-15,787,115327,643,55621,135,54651,9,5055,212,11067,574,54470,221,65537,California
Humboldt,2021-05-16,122,115449,54,55675,64,54715,4,5059,68,11085,54,54524,72,65609,California
Humboldt,2021-05-17,410,115859,215,55890,172,54887,23,5082,225,11149,183,54707,247,65856,California
Humboldt,2021-05-18,664,116523,326,56216,309,55196,29,5111,361,11235,303,55010,389,66245,California
Humboldt,2021-05-19,987,117510,548,56764,396,55592,43,5154,339,10971,644,55654,380,66625,California
Humboldt,2021-05-20,828,118338,607,57371,208,55800,13,5167,593,11346,232,55886,607,67232,California
Humboldt,2021-05-21,878,119216,291,57662,526,56326,61,5228,351,11231,527,56413,412,67644,California
Humboldt,2021-05-22,415,119631,321,57983,86,56412,8,5236,147,11120,266,56679,155,67799,California
Humboldt,2021-05-23,395,120026,325,58308,67,56479,3,5239,76,10880,319,56998,79,67878,California
Humboldt,2021-05-24,337,120363,174,58482,134,56613,29,5268,182,10937,154,57152,211,68089,California
Humboldt,2021-05-25,529,120892,337,58819,168,56781,24,5292,287,11009,239,57391,311,68400,California
Humboldt,2021-05-26,648,121540,310,59129,314,57095,24,5316,309,11004,338,57729,333,68733,California
Humboldt,2021-05-27,465,122005,247,59376,181,57276,37,5353,276,11128,189,57918,313,69046,California
Humboldt,2021-05-28,410,122415,192,59568,171,57447,47,5400,168,11104,239,58157,215,69261,California
Humboldt,2021-05-29,172,122587,103,59671,66,57513,3,5403,91,11117,81,58238,94,69355,California
Humboldt,2021-05-30,106,122693,45,59716,56,57569,5,5408,51,11119,54,58292,56,69411,California
Humboldt,2021-05-31,73,122766,27,59743,40,57609,6,5414,49,11150,23,58315,54,69465,California
Humboldt,2021-06-01,462,123228,266,60009,181,57790,15,5429,186,11075,276,58591,201,69666,California
Humboldt,2021-06-02,533,123761,249,60258,230,58020,54,5483,237,11074,290,58881,289,69955,California
Humboldt,2021-06-03,391,124152,226,60484,143,58163,22,5505,85,10903,278,59159,107,70062,California
Humboldt,2021-06-04,508,124660,317,60801,167,58330,24,5529,134,10730,330,59489,157,70219,California
Humboldt,2021-06-05,408,125068,313,61114,50,58380,45,5574,205,10832,148,59637,250,70469,California
Humboldt,2021-06-06,171,125239,119,61233,43,58423,9,5583,70,10815,96,59733,79,70548,California
Humboldt,2021-06-07,360,125599,217,61450,119,58542,24,5607,111,10702,248,59981,135,70683,California
Humboldt,2021-06-08,521,126120,302,61752,190,58732,29,5636,151,10513,368,60349,179,70862,California
Humboldt,2021-06-09,397,126517,204,61956,146,58878,47,5683,125,10415,270,60619,172,71034,California
Humboldt,2021-06-10,565,127082,447,62403,91,58969,27,5710,95,10069,466,61085,120,71154,California
Humboldt,2021-06-11,436,127518,244,62647,164,59133,28,5738,98,9858,337,61422,126,71280,California
Humboldt,2021-06-12,178,127696,131,62778,47,59180,0,5738,48,9777,129,61551,48,71328,California
Humboldt,2021-06-13,213,127909,145,62923,43,59223,25,5763,91,9772,120,61671,115,71443,California
Humboldt,2021-06-14,417,128326,253,63176,137,59360,27,5790,113,9609,303,61974,140,71583,California
Humboldt,2021-06-15,544,128870,369,63545,147,59507,28,5818,154,9406,384,62358,181,71764,California
Humboldt,2021-06-16,484,129354,323,63868,114,59621,47,5865,141,9260,334,62692,188,71952,California
Humboldt,2021-06-17,397,129751,260,64128,91,59712,46,5911,98,9105,299,62991,144,72096,California
Humboldt,2021-06-18,399,130150,230,64358,140,59852,29,5940,131,9002,262,63253,159,72255,California
Humboldt,2021-06-19,202,130352,136,64494,45,59897,21,5961,87,8995,114,63367,107,72362,California
Humboldt,2021-06-20,80,130432,36,64530,30,59927,14,5975,33,8997,45,63412,47,72409,California
Humboldt,2021-06-21,152,130584,71,64601,54,59981,27,6002,52,8976,100,63512,79,72488,California
Humboldt,2021-06-22,349,130933,220,64821,110,60091,19,6021,144,8935,204,63716,163,72651,California
Humboldt,2021-06-23,353,131286,248,65069,74,60165,31,6052,106,8830,240,63956,135,72786,California
Humboldt,2021-06-24,210,131496,106,65175,49,60214,55,6107,88,8853,118,64074,141,72927,California
Humboldt,2021-06-25,255,131751,144,65319,96,60310,15,6122,104,8824,148,64222,119,73046,California
Humboldt,2021-06-26,251,132002,190,65509,38,60348,23,6145,64,8724,187,64409,87,73133,California
Humboldt,2021-06-27,73,132075,50,65559,21,60369,2,6147,26,8705,47,64456,28,73161,California
Humboldt,2021-06-28,156,132231,100,65659,28,60397,28,6175,69,8715,87,64543,97,73258,California
Humboldt,2021-06-29,262,132493,156,65815,73,60470,33,6208,87,8661,173,64716,119,73377,California
Humboldt,2021-06-30,221,132714,146,65961,55,60525,20,6228,93,8648,126,64842,113,73490,California
Humboldt,2021-07-01,188,132902,112,66073,57,60582,19,6247,83,8646,103,64945,101,73591,California
Humboldt,2021-07-02,258,133160,139,66212,79,60661,40,6287,104,8638,152,65097,144,73735,California
Humboldt,2021-07-03,89,133249,62,66274,17,60678,10,6297,38,8636,50,65147,48,73783,California
Humboldt,2021-07-04,6,133255,1,66275,5,60683,0,6297,4,8638,2,65149,4,73787,California
Imperial,2020-12-16,1,1,1,1,0,0,0,0,1,1,0,0,1,1,California
Imperial,2020-12-17,4,5,4,5,0,0,0,0,4,5,0,0,4,5,California
Imperial,2020-12-18,13,18,13,18,0,0,0,0,13,18,0,0,13,18,California
Imperial,2020-12-20,3,21,3,21,0,0,0,0,3,21,0,0,3,21,California
Imperial,2020-12-21,184,205,184,205,0,0,0,0,184,205,0,0,184,205,California
Imperial,2020-12-22,240,445,238,443,2,2,0,0,240,445,0,0,240,445,California
Imperial,2020-12-23,211,656,210,653,1,3,0,0,211,656,0,0,211,656,California
Imperial,2020-12-24,7,663,7,660,0,3,0,0,7,663,0,0,7,663,California
Imperial,2020-12-26,3,666,1,661,2,5,0,0,3,666,0,0,3,666,California
Imperial,2020-12-27,62,728,0,661,62,67,0,0,62,728,0,0,62,728,California
Imperial,2020-12-28,216,944,115,776,101,168,0,0,216,944,0,0,216,944,California
Imperial,2020-12-29,190,1134,37,813,153,321,0,0,190,1134,0,0,190,1134,California
Imperial,2020-12-30,367,1501,51,864,316,637,0,0,367,1501,0,0,367,1501,California
Imperial,2020-12-31,199,1700,28,892,171,808,0,0,199,1700,0,0,199,1700,California
Imperial,2021-01-01,47,1747,5,897,42,850,0,0,47,1747,0,0,47,1747,California
Imperial,2021-01-02,5,1752,0,897,5,855,0,0,5,1752,0,0,5,1752,California
Imperial,2021-01-03,90,1842,0,897,90,945,0,0,90,1842,0,0,90,1842,California
Imperial,2021-01-04,87,1929,7,904,80,1025,0,0,87,1929,0,0,87,1929,California
Imperial,2021-01-05,174,2103,14,918,160,1185,0,0,174,2103,0,0,174,2103,California
Imperial,2021-01-06,192,2295,26,944,166,1351,0,0,191,2293,1,1,191,2294,California
Imperial,2021-01-07,330,2625,12,956,318,1669,0,0,325,2613,5,6,325,2619,California
Imperial,2021-01-08,195,2820,51,1007,144,1813,0,0,186,2790,9,15,186,2805,California
Imperial,2021-01-09,24,2844,21,1028,3,1816,0,0,24,2814,0,15,24,2829,California
Imperial,2021-01-10,4,2848,1,1029,3,1819,0,0,3,2816,1,16,3,2832,California
Imperial,2021-01-11,403,3251,243,1272,160,1979,0,0,176,2765,227,243,176,3008,California
Imperial,2021-01-12,576,3827,468,1740,108,2087,0,0,314,2818,261,504,314,3322,California
Imperial,2021-01-13,386,4213,135,1875,251,2338,0,0,284,3000,102,606,284,3606,California
Imperial,2021-01-14,307,4520,190,2065,117,2455,0,0,301,3296,5,611,301,3907,California
Imperial,2021-01-15,247,4767,182,2247,65,2520,0,0,239,3527,8,619,239,4146,California
Imperial,2021-01-16,94,4861,74,2321,20,2540,0,0,93,3619,1,620,93,4239,California
Imperial,2021-01-17,18,4879,5,2326,13,2553,0,0,17,3635,1,621,17,4256,California
Imperial,2021-01-18,1073,5952,401,2727,672,3225,0,0,975,4513,98,719,976,5232,California
Imperial,2021-01-19,173,6125,130,2857,43,3268,0,0,126,4592,47,766,126,5358,California
Imperial,2021-01-20,301,6426,199,3056,102,3370,0,0,262,4815,39,805,262,5620,California
Imperial,2021-01-21,436,6862,185,3241,251,3621,0,0,414,5207,22,827,414,6034,California
Imperial,2021-01-22,476,7338,188,3429,288,3909,0,0,467,5665,9,836,467,6501,California
Imperial,2021-01-23,1063,8401,291,3720,772,4681,0,0,1061,6724,2,838,1061,7562,California
Imperial,2021-01-24,24,8425,2,3722,22,4703,0,0,24,6748,0,838,24,7586,California
Imperial,2021-01-25,224,8649,10,3732,214,4917,0,0,41,6608,181,1019,41,7627,California
Imperial,2021-01-26,376,9025,181,3913,195,5112,0,0,232,6698,143,1162,233,7860,California
Imperial,2021-01-27,589,9614,163,4076,426,5538,0,0,255,6619,334,1496,255,8115,California
Imperial,2021-01-28,654,10268,165,4241,489,6027,0,0,544,7053,110,1606,544,8659,California
Imperial,2021-01-29,446,10714,298,4539,148,6175,0,0,396,7399,50,1656,396,9055,California
Imperial,2021-01-30,81,10795,39,4578,42,6217,0,0,64,7446,17,1673,64,9119,California
Imperial,2021-01-31,27,10822,4,4582,23,6240,0,0,26,7471,1,1674,26,9145,California
Imperial,2021-02-01,466,11288,68,4650,398,6638,0,0,253,7513,211,1885,253,9398,California
Imperial,2021-02-02,764,12052,83,4733,681,7319,0,0,580,7909,184,2069,580,9978,California
Imperial,2021-02-03,624,12676,181,4914,443,7762,0,0,361,8009,261,2330,361,10339,California
Imperial,2021-02-04,1936,14612,1378,6292,558,8320,0,0,1496,9066,439,2769,1496,11835,California
Imperial,2021-02-05,456,15068,255,6547,201,8521,0,0,219,9049,238,3007,221,12056,California
Imperial,2021-02-06,889,15957,849,7396,40,8561,0,0,853,9864,38,3045,853,12909,California
Imperial,2021-02-07,48,16005,16,7412,32,8593,0,0,44,9904,4,3049,44,12953,California
Imperial,2021-02-08,275,16280,45,7457,230,8823,0,0,206,10041,69,3118,206,13159,California
Imperial,2021-02-09,490,16770,153,7610,337,9160,0,0,322,10198,168,3286,325,13484,California
Imperial,2021-02-10,480,17250,60,7670,420,9580,0,0,111,9943,369,3655,114,13598,California
Imperial,2021-02-11,1083,18333,387,8057,696,10276,0,0,180,9228,898,4553,183,13781,California
Imperial,2021-02-12,2183,20516,1438,9495,745,11021,0,0,1827,10702,359,4912,1833,15614,California
Imperial,2021-02-13,110,20626,57,9552,53,11074,0,0,92,10775,21,4933,94,15708,California
Imperial,2021-02-14,50,20676,34,9586,16,11090,0,0,47,10819,3,4936,47,15755,California
Imperial,2021-02-15,145,20821,37,9623,108,11198,0,0,127,10931,18,4954,130,15885,California
Imperial,2021-02-16,521,21342,264,9887,257,11455,0,0,303,11020,218,5172,307,16192,California
Imperial,2021-02-17,460,21802,303,10190,157,11612,0,0,104,10773,356,5528,109,16301,California
Imperial,2021-02-18,681,22483,328,10518,353,11965,0,0,160,10423,520,6048,170,16471,California
Imperial,2021-02-19,792,23275,400,10918,392,12357,0,0,207,10048,584,6632,209,16680,California
Imperial,2021-02-20,1062,24337,208,11126,854,13211,0,0,337,9672,723,7355,347,17027,California
Imperial,2021-02-21,616,24953,582,11708,34,13245,0,0,608,10276,7,7362,611,17638,California
Imperial,2021-02-22,847,25800,599,12307,248,13493,0,0,781,10997,65,7427,786,18424,California
Imperial,2021-02-23,1138,26938,535,12842,603,14096,0,0,967,11807,170,7597,980,19404,California
Imperial,2021-02-24,796,27734,355,13197,441,14537,0,0,670,12367,124,7721,684,20088,California
Imperial,2021-02-25,955,28689,421,13618,534,15071,0,0,538,12511,417,8138,561,20649,California
Imperial,2021-02-26,2369,31058,1409,15027,960,16031,0,0,1856,13877,512,8650,1878,22527,California
Imperial,2021-02-27,1010,32068,923,15950,87,16118,0,0,251,13388,760,9410,271,22798,California
Imperial,2021-02-28,109,32177,90,16040,19,16137,0,0,88,13466,21,9431,99,22897,California
Imperial,2021-03-01,587,32764,358,16398,226,16363,3,3,500,13897,83,9514,514,23411,California
Imperial,2021-03-02,778,33542,300,16698,477,16840,1,4,438,14011,338,9852,452,23863,California
Imperial,2021-03-03,1001,34543,96,16794,905,17745,0,4,606,14254,391,10243,634,24497,California
Imperial,2021-03-04,839,35382,151,16945,687,18432,1,5,547,14561,290,10533,597,25094,California
Imperial,2021-03-05,3167,38549,2268,19213,899,19331,0,5,1783,14988,1388,11921,1815,26909,California
Imperial,2021-03-06,818,39367,330,19543,488,19819,0,5,722,15643,93,12014,748,27657,California
Imperial,2021-03-07,158,39525,103,19646,55,19874,0,5,105,15721,52,12066,130,27787,California
Imperial,2021-03-08,500,40025,387,20033,77,19951,36,41,407,16105,93,12159,477,28264,California
Imperial,2021-03-09,746,40771,353,20386,144,20095,249,290,447,16504,299,12458,698,28962,California
Imperial,2021-03-10,835,41606,366,20752,285,20380,184,474,369,16605,465,12923,566,29528,California
Imperial,2021-03-11,1944,43550,527,21279,1147,21527,270,744,1237,17433,703,13626,1531,31059,California
Imperial,2021-03-12,4971,48521,3491,24770,1215,22742,265,1009,3154,19062,1811,15437,3440,34499,California
Imperial,2021-03-13,1235,49756,117,24887,884,23626,234,1243,893,19875,339,15776,1152,35651,California
Imperial,2021-03-14,216,49972,60,24947,142,23768,14,1257,156,20002,59,15835,186,35837,California
Imperial,2021-03-15,781,50753,267,25214,219,23987,295,1552,417,20372,361,16196,731,36568,California
Imperial,2021-03-16,1261,52014,372,25586,379,24366,510,2062,606,20866,652,16848,1146,37714,California
Imperial,2021-03-17,1719,53733,741,26327,793,25159,185,2247,1056,21460,656,17504,1250,38964,California
Imperial,2021-03-18,1901,55634,1251,27578,565,25724,85,2332,1306,22266,590,18094,1396,40360,California
Imperial,2021-03-19,3881,59515,2824,30402,1033,26757,24,2356,1952,22323,1922,20016,1979,42339,California
Imperial,2021-03-20,1828,61343,583,30985,1227,27984,18,2374,1349,23225,471,20487,1373,43712,California
Imperial,2021-03-21,292,61635,104,31089,183,28167,5,2379,165,23276,127,20614,178,43890,California
Imperial,2021-03-22,1110,62745,400,31489,703,28870,7,2386,645,23476,463,21077,663,44553,California
Imperial,2021-03-23,1545,64290,556,32045,983,29853,6,2392,964,23874,577,21654,975,45528,California
Imperial,2021-03-24,2212,66502,637,32682,1149,31002,426,2818,1190,24475,1018,22672,1619,47147,California
Imperial,2021-03-25,3307,69809,798,33480,889,31891,1620,4438,1247,25280,2054,24726,2859,50006,California
Imperial,2021-03-26,3291,73100,1252,34732,1038,32929,1001,5439,945,24897,2334,27060,1951,51957,California
Imperial,2021-03-27,685,73785,327,35059,291,33220,67,5506,451,25187,230,27290,520,52477,California
Imperial,2021-03-28,247,74032,79,35138,161,33381,7,5513,182,25314,63,27353,190,52667,California
Imperial,2021-03-29,1599,75631,392,35530,407,33788,800,6313,330,25181,1264,28617,1131,53798,California
Imperial,2021-03-30,2207,77838,726,36256,598,34386,883,7196,689,25235,1515,30132,1569,55367,California
Imperial,2021-03-31,1635,79473,768,37024,812,35198,55,7251,1024,25705,608,30740,1078,56445,California
Imperial,2021-04-01,2192,81665,467,37491,1400,36598,325,7576,888,25622,1296,32036,1213,57658,California
Imperial,2021-04-02,2251,83916,515,38006,1601,38199,135,7711,1446,26406,797,32833,1581,59239,California
Imperial,2021-04-03,1566,85482,460,38466,1018,39217,88,7799,714,26361,849,33682,804,60043,California
Imperial,2021-04-04,111,85593,67,38533,27,39244,17,7816,33,26334,78,33760,51,60094,California
Imperial,2021-04-05,3498,89091,2349,40882,925,40169,224,8040,812,24701,2675,36435,1042,61136,California
Imperial,2021-04-06,1435,90526,572,41454,602,40771,261,8301,696,24927,734,37169,960,62096,California
Imperial,2021-04-07,2283,92809,613,42067,1235,42006,435,8736,1578,26227,708,37877,2008,64104,California
Imperial,2021-04-08,2318,95127,1121,43188,843,42849,354,9090,1082,26430,1231,39108,1434,65538,California
Imperial,2021-04-09,3568,98695,1712,44900,1061,43910,795,9885,1576,26814,1982,41090,2366,67904,California
Imperial,2021-04-10,1398,100093,226,45126,849,44759,323,10208,245,26230,1149,42239,565,68469,California
Imperial,2021-04-11,253,100346,62,45188,158,44917,33,10241,84,26180,169,42408,119,68588,California
Imperial,2021-04-12,1486,101832,808,45996,457,45374,221,10462,830,26584,648,43056,1052,69640,California
Imperial,2021-04-13,2961,104793,1919,47915,1040,46414,2,10464,2033,27699,923,43979,2038,71678,California
Imperial,2021-04-14,2078,106871,983,48898,1095,47509,0,10464,1396,28424,676,44655,1401,73079,California
Imperial,2021-04-15,2043,108914,958,49856,1085,48594,0,10464,1369,29130,669,45324,1375,74454,California
Imperial,2021-04-16,3558,112472,1823,51679,1735,50329,0,10464,2227,30044,1316,46640,2230,76684,California
Imperial,2021-04-17,1887,114359,957,52636,928,51257,2,10466,1458,31081,424,47064,1461,78145,California
Imperial,2021-04-18,274,114633,85,52721,189,51446,0,10466,92,30996,180,47244,95,78240,California
Imperial,2021-04-19,852,115485,270,52991,582,52028,0,10466,421,30994,428,47672,426,78666,California
Imperial,2021-04-20,1392,116877,554,53545,838,52866,0,10466,777,31161,613,48285,780,79446,California
Imperial,2021-04-21,1477,118354,380,53925,1096,53962,1,10467,844,31379,626,48911,844,80290,California
Imperial,2021-04-22,2509,120863,831,54756,1678,55640,0,10467,1747,32382,746,49657,1749,82039,California
Imperial,2021-04-23,2871,123734,551,55307,2320,57960,0,10467,1110,31767,1729,51386,1114,83153,California
Imperial,2021-04-24,592,124326,326,55633,266,58226,0,10467,234,31646,355,51741,234,83387,California
Imperial,2021-04-25,273,124599,103,55736,170,58396,0,10467,132,31639,139,51880,132,83519,California
Imperial,2021-04-26,1239,125838,483,56219,751,59147,5,10472,710,31832,522,52402,715,84234,California
Imperial,2021-04-27,1164,127002,371,56590,782,59929,11,10483,590,31866,568,52970,602,84836,California
Imperial,2021-04-28,1540,128542,651,57241,856,60785,33,10516,708,31782,825,53795,741,85577,California
Imperial,2021-04-29,1886,130428,866,58107,972,61757,48,10564,849,31656,1025,54820,899,86476,California
Imperial,2021-04-30,3330,133758,1689,59796,1603,63360,38,10602,1613,31602,1705,56525,1651,88127,California
Imperial,2021-05-01,370,134128,129,59925,238,63598,3,10605,195,31629,173,56698,200,88327,California
Imperial,2021-05-02,92,134220,29,59954,56,63654,7,10612,41,31627,51,56749,49,88376,California
Imperial,2021-05-03,1645,135865,546,60500,1050,64704,49,10661,368,30779,1264,58013,416,88792,California
Imperial,2021-05-04,1818,137683,969,61469,822,65526,27,10688,591,30178,1219,59232,618,89410,California
Imperial,2021-05-05,1555,139238,911,62380,624,66150,20,10708,475,29606,1068,60300,496,89906,California
Imperial,2021-05-06,1746,140984,1140,63520,564,66714,42,10750,564,29038,1176,61476,608,90514,California
Imperial,2021-05-07,2646,143630,1454,64974,1135,67849,57,10807,899,28270,1727,63203,959,91473,California
Imperial,2021-05-08,817,144447,649,65623,159,68008,9,10816,211,27891,599,63802,220,91693,California
Imperial,2021-05-09,102,144549,70,65693,31,68039,1,10817,29,27851,70,63872,30,91723,California
Imperial,2021-05-10,1182,145731,303,65996,755,68794,124,10941,361,27521,813,64685,483,92206,California
Imperial,2021-05-11,1522,147253,476,66472,1025,69819,21,10962,535,27103,979,65664,561,92767,California
Imperial,2021-05-12,903,148156,282,66754,581,70400,40,11002,342,26928,556,66220,381,93148,California
Imperial,2021-05-13,1912,150068,1259,68013,581,70981,72,11074,862,26821,1039,67259,932,94080,California
Imperial,2021-05-14,1824,151892,973,68986,789,71770,62,11136,1186,27443,626,67885,1248,95328,California
Imperial,2021-05-15,1282,153174,482,69468,778,72548,22,11158,485,27160,791,68676,508,95836,California
Imperial,2021-05-16,128,153302,87,69555,37,72585,4,11162,54,27145,73,68749,58,95894,California
Imperial,2021-05-17,1982,155284,725,70280,1206,73791,51,11213,692,26605,1283,70032,743,96637,California
Imperial,2021-05-18,1783,157067,895,71175,812,74603,76,11289,968,26843,807,70839,1045,97682,California
Imperial,2021-05-19,1366,158433,624,71799,673,75276,69,11358,636,26826,721,71560,704,98386,California
Imperial,2021-05-20,1809,160242,1040,72839,691,75967,78,11436,764,26637,1031,72591,842,99228,California
Imperial,2021-05-21,1985,162227,1242,74081,679,76646,64,11500,997,26723,975,73566,1061,100289,California
Imperial,2021-05-22,358,162585,194,74275,140,76786,24,11524,172,26739,180,73746,196,100485,California
Imperial,2021-05-23,95,162680,35,74310,51,76837,9,11533,33,26721,60,73806,42,100527,California
Imperial,2021-05-24,1284,163964,629,74939,595,77432,60,11593,529,26561,748,74554,588,101115,California
Imperial,2021-05-25,1559,165523,488,75427,1023,78455,48,11641,565,26192,983,75537,614,101729,California
Imperial,2021-05-26,1133,166656,580,76007,495,78950,58,11699,504,26129,624,76161,561,102290,California
Imperial,2021-05-27,1409,168065,754,76761,582,79532,73,11772,695,26188,709,76870,768,103058,California
Imperial,2021-05-28,1125,169190,613,77374,420,79952,92,11864,416,26001,696,77566,509,103567,California
Imperial,2021-05-29,348,169538,152,77526,155,80107,41,11905,161,26016,187,77753,202,103769,California
Imperial,2021-05-30,99,169637,30,77556,67,80174,2,11907,68,26055,31,77784,70,103839,California
Imperial,2021-05-31,80,169717,20,77576,53,80227,7,11914,36,26054,44,77828,43,103882,California
Imperial,2021-06-01,1316,171033,575,78151,622,80849,119,12033,499,25864,809,78637,619,104501,California
Imperial,2021-06-02,1200,172233,620,78771,458,81307,122,12155,600,25993,591,79228,720,105221,California
Imperial,2021-06-03,1365,173598,756,79527,471,81778,138,12293,633,26039,725,79953,771,105992,California
Imperial,2021-06-04,2495,176093,1733,81260,603,82381,159,12452,1034,25782,1449,81402,1192,107184,California
Imperial,2021-06-05,460,176553,258,81518,144,82525,58,12510,214,25813,241,81643,272,107456,California
Imperial,2021-06-06,81,176634,47,81565,22,82547,12,12522,45,25834,36,81679,57,107513,California
Imperial,2021-06-07,1008,177642,657,82222,285,82832,66,12588,479,25853,526,82205,545,108058,California
Imperial,2021-06-08,1452,179094,1044,83266,322,83154,86,12674,580,25650,867,83072,664,108722,California
Imperial,2021-06-09,1130,180224,782,84048,272,83426,76,12750,512,25626,611,83683,587,109309,California
Imperial,2021-06-10,1217,181441,789,84837,354,83780,74,12824,457,25401,755,84438,530,109839,California
Imperial,2021-06-11,1711,183152,1200,86037,443,84223,68,12892,736,25244,961,85399,804,110643,California
Imperial,2021-06-12,309,183461,141,86178,137,84360,31,12923,138,25244,169,85568,169,110812,California
Imperial,2021-06-13,85,183546,23,86201,60,84420,2,12925,54,25271,30,85598,57,110869,California
Imperial,2021-06-14,867,184413,611,86812,212,84632,44,12969,370,25192,493,86091,414,111283,California
Imperial,2021-06-15,1083,185496,750,87562,285,84917,48,13017,486,25138,589,86680,535,111818,California
Imperial,2021-06-16,1022,186518,651,88213,301,85218,70,13087,484,25159,534,87214,555,112373,California
Imperial,2021-06-17,1108,187626,781,88994,267,85485,60,13147,483,25080,620,87834,541,112914,California
Imperial,2021-06-18,1176,188802,821,89815,285,85770,70,13217,715,25415,449,88283,784,113698,California
Imperial,2021-06-19,345,189147,213,90028,117,85887,15,13232,172,25430,172,88455,187,113885,California
Imperial,2021-06-20,63,189210,30,90058,29,85916,4,13236,24,25419,39,88494,28,113913,California
Imperial,2021-06-21,677,189887,412,90470,227,86143,38,13274,415,25619,255,88749,455,114368,California
Imperial,2021-06-22,1164,191051,803,91273,311,86454,50,13324,629,25772,527,89276,680,115048,California
Imperial,2021-06-23,1138,192189,777,92050,300,86754,61,13385,617,25938,511,89787,677,115725,California
Imperial,2021-06-24,1047,193236,709,92759,290,87044,48,13433,537,26018,505,90292,585,116310,California
Imperial,2021-06-25,1414,194650,1043,93802,290,87334,81,13514,599,25895,802,91094,679,116989,California
Imperial,2021-06-26,249,194899,153,93955,87,87421,9,13523,82,25821,165,91259,91,117080,California
Imperial,2021-06-27,123,195022,60,94015,58,87479,5,13528,51,25804,72,91331,55,117135,California
Imperial,2021-06-28,642,195664,463,94478,157,87636,22,13550,335,25858,302,91633,356,117491,California
Imperial,2021-06-29,816,196480,599,95077,173,87809,44,13594,381,25853,431,92064,426,117917,California
Imperial,2021-06-30,842,197322,541,95618,278,88087,23,13617,345,25730,493,92557,370,118287,California
Imperial,2021-07-01,760,198082,539,96157,205,88292,16,13633,366,25725,387,92944,382,118669,California
Imperial,2021-07-02,719,198801,482,96639,222,88514,15,13648,308,25641,407,93351,323,118992,California
Imperial,2021-07-03,212,199013,97,96736,110,88624,5,13653,88,25613,120,93471,92,119084,California
Imperial,2021-07-04,39,199052,12,96748,24,88648,3,13656,18,25613,21,93492,21,119105,California
Inyo,2020-12-19,85,85,85,85,0,0,0,0,85,85,0,0,85,85,California
Inyo,2020-12-20,58,143,58,143,0,0,0,0,58,143,0,0,58,143,California
Inyo,2020-12-21,88,231,85,228,3,3,0,0,88,231,0,0,88,231,California
Inyo,2020-12-22,105,336,105,333,0,3,0,0,105,336,0,0,105,336,California
Inyo,2020-12-23,70,406,67,400,3,6,0,0,70,406,0,0,70,406,California
Inyo,2020-12-24,15,421,15,415,0,6,0,0,15,421,0,0,15,421,California
Inyo,2020-12-25,1,422,0,415,1,7,0,0,1,422,0,0,1,422,California
Inyo,2020-12-26,74,496,74,489,0,7,0,0,74,496,0,0,74,496,California
Inyo,2020-12-28,48,544,36,525,12,19,0,0,48,544,0,0,48,544,California
Inyo,2020-12-29,19,563,19,544,0,19,0,0,19,563,0,0,19,563,California
Inyo,2020-12-30,56,619,54,598,2,21,0,0,56,619,0,0,56,619,California
Inyo,2020-12-31,29,648,0,598,29,50,0,0,29,648,0,0,29,648,California
Inyo,2021-01-01,1,649,0,598,1,51,0,0,1,649,0,0,1,649,California
Inyo,2021-01-03,1,650,0,598,1,52,0,0,1,650,0,0,1,650,California
Inyo,2021-01-04,4,654,1,599,3,55,0,0,4,654,0,0,4,654,California
Inyo,2021-01-05,34,688,0,599,34,89,0,0,34,688,0,0,34,688,California
Inyo,2021-01-06,68,756,0,599,68,157,0,0,68,756,0,0,68,756,California
Inyo,2021-01-07,31,787,1,600,30,187,0,0,31,787,0,0,31,787,California
Inyo,2021-01-08,9,796,8,608,1,188,0,0,4,787,5,5,5,792,California
Inyo,2021-01-09,87,883,86,694,1,189,0,0,1,702,86,91,1,793,California
Inyo,2021-01-10,52,935,52,746,0,189,0,0,0,650,52,143,0,793,California
Inyo,2021-01-11,97,1032,82,828,15,204,0,0,16,585,81,224,16,809,California
Inyo,2021-01-12,138,1170,117,945,21,225,0,0,28,503,110,334,28,837,California
Inyo,2021-01-13,86,1256,68,1013,18,243,0,0,21,460,65,399,22,859,California
Inyo,2021-01-14,59,1315,13,1026,46,289,0,0,49,499,10,409,49,908,California
Inyo,2021-01-15,163,1478,28,1054,135,424,0,0,163,662,0,409,163,1071,California
Inyo,2021-01-16,74,1552,73,1127,1,425,0,0,1,590,73,482,1,1072,California
Inyo,2021-01-18,58,1610,36,1163,22,447,0,0,19,570,39,521,19,1091,California
Inyo,2021-01-19,116,1726,74,1237,42,489,0,0,99,652,17,538,99,1190,California
Inyo,2021-01-20,148,1874,71,1308,77,566,0,0,93,690,55,593,93,1283,California
Inyo,2021-01-21,120,1994,57,1365,63,629,0,0,119,808,1,594,119,1402,California
Inyo,2021-01-22,63,2057,0,1365,63,692,0,0,61,867,2,596,61,1463,California
Inyo,2021-01-23,54,2111,52,1417,2,694,0,0,53,920,0,596,53,1516,California
Inyo,2021-01-25,49,2160,6,1423,43,737,0,0,37,945,12,608,37,1553,California
Inyo,2021-01-26,136,2296,55,1478,81,818,0,0,130,1069,6,614,130,1683,California
Inyo,2021-01-27,24,2320,2,1480,22,840,0,0,23,1091,1,615,23,1706,California
Inyo,2021-01-28,92,2412,2,1482,90,930,0,0,63,1125,29,644,63,1769,California
Inyo,2021-01-29,25,2437,3,1485,22,952,0,0,23,1146,2,646,23,1792,California
Inyo,2021-01-30,11,2448,1,1486,10,962,0,0,11,1157,0,646,11,1803,California
Inyo,2021-01-31,32,2480,4,1490,28,990,0,0,4,1133,28,674,4,1807,California
Inyo,2021-02-01,11,2491,10,1500,1,991,0,0,1,1124,10,684,1,1808,California
Inyo,2021-02-02,130,2621,14,1514,116,1107,0,0,104,1202,26,710,104,1912,California
Inyo,2021-02-03,118,2739,0,1514,118,1225,0,0,74,1232,44,754,74,1986,California
Inyo,2021-02-04,152,2891,34,1548,118,1343,0,0,91,1263,61,815,92,2078,California
Inyo,2021-02-05,118,3009,62,1610,56,1399,0,0,116,1377,2,817,116,2194,California
Inyo,2021-02-06,5,3014,3,1613,2,1401,0,0,3,1379,1,818,3,2197,California
Inyo,2021-02-07,4,3018,2,1615,2,1403,0,0,4,1383,0,818,4,2201,California
Inyo,2021-02-08,117,3135,7,1622,110,1513,0,0,97,1460,20,838,97,2298,California
Inyo,2021-02-09,201,3336,52,1674,149,1662,0,0,128,1515,73,911,128,2426,California
Inyo,2021-02-10,140,3476,16,1690,124,1786,0,0,107,1589,33,944,107,2533,California
Inyo,2021-02-11,222,3698,57,1747,165,1951,0,0,126,1619,96,1040,126,2659,California
Inyo,2021-02-12,303,4001,52,1799,251,2202,0,0,168,1653,134,1174,168,2827,California
Inyo,2021-02-13,59,4060,54,1853,5,2207,0,0,7,1608,52,1226,7,2834,California
Inyo,2021-02-14,2,4062,0,1853,2,2209,0,0,2,1610,0,1226,2,2836,California
Inyo,2021-02-15,29,4091,9,1862,20,2229,0,0,5,1591,24,1250,5,2841,California
Inyo,2021-02-16,184,4275,54,1916,130,2359,0,0,92,1594,89,1339,92,2933,California
Inyo,2021-02-17,38,4313,4,1920,34,2393,0,0,8,1572,30,1369,8,2941,California
Inyo,2021-02-18,122,4435,6,1926,116,2509,0,0,79,1608,43,1412,79,3020,California
Inyo,2021-02-19,53,4488,4,1930,49,2558,0,0,10,1575,43,1455,10,3030,California
Inyo,2021-02-20,513,5001,507,2437,6,2564,0,0,509,2081,3,1458,509,3539,California
Inyo,2021-02-21,446,5447,446,2883,0,2564,0,0,445,2526,0,1458,445,3984,California
Inyo,2021-02-22,62,5509,19,2902,43,2607,0,0,27,2518,35,1493,27,4011,California
Inyo,2021-02-23,200,5709,19,2921,181,2788,0,0,94,2508,104,1597,94,4105,California
Inyo,2021-02-24,118,5827,0,2921,118,2906,0,0,57,2504,61,1658,57,4162,California
Inyo,2021-02-25,132,5959,5,2926,127,3033,0,0,62,2496,70,1728,62,4224,California
Inyo,2021-02-26,105,6064,61,2987,44,3077,0,0,20,2431,85,1813,20,4244,California
Inyo,2021-02-27,14,6078,3,2990,11,3088,0,0,2,2421,12,1825,2,4246,California
Inyo,2021-02-28,3,6081,1,2991,2,3090,0,0,2,2422,1,1826,2,4248,California
Inyo,2021-03-01,19,6100,2,2993,17,3107,0,0,17,2437,2,1828,17,4265,California
Inyo,2021-03-02,197,6297,1,2994,196,3303,0,0,112,2464,85,1913,112,4377,California
Inyo,2021-03-03,87,6384,4,2998,83,3386,0,0,42,2462,44,1957,42,4419,California
Inyo,2021-03-04,127,6511,3,3001,124,3510,0,0,45,2426,81,2038,45,4464,California
Inyo,2021-03-05,146,6657,57,3058,89,3599,0,0,42,2364,104,2142,42,4506,California
Inyo,2021-03-06,30,6687,1,3059,29,3628,0,0,29,2392,1,2143,29,4535,California
Inyo,2021-03-07,7,6694,4,3063,3,3631,0,0,5,2395,2,2145,5,4540,California
Inyo,2021-03-08,184,6878,5,3068,179,3810,0,0,91,2393,93,2238,91,4631,California
Inyo,2021-03-09,191,7069,3,3071,188,3998,0,0,74,2350,117,2355,74,4705,California
Inyo,2021-03-10,71,7140,8,3079,62,4060,1,1,30,2340,41,2396,31,4736,California
Inyo,2021-03-11,205,7345,1,3080,199,4259,5,6,74,2288,131,2527,79,4815,California
Inyo,2021-03-12,178,7523,5,3085,167,4426,6,12,77,2271,100,2627,83,4898,California
Inyo,2021-03-13,584,8107,549,3634,25,4451,10,22,70,1839,512,3139,80,4978,California
Inyo,2021-03-14,441,8548,440,4074,1,4452,0,22,2,1403,438,3577,2,4980,California
Inyo,2021-03-15,51,8599,15,4089,34,4486,2,24,30,1414,21,3598,32,5012,California
Inyo,2021-03-16,165,8764,4,4093,155,4641,6,30,63,1384,100,3698,70,5082,California
Inyo,2021-03-17,108,8872,3,4096,98,4739,7,37,92,1467,16,3714,99,5181,California
Inyo,2021-03-18,185,9057,16,4112,162,4901,7,44,104,1497,81,3795,111,5292,California
Inyo,2021-03-19,47,9104,5,4117,38,4939,4,48,36,1527,10,3805,40,5332,California
Inyo,2021-03-20,20,9124,1,4118,10,4949,9,57,1,1518,19,3824,10,5342,California
Inyo,2021-03-22,59,9183,3,4121,51,5000,5,62,39,1542,20,3844,44,5386,California
Inyo,2021-03-23,195,9378,4,4125,187,5187,4,66,105,1561,90,3934,109,5495,California
Inyo,2021-03-24,141,9519,3,4128,133,5320,5,71,86,1597,55,3989,91,5586,California
Inyo,2021-03-25,330,9849,110,4238,217,5537,3,74,264,1798,66,4055,267,5853,California
Inyo,2021-03-26,92,9941,3,4241,85,5622,4,78,71,1852,21,4076,75,5928,California
Inyo,2021-03-27,53,9994,45,4286,5,5627,3,81,47,1896,6,4082,50,5978,California
Inyo,2021-03-28,4,9998,1,4287,2,5629,1,82,1,1895,3,4085,2,5980,California
Inyo,2021-03-29,109,10107,2,4289,102,5731,5,87,82,1956,26,4111,87,6067,California
Inyo,2021-03-30,221,10328,2,4291,214,5945,5,92,109,1958,112,4223,114,6181,California
Inyo,2021-03-31,150,10478,4,4295,141,6086,5,97,107,2028,43,4266,113,6294,California
Inyo,2021-04-01,166,10644,3,4298,162,6248,1,98,117,2097,49,4315,118,6412,California
Inyo,2021-04-02,80,10724,1,4299,77,6325,2,100,49,2117,31,4346,51,6463,California
Inyo,2021-04-03,92,10816,46,4345,32,6357,14,114,4,2048,86,4432,17,6480,California
Inyo,2021-04-04,5,10821,4,4349,0,6357,1,115,1,2046,4,4436,2,6482,California
Inyo,2021-04-05,117,10938,1,4350,112,6469,4,119,29,1991,88,4524,33,6515,California
Inyo,2021-04-06,237,11175,5,4355,169,6638,63,182,105,2027,132,4656,168,6683,California
Inyo,2021-04-07,204,11379,1,4356,76,6714,127,309,47,2043,158,4814,174,6857,California
Inyo,2021-04-08,182,11561,15,4371,150,6864,17,326,82,2042,100,4914,99,6956,California
Inyo,2021-04-09,125,11686,7,4378,95,6959,23,349,37,2015,87,5001,60,7016,California
Inyo,2021-04-10,42,11728,1,4379,24,6983,17,366,3,1996,39,5040,20,7036,California
Inyo,2021-04-11,1,11729,0,4379,1,6984,0,366,1,1997,0,5040,1,7037,California
Inyo,2021-04-12,79,11808,0,4379,74,7058,5,371,41,2005,38,5078,46,7083,California
Inyo,2021-04-13,124,11932,5,4384,116,7174,3,374,64,2014,58,5136,67,7150,California
Inyo,2021-04-14,130,12062,2,4386,128,7302,0,374,45,1974,85,5221,45,7195,California
Inyo,2021-04-15,275,12337,117,4503,158,7460,0,374,79,1857,196,5417,79,7274,California
Inyo,2021-04-16,48,12385,6,4509,42,7502,0,374,19,1848,28,5445,19,7293,California
Inyo,2021-04-17,2,12387,1,4510,1,7503,0,374,1,1848,1,5446,1,7294,California
Inyo,2021-04-19,133,12520,44,4554,89,7592,0,374,46,1808,86,5532,46,7340,California
Inyo,2021-04-20,163,12683,2,4556,161,7753,0,374,79,1803,84,5616,79,7419,California
Inyo,2021-04-21,113,12796,5,4561,108,7861,0,374,32,1754,81,5697,32,7451,California
Inyo,2021-04-22,195,12991,1,4562,194,8055,0,374,51,1661,144,5841,51,7502,California
Inyo,2021-04-23,95,13086,4,4566,91,8146,0,374,22,1610,73,5914,22,7524,California
Inyo,2021-04-24,309,13395,308,4874,1,8147,0,374,305,1911,4,5918,305,7829,California
Inyo,2021-04-25,135,13530,134,5008,1,8148,0,374,135,2046,0,5918,135,7964,California
Inyo,2021-04-26,93,13623,2,5010,90,8238,1,375,11,1977,81,5999,12,7976,California
Inyo,2021-04-27,184,13807,7,5017,172,8410,5,380,48,1894,136,6135,53,8029,California
Inyo,2021-04-28,121,13928,2,5019,117,8527,2,382,20,1816,100,6235,22,8051,California
Inyo,2021-04-29,171,14099,55,5074,116,8643,0,382,77,1800,93,6328,77,8128,California
Inyo,2021-04-30,82,14181,5,5079,76,8719,1,383,23,1765,59,6387,24,8152,California
Inyo,2021-05-01,12,14193,3,5082,9,8728,0,383,10,1773,2,6389,10,8162,California
Inyo,2021-05-02,7,14200,3,5085,2,8730,2,385,4,1776,3,6392,6,8168,California
Inyo,2021-05-03,38,14238,1,5086,33,8763,4,389,5,1752,33,6425,9,8177,California
Inyo,2021-05-04,123,14361,2,5088,117,8880,4,393,19,1671,104,6529,23,8200,California
Inyo,2021-05-05,36,14397,0,5088,34,8914,2,395,11,1659,25,6554,13,8213,California
Inyo,2021-05-06,94,14491,4,5092,82,8996,8,403,13,1599,81,6635,21,8234,California
Inyo,2021-05-07,50,14541,5,5097,37,9033,8,411,24,1607,24,6659,32,8266,California
Inyo,2021-05-08,11,14552,2,5099,4,9037,5,416,4,1609,7,6666,9,8275,California
Inyo,2021-05-09,1,14553,0,5099,1,9038,0,416,0,1608,1,6667,0,8275,California
Inyo,2021-05-10,70,14623,1,5100,67,9105,2,418,32,1604,39,6706,35,8310,California
Inyo,2021-05-11,88,14711,1,5101,84,9189,3,421,20,1559,68,6774,23,8333,California
Inyo,2021-05-12,43,14754,2,5103,39,9228,2,423,11,1540,32,6806,13,8346,California
Inyo,2021-05-13,75,14829,1,5104,73,9301,1,424,12,1490,63,6869,13,8359,California
Inyo,2021-05-14,28,14857,5,5109,18,9319,5,429,14,1495,14,6883,19,8378,California
Inyo,2021-05-15,379,15236,367,5476,10,9329,2,431,85,1288,294,7177,87,8465,California
Inyo,2021-05-16,200,15436,200,5676,0,9329,0,431,73,1234,127,7304,73,8538,California
Inyo,2021-05-17,64,15500,3,5679,57,9386,4,435,18,1211,45,7349,22,8560,California
Inyo,2021-05-18,84,15584,2,5681,81,9467,1,436,17,1162,67,7416,18,8578,California
Inyo,2021-05-19,46,15630,2,5683,39,9506,5,441,13,1147,33,7449,18,8596,California
Inyo,2021-05-20,146,15776,83,5766,62,9568,1,442,37,1075,110,7559,38,8634,California
Inyo,2021-05-21,49,15825,18,5784,26,9594,5,447,19,1069,30,7589,24,8658,California
Inyo,2021-05-22,25,15850,15,5799,7,9601,3,450,18,1083,7,7596,21,8679,California
Inyo,2021-05-23,2,15852,1,5800,0,9601,1,451,0,1082,2,7598,1,8680,California
Inyo,2021-05-24,33,15885,6,5806,24,9625,3,454,13,1078,20,7618,16,8696,California
Inyo,2021-05-25,82,15967,39,5845,41,9666,2,456,47,1092,35,7653,49,8745,California
Inyo,2021-05-26,44,16011,16,5861,26,9692,2,458,21,1093,22,7675,23,8768,California
Inyo,2021-05-27,39,16050,10,5871,21,9713,8,466,12,1087,26,7701,20,8788,California
Inyo,2021-05-28,26,16076,6,5877,15,9728,5,471,8,1082,18,7719,13,8801,California
Inyo,2021-05-29,16,16092,5,5882,11,9739,0,471,7,1080,9,7728,7,8808,California
Inyo,2021-05-30,2,16094,0,5882,2,9741,0,471,0,1078,2,7730,0,8808,California
Inyo,2021-06-01,54,16148,16,5898,32,9773,6,477,23,1076,31,7761,29,8837,California
Inyo,2021-06-02,11,16159,9,5907,1,9774,1,478,9,1084,2,7763,10,8847,California
Inyo,2021-06-03,25,16184,0,5907,18,9792,7,485,1,1068,24,7787,8,8855,California
Inyo,2021-06-04,32,16216,6,5913,22,9814,4,489,12,1064,20,7807,16,8871,California
Inyo,2021-06-05,17,16233,8,5921,8,9822,1,490,4,1056,13,7820,5,8876,California
Inyo,2021-06-06,1,16234,1,5922,0,9822,0,490,1,1057,0,7820,1,8877,California
Inyo,2021-06-07,51,16285,15,5937,33,9855,3,493,5,1019,46,7866,8,8885,California
Inyo,2021-06-08,51,16336,23,5960,25,9880,3,496,24,1019,27,7893,27,8912,California
Inyo,2021-06-09,111,16447,95,6055,14,9894,2,498,14,938,97,7990,16,8928,California
Inyo,2021-06-10,53,16500,39,6094,9,9903,5,503,15,920,38,8028,20,8948,California
Inyo,2021-06-11,43,16543,23,6117,18,9921,2,505,17,913,26,8054,19,8967,California
Inyo,2021-06-12,15,16558,8,6125,6,9927,1,506,5,909,10,8064,6,8973,California
Inyo,2021-06-13,1,16559,0,6125,1,9928,0,506,0,908,1,8065,0,8973,California
Inyo,2021-06-14,58,16617,27,6152,28,9956,3,509,8,869,50,8115,11,8984,California
Inyo,2021-06-15,52,16669,39,6191,9,9965,4,513,9,839,43,8158,13,8997,California
Inyo,2021-06-16,32,16701,19,6210,13,9978,0,513,6,819,26,8184,6,9003,California
Inyo,2021-06-17,23,16724,13,6223,6,9984,4,517,5,811,17,8201,9,9012,California
Inyo,2021-06-18,14,16738,5,6228,6,9990,3,520,2,804,12,8213,5,9017,California
Inyo,2021-06-19,21,16759,7,6235,13,10003,1,521,7,799,13,8226,8,9025,California
Inyo,2021-06-21,29,16788,8,6243,18,10021,3,524,13,799,16,8242,16,9041,California
Inyo,2021-06-22,50,16838,41,6284,7,10028,2,526,24,799,26,8268,26,9067,California
Inyo,2021-06-23,14,16852,6,6290,7,10035,1,527,1,788,13,8281,2,9069,California
Inyo,2021-06-24,6,16858,2,6292,3,10038,1,528,3,789,3,8284,4,9073,California
Inyo,2021-06-25,26,16884,10,6302,13,10051,3,531,12,790,14,8298,15,9088,California
Inyo,2021-06-26,12,16896,6,6308,4,10055,2,533,4,788,8,8306,6,9094,California
Inyo,2021-06-28,13,16909,11,6319,2,10057,0,533,8,791,5,8311,8,9102,California
Inyo,2021-06-29,34,16943,29,6348,5,10062,0,533,14,785,20,8331,14,9116,California
Inyo,2021-06-30,21,16964,17,6365,4,10066,0,533,7,778,14,8345,7,9123,California
Inyo,2021-07-01,13,16977,9,6374,4,10070,0,533,8,781,5,8350,8,9131,California
Inyo,2021-07-02,21,16998,9,6383,12,10082,0,533,13,786,8,8358,13,9144,California
Inyo,2021-07-03,5,17003,5,6388,0,10082,0,533,4,789,1,8359,4,9148,California
Kern,2020-12-15,1,1,1,1,0,0,0,0,1,1,0,0,1,1,California
Kern,2020-12-16,19,20,19,20,0,0,0,0,19,20,0,0,19,20,California
Kern,2020-12-17,164,184,164,184,0,0,0,0,164,184,0,0,164,184,California
Kern,2020-12-18,325,509,325,509,0,0,0,0,325,509,0,0,325,509,California
Kern,2020-12-19,99,608,99,608,0,0,0,0,100,609,0,0,100,609,California
Kern,2020-12-20,62,670,62,670,0,0,0,0,62,671,0,0,62,671,California
Kern,2020-12-21,673,1343,672,1342,1,1,0,0,673,1344,0,0,673,1344,California
Kern,2020-12-22,533,1876,530,1872,3,4,0,0,533,1877,0,0,533,1877,California
Kern,2020-12-23,558,2434,420,2292,138,142,0,0,558,2435,0,0,558,2435,California
Kern,2020-12-24,123,2557,44,2336,79,221,0,0,123,2558,0,0,123,2558,California
Kern,2020-12-25,1,2558,1,2337,0,221,0,0,1,2559,0,0,1,2559,California
Kern,2020-12-26,34,2592,2,2339,32,253,0,0,34,2593,0,0,34,2593,California
Kern,2020-12-27,35,2627,3,2342,32,285,0,0,35,2628,0,0,35,2628,California
Kern,2020-12-28,831,3458,666,3008,165,450,0,0,831,3459,0,0,831,3459,California
Kern,2020-12-29,744,4202,451,3459,293,743,0,0,743,4201,1,1,743,4202,California
Kern,2020-12-30,1207,5409,915,4374,292,1035,0,0,1207,5408,0,1,1207,5409,California
Kern,2020-12-31,276,5685,99,4473,177,1212,0,0,276,5684,0,1,276,5685,California
Kern,2021-01-01,19,5704,10,4483,9,1221,0,0,19,5703,0,1,19,5704,California
Kern,2021-01-02,79,5783,18,4501,61,1282,0,0,79,5782,0,1,79,5783,California
Kern,2021-01-03,23,5806,4,4505,19,1301,0,0,23,5805,0,1,23,5806,California
Kern,2021-01-04,553,6359,361,4866,192,1493,0,0,553,6358,0,1,553,6359,California
Kern,2021-01-05,1134,7493,740,5606,394,1887,0,0,1122,7468,12,13,1122,7481,California
Kern,2021-01-06,1165,8658,449,6055,716,2603,0,0,1135,8573,30,43,1135,8616,California
Kern,2021-01-07,1415,10073,491,6546,924,3527,0,0,1245,9649,169,212,1245,9861,California
Kern,2021-01-08,1630,11703,771,7317,859,4386,0,0,1329,10677,302,514,1330,11191,California
Kern,2021-01-09,229,11932,79,7396,150,4536,0,0,193,10834,36,550,193,11384,California
Kern,2021-01-10,195,12127,149,7545,46,4582,0,0,154,10947,41,591,154,11538,California
Kern,2021-01-11,1562,13689,988,8533,574,5156,0,0,1004,11393,558,1149,1004,12542,California
Kern,2021-01-12,1878,15567,818,9351,1060,6216,0,0,1361,12237,517,1666,1361,13903,California
Kern,2021-01-13,1863,17430,879,10230,984,7200,0,0,1439,13252,424,2090,1439,15342,California
Kern,2021-01-14,2204,19634,655,10885,1549,8749,0,0,2158,15364,46,2136,2158,17500,California
Kern,2021-01-15,2729,22363,863,11748,1866,10615,0,0,2633,17903,95,2231,2634,20134,California
Kern,2021-01-16,675,23038,214,11962,461,11076,0,0,640,18508,35,2266,640,20774,California
Kern,2021-01-17,74,23112,7,11969,67,11143,0,0,72,18578,2,2268,72,20846,California
Kern,2021-01-18,1646,24758,657,12626,989,12132,0,0,1480,19892,166,2434,1480,22326,California
Kern,2021-01-19,1869,26627,1034,13660,835,12967,0,0,1401,20826,468,2902,1402,23728,California
Kern,2021-01-20,2737,29364,1792,15452,945,13912,0,0,1954,22004,778,3680,1956,25684,California
Kern,2021-01-21,2140,31504,875,16327,1265,15177,0,0,1942,23749,197,3877,1942,27626,California
Kern,2021-01-22,2735,34239,1314,17641,1421,16598,0,0,2454,25923,280,4157,2454,30080,California
Kern,2021-01-23,1258,35497,544,18185,714,17312,0,0,1209,27083,49,4206,1209,31289,California
Kern,2021-01-24,155,35652,12,18197,143,17455,0,0,149,27226,6,4212,149,31438,California
Kern,2021-01-25,2383,38035,1083,19280,1300,18755,0,0,1896,28638,485,4697,1897,33335,California
Kern,2021-01-26,2791,40826,1131,20411,1660,20415,0,0,1930,29708,860,5557,1930,35265,California
Kern,2021-01-27,3560,44386,1894,22305,1666,22081,0,0,2860,31871,697,6254,2860,38125,California
Kern,2021-01-28,2896,47282,1360,23665,1536,23617,0,0,2463,33909,428,6682,2466,40591,California
Kern,2021-01-29,3801,51083,1803,25468,1998,25615,0,0,3250,36611,548,7230,3250,43841,California
Kern,2021-01-30,1335,52418,499,25967,836,26451,0,0,1283,37844,50,7280,1283,45124,California
Kern,2021-01-31,400,52818,273,26240,127,26578,0,0,265,37974,135,7415,265,45389,California
Kern,2021-02-01,2588,55406,977,27217,1611,28189,0,0,1874,39138,711,8126,1875,47264,California
Kern,2021-02-02,2765,58171,805,28022,1960,30149,0,0,2056,40486,709,8835,2057,49321,California
Kern,2021-02-03,3702,61873,1559,29581,2143,32292,0,0,2718,42227,977,9812,2718,52039,California
Kern,2021-02-04,3835,65708,1459,31040,2376,34668,0,0,2595,43592,1230,11042,2595,54634,California
Kern,2021-02-05,4877,70585,1993,33033,2884,37552,0,0,3104,44942,1754,12796,3104,57738,California
Kern,2021-02-06,1748,72333,769,33802,979,38531,0,0,1513,46225,230,13026,1513,59251,California
Kern,2021-02-07,284,72617,151,33953,133,38664,0,0,266,46475,16,13042,266,59517,California
Kern,2021-02-08,2572,75189,789,34742,1783,40447,0,0,1259,46440,1295,14337,1260,60777,California
Kern,2021-02-09,3046,78235,979,35721,2067,42514,0,0,1467,46339,1568,15905,1467,62244,California
Kern,2021-02-10,3835,82070,1674,37395,2161,44675,0,0,1873,46268,1945,17850,1874,64118,California
Kern,2021-02-11,4296,86366,1541,38936,2755,47430,0,0,2233,46454,2050,19900,2236,66354,California
Kern,2021-02-12,5012,91378,1910,40846,3102,50532,0,0,2488,46433,2509,22409,2488,68842,California
Kern,2021-02-13,2019,93397,736,41582,1283,51815,0,0,1164,46745,852,23261,1164,70006,California
Kern,2021-02-14,353,93750,12,41594,341,52156,0,0,271,46935,81,23342,271,70277,California
Kern,2021-02-15,2772,96522,908,42502,1864,54020,0,0,1225,46622,1538,24880,1225,71502,California
Kern,2021-02-16,2968,99490,722,43224,2246,56266,0,0,1662,46988,1297,26177,1663,73165,California
Kern,2021-02-17,4116,103606,2099,45323,2017,58283,0,0,1939,46757,2171,28348,1940,75105,California
Kern,2021-02-18,3801,107407,1507,46830,2294,60577,0,0,1629,46226,2160,30508,1629,76734,California
Kern,2021-02-19,4246,111653,1935,48765,2311,62888,0,0,1760,45507,2479,32987,1760,78494,California
Kern,2021-02-20,2635,114288,984,49749,1651,64539,0,0,1374,45624,1257,34244,1374,79868,California
Kern,2021-02-21,279,114567,170,49919,109,64648,0,0,92,45532,185,34429,93,79961,California
Kern,2021-02-22,2763,117330,1208,51127,1555,66203,0,0,1480,45740,1272,35701,1480,81441,California
Kern,2021-02-23,3640,120970,1158,52285,2482,68685,0,0,2016,46135,1622,37323,2017,83458,California
Kern,2021-02-24,5299,126269,2324,54609,2975,71660,0,0,3141,47125,2151,39474,3141,86599,California
Kern,2021-02-25,5413,131682,2465,57074,2948,74608,0,0,3204,48140,2189,41663,3204,89803,California
Kern,2021-02-26,6942,138624,3541,60615,3401,78009,0,0,4370,49946,2566,44229,4372,94175,California
Kern,2021-02-27,3970,142594,1983,62598,1987,79996,0,0,2621,51228,1339,45568,2621,96796,California
Kern,2021-02-28,919,143513,503,63101,415,80411,1,1,695,51703,221,45789,696,97492,California
Kern,2021-03-01,4022,147535,1826,64927,2192,82603,4,5,2702,53099,1310,47099,2706,100198,California
Kern,2021-03-02,4547,152082,1418,66345,3125,85728,4,9,2991,54546,1545,48644,2992,103190,California
Kern,2021-03-03,6014,158096,2848,69193,3164,88892,2,11,3891,56330,2108,50752,3892,107082,California
Kern,2021-03-04,5705,163801,2282,71475,3418,92310,5,16,3698,58041,1990,52742,3701,110783,California
Kern,2021-03-05,6737,170538,2886,74361,3832,96142,19,35,4211,59756,2515,55257,4230,115013,California
Kern,2021-03-06,4771,175309,1929,76290,2733,98875,109,144,3481,62063,1283,56540,3590,118603,California
Kern,2021-03-07,2062,177371,1592,77882,413,99288,57,201,1861,63782,199,56739,1918,120521,California
Kern,2021-03-08,2910,180281,925,78807,1762,101050,223,424,1525,64146,1382,58121,1746,122267,California
Kern,2021-03-09,3748,184029,814,79621,2544,103594,390,814,2337,65465,1403,59524,2722,124989,California
Kern,2021-03-10,6170,190199,2570,82191,2522,106116,1078,1892,3609,67605,2545,62069,4685,129674,California
Kern,2021-03-11,6341,196540,2443,84634,2869,108985,1029,2921,3772,69842,2559,64628,4796,134470,California
Kern,2021-03-12,7872,204412,3085,87719,3433,112418,1354,4275,4330,71984,3529,68157,5671,140141,California
Kern,2021-03-13,4684,209096,2534,90253,1812,114230,338,4613,3255,74149,1422,69579,3587,143728,California
Kern,2021-03-14,2314,211410,1534,91787,535,114765,245,4858,1788,75653,525,70104,2029,145757,California
Kern,2021-03-15,4288,215698,1112,92899,2461,117226,715,5573,2183,76452,2092,72196,2891,148648,California
Kern,2021-03-16,4447,220145,1020,93919,2890,120116,537,6110,2416,77380,2018,74214,2946,151594,California
Kern,2021-03-17,7482,227627,4091,98010,2837,122953,554,6664,4478,79421,2992,77206,5033,156627,California
Kern,2021-03-18,7326,234953,3718,101728,3018,125971,590,7254,4438,81580,2865,80071,5024,161651,California
Kern,2021-03-19,9148,244101,5014,106742,3365,129336,769,8023,4723,82661,4404,84475,5485,167136,California
Kern,2021-03-20,6274,250375,3836,110578,2253,131589,185,8208,3965,84517,2295,86770,4151,171287,California
Kern,2021-03-21,3091,253466,1962,112540,245,131834,884,9092,1884,86083,1200,87970,2766,174053,California
Kern,2021-03-22,3997,257463,1570,114110,2070,133904,357,9449,1927,86315,2052,90022,2284,176337,California
Kern,2021-03-23,4755,262218,1680,115790,2874,136778,201,9650,2470,86728,2255,92277,2668,179005,California
Kern,2021-03-24,7197,269415,3682,119472,3038,139816,477,10127,3646,87316,3532,95809,4120,183125,California
Kern,2021-03-25,6805,276220,3011,122483,3459,143275,335,10462,3222,87306,3564,99373,3554,186679,California
Kern,2021-03-26,9898,286118,4431,126914,4207,147482,1260,11722,4718,88124,5159,104532,5977,192656,California
Kern,2021-03-27,5718,291836,3997,130911,1593,149075,128,11850,3450,89435,2266,106798,3577,196233,California
Kern,2021-03-28,4691,296527,4199,135110,478,149553,14,11864,2957,90674,1732,108530,2971,199204,California
Kern,2021-03-29,4262,300789,1682,136792,2302,151855,278,12142,2611,91923,1637,110167,2886,202090,California
Kern,2021-03-30,5612,306401,1877,138669,3347,155202,388,12530,3042,92783,2566,112733,3426,205516,California
Kern,2021-03-31,8461,314862,4575,143244,3229,158431,657,13187,4320,93637,4122,116855,4976,210492,California
Kern,2021-04-01,7934,322796,3885,147129,3738,162169,311,13498,4235,94509,3669,120524,4541,215033,California
Kern,2021-04-02,8476,331272,4464,151593,3401,165570,611,14109,4227,95108,4229,124753,4828,219861,California
Kern,2021-04-03,6006,337278,3674,155267,2148,167718,184,14293,2658,94609,3338,128091,2839,222700,California
Kern,2021-04-04,1342,338620,874,156141,383,168101,85,14378,478,94309,861,128952,561,223261,California
Kern,2021-04-05,5378,343998,2221,158362,2382,170483,775,15153,2901,95490,2464,131416,3645,226906,California
Kern,2021-04-06,7145,351143,2481,160843,3283,173766,1381,16534,3568,96882,3552,134968,4944,231850,California
Kern,2021-04-07,9401,360544,5484,166327,2953,176719,964,17498,4574,97611,4807,139775,5536,237386,California
Kern,2021-04-08,8683,369227,4808,171135,2959,179678,916,18414,3732,97323,4923,144698,4635,242021,California
Kern,2021-04-09,10295,379522,5152,176287,4148,183826,995,19409,4363,96773,5903,150601,5353,247374,California
Kern,2021-04-10,6607,386129,3466,179753,1891,185717,1250,20659,2140,95702,4455,155056,3384,250758,California
Kern,2021-04-11,3934,390063,2921,182674,369,186086,644,21303,1275,94970,2644,157700,1912,252670,California
Kern,2021-04-12,4427,394490,996,183670,2456,188542,975,22278,1589,94718,2814,160514,2562,255232,California
Kern,2021-04-13,4324,398814,1427,185097,2871,191413,26,22304,2134,94703,2174,162688,2159,257391,California
Kern,2021-04-14,6119,404933,3012,188109,3085,194498,22,22326,3016,94656,3084,165772,3037,260428,California
Kern,2021-04-15,5321,410254,2496,190605,2822,197320,3,22329,2521,94397,2783,168555,2524,262952,California
Kern,2021-04-16,7328,417582,3477,194082,3850,201170,1,22330,2996,93094,4303,172858,3000,265952,California
Kern,2021-04-17,6017,423599,3948,198030,2069,203239,0,22330,2109,91316,3889,176747,2111,268063,California
Kern,2021-04-18,3902,427501,3656,201686,246,203485,0,22330,941,89305,2952,179699,941,269004,California
Kern,2021-04-19,3872,431373,1748,203434,2122,205607,2,22332,1443,88341,2407,182106,1443,270447,California
Kern,2021-04-20,4491,435864,1670,205104,2819,208426,2,22334,1723,87320,2745,184851,1724,272171,California
Kern,2021-04-21,6032,441896,3269,208373,2758,211184,5,22339,2212,85745,3790,188641,2215,274386,California
Kern,2021-04-22,4888,446784,2392,210765,2496,213680,0,22339,1743,84368,3121,191762,1744,276130,California
Kern,2021-04-23,6227,453011,3093,213858,3133,216813,1,22340,1950,82085,4236,195998,1953,278083,California
Kern,2021-04-24,4026,457037,2809,216667,1206,218019,11,22351,1448,80988,2557,198555,1460,279543,California
Kern,2021-04-25,1404,458441,1117,217784,287,218306,0,22351,827,81244,571,199126,827,280370,California
Kern,2021-04-26,3906,462347,1870,219654,1985,220291,51,22402,1082,79564,2815,201941,1135,281505,California
Kern,2021-04-27,4836,467183,2366,222020,2362,222653,108,22510,1493,77834,3328,205269,1598,283103,California
Kern,2021-04-28,6423,473606,3826,225846,2473,225126,124,22634,1871,75295,4531,209800,1992,285095,California
Kern,2021-04-29,5632,479238,3168,229014,2365,227491,99,22733,1693,73171,3917,213717,1793,286888,California
Kern,2021-04-30,5717,484955,3231,232245,2327,229818,159,22892,1683,70994,4018,217735,1841,288729,California
Kern,2021-05-01,2725,487680,1931,234176,735,230553,59,22951,1089,70517,1624,219359,1147,289876,California
Kern,2021-05-02,1896,489576,1607,235783,267,230820,22,22973,695,70040,1194,220553,717,290593,California
Kern,2021-05-03,2560,492136,1035,236818,1391,232211,134,23107,789,69208,1756,222309,924,291517,California
Kern,2021-05-04,3744,495880,1356,238174,2279,234490,109,23216,1317,68221,2411,224720,1424,292941,California
Kern,2021-05-05,4231,500111,2201,240375,1878,236368,152,23368,1405,66968,2808,227528,1555,294496,California
Kern,2021-05-06,3662,503773,1684,242059,1832,238200,146,23514,1149,65772,2487,230015,1291,295787,California
Kern,2021-05-07,4646,508419,2332,244391,2138,240338,176,23690,1308,63950,3305,233320,1483,297270,California
Kern,2021-05-08,2941,511360,1852,246243,973,241311,116,23806,914,62966,2012,235332,1028,298298,California
Kern,2021-05-09,1354,512714,1180,247423,145,241456,29,23835,442,62534,903,236235,471,298769,California
Kern,2021-05-10,2318,515032,913,248336,1302,242758,103,23938,685,61707,1613,237848,786,299555,California
Kern,2021-05-11,2739,517771,986,249322,1627,244385,126,24064,991,61089,1736,239584,1118,300673,California
Kern,2021-05-12,3667,521438,1478,250800,2038,246423,151,24215,1149,59885,2502,242086,1298,301971,California
Kern,2021-05-13,3545,524983,1867,252667,1524,247947,154,24369,1644,59792,1887,243973,1794,303765,California
Kern,2021-05-14,4340,529323,2578,255245,1539,249486,223,24592,1995,59684,2325,246298,2217,305982,California
Kern,2021-05-15,2946,532269,1921,257166,937,250423,88,24680,1566,59973,1364,247662,1653,307635,California
Kern,2021-05-16,1615,533884,1386,258552,189,250612,40,24720,936,60276,673,248335,976,308611,California
Kern,2021-05-17,2338,536222,1009,259561,1182,251794,147,24867,1179,60455,1146,249481,1325,309936,California
Kern,2021-05-18,3236,539458,1505,261066,1599,253393,132,24999,1629,60623,1590,251071,1758,311694,California
Kern,2021-05-19,3839,543297,2393,263459,1317,254710,129,25128,1784,60491,2042,253113,1910,313604,California
Kern,2021-05-20,3124,546421,1696,265155,1284,255994,144,25272,1402,60335,1700,254813,1544,315148,California
Kern,2021-05-21,3651,550072,2210,267365,1306,257300,135,25407,1815,60474,1811,256624,1950,317098,California
Kern,2021-05-22,2960,553032,2304,269669,607,257907,49,25456,1400,60372,1548,258172,1446,318544,California
Kern,2021-05-23,1299,554331,1103,270772,170,258077,26,25482,678,60462,613,258785,703,319247,California
Kern,2021-05-24,1905,556236,820,271592,970,259047,115,25597,897,60471,1002,259787,1011,320258,California
Kern,2021-05-25,2407,558643,1115,272707,1203,260250,89,25686,1111,60388,1282,261069,1199,321457,California
Kern,2021-05-26,2789,561432,1613,274320,1074,261324,102,25788,1193,60101,1580,262649,1293,322750,California
Kern,2021-05-27,2420,563852,1245,275565,1071,262395,104,25892,1267,60339,1131,263780,1369,324119,California
Kern,2021-05-28,2729,566581,1386,276951,1232,263627,111,26003,1261,60255,1454,265234,1370,325489,California
Kern,2021-05-29,1908,568489,1265,278216,594,264221,49,26052,931,60272,963,266197,980,326469,California
Kern,2021-05-30,863,569352,705,278921,139,264360,19,26071,433,60301,422,266619,451,326920,California
Kern,2021-05-31,147,569499,48,278969,88,264448,11,26082,56,60279,88,266707,66,326986,California
Kern,2021-06-01,2289,571788,951,279920,1267,265715,71,26153,967,60010,1306,268013,1037,328023,California
Kern,2021-06-02,2253,574041,1304,281224,843,266558,106,26259,944,59762,1298,269311,1050,329073,California
Kern,2021-06-03,2379,576420,1340,282564,883,267441,156,26415,861,59271,1507,270818,1016,330089,California
Kern,2021-06-04,2967,579387,1925,284489,930,268371,112,26527,866,58173,2075,272893,977,331066,California
Kern,2021-06-05,2531,581918,2044,286533,453,268824,34,26561,789,57264,1732,274625,823,331889,California
Kern,2021-06-06,1227,583145,1121,287654,83,268907,23,26584,403,56871,819,275444,426,332315,California
Kern,2021-06-07,1817,584962,1131,288785,589,269496,97,26681,682,56526,1122,276566,777,333092,California
Kern,2021-06-08,2128,587090,1239,290024,817,270313,72,26753,648,55784,1461,278027,719,333811,California
Kern,2021-06-09,2624,589714,1840,291864,695,271008,89,26842,821,54903,1790,279817,909,334720,California
Kern,2021-06-10,2238,591952,1384,293248,754,271762,100,26942,785,54345,1441,281258,883,335603,California
Kern,2021-06-11,2852,594804,1915,295163,845,272607,92,27034,1068,53734,1772,283030,1161,336764,California
Kern,2021-06-12,1789,596593,1328,296491,411,273018,50,27084,531,53062,1253,284283,581,337345,California
Kern,2021-06-13,931,597524,814,297305,110,273128,7,27091,273,52687,656,284939,281,337626,California
Kern,2021-06-14,1859,599383,1132,298437,630,273758,97,27188,641,52215,1208,286147,736,338362,California
Kern,2021-06-15,2120,601503,1185,299622,857,274615,78,27266,820,51821,1292,287439,898,339260,California
Kern,2021-06-16,2081,603584,1372,300994,632,275247,77,27343,823,51478,1242,288681,899,340159,California
Kern,2021-06-17,1890,605474,1184,302178,591,275838,115,27458,907,51527,974,289655,1023,341182,California
Kern,2021-06-18,2224,607698,1393,303571,711,276549,120,27578,951,51342,1255,290910,1070,342252,California
Kern,2021-06-19,1241,608939,890,304461,316,276865,35,27613,528,51202,702,291612,562,342814,California
Kern,2021-06-20,732,609671,609,305070,103,276968,20,27633,286,51062,446,292058,306,343120,California
Kern,2021-06-21,1241,610912,665,305735,498,277466,78,27711,670,51245,563,292621,746,343866,California
Kern,2021-06-22,1657,612569,882,306617,698,278164,77,27788,674,51024,972,293593,751,344617,California
Kern,2021-06-23,1727,614296,1104,307721,545,278709,78,27866,767,50926,941,294534,843,345460,California
Kern,2021-06-24,1593,615889,982,308703,522,279231,89,27955,679,50786,907,295441,767,346227,California
Kern,2021-06-25,1799,617688,1128,309831,581,279812,90,28045,852,50791,935,296376,940,347167,California
Kern,2021-06-26,1325,619013,989,310820,304,280116,32,28077,568,50638,752,297128,599,347766,California
Kern,2021-06-27,608,619621,513,311333,81,280197,14,28091,265,50578,339,297467,279,348045,California
Kern,2021-06-28,1150,620771,765,312098,297,280494,88,28179,505,50537,632,298099,591,348636,California
Kern,2021-06-29,1394,622165,711,312809,593,281087,90,28269,605,50453,777,298876,693,349329,California
Kern,2021-06-30,1579,623744,1062,313871,438,281525,79,28348,811,50580,764,299640,891,350220,California
Kern,2021-07-01,1369,625113,869,314740,437,281962,63,28411,626,50530,739,300379,689,350909,California
Kern,2021-07-02,1710,626823,1146,315886,495,282457,69,28480,773,50448,921,301300,839,351748,California
Kern,2021-07-03,976,627799,683,316569,256,282713,37,28517,479,50472,492,301792,516,352264,California
Kern,2021-07-04,28,627827,2,316571,26,282739,0,28517,12,50469,15,301807,12,352276,California
Kings,2020-12-16,1,1,1,1,0,0,0,0,1,1,0,0,1,1,California
Kings,2020-12-17,8,9,8,9,0,0,0,0,8,9,0,0,8,9,California
Kings,2020-12-18,12,21,12,21,0,0,0,0,12,21,0,0,12,21,California
Kings,2020-12-19,12,33,12,33,0,0,0,0,12,33,0,0,12,33,California
Kings,2020-12-20,13,46,13,46,0,0,0,0,13,46,0,0,13,46,California
Kings,2020-12-21,156,202,156,202,0,0,0,0,268,314,0,0,268,314,California
Kings,2020-12-22,141,343,141,343,0,0,0,0,138,452,0,0,138,452,California
Kings,2020-12-23,137,480,123,466,14,14,0,0,138,590,0,0,138,590,California
Kings,2020-12-24,11,491,9,475,2,16,0,0,11,601,0,0,11,601,California
Kings,2020-12-26,7,498,4,479,3,19,0,0,7,608,0,0,7,608,California
Kings,2020-12-27,4,502,4,483,0,19,0,0,4,612,0,0,4,612,California
Kings,2020-12-28,131,633,103,586,28,47,0,0,132,744,0,0,132,744,California
Kings,2020-12-29,83,716,55,641,28,75,0,0,84,828,0,0,84,828,California
Kings,2020-12-30,150,866,109,750,41,116,0,0,150,978,0,0,150,978,California
Kings,2020-12-31,45,911,6,756,39,155,0,0,45,1023,0,0,45,1023,California
Kings,2021-01-01,1,912,0,756,1,156,0,0,1,1024,0,0,1,1024,California
Kings,2021-01-02,12,924,10,766,2,158,0,0,12,1036,0,0,12,1036,California
Kings,2021-01-03,1,925,1,767,0,158,0,0,1,1037,0,0,1,1037,California
Kings,2021-01-04,112,1037,41,808,71,229,0,0,112,1149,0,0,112,1149,California
Kings,2021-01-05,195,1232,39,847,156,385,0,0,195,1344,0,0,195,1344,California
Kings,2021-01-06,278,1510,179,1026,99,484,0,0,275,1616,3,3,275,1619,California
Kings,2021-01-07,182,1692,83,1109,99,583,0,0,174,1782,8,11,174,1793,California
Kings,2021-01-08,249,1941,54,1163,195,778,0,0,229,1991,20,31,229,2022,California
Kings,2021-01-09,63,2004,9,1172,54,832,0,0,55,2038,8,39,55,2077,California
Kings,2021-01-10,15,2019,3,1175,12,844,0,0,12,2047,3,42,12,2089,California
Kings,2021-01-11,517,2536,353,1528,164,1008,0,0,276,2083,241,283,277,2366,California
Kings,2021-01-12,349,2885,253,1781,96,1104,0,0,216,2169,130,413,216,2582,California
Kings,2021-01-13,422,3307,275,2056,147,1251,0,0,331,2409,91,504,331,2913,California
Kings,2021-01-14,210,3517,30,2086,180,1431,0,0,200,2589,21,525,201,3114,California
Kings,2021-01-15,418,3935,30,2116,388,1819,0,0,406,2983,12,537,406,3520,California
Kings,2021-01-16,28,3963,9,2125,19,1838,0,0,27,3009,1,538,27,3547,California
Kings,2021-01-17,12,3975,9,2134,3,1841,0,0,10,3017,2,540,10,3557,California
Kings,2021-01-18,173,4148,41,2175,132,1973,0,0,147,3138,26,566,147,3704,California
Kings,2021-01-19,381,4529,161,2336,220,2193,0,0,252,3261,129,695,252,3956,California
Kings,2021-01-20,254,4783,162,2498,92,2285,0,0,134,3280,115,810,134,4090,California
Kings,2021-01-21,212,4995,57,2555,155,2440,0,0,195,3456,19,829,195,4285,California
Kings,2021-01-22,105,5100,17,2572,88,2528,0,0,104,3555,5,834,104,4389,California
Kings,2021-01-23,26,5126,14,2586,12,2540,0,0,19,3567,7,841,19,4408,California
Kings,2021-01-24,4,5130,4,2590,0,2540,0,0,2,3567,2,843,2,4410,California
Kings,2021-01-25,156,5286,55,2645,101,2641,0,0,93,3597,63,906,93,4503,California
Kings,2021-01-26,172,5458,52,2697,120,2761,0,0,113,3651,59,965,113,4616,California
Kings,2021-01-27,356,5814,61,2758,295,3056,0,0,252,3800,103,1068,252,4868,California
Kings,2021-01-28,361,6175,74,2832,287,3343,0,0,276,3991,85,1153,276,5144,California
Kings,2021-01-29,113,6288,27,2859,86,3429,0,0,96,4070,17,1170,96,5240,California
Kings,2021-01-30,1568,7856,28,2887,1540,4969,0,0,1564,5632,4,1174,1566,6806,California
Kings,2021-01-31,1,7857,1,2888,0,4969,0,0,1,5633,0,1174,1,6807,California
Kings,2021-02-01,241,8098,87,2975,154,5123,0,0,92,5578,147,1321,92,6899,California
Kings,2021-02-02,342,8440,110,3085,232,5355,0,0,97,5431,244,1565,97,6996,California
Kings,2021-02-03,482,8922,274,3359,208,5563,0,0,241,5432,240,1805,241,7237,California
Kings,2021-02-04,466,9388,132,3491,334,5897,0,0,228,5423,237,2042,228,7465,California
Kings,2021-02-05,339,9727,58,3549,281,6178,0,0,179,5445,157,2199,179,7644,California
Kings,2021-02-06,61,9788,10,3559,51,6229,0,0,28,5440,33,2232,28,7672,California
Kings,2021-02-07,6,9794,4,3563,2,6231,0,0,3,5440,3,2235,3,7675,California
Kings,2021-02-08,175,9969,29,3592,146,6377,0,0,68,5401,107,2342,68,7743,California
Kings,2021-02-09,256,10225,59,3651,197,6574,0,0,112,5371,142,2484,112,7855,California
Kings,2021-02-10,381,10606,113,3764,268,6842,0,0,256,5502,125,2609,256,8111,California
Kings,2021-02-11,495,11101,67,3831,428,7270,0,0,361,5730,133,2742,361,8472,California
Kings,2021-02-12,709,11810,36,3867,673,7943,0,0,352,5726,356,3098,352,8824,California
Kings,2021-02-13,241,12051,6,3873,235,8178,0,0,215,5915,26,3124,215,9039,California
Kings,2021-02-14,103,12154,4,3877,99,8277,0,0,95,6002,8,3132,95,9134,California
Kings,2021-02-15,248,12402,5,3882,243,8520,0,0,138,6031,109,3241,138,9272,California
Kings,2021-02-16,632,13034,33,3915,599,9119,0,0,356,6113,275,3516,357,9629,California
Kings,2021-02-17,441,13475,24,3939,417,9536,0,0,302,6278,139,3655,304,9933,California
Kings,2021-02-18,343,13818,22,3961,321,9857,0,0,213,6362,129,3784,213,10146,California
Kings,2021-02-19,213,14031,24,3985,189,10046,0,0,129,6410,81,3865,129,10275,California
Kings,2021-02-20,173,14204,41,4026,132,10178,0,0,135,6507,38,3903,135,10410,California
Kings,2021-02-21,3,14207,2,4028,1,10179,0,0,3,6510,0,3903,3,10413,California
Kings,2021-02-22,127,14334,22,4050,105,10284,0,0,59,6502,67,3970,59,10472,California
Kings,2021-02-23,440,14774,71,4121,369,10653,0,0,320,6702,120,4090,320,10792,California
Kings,2021-02-24,748,15522,160,4281,588,11241,0,0,529,7012,219,4309,529,11321,California
Kings,2021-02-25,825,16347,132,4413,693,11934,0,0,598,7385,225,4534,598,11919,California
Kings,2021-02-26,862,17209,136,4549,726,12660,0,0,773,8070,88,4622,773,12692,California
Kings,2021-02-27,1518,18727,65,4614,1453,14113,0,0,582,7717,935,5557,582,13274,California
Kings,2021-02-28,1207,19934,598,5212,609,14722,0,0,675,7863,530,6087,676,13950,California
Kings,2021-03-01,295,20229,90,5302,205,14927,0,0,222,8012,73,6160,222,14172,California
Kings,2021-03-02,591,20820,258,5560,333,15260,0,0,517,8457,74,6234,519,14691,California
Kings,2021-03-03,759,21579,327,5887,432,15692,0,0,534,8769,223,6457,535,15226,California
Kings,2021-03-04,834,22413,356,6243,478,16170,0,0,705,9346,129,6586,706,15932,California
Kings,2021-03-05,1193,23606,369,6612,815,16985,9,9,1040,10245,153,6739,1052,16984,California
Kings,2021-03-06,518,24124,187,6799,318,17303,13,22,488,10716,30,6769,501,17485,California
Kings,2021-03-07,363,24487,223,7022,136,17439,4,26,355,11067,8,6777,359,17844,California
Kings,2021-03-08,383,24870,98,7120,232,17671,53,79,265,11267,118,6895,318,18162,California
Kings,2021-03-09,688,25558,389,7509,244,17915,55,134,579,11794,108,7003,635,18797,California
Kings,2021-03-10,787,26345,251,7760,430,18345,106,240,555,12224,230,7233,660,19457,California
Kings,2021-03-11,1202,27547,430,8190,656,19001,116,356,752,12645,448,7681,869,20326,California
Kings,2021-03-12,1525,29072,447,8637,984,19985,94,450,984,13188,537,8218,1080,21406,California
Kings,2021-03-13,681,29753,334,8971,305,20290,42,492,557,13665,124,8342,601,22007,California
Kings,2021-03-14,674,30427,101,9072,184,20474,389,881,200,13780,474,8816,589,22596,California
Kings,2021-03-15,713,31140,267,9339,327,20801,119,1000,470,14130,242,9058,592,23188,California
Kings,2021-03-16,1170,32310,478,9817,629,21430,63,1063,749,14522,420,9478,812,24000,California
Kings,2021-03-17,1110,33420,420,10237,628,22058,62,1125,779,15040,331,9809,849,24849,California
Kings,2021-03-18,1131,34551,475,10712,433,22491,223,1348,749,15634,380,10189,974,25823,California
Kings,2021-03-19,977,35528,468,11180,418,22909,91,1439,726,16216,250,10439,832,26655,California
Kings,2021-03-20,642,36170,256,11436,354,23263,32,1471,463,16543,176,10615,503,27158,California
Kings,2021-03-21,1423,37593,1091,12527,320,23583,12,1483,863,16858,560,11175,875,28033,California
Kings,2021-03-22,451,38044,200,12727,165,23748,86,1569,266,17030,184,11359,356,28389,California
Kings,2021-03-23,1047,39091,506,13233,477,24225,64,1633,548,17149,497,11856,616,29005,California
Kings,2021-03-24,1096,40187,486,13719,587,24812,23,1656,500,17080,594,12450,525,29530,California
Kings,2021-03-25,1053,41240,471,14190,555,25367,27,1683,444,16943,607,13057,470,30000,California
Kings,2021-03-26,1407,42647,380,14570,937,26304,90,1773,510,16650,892,13949,599,30599,California
Kings,2021-03-27,643,43290,259,14829,372,26676,12,1785,155,16331,486,14435,167,30766,California
Kings,2021-03-28,673,43963,602,15431,64,26740,7,1792,403,16484,270,14705,423,31189,California
Kings,2021-03-29,470,44433,212,15643,197,26937,61,1853,257,16590,211,14916,317,31506,California
Kings,2021-03-30,950,45383,533,16176,378,27315,39,1892,433,16545,516,15432,471,31977,California
Kings,2021-03-31,890,46273,467,16643,350,27665,73,1965,420,16576,462,15894,493,32470,California
Kings,2021-04-01,915,47188,490,17133,336,28001,89,2054,355,16467,553,16447,444,32914,California
Kings,2021-04-02,1118,48306,454,17587,538,28539,126,2180,394,16268,718,17165,519,33433,California
Kings,2021-04-03,496,48802,348,17935,139,28678,9,2189,171,16130,319,17484,181,33614,California
Kings,2021-04-04,157,48959,83,18018,68,28746,6,2195,42,16065,113,17597,48,33662,California
Kings,2021-04-05,1063,50022,328,18346,480,29226,255,2450,240,15737,822,18419,494,34156,California
Kings,2021-04-06,1258,51280,493,18839,452,29678,313,2763,285,15364,970,19389,597,34753,California
Kings,2021-04-07,1377,52657,655,19494,536,30214,186,2949,337,14850,1037,20426,523,35276,California
Kings,2021-04-08,1631,54288,638,20132,740,30954,253,3202,374,14227,1250,21676,627,35903,California
Kings,2021-04-09,1243,55531,593,20725,469,31423,181,3383,238,13640,1003,22679,416,36319,California
Kings,2021-04-10,595,56126,333,21058,160,31583,102,3485,175,13498,418,23097,276,36595,California
Kings,2021-04-11,355,56481,76,21134,272,31855,7,3492,196,13544,157,23254,203,36798,California
Kings,2021-04-12,710,57191,315,21449,192,32047,203,3695,194,13427,514,23768,397,37195,California
Kings,2021-04-13,919,58110,527,21976,392,32439,0,3695,295,13105,622,24390,300,37495,California
Kings,2021-04-14,1050,59160,579,22555,471,32910,0,3695,379,12814,671,25061,380,37875,California
Kings,2021-04-15,1063,60223,524,23079,538,33448,1,3696,453,12661,607,25668,454,38329,California
Kings,2021-04-16,797,61020,364,23443,433,33881,0,3696,262,12391,533,26201,263,38592,California
Kings,2021-04-17,459,61479,245,23688,214,34095,0,3696,187,12307,271,26472,187,38779,California
Kings,2021-04-18,571,62050,246,23934,325,34420,0,3696,45,11826,526,26998,45,38824,California
Kings,2021-04-19,629,62679,386,24320,243,34663,0,3696,296,11792,330,27328,296,39120,California
Kings,2021-04-20,756,63435,462,24782,294,34957,0,3696,243,11523,512,27840,243,39363,California
Kings,2021-04-21,696,64131,352,25134,344,35301,0,3696,244,11323,444,28284,244,39607,California
Kings,2021-04-22,573,64704,291,25425,282,35583,0,3696,209,11172,361,28645,210,39817,California
Kings,2021-04-23,677,65381,298,25723,379,35962,0,3696,330,11159,343,28988,330,40147,California
Kings,2021-04-24,247,65628,179,25902,67,36029,1,3697,119,11152,127,29115,120,40267,California
Kings,2021-04-25,204,65832,184,26086,20,36049,0,3697,166,11281,37,29152,166,40433,California
Kings,2021-04-26,326,66158,177,26263,146,36195,3,3700,201,11361,124,29276,204,40637,California
Kings,2021-04-27,433,66591,195,26458,219,36414,19,3719,184,11317,247,29523,203,40840,California
Kings,2021-04-28,523,67114,263,26721,240,36654,20,3739,270,11354,253,29776,290,41130,California
Kings,2021-04-29,302,67416,125,26846,165,36819,12,3751,141,11349,158,29934,153,41283,California
Kings,2021-04-30,376,67792,168,27014,191,37010,17,3768,155,11304,217,30151,172,41455,California
Kings,2021-05-01,227,68019,166,27180,51,37061,10,3778,72,11232,154,30305,82,41537,California
Kings,2021-05-02,170,68189,148,27328,22,37083,0,3778,128,11318,42,30347,128,41665,California
Kings,2021-05-03,474,68663,252,27580,209,37292,13,3791,121,11100,352,30699,134,41799,California
Kings,2021-05-04,528,69191,273,27853,235,37527,20,3811,161,10916,365,31064,181,41980,California
Kings,2021-05-05,566,69757,300,28153,246,37773,20,3831,143,10657,422,31486,163,42143,California
Kings,2021-05-06,571,70328,290,28443,258,38031,23,3854,132,10375,437,31923,155,42298,California
Kings,2021-05-07,368,70696,211,28654,143,38174,14,3868,149,10321,217,32140,163,42461,California
Kings,2021-05-08,244,70940,179,28833,53,38227,12,3880,85,10259,158,32298,96,42557,California
Kings,2021-05-09,191,71131,63,28896,128,38355,0,3880,40,10148,151,32449,40,42597,California
Kings,2021-05-10,347,71478,270,29166,67,38422,10,3890,114,10040,231,32680,123,42720,California
Kings,2021-05-11,387,71865,239,29405,119,38541,29,3919,116,9916,270,32950,146,42866,California
Kings,2021-05-12,401,72266,163,29568,224,38765,14,3933,164,9859,235,33185,178,43044,California
Kings,2021-05-13,410,72676,167,29735,235,39000,8,3941,168,9794,241,33426,176,43220,California
Kings,2021-05-14,463,73139,316,30051,116,39116,31,3972,239,9841,223,33649,270,43490,California
Kings,2021-05-15,356,73495,256,30307,82,39198,18,3990,198,9899,158,33807,216,43706,California
Kings,2021-05-16,247,73742,221,30528,25,39223,1,3991,75,9803,172,33979,76,43782,California
Kings,2021-05-17,409,74151,324,30852,68,39291,17,4008,211,9834,197,34176,228,44010,California
Kings,2021-05-18,398,74549,283,31135,102,39393,13,4021,227,9904,171,34347,241,44251,California
Kings,2021-05-19,574,75123,281,31416,271,39664,22,4043,227,9808,345,34692,249,44500,California
Kings,2021-05-20,451,75574,237,31653,187,39851,27,4070,260,9905,191,34883,288,44788,California
Kings,2021-05-21,518,76092,262,31915,245,40096,11,4081,263,9928,251,35134,274,45062,California
Kings,2021-05-22,306,76398,246,32161,48,40144,12,4093,217,10070,87,35221,229,45291,California
Kings,2021-05-23,234,76632,225,32386,9,40153,0,4093,106,10048,128,35349,106,45397,California
Kings,2021-05-24,262,76894,175,32561,72,40225,15,4108,125,10051,137,35486,140,45537,California
Kings,2021-05-25,405,77299,268,32829,104,40329,33,4141,236,10153,167,35653,269,45806,California
Kings,2021-05-26,304,77603,125,32954,162,40491,17,4158,121,10109,182,35835,138,45944,California
Kings,2021-05-27,325,77928,176,33130,131,40622,18,4176,177,10159,145,35980,195,46139,California
Kings,2021-05-28,288,78216,140,33270,130,40752,18,4194,132,10156,153,36133,150,46289,California
Kings,2021-05-29,174,78390,101,33371,62,40814,11,4205,87,10168,86,36219,98,46387,California
Kings,2021-05-30,133,78523,116,33487,15,40829,2,4207,72,10181,61,36280,74,46461,California
Kings,2021-05-31,41,78564,22,33509,16,40845,3,4210,15,10173,26,36306,18,46479,California
Kings,2021-06-01,317,78881,187,33696,114,40959,16,4226,119,10113,194,36500,134,46613,California
Kings,2021-06-02,276,79157,125,33821,144,41103,7,4233,85,10017,188,36688,92,46705,California
Kings,2021-06-03,225,79382,126,33947,88,41191,11,4244,69,9949,148,36836,80,46785,California
Kings,2021-06-04,427,79809,284,34231,129,41320,14,4258,153,9846,270,37106,167,46952,California
Kings,2021-06-05,258,80067,224,34455,27,41347,7,4265,62,9732,183,37289,69,47021,California
Kings,2021-06-06,162,80229,154,34609,3,41350,5,4270,81,9741,77,37366,86,47107,California
Kings,2021-06-07,293,80522,225,34834,54,41404,14,4284,95,9651,198,37564,108,47215,California
Kings,2021-06-08,312,80834,240,35074,52,41456,20,4304,78,9517,232,37796,98,47313,California
Kings,2021-06-09,397,81231,264,35338,124,41580,9,4313,116,9364,278,38074,125,47438,California
Kings,2021-06-10,341,81572,223,35561,105,41685,13,4326,82,9200,259,38333,95,47533,California
Kings,2021-06-11,373,81945,280,35841,90,41775,3,4329,143,9121,225,38558,146,47679,California
Kings,2021-06-12,268,82213,220,36061,44,41819,4,4333,69,9011,183,38741,73,47752,California
Kings,2021-06-13,127,82340,118,36179,8,41827,1,4334,34,8954,92,38833,35,47787,California
Kings,2021-06-14,240,82580,172,36351,46,41873,22,4356,97,8930,143,38976,119,47906,California
Kings,2021-06-15,255,82835,182,36533,62,41935,11,4367,88,8863,166,39142,99,48005,California
Kings,2021-06-16,254,83089,130,36663,116,42051,8,4375,90,8805,157,39299,99,48104,California
Kings,2021-06-17,207,83296,110,36773,87,42138,10,4385,80,8768,127,39426,90,48194,California
Kings,2021-06-18,252,83548,173,36946,70,42208,9,4394,118,8761,134,39560,127,48321,California
Kings,2021-06-19,101,83649,69,37015,27,42235,5,4399,40,8745,61,39621,45,48366,California
Kings,2021-06-20,84,83733,69,37084,9,42244,6,4405,28,8723,56,39677,34,48400,California
Kings,2021-06-21,181,83914,97,37181,53,42297,31,4436,97,8767,84,39761,128,48528,California
Kings,2021-06-22,199,84113,128,37309,63,42360,8,4444,82,8740,117,39878,90,48618,California
Kings,2021-06-23,197,84310,94,37403,88,42448,15,4459,86,8731,110,39988,101,48719,California
Kings,2021-06-24,145,84455,68,37471,72,42520,5,4464,56,8704,88,40076,61,48780,California
Kings,2021-06-25,306,84761,219,37690,78,42598,9,4473,150,8708,155,40231,159,48939,California
Kings,2021-06-26,124,84885,82,37772,38,42636,4,4477,53,8694,71,40302,57,48996,California
Kings,2021-06-27,118,85003,111,37883,6,42642,1,4478,38,8656,77,40379,39,49035,California
Kings,2021-06-28,192,85195,138,38021,37,42679,17,4495,82,8645,110,40489,99,49134,California
Kings,2021-06-29,179,85374,133,38154,36,42715,10,4505,86,8650,91,40580,96,49230,California
Kings,2021-06-30,189,85563,117,38271,64,42779,8,4513,87,8643,102,40682,95,49325,California
Kings,2021-07-01,132,85695,89,38360,36,42815,7,4520,63,8646,67,40749,70,49395,California
Kings,2021-07-02,184,85879,119,38479,56,42871,9,4529,90,8652,93,40842,99,49494,California
Kings,2021-07-03,99,85978,84,38563,14,42885,1,4530,50,8654,49,40891,51,49545,California
Kings,2021-07-04,4,85982,0,38563,4,42889,0,4530,3,8656,1,40892,3,49548,California
Lake,2020-12-17,4,4,4,4,0,0,0,0,4,4,0,0,4,4,California
Lake,2020-12-18,50,54,50,54,0,0,0,0,50,54,0,0,50,54,California
Lake,2020-12-19,3,57,3,57,0,0,0,0,3,57,0,0,3,57,California
Lake,2020-12-20,6,63,6,63,0,0,0,0,6,63,0,0,6,63,California
Lake,2020-12-21,87,150,87,150,0,0,0,0,87,150,0,0,87,150,California
Lake,2020-12-22,63,213,60,210,3,3,0,0,63,213,0,0,63,213,California
Lake,2020-12-23,124,337,115,325,9,12,0,0,124,337,0,0,124,337,California
Lake,2020-12-24,2,339,0,325,2,14,0,0,2,339,0,0,2,339,California
Lake,2020-12-26,2,341,2,327,0,14,0,0,2,341,0,0,2,341,California
Lake,2020-12-27,2,343,2,329,0,14,0,0,2,343,0,0,2,343,California
Lake,2020-12-28,52,395,43,372,9,23,0,0,52,395,0,0,52,395,California
Lake,2020-12-29,52,447,47,419,5,28,0,0,52,447,0,0,52,447,California
Lake,2020-12-30,130,577,122,541,8,36,0,0,130,577,0,0,130,577,California
Lake,2020-12-31,67,644,64,605,3,39,0,0,67,644,0,0,67,644,California
Lake,2021-01-01,4,648,1,606,3,42,0,0,4,648,0,0,4,648,California
Lake,2021-01-02,2,650,1,607,1,43,0,0,2,650,0,0,2,650,California
Lake,2021-01-04,88,738,21,628,67,110,0,0,88,738,0,0,88,738,California
Lake,2021-01-05,120,858,59,687,61,171,0,0,118,854,2,2,118,856,California
Lake,2021-01-06,103,961,64,751,39,210,0,0,101,953,2,4,101,957,California
Lake,2021-01-07,110,1071,86,837,24,234,0,0,101,1045,9,13,101,1058,California
Lake,2021-01-08,155,1226,126,963,29,263,0,0,104,1098,51,64,104,1162,California
Lake,2021-01-09,63,1289,61,1024,2,265,0,0,59,1153,4,68,59,1221,California
Lake,2021-01-10,3,1292,3,1027,0,265,0,0,0,1150,3,71,0,1221,California
Lake,2021-01-11,189,1481,150,1177,39,304,0,0,109,1179,80,151,109,1330,California
Lake,2021-01-12,81,1562,48,1225,33,337,0,0,58,1214,23,174,58,1388,California
Lake,2021-01-13,170,1732,115,1340,55,392,0,0,110,1264,60,234,110,1498,California
Lake,2021-01-14,151,1883,48,1388,103,495,0,0,129,1371,22,256,129,1627,California
Lake,2021-01-15,221,2104,95,1483,126,621,0,0,193,1536,28,284,193,1820,California
Lake,2021-01-16,136,2240,83,1566,53,674,0,0,134,1668,2,286,134,1954,California
Lake,2021-01-17,18,2258,6,1572,12,686,0,0,12,1674,6,292,12,1966,California
Lake,2021-01-18,246,2504,227,1799,19,705,0,0,125,1678,121,413,125,2091,California
Lake,2021-01-19,318,2822,121,1920,197,902,0,0,271,1903,47,460,272,2363,California
Lake,2021-01-20,427,3249,82,2002,345,1247,0,0,362,2201,64,524,362,2725,California
Lake,2021-01-21,441,3690,50,2052,391,1638,0,0,405,2570,36,560,405,3130,California
Lake,2021-01-22,322,4012,47,2099,275,1913,0,0,285,2818,37,597,285,3415,California
Lake,2021-01-23,127,4139,6,2105,121,2034,0,0,126,2943,1,598,126,3541,California
Lake,2021-01-24,5,4144,2,2107,3,2037,0,0,5,2948,0,598,5,3546,California
Lake,2021-01-25,259,4403,96,2203,163,2200,0,0,177,3043,82,680,177,3723,California
Lake,2021-01-26,432,4835,36,2239,396,2596,0,0,408,3427,24,704,408,4131,California
Lake,2021-01-27,362,5197,40,2279,322,2918,0,0,335,3736,27,731,336,4467,California
Lake,2021-01-28,499,5696,162,2441,337,3255,0,0,367,3973,130,861,367,4834,California
Lake,2021-01-29,653,6349,101,2542,552,3807,0,0,578,4476,75,936,578,5412,California
Lake,2021-01-30,557,6906,43,2585,514,4321,0,0,551,5021,6,942,551,5963,California
Lake,2021-01-31,15,6921,9,2594,6,4327,0,0,13,5032,2,944,13,5976,California
Lake,2021-02-01,181,7102,18,2612,163,4490,0,0,167,5185,14,958,167,6143,California
Lake,2021-02-02,565,7667,153,2765,412,4902,0,0,397,5414,168,1126,397,6540,California
Lake,2021-02-03,445,8112,33,2798,412,5314,0,0,341,5651,104,1230,341,6881,California
Lake,2021-02-04,121,8233,70,2868,51,5365,0,0,71,5672,50,1280,71,6952,California
Lake,2021-02-05,382,8615,73,2941,309,5674,0,0,287,5866,93,1373,287,7239,California
Lake,2021-02-06,276,8891,42,2983,234,5908,0,0,264,6118,12,1385,264,7503,California
Lake,2021-02-07,2,8893,1,2984,1,5909,0,0,2,6120,0,1385,2,7505,California
Lake,2021-02-08,277,9170,205,3189,72,5981,0,0,158,6159,119,1504,158,7663,California
Lake,2021-02-09,345,9515,25,3214,320,6301,0,0,300,6415,44,1548,300,7963,California
Lake,2021-02-10,356,9871,54,3268,302,6603,0,0,275,6609,81,1629,275,8238,California
Lake,2021-02-11,181,10052,18,3286,163,6766,0,0,60,6548,121,1750,60,8298,California
Lake,2021-02-12,377,10429,29,3315,348,7114,0,0,287,6746,89,1839,287,8585,California
Lake,2021-02-13,252,10681,8,3323,244,7358,0,0,239,6972,13,1852,239,8824,California
Lake,2021-02-14,22,10703,5,3328,17,7375,0,0,8,6966,14,1866,8,8832,California
Lake,2021-02-15,172,10875,13,3341,159,7534,0,0,8,6811,163,2029,8,8840,California
Lake,2021-02-16,429,11304,23,3364,406,7940,0,0,178,6738,251,2280,178,9018,California
Lake,2021-02-17,354,11658,56,3420,298,8238,0,0,73,6531,280,2560,73,9091,California
Lake,2021-02-18,466,12124,73,3493,393,8631,0,0,117,6300,348,2908,117,9208,California
Lake,2021-02-19,437,12561,29,3522,408,9039,0,0,94,6051,343,3251,94,9302,California
Lake,2021-02-20,297,12858,61,3583,236,9275,0,0,251,6257,45,3296,251,9553,California
Lake,2021-02-21,7,12865,7,3590,0,9275,0,0,0,6250,7,3303,0,9553,California
Lake,2021-02-22,140,13005,22,3612,118,9393,0,0,40,6190,100,3403,40,9593,California
Lake,2021-02-23,221,13226,15,3627,206,9599,0,0,28,6025,193,3596,28,9621,California
Lake,2021-02-24,1016,14242,429,4056,587,10186,0,0,469,5948,546,4142,469,10090,California
Lake,2021-02-25,760,15002,495,4551,265,10451,0,0,498,6187,259,4401,498,10588,California
Lake,2021-02-26,1018,16020,322,4873,696,11147,0,0,363,5899,651,5052,363,10951,California
Lake,2021-02-27,410,16430,97,4970,313,11460,0,0,327,6144,82,5134,327,11278,California
Lake,2021-02-28,21,16451,12,4982,9,11469,0,0,12,6147,9,5143,12,11290,California
Lake,2021-03-01,597,17048,55,5037,542,12011,0,0,444,6438,153,5296,444,11734,California
Lake,2021-03-02,747,17795,18,5055,729,12740,0,0,287,6267,458,5754,287,12021,California
Lake,2021-03-03,370,18165,196,5251,174,12914,0,0,147,6192,222,5976,147,12168,California
Lake,2021-03-04,578,18743,506,5757,72,12986,0,0,562,6738,16,5992,562,12730,California
Lake,2021-03-05,1046,19789,52,5809,994,13980,0,0,187,6070,855,6847,187,12917,California
Lake,2021-03-06,35,19824,9,5818,25,14005,1,1,22,6080,13,6860,23,12940,California
Lake,2021-03-07,8,19832,6,5824,2,14007,0,1,5,6082,3,6863,5,12945,California
Lake,2021-03-08,341,20173,266,6090,65,14072,10,11,299,6349,42,6905,309,13254,California
Lake,2021-03-09,932,21105,44,6134,871,14943,17,28,407,6250,524,7429,425,13679,California
Lake,2021-03-10,204,21309,60,6194,131,15074,13,41,134,6328,70,7499,148,13827,California
Lake,2021-03-11,587,21896,49,6243,64,15138,474,515,45,6305,542,8041,519,14346,California
Lake,2021-03-12,854,22750,203,6446,625,15763,26,541,361,6201,491,8532,387,14733,California
Lake,2021-03-13,283,23033,22,6468,25,15788,236,777,20,6194,262,8794,255,14988,California
Lake,2021-03-14,11,23044,2,6470,9,15797,0,777,7,6197,4,8798,7,14995,California
Lake,2021-03-15,640,23684,12,6482,610,16407,18,795,481,6538,158,8956,499,15494,California
Lake,2021-03-16,1116,24800,835,7317,264,16671,17,812,378,6198,734,9690,394,15888,California
Lake,2021-03-17,251,25051,123,7440,105,16776,23,835,91,6152,160,9850,114,16002,California
Lake,2021-03-18,750,25801,376,7816,337,17113,37,872,356,6153,391,10241,392,16394,California
Lake,2021-03-19,584,26385,317,8133,248,17361,19,891,476,6541,107,10348,495,16889,California
Lake,2021-03-20,249,26634,9,8142,237,17598,3,894,31,6359,216,10564,34,16923,California
Lake,2021-03-21,15,26649,10,8152,4,17602,1,895,10,6365,5,10569,11,16934,California
Lake,2021-03-22,337,26986,256,8408,67,17669,14,909,250,6542,87,10656,264,17198,California
Lake,2021-03-23,429,27415,21,8429,394,18063,14,923,363,6854,65,10721,377,17575,California
Lake,2021-03-24,423,27838,62,8491,353,18416,8,931,325,7091,97,10818,334,17909,California
Lake,2021-03-25,674,28512,482,8973,185,18601,7,938,174,6771,500,11318,180,18089,California
Lake,2021-03-26,68,28580,33,9006,34,18635,1,939,31,6767,36,11354,32,18121,California
Lake,2021-03-27,309,28889,7,9013,299,18934,3,942,17,6497,290,11644,20,18141,California
Lake,2021-03-28,17,28906,8,9021,9,18943,0,942,9,6498,8,11652,9,18150,California
Lake,2021-03-29,987,29893,286,9307,699,19642,2,944,202,5919,783,12435,204,18354,California
Lake,2021-03-30,464,30357,313,9620,148,19790,3,947,365,6189,98,12533,368,18722,California
Lake,2021-03-31,615,30972,60,9680,555,20345,0,947,432,6448,173,12706,432,19154,California
Lake,2021-04-01,449,31421,234,9914,203,20548,12,959,187,6389,258,12964,199,19353,California
Lake,2021-04-02,224,31645,41,9955,155,20703,28,987,97,6387,127,13091,125,19478,California
Lake,2021-04-03,33,31678,6,9961,24,20727,3,990,13,6383,20,13111,16,19494,California
Lake,2021-04-04,20,31698,11,9972,7,20734,2,992,15,6395,5,13116,17,19511,California
Lake,2021-04-05,643,32341,71,10043,552,21286,20,1012,402,6578,238,13354,421,19932,California
Lake,2021-04-06,479,32820,17,10060,436,21722,26,1038,307,6740,171,13525,333,20265,California
Lake,2021-04-07,526,33346,58,10118,416,22138,52,1090,356,6980,168,13693,408,20673,California
Lake,2021-04-08,606,33952,494,10612,46,22184,66,1156,105,6653,498,14191,171,20844,California
Lake,2021-04-09,282,34234,40,10652,173,22357,69,1225,48,6539,230,14421,116,20960,California
Lake,2021-04-10,257,34491,15,10667,16,22373,226,1451,11,6530,246,14667,237,21197,California
Lake,2021-04-11,21,34512,16,10683,3,22376,2,1453,7,6525,14,14681,9,21206,California
Lake,2021-04-12,1082,35594,233,10916,815,23191,34,1487,244,5965,838,15519,278,21484,California
Lake,2021-04-13,181,35775,110,11026,71,23262,0,1487,54,5892,127,15646,54,21538,California
Lake,2021-04-14,619,36394,38,11064,581,23843,0,1487,553,6379,66,15712,553,22091,California
Lake,2021-04-15,647,37041,193,11257,454,24297,0,1487,332,6396,315,16027,332,22423,California
Lake,2021-04-16,268,37309,31,11288,237,24534,0,1487,76,6281,191,16218,76,22499,California
Lake,2021-04-17,42,37351,12,11300,30,24564,0,1487,32,6303,10,16228,32,22531,California
Lake,2021-04-18,9,37360,6,11306,3,24567,0,1487,0,6294,9,16237,0,22531,California
Lake,2021-04-19,298,37658,39,11345,259,24826,0,1487,247,6490,51,16288,247,22778,California
Lake,2021-04-20,694,38352,280,11625,414,25240,0,1487,95,5988,598,16886,96,22874,California
Lake,2021-04-21,532,38884,62,11687,470,25710,0,1487,197,5850,335,17221,197,23071,California
Lake,2021-04-22,471,39355,50,11737,421,26131,0,1487,323,6026,147,17368,323,23394,California
Lake,2021-04-23,122,39477,64,11801,58,26189,0,1487,72,6050,48,17416,72,23466,California
Lake,2021-04-24,55,39532,9,11810,46,26235,0,1487,41,6077,14,17430,41,23507,California
Lake,2021-04-25,37,39569,20,11830,17,26252,0,1487,25,6090,12,17442,25,23532,California
Lake,2021-04-26,295,39864,82,11912,212,26464,1,1488,90,5976,205,17647,91,23623,California
Lake,2021-04-27,249,40113,24,11936,207,26671,18,1506,86,5917,163,17810,104,23727,California
Lake,2021-04-28,511,40624,51,11987,445,27116,15,1521,90,5602,419,18229,104,23831,California
Lake,2021-04-29,210,40834,82,12069,112,27228,16,1537,111,5629,99,18328,126,23957,California
Lake,2021-04-30,289,41123,45,12114,213,27441,31,1568,147,5666,141,18469,178,24135,California
Lake,2021-05-01,50,41173,27,12141,21,27462,2,1570,34,5687,15,18484,36,24171,California
Lake,2021-05-02,19,41192,10,12151,8,27470,1,1571,10,5689,9,18493,11,24182,California
Lake,2021-05-03,413,41605,30,12181,347,27817,36,1607,66,5445,346,18839,102,24284,California
Lake,2021-05-04,403,42008,217,12398,138,27955,48,1655,123,5337,279,19118,171,24455,California
Lake,2021-05-05,629,42637,44,12442,573,28528,12,1667,84,4890,542,19660,95,24550,California
Lake,2021-05-06,142,42779,19,12461,94,28622,29,1696,72,4920,70,19730,100,24650,California
Lake,2021-05-07,166,42945,29,12490,117,28739,20,1716,102,4980,62,19792,122,24772,California
Lake,2021-05-08,42,42987,8,12498,34,28773,0,1716,35,5008,7,19799,35,24807,California
Lake,2021-05-09,17,43004,2,12500,10,28783,5,1721,10,5016,7,19806,15,24822,California
Lake,2021-05-10,244,43248,10,12510,206,28989,28,1749,58,4917,185,19991,86,24908,California
Lake,2021-05-11,195,43443,25,12535,153,29142,17,1766,116,4972,79,20070,134,25042,California
Lake,2021-05-12,541,43984,31,12566,490,29632,20,1786,54,4558,487,20557,73,25115,California
Lake,2021-05-13,318,44302,69,12635,235,29867,14,1800,72,4400,244,20801,86,25201,California
Lake,2021-05-14,268,44570,83,12718,167,30034,18,1818,163,4477,103,20904,180,25381,California
Lake,2021-05-15,45,44615,19,12737,23,30057,3,1821,28,4491,17,20921,31,25412,California
Lake,2021-05-16,33,44648,19,12756,13,30070,1,1822,18,4495,15,20936,19,25431,California
Lake,2021-05-17,315,44963,44,12800,256,30326,15,1837,82,4362,230,21166,97,25528,California
Lake,2021-05-18,299,45262,65,12865,215,30541,19,1856,171,4425,127,21293,190,25718,California
Lake,2021-05-19,313,45575,57,12922,241,30782,15,1871,88,4304,224,21517,103,25821,California
Lake,2021-05-20,236,45811,60,12982,165,30947,11,1882,92,4263,144,21661,103,25924,California
Lake,2021-05-21,274,46085,51,13033,199,31146,24,1906,114,4243,158,21819,138,26062,California
Lake,2021-05-22,98,46183,54,13087,41,31187,3,1909,49,4246,49,21868,52,26114,California
Lake,2021-05-23,58,46241,28,13115,29,31216,1,1910,30,4249,28,21896,31,26145,California
Lake,2021-05-24,159,46400,36,13151,109,31325,14,1924,72,4248,87,21983,86,26231,California
Lake,2021-05-25,204,46604,57,13208,136,31461,11,1935,74,4204,129,22112,85,26316,California
Lake,2021-05-26,151,46755,44,13252,96,31557,11,1946,54,4174,95,22207,65,26381,California
Lake,2021-05-27,176,46931,48,13300,114,31671,14,1960,61,4135,114,22321,75,26456,California
Lake,2021-05-28,221,47152,21,13321,163,31834,37,1997,50,4053,168,22489,86,26542,California
Lake,2021-05-29,37,47189,10,13331,21,31855,6,2003,14,4050,23,22512,20,26562,California
Lake,2021-05-30,22,47211,6,13337,14,31869,2,2005,12,4054,10,22522,14,26576,California
Lake,2021-05-31,63,47274,21,13358,40,31909,2,2007,53,4099,10,22532,55,26631,California
Lake,2021-06-01,198,47472,39,13397,150,32059,9,2016,69,4049,128,22660,78,26709,California
Lake,2021-06-02,132,47604,46,13443,74,32133,12,2028,53,4035,79,22739,65,26774,California
Lake,2021-06-03,181,47785,53,13496,109,32242,19,2047,79,4031,102,22841,98,26872,California
Lake,2021-06-04,185,47970,54,13550,115,32357,16,2063,47,3958,136,22977,63,26935,California
Lake,2021-06-05,91,48061,56,13606,27,32384,8,2071,55,3985,36,23013,63,26998,California
Lake,2021-06-06,68,48129,38,13644,30,32414,0,2071,24,3965,44,23057,24,27022,California
Lake,2021-06-07,89,48218,29,13673,52,32466,8,2079,31,3947,57,23114,39,27061,California
Lake,2021-06-08,179,48397,68,13741,99,32565,12,2091,67,3914,112,23226,79,27140,California
Lake,2021-06-09,171,48568,42,13783,125,32690,4,2095,36,3821,133,23359,40,27180,California
Lake,2021-06-10,129,48697,64,13847,52,32742,13,2108,51,3807,78,23437,64,27244,California
Lake,2021-06-11,209,48906,67,13914,119,32861,23,2131,48,3719,159,23596,71,27315,California
Lake,2021-06-12,67,48973,39,13953,22,32883,6,2137,34,3726,33,23629,40,27355,California
Lake,2021-06-13,29,49002,16,13969,13,32896,0,2137,14,3725,15,23644,14,27369,California
Lake,2021-06-14,179,49181,87,14056,79,32975,13,2150,50,3660,128,23772,63,27432,California
Lake,2021-06-15,244,49425,64,14120,162,33137,18,2168,78,3590,166,23938,96,27528,California
Lake,2021-06-16,163,49588,57,14177,91,33228,15,2183,55,3553,107,24045,70,27598,California
Lake,2021-06-17,179,49767,86,14263,83,33311,10,2193,80,3545,98,24143,90,27688,California
Lake,2021-06-18,141,49908,38,14301,93,33404,10,2203,57,3528,84,24227,67,27755,California
Lake,2021-06-19,67,49975,25,14326,42,33446,0,2203,34,3529,33,24260,34,27789,California
Lake,2021-06-20,21,49996,7,14333,12,33458,2,2205,10,3530,11,24271,12,27801,California
Lake,2021-06-21,67,50063,17,14350,43,33501,7,2212,29,3528,38,24309,36,27837,California
Lake,2021-06-22,135,50198,51,14401,74,33575,10,2222,62,3528,72,24381,72,27909,California
Lake,2021-06-23,148,50346,68,14469,56,33631,24,2246,80,3564,68,24449,104,28013,California
Lake,2021-06-24,140,50486,93,14562,34,33665,13,2259,48,3535,90,24539,61,28074,California
Lake,2021-06-25,129,50615,57,14619,63,33728,9,2268,66,3548,62,24601,75,28149,California
Lake,2021-06-26,48,50663,37,14656,11,33739,0,2268,6,3512,42,24643,6,28155,California
Lake,2021-06-27,42,50705,30,14686,12,33751,0,2268,23,3516,19,24662,23,28178,California
Lake,2021-06-28,65,50770,22,14708,22,33773,21,2289,28,3529,36,24698,49,28227,California
Lake,2021-06-29,118,50888,47,14755,67,33840,4,2293,63,3541,55,24753,67,28294,California
Lake,2021-06-30,112,51000,61,14816,47,33887,4,2297,59,3551,53,24806,63,28357,California
Lake,2021-07-01,113,51113,54,14870,57,33944,2,2299,39,3522,70,24876,41,28398,California
Lake,2021-07-02,80,51193,13,14883,57,34001,10,2309,40,3533,38,24914,49,28447,California
Lake,2021-07-03,69,51262,38,14921,31,34032,0,2309,32,3530,35,24949,32,28479,California
Lake,2021-07-04,9,51271,0,14921,9,34041,0,2309,6,3533,3,24952,6,28485,California
Lassen,2020-12-16,8,8,8,8,0,0,0,0,8,8,0,0,8,8,California
Lassen,2020-12-17,6,14,6,14,0,0,0,0,6,14,0,0,6,14,California
Lassen,2020-12-18,1,15,1,15,0,0,0,0,1,15,0,0,1,15,California
Lassen,2020-12-19,5,20,5,20,0,0,0,0,5,20,0,0,5,20,California
Lassen,2020-12-20,2,22,2,22,0,0,0,0,2,22,0,0,2,22,California
Lassen,2020-12-21,11,33,11,33,0,0,0,0,11,33,0,0,11,33,California
Lassen,2020-12-22,23,56,23,56,0,0,0,0,23,56,0,0,23,56,California
Lassen,2020-12-23,6,62,6,62,0,0,0,0,6,62,0,0,6,62,California
Lassen,2020-12-24,10,72,10,72,0,0,0,0,10,72,0,0,10,72,California
Lassen,2020-12-28,3,75,2,74,1,1,0,0,3,75,0,0,3,75,California
Lassen,2020-12-29,35,110,35,109,0,1,0,0,35,110,0,0,35,110,California
Lassen,2020-12-30,36,146,35,144,1,2,0,0,36,146,0,0,36,146,California
Lassen,2020-12-31,49,195,42,186,7,9,0,0,49,195,0,0,49,195,California
Lassen,2021-01-02,1,196,0,186,1,10,0,0,1,196,0,0,1,196,California
Lassen,2021-01-04,15,211,2,188,13,23,0,0,15,211,0,0,15,211,California
Lassen,2021-01-05,193,404,52,240,141,164,0,0,193,404,0,0,193,404,California
Lassen,2021-01-06,97,501,45,285,52,216,0,0,89,486,8,8,90,494,California
Lassen,2021-01-07,43,544,7,292,36,252,0,0,37,517,6,14,37,531,California
Lassen,2021-01-08,50,594,2,294,48,300,0,0,50,567,0,14,50,581,California
Lassen,2021-01-09,12,606,6,300,6,306,0,0,12,579,0,14,12,593,California
Lassen,2021-01-11,27,633,5,305,22,328,0,0,27,606,0,14,27,620,California
Lassen,2021-01-12,49,682,29,334,20,348,0,0,30,617,19,33,30,650,California
Lassen,2021-01-13,160,842,18,352,142,490,0,0,146,749,14,47,146,796,California
Lassen,2021-01-14,161,1003,18,370,143,633,0,0,149,886,12,59,149,945,California
Lassen,2021-01-15,32,1035,6,376,26,659,0,0,32,918,0,59,32,977,California
Lassen,2021-01-16,34,1069,33,409,1,660,0,0,34,952,0,59,34,1011,California
Lassen,2021-01-17,1,1070,0,409,1,661,0,0,1,953,0,59,1,1012,California
Lassen,2021-01-18,5,1075,2,411,3,664,0,0,4,956,1,60,4,1016,California
Lassen,2021-01-19,186,1261,36,447,150,814,0,0,158,1086,28,88,158,1174,California
Lassen,2021-01-20,187,1448,100,547,87,901,0,0,104,1122,68,156,104,1278,California
Lassen,2021-01-21,145,1593,93,640,52,953,0,0,121,1225,18,174,121,1399,California
Lassen,2021-01-22,31,1624,18,658,13,966,0,0,21,1236,10,184,21,1420,California
Lassen,2021-01-23,2,1626,0,658,2,968,0,0,2,1238,0,184,2,1422,California
Lassen,2021-01-24,1,1627,0,658,1,969,0,0,1,1239,0,184,1,1423,California
Lassen,2021-01-25,12,1639,1,659,11,980,0,0,11,1249,1,185,11,1434,California
Lassen,2021-01-26,126,1765,12,671,114,1094,0,0,122,1367,4,189,122,1556,California
Lassen,2021-01-27,89,1854,37,708,52,1146,0,0,71,1420,18,207,71,1627,California
Lassen,2021-01-28,85,1939,15,723,70,1216,0,0,84,1503,1,208,84,1711,California
Lassen,2021-01-29,23,1962,7,730,16,1232,0,0,22,1524,1,209,22,1733,California
Lassen,2021-02-01,62,2024,5,735,57,1289,0,0,37,1536,25,234,37,1770,California
Lassen,2021-02-02,177,2201,12,747,165,1454,0,0,44,1447,133,367,44,1814,California
Lassen,2021-02-03,98,2299,21,768,77,1531,0,0,50,1449,48,415,50,1864,California
Lassen,2021-02-04,113,2412,16,784,97,1628,0,0,64,1464,49,464,64,1928,California
Lassen,2021-02-05,66,2478,12,796,54,1682,0,0,24,1446,42,506,24,1952,California
Lassen,2021-02-06,69,2547,34,830,35,1717,0,0,36,1450,32,538,36,1988,California
Lassen,2021-02-07,3,2550,3,833,0,1717,0,0,3,1453,0,538,3,1991,California
Lassen,2021-02-08,44,2594,4,837,40,1757,0,0,18,1445,26,564,18,2009,California
Lassen,2021-02-09,128,2722,7,844,121,1878,0,0,49,1415,79,643,49,2058,California
Lassen,2021-02-10,182,2904,21,865,161,2039,0,0,75,1383,107,750,75,2133,California
Lassen,2021-02-11,182,3086,17,882,165,2204,0,0,79,1360,102,852,79,2212,California
Lassen,2021-02-12,43,3129,11,893,32,2236,0,0,16,1349,27,879,16,2228,California
Lassen,2021-02-13,11,3140,3,896,8,2244,0,0,9,1356,2,881,9,2237,California
Lassen,2021-02-14,13,3153,0,896,13,2257,0,0,12,1367,1,882,12,2249,California
Lassen,2021-02-15,22,3175,3,899,19,2276,0,0,17,1380,4,886,17,2266,California
Lassen,2021-02-16,192,3367,4,903,188,2464,0,0,31,1252,159,1045,31,2297,California
Lassen,2021-02-17,182,3549,94,997,88,2552,0,0,10,1090,172,1217,10,2307,California
Lassen,2021-02-18,81,3630,22,1019,59,2611,0,0,21,1051,60,1277,21,2328,California
Lassen,2021-02-19,83,3713,62,1081,21,2632,0,0,19,1006,64,1341,19,2347,California
Lassen,2021-02-20,8,3721,0,1081,8,2640,0,0,6,1010,2,1343,6,2353,California
Lassen,2021-02-21,22,3743,2,1083,20,2660,0,0,18,1024,4,1347,18,2371,California
Lassen,2021-02-22,28,3771,13,1096,15,2675,0,0,9,1014,19,1366,9,2380,California
Lassen,2021-02-23,154,3925,10,1106,144,2819,0,0,43,946,111,1477,43,2423,California
Lassen,2021-02-24,166,4091,16,1122,150,2969,0,0,107,995,58,1535,107,2530,California
Lassen,2021-02-25,160,4251,23,1145,137,3106,0,0,99,1033,61,1596,99,2629,California
Lassen,2021-02-26,75,4326,17,1162,58,3164,0,0,37,1032,38,1634,37,2666,California
Lassen,2021-02-27,8,4334,7,1169,1,3165,0,0,3,1030,5,1639,3,2669,California
Lassen,2021-02-28,7,4341,2,1171,5,3170,0,0,3,1029,4,1643,3,2672,California
Lassen,2021-03-01,42,4383,4,1175,38,3208,0,0,8,1004,33,1676,8,2680,California
Lassen,2021-03-02,108,4491,8,1183,100,3308,0,0,81,1059,26,1702,81,2761,California
Lassen,2021-03-03,169,4660,11,1194,158,3466,0,0,113,1116,56,1758,113,2874,California
Lassen,2021-03-04,149,4809,17,1211,132,3598,0,0,97,1162,51,1809,97,2971,California
Lassen,2021-03-05,49,4858,7,1218,18,3616,24,24,11,1159,38,1847,35,3006,California
Lassen,2021-03-06,55,4913,4,1222,29,3645,22,46,5,1136,50,1897,27,3033,California
Lassen,2021-03-07,58,4971,3,1225,0,3645,55,101,3,1139,55,1952,58,3091,California
Lassen,2021-03-08,88,5059,2,1227,7,3652,79,180,3,1136,85,2037,82,3173,California
Lassen,2021-03-09,137,5196,11,1238,109,3761,17,197,89,1194,48,2085,106,3279,California
Lassen,2021-03-10,173,5369,10,1248,161,3922,2,199,79,1182,93,2178,81,3360,California
Lassen,2021-03-11,185,5554,16,1264,162,4084,7,206,113,1233,69,2247,120,3480,California
Lassen,2021-03-12,34,5588,17,1281,13,4097,4,210,12,1227,22,2269,16,3496,California
Lassen,2021-03-13,48,5636,0,1281,2,4099,46,256,1,1226,47,2316,46,3542,California
Lassen,2021-03-14,14,5650,2,1283,11,4110,1,257,2,1217,12,2328,3,3545,California
Lassen,2021-03-15,36,5686,5,1288,31,4141,0,257,16,1213,20,2348,16,3561,California
Lassen,2021-03-16,92,5778,2,1290,85,4226,5,262,73,1272,19,2367,78,3639,California
Lassen,2021-03-17,1081,6859,9,1299,1067,5293,5,267,1061,2318,20,2387,1066,4705,California
Lassen,2021-03-18,94,6953,9,1308,84,5377,1,268,81,2387,13,2400,82,4787,California
Lassen,2021-03-19,19,6972,11,1319,4,5381,4,272,7,2386,12,2412,11,4798,California
Lassen,2021-03-20,29,7001,3,1322,23,5404,3,275,22,2404,7,2419,25,4823,California
Lassen,2021-03-21,34,7035,1,1323,33,5437,0,275,14,2399,19,2438,14,4837,California
Lassen,2021-03-22,59,7094,1,1324,58,5495,0,275,56,2452,3,2441,56,4893,California
Lassen,2021-03-23,120,7214,11,1335,108,5603,1,276,67,2467,53,2494,68,4961,California
Lassen,2021-03-24,212,7426,13,1348,198,5801,1,277,105,2468,105,2599,106,5067,California
Lassen,2021-03-25,155,7581,23,1371,132,5933,0,277,72,2457,83,2682,72,5139,California
Lassen,2021-03-26,77,7658,13,1384,26,5959,38,315,19,2456,57,2739,56,5195,California
Lassen,2021-03-27,21,7679,4,1388,1,5960,16,331,3,2457,18,2757,19,5214,California
Lassen,2021-03-28,19,7698,4,1392,4,5964,11,342,2,2453,17,2774,13,5227,California
Lassen,2021-03-29,53,7751,0,1392,28,5992,25,367,20,2466,32,2806,45,5272,California
Lassen,2021-03-30,200,7951,10,1402,164,6156,26,393,52,2396,148,2954,78,5350,California
Lassen,2021-03-31,147,8098,12,1414,113,6269,22,415,62,2396,84,3038,84,5434,California
Lassen,2021-04-01,166,8264,15,1429,130,6399,21,436,47,2346,118,3156,68,5502,California
Lassen,2021-04-02,30,8294,4,1433,3,6402,23,459,2,2343,28,3184,25,5527,California
Lassen,2021-04-03,12,8306,0,1433,2,6404,10,469,0,2341,12,3196,10,5537,California
Lassen,2021-04-04,7,8313,2,1435,0,6404,5,474,1,2341,6,3202,6,5543,California
Lassen,2021-04-05,22,8335,4,1439,11,6415,7,481,11,2348,11,3213,18,5561,California
Lassen,2021-04-06,182,8517,8,1447,144,6559,30,511,52,2300,130,3343,82,5643,California
Lassen,2021-04-07,135,8652,6,1453,92,6651,37,548,32,2268,103,3446,71,5714,California
Lassen,2021-04-08,169,8821,9,1462,104,6755,56,604,32,2223,133,3579,88,5802,California
Lassen,2021-04-09,53,8874,6,1468,10,6765,37,641,8,2223,44,3623,44,5846,California
Lassen,2021-04-10,10,8884,0,1468,2,6767,8,649,0,2222,9,3632,8,5854,California
Lassen,2021-04-11,6,8890,2,1470,1,6768,3,652,3,2225,3,3635,6,5860,California
Lassen,2021-04-12,32,8922,4,1474,15,6783,13,665,4,2214,28,3663,17,5877,California
Lassen,2021-04-13,129,9051,6,1480,123,6906,0,665,40,2166,88,3751,40,5917,California
Lassen,2021-04-14,987,10038,16,1496,971,7877,0,665,51,1282,935,4686,51,5968,California
Lassen,2021-04-15,147,10185,14,1510,133,8010,0,665,19,1173,128,4814,19,5987,California
Lassen,2021-04-16,14,10199,5,1515,9,8019,0,665,6,1171,8,4822,6,5993,California
Lassen,2021-04-17,24,10223,3,1518,21,8040,0,665,4,1155,20,4842,4,5997,California
Lassen,2021-04-18,5,10228,2,1520,3,8043,0,665,2,1154,3,4845,2,5999,California
Lassen,2021-04-19,35,10263,0,1520,35,8078,0,665,18,1155,17,4862,18,6017,California
Lassen,2021-04-20,137,10400,7,1527,130,8208,0,665,51,1120,86,4948,51,6068,California
Lassen,2021-04-21,167,10567,10,1537,156,8364,1,666,34,1024,131,5079,35,6103,California
Lassen,2021-04-22,102,10669,16,1553,86,8450,0,666,32,986,70,5149,32,6135,California
Lassen,2021-04-23,27,10696,1,1554,26,8476,0,666,21,1001,6,5155,21,6156,California
Lassen,2021-04-24,9,10705,5,1559,4,8480,0,666,3,998,6,5161,3,6159,California
Lassen,2021-04-25,5,10710,0,1559,4,8484,1,667,3,1000,2,5163,4,6163,California
Lassen,2021-04-26,44,10754,2,1561,38,8522,4,671,9,979,34,5197,13,6176,California
Lassen,2021-04-27,119,10873,9,1570,107,8629,3,674,66,995,53,5250,69,6245,California
Lassen,2021-04-28,82,10955,7,1577,73,8702,2,676,29,973,53,5303,31,6276,California
Lassen,2021-04-29,69,11024,7,1584,59,8761,3,679,24,956,44,5347,27,6303,California
Lassen,2021-04-30,15,11039,8,1592,4,8765,3,682,6,956,9,5356,9,6312,California
Lassen,2021-05-01,5,11044,0,1592,4,8769,1,683,4,960,1,5357,5,6317,California
Lassen,2021-05-02,10,11054,6,1598,4,8773,0,683,6,962,4,5361,6,6323,California
Lassen,2021-05-03,17,11071,2,1600,9,8782,6,689,2,955,15,5376,8,6331,California
Lassen,2021-05-04,73,11144,5,1605,60,8842,8,697,21,932,52,5428,29,6360,California
Lassen,2021-05-05,83,11227,4,1609,67,8909,12,709,26,914,56,5484,38,6398,California
Lassen,2021-05-06,80,11307,21,1630,37,8946,22,731,21,898,59,5543,43,6441,California
Lassen,2021-05-07,49,11356,33,1663,11,8957,5,736,41,936,8,5551,46,6487,California
Lassen,2021-05-08,11,11367,0,1663,5,8962,6,742,4,939,7,5558,10,6497,California
Lassen,2021-05-09,3,11370,1,1664,0,8962,2,744,0,938,3,5561,2,6499,California
Lassen,2021-05-10,12,11382,1,1665,8,8970,3,747,6,941,6,5567,9,6508,California
Lassen,2021-05-11,74,11456,1,1666,62,9032,11,758,20,918,54,5621,31,6539,California
Lassen,2021-05-12,44,11500,4,1670,34,9066,6,764,14,908,30,5651,20,6559,California
Lassen,2021-05-13,36,11536,10,1680,21,9087,5,769,10,897,26,5677,15,6574,California
Lassen,2021-05-14,21,11557,3,1683,10,9097,8,777,10,904,11,5688,18,6592,California
Lassen,2021-05-15,16,11573,2,1685,4,9101,10,787,4,906,12,5700,14,6606,California
Lassen,2021-05-16,7,11580,2,1687,3,9104,2,789,2,906,4,5704,4,6610,California
Lassen,2021-05-17,36,11616,4,1691,20,9124,12,801,10,902,26,5730,22,6632,California
Lassen,2021-05-18,92,11708,11,1702,68,9192,13,814,28,879,64,5794,41,6673,California
Lassen,2021-05-19,59,11767,3,1705,45,9237,11,825,7,845,51,5845,17,6690,California
Lassen,2021-05-20,33,11800,8,1713,16,9253,9,834,11,843,22,5867,20,6710,California
Lassen,2021-05-21,67,11867,33,1746,20,9273,14,848,35,860,32,5899,49,6759,California
Lassen,2021-05-22,17,11884,2,1748,7,9280,8,856,7,865,10,5909,15,6774,California
Lassen,2021-05-23,6,11890,3,1751,1,9281,2,858,0,861,6,5915,2,6776,California
Lassen,2021-05-24,13,11903,1,1752,10,9291,2,860,5,861,7,5922,7,6783,California
Lassen,2021-05-25,99,12002,6,1758,84,9375,9,869,33,837,66,5988,42,6825,California
Lassen,2021-05-26,59,12061,1,1759,42,9417,16,885,11,816,48,6036,27,6852,California
Lassen,2021-05-27,43,12104,17,1776,20,9437,6,891,12,804,30,6066,18,6870,California
Lassen,2021-05-28,74,12178,48,1824,18,9455,8,899,30,798,44,6110,38,6908,California
Lassen,2021-05-29,15,12193,1,1825,12,9467,2,901,8,801,7,6117,10,6918,California
Lassen,2021-05-30,2,12195,0,1825,1,9468,1,902,1,802,1,6118,2,6920,California
Lassen,2021-05-31,7,12202,0,1825,6,9474,1,903,1,798,6,6124,2,6922,California
Lassen,2021-06-01,45,12247,2,1827,36,9510,7,910,15,790,30,6154,22,6944,California
Lassen,2021-06-02,57,12304,2,1829,41,9551,14,924,15,778,41,6195,29,6973,California
Lassen,2021-06-03,20,12324,2,1831,9,9560,9,933,6,779,14,6209,15,6988,California
Lassen,2021-06-04,37,12361,1,1832,24,9584,12,945,12,778,25,6234,24,7012,California
Lassen,2021-06-05,14,12375,3,1835,7,9591,4,949,4,776,10,6244,8,7020,California
Lassen,2021-06-06,5,12380,0,1835,2,9593,3,952,1,776,4,6248,4,7024,California
Lassen,2021-06-07,18,12398,0,1835,9,9602,9,961,3,773,15,6263,12,7036,California
Lassen,2021-06-08,40,12438,9,1844,27,9629,4,965,13,763,27,6290,17,7053,California
Lassen,2021-06-09,18,12456,1,1845,15,9644,2,967,7,762,10,6300,9,7062,California
Lassen,2021-06-10,20,12476,10,1855,7,9651,3,970,10,765,10,6310,13,7075,California
Lassen,2021-06-11,43,12519,29,1884,14,9665,0,970,11,745,32,6342,12,7087,California
Lassen,2021-06-12,5,12524,1,1885,4,9669,0,970,1,742,4,6346,1,7088,California
Lassen,2021-06-13,3,12527,2,1887,1,9670,0,970,1,741,2,6348,1,7089,California
Lassen,2021-06-14,9,12536,1,1888,6,9676,2,972,3,741,5,6353,5,7094,California
Lassen,2021-06-15,48,12584,5,1893,38,9714,5,977,15,728,33,6386,20,7114,California
Lassen,2021-06-16,12,12596,1,1894,6,9720,5,982,7,735,5,6391,12,7126,California
Lassen,2021-06-17,23,12619,11,1905,8,9728,4,986,10,736,13,6404,14,7140,California
Lassen,2021-06-18,45,12664,19,1924,18,9746,8,994,9,717,36,6440,17,7157,California
Lassen,2021-06-19,13,12677,1,1925,10,9756,2,996,5,716,8,6448,7,7164,California
Lassen,2021-06-20,6,12683,2,1927,3,9759,1,997,5,721,1,6449,6,7170,California
Lassen,2021-06-21,14,12697,0,1927,12,9771,2,999,4,717,10,6459,6,7176,California
Lassen,2021-06-22,36,12733,1,1928,34,9805,1,1000,19,720,17,6476,20,7196,California
Lassen,2021-06-23,17,12750,2,1930,12,9817,3,1003,5,716,12,6488,8,7204,California
Lassen,2021-06-24,26,12776,3,1933,16,9833,7,1010,14,725,12,6500,21,7225,California
Lassen,2021-06-25,21,12797,3,1936,18,9851,0,1010,12,728,9,6509,12,7237,California
Lassen,2021-06-26,6,12803,0,1936,6,9857,0,1010,1,724,5,6514,1,7238,California
Lassen,2021-06-27,1,12804,0,1936,0,9857,1,1011,0,724,1,6515,1,7239,California
Lassen,2021-06-28,13,12817,2,1938,9,9866,2,1013,9,731,4,6519,11,7250,California
Lassen,2021-06-29,30,12847,1,1939,28,9894,1,1014,8,718,22,6541,9,7259,California
Lassen,2021-06-30,28,12875,7,1946,16,9910,5,1019,13,721,15,6556,18,7277,California
Lassen,2021-07-01,26,12901,14,1960,11,9921,1,1020,16,728,10,6566,17,7294,California
Lassen,2021-07-02,28,12929,6,1966,18,9939,4,1024,11,728,15,6581,15,7309,California
Lassen,2021-07-03,5,12934,0,1966,5,9944,0,1024,3,729,2,6583,3,7312,California
Lassen,2021-07-04,1,12935,0,1966,1,9945,0,1024,1,730,0,6583,1,7313,California
Los Angeles,2020-12-15,399,399,399,399,0,0,0,0,399,399,0,0,399,399,California
Los Angeles,2020-12-16,3602,4001,3602,4001,0,0,0,0,3602,4001,0,0,3602,4001,California
Los Angeles,2020-12-17,10433,14434,10433,14434,0,0,0,0,10434,14435,0,0,10434,14435,California
Los Angeles,2020-12-18,14803,29237,14777,29211,26,26,0,0,14803,29238,0,0,14803,29238,California
Los Angeles,2020-12-19,7318,36555,7309,36520,9,35,0,0,7320,36558,0,0,7320,36558,California
Los Angeles,2020-12-20,4675,41230,4664,41184,11,46,0,0,4677,41235,0,0,4677,41235,California
Los Angeles,2020-12-21,13789,55019,13772,54956,17,63,0,0,13790,55024,1,1,13790,55025,California
Los Angeles,2020-12-22,11618,66637,11225,66181,393,456,0,0,11617,66639,2,3,11617,66642,California
Los Angeles,2020-12-23,12028,78665,10246,76427,1782,2238,0,0,12029,78668,0,3,12029,78671,California
Los Angeles,2020-12-24,7072,85737,4279,80706,2793,5031,0,0,7075,85743,0,3,7075,85746,California
Los Angeles,2020-12-25,530,86267,423,81129,107,5138,0,0,531,86274,0,3,531,86277,California
Los Angeles,2020-12-26,2553,88820,2198,83327,355,5493,0,0,2552,88824,2,5,2552,88829,California
Los Angeles,2020-12-27,1789,90609,1049,84376,740,6233,0,0,1789,90613,0,5,1789,90618,California
Los Angeles,2020-12-28,10411,101020,6447,90823,3964,10197,0,0,10408,101020,1,6,10408,101026,California
Los Angeles,2020-12-29,11702,112722,6136,96959,5566,15763,0,0,11702,112721,1,7,11702,112728,California
Los Angeles,2020-12-30,14981,127703,8140,105099,6841,22604,0,0,14980,127701,0,7,14980,127708,California
Los Angeles,2020-12-31,8024,135727,2783,107882,5241,27845,0,0,8018,135714,5,12,8018,135726,California
Los Angeles,2021-01-01,1098,136825,324,108206,774,28619,0,0,1096,136808,2,14,1096,136822,California
Los Angeles,2021-01-02,4512,141337,1687,109893,2825,31444,0,0,4511,141319,0,14,4511,141333,California
Los Angeles,2021-01-03,973,142310,232,110125,741,32185,0,0,971,142288,2,16,971,142304,California
Los Angeles,2021-01-04,12833,155143,4920,115045,7913,40098,0,0,12817,155103,2,18,12817,155121,California
Los Angeles,2021-01-05,16158,171301,7140,122185,9018,49116,0,0,14206,167396,1923,1941,14216,169337,California
Los Angeles,2021-01-06,22831,194132,12141,134326,10690,59806,0,0,17129,178901,5634,7575,17139,186476,California
Los Angeles,2021-01-07,29857,223989,16145,150471,13712,73518,0,0,18954,187015,10856,18431,18970,205446,California
Los Angeles,2021-01-08,33593,257582,18277,168748,15316,88834,0,0,21073,195608,12492,30923,21085,226531,California
Los Angeles,2021-01-09,12577,270159,7221,175969,5356,94190,0,0,7620,198282,4954,35877,7628,234159,California
Los Angeles,2021-01-10,4789,274948,3717,179686,1072,95262,0,0,2005,197504,2784,38661,2006,236165,California
Los Angeles,2021-01-11,26065,301013,16405,196091,9660,104922,0,0,15061,201585,10991,49652,15072,251237,California
Los Angeles,2021-01-12,29525,330538,16265,212356,13260,118182,0,0,19302,210692,10208,59860,19315,270552,California
Los Angeles,2021-01-13,29677,360215,15906,228262,13771,131953,0,0,20644,222327,9016,68876,20651,291203,California
Los Angeles,2021-01-14,29474,389689,12749,241011,16725,148678,0,0,23894,240673,5561,74437,23907,315110,California
Los Angeles,2021-01-15,34187,423876,12437,253448,21750,170428,0,0,30568,267659,3592,78029,30578,345688,California
Los Angeles,2021-01-16,17846,441722,5015,258463,12831,183259,0,0,16044,281917,1793,79822,16051,361739,California
Los Angeles,2021-01-17,5280,447002,2359,260822,2921,186180,0,0,5018,286676,261,80083,5020,366759,California
Los Angeles,2021-01-18,15778,462780,10162,270984,5616,191796,0,0,11025,292965,4740,84823,11029,377788,California
Los Angeles,2021-01-19,38866,501646,20686,291670,18180,209976,0,0,30991,316137,7834,92657,31006,408794,California
Los Angeles,2021-01-20,47249,548895,24760,316430,22489,232465,0,0,39577,348089,7638,100295,39590,448384,California
Los Angeles,2021-01-21,49385,598280,22693,339123,26692,259157,0,0,45019,388834,4292,104587,45037,493421,California
Los Angeles,2021-01-22,48606,646886,22495,361618,26111,285268,0,0,45076,430445,3481,108068,45092,538513,California
Los Angeles,2021-01-23,34318,681204,15820,377438,18498,303766,0,0,32205,460585,2079,110147,32219,570732,California
Los Angeles,2021-01-24,15766,696970,12193,389631,3573,307339,0,0,15203,475238,553,110700,15206,585938,California
Los Angeles,2021-01-25,39768,736738,16770,406401,22998,330337,0,0,31029,497585,8698,119398,31045,616983,California
Los Angeles,2021-01-26,49921,786659,24745,431146,25176,355513,0,0,41535,530797,8344,127742,41556,658539,California
Los Angeles,2021-01-27,51180,837839,25923,457069,25257,380770,0,0,41640,563071,9393,137135,41667,700206,California
Los Angeles,2021-01-28,49271,887110,23526,480595,25745,406515,0,0,40668,595283,8472,145607,40684,740890,California
Los Angeles,2021-01-29,50107,937217,25769,506364,24338,430853,0,0,39756,625071,9985,155592,39773,780663,California
Los Angeles,2021-01-30,30453,967670,15596,521960,14857,445710,0,0,26049,646807,4319,159911,26055,806718,California
Los Angeles,2021-01-31,12877,980547,10085,532045,2792,448502,0,0,11956,657862,905,160816,11960,818678,California
Los Angeles,2021-02-01,38865,1019412,16405,548450,22460,470962,0,0,28046,675151,10769,171585,28058,846736,California
Los Angeles,2021-02-02,45093,1064505,18073,566523,27020,497982,0,0,32561,695237,12481,184066,32567,879303,California
Los Angeles,2021-02-03,52745,1117250,19670,586193,33075,531057,0,0,37615,717989,14875,198941,37627,916930,California
Los Angeles,2021-02-04,57756,1175006,20863,607056,36893,567950,0,0,39434,739466,17972,216913,39449,956379,California
Los Angeles,2021-02-05,62078,1237084,21272,628328,40806,608756,0,0,39769,757400,21850,238763,39784,996163,California
Los Angeles,2021-02-06,35847,1272931,13471,641799,22376,631132,0,0,27240,776138,8525,247288,27263,1023426,California
Los Angeles,2021-02-07,11024,1283955,8520,650319,2504,633636,0,0,8587,782317,2416,249704,8595,1032021,California
Los Angeles,2021-02-08,47370,1331325,21849,672168,25521,659157,0,0,30907,796914,16316,266020,30913,1062934,California
Los Angeles,2021-02-09,56328,1387653,24779,696947,31549,690706,0,0,28504,797722,27708,293728,28516,1091450,California
Los Angeles,2021-02-10,67656,1455309,29595,726542,38061,728767,0,0,30504,791489,36755,330483,30522,1121972,California
Los Angeles,2021-02-11,58900,1514209,31424,757966,27476,756243,0,0,28200,789500,30199,360682,28210,1150182,California
Los Angeles,2021-02-12,60806,1575015,30145,788111,30661,786904,0,0,26523,782164,33882,394564,26546,1176728,California
Los Angeles,2021-02-13,34228,1609243,20001,808112,14227,801131,0,0,15525,779147,18597,413161,15580,1192308,California
Los Angeles,2021-02-14,22047,1631290,15056,823168,6991,808122,0,0,8830,774838,13148,426309,8839,1201147,California
Los Angeles,2021-02-15,33277,1664567,16149,839317,17128,825250,0,0,18193,778047,15001,441310,18210,1219357,California
Los Angeles,2021-02-16,64816,1729383,32959,872276,31857,857107,0,0,29924,773218,34770,476080,29941,1249298,California
Los Angeles,2021-02-17,65652,1795035,35041,907317,30611,887718,0,0,26595,760989,38839,514919,26610,1275908,California
Los Angeles,2021-02-18,69361,1864396,35265,942582,34096,921814,0,0,28790,749446,40354,555273,28811,1304719,California
Los Angeles,2021-02-19,59600,1923996,36730,979312,22870,944684,0,0,29025,748073,30418,585691,29045,1333764,California
Los Angeles,2021-02-20,33648,1957644,24505,1003817,9143,953827,0,0,16142,746813,17427,603118,16167,1349931,California
Los Angeles,2021-02-21,22729,1980373,20996,1024813,1733,955560,0,0,11393,746951,11261,614379,11399,1361330,California
Los Angeles,2021-02-22,36131,2016504,26365,1051178,9766,965326,0,0,18400,747763,17611,631990,18423,1379753,California
Los Angeles,2021-02-23,57064,2073568,24501,1075679,32563,997889,0,0,22126,735196,34722,666712,22155,1401908,California
Los Angeles,2021-02-24,66412,2139980,29575,1105254,36837,1034726,0,0,28515,726094,37654,704366,28552,1430460,California
Los Angeles,2021-02-25,74658,2214638,34149,1139403,40509,1075235,0,0,38428,728534,36024,740390,38464,1468924,California
Los Angeles,2021-02-26,84272,2298910,39007,1178410,45265,1120500,0,0,47243,739065,36760,777150,47291,1516215,California
Los Angeles,2021-02-27,60711,2359621,26760,1205170,33942,1154442,9,9,30960,740505,29566,806716,31006,1547221,California
Los Angeles,2021-02-28,27086,2386707,18664,1223834,8419,1162861,3,12,18980,751519,7986,814702,19000,1566221,California
Los Angeles,2021-03-01,57717,2444424,32725,1256559,24947,1187808,45,57,34608,763332,22875,837577,34688,1600909,California
Los Angeles,2021-03-02,78466,2522890,38060,1294619,40397,1228205,9,66,49464,784021,28819,866396,49508,1650417,California
Los Angeles,2021-03-03,86403,2609293,44307,1338926,42077,1270282,19,85,54709,807308,31477,897873,54764,1705181,California
Los Angeles,2021-03-04,92194,2701487,47215,1386141,44962,1315244,17,102,58290,831968,33686,931559,58346,1763527,California
Los Angeles,2021-03-05,90865,2792352,44827,1430968,46004,1361248,34,136,60696,862833,29935,961494,60800,1824327,California
Los Angeles,2021-03-06,67661,2860013,34512,1465480,31313,1392561,1836,1972,43576,884328,23925,985419,45420,1869747,California
Los Angeles,2021-03-07,27430,2887443,20882,1486362,5707,1398268,841,2813,21215,900208,6178,991597,22058,1891805,California
Los Angeles,2021-03-08,54635,2942078,29553,1515915,23113,1421381,1969,4782,41285,930248,13222,1004819,43262,1935067,California
Los Angeles,2021-03-09,82181,3024259,39183,1555098,39704,1461085,3294,8076,52256,956041,29753,1034572,55546,1990613,California
Los Angeles,2021-03-10,83707,3107966,41219,1596317,37589,1498674,4899,12975,52933,983263,30567,1065139,57789,2048402,California
Los Angeles,2021-03-11,93824,3201790,46132,1642449,40946,1539620,6746,19721,54908,1006172,38695,1103834,61604,2110006,California
Los Angeles,2021-03-12,99853,3301643,45263,1687712,40655,1580275,13935,33656,58238,1036880,41369,1145203,72077,2182083,California
Los Angeles,2021-03-13,76042,3377685,35908,1723620,28132,1608407,12002,45658,45279,1063455,30632,1175835,57207,2239290,California
Los Angeles,2021-03-14,39250,3416935,26375,1749995,10316,1618723,2559,48217,23929,1074688,15234,1191069,26467,2265757,California
Los Angeles,2021-03-15,75706,3492641,37201,1787196,33037,1651760,5468,53685,45649,1095941,29827,1220896,51080,2316837,California
Los Angeles,2021-03-16,100582,3593223,44262,1831458,50435,1702195,5885,59570,64904,1131239,35435,1256331,70733,2387570,California
Los Angeles,2021-03-17,98217,3691440,44931,1876389,44959,1747154,8327,67897,65772,1172958,32213,1288544,73932,2461502,California
Los Angeles,2021-03-18,103722,3795162,49810,1926199,48325,1795479,5587,73484,65549,1206233,37841,1326385,71116,2532618,California
Los Angeles,2021-03-19,110064,3905226,57602,1983801,47661,1843140,4801,78285,67716,1236655,42042,1368427,72464,2605082,California
Los Angeles,2021-03-20,77035,3982261,37932,2021733,34494,1877634,4609,82894,52287,1268991,24539,1392966,56875,2661957,California
Los Angeles,2021-03-21,34970,4017231,26037,2047770,8026,1885660,907,83801,22361,1279784,12473,1405439,23266,2685223,California
Los Angeles,2021-03-22,71472,4088703,42135,2089905,27160,1912820,2177,85978,50037,1310857,21136,1426575,52209,2737432,California
Los Angeles,2021-03-23,97175,4185878,52793,2142698,41131,1953951,3251,89229,58538,1334290,38343,1464918,61776,2799208,California
Los Angeles,2021-03-24,105590,4291468,56169,2198867,46246,2000197,3175,92404,60475,1353166,44758,1509676,63634,2862842,California
Los Angeles,2021-03-25,111512,4402980,59927,2258794,47675,2047872,3910,96314,62300,1370477,48875,1558551,66186,2929028,California
Los Angeles,2021-03-26,115876,4518856,63539,2322333,48090,2095962,4247,100561,63740,1386614,51812,1610363,67949,2996977,California
Los Angeles,2021-03-27,83825,4602681,44139,2366472,37544,2133506,2142,102703,42649,1390523,40880,1651243,44789,3041766,California
Los Angeles,2021-03-28,42329,4645010,28717,2395189,13026,2146532,586,103289,20076,1389074,22112,1673355,20663,3062429,California
Los Angeles,2021-03-29,83553,4728563,47077,2442266,34692,2181224,1784,105073,46160,1399868,37144,1710499,47938,3110367,California
Los Angeles,2021-03-30,109666,4838229,52512,2494778,51211,2232435,5943,111016,56974,1410324,52417,1762916,62873,3173240,California
Los Angeles,2021-03-31,123254,4961483,62358,2557136,52050,2284485,8846,119862,68378,1432955,54525,1817441,77156,3250396,California
Los Angeles,2021-04-01,134249,5095732,63003,2620139,55769,2340254,15477,135339,71620,1457710,62223,1879664,86978,3337374,California
Los Angeles,2021-04-02,133226,5228958,59653,2679792,57979,2398233,15594,150933,70477,1481347,62368,1942032,86005,3423379,California
Los Angeles,2021-04-03,98975,5327933,45365,2725157,39926,2438159,13684,164617,48706,1493586,50055,1992087,62294,3485673,California
Los Angeles,2021-04-04,39328,5367261,20610,2745767,12073,2450232,6645,171262,16383,1493725,22843,2014930,22982,3508655,California
Los Angeles,2021-04-05,94491,5461752,44788,2790555,39363,2489595,10340,181602,44459,1498642,49795,2064725,54712,3563367,California
Los Angeles,2021-04-06,121913,5583665,57540,2848095,43988,2533583,20385,201987,55759,1508764,65872,2130597,75994,3639361,California
Los Angeles,2021-04-07,121388,5705053,55298,2903393,44809,2578392,21281,223268,54558,1517911,66536,2197133,75683,3715044,California
Los Angeles,2021-04-08,133951,5839004,59033,2962426,50650,2629042,24268,247536,60095,1528585,73496,2270629,84170,3799214,California
Los Angeles,2021-04-09,132850,5971854,57691,3020117,51005,2680047,24154,271690,56696,1533441,75799,2346428,80655,3879869,California
Los Angeles,2021-04-10,102206,6074060,43199,3063316,34766,2714813,24241,295931,37414,1530413,64530,2410958,61502,3941371,California
Los Angeles,2021-04-11,41997,6116057,22704,3086020,9889,2724702,9404,305335,14456,1526759,27444,2438402,23790,3965161,California
Los Angeles,2021-04-12,79841,6195898,39012,3125032,34333,2759035,6496,311831,32596,1518776,47004,2485406,39021,4004182,California
Los Angeles,2021-04-13,118629,6314527,59831,3184863,58363,2817398,435,312266,62682,1526243,55659,2541065,63126,4067308,California
Los Angeles,2021-04-14,120446,6434973,60303,3245166,60008,2877406,135,312401,65202,1536652,54928,2595993,65337,4132645,California
Los Angeles,2021-04-15,131796,6566769,71297,3316463,60301,2937707,198,312599,75292,1555848,56165,2652158,75361,4208006,California
Los Angeles,2021-04-16,131979,6698748,69721,3386184,62112,2999819,146,312745,69447,1563227,62151,2714309,69530,4277536,California
Los Angeles,2021-04-17,99787,6798535,52238,3438422,47518,3047337,31,312776,56862,1577453,42662,2756971,56888,4334424,California
Los Angeles,2021-04-18,35811,6834346,24181,3462603,11629,3058966,1,312777,19584,1580916,16130,2773101,19593,4354017,California
Los Angeles,2021-04-19,77460,6911806,40614,3503217,36829,3095795,17,312794,34751,1573221,42475,2815576,34780,4388797,California
Los Angeles,2021-04-20,105942,7017748,52544,3555761,53368,3149163,30,312824,52371,1572350,53280,2868856,52409,4441206,California
Los Angeles,2021-04-21,114954,7132702,56363,3612124,58400,3207563,191,313015,51017,1560033,63532,2932388,51215,4492421,California
Los Angeles,2021-04-22,118853,7251555,61813,3673937,57006,3264569,34,313049,52388,1546378,66090,2998478,52435,4544856,California
Los Angeles,2021-04-23,118356,7369911,65076,3739013,53258,3317827,22,313071,56445,1541293,61561,3060039,56476,4601332,California
Los Angeles,2021-04-24,90475,7460386,57492,3796505,32941,3350768,42,313113,50478,1552087,39739,3099778,50533,4651865,California
Los Angeles,2021-04-25,38016,7498402,25183,3821688,12827,3363595,6,313119,20453,1555116,17430,3117208,20459,4672324,California
Los Angeles,2021-04-26,79170,7577572,41313,3863001,37346,3400941,511,313630,39034,1554773,39887,3157095,39544,4711868,California
Los Angeles,2021-04-27,95487,7673059,46006,3909007,47478,3448419,2003,315633,37032,1535652,58144,3215239,39023,4750891,California
Los Angeles,2021-04-28,87994,7761053,42685,3951692,43205,3491624,2104,317737,34830,1519793,52787,3268026,36928,4787819,California
Los Angeles,2021-04-29,94602,7855655,47348,3999040,45040,3536664,2214,319951,34273,1496376,59899,3327925,36482,4824301,California
Los Angeles,2021-04-30,102545,7958200,50837,4049877,49248,3585912,2460,322411,37731,1472221,64328,3392253,40173,4864474,California
Los Angeles,2021-05-01,75856,8034056,42419,4092296,31880,3617792,1557,323968,28580,1455428,46924,3439177,30131,4894605,California
Los Angeles,2021-05-02,28088,8062144,18041,4110337,9307,3627099,740,324708,10176,1448556,17786,3456963,10914,4905519,California
Los Angeles,2021-05-03,62598,8124742,30411,4140748,29951,3657050,2236,326944,22764,1433990,39548,3496511,24982,4930501,California
Los Angeles,2021-05-04,88658,8213400,49432,4190180,36929,3693979,2297,329241,27686,1403312,60645,3557156,29967,4960468,California
Los Angeles,2021-05-05,91606,8305006,53647,4243827,35557,3729536,2402,331643,25425,1365326,65802,3622958,27816,4988284,California
Los Angeles,2021-05-06,98642,8403648,59670,4303497,36453,3765989,2519,334162,23608,1316806,74631,3697589,26111,5014395,California
Los Angeles,2021-05-07,98476,8502124,58316,4361813,37779,3803768,2381,336543,27166,1275411,70921,3768510,29526,5043921,California
Los Angeles,2021-05-08,66964,8569088,43955,4405768,21232,3825000,1777,338320,18612,1247787,48004,3816514,20380,5064301,California
Los Angeles,2021-05-09,24483,8593571,18812,4424580,4931,3829931,740,339060,6165,1236472,18213,3834727,6898,5071199,California
Los Angeles,2021-05-10,50793,8644364,26940,4451520,21946,3851877,1907,340967,15559,1218950,34982,3869709,17460,5088659,California
Los Angeles,2021-05-11,71536,8715900,39025,4490545,30358,3882235,2153,343120,18760,1187349,52495,3922204,20894,5109553,California
Los Angeles,2021-05-12,72655,8788555,39811,4530356,30524,3912759,2320,345440,20446,1158204,51883,3974087,22738,5132291,California
Los Angeles,2021-05-13,78457,8867012,47307,4577663,29415,3942174,1735,347175,27983,1137844,50066,4024153,29706,5161997,California
Los Angeles,2021-05-14,89853,8956865,57215,4634878,30757,3972931,1881,349056,33931,1118094,55551,4079704,35801,5197798,California
Los Angeles,2021-05-15,76586,9033451,53605,4688483,21428,3994359,1553,350609,29803,1102963,46475,4126179,31344,5229142,California
Los Angeles,2021-05-16,31023,9064474,24592,4713075,5815,4000174,616,351225,12325,1097306,18593,4144772,12936,5242078,California
Los Angeles,2021-05-17,62073,9126547,40221,4753296,20072,4020246,1780,353005,24924,1087092,36894,4181666,26680,5268758,California
Los Angeles,2021-05-18,65335,9191882,38691,4791987,24808,4045054,1836,354841,25718,1075277,39336,4221002,27521,5296279,California
Los Angeles,2021-05-19,67613,9259495,40757,4832744,25010,4070064,1846,356687,28792,1067357,38541,4259543,30621,5326900,California
Los Angeles,2021-05-20,66641,9326136,37322,4870066,27237,4097301,2082,358769,25205,1053593,41038,4300581,27274,5354174,California
Los Angeles,2021-05-21,70147,9396283,42546,4912612,25523,4122824,2078,360847,27177,1040268,42569,4343150,29244,5383418,California
Los Angeles,2021-05-22,57458,9453741,37367,4949979,18437,4141261,1654,362501,23331,1031358,33884,4377034,24974,5408392,California
Los Angeles,2021-05-23,24317,9478058,16960,4966939,6513,4147774,844,363345,10751,1029517,13432,4390466,11591,5419983,California
Los Angeles,2021-05-24,49080,9527138,27135,4994074,20089,4167863,1856,365201,18587,1019694,30250,4420716,20427,5440410,California
Los Angeles,2021-05-25,49858,9576996,28849,5022923,19235,4187098,1774,366975,19174,1010213,30423,4451139,20942,5461352,California
Los Angeles,2021-05-26,47221,9624217,26691,5049614,18678,4205776,1852,368827,19726,1004599,27072,4478211,21458,5482810,California
Los Angeles,2021-05-27,45523,9669740,25456,5075070,18233,4224009,1834,370661,18804,998755,26465,4504676,20621,5503431,California
Los Angeles,2021-05-28,52393,9722133,29678,5104748,20819,4244828,1896,372557,23259,995086,28811,4533487,25142,5528573,California
Los Angeles,2021-05-29,30532,9752665,17651,5122399,11835,4256663,1046,373603,14178,994139,16159,4549646,15212,5543785,California
Los Angeles,2021-05-30,12499,9765164,8200,5130599,3565,4260228,734,374337,5791,994005,6653,4556299,6519,5550304,California
Los Angeles,2021-05-31,6055,9771219,3742,5134341,2007,4262235,306,374643,1730,991776,4262,4560561,2033,5552337,California
Los Angeles,2021-06-01,46313,9817532,25936,5160277,18804,4281039,1573,376216,16999,981355,28967,4589528,18546,5570883,California
Los Angeles,2021-06-02,38608,9856140,22319,5182596,14835,4295874,1454,377670,15105,974666,23221,4612749,16532,5587415,California
Los Angeles,2021-06-03,42852,9898992,28373,5210969,12915,4308789,1564,379234,14721,963091,27844,4640593,16269,5603684,California
Los Angeles,2021-06-04,52436,9951428,35423,5246392,15332,4324121,1681,380915,16576,945826,35498,4676091,18233,5621917,California
Los Angeles,2021-06-05,42569,9993997,30503,5276895,10683,4334804,1383,382298,12346,929504,30037,4706128,13715,5635632,California
Los Angeles,2021-06-06,14763,10008760,12184,5289079,1840,4336644,739,383037,3958,923460,10734,4716862,4690,5640322,California
Los Angeles,2021-06-07,36984,10045744,26399,5315478,9132,4345776,1453,384490,11765,911645,25015,4741877,13200,5653522,California
Los Angeles,2021-06-08,38407,10084151,26464,5341942,10353,4356129,1590,386080,12768,900655,25335,4767212,14345,5667867,California
Los Angeles,2021-06-09,39884,10124035,28176,5370118,10187,4366316,1521,387601,11738,886004,27882,4795094,13231,5681098,California
Los Angeles,2021-06-10,36648,10160683,25376,5395494,9665,4375981,1607,389208,11556,874292,24858,4819952,13146,5694244,California
Los Angeles,2021-06-11,41234,10201917,28241,5423735,11324,4387305,1669,390877,13489,861991,27443,4847395,15142,5709386,California
Los Angeles,2021-06-12,33434,10235351,24088,5447823,8128,4395433,1218,392095,10337,850605,22928,4870323,11542,5720928,California
Los Angeles,2021-06-13,11531,10246882,8259,5456082,2634,4398067,638,392733,2625,845019,8842,4879165,3256,5724184,California
Los Angeles,2021-06-14,32671,10279553,23490,5479572,7805,4405872,1376,394109,11432,836767,21040,4900205,12788,5736972,California
Los Angeles,2021-06-15,33905,10313458,22761,5502333,9442,4415314,1702,395811,11806,828510,21738,4921943,13481,5750453,California
Los Angeles,2021-06-16,32296,10345754,22316,5524649,8236,4423550,1744,397555,11335,820855,20727,4942670,13072,5763525,California
Los Angeles,2021-06-17,29672,10375426,19885,5544534,8055,4431605,1732,399287,10847,814856,18563,4961233,12564,5776089,California
Los Angeles,2021-06-18,35254,10410680,24250,5568784,9055,4440660,1949,401236,12472,806849,22408,4983641,14401,5790490,California
Los Angeles,2021-06-19,22285,10432965,15031,5583815,5886,4446546,1368,402604,8600,803345,13453,4997094,9949,5800439,California
Los Angeles,2021-06-20,8447,10441412,5946,5589761,2011,4448557,490,403094,3062,801582,5312,5002406,3549,5803988,California
Los Angeles,2021-06-21,19099,10460511,11739,5601500,5986,4454543,1374,404468,10252,804464,8730,5011136,11612,5815600,California
Los Angeles,2021-06-22,26193,10486704,17685,5619185,6997,4461540,1511,405979,10148,800252,15866,5027002,11654,5827254,California
Los Angeles,2021-06-23,24897,10511601,17131,5636316,6373,4467913,1393,407372,9999,796904,14723,5041725,11375,5838629,California
Los Angeles,2021-06-24,24703,10536304,17013,5653329,6089,4474002,1601,408973,9556,793086,14936,5056661,11118,5849747,California
Los Angeles,2021-06-25,29293,10565597,20435,5673764,7253,4481255,1605,410578,11998,789583,17086,5073747,13583,5863330,California
Los Angeles,2021-06-26,19928,10585525,14494,5688258,4418,4485673,1016,411594,8279,787323,11538,5085285,9278,5872608,California
Los Angeles,2021-06-27,8575,10594100,6238,5694496,1905,4487578,432,412026,3637,786511,4871,5090156,4059,5876667,California
Los Angeles,2021-06-28,19984,10614084,15415,5709911,3351,4490929,1218,413244,8750,785361,11109,5101265,9959,5886626,California
Los Angeles,2021-06-29,22324,10636408,15340,5725251,5922,4496851,1062,414306,9806,783855,12361,5113626,10855,5897481,California
Los Angeles,2021-06-30,21703,10658111,15348,5740599,5274,4502125,1081,415387,9707,782782,11846,5125472,10773,5908254,California
Los Angeles,2021-07-01,19719,10677830,14075,5754674,4658,4506783,986,416373,8905,781964,10696,5136168,9878,5918132,California
Los Angeles,2021-07-02,22932,10700762,16291,5770965,5565,4512348,1076,417449,10294,780827,12490,5148658,11353,5929485,California
Los Angeles,2021-07-03,13272,10714034,9406,5780371,3425,4515773,441,417890,6058,780212,7109,5155767,6494,5935979,California
Los Angeles,2021-07-04,613,10714647,297,5780668,277,4516050,39,417929,285,780213,322,5156089,323,5936302,California
Madera,2020-12-16,22,22,22,22,0,0,0,0,22,22,0,0,22,22,California
Madera,2020-12-17,12,34,12,34,0,0,0,0,12,34,0,0,12,34,California
Madera,2020-12-18,61,95,61,95,0,0,0,0,61,95,0,0,61,95,California
Madera,2020-12-19,5,100,5,100,0,0,0,0,5,100,0,0,5,100,California
Madera,2020-12-20,14,114,14,114,0,0,0,0,14,114,0,0,14,114,California
Madera,2020-12-21,59,173,59,173,0,0,0,0,59,173,0,0,59,173,California
Madera,2020-12-22,97,270,95,268,2,2,0,0,97,270,0,0,97,270,California
Madera,2020-12-23,67,337,67,335,0,2,0,0,67,337,0,0,67,337,California
Madera,2020-12-24,45,382,40,375,5,7,0,0,45,382,0,0,45,382,California
Madera,2020-12-26,27,409,26,401,1,8,0,0,27,409,0,0,27,409,California
Madera,2020-12-27,30,439,12,413,18,26,0,0,30,439,0,0,30,439,California
Madera,2020-12-28,107,546,36,449,71,97,0,0,107,546,0,0,107,546,California
Madera,2020-12-29,176,722,37,486,139,236,0,0,176,722,0,0,176,722,California
Madera,2020-12-30,226,948,90,576,136,372,0,0,226,948,0,0,226,948,California
Madera,2020-12-31,203,1151,81,657,122,494,0,0,203,1151,0,0,203,1151,California
Madera,2021-01-01,2,1153,1,658,1,495,0,0,2,1153,0,0,2,1153,California
Madera,2021-01-02,89,1242,33,691,56,551,0,0,89,1242,0,0,89,1242,California
Madera,2021-01-03,4,1246,4,695,0,551,0,0,4,1246,0,0,4,1246,California
Madera,2021-01-04,130,1376,66,761,64,615,0,0,130,1376,0,0,130,1376,California
Madera,2021-01-05,280,1656,143,904,137,752,0,0,276,1648,4,4,276,1652,California
Madera,2021-01-06,184,1840,27,931,157,909,0,0,164,1792,20,24,164,1816,California
Madera,2021-01-07,400,2240,116,1047,284,1193,0,0,377,2147,23,47,378,2194,California
Madera,2021-01-08,420,2660,72,1119,348,1541,0,0,365,2459,54,101,366,2560,California
Madera,2021-01-09,38,2698,14,1133,24,1565,0,0,29,2479,9,110,29,2589,California
Madera,2021-01-10,17,2715,14,1147,3,1568,0,0,5,2472,12,122,5,2594,California
Madera,2021-01-11,238,2953,190,1337,48,1616,0,0,197,2628,41,163,197,2791,California
Madera,2021-01-12,388,3341,157,1494,231,1847,0,0,284,2808,104,267,284,3075,California
Madera,2021-01-13,183,3524,91,1585,92,1939,0,0,127,2880,56,323,128,3203,California
Madera,2021-01-14,556,4080,84,1669,472,2411,0,0,522,3368,34,357,522,3725,California
Madera,2021-01-15,599,4679,160,1829,439,2850,0,0,577,3923,22,379,577,4302,California
Madera,2021-01-16,383,5062,49,1878,334,3184,0,0,355,4250,28,407,355,4657,California
Madera,2021-01-17,334,5396,15,1893,319,3503,0,0,330,4576,4,411,330,4987,California
Madera,2021-01-18,77,5473,61,1954,16,3519,0,0,58,4616,18,429,58,5045,California
Madera,2021-01-19,566,6039,133,2087,433,3952,0,0,540,5131,26,455,541,5586,California
Madera,2021-01-20,341,6380,184,2271,157,4109,0,0,245,5281,95,550,245,5831,California
Madera,2021-01-21,291,6671,183,2454,108,4217,0,0,227,5446,62,612,227,6058,California
Madera,2021-01-22,262,6933,84,2538,178,4395,0,0,245,5674,17,629,245,6303,California
Madera,2021-01-23,101,7034,53,2591,48,4443,0,0,77,5727,24,653,77,6380,California
Madera,2021-01-24,101,7135,82,2673,19,4462,0,0,79,5784,22,675,79,6459,California
Madera,2021-01-25,269,7404,126,2799,143,4605,0,0,145,5805,124,799,145,6604,California
Madera,2021-01-26,493,7897,190,2989,303,4908,0,0,301,5916,191,990,302,6906,California
Madera,2021-01-27,749,8646,67,3056,682,5590,0,0,611,6391,138,1128,613,7519,California
Madera,2021-01-28,551,9197,112,3168,439,6029,0,0,445,6731,106,1234,446,7965,California
Madera,2021-01-29,471,9668,93,3261,378,6407,0,0,416,7092,55,1289,416,8381,California
Madera,2021-01-30,503,10171,16,3277,487,6894,0,0,449,7487,54,1343,449,8830,California
Madera,2021-01-31,8,10179,5,3282,3,6897,0,0,7,7493,1,1344,7,8837,California
Madera,2021-02-01,331,10510,146,3428,185,7082,0,0,207,7576,124,1468,207,9044,California
Madera,2021-02-02,252,10762,89,3517,163,7245,0,0,159,7644,92,1560,160,9204,California
Madera,2021-02-03,596,11358,459,3976,137,7382,0,0,477,8005,117,1677,478,9682,California
Madera,2021-02-04,398,11756,126,4102,272,7654,0,0,116,7841,281,1958,117,9799,California
Madera,2021-02-05,979,12735,299,4401,680,8334,0,0,371,7611,602,2560,372,10171,California
Madera,2021-02-06,365,13100,327,4728,38,8372,0,0,323,7893,41,2601,323,10494,California
Madera,2021-02-07,35,13135,7,4735,28,8400,0,0,30,7918,5,2606,30,10524,California
Madera,2021-02-08,384,13519,308,5043,76,8476,0,0,269,8073,114,2720,269,10793,California
Madera,2021-02-09,483,14002,118,5161,365,8841,0,0,198,7991,282,3002,200,10993,California
Madera,2021-02-10,434,14436,150,5311,284,9125,0,0,281,8121,151,3153,281,11274,California
Madera,2021-02-11,934,15370,305,5616,629,9754,0,0,400,7989,533,3686,401,11675,California
Madera,2021-02-12,850,16220,121,5737,729,10483,0,0,314,7776,530,4216,317,11992,California
Madera,2021-02-13,484,16704,45,5782,439,10922,0,0,136,7568,347,4563,139,12131,California
Madera,2021-02-14,400,17104,74,5856,326,11248,0,0,134,7437,266,4829,135,12266,California
Madera,2021-02-15,247,17351,100,5956,147,11395,0,0,175,7542,70,4899,175,12441,California
Madera,2021-02-16,778,18129,184,6140,594,11989,0,0,227,7221,549,5448,228,12669,California
Madera,2021-02-17,616,18745,278,6418,338,12327,0,0,343,7300,266,5714,345,13014,California
Madera,2021-02-18,1306,20051,543,6961,763,13090,0,0,1124,8244,181,5895,1125,14139,California
Madera,2021-02-19,870,20921,552,7513,318,13408,0,0,724,8824,145,6040,725,14864,California
Madera,2021-02-20,1078,21999,985,8498,93,13501,0,0,1003,9754,74,6114,1004,15868,California
Madera,2021-02-21,995,22994,853,9351,142,13643,0,0,987,10734,7,6121,987,16855,California
Madera,2021-02-22,958,23952,880,10231,78,13721,0,0,898,11573,59,6180,898,17753,California
Madera,2021-02-23,760,24712,472,10703,288,14009,0,0,532,11878,227,6407,532,18285,California
Madera,2021-02-24,923,25635,300,11003,623,14632,0,0,381,11718,541,6948,381,18666,California
Madera,2021-02-25,1035,26670,317,11320,718,15350,0,0,600,11885,433,7381,600,19266,California
Madera,2021-02-26,1096,27766,199,11519,897,16247,0,0,711,12213,383,7764,711,19977,California
Madera,2021-02-27,924,28690,293,11812,631,16878,0,0,494,12283,427,8191,497,20474,California
Madera,2021-02-28,192,28882,29,11841,163,17041,0,0,186,12463,6,8197,186,20660,California
Madera,2021-03-01,380,29262,120,11961,260,17301,0,0,195,12477,182,8379,196,20856,California
Madera,2021-03-02,744,30006,348,12309,396,17697,0,0,631,12999,111,8490,633,21489,California
Madera,2021-03-03,1360,31366,729,13038,631,18328,0,0,951,13571,406,8896,978,22467,California
Madera,2021-03-04,1204,32570,525,13563,679,19007,0,0,951,14272,254,9150,955,23422,California
Madera,2021-03-05,1364,33934,422,13985,929,19936,13,13,1081,15097,281,9431,1106,24528,California
Madera,2021-03-06,817,34751,636,14621,149,20085,32,45,498,15310,318,9749,531,25059,California
Madera,2021-03-07,156,34907,27,14648,107,20192,22,67,105,15386,51,9800,127,25186,California
Madera,2021-03-08,606,35513,338,14986,208,20400,60,127,312,15465,294,10094,373,25559,California
Madera,2021-03-09,599,36112,296,15282,269,20669,34,161,409,15728,188,10282,451,26010,California
Madera,2021-03-10,1193,37305,559,15841,554,21223,80,241,755,16131,433,10715,836,26846,California
Madera,2021-03-11,1684,38989,869,16710,487,21710,328,569,768,16327,912,11627,1108,27954,California
Madera,2021-03-12,1586,40575,823,17533,608,22318,155,724,801,16529,782,12409,984,28938,California
Madera,2021-03-13,1891,42466,1329,18862,363,22681,199,923,815,16492,1070,13479,1033,29971,California
Madera,2021-03-14,584,43050,449,19311,103,22784,32,955,285,16515,294,13773,317,30288,California
Madera,2021-03-15,746,43796,229,19540,471,23255,46,1001,512,16880,230,14003,595,30883,California
Madera,2021-03-16,934,44730,529,20069,358,23613,47,1048,741,17495,190,14193,805,31688,California
Madera,2021-03-17,1466,46196,981,21050,422,24035,63,1111,906,18007,551,14744,1063,32751,California
Madera,2021-03-18,1956,48152,689,21739,1203,25238,64,1175,970,18154,979,15723,1126,33877,California
Madera,2021-03-19,1586,49738,590,22329,913,26151,83,1258,1027,18788,555,16278,1189,35066,California
Madera,2021-03-20,1179,50917,773,23102,353,26504,53,1311,584,18898,592,16870,702,35768,California
Madera,2021-03-21,1099,52016,896,23998,157,26661,46,1357,365,18582,729,17599,413,36181,California
Madera,2021-03-22,1357,53373,853,24851,440,27101,64,1421,658,18656,695,18294,769,36950,California
Madera,2021-03-23,1431,54804,877,25728,463,27564,91,1512,674,18752,754,19048,850,37800,California
Madera,2021-03-24,949,55753,509,26237,409,27973,31,1543,615,19074,329,19377,651,38451,California
Madera,2021-03-25,1167,56920,527,26764,616,28589,24,1567,644,19242,513,19890,681,39132,California
Madera,2021-03-26,1521,58441,579,27343,809,29398,133,1700,712,19286,805,20695,849,39981,California
Madera,2021-03-27,928,59369,605,27948,298,29696,25,1725,412,19212,512,21207,438,40419,California
Madera,2021-03-28,437,59806,151,28099,226,29922,60,1785,202,19335,234,21441,357,40776,California
Madera,2021-03-29,684,60490,180,28279,475,30397,29,1814,490,19668,190,21631,523,41299,California
Madera,2021-03-30,1071,61561,606,28885,436,30833,29,1843,476,19583,591,22222,506,41805,California
Madera,2021-03-31,1401,62962,542,29427,721,31554,138,1981,424,19174,971,23193,562,42367,California
Madera,2021-04-01,1394,64356,628,30055,715,32269,51,2032,482,18804,901,24094,531,42898,California
Madera,2021-04-02,1607,65963,461,30516,1087,33356,59,2091,479,18226,1117,25211,539,43437,California
Madera,2021-04-03,962,66925,764,31280,178,33534,20,2111,392,18080,568,25779,422,43859,California
Madera,2021-04-04,187,67112,65,31345,120,33654,2,2113,86,18068,101,25880,89,43948,California
Madera,2021-04-05,737,67849,254,31599,424,34078,59,2172,338,18082,397,26277,411,44359,California
Madera,2021-04-06,1703,69552,886,32485,462,34540,355,2527,526,17788,1175,27452,881,45240,California
Madera,2021-04-07,1229,70781,384,32869,695,35235,150,2677,423,17564,802,28254,578,45818,California
Madera,2021-04-08,1729,72510,671,33540,798,36033,260,2937,556,17222,1164,29418,822,46640,California
Madera,2021-04-09,1656,74166,699,34239,808,36841,149,3086,949,17621,702,30120,1101,47741,California
Madera,2021-04-10,979,75145,686,34925,225,37066,68,3154,711,18132,269,30389,780,48521,California
Madera,2021-04-11,812,75957,657,35582,76,37142,79,3233,287,17975,521,30910,364,48885,California
Madera,2021-04-12,817,76774,295,35877,447,37589,75,3308,315,17865,501,31411,391,49276,California
Madera,2021-04-13,1251,78025,618,36495,591,38180,42,3350,728,18125,519,31930,779,50055,California
Madera,2021-04-14,1400,79425,867,37362,533,38713,0,3350,576,17885,822,32752,582,50637,California
Madera,2021-04-15,1170,80595,509,37871,660,39373,1,3351,422,17573,736,33488,424,51061,California
Madera,2021-04-16,1364,81959,548,38419,816,40189,0,3351,387,17000,963,34451,390,51451,California
Madera,2021-04-17,1294,83253,1091,39510,203,40392,0,3351,774,17257,517,34968,774,52225,California
Madera,2021-04-18,260,83513,220,39730,40,40432,0,3351,89,17180,166,35134,89,52314,California
Madera,2021-04-19,821,84334,245,39975,575,41007,1,3352,287,16939,528,35662,287,52601,California
Madera,2021-04-20,907,85241,456,40431,451,41458,0,3352,237,16512,666,36328,239,52840,California
Madera,2021-04-21,903,86144,491,40922,412,41870,0,3352,303,16218,599,36927,305,53145,California
Madera,2021-04-22,1102,87246,535,41457,567,42437,0,3352,379,15879,719,37646,380,53525,California
Madera,2021-04-23,971,88217,318,41775,653,43090,0,3352,340,15593,626,38272,340,53865,California
Madera,2021-04-24,708,88925,466,42241,242,43332,0,3352,247,15384,457,38729,248,54113,California
Madera,2021-04-25,266,89191,160,42401,103,43435,3,3355,119,15364,143,38872,123,54236,California
Madera,2021-04-26,564,89755,110,42511,448,43883,6,3361,133,15075,428,39300,139,54375,California
Madera,2021-04-27,629,90384,281,42792,323,44206,25,3386,316,15107,310,39610,342,54717,California
Madera,2021-04-28,510,90894,205,42997,286,44492,19,3405,247,15111,261,39871,265,54982,California
Madera,2021-04-29,554,91448,251,43248,276,44768,27,3432,259,15110,288,40159,287,55269,California
Madera,2021-04-30,944,92392,510,43758,418,45186,16,3448,274,14737,664,40823,291,55560,California
Madera,2021-05-01,968,93360,870,44628,85,45271,13,3461,389,14561,578,41401,402,55962,California
Madera,2021-05-02,400,93760,352,44980,43,45314,5,3466,145,14456,255,41656,150,56112,California
Madera,2021-05-03,499,94259,199,45179,260,45574,40,3506,101,14202,395,42051,141,56253,California
Madera,2021-05-04,911,95170,440,45619,427,46001,44,3550,216,13767,695,42746,260,56513,California
Madera,2021-05-05,1023,96193,490,46109,473,46474,60,3610,280,13366,741,43487,340,56853,California
Madera,2021-05-06,710,96903,260,46369,418,46892,32,3642,166,13025,539,44026,198,57051,California
Madera,2021-05-07,814,97717,284,46653,509,47401,21,3663,197,12631,611,44637,217,57268,California
Madera,2021-05-08,976,98693,762,47415,203,47604,11,3674,188,12043,787,45424,199,57467,California
Madera,2021-05-09,147,98840,21,47436,115,47719,11,3685,35,11979,110,45534,46,57513,California
Madera,2021-05-10,361,99201,75,47511,274,47993,12,3697,101,11833,259,45793,113,57626,California
Madera,2021-05-11,538,99739,186,47697,343,48336,9,3706,172,11650,364,46157,181,57807,California
Madera,2021-05-12,504,100243,228,47925,240,48576,36,3742,125,11434,377,46534,161,57968,California
Madera,2021-05-13,511,100754,311,48236,168,48744,32,3774,176,11310,332,46866,208,58176,California
Madera,2021-05-14,538,101292,271,48507,243,48987,24,3798,233,11265,302,47168,257,58433,California
Madera,2021-05-15,560,101852,476,48983,76,49063,8,3806,361,11438,196,47364,369,58802,California
Madera,2021-05-16,258,102110,190,49173,36,49099,32,3838,107,11426,151,47515,139,58941,California
Madera,2021-05-17,451,102561,189,49362,234,49333,28,3866,200,11406,248,47763,228,59169,California
Madera,2021-05-18,552,103113,368,49730,160,49493,24,3890,288,11460,258,48021,312,59481,California
Madera,2021-05-19,487,103600,224,49954,241,49734,22,3912,216,11429,269,48290,238,59719,California
Madera,2021-05-20,593,104193,271,50225,285,50019,37,3949,232,11344,354,48644,269,59988,California
Madera,2021-05-21,505,104698,194,50419,284,50303,27,3976,193,11257,307,48951,220,60208,California
Madera,2021-05-22,903,105601,817,51236,74,50377,12,3988,532,11430,371,49322,544,60752,California
Madera,2021-05-23,268,105869,241,51477,17,50394,10,3998,143,11459,124,49446,153,60905,California
Madera,2021-05-24,308,106177,140,51617,127,50521,41,4039,122,11437,185,49631,163,61068,California
Madera,2021-05-25,382,106559,169,51786,181,50702,32,4071,151,11391,229,49860,183,61251,California
Madera,2021-05-26,445,107004,259,52045,164,50866,22,4093,237,11444,206,50066,259,61510,California
Madera,2021-05-27,372,107376,134,52179,200,51066,38,4131,126,11366,242,50308,164,61674,California
Madera,2021-05-28,449,107825,173,52352,248,51314,28,4159,174,11295,273,50581,202,61876,California
Madera,2021-05-29,308,108133,217,52569,73,51387,18,4177,167,11339,141,50722,185,62061,California
Madera,2021-05-30,61,108194,27,52596,30,51417,4,4181,28,11339,32,50754,32,62093,California
Madera,2021-05-31,26,108220,9,52605,13,51430,4,4185,11,11339,15,50769,15,62108,California
Madera,2021-06-01,288,108508,143,52748,122,51552,23,4208,105,11286,181,50950,128,62236,California
Madera,2021-06-02,395,108903,125,52873,247,51799,23,4231,116,11147,278,51228,139,62375,California
Madera,2021-06-03,283,109186,151,53024,117,51916,15,4246,91,11061,192,51420,106,62481,California
Madera,2021-06-04,382,109568,245,53269,126,52042,11,4257,152,10995,229,51649,163,62644,California
Madera,2021-06-05,516,110084,390,53659,113,52155,13,4270,150,10799,359,52008,163,62807,California
Madera,2021-06-06,135,110219,115,53774,13,52168,7,4277,38,10747,97,52105,45,62852,California
Madera,2021-06-07,249,110468,154,53928,74,52242,21,4298,44,10608,204,52309,65,62917,California
Madera,2021-06-08,389,110857,274,54202,94,52336,21,4319,97,10434,292,52601,118,63035,California
Madera,2021-06-09,374,111231,239,54441,108,52444,27,4346,145,10378,228,52829,172,63207,California
Madera,2021-06-10,342,111573,198,54639,128,52572,16,4362,117,10288,223,53052,133,63340,California
Madera,2021-06-11,379,111952,220,54859,127,52699,32,4394,170,10280,208,53260,200,63540,California
Madera,2021-06-12,574,112526,504,55363,54,52753,16,4410,92,9906,482,53742,108,63648,California
Madera,2021-06-13,194,112720,160,55523,29,52782,5,4415,54,9826,139,53881,59,63707,California
Madera,2021-06-14,227,112947,162,55685,42,52824,23,4438,89,9803,135,54016,112,63819,California
Madera,2021-06-15,363,113310,251,55936,79,52903,33,4471,156,9787,205,54221,189,64008,California
Madera,2021-06-16,326,113636,250,56186,62,52965,14,4485,118,9715,204,54425,132,64140,California
Madera,2021-06-17,264,113900,131,56317,124,53089,9,4494,98,9657,165,54590,107,64247,California
Madera,2021-06-18,277,114177,176,56493,77,53166,24,4518,118,9640,158,54748,141,64388,California
Madera,2021-06-19,246,114423,199,56692,39,53205,8,4526,80,9562,166,54914,88,64476,California
Madera,2021-06-20,55,114478,45,56737,3,53208,7,4533,27,9568,28,54942,34,64510,California
Madera,2021-06-21,166,114644,81,56818,60,53268,25,4558,74,9576,91,55033,99,64609,California
Madera,2021-06-22,235,114879,159,56977,58,53326,18,4576,116,9593,117,55150,134,64743,California
Madera,2021-06-23,263,115142,188,57165,65,53391,10,4586,140,9620,123,55273,150,64893,California
Madera,2021-06-24,206,115348,100,57265,84,53475,22,4608,77,9591,128,55401,99,64992,California
Madera,2021-06-25,261,115609,169,57434,68,53543,24,4632,100,9557,158,55559,124,65116,California
Madera,2021-06-26,182,115791,136,57570,34,53577,12,4644,76,9539,106,55665,88,65204,California
Madera,2021-06-27,110,115901,85,57655,21,53598,4,4648,57,9547,53,55718,61,65265,California
Madera,2021-06-28,155,116056,95,57750,41,53639,19,4667,82,9576,72,55790,101,65366,California
Madera,2021-06-29,212,116268,153,57903,43,53682,16,4683,101,9584,109,55899,117,65483,California
Madera,2021-06-30,215,116483,144,58047,64,53746,7,4690,121,9619,93,55992,128,65611,California
Madera,2021-07-01,181,116664,116,58163,41,53787,24,4714,70,9603,110,56102,94,65705,California
Madera,2021-07-02,219,116883,164,58327,41,53828,14,4728,91,9580,128,56230,105,65810,California
Madera,2021-07-03,166,117049,116,58443,41,53869,9,4737,78,9582,85,56315,87,65897,California
Madera,2021-07-04,7,117056,0,58443,7,53876,0,4737,6,9587,1,56316,6,65903,California
Marin,2020-12-15,2,2,2,2,0,0,0,0,2,2,0,0,2,2,California
Marin,2020-12-16,108,110,108,110,0,0,0,0,108,110,0,0,108,110,California
Marin,2020-12-17,275,385,275,385,0,0,0,0,275,385,0,0,275,385,California
Marin,2020-12-18,389,774,389,774,0,0,0,0,389,774,0,0,389,774,California
Marin,2020-12-19,348,1122,347,1121,1,1,0,0,348,1122,0,0,348,1122,California
Marin,2020-12-20,166,1288,165,1286,1,2,0,0,166,1288,0,0,166,1288,California
Marin,2020-12-21,239,1527,236,1522,3,5,0,0,239,1527,0,0,239,1527,California
Marin,2020-12-22,521,2048,317,1839,204,209,0,0,521,2048,0,0,521,2048,California
Marin,2020-12-23,729,2777,315,2154,414,623,0,0,729,2777,0,0,729,2777,California
Marin,2020-12-24,358,3135,158,2312,200,823,0,0,358,3135,0,0,358,3135,California
Marin,2020-12-25,26,3161,0,2312,26,849,0,0,26,3161,0,0,26,3161,California
Marin,2020-12-26,144,3305,95,2407,49,898,0,0,144,3305,0,0,144,3305,California
Marin,2020-12-27,91,3396,54,2461,37,935,0,0,91,3396,0,0,91,3396,California
Marin,2020-12-28,407,3803,99,2560,308,1243,0,0,407,3803,0,0,407,3803,California
Marin,2020-12-29,399,4202,88,2648,311,1554,0,0,399,4202,0,0,399,4202,California
Marin,2020-12-30,630,4832,390,3038,240,1794,0,0,630,4832,0,0,630,4832,California
Marin,2020-12-31,201,5033,35,3073,166,1960,0,0,200,5031,1,1,200,5032,California
Marin,2021-01-01,32,5065,15,3088,17,1977,0,0,32,5063,0,1,32,5064,California
Marin,2021-01-02,115,5180,109,3197,6,1983,0,0,115,5178,0,1,115,5179,California
Marin,2021-01-03,49,5229,31,3228,18,2001,0,0,45,5223,0,1,45,5224,California
Marin,2021-01-04,299,5528,194,3422,105,2106,0,0,298,5520,1,2,298,5522,California
Marin,2021-01-05,371,5899,224,3646,147,2253,0,0,328,5805,43,45,328,5850,California
Marin,2021-01-06,818,6717,318,3964,500,2753,0,0,638,6263,180,225,638,6488,California
Marin,2021-01-07,888,7605,502,4466,386,3139,0,0,528,6432,360,585,529,7017,California
Marin,2021-01-08,974,8579,517,4983,457,3596,0,0,583,6625,390,975,583,7600,California
Marin,2021-01-09,618,9197,223,5206,395,3991,0,0,488,6983,130,1105,488,8088,California
Marin,2021-01-10,130,9327,101,5307,29,4020,0,0,57,6967,73,1178,57,8145,California
Marin,2021-01-11,471,9798,328,5635,143,4163,0,0,250,6998,221,1399,252,8397,California
Marin,2021-01-12,937,10735,545,6180,392,4555,0,0,567,7199,366,1765,567,8964,California
Marin,2021-01-13,1169,11904,494,6674,675,5230,0,0,936,7902,233,1998,936,9900,California
Marin,2021-01-14,1073,12977,320,6994,753,5983,0,0,922,8675,149,2147,922,10822,California
Marin,2021-01-15,1167,14144,356,7350,811,6794,0,0,1035,9581,131,2278,1037,11859,California
Marin,2021-01-16,1124,15268,916,8266,208,7002,0,0,1048,10553,76,2354,1048,12907,California
Marin,2021-01-17,1228,16496,1109,9375,119,7121,0,0,1199,11727,28,2382,1202,14109,California
Marin,2021-01-18,367,16863,161,9536,206,7327,0,0,317,11994,50,2432,317,14426,California
Marin,2021-01-19,1153,18016,910,10446,243,7570,0,0,982,12806,170,2602,982,15408,California
Marin,2021-01-20,1808,19824,1219,11665,589,8159,0,0,1071,13153,725,3327,1072,16480,California
Marin,2021-01-21,1700,21524,1069,12734,631,8790,0,0,1341,14140,356,3683,1343,17823,California
Marin,2021-01-22,1717,23241,1096,13830,621,9411,0,0,1543,15510,174,3857,1544,19367,California
Marin,2021-01-23,1857,25098,1350,15180,507,9918,0,0,1767,17188,89,3946,1767,21134,California
Marin,2021-01-24,618,25716,165,15345,453,10371,0,0,584,17738,34,3980,584,21718,California
Marin,2021-01-25,1133,26849,236,15581,897,11268,0,0,694,17994,439,4419,695,22413,California
Marin,2021-01-26,1520,28369,782,16363,738,12006,0,0,1138,18751,381,4800,1138,23551,California
Marin,2021-01-27,1731,30100,891,17254,840,12846,0,0,1358,19739,371,5171,1359,24910,California
Marin,2021-01-28,2090,32190,1076,18330,1014,13860,0,0,1824,21299,265,5436,1825,26735,California
Marin,2021-01-29,2217,34407,1441,19771,776,14636,0,0,2018,23132,186,5622,2019,28754,California
Marin,2021-01-30,1719,36126,906,20677,813,15449,0,0,1639,24691,80,5702,1639,30393,California
Marin,2021-01-31,459,36585,322,20999,137,15586,0,0,432,25096,27,5729,432,30825,California
Marin,2021-02-01,1100,37685,415,21414,685,16271,0,0,897,25792,202,5931,898,31723,California
Marin,2021-02-02,1429,39114,498,21912,931,17202,0,0,762,25898,656,6587,762,32485,California
Marin,2021-02-03,1786,40900,427,22339,1359,18561,0,0,1276,26665,509,7096,1276,33761,California
Marin,2021-02-04,1554,42454,503,22842,1051,19612,0,0,949,27013,601,7697,949,34710,California
Marin,2021-02-05,2178,44632,676,23518,1502,21114,0,0,1338,27515,836,8533,1338,36048,California
Marin,2021-02-06,1429,46061,850,24368,579,21693,0,0,602,27293,824,9357,602,36650,California
Marin,2021-02-07,1293,47354,1010,25378,283,21976,0,0,495,26991,797,10154,495,37145,California
Marin,2021-02-08,1535,48889,759,26137,776,22752,0,0,733,26925,799,10953,733,37878,California
Marin,2021-02-09,1789,50678,1128,27265,661,23413,0,0,844,26824,945,11898,844,38722,California
Marin,2021-02-10,2357,53035,1504,28769,853,24266,0,0,1224,26918,1131,13029,1225,39947,California
Marin,2021-02-11,2883,55918,1654,30423,1229,25495,0,0,1453,26950,1425,14454,1457,41404,California
Marin,2021-02-12,3094,59012,1552,31975,1542,27037,0,0,1571,27002,1520,15974,1572,42976,California
Marin,2021-02-13,2345,61357,1249,33224,1096,28133,0,0,1126,26911,1217,17191,1126,44102,California
Marin,2021-02-14,824,62181,309,33533,515,28648,0,0,729,27546,95,17286,730,44832,California
Marin,2021-02-15,1231,63412,359,33892,872,29520,0,0,845,28007,385,17671,846,45678,California
Marin,2021-02-16,2485,65897,1063,34955,1422,30942,0,0,1514,28551,970,18641,1514,47192,California
Marin,2021-02-17,2119,68016,948,35903,1171,32113,0,0,1100,28635,1017,19658,1101,48293,California
Marin,2021-02-18,2443,70459,1599,37502,844,32957,0,0,1067,28332,1370,21028,1067,49360,California
Marin,2021-02-19,2807,73266,2191,39693,616,33573,0,0,1247,28035,1545,22573,1248,50608,California
Marin,2021-02-20,2657,75923,2177,41870,480,34053,0,0,1254,27895,1396,23969,1256,51864,California
Marin,2021-02-21,1350,77273,1147,43017,203,34256,0,0,952,28454,393,24362,952,52816,California
Marin,2021-02-22,1904,79177,1460,44477,444,34700,0,0,1258,29070,642,25004,1258,54074,California
Marin,2021-02-23,2966,82143,1712,46189,1254,35954,0,0,1992,30105,958,25962,1993,56067,California
Marin,2021-02-24,3580,85723,1651,47840,1929,37883,0,0,2285,31107,1284,27246,2286,58353,California
Marin,2021-02-25,4129,89852,1944,49784,2185,40068,0,0,2904,32799,1214,28460,2906,61259,California
Marin,2021-02-26,3683,93535,2006,51790,1677,41745,0,0,2652,34433,1019,29479,2653,63912,California
Marin,2021-02-27,2744,96279,1616,53406,1128,42873,0,0,1897,35490,842,30321,1899,65811,California
Marin,2021-02-28,1649,97928,927,54333,722,43595,0,0,1297,36440,347,30668,1297,67108,California
Marin,2021-03-01,2700,100628,1675,56008,1024,44619,1,1,1822,37394,869,31537,1823,68931,California
Marin,2021-03-02,2528,103156,1689,57697,838,45457,1,2,1728,38328,796,32333,1730,70661,California
Marin,2021-03-03,4351,107507,2426,60123,1921,47378,4,6,2818,39622,1528,33861,2822,73483,California
Marin,2021-03-04,3408,110915,1673,61796,1734,49112,1,7,2364,40954,1037,34898,2369,75852,California
Marin,2021-03-05,3087,114002,1180,62976,1894,51006,13,20,1806,41497,1276,36174,1819,77671,California
Marin,2021-03-06,3238,117240,2321,65297,839,51845,78,98,2661,43664,571,36745,2738,80409,California
Marin,2021-03-07,1400,118640,1177,66474,199,52044,24,122,1001,44295,394,37139,1025,81434,California
Marin,2021-03-08,1905,120545,1391,67865,396,52440,118,240,1428,45367,473,37612,1545,82979,California
Marin,2021-03-09,2236,122781,1342,69207,784,53224,110,350,1550,46342,683,38295,1658,84637,California
Marin,2021-03-10,4474,127255,2510,71717,1670,54894,294,644,3221,48607,1247,39542,3512,88149,California
Marin,2021-03-11,4596,131851,1888,73605,2571,57465,137,781,3294,50745,1293,40835,3431,91580,California
Marin,2021-03-12,4005,135856,1550,75155,2101,59566,354,1135,1564,50234,2427,43262,1916,93496,California
Marin,2021-03-13,4114,139970,2866,78021,1174,60740,74,1209,2393,50979,1715,44977,2460,95956,California
Marin,2021-03-14,2283,142253,1105,79126,1060,61800,118,1327,700,50212,1581,46558,814,96770,California
Marin,2021-03-15,3264,145517,1785,80911,1432,63232,47,1374,1201,49414,2046,48604,1248,98018,California
Marin,2021-03-16,4300,149817,2317,83228,1620,64852,363,1737,1448,48375,2848,51452,1809,99827,California
Marin,2021-03-17,4225,154042,2289,85517,1883,66735,53,1790,2045,48310,2166,53618,2101,101928,California
Marin,2021-03-18,4507,158549,2281,87798,2151,68886,75,1865,2127,48154,2360,55978,2204,104132,California
Marin,2021-03-19,4495,163044,2311,90109,1964,70850,220,2085,2331,48548,2153,58131,2547,106679,California
Marin,2021-03-20,3599,166643,2001,92110,1486,72336,112,2197,1931,48934,1658,59789,2044,108723,California
Marin,2021-03-21,1555,168198,1154,93264,378,72714,23,2220,814,49033,738,60527,837,109560,California
Marin,2021-03-22,2511,170709,2167,95431,176,72890,168,2388,917,48530,1588,62115,1085,110645,California
Marin,2021-03-23,4319,175028,2267,97698,1923,74813,129,2517,1922,48192,2389,64504,2051,112696,California
Marin,2021-03-24,4478,179506,2910,100608,1454,76267,114,2631,1824,47487,2641,67145,1936,114632,California
Marin,2021-03-25,4665,184171,2842,103450,1751,78018,72,2703,2244,47397,2405,69550,2315,116947,California
Marin,2021-03-26,4320,188491,2355,105805,1751,79769,214,2917,2399,48104,1906,71456,2613,119560,California
Marin,2021-03-27,3710,192201,2663,108468,1028,80797,19,2936,1143,46709,2556,74012,1161,120721,California
Marin,2021-03-28,2392,194593,1723,110191,663,81460,6,2942,843,46016,1542,75554,849,121570,California
Marin,2021-03-29,2696,197289,2102,112293,569,82029,25,2967,1138,45623,1556,77110,1163,122733,California
Marin,2021-03-30,4669,201958,3652,115945,983,83012,34,3001,2953,46897,1713,78823,2987,125720,California
Marin,2021-03-31,5850,207808,4142,120087,1658,84670,50,3051,2552,46213,3286,82109,2602,128322,California
Marin,2021-04-01,4468,212276,2290,122377,1917,86587,261,3312,2117,46251,2338,84447,2376,130698,California
Marin,2021-04-02,3752,216028,1861,124238,1519,88106,372,3684,2012,46894,1732,86179,2375,133073,California
Marin,2021-04-03,3870,219898,2522,126760,968,89074,380,4064,1463,46342,2395,88574,1843,134916,California
Marin,2021-04-04,1650,221548,1241,128001,208,89282,201,4265,1201,47296,447,89021,1401,136317,California
Marin,2021-04-05,2223,223771,1543,129544,306,89588,374,4639,1276,48002,942,89963,1648,137965,California
Marin,2021-04-06,4003,227774,2125,131669,1321,90909,557,5196,2219,48999,1776,91739,2773,140738,California
Marin,2021-04-07,3996,231770,2015,133684,1334,92243,647,5843,1462,48581,2524,94263,2106,142844,California
Marin,2021-04-08,5070,236840,1978,135662,2480,94723,612,6455,2310,48746,2747,97010,2912,145756,California
Marin,2021-04-09,4008,240848,1567,137229,1709,96432,732,7187,1326,48123,2677,99687,2054,147810,California
Marin,2021-04-10,3228,244076,1487,138716,1306,97738,435,7622,1450,48239,1764,101451,1880,149690,California
Marin,2021-04-11,1068,245144,813,139529,93,97831,162,7784,478,48290,588,102039,639,150329,California
Marin,2021-04-12,1758,246902,1247,140776,349,98180,162,7946,919,48537,835,102874,1082,151411,California
Marin,2021-04-13,3804,250706,2335,143111,1462,99642,7,7953,1379,47511,2412,105286,1386,152797,California
Marin,2021-04-14,4274,254980,2559,145670,1712,101354,3,7956,1750,46763,2499,107785,1751,154548,California
Marin,2021-04-15,5646,260626,3984,149654,1662,103016,0,7956,3229,47592,2401,110186,3230,157778,California
Marin,2021-04-16,4304,264930,2258,151912,2043,105059,3,7959,2093,47493,2196,112382,2097,159875,California
Marin,2021-04-17,3580,268510,2177,154089,1403,106462,0,7959,1788,47497,1785,114167,1789,161664,California
Marin,2021-04-18,3242,271752,3141,157230,101,106563,0,7959,2556,49370,683,114850,2556,164220,California
Marin,2021-04-19,2068,273820,1889,159119,178,106741,1,7960,1155,49622,905,115755,1157,165377,California
Marin,2021-04-20,3802,277622,2641,161760,1161,107902,0,7960,1483,48797,2309,118064,1484,166861,California
Marin,2021-04-21,4153,281775,3062,164822,1088,108990,3,7963,1402,47468,2732,120796,1403,168264,California
Marin,2021-04-22,4296,286071,3276,168098,1020,110010,0,7963,1503,46194,2781,123577,1507,169771,California
Marin,2021-04-23,3294,289365,1859,169957,1435,111445,0,7963,1256,45425,2026,125603,1257,171028,California
Marin,2021-04-24,2525,291890,1685,171642,839,112284,1,7964,923,44760,1590,127193,925,171953,California
Marin,2021-04-25,1384,293274,1263,172905,121,112405,0,7964,303,43990,1073,128266,303,172256,California
Marin,2021-04-26,1669,294943,1432,174337,234,112639,3,7967,410,43148,1256,129522,414,172670,California
Marin,2021-04-27,3083,298026,2223,176560,809,113448,51,8018,1006,42133,2068,131590,1053,173723,California
Marin,2021-04-28,2353,300379,1625,178185,677,114125,51,8069,741,41316,1608,133198,791,174514,California
Marin,2021-04-29,2945,303324,2021,180206,861,114986,63,8132,821,40088,2113,135311,885,175399,California
Marin,2021-04-30,1990,305314,1291,181497,612,115598,87,8219,704,39602,1277,136588,791,176190,California
Marin,2021-05-01,1842,307156,1028,182525,791,116389,23,8242,544,38879,1289,137877,566,176756,California
Marin,2021-05-02,730,307886,590,183115,111,116500,29,8271,201,38585,523,138400,229,176985,California
Marin,2021-05-03,1223,309109,996,184111,171,116671,56,8327,264,37949,955,139355,319,177304,California
Marin,2021-05-04,2963,312072,1994,186105,877,117548,92,8419,480,36047,2474,141829,572,177876,California
Marin,2021-05-05,2794,314866,2032,188137,636,118184,126,8545,452,34289,2335,144164,577,178453,California
Marin,2021-05-06,3278,318144,2539,190676,650,118834,89,8634,427,31963,2839,147003,513,178966,California
Marin,2021-05-07,2056,320200,1550,192226,420,119254,86,8720,385,30766,1665,148668,468,179434,California
Marin,2021-05-08,2507,322707,1900,194126,485,119739,122,8842,349,29088,2150,150818,472,179906,California
Marin,2021-05-09,990,323697,899,195025,72,119811,19,8861,112,28345,875,151693,132,180038,California
Marin,2021-05-10,1420,325117,1158,196183,192,120003,70,8931,204,27407,1211,152904,273,180311,California
Marin,2021-05-11,2350,327467,1869,198052,424,120427,57,8988,307,25730,2040,154944,363,180674,California
Marin,2021-05-12,1862,329329,1464,199516,330,120757,68,9056,298,24536,1558,156502,364,181038,California
Marin,2021-05-13,2683,332012,2295,201811,334,121091,54,9110,1416,24746,1259,157761,1469,182507,California
Marin,2021-05-14,2207,334219,1450,203261,657,121748,100,9210,882,24409,1318,159079,981,183488,California
Marin,2021-05-15,2760,336979,2279,205540,401,122149,80,9290,1674,25078,1085,160164,1754,185242,California
Marin,2021-05-16,1725,338704,1664,207204,53,122202,8,9298,1397,26157,326,160490,1405,186647,California
Marin,2021-05-17,2145,340849,1993,209197,109,122311,43,9341,1704,27470,434,160924,1747,188394,California
Marin,2021-05-18,1535,342384,1189,210386,291,122602,55,9396,790,27575,738,161662,843,189237,California
Marin,2021-05-19,1571,343955,1241,211627,258,122860,72,9468,770,27620,795,162457,840,190077,California
Marin,2021-05-20,1835,345790,1496,213123,253,123113,86,9554,750,27380,1077,163534,837,190914,California
Marin,2021-05-21,1472,347262,845,213968,578,123691,49,9603,437,26838,1028,164562,486,191400,California
Marin,2021-05-22,1434,348696,1084,215052,292,123983,58,9661,962,27392,466,165028,1020,192420,California
Marin,2021-05-23,482,349178,428,215480,42,124025,12,9673,223,27371,257,165285,236,192656,California
Marin,2021-05-24,671,349849,497,215977,134,124159,40,9713,351,27444,317,165602,390,193046,California
Marin,2021-05-25,1006,350855,628,216605,332,124491,46,9759,317,27123,681,166283,360,193406,California
Marin,2021-05-26,728,351583,491,217096,187,124678,50,9809,261,26972,462,166745,311,193717,California
Marin,2021-05-27,1033,352616,663,217759,291,124969,79,9888,341,26703,689,167434,420,194137,California
Marin,2021-05-28,1110,353726,723,218482,307,125276,80,9968,328,26332,778,168212,407,194544,California
Marin,2021-05-29,376,354102,219,218701,147,125423,10,9978,207,26380,169,168381,217,194761,California
Marin,2021-05-30,97,354199,57,218758,35,125458,5,9983,55,26399,41,168422,60,194821,California
Marin,2021-05-31,28,354227,14,218772,13,125471,1,9984,14,26400,14,168436,15,194836,California
Marin,2021-06-01,755,354982,548,219320,162,125633,45,10029,318,26328,434,168870,362,195198,California
Marin,2021-06-02,628,355610,476,219796,100,125733,52,10081,217,26188,407,169277,267,195465,California
Marin,2021-06-03,1502,357112,1329,221125,114,125847,59,10140,231,25210,1268,170545,290,195755,California
Marin,2021-06-04,1035,358147,861,221986,140,125987,34,10174,186,24585,843,171388,218,195973,California
Marin,2021-06-05,1929,360076,1711,223697,170,126157,48,10222,318,23348,1603,172991,366,196339,California
Marin,2021-06-06,1410,361486,1361,225058,15,126172,34,10256,152,22277,1257,174248,186,196525,California
Marin,2021-06-07,1942,363428,1825,226883,67,126239,50,10306,240,20871,1696,175944,290,196815,California
Marin,2021-06-08,979,364407,869,227752,69,126308,41,10347,231,20402,741,176685,272,197087,California
Marin,2021-06-09,743,365150,667,228419,66,126374,10,10357,137,19944,605,177290,147,197234,California
Marin,2021-06-10,883,366033,772,229191,60,126434,51,10408,179,19474,700,177990,230,197464,California
Marin,2021-06-11,694,366727,578,229769,84,126518,32,10440,149,19110,545,178535,181,197645,California
Marin,2021-06-12,924,367651,793,230562,89,126607,42,10482,153,18537,768,179303,195,197840,California
Marin,2021-06-13,416,368067,385,230947,20,126627,11,10493,66,18268,346,179649,77,197917,California
Marin,2021-06-14,872,368939,744,231691,80,126707,48,10541,212,17870,656,180305,258,198175,California
Marin,2021-06-15,539,369478,429,232120,84,126791,26,10567,170,17698,368,180673,196,198371,California
Marin,2021-06-16,493,369971,402,232522,45,126836,46,10613,161,17579,325,180998,206,198577,California
Marin,2021-06-17,558,370529,479,233001,47,126883,32,10645,193,17440,363,181361,224,198801,California
Marin,2021-06-18,495,371024,380,233381,77,126960,38,10683,172,17333,316,181677,209,199010,California
Marin,2021-06-19,363,371387,292,233673,37,126997,34,10717,144,17291,218,181895,176,199186,California
Marin,2021-06-20,114,371501,89,233762,14,127011,11,10728,48,17284,66,181961,59,199245,California
Marin,2021-06-21,349,371850,248,234010,46,127057,55,10783,139,17269,209,182170,194,199439,California
Marin,2021-06-22,450,372300,350,234360,69,127126,31,10814,139,17131,308,182478,170,199609,California
Marin,2021-06-23,358,372658,295,234655,30,127156,33,10847,119,17044,238,182716,151,199760,California
Marin,2021-06-24,396,373054,304,234959,42,127198,50,10897,132,16964,260,182976,180,199940,California
Marin,2021-06-25,376,373430,274,235233,59,127257,43,10940,171,16975,203,183179,214,200154,California
Marin,2021-06-26,321,373751,270,235503,20,127277,31,10971,116,16917,205,183384,147,200301,California
Marin,2021-06-27,209,373960,161,235664,22,127299,26,10997,69,16873,138,183522,94,200395,California
Marin,2021-06-28,395,374355,336,236000,31,127330,28,11025,134,16776,259,183781,162,200557,California
Marin,2021-06-29,369,374724,302,236302,40,127370,27,11052,140,16717,226,184007,167,200724,California
Marin,2021-06-30,264,374988,228,236530,23,127393,13,11065,113,16694,149,184156,126,200850,California
Marin,2021-07-01,255,375243,196,236726,42,127435,17,11082,101,16658,153,184309,117,200967,California
Marin,2021-07-02,361,375604,288,237014,40,127475,33,11115,145,16621,215,184524,178,201145,California
Marin,2021-07-03,274,375878,222,237236,21,127496,31,11146,115,16609,158,184682,146,201291,California
Mariposa,2020-12-17,38,38,38,38,0,0,0,0,40,40,0,0,40,40,California
Mariposa,2020-12-18,55,93,55,93,0,0,0,0,56,96,0,0,56,96,California
Mariposa,2020-12-20,2,95,2,95,0,0,0,0,2,98,0,0,2,98,California
Mariposa,2020-12-21,49,144,49,144,0,0,0,0,53,151,0,0,53,151,California
Mariposa,2020-12-22,5,149,5,149,0,0,0,0,5,156,0,0,5,156,California
Mariposa,2020-12-23,16,165,16,165,0,0,0,0,16,172,0,0,16,172,California
Mariposa,2020-12-24,1,166,0,165,1,1,0,0,0,172,1,1,1,173,California
Mariposa,2020-12-26,1,167,1,166,0,1,0,0,1,173,0,1,1,174,California
Mariposa,2020-12-27,1,168,0,166,1,2,0,0,1,174,0,1,1,175,California
Mariposa,2020-12-28,6,174,3,169,3,5,0,0,6,180,0,1,6,181,California
Mariposa,2020-12-29,33,207,3,172,30,35,0,0,33,213,0,1,33,214,California
Mariposa,2020-12-30,26,233,4,176,22,57,0,0,26,239,0,1,26,240,California
Mariposa,2020-12-31,17,250,0,176,17,74,0,0,17,256,0,1,17,257,California
Mariposa,2021-01-02,1,251,1,177,0,74,0,0,1,257,0,1,1,258,California
Mariposa,2021-01-04,9,260,2,179,7,81,0,0,9,266,0,1,9,267,California
Mariposa,2021-01-05,24,284,14,193,10,91,0,0,14,270,10,11,14,281,California
Mariposa,2021-01-06,6,290,3,196,3,94,0,0,3,270,3,14,3,284,California
Mariposa,2021-01-07,50,340,45,241,5,99,0,0,5,230,45,59,5,289,California
Mariposa,2021-01-08,110,450,80,321,30,129,0,0,34,188,76,135,34,323,California
Mariposa,2021-01-09,1,451,0,321,1,130,0,0,1,189,0,135,1,324,California
Mariposa,2021-01-11,31,482,10,331,21,151,0,0,23,204,8,143,23,347,California
Mariposa,2021-01-12,19,501,4,335,15,166,0,0,15,215,4,147,15,362,California
Mariposa,2021-01-13,21,522,4,339,17,183,0,0,18,230,3,150,18,380,California
Mariposa,2021-01-14,74,596,7,346,67,250,0,0,68,292,6,156,68,448,California
Mariposa,2021-01-15,68,664,27,373,41,291,0,0,58,340,10,166,58,506,California
Mariposa,2021-01-16,14,678,2,375,12,303,0,0,13,352,1,167,13,519,California
Mariposa,2021-01-17,3,681,1,376,2,305,0,0,2,353,1,168,2,521,California
Mariposa,2021-01-18,4,685,3,379,1,306,0,0,2,353,2,170,2,523,California
Mariposa,2021-01-19,8,693,4,383,4,310,0,0,5,356,2,172,5,528,California
Mariposa,2021-01-20,24,717,1,384,23,333,0,0,23,378,1,173,23,551,California
Mariposa,2021-01-21,66,783,8,392,58,391,0,0,62,436,4,177,62,613,California
Mariposa,2021-01-22,56,839,3,395,53,444,0,0,56,492,0,177,56,669,California
Mariposa,2021-01-23,116,955,2,397,114,558,0,0,114,604,2,179,114,783,California
Mariposa,2021-01-24,2,957,2,399,0,558,0,0,2,606,0,179,2,785,California
Mariposa,2021-01-25,4,961,1,400,3,561,0,0,0,602,4,183,0,785,California
Mariposa,2021-01-26,37,998,3,403,34,595,0,0,4,577,33,216,8,793,California
Mariposa,2021-01-27,26,1024,2,405,24,619,0,0,13,578,12,228,13,806,California
Mariposa,2021-01-28,127,1151,3,408,124,743,0,0,114,680,12,240,114,920,California
Mariposa,2021-01-29,94,1245,23,431,71,814,0,0,93,772,1,241,93,1013,California
Mariposa,2021-01-30,9,1254,1,432,8,822,0,0,8,779,1,242,8,1021,California
Mariposa,2021-01-31,1,1255,0,432,1,823,0,0,1,780,0,242,1,1022,California
Mariposa,2021-02-01,93,1348,32,464,61,884,0,0,72,831,21,263,72,1094,California
Mariposa,2021-02-02,15,1363,3,467,12,896,0,0,9,834,6,269,9,1103,California
Mariposa,2021-02-03,20,1383,1,468,19,915,0,0,13,841,6,275,13,1116,California
Mariposa,2021-02-04,98,1481,8,476,90,1005,0,0,93,931,4,279,94,1210,California
Mariposa,2021-02-05,193,1674,5,481,188,1193,0,0,166,1070,27,306,166,1376,California
Mariposa,2021-02-06,11,1685,4,485,7,1200,0,0,10,1079,1,307,10,1386,California
Mariposa,2021-02-07,1,1686,0,485,1,1201,0,0,1,1080,0,307,1,1387,California
Mariposa,2021-02-08,42,1728,2,487,40,1241,0,0,23,1084,19,326,23,1410,California
Mariposa,2021-02-09,45,1773,25,512,20,1261,0,0,39,1117,6,332,39,1449,California
Mariposa,2021-02-10,28,1801,5,517,23,1284,0,0,17,1130,10,342,23,1472,California
Mariposa,2021-02-11,378,2179,6,523,372,1656,0,0,362,1479,16,358,365,1837,California
Mariposa,2021-02-12,188,2367,8,531,180,1836,0,0,144,1579,44,402,144,1981,California
Mariposa,2021-02-13,12,2379,3,534,9,1845,0,0,10,1587,2,404,10,1991,California
Mariposa,2021-02-14,8,2387,4,538,4,1849,0,0,5,1589,3,407,5,1996,California
Mariposa,2021-02-15,9,2396,3,541,6,1855,0,0,7,1594,2,409,7,2003,California
Mariposa,2021-02-16,60,2456,36,577,24,1879,0,0,36,1607,24,433,37,2040,California
Mariposa,2021-02-17,37,2493,9,586,28,1907,0,0,27,1626,9,442,28,2068,California
Mariposa,2021-02-18,57,2550,7,593,50,1957,0,0,20,1609,37,479,20,2088,California
Mariposa,2021-02-19,83,2633,4,597,79,2036,0,0,75,1676,8,487,75,2163,California
Mariposa,2021-02-20,256,2889,4,601,252,2288,0,0,224,1870,30,517,224,2387,California
Mariposa,2021-02-21,238,3127,4,605,234,2522,0,0,236,2105,1,518,236,2623,California
Mariposa,2021-02-22,24,3151,9,614,15,2537,0,0,21,2123,3,521,21,2644,California
Mariposa,2021-02-23,43,3194,37,651,6,2543,0,0,25,2130,18,539,25,2669,California
Mariposa,2021-02-24,21,3215,3,654,18,2561,0,0,8,2126,12,551,8,2677,California
Mariposa,2021-02-25,18,3233,9,663,9,2570,0,0,12,2132,6,557,12,2689,California
Mariposa,2021-02-26,421,3654,7,670,414,2984,0,0,354,2420,67,624,355,3044,California
Mariposa,2021-02-27,172,3826,7,677,165,3149,0,0,161,2570,11,635,161,3205,California
Mariposa,2021-02-28,2,3828,1,678,1,3150,0,0,0,2568,2,637,0,3205,California
Mariposa,2021-03-01,87,3915,26,704,61,3211,0,0,18,2518,68,705,18,3223,California
Mariposa,2021-03-02,21,3936,14,718,7,3218,0,0,11,2520,9,714,11,3234,California
Mariposa,2021-03-03,72,4008,6,724,66,3284,0,0,66,2581,6,720,67,3301,California
Mariposa,2021-03-04,42,4050,10,734,32,3316,0,0,20,2580,22,742,21,3322,California
Mariposa,2021-03-05,62,4112,10,744,52,3368,0,0,40,2605,22,764,47,3369,California
Mariposa,2021-03-06,17,4129,7,751,10,3378,0,0,7,2603,10,774,8,3377,California
Mariposa,2021-03-07,1,4130,1,752,0,3378,0,0,0,2602,1,775,0,3377,California
Mariposa,2021-03-08,39,4169,4,756,24,3402,11,11,9,2592,30,805,20,3397,California
Mariposa,2021-03-09,46,4215,18,774,18,3420,10,21,14,2584,32,837,24,3421,California
Mariposa,2021-03-10,34,4249,12,786,12,3432,10,31,10,2581,23,860,20,3441,California
Mariposa,2021-03-11,471,4720,6,792,445,3877,20,51,222,2578,248,1108,245,3686,California
Mariposa,2021-03-12,255,4975,8,800,219,4096,28,79,108,2566,147,1255,135,3821,California
Mariposa,2021-03-13,35,5010,6,806,14,4110,15,94,12,2569,23,1278,26,3847,California
Mariposa,2021-03-14,18,5028,2,808,5,4115,11,105,3,2569,14,1292,14,3861,California
Mariposa,2021-03-15,78,5106,8,816,31,4146,39,144,32,2593,46,1338,70,3931,California
Mariposa,2021-03-16,82,5188,34,850,14,4160,34,178,24,2593,58,1396,58,3989,California
Mariposa,2021-03-17,73,5261,11,861,54,4214,8,186,52,2633,21,1417,61,4050,California
Mariposa,2021-03-18,66,5327,16,877,41,4255,9,195,42,2660,24,1441,51,4101,California
Mariposa,2021-03-19,340,5667,11,888,324,4579,5,200,303,2931,37,1478,308,4409,California
Mariposa,2021-03-20,427,6094,7,895,418,4997,2,202,45,2598,382,1860,49,4458,California
Mariposa,2021-03-21,15,6109,9,904,5,5002,1,203,10,2605,4,1864,11,4469,California
Mariposa,2021-03-22,38,6147,8,912,22,5024,8,211,25,2627,13,1877,35,4504,California
Mariposa,2021-03-23,55,6202,35,947,10,5034,10,221,34,2650,21,1898,44,4548,California
Mariposa,2021-03-24,57,6259,6,953,49,5083,2,223,52,2699,5,1903,54,4602,California
Mariposa,2021-03-25,77,6336,16,969,53,5136,8,231,54,2740,21,1924,62,4664,California
Mariposa,2021-03-26,490,6826,10,979,479,5615,1,232,252,2755,238,2162,253,4917,California
Mariposa,2021-03-27,224,7050,9,988,215,5830,0,232,89,2711,135,2297,91,5008,California
Mariposa,2021-03-28,5,7055,0,988,2,5832,3,235,1,2711,4,2301,4,5012,California
Mariposa,2021-03-29,20,7075,6,994,14,5846,0,235,12,2715,8,2309,12,5024,California
Mariposa,2021-03-30,37,7112,13,1007,8,5854,16,251,14,2722,23,2332,30,5054,California
Mariposa,2021-03-31,89,7201,16,1023,66,5920,7,258,68,2776,21,2353,75,5129,California
Mariposa,2021-04-01,55,7256,11,1034,35,5955,9,267,35,2800,20,2373,44,5173,California
Mariposa,2021-04-02,350,7606,13,1047,334,6289,3,270,307,3068,42,2415,310,5483,California
Mariposa,2021-04-03,11,7617,8,1055,3,6292,0,270,6,3069,5,2420,6,5489,California
Mariposa,2021-04-04,2,7619,1,1056,0,6292,1,271,0,3068,2,2422,1,5490,California
Mariposa,2021-04-05,34,7653,23,1079,7,6299,4,275,17,3072,17,2439,21,5511,California
Mariposa,2021-04-06,43,7696,21,1100,6,6305,16,291,13,3072,29,2468,29,5540,California
Mariposa,2021-04-07,99,7795,7,1107,73,6378,19,310,28,3048,71,2539,47,5587,California
Mariposa,2021-04-08,280,8075,16,1123,245,6623,19,329,145,3080,133,2672,165,5752,California
Mariposa,2021-04-09,39,8114,9,1132,15,6638,15,344,11,3078,28,2700,26,5778,California
Mariposa,2021-04-10,202,8316,4,1136,188,6826,10,354,187,3261,13,2713,196,5974,California
Mariposa,2021-04-11,124,8440,4,1140,118,6944,2,356,57,3254,67,2780,60,6034,California
Mariposa,2021-04-12,43,8483,14,1154,27,6971,2,358,14,3241,29,2809,16,6050,California
Mariposa,2021-04-13,53,8536,46,1200,7,6978,0,358,34,3256,19,2828,34,6084,California
Mariposa,2021-04-14,113,8649,9,1209,104,7082,0,358,58,3260,54,2882,58,6142,California
Mariposa,2021-04-15,58,8707,16,1225,42,7124,0,358,41,3287,14,2896,41,6183,California
Mariposa,2021-04-16,381,9088,11,1236,370,7494,0,358,106,3118,275,3171,106,6289,California
Mariposa,2021-04-17,11,9099,7,1243,4,7498,0,358,8,3123,3,3174,8,6297,California
Mariposa,2021-04-18,7,9106,0,1243,7,7505,0,358,3,3122,4,3178,3,6300,California
Mariposa,2021-04-19,58,9164,26,1269,32,7537,0,358,30,3126,26,3204,30,6330,California
Mariposa,2021-04-20,62,9226,48,1317,14,7551,0,358,37,3140,23,3227,37,6367,California
Mariposa,2021-04-21,93,9319,15,1332,78,7629,0,358,43,3134,49,3276,43,6410,California
Mariposa,2021-04-22,51,9370,11,1343,40,7669,0,358,38,3160,12,3288,38,6448,California
Mariposa,2021-04-23,316,9686,71,1414,245,7914,0,358,145,3136,171,3459,147,6595,California
Mariposa,2021-04-24,106,9792,10,1424,96,8010,0,358,43,3117,62,3521,43,6638,California
Mariposa,2021-04-26,17,9809,12,1436,5,8015,0,358,6,3112,11,3532,6,6644,California
Mariposa,2021-04-27,34,9843,17,1453,15,8030,2,360,15,3113,16,3548,17,6661,California
Mariposa,2021-04-28,73,9916,13,1466,53,8083,7,367,27,3101,46,3594,34,6695,California
Mariposa,2021-04-29,83,9999,12,1478,70,8153,1,368,78,3175,5,3599,79,6774,California
Mariposa,2021-04-30,210,10209,5,1483,200,8353,5,373,62,3094,148,3747,67,6841,California
Mariposa,2021-05-01,3,10212,2,1485,1,8354,0,373,1,3093,2,3749,1,6842,California
Mariposa,2021-05-02,3,10215,2,1487,0,8354,1,374,0,3091,3,3752,1,6843,California
Mariposa,2021-05-03,16,10231,12,1499,3,8357,1,375,7,3090,9,3761,8,6851,California
Mariposa,2021-05-04,50,10281,31,1530,15,8372,4,379,37,3118,13,3774,41,6892,California
Mariposa,2021-05-05,57,10338,9,1539,46,8418,2,381,18,3099,39,3813,20,6912,California
Mariposa,2021-05-06,57,10395,36,1575,16,8434,5,386,40,3127,17,3830,45,6957,California
Mariposa,2021-05-07,28,10423,8,1583,17,8451,3,389,13,3128,15,3845,16,6973,California
Mariposa,2021-05-08,282,10705,7,1590,275,8726,0,389,33,2914,249,4094,35,7008,California
Mariposa,2021-05-09,2,10707,1,1591,1,8727,0,389,0,2912,2,4096,0,7008,California
Mariposa,2021-05-10,20,10727,9,1600,9,8736,2,391,5,2904,15,4111,7,7015,California
Mariposa,2021-05-11,28,10755,18,1618,10,8746,0,391,21,2919,6,4117,21,7036,California
Mariposa,2021-05-12,68,10823,4,1622,58,8804,6,397,6,2869,62,4179,12,7048,California
Mariposa,2021-05-13,48,10871,8,1630,38,8842,2,399,13,2849,35,4214,15,7063,California
Mariposa,2021-05-14,249,11120,121,1751,121,8963,7,406,117,2841,132,4346,124,7187,California
Mariposa,2021-05-15,19,11139,9,1760,8,8971,2,408,11,2847,6,4352,12,7199,California
Mariposa,2021-05-16,3,11142,1,1761,1,8972,1,409,1,2847,2,4354,2,7201,California
Mariposa,2021-05-17,18,11160,7,1768,7,8979,4,413,7,2846,11,4365,10,7211,California
Mariposa,2021-05-18,63,11223,43,1811,15,8994,5,418,46,2881,16,4381,51,7262,California
Mariposa,2021-05-19,71,11294,32,1843,38,9032,1,419,52,2916,18,4399,53,7315,California
Mariposa,2021-05-20,33,11327,18,1861,13,9045,2,421,12,2909,21,4420,14,7329,California
Mariposa,2021-05-21,94,11421,9,1870,83,9128,2,423,43,2905,49,4469,45,7374,California
Mariposa,2021-05-22,49,11470,7,1877,41,9169,1,424,18,2893,31,4500,19,7393,California
Mariposa,2021-05-23,4,11474,2,1879,1,9170,1,425,2,2894,2,4502,3,7396,California
Mariposa,2021-05-24,14,11488,8,1887,4,9174,2,427,8,2898,6,4508,10,7406,California
Mariposa,2021-05-25,26,11514,16,1903,10,9184,0,427,18,2908,8,4516,18,7424,California
Mariposa,2021-05-26,35,11549,4,1907,27,9211,4,431,28,2933,7,4523,32,7456,California
Mariposa,2021-05-27,120,11669,64,1971,55,9266,1,432,62,2938,58,4581,63,7519,California
Mariposa,2021-05-28,65,11734,5,1976,56,9322,4,436,23,2923,42,4623,27,7546,California
Mariposa,2021-05-29,8,11742,2,1978,5,9327,1,437,3,2924,3,4626,4,7550,California
Mariposa,2021-05-30,1,11743,0,1978,0,9327,1,438,0,2924,1,4627,1,7551,California
Mariposa,2021-05-31,2,11745,0,1978,1,9328,1,439,0,2923,2,4629,1,7552,California
Mariposa,2021-06-01,14,11759,3,1981,11,9339,0,439,5,2919,9,4638,5,7557,California
Mariposa,2021-06-02,26,11785,14,1995,7,9346,5,444,6,2911,19,4657,11,7568,California
Mariposa,2021-06-03,20,11805,10,2005,7,9353,3,447,7,2908,13,4670,10,7578,California
Mariposa,2021-06-04,89,11894,78,2083,9,9362,2,449,26,2874,61,4731,27,7605,California
Mariposa,2021-06-05,30,11924,4,2087,24,9386,2,451,7,2860,23,4754,9,7614,California
Mariposa,2021-06-06,4,11928,3,2090,0,9386,1,452,1,2859,3,4757,2,7616,California
Mariposa,2021-06-07,10,11938,5,2095,5,9391,0,452,4,2858,5,4762,4,7620,California
Mariposa,2021-06-08,45,11983,34,2129,9,9400,2,454,13,2841,32,4794,15,7635,California
Mariposa,2021-06-09,28,12011,21,2150,2,9402,5,459,6,2830,22,4816,11,7646,California
Mariposa,2021-06-10,16,12027,8,2158,5,9407,3,462,6,2830,10,4826,10,7656,California
Mariposa,2021-06-11,43,12070,12,2170,23,9430,8,470,9,2813,34,4860,17,7673,California
Mariposa,2021-06-12,17,12087,11,2181,5,9435,1,471,3,2802,14,4874,3,7676,California
Mariposa,2021-06-13,1,12088,0,2181,0,9435,1,472,0,2802,1,4875,1,7677,California
Mariposa,2021-06-14,13,12101,4,2185,8,9443,1,473,5,2800,8,4883,6,7683,California
Mariposa,2021-06-15,23,12124,11,2196,11,9454,1,474,6,2790,17,4900,7,7690,California
Mariposa,2021-06-16,28,12152,12,2208,15,9469,1,475,7,2777,21,4921,8,7698,California
Mariposa,2021-06-17,11,12163,6,2214,5,9474,0,475,4,2774,7,4928,4,7702,California
Mariposa,2021-06-18,68,12231,49,2263,16,9490,3,478,33,2775,34,4962,35,7737,California
Mariposa,2021-06-19,18,12249,5,2268,13,9503,0,478,6,2769,12,4974,6,7743,California
Mariposa,2021-06-21,11,12260,4,2272,7,9510,0,478,7,2773,3,4977,7,7750,California
Mariposa,2021-06-22,23,12283,9,2281,11,9521,3,481,13,2779,10,4987,16,7766,California
Mariposa,2021-06-23,8,12291,2,2283,3,9524,3,484,4,2782,4,4991,7,7773,California
Mariposa,2021-06-24,11,12302,4,2287,7,9531,0,484,5,2781,6,4997,5,7778,California
Mariposa,2021-06-25,50,12352,22,2309,27,9558,1,485,17,2767,32,5029,18,7796,California
Mariposa,2021-06-26,1,12353,1,2310,0,9558,0,485,0,2766,1,5030,0,7796,California
Mariposa,2021-06-27,1,12354,0,2310,0,9558,1,486,0,2766,1,5031,1,7797,California
Mariposa,2021-06-28,1,12355,1,2311,0,9558,0,486,1,2767,0,5031,1,7798,California
Mariposa,2021-06-29,4,12359,0,2311,3,9561,1,487,2,2768,2,5033,3,7801,California
Mariposa,2021-06-30,2,12361,0,2311,1,9562,1,488,0,2767,2,5035,1,7802,California
Mariposa,2021-07-01,21,12382,17,2328,2,9564,2,490,8,2764,13,5048,10,7812,California
Mariposa,2021-07-02,1,12383,1,2329,0,9564,0,490,1,2765,0,5048,1,7813,California
Mendocino,2020-12-17,70,70,70,70,0,0,0,0,70,70,0,0,70,70,California
Mendocino,2020-12-18,85,155,84,154,1,1,0,0,84,154,0,0,84,154,California
Mendocino,2020-12-19,4,159,4,158,0,1,0,0,4,158,0,0,4,158,California
Mendocino,2020-12-20,7,166,7,165,0,1,0,0,7,165,0,0,7,165,California
Mendocino,2020-12-21,238,404,238,403,0,1,0,0,77,242,0,0,77,242,California
Mendocino,2020-12-22,253,657,192,595,61,62,0,0,253,495,0,0,253,495,California
Mendocino,2020-12-23,272,929,48,643,224,286,0,0,271,766,0,0,271,766,California
Mendocino,2020-12-24,49,978,8,651,41,327,0,0,49,815,0,0,49,815,California
Mendocino,2020-12-25,1,979,0,651,1,328,0,0,1,816,0,0,1,816,California
Mendocino,2020-12-26,2,981,2,653,0,328,0,0,2,818,0,0,2,818,California
Mendocino,2020-12-27,1,982,0,653,1,329,0,0,1,819,0,0,1,819,California
Mendocino,2020-12-28,74,1056,9,662,65,394,0,0,74,893,0,0,74,893,California
Mendocino,2020-12-29,122,1178,61,723,61,455,0,0,122,1015,0,0,122,1015,California
Mendocino,2020-12-30,122,1300,69,792,53,508,0,0,122,1137,0,0,122,1137,California
Mendocino,2020-12-31,132,1432,97,889,35,543,0,0,132,1269,0,0,132,1269,California
Mendocino,2021-01-01,10,1442,7,896,3,546,0,0,10,1279,0,0,10,1279,California
Mendocino,2021-01-02,1,1443,1,897,0,546,0,0,1,1280,0,0,1,1280,California
Mendocino,2021-01-04,838,2281,18,915,820,1366,0,0,838,2118,0,0,838,2118,California
Mendocino,2021-01-05,71,2352,36,951,35,1401,0,0,58,2163,13,13,58,2176,California
Mendocino,2021-01-06,158,2510,136,1087,22,1423,0,0,148,2301,10,23,148,2324,California
Mendocino,2021-01-07,361,2871,239,1326,122,1545,0,0,298,2536,63,86,298,2622,California
Mendocino,2021-01-08,95,2966,82,1408,13,1558,0,0,41,2524,54,140,42,2664,California
Mendocino,2021-01-09,10,2976,6,1414,4,1562,0,0,8,2530,2,142,8,2672,California
Mendocino,2021-01-10,9,2985,8,1422,1,1563,0,0,2,2525,7,149,2,2674,California
Mendocino,2021-01-11,103,3088,93,1515,10,1573,0,0,45,2513,57,206,45,2719,California
Mendocino,2021-01-12,389,3477,379,1894,10,1583,0,0,272,2668,117,323,272,2991,California
Mendocino,2021-01-13,496,3973,149,2043,347,1930,0,0,451,3077,43,366,452,3443,California
Mendocino,2021-01-14,655,4628,20,2063,635,2565,0,0,646,3714,9,375,646,4089,California
Mendocino,2021-01-15,1879,6507,868,2931,1011,3576,0,0,1874,5584,5,380,1875,5964,California
Mendocino,2021-01-16,790,7297,48,2979,742,4318,0,0,788,6370,2,382,788,6752,California
Mendocino,2021-01-17,554,7851,1,2980,553,4871,0,0,553,6922,1,383,553,7305,California
Mendocino,2021-01-18,487,8338,462,3442,25,4896,0,0,475,7385,12,395,475,7780,California
Mendocino,2021-01-19,337,8675,151,3593,186,5082,0,0,159,7366,178,573,159,7939,California
Mendocino,2021-01-20,559,9234,410,4003,149,5231,0,0,452,7714,105,678,453,8392,California
Mendocino,2021-01-21,539,9773,226,4229,313,5544,0,0,352,7880,186,864,352,8744,California
Mendocino,2021-01-22,152,9925,61,4290,91,5635,0,0,112,7952,40,904,112,8856,California
Mendocino,2021-01-23,156,10081,85,4375,71,5706,0,0,150,8096,6,910,150,9006,California
Mendocino,2021-01-24,5,10086,3,4378,2,5708,0,0,5,8101,0,910,5,9011,California
Mendocino,2021-01-25,192,10278,18,4396,174,5882,0,0,122,8153,70,980,122,9133,California
Mendocino,2021-01-26,154,10432,54,4450,100,5982,0,0,95,8189,59,1039,95,9228,California
Mendocino,2021-01-27,445,10877,374,4824,71,6053,0,0,178,8107,260,1299,178,9406,California
Mendocino,2021-01-28,605,11482,542,5366,63,6116,0,0,509,8521,95,1394,509,9915,California
Mendocino,2021-01-29,392,11874,352,5718,40,6156,0,0,363,8856,29,1423,364,10279,California
Mendocino,2021-01-30,50,11924,31,5749,19,6175,0,0,43,8892,7,1430,43,10322,California
Mendocino,2021-01-31,275,12199,2,5751,273,6448,0,0,4,8625,271,1701,4,10326,California
Mendocino,2021-02-01,383,12582,54,5805,329,6777,0,0,60,8362,323,2024,60,10386,California
Mendocino,2021-02-02,747,13329,526,6331,221,6998,0,0,385,8385,362,2386,385,10771,California
Mendocino,2021-02-03,398,13727,209,6540,189,7187,0,0,226,8441,170,2556,226,10997,California
Mendocino,2021-02-04,630,14357,534,7074,96,7283,0,0,502,8815,128,2684,502,11499,California
Mendocino,2021-02-05,1307,15664,1217,8291,90,7373,0,0,588,8686,717,3401,588,12087,California
Mendocino,2021-02-06,558,16222,159,8450,399,7772,0,0,543,9214,15,3416,543,12630,California
Mendocino,2021-02-07,34,16256,30,8480,4,7776,0,0,34,9248,0,3416,34,12664,California
Mendocino,2021-02-08,753,17009,720,9200,33,7809,0,0,287,9069,466,3882,287,12951,California
Mendocino,2021-02-09,143,17152,60,9260,83,7892,0,0,89,9104,54,3936,89,13040,California
Mendocino,2021-02-10,1491,18643,925,10185,566,8458,0,0,743,9106,741,4677,743,13783,California
Mendocino,2021-02-11,1214,19857,209,10394,1005,9463,0,0,299,8490,915,5592,299,14082,California
Mendocino,2021-02-12,1459,21316,162,10556,1297,10760,0,0,658,8348,800,6392,658,14740,California
Mendocino,2021-02-13,507,21823,14,10570,493,11253,0,0,104,8055,402,6794,109,14849,California
Mendocino,2021-02-14,695,22518,4,10574,691,11944,0,0,135,7630,560,7354,135,14984,California
Mendocino,2021-02-15,334,22852,43,10617,291,12235,0,0,175,7647,158,7512,175,15159,California
Mendocino,2021-02-16,200,23052,51,10668,149,12384,0,0,128,7703,72,7584,128,15287,California
Mendocino,2021-02-17,1363,24415,1200,11868,163,12547,0,0,880,8102,481,8065,880,16167,California
Mendocino,2021-02-18,1822,26237,676,12544,1146,13693,0,0,1230,8742,590,8655,1230,17397,California
Mendocino,2021-02-19,760,26997,153,12697,607,14300,0,0,616,9216,144,8799,618,18015,California
Mendocino,2021-02-20,578,27575,550,13247,28,14328,0,0,546,9732,30,8829,546,18561,California
Mendocino,2021-02-21,327,27902,9,13256,318,14646,0,0,314,10034,12,8841,314,18875,California
Mendocino,2021-02-22,167,28069,31,13287,136,14782,0,0,71,10011,94,8935,71,18946,California
Mendocino,2021-02-23,869,28938,855,14142,14,14796,0,0,653,10450,214,9149,653,19599,California
Mendocino,2021-02-24,1857,30795,1774,15916,83,14879,0,0,1435,11470,417,9566,1437,21036,California
Mendocino,2021-02-25,1719,32514,544,16460,1175,16054,0,0,1289,12331,428,9994,1289,22325,California
Mendocino,2021-02-26,1416,33930,750,17210,666,16720,0,0,1048,13014,365,10359,1048,23373,California
Mendocino,2021-02-27,203,34133,153,17363,50,16770,0,0,78,12968,124,10483,78,23451,California
Mendocino,2021-02-28,37,34170,14,17377,23,16793,0,0,24,12979,13,10496,24,23475,California
Mendocino,2021-03-01,592,34762,547,17924,45,16838,0,0,550,13490,39,10535,550,24025,California
Mendocino,2021-03-02,75,34837,28,17952,47,16885,0,0,42,13500,32,10567,42,24067,California
Mendocino,2021-03-03,2036,36873,1334,19286,702,17587,0,0,1384,14234,650,11217,1384,25451,California
Mendocino,2021-03-04,1853,38726,152,19438,1701,19288,0,0,1632,15650,218,11435,1634,27085,California
Mendocino,2021-03-05,481,39207,417,19855,55,19343,9,9,374,15930,103,11538,383,27468,California
Mendocino,2021-03-06,250,39457,25,19880,198,19541,27,36,206,16120,43,11581,233,27701,California
Mendocino,2021-03-07,525,39982,27,19907,478,20019,20,56,137,15889,387,11968,156,27857,California
Mendocino,2021-03-08,123,40105,28,19935,58,20077,37,93,64,15933,57,12025,101,27958,California
Mendocino,2021-03-09,941,41046,598,20533,302,20379,41,134,832,16697,109,12134,873,28831,California
Mendocino,2021-03-10,1148,42194,984,21517,99,20478,65,199,266,16155,876,13010,334,29165,California
Mendocino,2021-03-11,849,43043,632,22149,162,20640,55,254,398,16160,448,13458,453,29618,California
Mendocino,2021-03-12,2068,45111,1057,23206,899,21539,112,366,1235,16680,827,14285,1347,30965,California
Mendocino,2021-03-13,705,45816,570,23776,77,21616,58,424,109,16255,592,14877,167,31132,California
Mendocino,2021-03-14,105,45921,3,23779,95,21711,7,431,12,16185,89,14966,19,31151,California
Mendocino,2021-03-15,602,46523,52,23831,491,22202,59,490,210,16064,389,15355,268,31419,California
Mendocino,2021-03-16,584,47107,389,24220,149,22351,46,536,116,15760,466,15821,162,31581,California
Mendocino,2021-03-17,1585,48692,1380,25600,57,22408,148,684,216,14769,1362,17183,371,31952,California
Mendocino,2021-03-18,1309,50001,248,25848,1024,23432,37,721,278,14061,1023,18206,315,32267,California
Mendocino,2021-03-19,1778,51779,855,26703,862,24294,61,782,325,13003,1446,19652,388,32655,California
Mendocino,2021-03-20,70,51849,10,26713,39,24333,21,803,12,12978,58,19710,33,32688,California
Mendocino,2021-03-21,8,51857,1,26714,2,24335,5,808,3,12981,5,19715,8,32696,California
Mendocino,2021-03-22,656,52513,611,27325,16,24351,29,837,146,12649,506,20221,174,32870,California
Mendocino,2021-03-23,165,52678,34,27359,101,24452,30,867,114,12742,51,20272,144,33014,California
Mendocino,2021-03-24,918,53596,843,28202,27,24479,48,915,111,12096,805,21077,159,33173,California
Mendocino,2021-03-25,2016,55612,54,28256,1942,26421,20,935,176,10456,1834,22911,194,33367,California
Mendocino,2021-03-26,548,56160,395,28651,127,26548,26,961,115,10164,432,23343,140,33507,California
Mendocino,2021-03-27,163,56323,33,28684,118,26666,12,973,83,10179,79,23422,94,33601,California
Mendocino,2021-03-28,28,56351,7,28691,17,26683,4,977,5,10166,22,23444,9,33610,California
Mendocino,2021-03-29,193,56544,99,28790,50,26733,44,1021,97,10211,96,23540,141,33751,California
Mendocino,2021-03-30,719,57263,634,29424,48,26781,37,1058,107,9746,609,24149,144,33895,California
Mendocino,2021-03-31,918,58181,280,29704,577,27358,61,1119,154,9200,761,24910,215,34110,California
Mendocino,2021-04-01,1754,59935,427,30131,1246,28604,81,1200,384,8305,1359,26269,464,34574,California
Mendocino,2021-04-02,1311,61246,1077,31208,161,28765,73,1273,159,7388,1149,27418,232,34806,California
Mendocino,2021-04-03,715,61961,14,31222,680,29445,21,1294,88,6875,622,28040,109,34915,California
Mendocino,2021-04-04,71,62032,35,31257,30,29475,6,1300,55,6920,16,28056,61,34976,California
Mendocino,2021-04-05,213,62245,141,31398,48,29523,24,1324,127,6982,86,28142,148,35124,California
Mendocino,2021-04-06,402,62647,125,31523,182,29705,95,1419,108,6892,294,28436,204,35328,California
Mendocino,2021-04-07,493,63140,181,31704,65,29770,247,1666,118,6883,372,28808,363,35691,California
Mendocino,2021-04-08,1499,64639,920,32624,464,30234,115,1781,1007,7519,485,29293,1121,36812,California
Mendocino,2021-04-09,760,65399,428,33052,171,30405,161,1942,397,7714,363,29656,558,37370,California
Mendocino,2021-04-10,406,65805,92,33144,268,30673,46,1988,99,7552,307,29963,145,37515,California
Mendocino,2021-04-11,121,65926,47,33191,19,30692,55,2043,59,7604,62,30025,114,37629,California
Mendocino,2021-04-12,624,66550,515,33706,48,30740,61,2104,409,7859,215,30240,470,38099,California
Mendocino,2021-04-13,291,66841,229,33935,62,30802,0,2104,223,8014,68,30308,223,38322,California
Mendocino,2021-04-14,525,67366,430,34365,95,30897,0,2104,422,8333,103,30411,422,38744,California
Mendocino,2021-04-15,662,68028,328,34693,334,31231,0,2104,387,8450,270,30681,387,39131,California
Mendocino,2021-04-16,128,68156,54,34747,73,31304,1,2105,79,8481,48,30729,79,39210,California
Mendocino,2021-04-17,195,68351,12,34759,183,31487,0,2105,68,8424,125,30854,68,39278,California
Mendocino,2021-04-18,16,68367,8,34767,8,31495,0,2105,8,8426,6,30860,8,39286,California
Mendocino,2021-04-19,542,68909,516,35283,25,31520,1,2106,429,8745,111,30971,430,39716,California
Mendocino,2021-04-20,431,69340,297,35580,134,31654,0,2106,269,8854,160,31131,269,39985,California
Mendocino,2021-04-21,199,69539,136,35716,62,31716,1,2107,118,8893,79,31210,118,40103,California
Mendocino,2021-04-22,488,70027,318,36034,169,31885,1,2108,313,9035,171,31381,313,40416,California
Mendocino,2021-04-23,861,70888,703,36737,158,32043,0,2108,699,9575,159,31540,699,41115,California
Mendocino,2021-04-24,110,70998,16,36753,94,32137,0,2108,102,9669,8,31548,102,41217,California
Mendocino,2021-04-25,58,71056,34,36787,20,32157,4,2112,18,9652,39,31587,22,41239,California
Mendocino,2021-04-26,310,71366,239,37026,66,32223,5,2117,202,9753,106,31693,207,41446,California
Mendocino,2021-04-27,208,71574,91,37117,90,32313,27,2144,95,9762,112,31805,121,41567,California
Mendocino,2021-04-28,223,71797,147,37264,57,32370,19,2163,126,9811,97,31902,146,41713,California
Mendocino,2021-04-29,1147,72944,842,38106,290,32660,15,2178,113,8910,1028,32930,127,41840,California
Mendocino,2021-04-30,608,73552,383,38489,215,32875,10,2188,229,8771,378,33308,239,42079,California
Mendocino,2021-05-01,480,74032,435,38924,37,32912,8,2196,374,9048,105,33413,382,42461,California
Mendocino,2021-05-02,56,74088,46,38970,7,32919,3,2199,8,9012,47,33460,11,42472,California
Mendocino,2021-05-03,147,74235,85,39055,41,32960,21,2220,43,8974,102,33562,64,42536,California
Mendocino,2021-05-04,379,74614,253,39308,94,33054,32,2252,142,8911,237,33799,174,42710,California
Mendocino,2021-05-05,878,75492,791,40099,72,33126,15,2267,223,8493,654,34453,236,42946,California
Mendocino,2021-05-06,634,76126,383,40482,229,33355,22,2289,156,8195,476,34929,178,43124,California
Mendocino,2021-05-07,189,76315,36,40518,128,33483,25,2314,121,8273,67,34996,145,43269,California
Mendocino,2021-05-08,126,76441,5,40523,120,33603,1,2315,110,8369,15,35011,111,43380,California
Mendocino,2021-05-09,22,76463,7,40530,14,33617,1,2316,5,8358,17,35028,6,43386,California
Mendocino,2021-05-10,244,76707,161,40691,78,33695,5,2321,151,8421,93,35121,156,43542,California
Mendocino,2021-05-11,279,76986,143,40834,118,33813,18,2339,130,8419,148,35269,146,43688,California
Mendocino,2021-05-12,143,77129,81,40915,54,33867,8,2347,44,8374,97,35366,52,43740,California
Mendocino,2021-05-13,1236,78365,1122,42037,97,33964,17,2364,322,7800,913,36279,339,44079,California
Mendocino,2021-05-14,721,79086,491,42528,167,34131,63,2427,247,7641,469,36748,310,44389,California
Mendocino,2021-05-15,85,79171,29,42557,52,34183,4,2431,40,7640,45,36793,44,44433,California
Mendocino,2021-05-16,117,79288,104,42661,11,34194,2,2433,99,7725,17,36810,102,44535,California
Mendocino,2021-05-17,177,79465,84,42745,77,34271,16,2449,101,7766,76,36886,117,44652,California
Mendocino,2021-05-18,245,79710,118,42863,99,34370,28,2477,108,7765,136,37022,135,44787,California
Mendocino,2021-05-19,329,80039,191,43054,117,34487,21,2498,243,7946,83,37105,264,45051,California
Mendocino,2021-05-20,297,80336,116,43170,139,34626,42,2540,105,7904,189,37294,147,45198,California
Mendocino,2021-05-21,654,80990,475,43645,164,34790,15,2555,507,8280,146,37440,522,45720,California
Mendocino,2021-05-22,785,81775,675,44320,102,34892,8,2563,240,7984,544,37984,248,45968,California
Mendocino,2021-05-23,29,81804,12,44332,10,34902,7,2570,15,7992,13,37997,21,45989,California
Mendocino,2021-05-24,129,81933,45,44377,63,34965,21,2591,61,8007,67,38064,82,46071,California
Mendocino,2021-05-25,296,82229,177,44554,89,35054,30,2621,135,8011,160,38224,164,46235,California
Mendocino,2021-05-26,324,82553,244,44798,68,35122,12,2633,131,7962,192,38416,143,46378,California
Mendocino,2021-05-27,246,82799,112,44910,112,35234,22,2655,102,7943,142,38558,123,46501,California
Mendocino,2021-05-28,237,83036,98,45008,126,35360,13,2668,152,8026,83,38641,166,46667,California
Mendocino,2021-05-29,48,83084,17,45025,26,35386,5,2673,24,8031,24,38665,29,46696,California
Mendocino,2021-05-30,15,83099,2,45027,12,35398,1,2674,10,8037,5,38670,11,46707,California
Mendocino,2021-05-31,6,83105,0,45027,5,35403,1,2675,2,8037,3,38673,3,46710,California
Mendocino,2021-06-01,313,83418,105,45132,199,35602,9,2684,83,7899,230,38903,92,46802,California
Mendocino,2021-06-02,155,83573,58,45190,89,35691,8,2692,54,7863,98,39001,62,46864,California
Mendocino,2021-06-03,559,84132,457,45647,93,35784,9,2701,124,7568,428,39429,133,46997,California
Mendocino,2021-06-04,318,84450,192,45839,103,35887,23,2724,86,7446,231,39660,109,47106,California
Mendocino,2021-06-05,227,84677,94,45933,115,36002,18,2742,74,7387,151,39811,92,47198,California
Mendocino,2021-06-06,63,84740,58,45991,2,36004,3,2745,2,7331,61,39872,5,47203,California
Mendocino,2021-06-07,148,84888,71,46062,65,36069,12,2757,59,7313,89,39961,71,47274,California
Mendocino,2021-06-08,244,85132,143,46205,87,36156,14,2771,110,7308,129,40090,124,47398,California
Mendocino,2021-06-09,312,85444,249,46454,53,36209,10,2781,108,7223,203,40293,118,47516,California
Mendocino,2021-06-10,130,85574,69,46523,45,36254,16,2797,57,7223,73,40366,73,47589,California
Mendocino,2021-06-11,749,86323,589,47112,132,36386,28,2825,123,6750,624,40990,151,47740,California
Mendocino,2021-06-12,78,86401,53,47165,19,36405,6,2831,28,6735,49,41039,34,47774,California
Mendocino,2021-06-13,29,86430,16,47181,11,36416,2,2833,15,6739,13,41052,17,47791,California
Mendocino,2021-06-14,131,86561,59,47240,53,36469,19,2852,49,6725,81,41133,67,47858,California
Mendocino,2021-06-15,259,86820,166,47406,74,36543,19,2871,83,6651,176,41309,102,47960,California
Mendocino,2021-06-16,270,87090,168,47574,80,36623,22,2893,66,6537,202,41511,88,48048,California
Mendocino,2021-06-17,170,87260,89,47663,64,36687,17,2910,55,6495,114,41625,72,48120,California
Mendocino,2021-06-18,281,87541,128,47791,123,36810,30,2940,80,6405,199,41824,109,48229,California
Mendocino,2021-06-19,76,87617,43,47834,26,36836,7,2947,17,6370,59,41883,24,48253,California
Mendocino,2021-06-20,12,87629,4,47838,4,36840,4,2951,7,6376,5,41888,11,48264,California
Mendocino,2021-06-21,100,87729,34,47872,55,36895,11,2962,43,6375,54,41942,53,48317,California
Mendocino,2021-06-22,133,87862,86,47958,34,36929,13,2975,56,6369,75,42017,69,48386,California
Mendocino,2021-06-23,227,88089,160,48118,37,36966,30,3005,101,6374,126,42143,131,48517,California
Mendocino,2021-06-24,194,88283,110,48228,70,37036,14,3019,73,6341,120,42263,87,48604,California
Mendocino,2021-06-25,184,88467,97,48325,74,37110,13,3032,71,6313,112,42375,84,48688,California
Mendocino,2021-06-26,72,88539,47,48372,21,37131,4,3036,21,6287,51,42426,25,48713,California
Mendocino,2021-06-27,23,88562,13,48385,9,37140,1,3037,13,6291,10,42436,14,48727,California
Mendocino,2021-06-28,64,88626,43,48428,11,37151,10,3047,20,6279,42,42478,30,48757,California
Mendocino,2021-06-29,140,88766,104,48532,35,37186,1,3048,39,6218,101,42579,40,48797,California
Mendocino,2021-06-30,181,88947,147,48679,27,37213,7,3055,57,6160,123,42702,65,48862,California
Mendocino,2021-07-01,102,89049,61,48740,35,37248,6,3061,62,6189,39,42741,68,48930,California
Mendocino,2021-07-02,98,89147,65,48805,30,37278,3,3064,50,6195,47,42788,53,48983,California
Mendocino,2021-07-03,35,89182,26,48831,7,37285,2,3066,16,6194,19,42807,18,49001,California
Mendocino,2021-07-04,1,89183,0,48831,1,37286,0,3066,1,6195,0,42807,1,49002,California
Merced,2020-12-16,3,3,3,3,0,0,0,0,3,3,0,0,3,3,California
Merced,2020-12-17,9,12,9,12,0,0,0,0,9,12,0,0,9,12,California
Merced,2020-12-18,147,159,147,159,0,0,0,0,147,159,0,0,147,159,California
Merced,2020-12-19,38,197,38,197,0,0,0,0,38,197,0,0,38,197,California
Merced,2020-12-20,18,215,18,215,0,0,0,0,18,215,0,0,18,215,California
Merced,2020-12-21,125,340,122,337,3,3,0,0,125,340,0,0,125,340,California
Merced,2020-12-22,153,493,153,490,0,3,0,0,153,493,0,0,153,493,California
Merced,2020-12-23,255,748,248,738,7,10,0,0,255,748,0,0,255,748,California
Merced,2020-12-24,72,820,72,810,0,10,0,0,72,820,0,0,72,820,California
Merced,2020-12-25,4,824,4,814,0,10,0,0,4,824,0,0,4,824,California
Merced,2020-12-26,6,830,3,817,3,13,0,0,6,830,0,0,6,830,California
Merced,2020-12-27,12,842,11,828,1,14,0,0,12,842,0,0,12,842,California
Merced,2020-12-28,123,965,98,926,25,39,0,0,123,965,0,0,123,965,California
Merced,2020-12-29,193,1158,123,1049,70,109,0,0,193,1158,0,0,193,1158,California
Merced,2020-12-30,218,1376,90,1139,128,237,0,0,218,1376,0,0,218,1376,California
Merced,2020-12-31,102,1478,33,1172,69,306,0,0,102,1478,0,0,102,1478,California
Merced,2021-01-01,6,1484,1,1173,5,311,0,0,6,1484,0,0,6,1484,California
Merced,2021-01-02,129,1613,118,1291,11,322,0,0,129,1613,0,0,129,1613,California
Merced,2021-01-03,9,1622,5,1296,4,326,0,0,9,1622,0,0,9,1622,California
Merced,2021-01-04,82,1704,42,1338,40,366,0,0,82,1704,0,0,82,1704,California
Merced,2021-01-05,330,2034,235,1573,95,461,0,0,324,2024,6,6,326,2030,California
Merced,2021-01-06,259,2293,106,1679,153,614,0,0,251,2269,8,14,253,2283,California
Merced,2021-01-07,188,2481,84,1763,104,718,0,0,175,2430,14,28,175,2458,California
Merced,2021-01-08,527,3008,394,2157,133,851,0,0,374,2652,152,180,374,2832,California
Merced,2021-01-09,22,3030,9,2166,13,864,0,0,17,2664,5,185,17,2849,California
Merced,2021-01-10,11,3041,7,2173,4,868,0,0,7,2667,4,189,7,2856,California
Merced,2021-01-11,230,3271,172,2345,58,926,0,0,101,2641,129,318,103,2959,California
Merced,2021-01-12,298,3569,173,2518,125,1051,0,0,248,2838,51,369,248,3207,California
Merced,2021-01-13,394,3963,178,2696,216,1267,0,0,239,2926,154,523,242,3449,California
Merced,2021-01-14,328,4291,205,2901,123,1390,0,0,161,2922,166,689,162,3611,California
Merced,2021-01-15,593,4884,133,3034,460,1850,0,0,554,3439,40,729,557,4168,California
Merced,2021-01-16,214,5098,130,3164,84,1934,0,0,197,3619,17,746,197,4365,California
Merced,2021-01-17,51,5149,12,3176,39,1973,0,0,49,3666,2,748,49,4414,California
Merced,2021-01-18,269,5418,130,3306,139,2112,0,0,244,3889,25,773,248,4662,California
Merced,2021-01-19,715,6133,589,3895,126,2238,0,0,542,4266,172,945,549,5211,California
Merced,2021-01-20,574,6707,468,4363,106,2344,0,0,517,4729,57,1002,520,5731,California
Merced,2021-01-21,1030,7737,654,5017,376,2720,0,0,927,5557,102,1104,930,6661,California
Merced,2021-01-22,1321,9058,697,5714,624,3344,0,0,1292,6833,28,1132,1304,7965,California
Merced,2021-01-23,333,9391,199,5913,134,3478,0,0,226,6952,107,1239,226,8191,California
Merced,2021-01-24,36,9427,15,5928,21,3499,0,0,28,6973,7,1246,28,8219,California
Merced,2021-01-25,744,10171,244,6172,500,3999,0,0,682,7595,61,1307,683,8902,California
Merced,2021-01-26,947,11118,488,6660,459,4458,0,0,690,8057,229,1536,691,9593,California
Merced,2021-01-27,1006,12124,590,7250,416,4874,0,0,833,8719,171,1707,833,10426,California
Merced,2021-01-28,1160,13284,596,7846,564,5438,0,0,1036,9634,123,1830,1038,11464,California
Merced,2021-01-29,874,14158,314,8160,560,5998,0,0,620,10015,242,2072,623,12087,California
Merced,2021-01-30,269,14427,28,8188,241,6239,0,0,252,10250,17,2089,252,12339,California
Merced,2021-01-31,48,14475,11,8199,37,6276,0,0,47,10296,1,2090,47,12386,California
Merced,2021-02-01,396,14871,51,8250,345,6621,0,0,343,10589,51,2141,344,12730,California
Merced,2021-02-02,315,15186,183,8433,132,6753,0,0,186,10650,126,2267,187,12917,California
Merced,2021-02-03,364,15550,80,8513,284,7037,0,0,182,10651,181,2448,182,13099,California
Merced,2021-02-04,390,15940,161,8674,229,7266,0,0,256,10775,133,2581,257,13356,California
Merced,2021-02-05,522,16462,179,8853,343,7609,0,0,281,10819,239,2820,283,13639,California
Merced,2021-02-06,395,16857,221,9074,174,7783,0,0,251,10930,141,2961,252,13891,California
Merced,2021-02-07,21,16878,13,9087,8,7791,0,0,14,10937,7,2968,14,13905,California
Merced,2021-02-08,290,17168,200,9287,90,7881,0,0,178,11006,110,3078,179,14084,California
Merced,2021-02-09,1230,18398,966,10253,264,8145,0,0,782,11349,440,3518,783,14867,California
Merced,2021-02-10,1906,20304,1445,11698,461,8606,0,0,1308,12069,588,4106,1308,16175,California
Merced,2021-02-11,2564,22868,2043,13741,521,9127,0,0,1843,13205,708,4814,1844,18019,California
Merced,2021-02-12,1745,24613,1028,14769,717,9844,0,0,765,13012,961,5775,768,18787,California
Merced,2021-02-13,370,24983,211,14980,159,10003,0,0,269,13187,96,5871,271,19058,California
Merced,2021-02-14,119,25102,27,15007,92,10095,0,0,97,13263,22,5893,98,19156,California
Merced,2021-02-15,279,25381,43,15050,236,10331,0,0,171,13334,101,5994,172,19328,California
Merced,2021-02-16,1238,26619,856,15906,382,10713,0,0,847,13814,371,6365,851,20179,California
Merced,2021-02-17,1913,28532,1666,17572,247,10960,0,0,1334,14597,559,6924,1342,21521,California
Merced,2021-02-18,1280,29812,874,18446,406,11366,0,0,452,14246,807,7731,456,21977,California
Merced,2021-02-19,1292,31104,440,18886,852,12218,0,0,554,14070,732,8463,556,22533,California
Merced,2021-02-20,291,31395,34,18920,257,12475,0,0,144,14069,145,8608,144,22677,California
Merced,2021-02-21,84,31479,68,18988,16,12491,0,0,31,14049,51,8659,31,22708,California
Merced,2021-02-22,850,32329,298,19286,552,13043,0,0,485,14173,363,9022,487,23195,California
Merced,2021-02-23,1117,33446,433,19719,684,13727,0,0,646,14357,465,9487,649,23844,California
Merced,2021-02-24,861,34307,310,20029,551,14278,0,0,456,14421,393,9880,457,24301,California
Merced,2021-02-25,1831,36138,912,20941,919,15197,0,0,1346,15289,481,10361,1349,25650,California
Merced,2021-02-26,2225,38363,1414,22355,811,16008,0,0,1760,16597,453,10814,1761,27411,California
Merced,2021-02-27,2633,40996,1196,23551,1437,17445,0,0,2341,18647,291,11105,2341,29752,California
Merced,2021-02-28,324,41320,76,23627,247,17692,1,1,257,18841,63,11168,257,30009,California
Merced,2021-03-01,1162,42482,287,23914,874,18566,1,2,788,19266,364,11532,789,30798,California
Merced,2021-03-02,1896,44378,1038,24952,857,19423,1,3,1486,20353,403,11935,1490,32288,California
Merced,2021-03-03,2474,46852,1970,26922,503,19926,1,4,1698,21298,755,12690,1700,33988,California
Merced,2021-03-04,3153,50005,2526,29448,625,20551,2,6,2162,22492,971,13661,2165,36153,California
Merced,2021-03-05,2359,52364,1472,30920,863,21414,24,30,1804,23780,541,14202,1829,37982,California
Merced,2021-03-06,1180,53544,670,31590,488,21902,22,52,912,24447,267,14469,934,38916,California
Merced,2021-03-07,232,53776,66,31656,141,22043,25,77,203,24646,29,14498,228,39144,California
Merced,2021-03-08,1559,55335,948,32604,546,22589,65,142,1324,25800,234,14732,1388,40532,California
Merced,2021-03-09,1891,57226,1146,33750,637,23226,108,250,1222,26470,660,15392,1330,41862,California
Merced,2021-03-10,2966,60192,1989,35739,777,24003,200,450,1637,27000,1311,16703,1841,43703,California
Merced,2021-03-11,2221,62413,837,36576,1180,25183,204,654,1233,27490,968,17671,1458,45161,California
Merced,2021-03-12,2549,64962,1113,37689,1161,26344,275,929,1657,28547,887,18558,1944,47105,California
Merced,2021-03-13,1032,65994,322,38011,468,26812,242,1171,712,29187,312,18870,952,48057,California
Merced,2021-03-14,268,66262,155,38166,83,26895,30,1201,151,29255,113,18983,181,48238,California
Merced,2021-03-15,1719,67981,670,38836,792,27687,257,1458,1184,30171,524,19507,1440,49678,California
Merced,2021-03-16,1665,69646,880,39716,558,28245,227,1685,1142,31030,511,20018,1370,51048,California
Merced,2021-03-17,2320,71966,1391,41107,748,28993,181,1866,1843,32590,465,20483,2025,53073,California
Merced,2021-03-18,2268,74234,1383,42490,735,29728,150,2016,1410,33323,840,21323,1573,54646,California
Merced,2021-03-19,2807,77041,1584,44074,1028,30756,195,2211,1402,33527,1392,22715,1596,56242,California
Merced,2021-03-20,2468,79509,1532,45606,540,31296,396,2607,967,33401,1493,24208,1367,57609,California
Merced,2021-03-21,569,80078,345,45951,211,31507,13,2620,448,33744,120,24328,463,58072,California
Merced,2021-03-22,1283,81361,642,46593,564,32071,77,2697,894,34337,380,24708,973,59045,California
Merced,2021-03-23,1977,83338,1233,47826,678,32749,66,2763,1372,35181,594,25302,1438,60483,California
Merced,2021-03-24,1726,85064,1169,48995,521,33270,36,2799,1003,35510,710,26012,1039,61522,California
Merced,2021-03-25,3628,88692,2559,51554,1046,34316,23,2822,2123,36177,1482,27494,2149,63671,California
Merced,2021-03-26,2209,90901,1347,52901,825,35141,37,2859,903,35840,1276,28770,939,64610,California
Merced,2021-03-27,3601,94502,1927,54828,1251,36392,423,3282,1570,35819,2015,30785,1994,66604,California
Merced,2021-03-28,525,95027,217,55045,301,36693,7,3289,213,35731,309,31094,221,66825,California
Merced,2021-03-29,1961,96988,891,55936,898,37591,172,3461,681,35319,1267,32361,855,67680,California
Merced,2021-03-30,2294,99282,922,56858,1313,38904,59,3520,1011,35114,1277,33638,1072,68752,California
Merced,2021-03-31,2392,101674,1486,58344,721,39625,185,3705,993,34918,1374,35012,1178,69930,California
Merced,2021-04-01,2603,104277,1062,59406,1183,40808,358,4063,1067,34821,1521,36533,1424,71354,California
Merced,2021-04-02,2482,106759,750,60156,1309,42117,423,4486,799,34395,1638,38171,1212,72566,California
Merced,2021-04-03,1098,107857,607,60763,472,42589,19,4505,668,34663,420,38591,688,73254,California
Merced,2021-04-04,374,108231,143,60906,227,42816,4,4509,141,34578,231,38822,146,73400,California
Merced,2021-04-05,1510,109741,830,61736,467,43283,213,4722,412,34115,1088,39910,625,74025,California
Merced,2021-04-06,2613,112354,1070,62806,713,43996,830,5552,892,34123,1713,41623,1721,75746,California
Merced,2021-04-07,1923,114277,1135,63941,680,44676,108,5660,594,33540,1288,42911,705,76451,California
Merced,2021-04-08,2508,116785,1354,65295,934,45610,220,5880,992,33282,1466,44377,1208,77659,California
Merced,2021-04-09,1713,118498,483,65778,652,46262,578,6458,559,33288,1132,45509,1138,78797,California
Merced,2021-04-10,987,119485,371,66149,428,46690,188,6646,178,32849,803,46312,364,79161,California
Merced,2021-04-11,488,119973,281,66430,72,46762,135,6781,147,32793,339,46651,283,79444,California
Merced,2021-04-12,1527,121500,999,67429,404,47166,124,6905,871,33173,616,47267,996,80440,California
Merced,2021-04-13,2063,123563,1475,68904,586,47752,2,6907,935,33086,1028,48295,941,81381,California
Merced,2021-04-14,2256,125819,1396,70300,860,48612,0,6907,1046,33059,1074,49369,1047,82428,California
Merced,2021-04-15,3056,128875,1993,72293,1063,49675,0,6907,941,32127,1877,51246,945,83373,California
Merced,2021-04-16,2418,131293,1175,73468,1243,50918,0,6907,962,31741,1348,52594,962,84335,California
Merced,2021-04-17,2156,133449,1482,74950,673,51591,1,6908,663,30923,1485,54079,667,85002,California
Merced,2021-04-18,523,133972,298,75248,225,51816,0,6908,199,30826,296,54375,199,85201,California
Merced,2021-04-19,1379,135351,763,76011,616,52432,0,6908,711,30970,567,54942,711,85912,California
Merced,2021-04-20,1559,136910,797,76808,762,53194,0,6908,813,31110,673,55615,813,86725,California
Merced,2021-04-21,1652,138562,1039,77847,613,53807,0,6908,804,31183,732,56347,805,87530,California
Merced,2021-04-22,1723,140285,794,78641,929,54736,0,6908,786,31126,844,57191,787,88317,California
Merced,2021-04-23,1715,142000,733,79374,982,55718,0,6908,925,31311,741,57932,926,89243,California
Merced,2021-04-24,886,142886,707,80081,179,55897,0,6908,556,31542,325,58257,556,89799,California
Merced,2021-04-25,334,143220,192,80273,142,56039,0,6908,193,31599,137,58394,194,89993,California
Merced,2021-04-26,1291,144511,561,80834,730,56769,0,6908,648,31643,606,59000,650,90643,California
Merced,2021-04-27,1842,146353,938,81772,892,57661,12,6920,744,31372,1027,60027,756,91399,California
Merced,2021-04-28,1445,147798,727,82499,710,58371,8,6928,821,31604,598,60625,830,92229,California
Merced,2021-04-29,1512,149310,684,83183,803,59174,25,6953,717,31564,784,61409,744,92973,California
Merced,2021-04-30,1519,150829,655,83838,820,59994,44,6997,785,31667,727,62136,830,93803,California
Merced,2021-05-01,567,151396,242,84080,321,60315,4,7001,266,31641,295,62431,269,94072,California
Merced,2021-05-02,304,151700,122,84202,167,60482,15,7016,126,31606,177,62608,142,94214,California
Merced,2021-05-03,876,152576,574,84776,228,60710,74,7090,315,31440,557,63165,391,94605,California
Merced,2021-05-04,1082,153658,592,85368,438,61148,52,7142,396,31209,679,63844,448,95053,California
Merced,2021-05-05,1473,155131,964,86332,433,61581,76,7218,646,31119,812,64656,722,95775,California
Merced,2021-05-06,953,156084,509,86841,394,61975,50,7268,317,30858,628,65284,367,96142,California
Merced,2021-05-07,1180,157264,520,87361,618,62593,42,7310,460,30649,714,65998,505,96647,California
Merced,2021-05-08,451,157715,252,87613,163,62756,36,7346,219,30673,231,66229,255,96902,California
Merced,2021-05-09,214,157929,106,87719,101,62857,7,7353,96,30659,117,66346,103,97005,California
Merced,2021-05-10,728,158657,384,88103,307,63164,37,7390,201,30374,524,66870,239,97244,California
Merced,2021-05-11,1204,159861,723,88826,421,63585,60,7450,476,30188,722,67592,536,97780,California
Merced,2021-05-12,1122,160983,644,89470,436,64021,42,7492,386,29884,733,68325,429,98209,California
Merced,2021-05-13,949,161932,539,90009,368,64389,42,7534,427,29836,517,68842,469,98678,California
Merced,2021-05-14,1081,163013,665,90674,376,64765,40,7574,569,29939,506,69348,609,99287,California
Merced,2021-05-15,767,163780,580,91254,168,64933,19,7593,452,30109,303,69651,473,99760,California
Merced,2021-05-16,370,164150,253,91507,108,65041,9,7602,215,30181,153,69804,225,99985,California
Merced,2021-05-17,1110,165260,723,92230,357,65398,30,7632,543,30195,560,70364,574,100559,California
Merced,2021-05-18,1290,166550,861,93091,398,65796,31,7663,712,30367,571,70935,743,101302,California
Merced,2021-05-19,1154,167704,762,93853,385,66181,7,7670,645,30518,505,71440,656,101958,California
Merced,2021-05-20,1067,168771,565,94418,446,66627,56,7726,403,30317,662,72102,461,102419,California
Merced,2021-05-21,1202,169973,695,95113,479,67106,28,7754,486,30128,704,72806,515,102934,California
Merced,2021-05-22,768,170741,550,95663,205,67311,13,7767,457,30292,309,73115,473,103407,California
Merced,2021-05-23,359,171100,259,95922,87,67398,13,7780,235,30417,123,73238,248,103655,California
Merced,2021-05-24,635,171735,273,96195,331,67729,31,7811,233,30287,395,73633,265,103920,California
Merced,2021-05-25,776,172511,436,96631,306,68035,34,7845,391,30331,380,74013,424,104344,California
Merced,2021-05-26,1006,173517,558,97189,415,68450,33,7878,400,30161,604,74617,434,104778,California
Merced,2021-05-27,931,174448,655,97844,240,68690,36,7914,558,30387,369,74986,595,105373,California
Merced,2021-05-28,776,175224,352,98196,378,69068,46,7960,333,30332,434,75420,379,105752,California
Merced,2021-05-29,393,175617,273,98469,112,69180,8,7968,160,30271,230,75650,169,105921,California
Merced,2021-05-30,215,175832,146,98615,58,69238,11,7979,130,30327,85,75735,141,106062,California
Merced,2021-05-31,111,175943,25,98640,80,69318,6,7985,31,30287,78,75813,38,106100,California
Merced,2021-06-01,866,176809,542,99182,290,69608,34,8019,316,30092,545,76358,350,106450,California
Merced,2021-06-02,756,177565,484,99666,246,69854,26,8045,341,30051,408,76766,367,106817,California
Merced,2021-06-03,764,178329,485,100151,245,70099,34,8079,301,29929,457,77223,335,107152,California
Merced,2021-06-04,836,179165,453,100604,361,70460,22,8101,306,29735,523,77746,329,107481,California
Merced,2021-06-05,511,179676,404,101008,95,70555,12,8113,190,29621,316,78062,202,107683,California
Merced,2021-06-06,228,179904,192,101200,30,70585,6,8119,80,29559,148,78210,86,107769,California
Merced,2021-06-07,665,180569,533,101733,119,70704,13,8132,195,29299,470,78680,210,107979,California
Merced,2021-06-08,865,181434,640,102373,201,70905,24,8156,272,29007,588,79268,296,108275,California
Merced,2021-06-09,884,182318,651,103024,218,71123,15,8171,264,28678,609,79877,280,108555,California
Merced,2021-06-10,649,182967,449,103473,180,71303,20,8191,264,28583,379,80256,284,108839,California
Merced,2021-06-11,578,183545,367,103840,196,71499,15,8206,241,28507,334,80590,258,109097,California
Merced,2021-06-12,591,184136,483,104323,85,71584,23,8229,176,28292,414,81004,199,109296,California
Merced,2021-06-13,255,184391,133,104456,117,71701,5,8234,62,28166,193,81197,67,109363,California
Merced,2021-06-14,554,184945,364,104820,156,71857,34,8268,254,28158,297,81494,289,109652,California
Merced,2021-06-15,789,185734,560,105380,202,72059,27,8295,269,27943,512,82006,297,109949,California
Merced,2021-06-16,721,186455,499,105879,200,72259,22,8317,327,27908,384,82390,349,110298,California
Merced,2021-06-17,739,187194,563,106442,145,72404,31,8348,238,27684,493,82883,269,110567,California
Merced,2021-06-18,778,187972,510,106952,237,72641,31,8379,390,27724,381,83264,421,110988,California
Merced,2021-06-19,366,188338,252,107204,87,72728,27,8406,197,27781,167,83431,224,111212,California
Merced,2021-06-20,238,188576,184,107388,46,72774,8,8414,140,27832,97,83528,148,111360,California
Merced,2021-06-21,322,188898,196,107584,114,72888,12,8426,200,27923,121,83649,212,111572,California
Merced,2021-06-22,515,189413,357,107941,139,73027,19,8445,254,27936,261,83910,274,111846,California
Merced,2021-06-23,580,189993,362,108303,207,73234,11,8456,288,27951,284,84194,299,112145,California
Merced,2021-06-24,543,190536,384,108687,127,73361,32,8488,250,27944,289,84483,282,112427,California
Merced,2021-06-25,488,191024,342,109029,122,73483,24,8512,254,27994,227,84710,277,112704,California
Merced,2021-06-26,186,191210,127,109156,53,73536,6,8518,91,27999,93,84803,98,112802,California
Merced,2021-06-27,196,191406,145,109301,39,73575,12,8530,120,28055,76,84879,132,112934,California
Merced,2021-06-28,337,191743,222,109523,98,73673,17,8547,176,28090,158,85037,193,113127,California
Merced,2021-06-29,332,192075,196,109719,114,73787,22,8569,156,28093,175,85212,178,113305,California
Merced,2021-06-30,385,192460,243,109962,120,73907,22,8591,218,28170,163,85375,240,113545,California
Merced,2021-07-01,322,192782,217,110179,95,74002,10,8601,191,28242,131,85506,203,113748,California
Merced,2021-07-02,377,193159,268,110447,98,74100,11,8612,210,28300,164,85670,222,113970,California
Merced,2021-07-03,192,193351,121,110568,59,74159,12,8624,99,28319,92,85762,111,114081,California
Merced,2021-07-04,17,193368,5,110573,11,74170,1,8625,8,28319,9,85771,9,114090,California
Modoc,2020-12-16,1,1,1,1,0,0,0,0,1,1,0,0,1,1,California
Modoc,2020-12-21,99,100,99,100,0,0,0,0,99,100,0,0,99,100,California
Modoc,2020-12-22,14,114,14,114,0,0,0,0,14,114,0,0,14,114,California
Modoc,2020-12-23,4,118,4,118,0,0,0,0,4,118,0,0,4,118,California
Modoc,2020-12-24,1,119,1,119,0,0,0,0,1,119,0,0,1,119,California
Modoc,2020-12-28,2,121,2,121,0,0,0,0,2,121,0,0,2,121,California
Modoc,2020-12-29,10,131,1,122,9,9,0,0,10,131,0,0,10,131,California
Modoc,2020-12-30,7,138,0,122,7,16,0,0,7,138,0,0,7,138,California
Modoc,2021-01-02,3,141,1,123,2,18,0,0,3,141,0,0,3,141,California
Modoc,2021-01-04,8,149,0,123,8,26,0,0,8,149,0,0,8,149,California
Modoc,2021-01-05,3,152,2,125,1,27,0,0,3,152,0,0,3,152,California
Modoc,2021-01-06,3,155,2,127,1,28,0,0,2,153,1,1,2,154,California
Modoc,2021-01-07,72,227,0,127,72,100,0,0,72,225,0,1,72,226,California
Modoc,2021-01-08,105,332,0,127,105,205,0,0,105,330,0,1,105,331,California
Modoc,2021-01-10,1,333,1,128,0,205,0,0,0,329,1,2,0,331,California
Modoc,2021-01-11,90,423,81,209,9,214,0,0,19,277,71,73,19,350,California
Modoc,2021-01-12,94,517,25,234,69,283,0,0,68,319,26,99,68,418,California
Modoc,2021-01-13,24,541,4,238,20,303,0,0,22,339,2,101,22,440,California
Modoc,2021-01-14,128,669,6,244,122,425,0,0,123,457,5,106,123,563,California
Modoc,2021-01-15,6,675,1,245,5,430,0,0,6,463,0,106,6,569,California
Modoc,2021-01-16,2,677,1,246,1,431,0,0,2,465,0,106,2,571,California
Modoc,2021-01-18,3,680,1,247,2,433,0,0,3,468,0,106,3,574,California
Modoc,2021-01-19,5,685,3,250,2,435,0,0,3,469,2,108,3,577,California
Modoc,2021-01-20,11,696,1,251,10,445,0,0,11,480,0,108,11,588,California
Modoc,2021-01-21,157,853,2,253,155,600,0,0,157,637,0,108,157,745,California
Modoc,2021-01-22,2,855,0,253,2,602,0,0,2,639,0,108,2,747,California
Modoc,2021-01-25,11,866,0,253,11,613,0,0,11,650,0,108,11,758,California
Modoc,2021-01-26,65,931,1,254,64,677,0,0,65,715,0,108,65,823,California
Modoc,2021-01-27,42,973,3,257,39,716,0,0,26,725,16,124,26,849,California
Modoc,2021-01-28,146,1119,2,259,144,860,0,0,145,869,1,125,145,994,California
Modoc,2021-01-29,3,1122,1,260,2,862,0,0,3,872,0,125,3,997,California
Modoc,2021-02-01,26,1148,13,273,13,875,0,0,12,870,14,139,12,1009,California
Modoc,2021-02-02,170,1318,2,275,168,1043,0,0,167,1034,3,142,167,1176,California
Modoc,2021-02-03,18,1336,13,288,5,1048,0,0,11,1038,7,149,11,1187,California
Modoc,2021-02-04,155,1491,4,292,151,1199,0,0,27,937,128,277,27,1214,California
Modoc,2021-02-05,2,1493,2,294,0,1199,0,0,1,937,1,278,1,1215,California
Modoc,2021-02-08,9,1502,2,296,7,1206,0,0,8,944,1,279,8,1223,California
Modoc,2021-02-09,197,1699,13,309,184,1390,0,0,65,877,132,411,65,1288,California
Modoc,2021-02-10,5,1704,2,311,3,1393,0,0,4,880,1,412,4,1292,California
Modoc,2021-02-11,202,1906,3,314,199,1592,0,0,85,848,117,529,85,1377,California
Modoc,2021-02-12,4,1910,0,314,4,1596,0,0,2,848,2,531,2,1379,California
Modoc,2021-02-13,2,1912,0,314,2,1598,0,0,1,848,1,532,1,1380,California
Modoc,2021-02-16,147,2059,6,320,141,1739,0,0,141,983,6,538,141,1521,California
Modoc,2021-02-17,25,2084,2,322,23,1762,0,0,12,982,13,551,12,1533,California
Modoc,2021-02-18,187,2271,2,324,185,1947,0,0,23,844,163,714,25,1558,California
Modoc,2021-02-19,3,2274,3,327,0,1947,0,0,2,845,1,715,2,1560,California
Modoc,2021-02-20,1,2275,1,328,0,1947,0,0,0,844,1,716,0,1560,California
Modoc,2021-02-22,19,2294,9,337,10,1957,0,0,3,831,16,732,3,1563,California
Modoc,2021-02-23,20,2314,2,339,18,1975,0,0,1,813,19,751,1,1564,California
Modoc,2021-02-24,91,2405,1,340,90,2065,0,0,31,784,60,811,31,1595,California
Modoc,2021-02-25,169,2574,0,340,169,2234,0,0,12,639,157,968,12,1607,California
Modoc,2021-02-26,3,2577,0,340,3,2237,0,0,1,638,2,970,1,1608,California
Modoc,2021-02-27,4,2581,4,344,0,2237,0,0,2,638,2,972,2,1610,California
Modoc,2021-03-01,6,2587,0,344,6,2243,0,0,1,635,4,976,1,1611,California
Modoc,2021-03-02,193,2780,12,356,181,2424,0,0,26,494,167,1143,26,1637,California
Modoc,2021-03-03,12,2792,6,362,6,2430,0,0,2,486,10,1153,2,1639,California
Modoc,2021-03-04,174,2966,2,364,172,2602,0,0,147,606,27,1180,147,1786,California
Modoc,2021-03-05,3,2969,3,367,0,2602,0,0,2,607,1,1181,2,1788,California
Modoc,2021-03-06,11,2980,0,367,1,2603,10,10,1,608,10,1191,11,1799,California
Modoc,2021-03-07,8,2988,2,369,0,2603,6,16,2,610,6,1197,8,1807,California
Modoc,2021-03-08,8,2996,1,370,3,2606,4,20,1,609,6,1203,5,1812,California
Modoc,2021-03-09,127,3123,10,380,108,2714,9,29,61,613,66,1269,70,1882,California
Modoc,2021-03-10,9,3132,3,383,2,2716,4,33,4,616,5,1274,8,1890,California
Modoc,2021-03-11,207,3339,0,383,99,2815,108,141,22,561,185,1459,130,2020,California
Modoc,2021-03-12,10,3349,1,384,4,2819,5,146,4,564,6,1465,9,2029,California
Modoc,2021-03-13,6,3355,0,384,3,2822,3,149,1,563,5,1470,4,2033,California
Modoc,2021-03-15,12,3367,1,385,10,2832,1,150,10,572,2,1472,11,2044,California
Modoc,2021-03-16,174,3541,2,387,168,3000,4,154,42,485,132,1604,45,2089,California
Modoc,2021-03-17,10,3551,1,388,4,3004,5,159,2,484,8,1612,7,2096,California
Modoc,2021-03-18,66,3617,2,390,57,3061,7,166,34,493,32,1644,41,2137,California
Modoc,2021-03-19,5,3622,0,390,0,3061,5,171,0,493,5,1649,5,2142,California
Modoc,2021-03-20,5,3627,2,392,0,3061,3,174,0,491,5,1654,3,2145,California
Modoc,2021-03-21,3,3630,1,393,0,3061,2,176,1,492,2,1656,3,2148,California
Modoc,2021-03-22,17,3647,1,394,11,3072,5,181,12,504,5,1661,17,2165,California
Modoc,2021-03-23,37,3684,7,401,27,3099,3,184,28,526,9,1670,31,2196,California
Modoc,2021-03-24,29,3713,1,402,18,3117,10,194,1,509,28,1698,11,2207,California
Modoc,2021-03-25,76,3789,1,403,73,3190,2,196,44,523,32,1730,46,2253,California
Modoc,2021-03-26,7,3796,2,405,2,3192,3,199,2,523,5,1735,5,2258,California
Modoc,2021-03-27,2,3798,0,405,1,3193,1,200,1,524,1,1736,2,2260,California
Modoc,2021-03-28,2,3800,1,406,0,3193,1,201,0,523,2,1738,1,2261,California
Modoc,2021-03-29,14,3814,1,407,5,3198,8,209,5,527,9,1747,13,2274,California
Modoc,2021-03-30,54,3868,9,416,38,3236,7,216,20,520,34,1781,27,2301,California
Modoc,2021-03-31,10,3878,3,419,3,3239,4,220,4,522,6,1787,8,2309,California
Modoc,2021-04-01,167,4045,2,421,160,3399,5,225,32,424,135,1922,37,2346,California
Modoc,2021-04-02,5,4050,0,421,2,3401,3,228,1,425,3,1925,4,2350,California
Modoc,2021-04-03,5,4055,2,423,0,3401,3,231,2,427,2,1927,4,2354,California
Modoc,2021-04-05,9,4064,0,423,9,3410,0,231,9,436,0,1927,9,2363,California
Modoc,2021-04-06,24,4088,5,428,9,3419,10,241,6,434,18,1945,16,2379,California
Modoc,2021-04-07,12,4100,1,429,4,3423,7,248,3,435,9,1954,10,2389,California
Modoc,2021-04-08,95,4195,1,430,92,3515,2,250,26,394,69,2023,28,2417,California
Modoc,2021-04-09,11,4206,2,432,6,3521,3,253,2,389,9,2032,4,2421,California
Modoc,2021-04-10,5,4211,0,432,1,3522,4,257,0,388,5,2037,4,2425,California
Modoc,2021-04-11,2,4213,2,434,0,3522,0,257,1,388,1,2038,1,2426,California
Modoc,2021-04-12,14,4227,0,434,10,3532,4,261,1,382,11,2049,5,2431,California
Modoc,2021-04-13,30,4257,29,463,1,3533,0,261,21,394,9,2058,21,2452,California
Modoc,2021-04-14,2,4259,2,465,0,3533,0,261,1,394,1,2059,1,2453,California
Modoc,2021-04-15,100,4359,0,465,100,3633,0,261,27,349,72,2131,27,2480,California
Modoc,2021-04-16,4,4363,4,469,0,3633,0,261,3,351,1,2132,3,2483,California
Modoc,2021-04-17,2,4365,2,471,0,3633,0,261,2,353,0,2132,2,2485,California
Modoc,2021-04-18,1,4366,0,471,1,3634,0,261,1,354,0,2132,1,2486,California
Modoc,2021-04-19,7,4373,0,471,7,3641,0,261,2,351,5,2137,2,2488,California
Modoc,2021-04-20,26,4399,2,473,24,3665,0,261,8,341,18,2155,8,2496,California
Modoc,2021-04-21,3,4402,3,476,0,3665,0,261,1,340,2,2157,1,2497,California
Modoc,2021-04-22,94,4496,1,477,93,3758,0,261,38,322,56,2213,38,2535,California
Modoc,2021-04-23,4,4500,0,477,4,3762,0,261,3,324,1,2214,3,2538,California
Modoc,2021-04-24,2,4502,0,477,1,3763,1,262,1,325,1,2215,2,2540,California
Modoc,2021-04-25,1,4503,1,478,0,3763,0,262,1,326,0,2215,1,2541,California
Modoc,2021-04-26,7,4510,0,478,7,3770,0,262,2,323,5,2220,2,2543,California
Modoc,2021-04-27,5,4515,4,482,0,3770,1,263,0,319,5,2225,1,2544,California
Modoc,2021-04-28,7,4522,1,483,5,3775,1,264,2,317,5,2230,3,2547,California
Modoc,2021-04-29,63,4585,2,485,61,3836,0,264,22,298,41,2271,22,2569,California
Modoc,2021-04-30,4,4589,3,488,1,3837,0,264,2,298,2,2273,2,2571,California
Modoc,2021-05-01,1,4590,1,489,0,3837,0,264,0,297,1,2274,0,2571,California
Modoc,2021-05-02,4,4594,3,492,1,3838,0,264,3,299,1,2275,3,2574,California
Modoc,2021-05-03,12,4606,0,492,11,3849,1,265,2,292,10,2285,3,2577,California
Modoc,2021-05-04,11,4617,3,495,6,3855,2,267,5,293,6,2291,7,2584,California
Modoc,2021-05-05,27,4644,24,519,2,3857,1,268,8,283,19,2310,9,2593,California
Modoc,2021-05-06,54,4698,3,522,49,3906,2,270,21,273,33,2343,23,2616,California
Modoc,2021-05-07,8,4706,3,525,3,3909,2,272,2,271,6,2349,4,2620,California
Modoc,2021-05-08,3,4709,2,527,0,3909,1,273,1,271,2,2351,2,2622,California
Modoc,2021-05-09,1,4710,1,528,0,3909,0,273,0,270,1,2352,0,2622,California
Modoc,2021-05-10,2,4712,0,528,1,3910,1,274,1,271,1,2353,2,2624,California
Modoc,2021-05-11,3,4715,2,530,0,3910,1,275,0,269,3,2356,1,2625,California
Modoc,2021-05-12,2,4717,0,530,0,3910,2,277,0,269,2,2358,2,2627,California
Modoc,2021-05-13,42,4759,0,530,38,3948,4,281,14,259,28,2386,18,2645,California
Modoc,2021-05-14,8,4767,3,533,0,3948,5,286,3,262,5,2391,8,2653,California
Modoc,2021-05-15,4,4771,3,536,1,3949,0,286,4,266,0,2391,4,2657,California
Modoc,2021-05-16,2,4773,1,537,1,3950,0,286,0,264,2,2393,0,2657,California
Modoc,2021-05-17,5,4778,3,540,2,3952,0,286,4,267,1,2394,4,2661,California
Modoc,2021-05-18,23,4801,12,552,9,3961,2,288,14,274,9,2403,16,2677,California
Modoc,2021-05-19,8,4809,1,553,3,3964,4,292,4,278,4,2407,8,2685,California
Modoc,2021-05-20,59,4868,3,556,47,4011,9,301,8,244,51,2458,17,2702,California
Modoc,2021-05-21,6,4874,4,560,1,4012,1,302,1,241,5,2463,2,2704,California
Modoc,2021-05-22,2,4876,2,562,0,4012,0,302,1,241,1,2464,1,2705,California
Modoc,2021-05-23,2,4878,2,564,0,4012,0,302,0,239,2,2466,0,2705,California
Modoc,2021-05-24,4,4882,1,565,1,4013,2,304,2,241,2,2468,4,2709,California
Modoc,2021-05-25,2,4884,1,566,1,4014,0,304,1,241,1,2469,1,2710,California
Modoc,2021-05-26,36,4920,33,599,3,4017,0,304,26,258,10,2479,27,2737,California
Modoc,2021-05-27,28,4948,1,600,22,4039,5,309,6,247,22,2501,11,2748,California
Modoc,2021-05-28,8,4956,1,601,4,4043,3,312,3,248,5,2506,6,2754,California
Modoc,2021-05-29,1,4957,1,602,0,4043,0,312,0,247,1,2507,0,2754,California
Modoc,2021-05-31,1,4958,0,602,0,4043,1,313,0,247,0,2507,0,2754,California
Modoc,2021-06-01,7,4965,0,602,6,4049,1,314,2,245,5,2512,3,2757,California
Modoc,2021-06-02,8,4973,0,602,6,4055,2,316,4,247,4,2516,6,2763,California
Modoc,2021-06-03,25,4998,1,603,22,4077,2,318,4,232,21,2537,6,2769,California
Modoc,2021-06-04,5,5003,3,606,1,4078,1,319,0,228,5,2542,1,2770,California
Modoc,2021-06-05,1,5004,0,606,1,4079,0,319,0,227,1,2543,0,2770,California
Modoc,2021-06-07,4,5008,4,610,0,4079,0,319,1,225,3,2546,1,2771,California
Modoc,2021-06-08,29,5037,10,620,18,4097,1,320,18,233,11,2557,19,2790,California
Modoc,2021-06-09,3,5040,2,622,1,4098,0,320,2,234,1,2558,2,2792,California
Modoc,2021-06-10,21,5061,1,623,19,4117,1,321,7,228,14,2572,8,2800,California
Modoc,2021-06-11,4,5065,2,625,1,4118,1,322,2,229,2,2574,3,2803,California
Modoc,2021-06-12,1,5066,1,626,0,4118,0,322,0,228,1,2575,0,2803,California
Modoc,2021-06-14,4,5070,0,626,2,4120,2,324,0,226,4,2579,2,2805,California
Modoc,2021-06-15,6,5076,0,626,4,4124,2,326,3,228,3,2582,5,2810,California
Modoc,2021-06-16,41,5117,25,651,11,4135,5,331,22,238,19,2601,29,2839,California
Modoc,2021-06-17,46,5163,20,671,25,4160,1,332,27,247,19,2620,28,2867,California
Modoc,2021-06-18,5,5168,0,671,3,4163,2,334,3,250,2,2622,5,2872,California
Modoc,2021-06-19,3,5171,0,671,1,4164,2,336,1,251,2,2624,3,2875,California
Modoc,2021-06-21,1,5172,0,671,1,4165,0,336,1,252,0,2624,1,2876,California
Modoc,2021-06-22,11,5183,4,675,7,4172,0,336,9,259,2,2626,9,2885,California
Modoc,2021-06-23,6,5189,0,675,3,4175,3,339,1,258,5,2631,4,2889,California
Modoc,2021-06-24,32,5221,14,689,14,4189,4,343,22,274,10,2641,26,2915,California
Modoc,2021-06-25,7,5228,0,689,5,4194,2,345,2,273,5,2646,4,2919,California
Modoc,2021-06-28,4,5232,1,690,3,4197,0,345,3,275,1,2647,3,2922,California
Modoc,2021-06-29,8,5240,1,691,6,4203,1,346,5,278,3,2650,6,2928,California
Modoc,2021-06-30,8,5248,1,692,7,4210,0,346,5,280,3,2653,5,2933,California
Modoc,2021-07-01,23,5271,11,703,1,4211,11,357,9,286,14,2667,20,2953,California
Modoc,2021-07-02,2,5273,2,705,0,4211,0,357,0,284,2,2669,0,2953,California
Modoc,2021-07-03,3,5276,0,705,3,4214,0,357,3,287,0,2669,3,2956,California
Mono,2020-12-18,1,1,1,1,0,0,0,0,1,1,0,0,1,1,California
Mono,2020-12-19,5,6,5,6,0,0,0,0,5,6,0,0,5,6,California
Mono,2020-12-20,7,13,7,13,0,0,0,0,7,13,0,0,7,13,California
Mono,2020-12-21,24,37,17,30,7,7,0,0,24,37,0,0,24,37,California
Mono,2020-12-22,67,104,65,95,2,9,0,0,67,104,0,0,67,104,California
Mono,2020-12-23,71,175,43,138,28,37,0,0,71,175,0,0,71,175,California
Mono,2020-12-24,3,178,1,139,2,39,0,0,3,178,0,0,3,178,California
Mono,2020-12-26,3,181,3,142,0,39,0,0,3,181,0,0,3,181,California
Mono,2020-12-27,1,182,0,142,1,40,0,0,1,182,0,0,1,182,California
Mono,2020-12-28,94,276,63,205,31,71,0,0,94,276,0,0,94,276,California
Mono,2020-12-29,29,305,29,234,0,71,0,0,29,305,0,0,29,305,California
Mono,2020-12-30,77,382,36,270,41,112,0,0,77,382,0,0,77,382,California
Mono,2020-12-31,4,386,1,271,3,115,0,0,4,386,0,0,4,386,California
Mono,2021-01-01,4,390,4,275,0,115,0,0,4,390,0,0,4,390,California
Mono,2021-01-02,2,392,2,277,0,115,0,0,2,392,0,0,2,392,California
Mono,2021-01-04,2,394,0,277,2,117,0,0,2,394,0,0,2,394,California
Mono,2021-01-05,45,439,2,279,43,160,0,0,44,437,1,1,44,438,California
Mono,2021-01-06,44,483,0,279,44,204,0,0,44,481,0,1,44,482,California
Mono,2021-01-07,55,538,3,282,52,256,0,0,53,533,2,3,54,536,California
Mono,2021-01-08,2,540,1,283,1,257,0,0,1,533,1,4,1,537,California
Mono,2021-01-09,4,544,4,287,0,257,0,0,0,529,4,8,0,537,California
Mono,2021-01-10,5,549,5,292,0,257,0,0,0,524,5,13,0,537,California
Mono,2021-01-11,8,557,5,297,3,260,0,0,4,524,4,17,4,541,California
Mono,2021-01-12,283,840,75,372,208,468,0,0,219,680,63,80,219,760,California
Mono,2021-01-13,234,1074,73,445,161,629,0,0,179,804,55,135,179,939,California
Mono,2021-01-14,74,1148,72,517,2,631,0,0,73,876,1,136,73,1012,California
Mono,2021-01-15,65,1213,3,520,62,693,0,0,65,941,0,136,65,1077,California
Mono,2021-01-16,3,1216,3,523,0,693,0,0,0,938,3,139,0,1077,California
Mono,2021-01-18,64,1280,55,578,9,702,0,0,2,878,62,201,2,1079,California
Mono,2021-01-19,210,1490,207,785,3,705,0,0,172,1013,38,239,173,1252,California
Mono,2021-01-20,236,1726,201,986,35,740,0,0,173,1123,63,302,173,1425,California
Mono,2021-01-21,4,1730,4,990,0,740,0,0,4,1127,0,302,4,1429,California
Mono,2021-01-22,4,1734,0,990,4,744,0,0,4,1131,0,302,4,1433,California
Mono,2021-01-23,590,2324,590,1580,0,744,0,0,589,1719,1,303,589,2022,California
Mono,2021-01-24,1,2325,0,1580,1,745,0,0,0,1718,1,304,0,2022,California
Mono,2021-01-25,200,2525,162,1742,38,783,0,0,161,1840,39,343,161,2183,California
Mono,2021-01-26,500,3025,498,2240,2,785,0,0,494,2328,6,349,494,2677,California
Mono,2021-01-27,4,3029,0,2240,4,789,0,0,4,2332,0,349,4,2681,California
Mono,2021-01-28,6,3035,2,2242,4,793,0,0,2,2330,4,353,2,2683,California
Mono,2021-01-30,197,3232,195,2437,2,795,0,0,196,2525,1,354,196,2879,California
Mono,2021-01-31,241,3473,136,2573,105,900,0,0,137,2558,104,458,137,3016,California
Mono,2021-02-01,27,3500,27,2600,0,900,0,0,0,2531,27,485,0,3016,California
Mono,2021-02-02,5,3505,0,2600,5,905,0,0,2,2530,3,488,2,3018,California
Mono,2021-02-03,4,3509,2,2602,2,907,0,0,2,2530,2,490,2,3020,California
Mono,2021-02-04,214,3723,159,2761,55,962,0,0,91,2500,121,611,91,3111,California
Mono,2021-02-05,611,4334,605,3366,6,968,0,0,608,3105,3,614,608,3719,California
Mono,2021-02-06,135,4469,134,3500,1,969,0,0,134,3238,1,615,134,3853,California
Mono,2021-02-07,2,4471,0,3500,2,971,0,0,2,3240,0,615,2,3855,California
Mono,2021-02-08,171,4642,171,3671,0,971,0,0,15,3100,155,770,15,3870,California
Mono,2021-02-09,231,4873,6,3677,225,1196,0,0,14,2897,217,987,14,3884,California
Mono,2021-02-10,541,5414,188,3865,353,1549,0,0,198,2753,343,1330,199,4083,California
Mono,2021-02-11,8,5422,5,3870,3,1552,0,0,3,2751,5,1335,3,4086,California
Mono,2021-02-12,89,5511,21,3891,68,1620,0,0,27,2716,62,1397,27,4113,California
Mono,2021-02-13,586,6097,584,4475,2,1622,0,0,26,2183,559,1956,26,4139,California
Mono,2021-02-15,167,6264,165,4640,2,1624,0,0,2,2022,163,2119,2,4141,California
Mono,2021-02-16,520,6784,516,5156,4,1628,0,0,45,1596,472,2591,46,4187,California
Mono,2021-02-17,6,6790,1,5157,5,1633,0,0,2,1594,4,2595,2,4189,California
Mono,2021-02-18,4,6794,2,5159,2,1635,0,0,3,1596,1,2596,3,4192,California
Mono,2021-02-19,56,6850,55,5214,1,1636,0,0,56,1652,0,2596,56,4248,California
Mono,2021-02-20,4,6854,4,5218,0,1636,0,0,4,1656,0,2596,4,4252,California
Mono,2021-02-21,6,6860,6,5224,0,1636,0,0,4,1658,2,2598,4,4256,California
Mono,2021-02-22,292,7152,291,5515,1,1637,0,0,26,1419,265,2863,26,4282,California
Mono,2021-02-23,147,7299,126,5641,21,1658,0,0,25,1322,122,2985,25,4307,California
Mono,2021-02-24,10,7309,2,5643,8,1666,0,0,3,1318,7,2992,3,4310,California
Mono,2021-02-25,5,7314,2,5645,3,1669,0,0,3,1320,1,2993,3,4313,California
Mono,2021-02-26,596,7910,594,6239,2,1671,0,0,21,767,574,3567,21,4334,California
Mono,2021-02-27,138,8048,134,6373,4,1675,0,0,4,639,132,3699,4,4338,California
Mono,2021-02-28,1,8049,0,6373,0,1675,1,1,0,639,1,3700,1,4339,California
Mono,2021-03-01,3,8052,2,6375,1,1676,0,1,2,641,0,3700,2,4341,California
Mono,2021-03-02,6,8058,4,6379,2,1678,0,1,4,643,2,3702,4,4345,California
Mono,2021-03-03,113,8171,3,6382,110,1788,0,1,109,749,3,3705,109,4454,California
Mono,2021-03-04,6,8177,2,6384,4,1792,0,1,3,749,3,3708,3,4457,California
Mono,2021-03-05,37,8214,28,6412,9,1801,0,1,13,738,24,3732,13,4470,California
Mono,2021-03-06,506,8720,18,6430,488,2289,0,1,497,1229,7,3739,498,4968,California
Mono,2021-03-07,1,8721,0,6430,1,2290,0,1,0,1228,1,3740,0,4968,California
Mono,2021-03-08,530,9251,11,6441,516,2806,3,4,520,1741,10,3750,523,5491,California
Mono,2021-03-09,6,9257,2,6443,3,2809,1,5,3,1743,2,3752,4,5495,California
Mono,2021-03-10,287,9544,91,6534,193,3002,3,8,8,1478,276,4028,11,5506,California
Mono,2021-03-11,10,9554,0,6534,1,3003,9,17,0,1477,10,4038,9,5515,California
Mono,2021-03-12,6,9560,1,6535,1,3004,4,21,0,1475,6,4044,4,5519,California
Mono,2021-03-13,822,10382,384,6919,438,3442,0,21,812,2277,10,4054,812,6331,California
Mono,2021-03-14,5,10387,5,6924,0,3442,0,21,1,2274,4,4058,1,6332,California
Mono,2021-03-15,31,10418,23,6947,3,3445,5,26,14,2277,16,4074,19,6351,California
Mono,2021-03-16,16,10434,6,6953,4,3449,6,32,8,2283,8,4082,14,6365,California
Mono,2021-03-17,33,10467,5,6958,20,3469,8,40,21,2300,12,4094,29,6394,California
Mono,2021-03-18,21,10488,2,6960,11,3480,8,48,8,2303,13,4107,16,6410,California
Mono,2021-03-19,21,10509,1,6961,17,3497,3,51,17,2320,3,4110,20,6430,California
Mono,2021-03-20,5,10514,3,6964,1,3498,1,52,4,2324,1,4111,5,6435,California
Mono,2021-03-21,1,10515,1,6965,0,3498,0,52,1,2325,0,4111,1,6436,California
Mono,2021-03-22,11,10526,0,6965,6,3504,5,57,5,2329,6,4117,10,6446,California
Mono,2021-03-23,43,10569,6,6971,32,3536,5,62,17,2325,26,4143,22,6468,California
Mono,2021-03-24,14,10583,1,6972,8,3544,5,67,5,2327,9,4152,11,6479,California
Mono,2021-03-25,19,10602,3,6975,12,3556,4,71,12,2336,7,4159,16,6495,California
Mono,2021-03-26,19,10621,3,6978,11,3567,5,76,10,2343,8,4167,15,6510,California
Mono,2021-03-27,353,10974,350,7328,3,3570,0,76,326,2642,27,4194,326,6836,California
Mono,2021-03-29,10,10984,3,7331,6,3576,1,77,8,2649,2,4196,9,6845,California
Mono,2021-03-30,12,10996,0,7331,8,3584,4,81,7,2655,5,4201,11,6856,California
Mono,2021-03-31,134,11130,7,7338,126,3710,1,82,23,2569,110,4311,24,6880,California
Mono,2021-04-01,9,11139,0,7338,8,3718,1,83,4,2569,5,4316,5,6885,California
Mono,2021-04-02,19,11158,2,7340,17,3735,0,83,8,2566,11,4327,8,6893,California
Mono,2021-04-03,862,12020,371,7711,491,4226,0,83,48,1803,811,5138,48,6941,California
Mono,2021-04-04,1,12021,1,7712,0,4226,0,83,0,1802,1,5139,0,6941,California
Mono,2021-04-05,528,12549,18,7730,509,4735,1,84,35,1346,492,5631,36,6977,California
Mono,2021-04-06,19,12568,1,7731,5,4740,13,97,1,1342,18,5649,14,6991,California
Mono,2021-04-07,23,12591,2,7733,2,4742,19,116,2,1342,21,5670,21,7012,California
Mono,2021-04-08,26,12617,4,7737,3,4745,19,135,6,1347,20,5690,25,7037,California
Mono,2021-04-09,39,12656,4,7741,6,4751,29,164,9,1355,30,5720,38,7075,California
Mono,2021-04-10,451,13107,2,7743,442,5193,7,171,30,971,421,6141,37,7112,California
Mono,2021-04-11,1,13108,1,7744,0,5193,0,171,0,970,1,6142,0,7112,California
Mono,2021-04-12,6,13114,0,7744,3,5196,3,174,3,973,3,6145,6,7118,California
Mono,2021-04-13,19,13133,2,7746,16,5212,1,175,13,981,6,6151,14,7132,California
Mono,2021-04-14,26,13159,2,7748,24,5236,0,175,8,971,18,6169,8,7140,California
Mono,2021-04-15,18,13177,4,7752,14,5250,0,175,10,973,8,6177,10,7150,California
Mono,2021-04-16,18,13195,1,7753,17,5267,0,175,7,969,11,6188,7,7157,California
Mono,2021-04-17,52,13247,2,7755,50,5317,0,175,45,1007,7,6195,45,7202,California
Mono,2021-04-18,1,13248,0,7755,1,5318,0,175,1,1008,0,6195,1,7203,California
Mono,2021-04-19,538,13786,329,8084,209,5527,0,175,202,877,333,6528,202,7405,California
Mono,2021-04-20,15,13801,2,8086,13,5540,0,175,10,882,5,6533,10,7415,California
Mono,2021-04-21,7,13808,0,8086,7,5547,0,175,2,879,5,6538,2,7417,California
Mono,2021-04-22,25,13833,11,8097,14,5561,0,175,11,876,14,6552,11,7428,California
Mono,2021-04-23,22,13855,2,8099,20,5581,0,175,12,878,10,6562,12,7440,California
Mono,2021-04-24,35,13890,21,8120,14,5595,0,175,20,883,15,6577,20,7460,California
Mono,2021-04-25,3,13893,2,8122,1,5596,0,175,3,886,0,6577,3,7463,California
Mono,2021-04-26,12,13905,2,8124,10,5606,0,175,3,880,9,6586,3,7466,California
Mono,2021-04-27,68,13973,42,8166,19,5625,7,182,52,923,16,6602,59,7525,California
Mono,2021-04-28,62,14035,40,8206,18,5643,4,186,48,963,12,6614,52,7577,California
Mono,2021-04-29,10,14045,3,8209,4,5647,3,189,3,962,7,6621,6,7583,California
Mono,2021-04-30,19,14064,3,8212,12,5659,4,193,8,963,11,6632,12,7595,California
Mono,2021-05-01,109,14173,5,8217,104,5763,0,193,96,1047,12,6644,96,7691,California
Mono,2021-05-02,1,14174,1,8218,0,5763,0,193,1,1048,0,6644,1,7692,California
Mono,2021-05-03,2,14176,1,8219,1,5764,0,193,1,1048,1,6645,1,7693,California
Mono,2021-05-04,19,14195,0,8219,13,5777,6,199,10,1055,9,6654,16,7709,California
Mono,2021-05-05,52,14247,8,8227,40,5817,4,203,45,1097,7,6661,49,7758,California
Mono,2021-05-06,16,14263,4,8231,11,5828,1,204,10,1102,6,6667,11,7769,California
Mono,2021-05-07,30,14293,22,8253,8,5836,0,204,25,1122,5,6672,25,7794,California
Mono,2021-05-08,53,14346,7,8260,46,5882,0,204,24,1117,29,6701,24,7818,California
Mono,2021-05-09,1,14347,1,8261,0,5882,0,204,0,1117,0,6701,0,7818,California
Mono,2021-05-10,18,14365,1,8262,13,5895,4,208,9,1121,9,6710,13,7831,California
Mono,2021-05-11,15,14380,2,8264,10,5905,3,211,5,1119,10,6720,8,7839,California
Mono,2021-05-12,12,14392,0,8264,11,5916,1,212,4,1116,8,6728,5,7844,California
Mono,2021-05-13,47,14439,31,8295,15,5931,1,213,38,1146,9,6737,39,7883,California
Mono,2021-05-14,11,14450,1,8296,9,5940,1,214,6,1148,5,6742,7,7890,California
Mono,2021-05-15,66,14516,24,8320,35,5975,7,221,19,1127,47,6789,26,7916,California
Mono,2021-05-16,6,14522,4,8324,1,5976,1,222,2,1126,4,6793,3,7919,California
Mono,2021-05-17,250,14772,34,8358,209,6185,7,229,54,993,195,6988,62,7981,California
Mono,2021-05-18,134,14906,110,8468,23,6208,1,230,87,1035,47,7035,89,8070,California
Mono,2021-05-19,119,15025,112,8580,2,6210,5,235,75,1071,44,7079,80,8150,California
Mono,2021-05-20,71,15096,56,8636,10,6220,5,240,54,1113,17,7096,59,8209,California
Mono,2021-05-21,23,15119,4,8640,16,6236,3,243,10,1113,13,7109,13,8222,California
Mono,2021-05-22,22,15141,12,8652,8,6244,2,245,16,1125,6,7115,18,8240,California
Mono,2021-05-23,2,15143,0,8652,2,6246,0,245,1,1125,1,7116,1,8241,California
Mono,2021-05-24,16,15159,2,8654,13,6259,1,246,9,1129,7,7123,11,8252,California
Mono,2021-05-25,15,15174,5,8659,10,6269,0,246,8,1130,7,7130,8,8260,California
Mono,2021-05-26,18,15192,2,8661,15,6284,1,247,7,1127,11,7141,8,8268,California
Mono,2021-05-27,8,15200,0,8661,8,6292,0,247,5,1130,2,7143,5,8273,California
Mono,2021-05-28,42,15242,28,8689,14,6306,0,247,11,1110,31,7174,11,8284,California
Mono,2021-05-29,129,15371,27,8716,99,6405,3,250,32,1048,97,7271,35,8319,California
Mono,2021-06-01,16,15387,7,8723,9,6414,0,250,9,1050,7,7278,9,8328,California
Mono,2021-06-02,47,15434,4,8727,43,6457,0,250,10,1023,37,7315,10,8338,California
Mono,2021-06-03,11,15445,1,8728,7,6464,3,253,1,1017,10,7325,4,8342,California
Mono,2021-06-04,12,15457,1,8729,10,6474,1,254,3,1012,9,7334,4,8346,California
Mono,2021-06-05,44,15501,23,8752,21,6495,0,254,5,978,39,7373,5,8351,California
Mono,2021-06-06,1,15502,0,8752,1,6496,0,254,0,977,1,7374,0,8351,California
Mono,2021-06-07,99,15601,87,8839,8,6504,4,258,12,906,87,7461,16,8367,California
Mono,2021-06-08,113,15714,103,8942,8,6512,2,260,12,819,101,7562,14,8381,California
Mono,2021-06-09,6,15720,1,8943,5,6517,0,260,1,815,5,7567,1,8382,California
Mono,2021-06-10,6,15726,0,8943,4,6521,2,262,2,815,4,7571,4,8386,California
Mono,2021-06-11,74,15800,62,9005,7,6528,5,267,6,758,68,7639,11,8397,California
Mono,2021-06-12,1,15801,1,9006,0,6528,0,267,0,757,1,7640,0,8397,California
Mono,2021-06-13,1,15802,0,9006,1,6529,0,267,1,758,0,7640,1,8398,California
Mono,2021-06-14,65,15867,30,9036,29,6558,6,273,20,739,45,7685,26,8424,California
Mono,2021-06-15,8,15875,5,9041,3,6561,0,273,4,739,4,7689,4,8428,California
Mono,2021-06-16,14,15889,5,9046,9,6570,0,273,6,737,8,7697,6,8434,California
Mono,2021-06-17,6,15895,1,9047,3,6573,2,275,2,737,4,7701,4,8438,California
Mono,2021-06-18,5,15900,3,9050,1,6574,1,276,1,736,3,7704,2,8440,California
Mono,2021-06-19,3,15903,3,9053,0,6574,0,276,3,739,0,7704,3,8443,California
Mono,2021-06-20,1,15904,0,9053,1,6575,0,276,0,738,1,7705,0,8443,California
Mono,2021-06-21,14,15918,2,9055,10,6585,2,278,3,733,10,7715,5,8448,California
Mono,2021-06-22,13,15931,2,9057,10,6595,1,279,4,730,8,7723,5,8453,California
Mono,2021-06-23,12,15943,0,9057,6,6601,6,285,2,729,10,7733,9,8462,California
Mono,2021-06-24,7,15950,0,9057,5,6606,2,287,2,728,5,7738,4,8466,California
Mono,2021-06-25,33,15983,22,9079,11,6617,0,287,7,709,26,7764,7,8473,California
Mono,2021-06-26,1,15984,1,9080,0,6617,0,287,0,708,1,7765,0,8473,California
Mono,2021-06-28,11,15995,7,9087,1,6618,3,290,2,704,9,7774,5,8478,California
Mono,2021-06-29,2,15997,2,9089,0,6618,0,290,2,706,0,7774,2,8480,California
Mono,2021-06-30,6,16003,1,9090,3,6621,2,292,3,708,3,7777,5,8485,California
Mono,2021-07-01,8,16011,1,9091,4,6625,3,295,2,707,6,7783,5,8490,California
Mono,2021-07-02,38,16049,35,9126,2,6627,1,296,14,698,24,7807,15,8505,California
Monterey,2020-12-16,6,6,6,6,0,0,0,0,6,6,0,0,6,6,California
Monterey,2020-12-17,87,93,87,93,0,0,0,0,87,93,0,0,87,93,California
Monterey,2020-12-18,488,581,488,581,0,0,0,0,488,581,0,0,488,581,California
Monterey,2020-12-19,582,1163,581,1162,1,1,0,0,581,1162,0,0,581,1162,California
Monterey,2020-12-20,421,1584,420,1582,1,2,0,0,421,1583,0,0,421,1583,California
Monterey,2020-12-21,724,2308,724,2306,0,2,0,0,724,2307,0,0,724,2307,California
Monterey,2020-12-22,536,2844,523,2829,13,15,0,0,536,2843,0,0,536,2843,California
Monterey,2020-12-23,442,3286,266,3095,176,191,0,0,442,3285,0,0,442,3285,California
Monterey,2020-12-24,84,3370,10,3105,74,265,0,0,84,3369,0,0,84,3369,California
Monterey,2020-12-25,6,3376,0,3105,6,271,0,0,6,3375,0,0,6,3375,California
Monterey,2020-12-26,92,3468,5,3110,87,358,0,0,92,3467,0,0,92,3467,California
Monterey,2020-12-27,6,3474,3,3113,3,361,0,0,6,3473,0,0,6,3473,California
Monterey,2020-12-28,477,3951,25,3138,452,813,0,0,477,3950,0,0,477,3950,California
Monterey,2020-12-29,901,4852,168,3306,733,1546,0,0,901,4851,0,0,901,4851,California
Monterey,2020-12-30,567,5419,98,3404,469,2015,0,0,567,5418,0,0,567,5418,California
Monterey,2020-12-31,33,5452,11,3415,22,2037,0,0,33,5451,0,0,33,5451,California
Monterey,2021-01-01,13,5465,3,3418,10,2047,0,0,13,5464,0,0,13,5464,California
Monterey,2021-01-02,137,5602,134,3552,3,2050,0,0,137,5601,0,0,137,5601,California
Monterey,2021-01-03,30,5632,29,3581,1,2051,0,0,30,5631,0,0,30,5631,California
Monterey,2021-01-04,412,6044,19,3600,393,2444,0,0,412,6043,0,0,412,6043,California
Monterey,2021-01-05,758,6802,330,3930,428,2872,0,0,744,6773,14,14,744,6787,California
Monterey,2021-01-06,662,7464,175,4105,487,3359,0,0,638,7387,24,38,638,7425,California
Monterey,2021-01-07,753,8217,577,4682,176,3535,0,0,425,7486,326,364,425,7850,California
Monterey,2021-01-08,1094,9311,740,5422,354,3889,0,0,395,7182,699,1063,395,8245,California
Monterey,2021-01-09,963,10274,933,6355,30,3919,0,0,311,6843,650,1713,311,8556,California
Monterey,2021-01-10,272,10546,270,6625,2,3921,0,0,8,6587,264,1977,8,8564,California
Monterey,2021-01-11,1068,11614,986,7611,82,4003,0,0,365,6249,703,2680,365,8929,California
Monterey,2021-01-12,474,12088,395,8006,79,4082,0,0,210,6195,264,2944,210,9139,California
Monterey,2021-01-13,1222,13310,595,8601,627,4709,0,0,1176,7325,46,2990,1176,10315,California
Monterey,2021-01-14,1200,14510,244,8845,956,5665,0,0,1180,8489,20,3010,1184,11499,California
Monterey,2021-01-15,1057,15567,46,8891,1011,6676,0,0,1045,9522,12,3022,1045,12544,California
Monterey,2021-01-16,365,15932,300,9191,65,6741,0,0,360,9877,5,3027,360,12904,California
Monterey,2021-01-17,313,16245,293,9484,20,6761,0,0,301,10166,12,3039,301,13205,California
Monterey,2021-01-18,399,16644,49,9533,350,7111,0,0,377,10521,22,3061,377,13582,California
Monterey,2021-01-19,584,17228,399,9932,185,7296,0,0,421,10781,161,3222,421,14003,California
Monterey,2021-01-20,543,17771,270,10202,273,7569,0,0,334,10906,209,3431,334,14337,California
Monterey,2021-01-21,871,18642,115,10317,756,8325,0,0,759,11557,112,3543,763,15100,California
Monterey,2021-01-22,1071,19713,200,10517,871,9196,0,0,1030,12546,41,3584,1030,16130,California
Monterey,2021-01-23,244,19957,175,10692,69,9265,0,0,120,12545,123,3707,122,16252,California
Monterey,2021-01-24,61,20018,38,10730,23,9288,0,0,27,12538,34,3741,27,16279,California
Monterey,2021-01-25,802,20820,176,10906,626,9914,0,0,176,12095,619,4360,176,16455,California
Monterey,2021-01-26,955,21775,234,11140,721,10635,0,0,253,11646,702,5062,253,16708,California
Monterey,2021-01-27,855,22630,299,11439,556,11191,0,0,373,11537,482,5544,373,17081,California
Monterey,2021-01-28,2031,24661,741,12180,1290,12481,0,0,1688,12884,343,5887,1690,18771,California
Monterey,2021-01-29,1283,25944,715,12895,568,13049,0,0,1165,13933,117,6004,1166,19937,California
Monterey,2021-01-30,465,26409,295,13190,170,13219,0,0,209,13886,256,6260,209,20146,California
Monterey,2021-01-31,496,26905,74,13264,422,13641,0,0,485,14361,11,6271,486,20632,California
Monterey,2021-02-01,1641,28546,1126,14390,515,14156,0,0,1073,14867,567,6838,1073,21705,California
Monterey,2021-02-02,2188,30734,477,14867,1711,15867,0,0,1575,15830,612,7450,1575,23280,California
Monterey,2021-02-03,2345,33079,1053,15920,1292,17159,0,0,1564,16617,777,8227,1564,24844,California
Monterey,2021-02-04,2818,35897,2102,18022,716,17875,0,0,2464,18732,349,8576,2464,27308,California
Monterey,2021-02-05,3676,39573,2829,20851,847,18722,0,0,3233,21527,438,9014,3233,30541,California
Monterey,2021-02-06,1101,40674,379,21230,722,19444,0,0,756,21941,342,9356,756,31297,California
Monterey,2021-02-07,317,40991,272,21502,45,19489,0,0,96,21816,221,9577,96,31393,California
Monterey,2021-02-08,520,41511,291,21793,229,19718,0,0,421,22138,99,9676,421,31814,California
Monterey,2021-02-09,880,42391,684,22477,196,19914,0,0,568,22396,312,9988,570,32384,California
Monterey,2021-02-10,2095,44486,1106,23583,989,20903,0,0,1236,22775,859,10847,1238,33622,California
Monterey,2021-02-11,2522,47008,977,24560,1545,22448,0,0,1537,23331,983,11830,1539,35161,California
Monterey,2021-02-12,2626,49634,447,25007,2179,24627,0,0,1524,23755,1101,12931,1525,36686,California
Monterey,2021-02-13,1079,50713,50,25057,1029,25656,0,0,989,24655,89,13020,989,37675,California
Monterey,2021-02-14,598,51311,74,25131,524,26180,0,0,525,25107,73,13093,525,38200,California
Monterey,2021-02-15,1387,52698,167,25298,1220,27400,0,0,979,25681,406,13499,980,39180,California
Monterey,2021-02-16,1098,53796,248,25546,850,28250,0,0,871,26325,227,13726,871,40051,California
Monterey,2021-02-17,1973,55769,1180,26726,793,29043,0,0,1657,27669,315,14041,1659,41710,California
Monterey,2021-02-18,2244,58013,1180,27906,1064,30107,0,0,911,27263,1319,15360,913,42623,California
Monterey,2021-02-19,2962,60975,1545,29451,1417,31524,0,0,1350,27005,1610,16970,1352,43975,California
Monterey,2021-02-20,1040,62015,627,30078,413,31937,0,0,977,27921,62,17032,978,44953,California
Monterey,2021-02-21,1330,63345,1299,31377,31,31968,0,0,1251,29098,75,17107,1252,46205,California
Monterey,2021-02-22,1061,64406,907,32284,154,32122,0,0,682,29404,376,17483,682,46887,California
Monterey,2021-02-23,1021,65427,650,32934,371,32493,0,0,329,29043,691,18174,330,47217,California
Monterey,2021-02-24,2548,67975,1321,34255,1227,33720,0,0,1917,30335,626,18800,1918,49135,California
Monterey,2021-02-25,4418,72393,2420,36675,1998,35718,0,0,1474,28875,2936,21736,1476,50611,California
Monterey,2021-02-26,5304,77697,3087,39762,2217,37935,0,0,2632,28839,2669,24405,2633,53244,California
Monterey,2021-02-27,1026,78723,187,39949,839,38774,0,0,816,29450,205,24610,816,54060,California
Monterey,2021-02-28,1535,80258,86,40035,1448,40222,1,1,1066,30054,463,25073,1067,55127,California
Monterey,2021-03-01,1295,81553,143,40178,1149,41371,3,4,752,30273,536,25609,755,55882,California
Monterey,2021-03-02,2816,84369,1733,41911,1083,42454,0,4,1954,31369,858,26467,1954,57836,California
Monterey,2021-03-03,3221,87590,1246,43157,1975,44429,0,4,1283,30719,1934,28401,1284,59120,California
Monterey,2021-03-04,4575,92165,1476,44633,3099,47528,0,4,2943,32038,1626,30027,2945,62065,California
Monterey,2021-03-05,3676,95841,1620,46253,1776,49304,280,284,3002,34647,673,30700,3282,65347,California
Monterey,2021-03-06,5065,100906,1069,47322,3692,52996,304,588,4159,38205,903,31603,4461,69808,California
Monterey,2021-03-07,522,101428,107,47429,169,53165,246,834,234,38394,287,31890,476,70284,California
Monterey,2021-03-08,1674,103102,329,47758,957,54122,388,1222,1128,39361,546,32436,1513,71797,California
Monterey,2021-03-09,1992,105094,699,48457,1018,55140,275,1497,1488,40618,503,32939,1760,73557,California
Monterey,2021-03-10,3189,108283,1034,49491,1668,56808,487,1984,1471,40862,1711,34650,1955,75512,California
Monterey,2021-03-11,4168,112451,1413,50904,2380,59188,375,2359,2392,41862,1767,36417,2767,78279,California
Monterey,2021-03-12,4427,116878,2047,52951,2245,61433,135,2494,2729,43030,1695,38112,2863,81142,California
Monterey,2021-03-13,5311,122189,962,53913,4002,65435,347,2841,3981,46030,1328,39440,4328,85470,California
Monterey,2021-03-14,2157,124346,1326,55239,806,66241,25,2866,514,44943,1626,41066,539,86009,California
Monterey,2021-03-15,3994,128340,1275,56514,2416,68657,303,3169,2253,45764,1736,42802,2557,88566,California
Monterey,2021-03-16,3548,131888,593,57107,2564,71221,391,3560,2118,46842,1427,44229,2505,91071,California
Monterey,2021-03-17,5825,137713,2367,59474,3200,74421,258,3818,4202,49693,1614,45843,4465,95536,California
Monterey,2021-03-18,4464,142177,2166,61640,2129,76550,169,3987,3103,51646,1356,47199,3309,98845,California
Monterey,2021-03-19,5511,147688,2578,64218,2787,79337,146,4133,4222,54729,1284,48483,4367,103212,California
Monterey,2021-03-20,3372,151060,425,64643,2254,81591,693,4826,2282,56618,1086,49569,2975,106187,California
Monterey,2021-03-21,641,151701,214,64857,418,82009,9,4835,569,57125,70,49639,577,106764,California
Monterey,2021-03-22,2504,154205,1444,66301,997,83006,63,4898,2284,59253,217,49856,2345,109109,California
Monterey,2021-03-23,4028,158233,2361,68662,1624,84630,43,4941,2548,60369,1475,51331,2591,111700,California
Monterey,2021-03-24,5130,163363,2124,70786,2687,87317,319,5260,3738,63037,1385,52716,4053,115753,California
Monterey,2021-03-25,5334,168697,1229,72015,3746,91063,359,5619,2691,63454,2634,55350,3051,118804,California
Monterey,2021-03-26,5459,174156,2613,74628,2760,93823,86,5705,2760,63614,2688,58038,2848,121652,California
Monterey,2021-03-27,4856,179012,1451,76079,3150,96973,255,5960,3128,65274,1725,59763,3385,125037,California
Monterey,2021-03-28,1126,180138,346,76425,771,97744,9,5969,632,65429,486,60249,641,125678,California
Monterey,2021-03-29,3232,183370,1418,77843,1800,99544,14,5983,2006,66236,1218,61467,2025,127703,California
Monterey,2021-03-30,4522,187892,2141,79984,2335,101879,46,6029,2776,67326,1735,63202,2825,130528,California
Monterey,2021-03-31,5313,193205,2299,82283,2216,104095,798,6827,3321,69448,1987,65189,4109,134637,California
Monterey,2021-04-01,6152,199357,2065,84348,3675,107770,412,7239,3115,69948,3021,68210,3521,138158,California
Monterey,2021-04-02,4706,204063,2187,86535,2455,110225,64,7303,3164,71638,1540,69750,3230,141388,California
Monterey,2021-04-03,5945,210008,1119,87654,3780,114005,1046,8349,1234,69208,4702,74452,2272,143660,California
Monterey,2021-04-04,769,210777,157,87811,597,114602,15,8364,497,69450,272,74724,514,144174,California
Monterey,2021-04-05,4041,214818,2497,90308,1308,115910,236,8600,1507,68662,2529,77253,1741,145915,California
Monterey,2021-04-06,3454,218272,1356,91664,1625,117535,473,9073,1188,68057,2262,79515,1657,147572,California
Monterey,2021-04-07,5652,223924,1392,93056,3741,121276,519,9592,2708,68346,2933,82448,3222,150794,California
Monterey,2021-04-08,6696,230620,3515,96571,2370,123646,811,10403,3305,69077,3386,85834,4117,154911,California
Monterey,2021-04-09,5773,236393,3437,100008,1695,125341,641,11044,2295,68534,3475,89309,2932,157843,California
Monterey,2021-04-10,10301,246694,4963,104971,3129,128470,2209,13253,5000,70448,5288,94597,7202,165045,California
Monterey,2021-04-11,5516,252210,4338,109309,571,129041,607,13860,4466,74471,1044,95641,5067,170112,California
Monterey,2021-04-12,4157,256367,1883,111192,1958,130999,316,14176,963,72694,3055,98696,1278,171390,California
Monterey,2021-04-13,3227,259594,742,111934,2479,133478,6,14182,1551,72595,1658,100354,1559,172949,California
Monterey,2021-04-14,6855,266449,3189,115123,3663,137141,3,14185,1865,69498,4966,105320,1869,174818,California
Monterey,2021-04-15,5922,272371,3911,119034,2011,139152,0,14185,3886,71380,2005,107325,3887,178705,California
Monterey,2021-04-16,4789,277160,2334,121368,2442,141594,13,14198,2141,70903,2632,109957,2155,180860,California
Monterey,2021-04-17,5860,283020,1400,122768,4460,146054,0,14198,3799,72658,2045,112002,3800,184660,California
Monterey,2021-04-18,885,283905,292,123060,593,146647,0,14198,258,72293,623,112625,258,184918,California
Monterey,2021-04-19,3622,287527,1159,124219,2463,149110,0,14198,1648,71981,1960,114585,1648,186566,California
Monterey,2021-04-20,3848,291375,1548,125767,2300,151410,0,14198,1528,71214,2296,116881,1529,188095,California
Monterey,2021-04-21,6193,297568,3374,129141,2819,154229,0,14198,2959,70981,3194,120075,2961,191056,California
Monterey,2021-04-22,4899,302467,1070,130211,3829,158058,0,14198,1999,70124,2856,122931,1999,193055,California
Monterey,2021-04-23,5752,308219,2713,132924,3038,161096,1,14199,2267,68933,3464,126395,2273,195328,California
Monterey,2021-04-24,4290,312509,582,133506,3708,164804,0,14199,1547,67754,2726,129121,1547,196875,California
Monterey,2021-04-25,1247,313756,608,134114,639,165443,0,14199,788,68093,449,129570,788,197663,California
Monterey,2021-04-26,3786,317542,2244,136358,1525,166968,17,14216,983,66316,2777,132347,1000,198663,California
Monterey,2021-04-27,2884,320426,945,137303,1799,168767,140,14356,1222,66019,1658,134005,1361,200024,California
Monterey,2021-04-28,3665,324091,1401,138704,2111,170878,153,14509,2254,67024,1396,135401,2401,202425,California
Monterey,2021-04-29,4552,328643,2438,141142,2038,172916,76,14585,1667,65897,2871,138272,1744,204169,California
Monterey,2021-04-30,3244,331887,1685,142827,1484,174400,75,14660,832,64399,2403,140675,905,205074,California
Monterey,2021-05-01,5644,337531,4238,147065,1366,175766,40,14700,686,60186,4937,145612,724,205798,California
Monterey,2021-05-02,4351,341882,3924,150989,400,176166,27,14727,302,56480,4035,149647,329,206127,California
Monterey,2021-05-03,2546,344428,1567,152556,865,177031,114,14841,583,55224,1953,151600,697,206824,California
Monterey,2021-05-04,1826,346254,627,153183,1109,178140,90,14931,660,54823,1152,152752,751,207575,California
Monterey,2021-05-05,3382,349636,1243,154426,2054,180194,85,15016,1073,53684,2298,155050,1159,208734,California
Monterey,2021-05-06,4219,353855,2781,157207,1221,181415,217,15233,1123,51942,3081,158131,1339,210073,California
Monterey,2021-05-07,1970,355825,954,158161,918,182333,98,15331,704,51486,1257,159388,801,210874,California
Monterey,2021-05-08,2717,358542,1483,159644,911,183244,323,15654,964,51031,1741,161129,1286,212160,California
Monterey,2021-05-09,392,358934,113,159757,252,183496,27,15681,127,50921,264,161393,154,212314,California
Monterey,2021-05-10,2827,361761,2081,161838,699,184195,47,15728,527,49209,2288,163681,576,212890,California
Monterey,2021-05-11,1864,363625,952,162790,834,185029,78,15806,759,48955,1092,164773,838,213728,California
Monterey,2021-05-12,3929,367554,2075,164865,1771,186800,83,15889,876,46876,3039,167812,960,214688,California
Monterey,2021-05-13,2683,370237,1604,166469,1025,187825,54,15943,1536,47328,1136,168948,1588,216276,California
Monterey,2021-05-14,1872,372109,582,167051,1190,189015,100,16043,738,47042,1124,170072,838,217114,California
Monterey,2021-05-15,3389,375498,827,167878,2296,191311,266,16309,954,45836,2422,172494,1216,218330,California
Monterey,2021-05-16,983,376481,631,168509,281,191592,71,16380,283,45495,694,173188,353,218683,California
Monterey,2021-05-17,2245,378726,1341,169850,827,192419,77,16457,1069,45478,1163,174351,1146,219829,California
Monterey,2021-05-18,1757,380483,691,170541,1022,193441,44,16501,812,45400,936,175287,858,220687,California
Monterey,2021-05-19,3633,384116,2356,172897,1187,194628,90,16591,1938,45741,1689,176976,2030,222717,California
Monterey,2021-05-20,2785,386901,983,173880,1693,196321,109,16700,936,44954,1835,178811,1048,223765,California
Monterey,2021-05-21,3281,390182,1324,175204,1864,198185,93,16793,1010,43799,2257,181068,1102,224867,California
Monterey,2021-05-22,2133,392315,734,175938,1119,199304,280,17073,808,43571,1314,182382,1086,225953,California
Monterey,2021-05-23,874,393189,517,176455,341,199645,16,17089,501,43721,367,182749,517,226470,California
Monterey,2021-05-24,1739,394928,562,177017,1115,200760,62,17151,578,43206,1156,183905,641,227111,California
Monterey,2021-05-25,1434,396362,548,177565,816,201576,70,17221,567,42991,852,184757,637,227748,California
Monterey,2021-05-26,2677,399039,1031,178596,1589,203165,57,17278,1014,42415,1647,186404,1071,228819,California
Monterey,2021-05-27,2493,401532,1366,179962,1070,204235,57,17335,895,41786,1582,187986,953,229772,California
Monterey,2021-05-28,1744,403276,581,180543,1103,205338,60,17395,753,41620,980,188966,814,230586,California
Monterey,2021-05-29,990,404266,636,181179,321,205659,33,17428,403,41476,581,189547,437,231023,California
Monterey,2021-05-30,380,404646,164,181343,202,205861,14,17442,142,41395,237,189784,156,231179,California
Monterey,2021-05-31,186,404832,34,181377,143,206004,9,17451,52,41323,133,189917,61,231240,California
Monterey,2021-06-01,1722,406554,924,182301,666,206670,132,17583,530,40808,1173,191090,658,231898,California
Monterey,2021-06-02,1690,408244,978,183279,663,207333,49,17632,701,40574,984,192074,750,232648,California
Monterey,2021-06-03,2224,410468,1418,184697,771,208104,35,17667,518,39430,1696,193770,552,233200,California
Monterey,2021-06-04,1334,411802,688,185385,612,208716,34,17701,531,39200,795,194565,565,233765,California
Monterey,2021-06-05,2180,413982,857,186242,703,209419,620,18321,477,38601,1688,196253,1089,234854,California
Monterey,2021-06-06,494,414476,406,186648,79,209498,9,18330,252,38620,241,196494,260,235114,California
Monterey,2021-06-07,943,415419,488,187136,408,209906,47,18377,363,38458,570,197064,408,235522,California
Monterey,2021-06-08,1180,416599,739,187875,417,210323,24,18401,418,38148,751,197815,441,235963,California
Monterey,2021-06-09,2919,419518,2191,190066,602,210925,126,18527,641,36641,2274,200089,767,236730,California
Monterey,2021-06-10,1530,421048,940,191006,529,211454,61,18588,544,36265,979,201068,603,237333,California
Monterey,2021-06-11,1405,422453,766,191772,563,212017,76,18664,511,35963,887,201955,585,237918,California
Monterey,2021-06-12,750,423203,512,192284,223,212240,15,18679,352,35934,396,202351,367,238285,California
Monterey,2021-06-13,597,423800,463,192747,121,212361,13,18692,118,35589,475,202826,130,238415,California
Monterey,2021-06-14,1404,425204,1009,193756,361,212722,34,18726,367,34960,1030,203856,401,238816,California
Monterey,2021-06-15,1171,426375,597,194353,451,213173,123,18849,410,34741,752,204608,533,239349,California
Monterey,2021-06-16,1592,427967,1112,195465,447,213620,33,18882,408,34006,1176,205784,441,239790,California
Monterey,2021-06-17,1185,429152,689,196154,342,213962,154,19036,430,33838,751,206535,583,240373,California
Monterey,2021-06-18,1211,430363,731,196885,451,214413,29,19065,539,33740,666,207201,568,240941,California
Monterey,2021-06-19,1307,431670,1010,197895,266,214679,31,19096,491,33454,808,208009,522,241463,California
Monterey,2021-06-20,236,431906,158,198053,70,214749,8,19104,81,33389,155,208164,90,241553,California
Monterey,2021-06-21,678,432584,371,198424,272,215021,35,19139,387,33524,286,208450,421,241974,California
Monterey,2021-06-22,1527,434111,984,199408,354,215375,189,19328,503,33200,1011,209461,687,242661,California
Monterey,2021-06-23,1080,435191,722,200130,324,215699,34,19362,439,33040,632,210093,472,243133,California
Monterey,2021-06-24,867,436058,519,200649,326,216025,22,19384,418,33035,445,210538,440,243573,California
Monterey,2021-06-25,997,437055,614,201263,367,216392,16,19400,471,33000,521,211059,486,244059,California
Monterey,2021-06-26,610,437665,444,201707,154,216546,12,19412,336,33075,271,211330,346,244405,California
Monterey,2021-06-27,352,438017,272,201979,66,216612,14,19426,99,32936,252,211582,113,244518,California
Monterey,2021-06-28,575,438592,373,202352,171,216783,31,19457,252,32901,318,211900,283,244801,California
Monterey,2021-06-29,857,439449,528,202880,245,217028,84,19541,339,32810,513,212413,422,245223,California
Monterey,2021-06-30,1033,440482,700,203580,313,217341,20,19561,419,32641,608,213021,439,245662,California
Monterey,2021-07-01,763,441245,524,204104,216,217557,23,19584,347,32598,412,213433,369,246031,California
Monterey,2021-07-02,879,442124,487,204591,355,217912,37,19621,469,32701,403,213836,506,246537,California
Monterey,2021-07-03,557,442681,428,205019,126,218038,3,19624,260,32670,294,214130,263,246800,California
Monterey,2021-07-04,22,442703,14,205033,8,218046,0,19624,12,32672,10,214140,12,246812,California
Napa,2020-12-16,12,12,12,12,0,0,0,0,12,12,0,0,12,12,California
Napa,2020-12-17,46,58,46,58,0,0,0,0,46,58,0,0,46,58,California
Napa,2020-12-18,106,164,106,164,0,0,0,0,106,164,0,0,106,164,California
Napa,2020-12-19,222,386,222,386,0,0,0,0,222,386,0,0,222,386,California
Napa,2020-12-20,190,576,190,576,0,0,0,0,190,576,0,0,190,576,California
Napa,2020-12-21,314,890,314,890,0,0,0,0,315,891,0,0,315,891,California
Napa,2020-12-22,338,1228,329,1219,9,9,0,0,338,1229,0,0,338,1229,California
Napa,2020-12-23,436,1664,324,1543,112,121,0,0,436,1665,0,0,436,1665,California
Napa,2020-12-24,139,1803,77,1620,62,183,0,0,139,1804,0,0,139,1804,California
Napa,2020-12-25,1,1804,1,1621,0,183,0,0,1,1805,0,0,1,1805,California
Napa,2020-12-26,40,1844,11,1632,29,212,0,0,40,1845,0,0,40,1845,California
Napa,2020-12-27,32,1876,16,1648,16,228,0,0,32,1877,0,0,32,1877,California
Napa,2020-12-28,252,2128,184,1832,68,296,0,0,279,2156,0,0,279,2156,California
Napa,2020-12-29,274,2402,215,2047,59,355,0,0,307,2463,0,0,307,2463,California
Napa,2020-12-30,634,3036,486,2533,148,503,0,0,642,3105,0,0,642,3105,California
Napa,2020-12-31,462,3498,373,2906,89,592,0,0,462,3567,0,0,462,3567,California
Napa,2021-01-01,1,3499,1,2907,0,592,0,0,1,3568,0,0,1,3568,California
Napa,2021-01-02,95,3594,90,2997,5,597,0,0,95,3663,0,0,95,3663,California
Napa,2021-01-03,14,3608,12,3009,2,599,0,0,9,3672,0,0,9,3672,California
Napa,2021-01-04,105,3713,62,3071,43,642,0,0,105,3777,0,0,105,3777,California
Napa,2021-01-05,163,3876,86,3157,77,719,0,0,146,3899,24,24,146,3923,California
Napa,2021-01-06,466,4342,118,3275,348,1067,0,0,400,4235,64,88,400,4323,California
Napa,2021-01-07,498,4840,236,3511,262,1329,0,0,394,4526,103,191,394,4717,California
Napa,2021-01-08,442,5282,228,3739,214,1543,0,0,258,4601,183,374,258,4975,California
Napa,2021-01-09,328,5610,303,4042,25,1568,0,0,190,4653,138,512,190,5165,California
Napa,2021-01-10,185,5795,102,4144,83,1651,0,0,108,4684,77,589,108,5273,California
Napa,2021-01-11,870,6665,420,4564,450,2101,0,0,500,4815,371,960,502,5775,California
Napa,2021-01-12,1329,7994,381,4945,948,3049,0,0,1005,5496,324,1284,1005,6780,California
Napa,2021-01-13,1319,9313,269,5214,1050,4099,0,0,1155,6489,163,1447,1156,7936,California
Napa,2021-01-14,1055,10368,169,5383,886,4985,0,0,938,7312,115,1562,938,8874,California
Napa,2021-01-15,1471,11839,385,5768,1086,6071,0,0,1324,8482,155,1717,1325,10199,California
Napa,2021-01-16,361,12200,132,5900,229,6300,0,0,343,8807,18,1735,343,10542,California
Napa,2021-01-17,344,12544,179,6079,165,6465,0,0,334,9131,10,1745,334,10876,California
Napa,2021-01-18,1092,13636,197,6276,895,7360,0,0,1001,10041,91,1836,1001,11877,California
Napa,2021-01-19,1006,14642,403,6679,603,7963,0,0,766,10568,239,2075,766,12643,California
Napa,2021-01-20,837,15479,189,6868,648,8611,0,0,649,11032,186,2261,650,13293,California
Napa,2021-01-21,1573,17052,610,7478,963,9574,0,0,1119,11699,453,2714,1120,14413,California
Napa,2021-01-22,1580,18632,436,7914,1144,10718,0,0,1235,12591,344,3058,1236,15649,California
Napa,2021-01-23,397,19029,317,8231,80,10798,0,0,337,12868,60,3118,337,15986,California
Napa,2021-01-24,267,19296,189,8420,78,10876,0,0,209,13019,58,3176,209,16195,California
Napa,2021-01-25,1524,20820,230,8650,1294,12170,0,0,1435,14365,89,3265,1435,17630,California
Napa,2021-01-26,880,21700,284,8934,596,12766,0,0,785,15056,95,3360,786,18416,California
Napa,2021-01-27,632,22332,222,9156,410,13176,0,0,469,15362,164,3524,470,18886,California
Napa,2021-01-28,390,22722,175,9331,215,13391,0,0,197,15368,191,3715,197,19083,California
Napa,2021-01-29,263,22985,66,9397,197,13588,0,0,166,15437,97,3812,166,19249,California
Napa,2021-01-30,821,23806,709,10106,112,13700,0,0,652,15920,169,3981,652,19901,California
Napa,2021-01-31,693,24499,661,10767,32,13732,0,0,669,16565,24,4005,669,20570,California
Napa,2021-02-01,323,24822,113,10880,210,13942,0,0,165,16572,158,4163,165,20735,California
Napa,2021-02-02,616,25438,283,11163,333,14275,0,0,304,16567,309,4472,304,21039,California
Napa,2021-02-03,753,26191,314,11477,439,14714,0,0,435,16685,317,4789,435,21474,California
Napa,2021-02-04,791,26982,373,11850,418,15132,0,0,443,16782,346,5135,443,21917,California
Napa,2021-02-05,714,27696,312,12162,402,15534,0,0,343,16754,371,5506,343,22260,California
Napa,2021-02-06,440,28136,146,12308,294,15828,0,0,334,16983,105,5611,334,22594,California
Napa,2021-02-07,180,28316,167,12475,13,15841,0,0,72,16947,108,5719,72,22666,California
Napa,2021-02-08,839,29155,193,12668,646,16487,0,0,278,16666,559,6278,278,22944,California
Napa,2021-02-09,1090,30245,450,13118,640,17127,0,0,445,16467,644,6922,445,23389,California
Napa,2021-02-10,1741,31986,196,13314,1545,18672,0,0,455,15640,1283,8205,456,23845,California
Napa,2021-02-11,1508,33494,198,13512,1310,19982,0,0,408,14961,1087,9292,408,24253,California
Napa,2021-02-12,2199,35693,867,14379,1332,21314,0,0,697,14161,1497,10789,697,24950,California
Napa,2021-02-13,514,36207,56,14435,458,21772,0,0,320,14287,194,10983,320,25270,California
Napa,2021-02-14,354,36561,88,14523,266,22038,0,0,191,14315,163,11146,191,25461,California
Napa,2021-02-15,886,37447,185,14708,701,22739,0,0,225,13881,659,11805,225,25686,California
Napa,2021-02-16,1298,38745,602,15310,696,23435,0,0,619,13824,676,12481,619,26305,California
Napa,2021-02-17,1066,39811,536,15846,530,23965,0,0,486,13733,578,13059,487,26792,California
Napa,2021-02-18,1944,41755,496,16342,1448,25413,0,0,675,13142,1266,14325,675,27467,California
Napa,2021-02-19,1517,43272,598,16940,919,26332,0,0,683,12993,832,15157,683,28150,California
Napa,2021-02-20,876,44148,638,17578,238,26570,0,0,284,12685,592,15749,284,28434,California
Napa,2021-02-21,894,45042,826,18404,68,26638,0,0,198,12187,696,16445,198,28632,California
Napa,2021-02-22,486,45528,203,18607,283,26921,0,0,149,11999,337,16782,149,28781,California
Napa,2021-02-23,1166,46694,318,18925,848,27769,0,0,330,11493,836,17618,330,29111,California
Napa,2021-02-24,1213,47907,681,19606,532,28301,0,0,616,11514,595,18213,616,29727,California
Napa,2021-02-25,2601,50508,1256,20862,1345,29646,0,0,1879,12673,720,18933,1879,31606,California
Napa,2021-02-26,1553,52061,552,21414,1001,30647,0,0,620,12362,931,19864,620,32226,California
Napa,2021-02-27,1189,53250,425,21839,764,31411,0,0,931,13037,256,20120,931,33157,California
Napa,2021-02-28,727,53977,607,22446,120,31531,0,0,610,13532,115,20235,610,33767,California
Napa,2021-03-01,1173,55150,881,23327,292,31823,0,0,895,14151,276,20511,895,34662,California
Napa,2021-03-02,1506,56656,1050,24377,456,32279,0,0,1160,14966,345,20856,1160,35822,California
Napa,2021-03-03,1572,58228,696,25073,876,33155,0,0,1381,16157,190,21046,1381,37203,California
Napa,2021-03-04,1723,59951,792,25865,931,34086,0,0,1479,17395,241,21287,1479,38682,California
Napa,2021-03-05,1912,61863,792,26657,1116,35202,4,4,1484,18458,425,21712,1488,40170,California
Napa,2021-03-06,658,62521,289,26946,338,35540,31,35,544,18921,112,21824,575,40745,California
Napa,2021-03-07,533,63054,322,27268,196,35736,15,50,382,19168,150,21974,397,41142,California
Napa,2021-03-08,716,63770,337,27605,326,36062,53,103,539,19585,174,22148,591,41733,California
Napa,2021-03-09,1691,65461,610,28215,1035,37097,46,149,1248,20440,439,22587,1294,43027,California
Napa,2021-03-10,1502,66963,927,29142,481,37578,94,243,800,20633,698,23285,891,43918,California
Napa,2021-03-11,1891,68854,1069,30211,690,38268,132,375,988,20848,902,24187,1117,45035,California
Napa,2021-03-12,1520,70374,925,31136,499,38767,96,471,813,21051,704,24891,907,45942,California
Napa,2021-03-13,1181,71555,310,31446,846,39613,25,496,835,21567,344,25235,860,46802,California
Napa,2021-03-14,622,72177,337,31783,134,39747,151,647,206,21508,415,25650,356,47158,California
Napa,2021-03-15,963,73140,414,32197,479,40226,70,717,483,21582,478,26128,552,47710,California
Napa,2021-03-16,1857,74997,394,32591,1336,41562,127,844,1381,22619,472,26600,1509,49219,California
Napa,2021-03-17,2534,77531,1862,34453,493,42055,179,1023,1588,23441,945,27545,1767,50986,California
Napa,2021-03-18,2151,79682,957,35410,1183,43238,11,1034,1285,23876,861,28406,1296,52282,California
Napa,2021-03-19,1460,81142,889,36299,544,43782,27,1061,694,23834,763,29169,721,53003,California
Napa,2021-03-20,1014,82156,531,36830,330,44112,153,1214,390,23754,623,29792,543,53546,California
Napa,2021-03-21,726,82882,701,37531,22,44134,3,1217,232,23497,492,30284,235,53781,California
Napa,2021-03-22,1302,84184,1122,38653,168,44302,12,1229,438,23088,859,31143,450,54231,California
Napa,2021-03-23,1899,86083,1202,39855,680,44982,17,1246,1009,23228,886,32029,1026,55257,California
Napa,2021-03-24,1712,87795,947,40802,756,45738,9,1255,816,23157,895,32924,824,56081,California
Napa,2021-03-25,1938,89733,1059,41861,825,46563,54,1309,774,22827,1158,34082,828,56909,California
Napa,2021-03-26,1313,91046,839,42700,468,47031,6,1315,588,22702,719,34801,594,57503,California
Napa,2021-03-27,953,91999,435,43135,491,47522,27,1342,295,22366,658,35459,322,57825,California
Napa,2021-03-28,492,92491,382,43517,103,47625,7,1349,180,22243,310,35769,187,58012,California
Napa,2021-03-29,1203,93694,877,44394,321,47946,5,1354,731,22509,470,36239,736,58748,California
Napa,2021-03-30,2800,96494,934,45328,1861,49807,5,1359,1979,23671,822,37061,1984,60732,California
Napa,2021-03-31,1976,98470,964,46292,943,50750,69,1428,800,23365,1173,38234,867,61599,California
Napa,2021-04-01,1760,100230,847,47139,795,51545,118,1546,479,22686,1274,39508,595,62194,California
Napa,2021-04-02,1871,102101,844,47983,885,52430,142,1688,473,21905,1395,40903,614,62808,California
Napa,2021-04-03,638,102739,372,48355,208,52638,58,1746,213,21751,424,41327,270,63078,California
Napa,2021-04-04,360,103099,146,48501,155,52793,59,1805,124,21699,235,41562,183,63261,California
Napa,2021-04-05,1277,104376,759,49260,299,53092,219,2024,572,21788,702,42264,791,64052,California
Napa,2021-04-06,2270,106646,567,49827,1442,54534,261,2285,528,20836,1739,44003,787,64839,California
Napa,2021-04-07,1753,108399,708,50535,823,55357,222,2507,530,20369,1217,45220,750,65589,California
Napa,2021-04-08,1873,110272,1073,51608,423,55780,377,2884,963,20804,904,46124,1339,66928,California
Napa,2021-04-09,1550,111822,927,52535,318,56098,305,3189,679,20918,869,46993,983,67911,California
Napa,2021-04-10,1052,112874,352,52887,597,56695,103,3292,245,20462,804,47797,348,68259,California
Napa,2021-04-11,386,113260,300,53187,63,56758,23,3315,157,20413,229,48026,180,68439,California
Napa,2021-04-12,796,114056,302,53489,369,57127,125,3440,292,20324,502,48528,413,68852,California
Napa,2021-04-13,2591,116647,869,54358,1722,58849,0,3440,941,19621,1644,50172,941,69793,California
Napa,2021-04-14,2161,118808,1019,55377,1142,59991,0,3440,1053,19574,1100,51272,1053,70846,California
Napa,2021-04-15,2094,120902,535,55912,1559,61550,0,3440,901,19290,1185,52457,901,71747,California
Napa,2021-04-16,3013,123915,1646,57558,1367,62917,0,3440,2280,20842,728,53185,2280,74027,California
Napa,2021-04-17,1168,125083,275,57833,893,63810,0,3440,862,21399,305,53490,862,74889,California
Napa,2021-04-18,286,125369,190,58023,96,63906,0,3440,124,21361,162,53652,124,75013,California
Napa,2021-04-19,631,126000,342,58365,289,64195,0,3440,276,21283,354,54006,276,75289,California
Napa,2021-04-20,3075,129075,2096,60461,979,65174,0,3440,2090,22391,983,54989,2091,77380,California
Napa,2021-04-21,2982,132057,2202,62663,780,65954,0,3440,1885,23186,1091,56080,1886,79266,California
Napa,2021-04-22,1833,133890,1297,63960,536,66490,0,3440,865,23087,964,57044,865,80131,California
Napa,2021-04-23,1653,135543,1270,65230,381,66871,2,3442,1164,23766,485,57529,1164,81295,California
Napa,2021-04-24,573,136116,322,65552,251,67122,0,3442,297,23790,273,57802,297,81592,California
Napa,2021-04-25,249,136365,190,65742,59,67181,0,3442,127,23796,121,57923,127,81719,California
Napa,2021-04-26,551,136916,282,66024,269,67450,0,3442,284,23818,262,58185,284,82003,California
Napa,2021-04-27,1789,138705,469,66493,1308,68758,12,3454,594,23233,1191,59376,606,82609,California
Napa,2021-04-28,1021,139726,472,66965,532,69290,17,3471,349,22929,670,60046,366,82975,California
Napa,2021-04-29,732,140458,364,67329,349,69639,19,3490,268,22758,457,60503,286,83261,California
Napa,2021-04-30,623,141081,312,67641,247,69886,64,3554,258,22716,363,60866,321,83582,California
Napa,2021-05-01,330,141411,271,67912,48,69934,11,3565,122,22641,208,61074,133,83715,California
Napa,2021-05-02,238,141649,194,68106,38,69972,6,3571,100,22610,137,61211,106,83821,California
Napa,2021-05-03,637,142286,497,68603,104,70076,36,3607,111,22236,522,61733,148,83969,California
Napa,2021-05-04,1140,143426,727,69330,301,70377,112,3719,305,21822,831,62564,417,84386,California
Napa,2021-05-05,1042,144468,705,70035,299,70676,38,3757,263,21347,776,63340,301,84687,California
Napa,2021-05-06,722,145190,320,70355,379,71055,23,3780,371,21400,342,63682,395,85082,California
Napa,2021-05-07,1597,146787,1366,71721,168,71223,63,3843,332,20553,1241,64923,394,85476,California
Napa,2021-05-08,258,147045,165,71886,82,71305,11,3854,87,20482,169,65092,98,85574,California
Napa,2021-05-09,120,147165,88,71974,32,71337,0,3854,59,20480,61,65153,59,85633,California
Napa,2021-05-10,430,147595,146,72120,265,71602,19,3873,111,20292,318,65471,130,85763,California
Napa,2021-05-11,2195,149790,1810,73930,360,71962,25,3898,386,18900,1803,67274,411,86174,California
Napa,2021-05-12,2219,152009,1388,75318,774,72736,57,3955,311,17365,1902,69176,367,86541,California
Napa,2021-05-13,1969,153978,1249,76567,680,73416,40,3995,864,17172,1098,70274,905,87446,California
Napa,2021-05-14,1967,155945,1188,77755,693,74109,86,4081,533,16365,1427,71701,620,88066,California
Napa,2021-05-15,1078,157023,366,78121,700,74809,12,4093,258,15820,816,72517,271,88337,California
Napa,2021-05-16,244,157267,164,78285,78,74887,2,4095,73,15724,171,72688,75,88412,California
Napa,2021-05-17,892,158159,347,78632,515,75402,30,4125,306,15537,524,73212,337,88749,California
Napa,2021-05-18,1083,159242,558,79190,468,75870,57,4182,516,15548,562,73774,573,89322,California
Napa,2021-05-19,976,160218,574,79764,372,76242,30,4212,507,15618,466,74240,536,89858,California
Napa,2021-05-20,660,160878,435,80199,194,76436,31,4243,380,15751,278,74518,411,90269,California
Napa,2021-05-21,528,161406,267,80466,229,76665,32,4275,219,15695,307,74825,251,90520,California
Napa,2021-05-22,463,161869,276,80742,178,76843,9,4284,192,15626,271,75096,202,90722,California
Napa,2021-05-23,401,162270,355,81097,35,76878,11,4295,296,15828,105,75201,307,91029,California
Napa,2021-05-24,385,162655,188,81285,177,77055,20,4315,154,15773,229,75430,174,91203,California
Napa,2021-05-25,429,163084,175,81460,183,77238,71,4386,144,15703,284,75714,214,91417,California
Napa,2021-05-26,560,163644,362,81822,174,77412,24,4410,320,15810,237,75951,344,91761,California
Napa,2021-05-27,398,164042,171,81993,199,77611,28,4438,151,15742,247,76198,179,91940,California
Napa,2021-05-28,406,164448,211,82204,171,77782,24,4462,169,15700,233,76431,191,92131,California
Napa,2021-05-29,128,164576,79,82283,45,77827,4,4466,74,15725,53,76484,78,92209,California
Napa,2021-05-30,97,164673,61,82344,31,77858,5,4471,28,15691,67,76551,33,92242,California
Napa,2021-05-31,51,164724,17,82361,28,77886,6,4477,9,15664,42,76593,15,92257,California
Napa,2021-06-01,605,165329,313,82674,268,78154,24,4501,261,15610,338,76931,284,92541,California
Napa,2021-06-02,412,165741,244,82918,146,78300,22,4523,190,15601,220,77151,211,92752,California
Napa,2021-06-03,754,166495,460,83378,269,78569,25,4548,128,15130,622,77773,151,92903,California
Napa,2021-06-04,784,167279,603,83981,144,78713,37,4585,145,14675,637,78410,182,93085,California
Napa,2021-06-05,312,167591,254,84235,47,78760,11,4596,73,14522,237,78647,84,93169,California
Napa,2021-06-06,146,167737,126,84361,19,78779,1,4597,45,14468,100,78747,46,93215,California
Napa,2021-06-07,396,168133,286,84647,82,78861,28,4625,93,14286,303,79050,121,93336,California
Napa,2021-06-08,623,168756,494,85141,112,78973,17,4642,275,14233,345,79395,292,93628,California
Napa,2021-06-09,556,169312,451,85592,90,79063,15,4657,97,13887,458,79853,112,93740,California
Napa,2021-06-10,511,169823,414,86006,64,79127,33,4690,107,13623,404,80257,140,93880,California
Napa,2021-06-11,412,170235,268,86274,119,79246,25,4715,117,13471,294,80551,142,94022,California
Napa,2021-06-12,204,170439,172,86446,27,79273,5,4720,41,13354,163,80714,46,94068,California
Napa,2021-06-13,290,170729,277,86723,8,79281,5,4725,29,13127,261,80975,34,94102,California
Napa,2021-06-14,484,171213,341,87064,117,79398,26,4751,92,12854,388,81363,115,94217,California
Napa,2021-06-15,377,171590,277,87341,87,79485,13,4764,185,12862,190,81553,198,94415,California
Napa,2021-06-16,261,171851,164,87505,81,79566,16,4780,84,12789,173,81726,100,94515,California
Napa,2021-06-17,391,172242,322,87827,61,79627,8,4788,71,12548,320,82046,79,94594,California
Napa,2021-06-18,267,172509,173,88000,83,79710,11,4799,90,12474,175,82221,101,94695,California
Napa,2021-06-19,110,172619,77,88077,23,79733,10,4809,47,12470,61,82282,57,94752,California
Napa,2021-06-20,54,172673,42,88119,9,79742,3,4812,19,12457,35,82317,22,94774,California
Napa,2021-06-21,158,172831,73,88192,65,79807,20,4832,75,12469,82,82399,94,94868,California
Napa,2021-06-22,375,173206,296,88488,64,79871,15,4847,109,12329,264,82663,124,94992,California
Napa,2021-06-23,340,173546,264,88752,54,79925,22,4869,109,12232,227,82890,130,95122,California
Napa,2021-06-24,167,173713,114,88866,48,79973,5,4874,71,12214,94,82984,76,95198,California
Napa,2021-06-25,244,173957,161,89027,70,80043,13,4887,119,12226,119,83103,131,95329,California
Napa,2021-06-26,92,174049,76,89103,11,80054,5,4892,45,12229,47,83150,50,95379,California
Napa,2021-06-27,70,174119,60,89163,10,80064,0,4892,33,12225,37,83187,33,95412,California
Napa,2021-06-28,189,174308,144,89307,34,80098,11,4903,82,12211,106,83293,92,95504,California
Napa,2021-06-29,405,174713,334,89641,55,80153,16,4919,113,12049,290,83583,128,95632,California
Napa,2021-06-30,178,174891,123,89764,46,80199,9,4928,79,12039,98,83681,88,95720,California
Napa,2021-07-01,166,175057,113,89877,45,80244,8,4936,75,12031,90,83771,82,95802,California
Napa,2021-07-02,169,175226,131,90008,31,80275,7,4943,68,12006,100,83871,75,95877,California
Napa,2021-07-03,70,175296,58,90066,7,80282,5,4948,41,12023,29,83900,46,95923,California
Napa,2021-07-04,7,175303,0,90066,6,80288,1,4949,0,12017,7,83907,1,95924,California
Nevada,2020-12-16,3,3,3,3,0,0,0,0,3,3,0,0,3,3,California
Nevada,2020-12-17,6,9,6,9,0,0,0,0,6,9,0,0,6,9,California
Nevada,2020-12-18,57,66,57,66,0,0,0,0,57,66,0,0,57,66,California
Nevada,2020-12-19,55,121,55,121,0,0,0,0,55,121,0,0,55,121,California
Nevada,2020-12-20,13,134,13,134,0,0,0,0,13,134,0,0,13,134,California
Nevada,2020-12-21,69,203,69,203,0,0,0,0,69,203,0,0,69,203,California
Nevada,2020-12-22,90,293,88,291,2,2,0,0,90,293,0,0,90,293,California
Nevada,2020-12-23,232,525,202,493,30,32,0,0,232,525,0,0,232,525,California
Nevada,2020-12-24,13,538,11,504,2,34,0,0,13,538,0,0,13,538,California
Nevada,2020-12-25,3,541,3,507,0,34,0,0,3,541,0,0,3,541,California
Nevada,2020-12-26,6,547,4,511,2,36,0,0,6,547,0,0,6,547,California
Nevada,2020-12-27,89,636,89,600,0,36,0,0,89,636,0,0,89,636,California
Nevada,2020-12-28,172,808,94,694,78,114,0,0,172,808,0,0,172,808,California
Nevada,2020-12-29,100,908,74,768,26,140,0,0,100,908,0,0,100,908,California
Nevada,2020-12-30,86,994,66,834,20,160,0,0,86,994,0,0,86,994,California
Nevada,2020-12-31,38,1032,8,842,30,190,0,0,38,1032,0,0,38,1032,California
Nevada,2021-01-01,3,1035,0,842,3,193,0,0,3,1035,0,0,3,1035,California
Nevada,2021-01-02,2,1037,1,843,1,194,0,0,2,1037,0,0,2,1037,California
Nevada,2021-01-03,130,1167,125,968,5,199,0,0,130,1167,0,0,130,1167,California
Nevada,2021-01-04,72,1239,47,1015,25,224,0,0,72,1239,0,0,72,1239,California
Nevada,2021-01-05,274,1513,133,1148,141,365,0,0,273,1511,1,1,273,1512,California
Nevada,2021-01-06,90,1603,42,1190,48,413,0,0,82,1585,8,9,82,1594,California
Nevada,2021-01-07,217,1820,43,1233,174,587,0,0,210,1790,6,15,211,1805,California
Nevada,2021-01-08,222,2042,129,1362,93,680,0,0,165,1899,57,72,166,1971,California
Nevada,2021-01-09,64,2106,57,1419,7,687,0,0,14,1863,50,122,14,1985,California
Nevada,2021-01-10,19,2125,10,1429,9,696,0,0,10,1864,9,131,10,1995,California
Nevada,2021-01-11,188,2313,131,1560,57,753,0,0,60,1796,128,259,60,2055,California
Nevada,2021-01-12,600,2913,453,2013,147,900,0,0,533,2262,67,326,533,2588,California
Nevada,2021-01-13,262,3175,148,2161,114,1014,0,0,128,2256,134,460,128,2716,California
Nevada,2021-01-14,239,3414,127,2288,112,1126,0,0,222,2462,16,476,222,2938,California
Nevada,2021-01-15,402,3816,174,2462,228,1354,0,0,301,2662,101,577,301,3239,California
Nevada,2021-01-16,299,4115,15,2477,284,1638,0,0,295,2953,4,581,295,3534,California
Nevada,2021-01-17,37,4152,33,2510,4,1642,0,0,35,2986,2,583,35,3569,California
Nevada,2021-01-18,151,4303,41,2551,110,1752,0,0,141,3117,10,593,141,3710,California
Nevada,2021-01-19,250,4553,90,2641,160,1912,0,0,228,3323,22,615,228,3938,California
Nevada,2021-01-20,276,4829,166,2807,110,2022,0,0,262,3571,14,629,262,4200,California
Nevada,2021-01-21,345,5174,207,3014,138,2160,0,0,332,3890,13,642,332,4532,California
Nevada,2021-01-22,379,5553,237,3251,142,2302,0,0,349,4209,30,672,349,4881,California
Nevada,2021-01-23,182,5735,107,3358,75,2377,0,0,182,4391,0,672,182,5063,California
Nevada,2021-01-24,110,5845,102,3460,8,2385,0,0,69,4419,41,713,69,5132,California
Nevada,2021-01-25,266,6111,135,3595,131,2516,0,0,204,4561,62,775,204,5336,California
Nevada,2021-01-26,408,6519,145,3740,263,2779,0,0,303,4759,105,880,303,5639,California
Nevada,2021-01-27,429,6948,254,3994,175,2954,0,0,404,5138,25,905,404,6043,California
Nevada,2021-01-28,480,7428,327,4321,153,3107,0,0,436,5531,43,948,436,6479,California
Nevada,2021-01-29,607,8035,392,4713,215,3322,0,0,579,6084,27,975,580,7059,California
Nevada,2021-01-30,296,8331,106,4819,190,3512,0,0,293,6374,3,978,293,7352,California
Nevada,2021-01-31,104,8435,87,4906,17,3529,0,0,100,6472,3,981,101,7453,California
Nevada,2021-02-01,294,8729,72,4978,222,3751,0,0,280,6738,14,995,280,7733,California
Nevada,2021-02-02,533,9262,188,5166,345,4096,0,0,333,6871,200,1195,333,8066,California
Nevada,2021-02-03,818,10080,575,5741,243,4339,0,0,763,7580,54,1249,763,8829,California
Nevada,2021-02-04,741,10821,393,6134,348,4687,0,0,489,7818,251,1500,489,9318,California
Nevada,2021-02-05,658,11479,370,6504,288,4975,0,0,467,8096,189,1689,467,9785,California
Nevada,2021-02-06,272,11751,84,6588,188,5163,0,0,243,8310,29,1718,243,10028,California
Nevada,2021-02-07,247,11998,193,6781,54,5217,0,0,192,8447,55,1773,192,10220,California
Nevada,2021-02-08,655,12653,406,7187,249,5466,0,0,551,8896,102,1875,551,10771,California
Nevada,2021-02-09,607,13260,340,7527,267,5733,0,0,464,9217,143,2018,464,11235,California
Nevada,2021-02-10,655,13915,327,7854,328,6061,0,0,422,9408,232,2250,423,11658,California
Nevada,2021-02-11,889,14804,514,8368,375,6436,0,0,554,9629,333,2583,554,12212,California
Nevada,2021-02-12,958,15762,446,8814,512,6948,0,0,630,9934,325,2908,630,12842,California
Nevada,2021-02-13,618,16380,240,9054,378,7326,0,0,392,10105,222,3130,393,13235,California
Nevada,2021-02-14,234,16614,120,9174,114,7440,0,0,205,10281,29,3159,205,13440,California
Nevada,2021-02-15,712,17326,438,9612,274,7714,0,0,538,10645,174,3333,538,13978,California
Nevada,2021-02-16,629,17955,202,9814,427,8141,0,0,458,10933,170,3503,458,14436,California
Nevada,2021-02-17,1203,19158,778,10592,425,8566,0,0,859,11448,344,3847,859,15295,California
Nevada,2021-02-18,1025,20183,558,11150,467,9033,0,0,603,11632,419,4266,603,15898,California
Nevada,2021-02-19,1132,21315,636,11786,496,9529,0,0,761,12025,369,4635,762,16660,California
Nevada,2021-02-20,308,21623,113,11899,195,9724,0,0,180,12078,127,4762,180,16840,California
Nevada,2021-02-21,105,21728,91,11990,14,9738,0,0,15,12006,87,4849,15,16855,California
Nevada,2021-02-22,517,22245,346,12336,171,9909,0,0,366,12222,150,4999,366,17221,California
Nevada,2021-02-23,510,22755,250,12586,260,10169,0,0,227,12170,280,5279,228,17449,California
Nevada,2021-02-24,522,23277,278,12864,244,10413,0,0,256,12164,266,5545,260,17709,California
Nevada,2021-02-25,874,24151,473,13337,401,10814,0,0,437,12166,435,5980,437,18146,California
Nevada,2021-02-26,1250,25401,889,14226,361,11175,0,0,418,11755,829,6809,418,18564,California
Nevada,2021-02-27,426,25827,113,14339,313,11488,0,0,195,11719,231,7040,195,18759,California
Nevada,2021-02-28,274,26101,160,14499,114,11602,0,0,127,11700,146,7186,127,18886,California
Nevada,2021-03-01,841,26942,438,14937,403,12005,0,0,369,11601,468,7654,369,19255,California
Nevada,2021-03-02,742,27684,292,15229,450,12455,0,0,511,11886,226,7880,511,19766,California
Nevada,2021-03-03,992,28676,509,15738,482,12937,1,1,519,11935,471,8351,520,20286,California
Nevada,2021-03-04,1112,29788,623,16361,489,13426,0,1,468,11763,640,8991,468,20754,California
Nevada,2021-03-05,1183,30971,480,16841,693,14119,10,11,707,12007,473,9464,717,21471,California
Nevada,2021-03-06,364,31335,121,16962,216,14335,27,38,149,11967,215,9679,175,21646,California
Nevada,2021-03-07,209,31544,108,17070,81,14416,20,58,69,11916,140,9819,89,21735,California
Nevada,2021-03-08,831,32375,562,17632,223,14639,46,104,374,11881,456,10275,421,22156,California
Nevada,2021-03-09,794,33169,404,18036,340,14979,50,154,467,12072,325,10600,516,22672,California
Nevada,2021-03-10,1010,34179,651,18687,303,15282,56,210,340,11804,663,11263,395,23067,California
Nevada,2021-03-11,1114,35293,729,19416,360,15642,25,235,550,11824,555,11818,575,23642,California
Nevada,2021-03-12,1536,36829,727,20143,779,16421,30,265,838,11996,694,12512,866,24508,California
Nevada,2021-03-13,943,37772,58,20201,880,17301,5,270,757,12574,184,12696,762,25270,California
Nevada,2021-03-14,160,37932,20,20221,135,17436,5,275,33,12485,127,12823,38,25308,California
Nevada,2021-03-15,857,38789,467,20688,378,17814,12,287,359,12362,494,13317,371,25679,California
Nevada,2021-03-16,1006,39795,470,21158,474,18288,62,349,640,12699,364,13681,701,26380,California
Nevada,2021-03-17,1027,40822,454,21612,563,18851,10,359,585,12856,439,14120,596,26976,California
Nevada,2021-03-18,982,41804,531,22143,428,19279,23,382,476,12854,500,14620,498,27474,California
Nevada,2021-03-19,940,42744,440,22583,463,19742,37,419,362,12680,573,15193,399,27873,California
Nevada,2021-03-20,837,43581,94,22677,316,20058,427,846,243,12758,588,15781,666,28539,California
Nevada,2021-03-21,61,43642,32,22709,28,20086,1,847,34,12767,26,15807,35,28574,California
Nevada,2021-03-22,803,44445,520,23229,278,20364,5,852,530,13032,270,16077,535,29109,California
Nevada,2021-03-23,862,45307,390,23619,444,20808,28,880,618,13437,241,16318,646,29755,California
Nevada,2021-03-24,1023,46330,544,24163,472,21280,7,887,639,13704,378,16696,645,30400,California
Nevada,2021-03-25,914,47244,464,24627,425,21705,25,912,491,13798,421,17117,515,30915,California
Nevada,2021-03-26,1175,48419,445,25072,691,22396,39,951,846,14356,326,17443,884,31799,California
Nevada,2021-03-27,592,49011,73,25145,503,22899,16,967,406,14593,185,17628,422,32221,California
Nevada,2021-03-28,177,49188,53,25198,111,23010,13,980,35,14504,137,17765,48,32269,California
Nevada,2021-03-29,824,50012,501,25699,301,23311,22,1002,372,14450,447,18212,393,32662,California
Nevada,2021-03-30,1060,51072,484,26183,542,23853,34,1036,488,14408,564,18776,522,33184,California
Nevada,2021-03-31,1182,52254,661,26844,504,24357,17,1053,670,14591,503,19279,686,33870,California
Nevada,2021-04-01,1249,53503,729,27573,466,24823,54,1107,554,14513,684,19963,606,34476,California
Nevada,2021-04-02,1304,54807,662,28235,606,25429,36,1143,772,14793,528,20491,808,35284,California
Nevada,2021-04-03,289,55096,86,28321,162,25591,41,1184,82,14710,206,20697,123,35407,California
Nevada,2021-04-04,129,55225,42,28363,80,25671,7,1191,77,14742,52,20749,84,35491,California
Nevada,2021-04-05,937,56162,615,28978,302,25973,20,1211,621,15071,311,21060,640,36131,California
Nevada,2021-04-06,1077,57239,666,29644,267,26240,144,1355,435,15014,635,21695,578,36709,California
Nevada,2021-04-07,1150,58389,822,30466,245,26485,83,1438,611,15175,532,22227,693,37402,California
Nevada,2021-04-08,1283,59672,891,31357,307,26792,85,1523,708,15397,570,22797,792,38194,California
Nevada,2021-04-09,1276,60948,850,32207,359,27151,67,1590,864,15917,410,23207,930,39124,California
Nevada,2021-04-10,899,61847,78,32285,745,27896,76,1666,125,15350,768,23975,201,39325,California
Nevada,2021-04-11,112,61959,34,32319,72,27968,6,1672,36,15316,76,24051,42,39367,California
Nevada,2021-04-12,747,62706,542,32861,188,28156,17,1689,316,15223,426,24477,333,39700,California
Nevada,2021-04-13,890,63596,353,33214,537,28693,0,1689,471,15279,415,24892,471,40171,California
Nevada,2021-04-14,1059,64655,569,33783,490,29183,0,1689,539,15306,512,25404,539,40710,California
Nevada,2021-04-15,1085,65740,711,34494,374,29557,0,1689,626,15485,447,25851,626,41336,California
Nevada,2021-04-16,912,66652,694,35188,218,29775,0,1689,518,15611,392,26243,518,41854,California
Nevada,2021-04-17,202,66854,54,35242,148,29923,0,1689,87,15585,113,26356,87,41941,California
Nevada,2021-04-18,203,67057,22,35264,181,30104,0,1689,103,15588,100,26456,103,42044,California
Nevada,2021-04-19,757,67814,484,35748,273,30377,0,1689,309,15460,437,26893,309,42353,California
Nevada,2021-04-20,833,68647,333,36081,500,30877,0,1689,313,15259,514,27407,313,42666,California
Nevada,2021-04-21,935,69582,520,36601,415,31292,0,1689,272,14879,652,28059,272,42938,California
Nevada,2021-04-22,1007,70589,631,37232,376,31668,0,1689,341,14566,655,28714,342,43280,California
Nevada,2021-04-23,1259,71848,552,37784,707,32375,0,1689,401,14121,846,29560,401,43681,California
Nevada,2021-04-24,520,72368,71,37855,449,32824,0,1689,168,13939,350,29910,168,43849,California
Nevada,2021-04-25,132,72500,60,37915,67,32891,5,1694,51,13914,80,29990,55,43904,California
Nevada,2021-04-26,745,73245,561,38476,176,33067,8,1702,218,13623,517,30507,226,44130,California
Nevada,2021-04-27,819,74064,380,38856,434,33501,5,1707,412,13641,399,30906,417,44547,California
Nevada,2021-04-28,994,75058,582,39438,407,33908,5,1712,387,13433,600,31506,392,44939,California
Nevada,2021-04-29,1020,76078,709,40147,307,34215,4,1716,280,12979,738,32244,284,45223,California
Nevada,2021-04-30,1249,77327,728,40875,513,34728,8,1724,213,12166,1034,33278,221,45444,California
Nevada,2021-05-01,144,77471,60,40935,80,34808,4,1728,63,12154,79,33357,67,45511,California
Nevada,2021-05-02,58,77529,32,40967,22,34830,4,1732,20,12140,38,33395,24,45535,California
Nevada,2021-05-03,610,78139,405,41372,186,35016,19,1751,178,11908,428,33823,196,45731,California
Nevada,2021-05-04,594,78733,173,41545,403,35419,18,1769,338,12012,252,34075,356,46087,California
Nevada,2021-05-05,737,79470,381,41926,342,35761,14,1783,323,11944,405,34480,337,46424,California
Nevada,2021-05-06,807,80277,565,42491,231,35992,11,1794,198,11554,599,35079,209,46633,California
Nevada,2021-05-07,893,81170,488,42979,370,36362,35,1829,184,11068,705,35784,219,46852,California
Nevada,2021-05-08,175,81345,19,42998,136,36498,20,1849,77,11069,96,35880,97,46949,California
Nevada,2021-05-09,44,81389,8,43006,34,36532,2,1851,21,11069,23,35903,23,46972,California
Nevada,2021-05-10,391,81780,248,43254,119,36651,24,1875,78,10859,312,36215,102,47074,California
Nevada,2021-05-11,516,82296,154,43408,349,37000,13,1888,128,10620,380,36595,141,47215,California
Nevada,2021-05-12,542,82838,237,43645,294,37294,11,1899,152,10402,381,36976,163,47378,California
Nevada,2021-05-13,839,83677,556,44201,273,37567,10,1909,433,10447,398,37374,443,47821,California
Nevada,2021-05-14,792,84469,583,44784,191,37758,18,1927,443,10563,345,37719,461,48282,California
Nevada,2021-05-15,186,84655,87,44871,91,37849,8,1935,87,10560,98,37817,95,48377,California
Nevada,2021-05-16,161,84816,54,44925,107,37956,0,1935,56,10511,105,37922,56,48433,California
Nevada,2021-05-17,499,85315,320,45245,149,38105,30,1965,215,10483,273,38195,245,48678,California
Nevada,2021-05-18,420,85735,256,45501,160,38265,4,1969,221,10512,197,38392,226,48904,California
Nevada,2021-05-19,492,86227,355,45856,132,38397,5,1974,257,10548,226,38618,262,49166,California
Nevada,2021-05-20,611,86838,352,46208,247,38644,12,1986,219,10392,387,39005,231,49397,California
Nevada,2021-05-21,512,87350,328,46536,174,38818,10,1996,220,10334,288,39293,230,49627,California
Nevada,2021-05-22,243,87593,34,46570,156,38974,53,2049,92,10328,151,39444,145,49772,California
Nevada,2021-05-23,52,87645,18,46588,34,39008,0,2049,17,10311,34,39478,17,49789,California
Nevada,2021-05-24,314,87959,219,46807,81,39089,14,2063,105,10224,206,39684,119,49908,California
Nevada,2021-05-25,343,88302,83,46890,248,39337,12,2075,81,10060,257,39941,93,50001,California
Nevada,2021-05-26,454,88756,196,47086,248,39585,10,2085,134,9891,313,40254,144,50145,California
Nevada,2021-05-27,426,89182,226,47312,179,39764,21,2106,179,9848,243,40497,200,50345,California
Nevada,2021-05-28,348,89530,214,47526,111,39875,23,2129,190,9907,155,40652,214,50559,California
Nevada,2021-05-29,66,89596,12,47538,54,39929,0,2129,41,9923,25,40677,41,50600,California
Nevada,2021-05-30,37,89633,19,47557,16,39945,2,2131,25,9938,12,40689,27,50627,California
Nevada,2021-05-31,6,89639,4,47561,0,39945,2,2133,2,9938,4,40693,4,50631,California
Nevada,2021-06-01,420,90059,127,47688,275,40220,18,2151,100,9745,311,41004,118,50749,California
Nevada,2021-06-02,403,90462,165,47853,231,40451,7,2158,101,9559,294,41298,108,50857,California
Nevada,2021-06-03,566,91028,405,48258,156,40607,5,2163,99,9201,462,41760,104,50961,California
Nevada,2021-06-04,547,91575,438,48696,105,40712,4,2167,106,8875,436,42196,110,51071,California
Nevada,2021-06-05,172,91747,70,48766,100,40812,2,2169,65,8836,106,42302,67,51138,California
Nevada,2021-06-06,53,91800,40,48806,13,40825,0,2169,12,8807,41,42343,12,51150,California
Nevada,2021-06-07,270,92070,196,49002,44,40869,30,2199,60,8692,205,42548,90,51240,California
Nevada,2021-06-08,293,92363,194,49196,85,40954,14,2213,67,8556,217,42765,81,51321,California
Nevada,2021-06-09,325,92688,218,49414,100,41054,7,2220,82,8406,239,43004,89,51410,California
Nevada,2021-06-10,274,92962,176,49590,89,41143,9,2229,73,8293,194,43198,81,51491,California
Nevada,2021-06-11,327,93289,232,49822,76,41219,19,2248,75,8137,249,43447,93,51584,California
Nevada,2021-06-12,92,93381,54,49876,33,41252,5,2253,27,8104,65,43512,32,51616,California
Nevada,2021-06-13,32,93413,17,49893,14,41266,1,2254,6,8085,26,43538,7,51623,California
Nevada,2021-06-14,191,93604,137,50030,43,41309,11,2265,49,8010,135,43673,60,51683,California
Nevada,2021-06-15,170,93774,97,50127,65,41374,8,2273,67,7985,100,43773,75,51758,California
Nevada,2021-06-16,236,94010,132,50259,95,41469,9,2282,69,7903,160,43933,78,51836,California
Nevada,2021-06-17,227,94237,133,50392,80,41549,14,2296,40,7771,186,44119,54,51890,California
Nevada,2021-06-18,219,94456,152,50544,50,41599,17,2313,68,7707,149,44268,85,51975,California
Nevada,2021-06-19,69,94525,33,50577,30,41629,6,2319,29,7702,40,44308,35,52010,California
Nevada,2021-06-20,27,94552,20,50597,7,41636,0,2319,8,7692,18,44326,8,52018,California
Nevada,2021-06-21,110,94662,49,50646,54,41690,7,2326,49,7693,55,44381,56,52074,California
Nevada,2021-06-22,167,94829,98,50744,58,41748,11,2337,68,7679,93,44474,79,52153,California
Nevada,2021-06-23,213,95042,139,50883,44,41792,30,2367,87,7674,121,44595,116,52269,California
Nevada,2021-06-24,178,95220,113,50996,47,41839,18,2385,60,7640,112,44707,78,52347,California
Nevada,2021-06-25,207,95427,138,51134,48,41887,21,2406,76,7606,131,44838,97,52444,California
Nevada,2021-06-26,83,95510,61,51195,20,41907,2,2408,31,7587,52,44890,33,52477,California
Nevada,2021-06-27,29,95539,13,51208,12,41919,4,2412,7,7576,22,44912,11,52488,California
Nevada,2021-06-28,169,95708,119,51327,28,41947,22,2434,67,7571,94,45006,89,52577,California
Nevada,2021-06-29,129,95837,74,51401,43,41990,12,2446,46,7554,75,45081,58,52635,California
Nevada,2021-06-30,164,96001,125,51526,33,42023,6,2452,53,7504,108,45189,58,52693,California
Nevada,2021-07-01,124,96125,86,51612,27,42050,11,2463,54,7501,68,45257,65,52758,California
Nevada,2021-07-02,147,96272,97,51709,37,42087,13,2476,72,7518,68,45325,85,52843,California
Nevada,2021-07-03,32,96304,16,51725,11,42098,5,2481,17,7525,14,45339,21,52864,California
Orange,2020-12-15,17,17,17,17,0,0,0,0,17,17,0,0,17,17,California
Orange,2020-12-16,400,417,400,417,0,0,0,0,400,417,0,0,400,417,California
Orange,2020-12-17,3772,4189,3772,4189,0,0,0,0,3771,4188,0,0,3771,4188,California
Orange,2020-12-18,5124,9313,5116,9305,8,8,0,0,5122,9309,1,1,5122,9310,California
Orange,2020-12-19,2246,11559,2239,11544,7,15,0,0,2245,11554,0,1,2245,11555,California
Orange,2020-12-20,2005,13564,2002,13546,3,18,0,0,2005,13558,1,2,2005,13560,California
Orange,2020-12-21,4273,17837,4267,17813,6,24,0,0,4273,17831,0,2,4273,17833,California
Orange,2020-12-22,4000,21837,3964,21777,36,60,0,0,4000,21831,0,2,4000,21833,California
Orange,2020-12-23,3608,25445,3238,25015,370,430,0,0,3608,25438,1,3,3608,25441,California
Orange,2020-12-24,1390,26835,1089,26104,301,731,0,0,1390,26828,0,3,1390,26831,California
Orange,2020-12-25,21,26856,16,26120,5,736,0,0,21,26849,0,3,21,26852,California
Orange,2020-12-26,999,27855,423,26543,576,1312,0,0,999,27848,0,3,999,27851,California
Orange,2020-12-27,587,28442,275,26818,312,1624,0,0,587,28435,0,3,587,28438,California
Orange,2020-12-28,3639,32081,2640,29458,999,2623,0,0,3639,32074,0,3,3639,32077,California
Orange,2020-12-29,3532,35613,2509,31967,1023,3646,0,0,3531,35604,1,4,3531,35608,California
Orange,2020-12-30,5151,40764,3558,35525,1593,5239,0,0,5151,40755,0,4,5151,40759,California
Orange,2020-12-31,1532,42296,820,36345,712,5951,0,0,1529,42281,3,7,1529,42288,California
Orange,2021-01-01,720,43016,394,36739,326,6277,0,0,718,42997,2,9,718,43006,California
Orange,2021-01-02,1374,44390,845,37584,529,6806,0,0,1371,44366,2,11,1371,44377,California
Orange,2021-01-03,591,44981,324,37908,267,7073,0,0,590,44956,0,11,590,44967,California
Orange,2021-01-04,2785,47766,1574,39482,1211,8284,0,0,2786,47741,1,12,2786,47753,California
Orange,2021-01-05,3558,51324,2320,41802,1238,9522,0,0,3143,50475,412,424,3146,50899,California
Orange,2021-01-06,5051,56375,3479,45281,1572,11094,0,0,3672,52780,1367,1791,3672,54571,California
Orange,2021-01-07,9390,65765,5245,50526,4145,15239,0,0,5741,54892,3634,5425,5746,60317,California
Orange,2021-01-08,9584,75349,5386,55912,4198,19437,0,0,5723,56768,3850,9275,5726,66043,California
Orange,2021-01-09,5071,80420,1772,57684,3299,22736,0,0,3774,59245,1297,10572,3774,69817,California
Orange,2021-01-10,4279,84699,1057,58741,3222,25958,0,0,3390,61751,888,11460,3394,73211,California
Orange,2021-01-11,9538,94237,4945,63686,4593,30551,0,0,5893,63999,3649,15109,5897,79108,California
Orange,2021-01-12,9039,103276,4859,68545,4180,34731,0,0,5546,66059,3488,18597,5548,84656,California
Orange,2021-01-13,10374,113650,4953,73498,5421,40152,0,0,7148,69992,3222,21819,7155,91811,California
Orange,2021-01-14,10156,123806,3819,77317,6337,46489,0,0,8553,76950,1601,23420,8559,100370,California
Orange,2021-01-15,10340,134146,2678,79995,7662,54151,0,0,9449,85509,897,24317,9456,109826,California
Orange,2021-01-16,8867,143013,2119,82114,6748,60899,0,0,8463,93577,400,24717,8468,118294,California
Orange,2021-01-17,8282,151295,1516,83630,6766,67665,0,0,8126,101557,156,24873,8136,126430,California
Orange,2021-01-18,9816,161111,4446,88076,5370,73035,0,0,7550,106843,2267,27140,7553,133983,California
Orange,2021-01-19,7619,168730,5472,93548,2147,75182,0,0,4972,109172,2645,29785,4974,138957,California
Orange,2021-01-20,8685,177415,6105,99653,2580,77762,0,0,5605,111707,3079,32864,5614,144571,California
Orange,2021-01-21,11370,188785,5122,104775,6248,84010,0,0,10517,121384,851,33715,10528,155099,California
Orange,2021-01-22,13985,202770,5224,109999,8761,92771,0,0,13086,133587,891,34606,13094,168193,California
Orange,2021-01-23,13332,216102,6215,116214,7117,99888,0,0,12384,145039,944,35550,12396,180589,California
Orange,2021-01-24,9950,226052,4311,120525,5639,105527,0,0,9607,154312,338,35888,9611,190200,California
Orange,2021-01-25,10572,236624,5897,126422,4675,110202,0,0,7810,159374,2753,38641,7815,198015,California
Orange,2021-01-26,12004,248628,7723,134145,4281,114483,0,0,9804,166985,2196,40837,9807,207822,California
Orange,2021-01-27,13687,262315,8020,142165,5667,120150,0,0,10917,175149,2758,43595,10922,218744,California
Orange,2021-01-28,13318,275633,7271,149436,6047,126197,0,0,11372,184601,1929,45524,11381,230125,California
Orange,2021-01-29,13846,289479,8471,157907,5375,131572,0,0,10876,192536,2944,48468,10879,241004,California
Orange,2021-01-30,13258,302737,4539,162446,8719,140291,0,0,12452,204203,789,49257,12456,253460,California
Orange,2021-01-31,13873,316610,4920,167366,8953,149244,0,0,13401,217147,465,49722,13409,266869,California
Orange,2021-02-01,15072,331682,6530,173896,8542,157786,0,0,12531,227174,2512,52234,12539,279408,California
Orange,2021-02-02,15274,346956,8022,181918,7252,165038,0,0,12749,237444,2485,54719,12755,292163,California
Orange,2021-02-03,16863,363819,12501,194419,4362,169400,0,0,13847,248368,2929,57648,13853,306016,California
Orange,2021-02-04,20192,384011,13137,207556,7055,176455,0,0,15023,258271,5128,62776,15031,321047,California
Orange,2021-02-05,21084,405095,12100,219656,8984,185439,0,0,14645,266539,6388,69164,14656,335703,California
Orange,2021-02-06,16612,421707,10911,230567,5701,191140,0,0,11282,272730,5312,74476,11503,347206,California
Orange,2021-02-07,11649,433356,8146,238713,3503,194643,0,0,7636,276542,3993,78469,7805,355011,California
Orange,2021-02-08,15244,448600,8733,247446,6511,201154,0,0,9109,279552,6104,84573,9114,364125,California
Orange,2021-02-09,17938,466538,12149,259595,5789,206943,0,0,10744,283198,7113,91686,10759,374884,California
Orange,2021-02-10,21106,487644,11250,270845,9856,216799,0,0,12747,287707,8261,99947,12770,387654,California
Orange,2021-02-11,22434,510078,11624,282469,10810,227609,0,0,12264,289970,10026,109973,12289,399943,California
Orange,2021-02-12,25225,535303,12135,294604,13090,240699,0,0,14772,294382,10381,120354,14793,414736,California
Orange,2021-02-13,22215,557518,12036,306640,10179,250878,0,0,11180,295348,10871,131225,11837,426573,California
Orange,2021-02-14,16374,573892,6663,313303,9711,260589,0,0,9655,298325,6686,137911,9663,436236,California
Orange,2021-02-15,17504,591396,7526,320829,9978,270567,0,0,9015,298921,8441,146352,9037,445273,California
Orange,2021-02-16,20280,611676,9178,330007,11102,281669,0,0,10873,300483,9351,155703,10913,456186,California
Orange,2021-02-17,18299,629975,9593,339600,8706,290375,0,0,9318,300956,8915,164618,9388,465574,California
Orange,2021-02-18,15346,645321,10040,349640,5306,295681,0,0,6911,299526,8374,172992,6944,472518,California
Orange,2021-02-19,18641,663962,11128,360768,7513,303194,0,0,7031,295041,11542,184534,7057,479575,California
Orange,2021-02-20,7724,671686,5732,366500,1992,305186,0,0,3855,295091,3834,188368,3884,483459,California
Orange,2021-02-21,4812,676498,4084,370584,728,305914,0,0,990,292312,3777,192145,998,484457,California
Orange,2021-02-22,10229,686727,8330,378914,1899,307813,0,0,4076,290310,6106,198251,4104,488561,California
Orange,2021-02-23,14012,700739,7654,386568,6358,314171,0,0,3677,283784,10246,208497,3720,492281,California
Orange,2021-02-24,21703,722442,13104,399672,8599,322770,0,0,5497,273225,16126,224623,5567,497848,California
Orange,2021-02-25,23104,745546,12484,412156,10620,333390,0,0,8126,266507,14897,239520,8179,506027,California
Orange,2021-02-26,28287,773833,14318,426474,13969,347359,0,0,11420,261273,16723,256243,11489,517516,California
Orange,2021-02-27,25352,799185,10331,436805,15017,362376,4,4,7396,250908,17826,274069,7461,524977,California
Orange,2021-02-28,19288,818473,7490,444295,11798,374174,0,4,4901,241603,14249,288318,4944,529921,California
Orange,2021-03-01,18975,837448,8686,452981,10267,384441,22,26,7394,237603,11463,299781,7463,537384,California
Orange,2021-03-02,19697,857145,9518,462499,10175,394616,4,30,9591,237218,10042,309823,9657,547041,California
Orange,2021-03-03,21383,878528,10152,472651,11226,405842,5,35,11506,239006,9787,319610,11575,558616,California
Orange,2021-03-04,22932,901460,13166,485817,9752,415594,14,49,11832,239859,11052,330662,11905,570521,California
Orange,2021-03-05,21507,922967,11203,497020,10255,425849,49,98,13124,244797,8335,338997,13273,583794,California
Orange,2021-03-06,24467,947434,13435,510455,10154,436003,878,976,12903,247120,11507,350504,13830,597624,California
Orange,2021-03-07,15469,962903,8677,519132,6372,442375,420,1396,9010,250186,6415,356919,9481,607105,California
Orange,2021-03-08,17083,979986,7915,527047,7853,450228,1315,2711,10914,256370,6097,363016,12281,619386,California
Orange,2021-03-09,21384,1001370,9909,536956,9007,459235,2468,5179,12581,262682,8755,371771,15067,634453,California
Orange,2021-03-10,25053,1026423,12302,549258,9285,468520,3466,8645,12609,266403,12372,384143,16093,650546,California
Orange,2021-03-11,29401,1055824,15928,565186,9211,477731,4262,12907,13571,268524,15722,399865,17843,668389,California
Orange,2021-03-12,29629,1085453,14416,579602,11330,489061,3883,16790,14804,272523,14723,414588,18722,687111,California
Orange,2021-03-13,28003,1113456,10299,589901,13745,502806,3959,20749,14121,276790,13815,428403,18082,705193,California
Orange,2021-03-14,19005,1132461,8258,598159,8195,511001,2552,23301,11830,284035,7136,435539,14381,719574,California
Orange,2021-03-15,23324,1155785,10298,608457,12256,523257,770,24071,14438,290469,8783,444322,15217,734791,California
Orange,2021-03-16,26669,1182454,11304,619761,15091,538348,274,24345,17160,298509,9419,453741,17459,752250,California
Orange,2021-03-17,27577,1210031,13725,633486,13287,551635,565,24910,19576,310740,7912,461653,20143,772393,California
Orange,2021-03-18,28151,1238182,14211,647697,13635,565270,305,25215,21765,326519,6306,467959,22085,794478,California
Orange,2021-03-19,34091,1272273,18849,666546,14787,580057,455,25670,25264,343546,8705,476664,25732,820210,California
Orange,2021-03-20,26059,1298332,13760,680306,12092,592149,207,25877,22174,362128,3809,480473,22391,842601,California
Orange,2021-03-21,18770,1317102,10889,691195,7133,599282,748,26625,15828,375807,2900,483373,16579,859180,California
Orange,2021-03-22,22974,1340076,11939,703134,10711,609993,324,26949,19265,391806,3601,486974,19600,878780,California
Orange,2021-03-23,26330,1366406,13765,716899,11918,621911,647,27596,20807,407837,5430,492404,21461,900241,California
Orange,2021-03-24,29431,1395837,16488,733387,12013,633924,930,28526,22030,423512,7289,499693,22964,923205,California
Orange,2021-03-25,32693,1428530,17384,750771,14591,648515,718,29244,24288,440229,8293,507986,25010,948215,California
Orange,2021-03-26,35102,1463632,18239,769010,15996,664511,867,30111,24892,455918,10081,518067,25770,973985,California
Orange,2021-03-27,28648,1492280,13728,782738,14604,679115,316,30427,19816,467325,8728,526795,20135,994120,California
Orange,2021-03-28,24990,1517270,12997,795735,11925,691040,68,30495,18630,479761,6269,533064,18705,1012825,California
Orange,2021-03-29,26726,1543996,12261,807996,13896,704936,569,31064,17838,489401,8771,541835,18411,1031236,California
Orange,2021-03-30,31068,1575064,14065,822061,16365,721301,638,31702,20431,499932,10536,552371,21067,1052303,California
Orange,2021-03-31,37387,1612451,19609,841670,17051,738352,727,32429,23716,510843,13530,565901,24441,1076744,California
Orange,2021-04-01,40935,1653386,21490,863160,17490,755842,1955,34384,26258,524557,14484,580385,28198,1104942,California
Orange,2021-04-02,40446,1693832,20406,883566,18177,774019,1863,36247,22742,531590,17578,597963,24611,1129553,California
Orange,2021-04-03,30511,1724343,15796,899362,12936,786955,1779,38026,14368,531683,16047,614010,16140,1145693,California
Orange,2021-04-04,18525,1742868,10752,910114,6998,793953,775,38801,8165,530327,10292,624302,8936,1154629,California
Orange,2021-04-05,30279,1773147,14157,924271,12691,806644,3431,42232,13847,531270,16327,640629,17270,1171899,California
Orange,2021-04-06,33659,1806806,15759,940030,14442,821086,3458,45690,14430,530015,19118,659747,17863,1189762,California
Orange,2021-04-07,36457,1843263,20260,960290,11531,832617,4666,50356,16041,530368,20316,680063,20669,1210431,California
Orange,2021-04-08,39502,1882765,21840,982130,12099,844716,5563,55919,19094,534706,20278,700341,24616,1235047,California
Orange,2021-04-09,41373,1924138,24066,1006196,12009,856725,5298,61217,18073,534854,23186,723527,23334,1258381,California
Orange,2021-04-10,34865,1959003,18396,1024592,12162,868887,4307,65524,14373,533118,20391,743918,18655,1277036,California
Orange,2021-04-11,25865,1984868,14651,1039243,7922,876809,3292,68816,9905,530398,15897,759815,13177,1290213,California
Orange,2021-04-12,30857,2015725,15584,1054827,11622,888431,3651,72467,12127,527513,18645,778460,15760,1305973,California
Orange,2021-04-13,32893,2048618,18520,1073347,14303,902734,70,72537,15298,525379,17504,795964,15370,1321343,California
Orange,2021-04-14,35078,2083696,20580,1093927,14462,917196,36,72573,15246,520963,19710,815674,15294,1336637,California
Orange,2021-04-15,40927,2124623,24929,1118856,15982,933178,16,72589,19045,518271,21749,837423,19057,1355694,California
Orange,2021-04-16,42157,2166780,24794,1143650,17333,950511,30,72619,19058,514417,22953,860376,19099,1374793,California
Orange,2021-04-17,30696,2197476,17410,1161060,13279,963790,7,72626,13467,510820,17077,877453,13480,1388273,California
Orange,2021-04-18,22339,2219815,13615,1174675,8724,972514,0,72626,8900,506363,13363,890816,8906,1397179,California
Orange,2021-04-19,33115,2252930,18300,1192975,14811,987325,4,72630,15241,503850,17764,908580,15251,1412430,California
Orange,2021-04-20,36640,2289570,19376,1212351,17257,1004582,7,72637,18240,503805,18298,926878,18253,1430683,California
Orange,2021-04-21,42522,2332092,24923,1237274,17590,1022172,9,72646,20179,501842,22158,949036,20195,1450878,California
Orange,2021-04-22,40164,2372256,21508,1258782,18645,1040817,11,72657,16730,495310,23281,972317,16749,1467627,California
Orange,2021-04-23,41106,2413362,21600,1280382,19498,1060315,8,72665,18404,491159,22572,994889,18421,1486048,California
Orange,2021-04-24,32141,2445503,16838,1297220,15271,1075586,32,72697,13486,486124,18556,1013445,13521,1499569,California
Orange,2021-04-25,23026,2468529,13002,1310222,10009,1085595,15,72712,9834,482861,13119,1026564,9856,1509425,California
Orange,2021-04-26,29319,2497848,14556,1324778,14564,1100159,199,72911,12696,479261,16498,1043062,12898,1522323,California
Orange,2021-04-27,31595,2529443,14987,1339765,15975,1116134,633,73544,11972,472430,19443,1062505,12612,1534935,California
Orange,2021-04-28,31486,2560929,15993,1355758,14608,1130742,885,74429,12647,467262,18698,1081203,13530,1548465,California
Orange,2021-04-29,32533,2593462,17969,1373727,13593,1144335,971,75400,11589,458996,20818,1102021,12552,1561017,California
Orange,2021-04-30,30463,2623925,17562,1391289,11955,1156290,946,76346,13018,455626,17323,1119344,13953,1574970,California
Orange,2021-05-01,23077,2647002,15811,1407100,6275,1162565,991,77337,8801,451261,14147,1133491,9782,1584752,California
Orange,2021-05-02,15461,2662463,10301,1417401,4516,1167081,644,77981,5386,447284,10001,1143492,6024,1590776,California
Orange,2021-05-03,20731,2683194,12666,1430067,7301,1174382,764,78745,6514,440443,14117,1157609,7276,1598052,California
Orange,2021-05-04,24217,2707411,14007,1444074,9289,1183671,921,79666,8266,433785,15831,1173440,9173,1607225,California
Orange,2021-05-05,25459,2732870,14459,1458533,10103,1193774,897,80563,8190,425745,17127,1190567,9087,1616312,California
Orange,2021-05-06,26899,2759769,16414,1474947,9484,1203258,1001,81564,7401,414784,19356,1209923,8395,1624707,California
Orange,2021-05-07,29424,2789193,17825,1492772,10544,1213802,1055,82619,8185,403006,21011,1230934,9233,1633940,California
Orange,2021-05-08,19172,2808365,12820,1505592,5551,1219353,801,83420,5551,395859,13490,1244424,6343,1640283,California
Orange,2021-05-09,11141,2819506,8505,1514097,2261,1221614,375,83795,2804,390750,8288,1252712,3179,1643462,California
Orange,2021-05-10,19526,2839032,12034,1526131,6709,1228323,783,84578,4309,380725,15118,1267830,5093,1648555,California
Orange,2021-05-11,22743,2861775,12862,1538993,9143,1237466,738,85316,5392,369606,17242,1285072,6123,1654678,California
Orange,2021-05-12,24101,2885876,14994,1553987,8271,1245737,836,86152,6542,359562,17419,1302491,7375,1662053,California
Orange,2021-05-13,22145,2908021,13738,1567725,7798,1253535,609,86761,8161,354467,13867,1316358,8772,1670825,California
Orange,2021-05-14,26885,2934906,17792,1585517,8240,1261775,853,87614,10475,349501,16264,1332622,11298,1682123,California
Orange,2021-05-15,20482,2955388,14797,1600314,5134,1266909,551,88165,8310,346259,12096,1344718,8854,1690977,California
Orange,2021-05-16,15589,2970977,12858,1613172,2392,1269301,339,88504,6710,344494,8812,1353530,7047,1698024,California
Orange,2021-05-17,19588,2990565,12874,1626046,6013,1275314,701,89205,6914,339490,12605,1366135,7601,1705625,California
Orange,2021-05-18,20633,3011198,12032,1638078,7930,1283244,671,89876,8009,335635,12526,1378661,8671,1714296,California
Orange,2021-05-19,22572,3033770,12923,1651001,8975,1292219,674,90550,7712,329274,14737,1393398,8376,1722672,California
Orange,2021-05-20,22603,3056373,13267,1664268,8669,1300888,667,91217,7736,322923,14751,1408149,8400,1731072,California
Orange,2021-05-21,25829,3082202,14882,1679150,10222,1311110,725,91942,8286,314513,17416,1425565,9006,1740078,California
Orange,2021-05-22,18322,3100524,12204,1691354,5570,1316680,548,92490,6973,310782,11253,1436818,7522,1747600,California
Orange,2021-05-23,10063,3110587,6955,1698309,2834,1319514,274,92764,3535,308108,6482,1443300,3808,1751408,California
Orange,2021-05-24,15699,3126286,9339,1707648,5736,1325250,624,93388,5792,304707,9810,1453110,6409,1757817,California
Orange,2021-05-25,15660,3141946,9222,1716870,5914,1331164,524,93912,5571,300824,9973,1463083,6090,1763907,California
Orange,2021-05-26,15264,3157210,8566,1725436,6198,1337362,500,94412,5621,297385,9550,1472633,6111,1770018,California
Orange,2021-05-27,14419,3171629,8682,1734118,5193,1342555,544,94956,6293,296165,8049,1480682,6829,1776847,California
Orange,2021-05-28,16836,3188465,9928,1744046,6278,1348833,630,95586,7368,294781,9370,1490052,7986,1784833,California
Orange,2021-05-29,9014,3197479,5283,1749329,3372,1352205,359,95945,4074,294327,4882,1494934,4428,1789261,California
Orange,2021-05-30,6042,3203521,3923,1753252,1838,1354043,281,96226,2174,292947,3830,1498764,2450,1791711,California
Orange,2021-05-31,1701,3205222,1055,1754307,599,1354642,47,96273,521,292356,1158,1499922,567,1792278,California
Orange,2021-06-01,13414,3218636,7794,1762101,5129,1359771,491,96764,4986,289510,8315,1508237,5469,1797747,California
Orange,2021-06-02,13035,3231671,8078,1770179,4540,1364311,417,97181,4459,285955,8424,1516661,4869,1802616,California
Orange,2021-06-03,12918,3244589,8920,1779099,3543,1367854,455,97636,4403,282356,8452,1525113,4853,1807469,California
Orange,2021-06-04,17176,3261765,12183,1791282,4415,1372269,578,98214,5237,276316,11852,1536965,5812,1813281,California
Orange,2021-06-05,12946,3274711,9771,1801053,2793,1375062,382,98596,3821,271449,9066,1546031,4199,1817480,California
Orange,2021-06-06,5371,3280082,4565,1805618,604,1375666,202,98798,1812,269926,3537,1549568,2014,1819494,California
Orange,2021-06-07,10800,3290882,7637,1813255,2698,1378364,465,99263,3309,266277,7416,1556984,3767,1823261,California
Orange,2021-06-08,12206,3303088,8794,1822049,2903,1381267,509,99772,3772,262217,8342,1565326,4282,1827543,California
Orange,2021-06-09,11774,3314862,8151,1830200,3165,1384432,458,100230,3310,257602,8378,1573704,3763,1831306,California
Orange,2021-06-10,11612,3326474,8455,1838655,2692,1387124,465,100695,3396,253302,8156,1581860,3856,1835162,California
Orange,2021-06-11,13317,3339791,9377,1848032,3444,1390568,496,101191,4292,249151,8934,1590794,4783,1839945,California
Orange,2021-06-12,9805,3349596,7508,1855540,1980,1392548,317,101508,2999,245716,6751,1597545,3316,1843261,California
Orange,2021-06-13,4057,3353653,2958,1858498,935,1393483,164,101672,1011,243880,3012,1600557,1176,1844437,California
Orange,2021-06-14,9853,3363506,7190,1865688,2205,1395688,458,102130,3253,241042,6547,1607104,3709,1848146,California
Orange,2021-06-15,10199,3373705,7346,1873034,2421,1398109,432,102562,3561,238467,6564,1613668,3989,1852135,California
Orange,2021-06-16,9558,3383263,6869,1879903,2222,1400331,467,103029,3269,235966,6232,1619900,3731,1855866,California
Orange,2021-06-17,9388,3392651,7091,1886994,1930,1402261,367,103396,3335,233677,5990,1625890,3701,1859567,California
Orange,2021-06-18,11249,3403900,8208,1895202,2544,1404805,497,103893,3892,230786,7278,1633168,4387,1863954,California
Orange,2021-06-19,6327,3410227,4707,1899909,1376,1406181,244,104137,2616,229988,3661,1636829,2863,1866817,California
Orange,2021-06-20,3069,3413296,2380,1902289,595,1406776,94,104231,1031,229088,2025,1638854,1125,1867942,California
Orange,2021-06-21,6680,3419976,4585,1906874,1658,1408434,437,104668,3580,230037,3069,1641923,4018,1871960,California
Orange,2021-06-22,7742,3427718,5719,1912593,1670,1410104,353,105021,2952,228620,4723,1646646,3306,1875266,California
Orange,2021-06-23,7391,3435109,5553,1918146,1532,1411636,306,105327,3007,227594,4337,1650983,3311,1878577,California
Orange,2021-06-24,7233,3442342,5423,1923569,1442,1413078,368,105695,3095,226956,4100,1655083,3462,1882039,California
Orange,2021-06-25,8761,3451103,6396,1929965,1983,1415061,382,106077,3368,225357,5343,1660426,3744,1885783,California
Orange,2021-06-26,5917,3457020,4519,1934484,1171,1416232,227,106304,2488,224686,3386,1663812,2715,1888498,California
Orange,2021-06-27,3442,3460462,2791,1937275,539,1416771,112,106416,1484,224347,1936,1665748,1597,1890095,California
Orange,2021-06-28,6287,3466749,5070,1942345,877,1417648,340,106756,2798,224047,3437,1669185,3137,1893232,California
Orange,2021-06-29,6338,3473087,4669,1947014,1416,1419064,253,107009,2617,223245,3673,1672858,2871,1896103,California
Orange,2021-06-30,6175,3479262,4456,1951470,1457,1420521,262,107271,2742,222880,3368,1676226,3003,1899106,California
Orange,2021-07-01,5772,3485034,4410,1955880,1129,1421650,233,107504,2633,222660,3085,1679311,2865,1901971,California
Orange,2021-07-02,6999,3492033,5239,1961119,1444,1423094,316,107820,3051,222105,3919,1683230,3364,1905335,California
Orange,2021-07-03,4017,3496050,2965,1964084,918,1424012,134,107954,1842,221941,2141,1685371,1977,1907312,California
Orange,2021-07-04,319,3496369,202,1964286,106,1424118,11,107965,138,221914,177,1685548,150,1907462,California
Placer,2020-12-15,30,30,30,30,0,0,0,0,30,30,0,0,30,30,California
Placer,2020-12-16,56,86,56,86,0,0,0,0,56,86,0,0,56,86,California
Placer,2020-12-17,148,234,148,234,0,0,0,0,148,234,0,0,148,234,California
Placer,2020-12-18,427,661,427,661,0,0,0,0,427,661,0,0,427,661,California
Placer,2020-12-19,253,914,253,914,0,0,0,0,253,914,0,0,253,914,California
Placer,2020-12-20,234,1148,234,1148,0,0,0,0,234,1148,0,0,234,1148,California
Placer,2020-12-21,501,1649,499,1647,2,2,0,0,501,1649,0,0,501,1649,California
Placer,2020-12-22,681,2330,674,2321,7,9,0,0,681,2330,0,0,681,2330,California
Placer,2020-12-23,760,3090,671,2992,89,98,0,0,760,3090,0,0,760,3090,California
Placer,2020-12-24,411,3501,357,3349,54,152,0,0,411,3501,0,0,411,3501,California
Placer,2020-12-26,161,3662,116,3465,45,197,0,0,161,3662,0,0,161,3662,California
Placer,2020-12-27,183,3845,161,3626,22,219,0,0,183,3845,0,0,183,3845,California
Placer,2020-12-28,672,4517,545,4171,127,346,0,0,672,4517,0,0,672,4517,California
Placer,2020-12-29,770,5287,517,4688,253,599,0,0,770,5287,0,0,770,5287,California
Placer,2020-12-30,736,6023,461,5149,275,874,0,0,734,6021,0,0,734,6021,California
Placer,2020-12-31,548,6571,360,5509,188,1062,0,0,548,6569,0,0,548,6569,California
Placer,2021-01-01,17,6588,12,5521,5,1067,0,0,17,6586,0,0,17,6586,California
Placer,2021-01-02,188,6776,156,5677,32,1099,0,0,188,6774,0,0,188,6774,California
Placer,2021-01-03,155,6931,80,5757,75,1174,0,0,155,6929,0,0,155,6929,California
Placer,2021-01-04,624,7555,181,5938,443,1617,0,0,624,7553,0,0,624,7553,California
Placer,2021-01-05,737,8292,160,6098,577,2194,0,0,648,8114,88,88,649,8202,California
Placer,2021-01-06,763,9055,246,6344,517,2711,0,0,612,8575,151,239,612,8814,California
Placer,2021-01-07,991,10046,369,6713,622,3333,0,0,764,9112,227,466,764,9578,California
Placer,2021-01-08,1191,11237,532,7245,659,3992,0,0,798,9520,390,856,798,10376,California
Placer,2021-01-09,456,11693,321,7566,135,4127,0,0,239,9543,216,1072,239,10615,California
Placer,2021-01-10,334,12027,187,7753,147,4274,0,0,166,9541,168,1240,166,10781,California
Placer,2021-01-11,1440,13467,816,8569,624,4898,0,0,844,9790,596,1836,845,11626,California
Placer,2021-01-12,1678,15145,894,9463,784,5682,0,0,1064,10241,613,2449,1064,12690,California
Placer,2021-01-13,1660,16805,839,10302,821,6503,0,0,1227,11040,431,2880,1230,13920,California
Placer,2021-01-14,1827,18632,680,10982,1147,7650,0,0,1452,12121,372,3252,1453,15373,California
Placer,2021-01-15,1956,20588,731,11713,1225,8875,0,0,1602,13371,353,3605,1603,16976,California
Placer,2021-01-16,1511,22099,717,12430,794,9669,0,0,1389,14639,122,3727,1390,18366,California
Placer,2021-01-17,575,22674,400,12830,175,9844,0,0,436,14937,138,3865,436,18802,California
Placer,2021-01-18,986,23660,544,13374,442,10286,0,0,751,15454,235,4100,752,19554,California
Placer,2021-01-19,2635,26295,1969,15343,666,10952,0,0,2180,17180,455,4555,2181,21735,California
Placer,2021-01-20,2347,28642,1769,17112,578,11530,0,0,2007,18848,340,4895,2008,23743,California
Placer,2021-01-21,2591,31233,1138,18250,1453,12983,0,0,2185,20630,404,5299,2186,25929,California
Placer,2021-01-22,2355,33588,633,18883,1722,14705,0,0,2176,22630,177,5476,2177,28106,California
Placer,2021-01-23,1207,34795,388,19271,819,15524,0,0,1047,23518,159,5635,1047,29153,California
Placer,2021-01-24,522,35317,274,19545,248,15772,0,0,440,23877,82,5717,441,29594,California
Placer,2021-01-25,1687,37004,808,20353,879,16651,0,0,1391,24973,296,6013,1392,30986,California
Placer,2021-01-26,1888,38892,1048,21401,840,17491,0,0,1616,26317,272,6285,1616,32602,California
Placer,2021-01-27,1865,40757,1171,22572,694,18185,0,0,1614,27683,249,6534,1615,34217,California
Placer,2021-01-28,1823,42580,1124,23696,699,18884,0,0,1572,29006,249,6783,1572,35789,California
Placer,2021-01-29,1936,44516,1182,24878,754,19638,0,0,1733,30538,202,6985,1734,37523,California
Placer,2021-01-30,1748,46264,972,25850,776,20414,0,0,1627,32045,120,7105,1627,39150,California
Placer,2021-01-31,787,47051,626,26476,161,20575,0,0,716,32690,71,7176,716,39866,California
Placer,2021-02-01,2092,49143,1102,27578,990,21565,0,0,1773,34145,318,7494,1773,41639,California
Placer,2021-02-02,2416,51559,1554,29132,862,22427,0,0,1908,35548,505,7999,1908,43547,California
Placer,2021-02-03,2933,54492,1884,31016,1049,23476,0,0,2299,37217,630,8629,2299,45846,California
Placer,2021-02-04,2784,57276,1193,32209,1591,25067,0,0,1943,38324,837,9466,1944,47790,California
Placer,2021-02-05,2813,60089,1281,33490,1532,26599,0,0,1433,38401,1356,10822,1433,49223,California
Placer,2021-02-06,1998,62087,1334,34824,664,27263,0,0,1444,39292,553,11375,1444,50667,California
Placer,2021-02-07,1228,63315,913,35737,315,27578,0,0,936,39937,291,11666,936,51603,California
Placer,2021-02-08,3301,66616,1756,37493,1545,29123,0,0,1956,40575,1319,12985,1957,53560,California
Placer,2021-02-09,3579,70195,2194,39687,1385,30508,0,0,1652,40304,1923,14908,1652,55212,California
Placer,2021-02-10,3789,73984,2217,41904,1572,32080,0,0,1717,39955,2068,16976,1719,56931,California
Placer,2021-02-11,3735,77719,1923,43827,1812,33892,0,0,1583,39403,2136,19112,1584,58515,California
Placer,2021-02-12,2890,80609,1347,45174,1543,35435,0,0,1679,39909,1174,20286,1680,60195,California
Placer,2021-02-13,2627,83236,1472,46646,1155,36590,0,0,1933,41148,694,20980,1933,62128,California
Placer,2021-02-14,1097,84333,687,47333,410,37000,0,0,741,41535,354,21334,741,62869,California
Placer,2021-02-15,2265,86598,1050,48383,1215,38215,0,0,1553,42377,712,22046,1554,64423,California
Placer,2021-02-16,3613,90211,1807,50190,1806,40021,0,0,1604,41982,2000,24046,1605,66028,California
Placer,2021-02-17,3576,93787,1987,52177,1589,41610,0,0,1521,41452,2051,26097,1521,67549,California
Placer,2021-02-18,3855,97642,2081,54258,1774,43384,0,0,1642,40893,2202,28299,1643,69192,California
Placer,2021-02-19,3661,101303,1967,56225,1694,45078,0,0,1363,39970,2288,30587,1365,70557,California
Placer,2021-02-20,2107,103410,1308,57533,799,45877,0,0,943,39761,1156,31743,947,71504,California
Placer,2021-02-21,1180,104590,774,58307,406,46283,0,0,427,39438,751,32494,428,71932,California
Placer,2021-02-22,2613,107203,1832,60139,781,47064,0,0,617,38063,1992,34486,617,72549,California
Placer,2021-02-23,2708,109911,1653,61792,1055,48119,0,0,916,37188,1791,36277,916,73465,California
Placer,2021-02-24,3389,113300,1214,63006,2175,50294,0,0,1838,37489,1539,37816,1840,75305,California
Placer,2021-02-25,3760,117060,1554,64560,2206,52500,0,0,2055,37851,1696,39512,2058,77363,California
Placer,2021-02-26,4278,121338,2458,67018,1820,54320,0,0,2466,38512,1806,41318,2467,79830,California
Placer,2021-02-27,2932,124270,1536,68554,1396,55716,0,0,1513,38613,1414,42732,1515,81345,California
Placer,2021-02-28,1620,125890,879,69433,740,56456,1,1,741,38482,873,43605,742,82087,California
Placer,2021-03-01,3216,129106,2139,71572,1077,57533,0,1,1637,38549,1570,45175,1637,83724,California
Placer,2021-03-02,2929,132035,1804,73376,1125,58658,0,1,1908,39449,1008,46183,1908,85632,California
Placer,2021-03-03,3402,135437,1483,74859,1918,60576,1,2,1861,39779,1533,47716,1863,87495,California
Placer,2021-03-04,3653,139090,1468,76327,2185,62761,0,2,1898,39935,1743,49459,1899,89394,California
Placer,2021-03-05,3022,142112,1038,77365,1963,64724,21,23,1817,40573,1200,50659,1838,91232,California
Placer,2021-03-06,2447,144559,1513,78878,839,65563,95,118,941,40111,1498,52157,1036,92268,California
Placer,2021-03-07,1351,145910,774,79652,538,66101,39,157,547,39897,800,52957,586,92854,California
Placer,2021-03-08,2942,148852,1849,81501,979,67080,114,271,1662,40397,1276,54233,1776,94630,California
Placer,2021-03-09,3212,152064,1709,83210,1412,68492,91,362,1842,40963,1367,55600,1933,96563,California
Placer,2021-03-10,3318,155382,1341,84551,1871,70363,106,468,1728,41212,1585,57185,1834,98397,California
Placer,2021-03-11,3686,159068,1682,86233,1878,72241,126,594,1755,41176,1919,59104,1883,100280,California
Placer,2021-03-12,3709,162777,1496,87729,1433,73674,780,1374,1250,40760,2447,61551,2031,102311,California
Placer,2021-03-13,2222,164999,753,88482,1345,75019,124,1498,1185,41035,1033,62584,1308,103619,California
Placer,2021-03-14,1709,166708,685,89167,875,75894,149,1647,894,41265,813,63397,1043,104662,California
Placer,2021-03-15,3232,169940,1552,90719,1550,77444,130,1777,1774,41716,1454,64851,1905,106567,California
Placer,2021-03-16,3641,173581,1964,92683,1542,78986,135,1912,2313,42847,1317,66168,2448,109015,California
Placer,2021-03-17,3475,177056,1752,94435,1619,80605,104,2016,2231,43943,1240,67408,2336,111351,California
Placer,2021-03-18,4128,181184,2342,96777,1747,82352,39,2055,2866,45594,1253,68661,2904,114255,California
Placer,2021-03-19,3477,184661,2082,98859,1126,83478,269,2324,2162,46718,1304,69965,2428,116683,California
Placer,2021-03-20,2203,186864,909,99768,1195,84673,99,2423,1346,47310,852,70817,1444,118127,California
Placer,2021-03-21,1317,188181,588,100356,719,85392,10,2433,795,47597,518,71335,805,118932,California
Placer,2021-03-22,3330,191511,2133,102489,1106,86498,91,2524,2157,48676,1169,72504,2248,121180,California
Placer,2021-03-23,3593,195104,2125,104614,1380,87878,88,2612,2564,50305,1023,73527,2652,123832,California
Placer,2021-03-24,3815,198919,2009,106623,1709,89587,97,2709,1914,50439,1878,75405,2012,125844,California
Placer,2021-03-25,3878,202797,1871,108494,1906,91493,101,2810,1708,50090,2157,77562,1808,127652,California
Placer,2021-03-26,3795,206592,1679,110173,1884,93377,232,3042,1517,49578,2261,79823,1749,129401,California
Placer,2021-03-27,1642,208234,482,110655,1140,94517,20,3062,640,49242,995,80818,659,130060,California
Placer,2021-03-28,1133,209367,530,111185,593,95110,10,3072,300,48736,816,81634,310,130370,California
Placer,2021-03-29,3582,212949,1998,113183,1548,96658,36,3108,1729,48662,1842,83476,1768,132138,California
Placer,2021-03-30,3985,216934,2095,115278,1846,98504,44,3152,2079,48891,1892,85368,2121,134259,California
Placer,2021-03-31,4128,221062,1839,117117,2214,100718,75,3227,1691,48226,2429,87797,1764,136023,California
Placer,2021-04-01,3009,224071,1447,118564,1514,102232,48,3275,1669,48612,1331,89128,1717,137740,California
Placer,2021-04-02,2855,226926,1456,120020,1332,103564,67,3342,1605,49038,1243,90371,1669,139409,California
Placer,2021-04-03,1866,228792,997,121017,740,104304,129,3471,895,49097,963,91334,1022,140431,California
Placer,2021-04-04,717,229509,368,121385,296,104600,53,3524,287,49012,425,91759,340,140771,California
Placer,2021-04-05,3024,232533,1913,123298,925,105525,186,3710,1754,49688,1264,93023,1940,142711,California
Placer,2021-04-06,4320,236853,2497,125795,1520,107045,303,4013,1534,48747,2777,95800,1836,144547,California
Placer,2021-04-07,4571,241424,2608,128403,1499,108544,464,4477,2084,48811,2480,98280,2544,147091,California
Placer,2021-04-08,4742,246166,2617,131020,1581,110125,544,5021,1588,47802,3141,101421,2132,149223,California
Placer,2021-04-09,4159,250325,2279,133299,1254,111379,626,5647,1248,46775,2902,104323,1875,151098,California
Placer,2021-04-10,2117,252442,886,134185,1047,112426,184,5831,922,46688,1192,105515,1105,152203,California
Placer,2021-04-11,1395,253837,536,134721,826,113252,33,5864,445,46220,945,106460,477,152680,California
Placer,2021-04-12,4142,257979,2664,137385,1089,114341,389,6253,2472,47420,1660,108120,2860,155540,California
Placer,2021-04-13,4374,262353,3008,140393,1365,115706,1,6254,2190,47435,2177,110297,2192,157732,California
Placer,2021-04-14,4179,266532,2595,142988,1583,117289,1,6255,1859,46985,2309,112606,1859,159591,California
Placer,2021-04-15,4529,271061,2521,145509,2007,119296,1,6256,2361,47189,2158,114764,2362,161953,California
Placer,2021-04-16,3716,274777,2201,147710,1515,120811,0,6256,1449,46378,2260,117024,1449,163402,California
Placer,2021-04-17,2646,277423,855,148565,1791,122602,0,6256,1730,47198,910,117934,1730,165132,California
Placer,2021-04-18,1273,278696,302,148867,971,123573,0,6256,441,46809,830,118764,441,165573,California
Placer,2021-04-19,2970,281666,1830,150697,1140,124713,0,6256,1169,46183,1796,120560,1170,166743,California
Placer,2021-04-20,3916,285582,2561,153258,1355,126068,0,6256,2452,47181,1454,122014,2452,169195,California
Placer,2021-04-21,3822,289404,2538,155796,1283,127351,1,6257,2486,48337,1331,123345,2487,171682,California
Placer,2021-04-22,3748,293152,2335,158131,1413,128764,0,6257,1794,48183,1948,125293,1794,173476,California
Placer,2021-04-23,3581,296733,2382,160513,1198,129962,1,6258,1403,47416,2171,127464,1404,174880,California
Placer,2021-04-24,2096,298829,1272,161785,823,130785,1,6259,1225,47780,861,128325,1225,176105,California
Placer,2021-04-25,934,299763,500,162285,434,131219,0,6259,554,47954,380,128705,554,176659,California
Placer,2021-04-26,2515,302278,1361,163646,1130,132349,24,6283,1212,47895,1294,129999,1235,177894,California
Placer,2021-04-27,2796,305074,1482,165128,1265,133614,49,6332,1586,48326,1206,131205,1637,179531,California
Placer,2021-04-28,3062,308136,1916,167044,1110,134724,36,6368,1613,48537,1439,132644,1650,181181,California
Placer,2021-04-29,3441,311577,2246,169290,1141,135865,54,6422,1452,48060,1983,134627,1506,182687,California
Placer,2021-04-30,3043,314620,1849,171139,1145,137010,49,6471,1223,47518,1814,136441,1272,183959,California
Placer,2021-05-01,1339,315959,935,172074,379,137389,25,6496,612,47434,720,137161,636,184595,California
Placer,2021-05-02,737,316696,573,172647,142,137531,22,6518,332,47385,403,137564,354,184949,California
Placer,2021-05-03,1621,318317,1001,173648,553,138084,67,6585,442,46718,1175,138739,508,185457,California
Placer,2021-05-04,2369,320686,1358,175006,845,138929,166,6751,878,46278,1484,140223,1044,186501,California
Placer,2021-05-05,3732,324418,2536,177542,1091,140020,105,6856,978,44618,2743,142966,1083,187584,California
Placer,2021-05-06,3115,327533,1911,179453,1128,141148,76,6932,819,43243,2270,145236,895,188479,California
Placer,2021-05-07,2839,330372,1913,181366,833,141981,93,7025,799,42107,2028,147264,892,189371,California
Placer,2021-05-08,1412,331784,738,182104,631,142612,43,7068,412,41561,999,148263,453,189824,California
Placer,2021-05-09,452,332236,221,182325,210,142822,21,7089,209,41548,243,148506,230,190054,California
Placer,2021-05-10,1931,334167,1032,183357,803,143625,96,7185,423,40564,1503,150009,519,190573,California
Placer,2021-05-11,3042,337209,2203,185560,721,144346,118,7303,656,38963,2375,152384,774,191347,California
Placer,2021-05-12,2893,340102,2002,187562,834,145180,57,7360,683,37503,2202,154586,742,192089,California
Placer,2021-05-13,2875,342977,1855,189417,972,146152,48,7408,1010,36697,1863,156449,1057,193146,California
Placer,2021-05-14,2856,345833,1872,191289,848,147000,136,7544,1372,36730,1469,157918,1502,194648,California
Placer,2021-05-15,2105,347938,1366,192655,715,147715,24,7568,934,36524,1164,159082,958,195606,California
Placer,2021-05-16,1194,349132,530,193185,645,148360,19,7587,342,36035,850,159932,361,195967,California
Placer,2021-05-17,2360,351492,1569,194754,714,149074,77,7664,1015,35786,1341,161273,1092,197059,California
Placer,2021-05-18,2518,354010,1684,196438,754,149828,80,7744,1128,35607,1386,162659,1207,198266,California
Placer,2021-05-19,2543,356553,1594,198032,903,150731,46,7790,873,34861,1665,164324,919,199185,California
Placer,2021-05-20,2544,359097,1651,199683,845,151576,48,7838,863,34101,1672,165996,912,200097,California
Placer,2021-05-21,2448,361545,1530,201213,773,152349,145,7983,1054,33912,1386,167382,1197,201294,California
Placer,2021-05-22,1611,363156,1059,202272,510,152859,42,8025,763,33874,843,168225,805,202099,California
Placer,2021-05-23,638,363794,358,202630,264,153123,16,8041,280,33813,358,168583,297,202396,California
Placer,2021-05-24,1513,365307,771,203401,605,153728,137,8178,447,33333,1064,169647,584,202980,California
Placer,2021-05-25,1797,367104,946,204347,751,154479,100,8278,641,32926,1148,170795,741,203721,California
Placer,2021-05-26,1586,368690,909,205256,638,155117,39,8317,613,32611,968,171763,653,204374,California
Placer,2021-05-27,1463,370153,721,205977,697,155814,45,8362,662,32525,793,172556,707,205081,California
Placer,2021-05-28,1706,371859,857,206834,752,156566,97,8459,726,32374,974,173530,823,205904,California
Placer,2021-05-29,751,372610,405,207239,315,156881,31,8490,379,32415,368,173898,409,206313,California
Placer,2021-05-30,342,372952,230,207469,98,156979,14,8504,210,32508,131,174029,224,206537,California
Placer,2021-05-31,147,373099,70,207539,60,157039,17,8521,30,32438,116,174145,46,206583,California
Placer,2021-06-01,1678,374777,883,208422,722,157761,73,8594,591,32019,1082,175227,663,207246,California
Placer,2021-06-02,1508,376285,761,209183,680,158441,67,8661,488,31555,1019,176246,555,207801,California
Placer,2021-06-03,1700,377985,1031,210214,610,159051,59,8720,429,30777,1265,177511,487,208288,California
Placer,2021-06-04,1861,379846,1318,211532,489,159540,54,8774,458,29893,1394,178905,510,208798,California
Placer,2021-06-05,1088,380934,771,212303,276,159816,41,8815,267,29384,817,179722,308,209106,California
Placer,2021-06-06,500,381434,361,212664,122,159938,17,8832,124,29150,375,180097,141,209247,California
Placer,2021-06-07,1049,382483,717,213381,260,160198,72,8904,224,28622,822,180919,294,209541,California
Placer,2021-06-08,1729,384212,1317,214698,363,160561,49,8953,433,27810,1293,182212,481,210022,California
Placer,2021-06-09,1168,385380,847,215545,269,160830,52,9005,256,27210,909,183121,309,210331,California
Placer,2021-06-10,1255,386635,866,216411,314,161144,75,9080,314,26659,938,184059,387,210718,California
Placer,2021-06-11,1488,388123,1073,217484,356,161500,59,9139,341,25916,1142,185201,399,211117,California
Placer,2021-06-12,1017,389140,754,218238,237,161737,26,9165,220,25367,795,185996,246,211363,California
Placer,2021-06-13,394,389534,303,218541,80,161817,11,9176,91,25168,302,186298,103,211466,California
Placer,2021-06-14,769,390303,524,219065,199,162016,46,9222,223,24893,542,186840,267,211733,California
Placer,2021-06-15,1290,391593,860,219925,367,162383,63,9285,422,24513,864,187704,484,212217,California
Placer,2021-06-16,1035,392628,749,220674,231,162614,55,9340,332,24197,702,188406,386,212603,California
Placer,2021-06-17,879,393507,607,221281,235,162849,37,9377,274,23908,601,189007,312,212915,California
Placer,2021-06-18,1153,394660,762,222043,302,163151,89,9466,377,23599,775,189782,466,213381,California
Placer,2021-06-19,608,395268,437,222480,138,163289,33,9499,237,23501,367,190149,269,213650,California
Placer,2021-06-20,282,395550,231,222711,43,163332,8,9507,106,23440,174,190323,113,213763,California
Placer,2021-06-21,492,396042,288,222999,166,163498,38,9545,234,23454,258,190581,272,214035,California
Placer,2021-06-22,880,396922,622,223621,204,163702,54,9599,263,23161,610,191191,317,214352,California
Placer,2021-06-23,842,397764,610,224231,185,163887,47,9646,386,23139,455,191646,433,214785,California
Placer,2021-06-24,819,398583,514,224745,258,164145,47,9693,311,22992,505,192151,358,215143,California
Placer,2021-06-25,936,399519,665,225410,218,164363,53,9746,386,22888,543,192694,439,215582,California
Placer,2021-06-26,540,400059,390,225800,120,164483,30,9776,238,22856,300,192994,268,215850,California
Placer,2021-06-27,249,400308,181,225981,57,164540,11,9787,117,22852,131,193125,127,215977,California
Placer,2021-06-28,489,400797,362,226343,83,164623,44,9831,209,22826,279,193404,253,216230,California
Placer,2021-06-29,828,401625,583,226926,199,164822,46,9877,321,22687,506,193910,367,216597,California
Placer,2021-06-30,597,402222,416,227342,140,164962,41,9918,258,22648,338,194248,299,216896,California
Placer,2021-07-01,543,402765,363,227705,141,165103,39,9957,220,22586,321,194569,259,217155,California
Placer,2021-07-02,655,403420,480,228185,150,165253,25,9982,281,22524,368,194937,306,217461,California
Placer,2021-07-03,303,403723,210,228395,79,165332,14,9996,144,22526,156,195093,158,217619,California
Placer,2021-07-04,16,403739,2,228397,14,165346,0,9996,6,22522,10,195103,6,217625,California
Plumas,2020-12-18,3,3,3,3,0,0,0,0,3,3,0,0,3,3,California
Plumas,2020-12-19,1,4,1,4,0,0,0,0,1,4,0,0,1,4,California
Plumas,2020-12-21,45,49,45,49,0,0,0,0,45,49,0,0,45,49,California
Plumas,2020-12-22,92,141,92,141,0,0,0,0,92,141,0,0,92,141,California
Plumas,2020-12-23,50,191,50,191,0,0,0,0,50,191,0,0,50,191,California
Plumas,2020-12-24,6,197,6,197,0,0,0,0,6,197,0,0,6,197,California
Plumas,2020-12-28,8,205,0,197,8,8,0,0,8,205,0,0,8,205,California
Plumas,2020-12-29,32,237,22,219,10,18,0,0,32,237,0,0,32,237,California
Plumas,2020-12-30,23,260,1,220,22,40,0,0,23,260,0,0,23,260,California
Plumas,2020-12-31,4,264,1,221,3,43,0,0,4,264,0,0,4,264,California
Plumas,2021-01-01,1,265,0,221,1,44,0,0,1,265,0,0,1,265,California
Plumas,2021-01-02,1,266,0,221,1,45,0,0,1,266,0,0,1,266,California
Plumas,2021-01-04,10,276,4,225,6,51,0,0,10,276,0,0,10,276,California
Plumas,2021-01-05,22,298,2,227,20,71,0,0,22,298,0,0,22,298,California
Plumas,2021-01-06,123,421,5,232,118,189,0,0,123,421,0,0,123,421,California
Plumas,2021-01-07,53,474,2,234,51,240,0,0,52,472,1,1,52,473,California
Plumas,2021-01-08,11,485,4,238,7,247,0,0,8,477,3,4,8,481,California
Plumas,2021-01-09,2,487,2,240,0,247,0,0,1,477,1,5,1,482,California
Plumas,2021-01-11,58,545,50,290,8,255,0,0,11,441,47,52,11,493,California
Plumas,2021-01-12,155,700,86,376,69,324,0,0,71,428,84,136,71,564,California
Plumas,2021-01-13,55,755,50,426,5,329,0,0,9,391,46,182,9,573,California
Plumas,2021-01-14,99,854,14,440,85,414,0,0,94,480,5,187,94,667,California
Plumas,2021-01-15,63,917,7,447,56,470,0,0,61,539,2,189,61,728,California
Plumas,2021-01-16,58,975,1,448,57,527,0,0,58,597,0,189,58,786,California
Plumas,2021-01-18,2,977,1,449,1,528,0,0,2,599,0,189,2,788,California
Plumas,2021-01-19,36,1013,5,454,31,559,0,0,32,627,4,193,32,820,California
Plumas,2021-01-20,122,1135,3,457,119,678,0,0,120,745,2,195,120,940,California
Plumas,2021-01-21,112,1247,2,459,110,788,0,0,112,857,0,195,112,1052,California
Plumas,2021-01-22,5,1252,1,460,4,792,0,0,5,862,0,195,5,1057,California
Plumas,2021-01-23,94,1346,2,462,92,884,0,0,94,956,0,195,94,1151,California
Plumas,2021-01-24,1,1347,1,463,0,884,0,0,1,957,0,195,1,1152,California
Plumas,2021-01-25,11,1358,8,471,3,887,0,0,8,962,3,198,8,1160,California
Plumas,2021-01-26,59,1417,2,473,57,944,0,0,51,1005,8,206,51,1211,California
Plumas,2021-01-27,26,1443,20,493,6,950,0,0,6,991,20,226,6,1217,California
Plumas,2021-01-28,24,1467,0,493,24,974,0,0,22,1011,2,228,22,1239,California
Plumas,2021-01-29,9,1476,3,496,6,980,0,0,8,1018,1,229,8,1247,California
Plumas,2021-01-30,11,1487,4,500,7,987,0,0,9,1025,2,231,9,1256,California
Plumas,2021-01-31,3,1490,3,503,0,987,0,0,3,1028,0,231,3,1259,California
Plumas,2021-02-01,22,1512,4,507,18,1005,0,0,14,1034,8,239,14,1273,California
Plumas,2021-02-02,24,1536,4,511,20,1025,0,0,4,1018,20,259,4,1277,California
Plumas,2021-02-03,129,1665,8,519,121,1146,0,0,14,918,114,373,14,1291,California
Plumas,2021-02-04,102,1767,8,527,94,1240,0,0,23,862,79,452,23,1314,California
Plumas,2021-02-05,25,1792,11,538,14,1254,0,0,10,857,15,467,10,1324,California
Plumas,2021-02-06,8,1800,1,539,7,1261,0,0,8,865,0,467,8,1332,California
Plumas,2021-02-08,14,1814,5,544,9,1270,0,0,2,855,12,479,2,1334,California
Plumas,2021-02-09,172,1986,2,546,170,1440,0,0,112,907,60,539,112,1446,California
Plumas,2021-02-10,88,2074,9,555,79,1519,0,0,80,980,8,547,81,1527,California
Plumas,2021-02-11,322,2396,6,561,316,1835,0,0,262,1182,60,607,262,1789,California
Plumas,2021-02-12,125,2521,4,565,121,1956,0,0,119,1295,6,613,119,1908,California
Plumas,2021-02-13,76,2597,6,571,70,2026,0,0,15,1249,61,674,15,1923,California
Plumas,2021-02-14,8,2605,5,576,3,2029,0,0,8,1257,0,674,8,1931,California
Plumas,2021-02-15,26,2631,5,581,21,2050,0,0,23,1277,3,677,23,1954,California
Plumas,2021-02-16,78,2709,4,585,74,2124,0,0,14,1227,64,741,14,1968,California
Plumas,2021-02-17,137,2846,5,590,132,2256,0,0,12,1114,125,866,12,1980,California
Plumas,2021-02-18,129,2975,6,596,123,2379,0,0,20,1026,109,975,21,2001,California
Plumas,2021-02-19,43,3018,6,602,37,2416,0,0,7,997,36,1011,7,2008,California
Plumas,2021-02-20,105,3123,7,609,98,2514,0,0,13,918,92,1103,13,2021,California
Plumas,2021-02-21,6,3129,5,614,1,2515,0,0,2,916,4,1107,2,2023,California
Plumas,2021-02-22,6,3135,3,617,3,2518,0,0,1,912,5,1112,1,2024,California
Plumas,2021-02-23,24,3159,5,622,19,2537,0,0,17,922,7,1119,17,2041,California
Plumas,2021-02-24,463,3622,8,630,455,2992,0,0,450,1359,13,1132,450,2491,California
Plumas,2021-02-25,234,3856,11,641,223,3215,0,0,170,1465,64,1196,170,2661,California
Plumas,2021-02-26,268,4124,9,650,259,3474,0,0,260,1718,8,1204,261,2922,California
Plumas,2021-02-27,42,4166,4,654,38,3512,0,0,35,1746,7,1211,35,2957,California
Plumas,2021-02-28,4,4170,0,654,4,3516,0,0,2,1746,2,1213,2,2959,California
Plumas,2021-03-01,22,4192,6,660,16,3532,0,0,12,1749,9,1222,12,2971,California
Plumas,2021-03-02,10,4202,0,660,10,3542,0,0,7,1754,2,1224,7,2978,California
Plumas,2021-03-03,156,4358,11,671,145,3687,0,0,139,1876,17,1241,139,3117,California
Plumas,2021-03-04,253,4611,9,680,244,3931,0,0,231,2085,22,1263,231,3348,California
Plumas,2021-03-05,399,5010,6,686,388,4319,5,5,387,2465,12,1275,392,3740,California
Plumas,2021-03-06,21,5031,2,688,11,4330,8,13,4,2460,17,1292,12,3752,California
Plumas,2021-03-07,13,5044,2,690,2,4332,9,22,3,2462,10,1302,12,3764,California
Plumas,2021-03-08,30,5074,3,693,3,4335,24,46,3,2463,27,1329,28,3792,California
Plumas,2021-03-09,133,5207,2,695,116,4451,15,61,18,2381,115,1444,33,3825,California
Plumas,2021-03-10,255,5462,3,698,238,4689,14,75,107,2355,147,1591,121,3946,California
Plumas,2021-03-11,177,5639,8,706,164,4853,5,80,142,2467,35,1626,147,4093,California
Plumas,2021-03-12,594,6233,4,710,303,5156,287,367,22,2204,572,2198,309,4402,California
Plumas,2021-03-13,28,6261,5,715,12,5168,11,378,7,2201,21,2219,18,4420,California
Plumas,2021-03-14,12,6273,3,718,4,5172,5,383,1,2197,10,2229,6,4426,California
Plumas,2021-03-15,32,6305,1,719,24,5196,7,390,6,2184,26,2255,13,4439,California
Plumas,2021-03-16,61,6366,3,722,57,5253,1,391,49,2223,11,2266,50,4489,California
Plumas,2021-03-17,76,6442,10,732,65,5318,1,392,59,2267,16,2282,60,4549,California
Plumas,2021-03-18,61,6503,7,739,38,5356,16,408,14,2250,47,2329,30,4579,California
Plumas,2021-03-19,165,6668,7,746,156,5512,2,410,155,2400,8,2337,158,4737,California
Plumas,2021-03-20,700,7368,4,750,695,6207,1,411,678,3059,20,2357,679,5416,California
Plumas,2021-03-21,2,7370,1,751,1,6208,0,411,1,3060,0,2357,1,5417,California
Plumas,2021-03-22,183,7553,2,753,181,6389,0,411,175,3228,7,2364,175,5592,California
Plumas,2021-03-23,28,7581,2,755,26,6415,0,411,14,3228,14,2378,14,5606,California
Plumas,2021-03-24,657,8238,6,761,650,7065,1,412,216,3009,440,2818,221,5827,California
Plumas,2021-03-25,310,8548,7,768,301,7366,2,414,166,3031,144,2962,166,5993,California
Plumas,2021-03-26,315,8863,9,777,306,7672,0,414,46,2809,268,3230,46,6039,California
Plumas,2021-03-27,14,8877,1,778,12,7684,1,415,3,2802,11,3241,4,6043,California
Plumas,2021-03-28,6,8883,3,781,2,7686,1,416,3,2803,3,3244,4,6047,California
Plumas,2021-03-29,12,8895,4,785,7,7693,1,417,4,2800,8,3252,5,6052,California
Plumas,2021-03-30,152,9047,3,788,148,7841,1,418,25,2699,127,3379,26,6078,California
Plumas,2021-03-31,297,9344,4,792,292,8133,1,419,272,2947,25,3404,273,6351,California
Plumas,2021-04-01,309,9653,12,804,296,8429,1,420,66,2773,240,3644,66,6417,California
Plumas,2021-04-02,377,10030,5,809,371,8800,1,421,31,2471,334,3978,32,6449,California
Plumas,2021-04-03,16,10046,3,812,5,8805,8,429,2,2467,14,3992,10,6459,California
Plumas,2021-04-04,3,10049,1,813,1,8806,1,430,0,2465,3,3995,1,6460,California
Plumas,2021-04-05,12,10061,4,817,7,8813,1,431,4,2463,7,4002,5,6465,California
Plumas,2021-04-06,121,10182,6,823,89,8902,26,457,14,2396,107,4109,40,6505,California
Plumas,2021-04-07,284,10466,8,831,99,9001,177,634,29,2347,255,4364,206,6711,California
Plumas,2021-04-08,150,10616,4,835,131,9132,15,649,35,2282,114,4478,49,6760,California
Plumas,2021-04-09,52,10668,10,845,24,9156,18,667,18,2283,34,4512,35,6795,California
Plumas,2021-04-10,25,10693,2,847,6,9162,17,684,5,2285,20,4532,22,6817,California
Plumas,2021-04-11,5,10698,3,850,1,9163,1,685,3,2288,1,4533,4,6821,California
Plumas,2021-04-12,13,10711,5,855,5,9168,3,688,7,2293,5,4538,10,6831,California
Plumas,2021-04-13,211,10922,5,860,206,9374,0,688,141,2364,70,4608,141,6972,California
Plumas,2021-04-14,111,11033,8,868,103,9477,0,688,56,2366,54,4662,56,7028,California
Plumas,2021-04-15,53,11086,2,870,51,9528,0,688,33,2380,19,4681,33,7061,California
Plumas,2021-04-16,142,11228,2,872,140,9668,0,688,2,2242,140,4821,2,7063,California
Plumas,2021-04-17,672,11900,2,874,670,10338,0,688,18,1609,651,5472,18,7081,California
Plumas,2021-04-18,4,11904,3,877,1,10339,0,688,1,1607,3,5475,1,7082,California
Plumas,2021-04-19,38,11942,3,880,35,10374,0,688,5,1579,33,5508,5,7087,California
Plumas,2021-04-20,43,11985,5,885,38,10412,0,688,27,1591,15,5523,27,7114,California
Plumas,2021-04-21,311,12296,5,890,305,10717,1,689,18,1316,293,5816,18,7132,California
Plumas,2021-04-22,276,12572,8,898,268,10985,0,689,126,1292,150,5966,126,7258,California
Plumas,2021-04-23,73,12645,6,904,67,11052,0,689,16,1251,57,6023,16,7274,California
Plumas,2021-04-24,171,12816,5,909,166,11218,0,689,144,1369,26,6049,144,7418,California
Plumas,2021-04-26,30,12846,4,913,26,11244,0,689,8,1356,21,6070,8,7426,California
Plumas,2021-04-27,93,12939,3,916,90,11334,0,689,56,1375,37,6107,56,7482,California
Plumas,2021-04-28,286,13225,4,920,282,11616,0,689,38,1167,246,6353,38,7520,California
Plumas,2021-04-29,172,13397,69,989,103,11719,0,689,118,1231,54,6407,118,7638,California
Plumas,2021-04-30,21,13418,10,999,11,11730,0,689,5,1220,16,6423,5,7643,California
Plumas,2021-05-01,7,13425,1,1000,5,11735,1,690,1,1218,4,6427,2,7645,California
Plumas,2021-05-02,3,13428,3,1003,0,11735,0,690,1,1217,2,6429,1,7646,California
Plumas,2021-05-03,20,13448,7,1010,7,11742,6,696,6,1217,12,6441,12,7658,California
Plumas,2021-05-04,33,13481,5,1015,22,11764,6,702,19,1229,13,6454,25,7683,California
Plumas,2021-05-05,49,13530,6,1021,42,11806,1,703,22,1225,27,6481,23,7706,California
Plumas,2021-05-06,61,13591,2,1023,54,11860,5,708,19,1207,42,6523,24,7730,California
Plumas,2021-05-07,22,13613,5,1028,16,11876,1,709,8,1202,14,6537,9,7739,California
Plumas,2021-05-08,6,13619,0,1028,4,11880,2,711,4,1206,2,6539,6,7745,California
Plumas,2021-05-10,51,13670,1,1029,27,11907,23,734,23,1224,28,6567,46,7791,California
Plumas,2021-05-11,163,13833,3,1032,141,12048,19,753,12,1104,151,6718,31,7822,California
Plumas,2021-05-12,100,13933,2,1034,90,12138,8,761,37,1087,62,6780,45,7867,California
Plumas,2021-05-13,36,13969,3,1037,31,12169,2,763,14,1081,22,6802,16,7883,California
Plumas,2021-05-14,20,13989,4,1041,11,12180,5,768,10,1086,10,6812,15,7898,California
Plumas,2021-05-15,10,13999,4,1045,4,12184,2,770,4,1086,6,6818,6,7904,California
Plumas,2021-05-16,2,14001,1,1046,1,12185,0,770,1,1086,1,6819,1,7905,California
Plumas,2021-05-17,13,14014,0,1046,4,12189,9,779,4,1090,9,6828,13,7918,California
Plumas,2021-05-18,44,14058,7,1053,36,12225,1,780,24,1095,20,6848,25,7943,California
Plumas,2021-05-19,47,14105,3,1056,30,12255,14,794,12,1087,35,6883,27,7970,California
Plumas,2021-05-20,191,14296,136,1192,44,12299,11,805,78,1065,111,6994,89,8059,California
Plumas,2021-05-21,29,14325,8,1200,14,12313,7,812,14,1071,15,7009,21,8080,California
Plumas,2021-05-22,137,14462,1,1201,136,12449,0,812,7,950,128,7137,7,8087,California
Plumas,2021-05-23,1,14463,1,1202,0,12449,0,812,0,949,1,7138,0,8087,California
Plumas,2021-05-24,51,14514,37,1239,13,12462,1,813,41,982,9,7147,42,8129,California
Plumas,2021-05-25,67,14581,3,1242,63,12525,1,814,15,946,52,7199,16,8145,California
Plumas,2021-05-26,41,14622,7,1249,27,12552,7,821,17,947,23,7222,24,8169,California
Plumas,2021-05-27,100,14722,25,1274,62,12614,13,834,41,943,58,7280,54,8223,California
Plumas,2021-05-28,42,14764,14,1288,26,12640,2,836,22,948,19,7299,24,8247,California
Plumas,2021-05-29,8,14772,0,1288,8,12648,0,836,6,953,2,7301,7,8254,California
Plumas,2021-05-30,1,14773,0,1288,1,12649,0,836,0,953,0,7301,0,8254,California
Plumas,2021-05-31,7,14780,0,1288,4,12653,3,839,0,951,5,7306,3,8257,California
Plumas,2021-06-01,32,14812,7,1295,20,12673,5,844,9,943,23,7329,15,8272,California
Plumas,2021-06-02,59,14871,6,1301,31,12704,22,866,10,926,49,7378,32,8304,California
Plumas,2021-06-03,66,14937,17,1318,39,12743,10,876,27,924,39,7417,37,8341,California
Plumas,2021-06-04,15,14952,3,1321,11,12754,1,877,8,928,5,7422,9,8350,California
Plumas,2021-06-05,7,14959,3,1324,4,12758,0,877,2,925,5,7427,2,8352,California
Plumas,2021-06-06,2,14961,1,1325,1,12759,0,877,0,923,2,7429,0,8352,California
Plumas,2021-06-07,37,14998,5,1330,25,12784,7,884,9,911,28,7457,16,8368,California
Plumas,2021-06-08,30,15028,9,1339,19,12803,2,886,8,899,22,7479,10,8378,California
Plumas,2021-06-09,42,15070,5,1344,34,12837,3,889,9,878,33,7512,12,8390,California
Plumas,2021-06-10,36,15106,15,1359,17,12854,4,893,12,871,23,7535,16,8406,California
Plumas,2021-06-11,25,15131,13,1372,9,12863,3,896,8,865,17,7552,11,8417,California
Plumas,2021-06-12,11,15142,3,1375,7,12870,1,897,6,867,5,7557,7,8424,California
Plumas,2021-06-13,3,15145,1,1376,2,12872,0,897,3,870,0,7557,3,8427,California
Plumas,2021-06-14,97,15242,88,1464,6,12878,3,900,13,802,84,7641,16,8443,California
Plumas,2021-06-15,29,15271,7,1471,20,12898,2,902,9,793,20,7661,11,8454,California
Plumas,2021-06-16,33,15304,11,1482,13,12911,9,911,9,787,24,7685,18,8472,California
Plumas,2021-06-17,49,15353,30,1512,15,12926,4,915,11,765,37,7722,15,8487,California
Plumas,2021-06-18,39,15392,17,1529,14,12940,8,923,13,759,26,7748,20,8507,California
Plumas,2021-06-19,9,15401,2,1531,7,12947,0,923,2,754,7,7755,2,8509,California
Plumas,2021-06-21,9,15410,4,1535,4,12951,1,924,5,756,4,7759,6,8515,California
Plumas,2021-06-22,29,15439,11,1546,16,12967,2,926,9,747,20,7779,11,8526,California
Plumas,2021-06-23,27,15466,15,1561,9,12976,3,929,15,753,12,7791,18,8544,California
Plumas,2021-06-24,30,15496,19,1580,8,12984,3,932,14,754,15,7806,16,8560,California
Plumas,2021-06-25,22,15518,9,1589,11,12995,2,934,8,752,12,7818,10,8570,California
Plumas,2021-06-26,13,15531,4,1593,8,13003,1,935,3,746,10,7828,4,8574,California
Plumas,2021-06-28,10,15541,4,1597,2,13005,4,939,2,744,8,7836,6,8580,California
Plumas,2021-06-29,24,15565,16,1613,7,13012,1,940,11,743,13,7849,12,8592,California
Plumas,2021-06-30,22,15587,9,1622,9,13021,4,944,8,741,14,7863,12,8604,California
Plumas,2021-07-01,41,15628,27,1649,10,13031,4,948,21,746,20,7883,25,8629,California
Plumas,2021-07-02,17,15645,13,1662,4,13035,0,948,4,737,13,7896,4,8633,California
Plumas,2021-07-03,1,15646,0,1662,1,13036,0,948,1,738,0,7896,1,8634,California
Riverside,2020-12-15,7,7,7,7,0,0,0,0,7,7,0,0,7,7,California
Riverside,2020-12-16,96,103,96,103,0,0,0,0,96,103,0,0,96,103,California
Riverside,2020-12-17,836,939,836,939,0,0,0,0,836,939,0,0,836,939,California
Riverside,2020-12-18,1780,2719,1779,2718,1,1,0,0,1780,2719,0,0,1780,2719,California
Riverside,2020-12-19,1055,3774,1052,3770,3,4,0,0,1053,3771,1,1,1053,3772,California
Riverside,2020-12-20,1114,4888,1113,4883,1,5,0,0,1114,4885,0,1,1114,4886,California
Riverside,2020-12-21,2342,7230,2340,7223,2,7,0,0,2342,7227,0,1,2342,7228,California
Riverside,2020-12-22,2296,9526,2249,9472,47,54,0,0,2295,9522,0,1,2295,9523,California
Riverside,2020-12-23,2165,11691,1821,11293,344,398,0,0,2166,11688,0,1,2166,11689,California
Riverside,2020-12-24,859,12550,655,11948,204,602,0,0,859,12547,0,1,859,12548,California
Riverside,2020-12-25,41,12591,18,11966,23,625,0,0,40,12587,0,1,40,12588,California
Riverside,2020-12-26,490,13081,270,12236,220,845,0,0,490,13077,0,1,490,13078,California
Riverside,2020-12-27,398,13479,268,12504,130,975,0,0,397,13473,1,2,397,13475,California
Riverside,2020-12-28,1716,15195,1194,13698,522,1497,0,0,1716,15189,0,2,1716,15191,California
Riverside,2020-12-29,1809,17004,1025,14723,784,2281,0,0,1809,16998,0,2,1809,17000,California
Riverside,2020-12-30,2654,19658,1725,16448,929,3210,0,0,2652,19649,1,3,2652,19652,California
Riverside,2020-12-31,1082,20740,422,16870,660,3870,0,0,1083,20731,1,4,1083,20735,California
Riverside,2021-01-01,134,20874,58,16928,76,3946,0,0,134,20865,0,4,134,20869,California
Riverside,2021-01-02,896,21770,708,17636,188,4134,0,0,896,21761,0,4,896,21765,California
Riverside,2021-01-03,359,22129,305,17941,54,4188,0,0,358,22119,0,4,358,22123,California
Riverside,2021-01-04,1304,23433,810,18751,494,4682,0,0,1303,23422,0,4,1303,23426,California
Riverside,2021-01-05,2062,25495,1416,20167,646,5328,0,0,1938,25243,117,121,1938,25364,California
Riverside,2021-01-06,2598,28093,1160,21327,1438,6766,0,0,2255,27161,337,458,2255,27619,California
Riverside,2021-01-07,2886,30979,1886,23213,1000,7766,0,0,1771,27828,1107,1565,1774,29393,California
Riverside,2021-01-08,4123,35102,2979,26192,1144,8910,0,0,2262,28234,1856,3421,2262,31655,California
Riverside,2021-01-09,2138,37240,878,27070,1260,10170,0,0,1760,29618,376,3797,1760,33415,California
Riverside,2021-01-10,1697,38937,751,27821,946,11116,0,0,1081,30083,616,4413,1081,34496,California
Riverside,2021-01-11,4623,43560,3160,30981,1463,12579,0,0,2844,31150,1777,6190,2844,37340,California
Riverside,2021-01-12,3524,47084,2783,33764,741,13320,0,0,1807,31248,1712,7902,1810,39150,California
Riverside,2021-01-13,4591,51675,3002,36766,1589,14909,0,0,2946,32553,1641,9543,2946,42096,California
Riverside,2021-01-14,5799,57474,2055,38821,3744,18653,0,0,5168,37094,629,10172,5170,47266,California
Riverside,2021-01-15,6287,63761,2108,40929,4179,22832,0,0,5951,42712,334,10506,5952,53218,California
Riverside,2021-01-16,3723,67484,1036,41965,2687,25519,0,0,3461,45912,262,10768,3462,56680,California
Riverside,2021-01-17,3664,71148,605,42570,3059,28578,0,0,3455,49160,207,10975,3455,60135,California
Riverside,2021-01-18,3864,75012,2105,44675,1759,30337,0,0,2816,50930,1047,12022,2817,62952,California
Riverside,2021-01-19,7541,82553,2680,47355,4861,35198,0,0,6394,56183,1146,13168,6399,69351,California
Riverside,2021-01-20,8473,91026,3269,50624,5204,40402,0,0,6797,61323,1663,14831,6803,76154,California
Riverside,2021-01-21,8565,99591,3574,54198,4991,45393,0,0,7859,68476,707,15538,7860,84014,California
Riverside,2021-01-22,8973,108564,3056,57254,5917,51310,0,0,8494,76495,477,16015,8496,92510,California
Riverside,2021-01-23,6076,114640,2356,59610,3720,55030,0,0,5265,80951,810,16825,5266,97776,California
Riverside,2021-01-24,3116,117756,1437,61047,1679,56709,0,0,2891,83622,221,17046,2892,100668,California
Riverside,2021-01-25,8036,125792,4596,65643,3440,60149,0,0,6866,89323,1167,18213,6868,107536,California
Riverside,2021-01-26,9237,135029,5720,71363,3517,63666,0,0,7698,95486,1536,19749,7699,115235,California
Riverside,2021-01-27,11121,146150,6417,77780,4704,68370,0,0,9474,103322,1641,21390,9477,124712,California
Riverside,2021-01-28,11739,157889,6820,84600,4919,73289,0,0,10536,112667,1194,22584,10539,135251,California
Riverside,2021-01-29,12105,169994,7310,91910,4795,78084,0,0,10705,122002,1376,23960,10711,145962,California
Riverside,2021-01-30,9197,179191,4620,96530,4577,82661,0,0,8693,130196,500,24460,8694,154656,California
Riverside,2021-01-31,5190,184381,4223,100753,967,83628,0,0,5045,135103,143,24603,5050,159706,California
Riverside,2021-02-01,11497,195878,7164,107917,4333,87961,0,0,9472,142563,2016,26619,9476,169182,California
Riverside,2021-02-02,9694,205572,4876,112793,4818,92779,0,0,8176,149241,1504,28123,8182,177364,California
Riverside,2021-02-03,12437,218009,5200,117993,7237,100016,0,0,9975,156769,2452,30575,9980,187344,California
Riverside,2021-02-04,13778,231787,6067,124060,7711,107727,0,0,11610,166230,2157,32732,11618,198962,California
Riverside,2021-02-05,14683,246470,5556,129616,9127,116854,0,0,11432,174428,3242,35974,11440,210402,California
Riverside,2021-02-06,7353,253823,4275,133891,3078,119932,0,0,5684,178458,1658,37632,5688,216090,California
Riverside,2021-02-07,2223,256046,809,134700,1414,121346,0,0,1885,180014,336,37968,1892,217982,California
Riverside,2021-02-08,12614,268660,5591,140291,7023,128369,0,0,10221,187874,2375,40343,10235,228217,California
Riverside,2021-02-09,9827,278487,4565,144856,5262,133631,0,0,7789,193664,2020,42363,7810,236027,California
Riverside,2021-02-10,12273,290760,7022,151878,5251,138882,0,0,8964,199351,3296,45659,8983,245010,California
Riverside,2021-02-11,16896,307656,9104,160982,7792,146674,0,0,12211,206938,4661,50320,12248,257258,California
Riverside,2021-02-12,18064,325720,10925,171907,7139,153813,0,0,12951,214855,5062,55382,12979,270237,California
Riverside,2021-02-13,6442,332162,2174,174081,4268,158081,0,0,3113,214685,3314,58696,3144,273381,California
Riverside,2021-02-14,5040,337202,1186,175267,3854,161935,0,0,2261,214186,2773,61469,2274,275655,California
Riverside,2021-02-15,10025,347227,5124,180391,4901,166836,0,0,5529,215252,4480,65949,5546,281201,California
Riverside,2021-02-16,16390,363617,10240,190631,6150,172986,0,0,9410,217720,6968,72917,9436,290637,California
Riverside,2021-02-17,15376,378993,8424,199055,6952,179938,0,0,7624,217664,7735,80652,7679,298316,California
Riverside,2021-02-18,15796,394789,9068,208123,6728,186666,0,0,8105,218148,7664,88316,8148,306464,California
Riverside,2021-02-19,15682,410471,8414,216537,7268,193934,0,0,7383,217291,8268,96584,7411,313875,California
Riverside,2021-02-20,8579,419050,4636,221173,3943,197877,0,0,2258,213260,6299,102883,2268,316143,California
Riverside,2021-02-21,4578,423628,4038,225211,540,198417,0,0,1294,211306,3259,106142,1305,317448,California
Riverside,2021-02-22,12824,436452,8110,233321,4714,203131,0,0,5086,208687,7717,113859,5098,322546,California
Riverside,2021-02-23,11679,448131,7919,241240,3760,206891,0,0,5661,208396,5982,119841,5691,328237,California
Riverside,2021-02-24,15187,463318,8279,249519,6908,213799,0,0,6430,206173,8710,128551,6487,334724,California
Riverside,2021-02-25,17713,481031,7564,257083,10149,223948,0,0,8194,204948,9489,138040,8264,342988,California
Riverside,2021-02-26,18965,499996,6856,263939,12109,236057,0,0,9450,205018,9447,147487,9517,352505,California
Riverside,2021-02-27,12199,512195,5643,269582,6556,242613,0,0,5799,204508,6366,153853,5856,358361,California
Riverside,2021-02-28,5005,517200,3293,272875,1712,244325,0,0,2483,204514,2508,156361,2514,360875,California
Riverside,2021-03-01,14508,531708,6182,279057,8320,252645,6,6,8520,207153,5940,162301,8579,369454,California
Riverside,2021-03-02,15565,547273,7603,286660,7961,260606,1,7,9093,209855,6444,168745,9146,378600,California
Riverside,2021-03-03,17278,564551,8554,295214,8724,269330,0,7,7523,207839,9699,178444,7683,386283,California
Riverside,2021-03-04,19027,583578,7568,302782,11454,280784,5,12,9054,207172,9922,188366,9255,395538,California
Riverside,2021-03-05,19154,602732,7702,310484,11406,292190,46,58,9445,207326,9655,198021,9809,405347,California
Riverside,2021-03-06,9645,612377,5106,315590,4055,296245,484,542,4778,207786,4850,202871,5310,410657,California
Riverside,2021-03-07,4331,616708,2794,318384,1145,297390,392,934,2025,207942,2294,205165,2450,413107,California
Riverside,2021-03-08,12146,628854,4837,323221,6896,304286,413,1347,5413,207139,6709,211874,5906,419013,California
Riverside,2021-03-09,15029,643883,7019,330240,7501,311787,509,1856,5946,204688,9059,220933,6608,425621,California
Riverside,2021-03-10,16167,660050,8676,338916,6555,318342,936,2792,6264,202216,9856,230789,7384,433005,California
Riverside,2021-03-11,19598,679648,9594,348510,8130,326472,1874,4666,7649,200059,11906,242695,9749,442754,California
Riverside,2021-03-12,21358,701006,8001,356511,8599,335071,4758,9424,7052,197940,14259,256954,12140,454894,California
Riverside,2021-03-13,8622,709628,2581,359092,4806,339877,1235,10659,4389,199462,4206,261160,5728,460622,California
Riverside,2021-03-14,4838,714466,1663,360755,1800,341677,1375,12034,2112,200248,2709,263869,3495,464117,California
Riverside,2021-03-15,18806,733272,7922,368677,9211,350888,1673,13707,9154,201589,9604,273473,10945,475062,California
Riverside,2021-03-16,21134,754406,10282,378959,10034,360922,818,14525,11387,204205,9702,283175,12318,487380,California
Riverside,2021-03-17,21592,775998,11081,390040,9446,370368,1065,15590,12878,209551,8666,291841,14012,501392,California
Riverside,2021-03-18,23122,799120,11993,402033,9449,379817,1680,17270,12673,213531,10390,302231,14370,515762,California
Riverside,2021-03-19,24339,823459,12780,414813,10585,390402,974,18244,14136,218869,10142,312373,15480,531242,California
Riverside,2021-03-20,10937,834396,6954,421767,2773,393175,1210,19454,6979,223151,3920,316293,8202,539444,California
Riverside,2021-03-21,3938,838334,3039,424806,621,393796,278,19732,2610,224741,1304,317597,2894,542338,California
Riverside,2021-03-22,16798,855132,10016,434822,6228,400024,554,20286,10621,229803,6115,323712,11177,553515,California
Riverside,2021-03-23,18786,873918,10616,445438,7747,407771,423,20709,11947,235424,6776,330488,12397,565912,California
Riverside,2021-03-24,18896,892814,10525,455963,8249,416020,122,20831,12875,242483,5963,336451,13022,578934,California
Riverside,2021-03-25,21288,914102,11731,467694,9370,425390,187,21018,14173,249826,7034,343485,14377,593311,California
Riverside,2021-03-26,24302,938404,12003,479697,12124,437514,175,21193,15055,255937,9135,352620,15246,608557,California
Riverside,2021-03-27,9396,947800,4916,484613,3426,440940,1054,22247,4841,257313,4525,357145,5901,614458,California
Riverside,2021-03-28,4812,952612,3157,487770,1561,442501,94,22341,2858,258327,1942,359087,2956,617414,California
Riverside,2021-03-29,17757,970369,8476,496246,9154,451655,127,22468,10942,262652,6765,365852,11090,628504,California
Riverside,2021-03-30,18458,988827,9611,505857,8636,460291,211,22679,11737,267929,6676,372528,11953,640457,California
Riverside,2021-03-31,18261,1007088,8490,514347,9445,469736,326,23005,11395,272849,6813,379341,11733,652190,California
Riverside,2021-04-01,25728,1032816,12567,526914,12357,482093,804,23809,16511,281037,9131,388472,17319,669509,California
Riverside,2021-04-02,26278,1059094,14114,541028,11179,493272,985,24794,16412,288856,9800,398272,17619,687128,California
Riverside,2021-04-03,9460,1068554,5998,547026,2847,496119,615,25409,6081,292192,3359,401631,6695,693823,California
Riverside,2021-04-04,3443,1071997,2080,549106,1096,497215,267,25676,1719,292469,1711,403342,1988,695811,California
Riverside,2021-04-05,18632,1090629,9506,558612,7239,504454,1887,27563,9986,295749,8600,411942,11880,707691,California
Riverside,2021-04-06,23940,1114569,12438,571050,9329,513783,2173,29736,13344,300712,10543,422485,15506,723197,California
Riverside,2021-04-07,25072,1139641,13486,584536,9047,522830,2539,32275,13925,306081,11095,433580,16464,739661,California
Riverside,2021-04-08,27666,1167307,15256,599792,9365,532195,3045,35320,16833,315184,10761,444341,19864,759525,California
Riverside,2021-04-09,26545,1193852,15587,615379,8433,540628,2525,37845,16132,323514,10358,454699,18688,778213,California
Riverside,2021-04-10,12161,1206013,6811,622190,3925,544553,1425,39270,5322,323463,6793,461492,6742,784955,California
Riverside,2021-04-11,4700,1210713,2793,624983,1265,545818,642,39912,2201,323827,2484,463976,2848,787803,California
Riverside,2021-04-12,20303,1231016,9042,634025,8594,554412,2667,42579,10151,326541,10109,474085,12823,800626,California
Riverside,2021-04-13,20272,1251288,11343,645368,8901,563313,28,42607,11604,329556,8625,482710,11640,812266,California
Riverside,2021-04-14,22501,1273789,12409,657777,10077,573390,15,42622,11022,329207,11408,494118,11059,823325,California
Riverside,2021-04-15,22301,1296090,12620,670397,9673,583063,8,42630,11769,330536,10459,504577,11788,835113,California
Riverside,2021-04-16,25425,1321515,14683,685080,10736,593799,6,42636,11809,328811,13553,518130,11828,846941,California
Riverside,2021-04-17,10023,1331538,6611,691691,3412,597211,0,42636,5017,328859,4979,523109,5027,851968,California
Riverside,2021-04-18,4225,1335763,3144,694835,1074,598285,7,42643,1956,328581,2251,525360,1973,853941,California
Riverside,2021-04-19,19767,1355530,11743,706578,8021,606306,3,42646,7108,323099,12606,537966,7124,861065,California
Riverside,2021-04-20,19580,1375110,10550,717128,9021,615327,9,42655,7987,319561,11541,549507,8003,869068,California
Riverside,2021-04-21,20895,1396005,12351,729479,8534,623861,10,42665,8400,315568,12415,561922,8422,877490,California
Riverside,2021-04-22,23896,1419901,14114,743593,9778,633639,4,42669,8947,309653,14877,576799,8962,886452,California
Riverside,2021-04-23,23842,1443743,14167,757760,9661,643300,14,42683,9343,304597,14435,591234,9379,895831,California
Riverside,2021-04-24,10541,1454284,7327,765087,3205,646505,9,42692,4830,303769,5670,596904,4842,900673,California
Riverside,2021-04-25,4255,1458539,2826,767913,1422,647927,7,42699,2201,303943,2036,598940,2210,902883,California
Riverside,2021-04-26,17401,1475940,10951,778864,6391,654318,59,42758,5927,298518,11427,610367,6002,908885,California
Riverside,2021-04-27,18627,1494567,10703,789567,7717,662035,207,42965,6495,293145,12084,622451,6711,915596,California
Riverside,2021-04-28,16923,1511490,9233,798800,7425,669460,265,43230,5755,288071,11104,633555,6030,921626,California
Riverside,2021-04-29,19153,1530643,11820,810620,6981,676441,352,43582,5577,280494,13505,647060,5928,927554,California
Riverside,2021-04-30,20337,1550980,11860,822480,8089,684530,388,43970,6659,273921,13621,660681,7048,934602,California
Riverside,2021-05-01,6887,1557867,4941,827421,1761,686291,185,44155,2365,271977,4493,665174,2549,937151,California
Riverside,2021-05-02,3395,1561262,2219,829640,967,687258,209,44364,1091,270999,2285,667459,1307,938458,California
Riverside,2021-05-03,18076,1579338,11101,840741,6478,693736,497,44861,4182,261850,13826,681285,4677,943135,California
Riverside,2021-05-04,17773,1597111,11383,852124,5926,699662,464,45325,5006,254640,12692,693977,5482,948617,California
Riverside,2021-05-05,16357,1613468,9432,861556,6551,706213,374,45699,4726,248191,11570,705547,5121,953738,California
Riverside,2021-05-06,18353,1631821,10447,872003,7490,713703,416,46115,4703,239781,13569,719116,5159,958897,California
Riverside,2021-05-07,20780,1652601,11887,883890,8447,722150,446,46561,5529,230596,15165,734281,5980,964877,California
Riverside,2021-05-08,7106,1659707,4724,888614,2119,724269,263,46824,2656,229109,4414,738695,2927,967804,California
Riverside,2021-05-09,2497,1662204,1697,890311,647,724916,153,46977,927,228636,1561,740256,1088,968892,California
Riverside,2021-05-10,10150,1672354,5206,895517,4549,729465,395,47372,2865,224666,7235,747491,3265,972157,California
Riverside,2021-05-11,14353,1686707,8755,904272,5071,734536,527,47899,4015,218972,10252,757743,4558,976715,California
Riverside,2021-05-12,13065,1699772,6719,910991,6013,740549,333,48232,3936,214164,9077,766820,4269,980984,California
Riverside,2021-05-13,15252,1715024,9336,920327,5634,746183,282,48514,5408,210076,9791,776611,5703,986687,California
Riverside,2021-05-14,18249,1733273,11566,931893,5888,752071,795,49309,7108,206909,11068,787679,7901,994588,California
Riverside,2021-05-15,9897,1743170,7128,939021,2372,754443,397,49706,5095,207630,4771,792450,5492,1000080,California
Riverside,2021-05-16,3720,1746890,2760,941781,842,755285,118,49824,1868,207776,1838,794288,1984,1002064,California
Riverside,2021-05-17,11821,1758711,7608,949389,3858,759143,355,50179,5088,206524,6700,800988,5448,1007512,California
Riverside,2021-05-18,15256,1773967,9480,958869,5417,764560,359,50538,6159,203993,9049,810037,6518,1014030,California
Riverside,2021-05-19,12241,1786208,7739,966608,4257,768817,245,50783,5900,203853,6288,816325,6148,1020178,California
Riverside,2021-05-20,11951,1798159,7508,974116,4184,773001,259,51042,5317,202848,6585,822910,5580,1025758,California
Riverside,2021-05-21,14480,1812639,8925,983041,5231,778232,324,51366,6059,200881,8352,831262,6385,1032143,California
Riverside,2021-05-22,7229,1819868,4895,987936,2137,780369,197,51563,3868,201626,3321,834583,4066,1036209,California
Riverside,2021-05-23,2753,1822621,1841,989777,835,781204,77,51640,1292,201548,1446,836029,1368,1037577,California
Riverside,2021-05-24,8881,1831502,5808,995585,2759,783963,314,51954,3963,200941,4883,840912,4276,1041853,California
Riverside,2021-05-25,9733,1841235,5794,1001379,3666,787629,273,52227,3878,199279,5816,846728,4154,1046007,California
Riverside,2021-05-26,8925,1850160,5534,1006913,3060,790689,331,52558,3896,198533,4978,851706,4232,1050239,California
Riverside,2021-05-27,8567,1858727,5128,1012041,3202,793891,237,52795,3879,198017,4637,856343,4121,1054360,California
Riverside,2021-05-28,10779,1869506,6522,1018563,3942,797833,315,53110,4963,197549,5753,862096,5285,1059645,California
Riverside,2021-05-29,5047,1874553,3436,1021999,1485,799318,126,53236,2814,198282,2209,864305,2942,1062587,California
Riverside,2021-05-30,1972,1876525,1425,1023424,479,799797,68,53304,1019,198424,945,865250,1087,1063674,California
Riverside,2021-05-31,878,1877403,500,1023924,345,800142,33,53337,335,198254,538,865788,368,1064042,California
Riverside,2021-06-01,9177,1886580,5664,1029588,3276,803418,237,53574,3443,196252,5680,871468,3678,1067720,California
Riverside,2021-06-02,7138,1893718,4347,1033935,2512,805930,279,53853,2739,194916,4356,875824,3020,1070740,California
Riverside,2021-06-03,7962,1901680,5297,1039232,2394,808324,271,54124,2725,192714,5194,881018,2992,1073732,California
Riverside,2021-06-04,10730,1912410,7650,1046882,2821,811145,259,54383,3714,189726,6963,887981,3975,1077707,California
Riverside,2021-06-05,6961,1919371,5137,1052019,1278,812423,546,54929,2179,187696,4758,892739,2728,1080435,California
Riverside,2021-06-06,2214,1921585,1881,1053900,282,812705,51,54980,682,186905,1525,894264,734,1081169,California
Riverside,2021-06-07,6938,1928523,5262,1059162,1445,814150,231,55211,2267,184764,4640,898904,2499,1083668,California
Riverside,2021-06-08,9058,1937581,6562,1065724,2221,816371,275,55486,2956,181949,6048,904952,3233,1086901,California
Riverside,2021-06-09,7747,1945328,5638,1071362,1813,818184,296,55782,2359,179261,5341,910293,2653,1089554,California
Riverside,2021-06-10,7589,1952917,5349,1076711,2005,820189,235,56017,2359,176658,5201,915494,2598,1092152,California
Riverside,2021-06-11,8891,1961808,6028,1082739,2571,822760,292,56309,3001,174122,5829,921323,3293,1095445,California
Riverside,2021-06-12,5350,1967158,3955,1086694,1267,824027,128,56437,1663,172263,3656,924979,1797,1097242,California
Riverside,2021-06-13,1795,1968953,1334,1088028,417,824444,44,56481,494,171513,1288,926267,538,1097780,California
Riverside,2021-06-14,6366,1975319,4556,1092584,1503,825947,307,56788,2083,169652,4247,930514,2386,1100166,California
Riverside,2021-06-15,7077,1982396,4829,1097413,1937,827884,311,57099,2646,168231,4383,934897,2962,1103128,California
Riverside,2021-06-16,6838,1989234,4710,1102123,1815,829699,313,57412,2407,166562,4388,939285,2719,1105847,California
Riverside,2021-06-17,6401,1995635,4482,1106605,1677,831376,242,57654,2382,165206,3986,943271,2630,1108477,California
Riverside,2021-06-18,8172,2003807,5906,1112511,1989,833365,277,57931,3334,164031,4791,948062,3616,1112093,California
Riverside,2021-06-19,4276,2008083,3277,1115788,843,834208,156,58087,1784,163509,2465,950527,1943,1114036,California
Riverside,2021-06-20,1501,2009584,1139,1116927,325,834533,37,58124,573,163203,917,951444,611,1114647,California
Riverside,2021-06-21,4246,2013830,2812,1119739,1159,835692,275,58399,2189,163628,2039,953483,2464,1117111,California
Riverside,2021-06-22,6325,2020155,4473,1124212,1601,837293,251,58650,2711,163019,3575,957058,2966,1120077,California
Riverside,2021-06-23,5529,2025684,3932,1128144,1340,838633,257,58907,2559,162899,2936,959994,2816,1122893,California
Riverside,2021-06-24,5381,2031065,3692,1131836,1447,840080,242,59149,2345,162486,3001,962995,2588,1125481,California
Riverside,2021-06-25,6770,2037835,4878,1136714,1611,841691,281,59430,2916,161865,3822,966817,3201,1128682,California
Riverside,2021-06-26,3800,2041635,2931,1139645,749,842440,120,59550,1752,161712,2025,968842,1872,1130554,California
Riverside,2021-06-27,1496,2043131,1204,1140849,247,842687,45,59595,692,161656,793,969635,737,1131291,California
Riverside,2021-06-28,4251,2047382,3318,1144167,713,843400,220,59815,1988,161634,2234,971869,2212,1133503,California
Riverside,2021-06-29,5587,2052969,4145,1148312,1265,844665,177,59992,2545,161352,3006,974875,2724,1136227,California
Riverside,2021-06-30,4881,2057850,3598,1151910,1114,845779,169,60161,2380,161466,2433,977308,2547,1138774,California
Riverside,2021-07-01,4644,2062494,3236,1155146,1107,846886,301,60462,2177,161507,2442,979750,2483,1141257,California
Riverside,2021-07-02,5677,2068171,4233,1159379,1252,848138,192,60654,2710,161481,2927,982677,2901,1144158,California
Riverside,2021-07-03,2857,2071028,2139,1161518,638,848776,80,60734,1407,161552,1417,984094,1488,1145646,California
Riverside,2021-07-04,167,2071195,68,1161586,93,848869,6,60740,75,161543,90,984184,81,1145727,California
Sacramento,2020-12-15,315,315,315,315,0,0,0,0,315,315,0,0,315,315,California
Sacramento,2020-12-16,646,961,646,961,0,0,0,0,646,961,0,0,646,961,California
Sacramento,2020-12-17,705,1666,705,1666,0,0,0,0,705,1666,0,0,705,1666,California
Sacramento,2020-12-18,1118,2784,1118,2784,0,0,0,0,1118,2784,0,0,1118,2784,California
Sacramento,2020-12-19,613,3397,613,3397,0,0,0,0,613,3397,0,0,613,3397,California
Sacramento,2020-12-20,634,4031,634,4031,0,0,0,0,634,4031,0,0,634,4031,California
Sacramento,2020-12-21,1678,5709,1678,5709,0,0,0,0,1679,5710,0,0,1679,5710,California
Sacramento,2020-12-22,2106,7815,2070,7779,36,36,0,0,2106,7816,0,0,2106,7816,California
Sacramento,2020-12-23,2269,10084,2095,9874,174,210,0,0,2269,10085,0,0,2269,10085,California
Sacramento,2020-12-24,1041,11125,829,10703,212,422,0,0,1041,11126,0,0,1041,11126,California
Sacramento,2020-12-25,2,11127,1,10704,1,423,0,0,2,11128,0,0,2,11128,California
Sacramento,2020-12-26,509,11636,290,10994,219,642,0,0,509,11637,0,0,509,11637,California
Sacramento,2020-12-27,358,11994,252,11246,106,748,0,0,358,11995,0,0,358,11995,California
Sacramento,2020-12-28,1927,13921,1342,12588,585,1333,0,0,1926,13920,1,1,1926,13921,California
Sacramento,2020-12-29,1974,15895,1201,13789,773,2106,0,0,1974,15894,0,1,1974,15895,California
Sacramento,2020-12-30,2567,18462,1460,15249,1107,3213,0,0,2568,18462,0,1,2568,18463,California
Sacramento,2020-12-31,1231,19693,695,15944,536,3749,0,0,1232,19694,0,1,1232,19695,California
Sacramento,2021-01-01,82,19775,70,16014,12,3761,0,0,82,19776,0,1,82,19777,California
Sacramento,2021-01-02,572,20347,367,16381,205,3966,0,0,572,20348,0,1,572,20349,California
Sacramento,2021-01-03,412,20759,223,16604,189,4155,0,0,412,20760,0,1,412,20761,California
Sacramento,2021-01-04,1946,22705,835,17439,1111,5266,0,0,1944,22703,1,2,1944,22705,California
Sacramento,2021-01-05,2220,24925,994,18433,1226,6492,0,0,1856,24202,364,366,1863,24568,California
Sacramento,2021-01-06,2735,27660,1620,20053,1115,7607,0,0,1935,25340,797,1163,1935,26503,California
Sacramento,2021-01-07,2854,30514,1516,21569,1338,8945,0,0,1921,26332,929,2092,1921,28424,California
Sacramento,2021-01-08,3298,33812,2084,23653,1214,10159,0,0,2180,27399,1114,3206,2181,30605,California
Sacramento,2021-01-09,1297,35109,804,24457,493,10652,0,0,899,27902,396,3602,899,31504,California
Sacramento,2021-01-10,1251,36360,712,25169,539,11191,0,0,782,28217,468,4070,783,32287,California
Sacramento,2021-01-11,4373,40733,2970,28139,1403,12594,0,0,2425,28707,1947,6017,2437,34724,California
Sacramento,2021-01-12,4665,45398,3275,31414,1390,13984,0,0,2625,29299,2039,8056,2631,37355,California
Sacramento,2021-01-13,3859,49257,2232,33646,1627,15611,0,0,2434,30310,1424,9480,2435,39790,California
Sacramento,2021-01-14,4751,54008,2432,36078,2319,17930,0,0,3835,33230,915,10395,3835,43625,California
Sacramento,2021-01-15,4460,58468,2258,38336,2202,20132,0,0,3742,36255,718,11113,3743,47368,California
Sacramento,2021-01-16,2223,60691,1285,39621,938,21070,0,0,2002,38037,220,11333,2002,49370,California
Sacramento,2021-01-17,1685,62376,987,40608,698,21768,0,0,1499,39353,186,11519,1502,50872,California
Sacramento,2021-01-18,2819,65195,1723,42331,1096,22864,0,0,2230,40996,588,12107,2231,53103,California
Sacramento,2021-01-19,4988,70183,3027,45358,1961,24825,0,0,3747,43505,1240,13347,3749,56852,California
Sacramento,2021-01-20,4983,75166,3002,48360,1981,26806,0,0,3671,45869,1313,14660,3677,60529,California
Sacramento,2021-01-21,5242,80408,3013,51373,2229,29035,0,0,4271,49177,965,15625,4273,64802,California
Sacramento,2021-01-22,5030,85438,2686,54059,2344,31379,0,0,4728,53605,301,15926,4729,69531,California
Sacramento,2021-01-23,3871,89309,1561,55620,2310,33689,0,0,3407,56548,464,16390,3407,72938,California
Sacramento,2021-01-24,1639,90948,1023,56643,616,34305,0,0,1390,57690,249,16639,1391,74329,California
Sacramento,2021-01-25,4422,95370,2165,58808,2257,36562,0,0,2942,59154,1480,18119,2944,77273,California
Sacramento,2021-01-26,4777,100147,2175,60983,2602,39164,0,0,3560,61504,1212,19331,3562,80835,California
Sacramento,2021-01-27,5895,106042,3045,64028,2850,42014,0,0,4263,64143,1626,20957,4265,85100,California
Sacramento,2021-01-28,5484,111526,2738,66766,2746,44760,0,0,4376,67414,1106,22063,4377,89477,California
Sacramento,2021-01-29,5443,116969,2935,69701,2508,47268,0,0,4415,70809,1020,23083,4415,93892,California
Sacramento,2021-01-30,4885,121854,2199,71900,2686,49954,0,0,4452,74831,430,23513,4452,98344,California
Sacramento,2021-01-31,2417,124271,2115,74015,302,50256,0,0,2063,76544,352,23865,2065,100409,California
Sacramento,2021-02-01,5963,130234,3038,77053,2925,53181,0,0,4274,79138,1681,25546,4275,104684,California
Sacramento,2021-02-02,6958,137192,3713,80766,3245,56426,0,0,4852,81906,2086,27632,4854,109538,California
Sacramento,2021-02-03,7179,144371,3617,84383,3562,59988,0,0,5293,85327,1874,29506,5295,114833,California
Sacramento,2021-02-04,7803,152174,3688,88071,4115,64103,0,0,5539,88610,2256,31762,5539,120372,California
Sacramento,2021-02-05,7893,160067,4500,92571,3393,67496,0,0,4847,90439,3022,34784,4851,125223,California
Sacramento,2021-02-06,8851,168918,3503,96074,5348,72844,0,0,7491,96574,1358,36142,7493,132716,California
Sacramento,2021-02-07,4100,173018,2209,98283,1891,74735,0,0,2895,98271,1200,37342,2897,135613,California
Sacramento,2021-02-08,6264,179282,3251,101534,3013,77748,0,0,3913,99838,2346,39688,3913,139526,California
Sacramento,2021-02-09,6800,186082,3573,105107,3227,80975,0,0,3999,101051,2787,42475,4000,143526,California
Sacramento,2021-02-10,7769,193851,4253,109360,3516,84491,0,0,4538,102376,3215,45690,4540,148066,California
Sacramento,2021-02-11,9631,203482,5736,115096,3895,88386,0,0,5521,103804,4095,49785,5523,153589,California
Sacramento,2021-02-12,10748,214230,4176,119272,6572,94958,0,0,6437,105998,4246,54031,6440,160029,California
Sacramento,2021-02-13,8146,222376,3019,122291,5127,100085,0,0,6379,110617,1761,55792,6380,166409,California
Sacramento,2021-02-14,3257,225633,2007,124298,1250,101335,0,0,2121,111609,1134,56926,2126,168535,California
Sacramento,2021-02-15,6045,231678,2061,126359,3984,105319,0,0,4198,113973,1837,58763,4201,172736,California
Sacramento,2021-02-16,9314,240992,4237,130596,5077,110396,0,0,5354,115379,3953,62716,5359,178095,California
Sacramento,2021-02-17,8947,249939,5038,135634,3909,114305,0,0,5199,116846,3735,66451,5202,183297,California
Sacramento,2021-02-18,9665,259604,5787,141421,3878,118183,0,0,5760,118716,3894,70345,5764,189061,California
Sacramento,2021-02-19,10153,269757,6219,147640,3934,122117,0,0,5990,120564,4149,74494,5997,195058,California
Sacramento,2021-02-20,8212,277969,5846,153486,2366,124483,0,0,4796,121955,3408,77902,4799,199857,California
Sacramento,2021-02-21,4959,282928,2517,156003,2442,126925,0,0,2898,122799,2054,79956,2898,202755,California
Sacramento,2021-02-22,6508,289436,3959,159962,2549,129474,0,0,2821,121957,3667,83623,2825,205580,California
Sacramento,2021-02-23,7582,297018,4726,164688,2856,132330,0,0,3627,121652,3936,87559,3631,209211,California
Sacramento,2021-02-24,9946,306964,5464,170152,4482,136812,0,0,5402,122537,4524,92083,5409,214620,California
Sacramento,2021-02-25,11376,318340,6521,176673,4855,141667,0,0,6625,124428,4735,96818,6626,221246,California
Sacramento,2021-02-26,14500,332840,6822,183495,7678,149345,0,0,9926,129819,4541,101359,9932,231178,California
Sacramento,2021-02-27,11251,344091,6884,190379,4364,153709,3,3,8339,135278,2883,104242,8342,239520,California
Sacramento,2021-02-28,6673,350764,2353,192732,4320,158029,0,3,3127,134876,3532,107774,3130,242650,California
Sacramento,2021-03-01,8644,359408,3631,196363,5011,163040,2,5,4708,135676,3913,111687,4713,247363,California
Sacramento,2021-03-02,9384,368792,4074,200437,5309,168349,1,6,5748,137812,3616,115303,5752,253115,California
Sacramento,2021-03-03,11184,379976,5113,205550,6068,174417,3,9,6714,140082,4449,119752,6719,259834,California
Sacramento,2021-03-04,13701,393677,6332,211882,7365,181782,4,13,7595,141622,6066,125818,7606,267440,California
Sacramento,2021-03-05,10699,404376,4938,216820,5731,187513,30,43,7101,145182,3572,129390,7132,274572,California
Sacramento,2021-03-06,8171,412547,3132,219952,4917,192430,122,165,4152,145452,4003,133393,4273,278845,California
Sacramento,2021-03-07,8061,420608,2232,222184,5739,198169,90,255,3780,145046,4273,137666,3867,282712,California
Sacramento,2021-03-08,9213,429821,4338,226522,4650,202819,225,480,5989,148049,3209,140875,6212,288924,California
Sacramento,2021-03-09,9763,439584,4584,231106,4885,207704,294,774,5585,149769,4159,145034,5879,294803,California
Sacramento,2021-03-10,11877,451461,7532,238638,3987,211691,358,1132,6937,152169,4900,149934,7300,302103,California
Sacramento,2021-03-11,15229,466690,10114,248752,4284,215975,831,1963,8983,155776,6202,156136,9809,311912,California
Sacramento,2021-03-12,18098,484788,8352,257104,8877,224852,869,2832,8871,156349,9170,165306,9743,321655,California
Sacramento,2021-03-13,13665,498453,3591,260695,9643,234495,431,3263,8451,160024,5202,170508,8877,330532,California
Sacramento,2021-03-14,9488,507941,3480,264175,5372,239867,636,3899,4480,160158,4980,175488,5114,335646,California
Sacramento,2021-03-15,12306,520247,4887,269062,6754,246621,665,4564,7069,162688,5206,180694,7736,343382,California
Sacramento,2021-03-16,14167,534414,6309,275371,7202,253823,656,5220,8656,166519,5472,186166,9303,352685,California
Sacramento,2021-03-17,13881,548295,6669,282040,6577,260400,635,5855,8808,170917,5047,191213,9445,362130,California
Sacramento,2021-03-18,15839,564134,8339,290379,6894,267294,606,6461,10016,175757,5788,197001,10628,372758,California
Sacramento,2021-03-19,15728,579862,8027,298406,6308,273602,1393,7854,7930,177304,7767,204768,9314,382072,California
Sacramento,2021-03-20,13407,593269,7561,305967,5502,279104,344,8198,8502,181276,4874,209642,8846,390918,California
Sacramento,2021-03-21,5864,599133,2783,308750,3042,282146,39,8237,3365,182201,2483,212125,3408,394326,California
Sacramento,2021-03-22,9487,608620,4887,313637,3746,285892,854,9091,6263,186120,3195,215320,7114,401440,California
Sacramento,2021-03-23,11493,620113,6858,320495,3829,289721,806,9897,7358,190192,4090,219410,8162,409602,California
Sacramento,2021-03-24,11953,632066,7299,327794,4022,293743,632,10529,6746,192448,5123,224533,7379,416981,California
Sacramento,2021-03-25,14312,646378,8433,336227,5041,298784,838,11367,8526,196067,5738,230271,9357,426338,California
Sacramento,2021-03-26,18378,664756,8956,345183,8910,307694,512,11879,9174,196621,9133,239404,9687,436025,California
Sacramento,2021-03-27,10210,674966,3586,348769,6332,314026,292,12171,5577,197888,4597,244001,5864,441889,California
Sacramento,2021-03-28,6633,681599,3235,352004,3148,317174,250,12421,2664,196847,3958,247959,2917,444806,California
Sacramento,2021-03-29,11069,692668,5912,357916,4767,321941,390,12811,4956,196111,6082,254041,5346,450152,California
Sacramento,2021-03-30,11957,704625,6108,364024,5431,327372,418,13229,6039,196674,5891,259932,6454,456606,California
Sacramento,2021-03-31,13522,718147,7877,371901,5230,332602,415,13644,5589,194769,7903,267835,5998,462604,California
Sacramento,2021-04-01,17528,735675,10480,382381,6794,339396,254,13898,7353,192253,10127,277962,7611,470215,California
Sacramento,2021-04-02,17233,752908,9735,392116,6754,346150,744,14642,9042,193883,8155,286117,9785,480000,California
Sacramento,2021-04-03,10486,763394,6247,398363,3689,349839,550,15192,6424,196821,4031,290148,6969,486969,California
Sacramento,2021-04-04,3731,767125,1533,399896,1993,351832,205,15397,1452,196201,2273,292421,1653,488622,California
Sacramento,2021-04-05,12092,779217,7573,407469,3675,355507,844,16241,5385,195754,6669,299090,6222,494844,California
Sacramento,2021-04-06,15717,794934,8888,416357,5485,360992,1344,17585,6929,195267,8755,307845,8268,503112,California
Sacramento,2021-04-07,14941,809875,8053,424410,5271,366263,1617,19202,7170,196318,7723,315568,8774,511886,California
Sacramento,2021-04-08,15157,825032,6814,431224,5338,371601,3005,22207,6021,196218,9102,324670,9002,520888,California
Sacramento,2021-04-09,18395,843427,9394,440618,6771,378372,2230,24437,7475,195034,10877,335547,9693,530581,California
Sacramento,2021-04-10,13454,856881,3852,444470,8373,386745,1229,25666,5863,194539,7561,343108,7066,537647,California
Sacramento,2021-04-11,11185,868066,4372,448842,6586,393331,227,25893,3639,190885,7519,350627,3865,541512,California
Sacramento,2021-04-12,13042,881108,5075,453917,6073,399404,1894,27787,4934,189655,8040,358667,6810,548322,California
Sacramento,2021-04-13,16347,897455,9988,463905,6354,405758,5,27792,7581,188514,8731,367398,7590,555912,California
Sacramento,2021-04-14,15071,912526,8017,471922,7052,412810,2,27794,5938,185356,9100,376498,5942,561854,California
Sacramento,2021-04-15,16481,929007,8468,480390,8010,420820,3,27797,6674,182270,9765,386263,6679,568533,California
Sacramento,2021-04-16,17615,946622,9732,490122,7883,428703,0,27797,7973,180652,9593,395856,7975,576508,California
Sacramento,2021-04-17,15881,962503,6189,496311,9692,438395,0,27797,11602,188004,4255,400111,11607,588115,California
Sacramento,2021-04-18,9086,971589,3270,499581,5816,444211,0,27797,3885,186712,5179,405290,3887,592002,California
Sacramento,2021-04-19,10684,982273,5774,505355,4905,449116,5,27802,4725,185512,5932,411222,4732,596734,California
Sacramento,2021-04-20,11578,993851,7142,512497,4432,453548,4,27806,6088,186147,5462,416684,6097,602831,California
Sacramento,2021-04-21,12328,1006179,7384,519881,4942,458490,2,27808,6618,187089,5679,422363,6621,609452,California
Sacramento,2021-04-22,15252,1021431,10272,530153,4975,463465,5,27813,6995,185872,8219,430582,7002,616454,California
Sacramento,2021-04-23,16311,1037742,10356,540509,5955,469420,0,27813,7562,184728,8708,439290,7564,624018,California
Sacramento,2021-04-24,11624,1049366,7009,547518,4614,474034,1,27814,6207,185558,5379,444669,6209,630227,California
Sacramento,2021-04-25,8472,1057838,4478,551996,3994,478028,0,27814,4167,185436,4290,448959,4168,634395,California
Sacramento,2021-04-26,10845,1068683,6838,558834,3983,482011,24,27838,5158,184963,5655,454614,5182,639577,California
Sacramento,2021-04-27,12288,1080971,8089,566923,4044,486055,155,27993,6037,184941,6216,460830,6194,645771,California
Sacramento,2021-04-28,10792,1091763,6115,573038,4473,490528,204,28197,5962,186313,4798,465628,6170,651941,California
Sacramento,2021-04-29,11199,1102962,7599,580637,3295,493823,305,28502,6145,187752,5014,470642,6453,658394,California
Sacramento,2021-04-30,12754,1115716,8082,588719,4408,498231,264,28766,6030,187374,6673,477315,6295,664689,California
Sacramento,2021-05-01,7629,1123345,5484,594203,1969,500200,176,28942,2789,185534,4803,482118,2963,667652,California
Sacramento,2021-05-02,5012,1128357,4313,598516,548,500748,151,29093,2228,185157,2754,484872,2377,670029,California
Sacramento,2021-05-03,9147,1137504,7310,605826,1555,502303,282,29375,3976,184264,5147,490019,4254,674283,California
Sacramento,2021-05-04,9696,1147200,5956,611782,3429,505732,311,29686,3854,182633,5795,495814,4164,678447,California
Sacramento,2021-05-05,11374,1158574,6242,618024,4670,510402,462,30148,4648,181058,6677,502491,5102,683549,California
Sacramento,2021-05-06,11444,1170018,6398,624422,4737,515139,309,30457,4683,179619,6426,508917,4987,688536,California
Sacramento,2021-05-07,10797,1180815,6306,630728,4120,519259,371,30828,4542,178334,6199,515116,4914,693450,California
Sacramento,2021-05-08,9003,1189818,4001,634729,4771,524030,231,31059,2822,175242,6137,521253,3045,696495,California
Sacramento,2021-05-09,3287,1193105,1791,636520,1383,525413,113,31172,1203,174485,2073,523326,1316,697811,California
Sacramento,2021-05-10,8287,1201392,3872,640392,4144,529557,271,31443,2001,170505,6253,529579,2273,700084,California
Sacramento,2021-05-11,8648,1210040,5465,645857,2923,532480,260,31703,3014,168180,5599,535178,3274,703358,California
Sacramento,2021-05-12,8781,1218821,5287,651144,3237,535717,257,31960,2947,165585,5797,540975,3202,706560,California
Sacramento,2021-05-13,12023,1230844,7700,658844,4047,539764,276,32236,4561,163000,7421,548396,4836,711396,California
Sacramento,2021-05-14,12531,1243375,7099,665943,5143,544907,289,32525,5066,160949,7406,555802,5355,716751,California
Sacramento,2021-05-15,13242,1256617,8025,673968,5071,549978,146,32671,5871,159627,7335,563137,6013,722764,California
Sacramento,2021-05-16,8434,1265051,4224,678192,4097,554075,113,32784,2204,155743,6203,569340,2319,725083,California
Sacramento,2021-05-17,10482,1275533,6400,684592,3793,557868,289,33073,3922,153434,6523,575863,4214,729297,California
Sacramento,2021-05-18,9925,1285458,6219,690811,3495,561363,211,33284,3711,151189,6172,582035,3927,733224,California
Sacramento,2021-05-19,9837,1295295,6252,697063,3321,564684,264,33548,4424,150513,5370,587405,4694,737918,California
Sacramento,2021-05-20,10223,1305518,6743,703806,3219,567903,261,33809,3800,148204,6371,593776,4062,741980,California
Sacramento,2021-05-21,10739,1316257,6813,710619,3603,571506,323,34132,4450,146735,6248,600024,4779,746759,California
Sacramento,2021-05-22,7446,1323703,4602,715221,2670,574176,174,34306,3341,146178,4075,604099,3518,750277,California
Sacramento,2021-05-23,4575,1328278,3019,718240,1453,575629,103,34409,1968,145663,2587,606686,2072,752349,California
Sacramento,2021-05-24,7815,1336093,4720,722960,2765,578394,330,34739,2478,143178,5291,611977,2806,755155,California
Sacramento,2021-05-25,6713,1342806,3878,726838,2543,580937,292,35031,2375,141533,4311,616288,2666,757821,California
Sacramento,2021-05-26,8564,1351370,4727,731565,3502,584439,335,35366,2812,138974,5701,621989,3142,760963,California
Sacramento,2021-05-27,6693,1358063,3649,735214,2804,587243,240,35606,2946,138457,3703,625692,3186,764149,California
Sacramento,2021-05-28,8273,1366336,4581,739795,3317,590560,375,35981,3455,137511,4776,630468,3830,767979,California
Sacramento,2021-05-29,4436,1370772,2698,742493,1579,592139,159,36140,2233,137724,2178,632646,2391,770370,California
Sacramento,2021-05-30,1680,1372452,1063,743556,579,592718,38,36178,750,137590,923,633569,789,771159,California
Sacramento,2021-05-31,884,1373336,443,743999,428,593146,13,36191,313,137348,568,634137,326,771485,California
Sacramento,2021-06-01,6977,1380313,4181,748180,2590,595736,206,36397,2534,135685,4400,638537,2737,774222,California
Sacramento,2021-06-02,6099,1386412,3349,751529,2536,598272,214,36611,2261,134365,3793,642330,2473,776695,California
Sacramento,2021-06-03,7461,1393873,5072,756601,2205,600477,184,36795,2142,131410,5278,647608,2323,779018,California
Sacramento,2021-06-04,7077,1400950,4521,761122,2344,602821,212,37007,2206,128990,4838,652446,2418,781436,California
Sacramento,2021-06-05,6221,1407171,4560,765682,1520,604341,141,37148,1757,126452,4435,656881,1897,783333,California
Sacramento,2021-06-06,2412,1409583,1895,767577,458,604799,59,37207,783,125672,1623,658504,843,784176,California
Sacramento,2021-06-07,5576,1415159,3906,771483,1490,606289,180,37387,1549,123397,4001,662505,1726,785902,California
Sacramento,2021-06-08,5410,1420569,3685,775168,1545,607834,180,37567,1712,121623,3668,666173,1894,787796,California
Sacramento,2021-06-09,6173,1426742,4282,779450,1706,609540,185,37752,1618,118930,4503,670676,1810,789606,California
Sacramento,2021-06-10,5417,1432159,3465,782915,1741,611281,211,37963,1647,117075,3719,674395,1864,791470,California
Sacramento,2021-06-11,7558,1439717,5219,788134,2145,613426,194,38157,2045,113834,5479,679874,2238,793708,California
Sacramento,2021-06-12,4728,1444445,3064,791198,1546,614972,118,38275,1282,111808,3427,683301,1401,795109,California
Sacramento,2021-06-13,1932,1446377,1424,792622,464,615436,44,38319,396,110723,1523,684824,438,795547,California
Sacramento,2021-06-14,4310,1450687,2790,795412,1358,616794,162,38481,1339,109270,2953,687777,1500,797047,California
Sacramento,2021-06-15,4922,1455609,2960,798372,1737,618531,225,38706,1717,108023,3188,690965,1941,798988,California
Sacramento,2021-06-16,4477,1460086,3007,801379,1251,619782,219,38925,1545,106877,2906,693871,1760,800748,California
Sacramento,2021-06-17,4067,1464153,2644,804023,1257,621039,166,39091,1396,105798,2638,696509,1559,802307,California
Sacramento,2021-06-18,5126,1469279,3351,807374,1534,622573,241,39332,1739,104416,3361,699870,1979,804286,California
Sacramento,2021-06-19,3337,1472616,2264,809638,928,623501,145,39477,1190,103621,2129,701999,1334,805620,California
Sacramento,2021-06-20,1235,1473851,916,810554,291,623792,28,39505,565,103554,660,702659,593,806213,California
Sacramento,2021-06-21,2525,1476376,1337,811891,1027,624819,161,39666,1239,103680,1272,703931,1398,807611,California
Sacramento,2021-06-22,3913,1480289,2696,814587,1020,625839,197,39863,1538,103063,2349,706280,1732,809343,California
Sacramento,2021-06-23,4080,1484369,2813,817400,1058,626897,209,40072,1522,102253,2537,708817,1727,811070,California
Sacramento,2021-06-24,3470,1487839,2247,819647,1028,627925,195,40267,1384,101765,2066,710883,1578,812648,California
Sacramento,2021-06-25,4186,1492025,2832,822479,1141,629066,213,40480,1689,101186,2478,713361,1899,814547,California
Sacramento,2021-06-26,2845,1494870,2033,824512,689,629755,123,40603,1191,100864,1635,714996,1313,815860,California
Sacramento,2021-06-27,1236,1496106,909,825421,296,630051,31,40634,449,100561,783,715779,480,816340,California
Sacramento,2021-06-28,2624,1498730,1951,827372,532,630583,141,40775,1143,100381,1463,717242,1283,817623,California
Sacramento,2021-06-29,3282,1502012,2189,829561,954,631537,139,40914,1328,99926,1925,719167,1470,819093,California
Sacramento,2021-06-30,3267,1505279,2242,831803,895,632432,130,41044,1540,99890,1707,720874,1671,820764,California
Sacramento,2021-07-01,2824,1508103,1899,833702,767,633199,158,41202,1222,99684,1583,722457,1377,822141,California
Sacramento,2021-07-02,3410,1511513,2290,835992,967,634166,153,41355,1454,99354,1933,724390,1603,823744,California
Sacramento,2021-07-03,1814,1513327,1233,837225,550,634716,31,41386,778,99141,1023,725413,810,824554,California
Sacramento,2021-07-04,128,1513455,51,837276,68,634784,9,41395,45,99112,83,725496,54,824608,California
San Benito,2020-12-16,29,29,29,29,0,0,0,0,29,29,0,0,29,29,California
San Benito,2020-12-17,48,77,48,77,0,0,0,0,48,77,0,0,48,77,California
San Benito,2020-12-18,72,149,72,149,0,0,0,0,72,149,0,0,72,149,California
San Benito,2020-12-19,48,197,48,197,0,0,0,0,48,197,0,0,48,197,California
San Benito,2020-12-20,24,221,24,221,0,0,0,0,24,221,0,0,24,221,California
San Benito,2020-12-21,77,298,77,298,0,0,0,0,77,298,0,0,77,298,California
San Benito,2020-12-22,101,399,101,399,0,0,0,0,101,399,0,0,101,399,California
San Benito,2020-12-23,86,485,74,473,12,12,0,0,86,485,0,0,86,485,California
San Benito,2020-12-24,13,498,5,478,8,20,0,0,13,498,0,0,13,498,California
San Benito,2020-12-25,3,501,3,481,0,20,0,0,3,501,0,0,3,501,California
San Benito,2020-12-26,13,514,4,485,9,29,0,0,13,514,0,0,13,514,California
San Benito,2020-12-27,8,522,7,492,1,30,0,0,8,522,0,0,8,522,California
San Benito,2020-12-28,66,588,36,528,30,60,0,0,66,588,0,0,66,588,California
San Benito,2020-12-29,49,637,21,549,28,88,0,0,49,637,0,0,49,637,California
San Benito,2020-12-30,59,696,37,586,22,110,0,0,59,696,0,0,59,696,California
San Benito,2020-12-31,19,715,2,588,17,127,0,0,19,715,0,0,19,715,California
San Benito,2021-01-02,24,739,23,611,1,128,0,0,24,739,0,0,24,739,California
San Benito,2021-01-03,4,743,2,613,2,130,0,0,3,742,0,0,3,742,California
San Benito,2021-01-04,61,804,23,636,38,168,0,0,61,803,0,0,61,803,California
San Benito,2021-01-05,117,921,37,673,80,248,0,0,114,914,3,3,114,917,California
San Benito,2021-01-06,102,1023,42,715,60,308,0,0,87,986,15,18,87,1004,California
San Benito,2021-01-07,106,1129,68,783,38,346,0,0,54,988,52,70,54,1058,California
San Benito,2021-01-08,180,1309,89,872,91,437,0,0,116,1040,64,134,116,1174,California
San Benito,2021-01-09,44,1353,31,903,13,450,0,0,30,1056,14,148,30,1204,California
San Benito,2021-01-10,17,1370,15,918,2,452,0,0,5,1049,12,160,5,1209,California
San Benito,2021-01-11,173,1543,108,1026,65,517,0,0,72,1020,101,261,72,1281,California
San Benito,2021-01-12,161,1704,57,1083,104,621,0,0,121,1101,40,301,121,1402,California
San Benito,2021-01-13,240,1944,68,1151,172,793,0,0,189,1239,51,352,189,1591,California
San Benito,2021-01-14,132,2076,24,1175,108,901,0,0,113,1333,19,371,113,1704,California
San Benito,2021-01-15,218,2294,21,1196,197,1098,0,0,204,1523,14,385,204,1908,California
San Benito,2021-01-16,25,2319,8,1204,17,1115,0,0,20,1538,5,390,20,1928,California
San Benito,2021-01-17,12,2331,5,1209,7,1122,0,0,9,1544,3,393,9,1937,California
San Benito,2021-01-18,37,2368,23,1232,14,1136,0,0,22,1551,15,408,22,1959,California
San Benito,2021-01-19,187,2555,81,1313,106,1242,0,0,149,1662,38,446,149,2108,California
San Benito,2021-01-20,338,2893,102,1415,236,1478,0,0,292,1909,45,491,292,2400,California
San Benito,2021-01-21,146,3039,33,1448,113,1591,0,0,120,2003,26,517,120,2520,California
San Benito,2021-01-22,237,3276,19,1467,218,1809,0,0,227,2220,10,527,227,2747,California
San Benito,2021-01-23,31,3307,17,1484,14,1823,0,0,13,2215,18,545,13,2760,California
San Benito,2021-01-24,28,3335,3,1487,25,1848,0,0,24,2235,4,549,24,2784,California
San Benito,2021-01-25,72,3407,24,1511,48,1896,0,0,24,2211,48,597,24,2808,California
San Benito,2021-01-26,138,3545,41,1552,97,1993,0,0,86,2245,52,649,86,2894,California
San Benito,2021-01-27,230,3775,69,1621,161,2154,0,0,191,2397,39,688,191,3085,California
San Benito,2021-01-28,151,3926,32,1653,119,2273,0,0,120,2487,30,718,120,3205,California
San Benito,2021-01-29,293,4219,33,1686,260,2533,0,0,268,2731,24,742,268,3473,California
San Benito,2021-01-30,52,4271,33,1719,19,2552,0,0,29,2737,23,765,29,3502,California
San Benito,2021-01-31,16,4287,5,1724,11,2563,0,0,11,2743,5,770,11,3513,California
San Benito,2021-02-01,137,4424,29,1753,108,2671,0,0,93,2792,44,814,93,3606,California
San Benito,2021-02-02,229,4653,49,1802,180,2851,0,0,139,2841,90,904,139,3745,California
San Benito,2021-02-03,340,4993,42,1844,298,3149,0,0,272,3045,68,972,272,4017,California
San Benito,2021-02-04,167,5160,24,1868,143,3292,0,0,121,3120,46,1018,121,4138,California
San Benito,2021-02-05,291,5451,40,1908,251,3543,0,0,229,3287,62,1080,229,4367,California
San Benito,2021-02-06,50,5501,9,1917,41,3584,0,0,33,3303,17,1097,33,4400,California
San Benito,2021-02-07,18,5519,9,1926,9,3593,0,0,16,3317,2,1099,16,4416,California
San Benito,2021-02-08,142,5661,18,1944,124,3717,0,0,96,3367,46,1145,96,4512,California
San Benito,2021-02-09,327,5988,64,2008,263,3980,0,0,195,3430,132,1277,195,4707,California
San Benito,2021-02-10,322,6310,89,2097,233,4213,0,0,105,3319,216,1493,105,4812,California
San Benito,2021-02-11,299,6609,33,2130,266,4479,0,0,201,3422,98,1591,201,5013,California
San Benito,2021-02-12,415,7024,32,2162,383,4862,0,0,208,3424,206,1797,208,5221,California
San Benito,2021-02-13,56,7080,7,2169,49,4911,0,0,44,3456,12,1809,44,5265,California
San Benito,2021-02-14,40,7120,5,2174,35,4946,0,0,30,3476,10,1819,30,5295,California
San Benito,2021-02-15,107,7227,9,2183,98,5044,0,0,96,3561,11,1830,96,5391,California
San Benito,2021-02-16,206,7433,11,2194,195,5239,0,0,101,3558,105,1935,102,5493,California
San Benito,2021-02-17,328,7761,29,2223,299,5538,0,0,278,3786,50,1985,278,5771,California
San Benito,2021-02-18,296,8057,38,2261,258,5796,0,0,73,3636,223,2208,73,5844,California
San Benito,2021-02-19,347,8404,47,2308,300,6096,0,0,181,3651,166,2374,181,6025,California
San Benito,2021-02-20,50,8454,28,2336,22,6118,0,0,38,3677,12,2386,38,6063,California
San Benito,2021-02-21,24,8478,9,2345,15,6133,0,0,15,3683,9,2395,15,6078,California
San Benito,2021-02-22,138,8616,37,2382,101,6234,0,0,101,3748,36,2431,101,6179,California
San Benito,2021-02-23,386,9002,97,2479,289,6523,0,0,268,3898,118,2549,268,6447,California
San Benito,2021-02-24,387,9389,69,2548,318,6841,0,0,245,4001,142,2691,245,6692,California
San Benito,2021-02-25,393,9782,64,2612,329,7170,0,0,272,4150,123,2814,272,6964,California
San Benito,2021-02-26,653,10435,76,2688,577,7747,0,0,403,4303,250,3064,403,7367,California
San Benito,2021-02-27,105,10540,41,2729,64,7811,0,0,86,4370,19,3083,86,7453,California
San Benito,2021-02-28,255,10795,31,2760,224,8035,0,0,243,4601,12,3095,243,7696,California
San Benito,2021-03-01,232,11027,61,2821,171,8206,0,0,161,4690,72,3167,161,7857,California
San Benito,2021-03-02,287,11314,95,2916,192,8398,0,0,215,4833,72,3239,215,8072,California
San Benito,2021-03-03,405,11719,65,2981,340,8738,0,0,227,4884,176,3415,227,8299,California
San Benito,2021-03-04,617,12336,126,3107,476,9214,15,15,429,5128,188,3603,432,8731,California
San Benito,2021-03-05,584,12920,307,3414,265,9479,12,27,375,5308,207,3810,387,9118,California
San Benito,2021-03-06,193,13113,69,3483,110,9589,14,41,140,5409,53,3863,154,9272,California
San Benito,2021-03-07,648,13761,603,4086,22,9611,23,64,615,6014,33,3896,638,9910,California
San Benito,2021-03-08,290,14051,66,4152,177,9788,47,111,167,6105,123,4019,214,10124,California
San Benito,2021-03-09,425,14476,83,4235,243,10031,99,210,138,6029,286,4305,210,10334,California
San Benito,2021-03-10,410,14886,121,4356,194,10225,95,305,239,6192,171,4476,334,10668,California
San Benito,2021-03-11,476,15362,124,4480,199,10424,153,458,212,6293,264,4740,365,11033,California
San Benito,2021-03-12,523,15885,124,4604,302,10726,97,555,233,6335,288,5028,330,11363,California
San Benito,2021-03-13,200,16085,99,4703,83,10809,18,573,126,6408,71,5099,144,11507,California
San Benito,2021-03-14,233,16318,40,4743,173,10982,20,593,180,6556,52,5151,200,11707,California
San Benito,2021-03-15,323,16641,98,4841,206,11188,19,612,190,6632,133,5284,209,11916,California
San Benito,2021-03-16,501,17142,218,5059,252,11440,31,643,353,6868,147,5431,383,12299,California
San Benito,2021-03-17,791,17933,479,5538,290,11730,22,665,561,7217,226,5657,575,12874,California
San Benito,2021-03-18,789,18722,528,6066,206,11936,55,720,573,7622,214,5871,619,13493,California
San Benito,2021-03-19,778,19500,403,6469,351,12287,24,744,573,8013,205,6076,596,14089,California
San Benito,2021-03-20,246,19746,149,6618,84,12371,13,757,186,8152,60,6136,199,14288,California
San Benito,2021-03-21,109,19855,57,6675,47,12418,5,762,81,8210,28,6164,86,14374,California
San Benito,2021-03-22,354,20209,173,6848,156,12574,25,787,222,8325,132,6296,247,14621,California
San Benito,2021-03-23,474,20683,197,7045,267,12841,10,797,204,8268,270,6566,213,14834,California
San Benito,2021-03-24,575,21258,304,7349,264,13105,7,804,349,8400,224,6790,356,15190,California
San Benito,2021-03-25,741,21999,441,7790,296,13401,4,808,439,8545,298,7088,443,15633,California
San Benito,2021-03-26,1020,23019,521,8311,494,13895,5,813,337,8205,682,7770,342,15975,California
San Benito,2021-03-27,339,23358,190,8501,117,14012,32,845,220,8339,118,7888,252,16227,California
San Benito,2021-03-28,735,24093,609,9110,121,14133,5,850,130,7869,605,8493,135,16362,California
San Benito,2021-03-29,344,24437,108,9218,216,14349,20,870,143,7831,200,8693,162,16524,California
San Benito,2021-03-30,580,25017,274,9492,213,14562,93,963,294,7932,286,8979,387,16911,California
San Benito,2021-03-31,595,25612,365,9857,206,14768,24,987,334,8031,259,9238,358,17269,California
San Benito,2021-04-01,955,26567,385,10242,531,15299,39,1026,565,8241,388,9626,598,17867,California
San Benito,2021-04-02,542,27109,262,10504,144,15443,136,1162,264,8364,277,9903,400,18267,California
San Benito,2021-04-03,254,27363,87,10591,103,15546,64,1226,75,8324,178,10081,138,18405,California
San Benito,2021-04-04,143,27506,108,10699,30,15576,5,1231,106,8398,37,10118,111,18516,California
San Benito,2021-04-05,354,27860,169,10868,141,15717,44,1275,143,8373,211,10329,186,18702,California
San Benito,2021-04-06,468,28328,164,11032,127,15844,177,1452,163,8407,305,10634,339,19041,California
San Benito,2021-04-07,944,29272,526,11558,227,16071,191,1643,264,8185,677,11311,455,19496,California
San Benito,2021-04-08,872,30144,437,11995,180,16251,255,1898,231,8031,640,11951,486,19982,California
San Benito,2021-04-09,854,30998,506,12501,256,16507,92,1990,298,7866,555,12506,390,20372,California
San Benito,2021-04-10,341,31339,206,12707,77,16584,58,2048,192,7967,149,12655,250,20622,California
San Benito,2021-04-11,480,31819,273,12980,172,16756,35,2083,270,8040,210,12865,283,20905,California
San Benito,2021-04-12,531,32350,286,13266,133,16889,112,2195,279,8176,251,13116,387,21292,California
San Benito,2021-04-13,760,33110,295,13561,442,17331,23,2218,527,8495,232,13348,551,21843,California
San Benito,2021-04-14,833,33943,655,14216,178,17509,0,2218,395,8458,432,13780,395,22238,California
San Benito,2021-04-15,946,34889,736,14952,209,17718,1,2219,475,8465,470,14250,477,22715,California
San Benito,2021-04-16,715,35604,373,15325,333,18051,9,2228,304,8371,408,14658,314,23029,California
San Benito,2021-04-17,323,35927,227,15552,96,18147,0,2228,130,8306,195,14853,130,23159,California
San Benito,2021-04-18,507,36434,426,15978,81,18228,0,2228,247,8295,260,15113,249,23408,California
San Benito,2021-04-19,745,37179,595,16573,150,18378,0,2228,420,8393,323,15436,421,23829,California
San Benito,2021-04-20,790,37969,419,16992,369,18747,2,2230,497,8603,288,15724,498,24327,California
San Benito,2021-04-21,973,38942,721,17713,252,18999,0,2230,525,8695,433,16157,525,24852,California
San Benito,2021-04-22,906,39848,698,18411,208,19207,0,2230,567,8931,331,16488,567,25419,California
San Benito,2021-04-23,644,40492,408,18819,235,19442,1,2231,342,9020,253,16741,342,25761,California
San Benito,2021-04-24,362,40854,202,19021,160,19602,0,2231,166,9030,156,16897,166,25927,California
San Benito,2021-04-25,205,41059,128,19149,77,19679,0,2231,95,9033,92,16989,95,26022,California
San Benito,2021-04-26,496,41555,393,19542,103,19782,0,2231,260,9118,175,17164,260,26282,California
San Benito,2021-04-27,560,42115,286,19828,267,20049,7,2238,408,9391,142,17306,415,26697,California
San Benito,2021-04-28,555,42670,393,20221,154,20203,8,2246,390,9628,160,17466,397,27094,California
San Benito,2021-04-29,635,43305,235,20456,390,20593,10,2256,255,9531,379,17845,282,27376,California
San Benito,2021-04-30,385,43690,216,20672,162,20755,7,2263,209,9573,174,18019,216,27592,California
San Benito,2021-05-01,195,43885,142,20814,44,20799,9,2272,65,9518,129,18148,74,27666,California
San Benito,2021-05-02,189,44074,160,20974,25,20824,4,2276,57,9447,132,18280,61,27727,California
San Benito,2021-05-03,359,44433,283,21257,66,20890,10,2286,86,9272,273,18553,98,27825,California
San Benito,2021-05-04,416,44849,257,21514,151,21041,8,2294,150,9165,264,18817,157,27982,California
San Benito,2021-05-05,612,45461,432,21946,164,21205,16,2310,217,9007,391,19208,233,28215,California
San Benito,2021-05-06,625,46086,497,22443,113,21318,15,2325,225,8851,396,19604,240,28455,California
San Benito,2021-05-07,455,46541,291,22734,154,21472,10,2335,174,8757,279,19883,185,28640,California
San Benito,2021-05-08,279,46820,228,22962,46,21518,5,2340,155,8793,124,20007,160,28800,California
San Benito,2021-05-09,108,46928,83,23045,22,21540,3,2343,48,8784,60,20067,51,28851,California
San Benito,2021-05-10,411,47339,322,23367,65,21605,24,2367,53,8504,358,20425,78,28929,California
San Benito,2021-05-11,837,48176,425,23792,396,22001,16,2383,191,8068,644,21069,208,29137,California
San Benito,2021-05-12,518,48694,413,24205,92,22093,13,2396,124,7813,393,21462,138,29275,California
San Benito,2021-05-13,738,49432,631,24836,90,22183,17,2413,212,7518,523,21985,228,29503,California
San Benito,2021-05-14,602,50034,445,25281,150,22333,7,2420,231,7387,369,22354,238,29741,California
San Benito,2021-05-15,228,50262,172,25453,50,22383,6,2426,127,7419,101,22455,133,29874,California
San Benito,2021-05-16,174,50436,146,25599,26,22409,2,2428,97,7441,77,22532,99,29973,California
San Benito,2021-05-17,388,50824,313,25912,66,22475,9,2437,177,7419,208,22740,186,30159,California
San Benito,2021-05-18,675,51499,355,26267,315,22790,5,2442,212,7174,463,23203,218,30377,California
San Benito,2021-05-19,572,52071,421,26688,143,22933,8,2450,231,7072,341,23544,239,30616,California
San Benito,2021-05-20,593,52664,470,27158,112,23045,11,2461,315,7121,277,23821,326,30942,California
San Benito,2021-05-21,466,53130,275,27433,175,23220,16,2477,213,7099,251,24072,229,31171,California
San Benito,2021-05-22,297,53427,225,27658,67,23287,5,2482,183,7176,112,24184,189,31360,California
San Benito,2021-05-23,100,53527,62,27720,34,23321,4,2486,37,7153,63,24247,40,31400,California
San Benito,2021-05-24,307,53834,258,27978,42,23363,7,2493,191,7235,116,24363,198,31598,California
San Benito,2021-05-25,527,54361,241,28219,279,23642,7,2500,170,7057,355,24718,177,31775,California
San Benito,2021-05-26,312,54673,196,28415,109,23751,7,2507,125,7002,186,24904,131,31906,California
San Benito,2021-05-27,408,55081,312,28727,73,23824,23,2530,151,6922,257,25161,177,32083,California
San Benito,2021-05-28,287,55368,177,28904,103,23927,7,2537,110,6863,176,25337,117,32200,California
San Benito,2021-05-29,146,55514,124,29028,20,23947,2,2539,61,6841,85,25422,63,32263,California
San Benito,2021-05-30,269,55783,253,29281,16,23963,0,2539,90,6753,178,25600,90,32353,California
San Benito,2021-05-31,100,55883,87,29368,11,23974,2,2541,43,6742,56,25656,45,32398,California
San Benito,2021-06-01,267,56150,121,29489,120,24094,26,2567,86,6673,180,25836,111,32509,California
San Benito,2021-06-02,322,56472,244,29733,76,24170,2,2569,110,6575,211,26047,113,32622,California
San Benito,2021-06-03,340,56812,289,30022,45,24215,6,2575,100,6443,238,26285,106,32728,California
San Benito,2021-06-04,271,57083,205,30227,66,24281,0,2575,85,6343,185,26470,85,32813,California
San Benito,2021-06-05,95,57178,77,30304,17,24298,1,2576,22,6294,72,26542,23,32836,California
San Benito,2021-06-06,59,57237,49,30353,7,24305,3,2579,13,6264,46,26588,16,32852,California
San Benito,2021-06-07,339,57576,299,30652,35,24340,5,2584,85,6102,252,26840,90,32942,California
San Benito,2021-06-08,309,57885,217,30869,77,24417,15,2599,94,5997,214,27054,109,33051,California
San Benito,2021-06-09,241,58126,189,31058,44,24461,8,2607,68,5900,173,27227,76,33127,California
San Benito,2021-06-10,360,58486,331,31389,22,24483,7,2614,73,5696,284,27511,80,33207,California
San Benito,2021-06-11,270,58756,229,31618,21,24504,20,2634,92,5631,177,27688,112,33319,California
San Benito,2021-06-12,160,58916,146,31764,10,24514,4,2638,49,5588,96,27784,53,33372,California
San Benito,2021-06-13,53,58969,41,31805,10,24524,2,2640,16,5576,30,27814,18,33390,California
San Benito,2021-06-14,180,59149,150,31955,25,24549,5,2645,61,5523,118,27932,65,33455,California
San Benito,2021-06-15,221,59370,128,32083,87,24636,6,2651,77,5465,142,28074,84,33539,California
San Benito,2021-06-16,214,59584,171,32254,29,24665,14,2665,73,5412,140,28214,87,33626,California
San Benito,2021-06-17,251,59835,207,32461,17,24682,27,2692,78,5345,173,28387,106,33732,California
San Benito,2021-06-18,159,59994,102,32563,50,24732,7,2699,64,5321,95,28482,71,33803,California
San Benito,2021-06-19,114,60108,108,32671,6,24738,0,2699,48,5303,66,28548,48,33851,California
San Benito,2021-06-20,38,60146,36,32707,2,24740,0,2699,18,5301,20,28568,18,33869,California
San Benito,2021-06-21,113,60259,83,32790,15,24755,15,2714,59,5321,53,28621,73,33942,California
San Benito,2021-06-22,207,60466,126,32916,60,24815,21,2735,75,5285,131,28752,95,34037,California
San Benito,2021-06-23,150,60616,113,33029,27,24842,10,2745,61,5267,89,28841,71,34108,California
San Benito,2021-06-24,190,60806,162,33191,15,24857,13,2758,81,5253,108,28949,94,34202,California
San Benito,2021-06-25,151,60957,120,33311,29,24886,2,2760,64,5233,87,29036,67,34269,California
San Benito,2021-06-26,76,61033,61,33372,14,24900,1,2761,33,5225,42,29078,34,34303,California
San Benito,2021-06-27,58,61091,51,33423,2,24902,5,2766,24,5220,34,29112,29,34332,California
San Benito,2021-06-28,123,61214,100,33523,19,24921,4,2770,51,5203,72,29184,55,34387,California
San Benito,2021-06-29,110,61324,55,33578,43,24964,12,2782,40,5185,70,29254,52,34439,California
San Benito,2021-06-30,135,61459,110,33688,18,24982,7,2789,51,5160,83,29337,58,34497,California
San Benito,2021-07-01,132,61591,103,33791,20,25002,9,2798,53,5142,78,29415,60,34557,California
San Benito,2021-07-02,130,61721,74,33865,44,25046,12,2810,54,5132,76,29491,66,34623,California
San Benito,2021-07-03,99,61820,94,33959,4,25050,1,2811,53,5140,46,29537,54,34677,California
San Benito,2021-07-04,1,61821,0,33959,1,25051,0,2811,0,5139,1,29538,0,34677,California
San Bernardino,2020-12-15,13,13,13,13,0,0,0,0,13,13,0,0,13,13,California
San Bernardino,2020-12-16,114,127,114,127,0,0,0,0,114,127,0,0,114,127,California
San Bernardino,2020-12-17,2375,2502,2375,2502,0,0,0,0,2375,2502,0,0,2375,2502,California
San Bernardino,2020-12-18,3175,5677,3172,5674,3,3,0,0,3176,5678,0,0,3176,5678,California
San Bernardino,2020-12-19,1076,6753,1075,6749,1,4,0,0,1077,6755,0,0,1077,6755,California
San Bernardino,2020-12-20,1184,7937,1180,7929,4,8,0,0,1184,7939,0,0,1184,7939,California
San Bernardino,2020-12-21,2466,10403,2459,10388,7,15,0,0,2466,10405,0,0,2466,10405,California
San Bernardino,2020-12-22,2280,12683,2151,12539,129,144,0,0,2281,12686,0,0,2281,12686,California
San Bernardino,2020-12-23,2679,15362,1472,14011,1207,1351,0,0,2677,15363,0,0,2677,15363,California
San Bernardino,2020-12-24,1162,16524,582,14593,580,1931,0,0,1163,16525,1,1,1163,16526,California
San Bernardino,2020-12-25,76,16600,15,14608,61,1992,0,0,76,16601,0,1,76,16602,California
San Bernardino,2020-12-26,466,17066,255,14863,211,2203,0,0,466,17067,0,1,466,17068,California
San Bernardino,2020-12-27,351,17417,164,15027,187,2390,0,0,350,17416,1,2,350,17418,California
San Bernardino,2020-12-28,1593,19010,700,15727,893,3283,0,0,1594,19010,0,2,1594,19012,California
San Bernardino,2020-12-29,2258,21268,1048,16775,1210,4493,0,0,2258,21268,0,2,2258,21270,California
San Bernardino,2020-12-30,2932,24200,1461,18236,1471,5964,0,0,2932,24200,0,2,2932,24202,California
San Bernardino,2020-12-31,1381,25581,440,18676,941,6905,0,0,1379,25579,0,2,1379,25581,California
San Bernardino,2021-01-01,289,25870,152,18828,137,7042,0,0,288,25867,0,2,288,25869,California
San Bernardino,2021-01-02,485,26355,345,19173,140,7182,0,0,485,26352,0,2,485,26354,California
San Bernardino,2021-01-03,142,26497,88,19261,54,7236,0,0,142,26494,0,2,142,26496,California
San Bernardino,2021-01-04,2150,28647,1294,20555,856,8092,0,0,2149,28643,0,2,2149,28645,California
San Bernardino,2021-01-05,2348,30995,1462,22017,886,8978,0,0,2235,30767,111,113,2235,30880,California
San Bernardino,2021-01-06,3469,34464,2363,24380,1106,10084,0,0,2968,33241,495,608,2969,33849,California
San Bernardino,2021-01-07,5455,39919,4520,28900,935,11019,0,0,2490,32785,2946,3554,2490,36339,California
San Bernardino,2021-01-08,5402,45321,4469,33369,933,11952,0,0,2302,31992,3096,6650,2303,38642,California
San Bernardino,2021-01-09,1410,46731,1104,34473,306,12258,0,0,908,32398,502,7152,908,39550,California
San Bernardino,2021-01-10,1031,47762,601,35074,430,12688,0,0,579,32525,452,7604,579,40129,California
San Bernardino,2021-01-11,4999,52761,4086,39160,913,13601,0,0,2779,33087,2217,9821,2779,42908,California
San Bernardino,2021-01-12,4255,57016,3231,42391,1024,14625,0,0,2527,33888,1726,11547,2527,45435,California
San Bernardino,2021-01-13,4615,61631,2838,45229,1777,16402,0,0,3384,36054,1219,12766,3385,48820,California
San Bernardino,2021-01-14,4886,66517,2812,48041,2074,18476,0,0,4297,39766,585,13351,4297,53117,California
San Bernardino,2021-01-15,6002,72519,2955,50996,3047,21523,0,0,5601,44979,391,13742,5604,58721,California
San Bernardino,2021-01-16,2276,74795,1291,52287,985,22508,0,0,2132,46967,144,13886,2132,60853,California
San Bernardino,2021-01-17,1191,75986,508,52795,683,23191,0,0,1108,47994,82,13968,1109,61962,California
San Bernardino,2021-01-18,4297,80283,2636,55431,1661,24852,0,0,3666,51031,631,14599,3668,65630,California
San Bernardino,2021-01-19,6365,86648,3445,58876,2920,27772,0,0,5267,55204,1096,15695,5269,70899,California
San Bernardino,2021-01-20,6917,93565,3785,62661,3132,30904,0,0,4947,58193,1960,17655,4949,75848,California
San Bernardino,2021-01-21,6042,99607,3090,65751,2952,33856,0,0,4909,61982,1123,18778,4912,80760,California
San Bernardino,2021-01-22,6615,106222,3053,68804,3562,37418,0,0,5885,67140,728,19506,5886,86646,California
San Bernardino,2021-01-23,3137,109359,1895,70699,1242,38660,0,0,2731,69466,405,19911,2731,89377,California
San Bernardino,2021-01-24,1211,110570,462,71161,749,39409,0,0,1107,70469,104,20015,1107,90484,California
San Bernardino,2021-01-25,6967,117537,3415,74576,3552,42961,0,0,5094,73697,1869,21884,5097,95581,California
San Bernardino,2021-01-26,7202,124739,3545,78121,3657,46618,0,0,5019,76536,2182,24066,5021,100602,California
San Bernardino,2021-01-27,8665,133404,4150,82271,4515,51133,0,0,5784,79449,2871,26937,5784,106386,California
San Bernardino,2021-01-28,8682,142086,4086,86357,4596,55729,0,0,6333,83442,2340,29277,6333,112719,California
San Bernardino,2021-01-29,8230,150316,3745,90102,4485,60214,0,0,6227,87683,1987,31264,6228,118947,California
San Bernardino,2021-01-30,3096,153412,1877,91979,1219,61433,0,0,2802,90193,293,31557,2803,121750,California
San Bernardino,2021-01-31,920,154332,474,92453,446,61879,0,0,861,90996,58,31615,861,122611,California
San Bernardino,2021-02-01,7630,161962,4255,96708,3375,65254,0,0,4942,93256,2683,34298,4943,127554,California
San Bernardino,2021-02-02,10565,172527,3681,100389,6884,72138,0,0,8453,99603,2108,36406,8455,136009,California
San Bernardino,2021-02-03,9101,181628,4164,104553,4937,77075,0,0,6566,103644,2526,38932,6567,142576,California
San Bernardino,2021-02-04,10614,192242,5219,109772,5395,82470,0,0,7479,108000,3124,42056,7480,150056,California
San Bernardino,2021-02-05,11143,203385,5970,115742,5173,87643,0,0,7548,111966,3583,45639,7549,157605,California
San Bernardino,2021-02-06,5292,208677,2220,117962,3072,90715,0,0,3648,114003,1614,47253,3651,161256,California
San Bernardino,2021-02-07,855,209532,495,118457,360,91075,0,0,476,114104,376,47629,477,161733,California
San Bernardino,2021-02-08,7333,216865,3902,122359,3431,94506,0,0,5643,118058,1689,49318,5643,167376,California
San Bernardino,2021-02-09,10176,227041,5632,127991,4544,99050,0,0,6845,121852,3055,52373,6849,174225,California
San Bernardino,2021-02-10,12214,239255,6490,134481,5724,104774,0,0,8049,125748,4154,56527,8050,182275,California
San Bernardino,2021-02-11,12548,251803,7181,141662,5367,110141,0,0,7967,129165,4554,61081,7971,190246,California
San Bernardino,2021-02-12,10614,262417,5948,147610,4666,114807,0,0,5784,130186,4766,65847,5787,196033,California
San Bernardino,2021-02-13,6125,268542,4076,151686,2049,116856,0,0,3837,131757,2271,68118,3842,199875,California
San Bernardino,2021-02-14,1577,270119,666,152352,911,117767,0,0,884,131956,686,68804,885,200760,California
San Bernardino,2021-02-15,5528,275647,3009,155361,2519,120286,0,0,3077,132595,2438,71242,3077,203837,California
San Bernardino,2021-02-16,12762,288409,7459,162820,5303,125589,0,0,8034,135918,4715,75957,8038,211875,California
San Bernardino,2021-02-17,11947,300356,6537,169357,5410,130999,0,0,7195,138388,4730,80687,7200,219075,California
San Bernardino,2021-02-18,12617,312973,7645,177002,4972,135971,0,0,7783,141356,4817,85504,7785,226860,California
San Bernardino,2021-02-19,11835,324808,6062,183064,5773,141744,0,0,6979,143504,4833,90337,6981,233841,California
San Bernardino,2021-02-20,4616,329424,3538,186602,1078,142822,0,0,2072,143045,2534,92871,2075,235916,California
San Bernardino,2021-02-21,1180,330604,706,187308,474,143296,0,0,412,142690,768,93639,413,236329,California
San Bernardino,2021-02-22,9017,339621,5563,192871,3454,146750,0,0,4138,141970,4859,98498,4139,240468,California
San Bernardino,2021-02-23,9716,349337,5896,198767,3820,150570,0,0,4898,142087,4787,103285,4904,245372,California
San Bernardino,2021-02-24,12743,362080,7326,206093,5417,155987,0,0,6222,141815,6500,109785,6228,251600,California
San Bernardino,2021-02-25,13233,375313,6312,212405,6921,162908,0,0,7662,143928,5553,115338,7666,259266,California
San Bernardino,2021-02-26,13745,389058,6396,218801,7349,170257,0,0,7654,145562,6028,121366,7662,266928,California
San Bernardino,2021-02-27,6704,395762,3750,222551,2953,173210,1,1,4819,148513,1873,123239,4824,271752,California
San Bernardino,2021-02-28,1788,397550,748,223299,1040,174250,0,1,1146,149029,632,123871,1148,272900,California
San Bernardino,2021-03-01,8531,406081,4391,227690,4135,178385,5,6,3881,148305,4621,128492,3897,276797,California
San Bernardino,2021-03-02,13950,420031,5515,233205,8435,186820,0,6,6546,147494,7367,135859,6556,283353,California
San Bernardino,2021-03-03,13174,433205,6700,239905,6470,193290,4,10,6207,146771,6943,142802,6220,289573,California
San Bernardino,2021-03-04,14028,447233,6890,246795,7137,200427,1,11,6076,144926,7930,150732,6085,295658,California
San Bernardino,2021-03-05,14543,461776,7526,254321,7015,207442,2,13,7065,144573,7441,158173,7088,302746,California
San Bernardino,2021-03-06,9760,471536,5478,259799,4056,211498,226,239,4553,144160,5188,163361,4775,307521,California
San Bernardino,2021-03-07,1692,473228,1023,260822,597,212095,72,311,1064,144673,626,163987,1139,308660,California
San Bernardino,2021-03-08,8158,481386,3608,264430,4379,216474,171,482,3612,143924,4537,168524,3788,312448,California
San Bernardino,2021-03-09,13154,494540,7525,271955,5378,221852,251,733,5274,141584,7867,176391,5527,317975,California
San Bernardino,2021-03-10,14255,508795,7870,279825,5830,227682,555,1288,6346,140607,7881,184272,6904,324879,California
San Bernardino,2021-03-11,15691,524486,7266,287091,6816,234498,1609,2897,7390,141322,8279,192551,8994,333873,California
San Bernardino,2021-03-12,15645,540131,6971,294062,6623,241121,2051,4948,7339,142485,8270,200821,9433,343306,California
San Bernardino,2021-03-13,8409,548540,4579,298641,3313,244434,517,5465,4962,144534,3432,204253,5481,348787,California
San Bernardino,2021-03-14,3311,551851,1682,300323,1046,245480,583,6048,1840,145489,1464,205717,2419,351206,California
San Bernardino,2021-03-15,11443,563294,5383,305706,4027,249507,2033,8081,5410,146910,6015,211732,7436,358642,California
San Bernardino,2021-03-16,16272,579566,8055,313761,7275,256782,942,9023,9853,151324,6388,218120,10802,369444,California
San Bernardino,2021-03-17,17509,597075,8704,322465,8055,264837,750,9773,10537,155662,6949,225069,11287,380731,California
San Bernardino,2021-03-18,16789,613864,8305,330770,8093,272930,391,10164,9897,159084,6862,231931,10284,391015,California
San Bernardino,2021-03-19,17117,630981,8497,339267,8023,280953,597,10761,9787,162217,7300,239231,10433,401448,California
San Bernardino,2021-03-20,9559,640540,5982,345249,2977,283930,600,11361,5671,164622,3860,243091,6265,407713,California
San Bernardino,2021-03-21,2849,643389,2303,347552,495,284425,51,11412,2279,166395,557,243648,2330,410043,California
San Bernardino,2021-03-22,9742,653131,4602,352154,4704,289129,436,11848,7045,171205,2671,246319,7481,417524,California
San Bernardino,2021-03-23,15658,668789,8887,361041,6150,295279,621,12469,9642,175476,5991,252310,10262,427786,California
San Bernardino,2021-03-24,15222,684011,7837,368878,7079,302358,306,12775,10023,180649,5157,257467,10330,438116,California
San Bernardino,2021-03-25,17130,701141,8389,377267,8435,310793,306,13081,10771,185417,6303,263770,11071,449187,California
San Bernardino,2021-03-26,18352,719493,8706,385973,8876,319669,770,13851,10945,189758,7376,271146,11717,460904,California
San Bernardino,2021-03-27,10887,730380,7024,392997,3108,322777,755,14606,6185,192019,4677,275823,6938,467842,California
San Bernardino,2021-03-28,3652,734032,2563,395560,974,323751,115,14721,2528,193548,1114,276937,2643,470485,California
San Bernardino,2021-03-29,12080,746112,6145,401705,5533,329284,402,15123,7964,197824,4089,281026,8365,478850,California
San Bernardino,2021-03-30,17038,763150,9511,411216,6808,336092,719,15842,10530,202594,6468,287494,11238,490088,California
San Bernardino,2021-03-31,16647,779797,9373,420589,6632,342724,642,16484,10877,208375,5735,293229,11516,501604,California
San Bernardino,2021-04-01,19886,799683,10491,431080,7965,350689,1430,17914,12732,215423,7105,300334,14153,515757,California
San Bernardino,2021-04-02,18940,818623,9545,440625,8100,358789,1295,19209,11415,220680,7493,307827,12750,528507,California
San Bernardino,2021-04-03,11188,829811,6995,447620,3045,361834,1148,20357,6083,222817,5084,312911,7221,535728,California
San Bernardino,2021-04-04,2514,832325,1516,449136,746,362580,252,20609,1260,223084,1244,314155,1511,537239,California
San Bernardino,2021-04-05,11868,844193,5310,454446,4779,367359,1779,22388,6037,225087,5806,319961,7809,545048,California
San Bernardino,2021-04-06,19883,864076,11183,465629,6572,373931,2128,24516,10486,228340,9349,329310,12602,557650,California
San Bernardino,2021-04-07,21217,885293,11393,477022,7320,381251,2504,27020,11527,232699,9655,338965,14014,571664,California
San Bernardino,2021-04-08,22106,907399,11335,488357,8132,389383,2639,29659,12100,237450,9975,348940,14726,586390,California
San Bernardino,2021-04-09,21996,929395,11180,499537,8183,397566,2633,32292,11920,241951,10035,358975,14536,600926,California
San Bernardino,2021-04-10,15740,945135,8145,507682,3870,401436,3725,36017,7812,245567,7904,366879,11520,612446,California
San Bernardino,2021-04-11,4455,949590,2594,510276,894,402330,967,36984,2045,246169,2403,369282,3005,615451,California
San Bernardino,2021-04-12,13536,963126,6250,516526,5614,407944,1672,38656,6410,247146,7100,376382,8077,623528,California
San Bernardino,2021-04-13,19490,982616,11107,527633,8364,416308,19,38675,11189,250087,8270,384652,11211,634739,California
San Bernardino,2021-04-14,19549,1002165,10445,538078,9101,425409,3,38678,11012,252609,8496,393148,11018,645757,California
San Bernardino,2021-04-15,20639,1022804,11534,549612,9099,434508,6,38684,10931,253882,9665,402813,10938,656695,California
San Bernardino,2021-04-16,18906,1041710,10707,560319,8198,442706,1,38685,9260,253545,9598,412411,9261,665956,California
San Bernardino,2021-04-17,12095,1053805,7976,568295,4119,446825,0,38685,6288,254073,5760,418171,6288,672244,California
San Bernardino,2021-04-18,3239,1057044,2307,570602,932,447757,0,38685,1385,253617,1841,420012,1385,673629,California
San Bernardino,2021-04-19,12737,1069781,6807,577409,5930,453687,0,38685,4933,250780,7775,427787,4938,678567,California
San Bernardino,2021-04-20,18295,1088076,10366,587775,7926,461613,3,38688,8275,249074,9986,437773,8280,686847,California
San Bernardino,2021-04-21,19109,1107185,11235,599010,7872,469485,2,38690,8329,246698,10710,448483,8334,695181,California
San Bernardino,2021-04-22,19674,1126859,11401,610411,8269,477754,4,38694,7964,243016,11653,460136,7971,703152,California
San Bernardino,2021-04-23,18951,1145810,10995,621406,7955,485709,1,38695,8177,240479,10717,470853,8180,711332,California
San Bernardino,2021-04-24,12868,1158678,9489,630895,3377,489086,2,38697,6913,241455,5939,476792,6915,718247,California
San Bernardino,2021-04-25,3424,1162102,2238,633133,1186,490272,0,38697,1677,241405,1730,478522,1680,719927,California
San Bernardino,2021-04-26,11372,1173474,6220,639353,5062,495334,90,38787,4835,239836,6495,485017,4926,724853,California
San Bernardino,2021-04-27,16756,1190230,10176,649529,6368,501702,212,38999,6878,237092,9834,494851,7090,731943,California
San Bernardino,2021-04-28,15111,1205341,9094,658623,5739,507441,278,39277,5470,233216,9615,504466,5739,737682,California
San Bernardino,2021-04-29,16620,1221961,9701,668324,6651,514092,268,39545,5575,228050,11006,515472,5840,743522,California
San Bernardino,2021-04-30,16880,1238841,10752,679076,5847,519939,281,39826,6273,224037,10565,526037,6552,750074,California
San Bernardino,2021-05-01,10792,1249633,8431,687507,2047,521986,314,40140,3737,221035,7048,533085,4046,754120,California
San Bernardino,2021-05-02,2953,1252586,2135,689642,687,522673,131,40271,1050,220324,1891,534976,1180,755300,California
San Bernardino,2021-05-03,10071,1262657,5792,695434,3875,526548,404,40675,2905,216480,7154,542130,3310,758610,California
San Bernardino,2021-05-04,16053,1278710,9850,705284,5746,532294,457,41132,4684,210293,11325,553455,5138,763748,California
San Bernardino,2021-05-05,15754,1294464,9210,714494,6131,538425,413,41545,4452,203900,11253,564708,4860,768608,California
San Bernardino,2021-05-06,16078,1310542,9266,723760,6397,544822,415,41960,4400,197081,11632,576340,4813,773421,California
San Bernardino,2021-05-07,15704,1326246,8878,732638,6448,551270,378,42338,4673,191156,10972,587312,5047,778468,California
San Bernardino,2021-05-08,9588,1335834,6433,739071,2888,554158,267,42605,3302,188474,6251,593563,3569,782037,California
San Bernardino,2021-05-09,2078,1337912,1376,740447,612,554770,90,42695,832,188157,1239,594802,922,782959,California
San Bernardino,2021-05-10,7688,1345600,3563,744010,3807,558577,318,43013,2367,185565,5274,600076,2682,785641,California
San Bernardino,2021-05-11,12602,1358202,7085,751095,5158,563735,359,43372,4039,181445,8518,608594,4398,790039,California
San Bernardino,2021-05-12,12840,1371042,7038,758133,5486,569221,316,43688,3654,176279,9135,617729,3969,794008,California
San Bernardino,2021-05-13,13514,1384556,8208,766341,4954,574175,352,44040,5295,173746,8173,625902,5640,799648,California
San Bernardino,2021-05-14,14007,1398563,9370,775711,4298,578473,339,44379,5820,171775,8130,634032,6159,805807,California
San Bernardino,2021-05-15,11439,1410002,8522,784233,2728,581201,189,44568,4657,169865,6750,640782,4840,810647,California
San Bernardino,2021-05-16,3118,1413120,2376,786609,680,581881,62,44630,1559,169946,1540,642322,1621,812268,California
San Bernardino,2021-05-17,10101,1423221,6817,793426,2991,584872,293,44923,4493,169159,5569,647891,4782,817050,California
San Bernardino,2021-05-18,13786,1437007,9161,802587,4377,589249,248,45171,6181,168008,7576,655467,6425,823475,California
San Bernardino,2021-05-19,11559,1448566,7237,809824,3942,593191,380,45551,5211,167285,6309,661776,5586,829061,California
San Bernardino,2021-05-20,11627,1460193,6961,816785,4349,597540,317,45868,5030,166077,6555,668331,5347,834408,California
San Bernardino,2021-05-21,12614,1472807,8350,825135,3882,601422,382,46250,5348,164590,7212,675543,5725,840133,California
San Bernardino,2021-05-22,8939,1481746,6701,831836,2030,603452,208,46458,4280,164463,4611,680154,4484,844617,California
San Bernardino,2021-05-23,2444,1484190,1556,833392,796,604248,92,46550,1137,164395,1296,681450,1228,845845,California
San Bernardino,2021-05-24,6971,1491161,4463,837855,2202,606450,306,46856,3087,163959,3828,685278,3392,849237,California
San Bernardino,2021-05-25,9334,1500495,5729,843584,3349,609799,256,47112,4103,163122,5193,690471,4356,853593,California
San Bernardino,2021-05-26,8251,1508746,5240,848824,2760,612559,251,47363,3745,162650,4462,694933,3990,857583,California
San Bernardino,2021-05-27,7671,1516417,4662,853486,2772,615331,237,47600,3453,162161,4179,699112,3690,861273,California
San Bernardino,2021-05-28,8817,1525234,5482,858968,3057,618388,278,47878,4372,162410,4399,703511,4648,865921,California
San Bernardino,2021-05-29,5064,1530298,3381,862349,1564,619952,119,47997,2565,162614,2479,705990,2683,868604,California
San Bernardino,2021-05-30,1753,1532051,1240,863589,433,620385,80,48077,852,162652,893,706883,931,869535,California
San Bernardino,2021-05-31,897,1532948,568,864157,312,620697,17,48094,319,162416,573,707456,337,869872,California
San Bernardino,2021-06-01,8654,1541602,5559,869716,2848,623545,247,48341,3365,160793,5232,712688,3609,873481,California
San Bernardino,2021-06-02,6846,1548448,4308,874024,2297,625842,241,48582,2880,159978,3932,716620,3117,876598,California
San Bernardino,2021-06-03,7979,1556427,5385,879409,2395,628237,199,48781,2704,157630,5251,721871,2903,879501,California
San Bernardino,2021-06-04,9151,1565578,6191,885600,2667,630904,293,49074,3139,155099,5962,727833,3431,882932,California
San Bernardino,2021-06-05,6560,1572138,5010,890610,1423,632327,127,49201,2248,153181,4289,732122,2371,885303,California
San Bernardino,2021-06-06,2036,1574174,1698,892308,274,632601,64,49265,672,152562,1355,733477,736,886039,California
San Bernardino,2021-06-07,6304,1580478,4905,897213,1185,633786,214,49479,1963,150421,4316,737793,2175,888214,California
San Bernardino,2021-06-08,8443,1588921,6128,903341,2090,635876,225,49704,2608,147482,5767,743560,2828,891042,California
San Bernardino,2021-06-09,7007,1595928,4988,908329,1827,637703,192,49896,2272,145265,4682,748242,2465,893507,California
San Bernardino,2021-06-10,7096,1603024,5010,913339,1881,639584,205,50101,2231,142882,4818,753060,2435,895942,California
San Bernardino,2021-06-11,8067,1611091,5633,918972,2202,641786,232,50333,2918,140927,5103,758163,3148,899090,California
San Bernardino,2021-06-12,5900,1616991,4645,923617,1133,642919,122,50455,1708,138592,4167,762330,1832,900922,California
San Bernardino,2021-06-13,1496,1618487,1062,924679,363,643282,71,50526,402,137974,1090,763420,472,901394,California
San Bernardino,2021-06-14,4928,1623415,3558,928237,1150,644432,220,50746,1804,136900,3096,766516,2022,903416,California
San Bernardino,2021-06-15,7177,1630592,5073,933310,1855,646287,249,50995,2562,135142,4564,771080,2806,906222,California
San Bernardino,2021-06-16,6360,1636952,4531,937841,1607,647894,222,51217,2332,133716,3981,775061,2555,908777,California
San Bernardino,2021-06-17,5654,1642606,3973,941814,1518,649412,163,51380,2205,132672,3411,778472,2367,911144,California
San Bernardino,2021-06-18,6869,1649475,4612,946426,2017,651429,240,51620,2573,131223,4259,782731,2810,913954,California
San Bernardino,2021-06-19,4062,1653537,3034,949460,896,652325,132,51752,1748,130810,2291,785022,1878,915832,California
San Bernardino,2021-06-20,1465,1655002,1126,950586,279,652604,60,51812,584,130580,874,785896,644,916476,California
San Bernardino,2021-06-21,3567,1658569,2307,952893,1035,653639,225,52037,1998,131248,1553,787449,2221,918697,California
San Bernardino,2021-06-22,5682,1664251,3869,956762,1597,655236,216,52253,2279,130371,3374,790823,2497,921194,California
San Bernardino,2021-06-23,5039,1669290,3572,960334,1270,656506,197,52450,2118,129790,2892,793715,2311,923505,California
San Bernardino,2021-06-24,4871,1674161,3384,963718,1277,657783,210,52660,2081,129315,2761,796476,2286,925791,California
San Bernardino,2021-06-25,5794,1679955,4108,967826,1481,659264,205,52865,2526,128801,3242,799718,2728,928519,California
San Bernardino,2021-06-26,3575,1683530,2726,970552,775,660039,74,52939,1666,128652,1888,801606,1739,930258,California
San Bernardino,2021-06-27,1445,1684975,1149,971701,244,660283,52,52991,677,128619,762,802368,729,930987,California
San Bernardino,2021-06-28,3473,1688448,2738,974439,586,660869,149,53140,1703,128714,1756,804124,1851,932838,California
San Bernardino,2021-06-29,5197,1693645,3762,978201,1254,662123,181,53321,2361,128437,2813,806937,2536,935374,California
San Bernardino,2021-06-30,4558,1698203,3221,981422,1165,663288,172,53493,2271,128613,2263,809200,2439,937813,California
San Bernardino,2021-07-01,4147,1702350,2992,984414,991,664279,164,53657,2054,128757,2074,811274,2218,940031,California
San Bernardino,2021-07-02,5008,1707358,3614,988028,1250,665529,144,53801,2354,128638,2617,813891,2498,942529,California
San Bernardino,2021-07-03,2502,1709860,1893,989921,555,666084,54,53855,1207,128618,1281,815172,1261,943790,California
San Bernardino,2021-07-04,179,1710039,119,990040,56,666140,4,53859,91,128626,87,815259,95,943885,California
San Diego,2020-12-15,120,120,120,120,0,0,0,0,120,120,0,0,120,120,California
San Diego,2020-12-16,1079,1199,1079,1199,0,0,0,0,1079,1199,0,0,1079,1199,California
San Diego,2020-12-17,2324,3523,2324,3523,0,0,0,0,2324,3523,0,0,2324,3523,California
San Diego,2020-12-18,3607,7130,3606,7129,1,1,0,0,3607,7130,0,0,3607,7130,California
San Diego,2020-12-19,2269,9399,2269,9398,0,1,0,0,2269,9399,0,0,2269,9399,California
San Diego,2020-12-20,1148,10547,1147,10545,1,2,0,0,1148,10547,0,0,1148,10547,California
San Diego,2020-12-21,3460,14007,3458,14003,2,4,0,0,3460,14007,0,0,3460,14007,California
San Diego,2020-12-22,4019,18026,3382,17385,637,641,0,0,4019,18026,0,0,4019,18026,California
San Diego,2020-12-23,3159,21185,1958,19343,1201,1842,0,0,3159,21185,0,0,3159,21185,California
San Diego,2020-12-24,2703,23888,2189,21532,514,2356,0,0,2703,23888,0,0,2703,23888,California
San Diego,2020-12-25,857,24745,856,22388,1,2357,0,0,857,24745,0,0,857,24745,California
San Diego,2020-12-26,3199,27944,2129,24517,1070,3427,0,0,3199,27944,0,0,3199,27944,California
San Diego,2020-12-27,2479,30423,1594,26111,885,4312,0,0,2478,30421,1,1,2478,30422,California
San Diego,2020-12-28,5832,36255,4156,30267,1676,5988,0,0,5832,36253,0,1,5832,36254,California
San Diego,2020-12-29,5499,41754,2944,33211,2555,8543,0,0,5499,41752,0,1,5499,41753,California
San Diego,2020-12-30,5849,47603,3047,36258,2802,11345,0,0,5849,47601,0,1,5849,47602,California
San Diego,2020-12-31,2971,50574,1031,37289,1940,13285,0,0,2971,50572,0,1,2971,50573,California
San Diego,2021-01-01,992,51566,442,37731,550,13835,0,0,992,51564,0,1,992,51565,California
San Diego,2021-01-02,3666,55232,1287,39018,2379,16214,0,0,3666,55230,0,1,3666,55231,California
San Diego,2021-01-03,833,56065,621,39639,212,16426,0,0,832,56062,0,1,832,56063,California
San Diego,2021-01-04,3646,59711,2020,41659,1626,18052,0,0,3640,59702,0,1,3640,59703,California
San Diego,2021-01-05,4296,64007,2144,43803,2152,20204,0,0,3712,62845,581,582,3724,63427,California
San Diego,2021-01-06,4840,68847,2254,46057,2586,22790,0,0,3639,65308,1180,1762,3643,67070,California
San Diego,2021-01-07,5549,74396,2931,48988,2618,25408,0,0,3435,66643,2109,3871,3444,70514,California
San Diego,2021-01-08,7801,82197,4895,53883,2906,28314,0,0,4067,67009,3718,7589,4084,74598,California
San Diego,2021-01-09,3417,85614,1907,55790,1510,29824,0,0,1893,67399,1514,9103,1904,76502,California
San Diego,2021-01-10,1847,87461,1277,57067,570,30394,0,0,758,67090,1077,10180,768,77270,California
San Diego,2021-01-11,10193,97654,5795,62862,4398,34792,0,0,6705,70332,3481,13661,6723,83993,California
San Diego,2021-01-12,11003,108657,5261,68123,5742,40534,0,0,7659,74766,3335,16996,7769,91762,California
San Diego,2021-01-13,11287,119944,4986,73109,6301,46835,0,0,8771,81059,2505,19501,8798,100560,California
San Diego,2021-01-14,11960,131904,4518,77627,7442,54277,0,0,9835,88810,2118,21619,9869,110429,California
San Diego,2021-01-15,14789,146693,5233,82860,9556,63833,0,0,12187,98472,2584,24203,12246,122675,California
San Diego,2021-01-16,10532,157225,3552,86412,6980,70813,0,0,9099,106174,1429,25632,9131,131806,California
San Diego,2021-01-17,8471,165696,2431,88843,6040,76853,0,0,7645,113012,826,26458,7664,139470,California
San Diego,2021-01-18,12662,178358,6220,95063,6442,83295,0,0,9853,120152,2778,29236,9918,149388,California
San Diego,2021-01-19,14409,192767,5625,100688,8784,92079,0,0,11315,128643,3085,32321,11576,160964,California
San Diego,2021-01-20,18071,210838,6331,107019,11740,103819,0,0,14772,140320,3279,35600,14956,175920,California
San Diego,2021-01-21,17034,227872,5746,112765,11288,115107,0,0,15666,154771,1359,36959,15810,191730,California
San Diego,2021-01-22,17209,245081,4585,117350,12624,127731,0,0,15208,168076,1988,38947,15293,207023,California
San Diego,2021-01-23,14062,259143,5197,122547,8865,136596,0,0,11800,177687,2251,41198,11862,218885,California
San Diego,2021-01-24,11572,270715,3249,125796,8323,144919,0,0,10609,187379,961,42159,10653,229538,California
San Diego,2021-01-25,11984,282699,5669,131465,6315,151234,0,0,9009,193579,2966,45125,9166,238704,California
San Diego,2021-01-26,14962,297661,7813,139278,7149,158383,0,0,11575,201960,3385,48510,11766,250470,California
San Diego,2021-01-27,20169,317830,7835,147113,12334,170717,0,0,17177,216302,2982,51492,17324,267794,California
San Diego,2021-01-28,20899,338729,7588,154701,13311,184028,0,0,18651,232804,2237,53729,18739,286533,California
San Diego,2021-01-29,19215,357944,6302,161003,12913,196941,0,0,16784,247219,2420,56149,16835,303368,California
San Diego,2021-01-30,15431,373375,3507,164510,11924,208865,0,0,12786,257477,2634,58783,12892,316260,California
San Diego,2021-01-31,14480,387855,5690,170200,8790,217655,0,0,14131,271297,345,59128,14165,330425,California
San Diego,2021-02-01,20444,408299,7451,177651,12993,230648,0,0,16953,284849,3478,62606,17030,347455,California
San Diego,2021-02-02,22498,430797,8287,185938,14211,244859,0,0,19263,301050,3225,65831,19426,366881,California
San Diego,2021-02-03,27157,457954,11640,197578,15517,260376,0,0,22930,319957,4206,70037,23113,389994,California
San Diego,2021-02-04,23808,481762,9803,207381,14005,274381,0,0,19259,334960,4534,74571,19537,409531,California
San Diego,2021-02-05,24237,505999,8596,215977,15641,290022,0,0,17824,346850,6389,80960,18279,427810,California
San Diego,2021-02-06,20394,526393,8447,224424,11947,301969,0,0,17183,361046,3208,84168,17404,445214,California
San Diego,2021-02-07,11897,538290,5307,229731,6590,308559,0,0,10053,369518,1833,86001,10305,455519,California
San Diego,2021-02-08,19788,558078,8416,238147,11372,319931,0,0,12424,375268,7350,93351,13100,468619,California
San Diego,2021-02-09,20149,578227,8240,246387,11909,331840,0,0,12969,382134,7159,100510,14025,482644,California
San Diego,2021-02-10,22606,600833,9265,255652,13341,345181,0,0,13634,388199,8921,109431,14986,497630,California
San Diego,2021-02-11,23464,624297,10081,265733,13383,358564,0,0,12550,391521,10890,120321,14212,511842,California
San Diego,2021-02-12,23270,647567,7281,273014,15989,374553,0,0,11545,393606,11707,132028,13792,525634,California
San Diego,2021-02-13,19740,667307,8960,281974,10780,385333,0,0,10739,396517,8994,141022,11905,537539,California
San Diego,2021-02-14,11019,678326,7326,289300,3693,389026,0,0,6129,399251,4886,145908,7620,545159,California
San Diego,2021-02-15,14971,693297,7563,296863,7408,396434,0,0,7583,402509,7365,153273,10623,555782,California
San Diego,2021-02-16,19003,712300,11093,307956,7910,404344,0,0,9040,404532,9950,163223,11973,567755,California
San Diego,2021-02-17,22964,735264,10733,318689,12231,416575,0,0,7841,400257,15108,178331,10833,578588,California
San Diego,2021-02-18,23285,758549,11913,330602,11372,427947,0,0,7639,396283,15635,193966,11661,590249,California
San Diego,2021-02-19,15669,774218,10900,341502,4769,432716,0,0,6373,395314,9274,203240,8305,598554,California
San Diego,2021-02-20,10074,784292,6307,347809,3767,436483,0,0,5622,398351,4450,207690,7487,606041,California
San Diego,2021-02-21,11439,795731,10033,357842,1406,437889,0,0,5027,398461,6406,214096,6516,612557,California
San Diego,2021-02-22,12331,808062,10529,368371,1802,439691,0,0,5579,398912,6746,220842,7197,619754,California
San Diego,2021-02-23,25210,833272,14099,382470,11111,450802,0,0,9219,397966,15981,236823,15035,634789,California
San Diego,2021-02-24,28529,861801,12649,395119,15880,466682,0,0,6627,390040,21881,258704,13955,648744,California
San Diego,2021-02-25,32511,894312,14418,409537,18093,484775,0,0,9791,385422,22698,281402,18080,666824,California
San Diego,2021-02-26,32689,927001,12137,421674,20552,505327,0,0,11666,383106,20990,302392,18674,685498,California
San Diego,2021-02-27,20731,947732,9370,431044,11361,516688,0,0,11097,388747,9628,312020,15269,700767,California
San Diego,2021-02-28,14920,962652,9754,440798,5166,521854,0,0,9252,395058,5666,317686,11977,712744,California
San Diego,2021-03-01,23954,986606,14132,454930,9821,531675,1,1,14511,404002,9363,327049,18307,731051,California
San Diego,2021-03-02,25807,1012413,13894,468824,11913,543588,0,1,12555,409926,13239,340288,19163,750214,California
San Diego,2021-03-03,33529,1045942,15785,484609,17741,561329,3,4,13831,410926,19672,359960,20672,770886,California
San Diego,2021-03-04,27850,1073792,13884,498493,13966,575295,0,4,12390,414520,15439,375399,19033,789919,California
San Diego,2021-03-05,28477,1102269,14667,513160,13730,589025,80,84,13297,419321,15152,390551,19953,809872,California
San Diego,2021-03-06,23037,1125306,9407,522567,12934,601959,696,780,10168,421922,12854,403405,15455,825327,California
San Diego,2021-03-07,17944,1143250,9138,531705,8238,610197,568,1348,6823,421773,11107,414512,10958,836285,California
San Diego,2021-03-08,22716,1165966,11048,542753,10762,620959,906,2254,11271,427287,11422,425934,16936,853221,California
San Diego,2021-03-09,25433,1191399,11708,554461,11972,632931,1753,4007,9956,427393,15460,441394,15566,868787,California
San Diego,2021-03-10,25087,1216486,10508,564969,12191,645122,2388,6395,9924,428539,15147,456541,16293,885080,California
San Diego,2021-03-11,28072,1244558,10791,575760,13761,658883,3520,9915,9772,427451,18275,474816,17187,902267,California
San Diego,2021-03-12,26898,1271456,9413,585173,14377,673260,3108,13023,9816,426920,17069,491885,16538,918805,California
San Diego,2021-03-13,25879,1297335,7195,592368,16925,690185,1759,14782,10008,426911,15866,507751,15857,934662,California
San Diego,2021-03-14,13686,1311021,5411,597779,7541,697726,734,15516,4765,425766,8912,516663,7767,942429,California
San Diego,2021-03-15,21767,1332788,10034,607813,10950,708676,783,16299,8962,425761,12787,529450,12782,955211,California
San Diego,2021-03-16,29549,1362337,15483,623296,13651,722327,415,16714,15609,430828,13916,543366,18983,974194,California
San Diego,2021-03-17,26393,1388730,12138,635434,13538,735865,717,17431,16956,441110,9420,552786,19702,993896,California
San Diego,2021-03-18,31123,1419853,17502,652936,12699,748564,922,18353,16943,446321,14145,566931,19356,1013252,California
San Diego,2021-03-19,30095,1449948,14265,667201,14777,763341,1053,19406,19282,457048,10792,577723,21519,1034771,California
San Diego,2021-03-20,27669,1477617,8414,675615,17481,780822,1774,21180,21326,474899,6330,584053,24181,1058952,California
San Diego,2021-03-21,16270,1493887,11864,687479,3711,784533,695,21875,7648,475948,8608,592661,9657,1068609,California
San Diego,2021-03-22,22396,1516283,13054,700533,9056,793589,286,22161,14268,485136,8115,600776,17303,1085912,California
San Diego,2021-03-23,25710,1541993,13482,714015,11942,805531,286,22447,17022,495793,8674,609450,19331,1105243,California
San Diego,2021-03-24,29285,1571278,19574,733589,9323,814854,388,22835,16984,502899,12288,621738,19394,1124637,California
San Diego,2021-03-25,30135,1601413,18141,751730,11312,826166,682,23517,17892,511348,12222,633960,20671,1145308,California
San Diego,2021-03-26,31832,1633245,17802,769532,13515,839681,515,24032,17377,517610,14430,648390,20692,1166000,California
San Diego,2021-03-27,25362,1658607,11046,780578,13936,853617,380,24412,15611,526114,9732,658122,18236,1184236,California
San Diego,2021-03-28,15248,1673855,9385,789963,5805,859422,58,24470,9302,531187,5939,664061,11012,1195248,California
San Diego,2021-03-29,26579,1700434,12842,802805,13106,872528,631,25101,16357,540399,10211,674272,19423,1214671,California
San Diego,2021-03-30,33060,1733494,17801,820606,14467,886995,792,25893,21887,553742,11158,685430,24501,1239172,California
San Diego,2021-03-31,30301,1763795,18704,839310,10889,897884,708,26601,20554,566381,9728,695158,22367,1261539,California
San Diego,2021-04-01,34125,1797920,19918,859228,12726,910610,1481,28082,23118,581311,10983,706141,25913,1287452,California
San Diego,2021-04-02,35602,1833522,20597,879825,12227,922837,2778,30860,23999,597934,11584,717725,28207,1315659,California
San Diego,2021-04-03,30729,1864251,14409,894234,11705,934542,4615,35475,19585,612201,11129,728854,25396,1341055,California
San Diego,2021-04-04,8990,1873241,5161,899395,2910,937452,919,36394,4777,613866,4207,733061,5872,1346927,California
San Diego,2021-04-05,29631,1902872,15336,914731,11597,949049,2698,39092,19223,627861,10391,743452,24386,1371313,California
San Diego,2021-04-06,38541,1941413,20288,935019,12351,961400,5902,44994,22162,641670,16359,759811,30168,1401481,California
San Diego,2021-04-07,35965,1977378,21862,956881,9553,970953,4550,49544,20236,651960,15704,775515,25994,1427475,California
San Diego,2021-04-08,34999,2012377,21258,978139,9610,980563,4131,53675,21138,665947,13840,789355,27827,1455302,California
San Diego,2021-04-09,38161,2050538,22755,1000894,10218,990781,5188,58863,20595,677516,17502,806857,29071,1484373,California
San Diego,2021-04-10,28972,2079510,11712,1012606,13261,1004042,3999,62862,14923,685409,14038,820895,21931,1506304,California
San Diego,2021-04-11,16138,2095648,9984,1022590,3859,1007901,2295,65157,7131,688832,9003,829898,12426,1518730,California
San Diego,2021-04-12,30630,2126278,12849,1035439,13504,1021405,4277,69434,17000,700151,13615,843513,24934,1543664,California
San Diego,2021-04-13,36905,2163183,17684,1053123,19186,1040591,35,69469,24470,715069,12413,855926,27331,1570995,California
San Diego,2021-04-14,32855,2196038,18828,1071951,14014,1054605,13,69482,17674,721922,15166,871092,22019,1593014,California
San Diego,2021-04-15,39274,2235312,20346,1092297,18919,1073524,9,69491,23753,733051,15496,886588,26625,1619639,California
San Diego,2021-04-16,33578,2268890,18460,1110757,15115,1088639,3,69494,19394,740698,14125,900713,21772,1641411,California
San Diego,2021-04-17,27865,2296755,13534,1124291,14331,1102970,0,69494,12287,740563,15482,916195,15347,1656758,California
San Diego,2021-04-18,14632,2311387,9088,1133379,5541,1108511,3,69497,6761,742441,7858,924053,9736,1666494,California
San Diego,2021-04-19,26565,2337952,13576,1146955,12987,1121498,2,69499,12446,742516,14099,938152,14174,1680668,California
San Diego,2021-04-20,39620,2377572,18398,1165353,21220,1142718,2,69501,20193,746262,19404,957556,23150,1703818,California
San Diego,2021-04-21,36401,2413973,22007,1187360,14394,1157112,0,69501,17522,748247,18838,976394,20823,1724641,California
San Diego,2021-04-22,44930,2458903,23304,1210664,21622,1178734,4,69505,22448,751300,22439,998833,25492,1750133,California
San Diego,2021-04-23,42718,2501621,26520,1237184,16196,1194930,2,69507,15979,743763,26702,1025535,19165,1769298,California
San Diego,2021-04-24,34911,2536532,18899,1256083,15997,1210927,15,69522,15566,743212,19305,1044840,18754,1788052,California
San Diego,2021-04-25,12634,2549166,7669,1263752,4964,1215891,1,69523,5857,743698,6765,1051605,7251,1795303,California
San Diego,2021-04-26,33494,2582660,16798,1280550,16557,1232448,139,69662,11773,738321,21698,1073303,16321,1811624,California
San Diego,2021-04-27,44806,2627466,24676,1305226,19577,1252025,553,70215,19752,736683,25010,1098313,23372,1834996,California
San Diego,2021-04-28,38472,2665938,22820,1328046,14976,1267001,676,70891,17424,736028,21005,1119318,20350,1855346,California
San Diego,2021-04-29,38323,2704261,24464,1352510,13202,1280203,657,71548,15576,731261,22711,1142029,17944,1873290,California
San Diego,2021-04-30,38263,2742524,23240,1375750,13942,1294145,1081,72629,15036,726042,23187,1165216,17968,1891258,California
San Diego,2021-05-01,24215,2766739,10674,1386424,12903,1307048,638,73267,9502,723636,14703,1179919,12297,1903555,California
San Diego,2021-05-02,10611,2777350,7433,1393857,2596,1309644,582,73849,3227,720398,7380,1187299,4142,1907697,California
San Diego,2021-05-03,25200,2802550,12391,1406248,11658,1321302,1151,75000,9253,715696,15924,1203223,11222,1918919,California
San Diego,2021-05-04,32042,2834592,17829,1424077,12935,1334237,1278,76278,11560,709177,20455,1223678,13936,1932855,California
San Diego,2021-05-05,27998,2862590,17240,1441317,9477,1343714,1281,77559,10590,704687,17385,1241063,12895,1945750,California
San Diego,2021-05-06,28533,2891123,18965,1460282,8657,1352371,911,78470,10766,701076,17737,1258800,14126,1959876,California
San Diego,2021-05-07,29726,2920849,19468,1479750,9218,1361589,1040,79510,11021,695683,18671,1277471,13278,1973154,California
San Diego,2021-05-08,23102,2943951,11104,1490854,11255,1372844,743,80253,7253,689294,15823,1293294,9434,1982588,California
San Diego,2021-05-09,7524,2951475,5666,1496520,1452,1374296,406,80659,2575,687753,4943,1298237,3402,1985990,California
San Diego,2021-05-10,21757,2973232,8657,1505177,12281,1386577,819,81478,5870,679865,15857,1314094,7969,1993959,California
San Diego,2021-05-11,28799,3002031,12230,1517407,15752,1402329,817,82295,10101,673836,18669,1332763,12640,2006599,California
San Diego,2021-05-12,23108,3025139,12642,1530049,9591,1411920,875,83170,8321,669405,14757,1347520,10326,2016925,California
San Diego,2021-05-13,31441,3056580,19074,1549123,11729,1423649,638,83808,13032,667317,18351,1365871,16263,2033188,California
San Diego,2021-05-14,30876,3087456,19815,1568938,10224,1433873,837,84645,13990,667392,16842,1382713,16917,2050105,California
San Diego,2021-05-15,26170,3113626,16474,1585412,8874,1442747,822,85467,10821,664711,15293,1398006,12612,2062717,California
San Diego,2021-05-16,13702,3127328,10228,1595640,2912,1445659,562,86029,6740,665457,6950,1404956,7696,2070413,California
San Diego,2021-05-17,21383,3148711,12968,1608608,7671,1453330,744,86773,8838,663406,12506,1417462,10455,2080868,California
San Diego,2021-05-18,34229,3182940,19399,1628007,13967,1467297,863,87636,13266,658044,20931,1438393,15569,2096437,California
San Diego,2021-05-19,28399,3211339,17817,1645824,9802,1477099,780,88416,11960,655512,16408,1454801,13876,2110313,California
San Diego,2021-05-20,34800,3246139,19249,1665073,14731,1491830,820,89236,11663,646441,23107,1477908,14036,2124349,California
San Diego,2021-05-21,27012,3273151,17162,1682235,8862,1500692,988,90224,10844,643382,16136,1494044,13077,2137426,California
San Diego,2021-05-22,21531,3294682,12416,1694651,7865,1508557,1250,91474,8990,642232,12518,1506562,11368,2148794,California
San Diego,2021-05-23,7350,3302032,5248,1699899,1794,1510351,308,91782,3481,642558,3846,1510408,4172,2152966,California
San Diego,2021-05-24,17863,3319895,9138,1709037,6814,1517165,1911,93693,6416,640318,11427,1521835,9187,2162153,California
San Diego,2021-05-25,24324,3344219,13098,1722135,9358,1526523,1868,95561,8458,635972,15837,1537672,11491,2173644,California
San Diego,2021-05-26,19130,3363349,10599,1732734,6520,1533043,2011,97572,6582,632916,12517,1550189,9461,2183105,California
San Diego,2021-05-27,20625,3383974,11953,1744687,6281,1539324,2391,99963,6933,629672,13672,1563861,10428,2193533,California
San Diego,2021-05-28,21259,3405233,13192,1757879,7358,1546682,709,100672,8363,627006,12878,1576739,10212,2203745,California
San Diego,2021-05-29,11990,3417223,7576,1765455,3923,1550605,491,101163,5155,626351,6822,1583561,6167,2209912,California
San Diego,2021-05-30,4672,3421895,3192,1768647,1102,1551707,378,101541,2002,626298,2664,1586225,2611,2212523,California
San Diego,2021-05-31,2585,3424480,1743,1770390,671,1552378,171,101712,848,625713,1730,1587955,1145,2213668,California
San Diego,2021-06-01,21266,3445746,11332,1781722,8305,1560683,1629,103341,5757,618556,15483,1603438,8326,2221994,California
San Diego,2021-06-02,17068,3462814,8812,1790534,6184,1566867,2072,105413,5472,615257,11570,1615008,8271,2230265,California
San Diego,2021-06-03,19201,3482015,12004,1802538,5396,1572263,1801,107214,5166,609254,14014,1629022,8011,2238276,California
San Diego,2021-06-04,19821,3501836,13846,1816384,5358,1577621,617,107831,5723,603426,14068,1643090,8240,2246516,California
San Diego,2021-06-05,15811,3517647,12033,1828417,2996,1580617,782,108613,4477,598351,11318,1654408,6243,2252759,California
San Diego,2021-06-06,5605,3523252,4530,1832947,764,1581381,311,108924,1594,597067,4000,1658408,2716,2255475,California
San Diego,2021-06-07,12790,3536042,8041,1840988,3400,1584781,1349,110273,3542,593475,9230,1667638,5638,2261113,California
San Diego,2021-06-08,20481,3556523,14475,1855463,4119,1588900,1887,112160,4999,585950,15468,1683106,7943,2269056,California
San Diego,2021-06-09,17030,3573553,11344,1866807,3736,1592636,1950,114110,4361,580565,12655,1695761,7270,2276326,California
San Diego,2021-06-10,17878,3591431,11868,1878675,3932,1596568,2078,116188,4371,574617,13481,1709242,7533,2283859,California
San Diego,2021-06-11,15806,3607237,10072,1888747,4383,1600951,1351,117539,4313,569751,11463,1720705,6597,2290456,California
San Diego,2021-06-12,11006,3618243,8439,1897186,2145,1603096,422,117961,3162,566154,7825,1728530,4228,2294684,California
San Diego,2021-06-13,4156,3622399,3108,1900294,843,1603939,205,118166,1009,564624,3141,1731671,1611,2296295,California
San Diego,2021-06-14,12622,3635021,7578,1907872,2853,1606792,2191,120357,3556,561977,9052,1740723,6405,2302700,California
San Diego,2021-06-15,17900,3652921,10258,1918130,4205,1610997,3437,123794,4705,557863,13185,1753908,9071,2311771,California
San Diego,2021-06-16,13951,3666872,8867,1926997,2770,1613767,2314,126108,4450,555931,9487,1763395,7555,2319326,California
San Diego,2021-06-17,14743,3681615,8480,1935477,3426,1617193,2837,128945,4168,553031,10563,1773958,7663,2326989,California
San Diego,2021-06-18,14149,3695764,8749,1944226,3572,1620765,1828,130773,4424,550371,9713,1783671,7053,2334042,California
San Diego,2021-06-19,7540,3703304,5568,1949794,1512,1622277,460,131233,2754,549351,4765,1788436,3745,2337787,California
San Diego,2021-06-20,3106,3706410,2258,1952052,649,1622926,199,131432,1149,548968,1952,1790388,1569,2339356,California
San Diego,2021-06-21,9125,3715535,5151,1957203,2430,1625356,1544,132976,3896,549730,5222,1795610,5984,2345340,California
San Diego,2021-06-22,11290,3726825,7563,1964766,2585,1627941,1142,134118,4445,549172,6838,1802448,6280,2351620,California
San Diego,2021-06-23,10826,3737651,7044,1971810,2336,1630277,1446,135564,4426,549307,6391,1808839,6526,2358146,California
San Diego,2021-06-24,10052,3747703,6538,1978348,2752,1633029,762,136326,4050,548756,5993,1814832,5442,2363588,California
San Diego,2021-06-25,10602,3758305,7387,1985735,2612,1635641,603,136929,4114,547629,6479,1821311,5352,2368940,California
San Diego,2021-06-26,6682,3764987,5240,1990975,1133,1636774,309,137238,2677,547200,3996,1825307,3567,2372507,California
San Diego,2021-06-27,3014,3768001,2307,1993282,500,1637274,207,137445,1332,547304,1679,1826986,1783,2374290,California
San Diego,2021-06-28,7204,3775205,5304,1998586,1385,1638659,515,137960,3370,547847,3829,1830815,4372,2378662,California
San Diego,2021-06-29,8760,3783965,6096,2004682,1992,1640651,672,138632,3643,547654,5103,1835918,4910,2383572,California
San Diego,2021-06-30,8175,3792140,6043,2010725,1620,1642271,512,139144,3553,547677,4610,1840528,4633,2388205,California
San Diego,2021-07-01,7268,3799408,5010,2015735,1862,1644133,396,139540,3136,547630,4121,1844649,4074,2392279,California
San Diego,2021-07-02,7391,3806799,5062,2020797,1920,1646053,409,139949,3136,547463,4235,1848884,4068,2396347,California
San Diego,2021-07-03,4152,3810951,3131,2023928,854,1646907,167,140116,1888,547578,2259,1851143,2374,2398721,California
San Diego,2021-07-04,318,3811269,186,2024114,50,1646957,82,140198,104,547598,214,1851357,234,2398955,California
San Francisco,2020-12-15,6,6,6,6,0,0,0,0,6,6,0,0,6,6,California
San Francisco,2020-12-16,233,239,233,239,0,0,0,0,233,239,0,0,233,239,California
San Francisco,2020-12-17,416,655,416,655,0,0,0,0,416,655,0,0,416,655,California
San Francisco,2020-12-18,908,1563,907,1562,1,1,0,0,908,1563,0,0,908,1563,California
San Francisco,2020-12-19,610,2173,610,2172,0,1,0,0,610,2173,0,0,610,2173,California
San Francisco,2020-12-20,480,2653,480,2652,0,1,0,0,480,2653,0,0,480,2653,California
San Francisco,2020-12-21,1164,3817,1164,3816,0,1,0,0,1164,3817,0,0,1164,3817,California
San Francisco,2020-12-22,1395,5212,1361,5177,34,35,0,0,1395,5212,0,0,1395,5212,California
San Francisco,2020-12-23,1355,6567,1056,6233,299,334,0,0,1355,6567,0,0,1355,6567,California
San Francisco,2020-12-24,844,7411,504,6737,340,674,0,0,844,7411,0,0,844,7411,California
San Francisco,2020-12-25,37,7448,31,6768,6,680,0,0,37,7448,0,0,37,7448,California
San Francisco,2020-12-26,250,7698,154,6922,96,776,0,0,250,7698,0,0,250,7698,California
San Francisco,2020-12-27,274,7972,60,6982,214,990,0,0,274,7972,0,0,274,7972,California
San Francisco,2020-12-28,1278,9250,692,7674,586,1576,0,0,1278,9250,0,0,1278,9250,California
San Francisco,2020-12-29,1263,10513,632,8306,631,2207,0,0,1263,10513,0,0,1263,10513,California
San Francisco,2020-12-30,1488,12001,782,9088,706,2913,0,0,1488,12001,0,0,1488,12001,California
San Francisco,2020-12-31,982,12983,415,9503,567,3480,0,0,981,12982,0,0,981,12982,California
San Francisco,2021-01-01,107,13090,79,9582,28,3508,0,0,107,13089,0,0,107,13089,California
San Francisco,2021-01-02,337,13427,301,9883,36,3544,0,0,337,13426,0,0,337,13426,California
San Francisco,2021-01-03,299,13726,105,9988,194,3738,0,0,298,13723,1,1,298,13724,California
San Francisco,2021-01-04,1846,15572,1358,11346,488,4226,0,0,1843,15563,3,4,1843,15567,California
San Francisco,2021-01-05,2239,17811,1422,12768,817,5043,0,0,2200,17726,39,43,2202,17769,California
San Francisco,2021-01-06,1877,19688,1163,13931,714,5757,0,0,1607,19066,268,311,1608,19377,California
San Francisco,2021-01-07,2077,21765,1212,15143,865,6622,0,0,1601,20194,473,784,1601,20978,California
San Francisco,2021-01-08,2336,24101,1645,16788,691,7313,0,0,1472,20807,859,1643,1472,22450,California
San Francisco,2021-01-09,1400,25501,902,17690,498,7811,0,0,889,21187,511,2154,891,23341,California
San Francisco,2021-01-10,920,26421,541,18231,379,8190,0,0,461,21190,458,2612,461,23802,California
San Francisco,2021-01-11,2512,28933,1869,20100,643,8833,0,0,1407,21492,1106,3718,1408,25210,California
San Francisco,2021-01-12,3096,32029,2061,22161,1035,9868,0,0,1902,22203,1193,4911,1904,27114,California
San Francisco,2021-01-13,2852,34881,1620,23781,1232,11100,0,0,2011,23373,841,5752,2011,29125,California
San Francisco,2021-01-14,2463,37344,1111,24892,1352,12452,0,0,1896,24702,567,6319,1896,31021,California
San Francisco,2021-01-15,2775,40119,1163,26055,1612,14064,0,0,2372,26675,401,6720,2374,33395,California
San Francisco,2021-01-16,2240,42359,937,26992,1303,15367,0,0,2071,28579,169,6889,2073,35468,California
San Francisco,2021-01-17,1942,44301,536,27528,1406,16773,0,0,1722,30082,219,7108,1722,37190,California
San Francisco,2021-01-18,1390,45691,603,28131,787,17560,0,0,1120,30934,269,7377,1121,38311,California
San Francisco,2021-01-19,2602,48293,1483,29614,1119,18679,0,0,1846,32024,756,8133,1846,40157,California
San Francisco,2021-01-20,2841,51134,1191,30805,1650,20329,0,0,2078,33343,760,8893,2079,42236,California
San Francisco,2021-01-21,3443,54577,1038,31843,2405,22734,0,0,2564,35029,878,9771,2564,44800,California
San Francisco,2021-01-22,3252,57829,678,32521,2574,25308,0,0,2803,37385,447,10218,2803,47603,California
San Francisco,2021-01-23,3117,60946,609,33130,2508,27816,0,0,2747,39764,369,10587,2748,50351,California
San Francisco,2021-01-24,2432,63378,363,33493,2069,29885,0,0,2198,41732,230,10817,2198,52549,California
San Francisco,2021-01-25,4645,68023,1836,35329,2809,32694,0,0,3054,43199,1588,12405,3055,55604,California
San Francisco,2021-01-26,4754,72777,2181,37510,2573,35267,0,0,3103,44656,1648,14053,3105,58709,California
San Francisco,2021-01-27,4383,77160,1979,39489,2404,37671,0,0,3073,46421,1308,15361,3073,61782,California
San Francisco,2021-01-28,3802,80962,1578,41067,2224,39895,0,0,2626,47879,1169,16530,2627,64409,California
San Francisco,2021-01-29,4840,85802,1763,42830,3077,42972,0,0,3510,50096,1293,17823,3510,67919,California
San Francisco,2021-01-30,3818,89620,1850,44680,1968,44940,0,0,3355,52993,462,18285,3359,71278,California
San Francisco,2021-01-31,2357,91977,819,45499,1538,46478,0,0,2206,55050,150,18435,2207,73485,California
San Francisco,2021-02-01,4005,95982,1712,47211,2293,48771,0,0,2924,56895,1080,19515,2925,76410,California
San Francisco,2021-02-02,4567,100549,1821,49032,2746,51517,0,0,2954,58242,1607,21122,2954,79364,California
San Francisco,2021-02-03,5123,105672,2407,51439,2716,54233,0,0,3797,60716,1324,22446,3798,83162,California
San Francisco,2021-02-04,5072,110744,2443,53882,2629,56862,0,0,3887,63421,1182,23628,3887,87049,California
San Francisco,2021-02-05,6020,116764,3244,57126,2776,59638,0,0,4662,66728,1356,24984,4663,91712,California
San Francisco,2021-02-06,5493,122257,3666,60792,1827,61465,0,0,4616,70501,846,25830,4619,96331,California
San Francisco,2021-02-07,4370,126627,3214,64006,1156,62621,0,0,3786,73711,580,26410,3790,100121,California
San Francisco,2021-02-08,6773,133400,4657,68663,2116,64737,0,0,5538,78033,1219,27629,5541,105662,California
San Francisco,2021-02-09,5975,139375,4018,72681,1957,66694,0,0,4414,80879,1570,29199,4416,110078,California
San Francisco,2021-02-10,6947,146322,4205,76886,2742,69436,0,0,5068,84077,1874,31073,5072,115150,California
San Francisco,2021-02-11,6769,153091,4014,80900,2755,72191,0,0,4897,87110,1867,32940,4900,120050,California
San Francisco,2021-02-12,5372,158463,2697,83597,2675,74866,0,0,3485,88707,1888,34828,3485,123535,California
San Francisco,2021-02-13,4424,162887,2593,86190,1831,76697,0,0,3068,90422,1356,36184,3071,126606,California
San Francisco,2021-02-14,3451,166338,2265,88455,1186,77883,0,0,2310,91594,1140,37324,2312,128918,California
San Francisco,2021-02-15,2803,169141,1517,89972,1286,79169,0,0,1680,92154,1120,38444,1680,130598,California
San Francisco,2021-02-16,5164,174305,2840,92812,2324,81493,0,0,3014,93032,2143,40587,3021,133619,California
San Francisco,2021-02-17,5391,179696,2648,95460,2743,84236,0,0,2966,93588,2413,43000,2969,136588,California
San Francisco,2021-02-18,5443,185139,2662,98122,2781,87017,0,0,2820,93794,2620,45620,2826,139414,California
San Francisco,2021-02-19,5729,190868,2693,100815,3036,90053,0,0,2973,94021,2747,48367,2974,142388,California
San Francisco,2021-02-20,4657,195525,2253,103068,2404,92457,0,0,1739,92853,2908,51275,1740,144128,California
San Francisco,2021-02-21,2979,198504,1570,104638,1409,93866,0,0,1321,92528,1647,52922,1322,145450,California
San Francisco,2021-02-22,5497,204001,3408,108046,2089,95955,0,0,2737,92519,2749,55671,2740,148190,California
San Francisco,2021-02-23,5868,209869,3337,111383,2531,98486,0,0,2992,92643,2868,58539,2992,151182,California
San Francisco,2021-02-24,9372,219241,5318,116701,4054,102540,0,0,4994,93275,4364,62903,4996,156178,California
San Francisco,2021-02-25,10190,229431,7106,123807,3084,105624,0,0,6531,96154,3654,66557,6533,162711,California
San Francisco,2021-02-26,12393,241824,8047,131854,4346,109970,0,0,7317,98398,5074,71631,7318,170029,California
San Francisco,2021-02-27,9429,251253,6070,137924,3358,113328,1,1,4698,98383,4715,76346,4700,174729,California
San Francisco,2021-02-28,7923,259176,5664,143588,2259,115587,0,1,3872,98212,4044,80390,3873,178602,California
San Francisco,2021-03-01,11418,270594,7703,151291,3710,119297,5,6,5570,97969,5820,86210,5577,184179,California
San Francisco,2021-03-02,10054,280648,6769,158060,3285,122582,0,6,5683,99293,4360,90570,5684,189863,California
San Francisco,2021-03-03,11430,292078,6679,164739,4750,127332,1,7,6283,100447,5133,95703,6287,196150,California
San Francisco,2021-03-04,8821,300899,5535,170274,3286,130618,0,7,4971,101581,3839,99542,4973,201123,California
San Francisco,2021-03-05,9263,310162,5666,175940,3593,134211,4,11,5801,103939,3448,102990,5806,206929,California
San Francisco,2021-03-06,7236,317398,4697,180637,2329,136540,210,221,4541,105977,2706,105696,4744,211673,California
San Francisco,2021-03-07,5418,322816,4226,184863,1132,137672,60,281,3120,106847,2309,108005,3179,214852,California
San Francisco,2021-03-08,7561,330377,5491,190354,1881,139553,189,470,5968,111378,1624,109629,6155,221007,California
San Francisco,2021-03-09,8358,338735,5535,195889,2445,141998,378,848,6095,115577,2268,111897,6467,227474,California
San Francisco,2021-03-10,11287,350022,6620,202509,4163,146161,504,1352,7043,118900,4221,116118,7544,235018,California
San Francisco,2021-03-11,10134,360156,6393,208902,2768,148929,973,2325,6637,123016,3477,119595,7593,242611,California
San Francisco,2021-03-12,10898,371054,6358,215260,3189,152118,1351,3676,6061,125605,4813,124408,7402,250013,California
San Francisco,2021-03-13,6776,377830,3950,219210,1744,153862,1082,4758,4208,128334,2558,126966,5287,255300,California
San Francisco,2021-03-14,7586,385416,4930,224140,2407,156269,249,5007,3961,128934,3606,130572,4206,259506,California
San Francisco,2021-03-15,12139,397555,9283,233423,1910,158179,946,5953,8354,134451,3768,134340,9285,268791,California
San Francisco,2021-03-16,12274,409829,8346,241769,3449,161628,479,6432,8762,140204,3489,137829,9242,278033,California
San Francisco,2021-03-17,13635,423464,8455,250224,4546,166174,634,7066,9708,146646,3895,141724,10337,288370,California
San Francisco,2021-03-18,10297,433761,7049,257273,2619,168793,629,7695,5856,148705,4416,146140,6475,294845,California
San Francisco,2021-03-19,12597,446358,9237,266510,2887,171680,473,8168,6577,149754,5993,152133,7042,301887,California
San Francisco,2021-03-20,8955,455313,6585,273095,1902,173582,468,8636,5201,151703,3721,155854,5670,307557,California
San Francisco,2021-03-21,6699,462012,6140,279235,420,174002,139,8775,3765,152687,2917,158771,3901,311458,California
San Francisco,2021-03-22,10006,472018,6971,286206,2194,176196,841,9616,5150,153836,4831,163602,5980,317438,California
San Francisco,2021-03-23,11402,483420,7591,293797,3158,179354,653,10269,6314,155738,5056,168658,6958,324396,California
San Francisco,2021-03-24,12423,495843,9517,303314,2368,181722,538,10807,6118,156126,6260,174918,6648,331044,California
San Francisco,2021-03-25,12010,507853,8767,312081,2676,184398,567,11374,5814,156381,6122,181040,6377,337421,California
San Francisco,2021-03-26,12060,519913,8355,320436,3471,187869,234,11608,5835,156255,6190,187230,6064,343485,California
San Francisco,2021-03-27,8900,528813,5914,326350,2634,190503,352,11960,3819,155366,5058,192288,4169,347654,California
San Francisco,2021-03-28,6672,535485,5325,331675,1305,191808,42,12002,2965,154689,3682,195970,3005,350659,California
San Francisco,2021-03-29,11660,547145,8019,339694,3455,195263,186,12188,4807,152860,6820,202790,4991,355650,California
San Francisco,2021-03-30,11694,558839,7319,347013,4084,199347,291,12479,5508,152498,6159,208949,5797,361447,California
San Francisco,2021-03-31,12329,571168,8197,355210,3834,203181,298,12777,4913,150321,7381,216330,5204,366651,California
San Francisco,2021-04-01,14029,585197,7436,362646,4885,208066,1708,14485,6039,150086,7947,224277,7712,374363,California
San Francisco,2021-04-02,14898,600095,6575,369221,6425,214491,1898,16383,6948,150983,7926,232203,8823,383186,California
San Francisco,2021-04-03,10617,610712,4929,374150,3860,218351,1828,18211,4813,151819,5785,237988,6621,389807,California
San Francisco,2021-04-04,9056,619768,4805,378955,2594,220945,1657,19868,3587,151599,5450,243438,5230,395037,California
San Francisco,2021-04-05,16140,635908,9854,388809,4391,225336,1895,21763,6302,149970,9807,253245,8178,403215,California
San Francisco,2021-04-06,16171,652079,9551,398360,4547,229883,2073,23836,6287,148457,9855,263100,8342,411557,California
San Francisco,2021-04-07,16903,668982,10061,408421,4600,234483,2242,26078,7008,147813,9869,272969,9225,420782,California
San Francisco,2021-04-08,14250,683232,6782,415203,3033,237516,4435,30513,4648,147286,9564,282533,9037,429819,California
San Francisco,2021-04-09,15891,699123,7686,422889,4841,242357,3364,33877,6630,148028,9226,291759,9968,439787,California
San Francisco,2021-04-10,13370,712493,5715,428604,5897,248254,1758,35635,7114,150652,6229,297988,8853,448640,California
San Francisco,2021-04-11,10081,722574,7551,436155,1351,249605,1179,36814,5208,152170,4857,302845,6375,455015,California
San Francisco,2021-04-12,10663,733237,6923,443078,2583,252188,1157,37971,4883,152445,5754,308599,6029,461044,California
San Francisco,2021-04-13,10869,744106,7368,450446,3489,255677,12,37983,5473,152567,5368,313967,5490,466534,California
San Francisco,2021-04-14,13400,757506,8070,458516,5329,261006,1,37984,6360,151932,6998,320965,6363,472897,California
San Francisco,2021-04-15,13881,771387,9612,468128,4268,265274,1,37985,8071,154234,5775,326740,8077,480974,California
San Francisco,2021-04-16,13053,784440,8768,476896,4241,269515,44,38029,7612,156484,5410,332150,7660,488634,California
San Francisco,2021-04-17,10256,794696,7384,484280,2871,272386,1,38030,7236,160724,3001,335151,7241,495875,California
San Francisco,2021-04-18,6957,801653,5385,489665,1570,273956,2,38032,4322,162435,2615,337766,4326,500201,California
San Francisco,2021-04-19,11125,812778,8310,497975,2810,276766,5,38037,7097,165539,4008,341774,7112,507313,California
San Francisco,2021-04-20,13112,825890,7908,505883,5202,281968,2,38039,8927,170315,4154,345928,8930,516243,California
San Francisco,2021-04-21,11944,837834,8752,514635,3187,285155,5,38044,7238,172887,4676,350604,7248,523491,California
San Francisco,2021-04-22,11119,848953,8285,522920,2833,287988,1,38045,6374,174559,4710,355314,6382,529873,California
San Francisco,2021-04-23,10933,859886,6410,529330,4523,292511,0,38045,6481,176629,4420,359734,6490,536363,California
San Francisco,2021-04-24,7971,867857,5476,534806,2495,295006,0,38045,4712,178113,3237,362971,4721,541084,California
San Francisco,2021-04-25,5047,872904,4338,539144,703,295709,6,38051,2947,178984,2087,365058,2958,544042,California
San Francisco,2021-04-26,8546,881450,6092,545236,2442,298151,12,38063,4255,179006,4261,369319,4283,548325,California
San Francisco,2021-04-27,8993,890443,6113,551349,2710,300861,170,38233,4491,179200,4476,373795,4670,552995,California
San Francisco,2021-04-28,9961,900404,6973,558322,2797,303658,191,38424,5225,179921,4702,378497,5423,558418,California
San Francisco,2021-04-29,9808,910212,5833,564155,3780,307438,195,38619,4822,179992,4959,383456,5030,563448,California
San Francisco,2021-04-30,11339,921551,5612,569767,5524,312962,203,38822,4227,177364,7064,390520,4436,567884,California
San Francisco,2021-05-01,6996,928547,3595,573362,3286,316248,115,38937,1699,173918,5261,395781,1815,569699,California
San Francisco,2021-05-02,5342,933889,3096,576458,2147,318395,99,39036,979,170647,4353,400134,1082,570781,California
San Francisco,2021-05-03,9708,943597,6614,583072,2929,321324,165,39201,2441,166025,7236,407370,2614,573395,California
San Francisco,2021-05-04,9848,953445,6437,589509,3160,324484,251,39452,2386,161238,7429,414799,2642,576037,California
San Francisco,2021-05-05,9270,962715,6576,596085,2381,326865,313,39765,2272,156878,6949,421748,2589,578626,California
San Francisco,2021-05-06,10976,973691,8789,604874,1714,328579,473,40238,1908,150227,9034,430782,2383,581009,California
San Francisco,2021-05-07,10322,984013,6669,611543,3380,331959,273,40511,1677,143557,8618,439400,1948,582957,California
San Francisco,2021-05-08,8908,992921,4057,615600,4721,336680,130,40641,1100,137014,7774,447174,1231,584188,California
San Francisco,2021-05-09,6744,999665,5855,621455,806,337486,83,40724,1086,132542,5635,452809,1163,585351,California
San Francisco,2021-05-10,7393,1007058,5324,626779,1814,339300,255,40979,1007,127449,6354,459163,1261,586612,California
San Francisco,2021-05-11,8161,1015219,6032,632811,1910,341210,219,41198,1497,122537,6627,465790,1715,588327,California
San Francisco,2021-05-12,8391,1023610,6154,638965,1780,342990,457,41655,1495,117623,6863,472653,1949,590276,California
San Francisco,2021-05-13,11400,1035010,8390,647355,2784,345774,226,41881,4181,114849,7189,479842,4415,594691,California
San Francisco,2021-05-14,9596,1044606,6827,654182,2598,348372,171,42052,2990,111447,6574,486416,3172,597863,California
San Francisco,2021-05-15,8133,1052739,6442,660624,1635,350007,56,42108,3203,109804,4914,491330,3271,601134,California
San Francisco,2021-05-16,5302,1058041,4459,665083,784,350791,59,42167,2024,108631,3257,494587,2084,603218,California
San Francisco,2021-05-17,7407,1065448,5521,670604,1721,352512,165,42332,2376,106166,5009,499596,2544,605762,California
San Francisco,2021-05-18,8766,1074214,5023,675627,3567,356079,176,42508,1830,101284,6888,506484,2006,607768,California
San Francisco,2021-05-19,7499,1081713,5548,681175,1716,357795,235,42743,2155,98356,5316,511800,2388,610156,California
San Francisco,2021-05-20,6142,1087855,4124,685299,1765,359560,253,42996,1492,95484,4612,516412,1740,611896,California
San Francisco,2021-05-21,7201,1095056,4079,689378,2936,362496,186,43182,1576,91663,5578,521990,1757,613653,California
San Francisco,2021-05-22,4813,1099869,3624,693002,1098,363594,91,43273,2185,91330,2608,524598,2275,615928,California
San Francisco,2021-05-23,1938,1101807,1483,694485,380,363974,75,43348,847,91171,1081,525679,922,616850,California
San Francisco,2021-05-24,4228,1106035,3002,697487,1063,365037,163,43511,1234,89602,2968,528647,1399,618249,California
San Francisco,2021-05-25,3703,1109738,2405,699892,1075,366112,223,43734,1030,88197,2653,531300,1248,619497,California
San Francisco,2021-05-26,3961,1113699,2555,702447,1260,367372,146,43880,1045,86498,2890,534190,1191,620688,California
San Francisco,2021-05-27,3721,1117420,2147,704594,1398,368770,176,44056,1164,85292,2545,536735,1339,622027,California
San Francisco,2021-05-28,3779,1121199,2154,706748,1463,370233,162,44218,1314,84331,2436,539171,1475,623502,California
San Francisco,2021-05-29,2032,1123231,1463,708211,467,370700,102,44320,788,83992,1223,540394,884,624386,California
San Francisco,2021-05-30,971,1124202,693,708904,241,370941,37,44357,396,83854,571,540965,433,624819,California
San Francisco,2021-05-31,259,1124461,211,709115,41,370982,7,44364,86,83776,171,541136,93,624912,California
San Francisco,2021-06-01,3585,1128046,2171,711286,1226,372208,188,44552,1062,82516,2507,543643,1247,626159,California
San Francisco,2021-06-02,2462,1130508,1781,713067,558,372766,123,44675,809,81805,1638,545281,927,627086,California
San Francisco,2021-06-03,3963,1134471,2720,715787,1040,373806,203,44878,911,79880,3034,548315,1109,628195,California
San Francisco,2021-06-04,5728,1140199,4855,720642,737,374543,136,45014,1242,76801,4452,552767,1373,629568,California
San Francisco,2021-06-05,3728,1143927,3152,723794,428,374971,148,45162,873,74975,2843,555610,1017,630585,California
San Francisco,2021-06-06,2336,1146263,2185,725979,113,375084,38,45200,385,73454,1944,557554,423,631008,California
San Francisco,2021-06-07,3652,1149915,3024,729003,493,375577,135,45335,870,71694,2763,560317,1003,632011,California
San Francisco,2021-06-08,2828,1152743,2223,731226,439,376016,166,45501,794,70631,2017,562334,954,632965,California
San Francisco,2021-06-09,2325,1155068,1862,733088,326,376342,137,45638,655,69767,1654,563988,790,633755,California
San Francisco,2021-06-10,2498,1157566,1910,734998,398,376740,190,45828,750,68971,1736,565724,940,634695,California
San Francisco,2021-06-11,3155,1160721,2490,737488,500,377240,165,45993,921,67845,2209,567933,1083,635778,California
San Francisco,2021-06-12,3034,1163755,2634,740122,274,377514,126,46119,717,66383,2303,570236,841,636619,California
San Francisco,2021-06-13,924,1164679,803,740925,74,377588,47,46166,224,65960,693,570929,270,636889,California
San Francisco,2021-06-14,2509,1167188,2027,742952,331,377919,151,46317,825,65261,1673,572602,974,637863,California
San Francisco,2021-06-15,1907,1169095,1473,744425,301,378220,133,46450,668,64833,1229,573831,801,638664,California
San Francisco,2021-06-16,1853,1170948,1399,745824,260,378480,194,46644,633,64451,1202,575033,820,639484,California
San Francisco,2021-06-17,1985,1172933,1529,747353,256,378736,200,46844,649,63974,1321,576354,844,640328,California
San Francisco,2021-06-18,2347,1175280,1734,749087,438,379174,175,47019,750,63312,1583,577937,921,641249,California
San Francisco,2021-06-19,1415,1176695,1181,750268,122,379296,112,47131,434,62887,967,578904,542,641791,California
San Francisco,2021-06-20,625,1177320,534,750802,56,379352,35,47166,254,62811,365,579269,289,642080,California
San Francisco,2021-06-21,1162,1178482,863,751665,188,379540,111,47277,603,62974,549,579818,712,642792,California
San Francisco,2021-06-22,1584,1180066,1243,752908,229,379769,112,47389,549,62609,1020,580838,655,643447,California
San Francisco,2021-06-23,1485,1181551,1172,754080,173,379942,140,47529,589,62447,884,581722,722,644169,California
San Francisco,2021-06-24,1539,1183090,1127,755207,243,380185,169,47698,511,62113,1009,582731,675,644844,California
San Francisco,2021-06-25,1820,1184910,1470,756677,248,380433,102,47800,653,61719,1147,583878,753,645597,California
San Francisco,2021-06-26,1396,1186306,1249,757926,66,380499,81,47881,498,61405,889,584767,575,646172,California
San Francisco,2021-06-27,553,1186859,491,758417,34,380533,28,47909,225,61335,322,585089,252,646424,California
San Francisco,2021-06-28,1484,1188343,1276,759693,115,380648,93,48002,528,61011,944,586033,620,647044,California
San Francisco,2021-06-29,1374,1189717,1054,760747,220,380868,100,48102,494,60730,869,586902,588,647632,California
San Francisco,2021-06-30,1284,1191001,1053,761800,163,381031,68,48170,499,60516,780,587682,566,648198,California
San Francisco,2021-07-01,1178,1192179,932,762732,168,381199,78,48248,476,60375,691,588373,550,648748,California
San Francisco,2021-07-02,1474,1193653,1186,763918,219,381418,69,48317,581,60142,882,589255,649,649397,California
San Francisco,2021-07-03,877,1194530,744,764662,69,381487,64,48381,329,59988,544,589799,390,649787,California
San Francisco,2021-07-04,5,1194535,3,764665,1,381488,1,48382,2,59988,3,589802,3,649790,California
San Joaquin,2020-12-15,14,14,14,14,0,0,0,0,14,14,0,0,14,14,California
San Joaquin,2020-12-16,310,324,310,324,0,0,0,0,310,324,0,0,310,324,California
San Joaquin,2020-12-17,325,649,325,649,0,0,0,0,325,649,0,0,325,649,California
San Joaquin,2020-12-18,542,1191,538,1187,4,4,0,0,542,1191,0,0,542,1191,California
San Joaquin,2020-12-19,192,1383,192,1379,0,4,0,0,192,1383,0,0,192,1383,California
San Joaquin,2020-12-20,117,1500,115,1494,2,6,0,0,117,1500,0,0,117,1500,California
San Joaquin,2020-12-21,496,1996,495,1989,1,7,0,0,496,1996,0,0,496,1996,California
San Joaquin,2020-12-22,980,2976,859,2848,121,128,0,0,979,2975,0,0,979,2975,California
San Joaquin,2020-12-23,980,3956,923,3771,57,185,0,0,978,3953,2,2,980,3955,California
San Joaquin,2020-12-24,218,4174,189,3960,29,214,0,0,217,4170,1,3,218,4173,California
San Joaquin,2020-12-25,16,4190,16,3976,0,214,0,0,16,4186,0,3,16,4189,California
San Joaquin,2020-12-26,103,4293,31,4007,72,286,0,0,103,4289,0,3,103,4292,California
San Joaquin,2020-12-27,45,4338,31,4038,14,300,0,0,45,4334,0,3,45,4337,California
San Joaquin,2020-12-28,626,4964,423,4461,203,503,0,0,626,4960,0,3,626,4963,California
San Joaquin,2020-12-29,800,5764,670,5131,130,633,0,0,800,5760,0,3,800,5763,California
San Joaquin,2020-12-30,1015,6779,721,5852,294,927,0,0,1013,6773,2,5,1015,6778,California
San Joaquin,2020-12-31,456,7235,203,6055,253,1180,0,0,456,7229,1,6,457,7235,California
San Joaquin,2021-01-01,24,7259,13,6068,11,1191,0,0,24,7253,0,6,24,7259,California
San Joaquin,2021-01-02,267,7526,244,6312,23,1214,0,0,267,7520,0,6,267,7526,California
San Joaquin,2021-01-03,37,7563,20,6332,17,1231,0,0,36,7555,1,7,36,7562,California
San Joaquin,2021-01-04,480,8043,341,6673,139,1370,0,0,478,8032,1,8,478,8040,California
San Joaquin,2021-01-05,991,9034,656,7329,335,1705,0,0,814,8708,176,184,852,8892,California
San Joaquin,2021-01-06,1232,10266,718,8047,514,2219,0,0,924,9333,303,487,928,9820,California
San Joaquin,2021-01-07,1092,11358,693,8740,399,2618,0,0,789,9822,300,787,789,10609,California
San Joaquin,2021-01-08,1217,12575,831,9571,386,3004,0,0,716,10045,499,1286,722,11331,California
San Joaquin,2021-01-09,384,12959,302,9873,82,3086,0,0,250,10163,134,1420,252,11583,California
San Joaquin,2021-01-10,226,13185,117,9990,109,3195,0,0,173,10284,52,1472,173,11756,California
San Joaquin,2021-01-11,1538,14723,1328,11318,210,3405,0,0,870,10555,667,2139,938,12694,California
San Joaquin,2021-01-12,1529,16252,1108,12426,421,3826,0,0,739,10580,786,2925,811,13505,California
San Joaquin,2021-01-13,1545,17797,903,13329,642,4468,0,0,964,10972,577,3502,969,14474,California
San Joaquin,2021-01-14,1773,19570,976,14305,797,5265,0,0,1423,12085,329,3831,1442,15916,California
San Joaquin,2021-01-15,1562,21132,553,14858,1009,6274,0,0,1319,13201,228,4059,1344,17260,California
San Joaquin,2021-01-16,1136,22268,181,15039,955,7229,0,0,1104,14274,31,4090,1104,18364,California
San Joaquin,2021-01-17,1631,23899,138,15177,1493,8722,0,0,1587,15819,44,4134,1589,19953,California
San Joaquin,2021-01-18,747,24646,240,15417,507,9229,0,0,625,16326,118,4252,625,20578,California
San Joaquin,2021-01-19,1880,26526,897,16314,983,10212,0,0,1196,16851,679,4931,1204,21782,California
San Joaquin,2021-01-20,2108,28634,1292,17606,816,11028,0,0,1456,17669,645,5576,1463,23245,California
San Joaquin,2021-01-21,1992,30626,901,18507,1091,12119,0,0,1594,18881,391,5967,1603,24848,California
San Joaquin,2021-01-22,1971,32597,900,19407,1071,13190,0,0,1829,20575,137,6104,1831,26679,California
San Joaquin,2021-01-23,906,33503,393,19800,513,13703,0,0,617,20907,287,6391,619,27298,California
San Joaquin,2021-01-24,367,33870,137,19937,230,13933,0,0,344,21231,20,6411,344,27642,California
San Joaquin,2021-01-25,2015,35885,1149,21086,866,14799,0,0,1441,22104,571,6982,1444,29086,California
San Joaquin,2021-01-26,2167,38052,1113,22199,1054,15853,0,0,1545,23043,614,7596,1553,30639,California
San Joaquin,2021-01-27,1755,39807,769,22968,986,16839,0,0,1251,23801,499,8095,1257,31896,California
San Joaquin,2021-01-28,2087,41894,782,23750,1305,18144,0,0,1418,24564,664,8759,1427,33323,California
San Joaquin,2021-01-29,2198,44092,1054,24804,1144,19288,0,0,1843,26069,348,9107,1853,35176,California
San Joaquin,2021-01-30,2185,46277,355,25159,1830,21118,0,0,2002,27891,182,9289,2004,37180,California
San Joaquin,2021-01-31,1556,47833,176,25335,1380,22498,0,0,1486,29311,68,9357,1488,38668,California
San Joaquin,2021-02-01,2519,50352,1290,26625,1229,23727,0,0,1750,30294,769,10126,1752,40420,California
San Joaquin,2021-02-02,2655,53007,1180,27805,1475,25202,0,0,2041,31786,553,10679,2045,42465,California
San Joaquin,2021-02-03,3144,56151,1238,29043,1906,27108,0,0,2266,33191,870,11549,2275,44740,California
San Joaquin,2021-02-04,3607,59758,1833,30876,1774,28882,0,0,2706,35008,895,12444,2712,47452,California
San Joaquin,2021-02-05,3213,62971,1805,32681,1408,30290,0,0,2374,36573,823,13267,2388,49840,California
San Joaquin,2021-02-06,1076,64047,725,33406,351,30641,0,0,927,37355,146,13413,928,50768,California
San Joaquin,2021-02-07,623,64670,493,33899,130,30771,0,0,417,37572,201,13614,418,51186,California
San Joaquin,2021-02-08,1885,66555,1045,34944,840,31611,0,0,1526,38769,335,13949,1532,52718,California
San Joaquin,2021-02-09,2165,68720,1149,36093,1016,32627,0,0,1609,39897,484,14433,1612,54330,California
San Joaquin,2021-02-10,2633,71353,1263,37356,1370,33997,0,0,1399,40086,1211,15644,1400,55730,California
San Joaquin,2021-02-11,2959,74312,1475,38831,1484,35481,0,0,1719,40610,1204,16848,1728,57458,California
San Joaquin,2021-02-12,2867,77179,1137,39968,1730,37211,0,0,1626,41028,1212,18060,1630,59088,California
San Joaquin,2021-02-13,2143,79322,411,40379,1732,38943,0,0,866,40640,1260,19320,872,59960,California
San Joaquin,2021-02-14,1920,81242,265,40644,1655,40598,0,0,700,40154,1187,20507,701,60661,California
San Joaquin,2021-02-15,2011,83253,842,41486,1169,41767,0,0,1205,40589,774,21281,1209,61870,California
San Joaquin,2021-02-16,3219,86472,1405,42891,1814,43581,0,0,1774,40942,1431,22712,1784,63654,California
San Joaquin,2021-02-17,3328,89800,1284,44175,2044,45625,0,0,1901,41437,1411,24123,1906,65560,California
San Joaquin,2021-02-18,3394,93194,1405,45580,1989,47614,0,0,1930,41948,1425,25548,1936,67496,California
San Joaquin,2021-02-19,4314,97508,2443,48023,1871,49485,0,0,2402,42494,1856,27404,2402,69898,California
San Joaquin,2021-02-20,1610,99118,695,48718,915,50400,0,0,1077,43042,529,27933,1077,70975,California
San Joaquin,2021-02-21,702,99820,522,49240,180,50580,0,0,430,43206,268,28201,432,71407,California
San Joaquin,2021-02-22,3646,103466,2576,51816,1070,51650,0,0,2562,44719,1053,29254,2566,73973,California
San Joaquin,2021-02-23,4389,107855,2668,54484,1721,53371,0,0,2673,45719,1679,30933,2679,76652,California
San Joaquin,2021-02-24,5857,113712,3471,57955,2386,55757,0,0,4165,48226,1662,32595,4169,80821,California
San Joaquin,2021-02-25,6452,120164,3979,61934,2473,58230,0,0,4123,50074,2285,34880,4133,84954,California
San Joaquin,2021-02-26,5584,125748,2887,64821,2697,60927,0,0,3793,52120,1753,36633,3799,88753,California
San Joaquin,2021-02-27,5513,131261,1639,66460,3873,64800,1,1,2656,51995,2792,39425,2667,91420,California
San Joaquin,2021-02-28,3123,134384,1129,67589,1994,66794,0,1,2056,53018,1036,40461,2059,93479,California
San Joaquin,2021-03-01,4321,138705,1849,69438,2469,69263,3,4,2343,53418,1956,42417,2356,95835,California
San Joaquin,2021-03-02,4277,142982,1700,71138,2577,71840,0,4,2672,54561,1582,43999,2725,98560,California
San Joaquin,2021-03-03,5878,148860,3482,74620,2394,74234,2,6,4216,57147,1631,45630,4217,102777,California
San Joaquin,2021-03-04,5777,154637,2295,76915,3479,77713,3,9,3760,58912,1999,47629,3764,106541,California
San Joaquin,2021-03-05,4542,159179,1912,78827,2625,80338,5,14,3126,60650,1397,49026,3135,109676,California
San Joaquin,2021-03-06,3342,162521,2198,81025,1014,81352,130,144,2743,62934,592,49618,2876,112552,California
San Joaquin,2021-03-07,1232,163753,572,81597,611,81963,49,193,940,63634,274,49892,974,113526,California
San Joaquin,2021-03-08,3231,166984,1288,82885,1819,83782,124,317,2102,64748,1112,51004,2226,115752,California
San Joaquin,2021-03-09,4212,171196,1874,84759,2209,85991,129,446,2684,66059,1507,52511,2818,118570,California
San Joaquin,2021-03-10,4941,176137,2541,87300,2256,88247,144,590,3455,68189,1469,53980,3599,122169,California
San Joaquin,2021-03-11,5249,181386,2475,89775,2170,90417,604,1194,2956,69472,2278,56258,3561,125730,California
San Joaquin,2021-03-12,6622,188008,3239,93014,3044,93461,339,1533,4165,71555,2426,58684,4509,130239,California
San Joaquin,2021-03-13,3255,191263,1519,94533,1610,95071,126,1659,2326,73099,917,59601,2461,132700,California
San Joaquin,2021-03-14,2180,193443,678,95211,1196,96267,306,1965,1027,73290,1146,60747,1337,134037,California
San Joaquin,2021-03-15,6155,199598,3523,98734,2224,98491,408,2373,3185,73968,2930,63677,3608,137645,California
San Joaquin,2021-03-16,6956,206554,3944,102678,2756,101247,256,2629,4090,75482,2839,66516,4353,141998,California
San Joaquin,2021-03-17,7985,214539,4742,107420,3172,104419,71,2700,4391,76409,3540,70056,4467,146465,California
San Joaquin,2021-03-18,7756,222295,4550,111970,2698,107117,508,3208,3842,76903,3861,73917,4355,150820,California
San Joaquin,2021-03-19,8040,230335,4696,116666,2800,109917,544,3752,4864,79221,3148,77065,5466,156286,California
San Joaquin,2021-03-20,3716,234051,2151,118817,1322,111239,243,3995,1829,79447,1859,78924,2085,158371,California
San Joaquin,2021-03-21,2133,236184,1511,120328,415,111654,207,4202,1154,79919,959,79883,1431,159802,California
San Joaquin,2021-03-22,4124,240308,2098,122426,1610,113264,416,4618,2472,81181,1630,81513,2892,162694,California
San Joaquin,2021-03-23,5514,245822,2698,125124,2648,115912,168,4786,3808,83486,1678,83191,3983,166677,California
San Joaquin,2021-03-24,6979,252801,4296,129420,2594,118506,89,4875,3101,82853,3829,87020,3196,169873,California
San Joaquin,2021-03-25,5723,258524,3373,132793,2304,120810,46,4921,3418,84044,2276,89296,3467,173340,California
San Joaquin,2021-03-26,6326,264850,2611,135404,3561,124371,154,5075,3328,84578,2969,92265,3503,176843,California
San Joaquin,2021-03-27,4697,269547,2641,138045,1981,126352,75,5150,1809,83612,2859,95124,1893,178736,California
San Joaquin,2021-03-28,2757,272304,1833,139878,899,127251,25,5175,1269,83548,1467,96591,1403,180139,California
San Joaquin,2021-03-29,4162,276466,2204,142082,1935,129186,23,5198,2112,83668,2031,98622,2151,182290,California
San Joaquin,2021-03-30,6371,282837,3197,145279,3081,132267,93,5291,3529,84501,2807,101429,3640,185930,California
San Joaquin,2021-03-31,6803,289640,4207,149486,2535,134802,61,5352,3483,84780,3289,104718,3568,189498,California
San Joaquin,2021-04-01,6585,296225,3022,152508,3470,138272,93,5445,2948,84274,3605,108323,3099,192597,California
San Joaquin,2021-04-02,6482,302707,2903,155411,3080,141352,499,5944,2601,83555,3850,112173,3131,195728,California
San Joaquin,2021-04-03,4224,306931,2403,157814,1495,142847,326,6270,2019,83726,2185,114358,2356,198084,California
San Joaquin,2021-04-04,2296,309227,1374,159188,716,143563,206,6476,1547,84762,737,115095,1773,199857,California
San Joaquin,2021-04-05,4872,314099,2867,162055,1765,145328,240,6716,2714,85582,2141,117236,2961,202818,California
San Joaquin,2021-04-06,7209,321308,4576,166631,2353,147681,280,6996,3451,85603,3721,120957,3742,206560,California
San Joaquin,2021-04-07,8483,329791,4594,171225,2297,149978,1592,8588,3580,85906,4876,125833,5179,211739,California
San Joaquin,2021-04-08,8932,338723,4772,175997,1994,151972,2166,10754,3386,85941,5516,131349,5551,217290,California
San Joaquin,2021-04-09,9066,347789,4407,180404,3089,155061,1570,12324,3346,85177,5692,137041,4928,222218,California
San Joaquin,2021-04-10,5264,353053,1666,182070,1688,156749,1910,14234,1789,85413,3460,140501,3696,225914,California
San Joaquin,2021-04-11,4316,357369,1785,183855,1364,158113,1167,15401,1986,86244,2316,142817,3147,229061,California
San Joaquin,2021-04-12,6179,363548,2520,186375,2107,160220,1552,16953,2442,86533,3709,146526,3998,233059,California
San Joaquin,2021-04-13,7675,371223,4414,190789,3252,163472,9,16962,4683,88268,2963,149489,4698,237757,California
San Joaquin,2021-04-14,7740,378963,3922,194711,3816,167288,2,16964,4648,89864,3066,152555,4662,242419,California
San Joaquin,2021-04-15,8044,387007,4773,199484,3271,170559,0,16964,4438,90752,3559,156114,4447,246866,California
San Joaquin,2021-04-16,7922,394929,4296,203780,3623,174182,3,16967,4768,92416,3120,159234,4784,251650,California
San Joaquin,2021-04-17,5213,400142,2834,206614,2377,176559,2,16969,3692,94621,1508,160742,3713,255363,California
San Joaquin,2021-04-18,2603,402745,1498,208112,1105,177664,0,16969,1382,94805,1204,161946,1388,256751,California
San Joaquin,2021-04-19,5332,408077,2839,210951,2492,180156,1,16970,2775,95072,2520,164466,2787,259538,California
San Joaquin,2021-04-20,6499,414576,3486,214437,3012,183168,1,16971,3052,94723,3412,167878,3063,262601,California
San Joaquin,2021-04-21,6056,420632,3448,217885,2608,185776,0,16971,3083,94903,2911,170789,3091,265692,California
San Joaquin,2021-04-22,5570,426202,3315,221200,2253,188029,2,16973,3150,95687,2385,173174,3169,268861,California
San Joaquin,2021-04-23,6216,432418,3033,224233,3182,191211,1,16974,3894,97293,2296,175470,3902,272763,California
San Joaquin,2021-04-24,5286,437704,3641,227874,1643,192854,2,16976,3436,98919,1821,177291,3447,276210,California
San Joaquin,2021-04-25,3084,440788,2598,230472,486,193340,0,16976,2049,99966,1008,178299,2055,278265,California
San Joaquin,2021-04-26,4243,445031,2740,233212,1499,194839,4,16980,2184,100121,2039,180338,2194,280459,California
San Joaquin,2021-04-27,4834,449865,2770,235982,2002,196841,62,17042,2040,99467,2764,183102,2110,282569,California
San Joaquin,2021-04-28,5872,455737,3520,239502,2272,199113,80,17122,2854,99431,2980,186082,2944,285513,California
San Joaquin,2021-04-29,5189,460926,3052,242554,2080,201193,57,17179,2626,99593,2532,188614,2694,288207,California
San Joaquin,2021-04-30,5251,466177,2592,245146,2592,203785,67,17246,2691,99825,2536,191150,2768,290975,California
San Joaquin,2021-05-01,3383,469560,1933,247079,1392,205177,58,17304,2154,100831,1218,192368,2224,293199,California
San Joaquin,2021-05-02,2312,471872,1609,248688,646,205823,57,17361,1170,100921,1138,193506,1228,294427,California
San Joaquin,2021-05-03,3423,475295,2291,250979,1052,206875,80,17441,1415,100433,1991,195497,1503,295930,California
San Joaquin,2021-05-04,5092,480387,3431,254410,1504,208379,157,17598,1857,99247,3211,198708,2025,297955,California
San Joaquin,2021-05-05,5376,485763,3722,258132,1490,209869,164,17762,2394,98865,2947,201655,2565,300520,California
San Joaquin,2021-05-06,4914,490677,3317,261449,1466,211335,131,17893,2139,98388,2758,204413,2281,302801,California
San Joaquin,2021-05-07,5351,496028,3144,264593,2055,213390,152,18045,2040,97305,3285,207698,2202,305003,California
San Joaquin,2021-05-08,3407,499435,2235,266828,1071,214461,101,18146,1286,96596,2105,209803,1396,306399,California
San Joaquin,2021-05-09,1519,500954,868,267696,581,215042,70,18216,575,96306,941,210744,651,307050,California
San Joaquin,2021-05-10,2947,503901,1562,269258,1260,216302,125,18341,946,95398,1984,212728,1076,308126,California
San Joaquin,2021-05-11,4276,508177,2233,271491,1920,218222,123,18464,1297,93888,2961,215689,1451,309577,California
San Joaquin,2021-05-12,4525,512702,2156,273647,2243,220465,126,18590,1398,92318,3105,218794,1535,311112,California
San Joaquin,2021-05-13,4895,517597,2881,276528,1924,222389,90,18680,1876,91295,3003,221797,1980,313092,California
San Joaquin,2021-05-14,5924,523521,3568,280096,2248,224637,108,18788,2439,90393,3455,225252,2553,315645,California
San Joaquin,2021-05-15,5267,528788,3141,283237,2045,226682,81,18869,1654,88550,3582,228834,1739,317384,California
San Joaquin,2021-05-16,3627,532415,2853,286090,725,227407,49,18918,1473,87940,2140,230974,1530,318914,California
San Joaquin,2021-05-17,4180,536595,2506,288596,1577,228984,97,19015,1793,87471,2369,233343,1900,320814,California
San Joaquin,2021-05-18,4010,540605,2320,290916,1575,230559,115,19130,1862,87321,2130,235473,1980,322794,California
San Joaquin,2021-05-19,4795,545400,2795,293711,1865,232424,135,19265,2025,86752,2739,238212,2170,324964,California
San Joaquin,2021-05-20,4016,549416,2406,296117,1505,233929,105,19370,1733,86336,2257,240469,1841,326805,California
San Joaquin,2021-05-21,5099,554515,2998,299115,1979,235908,122,19492,2309,86019,2758,243227,2441,329246,California
San Joaquin,2021-05-22,4068,558583,2552,301667,1421,237329,95,19587,1815,85702,2238,245465,1921,331167,California
San Joaquin,2021-05-23,2542,561125,2087,303754,411,237740,44,19631,1469,86158,1061,246526,1517,332684,California
San Joaquin,2021-05-24,3105,564230,1823,305577,1189,238929,93,19724,1449,86065,1640,248166,1547,334231,California
San Joaquin,2021-05-25,3139,567369,1954,307531,1037,239966,148,19872,1449,85994,1669,249835,1598,335829,California
San Joaquin,2021-05-26,3934,571303,2424,309955,1435,241401,75,19947,1599,85353,2318,252153,1677,337506,California
San Joaquin,2021-05-27,3149,574452,1717,311672,1347,242748,85,20032,1281,84870,1851,254004,1368,338874,California
San Joaquin,2021-05-28,3145,577597,1683,313355,1370,244118,92,20124,1458,84767,1662,255666,1559,340433,California
San Joaquin,2021-05-29,2150,579747,1188,314543,926,245044,36,20160,916,84494,1229,256895,956,341389,California
San Joaquin,2021-05-30,977,580724,523,315066,428,245472,26,20186,399,84350,572,257467,428,341817,California
San Joaquin,2021-05-31,621,581345,260,315326,354,245826,7,20193,235,84211,381,257848,242,342059,California
San Joaquin,2021-06-01,2481,583826,1497,316823,887,246713,97,20290,1181,84205,1290,259138,1284,343343,California
San Joaquin,2021-06-02,2740,586566,1621,318444,1065,247778,54,20344,1137,83812,1587,260725,1194,344537,California
San Joaquin,2021-06-03,2858,589424,1765,320209,1035,248813,58,20402,1058,83150,1782,262507,1120,345657,California
San Joaquin,2021-06-04,3157,592581,1938,322147,1114,249927,105,20507,1062,82251,2067,264574,1168,346825,California
San Joaquin,2021-06-05,2519,595100,1917,324064,536,250463,66,20573,1149,82191,1279,265853,1219,348044,California
San Joaquin,2021-06-06,1099,596199,884,324948,178,250641,37,20610,427,82003,653,266506,465,348509,California
San Joaquin,2021-06-07,2835,599034,2103,327051,691,251332,41,20651,974,81174,1853,268359,1024,349533,California
San Joaquin,2021-06-08,2777,601811,2105,329156,627,251959,45,20696,872,80206,1888,270247,920,350453,California
San Joaquin,2021-06-09,2881,604692,2013,331169,824,252783,44,20740,991,79370,1872,272119,1036,351489,California
San Joaquin,2021-06-10,2675,607367,1945,333114,664,253447,66,20806,1002,78774,1668,273787,1072,352561,California
San Joaquin,2021-06-11,2970,610337,2055,335169,798,254245,117,20923,971,77873,1990,275777,1089,353650,California
San Joaquin,2021-06-12,1861,612198,1401,336570,429,254674,31,20954,629,77329,1225,277002,681,354331,California
San Joaquin,2021-06-13,1076,613274,826,337396,202,254876,48,21002,497,77301,575,277577,547,354878,California
San Joaquin,2021-06-14,2218,615492,1491,338887,655,255531,72,21074,930,77028,1277,278854,1004,355882,California
San Joaquin,2021-06-15,2245,617737,1498,340385,670,256201,77,21151,870,76616,1362,280216,950,356832,California
San Joaquin,2021-06-16,2783,620520,2016,342401,685,256886,82,21233,909,75748,1858,282074,990,357822,California
San Joaquin,2021-06-17,2621,623141,1864,344265,694,257580,63,21296,888,74979,1720,283794,951,358773,California
San Joaquin,2021-06-18,2767,625908,1815,346080,876,258456,76,21372,1147,74595,1608,285402,1224,359997,California
San Joaquin,2021-06-19,1396,627304,869,346949,267,258723,260,21632,500,74467,889,286291,761,360758,California
San Joaquin,2021-06-20,655,627959,517,347466,112,258835,26,21658,290,74423,359,286650,315,361073,California
San Joaquin,2021-06-21,1619,629578,955,348421,555,259390,109,21767,818,74556,794,287444,927,362000,California
San Joaquin,2021-06-22,1896,631474,1250,349671,575,259965,71,21838,813,74366,1072,288516,882,362882,California
San Joaquin,2021-06-23,1971,633445,1296,350967,598,260563,77,21915,770,74031,1182,289698,847,363729,California
San Joaquin,2021-06-24,1972,635417,1343,352310,535,261098,94,22009,872,73957,1039,290737,965,364694,California
San Joaquin,2021-06-25,1722,637139,1100,353410,544,261642,78,22087,763,73847,951,291688,841,365535,California
San Joaquin,2021-06-26,1072,638211,802,354212,219,261861,51,22138,517,73865,551,292239,569,366104,California
San Joaquin,2021-06-27,569,638780,430,354642,99,261960,40,22178,264,73868,301,292540,304,366408,California
San Joaquin,2021-06-28,1449,640229,1021,355663,359,262319,69,22247,661,73841,757,293297,730,367138,California
San Joaquin,2021-06-29,1435,641664,905,356568,459,262778,71,22318,645,73774,782,294079,715,367853,California
San Joaquin,2021-06-30,1493,643157,1019,357587,404,263182,70,22388,634,73628,853,294932,707,368560,California
San Joaquin,2021-07-01,1548,644705,1068,358655,392,263574,88,22476,663,73502,875,295807,749,369309,California
San Joaquin,2021-07-02,1531,646236,1058,359713,422,263996,51,22527,703,73435,822,296629,755,370064,California
San Joaquin,2021-07-03,692,646928,500,360213,165,264161,27,22554,380,73531,311,296940,407,370471,California
San Joaquin,2021-07-04,120,647048,76,360289,33,264194,11,22565,53,73528,67,297007,64,370535,California
San Luis Obispo,2020-12-16,4,4,4,4,0,0,0,0,4,4,0,0,4,4,California
San Luis Obispo,2020-12-17,196,200,196,200,0,0,0,0,196,200,0,0,196,200,California
San Luis Obispo,2020-12-18,224,424,224,424,0,0,0,0,224,424,0,0,224,424,California
San Luis Obispo,2020-12-19,164,588,164,588,0,0,0,0,164,588,0,0,164,588,California
San Luis Obispo,2020-12-20,215,803,215,803,0,0,0,0,215,803,0,0,215,803,California
San Luis Obispo,2020-12-21,550,1353,549,1352,1,1,0,0,550,1353,0,0,550,1353,California
San Luis Obispo,2020-12-22,309,1662,305,1657,4,5,0,0,309,1662,0,0,309,1662,California
San Luis Obispo,2020-12-23,681,2343,367,2024,314,319,0,0,681,2343,0,0,681,2343,California
San Luis Obispo,2020-12-24,194,2537,19,2043,175,494,0,0,194,2537,0,0,194,2537,California
San Luis Obispo,2020-12-25,2,2539,1,2044,1,495,0,0,2,2539,0,0,2,2539,California
San Luis Obispo,2020-12-26,90,2629,13,2057,77,572,0,0,90,2629,0,0,90,2629,California
San Luis Obispo,2020-12-27,76,2705,0,2057,76,648,0,0,76,2705,0,0,76,2705,California
San Luis Obispo,2020-12-28,878,3583,429,2486,449,1097,0,0,878,3583,0,0,878,3583,California
San Luis Obispo,2020-12-29,904,4487,505,2991,399,1496,0,0,904,4487,0,0,904,4487,California
San Luis Obispo,2020-12-30,1172,5659,679,3670,493,1989,0,0,1172,5659,0,0,1172,5659,California
San Luis Obispo,2020-12-31,109,5768,4,3674,105,2094,0,0,109,5768,0,0,109,5768,California
San Luis Obispo,2021-01-01,18,5786,11,3685,7,2101,0,0,18,5786,0,0,18,5786,California
San Luis Obispo,2021-01-02,34,5820,8,3693,26,2127,0,0,34,5820,0,0,34,5820,California
San Luis Obispo,2021-01-03,17,5837,6,3699,11,2138,0,0,17,5837,0,0,17,5837,California
San Luis Obispo,2021-01-04,681,6518,525,4224,156,2294,0,0,681,6518,0,0,681,6518,California
San Luis Obispo,2021-01-05,975,7493,755,4979,220,2514,0,0,972,7487,3,3,972,7490,California
San Luis Obispo,2021-01-06,728,8221,481,5460,247,2761,0,0,720,8200,7,10,720,8210,California
San Luis Obispo,2021-01-07,1122,9343,946,6406,176,2937,0,0,679,8436,443,453,679,8889,California
San Luis Obispo,2021-01-08,884,10227,803,7209,81,3018,0,0,515,8583,368,821,515,9404,California
San Luis Obispo,2021-01-09,205,10432,195,7404,10,3028,0,0,28,8434,177,998,28,9432,California
San Luis Obispo,2021-01-10,12,10444,8,7412,4,3032,0,0,8,8438,4,1002,8,9440,California
San Luis Obispo,2021-01-11,562,11006,511,7923,51,3083,0,0,298,8473,263,1265,298,9738,California
San Luis Obispo,2021-01-12,600,11606,382,8305,218,3301,0,0,319,8511,281,1546,319,10057,California
San Luis Obispo,2021-01-13,888,12494,260,8565,628,3929,0,0,650,8925,236,1782,650,10707,California
San Luis Obispo,2021-01-14,727,13221,239,8804,488,4417,0,0,605,9417,113,1895,605,11312,California
San Luis Obispo,2021-01-15,734,13955,293,9097,441,4858,0,0,555,9798,174,2069,555,11867,California
San Luis Obispo,2021-01-16,102,14057,82,9179,20,4878,0,0,96,9888,6,2075,96,11963,California
San Luis Obispo,2021-01-17,63,14120,56,9235,7,4885,0,0,63,9951,0,2075,63,12026,California
San Luis Obispo,2021-01-18,1372,15492,391,9626,981,5866,0,0,1108,10795,264,2339,1108,13134,California
San Luis Obispo,2021-01-19,1585,17077,418,10044,1167,7033,0,0,1174,11559,411,2750,1175,14309,California
San Luis Obispo,2021-01-20,1894,18971,602,10646,1292,8325,0,0,1301,12270,591,3341,1302,15611,California
San Luis Obispo,2021-01-21,1579,20550,470,11116,1109,9434,0,0,1207,13110,368,3709,1208,16819,California
San Luis Obispo,2021-01-22,1523,22073,508,11624,1015,10449,0,0,1207,14003,314,4023,1207,18026,California
San Luis Obispo,2021-01-23,309,22382,290,11914,19,10468,0,0,293,14280,16,4039,293,18319,California
San Luis Obispo,2021-01-24,441,22823,233,12147,208,10676,0,0,435,14708,7,4046,435,18754,California
San Luis Obispo,2021-01-25,2074,24897,601,12748,1473,12149,0,0,1244,15122,830,4876,1244,19998,California
San Luis Obispo,2021-01-26,2004,26901,705,13453,1299,13448,0,0,1140,15398,864,5740,1140,21138,California
San Luis Obispo,2021-01-27,1607,28508,280,13733,1327,14775,0,0,1148,16087,459,6199,1148,22286,California
San Luis Obispo,2021-01-28,1495,30003,342,14075,1153,15928,0,0,1231,17056,262,6461,1231,23517,California
San Luis Obispo,2021-01-29,1748,31751,690,14765,1058,16986,0,0,1457,18222,291,6752,1457,24974,California
San Luis Obispo,2021-01-30,41,31792,19,14784,22,17008,0,0,29,18240,11,6763,29,25003,California
San Luis Obispo,2021-01-31,235,32027,19,14803,216,17224,0,0,233,18471,2,6765,233,25236,California
San Luis Obispo,2021-02-01,1711,33738,742,15545,969,18193,0,0,1405,19571,305,7070,1405,26641,California
San Luis Obispo,2021-02-02,1904,35642,679,16224,1225,19418,0,0,1526,20720,378,7448,1527,28168,California
San Luis Obispo,2021-02-03,1711,37353,728,16952,983,20401,0,0,1294,21597,417,7865,1294,29462,California
San Luis Obispo,2021-02-04,1664,39017,804,17756,860,21261,0,0,1097,22127,567,8432,1097,30559,California
San Luis Obispo,2021-02-05,1611,40628,717,18473,894,22155,0,0,1065,22646,547,8979,1066,31625,California
San Luis Obispo,2021-02-06,179,40807,108,18581,71,22226,0,0,98,22664,80,9059,98,31723,California
San Luis Obispo,2021-02-07,124,40931,79,18660,45,22271,0,0,72,22685,52,9111,73,31796,California
San Luis Obispo,2021-02-08,866,41797,473,19133,393,22664,0,0,501,22822,364,9475,501,32297,California
San Luis Obispo,2021-02-09,1127,42924,448,19581,679,23343,0,0,545,22798,576,10051,552,32849,California
San Luis Obispo,2021-02-10,1443,44367,493,20074,950,24293,0,0,528,22416,913,10964,531,33380,California
San Luis Obispo,2021-02-11,1336,45703,846,20920,490,24783,0,0,660,22402,674,11638,660,34040,California
San Luis Obispo,2021-02-12,781,46484,361,21281,420,25203,0,0,415,22451,366,12004,415,34455,California
San Luis Obispo,2021-02-13,395,46879,131,21412,264,25467,0,0,287,22631,107,12111,287,34742,California
San Luis Obispo,2021-02-14,323,47202,44,21456,279,25746,0,0,284,22877,39,12150,285,35027,California
San Luis Obispo,2021-02-15,730,47932,138,21594,592,26338,0,0,475,23098,254,12404,475,35502,California
San Luis Obispo,2021-02-16,2991,50923,1198,22792,1793,28131,0,0,1366,22839,1625,14029,1366,36868,California
San Luis Obispo,2021-02-17,2796,53719,1248,24040,1548,29679,0,0,1027,22106,1760,15789,1027,37895,California
San Luis Obispo,2021-02-18,2843,56562,1469,25509,1374,31053,0,0,1136,21545,1698,17487,1137,39032,California
San Luis Obispo,2021-02-19,1476,58038,1353,26862,123,31176,0,0,1142,22355,332,17819,1142,40174,California
San Luis Obispo,2021-02-20,261,58299,88,26950,173,31349,0,0,222,22538,39,17858,222,40396,California
San Luis Obispo,2021-02-21,57,58356,53,27003,4,31353,0,0,32,22545,25,17883,32,40428,California
San Luis Obispo,2021-02-22,2431,60787,1880,28883,551,31904,0,0,1471,23059,958,18841,1472,41900,California
San Luis Obispo,2021-02-23,1866,62653,1750,30633,116,32020,0,0,1366,23928,498,19339,1367,43267,California
San Luis Obispo,2021-02-24,2660,65313,1308,31941,1352,33372,0,0,836,22943,1821,21160,836,44103,California
San Luis Obispo,2021-02-25,2134,67447,1244,33185,890,34262,0,0,1208,23233,919,22079,1209,45312,California
San Luis Obispo,2021-02-26,2652,70099,1150,34335,1502,35764,0,0,1331,23253,1311,23390,1331,46643,California
San Luis Obispo,2021-02-27,585,70684,354,34689,231,35995,0,0,528,23725,56,23446,528,47171,California
San Luis Obispo,2021-02-28,594,71278,67,34756,527,36522,0,0,163,23459,429,23875,163,47334,California
San Luis Obispo,2021-03-01,3011,74289,1879,36635,1130,37652,2,2,2078,24607,933,24808,2081,49415,California
San Luis Obispo,2021-03-02,3064,77353,1921,38556,1143,38795,0,2,1903,25355,1156,25964,1904,51319,California
San Luis Obispo,2021-03-03,2351,79704,345,38901,2006,40801,0,2,856,24723,1489,27453,857,52176,California
San Luis Obispo,2021-03-04,2205,81909,1161,40062,1044,41845,0,2,1185,24893,1017,28470,1187,53363,California
San Luis Obispo,2021-03-05,2304,84213,1021,41083,1213,43058,70,72,1296,25265,994,29464,1366,54729,California
San Luis Obispo,2021-03-06,841,85054,312,41395,421,43479,108,180,618,25762,223,29687,720,55449,California
San Luis Obispo,2021-03-07,202,85256,34,41429,84,43563,84,264,78,25797,123,29810,158,55607,California
San Luis Obispo,2021-03-08,2738,87994,759,42188,1661,45224,318,582,1542,26465,1191,31001,1859,57466,California
San Luis Obispo,2021-03-09,2965,90959,975,43163,1742,46966,248,830,1534,26821,1427,32428,1783,59249,California
San Luis Obispo,2021-03-10,3202,94161,1241,44404,1679,48645,282,1112,1823,27549,1375,33803,2103,61352,California
San Luis Obispo,2021-03-11,3354,97515,1323,45727,1708,50353,323,1435,1811,28153,1531,35334,2135,63487,California
San Luis Obispo,2021-03-12,3220,100735,1240,46967,1642,51995,338,1773,1625,28529,1588,36922,1964,65451,California
San Luis Obispo,2021-03-13,912,101647,263,47230,539,52534,110,1883,542,28809,369,37291,649,66100,California
San Luis Obispo,2021-03-14,518,102165,56,47286,351,52885,111,1994,136,28676,380,37671,247,66347,California
San Luis Obispo,2021-03-15,3069,105234,1104,48390,1864,54749,101,2095,1530,28774,1536,39207,1634,67981,California
San Luis Obispo,2021-03-16,2858,108092,1510,49900,1238,55987,110,2205,1442,28915,1409,40616,1550,69531,California
San Luis Obispo,2021-03-17,3460,111552,1447,51347,1751,57738,262,2467,2007,29743,1440,42056,2268,71799,California
San Luis Obispo,2021-03-18,2833,114385,1450,52797,1169,58907,214,2681,1357,29843,1469,43525,1569,73368,California
San Luis Obispo,2021-03-19,2600,116985,1573,54370,705,59612,322,3003,964,29505,1626,45151,1288,74656,California
San Luis Obispo,2021-03-20,842,117827,502,54872,303,59915,37,3040,386,29473,455,45606,423,75079,California
San Luis Obispo,2021-03-21,190,118017,45,54917,141,60056,4,3044,160,29607,29,45635,163,75242,California
San Luis Obispo,2021-03-22,2763,120780,1176,56093,1539,61595,48,3092,1928,30752,831,46466,1976,77218,California
San Luis Obispo,2021-03-23,3352,124132,2230,58323,1093,62688,29,3121,2224,31882,1123,47589,2253,79471,California
San Luis Obispo,2021-03-24,3587,127719,2197,60520,1305,63993,85,3206,2674,33733,907,48496,2758,82229,California
San Luis Obispo,2021-03-25,3730,131449,2339,62859,1379,65372,12,3218,2673,35365,1052,49548,2684,84913,California
San Luis Obispo,2021-03-26,3336,134785,1816,64675,1048,66420,472,3690,1861,36229,1469,51017,2333,87246,California
San Luis Obispo,2021-03-27,1007,135792,508,65183,408,66828,91,3781,452,36219,553,51570,543,87789,California
San Luis Obispo,2021-03-28,621,136413,155,65338,410,67238,56,3837,417,36490,203,51773,474,88263,California
San Luis Obispo,2021-03-29,2635,139048,1323,66661,1179,68417,133,3970,1684,37373,935,52708,1818,90081,California
San Luis Obispo,2021-03-30,3540,142588,1943,68604,1456,69873,141,4111,2344,38668,1189,53897,2484,92565,California
San Luis Obispo,2021-03-31,3900,146488,2481,71085,1270,71143,149,4260,2507,39940,1382,55279,2654,95219,California
San Luis Obispo,2021-04-01,3916,150404,2485,73570,1313,72456,118,4378,2724,41605,1175,56454,2840,98059,California
San Luis Obispo,2021-04-02,1759,152163,691,74261,753,73209,315,4693,956,42074,800,57254,1269,99328,California
San Luis Obispo,2021-04-03,1113,153276,556,74817,430,73639,127,4820,494,42081,614,57868,621,99949,California
San Luis Obispo,2021-04-04,388,153664,134,74951,214,73853,40,4860,241,42215,147,58015,281,100230,California
San Luis Obispo,2021-04-05,3644,157308,1946,76897,1585,75438,113,4973,2040,42767,1600,59615,2152,102382,California
San Luis Obispo,2021-04-06,4174,161482,2208,79105,1642,77080,324,5297,1987,42899,2178,61793,2310,104692,California
San Luis Obispo,2021-04-07,4320,165802,2351,81456,1602,78682,367,5664,2475,43908,1829,63622,2838,107530,California
San Luis Obispo,2021-04-08,3999,169801,2193,83649,1398,80080,408,6072,2136,44598,1854,65476,2544,110074,California
San Luis Obispo,2021-04-09,3687,173488,1754,85403,1172,81252,761,6833,1506,44690,2169,67645,2261,112335,California
San Luis Obispo,2021-04-10,1701,175189,571,85974,460,81712,670,7503,501,44660,1197,68842,1167,113502,California
San Luis Obispo,2021-04-11,317,175506,64,86038,186,81898,67,7570,126,44664,189,69031,193,113695,California
San Luis Obispo,2021-04-12,3430,178936,1722,87760,1545,83443,163,7733,1418,44234,2010,71041,1580,115275,California
San Luis Obispo,2021-04-13,3760,182696,2172,89932,1587,85030,1,7734,2009,44497,1748,72789,2011,117286,California
San Luis Obispo,2021-04-14,3605,186301,2064,91996,1536,86566,5,7739,1758,44430,1829,74618,1762,119048,California
San Luis Obispo,2021-04-15,3792,190093,2469,94465,1322,87888,1,7740,2019,44700,1751,76369,2021,121069,California
San Luis Obispo,2021-04-16,3680,193773,2245,96710,1431,89319,4,7744,1770,44572,1900,78269,1772,122841,California
San Luis Obispo,2021-04-17,1096,194869,434,97144,660,89979,2,7746,712,44903,383,78652,714,123555,California
San Luis Obispo,2021-04-18,328,195197,104,97248,223,90202,1,7747,115,44809,209,78861,115,123670,California
San Luis Obispo,2021-04-19,3214,198411,1356,98604,1820,92022,38,7785,1102,43844,2106,80967,1141,124811,California
San Luis Obispo,2021-04-20,3658,202069,2031,100635,1627,93649,0,7785,1340,42877,2307,83274,1340,126151,California
San Luis Obispo,2021-04-21,4005,206074,1848,102483,2157,95806,0,7785,1605,42106,2379,85653,1608,127759,California
San Luis Obispo,2021-04-22,4637,210711,2081,104564,2556,98362,0,7785,1412,40315,3205,88858,1414,129173,California
San Luis Obispo,2021-04-23,1442,212153,837,105401,601,98963,4,7789,722,40326,716,89574,727,129900,California
San Luis Obispo,2021-04-24,1082,213235,439,105840,624,99587,19,7808,507,40270,582,90156,526,130426,California
San Luis Obispo,2021-04-25,518,213753,163,106003,355,99942,0,7808,114,39985,399,90555,114,130540,California
San Luis Obispo,2021-04-26,1085,214838,396,106399,671,100613,18,7826,399,39727,674,91229,416,130956,California
San Luis Obispo,2021-04-27,3928,218766,1994,108393,1855,102468,79,7905,1528,38941,2392,93621,1606,132562,California
San Luis Obispo,2021-04-28,3821,222587,2109,110502,1640,104108,72,7977,1338,37880,2471,96092,1410,133972,California
San Luis Obispo,2021-04-29,3732,226319,2128,112630,1537,105645,67,8044,1247,36727,2468,98560,1315,135287,California
San Luis Obispo,2021-04-30,3003,229322,1685,114315,1244,106889,74,8118,916,35651,2065,100625,989,136276,California
San Luis Obispo,2021-05-01,478,229800,164,114479,279,107168,35,8153,103,35417,371,100996,137,136413,California
San Luis Obispo,2021-05-02,172,229972,53,114532,99,107267,20,8173,43,35351,129,101125,63,136476,California
San Luis Obispo,2021-05-03,891,230863,286,114818,494,107761,111,8284,223,35017,666,101791,332,136808,California
San Luis Obispo,2021-05-04,2976,233839,1922,116740,983,108744,71,8355,874,33864,2095,103886,942,137750,California
San Luis Obispo,2021-05-05,2862,236701,1878,118618,917,109661,67,8422,675,32432,2174,106060,742,138492,California
San Luis Obispo,2021-05-06,2845,239546,1914,120532,867,110528,64,8486,722,31114,2104,108164,786,139278,California
San Luis Obispo,2021-05-07,2366,241912,1775,122307,523,111051,68,8554,597,30030,1750,109914,666,139944,California
San Luis Obispo,2021-05-08,606,242518,343,122650,239,111290,24,8578,204,29875,383,110297,228,140172,California
San Luis Obispo,2021-05-09,165,242683,42,122692,104,111394,19,8597,45,29820,119,110416,64,140236,California
San Luis Obispo,2021-05-10,733,243416,158,122850,523,111917,52,8649,157,29456,571,110987,207,140443,California
San Luis Obispo,2021-05-11,1218,244634,598,123448,545,112462,75,8724,382,29083,830,111817,457,140900,California
San Luis Obispo,2021-05-12,2511,247145,1612,125060,816,113278,83,8807,693,28058,1801,113618,776,141676,California
San Luis Obispo,2021-05-13,1185,248330,717,125777,406,113684,62,8869,488,27916,691,114309,549,142225,California
San Luis Obispo,2021-05-14,2270,250600,1649,127426,569,114253,52,8921,936,27587,1316,115625,987,143212,California
San Luis Obispo,2021-05-15,988,251588,455,127881,499,114752,34,8955,462,27561,523,116148,497,143709,California
San Luis Obispo,2021-05-16,310,251898,166,128047,138,114890,6,8961,176,27610,133,116281,182,143891,California
San Luis Obispo,2021-05-17,1689,253587,978,129025,651,115541,60,9021,669,27329,1011,117292,730,144621,California
San Luis Obispo,2021-05-18,1908,255495,1161,130186,714,116255,33,9054,723,26907,1179,118471,757,145378,California
San Luis Obispo,2021-05-19,1460,256955,624,130810,773,117028,63,9117,405,26326,1048,119519,467,145845,California
San Luis Obispo,2021-05-20,1148,258103,498,131308,613,117641,37,9154,338,25902,799,120318,375,146220,California
San Luis Obispo,2021-05-21,1110,259213,573,131881,492,118133,45,9199,510,25867,590,120908,555,146775,California
San Luis Obispo,2021-05-22,682,259895,325,132206,334,118467,23,9222,340,25895,335,121243,363,147138,California
San Luis Obispo,2021-05-23,147,260042,69,132275,72,118539,6,9228,52,25859,94,121337,58,147196,California
San Luis Obispo,2021-05-24,569,260611,262,132537,267,118806,40,9268,200,25733,366,121703,240,147436,California
San Luis Obispo,2021-05-25,881,261492,429,132966,424,119230,28,9296,345,25577,528,122231,372,147808,California
San Luis Obispo,2021-05-26,2145,263637,993,133959,1097,120327,55,9351,664,24821,1474,123705,718,148526,California
San Luis Obispo,2021-05-27,1882,265519,668,134627,1182,121509,32,9383,491,23958,1385,125090,522,149048,California
San Luis Obispo,2021-05-28,921,266440,468,135095,426,121935,27,9410,482,24030,437,125527,509,149557,California
San Luis Obispo,2021-05-29,378,266818,153,135248,214,122149,11,9421,208,24081,169,125696,220,149777,California
San Luis Obispo,2021-05-30,88,266906,35,135283,45,122194,8,9429,34,24069,53,125749,41,149818,California
San Luis Obispo,2021-05-31,41,266947,5,135288,23,122217,13,9442,16,24073,24,125773,28,149846,California
San Luis Obispo,2021-06-01,756,267703,325,135613,400,122617,31,9473,270,23892,482,126255,301,150147,California
San Luis Obispo,2021-06-02,640,268343,287,135900,311,122928,42,9515,184,23668,449,126704,225,150372,California
San Luis Obispo,2021-06-03,917,269260,454,136354,431,123359,32,9547,253,23291,662,127366,285,150657,California
San Luis Obispo,2021-06-04,2487,271747,1526,137880,919,124278,42,9589,707,22271,1767,129133,747,151404,California
San Luis Obispo,2021-06-05,667,272414,288,138168,359,124637,20,9609,324,22273,342,129475,344,151748,California
San Luis Obispo,2021-06-06,186,272600,132,138300,45,124682,9,9618,47,22190,139,129614,56,151804,California
San Luis Obispo,2021-06-07,547,273147,358,138658,148,124830,41,9659,154,21994,391,130005,195,151999,California
San Luis Obispo,2021-06-08,808,273955,524,139182,243,125073,41,9700,243,21717,561,130566,284,152283,California
San Luis Obispo,2021-06-09,639,274594,355,139537,253,125326,31,9731,187,21486,449,131015,218,152501,California
San Luis Obispo,2021-06-10,753,275347,362,139899,352,125678,39,9770,219,21212,532,131547,258,152759,California
San Luis Obispo,2021-06-11,938,276285,540,140439,362,126040,36,9806,340,20995,594,132141,377,153136,California
San Luis Obispo,2021-06-12,392,276677,268,140707,121,126161,3,9809,167,20941,224,132365,170,153306,California
San Luis Obispo,2021-06-13,162,276839,93,140800,66,126227,3,9812,44,20871,117,132482,47,153353,California
San Luis Obispo,2021-06-14,455,277294,298,141098,126,126353,31,9843,129,20706,323,132805,158,153511,California
San Luis Obispo,2021-06-15,640,277934,397,141495,205,126558,38,9881,237,20581,399,133204,274,153785,California
San Luis Obispo,2021-06-16,625,278559,365,141860,225,126783,35,9916,180,20357,438,133642,214,153999,California
San Luis Obispo,2021-06-17,597,279156,340,142200,231,127014,26,9942,196,20179,400,134042,222,154221,California
San Luis Obispo,2021-06-18,789,279945,506,142706,237,127251,46,9988,279,19999,506,134548,326,154547,California
San Luis Obispo,2021-06-19,266,280211,151,142857,101,127352,14,10002,100,19949,164,134712,114,154661,California
San Luis Obispo,2021-06-20,110,280321,73,142930,29,127381,8,10010,45,19938,64,134776,53,154714,California
San Luis Obispo,2021-06-21,351,280672,222,143152,103,127484,26,10036,154,19923,195,134971,180,154894,California
San Luis Obispo,2021-06-22,622,281294,363,143515,227,127711,32,10068,277,19889,343,135314,309,155203,California
San Luis Obispo,2021-06-23,495,281789,272,143787,203,127914,20,10088,238,19890,257,135571,258,155461,California
San Luis Obispo,2021-06-24,468,282257,262,144049,180,128094,26,10114,204,19860,260,135831,230,155691,California
San Luis Obispo,2021-06-25,527,282784,212,144261,293,128387,22,10136,210,19779,311,136142,230,155921,California
San Luis Obispo,2021-06-26,272,283056,147,144408,107,128494,18,10154,119,19762,153,136295,136,156057,California
San Luis Obispo,2021-06-27,146,283202,94,144502,47,128541,5,10159,76,19774,69,136364,81,156138,California
San Luis Obispo,2021-06-28,341,283543,245,144747,80,128621,16,10175,130,19711,208,136572,145,156283,California
San Luis Obispo,2021-06-29,483,284026,315,145062,152,128773,16,10191,204,19657,274,136846,220,156503,California
San Luis Obispo,2021-06-30,439,284465,243,145305,158,128931,38,10229,163,19583,274,137120,200,156703,California
San Luis Obispo,2021-07-01,460,284925,307,145612,138,129069,15,10244,208,19556,250,137370,223,156926,California
San Luis Obispo,2021-07-02,427,285352,207,145819,200,129269,20,10264,175,19503,248,137618,195,157121,California
San Luis Obispo,2021-07-03,421,285773,178,145997,238,129507,5,10269,120,19330,299,137917,126,157247,California
San Luis Obispo,2021-07-04,16,285789,5,146002,11,129518,0,10269,4,19322,12,137929,4,157251,California
San Mateo,2020-12-15,27,27,27,27,0,0,0,0,27,27,0,0,27,27,California
San Mateo,2020-12-16,113,140,113,140,0,0,0,0,113,140,0,0,113,140,California
San Mateo,2020-12-17,172,312,172,312,0,0,0,0,172,312,0,0,172,312,California
San Mateo,2020-12-18,776,1088,774,1086,2,2,0,0,776,1088,0,0,776,1088,California
San Mateo,2020-12-19,517,1605,517,1603,0,2,0,0,517,1605,0,0,517,1605,California
San Mateo,2020-12-20,504,2109,503,2106,1,3,0,0,504,2109,0,0,504,2109,California
San Mateo,2020-12-21,1145,3254,1144,3250,1,4,0,0,1145,3254,0,0,1145,3254,California
San Mateo,2020-12-22,1524,4778,1516,4766,8,12,0,0,1523,4776,1,1,1523,4777,California
San Mateo,2020-12-23,1568,6346,1378,6144,190,202,0,0,1568,6344,0,1,1568,6345,California
San Mateo,2020-12-24,870,7216,612,6756,258,460,0,0,870,7214,0,1,870,7215,California
San Mateo,2020-12-25,113,7329,109,6865,4,464,0,0,113,7327,0,1,113,7328,California
San Mateo,2020-12-26,559,7888,417,7282,142,606,0,0,559,7886,0,1,559,7887,California
San Mateo,2020-12-27,303,8191,172,7454,131,737,0,0,303,8189,0,1,303,8190,California
San Mateo,2020-12-28,1060,9251,710,8164,350,1087,0,0,1060,9249,0,1,1060,9250,California
San Mateo,2020-12-29,1138,10389,715,8879,423,1510,0,0,1138,10387,0,1,1138,10388,California
San Mateo,2020-12-30,1267,11656,764,9643,503,2013,0,0,1267,11654,0,1,1267,11655,California
San Mateo,2020-12-31,706,12362,228,9871,478,2491,0,0,705,12358,1,2,705,12360,California
San Mateo,2021-01-01,111,12473,75,9946,36,2527,0,0,111,12469,0,2,111,12471,California
San Mateo,2021-01-02,399,12872,273,10219,126,2653,0,0,399,12868,0,2,399,12870,California
San Mateo,2021-01-03,284,13156,209,10428,75,2728,0,0,281,13146,3,5,281,13151,California
San Mateo,2021-01-04,1052,14208,678,11106,374,3102,0,0,1052,14198,0,5,1052,14203,California
San Mateo,2021-01-05,1217,15425,715,11821,502,3604,0,0,1184,15350,33,38,1185,15388,California
San Mateo,2021-01-06,1458,16883,958,12779,500,4104,0,0,1263,16422,192,230,1264,16652,California
San Mateo,2021-01-07,1463,18346,816,13595,647,4751,0,0,1154,17274,302,532,1154,17806,California
San Mateo,2021-01-08,1852,20198,1199,14794,653,5404,0,0,1138,17705,707,1239,1138,18944,California
San Mateo,2021-01-09,1178,21376,780,15574,398,5802,0,0,716,17959,462,1701,716,19660,California
San Mateo,2021-01-10,711,22087,580,16154,131,5933,0,0,270,17788,441,2142,270,19930,California
San Mateo,2021-01-11,2620,24707,1512,17666,1108,7041,0,0,1541,18252,1079,3221,1543,21473,California
San Mateo,2021-01-12,3458,28165,1940,19606,1518,8559,0,0,2231,19269,1218,4439,2235,23708,California
San Mateo,2021-01-13,3417,31582,1672,21278,1745,10304,0,0,2366,20586,1051,5490,2368,26076,California
San Mateo,2021-01-14,3807,35389,1611,22889,2196,12500,0,0,3107,22998,700,6190,3112,29188,California
San Mateo,2021-01-15,4352,39741,1736,24625,2616,15116,0,0,3803,26256,547,6737,3805,32993,California
San Mateo,2021-01-16,3089,42830,770,25395,2319,17435,0,0,2758,28686,329,7066,2759,35752,California
San Mateo,2021-01-17,1314,44144,305,25700,1009,18444,0,0,1109,29590,205,7271,1109,36861,California
San Mateo,2021-01-18,1371,45515,544,26244,827,19271,0,0,989,30200,379,7650,989,37850,California
San Mateo,2021-01-19,2809,48324,1798,28042,1011,20282,0,0,2005,31404,801,8451,2005,39855,California
San Mateo,2021-01-20,2990,51314,1728,29770,1262,21544,0,0,2138,32694,849,9300,2139,41994,California
San Mateo,2021-01-21,2932,54246,1358,31128,1574,23118,0,0,2331,34430,598,9898,2334,44328,California
San Mateo,2021-01-22,2835,57081,1146,32274,1689,24807,0,0,2529,36658,302,10200,2530,46858,California
San Mateo,2021-01-23,2888,59969,1681,33955,1207,26014,0,0,2525,38821,363,10563,2526,49384,California
San Mateo,2021-01-24,1517,61486,374,34329,1143,27157,0,0,1206,39718,310,10873,1207,50591,California
San Mateo,2021-01-25,4424,65910,3145,37474,1279,28436,0,0,3518,42338,902,11775,3522,54113,California
San Mateo,2021-01-26,4359,70269,3012,40486,1347,29783,0,0,3423,44828,934,12709,3424,57537,California
San Mateo,2021-01-27,2830,73099,1475,41961,1355,31138,0,0,1820,45645,1004,13713,1821,59358,California
San Mateo,2021-01-28,2826,75925,1373,43334,1453,32591,0,0,1973,46781,837,14550,1973,61331,California
San Mateo,2021-01-29,3022,78947,1356,44690,1666,34257,0,0,2173,48109,847,15397,2175,63506,California
San Mateo,2021-01-30,3422,82369,1489,46179,1933,36190,0,0,2957,50604,463,15860,2958,66464,California
San Mateo,2021-01-31,1692,84061,897,47076,795,36985,0,0,1529,51972,161,16021,1529,67993,California
San Mateo,2021-02-01,2966,87027,1370,48446,1596,38581,0,0,2232,53475,730,16751,2233,70226,California
San Mateo,2021-02-02,3262,90289,1754,50200,1508,40089,0,0,2212,54640,1047,17798,2212,72438,California
San Mateo,2021-02-03,5030,95319,2073,52273,2957,43046,0,0,3882,57378,1145,18943,3883,76321,California
San Mateo,2021-02-04,6260,101579,2519,54792,3741,46787,0,0,4975,61079,1278,20221,4979,81300,California
San Mateo,2021-02-05,6846,108425,2560,57352,4286,51073,0,0,5004,64259,1824,22045,5004,86304,California
San Mateo,2021-02-06,3284,111709,1912,59264,1372,52445,0,0,2626,66234,653,22698,2628,88932,California
San Mateo,2021-02-07,1906,113615,1348,60612,558,53003,0,0,1712,67754,192,22890,1712,90644,California
San Mateo,2021-02-08,5310,118925,2268,62880,3042,56045,0,0,3130,68768,2116,25006,3130,93774,California
San Mateo,2021-02-09,6192,125117,3206,66086,2986,59031,0,0,3325,69235,2858,27864,3325,97099,California
San Mateo,2021-02-10,6545,131662,3286,69372,3259,62290,0,0,3277,69263,3249,31113,3277,100376,California
San Mateo,2021-02-11,7102,138764,3597,72969,3505,65795,0,0,3773,69717,3321,34434,3775,104151,California
San Mateo,2021-02-12,6690,145454,2997,75966,3693,69488,0,0,4727,72487,1959,36393,4729,108880,California
San Mateo,2021-02-13,6222,151676,4110,80076,2112,71600,0,0,2647,71565,3569,39962,2647,111527,California
San Mateo,2021-02-14,4746,156422,3114,83190,1632,73232,0,0,1986,70800,2752,42714,1987,113514,California
San Mateo,2021-02-15,3184,159606,1460,84650,1724,74956,0,0,1795,71214,1382,44096,1796,115310,California
San Mateo,2021-02-16,7201,166807,1906,86556,5295,80251,0,0,5304,74625,1895,45991,5306,120616,California
San Mateo,2021-02-17,7123,173930,1986,88542,5137,85388,0,0,5053,77615,2064,48055,5054,125670,California
San Mateo,2021-02-18,6828,180758,4723,93265,2105,87493,0,0,4542,79879,2281,50336,4545,130215,California
San Mateo,2021-02-19,7912,188670,5660,98925,2252,89745,0,0,5858,83692,2045,52381,5858,136073,California
San Mateo,2021-02-20,3827,192497,2472,101397,1355,91100,0,0,2351,84576,1468,53849,2352,138425,California
San Mateo,2021-02-21,2697,195194,1822,103219,875,91975,0,0,1600,85087,1090,54939,1601,140026,California
San Mateo,2021-02-22,4622,199816,3352,106571,1270,93245,0,0,2900,86274,1714,56653,2901,142927,California
San Mateo,2021-02-23,4480,204296,3197,109768,1283,94528,0,0,2597,87000,1871,58524,2597,145524,California
San Mateo,2021-02-24,7441,211737,3352,113120,4089,98617,0,0,4918,89406,2513,61037,4919,150443,California
San Mateo,2021-02-25,9324,221061,4155,117275,5169,103786,0,0,6142,92384,3165,64202,6143,156586,California
San Mateo,2021-02-26,10063,231124,3880,121155,6183,109969,0,0,6969,96277,3078,67280,6971,163557,California
San Mateo,2021-02-27,6911,238035,3566,124721,3344,113313,1,1,3761,96904,3141,70421,3768,167325,California
San Mateo,2021-02-28,4465,242500,2756,127477,1709,115022,0,1,2681,97812,1774,72195,2682,170007,California
San Mateo,2021-03-01,6047,248547,3808,131285,2235,117257,4,5,2987,97760,3045,75240,2993,173000,California
San Mateo,2021-03-02,6285,254832,4465,135750,1819,119076,1,6,3614,98714,2662,77902,3616,176616,California
San Mateo,2021-03-03,8556,263388,4040,139790,4514,123590,2,8,3708,97592,4832,82734,3710,180326,California
San Mateo,2021-03-04,8588,271976,4023,143813,4561,128151,4,12,3881,96795,4684,87418,3887,184213,California
San Mateo,2021-03-05,9402,281378,6261,150074,3137,131288,4,16,6583,100588,2797,90215,6590,190803,California
San Mateo,2021-03-06,8001,289379,5561,155635,2263,133551,177,193,5867,104509,2122,92337,6043,196846,California
San Mateo,2021-03-07,3631,293010,2456,158091,1104,134655,71,264,2143,105241,1484,93821,2216,199062,California
San Mateo,2021-03-08,4553,297563,2576,160667,1757,136412,220,484,3328,107569,1218,95039,3546,202608,California
San Mateo,2021-03-09,5360,302923,2870,163537,2214,138626,276,760,3732,109955,1616,96655,4002,206610,California
San Mateo,2021-03-10,7281,310204,2954,166491,4040,142666,287,1047,4845,112664,2420,99075,5129,211739,California
San Mateo,2021-03-11,9198,319402,5769,172260,3038,145704,391,1438,3669,111225,5495,104570,4056,215795,California
San Mateo,2021-03-12,10649,330051,6708,178968,3555,149259,386,1824,3582,108147,7043,111613,3965,219760,California
San Mateo,2021-03-13,8263,338314,3535,182503,3092,152351,1636,3460,3998,109513,4249,115862,5615,225375,California
San Mateo,2021-03-14,5029,343343,3395,185898,1525,153876,109,3569,2658,109916,2363,118225,2766,228141,California
San Mateo,2021-03-15,7246,350589,4680,190578,2388,156264,178,3747,3774,110405,3463,121688,3952,232093,California
San Mateo,2021-03-16,12022,362611,4431,195009,7466,163730,125,3872,4829,108189,7173,128861,4957,237050,California
San Mateo,2021-03-17,10986,373597,4482,199491,6358,170088,146,4018,4966,107312,5990,134851,5113,242163,California
San Mateo,2021-03-18,7416,381013,4161,203652,3066,173154,189,4207,4407,108905,3001,137852,4594,246757,California
San Mateo,2021-03-19,7597,388610,4903,208555,2020,175174,674,4881,3649,109290,3937,141789,4322,251079,California
San Mateo,2021-03-20,8428,397038,6558,215113,1533,176707,337,5218,5369,111955,3041,144830,5706,256785,California
San Mateo,2021-03-21,4288,401326,3250,218363,805,177512,233,5451,2294,112495,1983,146813,2523,259308,California
San Mateo,2021-03-22,5387,406713,3667,222030,1294,178806,426,5877,2827,113203,2544,149357,3252,262560,California
San Mateo,2021-03-23,9955,416668,4584,226614,5173,183979,198,6075,4486,112450,5437,154794,4684,267244,California
San Mateo,2021-03-24,9604,426272,5551,232165,3907,187886,146,6221,4093,111251,5435,160229,4236,271480,California
San Mateo,2021-03-25,10202,436474,5015,237180,4918,192804,269,6490,4457,110341,5638,165867,4728,276208,California
San Mateo,2021-03-26,11350,447824,7795,244975,3387,196191,168,6658,4335,107873,6971,172838,4503,280711,California
San Mateo,2021-03-27,10604,458428,8110,253085,2385,198576,109,6767,4672,106739,5913,178751,4779,285490,California
San Mateo,2021-03-28,4300,462728,2782,255867,1405,199981,113,6880,1993,106552,2297,181048,2110,287600,California
San Mateo,2021-03-29,6115,468843,3794,259661,2067,202048,254,7134,2741,106190,3355,184403,2993,290593,California
San Mateo,2021-03-30,7214,476057,4104,263765,2956,205004,154,7288,3883,106911,3316,187719,4037,294630,California
San Mateo,2021-03-31,7384,483441,4660,268425,2579,207583,145,7433,3880,107451,3485,191204,4025,298655,California
San Mateo,2021-04-01,10710,494151,5281,273706,4207,211790,1222,8655,5741,109488,4916,196120,6953,305608,California
San Mateo,2021-04-02,10974,505125,5246,278952,4127,215917,1601,10256,5776,111674,5174,201294,7360,312968,California
San Mateo,2021-04-03,10043,515168,5789,284741,2475,218392,1779,12035,5120,113652,4913,206207,6891,319859,California
San Mateo,2021-04-04,5474,520642,2636,287377,1579,219971,1259,13294,1713,112873,3746,209953,2967,322826,California
San Mateo,2021-04-05,9074,529716,4828,292205,2501,222472,1745,15039,3888,113328,5167,215120,5622,328448,California
San Mateo,2021-04-06,13287,543003,8299,300504,3130,225602,1858,16897,7573,117061,5698,220818,9431,337879,California
San Mateo,2021-04-07,11540,554543,5355,305859,4485,230087,1700,18597,4907,117042,6612,227430,6593,344472,California
San Mateo,2021-04-08,10270,564813,5114,310973,2536,232623,2620,21217,4544,118484,5705,233135,7147,351619,California
San Mateo,2021-04-09,11460,576273,5585,316558,3373,235996,2502,23719,5139,119798,6316,239451,7630,359249,California
San Mateo,2021-04-10,11330,587603,5755,322313,4125,240121,1450,25169,4692,119319,6606,246057,6127,365376,California
San Mateo,2021-04-11,6659,594262,3309,325622,879,241000,2471,27640,2326,119777,4326,250383,4784,370160,California
San Mateo,2021-04-12,7434,601696,4533,330155,1926,242926,975,28615,3584,120502,3828,254211,4553,374713,California
San Mateo,2021-04-13,8303,609999,5165,335320,3127,246053,11,28626,4382,120990,3907,258118,4395,379108,California
San Mateo,2021-04-14,8439,618438,5443,340763,2995,249048,1,28627,4307,121192,4114,262232,4316,383424,California
San Mateo,2021-04-15,11303,629741,7498,348261,3803,252851,2,28629,7360,124642,3914,266146,7364,390788,California
San Mateo,2021-04-16,10160,639901,6973,355234,3170,256021,17,28646,6414,127357,3722,269868,6437,397225,California
San Mateo,2021-04-17,9870,649771,6570,361804,3298,259319,2,28648,6237,129982,3621,273489,6246,403471,California
San Mateo,2021-04-18,5740,655511,2872,364676,2868,262187,0,28648,3854,131971,1871,275360,3860,407331,California
San Mateo,2021-04-19,8538,664049,5550,370226,2988,265175,0,28648,5540,134541,2982,278342,5552,412883,California
San Mateo,2021-04-20,10862,674911,6220,376446,4641,269816,1,28649,6947,137611,3890,282232,6960,419843,California
San Mateo,2021-04-21,9915,684826,6894,383340,3019,272835,2,28651,6139,140005,3753,285985,6147,425990,California
San Mateo,2021-04-22,10185,695011,6919,390259,3265,276100,1,28652,5689,141239,4461,290446,5695,431685,California
San Mateo,2021-04-23,10008,705019,6712,396971,3296,279396,0,28652,5613,142505,4365,294811,5631,437316,California
San Mateo,2021-04-24,11315,716334,8064,405035,3251,282647,0,28652,5824,142872,5467,300278,5834,443150,California
San Mateo,2021-04-25,5563,721897,3881,408916,1680,284327,2,28654,3951,145241,1596,301874,3965,447115,California
San Mateo,2021-04-26,6916,728813,5018,413934,1890,286217,8,28662,4004,146366,2898,304772,4023,451138,California
San Mateo,2021-04-27,11618,740431,8205,422139,3258,289475,155,28817,4757,144461,6827,311599,4922,456060,California
San Mateo,2021-04-28,8219,748650,4786,426925,3227,292702,206,29023,4381,145234,3821,315420,4594,460654,California
San Mateo,2021-04-29,8456,757106,4077,431002,4207,296909,172,29195,3835,144668,4590,320010,4024,464678,California
San Mateo,2021-04-30,8472,765578,5371,436373,2946,299855,155,29350,3630,143659,4813,324823,3804,468482,California
San Mateo,2021-05-01,6225,771803,4157,440530,1950,301805,118,29468,2690,142966,3514,328337,2821,471303,California
San Mateo,2021-05-02,3196,774999,1755,442285,1371,303176,70,29538,1155,142166,2030,330367,1230,472533,California
San Mateo,2021-05-03,6092,781091,4539,446824,1408,304584,145,29683,1848,139927,4233,334600,1994,474527,California
San Mateo,2021-05-04,7689,788780,5308,452132,2209,306793,172,29855,2548,137540,5126,339726,2739,477266,California
San Mateo,2021-05-05,7187,795967,4772,456904,2256,309049,159,30014,2452,135448,4706,344432,2614,479880,California
San Mateo,2021-05-06,8942,804909,7047,463951,1719,310768,176,30190,1798,130304,7123,351555,1979,481859,California
San Mateo,2021-05-07,8425,813334,6072,470023,2068,312836,285,30475,1870,125943,6529,358084,2168,484027,California
San Mateo,2021-05-08,7024,820358,4387,474410,2398,315234,239,30714,1927,123031,5082,363166,2170,486197,California
San Mateo,2021-05-09,3154,823512,2460,476870,620,315854,74,30788,944,121851,2199,365365,1019,487216,California
San Mateo,2021-05-10,4807,828319,3501,480371,1136,316990,170,30958,738,118710,4058,369423,917,488133,California
San Mateo,2021-05-11,7264,835583,5553,485924,1582,318572,129,31087,1718,115033,5526,374949,1849,489982,California
San Mateo,2021-05-12,7074,842657,5147,491071,1711,320283,216,31303,1427,111046,5633,380582,1646,491628,California
San Mateo,2021-05-13,9758,852415,7340,498411,2321,322604,97,31400,3412,108258,6311,386893,3523,495151,California
San Mateo,2021-05-14,8574,860989,6353,504764,2105,324709,116,31516,2580,104986,5974,392867,2702,497853,California
San Mateo,2021-05-15,10645,871634,8344,513108,2199,326908,102,31618,4712,103904,5917,398784,4835,502688,California
San Mateo,2021-05-16,7295,878929,5212,518320,2012,328920,71,31689,2280,101261,4995,403779,2352,505040,California
San Mateo,2021-05-17,7206,886135,5123,523443,1975,330895,108,31797,2125,98434,5064,408843,2237,507277,California
San Mateo,2021-05-18,8560,894695,5923,529366,2539,333434,98,31895,3061,96225,5374,414217,3165,510442,California
San Mateo,2021-05-19,7926,902621,5913,535279,1891,335325,122,32017,3553,95578,4325,418542,3678,514120,California
San Mateo,2021-05-20,5778,908399,3604,538883,2040,337365,134,32151,2177,94317,3575,422117,2314,516434,California
San Mateo,2021-05-21,7023,915422,4775,543658,2103,339468,145,32296,1866,91192,5136,427253,2011,518445,California
San Mateo,2021-05-22,6355,921777,4325,547983,1963,341431,67,32363,2631,90187,3705,430958,2700,521145,California
San Mateo,2021-05-23,3106,924883,1770,549753,1247,342678,89,32452,1189,89561,1904,432862,1278,522423,California
San Mateo,2021-05-24,3676,928559,2449,552202,1078,343756,149,32601,1224,88503,2429,435291,1371,523794,California
San Mateo,2021-05-25,4786,933345,3013,555215,1593,345349,180,32781,1573,87069,3190,438481,1756,525550,California
San Mateo,2021-05-26,5728,939073,3080,558295,2529,347878,119,32900,1783,85049,3922,442403,1902,527452,California
San Mateo,2021-05-27,3780,942853,2205,560500,1475,349353,100,33000,1197,83785,2556,444959,1292,528744,California
San Mateo,2021-05-28,3513,946366,2202,562702,1226,350579,85,33085,1301,82998,2172,447131,1385,530129,California
San Mateo,2021-05-29,3232,949598,2282,564984,899,351478,51,33136,1233,82311,1970,449101,1283,531412,California
San Mateo,2021-05-30,1643,951241,1112,566096,470,351948,61,33197,647,82033,986,450087,708,532120,California
San Mateo,2021-05-31,441,951682,276,566372,157,352105,8,33205,161,81925,277,450364,169,532289,California
San Mateo,2021-06-01,3343,955025,1976,568348,1272,353377,95,33300,958,80606,2371,452735,1052,533341,California
San Mateo,2021-06-02,2769,957794,1835,570183,856,354233,78,33378,1055,80038,1699,454434,1131,534472,California
San Mateo,2021-06-03,3814,961608,2993,573176,706,354939,115,33493,825,77999,2975,457409,936,535408,California
San Mateo,2021-06-04,4128,965736,3178,576354,856,355795,94,33587,1114,76201,2993,460402,1195,536603,California
San Mateo,2021-06-05,5151,970887,4499,580853,552,356347,100,33687,953,73087,4167,464569,1053,537656,California
San Mateo,2021-06-06,2520,973407,2077,582930,382,356729,61,33748,478,71602,2020,466589,535,538191,California
San Mateo,2021-06-07,3114,976521,2612,585542,419,357148,83,33831,696,69969,2410,468999,777,538968,California
San Mateo,2021-06-08,4088,980609,3454,588996,528,357676,106,33937,972,67967,3081,472080,1079,540047,California
San Mateo,2021-06-09,4139,984748,3564,592560,505,358181,70,34007,622,65152,3504,475584,689,540736,California
San Mateo,2021-06-10,2967,987715,2400,594960,452,358633,115,34122,750,63816,2201,477785,865,541601,California
San Mateo,2021-06-11,2855,990570,2293,597253,449,359082,113,34235,915,62914,1929,479714,1027,542628,California
San Mateo,2021-06-12,3145,993715,2804,600057,260,359342,81,34316,768,61400,2363,482077,849,543477,California
San Mateo,2021-06-13,1434,995149,1081,601138,290,359632,63,34379,349,60742,1070,483147,412,543889,California
San Mateo,2021-06-14,2432,997581,2102,603240,247,359879,83,34462,690,59806,1709,484856,773,544662,California
San Mateo,2021-06-15,2263,999844,1797,605037,345,360224,121,34583,681,59043,1564,486420,801,545463,California
San Mateo,2021-06-16,2442,1002286,2024,607061,261,360485,157,34740,701,58198,1698,488118,853,546316,California
San Mateo,2021-06-17,1943,1004229,1606,608667,249,360734,88,34828,685,57763,1208,489326,773,547089,California
San Mateo,2021-06-18,2115,1006344,1773,610440,264,360998,78,34906,612,56965,1484,490810,686,547775,California
San Mateo,2021-06-19,1784,1008128,1560,612000,163,361161,61,34967,587,56486,1125,491935,646,548421,California
San Mateo,2021-06-20,768,1008896,697,612697,60,361221,11,34978,286,56335,448,492383,297,548718,California
San Mateo,2021-06-21,1248,1010144,933,613630,240,361461,75,35053,605,56380,637,493020,682,549400,California
San Mateo,2021-06-22,1595,1011739,1291,614921,208,361669,96,35149,598,56093,980,494000,693,550093,California
San Mateo,2021-06-23,1851,1013590,1570,616491,178,361847,103,35252,622,55622,1196,495196,725,550818,California
San Mateo,2021-06-24,1462,1015052,1088,617579,273,362120,101,35353,536,55348,908,496104,634,551452,California
San Mateo,2021-06-25,1777,1016829,1479,619058,221,362341,77,35430,662,54983,1104,497208,739,552191,California
San Mateo,2021-06-26,1241,1018070,1046,620104,137,362478,58,35488,495,54805,730,497938,552,552743,California
San Mateo,2021-06-27,655,1018725,532,620636,77,362555,46,35534,290,54777,364,498302,336,553079,California
San Mateo,2021-06-28,1251,1019976,1070,621706,105,362660,76,35610,496,54606,742,499044,571,553650,California
San Mateo,2021-06-29,1426,1021402,1150,622856,195,362855,81,35691,489,54244,928,499972,566,554216,California
San Mateo,2021-06-30,1258,1022660,1031,623887,127,362982,100,35791,561,54219,685,500657,660,554876,California
San Mateo,2021-07-01,1198,1023858,1022,624909,118,363100,58,35849,484,54069,692,501349,542,555418,California
San Mateo,2021-07-02,1415,1025273,1183,626092,160,363260,72,35921,538,53812,867,502216,610,556028,California
San Mateo,2021-07-03,992,1026265,847,626939,106,363366,39,35960,389,53648,590,502806,426,556454,California
San Mateo,2021-07-04,16,1026281,10,626949,0,363366,6,35966,8,53654,8,502814,14,556468,California
Santa Barbara,2020-12-15,2,2,2,2,0,0,0,0,2,2,0,0,2,2,California
Santa Barbara,2020-12-16,2,4,2,4,0,0,0,0,2,4,0,0,2,4,California
Santa Barbara,2020-12-17,56,60,56,60,0,0,0,0,56,60,0,0,56,60,California
Santa Barbara,2020-12-18,382,442,381,441,1,1,0,0,382,442,0,0,382,442,California
Santa Barbara,2020-12-19,325,767,325,766,0,1,0,0,325,767,0,0,325,767,California
Santa Barbara,2020-12-20,235,1002,235,1001,0,1,0,0,235,1002,0,0,235,1002,California
Santa Barbara,2020-12-21,657,1659,655,1656,2,3,0,0,657,1659,0,0,657,1659,California
Santa Barbara,2020-12-22,247,1906,245,1901,2,5,0,0,247,1906,0,0,247,1906,California
Santa Barbara,2020-12-23,325,2231,207,2108,118,123,0,0,325,2231,0,0,325,2231,California
Santa Barbara,2020-12-24,88,2319,40,2148,48,171,0,0,88,2319,0,0,88,2319,California
Santa Barbara,2020-12-26,326,2645,66,2214,260,431,0,0,326,2645,0,0,326,2645,California
Santa Barbara,2020-12-27,62,2707,1,2215,61,492,0,0,62,2707,0,0,62,2707,California
Santa Barbara,2020-12-28,357,3064,224,2439,133,625,0,0,357,3064,0,0,357,3064,California
Santa Barbara,2020-12-29,562,3626,359,2798,203,828,0,0,562,3626,0,0,562,3626,California
Santa Barbara,2020-12-30,579,4205,396,3194,183,1011,0,0,579,4205,0,0,579,4205,California
Santa Barbara,2020-12-31,242,4447,114,3308,128,1139,0,0,242,4447,0,0,242,4447,California
Santa Barbara,2021-01-01,117,4564,111,3419,6,1145,0,0,117,4564,0,0,117,4564,California
Santa Barbara,2021-01-02,598,5162,232,3651,366,1511,0,0,598,5162,0,0,598,5162,California
Santa Barbara,2021-01-03,23,5185,15,3666,8,1519,0,0,23,5185,0,0,23,5185,California
Santa Barbara,2021-01-04,305,5490,242,3908,63,1582,0,0,304,5489,0,0,304,5489,California
Santa Barbara,2021-01-05,755,6245,380,4288,375,1957,0,0,727,6188,28,28,727,6216,California
Santa Barbara,2021-01-06,658,6903,276,4564,382,2339,0,0,597,6725,60,88,597,6813,California
Santa Barbara,2021-01-07,1032,7935,709,5273,323,2662,0,0,528,6753,500,588,528,7341,California
Santa Barbara,2021-01-08,1208,9143,850,6123,358,3020,0,0,713,6971,495,1083,713,8054,California
Santa Barbara,2021-01-09,561,9704,292,6415,269,3289,0,0,316,7042,245,1328,316,8370,California
Santa Barbara,2021-01-10,64,9768,51,6466,13,3302,0,0,47,7072,17,1345,47,8417,California
Santa Barbara,2021-01-11,848,10616,678,7144,170,3472,0,0,619,7463,228,1573,619,9036,California
Santa Barbara,2021-01-12,1445,12061,648,7792,797,4269,0,0,1285,8588,160,1733,1285,10321,California
Santa Barbara,2021-01-13,1223,13284,270,8062,953,5222,0,0,1096,9557,127,1860,1096,11417,California
Santa Barbara,2021-01-14,1260,14544,140,8202,1120,6342,0,0,1204,10707,55,1915,1205,12622,California
Santa Barbara,2021-01-15,1806,16350,420,8622,1386,7728,0,0,1723,12349,81,1996,1723,14345,California
Santa Barbara,2021-01-16,1278,17628,203,8825,1075,8803,0,0,1238,13548,39,2035,1238,15583,California
Santa Barbara,2021-01-17,126,17754,23,8848,103,8906,0,0,123,13668,3,2038,123,15706,California
Santa Barbara,2021-01-18,1153,18907,419,9267,734,9640,0,0,968,14451,185,2223,968,16674,California
Santa Barbara,2021-01-19,1645,20552,570,9837,1075,10715,0,0,1365,15539,277,2500,1365,18039,California
Santa Barbara,2021-01-20,2223,22775,655,10492,1568,12283,0,0,1802,16921,420,2920,1802,19841,California
Santa Barbara,2021-01-21,3203,25978,1920,12412,1283,13566,0,0,3041,19802,162,3082,3043,22884,California
Santa Barbara,2021-01-22,2952,28930,1795,14207,1157,14723,0,0,2780,22414,169,3251,2781,25665,California
Santa Barbara,2021-01-23,1740,30670,1106,15313,634,15357,0,0,1224,23123,515,3766,1224,26889,California
Santa Barbara,2021-01-24,846,31516,749,16062,97,15454,0,0,835,23948,10,3776,835,27724,California
Santa Barbara,2021-01-25,1240,32756,493,16555,747,16201,0,0,1004,24716,236,4012,1004,28728,California
Santa Barbara,2021-01-26,2051,34807,465,17020,1586,17787,0,0,1668,26003,381,4393,1668,30396,California
Santa Barbara,2021-01-27,1169,35976,398,17418,771,18558,0,0,907,26651,261,4654,909,31305,California
Santa Barbara,2021-01-28,899,36875,296,17714,603,19161,0,0,683,27122,212,4866,683,31988,California
Santa Barbara,2021-01-29,1346,38221,526,18240,820,19981,0,0,982,27746,360,5226,984,32972,California
Santa Barbara,2021-01-30,1905,40126,1417,19657,488,20469,0,0,1487,28818,415,5641,1487,34459,California
Santa Barbara,2021-01-31,1455,41581,1213,20870,242,20711,0,0,1416,30195,39,5680,1416,35875,California
Santa Barbara,2021-02-01,947,42528,519,21389,428,21139,0,0,548,30344,399,6079,548,36423,California
Santa Barbara,2021-02-02,1812,44340,683,22072,1129,22268,0,0,1043,30620,767,6846,1043,37466,California
Santa Barbara,2021-02-03,1961,46301,1081,23153,880,23148,0,0,1511,31691,440,7286,1511,38977,California
Santa Barbara,2021-02-04,2804,49105,1876,25029,928,24076,0,0,2504,33901,294,7580,2504,41481,California
Santa Barbara,2021-02-05,2928,52033,2082,27111,846,24922,0,0,2282,35540,643,8223,2282,43763,California
Santa Barbara,2021-02-06,1207,53240,341,27452,866,25788,0,0,797,35927,410,8633,797,44560,California
Santa Barbara,2021-02-07,311,53551,268,27720,43,25831,0,0,272,36162,37,8670,272,44832,California
Santa Barbara,2021-02-08,957,54508,311,28031,646,26477,0,0,667,36539,290,8960,667,45499,California
Santa Barbara,2021-02-09,2452,56960,315,28346,2137,28614,0,0,1123,36344,1318,10278,1123,46622,California
Santa Barbara,2021-02-10,2779,59739,1502,29848,1277,29891,0,0,745,35069,2021,12299,746,47368,California
Santa Barbara,2021-02-11,4212,63951,2820,32668,1392,31283,0,0,632,32134,3567,15866,632,48000,California
Santa Barbara,2021-02-12,3321,67272,950,33618,2371,33654,0,0,773,30365,2542,18408,773,48773,California
Santa Barbara,2021-02-13,1245,68517,345,33963,900,34554,0,0,565,30252,678,19086,565,49338,California
Santa Barbara,2021-02-14,335,68852,37,34000,298,34852,0,0,288,30494,47,19133,289,49627,California
Santa Barbara,2021-02-15,983,69835,347,34347,636,35488,0,0,498,30511,482,19615,499,50126,California
Santa Barbara,2021-02-16,2133,71968,408,34755,1725,37213,0,0,725,29832,1404,21019,725,50851,California
Santa Barbara,2021-02-17,1453,73421,327,35082,1126,38339,0,0,522,29430,927,21946,525,51376,California
Santa Barbara,2021-02-18,3278,76699,2669,37751,609,38948,0,0,1526,29244,1713,23659,1527,52903,California
Santa Barbara,2021-02-19,3620,80319,2656,40407,964,39912,0,0,2341,30310,1276,24935,2342,55245,California
Santa Barbara,2021-02-20,2329,82648,1523,41930,806,40718,0,0,1755,31501,564,25499,1755,57000,California
Santa Barbara,2021-02-21,143,82791,114,42044,29,40747,0,0,63,31486,78,25577,63,57063,California
Santa Barbara,2021-02-22,974,83765,263,42307,711,41458,0,0,282,31079,689,26266,282,57345,California
Santa Barbara,2021-02-23,3271,87036,1110,43417,2161,43619,0,0,435,28682,2833,29099,436,57781,California
Santa Barbara,2021-02-24,3303,90339,1137,44554,2166,45785,0,0,745,26879,2548,31647,745,58526,California
Santa Barbara,2021-02-25,3475,93814,1926,46480,1549,47334,0,0,999,25414,2468,34115,1003,59529,California
Santa Barbara,2021-02-26,3683,97497,2182,48662,1501,48835,0,0,1983,25708,1690,35805,1984,61513,California
Santa Barbara,2021-02-27,1545,99042,568,49230,977,49812,0,0,862,25896,679,36484,867,62380,California
Santa Barbara,2021-02-28,1096,100138,223,49453,873,50685,0,0,897,26602,193,36677,899,63279,California
Santa Barbara,2021-03-01,1670,101808,488,49941,1180,51865,2,2,1108,27168,545,37222,1111,64390,California
Santa Barbara,2021-03-02,2671,104479,427,50368,2244,54109,0,2,2164,28840,494,37716,2166,66556,California
Santa Barbara,2021-03-03,4651,109130,2107,52475,2542,56651,2,4,4049,32305,591,38307,4056,70612,California
Santa Barbara,2021-03-04,3442,112572,2291,54766,1151,57802,0,4,2875,34624,558,38865,2877,73489,California
Santa Barbara,2021-03-05,3834,116406,2172,56938,1603,59405,59,63,3102,37060,726,39591,3162,76651,California
Santa Barbara,2021-03-06,2443,118849,735,57673,1491,60896,217,280,1678,38192,760,40351,1892,78543,California
Santa Barbara,2021-03-07,566,119415,122,57795,312,61208,132,412,383,38526,182,40533,516,79059,California
Santa Barbara,2021-03-08,1586,121001,382,58177,861,62069,343,755,800,38890,779,41312,1143,80202,California
Santa Barbara,2021-03-09,2799,123800,346,58523,1686,63755,767,1522,746,38349,2049,43361,1508,81710,California
Santa Barbara,2021-03-10,2775,126575,555,59078,1167,64922,1053,2575,1048,38724,1722,45083,2097,83807,California
Santa Barbara,2021-03-11,5595,132170,3038,62116,1441,66363,1116,3691,2283,38821,3295,48378,3392,87199,California
Santa Barbara,2021-03-12,3710,135880,2113,64229,1162,67525,435,4126,2180,39911,1522,49900,2612,89811,California
Santa Barbara,2021-03-13,3508,139388,1943,66172,1359,68884,206,4332,2698,42009,806,50706,2904,92715,California
Santa Barbara,2021-03-14,816,140204,397,66569,362,69246,57,4389,492,42236,323,51029,550,93265,California
Santa Barbara,2021-03-15,2124,142328,701,67270,1132,70378,291,4680,1274,42957,842,51871,1563,94828,California
Santa Barbara,2021-03-16,3737,146065,1185,68455,2209,72587,343,5023,2737,45043,995,52866,3081,97909,California
Santa Barbara,2021-03-17,3328,149393,980,69435,1943,74530,405,5428,2332,46782,993,53859,2732,100641,California
Santa Barbara,2021-03-18,5271,154664,2802,72237,2267,76797,202,5630,4043,49815,1212,55071,4245,104886,California
Santa Barbara,2021-03-19,4487,159151,2778,75015,1375,78172,334,5964,3070,51806,1412,56483,3403,108289,California
Santa Barbara,2021-03-20,2235,161386,842,75857,1370,79542,23,5987,1367,52334,864,57347,1392,109681,California
Santa Barbara,2021-03-21,1183,162569,386,76243,767,80309,30,6017,852,52890,327,57674,883,110564,California
Santa Barbara,2021-03-22,2789,165358,1921,78164,824,81133,44,6061,2221,54598,558,58232,2266,112830,California
Santa Barbara,2021-03-23,4469,169827,2254,80418,2114,83247,101,6162,3693,57624,766,58998,3792,116622,California
Santa Barbara,2021-03-24,5436,175263,3153,83571,1520,84767,763,6925,2968,58904,2445,61443,3725,120347,California
Santa Barbara,2021-03-25,5571,180834,3274,86845,2100,86867,197,7122,2781,59110,2772,64215,2978,123325,California
Santa Barbara,2021-03-26,5109,185943,3231,90076,1572,88439,306,7428,2230,58784,2862,67077,2536,125861,California
Santa Barbara,2021-03-27,2966,188909,1225,91301,1698,90137,43,7471,1623,59109,1339,68416,1664,127525,California
Santa Barbara,2021-03-28,2792,191701,1658,92959,1106,91243,28,7499,1902,60154,886,69302,1931,129456,California
Santa Barbara,2021-03-29,4046,195747,2085,95044,1889,93132,72,7571,3224,62632,818,70120,3296,132752,California
Santa Barbara,2021-03-30,6801,202548,3512,98556,3138,96270,151,7722,4530,65055,2255,72375,4678,137430,California
Santa Barbara,2021-03-31,8686,211234,5528,104084,3090,99360,68,7790,5028,66515,3636,76011,5096,142526,California
Santa Barbara,2021-04-01,7065,218299,5218,109302,1586,100946,261,8051,4175,68086,2865,78876,4436,146962,California
Santa Barbara,2021-04-02,6656,224955,4559,113861,1502,102448,595,8646,3422,68877,3225,82101,4016,150978,California
Santa Barbara,2021-04-03,3818,228773,2112,115973,1634,104082,72,8718,2519,70173,1292,83393,2588,153566,California
Santa Barbara,2021-04-04,904,229677,446,116419,417,104499,41,8759,500,70312,402,83795,541,154107,California
Santa Barbara,2021-04-05,3483,233160,2298,118717,926,105425,259,9018,2178,71453,1296,85091,2437,156544,California
Santa Barbara,2021-04-06,5505,238665,2838,121555,2115,107540,552,9570,3358,73232,2127,87218,3906,160450,California
Santa Barbara,2021-04-07,6028,244693,3291,124846,2195,109735,542,10112,4089,75932,1930,89148,4630,165080,California
Santa Barbara,2021-04-08,7430,252123,5047,129893,654,110389,1729,11841,3429,77092,3993,93141,5153,170233,California
Santa Barbara,2021-04-09,7343,259466,4887,134780,1094,111483,1362,13203,3307,77729,4025,97166,4662,174895,California
Santa Barbara,2021-04-10,6714,266180,4652,139432,1443,112926,619,13822,4564,80768,2141,99307,5180,180075,California
Santa Barbara,2021-04-11,2682,268862,1966,141398,413,113339,303,14125,1856,82101,820,100127,2153,182228,California
Santa Barbara,2021-04-12,4432,273294,2849,144247,1028,114367,555,14680,1917,82065,2507,102634,2471,184699,California
Santa Barbara,2021-04-13,6387,279681,4190,148437,2191,116558,6,14686,2661,81010,3721,106355,2666,187365,California
Santa Barbara,2021-04-14,6812,286493,4422,152859,2388,118946,2,14688,4244,82700,2557,108912,4247,191612,California
Santa Barbara,2021-04-15,7016,293509,4110,156969,2905,121851,1,14689,3775,83248,3229,112141,3777,195389,California
Santa Barbara,2021-04-16,6429,299938,3774,160743,2644,124495,11,14700,4423,85695,1986,114127,4433,199822,California
Santa Barbara,2021-04-17,5361,305299,3882,164625,1479,125974,0,14700,4098,88545,1248,115375,4098,203920,California
Santa Barbara,2021-04-18,2196,307495,1534,166159,662,126636,0,14700,381,87118,1809,117184,382,204302,California
Santa Barbara,2021-04-19,3278,310773,2260,168419,1012,127648,6,14706,1036,85927,2234,119418,1043,205345,California
Santa Barbara,2021-04-20,5975,316748,4001,172420,1973,129621,1,14707,1692,83352,4267,123685,1692,207037,California
Santa Barbara,2021-04-21,5569,322317,3683,176103,1886,131507,0,14707,1781,81365,3770,127455,1783,208820,California
Santa Barbara,2021-04-22,5148,327465,2601,178704,2546,134053,1,14708,1481,79201,3648,131103,1484,210304,California
Santa Barbara,2021-04-23,5627,333092,3897,182601,1730,135783,0,14708,1991,77571,3621,134724,1991,212295,California
Santa Barbara,2021-04-24,4424,337516,2871,185472,1548,137331,5,14713,1632,76436,2773,137497,1638,213933,California
Santa Barbara,2021-04-25,1844,339360,1184,186656,660,137991,0,14713,498,75598,1336,138833,498,214431,California
Santa Barbara,2021-04-26,3256,342616,1989,188645,1246,139237,21,14734,560,73491,2689,141522,582,215013,California
Santa Barbara,2021-04-27,3988,346604,2192,190837,1694,140931,102,14836,1177,71969,2801,144323,1279,216292,California
Santa Barbara,2021-04-28,4927,351531,2875,193712,1936,142867,116,14952,1398,69974,3513,147836,1518,217810,California
Santa Barbara,2021-04-29,5272,356803,3816,197528,1229,144096,227,15179,1435,67814,3820,151656,1660,219470,California
Santa Barbara,2021-04-30,4967,361770,3713,201241,1090,145186,164,15343,1410,65848,3539,155195,1573,221043,California
Santa Barbara,2021-05-01,5248,367018,4050,205291,1164,146350,34,15377,892,62436,4340,159535,928,221971,California
Santa Barbara,2021-05-02,1131,368149,668,205959,335,146685,128,15505,304,62042,826,160361,432,222403,California
Santa Barbara,2021-05-03,2203,370352,1476,207435,589,147274,138,15643,441,60863,1755,162116,576,222979,California
Santa Barbara,2021-05-04,3317,373669,1693,209128,1552,148826,72,15715,1149,59930,2153,164269,1220,224199,California
Santa Barbara,2021-05-05,5457,379126,3684,212812,1626,150452,147,15862,633,55902,4810,169079,782,224981,California
Santa Barbara,2021-05-06,5079,384205,3927,216739,1047,151499,105,15967,970,52885,4092,173171,1075,226056,California
Santa Barbara,2021-05-07,4663,388868,3643,220382,840,152339,180,16147,996,50407,3651,176822,1173,227229,California
Santa Barbara,2021-05-08,4303,393171,3190,223572,1015,153354,98,16245,907,48029,3384,180206,1006,228235,California
Santa Barbara,2021-05-09,702,393873,111,223683,551,153905,40,16285,463,48295,238,180444,504,228739,California
Santa Barbara,2021-05-10,1360,395233,657,224340,619,154524,84,16369,376,47773,981,181425,459,229198,California
Santa Barbara,2021-05-11,1934,397167,839,225179,799,155323,296,16665,443,47028,1481,182906,736,229934,California
Santa Barbara,2021-05-12,2084,399251,744,225923,1116,156439,224,16889,524,46229,1547,184453,748,230682,California
Santa Barbara,2021-05-13,3895,403146,2789,228712,908,157347,198,17087,1236,45016,2646,187099,1433,232115,California
Santa Barbara,2021-05-14,4151,407297,2525,231237,1532,158879,94,17181,1616,44205,2520,189619,1709,233824,California
Santa Barbara,2021-05-15,3523,410820,2562,233799,942,159821,19,17200,1844,44402,1667,191286,1864,235688,California
Santa Barbara,2021-05-16,1137,411957,521,234320,501,160322,115,17315,528,44442,603,191889,643,236331,California
Santa Barbara,2021-05-17,1641,413598,936,235256,642,160964,63,17378,862,44593,773,192662,924,237255,California
Santa Barbara,2021-05-18,1856,415454,1160,236416,601,161565,95,17473,974,44797,866,193528,1070,238325,California
Santa Barbara,2021-05-19,1769,417223,975,237391,754,162319,40,17513,808,44692,952,194480,847,239172,California
Santa Barbara,2021-05-20,1750,418973,952,238343,679,162998,119,17632,877,44828,861,195341,997,240169,California
Santa Barbara,2021-05-21,3460,422433,2340,240683,1066,164064,54,17686,1256,43950,2189,197530,1311,241480,California
Santa Barbara,2021-05-22,2467,424900,1705,242388,718,164782,44,17730,1397,44330,1062,198592,1442,242922,California
Santa Barbara,2021-05-23,764,425664,339,242727,395,165177,30,17760,413,44423,350,198942,443,243365,California
Santa Barbara,2021-05-24,1007,426671,588,243315,356,165533,63,17823,484,44452,518,199460,547,243912,California
Santa Barbara,2021-05-25,1405,428076,568,243883,768,166301,69,17892,462,44046,937,200397,531,244443,California
Santa Barbara,2021-05-26,3011,431087,1709,245592,1180,167481,122,18014,838,42847,2158,202555,959,245402,California
Santa Barbara,2021-05-27,1954,433041,1212,246804,600,168081,142,18156,826,42695,1121,203676,969,246371,California
Santa Barbara,2021-05-28,1505,434546,698,247502,655,168736,152,18308,614,42573,888,204564,766,247137,California
Santa Barbara,2021-05-29,903,435449,318,247820,548,169284,37,18345,363,42436,537,205101,400,247537,California
Santa Barbara,2021-05-30,509,435958,179,247999,231,169515,99,18444,184,42395,323,205424,282,247819,California
Santa Barbara,2021-05-31,95,436053,42,248041,43,169558,10,18454,22,42354,72,205496,31,247850,California
Santa Barbara,2021-06-01,1132,437185,592,248633,482,170040,58,18512,441,42168,685,206181,499,248349,California
Santa Barbara,2021-06-02,980,438165,585,249218,312,170352,83,18595,423,42120,553,206734,505,248854,California
Santa Barbara,2021-06-03,2058,440223,1547,250765,454,170806,57,18652,614,41352,1436,208170,668,249522,California
Santa Barbara,2021-06-04,1456,441679,670,251435,646,171452,140,18792,487,41015,960,209130,623,250145,California
Santa Barbara,2021-06-05,2911,444590,2211,253646,648,172100,52,18844,479,39124,2421,211551,530,250675,California
Santa Barbara,2021-06-06,913,445503,482,254128,412,172512,19,18863,228,38689,682,212233,247,250922,California
Santa Barbara,2021-06-07,1167,446670,832,254960,283,172795,52,18915,298,38173,866,213099,350,251272,California
Santa Barbara,2021-06-08,1111,447781,711,255671,368,173163,32,18947,291,37681,814,213913,322,251594,California
Santa Barbara,2021-06-09,1021,448802,695,256366,241,173404,85,19032,315,37378,703,214616,400,251994,California
Santa Barbara,2021-06-10,2387,451189,2073,258439,243,173647,71,19103,524,36113,1860,216476,595,252589,California
Santa Barbara,2021-06-11,1308,452497,606,259045,598,174245,104,19207,391,35697,911,217387,495,253084,California
Santa Barbara,2021-06-12,889,453386,598,259643,268,174513,23,19230,233,35304,648,218035,255,253339,California
Santa Barbara,2021-06-13,487,453873,299,259942,91,174604,97,19327,127,35170,358,218393,224,253563,California
Santa Barbara,2021-06-14,1254,455127,856,260798,322,174926,76,19403,334,34668,912,219305,410,253973,California
Santa Barbara,2021-06-15,1144,456271,755,261553,354,175280,35,19438,396,34358,741,220046,431,254404,California
Santa Barbara,2021-06-16,932,457203,646,262199,239,175519,47,19485,352,34181,574,220620,397,254801,California
Santa Barbara,2021-06-17,1874,459077,1544,263743,241,175760,89,19574,622,33642,1249,221869,710,255511,California
Santa Barbara,2021-06-18,1109,460186,715,264458,295,176055,99,19673,363,33362,742,222611,462,255973,California
Santa Barbara,2021-06-19,540,460726,363,264821,145,176200,32,19705,250,33357,287,222898,282,256255,California
Santa Barbara,2021-06-20,369,461095,211,265032,148,176348,10,19715,153,33304,215,223113,162,256417,California
Santa Barbara,2021-06-21,527,461622,264,265296,210,176558,53,19768,275,33385,247,223360,328,256745,California
Santa Barbara,2021-06-22,764,462386,495,265791,238,176796,31,19799,298,33251,462,223822,328,257073,California
Santa Barbara,2021-06-23,778,463164,563,266354,183,176979,32,19831,333,33175,440,224262,364,257437,California
Santa Barbara,2021-06-24,1355,464519,1147,267501,150,177129,58,19889,579,33041,769,225031,635,258072,California
Santa Barbara,2021-06-25,970,465489,616,268117,292,177421,62,19951,448,33032,518,225549,509,258581,California
Santa Barbara,2021-06-26,508,465997,355,268472,122,177543,31,19982,201,32957,307,225856,232,258813,California
Santa Barbara,2021-06-27,391,466388,256,268728,73,177616,62,20044,188,33008,199,226055,250,259063,California
Santa Barbara,2021-06-28,466,466854,305,269033,127,177743,34,20078,237,33050,229,226284,271,259334,California
Santa Barbara,2021-06-29,556,467410,377,269410,164,177907,15,20093,267,33048,283,226567,281,259615,California
Santa Barbara,2021-06-30,648,468058,460,269870,149,178056,39,20132,313,33074,326,226893,352,259967,California
Santa Barbara,2021-07-01,1063,469121,795,270665,119,178175,149,20281,413,32987,648,227541,561,260528,California
Santa Barbara,2021-07-02,731,469852,499,271164,177,178352,55,20336,366,33045,363,227904,421,260949,California
Santa Barbara,2021-07-03,346,470198,219,271383,117,178469,10,20346,154,33020,188,228092,163,261112,California
Santa Barbara,2021-07-04,25,470223,15,271398,10,178479,0,20346,9,33013,16,228108,9,261121,California
Santa Clara,2020-12-15,71,71,71,71,0,0,0,0,71,71,0,0,71,71,California
Santa Clara,2020-12-16,152,223,152,223,0,0,0,0,152,223,0,0,152,223,California
Santa Clara,2020-12-17,408,631,408,631,0,0,0,0,408,631,0,0,408,631,California
Santa Clara,2020-12-18,1756,2387,1756,2387,0,0,0,0,1756,2387,0,0,1756,2387,California
Santa Clara,2020-12-19,2077,4464,2077,4464,0,0,0,0,2076,4463,0,0,2076,4463,California
Santa Clara,2020-12-20,1905,6369,1904,6368,1,1,0,0,1902,6365,0,0,1902,6365,California
Santa Clara,2020-12-21,2675,9044,2675,9043,0,1,0,0,2672,9036,1,1,2672,9037,California
Santa Clara,2020-12-22,3127,12171,3120,12163,7,8,0,0,3122,12156,2,3,3122,12159,California
Santa Clara,2020-12-23,3278,15449,3088,15251,190,198,0,0,3275,15430,1,4,3275,15434,California
Santa Clara,2020-12-24,1890,17339,1699,16950,191,389,0,0,1883,17311,2,6,1883,17317,California
Santa Clara,2020-12-25,349,17688,348,17298,1,390,0,0,349,17660,0,6,349,17666,California
Santa Clara,2020-12-26,1276,18964,1041,18339,235,625,0,0,1275,18935,0,6,1275,18941,California
Santa Clara,2020-12-27,659,19623,516,18855,143,768,0,0,659,19594,0,6,659,19600,California
Santa Clara,2020-12-28,2352,21975,1741,20596,611,1379,0,0,2352,21946,0,6,2352,21952,California
Santa Clara,2020-12-29,2376,24351,1510,22106,866,2245,0,0,2374,24320,0,6,2374,24326,California
Santa Clara,2020-12-30,2995,27346,1896,24002,1099,3344,0,0,2992,27309,3,9,2992,27318,California
Santa Clara,2020-12-31,1238,28584,399,24401,839,4183,0,0,1237,28545,1,10,1237,28555,California
Santa Clara,2021-01-01,151,28735,15,24416,136,4319,0,0,150,28694,1,11,150,28705,California
Santa Clara,2021-01-02,1098,29833,820,25236,278,4597,0,0,1098,29792,0,11,1098,29803,California
Santa Clara,2021-01-03,589,30422,372,25608,217,4814,0,0,584,30373,3,14,584,30387,California
Santa Clara,2021-01-04,2485,32907,1680,27288,805,5619,0,0,2482,32855,0,14,2482,32869,California
Santa Clara,2021-01-05,3104,36011,2035,29323,1069,6688,0,0,2910,35578,193,207,2916,35785,California
Santa Clara,2021-01-06,3369,39380,1994,31317,1375,8063,0,0,2761,37738,603,810,2763,38548,California
Santa Clara,2021-01-07,4241,43621,2578,33895,1663,9726,0,0,3153,39821,1077,1887,3160,41708,California
Santa Clara,2021-01-08,5892,49513,3856,37751,2036,11762,0,0,3774,41486,2109,3996,3774,45482,California
Santa Clara,2021-01-09,3039,52552,1917,39668,1122,12884,0,0,1717,41887,1319,5315,1720,47202,California
Santa Clara,2021-01-10,1973,54525,1523,41191,450,13334,0,0,752,41420,1219,6534,752,47954,California
Santa Clara,2021-01-11,6000,60525,3794,44985,2206,15540,0,0,3403,42235,2594,9128,3409,51363,California
Santa Clara,2021-01-12,6911,67436,3507,48492,3404,18944,0,0,4572,44484,2324,11452,4573,55936,California
Santa Clara,2021-01-13,7476,74912,3142,51634,4334,23278,0,0,5220,47453,2252,13704,5221,61157,California
Santa Clara,2021-01-14,8317,83229,2871,54505,5446,28724,0,0,6515,52177,1793,15497,6517,67674,California
Santa Clara,2021-01-15,9567,92796,2771,57276,6796,35520,0,0,8160,58941,1401,16898,8165,75839,California
Santa Clara,2021-01-16,4360,97156,1258,58534,3102,38622,0,0,3499,61583,857,17755,3499,79338,California
Santa Clara,2021-01-17,3245,100401,619,59153,2626,41248,0,0,2734,63810,507,18262,2734,82072,California
Santa Clara,2021-01-18,5124,105525,1178,60331,3946,45194,0,0,4559,67805,565,18827,4560,86632,California
Santa Clara,2021-01-19,8523,114048,2706,63037,5817,51011,0,0,6820,72929,1699,20526,6823,93455,California
Santa Clara,2021-01-20,8454,122502,4454,67491,4000,55011,0,0,6884,78248,1565,22091,6884,100339,California
Santa Clara,2021-01-21,8921,131423,3951,71442,4970,59981,0,0,7634,84602,1282,23373,7636,107975,California
Santa Clara,2021-01-22,8743,140166,3311,74753,5432,65413,0,0,8161,92188,578,23951,8164,116139,California
Santa Clara,2021-01-23,3810,143976,1685,76438,2125,67538,0,0,2840,94059,970,24921,2841,118980,California
Santa Clara,2021-01-24,2852,146828,1431,77869,1421,68959,0,0,2356,95924,491,25412,2356,121336,California
Santa Clara,2021-01-25,8411,155239,3809,81678,4602,73561,0,0,6322,100167,2081,27493,6324,127660,California
Santa Clara,2021-01-26,8326,163565,3796,85474,4530,78091,0,0,6171,104197,2144,29637,6174,133834,California
Santa Clara,2021-01-27,8817,172382,3888,89362,4929,83020,0,0,6868,109138,1928,31565,6869,140703,California
Santa Clara,2021-01-28,9555,181937,3828,93190,5727,88747,0,0,7553,114715,1981,33546,7558,148261,California
Santa Clara,2021-01-29,9617,191554,3967,97157,5650,94397,0,0,7414,119940,2190,35736,7415,155676,California
Santa Clara,2021-01-30,4212,195766,2094,99251,2118,96515,0,0,2983,121704,1220,36956,2984,158660,California
Santa Clara,2021-01-31,2202,197968,1321,100572,881,97396,0,0,1593,122695,602,37558,1593,160253,California
Santa Clara,2021-02-01,7879,205847,3515,104087,4364,101760,0,0,6160,127151,1706,39264,6162,166415,California
Santa Clara,2021-02-02,8669,214516,2901,106988,5768,107528,0,0,6617,131729,2042,41306,6620,173035,California
Santa Clara,2021-02-03,9296,223812,3505,110493,5791,113319,0,0,6983,136411,2307,43613,6989,180024,California
Santa Clara,2021-02-04,11043,234855,4181,114674,6862,120181,0,0,8711,142806,2320,45933,8715,188739,California
Santa Clara,2021-02-05,12029,246884,4385,119059,7644,127825,0,0,8537,147870,3474,49407,8538,197277,California
Santa Clara,2021-02-06,5233,252117,2841,121900,2392,130217,0,0,4047,150738,1181,50588,4049,201326,California
Santa Clara,2021-02-07,3492,255609,2359,124259,1133,131350,0,0,3033,153316,456,51044,3034,204360,California
Santa Clara,2021-02-08,10076,265685,3531,127790,6545,137895,0,0,7333,157919,2731,53775,7334,211694,California
Santa Clara,2021-02-09,11232,276917,3838,131628,7394,145289,0,0,7702,162111,3514,57289,7706,219400,California
Santa Clara,2021-02-10,12797,289714,4967,136595,7830,153119,0,0,6636,162609,6142,63431,6640,226040,California
Santa Clara,2021-02-11,13655,303369,4788,141383,8867,161986,0,0,7659,164293,5977,69408,7661,233701,California
Santa Clara,2021-02-12,14709,318078,4542,145925,10167,172153,0,0,6991,163594,7692,77100,6993,240694,California
Santa Clara,2021-02-13,6177,324255,1502,147427,4675,176828,0,0,2247,161922,3921,81021,2249,242943,California
Santa Clara,2021-02-14,4656,328911,1165,148592,3491,180319,0,0,1480,160232,3172,84193,1482,244425,California
Santa Clara,2021-02-15,6333,335244,2826,151418,3507,183826,0,0,2733,159375,3591,87784,2734,247159,California
Santa Clara,2021-02-16,13917,349161,4034,155452,9883,193709,0,0,6980,159442,6914,94698,6981,254140,California
Santa Clara,2021-02-17,14165,363326,5563,161015,8602,202311,0,0,7052,159409,7091,101789,7058,261198,California
Santa Clara,2021-02-18,14362,377688,8470,169485,5892,208203,0,0,7312,159723,7002,108791,7316,268514,California
Santa Clara,2021-02-19,15039,392727,9659,179144,5380,213583,0,0,8734,162182,6282,115073,8741,277255,California
Santa Clara,2021-02-20,7073,399800,5298,184442,1775,215358,0,0,3799,162725,3257,118330,3800,281055,California
Santa Clara,2021-02-21,3441,403241,2563,187005,878,216236,0,0,1284,161873,2138,120468,1286,282341,California
Santa Clara,2021-02-22,10790,414031,6431,193436,4359,220595,0,0,5001,161116,5759,126227,5002,287343,California
Santa Clara,2021-02-23,12492,426523,8063,201499,4429,225024,0,0,7058,162769,5409,131636,7062,294405,California
Santa Clara,2021-02-24,14751,441274,9481,210980,5270,230294,0,0,9068,166177,5660,137296,9068,303473,California
Santa Clara,2021-02-25,15274,456548,9731,220711,5543,235837,0,0,8321,167583,6923,144219,8329,311802,California
Santa Clara,2021-02-26,15022,471570,8704,229415,6318,242155,0,0,8176,168953,6813,151032,8183,319985,California
Santa Clara,2021-02-27,8323,479893,5739,235154,2583,244738,1,1,4642,169933,3670,154702,4650,324635,California
Santa Clara,2021-02-28,5384,485277,3678,238832,1706,246444,0,1,2671,169908,2697,157399,2672,327307,California
Santa Clara,2021-03-01,14565,499842,8378,247210,6181,252625,6,7,9021,173414,5521,162920,9027,336334,California
Santa Clara,2021-03-02,16173,516015,9571,256781,6600,259225,2,9,10318,177905,5829,168749,10320,346654,California
Santa Clara,2021-03-03,18698,534713,9255,266036,9439,268664,4,13,11625,182506,7032,175781,11633,358287,California
Santa Clara,2021-03-04,16583,551296,9023,275059,7557,276221,3,16,9644,185308,6848,182629,9650,367937,California
Santa Clara,2021-03-05,16647,567943,9263,284322,7258,283479,126,142,9238,187295,7383,190012,9370,377307,California
Santa Clara,2021-03-06,9452,577395,6326,290648,2676,286155,450,592,7090,192485,2350,192362,7540,384847,California
Santa Clara,2021-03-07,6840,584235,4482,295130,2111,288266,247,839,5442,196785,1386,193748,5686,390533,California
Santa Clara,2021-03-08,12938,597173,6745,301875,5620,293886,573,1412,8299,201032,4622,198370,8869,399402,California
Santa Clara,2021-03-09,15328,612501,6536,308411,7463,301349,1329,2741,6910,200865,8395,206765,8228,407630,California
Santa Clara,2021-03-10,15291,627792,6711,315122,6464,307813,2116,4857,6319,200330,8938,215703,8403,416033,California
Santa Clara,2021-03-11,17150,644942,7796,322918,7850,315663,1504,6361,6074,196852,11037,226740,7559,423592,California
Santa Clara,2021-03-12,17763,662705,9134,332052,7060,322723,1569,7930,5948,192575,11765,238505,7488,431080,California
Santa Clara,2021-03-13,10876,673581,6302,338354,3070,325793,1504,9434,4838,192874,6012,244517,6311,437391,California
Santa Clara,2021-03-14,6549,680130,3407,341761,1837,327630,1305,10739,3171,193973,3359,247876,4458,441849,California
Santa Clara,2021-03-15,12854,692984,6569,348330,6007,333637,278,11017,5922,193270,6902,254778,6199,448048,California
Santa Clara,2021-03-16,18336,711320,10359,358689,7768,341405,209,11226,8763,192697,9542,264320,8969,457017,California
Santa Clara,2021-03-17,20119,731439,11438,370127,8512,349917,169,11395,10287,193373,9774,274094,10450,467467,California
Santa Clara,2021-03-18,19341,750780,9082,379209,9095,359012,1164,12559,9058,193359,10223,284317,10209,477676,California
Santa Clara,2021-03-19,19561,770341,10095,389304,8458,367470,1008,13567,9995,194854,9498,293815,10993,488669,California
Santa Clara,2021-03-20,11608,781949,6403,395707,4373,371843,832,14399,6750,197604,4827,298642,7577,496246,California
Santa Clara,2021-03-21,8371,790320,3847,399554,3129,374972,1395,15794,5350,201329,3004,301646,6729,502975,California
Santa Clara,2021-03-22,16561,806881,9235,408789,6972,381944,354,16148,9156,203461,7374,309020,9506,512481,California
Santa Clara,2021-03-23,19513,826394,12394,421183,6594,388538,525,16673,11223,206967,8237,317257,11743,524224,California
Santa Clara,2021-03-24,22823,849217,14646,435829,7759,396297,418,17091,14653,213912,8126,325383,15071,539295,California
Santa Clara,2021-03-25,23116,872333,13223,449052,8901,405198,992,18083,14847,221536,8196,333579,15820,555115,California
Santa Clara,2021-03-26,22133,894466,14066,463118,7675,412873,392,18475,13621,227069,8470,342049,14003,569118,California
Santa Clara,2021-03-27,15788,910254,10502,473620,4516,417389,770,19245,8475,229044,7265,349314,9240,578358,California
Santa Clara,2021-03-28,12094,922348,8390,482010,2987,420376,717,19962,6492,230670,5575,354889,7201,585559,California
Santa Clara,2021-03-29,20708,943056,12643,494653,7338,427714,727,20689,11211,233145,9451,364340,11926,597485,California
Santa Clara,2021-03-30,25794,968850,15286,509939,8556,436270,1952,22641,16221,241773,9528,373868,18156,615641,California
Santa Clara,2021-03-31,20639,989489,11940,521879,7562,443832,1137,23778,12566,247437,8023,381891,13687,629328,California
Santa Clara,2021-04-01,32054,1021543,19886,541765,9050,452882,3118,26896,20239,259013,11737,393628,23313,652641,California
Santa Clara,2021-04-02,25429,1046972,14399,556164,8801,461683,2229,29125,16597,269027,8784,402412,18798,671439,California
Santa Clara,2021-04-03,15396,1062368,9327,565491,3522,465205,2547,31672,8517,273212,6856,409268,11041,682480,California
Santa Clara,2021-04-04,7663,1070031,4051,569542,2435,467640,1177,32849,3977,274673,3674,412942,5135,687615,California
Santa Clara,2021-04-05,22013,1092044,14621,584163,4892,472532,2500,35349,14385,283941,7593,420535,16861,704476,California
Santa Clara,2021-04-06,29775,1121819,16371,600534,7903,480435,5501,40850,17838,295353,11881,432416,23293,727769,California
Santa Clara,2021-04-07,31066,1152885,16032,616566,8514,488949,6520,47370,18951,308727,12054,444470,25428,753197,California
Santa Clara,2021-04-08,30177,1183062,16462,633028,6063,495012,7652,55022,16424,319071,13673,458143,24017,777214,California
Santa Clara,2021-04-09,28280,1211342,13993,647021,6959,501971,7328,62350,14445,327008,13765,471908,21702,798916,California
Santa Clara,2021-04-10,21661,1233003,12479,659500,3811,505782,5371,67721,11551,333804,10069,481977,16865,815781,California
Santa Clara,2021-04-11,16108,1249111,9651,669151,2668,508450,3789,71510,8335,338159,7738,489715,12093,827874,California
Santa Clara,2021-04-12,27159,1276270,19078,688229,5593,514043,2488,73998,18466,350472,8627,498342,20940,848814,California
Santa Clara,2021-04-13,34685,1310955,27269,715498,7387,521430,29,74027,26710,369338,7896,506238,26762,875576,California
Santa Clara,2021-04-14,37220,1348175,28205,743703,9011,530441,4,74031,26383,385001,10763,517001,26426,902002,California
Santa Clara,2021-04-15,44698,1392873,34583,778286,10109,540550,6,74037,34352,409162,10223,527224,34384,936386,California
Santa Clara,2021-04-16,38905,1431778,26630,804916,12271,552821,4,74041,27817,426007,11003,538227,27848,964234,California
Santa Clara,2021-04-17,22364,1454142,15295,820211,7067,559888,2,74043,15352,434434,6947,545174,15374,979608,California
Santa Clara,2021-04-18,16959,1471101,11152,831363,5807,565695,0,74043,10603,438727,6323,551497,10616,990224,California
Santa Clara,2021-04-19,29337,1500438,21204,852567,8132,573827,1,74044,17566,444637,11692,563189,17602,1007826,California
Santa Clara,2021-04-20,38136,1538574,23496,876063,14638,588465,2,74046,23242,453149,14771,577960,23283,1031109,California
Santa Clara,2021-04-21,38196,1576770,22575,898638,15619,604084,2,74048,25013,465130,13075,591035,25056,1056165,California
Santa Clara,2021-04-22,37978,1614748,25473,924111,12504,616588,1,74049,17887,463113,19981,611016,17964,1074129,California
Santa Clara,2021-04-23,32789,1647537,20160,944271,12628,629216,1,74050,15341,461177,17338,628354,15402,1089531,California
Santa Clara,2021-04-24,21223,1668760,15504,959775,5718,634934,1,74051,12053,464168,9095,637449,12086,1101617,California
Santa Clara,2021-04-25,13612,1682372,9840,969615,3766,638700,6,74057,8684,467998,4884,642333,8714,1110331,California
Santa Clara,2021-04-26,25527,1707899,19716,989331,5751,644451,60,74117,10615,463885,14813,657146,10700,1121031,California
Santa Clara,2021-04-27,28000,1735899,19966,1009297,7647,652098,387,74504,12209,460838,15695,672841,12648,1133679,California
Santa Clara,2021-04-28,26587,1762486,19796,1029093,6352,658450,439,74943,11276,457401,15223,688064,11786,1145465,California
Santa Clara,2021-04-29,24518,1787004,17993,1047086,6125,664575,400,75343,9220,451890,15214,703278,9703,1155168,California
Santa Clara,2021-04-30,23699,1810703,16343,1063429,6986,671561,370,75713,10141,449031,13461,716739,10602,1165770,California
Santa Clara,2021-05-01,17527,1828230,14523,1077952,2739,674300,265,75978,5512,442892,11960,728699,5821,1171591,California
Santa Clara,2021-05-02,11309,1839539,9382,1087334,1693,675993,234,76212,3492,438867,7771,736470,3746,1175337,California
Santa Clara,2021-05-03,22893,1862432,19386,1106720,3075,679068,432,76644,5142,426815,17671,754141,5619,1180956,California
Santa Clara,2021-05-04,31172,1893604,24496,1131216,6132,685200,544,77188,5564,407476,25496,779637,6157,1187113,California
Santa Clara,2021-05-05,32796,1926400,25046,1156262,7206,692406,544,77732,5531,386414,27166,806803,6104,1193217,California
Santa Clara,2021-05-06,35962,1962362,30033,1186295,5456,697862,473,78205,4784,360653,31041,837844,5280,1198497,California
Santa Clara,2021-05-07,32915,1995277,26494,1212789,5931,703793,490,78695,4709,337832,28069,865913,5248,1203745,California
Santa Clara,2021-05-08,17221,2012498,14121,1226910,2675,706468,425,79120,3714,328571,13415,879328,4154,1207899,California
Santa Clara,2021-05-09,10577,2023075,9205,1236115,1186,707654,186,79306,2333,322897,8206,887534,2532,1210431,California
Santa Clara,2021-05-10,21152,2044227,16977,1253092,3772,711426,403,79709,2645,307544,18422,905956,3069,1213500,California
Santa Clara,2021-05-11,22888,2067115,17324,1270416,5119,716545,445,80154,4024,293248,18771,924727,4475,1217975,California
Santa Clara,2021-05-12,21567,2088682,15887,1286303,5156,721701,524,80678,4245,280801,17222,941949,4775,1222750,California
Santa Clara,2021-05-13,28358,2117040,22981,1309284,5075,726776,302,80980,11266,275375,17003,958952,11577,1234327,California
Santa Clara,2021-05-14,27961,2145001,19567,1328851,8004,734780,390,81370,9640,267196,18222,977174,10043,1244370,California
Santa Clara,2021-05-15,21009,2166010,16904,1345755,3825,738605,280,81650,8141,262845,12780,989954,8429,1252799,California
Santa Clara,2021-05-16,16420,2182430,13426,1359181,2818,741423,176,81826,5366,257420,10970,1000924,5545,1258344,California
Santa Clara,2021-05-17,20441,2202871,16086,1375267,3987,745410,368,82194,6862,251151,13501,1014425,7232,1265576,California
Santa Clara,2021-05-18,26191,2229062,16745,1392012,9031,754441,415,82609,7167,239849,18885,1033310,7583,1273159,California
Santa Clara,2021-05-19,24627,2253689,14416,1406428,9788,764229,423,83032,7304,230374,17209,1050519,7734,1280893,California
Santa Clara,2021-05-20,18537,2272226,12201,1418629,5885,770114,451,83483,6099,224573,12347,1062866,6546,1287439,California
Santa Clara,2021-05-21,22338,2294564,14849,1433478,6992,777106,497,83980,7381,217618,14847,1077713,7892,1295331,California
Santa Clara,2021-05-22,12993,2307557,9843,1443321,2795,779901,355,84335,5692,216435,7235,1084948,6052,1301383,California
Santa Clara,2021-05-23,8408,2315965,6255,1449576,1951,781852,202,84537,3379,215035,4983,1089931,3583,1304966,California
Santa Clara,2021-05-24,10914,2326879,7876,1457452,2589,784441,449,84986,3788,212208,7065,1096996,4238,1309204,California
Santa Clara,2021-05-25,11493,2338372,7957,1465409,3117,787558,419,85405,4401,210011,7015,1104011,4818,1314022,California
Santa Clara,2021-05-26,10434,2348806,6772,1472181,3325,790883,337,85742,3962,207938,6366,1110377,4293,1318315,California
Santa Clara,2021-05-27,9413,2358219,6009,1478190,2929,793812,475,86217,3511,206083,5834,1116211,3979,1322294,California
Santa Clara,2021-05-28,10905,2369124,7074,1485264,3402,797214,429,86646,4446,204568,6392,1122603,4877,1327171,California
Santa Clara,2021-05-29,6354,2375478,4333,1489597,1739,798953,282,86928,2707,203950,3604,1126207,2986,1330157,California
Santa Clara,2021-05-30,3860,2379338,2904,1492501,747,799700,209,87137,1828,203983,2003,1128210,2036,1332193,California
Santa Clara,2021-05-31,1097,2380435,629,1493130,359,800059,109,87246,439,203881,650,1128860,548,1332741,California
Santa Clara,2021-06-01,9080,2389515,6377,1499507,2319,802378,384,87630,3009,201279,5994,1134854,3392,1336133,California
Santa Clara,2021-06-02,7710,2397225,5540,1505047,1818,804196,352,87982,2907,199784,4745,1139599,3250,1339383,California
Santa Clara,2021-06-03,12244,2409469,10137,1515184,1740,805936,367,88349,2631,193232,9553,1149152,3001,1342384,California
Santa Clara,2021-06-04,13620,2423089,11405,1526589,1899,807835,316,88665,3283,186552,10272,1159424,3592,1345976,California
Santa Clara,2021-06-05,10510,2433599,9033,1535622,1217,809052,260,88925,2195,180743,8262,1167686,2453,1348429,California
Santa Clara,2021-06-06,6929,2440528,6179,1541801,596,809648,154,89079,1352,176725,5523,1173209,1505,1349934,California
Santa Clara,2021-06-07,9930,2450458,8371,1550172,1317,810965,242,89321,2294,171662,7597,1180806,2534,1352468,California
Santa Clara,2021-06-08,9172,2459630,7492,1557664,1410,812375,270,89591,2452,167720,6661,1187467,2719,1355187,California
Santa Clara,2021-06-09,9536,2469166,7956,1565620,1327,813702,253,89844,2259,163014,7213,1194680,2507,1357694,California
Santa Clara,2021-06-10,8328,2477494,6914,1572534,1084,814786,330,90174,2250,159566,6024,1200704,2576,1360270,California
Santa Clara,2021-06-11,10244,2487738,8697,1581231,1269,816055,278,90452,2525,154701,7668,1208372,2803,1363073,California
Santa Clara,2021-06-12,7186,2494924,5987,1587218,1034,817089,165,90617,1700,151126,5441,1213813,1866,1364939,California
Santa Clara,2021-06-13,3744,2498668,3025,1590243,606,817695,113,90730,870,149259,2850,1216663,983,1365922,California
Santa Clara,2021-06-14,5975,2504643,4830,1595073,912,818607,233,90963,1944,147439,3997,1220660,2177,1368099,California
Santa Clara,2021-06-15,7368,2512011,5967,1601040,1100,819707,301,91264,2078,144580,5240,1225900,2381,1370480,California
Santa Clara,2021-06-16,6371,2518382,5157,1606197,906,820613,308,91572,2092,142750,4231,1230131,2401,1372881,California
Santa Clara,2021-06-17,5367,2523749,4348,1610545,774,821387,245,91817,1835,141365,3461,1233592,2076,1374957,California
Santa Clara,2021-06-18,5446,2529195,4393,1614938,881,822268,172,91989,1790,139752,3574,1237166,1961,1376918,California
Santa Clara,2021-06-19,4528,2533723,3622,1618560,705,822973,201,92190,1285,138033,3205,1240371,1486,1378404,California
Santa Clara,2021-06-20,2144,2535867,1759,1620319,321,823294,64,92254,677,137325,1449,1241820,741,1379145,California
Santa Clara,2021-06-21,3699,2539566,2784,1623103,687,823981,228,92482,1805,137494,1861,1243681,2030,1381175,California
Santa Clara,2021-06-22,5089,2544655,4060,1627163,805,824786,224,92706,1709,136083,3342,1247023,1931,1383106,California
Santa Clara,2021-06-23,4476,2549131,3521,1630684,755,825541,200,92906,1607,135053,2835,1249858,1805,1384911,California
Santa Clara,2021-06-24,4367,2553498,3379,1634063,784,826325,204,93110,1612,134167,2702,1252560,1816,1386727,California
Santa Clara,2021-06-25,5522,2559020,4511,1638574,801,827126,210,93320,1894,132693,3574,1256134,2100,1388827,California
Santa Clara,2021-06-26,3685,2562705,2936,1641510,610,827736,139,93459,1335,131855,2310,1258444,1472,1390299,California
Santa Clara,2021-06-27,1986,2564691,1549,1643059,350,828086,87,93546,685,131339,1287,1259731,771,1391070,California
Santa Clara,2021-06-28,4056,2568747,3422,1646481,407,828493,227,93773,1556,130647,2472,1262203,1780,1392850,California
Santa Clara,2021-06-29,4132,2572879,3218,1649699,732,829225,182,93955,1589,129911,2507,1264710,1771,1394621,California
Santa Clara,2021-06-30,3700,2576579,2895,1652594,629,829854,176,94131,1421,129257,2254,1266964,1600,1396221,California
Santa Clara,2021-07-01,3499,2580078,2768,1655362,538,830392,193,94324,1337,128642,2143,1269107,1528,1397749,California
Santa Clara,2021-07-02,4031,2584109,3264,1658626,606,830998,161,94485,1544,127898,2451,1271558,1707,1399456,California
Santa Clara,2021-07-03,2357,2586466,1837,1660463,412,831410,108,94593,979,127632,1353,1272911,1087,1400543,California
Santa Clara,2021-07-04,105,2586571,70,1660533,22,831432,13,94606,52,127644,53,1272964,65,1400608,California
Santa Cruz,2020-12-15,2,2,2,2,0,0,0,0,2,2,0,0,2,2,California
Santa Cruz,2020-12-16,57,59,57,59,0,0,0,0,57,59,0,0,57,59,California
Santa Cruz,2020-12-17,389,448,389,448,0,0,0,0,389,448,0,0,389,448,California
Santa Cruz,2020-12-18,465,913,465,913,0,0,0,0,465,913,0,0,465,913,California
Santa Cruz,2020-12-19,183,1096,182,1095,1,1,0,0,183,1096,0,0,183,1096,California
Santa Cruz,2020-12-20,93,1189,93,1188,0,1,0,0,93,1189,0,0,93,1189,California
Santa Cruz,2020-12-21,437,1626,436,1624,1,2,0,0,437,1626,0,0,437,1626,California
Santa Cruz,2020-12-22,423,2049,422,2046,1,3,0,0,423,2049,0,0,423,2049,California
Santa Cruz,2020-12-23,369,2418,325,2371,44,47,0,0,369,2418,0,0,369,2418,California
Santa Cruz,2020-12-24,123,2541,47,2418,76,123,0,0,123,2541,0,0,123,2541,California
Santa Cruz,2020-12-25,9,2550,9,2427,0,123,0,0,9,2550,0,0,9,2550,California
Santa Cruz,2020-12-26,65,2615,46,2473,19,142,0,0,65,2615,0,0,65,2615,California
Santa Cruz,2020-12-27,32,2647,27,2500,5,147,0,0,32,2647,0,0,32,2647,California
Santa Cruz,2020-12-28,483,3130,108,2608,375,522,0,0,483,3130,0,0,483,3130,California
Santa Cruz,2020-12-29,795,3925,367,2975,428,950,0,0,795,3925,0,0,795,3925,California
Santa Cruz,2020-12-30,357,4282,165,3140,192,1142,0,0,357,4282,0,0,357,4282,California
Santa Cruz,2020-12-31,311,4593,11,3151,300,1442,0,0,311,4593,0,0,311,4593,California
Santa Cruz,2021-01-01,33,4626,1,3152,32,1474,0,0,33,4626,0,0,33,4626,California
Santa Cruz,2021-01-02,68,4694,55,3207,13,1487,0,0,68,4694,0,0,68,4694,California
Santa Cruz,2021-01-03,15,4709,7,3214,8,1495,0,0,15,4709,0,0,15,4709,California
Santa Cruz,2021-01-04,281,4990,123,3337,158,1653,0,0,279,4988,0,0,279,4988,California
Santa Cruz,2021-01-05,571,5561,434,3771,137,1790,0,0,269,4955,302,302,269,5257,California
Santa Cruz,2021-01-06,801,6362,669,4440,132,1922,0,0,463,5081,337,639,463,5720,California
Santa Cruz,2021-01-07,538,6900,211,4651,327,2249,0,0,384,5312,154,793,385,6105,California
Santa Cruz,2021-01-08,940,7840,566,5217,374,2623,0,0,491,5355,449,1242,492,6597,California
Santa Cruz,2021-01-09,469,8309,127,5344,342,2965,0,0,411,5708,58,1300,411,7008,California
Santa Cruz,2021-01-10,77,8386,68,5412,9,2974,0,0,20,5671,57,1357,20,7028,California
Santa Cruz,2021-01-11,729,9115,592,6004,137,3111,0,0,195,5333,534,1891,196,7224,California
Santa Cruz,2021-01-12,734,9849,530,6534,204,3315,0,0,491,5581,243,2134,491,7715,California
Santa Cruz,2021-01-13,532,10381,234,6768,298,3613,0,0,445,5942,84,2218,445,8160,California
Santa Cruz,2021-01-14,556,10937,103,6871,453,4066,0,0,490,6366,66,2284,490,8650,California
Santa Cruz,2021-01-15,1459,12396,77,6948,1382,5448,0,0,1395,7699,64,2348,1397,10047,California
Santa Cruz,2021-01-16,423,12819,53,7001,370,5818,0,0,404,8084,19,2367,404,10451,California
Santa Cruz,2021-01-17,299,13118,41,7042,258,6076,0,0,274,8333,25,2392,274,10725,California
Santa Cruz,2021-01-18,1013,14131,102,7144,911,6987,0,0,951,9222,62,2454,951,11676,California
Santa Cruz,2021-01-19,1627,15758,525,7669,1102,8089,0,0,1275,10148,350,2804,1276,12952,California
Santa Cruz,2021-01-20,1251,17009,182,7851,1069,9158,0,0,1049,10998,199,3003,1049,14001,California
Santa Cruz,2021-01-21,1753,18762,227,8078,1526,10684,0,0,1644,12535,109,3112,1646,15647,California
Santa Cruz,2021-01-22,1805,20567,525,8603,1280,11964,0,0,1702,14138,100,3212,1703,17350,California
Santa Cruz,2021-01-23,404,20971,150,8753,254,12218,0,0,344,14423,59,3271,344,17694,California
Santa Cruz,2021-01-24,111,21082,19,8772,92,12310,0,0,94,14500,17,3288,94,17788,California
Santa Cruz,2021-01-25,1062,22144,363,9135,699,13009,0,0,551,14540,511,3799,551,18339,California
Santa Cruz,2021-01-26,1698,23842,253,9388,1445,14454,0,0,1184,15210,514,4313,1184,19523,California
Santa Cruz,2021-01-27,1678,25520,456,9844,1222,15676,0,0,1288,16110,388,4701,1288,20811,California
Santa Cruz,2021-01-28,1768,27288,292,10136,1476,17152,0,0,1490,17323,278,4979,1491,22302,California
Santa Cruz,2021-01-29,1752,29040,492,10628,1260,18412,0,0,1618,18808,133,5112,1618,23920,California
Santa Cruz,2021-01-30,1075,30115,309,10937,766,19178,0,0,940,19613,135,5247,940,24860,California
Santa Cruz,2021-01-31,222,30337,110,11047,112,19290,0,0,208,19807,14,5261,208,25068,California
Santa Cruz,2021-02-01,1232,31569,755,11802,477,19767,0,0,824,20223,408,5669,824,25892,California
Santa Cruz,2021-02-02,1021,32590,130,11932,891,20658,0,0,865,20933,155,5824,865,26757,California
Santa Cruz,2021-02-03,2236,34826,956,12888,1280,21938,0,0,1919,22540,312,6136,1919,28676,California
Santa Cruz,2021-02-04,1854,36680,767,13655,1087,23025,0,0,1510,23708,342,6478,1510,30186,California
Santa Cruz,2021-02-05,3179,39859,789,14444,2390,25415,0,0,2859,26248,319,6797,2859,33045,California
Santa Cruz,2021-02-06,2582,42441,157,14601,2425,27840,0,0,2236,28138,346,7143,2236,35281,California
Santa Cruz,2021-02-07,916,43357,122,14723,794,28634,0,0,898,29018,18,7161,898,36179,California
Santa Cruz,2021-02-08,716,44073,200,14923,516,29150,0,0,517,29337,198,7359,517,36696,California
Santa Cruz,2021-02-09,2373,46446,1055,15978,1318,30468,0,0,2106,31176,267,7626,2106,38802,California
Santa Cruz,2021-02-10,2213,48659,576,16554,1637,32105,0,0,1510,31995,692,8318,1511,40313,California
Santa Cruz,2021-02-11,1866,50525,318,16872,1548,33653,0,0,1313,32757,551,8869,1313,41626,California
Santa Cruz,2021-02-12,3248,53773,425,17297,2823,36476,0,0,1829,33178,1410,10279,1831,43457,California
Santa Cruz,2021-02-13,1733,55506,125,17422,1608,38084,0,0,1319,34084,413,10692,1319,44776,California
Santa Cruz,2021-02-14,1408,56914,68,17490,1340,39424,0,0,1146,34968,262,10954,1146,45922,California
Santa Cruz,2021-02-15,1591,58505,283,17773,1308,40732,0,0,567,34512,1024,11978,568,46490,California
Santa Cruz,2021-02-16,1715,60220,216,17989,1499,42231,0,0,541,33901,1152,13130,541,47031,California
Santa Cruz,2021-02-17,2934,63154,981,18970,1953,44184,0,0,1221,33425,1700,14830,1224,48255,California
Santa Cruz,2021-02-18,2903,66057,640,19610,2263,46447,0,0,1232,32992,1665,16495,1232,49487,California
Santa Cruz,2021-02-19,3288,69345,1157,20767,2131,48578,0,0,2015,33737,1270,17765,2015,51502,California
Santa Cruz,2021-02-20,2444,71789,1533,22300,911,49489,0,0,1913,35119,531,18296,1913,53415,California
Santa Cruz,2021-02-21,870,72659,379,22679,491,49980,0,0,739,35729,129,18425,739,54154,California
Santa Cruz,2021-02-22,1304,73963,1010,23689,294,50274,0,0,548,35524,753,19178,548,54702,California
Santa Cruz,2021-02-23,2134,76097,960,24649,1174,51448,0,0,723,34838,1409,20587,723,55425,California
Santa Cruz,2021-02-24,3232,79329,1682,26331,1550,52998,0,0,1222,34055,2005,22592,1222,56647,California
Santa Cruz,2021-02-25,3275,82604,1446,27777,1829,54827,0,0,1806,34403,1460,24052,1808,58455,California
Santa Cruz,2021-02-26,2751,85355,768,28545,1983,56810,0,0,1568,34795,1178,25230,1570,60025,California
Santa Cruz,2021-02-27,2648,88003,932,29477,1715,58525,1,1,1845,35840,801,26031,1846,61871,California
Santa Cruz,2021-02-28,1311,89314,370,29847,941,59466,0,1,1087,36706,221,26252,1087,62958,California
Santa Cruz,2021-03-01,1910,91224,1255,31102,655,60121,0,1,723,36245,1184,27436,723,63681,California
Santa Cruz,2021-03-02,1555,92779,371,31473,1184,61305,0,1,874,36442,680,28116,877,64558,California
Santa Cruz,2021-03-03,2377,95156,646,32119,1731,63036,0,1,1304,36675,1071,29187,1304,65862,California
Santa Cruz,2021-03-04,3021,98177,1419,33538,1601,64637,1,2,2029,37726,980,30167,2031,67893,California
Santa Cruz,2021-03-05,2653,100830,502,34040,2133,66770,18,20,1160,37414,1490,31657,1178,69071,California
Santa Cruz,2021-03-06,3877,104707,1347,35387,2424,69194,106,126,2164,37971,1712,33369,2269,71340,California
Santa Cruz,2021-03-07,1351,106058,128,35515,1150,70344,73,199,560,37815,789,34158,633,71973,California
Santa Cruz,2021-03-08,1120,107178,225,35740,764,71108,131,330,672,38168,448,34606,801,72774,California
Santa Cruz,2021-03-09,1825,109003,273,36013,1400,72508,152,482,725,37949,1096,35702,877,73651,California
Santa Cruz,2021-03-10,3906,112909,2102,38115,1654,74162,150,632,2017,38230,1887,37589,2168,75819,California
Santa Cruz,2021-03-11,2841,115750,1230,39345,1436,75598,175,807,1561,38690,1279,38868,1739,77558,California
Santa Cruz,2021-03-12,2794,118544,890,40235,1608,77206,296,1103,928,38050,1862,40730,1222,78780,California
Santa Cruz,2021-03-13,2349,120893,1344,41579,963,78169,42,1145,1186,38118,1160,41890,1228,80008,California
Santa Cruz,2021-03-14,916,121809,221,41800,682,78851,13,1158,439,38094,475,42365,451,80459,California
Santa Cruz,2021-03-15,1367,123176,479,42279,851,79702,37,1195,582,37933,781,43146,620,81079,California
Santa Cruz,2021-03-16,2389,125565,1148,43427,1196,80898,45,1240,1380,38352,1004,44150,1423,82502,California
Santa Cruz,2021-03-17,4072,129637,2418,45845,1643,82541,11,1251,2693,39686,1372,45522,2706,85208,California
Santa Cruz,2021-03-18,3955,133592,2134,47979,1702,84243,119,1370,2133,40118,1819,47341,2251,87459,California
Santa Cruz,2021-03-19,3466,137058,1380,49359,1862,86105,224,1594,1825,40531,1636,48977,2049,89508,California
Santa Cruz,2021-03-20,2246,139304,1648,51007,531,86636,67,1661,1102,40557,1143,50120,1169,90677,California
Santa Cruz,2021-03-21,883,140187,477,51484,280,86916,126,1787,474,40752,406,50526,601,91278,California
Santa Cruz,2021-03-22,1445,141632,884,52368,538,87454,23,1810,1011,41357,430,50956,1035,92313,California
Santa Cruz,2021-03-23,2624,144256,1474,53842,1099,88553,51,1861,1750,42287,871,51827,1801,94114,California
Santa Cruz,2021-03-24,3145,147401,2131,55973,993,89546,21,1882,2087,43343,1051,52878,2107,96221,California
Santa Cruz,2021-03-25,2681,150082,1347,57320,1297,90843,37,1919,1356,43418,1317,54195,1392,97613,California
Santa Cruz,2021-03-26,3169,153251,1836,59156,1305,92148,28,1947,2153,44589,1009,55204,2180,99793,California
Santa Cruz,2021-03-27,3245,156496,2022,61178,1196,93344,27,1974,1512,44408,1722,56926,1541,101334,California
Santa Cruz,2021-03-28,937,157433,579,61757,344,93688,14,1988,493,44475,440,57366,507,101841,California
Santa Cruz,2021-03-29,2016,159449,891,62648,1058,94746,67,2055,1278,45086,734,58100,1345,103186,California
Santa Cruz,2021-03-30,2742,162191,826,63474,1752,96498,164,2219,1739,45989,999,59099,1902,105088,California
Santa Cruz,2021-03-31,4212,166403,2849,66323,1313,97811,50,2269,2215,46262,1992,61091,2265,107353,California
Santa Cruz,2021-04-01,4087,170490,2178,68501,1800,99611,109,2378,2071,46432,2009,63100,2179,109532,California
Santa Cruz,2021-04-02,3329,173819,1435,69936,1713,101324,181,2559,1900,47088,1425,64525,2081,111613,California
Santa Cruz,2021-04-03,2281,176100,1244,71180,901,102225,136,2695,891,46726,1388,65913,1026,112639,California
Santa Cruz,2021-04-04,944,177044,493,71673,395,102620,56,2751,551,46939,393,66306,606,113245,California
Santa Cruz,2021-04-05,2280,179324,797,72470,1316,103936,167,2918,1400,47628,879,67185,1568,114813,California
Santa Cruz,2021-04-06,3435,182759,1670,74140,1382,105318,383,3301,1976,48533,1448,68633,2353,117166,California
Santa Cruz,2021-04-07,4225,186984,1669,75809,2185,107503,371,3672,1819,48318,2403,71036,2188,119354,California
Santa Cruz,2021-04-08,4330,191314,2376,78185,1429,108932,525,4197,2548,49619,1770,72806,3071,122425,California
Santa Cruz,2021-04-09,3757,195071,1529,79714,1817,110749,411,4608,2110,50501,1640,74446,2522,124947,California
Santa Cruz,2021-04-10,2304,197375,1104,80818,938,111687,262,4870,1087,50634,1213,75659,1346,126293,California
Santa Cruz,2021-04-11,1016,198391,534,81352,387,112074,95,4965,494,50700,522,76181,588,126881,California
Santa Cruz,2021-04-12,2353,200744,843,82195,1084,113158,426,5391,1125,51037,1214,77395,1551,128432,California
Santa Cruz,2021-04-13,2973,203717,1479,83674,1492,114650,2,5393,1667,51409,1297,78692,1669,130101,California
Santa Cruz,2021-04-14,4774,208491,2301,85975,2473,117123,0,5393,2303,51254,2460,81152,2305,132406,California
Santa Cruz,2021-04-15,5130,213621,3252,89227,1878,119001,0,5393,3208,52557,1907,83059,3210,135616,California
Santa Cruz,2021-04-16,4621,218242,2561,91788,2058,121059,2,5395,2497,52943,2115,85174,2501,138117,California
Santa Cruz,2021-04-17,2288,220530,912,92700,1376,122435,0,5395,1503,53664,782,85956,1503,139620,California
Santa Cruz,2021-04-18,1116,221646,554,93254,561,122996,1,5396,607,53767,505,86461,608,140228,California
Santa Cruz,2021-04-19,2607,224253,1534,94788,1072,124068,1,5397,1616,54395,988,87449,1616,141844,California
Santa Cruz,2021-04-20,3290,227543,1760,96548,1530,125598,0,5397,1862,54841,1416,88865,1862,143706,California
Santa Cruz,2021-04-21,4434,231977,2982,99530,1452,127050,0,5397,2394,55215,2021,90886,2395,146101,California
Santa Cruz,2021-04-22,4404,236381,2986,102516,1418,128468,0,5397,2459,55740,1935,92821,2460,148561,California
Santa Cruz,2021-04-23,3239,239620,1761,104277,1477,129945,1,5398,1405,55322,1824,94645,1406,149967,California
Santa Cruz,2021-04-24,2263,241883,1089,105366,1171,131116,3,5401,693,54459,1559,96204,696,150663,California
Santa Cruz,2021-04-25,1094,242977,704,106070,377,131493,13,5414,452,54289,633,96837,463,151126,California
Santa Cruz,2021-04-26,2166,245143,1080,107150,1069,132562,17,5431,908,53969,1246,98083,926,152052,California
Santa Cruz,2021-04-27,3035,248178,1000,108150,1953,134515,82,5513,1519,54062,1508,99591,1601,153653,California
Santa Cruz,2021-04-28,3519,251697,1963,110113,1479,135994,77,5590,1847,54324,1659,101250,1921,155574,California
Santa Cruz,2021-04-29,3825,255522,2557,112670,1205,137199,63,5653,1345,53264,2470,103720,1410,156984,California
Santa Cruz,2021-04-30,2408,257930,1223,113893,1142,138341,43,5696,1013,52934,1387,105107,1057,158041,California
Santa Cruz,2021-05-01,1317,259247,1045,114938,239,138580,33,5729,602,52859,711,105818,636,158677,California
Santa Cruz,2021-05-02,655,259902,463,115401,166,138746,26,5755,214,52659,441,106259,241,158918,California
Santa Cruz,2021-05-03,1934,261836,1001,116402,866,139612,67,5822,655,52115,1268,107527,724,159642,California
Santa Cruz,2021-05-04,2738,264574,1599,118001,1068,140680,71,5893,878,51206,1856,109383,947,160589,California
Santa Cruz,2021-05-05,2829,267403,1426,119427,1322,142002,81,5974,746,49998,2040,111423,832,161421,California
Santa Cruz,2021-05-06,3914,271317,2503,121930,1190,143192,221,6195,879,48079,3016,114439,1097,162518,California
Santa Cruz,2021-05-07,2808,274125,1301,123231,1424,144616,83,6278,437,46236,2365,116804,522,163040,California
Santa Cruz,2021-05-08,1426,275551,745,123976,653,145269,28,6306,392,45625,1033,117837,422,163462,California
Santa Cruz,2021-05-09,533,276084,338,124314,172,145441,23,6329,158,45433,373,118210,181,163643,California
Santa Cruz,2021-05-10,2115,278199,1275,125589,774,146215,66,6395,410,44212,1697,119907,476,164119,California
Santa Cruz,2021-05-11,2428,280627,1378,126967,961,147176,89,6484,644,43165,1779,121686,732,164851,California
Santa Cruz,2021-05-12,3232,283859,1408,128375,1743,148919,81,6565,556,41137,2666,124352,638,165489,California
Santa Cruz,2021-05-13,3936,287795,2664,131039,1178,150097,94,6659,1394,40090,2537,126889,1490,166979,California
Santa Cruz,2021-05-14,2995,290790,1630,132669,1325,151422,40,6699,1132,39410,1855,128744,1175,168154,California
Santa Cruz,2021-05-15,2288,293078,1322,133991,954,152376,12,6711,1108,39353,1177,129921,1120,169274,California
Santa Cruz,2021-05-16,810,293888,433,134424,355,152731,22,6733,252,39072,556,130477,275,169549,California
Santa Cruz,2021-05-17,1553,295441,802,135226,680,153411,71,6804,527,38645,1025,131502,598,170147,California
Santa Cruz,2021-05-18,2337,297778,1434,136660,879,154290,24,6828,1108,38555,1222,132724,1132,171279,California
Santa Cruz,2021-05-19,3122,300900,1876,138536,1209,155499,37,6865,1305,38090,1807,134531,1342,172621,California
Santa Cruz,2021-05-20,3395,304295,2429,140965,818,156317,148,7013,1564,37976,1826,136357,1712,174333,California
Santa Cruz,2021-05-21,1780,306075,913,141878,778,157095,89,7102,604,37499,1170,137527,693,175026,California
Santa Cruz,2021-05-22,1726,307801,1332,143210,383,157478,11,7113,599,36987,1123,138650,611,175637,California
Santa Cruz,2021-05-23,479,308280,270,143480,190,157668,19,7132,149,36828,327,138977,168,175805,California
Santa Cruz,2021-05-24,1190,309470,687,144167,424,158092,79,7211,300,36325,882,139859,379,176184,California
Santa Cruz,2021-05-25,2284,311754,1303,145470,936,159028,45,7256,460,35152,1678,141537,505,176689,California
Santa Cruz,2021-05-26,1751,313505,819,146289,887,159915,45,7301,472,34404,1265,142802,517,177206,California
Santa Cruz,2021-05-27,1324,314829,717,147006,502,160417,105,7406,442,34076,875,143677,547,177753,California
Santa Cruz,2021-05-28,846,315675,373,147379,443,160860,30,7436,357,33984,480,144157,388,178141,California
Santa Cruz,2021-05-29,594,316269,337,147716,244,161104,13,7449,319,34043,273,144430,332,178473,California
Santa Cruz,2021-05-30,243,316512,120,147836,109,161213,14,7463,93,34002,147,144577,106,178579,California
Santa Cruz,2021-05-31,145,316657,63,147899,81,161294,1,7464,45,33949,99,144676,46,178625,California
Santa Cruz,2021-06-01,946,317603,578,148477,355,161649,13,7477,340,33697,604,145280,352,178977,California
Santa Cruz,2021-06-02,900,318503,525,149002,334,161983,41,7518,337,33517,558,145838,378,179355,California
Santa Cruz,2021-06-03,2280,320783,1536,150538,706,162689,38,7556,532,32349,1738,147576,570,179925,California
Santa Cruz,2021-06-04,1059,321842,726,151264,299,162988,34,7590,244,31820,808,148384,279,180204,California
Santa Cruz,2021-06-05,1032,322874,834,152098,193,163181,5,7595,190,31177,838,149222,195,180399,California
Santa Cruz,2021-06-06,408,323282,300,152398,91,163272,17,7612,110,31009,295,149517,127,180526,California
Santa Cruz,2021-06-07,852,324134,634,153032,188,163460,30,7642,234,30656,617,150134,264,180790,California
Santa Cruz,2021-06-08,1468,325602,1171,154203,271,163731,26,7668,308,29836,1155,151289,335,181125,California
Santa Cruz,2021-06-09,1435,327037,1130,155333,288,164019,17,7685,284,28994,1144,152433,302,181427,California
Santa Cruz,2021-06-10,1952,328989,1601,156934,284,164303,67,7752,344,27800,1602,154035,408,181835,California
Santa Cruz,2021-06-11,817,329806,506,157440,276,164579,35,7787,284,27590,527,154562,317,182152,California
Santa Cruz,2021-06-12,965,330771,847,158287,112,164691,6,7793,165,26964,797,155359,171,182323,California
Santa Cruz,2021-06-13,200,330971,132,158419,46,164737,22,7815,30,26846,170,155529,52,182375,California
Santa Cruz,2021-06-14,554,331525,355,158774,164,164901,35,7850,161,26651,390,155919,195,182570,California
Santa Cruz,2021-06-15,923,332448,677,159451,224,165125,22,7872,333,26420,587,156506,356,182926,California
Santa Cruz,2021-06-16,801,333249,594,160045,173,165298,34,7906,259,26174,538,157044,292,183218,California
Santa Cruz,2021-06-17,795,334044,617,160662,139,165437,39,7945,297,26014,495,157539,335,183553,California
Santa Cruz,2021-06-18,639,334683,390,161052,219,165656,30,7975,286,25981,349,157888,316,183869,California
Santa Cruz,2021-06-19,328,335011,259,161311,63,165719,6,7981,116,25894,209,158097,122,183991,California
Santa Cruz,2021-06-20,161,335172,114,161425,29,165748,18,7999,69,25889,92,158189,87,184078,California
Santa Cruz,2021-06-21,348,335520,246,161671,83,165831,19,8018,181,25924,165,158354,200,184278,California
Santa Cruz,2021-06-22,670,336190,471,162142,169,166000,30,8048,261,25808,408,158762,292,184570,California
Santa Cruz,2021-06-23,394,336584,280,162422,104,166104,10,8058,192,25812,196,158958,200,184770,California
Santa Cruz,2021-06-24,533,337117,379,162801,111,166215,43,8101,214,25751,317,159275,256,185026,California
Santa Cruz,2021-06-25,513,337630,331,163132,157,166372,25,8126,229,25725,280,159555,254,185280,California
Santa Cruz,2021-06-26,260,337890,162,163294,89,166461,9,8135,106,25688,152,159707,115,185395,California
Santa Cruz,2021-06-27,180,338070,131,163425,19,166480,30,8165,63,25664,117,159824,93,185488,California
Santa Cruz,2021-06-28,473,338543,384,163809,77,166557,12,8177,208,25620,264,160088,220,185708,California
Santa Cruz,2021-06-29,733,339276,571,164380,135,166692,27,8204,284,25484,446,160534,310,186018,California
Santa Cruz,2021-06-30,422,339698,289,164669,111,166803,22,8226,180,25446,240,160774,202,186220,California
Santa Cruz,2021-07-01,400,340098,287,164956,104,166907,9,8235,178,25414,219,160993,187,186407,California
Santa Cruz,2021-07-02,421,340519,314,165270,90,166997,17,8252,185,25386,230,161223,202,186609,California
Santa Cruz,2021-07-03,215,340734,151,165421,60,167057,4,8256,91,25358,123,161346,95,186704,California
Santa Cruz,2021-07-04,7,340741,5,165426,1,167058,1,8257,5,25362,2,161348,6,186710,California
Shasta,2020-12-16,131,131,131,131,0,0,0,0,131,131,0,0,131,131,California
Shasta,2020-12-17,422,553,422,553,0,0,0,0,422,553,0,0,422,553,California
Shasta,2020-12-18,166,719,166,719,0,0,0,0,166,719,0,0,166,719,California
Shasta,2020-12-19,1,720,1,720,0,0,0,0,1,720,0,0,1,720,California
Shasta,2020-12-21,79,799,79,799,0,0,0,0,79,799,0,0,79,799,California
Shasta,2020-12-22,201,1000,196,995,5,5,0,0,201,1000,0,0,201,1000,California
Shasta,2020-12-23,173,1173,169,1164,4,9,0,0,173,1173,0,0,173,1173,California
Shasta,2020-12-24,19,1192,19,1183,0,9,0,0,19,1192,0,0,19,1192,California
Shasta,2020-12-26,4,1196,1,1184,3,12,0,0,4,1196,0,0,4,1196,California
Shasta,2020-12-27,1,1197,0,1184,1,13,0,0,1,1197,0,0,1,1197,California
Shasta,2020-12-28,41,1238,31,1215,10,23,0,0,41,1238,0,0,41,1238,California
Shasta,2020-12-29,186,1424,185,1400,1,24,0,0,186,1424,0,0,186,1424,California
Shasta,2020-12-30,177,1601,167,1567,10,34,0,0,177,1601,0,0,177,1601,California
Shasta,2020-12-31,83,1684,2,1569,81,115,0,0,83,1684,0,0,83,1684,California
Shasta,2021-01-02,2,1686,0,1569,2,117,0,0,2,1686,0,0,2,1686,California
Shasta,2021-01-03,1,1687,1,1570,0,117,0,0,1,1687,0,0,1,1687,California
Shasta,2021-01-04,374,2061,308,1878,66,183,0,0,375,2062,0,0,375,2062,California
Shasta,2021-01-05,338,2399,315,2193,23,206,0,0,256,2236,82,82,256,2318,California
Shasta,2021-01-06,466,2865,395,2588,71,277,0,0,203,2177,262,344,203,2521,California
Shasta,2021-01-07,127,2992,37,2625,90,367,0,0,105,2260,22,366,105,2626,California
Shasta,2021-01-08,524,3516,447,3072,77,444,0,0,316,2368,208,574,316,2942,California
Shasta,2021-01-09,73,3589,64,3136,9,453,0,0,71,2437,2,576,71,3013,California
Shasta,2021-01-10,5,3594,0,3136,5,458,0,0,3,2440,2,578,5,3018,California
Shasta,2021-01-11,416,4010,194,3330,222,680,0,0,372,2768,44,622,372,3390,California
Shasta,2021-01-12,489,4499,332,3662,157,837,0,0,313,2906,176,798,314,3704,California
Shasta,2021-01-13,602,5101,269,3931,333,1170,0,0,431,3166,171,969,431,4135,California
Shasta,2021-01-14,504,5605,52,3983,452,1622,0,0,486,3634,18,987,486,4621,California
Shasta,2021-01-15,690,6295,136,4119,554,2176,0,0,688,4320,2,989,688,5309,California
Shasta,2021-01-16,896,7191,53,4172,843,3019,0,0,893,5210,3,992,893,6202,California
Shasta,2021-01-17,27,7218,6,4178,21,3040,0,0,23,5229,4,996,23,6225,California
Shasta,2021-01-18,599,7817,129,4307,470,3510,0,0,591,5812,8,1004,591,6816,California
Shasta,2021-01-19,1078,8895,414,4721,664,4174,0,0,929,6592,149,1153,929,7745,California
Shasta,2021-01-20,759,9654,491,5212,268,4442,0,0,574,6986,180,1333,574,8319,California
Shasta,2021-01-21,689,10343,335,5547,354,4796,0,0,667,7631,22,1355,667,8986,California
Shasta,2021-01-22,450,10793,177,5724,273,5069,0,0,444,8069,6,1361,444,9430,California
Shasta,2021-01-23,69,10862,5,5729,64,5133,0,0,67,8134,2,1363,67,9497,California
Shasta,2021-01-24,26,10888,3,5732,23,5156,0,0,25,8158,1,1364,25,9522,California
Shasta,2021-01-25,763,11651,503,6235,260,5416,0,0,472,8340,290,1654,472,9994,California
Shasta,2021-01-26,714,12365,334,6569,380,5796,0,0,478,8585,233,1887,478,10472,California
Shasta,2021-01-27,463,12828,181,6750,282,6078,0,0,413,8949,49,1936,413,10885,California
Shasta,2021-01-28,919,13747,581,7331,338,6416,0,0,697,9424,222,2158,697,11582,California
Shasta,2021-01-29,833,14580,330,7661,503,6919,0,0,643,9879,189,2347,644,12226,California
Shasta,2021-01-30,615,15195,14,7675,601,7520,0,0,605,10474,10,2357,605,12831,California
Shasta,2021-01-31,27,15222,4,7679,23,7543,0,0,25,10497,2,2359,25,12856,California
Shasta,2021-02-01,532,15754,149,7828,383,7926,0,0,385,10735,147,2506,385,13241,California
Shasta,2021-02-02,994,16748,502,8330,492,8418,0,0,901,11545,91,2597,901,14142,California
Shasta,2021-02-03,728,17476,213,8543,515,8933,0,0,492,11802,235,2832,492,14634,California
Shasta,2021-02-04,1107,18583,680,9223,427,9360,0,0,911,12520,193,3025,911,15545,California
Shasta,2021-02-05,1269,19852,168,9391,1101,10461,0,0,1058,13369,209,3234,1058,16603,California
Shasta,2021-02-06,1745,21597,40,9431,1705,12166,0,0,1721,15067,24,3258,1722,18325,California
Shasta,2021-02-07,25,21622,3,9434,22,12188,0,0,23,15088,2,3260,23,18348,California
Shasta,2021-02-08,601,22223,170,9604,431,12619,0,0,308,15104,292,3552,308,18656,California
Shasta,2021-02-09,1129,23352,658,10262,471,13090,0,0,707,15390,422,3974,708,19364,California
Shasta,2021-02-10,1128,24480,791,11053,337,13427,0,0,544,15351,583,4557,544,19908,California
Shasta,2021-02-11,894,25374,188,11241,706,14133,0,0,316,15094,573,5130,316,20224,California
Shasta,2021-02-12,1805,27179,1218,12459,587,14720,0,0,1245,15779,560,5690,1245,21469,California
Shasta,2021-02-13,1382,28561,374,12833,1008,15728,0,0,569,15537,812,6502,570,22039,California
Shasta,2021-02-14,150,28711,5,12838,145,15873,0,0,124,15635,26,6528,124,22163,California
Shasta,2021-02-15,381,29092,93,12931,288,16161,0,0,211,15676,170,6698,211,22374,California
Shasta,2021-02-16,1204,30296,523,13454,681,16842,0,0,426,15326,776,7474,426,22800,California
Shasta,2021-02-17,1038,31334,439,13893,599,17441,0,0,411,15110,627,8101,411,23211,California
Shasta,2021-02-18,961,32295,475,14368,486,17927,0,0,462,15074,499,8600,463,23674,California
Shasta,2021-02-19,1346,33641,953,15321,393,18320,0,0,873,15475,472,9072,873,24547,California
Shasta,2021-02-20,818,34459,100,15421,718,19038,0,0,319,15295,499,9571,319,24866,California
Shasta,2021-02-21,33,34492,3,15424,30,19068,0,0,12,15286,21,9592,12,24878,California
Shasta,2021-02-22,436,34928,80,15504,356,19424,0,0,182,15215,253,9845,182,25060,California
Shasta,2021-02-23,920,35848,473,15977,447,19871,0,0,329,14953,591,10436,329,25389,California
Shasta,2021-02-24,901,36749,515,16492,386,20257,0,0,280,14614,619,11055,280,25669,California
Shasta,2021-02-25,530,37279,174,16666,356,20613,0,0,145,14376,383,11438,145,25814,California
Shasta,2021-02-26,797,38076,98,16764,699,21312,0,0,336,14253,459,11897,336,26150,California
Shasta,2021-02-27,886,38962,77,16841,809,22121,0,0,240,13852,641,12538,240,26390,California
Shasta,2021-02-28,176,39138,4,16845,172,22293,0,0,127,13930,49,12587,127,26517,California
Shasta,2021-03-01,588,39726,61,16906,527,22820,0,0,297,13937,290,12877,297,26814,California
Shasta,2021-03-02,1036,40762,475,17381,561,23381,0,0,337,13577,697,13574,337,27151,California
Shasta,2021-03-03,683,41445,175,17556,508,23889,0,0,246,13387,436,14010,246,27397,California
Shasta,2021-03-04,3107,44552,2489,20045,618,24507,0,0,1787,13859,1315,15325,1787,29184,California
Shasta,2021-03-05,1939,46491,163,20208,1747,26254,29,29,801,13551,1138,16463,830,30014,California
Shasta,2021-03-06,2755,49246,385,20593,2323,28577,47,76,857,12559,1896,18359,904,30918,California
Shasta,2021-03-07,93,49339,4,20597,57,28634,32,108,40,12577,53,18412,71,30989,California
Shasta,2021-03-08,573,49912,50,20647,384,29018,139,247,158,12460,413,18825,296,31285,California
Shasta,2021-03-09,1256,51168,596,21243,482,29500,178,425,696,12775,558,19383,873,32158,California
Shasta,2021-03-10,804,51972,257,21500,345,29845,202,627,142,12456,661,20044,342,32500,California
Shasta,2021-03-11,1557,53529,472,21972,814,30659,271,898,940,13053,613,20657,1210,33710,California
Shasta,2021-03-12,1561,55090,849,22821,466,31125,246,1144,410,12558,1150,21807,655,34365,California
Shasta,2021-03-13,822,55912,425,23246,299,31424,98,1242,494,12822,326,22133,590,34955,California
Shasta,2021-03-14,1017,56929,8,23254,986,32410,23,1265,878,13586,139,22272,903,35858,California
Shasta,2021-03-15,496,57425,36,23290,361,32771,99,1364,209,13606,287,22559,307,36165,California
Shasta,2021-03-16,1145,58570,150,23440,927,33698,68,1432,858,14246,286,22845,926,37091,California
Shasta,2021-03-17,742,59312,192,23632,492,34190,58,1490,396,14363,337,23182,454,37545,California
Shasta,2021-03-18,1548,60860,589,24221,855,35045,104,1594,1116,15155,428,23610,1220,38765,California
Shasta,2021-03-19,648,61508,198,24419,394,35439,56,1650,411,15386,236,23846,467,39232,California
Shasta,2021-03-20,747,62255,488,24907,245,35684,14,1664,543,15739,204,24050,557,39789,California
Shasta,2021-03-21,313,62568,298,25205,4,35688,11,1675,285,16008,27,24077,296,40085,California
Shasta,2021-03-22,349,62917,39,25244,274,35962,36,1711,199,16095,148,24225,235,40320,California
Shasta,2021-03-23,1312,64229,652,25896,601,36563,59,1770,756,16360,550,24775,815,41135,California
Shasta,2021-03-24,610,64839,154,26050,418,36981,38,1808,367,16523,242,25017,405,41540,California
Shasta,2021-03-25,1135,65974,452,26502,662,37643,21,1829,821,17055,311,25328,843,42383,California
Shasta,2021-03-26,1838,67812,1403,27905,405,38048,30,1859,1475,18199,362,25690,1506,43889,California
Shasta,2021-03-27,1596,69408,406,28311,318,38366,872,2731,579,18630,1015,26705,1446,45335,California
Shasta,2021-03-28,408,69816,301,28612,97,38463,10,2741,302,18838,104,26809,312,45647,California
Shasta,2021-03-29,422,70238,40,28652,370,38833,12,2753,166,18761,255,27064,178,45825,California
Shasta,2021-03-30,1247,71485,770,29422,460,39293,17,2770,625,18784,619,27683,642,46467,California
Shasta,2021-03-31,620,72105,207,29629,407,39700,6,2776,383,18940,233,27916,389,46856,California
Shasta,2021-04-01,897,73002,247,29876,637,40337,13,2789,575,19208,320,28236,588,47444,California
Shasta,2021-04-02,757,73759,198,30074,504,40841,55,2844,411,19331,343,28579,466,47910,California
Shasta,2021-04-03,512,74271,360,30434,133,40974,19,2863,387,19612,125,28704,406,48316,California
Shasta,2021-04-04,292,74563,175,30609,96,41070,21,2884,218,19777,74,28778,239,48555,California
Shasta,2021-04-05,445,75008,70,30679,312,41382,63,2947,254,19903,191,28969,317,48872,California
Shasta,2021-04-06,1172,76180,487,31166,507,41889,178,3125,540,19993,627,29596,717,49589,California
Shasta,2021-04-07,663,76843,215,31381,283,42172,165,3290,259,20015,400,29996,422,50011,California
Shasta,2021-04-08,1152,77995,264,31645,731,42903,157,3447,221,19464,927,30923,376,50387,California
Shasta,2021-04-09,2601,80596,2078,33723,310,43213,213,3660,2017,21113,577,31500,2226,52613,California
Shasta,2021-04-10,885,81481,597,34320,157,43370,131,3791,245,20848,639,32139,374,52987,California
Shasta,2021-04-11,1252,82733,399,34719,833,44203,20,3811,144,19908,1104,33243,164,53151,California
Shasta,2021-04-12,343,83076,7,34726,272,44475,64,3875,98,19825,244,33487,161,53312,California
Shasta,2021-04-13,1279,84355,368,35094,909,45384,2,3877,340,19232,934,34421,341,53653,California
Shasta,2021-04-14,595,84950,143,35237,450,45834,2,3879,220,19080,374,34795,222,53875,California
Shasta,2021-04-15,1085,86035,259,35496,825,46659,1,3880,301,18603,778,35573,301,54176,California
Shasta,2021-04-16,2362,88397,1861,37357,501,47160,0,3880,951,18145,1409,36982,951,55127,California
Shasta,2021-04-17,648,89045,417,37774,231,47391,0,3880,193,17884,455,37437,194,55321,California
Shasta,2021-04-18,270,89315,244,38018,26,47417,0,3880,35,17686,233,37670,35,55356,California
Shasta,2021-04-19,387,89702,28,38046,359,47776,0,3880,168,17635,219,37889,168,55524,California
Shasta,2021-04-20,1030,90732,266,38312,764,48540,0,3880,385,17377,643,38532,385,55909,California
Shasta,2021-04-21,624,91356,228,38540,396,48936,0,3880,317,17387,307,38839,317,56226,California
Shasta,2021-04-22,970,92326,286,38826,684,49620,0,3880,300,17019,668,39507,300,56526,California
Shasta,2021-04-23,668,92994,262,39088,406,50026,0,3880,339,17030,328,39835,339,56865,California
Shasta,2021-04-24,601,93595,358,39446,242,50268,1,3881,109,16649,490,40325,109,56974,California
Shasta,2021-04-25,210,93805,180,39626,29,50297,1,3882,36,16512,174,40499,37,57011,California
Shasta,2021-04-26,505,94310,57,39683,443,50740,5,3887,356,16725,147,40646,360,57371,California
Shasta,2021-04-27,553,94863,183,39866,331,51071,39,3926,302,16817,247,40893,339,57710,California
Shasta,2021-04-28,584,95447,166,40032,385,51456,33,3959,250,16765,334,41227,282,57992,California
Shasta,2021-04-29,782,96229,121,40153,637,52093,24,3983,179,16366,602,41829,203,58195,California
Shasta,2021-04-30,2277,98506,1848,42001,397,52490,32,4015,272,14667,2003,43832,304,58499,California
Shasta,2021-05-01,232,98738,21,42022,135,52625,76,4091,103,14717,129,43961,179,58678,California
Shasta,2021-05-02,49,98787,17,42039,19,52644,13,4104,22,14725,27,43988,35,58713,California
Shasta,2021-05-03,357,99144,99,42138,232,52876,26,4130,113,14622,242,44230,139,58852,California
Shasta,2021-05-04,536,99680,201,42339,296,53172,39,4169,252,14632,281,44511,291,59143,California
Shasta,2021-05-05,451,100131,152,42491,281,53453,18,4187,207,14613,244,44755,225,59368,California
Shasta,2021-05-06,693,100824,264,42755,389,53842,40,4227,296,14559,388,45143,334,59702,California
Shasta,2021-05-07,1120,101944,742,43497,338,54180,40,4267,301,14082,818,45961,341,60043,California
Shasta,2021-05-08,176,102120,85,43582,80,54260,11,4278,104,14124,72,46033,114,60157,California
Shasta,2021-05-09,65,102185,15,43597,45,54305,5,4283,34,14132,31,46064,39,60196,California
Shasta,2021-05-10,258,102443,23,43620,186,54491,49,4332,112,14147,144,46208,159,60355,California
Shasta,2021-05-11,523,102966,160,43780,212,54703,151,4483,182,14140,340,46548,333,60688,California
Shasta,2021-05-12,398,103364,147,43927,227,54930,24,4507,133,14033,264,46812,157,60845,California
Shasta,2021-05-13,584,103948,241,44168,326,55256,17,4524,225,13918,357,47169,242,61087,California
Shasta,2021-05-14,644,104592,274,44442,344,55600,26,4550,294,13890,349,47518,321,61408,California
Shasta,2021-05-15,398,104990,130,44572,165,55765,103,4653,168,13931,229,47747,270,61678,California
Shasta,2021-05-16,222,105212,155,44727,57,55822,10,4663,163,14045,59,47806,173,61851,California
Shasta,2021-05-17,538,105750,246,44973,232,56054,60,4723,282,14132,255,48061,342,62193,California
Shasta,2021-05-18,619,106369,293,45266,301,56355,25,4748,325,14189,293,48354,350,62543,California
Shasta,2021-05-19,590,106959,278,45544,244,56599,68,4816,279,14229,307,48661,347,62890,California
Shasta,2021-05-20,570,107529,255,45799,296,56895,19,4835,264,14208,303,48964,282,63172,California
Shasta,2021-05-21,659,108188,301,46100,339,57234,19,4854,331,14233,325,49289,350,63522,California
Shasta,2021-05-22,235,108423,134,46234,93,57327,8,4862,143,14296,89,49378,152,63674,California
Shasta,2021-05-23,112,108535,47,46281,56,57383,9,4871,67,14327,45,49423,76,63750,California
Shasta,2021-05-24,547,109082,171,46452,344,57727,32,4903,191,14196,354,49777,223,63973,California
Shasta,2021-05-25,475,109557,207,46659,223,57950,45,4948,160,14089,311,50088,204,64177,California
Shasta,2021-05-26,371,109928,146,46805,200,58150,25,4973,147,14038,223,50311,172,64349,California
Shasta,2021-05-27,418,110346,152,46957,257,58407,9,4982,154,13940,261,50572,163,64512,California
Shasta,2021-05-28,441,110787,197,47154,215,58622,29,5011,204,13939,234,50806,233,64745,California
Shasta,2021-05-29,226,111013,65,47219,130,58752,31,5042,88,13918,138,50944,117,64862,California
Shasta,2021-05-30,84,111097,48,47267,34,58786,2,5044,53,13942,31,50975,55,64917,California
Shasta,2021-05-31,34,111131,8,47275,25,58811,1,5045,11,13932,22,50997,12,64929,California
Shasta,2021-06-01,525,111656,155,47430,225,59036,145,5190,134,13828,384,51381,280,65209,California
Shasta,2021-06-02,293,111949,119,47549,165,59201,9,5199,119,13784,172,51553,128,65337,California
Shasta,2021-06-03,371,112320,159,47708,203,59404,9,5208,119,13661,251,51804,128,65465,California
Shasta,2021-06-04,565,112885,281,47989,256,59660,28,5236,197,13519,367,52171,225,65690,California
Shasta,2021-06-05,260,113145,154,48143,89,59749,17,5253,78,13434,181,52352,96,65786,California
Shasta,2021-06-06,162,113307,128,48271,32,59781,2,5255,48,13370,114,52466,50,65836,California
Shasta,2021-06-07,405,113712,236,48507,152,59933,17,5272,109,13201,295,52761,126,65962,California
Shasta,2021-06-08,514,114226,308,48815,160,60093,46,5318,152,13039,359,53120,197,66159,California
Shasta,2021-06-09,483,114709,272,49087,123,60216,88,5406,112,12870,368,53488,199,66358,California
Shasta,2021-06-10,411,115120,246,49333,140,60356,25,5431,127,12744,278,53766,152,66510,California
Shasta,2021-06-11,465,115585,253,49586,175,60531,37,5468,127,12571,336,54102,163,66673,California
Shasta,2021-06-12,211,115796,138,49724,67,60598,6,5474,77,12521,133,54235,83,66756,California
Shasta,2021-06-13,89,115885,55,49779,32,60630,2,5476,25,12484,64,54299,27,66783,California
Shasta,2021-06-14,284,116169,155,49934,111,60741,18,5494,83,12385,200,54499,101,66884,California
Shasta,2021-06-15,462,116631,233,50167,113,60854,116,5610,160,12359,296,54795,270,67154,California
Shasta,2021-06-16,256,116887,149,50316,95,60949,12,5622,81,12281,171,54966,93,67247,California
Shasta,2021-06-17,283,117170,118,50434,129,61078,36,5658,99,12233,183,55149,135,67382,California
Shasta,2021-06-18,367,117537,224,50658,122,61200,21,5679,154,12196,212,55361,175,67557,California
Shasta,2021-06-19,115,117652,75,50733,38,61238,2,5681,52,12188,62,55423,54,67611,California
Shasta,2021-06-20,56,117708,35,50768,18,61256,3,5684,21,12177,35,55458,24,67635,California
Shasta,2021-06-21,202,117910,64,50832,109,61365,29,5713,81,12167,120,55578,110,67745,California
Shasta,2021-06-22,372,118282,142,50974,81,61446,149,5862,94,12130,270,55848,233,67978,California
Shasta,2021-06-23,221,118503,131,51105,73,61519,17,5879,93,12113,127,55975,110,68088,California
Shasta,2021-06-24,226,118729,137,51242,71,61590,18,5897,91,12089,133,56108,109,68197,California
Shasta,2021-06-25,298,119027,203,51445,82,61672,13,5910,123,12049,175,56283,135,68332,California
Shasta,2021-06-26,137,119164,80,51525,47,61719,10,5920,55,12033,81,56364,65,68397,California
Shasta,2021-06-27,68,119232,45,51570,19,61738,4,5924,24,12017,44,56408,28,68425,California
Shasta,2021-06-28,187,119419,121,51691,49,61787,17,5941,92,12031,95,56503,109,68534,California
Shasta,2021-06-29,265,119684,155,51846,82,61869,28,5969,99,11995,163,56666,127,68661,California
Shasta,2021-06-30,200,119884,113,51959,75,61944,12,5981,86,11980,113,56779,98,68759,California
Shasta,2021-07-01,211,120095,138,52097,62,62006,11,5992,84,11950,125,56904,95,68854,California
Shasta,2021-07-02,264,120359,171,52268,79,62085,14,6006,120,11942,142,57046,134,68988,California
Shasta,2021-07-03,116,120475,78,52346,32,62117,6,6012,51,11934,65,57111,57,69045,California
Shasta,2021-07-04,5,120480,1,52347,3,62120,1,6013,1,11932,4,57115,2,69047,California
Sierra,2020-12-18,1,1,1,1,0,0,0,0,1,1,0,0,1,1,California
Sierra,2020-12-21,2,3,2,3,0,0,0,0,2,3,0,0,2,3,California
Sierra,2020-12-22,12,15,12,15,0,0,0,0,12,15,0,0,12,15,California
Sierra,2020-12-23,4,19,4,19,0,0,0,0,4,19,0,0,4,19,California
Sierra,2020-12-28,1,20,0,19,1,1,0,0,1,20,0,0,1,20,California
Sierra,2020-12-29,50,70,7,26,43,44,0,0,50,70,0,0,50,70,California
Sierra,2020-12-30,2,72,0,26,2,46,0,0,2,72,0,0,2,72,California
Sierra,2020-12-31,13,85,0,26,13,59,0,0,13,85,0,0,13,85,California
Sierra,2021-01-01,1,86,1,27,0,59,0,0,1,86,0,0,1,86,California
Sierra,2021-01-05,63,149,2,29,61,120,0,0,63,149,0,0,63,149,California
Sierra,2021-01-06,1,150,1,30,0,120,0,0,1,150,0,0,1,150,California
Sierra,2021-01-07,21,171,1,31,20,140,0,0,20,169,1,1,20,170,California
Sierra,2021-01-08,1,172,1,32,0,140,0,0,1,170,0,1,1,171,California
Sierra,2021-01-11,3,175,3,35,0,140,0,0,0,167,3,4,0,171,California
Sierra,2021-01-12,39,214,12,47,27,167,0,0,27,182,12,16,27,198,California
Sierra,2021-01-13,4,218,3,50,1,168,0,0,1,180,3,19,1,199,California
Sierra,2021-01-14,35,253,2,52,33,201,0,0,35,215,0,19,35,234,California
Sierra,2021-01-15,3,256,1,53,2,203,0,0,3,218,0,19,3,237,California
Sierra,2021-01-18,3,259,0,53,3,206,0,0,3,221,0,19,3,240,California
Sierra,2021-01-19,31,290,0,53,31,237,0,0,31,252,0,19,31,271,California
Sierra,2021-01-20,1,291,1,54,0,237,0,0,1,253,0,19,1,272,California
Sierra,2021-01-21,52,343,0,54,52,289,0,0,52,305,0,19,52,324,California
Sierra,2021-01-22,2,345,0,54,2,291,0,0,2,307,0,19,2,326,California
Sierra,2021-01-23,2,347,0,54,2,293,0,0,2,309,0,19,2,328,California
Sierra,2021-01-25,1,348,1,55,0,293,0,0,1,310,0,19,1,329,California
Sierra,2021-01-26,63,411,1,56,62,355,0,0,24,295,39,58,24,353,California
Sierra,2021-01-27,4,415,4,60,0,355,0,0,0,291,4,62,0,353,California
Sierra,2021-01-28,53,468,0,60,53,408,0,0,43,324,10,72,43,396,California
Sierra,2021-01-29,2,470,0,60,2,410,0,0,2,326,0,72,2,398,California
Sierra,2021-01-30,3,473,3,63,0,410,0,0,2,327,1,73,2,400,California
Sierra,2021-02-01,1,474,0,63,1,411,0,0,0,326,1,74,0,400,California
Sierra,2021-02-02,57,531,1,64,56,467,0,0,18,305,39,113,18,418,California
Sierra,2021-02-03,6,537,5,69,1,468,0,0,5,309,1,114,5,423,California
Sierra,2021-02-04,102,639,5,74,97,565,0,0,53,313,49,163,53,476,California
Sierra,2021-02-05,6,645,4,78,2,567,0,0,5,317,1,164,5,481,California
Sierra,2021-02-09,51,696,0,78,51,618,0,0,48,362,3,167,48,529,California
Sierra,2021-02-10,5,701,2,80,3,621,0,0,4,365,1,168,4,533,California
Sierra,2021-02-11,195,896,1,81,194,815,0,0,134,438,61,229,134,667,California
Sierra,2021-02-12,20,916,0,81,20,835,0,0,20,458,0,229,20,687,California
Sierra,2021-02-13,1,917,1,82,0,835,0,0,1,459,0,229,1,688,California
Sierra,2021-02-15,4,921,3,85,1,836,0,0,0,455,4,233,0,688,California
Sierra,2021-02-16,43,964,1,86,42,878,0,0,10,432,33,266,10,698,California
Sierra,2021-02-17,4,968,0,86,4,882,0,0,1,430,3,269,1,699,California
Sierra,2021-02-18,139,1107,0,86,139,1021,0,0,90,471,49,318,90,789,California
Sierra,2021-02-19,2,1109,1,87,1,1022,0,0,1,471,1,319,1,790,California
Sierra,2021-02-20,2,1111,2,89,0,1022,0,0,0,469,2,321,0,790,California
Sierra,2021-02-22,1,1112,1,90,0,1022,0,0,1,470,0,321,1,791,California
Sierra,2021-02-23,4,1116,0,90,4,1026,0,0,4,474,0,321,4,795,California
Sierra,2021-02-24,3,1119,2,92,1,1027,0,0,3,477,0,321,3,798,California
Sierra,2021-02-25,124,1243,2,94,122,1149,0,0,58,470,65,386,58,856,California
Sierra,2021-02-26,11,1254,6,100,5,1154,0,0,4,467,7,393,4,860,California
Sierra,2021-02-27,2,1256,2,102,0,1154,0,0,0,465,2,395,0,860,California
Sierra,2021-03-01,2,1258,2,104,0,1154,0,0,0,463,2,397,0,860,California
Sierra,2021-03-02,56,1314,0,104,56,1210,0,0,38,483,18,415,38,898,California
Sierra,2021-03-03,2,1316,2,106,0,1210,0,0,1,483,1,416,1,899,California
Sierra,2021-03-04,108,1424,0,106,108,1318,0,0,60,495,48,464,60,959,California
Sierra,2021-03-05,13,1437,1,107,12,1330,0,0,11,504,2,466,11,970,California
Sierra,2021-03-07,1,1438,1,108,0,1330,0,0,0,503,1,467,0,970,California
Sierra,2021-03-08,2,1440,2,110,0,1330,0,0,2,505,0,467,2,972,California
Sierra,2021-03-09,56,1496,0,110,56,1386,0,0,12,473,44,511,12,984,California
Sierra,2021-03-10,6,1502,0,110,6,1392,0,0,4,475,2,513,4,988,California
Sierra,2021-03-11,173,1675,0,110,173,1565,0,0,41,384,132,645,41,1029,California
Sierra,2021-03-12,20,1695,1,111,19,1584,0,0,0,364,20,665,0,1029,California
Sierra,2021-03-13,27,1722,0,111,27,1611,0,0,27,391,0,665,27,1056,California
Sierra,2021-03-14,1,1723,0,111,0,1611,1,1,0,391,1,666,1,1057,California
Sierra,2021-03-15,2,1725,1,112,0,1611,1,2,0,390,2,668,1,1058,California
Sierra,2021-03-16,35,1760,0,112,34,1645,1,3,22,400,13,681,23,1081,California
Sierra,2021-03-17,3,1763,2,114,1,1646,0,3,0,397,3,684,0,1081,California
Sierra,2021-03-18,157,1920,0,114,157,1803,0,3,65,370,92,776,65,1146,California
Sierra,2021-03-19,4,1924,2,116,2,1805,0,3,1,368,3,779,1,1147,California
Sierra,2021-03-20,1,1925,0,116,1,1806,0,3,1,369,0,779,1,1148,California
Sierra,2021-03-23,22,1947,0,116,22,1828,0,3,13,373,9,788,13,1161,California
Sierra,2021-03-24,3,1950,1,117,2,1830,0,3,1,372,2,790,1,1162,California
Sierra,2021-03-25,98,2048,0,117,98,1928,0,3,49,372,49,839,49,1211,California
Sierra,2021-03-26,12,2060,1,118,11,1939,0,3,8,376,4,843,8,1219,California
Sierra,2021-03-27,1,2061,0,118,1,1940,0,3,0,375,1,844,0,1219,California
Sierra,2021-03-29,1,2062,1,119,0,1940,0,3,0,374,1,845,0,1219,California
Sierra,2021-03-30,54,2116,1,120,53,1993,0,3,22,364,32,877,22,1241,California
Sierra,2021-03-31,8,2124,0,120,8,2001,0,3,8,372,0,877,8,1249,California
Sierra,2021-04-01,63,2187,1,121,62,2063,0,3,5,321,56,933,5,1254,California
Sierra,2021-04-02,3,2190,2,123,1,2064,0,3,2,322,1,934,2,1256,California
Sierra,2021-04-04,1,2191,0,123,1,2065,0,3,0,322,0,934,0,1256,California
Sierra,2021-04-06,11,2202,0,123,11,2076,0,3,1,313,10,944,1,1257,California
Sierra,2021-04-07,14,2216,3,126,6,2082,5,8,3,311,10,954,8,1265,California
Sierra,2021-04-08,53,2269,2,128,51,2133,0,8,16,290,37,991,16,1281,California
Sierra,2021-04-09,2,2271,2,130,0,2133,0,8,1,290,1,992,1,1282,California
Sierra,2021-04-10,27,2298,0,130,27,2160,0,8,0,263,27,1019,0,1282,California
Sierra,2021-04-13,43,2341,0,130,43,2203,0,8,5,230,38,1057,5,1287,California
Sierra,2021-04-14,1,2342,0,130,1,2204,0,8,1,231,0,1057,1,1288,California
Sierra,2021-04-15,48,2390,1,131,47,2251,0,8,2,187,46,1103,2,1290,California
Sierra,2021-04-17,2,2392,1,132,1,2252,0,8,1,187,1,1104,1,1291,California
Sierra,2021-04-18,1,2393,0,132,1,2253,0,8,0,187,0,1104,0,1291,California
Sierra,2021-04-19,1,2394,1,133,0,2253,0,8,0,186,1,1105,0,1291,California
Sierra,2021-04-20,33,2427,0,133,33,2286,0,8,7,167,26,1131,7,1298,California
Sierra,2021-04-21,2,2429,1,134,1,2287,0,8,1,167,1,1132,1,1299,California
Sierra,2021-04-22,64,2493,1,135,63,2350,0,8,5,114,58,1190,5,1304,California
Sierra,2021-04-23,13,2506,0,135,13,2363,0,8,4,109,9,1199,4,1308,California
Sierra,2021-04-24,4,2510,0,135,4,2367,0,8,4,113,0,1199,4,1312,California
Sierra,2021-04-26,1,2511,0,135,1,2368,0,8,1,114,0,1199,1,1313,California
Sierra,2021-04-27,27,2538,0,135,27,2395,0,8,4,95,23,1222,4,1317,California
Sierra,2021-04-28,10,2548,2,137,8,2403,0,8,1,87,9,1231,1,1318,California
Sierra,2021-04-29,20,2568,2,139,18,2421,0,8,14,95,6,1237,14,1332,California
Sierra,2021-04-30,4,2572,2,141,2,2423,0,8,2,95,2,1239,2,1334,California
Sierra,2021-05-01,1,2573,0,141,1,2424,0,8,0,95,0,1239,0,1334,California
Sierra,2021-05-03,1,2574,1,142,0,2424,0,8,1,96,0,1239,1,1335,California
Sierra,2021-05-04,1,2575,0,142,1,2425,0,8,0,95,1,1240,0,1335,California
Sierra,2021-05-05,23,2598,1,143,22,2447,0,8,8,88,15,1255,8,1343,California
Sierra,2021-05-06,1,2599,1,144,0,2447,0,8,0,87,1,1256,0,1343,California
Sierra,2021-05-07,1,2600,1,145,0,2447,0,8,1,88,0,1256,1,1344,California
Sierra,2021-05-08,1,2601,0,145,0,2447,1,9,0,88,1,1257,1,1345,California
Sierra,2021-05-11,11,2612,0,145,4,2451,7,16,0,84,11,1268,7,1352,California
Sierra,2021-05-12,11,2623,1,146,10,2461,0,16,8,89,3,1271,8,1360,California
Sierra,2021-05-13,3,2626,2,148,1,2462,0,16,2,90,1,1272,2,1362,California
Sierra,2021-05-14,3,2629,1,149,2,2464,0,16,3,93,0,1272,3,1365,California
Sierra,2021-05-17,1,2630,1,150,0,2464,0,16,1,94,0,1272,1,1366,California
Sierra,2021-05-18,2,2632,0,150,1,2465,1,17,0,93,2,1274,1,1367,California
Sierra,2021-05-19,6,2638,2,152,4,2469,0,17,2,91,4,1278,2,1369,California
Sierra,2021-05-20,9,2647,8,160,0,2469,1,18,8,99,1,1279,9,1378,California
Sierra,2021-05-21,4,2651,2,162,2,2471,0,18,1,97,3,1282,1,1379,California
Sierra,2021-05-22,5,2656,0,162,5,2476,0,18,1,94,4,1286,1,1380,California
Sierra,2021-05-23,1,2657,0,162,1,2477,0,18,1,95,0,1286,1,1381,California
Sierra,2021-05-24,3,2660,1,163,2,2479,0,18,2,96,1,1287,2,1383,California
Sierra,2021-05-25,3,2663,0,163,3,2482,0,18,1,95,2,1289,1,1384,California
Sierra,2021-05-26,8,2671,0,163,8,2490,0,18,4,95,4,1293,4,1388,California
Sierra,2021-05-27,9,2680,1,164,7,2497,1,19,2,91,7,1300,3,1391,California
Sierra,2021-05-28,4,2684,2,166,2,2499,0,19,2,91,2,1302,2,1393,California
Sierra,2021-05-29,2,2686,0,166,2,2501,0,19,2,93,0,1302,2,1395,California
Sierra,2021-05-30,1,2687,1,167,0,2501,0,19,1,94,0,1302,1,1396,California
Sierra,2021-06-01,1,2688,0,167,1,2502,0,19,0,93,1,1303,0,1396,California
Sierra,2021-06-02,23,2711,0,167,21,2523,2,21,0,73,22,1325,2,1398,California
Sierra,2021-06-03,3,2714,2,169,1,2524,0,21,0,70,3,1328,0,1398,California
Sierra,2021-06-04,2,2716,2,171,0,2524,0,21,1,70,1,1329,1,1399,California
Sierra,2021-06-08,1,2717,1,172,0,2524,0,21,1,71,0,1329,1,1400,California
Sierra,2021-06-09,8,2725,1,173,5,2529,2,23,0,65,8,1337,2,1402,California
Sierra,2021-06-10,8,2733,8,181,0,2529,0,23,4,65,4,1341,4,1406,California
Sierra,2021-06-11,3,2736,1,182,2,2531,0,23,0,62,3,1344,0,1406,California
Sierra,2021-06-12,1,2737,1,183,0,2531,0,23,1,63,0,1344,1,1407,California
Sierra,2021-06-13,1,2738,1,184,0,2531,0,23,0,62,1,1345,0,1407,California
Sierra,2021-06-14,6,2744,4,188,1,2532,1,24,2,61,4,1349,3,1410,California
Sierra,2021-06-15,2,2746,1,189,1,2533,0,24,1,62,0,1349,1,1411,California
Sierra,2021-06-16,6,2752,1,190,5,2538,0,24,2,60,4,1353,2,1413,California
Sierra,2021-06-17,4,2756,2,192,1,2539,1,25,2,61,2,1355,3,1416,California
Sierra,2021-06-18,2,2758,1,193,0,2539,1,26,0,60,2,1357,1,1417,California
Sierra,2021-06-21,1,2759,0,193,1,2540,0,26,0,59,1,1358,0,1417,California
Sierra,2021-06-22,5,2764,3,196,2,2542,0,26,3,60,2,1360,3,1420,California
Sierra,2021-06-23,6,2770,0,196,6,2548,0,26,2,58,4,1364,2,1422,California
Sierra,2021-06-24,6,2776,0,196,2,2550,4,30,1,58,5,1369,5,1427,California
Sierra,2021-06-27,1,2777,1,197,0,2550,0,30,1,59,0,1369,1,1428,California
Sierra,2021-06-28,1,2778,0,197,0,2550,1,31,0,59,1,1370,1,1429,California
Sierra,2021-06-30,3,2781,2,199,0,2550,1,32,1,59,2,1372,2,1431,California
Sierra,2021-07-01,3,2784,1,200,2,2552,0,32,2,60,1,1373,2,1433,California
Sierra,2021-07-02,1,2785,1,201,0,2552,0,32,0,59,1,1374,0,1433,California
Sierra,2021-07-03,1,2786,1,202,0,2552,0,32,0,58,1,1375,0,1433,California
Siskiyou,2020-12-16,2,2,2,2,0,0,0,0,2,2,0,0,2,2,California
Siskiyou,2020-12-17,4,6,4,6,0,0,0,0,4,6,0,0,4,6,California
Siskiyou,2020-12-18,2,8,2,8,0,0,0,0,2,8,0,0,2,8,California
Siskiyou,2020-12-19,4,12,4,12,0,0,0,0,4,12,0,0,4,12,California
Siskiyou,2020-12-20,1,13,1,13,0,0,0,0,1,13,0,0,1,13,California
Siskiyou,2020-12-21,132,145,132,145,0,0,0,0,132,145,0,0,132,145,California
Siskiyou,2020-12-22,159,304,159,304,0,0,0,0,159,304,0,0,159,304,California
Siskiyou,2020-12-23,143,447,143,447,0,0,0,0,143,447,0,0,143,447,California
Siskiyou,2020-12-24,5,452,5,452,0,0,0,0,5,452,0,0,5,452,California
Siskiyou,2020-12-26,2,454,0,452,2,2,0,0,2,454,0,0,2,454,California
Siskiyou,2020-12-27,2,456,0,452,2,4,0,0,2,456,0,0,2,456,California
Siskiyou,2020-12-28,4,460,2,454,2,6,0,0,4,460,0,0,4,460,California
Siskiyou,2020-12-29,6,466,2,456,4,10,0,0,6,466,0,0,6,466,California
Siskiyou,2020-12-30,101,567,4,460,97,107,0,0,101,567,0,0,101,567,California
Siskiyou,2020-12-31,12,579,0,460,12,119,0,0,12,579,0,0,12,579,California
Siskiyou,2021-01-02,1,580,1,461,0,119,0,0,1,580,0,0,1,580,California
Siskiyou,2021-01-03,1,581,0,461,1,120,0,0,1,581,0,0,1,581,California
Siskiyou,2021-01-04,130,711,3,464,127,247,0,0,130,711,0,0,130,711,California
Siskiyou,2021-01-05,118,829,4,468,114,361,0,0,116,826,2,2,117,828,California
Siskiyou,2021-01-06,59,888,6,474,53,414,0,0,55,877,4,6,55,883,California
Siskiyou,2021-01-07,178,1066,4,478,174,588,0,0,177,1053,1,7,177,1060,California
Siskiyou,2021-01-08,41,1107,3,481,38,626,0,0,39,1090,2,9,39,1099,California
Siskiyou,2021-01-09,3,1110,3,484,0,626,0,0,1,1089,2,11,1,1100,California
Siskiyou,2021-01-11,296,1406,135,619,161,787,0,0,163,1119,133,144,163,1263,California
Siskiyou,2021-01-12,254,1660,205,824,49,836,0,0,91,1048,163,307,92,1355,California
Siskiyou,2021-01-13,160,1820,139,963,21,857,0,0,23,934,137,444,23,1378,California
Siskiyou,2021-01-14,36,1856,1,964,35,892,0,0,35,968,1,445,35,1413,California
Siskiyou,2021-01-15,55,1911,3,967,52,944,0,0,55,1023,0,445,55,1468,California
Siskiyou,2021-01-16,7,1918,2,969,5,949,0,0,7,1030,0,445,7,1475,California
Siskiyou,2021-01-17,1,1919,1,970,0,949,0,0,0,1029,1,446,0,1475,California
Siskiyou,2021-01-18,75,1994,3,973,72,1021,0,0,73,1100,2,448,73,1548,California
Siskiyou,2021-01-19,41,2035,1,974,40,1061,0,0,40,1139,1,449,40,1588,California
Siskiyou,2021-01-20,68,2103,35,1009,33,1094,0,0,64,1199,4,453,64,1652,California
Siskiyou,2021-01-21,69,2172,1,1010,68,1162,0,0,69,1268,0,453,69,1721,California
Siskiyou,2021-01-22,1345,3517,1177,2187,168,1330,0,0,1345,2613,0,453,1345,3066,California
Siskiyou,2021-01-23,6,3523,2,2189,4,1334,0,0,3,2613,3,456,3,3069,California
Siskiyou,2021-01-25,209,3732,9,2198,200,1534,0,0,205,2814,4,460,205,3274,California
Siskiyou,2021-01-26,158,3890,4,2202,154,1688,0,0,149,2954,9,469,149,3423,California
Siskiyou,2021-01-27,203,4093,3,2205,200,1888,0,0,138,3028,64,533,138,3561,California
Siskiyou,2021-01-28,260,4353,118,2323,142,2030,0,0,235,3244,19,552,235,3796,California
Siskiyou,2021-01-29,272,4625,3,2326,269,2299,0,0,253,3478,19,571,253,4049,California
Siskiyou,2021-01-30,6,4631,5,2331,1,2300,0,0,6,3484,0,571,6,4055,California
Siskiyou,2021-02-01,215,4846,3,2334,212,2512,0,0,114,3497,101,672,114,4169,California
Siskiyou,2021-02-02,319,5165,46,2380,273,2785,0,0,165,3508,154,826,165,4334,California
Siskiyou,2021-02-03,334,5499,1,2381,333,3118,0,0,265,3704,69,895,265,4599,California
Siskiyou,2021-02-04,368,5867,7,2388,361,3479,0,0,227,3790,141,1036,227,4826,California
Siskiyou,2021-02-05,547,6414,4,2392,543,4022,0,0,372,3987,175,1211,372,5198,California
Siskiyou,2021-02-06,15,6429,0,2392,15,4037,0,0,15,4002,0,1211,15,5213,California
Siskiyou,2021-02-07,2,6431,1,2393,1,4038,0,0,2,4004,0,1211,2,5215,California
Siskiyou,2021-02-08,242,6673,4,2397,238,4276,0,0,217,4196,25,1236,217,5432,California
Siskiyou,2021-02-09,249,6922,4,2401,245,4521,0,0,196,4339,53,1289,196,5628,California
Siskiyou,2021-02-10,389,7311,41,2442,348,4869,0,0,319,4589,69,1358,319,5947,California
Siskiyou,2021-02-11,215,7526,1,2443,214,5083,0,0,185,4744,30,1388,185,6132,California
Siskiyou,2021-02-12,1705,9231,1199,3642,506,5589,0,0,497,4033,1208,2596,497,6629,California
Siskiyou,2021-02-13,36,9267,2,3644,34,5623,0,0,31,4059,5,2601,31,6660,California
Siskiyou,2021-02-14,6,9273,2,3646,4,5627,0,0,6,4065,0,2601,6,6666,California
Siskiyou,2021-02-15,105,9378,8,3654,97,5724,0,0,103,4166,2,2603,103,6769,California
Siskiyou,2021-02-16,138,9516,2,3656,136,5860,0,0,101,4230,37,2640,101,6870,California
Siskiyou,2021-02-17,298,9814,16,3672,282,6142,0,0,261,4454,37,2677,261,7131,California
Siskiyou,2021-02-18,272,10086,88,3760,184,6326,0,0,129,4440,143,2820,129,7260,California
Siskiyou,2021-02-19,97,10183,34,3794,63,6389,0,0,36,4417,59,2879,36,7296,California
Siskiyou,2021-02-20,23,10206,5,3799,18,6407,0,0,16,4428,7,2886,18,7314,California
Siskiyou,2021-02-21,1,10207,1,3800,0,6407,0,0,1,4429,0,2886,1,7315,California
Siskiyou,2021-02-22,218,10425,2,3802,216,6623,0,0,78,4367,140,3026,78,7393,California
Siskiyou,2021-02-23,347,10772,15,3817,332,6955,0,0,194,4408,153,3179,194,7587,California
Siskiyou,2021-02-24,173,10945,5,3822,168,7123,0,0,50,4335,123,3302,50,7637,California
Siskiyou,2021-02-25,317,11262,26,3848,291,7414,0,0,160,4339,156,3458,160,7797,California
Siskiyou,2021-02-26,676,11938,11,3859,665,8079,0,0,371,4405,305,3763,371,8168,California
Siskiyou,2021-02-27,32,11970,5,3864,27,8106,0,0,28,4429,4,3767,28,8196,California
Siskiyou,2021-02-28,4,11974,4,3868,0,8106,0,0,3,4431,1,3768,3,8199,California
Siskiyou,2021-03-01,295,12269,6,3874,289,8395,0,0,51,4238,244,4012,51,8250,California
Siskiyou,2021-03-02,211,12480,1,3875,210,8605,0,0,70,4167,141,4153,70,8320,California
Siskiyou,2021-03-03,353,12833,12,3887,341,8946,0,0,155,4124,198,4351,155,8475,California
Siskiyou,2021-03-04,834,13667,624,4511,210,9156,0,0,648,4586,186,4537,648,9123,California
Siskiyou,2021-03-05,353,14020,6,4517,336,9492,11,11,105,4457,245,4782,116,9239,California
Siskiyou,2021-03-06,43,14063,3,4520,33,9525,7,18,28,4477,15,4797,35,9274,California
Siskiyou,2021-03-07,12,14075,4,4524,0,9525,8,26,2,4477,10,4807,10,9284,California
Siskiyou,2021-03-08,440,14515,28,4552,377,9902,35,61,68,4208,372,5179,103,9387,California
Siskiyou,2021-03-09,178,14693,2,4554,122,10024,54,115,44,4172,134,5313,98,9485,California
Siskiyou,2021-03-10,281,14974,7,4561,244,10268,30,145,26,3973,255,5568,56,9541,California
Siskiyou,2021-03-11,521,15495,205,4766,269,10537,47,192,282,4064,238,5806,329,9870,California
Siskiyou,2021-03-12,697,16192,141,4907,517,11054,39,231,184,3775,511,6317,222,10092,California
Siskiyou,2021-03-13,427,16619,379,5286,25,11079,23,254,379,4129,48,6365,402,10494,California
Siskiyou,2021-03-14,19,16638,0,5286,3,11082,16,270,1,4128,18,6383,17,10511,California
Siskiyou,2021-03-15,515,17153,258,5544,193,11275,64,334,339,4355,176,6559,403,10914,California
Siskiyou,2021-03-16,258,17411,34,5578,207,11482,17,351,140,4395,117,6676,157,11071,California
Siskiyou,2021-03-17,203,17614,9,5587,186,11668,8,359,35,4270,168,6844,43,11114,California
Siskiyou,2021-03-18,928,18542,790,6377,126,11794,12,371,807,4969,120,6964,819,11933,California
Siskiyou,2021-03-19,68,18610,10,6387,45,11839,13,384,19,4952,49,7013,32,11965,California
Siskiyou,2021-03-20,29,18639,7,6394,18,11857,4,388,6,4939,23,7036,10,11975,California
Siskiyou,2021-03-21,9,18648,3,6397,1,11858,5,393,3,4941,6,7042,8,11983,California
Siskiyou,2021-03-22,207,18855,21,6418,164,12022,22,415,143,5045,61,7103,165,12148,California
Siskiyou,2021-03-23,194,19049,19,6437,166,12188,9,424,141,5141,53,7156,149,12297,California
Siskiyou,2021-03-24,144,19193,48,6485,96,12284,0,424,115,5227,29,7185,115,12412,California
Siskiyou,2021-03-25,573,19766,320,6805,250,12534,3,427,399,5455,174,7359,402,12814,California
Siskiyou,2021-03-26,307,20073,35,6840,272,12806,0,427,103,5356,202,7561,103,12917,California
Siskiyou,2021-03-27,38,20111,5,6845,28,12834,5,432,10,5343,28,7589,15,12932,California
Siskiyou,2021-03-28,8,20119,7,6852,1,12835,0,432,5,5345,3,7592,5,12937,California
Siskiyou,2021-03-29,96,20215,10,6862,84,12919,2,434,46,5343,50,7642,48,12985,California
Siskiyou,2021-03-30,100,20315,6,6868,93,13012,1,435,40,5324,60,7702,41,13026,California
Siskiyou,2021-03-31,191,20506,21,6889,167,13179,3,438,48,5236,140,7842,52,13078,California
Siskiyou,2021-04-01,829,21335,670,7559,159,13338,0,438,214,4835,615,8457,214,13292,California
Siskiyou,2021-04-02,347,21682,197,7756,146,13484,4,442,66,4626,279,8736,70,13362,California
Siskiyou,2021-04-03,26,21708,5,7761,14,13498,7,449,5,4617,21,8757,12,13374,California
Siskiyou,2021-04-04,1,21709,0,7761,1,13499,0,449,1,4618,0,8757,1,13375,California
Siskiyou,2021-04-05,438,22147,331,8092,81,13580,26,475,26,4259,411,9168,52,13427,California
Siskiyou,2021-04-06,222,22369,37,8129,132,13712,53,528,129,4349,91,9259,181,13608,California
Siskiyou,2021-04-07,118,22487,11,8140,65,13777,42,570,66,4406,52,9311,109,13717,California
Siskiyou,2021-04-08,355,22842,187,8327,127,13904,41,611,65,4222,290,9601,106,13823,California
Siskiyou,2021-04-09,547,23389,377,8704,132,14036,38,649,85,3885,461,10062,124,13947,California
Siskiyou,2021-04-10,45,23434,5,8709,3,14039,37,686,6,3889,39,10101,43,13990,California
Siskiyou,2021-04-11,7,23441,4,8713,1,14040,2,688,2,3888,5,10106,4,13994,California
Siskiyou,2021-04-12,129,23570,24,8737,103,14143,2,690,31,3823,98,10204,33,14027,California
Siskiyou,2021-04-13,207,23777,37,8774,169,14312,1,691,81,3779,126,10330,82,14109,California
Siskiyou,2021-04-14,157,23934,64,8838,93,14405,0,691,85,3794,70,10400,85,14194,California
Siskiyou,2021-04-15,1117,25051,957,9795,160,14565,0,691,438,3554,679,11079,439,14633,California
Siskiyou,2021-04-16,314,25365,219,10014,95,14660,0,691,270,3782,42,11121,270,14903,California
Siskiyou,2021-04-17,11,25376,8,10022,3,14663,0,691,7,3785,4,11125,7,14910,California
Siskiyou,2021-04-18,5,25381,3,10025,2,14665,0,691,1,3782,4,11129,1,14911,California
Siskiyou,2021-04-19,129,25510,24,10049,105,14770,0,691,47,3747,82,11211,47,14958,California
Siskiyou,2021-04-20,236,25746,5,10054,231,15001,0,691,94,3700,141,11352,94,15052,California
Siskiyou,2021-04-21,96,25842,10,10064,86,15087,0,691,26,3656,70,11422,26,15078,California
Siskiyou,2021-04-22,414,26256,301,10365,113,15200,0,691,49,3340,365,11787,49,15127,California
Siskiyou,2021-04-23,182,26438,15,10380,167,15367,0,691,160,3479,21,11808,160,15287,California
Siskiyou,2021-04-24,28,26466,4,10384,24,15391,0,691,20,3491,8,11816,20,15307,California
Siskiyou,2021-04-25,2,26468,0,10384,2,15393,0,691,2,3493,0,11816,2,15309,California
Siskiyou,2021-04-26,101,26569,4,10388,92,15485,5,696,24,3445,77,11893,29,15338,California
Siskiyou,2021-04-27,114,26683,5,10393,107,15592,2,698,87,3509,25,11918,89,15427,California
Siskiyou,2021-04-28,111,26794,8,10401,95,15687,8,706,53,3512,58,11976,61,15488,California
Siskiyou,2021-04-29,150,26944,16,10417,133,15820,1,707,30,3423,120,12096,31,15519,California
Siskiyou,2021-04-30,102,27046,20,10437,81,15901,1,708,45,3414,54,12150,45,15564,California
Siskiyou,2021-05-01,11,27057,7,10444,1,15902,3,711,7,3420,4,12154,10,15574,California
Siskiyou,2021-05-02,10,27067,4,10448,6,15908,0,711,9,3428,1,12155,9,15583,California
Siskiyou,2021-05-03,111,27178,23,10471,86,15994,2,713,46,3411,65,12220,48,15631,California
Siskiyou,2021-05-04,123,27301,7,10478,114,16108,2,715,60,3411,62,12282,62,15693,California
Siskiyou,2021-05-05,116,27417,20,10498,87,16195,9,724,39,3383,76,12358,48,15741,California
Siskiyou,2021-05-06,367,27784,296,10794,65,16260,6,730,190,3402,177,12535,196,15937,California
Siskiyou,2021-05-07,308,28092,219,11013,84,16344,5,735,31,3162,276,12811,36,15973,California
Siskiyou,2021-05-08,25,28117,4,11017,20,16364,1,736,18,3174,7,12818,19,15992,California
Siskiyou,2021-05-09,1,28118,0,11017,1,16365,0,736,0,3173,1,12819,0,15992,California
Siskiyou,2021-05-10,98,28216,67,11084,30,16395,1,737,21,3118,77,12896,22,16014,California
Siskiyou,2021-05-11,87,28303,8,11092,74,16469,5,742,51,3138,36,12932,56,16070,California
Siskiyou,2021-05-12,109,28412,4,11096,101,16570,4,746,17,3068,91,13023,21,16091,California
Siskiyou,2021-05-13,131,28543,35,11131,87,16657,9,755,38,3022,93,13116,47,16138,California
Siskiyou,2021-05-14,176,28719,82,11213,93,16750,1,756,108,3064,67,13183,109,16247,California
Siskiyou,2021-05-15,43,28762,13,11226,28,16778,2,758,36,3096,6,13189,38,16285,California
Siskiyou,2021-05-16,6,28768,2,11228,4,16782,0,758,4,3098,2,13191,4,16289,California
Siskiyou,2021-05-17,65,28833,1,11229,41,16823,23,781,11,3078,54,13245,34,16323,California
Siskiyou,2021-05-18,221,29054,83,11312,134,16957,4,785,124,3110,96,13341,128,16451,California
Siskiyou,2021-05-19,202,29256,97,11409,104,17061,1,786,168,3245,34,13375,169,16620,California
Siskiyou,2021-05-20,533,29789,430,11839,101,17162,2,788,237,3190,294,13669,239,16859,California
Siskiyou,2021-05-21,238,30027,95,11934,143,17305,0,788,109,3171,128,13797,109,16968,California
Siskiyou,2021-05-22,42,30069,19,11953,23,17328,0,788,27,3183,15,13812,27,16995,California
Siskiyou,2021-05-23,4,30073,3,11956,1,17329,0,788,2,3183,2,13814,2,16997,California
Siskiyou,2021-05-24,43,30116,3,11959,40,17369,0,788,29,3199,13,13827,29,17026,California
Siskiyou,2021-05-25,157,30273,16,11975,121,17490,20,808,50,3164,105,13932,70,17096,California
Siskiyou,2021-05-26,76,30349,19,11994,57,17547,0,808,41,3170,35,13967,41,17137,California
Siskiyou,2021-05-27,133,30482,94,12088,37,17584,2,810,57,3153,76,14043,59,17196,California
Siskiyou,2021-05-28,153,30635,58,12146,94,17678,1,811,101,3204,51,14094,102,17298,California
Siskiyou,2021-05-29,16,30651,9,12155,4,17682,3,814,5,3201,11,14105,8,17306,California
Siskiyou,2021-05-31,2,30653,1,12156,0,17682,1,815,1,3202,1,14106,2,17308,California
Siskiyou,2021-06-01,86,30739,20,12176,66,17748,0,815,29,3175,56,14162,29,17337,California
Siskiyou,2021-06-02,121,30860,33,12209,88,17836,0,815,45,3144,76,14238,45,17382,California
Siskiyou,2021-06-03,156,31016,109,12318,42,17878,5,820,40,3073,116,14354,45,17427,California
Siskiyou,2021-06-04,100,31116,76,12394,24,17902,0,820,21,3015,79,14433,21,17448,California
Siskiyou,2021-06-05,37,31153,17,12411,19,17921,1,821,15,3009,22,14455,16,17464,California
Siskiyou,2021-06-06,3,31156,2,12413,0,17921,1,822,0,3007,3,14458,1,17465,California
Siskiyou,2021-06-07,38,31194,4,12417,30,17951,4,826,26,3025,12,14470,30,17495,California
Siskiyou,2021-06-08,209,31403,94,12511,112,18063,3,829,64,2952,140,14610,67,17562,California
Siskiyou,2021-06-09,113,31516,84,12595,28,18091,1,830,31,2902,82,14692,32,17594,California
Siskiyou,2021-06-10,177,31693,145,12740,31,18122,1,831,77,2880,100,14792,78,17672,California
Siskiyou,2021-06-11,112,31805,60,12800,45,18167,7,838,23,2842,68,14860,30,17702,California
Siskiyou,2021-06-12,29,31834,6,12806,23,18190,0,838,9,2831,20,14880,9,17711,California
Siskiyou,2021-06-13,24,31858,16,12822,8,18198,0,838,2,2811,22,14902,2,17713,California
Siskiyou,2021-06-14,24,31882,4,12826,16,18214,4,842,11,2812,13,14915,14,17727,California
Siskiyou,2021-06-15,89,31971,22,12848,54,18268,13,855,33,2802,56,14971,46,17773,California
Siskiyou,2021-06-16,102,32073,23,12871,77,18345,2,857,10,2722,92,15063,12,17785,California
Siskiyou,2021-06-17,186,32259,142,13013,32,18377,12,869,40,2629,145,15208,52,17837,California
Siskiyou,2021-06-18,97,32356,62,13075,27,18404,8,877,20,2580,77,15285,28,17865,California
Siskiyou,2021-06-19,26,32382,17,13092,9,18413,0,877,12,2578,14,15299,12,17877,California
Siskiyou,2021-06-20,2,32384,1,13093,0,18413,1,878,1,2579,1,15300,2,17879,California
Siskiyou,2021-06-21,38,32422,3,13096,33,18446,2,880,5,2553,33,15333,7,17886,California
Siskiyou,2021-06-22,65,32487,24,13120,37,18483,4,884,31,2554,34,15367,35,17921,California
Siskiyou,2021-06-23,52,32539,7,13127,41,18524,4,888,11,2529,40,15407,15,17936,California
Siskiyou,2021-06-24,92,32631,51,13178,32,18556,9,897,46,2538,46,15453,55,17991,California
Siskiyou,2021-06-25,96,32727,60,13238,36,18592,0,897,65,2572,31,15484,65,18056,California
Siskiyou,2021-06-26,8,32735,3,13241,5,18597,0,897,4,2572,4,15488,4,18060,California
Siskiyou,2021-06-28,10,32745,4,13245,6,18603,0,897,5,2572,5,15493,5,18065,California
Siskiyou,2021-06-29,77,32822,52,13297,23,18626,2,899,40,2577,37,15530,42,18107,California
Siskiyou,2021-06-30,53,32875,10,13307,40,18666,3,902,13,2553,40,15570,16,18123,California
Siskiyou,2021-07-01,31,32906,20,13327,7,18673,4,906,9,2544,22,15592,13,18136,California
Siskiyou,2021-07-02,56,32962,36,13363,20,18693,0,906,38,2564,18,15610,38,18174,California
Siskiyou,2021-07-03,13,32975,5,13368,8,18701,0,906,8,2567,5,15615,8,18182,California
Solano,2020-12-15,4,4,4,4,0,0,0,0,4,4,0,0,4,4,California
Solano,2020-12-16,70,74,70,74,0,0,0,0,70,74,0,0,70,74,California
Solano,2020-12-17,171,245,171,245,0,0,0,0,171,245,0,0,171,245,California
Solano,2020-12-18,479,724,478,723,1,1,0,0,479,724,0,0,479,724,California
Solano,2020-12-19,522,1246,522,1245,0,1,0,0,522,1246,0,0,522,1246,California
Solano,2020-12-20,356,1602,354,1599,2,3,0,0,356,1602,0,0,356,1602,California
Solano,2020-12-21,575,2177,573,2172,2,5,0,0,575,2177,0,0,575,2177,California
Solano,2020-12-22,664,2841,631,2803,33,38,0,0,664,2841,0,0,664,2841,California
Solano,2020-12-23,863,3704,771,3574,92,130,0,0,862,3702,1,1,862,3703,California
Solano,2020-12-24,425,4129,171,3745,254,384,0,0,425,4127,0,1,425,4128,California
Solano,2020-12-25,9,4138,1,3746,8,392,0,0,9,4136,0,1,9,4137,California
Solano,2020-12-26,175,4313,48,3794,127,519,0,0,175,4311,0,1,175,4312,California
Solano,2020-12-27,106,4419,29,3823,77,596,0,0,106,4417,0,1,106,4418,California
Solano,2020-12-28,878,5297,432,4255,446,1042,0,0,878,5295,0,1,878,5296,California
Solano,2020-12-29,913,6210,376,4631,537,1579,0,0,913,6208,0,1,913,6209,California
Solano,2020-12-30,1241,7451,602,5233,639,2218,0,0,1241,7449,0,1,1241,7450,California
Solano,2020-12-31,546,7997,141,5374,405,2623,0,0,546,7995,0,1,546,7996,California
Solano,2021-01-01,14,8011,13,5387,1,2624,0,0,14,8009,0,1,14,8010,California
Solano,2021-01-02,219,8230,171,5558,48,2672,0,0,219,8228,0,1,219,8229,California
Solano,2021-01-03,56,8286,40,5598,16,2688,0,0,50,8278,0,1,50,8279,California
Solano,2021-01-04,450,8736,242,5840,208,2896,0,0,441,8717,2,3,441,8720,California
Solano,2021-01-05,734,9470,382,6222,352,3248,0,0,573,9134,156,159,573,9293,California
Solano,2021-01-06,850,10320,439,6661,411,3659,0,0,577,9440,271,430,577,9870,California
Solano,2021-01-07,1070,11390,684,7345,386,4045,0,0,594,9561,474,904,595,10465,California
Solano,2021-01-08,1153,12543,785,8130,368,4413,0,0,550,9528,585,1489,552,11017,California
Solano,2021-01-09,886,13429,762,8892,124,4537,0,0,427,9499,456,1945,427,11444,California
Solano,2021-01-10,254,13683,193,9085,61,4598,0,0,152,9549,102,2047,152,11596,California
Solano,2021-01-11,1336,15019,1123,10208,213,4811,0,0,817,9847,519,2566,817,12413,California
Solano,2021-01-12,1584,16603,1181,11389,403,5214,0,0,1027,10319,556,3122,1028,13441,California
Solano,2021-01-13,1469,18072,1007,12396,462,5676,0,0,1210,11272,257,3379,1210,14651,California
Solano,2021-01-14,1919,19991,832,13228,1087,6763,0,0,1600,12556,316,3695,1600,16251,California
Solano,2021-01-15,1722,21713,1065,14293,657,7420,0,0,1422,13678,300,3995,1422,17673,California
Solano,2021-01-16,1296,23009,905,15198,391,7811,0,0,1122,14626,174,4169,1122,18795,California
Solano,2021-01-17,1053,24062,756,15954,297,8108,0,0,1032,15638,21,4190,1033,19828,California
Solano,2021-01-18,1428,25490,855,16809,573,8681,0,0,1307,16824,121,4311,1307,21135,California
Solano,2021-01-19,1667,27157,1347,18156,320,9001,0,0,1391,17940,275,4586,1391,22526,California
Solano,2021-01-20,2062,29219,1428,19584,634,9635,0,0,1574,19029,485,5071,1574,24100,California
Solano,2021-01-21,3220,32439,1033,20617,2187,11822,0,0,2862,21535,358,5429,2864,26964,California
Solano,2021-01-22,1789,34228,859,21476,930,12752,0,0,1590,22927,199,5628,1591,28555,California
Solano,2021-01-23,744,34972,245,21721,499,13251,0,0,532,23247,213,5841,533,29088,California
Solano,2021-01-24,408,35380,63,21784,345,13596,0,0,340,23519,68,5909,340,29428,California
Solano,2021-01-25,1678,37058,630,22414,1048,14644,0,0,1118,24079,559,6468,1119,30547,California
Solano,2021-01-26,1806,38864,748,23162,1058,15702,0,0,1159,24592,647,7115,1160,31707,California
Solano,2021-01-27,1809,40673,719,23881,1090,16792,0,0,1193,25173,612,7727,1193,32900,California
Solano,2021-01-28,1984,42657,714,24595,1270,18062,0,0,1384,25959,599,8326,1385,34285,California
Solano,2021-01-29,1722,44379,777,25372,945,19007,0,0,1355,26950,364,8690,1355,35640,California
Solano,2021-01-30,929,45308,432,25804,497,19504,0,0,604,27230,325,9015,605,36245,California
Solano,2021-01-31,269,45577,177,25981,92,19596,0,0,173,27308,95,9110,173,36418,California
Solano,2021-02-01,1559,47136,1033,27014,526,20122,0,0,773,27298,783,9893,773,37191,California
Solano,2021-02-02,3385,50521,1103,28117,2282,22404,0,0,2566,29050,814,10707,2566,39757,California
Solano,2021-02-03,2276,52797,1313,29430,963,23367,0,0,1169,29115,1104,11811,1169,40926,California
Solano,2021-02-04,1816,54613,905,30335,911,24278,0,0,1083,29470,728,12539,1083,42009,California
Solano,2021-02-05,3124,57737,1422,31757,1702,25980,0,0,2110,30573,1007,13546,2110,44119,California
Solano,2021-02-06,3082,60819,1172,32929,1910,27890,0,0,2263,32021,815,14361,2263,46382,California
Solano,2021-02-07,844,61663,778,33707,66,27956,0,0,235,31648,608,14969,235,46617,California
Solano,2021-02-08,1772,63435,1243,34950,529,28485,0,0,722,31322,1048,16017,722,47339,California
Solano,2021-02-09,1960,65395,1494,36444,466,28951,0,0,702,30767,1257,17274,702,48041,California
Solano,2021-02-10,2291,67686,1508,37952,783,29734,0,0,821,30119,1469,18743,821,48862,California
Solano,2021-02-11,2548,70234,1500,39452,1048,30782,0,0,1202,29986,1335,20078,1202,50064,California
Solano,2021-02-12,4277,74511,1636,41088,2641,33423,0,0,2914,31545,1355,21433,2914,52978,California
Solano,2021-02-13,2897,77408,247,41335,2650,36073,0,0,2479,33610,414,21847,2479,55457,California
Solano,2021-02-14,734,78142,204,41539,530,36603,0,0,407,33693,325,22172,408,55865,California
Solano,2021-02-15,1272,79414,267,41806,1005,37608,0,0,653,33727,619,22791,653,56518,California
Solano,2021-02-16,2582,81996,1388,43194,1194,38802,0,0,1679,34505,902,23693,1680,58198,California
Solano,2021-02-17,3278,85274,1450,44644,1828,40630,0,0,2221,35673,1054,24747,2222,60420,California
Solano,2021-02-18,2924,88198,851,45495,2073,42703,0,0,861,34478,2056,26803,861,61281,California
Solano,2021-02-19,2495,90693,1469,46964,1026,43729,0,0,1181,34354,1307,28110,1183,62464,California
Solano,2021-02-20,2773,93466,393,47357,2380,46109,0,0,2249,36079,524,28634,2249,64713,California
Solano,2021-02-21,2340,95806,2012,49369,328,46437,0,0,2010,37764,325,28959,2010,66723,California
Solano,2021-02-22,1837,97643,1076,50445,761,47198,0,0,952,37836,881,29840,953,67676,California
Solano,2021-02-23,2981,100624,1159,51604,1822,49020,0,0,2013,38884,965,30805,2013,69689,California
Solano,2021-02-24,2561,103185,1280,52884,1281,50301,0,0,1413,39154,1144,31949,1414,71103,California
Solano,2021-02-25,2654,105839,1573,54457,1081,51382,0,0,1462,39430,1186,33135,1462,72565,California
Solano,2021-02-26,3551,109390,2277,56734,1274,52656,0,0,2102,40088,1444,34579,2102,74667,California
Solano,2021-02-27,3993,113383,1539,58273,2453,55109,1,1,3228,42563,754,35333,3229,77896,California
Solano,2021-02-28,1949,115332,1574,59847,374,55483,1,2,1618,43854,328,35661,1619,79515,California
Solano,2021-03-01,2753,118085,1227,61074,1525,57008,1,3,2078,45265,668,36329,2079,81594,California
Solano,2021-03-02,2319,120404,1411,62485,908,57916,0,3,1292,45531,1026,37355,1292,82886,California
Solano,2021-03-03,2270,122674,1277,63762,993,58909,0,3,1406,46084,854,38209,1407,84293,California
Solano,2021-03-04,4436,127110,3440,67202,994,59903,2,5,3172,48007,1254,39463,3177,87470,California
Solano,2021-03-05,4974,132084,1682,68884,3287,63190,5,10,3975,50999,988,40451,3980,91450,California
Solano,2021-03-06,3871,135955,837,69721,2995,66185,39,49,2649,52476,1211,41662,2688,94138,California
Solano,2021-03-07,3579,139534,760,70481,2810,68995,9,58,1951,52822,1615,43277,1961,96099,California
Solano,2021-03-08,2202,141736,1352,71833,581,69576,269,327,1631,54157,563,43840,1898,97997,California
Solano,2021-03-09,3244,144980,1569,73402,1620,71196,55,382,2335,55636,907,44747,2386,100383,California
Solano,2021-03-10,2439,147419,1761,75163,592,71788,86,468,1282,55850,1152,45899,1366,101749,California
Solano,2021-03-11,6056,153475,1764,76927,4039,75827,253,721,4996,60045,1055,46954,5250,106999,California
Solano,2021-03-12,6054,159529,1575,78502,4300,80127,179,900,3169,60520,2872,49826,3347,110346,California
Solano,2021-03-13,4621,164150,805,79307,3731,83858,85,985,2238,60471,2375,52201,2326,112672,California
Solano,2021-03-14,4024,168174,3138,82445,430,84288,456,1441,1557,60019,2462,54663,2010,114682,California
Solano,2021-03-15,4036,172210,2457,84902,1252,85540,327,1768,2519,61358,1505,56168,2844,117526,California
Solano,2021-03-16,3110,175320,1323,86225,1549,87089,238,2006,1575,61641,1529,57697,1812,119338,California
Solano,2021-03-17,6522,181842,1683,87908,4744,91833,95,2101,4945,65108,1573,59270,5040,124378,California
Solano,2021-03-18,5228,187070,1860,89768,3330,95163,38,2139,3748,67423,1472,60742,3787,128165,California
Solano,2021-03-19,3595,190665,2655,92423,864,96027,76,2215,1633,67180,1953,62695,1710,129875,California
Solano,2021-03-20,5590,196255,1681,94104,3855,99882,54,2269,2623,66903,2954,65649,2677,132552,California
Solano,2021-03-21,1699,197954,1591,95695,83,99965,25,2294,376,65986,1316,66965,399,132951,California
Solano,2021-03-22,2708,200662,2055,97750,602,100567,51,2345,1567,66466,1135,68100,1615,134566,California
Solano,2021-03-23,3573,204235,1688,99438,1841,102408,44,2389,1396,65735,2170,70270,1439,136005,California
Solano,2021-03-24,2842,207077,1777,101215,1030,103438,35,2424,1362,65657,1473,71743,1395,137400,California
Solano,2021-03-25,4901,211978,4011,105226,855,104293,35,2459,2279,65355,2616,74359,2314,139714,California
Solano,2021-03-26,3251,215229,2112,107338,1101,105394,38,2497,1742,65636,1499,75858,1780,141494,California
Solano,2021-03-27,4232,219461,1162,108500,3029,108423,41,2538,1664,64778,2561,78419,1703,143197,California
Solano,2021-03-28,1424,220885,1112,109612,294,108717,18,2556,539,64454,881,79300,557,143754,California
Solano,2021-03-29,3538,224423,2046,111658,1476,110193,16,2572,1542,64031,1982,81282,1559,145313,California
Solano,2021-03-30,3053,227476,2022,113680,939,111132,92,2664,1905,64880,1147,82429,1996,147309,California
Solano,2021-03-31,3160,230636,2148,115828,851,111983,161,2825,1848,65578,1307,83736,2005,149314,California
Solano,2021-04-01,5580,236216,2114,117942,3312,115295,154,2979,3521,67207,2046,85782,3675,152989,California
Solano,2021-04-02,6636,242852,2238,120180,4229,119524,169,3148,2553,65862,4064,89846,2719,155708,California
Solano,2021-04-03,1530,244382,968,121148,409,119933,153,3301,568,65622,960,90806,720,156428,California
Solano,2021-04-04,786,245168,288,121436,194,120127,304,3605,242,65628,540,91346,546,156974,California
Solano,2021-04-05,3015,248183,2063,123499,744,120871,208,3813,1515,65851,1498,92844,1721,158695,California
Solano,2021-04-06,6072,254255,1640,125139,3942,124813,490,4303,1636,63548,4427,97271,2124,160819,California
Solano,2021-04-07,5992,260247,4643,129782,946,125759,403,4706,3401,64780,2571,99842,3803,164622,California
Solano,2021-04-08,6506,266753,1802,131584,3831,129590,873,5579,1803,62774,4672,104514,2666,167288,California
Solano,2021-04-09,6318,273071,1662,133246,3806,133396,850,6429,1522,60369,4770,109284,2365,169653,California
Solano,2021-04-10,1758,274829,966,134212,454,133850,338,6767,812,60573,944,110228,1148,170801,California
Solano,2021-04-11,1242,276071,773,134985,337,134187,132,6899,639,60744,600,110828,771,171572,California
Solano,2021-04-12,3293,279364,1702,136687,1230,135417,361,7260,1344,60503,1943,112771,1702,173274,California
Solano,2021-04-13,2573,281937,1115,137802,1457,136874,1,7261,1332,60599,1237,114008,1333,174607,California
Solano,2021-04-14,6545,288482,1965,139767,4580,141454,0,7261,1850,57764,4686,118694,1851,176458,California
Solano,2021-04-15,5744,294226,2171,141938,3572,145026,1,7262,1746,55527,3984,122678,1747,178205,California
Solano,2021-04-16,3712,297938,2600,144538,1110,146136,2,7264,2298,56421,1406,124084,2300,180505,California
Solano,2021-04-17,3294,301232,1074,145612,2220,148356,0,7264,1127,55395,2155,126239,1129,181634,California
Solano,2021-04-18,1056,302288,658,146270,398,148754,0,7264,549,55438,506,126745,549,182183,California
Solano,2021-04-19,2160,304448,1173,147443,987,149741,0,7264,1171,55629,982,127727,1173,183356,California
Solano,2021-04-20,3087,307535,1891,149334,1196,150937,0,7264,1709,55966,1372,129099,1709,185065,California
Solano,2021-04-21,3896,311431,2410,151744,1486,152423,0,7264,2042,56163,1845,130944,2042,187107,California
Solano,2021-04-22,3047,314478,1528,153272,1519,153942,0,7264,1803,56726,1240,132184,1803,188910,California
Solano,2021-04-23,4220,318698,2144,155416,2076,156018,0,7264,2538,57589,1677,133861,2540,191450,California
Solano,2021-04-24,3895,322593,2346,157762,1547,157565,2,7266,2584,58950,1225,135086,2586,194036,California
Solano,2021-04-25,1434,324027,1118,158880,316,157881,0,7266,1134,59791,293,135379,1134,195170,California
Solano,2021-04-26,2623,326650,1704,160584,915,158796,4,7270,1450,60086,1159,136538,1454,196624,California
Solano,2021-04-27,2605,329255,1309,161893,1266,160062,30,7300,1477,60477,1117,137655,1508,198132,California
Solano,2021-04-28,6083,335338,5026,166919,1011,161073,46,7346,3807,62069,2260,139915,3852,201984,California
Solano,2021-04-29,4575,339913,1475,168394,3065,164138,35,7381,2067,61673,2498,142413,2102,204086,California
Solano,2021-04-30,4171,344084,2228,170622,1802,165940,141,7522,1940,61538,2215,144628,2080,206166,California
Solano,2021-05-01,2188,346272,1684,172306,304,166244,200,7722,1298,62152,884,145512,1498,207664,California
Solano,2021-05-02,1200,347472,941,173247,234,166478,25,7747,661,62304,534,146046,686,208350,California
Solano,2021-05-03,1465,348937,1017,174264,361,166839,87,7834,602,62134,860,146906,690,209040,California
Solano,2021-05-04,1828,350765,1071,175335,691,167530,66,7900,823,62020,1003,147909,889,209929,California
Solano,2021-05-05,2284,353049,1442,176777,729,168259,113,8013,1100,62051,1180,149089,1211,211140,California
Solano,2021-05-06,1992,355041,1192,177969,591,168850,209,8222,724,61720,1256,150345,925,212065,California
Solano,2021-05-07,2837,357878,1978,179947,739,169589,120,8342,986,60981,1843,152188,1104,213169,California
Solano,2021-05-08,1485,359363,939,180886,430,170019,116,8458,572,60760,909,153097,688,213857,California
Solano,2021-05-09,451,359814,275,181161,165,170184,11,8469,175,60673,274,153371,187,214044,California
Solano,2021-05-10,1392,361206,647,181808,638,170822,107,8576,389,60170,998,154369,495,214539,California
Solano,2021-05-11,2340,363546,1212,183020,1039,171861,89,8665,680,59284,1655,156024,769,215308,California
Solano,2021-05-12,2200,365746,1267,184287,758,172619,175,8840,730,58732,1455,157479,903,216211,California
Solano,2021-05-13,3100,368846,2122,186409,766,173385,212,9052,1628,59104,1468,158947,1840,218051,California
Solano,2021-05-14,2518,371364,1706,188115,690,174075,122,9174,1061,58838,1449,160396,1183,219234,California
Solano,2021-05-15,3412,374776,2760,190875,566,174641,86,9260,1298,58119,2102,162498,1383,220617,California
Solano,2021-05-16,1542,376318,1144,192019,365,175006,33,9293,277,57167,1261,163759,309,220926,California
Solano,2021-05-17,2459,378777,1413,193432,959,175965,87,9380,864,56540,1574,165333,947,221873,California
Solano,2021-05-18,2959,381736,1640,195072,1230,177195,89,9469,1468,56619,1478,166811,1557,223430,California
Solano,2021-05-19,5714,387450,4139,199211,1443,178638,132,9601,2171,55389,3533,170344,2303,225733,California
Solano,2021-05-20,2621,390071,1581,200792,977,179615,63,9664,941,54724,1669,172013,1004,226737,California
Solano,2021-05-21,3563,393634,1874,202666,1620,181235,69,9733,1368,53975,2186,174199,1437,228174,California
Solano,2021-05-22,2742,396376,2113,204779,535,181770,94,9827,1158,53649,1577,175776,1251,229425,California
Solano,2021-05-23,1409,397785,1165,205944,219,181989,25,9852,753,53774,653,176429,778,230203,California
Solano,2021-05-24,1886,399671,1090,207034,723,182712,73,9925,636,53240,1242,177671,708,230911,California
Solano,2021-05-25,1625,401296,823,207857,744,183456,58,9983,583,52846,1034,178705,640,231551,California
Solano,2021-05-26,1896,403192,1088,208945,751,184207,57,10040,706,52425,1185,179890,764,232315,California
Solano,2021-05-27,2134,405326,945,209890,1114,185321,75,10115,879,52134,1244,181134,953,233268,California
Solano,2021-05-28,2018,407344,1023,210913,939,186260,56,10171,759,51699,1251,182385,816,234084,California
Solano,2021-05-29,654,407998,323,211236,300,186560,31,10202,301,51680,350,182735,331,234415,California
Solano,2021-05-30,323,408321,154,211390,144,186704,25,10227,114,51613,206,182941,139,234554,California
Solano,2021-05-31,129,408450,20,211410,100,186804,9,10236,25,51543,104,183045,34,234588,California
Solano,2021-06-01,1838,410288,1182,212592,578,187382,78,10314,727,51243,1106,184151,806,235394,California
Solano,2021-06-02,1827,412115,1289,213881,472,187854,66,10380,925,51336,895,185046,988,236382,California
Solano,2021-06-03,2191,414306,1732,215613,376,188230,83,10463,706,50647,1479,186525,790,237172,California
Solano,2021-06-04,1653,415959,1148,216761,439,188669,66,10529,501,50066,1148,187673,567,237739,California
Solano,2021-06-05,1418,417377,1024,217785,343,189012,51,10580,469,49643,943,188616,520,238259,California
Solano,2021-06-06,672,418049,554,218339,86,189098,32,10612,361,49726,310,188926,393,238652,California
Solano,2021-06-07,1241,419290,951,219290,228,189326,62,10674,410,49371,827,189753,472,239124,California
Solano,2021-06-08,1834,421124,1326,220616,474,189800,34,10708,486,48548,1343,191096,520,239644,California
Solano,2021-06-09,2108,423232,1795,222411,252,190052,61,10769,668,47842,1434,192530,728,240372,California
Solano,2021-06-10,1242,424474,845,223256,323,190375,74,10843,396,47474,837,193367,469,240841,California
Solano,2021-06-11,1600,426074,1271,224527,263,190638,66,10909,588,47120,1007,194374,653,241494,California
Solano,2021-06-12,1203,427277,924,225451,218,190856,61,10970,205,46395,991,195365,266,241760,California
Solano,2021-06-13,610,427887,521,225972,80,190936,9,10979,111,46017,498,195863,120,241880,California
Solano,2021-06-14,1310,429197,928,226900,349,191285,33,11012,276,45298,1026,196889,307,242187,California
Solano,2021-06-15,1469,430666,931,227831,487,191772,51,11063,603,45096,859,197748,657,242844,California
Solano,2021-06-16,1164,431830,771,228602,323,192095,70,11133,397,44800,762,198510,466,243310,California
Solano,2021-06-17,1222,433052,936,229538,217,192312,69,11202,436,44532,772,199282,504,243814,California
Solano,2021-06-18,1178,434230,875,230413,237,192549,66,11268,441,44307,732,200014,507,244321,California
Solano,2021-06-19,423,434653,295,230708,100,192649,28,11296,161,44239,257,200271,189,244510,California
Solano,2021-06-20,183,434836,140,230848,36,192685,7,11303,85,44233,98,200369,92,244602,California
Solano,2021-06-21,630,435466,405,231253,162,192847,63,11366,395,44457,234,200603,458,245060,California
Solano,2021-06-22,1155,436621,872,232125,238,193085,45,11411,421,44193,730,201333,466,245526,California
Solano,2021-06-23,1405,438026,1160,233285,174,193259,71,11482,481,43826,918,202251,551,246077,California
Solano,2021-06-24,904,438930,686,233971,152,193411,66,11548,385,43762,514,202765,450,246527,California
Solano,2021-06-25,1036,439966,723,234694,245,193656,68,11616,481,43773,537,203302,548,247075,California
Solano,2021-06-26,560,440526,430,235124,93,193749,37,11653,220,43691,338,203640,256,247331,California
Solano,2021-06-27,440,440966,383,235507,55,193804,2,11655,157,43568,282,203922,159,247490,California
Solano,2021-06-28,969,441935,802,236309,132,193936,35,11690,393,43425,571,204493,428,247918,California
Solano,2021-06-29,849,442784,649,236958,147,194083,53,11743,378,43388,467,204960,430,248348,California
Solano,2021-06-30,814,443598,600,237558,169,194252,45,11788,369,43356,445,205405,413,248761,California
Solano,2021-07-01,666,444264,492,238050,111,194363,63,11851,251,43257,413,205818,314,249075,California
Solano,2021-07-02,737,445001,561,238611,142,194505,34,11885,295,43150,436,206254,329,249404,California
Solano,2021-07-03,311,445312,208,238819,88,194593,15,11900,155,43168,152,206406,170,249574,California
Solano,2021-07-04,32,445344,3,238822,16,194609,13,11913,12,43173,20,206426,25,249599,California
Sonoma,2020-12-15,4,4,4,4,0,0,0,0,4,4,0,0,4,4,California
Sonoma,2020-12-16,27,31,27,31,0,0,0,0,27,31,0,0,27,31,California
Sonoma,2020-12-17,111,142,111,142,0,0,0,0,111,142,0,0,111,142,California
Sonoma,2020-12-18,437,579,437,579,0,0,0,0,437,579,0,0,437,579,California
Sonoma,2020-12-19,111,690,110,689,1,1,0,0,111,690,0,0,111,690,California
Sonoma,2020-12-20,177,867,177,866,0,1,0,0,177,867,0,0,177,867,California
Sonoma,2020-12-21,908,1775,906,1772,2,3,0,0,907,1774,0,0,907,1774,California
Sonoma,2020-12-22,1356,3131,1265,3037,91,94,0,0,1356,3130,0,0,1356,3130,California
Sonoma,2020-12-23,1604,4735,1228,4265,376,470,0,0,1605,4735,0,0,1605,4735,California
Sonoma,2020-12-24,310,5045,103,4368,207,677,0,0,310,5045,0,0,310,5045,California
Sonoma,2020-12-25,9,5054,2,4370,7,684,0,0,9,5054,0,0,9,5054,California
Sonoma,2020-12-26,268,5322,257,4627,11,695,0,0,268,5322,0,0,268,5322,California
Sonoma,2020-12-27,94,5416,80,4707,14,709,0,0,94,5416,0,0,94,5416,California
Sonoma,2020-12-28,980,6396,546,5253,434,1143,0,0,953,6369,0,0,953,6369,California
Sonoma,2020-12-29,1136,7532,779,6032,357,1500,0,0,1102,7471,0,0,1102,7471,California
Sonoma,2020-12-30,1098,8630,482,6514,616,2116,0,0,1090,8561,0,0,1090,8561,California
Sonoma,2020-12-31,518,9148,69,6583,449,2565,0,0,519,9080,0,0,519,9080,California
Sonoma,2021-01-01,228,9376,107,6690,121,2686,0,0,228,9308,0,0,228,9308,California
Sonoma,2021-01-02,135,9511,128,6818,7,2693,0,0,135,9443,0,0,135,9443,California
Sonoma,2021-01-03,26,9537,10,6828,16,2709,0,0,26,9469,0,0,26,9469,California
Sonoma,2021-01-04,346,9883,108,6936,238,2947,0,0,345,9814,0,0,345,9814,California
Sonoma,2021-01-05,433,10316,100,7036,333,3280,0,0,407,10205,16,16,407,10221,California
Sonoma,2021-01-06,951,11267,431,7467,520,3800,0,0,836,10932,109,125,836,11057,California
Sonoma,2021-01-07,1040,12307,539,8006,501,4301,0,0,865,11623,174,299,865,11922,California
Sonoma,2021-01-08,1811,14118,1245,9251,566,4867,0,0,1328,12470,481,780,1328,13250,California
Sonoma,2021-01-09,641,14759,401,9652,240,5107,0,0,593,13015,48,828,593,13843,California
Sonoma,2021-01-10,471,15230,460,10112,11,5118,0,0,277,13098,194,1022,277,14120,California
Sonoma,2021-01-11,1387,16617,1239,11351,148,5266,0,0,416,12548,966,1988,416,14536,California
Sonoma,2021-01-12,1553,18170,1296,12647,257,5523,0,0,401,11799,1150,3138,401,14937,California
Sonoma,2021-01-13,2049,20219,1368,14015,681,6204,0,0,1181,12116,865,4003,1182,16119,California
Sonoma,2021-01-14,1543,21762,809,14824,734,6938,0,0,1313,13199,230,4233,1313,17432,California
Sonoma,2021-01-15,1566,23328,635,15459,931,7869,0,0,1342,14329,214,4447,1344,18776,California
Sonoma,2021-01-16,1148,24476,612,16071,536,8405,0,0,900,14985,244,4691,900,19676,California
Sonoma,2021-01-17,681,25157,559,16630,122,8527,0,0,601,15506,80,4771,601,20277,California
Sonoma,2021-01-18,1108,26265,938,17568,170,8697,0,0,618,15635,490,5261,619,20896,California
Sonoma,2021-01-19,2100,28365,1002,18570,1098,9795,0,0,1388,16314,710,5971,1389,22285,California
Sonoma,2021-01-20,2190,30555,711,19281,1479,11274,0,0,1515,17165,665,6636,1516,23801,California
Sonoma,2021-01-21,2321,32876,675,19956,1646,12920,0,0,2093,19033,226,6862,2094,25895,California
Sonoma,2021-01-22,2775,35651,1055,21011,1720,14640,0,0,2623,21505,151,7013,2623,28518,California
Sonoma,2021-01-23,769,36420,591,21602,178,14818,0,0,660,22057,108,7121,660,29178,California
Sonoma,2021-01-24,852,37272,714,22316,138,14956,0,0,833,22871,19,7140,833,30011,California
Sonoma,2021-01-25,2197,39469,535,22851,1662,16618,0,0,1705,24084,492,7632,1705,31716,California
Sonoma,2021-01-26,2064,41533,307,23158,1757,18375,0,0,1596,25213,467,8099,1596,33312,California
Sonoma,2021-01-27,3748,45281,1279,24437,2469,20844,0,0,3162,27794,583,8682,3164,36476,California
Sonoma,2021-01-28,4123,49404,1831,26268,2292,23136,0,0,3435,30546,685,9367,3437,39913,California
Sonoma,2021-01-29,3022,52426,1421,27689,1601,24737,0,0,2170,31868,850,10217,2172,42085,California
Sonoma,2021-01-30,2593,55019,2397,30086,196,24933,0,0,2245,33768,346,10563,2246,44331,California
Sonoma,2021-01-31,794,55813,678,30764,116,25049,0,0,562,34099,231,10794,562,44893,California
Sonoma,2021-02-01,2501,58314,858,31622,1643,26692,0,0,2107,35816,390,11184,2107,47000,California
Sonoma,2021-02-02,3616,61930,1397,33019,2219,28911,0,0,3028,38259,585,11769,3028,50028,California
Sonoma,2021-02-03,4072,66002,1328,34347,2744,31655,0,0,3122,40435,946,12715,3122,53150,California
Sonoma,2021-02-04,4251,70253,1747,36094,2504,34159,0,0,3442,43072,806,13521,3443,56593,California
Sonoma,2021-02-05,4861,75114,1757,37851,3104,37263,0,0,3790,45797,1066,14587,3791,60384,California
Sonoma,2021-02-06,2663,77777,2295,40146,368,37631,0,0,2121,47378,540,15127,2121,62505,California
Sonoma,2021-02-07,1556,79333,1419,41565,137,37768,0,0,1293,48408,263,15390,1293,63798,California
Sonoma,2021-02-08,3288,82621,1041,42606,2247,40015,0,0,2685,50492,601,15991,2685,66483,California
Sonoma,2021-02-09,3601,86222,1717,44323,1884,41899,0,0,3113,53120,486,16477,3114,69597,California
Sonoma,2021-02-10,4595,90817,2507,46830,2088,43987,0,0,3566,55666,1021,17498,3567,73164,California
Sonoma,2021-02-11,5633,96450,3038,49868,2595,46582,0,0,4350,58737,1279,18777,4350,77514,California
Sonoma,2021-02-12,5969,102419,3287,53155,2682,49264,0,0,4508,61795,1454,20231,4512,82026,California
Sonoma,2021-02-13,2002,104421,1157,54312,845,50109,0,0,1196,62188,803,21034,1196,83222,California
Sonoma,2021-02-14,2336,106757,1833,56145,503,50612,0,0,1578,63012,754,21788,1578,84800,California
Sonoma,2021-02-15,2145,108902,790,56935,1355,51967,0,0,1599,64065,546,22334,1599,86399,California
Sonoma,2021-02-16,4998,113900,2138,59073,2860,54827,0,0,3715,66503,1279,23613,3717,90116,California
Sonoma,2021-02-17,5650,119550,2932,62005,2718,57545,0,0,3555,67980,2080,25693,3557,93673,California
Sonoma,2021-02-18,7021,126571,3171,65176,3850,61395,0,0,4018,69015,2984,28677,4019,97692,California
Sonoma,2021-02-19,5656,132227,1724,66900,3932,65327,0,0,3493,70357,2153,30830,3495,101187,California
Sonoma,2021-02-20,3158,135385,2858,69758,300,65627,0,0,1229,69665,1921,32751,1229,102416,California
Sonoma,2021-02-21,558,135943,442,70200,116,65743,0,0,148,69409,404,33155,148,102564,California
Sonoma,2021-02-22,3023,138966,1419,71619,1604,67347,0,0,1240,68880,1769,34924,1240,103804,California
Sonoma,2021-02-23,3484,142450,2136,73755,1348,68695,0,0,1636,68676,1840,36764,1636,105440,California
Sonoma,2021-02-24,5770,148220,2582,76337,3188,71883,0,0,2936,68790,2823,39587,2937,108377,California
Sonoma,2021-02-25,6017,154237,2353,78690,3664,75547,0,0,3217,69236,2771,42358,3217,111594,California
Sonoma,2021-02-26,6641,160878,2925,81615,3716,79263,0,0,4209,71023,2422,44780,4209,115803,California
Sonoma,2021-02-27,4233,165111,1964,83579,2269,81532,0,0,2834,72464,1393,46173,2834,118637,California
Sonoma,2021-02-28,2502,167613,1850,85429,651,82183,1,1,746,71467,1744,47917,747,119384,California
Sonoma,2021-03-01,4145,171758,1324,86753,2820,85003,1,2,2165,71673,1961,49878,2167,121551,California
Sonoma,2021-03-02,4440,176198,1531,88284,2907,87910,2,4,2551,72348,1878,51756,2553,124104,California
Sonoma,2021-03-03,5091,181289,2644,90928,2447,90357,0,4,2330,71933,2745,54501,2330,126434,California
Sonoma,2021-03-04,5983,187272,2688,93616,3295,93652,0,4,2581,71128,3386,57887,2581,129015,California
Sonoma,2021-03-05,6505,193777,2868,96484,3622,97274,15,19,2729,70117,3756,61643,2745,131760,California
Sonoma,2021-03-06,2808,196585,1227,97711,1443,98717,138,157,1927,71310,871,62514,2064,133824,California
Sonoma,2021-03-07,1736,198321,1400,99111,299,99016,37,194,395,70402,1339,63853,431,134255,California
Sonoma,2021-03-08,4085,202406,663,99774,3248,102264,174,368,2384,71271,1687,65540,2556,136811,California
Sonoma,2021-03-09,5623,208029,3100,102874,2255,104519,268,636,2692,71302,2916,68456,2947,139758,California
Sonoma,2021-03-10,6050,214079,3209,106083,2491,107010,350,986,2427,70473,3603,72059,2774,142532,California
Sonoma,2021-03-11,7567,221646,3029,109112,3716,110726,822,1808,2541,68827,5004,77063,3358,145890,California
Sonoma,2021-03-12,7439,229085,2269,111381,3805,114531,1365,3173,2059,66897,5348,82411,3418,149308,California
Sonoma,2021-03-13,3463,232548,1715,113096,1508,116039,240,3413,2013,67699,1446,83857,2248,151556,California
Sonoma,2021-03-14,1396,233944,388,113484,866,116905,142,3555,849,68146,544,84401,991,152547,California
Sonoma,2021-03-15,5260,239204,1520,115004,3354,120259,386,3941,2173,67637,3066,87467,2557,155104,California
Sonoma,2021-03-16,6326,245530,2270,117274,3828,124087,228,4169,2885,67318,3430,90897,3111,158215,California
Sonoma,2021-03-17,6805,252335,3549,120823,3077,127164,179,4348,3275,67258,3512,94409,3452,161667,California
Sonoma,2021-03-18,7160,259495,2952,123775,3592,130756,616,4964,3108,66940,4036,98445,3718,165385,California
Sonoma,2021-03-19,7525,267020,3260,127035,4036,134792,229,5193,3047,65774,4446,102891,3280,168665,California
Sonoma,2021-03-20,3736,270756,1766,128801,1144,135936,826,6019,2014,66896,1713,104604,2835,171500,California
Sonoma,2021-03-21,1401,272157,614,129415,752,136688,35,6054,1209,67954,186,104790,1244,172744,California
Sonoma,2021-03-22,4585,276742,3120,132535,1366,138054,99,6153,3335,70145,1243,106033,3434,176178,California
Sonoma,2021-03-23,5873,282615,3639,136174,2161,140215,73,6226,4417,73193,1443,107476,4491,180669,California
Sonoma,2021-03-24,6845,289460,4288,140462,2482,142697,75,6301,4157,74757,2665,110141,4229,184898,California
Sonoma,2021-03-25,7138,296598,4201,144663,2825,145522,112,6413,4278,76319,2831,112972,4393,189291,California
Sonoma,2021-03-26,7482,304080,3473,148136,3912,149434,97,6510,3807,76575,3647,116619,3903,193194,California
Sonoma,2021-03-27,3865,307945,1516,149652,1986,151420,363,6873,990,75065,2860,119479,1350,194544,California
Sonoma,2021-03-28,1515,309460,950,150602,537,151957,28,6901,796,75173,715,120194,823,195367,California
Sonoma,2021-03-29,2993,312453,1110,151712,1850,153807,33,6934,1548,75320,1434,121628,1581,196948,California
Sonoma,2021-03-30,5929,318382,3232,154944,2634,156441,63,6997,3101,75666,2818,124446,3164,200112,California
Sonoma,2021-03-31,5750,324132,3418,158362,2116,158557,216,7213,3337,76823,2395,126841,3552,203664,California
Sonoma,2021-04-01,6965,331097,4071,162433,2548,161105,346,7559,3774,77771,3161,130002,4109,207773,California
Sonoma,2021-04-02,5978,337075,3581,166014,2286,163391,111,7670,3577,79071,2387,132389,3687,211460,California
Sonoma,2021-04-03,3738,340813,1826,167840,1685,165076,227,7897,1675,78922,2046,134435,1897,213357,California
Sonoma,2021-04-04,1070,341883,695,168535,284,165360,91,7988,648,79244,417,134852,739,214096,California
Sonoma,2021-04-05,4455,346338,664,169199,3444,168804,347,8335,1673,78490,2774,137626,2020,216116,California
Sonoma,2021-04-06,6936,353274,3512,172711,3012,171816,412,8747,4029,80037,2891,140517,4438,220554,California
Sonoma,2021-04-07,6867,360141,3882,176593,2138,173954,847,9594,3344,80715,3505,144022,4183,224737,California
Sonoma,2021-04-08,7683,367824,4156,180749,2751,176705,776,10370,4203,82221,3467,147489,4973,229710,California
Sonoma,2021-04-09,6866,374690,3832,184581,2142,178847,892,11262,3523,83301,3328,150817,4408,234118,California
Sonoma,2021-04-10,3923,378613,1709,186290,1653,180500,561,11823,1153,82251,2757,153574,1707,235825,California
Sonoma,2021-04-11,1294,379907,613,186903,600,181100,81,11904,442,81924,850,154424,523,236348,California
Sonoma,2021-04-12,4974,384881,2069,188972,2418,183518,487,12391,1848,81144,3108,157532,2328,238676,California
Sonoma,2021-04-13,7948,392829,4678,193650,3266,186784,4,12395,3048,79310,4885,162417,3051,241727,California
Sonoma,2021-04-14,6703,399532,3787,197437,2895,189679,21,12416,2569,77779,4119,166536,2588,244315,California
Sonoma,2021-04-15,7534,407066,4281,201718,3252,192931,1,12417,3642,77547,3875,170411,3643,247958,California
Sonoma,2021-04-16,6937,414003,3465,205183,3470,196401,2,12419,3912,78448,3014,173425,3915,251873,California
Sonoma,2021-04-17,3545,417548,1834,207017,1711,198112,0,12419,1689,78301,1837,175262,1690,253563,California
Sonoma,2021-04-18,1410,418958,1009,208026,401,198513,0,12419,539,77971,869,176131,539,254102,California
Sonoma,2021-04-19,3443,422401,1893,209919,1549,200062,1,12420,1528,77592,1908,178039,1529,255631,California
Sonoma,2021-04-20,6405,428806,3534,213453,2871,202933,0,12420,2381,75965,4010,182049,2383,258014,California
Sonoma,2021-04-21,6852,435658,4357,217810,2493,205426,2,12422,3136,75410,3692,185741,3137,261151,California
Sonoma,2021-04-22,6475,442133,4523,222333,1951,207377,1,12423,2611,74177,3844,189585,2611,263762,California
Sonoma,2021-04-23,7569,449702,4669,227002,2893,210270,7,12430,3684,73999,3870,193455,3692,267454,California
Sonoma,2021-04-24,2787,452489,1515,228517,1258,211528,14,12444,1548,74328,1233,194688,1562,269016,California
Sonoma,2021-04-25,1085,453574,789,229306,296,211824,0,12444,431,74108,651,195339,431,269447,California
Sonoma,2021-04-26,3000,456574,1436,230742,1536,213360,28,12472,1624,74393,1367,196706,1652,271099,California
Sonoma,2021-04-27,5530,462104,3735,234477,1671,215031,124,12596,2238,73473,3281,199987,2361,273460,California
Sonoma,2021-04-28,4932,467036,3232,237709,1500,216531,200,12796,2017,72791,2894,202881,2212,275672,California
Sonoma,2021-04-29,5114,472150,3600,241309,1370,217901,144,12940,1912,71661,3186,206067,2056,277728,California
Sonoma,2021-04-30,5565,477715,3630,244939,1640,219541,295,13235,1825,70058,3722,209789,2119,279847,California
Sonoma,2021-05-01,2530,480245,1790,246729,632,220173,108,13343,1196,70034,1323,211112,1299,281146,California
Sonoma,2021-05-02,874,481119,651,247380,172,220345,51,13394,556,70324,318,211430,608,281754,California
Sonoma,2021-05-03,3266,484385,1685,249065,1428,221773,153,13547,1067,69357,2184,213614,1217,282971,California
Sonoma,2021-05-04,4624,489009,2415,251480,2027,223800,182,13729,1456,67844,3145,216759,1632,284603,California
Sonoma,2021-05-05,3720,492729,2190,253670,1336,225136,194,13923,1318,66969,2385,219144,1510,286113,California
Sonoma,2021-05-06,4601,497330,2423,256093,2051,227187,127,14050,1304,65164,3233,222377,1428,287541,California
Sonoma,2021-05-07,3644,500974,2329,258422,1192,228379,123,14173,1088,63833,2542,224919,1211,288752,California
Sonoma,2021-05-08,1937,502911,1295,259717,550,228929,92,14265,678,63358,1245,226164,770,289522,California
Sonoma,2021-05-09,500,503411,284,260001,175,229104,41,14306,157,63218,338,226502,198,289720,California
Sonoma,2021-05-10,2365,505776,1042,261043,1190,230294,133,14439,294,61589,2053,228555,424,290144,California
Sonoma,2021-05-11,3601,509377,1941,262984,1538,231832,122,14561,872,59873,2710,231265,994,291138,California
Sonoma,2021-05-12,4075,513452,2499,265483,1424,233256,152,14713,849,57659,3214,234479,1000,292138,California
Sonoma,2021-05-13,4970,518422,2845,268328,1995,235251,130,14843,1653,56136,3304,237783,1781,293919,California
Sonoma,2021-05-14,5849,524271,3606,271934,2106,237357,137,14980,2209,54859,3624,241407,2347,296266,California
Sonoma,2021-05-15,2991,527262,2200,274134,728,238085,63,15043,1872,55684,1110,242517,1935,298201,California
Sonoma,2021-05-16,1352,528614,1133,275267,160,238245,59,15102,996,56388,351,242868,1055,299256,California
Sonoma,2021-05-17,2445,531059,1816,277083,534,238779,95,15197,888,55817,1552,244420,981,300237,California
Sonoma,2021-05-18,4339,535398,2864,279947,1366,240145,109,15306,1463,54531,2857,247277,1571,301808,California
Sonoma,2021-05-19,3879,539277,2420,282367,1344,241489,115,15421,1484,53751,2379,249656,1599,303407,California
Sonoma,2021-05-20,3432,542709,2246,284613,1092,242581,94,15515,1334,53088,2085,251741,1422,304829,California
Sonoma,2021-05-21,4255,546964,2389,287002,1737,244318,129,15644,1500,51971,2731,254472,1614,306443,California
Sonoma,2021-05-22,2349,549313,1291,288293,1018,245336,40,15684,665,51006,1670,256142,705,307148,California
Sonoma,2021-05-23,1502,550815,1222,289515,262,245598,18,15702,774,51075,723,256865,792,307940,California
Sonoma,2021-05-24,2020,552835,1259,290774,627,246225,134,15836,661,50540,1330,258195,795,308735,California
Sonoma,2021-05-25,2942,555777,1800,292574,1055,247280,87,15923,739,49175,2189,260384,824,309559,California
Sonoma,2021-05-26,2489,558266,1735,294309,643,247923,111,16034,1001,48811,1473,261857,1109,310668,California
Sonoma,2021-05-27,2073,560339,1136,295445,840,248763,97,16131,682,48206,1381,263238,776,311444,California
Sonoma,2021-05-28,2189,562528,1127,296572,969,249732,93,16224,621,47363,1557,264795,714,312158,California
Sonoma,2021-05-29,1352,563880,922,297494,362,250094,68,16292,637,47363,705,265500,705,312863,California
Sonoma,2021-05-30,347,564227,213,297707,123,250217,11,16303,138,47309,202,265702,148,313011,California
Sonoma,2021-05-31,70,564297,26,297733,43,250260,1,16304,17,47274,53,265755,18,313029,California
Sonoma,2021-06-01,1943,566240,1113,298846,754,251014,76,16380,695,46806,1235,266990,767,313796,California
Sonoma,2021-06-02,1590,567830,975,299821,499,251513,116,16496,660,46655,925,267915,774,314570,California
Sonoma,2021-06-03,2009,569839,1385,301206,545,252058,79,16575,437,45607,1563,269478,515,315085,California
Sonoma,2021-06-04,2709,572548,2205,303411,396,252454,108,16683,513,44040,2186,271664,619,315704,California
Sonoma,2021-06-05,1817,574365,1493,304904,293,252747,31,16714,272,42803,1540,273204,303,316007,California
Sonoma,2021-06-06,1013,575378,936,305840,68,252815,9,16723,141,42084,869,274073,150,316157,California
Sonoma,2021-06-07,1487,576865,1245,307085,187,253002,55,16778,332,41321,1147,275220,384,316541,California
Sonoma,2021-06-08,1900,578765,1526,308611,326,253328,48,16826,530,40539,1358,276578,576,317117,California
Sonoma,2021-06-09,1653,580418,1365,309976,226,253554,62,16888,390,39742,1249,277827,452,317569,California
Sonoma,2021-06-10,1834,582252,1506,311482,224,253778,104,16992,553,39129,1268,279095,655,318224,California
Sonoma,2021-06-11,2000,584252,1630,313112,278,254056,92,17084,546,38320,1447,280542,638,318862,California
Sonoma,2021-06-12,1127,585379,890,314002,191,254247,46,17130,347,37942,772,281314,394,319256,California
Sonoma,2021-06-13,555,585934,466,314468,70,254317,19,17149,104,37614,450,281764,122,319378,California
Sonoma,2021-06-14,951,586885,678,315146,214,254531,59,17208,341,37413,601,282365,400,319778,California
Sonoma,2021-06-15,1849,588734,1382,316528,359,254890,108,17316,603,36889,1234,283599,710,320488,California
Sonoma,2021-06-16,1576,590310,1214,317742,261,255151,101,17417,499,36417,1070,284669,598,321086,California
Sonoma,2021-06-17,1040,591350,788,318530,172,255323,80,17497,409,36279,626,285295,488,321574,California
Sonoma,2021-06-18,1077,592427,772,319302,203,255526,102,17599,451,36213,616,285911,550,322124,California
Sonoma,2021-06-19,835,593262,690,319992,106,255632,39,17638,274,35967,558,286469,312,322436,California
Sonoma,2021-06-20,241,593503,199,320191,36,255668,6,17644,82,35899,156,286625,88,322524,California
Sonoma,2021-06-21,539,594042,306,320497,156,255824,77,17721,255,35959,271,286896,331,322855,California
Sonoma,2021-06-22,1249,595291,987,321484,171,255995,91,17812,583,35969,661,287557,671,323526,California
Sonoma,2021-06-23,1220,596511,941,322425,195,256190,84,17896,476,35792,737,288294,560,324086,California
Sonoma,2021-06-24,950,597461,634,323059,216,256406,100,17996,418,35786,523,288817,517,324603,California
Sonoma,2021-06-25,1193,598654,915,323974,197,256603,81,18077,518,35729,654,289471,597,325200,California
Sonoma,2021-06-26,688,599342,492,324466,115,256718,81,18158,331,35785,355,289826,411,325611,California
Sonoma,2021-06-27,193,599535,158,324624,24,256742,11,18169,101,35806,91,289917,112,325723,California
Sonoma,2021-06-28,708,600243,569,325193,82,256824,57,18226,309,35773,398,290315,365,326088,California
Sonoma,2021-06-29,937,601180,726,325919,161,256985,50,18276,399,35687,535,290850,449,326537,California
Sonoma,2021-06-30,885,602065,686,326605,158,257143,41,18317,384,35616,495,291345,424,326961,California
Sonoma,2021-07-01,938,603003,739,327344,133,257276,66,18383,408,35562,526,291871,472,327433,California
Sonoma,2021-07-02,738,603741,535,327879,159,257435,44,18427,355,35582,379,292250,399,327832,California
Sonoma,2021-07-03,553,604294,456,328335,75,257510,22,18449,225,35504,325,292575,247,328079,California
Sonoma,2021-07-04,19,604313,9,328344,9,257519,1,18450,11,35508,8,292583,12,328091,California
Stanislaus,2020-12-15,5,5,5,5,0,0,0,0,5,5,0,0,5,5,California
Stanislaus,2020-12-16,39,44,39,44,0,0,0,0,39,44,0,0,39,44,California
Stanislaus,2020-12-17,74,118,74,118,0,0,0,0,74,118,0,0,74,118,California
Stanislaus,2020-12-18,342,460,336,454,6,6,0,0,342,460,0,0,342,460,California
Stanislaus,2020-12-19,133,593,133,587,0,6,0,0,133,593,0,0,133,593,California
Stanislaus,2020-12-20,87,680,87,674,0,6,0,0,87,680,0,0,87,680,California
Stanislaus,2020-12-21,998,1678,997,1671,1,7,0,0,997,1677,1,1,998,1678,California
Stanislaus,2020-12-22,796,2474,784,2455,12,19,0,0,796,2473,0,1,796,2474,California
Stanislaus,2020-12-23,450,2924,431,2886,19,38,0,0,449,2922,1,2,450,2924,California
Stanislaus,2020-12-24,98,3022,89,2975,9,47,0,0,98,3020,0,2,98,3022,California
Stanislaus,2020-12-26,53,3075,9,2984,44,91,0,0,53,3073,0,2,53,3075,California
Stanislaus,2020-12-27,11,3086,6,2990,5,96,0,0,11,3084,0,2,11,3086,California
Stanislaus,2020-12-28,490,3576,396,3386,94,190,0,0,490,3574,0,2,490,3576,California
Stanislaus,2020-12-29,500,4076,415,3801,85,275,0,0,500,4074,0,2,500,4076,California
Stanislaus,2020-12-30,538,4614,281,4082,257,532,0,0,537,4610,1,3,537,4613,California
Stanislaus,2020-12-31,283,4897,159,4241,124,656,0,0,283,4893,0,3,283,4896,California
Stanislaus,2021-01-01,18,4915,7,4248,11,667,0,0,18,4911,0,3,18,4914,California
Stanislaus,2021-01-02,34,4949,26,4274,8,675,0,0,34,4945,0,3,34,4948,California
Stanislaus,2021-01-03,90,5039,87,4361,3,678,0,0,90,5035,0,3,90,5038,California
Stanislaus,2021-01-04,233,5272,153,4514,80,758,0,0,233,5268,0,3,233,5271,California
Stanislaus,2021-01-05,854,6126,358,4872,496,1254,0,0,827,6078,26,29,836,6107,California
Stanislaus,2021-01-06,1013,7139,607,5479,406,1660,0,0,936,6946,74,103,942,7049,California
Stanislaus,2021-01-07,1085,8224,706,6185,379,2039,0,0,890,7650,190,293,894,7943,California
Stanislaus,2021-01-08,1300,9524,737,6922,563,2602,0,0,951,8262,346,639,958,8901,California
Stanislaus,2021-01-09,290,9814,144,7066,146,2748,0,0,201,8374,89,728,201,9102,California
Stanislaus,2021-01-10,49,9863,22,7088,27,2775,0,0,29,8383,20,748,29,9131,California
Stanislaus,2021-01-11,1511,11374,1226,8314,285,3060,0,0,574,8046,930,1678,593,9724,California
Stanislaus,2021-01-12,1486,12860,870,9184,616,3676,0,0,835,8252,647,2325,853,10577,California
Stanislaus,2021-01-13,1457,14317,691,9875,766,4442,0,0,1126,9064,330,2655,1142,11719,California
Stanislaus,2021-01-14,2271,16588,289,10164,1982,6424,0,0,2073,11033,195,2850,2164,13883,California
Stanislaus,2021-01-15,2860,19448,1174,11338,1686,8110,0,0,2686,13646,169,3019,2782,16665,California
Stanislaus,2021-01-16,473,19921,50,11388,423,8533,0,0,454,14084,18,3037,456,17121,California
Stanislaus,2021-01-17,244,20165,202,11590,42,8575,0,0,237,14315,6,3043,237,17358,California
Stanislaus,2021-01-18,2214,22379,1032,12622,1182,9757,0,0,1811,15813,398,3441,1896,19254,California
Stanislaus,2021-01-19,1271,23650,727,13349,544,10301,0,0,821,16189,446,3887,822,20076,California
Stanislaus,2021-01-20,1033,24683,493,13842,540,10841,0,0,738,16634,293,4180,738,20814,California
Stanislaus,2021-01-21,3735,28418,2998,16840,737,11578,0,0,3376,19786,355,4535,3507,24321,California
Stanislaus,2021-01-22,1117,29535,313,17153,804,12382,0,0,1071,20818,42,4577,1074,25395,California
Stanislaus,2021-01-23,379,29914,43,17196,336,12718,0,0,320,21081,58,4635,321,25716,California
Stanislaus,2021-01-24,315,30229,99,17295,216,12934,0,0,248,21265,67,4702,251,25967,California
Stanislaus,2021-01-25,3203,33432,233,17528,2970,15904,0,0,2847,23965,320,5022,3020,28987,California
Stanislaus,2021-01-26,1754,35186,751,18279,1003,16907,0,0,1304,24848,441,5463,1324,30311,California
Stanislaus,2021-01-27,1936,37122,1069,19348,867,17774,0,0,1216,25397,669,6132,1218,31529,California
Stanislaus,2021-01-28,2241,39363,1531,20879,710,18484,0,0,1733,26705,498,6630,1806,33335,California
Stanislaus,2021-01-29,2491,41854,1218,22097,1273,19757,0,0,1933,28193,504,7134,1992,35327,California
Stanislaus,2021-01-30,298,42152,132,22229,166,19923,0,0,230,28367,56,7190,230,35557,California
Stanislaus,2021-01-31,374,42526,319,22548,55,19978,0,0,357,28710,14,7204,357,35914,California
Stanislaus,2021-02-01,1345,43871,584,23132,761,20739,0,0,978,29336,353,7557,979,36893,California
Stanislaus,2021-02-02,1265,45136,349,23481,916,21655,0,0,822,29731,431,7988,826,37719,California
Stanislaus,2021-02-03,2685,47821,1239,24720,1446,23101,0,0,1978,31023,702,8690,1994,39713,California
Stanislaus,2021-02-04,2138,49959,719,25439,1419,24520,0,0,1612,32132,513,9203,1622,41335,California
Stanislaus,2021-02-05,2893,52852,1485,26924,1408,25928,0,0,1613,32553,1209,10412,1630,42965,California
Stanislaus,2021-02-06,892,53744,302,27226,590,26518,0,0,698,33062,191,10603,700,43665,California
Stanislaus,2021-02-07,234,53978,208,27434,26,26544,0,0,45,32923,185,10788,46,43711,California
Stanislaus,2021-02-08,2087,56065,1355,28789,732,27276,0,0,1130,33169,913,11701,1159,44870,California
Stanislaus,2021-02-09,1874,57939,793,29582,1081,28357,0,0,1066,33468,779,12480,1078,45948,California
Stanislaus,2021-02-10,1982,59921,548,30130,1434,29791,0,0,1045,33606,909,13389,1047,46995,California
Stanislaus,2021-02-11,5460,65381,3291,33421,2169,31960,0,0,1239,30899,3953,17342,1246,48241,California
Stanislaus,2021-02-12,3346,68727,928,34349,2418,34378,0,0,1471,30600,1783,19125,1484,49725,California
Stanislaus,2021-02-13,1386,70113,679,35028,707,35085,0,0,1009,31245,369,19494,1014,50739,California
Stanislaus,2021-02-14,426,70539,171,35199,255,35340,0,0,353,31528,70,19564,353,51092,California
Stanislaus,2021-02-15,1842,72381,237,35436,1605,36945,0,0,589,30990,1132,20696,594,51686,California
Stanislaus,2021-02-16,1380,73761,428,35864,952,37897,0,0,581,30788,785,21481,583,52269,California
Stanislaus,2021-02-17,2798,76559,1719,37583,1079,38976,0,0,1923,31863,866,22347,1941,54210,California
Stanislaus,2021-02-18,3417,79976,1931,39514,1486,40462,0,0,1778,32155,1538,23885,1830,56040,California
Stanislaus,2021-02-19,2830,82806,1113,40627,1717,42179,0,0,1535,32473,1240,25125,1558,57598,California
Stanislaus,2021-02-20,766,83572,387,41014,379,42558,0,0,471,32671,274,25399,472,58070,California
Stanislaus,2021-02-21,916,84488,699,41713,217,42775,0,0,535,32864,355,25754,548,58618,California
Stanislaus,2021-02-22,2391,86879,1716,43429,675,43450,0,0,1634,33763,736,26490,1635,60253,California
Stanislaus,2021-02-23,3766,90645,680,44109,3086,46536,0,0,1723,33643,1854,28344,1734,61987,California
Stanislaus,2021-02-24,4237,94882,2885,46994,1352,47888,0,0,3123,35683,1088,29432,3128,65115,California
Stanislaus,2021-02-25,3996,98878,2748,49742,1248,49136,0,0,3168,38049,806,30238,3172,68287,California
Stanislaus,2021-02-26,4256,103134,1227,50969,3029,52165,0,0,2840,39547,1354,31592,2852,71139,California
Stanislaus,2021-02-27,2105,105239,715,51684,1389,53554,1,1,1868,41211,206,31798,1870,73009,California
Stanislaus,2021-02-28,837,106076,269,51953,568,54122,0,1,779,41945,46,31844,780,73789,California
Stanislaus,2021-03-01,3141,109217,1668,53621,1468,55590,5,6,1662,42196,1427,33271,1678,75467,California
Stanislaus,2021-03-02,2427,111644,1450,55071,976,56566,1,7,1671,43132,738,34009,1674,77141,California
Stanislaus,2021-03-03,3760,115404,2268,57339,1488,58054,4,11,2927,45251,812,34821,2931,80072,California
Stanislaus,2021-03-04,5491,120895,3141,60480,2333,60387,17,28,4215,48244,1234,36055,4227,84299,California
Stanislaus,2021-03-05,4137,125032,1148,61628,2973,63360,16,44,3121,50397,983,37038,3136,87435,California
Stanislaus,2021-03-06,3610,128642,2247,63875,1270,64630,93,137,2748,52384,856,37894,2843,90278,California
Stanislaus,2021-03-07,859,129501,391,64266,431,65061,37,174,667,52902,186,38080,704,90982,California
Stanislaus,2021-03-08,2034,131535,887,65153,1058,66119,89,263,1348,53674,665,38745,1437,92419,California
Stanislaus,2021-03-09,2699,134234,1022,66175,1585,67704,92,355,1646,54377,1039,39784,1742,94161,California
Stanislaus,2021-03-10,5575,139809,2724,68899,2622,70326,229,584,3765,56598,1783,41567,4004,98165,California
Stanislaus,2021-03-11,6203,146012,3381,72280,2341,72667,481,1065,4148,59364,1867,43434,4633,102798,California
Stanislaus,2021-03-12,6329,152341,1380,73660,3019,75686,1930,2995,2942,60880,3351,46785,4867,107665,California
Stanislaus,2021-03-13,3750,156091,2343,76003,1336,77022,71,3066,2836,62887,906,47691,2913,110578,California
Stanislaus,2021-03-14,1002,157093,596,76599,351,77373,55,3121,495,62936,502,48193,551,111129,California
Stanislaus,2021-03-15,3825,160918,1994,78593,1469,78842,362,3483,1654,62886,2071,50264,2021,113150,California
Stanislaus,2021-03-16,5121,166039,2515,81108,2168,81010,438,3921,3676,65578,1419,51683,4111,117261,California
Stanislaus,2021-03-17,4951,170990,2945,84053,1827,82837,179,4100,2983,66815,1929,53612,3166,120427,California
Stanislaus,2021-03-18,5585,176575,3463,87516,2052,84889,70,4170,3052,67563,2377,55989,3125,123552,California
Stanislaus,2021-03-19,6045,182620,1588,89104,2931,87820,1526,5696,3200,69479,2803,58792,4719,128271,California
Stanislaus,2021-03-20,3880,186500,3042,92146,770,88590,68,5764,3384,72459,474,59266,3454,131725,California
Stanislaus,2021-03-21,1021,187521,911,93057,44,88634,66,5830,771,73053,243,59509,837,132562,California
Stanislaus,2021-03-22,3030,190551,1399,94456,904,89538,727,6557,1420,73625,1576,61085,2148,134710,California
Stanislaus,2021-03-23,4149,194700,2120,96576,1769,91307,260,6817,2980,75736,1148,62233,3259,137969,California
Stanislaus,2021-03-24,4727,199427,3294,99870,1354,92661,79,6896,2765,76674,1910,64143,2848,140817,California
Stanislaus,2021-03-25,4431,203858,3010,102880,1405,94066,16,6912,1962,76266,2388,66531,1980,142797,California
Stanislaus,2021-03-26,4950,208808,1421,104301,3455,97521,74,6986,2528,76496,2382,68913,2612,145409,California
Stanislaus,2021-03-27,4454,213262,2777,107078,1593,99114,84,7070,1405,74960,3030,71943,1494,146903,California
Stanislaus,2021-03-28,1122,214384,448,107526,566,99680,108,7178,323,74613,785,72728,438,147341,California
Stanislaus,2021-03-29,3189,217573,1851,109377,1298,100978,40,7218,2165,75811,1013,73741,2211,149552,California
Stanislaus,2021-03-30,3865,221438,2084,111461,1755,102733,26,7244,2391,76771,1463,75204,2423,151975,California
Stanislaus,2021-03-31,5635,227073,3884,115345,1621,104354,130,7374,2932,77158,2679,77883,3066,155041,California
Stanislaus,2021-04-01,5952,233025,3874,119219,1961,106315,117,7491,2751,76863,3171,81054,2876,157917,California
Stanislaus,2021-04-02,5209,238234,1238,120457,3802,110117,169,7660,2376,76683,2733,83787,2553,160470,California
Stanislaus,2021-04-03,4704,242938,3449,123906,1218,111335,37,7697,2255,76548,2436,86223,2301,162771,California
Stanislaus,2021-04-04,1329,244267,478,124384,821,112156,30,7727,649,76561,671,86894,684,163455,California
Stanislaus,2021-04-05,3779,248046,2568,126952,951,113107,260,7987,2450,77957,1318,88212,2714,166169,California
Stanislaus,2021-04-06,5964,254010,4243,131195,1436,114543,285,8272,3219,78736,2728,90940,3507,169676,California
Stanislaus,2021-04-07,6548,260558,3681,134876,2428,116971,439,8711,2904,78466,3621,94561,3351,173027,California
Stanislaus,2021-04-08,5893,266451,3429,138305,2017,118988,447,9158,2905,78865,2954,97515,3353,176380,California
Stanislaus,2021-04-09,5007,271458,2183,140488,2442,121430,382,9540,2286,78846,2690,100205,2671,179051,California
Stanislaus,2021-04-10,6517,277975,4001,144489,876,122306,1640,11180,1996,77982,4494,104699,3630,182681,California
Stanislaus,2021-04-11,1533,279508,858,145347,542,122848,133,11313,665,77916,865,105564,799,183480,California
Stanislaus,2021-04-12,3796,283304,2126,147473,1221,124069,449,11762,1955,78521,1809,107373,2414,185894,California
Stanislaus,2021-04-13,5416,288720,3508,150981,1894,125963,14,11776,2970,79102,2397,109770,2978,188872,California
Stanislaus,2021-04-14,4830,293550,3339,154320,1489,127452,2,11778,2349,79016,2441,112211,2355,191227,California
Stanislaus,2021-04-15,5582,299132,3389,157709,2190,129642,3,11781,3252,79996,2275,114486,3255,194482,California
Stanislaus,2021-04-16,4505,303637,1065,158774,3439,133081,1,11782,1868,79284,2583,117069,1871,196353,California
Stanislaus,2021-04-17,3175,306812,2136,160910,1039,134120,0,11782,1840,79805,1321,118390,1842,198195,California
Stanislaus,2021-04-18,616,307428,297,161207,317,134437,2,11784,433,80065,176,118566,436,198631,California
Stanislaus,2021-04-19,3643,311071,2465,163672,1176,135613,2,11786,1658,79790,1941,120507,1666,200297,California
Stanislaus,2021-04-20,4178,315249,2494,166166,1684,137297,0,11786,1773,79201,2364,122871,1775,202072,California
Stanislaus,2021-04-21,4061,319310,2685,168851,1375,138672,1,11787,1634,78468,2374,125245,1641,203713,California
Stanislaus,2021-04-22,4142,323452,2455,171306,1686,140358,1,11788,1638,77659,2453,127698,1644,205357,California
Stanislaus,2021-04-23,3840,327292,912,172218,2927,143285,1,11789,1566,77060,2172,129870,1573,206930,California
Stanislaus,2021-04-24,3892,331184,2966,175184,926,144211,0,11789,1856,76904,2017,131887,1861,208791,California
Stanislaus,2021-04-25,942,332126,483,175667,459,144670,0,11789,689,77351,246,132133,693,209484,California
Stanislaus,2021-04-26,3669,335795,2443,178110,1220,145890,6,11795,1152,76024,2490,134623,1163,210647,California
Stanislaus,2021-04-27,4306,340101,2888,180998,1370,147260,48,11843,1251,74306,3021,137644,1303,211950,California
Stanislaus,2021-04-28,4599,344700,3158,184156,1379,148639,62,11905,1950,73701,2625,140269,2020,213970,California
Stanislaus,2021-04-29,3981,348681,2442,186598,1491,150130,48,11953,1562,72926,2394,142663,1619,215589,California
Stanislaus,2021-04-30,4827,353508,2153,188751,2590,152720,84,12037,1901,72018,2901,145564,1993,217582,California
Stanislaus,2021-05-01,2735,356243,1936,190687,758,153478,41,12078,1027,71396,1698,147262,1076,218658,California
Stanislaus,2021-05-02,1089,357332,625,191312,425,153903,39,12117,523,71404,560,147822,568,219226,California
Stanislaus,2021-05-03,2575,359907,1998,193310,506,154409,71,12188,978,70876,1581,149403,1053,220279,California
Stanislaus,2021-05-04,3759,363666,2569,195879,1094,155503,96,12284,1174,69581,2571,151974,1276,221555,California
Stanislaus,2021-05-05,3443,367109,2264,198143,1103,156606,76,12360,1198,68634,2224,154198,1277,222832,California
Stanislaus,2021-05-06,3776,370885,2861,201004,791,157397,124,12484,1158,67329,2593,156791,1288,224120,California
Stanislaus,2021-05-07,2593,373478,1040,202044,1391,158788,162,12646,1106,67123,1476,158267,1270,225390,California
Stanislaus,2021-05-08,2019,375497,1405,203449,581,159369,33,12679,750,66662,1251,159518,790,226180,California
Stanislaus,2021-05-09,720,376217,345,203794,349,159718,26,12705,304,66579,414,159932,331,226511,California
Stanislaus,2021-05-10,1814,378031,1151,204945,564,160282,99,12804,490,65858,1312,161244,591,227102,California
Stanislaus,2021-05-11,2532,380563,1578,206523,794,161076,160,12964,752,65006,1769,163013,917,228019,California
Stanislaus,2021-05-12,2408,382971,1370,207893,929,162005,109,13073,934,64592,1459,164472,1045,229064,California
Stanislaus,2021-05-13,2183,385154,1289,209182,774,162779,120,13193,1037,64614,1137,165609,1159,230223,California
Stanislaus,2021-05-14,2788,387942,1259,210441,1391,164170,138,13331,1305,64597,1462,167071,1445,231668,California
Stanislaus,2021-05-15,2494,390436,1777,212218,667,164837,50,13381,1208,64588,1276,168347,1267,232935,California
Stanislaus,2021-05-16,1104,391540,746,212964,350,165187,8,13389,590,64679,511,168858,602,233537,California
Stanislaus,2021-05-17,2061,393601,1392,214356,587,165774,82,13471,996,64705,1059,169917,1085,234622,California
Stanislaus,2021-05-18,2325,395926,1608,215964,602,166376,115,13586,1205,64915,1109,171026,1319,235941,California
Stanislaus,2021-05-19,3131,399057,2152,218116,824,167200,155,13741,1378,64711,1741,172767,1537,237478,California
Stanislaus,2021-05-20,2242,401299,1217,219333,921,168121,104,13845,892,64373,1339,174106,1001,238479,California
Stanislaus,2021-05-21,2500,403799,1222,220555,1180,169301,98,13943,997,63985,1486,175592,1098,239577,California
Stanislaus,2021-05-22,2011,405810,1214,221769,727,170028,70,14013,873,63800,1129,176721,944,240521,California
Stanislaus,2021-05-23,1079,406889,707,222476,356,170384,16,14029,512,63766,562,177283,528,241049,California
Stanislaus,2021-05-24,1832,408721,1273,223749,480,170864,79,14108,727,63476,1102,178385,812,241861,California
Stanislaus,2021-05-25,1812,410533,1237,224986,475,171339,100,14208,860,63493,948,179333,965,242826,California
Stanislaus,2021-05-26,2034,412567,1267,226253,715,172054,52,14260,951,63421,1075,180408,1003,243829,California
Stanislaus,2021-05-27,1781,414348,979,227232,723,172777,79,14339,616,62961,1155,181563,695,244524,California
Stanislaus,2021-05-28,2188,416536,1033,228265,1068,173845,87,14426,944,62754,1238,182801,1031,245555,California
Stanislaus,2021-05-29,1318,417854,849,229114,428,174273,41,14467,590,62663,724,183525,633,246188,California
Stanislaus,2021-05-30,455,418309,273,229387,148,174421,34,14501,209,62664,242,183767,243,246431,California
Stanislaus,2021-05-31,259,418568,122,229509,130,174551,7,14508,97,62606,162,183929,104,246535,California
Stanislaus,2021-06-01,1688,420256,1053,230562,579,175130,56,14564,633,62250,1048,184977,692,247227,California
Stanislaus,2021-06-02,1811,422067,1150,231712,590,175720,71,14635,745,62016,1053,186030,819,248046,California
Stanislaus,2021-06-03,1396,423463,828,232540,520,176240,48,14683,514,61710,870,186900,564,248610,California
Stanislaus,2021-06-04,1916,425379,1150,233690,697,176937,69,14752,722,61319,1186,188086,795,249405,California
Stanislaus,2021-06-05,1572,426951,1221,234911,308,177245,43,14795,516,60828,1050,189136,559,249964,California
Stanislaus,2021-06-06,511,427462,419,235330,83,177328,9,14804,187,60702,323,189459,197,250161,California
Stanislaus,2021-06-07,1612,429074,1233,236563,334,177662,45,14849,605,60352,999,190458,649,250810,California
Stanislaus,2021-06-08,1915,430989,1441,238004,396,178058,78,14927,674,59873,1231,191689,752,251562,California
Stanislaus,2021-06-09,1861,432850,1315,239319,464,178522,82,15009,635,59369,1222,192911,718,252280,California
Stanislaus,2021-06-10,1481,434331,941,240260,476,178998,64,15073,606,59174,867,193778,672,252952,California
Stanislaus,2021-06-11,1499,435830,907,241167,542,179540,50,15123,552,58845,933,194711,604,253556,California
Stanislaus,2021-06-12,1029,436859,751,241918,253,179793,25,15148,379,58608,644,195355,407,253963,California
Stanislaus,2021-06-13,541,437400,400,242318,135,179928,6,15154,171,58420,367,195722,179,254142,California
Stanislaus,2021-06-14,1356,438756,965,243283,369,180297,22,15176,492,58079,856,196578,515,254657,California
Stanislaus,2021-06-15,1581,440337,1141,244424,396,180693,44,15220,531,57611,1045,197623,577,255234,California
Stanislaus,2021-06-16,1936,442273,1392,245816,480,181173,64,15284,774,57291,1158,198781,838,256072,California
Stanislaus,2021-06-17,1151,443424,731,246547,377,181550,43,15327,540,57272,606,199387,587,256659,California
Stanislaus,2021-06-18,1306,444730,796,247343,428,181978,82,15409,520,57095,781,200168,604,257263,California
Stanislaus,2021-06-19,856,445586,628,247971,184,182162,44,15453,372,57032,480,200648,417,257680,California
Stanislaus,2021-06-20,305,445891,213,248184,86,182248,6,15459,138,57010,166,200814,144,257824,California
Stanislaus,2021-06-21,966,446857,561,248745,278,182526,127,15586,500,57178,461,201275,629,258453,California
Stanislaus,2021-06-22,1211,448068,881,249626,261,182787,69,15655,495,57037,708,201983,567,259020,California
Stanislaus,2021-06-23,1230,449298,814,250440,354,183141,62,15717,522,56914,706,202689,583,259603,California
Stanislaus,2021-06-24,944,450242,631,251071,266,183407,47,15764,479,56980,463,203152,529,260132,California
Stanislaus,2021-06-25,1105,451347,715,251786,328,183735,62,15826,468,56876,632,203784,528,260660,California
Stanislaus,2021-06-26,606,451953,460,252246,122,183857,24,15850,279,56854,326,204110,304,260964,California
Stanislaus,2021-06-27,393,452346,298,252544,85,183942,10,15860,201,56874,191,204301,211,261175,California
Stanislaus,2021-06-28,949,453295,747,253291,161,184103,41,15901,417,56802,530,204831,458,261633,California
Stanislaus,2021-06-29,870,454165,682,253973,150,184253,38,15939,354,56683,511,205342,392,262025,California
Stanislaus,2021-06-30,931,455096,637,254610,263,184516,31,15970,427,56645,498,205840,460,262485,California
Stanislaus,2021-07-01,893,455989,558,255168,300,184816,35,16005,405,56606,479,206319,440,262925,California
Stanislaus,2021-07-02,716,456705,411,255579,278,185094,27,16032,363,56647,348,206667,389,263314,California
Stanislaus,2021-07-03,373,457078,279,255858,89,185183,5,16037,193,56666,180,206847,199,263513,California
Stanislaus,2021-07-04,61,457139,29,255887,26,185209,6,16043,19,56650,41,206888,25,263538,California
Sutter,2020-12-15,1,1,1,1,0,0,0,0,1,1,0,0,1,1,California
Sutter,2020-12-16,4,5,4,5,0,0,0,0,4,5,0,0,4,5,California
Sutter,2020-12-17,3,8,3,8,0,0,0,0,3,8,0,0,3,8,California
Sutter,2020-12-18,21,29,21,29,0,0,0,0,21,29,0,0,21,29,California
Sutter,2020-12-19,45,74,45,74,0,0,0,0,45,74,0,0,45,74,California
Sutter,2020-12-20,43,117,43,117,0,0,0,0,43,117,0,0,43,117,California
Sutter,2020-12-21,99,216,99,216,0,0,0,0,99,216,0,0,99,216,California
Sutter,2020-12-22,172,388,172,388,0,0,0,0,172,388,0,0,172,388,California
Sutter,2020-12-23,115,503,110,498,5,5,0,0,115,503,0,0,115,503,California
Sutter,2020-12-24,17,520,11,509,6,11,0,0,17,520,0,0,17,520,California
Sutter,2020-12-26,38,558,34,543,4,15,0,0,38,558,0,0,38,558,California
Sutter,2020-12-27,24,582,23,566,1,16,0,0,24,582,0,0,24,582,California
Sutter,2020-12-28,84,666,56,622,28,44,0,0,84,666,0,0,84,666,California
Sutter,2020-12-29,101,767,14,636,87,131,0,0,101,767,0,0,101,767,California
Sutter,2020-12-30,136,903,33,669,103,234,0,0,136,903,0,0,136,903,California
Sutter,2020-12-31,70,973,6,675,64,298,0,0,70,973,0,0,70,973,California
Sutter,2021-01-01,3,976,3,678,0,298,0,0,3,976,0,0,3,976,California
Sutter,2021-01-02,130,1106,128,806,2,300,0,0,130,1106,0,0,130,1106,California
Sutter,2021-01-03,1,1107,0,806,1,301,0,0,1,1107,0,0,1,1107,California
Sutter,2021-01-04,246,1353,137,943,109,410,0,0,246,1353,0,0,246,1353,California
Sutter,2021-01-05,99,1452,56,999,43,453,0,0,96,1446,3,3,96,1449,California
Sutter,2021-01-06,205,1657,50,1049,155,608,0,0,200,1641,5,8,200,1649,California
Sutter,2021-01-07,251,1908,153,1202,98,706,0,0,241,1873,9,17,241,1890,California
Sutter,2021-01-08,150,2058,40,1242,110,816,0,0,133,1989,17,34,133,2023,California
Sutter,2021-01-09,46,2104,43,1285,3,819,0,0,5,1953,41,75,5,2028,California
Sutter,2021-01-10,394,2498,37,1322,357,1176,0,0,356,2272,37,112,356,2384,California
Sutter,2021-01-11,132,2630,115,1437,17,1193,0,0,25,2190,107,219,25,2409,California
Sutter,2021-01-12,202,2832,165,1602,37,1230,0,0,58,2104,144,363,58,2467,California
Sutter,2021-01-13,163,2995,99,1701,64,1294,0,0,73,2088,89,452,73,2540,California
Sutter,2021-01-14,148,3143,52,1753,96,1390,0,0,128,2196,20,472,128,2668,California
Sutter,2021-01-15,436,3579,131,1884,305,1695,0,0,422,2604,14,486,422,3090,California
Sutter,2021-01-16,385,3964,41,1925,344,2039,0,0,354,2928,30,516,354,3444,California
Sutter,2021-01-17,26,3990,24,1949,2,2041,0,0,10,2922,16,532,10,3454,California
Sutter,2021-01-18,117,4107,62,2011,55,2096,0,0,69,2943,48,580,69,3523,California
Sutter,2021-01-19,109,4216,43,2054,66,2162,0,0,84,3002,25,605,84,3607,California
Sutter,2021-01-20,274,4490,209,2263,65,2227,0,0,252,3232,22,627,252,3859,California
Sutter,2021-01-21,524,5014,353,2616,171,2398,0,0,506,3720,18,645,506,4365,California
Sutter,2021-01-22,238,5252,51,2667,187,2585,0,0,229,3940,9,654,229,4594,California
Sutter,2021-01-23,397,5649,39,2706,358,2943,0,0,371,4285,26,680,371,4965,California
Sutter,2021-01-24,17,5666,15,2721,2,2945,0,0,15,4298,2,682,15,4980,California
Sutter,2021-01-25,305,5971,195,2916,110,3055,0,0,149,4293,155,837,150,5130,California
Sutter,2021-01-26,250,6221,109,3025,141,3196,0,0,144,4332,105,942,144,5274,California
Sutter,2021-01-27,389,6610,257,3282,132,3328,0,0,321,4585,68,1010,321,5595,California
Sutter,2021-01-28,583,7193,359,3641,224,3552,0,0,410,4824,171,1181,410,6005,California
Sutter,2021-01-29,364,7557,88,3729,276,3828,0,0,242,4944,122,1303,242,6247,California
Sutter,2021-01-30,775,8332,38,3767,737,4565,0,0,764,5697,11,1314,764,7011,California
Sutter,2021-01-31,28,8360,27,3794,1,4566,0,0,28,5725,0,1314,28,7039,California
Sutter,2021-02-01,171,8531,53,3847,118,4684,0,0,138,5831,32,1346,138,7177,California
Sutter,2021-02-02,248,8779,28,3875,220,4904,0,0,214,6011,34,1380,214,7391,California
Sutter,2021-02-03,447,9226,39,3914,408,5312,0,0,211,5987,235,1615,211,7602,California
Sutter,2021-02-04,669,9895,365,4279,304,5616,0,0,619,6557,49,1664,619,8221,California
Sutter,2021-02-05,289,10184,33,4312,256,5872,0,0,135,6538,154,1818,135,8356,California
Sutter,2021-02-06,732,10916,28,4340,704,6576,0,0,710,7226,22,1840,710,9066,California
Sutter,2021-02-07,24,10940,20,4360,4,6580,0,0,20,7242,4,1844,20,9086,California
Sutter,2021-02-08,136,11076,31,4391,105,6685,0,0,98,7302,38,1882,98,9184,California
Sutter,2021-02-09,249,11325,46,4437,203,6888,0,0,187,7427,62,1944,187,9371,California
Sutter,2021-02-10,823,12148,385,4822,438,7326,0,0,180,6965,642,2586,180,9551,California
Sutter,2021-02-11,609,12757,276,5098,333,7659,0,0,317,6990,292,2878,317,9868,California
Sutter,2021-02-12,637,13394,69,5167,568,8227,0,0,312,6978,324,3202,312,10180,California
Sutter,2021-02-13,905,14299,48,5215,857,9084,0,0,786,7645,119,3321,786,10966,California
Sutter,2021-02-14,90,14389,25,5240,65,9149,0,0,79,7713,11,3332,79,11045,California
Sutter,2021-02-15,201,14590,72,5312,129,9278,0,0,122,7756,79,3411,122,11167,California
Sutter,2021-02-16,290,14880,44,5356,246,9524,0,0,204,7876,84,3495,204,11371,California
Sutter,2021-02-17,837,15717,436,5792,401,9925,0,0,135,7310,701,4196,135,11506,California
Sutter,2021-02-18,718,16435,58,5850,660,10585,0,0,501,7596,215,4411,501,12007,California
Sutter,2021-02-19,670,17105,380,6230,290,10875,0,0,464,7857,203,4614,464,12471,California
Sutter,2021-02-20,626,17731,56,6286,570,11445,0,0,517,8266,108,4722,517,12988,California
Sutter,2021-02-21,28,17759,27,6313,1,11446,0,0,7,8252,21,4743,7,12995,California
Sutter,2021-02-22,216,17975,126,6439,90,11536,0,0,86,8208,130,4873,86,13081,California
Sutter,2021-02-23,236,18211,36,6475,200,11736,0,0,102,8178,132,5005,102,13183,California
Sutter,2021-02-24,997,19208,366,6841,631,12367,0,0,197,7576,799,5804,197,13380,California
Sutter,2021-02-25,786,19994,498,7339,288,12655,0,0,604,8002,178,5982,604,13984,California
Sutter,2021-02-26,381,20375,61,7400,320,12975,0,0,159,7941,220,6202,159,14143,California
Sutter,2021-02-27,867,21242,47,7447,820,13795,0,0,713,8498,156,6358,713,14856,California
Sutter,2021-02-28,89,21331,43,7490,46,13841,0,0,68,8546,20,6378,68,14924,California
Sutter,2021-03-01,249,21580,62,7552,187,14028,0,0,150,8597,99,6477,150,15074,California
Sutter,2021-03-02,340,21920,59,7611,281,14309,0,0,162,8584,175,6652,162,15236,California
Sutter,2021-03-03,1402,23322,531,8142,871,15180,0,0,660,8509,735,7387,660,15896,California
Sutter,2021-03-04,1256,24578,864,9006,392,15572,0,0,944,9146,307,7694,944,16840,California
Sutter,2021-03-05,340,24918,80,9086,259,15831,1,1,207,9221,133,7827,208,17048,California
Sutter,2021-03-06,1027,25945,46,9132,976,16807,5,6,857,9916,167,7994,862,17910,California
Sutter,2021-03-07,67,26012,23,9155,43,16850,1,7,45,9941,21,8015,46,17956,California
Sutter,2021-03-08,235,26247,81,9236,142,16992,12,19,164,10046,71,8086,176,18132,California
Sutter,2021-03-09,393,26640,138,9374,243,17235,12,31,187,10039,206,8292,199,18331,California
Sutter,2021-03-10,1575,28215,680,10054,834,18069,61,92,526,9586,1040,9332,587,18918,California
Sutter,2021-03-11,904,29119,439,10493,446,18515,19,111,654,10012,247,9579,673,19591,California
Sutter,2021-03-12,680,29799,111,10604,389,18904,180,291,203,9919,474,10053,381,19972,California
Sutter,2021-03-13,993,30792,751,11355,223,19127,19,310,781,10508,210,10263,799,20771,California
Sutter,2021-03-14,133,30925,22,11377,100,19227,11,321,46,10478,87,10350,57,20828,California
Sutter,2021-03-15,326,31251,67,11444,210,19437,49,370,155,10513,169,10519,204,21032,California
Sutter,2021-03-16,391,31642,86,11530,258,19695,47,417,212,10592,179,10698,258,21290,California
Sutter,2021-03-17,1498,33140,562,12092,914,20609,22,439,305,9738,1180,11878,326,21616,California
Sutter,2021-03-18,975,34115,182,12274,589,21198,204,643,567,10104,403,12281,769,22385,California
Sutter,2021-03-19,463,34578,166,12440,268,21466,29,672,281,10234,180,12461,310,22695,California
Sutter,2021-03-20,949,35527,118,12558,820,22286,11,683,858,11013,90,12551,869,23564,California
Sutter,2021-03-21,68,35595,47,12605,18,22304,3,686,33,11014,35,12586,36,23600,California
Sutter,2021-03-22,288,35883,120,12725,142,22446,26,712,209,11172,77,12663,235,23835,California
Sutter,2021-03-23,378,36261,114,12839,231,22677,33,745,251,11330,125,12788,283,24118,California
Sutter,2021-03-24,1687,37948,773,13612,845,23522,69,814,311,10350,1360,14148,380,24498,California
Sutter,2021-03-25,1042,38990,678,14290,321,23843,43,857,367,10089,671,14819,410,24908,California
Sutter,2021-03-26,498,39488,175,14465,306,24149,17,874,295,10203,198,15017,312,25220,California
Sutter,2021-03-27,927,40415,63,14528,862,25011,2,876,811,10905,111,15128,813,26033,California
Sutter,2021-03-28,125,40540,72,14600,53,25064,0,876,77,10936,46,15174,77,26110,California
Sutter,2021-03-29,426,40966,143,14743,227,25291,56,932,222,11012,202,15376,278,26388,California
Sutter,2021-03-30,480,41446,161,14904,309,25600,10,942,317,11176,163,15539,327,26715,California
Sutter,2021-03-31,1258,42704,177,15081,1065,26665,16,958,443,10833,801,16340,458,27173,California
Sutter,2021-04-01,1385,44089,741,15822,459,27124,185,1143,429,10501,945,17285,613,27786,California
Sutter,2021-04-02,514,44603,101,15923,295,27419,118,1261,201,10506,310,17595,315,28101,California
Sutter,2021-04-03,910,45513,77,16000,211,27630,622,1883,122,10466,783,18378,743,28844,California
Sutter,2021-04-04,118,45631,22,16022,90,27720,6,1889,54,10463,63,18441,60,28904,California
Sutter,2021-04-05,370,46001,144,16166,189,27909,37,1926,172,10477,195,18636,209,29113,California
Sutter,2021-04-06,511,46512,199,16365,256,28165,56,1982,270,10564,239,18875,326,29439,California
Sutter,2021-04-07,1481,47993,886,17251,520,28685,75,2057,603,10374,868,19743,678,30117,California
Sutter,2021-04-08,1062,49055,583,17834,364,29049,115,2172,573,10576,483,20226,685,30802,California
Sutter,2021-04-09,571,49626,250,18084,256,29305,65,2237,236,10547,330,20556,301,31103,California
Sutter,2021-04-10,829,50455,111,18195,88,29393,630,2867,110,10564,713,21269,730,31833,California
Sutter,2021-04-11,120,50575,33,18228,40,29433,47,2914,38,10566,82,21351,84,31917,California
Sutter,2021-04-12,344,50919,94,18322,196,29629,54,2968,135,10548,207,21558,189,32106,California
Sutter,2021-04-13,432,51351,126,18448,306,29935,0,2968,213,10544,217,21775,213,32319,California
Sutter,2021-04-14,1327,52678,162,18610,1164,31099,1,2969,224,9674,1095,22870,225,32544,California
Sutter,2021-04-15,541,53219,173,18783,368,31467,0,2969,218,9572,320,23190,218,32762,California
Sutter,2021-04-16,408,53627,129,18912,279,31746,0,2969,189,9544,217,23407,189,32951,California
Sutter,2021-04-17,580,54207,83,18995,497,32243,0,2969,508,9981,71,23478,508,33459,California
Sutter,2021-04-18,93,54300,34,19029,59,32302,0,2969,59,10008,32,23510,59,33518,California
Sutter,2021-04-19,294,54594,113,19142,181,32483,0,2969,123,9962,169,23679,123,33641,California
Sutter,2021-04-20,466,55060,182,19324,284,32767,0,2969,224,9947,239,23918,224,33865,California
Sutter,2021-04-21,1312,56372,503,19827,809,33576,0,2969,514,9677,784,24702,514,34379,California
Sutter,2021-04-22,530,56902,195,20022,335,33911,0,2969,259,9668,268,24970,259,34638,California
Sutter,2021-04-23,439,57341,154,20176,285,34196,0,2969,200,9633,235,25205,200,34838,California
Sutter,2021-04-24,326,57667,107,20283,218,34414,1,2970,184,9676,141,25346,184,35022,California
Sutter,2021-04-25,158,57825,75,20358,83,34497,0,2970,86,9692,70,25416,86,35108,California
Sutter,2021-04-26,321,58146,107,20465,212,34709,2,2972,136,9647,183,25599,138,35246,California
Sutter,2021-04-27,560,58706,286,20751,270,34979,4,2976,256,9608,299,25898,260,35506,California
Sutter,2021-04-28,861,59567,386,21137,467,35446,8,2984,284,9330,570,26468,292,35798,California
Sutter,2021-04-29,805,60372,166,21303,638,36084,1,2985,325,9182,474,26942,326,36124,California
Sutter,2021-04-30,395,60767,144,21447,238,36322,13,2998,173,9150,217,27159,185,36309,California
Sutter,2021-05-01,301,61068,109,21556,151,36473,41,3039,130,9153,168,27327,171,36480,California
Sutter,2021-05-02,80,61148,53,21609,25,36498,2,3041,45,9165,35,27362,47,36527,California
Sutter,2021-05-03,219,61367,111,21720,99,36597,9,3050,89,9133,130,27492,98,36625,California
Sutter,2021-05-04,557,61924,254,21974,239,36836,64,3114,228,9098,326,27818,291,36916,California
Sutter,2021-05-05,564,62488,174,22148,382,37218,8,3122,164,8876,394,28212,172,37088,California
Sutter,2021-05-06,437,62925,234,22382,182,37400,21,3143,197,8854,239,28451,217,37305,California
Sutter,2021-05-07,428,63353,160,22542,246,37646,22,3165,164,8781,259,28710,186,37491,California
Sutter,2021-05-08,240,63593,94,22636,140,37786,6,3171,115,8777,125,28835,121,37612,California
Sutter,2021-05-09,107,63700,79,22715,23,37809,5,3176,62,8799,45,28880,67,37679,California
Sutter,2021-05-10,195,63895,44,22759,132,37941,19,3195,51,8727,142,29022,70,37749,California
Sutter,2021-05-11,472,64367,238,22997,213,38154,21,3216,191,8661,276,29298,210,37959,California
Sutter,2021-05-12,466,64833,262,23259,193,38347,11,3227,157,8524,305,29603,168,38127,California
Sutter,2021-05-13,492,65325,262,23521,208,38555,22,3249,190,8435,301,29904,212,38339,California
Sutter,2021-05-14,443,65768,189,23710,238,38793,16,3265,205,8423,233,30137,221,38560,California
Sutter,2021-05-15,848,66616,316,24026,501,39294,31,3296,309,8226,537,30674,340,38900,California
Sutter,2021-05-16,172,66788,118,24144,46,39340,8,3304,93,8249,78,30752,101,39001,California
Sutter,2021-05-17,291,67079,116,24260,161,39501,14,3318,148,8270,141,30893,162,39163,California
Sutter,2021-05-18,552,67631,313,24573,235,39736,4,3322,299,8324,249,31142,303,39466,California
Sutter,2021-05-19,463,68094,264,24837,192,39928,7,3329,223,8317,237,31379,230,39696,California
Sutter,2021-05-20,458,68552,238,25075,208,40136,12,3341,214,8303,240,31619,226,39922,California
Sutter,2021-05-21,489,69041,222,25297,255,40391,12,3353,210,8249,275,31894,221,40143,California
Sutter,2021-05-22,370,69411,206,25503,161,40552,3,3356,184,8254,181,32075,186,40329,California
Sutter,2021-05-23,191,69602,95,25598,87,40639,9,3365,92,8262,93,32168,101,40430,California
Sutter,2021-05-24,240,69842,91,25689,126,40765,23,3388,96,8240,141,32309,119,40549,California
Sutter,2021-05-25,402,70244,197,25886,192,40957,13,3401,165,8187,230,32539,177,40726,California
Sutter,2021-05-26,323,70567,157,26043,157,41114,9,3410,112,8102,206,32745,121,40847,California
Sutter,2021-05-27,433,71000,116,26159,298,41412,19,3429,121,7934,308,33053,140,40987,California
Sutter,2021-05-28,340,71340,165,26324,158,41570,17,3446,169,7955,165,33218,186,41173,California
Sutter,2021-05-29,254,71594,120,26444,119,41689,15,3461,132,7984,118,33336,147,41320,California
Sutter,2021-05-30,84,71678,61,26505,20,41709,3,3464,39,7982,44,33380,42,41362,California
Sutter,2021-05-31,21,71699,3,26508,14,41723,4,3468,7,7979,14,33394,11,41373,California
Sutter,2021-06-01,310,72009,134,26642,168,41891,8,3476,115,7908,194,33588,123,41496,California
Sutter,2021-06-02,282,72291,120,26762,156,42047,6,3482,97,7832,179,33767,103,41599,California
Sutter,2021-06-03,343,72634,224,26986,109,42156,10,3492,116,7737,221,33988,126,41725,California
Sutter,2021-06-04,343,72977,198,27184,138,42294,7,3499,119,7644,219,34207,126,41851,California
Sutter,2021-06-05,439,73416,369,27553,66,42360,4,3503,153,7520,281,34488,157,42008,California
Sutter,2021-06-06,134,73550,115,27668,16,42376,3,3506,44,7479,88,34576,47,42055,California
Sutter,2021-06-07,165,73715,107,27775,49,42425,9,3515,57,7438,107,34683,66,42121,California
Sutter,2021-06-08,367,74082,206,27981,149,42574,12,3527,159,7401,208,34891,171,42292,California
Sutter,2021-06-09,369,74451,235,28216,129,42703,5,3532,128,7296,238,35129,133,42425,California
Sutter,2021-06-10,383,74834,276,28492,97,42800,10,3542,149,7225,230,35359,159,42584,California
Sutter,2021-06-11,337,75171,215,28707,116,42916,6,3548,114,7125,219,35578,119,42703,California
Sutter,2021-06-12,245,75416,172,28879,58,42974,15,3563,70,7035,175,35753,85,42788,California
Sutter,2021-06-13,83,75499,65,28944,17,42991,1,3564,22,6998,60,35813,23,42811,California
Sutter,2021-06-14,190,75689,111,29055,68,43059,11,3575,74,6969,114,35927,85,42896,California
Sutter,2021-06-15,286,75975,155,29210,118,43177,13,3588,102,6902,182,36109,115,43011,California
Sutter,2021-06-16,221,76196,142,29352,70,43247,9,3597,107,6904,114,36223,116,43127,California
Sutter,2021-06-17,283,76479,173,29525,104,43351,6,3603,123,6875,158,36381,129,43256,California
Sutter,2021-06-18,266,76745,171,29696,80,43431,15,3618,94,6815,169,36550,109,43365,California
Sutter,2021-06-19,208,76953,139,29835,65,43496,4,3622,59,6731,147,36697,63,43428,California
Sutter,2021-06-20,70,77023,49,29884,19,43515,2,3624,31,6725,39,36736,33,43461,California
Sutter,2021-06-21,113,77136,54,29938,47,43562,12,3636,51,6728,60,36796,63,43524,California
Sutter,2021-06-22,222,77358,128,30066,91,43653,3,3639,86,6683,134,36930,89,43613,California
Sutter,2021-06-23,185,77543,108,30174,69,43722,8,3647,77,6659,108,37038,84,43697,California
Sutter,2021-06-24,237,77780,161,30335,66,43788,10,3657,103,6638,134,37172,113,43810,California
Sutter,2021-06-25,225,78005,146,30481,73,43861,6,3663,89,6601,132,37304,95,43905,California
Sutter,2021-06-26,220,78225,178,30659,36,43897,6,3669,76,6542,142,37446,83,43988,California
Sutter,2021-06-27,78,78303,65,30724,12,43909,1,3670,29,6524,48,37494,30,44018,California
Sutter,2021-06-28,121,78424,75,30799,40,43949,6,3676,61,6532,59,37553,67,44085,California
Sutter,2021-06-29,235,78659,155,30954,70,44019,10,3686,84,6477,149,37702,94,44179,California
Sutter,2021-06-30,175,78834,112,31066,54,44073,9,3695,72,6458,100,37802,81,44260,California
Sutter,2021-07-01,205,79039,173,31239,25,44098,7,3702,75,6410,129,37931,81,44341,California
Sutter,2021-07-02,192,79231,129,31368,51,44149,12,3714,91,6418,95,38026,103,44444,California
Sutter,2021-07-03,114,79345,87,31455,24,44173,3,3717,39,6391,69,38095,42,44486,California
Sutter,2021-07-04,6,79351,3,31458,3,44176,0,3717,2,6390,3,38098,2,44488,California
Tehama,2020-12-15,1,1,1,1,0,0,0,0,1,1,0,0,1,1,California
Tehama,2020-12-16,2,3,2,3,0,0,0,0,2,3,0,0,2,3,California
Tehama,2020-12-17,12,15,12,15,0,0,0,0,12,15,0,0,12,15,California
Tehama,2020-12-18,2,17,2,17,0,0,0,0,3,18,0,0,3,18,California
Tehama,2020-12-21,33,50,33,50,0,0,0,0,33,51,0,0,33,51,California
Tehama,2020-12-22,70,120,64,114,6,6,0,0,70,121,0,0,70,121,California
Tehama,2020-12-23,48,168,40,154,8,14,0,0,48,169,0,0,48,169,California
Tehama,2020-12-24,5,173,3,157,2,16,0,0,5,174,0,0,5,174,California
Tehama,2020-12-26,3,176,2,159,1,17,0,0,3,177,0,0,3,177,California
Tehama,2020-12-27,2,178,2,161,0,17,0,0,2,179,0,0,2,179,California
Tehama,2020-12-28,56,234,43,204,13,30,0,0,56,235,0,0,56,235,California
Tehama,2020-12-29,31,265,31,235,0,30,0,0,31,266,0,0,31,266,California
Tehama,2020-12-30,55,320,39,274,16,46,0,0,54,320,0,0,54,320,California
Tehama,2020-12-31,14,334,4,278,10,56,0,0,14,334,0,0,14,334,California
Tehama,2021-01-01,3,337,0,278,3,59,0,0,3,337,0,0,3,337,California
Tehama,2021-01-04,32,369,9,287,23,82,0,0,32,369,0,0,32,369,California
Tehama,2021-01-05,70,439,43,330,27,109,0,0,67,433,3,3,67,436,California
Tehama,2021-01-06,72,511,21,351,51,160,0,0,63,488,8,11,63,499,California
Tehama,2021-01-07,57,568,7,358,50,210,0,0,56,543,1,12,56,555,California
Tehama,2021-01-08,34,602,25,383,9,219,0,0,29,567,5,17,29,584,California
Tehama,2021-01-09,7,609,5,388,2,221,0,0,5,570,2,19,5,589,California
Tehama,2021-01-10,1,610,0,388,1,222,0,0,1,571,0,19,1,590,California
Tehama,2021-01-11,49,659,47,435,2,224,0,0,15,552,34,53,15,605,California
Tehama,2021-01-12,132,791,112,547,20,244,0,0,86,592,46,99,86,691,California
Tehama,2021-01-13,73,864,55,602,18,262,0,0,27,573,46,145,27,718,California
Tehama,2021-01-14,223,1087,50,652,173,435,0,0,221,792,2,147,221,939,California
Tehama,2021-01-15,250,1337,75,727,175,610,0,0,246,1034,4,151,246,1185,California
Tehama,2021-01-16,264,1601,19,746,245,855,0,0,261,1292,3,154,261,1446,California
Tehama,2021-01-17,7,1608,3,749,4,859,0,0,4,1293,3,157,4,1450,California
Tehama,2021-01-18,12,1620,7,756,5,864,0,0,7,1295,5,162,7,1457,California
Tehama,2021-01-19,295,1915,68,824,227,1091,0,0,240,1480,55,217,240,1697,California
Tehama,2021-01-20,303,2218,87,911,216,1307,0,0,253,1684,49,266,253,1950,California
Tehama,2021-01-21,214,2432,11,922,203,1510,0,0,204,1878,10,276,204,2154,California
Tehama,2021-01-22,224,2656,21,943,203,1713,0,0,221,2096,3,279,221,2375,California
Tehama,2021-01-23,257,2913,7,950,250,1963,0,0,256,2351,1,280,256,2631,California
Tehama,2021-01-24,2,2915,1,951,1,1964,0,0,2,2353,0,280,2,2633,California
Tehama,2021-01-25,33,2948,15,966,18,1982,0,0,15,2350,18,298,15,2648,California
Tehama,2021-01-26,322,3270,42,1008,280,2262,0,0,285,2598,37,335,285,2933,California
Tehama,2021-01-27,300,3570,21,1029,279,2541,0,0,280,2858,20,355,280,3213,California
Tehama,2021-01-28,343,3913,31,1060,312,2853,0,0,328,3171,15,370,328,3541,California
Tehama,2021-01-29,324,4237,20,1080,304,3157,0,0,306,3459,18,388,306,3847,California
Tehama,2021-01-30,102,4339,2,1082,100,3257,0,0,101,3559,1,389,101,3948,California
Tehama,2021-01-31,1,4340,0,1082,1,3258,0,0,1,3560,0,389,1,3949,California
Tehama,2021-02-01,79,4419,23,1105,56,3314,0,0,36,3553,43,432,36,3985,California
Tehama,2021-02-02,361,4780,64,1169,297,3611,0,0,263,3718,98,530,263,4248,California
Tehama,2021-02-03,409,5189,12,1181,397,4008,0,0,363,4035,46,576,363,4611,California
Tehama,2021-02-04,505,5694,99,1280,406,4414,0,0,424,4379,81,657,425,5036,California
Tehama,2021-02-05,179,5873,73,1353,106,4520,0,0,117,4434,62,719,117,5153,California
Tehama,2021-02-06,29,5902,14,1367,15,4535,0,0,17,4439,12,731,17,5170,California
Tehama,2021-02-07,6,5908,5,1372,1,4536,0,0,2,4438,3,734,2,5172,California
Tehama,2021-02-08,35,5943,13,1385,22,4558,0,0,26,4455,9,743,26,5198,California
Tehama,2021-02-09,75,6018,35,1420,40,4598,0,0,40,4460,35,778,40,5238,California
Tehama,2021-02-10,232,6250,63,1483,169,4767,0,0,156,4540,76,854,156,5394,California
Tehama,2021-02-11,220,6470,15,1498,205,4972,0,0,82,4486,136,990,82,5476,California
Tehama,2021-02-12,364,6834,66,1564,298,5270,0,0,172,4466,192,1182,172,5648,California
Tehama,2021-02-13,385,7219,14,1578,371,5641,0,0,145,4371,240,1422,145,5793,California
Tehama,2021-02-14,38,7257,2,1580,36,5677,0,0,36,4405,2,1424,36,5829,California
Tehama,2021-02-15,53,7310,10,1590,43,5720,0,0,47,4446,6,1430,47,5876,California
Tehama,2021-02-16,248,7558,16,1606,232,5952,0,0,64,4326,184,1614,64,5940,California
Tehama,2021-02-17,284,7842,12,1618,272,6224,0,0,54,4150,230,1844,54,5994,California
Tehama,2021-02-18,371,8213,32,1650,339,6563,0,0,145,4069,226,2070,145,6139,California
Tehama,2021-02-19,215,8428,18,1668,197,6760,0,0,43,3940,172,2242,43,6182,California
Tehama,2021-02-20,271,8699,7,1675,264,7024,0,0,27,3723,244,2486,27,6209,California
Tehama,2021-02-21,2,8701,1,1676,1,7025,0,0,1,3723,1,2487,1,6210,California
Tehama,2021-02-22,41,8742,16,1692,25,7050,0,0,28,3738,13,2500,28,6238,California
Tehama,2021-02-23,73,8815,21,1713,52,7102,0,0,29,3723,44,2544,29,6267,California
Tehama,2021-02-24,304,9119,13,1726,291,7393,0,0,29,3477,275,2819,29,6296,California
Tehama,2021-02-25,381,9500,61,1787,320,7713,0,0,41,3178,340,3159,41,6337,California
Tehama,2021-02-26,462,9962,19,1806,443,8156,0,0,71,2858,391,3550,71,6408,California
Tehama,2021-02-27,296,10258,5,1811,291,8447,0,0,34,2630,262,3812,34,6442,California
Tehama,2021-02-28,23,10281,2,1813,21,8468,0,0,20,2647,3,3815,20,6462,California
Tehama,2021-03-01,67,10348,8,1821,59,8527,0,0,33,2646,34,3849,33,6495,California
Tehama,2021-03-02,157,10505,18,1839,139,8666,0,0,32,2553,125,3974,32,6527,California
Tehama,2021-03-03,166,10671,32,1871,134,8800,0,0,50,2487,116,4090,50,6577,California
Tehama,2021-03-04,664,11335,39,1910,625,9425,0,0,222,2272,437,4527,222,6799,California
Tehama,2021-03-05,406,11741,20,1930,386,9811,0,0,214,2295,191,4718,214,7013,California
Tehama,2021-03-06,305,12046,15,1945,290,10101,0,0,78,2148,226,4944,79,7092,California
Tehama,2021-03-07,6,12052,1,1946,5,10106,0,0,3,2149,2,4946,3,7095,California
Tehama,2021-03-08,57,12109,12,1958,30,10136,15,15,26,2160,30,4976,41,7136,California
Tehama,2021-03-09,367,12476,8,1966,340,10476,19,34,312,2436,55,5031,331,7467,California
Tehama,2021-03-10,356,12832,17,1983,318,10794,21,55,73,2248,282,5313,94,7561,California
Tehama,2021-03-11,496,13328,18,2001,429,11223,49,104,348,2497,148,5461,397,7958,California
Tehama,2021-03-12,307,13635,20,2021,222,11445,65,169,179,2614,127,5588,244,8202,California
Tehama,2021-03-13,49,13684,8,2029,34,11479,7,176,6,2584,43,5631,13,8215,California
Tehama,2021-03-14,53,13737,3,2032,40,11519,10,186,9,2559,44,5675,19,8234,California
Tehama,2021-03-15,154,13891,22,2054,112,11631,20,206,84,2593,70,5745,104,8338,California
Tehama,2021-03-16,419,14310,14,2068,367,11998,38,244,314,2841,104,5849,352,8690,California
Tehama,2021-03-17,434,14744,22,2090,380,12378,32,276,350,3141,82,5931,382,9072,California
Tehama,2021-03-18,486,15230,26,2116,436,12814,24,300,307,3295,177,6108,331,9403,California
Tehama,2021-03-19,318,15548,22,2138,283,13097,13,313,276,3542,42,6150,289,9692,California
Tehama,2021-03-20,41,15589,8,2146,31,13128,2,315,29,3561,12,6162,31,9723,California
Tehama,2021-03-21,12,15601,5,2151,7,13135,0,315,12,3573,0,6162,12,9735,California
Tehama,2021-03-22,92,15693,8,2159,67,13202,17,332,50,3598,42,6204,67,9802,California
Tehama,2021-03-23,88,15781,28,2187,54,13256,6,338,70,3656,18,6222,76,9878,California
Tehama,2021-03-24,85,15866,16,2203,67,13323,2,340,54,3681,31,6253,56,9934,California
Tehama,2021-03-25,539,16405,363,2566,163,13486,13,353,482,4120,56,6309,495,10429,California
Tehama,2021-03-26,514,16919,403,2969,99,13585,12,365,434,4489,77,6386,446,10875,California
Tehama,2021-03-27,452,17371,356,3325,71,13656,25,390,383,4829,68,6454,408,11283,California
Tehama,2021-03-28,31,17402,10,3335,21,13677,0,390,19,4836,12,6466,19,11302,California
Tehama,2021-03-29,127,17529,32,3367,94,13771,1,391,81,4871,46,6512,81,11383,California
Tehama,2021-03-30,374,17903,222,3589,150,13921,2,393,252,5003,122,6634,254,11637,California
Tehama,2021-03-31,401,18304,298,3887,100,14021,3,396,328,5261,72,6706,330,11967,California
Tehama,2021-04-01,528,18832,247,4134,275,14296,6,402,395,5530,132,6838,401,12368,California
Tehama,2021-04-02,458,19290,216,4350,237,14533,5,407,273,5622,185,7023,277,12645,California
Tehama,2021-04-03,62,19352,4,4354,53,14586,5,412,31,5627,31,7054,36,12681,California
Tehama,2021-04-04,35,19387,7,4361,27,14613,1,413,23,5639,12,7066,24,12705,California
Tehama,2021-04-05,118,19505,21,4382,69,14682,28,441,61,5671,57,7123,89,12794,California
Tehama,2021-04-06,492,19997,109,4491,332,15014,51,492,137,5504,355,7478,188,12982,California
Tehama,2021-04-07,417,20414,284,4775,90,15104,43,535,304,5738,112,7590,346,13328,California
Tehama,2021-04-08,608,21022,174,4949,394,15498,40,575,230,5631,377,7967,270,13598,California
Tehama,2021-04-09,431,21453,193,5142,204,15702,34,609,215,5665,215,8182,249,13847,California
Tehama,2021-04-10,79,21532,9,5151,38,15740,32,641,40,5698,39,8221,72,13919,California
Tehama,2021-04-11,33,21565,7,5158,15,15755,11,652,8,5692,25,8246,19,13938,California
Tehama,2021-04-12,112,21677,6,5164,87,15842,19,671,40,5679,72,8318,59,13997,California
Tehama,2021-04-13,390,22067,66,5230,324,16166,0,671,67,5423,323,8641,67,14064,California
Tehama,2021-04-14,408,22475,54,5284,354,16520,0,671,51,5119,355,8996,51,14115,California
Tehama,2021-04-15,518,22993,193,5477,325,16845,0,671,81,4764,436,9432,81,14196,California
Tehama,2021-04-16,598,23591,342,5819,256,17101,0,671,75,4316,523,9955,75,14271,California
Tehama,2021-04-17,349,23940,269,6088,80,17181,0,671,41,4051,307,10262,42,14313,California
Tehama,2021-04-18,17,23957,3,6091,14,17195,0,671,14,4062,3,10265,14,14327,California
Tehama,2021-04-19,97,24054,8,6099,89,17284,0,671,41,4047,56,10321,41,14368,California
Tehama,2021-04-20,528,24582,435,6534,93,17377,0,671,152,3828,373,10694,154,14522,California
Tehama,2021-04-21,512,25094,434,6968,78,17455,0,671,170,3658,340,11034,170,14692,California
Tehama,2021-04-22,526,25620,366,7334,160,17615,0,671,157,3449,366,11400,157,14849,California
Tehama,2021-04-23,454,26074,351,7685,103,17718,0,671,204,3405,249,11649,205,15054,California
Tehama,2021-04-24,104,26178,18,7703,86,17804,0,671,27,3355,77,11726,27,15081,California
Tehama,2021-04-25,29,26207,18,7721,11,17815,0,671,9,3345,19,11745,9,15090,California
Tehama,2021-04-26,87,26294,12,7733,75,17890,0,671,47,3352,40,11785,47,15137,California
Tehama,2021-04-27,257,26551,209,7942,47,17937,1,672,95,3286,162,11947,96,15233,California
Tehama,2021-04-28,405,26956,324,8266,64,18001,17,689,71,3040,334,12281,88,15321,California
Tehama,2021-04-29,359,27315,172,8438,181,18182,6,695,72,2832,286,12567,78,15399,California
Tehama,2021-04-30,327,27642,240,8678,81,18263,6,701,113,2737,214,12781,119,15518,California
Tehama,2021-05-01,74,27716,4,8682,67,18330,3,704,16,2698,58,12839,19,15537,California
Tehama,2021-05-02,44,27760,22,8704,10,18340,12,716,24,2714,20,12859,36,15573,California
Tehama,2021-05-03,119,27879,40,8744,71,18411,8,724,64,2731,55,12914,72,15645,California
Tehama,2021-05-04,164,28043,59,8803,98,18509,7,731,71,2716,93,13007,78,15723,California
Tehama,2021-05-05,95,28138,26,8829,59,18568,10,741,44,2719,51,13058,54,15777,California
Tehama,2021-05-06,169,28307,94,8923,60,18628,15,756,103,2771,66,13124,118,15895,California
Tehama,2021-05-07,178,28485,73,8996,94,18722,11,767,52,2710,124,13248,63,15958,California
Tehama,2021-05-08,50,28535,6,9002,43,18765,1,768,14,2689,36,13284,15,15973,California
Tehama,2021-05-09,17,28552,4,9006,13,18778,0,768,7,2686,10,13294,7,15980,California
Tehama,2021-05-10,80,28632,8,9014,66,18844,6,774,39,2690,40,13334,44,16024,California
Tehama,2021-05-11,176,28808,117,9131,49,18893,10,784,37,2598,139,13473,47,16071,California
Tehama,2021-05-12,213,29021,133,9264,69,18962,11,795,48,2492,165,13638,59,16130,California
Tehama,2021-05-13,249,29270,168,9432,73,19035,8,803,114,2480,134,13772,122,16252,California
Tehama,2021-05-14,248,29518,134,9566,93,19128,21,824,59,2372,188,13960,80,16332,California
Tehama,2021-05-15,225,29743,135,9701,54,19182,36,860,161,2506,63,14023,197,16529,California
Tehama,2021-05-16,27,29770,7,9708,17,19199,3,863,15,2512,12,14035,18,16547,California
Tehama,2021-05-17,113,29883,29,9737,69,19268,15,878,54,2523,58,14093,69,16616,California
Tehama,2021-05-18,153,30036,78,9815,60,19328,15,893,50,2487,101,14194,65,16681,California
Tehama,2021-05-19,127,30163,54,9869,63,19391,10,903,41,2452,86,14280,51,16732,California
Tehama,2021-05-20,335,30498,242,10111,70,19461,23,926,232,2605,102,14382,255,16987,California
Tehama,2021-05-21,222,30720,99,10210,110,19571,13,939,79,2556,141,14523,92,17079,California
Tehama,2021-05-22,66,30786,32,10242,30,19601,4,943,38,2570,28,14551,42,17121,California
Tehama,2021-05-23,50,30836,25,10267,14,19615,11,954,14,2559,36,14587,25,17146,California
Tehama,2021-05-24,99,30935,31,10298,60,19675,8,962,34,2536,65,14652,42,17188,California
Tehama,2021-05-25,77,31012,20,10318,49,19724,8,970,47,2561,29,14681,54,17242,California
Tehama,2021-05-26,80,31092,31,10349,46,19770,3,973,52,2589,27,14708,55,17297,California
Tehama,2021-05-27,156,31248,98,10447,54,19824,4,977,51,2541,103,14811,55,17352,California
Tehama,2021-05-28,136,31384,37,10484,92,19916,7,984,65,2543,70,14881,72,17424,California
Tehama,2021-05-29,53,31437,8,10492,40,19956,5,989,34,2563,19,14900,39,17463,California
Tehama,2021-05-30,15,31452,5,10497,9,19965,1,990,6,2561,9,14909,7,17470,California
Tehama,2021-05-31,18,31470,2,10499,15,19980,1,991,5,2554,13,14922,6,17476,California
Tehama,2021-06-01,100,31570,18,10517,64,20044,18,1009,32,2536,68,14990,50,17526,California
Tehama,2021-06-02,88,31658,30,10547,53,20097,5,1014,32,2517,56,15046,37,17563,California
Tehama,2021-06-03,136,31794,102,10649,23,20120,11,1025,29,2450,107,15153,40,17603,California
Tehama,2021-06-04,145,31939,38,10687,93,20213,14,1039,63,2444,81,15234,75,17678,California
Tehama,2021-06-05,158,32097,128,10815,22,20235,8,1047,31,2357,126,15360,39,17717,California
Tehama,2021-06-06,15,32112,7,10822,2,20237,6,1053,2,2352,12,15372,7,17724,California
Tehama,2021-06-07,69,32181,27,10849,40,20277,2,1055,19,2323,50,15422,21,17745,California
Tehama,2021-06-08,103,32284,34,10883,60,20337,9,1064,37,2304,65,15487,46,17791,California
Tehama,2021-06-09,87,32371,43,10926,42,20379,2,1066,43,2305,44,15531,45,17836,California
Tehama,2021-06-10,267,32638,216,11142,41,20420,10,1076,37,2123,229,15760,47,17883,California
Tehama,2021-06-11,148,32786,66,11208,73,20493,9,1085,55,2097,90,15850,64,17947,California
Tehama,2021-06-12,62,32848,39,11247,23,20516,0,1085,24,2083,38,15888,24,17971,California
Tehama,2021-06-13,22,32870,6,11253,10,20526,6,1091,5,2077,17,15905,11,17982,California
Tehama,2021-06-14,93,32963,16,11269,70,20596,7,1098,27,2045,66,15971,34,18016,California
Tehama,2021-06-15,97,33060,43,11312,39,20635,15,1113,37,2038,59,16030,52,18068,California
Tehama,2021-06-16,93,33153,62,11374,28,20663,3,1116,47,2042,46,16076,50,18118,California
Tehama,2021-06-17,152,33305,108,11482,29,20692,15,1131,87,2080,63,16139,101,18219,California
Tehama,2021-06-18,108,33413,42,11524,52,20744,14,1145,36,2058,72,16211,50,18269,California
Tehama,2021-06-19,40,33453,14,11538,21,20765,5,1150,17,2057,23,16234,22,18291,California
Tehama,2021-06-20,16,33469,5,11543,10,20775,1,1151,6,2054,10,16244,7,18298,California
Tehama,2021-06-21,64,33533,19,11562,37,20812,8,1159,23,2044,41,16285,31,18329,California
Tehama,2021-06-22,81,33614,25,11587,42,20854,14,1173,34,2046,46,16331,48,18377,California
Tehama,2021-06-23,95,33709,54,11641,37,20891,4,1177,46,2047,48,16379,49,18426,California
Tehama,2021-06-24,88,33797,42,11683,38,20929,8,1185,48,2063,40,16419,56,18482,California
Tehama,2021-06-25,136,33933,74,11757,55,20984,7,1192,59,2053,76,16495,66,18548,California
Tehama,2021-06-26,46,33979,23,11780,23,21007,0,1192,22,2051,24,16519,22,18570,California
Tehama,2021-06-27,8,33987,4,11784,3,21010,1,1193,5,2054,3,16522,6,18576,California
Tehama,2021-06-28,42,34029,16,11800,21,21031,5,1198,21,2059,21,16543,26,18602,California
Tehama,2021-06-29,64,34093,23,11823,37,21068,4,1202,33,2066,30,16573,37,18639,California
Tehama,2021-06-30,87,34180,66,11889,19,21087,2,1204,46,2073,41,16614,48,18687,California
Tehama,2021-07-01,61,34241,30,11919,28,21115,3,1207,38,2091,23,16637,41,18728,California
Tehama,2021-07-02,76,34317,37,11956,37,21152,2,1209,30,2077,46,16683,32,18760,California
Tehama,2021-07-03,36,34353,17,11973,17,21169,2,1211,13,2069,23,16706,15,18775,California
Tehama,2021-07-04,5,34358,5,11978,0,21169,0,1211,2,2068,3,16709,2,18777,California
Trinity,2020-12-17,4,4,4,4,0,0,0,0,4,4,0,0,4,4,California
Trinity,2020-12-18,2,6,2,6,0,0,0,0,2,6,0,0,2,6,California
Trinity,2020-12-21,38,44,38,44,0,0,0,0,38,44,0,0,38,44,California
Trinity,2020-12-22,4,48,4,48,0,0,0,0,4,48,0,0,4,48,California
Trinity,2020-12-23,6,54,5,53,1,1,0,0,6,54,0,0,6,54,California
Trinity,2020-12-28,31,85,31,84,0,1,0,0,31,85,0,0,31,85,California
Trinity,2020-12-29,8,93,7,91,1,2,0,0,8,93,0,0,8,93,California
Trinity,2020-12-30,10,103,8,99,2,4,0,0,10,103,0,0,10,103,California
Trinity,2020-12-31,2,105,1,100,1,5,0,0,2,105,0,0,2,105,California
Trinity,2021-01-04,27,132,0,100,27,32,0,0,26,131,0,0,26,131,California
Trinity,2021-01-05,3,135,1,101,2,34,0,0,3,134,0,0,3,134,California
Trinity,2021-01-06,24,159,4,105,20,54,0,0,20,150,4,4,20,154,California
Trinity,2021-01-08,49,208,2,107,47,101,0,0,48,196,2,6,48,202,California
Trinity,2021-01-11,41,249,38,145,3,104,0,0,4,163,37,43,4,206,California
Trinity,2021-01-12,9,258,6,151,3,107,0,0,4,162,5,48,4,210,California
Trinity,2021-01-13,7,265,4,155,3,110,0,0,4,163,3,51,4,214,California
Trinity,2021-01-14,4,269,1,156,3,113,0,0,4,167,0,51,4,218,California
Trinity,2021-01-15,4,273,0,156,4,117,0,0,4,171,0,51,4,222,California
Trinity,2021-01-16,4,277,0,156,4,121,0,0,4,175,0,51,4,226,California
Trinity,2021-01-18,31,308,31,187,0,121,0,0,0,144,31,82,0,226,California
Trinity,2021-01-19,35,343,14,201,21,142,0,0,21,151,14,96,21,247,California
Trinity,2021-01-20,20,363,3,204,17,159,0,0,17,165,3,99,17,264,California
Trinity,2021-01-21,17,380,7,211,10,169,0,0,17,182,0,99,17,281,California
Trinity,2021-01-22,5,385,1,212,4,173,0,0,5,187,0,99,5,286,California
Trinity,2021-01-23,7,392,3,215,4,177,0,0,7,194,0,99,7,293,California
Trinity,2021-01-25,14,406,1,216,13,190,0,0,13,206,1,100,13,306,California
Trinity,2021-01-26,10,416,1,217,9,199,0,0,9,214,1,101,9,315,California
Trinity,2021-01-27,12,428,0,217,12,211,0,0,12,226,0,101,12,327,California
Trinity,2021-01-28,12,440,2,219,10,221,0,0,9,232,3,104,9,336,California
Trinity,2021-01-29,2,442,0,219,2,223,0,0,1,232,1,105,1,337,California
Trinity,2021-01-30,12,454,11,230,1,224,0,0,12,244,0,105,12,349,California
Trinity,2021-02-01,2,456,1,231,1,225,0,0,1,244,1,106,1,350,California
Trinity,2021-02-02,15,471,3,234,12,237,0,0,14,257,1,107,14,364,California
Trinity,2021-02-03,7,478,1,235,6,243,0,0,4,258,3,110,4,368,California
Trinity,2021-02-04,42,520,32,267,10,253,0,0,35,286,7,117,35,403,California
Trinity,2021-02-05,354,874,0,267,354,607,0,0,323,578,31,148,323,726,California
Trinity,2021-02-06,210,1084,5,272,205,812,0,0,203,774,7,155,203,929,California
Trinity,2021-02-07,1,1085,0,272,1,813,0,0,1,775,0,155,1,930,California
Trinity,2021-02-08,27,1112,0,272,27,840,0,0,16,780,11,166,16,946,California
Trinity,2021-02-09,27,1139,2,274,25,865,0,0,11,775,16,182,11,957,California
Trinity,2021-02-10,122,1261,10,284,112,977,0,0,102,857,20,202,102,1059,California
Trinity,2021-02-11,338,1599,2,286,336,1313,0,0,331,1181,7,209,331,1390,California
Trinity,2021-02-12,18,1617,10,296,8,1321,0,0,14,1191,4,213,14,1404,California
Trinity,2021-02-13,13,1630,6,302,7,1328,0,0,6,1190,7,220,6,1410,California
Trinity,2021-02-14,2,1632,2,304,0,1328,0,0,2,1192,0,220,2,1412,California
Trinity,2021-02-15,47,1679,0,304,47,1375,0,0,47,1239,0,220,47,1459,California
Trinity,2021-02-16,5,1684,1,305,4,1379,0,0,3,1240,2,222,3,1462,California
Trinity,2021-02-17,94,1778,2,307,92,1471,0,0,84,1314,10,232,84,1546,California
Trinity,2021-02-18,4,1782,0,307,4,1475,0,0,1,1312,3,235,1,1547,California
Trinity,2021-02-19,307,2089,1,308,306,1781,0,0,294,1593,13,248,294,1841,California
Trinity,2021-02-20,141,2230,14,322,127,1908,0,0,113,1678,28,276,113,1954,California
Trinity,2021-02-21,1,2231,1,323,0,1908,0,0,1,1679,0,276,1,1955,California
Trinity,2021-02-22,8,2239,0,323,8,1916,0,0,5,1681,3,279,5,1960,California
Trinity,2021-02-23,10,2249,3,326,7,1923,0,0,5,1681,5,284,5,1965,California
Trinity,2021-02-24,30,2279,8,334,22,1945,0,0,7,1665,23,307,7,1972,California
Trinity,2021-02-25,36,2315,23,357,13,1958,0,0,5,1639,31,338,5,1977,California
Trinity,2021-02-26,12,2327,2,359,10,1968,0,0,6,1639,6,344,6,1983,California
Trinity,2021-02-27,12,2339,10,369,2,1970,0,0,6,1639,6,350,6,1989,California
Trinity,2021-03-01,10,2349,0,369,10,1980,0,0,5,1639,5,355,5,1994,California
Trinity,2021-03-02,9,2358,3,372,6,1986,0,0,2,1634,7,362,2,1996,California
Trinity,2021-03-03,4,2362,0,372,4,1990,0,0,3,1636,1,363,3,1999,California
Trinity,2021-03-04,24,2386,19,391,5,1995,0,0,10,1632,14,377,10,2009,California
Trinity,2021-03-05,391,2777,1,392,390,2385,0,0,120,1485,267,644,120,2129,California
Trinity,2021-03-06,202,2979,7,399,195,2580,0,0,26,1335,176,820,26,2155,California
Trinity,2021-03-07,4,2983,3,402,1,2581,0,0,3,1337,1,821,3,2158,California
Trinity,2021-03-08,5,2988,1,403,3,2584,1,1,2,1337,3,824,3,2161,California
Trinity,2021-03-09,94,3082,0,403,92,2676,2,3,88,1421,6,830,90,2251,California
Trinity,2021-03-10,126,3208,3,406,120,2796,3,6,38,1374,88,918,41,2292,California
Trinity,2021-03-11,16,3224,4,410,10,2806,2,8,5,1370,11,929,7,2299,California
Trinity,2021-03-12,397,3621,5,415,386,3192,6,14,96,1171,301,1230,102,2401,California
Trinity,2021-03-13,14,3635,8,423,4,3196,2,16,8,1175,6,1236,10,2411,California
Trinity,2021-03-14,4,3639,1,424,3,3199,0,16,3,1177,1,1237,3,2414,California
Trinity,2021-03-15,67,3706,0,424,66,3265,1,17,14,1139,53,1290,15,2429,California
Trinity,2021-03-16,116,3822,7,431,109,3374,0,17,103,1229,13,1303,103,2532,California
Trinity,2021-03-17,100,3922,3,434,97,3471,0,17,26,1181,74,1377,26,2558,California
Trinity,2021-03-18,11,3933,2,436,6,3477,3,20,5,1183,6,1383,8,2566,California
Trinity,2021-03-19,460,4393,4,440,346,3823,110,130,33,899,427,1810,143,2709,California
Trinity,2021-03-20,105,4498,7,447,98,3921,0,130,68,931,36,1846,68,2777,California
Trinity,2021-03-21,4,4502,0,447,3,3924,1,131,3,934,1,1847,4,2781,California
Trinity,2021-03-22,2,4504,0,447,2,3926,0,131,2,936,0,1847,2,2783,California
Trinity,2021-03-23,95,4599,2,449,93,4019,0,131,77,995,18,1865,77,2860,California
Trinity,2021-03-24,12,4611,1,450,11,4030,0,131,9,1001,3,1868,9,2869,California
Trinity,2021-03-25,111,4722,8,458,97,4127,6,137,85,1066,26,1894,91,2960,California
Trinity,2021-03-26,83,4805,8,466,75,4202,0,137,76,1135,7,1901,76,3036,California
Trinity,2021-03-27,20,4825,4,470,7,4209,9,146,9,1142,11,1912,18,3054,California
Trinity,2021-03-28,5,4830,3,473,2,4211,0,146,1,1139,4,1916,1,3055,California
Trinity,2021-03-29,6,4836,1,474,5,4216,0,146,2,1137,4,1920,2,3057,California
Trinity,2021-03-30,77,4913,5,479,72,4288,0,146,67,1194,10,1930,67,3124,California
Trinity,2021-03-31,56,4969,5,484,19,4307,32,178,21,1211,35,1965,52,3176,California
Trinity,2021-04-01,41,5010,11,495,19,4326,11,189,21,1223,20,1985,32,3208,California
Trinity,2021-04-02,251,5261,5,500,172,4498,74,263,79,1205,171,2156,153,3361,California
Trinity,2021-04-03,17,5278,12,512,5,4503,0,263,7,1202,10,2166,7,3368,California
Trinity,2021-04-04,10,5288,8,520,2,4505,0,263,8,1208,2,2168,8,3376,California
Trinity,2021-04-05,58,5346,6,526,51,4556,1,264,54,1259,4,2172,55,3431,California
Trinity,2021-04-06,118,5464,15,541,100,4656,3,267,29,1202,89,2261,32,3463,California
Trinity,2021-04-07,27,5491,12,553,10,4666,5,272,19,1218,8,2269,24,3487,California
Trinity,2021-04-08,89,5580,10,563,77,4743,2,274,52,1235,37,2306,54,3541,California
Trinity,2021-04-09,170,5750,20,583,146,4889,4,278,92,1253,78,2384,96,3637,California
Trinity,2021-04-10,11,5761,7,590,4,4893,0,278,10,1262,1,2385,10,3647,California
Trinity,2021-04-11,10,5771,5,595,3,4896,2,280,4,1262,6,2391,6,3653,California
Trinity,2021-04-12,77,5848,5,600,71,4967,1,281,64,1314,12,2403,64,3717,California
Trinity,2021-04-13,104,5952,5,605,99,5066,0,281,11,1232,93,2496,11,3728,California
Trinity,2021-04-14,10,5962,5,610,5,5071,0,281,6,1234,4,2500,6,3734,California
Trinity,2021-04-15,45,6007,10,620,35,5106,0,281,15,1220,29,2529,15,3749,California
Trinity,2021-04-16,153,6160,13,633,140,5246,0,281,80,1228,72,2601,80,3829,California
Trinity,2021-04-17,11,6171,5,638,6,5252,0,281,9,1235,2,2603,9,3838,California
Trinity,2021-04-18,3,6174,1,639,2,5254,0,281,0,1232,3,2606,0,3838,California
Trinity,2021-04-19,67,6241,2,641,65,5319,0,281,66,1297,1,2607,66,3904,California
Trinity,2021-04-20,94,6335,8,649,86,5405,0,281,21,1245,73,2680,21,3925,California
Trinity,2021-04-21,22,6357,9,658,13,5418,0,281,9,1241,13,2693,9,3934,California
Trinity,2021-04-22,92,6449,5,663,87,5505,0,281,14,1177,78,2771,14,3948,California
Trinity,2021-04-23,178,6627,6,669,172,5677,0,281,110,1219,68,2839,110,4058,California
Trinity,2021-04-24,23,6650,12,681,11,5688,0,281,6,1208,17,2856,6,4064,California
Trinity,2021-04-25,10,6660,9,690,1,5689,0,281,3,1205,6,2862,3,4067,California
Trinity,2021-04-26,48,6708,9,699,39,5728,0,281,40,1237,8,2870,40,4107,California
Trinity,2021-04-27,88,6796,11,710,77,5805,0,281,23,1195,65,2935,23,4130,California
Trinity,2021-04-28,32,6828,11,721,21,5826,0,281,12,1187,20,2955,12,4142,California
Trinity,2021-04-29,34,6862,13,734,21,5847,0,281,12,1177,22,2977,12,4154,California
Trinity,2021-04-30,27,6889,21,755,6,5853,0,281,8,1167,18,2995,8,4162,California
Trinity,2021-05-01,15,6904,8,763,2,5855,5,286,5,1167,10,3005,10,4172,California
Trinity,2021-05-02,8,6912,5,768,1,5856,2,288,2,1165,6,3011,4,4176,California
Trinity,2021-05-03,58,6970,13,781,44,5900,1,289,9,1127,48,3059,10,4186,California
Trinity,2021-05-04,24,6994,11,792,12,5912,1,290,8,1120,16,3075,9,4195,California
Trinity,2021-05-05,11,7005,7,799,4,5916,0,290,4,1117,7,3082,4,4199,California
Trinity,2021-05-06,73,7078,10,809,61,5977,2,292,16,1078,57,3139,18,4217,California
Trinity,2021-05-07,179,7257,12,821,133,6110,34,326,14,961,165,3304,48,4265,California
Trinity,2021-05-08,6,7263,2,823,4,6114,0,326,2,959,4,3308,2,4267,California
Trinity,2021-05-09,11,7274,8,831,3,6117,0,326,7,962,4,3312,7,4274,California
Trinity,2021-05-10,15,7289,5,836,9,6126,1,327,8,964,7,3319,9,4283,California
Trinity,2021-05-11,8,7297,4,840,4,6130,0,327,6,968,2,3321,6,4289,California
Trinity,2021-05-12,19,7316,16,856,2,6132,1,328,14,978,5,3326,15,4304,California
Trinity,2021-05-13,15,7331,10,866,4,6136,1,329,9,982,6,3332,10,4314,California
Trinity,2021-05-14,141,7472,19,885,94,6230,28,357,39,947,102,3434,67,4381,California
Trinity,2021-05-15,15,7487,10,895,4,6234,1,358,7,948,7,3441,8,4389,California
Trinity,2021-05-16,8,7495,6,901,2,6236,0,358,6,952,2,3443,6,4395,California
Trinity,2021-05-17,108,7603,20,921,86,6322,2,360,42,930,66,3509,44,4439,California
Trinity,2021-05-18,37,7640,7,928,29,6351,1,361,11,916,26,3535,12,4451,California
Trinity,2021-05-19,146,7786,17,945,100,6451,29,390,29,858,116,3651,58,4509,California
Trinity,2021-05-20,28,7814,21,966,4,6455,3,393,17,867,11,3662,20,4529,California
Trinity,2021-05-21,21,7835,12,978,9,6464,0,393,12,870,9,3671,12,4541,California
Trinity,2021-05-22,17,7852,14,992,3,6467,0,393,13,879,4,3675,13,4554,California
Trinity,2021-05-23,6,7858,4,996,2,6469,0,393,2,877,4,3679,2,4556,California
Trinity,2021-05-24,109,7967,12,1008,96,6565,1,394,8,786,100,3779,9,4565,California
Trinity,2021-05-25,39,8006,14,1022,25,6590,0,394,17,781,22,3801,17,4582,California
Trinity,2021-05-26,12,8018,6,1028,6,6596,0,394,4,777,8,3809,4,4586,California
Trinity,2021-05-27,31,8049,14,1042,12,6608,5,399,8,767,23,3832,13,4599,California
Trinity,2021-05-28,14,8063,10,1052,3,6611,1,400,7,768,7,3839,8,4607,California
Trinity,2021-05-29,10,8073,7,1059,2,6613,1,401,7,773,3,3842,8,4615,California
Trinity,2021-05-30,6,8079,5,1064,1,6614,0,401,0,767,6,3848,0,4615,California
Trinity,2021-05-31,4,8083,3,1067,1,6615,0,401,2,767,2,3850,2,4617,California
Trinity,2021-06-01,14,8097,7,1074,5,6620,2,403,3,762,10,3860,5,4622,California
Trinity,2021-06-02,24,8121,19,1093,3,6623,2,405,9,758,15,3875,11,4633,California
Trinity,2021-06-03,39,8160,13,1106,26,6649,0,405,13,745,26,3901,13,4646,California
Trinity,2021-06-04,45,8205,21,1127,16,6665,8,413,12,732,33,3934,20,4666,California
Trinity,2021-06-05,19,8224,18,1145,1,6666,0,413,13,739,6,3940,13,4679,California
Trinity,2021-06-06,9,8233,6,1151,2,6668,1,414,2,735,7,3947,3,4682,California
Trinity,2021-06-07,28,8261,19,1170,8,6676,1,415,12,732,16,3963,13,4695,California
Trinity,2021-06-08,15,8276,13,1183,1,6677,1,416,4,726,11,3974,5,4700,California
Trinity,2021-06-09,24,8300,14,1197,1,6678,9,425,5,721,19,3993,14,4714,California
Trinity,2021-06-10,20,8320,18,1215,2,6680,0,425,5,711,15,4008,5,4719,California
Trinity,2021-06-11,45,8365,10,1225,33,6713,2,427,14,696,31,4039,16,4735,California
Trinity,2021-06-12,9,8374,9,1234,0,6713,0,427,2,691,7,4046,2,4737,California
Trinity,2021-06-13,4,8378,4,1238,0,6713,0,427,1,689,3,4049,1,4738,California
Trinity,2021-06-14,43,8421,16,1254,27,6740,0,427,11,668,32,4081,11,4749,California
Trinity,2021-06-15,45,8466,21,1275,3,6743,21,448,9,661,36,4117,29,4778,California
Trinity,2021-06-16,10,8476,6,1281,4,6747,0,448,3,657,7,4124,3,4781,California
Trinity,2021-06-17,15,8491,12,1293,1,6748,2,450,6,657,8,4132,8,4789,California
Trinity,2021-06-18,18,8509,10,1303,6,6754,2,452,6,653,12,4144,8,4797,California
Trinity,2021-06-19,10,8519,10,1313,0,6754,0,452,2,647,8,4152,2,4799,California
Trinity,2021-06-20,3,8522,3,1316,0,6754,0,452,3,650,0,4152,3,4802,California
Trinity,2021-06-21,8,8530,6,1322,0,6754,2,454,5,654,3,4155,7,4809,California
Trinity,2021-06-22,32,8562,9,1331,13,6767,10,464,14,660,18,4173,24,4833,California
Trinity,2021-06-23,15,8577,8,1339,1,6768,6,470,2,655,13,4186,8,4841,California
Trinity,2021-06-24,24,8601,14,1353,4,6772,6,476,15,667,9,4195,21,4862,California
Trinity,2021-06-25,10,8611,10,1363,0,6772,0,476,6,669,4,4199,6,4868,California
Trinity,2021-06-26,18,8629,18,1381,0,6772,0,476,8,667,10,4209,8,4876,California
Trinity,2021-06-27,4,8633,4,1385,0,6772,0,476,0,663,4,4213,0,4876,California
Trinity,2021-06-28,11,8644,9,1394,1,6773,1,477,4,661,7,4220,5,4881,California
Trinity,2021-06-29,11,8655,5,1399,3,6776,3,480,5,663,6,4226,8,4889,California
Trinity,2021-06-30,14,8669,10,1409,1,6777,3,483,6,664,8,4234,9,4898,California
Trinity,2021-07-01,30,8699,11,1420,12,6789,7,490,10,661,20,4254,17,4915,California
Trinity,2021-07-02,24,8723,6,1426,6,6795,12,502,6,661,18,4272,18,4933,California
Trinity,2021-07-03,4,8727,1,1427,0,6795,3,505,0,660,4,4276,3,4936,California
Trinity,2021-07-04,1,8728,1,1428,0,6795,0,505,1,661,0,4276,1,4937,California
Tulare,2020-12-15,1,1,1,1,0,0,0,0,1,1,0,0,1,1,California
Tulare,2020-12-16,4,5,4,5,0,0,0,0,4,5,0,0,4,5,California
Tulare,2020-12-17,110,115,110,115,0,0,0,0,110,115,0,0,110,115,California
Tulare,2020-12-18,290,405,289,404,1,1,0,0,290,405,0,0,290,405,California
Tulare,2020-12-19,326,731,326,730,0,1,0,0,326,731,0,0,326,731,California
Tulare,2020-12-20,165,896,165,895,0,1,0,0,165,896,0,0,165,896,California
Tulare,2020-12-21,424,1320,424,1319,0,1,0,0,444,1340,0,0,444,1340,California
Tulare,2020-12-22,470,1790,468,1787,2,3,0,0,469,1809,0,0,469,1809,California
Tulare,2020-12-23,327,2117,318,2105,9,12,0,0,325,2134,0,0,325,2134,California
Tulare,2020-12-24,18,2135,16,2121,2,14,0,0,18,2152,0,0,18,2152,California
Tulare,2020-12-26,8,2143,7,2128,1,15,0,0,8,2160,0,0,8,2160,California
Tulare,2020-12-27,16,2159,12,2140,4,19,0,0,16,2176,0,0,16,2176,California
Tulare,2020-12-28,480,2639,467,2607,13,32,0,0,479,2655,0,0,479,2655,California
Tulare,2020-12-29,550,3189,480,3087,70,102,0,0,550,3205,0,0,550,3205,California
Tulare,2020-12-30,469,3658,425,3512,44,146,0,0,469,3674,0,0,469,3674,California
Tulare,2020-12-31,100,3758,22,3534,78,224,0,0,100,3774,0,0,100,3774,California
Tulare,2021-01-01,3,3761,1,3535,2,226,0,0,3,3777,0,0,3,3777,California
Tulare,2021-01-02,32,3793,19,3554,13,239,0,0,32,3809,0,0,32,3809,California
Tulare,2021-01-03,23,3816,9,3563,14,253,0,0,23,3832,0,0,23,3832,California
Tulare,2021-01-04,93,3909,16,3579,77,330,0,0,93,3925,0,0,93,3925,California
Tulare,2021-01-05,465,4374,279,3858,186,516,0,0,463,4386,2,2,463,4388,California
Tulare,2021-01-06,864,5238,634,4492,230,746,0,0,854,5230,10,12,854,5242,California
Tulare,2021-01-07,782,6020,585,5077,197,943,0,0,674,5796,108,120,674,5916,California
Tulare,2021-01-08,1279,7299,573,5650,706,1649,0,0,942,6402,336,456,942,6858,California
Tulare,2021-01-09,806,8105,204,5854,602,2251,0,0,618,6832,188,644,618,7476,California
Tulare,2021-01-10,51,8156,43,5897,8,2259,0,0,13,6807,38,682,13,7489,California
Tulare,2021-01-11,1275,9431,772,6669,503,2762,0,0,836,7204,439,1121,836,8325,California
Tulare,2021-01-12,1452,10883,505,7174,947,3709,0,0,1040,7835,411,1532,1042,9367,California
Tulare,2021-01-13,411,11294,179,7353,232,3941,0,0,336,8096,75,1607,336,9703,California
Tulare,2021-01-14,495,11789,145,7498,350,4291,0,0,469,8550,15,1622,469,10172,California
Tulare,2021-01-15,1651,13440,156,7654,1495,5786,0,0,1642,10183,9,1631,1642,11814,California
Tulare,2021-01-16,1930,15370,115,7769,1815,7601,0,0,1916,12085,14,1645,1916,13730,California
Tulare,2021-01-17,142,15512,122,7891,20,7621,0,0,132,12207,10,1655,132,13862,California
Tulare,2021-01-18,693,16205,657,8548,36,7657,0,0,295,12104,398,2053,295,14157,California
Tulare,2021-01-19,1020,17225,690,9238,330,7987,0,0,593,12270,427,2480,593,14750,California
Tulare,2021-01-20,2481,19706,667,9905,1814,9801,0,0,2044,13923,392,2872,2045,16795,California
Tulare,2021-01-21,1617,21323,227,10132,1390,11191,0,0,1589,15490,22,2894,1589,18384,California
Tulare,2021-01-22,1092,22415,213,10345,879,12070,0,0,1062,16523,29,2923,1062,19446,California
Tulare,2021-01-23,439,22854,156,10501,283,12353,0,0,418,16920,21,2944,418,19864,California
Tulare,2021-01-24,31,22885,28,10529,3,12356,0,0,29,16947,2,2946,29,19893,California
Tulare,2021-01-25,1353,24238,987,11516,366,12722,0,0,1300,18194,53,2999,1300,21193,California
Tulare,2021-01-26,1508,25746,1102,12618,406,13128,0,0,1168,19023,339,3338,1168,22361,California
Tulare,2021-01-27,1506,27252,1072,13690,434,13562,0,0,924,19366,581,3919,924,23285,California
Tulare,2021-01-28,1220,28472,779,14469,441,14003,0,0,819,19784,401,4320,819,24104,California
Tulare,2021-01-29,1130,29602,718,15187,412,14415,0,0,820,20294,310,4630,820,24924,California
Tulare,2021-01-30,1673,31275,1578,16765,95,14510,0,0,1648,21918,25,4655,1649,26573,California
Tulare,2021-01-31,66,31341,61,16826,5,14515,0,0,62,21976,4,4659,62,26635,California
Tulare,2021-02-01,1177,32518,904,17730,273,14788,0,0,815,22430,361,5020,815,27450,California
Tulare,2021-02-02,710,33228,355,18085,355,15143,0,0,455,22633,253,5273,456,27906,California
Tulare,2021-02-03,570,33798,237,18322,333,15476,0,0,330,22763,200,5473,330,28236,California
Tulare,2021-02-04,577,34375,176,18498,401,15877,0,0,283,22754,293,5766,284,28520,California
Tulare,2021-02-05,1245,35620,240,18738,1005,16882,0,0,407,22325,836,6602,407,28927,California
Tulare,2021-02-06,836,36456,156,18894,680,17562,0,0,208,21907,626,7228,208,29135,California
Tulare,2021-02-07,84,36540,71,18965,13,17575,0,0,23,21869,61,7289,23,29158,California
Tulare,2021-02-08,946,37486,329,19294,617,18192,0,0,239,21404,704,7993,239,29397,California
Tulare,2021-02-09,1416,38902,336,19630,1080,19272,0,0,341,20675,1070,9063,341,29738,California
Tulare,2021-02-10,2485,41387,1989,21619,496,19768,0,0,2073,22339,409,9472,2073,31811,California
Tulare,2021-02-11,1341,42728,377,21996,964,20732,0,0,878,22754,463,9935,878,32689,California
Tulare,2021-02-12,2793,45521,574,22570,2219,22951,0,0,1163,22295,1622,11557,1163,33852,California
Tulare,2021-02-13,2479,48000,158,22728,2321,25272,0,0,639,21098,1836,13393,639,34491,California
Tulare,2021-02-14,340,48340,39,22767,301,25573,0,0,303,21364,37,13430,303,34794,California
Tulare,2021-02-15,923,49263,295,23062,628,26201,0,0,662,21766,260,13690,662,35456,California
Tulare,2021-02-16,2853,52116,1596,24658,1257,27458,0,0,1084,21085,1766,15456,1085,36541,California
Tulare,2021-02-17,2707,54823,517,25175,2190,29648,0,0,451,19285,2251,17707,451,36992,California
Tulare,2021-02-18,2352,57175,453,25628,1899,31547,0,0,644,18229,1700,19407,644,37636,California
Tulare,2021-02-19,2352,59527,882,26510,1470,33017,0,0,971,17824,1376,20783,971,38607,California
Tulare,2021-02-20,3000,62527,1885,28395,1115,34132,0,0,1263,17358,1729,22512,1263,39870,California
Tulare,2021-02-21,102,62629,96,28491,6,34138,0,0,51,17361,48,22560,51,39921,California
Tulare,2021-02-22,1134,63763,714,29205,420,34558,0,0,215,16659,917,23477,215,40136,California
Tulare,2021-02-23,1991,65754,955,30160,1036,35594,0,0,1477,17625,511,23988,1477,41613,California
Tulare,2021-02-24,2498,68252,1554,31714,944,36538,0,0,2112,19353,385,24373,2113,43726,California
Tulare,2021-02-25,3545,71797,1999,33713,1546,38084,0,0,3123,22060,418,24791,3125,46851,California
Tulare,2021-02-26,3865,75662,1892,35605,1973,40057,0,0,3387,24971,476,25267,3387,50238,California
Tulare,2021-02-27,3007,78669,1497,37102,1510,41567,0,0,2872,27720,123,25390,2872,53110,California
Tulare,2021-02-28,1314,79983,1040,38142,274,41841,0,0,1292,28994,18,25408,1292,54402,California
Tulare,2021-03-01,1793,81776,809,38951,983,42824,1,1,1600,30405,190,25598,1601,56003,California
Tulare,2021-03-02,2817,84593,1271,40222,1546,44370,0,1,2637,32865,178,25776,2638,58641,California
Tulare,2021-03-03,4085,88678,2732,42954,1352,45722,1,2,2130,33048,1950,27726,2133,60774,California
Tulare,2021-03-04,2987,91665,1348,44302,1639,47361,0,2,2640,35350,338,28064,2640,63414,California
Tulare,2021-03-05,3505,95170,1759,46061,1731,49092,15,17,2985,37836,517,28581,3003,66417,California
Tulare,2021-03-06,3097,98267,1447,47508,1590,50682,60,77,2840,40480,254,28835,2898,69315,California
Tulare,2021-03-07,1141,99408,707,48215,413,51095,21,98,1100,41561,40,28875,1121,70436,California
Tulare,2021-03-08,1737,101145,1007,49222,561,51656,169,267,1404,42806,327,29202,1572,72008,California
Tulare,2021-03-09,3270,104415,2247,51469,875,52531,148,415,2855,45393,414,29616,3001,75009,California
Tulare,2021-03-10,2984,107399,1404,52873,1405,53936,175,590,2576,47746,397,30013,2750,77759,California
Tulare,2021-03-11,4246,111645,1999,54872,1943,55879,304,894,3294,50393,952,30965,3599,81358,California
Tulare,2021-03-12,4424,116069,2436,57308,1635,57514,353,1247,3129,52588,1285,32250,3480,84838,California
Tulare,2021-03-13,4157,120226,1946,59254,2106,59620,105,1352,3199,54942,950,33200,3304,88142,California
Tulare,2021-03-14,1862,122088,989,60243,653,60273,220,1572,1335,55968,526,33726,1552,89694,California
Tulare,2021-03-15,2756,124844,1632,61875,1009,61282,115,1687,1973,57281,778,34504,2091,91785,California
Tulare,2021-03-16,3439,128283,2119,63994,1243,62525,77,1764,1876,57678,1559,36063,1956,93741,California
Tulare,2021-03-17,4087,132370,2667,66661,1344,63869,76,1840,2328,58337,1753,37816,2412,96153,California
Tulare,2021-03-18,4677,137047,3414,70075,1191,65060,72,1912,2455,58663,2211,40027,2537,98690,California
Tulare,2021-03-19,5149,142196,3379,73454,1552,66612,218,2130,2731,59217,2397,42424,2951,101641,California
Tulare,2021-03-20,4492,146688,2799,76253,1322,67934,371,2501,2066,59241,2416,44840,2440,104081,California
Tulare,2021-03-21,2012,148700,1723,77976,263,68197,26,2527,1064,59386,944,45784,1089,105170,California
Tulare,2021-03-22,2583,151283,1795,79771,676,68873,112,2639,1697,60318,880,46664,1812,106982,California
Tulare,2021-03-23,3798,155081,2198,81969,1548,70421,52,2691,2082,60753,1706,48370,2141,109123,California
Tulare,2021-03-24,3206,158287,1988,83957,1177,71598,41,2732,1719,61037,1477,49847,1761,110884,California
Tulare,2021-03-25,3484,161771,1812,85769,1498,73096,174,2906,1671,61079,1805,51652,1847,112731,California
Tulare,2021-03-26,5264,167035,3136,88905,2016,75112,112,3018,2544,61033,2702,54354,2656,115387,California
Tulare,2021-03-27,3543,170578,1817,90722,1628,76740,98,3116,989,59573,2546,56900,1086,116473,California
Tulare,2021-03-28,1476,172054,1071,91793,374,77114,31,3147,672,59484,802,57702,713,117186,California
Tulare,2021-03-29,2888,174942,1673,93466,1108,78222,107,3254,1226,59162,1657,59359,1335,118521,California
Tulare,2021-03-30,4925,179867,2791,96257,1901,80123,233,3487,1499,57471,3415,62774,1724,120245,California
Tulare,2021-03-31,3973,183840,2343,98600,1516,81639,114,3601,1552,56726,2412,65186,1667,121912,California
Tulare,2021-04-01,4543,188383,2456,101056,2015,83654,72,3673,1560,55387,2972,68158,1633,123545,California
Tulare,2021-04-02,5372,193755,3062,104118,2184,85838,126,3799,1554,53267,3801,71959,1681,125226,California
Tulare,2021-04-03,3633,197388,2095,106213,1163,87001,375,4174,833,51711,2762,74721,1206,126432,California
Tulare,2021-04-04,1633,199021,1146,107359,480,87481,7,4181,356,50802,1272,75993,363,126795,California
Tulare,2021-04-05,3355,202376,2344,109703,744,88225,267,4448,851,49430,2491,78484,1119,127914,California
Tulare,2021-04-06,3440,205816,1472,111175,1471,89696,497,4945,891,48280,2540,81024,1390,129304,California
Tulare,2021-04-07,3938,209754,1840,113015,1656,91352,442,5387,1175,47135,2752,83776,1607,130911,California
Tulare,2021-04-08,4801,214555,2627,115642,1714,93066,460,5847,1537,45879,3250,87026,1994,132905,California
Tulare,2021-04-09,4847,219402,2996,118638,1415,94481,436,6283,1819,45115,3020,90046,2256,135161,California
Tulare,2021-04-10,3843,223245,2071,120709,1452,95933,320,6603,930,43457,2904,92950,1246,136407,California
Tulare,2021-04-11,1588,224833,1050,121759,464,96397,74,6677,490,42926,1095,94045,564,136971,California
Tulare,2021-04-12,3426,228259,2137,123896,693,97090,596,7273,1071,42249,2345,96390,1668,138639,California
Tulare,2021-04-13,2411,230670,1595,125491,807,97897,9,7282,900,41663,1497,97887,911,139550,California
Tulare,2021-04-14,2879,233549,1702,127193,1177,99074,0,7282,911,40611,1963,99850,911,140461,California
Tulare,2021-04-15,3320,236869,2166,129359,1154,100228,0,7282,1473,40250,1834,101684,1473,141934,California
Tulare,2021-04-16,3725,240594,2249,131608,1476,101704,0,7282,1492,39522,2220,103904,1492,143426,California
Tulare,2021-04-17,2253,242847,1326,132934,927,102631,0,7282,1194,39664,1053,104957,1195,144621,California
Tulare,2021-04-18,1575,244422,1237,134171,338,102969,0,7282,827,39744,747,105704,827,145448,California
Tulare,2021-04-19,2187,246609,1272,135443,914,103883,1,7283,897,39357,1285,106989,898,146346,California
Tulare,2021-04-20,2423,249032,1390,136833,1033,104916,0,7283,1006,38963,1400,108389,1006,147352,California
Tulare,2021-04-21,2325,251357,1441,138274,884,105800,0,7283,842,38364,1442,109831,843,148195,California
Tulare,2021-04-22,2173,253530,1235,139509,938,106738,0,7283,742,37694,1412,111243,742,148937,California
Tulare,2021-04-23,2642,256172,1630,141139,1011,107749,1,7284,1030,37126,1599,112842,1031,149968,California
Tulare,2021-04-24,1643,257815,1053,142192,588,108337,2,7286,852,37193,787,113629,854,150822,California
Tulare,2021-04-25,694,258509,522,142714,172,108509,0,7286,266,37032,427,114056,266,151088,California
Tulare,2021-04-26,1558,260067,948,143662,591,109100,19,7305,655,36808,896,114952,672,151760,California
Tulare,2021-04-27,1703,261770,708,144370,957,110057,38,7343,731,36609,967,115919,768,152528,California
Tulare,2021-04-28,1752,263522,1006,145376,704,110761,42,7385,698,36299,1049,116968,739,153267,California
Tulare,2021-04-29,2044,265566,1230,146606,776,111537,38,7423,796,35896,1235,118203,832,154099,California
Tulare,2021-04-30,2467,268033,1801,148407,616,112153,50,7473,911,35308,1548,119751,960,155059,California
Tulare,2021-05-01,1420,269453,1216,149623,192,112345,12,7485,732,35374,678,120429,744,155803,California
Tulare,2021-05-02,590,270043,501,150124,72,112417,17,7502,188,35180,398,120827,204,156007,California
Tulare,2021-05-03,1623,271666,1096,151220,402,112819,125,7627,349,34387,1267,122094,474,156481,California
Tulare,2021-05-04,1574,273240,845,152065,659,113478,70,7697,630,34150,934,123028,697,157178,California
Tulare,2021-05-05,1317,274557,656,152721,572,114050,89,7786,451,33835,855,123883,540,157718,California
Tulare,2021-05-06,1992,276549,1348,154069,595,114645,49,7835,603,33107,1380,125263,652,158370,California
Tulare,2021-05-07,1855,278404,1263,155332,524,115169,68,7903,524,32375,1323,126586,591,158961,California
Tulare,2021-05-08,1242,279646,816,156148,401,115570,25,7928,533,32232,701,127287,558,159519,California
Tulare,2021-05-09,595,280241,471,156619,103,115673,21,7949,115,31894,475,127762,137,159656,California
Tulare,2021-05-10,1024,281265,591,157210,367,116040,66,8015,307,31554,713,128475,373,160029,California
Tulare,2021-05-11,1320,282585,702,157912,539,116579,79,8094,548,31416,765,129240,627,160656,California
Tulare,2021-05-12,1604,284189,1040,158952,506,117085,58,8152,434,30752,1155,130395,491,161147,California
Tulare,2021-05-13,1585,285774,1019,159971,528,117613,38,8190,723,30655,857,131252,760,161907,California
Tulare,2021-05-14,1980,287754,1286,161257,632,118245,62,8252,898,30546,1069,132321,960,162867,California
Tulare,2021-05-15,1568,289322,884,162141,637,118882,47,8299,663,30353,897,133218,704,163571,California
Tulare,2021-05-16,699,290021,558,162699,129,119011,12,8311,325,30318,372,133590,337,163908,California
Tulare,2021-05-17,1568,291589,984,163683,510,119521,74,8385,745,30322,815,134405,819,164727,California
Tulare,2021-05-18,1587,293176,861,164544,673,120194,53,8438,786,30363,796,135201,837,165564,California
Tulare,2021-05-19,1483,294659,955,165499,494,120688,34,8472,759,30440,716,135917,793,166357,California
Tulare,2021-05-20,1592,296251,1075,166574,430,121118,87,8559,761,30461,827,136744,848,167205,California
Tulare,2021-05-21,1953,298204,1424,167998,487,121605,42,8601,1061,30680,884,137628,1103,168308,California
Tulare,2021-05-22,1614,299818,1148,169146,443,122048,23,8624,607,30312,999,138627,631,168939,California
Tulare,2021-05-23,412,300230,327,169473,75,122123,10,8634,208,30328,202,138829,218,169157,California
Tulare,2021-05-24,938,301168,579,170052,299,122422,60,8694,419,30290,517,139346,479,169636,California
Tulare,2021-05-25,1187,302355,703,170755,452,122874,32,8726,506,30153,675,140021,538,170174,California
Tulare,2021-05-26,885,303240,488,171243,355,123229,42,8768,395,30103,486,140507,436,170610,California
Tulare,2021-05-27,1276,304516,806,172049,439,123668,31,8799,586,30035,687,141194,619,171229,California
Tulare,2021-05-28,1189,305705,659,172708,481,124149,49,8848,624,30148,559,141753,672,171901,California
Tulare,2021-05-29,882,306587,653,173361,209,124358,20,8868,502,30292,378,142131,522,172423,California
Tulare,2021-05-30,285,306872,206,173567,71,124429,8,8876,163,30343,120,142251,171,172594,California
Tulare,2021-05-31,132,307004,52,173619,69,124498,11,8887,55,30333,76,142327,66,172660,California
Tulare,2021-06-01,1058,308062,627,174246,400,124898,31,8918,384,30081,666,142993,414,173074,California
Tulare,2021-06-02,795,308857,467,174713,295,125193,33,8951,354,30036,430,143423,385,173459,California
Tulare,2021-06-03,1139,309996,810,175523,272,125465,57,9008,390,29753,729,144152,446,173905,California
Tulare,2021-06-04,1169,311165,831,176354,306,125771,32,9040,360,29341,804,144956,392,174297,California
Tulare,2021-06-05,885,312050,698,177052,172,125943,15,9055,302,29077,581,145537,317,174614,California
Tulare,2021-06-06,420,312470,356,177408,46,125989,18,9073,138,28952,281,145818,156,174770,California
Tulare,2021-06-07,882,313352,694,178102,153,126142,35,9108,277,28661,602,146420,311,175081,California
Tulare,2021-06-08,1050,314402,777,178879,213,126355,60,9168,351,28378,694,147114,411,175492,California
Tulare,2021-06-09,1086,315488,757,179636,293,126648,36,9204,344,28020,736,147850,378,175870,California
Tulare,2021-06-10,1102,316590,886,180522,180,126828,36,9240,381,27717,719,148569,416,176286,California
Tulare,2021-06-11,1231,317821,882,181404,314,127142,35,9275,379,27289,842,149411,414,176700,California
Tulare,2021-06-12,958,318779,744,182148,203,127345,11,9286,335,27018,617,150028,346,177046,California
Tulare,2021-06-13,315,319094,226,182374,85,127430,4,9290,91,26890,223,150251,95,177141,California
Tulare,2021-06-14,770,319864,566,182940,179,127609,25,9315,296,26742,469,150720,321,177462,California
Tulare,2021-06-15,986,320850,668,183608,288,127897,30,9345,433,26659,546,151266,463,177925,California
Tulare,2021-06-16,860,321710,583,184191,226,128123,51,9396,377,26608,480,151746,429,178354,California
Tulare,2021-06-17,1026,322736,755,184946,241,128364,30,9426,411,26437,612,152358,441,178795,California
Tulare,2021-06-18,989,323725,696,185642,256,128620,37,9463,372,26230,615,152973,408,179203,California
Tulare,2021-06-19,849,324574,678,186320,158,128778,13,9476,388,26174,457,153430,401,179604,California
Tulare,2021-06-20,249,324823,186,186506,55,128833,8,9484,74,26083,174,153604,83,179687,California
Tulare,2021-06-21,522,325345,342,186848,149,128982,31,9515,304,26200,217,153821,334,180021,California
Tulare,2021-06-22,750,326095,514,187362,212,129194,24,9539,345,26170,399,154220,369,180390,California
Tulare,2021-06-23,736,326831,501,187863,209,129403,26,9565,401,26266,331,154551,427,180817,California
Tulare,2021-06-24,845,327676,638,188501,152,129555,55,9620,421,26321,421,154972,476,181293,California
Tulare,2021-06-25,848,328524,551,189052,277,129832,20,9640,441,26380,402,155374,461,181754,California
Tulare,2021-06-26,930,329454,733,189785,172,130004,25,9665,530,26538,397,155771,555,182309,California
Tulare,2021-06-27,246,329700,183,189968,56,130060,7,9672,115,26530,130,155901,122,182431,California
Tulare,2021-06-28,576,330276,434,190402,112,130172,30,9702,291,26568,282,156183,320,182751,California
Tulare,2021-06-29,713,330989,459,190861,212,130384,42,9744,335,26573,372,156555,377,183128,California
Tulare,2021-06-30,681,331670,465,191326,188,130572,28,9772,372,26665,306,156861,398,183526,California
Tulare,2021-07-01,799,332469,599,191925,171,130743,29,9801,382,26666,410,157271,411,183937,California
Tulare,2021-07-02,717,333186,503,192428,198,130941,16,9817,377,26726,334,157605,394,184331,California
Tulare,2021-07-03,454,333640,329,192757,116,131057,9,9826,220,26726,229,157834,229,184560,California
Tulare,2021-07-04,12,333652,1,192758,10,131067,1,9827,6,26727,6,157840,7,184567,California
Tuolumne,2020-12-16,47,47,47,47,0,0,0,0,47,47,0,0,47,47,California
Tuolumne,2020-12-17,18,65,18,65,0,0,0,0,18,65,0,0,18,65,California
Tuolumne,2020-12-18,101,166,100,165,1,1,0,0,101,166,0,0,101,166,California
Tuolumne,2020-12-19,5,171,5,170,0,1,0,0,5,171,0,0,5,171,California
Tuolumne,2020-12-20,2,173,2,172,0,1,0,0,2,173,0,0,2,173,California
Tuolumne,2020-12-21,115,288,101,273,14,15,0,0,115,288,0,0,115,288,California
Tuolumne,2020-12-22,172,460,172,445,0,15,0,0,172,460,0,0,172,460,California
Tuolumne,2020-12-23,185,645,183,628,2,17,0,0,185,645,0,0,185,645,California
Tuolumne,2020-12-25,1,646,1,629,0,17,0,0,1,646,0,0,1,646,California
Tuolumne,2020-12-26,2,648,2,631,0,17,0,0,2,648,0,0,2,648,California
Tuolumne,2020-12-28,75,723,73,704,2,19,0,0,75,723,0,0,75,723,California
Tuolumne,2020-12-29,102,825,38,742,64,83,0,0,102,825,0,0,102,825,California
Tuolumne,2020-12-30,77,902,22,764,55,138,0,0,77,902,0,0,77,902,California
Tuolumne,2020-12-31,27,929,20,784,7,145,0,0,27,929,0,0,27,929,California
Tuolumne,2021-01-01,6,935,5,789,1,146,0,0,6,935,0,0,6,935,California
Tuolumne,2021-01-02,120,1055,117,906,3,149,0,0,120,1055,0,0,120,1055,California
Tuolumne,2021-01-03,2,1057,2,908,0,149,0,0,2,1057,0,0,2,1057,California
Tuolumne,2021-01-04,69,1126,26,934,43,192,0,0,69,1126,0,0,69,1126,California
Tuolumne,2021-01-05,94,1220,28,962,66,258,0,0,91,1215,3,3,92,1218,California
Tuolumne,2021-01-06,132,1352,71,1033,61,319,0,0,68,1219,64,67,68,1286,California
Tuolumne,2021-01-07,120,1472,64,1097,56,375,0,0,64,1227,56,123,64,1350,California
Tuolumne,2021-01-08,106,1578,82,1179,24,399,0,0,27,1178,78,201,29,1379,California
Tuolumne,2021-01-09,2,1580,0,1179,2,401,0,0,2,1180,0,201,2,1381,California
Tuolumne,2021-01-10,3,1583,1,1180,2,403,0,0,3,1183,0,201,3,1384,California
Tuolumne,2021-01-11,117,1700,91,1271,26,429,0,0,35,1136,82,283,35,1419,California
Tuolumne,2021-01-12,102,1802,86,1357,16,445,0,0,18,1070,84,367,18,1437,California
Tuolumne,2021-01-13,231,2033,125,1482,106,551,0,0,182,1204,49,416,183,1620,California
Tuolumne,2021-01-14,148,2181,108,1590,40,591,0,0,43,1143,104,520,43,1663,California
Tuolumne,2021-01-15,474,2655,73,1663,401,992,0,0,411,1492,62,582,411,2074,California
Tuolumne,2021-01-16,7,2662,3,1666,4,996,0,0,6,1497,1,583,6,2080,California
Tuolumne,2021-01-17,8,2670,4,1670,4,1000,0,0,8,1505,0,583,8,2088,California
Tuolumne,2021-01-18,47,2717,38,1708,9,1009,0,0,10,1479,36,619,10,2098,California
Tuolumne,2021-01-19,479,3196,72,1780,407,1416,0,0,435,1870,44,663,435,2533,California
Tuolumne,2021-01-20,76,3272,58,1838,18,1434,0,0,24,1843,51,714,24,2557,California
Tuolumne,2021-01-21,58,3330,24,1862,34,1468,0,0,42,1869,16,730,42,2599,California
Tuolumne,2021-01-22,172,3502,17,1879,155,1623,0,0,164,2025,8,738,164,2763,California
Tuolumne,2021-01-23,653,4155,131,2010,522,2145,0,0,543,2474,110,848,559,3322,California
Tuolumne,2021-01-24,525,4680,2,2012,523,2668,0,0,521,2994,4,852,524,3846,California
Tuolumne,2021-01-25,51,4731,28,2040,23,2691,0,0,25,2994,26,878,26,3872,California
Tuolumne,2021-01-26,81,4812,68,2108,13,2704,0,0,40,2994,41,919,41,3913,California
Tuolumne,2021-01-27,61,4873,4,2112,57,2761,0,0,9,2952,51,970,9,3922,California
Tuolumne,2021-01-28,27,4900,6,2118,21,2782,0,0,18,2961,9,979,18,3940,California
Tuolumne,2021-01-29,74,4974,5,2123,69,2851,0,0,36,2959,38,1017,36,3976,California
Tuolumne,2021-01-30,723,5697,561,2684,162,3013,0,0,698,3651,25,1042,717,4693,California
Tuolumne,2021-01-31,9,5706,2,2686,7,3020,0,0,6,3654,3,1045,6,4699,California
Tuolumne,2021-02-01,27,5733,7,2693,20,3040,0,0,24,3675,3,1048,24,4723,California
Tuolumne,2021-02-02,656,6389,49,2742,607,3647,0,0,642,4307,11,1059,643,5366,California
Tuolumne,2021-02-03,247,6636,112,2854,135,3782,0,0,93,4246,154,1213,93,5459,California
Tuolumne,2021-02-04,126,6762,14,2868,112,3894,0,0,64,4248,62,1275,64,5523,California
Tuolumne,2021-02-05,104,6866,14,2882,90,3984,0,0,39,4223,64,1339,39,5562,California
Tuolumne,2021-02-06,872,7738,593,3475,279,4263,0,0,862,5081,10,1349,868,6430,California
Tuolumne,2021-02-07,8,7746,4,3479,4,4267,0,0,4,5081,4,1353,4,6434,California
Tuolumne,2021-02-08,95,7841,43,3522,52,4319,0,0,70,5126,25,1378,70,6504,California
Tuolumne,2021-02-09,864,8705,51,3573,813,5132,0,0,822,5906,42,1420,822,7326,California
Tuolumne,2021-02-10,96,8801,18,3591,78,5210,0,0,33,5878,61,1481,33,7359,California
Tuolumne,2021-02-11,148,8949,68,3659,80,5290,0,0,82,5894,66,1547,82,7441,California
Tuolumne,2021-02-12,652,9601,22,3681,630,5920,0,0,212,5667,439,1986,212,7653,California
Tuolumne,2021-02-13,159,9760,46,3727,113,6033,0,0,123,5755,35,2021,123,7776,California
Tuolumne,2021-02-14,152,9912,14,3741,138,6171,0,0,151,5905,1,2022,151,7927,California
Tuolumne,2021-02-15,189,10101,11,3752,178,6349,0,0,180,6076,9,2031,180,8107,California
Tuolumne,2021-02-16,533,10634,18,3770,515,6864,0,0,124,5797,405,2436,126,8233,California
Tuolumne,2021-02-17,112,10746,64,3834,48,6912,0,0,62,5810,49,2485,62,8295,California
Tuolumne,2021-02-18,689,11435,30,3864,659,7571,0,0,637,6396,52,2537,638,8933,California
Tuolumne,2021-02-19,147,11582,25,3889,122,7693,0,0,46,6341,101,2638,46,8979,California
Tuolumne,2021-02-20,914,12496,344,4233,570,8263,0,0,386,6221,510,3148,390,9369,California
Tuolumne,2021-02-21,991,13487,43,4276,948,9211,0,0,476,6192,511,3659,482,9851,California
Tuolumne,2021-02-22,82,13569,60,4336,22,9233,0,0,47,6206,33,3692,47,9898,California
Tuolumne,2021-02-23,49,13618,25,4361,24,9257,0,0,25,6208,23,3715,25,9923,California
Tuolumne,2021-02-24,104,13722,57,4418,47,9304,0,0,40,6186,63,3778,41,9964,California
Tuolumne,2021-02-25,1059,14781,36,4454,1023,10327,0,0,1024,7176,35,3813,1025,10989,California
Tuolumne,2021-02-26,154,14935,12,4466,142,10469,0,0,124,7271,30,3843,125,11114,California
Tuolumne,2021-02-27,963,15898,584,5050,379,10848,0,0,247,6827,696,4539,252,11366,California
Tuolumne,2021-02-28,56,15954,4,5054,52,10900,0,0,52,6876,3,4542,52,11418,California
Tuolumne,2021-03-01,121,16075,22,5076,98,10998,1,1,79,6916,41,4583,81,11499,California
Tuolumne,2021-03-02,715,16790,79,5155,636,11634,0,1,109,6420,605,5188,109,11608,California
Tuolumne,2021-03-03,97,16887,22,5177,75,11709,0,1,65,6454,31,5219,65,11673,California
Tuolumne,2021-03-04,1177,18064,77,5254,1100,12809,0,1,1108,7495,67,5286,1108,12781,California
Tuolumne,2021-03-05,93,18157,10,5264,83,12892,0,1,52,7508,40,5326,53,12834,California
Tuolumne,2021-03-06,1069,19226,610,5874,457,13349,2,3,201,6856,860,6186,208,13042,California
Tuolumne,2021-03-07,41,19267,12,5886,14,13363,15,18,18,6866,23,6209,33,13075,California
Tuolumne,2021-03-08,200,19467,91,5977,102,13465,7,25,142,6956,58,6267,148,13223,California
Tuolumne,2021-03-09,875,20342,19,5996,845,14310,11,36,66,6231,802,7069,77,13300,California
Tuolumne,2021-03-10,101,20443,19,6015,71,14381,11,47,54,6249,47,7116,65,13365,California
Tuolumne,2021-03-11,1308,21751,45,6060,1257,15638,6,53,1256,7460,52,7168,1263,14628,California
Tuolumne,2021-03-12,317,22068,44,6104,258,15896,15,68,191,7545,124,7292,209,14837,California
Tuolumne,2021-03-13,119,22187,12,6116,107,16003,0,68,83,7594,35,7327,84,14921,California
Tuolumne,2021-03-14,149,22336,10,6126,130,16133,9,77,6,7471,143,7470,20,14941,California
Tuolumne,2021-03-15,305,22641,83,6209,219,16352,3,80,104,7386,200,7670,115,15056,California
Tuolumne,2021-03-16,812,23453,41,6250,760,17112,11,91,673,7933,138,7808,685,15741,California
Tuolumne,2021-03-17,156,23609,33,6283,110,17222,13,104,79,7949,76,7884,92,15833,California
Tuolumne,2021-03-18,953,24562,27,6310,912,18134,14,118,316,7647,632,8516,330,16163,California
Tuolumne,2021-03-19,138,24700,19,6329,89,18223,30,148,75,7690,62,8578,105,16268,California
Tuolumne,2021-03-20,93,24793,8,6337,75,18298,10,158,38,7683,54,8632,47,16315,California
Tuolumne,2021-03-21,843,25636,395,6732,438,18736,10,168,38,6944,789,9421,50,16365,California
Tuolumne,2021-03-22,167,25803,75,6807,73,18809,19,187,97,6992,69,9490,117,16482,California
Tuolumne,2021-03-23,717,26520,641,7448,62,18871,14,201,678,7645,38,9528,691,17173,California
Tuolumne,2021-03-24,112,26632,22,7470,72,18943,18,219,78,7708,33,9561,96,17269,California
Tuolumne,2021-03-25,1303,27935,24,7494,1276,20219,3,222,325,7063,973,10534,328,17597,California
Tuolumne,2021-03-26,281,28216,19,7513,238,20457,24,246,119,7057,150,10684,144,17741,California
Tuolumne,2021-03-27,588,28804,55,7568,533,20990,0,246,318,7113,265,10949,321,18062,California
Tuolumne,2021-03-28,47,28851,6,7574,41,21031,0,246,8,7084,38,10987,9,18071,California
Tuolumne,2021-03-29,210,29061,87,7661,123,21154,0,246,111,7099,96,11083,111,18182,California
Tuolumne,2021-03-30,170,29231,13,7674,156,21310,1,247,124,7179,45,11128,125,18307,California
Tuolumne,2021-03-31,97,29328,14,7688,81,21391,2,249,40,7166,55,11183,42,18349,California
Tuolumne,2021-04-01,1254,30582,30,7718,1224,22615,0,249,229,6373,1022,12205,229,18578,California
Tuolumne,2021-04-02,171,30753,12,7730,133,22748,26,275,93,6417,75,12280,119,18697,California
Tuolumne,2021-04-03,437,31190,36,7766,399,23147,2,277,245,6474,189,12469,246,18943,California
Tuolumne,2021-04-04,34,31224,4,7770,30,23177,0,277,21,6484,11,12480,21,18964,California
Tuolumne,2021-04-05,131,31355,19,7789,105,23282,7,284,58,6476,73,12553,65,19029,California
Tuolumne,2021-04-06,655,32010,518,8307,110,23392,27,311,518,6886,136,12689,546,19575,California
Tuolumne,2021-04-07,130,32140,38,8345,75,23467,17,328,50,6873,80,12769,67,19642,California
Tuolumne,2021-04-08,1454,33594,36,8381,1403,24870,15,343,251,5941,1198,13967,266,19908,California
Tuolumne,2021-04-09,279,33873,44,8425,190,25060,45,388,133,5976,146,14113,181,20089,California
Tuolumne,2021-04-10,56,33929,2,8427,34,25094,20,408,23,5987,32,14145,43,20132,California
Tuolumne,2021-04-11,18,33947,3,8430,12,25106,3,411,12,5996,6,14151,15,20147,California
Tuolumne,2021-04-12,172,34119,66,8496,101,25207,5,416,89,6012,78,14229,94,20241,California
Tuolumne,2021-04-13,790,34909,35,8531,755,25962,0,416,171,5572,611,14840,171,20412,California
Tuolumne,2021-04-14,159,35068,32,8563,127,26089,0,416,79,5576,76,14916,80,20492,California
Tuolumne,2021-04-15,346,35414,22,8585,324,26413,0,416,61,5359,278,15194,61,20553,California
Tuolumne,2021-04-16,261,35675,56,8641,205,26618,0,416,143,5395,108,15302,144,20697,California
Tuolumne,2021-04-17,44,35719,6,8647,38,26656,0,416,28,5407,16,15318,28,20725,California
Tuolumne,2021-04-18,10,35729,3,8650,7,26663,0,416,5,5408,5,15323,6,20731,California
Tuolumne,2021-04-19,177,35906,79,8729,98,26761,0,416,97,5427,78,15401,97,20828,California
Tuolumne,2021-04-20,714,36620,618,9347,96,26857,0,416,75,4871,631,16032,75,20903,California
Tuolumne,2021-04-21,123,36743,28,9375,95,26952,0,416,65,4884,52,16084,65,20968,California
Tuolumne,2021-04-22,711,37454,46,9421,665,27617,0,416,429,5042,272,16356,430,21398,California
Tuolumne,2021-04-23,179,37633,31,9452,148,27765,0,416,82,5034,91,16447,83,21481,California
Tuolumne,2021-04-24,79,37712,18,9470,61,27826,0,416,50,5055,29,16476,50,21531,California
Tuolumne,2021-04-25,26,37738,10,9480,16,27842,0,416,23,5075,3,16479,23,21554,California
Tuolumne,2021-04-26,159,37897,56,9536,103,27945,0,416,74,5067,83,16562,75,21629,California
Tuolumne,2021-04-27,144,38041,23,9559,114,28059,7,423,65,5063,76,16638,72,21701,California
Tuolumne,2021-04-28,120,38161,24,9583,84,28143,12,435,63,5082,56,16694,75,21776,California
Tuolumne,2021-04-29,285,38446,21,9604,256,28399,8,443,57,4923,224,16918,65,21841,California
Tuolumne,2021-04-30,373,38819,26,9630,335,28734,12,455,73,4712,296,17214,85,21926,California
Tuolumne,2021-05-01,25,38844,7,9637,13,28747,5,460,16,4724,9,17223,21,21947,California
Tuolumne,2021-05-02,26,38870,3,9640,21,28768,2,462,19,4738,7,17230,21,21968,California
Tuolumne,2021-05-03,111,38981,15,9655,91,28859,5,467,37,4708,72,17302,42,22010,California
Tuolumne,2021-05-04,709,39690,601,10256,103,28962,5,472,214,4433,493,17795,218,22228,California
Tuolumne,2021-05-05,110,39800,26,10282,78,29040,6,478,58,4448,49,17844,64,22292,California
Tuolumne,2021-05-06,292,40092,15,10297,261,29301,16,494,43,4262,244,18088,58,22350,California
Tuolumne,2021-05-07,329,40421,25,10322,296,29597,8,502,63,4068,265,18353,71,22421,California
Tuolumne,2021-05-08,50,40471,6,10328,40,29637,4,506,32,4086,18,18371,36,22457,California
Tuolumne,2021-05-09,17,40488,2,10330,13,29650,2,508,3,4077,14,18385,5,22462,California
Tuolumne,2021-05-10,114,40602,45,10375,64,29714,5,513,32,4033,81,18466,37,22499,California
Tuolumne,2021-05-11,204,40806,61,10436,131,29845,12,525,55,3953,147,18613,67,22566,California
Tuolumne,2021-05-12,134,40940,23,10459,107,29952,4,529,51,3925,83,18696,55,22621,California
Tuolumne,2021-05-13,117,41057,19,10478,90,30042,8,537,73,3961,44,18740,80,22701,California
Tuolumne,2021-05-14,207,41264,76,10554,120,30162,11,548,107,3981,98,18838,118,22819,California
Tuolumne,2021-05-15,59,41323,16,10570,36,30198,7,555,20,3970,39,18877,28,22847,California
Tuolumne,2021-05-16,28,41351,8,10578,18,30216,2,557,13,3971,14,18891,15,22862,California
Tuolumne,2021-05-17,110,41461,30,10608,77,30293,3,560,47,3959,63,18954,51,22913,California
Tuolumne,2021-05-18,181,41642,57,10665,77,30370,47,607,60,3946,120,19074,107,23020,California
Tuolumne,2021-05-19,118,41760,20,10685,65,30435,33,640,46,3953,72,19146,79,23099,California
Tuolumne,2021-05-20,411,42171,21,10706,383,30818,7,647,52,3655,357,19503,59,23158,California
Tuolumne,2021-05-21,200,42371,94,10800,101,30919,5,652,119,3700,79,19582,124,23282,California
Tuolumne,2021-05-22,57,42428,18,10818,33,30952,6,658,24,3697,32,19614,29,23311,California
Tuolumne,2021-05-23,27,42455,7,10825,19,30971,1,659,10,3691,17,19631,11,23322,California
Tuolumne,2021-05-24,138,42593,43,10868,89,31060,6,665,53,3666,84,19715,59,23381,California
Tuolumne,2021-05-25,297,42890,222,11090,69,31129,6,671,111,3599,184,19899,117,23498,California
Tuolumne,2021-05-26,87,42977,23,11113,63,31192,1,672,37,3587,50,19949,38,23536,California
Tuolumne,2021-05-27,76,43053,15,11128,59,31251,2,674,31,3576,44,19993,33,23569,California
Tuolumne,2021-05-28,111,43164,51,11179,59,31310,1,675,64,3597,44,20037,65,23634,California
Tuolumne,2021-05-29,38,43202,7,11186,25,31335,6,681,17,3599,21,20058,23,23657,California
Tuolumne,2021-05-30,18,43220,1,11187,14,31349,3,684,4,3592,14,20072,7,23664,California
Tuolumne,2021-05-31,10,43230,2,11189,7,31356,1,685,2,3587,8,20080,3,23667,California
Tuolumne,2021-06-01,79,43309,22,11211,53,31409,4,689,25,3563,53,20133,29,23696,California
Tuolumne,2021-06-02,74,43383,8,11219,58,31467,8,697,23,3544,50,20183,31,23727,California
Tuolumne,2021-06-03,75,43458,25,11244,35,31502,15,712,23,3532,50,20233,38,23765,California
Tuolumne,2021-06-04,131,43589,62,11306,66,31568,3,715,38,3482,91,20324,41,23806,California
Tuolumne,2021-06-05,43,43632,11,11317,30,31598,2,717,17,3475,26,20350,19,23825,California
Tuolumne,2021-06-06,19,43651,5,11322,7,31605,7,724,4,3471,15,20365,11,23836,California
Tuolumne,2021-06-07,59,43710,14,11336,37,31642,8,732,26,3472,33,20398,34,23870,California
Tuolumne,2021-06-08,74,43784,22,11358,51,31693,1,733,27,3455,45,20443,28,23898,California
Tuolumne,2021-06-09,87,43871,45,11403,32,31725,10,743,40,3459,46,20489,50,23948,California
Tuolumne,2021-06-10,98,43969,15,11418,76,31801,7,750,27,3422,71,20560,34,23982,California
Tuolumne,2021-06-11,103,44072,48,11466,52,31853,3,753,25,3373,77,20637,28,24010,California
Tuolumne,2021-06-12,61,44133,20,11486,25,31878,16,769,18,3366,41,20678,34,24044,California
Tuolumne,2021-06-13,17,44150,2,11488,10,31888,5,774,3,3360,14,20692,8,24052,California
Tuolumne,2021-06-14,100,44250,33,11521,63,31951,4,778,52,3368,48,20740,56,24108,California
Tuolumne,2021-06-15,130,44380,82,11603,39,31990,9,787,21,3291,107,20847,30,24138,California
Tuolumne,2021-06-16,96,44476,47,11650,46,32036,3,790,54,3307,41,20888,57,24195,California
Tuolumne,2021-06-17,45,44521,10,11660,34,32070,1,791,17,3297,28,20916,18,24213,California
Tuolumne,2021-06-18,172,44693,95,11755,63,32133,14,805,61,3261,110,21026,74,24287,California
Tuolumne,2021-06-19,25,44718,9,11764,13,32146,3,808,10,3259,15,21041,13,24300,California
Tuolumne,2021-06-20,13,44731,2,11766,11,32157,0,808,10,3266,3,21044,10,24310,California
Tuolumne,2021-06-21,40,44771,4,11770,35,32192,1,809,20,3267,20,21064,21,24331,California
Tuolumne,2021-06-22,45,44816,11,11781,34,32226,0,809,22,3267,22,21086,22,24353,California
Tuolumne,2021-06-23,62,44878,5,11786,37,32263,20,829,26,3277,36,21122,46,24399,California
Tuolumne,2021-06-24,46,44924,14,11800,26,32289,6,835,17,3272,29,21151,24,24423,California
Tuolumne,2021-06-25,52,44976,28,11828,19,32308,5,840,27,3278,25,21176,31,24454,California
Tuolumne,2021-06-26,12,44988,5,11833,7,32315,0,840,7,3280,5,21181,7,24461,California
Tuolumne,2021-06-27,7,44995,2,11835,5,32320,0,840,7,3287,0,21181,7,24468,California
Tuolumne,2021-06-28,31,45026,11,11846,15,32335,5,845,21,3303,10,21191,26,24494,California
Tuolumne,2021-06-29,27,45053,10,11856,15,32350,2,847,15,3308,12,21203,17,24511,California
Tuolumne,2021-06-30,69,45122,32,11888,36,32386,1,848,18,3277,50,21253,19,24530,California
Tuolumne,2021-07-01,31,45153,10,11898,14,32400,7,855,18,3289,13,21266,25,24555,California
Tuolumne,2021-07-02,53,45206,21,11919,26,32426,6,861,37,3316,16,21282,43,24598,California
Tuolumne,2021-07-03,8,45214,4,11923,4,32430,0,861,5,3318,3,21285,5,24603,California
Ventura,2020-12-15,5,5,5,5,0,0,0,0,5,5,0,0,5,5,California
Ventura,2020-12-16,75,80,75,80,0,0,0,0,75,80,0,0,75,80,California
Ventura,2020-12-17,315,395,315,395,0,0,0,0,315,395,0,0,315,395,California
Ventura,2020-12-18,1599,1994,1599,1994,0,0,0,0,1599,1994,0,0,1599,1994,California
Ventura,2020-12-19,987,2981,986,2980,1,1,0,0,987,2981,0,0,987,2981,California
Ventura,2020-12-20,458,3439,458,3438,0,1,0,0,458,3439,0,0,458,3439,California
Ventura,2020-12-21,1516,4955,1516,4954,0,1,0,0,1516,4955,0,0,1516,4955,California
Ventura,2020-12-22,1159,6114,1153,6107,6,7,0,0,1159,6114,0,0,1159,6114,California
Ventura,2020-12-23,1088,7202,1038,7145,50,57,0,0,1088,7202,0,0,1088,7202,California
Ventura,2020-12-24,478,7680,378,7523,100,157,0,0,478,7680,0,0,478,7680,California
Ventura,2020-12-25,12,7692,7,7530,5,162,0,0,12,7692,0,0,12,7692,California
Ventura,2020-12-26,112,7804,91,7621,21,183,0,0,112,7804,0,0,112,7804,California
Ventura,2020-12-27,59,7863,27,7648,32,215,0,0,59,7863,0,0,59,7863,California
Ventura,2020-12-28,1093,8956,950,8598,143,358,0,0,1093,8956,0,0,1093,8956,California
Ventura,2020-12-29,1186,10142,776,9374,410,768,0,0,1185,10141,0,0,1185,10141,California
Ventura,2020-12-30,1998,12140,1531,10905,467,1235,0,0,1998,12139,0,0,1998,12139,California
Ventura,2020-12-31,486,12626,165,11070,321,1556,0,0,481,12615,5,5,481,12620,California
Ventura,2021-01-01,41,12667,19,11089,22,1578,0,0,41,12656,0,5,41,12661,California
Ventura,2021-01-02,176,12843,81,11170,95,1673,0,0,176,12832,0,5,176,12837,California
Ventura,2021-01-03,19,12862,8,11178,11,1684,0,0,19,12851,0,5,19,12856,California
Ventura,2021-01-04,1034,13896,493,11671,541,2225,0,0,1032,13883,0,5,1032,13888,California
Ventura,2021-01-05,1380,15276,783,12454,597,2822,0,0,1268,15042,109,114,1268,15156,California
Ventura,2021-01-06,2071,17347,1188,13642,883,3705,0,0,1570,16122,492,606,1572,16728,California
Ventura,2021-01-07,2084,19431,1333,14975,751,4456,0,0,1040,16124,1039,1645,1041,17769,California
Ventura,2021-01-08,2204,21635,1477,16452,727,5183,0,0,908,15740,1294,2939,910,18679,California
Ventura,2021-01-09,724,22359,503,16955,221,5404,0,0,318,15652,406,3345,318,18997,California
Ventura,2021-01-10,343,22702,326,17281,17,5421,0,0,129,15567,214,3559,129,19126,California
Ventura,2021-01-11,2461,25163,1493,18774,968,6389,0,0,1508,16126,953,4512,1512,20638,California
Ventura,2021-01-12,3053,28216,1616,20390,1437,7826,0,0,1934,16941,1119,5631,1934,22572,California
Ventura,2021-01-13,2948,31164,1435,21825,1513,9339,0,0,2038,18073,907,6538,2039,24611,California
Ventura,2021-01-14,2793,33957,1106,22931,1687,11026,0,0,2330,19942,462,7000,2331,26942,California
Ventura,2021-01-15,2901,36858,969,23900,1932,12958,0,0,2687,22416,214,7214,2688,29630,California
Ventura,2021-01-16,491,37349,188,24088,303,13261,0,0,411,22747,80,7294,411,30041,California
Ventura,2021-01-17,269,37618,140,24228,129,13390,0,0,262,23003,6,7300,262,30303,California
Ventura,2021-01-18,2221,39839,1667,25895,554,13944,0,0,1670,24124,550,7850,1671,31974,California
Ventura,2021-01-19,3063,42902,2132,28027,931,14875,0,0,2151,25366,912,8762,2154,34128,California
Ventura,2021-01-20,4182,47084,3215,31242,967,15842,0,0,3085,27359,1093,9855,3086,37214,California
Ventura,2021-01-21,3892,50976,2709,33951,1183,17025,0,0,3208,29893,676,10531,3210,40424,California
Ventura,2021-01-22,3645,54621,2510,36461,1135,18160,0,0,3477,33202,168,10699,3477,43901,California
Ventura,2021-01-23,1193,55814,652,37113,541,18701,0,0,1092,34196,100,10799,1094,44995,California
Ventura,2021-01-24,458,56272,136,37249,322,19023,0,0,445,34628,13,10812,445,45440,California
Ventura,2021-01-25,3178,59450,2039,39288,1139,20162,0,0,2617,36686,560,11372,2618,48058,California
Ventura,2021-01-26,3737,63187,2212,41500,1525,21687,0,0,2726,38406,1007,12379,2727,50785,California
Ventura,2021-01-27,3504,66691,1568,43068,1936,23623,0,0,2750,40408,750,13129,2752,53537,California
Ventura,2021-01-28,3903,70594,2005,45073,1898,25521,0,0,3277,43078,610,13739,3280,56817,California
Ventura,2021-01-29,4302,74896,2537,47610,1765,27286,0,0,3790,46370,498,14237,3790,60607,California
Ventura,2021-01-30,3046,77942,1955,49565,1091,28377,0,0,2872,49073,170,14407,2873,63480,California
Ventura,2021-01-31,835,78777,443,50008,392,28769,0,0,746,49731,88,14495,746,64226,California
Ventura,2021-02-01,3989,82766,2113,52121,1876,30645,0,0,3203,52158,778,15273,3205,67431,California
Ventura,2021-02-02,4449,87215,2380,54501,2069,32714,0,0,3412,54544,1029,16302,3415,70846,California
Ventura,2021-02-03,4489,91704,2097,56598,2392,35106,0,0,3458,56978,1026,17328,3460,74306,California
Ventura,2021-02-04,4833,96537,2312,58910,2521,37627,0,0,3547,59251,1278,18606,3551,77857,California
Ventura,2021-02-05,4922,101459,2390,61300,2532,40159,0,0,3374,61094,1534,20140,3377,81234,California
Ventura,2021-02-06,2862,104321,1522,62822,1340,41499,0,0,2456,63144,406,20546,2456,83690,California
Ventura,2021-02-07,748,105069,248,63070,500,41999,0,0,622,63641,126,20672,623,84313,California
Ventura,2021-02-08,3534,108603,1634,64704,1900,43899,0,0,2440,64996,1086,21758,2441,86754,California
Ventura,2021-02-09,4761,113364,1980,66684,2781,46680,0,0,2489,65220,2269,24027,2493,89247,California
Ventura,2021-02-10,4774,118138,2258,68942,2516,49196,0,0,2398,65257,2362,26389,2399,91646,California
Ventura,2021-02-11,4725,122863,1883,70825,2842,52038,0,0,2475,65493,2242,28631,2478,94124,California
Ventura,2021-02-12,6399,129262,2697,73522,3702,55740,0,0,3265,65631,3127,31758,3265,97389,California
Ventura,2021-02-13,3333,132595,1846,75368,1487,57227,0,0,1859,66022,1470,33228,1861,99250,California
Ventura,2021-02-14,1235,133830,126,75494,1109,58336,0,0,1015,66820,219,33447,1017,100267,California
Ventura,2021-02-15,4045,137875,1834,77328,2211,60547,0,0,2133,67047,1908,35355,2135,102402,California
Ventura,2021-02-16,5611,143486,2746,80074,2865,63412,0,0,3040,67527,2561,37916,3041,105443,California
Ventura,2021-02-17,5360,148846,1943,82017,3417,66829,0,0,3359,68895,1991,39907,3359,108802,California
Ventura,2021-02-18,5829,154675,1848,83865,3981,70810,0,0,3657,70396,2156,42063,3657,112459,California
Ventura,2021-02-19,6570,161245,3835,87700,2735,73545,0,0,3039,69917,3524,45587,3045,115504,California
Ventura,2021-02-20,5010,166255,3224,90924,1786,75331,0,0,2789,70506,2204,47791,2793,118297,California
Ventura,2021-02-21,1148,167403,842,91766,306,75637,0,0,475,70314,667,48458,475,118772,California
Ventura,2021-02-22,5681,173084,2529,94295,3152,78789,0,0,3625,71906,2035,50493,3627,122399,California
Ventura,2021-02-23,6172,179256,3063,97358,3109,81898,0,0,3532,72825,2617,53110,3536,125935,California
Ventura,2021-02-24,7198,186454,2646,100004,4552,86450,0,0,4322,74293,2856,55966,4324,130259,California
Ventura,2021-02-25,7630,194084,2581,102585,5049,91499,0,0,4587,75857,3028,58994,4592,134851,California
Ventura,2021-02-26,9482,203566,2784,105369,6698,98197,0,0,6173,78752,3282,62276,6177,141028,California
Ventura,2021-02-27,10623,214189,5298,110667,5325,103522,0,0,7967,84092,2637,64913,7977,149005,California
Ventura,2021-02-28,2582,216771,1649,112316,932,104454,1,1,2099,85717,475,65388,2100,151105,California
Ventura,2021-03-01,7183,223954,2862,115178,4318,108772,3,4,4767,88106,2394,67782,4783,155888,California
Ventura,2021-03-02,7747,231701,4049,119227,3696,112468,2,6,5425,91222,2310,70092,5426,161314,California
Ventura,2021-03-03,8717,240418,3933,123160,4781,117249,3,9,6134,94802,2561,72653,6141,167455,California
Ventura,2021-03-04,8326,248744,3890,127050,4436,121685,0,9,5610,97717,2700,75353,5615,173070,California
Ventura,2021-03-05,10110,258854,4819,131869,5279,126964,12,21,7187,102023,2906,78259,7212,180282,California
Ventura,2021-03-06,7805,266659,4406,136275,3245,130209,154,175,5815,106014,1982,80241,5973,186255,California
Ventura,2021-03-07,1671,268330,620,136895,950,131159,101,276,1251,106948,420,80661,1354,187609,California
Ventura,2021-03-08,6868,275198,3446,140341,3265,134424,157,433,4744,109740,2113,82774,4905,192514,California
Ventura,2021-03-09,6897,282095,3034,143375,3663,138087,200,633,3991,111047,2890,85664,4197,196711,California
Ventura,2021-03-10,7058,289153,3024,146399,3792,141879,242,875,4701,113648,2342,88006,4943,201654,California
Ventura,2021-03-11,6586,295739,2909,149308,3358,145237,319,1194,3583,114566,2983,90989,3901,205555,California
Ventura,2021-03-12,8762,304501,3061,152369,4856,150093,845,2039,4276,115218,4461,95450,5113,210668,California
Ventura,2021-03-13,7318,311819,2515,154884,3957,154050,846,2885,4341,117440,2963,98413,5185,215853,California
Ventura,2021-03-14,2146,313965,488,155372,1162,155212,496,3381,728,117249,1415,99828,1224,217077,California
Ventura,2021-03-15,7132,321097,2058,157430,3725,158937,1349,4730,3140,117772,3961,103789,4484,221561,California
Ventura,2021-03-16,8197,329294,2468,159898,4613,163550,1116,5846,4211,119127,3969,107758,5324,226885,California
Ventura,2021-03-17,7751,337045,2810,162708,4592,168142,349,6195,4706,121160,3023,110781,5056,231941,California
Ventura,2021-03-18,7612,344657,3310,166018,4149,172291,153,6348,5000,123715,2598,113379,5153,237094,California
Ventura,2021-03-19,8720,353377,3835,169853,4771,177062,114,6462,5287,125712,3402,116781,5399,242493,California
Ventura,2021-03-20,8939,362316,5956,175809,2960,180022,23,6485,4651,126126,4261,121042,4675,247168,California
Ventura,2021-03-21,2813,365129,1531,177340,910,180932,372,6857,1317,126329,1482,122524,1685,248853,California
Ventura,2021-03-22,7467,372596,3739,181079,3625,184557,103,6960,4911,128814,2531,125055,5016,253869,California
Ventura,2021-03-23,8298,380894,3955,185034,4270,188827,73,7033,4629,129886,3629,128684,4701,258570,California
Ventura,2021-03-24,8978,389872,3441,188475,5459,194286,78,7111,4442,129916,4494,133178,4524,263094,California
Ventura,2021-03-25,8878,398750,3934,192409,4840,199126,104,7215,4487,130138,4368,137546,4590,267684,California
Ventura,2021-03-26,9999,408749,3386,195795,5959,205085,654,7869,4019,128867,5941,143487,4670,272354,California
Ventura,2021-03-27,8803,417552,3952,199747,4808,209893,43,7912,2433,125015,6329,149816,2477,274831,California
Ventura,2021-03-28,2550,420102,1431,201178,1110,211003,9,7921,1377,125234,1167,150983,1386,276217,California
Ventura,2021-03-29,8663,428765,4327,205505,4290,215293,46,7967,4276,125202,4354,155337,4322,280539,California
Ventura,2021-03-30,9042,437807,4484,209989,4427,219720,131,8098,4396,125102,4627,159964,4527,285066,California
Ventura,2021-03-31,10871,448678,4881,214870,5361,225081,629,8727,4687,124264,6150,166114,5312,290378,California
Ventura,2021-04-01,10959,459637,5314,220184,4756,229837,889,9616,5535,125306,5375,171489,6417,296795,California
Ventura,2021-04-02,11880,471517,4672,224856,5863,235700,1345,10961,5697,126204,6145,177634,7043,303838,California
Ventura,2021-04-03,8165,479682,4044,228900,2942,238642,1179,12140,3445,126117,4702,182336,4615,308453,California
Ventura,2021-04-04,1723,481405,964,229864,624,239266,135,12275,1148,126832,568,182904,1283,309736,California
Ventura,2021-04-05,9482,490887,4885,234749,3476,242742,1121,13396,4837,128158,4629,187533,5955,315691,California
Ventura,2021-04-06,11028,501915,5581,240330,3946,246688,1501,14897,5663,129987,5335,192868,7164,322855,California
Ventura,2021-04-07,11528,513443,5422,245752,4591,251279,1515,16412,5265,130520,6241,199109,6774,329629,California
Ventura,2021-04-08,10510,523953,5307,251059,4219,255498,984,17396,5248,131504,5235,204344,6219,335848,California
Ventura,2021-04-09,11410,535363,4407,255466,5271,260769,1732,19128,4997,131839,6384,210728,6719,342567,California
Ventura,2021-04-10,9886,545249,4177,259643,3537,264306,2172,21300,3068,130276,6797,217525,5234,347801,California
Ventura,2021-04-11,2457,547706,862,260505,1017,265323,578,21878,688,129782,1758,219283,1264,349065,California
Ventura,2021-04-12,9125,556831,4542,265047,3748,269071,835,22713,3822,129151,5282,224565,4651,353716,California
Ventura,2021-04-13,8972,565803,4575,269622,4391,273462,6,22719,3791,127807,5141,229706,3797,357513,California
Ventura,2021-04-14,8908,574711,4149,273771,4744,278206,15,22734,3410,125783,5455,235161,3431,360944,California
Ventura,2021-04-15,9537,584248,4611,278382,4899,283105,27,22761,4104,124522,5393,240554,4132,365076,California
Ventura,2021-04-16,10364,594612,4579,282961,5783,288888,2,22763,4867,123927,5469,246023,4874,369950,California
Ventura,2021-04-17,9081,603693,5427,288388,3640,292528,14,22777,5284,125445,3780,249803,5298,375248,California
Ventura,2021-04-18,2243,605936,1104,289492,1139,293667,0,22777,969,125150,1265,251068,970,376218,California
Ventura,2021-04-19,8184,614120,4886,294378,3295,296962,3,22780,4699,126395,3458,254526,4703,380921,California
Ventura,2021-04-20,9595,623715,5105,299483,4485,301447,5,22785,4525,125885,5040,259566,4530,385451,California
Ventura,2021-04-21,9247,632962,4816,304299,4425,305872,6,22791,4426,125520,4796,264362,4431,389882,California
Ventura,2021-04-22,10212,643174,5591,309890,4620,310492,1,22792,4540,124415,5648,270010,4543,394425,California
Ventura,2021-04-23,11049,654223,5513,315403,5535,316027,1,22793,5493,124384,5526,275536,5495,399920,California
Ventura,2021-04-24,10585,664808,5917,321320,4668,320695,0,22793,6215,126251,4349,279885,6216,406136,California
Ventura,2021-04-25,2492,667300,1719,323039,773,321468,0,22793,1159,126081,1329,281214,1159,407295,California
Ventura,2021-04-26,8031,675331,4615,327654,3349,324817,67,22860,3339,124820,4662,285876,3401,410696,California
Ventura,2021-04-27,9220,684551,5149,332803,3843,328660,228,23088,3472,122793,5726,291602,3699,414395,California
Ventura,2021-04-28,8445,692996,4898,337701,3226,331886,321,23409,3313,121328,5100,296702,3635,418030,California
Ventura,2021-04-29,7966,700962,4298,341999,3404,335290,264,23673,2833,119320,5104,301806,3096,421126,California
Ventura,2021-04-30,9548,710510,5520,347519,3753,339043,275,23948,3936,117945,5576,307382,4201,425327,California
Ventura,2021-05-01,5155,715665,3644,351163,1404,340447,107,24055,2040,117003,3085,310467,2143,427470,California
Ventura,2021-05-02,2138,717803,1431,352594,616,341063,91,24146,1036,117035,1096,311563,1128,428598,California
Ventura,2021-05-03,6338,724141,3892,356486,2157,343220,289,24435,1982,114974,4332,315895,2271,430869,California
Ventura,2021-05-04,6459,730600,3381,359867,2780,346000,298,24733,2326,113481,4118,320013,2625,433494,California
Ventura,2021-05-05,5475,736075,3067,362934,2147,348147,261,24994,1957,112206,3486,323499,2211,435705,California
Ventura,2021-05-06,6246,742321,3221,366155,2756,350903,269,25263,1995,110241,4230,327729,2265,437970,California
Ventura,2021-05-07,6919,749240,3469,369624,3175,354078,275,25538,2356,108337,4534,332263,2630,440600,California
Ventura,2021-05-08,5419,754659,4216,373840,1045,355123,158,25696,1221,105532,4182,336445,1377,441977,California
Ventura,2021-05-09,1129,755788,822,374662,261,355384,46,25742,428,105312,693,337138,473,442450,California
Ventura,2021-05-10,6157,761945,4111,378773,1836,357220,210,25952,1385,102148,4758,341896,1594,444044,California
Ventura,2021-05-11,5357,767302,3305,382078,1828,359048,224,26176,1503,100032,3842,345738,1726,445770,California
Ventura,2021-05-12,5072,772374,2993,385071,1859,360907,220,26396,1535,98266,3521,349259,1755,447525,California
Ventura,2021-05-13,6372,778746,3861,388932,2304,363211,207,26603,2273,96668,4081,353340,2483,450008,California
Ventura,2021-05-14,7509,786255,4655,393587,2635,365846,219,26822,2832,95056,4658,357998,3046,453054,California
Ventura,2021-05-15,6755,793010,5391,398978,1276,367122,88,26910,2805,94026,3923,361921,2893,455947,California
Ventura,2021-05-16,2203,795213,1711,400689,440,367562,52,26962,1040,93960,1158,363079,1092,457039,California
Ventura,2021-05-17,5895,801108,3560,404249,2121,369683,214,27176,2403,93102,3474,366553,2616,459655,California
Ventura,2021-05-18,5421,806529,3168,407417,2073,371756,180,27356,2131,92141,3271,369824,2310,461965,California
Ventura,2021-05-19,5840,812369,3525,410942,2104,373860,211,27567,2357,91252,3453,373277,2564,464529,California
Ventura,2021-05-20,5495,817864,3050,413992,2287,376147,158,27725,2130,90203,3333,376610,2284,466813,California
Ventura,2021-05-21,7941,825805,4473,418465,3292,379439,176,27901,2560,87592,5348,381958,2737,469550,California
Ventura,2021-05-22,5649,831454,2888,421353,2686,382125,75,27976,1761,85550,3878,385836,1836,471386,California
Ventura,2021-05-23,1993,833447,1529,422882,392,382517,72,28048,743,85124,1241,387077,815,472201,California
Ventura,2021-05-24,4546,837993,2465,425347,1913,384430,168,28216,1450,83662,3077,390154,1615,473816,California
Ventura,2021-05-25,4295,842288,2229,427576,1914,386344,152,28368,1413,82363,2863,393017,1564,475380,California
Ventura,2021-05-26,4295,846583,2286,429862,1843,388187,166,28534,1653,81564,2619,395636,1820,477200,California
Ventura,2021-05-27,3874,850457,1911,431773,1835,390022,128,28662,1380,80590,2481,398117,1507,478707,California
Ventura,2021-05-28,4569,855026,2481,434254,1894,391916,194,28856,1977,80183,2572,400689,2165,480872,California
Ventura,2021-05-29,2154,857180,1349,435603,738,392654,67,28923,1042,80193,1099,401788,1109,481981,California
Ventura,2021-05-30,915,858095,585,436188,276,392930,54,28977,359,80054,551,402339,412,482393,California
Ventura,2021-05-31,257,858352,138,436326,110,393040,9,28986,61,79928,196,402535,70,482463,California
Ventura,2021-06-01,4015,862367,2284,438610,1565,394605,166,29152,1291,78686,2699,405234,1457,483920,California
Ventura,2021-06-02,2969,865336,1633,440243,1200,395805,136,29288,1007,77883,1946,407180,1143,485063,California
Ventura,2021-06-03,3246,868582,2008,442251,1083,396888,155,29443,884,76572,2349,409529,1038,486101,California
Ventura,2021-06-04,4593,873175,3023,445274,1409,398297,161,29604,1417,74987,3162,412691,1577,487678,California
Ventura,2021-06-05,3821,876996,3192,448466,565,398862,64,29668,1154,73552,2654,415345,1219,488897,California
Ventura,2021-06-06,1254,878250,1074,449540,135,398997,45,29713,284,72921,959,416304,328,489225,California
Ventura,2021-06-07,3170,881420,2360,451900,699,399696,111,29824,946,71769,2209,418513,1057,490282,California
Ventura,2021-06-08,3029,884449,1993,453893,901,400597,135,29959,885,70661,2128,420641,1020,491302,California
Ventura,2021-06-09,2944,887393,2048,455941,790,401387,106,30065,763,69362,2167,422808,868,492170,California
Ventura,2021-06-10,3034,890427,2122,458063,810,402197,102,30167,810,68061,2211,425019,910,493080,California
Ventura,2021-06-11,3478,893905,2395,460458,946,403143,137,30304,981,66690,2486,427505,1115,494195,California
Ventura,2021-06-12,2156,896061,1690,462148,420,403563,46,30350,516,65622,1630,429135,562,494757,California
Ventura,2021-06-13,1019,897080,781,462929,174,403737,64,30414,236,65143,781,429916,302,495059,California
Ventura,2021-06-14,2643,899723,1804,464733,708,404445,131,30545,814,64270,1817,431733,944,496003,California
Ventura,2021-06-15,2433,902156,1569,466302,753,405198,111,30656,849,63657,1571,433304,958,496961,California
Ventura,2021-06-16,2485,904641,1822,468124,558,405756,105,30761,829,62953,1637,434941,933,497894,California
Ventura,2021-06-17,2223,906864,1557,469681,566,406322,100,30861,818,62474,1397,436338,918,498812,California
Ventura,2021-06-18,2962,909826,2088,471769,749,407071,125,30986,977,61605,1970,438308,1101,499913,California
Ventura,2021-06-19,1375,911201,1064,472833,286,407357,25,31011,521,61308,843,439151,546,500459,California
Ventura,2021-06-20,692,911893,537,473370,114,407471,41,31052,260,61180,429,439580,301,500760,California
Ventura,2021-06-21,1682,913575,1076,474446,488,407959,118,31170,836,61297,836,440416,953,501713,California
Ventura,2021-06-22,1971,915546,1380,475826,492,408451,99,31269,737,60910,1222,441638,835,502548,California
Ventura,2021-06-23,1779,917325,1221,477047,452,408903,106,31375,738,60723,1030,442668,843,503391,California
Ventura,2021-06-24,1821,919146,1198,478245,504,409407,119,31494,723,60478,1087,443755,842,504233,California
Ventura,2021-06-25,2418,921564,1613,479858,630,410037,175,31669,879,60003,1529,445284,1054,505287,California
Ventura,2021-06-26,1552,923116,1264,481122,225,410262,63,31732,521,59563,1024,446308,584,505871,California
Ventura,2021-06-27,581,923697,452,481574,103,410365,26,31758,259,59529,319,446627,285,506156,California
Ventura,2021-06-28,1771,925468,1429,483003,245,410610,97,31855,722,59312,1036,447663,819,506975,California
Ventura,2021-06-29,1656,927124,1108,484111,457,411067,91,31946,683,59118,966,448629,772,507747,California
Ventura,2021-06-30,1566,928690,1109,485220,361,411428,96,32042,762,59176,797,449426,855,508602,California
Ventura,2021-07-01,1454,930144,1080,486300,299,411727,75,32117,622,59049,823,450249,696,509298,California
Ventura,2021-07-02,1735,931879,1211,487511,430,412157,94,32211,808,59031,920,451169,902,510200,California
Ventura,2021-07-03,888,932767,667,488178,187,412344,34,32245,443,59069,439,451608,477,510677,California
Ventura,2021-07-04,48,932815,32,488210,12,412356,4,32249,24,59073,24,451632,28,510705,California
Yolo,2020-12-15,39,39,39,39,0,0,0,0,39,39,0,0,39,39,California
Yolo,2020-12-16,78,117,78,117,0,0,0,0,78,117,0,0,78,117,California
Yolo,2020-12-17,105,222,105,222,0,0,0,0,105,222,0,0,105,222,California
Yolo,2020-12-18,230,452,230,452,0,0,0,0,230,452,0,0,230,452,California
Yolo,2020-12-19,87,539,87,539,0,0,0,0,87,539,0,0,87,539,California
Yolo,2020-12-20,102,641,102,641,0,0,0,0,102,641,0,0,102,641,California
Yolo,2020-12-21,254,895,254,895,0,0,0,0,254,895,0,0,254,895,California
Yolo,2020-12-22,385,1280,384,1279,1,1,0,0,385,1280,0,0,385,1280,California
Yolo,2020-12-23,438,1718,418,1697,20,21,0,0,438,1718,0,0,438,1718,California
Yolo,2020-12-24,153,1871,96,1793,57,78,0,0,153,1871,0,0,153,1871,California
Yolo,2020-12-25,1,1872,1,1794,0,78,0,0,1,1872,0,0,1,1872,California
Yolo,2020-12-26,75,1947,25,1819,50,128,0,0,75,1947,0,0,75,1947,California
Yolo,2020-12-27,46,1993,19,1838,27,155,0,0,46,1993,0,0,46,1993,California
Yolo,2020-12-28,404,2397,233,2071,171,326,0,0,404,2397,0,0,404,2397,California
Yolo,2020-12-29,491,2888,268,2339,223,549,0,0,491,2888,0,0,491,2888,California
Yolo,2020-12-30,626,3514,256,2595,370,919,0,0,626,3514,0,0,626,3514,California
Yolo,2020-12-31,183,3697,93,2688,90,1009,0,0,183,3697,0,0,183,3697,California
Yolo,2021-01-01,58,3755,56,2744,2,1011,0,0,58,3755,0,0,58,3755,California
Yolo,2021-01-02,71,3826,28,2772,43,1054,0,0,71,3826,0,0,71,3826,California
Yolo,2021-01-03,44,3870,19,2791,25,1079,0,0,44,3870,0,0,44,3870,California
Yolo,2021-01-04,192,4062,41,2832,151,1230,0,0,192,4062,0,0,192,4062,California
Yolo,2021-01-05,619,4681,238,3070,381,1611,0,0,555,4553,64,64,555,4617,California
Yolo,2021-01-06,484,5165,183,3253,301,1912,0,0,347,4763,137,201,347,4964,California
Yolo,2021-01-07,711,5876,233,3486,478,2390,0,0,519,5091,191,392,519,5483,California
Yolo,2021-01-08,631,6507,311,3797,320,2710,0,0,407,5275,223,615,407,5890,California
Yolo,2021-01-09,412,6919,73,3870,339,3049,0,0,366,5595,46,661,366,6256,California
Yolo,2021-01-10,394,7313,80,3950,314,3363,0,0,324,5849,70,731,324,6580,California
Yolo,2021-01-11,565,7878,329,4279,236,3599,0,0,290,5866,275,1006,292,6872,California
Yolo,2021-01-12,563,8441,443,4722,120,3719,0,0,194,5692,369,1375,195,7067,California
Yolo,2021-01-13,774,9215,313,5035,461,4180,0,0,521,5960,253,1628,521,7588,California
Yolo,2021-01-14,382,9597,184,5219,198,4378,0,0,279,6136,103,1731,279,7867,California
Yolo,2021-01-15,634,10231,323,5542,311,4689,0,0,552,6607,82,1813,553,8420,California
Yolo,2021-01-16,748,10979,96,5638,652,5341,0,0,717,7293,31,1844,717,9137,California
Yolo,2021-01-17,190,11169,121,5759,69,5410,0,0,183,7469,7,1851,183,9320,California
Yolo,2021-01-18,485,11654,305,6064,180,5590,0,0,334,7652,151,2002,334,9654,California
Yolo,2021-01-19,560,12214,372,6436,188,5778,0,0,383,7858,177,2179,383,10037,California
Yolo,2021-01-20,662,12876,385,6821,277,6055,0,0,471,8139,190,2369,471,10508,California
Yolo,2021-01-21,650,13526,385,7206,265,6320,0,0,461,8411,189,2558,461,10969,California
Yolo,2021-01-22,758,14284,254,7460,504,6824,0,0,640,8935,116,2674,640,11609,California
Yolo,2021-01-23,627,14911,126,7586,501,7325,0,0,577,9462,50,2724,577,12186,California
Yolo,2021-01-24,207,15118,123,7709,84,7409,0,0,166,9587,41,2765,166,12352,California
Yolo,2021-01-25,738,15856,160,7869,578,7987,0,0,516,9880,223,2988,516,12868,California
Yolo,2021-01-26,832,16688,330,8199,502,8489,0,0,435,9918,397,3385,435,13303,California
Yolo,2021-01-27,684,17372,230,8429,454,8943,0,0,401,10036,283,3668,401,13704,California
Yolo,2021-01-28,1056,18428,565,8994,491,9434,0,0,930,10841,125,3793,930,14634,California
Yolo,2021-01-29,966,19394,266,9260,700,10134,0,0,881,11638,84,3877,881,15515,California
Yolo,2021-01-30,1527,20921,922,10182,605,10739,0,0,1405,12927,116,3993,1405,16920,California
Yolo,2021-01-31,240,21161,202,10384,38,10777,0,0,211,13110,28,4021,211,17131,California
Yolo,2021-02-01,856,22017,365,10749,491,11268,0,0,620,13497,233,4254,620,17751,California
Yolo,2021-02-02,1350,23367,756,11505,594,11862,0,0,934,14016,416,4670,935,18686,California
Yolo,2021-02-03,1532,24899,401,11906,1131,12993,0,0,1191,14869,338,5008,1191,19877,California
Yolo,2021-02-04,1812,26711,284,12190,1528,14521,0,0,1256,15581,545,5553,1257,21134,California
Yolo,2021-02-05,1612,28323,916,13106,696,15217,0,0,1208,16387,403,5956,1209,22343,California
Yolo,2021-02-06,1926,30249,1254,14360,672,15889,0,0,1563,17588,363,6319,1564,23907,California
Yolo,2021-02-07,523,30772,252,14612,271,16160,0,0,172,17410,350,6669,172,24079,California
Yolo,2021-02-08,951,31723,334,14946,617,16777,0,0,605,17673,342,7011,605,24684,California
Yolo,2021-02-09,861,32584,386,15332,475,17252,0,0,574,17960,287,7298,574,25258,California
Yolo,2021-02-10,1477,34061,481,15813,996,18248,0,0,830,18145,647,7945,832,26090,California
Yolo,2021-02-11,1581,35642,809,16622,772,19020,0,0,1186,18936,395,8340,1186,27276,California
Yolo,2021-02-12,1946,37588,761,17383,1185,20205,0,0,1458,19911,484,8824,1459,28735,California
Yolo,2021-02-13,2072,39660,716,18099,1356,21561,0,0,1393,20625,679,9503,1393,30128,California
Yolo,2021-02-14,572,40232,156,18255,416,21977,0,0,447,20948,124,9627,447,30575,California
Yolo,2021-02-15,536,40768,193,18448,343,22320,0,0,266,20945,270,9897,267,30842,California
Yolo,2021-02-16,1151,41919,434,18882,717,23037,0,0,821,21437,330,10227,822,31664,California
Yolo,2021-02-17,1398,43317,706,19588,692,23729,0,0,995,22029,403,10630,995,32659,California
Yolo,2021-02-18,2510,45827,819,20407,1691,25420,0,0,1730,22981,779,11409,1731,34390,California
Yolo,2021-02-19,1763,47590,754,21161,1009,26429,0,0,1134,23488,627,12036,1134,35524,California
Yolo,2021-02-20,2575,50165,957,22118,1618,28047,0,0,1391,23702,1178,13214,1392,36916,California
Yolo,2021-02-21,326,50491,236,22354,90,28137,0,0,108,23593,217,13431,108,37024,California
Yolo,2021-02-22,1410,51901,614,22968,796,28933,0,0,708,23600,701,14132,708,37732,California
Yolo,2021-02-23,1173,53074,881,23849,292,29225,0,0,447,23323,724,14856,447,38179,California
Yolo,2021-02-24,2128,55202,602,24451,1526,30751,0,0,1396,23989,730,15586,1396,39575,California
Yolo,2021-02-25,1411,56613,502,24953,909,31660,0,0,924,24427,486,16072,924,40499,California
Yolo,2021-02-26,2662,59275,1043,25996,1619,33279,0,0,1336,24441,1322,17394,1336,41835,California
Yolo,2021-02-27,1704,60979,780,26776,924,34203,0,0,1248,25233,456,17850,1248,43083,California
Yolo,2021-02-28,1831,62810,1523,28299,308,34511,0,0,710,24825,1119,18969,711,43794,California
Yolo,2021-03-01,1158,63968,378,28677,780,35291,0,0,699,25067,457,19426,699,44493,California
Yolo,2021-03-02,1506,65474,705,29382,801,36092,0,0,958,25477,548,19974,958,45451,California
Yolo,2021-03-03,1894,67368,648,30030,1246,37338,0,0,855,25295,1037,21011,855,46306,California
Yolo,2021-03-04,3042,70410,1466,31496,1576,38914,0,0,1579,25414,1460,22471,1579,47885,California
Yolo,2021-03-05,2491,72901,1411,32907,1069,39983,11,11,1516,25967,974,23445,1527,49412,California
Yolo,2021-03-06,1494,74395,1138,34045,327,40310,29,40,851,26207,640,24085,880,50292,California
Yolo,2021-03-07,919,75314,679,34724,226,40536,14,54,780,26862,139,24224,794,51086,California
Yolo,2021-03-08,1342,76656,498,35222,801,41337,43,97,885,27335,456,24680,929,52015,California
Yolo,2021-03-09,1590,78246,691,35913,836,42173,63,160,967,27744,621,25301,1030,53045,California
Yolo,2021-03-10,2219,80465,1062,36975,865,43038,292,452,976,27767,1237,26538,1260,54305,California
Yolo,2021-03-11,2719,83184,1609,38584,1044,44082,66,518,1816,28748,902,27440,1883,56188,California
Yolo,2021-03-12,2931,86115,1360,39944,1490,45572,81,599,1378,28664,1544,28984,1460,57648,California
Yolo,2021-03-13,1962,88077,736,40680,1050,46622,176,775,1029,28938,930,29914,1204,58852,California
Yolo,2021-03-14,1067,89144,213,40893,703,47325,151,926,526,29069,540,30454,671,59523,California
Yolo,2021-03-15,1677,90821,769,41662,727,48052,181,1107,1056,29683,619,31073,1233,60756,California
Yolo,2021-03-16,2031,92852,730,42392,1229,49281,72,1179,1236,30196,795,31868,1308,62064,California
Yolo,2021-03-17,2532,95384,988,43380,1472,50753,72,1251,1733,31237,795,32663,1836,63900,California
Yolo,2021-03-18,3058,98442,1045,44425,1787,52540,226,1477,1265,30939,1789,34452,1491,65391,California
Yolo,2021-03-19,2110,100552,876,45301,1166,53706,68,1545,1093,31089,1011,35463,1161,66552,California
Yolo,2021-03-20,2787,103339,819,46120,1925,55631,43,1588,1095,30543,1686,37149,1140,67692,California
Yolo,2021-03-21,316,103655,215,46335,93,55724,8,1596,176,30588,139,37288,184,67876,California
Yolo,2021-03-22,1412,105067,496,46831,856,56580,60,1656,913,31064,496,37784,972,68848,California
Yolo,2021-03-23,1760,106827,946,47777,757,57337,57,1713,1083,31527,676,38460,1139,69987,California
Yolo,2021-03-24,2895,109722,1407,49184,1437,58774,51,1764,1399,31496,1482,39942,1451,71438,California
Yolo,2021-03-25,2546,112268,1406,50590,1111,59885,29,1793,1253,31495,1283,41225,1282,72720,California
Yolo,2021-03-26,2407,114675,1263,51853,1124,61009,20,1813,1022,31158,1378,42603,1041,73761,California
Yolo,2021-03-27,1666,116341,459,52312,1189,62198,18,1831,746,31003,919,43522,764,74525,California
Yolo,2021-03-28,1107,117448,863,53175,225,62423,19,1850,250,30418,853,44375,268,74793,California
Yolo,2021-03-29,2040,119488,825,54000,1185,63608,30,1880,971,30354,1065,45440,1001,75794,California
Yolo,2021-03-30,2294,121782,1086,55086,1187,64795,21,1901,1168,30423,1121,46561,1190,76984,California
Yolo,2021-03-31,2361,124143,1228,56314,1096,65891,37,1938,1180,30460,1180,47741,1217,78201,California
Yolo,2021-04-01,3865,128008,1865,58179,1519,67410,481,2419,1595,30268,2267,50008,2075,80276,California
Yolo,2021-04-02,3405,131413,1523,59702,1736,69146,146,2565,2065,31147,1332,51340,2211,82487,California
Yolo,2021-04-03,1828,133241,1103,60805,503,69649,222,2787,807,31157,1019,52359,1029,83516,California
Yolo,2021-04-04,395,133636,157,60962,177,69826,61,2848,147,31118,247,52606,208,83724,California
Yolo,2021-04-05,1927,135563,738,61700,1089,70915,100,2948,902,31101,1020,53626,1003,84727,California
Yolo,2021-04-06,2598,138161,1320,63020,1106,72021,172,3120,1137,30958,1451,55077,1308,86035,California
Yolo,2021-04-07,3001,141162,1520,64540,1125,73146,356,3476,1747,31816,1249,56326,2107,88142,California
Yolo,2021-04-08,2435,143597,1011,65551,948,74094,476,3952,853,31562,1579,57905,1325,89467,California
Yolo,2021-04-09,2607,146204,922,66473,1103,75197,582,4534,833,31197,1771,59676,1406,90873,California
Yolo,2021-04-10,1771,147975,831,67304,757,75954,183,4717,1026,31664,741,60417,1208,92081,California
Yolo,2021-04-11,895,148870,286,67590,565,76519,44,4761,362,31539,530,60947,405,92486,California
Yolo,2021-04-12,1781,150651,529,68119,1109,77628,143,4904,789,31484,988,61935,933,93419,California
Yolo,2021-04-13,1995,152646,919,69038,1076,78704,0,4904,921,31332,1073,63008,921,94340,California
Yolo,2021-04-14,2803,155449,772,69810,2031,80735,0,4904,1371,31279,1424,64432,1371,95711,California
Yolo,2021-04-15,3364,158813,1142,70952,2222,82957,0,4904,2287,32496,1070,65502,2287,97998,California
Yolo,2021-04-16,3099,161912,1998,72950,1101,84058,0,4904,1978,33361,1113,66615,1978,99976,California
Yolo,2021-04-17,1638,163550,479,73429,1159,85217,0,4904,850,33428,783,67398,850,100826,California
Yolo,2021-04-18,648,164198,319,73748,329,85546,0,4904,362,33508,282,67680,362,101188,California
Yolo,2021-04-19,1690,165888,727,74475,962,86508,1,4905,777,33378,908,68588,778,101966,California
Yolo,2021-04-20,2062,167950,1058,75533,1004,87512,0,4905,1093,33504,967,69555,1093,103059,California
Yolo,2021-04-21,2078,170028,1060,76593,1018,88530,0,4905,1119,33670,953,70508,1119,104178,California
Yolo,2021-04-22,1992,172020,914,77507,1078,89608,0,4905,983,33651,1003,71511,984,105162,California
Yolo,2021-04-23,2660,174680,1561,79068,1099,90707,0,4905,1169,33341,1479,72990,1169,106331,California
Yolo,2021-04-24,1178,175858,646,79714,529,91236,3,4908,467,33108,703,73693,470,106801,California
Yolo,2021-04-25,950,176808,406,80120,544,91780,0,4908,727,33613,222,73915,727,107528,California
Yolo,2021-04-26,1255,178063,499,80619,753,92533,3,4911,531,33427,721,74636,535,108063,California
Yolo,2021-04-27,1565,179628,738,81357,807,93340,20,4931,607,33097,957,75593,627,108690,California
Yolo,2021-04-28,2076,181704,1029,82386,1020,94360,27,4958,749,32550,1323,76916,776,109466,California
Yolo,2021-04-29,1798,183502,853,83239,862,95222,83,5041,709,32255,1085,78001,790,110256,California
Yolo,2021-04-30,2096,185598,1075,84314,963,96185,58,5099,1029,32282,1060,79061,1087,111343,California
Yolo,2021-05-01,1289,186887,999,85313,270,96455,20,5119,377,31769,910,79971,397,111740,California
Yolo,2021-05-02,521,187408,427,85740,71,96526,23,5142,323,31917,198,80169,346,112086,California
Yolo,2021-05-03,1132,188540,405,86145,693,97219,34,5176,300,31421,829,80998,333,112419,California
Yolo,2021-05-04,1473,190013,684,86829,764,97983,25,5201,508,30994,960,81958,533,112952,California
Yolo,2021-05-05,1596,191609,455,87284,1075,99058,66,5267,461,30393,1128,83086,527,113479,California
Yolo,2021-05-06,1529,193138,715,87999,732,99790,82,5349,498,29959,1014,84100,580,114059,California
Yolo,2021-05-07,2333,195471,1404,89403,878,100668,51,5400,465,28613,1860,85960,514,114573,California
Yolo,2021-05-08,852,196323,373,89776,423,101091,56,5456,320,28459,528,86488,374,114947,California
Yolo,2021-05-09,402,196725,172,89948,217,101308,13,5469,91,28253,310,86798,104,115051,California
Yolo,2021-05-10,1188,197913,358,90306,784,102092,46,5515,204,27520,982,87780,249,115300,California
Yolo,2021-05-11,1178,199091,697,91003,459,102551,22,5537,294,26958,878,88658,316,115616,California
Yolo,2021-05-12,1835,200926,715,91718,1087,103638,33,5570,336,25837,1493,90151,372,115988,California
Yolo,2021-05-13,2614,203540,861,92579,1698,105336,55,5625,665,24612,1945,92096,720,116708,California
Yolo,2021-05-14,2436,205976,1520,94099,885,106221,31,5656,1186,24585,1244,93340,1217,117925,California
Yolo,2021-05-15,1280,207256,733,94832,500,106721,47,5703,660,24673,619,93959,707,118632,California
Yolo,2021-05-16,1455,208711,1237,96069,211,106932,7,5710,1011,25251,440,94399,1018,119650,California
Yolo,2021-05-17,1137,209848,446,96515,673,107605,18,5728,349,24834,784,95183,367,120017,California
Yolo,2021-05-18,1801,211649,1109,97624,669,108274,23,5751,920,24903,874,96057,943,120960,California
Yolo,2021-05-19,1159,212808,586,98210,534,108808,39,5790,496,24778,660,96717,535,121495,California
Yolo,2021-05-20,1102,213910,699,98909,377,109185,26,5816,379,24466,717,97434,405,121900,California
Yolo,2021-05-21,1444,215354,931,99840,486,109671,27,5843,352,23758,1085,98519,377,122277,California
Yolo,2021-05-22,824,216178,541,100381,275,109946,8,5851,281,23512,536,99055,290,122567,California
Yolo,2021-05-23,618,216796,165,100546,437,110383,16,5867,108,23129,508,99563,125,122692,California
Yolo,2021-05-24,708,217504,350,100896,338,110721,20,5887,220,22885,485,100048,241,122933,California
Yolo,2021-05-25,883,218387,512,101408,348,111069,23,5910,342,22715,535,100583,365,123298,California
Yolo,2021-05-26,819,219206,269,101677,517,111586,33,5943,247,22427,568,101151,280,123578,California
Yolo,2021-05-27,761,219967,381,102058,329,111915,51,5994,303,22328,453,101604,354,123932,California
Yolo,2021-05-28,882,220849,402,102460,451,112366,29,6023,378,22235,499,102103,406,124338,California
Yolo,2021-05-29,601,221450,346,102806,219,112585,36,6059,274,22218,324,102427,307,124645,California
Yolo,2021-05-30,136,221586,71,102877,58,112643,7,6066,55,22201,79,102506,62,124707,California
Yolo,2021-05-31,68,221654,18,102895,48,112691,2,6068,16,22166,52,102558,17,124724,California
Yolo,2021-06-01,755,222409,326,103221,405,113096,24,6092,245,21931,504,103062,269,124993,California
Yolo,2021-06-02,757,223166,302,103523,434,113530,21,6113,229,21657,525,103587,251,125244,California
Yolo,2021-06-03,929,224095,592,104115,313,113843,24,6137,212,21180,713,104300,236,125480,California
Yolo,2021-06-04,1494,225589,1216,105331,256,114099,22,6159,378,20468,1111,105411,399,125879,California
Yolo,2021-06-05,719,226308,548,105879,154,114253,17,6176,149,20064,570,105981,166,126045,California
Yolo,2021-06-06,1107,227415,1043,106922,57,114310,7,6183,153,19271,953,106934,160,126205,California
Yolo,2021-06-07,516,227931,270,107192,226,114536,20,6203,113,19005,398,107332,132,126337,California
Yolo,2021-06-08,1043,228974,812,108004,213,114749,18,6221,199,18379,843,108175,217,126554,California
Yolo,2021-06-09,791,229765,490,108494,270,115019,31,6252,215,18053,571,108746,245,126799,California
Yolo,2021-06-10,567,230332,359,108853,175,115194,33,6285,164,17850,400,109146,197,126996,California
Yolo,2021-06-11,658,230990,450,109303,184,115378,24,6309,192,17603,464,109610,217,127213,California
Yolo,2021-06-12,480,231470,276,109579,179,115557,25,6334,142,17435,335,109945,167,127380,California
Yolo,2021-06-13,155,231625,116,109695,38,115595,1,6335,61,17406,93,110038,64,127444,California
Yolo,2021-06-14,411,232036,255,109950,123,115718,33,6368,128,17286,282,110320,162,127606,California
Yolo,2021-06-15,768,232804,397,110347,345,116063,26,6394,235,17036,530,110850,280,127886,California
Yolo,2021-06-16,473,233277,241,110588,190,116253,42,6436,166,16939,305,111155,208,128094,California
Yolo,2021-06-17,498,233775,317,110905,125,116378,56,6492,173,16845,323,111478,229,128323,California
Yolo,2021-06-18,553,234328,395,111300,136,116514,22,6514,209,16735,341,111819,231,128554,California
Yolo,2021-06-19,320,234648,207,111507,97,116611,16,6530,117,16666,202,112021,133,128687,California
Yolo,2021-06-20,114,234762,74,111581,36,116647,4,6534,62,16683,50,112071,67,128754,California
Yolo,2021-06-21,205,234967,88,111669,98,116745,19,6553,111,16720,93,112164,130,128884,California
Yolo,2021-06-22,519,235486,296,111965,205,116950,18,6571,235,16693,282,112446,255,129139,California
Yolo,2021-06-23,374,235860,213,112178,144,117094,17,6588,151,16641,220,112666,168,129307,California
Yolo,2021-06-24,395,236255,247,112425,106,117200,42,6630,173,16635,221,112887,215,129522,California
Yolo,2021-06-25,549,236804,385,112810,120,117320,44,6674,190,16515,355,113242,235,129757,California
Yolo,2021-06-26,270,237074,165,112975,82,117402,23,6697,110,16489,158,113400,132,129889,California
Yolo,2021-06-27,177,237251,140,113115,32,117434,5,6702,64,16444,113,113513,68,129957,California
Yolo,2021-06-28,254,237505,130,113245,52,117486,72,6774,108,16478,145,113658,179,130136,California
Yolo,2021-06-29,421,237926,265,113510,107,117593,49,6823,154,16417,264,113922,203,130339,California
Yolo,2021-06-30,364,238290,204,113714,134,117727,26,6849,135,16348,229,114151,160,130499,California
Yolo,2021-07-01,305,238595,171,113885,102,117829,32,6881,111,16299,191,114342,142,130641,California
Yolo,2021-07-02,341,238936,232,114117,97,117926,12,6893,139,16249,201,114543,151,130792,California
Yolo,2021-07-03,206,239142,128,114245,74,118000,4,6897,91,16229,115,114658,95,130887,California
Yolo,2021-07-04,73,239215,41,114286,27,118027,5,6902,22,16206,50,114708,27,130914,California
Yuba,2020-12-16,4,4,4,4,0,0,0,0,4,4,0,0,4,4,California
Yuba,2020-12-17,4,8,4,8,0,0,0,0,4,8,0,0,4,8,California
Yuba,2020-12-18,8,16,8,16,0,0,0,0,8,16,0,0,8,16,California
Yuba,2020-12-19,12,28,12,28,0,0,0,0,12,28,0,0,12,28,California
Yuba,2020-12-20,19,47,19,47,0,0,0,0,19,47,0,0,19,47,California
Yuba,2020-12-21,41,88,41,88,0,0,0,0,41,88,0,0,41,88,California
Yuba,2020-12-22,85,173,85,173,0,0,0,0,85,173,0,0,85,173,California
Yuba,2020-12-23,65,238,63,236,2,2,0,0,65,238,0,0,65,238,California
Yuba,2020-12-24,20,258,10,246,10,12,0,0,20,258,0,0,20,258,California
Yuba,2020-12-25,1,259,1,247,0,12,0,0,1,259,0,0,1,259,California
Yuba,2020-12-26,13,272,12,259,1,13,0,0,13,272,0,0,13,272,California
Yuba,2020-12-27,15,287,15,274,0,13,0,0,15,287,0,0,15,287,California
Yuba,2020-12-28,51,338,35,309,16,29,0,0,51,338,0,0,51,338,California
Yuba,2020-12-29,74,412,10,319,64,93,0,0,74,412,0,0,74,412,California
Yuba,2020-12-30,63,475,20,339,43,136,0,0,63,475,0,0,63,475,California
Yuba,2020-12-31,39,514,6,345,33,169,0,0,39,514,0,0,39,514,California
Yuba,2021-01-02,23,537,22,367,1,170,0,0,23,537,0,0,23,537,California
Yuba,2021-01-03,10,547,6,373,4,174,0,0,10,547,0,0,10,547,California
Yuba,2021-01-04,92,639,23,396,69,243,0,0,92,639,0,0,92,639,California
Yuba,2021-01-05,71,710,39,435,32,275,0,0,70,708,1,1,70,709,California
Yuba,2021-01-06,154,864,76,511,78,353,0,0,148,850,6,7,148,857,California
Yuba,2021-01-07,75,939,19,530,56,409,0,0,72,918,4,11,72,929,California
Yuba,2021-01-08,73,1012,23,553,50,459,0,0,66,977,7,18,66,995,California
Yuba,2021-01-09,19,1031,16,569,3,462,0,0,11,980,8,26,11,1006,California
Yuba,2021-01-10,117,1148,22,591,95,557,0,0,95,1053,22,48,95,1101,California
Yuba,2021-01-11,73,1221,50,641,23,580,0,0,33,1046,40,88,33,1134,California
Yuba,2021-01-12,109,1330,78,719,31,611,0,0,45,1027,64,152,45,1179,California
Yuba,2021-01-13,119,1449,72,791,47,658,0,0,54,1017,64,216,54,1233,California
Yuba,2021-01-14,114,1563,44,835,70,728,0,0,102,1107,12,228,102,1335,California
Yuba,2021-01-15,204,1767,85,920,119,847,0,0,194,1291,10,238,194,1529,California
Yuba,2021-01-16,188,1955,21,941,167,1014,0,0,176,1454,13,251,176,1705,California
Yuba,2021-01-17,13,1968,9,950,4,1018,0,0,7,1455,6,257,7,1712,California
Yuba,2021-01-18,61,2029,32,982,29,1047,0,0,36,1466,25,282,36,1748,California
Yuba,2021-01-19,80,2109,30,1012,50,1097,0,0,65,1516,15,297,65,1813,California
Yuba,2021-01-20,133,2242,86,1098,47,1144,0,0,110,1603,23,320,110,1923,California
Yuba,2021-01-21,221,2463,103,1201,118,1262,0,0,212,1806,9,329,212,2135,California
Yuba,2021-01-22,107,2570,7,1208,100,1362,0,0,98,1895,9,338,98,2233,California
Yuba,2021-01-23,198,2768,7,1215,191,1553,0,0,196,2089,2,340,196,2429,California
Yuba,2021-01-24,10,2778,7,1222,3,1556,0,0,8,2095,2,342,8,2437,California
Yuba,2021-01-25,86,2864,30,1252,56,1612,0,0,53,2116,32,374,53,2490,California
Yuba,2021-01-26,149,3013,41,1293,108,1720,0,0,90,2147,59,433,90,2580,California
Yuba,2021-01-27,185,3198,129,1422,56,1776,0,0,118,2198,67,500,118,2698,California
Yuba,2021-01-28,228,3426,90,1512,138,1914,0,0,177,2324,51,551,177,2875,California
Yuba,2021-01-29,150,3576,46,1558,104,2018,0,0,111,2396,39,590,111,2986,California
Yuba,2021-01-30,408,3984,23,1581,385,2403,0,0,397,2782,11,601,397,3383,California
Yuba,2021-01-31,18,4002,12,1593,6,2409,0,0,16,2796,2,603,16,3399,California
Yuba,2021-02-01,155,4157,75,1668,80,2489,0,0,131,2905,23,626,132,3531,California
Yuba,2021-02-02,128,4285,23,1691,105,2594,0,0,104,2985,24,650,104,3635,California
Yuba,2021-02-03,230,4515,30,1721,200,2794,0,0,116,2988,113,763,116,3751,California
Yuba,2021-02-04,298,4813,120,1841,178,2972,0,0,253,3196,45,808,253,4004,California
Yuba,2021-02-05,148,4961,32,1873,116,3088,0,0,71,3190,77,885,71,4075,California
Yuba,2021-02-06,451,5412,26,1899,425,3513,0,0,443,3625,8,893,443,4518,California
Yuba,2021-02-07,20,5432,13,1912,7,3520,0,0,16,3637,4,897,16,4534,California
Yuba,2021-02-08,98,5530,35,1947,63,3583,0,0,66,3671,32,929,66,4600,California
Yuba,2021-02-09,156,5686,56,2003,100,3683,0,0,85,3685,71,1000,85,4685,California
Yuba,2021-02-10,363,6049,177,2180,186,3869,0,0,122,3568,239,1239,122,4807,California
Yuba,2021-02-11,404,6453,67,2247,337,4206,0,0,301,3768,101,1340,301,5108,California
Yuba,2021-02-12,271,6724,28,2275,243,4449,0,0,153,3803,118,1458,153,5261,California
Yuba,2021-02-13,438,7162,36,2311,402,4851,0,0,387,4139,51,1509,387,5648,California
Yuba,2021-02-14,52,7214,10,2321,42,4893,0,0,47,4181,5,1514,47,5695,California
Yuba,2021-02-15,89,7303,36,2357,53,4946,0,0,69,4230,20,1534,69,5764,California
Yuba,2021-02-16,203,7506,55,2412,148,5094,0,0,144,4316,58,1592,144,5908,California
Yuba,2021-02-17,379,7885,158,2570,221,5315,0,0,101,4140,277,1869,101,6009,California
Yuba,2021-02-18,324,8209,48,2618,276,5591,0,0,197,4210,127,1996,197,6206,California
Yuba,2021-02-19,230,8439,82,2700,148,5739,0,0,143,4267,86,2082,143,6349,California
Yuba,2021-02-20,398,8837,31,2731,367,6106,0,0,340,4549,58,2140,340,6689,California
Yuba,2021-02-21,24,8861,14,2745,10,6116,0,0,14,4553,10,2150,14,6703,California
Yuba,2021-02-22,131,8992,82,2827,49,6165,0,0,38,4498,93,2243,38,6741,California
Yuba,2021-02-23,124,9116,28,2855,96,6261,0,0,53,4482,70,2313,54,6795,California
Yuba,2021-02-24,489,9605,141,2996,348,6609,0,0,110,4213,379,2692,110,6905,California
Yuba,2021-02-25,347,9952,142,3138,205,6814,0,0,217,4300,130,2822,217,7122,California
Yuba,2021-02-26,263,10215,69,3207,194,7008,0,0,147,4333,114,2936,147,7269,California
Yuba,2021-02-27,474,10689,47,3254,427,7435,0,0,386,4633,86,3022,386,7655,California
Yuba,2021-02-28,72,10761,23,3277,49,7484,0,0,48,4657,24,3046,48,7703,California
Yuba,2021-03-01,163,10924,43,3320,120,7604,0,0,82,4659,80,3126,82,7785,California
Yuba,2021-03-02,160,11084,36,3356,124,7728,0,0,80,4659,80,3206,80,7865,California
Yuba,2021-03-03,628,11712,159,3515,469,8197,0,0,200,4432,427,3633,200,8065,California
Yuba,2021-03-04,471,12183,274,3789,197,8394,0,0,327,4616,143,3776,327,8392,California
Yuba,2021-03-05,326,12509,61,3850,264,8658,1,1,258,4807,68,3844,259,8651,California
Yuba,2021-03-06,475,12984,35,3885,436,9094,4,5,368,5073,106,3950,372,9023,California
Yuba,2021-03-07,51,13035,28,3913,22,9116,1,6,36,5095,15,3965,37,9060,California
Yuba,2021-03-08,159,13194,48,3961,95,9211,16,22,99,5150,60,4025,115,9175,California
Yuba,2021-03-09,180,13374,48,4009,112,9323,20,42,85,5160,95,4120,105,9280,California
Yuba,2021-03-10,737,14111,234,4243,473,9796,30,72,233,4919,504,4624,263,9543,California
Yuba,2021-03-11,439,14550,198,4441,229,10025,12,84,296,5084,143,4767,308,9851,California
Yuba,2021-03-12,467,15017,87,4528,327,10352,53,137,155,4980,312,5079,208,10059,California
Yuba,2021-03-13,464,15481,338,4866,111,10463,15,152,364,5260,99,5178,379,10438,California
Yuba,2021-03-14,108,15589,21,4887,77,10540,10,162,46,5256,60,5238,56,10494,California
Yuba,2021-03-15,194,15783,50,4937,128,10668,16,178,99,5276,95,5333,115,10609,California
Yuba,2021-03-16,298,16081,74,5011,200,10868,24,202,185,5373,112,5445,209,10818,California
Yuba,2021-03-17,749,16830,164,5175,554,11422,31,233,196,5050,550,5995,227,11045,California
Yuba,2021-03-18,589,17419,162,5337,314,11736,113,346,355,5283,234,6229,467,11512,California
Yuba,2021-03-19,332,17751,119,5456,159,11895,54,400,184,5372,148,6377,237,11749,California
Yuba,2021-03-20,555,18306,81,5537,456,12351,18,418,475,5786,79,6456,493,12242,California
Yuba,2021-03-21,62,18368,36,5573,26,12377,0,418,42,5808,20,6476,42,12284,California
Yuba,2021-03-22,191,18559,70,5643,114,12491,7,425,149,5922,42,6518,156,12440,California
Yuba,2021-03-23,266,18825,79,5722,159,12650,28,453,176,6038,88,6606,204,12644,California
Yuba,2021-03-24,771,19596,254,5976,436,13086,81,534,186,5722,583,7189,267,12911,California
Yuba,2021-03-25,506,20102,270,6246,214,13300,22,556,253,5744,253,7442,275,13186,California
Yuba,2021-03-26,401,20503,144,6390,228,13528,29,585,226,5825,174,7616,255,13441,California
Yuba,2021-03-27,463,20966,28,6418,432,13960,3,588,408,6181,54,7670,410,13851,California
Yuba,2021-03-28,102,21068,42,6460,56,14016,4,592,34,6151,68,7738,38,13889,California
Yuba,2021-03-29,297,21365,87,6547,178,14194,32,624,179,6244,118,7856,211,14100,California
Yuba,2021-03-30,275,21640,70,6617,197,14391,8,632,189,6355,86,7942,197,14297,California
Yuba,2021-03-31,675,22315,114,6731,550,14941,11,643,244,6181,429,8371,255,14552,California
Yuba,2021-04-01,628,22943,291,7022,307,15248,30,673,291,6165,337,8708,321,14873,California
Yuba,2021-04-02,504,23447,96,7118,325,15573,83,756,187,6118,316,9024,269,15142,California
Yuba,2021-04-03,654,24101,55,7173,117,15690,482,1238,87,6121,566,9590,569,15711,California
Yuba,2021-04-04,59,24160,10,7183,42,15732,7,1245,32,6133,27,9617,39,15750,California
Yuba,2021-04-05,245,24405,79,7262,145,15877,21,1266,124,6158,119,9736,144,15894,California
Yuba,2021-04-06,358,24763,115,7377,182,16059,61,1327,173,6207,184,9920,233,16127,California
Yuba,2021-04-07,787,25550,408,7785,327,16386,52,1379,360,6194,424,10344,411,16538,California
Yuba,2021-04-08,754,26304,292,8077,197,16583,265,1644,281,6267,472,10816,545,17083,California
Yuba,2021-04-09,406,26710,172,8249,167,16750,67,1711,172,6273,233,11049,239,17322,California
Yuba,2021-04-10,604,27314,73,8322,82,16832,449,2160,72,6263,530,11579,520,17842,California
Yuba,2021-04-11,102,27416,24,8346,66,16898,12,2172,43,6260,58,11637,55,17897,California
Yuba,2021-04-12,212,27628,45,8391,137,17035,30,2202,79,6236,132,11769,108,18005,California
Yuba,2021-04-13,400,28028,104,8495,296,17331,0,2202,202,6241,197,11966,202,18207,California
Yuba,2021-04-14,719,28747,110,8605,609,17940,0,2202,130,5783,588,12554,130,18337,California
Yuba,2021-04-15,345,29092,135,8740,210,18150,0,2202,150,5738,195,12749,150,18487,California
Yuba,2021-04-16,342,29434,100,8840,242,18392,0,2202,181,5760,159,12908,181,18668,California
Yuba,2021-04-17,407,29841,60,8900,347,18739,0,2202,335,6024,71,12979,335,19003,California
Yuba,2021-04-18,65,29906,20,8920,45,18784,0,2202,33,6026,31,13010,33,19036,California
Yuba,2021-04-19,247,30153,102,9022,145,18929,0,2202,104,5987,143,13153,104,19140,California
Yuba,2021-04-20,341,30494,103,9125,238,19167,0,2202,187,6024,151,13304,188,19328,California
Yuba,2021-04-21,741,31235,322,9447,419,19586,0,2202,321,5925,420,13724,321,19649,California
Yuba,2021-04-22,376,31611,154,9601,222,19808,0,2202,209,5967,167,13891,209,19858,California
Yuba,2021-04-23,364,31975,127,9728,237,20045,0,2202,174,5953,188,14079,174,20032,California
Yuba,2021-04-24,217,32192,69,9797,148,20193,0,2202,123,5982,94,14173,123,20155,California
Yuba,2021-04-25,75,32267,30,9827,45,20238,0,2202,35,5977,40,14213,35,20190,California
Yuba,2021-04-26,249,32516,66,9893,179,20417,4,2206,114,5960,135,14348,118,20308,California
Yuba,2021-04-27,488,33004,172,10065,306,20723,10,2216,242,5968,244,14592,252,20560,California
Yuba,2021-04-28,450,33454,189,10254,256,20979,5,2221,155,5839,289,14881,160,20720,California
Yuba,2021-04-29,454,33908,89,10343,364,21343,1,2222,162,5711,291,15172,163,20883,California
Yuba,2021-04-30,346,34254,108,10451,208,21551,30,2252,151,5699,193,15365,181,21064,California
Yuba,2021-05-01,208,34462,92,10543,97,21648,19,2271,94,5699,113,15478,113,21177,California
Yuba,2021-05-02,70,34532,39,10582,27,21675,4,2275,38,5709,32,15510,42,21219,California
Yuba,2021-05-03,164,34696,65,10647,90,21765,9,2284,51,5658,111,15621,60,21279,California
Yuba,2021-05-04,340,35036,107,10754,212,21977,21,2305,150,5639,190,15811,171,21450,California
Yuba,2021-05-05,333,35369,96,10850,230,22207,7,2312,116,5545,217,16028,123,21573,California
Yuba,2021-05-06,303,35672,126,10976,139,22346,38,2350,102,5487,198,16226,140,21713,California
Yuba,2021-05-07,362,36034,100,11076,234,22580,28,2378,118,5389,243,16469,145,21858,California
Yuba,2021-05-08,130,36164,56,11132,71,22651,3,2381,55,5372,75,16544,58,21916,California
Yuba,2021-05-09,56,36220,25,11157,28,22679,3,2384,34,5387,22,16566,37,21953,California
Yuba,2021-05-10,174,36394,57,11214,99,22778,18,2402,54,5340,119,16685,72,22025,California
Yuba,2021-05-11,389,36783,178,11392,197,22975,14,2416,143,5252,244,16929,156,22181,California
Yuba,2021-05-12,278,37061,147,11539,123,23098,8,2424,105,5192,173,17102,113,22294,California
Yuba,2021-05-13,367,37428,198,11737,125,23223,44,2468,112,5096,252,17354,156,22450,California
Yuba,2021-05-14,368,37796,139,11876,209,23432,20,2488,154,5055,214,17568,173,22623,California
Yuba,2021-05-15,437,38233,113,11989,303,23735,21,2509,113,4866,322,17890,133,22756,California
Yuba,2021-05-16,151,38384,52,12041,90,23825,9,2518,95,4915,55,17945,104,22860,California
Yuba,2021-05-17,216,38600,89,12130,107,23932,20,2538,89,4899,125,18070,109,22969,California
Yuba,2021-05-18,394,38994,163,12293,222,24154,9,2547,165,4844,229,18299,174,23143,California
Yuba,2021-05-19,261,39255,145,12438,110,24264,6,2553,129,4847,132,18431,135,23278,California
Yuba,2021-05-20,433,39688,305,12743,116,24380,12,2565,259,4945,173,18604,271,23549,California
Yuba,2021-05-21,517,40205,272,13015,237,24617,8,2573,306,5050,209,18813,314,23863,California
Yuba,2021-05-22,229,40434,123,13138,97,24714,9,2582,95,5020,134,18947,104,23967,California
Yuba,2021-05-23,73,40507,41,13179,30,24744,2,2584,37,5024,35,18982,39,24006,California
Yuba,2021-05-24,165,40672,55,13234,93,24837,17,2601,49,4976,115,19097,67,24073,California
Yuba,2021-05-25,315,40987,109,13343,189,25026,17,2618,112,4903,201,19298,128,24201,California
Yuba,2021-05-26,232,41219,100,13443,116,25142,16,2634,85,4858,146,19444,101,24302,California
Yuba,2021-05-27,247,41466,76,13519,159,25301,12,2646,97,4820,147,19591,109,24411,California
Yuba,2021-05-28,246,41712,109,13628,130,25431,7,2653,116,4815,128,19719,123,24534,California
Yuba,2021-05-29,165,41877,68,13696,75,25506,22,2675,88,4849,76,19795,110,24644,California
Yuba,2021-05-30,52,41929,22,13718,25,25531,5,2680,21,4844,31,19826,26,24670,California
Yuba,2021-05-31,30,41959,3,13721,20,25551,7,2687,10,4841,20,19846,17,24687,California
Yuba,2021-06-01,247,42206,108,13829,132,25683,7,2694,84,4772,159,20005,90,24777,California
Yuba,2021-06-02,201,42407,82,13911,112,25795,7,2701,60,4700,140,20145,68,24845,California
Yuba,2021-06-03,179,42586,105,14016,68,25863,6,2707,64,4656,114,20259,70,24915,California
Yuba,2021-06-04,244,42830,121,14137,113,25976,10,2717,80,4582,164,20423,90,25005,California
Yuba,2021-06-05,200,43030,151,14288,43,26019,6,2723,90,4569,109,20532,96,25101,California
Yuba,2021-06-06,109,43139,93,14381,13,26032,3,2726,20,4504,88,20620,23,25124,California
Yuba,2021-06-07,115,43254,47,14428,52,26084,16,2742,36,4477,79,20699,52,25176,California
Yuba,2021-06-08,246,43500,115,14543,124,26208,7,2749,72,4384,172,20871,79,25255,California
Yuba,2021-06-09,171,43671,103,14646,62,26270,6,2755,72,4364,98,20969,78,25333,California
Yuba,2021-06-10,377,44048,302,14948,66,26336,9,2764,93,4184,282,21251,102,25435,California
Yuba,2021-06-11,329,44377,235,15183,82,26418,12,2776,65,3998,264,21515,78,25513,California
Yuba,2021-06-12,133,44510,90,15273,37,26455,6,2782,36,3943,97,21612,42,25555,California
Yuba,2021-06-13,47,44557,22,15295,22,26477,3,2785,13,3925,34,21646,16,25571,California
Yuba,2021-06-14,112,44669,53,15348,49,26526,10,2795,31,3886,80,21726,41,25612,California
Yuba,2021-06-15,241,44910,99,15447,134,26660,8,2803,90,3836,148,21874,98,25710,California
Yuba,2021-06-16,156,45066,94,15541,51,26711,11,2814,74,3842,79,21953,85,25795,California
Yuba,2021-06-17,195,45261,114,15655,69,26780,12,2826,83,3825,112,22065,95,25890,California
Yuba,2021-06-18,222,45483,110,15765,90,26870,22,2848,70,3767,150,22215,92,25982,California
Yuba,2021-06-19,139,45622,70,15835,62,26932,7,2855,36,3707,103,22318,43,26025,California
Yuba,2021-06-20,33,45655,19,15854,11,26943,3,2858,13,3703,20,22338,16,26041,California
Yuba,2021-06-21,86,45741,38,15892,39,26982,9,2867,41,3711,41,22379,49,26090,California
Yuba,2021-06-22,174,45915,73,15965,89,27071,12,2879,69,3688,103,22482,80,26170,California
Yuba,2021-06-23,127,46042,71,16036,43,27114,13,2892,52,3678,74,22556,64,26234,California
Yuba,2021-06-24,136,46178,82,16118,47,27161,7,2899,59,3667,77,22633,66,26300,California
Yuba,2021-06-25,170,46348,98,16216,63,27224,9,2908,82,3670,88,22721,91,26391,California
Yuba,2021-06-26,133,46481,106,16322,26,27250,1,2909,44,3627,88,22809,45,26436,California
Yuba,2021-06-27,66,46547,44,16366,20,27270,2,2911,36,3635,30,22839,38,26474,California
Yuba,2021-06-28,61,46608,33,16399,24,27294,4,2915,27,3632,34,22873,31,26505,California
Yuba,2021-06-29,162,46770,86,16485,67,27361,9,2924,61,3602,100,22973,70,26575,California
Yuba,2021-06-30,135,46905,77,16562,51,27412,7,2931,68,3610,67,23040,75,26650,California
Yuba,2021-07-01,116,47021,80,16642,30,27442,6,2937,42,3585,73,23113,48,26698,California
Yuba,2021-07-02,123,47144,51,16693,56,27498,16,2953,39,3556,84,23197,55,26753,California
Yuba,2021-07-03,64,47208,45,16738,19,27517,0,2953,35,3562,29,23226,35,26788,California
Yuba,2021-07-04,6,47214,3,16741,3,27520,0,2953,3,3562,3,23229,3,26791,California
