county,administered_date,total_doses,cumulative_total_doses,pfizer_doses,cumulative_pfizer_doses,moderna_doses,cumulative_moderna_doses,jj_doses,cumulative_jj_doses,partially_vaccinated,total_partially_vaccinated,fully_vaccinated,cumulative_fully_vaccinated,at_least_one_dose,cumulative_at_least_one_dose,california_flag
All CA Counties,2020-12-15,1128,1128,1128,1128,0,0,0,0,1128,1128,0,0,1128,1128,
All CA Counties,2020-12-16,8242,9370,8242,9370,0,0,0,0,8242,9370,0,0,8242,9370,
All CA Counties,2020-12-17,25730,35100,25730,35100,0,0,0,0,25765,35135,0,0,25765,35135,
All CA Counties,2020-12-18,43869,78969,43788,78888,81,81,0,0,43920,79055,0,0,43920,79055,
All CA Counties,2020-12-19,25244,104213,25222,104110,22,103,0,0,25243,104297,1,1,25243,104298,
All CA Counties,2020-12-20,18946,123159,18917,123027,29,132,0,0,18945,123241,1,2,18945,123243,
All CA Counties,2020-12-21,49643,172802,49559,172586,84,216,0,0,49683,172923,1,3,49683,172926,
All CA Counties,2020-12-22,49949,222751,47803,220389,2146,2362,0,0,49947,222869,1,4,49947,222873,
All CA Counties,2020-12-23,50278,273029,41585,261974,8693,11055,0,0,50274,273143,0,4,50274,273147,
All CA Counties,2020-12-24,23997,297026,16311,278285,7686,18741,0,0,23994,297136,1,5,23994,297141,
All CA Counties,2020-12-25,2327,299353,2008,280293,319,19060,0,0,2327,299463,0,5,2327,299468,
All CA Counties,2020-12-26,14594,313947,9425,289718,5169,24229,0,0,14593,314055,1,6,14593,314061,
All CA Counties,2020-12-27,9379,323326,5561,295279,3818,28047,0,0,9378,323432,1,7,9378,323439,
All CA Counties,2020-12-28,45631,368957,29265,324544,16366,44413,0,0,45627,369056,3,10,45627,369066,
All CA Counties,2020-12-29,51057,420014,28578,353122,22479,66892,0,0,51053,420106,3,13,51053,420119,
All CA Counties,2020-12-30,62915,482929,35653,388775,27262,94154,0,0,62908,483011,3,16,62908,483027,
All CA Counties,2020-12-31,29200,512129,10750,399525,18450,112604,0,0,29193,512200,4,20,29193,512220,
All CA Counties,2021-01-01,3774,515903,1656,401181,2118,114722,0,0,3770,515968,2,22,3770,515990,
All CA Counties,2021-01-02,18381,534284,10204,411385,8177,122899,0,0,18380,534348,0,22,18380,534370,
All CA Counties,2021-01-03,6102,540386,3459,414844,2643,125542,0,0,6073,540409,12,34,6073,540443,
All CA Counties,2021-01-04,43257,583643,21887,436731,21370,146912,0,0,43180,583546,43,77,43180,583623,
All CA Counties,2021-01-05,56162,639805,29595,466326,26567,173479,0,0,50680,628883,5427,5504,50764,634387,
All CA Counties,2021-01-06,72903,712708,40351,506677,32552,206031,0,0,57586,671368,15129,20633,57614,692001,
All CA Counties,2021-01-07,91601,804309,52137,558814,39464,245495,0,0,61167,702301,30274,50907,61207,753208,
All CA Counties,2021-01-08,106139,910448,64091,622905,42048,287543,0,0,65005,726358,41002,91909,65059,818267,
All CA Counties,2021-01-09,43542,953990,25022,647927,18520,306063,0,0,27463,737783,16060,107969,27485,845752,
All CA Counties,2021-01-10,24180,978170,14797,662724,9383,315446,0,0,12975,739585,11189,119158,12991,858743,
All CA Counties,2021-01-11,103972,1082142,69226,731950,34746,350192,0,0,60303,756355,43629,162787,60399,919142,
All CA Counties,2021-01-12,112470,1194612,66415,798365,46055,396247,0,0,71513,787207,40878,203665,71730,990872,
All CA Counties,2021-01-13,118368,1312980,61304,859669,57064,453311,0,0,84786,838572,33493,237158,84858,1075730,
All CA Counties,2021-01-14,122893,1435873,49275,908944,73618,526929,0,0,103400,922724,19380,256538,103532,1179262,
All CA Counties,2021-01-15,141463,1577336,52017,960961,89446,616375,0,0,126479,1034487,14882,271420,126645,1305907,
All CA Counties,2021-01-16,80430,1657766,27377,988338,53053,669428,0,0,72927,1099982,7479,278899,72974,1378881,
All CA Counties,2021-01-17,48008,1705774,16737,1005075,31271,700699,0,0,44394,1140810,3609,282508,44437,1423318,
All CA Counties,2021-01-18,87598,1793372,45554,1050629,42044,742743,0,0,68488,1190413,19033,301541,68636,1491954,
All CA Counties,2021-01-19,140765,1934137,73280,1123909,67485,810228,0,0,109719,1269482,30953,332494,110022,1601976,
All CA Counties,2021-01-20,157844,2091981,80039,1203948,77805,888033,0,0,124753,1361554,32916,365410,124988,1726964,
All CA Counties,2021-01-21,171832,2263813,76053,1280001,95779,983812,0,0,153018,1496264,18616,384026,153326,1880290,
All CA Counties,2021-01-22,168352,2432165,68656,1348657,99696,1083508,0,0,154212,1636614,14014,398040,154364,2034654,
All CA Counties,2021-01-23,110855,2543020,49294,1397951,61561,1145069,0,0,98368,1722661,12431,410471,98478,2133132,
All CA Counties,2021-01-24,60718,2603738,29390,1427341,31328,1176397,0,0,56111,1774244,4579,415050,56162,2189294,
All CA Counties,2021-01-25,143562,2747300,64756,1492097,78806,1255203,0,0,108988,1849090,34475,449525,109321,2298615,
All CA Counties,2021-01-26,167196,2914496,82137,1574234,85059,1340262,0,0,130204,1942705,36849,486374,130464,2429079,
All CA Counties,2021-01-27,178513,3093009,87449,1661683,91064,1431326,0,0,139765,2044311,38366,524740,139972,2569051,
All CA Counties,2021-01-28,186156,3279165,85659,1747342,100497,1531823,0,0,152449,2163538,33412,558152,152639,2721690,
All CA Counties,2021-01-29,182101,3461266,87661,1835003,94440,1626263,0,0,147875,2277899,33662,591814,148023,2869713,
All CA Counties,2021-01-30,122741,3584007,54997,1890000,67744,1694007,0,0,107849,2371149,14732,606546,107982,2977695,
All CA Counties,2021-01-31,69064,3653071,38806,1928806,30258,1724265,0,0,64063,2430299,4957,611503,64107,3041802,
All CA Counties,2021-02-01,157740,3810811,72674,2001480,85066,1809331,0,0,119784,2512383,37823,649326,119907,3161709,
All CA Counties,2021-02-02,184552,3995363,79283,2080763,105269,1914600,0,0,139021,2606430,45189,694515,139236,3300945,
All CA Counties,2021-02-03,209584,4204947,94750,2175513,114834,2029434,0,0,156110,2709749,53010,747525,156329,3457274,
All CA Counties,2021-02-04,226807,4431754,99704,2275217,127103,2156537,0,0,166601,2817005,59680,807205,166936,3624210,
All CA Counties,2021-02-05,244774,4676528,106002,2381219,138772,2295309,0,0,166756,2907028,77266,884471,167289,3791499,
All CA Counties,2021-02-06,154354,4830882,74553,2455772,79801,2375110,0,0,119838,2992997,34353,918824,120322,3911821,
All CA Counties,2021-02-07,66471,4897353,42957,2498729,23514,2398624,0,0,50150,3027353,16236,935060,50592,3962413,
All CA Counties,2021-02-08,179534,5076887,88111,2586840,91423,2490047,0,0,118753,3086483,60351,995411,119481,4081894,
All CA Counties,2021-02-09,209501,5286388,101384,2688224,108117,2598164,0,0,125764,3130036,83329,1078740,126882,4208776,
All CA Counties,2021-02-10,246986,5533374,119337,2807561,127649,2725813,0,0,137858,3160996,108334,1187074,139294,4348070,
All CA Counties,2021-02-11,261279,5794653,129187,2936748,132092,2857905,0,0,143518,3189486,116782,1303856,145272,4493342,
All CA Counties,2021-02-12,270347,6065000,118563,3055311,151784,3009689,0,0,146559,3215280,123082,1426938,148876,4642218,
All CA Counties,2021-02-13,166178,6231178,76999,3132310,89179,3098868,0,0,91877,3235191,73899,1500837,93810,4736028,
All CA Counties,2021-02-14,95029,6326207,47369,3179679,47660,3146528,0,0,51533,3245046,43358,1544195,53213,4789241,
All CA Counties,2021-02-15,141170,6467377,62111,3241790,79059,3225587,0,0,78346,3264095,62495,1606690,81544,4870785,
All CA Counties,2021-02-16,246349,6713726,117339,3359129,129010,3354597,0,0,132189,3285901,113835,1720525,135641,5006426,
All CA Counties,2021-02-17,256104,6969830,127807,3486936,128297,3482894,0,0,128181,3290301,127456,1847981,131856,5138282,
All CA Counties,2021-02-18,269101,7238931,140440,3627376,128661,3611555,0,0,130855,3288222,137650,1985631,135571,5273853,
All CA Counties,2021-02-19,249563,7488494,144894,3772270,104669,3716224,0,0,129789,3300824,119360,2104991,131962,5405815,
All CA Counties,2021-02-20,150497,7638991,96646,3868916,53851,3770075,0,0,83265,3319366,67022,2172013,85564,5491379,
All CA Counties,2021-02-21,71622,7710613,57779,3926695,13843,3783918,0,0,35356,3320992,36083,2208096,37709,5529088,
All CA Counties,2021-02-22,162342,7872955,109240,4035935,53102,3837020,0,0,81796,3325062,80266,2288362,84336,5613424,
All CA Counties,2021-02-23,220696,8093651,116522,4152457,104174,3941194,0,0,102748,3317380,117450,2405812,109768,5723192,
All CA Counties,2021-02-24,280077,8373728,141480,4293937,138597,4079791,0,0,134224,3314992,145301,2551113,142913,5866105,
All CA Counties,2021-02-25,314458,8688186,154451,4448388,160007,4239798,0,0,164880,3340431,148959,2700072,174398,6040503,
All CA Counties,2021-02-26,348456,9036642,162807,4611195,185649,4425447,0,0,195342,3390765,152321,2852393,202655,6243158,
All CA Counties,2021-02-27,245695,9282337,117271,4728466,128407,4553854,17,17,139309,3428812,105866,2958259,143913,6387071,
All CA Counties,2021-02-28,129092,9411429,77047,4805513,52043,4605897,2,19,75712,3455305,53066,3011325,79559,6466630,
All CA Counties,2021-03-01,234799,9646228,124414,4929927,110361,4716258,24,43,135665,3497320,98587,3109912,140602,6607232,
All CA Counties,2021-03-02,265799,9912027,129804,5059731,135985,4852243,10,53,160687,3561198,104710,3214622,168588,6775820,
All CA Counties,2021-03-03,323367,10235394,159389,5219120,163946,5016189,32,85,185275,3617244,137501,3352123,193547,6969367,
All CA Counties,2021-03-04,335738,10571132,168107,5387227,167550,5183739,81,166,198338,3686442,136818,3488941,206016,7175383,
All CA Counties,2021-03-05,325468,10896600,158494,5545721,165881,5349620,1093,1259,202300,3775478,122466,3611407,211502,7386885,
All CA Counties,2021-03-06,248414,11145014,127651,5673372,112997,5462617,7766,9025,154531,3849752,93558,3704965,167832,7554717,
All CA Counties,2021-03-07,123653,11268667,75231,5748603,44416,5507033,4006,13031,76936,3889614,46573,3751538,86435,7641152,
All CA Counties,2021-03-08,210858,11479525,101797,5850400,98797,5605830,10264,23295,137777,3969860,72786,3824324,153032,7794184,
All CA Counties,2021-03-09,260316,11739841,112451,5962851,132189,5738019,15676,38971,141122,4014083,118802,3943126,163025,7957209,
All CA Counties,2021-03-10,308328,12048169,150906,6113757,134163,5872182,23259,62230,167338,4070220,140483,4083609,196620,8153829,
All CA Counties,2021-03-11,365327,12413496,176548,6290305,157205,6029387,31574,93804,189175,4121516,175366,4258975,226662,8380491,
All CA Counties,2021-03-12,385835,12799331,171603,6461908,168618,6198005,45614,139418,188604,4163242,196563,4455538,238289,8618780,
All CA Counties,2021-03-13,276800,13076131,121203,6583111,124988,6322993,30609,170027,149551,4220837,126884,4582422,184479,8803259,
All CA Counties,2021-03-14,151229,13227360,81098,6664209,55382,6378375,14749,184776,81435,4249871,69564,4651986,98598,8901857,
All CA Counties,2021-03-15,286616,13513976,136482,6800691,129858,6508233,20276,205052,156416,4302255,129599,4781585,181983,9083840,
All CA Counties,2021-03-16,365094,13879070,171407,6972098,176667,6684900,17020,222072,213749,4387921,150683,4932268,236349,9320189,
All CA Counties,2021-03-17,377215,14256285,187369,7159467,171936,6856836,17910,239982,234367,4501384,142153,5074421,255616,9575805,
All CA Counties,2021-03-18,389200,14645485,199265,7358732,172319,7029155,17616,257598,232574,4601532,155752,5230173,255900,9831705,
All CA Counties,2021-03-19,400577,15046062,209812,7568544,169580,7198735,21185,278783,235078,4695866,164702,5394875,259036,10090741,
All CA Counties,2021-03-20,288160,15334222,151112,7719656,121666,7320401,15382,294165,185239,4796342,102378,5497253,202854,10293595,
All CA Counties,2021-03-21,140848,15475070,97022,7816678,36452,7356853,7374,301539,89130,4845520,51481,5548734,100659,10394254,
All CA Counties,2021-03-22,267001,15742071,156104,7972782,100098,7456951,10799,312338,177012,4948835,89419,5638153,192734,10586988,
All CA Counties,2021-03-23,349677,16091748,192019,8164801,147048,7603999,10610,322948,226738,5069151,122190,5760343,242506,10829494,
All CA Counties,2021-03-24,379270,16471018,217853,8382654,149418,7753417,11999,334947,224261,5156492,154049,5914392,241390,11070884,
All CA Counties,2021-03-25,405012,16876030,222752,8605406,168273,7921690,13987,348934,234264,5239210,169679,6084071,252397,11323281,
All CA Counties,2021-03-26,422353,17298383,224994,8830400,181688,8103378,15671,364605,234149,5306822,187195,6271266,254807,11578088,
All CA Counties,2021-03-27,304561,17602944,161699,8992099,131653,8235031,11209,375814,156855,5330134,147035,6418301,170347,11748435,
All CA Counties,2021-03-28,165489,17768433,105811,9097910,56039,8291070,3639,379453,90803,5352115,74376,6492677,96357,11844792,
All CA Counties,2021-03-29,301381,18069814,162969,9260879,130061,8421131,8351,387804,173083,5410707,127719,6620396,186311,12031103,
All CA Counties,2021-03-30,389039,18458853,196712,9457591,175645,8596776,16682,404486,239619,5521453,148826,6769222,259572,12290675,
All CA Counties,2021-03-31,416887,18875740,226837,9684428,169140,8765916,20910,425396,241846,5611080,174280,6943502,263907,12554582,
All CA Counties,2021-04-01,475801,19351541,243313,9927741,194212,8960128,38276,463672,266916,5710996,208065,7151567,307981,12862563,
All CA Counties,2021-04-02,457778,19809319,223296,10151037,193357,9153485,41125,504797,251953,5801118,204822,7356389,294944,13157507,
All CA Counties,2021-04-03,319640,20128959,162195,10313232,117758,9271243,39687,544484,162671,5848656,156463,7512852,204001,13361508,
All CA Counties,2021-04-04,128536,20257495,66887,10380119,43890,9315133,17759,562243,57233,5852799,71114,7583966,75257,13436765,
All CA Counties,2021-04-05,343090,20600585,178074,10558193,126584,9441717,38432,600675,173238,5897966,169381,7753347,214548,13651313,
All CA Counties,2021-04-06,449104,21049689,228416,10786609,156389,9598106,64299,664974,220795,5958653,227556,7980903,288243,13939556,
All CA Counties,2021-04-07,463005,21512694,241712,11028321,153385,9751491,67908,732882,228938,6024921,233283,8214186,299551,14239107,
All CA Counties,2021-04-08,483415,21996109,246602,11274923,155731,9907222,81082,813964,231272,6089035,251242,8465428,315356,14554463,
All CA Counties,2021-04-09,457816,22453925,226255,11501178,158807,10066029,72754,886718,214304,6137465,242659,8708087,291089,14845552,
All CA Counties,2021-04-10,354467,22808392,162531,11663709,119942,10185971,71994,958712,150033,6159312,203858,8911945,225705,15071257,
All CA Counties,2021-04-11,181627,22990019,101644,11765353,46756,10232727,33227,991939,75854,6165764,105498,9017443,111950,15183207,
All CA Counties,2021-04-12,319663,23309682,162663,11928016,121452,10354179,35548,1027487,150600,6186438,168294,9185737,188968,15372175,
All CA Counties,2021-04-13,409340,23719022,228740,12156756,179747,10533926,853,1028340,229930,6242996,178591,9364328,235149,15607324,
All CA Counties,2021-04-14,399592,24118614,221227,12377983,178144,10712070,221,1028561,209914,6271246,188807,9553135,217057,15824381,
All CA Counties,2021-04-15,417851,24536465,245315,12623298,172362,10884432,174,1028735,235467,6330750,181385,9734520,240889,16065270,
All CA Counties,2021-04-16,415412,24951877,230024,12853322,185121,11069553,267,1029002,219426,6358718,195077,9929597,223045,16288315,
All CA Counties,2021-04-17,287906,25239783,160610,13013932,127282,11196835,14,1029016,158954,6393442,128425,10058022,163149,16451464,
All CA Counties,2021-04-18,88991,25328774,56626,13070558,32358,11229193,7,1029023,50781,6406970,38067,10096089,51595,16503059,
All CA and Non-CA Counties,2020-12-15,1135,1135,1135,1135,0,0,0,0,1135,1135,0,0,1135,1135,
All CA and Non-CA Counties,2020-12-16,8375,9510,8375,9510,0,0,0,0,8375,9510,0,0,8375,9510,
All CA and Non-CA Counties,2020-12-17,27292,36802,27292,36802,0,0,0,0,27292,36802,0,0,27292,36802,
All CA and Non-CA Counties,2020-12-18,46286,83088,46201,83003,85,85,0,0,46286,83088,0,0,46286,83088,
All CA and Non-CA Counties,2020-12-19,26304,109392,26281,109284,23,108,0,0,26303,109390,1,1,26303,109391,
All CA and Non-CA Counties,2020-12-20,19609,129001,19578,128862,31,139,0,0,19608,128997,1,2,19608,128999,
All CA and Non-CA Counties,2020-12-21,51743,180744,51658,180520,85,224,0,0,51741,180737,1,3,51741,180740,
All CA and Non-CA Counties,2020-12-22,51872,232616,49694,230214,2178,2402,0,0,51870,232606,1,4,51870,232610,
All CA and Non-CA Counties,2020-12-23,51698,284314,42888,273102,8810,11212,0,0,51694,284300,0,4,51694,284304,
All CA and Non-CA Counties,2020-12-24,24798,309112,16920,290022,7878,19090,0,0,24795,309094,1,5,24795,309099,
All CA and Non-CA Counties,2020-12-25,2359,311471,2036,292058,323,19413,0,0,2359,311453,0,5,2359,311458,
All CA and Non-CA Counties,2020-12-26,14902,326373,9629,301687,5273,24686,0,0,14901,326353,1,6,14901,326359,
All CA and Non-CA Counties,2020-12-27,9566,335939,5633,307320,3933,28619,0,0,9565,335917,1,7,9565,335924,
All CA and Non-CA Counties,2020-12-28,47022,382961,30143,337463,16879,45498,0,0,47019,382933,3,10,47019,382943,
All CA and Non-CA Counties,2020-12-29,52507,435468,29505,366968,23002,68500,0,0,52503,435433,3,13,52503,435446,
All CA and Non-CA Counties,2020-12-30,64811,500279,36897,403865,27914,96414,0,0,64803,500233,3,16,64803,500249,
All CA and Non-CA Counties,2020-12-31,30262,530541,11329,415194,18933,115347,0,0,30253,530481,5,21,30253,530502,
All CA and Non-CA Counties,2021-01-01,3883,534424,1678,416872,2205,117552,0,0,3879,534358,2,23,3879,534381,
All CA and Non-CA Counties,2021-01-02,18622,553046,10336,427208,8286,125838,0,0,18620,552977,1,24,18620,553001,
All CA and Non-CA Counties,2021-01-03,6274,559320,3551,430759,2723,128561,0,0,6245,559210,12,36,6245,559246,
All CA and Non-CA Counties,2021-01-04,44381,603701,22392,453151,21989,150550,0,0,44298,603465,43,79,44298,603544,
All CA and Non-CA Counties,2021-01-05,57600,661301,30342,483493,27258,177808,0,0,51982,649970,5561,5640,52066,655610,
All CA and Non-CA Counties,2021-01-06,75502,736803,41895,525388,33607,211415,0,0,59497,693672,15823,21463,59525,715135,
All CA and Non-CA Counties,2021-01-07,95783,832586,54741,580129,41042,252457,0,0,63686,725465,31935,53398,63728,778863,
All CA and Non-CA Counties,2021-01-08,110424,943010,66807,646936,43617,296074,0,0,67535,750309,42748,96146,67592,846455,
All CA and Non-CA Counties,2021-01-09,44870,987880,25555,672491,19315,315389,0,0,28463,762409,16387,112533,28487,874942,
All CA and Non-CA Counties,2021-01-10,24481,1012361,14975,687466,9506,324895,0,0,13157,764274,11308,123841,13173,888115,
All CA and Non-CA Counties,2021-01-11,107202,1119563,71193,758659,36009,360904,0,0,62218,781644,44944,168785,62314,950429,
All CA and Non-CA Counties,2021-01-12,116206,1235769,68658,827317,47548,408452,0,0,73772,813285,42350,211135,73991,1024420,
All CA and Non-CA Counties,2021-01-13,121864,1357633,63026,890343,58838,467290,0,0,87193,865963,34588,245723,87266,1111686,
All CA and Non-CA Counties,2021-01-14,126514,1484147,50516,940859,75998,543288,0,0,106407,952510,19992,265715,106539,1218225,
All CA and Non-CA Counties,2021-01-15,145454,1629601,52937,993796,92517,635805,0,0,130038,1067404,15310,281025,130204,1348429,
All CA and Non-CA Counties,2021-01-16,82960,1712561,27738,1021534,55222,691027,0,0,75282,1135082,7651,288676,75329,1423758,
All CA and Non-CA Counties,2021-01-17,48457,1761018,16885,1038419,31572,722599,0,0,44793,1176260,3658,292334,44836,1468594,
All CA and Non-CA Counties,2021-01-18,88736,1849754,46340,1084759,42396,764995,0,0,69170,1226091,19488,311822,69319,1537913,
All CA and Non-CA Counties,2021-01-19,144742,1994496,74591,1159350,70151,835146,0,0,112852,1307451,31797,343619,113157,1651070,
All CA and Non-CA Counties,2021-01-20,162203,2156699,81451,1240801,80752,915898,0,0,128182,1402026,33843,377462,128418,1779488,
All CA and Non-CA Counties,2021-01-21,175827,2332526,77091,1317892,98736,1014634,0,0,156501,1539721,19114,396576,156809,1936297,
All CA and Non-CA Counties,2021-01-22,172753,2505279,69682,1387574,103071,1117705,0,0,158221,1683695,14400,410976,158374,2094671,
All CA and Non-CA Counties,2021-01-23,113066,2618345,49629,1437203,63437,1181142,0,0,100413,1771622,12596,423572,100523,2195194,
All CA and Non-CA Counties,2021-01-24,61324,2679669,29637,1466840,31687,1212829,0,0,56640,1823656,4657,428229,56691,2251885,
All CA and Non-CA Counties,2021-01-25,147876,2827545,66665,1533505,81211,1294040,0,0,112463,1901125,35328,463557,112797,2364682,
All CA and Non-CA Counties,2021-01-26,173113,3000658,85069,1618574,88044,1382084,0,0,135334,1999069,37658,501215,135602,2500284,
All CA and Non-CA Counties,2021-01-27,183110,3183768,90059,1708633,93051,1475135,0,0,143820,2104169,38929,540144,144029,2644313,
All CA and Non-CA Counties,2021-01-28,191157,3374925,88470,1797103,102687,1577822,0,0,156972,2227421,33910,574054,157162,2801475,
All CA and Non-CA Counties,2021-01-29,186766,3561691,90652,1887755,96114,1673936,0,0,151834,2345025,34380,608434,151984,2953459,
All CA and Non-CA Counties,2021-01-30,126820,3688511,57310,1945065,69510,1743446,0,0,111710,2441913,14955,623389,111843,3065302,
All CA and Non-CA Counties,2021-01-31,72245,3760756,41590,1986655,30655,1774101,0,0,67191,2504139,5010,628399,67236,3132538,
All CA and Non-CA Counties,2021-02-01,163092,3923848,75168,2061823,87924,1862025,0,0,124485,2590270,38477,666876,124608,3257146,
All CA and Non-CA Counties,2021-02-02,191253,4115101,81434,2143257,109819,1971844,0,0,145024,2689630,45879,712755,145239,3402385,
All CA and Non-CA Counties,2021-02-03,216722,4331823,96772,2240029,119950,2091794,0,0,162431,2798464,53817,766572,162651,3565036,
All CA and Non-CA Counties,2021-02-04,233431,4565254,101817,2341846,131614,2223408,0,0,172277,2910460,60616,827188,172612,3737648,
All CA and Non-CA Counties,2021-02-05,251268,4816522,108077,2449923,143191,2366599,0,0,172268,3005006,78255,905443,172801,3910449,
All CA and Non-CA Counties,2021-02-06,158622,4975144,76714,2526637,81908,2448507,0,0,123675,3094390,34778,940221,124162,4034611,
All CA and Non-CA Counties,2021-02-07,68648,5043792,44752,2571389,23896,2472403,0,0,52248,3130767,16315,956536,52692,4087303,
All CA and Non-CA Counties,2021-02-08,184708,5228500,91390,2662779,93318,2565721,0,0,122864,3192962,61397,1017933,123592,4210895,
All CA and Non-CA Counties,2021-02-09,213619,5442119,103253,2766032,110366,2676087,0,0,128595,3238089,84600,1102533,129727,4340622,
All CA and Non-CA Counties,2021-02-10,252273,5694392,121138,2887170,131135,2807222,0,0,140794,3269683,110678,1213211,142272,4482894,
All CA and Non-CA Counties,2021-02-11,265573,5959965,131132,3018302,134441,2941663,0,0,146656,3300180,117930,1331141,148427,4631321,
All CA and Non-CA Counties,2021-02-12,274991,6234956,120212,3138514,154779,3096442,0,0,149585,3327389,124697,1455838,151906,4783227,
All CA and Non-CA Counties,2021-02-13,168371,6403327,77600,3216114,90771,3187213,0,0,93637,3348637,74333,1530171,95581,4878808,
All CA and Non-CA Counties,2021-02-14,96343,6499670,47768,3263882,48575,3235788,0,0,52615,3359349,43585,1573756,54297,4933105,
All CA and Non-CA Counties,2021-02-15,143638,6643308,63625,3327507,80013,3315801,0,0,79505,3378270,63786,1637542,82707,5015812,
All CA and Non-CA Counties,2021-02-16,252629,6895937,120217,3447724,132412,3448213,0,0,134707,3398844,117589,1755131,138163,5153975,
All CA and Non-CA Counties,2021-02-17,261734,7157671,130587,3578311,131147,3579360,0,0,129846,3400956,131413,1886544,133525,5287500,
All CA and Non-CA Counties,2021-02-18,275146,7432817,144000,3722311,131146,3710506,0,0,132661,3396456,141878,2028422,137378,5424878,
All CA and Non-CA Counties,2021-02-19,254723,7687540,148507,3870818,106216,3816722,0,0,131710,3407746,122594,2151016,133884,5558762,
All CA and Non-CA Counties,2021-02-20,153589,7841129,99238,3970056,54351,3871073,0,0,84342,3425356,69032,2220048,86642,5645404,
All CA and Non-CA Counties,2021-02-21,73422,7914551,59371,4029427,14051,3885124,0,0,35968,3426411,37266,2257314,38321,5683725,
All CA and Non-CA Counties,2021-02-22,165022,8079573,111104,4140531,53918,3939042,0,0,82722,3429658,82020,2339334,85267,5768992,
All CA and Non-CA Counties,2021-02-23,225704,8305277,119019,4259550,106685,4045727,0,0,104267,3420024,120934,2460268,111300,5880292,
All CA and Non-CA Counties,2021-02-24,285251,8590528,144018,4403568,141233,4186960,0,0,135693,3415409,149002,2609270,144387,6024679,
All CA and Non-CA Counties,2021-02-25,320161,8910689,156929,4560497,163232,4350192,0,0,166915,3439238,152608,2761878,176437,6201116,
All CA and Non-CA Counties,2021-02-26,354314,9265003,165721,4726218,188593,4538785,0,0,197728,3488569,155711,2917589,205042,6406158,
All CA and Non-CA Counties,2021-02-27,250159,9515162,119491,4845709,130650,4669435,18,18,140513,3524573,109116,3026705,145120,6551278,
All CA and Non-CA Counties,2021-02-28,131476,9646638,78816,4924525,52658,4722093,2,20,76473,3550209,54685,3081390,80321,6631599,
All CA and Non-CA Counties,2021-03-01,239228,9885866,127322,5051847,111882,4833975,24,44,136767,3590010,101907,3183297,141708,6773307,
All CA and Non-CA Counties,2021-03-02,271585,10157451,131623,5183470,139952,4973927,10,54,162286,3651298,108900,3292197,170188,6943495,
All CA and Non-CA Counties,2021-03-03,330169,10487620,161583,5345053,168553,5142480,33,87,187077,3704144,142509,3434706,195355,7138850,
All CA and Non-CA Counties,2021-03-04,341689,10829309,170388,5515441,171219,5313699,82,169,200135,3771026,140935,3575641,207817,7346667,
All CA and Non-CA Counties,2021-03-05,329655,11158964,160277,5675718,168272,5481971,1106,1275,204359,3859999,124609,3700250,213582,7560249,
All CA and Non-CA Counties,2021-03-06,252318,11411282,129298,5805016,115096,5597067,7924,9199,156392,3934267,95591,3795841,169859,7730108,
All CA and Non-CA Counties,2021-03-07,125108,11536390,76202,5881218,44846,5641913,4060,13259,77770,3974399,47192,3843033,87324,7817432,
All CA and Non-CA Counties,2021-03-08,213463,11749853,103316,5984534,99634,5741547,10513,23772,139591,4055953,73546,3916579,155100,7972532,
All CA and Non-CA Counties,2021-03-09,264130,12013983,114285,6098819,133856,5875403,15989,39761,143241,4100918,120493,4037072,165458,8137990,
All CA and Non-CA Counties,2021-03-10,311739,12325722,152289,6251108,135702,6011105,23748,63509,169221,4157920,141996,4179068,198998,8336988,
All CA and Non-CA Counties,2021-03-11,370681,12696403,179184,6430292,159239,6170344,32258,95767,191909,4210023,177978,4357046,230081,8567069,
All CA and Non-CA Counties,2021-03-12,391039,13087442,174495,6604787,170222,6340566,46322,142089,191385,4252824,198978,4556024,241779,8808848,
All CA and Non-CA Counties,2021-03-13,280104,13367546,123067,6727854,125959,6466525,31078,173167,151728,4311947,128004,4684028,187127,8995975,
All CA and Non-CA Counties,2021-03-14,152981,13520527,81987,6809841,55917,6522442,15077,188244,82472,4341632,70279,4754307,99964,9095939,
All CA and Non-CA Counties,2021-03-15,289665,13810192,137834,6947675,131168,6653610,20663,208907,158175,4394878,130888,4885195,184134,9280073,
All CA and Non-CA Counties,2021-03-16,371055,14181247,174408,7122083,179282,6832892,17365,226272,217162,4481715,153269,5038464,240106,9520179,
All CA and Non-CA Counties,2021-03-17,383447,14564694,190780,7312863,174411,7007303,18256,244528,238177,4596857,144631,5183095,259773,9779952,
All CA and Non-CA Counties,2021-03-18,395724,14960418,202866,7515729,174732,7182035,18126,262654,236580,4699036,158237,5341332,260416,10040368,
All CA and Non-CA Counties,2021-03-19,406212,15366630,212939,7728668,171555,7353590,21718,284372,238567,4795240,166857,5508189,263061,10303429,
All CA and Non-CA Counties,2021-03-20,291827,15658457,153581,7882249,122786,7476376,15460,299832,188201,4898055,103079,5611268,205894,10509323,
All CA and Non-CA Counties,2021-03-21,142534,15800991,98169,7980418,36904,7513280,7461,307293,90428,4948234,51866,5663134,102045,10611368,
All CA and Non-CA Counties,2021-03-22,269665,16070656,157559,8137977,101233,7614513,10873,318166,178765,5052470,90325,5753459,194561,10805929,
All CA and Non-CA Counties,2021-03-23,355157,16425813,194653,8332630,149627,7764140,10877,329043,230571,5175248,123828,5877287,246606,11052535,
All CA and Non-CA Counties,2021-03-24,385554,16811367,220800,8553430,152342,7916482,12412,341455,229045,5266287,155545,6032832,246584,11299119,
All CA and Non-CA Counties,2021-03-25,412211,17223578,225748,8779178,171996,8088478,14467,355922,239837,5353441,171297,6204129,258451,11557570,
All CA and Non-CA Counties,2021-03-26,428333,17651911,228089,9007267,184401,8272879,15843,371765,238387,5423730,188927,6393056,259216,11816786,
All CA and Non-CA Counties,2021-03-27,308776,17960687,164176,9171443,133351,8406230,11249,383014,159826,5448812,148273,6541329,173355,11990141,
All CA and Non-CA Counties,2021-03-28,168013,18128700,107066,9278509,57234,8463464,3713,386727,92466,5471675,75231,6616560,98094,12088235,
All CA and Non-CA Counties,2021-03-29,305776,18434476,164871,9443380,132299,8595763,8606,395333,175804,5531572,129391,6745951,189288,12277523,
All CA and Non-CA Counties,2021-03-30,395034,18829510,199724,9643104,178093,8773856,17217,412550,243352,5644344,151077,6897028,263849,12541372,
All CA and Non-CA Counties,2021-03-31,422186,19251696,229815,9872919,170726,8944582,21645,434195,244998,5735713,176424,7073452,267793,12809165,
All CA and Non-CA Counties,2021-04-01,481916,19733612,246732,10119651,196291,9140873,38893,473088,270554,5837411,210537,7283989,312235,13121400,
All CA and Non-CA Counties,2021-04-02,465154,20198766,227228,10346879,195726,9336599,42200,515288,255964,5929260,208183,7492172,300032,13421432,
All CA and Non-CA Counties,2021-04-03,325351,20524117,165541,10512420,118973,9455572,40837,556125,165691,5978282,159149,7651321,208171,13629603,
All CA and Non-CA Counties,2021-04-04,130146,20654263,67701,10580121,44457,9500029,17988,574113,58121,5982821,71835,7723156,76374,13705977,
All CA and Non-CA Counties,2021-04-05,346549,21000812,179803,10759924,127812,9627841,38934,613047,174915,6028389,171160,7894316,216728,13922705,
All CA and Non-CA Counties,2021-04-06,454594,21455406,231176,10991100,157831,9785672,65587,678634,222957,6089209,230871,8125187,291691,14214396,
All CA and Non-CA Counties,2021-04-07,469427,21924833,245051,11236151,154910,9940582,69466,748100,231469,6155673,237166,8362353,303630,14518026,
All CA and Non-CA Counties,2021-04-08,490087,22414920,249979,11486130,157277,10097859,82831,830931,233944,6220208,255235,8617588,319770,14837796,
All CA and Non-CA Counties,2021-04-09,463458,22878378,229106,11715236,159981,10257840,74371,905302,216439,6268889,246163,8863751,294844,15132640,
All CA and Non-CA Counties,2021-04-10,359800,23238178,165278,11880514,120735,10378575,73787,979089,151529,6290191,207691,9071442,228993,15361633,
All CA and Non-CA Counties,2021-04-11,184009,23422187,102950,11983464,47208,10425783,33851,1012940,76674,6296527,107059,9178501,113395,15475028,
All CA and Non-CA Counties,2021-04-12,322679,23744866,164263,12147727,122441,10548224,35975,1048915,152022,6317461,169883,9348384,190817,15665845,
All CA and Non-CA Counties,2021-04-13,414158,24159024,231681,12379408,181595,10729819,882,1049797,232294,6373964,181039,9529423,237542,15903387,
All CA and Non-CA Counties,2021-04-14,404568,24563592,224374,12603782,179971,10909790,223,1050020,212743,6402904,190948,9720371,219888,16123275,
All CA and Non-CA Counties,2021-04-15,423277,24986869,248574,12852356,174524,11084314,179,1050199,238821,6463708,183448,9903819,244252,16367527,
All CA and Non-CA Counties,2021-04-16,421044,25407913,233301,13085657,187470,11271784,273,1050472,222976,6493160,197150,10100969,226602,16594129,
All CA and Non-CA Counties,2021-04-17,292528,25700441,163306,13248963,129208,11400992,14,1050486,161873,6529106,130123,10231092,166069,16760198,
All CA and Non-CA Counties,2021-04-18,89960,25790401,57212,13306175,32740,11433732,8,1050494,51399,6542909,38415,10269507,52218,16812416,
Outside California,2020-12-15,7,7,7,7,0,0,0,0,7,7,0,0,7,7,Not in California
Outside California,2020-12-16,133,140,133,140,0,0,0,0,133,140,0,0,133,140,Not in California
Outside California,2020-12-17,1526,1666,1526,1666,0,0,0,0,1526,1666,0,0,1526,1666,Not in California
Outside California,2020-12-18,2356,4022,2352,4018,4,4,0,0,2355,4021,0,0,2355,4021,Not in California
Outside California,2020-12-19,979,5001,978,4996,1,5,0,0,979,5000,0,0,979,5000,Not in California
Outside California,2020-12-20,639,5640,637,5633,2,7,0,0,639,5639,0,0,639,5639,Not in California
Outside California,2020-12-21,2059,7699,2058,7691,1,8,0,0,2058,7697,0,0,2058,7697,Not in California
Outside California,2020-12-22,1920,9619,1888,9579,32,40,0,0,1920,9617,0,0,1920,9617,Not in California
Outside California,2020-12-23,1420,11039,1303,10882,117,157,0,0,1420,11037,0,0,1420,11037,Not in California
Outside California,2020-12-24,801,11840,609,11491,192,349,0,0,801,11838,0,0,801,11838,Not in California
Outside California,2020-12-25,32,11872,28,11519,4,353,0,0,32,11870,0,0,32,11870,Not in California
Outside California,2020-12-26,307,12179,203,11722,104,457,0,0,307,12177,0,0,307,12177,Not in California
Outside California,2020-12-27,187,12366,72,11794,115,572,0,0,187,12364,0,0,187,12364,Not in California
Outside California,2020-12-28,1387,13753,874,12668,513,1085,0,0,1387,13751,0,0,1387,13751,Not in California
Outside California,2020-12-29,1447,15200,924,13592,523,1608,0,0,1447,15198,0,0,1447,15198,Not in California
Outside California,2020-12-30,1838,17038,1189,14781,649,2257,0,0,1839,17037,0,0,1839,17037,Not in California
Outside California,2020-12-31,1059,18097,579,15360,480,2737,0,0,1059,18095,1,1,1059,18096,Not in California
Outside California,2021-01-01,109,18206,22,15382,87,2824,0,0,109,18204,0,1,109,18205,Not in California
Outside California,2021-01-02,240,18446,132,15514,108,2932,0,0,239,18442,1,2,239,18444,Not in California
Outside California,2021-01-03,172,18618,92,15606,80,3012,0,0,172,18614,0,2,172,18616,Not in California
Outside California,2021-01-04,1121,19739,502,16108,619,3631,0,0,1116,19730,0,2,1116,19732,Not in California
Outside California,2021-01-05,1436,21175,747,16855,689,4320,0,0,1300,20896,134,136,1300,21032,Not in California
Outside California,2021-01-06,2568,23743,1515,18370,1053,5373,0,0,1905,22131,670,806,1905,22937,Not in California
Outside California,2021-01-07,4073,27816,2498,20868,1575,6948,0,0,2448,22958,1623,2429,2450,25387,Not in California
Outside California,2021-01-08,4261,32077,2695,23563,1566,8514,0,0,2526,23762,1725,4154,2529,27916,Not in California
Outside California,2021-01-09,1325,33402,531,24094,794,9308,0,0,996,24433,327,4481,998,28914,Not in California
Outside California,2021-01-10,301,33703,178,24272,123,9431,0,0,182,24496,119,4600,182,29096,Not in California
Outside California,2021-01-11,3208,36911,1945,26217,1263,10694,0,0,1897,25081,1312,5912,1897,30993,Not in California
Outside California,2021-01-12,3727,40638,2236,28453,1491,12185,0,0,2251,25862,1471,7383,2252,33245,Not in California
Outside California,2021-01-13,3485,44123,1711,30164,1774,13959,0,0,2395,27163,1095,8478,2396,35641,Not in California
Outside California,2021-01-14,3617,47740,1238,31402,2379,16338,0,0,3003,29554,612,9090,3003,38644,Not in California
Outside California,2021-01-15,3987,51727,917,32319,3070,19408,0,0,3555,32681,428,9518,3555,42199,Not in California
Outside California,2021-01-16,2523,54250,354,32673,2169,21577,0,0,2349,34859,171,9689,2349,44548,Not in California
Outside California,2021-01-17,446,54696,145,32818,301,21878,0,0,396,35206,49,9738,396,44944,Not in California
Outside California,2021-01-18,1082,55778,730,33548,352,22230,0,0,628,35382,453,10191,629,45573,Not in California
Outside California,2021-01-19,3954,59732,1289,34837,2665,24895,0,0,3112,37653,843,11034,3114,48687,Not in California
Outside California,2021-01-20,4280,64012,1333,36170,2947,27842,0,0,3402,40181,875,11909,3403,52090,Not in California
Outside California,2021-01-21,3935,67947,980,37150,2955,30797,0,0,3421,43104,498,12407,3421,55511,Not in California
Outside California,2021-01-22,4360,72307,991,38141,3369,34166,0,0,3969,46688,386,12793,3970,59481,Not in California
Outside California,2021-01-23,2199,74506,329,38470,1870,36036,0,0,2033,48556,165,12958,2033,61514,Not in California
Outside California,2021-01-24,604,75110,245,38715,359,36395,0,0,526,49004,78,13036,526,62040,Not in California
Outside California,2021-01-25,4294,79404,1891,40606,2403,38798,0,0,3458,51613,850,13886,3459,65499,Not in California
Outside California,2021-01-26,5822,85226,2837,43443,2985,41783,0,0,5032,55844,809,14695,5040,70539,Not in California
Outside California,2021-01-27,4580,89806,2593,46036,1987,43770,0,0,4039,59323,562,15257,4041,74580,Not in California
Outside California,2021-01-28,4848,94654,2661,48697,2187,45957,0,0,4425,63309,439,15696,4425,79005,Not in California
Outside California,2021-01-29,4517,99171,2844,51541,1673,47630,0,0,3806,66400,717,16413,3808,82813,Not in California
Outside California,2021-01-30,4069,103240,2305,53846,1764,49394,0,0,3848,70026,222,16635,3848,86661,Not in California
Outside California,2021-01-31,3165,106405,2768,56614,397,49791,0,0,3112,73087,52,16687,3113,89774,Not in California
Outside California,2021-02-01,5316,111721,2460,59074,2856,52647,0,0,4680,77130,637,17324,4680,94454,Not in California
Outside California,2021-02-02,6632,118353,2084,61158,4548,57195,0,0,5940,82385,685,18009,5940,100394,Not in California
Outside California,2021-02-03,7088,125441,1975,63133,5113,62308,0,0,6283,87873,796,18805,6284,106678,Not in California
Outside California,2021-02-04,6563,132004,2057,65190,4506,66814,0,0,5620,92562,931,19736,5620,112298,Not in California
Outside California,2021-02-05,6475,138479,2063,67253,4412,71226,0,0,5497,97077,982,20718,5497,117795,Not in California
Outside California,2021-02-06,4249,142728,2147,69400,2102,73328,0,0,3822,100484,418,21136,3825,121620,Not in California
Outside California,2021-02-07,2169,144897,1787,71187,382,73710,0,0,2092,102501,77,21213,2094,123714,Not in California
Outside California,2021-02-08,5120,150017,3228,74415,1892,75602,0,0,4098,105594,1005,22218,4098,127812,Not in California
Outside California,2021-02-09,4098,154115,1850,76265,2248,77850,0,0,2826,107178,1256,23474,2840,130652,Not in California
Outside California,2021-02-10,5251,159366,1770,78035,3481,81331,0,0,2925,107827,2318,25792,2967,133619,Not in California
Outside California,2021-02-11,4201,163567,1853,79888,2348,83679,0,0,3095,109842,1097,26889,3112,136731,Not in California
Outside California,2021-02-12,4596,168163,1611,81499,2985,86664,0,0,3007,111271,1582,28471,3011,139742,Not in California
Outside California,2021-02-13,2178,170341,598,82097,1580,88244,0,0,1743,112592,433,28904,1754,141496,Not in California
Outside California,2021-02-14,1307,171648,398,82495,909,89153,0,0,1077,113445,226,29130,1079,142575,Not in California
Outside California,2021-02-15,2425,174073,1477,83972,948,90101,0,0,1130,113300,1279,30409,1134,143709,Not in California
Outside California,2021-02-16,6175,180248,2782,86754,3393,93494,0,0,2487,112111,3680,34089,2491,146200,Not in California
Outside California,2021-02-17,5620,185868,2772,89526,2848,96342,0,0,1661,109824,3952,38041,1665,147865,Not in California
Outside California,2021-02-18,5939,191807,3459,92985,2480,98822,0,0,1786,107469,4142,42183,1787,149652,Not in California
Outside California,2021-02-19,4962,196769,3421,96406,1541,100363,0,0,1862,106236,3096,45279,1863,151515,Not in California
Outside California,2021-02-20,3080,199849,2587,98993,493,100856,0,0,1072,105304,2005,47284,1073,152588,Not in California
Outside California,2021-02-21,1782,201631,1574,100567,208,101064,0,0,608,104743,1169,48453,608,153196,Not in California
Outside California,2021-02-22,2671,204302,1855,102422,816,101880,0,0,920,103917,1751,50204,925,154121,Not in California
Outside California,2021-02-23,4946,209248,2447,104869,2499,104379,0,0,1504,101997,3437,53641,1517,155638,Not in California
Outside California,2021-02-24,5130,214378,2502,107371,2628,107007,0,0,1454,99785,3671,57312,1459,157097,Not in California
Outside California,2021-02-25,5628,220006,2419,109790,3209,110216,0,0,2009,98198,3600,60912,2013,159110,Not in California
Outside California,2021-02-26,5819,225825,2891,112681,2928,113144,0,0,2362,97185,3376,64288,2363,161473,Not in California
Outside California,2021-02-27,4436,230261,2207,114888,2228,115372,1,1,1184,95130,3242,67530,1187,162660,Not in California
Outside California,2021-02-28,2367,232628,1756,116644,611,115983,0,1,751,94268,1614,69144,752,163412,Not in California
Outside California,2021-03-01,4387,237015,2883,119527,1504,117487,0,1,1079,92050,3301,72445,1083,164495,Not in California
Outside California,2021-03-02,5768,242783,1813,121340,3955,121442,0,1,1589,89456,4184,76629,1590,166085,Not in California
Outside California,2021-03-03,6785,249568,2184,123524,4600,126042,1,2,1789,86247,5004,81633,1795,167880,Not in California
Outside California,2021-03-04,5896,255464,2230,125754,3665,129707,1,3,1774,83939,4086,85719,1778,169658,Not in California
Outside California,2021-03-05,4157,259621,1770,127524,2374,132081,13,16,2025,83848,2137,87856,2046,171704,Not in California
Outside California,2021-03-06,3873,263494,1637,129161,2080,134161,156,172,1839,83827,2024,89880,2003,173707,Not in California
Outside California,2021-03-07,1446,264940,970,130131,422,134583,54,226,829,84095,616,90496,884,174591,Not in California
Outside California,2021-03-08,2572,267512,1496,131627,829,135412,247,473,1806,85419,734,91230,2058,176649,Not in California
Outside California,2021-03-09,3775,271287,1802,133429,1664,137076,309,782,2109,86177,1661,92891,2419,179068,Not in California
Outside California,2021-03-10,3402,274689,1377,134806,1538,138614,487,1269,1877,87039,1508,94399,2370,181438,Not in California
Outside California,2021-03-11,5314,280003,2623,137429,2023,140637,668,1937,2719,87838,2589,96988,3388,184826,Not in California
Outside California,2021-03-12,5115,285118,2836,140265,1582,142219,697,2634,2764,88955,2345,99333,3462,188288,Not in California
Outside California,2021-03-13,3277,288395,1860,142125,954,143173,463,3097,2169,90488,1101,100434,2634,190922,Not in California
Outside California,2021-03-14,1735,290130,880,143005,529,143702,326,3423,1031,91142,704,101138,1358,192280,Not in California
Outside California,2021-03-15,3020,293150,1340,144345,1295,144997,385,3808,1739,91995,1276,102414,2129,194409,Not in California
Outside California,2021-03-16,5900,299050,2980,147325,2578,147575,342,4150,3370,93138,2568,104982,3711,198120,Not in California
Outside California,2021-03-17,6183,305233,3395,150720,2443,150018,345,4495,3762,94773,2473,107455,4108,202228,Not in California
Outside California,2021-03-18,6481,311714,3581,154301,2390,152408,510,5005,3973,96783,2473,109928,4483,206711,Not in California
Outside California,2021-03-19,5608,317322,3108,157409,1967,154375,533,5538,3465,98637,2147,112075,4001,210712,Not in California
Outside California,2021-03-20,3639,320961,2456,159865,1105,155480,78,5616,2944,100969,690,112765,3022,213734,Not in California
Outside California,2021-03-21,1665,322626,1131,160996,447,155927,87,5703,1280,101955,382,113147,1368,215102,Not in California
Outside California,2021-03-22,2632,325258,1438,162434,1121,157048,73,5776,1732,102866,894,114041,1805,216907,Not in California
Outside California,2021-03-23,5456,330714,2625,165059,2569,159617,262,6038,3817,105318,1627,115668,4079,220986,Not in California
Outside California,2021-03-24,6258,336972,2939,167998,2906,162523,413,6451,4761,108998,1491,117159,5171,226157,Not in California
Outside California,2021-03-25,7154,344126,2966,170964,3708,166231,480,6931,5539,113413,1605,118764,6020,232177,Not in California
Outside California,2021-03-26,5944,350070,3078,174042,2699,168930,167,7098,4216,116079,1716,120480,4382,236559,Not in California
Outside California,2021-03-27,4178,354248,2465,176507,1673,170603,40,7138,2952,117850,1218,121698,2989,239548,Not in California
Outside California,2021-03-28,2506,356754,1247,177754,1185,171788,74,7212,1649,118722,851,122549,1723,241271,Not in California
Outside California,2021-03-29,4361,361115,1889,179643,2218,174006,254,7466,2699,120016,1660,124209,2954,244225,Not in California
Outside California,2021-03-30,5961,367076,2993,182636,2433,176439,535,8001,3711,122032,2239,126448,4255,248480,Not in California
Outside California,2021-03-31,5262,372338,2955,185591,1572,178011,735,8736,3125,123757,2134,128582,3859,252339,Not in California
Outside California,2021-04-01,6086,378424,3405,188996,2064,180075,617,9353,3614,125520,2467,131049,4230,256569,Not in California
Outside California,2021-04-02,7312,385736,3916,192912,2331,182406,1065,10418,3981,127241,3327,134376,5048,261617,Not in California
Outside California,2021-04-03,5693,391429,3337,196249,1206,183612,1150,11568,3012,128727,2676,137052,4162,265779,Not in California
Outside California,2021-04-04,1594,393023,809,197058,556,184168,229,11797,878,129118,716,137768,1107,266886,Not in California
Outside California,2021-04-05,3425,396448,1709,198767,1215,185383,501,12298,1658,129514,1764,139532,2160,269046,Not in California
Outside California,2021-04-06,5455,401903,2742,201509,1426,186809,1287,13585,2145,129647,3297,142829,3430,272476,Not in California
Outside California,2021-04-07,6361,408264,3293,204802,1512,188321,1556,15141,2482,129803,3872,146701,4028,276504,Not in California
Outside California,2021-04-08,6618,414882,3333,208135,1540,189861,1745,16886,2639,130208,3972,150673,4377,280881,Not in California
Outside California,2021-04-09,5585,420467,2811,210946,1161,191022,1613,18499,2094,130430,3488,154161,3710,284591,Not in California
Outside California,2021-04-10,5308,425775,2723,213669,792,191814,1793,20292,1478,129874,3826,157987,3270,287861,Not in California
Outside California,2021-04-11,2369,428144,1297,214966,448,192262,624,20916,815,129761,1553,159540,1440,289301,Not in California
Outside California,2021-04-12,2977,431121,1577,216543,974,193236,426,21342,1405,130025,1567,161107,1831,291132,Not in California
Outside California,2021-04-13,4738,435859,2874,219417,1835,195071,29,21371,2306,129934,2426,163533,2335,293467,Not in California
Outside California,2021-04-14,4735,440594,3026,222443,1707,196778,2,21373,2598,130403,2131,165664,2600,296067,Not in California
Outside California,2021-04-15,5196,445790,3146,225589,2045,198823,5,21378,3145,131515,2042,167706,3154,299221,Not in California
Outside California,2021-04-16,5364,451154,3166,228755,2192,201015,6,21384,3308,132783,2047,169753,3315,302536,Not in California
Outside California,2021-04-17,4339,455493,2522,231277,1817,202832,0,21384,2651,133752,1683,171436,2652,305188,Not in California
Outside California,2021-04-18,969,456462,586,231863,382,203214,1,21385,618,134027,348,171784,623,305811,Not in California
Unknown,2020-12-17,36,36,36,36,0,0,0,0,1,1,0,0,1,1,Not in California
Unknown,2020-12-18,61,97,61,97,0,0,0,0,11,12,0,0,11,12,Not in California
Unknown,2020-12-19,81,178,81,178,0,0,0,0,81,93,0,0,81,93,Not in California
Unknown,2020-12-20,24,202,24,202,0,0,0,0,24,117,0,0,24,117,Not in California
Unknown,2020-12-21,41,243,41,243,0,0,0,0,0,117,0,0,0,117,Not in California
Unknown,2020-12-22,3,246,3,246,0,0,0,0,3,120,0,0,3,120,Not in California
Unknown,2020-12-26,1,247,1,247,0,0,0,0,1,121,0,0,1,121,Not in California
Unknown,2020-12-28,4,251,4,251,0,0,0,0,5,126,0,0,5,126,Not in California
Unknown,2020-12-29,3,254,3,254,0,0,0,0,3,129,0,0,3,129,Not in California
Unknown,2020-12-30,58,312,55,309,3,3,0,0,56,185,0,0,56,185,Not in California
Unknown,2020-12-31,3,315,0,309,3,6,0,0,1,186,0,0,1,186,Not in California
Unknown,2021-01-02,1,316,0,309,1,7,0,0,1,187,0,0,1,187,Not in California
Unknown,2021-01-04,3,319,3,312,0,7,0,0,2,189,0,0,2,189,Not in California
Unknown,2021-01-05,2,321,0,312,2,9,0,0,2,191,0,0,2,191,Not in California
Unknown,2021-01-06,31,352,29,341,2,11,0,0,6,173,24,24,6,197,Not in California
Unknown,2021-01-07,109,461,106,447,3,14,0,0,71,206,38,62,71,268,Not in California
Unknown,2021-01-08,24,485,21,468,3,17,0,0,4,189,21,83,4,272,Not in California
Unknown,2021-01-09,3,488,2,470,1,18,0,0,4,193,0,83,4,276,Not in California
Unknown,2021-01-11,22,510,22,492,0,18,0,0,18,208,3,86,18,294,Not in California
Unknown,2021-01-12,9,519,7,499,2,20,0,0,8,216,1,87,9,303,Not in California
Unknown,2021-01-13,11,530,11,510,0,20,0,0,12,228,0,87,12,315,Not in California
Unknown,2021-01-14,4,534,3,513,1,21,0,0,4,232,0,87,4,319,Not in California
Unknown,2021-01-15,4,538,3,516,1,22,0,0,4,236,0,87,4,323,Not in California
Unknown,2021-01-16,7,545,7,523,0,22,0,0,6,241,1,88,6,329,Not in California
Unknown,2021-01-17,3,548,3,526,0,22,0,0,3,244,0,88,3,332,Not in California
Unknown,2021-01-18,56,604,56,582,0,22,0,0,54,296,2,90,54,386,Not in California
Unknown,2021-01-19,23,627,22,604,1,23,0,0,21,316,1,91,21,407,Not in California
Unknown,2021-01-20,79,706,79,683,0,23,0,0,27,291,52,143,27,434,Not in California
Unknown,2021-01-21,60,766,58,741,2,25,0,0,62,353,0,143,62,496,Not in California
Unknown,2021-01-22,41,807,35,776,6,31,0,0,40,393,0,143,40,536,Not in California
Unknown,2021-01-23,12,819,6,782,6,37,0,0,12,405,0,143,12,548,Not in California
Unknown,2021-01-24,2,821,2,784,0,37,0,0,3,408,0,143,3,551,Not in California
Unknown,2021-01-25,20,841,18,802,2,39,0,0,17,422,3,146,17,568,Not in California
Unknown,2021-01-26,95,936,95,897,0,39,0,0,98,520,0,146,98,666,Not in California
Unknown,2021-01-27,17,953,17,914,0,39,0,0,16,535,1,147,16,682,Not in California
Unknown,2021-01-28,153,1106,150,1064,3,42,0,0,98,574,59,206,98,780,Not in California
Unknown,2021-01-29,148,1254,147,1211,1,43,0,0,153,726,1,207,153,933,Not in California
Unknown,2021-01-30,10,1264,8,1219,2,45,0,0,13,738,1,208,13,946,Not in California
Unknown,2021-01-31,16,1280,16,1235,0,45,0,0,16,753,1,209,16,962,Not in California
Unknown,2021-02-01,36,1316,34,1269,2,47,0,0,21,757,17,226,21,983,Not in California
Unknown,2021-02-02,69,1385,67,1336,2,49,0,0,63,815,5,231,63,1046,Not in California
Unknown,2021-02-03,50,1435,47,1383,3,52,0,0,38,842,11,242,38,1084,Not in California
Unknown,2021-02-04,61,1496,56,1439,5,57,0,0,56,893,5,247,56,1140,Not in California
Unknown,2021-02-05,19,1515,12,1451,7,64,0,0,15,901,7,254,15,1155,Not in California
Unknown,2021-02-06,19,1534,14,1465,5,69,0,0,15,909,7,261,15,1170,Not in California
Unknown,2021-02-07,8,1542,8,1473,0,69,0,0,6,913,2,263,6,1176,Not in California
Unknown,2021-02-08,54,1596,51,1524,3,72,0,0,13,885,41,304,13,1189,Not in California
Unknown,2021-02-09,20,1616,19,1543,1,73,0,0,5,875,15,319,5,1194,Not in California
Unknown,2021-02-10,36,1652,31,1574,5,78,0,0,11,860,26,345,11,1205,Not in California
Unknown,2021-02-11,93,1745,92,1666,1,79,0,0,43,852,51,396,43,1248,Not in California
Unknown,2021-02-12,48,1793,38,1704,10,89,0,0,19,838,33,429,19,1267,Not in California
Unknown,2021-02-13,15,1808,3,1707,12,101,0,0,17,854,1,430,17,1284,Not in California
Unknown,2021-02-14,7,1815,1,1708,6,107,0,0,5,858,1,431,5,1289,Not in California
Unknown,2021-02-15,43,1858,37,1745,6,113,0,0,29,875,12,443,29,1318,Not in California
Unknown,2021-02-16,105,1963,96,1841,9,122,0,0,31,832,74,517,31,1349,Not in California
Unknown,2021-02-17,10,1973,8,1849,2,124,0,0,4,831,5,522,4,1353,Not in California
Unknown,2021-02-18,106,2079,101,1950,5,129,0,0,20,765,86,608,20,1373,Not in California
Unknown,2021-02-19,198,2277,192,2142,6,135,0,0,59,686,138,746,59,1432,Not in California
Unknown,2021-02-20,12,2289,5,2147,7,142,0,0,5,686,5,751,5,1437,Not in California
Unknown,2021-02-21,18,2307,18,2165,0,142,0,0,4,676,14,765,4,1441,Not in California
Unknown,2021-02-22,9,2316,9,2174,0,142,0,0,6,679,3,768,6,1447,Not in California
Unknown,2021-02-23,62,2378,50,2224,12,154,0,0,15,647,47,815,15,1462,Not in California
Unknown,2021-02-24,44,2422,36,2260,8,162,0,0,15,632,30,845,15,1477,Not in California
Unknown,2021-02-25,75,2497,59,2319,16,178,0,0,26,609,49,894,26,1503,Not in California
Unknown,2021-02-26,39,2536,23,2342,16,194,0,0,24,619,14,908,24,1527,Not in California
Unknown,2021-02-27,28,2564,13,2355,15,209,0,0,20,631,8,916,20,1547,Not in California
Unknown,2021-02-28,17,2581,13,2368,4,213,0,0,10,636,5,921,10,1557,Not in California
Unknown,2021-03-01,42,2623,25,2393,17,230,0,0,23,640,19,940,23,1580,Not in California
Unknown,2021-03-02,18,2641,6,2399,12,242,0,0,10,644,6,946,10,1590,Not in California
Unknown,2021-03-03,17,2658,10,2409,7,249,0,0,13,653,4,950,13,1603,Not in California
Unknown,2021-03-04,55,2713,51,2460,4,253,0,0,23,645,31,981,23,1626,Not in California
Unknown,2021-03-05,30,2743,13,2473,17,270,0,0,34,673,6,987,34,1660,Not in California
Unknown,2021-03-06,31,2774,10,2483,19,289,2,2,22,688,9,996,24,1684,Not in California
Unknown,2021-03-07,9,2783,1,2484,8,297,0,2,5,690,3,999,5,1689,Not in California
Unknown,2021-03-08,33,2816,23,2507,8,305,2,4,8,674,26,1025,10,1699,Not in California
Unknown,2021-03-09,39,2855,32,2539,3,308,4,8,10,658,30,1055,14,1713,Not in California
Unknown,2021-03-10,9,2864,6,2545,1,309,2,10,6,661,5,1060,8,1721,Not in California
Unknown,2021-03-11,40,2904,13,2558,11,320,16,26,15,669,23,1083,31,1752,Not in California
Unknown,2021-03-12,89,2993,56,2614,22,342,11,37,17,627,70,1153,28,1780,Not in California
Unknown,2021-03-13,27,3020,4,2618,17,359,6,43,8,622,19,1172,14,1794,Not in California
Unknown,2021-03-14,17,3037,9,2627,6,365,2,45,6,619,11,1183,8,1802,Not in California
Unknown,2021-03-15,29,3066,12,2639,15,380,2,47,20,628,13,1196,22,1824,Not in California
Unknown,2021-03-16,61,3127,21,2660,37,417,3,50,43,656,18,1214,46,1870,Not in California
Unknown,2021-03-17,49,3176,16,2676,32,449,1,51,48,700,5,1219,49,1919,Not in California
Unknown,2021-03-18,43,3219,20,2696,23,472,0,51,33,721,12,1231,33,1952,Not in California
Unknown,2021-03-19,27,3246,19,2715,8,480,0,51,24,737,8,1239,24,1976,Not in California
Unknown,2021-03-20,28,3274,13,2728,15,495,0,51,18,744,11,1250,18,1994,Not in California
Unknown,2021-03-21,21,3295,16,2744,5,500,0,51,18,759,3,1253,18,2012,Not in California
Unknown,2021-03-22,32,3327,17,2761,14,514,1,52,21,769,12,1265,22,2034,Not in California
Unknown,2021-03-23,24,3351,9,2770,10,524,5,57,16,779,11,1276,21,2055,Not in California
Unknown,2021-03-24,26,3377,8,2778,18,542,0,57,23,797,5,1281,23,2078,Not in California
Unknown,2021-03-25,45,3422,30,2808,15,557,0,57,34,818,13,1294,34,2112,Not in California
Unknown,2021-03-26,36,3458,17,2825,14,571,5,62,22,829,16,1310,27,2139,Not in California
Unknown,2021-03-27,37,3495,12,2837,25,596,0,62,19,828,20,1330,19,2158,Not in California
Unknown,2021-03-28,18,3513,8,2845,10,606,0,62,14,838,4,1334,14,2172,Not in California
Unknown,2021-03-29,34,3547,13,2858,20,626,1,63,22,849,12,1346,23,2195,Not in California
Unknown,2021-03-30,34,3581,19,2877,15,641,0,63,22,859,12,1358,22,2217,Not in California
Unknown,2021-03-31,37,3618,23,2900,14,655,0,63,27,876,10,1368,27,2244,Not in California
Unknown,2021-04-01,29,3647,14,2914,15,670,0,63,24,895,5,1373,24,2268,Not in California
Unknown,2021-04-02,64,3711,16,2930,38,708,10,73,30,901,34,1407,40,2308,Not in California
Unknown,2021-04-03,18,3729,9,2939,9,717,0,73,8,899,10,1417,8,2316,Not in California
Unknown,2021-04-04,16,3745,5,2944,11,728,0,73,10,904,5,1422,10,2326,Not in California
Unknown,2021-04-05,34,3779,20,2964,13,741,1,74,19,909,15,1437,20,2346,Not in California
Unknown,2021-04-06,35,3814,18,2982,16,757,1,75,17,909,18,1455,18,2364,Not in California
Unknown,2021-04-07,61,3875,46,3028,13,770,2,77,49,949,11,1466,51,2415,Not in California
Unknown,2021-04-08,54,3929,44,3072,6,776,4,81,33,965,21,1487,37,2452,Not in California
Unknown,2021-04-09,57,3986,40,3112,13,789,4,85,41,994,16,1503,45,2497,Not in California
Unknown,2021-04-10,25,4011,24,3136,1,790,0,85,18,1005,7,1510,18,2515,Not in California
Unknown,2021-04-11,13,4024,9,3145,4,794,0,85,5,1002,8,1518,5,2520,Not in California
Unknown,2021-04-12,39,4063,23,3168,15,809,1,86,17,998,22,1540,18,2538,Not in California
Unknown,2021-04-13,80,4143,67,3235,13,822,0,86,58,1034,22,1562,58,2596,Not in California
Unknown,2021-04-14,241,4384,121,3356,120,942,0,86,231,1255,10,1572,231,2827,Not in California
Unknown,2021-04-15,230,4614,113,3469,117,1059,0,86,209,1443,21,1593,209,3036,Not in California
Unknown,2021-04-16,268,4882,111,3580,157,1216,0,86,242,1659,26,1619,242,3278,Not in California
Unknown,2021-04-17,283,5165,174,3754,109,1325,0,86,268,1912,15,1634,268,3546,Not in California
Alameda,2020-12-15,36,36,36,36,0,0,0,0,36,36,0,0,36,36,California
Alameda,2020-12-16,202,238,202,238,0,0,0,0,202,238,0,0,202,238,California
Alameda,2020-12-17,396,634,396,634,0,0,0,0,396,634,0,0,396,634,California
Alameda,2020-12-18,1764,2398,1763,2397,1,1,0,0,1764,2398,0,0,1764,2398,California
Alameda,2020-12-19,1358,3756,1358,3755,0,1,0,0,1358,3756,0,0,1358,3756,California
Alameda,2020-12-20,1158,4914,1157,4912,1,2,0,0,1157,4912,1,1,1157,4913,California
Alameda,2020-12-21,1857,6771,1856,6768,1,3,0,0,1856,6768,0,1,1856,6769,California
Alameda,2020-12-22,2097,8868,2045,8813,52,55,0,0,2097,8865,0,1,2097,8866,California
Alameda,2020-12-23,1926,10794,1670,10483,256,311,0,0,1926,10791,0,1,1926,10792,California
Alameda,2020-12-24,1217,12011,757,11240,460,771,0,0,1217,12008,0,1,1217,12009,California
Alameda,2020-12-25,165,12176,128,11368,37,808,0,0,165,12173,0,1,165,12174,California
Alameda,2020-12-26,867,13043,323,11691,544,1352,0,0,867,13040,0,1,867,13041,California
Alameda,2020-12-27,501,13544,256,11947,245,1597,0,0,501,13541,0,1,501,13542,California
Alameda,2020-12-28,1883,15427,956,12903,927,2524,0,0,1883,15424,0,1,1883,15425,California
Alameda,2020-12-29,2424,17851,1020,13923,1404,3928,0,0,2423,17847,0,1,2423,17848,California
Alameda,2020-12-30,3121,20972,1358,15281,1763,5691,0,0,3123,20970,0,1,3123,20971,California
Alameda,2020-12-31,1785,22757,439,15720,1346,7037,0,0,1784,22753,1,2,1784,22755,California
Alameda,2021-01-01,170,22927,70,15790,100,7137,0,0,169,22921,1,3,169,22924,California
Alameda,2021-01-02,719,23646,521,16311,198,7335,0,0,718,23639,0,3,718,23642,California
Alameda,2021-01-03,341,23987,220,16531,121,7456,0,0,338,23974,3,6,338,23980,California
Alameda,2021-01-04,1649,25636,945,17476,704,8160,0,0,1637,25600,11,17,1637,25617,California
Alameda,2021-01-05,2200,27836,1265,18741,935,9095,0,0,1963,27329,234,251,1963,27580,California
Alameda,2021-01-06,3238,31074,1775,20516,1463,10558,0,0,2424,28944,811,1062,2426,30006,California
Alameda,2021-01-07,3769,34843,2113,22629,1656,12214,0,0,2682,30552,1078,2140,2686,32692,California
Alameda,2021-01-08,4723,39566,2694,25323,2029,14243,0,0,3103,32044,1615,3755,3107,35799,California
Alameda,2021-01-09,2032,41598,1389,26712,643,14886,0,0,1170,32352,862,4617,1170,36969,California
Alameda,2021-01-10,1059,42657,841,27553,218,15104,0,0,423,32138,637,5254,423,37392,California
Alameda,2021-01-11,4623,47280,3496,31049,1127,16231,0,0,2838,33197,1785,7039,2844,40236,California
Alameda,2021-01-12,4819,52099,3243,34292,1576,17807,0,0,3430,35241,1388,8427,3432,43668,California
Alameda,2021-01-13,5021,57120,2652,36944,2369,20176,0,0,3843,37911,1174,9601,3844,47512,California
Alameda,2021-01-14,5603,62723,2740,39684,2863,23039,0,0,4716,41752,878,10479,4719,52231,California
Alameda,2021-01-15,5817,68540,2308,41992,3509,26548,0,0,5053,46051,757,11236,5056,57287,California
Alameda,2021-01-16,3007,71547,1411,43403,1596,28144,0,0,2737,48519,270,11506,2738,60025,California
Alameda,2021-01-17,1864,73411,1080,44483,784,28928,0,0,1659,49975,204,11710,1660,61685,California
Alameda,2021-01-18,3187,76598,2048,46531,1139,30067,0,0,2593,51983,590,12300,2598,64283,California
Alameda,2021-01-19,5517,82115,3330,49861,2187,32254,0,0,4330,55130,1185,13485,4332,68615,California
Alameda,2021-01-20,6687,88802,4024,53885,2663,34917,0,0,5394,59247,1281,14766,5398,74013,California
Alameda,2021-01-21,7738,96540,3383,57268,4355,39272,0,0,6911,65340,821,15587,6914,80927,California
Alameda,2021-01-22,6835,103375,2033,59301,4802,44074,0,0,5697,69908,1131,16718,5699,86626,California
Alameda,2021-01-23,3278,106653,942,60243,2336,46410,0,0,2726,72084,552,17270,2728,89354,California
Alameda,2021-01-24,2048,108701,654,60897,1394,47804,0,0,1772,73584,272,17542,1772,91126,California
Alameda,2021-01-25,5212,113913,1985,62882,3227,51031,0,0,3629,75638,1575,19117,3629,94755,California
Alameda,2021-01-26,7228,121141,2271,65153,4957,55988,0,0,5373,79164,1848,20965,5374,100129,California
Alameda,2021-01-27,6669,127810,2077,67230,4592,60580,0,0,4827,82162,1831,22796,4829,104958,California
Alameda,2021-01-28,7859,135669,2537,69767,5322,65902,0,0,5625,85569,2219,25015,5626,110584,California
Alameda,2021-01-29,7890,143559,3171,72938,4719,70621,0,0,6068,89826,1812,26827,6069,116653,California
Alameda,2021-01-30,3406,146965,1663,74601,1743,72364,0,0,2706,91837,695,27522,2706,119359,California
Alameda,2021-01-31,1900,148865,961,75562,939,73303,0,0,1658,93255,240,27762,1658,121017,California
Alameda,2021-02-01,5947,154812,3349,78911,2598,75901,0,0,4314,95943,1627,29389,4315,125332,California
Alameda,2021-02-02,7440,162252,4238,83149,3202,79103,0,0,4655,97824,2774,32163,4655,129987,California
Alameda,2021-02-03,7072,169324,3726,86875,3346,82449,0,0,4404,99571,2662,34825,4409,134396,California
Alameda,2021-02-04,9487,178811,4128,91003,5359,87808,0,0,6437,102980,3033,37858,6442,140838,California
Alameda,2021-02-05,10317,189128,5385,96388,4932,92740,0,0,6454,105583,3857,41715,6460,147298,California
Alameda,2021-02-06,6993,196121,4435,100823,2558,95298,0,0,5875,110340,1118,42833,5875,153173,California
Alameda,2021-02-07,3582,199703,2894,103717,688,95986,0,0,2644,112050,935,43768,2645,155818,California
Alameda,2021-02-08,8079,207782,5777,109494,2302,98288,0,0,5538,115059,2531,46299,5540,161358,California
Alameda,2021-02-09,9692,217474,5853,115347,3839,102127,0,0,6045,117465,3641,49940,6047,167405,California
Alameda,2021-02-10,11438,228912,6763,122110,4675,106802,0,0,6629,119309,4792,54732,6636,174041,California
Alameda,2021-02-11,13824,242736,7900,130010,5924,112726,0,0,8363,122231,5445,60177,8367,182408,California
Alameda,2021-02-12,12499,255235,5687,135697,6812,119538,0,0,7741,125232,4743,64920,7744,190152,California
Alameda,2021-02-13,7799,263034,4062,139759,3737,123275,0,0,5843,129125,1952,66872,5845,195997,California
Alameda,2021-02-14,4024,267058,2534,142293,1490,124765,0,0,2868,130842,1153,68025,2870,198867,California
Alameda,2021-02-15,5700,272758,3221,145514,2479,127244,0,0,3694,132535,2004,70029,3697,202564,California
Alameda,2021-02-16,12510,285268,6945,152459,5565,132809,0,0,9313,138665,3188,73217,9318,211882,California
Alameda,2021-02-17,14091,299359,8346,160805,5745,138554,0,0,10480,145554,3593,76810,10482,222364,California
Alameda,2021-02-18,15836,315195,10051,170856,5785,144339,0,0,11499,152726,4333,81143,11505,233869,California
Alameda,2021-02-19,17611,332806,11423,182279,6188,150527,0,0,11682,158504,5907,87050,11685,245554,California
Alameda,2021-02-20,11847,344653,9599,191878,2248,152775,0,0,9143,164951,2701,89751,9148,254702,California
Alameda,2021-02-21,6171,350824,5244,197122,927,153702,0,0,3721,166231,2441,92192,3721,258423,California
Alameda,2021-02-22,10685,361509,7910,205032,2775,156477,0,0,6733,169035,3939,96131,6743,265166,California
Alameda,2021-02-23,12684,374193,7706,212738,4978,161455,0,0,7898,172162,4777,100908,7904,273070,California
Alameda,2021-02-24,14635,388828,8196,220934,6439,167894,0,0,9490,176570,5087,105995,9495,282565,California
Alameda,2021-02-25,15583,404411,9117,230051,6466,174360,0,0,9929,180883,5622,111617,9935,292500,California
Alameda,2021-02-26,18069,422480,10623,240674,7446,181806,0,0,11699,186257,6329,117946,11703,304203,California
Alameda,2021-02-27,14683,437163,10797,251471,3884,185690,2,2,9094,189789,5567,123513,9099,313302,California
Alameda,2021-02-28,9129,446292,7697,259168,1432,187122,0,2,6064,192808,3046,126559,6065,319367,California
Alameda,2021-03-01,13191,459483,9169,268337,4021,191143,1,3,8187,196037,4965,131524,8194,327561,California
Alameda,2021-03-02,13708,473191,9542,277879,4166,195309,0,3,8819,199993,4870,136394,8826,336387,California
Alameda,2021-03-03,15229,488420,9874,287753,5354,200663,1,4,10366,205525,4837,141231,10369,346756,California
Alameda,2021-03-04,17220,505640,11013,298766,6206,206869,1,5,10840,210021,6345,147576,10841,357597,California
Alameda,2021-03-05,15811,521451,10222,308988,5581,212450,8,13,10609,215482,5162,152738,10623,368220,California
Alameda,2021-03-06,14200,535651,9943,318931,3998,216448,259,272,9328,220242,4829,157567,9589,377809,California
Alameda,2021-03-07,9277,544928,8070,327001,1127,217575,80,352,6561,224194,2691,160258,6643,384452,California
Alameda,2021-03-08,11579,556507,7137,334138,4074,221649,368,720,8635,230301,2894,163152,9001,393453,California
Alameda,2021-03-09,11295,567802,6972,341110,3895,225544,428,1148,6253,231974,5011,168163,6684,400137,California
Alameda,2021-03-10,16615,584417,11299,352409,4770,230314,546,1694,7533,230992,9059,177222,8077,408214,California
Alameda,2021-03-11,19715,604132,11531,363940,6483,236797,1701,3395,6747,226498,12941,190163,8447,416661,California
Alameda,2021-03-12,21067,625199,12274,376214,7148,243945,1645,5040,7437,221967,13608,203771,9077,425738,California
Alameda,2021-03-13,15811,641010,10092,386306,4745,248690,974,6014,5103,217366,10675,214446,6074,431812,California
Alameda,2021-03-14,10679,651689,7801,394107,2093,250783,785,6799,4667,216817,5996,220442,5447,437259,California
Alameda,2021-03-15,14273,665962,9308,403415,4449,255232,516,7315,6348,215781,7897,228339,6861,444120,California
Alameda,2021-03-16,17089,683051,11077,414492,5485,260717,527,7842,7529,214325,9513,237852,8057,452177,California
Alameda,2021-03-17,17297,700348,9743,424235,6862,267579,692,8534,8130,214009,9136,246988,8820,460997,California
Alameda,2021-03-18,18947,719295,10296,434531,7777,275356,874,9408,8696,213356,10224,257212,9571,470568,California
Alameda,2021-03-19,19042,738337,10302,444833,6953,282309,1787,11195,7616,211374,11380,268592,9398,479966,California
Alameda,2021-03-20,15558,753895,10169,455002,4572,286881,817,12012,6508,209673,9024,277616,7323,487289,California
Alameda,2021-03-21,9020,762915,7083,462085,1408,288289,529,12541,3753,208698,5258,282874,4283,491572,California
Alameda,2021-03-22,14816,777731,9979,472064,3857,292146,980,13521,7157,209190,7642,290516,8134,499706,California
Alameda,2021-03-23,19007,796738,11446,483510,6768,298914,793,14314,10684,212389,8283,298799,11482,511188,California
Alameda,2021-03-24,18894,815632,11366,494876,6539,305453,989,15303,8566,211665,10272,309071,9548,520736,California
Alameda,2021-03-25,20214,835846,11138,506014,7703,313156,1373,16676,9504,211883,10649,319720,10867,531603,California
Alameda,2021-03-26,20572,856418,12316,518330,6728,319884,1528,18204,8806,210484,11724,331444,10325,541928,California
Alameda,2021-03-27,18107,874525,12292,530622,4859,324743,956,19160,7801,208965,10260,341704,8741,550669,California
Alameda,2021-03-28,10412,884937,8433,539055,1777,326520,202,19362,3831,206433,6571,348275,4039,554708,California
Alameda,2021-03-29,14525,899462,9247,548302,4287,330807,991,20353,6253,205433,8244,356519,7244,561952,California
Alameda,2021-03-30,18359,917821,9640,557942,7035,337842,1684,22037,10804,210390,7529,364048,12486,574438,California
Alameda,2021-03-31,19119,936940,10042,567984,7025,344867,2052,24089,9536,212417,9559,373607,11586,586024,California
Alameda,2021-04-01,22901,959841,9907,577891,7530,352397,5464,29553,10939,216881,11935,385542,16399,602423,California
Alameda,2021-04-02,23658,983499,9787,587678,8206,360603,5665,35218,11475,221857,12155,397697,17131,619554,California
Alameda,2021-04-03,19993,1003492,9693,597371,5640,366243,4660,39878,10242,227025,9736,407433,14904,634458,California
Alameda,2021-04-04,9652,1013144,3893,601264,2276,368519,3483,43361,3454,227770,6189,413622,6934,641392,California
Alameda,2021-04-05,17606,1030750,7381,608645,5495,374014,4730,48091,7160,229230,10429,424051,11889,653281,California
Alameda,2021-04-06,21977,1052727,10549,619194,5640,379654,5788,53879,9982,233032,11963,436014,15765,669046,California
Alameda,2021-04-07,22274,1075001,11403,630597,5451,385105,5420,59299,11264,238743,10970,446984,16681,685727,California
Alameda,2021-04-08,25096,1100097,11421,642018,5783,390888,7892,67191,10716,243039,14313,461297,18609,704336,California
Alameda,2021-04-09,22092,1122189,10155,652173,7409,398297,4528,71719,11761,249030,10307,471604,16298,720634,California
Alameda,2021-04-10,18696,1140885,7343,659516,5561,403858,5792,77511,8102,252342,10576,482180,13888,734522,California
Alameda,2021-04-11,10924,1151809,4731,664247,2261,406119,3932,81443,4442,254241,6469,488649,8368,742890,California
Alameda,2021-04-12,16473,1168282,10473,674720,4206,410325,1794,83237,9042,257669,7405,496054,10833,753723,California
Alameda,2021-04-13,22057,1190339,13931,688651,8074,418399,52,83289,16287,268291,5726,501780,16348,770071,California
Alameda,2021-04-14,20808,1211147,13506,702157,7300,425699,2,83291,14074,275664,6705,508485,14078,784149,California
Alameda,2021-04-15,21553,1232700,13775,715932,7775,433474,3,83294,14409,282981,7114,515599,14431,798580,California
Alameda,2021-04-16,23263,1255963,13837,729769,9422,442896,4,83298,15159,290092,8060,523659,15171,813751,California
Alameda,2021-04-17,19788,1275751,13574,743343,6214,449110,0,83298,13686,297710,6078,529737,13696,827447,California
Alameda,2021-04-18,8304,1284055,6445,749788,1859,450969,0,83298,5948,301312,2349,532086,5951,833398,California
Alpine,2020-12-18,2,2,2,2,0,0,0,0,2,2,0,0,2,2,California
Alpine,2020-12-19,2,4,2,4,0,0,0,0,2,4,0,0,2,4,California
Alpine,2020-12-21,2,6,2,6,0,0,0,0,2,6,0,0,2,6,California
Alpine,2020-12-30,15,21,0,6,15,15,0,0,15,21,0,0,15,21,California
Alpine,2020-12-31,1,22,0,6,1,16,0,0,1,22,0,0,1,22,California
Alpine,2021-01-01,1,23,0,6,1,17,0,0,1,23,0,0,1,23,California
Alpine,2021-01-02,1,24,1,7,0,17,0,0,1,24,0,0,1,24,California
Alpine,2021-01-04,10,34,0,7,10,27,0,0,10,34,0,0,10,34,California
Alpine,2021-01-05,9,43,1,8,8,35,0,0,9,43,0,0,9,43,California
Alpine,2021-01-06,31,74,0,8,31,66,0,0,31,74,0,0,31,74,California
Alpine,2021-01-07,8,82,0,8,8,74,0,0,8,82,0,0,8,82,California
Alpine,2021-01-08,4,86,2,10,2,76,0,0,2,82,2,2,2,84,California
Alpine,2021-01-09,2,88,2,12,0,76,0,0,0,80,2,4,0,84,California
Alpine,2021-01-11,32,120,1,13,31,107,0,0,31,110,1,5,31,115,California
Alpine,2021-01-13,35,155,0,13,35,142,0,0,35,145,0,5,35,150,California
Alpine,2021-01-14,2,157,0,13,2,144,0,0,2,147,0,5,2,152,California
Alpine,2021-01-15,1,158,0,13,1,145,0,0,1,148,0,5,1,153,California
Alpine,2021-01-20,21,179,0,13,21,166,0,0,21,169,0,5,21,174,California
Alpine,2021-01-21,1,180,0,13,1,167,0,0,1,170,0,5,1,175,California
Alpine,2021-01-22,32,212,0,13,32,199,0,0,32,202,0,5,32,207,California
Alpine,2021-01-23,1,213,1,14,0,199,0,0,0,201,1,6,0,207,California
Alpine,2021-01-25,16,229,0,14,16,215,0,0,16,217,0,6,16,223,California
Alpine,2021-01-27,1,230,1,15,0,215,0,0,0,216,1,7,0,223,California
Alpine,2021-01-28,12,242,0,15,12,227,0,0,11,226,1,8,11,234,California
Alpine,2021-01-29,1,243,0,15,1,228,0,0,1,227,0,8,1,235,California
Alpine,2021-02-01,26,269,0,15,26,254,0,0,7,215,19,27,7,242,California
Alpine,2021-02-03,34,303,0,15,34,288,0,0,10,201,24,51,10,252,California
Alpine,2021-02-04,9,312,0,15,9,297,0,0,4,200,5,56,4,256,California
Alpine,2021-02-05,31,343,0,15,31,328,0,0,12,193,19,75,12,268,California
Alpine,2021-02-06,1,344,1,16,0,328,0,0,1,194,0,75,1,269,California
Alpine,2021-02-07,1,345,1,17,0,328,0,0,1,195,0,75,1,270,California
Alpine,2021-02-08,32,377,0,17,32,360,0,0,4,171,28,103,4,274,California
Alpine,2021-02-10,34,411,0,17,34,394,0,0,0,137,34,137,0,274,California
Alpine,2021-02-11,6,417,0,17,6,400,0,0,3,137,3,140,3,277,California
Alpine,2021-02-12,1,418,0,17,1,401,0,0,0,136,1,141,0,277,California
Alpine,2021-02-17,23,441,0,17,23,424,0,0,3,119,20,161,3,280,California
Alpine,2021-02-18,2,443,0,17,2,426,0,0,1,119,1,162,1,281,California
Alpine,2021-02-19,34,477,1,18,33,459,0,0,2,89,32,194,2,283,California
Alpine,2021-02-22,28,505,0,18,28,487,0,0,9,79,19,213,9,292,California
Alpine,2021-02-24,1,506,1,19,0,487,0,0,1,80,0,213,1,293,California
Alpine,2021-02-25,17,523,1,20,16,503,0,0,6,75,11,224,6,299,California
Alpine,2021-02-26,29,552,1,21,28,531,0,0,28,102,1,225,28,327,California
Alpine,2021-02-27,1,553,0,21,1,532,0,0,1,103,0,225,1,328,California
Alpine,2021-03-01,35,588,0,21,35,567,0,0,25,118,10,235,25,353,California
Alpine,2021-03-02,1,589,1,22,0,567,0,0,0,117,1,236,0,353,California
Alpine,2021-03-03,30,619,1,23,29,596,0,0,18,123,12,248,18,371,California
Alpine,2021-03-04,13,632,1,24,12,608,0,0,12,134,1,249,12,383,California
Alpine,2021-03-05,30,662,0,24,30,638,0,0,22,148,8,257,22,405,California
Alpine,2021-03-08,32,694,0,24,32,670,0,0,30,176,2,259,30,435,California
Alpine,2021-03-10,76,770,0,24,76,746,0,0,76,252,0,259,76,511,California
Alpine,2021-03-11,36,806,0,24,36,782,0,0,32,280,4,263,32,543,California
Alpine,2021-03-12,20,826,0,24,20,802,0,0,18,296,2,265,18,561,California
Alpine,2021-03-15,21,847,1,25,20,822,0,0,20,315,1,266,20,581,California
Alpine,2021-03-17,22,869,0,25,21,843,1,1,18,330,4,270,19,600,California
Alpine,2021-03-18,40,909,3,28,37,880,0,1,37,364,3,273,37,637,California
Alpine,2021-03-19,2,911,1,29,1,881,0,1,1,364,1,274,1,638,California
Alpine,2021-03-22,25,936,0,29,25,906,0,1,15,369,10,284,15,653,California
Alpine,2021-03-24,19,955,0,29,19,925,0,1,9,368,10,294,9,662,California
Alpine,2021-03-25,38,993,1,30,36,961,1,2,31,393,7,301,32,694,California
Alpine,2021-03-28,1,994,1,31,0,961,0,2,1,394,0,301,1,695,California
Alpine,2021-03-29,20,1014,0,31,19,980,1,3,3,381,17,318,4,699,California
Alpine,2021-04-01,18,1032,0,31,18,998,0,3,8,379,10,328,8,707,California
Alpine,2021-04-02,101,1133,1,32,100,1098,0,3,47,373,53,381,47,754,California
Alpine,2021-04-05,4,1137,1,33,3,1101,0,3,0,369,4,385,0,754,California
Alpine,2021-04-06,3,1140,2,35,1,1102,0,3,2,370,1,386,2,756,California
Alpine,2021-04-07,120,1260,0,35,119,1221,1,4,29,310,90,476,30,786,California
Alpine,2021-04-08,44,1304,0,35,42,1263,2,6,15,298,29,505,17,803,California
Alpine,2021-04-09,1,1305,0,35,1,1264,0,6,1,299,0,505,1,804,California
Alpine,2021-04-14,47,1352,0,35,47,1311,0,6,10,272,37,542,10,814,California
Alpine,2021-04-15,44,1396,0,35,44,1355,0,6,10,248,34,576,10,824,California
Amador,2020-12-16,2,2,2,2,0,0,0,0,2,2,0,0,2,2,California
Amador,2020-12-17,5,7,5,7,0,0,0,0,5,7,0,0,5,7,California
Amador,2020-12-18,45,52,45,52,0,0,0,0,45,52,0,0,45,52,California
Amador,2020-12-19,17,69,17,69,0,0,0,0,17,69,0,0,17,69,California
Amador,2020-12-20,4,73,4,73,0,0,0,0,4,73,0,0,4,73,California
Amador,2020-12-21,32,105,32,105,0,0,0,0,32,105,0,0,32,105,California
Amador,2020-12-22,35,140,34,139,1,1,0,0,35,140,0,0,35,140,California
Amador,2020-12-23,39,179,38,177,1,2,0,0,39,179,0,0,39,179,California
Amador,2020-12-24,5,184,3,180,2,4,0,0,5,184,0,0,5,184,California
Amador,2020-12-26,5,189,4,184,1,5,0,0,5,189,0,0,5,189,California
Amador,2020-12-27,1,190,0,184,1,6,0,0,1,190,0,0,1,190,California
Amador,2020-12-28,31,221,27,211,4,10,0,0,31,221,0,0,31,221,California
Amador,2020-12-29,26,247,19,230,7,17,0,0,26,247,0,0,26,247,California
Amador,2020-12-30,124,371,78,308,46,63,0,0,124,371,0,0,124,371,California
Amador,2020-12-31,192,563,167,475,25,88,0,0,192,563,0,0,192,563,California
Amador,2021-01-01,1,564,0,475,1,89,0,0,1,564,0,0,1,564,California
Amador,2021-01-02,56,620,56,531,0,89,0,0,56,620,0,0,56,620,California
Amador,2021-01-03,65,685,17,548,48,137,0,0,65,685,0,0,65,685,California
Amador,2021-01-04,124,809,1,549,123,260,0,0,124,809,0,0,124,809,California
Amador,2021-01-05,33,842,3,552,30,290,0,0,31,839,2,2,32,841,California
Amador,2021-01-06,40,882,10,562,30,320,0,0,36,871,4,6,36,877,California
Amador,2021-01-07,227,1109,68,630,159,479,0,0,215,1074,12,18,215,1092,California
Amador,2021-01-08,84,1193,70,700,14,493,0,0,40,1071,44,62,41,1133,California
Amador,2021-01-09,11,1204,11,711,0,493,0,0,2,1064,9,71,2,1135,California
Amador,2021-01-10,7,1211,5,716,2,495,0,0,3,1063,4,75,3,1138,California
Amador,2021-01-11,125,1336,45,761,80,575,0,0,89,1116,36,111,89,1227,California
Amador,2021-01-12,64,1400,49,810,15,590,0,0,40,1132,24,135,40,1267,California
Amador,2021-01-13,38,1438,23,833,15,605,0,0,26,1146,12,147,26,1293,California
Amador,2021-01-14,146,1584,20,853,126,731,0,0,136,1272,10,157,136,1429,California
Amador,2021-01-15,54,1638,23,876,31,762,0,0,47,1312,7,164,47,1476,California
Amador,2021-01-16,19,1657,12,888,7,769,0,0,13,1320,6,170,14,1490,California
Amador,2021-01-17,25,1682,5,893,20,789,0,0,25,1345,0,170,25,1515,California
Amador,2021-01-18,31,1713,27,920,4,793,0,0,9,1332,22,192,9,1524,California
Amador,2021-01-19,119,1832,96,1016,23,816,0,0,75,1363,44,236,75,1599,California
Amador,2021-01-20,182,2014,33,1049,149,965,0,0,166,1514,15,251,166,1765,California
Amador,2021-01-21,253,2267,222,1271,31,996,0,0,144,1550,109,360,145,1910,California
Amador,2021-01-22,133,2400,72,1343,61,1057,0,0,126,1669,7,367,126,2036,California
Amador,2021-01-23,52,2452,32,1375,20,1077,0,0,50,1717,2,369,50,2086,California
Amador,2021-01-24,28,2480,12,1387,16,1093,0,0,25,1739,3,372,25,2111,California
Amador,2021-01-25,58,2538,28,1415,30,1123,0,0,41,1763,17,389,41,2152,California
Amador,2021-01-26,243,2781,16,1431,227,1350,0,0,233,1986,10,399,233,2385,California
Amador,2021-01-27,296,3077,30,1461,266,1616,0,0,249,2191,45,444,250,2635,California
Amador,2021-01-28,345,3422,76,1537,269,1885,0,0,284,2415,61,505,285,2920,California
Amador,2021-01-29,95,3517,30,1567,65,1950,0,0,80,2480,15,520,80,3000,California
Amador,2021-01-30,166,3683,32,1599,134,2084,0,0,161,2636,5,525,161,3161,California
Amador,2021-01-31,32,3715,28,1627,4,2088,0,0,31,2666,1,526,31,3192,California
Amador,2021-02-01,63,3778,23,1650,40,2128,0,0,36,2675,27,553,36,3228,California
Amador,2021-02-02,214,3992,65,1715,149,2277,0,0,127,2718,84,637,127,3355,California
Amador,2021-02-03,141,4133,38,1753,103,2380,0,0,90,2758,50,687,90,3445,California
Amador,2021-02-04,247,4380,71,1824,176,2556,0,0,162,2837,85,772,164,3609,California
Amador,2021-02-05,329,4709,62,1886,267,2823,0,0,314,3136,15,787,314,3923,California
Amador,2021-02-06,99,4808,80,1966,19,2842,0,0,95,3227,4,791,95,4018,California
Amador,2021-02-07,38,4846,35,2001,3,2845,0,0,35,3259,3,794,35,4053,California
Amador,2021-02-08,90,4936,62,2063,28,2873,0,0,73,3315,17,811,73,4126,California
Amador,2021-02-09,172,5108,82,2145,90,2963,0,0,108,3359,64,875,108,4234,California
Amador,2021-02-10,713,5821,78,2223,635,3598,0,0,680,4006,33,908,680,4914,California
Amador,2021-02-11,305,6126,118,2341,187,3785,0,0,200,4102,104,1012,200,5114,California
Amador,2021-02-12,324,6450,118,2459,206,3991,0,0,253,4284,71,1083,253,5367,California
Amador,2021-02-13,165,6615,81,2540,84,4075,0,0,139,4397,26,1109,139,5506,California
Amador,2021-02-14,123,6738,54,2594,69,4144,0,0,106,4486,17,1126,106,5612,California
Amador,2021-02-15,186,6924,59,2653,127,4271,0,0,169,4639,16,1142,169,5781,California
Amador,2021-02-16,407,7331,51,2704,356,4627,0,0,370,4973,37,1179,371,6152,California
Amador,2021-02-17,258,7589,80,2784,178,4805,0,0,163,5041,95,1274,163,6315,California
Amador,2021-02-18,398,7987,98,2882,300,5105,0,0,336,5316,62,1336,337,6652,California
Amador,2021-02-19,191,8178,76,2958,115,5220,0,0,110,5345,81,1417,110,6762,California
Amador,2021-02-20,90,8268,29,2987,61,5281,0,0,63,5381,27,1444,63,6825,California
Amador,2021-02-21,45,8313,34,3021,11,5292,0,0,15,5366,30,1474,15,6840,California
Amador,2021-02-22,63,8376,24,3045,39,5331,0,0,32,5368,30,1504,32,6872,California
Amador,2021-02-23,317,8693,55,3100,262,5593,0,0,138,5328,179,1683,139,7011,California
Amador,2021-02-24,396,9089,56,3156,340,5933,0,0,267,5470,125,1808,267,7278,California
Amador,2021-02-25,518,9607,112,3268,406,6339,0,0,281,5515,236,2044,281,7559,California
Amador,2021-02-26,610,10217,76,3344,534,6873,0,0,505,5916,105,2149,506,8065,California
Amador,2021-02-27,286,10503,90,3434,196,7069,0,0,99,5831,186,2335,101,8166,California
Amador,2021-02-28,101,10604,52,3486,49,7118,0,0,55,5843,46,2381,58,8224,California
Amador,2021-03-01,193,10797,66,3552,127,7245,0,0,124,5899,69,2450,125,8349,California
Amador,2021-03-02,386,11183,62,3614,324,7569,0,0,336,6186,50,2500,337,8686,California
Amador,2021-03-03,245,11428,78,3692,167,7736,0,0,170,6283,74,2574,171,8857,California
Amador,2021-03-04,498,11926,116,3808,382,8118,0,0,396,6577,102,2676,396,9253,California
Amador,2021-03-05,516,12442,76,3884,440,8558,0,0,299,6662,216,2892,301,9554,California
Amador,2021-03-06,100,12542,45,3929,54,8612,1,1,55,6673,45,2937,56,9610,California
Amador,2021-03-07,62,12604,42,3971,20,8632,0,1,19,6649,43,2980,19,9629,California
Amador,2021-03-08,155,12759,71,4042,83,8715,1,2,94,6683,61,3041,95,9724,California
Amador,2021-03-09,372,13131,47,4089,325,9040,0,2,313,6940,56,3097,313,10037,California
Amador,2021-03-10,510,13641,73,4162,436,9476,1,3,246,6925,264,3361,249,10286,California
Amador,2021-03-11,474,14115,113,4275,350,9826,11,14,329,7124,144,3505,343,10629,California
Amador,2021-03-12,570,14685,65,4340,497,10323,8,22,356,7280,213,3718,369,10998,California
Amador,2021-03-13,113,14798,17,4357,89,10412,7,29,75,7328,38,3756,86,11084,California
Amador,2021-03-14,89,14887,19,4376,67,10479,3,32,21,7284,68,3824,24,11108,California
Amador,2021-03-15,188,15075,24,4400,151,10630,13,45,58,7227,130,3954,73,11181,California
Amador,2021-03-16,456,15531,54,4454,392,11022,10,55,192,7167,262,4216,202,11383,California
Amador,2021-03-17,194,15725,40,4494,151,11173,3,58,122,7221,72,4288,126,11509,California
Amador,2021-03-18,476,16201,97,4591,375,11548,4,62,254,7260,222,4510,261,11770,California
Amador,2021-03-19,546,16747,57,4648,472,12020,17,79,398,7532,146,4656,418,12188,California
Amador,2021-03-20,108,16855,46,4694,61,12081,1,80,45,7518,62,4718,48,12236,California
Amador,2021-03-21,50,16905,36,4730,13,12094,1,81,33,7538,16,4734,36,12272,California
Amador,2021-03-22,114,17019,33,4763,52,12146,29,110,49,7551,65,4799,78,12350,California
Amador,2021-03-23,440,17459,48,4811,384,12530,8,118,283,7687,155,4954,291,12641,California
Amador,2021-03-24,346,17805,34,4845,59,12589,253,371,37,7669,308,5262,290,12931,California
Amador,2021-03-25,600,18405,81,4926,513,13102,6,377,391,7858,208,5470,397,13328,California
Amador,2021-03-26,743,19148,42,4968,696,13798,5,382,291,7708,449,5919,299,13627,California
Amador,2021-03-27,89,19237,14,4982,73,13871,2,384,27,7677,62,5981,31,13658,California
Amador,2021-03-28,68,19305,15,4997,51,13922,2,386,14,7640,54,6035,17,13675,California
Amador,2021-03-29,185,19490,27,5024,157,14079,1,387,82,7627,101,6136,88,13763,California
Amador,2021-03-30,537,20027,27,5051,509,14588,1,388,300,7692,236,6372,301,14064,California
Amador,2021-03-31,210,20237,58,5109,147,14735,5,393,48,7583,162,6534,53,14117,California
Amador,2021-04-01,615,20852,85,5194,530,15265,0,393,268,7508,345,6879,270,14387,California
Amador,2021-04-02,609,21461,33,5227,564,15829,12,405,384,7682,223,7102,397,14784,California
Amador,2021-04-03,83,21544,20,5247,43,15872,20,425,20,7660,63,7165,41,14825,California
Amador,2021-04-04,39,21583,3,5250,30,15902,6,431,16,7659,23,7188,22,14847,California
Amador,2021-04-05,142,21725,45,5295,79,15981,18,449,44,7625,97,7285,63,14910,California
Amador,2021-04-06,507,22232,37,5332,451,16432,19,468,225,7589,280,7565,244,15154,California
Amador,2021-04-07,107,22339,34,5366,54,16486,19,487,46,7595,59,7624,65,15219,California
Amador,2021-04-08,504,22843,84,5450,398,16884,22,509,227,7568,276,7900,249,15468,California
Amador,2021-04-09,482,23325,20,5470,444,17328,18,527,215,7533,266,8166,231,15699,California
Amador,2021-04-10,51,23376,14,5484,26,17354,11,538,22,7537,29,8195,33,15732,California
Amador,2021-04-11,48,23424,23,5507,21,17375,4,542,22,7537,26,8221,26,15758,California
Amador,2021-04-12,100,23524,26,5533,65,17440,9,551,42,7530,58,8279,51,15809,California
Amador,2021-04-13,351,23875,49,5582,302,17742,0,551,72,7324,278,8557,72,15881,California
Amador,2021-04-14,96,23971,23,5605,73,17815,0,551,43,7316,52,8609,44,15925,California
Amador,2021-04-15,138,24109,70,5675,68,17883,0,551,44,7273,88,8697,45,15970,California
Amador,2021-04-16,484,24593,31,5706,453,18336,0,551,389,7567,95,8792,389,16359,California
Amador,2021-04-17,60,24653,35,5741,25,18361,0,551,24,7555,36,8828,24,16383,California
Amador,2021-04-18,21,24674,5,5746,16,18377,0,551,5,7544,16,8844,5,16388,California
Butte,2020-12-16,3,3,3,3,0,0,0,0,3,3,0,0,3,3,California
Butte,2020-12-17,21,24,21,24,0,0,0,0,21,24,0,0,21,24,California
Butte,2020-12-18,50,74,50,74,0,0,0,0,50,74,0,0,50,74,California
Butte,2020-12-19,7,81,7,81,0,0,0,0,7,81,0,0,7,81,California
Butte,2020-12-20,10,91,10,91,0,0,0,0,10,91,0,0,10,91,California
Butte,2020-12-21,634,725,634,725,0,0,0,0,634,725,0,0,634,725,California
Butte,2020-12-22,618,1343,616,1341,2,2,0,0,618,1343,0,0,618,1343,California
Butte,2020-12-23,870,2213,854,2195,16,18,0,0,870,2213,0,0,870,2213,California
Butte,2020-12-24,159,2372,156,2351,3,21,0,0,159,2372,0,0,159,2372,California
Butte,2020-12-26,93,2465,91,2442,2,23,0,0,93,2465,0,0,93,2465,California
Butte,2020-12-27,35,2500,34,2476,1,24,0,0,35,2500,0,0,35,2500,California
Butte,2020-12-28,279,2779,273,2749,6,30,0,0,279,2779,0,0,279,2779,California
Butte,2020-12-29,204,2983,180,2929,24,54,0,0,204,2983,0,0,204,2983,California
Butte,2020-12-30,501,3484,290,3219,211,265,0,0,501,3484,0,0,501,3484,California
Butte,2020-12-31,211,3695,18,3237,193,458,0,0,211,3695,0,0,211,3695,California
Butte,2021-01-01,8,3703,1,3238,7,465,0,0,8,3703,0,0,8,3703,California
Butte,2021-01-02,37,3740,36,3274,1,466,0,0,37,3740,0,0,37,3740,California
Butte,2021-01-03,4,3744,1,3275,3,469,0,0,4,3744,0,0,4,3744,California
Butte,2021-01-04,208,3952,174,3449,34,503,0,0,208,3952,0,0,208,3952,California
Butte,2021-01-05,195,4147,151,3600,44,547,0,0,194,4145,1,1,194,4146,California
Butte,2021-01-06,622,4769,396,3996,226,773,0,0,617,4758,5,6,618,4764,California
Butte,2021-01-07,761,5530,369,4365,392,1165,0,0,741,5479,20,26,741,5505,California
Butte,2021-01-08,570,6100,529,4894,41,1206,0,0,524,5957,46,72,524,6029,California
Butte,2021-01-09,12,6112,7,4901,5,1211,0,0,7,5959,5,77,7,6036,California
Butte,2021-01-10,19,6131,5,4906,14,1225,0,0,14,5968,5,82,14,6050,California
Butte,2021-01-11,986,7117,950,5856,36,1261,0,0,357,5699,629,711,360,6410,California
Butte,2021-01-12,697,7814,652,6508,45,1306,0,0,274,5550,423,1134,274,6684,California
Butte,2021-01-13,1450,9264,955,7463,495,1801,0,0,615,5332,835,1969,617,7301,California
Butte,2021-01-14,1637,10901,896,8359,741,2542,0,0,1440,6576,196,2165,1440,8741,California
Butte,2021-01-15,1169,12070,925,9284,244,2786,0,0,1060,7526,110,2275,1060,9801,California
Butte,2021-01-16,586,12656,300,9584,286,3072,0,0,541,8022,45,2320,541,10342,California
Butte,2021-01-17,239,12895,64,9648,175,3247,0,0,202,8187,37,2357,202,10544,California
Butte,2021-01-18,342,13237,302,9950,40,3287,0,0,274,8394,67,2424,274,10818,California
Butte,2021-01-19,492,13729,429,10379,63,3350,0,0,219,8340,273,2697,219,11037,California
Butte,2021-01-20,1346,15075,665,11044,681,4031,0,0,1045,9084,301,2998,1045,12082,California
Butte,2021-01-21,1473,16548,865,11909,608,4639,0,0,1367,10346,105,3103,1367,13449,California
Butte,2021-01-22,993,17541,335,12244,658,5297,0,0,940,11233,53,3156,940,14389,California
Butte,2021-01-23,124,17665,82,12326,42,5339,0,0,99,11307,25,3181,99,14488,California
Butte,2021-01-24,9,17674,7,12333,2,5341,0,0,9,11316,0,3181,9,14497,California
Butte,2021-01-25,653,18327,336,12669,317,5658,0,0,490,11643,163,3344,490,14987,California
Butte,2021-01-26,1466,19793,377,13046,1089,6747,0,0,1329,12835,137,3481,1329,16316,California
Butte,2021-01-27,2080,21873,705,13751,1375,8122,0,0,1364,13484,715,4196,1364,17680,California
Butte,2021-01-28,2260,24133,260,14011,2000,10122,0,0,1950,15125,309,4505,1950,19630,California
Butte,2021-01-29,1674,25807,487,14498,1187,11309,0,0,1295,16042,378,4883,1295,20925,California
Butte,2021-01-30,31,25838,9,14507,22,11331,0,0,28,16067,3,4886,28,20953,California
Butte,2021-01-31,17,25855,15,14522,2,11333,0,0,16,16082,1,4887,16,20969,California
Butte,2021-02-01,1746,27601,406,14928,1340,12673,0,0,1359,17056,385,5272,1359,22328,California
Butte,2021-02-02,1931,29532,362,15290,1569,14242,0,0,1628,18380,304,5576,1628,23956,California
Butte,2021-02-03,2734,32266,772,16062,1962,16204,0,0,1845,19338,887,6463,1845,25801,California
Butte,2021-02-04,2959,35225,327,16389,2632,18836,0,0,2404,21189,553,7016,2404,28205,California
Butte,2021-02-05,1167,36392,662,17051,505,19341,0,0,537,21097,630,7646,538,28743,California
Butte,2021-02-06,143,36535,102,17153,41,19382,0,0,61,21076,82,7728,61,28804,California
Butte,2021-02-07,38,36573,34,17187,4,19386,0,0,14,21066,24,7752,14,28818,California
Butte,2021-02-08,689,37262,540,17727,149,19535,0,0,238,20853,451,8203,238,29056,California
Butte,2021-02-09,951,38213,457,18184,494,20029,0,0,724,21350,227,8430,724,29780,California
Butte,2021-02-10,1708,39921,1190,19374,518,20547,0,0,698,21039,1009,9439,698,30478,California
Butte,2021-02-11,2198,42119,1348,20722,850,21397,0,0,1004,20849,1194,10633,1004,31482,California
Butte,2021-02-12,866,42985,301,21023,565,21962,0,0,317,20618,548,11181,317,31799,California
Butte,2021-02-13,254,43239,45,21068,209,22171,0,0,151,20666,103,11284,151,31950,California
Butte,2021-02-14,160,43399,9,21077,151,22322,0,0,155,20816,5,11289,155,32105,California
Butte,2021-02-15,261,43660,48,21125,213,22535,0,0,198,20951,63,11352,198,32303,California
Butte,2021-02-16,729,44389,428,21553,301,22836,0,0,273,20767,457,11809,273,32576,California
Butte,2021-02-17,1512,45901,846,22399,666,23502,0,0,840,20937,670,12479,840,33416,California
Butte,2021-02-18,1549,47450,758,23157,791,24293,0,0,744,20876,805,13284,744,34160,California
Butte,2021-02-19,1165,48615,387,23544,778,25071,0,0,402,20520,758,14042,402,34562,California
Butte,2021-02-20,473,49088,28,23572,445,25516,0,0,120,20288,352,14394,120,34682,California
Butte,2021-02-21,15,49103,13,23585,2,25518,0,0,11,20295,4,14398,11,34693,California
Butte,2021-02-22,1493,50596,296,23881,1197,26715,0,0,384,19571,1108,15506,384,35077,California
Butte,2021-02-23,1631,52227,298,24179,1333,28048,0,0,461,18867,1165,16671,461,35538,California
Butte,2021-02-24,2130,54357,596,24775,1534,29582,0,0,728,18201,1394,18065,728,36266,California
Butte,2021-02-25,2073,56430,575,25350,1498,31080,0,0,654,17440,1416,19481,655,36921,California
Butte,2021-02-26,921,57351,311,25661,610,31690,0,0,398,17318,520,20001,398,37319,California
Butte,2021-02-27,233,57584,47,25708,186,31876,0,0,186,17459,45,20046,186,37505,California
Butte,2021-02-28,140,57724,17,25725,123,31999,0,0,131,17581,9,20055,131,37636,California
Butte,2021-03-01,1623,59347,178,25903,1444,33443,1,1,327,16614,1295,21350,328,37964,California
Butte,2021-03-02,1732,61079,192,26095,1540,34983,0,1,302,15489,1427,22777,302,38266,California
Butte,2021-03-03,2774,63853,840,26935,1934,36917,0,1,480,13676,2293,25070,480,38746,California
Butte,2021-03-04,3120,66973,659,27594,2461,39378,0,1,610,11777,2509,27579,610,39356,California
Butte,2021-03-05,1327,68300,603,28197,723,40101,1,2,721,11896,603,28182,722,40078,California
Butte,2021-03-06,243,68543,27,28224,193,40294,23,25,183,12043,59,28241,206,40284,California
Butte,2021-03-07,55,68598,3,28227,35,40329,17,42,30,12065,25,28266,47,40331,California
Butte,2021-03-08,1260,69858,128,28355,1055,41384,77,119,1097,13078,161,28427,1174,41505,California
Butte,2021-03-09,1895,71753,276,28631,1516,42900,103,222,1410,14107,484,28911,1513,43018,California
Butte,2021-03-10,2319,74072,966,29597,1253,44153,100,322,1581,15054,733,29644,1680,44698,California
Butte,2021-03-11,2802,76874,1314,30911,1364,45517,124,446,1980,16346,812,30456,2104,46802,California
Butte,2021-03-12,1134,78008,324,31235,464,45981,346,792,354,16272,774,31230,700,47502,California
Butte,2021-03-13,250,78258,67,31302,136,46117,47,839,63,16195,187,31417,110,47612,California
Butte,2021-03-14,160,78418,15,31317,103,46220,42,881,21,16120,138,31555,63,47675,California
Butte,2021-03-15,1716,80134,359,31676,1064,47284,293,1174,1125,16950,588,32143,1418,49093,California
Butte,2021-03-16,1621,81755,415,32091,1128,48412,78,1252,1080,17569,538,32681,1157,50250,California
Butte,2021-03-17,1947,83702,1357,33448,509,48921,81,1333,1128,17965,812,33493,1208,51458,California
Butte,2021-03-18,1794,85496,1454,34902,211,49132,129,1462,1055,18413,735,34228,1183,52641,California
Butte,2021-03-19,695,86191,313,35215,298,49430,84,1546,344,18496,345,34573,428,53069,California
Butte,2021-03-20,205,86396,32,35247,157,49587,16,1562,93,18494,111,34684,109,53178,California
Butte,2021-03-21,58,86454,26,35273,3,49590,29,1591,16,18497,42,34726,45,53223,California
Butte,2021-03-22,1458,87912,352,35625,1012,50602,94,1685,1194,19524,261,34987,1288,54511,California
Butte,2021-03-23,1793,89705,488,36113,1191,51793,114,1799,1452,20750,340,35327,1566,56077,California
Butte,2021-03-24,2236,91941,1257,37370,853,52646,126,1925,1694,22031,538,35865,1819,57896,California
Butte,2021-03-25,1463,93404,1182,38552,192,52838,89,2014,1003,22666,457,36322,1092,58988,California
Butte,2021-03-26,1197,94601,434,38986,517,53355,246,2260,559,22840,631,36953,805,59793,California
Butte,2021-03-27,300,94901,84,39070,192,53547,24,2284,132,22830,165,37118,155,59948,California
Butte,2021-03-28,224,95125,43,39113,173,53720,8,2292,100,22816,121,37239,107,60055,California
Butte,2021-03-29,1719,96844,380,39493,1269,54989,70,2362,1308,23786,408,37647,1378,61433,California
Butte,2021-03-30,1029,97873,465,39958,474,55463,90,2452,492,23836,532,38179,582,62015,California
Butte,2021-03-31,1771,99644,1301,41259,403,55866,67,2519,1084,24304,683,38862,1151,63166,California
Butte,2021-04-01,3278,102922,2662,43921,489,56355,127,2646,2210,25579,1063,39925,2338,65504,California
Butte,2021-04-02,993,103915,413,44334,462,56817,118,2764,561,25834,423,40348,678,66182,California
Butte,2021-04-03,344,104259,47,44381,223,57040,74,2838,166,25896,178,40526,240,66422,California
Butte,2021-04-04,185,104444,22,44403,140,57180,23,2861,108,25951,76,40602,131,66553,California
Butte,2021-04-05,1958,106402,420,44823,1368,58548,170,3031,602,25372,1350,41952,771,67324,California
Butte,2021-04-06,2182,108584,617,45440,1145,59693,420,3451,785,25184,1391,43343,1203,68527,California
Butte,2021-04-07,2999,111583,1311,46751,1294,60987,394,3845,689,23962,2305,45648,1083,69610,California
Butte,2021-04-08,2714,114297,1185,47936,1263,62250,266,4111,436,22389,2275,47923,702,70312,California
Butte,2021-04-09,1316,115613,341,48277,534,62784,441,4552,318,22153,994,48917,758,71070,California
Butte,2021-04-10,218,115831,47,48324,74,62858,97,4649,96,22224,121,49038,192,71262,California
Butte,2021-04-11,101,115932,44,48368,47,62905,10,4659,81,22297,18,49056,91,71353,California
Butte,2021-04-12,1235,117167,315,48683,792,63697,128,4787,246,21682,989,50045,374,71727,California
Butte,2021-04-13,1581,118748,573,49256,1002,64699,6,4793,348,20811,1226,51271,355,72082,California
Butte,2021-04-14,2552,121300,2065,51321,487,65186,0,4793,1058,20388,1489,52760,1066,73148,California
Butte,2021-04-15,562,121862,371,51692,191,65377,0,4793,438,20703,123,52883,438,73586,California
Butte,2021-04-16,811,122673,416,52108,395,65772,0,4793,488,20872,319,53202,488,74074,California
Butte,2021-04-17,340,123013,63,52171,277,66049,0,4793,238,21010,100,53302,238,74312,California
Butte,2021-04-18,22,123035,4,52175,18,66067,0,4793,19,21026,3,53305,19,74331,California
Calaveras,2020-12-16,5,5,5,5,0,0,0,0,5,5,0,0,5,5,California
Calaveras,2020-12-17,3,8,3,8,0,0,0,0,3,8,0,0,3,8,California
Calaveras,2020-12-18,38,46,38,46,0,0,0,0,38,46,0,0,38,46,California
Calaveras,2020-12-19,3,49,3,49,0,0,0,0,3,49,0,0,3,49,California
Calaveras,2020-12-20,3,52,3,52,0,0,0,0,3,52,0,0,3,52,California
Calaveras,2020-12-21,55,107,48,100,7,7,0,0,55,107,0,0,55,107,California
Calaveras,2020-12-22,80,187,76,176,4,11,0,0,81,188,0,0,81,188,California
Calaveras,2020-12-23,76,263,74,250,2,13,0,0,85,273,0,0,85,273,California
Calaveras,2020-12-24,2,265,2,252,0,13,0,0,2,275,0,0,2,275,California
Calaveras,2020-12-26,3,268,3,255,0,13,0,0,3,278,0,0,3,278,California
Calaveras,2020-12-28,22,290,18,273,4,17,0,0,21,298,1,1,21,299,California
Calaveras,2020-12-29,167,457,148,421,19,36,0,0,167,465,0,1,167,466,California
Calaveras,2020-12-30,94,551,82,503,12,48,0,0,94,559,0,1,94,560,California
Calaveras,2020-12-31,35,586,25,528,10,58,0,0,35,594,0,1,35,595,California
Calaveras,2021-01-02,11,597,11,539,0,58,0,0,11,605,0,1,11,606,California
Calaveras,2021-01-03,8,605,3,542,5,63,0,0,8,613,0,1,8,614,California
Calaveras,2021-01-04,33,638,5,547,28,91,0,0,33,646,0,1,33,647,California
Calaveras,2021-01-05,41,679,10,557,31,122,0,0,35,678,8,9,40,687,California
Calaveras,2021-01-06,109,788,30,587,79,201,0,0,99,767,10,19,99,786,California
Calaveras,2021-01-07,104,892,25,612,79,280,0,0,92,849,11,30,93,879,California
Calaveras,2021-01-08,69,961,38,650,31,311,0,0,46,873,23,53,47,926,California
Calaveras,2021-01-09,5,966,5,655,0,311,0,0,2,872,3,56,2,928,California
Calaveras,2021-01-10,2,968,0,655,2,313,0,0,2,874,0,56,2,930,California
Calaveras,2021-01-11,65,1033,59,714,6,319,0,0,28,867,36,92,29,959,California
Calaveras,2021-01-12,86,1119,53,767,33,352,0,0,53,888,33,125,54,1013,California
Calaveras,2021-01-13,107,1226,43,810,64,416,0,0,74,930,33,158,75,1088,California
Calaveras,2021-01-14,135,1361,41,851,94,510,0,0,102,1000,32,190,102,1190,California
Calaveras,2021-01-15,113,1474,51,902,62,572,0,0,87,1061,26,216,87,1277,California
Calaveras,2021-01-16,12,1486,2,904,10,582,0,0,11,1071,1,217,11,1288,California
Calaveras,2021-01-17,10,1496,1,905,9,591,0,0,10,1081,0,217,10,1298,California
Calaveras,2021-01-18,132,1628,20,925,112,703,0,0,119,1190,13,230,122,1420,California
Calaveras,2021-01-19,205,1833,175,1100,30,733,0,0,62,1112,141,371,63,1483,California
Calaveras,2021-01-20,393,2226,81,1181,312,1045,0,0,309,1346,83,454,317,1800,California
Calaveras,2021-01-21,462,2688,40,1221,422,1467,0,0,435,1760,27,481,441,2241,California
Calaveras,2021-01-22,432,3120,23,1244,409,1876,0,0,422,2179,10,491,429,2670,California
Calaveras,2021-01-23,22,3142,10,1254,12,1888,0,0,18,2193,4,495,18,2688,California
Calaveras,2021-01-24,14,3156,8,1262,6,1894,0,0,12,2203,2,497,12,2700,California
Calaveras,2021-01-25,121,3277,7,1269,114,2008,0,0,116,2314,5,502,116,2816,California
Calaveras,2021-01-26,49,3326,18,1287,31,2039,0,0,38,2341,11,513,38,2854,California
Calaveras,2021-01-27,161,3487,44,1331,117,2156,0,0,134,2449,26,539,134,2988,California
Calaveras,2021-01-28,164,3651,22,1353,142,2298,0,0,141,2570,23,562,144,3132,California
Calaveras,2021-01-29,445,4096,33,1386,412,2710,0,0,423,2979,22,584,431,3563,California
Calaveras,2021-01-30,28,4124,10,1396,18,2728,0,0,26,3005,0,584,26,3589,California
Calaveras,2021-01-31,5,4129,3,1399,2,2730,0,0,4,3008,1,585,4,3593,California
Calaveras,2021-02-01,53,4182,41,1440,12,2742,0,0,34,3023,19,604,34,3627,California
Calaveras,2021-02-02,110,4292,24,1464,86,2828,0,0,72,3062,34,638,73,3700,California
Calaveras,2021-02-03,438,4730,43,1507,395,3223,0,0,354,3334,83,721,355,4055,California
Calaveras,2021-02-04,376,5106,23,1530,353,3576,0,0,295,3548,81,802,295,4350,California
Calaveras,2021-02-05,80,5186,23,1553,57,3633,0,0,41,3551,39,841,42,4392,California
Calaveras,2021-02-06,22,5208,13,1566,9,3642,0,0,22,3573,0,841,22,4414,California
Calaveras,2021-02-07,4,5212,1,1567,3,3645,0,0,2,3573,2,843,2,4416,California
Calaveras,2021-02-08,39,5251,18,1585,21,3666,0,0,31,3598,6,849,31,4447,California
Calaveras,2021-02-09,207,5458,92,1677,115,3781,0,0,146,3689,55,904,146,4593,California
Calaveras,2021-02-10,505,5963,28,1705,477,4258,0,0,439,4063,66,970,440,5033,California
Calaveras,2021-02-11,578,6541,77,1782,501,4759,0,0,471,4430,105,1075,472,5505,California
Calaveras,2021-02-12,568,7109,325,2107,243,5002,0,0,494,4852,73,1148,495,6000,California
Calaveras,2021-02-13,192,7301,37,2144,155,5157,0,0,177,5014,15,1163,177,6177,California
Calaveras,2021-02-14,221,7522,71,2215,150,5307,0,0,206,5205,15,1178,206,6383,California
Calaveras,2021-02-15,379,7901,22,2237,357,5664,0,0,262,5353,114,1292,262,6645,California
Calaveras,2021-02-16,300,8201,174,2411,126,5790,0,0,243,5539,57,1349,243,6888,California
Calaveras,2021-02-17,526,8727,37,2448,489,6279,0,0,211,5443,308,1657,212,7100,California
Calaveras,2021-02-18,496,9223,90,2538,406,6685,0,0,98,5153,388,2045,98,7198,California
Calaveras,2021-02-19,438,9661,43,2581,395,7080,0,0,97,4919,331,2376,97,7295,California
Calaveras,2021-02-20,59,9720,15,2596,44,7124,0,0,48,4956,11,2387,48,7343,California
Calaveras,2021-02-21,21,9741,13,2609,8,7132,0,0,18,4971,3,2390,18,7361,California
Calaveras,2021-02-22,63,9804,40,2649,23,7155,0,0,33,4974,30,2420,33,7394,California
Calaveras,2021-02-23,150,9954,68,2717,82,7237,0,0,101,5027,49,2469,102,7496,California
Calaveras,2021-02-24,96,10050,47,2764,49,7286,0,0,65,5062,30,2499,65,7561,California
Calaveras,2021-02-25,551,10601,98,2862,453,7739,0,0,361,5236,187,2686,361,7922,California
Calaveras,2021-02-26,719,11320,45,2907,674,8413,0,0,370,5274,334,3020,372,8294,California
Calaveras,2021-02-27,203,11523,22,2929,181,8594,0,0,179,5429,24,3044,179,8473,California
Calaveras,2021-02-28,95,11618,15,2944,80,8674,0,0,91,5516,4,3048,91,8564,California
Calaveras,2021-03-01,276,11894,61,3005,215,8889,0,0,149,5540,126,3174,150,8714,California
Calaveras,2021-03-02,242,12136,92,3097,150,9039,0,0,201,5702,40,3214,202,8916,California
Calaveras,2021-03-03,505,12641,102,3199,403,9442,0,0,212,5623,291,3505,212,9128,California
Calaveras,2021-03-04,766,13407,59,3258,706,10148,1,1,352,5568,410,3915,355,9483,California
Calaveras,2021-03-05,456,13863,270,3528,181,10329,5,6,141,5401,313,4228,146,9629,California
Calaveras,2021-03-06,155,14018,43,3571,106,10435,6,12,121,5494,34,4262,127,9756,California
Calaveras,2021-03-07,76,14094,32,3603,36,10471,8,20,34,5494,42,4304,42,9798,California
Calaveras,2021-03-08,159,14253,25,3628,126,10597,8,28,125,5594,33,4337,133,9931,California
Calaveras,2021-03-09,375,14628,151,3779,218,10815,6,34,38,5304,334,4671,44,9975,California
Calaveras,2021-03-10,413,15041,24,3803,386,11201,3,37,56,5008,355,5026,59,10034,California
Calaveras,2021-03-11,840,15881,413,4216,414,11615,13,50,426,5035,412,5438,439,10473,California
Calaveras,2021-03-12,395,16276,210,4426,174,11789,11,61,324,5303,71,5509,339,10812,California
Calaveras,2021-03-13,176,16452,16,4442,152,11941,8,69,146,5428,31,5540,156,10968,California
Calaveras,2021-03-14,155,16607,10,4452,144,12085,1,70,17,5315,138,5678,25,10993,California
Calaveras,2021-03-15,330,16937,47,4499,257,12342,26,96,53,5121,277,5955,83,11076,California
Calaveras,2021-03-16,708,17645,573,5072,115,12457,20,116,553,5540,154,6109,573,11649,California
Calaveras,2021-03-17,278,17923,52,5124,213,12670,13,129,51,5380,225,6334,65,11714,California
Calaveras,2021-03-18,666,18589,571,5695,80,12750,15,144,551,5833,115,6449,568,12282,California
Calaveras,2021-03-19,228,18817,47,5742,108,12858,73,217,56,5792,169,6618,128,12410,California
Calaveras,2021-03-20,81,18898,21,5763,59,12917,1,218,25,5763,56,6674,27,12437,California
Calaveras,2021-03-21,48,18946,31,5794,6,12923,11,229,13,5752,35,6709,24,12461,California
Calaveras,2021-03-22,80,19026,37,5831,22,12945,21,250,26,5745,54,6763,47,12508,California
Calaveras,2021-03-23,303,19329,218,6049,75,13020,10,260,122,5702,175,6938,132,12640,California
Calaveras,2021-03-24,131,19460,49,6098,72,13092,10,270,44,5669,87,7025,54,12694,California
Calaveras,2021-03-25,736,20196,100,6198,633,13725,3,273,443,5825,290,7315,446,13140,California
Calaveras,2021-03-26,423,20619,25,6223,392,14117,6,279,86,5585,334,7649,94,13234,California
Calaveras,2021-03-27,210,20829,18,6241,188,14305,4,283,37,5459,170,7819,44,13278,California
Calaveras,2021-03-28,110,20939,12,6253,96,14401,2,285,8,5369,101,7920,11,13289,California
Calaveras,2021-03-29,174,21113,22,6275,150,14551,2,287,57,5314,116,8036,61,13350,California
Calaveras,2021-03-30,529,21642,31,6306,482,15033,16,303,356,5514,173,8209,373,13723,California
Calaveras,2021-03-31,324,21966,144,6450,170,15203,10,313,159,5519,165,8374,170,13893,California
Calaveras,2021-04-01,680,22646,439,6889,240,15443,1,314,184,5211,495,8869,187,14080,California
Calaveras,2021-04-02,393,23039,232,7121,153,15596,8,322,117,5063,274,9143,126,14206,California
Calaveras,2021-04-03,141,23180,30,7151,107,15703,4,326,39,5004,102,9245,43,14249,California
Calaveras,2021-04-04,78,23258,25,7176,53,15756,0,326,50,5026,28,9273,50,14299,California
Calaveras,2021-04-05,218,23476,89,7265,120,15876,9,335,101,5020,117,9390,111,14410,California
Calaveras,2021-04-06,650,24126,575,7840,61,15937,14,349,108,4603,539,9929,122,14532,California
Calaveras,2021-04-07,752,24878,653,8493,63,16000,36,385,615,5118,137,10066,652,15184,California
Calaveras,2021-04-08,944,25822,856,9349,68,16068,20,405,438,5073,505,10571,460,15644,California
Calaveras,2021-04-09,148,25970,57,9406,45,16113,46,451,55,5082,93,10664,102,15746,California
Calaveras,2021-04-10,189,26159,43,9449,129,16242,17,468,149,5209,40,10704,167,15913,California
Calaveras,2021-04-11,67,26226,43,9492,22,16264,2,470,46,5236,21,10725,48,15961,California
Calaveras,2021-04-12,102,26328,50,9542,38,16302,14,484,57,5263,45,10770,72,16033,California
Calaveras,2021-04-13,465,26793,409,9951,56,16358,0,484,397,5596,66,10836,399,16432,California
Calaveras,2021-04-14,171,26964,24,9975,147,16505,0,484,128,5682,43,10879,129,16561,California
Calaveras,2021-04-15,336,27300,290,10265,46,16551,0,484,251,5853,81,10960,252,16813,California
Calaveras,2021-04-16,85,27385,17,10282,68,16619,0,484,42,5856,39,10999,42,16855,California
Calaveras,2021-04-17,316,27701,122,10404,194,16813,0,484,277,6094,39,11038,277,17132,California
Calaveras,2021-04-18,8,27709,3,10407,5,16818,0,484,3,6092,5,11043,3,17135,California
Colusa,2020-12-18,1,1,1,1,0,0,0,0,1,1,0,0,1,1,California
Colusa,2020-12-21,2,3,2,3,0,0,0,0,2,3,0,0,2,3,California
Colusa,2020-12-22,10,13,10,13,0,0,0,0,10,13,0,0,10,13,California
Colusa,2020-12-23,10,23,10,23,0,0,0,0,10,23,0,0,10,23,California
Colusa,2020-12-24,2,25,1,24,1,1,0,0,2,25,0,0,2,25,California
Colusa,2020-12-27,1,26,1,25,0,1,0,0,1,26,0,0,1,26,California
Colusa,2020-12-28,7,33,3,28,4,5,0,0,7,33,0,0,7,33,California
Colusa,2020-12-29,11,44,8,36,3,8,0,0,11,44,0,0,11,44,California
Colusa,2020-12-30,50,94,13,49,37,45,0,0,50,94,0,0,50,94,California
Colusa,2020-12-31,18,112,1,50,17,62,0,0,18,112,0,0,18,112,California
Colusa,2021-01-04,4,116,0,50,4,66,0,0,4,116,0,0,4,116,California
Colusa,2021-01-05,67,183,1,51,66,132,0,0,67,183,0,0,67,183,California
Colusa,2021-01-06,15,198,9,60,6,138,0,0,15,198,0,0,15,198,California
Colusa,2021-01-07,38,236,4,64,34,172,0,0,37,234,1,1,37,235,California
Colusa,2021-01-08,9,245,7,71,2,174,0,0,8,241,1,2,8,243,California
Colusa,2021-01-09,2,247,1,72,1,175,0,0,2,243,0,2,2,245,California
Colusa,2021-01-10,1,248,0,72,1,176,0,0,1,244,0,2,1,246,California
Colusa,2021-01-11,12,260,6,78,6,182,0,0,7,246,5,7,7,253,California
Colusa,2021-01-12,11,271,9,87,2,184,0,0,6,247,5,12,6,259,California
Colusa,2021-01-13,21,292,13,100,8,192,0,0,13,252,8,20,13,272,California
Colusa,2021-01-14,35,327,28,128,7,199,0,0,33,283,2,22,33,305,California
Colusa,2021-01-15,41,368,5,133,36,235,0,0,39,320,2,24,39,344,California
Colusa,2021-01-16,12,380,1,134,11,246,0,0,11,330,1,25,11,355,California
Colusa,2021-01-17,3,383,2,136,1,247,0,0,2,331,1,26,2,357,California
Colusa,2021-01-18,4,387,0,136,4,251,0,0,4,335,0,26,4,361,California
Colusa,2021-01-19,9,396,8,144,1,252,0,0,5,336,4,30,5,366,California
Colusa,2021-01-20,115,511,101,245,14,266,0,0,102,425,13,43,102,468,California
Colusa,2021-01-21,56,567,41,286,15,281,0,0,55,479,1,44,55,523,California
Colusa,2021-01-22,40,607,17,303,23,304,0,0,35,509,5,49,35,558,California
Colusa,2021-01-23,35,642,6,309,29,333,0,0,35,544,0,49,35,593,California
Colusa,2021-01-25,7,649,0,309,7,340,0,0,7,551,0,49,7,600,California
Colusa,2021-01-26,8,657,5,314,3,343,0,0,5,553,3,52,5,605,California
Colusa,2021-01-27,107,764,31,345,76,419,0,0,105,656,2,54,105,710,California
Colusa,2021-01-28,79,843,46,391,33,452,0,0,72,721,7,61,72,782,California
Colusa,2021-01-29,40,883,7,398,33,485,0,0,39,759,1,62,39,821,California
Colusa,2021-01-30,27,910,4,402,23,508,0,0,27,786,0,62,27,848,California
Colusa,2021-01-31,7,917,7,409,0,508,0,0,7,793,0,62,7,855,California
Colusa,2021-02-01,27,944,10,419,17,525,0,0,22,810,5,67,22,877,California
Colusa,2021-02-02,42,986,8,427,34,559,0,0,36,840,6,73,36,913,California
Colusa,2021-02-03,69,1055,10,437,59,618,0,0,59,889,10,83,59,972,California
Colusa,2021-02-04,143,1198,81,518,62,680,0,0,115,976,28,111,115,1087,California
Colusa,2021-02-05,32,1230,8,526,24,704,0,0,29,1002,3,114,29,1116,California
Colusa,2021-02-06,284,1514,8,534,276,980,0,0,273,1264,11,125,273,1389,California
Colusa,2021-02-07,2,1516,1,535,1,981,0,0,0,1262,2,127,0,1389,California
Colusa,2021-02-08,40,1556,5,540,35,1016,0,0,37,1296,3,130,37,1426,California
Colusa,2021-02-09,231,1787,14,554,217,1233,0,0,176,1417,55,185,176,1602,California
Colusa,2021-02-10,116,1903,41,595,75,1308,0,0,73,1447,43,228,73,1675,California
Colusa,2021-02-11,97,2000,36,631,61,1369,0,0,72,1494,25,253,72,1747,California
Colusa,2021-02-12,118,2118,9,640,109,1478,0,0,80,1535,39,292,80,1827,California
Colusa,2021-02-13,60,2178,8,648,52,1530,0,0,52,1579,8,300,52,1879,California
Colusa,2021-02-14,20,2198,8,656,12,1542,0,0,14,1587,6,306,14,1893,California
Colusa,2021-02-15,45,2243,10,666,35,1577,0,0,38,1618,7,313,38,1931,California
Colusa,2021-02-16,67,2310,4,670,63,1640,0,0,66,1683,1,314,66,1997,California
Colusa,2021-02-17,206,2516,143,813,63,1703,0,0,60,1597,146,460,60,2057,California
Colusa,2021-02-18,135,2651,35,848,100,1803,0,0,112,1686,23,483,112,2169,California
Colusa,2021-02-19,155,2806,19,867,136,1939,0,0,129,1789,26,509,129,2298,California
Colusa,2021-02-20,28,2834,6,873,22,1961,0,0,12,1785,16,525,12,2310,California
Colusa,2021-02-21,1,2835,1,874,0,1961,0,0,0,1784,1,526,0,2310,California
Colusa,2021-02-22,43,2878,26,900,17,1978,0,0,29,1799,14,540,29,2339,California
Colusa,2021-02-23,22,2900,6,906,16,1994,0,0,18,1813,4,544,18,2357,California
Colusa,2021-02-24,300,3200,54,960,246,2240,0,0,158,1829,142,686,158,2515,California
Colusa,2021-02-25,101,3301,54,1014,47,2287,0,0,66,1860,35,721,66,2581,California
Colusa,2021-02-26,96,3397,12,1026,84,2371,0,0,58,1880,38,759,58,2639,California
Colusa,2021-02-27,55,3452,4,1030,51,2422,0,0,40,1905,15,774,40,2679,California
Colusa,2021-02-28,26,3478,14,1044,12,2434,0,0,18,1915,8,782,18,2697,California
Colusa,2021-03-01,46,3524,15,1059,31,2465,0,0,29,1927,17,799,29,2726,California
Colusa,2021-03-02,47,3571,13,1072,34,2499,0,0,24,1928,23,822,24,2750,California
Colusa,2021-03-03,237,3808,38,1110,199,2698,0,0,180,2051,57,879,180,2930,California
Colusa,2021-03-04,136,3944,58,1168,78,2776,0,0,80,2075,56,935,80,3010,California
Colusa,2021-03-05,98,4042,25,1193,64,2840,9,9,53,2092,45,980,62,3072,California
Colusa,2021-03-06,274,4316,9,1202,265,3105,0,9,37,1892,237,1217,37,3109,California
Colusa,2021-03-07,8,4324,5,1207,3,3108,0,9,6,1896,2,1219,6,3115,California
Colusa,2021-03-08,88,4412,20,1227,33,3141,35,44,44,1931,44,1263,79,3194,California
Colusa,2021-03-09,272,4684,70,1297,179,3320,23,67,83,1848,189,1452,106,3300,California
Colusa,2021-03-10,287,4971,35,1332,216,3536,36,103,201,1999,86,1538,237,3537,California
Colusa,2021-03-11,415,5386,57,1389,337,3873,21,124,333,2270,82,1620,353,3890,California
Colusa,2021-03-12,110,5496,18,1407,79,3952,13,137,19,2211,91,1711,32,3922,California
Colusa,2021-03-13,61,5557,16,1423,36,3988,9,146,18,2195,43,1754,27,3949,California
Colusa,2021-03-14,20,5577,0,1423,18,4006,2,148,6,2190,13,1767,8,3957,California
Colusa,2021-03-15,68,5645,26,1449,34,4040,8,156,13,2156,55,1822,21,3978,California
Colusa,2021-03-16,292,5937,15,1464,231,4271,46,202,185,2280,107,1929,231,4209,California
Colusa,2021-03-17,194,6131,49,1513,145,4416,0,202,110,2306,84,2013,110,4319,California
Colusa,2021-03-18,319,6450,33,1546,215,4631,71,273,196,2450,123,2136,267,4586,California
Colusa,2021-03-19,77,6527,20,1566,55,4686,2,275,54,2483,23,2159,56,4642,California
Colusa,2021-03-20,48,6575,7,1573,40,4726,1,276,35,2506,13,2172,36,4678,California
Colusa,2021-03-21,6,6581,4,1577,2,4728,0,276,4,2508,2,2174,4,4682,California
Colusa,2021-03-22,63,6644,10,1587,44,4772,9,285,41,2536,22,2196,50,4732,California
Colusa,2021-03-23,81,6725,16,1603,63,4835,2,287,54,2565,27,2223,56,4788,California
Colusa,2021-03-24,334,7059,56,1659,272,5107,6,293,69,2374,265,2488,74,4862,California
Colusa,2021-03-25,107,7166,59,1718,43,5150,5,298,50,2372,57,2545,55,4917,California
Colusa,2021-03-26,297,7463,46,1764,247,5397,4,302,244,2567,53,2598,248,5165,California
Colusa,2021-03-27,62,7525,5,1769,57,5454,0,302,24,2553,38,2636,24,5189,California
Colusa,2021-03-28,15,7540,6,1775,9,5463,0,302,7,2552,8,2644,7,5196,California
Colusa,2021-03-29,68,7608,19,1794,44,5507,5,307,30,2549,38,2682,35,5231,California
Colusa,2021-03-30,147,7755,78,1872,67,5574,2,309,77,2558,70,2752,79,5310,California
Colusa,2021-03-31,226,7981,35,1907,191,5765,0,309,72,2477,153,2905,72,5382,California
Colusa,2021-04-01,420,8401,64,1971,301,6066,55,364,299,2711,120,3025,354,5736,California
Colusa,2021-04-02,81,8482,14,1985,54,6120,13,377,39,2721,42,3067,52,5788,California
Colusa,2021-04-03,62,8544,10,1995,29,6149,23,400,14,2710,48,3115,37,5825,California
Colusa,2021-04-04,18,8562,0,1995,8,6157,10,410,3,2708,15,3130,13,5838,California
Colusa,2021-04-05,95,8657,25,2020,55,6212,15,425,39,2706,56,3186,54,5892,California
Colusa,2021-04-06,128,8785,33,2053,45,6257,50,475,43,2714,85,3271,93,5985,California
Colusa,2021-04-07,356,9141,40,2093,293,6550,23,498,132,2646,224,3495,156,6141,California
Colusa,2021-04-08,427,9568,33,2126,366,6916,28,526,121,2492,303,3798,149,6290,California
Colusa,2021-04-09,75,9643,20,2146,32,6948,23,549,28,2496,47,3845,51,6341,California
Colusa,2021-04-10,45,9688,9,2155,16,6964,20,569,13,2497,32,3877,33,6374,California
Colusa,2021-04-11,15,9703,2,2157,11,6975,2,571,7,2498,8,3885,9,6383,California
Colusa,2021-04-12,31,9734,3,2160,28,7003,0,571,24,2515,7,3892,24,6407,California
Colusa,2021-04-13,278,10012,22,2182,256,7259,0,571,94,2426,183,4075,94,6501,California
Colusa,2021-04-14,91,10103,18,2200,73,7332,0,571,32,2399,59,4134,32,6533,California
Colusa,2021-04-15,302,10405,37,2237,265,7597,0,571,117,2332,185,4319,118,6651,California
Colusa,2021-04-16,73,10478,11,2248,62,7659,0,571,31,2322,41,4360,31,6682,California
Colusa,2021-04-17,50,10528,8,2256,42,7701,0,571,30,2332,20,4380,30,6712,California
Colusa,2021-04-18,5,10533,3,2259,2,7703,0,571,4,2335,1,4381,4,6716,California
Contra Costa,2020-12-15,18,18,18,18,0,0,0,0,18,18,0,0,18,18,California
Contra Costa,2020-12-16,522,540,522,540,0,0,0,0,522,540,0,0,522,540,California
Contra Costa,2020-12-17,908,1448,908,1448,0,0,0,0,908,1448,0,0,908,1448,California
Contra Costa,2020-12-18,1590,3038,1589,3037,1,1,0,0,1590,3038,0,0,1590,3038,California
Contra Costa,2020-12-19,1102,4140,1101,4138,1,2,0,0,1102,4140,0,0,1102,4140,California
Contra Costa,2020-12-20,583,4723,582,4720,1,3,0,0,583,4723,0,0,583,4723,California
Contra Costa,2020-12-21,1652,6375,1650,6370,2,5,0,0,1652,6375,0,0,1652,6375,California
Contra Costa,2020-12-22,1667,8042,1563,7933,104,109,0,0,1667,8042,0,0,1667,8042,California
Contra Costa,2020-12-23,1579,9621,1333,9266,246,355,0,0,1579,9621,0,0,1579,9621,California
Contra Costa,2020-12-24,654,10275,336,9602,318,673,0,0,654,10275,0,0,654,10275,California
Contra Costa,2020-12-25,39,10314,17,9619,22,695,0,0,39,10314,0,0,39,10314,California
Contra Costa,2020-12-26,640,10954,131,9750,509,1204,0,0,640,10954,0,0,640,10954,California
Contra Costa,2020-12-27,240,11194,86,9836,154,1358,0,0,240,11194,0,0,240,11194,California
Contra Costa,2020-12-28,1828,13022,861,10697,967,2325,0,0,1828,13022,0,0,1828,13022,California
Contra Costa,2020-12-29,1824,14846,824,11521,1000,3325,0,0,1824,14846,0,0,1824,14846,California
Contra Costa,2020-12-30,2389,17235,1213,12734,1176,4501,0,0,2388,17234,0,0,2388,17234,California
Contra Costa,2020-12-31,911,18146,307,13041,604,5105,0,0,910,18144,0,0,910,18144,California
Contra Costa,2021-01-01,58,18204,23,13064,35,5140,0,0,58,18202,0,0,58,18202,California
Contra Costa,2021-01-02,331,18535,172,13236,159,5299,0,0,331,18533,0,0,331,18533,California
Contra Costa,2021-01-03,175,18710,117,13353,58,5357,0,0,174,18707,0,0,174,18707,California
Contra Costa,2021-01-04,1895,20605,1246,14599,649,6006,0,0,1874,20562,19,19,1874,20581,California
Contra Costa,2021-01-05,2093,22698,1255,15854,838,6844,0,0,1834,22139,258,277,1835,22416,California
Contra Costa,2021-01-06,3265,25963,2239,18093,1026,7870,0,0,2505,23893,754,1031,2508,24924,California
Contra Costa,2021-01-07,3082,29045,2053,20146,1029,8899,0,0,1871,24556,1208,2239,1871,26795,California
Contra Costa,2021-01-08,3374,32419,2384,22530,990,9889,0,0,1813,24817,1555,3794,1816,28611,California
Contra Costa,2021-01-09,1584,34003,1133,23663,451,10340,0,0,748,24732,835,4629,750,29361,California
Contra Costa,2021-01-10,359,34362,286,23949,73,10413,0,0,150,24673,209,4838,150,29511,California
Contra Costa,2021-01-11,3834,38196,3119,27068,715,11128,0,0,2231,25303,1603,6441,2233,31744,California
Contra Costa,2021-01-12,3903,42099,2929,29997,974,12102,0,0,2579,26560,1324,7765,2581,34325,California
Contra Costa,2021-01-13,4664,46763,2880,32877,1784,13886,0,0,3731,29362,929,8694,3731,38056,California
Contra Costa,2021-01-14,4297,51060,1552,34429,2745,16631,0,0,3914,32893,383,9077,3914,41970,California
Contra Costa,2021-01-15,5317,56377,2453,36882,2864,19495,0,0,4994,37569,322,9399,4998,46968,California
Contra Costa,2021-01-16,1708,58085,549,37431,1159,20654,0,0,1633,39127,75,9474,1633,48601,California
Contra Costa,2021-01-17,1632,59717,971,38402,661,21315,0,0,1510,40518,122,9596,1513,50114,California
Contra Costa,2021-01-18,3184,62901,1251,39653,1933,23248,0,0,2561,42463,617,10213,2562,52676,California
Contra Costa,2021-01-19,7053,69954,3155,42808,3898,27146,0,0,6051,47520,999,11212,6056,58732,California
Contra Costa,2021-01-20,6597,76551,4046,46854,2551,29697,0,0,5368,51668,1225,12437,5373,64105,California
Contra Costa,2021-01-21,6950,83501,3087,49941,3863,33560,0,0,6229,57188,716,13153,6236,70341,California
Contra Costa,2021-01-22,6359,89860,2697,52638,3662,37222,0,0,5502,61846,847,14000,5505,75846,California
Contra Costa,2021-01-23,2022,91882,357,52995,1665,38887,0,0,1765,63358,255,14255,1767,77613,California
Contra Costa,2021-01-24,1579,93461,218,53213,1361,40248,0,0,1434,64651,145,14400,1438,79051,California
Contra Costa,2021-01-25,6637,100098,3013,56226,3624,43872,0,0,5078,68175,1557,15957,5081,84132,California
Contra Costa,2021-01-26,8047,108145,4659,60885,3388,47260,0,0,6219,72576,1820,17777,6221,90353,California
Contra Costa,2021-01-27,8218,116363,5480,66365,2738,49998,0,0,6331,77106,1805,19582,6335,96688,California
Contra Costa,2021-01-28,7381,123744,4053,70418,3328,53326,0,0,5790,81315,1585,21167,5794,102482,California
Contra Costa,2021-01-29,7420,131164,3877,74295,3543,56869,0,0,6116,86132,1301,22468,6118,108600,California
Contra Costa,2021-01-30,2079,133243,595,74890,1484,58353,0,0,1714,87488,358,22826,1714,110314,California
Contra Costa,2021-01-31,699,133942,480,75370,219,58572,0,0,572,87936,124,22950,572,110886,California
Contra Costa,2021-02-01,5511,139453,3759,79129,1752,60324,0,0,3886,90205,1620,24570,3889,114775,California
Contra Costa,2021-02-02,7743,147196,5273,84402,2470,62794,0,0,5895,94255,1846,26416,5896,120671,California
Contra Costa,2021-02-03,8261,155457,5455,89857,2806,65600,0,0,5630,97265,2621,29037,5631,126302,California
Contra Costa,2021-02-04,7435,162892,3531,93388,3904,69504,0,0,5723,101281,1709,30746,5725,132027,California
Contra Costa,2021-02-05,8420,171312,4819,98207,3601,73105,0,0,5721,104310,2692,33438,5721,137748,California
Contra Costa,2021-02-06,3461,174773,2150,100357,1311,74416,0,0,2814,106479,646,34084,2815,140563,California
Contra Costa,2021-02-07,977,175750,706,101063,271,74687,0,0,602,106707,374,34458,602,141165,California
Contra Costa,2021-02-08,5794,181544,3433,104496,2361,77048,0,0,4323,109565,1466,35924,4324,145489,California
Contra Costa,2021-02-09,8633,190177,4760,109256,3873,80921,0,0,5754,112446,2874,38798,5755,151244,California
Contra Costa,2021-02-10,8598,198775,4641,113897,3957,84878,0,0,5400,114667,3183,41981,5404,156648,California
Contra Costa,2021-02-11,9218,207993,4195,118092,5023,89901,0,0,5251,115961,3961,45942,5255,161903,California
Contra Costa,2021-02-12,10052,218045,4604,122696,5448,95349,0,0,5453,116824,4593,50535,5456,167359,California
Contra Costa,2021-02-13,4863,222908,1359,124055,3504,98853,0,0,3399,118763,1461,51996,3400,170759,California
Contra Costa,2021-02-14,2085,224993,864,124919,1221,100074,0,0,1224,119127,860,52856,1224,171983,California
Contra Costa,2021-02-15,4438,229431,2461,127380,1977,102051,0,0,2350,119396,2082,54938,2351,174334,California
Contra Costa,2021-02-16,10399,239830,4897,132277,5502,107553,0,0,4635,118277,5757,60695,4638,178972,California
Contra Costa,2021-02-17,12256,252086,6114,138391,6142,113695,0,0,5619,117273,6623,67318,5619,184591,California
Contra Costa,2021-02-18,11432,263518,5944,144335,5488,119183,0,0,5309,116472,6112,73430,5311,189902,California
Contra Costa,2021-02-19,11386,274904,7098,151433,4288,123471,0,0,5169,115439,6203,79633,5170,195072,California
Contra Costa,2021-02-20,6432,281336,2885,154318,3547,127018,0,0,4563,118151,1853,81486,4565,199637,California
Contra Costa,2021-02-21,1793,283129,1247,155565,546,127564,0,0,1080,118519,712,82198,1080,200717,California
Contra Costa,2021-02-22,7518,290647,5089,160654,2429,129993,0,0,3457,117927,4051,86249,3459,204176,California
Contra Costa,2021-02-23,11863,302510,7234,167888,4629,134622,0,0,5903,117887,5947,92196,5907,210083,California
Contra Costa,2021-02-24,10452,312962,7665,175553,2787,137409,0,0,5034,117521,5402,97598,5036,215119,California
Contra Costa,2021-02-25,11433,324395,7200,182753,4233,141642,0,0,5192,116495,6222,103820,5196,220315,California
Contra Costa,2021-02-26,10671,335066,6728,189481,3943,145585,0,0,5288,116415,5369,109189,5289,225604,California
Contra Costa,2021-02-27,6605,341671,4200,193681,2405,147990,0,0,4101,118019,2498,111687,4102,229706,California
Contra Costa,2021-02-28,3782,345453,3114,196795,668,148658,0,0,3187,120615,592,112279,3188,232894,California
Contra Costa,2021-03-01,8080,353533,6073,202868,2006,150664,1,1,4962,122475,3105,115384,4965,237859,California
Contra Costa,2021-03-02,10092,363625,6296,209164,3795,154459,1,2,5230,122859,4847,120231,5231,243090,California
Contra Costa,2021-03-03,11060,374685,6903,216067,4156,158615,1,3,6159,124134,4886,125117,6161,249251,California
Contra Costa,2021-03-04,11837,386522,7057,223124,4780,163395,0,3,6128,124571,5691,130808,6128,255379,California
Contra Costa,2021-03-05,11197,397719,6654,229778,4538,167933,5,8,6368,126129,4815,135623,6373,261752,California
Contra Costa,2021-03-06,7268,404987,3989,233767,2971,170904,308,316,4700,128579,2556,138179,5006,266758,California
Contra Costa,2021-03-07,3604,408591,2260,236027,1285,172189,59,375,2932,130899,671,138850,2991,269749,California
Contra Costa,2021-03-08,8028,416619,3748,239775,3977,176166,303,678,5351,133891,2666,141516,5658,275407,California
Contra Costa,2021-03-09,10149,426768,4979,244754,4877,181043,293,971,5021,134084,5122,146638,5315,280722,California
Contra Costa,2021-03-10,12091,438859,5949,250703,4653,185696,1489,2460,5461,134406,6623,153261,6945,287667,California
Contra Costa,2021-03-11,12444,451303,6556,257259,5329,191025,559,3019,6354,135252,6070,159331,6916,294583,California
Contra Costa,2021-03-12,12502,463805,5121,262380,6840,197865,541,3560,6249,135804,6238,165569,6790,301373,California
Contra Costa,2021-03-13,7725,471530,3066,265446,4240,202105,419,3979,3063,134635,4645,170214,3476,304849,California
Contra Costa,2021-03-14,4338,475868,2542,267988,1312,203417,484,4463,2076,134937,2257,172471,2559,307408,California
Contra Costa,2021-03-15,9362,485230,5051,273039,3559,206976,752,5215,4750,135841,4598,177069,5502,312910,California
Contra Costa,2021-03-16,14231,499461,8451,281490,5385,212361,395,5610,7261,136547,6950,184019,7656,320566,California
Contra Costa,2021-03-17,14960,514421,10325,291815,4425,216786,210,5820,8567,138956,6373,190392,8782,329348,California
Contra Costa,2021-03-18,15341,529762,8525,300340,6336,223122,480,6300,8782,141683,6533,196925,9260,338608,California
Contra Costa,2021-03-19,15472,545234,8866,309206,5218,228340,1388,7688,8297,144209,7163,204088,9689,348297,California
Contra Costa,2021-03-20,10593,555827,6325,315531,3966,232306,302,7990,5230,144393,5347,209435,5531,353828,California
Contra Costa,2021-03-21,4434,560261,3879,319410,470,232776,85,8075,2088,144224,2341,211776,2172,356000,California
Contra Costa,2021-03-22,11498,571759,8665,328075,2585,235361,248,8323,7076,147137,4410,216186,7323,363323,California
Contra Costa,2021-03-23,15578,587337,10727,338802,4681,240042,170,8493,9521,150799,6031,222217,9693,373016,California
Contra Costa,2021-03-24,14911,602248,11646,350448,3053,243095,212,8705,9178,154486,5705,227922,9392,382408,California
Contra Costa,2021-03-25,15146,617394,11807,362255,3068,246163,271,8976,9359,158366,5750,233672,9630,392038,California
Contra Costa,2021-03-26,14882,632276,10674,372929,3813,249976,395,9371,8799,161493,6064,239736,9191,401229,California
Contra Costa,2021-03-27,10395,642671,6733,379662,3154,253130,508,9879,5764,163139,4623,244359,6269,407498,California
Contra Costa,2021-03-28,4117,646788,2914,382576,1150,254280,53,9932,1770,162625,2337,246696,1823,409321,California
Contra Costa,2021-03-29,10829,657617,8464,391040,2251,256531,114,10046,7102,166129,3713,250409,7217,416538,California
Contra Costa,2021-03-30,16711,674328,9109,400149,6249,262780,1353,11399,11064,172908,5633,256042,12412,428950,California
Contra Costa,2021-03-31,17922,692250,12556,412705,3928,266708,1438,12837,11580,179616,6312,262354,13020,441970,California
Contra Costa,2021-04-01,17393,709643,12188,424893,3844,270552,1361,14198,11346,186295,6028,268382,12707,454677,California
Contra Costa,2021-04-02,17356,726999,12825,437718,3529,274081,1002,15200,11564,193080,5783,274165,12568,467245,California
Contra Costa,2021-04-03,10771,737770,6429,444147,2814,276895,1528,16728,6195,196240,4563,278728,7723,474968,California
Contra Costa,2021-04-04,3230,741000,1255,445402,1414,278309,561,17289,845,195265,2381,281109,1406,476374,California
Contra Costa,2021-04-05,12039,753039,7872,453274,3209,281518,958,18247,6604,197403,5425,286534,7563,483937,California
Contra Costa,2021-04-06,17242,770281,11985,465259,2987,284505,2270,20517,9759,201968,7465,293999,12030,495967,California
Contra Costa,2021-04-07,18415,788696,12490,477749,3137,287642,2788,23305,10474,207349,7922,301921,13303,509270,California
Contra Costa,2021-04-08,18572,807268,12447,490196,3234,290876,2891,26196,10029,211740,8520,310441,12911,522181,California
Contra Costa,2021-04-09,18364,825632,11810,502006,4185,295061,2369,28565,9975,215718,8366,318807,12344,534525,California
Contra Costa,2021-04-10,10455,836087,3808,505814,2129,297190,4518,33083,3287,216359,7156,325963,7797,542322,California
Contra Costa,2021-04-11,3314,839401,1985,507799,680,297870,649,33732,1128,215957,2181,328144,1779,544101,California
Contra Costa,2021-04-12,11579,850980,7626,515425,2927,300797,1026,34758,5461,216342,6107,334251,6492,550593,California
Contra Costa,2021-04-13,17508,868488,10642,526067,6861,307658,5,34763,11679,222226,5806,340057,11690,562283,California
Contra Costa,2021-04-14,16869,885357,10554,536621,6315,313973,0,34763,9366,224113,7482,347539,9369,571652,California
Contra Costa,2021-04-15,15959,901316,9942,546563,6016,319989,1,34764,7141,222500,8788,356327,7175,578827,California
Contra Costa,2021-04-16,16331,917647,10325,556888,6004,325993,2,34766,7230,220664,9078,365405,7242,586069,California
Contra Costa,2021-04-17,10797,928444,6074,562962,4723,330716,0,34766,5695,221278,5086,370491,5700,591769,California
Contra Costa,2021-04-18,2415,930859,1865,564827,550,331266,0,34766,1634,222135,777,371268,1634,593403,California
Del Norte,2020-12-21,23,23,23,23,0,0,0,0,23,23,0,0,23,23,California
Del Norte,2020-12-22,46,69,46,69,0,0,0,0,46,69,0,0,46,69,California
Del Norte,2020-12-23,58,127,48,117,10,10,0,0,57,126,0,0,57,126,California
Del Norte,2020-12-28,34,161,34,151,0,10,0,0,34,160,0,0,34,160,California
Del Norte,2020-12-29,4,165,4,155,0,10,0,0,4,164,0,0,4,164,California
Del Norte,2020-12-30,67,232,55,210,12,22,0,0,68,232,0,0,68,232,California
Del Norte,2020-12-31,16,248,13,223,3,25,0,0,16,248,0,0,16,248,California
Del Norte,2021-01-04,102,350,49,272,53,78,0,0,102,350,0,0,102,350,California
Del Norte,2021-01-05,33,383,0,272,33,111,0,0,33,383,0,0,33,383,California
Del Norte,2021-01-06,77,460,18,290,59,170,0,0,77,460,0,0,77,460,California
Del Norte,2021-01-07,21,481,1,291,20,190,0,0,21,481,0,0,21,481,California
Del Norte,2021-01-08,77,558,7,298,70,260,0,0,77,558,0,0,77,558,California
Del Norte,2021-01-11,40,598,21,319,19,279,0,0,18,555,22,22,19,577,California
Del Norte,2021-01-12,50,648,32,351,18,297,0,0,29,563,21,43,29,606,California
Del Norte,2021-01-13,85,733,40,391,45,342,0,0,52,582,33,76,52,658,California
Del Norte,2021-01-14,52,785,14,405,38,380,0,0,46,622,6,82,46,704,California
Del Norte,2021-01-15,107,892,18,423,89,469,0,0,95,705,12,94,95,799,California
Del Norte,2021-01-17,1,893,1,424,0,469,0,0,1,706,0,94,1,800,California
Del Norte,2021-01-18,3,896,0,424,3,472,0,0,3,709,0,94,3,803,California
Del Norte,2021-01-19,119,1015,56,480,63,535,0,0,77,744,42,136,77,880,California
Del Norte,2021-01-20,158,1173,84,564,74,609,0,0,96,778,62,198,96,976,California
Del Norte,2021-01-21,43,1216,40,604,3,612,0,0,32,799,11,209,32,1008,California
Del Norte,2021-01-22,19,1235,16,620,3,615,0,0,12,804,7,216,12,1020,California
Del Norte,2021-01-23,1,1236,0,620,1,616,0,0,1,805,0,216,1,1021,California
Del Norte,2021-01-24,1,1237,0,620,1,617,0,0,1,806,0,216,1,1022,California
Del Norte,2021-01-25,97,1334,79,699,18,635,0,0,53,815,44,260,53,1075,California
Del Norte,2021-01-26,18,1352,11,710,7,642,0,0,7,811,11,271,7,1082,California
Del Norte,2021-01-27,64,1416,21,731,43,685,0,0,61,869,3,274,61,1143,California
Del Norte,2021-01-28,291,1707,20,751,271,956,0,0,287,1152,4,278,287,1430,California
Del Norte,2021-01-29,52,1759,19,770,33,989,0,0,42,1184,10,288,42,1472,California
Del Norte,2021-01-30,8,1767,1,771,7,996,0,0,8,1192,0,288,8,1480,California
Del Norte,2021-02-01,41,1808,1,772,40,1036,0,0,26,1203,15,303,26,1506,California
Del Norte,2021-02-02,142,1950,34,806,108,1144,0,0,73,1208,68,371,73,1579,California
Del Norte,2021-02-03,125,2075,40,846,85,1229,0,0,71,1225,54,425,71,1650,California
Del Norte,2021-02-04,72,2147,29,875,43,1272,0,0,42,1237,30,455,42,1692,California
Del Norte,2021-02-05,181,2328,22,897,159,1431,0,0,118,1293,62,517,118,1810,California
Del Norte,2021-02-06,309,2637,6,903,303,1734,0,0,309,1602,0,517,309,2119,California
Del Norte,2021-02-07,2,2639,1,904,1,1735,0,0,2,1604,0,517,2,2121,California
Del Norte,2021-02-08,36,2675,1,905,35,1770,0,0,32,1632,4,521,32,2153,California
Del Norte,2021-02-09,8,2683,5,910,3,1773,0,0,2,1628,6,527,2,2155,California
Del Norte,2021-02-10,143,2826,20,930,123,1896,0,0,86,1658,56,583,86,2241,California
Del Norte,2021-02-11,175,3001,58,988,117,2013,0,0,63,1609,112,695,63,2304,California
Del Norte,2021-02-12,121,3122,14,1002,107,2120,0,0,67,1622,54,749,67,2371,California
Del Norte,2021-02-13,2,3124,1,1003,1,2121,0,0,2,1624,0,749,2,2373,California
Del Norte,2021-02-14,3,3127,1,1004,2,2123,0,0,2,1625,1,750,2,2375,California
Del Norte,2021-02-15,5,3132,0,1004,5,2128,0,0,2,1624,3,753,2,2377,California
Del Norte,2021-02-16,132,3264,1,1005,131,2259,0,0,13,1518,119,872,13,2390,California
Del Norte,2021-02-17,91,3355,20,1025,71,2330,0,0,24,1475,67,939,24,2414,California
Del Norte,2021-02-18,77,3432,24,1049,53,2383,0,0,51,1500,26,965,51,2465,California
Del Norte,2021-02-19,43,3475,17,1066,26,2409,0,0,33,1523,10,975,33,2498,California
Del Norte,2021-02-20,9,3484,6,1072,3,2412,0,0,7,1528,2,977,7,2505,California
Del Norte,2021-02-22,2,3486,0,1072,2,2414,0,0,2,1530,0,977,2,2507,California
Del Norte,2021-02-23,101,3587,83,1155,18,2432,0,0,31,1491,70,1047,31,2538,California
Del Norte,2021-02-24,152,3739,98,1253,54,2486,0,0,79,1497,73,1120,79,2617,California
Del Norte,2021-02-25,474,4213,131,1384,343,2829,0,0,211,1446,262,1382,211,2828,California
Del Norte,2021-02-26,212,4425,176,1560,36,2865,0,0,166,1566,46,1428,166,2994,California
Del Norte,2021-02-27,152,4577,145,1705,6,2871,1,1,141,1697,11,1439,142,3136,California
Del Norte,2021-02-28,4,4581,1,1706,3,2874,0,1,3,1699,1,1440,3,3139,California
Del Norte,2021-03-01,28,4609,2,1708,26,2900,0,1,4,1679,24,1464,4,3143,California
Del Norte,2021-03-02,218,4827,140,1848,78,2978,0,1,185,1831,33,1497,185,3328,California
Del Norte,2021-03-03,159,4986,91,1939,68,3046,0,1,118,1908,41,1538,118,3446,California
Del Norte,2021-03-04,120,5106,83,2022,37,3083,0,1,91,1971,28,1566,91,3537,California
Del Norte,2021-03-05,91,5197,9,2031,82,3165,0,1,43,1966,48,1614,43,3580,California
Del Norte,2021-03-06,439,5636,78,2109,311,3476,50,51,160,1854,279,1893,167,3747,California
Del Norte,2021-03-07,2,5638,1,2110,1,3477,0,51,1,1854,1,1894,1,3748,California
Del Norte,2021-03-08,28,5666,1,2111,25,3502,2,53,5,1838,23,1917,7,3755,California
Del Norte,2021-03-09,194,5860,112,2223,79,3581,3,56,183,2013,11,1928,186,3941,California
Del Norte,2021-03-10,218,6078,97,2320,93,3674,28,84,132,2087,86,2014,160,4101,California
Del Norte,2021-03-11,145,6223,55,2375,90,3764,0,84,102,2146,43,2057,102,4203,California
Del Norte,2021-03-12,177,6400,90,2465,87,3851,0,84,124,2217,53,2110,124,4327,California
Del Norte,2021-03-13,95,6495,94,2559,1,3852,0,84,91,2304,4,2114,91,4418,California
Del Norte,2021-03-14,1,6496,0,2559,1,3853,0,84,1,2304,1,2115,1,4419,California
Del Norte,2021-03-15,39,6535,0,2559,38,3891,1,85,34,2334,5,2120,35,4454,California
Del Norte,2021-03-16,280,6815,136,2695,144,4035,0,85,259,2572,21,2141,259,4713,California
Del Norte,2021-03-17,282,7097,95,2790,185,4220,2,87,168,2628,114,2255,170,4883,California
Del Norte,2021-03-18,285,7382,108,2898,174,4394,3,90,149,2645,135,2390,152,5035,California
Del Norte,2021-03-19,266,7648,159,3057,101,4495,6,96,91,2567,175,2565,97,5132,California
Del Norte,2021-03-20,157,7805,155,3212,2,4497,0,96,15,2440,142,2707,15,5147,California
Del Norte,2021-03-21,4,7809,2,3214,2,4499,0,96,2,2440,2,2709,2,5149,California
Del Norte,2021-03-22,42,7851,3,3217,38,4537,1,97,39,2477,3,2712,40,5189,California
Del Norte,2021-03-23,330,8181,163,3380,149,4686,18,115,160,2487,168,2880,178,5367,California
Del Norte,2021-03-24,392,8573,107,3487,244,4930,41,156,238,2612,154,3034,279,5646,California
Del Norte,2021-03-25,195,8768,91,3578,104,5034,0,156,87,2592,107,3141,87,5733,California
Del Norte,2021-03-26,227,8995,108,3686,119,5153,0,156,194,2753,33,3174,194,5927,California
Del Norte,2021-03-27,108,9103,87,3773,4,5157,17,173,17,2696,91,3265,34,5961,California
Del Norte,2021-03-28,4,9107,2,3775,2,5159,0,173,1,2694,3,3268,1,5962,California
Del Norte,2021-03-29,57,9164,6,3781,34,5193,17,190,32,2718,25,3293,49,6011,California
Del Norte,2021-03-30,334,9498,118,3899,205,5398,11,201,128,2651,206,3499,139,6150,California
Del Norte,2021-03-31,346,9844,100,3999,229,5627,17,218,190,2704,154,3653,207,6357,California
Del Norte,2021-04-01,166,10010,60,4059,72,5699,34,252,71,2715,94,3747,105,6462,California
Del Norte,2021-04-02,233,10243,80,4139,104,5803,49,301,76,2684,157,3904,126,6588,California
Del Norte,2021-04-03,103,10346,82,4221,2,5805,19,320,4,2609,98,4002,23,6611,California
Del Norte,2021-04-04,4,10350,0,4221,0,5805,4,324,0,2609,4,4006,4,6615,California
Del Norte,2021-04-05,53,10403,5,4226,44,5849,4,328,46,2652,7,4013,50,6665,California
Del Norte,2021-04-06,377,10780,119,4345,221,6070,37,365,145,2607,228,4241,183,6848,California
Del Norte,2021-04-07,424,11204,115,4460,250,6320,59,424,285,2813,138,4379,344,7192,California
Del Norte,2021-04-08,231,11435,54,4514,109,6429,68,492,111,2872,120,4499,179,7371,California
Del Norte,2021-04-09,201,11636,48,4562,79,6508,74,566,98,2940,102,4601,170,7541,California
Del Norte,2021-04-10,48,11684,27,4589,4,6512,17,583,27,2963,21,4622,44,7585,California
Del Norte,2021-04-11,12,11696,3,4592,2,6514,7,590,2,2962,10,4632,9,7594,California
Del Norte,2021-04-12,28,11724,1,4593,9,6523,18,608,1,2955,26,4658,19,7613,California
Del Norte,2021-04-13,296,12020,49,4642,247,6770,0,608,155,2969,141,4799,155,7768,California
Del Norte,2021-04-14,305,12325,22,4664,283,7053,0,608,133,2935,172,4971,138,7906,California
Del Norte,2021-04-15,158,12483,35,4699,123,7176,0,608,47,2872,111,5082,48,7954,California
Del Norte,2021-04-16,152,12635,35,4734,117,7293,0,608,56,2833,96,5178,57,8011,California
Del Norte,2021-04-17,90,12725,64,4798,26,7319,0,608,84,2912,5,5183,84,8095,California
Del Norte,2021-04-18,1,12726,0,4798,1,7320,0,608,1,2913,0,5183,1,8096,California
El Dorado,2020-12-15,12,12,12,12,0,0,0,0,12,12,0,0,12,12,California
El Dorado,2020-12-16,40,52,40,52,0,0,0,0,40,52,0,0,40,52,California
El Dorado,2020-12-17,30,82,30,82,0,0,0,0,30,82,0,0,30,82,California
El Dorado,2020-12-18,236,318,236,318,0,0,0,0,236,318,0,0,236,318,California
El Dorado,2020-12-19,116,434,116,434,0,0,0,0,116,434,0,0,116,434,California
El Dorado,2020-12-20,85,519,85,519,0,0,0,0,85,519,0,0,85,519,California
El Dorado,2020-12-21,307,826,306,825,1,1,0,0,307,826,0,0,307,826,California
El Dorado,2020-12-22,238,1064,214,1039,24,25,0,0,238,1064,0,0,238,1064,California
El Dorado,2020-12-23,189,1253,139,1178,50,75,0,0,189,1253,0,0,189,1253,California
El Dorado,2020-12-24,86,1339,65,1243,21,96,0,0,86,1339,0,0,86,1339,California
El Dorado,2020-12-25,8,1347,8,1251,0,96,0,0,8,1347,0,0,8,1347,California
El Dorado,2020-12-26,44,1391,26,1277,18,114,0,0,44,1391,0,0,44,1391,California
El Dorado,2020-12-27,37,1428,33,1310,4,118,0,0,37,1428,0,0,37,1428,California
El Dorado,2020-12-28,217,1645,170,1480,47,165,0,0,217,1645,0,0,217,1645,California
El Dorado,2020-12-29,454,2099,140,1620,314,479,0,0,454,2099,0,0,454,2099,California
El Dorado,2020-12-30,504,2603,136,1756,368,847,0,0,504,2603,0,0,504,2603,California
El Dorado,2020-12-31,108,2711,68,1824,40,887,0,0,108,2711,0,0,108,2711,California
El Dorado,2021-01-01,6,2717,4,1828,2,889,0,0,6,2717,0,0,6,2717,California
El Dorado,2021-01-02,151,2868,140,1968,11,900,0,0,151,2868,0,0,151,2868,California
El Dorado,2021-01-03,90,2958,16,1984,74,974,0,0,90,2958,0,0,90,2958,California
El Dorado,2021-01-04,190,3148,63,2047,127,1101,0,0,190,3148,0,0,190,3148,California
El Dorado,2021-01-05,204,3352,49,2096,155,1256,0,0,188,3320,16,16,188,3336,California
El Dorado,2021-01-06,261,3613,188,2284,73,1329,0,0,198,3455,63,79,198,3534,California
El Dorado,2021-01-07,326,3939,134,2418,192,1521,0,0,256,3641,70,149,256,3790,California
El Dorado,2021-01-08,972,4911,500,2918,472,1993,0,0,769,4208,203,352,770,4560,California
El Dorado,2021-01-09,192,5103,156,3074,36,2029,0,0,124,4264,68,420,124,4684,California
El Dorado,2021-01-10,180,5283,129,3203,51,2080,0,0,111,4306,69,489,111,4795,California
El Dorado,2021-01-11,658,5941,292,3495,366,2446,0,0,460,4569,197,686,460,5255,California
El Dorado,2021-01-12,692,6633,421,3916,271,2717,0,0,444,4765,248,934,444,5699,California
El Dorado,2021-01-13,694,7327,295,4211,399,3116,0,0,534,5139,160,1094,534,6233,California
El Dorado,2021-01-14,681,8008,218,4429,463,3579,0,0,586,5630,95,1189,586,6819,California
El Dorado,2021-01-15,673,8681,184,4613,489,4068,0,0,601,6159,72,1261,601,7420,California
El Dorado,2021-01-16,171,8852,103,4716,68,4136,0,0,144,6276,27,1288,144,7564,California
El Dorado,2021-01-17,99,8951,47,4763,52,4188,0,0,82,6341,17,1305,82,7646,California
El Dorado,2021-01-18,417,9368,138,4901,279,4467,0,0,349,6622,68,1373,349,7995,California
El Dorado,2021-01-19,636,10004,351,5252,285,4752,0,0,487,6961,149,1522,488,8483,California
El Dorado,2021-01-20,1008,11012,685,5937,323,5075,0,0,896,7746,111,1633,896,9379,California
El Dorado,2021-01-21,1151,12163,570,6507,581,5656,0,0,945,8526,165,1798,945,10324,California
El Dorado,2021-01-22,1094,13257,703,7210,391,6047,0,0,1043,9519,50,1848,1043,11367,California
El Dorado,2021-01-23,736,13993,617,7827,119,6166,0,0,625,10033,111,1959,625,11992,California
El Dorado,2021-01-24,126,14119,76,7903,50,6216,0,0,107,10121,19,1978,107,12099,California
El Dorado,2021-01-25,610,14729,204,8107,406,6622,0,0,521,10553,89,2067,521,12620,California
El Dorado,2021-01-26,670,15399,362,8469,308,6930,0,0,567,11018,103,2170,568,13188,California
El Dorado,2021-01-27,927,16326,331,8800,596,7526,0,0,591,11273,337,2507,592,13780,California
El Dorado,2021-01-28,1098,17424,450,9250,648,8174,0,0,741,11657,357,2864,741,14521,California
El Dorado,2021-01-29,965,18389,487,9737,478,8652,0,0,736,12166,228,3092,737,15258,California
El Dorado,2021-01-30,611,19000,360,10097,251,8903,0,0,450,12455,161,3253,450,15708,California
El Dorado,2021-01-31,209,19209,188,10285,21,8924,0,0,180,12606,29,3282,180,15888,California
El Dorado,2021-02-01,786,19995,368,10653,418,9342,0,0,642,13105,143,3425,642,16530,California
El Dorado,2021-02-02,828,20823,366,11019,462,9804,0,0,667,13611,161,3586,667,17197,California
El Dorado,2021-02-03,898,21721,475,11494,423,10227,0,0,686,14085,212,3798,686,17883,California
El Dorado,2021-02-04,1264,22985,721,12215,543,10770,0,0,871,14563,393,4191,871,18754,California
El Dorado,2021-02-05,1478,24463,597,12812,881,11651,0,0,865,14850,578,4769,865,19619,California
El Dorado,2021-02-06,638,25101,333,13145,305,11956,0,0,530,15273,108,4877,531,20150,California
El Dorado,2021-02-07,256,25357,176,13321,80,12036,0,0,192,15401,64,4941,192,20342,California
El Dorado,2021-02-08,878,26235,416,13737,462,12498,0,0,605,15733,273,5214,605,20947,California
El Dorado,2021-02-09,901,27136,487,14224,414,12912,0,0,479,15790,422,5636,479,21426,California
El Dorado,2021-02-10,1235,28371,728,14952,507,13419,0,0,644,15844,590,6226,644,22070,California
El Dorado,2021-02-11,2127,30498,879,15831,1248,14667,0,0,957,15633,1169,7395,958,23028,California
El Dorado,2021-02-12,1556,32054,822,16653,734,15401,0,0,676,15430,880,8275,677,23705,California
El Dorado,2021-02-13,976,33030,668,17321,308,15709,0,0,432,15321,541,8816,432,24137,California
El Dorado,2021-02-14,480,33510,153,17474,327,16036,0,0,397,15635,83,8899,397,24534,California
El Dorado,2021-02-15,1180,34690,387,17861,793,16829,0,0,827,16112,353,9252,830,25364,California
El Dorado,2021-02-16,1180,35870,528,18389,652,17481,0,0,672,16278,507,9759,673,26037,California
El Dorado,2021-02-17,896,36766,371,18760,525,18006,0,0,419,16222,477,10236,421,26458,California
El Dorado,2021-02-18,2073,38839,1005,19765,1068,19074,0,0,1348,16846,724,10960,1348,27806,California
El Dorado,2021-02-19,1159,39998,599,20364,560,19634,0,0,645,16978,514,11474,646,28452,California
El Dorado,2021-02-20,913,40911,434,20798,479,20113,0,0,665,17401,242,11716,665,29117,California
El Dorado,2021-02-21,280,41191,224,21022,56,20169,0,0,98,17318,181,11897,98,29215,California
El Dorado,2021-02-22,860,42051,435,21457,425,20594,0,0,276,17011,583,12480,276,29491,California
El Dorado,2021-02-23,819,42870,472,21929,347,20941,0,0,332,16857,486,12966,332,29823,California
El Dorado,2021-02-24,994,43864,439,22368,555,21496,0,0,402,16668,592,13558,403,30226,California
El Dorado,2021-02-25,1603,45467,881,23249,722,22218,0,0,699,16471,898,14456,701,30927,California
El Dorado,2021-02-26,2327,47794,1480,24729,847,23065,0,0,1571,17288,754,15210,1571,32498,California
El Dorado,2021-02-27,1651,49445,437,25166,1214,24279,0,0,1212,18064,436,15646,1212,33710,California
El Dorado,2021-02-28,570,50015,204,25370,366,24645,0,0,419,18333,151,15797,420,34130,California
El Dorado,2021-03-01,1097,51112,450,25820,647,25292,0,0,604,18445,492,16289,604,34734,California
El Dorado,2021-03-02,878,51990,264,26084,614,25906,0,0,452,18473,424,16713,452,35186,California
El Dorado,2021-03-03,1652,53642,454,26538,1198,27104,0,0,1127,19083,519,17232,1129,36315,California
El Dorado,2021-03-04,2478,56120,1530,28068,948,28052,0,0,1210,19028,1265,18497,1210,37525,California
El Dorado,2021-03-05,1556,57676,421,28489,1130,29182,5,5,1028,19538,523,19020,1033,38558,California
El Dorado,2021-03-06,726,58402,208,28697,485,29667,33,38,381,19607,345,19365,414,38972,California
El Dorado,2021-03-07,398,58800,197,28894,183,29850,18,56,235,19699,161,19526,253,39225,California
El Dorado,2021-03-08,1318,60118,363,29257,885,30735,70,126,850,20154,465,19991,920,40145,California
El Dorado,2021-03-09,952,61070,225,29482,660,31395,67,193,561,20406,376,20367,628,40773,California
El Dorado,2021-03-10,924,61994,342,29824,527,31922,55,248,535,20612,384,20751,590,41363,California
El Dorado,2021-03-11,2980,64974,1824,31648,974,32896,182,430,1362,20551,1604,22355,1543,42906,California
El Dorado,2021-03-12,1746,66720,619,32267,883,33779,244,674,725,20512,1008,23363,969,43875,California
El Dorado,2021-03-13,1043,67763,343,32610,416,34195,284,958,358,20469,682,24045,639,44514,California
El Dorado,2021-03-14,772,68535,207,32817,453,34648,112,1070,260,20329,512,24557,372,44886,California
El Dorado,2021-03-15,1374,69909,297,33114,951,35599,126,1196,586,20258,784,25341,713,45599,California
El Dorado,2021-03-16,1187,71096,404,33518,639,36238,144,1340,548,20317,633,25974,692,46291,California
El Dorado,2021-03-17,1069,72165,351,33869,624,36862,94,1434,687,20715,382,26356,780,47071,California
El Dorado,2021-03-18,2913,75078,1736,35605,1133,37995,44,1478,1930,21712,977,27333,1974,49045,California
El Dorado,2021-03-19,1081,76159,358,35963,579,38574,144,1622,609,21994,472,27805,754,49799,California
El Dorado,2021-03-20,923,77082,263,36226,643,39217,17,1639,349,21797,563,28368,366,50165,California
El Dorado,2021-03-21,1020,78102,415,36641,600,39817,5,1644,934,22651,85,28453,939,51104,California
El Dorado,2021-03-22,1479,79581,485,37126,913,40730,81,1725,1183,23624,291,28744,1264,52368,California
El Dorado,2021-03-23,1088,80669,450,37576,547,41277,91,1816,702,24039,378,29122,793,53161,California
El Dorado,2021-03-24,1408,82077,620,38196,594,41871,194,2010,674,24185,722,29844,868,54029,California
El Dorado,2021-03-25,2453,84530,1661,39857,689,42560,103,2113,1366,24572,1082,30926,1469,55498,California
El Dorado,2021-03-26,1763,86293,681,40538,973,43533,109,2222,940,24814,807,31733,1049,56547,California
El Dorado,2021-03-27,1288,87581,185,40723,1099,44632,4,2226,316,24168,966,32699,320,56867,California
El Dorado,2021-03-28,612,88193,183,40906,420,45052,9,2235,196,23960,413,33112,205,57072,California
El Dorado,2021-03-29,1315,89508,432,41338,869,45921,14,2249,839,24340,473,33585,853,57925,California
El Dorado,2021-03-30,1324,90832,411,41749,823,46744,90,2339,686,24482,633,34218,775,58700,California
El Dorado,2021-03-31,1531,92363,576,42325,892,47636,63,2402,702,24419,827,35045,764,59464,California
El Dorado,2021-04-01,3191,95554,1746,44071,1362,48998,83,2485,1517,24349,1672,36717,1602,61066,California
El Dorado,2021-04-02,1850,97404,555,44626,1202,50200,93,2578,743,24082,1103,37820,836,61902,California
El Dorado,2021-04-03,734,98138,284,44910,331,50531,119,2697,220,23907,514,38334,339,62241,California
El Dorado,2021-04-04,266,98404,84,44994,135,50666,47,2744,95,23879,170,38504,142,62383,California
El Dorado,2021-04-05,1413,99817,422,45416,899,51565,92,2836,594,23749,816,39320,686,63069,California
El Dorado,2021-04-06,1397,101214,515,45931,663,52228,219,3055,446,23465,949,40269,665,63734,California
El Dorado,2021-04-07,1562,102776,552,46483,565,52793,445,3500,559,23466,1001,41270,1002,64736,California
El Dorado,2021-04-08,2663,105439,1721,48204,708,53501,234,3734,1122,23287,1535,42805,1356,66092,California
El Dorado,2021-04-09,1385,106824,427,48631,741,54242,217,3951,544,23208,838,43643,759,66851,California
El Dorado,2021-04-10,817,107641,223,48854,486,54728,108,4059,478,23456,338,43981,586,67437,California
El Dorado,2021-04-11,690,108331,448,49302,226,54954,16,4075,202,23186,488,44469,218,67655,California
El Dorado,2021-04-12,1265,109596,482,49784,637,55591,146,4221,572,23218,686,45155,718,68373,California
El Dorado,2021-04-13,1096,110692,594,50378,502,56093,0,4221,503,23133,588,45743,503,68876,California
El Dorado,2021-04-14,977,111669,385,50763,591,56684,1,4222,319,22799,654,46397,320,69196,California
El Dorado,2021-04-15,2278,113947,1573,52336,705,57389,0,4222,841,22211,1434,47831,846,70042,California
El Dorado,2021-04-16,1205,115152,502,52838,703,58092,0,4222,496,22002,705,48536,496,70538,California
El Dorado,2021-04-17,599,115751,185,53023,414,58506,0,4222,347,22097,252,48788,347,70885,California
El Dorado,2021-04-18,246,115997,56,53079,190,58696,0,4222,102,22055,144,48932,102,70987,California
Fresno,2020-12-15,2,2,2,2,0,0,0,0,2,2,0,0,2,2,California
Fresno,2020-12-16,121,123,121,123,0,0,0,0,121,123,0,0,121,123,California
Fresno,2020-12-17,120,243,120,243,0,0,0,0,120,243,0,0,120,243,California
Fresno,2020-12-18,344,587,344,587,0,0,0,0,344,587,0,0,344,587,California
Fresno,2020-12-19,157,744,157,744,0,0,0,0,157,744,0,0,157,744,California
Fresno,2020-12-20,256,1000,254,998,2,2,0,0,256,1000,0,0,256,1000,California
Fresno,2020-12-21,924,1924,923,1921,1,3,0,0,956,1956,0,0,956,1956,California
Fresno,2020-12-22,901,2825,872,2793,29,32,0,0,905,2861,0,0,905,2861,California
Fresno,2020-12-23,1082,3907,1047,3840,35,67,0,0,1083,3944,0,0,1083,3944,California
Fresno,2020-12-24,581,4488,562,4402,19,86,0,0,581,4525,0,0,581,4525,California
Fresno,2020-12-25,2,4490,1,4403,1,87,0,0,2,4527,0,0,2,4527,California
Fresno,2020-12-26,721,5211,713,5116,8,95,0,0,721,5248,0,0,721,5248,California
Fresno,2020-12-27,298,5509,204,5320,94,189,0,0,298,5546,0,0,298,5546,California
Fresno,2020-12-28,1061,6570,774,6094,287,476,0,0,1061,6607,0,0,1061,6607,California
Fresno,2020-12-29,1770,8340,1040,7134,730,1206,0,0,1768,8374,1,1,1768,8375,California
Fresno,2020-12-30,980,9320,478,7612,502,1708,0,0,980,9354,0,1,980,9355,California
Fresno,2020-12-31,893,10213,310,7922,583,2291,0,0,892,10246,0,1,892,10247,California
Fresno,2021-01-01,9,10222,3,7925,6,2297,0,0,9,10255,0,1,9,10256,California
Fresno,2021-01-02,1030,11252,717,8642,313,2610,0,0,1030,11285,0,1,1030,11286,California
Fresno,2021-01-03,153,11405,128,8770,25,2635,0,0,153,11438,0,1,153,11439,California
Fresno,2021-01-04,608,12013,373,9143,235,2870,0,0,608,12046,0,1,608,12047,California
Fresno,2021-01-05,775,12788,311,9454,464,3334,0,0,701,12673,74,75,701,12748,California
Fresno,2021-01-06,972,13760,345,9799,627,3961,0,0,800,13301,172,247,800,13548,California
Fresno,2021-01-07,1883,15643,912,10711,971,4932,0,0,1630,14681,253,500,1633,15181,California
Fresno,2021-01-08,1780,17423,615,11326,1165,6097,0,0,1415,15733,363,863,1415,16596,California
Fresno,2021-01-09,628,18051,386,11712,242,6339,0,0,354,15813,274,1137,354,16950,California
Fresno,2021-01-10,515,18566,485,12197,30,6369,0,0,202,15702,313,1450,202,17152,California
Fresno,2021-01-11,2153,20719,1749,13946,404,6773,0,0,1461,16474,692,2142,1464,18616,California
Fresno,2021-01-12,2516,23235,1824,15770,692,7465,0,0,1669,17296,849,2991,1671,20287,California
Fresno,2021-01-13,3535,26770,2421,18191,1114,8579,0,0,2679,19121,856,3847,2681,22968,California
Fresno,2021-01-14,4149,30919,2200,20391,1949,10528,0,0,3678,22329,470,4317,3678,26646,California
Fresno,2021-01-15,3637,34556,2530,22921,1107,11635,0,0,3280,25255,357,4674,3283,29929,California
Fresno,2021-01-16,3149,37705,2307,25228,842,12477,0,0,2685,27478,463,5137,2686,32615,California
Fresno,2021-01-17,976,38681,554,25782,422,12899,0,0,778,28058,198,5335,778,33393,California
Fresno,2021-01-18,3072,41753,2366,28148,706,13605,0,0,2409,29808,661,5996,2411,35804,California
Fresno,2021-01-19,4309,46062,2540,30688,1769,15374,0,0,3663,32828,646,6642,3666,39470,California
Fresno,2021-01-20,2995,49057,1185,31873,1810,17184,0,0,2696,35227,300,6942,2699,42169,California
Fresno,2021-01-21,4347,53404,2000,33873,2347,19531,0,0,4000,38903,329,7271,4005,46174,California
Fresno,2021-01-22,3306,56710,1344,35217,1962,21493,0,0,2919,41453,370,7641,2920,49094,California
Fresno,2021-01-23,3033,59743,1961,37178,1072,22565,0,0,2310,43049,722,8363,2318,51412,California
Fresno,2021-01-24,548,60291,372,37550,176,22741,0,0,345,43194,203,8566,348,51760,California
Fresno,2021-01-25,2336,62627,863,38413,1473,24214,0,0,1850,44562,486,9052,1854,53614,California
Fresno,2021-01-26,2016,64643,582,38995,1434,25648,0,0,1314,45177,700,9752,1315,54929,California
Fresno,2021-01-27,2248,66891,1161,40156,1087,26735,0,0,1729,46391,518,10270,1732,56661,California
Fresno,2021-01-28,4458,71349,3031,43187,1427,28162,0,0,3451,48842,1003,11273,3454,60115,California
Fresno,2021-01-29,1697,73046,983,44170,714,28876,0,0,1399,49947,295,11568,1400,61515,California
Fresno,2021-01-30,1444,74490,551,44721,893,29769,0,0,1030,50563,414,11982,1030,62545,California
Fresno,2021-01-31,225,74715,216,44937,9,29778,0,0,71,50480,154,12136,71,62616,California
Fresno,2021-02-01,3325,78040,1661,46598,1664,31442,0,0,1812,50798,1512,13648,1830,64446,California
Fresno,2021-02-02,2716,80756,553,47151,2163,33605,0,0,1586,51284,1116,14764,1602,66048,California
Fresno,2021-02-03,3530,84286,2094,49245,1436,35041,0,0,1516,50801,2000,16764,1517,67565,California
Fresno,2021-02-04,4190,88476,1895,51140,2295,37336,0,0,1928,50502,2232,18996,1933,69498,California
Fresno,2021-02-05,5196,93672,2595,53735,2601,39937,0,0,2184,49681,3007,22003,2186,71684,California
Fresno,2021-02-06,2930,96602,2043,55778,887,40824,0,0,973,48703,1953,23956,975,72659,California
Fresno,2021-02-07,466,97068,287,56065,179,41003,0,0,272,48782,193,24149,272,72931,California
Fresno,2021-02-08,4271,101339,2292,58357,1979,42982,0,0,1810,48164,2437,26586,1819,74750,California
Fresno,2021-02-09,5325,106664,2081,60438,3244,46226,0,0,3117,49156,2133,28719,3125,77875,California
Fresno,2021-02-10,3868,110532,1232,61670,2636,48862,0,0,1980,49314,1833,30552,1991,79866,California
Fresno,2021-02-11,6442,116974,2088,63758,4354,53216,0,0,3381,49652,3047,33599,3385,83251,California
Fresno,2021-02-12,5369,122343,1380,65138,3989,57205,0,0,2748,49802,2604,36203,2754,86005,California
Fresno,2021-02-13,3725,126068,1546,66684,2179,59384,0,0,2076,50246,1637,37840,2081,88086,California
Fresno,2021-02-14,1561,127629,281,66965,1280,60664,0,0,850,50387,710,38550,851,88937,California
Fresno,2021-02-15,2884,130513,271,67236,2613,63277,0,0,1777,51066,1103,39653,1782,90719,California
Fresno,2021-02-16,6672,137185,2398,69634,4274,67551,0,0,4243,52903,2412,42065,4249,94968,California
Fresno,2021-02-17,5327,142512,2453,72087,2874,70425,0,0,2980,53584,2303,44368,2984,97952,California
Fresno,2021-02-18,6852,149364,2902,74989,3950,74375,0,0,2576,51945,4226,48594,2587,100539,California
Fresno,2021-02-19,3831,153195,1098,76087,2733,77108,0,0,1829,51785,1992,50586,1832,102371,California
Fresno,2021-02-20,4531,157726,2498,78585,2033,79141,0,0,3054,53373,1471,52057,3059,105430,California
Fresno,2021-02-21,185,157911,169,78754,16,79157,0,0,127,53455,45,52102,127,105557,California
Fresno,2021-02-22,2225,160136,1000,79754,1225,80382,0,0,1224,53689,993,53095,1227,106784,California
Fresno,2021-02-23,3871,164007,1466,81220,2405,82787,0,0,3015,55859,847,53942,3017,109801,California
Fresno,2021-02-24,4168,168175,1491,82711,2677,85464,0,0,3426,58557,731,54673,3429,113230,California
Fresno,2021-02-25,7461,175636,2504,85215,4957,90421,0,0,6010,63188,1385,56058,6016,119246,California
Fresno,2021-02-26,8291,183927,3015,88230,5276,95697,0,0,7015,68953,1255,57313,7020,126266,California
Fresno,2021-02-27,6275,190202,2191,90421,4084,99781,0,0,5593,73878,674,57987,5599,131865,California
Fresno,2021-02-28,1628,191830,528,90949,1100,100881,0,0,1545,75351,72,58059,1545,133410,California
Fresno,2021-03-01,4890,196720,1285,92234,3605,104486,0,0,3592,77663,1288,59347,3600,137010,California
Fresno,2021-03-02,8410,205130,2297,94531,6113,110599,0,0,7055,83409,1332,60679,7078,144088,California
Fresno,2021-03-03,6609,211739,1582,96113,5026,115625,1,1,5595,88117,1002,61681,5710,149798,California
Fresno,2021-03-04,8412,220151,2514,98627,5898,121523,0,1,6905,93548,1482,63163,6913,156711,California
Fresno,2021-03-05,7908,228059,2694,101321,5213,126736,1,2,6901,99649,876,64039,6977,163688,California
Fresno,2021-03-06,6447,234506,3533,104854,2797,129533,117,119,5507,104342,935,64974,5628,169316,California
Fresno,2021-03-07,1470,235976,675,105529,761,130294,34,153,1244,105396,225,65199,1279,170595,California
Fresno,2021-03-08,4949,240925,1913,107442,2884,133178,152,305,3781,108178,1162,66361,3944,174539,California
Fresno,2021-03-09,6889,247814,2340,109782,4281,137459,268,573,3913,109436,2958,69319,4216,178755,California
Fresno,2021-03-10,6598,254412,2742,112524,3469,140928,387,960,5213,113670,1375,70694,5609,184364,California
Fresno,2021-03-11,11221,265633,4525,117049,6132,147060,564,1524,6189,115505,4994,75688,6829,191193,California
Fresno,2021-03-12,11464,277097,4912,121961,6103,153163,449,1973,8484,121614,2964,78652,9073,200266,California
Fresno,2021-03-13,8132,285229,3893,125854,3221,156384,1018,2991,3911,122412,4203,82855,5001,205267,California
Fresno,2021-03-14,1746,286975,463,126317,1003,157387,280,3271,659,122271,1079,83934,938,206205,California
Fresno,2021-03-15,6820,293795,2919,129236,3731,161118,170,3441,4670,125157,2137,86071,5023,211228,California
Fresno,2021-03-16,10042,303837,4393,133629,5258,166376,391,3832,6160,127950,3856,89927,6649,217877,California
Fresno,2021-03-17,8388,312225,3858,137487,3838,170214,692,4524,5622,131897,2747,92674,6694,224571,California
Fresno,2021-03-18,12122,324347,6548,144035,4945,175159,629,5153,7933,136732,4149,96823,8984,233555,California
Fresno,2021-03-19,10822,335169,5611,149646,4598,179757,613,5766,7371,141584,3425,100248,8277,241832,California
Fresno,2021-03-20,7335,342504,4395,154041,2630,182387,310,6076,4505,143856,2813,103061,5085,246917,California
Fresno,2021-03-21,1763,344267,1197,155238,195,182582,371,6447,956,144381,803,103864,1328,248245,California
Fresno,2021-03-22,5585,349852,2882,158120,2109,184691,594,7041,3795,147197,1772,105636,4588,252833,California
Fresno,2021-03-23,10562,360414,5225,163345,4846,189537,491,7532,6116,149801,4429,110065,7033,259866,California
Fresno,2021-03-24,8570,368984,3614,166959,4127,193664,829,8361,4723,151590,3816,113881,5605,265471,California
Fresno,2021-03-25,11991,380975,5551,172510,5660,199324,780,9141,6160,152813,5799,119680,7022,272493,California
Fresno,2021-03-26,11855,392830,5306,177816,5907,205231,642,9783,5263,152191,6549,126229,5927,278420,California
Fresno,2021-03-27,9364,402194,4127,181943,4152,209383,1085,10868,2938,149822,6396,132625,4027,282447,California
Fresno,2021-03-28,3271,405465,1192,183135,1392,210775,687,11555,1255,150013,2009,134634,2200,284647,California
Fresno,2021-03-29,5985,411450,1976,185111,3468,214243,541,12096,2910,150424,3053,137687,3464,288111,California
Fresno,2021-03-30,10680,422130,4186,189297,5620,219863,874,12970,4438,149518,6220,143907,5314,293425,California
Fresno,2021-03-31,9182,431312,3307,192604,4901,224764,974,13944,3855,149059,5291,149198,4832,298257,California
Fresno,2021-04-01,11248,442560,4039,196643,6359,231123,850,14794,3905,146501,7271,156469,4713,302970,California
Fresno,2021-04-02,11224,453784,4383,201026,6060,237183,781,15575,4155,144521,6923,163392,4943,307913,California
Fresno,2021-04-03,6122,459906,3371,204397,2505,239688,246,15821,2209,143114,3900,167292,2493,310406,California
Fresno,2021-04-04,1483,461389,529,204926,912,240600,42,15863,560,142801,915,168207,602,311008,California
Fresno,2021-04-05,8120,469509,4422,209348,2918,243518,780,16643,2499,140538,5613,173820,3350,314358,California
Fresno,2021-04-06,9393,478902,3930,213278,4306,247824,1157,17800,3574,139495,5789,179609,4746,319104,California
Fresno,2021-04-07,10139,489041,5272,218550,3697,251521,1170,18970,3525,137633,6589,186198,4727,323831,California
Fresno,2021-04-08,10693,499734,5105,223655,4455,255976,1133,20103,3446,135048,7210,193408,4625,328456,California
Fresno,2021-04-09,9975,509709,4536,228191,4122,260098,1317,21420,3233,132913,6709,200117,4574,333030,California
Fresno,2021-04-10,7728,517437,5038,233229,2174,262272,516,21936,3651,133008,4073,204190,4168,337198,California
Fresno,2021-04-11,1384,518821,926,234155,368,262640,90,22026,449,132615,931,205121,538,337736,California
Fresno,2021-04-12,6904,525725,3696,237851,2308,264948,900,22926,2251,131132,4636,209757,3153,340889,California
Fresno,2021-04-13,7844,533569,3588,241439,4185,269133,71,22997,3201,129879,4617,214374,3364,344253,California
Fresno,2021-04-14,7288,540857,3871,245310,3417,272550,0,22997,2850,128369,4406,218780,2896,347149,California
Fresno,2021-04-15,6535,547392,3158,248468,3375,275925,2,22999,2614,127100,3897,222677,2628,349777,California
Fresno,2021-04-16,7766,555158,3694,252162,4070,279995,2,23001,3410,126195,4324,227001,3419,353196,California
Fresno,2021-04-17,5188,560346,3679,255841,1509,281504,0,23001,2653,126328,2521,229522,2654,355850,California
Fresno,2021-04-18,254,560600,138,255979,116,281620,0,23001,137,126348,117,229639,137,355987,California
Glenn,2020-12-17,1,1,1,1,0,0,0,0,1,1,0,0,1,1,California
Glenn,2020-12-19,1,2,1,2,0,0,0,0,1,2,0,0,1,2,California
Glenn,2020-12-20,1,3,1,3,0,0,0,0,1,3,0,0,1,3,California
Glenn,2020-12-21,11,14,11,14,0,0,0,0,11,14,0,0,11,14,California
Glenn,2020-12-22,59,73,59,73,0,0,0,0,59,73,0,0,59,73,California
Glenn,2020-12-23,26,99,26,99,0,0,0,0,26,99,0,0,26,99,California
Glenn,2020-12-24,9,108,9,108,0,0,0,0,9,108,0,0,9,108,California
Glenn,2020-12-26,2,110,2,110,0,0,0,0,2,110,0,0,2,110,California
Glenn,2020-12-27,4,114,4,114,0,0,0,0,4,114,0,0,4,114,California
Glenn,2020-12-28,21,135,21,135,0,0,0,0,21,135,0,0,21,135,California
Glenn,2020-12-29,82,217,82,217,0,0,0,0,82,217,0,0,82,217,California
Glenn,2020-12-30,128,345,106,323,22,22,0,0,128,345,0,0,128,345,California
Glenn,2020-12-31,38,383,9,332,29,51,0,0,38,383,0,0,38,383,California
Glenn,2021-01-02,2,385,2,334,0,51,0,0,2,385,0,0,2,385,California
Glenn,2021-01-04,7,392,5,339,2,53,0,0,7,392,0,0,7,392,California
Glenn,2021-01-05,9,401,8,347,1,54,0,0,9,401,0,0,9,401,California
Glenn,2021-01-06,61,462,9,356,52,106,0,0,61,462,0,0,61,462,California
Glenn,2021-01-07,66,528,12,368,54,160,0,0,64,524,2,2,64,526,California
Glenn,2021-01-08,11,539,9,377,2,162,0,0,11,535,0,2,11,537,California
Glenn,2021-01-10,1,540,1,378,0,162,0,0,0,534,1,3,0,537,California
Glenn,2021-01-11,30,570,30,408,0,162,0,0,12,528,18,21,12,549,California
Glenn,2021-01-12,42,612,37,445,5,167,0,0,14,514,28,49,14,563,California
Glenn,2021-01-13,152,764,87,532,65,232,0,0,109,580,43,92,109,672,California
Glenn,2021-01-14,184,948,96,628,88,320,0,0,174,744,10,102,174,846,California
Glenn,2021-01-15,42,990,34,662,8,328,0,0,37,776,5,107,37,883,California
Glenn,2021-01-16,34,1024,14,676,20,348,0,0,24,790,10,117,24,907,California
Glenn,2021-01-17,4,1028,2,678,2,350,0,0,2,790,2,119,2,909,California
Glenn,2021-01-18,17,1045,16,694,1,351,0,0,9,791,8,127,9,918,California
Glenn,2021-01-19,30,1075,20,714,10,361,0,0,13,787,17,144,13,931,California
Glenn,2021-01-20,163,1238,94,808,69,430,0,0,82,788,81,225,82,1013,California
Glenn,2021-01-21,124,1362,98,906,26,456,0,0,30,724,94,319,30,1043,California
Glenn,2021-01-22,337,1699,63,969,274,730,0,0,330,1047,7,326,330,1373,California
Glenn,2021-01-23,14,1713,7,976,7,737,0,0,12,1057,2,328,12,1385,California
Glenn,2021-01-24,2,1715,2,978,0,737,0,0,2,1059,0,328,2,1387,California
Glenn,2021-01-25,27,1742,9,987,18,755,0,0,24,1080,3,331,24,1411,California
Glenn,2021-01-26,29,1771,13,1000,16,771,0,0,23,1097,6,337,23,1434,California
Glenn,2021-01-27,188,1959,14,1014,174,945,0,0,166,1241,22,359,166,1600,California
Glenn,2021-01-28,146,2105,8,1022,138,1083,0,0,116,1327,30,389,116,1716,California
Glenn,2021-01-29,297,2402,12,1034,285,1368,0,0,283,1596,14,403,283,1999,California
Glenn,2021-01-30,5,2407,0,1034,5,1373,0,0,5,1601,0,403,5,2004,California
Glenn,2021-01-31,1,2408,0,1034,1,1374,0,0,1,1602,0,403,1,2005,California
Glenn,2021-02-01,28,2436,10,1044,18,1392,0,0,16,1606,12,415,16,2021,California
Glenn,2021-02-02,28,2464,13,1057,15,1407,0,0,19,1616,9,424,19,2040,California
Glenn,2021-02-03,207,2671,58,1115,149,1556,0,0,112,1633,95,519,112,2152,California
Glenn,2021-02-04,149,2820,84,1199,65,1621,0,0,45,1574,104,623,45,2197,California
Glenn,2021-02-05,319,3139,24,1223,295,1916,0,0,300,1855,19,642,300,2497,California
Glenn,2021-02-06,14,3153,2,1225,12,1928,0,0,13,1867,1,643,13,2510,California
Glenn,2021-02-07,2,3155,2,1227,0,1928,0,0,2,1869,0,643,2,2512,California
Glenn,2021-02-08,21,3176,17,1244,4,1932,0,0,4,1856,17,660,4,2516,California
Glenn,2021-02-09,49,3225,20,1264,29,1961,0,0,36,1879,13,673,36,2552,California
Glenn,2021-02-10,138,3363,19,1283,119,2080,0,0,64,1869,74,747,64,2616,California
Glenn,2021-02-11,231,3594,132,1415,99,2179,0,0,149,1936,82,829,149,2765,California
Glenn,2021-02-12,420,4014,99,1514,321,2500,0,0,356,2228,64,893,356,3121,California
Glenn,2021-02-13,34,4048,7,1521,27,2527,0,0,16,2226,18,911,16,3137,California
Glenn,2021-02-14,1,4049,0,1521,1,2528,0,0,1,2227,0,911,1,3138,California
Glenn,2021-02-15,8,4057,0,1521,8,2536,0,0,8,2235,0,911,8,3146,California
Glenn,2021-02-16,39,4096,9,1530,30,2566,0,0,21,2238,18,929,21,3167,California
Glenn,2021-02-17,380,4476,15,1545,365,2931,0,0,302,2462,78,1007,302,3469,California
Glenn,2021-02-18,134,4610,99,1644,35,2966,0,0,110,2548,24,1031,110,3579,California
Glenn,2021-02-19,303,4913,17,1661,286,3252,0,0,29,2303,274,1305,29,3608,California
Glenn,2021-02-20,8,4921,0,1661,8,3260,0,0,0,2295,8,1313,0,3608,California
Glenn,2021-02-22,33,4954,14,1675,19,3279,0,0,17,2296,16,1329,17,3625,California
Glenn,2021-02-23,40,4994,10,1685,30,3309,0,0,28,2312,12,1341,28,3653,California
Glenn,2021-02-24,221,5215,15,1700,206,3515,0,0,47,2185,174,1515,47,3700,California
Glenn,2021-02-25,262,5477,148,1848,114,3629,0,0,118,2159,144,1659,118,3818,California
Glenn,2021-02-26,305,5782,24,1872,281,3910,0,0,20,1895,284,1943,20,3838,California
Glenn,2021-02-27,15,5797,5,1877,10,3920,0,0,5,1891,9,1952,5,3843,California
Glenn,2021-02-28,6,5803,3,1880,3,3923,0,0,3,1892,2,1954,3,3846,California
Glenn,2021-03-01,28,5831,6,1886,22,3945,0,0,12,1888,16,1970,12,3858,California
Glenn,2021-03-02,35,5866,7,1893,28,3973,0,0,17,1887,18,1988,17,3875,California
Glenn,2021-03-03,191,6057,35,1928,156,4129,0,0,99,1895,91,2079,99,3974,California
Glenn,2021-03-04,520,6577,175,2103,345,4474,0,0,376,2127,144,2223,376,4350,California
Glenn,2021-03-05,355,6932,47,2150,308,4782,0,0,34,1840,321,2544,34,4384,California
Glenn,2021-03-06,26,6958,3,2153,22,4804,1,1,9,1833,17,2561,10,4394,California
Glenn,2021-03-07,5,6963,0,2153,5,4809,0,1,3,1835,1,2562,3,4397,California
Glenn,2021-03-08,21,6984,2,2155,18,4827,1,2,19,1853,2,2564,20,4417,California
Glenn,2021-03-09,77,7061,11,2166,63,4890,3,5,53,1884,24,2588,55,4472,California
Glenn,2021-03-10,171,7232,68,2234,101,4991,2,7,95,1905,76,2664,97,4569,California
Glenn,2021-03-11,583,7815,169,2403,390,5381,24,31,453,2252,130,2794,477,5046,California
Glenn,2021-03-12,415,8230,14,2417,340,5721,61,92,39,1976,376,3170,100,5146,California
Glenn,2021-03-13,12,8242,1,2418,3,5724,8,100,1,1974,11,3181,9,5155,California
Glenn,2021-03-14,3,8245,1,2419,2,5726,0,100,2,1975,1,3182,2,5157,California
Glenn,2021-03-15,75,8320,15,2434,55,5781,5,105,60,2025,15,3197,65,5222,California
Glenn,2021-03-16,106,8426,33,2467,62,5843,11,116,65,2060,41,3238,76,5298,California
Glenn,2021-03-17,414,8840,97,2564,310,6153,7,123,113,1877,301,3539,118,5416,California
Glenn,2021-03-18,520,9360,214,2778,50,6203,256,379,144,1901,376,3915,400,5816,California
Glenn,2021-03-19,91,9451,16,2794,69,6272,6,385,70,1957,20,3935,76,5892,California
Glenn,2021-03-20,121,9572,1,2795,119,6391,1,386,119,2075,2,3937,120,6012,California
Glenn,2021-03-21,6,9578,5,2800,0,6391,1,387,3,2077,2,3939,4,6016,California
Glenn,2021-03-22,116,9694,53,2853,55,6446,8,395,96,2163,18,3957,104,6120,California
Glenn,2021-03-23,168,9862,66,2919,51,6497,51,446,95,2237,72,4029,146,6266,California
Glenn,2021-03-24,205,10067,100,3019,100,6597,5,451,133,2304,71,4100,138,6404,California
Glenn,2021-03-25,460,10527,230,3249,136,6733,94,545,331,2601,128,4228,425,6829,California
Glenn,2021-03-26,225,10752,34,3283,155,6888,36,581,175,2762,50,4278,211,7040,California
Glenn,2021-03-27,152,10904,21,3304,126,7014,5,586,142,2899,10,4288,147,7187,California
Glenn,2021-03-28,15,10919,10,3314,5,7019,0,586,10,2904,5,4293,10,7197,California
Glenn,2021-03-29,58,10977,19,3333,36,7055,3,589,44,2937,14,4307,47,7244,California
Glenn,2021-03-30,73,11050,41,3374,31,7086,1,590,43,2952,29,4336,44,7288,California
Glenn,2021-03-31,125,11175,36,3410,88,7174,1,591,55,2938,70,4406,56,7344,California
Glenn,2021-04-01,641,11816,186,3596,446,7620,9,600,231,2769,409,4815,240,7584,California
Glenn,2021-04-02,158,11974,25,3621,121,7741,12,612,122,2867,36,4851,134,7718,California
Glenn,2021-04-03,90,12064,4,3625,79,7820,7,619,79,2942,11,4862,86,7804,California
Glenn,2021-04-04,8,12072,3,3628,3,7823,2,621,4,2944,4,4866,6,7810,California
Glenn,2021-04-05,66,12138,25,3653,28,7851,13,634,28,2947,38,4904,41,7851,California
Glenn,2021-04-06,142,12280,52,3705,51,7902,39,673,37,2918,104,5008,75,7926,California
Glenn,2021-04-07,153,12433,46,3751,53,7955,54,727,73,2965,80,5088,127,8053,California
Glenn,2021-04-08,638,13071,188,3939,416,8371,34,761,137,2637,499,5587,171,8224,California
Glenn,2021-04-09,151,13222,58,3997,77,8448,16,777,96,2694,55,5642,112,8336,California
Glenn,2021-04-10,75,13297,1,3998,63,8511,11,788,63,2756,12,5654,74,8410,California
Glenn,2021-04-11,17,13314,8,4006,4,8515,5,793,7,2758,10,5664,12,8422,California
Glenn,2021-04-12,103,13417,24,4030,50,8565,29,822,18,2720,85,5749,47,8469,California
Glenn,2021-04-13,108,13525,63,4093,45,8610,0,822,30,2673,77,5826,30,8499,California
Glenn,2021-04-14,97,13622,41,4134,56,8666,0,822,50,2676,47,5873,50,8549,California
Glenn,2021-04-15,340,13962,268,4402,72,8738,0,822,113,2565,227,6100,116,8665,California
Glenn,2021-04-16,158,14120,36,4438,122,8860,0,822,78,2563,80,6180,78,8743,California
Glenn,2021-04-17,165,14285,18,4456,147,9007,0,822,38,2480,121,6301,38,8781,California
Glenn,2021-04-18,16,14301,2,4458,14,9021,0,822,14,2492,2,6303,14,8795,California
Humboldt,2020-12-15,2,2,2,2,0,0,0,0,2,2,0,0,2,2,California
Humboldt,2020-12-16,15,17,15,17,0,0,0,0,15,17,0,0,15,17,California
Humboldt,2020-12-17,117,134,117,134,0,0,0,0,117,134,0,0,117,134,California
Humboldt,2020-12-18,176,310,176,310,0,0,0,0,176,310,0,0,176,310,California
Humboldt,2020-12-19,10,320,10,320,0,0,0,0,10,320,0,0,10,320,California
Humboldt,2020-12-20,28,348,28,348,0,0,0,0,28,348,0,0,28,348,California
Humboldt,2020-12-21,165,513,165,513,0,0,0,0,165,513,0,0,165,513,California
Humboldt,2020-12-22,292,805,292,805,0,0,0,0,292,805,0,0,292,805,California
Humboldt,2020-12-23,310,1115,262,1067,48,48,0,0,311,1116,0,0,311,1116,California
Humboldt,2020-12-24,25,1140,2,1069,23,71,0,0,25,1141,0,0,25,1141,California
Humboldt,2020-12-25,2,1142,2,1071,0,71,0,0,2,1143,0,0,2,1143,California
Humboldt,2020-12-26,6,1148,5,1076,1,72,0,0,6,1149,0,0,6,1149,California
Humboldt,2020-12-28,153,1301,144,1220,9,81,0,0,153,1302,0,0,153,1302,California
Humboldt,2020-12-29,166,1467,123,1343,43,124,0,0,166,1468,0,0,166,1468,California
Humboldt,2020-12-30,222,1689,123,1466,99,223,0,0,222,1690,0,0,222,1690,California
Humboldt,2020-12-31,241,1930,79,1545,162,385,0,0,241,1931,0,0,241,1931,California
Humboldt,2021-01-01,2,1932,1,1546,1,386,0,0,2,1933,0,0,2,1933,California
Humboldt,2021-01-02,38,1970,1,1547,37,423,0,0,38,1971,0,0,38,1971,California
Humboldt,2021-01-04,214,2184,141,1688,73,496,0,0,215,2186,0,0,215,2186,California
Humboldt,2021-01-05,128,2312,18,1706,110,606,0,0,127,2312,1,1,127,2313,California
Humboldt,2021-01-06,301,2613,203,1909,98,704,0,0,229,2480,61,62,229,2542,California
Humboldt,2021-01-07,418,3031,306,2215,112,816,0,0,305,2687,98,160,305,2847,California
Humboldt,2021-01-08,417,3448,279,2494,138,954,0,0,282,2838,131,291,282,3129,California
Humboldt,2021-01-09,69,3517,45,2539,24,978,0,0,66,2902,3,294,67,3196,California
Humboldt,2021-01-10,84,3601,84,2623,0,978,0,0,4,2826,80,374,4,3200,California
Humboldt,2021-01-11,287,3888,276,2899,11,989,0,0,72,2687,211,585,72,3272,California
Humboldt,2021-01-12,479,4367,316,3215,163,1152,0,0,297,2824,160,745,297,3569,California
Humboldt,2021-01-13,477,4844,274,3489,203,1355,0,0,300,2951,174,919,301,3870,California
Humboldt,2021-01-14,518,5362,161,3650,357,1712,0,0,462,3358,56,975,463,4333,California
Humboldt,2021-01-15,374,5736,39,3689,335,2047,0,0,357,3698,17,992,357,4690,California
Humboldt,2021-01-16,170,5906,6,3695,164,2211,0,0,169,3866,1,993,169,4859,California
Humboldt,2021-01-17,6,5912,4,3699,2,2213,0,0,6,3872,0,993,6,4865,California
Humboldt,2021-01-18,292,6204,257,3956,35,2248,0,0,143,3866,149,1142,143,5008,California
Humboldt,2021-01-19,616,6820,372,4328,244,2492,0,0,489,4234,121,1263,489,5497,California
Humboldt,2021-01-20,911,7731,401,4729,510,3002,0,0,763,4860,139,1402,765,6262,California
Humboldt,2021-01-21,955,8686,260,4989,695,3697,0,0,914,5733,41,1443,914,7176,California
Humboldt,2021-01-22,675,9361,376,5365,299,3996,0,0,667,6392,8,1451,667,7843,California
Humboldt,2021-01-23,799,10160,271,5636,528,4524,0,0,790,7174,9,1460,791,8634,California
Humboldt,2021-01-24,224,10384,1,5637,223,4747,0,0,224,7398,0,1460,224,8858,California
Humboldt,2021-01-25,303,10687,232,5869,71,4818,0,0,149,7393,154,1614,149,9007,California
Humboldt,2021-01-26,523,11210,141,6010,382,5200,0,0,476,7822,47,1661,476,9483,California
Humboldt,2021-01-27,1258,12468,585,6595,673,5873,0,0,1194,8959,57,1718,1194,10677,California
Humboldt,2021-01-28,1444,13912,626,7221,818,6691,0,0,1309,10138,132,1850,1311,11988,California
Humboldt,2021-01-29,1126,15038,543,7764,583,7274,0,0,709,10431,417,2267,710,12698,California
Humboldt,2021-01-30,972,16010,458,8222,514,7788,0,0,961,11382,11,2278,962,13660,California
Humboldt,2021-01-31,308,16318,307,8529,1,7789,0,0,307,11688,1,2279,307,13967,California
Humboldt,2021-02-01,330,16648,190,8719,140,7929,0,0,188,11735,141,2420,188,14155,California
Humboldt,2021-02-02,441,17089,73,8792,368,8297,0,0,338,11974,101,2521,340,14495,California
Humboldt,2021-02-03,650,17739,259,9051,391,8688,0,0,501,12326,149,2670,501,14996,California
Humboldt,2021-02-04,637,18376,261,9312,376,9064,0,0,442,12576,192,2862,442,15438,California
Humboldt,2021-02-05,806,19182,94,9406,712,9776,0,0,623,13016,183,3045,623,16061,California
Humboldt,2021-02-06,1053,20235,442,9848,611,10387,0,0,1012,13989,40,3085,1013,17074,California
Humboldt,2021-02-07,377,20612,7,9855,370,10757,0,0,373,14359,4,3089,374,17448,California
Humboldt,2021-02-08,325,20937,142,9997,183,10940,0,0,184,14403,140,3229,184,17632,California
Humboldt,2021-02-09,493,21430,218,10215,275,11215,0,0,178,14266,315,3544,178,17810,California
Humboldt,2021-02-10,560,21990,368,10583,192,11407,0,0,232,14175,323,3867,232,18042,California
Humboldt,2021-02-11,1289,23279,391,10974,898,12305,0,0,510,13909,776,4643,510,18552,California
Humboldt,2021-02-12,1142,24421,733,11707,409,12714,0,0,703,14173,439,5082,703,19255,California
Humboldt,2021-02-13,1496,25917,552,12259,944,13658,0,0,909,14497,585,5667,909,20164,California
Humboldt,2021-02-14,112,26029,5,12264,107,13765,0,0,109,14604,2,5669,109,20273,California
Humboldt,2021-02-15,292,26321,78,12342,214,13979,0,0,195,14702,97,5766,195,20468,California
Humboldt,2021-02-16,532,26853,117,12459,415,14394,0,0,251,14673,281,6047,252,20720,California
Humboldt,2021-02-17,450,27303,279,12738,171,14565,0,0,137,14497,313,6360,137,20857,California
Humboldt,2021-02-18,966,28269,595,13333,371,14936,0,0,229,13990,736,7096,229,21086,California
Humboldt,2021-02-19,475,28744,434,13767,41,14977,0,0,89,13696,383,7479,89,21175,California
Humboldt,2021-02-20,1582,30326,977,14744,605,15582,0,0,474,13067,1105,8584,476,21651,California
Humboldt,2021-02-21,476,30802,468,15212,8,15590,0,0,185,12962,291,8875,186,21837,California
Humboldt,2021-02-22,125,30927,91,15303,34,15624,0,0,26,12891,97,8972,26,21863,California
Humboldt,2021-02-23,170,31097,69,15372,101,15725,0,0,39,12801,129,9101,39,21902,California
Humboldt,2021-02-24,1144,32241,686,16058,458,16183,0,0,567,12792,576,9677,567,22469,California
Humboldt,2021-02-25,828,33069,315,16373,513,16696,0,0,226,12418,600,10277,226,22695,California
Humboldt,2021-02-26,2140,35209,106,16479,2034,18730,0,0,455,11193,1680,11957,455,23150,California
Humboldt,2021-02-27,1688,36897,1072,17551,616,19346,0,0,868,11247,818,12775,872,24022,California
Humboldt,2021-02-28,121,37018,11,17562,110,19456,0,0,116,11358,5,12780,116,24138,California
Humboldt,2021-03-01,255,37273,47,17609,208,19664,0,0,180,11463,75,12855,180,24318,California
Humboldt,2021-03-02,283,37556,48,17657,235,19899,0,0,154,11488,129,12984,154,24472,California
Humboldt,2021-03-03,1638,39194,1095,18752,543,20442,0,0,1216,12289,416,13400,1217,25689,California
Humboldt,2021-03-04,881,40075,107,18859,774,21216,0,0,265,11940,616,14016,267,25956,California
Humboldt,2021-03-05,921,40996,179,19038,731,21947,11,11,371,11776,546,14562,382,26338,California
Humboldt,2021-03-06,1687,42683,837,19875,801,22748,49,60,709,11557,977,15539,758,27096,California
Humboldt,2021-03-07,361,43044,294,20169,49,22797,18,78,156,11526,205,15744,174,27270,California
Humboldt,2021-03-08,255,43299,6,20175,171,22968,78,156,161,11671,94,15838,239,27509,California
Humboldt,2021-03-09,454,43753,200,20375,110,23078,144,300,212,11787,240,16078,356,27865,California
Humboldt,2021-03-10,682,44435,466,20841,63,23141,153,453,413,12083,268,16346,564,28429,California
Humboldt,2021-03-11,1326,45761,461,21302,765,23906,100,553,510,11878,814,17160,609,29038,California
Humboldt,2021-03-12,1728,47489,1083,22385,425,24331,220,773,1043,12466,677,17837,1265,30303,California
Humboldt,2021-03-13,1563,49052,1020,23405,491,24822,52,825,679,12319,878,18715,731,31034,California
Humboldt,2021-03-14,139,49191,18,23423,112,24934,9,834,25,12239,114,18829,34,31068,California
Humboldt,2021-03-15,265,49456,50,23473,195,25129,20,854,49,12092,216,19045,69,31137,California
Humboldt,2021-03-16,630,50086,200,23673,170,25299,260,1114,257,12235,372,19417,515,31652,California
Humboldt,2021-03-17,725,50811,396,24069,221,25520,108,1222,333,12285,391,19808,441,32093,California
Humboldt,2021-03-18,1718,52529,1159,25228,517,26037,42,1264,1033,12680,680,20488,1075,33168,California
Humboldt,2021-03-19,1073,53602,58,25286,701,26738,314,1578,441,12806,629,21117,755,33923,California
Humboldt,2021-03-20,1372,54974,750,26036,609,27347,13,1591,427,12304,943,22060,441,34364,California
Humboldt,2021-03-21,244,55218,32,26068,183,27530,29,1620,197,12483,47,22107,226,34590,California
Humboldt,2021-03-22,109,55327,15,26083,45,27575,49,1669,54,12532,54,22161,103,34693,California
Humboldt,2021-03-23,405,55732,40,26123,322,27897,43,1712,316,12804,87,22248,359,35052,California
Humboldt,2021-03-24,1409,57141,386,26509,976,28873,47,1759,1035,13518,366,22614,1080,36132,California
Humboldt,2021-03-25,1770,58911,1169,27678,538,29411,63,1822,887,13587,881,23495,950,37082,California
Humboldt,2021-03-26,2023,60934,425,28103,1542,30953,56,1878,1582,14789,436,23931,1638,38720,California
Humboldt,2021-03-27,1906,62840,1422,29525,316,31269,168,2046,1044,15142,859,24790,1212,39932,California
Humboldt,2021-03-28,264,63104,79,29604,114,31383,71,2117,84,15117,180,24970,155,40087,California
Humboldt,2021-03-29,463,63567,122,29726,246,31629,95,2212,197,15143,265,25235,291,40378,California
Humboldt,2021-03-30,931,64498,299,30025,518,32147,114,2326,559,15446,369,25604,672,41050,California
Humboldt,2021-03-31,1844,66342,513,30538,1235,33382,96,2422,1397,16496,445,26049,1495,42545,California
Humboldt,2021-04-01,2080,68422,691,31229,1301,34683,88,2510,1473,17457,600,26649,1561,44106,California
Humboldt,2021-04-02,1680,70102,1097,32326,480,35163,103,2613,595,17076,1079,27728,698,44804,California
Humboldt,2021-04-03,1642,71744,1488,33814,138,35301,16,2629,666,16792,966,28694,682,45486,California
Humboldt,2021-04-04,470,72214,360,34174,101,35402,9,2638,398,17128,72,28766,408,45894,California
Humboldt,2021-04-05,752,72966,454,34628,250,35652,48,2686,436,17297,315,29081,484,46378,California
Humboldt,2021-04-06,811,73777,311,34939,366,36018,134,2820,575,17774,231,29312,708,47086,California
Humboldt,2021-04-07,1456,75233,1041,35980,279,36297,136,2956,968,18392,486,29798,1104,48190,California
Humboldt,2021-04-08,1544,76777,1052,37032,369,36666,123,3079,701,18374,842,30640,824,49014,California
Humboldt,2021-04-09,1171,77948,426,37458,594,37260,151,3230,915,19179,256,30896,1061,50075,California
Humboldt,2021-04-10,922,78870,134,37592,615,37875,173,3403,727,19884,194,31090,899,50974,California
Humboldt,2021-04-11,632,79502,136,37728,30,37905,466,3869,125,19966,507,31597,589,51563,California
Humboldt,2021-04-12,400,79902,219,37947,75,37980,106,3975,270,20212,130,31727,376,51939,California
Humboldt,2021-04-13,563,80465,303,38250,257,38237,3,3978,530,20714,30,31757,532,52471,California
Humboldt,2021-04-14,1227,81692,863,39113,364,38601,0,3978,1130,21747,97,31854,1130,53601,California
Humboldt,2021-04-15,1522,83214,1102,40215,416,39017,4,3982,1114,22483,405,32259,1141,54742,California
Humboldt,2021-04-16,1012,84226,424,40639,588,39605,0,3982,497,22468,513,32772,498,55240,California
Humboldt,2021-04-17,992,85218,895,41534,97,39702,0,3982,887,23251,104,32876,887,56127,California
Humboldt,2021-04-18,153,85371,51,41585,102,39804,0,3982,57,23214,94,32970,57,56184,California
Imperial,2020-12-16,1,1,1,1,0,0,0,0,1,1,0,0,1,1,California
Imperial,2020-12-17,4,5,4,5,0,0,0,0,4,5,0,0,4,5,California
Imperial,2020-12-18,11,16,11,16,0,0,0,0,11,16,0,0,11,16,California
Imperial,2020-12-20,2,18,2,18,0,0,0,0,2,18,0,0,2,18,California
Imperial,2020-12-21,186,204,186,204,0,0,0,0,186,204,0,0,186,204,California
Imperial,2020-12-22,241,445,239,443,2,2,0,0,241,445,0,0,241,445,California
Imperial,2020-12-23,211,656,210,653,1,3,0,0,210,655,0,0,210,655,California
Imperial,2020-12-24,5,661,5,658,0,3,0,0,5,660,0,0,5,660,California
Imperial,2020-12-26,1,662,0,658,1,4,0,0,1,661,0,0,1,661,California
Imperial,2020-12-27,62,724,0,658,62,66,0,0,62,723,0,0,62,723,California
Imperial,2020-12-28,214,938,114,772,100,166,0,0,214,937,0,0,214,937,California
Imperial,2020-12-29,189,1127,36,808,153,319,0,0,189,1126,0,0,189,1126,California
Imperial,2020-12-30,366,1493,50,858,316,635,0,0,366,1492,0,0,366,1492,California
Imperial,2020-12-31,197,1690,26,884,171,806,0,0,197,1689,0,0,197,1689,California
Imperial,2021-01-01,46,1736,5,889,41,847,0,0,46,1735,0,0,46,1735,California
Imperial,2021-01-02,4,1740,0,889,4,851,0,0,4,1739,0,0,4,1739,California
Imperial,2021-01-03,90,1830,0,889,90,941,0,0,90,1829,0,0,90,1829,California
Imperial,2021-01-04,85,1915,5,894,80,1021,0,0,85,1914,0,0,85,1914,California
Imperial,2021-01-05,172,2087,13,907,159,1180,0,0,172,2086,0,0,172,2086,California
Imperial,2021-01-06,190,2277,25,932,165,1345,0,0,189,2274,1,1,189,2275,California
Imperial,2021-01-07,320,2597,10,942,310,1655,0,0,317,2588,3,4,317,2592,California
Imperial,2021-01-08,190,2787,50,992,140,1795,0,0,181,2760,9,13,181,2773,California
Imperial,2021-01-09,24,2811,21,1013,3,1798,0,0,24,2784,0,13,24,2797,California
Imperial,2021-01-10,1,2812,0,1013,1,1799,0,0,1,2785,0,13,1,2798,California
Imperial,2021-01-11,403,3215,244,1257,159,1958,0,0,175,2732,228,241,175,2973,California
Imperial,2021-01-12,403,3618,301,1558,102,2060,0,0,141,2612,261,502,141,3114,California
Imperial,2021-01-13,379,3997,132,1690,247,2307,0,0,280,2793,99,601,280,3394,California
Imperial,2021-01-14,260,4257,151,1841,109,2416,0,0,254,3042,5,606,254,3648,California
Imperial,2021-01-15,239,4496,182,2023,57,2473,0,0,232,3267,7,613,232,3880,California
Imperial,2021-01-16,76,4572,72,2095,4,2477,0,0,75,3341,1,614,75,3955,California
Imperial,2021-01-17,8,4580,2,2097,6,2483,0,0,8,3349,0,614,8,3963,California
Imperial,2021-01-18,1057,5637,402,2499,655,3138,0,0,958,4209,99,713,959,4922,California
Imperial,2021-01-19,164,5801,128,2627,36,3174,0,0,117,4279,47,760,117,5039,California
Imperial,2021-01-20,291,6092,195,2822,96,3270,0,0,253,4494,38,798,253,5292,California
Imperial,2021-01-21,414,6506,183,3005,231,3501,0,0,394,4868,20,818,394,5686,California
Imperial,2021-01-22,456,6962,189,3194,267,3768,0,0,447,5306,9,827,447,6133,California
Imperial,2021-01-23,1041,8003,290,3484,751,4519,0,0,1040,6345,1,828,1040,7173,California
Imperial,2021-01-24,10,8013,3,3487,7,4526,0,0,10,6355,0,828,10,7183,California
Imperial,2021-01-25,213,8226,5,3492,208,4734,0,0,34,6211,178,1006,34,7217,California
Imperial,2021-01-26,359,8585,184,3676,175,4909,0,0,216,6284,143,1149,216,7433,California
Imperial,2021-01-27,570,9155,162,3838,408,5317,0,0,237,6188,333,1482,237,7670,California
Imperial,2021-01-28,633,9788,160,3998,473,5790,0,0,525,6605,108,1590,525,8195,California
Imperial,2021-01-29,421,10209,295,4293,126,5916,0,0,371,6926,50,1640,371,8566,California
Imperial,2021-01-30,55,10264,30,4323,25,5941,0,0,38,6947,17,1657,38,8604,California
Imperial,2021-01-31,16,10280,6,4329,10,5951,0,0,15,6961,1,1658,15,8619,California
Imperial,2021-02-01,418,10698,53,4382,365,6316,0,0,208,6960,209,1867,208,8827,California
Imperial,2021-02-02,677,11375,54,4436,623,6939,0,0,496,7275,181,2048,496,9323,California
Imperial,2021-02-03,456,11831,47,4483,409,7348,0,0,263,7346,192,2240,263,9586,California
Imperial,2021-02-04,1715,13546,1197,5680,518,7866,0,0,1402,8436,312,2552,1402,10988,California
Imperial,2021-02-05,389,13935,241,5921,148,8014,0,0,153,8355,234,2786,153,11141,California
Imperial,2021-02-06,861,14796,838,6759,23,8037,0,0,824,9143,36,2822,824,11965,California
Imperial,2021-02-07,21,14817,9,6768,12,8049,0,0,20,9162,1,2823,20,11985,California
Imperial,2021-02-08,251,15068,42,6810,209,8258,0,0,183,9277,68,2891,183,12168,California
Imperial,2021-02-09,461,15529,145,6955,316,8574,0,0,304,9424,157,3048,304,12472,California
Imperial,2021-02-10,385,15914,56,7011,329,8903,0,0,95,9230,290,3338,96,12568,California
Imperial,2021-02-11,461,16375,258,7269,203,9106,0,0,89,8947,372,3710,89,12657,California
Imperial,2021-02-12,2114,18489,1405,8674,709,9815,0,0,1762,10358,351,4061,1762,14419,California
Imperial,2021-02-13,41,18530,18,8692,23,9838,0,0,34,10386,7,4068,35,14454,California
Imperial,2021-02-14,23,18553,11,8703,12,9850,0,0,21,10405,2,4070,21,14475,California
Imperial,2021-02-15,29,18582,10,8713,19,9869,0,0,22,10420,7,4077,22,14497,California
Imperial,2021-02-16,512,19094,265,8978,247,10116,0,0,292,10492,220,4297,292,14789,California
Imperial,2021-02-17,439,19533,285,9263,154,10270,0,0,83,10219,356,4653,83,14872,California
Imperial,2021-02-18,645,20178,308,9571,337,10607,0,0,140,9856,503,5156,140,15012,California
Imperial,2021-02-19,766,20944,381,9952,385,10992,0,0,192,9475,573,5729,192,15204,California
Imperial,2021-02-20,1039,21983,191,10143,848,11840,0,0,325,9089,713,6442,327,15531,California
Imperial,2021-02-21,588,22571,554,10697,34,11874,0,0,577,9656,10,6452,577,16108,California
Imperial,2021-02-22,809,23380,569,11266,240,12114,0,0,759,10365,50,6502,759,16867,California
Imperial,2021-02-23,935,24315,372,11638,563,12677,0,0,885,11200,50,6552,885,17752,California
Imperial,2021-02-24,700,25015,285,11923,415,13092,0,0,603,11707,96,6648,603,18355,California
Imperial,2021-02-25,814,25829,338,12261,476,13568,0,0,449,11797,364,7012,454,18809,California
Imperial,2021-02-26,1741,27570,1350,13611,391,13959,0,0,1568,13194,171,7183,1568,20377,California
Imperial,2021-02-27,858,28428,809,14420,49,14008,0,0,120,12577,738,7921,121,20498,California
Imperial,2021-02-28,29,28457,19,14439,10,14018,0,0,20,12588,9,7930,20,20518,California
Imperial,2021-03-01,489,28946,291,14730,198,14216,0,0,426,12954,61,7991,427,20945,California
Imperial,2021-03-02,672,29618,246,14976,426,14642,0,0,385,13054,287,8278,387,21332,California
Imperial,2021-03-03,913,30531,37,15013,875,15517,1,1,544,13244,366,8644,556,21888,California
Imperial,2021-03-04,742,31273,75,15088,667,16184,0,1,483,13499,257,8901,512,22400,California
Imperial,2021-03-05,2567,33840,1937,17025,630,16814,0,1,1244,13425,1320,10221,1246,23646,California
Imperial,2021-03-06,687,34527,236,17261,451,17265,0,1,646,14037,38,10259,650,24296,California
Imperial,2021-03-07,72,34599,40,17301,32,17297,0,1,52,14070,20,10279,53,24349,California
Imperial,2021-03-08,411,35010,328,17629,48,17345,35,36,359,14412,52,10331,394,24743,California
Imperial,2021-03-09,681,35691,310,17939,125,17470,246,282,398,14773,283,10614,644,25387,California
Imperial,2021-03-10,679,36370,311,18250,264,17734,104,386,315,14830,363,10977,420,25807,California
Imperial,2021-03-11,1784,38154,478,18728,1114,18848,192,578,1185,15619,599,11576,1388,27195,California
Imperial,2021-03-12,3697,41851,2536,21264,976,19824,185,763,2108,16327,1586,13162,2294,29489,California
Imperial,2021-03-13,1140,42991,90,21354,827,20651,223,986,856,17127,282,13444,1082,30571,California
Imperial,2021-03-14,168,43159,30,21384,126,20777,12,998,138,17248,30,13474,151,30722,California
Imperial,2021-03-15,668,43827,214,21598,196,20973,258,1256,375,17588,292,13766,632,31354,California
Imperial,2021-03-16,1065,44892,275,21873,337,21310,453,1709,528,18034,535,14301,981,32335,California
Imperial,2021-03-17,1567,46459,686,22559,745,22055,136,1845,990,18587,574,14875,1127,33462,California
Imperial,2021-03-18,1777,48236,1175,23734,542,22597,60,1905,1247,19369,528,15403,1310,34772,California
Imperial,2021-03-19,3332,51568,2440,26174,888,23485,4,1909,1499,19047,1826,17229,1504,36276,California
Imperial,2021-03-20,862,52430,550,26724,307,23792,5,1914,418,19036,440,17669,429,36705,California
Imperial,2021-03-21,215,52645,33,26757,178,23970,4,1918,157,19143,58,17727,165,36870,California
Imperial,2021-03-22,1039,53684,333,27090,699,24669,7,1925,618,19349,420,18147,626,37496,California
Imperial,2021-03-23,1379,55063,405,27495,968,25637,6,1931,884,19748,493,18640,892,38388,California
Imperial,2021-03-24,1868,56931,541,28036,901,26538,426,2357,900,20108,966,19606,1326,39714,California
Imperial,2021-03-25,2775,59706,498,28534,870,27408,1407,3764,997,20733,1777,21383,2402,42116,California
Imperial,2021-03-26,2474,62180,876,29410,728,28136,870,4634,770,20676,1698,23081,1641,43757,California
Imperial,2021-03-27,574,62754,263,29673,260,28396,51,4685,416,20988,155,23236,467,44224,California
Imperial,2021-03-28,208,62962,50,29723,156,28552,2,4687,172,21126,36,23272,174,44398,California
Imperial,2021-03-29,1172,64134,346,30069,389,28941,437,5124,313,21020,857,24129,751,45149,California
Imperial,2021-03-30,1436,65570,677,30746,590,29531,169,5293,675,21104,761,24890,845,45994,California
Imperial,2021-03-31,1529,67099,715,31461,809,30340,5,5298,1020,21622,507,25397,1025,47019,California
Imperial,2021-04-01,1740,68839,395,31856,1104,31444,241,5539,804,21735,932,26329,1045,48064,California
Imperial,2021-04-02,1247,70086,444,32300,729,32173,74,5613,733,22029,512,26841,806,48870,California
Imperial,2021-04-03,1486,71572,405,32705,1007,33180,74,5687,686,21993,796,27637,760,49630,California
Imperial,2021-04-04,82,71654,39,32744,27,33207,16,5703,24,21975,58,27695,40,49670,California
Imperial,2021-04-05,2062,73716,1232,33976,763,33970,67,5770,376,20740,1679,29374,444,50114,California
Imperial,2021-04-06,1271,74987,527,34503,559,34529,185,5955,666,20989,603,29977,852,50966,California
Imperial,2021-04-07,2140,77127,548,35051,1219,35748,373,6328,1536,22299,599,30576,1909,52875,California
Imperial,2021-04-08,2116,79243,1069,36120,773,36521,274,6602,1031,22521,1082,31658,1304,54179,California
Imperial,2021-04-09,1821,81064,569,36689,707,37228,545,7147,720,22687,1099,32757,1265,55444,California
Imperial,2021-04-10,1224,82288,181,36870,785,38013,258,7405,179,22079,1043,33800,435,55879,California
Imperial,2021-04-11,215,82503,29,36899,154,38167,32,7437,73,22042,142,33942,105,55984,California
Imperial,2021-04-12,1140,83643,652,37551,322,38489,166,7603,598,22269,539,34481,766,56750,California
Imperial,2021-04-13,2078,85721,1351,38902,726,39215,1,7604,1422,23041,651,35132,1423,58173,California
Imperial,2021-04-14,1636,87357,816,39718,820,40035,0,7604,1157,23726,473,35605,1158,59331,California
Imperial,2021-04-15,1451,88808,793,40511,658,40693,0,7604,1084,24446,365,35970,1085,60416,California
Imperial,2021-04-16,1887,90695,928,41439,959,41652,0,7604,1046,24654,838,36808,1046,61462,California
Imperial,2021-04-17,1082,91777,230,41669,850,42502,2,7606,738,25052,344,37152,742,62204,California
Imperial,2021-04-18,54,91831,15,41684,39,42541,0,7606,38,25074,16,37168,38,62242,California
Inyo,2020-12-19,85,85,85,85,0,0,0,0,85,85,0,0,85,85,California
Inyo,2020-12-20,58,143,58,143,0,0,0,0,58,143,0,0,58,143,California
Inyo,2020-12-21,88,231,85,228,3,3,0,0,88,231,0,0,88,231,California
Inyo,2020-12-22,105,336,105,333,0,3,0,0,105,336,0,0,105,336,California
Inyo,2020-12-23,70,406,67,400,3,6,0,0,70,406,0,0,70,406,California
Inyo,2020-12-24,16,422,16,416,0,6,0,0,16,422,0,0,16,422,California
Inyo,2020-12-25,1,423,0,416,1,7,0,0,1,423,0,0,1,423,California
Inyo,2020-12-26,74,497,74,490,0,7,0,0,74,497,0,0,74,497,California
Inyo,2020-12-28,48,545,36,526,12,19,0,0,48,545,0,0,48,545,California
Inyo,2020-12-29,20,565,20,546,0,19,0,0,20,565,0,0,20,565,California
Inyo,2020-12-30,56,621,54,600,2,21,0,0,56,621,0,0,56,621,California
Inyo,2020-12-31,29,650,0,600,29,50,0,0,29,650,0,0,29,650,California
Inyo,2021-01-01,1,651,0,600,1,51,0,0,1,651,0,0,1,651,California
Inyo,2021-01-03,1,652,0,600,1,52,0,0,1,652,0,0,1,652,California
Inyo,2021-01-04,1,653,1,601,0,52,0,0,1,653,0,0,1,653,California
Inyo,2021-01-05,34,687,0,601,34,86,0,0,34,687,0,0,34,687,California
Inyo,2021-01-06,68,755,0,601,68,154,0,0,68,755,0,0,68,755,California
Inyo,2021-01-07,31,786,1,602,30,184,0,0,31,786,0,0,31,786,California
Inyo,2021-01-08,9,795,8,610,1,185,0,0,4,786,5,5,5,791,California
Inyo,2021-01-09,87,882,86,696,1,186,0,0,1,701,86,91,1,792,California
Inyo,2021-01-10,52,934,52,748,0,186,0,0,0,649,52,143,0,792,California
Inyo,2021-01-11,97,1031,82,830,15,201,0,0,16,584,81,224,16,808,California
Inyo,2021-01-12,139,1170,118,948,21,222,0,0,28,501,111,335,28,836,California
Inyo,2021-01-13,86,1256,68,1016,18,240,0,0,21,458,65,400,22,858,California
Inyo,2021-01-14,59,1315,13,1029,46,286,0,0,49,497,10,410,49,907,California
Inyo,2021-01-15,163,1478,28,1057,135,421,0,0,163,660,0,410,163,1070,California
Inyo,2021-01-16,74,1552,73,1130,1,422,0,0,1,588,73,483,1,1071,California
Inyo,2021-01-18,58,1610,36,1166,22,444,0,0,19,568,39,522,19,1090,California
Inyo,2021-01-19,116,1726,73,1239,43,487,0,0,100,652,16,538,100,1190,California
Inyo,2021-01-20,145,1871,70,1309,75,562,0,0,91,689,54,592,91,1281,California
Inyo,2021-01-21,121,1992,57,1366,64,626,0,0,120,808,1,593,120,1401,California
Inyo,2021-01-22,62,2054,0,1366,62,688,0,0,61,868,1,594,61,1462,California
Inyo,2021-01-23,52,2106,52,1418,0,688,0,0,52,920,0,594,52,1514,California
Inyo,2021-01-25,49,2155,6,1424,43,731,0,0,37,945,12,606,37,1551,California
Inyo,2021-01-26,135,2290,54,1478,81,812,0,0,129,1068,6,612,129,1680,California
Inyo,2021-01-27,23,2313,2,1480,21,833,0,0,22,1089,1,613,22,1702,California
Inyo,2021-01-28,92,2405,2,1482,90,923,0,0,63,1123,29,642,63,1765,California
Inyo,2021-01-29,25,2430,3,1485,22,945,0,0,23,1144,2,644,23,1788,California
Inyo,2021-01-30,11,2441,1,1486,10,955,0,0,11,1155,0,644,11,1799,California
Inyo,2021-01-31,32,2473,4,1490,28,983,0,0,4,1131,28,672,4,1803,California
Inyo,2021-02-01,11,2484,9,1499,2,985,0,0,1,1122,10,682,1,1804,California
Inyo,2021-02-02,130,2614,14,1513,116,1101,0,0,104,1200,26,708,104,1908,California
Inyo,2021-02-03,116,2730,0,1513,116,1217,0,0,74,1232,42,750,74,1982,California
Inyo,2021-02-04,149,2879,31,1544,118,1335,0,0,90,1263,59,809,90,2072,California
Inyo,2021-02-05,117,2996,61,1605,56,1391,0,0,115,1376,2,811,115,2187,California
Inyo,2021-02-06,4,3000,2,1607,2,1393,0,0,3,1378,1,812,3,2190,California
Inyo,2021-02-07,4,3004,2,1609,2,1395,0,0,4,1382,0,812,4,2194,California
Inyo,2021-02-08,117,3121,7,1616,110,1505,0,0,97,1459,20,832,97,2291,California
Inyo,2021-02-09,194,3315,52,1668,142,1647,0,0,122,1509,72,904,122,2413,California
Inyo,2021-02-10,143,3458,18,1686,125,1772,0,0,109,1584,34,938,109,2522,California
Inyo,2021-02-11,219,3677,56,1742,163,1935,0,0,125,1615,94,1032,125,2647,California
Inyo,2021-02-12,299,3976,52,1794,247,2182,0,0,168,1652,131,1163,168,2815,California
Inyo,2021-02-13,60,4036,55,1849,5,2187,0,0,8,1608,52,1215,8,2823,California
Inyo,2021-02-14,1,4037,0,1849,1,2188,0,0,1,1609,0,1215,1,2824,California
Inyo,2021-02-15,29,4066,9,1858,20,2208,0,0,5,1590,24,1239,5,2829,California
Inyo,2021-02-16,181,4247,50,1908,131,2339,0,0,93,1595,88,1327,93,2922,California
Inyo,2021-02-17,37,4284,4,1912,33,2372,0,0,7,1572,30,1357,7,2929,California
Inyo,2021-02-18,122,4406,5,1917,117,2489,0,0,78,1606,44,1401,78,3007,California
Inyo,2021-02-19,52,4458,4,1921,48,2537,0,0,9,1572,43,1444,9,3016,California
Inyo,2021-02-20,503,4961,499,2420,4,2541,0,0,501,2071,2,1446,501,3517,California
Inyo,2021-02-21,267,5228,267,2687,0,2541,0,0,267,2338,0,1446,267,3784,California
Inyo,2021-02-22,61,5289,19,2706,42,2583,0,0,27,2331,34,1480,27,3811,California
Inyo,2021-02-23,198,5487,20,2726,178,2761,0,0,94,2322,103,1583,94,3905,California
Inyo,2021-02-24,116,5603,0,2726,116,2877,0,0,57,2320,59,1642,57,3962,California
Inyo,2021-02-25,131,5734,3,2729,128,3005,0,0,63,2315,68,1710,63,4025,California
Inyo,2021-02-26,103,5837,60,2789,43,3048,0,0,19,2250,84,1794,19,4044,California
Inyo,2021-02-27,15,5852,4,2793,11,3059,0,0,3,2241,12,1806,3,4047,California
Inyo,2021-02-28,3,5855,1,2794,2,3061,0,0,2,2242,1,1807,2,4049,California
Inyo,2021-03-01,20,5875,2,2796,18,3079,0,0,17,2256,3,1810,17,4066,California
Inyo,2021-03-02,192,6067,1,2797,191,3270,0,0,109,2282,83,1893,109,4175,California
Inyo,2021-03-03,83,6150,2,2799,81,3351,0,0,40,2279,43,1936,40,4215,California
Inyo,2021-03-04,128,6278,4,2803,124,3475,0,0,46,2243,82,2018,46,4261,California
Inyo,2021-03-05,142,6420,57,2860,85,3560,0,0,38,2177,104,2122,38,4299,California
Inyo,2021-03-06,31,6451,1,2861,30,3590,0,0,30,2206,1,2123,30,4329,California
Inyo,2021-03-07,7,6458,4,2865,3,3593,0,0,5,2209,2,2125,5,4334,California
Inyo,2021-03-08,181,6639,5,2870,176,3769,0,0,91,2210,90,2215,91,4425,California
Inyo,2021-03-09,186,6825,2,2872,184,3953,0,0,71,2166,115,2330,71,4496,California
Inyo,2021-03-10,70,6895,8,2880,61,4014,1,1,30,2157,40,2370,31,4527,California
Inyo,2021-03-11,203,7098,1,2881,196,4210,6,7,73,2106,130,2500,79,4606,California
Inyo,2021-03-12,174,7272,4,2885,165,4375,5,12,76,2089,98,2598,81,4687,California
Inyo,2021-03-13,575,7847,540,3425,25,4400,10,22,77,1679,497,3095,87,4774,California
Inyo,2021-03-14,432,8279,430,3855,2,4402,0,22,169,1586,262,3357,169,4943,California
Inyo,2021-03-15,51,8330,15,3870,34,4436,2,24,30,1597,21,3378,32,4975,California
Inyo,2021-03-16,164,8494,4,3874,154,4590,6,30,63,1566,100,3478,69,5044,California
Inyo,2021-03-17,107,8601,3,3877,97,4687,7,37,92,1650,15,3493,99,5143,California
Inyo,2021-03-18,182,8783,14,3891,161,4848,7,44,102,1679,80,3573,109,5252,California
Inyo,2021-03-19,45,8828,4,3895,37,4885,4,48,35,1708,10,3583,39,5291,California
Inyo,2021-03-20,21,8849,1,3896,11,4896,9,57,2,1700,19,3602,11,5302,California
Inyo,2021-03-22,60,8909,2,3898,53,4949,5,62,40,1725,20,3622,45,5347,California
Inyo,2021-03-23,193,9102,4,3902,185,5134,4,66,103,1742,90,3712,107,5454,California
Inyo,2021-03-24,139,9241,3,3905,132,5266,4,70,86,1779,53,3765,90,5544,California
Inyo,2021-03-25,324,9565,104,4009,216,5482,4,74,258,1975,66,3831,262,5806,California
Inyo,2021-03-26,90,9655,2,4011,84,5566,4,78,70,2029,20,3851,74,5880,California
Inyo,2021-03-27,51,9706,44,4055,4,5570,3,81,45,2071,6,3857,48,5928,California
Inyo,2021-03-28,4,9710,1,4056,2,5572,1,82,1,2070,3,3860,2,5930,California
Inyo,2021-03-29,109,9819,2,4058,102,5674,5,87,82,2131,26,3886,87,6017,California
Inyo,2021-03-30,210,10029,3,4061,202,5876,5,92,102,2130,108,3994,107,6124,California
Inyo,2021-03-31,145,10174,4,4065,136,6012,5,97,104,2198,41,4035,109,6233,California
Inyo,2021-04-01,165,10339,5,4070,159,6171,1,98,116,2266,49,4084,117,6350,California
Inyo,2021-04-02,81,10420,1,4071,78,6249,2,100,52,2291,29,4113,54,6404,California
Inyo,2021-04-03,93,10513,46,4117,33,6282,14,114,5,2223,86,4199,18,6422,California
Inyo,2021-04-04,5,10518,4,4121,0,6282,1,115,1,2221,4,4203,2,6424,California
Inyo,2021-04-05,117,10635,1,4122,112,6394,4,119,29,2166,88,4291,33,6457,California
Inyo,2021-04-06,236,10871,6,4128,167,6561,63,182,104,2201,132,4423,167,6624,California
Inyo,2021-04-07,201,11072,4,4132,71,6632,126,308,45,2216,156,4579,171,6795,California
Inyo,2021-04-08,175,11247,14,4146,144,6776,17,325,79,2216,96,4675,96,6891,California
Inyo,2021-04-09,123,11370,5,4151,95,6871,23,348,36,2189,86,4761,59,6950,California
Inyo,2021-04-10,42,11412,1,4152,24,6895,17,365,3,2170,39,4800,20,6970,California
Inyo,2021-04-11,1,11413,0,4152,1,6896,0,365,1,2171,0,4800,1,6971,California
Inyo,2021-04-12,79,11492,0,4152,74,6970,5,370,41,2179,38,4838,46,7017,California
Inyo,2021-04-13,115,11607,4,4156,108,7078,3,373,57,2182,57,4895,60,7077,California
Inyo,2021-04-14,123,11730,4,4160,119,7197,0,373,42,2143,81,4976,42,7119,California
Inyo,2021-04-15,229,11959,70,4230,159,7356,0,373,82,2078,147,5123,82,7201,California
Inyo,2021-04-16,48,12007,6,4236,42,7398,0,373,22,2074,26,5149,22,7223,California
Inyo,2021-04-17,6,12013,3,4239,3,7401,0,373,5,2078,1,5150,5,7228,California
Inyo,2021-04-18,2,12015,1,4240,1,7402,0,373,2,2080,0,5150,2,7230,California
Kern,2020-12-15,1,1,1,1,0,0,0,0,1,1,0,0,1,1,California
Kern,2020-12-16,18,19,18,19,0,0,0,0,18,19,0,0,18,19,California
Kern,2020-12-17,164,183,164,183,0,0,0,0,164,183,0,0,164,183,California
Kern,2020-12-18,318,501,318,501,0,0,0,0,318,501,0,0,318,501,California
Kern,2020-12-19,98,599,98,599,0,0,0,0,99,600,0,0,99,600,California
Kern,2020-12-20,61,660,61,660,0,0,0,0,61,661,0,0,61,661,California
Kern,2020-12-21,671,1331,670,1330,1,1,0,0,671,1332,0,0,671,1332,California
Kern,2020-12-22,530,1861,527,1857,3,4,0,0,530,1862,0,0,530,1862,California
Kern,2020-12-23,557,2418,418,2275,139,143,0,0,557,2419,0,0,557,2419,California
Kern,2020-12-24,122,2540,43,2318,79,222,0,0,122,2541,0,0,122,2541,California
Kern,2020-12-25,1,2541,1,2319,0,222,0,0,1,2542,0,0,1,2542,California
Kern,2020-12-26,33,2574,1,2320,32,254,0,0,33,2575,0,0,33,2575,California
Kern,2020-12-27,35,2609,3,2323,32,286,0,0,35,2610,0,0,35,2610,California
Kern,2020-12-28,824,3433,660,2983,164,450,0,0,824,3434,0,0,824,3434,California
Kern,2020-12-29,745,4178,452,3435,293,743,0,0,745,4179,0,0,745,4179,California
Kern,2020-12-30,1200,5378,908,4343,292,1035,0,0,1200,5379,0,0,1200,5379,California
Kern,2020-12-31,277,5655,98,4441,179,1214,0,0,277,5656,0,0,277,5656,California
Kern,2021-01-01,12,5667,6,4447,6,1220,0,0,12,5668,0,0,12,5668,California
Kern,2021-01-02,78,5745,18,4465,60,1280,0,0,78,5746,0,0,78,5746,California
Kern,2021-01-03,23,5768,4,4469,19,1299,0,0,23,5769,0,0,23,5769,California
Kern,2021-01-04,552,6320,359,4828,193,1492,0,0,552,6321,0,0,552,6321,California
Kern,2021-01-05,1131,7451,736,5564,395,1887,0,0,1119,7428,12,12,1119,7440,California
Kern,2021-01-06,1165,8616,454,6018,711,2598,0,0,1135,8533,30,42,1135,8575,California
Kern,2021-01-07,1406,10022,494,6512,912,3510,0,0,1237,9602,168,210,1237,9812,California
Kern,2021-01-08,1626,11648,765,7277,861,4371,0,0,1331,10637,297,507,1332,11144,California
Kern,2021-01-09,225,11873,76,7353,149,4520,0,0,191,10794,34,541,191,11335,California
Kern,2021-01-10,194,12067,147,7500,47,4567,0,0,153,10906,41,582,153,11488,California
Kern,2021-01-11,1554,13621,983,8483,571,5138,0,0,999,11350,555,1137,999,12487,California
Kern,2021-01-12,1870,15491,810,9293,1060,6198,0,0,1360,12200,510,1647,1360,13847,California
Kern,2021-01-13,1854,17345,867,10160,987,7185,0,0,1432,13210,422,2069,1432,15279,California
Kern,2021-01-14,2180,19525,645,10805,1535,8720,0,0,2135,15299,46,2115,2135,17414,California
Kern,2021-01-15,2702,22227,857,11662,1845,10565,0,0,2605,17810,95,2210,2606,20020,California
Kern,2021-01-16,670,22897,212,11874,458,11023,0,0,636,18412,34,2244,636,20656,California
Kern,2021-01-17,72,22969,7,11881,65,11088,0,0,70,18480,2,2246,70,20726,California
Kern,2021-01-18,1643,24612,658,12539,985,12073,0,0,1474,19785,169,2415,1474,22200,California
Kern,2021-01-19,1851,26463,1030,13569,821,12894,0,0,1383,20701,468,2883,1384,23584,California
Kern,2021-01-20,2443,28906,1509,15078,934,13828,0,0,1819,21903,619,3502,1821,25405,California
Kern,2021-01-21,2161,31067,917,15995,1244,15072,0,0,1967,23677,193,3695,1967,27372,California
Kern,2021-01-22,2709,33776,1291,17286,1418,16490,0,0,2433,25836,274,3969,2433,29805,California
Kern,2021-01-23,1246,35022,534,17820,712,17202,0,0,1200,26990,46,4015,1200,31005,California
Kern,2021-01-24,159,35181,18,17838,141,17343,0,0,154,27139,5,4020,154,31159,California
Kern,2021-01-25,2381,37562,1083,18921,1298,18641,0,0,1899,28558,481,4501,1900,33059,California
Kern,2021-01-26,2756,40318,1119,20040,1637,20278,0,0,1902,29607,853,5354,1902,34961,California
Kern,2021-01-27,3553,43871,1898,21938,1655,21933,0,0,2856,31768,695,6049,2856,37817,California
Kern,2021-01-28,2856,46727,1348,23286,1508,23441,0,0,2425,33769,427,6476,2428,40245,California
Kern,2021-01-29,3764,50491,1798,25084,1966,25407,0,0,3224,36456,537,7013,3224,43469,California
Kern,2021-01-30,1323,51814,497,25581,826,26233,0,0,1276,37687,45,7058,1276,44745,California
Kern,2021-01-31,403,52217,276,25857,127,26360,0,0,268,37820,135,7193,268,45013,California
Kern,2021-02-01,2405,54622,817,26674,1588,27948,0,0,1855,39129,547,7740,1856,46869,California
Kern,2021-02-02,2920,57542,972,27646,1948,29896,0,0,2057,40324,863,8603,2058,48927,California
Kern,2021-02-03,3652,61194,1548,29194,2104,32000,0,0,2687,42053,958,9561,2687,51614,California
Kern,2021-02-04,3798,64992,1449,30643,2349,34349,0,0,2583,43432,1204,10765,2583,54197,California
Kern,2021-02-05,4848,69840,1989,32632,2859,37208,0,0,3090,44783,1739,12504,3090,57287,California
Kern,2021-02-06,1735,71575,765,33397,970,38178,0,0,1512,46075,220,12724,1512,58799,California
Kern,2021-02-07,282,71857,149,33546,133,38311,0,0,266,46327,14,12738,266,59065,California
Kern,2021-02-08,2562,74419,788,34334,1774,40085,0,0,1257,46298,1287,14025,1258,60323,California
Kern,2021-02-09,3034,77453,985,35319,2049,42134,0,0,1464,46199,1563,15588,1464,61787,California
Kern,2021-02-10,3782,81235,1656,36975,2126,44260,0,0,1896,46226,1870,17458,1897,63684,California
Kern,2021-02-11,4254,85489,1537,38512,2717,46977,0,0,2229,46443,2012,19470,2229,65913,California
Kern,2021-02-12,4949,90438,1892,40404,3057,50034,0,0,2482,46472,2453,21923,2482,68395,California
Kern,2021-02-13,2009,92447,725,41129,1284,51318,0,0,1167,46799,840,22763,1167,69562,California
Kern,2021-02-14,349,92796,12,41141,337,51655,0,0,269,46989,79,22842,269,69831,California
Kern,2021-02-15,2738,95534,889,42030,1849,53504,0,0,1208,46675,1522,24364,1208,71039,California
Kern,2021-02-16,2945,98479,719,42749,2226,55730,0,0,1657,47056,1277,25641,1658,72697,California
Kern,2021-02-17,4058,102537,2073,44822,1985,57715,0,0,1927,46858,2126,27767,1928,74625,California
Kern,2021-02-18,3747,106284,1474,46296,2273,59988,0,0,1620,46363,2115,29882,1620,76245,California
Kern,2021-02-19,4194,110478,1915,48211,2279,62267,0,0,1739,45654,2448,32330,1739,77984,California
Kern,2021-02-20,2574,113052,969,49180,1605,63872,0,0,1341,45765,1230,33560,1341,79325,California
Kern,2021-02-21,247,113299,141,49321,106,63978,0,0,86,45692,159,33719,86,79411,California
Kern,2021-02-22,2655,115954,1148,50469,1507,65485,0,0,1426,45894,1224,34943,1426,80837,California
Kern,2021-02-23,3533,119487,1115,51584,2418,67903,0,0,1974,46311,1557,36500,1974,82811,California
Kern,2021-02-24,5155,124642,2263,53847,2892,70795,0,0,3073,47306,2078,38578,3073,85884,California
Kern,2021-02-25,5349,129991,2445,56292,2904,73699,0,0,3173,48321,2158,40736,3173,89057,California
Kern,2021-02-26,6879,136870,3515,59807,3364,77063,0,0,4354,50158,2518,43254,4355,93412,California
Kern,2021-02-27,3851,140721,1891,61698,1960,79023,0,0,2518,51350,1326,44580,2518,95930,California
Kern,2021-02-28,906,141627,497,62195,409,79432,0,0,690,51826,214,44794,690,96620,California
Kern,2021-03-01,3973,145600,1801,63996,2172,81604,0,0,2686,53231,1281,46075,2686,99306,California
Kern,2021-03-02,4360,149960,1369,65365,2990,84594,1,1,2859,54599,1491,47566,2859,102165,California
Kern,2021-03-03,5746,155706,2672,68037,3074,87668,0,1,3664,56196,2068,49634,3665,105830,California
Kern,2021-03-04,5508,161214,2122,70159,3384,91052,2,3,3520,57742,1975,51609,3521,109351,California
Kern,2021-03-05,6447,167661,2660,72819,3770,94822,17,20,4032,59383,2408,54017,4049,113400,California
Kern,2021-03-06,4705,172366,1911,74730,2693,97515,101,121,3442,61672,1254,55271,3543,116943,California
Kern,2021-03-07,2042,174408,1585,76315,410,97925,47,168,1853,63384,188,55459,1900,118843,California
Kern,2021-03-08,2799,177207,851,77166,1735,99660,213,381,1454,63707,1342,56801,1665,120508,California
Kern,2021-03-09,3588,180795,770,77936,2435,102095,383,764,2196,64897,1387,58188,2577,123085,California
Kern,2021-03-10,6012,186807,2459,80395,2483,104578,1070,1834,3498,66962,2503,60691,4568,127653,California
Kern,2021-03-11,6269,193076,2397,82792,2847,107425,1025,2859,3724,69175,2534,63225,4747,132400,California
Kern,2021-03-12,7649,200725,2916,85708,3383,110808,1350,4209,4149,71175,3490,66715,5490,137890,California
Kern,2021-03-13,4417,205142,2297,88005,1785,112593,335,4544,3002,73096,1410,68125,3331,141221,California
Kern,2021-03-14,2262,207404,1414,89419,610,113203,238,4782,1747,74565,513,68638,1982,143203,California
Kern,2021-03-15,4230,211634,1076,90495,2441,115644,713,5495,2167,75391,2052,70690,2878,146081,California
Kern,2021-03-16,4302,215936,998,91493,2776,118420,528,6023,2311,76245,1982,72672,2836,148917,California
Kern,2021-03-17,7210,223146,3793,95286,2861,121281,556,6579,4282,78164,2918,75590,4837,153754,California
Kern,2021-03-18,6938,230084,3374,98660,2989,124270,575,7154,4122,80060,2798,78388,4694,158448,California
Kern,2021-03-19,8655,238739,4714,103374,3293,127563,648,7802,4471,81003,4171,82559,5114,163562,California
Kern,2021-03-20,5922,244661,3578,106952,2171,129734,173,7975,3801,82867,2111,84670,3975,167537,California
Kern,2021-03-21,2857,247518,1739,108691,241,129975,877,8852,1689,84270,1163,85833,2566,170103,California
Kern,2021-03-22,3900,251418,1517,110208,2027,132002,356,9208,1890,84514,2002,87835,2246,172349,California
Kern,2021-03-23,4600,256018,1637,111845,2783,134785,180,9388,2441,85003,2129,89964,2618,174967,California
Kern,2021-03-24,6948,262966,3492,115337,2985,137770,471,9859,3641,85820,3293,93257,4110,179077,California
Kern,2021-03-25,6573,269539,2860,118197,3391,141161,322,10181,3285,86154,3273,96530,3607,182684,California
Kern,2021-03-26,9374,278913,4128,122325,3994,145155,1252,11433,4646,87340,4712,101242,5898,188582,California
Kern,2021-03-27,5423,284336,3723,126048,1574,146729,126,11559,3296,88640,2122,103364,3422,192004,California
Kern,2021-03-28,4212,288548,3727,129775,471,147200,14,11573,2673,89788,1539,104903,2687,194691,California
Kern,2021-03-29,4167,292715,1624,131399,2264,149464,279,11852,2603,91117,1552,106455,2881,197572,California
Kern,2021-03-30,5406,298121,1799,133198,3302,152766,305,12157,3066,92153,2334,108789,3370,200942,California
Kern,2021-03-31,8060,306181,4232,137430,3184,155950,644,12801,4284,93317,3763,112552,4927,205869,California
Kern,2021-04-01,7563,313744,3622,141052,3646,159596,295,13096,4091,94242,3458,116010,4383,210252,California
Kern,2021-04-02,8096,321840,4179,145231,3312,162908,605,13701,4072,94908,4008,120018,4674,214926,California
Kern,2021-04-03,5643,327483,3359,148590,2103,165011,181,13882,2562,94580,3070,123088,2742,217668,California
Kern,2021-04-04,1222,328705,766,149356,372,165383,84,13966,446,94336,774,123862,530,218198,California
Kern,2021-04-05,5278,333983,2173,151529,2344,167727,761,14727,2844,95516,2423,126285,3603,221801,California
Kern,2021-04-06,6630,340613,2394,153923,3042,170769,1194,15921,3531,97159,3082,129367,4725,226526,California
Kern,2021-04-07,9207,349820,5370,159293,2889,173658,948,16869,4635,98184,4557,133924,5582,232108,California
Kern,2021-04-08,8540,358360,4730,164023,2915,176573,895,17764,3915,98388,4605,138529,4809,236917,California
Kern,2021-04-09,8918,367278,4397,168420,3557,180130,964,18728,3873,98199,5024,143553,4835,241752,California
Kern,2021-04-10,6505,373783,3430,171850,1841,181971,1234,19962,2302,97536,4196,147749,3533,245285,California
Kern,2021-04-11,3765,377548,2890,174740,356,182327,519,20481,1430,97157,2326,150075,1947,247232,California
Kern,2021-04-12,4181,381729,956,175696,2344,184671,881,21362,1543,96954,2626,152701,2423,249655,California
Kern,2021-04-13,4040,385769,1315,177011,2721,187392,4,21366,1994,96917,2036,154737,1999,251654,California
Kern,2021-04-14,5302,391071,2401,179412,2879,190271,22,21388,2715,97082,2571,157308,2736,254390,California
Kern,2021-04-15,4602,395673,2061,181473,2539,192810,2,21390,2249,96989,2345,159653,2252,256642,California
Kern,2021-04-16,6262,401935,3302,184775,2960,195770,0,21390,2854,96454,3391,163044,2856,259498,California
Kern,2021-04-17,5572,407507,3826,188601,1746,197516,0,21390,2140,95172,3422,166466,2140,261638,California
Kern,2021-04-18,3373,410880,3315,191916,58,197574,0,21390,1013,93830,2355,168821,1013,262651,California
Kings,2020-12-16,1,1,1,1,0,0,0,0,1,1,0,0,1,1,California
Kings,2020-12-17,8,9,8,9,0,0,0,0,8,9,0,0,8,9,California
Kings,2020-12-18,12,21,12,21,0,0,0,0,12,21,0,0,12,21,California
Kings,2020-12-19,11,32,11,32,0,0,0,0,11,32,0,0,11,32,California
Kings,2020-12-20,13,45,13,45,0,0,0,0,13,45,0,0,13,45,California
Kings,2020-12-21,155,200,155,200,0,0,0,0,271,316,0,0,271,316,California
Kings,2020-12-22,143,343,143,343,0,0,0,0,140,456,0,0,140,456,California
Kings,2020-12-23,134,477,122,465,12,12,0,0,135,591,0,0,135,591,California
Kings,2020-12-24,11,488,9,474,2,14,0,0,11,602,0,0,11,602,California
Kings,2020-12-26,7,495,4,478,3,17,0,0,7,609,0,0,7,609,California
Kings,2020-12-27,4,499,4,482,0,17,0,0,4,613,0,0,4,613,California
Kings,2020-12-28,131,630,103,585,28,45,0,0,132,745,0,0,132,745,California
Kings,2020-12-29,78,708,51,636,27,72,0,0,79,824,0,0,79,824,California
Kings,2020-12-30,147,855,108,744,39,111,0,0,147,971,0,0,147,971,California
Kings,2020-12-31,44,899,6,750,38,149,0,0,44,1015,0,0,44,1015,California
Kings,2021-01-01,1,900,0,750,1,150,0,0,1,1016,0,0,1,1016,California
Kings,2021-01-02,10,910,9,759,1,151,0,0,10,1026,0,0,10,1026,California
Kings,2021-01-04,112,1022,42,801,70,221,0,0,112,1138,0,0,112,1138,California
Kings,2021-01-05,197,1219,39,840,158,379,0,0,197,1335,0,0,197,1335,California
Kings,2021-01-06,276,1495,177,1017,99,478,0,0,273,1605,3,3,273,1608,California
Kings,2021-01-07,178,1673,81,1098,97,575,0,0,170,1767,8,11,170,1778,California
Kings,2021-01-08,247,1920,54,1152,193,768,0,0,228,1976,19,30,228,2006,California
Kings,2021-01-09,63,1983,9,1161,54,822,0,0,55,2023,8,38,55,2061,California
Kings,2021-01-10,15,1998,3,1164,12,834,0,0,12,2032,3,41,12,2073,California
Kings,2021-01-11,519,2517,357,1521,162,996,0,0,275,2064,244,285,276,2349,California
Kings,2021-01-12,350,2867,253,1774,97,1093,0,0,216,2149,131,416,216,2565,California
Kings,2021-01-13,413,3280,266,2040,147,1240,0,0,322,2380,91,507,322,2887,California
Kings,2021-01-14,208,3488,31,2071,177,1417,0,0,198,2558,21,528,199,3086,California
Kings,2021-01-15,415,3903,29,2100,386,1803,0,0,403,2949,12,540,403,3489,California
Kings,2021-01-16,31,3934,12,2112,19,1822,0,0,30,2978,1,541,30,3519,California
Kings,2021-01-17,8,3942,5,2117,3,1825,0,0,6,2982,2,543,6,3525,California
Kings,2021-01-18,172,4114,40,2157,132,1957,0,0,146,3102,26,569,146,3671,California
Kings,2021-01-19,376,4490,158,2315,218,2175,0,0,248,3222,128,697,248,3919,California
Kings,2021-01-20,224,4714,134,2449,90,2265,0,0,119,3240,101,798,119,4038,California
Kings,2021-01-21,186,4900,32,2481,154,2419,0,0,172,3396,16,814,172,4210,California
Kings,2021-01-22,125,5025,38,2519,87,2506,0,0,125,3516,5,819,125,4335,California
Kings,2021-01-23,26,5051,14,2533,12,2518,0,0,20,3530,6,825,20,4355,California
Kings,2021-01-24,4,5055,4,2537,0,2518,0,0,2,3530,2,827,2,4357,California
Kings,2021-01-25,124,5179,26,2563,98,2616,0,0,90,3586,34,861,90,4447,California
Kings,2021-01-26,154,5333,35,2598,119,2735,0,0,115,3662,39,900,115,4562,California
Kings,2021-01-27,318,5651,34,2632,284,3019,0,0,248,3841,69,969,248,4810,California
Kings,2021-01-28,324,5975,46,2678,278,3297,0,0,270,4057,54,1023,270,5080,California
Kings,2021-01-29,86,6061,26,2704,60,3357,0,0,69,4109,17,1040,69,5149,California
Kings,2021-01-30,1555,7616,31,2735,1524,4881,0,0,1552,5660,3,1043,1554,6703,California
Kings,2021-02-01,199,7815,65,2800,134,5015,0,0,71,5605,126,1169,71,6774,California
Kings,2021-02-02,226,8041,14,2814,212,5227,0,0,81,5542,144,1313,81,6855,California
Kings,2021-02-03,356,8397,191,3005,165,5392,0,0,203,5593,152,1465,203,7058,California
Kings,2021-02-04,394,8791,98,3103,296,5688,0,0,198,5596,195,1660,198,7256,California
Kings,2021-02-05,255,9046,13,3116,242,5930,0,0,100,5543,153,1813,100,7356,California
Kings,2021-02-06,60,9106,10,3126,50,5980,0,0,27,5537,33,1846,27,7383,California
Kings,2021-02-07,5,9111,3,3129,2,5982,0,0,3,5538,2,1848,3,7386,California
Kings,2021-02-08,169,9280,29,3158,140,6122,0,0,68,5505,101,1949,68,7454,California
Kings,2021-02-09,253,9533,57,3215,196,6318,0,0,110,5474,141,2090,110,7564,California
Kings,2021-02-10,286,9819,112,3327,174,6492,0,0,173,5534,113,2203,173,7737,California
Kings,2021-02-11,429,10248,65,3392,364,6856,0,0,318,5742,110,2313,318,8055,California
Kings,2021-02-12,611,10859,36,3428,575,7431,0,0,341,5813,270,2583,341,8396,California
Kings,2021-02-13,103,10962,6,3434,97,7528,0,0,78,5866,25,2608,78,8474,California
Kings,2021-02-14,102,11064,4,3438,98,7626,0,0,94,5952,8,2616,94,8568,California
Kings,2021-02-15,246,11310,5,3443,241,7867,0,0,137,5981,108,2724,137,8705,California
Kings,2021-02-16,484,11794,33,3476,451,8318,0,0,250,5998,233,2957,250,8955,California
Kings,2021-02-17,378,12172,22,3498,356,8674,0,0,241,6103,137,3094,242,9197,California
Kings,2021-02-18,154,12326,22,3520,132,8806,0,0,98,6145,56,3150,98,9295,California
Kings,2021-02-19,157,12483,22,3542,135,8941,0,0,101,6193,53,3203,101,9396,California
Kings,2021-02-20,171,12654,40,3582,131,9072,0,0,134,6290,37,3240,134,9530,California
Kings,2021-02-21,3,12657,2,3584,1,9073,0,0,3,6293,0,3240,3,9533,California
Kings,2021-02-22,110,12767,19,3603,91,9164,0,0,51,6285,59,3299,51,9584,California
Kings,2021-02-23,294,13061,69,3672,225,9389,0,0,177,6345,117,3416,177,9761,California
Kings,2021-02-24,591,13652,153,3825,438,9827,0,0,379,6512,212,3628,379,10140,California
Kings,2021-02-25,661,14313,112,3937,549,10376,0,0,443,6739,216,3844,443,10583,California
Kings,2021-02-26,655,14968,130,4067,525,10901,0,0,592,7269,62,3906,592,11175,California
Kings,2021-02-27,1497,16465,62,4129,1435,12336,0,0,564,6901,932,4838,564,11739,California
Kings,2021-02-28,1168,17633,594,4723,574,12910,0,0,671,7078,494,5332,671,12410,California
Kings,2021-03-01,256,17889,77,4800,179,13089,0,0,212,7246,44,5376,212,12622,California
Kings,2021-03-02,467,18356,205,5005,262,13351,0,0,418,7616,49,5425,419,13041,California
Kings,2021-03-03,613,18969,292,5297,321,13672,0,0,428,7860,184,5609,428,13469,California
Kings,2021-03-04,710,19679,341,5638,369,14041,0,0,616,8383,94,5703,617,14086,California
Kings,2021-03-05,1006,20685,349,5987,648,14689,9,9,890,9167,116,5819,900,14986,California
Kings,2021-03-06,509,21194,183,6170,313,15002,13,22,480,9631,29,5848,493,15479,California
Kings,2021-03-07,366,21560,225,6395,137,15139,4,26,358,9985,8,5856,362,15841,California
Kings,2021-03-08,349,21909,97,6492,199,15338,53,79,240,10168,109,5965,292,16133,California
Kings,2021-03-09,492,22401,216,6708,221,15559,55,134,387,10506,105,6070,443,16576,California
Kings,2021-03-10,499,22900,122,6830,286,15845,91,225,318,10734,180,6250,408,16984,California
Kings,2021-03-11,1015,23915,306,7136,599,16444,110,335,611,11053,402,6652,721,17705,California
Kings,2021-03-12,1284,25199,391,7527,799,17243,94,429,883,11632,400,7052,979,18684,California
Kings,2021-03-13,673,25872,333,7860,295,17538,45,474,546,12097,127,7179,592,19276,California
Kings,2021-03-14,666,26538,101,7961,183,17721,382,856,199,12211,467,7646,581,19857,California
Kings,2021-03-15,609,27147,175,8136,319,18040,115,971,373,12466,235,7881,490,20347,California
Kings,2021-03-16,1039,28186,438,8574,540,18580,61,1032,705,12898,334,8215,766,21113,California
Kings,2021-03-17,1083,29269,418,8992,604,19184,61,1093,766,13415,317,8532,834,21947,California
Kings,2021-03-18,1087,30356,466,9458,401,19585,220,1313,757,14066,329,8861,980,22927,California
Kings,2021-03-19,929,31285,469,9927,375,19960,85,1398,711,14657,218,9079,809,23736,California
Kings,2021-03-20,622,31907,253,10180,339,20299,30,1428,450,14974,170,9249,487,24223,California
Kings,2021-03-21,1400,33307,1086,11266,303,20602,11,1439,847,15279,553,9802,858,25081,California
Kings,2021-03-22,448,33755,203,11469,162,20764,83,1522,275,15468,173,9975,362,25443,California
Kings,2021-03-23,891,34646,490,11959,342,21106,59,1581,574,15789,315,10290,636,26079,California
Kings,2021-03-24,907,35553,468,12427,416,21522,23,1604,503,15915,402,10692,528,26607,California
Kings,2021-03-25,879,36432,441,12868,412,21934,26,1630,441,15946,436,11128,467,27074,California
Kings,2021-03-26,1279,37711,376,13244,818,22752,85,1715,529,15815,745,11873,614,27688,California
Kings,2021-03-27,616,38327,246,13490,358,23110,12,1727,171,15555,443,12316,183,27871,California
Kings,2021-03-28,540,38867,469,13959,64,23174,7,1734,335,15700,205,12521,350,28221,California
Kings,2021-03-29,453,39320,198,14157,195,23369,60,1794,248,15804,203,12724,307,28528,California
Kings,2021-03-30,823,40143,451,14608,334,23703,38,1832,435,15890,387,13111,473,29001,California
Kings,2021-03-31,715,40858,369,14977,282,23985,64,1896,415,16075,294,13405,479,29480,California
Kings,2021-04-01,744,41602,373,15350,292,24277,79,1975,339,16094,399,13804,418,29898,California
Kings,2021-04-02,970,42572,420,15770,428,24705,122,2097,427,16103,539,14343,548,30446,California
Kings,2021-04-03,471,43043,327,16097,136,24841,8,2105,158,15964,307,14650,168,30614,California
Kings,2021-04-04,156,43199,82,16179,68,24909,6,2111,44,15903,111,14761,50,30664,California
Kings,2021-04-05,1035,44234,319,16498,466,25375,250,2361,253,15625,781,15542,503,31167,California
Kings,2021-04-06,1172,45406,446,16944,419,25794,307,2668,292,15346,877,16419,598,31765,California
Kings,2021-04-07,1332,46738,637,17581,511,26305,184,2852,411,15022,919,17338,595,32360,California
Kings,2021-04-08,1601,48339,627,18208,721,27026,253,3105,370,14422,1223,18561,623,32983,California
Kings,2021-04-09,953,49292,447,18655,340,27366,166,3271,182,13998,770,19331,346,33329,California
Kings,2021-04-10,588,49880,327,18982,159,27525,102,3373,177,13867,410,19741,279,33608,California
Kings,2021-04-11,322,50202,74,19056,242,27767,6,3379,190,13931,132,19873,196,33804,California
Kings,2021-04-12,570,50772,215,19271,177,27944,178,3557,137,13815,431,20304,315,34119,California
Kings,2021-04-13,839,51611,481,19752,358,28302,0,3557,272,13526,566,20870,277,34396,California
Kings,2021-04-14,876,52487,454,20206,422,28724,0,3557,320,13291,556,21426,321,34717,California
Kings,2021-04-15,888,53375,470,20676,417,29141,1,3558,387,13180,499,21925,388,35105,California
Kings,2021-04-16,735,54110,345,21021,390,29531,0,3558,266,12979,468,22393,267,35372,California
Kings,2021-04-17,441,54551,239,21260,202,29733,0,3558,189,12917,251,22644,189,35561,California
Kings,2021-04-18,490,55041,189,21449,301,30034,0,3558,59,12545,431,23075,59,35620,California
Lake,2020-12-17,4,4,4,4,0,0,0,0,4,4,0,0,4,4,California
Lake,2020-12-18,51,55,51,55,0,0,0,0,51,55,0,0,51,55,California
Lake,2020-12-19,3,58,3,58,0,0,0,0,3,58,0,0,3,58,California
Lake,2020-12-20,6,64,6,64,0,0,0,0,6,64,0,0,6,64,California
Lake,2020-12-21,86,150,86,150,0,0,0,0,86,150,0,0,86,150,California
Lake,2020-12-22,63,213,60,210,3,3,0,0,63,213,0,0,63,213,California
Lake,2020-12-23,123,336,114,324,9,12,0,0,123,336,0,0,123,336,California
Lake,2020-12-24,2,338,0,324,2,14,0,0,2,338,0,0,2,338,California
Lake,2020-12-26,2,340,2,326,0,14,0,0,2,340,0,0,2,340,California
Lake,2020-12-27,2,342,2,328,0,14,0,0,2,342,0,0,2,342,California
Lake,2020-12-28,52,394,43,371,9,23,0,0,52,394,0,0,52,394,California
Lake,2020-12-29,49,443,44,415,5,28,0,0,49,443,0,0,49,443,California
Lake,2020-12-30,124,567,117,532,7,35,0,0,124,567,0,0,124,567,California
Lake,2020-12-31,67,634,64,596,3,38,0,0,67,634,0,0,67,634,California
Lake,2021-01-01,1,635,0,596,1,39,0,0,1,635,0,0,1,635,California
Lake,2021-01-02,2,637,1,597,1,40,0,0,2,637,0,0,2,637,California
Lake,2021-01-04,87,724,21,618,66,106,0,0,87,724,0,0,87,724,California
Lake,2021-01-05,119,843,59,677,60,166,0,0,117,839,2,2,117,841,California
Lake,2021-01-06,105,948,65,742,40,206,0,0,103,940,2,4,103,944,California
Lake,2021-01-07,103,1051,82,824,21,227,0,0,94,1025,9,13,94,1038,California
Lake,2021-01-08,152,1203,124,948,28,255,0,0,100,1073,52,65,100,1138,California
Lake,2021-01-09,63,1266,61,1009,2,257,0,0,59,1128,4,69,59,1197,California
Lake,2021-01-10,3,1269,3,1012,0,257,0,0,0,1125,3,72,0,1197,California
Lake,2021-01-11,192,1461,151,1163,41,298,0,0,112,1157,80,152,112,1309,California
Lake,2021-01-12,80,1541,48,1211,32,330,0,0,56,1189,24,176,56,1365,California
Lake,2021-01-13,164,1705,112,1323,52,382,0,0,107,1239,57,233,107,1472,California
Lake,2021-01-14,146,1851,46,1369,100,482,0,0,124,1341,22,255,124,1596,California
Lake,2021-01-15,215,2066,92,1461,123,605,0,0,188,1502,27,282,188,1784,California
Lake,2021-01-16,135,2201,82,1543,53,658,0,0,133,1633,2,284,133,1917,California
Lake,2021-01-17,18,2219,6,1549,12,670,0,0,12,1639,6,290,12,1929,California
Lake,2021-01-18,244,2463,224,1773,20,690,0,0,126,1647,118,408,126,2055,California
Lake,2021-01-19,311,2774,117,1890,194,884,0,0,266,1869,45,453,267,2322,California
Lake,2021-01-20,421,3195,80,1970,341,1225,0,0,357,2163,63,516,357,2679,California
Lake,2021-01-21,433,3628,49,2019,384,1609,0,0,398,2526,35,551,398,3077,California
Lake,2021-01-22,317,3945,46,2065,271,1880,0,0,281,2771,36,587,281,3358,California
Lake,2021-01-23,122,4067,5,2070,117,1997,0,0,121,2891,1,588,121,3479,California
Lake,2021-01-24,4,4071,1,2071,3,2000,0,0,4,2895,0,588,4,3483,California
Lake,2021-01-25,256,4327,95,2166,161,2161,0,0,175,2989,81,669,175,3658,California
Lake,2021-01-26,428,4755,36,2202,392,2553,0,0,405,3371,23,692,405,4063,California
Lake,2021-01-27,356,5111,39,2241,317,2870,0,0,329,3674,27,719,330,4393,California
Lake,2021-01-28,500,5611,160,2401,340,3210,0,0,372,3918,128,847,372,4765,California
Lake,2021-01-29,636,6247,83,2484,553,3763,0,0,576,4434,60,907,576,5341,California
Lake,2021-01-30,556,6803,45,2529,511,4274,0,0,550,4978,6,913,550,5891,California
Lake,2021-01-31,14,6817,8,2537,6,4280,0,0,12,4988,2,915,12,5903,California
Lake,2021-02-01,179,6996,18,2555,161,4441,0,0,166,5141,13,928,166,6069,California
Lake,2021-02-02,563,7559,153,2708,410,4851,0,0,398,5374,165,1093,398,6467,California
Lake,2021-02-03,444,8003,33,2741,411,5262,0,0,340,5610,104,1197,340,6807,California
Lake,2021-02-04,118,8121,68,2809,50,5312,0,0,72,5636,46,1243,72,6879,California
Lake,2021-02-05,376,8497,68,2877,308,5620,0,0,287,5836,87,1330,287,7166,California
Lake,2021-02-06,278,8775,42,2919,236,5856,0,0,266,6090,12,1342,266,7432,California
Lake,2021-02-07,2,8777,1,2920,1,5857,0,0,2,6092,0,1342,2,7434,California
Lake,2021-02-08,279,9056,206,3126,73,5930,0,0,160,6133,119,1461,160,7594,California
Lake,2021-02-09,346,9402,25,3151,321,6251,0,0,302,6392,43,1504,302,7896,California
Lake,2021-02-10,351,9753,54,3205,297,6548,0,0,275,6591,76,1580,275,8171,California
Lake,2021-02-11,167,9920,17,3222,150,6698,0,0,55,6534,112,1692,55,8226,California
Lake,2021-02-12,375,10295,28,3250,347,7045,0,0,289,6737,86,1778,289,8515,California
Lake,2021-02-13,249,10544,9,3259,240,7285,0,0,238,6964,11,1789,238,8753,California
Lake,2021-02-14,19,10563,4,3263,15,7300,0,0,6,6957,13,1802,6,8759,California
Lake,2021-02-15,172,10735,13,3276,159,7459,0,0,8,6802,163,1965,8,8767,California
Lake,2021-02-16,420,11155,22,3298,398,7857,0,0,174,6730,246,2211,174,8941,California
Lake,2021-02-17,351,11506,54,3352,297,8154,0,0,70,6520,280,2491,70,9011,California
Lake,2021-02-18,457,11963,69,3421,388,8542,0,0,115,6293,342,2833,115,9126,California
Lake,2021-02-19,414,12377,25,3446,389,8931,0,0,90,6059,324,3157,90,9216,California
Lake,2021-02-20,294,12671,60,3506,234,9165,0,0,251,6268,42,3199,251,9467,California
Lake,2021-02-21,6,12677,6,3512,0,9165,0,0,0,6262,6,3205,0,9467,California
Lake,2021-02-22,138,12815,23,3535,115,9280,0,0,43,6210,95,3300,43,9510,California
Lake,2021-02-23,212,13027,15,3550,197,9477,0,0,26,6050,186,3486,26,9536,California
Lake,2021-02-24,956,13983,378,3928,578,10055,0,0,418,5931,537,4023,418,9954,California
Lake,2021-02-25,733,14716,464,4392,269,10324,0,0,472,6144,259,4282,472,10426,California
Lake,2021-02-26,993,15709,303,4695,690,11014,0,0,347,5848,643,4925,347,10773,California
Lake,2021-02-27,410,16119,97,4792,313,11327,0,0,328,6094,82,5007,328,11101,California
Lake,2021-02-28,19,16138,13,4805,6,11333,0,0,10,6095,9,5016,10,11111,California
Lake,2021-03-01,594,16732,52,4857,542,11875,0,0,442,6385,152,5168,442,11553,California
Lake,2021-03-02,744,17476,18,4875,726,12601,0,0,291,6222,454,5622,291,11844,California
Lake,2021-03-03,359,17835,196,5071,163,12764,0,0,135,6133,224,5846,135,11979,California
Lake,2021-03-04,576,18411,508,5579,68,12832,0,0,562,6681,14,5860,562,12541,California
Lake,2021-03-05,1036,19447,38,5617,998,13830,0,0,173,5995,859,6719,173,12714,California
Lake,2021-03-06,36,19483,11,5628,24,13854,1,1,21,6002,15,6734,22,12736,California
Lake,2021-03-07,7,19490,5,5633,2,13856,0,1,4,6003,3,6737,4,12740,California
Lake,2021-03-08,338,19828,267,5900,62,13918,9,10,298,6270,40,6777,307,13047,California
Lake,2021-03-09,917,20745,28,5928,872,14790,17,27,394,6159,522,7299,411,13458,California
Lake,2021-03-10,204,20949,60,5988,131,14921,13,40,136,6240,68,7367,149,13607,California
Lake,2021-03-11,584,21533,47,6035,62,14983,475,515,49,6229,535,7902,524,14131,California
Lake,2021-03-12,857,22390,205,6240,628,15611,24,539,365,6127,491,8393,389,14520,California
Lake,2021-03-13,278,22668,21,6261,20,15631,237,776,16,6118,261,8654,252,14772,California
Lake,2021-03-14,11,22679,2,6263,9,15640,0,776,7,6121,4,8658,7,14779,California
Lake,2021-03-15,641,23320,14,6277,610,16250,17,793,483,6463,158,8816,500,15279,California
Lake,2021-03-16,1104,24424,829,7106,258,16508,17,810,445,6269,655,9471,461,15740,California
Lake,2021-03-17,246,24670,120,7226,104,16612,22,832,88,6221,158,9629,110,15850,California
Lake,2021-03-18,747,25417,367,7593,343,16955,37,869,372,6255,374,10003,408,16258,California
Lake,2021-03-19,584,26001,317,7910,247,17202,20,889,482,6656,101,10104,502,16760,California
Lake,2021-03-20,248,26249,8,7918,237,17439,3,892,30,6473,216,10320,33,16793,California
Lake,2021-03-21,17,26266,11,7929,5,17444,1,893,12,6481,5,10325,13,16806,California
Lake,2021-03-22,319,26585,240,8169,65,17509,14,907,234,6644,85,10410,248,17054,California
Lake,2021-03-23,413,26998,19,8188,381,17890,13,920,352,6949,60,10470,365,17419,California
Lake,2021-03-24,413,27411,61,8249,344,18234,8,928,317,7180,95,10565,326,17745,California
Lake,2021-03-25,658,28069,469,8718,183,18417,6,934,174,6876,484,11049,180,17925,California
Lake,2021-03-26,71,28140,33,8751,37,18454,1,935,49,6904,22,11071,50,17975,California
Lake,2021-03-27,309,28449,7,8758,299,18753,3,938,17,6634,290,11361,20,17995,California
Lake,2021-03-28,14,28463,5,8763,9,18762,0,938,8,6636,6,11367,8,18003,California
Lake,2021-03-29,899,29362,269,9032,628,19390,2,940,193,6127,704,12071,195,18198,California
Lake,2021-03-30,449,29811,303,9335,144,19534,2,942,364,6408,85,12156,366,18564,California
Lake,2021-03-31,581,30392,62,9397,519,20053,0,942,416,6667,157,12313,416,18980,California
Lake,2021-04-01,427,30819,223,9620,192,20245,12,954,179,6613,245,12558,191,19171,California
Lake,2021-04-02,224,31043,43,9663,153,20398,28,982,101,6619,123,12681,129,19300,California
Lake,2021-04-03,30,31073,7,9670,20,20418,3,985,11,6614,19,12700,14,19314,California
Lake,2021-04-04,19,31092,10,9680,7,20425,2,987,14,6625,5,12705,16,19330,California
Lake,2021-04-05,633,31725,68,9748,546,20971,19,1006,395,6803,235,12940,413,19743,California
Lake,2021-04-06,472,32197,15,9763,431,21402,26,1032,299,6956,172,13112,325,20068,California
Lake,2021-04-07,515,32712,55,9818,410,21812,50,1082,350,7193,163,13275,400,20468,California
Lake,2021-04-08,595,33307,483,10301,45,21857,67,1149,101,6869,492,13767,168,20636,California
Lake,2021-04-09,283,33590,44,10345,170,22027,69,1218,49,6756,231,13998,118,20754,California
Lake,2021-04-10,254,33844,15,10360,14,22041,225,1443,11,6749,243,14241,236,20990,California
Lake,2021-04-11,23,33867,17,10377,3,22044,3,1446,7,6743,16,14257,10,21000,California
Lake,2021-04-12,903,34770,202,10579,670,22714,31,1477,227,6326,675,14932,258,21258,California
Lake,2021-04-13,169,34939,108,10687,61,22775,0,1477,51,6259,118,15050,51,21309,California
Lake,2021-04-14,480,35419,29,10716,451,23226,0,1477,424,6627,56,15106,424,21733,California
Lake,2021-04-15,534,35953,120,10836,414,23640,0,1477,252,6597,282,15388,252,21985,California
Lake,2021-04-16,260,36213,25,10861,234,23874,1,1478,71,6481,188,15576,72,22057,California
Lake,2021-04-17,33,36246,12,10873,21,23895,0,1478,25,6498,8,15584,25,22082,California
Lake,2021-04-18,4,36250,1,10874,3,23898,0,1478,1,6496,3,15587,1,22083,California
Lassen,2020-12-16,8,8,8,8,0,0,0,0,8,8,0,0,8,8,California
Lassen,2020-12-17,6,14,6,14,0,0,0,0,6,14,0,0,6,14,California
Lassen,2020-12-18,1,15,1,15,0,0,0,0,1,15,0,0,1,15,California
Lassen,2020-12-19,5,20,5,20,0,0,0,0,5,20,0,0,5,20,California
Lassen,2020-12-20,2,22,2,22,0,0,0,0,2,22,0,0,2,22,California
Lassen,2020-12-21,11,33,11,33,0,0,0,0,11,33,0,0,11,33,California
Lassen,2020-12-22,23,56,23,56,0,0,0,0,23,56,0,0,23,56,California
Lassen,2020-12-23,6,62,6,62,0,0,0,0,6,62,0,0,6,62,California
Lassen,2020-12-24,11,73,11,73,0,0,0,0,11,73,0,0,11,73,California
Lassen,2020-12-28,3,76,2,75,1,1,0,0,3,76,0,0,3,76,California
Lassen,2020-12-29,35,111,35,110,0,1,0,0,35,111,0,0,35,111,California
Lassen,2020-12-30,37,148,36,146,1,2,0,0,37,148,0,0,37,148,California
Lassen,2020-12-31,49,197,42,188,7,9,0,0,49,197,0,0,49,197,California
Lassen,2021-01-02,1,198,0,188,1,10,0,0,1,198,0,0,1,198,California
Lassen,2021-01-04,15,213,1,189,14,24,0,0,15,213,0,0,15,213,California
Lassen,2021-01-05,194,407,53,242,141,165,0,0,194,407,0,0,194,407,California
Lassen,2021-01-06,93,500,42,284,51,216,0,0,85,485,8,8,86,493,California
Lassen,2021-01-07,43,543,7,291,36,252,0,0,37,516,6,14,37,530,California
Lassen,2021-01-08,50,593,2,293,48,300,0,0,50,566,0,14,50,580,California
Lassen,2021-01-09,12,605,6,299,6,306,0,0,12,578,0,14,12,592,California
Lassen,2021-01-11,27,632,5,304,22,328,0,0,27,605,0,14,27,619,California
Lassen,2021-01-12,49,681,29,333,20,348,0,0,30,616,19,33,30,649,California
Lassen,2021-01-13,161,842,18,351,143,491,0,0,146,747,15,48,146,795,California
Lassen,2021-01-14,163,1005,18,369,145,636,0,0,151,886,12,60,151,946,California
Lassen,2021-01-15,33,1038,6,375,27,663,0,0,33,919,0,60,33,979,California
Lassen,2021-01-16,34,1072,33,408,1,664,0,0,34,953,0,60,34,1013,California
Lassen,2021-01-17,1,1073,0,408,1,665,0,0,1,954,0,60,1,1014,California
Lassen,2021-01-18,5,1078,2,410,3,668,0,0,4,957,1,61,4,1018,California
Lassen,2021-01-19,185,1263,36,446,149,817,0,0,157,1086,28,89,157,1175,California
Lassen,2021-01-20,188,1451,100,546,88,905,0,0,104,1121,69,158,104,1279,California
Lassen,2021-01-21,144,1595,93,639,51,956,0,0,120,1223,18,176,120,1399,California
Lassen,2021-01-22,31,1626,18,657,13,969,0,0,21,1234,10,186,21,1420,California
Lassen,2021-01-23,1,1627,0,657,1,970,0,0,1,1235,0,186,1,1421,California
Lassen,2021-01-24,1,1628,0,657,1,971,0,0,1,1236,0,186,1,1422,California
Lassen,2021-01-25,11,1639,0,657,11,982,0,0,11,1247,0,186,11,1433,California
Lassen,2021-01-26,126,1765,12,669,114,1096,0,0,122,1365,4,190,122,1555,California
Lassen,2021-01-27,83,1848,31,700,52,1148,0,0,67,1416,16,206,67,1622,California
Lassen,2021-01-28,85,1933,14,714,71,1219,0,0,84,1499,1,207,84,1706,California
Lassen,2021-01-29,23,1956,7,721,16,1235,0,0,22,1520,1,208,22,1728,California
Lassen,2021-02-01,62,2018,4,725,58,1293,0,0,36,1530,26,234,36,1764,California
Lassen,2021-02-02,177,2195,12,737,165,1458,0,0,44,1441,133,367,44,1808,California
Lassen,2021-02-03,96,2291,21,758,75,1533,0,0,51,1447,45,412,51,1859,California
Lassen,2021-02-04,112,2403,15,773,97,1630,0,0,63,1461,49,461,63,1922,California
Lassen,2021-02-05,65,2468,12,785,53,1683,0,0,23,1442,42,503,23,1945,California
Lassen,2021-02-06,69,2537,34,819,35,1718,0,0,36,1446,32,535,36,1981,California
Lassen,2021-02-07,1,2538,1,820,0,1718,0,0,1,1447,0,535,1,1982,California
Lassen,2021-02-08,43,2581,4,824,39,1757,0,0,18,1440,25,560,18,2000,California
Lassen,2021-02-09,129,2710,8,832,121,1878,0,0,50,1411,79,639,50,2050,California
Lassen,2021-02-10,182,2892,20,852,162,2040,0,0,75,1379,107,746,75,2125,California
Lassen,2021-02-11,183,3075,16,868,167,2207,0,0,79,1355,103,849,79,2204,California
Lassen,2021-02-12,42,3117,11,879,31,2238,0,0,14,1341,28,877,14,2218,California
Lassen,2021-02-13,11,3128,3,882,8,2246,0,0,9,1348,2,879,9,2227,California
Lassen,2021-02-14,13,3141,0,882,13,2259,0,0,12,1359,1,880,12,2239,California
Lassen,2021-02-15,21,3162,2,884,19,2278,0,0,17,1372,4,884,17,2256,California
Lassen,2021-02-16,192,3354,4,888,188,2466,0,0,31,1244,159,1043,31,2287,California
Lassen,2021-02-17,184,3538,94,982,90,2556,0,0,11,1082,173,1216,11,2298,California
Lassen,2021-02-18,79,3617,22,1004,57,2613,0,0,20,1043,59,1275,20,2318,California
Lassen,2021-02-19,82,3699,62,1066,20,2633,0,0,18,997,64,1339,18,2336,California
Lassen,2021-02-20,7,3706,0,1066,7,2640,0,0,5,1000,2,1341,5,2341,California
Lassen,2021-02-21,22,3728,2,1068,20,2660,0,0,18,1014,4,1345,18,2359,California
Lassen,2021-02-22,23,3751,8,1076,15,2675,0,0,5,1001,18,1363,5,2364,California
Lassen,2021-02-23,152,3903,9,1085,143,2818,0,0,41,931,111,1474,41,2405,California
Lassen,2021-02-24,166,4069,17,1102,149,2967,0,0,108,982,57,1531,108,2513,California
Lassen,2021-02-25,156,4225,19,1121,137,3104,0,0,99,1024,57,1588,99,2612,California
Lassen,2021-02-26,73,4298,16,1137,57,3161,0,0,36,1023,37,1625,36,2648,California
Lassen,2021-02-27,7,4305,7,1144,0,3161,0,0,3,1022,4,1629,3,2651,California
Lassen,2021-02-28,6,4311,1,1145,5,3166,0,0,3,1022,3,1632,3,2654,California
Lassen,2021-03-01,41,4352,4,1149,37,3203,0,0,8,997,33,1665,8,2662,California
Lassen,2021-03-02,104,4456,7,1156,97,3300,0,0,79,1051,25,1690,79,2741,California
Lassen,2021-03-03,170,4626,12,1168,158,3458,0,0,113,1107,57,1747,113,2854,California
Lassen,2021-03-04,147,4773,14,1182,133,3591,0,0,98,1157,48,1795,98,2952,California
Lassen,2021-03-05,47,4820,7,1189,17,3608,23,23,11,1155,36,1831,34,2986,California
Lassen,2021-03-06,54,4874,4,1193,28,3636,22,45,4,1131,50,1881,26,3012,California
Lassen,2021-03-07,56,4930,1,1194,0,3636,55,100,1,1132,55,1936,56,3068,California
Lassen,2021-03-08,90,5020,2,1196,8,3644,80,180,3,1129,86,2022,83,3151,California
Lassen,2021-03-09,137,5157,11,1207,109,3753,17,197,88,1186,49,2071,106,3257,California
Lassen,2021-03-10,172,5329,10,1217,161,3914,1,198,79,1173,93,2164,80,3337,California
Lassen,2021-03-11,185,5514,16,1233,162,4076,7,205,113,1224,69,2233,120,3457,California
Lassen,2021-03-12,34,5548,18,1251,12,4088,4,209,12,1218,22,2255,16,3473,California
Lassen,2021-03-13,49,5597,0,1251,3,4091,46,255,1,1216,48,2303,46,3519,California
Lassen,2021-03-14,14,5611,2,1253,11,4102,1,256,2,1207,12,2315,3,3522,California
Lassen,2021-03-15,32,5643,1,1254,31,4133,0,256,16,1207,16,2331,16,3538,California
Lassen,2021-03-16,93,5736,2,1256,85,4218,6,262,75,1270,18,2349,81,3619,California
Lassen,2021-03-17,1083,6819,9,1265,1069,5287,5,267,1063,2318,20,2369,1068,4687,California
Lassen,2021-03-18,95,6914,9,1274,85,5372,1,268,81,2386,14,2383,82,4769,California
Lassen,2021-03-19,17,6931,11,1285,2,5374,4,272,7,2387,10,2393,11,4780,California
Lassen,2021-03-20,29,6960,3,1288,23,5397,3,275,23,2407,6,2399,26,4806,California
Lassen,2021-03-21,34,6994,0,1288,34,5431,0,275,14,2402,19,2418,14,4820,California
Lassen,2021-03-22,55,7049,0,1288,55,5486,0,275,52,2451,3,2421,52,4872,California
Lassen,2021-03-23,119,7168,9,1297,109,5595,1,276,68,2469,51,2472,69,4941,California
Lassen,2021-03-24,210,7378,12,1309,198,5793,0,276,106,2472,103,2575,106,5047,California
Lassen,2021-03-25,151,7529,21,1330,130,5923,0,276,69,2459,82,2657,69,5116,California
Lassen,2021-03-26,76,7605,12,1342,25,5948,39,315,17,2456,59,2716,56,5172,California
Lassen,2021-03-27,19,7624,3,1345,1,5949,15,330,3,2458,16,2732,18,5190,California
Lassen,2021-03-28,18,7642,3,1348,5,5954,10,340,4,2458,14,2746,14,5204,California
Lassen,2021-03-29,52,7694,1,1349,26,5980,25,365,21,2473,31,2777,46,5250,California
Lassen,2021-03-30,197,7891,9,1358,163,6143,25,390,50,2401,147,2924,75,5325,California
Lassen,2021-03-31,146,8037,12,1370,112,6255,22,412,62,2401,84,3008,84,5409,California
Lassen,2021-04-01,166,8203,16,1386,131,6386,19,431,49,2353,116,3124,68,5477,California
Lassen,2021-04-02,29,8232,4,1390,3,6389,22,453,2,2350,27,3151,24,5501,California
Lassen,2021-04-03,12,8244,0,1390,2,6391,10,463,0,2348,12,3163,10,5511,California
Lassen,2021-04-04,7,8251,2,1392,0,6391,5,468,1,2348,6,3169,6,5517,California
Lassen,2021-04-05,23,8274,4,1396,12,6403,7,475,11,2355,11,3180,18,5535,California
Lassen,2021-04-06,183,8457,8,1404,145,6548,30,505,52,2306,131,3311,82,5617,California
Lassen,2021-04-07,136,8593,5,1409,93,6641,38,543,32,2274,104,3415,72,5689,California
Lassen,2021-04-08,169,8762,8,1417,105,6746,56,599,33,2231,132,3547,89,5778,California
Lassen,2021-04-09,51,8813,4,1421,11,6757,36,635,7,2230,43,3590,42,5820,California
Lassen,2021-04-10,8,8821,0,1421,1,6758,7,642,0,2229,8,3598,7,5827,California
Lassen,2021-04-11,5,8826,2,1423,0,6758,3,645,2,2231,3,3601,5,5832,California
Lassen,2021-04-12,23,8849,1,1424,9,6767,13,658,1,2223,22,3623,14,5846,California
Lassen,2021-04-13,121,8970,5,1429,116,6883,0,658,34,2171,86,3709,34,5880,California
Lassen,2021-04-14,876,9846,16,1445,860,7743,0,658,46,1388,829,4538,46,5926,California
Lassen,2021-04-15,37,9883,9,1454,28,7771,0,658,19,1389,18,4556,19,5945,California
Lassen,2021-04-16,7,9890,2,1456,5,7776,0,658,3,1388,4,4560,3,5948,California
Lassen,2021-04-17,25,9915,3,1459,22,7798,0,658,3,1369,22,4582,3,5951,California
Lassen,2021-04-18,2,9917,0,1459,2,7800,0,658,0,1367,2,4584,0,5951,California
Los Angeles,2020-12-15,391,391,391,391,0,0,0,0,391,391,0,0,391,391,California
Los Angeles,2020-12-16,3362,3753,3362,3753,0,0,0,0,3362,3753,0,0,3362,3753,California
Los Angeles,2020-12-17,10228,13981,10228,13981,0,0,0,0,10229,13982,0,0,10229,13982,California
Los Angeles,2020-12-18,14504,28485,14480,28461,24,24,0,0,14504,28486,0,0,14504,28486,California
Los Angeles,2020-12-19,7217,35702,7209,35670,8,32,0,0,7218,35704,0,0,7218,35704,California
Los Angeles,2020-12-20,4573,40275,4566,40236,7,39,0,0,4575,40279,0,0,4575,40279,California
Los Angeles,2020-12-21,13669,53944,13657,53893,12,51,0,0,13670,53948,1,1,13670,53949,California
Los Angeles,2020-12-22,11503,65447,11124,65017,379,430,0,0,11504,65451,1,2,11504,65453,California
Los Angeles,2020-12-23,11870,77317,10114,75131,1756,2186,0,0,11871,77322,0,2,11871,77324,California
Los Angeles,2020-12-24,7009,84326,4243,79374,2766,4952,0,0,7012,84334,0,2,7012,84336,California
Los Angeles,2020-12-25,522,84848,417,79791,105,5057,0,0,522,84856,0,2,522,84858,California
Los Angeles,2020-12-26,2524,87372,2178,81969,346,5403,0,0,2524,87379,1,3,2524,87382,California
Los Angeles,2020-12-27,1753,89125,1023,82992,730,6133,0,0,1753,89132,0,3,1753,89135,California
Los Angeles,2020-12-28,10255,99380,6358,89350,3897,10030,0,0,10253,99384,1,4,10253,99388,California
Los Angeles,2020-12-29,11577,110957,6062,95412,5515,15545,0,0,11579,110963,0,4,11579,110967,California
Los Angeles,2020-12-30,14844,125801,8077,103489,6767,22312,0,0,14843,125806,0,4,14843,125810,California
Los Angeles,2020-12-31,7904,133705,2744,106233,5160,27472,0,0,7902,133707,1,5,7902,133712,California
Los Angeles,2021-01-01,961,134666,254,106487,707,28179,0,0,961,134668,0,5,961,134673,California
Los Angeles,2021-01-02,4435,139101,1649,108136,2786,30965,0,0,4435,139103,0,5,4435,139108,California
Los Angeles,2021-01-03,921,140022,205,108341,716,31681,0,0,920,140022,1,6,920,140028,California
Los Angeles,2021-01-04,12653,152675,4847,113188,7806,39487,0,0,12639,152658,3,9,12639,152667,California
Los Angeles,2021-01-05,15962,168637,7048,120236,8914,48401,0,0,14067,164858,1868,1877,14068,166735,California
Los Angeles,2021-01-06,22478,191115,12040,132276,10438,58839,0,0,16896,176248,5513,7390,16903,183638,California
Los Angeles,2021-01-07,29313,220428,15784,148060,13529,72368,0,0,18827,184645,10440,17830,18837,202475,California
Los Angeles,2021-01-08,33006,253434,17870,165930,15136,87504,0,0,20806,193284,12175,30005,20814,223289,California
Los Angeles,2021-01-09,12328,265762,7053,172983,5275,92779,0,0,7472,195907,4855,34860,7478,230767,California
Los Angeles,2021-01-10,4643,270405,3625,176608,1018,93797,0,0,1916,195098,2727,37587,1918,232685,California
Los Angeles,2021-01-11,25736,296141,16210,192818,9526,103323,0,0,14821,199022,10905,48492,14829,247514,California
Los Angeles,2021-01-12,29151,325292,16048,208866,13103,116426,0,0,19039,207975,10093,58585,19046,266560,California
Los Angeles,2021-01-13,29209,354501,15599,224465,13610,130036,0,0,20277,219343,8914,67499,20282,286842,California
Los Angeles,2021-01-14,29208,383709,12703,237168,16505,146541,0,0,23709,237581,5480,72979,23718,310560,California
Los Angeles,2021-01-15,33723,417432,12328,249496,21395,167936,0,0,30165,264221,3533,76512,30173,340733,California
Los Angeles,2021-01-16,17517,434949,4954,254450,12563,180499,0,0,15742,278200,1767,78279,15746,356479,California
Los Angeles,2021-01-17,5176,440125,2297,256747,2879,183378,0,0,4931,282889,244,78523,4933,361412,California
Los Angeles,2021-01-18,15558,455683,10047,266794,5511,188889,0,0,10856,289057,4690,83213,10858,372270,California
Los Angeles,2021-01-19,38389,494072,20529,287323,17860,206749,0,0,30619,311954,7729,90942,30626,402896,California
Los Angeles,2021-01-20,45494,539566,23690,311013,21804,228553,0,0,38012,342523,7452,98394,38021,440917,California
Los Angeles,2021-01-21,48475,588041,22333,333346,26142,254695,0,0,44228,382579,4186,102580,44242,485159,California
Los Angeles,2021-01-22,47585,635626,22183,355529,25402,280097,0,0,44189,423422,3353,105933,44196,529355,California
Los Angeles,2021-01-23,33875,669501,15657,371186,18218,298315,0,0,31838,453262,2007,107940,31847,561202,California
Los Angeles,2021-01-24,15673,685174,12158,383344,3515,301830,0,0,15126,467849,540,108480,15127,576329,California
Los Angeles,2021-01-25,38574,723748,16363,399707,22211,324041,0,0,30130,489581,8415,116895,30147,606476,California
Los Angeles,2021-01-26,49089,772837,24348,424055,24741,348782,0,0,40942,522438,8114,125009,40971,647447,California
Los Angeles,2021-01-27,48280,821117,25741,449796,22539,371321,0,0,39131,552581,9016,134025,39159,686606,California
Los Angeles,2021-01-28,48354,869471,23012,472808,25342,396663,0,0,40019,584395,8221,142246,40035,726641,California
Los Angeles,2021-01-29,49062,918533,25297,498105,23765,420428,0,0,39064,613827,9647,151893,39079,765720,California
Los Angeles,2021-01-30,29915,948448,15364,513469,14551,434979,0,0,25797,635585,4042,155935,25800,791520,California
Los Angeles,2021-01-31,12965,961413,10341,523810,2624,437603,0,0,12051,646737,902,156837,12054,803574,California
Los Angeles,2021-02-01,37874,999287,16116,539926,21758,459361,0,0,27652,664206,10192,167029,27661,831235,California
Los Angeles,2021-02-02,44089,1043376,17843,557769,26246,485607,0,0,31955,684067,12097,179126,31958,863193,California
Los Angeles,2021-02-03,51929,1095305,19419,577188,32510,518117,0,0,37289,706954,14408,193534,37295,900488,California
Los Angeles,2021-02-04,57066,1152371,20656,597844,36410,554527,0,0,39057,728319,17703,211237,39068,939556,California
Los Angeles,2021-02-05,60971,1213342,20976,618820,39995,594522,0,0,39189,746148,21367,232604,39196,978752,California
Los Angeles,2021-02-06,35398,1248740,13246,632066,22152,616674,0,0,27006,764855,8320,240924,27027,1005779,California
Los Angeles,2021-02-07,10771,1259511,8359,640425,2412,619086,0,0,8396,770897,2359,243283,8401,1014180,California
Los Angeles,2021-02-08,46614,1306125,21424,661849,25190,644276,0,0,30509,785439,15975,259258,30517,1044697,California
Los Angeles,2021-02-09,55637,1361762,24548,686397,31089,675365,0,0,28348,786562,27230,286488,28353,1073050,California
Los Angeles,2021-02-10,66723,1428485,29317,715714,37406,712771,0,0,30932,782078,35423,321911,30939,1103989,California
Los Angeles,2021-02-11,57799,1486284,30787,746501,27012,739783,0,0,27952,780618,29415,351326,27955,1131944,California
Los Angeles,2021-02-12,59374,1545658,29743,776244,29631,769414,0,0,25939,773465,33107,384433,25954,1157898,California
Los Angeles,2021-02-13,33746,1579404,19593,795837,14153,783567,0,0,15462,770760,18203,402636,15498,1173396,California
Los Angeles,2021-02-14,21855,1601259,14951,810788,6904,790471,0,0,8779,766526,13016,415652,8782,1182178,California
Los Angeles,2021-02-15,32328,1633587,15797,826585,16531,807002,0,0,17754,769768,14518,430170,17760,1199938,California
Los Angeles,2021-02-16,63802,1697389,32429,859014,31373,838375,0,0,29856,765766,33869,464039,29867,1229805,California
Los Angeles,2021-02-17,63810,1761199,34159,893173,29651,868026,0,0,26332,754791,37313,501352,26338,1256143,California
Los Angeles,2021-02-18,67860,1829059,34604,927777,33256,901282,0,0,28592,744294,39099,540451,28602,1284745,California
Los Angeles,2021-02-19,56844,1885903,34922,962699,21922,923204,0,0,28302,744157,28453,568904,28316,1313061,California
Los Angeles,2021-02-20,32016,1917919,23770,986469,8246,931450,0,0,15656,743495,16326,585230,15664,1328725,California
Los Angeles,2021-02-21,16509,1934428,14874,1001343,1635,933085,0,0,8441,743896,8043,593273,8444,1337169,California
Los Angeles,2021-02-22,34054,1968482,24869,1026212,9185,942270,0,0,17632,745181,16357,609630,17642,1354811,California
Los Angeles,2021-02-23,53353,2021835,22625,1048837,30728,972998,0,0,21053,734042,32203,641833,21064,1375875,California
Los Angeles,2021-02-24,63657,2085492,27933,1076770,35724,1008722,0,0,27968,726491,35536,677369,27985,1403860,California
Los Angeles,2021-02-25,73006,2158498,33425,1110195,39581,1048303,0,0,38322,730284,34539,711908,38332,1442192,California
Los Angeles,2021-02-26,82473,2240971,38470,1148665,44003,1092306,0,0,47278,742610,34977,746885,47303,1489495,California
Los Angeles,2021-02-27,58378,2299349,24803,1173468,33572,1125878,3,3,29855,744104,28387,775272,29881,1519376,California
Los Angeles,2021-02-28,26700,2326049,18436,1191904,8263,1134141,1,4,18822,755130,7803,783075,18829,1538205,California
Los Angeles,2021-03-01,55060,2381109,30788,1222692,24262,1158403,10,14,33348,766929,21574,804649,33373,1571578,California
Los Angeles,2021-03-02,70171,2451280,31044,1253736,39125,1197528,2,16,42911,782697,27154,831803,42922,1614500,California
Los Angeles,2021-03-03,81534,2532814,40750,1294486,40778,1238306,6,22,51144,803628,30243,862046,51174,1665674,California
Los Angeles,2021-03-04,88319,2621133,45498,1339984,42812,1281118,9,31,55620,826736,32536,894582,55644,1721318,California
Los Angeles,2021-03-05,86948,2708081,42284,1382268,44643,1325761,21,52,58072,856151,28710,923292,58125,1779443,California
Los Angeles,2021-03-06,65443,2773524,32739,1415007,30898,1356659,1806,1858,42050,876750,23265,946557,43864,1823307,California
Los Angeles,2021-03-07,25553,2799077,19229,1434236,5534,1362193,790,2648,19698,891404,5833,952390,20487,1843794,California
Los Angeles,2021-03-08,51004,2850081,26463,1460699,22607,1384800,1934,4582,38368,919160,12548,964938,40304,1884098,California
Los Angeles,2021-03-09,68048,2918129,25758,1486457,39027,1423827,3263,7845,40683,935871,27230,992168,43941,1928039,California
Los Angeles,2021-03-10,78302,2996431,36923,1523380,36759,1460586,4620,12465,49200,960695,28967,1021135,53791,1981830,California
Los Angeles,2021-03-11,90976,3087407,44248,1567628,40426,1501012,6302,18767,53464,983076,37360,1058495,59741,2041571,California
Los Angeles,2021-03-12,96232,3183639,42648,1610276,39913,1540925,13671,32438,56003,1012646,40066,1098561,69636,2111207,California
Los Angeles,2021-03-13,73301,3256940,33891,1644167,27536,1568461,11874,44312,43548,1038380,29657,1128218,55391,2166598,California
Los Angeles,2021-03-14,37900,3294840,25316,1669483,10177,1578638,2407,46719,25442,1053810,12405,1140623,27835,2194433,California
Los Angeles,2021-03-15,73220,3368060,35391,1704874,32521,1611159,5308,52027,44723,1075501,28332,1168955,50023,2244456,California
Los Angeles,2021-03-16,97495,3465555,41951,1746825,49835,1660994,5709,57736,63614,1111091,33709,1202664,69299,2313755,California
Los Angeles,2021-03-17,94423,3559978,42457,1789282,44020,1705014,7946,65682,63559,1151857,30697,1233361,71463,2385218,California
Los Angeles,2021-03-18,97536,3657514,46351,1835633,46048,1751062,5137,70819,62103,1183891,35195,1268556,67229,2452447,California
Los Angeles,2021-03-19,104507,3762021,54323,1889956,45605,1796667,4579,75398,64960,1214097,39332,1307888,69538,2521985,California
Los Angeles,2021-03-20,74000,3836021,36005,1925961,33747,1830414,4248,79646,51449,1247372,22412,1330300,55687,2577672,California
Los Angeles,2021-03-21,33426,3869447,24687,1950648,7897,1838311,842,80488,21740,1258342,11608,1341908,22578,2600250,California
Los Angeles,2021-03-22,67525,3936972,40035,1990683,25535,1863846,1955,82443,48173,1289311,19158,1361066,50127,2650377,California
Los Angeles,2021-03-23,92741,4029713,50061,2040744,39772,1903618,2908,85351,61934,1323548,30599,1391665,64836,2715213,California
Los Angeles,2021-03-24,101366,4131079,53815,2094559,44700,1948318,2851,88202,60244,1345776,40861,1432526,63089,2778302,California
Los Angeles,2021-03-25,105989,4237068,56706,2151265,45734,1994052,3549,91751,60942,1365440,44811,1477337,64475,2842777,California
Los Angeles,2021-03-26,111148,4348216,60650,2211915,46420,2040472,4078,95829,63562,1385705,47362,1524699,67627,2910404,California
Los Angeles,2021-03-27,80511,4428727,42141,2254056,36271,2076743,2099,97928,42090,1391684,38211,1562910,44190,2954594,California
Los Angeles,2021-03-28,40684,4469411,27202,2281258,12900,2089643,582,98510,20715,1393094,19887,1582797,21297,2975891,California
Los Angeles,2021-03-29,80630,4550041,45522,2326780,33524,2123167,1584,100094,46343,1406881,34138,1616935,47925,3023816,California
Los Angeles,2021-03-30,105628,4655669,49447,2376227,50491,2173658,5690,105784,65236,1437566,40225,1657160,70910,3094726,California
Los Angeles,2021-03-31,119012,4774681,59692,2435919,50842,2224500,8478,114262,70225,1467672,48573,1705733,78679,3173405,California
Los Angeles,2021-04-01,128568,4903249,59552,2495471,54292,2278792,14724,128986,70968,1495933,57399,1763132,85660,3259065,California
Los Angeles,2021-04-02,126892,5030141,56054,2551525,56090,2334882,14748,143734,68473,1521001,58156,1821288,83224,3342289,California
Los Angeles,2021-04-03,94442,5124583,42544,2594069,38946,2373828,12952,156686,47280,1534187,47025,1868313,60211,3402500,California
Los Angeles,2021-04-04,37701,5162284,19714,2613783,11974,2385802,6013,162699,16151,1534843,21495,1889808,22151,3424651,California
Los Angeles,2021-04-05,89904,5252188,43593,2657376,36489,2422291,9822,172521,44210,1543321,45546,1935354,54024,3478675,California
Los Angeles,2021-04-06,118958,5371146,56004,2713380,43008,2465299,19946,192467,55400,1555251,63354,1998708,75284,3553959,California
Los Angeles,2021-04-07,118012,5489158,53863,2767243,43495,2508794,20654,213121,54202,1566448,63597,2062305,74794,3628753,California
Los Angeles,2021-04-08,127640,5616798,56729,2823972,47750,2556544,23161,236282,58590,1579304,68821,2131126,81677,3710430,California
Los Angeles,2021-04-09,118228,5735026,49399,2873371,48253,2604797,20576,256858,51381,1584556,66627,2197753,71879,3782309,California
Los Angeles,2021-04-10,97774,5832800,41072,2914443,33195,2637992,23507,280365,36134,1582687,61449,2259202,59580,3841889,California
Los Angeles,2021-04-11,40885,5873685,22205,2936648,9571,2647563,9109,289474,14251,1579441,26577,2285779,23331,3865220,California
Los Angeles,2021-04-12,72120,5945805,34969,2971617,31344,2678907,5807,295281,30709,1574676,41251,2327030,36486,3901706,California
Los Angeles,2021-04-13,110762,6056567,55933,3027550,54445,2733352,384,295665,59350,1583181,51233,2378263,59738,3961444,California
Los Angeles,2021-04-14,102557,6159124,50997,3078547,51465,2784817,95,295760,55648,1592233,46720,2424983,55772,4017216,California
Los Angeles,2021-04-15,105650,6264774,57085,3135632,48441,2833258,124,295884,59412,1605762,46036,2471019,59565,4076781,California
Los Angeles,2021-04-16,113049,6377823,57601,3193233,55327,2888585,121,296005,57933,1608923,54910,2525929,58071,4134852,California
Los Angeles,2021-04-17,83639,6461462,43378,3236611,40255,2928840,6,296011,45666,1616773,37826,2563755,45676,4180528,California
Los Angeles,2021-04-18,20442,6481904,15882,3252493,4558,2933398,2,296013,13357,1623077,7057,2570812,13361,4193889,California
Madera,2020-12-16,22,22,22,22,0,0,0,0,22,22,0,0,22,22,California
Madera,2020-12-17,13,35,13,35,0,0,0,0,13,35,0,0,13,35,California
Madera,2020-12-18,61,96,61,96,0,0,0,0,61,96,0,0,61,96,California
Madera,2020-12-19,5,101,5,101,0,0,0,0,5,101,0,0,5,101,California
Madera,2020-12-20,14,115,14,115,0,0,0,0,14,115,0,0,14,115,California
Madera,2020-12-21,60,175,60,175,0,0,0,0,60,175,0,0,60,175,California
Madera,2020-12-22,98,273,96,271,2,2,0,0,98,273,0,0,98,273,California
Madera,2020-12-23,69,342,69,340,0,2,0,0,69,342,0,0,69,342,California
Madera,2020-12-24,44,386,39,379,5,7,0,0,44,386,0,0,44,386,California
Madera,2020-12-26,28,414,26,405,2,9,0,0,28,414,0,0,28,414,California
Madera,2020-12-27,30,444,12,417,18,27,0,0,30,444,0,0,30,444,California
Madera,2020-12-28,105,549,36,453,69,96,0,0,105,549,0,0,105,549,California
Madera,2020-12-29,173,722,40,493,133,229,0,0,173,722,0,0,173,722,California
Madera,2020-12-30,218,940,86,579,132,361,0,0,218,940,0,0,218,940,California
Madera,2020-12-31,201,1141,80,659,121,482,0,0,201,1141,0,0,201,1141,California
Madera,2021-01-02,89,1230,34,693,55,537,0,0,89,1230,0,0,89,1230,California
Madera,2021-01-03,5,1235,5,698,0,537,0,0,5,1235,0,0,5,1235,California
Madera,2021-01-04,128,1363,64,762,64,601,0,0,128,1363,0,0,128,1363,California
Madera,2021-01-05,279,1642,143,905,136,737,0,0,275,1634,4,4,275,1638,California
Madera,2021-01-06,183,1825,27,932,156,893,0,0,163,1777,20,24,163,1801,California
Madera,2021-01-07,395,2220,113,1045,282,1175,0,0,373,2128,22,46,373,2174,California
Madera,2021-01-08,417,2637,72,1117,345,1520,0,0,362,2437,54,100,363,2537,California
Madera,2021-01-09,37,2674,14,1131,23,1543,0,0,28,2456,9,109,28,2565,California
Madera,2021-01-10,17,2691,14,1145,3,1546,0,0,5,2449,12,121,5,2570,California
Madera,2021-01-11,237,2928,189,1334,48,1594,0,0,194,2600,43,164,194,2764,California
Madera,2021-01-12,391,3319,158,1492,233,1827,0,0,284,2777,107,271,284,3048,California
Madera,2021-01-13,186,3505,92,1584,94,1921,0,0,129,2850,57,328,130,3178,California
Madera,2021-01-14,555,4060,82,1666,473,2394,0,0,521,3337,34,362,521,3699,California
Madera,2021-01-15,597,4657,159,1825,438,2832,0,0,577,3894,20,382,577,4276,California
Madera,2021-01-16,381,5038,47,1872,334,3166,0,0,352,4217,29,411,352,4628,California
Madera,2021-01-17,335,5373,15,1887,320,3486,0,0,331,4544,4,415,331,4959,California
Madera,2021-01-18,76,5449,60,1947,16,3502,0,0,57,4583,18,433,57,5016,California
Madera,2021-01-19,570,6019,135,2082,435,3937,0,0,543,5100,27,460,544,5560,California
Madera,2021-01-20,233,6252,80,2162,153,4090,0,0,205,5278,27,487,205,5765,California
Madera,2021-01-21,237,6489,130,2292,107,4197,0,0,204,5451,31,518,204,5969,California
Madera,2021-01-22,255,6744,83,2375,172,4369,0,0,242,5680,13,531,242,6211,California
Madera,2021-01-23,100,6844,52,2427,48,4417,0,0,76,5732,24,555,76,6287,California
Madera,2021-01-24,101,6945,82,2509,19,4436,0,0,78,5787,23,578,78,6365,California
Madera,2021-01-25,252,7197,121,2630,131,4567,0,0,140,5815,112,690,140,6505,California
Madera,2021-01-26,480,7677,188,2818,292,4859,0,0,292,5922,187,877,294,6799,California
Madera,2021-01-27,737,8414,63,2881,674,5533,0,0,601,6388,136,1013,602,7401,California
Madera,2021-01-28,535,8949,103,2984,432,5965,0,0,432,6717,103,1116,432,7833,California
Madera,2021-01-29,468,9417,95,3079,373,6338,0,0,412,7073,56,1172,412,8245,California
Madera,2021-01-30,504,9921,16,3095,488,6826,0,0,450,7469,54,1226,450,8695,California
Madera,2021-01-31,10,9931,7,3102,3,6829,0,0,9,7477,1,1227,9,8704,California
Madera,2021-02-01,254,10185,70,3172,184,7013,0,0,197,7617,57,1284,197,8901,California
Madera,2021-02-02,250,10435,86,3258,164,7177,0,0,161,7690,88,1372,161,9062,California
Madera,2021-02-03,591,11026,458,3716,133,7310,0,0,473,8048,116,1488,474,9536,California
Madera,2021-02-04,385,11411,120,3836,265,7575,0,0,111,7887,273,1761,112,9648,California
Madera,2021-02-05,968,12379,293,4129,675,8250,0,0,363,7651,600,2361,364,10012,California
Madera,2021-02-06,359,12738,324,4453,35,8285,0,0,320,7933,38,2399,320,10332,California
Madera,2021-02-07,35,12773,7,4460,28,8313,0,0,30,7958,5,2404,30,10362,California
Madera,2021-02-08,382,13155,306,4766,76,8389,0,0,269,8115,112,2516,269,10631,California
Madera,2021-02-09,479,13634,119,4885,360,8749,0,0,197,8034,279,2795,198,10829,California
Madera,2021-02-10,428,14062,148,5033,280,9029,0,0,322,8250,106,2901,322,11151,California
Madera,2021-02-11,931,14993,303,5336,628,9657,0,0,403,8127,527,3428,404,11555,California
Madera,2021-02-12,839,15832,119,5455,720,10377,0,0,307,7911,526,3954,310,11865,California
Madera,2021-02-13,484,16316,44,5499,440,10817,0,0,140,7710,343,4297,142,12007,California
Madera,2021-02-14,400,16716,75,5574,325,11142,0,0,137,7585,263,4560,138,12145,California
Madera,2021-02-15,241,16957,97,5671,144,11286,0,0,176,7697,64,4624,176,12321,California
Madera,2021-02-16,773,17730,183,5854,590,11876,0,0,229,7386,541,5165,230,12551,California
Madera,2021-02-17,608,18338,273,6127,335,12211,0,0,339,7463,264,5429,341,12892,California
Madera,2021-02-18,1291,19629,535,6662,756,12967,0,0,1116,8406,175,5604,1118,14010,California
Madera,2021-02-19,861,20490,546,7208,315,13282,0,0,719,8985,142,5746,721,14731,California
Madera,2021-02-20,1072,21562,981,8189,91,13373,0,0,1001,9917,70,5816,1002,15733,California
Madera,2021-02-21,963,22525,819,9008,144,13517,0,0,957,10868,6,5822,957,16690,California
Madera,2021-02-22,907,23432,831,9839,76,13593,0,0,853,11667,54,5876,853,17543,California
Madera,2021-02-23,769,24201,497,10336,272,13865,0,0,551,12001,217,6093,551,18094,California
Madera,2021-02-24,905,25106,300,10636,605,14470,0,0,377,11850,528,6621,377,18471,California
Madera,2021-02-25,1019,26125,308,10944,711,15181,0,0,591,12015,426,7047,591,19062,California
Madera,2021-02-26,1070,27195,186,11130,884,16065,0,0,696,12338,373,7420,696,19758,California
Madera,2021-02-27,868,28063,244,11374,624,16689,0,0,448,12372,417,7837,451,20209,California
Madera,2021-02-28,188,28251,29,11403,159,16848,0,0,182,12548,6,7843,182,20391,California
Madera,2021-03-01,368,28619,116,11519,252,17100,0,0,190,12561,177,8020,190,20581,California
Madera,2021-03-02,646,29265,267,11786,379,17479,0,0,534,12984,112,8132,535,21116,California
Madera,2021-03-03,1299,30564,694,12480,605,18084,0,0,900,13512,396,8528,924,22040,California
Madera,2021-03-04,1160,31724,502,12982,658,18742,0,0,919,14192,242,8770,922,22962,California
Madera,2021-03-05,1322,33046,405,13387,905,19647,12,12,1060,15015,260,9030,1083,24045,California
Madera,2021-03-06,804,33850,623,14010,149,19796,32,44,484,15212,320,9350,517,24562,California
Madera,2021-03-07,153,34003,27,14037,104,19900,22,66,103,15287,50,9400,125,24687,California
Madera,2021-03-08,589,34592,329,14366,201,20101,59,125,297,15353,292,9692,358,25045,California
Madera,2021-03-09,443,35035,158,14524,252,20353,33,158,276,15505,165,9857,317,25362,California
Madera,2021-03-10,1129,36164,505,15029,547,20900,77,235,703,15864,422,10279,781,26143,California
Madera,2021-03-11,1645,37809,839,15868,474,21374,332,567,748,16060,895,11174,1091,27234,California
Madera,2021-03-12,1526,39335,779,16647,593,21967,154,721,749,16213,775,11949,928,28162,California
Madera,2021-03-13,1811,41146,1269,17916,344,22311,198,919,745,16109,1064,13013,960,29122,California
Madera,2021-03-14,582,41728,449,18365,101,22412,32,951,294,16149,286,13299,326,29448,California
Madera,2021-03-15,722,42450,212,18577,464,22876,46,997,501,16503,219,13518,573,30021,California
Madera,2021-03-16,822,43272,421,18998,354,23230,47,1044,643,17034,177,13695,708,30729,California
Madera,2021-03-17,1411,44683,930,19928,419,23649,62,1106,858,17499,545,14240,1010,31739,California
Madera,2021-03-18,1861,46544,644,20572,1157,24806,60,1166,902,17593,952,15192,1046,32785,California
Madera,2021-03-19,1494,48038,587,21159,823,25629,84,1250,962,18177,526,15718,1110,33895,California
Madera,2021-03-20,1123,49161,763,21922,309,25938,51,1301,575,18302,547,16265,672,34567,California
Madera,2021-03-21,1065,50226,866,22788,154,26092,45,1346,352,17990,710,16975,398,34965,California
Madera,2021-03-22,1352,51578,851,23639,433,26525,68,1414,681,18113,668,17643,791,35756,California
Madera,2021-03-23,1396,52974,841,24480,464,26989,91,1505,739,18371,654,18297,912,36668,California
Madera,2021-03-24,896,53870,466,24946,398,27387,32,1537,594,18700,301,18598,630,37298,California
Madera,2021-03-25,1115,54985,490,25436,601,27988,24,1561,636,18905,468,19066,673,37971,California
Madera,2021-03-26,1430,56415,510,25946,789,28777,131,1692,672,18959,752,19818,806,38777,California
Madera,2021-03-27,825,57240,526,26472,278,29055,21,1713,370,18901,449,20267,391,39168,California
Madera,2021-03-28,420,57660,136,26608,223,29278,61,1774,230,19055,189,20456,343,39511,California
Madera,2021-03-29,680,58340,179,26787,474,29752,27,1801,493,19395,184,20640,524,40035,California
Madera,2021-03-30,1013,59353,558,27345,422,30174,33,1834,557,19532,453,21093,590,40625,California
Madera,2021-03-31,1289,60642,480,27825,695,30869,114,1948,449,19260,836,21929,564,41189,California
Madera,2021-04-01,1221,61863,533,28358,639,31508,49,1997,435,18962,781,22710,483,41672,California
Madera,2021-04-02,1500,63363,411,28769,1031,32539,58,2055,459,18448,1032,23742,518,42190,California
Madera,2021-04-03,869,64232,679,29448,170,32709,20,2075,378,18365,490,24232,407,42597,California
Madera,2021-04-04,184,64416,65,29513,117,32826,2,2077,85,18353,99,24331,87,42684,California
Madera,2021-04-05,731,65147,254,29767,420,33246,57,2134,338,18370,392,24723,409,43093,California
Madera,2021-04-06,1684,66831,874,30641,462,33708,348,2482,635,18304,1048,25771,982,44075,California
Madera,2021-04-07,1194,68025,373,31014,674,34382,147,2629,455,18175,736,26507,607,44682,California
Madera,2021-04-08,1671,69696,654,31668,766,35148,251,2880,560,17887,1107,27614,819,45501,California
Madera,2021-04-09,1570,71266,654,32322,770,35918,146,3026,916,18303,649,28263,1065,46566,California
Madera,2021-04-10,947,72213,678,33000,202,36120,67,3093,699,18822,248,28511,767,47333,California
Madera,2021-04-11,772,72985,629,33629,65,36185,78,3171,286,18701,484,28995,363,47696,California
Madera,2021-04-12,771,73756,266,33895,432,36617,73,3244,301,18606,470,29465,375,48071,California
Madera,2021-04-13,1091,74847,583,34478,468,37085,40,3284,620,18807,470,29935,671,48742,California
Madera,2021-04-14,1225,76072,736,35214,489,37574,0,3284,512,18616,709,30644,518,49260,California
Madera,2021-04-15,932,77004,426,35640,505,38079,1,3285,375,18446,547,31191,377,49637,California
Madera,2021-04-16,1146,78150,510,36150,636,38715,0,3285,416,18142,721,31912,417,50054,California
Madera,2021-04-17,1254,79404,1061,37211,193,38908,0,3285,821,18531,432,32344,821,50875,California
Madera,2021-04-18,180,79584,176,37387,4,38912,0,3285,82,18516,97,32441,82,50957,California
Marin,2020-12-15,2,2,2,2,0,0,0,0,2,2,0,0,2,2,California
Marin,2020-12-16,107,109,107,109,0,0,0,0,107,109,0,0,107,109,California
Marin,2020-12-17,260,369,260,369,0,0,0,0,260,369,0,0,260,369,California
Marin,2020-12-18,371,740,371,740,0,0,0,0,371,740,0,0,371,740,California
Marin,2020-12-19,350,1090,349,1089,1,1,0,0,350,1090,0,0,350,1090,California
Marin,2020-12-20,167,1257,166,1255,1,2,0,0,167,1257,0,0,167,1257,California
Marin,2020-12-21,238,1495,235,1490,3,5,0,0,238,1495,0,0,238,1495,California
Marin,2020-12-22,523,2018,319,1809,204,209,0,0,523,2018,0,0,523,2018,California
Marin,2020-12-23,731,2749,324,2133,407,616,0,0,731,2749,0,0,731,2749,California
Marin,2020-12-24,358,3107,160,2293,198,814,0,0,358,3107,0,0,358,3107,California
Marin,2020-12-25,27,3134,0,2293,27,841,0,0,27,3134,0,0,27,3134,California
Marin,2020-12-26,142,3276,93,2386,49,890,0,0,142,3276,0,0,142,3276,California
Marin,2020-12-27,93,3369,56,2442,37,927,0,0,93,3369,0,0,93,3369,California
Marin,2020-12-28,408,3777,99,2541,309,1236,0,0,408,3777,0,0,408,3777,California
Marin,2020-12-29,400,4177,88,2629,312,1548,0,0,400,4177,0,0,400,4177,California
Marin,2020-12-30,624,4801,388,3017,236,1784,0,0,624,4801,0,0,624,4801,California
Marin,2020-12-31,197,4998,33,3050,164,1948,0,0,197,4998,0,0,197,4998,California
Marin,2021-01-01,13,5011,5,3055,8,1956,0,0,13,5011,0,0,13,5011,California
Marin,2021-01-02,103,5114,97,3152,6,1962,0,0,103,5114,0,0,103,5114,California
Marin,2021-01-03,54,5168,36,3188,18,1980,0,0,51,5165,0,0,51,5165,California
Marin,2021-01-04,292,5460,189,3377,103,2083,0,0,291,5455,1,1,291,5456,California
Marin,2021-01-05,366,5826,223,3600,143,2226,0,0,323,5735,43,44,323,5779,California
Marin,2021-01-06,816,6642,315,3915,501,2727,0,0,640,6199,176,220,640,6419,California
Marin,2021-01-07,891,7533,503,4418,388,3115,0,0,544,6396,347,567,544,6963,California
Marin,2021-01-08,971,8504,515,4933,456,3571,0,0,594,6614,376,943,594,7557,California
Marin,2021-01-09,618,9122,222,5155,396,3967,0,0,487,6970,131,1074,487,8044,California
Marin,2021-01-10,128,9250,99,5254,29,3996,0,0,54,6950,74,1148,54,8098,California
Marin,2021-01-11,467,9717,326,5580,141,4137,0,0,248,6980,219,1367,249,8347,California
Marin,2021-01-12,939,10656,542,6122,397,4534,0,0,567,7178,369,1736,567,8914,California
Marin,2021-01-13,1175,11831,499,6621,676,5210,0,0,936,7875,239,1975,936,9850,California
Marin,2021-01-14,1066,12897,319,6940,747,5957,0,0,916,8643,148,2123,916,10766,California
Marin,2021-01-15,1152,14049,354,7294,798,6755,0,0,1022,9537,129,2252,1023,11789,California
Marin,2021-01-16,1117,15166,915,8209,202,6957,0,0,1042,10504,75,2327,1042,12831,California
Marin,2021-01-17,1233,16399,1114,9323,119,7076,0,0,1205,11685,27,2354,1208,14039,California
Marin,2021-01-18,360,16759,159,9482,201,7277,0,0,309,11943,51,2405,309,14348,California
Marin,2021-01-19,1155,17914,913,10395,242,7519,0,0,983,12755,171,2576,983,15331,California
Marin,2021-01-20,1784,19698,1205,11600,579,8098,0,0,1055,13092,718,3294,1055,16386,California
Marin,2021-01-21,1683,21381,1062,12662,621,8719,0,0,1331,14076,349,3643,1333,17719,California
Marin,2021-01-22,1695,23076,1085,13747,610,9329,0,0,1529,15439,166,3809,1529,19248,California
Marin,2021-01-23,1843,24919,1342,15089,501,9830,0,0,1758,17113,84,3893,1758,21006,California
Marin,2021-01-24,611,25530,164,15253,447,10277,0,0,579,17660,32,3925,579,21585,California
Marin,2021-01-25,1123,26653,226,15479,897,11174,0,0,690,17918,433,4358,691,22276,California
Marin,2021-01-26,1498,28151,778,16257,720,11894,0,0,1121,18663,376,4734,1121,23397,California
Marin,2021-01-27,1697,29848,871,17128,826,12720,0,0,1347,19663,348,5082,1348,24745,California
Marin,2021-01-28,2067,31915,1060,18188,1007,13727,0,0,1803,21204,263,5345,1804,26549,California
Marin,2021-01-29,2183,34098,1436,19624,747,14474,0,0,1981,22995,191,5536,1982,28531,California
Marin,2021-01-30,1714,35812,899,20523,815,15289,0,0,1636,24554,78,5614,1637,30168,California
Marin,2021-01-31,453,36265,316,20839,137,15426,0,0,428,24957,25,5639,428,30596,California
Marin,2021-02-01,1087,37352,416,21255,671,16097,0,0,887,25645,200,5839,888,31484,California
Marin,2021-02-02,1350,38702,462,21717,888,16985,0,0,724,25753,616,6455,724,32208,California
Marin,2021-02-03,1779,40481,428,22145,1351,18336,0,0,1255,26485,523,6978,1255,33463,California
Marin,2021-02-04,1537,42018,514,22659,1023,19359,0,0,935,26821,599,7577,935,34398,California
Marin,2021-02-05,2174,44192,681,23340,1493,20852,0,0,1335,27321,835,8412,1335,35733,California
Marin,2021-02-06,1426,45618,850,24190,576,21428,0,0,603,27102,822,9234,603,36336,California
Marin,2021-02-07,1286,46904,1005,25195,281,21709,0,0,488,26793,797,10031,488,36824,California
Marin,2021-02-08,1515,48419,753,25948,762,22471,0,0,724,26728,789,10820,724,37548,California
Marin,2021-02-09,1781,50200,1122,27070,659,23130,0,0,837,26621,944,11764,837,38385,California
Marin,2021-02-10,2332,52532,1487,28557,845,23975,0,0,1216,26724,1114,12878,1217,39602,California
Marin,2021-02-11,2863,55395,1645,30202,1218,25193,0,0,1451,26770,1407,14285,1453,41055,California
Marin,2021-02-12,3058,58453,1537,31739,1521,26714,0,0,1564,26842,1492,15777,1564,42619,California
Marin,2021-02-13,2335,60788,1244,32983,1091,27805,0,0,1130,26769,1203,16980,1130,43749,California
Marin,2021-02-14,810,61598,301,33284,509,28314,0,0,717,27394,93,17073,718,44467,California
Marin,2021-02-15,1211,62809,354,33638,857,29171,0,0,833,27850,377,17450,833,45300,California
Marin,2021-02-16,2463,65272,1056,34694,1407,30578,0,0,1504,28396,958,18408,1504,46804,California
Marin,2021-02-17,2092,67364,936,35630,1156,31734,0,0,1085,28477,1005,19413,1086,47890,California
Marin,2021-02-18,2412,69776,1577,37207,835,32569,0,0,1062,28190,1349,20762,1062,48952,California
Marin,2021-02-19,2752,72528,2150,39357,602,33171,0,0,1218,27886,1523,22285,1219,50171,California
Marin,2021-02-20,2564,75092,2110,41467,454,33625,0,0,1216,27759,1343,23628,1216,51387,California
Marin,2021-02-21,1281,76373,1089,42556,192,33817,0,0,907,28296,370,23998,907,52294,California
Marin,2021-02-22,1820,78193,1403,43959,417,34234,0,0,1211,28899,608,24606,1211,53505,California
Marin,2021-02-23,2829,81022,1613,45572,1216,35450,0,0,1906,29892,914,25520,1907,55412,California
Marin,2021-02-24,3499,84521,1601,47173,1898,37348,0,0,2248,30897,1244,26764,2249,57661,California
Marin,2021-02-25,3928,88449,1811,48984,2117,39465,0,0,2770,32517,1151,27915,2771,60432,California
Marin,2021-02-26,3480,91929,1880,50864,1600,41065,0,0,2530,34108,939,28854,2530,62962,California
Marin,2021-02-27,2608,94537,1493,52357,1115,42180,0,0,1775,35055,830,29684,1777,64739,California
Marin,2021-02-28,1377,95914,917,53274,460,42640,0,0,1042,35764,333,30017,1042,65781,California
Marin,2021-03-01,2470,98384,1533,54807,937,43577,0,0,1658,36614,808,30825,1658,67439,California
Marin,2021-03-02,2426,100810,1594,56401,831,44408,1,1,1682,37556,741,31566,1683,69122,California
Marin,2021-03-03,4285,105095,2379,58780,1904,46312,2,3,2776,38830,1504,33070,2778,71900,California
Marin,2021-03-04,3333,108428,1640,60420,1692,48004,1,4,2327,40162,999,34069,2331,74231,California
Marin,2021-03-05,3021,111449,1128,61548,1881,49885,12,16,1774,40704,1244,35313,1786,76017,California
Marin,2021-03-06,3223,114672,2314,63862,830,50715,79,95,2651,42866,567,35880,2729,78746,California
Marin,2021-03-07,1368,116040,1152,65014,192,50907,24,119,981,43487,384,36264,1005,79751,California
Marin,2021-03-08,1868,117908,1366,66380,386,51293,116,235,1405,44548,460,36724,1521,81272,California
Marin,2021-03-09,2097,120005,1218,67598,773,52066,106,341,1426,45410,670,37394,1532,82804,California
Marin,2021-03-10,4394,124399,2458,70056,1657,53723,279,620,3174,47647,1217,38611,3454,86258,California
Marin,2021-03-11,4548,128947,1867,71923,2546,56269,135,755,3264,49769,1277,39888,3399,89657,California
Marin,2021-03-12,3963,132910,1531,73454,2075,58344,357,1112,1557,49287,2395,42283,1913,91570,California
Marin,2021-03-13,4087,136997,2853,76307,1163,59507,71,1183,2418,50104,1667,43950,2484,94054,California
Marin,2021-03-14,2271,139268,1096,77403,1060,60567,115,1298,727,49404,1542,45492,842,94896,California
Marin,2021-03-15,3222,142490,1761,79164,1414,61981,47,1345,1217,48671,1996,47488,1263,96159,California
Marin,2021-03-16,4298,146788,2308,81472,1626,63607,364,1709,1524,47787,2771,50259,1887,98046,California
Marin,2021-03-17,4124,150912,2246,83718,1834,65441,44,1753,2008,47733,2106,52365,2052,100098,California
Marin,2021-03-18,4460,155372,2245,85963,2142,67583,73,1826,2228,47814,2218,54583,2299,102397,California
Marin,2021-03-19,4437,159809,2272,88235,1948,69531,217,2043,2414,48428,2017,56600,2631,105028,California
Marin,2021-03-20,3576,163385,1981,90216,1480,71011,115,2158,2035,49044,1535,58135,2151,107179,California
Marin,2021-03-21,1527,164912,1123,91339,379,71390,25,2183,794,49132,731,58866,819,107998,California
Marin,2021-03-22,2464,167376,2130,93469,169,71559,165,2348,990,48817,1470,60336,1155,109153,California
Marin,2021-03-23,4236,171612,2192,95661,1914,73473,130,2478,1946,48609,2284,62620,2076,111229,California
Marin,2021-03-24,4396,176008,2885,98546,1407,74880,104,2582,1780,47887,2605,65225,1883,113112,California
Marin,2021-03-25,4611,180619,2812,101358,1731,76611,68,2650,2250,47854,2349,67574,2316,115428,California
Marin,2021-03-26,4269,184888,2313,103671,1742,78353,214,2864,2406,48628,1846,69420,2620,118048,California
Marin,2021-03-27,3675,188563,2641,106312,1017,79370,17,2881,1139,47259,2525,71945,1156,119204,California
Marin,2021-03-28,2376,190939,1721,108033,649,80019,6,2887,1101,47096,1270,73215,1107,120311,California
Marin,2021-03-29,2680,193619,2091,110124,564,80583,25,2912,1187,46818,1490,74705,1212,121523,California
Marin,2021-03-30,4647,198266,3646,113770,968,81551,33,2945,3062,48331,1582,76287,3095,124618,California
Marin,2021-03-31,5767,204033,4089,117859,1629,83180,49,2994,2570,47764,3186,79473,2619,127237,California
Marin,2021-04-01,4387,208420,2263,120122,1874,85054,250,3244,2111,47856,2269,81742,2361,129598,California
Marin,2021-04-02,3675,212095,1819,121941,1494,86548,362,3606,1957,48463,1712,83454,2319,131917,California
Marin,2021-04-03,3831,215926,2520,124461,943,87491,368,3974,1464,47938,2357,85811,1832,133749,California
Marin,2021-04-04,1621,217547,1222,125683,202,87693,197,4171,1188,48891,432,86243,1385,135134,California
Marin,2021-04-05,2181,219728,1515,127198,295,87988,371,4542,1256,49594,922,87165,1625,136759,California
Marin,2021-04-06,3931,223659,2103,129301,1282,89270,546,5088,2191,50595,1734,88899,2735,139494,California
Marin,2021-04-07,3900,227559,1968,131269,1293,90563,639,5727,1421,50185,2470,91369,2060,141554,California
Marin,2021-04-08,4982,232541,1949,133218,2428,92991,605,6332,2277,50366,2696,94065,2877,144431,California
Marin,2021-04-09,3825,236366,1446,134664,1683,94674,696,7028,1270,49779,2550,96615,1963,146394,California
Marin,2021-04-10,3170,239536,1458,136122,1280,95954,432,7460,1431,49910,1730,98345,1861,148255,California
Marin,2021-04-11,1055,240591,802,136924,93,96047,160,7620,474,49964,579,98924,633,148888,California
Marin,2021-04-12,1669,242260,1195,138119,338,96385,136,7756,907,50249,759,99683,1044,149932,California
Marin,2021-04-13,3669,245929,2237,140356,1425,97810,7,7763,1327,49250,2333,102016,1334,151266,California
Marin,2021-04-14,3950,249879,2299,142655,1649,99459,2,7765,1585,48477,2359,104375,1586,152852,California
Marin,2021-04-15,5078,254957,3515,146170,1563,101022,0,7765,2791,49001,2272,106647,2796,155648,California
Marin,2021-04-16,4012,258969,2020,148190,1989,103011,3,7768,1894,48789,2109,108756,1897,157545,California
Marin,2021-04-17,3458,262427,2091,150281,1367,104378,0,7768,1706,48749,1746,110502,1706,159251,California
Marin,2021-04-18,1260,263687,1200,151481,60,104438,0,7768,725,48941,533,111035,725,159976,California
Mariposa,2020-12-17,3,3,3,3,0,0,0,0,38,38,0,0,38,38,California
Mariposa,2020-12-18,5,8,5,8,0,0,0,0,56,94,0,0,56,94,California
Mariposa,2020-12-20,2,10,2,10,0,0,0,0,2,96,0,0,2,96,California
Mariposa,2020-12-21,3,13,3,13,0,0,0,0,45,141,0,0,45,141,California
Mariposa,2020-12-22,2,15,2,15,0,0,0,0,2,143,0,0,2,143,California
Mariposa,2020-12-23,10,25,10,25,0,0,0,0,1,144,0,0,1,144,California
Mariposa,2020-12-24,1,26,0,25,1,1,0,0,0,144,0,0,0,144,California
Mariposa,2020-12-26,1,27,1,26,0,1,0,0,1,145,0,0,1,145,California
Mariposa,2020-12-27,1,28,0,26,1,2,0,0,1,146,0,0,1,146,California
Mariposa,2020-12-28,4,32,2,28,2,4,0,0,4,150,0,0,4,150,California
Mariposa,2020-12-29,33,65,1,29,32,36,0,0,33,183,0,0,33,183,California
Mariposa,2020-12-30,21,86,0,29,21,57,0,0,20,203,0,0,20,203,California
Mariposa,2020-12-31,22,108,0,29,22,79,0,0,22,225,0,0,22,225,California
Mariposa,2021-01-04,9,117,1,30,8,87,0,0,9,234,0,0,9,234,California
Mariposa,2021-01-05,24,141,14,44,10,97,0,0,12,236,10,10,12,246,California
Mariposa,2021-01-06,5,146,3,47,2,99,0,0,2,235,3,13,2,248,California
Mariposa,2021-01-07,49,195,47,94,2,101,0,0,2,190,47,60,2,250,California
Mariposa,2021-01-08,109,304,81,175,28,129,0,0,33,147,76,136,33,283,California
Mariposa,2021-01-09,1,305,0,175,1,130,0,0,1,148,0,136,1,284,California
Mariposa,2021-01-11,24,329,3,178,21,151,0,0,22,168,2,138,22,306,California
Mariposa,2021-01-12,21,350,3,181,18,169,0,0,18,183,3,141,18,324,California
Mariposa,2021-01-13,22,372,1,182,21,190,0,0,21,203,1,142,21,345,California
Mariposa,2021-01-14,94,466,1,183,93,283,0,0,94,297,0,142,94,439,California
Mariposa,2021-01-15,47,513,2,185,45,328,0,0,45,340,2,144,45,484,California
Mariposa,2021-01-16,19,532,2,187,17,345,0,0,18,357,1,145,18,502,California
Mariposa,2021-01-17,2,534,0,187,2,347,0,0,2,359,0,145,2,504,California
Mariposa,2021-01-18,2,536,2,189,0,347,0,0,1,359,1,146,1,505,California
Mariposa,2021-01-19,1,537,0,189,1,348,0,0,1,360,0,146,1,506,California
Mariposa,2021-01-20,26,563,0,189,26,374,0,0,26,386,0,146,26,532,California
Mariposa,2021-01-21,87,650,1,190,86,460,0,0,87,473,0,146,87,619,California
Mariposa,2021-01-22,77,727,1,191,76,536,0,0,77,550,0,146,77,696,California
Mariposa,2021-01-23,125,852,0,191,125,661,0,0,123,673,0,146,123,819,California
Mariposa,2021-01-25,3,855,1,192,2,663,0,0,0,670,3,149,0,819,California
Mariposa,2021-01-26,32,887,2,194,30,693,0,0,3,648,29,178,7,826,California
Mariposa,2021-01-27,34,921,1,195,33,726,0,0,26,666,8,186,26,852,California
Mariposa,2021-01-28,150,1071,2,197,148,874,0,0,136,789,13,199,136,988,California
Mariposa,2021-01-29,58,1129,0,197,58,932,0,0,58,847,0,199,58,1046,California
Mariposa,2021-01-30,3,1132,1,198,2,934,0,0,2,848,1,200,2,1048,California
Mariposa,2021-01-31,1,1133,0,198,1,935,0,0,1,849,0,200,1,1049,California
Mariposa,2021-02-01,55,1188,0,198,55,990,0,0,48,890,7,207,48,1097,California
Mariposa,2021-02-02,8,1196,0,198,8,998,0,0,2,886,6,213,2,1099,California
Mariposa,2021-02-03,26,1222,1,199,25,1023,0,0,22,904,4,217,22,1121,California
Mariposa,2021-02-04,115,1337,7,206,108,1131,0,0,108,1009,4,221,109,1230,California
Mariposa,2021-02-05,239,1576,4,210,235,1366,0,0,217,1204,22,243,217,1447,California
Mariposa,2021-02-06,2,1578,1,211,1,1367,0,0,1,1204,1,244,1,1448,California
Mariposa,2021-02-08,39,1617,1,212,38,1405,0,0,20,1205,19,263,20,1468,California
Mariposa,2021-02-09,11,1628,3,215,8,1413,0,0,6,1206,5,268,6,1474,California
Mariposa,2021-02-10,17,1645,1,216,16,1429,0,0,9,1213,8,276,15,1489,California
Mariposa,2021-02-11,378,2023,4,220,374,1803,0,0,367,1573,9,285,369,1858,California
Mariposa,2021-02-12,174,2197,1,221,173,1976,0,0,130,1659,44,329,130,1988,California
Mariposa,2021-02-13,5,2202,3,224,2,1978,0,0,4,1662,1,330,4,1992,California
Mariposa,2021-02-14,5,2207,2,226,3,1981,0,0,4,1665,1,331,4,1996,California
Mariposa,2021-02-15,8,2215,2,228,6,1987,0,0,7,1671,1,332,7,2003,California
Mariposa,2021-02-16,20,2235,2,230,18,2005,0,0,19,1689,1,333,19,2022,California
Mariposa,2021-02-17,19,2254,1,231,18,2023,0,0,15,1701,3,336,15,2037,California
Mariposa,2021-02-18,55,2309,2,233,53,2076,0,0,12,1670,43,379,12,2049,California
Mariposa,2021-02-19,75,2384,0,233,75,2151,0,0,74,1743,1,380,74,2123,California
Mariposa,2021-02-20,252,2636,4,237,248,2399,0,0,220,1932,31,411,220,2343,California
Mariposa,2021-02-21,230,2866,2,239,228,2627,0,0,229,2160,1,412,229,2572,California
Mariposa,2021-02-22,14,2880,2,241,12,2639,0,0,14,2174,0,412,14,2586,California
Mariposa,2021-02-23,5,2885,2,243,3,2642,0,0,4,2177,1,413,4,2590,California
Mariposa,2021-02-24,18,2903,1,244,17,2659,0,0,2,2163,16,429,2,2592,California
Mariposa,2021-02-25,5,2908,3,247,2,2661,0,0,2,2162,3,432,2,2594,California
Mariposa,2021-02-26,409,3317,2,249,407,3068,0,0,351,2456,58,490,352,2946,California
Mariposa,2021-02-27,153,3470,3,252,150,3218,0,0,150,2603,3,493,150,3096,California
Mariposa,2021-02-28,2,3472,1,253,1,3219,0,0,0,2601,2,495,0,3096,California
Mariposa,2021-03-01,54,3526,1,254,53,3272,0,0,6,2559,48,543,6,3102,California
Mariposa,2021-03-02,6,3532,5,259,1,3273,0,0,3,2559,3,546,3,3105,California
Mariposa,2021-03-03,65,3597,1,260,64,3337,0,0,63,2620,2,548,63,3168,California
Mariposa,2021-03-04,15,3612,5,265,10,3347,0,0,8,2621,7,555,8,3176,California
Mariposa,2021-03-05,40,3652,6,271,34,3381,0,0,33,2651,7,562,37,3213,California
Mariposa,2021-03-06,4,3656,2,273,2,3383,0,0,4,2655,0,562,4,3217,California
Mariposa,2021-03-08,36,3692,3,276,22,3405,11,11,7,2644,29,591,18,3235,California
Mariposa,2021-03-09,24,3716,2,278,12,3417,10,21,9,2648,15,606,19,3254,California
Mariposa,2021-03-10,15,3731,1,279,4,3421,10,31,3,2649,12,618,13,3267,California
Mariposa,2021-03-11,455,4186,5,284,432,3853,18,49,219,2654,235,853,240,3507,California
Mariposa,2021-03-12,238,4424,3,287,206,4059,29,78,104,2653,134,987,133,3640,California
Mariposa,2021-03-13,25,4449,3,290,7,4066,15,93,6,2655,18,1005,20,3660,California
Mariposa,2021-03-14,17,4466,2,292,4,4070,11,104,3,2655,14,1019,14,3674,California
Mariposa,2021-03-15,75,4541,6,298,31,4101,38,142,31,2680,44,1063,69,3743,California
Mariposa,2021-03-16,44,4585,5,303,5,4106,34,176,7,2684,37,1100,41,3784,California
Mariposa,2021-03-17,52,4637,4,307,42,4148,6,182,44,2727,8,1108,51,3835,California
Mariposa,2021-03-18,45,4682,5,312,31,4179,9,191,33,2757,12,1120,42,3877,California
Mariposa,2021-03-19,331,5013,4,316,318,4497,9,200,297,3029,34,1154,306,4183,California
Mariposa,2021-03-20,417,5430,4,320,412,4909,1,201,46,2707,371,1525,49,4232,California
Mariposa,2021-03-21,8,5438,7,327,0,4909,1,202,5,2710,3,1528,6,4238,California
Mariposa,2021-03-22,33,5471,3,330,19,4928,11,213,21,2731,12,1540,33,4271,California
Mariposa,2021-03-23,21,5492,3,333,4,4932,14,227,3,2730,18,1558,17,4288,California
Mariposa,2021-03-24,49,5541,1,334,46,4978,2,229,47,2777,2,1560,49,4337,California
Mariposa,2021-03-25,58,5599,7,341,43,5021,8,237,46,2819,12,1572,54,4391,California
Mariposa,2021-03-26,471,6070,7,348,462,5483,2,239,243,2836,228,1800,245,4636,California
Mariposa,2021-03-27,213,6283,3,351,210,5693,0,239,85,2794,128,1928,86,4722,California
Mariposa,2021-03-28,4,6287,0,351,1,5694,3,242,0,2793,4,1932,3,4725,California
Mariposa,2021-03-29,12,6299,2,353,10,5704,0,242,7,2795,5,1937,7,4732,California
Mariposa,2021-03-30,19,6318,1,354,2,5706,16,258,1,2794,18,1955,17,4749,California
Mariposa,2021-03-31,71,6389,5,359,65,5771,1,259,61,2846,10,1965,62,4811,California
Mariposa,2021-04-01,6,6395,2,361,3,5774,1,260,2,2845,4,1969,3,4814,California
Mariposa,2021-04-02,32,6427,4,365,27,5801,1,261,9,2832,23,1992,10,4824,California
Mariposa,2021-04-03,5,6432,3,368,2,5803,0,261,3,2833,2,1994,3,4827,California
Mariposa,2021-04-04,2,6434,1,369,0,5803,1,262,0,2832,2,1996,1,4828,California
Mariposa,2021-04-05,12,6446,8,377,2,5805,2,264,5,2832,7,2003,7,4835,California
Mariposa,2021-04-06,25,6471,9,386,2,5807,14,278,2,2826,22,2025,16,4851,California
Mariposa,2021-04-07,24,6495,3,389,5,5812,16,294,0,2818,24,2049,16,4867,California
Mariposa,2021-04-08,31,6526,6,395,7,5819,18,312,7,2819,24,2073,25,4892,California
Mariposa,2021-04-09,25,6551,7,402,6,5825,12,324,6,2818,19,2092,18,4910,California
Mariposa,2021-04-10,9,6560,0,402,1,5826,8,332,0,2816,9,2101,7,4917,California
Mariposa,2021-04-11,6,6566,4,406,2,5828,0,332,1,2812,5,2106,1,4918,California
Mariposa,2021-04-12,29,6595,5,411,23,5851,1,333,4,2792,25,2131,5,4923,California
Mariposa,2021-04-13,5,6600,2,413,3,5854,0,333,2,2791,3,2134,2,4925,California
Mariposa,2021-04-14,7,6607,3,416,4,5858,0,333,4,2792,3,2137,4,4929,California
Mariposa,2021-04-15,10,6617,5,421,5,5863,0,333,6,2794,4,2141,6,4935,California
Mariposa,2021-04-16,34,6651,4,425,30,5893,0,333,11,2782,23,2164,11,4946,California
Mariposa,2021-04-17,8,6659,4,429,4,5897,0,333,6,2786,2,2166,6,4952,California
Mendocino,2020-12-17,70,70,70,70,0,0,0,0,70,70,0,0,70,70,California
Mendocino,2020-12-18,85,155,84,154,1,1,0,0,84,154,0,0,84,154,California
Mendocino,2020-12-19,4,159,4,158,0,1,0,0,4,158,0,0,4,158,California
Mendocino,2020-12-20,7,166,7,165,0,1,0,0,7,165,0,0,7,165,California
Mendocino,2020-12-21,245,411,245,410,0,1,0,0,77,242,0,0,77,242,California
Mendocino,2020-12-22,250,661,189,599,61,62,0,0,250,492,0,0,250,492,California
Mendocino,2020-12-23,270,931,47,646,223,285,0,0,269,761,0,0,269,761,California
Mendocino,2020-12-24,49,980,8,654,41,326,0,0,49,810,0,0,49,810,California
Mendocino,2020-12-25,1,981,0,654,1,327,0,0,1,811,0,0,1,811,California
Mendocino,2020-12-26,2,983,2,656,0,327,0,0,2,813,0,0,2,813,California
Mendocino,2020-12-27,1,984,0,656,1,328,0,0,1,814,0,0,1,814,California
Mendocino,2020-12-28,74,1058,9,665,65,393,0,0,74,888,0,0,74,888,California
Mendocino,2020-12-29,121,1179,61,726,60,453,0,0,121,1009,0,0,121,1009,California
Mendocino,2020-12-30,123,1302,68,794,55,508,0,0,123,1132,0,0,123,1132,California
Mendocino,2020-12-31,130,1432,95,889,35,543,0,0,130,1262,0,0,130,1262,California
Mendocino,2021-01-01,6,1438,4,893,2,545,0,0,6,1268,0,0,6,1268,California
Mendocino,2021-01-02,1,1439,1,894,0,545,0,0,1,1269,0,0,1,1269,California
Mendocino,2021-01-04,840,2279,19,913,821,1366,0,0,840,2109,0,0,840,2109,California
Mendocino,2021-01-05,71,2350,35,948,36,1402,0,0,58,2154,13,13,58,2167,California
Mendocino,2021-01-06,151,2501,129,1077,22,1424,0,0,141,2285,10,23,141,2308,California
Mendocino,2021-01-07,355,2856,235,1312,120,1544,0,0,292,2514,63,86,292,2600,California
Mendocino,2021-01-08,95,2951,82,1394,13,1557,0,0,41,2502,54,140,42,2642,California
Mendocino,2021-01-09,10,2961,6,1400,4,1561,0,0,8,2508,2,142,8,2650,California
Mendocino,2021-01-10,8,2969,8,1408,0,1561,0,0,1,2502,7,149,1,2651,California
Mendocino,2021-01-11,101,3070,92,1500,9,1570,0,0,43,2488,57,206,43,2694,California
Mendocino,2021-01-12,386,3456,376,1876,10,1580,0,0,270,2642,116,322,270,2964,California
Mendocino,2021-01-13,481,3937,144,2020,337,1917,0,0,441,3046,38,360,442,3406,California
Mendocino,2021-01-14,636,4573,20,2040,616,2533,0,0,627,3664,9,369,627,4033,California
Mendocino,2021-01-15,1857,6430,859,2899,998,3531,0,0,1853,5513,4,373,1853,5886,California
Mendocino,2021-01-16,791,7221,50,2949,741,4272,0,0,789,6300,2,375,789,6675,California
Mendocino,2021-01-17,554,7775,1,2950,553,4825,0,0,553,6852,1,376,553,7228,California
Mendocino,2021-01-18,488,8263,463,3413,25,4850,0,0,476,7316,12,388,476,7704,California
Mendocino,2021-01-19,332,8595,147,3560,185,5035,0,0,156,7296,176,564,156,7860,California
Mendocino,2021-01-20,552,9147,405,3965,147,5182,0,0,446,7639,104,668,447,8307,California
Mendocino,2021-01-21,535,9682,222,4187,313,5495,0,0,351,7807,183,851,351,8658,California
Mendocino,2021-01-22,149,9831,58,4245,91,5586,0,0,110,7878,39,890,110,8768,California
Mendocino,2021-01-23,155,9986,83,4328,72,5658,0,0,149,8021,6,896,149,8917,California
Mendocino,2021-01-24,5,9991,3,4331,2,5660,0,0,5,8026,0,896,5,8922,California
Mendocino,2021-01-25,191,10182,18,4349,173,5833,0,0,121,8077,70,966,121,9043,California
Mendocino,2021-01-26,155,10337,57,4406,98,5931,0,0,95,8112,60,1026,95,9138,California
Mendocino,2021-01-27,431,10768,361,4767,70,6001,0,0,173,8034,251,1277,173,9311,California
Mendocino,2021-01-28,585,11353,521,5288,64,6065,0,0,491,8431,94,1371,491,9802,California
Mendocino,2021-01-29,389,11742,348,5636,41,6106,0,0,360,8763,29,1400,361,10163,California
Mendocino,2021-01-30,48,11790,30,5666,18,6124,0,0,41,8797,7,1407,41,10204,California
Mendocino,2021-01-31,273,12063,2,5668,271,6395,0,0,3,8530,270,1677,3,10207,California
Mendocino,2021-02-01,380,12443,52,5720,328,6723,0,0,57,8264,323,2000,57,10264,California
Mendocino,2021-02-02,720,13163,501,6221,219,6942,0,0,362,8268,358,2358,362,10626,California
Mendocino,2021-02-03,389,13552,205,6426,184,7126,0,0,220,8321,167,2525,220,10846,California
Mendocino,2021-02-04,625,14177,529,6955,96,7222,0,0,501,8698,124,2649,501,11347,California
Mendocino,2021-02-05,1299,15476,1212,8167,87,7309,0,0,584,8568,714,3363,584,11931,California
Mendocino,2021-02-06,558,16034,157,8324,401,7710,0,0,543,9096,15,3378,543,12474,California
Mendocino,2021-02-07,31,16065,27,8351,4,7714,0,0,31,9127,0,3378,31,12505,California
Mendocino,2021-02-08,745,16810,714,9065,31,7745,0,0,284,8950,461,3839,284,12789,California
Mendocino,2021-02-09,141,16951,58,9123,83,7828,0,0,89,8987,52,3891,89,12878,California
Mendocino,2021-02-10,1481,18432,921,10044,560,8388,0,0,743,8998,732,4623,743,13621,California
Mendocino,2021-02-11,1133,19565,209,10253,924,9312,0,0,285,8435,848,5471,285,13906,California
Mendocino,2021-02-12,1401,20966,158,10411,1243,10555,0,0,636,8307,764,6235,636,14542,California
Mendocino,2021-02-13,495,21461,12,10423,483,11038,0,0,102,8022,392,6627,107,14649,California
Mendocino,2021-02-14,694,22155,3,10426,691,11729,0,0,134,7596,560,7187,134,14783,California
Mendocino,2021-02-15,329,22484,43,10469,286,12015,0,0,174,7615,155,7342,174,14957,California
Mendocino,2021-02-16,201,22685,51,10520,150,12165,0,0,131,7676,70,7412,131,15088,California
Mendocino,2021-02-17,1349,24034,1187,11707,162,12327,0,0,877,8083,470,7882,877,15965,California
Mendocino,2021-02-18,1780,25814,639,12346,1141,13468,0,0,1215,8734,564,8446,1215,17180,California
Mendocino,2021-02-19,748,26562,146,12492,602,14070,0,0,609,9204,139,8585,609,17789,California
Mendocino,2021-02-20,571,27133,545,13037,26,14096,0,0,541,9717,28,8613,541,18330,California
Mendocino,2021-02-21,326,27459,5,13042,321,14417,0,0,314,10020,11,8624,314,18644,California
Mendocino,2021-02-22,162,27621,30,13072,132,14549,0,0,70,9999,91,8715,70,18714,California
Mendocino,2021-02-23,669,28290,657,13729,12,14561,0,0,610,10551,58,8773,610,19324,California
Mendocino,2021-02-24,1838,30128,1759,15488,79,14640,0,0,1429,11577,405,9178,1431,20755,California
Mendocino,2021-02-25,1702,31830,531,16019,1171,15811,0,0,1285,12446,416,9594,1285,22040,California
Mendocino,2021-02-26,1398,33228,746,16765,652,16463,0,0,1036,13122,360,9954,1036,23076,California
Mendocino,2021-02-27,198,33426,150,16915,48,16511,0,0,77,13079,120,10074,77,23153,California
Mendocino,2021-02-28,33,33459,11,16926,22,16533,0,0,23,13092,10,10084,23,23176,California
Mendocino,2021-03-01,575,34034,532,17458,43,16576,0,0,538,13593,37,10121,538,23714,California
Mendocino,2021-03-02,70,34104,24,17482,46,16622,0,0,41,13606,28,10149,41,23755,California
Mendocino,2021-03-03,1697,35801,1325,18807,372,16994,0,0,1067,14044,629,10778,1067,24822,California
Mendocino,2021-03-04,1767,37568,146,18953,1621,18615,0,0,1550,15380,215,10993,1551,26373,California
Mendocino,2021-03-05,205,37773,144,19097,52,18667,9,9,116,15418,87,11080,125,26498,California
Mendocino,2021-03-06,241,38014,20,19117,196,18863,25,34,201,15605,39,11119,226,26724,California
Mendocino,2021-03-07,503,38517,6,19123,477,19340,20,54,116,15354,386,11505,135,26859,California
Mendocino,2021-03-08,124,38641,29,19152,59,19399,36,90,64,15396,58,11563,100,26959,California
Mendocino,2021-03-09,441,39082,224,19376,176,19575,41,131,346,15688,95,11658,387,27346,California
Mendocino,2021-03-10,1108,40190,978,20354,64,19639,66,197,267,15185,839,12497,336,27682,California
Mendocino,2021-03-11,821,41011,611,20965,157,19796,53,250,396,15211,423,12920,449,28131,California
Mendocino,2021-03-12,2012,43023,1029,21994,889,20685,94,344,1210,15719,796,13716,1304,29435,California
Mendocino,2021-03-13,653,43676,524,22518,72,20757,57,401,97,15321,552,14268,154,29589,California
Mendocino,2021-03-14,103,43779,2,22520,94,20851,7,408,11,15250,89,14357,18,29607,California
Mendocino,2021-03-15,597,44376,52,22572,488,21339,57,465,208,15127,388,14745,265,29872,California
Mendocino,2021-03-16,570,44946,373,22945,152,21491,45,510,139,14882,429,15174,184,30056,California
Mendocino,2021-03-17,1562,46508,1359,24304,56,21547,147,657,214,13905,1345,16519,368,30424,California
Mendocino,2021-03-18,1306,47814,248,24552,1020,22567,38,695,284,13212,1014,17533,321,30745,California
Mendocino,2021-03-19,1757,49571,858,25410,838,23405,61,756,337,12196,1416,18949,400,31145,California
Mendocino,2021-03-20,70,49641,11,25421,38,23443,21,777,14,12175,56,19005,35,31180,California
Mendocino,2021-03-21,9,49650,1,25422,3,23446,5,782,4,12179,5,19010,9,31189,California
Mendocino,2021-03-22,623,50273,579,26001,15,23461,29,811,146,11880,473,19483,174,31363,California
Mendocino,2021-03-23,167,50440,34,26035,103,23564,30,841,117,11977,50,19533,147,31510,California
Mendocino,2021-03-24,902,51342,829,26864,26,23590,47,888,115,11354,785,20318,162,31672,California
Mendocino,2021-03-25,1974,53316,51,26915,1904,25494,19,907,165,9731,1806,22124,183,31855,California
Mendocino,2021-03-26,508,53824,360,27275,123,25617,25,932,329,9906,179,22303,354,32209,California
Mendocino,2021-03-27,141,53965,12,27287,118,25735,11,943,82,9940,58,22361,92,32301,California
Mendocino,2021-03-28,26,53991,5,27292,17,25752,4,947,4,9926,22,22383,8,32309,California
Mendocino,2021-03-29,187,54178,98,27390,47,25799,42,989,96,9973,91,22474,138,32447,California
Mendocino,2021-03-30,683,54861,598,27988,48,25847,37,1026,420,10168,262,22736,457,32904,California
Mendocino,2021-03-31,862,55723,270,28258,533,26380,59,1085,412,10191,448,23184,471,33375,California
Mendocino,2021-04-01,1692,57415,394,28652,1220,27600,78,1163,378,9339,1307,24491,455,33830,California
Mendocino,2021-04-02,1284,58699,1056,29708,155,27755,73,1236,224,8579,1057,25548,297,34127,California
Mendocino,2021-04-03,704,59403,7,29715,676,28431,21,1257,88,8076,612,26160,109,34236,California
Mendocino,2021-04-04,68,59471,33,29748,29,28460,6,1263,53,8120,15,26175,59,34295,California
Mendocino,2021-04-05,199,59670,133,29881,42,28502,24,1287,124,8191,75,26250,146,34441,California
Mendocino,2021-04-06,381,60051,121,30002,179,28681,81,1368,106,8103,275,26525,187,34628,California
Mendocino,2021-04-07,470,60521,166,30168,64,28745,240,1608,115,8103,354,26879,354,34982,California
Mendocino,2021-04-08,1475,61996,908,31076,460,29205,107,1715,993,8728,476,27355,1101,36083,California
Mendocino,2021-04-09,749,62745,426,31502,169,29374,154,1869,394,8922,354,27709,548,36631,California
Mendocino,2021-04-10,141,62886,90,31592,6,29380,45,1914,86,8998,55,27764,131,36762,California
Mendocino,2021-04-11,121,63007,47,31639,18,29398,56,1970,58,9049,63,27827,114,36876,California
Mendocino,2021-04-12,469,63476,372,32011,43,29441,54,2024,299,9232,170,27997,353,37229,California
Mendocino,2021-04-13,283,63759,223,32234,60,29501,0,2024,219,9387,64,28061,219,37448,California
Mendocino,2021-04-14,373,64132,295,32529,78,29579,0,2024,276,9568,97,28158,278,37726,California
Mendocino,2021-04-15,599,64731,326,32855,273,29852,0,2024,386,9745,210,28368,387,38113,California
Mendocino,2021-04-16,108,64839,36,32891,72,29924,0,2024,65,9769,41,28409,65,38178,California
Mendocino,2021-04-17,57,64896,16,32907,41,29965,0,2024,47,9807,9,28418,47,38225,California
Mendocino,2021-04-18,2,64898,2,32909,0,29965,0,2024,1,9807,1,28419,1,38226,California
Merced,2020-12-16,3,3,3,3,0,0,0,0,3,3,0,0,3,3,California
Merced,2020-12-17,5,8,5,8,0,0,0,0,5,8,0,0,5,8,California
Merced,2020-12-18,145,153,145,153,0,0,0,0,145,153,0,0,145,153,California
Merced,2020-12-19,39,192,39,192,0,0,0,0,39,192,0,0,39,192,California
Merced,2020-12-20,17,209,17,209,0,0,0,0,17,209,0,0,17,209,California
Merced,2020-12-21,129,338,126,335,3,3,0,0,129,338,0,0,129,338,California
Merced,2020-12-22,162,500,162,497,0,3,0,0,162,500,0,0,162,500,California
Merced,2020-12-23,305,805,290,787,15,18,0,0,305,805,0,0,305,805,California
Merced,2020-12-24,71,876,71,858,0,18,0,0,71,876,0,0,71,876,California
Merced,2020-12-25,5,881,5,863,0,18,0,0,5,881,0,0,5,881,California
Merced,2020-12-26,7,888,4,867,3,21,0,0,7,888,0,0,7,888,California
Merced,2020-12-27,12,900,11,878,1,22,0,0,12,900,0,0,12,900,California
Merced,2020-12-28,124,1024,100,978,24,46,0,0,124,1024,0,0,124,1024,California
Merced,2020-12-29,190,1214,135,1113,55,101,0,0,190,1214,0,0,190,1214,California
Merced,2020-12-30,239,1453,93,1206,146,247,0,0,238,1452,0,0,238,1452,California
Merced,2020-12-31,126,1579,39,1245,87,334,0,0,123,1575,0,0,123,1575,California
Merced,2021-01-01,1,1580,0,1245,1,335,0,0,1,1576,0,0,1,1576,California
Merced,2021-01-02,128,1708,117,1362,11,346,0,0,129,1705,0,0,129,1705,California
Merced,2021-01-03,9,1717,5,1367,4,350,0,0,9,1714,0,0,9,1714,California
Merced,2021-01-04,84,1801,41,1408,43,393,0,0,84,1798,0,0,84,1798,California
Merced,2021-01-05,319,2120,230,1638,89,482,0,0,320,2114,6,6,322,2120,California
Merced,2021-01-06,271,2391,97,1735,174,656,0,0,266,2374,6,12,266,2386,California
Merced,2021-01-07,190,2581,79,1814,111,767,0,0,191,2554,11,23,191,2577,California
Merced,2021-01-08,535,3116,393,2207,142,909,0,0,390,2793,151,174,390,2967,California
Merced,2021-01-09,23,3139,10,2217,13,922,0,0,17,2804,6,180,17,2984,California
Merced,2021-01-10,10,3149,6,2223,4,926,0,0,6,2806,4,184,6,2990,California
Merced,2021-01-11,246,3395,170,2393,76,1002,0,0,119,2800,126,310,120,3110,California
Merced,2021-01-12,311,3706,161,2554,150,1152,0,0,258,3002,56,366,258,3368,California
Merced,2021-01-13,450,4156,232,2786,218,1370,0,0,237,3034,207,573,239,3607,California
Merced,2021-01-14,353,4509,213,2999,140,1510,0,0,182,3048,170,743,184,3791,California
Merced,2021-01-15,684,5193,148,3147,536,2046,0,0,661,3672,39,782,663,4454,California
Merced,2021-01-16,242,5435,151,3298,91,2137,0,0,237,3904,5,787,237,4691,California
Merced,2021-01-17,48,5483,11,3309,37,2174,0,0,47,3950,1,788,47,4738,California
Merced,2021-01-18,329,5812,155,3464,174,2348,0,0,307,4238,22,810,310,5048,California
Merced,2021-01-19,731,6543,582,4046,149,2497,0,0,549,4609,182,992,553,5601,California
Merced,2021-01-20,593,7136,484,4530,109,2606,0,0,528,5075,65,1057,531,6132,California
Merced,2021-01-21,1059,8195,686,5216,373,2979,0,0,957,5932,103,1160,960,7092,California
Merced,2021-01-22,1392,9587,709,5925,683,3662,0,0,1368,7286,26,1186,1380,8472,California
Merced,2021-01-23,307,9894,185,6110,122,3784,0,0,203,7383,106,1292,203,8675,California
Merced,2021-01-24,34,9928,16,6126,18,3802,0,0,25,7400,8,1300,25,8700,California
Merced,2021-01-25,779,10707,269,6395,510,4312,0,0,702,8043,59,1359,702,9402,California
Merced,2021-01-26,945,11652,480,6875,465,4777,0,0,687,8520,211,1570,688,10090,California
Merced,2021-01-27,1031,12683,583,7458,448,5225,0,0,841,9198,163,1733,841,10931,California
Merced,2021-01-28,1203,13886,587,8045,616,5841,0,0,1044,10108,135,1868,1045,11976,California
Merced,2021-01-29,907,14793,339,8384,568,6409,0,0,650,10516,244,2112,652,12628,California
Merced,2021-01-30,286,15079,27,8411,259,6668,0,0,270,10770,16,2128,270,12898,California
Merced,2021-01-31,46,15125,10,8421,36,6704,0,0,45,10814,1,2129,45,12943,California
Merced,2021-02-01,376,15501,52,8473,324,7028,0,0,324,11087,51,2180,324,13267,California
Merced,2021-02-02,292,15793,180,8653,112,7140,0,0,173,11144,117,2297,174,13441,California
Merced,2021-02-03,393,16186,69,8722,324,7464,0,0,198,11147,195,2492,198,13639,California
Merced,2021-02-04,429,16615,158,8880,271,7735,0,0,273,11268,153,2645,274,13913,California
Merced,2021-02-05,625,17240,215,9095,410,8145,0,0,324,11306,288,2933,326,14239,California
Merced,2021-02-06,443,17683,248,9343,195,8340,0,0,270,11406,171,3104,271,14510,California
Merced,2021-02-07,20,17703,12,9355,8,8348,0,0,13,11412,7,3111,13,14523,California
Merced,2021-02-08,319,18022,216,9571,103,8451,0,0,179,11455,137,3248,180,14703,California
Merced,2021-02-09,1279,19301,963,10534,316,8767,0,0,806,11806,456,3704,807,15510,California
Merced,2021-02-10,1919,21220,1432,11966,487,9254,0,0,1334,12563,577,4281,1334,16844,California
Merced,2021-02-11,2607,23827,2039,14005,568,9822,0,0,1856,13674,745,5026,1856,18700,California
Merced,2021-02-12,1890,25717,1061,15066,829,10651,0,0,836,13469,1042,6068,837,19537,California
Merced,2021-02-13,363,26080,202,15268,161,10812,0,0,267,13642,96,6164,269,19806,California
Merced,2021-02-14,117,26197,27,15295,90,10902,0,0,95,13716,22,6186,96,19902,California
Merced,2021-02-15,272,26469,40,15335,232,11134,0,0,169,13788,98,6284,170,20072,California
Merced,2021-02-16,1292,27761,865,16200,427,11561,0,0,865,14249,407,6691,868,20940,California
Merced,2021-02-17,1946,29707,1676,17876,270,11831,0,0,1368,15054,565,7256,1370,22310,California
Merced,2021-02-18,1315,31022,854,18730,461,12292,0,0,457,14680,831,8087,457,22767,California
Merced,2021-02-19,1324,32346,438,19168,886,13178,0,0,573,14510,745,8832,575,23342,California
Merced,2021-02-20,275,32621,31,19199,244,13422,0,0,142,14520,132,8964,142,23484,California
Merced,2021-02-21,74,32695,59,19258,15,13437,0,0,30,14506,44,9008,30,23514,California
Merced,2021-02-22,924,33619,375,19633,549,13986,0,0,578,14739,345,9353,578,24092,California
Merced,2021-02-23,1181,34800,486,20119,695,14681,0,0,734,15030,443,9796,734,24826,California
Merced,2021-02-24,851,35651,302,20421,549,15230,0,0,466,15121,375,10171,466,25292,California
Merced,2021-02-25,1957,37608,991,21412,966,16196,0,0,1478,16136,464,10635,1479,26771,California
Merced,2021-02-26,2354,39962,1506,22918,848,17044,0,0,1927,17635,429,11064,1928,28699,California
Merced,2021-02-27,2897,42859,1309,24227,1587,18631,1,1,2586,19915,307,11371,2587,31286,California
Merced,2021-02-28,332,43191,70,24297,262,18893,0,1,286,20157,44,11415,286,31572,California
Merced,2021-03-01,1190,44381,276,24573,914,19807,0,1,858,20689,326,11741,858,32430,California
Merced,2021-03-02,1807,46188,917,25490,890,20697,0,1,1404,21706,387,12128,1404,33834,California
Merced,2021-03-03,2373,48561,1826,27316,546,21243,1,2,1577,22524,761,12889,1579,35413,California
Merced,2021-03-04,3106,51667,2437,29753,667,21910,2,4,2217,23772,971,13860,2219,37632,California
Merced,2021-03-05,2486,54153,1537,31290,926,22836,23,27,1870,25081,585,14445,1894,39526,California
Merced,2021-03-06,1287,55440,750,32040,515,23351,22,49,1010,25834,279,14724,1032,40558,California
Merced,2021-03-07,282,55722,62,32102,195,23546,25,74,253,26083,29,14753,278,40836,California
Merced,2021-03-08,1266,56988,624,32726,577,24123,65,139,1053,26987,213,14966,1117,41953,California
Merced,2021-03-09,1757,58745,1036,33762,608,24731,113,252,1160,27668,593,15559,1274,43227,California
Merced,2021-03-10,2914,61659,2020,35782,680,25411,214,466,1829,28634,1082,16641,2048,45275,California
Merced,2021-03-11,2003,63662,696,36478,1100,26511,207,673,1380,29679,565,17206,1610,46885,California
Merced,2021-03-12,2506,66168,1143,37621,1093,27604,270,943,1741,30938,763,17969,2022,48907,California
Merced,2021-03-13,779,66947,370,37991,167,27771,242,1185,470,31350,301,18270,713,49620,California
Merced,2021-03-14,248,67195,135,38126,83,27854,30,1215,150,31434,97,18367,181,49801,California
Merced,2021-03-15,1582,68777,522,38648,795,28649,265,1480,1052,32228,522,18889,1316,51117,California
Merced,2021-03-16,1609,70386,834,39482,552,29201,223,1703,1053,33021,483,19372,1276,52393,California
Merced,2021-03-17,2264,72650,1310,40792,772,29973,182,1885,1736,34485,457,19829,1921,54314,California
Merced,2021-03-18,2129,74779,1212,42004,758,30731,159,2044,1492,35499,648,20477,1662,55976,California
Merced,2021-03-19,3166,77945,1867,43871,1105,31836,194,2238,1746,36045,1397,21874,1943,57919,California
Merced,2021-03-20,2687,80632,1750,45621,540,32376,397,2635,1179,36122,1502,23376,1579,59498,California
Merced,2021-03-21,685,81317,341,45962,331,32707,13,2648,567,36585,119,23495,582,60080,California
Merced,2021-03-22,1361,82678,716,46678,561,33268,84,2732,971,37259,382,23877,1056,61136,California
Merced,2021-03-23,1954,84632,1193,47871,697,33965,64,2796,1469,38329,464,24341,1534,62670,California
Merced,2021-03-24,1413,86045,841,48712,528,34493,44,2840,1043,39057,359,24700,1087,63757,California
Merced,2021-03-25,3624,89669,2533,51245,1069,35562,22,2862,2132,39729,1485,26185,2157,65914,California
Merced,2021-03-26,2176,91845,1283,52528,860,36422,33,2895,946,39486,1222,27407,979,66893,California
Merced,2021-03-27,2951,94796,1528,54056,1355,37777,68,2963,1113,38839,1828,29235,1181,68074,California
Merced,2021-03-28,576,95372,209,54265,360,38137,7,2970,252,38777,323,29558,261,68335,California
Merced,2021-03-29,1656,97028,458,54723,951,39088,247,3217,663,38704,987,30545,914,69249,California
Merced,2021-03-30,2291,99319,856,55579,1377,40465,58,3275,1045,38566,1241,31786,1103,70352,California
Merced,2021-03-31,2403,101722,1658,57237,712,41177,33,3308,1046,38302,1344,33130,1080,71432,California
Merced,2021-04-01,2253,103975,1085,58322,1062,42239,106,3414,817,37797,1430,34560,925,72357,California
Merced,2021-04-02,2715,106690,751,59073,1535,43774,429,3843,962,37456,1735,36295,1394,73751,California
Merced,2021-04-03,896,107586,403,59476,483,44257,10,3853,455,37483,440,36735,467,74218,California
Merced,2021-04-04,459,108045,142,59618,314,44571,3,3856,195,37420,263,36998,200,74418,California
Merced,2021-04-05,1312,109357,535,60153,488,45059,289,4145,421,37240,890,37888,710,75128,California
Merced,2021-04-06,2503,111860,712,60865,740,45799,1051,5196,772,37335,1729,39617,1824,76952,California
Merced,2021-04-07,1792,113652,961,61826,701,46500,130,5326,608,36899,1176,40793,740,77692,California
Merced,2021-04-08,2172,115824,1017,62843,927,47427,228,5554,790,36562,1353,42146,1016,78708,California
Merced,2021-04-09,2008,117832,592,63435,701,48128,715,6269,622,36533,1369,43515,1340,80048,California
Merced,2021-04-10,801,118633,455,63890,134,48262,212,6481,173,36293,625,44140,385,80433,California
Merced,2021-04-11,486,119119,278,64168,72,48334,136,6617,148,36242,336,44476,285,80718,California
Merced,2021-04-12,1213,120332,698,64866,383,48717,132,6749,715,36623,466,44942,847,81565,California
Merced,2021-04-13,1914,122246,1339,66205,572,49289,3,6752,950,36693,886,45828,956,82521,California
Merced,2021-04-14,1643,123889,1126,67331,517,49806,0,6752,833,36840,688,46516,835,83356,California
Merced,2021-04-15,2537,126426,1998,69329,539,50345,0,6752,798,36053,1589,48105,802,84158,California
Merced,2021-04-16,1780,128206,1020,70349,760,51105,0,6752,753,35862,945,49050,754,84912,California
Merced,2021-04-17,420,128626,248,70597,172,51277,0,6752,214,35874,203,49253,215,85127,California
Merced,2021-04-18,333,128959,77,70674,256,51533,0,6752,74,35691,257,49510,74,85201,California
Modoc,2020-12-16,1,1,1,1,0,0,0,0,1,1,0,0,1,1,California
Modoc,2020-12-21,100,101,100,101,0,0,0,0,100,101,0,0,100,101,California
Modoc,2020-12-22,14,115,14,115,0,0,0,0,14,115,0,0,14,115,California
Modoc,2020-12-23,4,119,4,119,0,0,0,0,4,119,0,0,4,119,California
Modoc,2020-12-24,1,120,1,120,0,0,0,0,1,120,0,0,1,120,California
Modoc,2020-12-28,2,122,2,122,0,0,0,0,2,122,0,0,2,122,California
Modoc,2020-12-29,10,132,1,123,9,9,0,0,10,132,0,0,10,132,California
Modoc,2020-12-30,7,139,0,123,7,16,0,0,7,139,0,0,7,139,California
Modoc,2021-01-02,2,141,0,123,2,18,0,0,2,141,0,0,2,141,California
Modoc,2021-01-04,8,149,0,123,8,26,0,0,8,149,0,0,8,149,California
Modoc,2021-01-05,2,151,1,124,1,27,0,0,2,151,0,0,2,151,California
Modoc,2021-01-06,3,154,2,126,1,28,0,0,2,152,1,1,2,153,California
Modoc,2021-01-07,72,226,0,126,72,100,0,0,72,224,0,1,72,225,California
Modoc,2021-01-08,105,331,0,126,105,205,0,0,105,329,0,1,105,330,California
Modoc,2021-01-10,1,332,1,127,0,205,0,0,0,328,1,2,0,330,California
Modoc,2021-01-11,91,423,82,209,9,214,0,0,19,275,72,74,19,349,California
Modoc,2021-01-12,94,517,25,234,69,283,0,0,68,317,26,100,68,417,California
Modoc,2021-01-13,24,541,4,238,20,303,0,0,22,337,2,102,22,439,California
Modoc,2021-01-14,129,670,6,244,123,426,0,0,124,456,5,107,124,563,California
Modoc,2021-01-15,6,676,1,245,5,431,0,0,6,462,0,107,6,569,California
Modoc,2021-01-16,1,677,1,246,0,431,0,0,1,463,0,107,1,570,California
Modoc,2021-01-18,1,678,1,247,0,431,0,0,1,464,0,107,1,571,California
Modoc,2021-01-19,5,683,3,250,2,433,0,0,3,465,2,109,3,574,California
Modoc,2021-01-20,11,694,1,251,10,443,0,0,11,476,0,109,11,585,California
Modoc,2021-01-21,158,852,2,253,156,599,0,0,158,634,0,109,158,743,California
Modoc,2021-01-22,2,854,0,253,2,601,0,0,2,636,0,109,2,745,California
Modoc,2021-01-25,11,865,0,253,11,612,0,0,11,647,0,109,11,756,California
Modoc,2021-01-26,65,930,1,254,64,676,0,0,65,712,0,109,65,821,California
Modoc,2021-01-27,41,971,2,256,39,715,0,0,25,721,16,125,25,846,California
Modoc,2021-01-28,144,1115,1,257,143,858,0,0,144,865,0,125,144,990,California
Modoc,2021-01-29,3,1118,1,258,2,860,0,0,3,868,0,125,3,993,California
Modoc,2021-02-01,25,1143,12,270,13,873,0,0,11,865,14,139,11,1004,California
Modoc,2021-02-02,170,1313,2,272,168,1041,0,0,167,1029,3,142,167,1171,California
Modoc,2021-02-03,18,1331,13,285,5,1046,0,0,11,1033,7,149,11,1182,California
Modoc,2021-02-04,155,1486,4,289,151,1197,0,0,27,932,128,277,27,1209,California
Modoc,2021-02-05,4,1490,3,292,1,1198,0,0,3,934,1,278,3,1212,California
Modoc,2021-02-08,9,1499,2,294,7,1205,0,0,8,941,1,279,8,1220,California
Modoc,2021-02-09,198,1697,13,307,185,1390,0,0,67,877,131,410,67,1287,California
Modoc,2021-02-10,5,1702,2,309,3,1393,0,0,4,880,1,411,4,1291,California
Modoc,2021-02-11,201,1903,3,312,198,1591,0,0,83,845,118,529,83,1374,California
Modoc,2021-02-12,5,1908,1,313,4,1595,0,0,3,846,2,531,3,1377,California
Modoc,2021-02-13,1,1909,0,313,1,1596,0,0,1,847,0,531,1,1378,California
Modoc,2021-02-16,147,2056,6,319,141,1737,0,0,143,986,4,535,143,1521,California
Modoc,2021-02-17,24,2080,1,320,23,1760,0,0,12,986,12,547,12,1533,California
Modoc,2021-02-18,189,2269,2,322,187,1947,0,0,25,849,163,710,26,1559,California
Modoc,2021-02-19,2,2271,2,324,0,1947,0,0,2,851,0,710,2,1561,California
Modoc,2021-02-20,1,2272,1,325,0,1947,0,0,1,852,0,710,1,1562,California
Modoc,2021-02-22,17,2289,9,334,8,1955,0,0,3,841,14,724,3,1565,California
Modoc,2021-02-23,20,2309,2,336,18,1973,0,0,1,823,19,743,1,1566,California
Modoc,2021-02-24,90,2399,1,337,89,2062,0,0,30,793,60,803,30,1596,California
Modoc,2021-02-25,168,2567,0,337,168,2230,0,0,12,649,156,959,12,1608,California
Modoc,2021-02-26,3,2570,0,337,3,2233,0,0,1,648,2,961,1,1609,California
Modoc,2021-02-27,5,2575,5,342,0,2233,0,0,2,647,3,964,2,1611,California
Modoc,2021-03-01,4,2579,0,342,4,2237,0,0,0,643,4,968,0,1611,California
Modoc,2021-03-02,193,2772,12,354,181,2418,0,0,26,502,167,1135,26,1637,California
Modoc,2021-03-03,12,2784,6,360,6,2424,0,0,2,494,10,1145,2,1639,California
Modoc,2021-03-04,175,2959,2,362,173,2597,0,0,148,615,27,1172,148,1787,California
Modoc,2021-03-05,4,2963,3,365,1,2598,0,0,2,615,2,1174,2,1789,California
Modoc,2021-03-06,10,2973,0,365,0,2598,10,10,0,615,10,1184,10,1799,California
Modoc,2021-03-07,6,2979,1,366,0,2598,5,15,1,616,5,1189,6,1805,California
Modoc,2021-03-08,7,2986,1,367,2,2600,4,19,1,615,6,1195,5,1810,California
Modoc,2021-03-09,127,3113,10,377,109,2709,8,27,61,618,66,1261,69,1879,California
Modoc,2021-03-10,9,3122,3,380,2,2711,4,31,4,621,5,1266,8,1887,California
Modoc,2021-03-11,207,3329,0,380,99,2810,108,139,22,566,185,1451,130,2017,California
Modoc,2021-03-12,10,3339,1,381,4,2814,5,144,4,569,6,1457,9,2026,California
Modoc,2021-03-13,4,3343,0,381,1,2815,3,147,1,570,3,1460,4,2030,California
Modoc,2021-03-15,12,3355,1,382,10,2825,1,148,10,579,2,1462,11,2041,California
Modoc,2021-03-16,173,3528,1,383,168,2993,4,152,42,493,131,1593,45,2086,California
Modoc,2021-03-17,10,3538,1,384,4,2997,5,157,2,492,8,1601,7,2093,California
Modoc,2021-03-18,67,3605,1,385,59,3056,7,164,35,502,32,1633,42,2135,California
Modoc,2021-03-19,5,3610,0,385,0,3056,5,169,0,502,5,1638,5,2140,California
Modoc,2021-03-20,6,3616,2,387,1,3057,3,172,1,501,5,1643,4,2144,California
Modoc,2021-03-21,4,3620,1,388,1,3058,2,174,2,503,2,1645,4,2148,California
Modoc,2021-03-22,18,3638,1,389,11,3069,6,180,12,515,6,1651,18,2166,California
Modoc,2021-03-23,33,3671,5,394,25,3094,3,183,25,535,8,1659,28,2194,California
Modoc,2021-03-24,29,3700,1,395,18,3112,10,193,2,520,27,1686,12,2206,California
Modoc,2021-03-25,64,3764,1,396,61,3173,2,195,32,522,32,1718,34,2240,California
Modoc,2021-03-26,7,3771,2,398,2,3175,3,198,2,522,5,1723,5,2245,California
Modoc,2021-03-27,2,3773,0,398,1,3176,1,199,1,523,1,1724,2,2247,California
Modoc,2021-03-28,2,3775,1,399,0,3176,1,200,0,522,2,1726,1,2248,California
Modoc,2021-03-29,14,3789,1,400,5,3181,8,208,5,526,9,1735,13,2261,California
Modoc,2021-03-30,57,3846,11,411,39,3220,7,215,23,522,34,1769,30,2291,California
Modoc,2021-03-31,9,3855,3,414,2,3222,4,219,3,523,6,1775,7,2298,California
Modoc,2021-04-01,170,4025,3,417,162,3384,5,224,35,428,135,1910,40,2338,California
Modoc,2021-04-02,4,4029,0,417,1,3385,3,227,0,428,3,1913,3,2341,California
Modoc,2021-04-03,4,4033,2,419,0,3385,2,229,2,430,2,1915,4,2345,California
Modoc,2021-04-05,9,4042,0,419,9,3394,0,229,9,439,0,1915,9,2354,California
Modoc,2021-04-06,24,4066,5,424,9,3403,10,239,6,437,18,1933,16,2370,California
Modoc,2021-04-07,10,4076,1,425,3,3406,6,245,2,437,8,1941,8,2378,California
Modoc,2021-04-08,97,4173,1,426,93,3499,3,248,26,395,71,2012,29,2407,California
Modoc,2021-04-09,10,4183,1,427,6,3505,3,251,2,391,8,2020,4,2411,California
Modoc,2021-04-10,6,4189,0,427,1,3506,5,256,0,390,6,2026,5,2416,California
Modoc,2021-04-11,2,4191,2,429,0,3506,0,256,1,390,1,2027,1,2417,California
Modoc,2021-04-12,14,4205,1,430,9,3515,4,260,1,384,11,2038,5,2422,California
Modoc,2021-04-13,28,4233,27,457,1,3516,0,260,21,398,7,2045,21,2443,California
Modoc,2021-04-14,1,4234,1,458,0,3516,0,260,0,397,1,2046,0,2443,California
Modoc,2021-04-15,98,4332,0,458,98,3614,0,260,25,349,73,2119,25,2468,California
Modoc,2021-04-16,5,4337,5,463,0,3614,0,260,4,352,1,2120,4,2472,California
Modoc,2021-04-17,3,4340,3,466,0,3614,0,260,3,355,0,2120,3,2475,California
Modoc,2021-04-18,1,4341,0,466,1,3615,0,260,0,354,1,2121,0,2475,California
Mono,2020-12-18,1,1,1,1,0,0,0,0,1,1,0,0,1,1,California
Mono,2020-12-19,5,6,5,6,0,0,0,0,5,6,0,0,5,6,California
Mono,2020-12-20,7,13,7,13,0,0,0,0,7,13,0,0,7,13,California
Mono,2020-12-21,24,37,17,30,7,7,0,0,24,37,0,0,24,37,California
Mono,2020-12-22,66,103,65,95,1,8,0,0,66,103,0,0,66,103,California
Mono,2020-12-23,70,173,42,137,28,36,0,0,70,173,0,0,70,173,California
Mono,2020-12-24,3,176,1,138,2,38,0,0,3,176,0,0,3,176,California
Mono,2020-12-26,3,179,3,141,0,38,0,0,3,179,0,0,3,179,California
Mono,2020-12-28,94,273,63,204,31,69,0,0,94,273,0,0,94,273,California
Mono,2020-12-29,29,302,29,233,0,69,0,0,29,302,0,0,29,302,California
Mono,2020-12-30,76,378,35,268,41,110,0,0,76,378,0,0,76,378,California
Mono,2020-12-31,4,382,1,269,3,113,0,0,4,382,0,0,4,382,California
Mono,2021-01-01,4,386,4,273,0,113,0,0,4,386,0,0,4,386,California
Mono,2021-01-02,1,387,1,274,0,113,0,0,1,387,0,0,1,387,California
Mono,2021-01-04,1,388,0,274,1,114,0,0,1,388,0,0,1,388,California
Mono,2021-01-05,45,433,2,276,43,157,0,0,44,431,1,1,44,432,California
Mono,2021-01-06,44,477,0,276,44,201,0,0,44,475,0,1,44,476,California
Mono,2021-01-07,55,532,3,279,52,253,0,0,54,528,1,2,54,530,California
Mono,2021-01-08,2,534,1,280,1,254,0,0,1,528,1,3,1,531,California
Mono,2021-01-09,4,538,4,284,0,254,0,0,0,524,4,7,0,531,California
Mono,2021-01-10,5,543,5,289,0,254,0,0,0,519,5,12,0,531,California
Mono,2021-01-11,7,550,4,293,3,257,0,0,3,518,4,16,3,534,California
Mono,2021-01-12,283,833,75,368,208,465,0,0,219,674,63,79,219,753,California
Mono,2021-01-13,233,1066,73,441,160,625,0,0,178,797,55,134,178,931,California
Mono,2021-01-14,73,1139,71,512,2,627,0,0,73,870,0,134,73,1004,California
Mono,2021-01-15,62,1201,2,514,60,687,0,0,62,932,0,134,62,1066,California
Mono,2021-01-16,4,1205,3,517,1,688,0,0,1,930,3,137,1,1067,California
Mono,2021-01-18,63,1268,54,571,9,697,0,0,2,871,61,198,2,1069,California
Mono,2021-01-19,209,1477,207,778,2,699,0,0,171,1005,38,236,172,1241,California
Mono,2021-01-20,230,1707,199,977,31,730,0,0,169,1113,61,297,169,1410,California
Mono,2021-01-21,3,1710,3,980,0,730,0,0,3,1116,0,297,3,1413,California
Mono,2021-01-22,4,1714,0,980,4,734,0,0,4,1120,0,297,4,1417,California
Mono,2021-01-23,596,2310,596,1576,0,734,0,0,595,1714,1,298,595,2012,California
Mono,2021-01-25,205,2515,167,1743,38,772,0,0,166,1841,39,337,166,2178,California
Mono,2021-01-26,509,3024,507,2250,2,774,0,0,504,2340,5,342,504,2682,California
Mono,2021-01-27,5,3029,1,2251,4,778,0,0,5,2345,0,342,5,2687,California
Mono,2021-01-28,7,3036,3,2254,4,782,0,0,3,2344,4,346,3,2690,California
Mono,2021-01-30,201,3237,199,2453,2,784,0,0,201,2545,0,346,201,2891,California
Mono,2021-01-31,243,3480,138,2591,105,889,0,0,139,2580,104,450,139,3030,California
Mono,2021-02-01,27,3507,27,2618,0,889,0,0,0,2553,27,477,0,3030,California
Mono,2021-02-02,5,3512,0,2618,5,894,0,0,2,2552,3,480,2,3032,California
Mono,2021-02-03,4,3516,2,2620,2,896,0,0,2,2552,2,482,2,3034,California
Mono,2021-02-04,211,3727,158,2778,53,949,0,0,90,2521,121,603,90,3124,California
Mono,2021-02-05,623,4350,617,3395,6,955,0,0,620,3138,3,606,620,3744,California
Mono,2021-02-06,140,4490,139,3534,1,956,0,0,138,3274,2,608,138,3882,California
Mono,2021-02-07,2,4492,0,3534,2,958,0,0,2,3276,0,608,2,3884,California
Mono,2021-02-08,172,4664,172,3706,0,958,0,0,15,3135,156,764,15,3899,California
Mono,2021-02-09,226,4890,5,3711,221,1179,0,0,14,2937,212,976,14,3913,California
Mono,2021-02-10,536,5426,186,3897,350,1529,0,0,194,2790,342,1318,195,4108,California
Mono,2021-02-11,7,5433,4,3901,3,1532,0,0,2,2787,5,1323,2,4110,California
Mono,2021-02-12,84,5517,20,3921,64,1596,0,0,26,2755,58,1381,26,4136,California
Mono,2021-02-13,587,6104,587,4508,0,1596,0,0,25,2219,561,1942,25,4161,California
Mono,2021-02-15,168,6272,166,4674,2,1598,0,0,3,2059,163,2105,3,4164,California
Mono,2021-02-16,518,6790,515,5189,3,1601,0,0,44,1631,472,2577,44,4208,California
Mono,2021-02-17,5,6795,1,5190,4,1605,0,0,1,1628,4,2581,1,4209,California
Mono,2021-02-18,2,6797,2,5192,0,1605,0,0,1,1628,1,2582,1,4210,California
Mono,2021-02-19,54,6851,53,5245,1,1606,0,0,54,1682,0,2582,54,4264,California
Mono,2021-02-20,4,6855,4,5249,0,1606,0,0,4,1686,0,2582,4,4268,California
Mono,2021-02-21,3,6858,3,5252,0,1606,0,0,3,1689,0,2582,3,4271,California
Mono,2021-02-22,285,7143,284,5536,1,1607,0,0,24,1453,260,2842,24,4295,California
Mono,2021-02-23,135,7278,115,5651,20,1627,0,0,22,1362,113,2955,22,4317,California
Mono,2021-02-24,8,7286,3,5654,5,1632,0,0,2,1358,6,2961,2,4319,California
Mono,2021-02-25,5,7291,2,5656,3,1635,0,0,3,1360,1,2962,3,4322,California
Mono,2021-02-26,602,7893,601,6257,1,1636,0,0,19,797,582,3544,19,4341,California
Mono,2021-02-27,142,8035,138,6395,4,1640,0,0,4,666,135,3679,4,4345,California
Mono,2021-03-01,2,8037,2,6397,0,1640,0,0,1,667,0,3679,1,4346,California
Mono,2021-03-02,5,8042,3,6400,2,1642,0,0,3,668,2,3681,3,4349,California
Mono,2021-03-03,82,8124,2,6402,80,1722,0,0,79,745,2,3683,79,4428,California
Mono,2021-03-04,4,8128,0,6402,4,1726,0,0,2,745,2,3685,2,4430,California
Mono,2021-03-05,37,8165,27,6429,10,1736,0,0,14,736,23,3708,14,4444,California
Mono,2021-03-06,510,8675,16,6445,494,2230,0,0,504,1235,5,3713,504,4948,California
Mono,2021-03-07,1,8676,0,6445,1,2231,0,0,0,1234,1,3714,0,4948,California
Mono,2021-03-08,542,9218,11,6456,528,2759,3,3,533,1761,9,3723,536,5484,California
Mono,2021-03-09,6,9224,2,6458,3,2762,1,4,3,1763,2,3725,4,5488,California
Mono,2021-03-10,286,9510,91,6549,192,2954,3,7,10,1502,274,3999,13,5501,California
Mono,2021-03-11,10,9520,0,6549,1,2955,9,16,0,1501,10,4009,9,5510,California
Mono,2021-03-12,7,9527,1,6550,1,2956,5,21,0,1499,7,4016,5,5515,California
Mono,2021-03-13,826,10353,389,6939,437,3393,0,21,818,2309,8,4024,818,6333,California
Mono,2021-03-14,4,10357,4,6943,0,3393,0,21,1,2307,3,4027,1,6334,California
Mono,2021-03-15,29,10386,23,6966,1,3394,5,26,13,2309,16,4043,18,6352,California
Mono,2021-03-16,16,10402,6,6972,4,3398,6,32,8,2315,8,4051,14,6366,California
Mono,2021-03-17,32,10434,3,6975,21,3419,8,40,21,2333,11,4062,29,6395,California
Mono,2021-03-18,19,10453,2,6977,9,3428,8,48,8,2338,11,4073,16,6411,California
Mono,2021-03-19,22,10475,1,6978,18,3446,3,51,18,2356,3,4076,21,6432,California
Mono,2021-03-20,4,10479,3,6981,0,3446,1,52,3,2359,1,4077,4,6436,California
Mono,2021-03-21,1,10480,1,6982,0,3446,0,52,1,2360,0,4077,1,6437,California
Mono,2021-03-22,11,10491,0,6982,6,3452,5,57,5,2364,6,4083,10,6447,California
Mono,2021-03-23,42,10533,5,6987,32,3484,5,62,19,2365,23,4106,24,6471,California
Mono,2021-03-24,12,10545,1,6988,6,3490,5,67,6,2370,6,4112,11,6482,California
Mono,2021-03-25,18,10563,2,6990,12,3502,4,71,12,2380,6,4118,16,6498,California
Mono,2021-03-26,21,10584,3,6993,13,3515,5,76,12,2389,8,4126,17,6515,California
Mono,2021-03-27,353,10937,350,7343,3,3518,0,76,328,2692,25,4151,328,6843,California
Mono,2021-03-28,1,10938,1,7344,0,3518,0,76,1,2693,0,4151,1,6844,California
Mono,2021-03-29,9,10947,2,7346,6,3524,1,77,8,2701,1,4152,9,6853,California
Mono,2021-03-30,15,10962,0,7346,11,3535,4,81,10,2710,5,4157,14,6867,California
Mono,2021-03-31,125,11087,7,7353,117,3652,1,82,46,2679,78,4235,47,6914,California
Mono,2021-04-01,8,11095,0,7353,7,3659,1,83,3,2678,5,4240,4,6918,California
Mono,2021-04-02,17,11112,2,7355,15,3674,0,83,6,2673,11,4251,6,6924,California
Mono,2021-04-03,849,11961,366,7721,483,4157,0,83,35,1895,813,5064,35,6959,California
Mono,2021-04-05,532,12493,17,7738,514,4671,1,84,32,1429,499,5563,33,6992,California
Mono,2021-04-06,20,12513,2,7740,5,4676,13,97,2,1426,18,5581,15,7007,California
Mono,2021-04-07,22,12535,2,7742,2,4678,18,115,3,1428,19,5600,21,7028,California
Mono,2021-04-08,21,12556,2,7744,2,4680,17,132,3,1430,18,5618,20,7048,California
Mono,2021-04-09,36,12592,2,7746,4,4684,30,162,5,1434,31,5649,35,7083,California
Mono,2021-04-10,446,13038,2,7748,437,5121,7,169,28,1051,418,6067,35,7118,California
Mono,2021-04-11,1,13039,1,7749,0,5121,0,169,0,1050,1,6068,0,7118,California
Mono,2021-04-12,6,13045,0,7749,3,5124,3,172,3,1053,3,6071,6,7124,California
Mono,2021-04-13,19,13064,3,7752,15,5139,1,173,13,1061,6,6077,14,7138,California
Mono,2021-04-14,25,13089,0,7752,25,5164,0,173,6,1048,19,6096,6,7144,California
Mono,2021-04-15,18,13107,2,7754,16,5180,0,173,10,1050,8,6104,10,7154,California
Mono,2021-04-16,18,13125,6,7760,12,5192,0,173,8,1048,10,6114,8,7162,California
Mono,2021-04-17,50,13175,2,7762,48,5240,0,173,44,1086,6,6120,44,7206,California
Mono,2021-04-18,2,13177,1,7763,1,5241,0,173,2,1088,0,6120,2,7208,California
Monterey,2020-12-16,4,4,4,4,0,0,0,0,4,4,0,0,4,4,California
Monterey,2020-12-17,83,87,83,87,0,0,0,0,83,87,0,0,83,87,California
Monterey,2020-12-18,481,568,481,568,0,0,0,0,481,568,0,0,481,568,California
Monterey,2020-12-19,579,1147,579,1147,0,0,0,0,579,1147,0,0,579,1147,California
Monterey,2020-12-20,422,1569,422,1569,0,0,0,0,422,1569,0,0,422,1569,California
Monterey,2020-12-21,720,2289,720,2289,0,0,0,0,720,2289,0,0,720,2289,California
Monterey,2020-12-22,533,2822,520,2809,13,13,0,0,533,2822,0,0,533,2822,California
Monterey,2020-12-23,436,3258,260,3069,176,189,0,0,436,3258,0,0,436,3258,California
Monterey,2020-12-24,84,3342,10,3079,74,263,0,0,84,3342,0,0,84,3342,California
Monterey,2020-12-25,6,3348,0,3079,6,269,0,0,6,3348,0,0,6,3348,California
Monterey,2020-12-26,92,3440,5,3084,87,356,0,0,92,3440,0,0,92,3440,California
Monterey,2020-12-27,7,3447,4,3088,3,359,0,0,7,3447,0,0,7,3447,California
Monterey,2020-12-28,477,3924,25,3113,452,811,0,0,477,3924,0,0,477,3924,California
Monterey,2020-12-29,900,4824,167,3280,733,1544,0,0,900,4824,0,0,900,4824,California
Monterey,2020-12-30,569,5393,99,3379,470,2014,0,0,569,5393,0,0,569,5393,California
Monterey,2020-12-31,35,5428,11,3390,24,2038,0,0,35,5428,0,0,35,5428,California
Monterey,2021-01-01,11,5439,2,3392,9,2047,0,0,11,5439,0,0,11,5439,California
Monterey,2021-01-02,137,5576,134,3526,3,2050,0,0,137,5576,0,0,137,5576,California
Monterey,2021-01-03,30,5606,29,3555,1,2051,0,0,30,5606,0,0,30,5606,California
Monterey,2021-01-04,410,6016,18,3573,392,2443,0,0,410,6016,0,0,410,6016,California
Monterey,2021-01-05,750,6766,326,3899,424,2867,0,0,736,6738,14,14,736,6752,California
Monterey,2021-01-06,655,7421,172,4071,483,3350,0,0,633,7349,22,36,633,7385,California
Monterey,2021-01-07,743,8164,570,4641,173,3523,0,0,419,7446,322,358,419,7804,California
Monterey,2021-01-08,1085,9249,733,5374,352,3875,0,0,393,7147,692,1050,393,8197,California
Monterey,2021-01-09,963,10212,935,6309,28,3903,0,0,313,6810,650,1700,313,8510,California
Monterey,2021-01-10,273,10485,270,6579,3,3906,0,0,8,6553,265,1965,8,8518,California
Monterey,2021-01-11,1066,11551,985,7564,81,3987,0,0,362,6211,704,2669,362,8880,California
Monterey,2021-01-12,464,12015,387,7951,77,4064,0,0,203,6153,261,2930,203,9083,California
Monterey,2021-01-13,1217,13232,590,8541,627,4691,0,0,1173,7282,44,2974,1173,10256,California
Monterey,2021-01-14,1047,14279,93,8634,954,5645,0,0,1029,8296,18,2992,1032,11288,California
Monterey,2021-01-15,1043,15322,43,8677,1000,6645,0,0,1030,9313,13,3005,1030,12318,California
Monterey,2021-01-16,361,15683,298,8975,63,6708,0,0,356,9664,5,3010,356,12674,California
Monterey,2021-01-17,309,15992,288,9263,21,6729,0,0,296,9947,13,3023,296,12970,California
Monterey,2021-01-18,401,16393,50,9313,351,7080,0,0,380,10306,21,3044,380,13350,California
Monterey,2021-01-19,575,16968,394,9707,181,7261,0,0,416,10565,157,3201,416,13766,California
Monterey,2021-01-20,531,17499,269,9976,262,7523,0,0,324,10682,207,3408,324,14090,California
Monterey,2021-01-21,839,18338,93,10069,746,8269,0,0,729,11305,110,3518,733,14823,California
Monterey,2021-01-22,1045,19383,191,10260,854,9123,0,0,1006,12272,39,3557,1006,15829,California
Monterey,2021-01-23,240,19623,174,10434,66,9189,0,0,117,12268,122,3679,118,15947,California
Monterey,2021-01-24,56,19679,38,10472,18,9207,0,0,22,12256,34,3713,22,15969,California
Monterey,2021-01-25,783,20462,173,10645,610,9817,0,0,156,11792,620,4333,156,16125,California
Monterey,2021-01-26,924,21386,221,10866,703,10520,0,0,233,11334,691,5024,233,16358,California
Monterey,2021-01-27,858,22244,307,11173,551,11071,0,0,376,11228,482,5506,376,16734,California
Monterey,2021-01-28,2008,24252,736,11909,1272,12343,0,0,1667,12556,341,5847,1669,18403,California
Monterey,2021-01-29,1224,25476,704,12613,520,12863,0,0,1109,13552,114,5961,1110,19513,California
Monterey,2021-01-30,432,25908,285,12898,147,13010,0,0,181,13482,251,6212,181,19694,California
Monterey,2021-01-31,493,26401,71,12969,422,13432,0,0,484,13958,9,6221,485,20179,California
Monterey,2021-02-01,1658,28059,1146,14115,512,13944,0,0,1096,14493,561,6782,1096,21275,California
Monterey,2021-02-02,2145,30204,454,14569,1691,15635,0,0,1538,15425,606,7388,1538,22813,California
Monterey,2021-02-03,2327,32531,1045,15614,1282,16917,0,0,1551,16205,771,8159,1551,24364,California
Monterey,2021-02-04,2699,35230,2020,17634,679,17596,0,0,2438,18384,259,8418,2438,26802,California
Monterey,2021-02-05,3637,38867,2818,20452,819,18415,0,0,3206,21164,426,8844,3206,30008,California
Monterey,2021-02-06,1096,39963,379,20831,717,19132,0,0,755,21580,339,9183,755,30763,California
Monterey,2021-02-07,314,40277,270,21101,44,19176,0,0,95,21456,219,9402,95,30858,California
Monterey,2021-02-08,515,40792,289,21390,226,19402,0,0,429,21799,86,9488,429,31287,California
Monterey,2021-02-09,855,41647,672,22062,183,19585,0,0,545,22036,310,9798,547,31834,California
Monterey,2021-02-10,2012,43659,1043,23105,969,20554,0,0,1162,22348,850,10648,1162,32996,California
Monterey,2021-02-11,2490,46149,964,24069,1526,22080,0,0,1538,22938,950,11598,1540,34536,California
Monterey,2021-02-12,2581,48730,426,24495,2155,24235,0,0,1520,23398,1060,12658,1520,36056,California
Monterey,2021-02-13,1068,49798,50,24545,1018,25253,0,0,977,24284,91,12749,977,37033,California
Monterey,2021-02-14,590,50388,73,24618,517,25770,0,0,517,24728,73,12822,517,37550,California
Monterey,2021-02-15,1367,51755,161,24779,1206,26976,0,0,993,25350,372,13194,994,38544,California
Monterey,2021-02-16,1085,52840,243,25022,842,27818,0,0,864,25993,221,13415,864,39408,California
Monterey,2021-02-17,1934,54774,1161,26183,773,28591,0,0,1636,27336,296,13711,1639,41047,California
Monterey,2021-02-18,2222,56996,1175,27358,1047,29638,0,0,907,26940,1305,15016,909,41956,California
Monterey,2021-02-19,2930,59926,1529,28887,1401,31039,0,0,1343,26696,1587,16603,1343,43299,California
Monterey,2021-02-20,1002,60928,603,29490,399,31438,0,0,950,27595,51,16654,950,44249,California
Monterey,2021-02-21,1238,62166,1210,30700,28,31466,0,0,1169,28696,68,16722,1169,45418,California
Monterey,2021-02-22,973,63139,842,31542,131,31597,0,0,641,29006,331,17053,641,46059,California
Monterey,2021-02-23,948,64087,616,32158,332,31929,0,0,299,28658,648,17701,300,46359,California
Monterey,2021-02-24,2455,66542,1311,33469,1144,33073,0,0,1846,29900,605,18306,1847,48206,California
Monterey,2021-02-25,4322,70864,2376,35845,1946,35019,0,0,1432,28450,2883,21189,1433,49639,California
Monterey,2021-02-26,5245,76109,3080,38925,2165,37184,0,0,2623,28456,2618,23807,2624,52263,California
Monterey,2021-02-27,993,77102,181,39106,812,37996,0,0,805,29077,184,23991,805,53068,California
Monterey,2021-02-28,1526,78628,81,39187,1445,39441,0,0,1066,29687,456,24447,1066,54134,California
Monterey,2021-03-01,1274,79902,137,39324,1134,40575,3,3,742,29902,530,24977,745,54879,California
Monterey,2021-03-02,2713,82615,1712,41036,1001,41576,0,3,1869,30931,840,25817,1869,56748,California
Monterey,2021-03-03,3185,85800,1236,42272,1949,43525,0,3,1296,30341,1887,27704,1297,58045,California
Monterey,2021-03-04,4540,90340,1465,43737,3075,46600,0,3,2977,31759,1559,29263,2977,61022,California
Monterey,2021-03-05,3252,93592,1419,45156,1557,48157,276,279,2624,34032,627,29890,2900,63922,California
Monterey,2021-03-06,4991,98583,1065,46221,3624,51781,302,581,4089,37522,899,30789,4389,68311,California
Monterey,2021-03-07,522,99105,108,46329,168,51949,246,827,234,37712,288,31077,478,68789,California
Monterey,2021-03-08,1620,100725,325,46654,938,52887,357,1184,1114,38675,506,31583,1469,70258,California
Monterey,2021-03-09,1896,102621,673,47327,947,53834,276,1460,1410,39874,485,32068,1684,71942,California
Monterey,2021-03-10,2906,105527,869,48196,1553,55387,484,1944,1356,40170,1544,33612,1840,73782,California
Monterey,2021-03-11,4094,109621,1401,49597,2321,57708,372,2316,2334,41123,1753,35365,2706,76488,California
Monterey,2021-03-12,4242,113863,2014,51611,2115,59823,113,2429,2596,42187,1644,37009,2708,79196,California
Monterey,2021-03-13,5110,118973,960,52571,3804,63627,346,2775,3813,45049,1297,38306,4159,83355,California
Monterey,2021-03-14,2148,121121,1326,53897,798,64425,24,2799,579,44094,1558,39864,603,83958,California
Monterey,2021-03-15,3934,125055,1261,55158,2383,66808,290,3089,2251,44955,1679,41543,2540,86498,California
Monterey,2021-03-16,3457,128512,568,55726,2517,69325,372,3461,2059,45988,1397,42940,2430,88928,California
Monterey,2021-03-17,5653,134165,2306,58032,3098,72423,249,3710,4079,48756,1566,44506,4334,93262,California
Monterey,2021-03-18,4328,138493,2151,60183,2010,74433,167,3877,2995,50630,1328,45834,3202,96464,California
Monterey,2021-03-19,5339,143832,2537,62720,2660,77093,142,4019,4076,53590,1258,47092,4218,100682,California
Monterey,2021-03-20,3216,147048,420,63140,2102,79195,694,4713,2138,55350,1072,48164,2832,103514,California
Monterey,2021-03-21,619,147667,199,63339,412,79607,8,4721,554,55847,64,48228,561,104075,California
Monterey,2021-03-22,2440,150107,1426,64765,953,80560,61,4782,2246,57962,191,48419,2306,106381,California
Monterey,2021-03-23,3958,154065,2343,67108,1573,82133,42,4824,2506,59063,1447,49866,2548,108929,California
Monterey,2021-03-24,4946,159011,2070,69178,2567,84700,309,5133,3613,61655,1330,51196,3922,112851,California
Monterey,2021-03-25,5138,164149,1206,70384,3576,88276,356,5489,2586,62054,2544,53740,2943,115794,California
Monterey,2021-03-26,5277,169426,2594,72978,2617,90893,66,5555,2839,62532,2429,56169,2907,118701,California
Monterey,2021-03-27,4700,174126,1410,74388,3034,93927,256,5811,2993,64078,1703,57872,3249,121950,California
Monterey,2021-03-28,1111,175237,337,74725,766,94693,8,5819,631,64241,476,58348,639,122589,California
Monterey,2021-03-29,3162,178399,1402,76127,1746,96439,14,5833,1950,65002,1206,59554,1967,124556,California
Monterey,2021-03-30,4428,182827,2128,78255,2260,98699,40,5873,2745,66120,1672,61226,2790,127346,California
Monterey,2021-03-31,5273,188100,2372,80627,2110,100809,791,6664,3320,68284,1949,63175,4113,131459,California
Monterey,2021-04-01,6018,194118,2069,82696,3547,104356,402,7066,3027,68735,2978,66153,3429,134888,California
Monterey,2021-04-02,4666,198784,2253,84949,2355,106711,58,7124,3296,70724,1367,67520,3356,138244,California
Monterey,2021-04-03,5512,204296,1114,86063,3504,110215,894,8018,1200,68517,4298,71818,2091,140335,California
Monterey,2021-04-04,760,205056,164,86227,583,110798,13,8031,492,68756,268,72086,507,140842,California
Monterey,2021-04-05,4016,209072,2514,88741,1276,112074,226,8257,1542,68055,2469,74555,1768,142610,California
Monterey,2021-04-06,3069,212141,1305,90046,1300,113374,464,8721,1118,67690,1946,76501,1581,144191,California
Monterey,2021-04-07,5448,217589,1401,91447,3548,116922,499,9220,2690,68132,2747,79248,3189,147380,California
Monterey,2021-04-08,6340,223929,3452,94899,2101,119023,787,10007,3165,68915,3169,82417,3952,151332,California
Monterey,2021-04-09,5480,229409,3338,98237,1513,120536,629,10636,2229,68526,3245,85662,2856,154188,California
Monterey,2021-04-10,9688,239097,4931,103168,2641,123177,2116,12752,4938,70837,4742,90404,7053,161241,California
Monterey,2021-04-11,5432,244529,4268,107436,566,123743,598,13350,4391,74790,1035,91439,4988,166229,California
Monterey,2021-04-12,3982,248511,1839,109275,1855,125598,288,13638,889,73004,2963,94402,1177,167406,California
Monterey,2021-04-13,3045,251556,704,109979,2337,127935,4,13642,1433,72850,1591,95993,1437,168843,California
Monterey,2021-04-14,5990,257546,2964,112943,3024,130959,2,13644,1591,70056,4387,100380,1593,170436,California
Monterey,2021-04-15,5158,262704,3446,116389,1712,132671,0,13644,3445,71819,1684,102064,3447,173883,California
Monterey,2021-04-16,4161,266865,2305,118694,1843,134514,13,13657,1764,71213,2384,104448,1778,175661,California
Monterey,2021-04-17,2090,268955,1212,119906,878,135392,0,13657,1431,71988,656,105104,1431,177092,California
Monterey,2021-04-18,208,269163,127,120033,81,135473,0,13657,63,71906,145,105249,63,177155,California
Napa,2020-12-16,12,12,12,12,0,0,0,0,12,12,0,0,12,12,California
Napa,2020-12-17,44,56,44,56,0,0,0,0,44,56,0,0,44,56,California
Napa,2020-12-18,102,158,102,158,0,0,0,0,102,158,0,0,102,158,California
Napa,2020-12-19,221,379,221,379,0,0,0,0,221,379,0,0,221,379,California
Napa,2020-12-20,189,568,189,568,0,0,0,0,189,568,0,0,189,568,California
Napa,2020-12-21,309,877,309,877,0,0,0,0,310,878,0,0,310,878,California
Napa,2020-12-22,340,1217,331,1208,9,9,0,0,340,1218,0,0,340,1218,California
Napa,2020-12-23,428,1645,319,1527,109,118,0,0,428,1646,0,0,428,1646,California
Napa,2020-12-24,138,1783,77,1604,61,179,0,0,138,1784,0,0,138,1784,California
Napa,2020-12-25,1,1784,1,1605,0,179,0,0,1,1785,0,0,1,1785,California
Napa,2020-12-26,39,1823,11,1616,28,207,0,0,39,1824,0,0,39,1824,California
Napa,2020-12-27,32,1855,16,1632,16,223,0,0,32,1856,0,0,32,1856,California
Napa,2020-12-28,251,2106,185,1817,66,289,0,0,279,2135,0,0,279,2135,California
Napa,2020-12-29,273,2379,214,2031,59,348,0,0,307,2442,0,0,307,2442,California
Napa,2020-12-30,630,3009,486,2517,144,492,0,0,638,3080,0,0,638,3080,California
Napa,2020-12-31,461,3470,373,2890,88,580,0,0,461,3541,0,0,461,3541,California
Napa,2021-01-01,1,3471,1,2891,0,580,0,0,1,3542,0,0,1,3542,California
Napa,2021-01-02,98,3569,93,2984,5,585,0,0,98,3640,0,0,98,3640,California
Napa,2021-01-03,13,3582,11,2995,2,587,0,0,9,3649,0,0,9,3649,California
Napa,2021-01-04,107,3689,64,3059,43,630,0,0,107,3756,0,0,107,3756,California
Napa,2021-01-05,155,3844,85,3144,70,700,0,0,138,3870,24,24,138,3894,California
Napa,2021-01-06,455,4299,114,3258,341,1041,0,0,391,4199,62,86,391,4285,California
Napa,2021-01-07,496,4795,234,3492,262,1303,0,0,396,4496,99,185,396,4681,California
Napa,2021-01-08,441,5236,226,3718,215,1518,0,0,261,4578,179,364,261,4942,California
Napa,2021-01-09,325,5561,300,4018,25,1543,0,0,188,4629,137,501,188,5130,California
Napa,2021-01-10,185,5746,102,4120,83,1626,0,0,110,4664,75,576,110,5240,California
Napa,2021-01-11,880,6626,424,4544,456,2082,0,0,508,4800,373,949,509,5749,California
Napa,2021-01-12,1310,7936,370,4914,940,3022,0,0,995,5480,315,1264,995,6744,California
Napa,2021-01-13,1310,9246,264,5178,1046,4068,0,0,1148,6468,161,1425,1149,7893,California
Napa,2021-01-14,1051,10297,172,5350,879,4947,0,0,934,7287,115,1540,934,8827,California
Napa,2021-01-15,1451,11748,383,5733,1068,6015,0,0,1303,8435,156,1696,1304,10131,California
Napa,2021-01-16,355,12103,133,5866,222,6237,0,0,337,8754,18,1714,337,10468,California
Napa,2021-01-17,340,12443,175,6041,165,6402,0,0,330,9074,10,1724,330,10798,California
Napa,2021-01-18,1083,13526,197,6238,886,7288,0,0,992,9975,91,1815,992,11790,California
Napa,2021-01-19,1009,14535,406,6644,603,7891,0,0,766,10499,242,2057,766,12556,California
Napa,2021-01-20,825,15360,185,6829,640,8531,0,0,643,10962,180,2237,643,13199,California
Napa,2021-01-21,1332,16692,373,7202,959,9490,0,0,1077,11786,254,2491,1078,14277,California
Napa,2021-01-22,1539,18231,411,7613,1128,10618,0,0,1212,12673,326,2817,1213,15490,California
Napa,2021-01-23,398,18629,318,7931,80,10698,0,0,336,12947,62,2879,336,15826,California
Napa,2021-01-24,266,18895,189,8120,77,10775,0,0,208,13097,58,2937,208,16034,California
Napa,2021-01-25,1522,20417,231,8351,1291,12066,0,0,1432,14439,90,3027,1432,17466,California
Napa,2021-01-26,877,21294,282,8633,595,12661,0,0,783,15129,94,3121,784,18250,California
Napa,2021-01-27,625,21919,220,8853,405,13066,0,0,469,15443,156,3277,470,18720,California
Napa,2021-01-28,390,22309,178,9031,212,13278,0,0,198,15451,190,3467,198,18918,California
Napa,2021-01-29,253,22562,65,9096,188,13466,0,0,158,15514,95,3562,158,19076,California
Napa,2021-01-30,804,23366,695,9791,109,13575,0,0,640,15990,164,3726,640,19716,California
Napa,2021-01-31,655,24021,625,10416,30,13605,0,0,629,16593,26,3752,629,20345,California
Napa,2021-02-01,314,24335,110,10526,204,13809,0,0,161,16601,153,3905,161,20506,California
Napa,2021-02-02,589,24924,280,10806,309,14118,0,0,288,16590,299,4204,288,20794,California
Napa,2021-02-03,733,25657,309,11115,424,14542,0,0,424,16705,309,4513,424,21218,California
Napa,2021-02-04,788,26445,374,11489,414,14956,0,0,440,16799,346,4859,440,21658,California
Napa,2021-02-05,705,27150,314,11803,391,15347,0,0,338,16770,367,5226,338,21996,California
Napa,2021-02-06,433,27583,145,11948,288,15635,0,0,328,16993,105,5331,328,22324,California
Napa,2021-02-07,174,27757,161,12109,13,15648,0,0,71,16961,103,5434,71,22395,California
Napa,2021-02-08,833,28590,191,12300,642,16290,0,0,271,16673,559,5993,271,22666,California
Napa,2021-02-09,1072,29662,441,12741,631,16921,0,0,433,16467,639,6632,433,23099,California
Napa,2021-02-10,1715,31377,190,12931,1525,18446,0,0,447,15650,1265,7897,448,23547,California
Napa,2021-02-11,1495,32872,194,13125,1301,19747,0,0,410,14988,1073,8970,411,23958,California
Napa,2021-02-12,2154,35026,836,13961,1318,21065,0,0,720,14277,1431,10401,720,24678,California
Napa,2021-02-13,494,35520,52,14013,442,21507,0,0,312,14407,182,10583,312,24990,California
Napa,2021-02-14,356,35876,90,14103,266,21773,0,0,195,14441,161,10744,195,25185,California
Napa,2021-02-15,873,36749,183,14286,690,22463,0,0,221,14012,650,11394,221,25406,California
Napa,2021-02-16,1285,38034,597,14883,688,23151,0,0,611,13950,673,12067,611,26017,California
Napa,2021-02-17,1045,39079,529,15412,516,23667,0,0,479,13865,564,12631,479,26496,California
Napa,2021-02-18,1894,40973,484,15896,1410,25077,0,0,658,13290,1233,13864,658,27154,California
Napa,2021-02-19,1478,42451,585,16481,893,25970,0,0,676,13165,801,14665,676,27830,California
Napa,2021-02-20,819,43270,595,17076,224,26194,0,0,271,12888,548,15213,271,28101,California
Napa,2021-02-21,797,44067,735,17811,62,26256,0,0,195,12481,602,15815,195,28296,California
Napa,2021-02-22,440,44507,185,17996,255,26511,0,0,136,12313,304,16119,136,28432,California
Napa,2021-02-23,1126,45633,301,18297,825,27336,0,0,308,11803,818,16937,308,28740,California
Napa,2021-02-24,1157,46790,638,18935,519,27855,0,0,569,11787,586,17523,570,29310,California
Napa,2021-02-25,2534,49324,1210,20145,1324,29179,0,0,1822,12898,711,18234,1822,31132,California
Napa,2021-02-26,1496,50820,520,20665,976,30155,0,0,582,12568,912,19146,582,31714,California
Napa,2021-02-27,1096,51916,358,21023,738,30893,0,0,843,13161,250,19396,843,32557,California
Napa,2021-02-28,561,52477,460,21483,101,30994,0,0,461,13524,98,19494,461,33018,California
Napa,2021-03-01,1096,53573,814,22297,282,31276,0,0,829,14087,266,19760,829,33847,California
Napa,2021-03-02,1478,55051,1022,23319,456,31732,0,0,1145,14900,332,20092,1145,34992,California
Napa,2021-03-03,1537,56588,682,24001,855,32587,0,0,1360,16084,176,20268,1360,36352,California
Napa,2021-03-04,1700,58288,777,24778,923,33510,0,0,1462,17311,235,20503,1462,37814,California
Napa,2021-03-05,1887,60175,783,25561,1100,34610,4,4,1472,18374,413,20916,1476,39290,California
Napa,2021-03-06,633,60808,281,25842,321,34931,31,35,523,18820,108,21024,554,39844,California
Napa,2021-03-07,520,61328,319,26161,186,35117,15,50,369,19053,151,21175,384,40228,California
Napa,2021-03-08,694,62022,319,26480,322,35439,53,103,517,19448,175,21350,570,40798,California
Napa,2021-03-09,1627,63649,568,27048,1013,36452,46,149,1197,20264,427,21777,1243,42041,California
Napa,2021-03-10,1471,65120,914,27962,465,36917,92,241,772,20432,696,22473,864,42905,California
Napa,2021-03-11,1830,66950,1035,28997,667,37584,128,369,936,20604,892,23365,1064,43969,California
Napa,2021-03-12,1494,68444,908,29905,490,38074,96,465,793,20793,699,24064,888,44857,California
Napa,2021-03-13,1163,69607,300,30205,839,38913,24,489,827,21310,334,24398,851,45708,California
Napa,2021-03-14,612,70219,328,30533,136,39049,148,637,227,21301,384,24782,375,46083,California
Napa,2021-03-15,941,71160,402,30935,471,39520,68,705,476,21382,463,25245,544,46627,California
Napa,2021-03-16,1830,72990,386,31321,1318,40838,126,831,1371,22425,455,25700,1498,48125,California
Napa,2021-03-17,2468,75458,1841,33162,448,41286,179,1010,1569,23274,899,26599,1748,49873,California
Napa,2021-03-18,2101,77559,914,34076,1177,42463,10,1020,1291,23767,808,27407,1301,51174,California
Napa,2021-03-19,1426,78985,855,34931,544,43007,27,1047,709,23789,714,28121,736,51910,California
Napa,2021-03-20,990,79975,526,35457,311,43318,153,1200,418,23789,571,28692,571,52481,California
Napa,2021-03-21,703,80678,681,36138,20,43338,2,1202,353,23795,349,29041,355,52836,California
Napa,2021-03-22,1079,81757,901,37039,167,43505,11,1213,476,23683,599,29640,487,53323,California
Napa,2021-03-23,1501,83258,811,37850,673,44178,17,1230,997,24195,502,30142,1014,54337,California
Napa,2021-03-24,1692,84950,936,38786,748,44926,8,1238,815,24142,876,31018,823,55160,California
Napa,2021-03-25,1600,86550,1040,39826,506,45432,54,1292,744,24085,855,31873,798,55958,California
Napa,2021-03-26,1250,87800,810,40636,434,45866,6,1298,557,23958,690,32563,563,56521,California
Napa,2021-03-27,944,88744,433,41069,484,46350,27,1325,313,23667,631,33194,340,56861,California
Napa,2021-03-28,482,89226,372,41441,103,46453,7,1332,182,23557,299,33493,189,57050,California
Napa,2021-03-29,1173,90399,855,42296,313,46766,5,1337,724,23838,448,33941,729,57779,California
Napa,2021-03-30,2373,92772,929,43225,1440,48206,4,1341,1593,24655,780,34721,1597,59376,California
Napa,2021-03-31,1957,94729,955,44180,933,49139,69,1410,814,24395,1141,35862,881,60257,California
Napa,2021-04-01,1705,96434,812,44992,778,49917,115,1525,472,23755,1228,37090,588,60845,California
Napa,2021-04-02,1814,98248,812,45804,860,50777,142,1667,452,22991,1358,38448,594,61439,California
Napa,2021-04-03,624,98872,362,46166,203,50980,59,1726,211,22848,413,38861,270,61709,California
Napa,2021-04-04,348,99220,139,46305,151,51131,58,1784,119,22797,228,39089,177,61886,California
Napa,2021-04-05,1263,100483,753,47058,291,51422,219,2003,573,22900,689,39778,792,62678,California
Napa,2021-04-06,2210,102693,558,47616,1397,52819,255,2258,533,22014,1674,41452,788,63466,California
Napa,2021-04-07,1703,104396,683,48299,799,53618,221,2479,519,21573,1181,42633,740,64206,California
Napa,2021-04-08,1762,106158,1051,49350,341,53959,370,2849,940,22062,820,43453,1309,65515,California
Napa,2021-04-09,1423,107581,884,50234,263,54222,276,3125,643,22202,778,44231,918,66433,California
Napa,2021-04-10,1028,108609,345,50579,583,54805,100,3225,237,21749,790,45021,337,66770,California
Napa,2021-04-11,384,108993,301,50880,62,54867,21,3246,158,21702,226,45247,179,66949,California
Napa,2021-04-12,764,109757,292,51172,352,55219,120,3366,289,21635,474,45721,407,67356,California
Napa,2021-04-13,1374,111131,810,51982,564,55783,0,3366,440,21144,931,46652,440,67796,California
Napa,2021-04-14,1443,112574,475,52457,968,56751,0,3366,868,21443,569,47221,868,68664,California
Napa,2021-04-15,1309,113883,505,52962,804,57555,0,3366,740,21617,566,47787,740,69404,California
Napa,2021-04-16,1290,115173,457,53419,833,58388,0,3366,816,21961,472,48259,816,70220,California
Napa,2021-04-17,940,116113,270,53689,670,59058,0,3366,717,22456,222,48481,717,70937,California
Napa,2021-04-18,176,116289,107,53796,69,59127,0,3366,93,22466,83,48564,93,71030,California
Nevada,2020-12-16,3,3,3,3,0,0,0,0,3,3,0,0,3,3,California
Nevada,2020-12-17,6,9,6,9,0,0,0,0,6,9,0,0,6,9,California
Nevada,2020-12-18,51,60,51,60,0,0,0,0,51,60,0,0,51,60,California
Nevada,2020-12-19,55,115,55,115,0,0,0,0,55,115,0,0,55,115,California
Nevada,2020-12-20,12,127,12,127,0,0,0,0,12,127,0,0,12,127,California
Nevada,2020-12-21,69,196,69,196,0,0,0,0,69,196,0,0,69,196,California
Nevada,2020-12-22,91,287,89,285,2,2,0,0,91,287,0,0,91,287,California
Nevada,2020-12-23,234,521,202,487,32,34,0,0,234,521,0,0,234,521,California
Nevada,2020-12-24,13,534,11,498,2,36,0,0,13,534,0,0,13,534,California
Nevada,2020-12-25,2,536,2,500,0,36,0,0,2,536,0,0,2,536,California
Nevada,2020-12-26,6,542,4,504,2,38,0,0,6,542,0,0,6,542,California
Nevada,2020-12-27,88,630,88,592,0,38,0,0,88,630,0,0,88,630,California
Nevada,2020-12-28,170,800,93,685,77,115,0,0,170,800,0,0,170,800,California
Nevada,2020-12-29,100,900,74,759,26,141,0,0,100,900,0,0,100,900,California
Nevada,2020-12-30,86,986,66,825,20,161,0,0,86,986,0,0,86,986,California
Nevada,2020-12-31,39,1025,9,834,30,191,0,0,39,1025,0,0,39,1025,California
Nevada,2021-01-01,1,1026,0,834,1,192,0,0,1,1026,0,0,1,1026,California
Nevada,2021-01-02,1,1027,1,835,0,192,0,0,1,1027,0,0,1,1027,California
Nevada,2021-01-03,129,1156,126,961,3,195,0,0,129,1156,0,0,129,1156,California
Nevada,2021-01-04,71,1227,47,1008,24,219,0,0,71,1227,0,0,71,1227,California
Nevada,2021-01-05,271,1498,130,1138,141,360,0,0,270,1496,1,1,270,1497,California
Nevada,2021-01-06,91,1589,43,1181,48,408,0,0,83,1571,8,9,83,1580,California
Nevada,2021-01-07,215,1804,43,1224,172,580,0,0,208,1774,6,15,209,1789,California
Nevada,2021-01-08,220,2024,126,1350,94,674,0,0,169,1892,51,66,169,1958,California
Nevada,2021-01-09,63,2087,56,1406,7,681,0,0,15,1859,48,114,15,1973,California
Nevada,2021-01-10,17,2104,9,1415,8,689,0,0,9,1860,8,122,9,1982,California
Nevada,2021-01-11,185,2289,131,1546,54,743,0,0,57,1789,128,250,57,2039,California
Nevada,2021-01-12,597,2886,451,1997,146,889,0,0,531,2254,66,316,531,2570,California
Nevada,2021-01-13,259,3145,146,2143,113,1002,0,0,124,2243,135,451,124,2694,California
Nevada,2021-01-14,232,3377,124,2267,108,1110,0,0,214,2440,17,468,214,2908,California
Nevada,2021-01-15,392,3769,168,2435,224,1334,0,0,294,2636,98,566,294,3202,California
Nevada,2021-01-16,296,4065,15,2450,281,1615,0,0,292,2924,4,570,292,3494,California
Nevada,2021-01-17,35,4100,31,2481,4,1619,0,0,33,2955,2,572,33,3527,California
Nevada,2021-01-18,148,4248,40,2521,108,1727,0,0,139,3085,9,581,139,3666,California
Nevada,2021-01-19,234,4482,85,2606,149,1876,0,0,215,3281,19,600,215,3881,California
Nevada,2021-01-20,257,4739,153,2759,104,1980,0,0,244,3512,13,613,244,4125,California
Nevada,2021-01-21,336,5075,207,2966,129,2109,0,0,323,3822,13,626,323,4448,California
Nevada,2021-01-22,343,5418,209,3175,134,2243,0,0,312,4103,31,657,312,4760,California
Nevada,2021-01-23,176,5594,104,3279,72,2315,0,0,176,4279,0,657,176,4936,California
Nevada,2021-01-24,105,5699,98,3377,7,2322,0,0,66,4306,39,696,66,5002,California
Nevada,2021-01-25,265,5964,137,3514,128,2450,0,0,204,4449,61,757,204,5206,California
Nevada,2021-01-26,399,6363,141,3655,258,2708,0,0,297,4644,102,859,297,5503,California
Nevada,2021-01-27,412,6775,245,3900,167,2875,0,0,388,5008,24,883,388,5891,California
Nevada,2021-01-28,460,7235,315,4215,145,3020,0,0,417,5383,42,925,417,6308,California
Nevada,2021-01-29,596,7831,391,4606,205,3225,0,0,573,5934,23,948,574,6882,California
Nevada,2021-01-30,230,8061,103,4709,127,3352,0,0,227,6158,3,951,227,7109,California
Nevada,2021-01-31,103,8164,87,4796,16,3368,0,0,103,6261,0,951,103,7212,California
Nevada,2021-02-01,290,8454,71,4867,219,3587,0,0,276,6523,14,965,276,7488,California
Nevada,2021-02-02,510,8964,172,5039,338,3925,0,0,322,6657,188,1153,322,7810,California
Nevada,2021-02-03,809,9773,569,5608,240,4165,0,0,757,7363,51,1204,757,8567,California
Nevada,2021-02-04,737,10510,391,5999,346,4511,0,0,489,7605,247,1451,489,9056,California
Nevada,2021-02-05,641,11151,363,6362,278,4789,0,0,453,7872,186,1637,453,9509,California
Nevada,2021-02-06,268,11419,82,6444,186,4975,0,0,241,8086,27,1664,241,9750,California
Nevada,2021-02-07,244,11663,191,6635,53,5028,0,0,190,8222,54,1718,190,9940,California
Nevada,2021-02-08,651,12314,408,7043,243,5271,0,0,552,8675,99,1817,552,10492,California
Nevada,2021-02-09,600,12914,336,7379,264,5535,0,0,462,8999,138,1955,462,10954,California
Nevada,2021-02-10,646,13560,322,7701,324,5859,0,0,417,9188,229,2184,418,11372,California
Nevada,2021-02-11,868,14428,502,8203,366,6225,0,0,540,9401,327,2511,540,11912,California
Nevada,2021-02-12,926,15354,434,8637,492,6717,0,0,612,9700,313,2824,612,12524,California
Nevada,2021-02-13,593,15947,233,8870,360,7077,0,0,386,9884,203,3027,387,12911,California
Nevada,2021-02-14,228,16175,119,8989,109,7186,0,0,200,10056,28,3055,200,13111,California
Nevada,2021-02-15,703,16878,438,9427,265,7451,0,0,534,10421,169,3224,534,13645,California
Nevada,2021-02-16,611,17489,197,9624,414,7865,0,0,451,10713,159,3383,451,14096,California
Nevada,2021-02-17,1177,18666,762,10386,415,8280,0,0,858,11252,319,3702,858,14954,California
Nevada,2021-02-18,996,19662,545,10931,451,8731,0,0,597,11451,398,4100,597,15551,California
Nevada,2021-02-19,1004,20666,629,11560,375,9106,0,0,650,11748,354,4454,651,16202,California
Nevada,2021-02-20,295,20961,103,11663,192,9298,0,0,173,11800,121,4575,173,16375,California
Nevada,2021-02-21,88,21049,83,11746,5,9303,0,0,8,11728,80,4655,8,16383,California
Nevada,2021-02-22,491,21540,327,12073,164,9467,0,0,346,11930,144,4799,346,16729,California
Nevada,2021-02-23,463,22003,216,12289,247,9714,0,0,206,11882,254,5053,206,16935,California
Nevada,2021-02-24,470,22473,233,12522,237,9951,0,0,248,11910,222,5275,250,17185,California
Nevada,2021-02-25,857,23330,464,12986,393,10344,0,0,432,11919,423,5698,432,17617,California
Nevada,2021-02-26,1232,24562,880,13866,352,10696,0,0,410,11510,819,6517,410,18027,California
Nevada,2021-02-27,350,24912,109,13975,241,10937,0,0,180,11520,170,6687,180,18207,California
Nevada,2021-02-28,265,25177,153,14128,112,11049,0,0,124,11504,140,6827,124,18331,California
Nevada,2021-03-01,812,25989,420,14548,392,11441,0,0,349,11391,462,7289,349,18680,California
Nevada,2021-03-02,699,26688,258,14806,441,11882,0,0,477,11650,218,7507,477,19157,California
Nevada,2021-03-03,956,27644,486,15292,470,12352,0,0,488,11671,467,7974,488,19645,California
Nevada,2021-03-04,1092,28736,609,15901,483,12835,0,0,462,11506,627,8601,462,20107,California
Nevada,2021-03-05,810,29546,455,16356,345,13180,10,10,356,11420,452,9053,366,20473,California
Nevada,2021-03-06,354,29900,118,16474,209,13389,27,37,142,11377,212,9265,169,20642,California
Nevada,2021-03-07,209,30109,110,16584,80,13469,19,56,68,11323,141,9406,87,20729,California
Nevada,2021-03-08,802,30911,538,17122,219,13688,45,101,356,11280,445,9851,402,21131,California
Nevada,2021-03-09,657,31568,314,17436,293,13981,50,151,358,11390,297,10148,407,21538,California
Nevada,2021-03-10,950,32518,601,18037,292,14273,57,208,316,11132,631,10779,373,21911,California
Nevada,2021-03-11,1090,33608,718,18755,347,14620,25,233,538,11150,545,11324,563,22474,California
Nevada,2021-03-12,1185,34793,722,19477,433,15053,30,263,503,11002,680,12004,532,23006,California
Nevada,2021-03-13,262,35055,51,19528,206,15259,5,268,93,10931,168,12172,97,23103,California
Nevada,2021-03-14,153,35208,21,19549,127,15386,5,273,33,10849,120,12292,38,23141,California
Nevada,2021-03-15,834,36042,452,20001,370,15756,12,285,354,10737,478,12770,366,23507,California
Nevada,2021-03-16,990,37032,462,20463,467,16223,61,346,643,11095,346,13116,704,24211,California
Nevada,2021-03-17,1012,38044,450,20913,552,16775,10,356,584,11264,425,13541,594,24805,California
Nevada,2021-03-18,961,39005,525,21438,413,17188,23,379,473,11276,484,14025,496,25301,California
Nevada,2021-03-19,744,39749,435,21873,277,17465,32,411,348,11262,394,14419,380,25681,California
Nevada,2021-03-20,818,40567,92,21965,303,17768,423,834,232,11334,580,14999,652,26333,California
Nevada,2021-03-21,57,40624,30,21995,26,17794,1,835,40,11358,17,15016,41,26374,California
Nevada,2021-03-22,798,41422,514,22509,279,18073,5,840,541,11649,255,15271,546,26920,California
Nevada,2021-03-23,848,42270,382,22891,440,18513,26,866,640,12110,205,15476,666,27586,California
Nevada,2021-03-24,1015,43285,539,23430,469,18982,7,873,648,12402,363,15839,655,28241,California
Nevada,2021-03-25,890,44175,448,23878,416,19398,26,899,489,12515,400,16239,513,28754,California
Nevada,2021-03-26,1137,45312,431,24309,669,20067,37,936,825,13068,309,16548,862,29616,California
Nevada,2021-03-27,558,45870,69,24378,473,20540,16,952,380,13286,178,16726,396,30012,California
Nevada,2021-03-28,173,46043,49,24427,111,20651,13,965,38,13204,133,16859,51,30063,California
Nevada,2021-03-29,821,46864,503,24930,296,20947,22,987,394,13195,424,17283,415,30478,California
Nevada,2021-03-30,1038,47902,471,25401,533,21480,34,1021,540,13278,491,17774,574,31052,California
Nevada,2021-03-31,1172,49074,665,26066,490,21970,17,1038,705,13541,459,18233,722,31774,California
Nevada,2021-04-01,1228,50302,720,26786,455,22425,53,1091,550,13470,674,18907,603,32377,California
Nevada,2021-04-02,1280,51582,656,27442,588,23013,36,1127,764,13757,513,19420,800,33177,California
Nevada,2021-04-03,284,51866,86,27528,160,23173,38,1165,79,13670,204,19624,117,33294,California
Nevada,2021-04-04,128,51994,42,27570,79,23252,7,1172,78,13705,50,19674,85,33379,California
Nevada,2021-04-05,934,52928,614,28184,302,23554,18,1190,627,14046,304,19978,645,34024,California
Nevada,2021-04-06,1066,53994,661,28845,262,23816,143,1333,472,14073,588,20566,615,34639,California
Nevada,2021-04-07,1133,55127,809,29654,242,24058,82,1415,602,14231,525,21091,683,35322,California
Nevada,2021-04-08,1271,56398,893,30547,296,24354,82,1497,709,14463,559,21650,791,36113,California
Nevada,2021-04-09,1154,57552,780,31327,307,24661,67,1564,799,14974,355,22005,866,36979,California
Nevada,2021-04-10,257,57809,80,31407,101,24762,76,1640,114,15022,142,22147,190,37169,California
Nevada,2021-04-11,94,57903,31,31438,59,24821,4,1644,35,15002,59,22206,39,37208,California
Nevada,2021-04-12,664,58567,476,31914,179,25000,9,1653,283,14916,378,22584,292,37500,California
Nevada,2021-04-13,839,59406,330,32244,509,25509,0,1653,444,14967,393,22977,444,37944,California
Nevada,2021-04-14,952,60358,491,32735,461,25970,0,1653,488,14999,456,23433,488,38432,California
Nevada,2021-04-15,893,61251,606,33341,287,26257,0,1653,496,15105,390,23823,496,38928,California
Nevada,2021-04-16,864,62115,665,34006,199,26456,0,1653,500,15242,363,24186,500,39428,California
Nevada,2021-04-17,180,62295,49,34055,131,26587,0,1653,81,15225,98,24284,81,39509,California
Nevada,2021-04-18,152,62447,5,34060,147,26734,0,1653,85,15245,65,24349,85,39594,California
Orange,2020-12-15,16,16,16,16,0,0,0,0,16,16,0,0,16,16,California
Orange,2020-12-16,367,383,367,383,0,0,0,0,367,383,0,0,367,383,California
Orange,2020-12-17,3716,4099,3716,4099,0,0,0,0,3715,4098,0,0,3715,4098,California
Orange,2020-12-18,5037,9136,5030,9129,7,7,0,0,5036,9134,0,0,5036,9134,California
Orange,2020-12-19,2224,11360,2217,11346,7,14,0,0,2223,11357,0,0,2223,11357,California
Orange,2020-12-20,1974,13334,1972,13318,2,16,0,0,1975,13332,0,0,1975,13332,California
Orange,2020-12-21,4240,17574,4234,17552,6,22,0,0,4240,17572,0,0,4240,17572,California
Orange,2020-12-22,3975,21549,3942,21494,33,55,0,0,3975,21547,0,0,3975,21547,California
Orange,2020-12-23,3551,25100,3198,24692,353,408,0,0,3553,25100,0,0,3553,25100,California
Orange,2020-12-24,1374,26474,1078,25770,296,704,0,0,1374,26474,0,0,1374,26474,California
Orange,2020-12-25,17,26491,12,25782,5,709,0,0,17,26491,0,0,17,26491,California
Orange,2020-12-26,1020,27511,422,26204,598,1307,0,0,1020,27511,0,0,1020,27511,California
Orange,2020-12-27,580,28091,275,26479,305,1612,0,0,580,28091,0,0,580,28091,California
Orange,2020-12-28,3534,31625,2564,29043,970,2582,0,0,3534,31625,0,0,3534,31625,California
Orange,2020-12-29,3559,35184,2561,31604,998,3580,0,0,3558,35182,1,1,3558,35183,California
Orange,2020-12-30,5121,40305,3555,35159,1566,5146,0,0,5121,40303,0,1,5121,40304,California
Orange,2020-12-31,1453,41758,757,35916,696,5842,0,0,1453,41756,0,1,1453,41757,California
Orange,2021-01-01,457,42215,252,36168,205,6047,0,0,456,42211,1,2,456,42213,California
Orange,2021-01-02,1398,43613,893,37061,505,6552,0,0,1398,43609,0,2,1398,43611,California
Orange,2021-01-03,568,44181,315,37376,253,6805,0,0,568,44177,0,2,568,44179,California
Orange,2021-01-04,2712,46893,1555,38931,1157,7962,0,0,2713,46889,1,3,2713,46892,California
Orange,2021-01-05,3501,50394,2283,41214,1218,9180,0,0,3094,49583,403,406,3097,49989,California
Orange,2021-01-06,4980,55374,3461,44675,1519,10699,0,0,3608,51832,1359,1765,3608,53597,California
Orange,2021-01-07,9236,64610,5149,49824,4087,14786,0,0,5674,53960,3549,5314,5677,59274,California
Orange,2021-01-08,9372,73982,5235,55059,4137,18923,0,0,5632,55864,3730,9044,5634,64908,California
Orange,2021-01-09,4984,78966,1733,56792,3251,22174,0,0,3706,58292,1278,10322,3706,68614,California
Orange,2021-01-10,4229,83195,1040,57832,3189,25363,0,0,3350,60768,878,11200,3354,71968,California
Orange,2021-01-11,9421,92616,4886,62718,4535,29898,0,0,5811,62967,3613,14813,5812,77780,California
Orange,2021-01-12,8786,101402,4707,67425,4079,33977,0,0,5329,64842,3455,18268,5330,83110,California
Orange,2021-01-13,10207,111609,4885,72310,5322,39299,0,0,7017,68680,3186,21454,7024,90134,California
Orange,2021-01-14,9942,121551,3764,76074,6178,45477,0,0,8356,75457,1584,23038,8361,98495,California
Orange,2021-01-15,10140,131691,2614,78688,7526,53003,0,0,9268,83851,879,23917,9273,107768,California
Orange,2021-01-16,8698,140389,2090,80778,6608,59611,0,0,8313,91783,385,24302,8317,116085,California
Orange,2021-01-17,8147,148536,1485,82263,6662,66273,0,0,8002,99649,145,24447,8011,124096,California
Orange,2021-01-18,9736,158272,4451,86714,5285,71558,0,0,7496,104904,2243,26690,7498,131594,California
Orange,2021-01-19,7463,165735,5405,92119,2058,73616,0,0,4838,107118,2625,29315,4839,136433,California
Orange,2021-01-20,8253,173988,5804,97923,2449,76065,0,0,5205,109280,3049,32364,5211,141644,California
Orange,2021-01-21,10830,184818,4807,102730,6023,82088,0,0,10043,118545,786,33150,10051,151695,California
Orange,2021-01-22,13557,198375,5073,107803,8484,90572,0,0,12731,130466,818,33968,12739,164434,California
Orange,2021-01-23,13104,211479,6166,113969,6938,97510,0,0,12136,141644,966,34934,12144,176578,California
Orange,2021-01-24,9802,221281,4285,118254,5517,103027,0,0,9486,150819,314,35248,9489,186067,California
Orange,2021-01-25,10412,231693,5844,124098,4568,107595,0,0,7706,155829,2701,37949,7711,193778,California
Orange,2021-01-26,11849,243542,7692,131790,4157,111752,0,0,9710,163406,2135,40084,9712,203490,California
Orange,2021-01-27,13369,256911,7984,139774,5385,117137,0,0,10697,171446,2661,42745,10701,214191,California
Orange,2021-01-28,12982,269893,7175,146949,5807,122944,0,0,11137,180758,1832,44577,11144,225335,California
Orange,2021-01-29,13539,283432,8387,155336,5152,128096,0,0,10692,188621,2834,47411,10697,236032,California
Orange,2021-01-30,12917,296349,4444,159780,8473,136569,0,0,12190,200101,713,48124,12193,248225,California
Orange,2021-01-31,13708,310057,4940,164720,8768,145337,0,0,13276,212955,427,48551,13281,261506,California
Orange,2021-02-01,13983,324040,5754,170474,8229,153566,0,0,12004,223002,1961,50512,12008,273514,California
Orange,2021-02-02,15363,339403,8351,178825,7012,160578,0,0,12629,233009,2625,53137,12632,286146,California
Orange,2021-02-03,16692,356095,12549,191374,4143,164721,0,0,13696,243790,2919,56056,13700,299846,California
Orange,2021-02-04,19783,375878,12935,204309,6848,171569,0,0,14712,253470,5039,61095,14719,314565,California
Orange,2021-02-05,20707,396585,11989,216298,8718,180287,0,0,14453,261709,6216,67311,14455,329020,California
Orange,2021-02-06,16310,412895,10778,227076,5532,185819,0,0,11061,267755,5233,72544,11279,340299,California
Orange,2021-02-07,11514,424409,8099,235175,3415,189234,0,0,7544,271514,3955,76499,7714,348013,California
Orange,2021-02-08,14789,439198,8452,243627,6337,195571,0,0,8810,274378,5952,82451,8816,356829,California
Orange,2021-02-09,17616,456814,11996,255623,5620,201191,0,0,10726,278290,6818,89269,10730,367559,California
Orange,2021-02-10,20862,477676,11161,266784,9701,210892,0,0,12658,282845,8110,97379,12665,380224,California
Orange,2021-02-11,21944,499620,11363,278147,10581,221473,0,0,12347,285738,9472,106851,12365,392589,California
Orange,2021-02-12,24709,524329,11876,290023,12833,234306,0,0,14615,290317,10040,116891,14619,407208,California
Orange,2021-02-13,21978,546307,11888,301911,10090,244396,0,0,11126,291433,10652,127543,11768,418976,California
Orange,2021-02-14,16165,562472,6562,308473,9603,253999,0,0,9543,294379,6598,134141,9544,428520,California
Orange,2021-02-15,17197,579669,7384,315857,9813,263812,0,0,8872,294977,8283,142424,8881,437401,California
Orange,2021-02-16,19878,599547,8964,324821,10914,274726,0,0,10697,296554,9143,151567,10720,448121,California
Orange,2021-02-17,17772,617319,9314,334135,8458,283184,0,0,9163,297177,8570,160137,9193,457314,California
Orange,2021-02-18,14849,632168,9820,343955,5029,288213,0,0,6782,295943,8024,168161,6790,464104,California
Orange,2021-02-19,17812,649980,10720,354675,7092,295305,0,0,6878,291942,10890,179051,6889,470993,California
Orange,2021-02-20,7383,657363,5566,360241,1817,297122,0,0,3741,292070,3622,182673,3750,474743,California
Orange,2021-02-21,4306,661669,3631,363872,675,297797,0,0,771,289339,3503,186176,772,475515,California
Orange,2021-02-22,9583,671252,7830,371702,1753,299550,0,0,3880,287553,5680,191856,3894,479409,California
Orange,2021-02-23,13198,684450,7208,378910,5990,305540,0,0,3482,281382,9663,201519,3492,482901,California
Orange,2021-02-24,21037,705487,12744,391654,8293,313833,0,0,5357,271136,15622,217141,5376,488277,California
Orange,2021-02-25,22524,728011,12202,403856,10322,324155,0,0,7953,264595,14510,231651,7969,496246,California
Orange,2021-02-26,27567,755578,13968,417824,13599,337754,0,0,11089,259333,16375,248026,11113,507359,California
Orange,2021-02-27,24902,780480,10042,427866,14858,352612,2,2,7231,249002,17578,265604,7247,514606,California
Orange,2021-02-28,18971,799451,7338,435204,11633,364245,0,2,4783,239705,14097,279701,4800,519406,California
Orange,2021-03-01,18233,817684,8304,443508,9927,374172,2,4,7026,235600,11145,290846,7040,526446,California
Orange,2021-03-02,14799,832483,7178,450686,7620,381792,1,5,8656,238172,6110,296956,8682,535128,California
Orange,2021-03-03,19969,852452,9241,459927,10725,392517,3,8,10689,239670,9214,306170,10712,545840,California
Orange,2021-03-04,20971,873423,12123,472050,8835,401352,13,21,11062,240893,9877,316047,11100,556940,California
Orange,2021-03-05,19370,892793,9996,482046,9331,410683,43,64,12007,245669,7329,323376,12105,569045,California
Orange,2021-03-06,20159,912952,11303,493349,7995,418678,861,925,10235,246885,9902,333278,11118,580163,California
Orange,2021-03-07,14749,927701,8276,501625,6095,424773,378,1303,8612,249786,6107,339385,9008,589171,California
Orange,2021-03-08,16047,943748,7349,508974,7441,432214,1257,2560,10332,255722,5678,345063,11614,600785,California
Orange,2021-03-09,19544,963292,8485,517459,8633,440847,2426,4986,11234,261109,8277,353340,13664,614449,California
Orange,2021-03-10,23805,987097,11655,529114,9010,449857,3140,8126,12056,264604,11698,365038,15193,629642,California
Orange,2021-03-11,28693,1015790,15629,544743,8987,458844,4077,12203,13366,266796,15248,380286,17440,647082,California
Orange,2021-03-12,29065,1044855,14174,558917,11082,469926,3809,16012,14619,270871,14377,394663,18452,665534,California
Orange,2021-03-13,27577,1072432,10105,569022,13563,483489,3909,19921,13963,275175,13570,408233,17874,683408,California
Orange,2021-03-14,18728,1091160,8120,577142,8094,491583,2514,22435,11829,282644,6872,415105,14341,697749,California
Orange,2021-03-15,22883,1114043,10068,587210,12066,503649,749,23184,14300,289164,8525,423630,15045,712794,California
Orange,2021-03-16,26198,1140241,11065,598275,14914,518563,219,23403,17053,297368,9076,432706,17280,730074,California
Orange,2021-03-17,27056,1167297,13492,611767,13094,531657,470,23873,19349,309536,7651,440357,19819,749893,California
Orange,2021-03-18,27478,1194775,13831,625598,13377,545034,270,24143,21438,325260,5986,446343,21710,771603,California
Orange,2021-03-19,33093,1227868,18177,643775,14492,559526,424,24567,24702,342100,8296,454639,25136,796739,California
Orange,2021-03-20,25531,1253399,13455,657230,11872,571398,204,24771,21867,360562,3608,458247,22070,818809,California
Orange,2021-03-21,18287,1271686,10637,667867,6922,578320,728,25499,15559,374141,2707,460954,16286,835095,California
Orange,2021-03-22,22516,1294202,11642,679509,10554,588874,320,25819,19081,390178,3371,464325,19408,854503,California
Orange,2021-03-23,25712,1319914,13366,692875,11718,600592,628,26447,20702,406564,4946,469271,21332,875835,California
Orange,2021-03-24,28783,1348697,16072,708947,11834,612426,877,27324,21894,422513,6822,476093,22771,898606,California
Orange,2021-03-25,31643,1380340,16752,725699,14233,626659,658,27982,24033,439664,7540,483633,24691,923297,California
Orange,2021-03-26,34251,1414591,17711,743410,15695,642354,845,28827,24870,456081,9297,492930,25714,949011,California
Orange,2021-03-27,28223,1442814,13488,756898,14421,656775,314,29141,20240,468724,7913,500843,20556,969567,California
Orange,2021-03-28,24569,1467383,12700,769598,11802,668577,67,29208,18570,481415,5949,506792,18640,988207,California
Orange,2021-03-29,26191,1493574,11973,781571,13670,682247,548,29756,17857,491555,8266,515058,18406,1006613,California
Orange,2021-03-30,30351,1523925,13750,795321,16220,698467,381,30137,21536,504714,8760,523818,21919,1028532,California
Orange,2021-03-31,36505,1560430,19109,814430,16817,715284,579,30716,24019,516906,12411,536229,24603,1053135,California
Orange,2021-04-01,39123,1599553,20562,834992,17045,732329,1516,32232,26106,531571,12956,549185,27621,1080756,California
Orange,2021-04-02,38937,1638490,19555,854547,17742,750071,1640,33872,22762,539884,16097,565282,24410,1105166,California
Orange,2021-04-03,29499,1667989,15391,869938,12508,762579,1600,35472,15586,543219,13853,579135,17188,1122354,California
Orange,2021-04-04,18090,1686079,10559,880497,6883,769462,648,36120,8126,542064,9928,589063,8773,1131127,California
Orange,2021-04-05,29218,1715297,13858,894355,12138,781600,3222,39342,13801,543714,15368,604431,17018,1148145,California
Orange,2021-04-06,32940,1748237,15475,909830,14171,795771,3294,42636,14343,542823,18520,622951,17629,1165774,California
Orange,2021-04-07,35335,1783572,19770,929600,11172,806943,4393,47029,15712,543363,19550,642501,20090,1185864,California
Orange,2021-04-08,37753,1821325,20960,950560,11515,818458,5278,52307,18478,547892,19208,661709,23737,1209601,California
Orange,2021-04-09,38688,1860013,22491,973051,11335,829793,4862,57169,17037,548196,21582,683291,21886,1231487,California
Orange,2021-04-10,33443,1893456,17557,990608,11783,841576,4103,61272,13767,546448,19601,702892,17853,1249340,California
Orange,2021-04-11,25278,1918734,14237,1004845,7834,849410,3207,64479,9705,543819,15531,718423,12902,1262242,California
Orange,2021-04-12,29227,1947961,14738,1019583,11164,860574,3325,67804,11479,540908,17701,736124,14790,1277032,California
Orange,2021-04-13,31561,1979522,17753,1037336,13746,874320,62,67866,14763,538991,16740,752864,14823,1291855,California
Orange,2021-04-14,32401,2011923,18626,1055962,13753,888073,22,67888,14115,534915,18215,771079,14139,1305994,California
Orange,2021-04-15,35484,2047407,21070,1077032,14403,902476,11,67899,15916,531367,19487,790566,15939,1321933,California
Orange,2021-04-16,38542,2085949,22619,1099651,15902,918378,21,67920,17859,528639,20615,811181,17887,1339820,California
Orange,2021-04-17,28774,2114723,16814,1116465,11958,930336,2,67922,12352,524637,16362,827543,12360,1352180,California
Orange,2021-04-18,10563,2125286,6423,1122888,4140,934476,0,67922,4667,523424,5881,833424,4668,1356848,California
Placer,2020-12-15,29,29,29,29,0,0,0,0,29,29,0,0,29,29,California
Placer,2020-12-16,53,82,53,82,0,0,0,0,53,82,0,0,53,82,California
Placer,2020-12-17,139,221,139,221,0,0,0,0,139,221,0,0,139,221,California
Placer,2020-12-18,330,551,330,551,0,0,0,0,330,551,0,0,330,551,California
Placer,2020-12-19,251,802,251,802,0,0,0,0,251,802,0,0,251,802,California
Placer,2020-12-20,234,1036,234,1036,0,0,0,0,234,1036,0,0,234,1036,California
Placer,2020-12-21,492,1528,491,1527,1,1,0,0,492,1528,0,0,492,1528,California
Placer,2020-12-22,676,2204,669,2196,7,8,0,0,676,2204,0,0,676,2204,California
Placer,2020-12-23,743,2947,658,2854,85,93,0,0,743,2947,0,0,743,2947,California
Placer,2020-12-24,398,3345,346,3200,52,145,0,0,398,3345,0,0,398,3345,California
Placer,2020-12-26,158,3503,113,3313,45,190,0,0,158,3503,0,0,158,3503,California
Placer,2020-12-27,186,3689,163,3476,23,213,0,0,186,3689,0,0,186,3689,California
Placer,2020-12-28,665,4354,537,4013,128,341,0,0,665,4354,0,0,665,4354,California
Placer,2020-12-29,761,5115,513,4526,248,589,0,0,761,5115,0,0,761,5115,California
Placer,2020-12-30,730,5845,454,4980,276,865,0,0,728,5843,0,0,728,5843,California
Placer,2020-12-31,528,6373,343,5323,185,1050,0,0,528,6371,0,0,528,6371,California
Placer,2021-01-01,14,6387,10,5333,4,1054,0,0,14,6385,0,0,14,6385,California
Placer,2021-01-02,184,6571,152,5485,32,1086,0,0,184,6569,0,0,184,6569,California
Placer,2021-01-03,155,6726,79,5564,76,1162,0,0,155,6724,0,0,155,6724,California
Placer,2021-01-04,618,7344,178,5742,440,1602,0,0,618,7342,0,0,618,7342,California
Placer,2021-01-05,723,8067,159,5901,564,2166,0,0,640,7901,82,82,641,7983,California
Placer,2021-01-06,758,8825,243,6144,515,2681,0,0,617,8377,141,223,617,8600,California
Placer,2021-01-07,981,9806,366,6510,615,3296,0,0,776,8948,205,428,776,9376,California
Placer,2021-01-08,1181,10987,527,7037,654,3950,0,0,855,9480,323,751,855,10231,California
Placer,2021-01-09,449,11436,321,7358,128,4078,0,0,233,9498,215,966,233,10464,California
Placer,2021-01-10,329,11765,186,7544,143,4221,0,0,164,9497,165,1131,164,10628,California
Placer,2021-01-11,1427,13192,808,8352,619,4840,0,0,838,9747,589,1720,839,11467,California
Placer,2021-01-12,1644,14836,874,9226,770,5610,0,0,1042,10187,602,2322,1042,12509,California
Placer,2021-01-13,1627,16463,819,10045,808,6418,0,0,1207,10978,418,2740,1209,13718,California
Placer,2021-01-14,1734,18197,652,10697,1082,7500,0,0,1379,12006,352,3092,1380,15098,California
Placer,2021-01-15,1905,20102,722,11419,1183,8683,0,0,1554,13211,350,3442,1555,16653,California
Placer,2021-01-16,1468,21570,718,12137,750,9433,0,0,1347,14438,121,3563,1348,18001,California
Placer,2021-01-17,560,22130,394,12531,166,9599,0,0,428,14734,132,3695,428,18429,California
Placer,2021-01-18,977,23107,540,13071,437,10036,0,0,747,15252,230,3925,748,19177,California
Placer,2021-01-19,2559,25666,1947,15018,612,10648,0,0,2108,16909,451,4376,2108,21285,California
Placer,2021-01-20,2240,27906,1692,16710,548,11196,0,0,1912,18494,328,4704,1913,23198,California
Placer,2021-01-21,2533,30439,1114,17824,1419,12615,0,0,2139,20241,393,5097,2140,25338,California
Placer,2021-01-22,2276,32715,589,18413,1687,14302,0,0,2103,22174,171,5268,2104,27442,California
Placer,2021-01-23,1189,33904,380,18793,809,15111,0,0,1034,23053,155,5423,1034,28476,California
Placer,2021-01-24,507,34411,264,19057,243,15354,0,0,431,23409,76,5499,432,28908,California
Placer,2021-01-25,1646,36057,798,19855,848,16202,0,0,1359,24482,287,5786,1360,30268,California
Placer,2021-01-26,1827,37884,1024,20879,803,17005,0,0,1564,25783,263,6049,1564,31832,California
Placer,2021-01-27,1815,39699,1154,22033,661,17666,0,0,1572,27115,241,6290,1573,33405,California
Placer,2021-01-28,1777,41476,1109,23142,668,18334,0,0,1530,28400,245,6535,1530,34935,California
Placer,2021-01-29,1856,43332,1165,24307,691,19025,0,0,1665,29877,190,6725,1667,36602,California
Placer,2021-01-30,1722,45054,970,25277,752,19777,0,0,1603,31362,118,6843,1603,38205,California
Placer,2021-01-31,779,45833,622,25899,157,19934,0,0,710,32004,69,6912,711,38916,California
Placer,2021-02-01,2065,47898,1086,26985,979,20913,0,0,1749,33437,316,7228,1749,40665,California
Placer,2021-02-02,2367,50265,1536,28521,831,21744,0,0,1882,34837,482,7710,1882,42547,California
Placer,2021-02-03,2911,53176,1873,30394,1038,22782,0,0,2291,36512,616,8326,2291,44838,California
Placer,2021-02-04,2753,55929,1186,31580,1567,24349,0,0,1933,37629,817,9143,1934,46772,California
Placer,2021-02-05,2727,58656,1201,32781,1526,25875,0,0,1400,37707,1322,10465,1400,48172,California
Placer,2021-02-06,1940,60596,1303,34084,637,26512,0,0,1392,38551,548,11013,1392,49564,California
Placer,2021-02-07,1216,61812,907,34991,309,26821,0,0,938,39212,277,11290,938,50502,California
Placer,2021-02-08,3298,65110,1766,36757,1532,28353,0,0,1974,39871,1316,12606,1975,52477,California
Placer,2021-02-09,3533,68643,2164,38921,1369,29722,0,0,1630,39600,1901,14507,1630,54107,California
Placer,2021-02-10,3742,72385,2188,41109,1554,31276,0,0,1746,39355,1993,16500,1748,55855,California
Placer,2021-02-11,3611,75996,1892,43001,1719,32995,0,0,1576,38905,2027,18527,1577,57432,California
Placer,2021-02-12,2749,78745,1316,44317,1433,34428,0,0,1660,39494,1072,19599,1661,59093,California
Placer,2021-02-13,2531,81276,1484,45801,1047,35475,0,0,1880,40723,651,20250,1880,60973,California
Placer,2021-02-14,1075,82351,673,46474,402,35877,0,0,735,41121,337,20587,735,61708,California
Placer,2021-02-15,2176,84527,1042,47516,1134,37011,0,0,1522,41989,655,21242,1523,63231,California
Placer,2021-02-16,3507,88034,1778,49294,1729,38740,0,0,1574,41640,1924,23166,1575,64806,California
Placer,2021-02-17,3498,91532,1959,51253,1539,40279,0,0,1500,41146,1994,25160,1500,66306,California
Placer,2021-02-18,3667,95199,1993,53246,1674,41953,0,0,1566,40621,2092,27252,1567,67873,California
Placer,2021-02-19,3535,98734,1906,55152,1629,43582,0,0,1311,39713,2220,29472,1312,69185,California
Placer,2021-02-20,1967,100701,1227,56379,740,44322,0,0,884,39522,1078,30550,887,70072,California
Placer,2021-02-21,950,101651,726,57105,224,44546,0,0,260,39096,687,31237,261,70333,California
Placer,2021-02-22,2490,104141,1767,58872,723,45269,0,0,602,37811,1887,33124,602,70935,California
Placer,2021-02-23,2501,106642,1560,60432,941,46210,0,0,867,37045,1633,34757,867,71802,California
Placer,2021-02-24,3230,109872,1172,61604,2058,48268,0,0,1780,37387,1440,36197,1782,73584,California
Placer,2021-02-25,3445,113317,1422,63026,2023,50291,0,0,1831,37612,1607,37804,1832,75416,California
Placer,2021-02-26,4062,117379,2372,65398,1690,51981,0,0,2341,38237,1716,39520,2341,77757,California
Placer,2021-02-27,2808,120187,1489,66887,1319,53300,0,0,1447,38332,1355,40875,1450,79207,California
Placer,2021-02-28,1380,121567,790,67677,590,53890,0,0,571,38099,804,41679,571,79778,California
Placer,2021-03-01,2977,124544,1983,69660,994,54884,0,0,1532,38191,1440,43119,1532,81310,California
Placer,2021-03-02,2821,127365,1757,71417,1064,55948,0,0,1857,39089,959,44078,1857,83167,California
Placer,2021-03-03,3244,130609,1385,72802,1859,57807,0,0,1771,39394,1467,45545,1772,84939,California
Placer,2021-03-04,3531,134140,1424,74226,2107,59914,0,0,1845,39566,1674,47219,1846,86785,California
Placer,2021-03-05,2968,137108,1025,75251,1921,61835,22,22,1792,40206,1174,48393,1814,88599,California
Placer,2021-03-06,2392,139500,1480,76731,816,62651,96,118,917,39751,1468,49861,1013,89612,California
Placer,2021-03-07,1291,140791,753,77484,500,63151,38,156,524,39549,764,50625,562,90174,California
Placer,2021-03-08,2883,143674,1825,79309,945,64096,113,269,1647,40074,1235,51860,1760,91934,California
Placer,2021-03-09,3122,146796,1672,80981,1361,65457,89,358,1776,40596,1343,53203,1865,93799,California
Placer,2021-03-10,3239,150035,1309,82290,1823,67280,107,465,1685,40838,1549,54752,1791,95590,California
Placer,2021-03-11,3512,153547,1580,83870,1808,69088,124,589,1685,40830,1819,56571,1811,97401,California
Placer,2021-03-12,3632,157179,1478,85348,1370,70458,784,1373,1216,40421,2410,58981,2001,99402,California
Placer,2021-03-13,2082,159261,732,86080,1233,71691,117,1490,1116,40692,963,59944,1234,100636,California
Placer,2021-03-14,1627,160888,669,86749,809,72500,149,1639,882,40978,745,60689,1031,101667,California
Placer,2021-03-15,3153,164041,1523,88272,1499,73999,131,1770,1745,41450,1406,62095,1878,103545,California
Placer,2021-03-16,3531,167572,1904,90176,1494,75493,133,1903,2268,42597,1255,63350,2402,105947,California
Placer,2021-03-17,3388,170960,1719,91895,1569,77062,100,2003,2195,43702,1191,64541,2296,108243,California
Placer,2021-03-18,3939,174899,2193,94088,1707,78769,39,2042,2815,45436,1119,65660,2853,111096,California
Placer,2021-03-19,3403,178302,2059,96147,1082,79851,262,2304,2178,46657,1218,66878,2439,113535,California
Placer,2021-03-20,2127,180429,891,97038,1138,80989,98,2402,1299,47229,824,67702,1396,114931,California
Placer,2021-03-21,1245,181674,570,97608,666,81655,9,2411,954,47904,288,67990,963,115894,California
Placer,2021-03-22,3260,184934,2093,99701,1080,82735,87,2498,2192,49120,1064,69054,2280,118174,California
Placer,2021-03-23,3477,188411,2075,101776,1311,84046,91,2589,2490,50720,982,70036,2582,120756,California
Placer,2021-03-24,3746,192157,1994,103770,1655,85701,97,2686,1954,50991,1780,71816,2051,122807,California
Placer,2021-03-25,3748,195905,1791,105561,1860,87561,97,2783,1722,50791,2018,73834,1818,124625,California
Placer,2021-03-26,3722,199627,1650,107211,1841,89402,231,3014,1577,50464,2135,75969,1808,126433,California
Placer,2021-03-27,1590,201217,469,107680,1100,90502,21,3035,650,50201,933,76902,670,127103,California
Placer,2021-03-28,1097,202314,529,108209,558,91060,10,3045,379,49877,713,77615,389,127492,California
Placer,2021-03-29,3555,205869,1988,110197,1535,92595,32,3077,1741,49847,1804,79419,1774,129266,California
Placer,2021-03-30,3973,209842,2104,112301,1826,94421,43,3120,2114,50156,1847,81266,2156,131422,California
Placer,2021-03-31,4047,213889,1823,114124,2150,96571,74,3194,1696,49580,2345,83611,1769,133191,California
Placer,2021-04-01,2853,216742,1362,115486,1446,98017,45,3239,1594,49962,1257,84868,1639,134830,California
Placer,2021-04-02,2780,219522,1437,116923,1280,99297,63,3302,1559,50369,1215,86083,1622,136452,California
Placer,2021-04-03,1851,221373,982,117905,739,100036,130,3432,890,50434,954,87037,1019,137471,California
Placer,2021-04-04,704,222077,358,118263,293,100329,53,3485,282,50349,420,87457,335,137806,California
Placer,2021-04-05,2982,225059,1895,120158,915,101244,172,3657,1749,51040,1230,88687,1921,139727,California
Placer,2021-04-06,4260,229319,2468,122626,1499,102743,293,3950,1549,50177,2705,91392,1842,141569,California
Placer,2021-04-07,4470,233789,2555,125181,1461,104204,454,4404,2059,50283,2405,93797,2511,144080,California
Placer,2021-04-08,4659,238448,2585,127766,1532,105736,542,4946,1586,49347,3063,96860,2127,146207,California
Placer,2021-04-09,4021,242469,2215,129981,1195,106931,611,5557,1205,48354,2810,99670,1817,148024,California
Placer,2021-04-10,1970,244439,854,130835,941,107872,175,5732,842,48246,1124,100794,1016,149040,California
Placer,2021-04-11,1308,245747,500,131335,776,108648,32,5764,425,47823,879,101673,456,149496,California
Placer,2021-04-12,4003,249750,2578,133913,1053,109701,372,6136,2404,49007,1591,103264,2775,152271,California
Placer,2021-04-13,4247,253997,2917,136830,1328,111029,2,6138,2127,49020,2116,105380,2129,154400,California
Placer,2021-04-14,3775,257772,2290,139120,1484,112513,1,6139,1605,48464,2161,107541,1605,156005,California
Placer,2021-04-15,3703,261475,1989,141109,1713,114226,1,6140,1756,48283,1940,109481,1759,157764,California
Placer,2021-04-16,3400,264875,2010,143119,1390,115616,0,6140,1249,47387,2145,111626,1249,159013,California
Placer,2021-04-17,2226,267101,758,143877,1468,117084,0,6140,1360,47884,863,112489,1360,160373,California
Placer,2021-04-18,999,268100,176,144053,823,117907,0,6140,313,47513,684,113173,313,160686,California
Plumas,2020-12-18,4,4,4,4,0,0,0,0,4,4,0,0,4,4,California
Plumas,2020-12-19,1,5,1,5,0,0,0,0,1,5,0,0,1,5,California
Plumas,2020-12-21,45,50,45,50,0,0,0,0,45,50,0,0,45,50,California
Plumas,2020-12-22,92,142,92,142,0,0,0,0,92,142,0,0,92,142,California
Plumas,2020-12-23,50,192,50,192,0,0,0,0,50,192,0,0,50,192,California
Plumas,2020-12-24,6,198,6,198,0,0,0,0,6,198,0,0,6,198,California
Plumas,2020-12-28,8,206,0,198,8,8,0,0,8,206,0,0,8,206,California
Plumas,2020-12-29,32,238,22,220,10,18,0,0,32,238,0,0,32,238,California
Plumas,2020-12-30,22,260,1,221,21,39,0,0,22,260,0,0,22,260,California
Plumas,2020-12-31,4,264,1,222,3,42,0,0,4,264,0,0,4,264,California
Plumas,2021-01-04,10,274,4,226,6,48,0,0,10,274,0,0,10,274,California
Plumas,2021-01-05,22,296,2,228,20,68,0,0,22,296,0,0,22,296,California
Plumas,2021-01-06,124,420,5,233,119,187,0,0,124,420,0,0,124,420,California
Plumas,2021-01-07,53,473,2,235,51,238,0,0,52,471,1,1,52,472,California
Plumas,2021-01-08,12,485,5,240,7,245,0,0,8,475,4,5,8,480,California
Plumas,2021-01-09,2,487,2,242,0,245,0,0,1,475,1,6,1,481,California
Plumas,2021-01-11,59,546,50,292,9,254,0,0,12,440,47,53,12,493,California
Plumas,2021-01-12,155,701,86,378,69,323,0,0,71,427,84,137,71,564,California
Plumas,2021-01-13,56,757,50,428,6,329,0,0,10,391,46,183,10,574,California
Plumas,2021-01-14,96,853,14,442,82,411,0,0,91,477,5,188,91,665,California
Plumas,2021-01-15,62,915,7,449,55,466,0,0,60,535,2,190,60,725,California
Plumas,2021-01-16,58,973,1,450,57,523,0,0,58,593,0,190,58,783,California
Plumas,2021-01-18,2,975,1,451,1,524,0,0,2,595,0,190,2,785,California
Plumas,2021-01-19,36,1011,5,456,31,555,0,0,32,623,4,194,32,817,California
Plumas,2021-01-20,121,1132,3,459,118,673,0,0,119,740,2,196,119,936,California
Plumas,2021-01-21,113,1245,2,461,111,784,0,0,113,853,0,196,113,1049,California
Plumas,2021-01-22,4,1249,0,461,4,788,0,0,4,857,0,196,4,1053,California
Plumas,2021-01-23,92,1341,1,462,91,879,0,0,92,949,0,196,92,1145,California
Plumas,2021-01-24,1,1342,1,463,0,879,0,0,1,950,0,196,1,1146,California
Plumas,2021-01-25,8,1350,5,468,3,882,0,0,5,952,3,199,5,1151,California
Plumas,2021-01-26,60,1410,2,470,58,940,0,0,52,996,8,207,52,1203,California
Plumas,2021-01-27,25,1435,20,490,5,945,0,0,5,981,20,227,5,1208,California
Plumas,2021-01-28,23,1458,0,490,23,968,0,0,21,1000,2,229,21,1229,California
Plumas,2021-01-29,8,1466,2,492,6,974,0,0,7,1006,1,230,7,1236,California
Plumas,2021-01-30,8,1474,4,496,4,978,0,0,7,1012,1,231,7,1243,California
Plumas,2021-01-31,3,1477,3,499,0,978,0,0,3,1015,0,231,3,1246,California
Plumas,2021-02-01,16,1493,2,501,14,992,0,0,8,1015,8,239,8,1254,California
Plumas,2021-02-02,20,1513,1,502,19,1011,0,0,1,997,19,258,1,1255,California
Plumas,2021-02-03,128,1641,8,510,120,1131,0,0,13,896,114,372,13,1268,California
Plumas,2021-02-04,101,1742,8,518,93,1224,0,0,23,841,78,450,23,1291,California
Plumas,2021-02-05,24,1766,11,529,13,1237,0,0,9,835,15,465,9,1300,California
Plumas,2021-02-06,7,1773,0,529,7,1244,0,0,7,842,0,465,7,1307,California
Plumas,2021-02-08,15,1788,7,536,8,1252,0,0,3,833,12,477,3,1310,California
Plumas,2021-02-09,170,1958,1,537,169,1421,0,0,110,883,60,537,110,1420,California
Plumas,2021-02-10,89,2047,9,546,80,1501,0,0,80,955,9,546,81,1501,California
Plumas,2021-02-11,322,2369,7,553,315,1816,0,0,263,1159,59,605,263,1764,California
Plumas,2021-02-12,122,2491,3,556,119,1935,0,0,118,1273,4,609,118,1882,California
Plumas,2021-02-13,72,2563,3,559,69,2004,0,0,13,1227,59,668,13,1895,California
Plumas,2021-02-14,7,2570,4,563,3,2007,0,0,7,1234,0,668,7,1902,California
Plumas,2021-02-15,26,2596,3,566,23,2030,0,0,25,1258,1,669,25,1927,California
Plumas,2021-02-16,76,2672,4,570,72,2102,0,0,14,1210,62,731,14,1941,California
Plumas,2021-02-17,136,2808,5,575,131,2233,0,0,12,1098,124,855,12,1953,California
Plumas,2021-02-18,128,2936,6,581,122,2355,0,0,19,1008,109,964,19,1972,California
Plumas,2021-02-19,41,2977,4,585,37,2392,0,0,6,979,35,999,6,1978,California
Plumas,2021-02-20,103,3080,6,591,97,2489,0,0,11,898,92,1091,11,1989,California
Plumas,2021-02-21,6,3086,5,596,1,2490,0,0,2,896,4,1095,2,1991,California
Plumas,2021-02-22,3,3089,1,597,2,2492,0,0,0,893,3,1098,0,1991,California
Plumas,2021-02-23,24,3113,4,601,20,2512,0,0,16,901,8,1106,16,2007,California
Plumas,2021-02-24,455,3568,6,607,449,2961,0,0,443,1332,12,1118,443,2450,California
Plumas,2021-02-25,231,3799,9,616,222,3183,0,0,171,1443,60,1178,171,2621,California
Plumas,2021-02-26,264,4063,8,624,256,3439,0,0,256,1692,8,1186,257,2878,California
Plumas,2021-02-27,40,4103,4,628,36,3475,0,0,33,1718,7,1193,33,2911,California
Plumas,2021-02-28,1,4104,0,628,1,3476,0,0,1,1719,0,1193,1,2912,California
Plumas,2021-03-01,12,4116,3,631,9,3485,0,0,7,1722,4,1197,7,2919,California
Plumas,2021-03-02,9,4125,0,631,9,3494,0,0,6,1725,3,1200,6,2925,California
Plumas,2021-03-03,152,4277,10,641,142,3636,0,0,136,1845,16,1216,136,3061,California
Plumas,2021-03-04,249,4526,9,650,240,3876,0,0,228,2052,21,1237,228,3289,California
Plumas,2021-03-05,396,4922,6,656,385,4261,5,5,385,2431,11,1248,390,3679,California
Plumas,2021-03-06,16,4938,1,657,7,4268,8,13,3,2429,13,1261,11,3690,California
Plumas,2021-03-07,13,4951,2,659,2,4270,9,22,3,2431,10,1271,12,3702,California
Plumas,2021-03-08,29,4980,3,662,2,4272,24,46,3,2432,26,1297,27,3729,California
Plumas,2021-03-09,132,5112,1,663,116,4388,15,61,18,2351,114,1411,33,3762,California
Plumas,2021-03-10,254,5366,3,666,237,4625,14,75,107,2326,146,1557,121,3883,California
Plumas,2021-03-11,180,5546,8,674,167,4792,5,80,145,2441,35,1592,150,4033,California
Plumas,2021-03-12,593,6139,3,677,303,5095,287,367,23,2181,570,2162,310,4343,California
Plumas,2021-03-13,25,6164,4,681,10,5105,11,378,5,2177,20,2182,16,4359,California
Plumas,2021-03-14,11,6175,2,683,4,5109,5,383,1,2174,9,2191,6,4365,California
Plumas,2021-03-15,33,6208,1,684,26,5135,6,389,7,2161,26,2217,13,4378,California
Plumas,2021-03-16,59,6267,2,686,56,5191,1,390,49,2201,10,2227,50,4428,California
Plumas,2021-03-17,75,6342,10,696,64,5255,1,391,60,2248,14,2241,61,4489,California
Plumas,2021-03-18,57,6399,6,702,34,5289,17,408,8,2224,49,2290,25,4514,California
Plumas,2021-03-19,163,6562,6,708,155,5444,2,410,154,2374,7,2297,157,4671,California
Plumas,2021-03-20,690,7252,4,712,685,6129,1,411,669,3025,19,2316,670,5341,California
Plumas,2021-03-21,2,7254,1,713,1,6130,0,411,1,3026,0,2316,1,5342,California
Plumas,2021-03-22,180,7434,2,715,178,6308,0,411,173,3192,7,2323,173,5515,California
Plumas,2021-03-23,27,7461,2,717,25,6333,0,411,13,3191,14,2337,13,5528,California
Plumas,2021-03-24,650,8111,7,724,642,6975,1,412,220,2982,430,2767,221,5749,California
Plumas,2021-03-25,290,8401,5,729,283,7258,2,414,150,2992,140,2907,150,5899,California
Plumas,2021-03-26,308,8709,8,737,300,7558,0,414,46,2777,261,3168,46,5945,California
Plumas,2021-03-27,11,8720,1,738,9,7567,1,415,2,2771,9,3177,3,5948,California
Plumas,2021-03-28,5,8725,3,741,1,7568,1,416,3,2773,2,3179,4,5952,California
Plumas,2021-03-29,13,8738,4,745,8,7576,1,417,5,2771,8,3187,6,5958,California
Plumas,2021-03-30,151,8889,3,748,147,7723,1,418,24,2669,127,3314,25,5983,California
Plumas,2021-03-31,277,9166,2,750,274,7997,1,419,258,2909,19,3333,259,6242,California
Plumas,2021-04-01,290,9456,12,762,278,8275,0,419,59,2738,230,3563,59,6301,California
Plumas,2021-04-02,372,9828,4,766,367,8642,1,420,27,2433,333,3896,28,6329,California
Plumas,2021-04-03,15,9843,2,768,5,8647,8,428,3,2432,12,3908,11,6340,California
Plumas,2021-04-04,3,9846,1,769,1,8648,1,429,0,2430,3,3911,1,6341,California
Plumas,2021-04-05,14,9860,4,773,9,8657,1,430,7,2431,7,3918,8,6349,California
Plumas,2021-04-06,119,9979,6,779,82,8739,31,461,12,2362,107,4025,38,6387,California
Plumas,2021-04-07,280,10259,7,786,98,8837,175,636,27,2311,253,4278,202,6589,California
Plumas,2021-04-08,148,10407,3,789,130,8967,15,651,34,2246,113,4391,48,6637,California
Plumas,2021-04-09,48,10455,8,797,25,8992,15,666,18,2248,30,4421,32,6669,California
Plumas,2021-04-10,23,10478,2,799,5,8997,16,682,4,2249,19,4440,20,6689,California
Plumas,2021-04-11,4,10482,3,802,0,8997,1,683,3,2252,1,4441,4,6693,California
Plumas,2021-04-12,9,10491,4,806,4,9001,1,684,6,2256,3,4444,7,6700,California
Plumas,2021-04-13,188,10679,5,811,183,9184,0,684,127,2322,61,4505,127,6827,California
Plumas,2021-04-14,104,10783,6,817,98,9282,0,684,52,2322,52,4557,52,6879,California
Plumas,2021-04-15,43,10826,2,819,41,9323,0,684,30,2339,13,4570,30,6909,California
Plumas,2021-04-16,144,10970,5,824,139,9462,0,684,4,2203,140,4710,4,6913,California
Plumas,2021-04-17,657,11627,2,826,655,10117,0,684,17,1582,638,5348,17,6930,California
Plumas,2021-04-18,1,11628,1,827,0,10117,0,684,0,1581,1,5349,0,6930,California
Riverside,2020-12-15,4,4,4,4,0,0,0,0,4,4,0,0,4,4,California
Riverside,2020-12-16,63,67,63,67,0,0,0,0,63,67,0,0,63,67,California
Riverside,2020-12-17,806,873,806,873,0,0,0,0,806,873,0,0,806,873,California
Riverside,2020-12-18,1723,2596,1722,2595,1,1,0,0,1723,2596,0,0,1723,2596,California
Riverside,2020-12-19,1024,3620,1022,3617,2,3,0,0,1022,3617,1,1,1022,3618,California
Riverside,2020-12-20,1085,4705,1084,4701,1,4,0,0,1085,4702,0,1,1085,4703,California
Riverside,2020-12-21,2272,6977,2270,6971,2,6,0,0,2272,6974,0,1,2272,6975,California
Riverside,2020-12-22,2249,9226,2210,9181,39,45,0,0,2248,9222,0,1,2248,9223,California
Riverside,2020-12-23,2123,11349,1787,10968,336,381,0,0,2124,11346,0,1,2124,11347,California
Riverside,2020-12-24,827,12176,624,11592,203,584,0,0,827,12173,0,1,827,12174,California
Riverside,2020-12-25,28,12204,5,11597,23,607,0,0,28,12201,0,1,28,12202,California
Riverside,2020-12-26,400,12604,257,11854,143,750,0,0,400,12601,0,1,400,12602,California
Riverside,2020-12-27,361,12965,243,12097,118,868,0,0,361,12962,0,1,361,12963,California
Riverside,2020-12-28,1625,14590,1125,13222,500,1368,0,0,1625,14587,0,1,1625,14588,California
Riverside,2020-12-29,1736,16326,971,14193,765,2133,0,0,1736,16323,0,1,1736,16324,California
Riverside,2020-12-30,2571,18897,1681,15874,890,3023,0,0,2570,18893,0,1,2570,18894,California
Riverside,2020-12-31,1022,19919,395,16269,627,3650,0,0,1024,19917,0,1,1024,19918,California
Riverside,2021-01-01,104,20023,40,16309,64,3714,0,0,104,20021,0,1,104,20022,California
Riverside,2021-01-02,831,20854,691,17000,140,3854,0,0,831,20852,0,1,831,20853,California
Riverside,2021-01-03,344,21198,299,17299,45,3899,0,0,343,21195,0,1,343,21196,California
Riverside,2021-01-04,1256,22454,792,18091,464,4363,0,0,1256,22451,0,1,1256,22452,California
Riverside,2021-01-05,1977,24431,1362,19453,615,4978,0,0,1883,24246,88,89,1883,24335,California
Riverside,2021-01-06,2470,26901,1100,20553,1370,6348,0,0,2164,26108,302,391,2164,26499,California
Riverside,2021-01-07,2768,29669,1815,22368,953,7301,0,0,1704,26754,1060,1451,1706,28205,California
Riverside,2021-01-08,4040,33709,2934,25302,1106,8407,0,0,2232,27182,1804,3255,2232,30437,California
Riverside,2021-01-09,2070,35779,845,26147,1225,9632,0,0,1724,28561,345,3600,1724,32161,California
Riverside,2021-01-10,1661,37440,732,26879,929,10561,0,0,1058,29016,603,4203,1058,33219,California
Riverside,2021-01-11,4511,41951,3090,29969,1421,11982,0,0,2780,30069,1728,5931,2781,36000,California
Riverside,2021-01-12,3397,45348,2726,32695,671,12653,0,0,1711,30099,1681,7612,1711,37711,California
Riverside,2021-01-13,4381,49729,2868,35563,1513,14166,0,0,2779,31279,1599,9211,2779,40490,California
Riverside,2021-01-14,5452,55181,1862,37425,3590,17756,0,0,4867,35561,585,9796,4867,45357,California
Riverside,2021-01-15,6138,61319,2092,39517,4046,21802,0,0,5852,41128,285,10081,5852,51209,California
Riverside,2021-01-16,3609,64928,1017,40534,2592,24394,0,0,3364,44248,245,10326,3365,54574,California
Riverside,2021-01-17,3592,68520,582,41116,3010,27404,0,0,3397,47451,194,10520,3397,57971,California
Riverside,2021-01-18,3716,72236,2018,43134,1698,29102,0,0,2711,49157,1005,11525,2711,60682,California
Riverside,2021-01-19,7388,79624,2636,45770,4752,33854,0,0,6271,54312,1117,12642,6272,66954,California
Riverside,2021-01-20,7954,87578,2872,48642,5082,38936,0,0,6472,59314,1473,14115,6475,73429,California
Riverside,2021-01-21,8202,95780,3367,52009,4835,43771,0,0,7587,66285,616,14731,7587,81016,California
Riverside,2021-01-22,8694,104474,2963,54972,5731,49502,0,0,8265,74124,427,15158,8266,89282,California
Riverside,2021-01-23,5919,110393,2390,57362,3529,53031,0,0,5191,78588,728,15886,5192,94474,California
Riverside,2021-01-24,3033,113426,1431,58793,1602,54633,0,0,2820,81199,210,16096,2821,97295,California
Riverside,2021-01-25,7871,121297,4535,63328,3336,57969,0,0,6748,86827,1121,17217,6749,104044,California
Riverside,2021-01-26,9110,130407,5731,69059,3379,61348,0,0,7601,92922,1507,18724,7602,111646,California
Riverside,2021-01-27,10498,140905,6169,75228,4329,65677,0,0,8984,100400,1511,20235,8989,120635,California
Riverside,2021-01-28,11384,152289,6695,81923,4689,70366,0,0,10229,109484,1147,21382,10231,130866,California
Riverside,2021-01-29,11839,164128,7221,89144,4618,74984,0,0,10473,118622,1339,22721,10477,141343,California
Riverside,2021-01-30,9042,173170,4603,93747,4439,79423,0,0,8582,126748,457,23178,8583,149926,California
Riverside,2021-01-31,5144,178314,4242,97989,902,80325,0,0,5016,131640,127,23305,5019,154945,California
Riverside,2021-02-01,10819,189133,6675,104664,4144,84469,0,0,9043,138915,1770,25075,9045,163990,California
Riverside,2021-02-02,9377,198510,4772,109436,4605,89074,0,0,7902,145351,1468,26543,7904,171894,California
Riverside,2021-02-03,11993,210503,4973,114409,7020,96094,0,0,9765,152899,2217,28760,9765,181659,California
Riverside,2021-02-04,13545,224048,6045,120454,7500,103594,0,0,11459,162281,2079,30839,11461,193120,California
Riverside,2021-02-05,14305,238353,5392,125846,8913,112507,0,0,11270,170528,3027,33866,11274,204394,California
Riverside,2021-02-06,7251,245604,4282,130128,2969,115476,0,0,5616,174519,1628,35494,5619,210013,California
Riverside,2021-02-07,2159,247763,788,130916,1371,116847,0,0,1843,176048,315,35809,1844,211857,California
Riverside,2021-02-08,12431,260194,5521,136437,6910,123757,0,0,10152,183941,2262,38071,10155,222012,California
Riverside,2021-02-09,9629,269823,4515,140952,5114,128871,0,0,7717,189759,1904,39975,7722,229734,California
Riverside,2021-02-10,12003,281826,6972,147924,5031,133902,0,0,8896,195568,3095,43070,8904,238638,California
Riverside,2021-02-11,16469,298295,8976,156900,7493,141395,0,0,12098,203331,4349,47419,12112,250750,California
Riverside,2021-02-12,17649,315944,10803,167703,6846,148241,0,0,12813,211361,4793,52212,12823,263573,California
Riverside,2021-02-13,6306,322250,2113,169816,4193,152434,0,0,3079,211252,3209,55421,3100,266673,California
Riverside,2021-02-14,4923,327173,1120,170936,3803,156237,0,0,2175,210684,2744,58165,2176,268849,California
Riverside,2021-02-15,9806,336979,4996,175932,4810,161047,0,0,5403,211699,4395,62560,5410,274259,California
Riverside,2021-02-16,16093,353072,10101,186033,5992,167039,0,0,9245,214110,6841,69401,9252,283511,California
Riverside,2021-02-17,14986,368058,8183,194216,6803,173842,0,0,7554,214253,7420,76821,7563,291074,California
Riverside,2021-02-18,15442,383500,8920,203136,6522,180364,0,0,8049,214939,7376,84197,8062,299136,California
Riverside,2021-02-19,15216,398716,8204,211340,7012,187376,0,0,7199,214148,7998,92195,7207,306343,California
Riverside,2021-02-20,8051,406767,4250,215590,3801,191177,0,0,2087,210288,5950,98145,2090,308433,California
Riverside,2021-02-21,3399,410166,2885,218475,514,191691,0,0,1024,208947,2365,100510,1024,309457,California
Riverside,2021-02-22,12278,422444,7701,226176,4577,196268,0,0,5094,206877,7169,107679,5099,314556,California
Riverside,2021-02-23,10988,433432,7477,233653,3511,199779,0,0,5350,206617,5614,113293,5354,319910,California
Riverside,2021-02-24,14696,448128,8020,241673,6676,206455,0,0,6406,204788,8252,121545,6423,326333,California
Riverside,2021-02-25,17104,465232,7267,248940,9837,216292,0,0,7971,203671,9112,130657,7995,334328,California
Riverside,2021-02-26,18224,483456,6671,255611,11553,227845,0,0,9097,203727,9072,139729,9128,343456,California
Riverside,2021-02-27,11340,494796,4906,260517,6434,234279,0,0,5668,203781,5640,145369,5694,349150,California
Riverside,2021-02-28,4609,499405,2945,263462,1664,235943,0,0,2376,203941,2223,147592,2383,351533,California
Riverside,2021-03-01,14233,513638,6057,269519,8175,244118,1,1,8403,206569,5803,153395,8431,359964,California
Riverside,2021-03-02,14756,528394,7230,276749,7525,251643,1,2,8728,209317,6007,159402,8755,368719,California
Riverside,2021-03-03,16654,545048,8213,284962,8441,260084,0,2,7148,207129,9461,168863,7273,375992,California
Riverside,2021-03-04,16406,561454,5966,290928,10436,270520,4,6,7958,206825,8407,177270,8103,384095,California
Riverside,2021-03-05,17456,578910,6875,297803,10537,281057,44,50,8754,207242,8654,185924,9071,393166,California
Riverside,2021-03-06,9073,587983,4689,302492,3906,284963,478,528,4624,207938,4436,190360,5132,398298,California
Riverside,2021-03-07,4164,592147,2690,305182,1087,286050,387,915,1955,208085,2201,192561,2348,400646,California
Riverside,2021-03-08,10292,602439,4657,309839,5236,291286,399,1314,4387,207011,5889,198450,4815,405461,California
Riverside,2021-03-09,12798,615237,6022,315861,6323,297609,453,1767,5222,205241,7563,206013,5793,411254,California
Riverside,2021-03-10,13372,628609,6690,322551,5869,303478,813,2580,5535,203928,7809,213822,6496,417750,California
Riverside,2021-03-11,17197,645806,8514,331065,6986,310464,1697,4277,6860,202384,10308,224130,8764,426514,California
Riverside,2021-03-12,21035,666841,7894,338959,8467,318931,4674,8951,7068,200520,13937,238067,12073,438587,California
Riverside,2021-03-13,8212,675053,2499,341458,4556,323487,1157,10108,4264,202087,3934,242001,5501,444088,California
Riverside,2021-03-14,4543,679596,1576,343034,1678,325165,1289,11397,2029,202898,2504,244505,3315,447403,California
Riverside,2021-03-15,18550,698146,7820,350854,9062,334227,1668,13065,9103,204361,9410,253915,10873,458276,California
Riverside,2021-03-16,20843,718989,10099,360953,9933,344160,811,13876,11362,207184,9445,263360,12268,470544,California
Riverside,2021-03-17,21187,740176,10856,371809,9286,353446,1045,14921,12736,212605,8421,271781,13842,484386,California
Riverside,2021-03-18,22492,762668,11697,383506,9146,362592,1649,16570,12495,216804,9954,281735,14153,498539,California
Riverside,2021-03-19,23917,786585,12543,396049,10428,373020,946,17516,13978,222199,9891,291626,15286,513825,California
Riverside,2021-03-20,10538,797123,6824,402873,2556,375576,1158,18674,6775,226397,3736,295362,7934,521759,California
Riverside,2021-03-21,3660,800783,2860,405733,547,376123,253,18927,2514,228033,1133,296495,2769,524528,California
Riverside,2021-03-22,16578,817361,9894,415627,6128,382251,556,19483,10579,233207,5960,302455,11134,535662,California
Riverside,2021-03-23,18485,835846,10454,426081,7610,389861,421,19904,11984,239177,6453,308908,12423,548085,California
Riverside,2021-03-24,18585,854431,10369,436450,8097,397958,119,20023,12825,246408,5719,314627,12950,561035,California
Riverside,2021-03-25,20975,875406,11598,448048,9202,407160,175,20198,14259,254194,6653,321280,14439,575474,California
Riverside,2021-03-26,24002,899408,11850,459898,11982,419142,170,20368,15091,260634,8826,330106,15266,590740,California
Riverside,2021-03-27,9184,908592,4816,464714,3315,422457,1053,21421,4732,261984,4436,334542,5786,596526,California
Riverside,2021-03-28,4716,913308,3103,467817,1522,423979,91,21512,2840,263048,1868,336410,2932,599458,California
Riverside,2021-03-29,15566,928874,7901,475718,7550,431529,115,21627,10040,267714,5499,341909,10165,609623,California
Riverside,2021-03-30,18257,947131,9521,485239,8535,440064,201,21828,11916,273525,6310,348219,12121,621744,California
Riverside,2021-03-31,17956,965087,8366,493605,9290,449354,300,22128,11673,279265,6242,354461,11982,633726,California
Riverside,2021-04-01,25232,990319,12362,505967,12132,461486,738,22866,16826,288473,8357,362818,17565,651291,California
Riverside,2021-04-02,25795,1016114,13909,519876,10962,472448,924,23790,16376,296633,9368,372186,17528,668819,California
Riverside,2021-04-03,9085,1025199,5754,525630,2770,475218,561,24351,5887,299894,3186,375372,6447,675266,California
Riverside,2021-04-04,3286,1028485,1999,527629,1072,476290,215,24566,1701,300229,1581,376953,1916,677182,California
Riverside,2021-04-05,18068,1046553,9352,536981,6900,483190,1816,26382,10565,305137,7476,384429,12384,689566,California
Riverside,2021-04-06,23454,1070007,12171,549152,9212,492402,2071,28453,13247,310291,10161,394590,15315,704881,California
Riverside,2021-04-07,24396,1094403,13166,562318,8791,501193,2439,30892,14253,316881,10104,404694,16694,721575,California
Riverside,2021-04-08,26825,1121228,14785,577103,9148,510341,2892,33784,16922,326838,9845,414539,19802,741377,California
Riverside,2021-04-09,25482,1146710,15168,592271,7987,518328,2327,36111,15814,335377,9624,424163,18163,759540,California
Riverside,2021-04-10,11662,1158372,6556,598827,3734,522062,1372,37483,5022,335168,6600,430763,6391,765931,California
Riverside,2021-04-11,4536,1162908,2720,601547,1233,523295,583,38066,2162,335551,2363,433126,2746,768677,California
Riverside,2021-04-12,19543,1182451,8677,610224,8364,531659,2502,40568,10243,339031,9264,442390,12744,781421,California
Riverside,2021-04-13,19303,1201754,10734,620958,8542,540201,27,40595,11115,342026,8149,450539,11144,792565,California
Riverside,2021-04-14,19678,1221432,10459,631417,9206,549407,13,40608,10061,342529,9574,460113,10077,802642,California
Riverside,2021-04-15,18818,1240250,10393,641810,8421,557828,4,40612,9522,342829,9233,469346,9533,812175,California
Riverside,2021-04-16,22862,1263112,13137,654947,9720,567548,5,40617,10404,340846,12405,481751,10422,822597,California
Riverside,2021-04-17,8823,1271935,5772,660719,3051,570599,0,40617,4337,340720,4469,486220,4343,826940,California
Riverside,2021-04-18,1798,1273733,1427,662146,366,570965,5,40622,871,340675,922,487142,877,827817,California
Sacramento,2020-12-15,314,314,314,314,0,0,0,0,314,314,0,0,314,314,California
Sacramento,2020-12-16,644,958,644,958,0,0,0,0,644,958,0,0,644,958,California
Sacramento,2020-12-17,645,1603,645,1603,0,0,0,0,645,1603,0,0,645,1603,California
Sacramento,2020-12-18,973,2576,970,2573,3,3,0,0,973,2576,0,0,973,2576,California
Sacramento,2020-12-19,613,3189,613,3186,0,3,0,0,613,3189,0,0,613,3189,California
Sacramento,2020-12-20,634,3823,634,3820,0,3,0,0,634,3823,0,0,634,3823,California
Sacramento,2020-12-21,1679,5502,1678,5498,1,4,0,0,1680,5503,0,0,1680,5503,California
Sacramento,2020-12-22,2092,7594,2062,7560,30,34,0,0,2092,7595,0,0,2092,7595,California
Sacramento,2020-12-23,2246,9840,2080,9640,166,200,0,0,2246,9841,0,0,2246,9841,California
Sacramento,2020-12-24,1045,10885,834,10474,211,411,0,0,1045,10886,0,0,1045,10886,California
Sacramento,2020-12-25,1,10886,0,10474,1,412,0,0,1,10887,0,0,1,10887,California
Sacramento,2020-12-26,508,11394,291,10765,217,629,0,0,508,11395,0,0,508,11395,California
Sacramento,2020-12-27,350,11744,247,11012,103,732,0,0,350,11745,0,0,350,11745,California
Sacramento,2020-12-28,1902,13646,1322,12334,580,1312,0,0,1900,13644,1,1,1900,13645,California
Sacramento,2020-12-29,1950,15596,1187,13521,763,2075,0,0,1950,15594,0,1,1950,15595,California
Sacramento,2020-12-30,2566,18162,1464,14985,1102,3177,0,0,2567,18161,0,1,2567,18162,California
Sacramento,2020-12-31,1228,19390,695,15680,533,3710,0,0,1228,19389,0,1,1228,19390,California
Sacramento,2021-01-01,68,19458,59,15739,9,3719,0,0,68,19457,0,1,68,19458,California
Sacramento,2021-01-02,563,20021,362,16101,201,3920,0,0,563,20020,0,1,563,20021,California
Sacramento,2021-01-03,409,20430,220,16321,189,4109,0,0,409,20429,0,1,409,20430,California
Sacramento,2021-01-04,1959,22389,845,17166,1114,5223,0,0,1957,22385,1,2,1957,22387,California
Sacramento,2021-01-05,2208,24597,985,18151,1223,6446,0,0,1854,23892,354,356,1861,24248,California
Sacramento,2021-01-06,2731,27328,1623,19774,1108,7554,0,0,1956,25076,772,1128,1956,26204,California
Sacramento,2021-01-07,2830,30158,1505,21279,1325,8879,0,0,1971,26191,856,1984,1971,28175,California
Sacramento,2021-01-08,3286,33444,2087,23366,1199,10078,0,0,2248,27406,1034,3018,2249,30424,California
Sacramento,2021-01-09,1289,34733,798,24164,491,10569,0,0,898,27915,389,3407,898,31322,California
Sacramento,2021-01-10,1247,35980,712,24876,535,11104,0,0,774,28218,472,3879,775,32097,California
Sacramento,2021-01-11,4336,40316,2947,27823,1389,12493,0,0,2409,28703,1926,5805,2411,34508,California
Sacramento,2021-01-12,4418,44734,3033,30856,1385,13878,0,0,2453,29196,1964,7769,2457,36965,California
Sacramento,2021-01-13,3775,48509,2164,33020,1611,15489,0,0,2365,30154,1409,9178,2367,39332,California
Sacramento,2021-01-14,4592,53101,2361,35381,2231,17720,0,0,3669,32904,919,10097,3669,43001,California
Sacramento,2021-01-15,4401,57502,2262,37643,2139,19859,0,0,3679,35863,721,10818,3680,46681,California
Sacramento,2021-01-16,2092,59594,1292,38935,800,20659,0,0,1875,37521,217,11035,1875,48556,California
Sacramento,2021-01-17,1633,61227,950,39885,683,21342,0,0,1455,38801,178,11213,1458,50014,California
Sacramento,2021-01-18,2857,64084,1764,41649,1093,22435,0,0,2332,40610,524,11737,2333,52347,California
Sacramento,2021-01-19,4618,68702,3054,44703,1564,23999,0,0,3352,42697,1266,13003,3353,55700,California
Sacramento,2021-01-20,4766,73468,2818,47521,1948,25947,0,0,3554,45042,1214,14217,3559,59259,California
Sacramento,2021-01-21,5178,78646,2984,50505,2194,28141,0,0,4216,48303,956,15173,4217,63476,California
Sacramento,2021-01-22,4967,83613,2645,53150,2322,30463,0,0,4663,52664,303,15476,4664,68140,California
Sacramento,2021-01-23,3724,87337,1558,54708,2166,32629,0,0,3270,55480,454,15930,3270,71410,California
Sacramento,2021-01-24,1575,88912,987,55695,588,33217,0,0,1336,56578,239,16169,1337,72747,California
Sacramento,2021-01-25,4352,93264,2110,57805,2242,35459,0,0,2936,58100,1416,17585,2938,75685,California
Sacramento,2021-01-26,4699,97963,2129,59934,2570,38029,0,0,3500,60405,1197,18782,3502,79187,California
Sacramento,2021-01-27,5792,103755,3047,62981,2745,40774,0,0,4189,62996,1600,20382,4191,83378,California
Sacramento,2021-01-28,5349,109104,2706,65687,2643,43417,0,0,4253,66155,1095,21477,4254,87632,California
Sacramento,2021-01-29,5372,114476,2925,68612,2447,45864,0,0,4357,69505,1007,22484,4357,91989,California
Sacramento,2021-01-30,4499,118975,2198,70810,2301,48165,0,0,4066,73140,431,22915,4066,96055,California
Sacramento,2021-01-31,2288,121263,1994,72804,294,48459,0,0,2016,74888,270,23185,2018,98073,California
Sacramento,2021-02-01,5897,127160,3007,75811,2890,51349,0,0,4241,77475,1654,24839,4241,102314,California
Sacramento,2021-02-02,6851,134011,3760,79571,3091,54440,0,0,4772,80187,2062,26901,4774,107088,California
Sacramento,2021-02-03,7084,141095,3547,83118,3537,57977,0,0,5228,83570,1847,28748,5230,112318,California
Sacramento,2021-02-04,7692,148787,3621,86739,4071,62048,0,0,5484,86856,2198,30946,5484,117802,California
Sacramento,2021-02-05,7715,156502,4367,91106,3348,65396,0,0,4809,88785,2883,33829,4812,122614,California
Sacramento,2021-02-06,8416,164918,3438,94544,4978,70374,0,0,7085,94544,1327,35156,7086,129700,California
Sacramento,2021-02-07,4042,168960,2160,96704,1882,72256,0,0,2825,96162,1209,36365,2827,132527,California
Sacramento,2021-02-08,6189,175149,3197,99901,2992,75248,0,0,3882,97741,2303,38668,3882,136409,California
Sacramento,2021-02-09,6710,181859,3503,103404,3207,78455,0,0,3920,98881,2781,41449,3921,140330,California
Sacramento,2021-02-10,7645,189504,4177,107581,3468,81923,0,0,4528,100307,3104,44553,4530,144860,California
Sacramento,2021-02-11,8765,198269,4979,112560,3786,85709,0,0,4789,101134,3964,48517,4791,149651,California
Sacramento,2021-02-12,10553,208822,4134,116694,6419,92128,0,0,6371,103365,4143,52660,6374,156025,California
Sacramento,2021-02-13,7587,216409,2985,119679,4602,96730,0,0,6008,107796,1577,54237,6008,162033,California
Sacramento,2021-02-14,3106,219515,1924,121603,1182,97912,0,0,2066,108828,1038,55275,2070,164103,California
Sacramento,2021-02-15,5942,225457,2033,123636,3909,101821,0,0,4150,111196,1784,57059,4152,168255,California
Sacramento,2021-02-16,8843,234300,4194,127830,4649,106470,0,0,5262,112889,3574,60633,5267,173522,California
Sacramento,2021-02-17,8796,243096,4964,132794,3832,110302,0,0,5122,114350,3662,64295,5123,178645,California
Sacramento,2021-02-18,8815,251911,5045,137839,3770,114072,0,0,5075,115694,3734,68029,5078,183723,California
Sacramento,2021-02-19,9978,261889,6123,143962,3855,117927,0,0,5905,117543,4060,72089,5909,189632,California
Sacramento,2021-02-20,7333,269222,5354,149316,1979,119906,0,0,4288,118794,3038,75127,4289,193921,California
Sacramento,2021-02-21,2881,272103,2295,151611,586,120492,0,0,1002,117924,1872,76999,1002,194923,California
Sacramento,2021-02-22,6149,278252,3723,155334,2426,122918,0,0,2665,117117,3476,80475,2669,197592,California
Sacramento,2021-02-23,7097,285349,4414,159748,2683,125601,0,0,3463,116964,3619,84094,3466,201058,California
Sacramento,2021-02-24,9574,294923,5275,165023,4299,129900,0,0,5245,117899,4315,88409,5250,206308,California
Sacramento,2021-02-25,9977,304900,5379,170402,4598,134498,0,0,5515,118966,4448,92857,5515,211823,California
Sacramento,2021-02-26,13844,318744,6448,176850,7396,141894,0,0,9519,124195,4294,97151,9523,221346,California
Sacramento,2021-02-27,10768,329512,6698,183548,4067,145961,3,3,7921,129290,2830,99981,7925,229271,California
Sacramento,2021-02-28,5551,335063,2188,185736,3363,149324,0,3,2559,128872,2978,102959,2560,231831,California
Sacramento,2021-03-01,7946,343009,3421,189157,4525,153849,0,3,4271,129490,3655,106614,4273,236104,California
Sacramento,2021-03-02,8775,351784,3985,193142,4789,158638,1,4,5478,131689,3282,109896,5481,241585,California
Sacramento,2021-03-03,10676,362460,4893,198035,5780,164418,3,7,6297,133630,4361,114257,6302,247887,California
Sacramento,2021-03-04,12269,374729,5086,203121,7179,171597,4,11,7070,135541,5170,119427,7081,254968,California
Sacramento,2021-03-05,10493,385222,4868,207989,5595,177192,30,41,6966,139030,3508,122935,6997,261965,California
Sacramento,2021-03-06,8035,393257,3087,211076,4826,182018,122,163,4062,139257,3956,126891,4183,266148,California
Sacramento,2021-03-07,7543,400800,2181,213257,5278,187296,84,247,3700,139200,3840,130731,3783,269931,California
Sacramento,2021-03-08,9063,409863,4226,217483,4614,191910,223,470,5932,142235,3118,133849,6153,276084,California
Sacramento,2021-03-09,9440,419303,4502,221985,4669,196579,269,739,5414,143907,4011,137860,5683,281767,California
Sacramento,2021-03-10,11559,430862,7461,229446,3772,200351,326,1065,6746,146201,4780,142640,7074,288841,California
Sacramento,2021-03-11,13790,444652,8849,238295,4159,204510,782,1847,8187,149605,5564,148204,8968,297809,California
Sacramento,2021-03-12,17150,461802,8280,246575,8043,212553,827,2674,8091,149523,9008,157212,8926,306735,California
Sacramento,2021-03-13,12829,474631,3562,250137,8845,221398,422,3096,8068,153262,4749,161961,8488,315223,California
Sacramento,2021-03-14,8262,482893,3443,253580,4193,225591,626,3722,4389,154426,3850,165811,5014,320237,California
Sacramento,2021-03-15,12034,494927,4797,258377,6599,232190,638,4360,6987,157026,5026,170837,7626,327863,California
Sacramento,2021-03-16,13801,508728,6179,264556,6985,239175,637,4997,8502,160895,5267,176104,9136,336999,California
Sacramento,2021-03-17,13416,522144,6538,271094,6268,245443,610,5607,8631,165373,4760,180864,9238,346237,California
Sacramento,2021-03-18,13811,535955,6551,277645,6699,252142,561,6168,9115,170381,4666,185530,9674,355911,California
Sacramento,2021-03-19,14828,550783,7422,285067,6044,258186,1362,7530,7432,171803,7372,192902,8794,364705,California
Sacramento,2021-03-20,12677,563460,7524,292591,4814,263000,339,7869,7979,175450,4673,197575,8320,373025,California
Sacramento,2021-03-21,5528,568988,2747,295338,2742,265742,39,7908,4886,179747,630,198205,4927,377952,California
Sacramento,2021-03-22,9217,578205,4754,300092,3696,269438,767,8675,6233,183791,2958,201163,7002,384954,California
Sacramento,2021-03-23,11143,589348,6696,306788,3640,273078,807,9482,7181,187852,3927,205090,7988,392942,California
Sacramento,2021-03-24,11656,601004,7217,314005,3808,276886,631,10113,6713,190295,4903,209993,7346,400288,California
Sacramento,2021-03-25,12305,613309,6727,320732,4773,281659,805,10918,7127,193078,5147,215140,7930,408218,California
Sacramento,2021-03-26,17363,630672,8259,328991,8616,290275,488,11406,8474,193212,8831,223971,8965,417183,California
Sacramento,2021-03-27,9514,640186,3543,332534,5687,295962,284,11690,5125,194260,4360,228331,5408,422591,California
Sacramento,2021-03-28,6434,646620,3204,335738,2983,298945,247,11937,3083,194253,3342,231673,3335,425926,California
Sacramento,2021-03-29,10731,657351,5872,341610,4662,303607,197,12134,5169,194085,5537,237210,5369,431295,California
Sacramento,2021-03-30,11580,668931,6032,347642,5218,308825,330,12464,6068,194991,5491,242701,6397,437692,California
Sacramento,2021-03-31,13141,682072,7790,355432,4958,313783,393,12857,5649,193561,7468,250169,6038,443730,California
Sacramento,2021-04-01,15327,697399,8650,364082,6459,320242,218,13075,5787,190060,9513,259682,6012,449742,California
Sacramento,2021-04-02,15871,713270,8654,372736,6527,326769,690,13765,7950,190806,7897,267579,8643,458385,California
Sacramento,2021-04-03,10330,723600,6161,378897,3622,330391,547,14312,6368,193779,3939,271518,6912,465297,California
Sacramento,2021-04-04,3605,727205,1494,380391,1926,332317,185,14497,1407,193174,2194,273712,1589,466886,California
Sacramento,2021-04-05,11940,739145,7505,387896,3620,335937,815,15312,5355,192778,6563,280275,6167,473053,California
Sacramento,2021-04-06,15434,754579,8802,396698,5331,341268,1301,16613,6859,192394,8543,288818,8159,481212,California
Sacramento,2021-04-07,14602,769181,7928,404626,5131,346399,1543,18156,7121,193603,7448,296266,8657,489869,California
Sacramento,2021-04-08,14816,783997,6675,411301,5201,351600,2940,21096,5925,193600,8858,305124,8855,498724,California
Sacramento,2021-04-09,15486,799483,7602,418903,5753,357353,2131,23227,6023,192324,9424,314548,8148,506872,California
Sacramento,2021-04-10,11449,810932,3095,421998,7352,364705,1002,24229,4582,191058,6844,321392,5578,512450,California
Sacramento,2021-04-11,9446,820378,3089,425087,6137,370842,220,24449,2593,187038,6831,328223,2811,515261,California
Sacramento,2021-04-12,12658,833036,4836,429923,5987,376829,1835,26284,4849,185947,7762,335985,6671,521932,California
Sacramento,2021-04-13,14050,847086,7754,437677,6292,383121,4,26288,5497,182927,8525,344510,5505,527437,California
Sacramento,2021-04-14,13429,860515,6712,444389,6715,389836,2,26290,4819,179163,8588,353098,4824,532261,California
Sacramento,2021-04-15,13410,873925,6572,450961,6836,396672,2,26292,5420,176660,7961,361059,5458,537719,California
Sacramento,2021-04-16,14877,888802,7691,458652,7186,403858,0,26292,6539,174906,8299,369358,6545,544264,California
Sacramento,2021-04-17,10310,899112,3419,462071,6891,410749,0,26292,6969,178546,3331,372689,6971,551235,California
Sacramento,2021-04-18,6065,905177,1523,463594,4542,415291,0,26292,2741,177971,3317,376006,2742,553977,California
San Benito,2020-12-16,2,2,2,2,0,0,0,0,2,2,0,0,2,2,California
San Benito,2020-12-17,8,10,8,10,0,0,0,0,8,10,0,0,8,10,California
San Benito,2020-12-18,32,42,32,42,0,0,0,0,32,42,0,0,32,42,California
San Benito,2020-12-19,47,89,47,89,0,0,0,0,47,89,0,0,47,89,California
San Benito,2020-12-20,22,111,21,110,1,1,0,0,22,111,0,0,22,111,California
San Benito,2020-12-21,48,159,48,158,0,1,0,0,48,159,0,0,48,159,California
San Benito,2020-12-22,65,224,65,223,0,1,0,0,65,224,0,0,65,224,California
San Benito,2020-12-23,48,272,36,259,12,13,0,0,48,272,0,0,48,272,California
San Benito,2020-12-24,12,284,4,263,8,21,0,0,12,284,0,0,12,284,California
San Benito,2020-12-25,4,288,4,267,0,21,0,0,4,288,0,0,4,288,California
San Benito,2020-12-26,13,301,4,271,9,30,0,0,13,301,0,0,13,301,California
San Benito,2020-12-27,8,309,7,278,1,31,0,0,8,309,0,0,8,309,California
San Benito,2020-12-28,63,372,36,314,27,58,0,0,63,372,0,0,63,372,California
San Benito,2020-12-29,49,421,20,334,29,87,0,0,49,421,0,0,49,421,California
San Benito,2020-12-30,59,480,37,371,22,109,0,0,59,480,0,0,59,480,California
San Benito,2020-12-31,19,499,2,373,17,126,0,0,19,499,0,0,19,499,California
San Benito,2021-01-02,24,523,23,396,1,127,0,0,24,523,0,0,24,523,California
San Benito,2021-01-03,3,526,1,397,2,129,0,0,3,526,0,0,3,526,California
San Benito,2021-01-04,62,588,23,420,39,168,0,0,62,588,0,0,62,588,California
San Benito,2021-01-05,118,706,36,456,82,250,0,0,115,700,3,3,115,703,California
San Benito,2021-01-06,97,803,42,498,55,305,0,0,83,769,14,17,83,786,California
San Benito,2021-01-07,80,883,43,541,37,342,0,0,52,793,28,45,52,838,California
San Benito,2021-01-08,131,1014,67,608,64,406,0,0,88,838,43,88,88,926,California
San Benito,2021-01-09,44,1058,31,639,13,419,0,0,30,854,14,102,30,956,California
San Benito,2021-01-10,15,1073,13,652,2,421,0,0,5,849,10,112,5,961,California
San Benito,2021-01-11,102,1175,59,711,43,464,0,0,49,845,53,165,49,1010,California
San Benito,2021-01-12,156,1331,53,764,103,567,0,0,120,929,36,201,120,1130,California
San Benito,2021-01-13,190,1521,35,799,155,722,0,0,163,1065,27,228,163,1293,California
San Benito,2021-01-14,114,1635,23,822,91,813,0,0,97,1145,17,245,97,1390,California
San Benito,2021-01-15,214,1849,21,843,193,1006,0,0,200,1331,14,259,200,1590,California
San Benito,2021-01-16,27,1876,9,852,18,1024,0,0,21,1346,6,265,21,1611,California
San Benito,2021-01-17,11,1887,5,857,6,1030,0,0,8,1351,3,268,8,1619,California
San Benito,2021-01-18,36,1923,23,880,13,1043,0,0,21,1357,15,283,21,1640,California
San Benito,2021-01-19,150,2073,63,943,87,1130,0,0,124,1455,26,309,124,1764,California
San Benito,2021-01-20,260,2333,80,1023,180,1310,0,0,214,1624,45,354,214,1978,California
San Benito,2021-01-21,124,2457,31,1054,93,1403,0,0,100,1700,24,378,100,2078,California
San Benito,2021-01-22,230,2687,19,1073,211,1614,0,0,220,1910,10,388,220,2298,California
San Benito,2021-01-23,30,2717,16,1089,14,1628,0,0,13,1906,17,405,13,2311,California
San Benito,2021-01-24,11,2728,3,1092,8,1636,0,0,7,1909,4,409,7,2318,California
San Benito,2021-01-25,67,2795,25,1117,42,1678,0,0,22,1886,45,454,22,2340,California
San Benito,2021-01-26,134,2929,41,1158,93,1771,0,0,81,1914,53,507,81,2421,California
San Benito,2021-01-27,230,3159,69,1227,161,1932,0,0,190,2064,40,547,190,2611,California
San Benito,2021-01-28,156,3315,32,1259,124,2056,0,0,124,2157,31,578,124,2735,California
San Benito,2021-01-29,284,3599,32,1291,252,2308,0,0,260,2394,23,601,260,2995,California
San Benito,2021-01-30,49,3648,31,1322,18,2326,0,0,27,2399,22,623,27,3022,California
San Benito,2021-01-31,17,3665,5,1327,12,2338,0,0,12,2406,5,628,12,3034,California
San Benito,2021-02-01,133,3798,28,1355,105,2443,0,0,89,2451,44,672,89,3123,California
San Benito,2021-02-02,224,4022,48,1403,176,2619,0,0,134,2495,90,762,134,3257,California
San Benito,2021-02-03,336,4358,42,1445,294,2913,0,0,272,2703,64,826,272,3529,California
San Benito,2021-02-04,160,4518,24,1469,136,3049,0,0,116,2775,44,870,116,3645,California
San Benito,2021-02-05,290,4808,40,1509,250,3299,0,0,227,2939,63,933,227,3872,California
San Benito,2021-02-06,49,4857,9,1518,40,3339,0,0,32,2954,17,950,32,3904,California
San Benito,2021-02-07,15,4872,7,1525,8,3347,0,0,14,2967,1,951,14,3918,California
San Benito,2021-02-08,137,5009,15,1540,122,3469,0,0,91,3012,46,997,91,4009,California
San Benito,2021-02-09,326,5335,64,1604,262,3731,0,0,195,3076,131,1128,195,4204,California
San Benito,2021-02-10,318,5653,88,1692,230,3961,0,0,124,3006,194,1322,124,4328,California
San Benito,2021-02-11,295,5948,31,1723,264,4225,0,0,197,3105,98,1420,197,4525,California
San Benito,2021-02-12,411,6359,30,1753,381,4606,0,0,207,3109,203,1623,207,4732,California
San Benito,2021-02-13,57,6416,8,1761,49,4655,0,0,43,3138,14,1637,43,4775,California
San Benito,2021-02-14,40,6456,5,1766,35,4690,0,0,30,3158,10,1647,30,4805,California
San Benito,2021-02-15,106,6562,9,1775,97,4787,0,0,95,3242,11,1658,95,4900,California
San Benito,2021-02-16,202,6764,11,1786,191,4978,0,0,101,3242,101,1759,101,5001,California
San Benito,2021-02-17,327,7091,30,1816,297,5275,0,0,279,3473,48,1807,279,5280,California
San Benito,2021-02-18,291,7382,38,1854,253,5528,0,0,70,3322,221,2028,70,5350,California
San Benito,2021-02-19,324,7706,45,1899,279,5807,0,0,158,3314,166,2194,158,5508,California
San Benito,2021-02-20,45,7751,26,1925,19,5826,0,0,36,3341,9,2203,36,5544,California
San Benito,2021-02-21,23,7774,8,1933,15,5841,0,0,14,3346,9,2212,14,5558,California
San Benito,2021-02-22,131,7905,36,1969,95,5936,0,0,97,3410,33,2245,97,5655,California
San Benito,2021-02-23,374,8279,92,2061,282,6218,0,0,263,3562,111,2356,263,5918,California
San Benito,2021-02-24,373,8652,63,2124,310,6528,0,0,235,3659,138,2494,235,6153,California
San Benito,2021-02-25,391,9043,63,2187,328,6856,0,0,270,3806,123,2617,270,6423,California
San Benito,2021-02-26,640,9683,73,2260,567,7423,0,0,398,3962,242,2859,398,6821,California
San Benito,2021-02-27,98,9781,36,2296,62,7485,0,0,83,4030,15,2874,83,6904,California
San Benito,2021-02-28,247,10028,23,2319,224,7709,0,0,238,4259,9,2883,238,7142,California
San Benito,2021-03-01,224,10252,59,2378,165,7874,0,0,155,4344,70,2953,155,7297,California
San Benito,2021-03-02,257,10509,76,2454,181,8055,0,0,188,4463,69,3022,188,7485,California
San Benito,2021-03-03,383,10892,55,2509,328,8383,0,0,209,4500,172,3194,209,7694,California
San Benito,2021-03-04,607,11499,123,2632,469,8852,15,15,429,4755,178,3372,433,8127,California
San Benito,2021-03-05,582,12081,305,2937,264,9116,13,28,373,4933,208,3580,386,8513,California
San Benito,2021-03-06,188,12269,65,3002,109,9225,14,42,137,5033,51,3631,151,8664,California
San Benito,2021-03-07,647,12916,603,3605,22,9247,22,64,615,5638,32,3663,637,9301,California
San Benito,2021-03-08,286,13202,65,3670,175,9422,46,110,166,5730,120,3783,212,9513,California
San Benito,2021-03-09,418,13620,85,3755,235,9657,98,208,135,5654,282,4065,206,9719,California
San Benito,2021-03-10,401,14021,114,3869,193,9850,94,302,232,5811,169,4234,326,10045,California
San Benito,2021-03-11,467,14488,119,3988,196,10046,152,454,207,5910,260,4494,359,10404,California
San Benito,2021-03-12,508,14996,117,4105,297,10343,94,548,229,5957,277,4771,324,10728,California
San Benito,2021-03-13,201,15197,102,4207,81,10424,18,566,128,6032,71,4842,146,10874,California
San Benito,2021-03-14,232,15429,40,4247,172,10596,20,586,180,6181,51,4893,200,11074,California
San Benito,2021-03-15,323,15752,99,4346,205,10801,19,605,189,6255,134,5027,208,11282,California
San Benito,2021-03-16,481,16233,217,4563,233,11034,31,636,341,6486,140,5167,371,11653,California
San Benito,2021-03-17,777,17010,475,5038,280,11314,22,658,556,6839,217,5384,570,12223,California
San Benito,2021-03-18,781,17791,524,5562,201,11515,56,714,569,7245,210,5594,616,12839,California
San Benito,2021-03-19,775,18566,402,5964,350,11865,23,737,592,7677,183,5777,615,13454,California
San Benito,2021-03-20,234,18800,145,6109,77,11942,12,749,178,7811,56,5833,190,13644,California
San Benito,2021-03-21,106,18906,54,6163,47,11989,5,754,79,7868,27,5860,84,13728,California
San Benito,2021-03-22,327,19233,169,6332,133,12122,25,779,225,8016,102,5962,250,13978,California
San Benito,2021-03-23,476,19709,199,6531,267,12389,10,789,223,7995,253,6215,232,14210,California
San Benito,2021-03-24,560,20269,305,6836,248,12637,7,796,359,8159,201,6416,365,14575,California
San Benito,2021-03-25,711,20980,413,7249,294,12931,4,800,417,8288,292,6708,421,14996,California
San Benito,2021-03-26,995,21975,517,7766,475,13406,3,803,328,7953,666,7374,331,15327,California
San Benito,2021-03-27,327,22302,181,7947,113,13519,33,836,211,8082,115,7489,244,15571,California
San Benito,2021-03-28,692,22994,571,8518,116,13635,5,841,127,7649,565,8054,132,15703,California
San Benito,2021-03-29,347,23341,112,8630,215,13850,20,861,152,7625,195,8249,171,15874,California
San Benito,2021-03-30,566,23907,265,8895,210,14060,91,952,287,7724,279,8528,378,16252,California
San Benito,2021-03-31,577,24484,354,9249,199,14259,24,976,332,7837,243,8771,356,16608,California
San Benito,2021-04-01,928,25412,374,9623,517,14776,37,1013,555,8051,372,9143,586,17194,California
San Benito,2021-04-02,536,25948,261,9884,140,14916,135,1148,264,8178,272,9415,399,17593,California
San Benito,2021-04-03,252,26200,89,9973,104,15020,59,1207,78,8141,174,9589,137,17730,California
San Benito,2021-04-04,146,26346,110,10083,30,15050,6,1213,108,8217,38,9627,114,17844,California
San Benito,2021-04-05,350,26696,171,10254,138,15188,41,1254,143,8193,207,9834,183,18027,California
San Benito,2021-04-06,445,27141,158,10412,121,15309,166,1420,162,8238,283,10117,328,18355,California
San Benito,2021-04-07,888,28029,520,10932,213,15522,155,1575,255,8016,632,10749,410,18765,California
San Benito,2021-04-08,823,28852,422,11354,171,15693,230,1805,212,7848,610,11359,442,19207,California
San Benito,2021-04-09,836,29688,497,11851,249,15942,90,1895,303,7709,532,11891,393,19600,California
San Benito,2021-04-10,342,30030,215,12066,71,16013,56,1951,195,7813,147,12038,251,19851,California
San Benito,2021-04-11,459,30489,261,12327,167,16180,31,1982,236,7856,223,12261,266,20117,California
San Benito,2021-04-12,522,31011,284,12611,129,16309,109,2091,274,7990,247,12508,381,20498,California
San Benito,2021-04-13,779,31790,318,12929,438,16747,23,2114,550,8335,228,12736,573,21071,California
San Benito,2021-04-14,715,32505,544,13473,171,16918,0,2114,356,8338,354,13090,357,21428,California
San Benito,2021-04-15,849,33354,653,14126,195,17113,1,2115,391,8297,457,13547,416,21844,California
San Benito,2021-04-16,600,33954,300,14426,291,17404,9,2124,219,8147,378,13925,228,22072,California
San Benito,2021-04-17,241,34195,188,14614,53,17457,0,2124,74,8054,167,14092,74,22146,California
San Benito,2021-04-18,237,34432,196,14810,41,17498,0,2124,183,8183,54,14146,183,22329,California
San Bernardino,2020-12-15,13,13,13,13,0,0,0,0,13,13,0,0,13,13,California
San Bernardino,2020-12-16,107,120,107,120,0,0,0,0,107,120,0,0,107,120,California
San Bernardino,2020-12-17,2350,2470,2350,2470,0,0,0,0,2350,2470,0,0,2350,2470,California
San Bernardino,2020-12-18,3142,5612,3139,5609,3,3,0,0,3143,5613,0,0,3143,5613,California
San Bernardino,2020-12-19,1066,6678,1065,6674,1,4,0,0,1067,6680,0,0,1067,6680,California
San Bernardino,2020-12-20,1174,7852,1172,7846,2,6,0,0,1174,7854,0,0,1174,7854,California
San Bernardino,2020-12-21,2452,10304,2447,10293,5,11,0,0,2452,10306,0,0,2452,10306,California
San Bernardino,2020-12-22,2268,12572,2142,12435,126,137,0,0,2269,12575,0,0,2269,12575,California
San Bernardino,2020-12-23,2646,15218,1454,13889,1192,1329,0,0,2645,15220,0,0,2645,15220,California
San Bernardino,2020-12-24,1159,16377,585,14474,574,1903,0,0,1161,16381,0,0,1161,16381,California
San Bernardino,2020-12-25,74,16451,14,14488,60,1963,0,0,74,16455,0,0,74,16455,California
San Bernardino,2020-12-26,461,16912,253,14741,208,2171,0,0,461,16916,0,0,461,16916,California
San Bernardino,2020-12-27,343,17255,160,14901,183,2354,0,0,343,17259,0,0,343,17259,California
San Bernardino,2020-12-28,1561,18816,710,15611,851,3205,0,0,1562,18821,0,0,1562,18821,California
San Bernardino,2020-12-29,2210,21026,1042,16653,1168,4373,0,0,2209,21029,1,1,2209,21030,California
San Bernardino,2020-12-30,2891,23917,1460,18113,1431,5804,0,0,2892,23921,0,1,2892,23922,California
San Bernardino,2020-12-31,1356,25273,440,18553,916,6720,0,0,1354,25275,0,1,1354,25276,California
San Bernardino,2021-01-01,279,25552,149,18702,130,6850,0,0,278,25553,0,1,278,25554,California
San Bernardino,2021-01-02,474,26026,338,19040,136,6986,0,0,474,26027,0,1,474,26028,California
San Bernardino,2021-01-03,135,26161,85,19125,50,7036,0,0,135,26162,0,1,135,26163,California
San Bernardino,2021-01-04,2116,28277,1285,20410,831,7867,0,0,2115,28277,0,1,2115,28278,California
San Bernardino,2021-01-05,2325,30602,1455,21865,870,8737,0,0,2215,30383,109,110,2215,30493,California
San Bernardino,2021-01-06,3426,34028,2354,24219,1072,9809,0,0,2933,32830,487,597,2934,33427,California
San Bernardino,2021-01-07,5405,39433,4499,28718,906,10715,0,0,2475,32394,2911,3508,2475,35902,California
San Bernardino,2021-01-08,5357,44790,4440,33158,917,11632,0,0,2284,31612,3067,6575,2285,38187,California
San Bernardino,2021-01-09,1402,46192,1103,34261,299,11931,0,0,905,32020,497,7072,905,39092,California
San Bernardino,2021-01-10,1020,47212,598,34859,422,12353,0,0,573,32146,447,7519,573,39665,California
San Bernardino,2021-01-11,4980,52192,4078,38937,902,13255,0,0,2766,32701,2211,9730,2766,42431,California
San Bernardino,2021-01-12,4229,56421,3220,42157,1009,14264,0,0,2515,33503,1713,11443,2515,44946,California
San Bernardino,2021-01-13,4550,60971,2848,45005,1702,15966,0,0,3326,35619,1211,12654,3327,48273,California
San Bernardino,2021-01-14,4741,65712,2773,47778,1968,17934,0,0,4159,39200,578,13232,4159,52432,California
San Bernardino,2021-01-15,5978,71690,2972,50750,3006,20940,0,0,5583,44401,385,13617,5586,58018,California
San Bernardino,2021-01-16,2258,73948,1293,52043,965,21905,0,0,2117,46377,141,13758,2117,60135,California
San Bernardino,2021-01-17,1188,75136,515,52558,673,22578,0,0,1098,47388,89,13847,1100,61235,California
San Bernardino,2021-01-18,4263,79399,2637,55195,1626,24204,0,0,3645,50418,617,14464,3647,64882,California
San Bernardino,2021-01-19,6297,85696,3706,58901,2591,26795,0,0,5208,54541,1087,15551,5210,70092,California
San Bernardino,2021-01-20,6802,92498,3731,62632,3071,29866,0,0,4873,57495,1921,17472,4875,74967,California
San Bernardino,2021-01-21,5979,98477,3073,65705,2906,32772,0,0,4865,61257,1105,18577,4867,79834,California
San Bernardino,2021-01-22,6498,104975,3034,68739,3464,36236,0,0,5777,66316,719,19296,5778,85612,California
San Bernardino,2021-01-23,3099,108074,1885,70624,1214,37450,0,0,2712,68642,386,19682,2712,88324,California
San Bernardino,2021-01-24,1191,109265,460,71084,731,38181,0,0,1091,69633,100,19782,1091,89415,California
San Bernardino,2021-01-25,6860,116125,3395,74479,3465,41646,0,0,5016,72810,1842,21624,5019,94434,California
San Bernardino,2021-01-26,7098,123223,3562,78041,3536,45182,0,0,5008,75728,2090,23714,5008,99442,California
San Bernardino,2021-01-27,8288,131511,4119,82160,4169,49351,0,0,5589,78630,2690,26404,5592,105034,California
San Bernardino,2021-01-28,8551,140062,4056,86216,4495,53846,0,0,6240,82569,2307,28711,6246,111280,California
San Bernardino,2021-01-29,8136,148198,3736,89952,4400,58246,0,0,6187,86821,1936,30647,6188,117468,California
San Bernardino,2021-01-30,3081,151279,1894,91846,1187,59433,0,0,2797,89335,283,30930,2797,120265,California
San Bernardino,2021-01-31,923,152202,493,92339,430,59863,0,0,869,90151,53,30983,869,121134,California
San Bernardino,2021-02-01,7529,159731,4227,96566,3302,63165,0,0,4911,92447,2615,33598,4911,126045,California
San Bernardino,2021-02-02,10367,170098,3646,100212,6721,69886,0,0,8319,98722,2045,35643,8320,134365,California
San Bernardino,2021-02-03,8962,179060,4144,104356,4818,74704,0,0,6481,102731,2473,38116,6482,140847,California
San Bernardino,2021-02-04,10507,189567,5199,109555,5308,80012,0,0,7442,107119,3054,41170,7442,148289,California
San Bernardino,2021-02-05,10966,200533,5907,115462,5059,85071,0,0,7450,111065,3505,44675,7451,155740,California
San Bernardino,2021-02-06,5250,205783,2206,117668,3044,88115,0,0,3617,113077,1608,46283,3620,159360,California
San Bernardino,2021-02-07,844,206627,491,118159,353,88468,0,0,467,113171,374,46657,468,159828,California
San Bernardino,2021-02-08,7265,213892,3870,122029,3395,91863,0,0,5600,117110,1661,48318,5600,165428,California
San Bernardino,2021-02-09,9898,223790,5818,127847,4080,95943,0,0,6674,120566,3221,51539,6677,172105,California
San Bernardino,2021-02-10,11994,235784,6531,134378,5463,101406,0,0,7838,124260,4145,55684,7839,179944,California
San Bernardino,2021-02-11,12242,248026,7041,141419,5201,106607,0,0,7812,127667,4408,60092,7815,187759,California
San Bernardino,2021-02-12,10335,258361,5918,147337,4417,111024,0,0,5683,128712,4638,64730,5683,193442,California
San Bernardino,2021-02-13,6004,264365,3989,151326,2015,113039,0,0,3767,130263,2221,66951,3772,197214,California
San Bernardino,2021-02-14,1546,265911,648,151974,898,113937,0,0,870,130465,668,67619,870,198084,California
San Bernardino,2021-02-15,5455,271366,2995,154969,2460,116397,0,0,3057,131138,2384,70003,3057,201141,California
San Bernardino,2021-02-16,12575,283941,7372,162341,5203,121600,0,0,7966,134510,4596,74599,7968,209109,California
San Bernardino,2021-02-17,11775,295716,6454,168795,5321,126921,0,0,7162,137075,4598,79197,7163,216272,California
San Bernardino,2021-02-18,12447,308163,7582,176377,4865,131786,0,0,7708,140060,4724,83921,7709,223981,California
San Bernardino,2021-02-19,11465,319628,5901,182278,5564,137350,0,0,6784,142181,4663,88584,6784,230765,California
San Bernardino,2021-02-20,4490,324118,3448,185726,1042,138392,0,0,2040,141774,2448,91032,2041,232806,California
San Bernardino,2021-02-21,1018,325136,561,186287,457,138849,0,0,320,141399,695,91727,320,233126,California
San Bernardino,2021-02-22,8489,333625,5196,191483,3293,142142,0,0,4023,140968,4455,96182,4024,237150,California
San Bernardino,2021-02-23,8832,342457,5184,196667,3648,145790,0,0,4528,141223,4273,100455,4528,241678,California
San Bernardino,2021-02-24,11991,354448,6846,203513,5145,150935,0,0,6058,141374,5908,106363,6059,247737,California
San Bernardino,2021-02-25,12892,367340,6248,209761,6644,157579,0,0,7513,143527,5363,111726,7516,255253,California
San Bernardino,2021-02-26,13325,380665,6373,216134,6952,164531,0,0,7494,145251,5771,117497,7495,262748,California
San Bernardino,2021-02-27,6599,387264,3667,219801,2931,167462,1,1,4780,148222,1810,119307,4781,267529,California
San Bernardino,2021-02-28,1734,388998,709,220510,1025,168487,0,1,1121,148735,608,119915,1121,268650,California
San Bernardino,2021-03-01,8362,397360,4307,224817,4054,172541,1,2,3822,148046,4519,124434,3830,272480,California
San Bernardino,2021-03-02,13505,410865,5328,230145,8177,180718,0,2,6423,147417,7055,131489,6426,278906,California
San Bernardino,2021-03-03,12465,423330,6324,236469,6140,186858,1,3,5755,146484,6694,138183,5761,284667,California
San Bernardino,2021-03-04,12742,436072,6478,242947,6264,193122,0,3,5768,145298,6956,145139,5770,290437,California
San Bernardino,2021-03-05,13349,449421,6713,249660,6635,199757,1,4,6783,145560,6539,151678,6801,297238,California
San Bernardino,2021-03-06,9496,458917,5263,254923,4018,203775,215,219,4425,145142,5057,156735,4639,301877,California
San Bernardino,2021-03-07,1568,460485,926,255849,587,204362,55,274,998,145627,568,157303,1053,302930,California
San Bernardino,2021-03-08,7239,467724,3103,258952,3975,208337,161,435,3464,145483,3770,161073,3626,306556,California
San Bernardino,2021-03-09,11919,479643,6551,265503,5132,213469,236,671,4786,143387,7119,168192,5023,311579,California
San Bernardino,2021-03-10,13300,492943,7251,272754,5657,219126,392,1063,6148,142807,7126,175318,6546,318125,California
San Bernardino,2021-03-11,13703,506646,6470,279224,6434,225560,799,1862,7193,144310,6489,181807,7992,326117,California
San Bernardino,2021-03-12,15196,521842,6775,285999,6407,231967,2014,3876,7262,145725,7907,189714,9322,335439,California
San Bernardino,2021-03-13,8241,530083,4486,290485,3255,235222,500,4376,4893,147780,3339,193053,5394,340833,California
San Bernardino,2021-03-14,3196,533279,1600,292085,1029,236251,567,4943,1829,148811,1361,194414,2392,343225,California
San Bernardino,2021-03-15,11252,544531,5304,297389,3949,240200,1999,6942,5524,150612,5720,200134,7521,350746,California
San Bernardino,2021-03-16,15964,560495,7884,305273,7138,247338,942,7884,9743,155095,6199,206333,10682,361428,California
San Bernardino,2021-03-17,16803,577298,8444,313717,7612,254950,747,8631,10116,159288,6671,213004,10864,372292,California
San Bernardino,2021-03-18,16232,593530,8050,321767,7798,262748,384,9015,9542,162552,6663,219667,9927,382219,California
San Bernardino,2021-03-19,16638,610168,8191,329958,7862,270610,585,9600,9538,165652,7077,226744,10177,392396,California
San Bernardino,2021-03-20,9350,619518,5888,335846,2880,273490,582,10182,5554,168014,3772,230516,6134,398530,California
San Bernardino,2021-03-21,2736,622254,2233,338079,456,273946,47,10229,2215,169767,509,231025,2262,400792,California
San Bernardino,2021-03-22,9551,631805,4490,342569,4628,278574,433,10662,6939,174544,2596,233621,7373,408165,California
San Bernardino,2021-03-23,15284,647089,8669,351238,5995,284569,620,11282,9550,178997,5715,239336,10168,418333,California
San Bernardino,2021-03-24,14851,661940,7710,358948,6843,291412,298,11580,9916,184307,4905,244241,10215,428548,California
San Bernardino,2021-03-25,16618,678558,8173,367121,8156,299568,289,11869,10572,189161,6004,250245,10858,439406,California
San Bernardino,2021-03-26,17792,696350,8552,375673,8483,308051,757,12626,10861,193877,6903,257148,11619,451025,California
San Bernardino,2021-03-27,10663,707013,6870,382543,3046,311097,747,13373,6120,196217,4527,261675,6867,457892,California
San Bernardino,2021-03-28,3515,710528,2471,385014,933,312030,111,13484,2480,197778,1029,262704,2590,460482,California
San Bernardino,2021-03-29,11247,721775,5934,390948,4915,316945,398,13882,7633,202208,3600,266304,8030,468512,California
San Bernardino,2021-03-30,16720,738495,9386,400334,6628,323573,706,14588,10800,207821,5889,272193,11502,480014,California
San Bernardino,2021-03-31,16108,754603,9113,409447,6390,329963,605,15193,10886,214110,5200,277393,11489,491503,California
San Bernardino,2021-04-01,19362,773965,10249,419696,7768,337731,1345,16538,12662,221441,6673,284066,14004,505507,California
San Bernardino,2021-04-02,18312,792277,9137,428833,7908,345639,1267,17805,11088,226639,7197,291263,12395,517902,California
San Bernardino,2021-04-03,10841,803118,6768,435601,2952,348591,1121,18926,5945,228817,4885,296148,7063,524965,California
San Bernardino,2021-04-04,2409,805527,1450,437051,716,349307,243,19169,1225,229103,1182,297330,1468,526433,California
San Bernardino,2021-04-05,11635,817162,5241,442292,4680,353987,1714,20883,6039,231275,5577,302907,7749,534182,California
San Bernardino,2021-04-06,19568,836730,11004,453296,6484,360471,2080,22963,10457,234734,9076,311983,12535,546717,California
San Bernardino,2021-04-07,20774,857504,11147,464443,7198,367669,2429,25392,11449,239306,9296,321279,13868,560585,California
San Bernardino,2021-04-08,21518,879022,11026,475469,7922,375591,2570,27962,11958,244297,9532,330811,14523,575108,California
San Bernardino,2021-04-09,20811,899833,10431,485900,7936,383527,2444,30406,11475,248905,9304,340115,13912,589020,California
San Bernardino,2021-04-10,15403,915236,7952,493852,3784,387311,3667,34073,7666,252512,7718,347833,11325,600345,California
San Bernardino,2021-04-11,4303,919539,2531,496383,881,388192,891,34964,2000,253104,2298,350131,2890,603235,California
San Bernardino,2021-04-12,12613,932152,5725,502108,5370,393562,1518,36482,5937,253899,6658,356789,7453,610688,California
San Bernardino,2021-04-13,18476,950628,10453,512561,8004,401566,19,36501,10461,256381,7996,364785,10478,621166,California
San Bernardino,2021-04-14,16551,967179,9031,521592,7517,409083,3,36504,9587,259034,6939,371724,9592,630758,California
San Bernardino,2021-04-15,16814,983993,9498,531090,7313,416396,3,36507,9272,260833,7514,379238,9313,640071,California
San Bernardino,2021-04-16,17595,1001588,10152,541242,7443,423839,0,36507,8675,260620,8894,388132,8681,648752,California
San Bernardino,2021-04-17,10614,1012202,6865,548107,3749,427588,0,36507,5856,261738,4738,392870,5856,654608,California
San Bernardino,2021-04-18,1197,1013399,872,548979,325,427913,0,36507,585,261719,604,393474,585,655193,California
San Diego,2020-12-15,119,119,119,119,0,0,0,0,119,119,0,0,119,119,California
San Diego,2020-12-16,1101,1220,1101,1220,0,0,0,0,1101,1220,0,0,1101,1220,California
San Diego,2020-12-17,2348,3568,2348,3568,0,0,0,0,2348,3568,0,0,2348,3568,California
San Diego,2020-12-18,3671,7239,3670,7238,1,1,0,0,3671,7239,0,0,3671,7239,California
San Diego,2020-12-19,2310,9549,2310,9548,0,1,0,0,2310,9549,0,0,2310,9549,California
San Diego,2020-12-20,1184,10733,1183,10731,1,2,0,0,1184,10733,0,0,1184,10733,California
San Diego,2020-12-21,3521,14254,3520,14251,1,3,0,0,3521,14254,0,0,3521,14254,California
San Diego,2020-12-22,4054,18308,3411,17662,643,646,0,0,4054,18308,0,0,4054,18308,California
San Diego,2020-12-23,3178,21486,1976,19638,1202,1848,0,0,3178,21486,0,0,3178,21486,California
San Diego,2020-12-24,2733,24219,2217,21855,516,2364,0,0,2733,24219,0,0,2733,24219,California
San Diego,2020-12-25,874,25093,873,22728,1,2365,0,0,874,25093,0,0,874,25093,California
San Diego,2020-12-26,3294,28387,2143,24871,1151,3516,0,0,3294,28387,0,0,3294,28387,California
San Diego,2020-12-27,2507,30894,1617,26488,890,4406,0,0,2506,30892,1,1,2506,30893,California
San Diego,2020-12-28,5900,36794,4213,30701,1687,6093,0,0,5900,36792,0,1,5900,36793,California
San Diego,2020-12-29,5588,42382,3014,33715,2574,8667,0,0,5588,42380,0,1,5588,42381,California
San Diego,2020-12-30,5943,48325,3099,36814,2844,11511,0,0,5943,48323,0,1,5943,48324,California
San Diego,2020-12-31,2983,51308,1004,37818,1979,13490,0,0,2983,51306,0,1,2983,51307,California
San Diego,2021-01-01,1006,52314,452,38270,554,14044,0,0,1005,52311,0,1,1005,52312,California
San Diego,2021-01-02,3762,56076,1321,39591,2441,16485,0,0,3762,56073,0,1,3762,56074,California
San Diego,2021-01-03,859,56935,632,40223,227,16712,0,0,858,56931,0,1,858,56932,California
San Diego,2021-01-04,3703,60638,2052,42275,1651,18363,0,0,3696,60627,0,1,3696,60628,California
San Diego,2021-01-05,4310,64948,2122,44397,2188,20551,0,0,3693,63720,613,614,3706,64334,California
San Diego,2021-01-06,4948,69896,2300,46697,2648,23199,0,0,3713,66225,1212,1826,3717,68051,California
San Diego,2021-01-07,5606,75502,2980,49677,2626,25825,0,0,3451,67534,2148,3974,3457,71508,California
San Diego,2021-01-08,7721,83223,4959,54636,2762,28587,0,0,3935,67715,3769,7743,3950,75458,California
San Diego,2021-01-09,2955,86178,1554,56190,1401,29988,0,0,1787,68352,1158,8901,1795,77253,California
San Diego,2021-01-10,1881,88059,1292,57482,589,30577,0,0,780,68051,1089,9990,788,78041,California
San Diego,2021-01-11,10323,98382,5858,63340,4465,35042,0,0,6798,71345,3518,13508,6812,84853,California
San Diego,2021-01-12,11202,109584,5317,68657,5885,40927,0,0,7830,75925,3363,16871,7943,92796,California
San Diego,2021-01-13,11477,121061,5023,73680,6454,47381,0,0,8932,82348,2532,19403,8955,101751,California
San Diego,2021-01-14,12361,133422,4750,78430,7611,54992,0,0,10195,90420,2157,21560,10229,111980,California
San Diego,2021-01-15,15118,148540,5353,83783,9765,64757,0,0,12475,100323,2624,24184,12527,124507,California
San Diego,2021-01-16,10766,159306,3594,87377,7172,71929,0,0,9320,108234,1441,25625,9352,133859,California
San Diego,2021-01-17,8682,167988,2499,89876,6183,78112,0,0,7844,115258,838,26463,7862,141721,California
San Diego,2021-01-18,12498,180486,5942,95818,6556,84668,0,0,9668,122189,2791,29254,9722,151443,California
San Diego,2021-01-19,14750,195236,5823,101641,8927,93595,0,0,11624,130959,3112,32366,11882,163325,California
San Diego,2021-01-20,18324,213560,6385,108026,11939,105534,0,0,15034,142893,3271,35637,15205,178530,California
San Diego,2021-01-21,17402,230962,5898,113924,11504,117038,0,0,16012,157672,1379,37016,16158,194688,California
San Diego,2021-01-22,17676,248638,4754,118678,12922,129960,0,0,15622,171349,2041,39057,15718,210406,California
San Diego,2021-01-23,14475,263113,5270,123948,9205,139165,0,0,12113,181169,2349,41406,12169,222575,California
San Diego,2021-01-24,11912,275025,3358,127306,8554,147719,0,0,10937,191167,973,42379,10971,233546,California
San Diego,2021-01-25,12220,287245,5749,133055,6471,154190,0,0,9210,197525,3003,45382,9361,242907,California
San Diego,2021-01-26,14937,302182,7642,140697,7295,161485,0,0,11662,206104,3270,48652,11849,254756,California
San Diego,2021-01-27,20759,322941,8123,148820,12636,174121,0,0,17675,220842,3070,51722,17808,272564,California
San Diego,2021-01-28,21259,344200,7605,156425,13654,187775,0,0,19001,237671,2248,53970,19077,291641,California
San Diego,2021-01-29,19695,363895,6457,162882,13238,201013,0,0,17274,252577,2411,56381,17317,308958,California
San Diego,2021-01-30,15899,379794,3667,166549,12232,213245,0,0,13220,263225,2669,59050,13317,322275,California
San Diego,2021-01-31,14790,394584,5752,172301,9038,222283,0,0,14433,277331,353,59403,14459,336734,California
San Diego,2021-02-01,20518,415102,7233,179534,13285,235568,0,0,17329,291561,3175,62578,17405,354139,California
San Diego,2021-02-02,23199,438301,8691,188225,14508,250076,0,0,19668,307876,3521,66099,19836,373975,California
San Diego,2021-02-03,27447,465748,11561,199786,15886,265962,0,0,23275,327176,4154,70253,23454,397429,California
San Diego,2021-02-04,24375,490123,10026,209812,14349,280311,0,0,19677,342452,4681,74934,19957,417386,California
San Diego,2021-02-05,24997,515120,8961,218773,16036,296347,0,0,18452,354871,6522,81456,18941,436327,California
San Diego,2021-02-06,20769,535889,8547,227320,12222,308569,0,0,17574,369479,3189,84645,17797,454124,California
San Diego,2021-02-07,12127,548016,5375,232695,6752,315321,0,0,10262,378149,1845,86490,10515,464639,California
San Diego,2021-02-08,20098,568114,8520,241215,11578,326899,0,0,12688,384130,7394,93884,13375,478014,California
San Diego,2021-02-09,20391,588505,8237,249452,12154,339053,0,0,13196,391218,7175,101059,14263,492277,California
San Diego,2021-02-10,22987,611492,9360,258812,13627,352680,0,0,13885,397402,9058,110117,15242,507519,California
San Diego,2021-02-11,23778,635270,10141,268953,13637,366317,0,0,12735,400794,11017,121134,14409,521928,California
San Diego,2021-02-12,23834,659104,7457,276410,16377,382694,0,0,11921,403070,11896,133030,14172,536100,California
San Diego,2021-02-13,20020,679124,9012,285422,11008,393702,0,0,10895,406042,9116,142146,12088,548188,California
San Diego,2021-02-14,11187,690311,7431,292853,3756,397458,0,0,6337,409191,4846,146992,7995,556183,California
San Diego,2021-02-15,15187,705498,7682,300535,7505,404963,0,0,7843,412857,7325,154317,10991,567174,California
San Diego,2021-02-16,19281,724779,11251,311786,8030,412993,0,0,9235,415421,10035,164352,12599,579773,California
San Diego,2021-02-17,23390,748169,10979,322765,12411,425404,0,0,8149,411923,15232,179584,11734,591507,California
San Diego,2021-02-18,23571,771740,12018,334783,11553,436957,0,0,7799,408587,15766,195350,12430,603937,California
San Diego,2021-02-19,15904,787644,10918,345701,4986,441943,0,0,6631,408066,9253,204603,8732,612669,California
San Diego,2021-02-20,10259,797903,6362,352063,3897,445840,0,0,5819,411699,4437,209040,8070,620739,California
San Diego,2021-02-21,11526,809429,10115,362178,1411,447251,0,0,5202,412934,6299,215339,7534,628273,California
San Diego,2021-02-22,12440,821869,10579,372757,1861,449112,0,0,5803,414584,6632,221971,8282,636555,California
San Diego,2021-02-23,25907,847776,14525,387282,11382,460494,0,0,9676,414992,16226,238197,16634,653189,California
San Diego,2021-02-24,28950,876726,12761,400043,16189,476683,0,0,6871,408398,22061,260258,15467,668656,California
San Diego,2021-02-25,33180,909906,14705,414748,18475,495158,0,0,10168,404986,22993,283251,19581,688237,California
San Diego,2021-02-26,33445,943351,12390,427138,21055,516213,0,0,12170,403090,21249,304500,19353,707590,California
San Diego,2021-02-27,21238,964589,9673,436811,11565,527778,0,0,11456,409229,9777,314277,15916,723506,California
San Diego,2021-02-28,15236,979825,9938,446749,5298,533076,0,0,9492,416781,5742,320019,13294,736800,California
San Diego,2021-03-01,24153,1003978,14234,460983,9918,542994,1,1,14668,426834,9412,329431,19465,756265,California
San Diego,2021-03-02,26056,1030034,13982,474965,12074,555068,0,1,12722,433950,13328,342759,20444,776709,California
San Diego,2021-03-03,33948,1063982,15879,490844,18066,573134,3,4,14056,436021,19879,362638,21950,798659,California
San Diego,2021-03-04,28258,1092240,14056,504900,14202,587336,0,4,12640,440421,15599,378237,19999,818658,California
San Diego,2021-03-05,28876,1121116,14808,519708,13986,601322,82,86,13478,446200,15387,393624,21166,839824,California
San Diego,2021-03-06,23339,1144455,9511,529219,13125,614447,703,789,10298,449690,13035,406659,16525,856349,California
San Diego,2021-03-07,18196,1162651,9292,538511,8334,622781,570,1359,6914,451380,11277,417936,12967,869316,California
San Diego,2021-03-08,23015,1185666,11163,549674,10953,633734,899,2258,11419,457039,11585,429521,17244,886560,California
San Diego,2021-03-09,25787,1211453,11935,561609,12099,645833,1753,4011,10062,459240,15713,445234,17914,904474,California
San Diego,2021-03-10,25206,1236659,10726,572335,12090,657923,2390,6401,9848,462025,15350,460584,18135,922609,California
San Diego,2021-03-11,28664,1265323,10988,583323,14079,672002,3597,9998,10014,462624,18631,479215,19230,941839,California
San Diego,2021-03-12,27069,1292392,9444,592767,14495,686497,3130,13128,9971,462175,17085,496300,16636,958475,California
San Diego,2021-03-13,25955,1318347,7287,600054,17065,703562,1603,14731,10062,462146,15890,512190,15861,974336,California
San Diego,2021-03-14,13696,1332043,5355,605409,7606,711168,735,15466,4783,461192,8908,521098,7954,982290,California
San Diego,2021-03-15,22002,1354045,10154,615563,11071,722239,777,16243,9058,463069,12930,534028,14807,997097,California
San Diego,2021-03-16,29882,1383927,15693,631256,13776,736015,413,16656,15647,470307,14216,548244,21454,1018551,California
San Diego,2021-03-17,26221,1410148,12141,643397,13371,749386,709,17365,16701,481015,9510,557754,20218,1038769,California
San Diego,2021-03-18,31378,1441526,17693,661090,12790,762176,895,18260,16958,489625,14402,572156,23012,1061781,California
San Diego,2021-03-19,30147,1471673,14289,675379,14881,777057,977,19237,19274,500950,10856,583012,22181,1083962,California
San Diego,2021-03-20,27771,1499444,8354,683733,17626,794683,1791,21028,21359,519590,6405,589417,25045,1109007,California
San Diego,2021-03-21,16481,1515925,12001,695734,3764,798447,716,21744,7694,523335,8779,598196,12524,1121531,California
San Diego,2021-03-22,22432,1538357,13095,708829,9096,807543,241,21985,14289,534396,8135,606331,19196,1140727,California
San Diego,2021-03-23,25902,1564259,13599,722428,12042,819585,261,22246,17122,547620,8767,615098,21991,1162718,California
San Diego,2021-03-24,29456,1593715,19701,742129,9392,828977,363,22609,17076,557760,12372,627470,22512,1185230,California
San Diego,2021-03-25,30214,1623929,18217,760346,11338,840315,659,23268,17936,568164,12269,639739,22673,1207903,California
San Diego,2021-03-26,32036,1655965,17872,778218,13617,853932,547,23815,17537,576723,14472,654211,23031,1230934,California
San Diego,2021-03-27,25016,1680981,10995,789213,13628,867560,393,24208,15319,585023,9682,663893,17982,1248916,California
San Diego,2021-03-28,14867,1695848,9196,798409,5615,873175,56,24264,9155,590001,5706,669599,10684,1259600,California
San Diego,2021-03-29,26500,1722348,12807,811216,13097,886272,596,24860,16358,601623,10135,679734,21757,1281357,California
San Diego,2021-03-30,33083,1755431,17845,829061,14470,900742,768,25628,21941,616472,11127,690861,25976,1307333,California
San Diego,2021-03-31,30081,1785512,18661,847722,10781,911523,639,26267,20467,629113,9594,700455,22235,1329568,California
San Diego,2021-04-01,33856,1819368,19937,867659,12568,924091,1351,27618,23001,645420,10833,711288,27140,1356708,California
San Diego,2021-04-02,35356,1854724,20577,888236,12233,936324,2546,30164,24056,662264,11282,722570,28126,1384834,California
San Diego,2021-04-03,30605,1885329,14376,902612,11753,948077,4476,34640,19654,677044,10940,733510,25720,1410554,California
San Diego,2021-04-04,8878,1894207,5056,907668,2924,951001,898,35538,4685,678699,4189,737699,5844,1416398,California
San Diego,2021-04-05,29568,1923775,15350,923018,11672,962673,2546,38084,19377,693244,10180,747879,24725,1441123,California
San Diego,2021-04-06,38493,1962268,20342,943360,12385,975058,5766,43850,22346,708442,16129,764008,31327,1472450,California
San Diego,2021-04-07,35408,1997676,21846,965206,9143,984201,4419,48269,20275,720786,15109,779117,27453,1499903,California
San Diego,2021-04-08,34819,2032495,21213,986419,9630,993831,3976,52245,21211,735521,13592,792709,28327,1528230,California
San Diego,2021-04-09,37567,2070062,22545,1008964,10033,1003864,4989,57234,20540,748210,16956,809665,29645,1557875,California
San Diego,2021-04-10,28346,2098408,11673,1020637,12745,1016609,3928,61162,14612,756884,13724,823389,22398,1580273,California
San Diego,2021-04-11,15277,2113685,9174,1029811,3849,1020458,2254,63416,7157,761127,8117,831506,12360,1592633,California
San Diego,2021-04-12,29471,2143156,11812,1041623,13370,1033828,4289,67705,16873,772589,12584,844090,24046,1616679,California
San Diego,2021-04-13,36712,2179868,17393,1059016,19285,1053113,34,67739,24542,789209,12155,856245,28775,1645454,California
San Diego,2021-04-14,32314,2212182,18364,1077380,13940,1067053,10,67749,17546,798763,14756,871001,24310,1669764,California
San Diego,2021-04-15,38378,2250560,19674,1097054,18702,1085755,2,67751,23213,811704,15151,886152,28092,1697856,California
San Diego,2021-04-16,32400,2282960,18074,1115128,14325,1100080,1,67752,18653,819868,13688,899840,21852,1719708,California
San Diego,2021-04-17,26842,2309802,12968,1128096,13874,1113954,0,67752,11753,820709,15002,914842,15843,1735551,California
San Diego,2021-04-18,5910,2315712,3696,1131792,2214,1116168,0,67752,4195,823970,1714,916556,4975,1740526,California
San Francisco,2020-12-15,7,7,7,7,0,0,0,0,7,7,0,0,7,7,California
San Francisco,2020-12-16,229,236,229,236,0,0,0,0,229,236,0,0,229,236,California
San Francisco,2020-12-17,395,631,395,631,0,0,0,0,395,631,0,0,395,631,California
San Francisco,2020-12-18,878,1509,877,1508,1,1,0,0,878,1509,0,0,878,1509,California
San Francisco,2020-12-19,601,2110,601,2109,0,1,0,0,601,2110,0,0,601,2110,California
San Francisco,2020-12-20,483,2593,483,2592,0,1,0,0,483,2593,0,0,483,2593,California
San Francisco,2020-12-21,1162,3755,1162,3754,0,1,0,0,1162,3755,0,0,1162,3755,California
San Francisco,2020-12-22,1399,5154,1365,5119,34,35,0,0,1399,5154,0,0,1399,5154,California
San Francisco,2020-12-23,1329,6483,1039,6158,290,325,0,0,1329,6483,0,0,1329,6483,California
San Francisco,2020-12-24,839,7322,503,6661,336,661,0,0,839,7322,0,0,839,7322,California
San Francisco,2020-12-25,33,7355,28,6689,5,666,0,0,33,7355,0,0,33,7355,California
San Francisco,2020-12-26,245,7600,151,6840,94,760,0,0,245,7600,0,0,245,7600,California
San Francisco,2020-12-27,273,7873,60,6900,213,973,0,0,273,7873,0,0,273,7873,California
San Francisco,2020-12-28,1269,9142,685,7585,584,1557,0,0,1269,9142,0,0,1269,9142,California
San Francisco,2020-12-29,1244,10386,621,8206,623,2180,0,0,1244,10386,0,0,1244,10386,California
San Francisco,2020-12-30,1482,11868,778,8984,704,2884,0,0,1482,11868,0,0,1482,11868,California
San Francisco,2020-12-31,964,12832,412,9396,552,3436,0,0,963,12831,0,0,963,12831,California
San Francisco,2021-01-01,71,12903,61,9457,10,3446,0,0,71,12902,0,0,71,12902,California
San Francisco,2021-01-02,333,13236,302,9759,31,3477,0,0,333,13235,0,0,333,13235,California
San Francisco,2021-01-03,293,13529,101,9860,192,3669,0,0,292,13526,1,1,292,13527,California
San Francisco,2021-01-04,1835,15364,1355,11215,480,4149,0,0,1832,15355,3,4,1832,15359,California
San Francisco,2021-01-05,2233,17597,1413,12628,820,4969,0,0,2198,17520,35,39,2200,17559,California
San Francisco,2021-01-06,1867,19464,1161,13789,706,5675,0,0,1602,18860,263,302,1603,19162,California
San Francisco,2021-01-07,2059,21523,1201,14990,858,6533,0,0,1603,20010,453,755,1603,20765,California
San Francisco,2021-01-08,2327,23850,1631,16621,696,7229,0,0,1489,20666,833,1588,1489,22254,California
San Francisco,2021-01-09,1386,25236,891,17512,495,7724,0,0,883,21048,503,2091,885,23139,California
San Francisco,2021-01-10,921,26157,542,18054,379,8103,0,0,461,21050,459,2550,461,23600,California
San Francisco,2021-01-11,2500,28657,1869,19923,631,8734,0,0,1401,21351,1100,3650,1401,25001,California
San Francisco,2021-01-12,3084,31741,2054,21977,1030,9764,0,0,1893,22054,1191,4841,1894,26895,California
San Francisco,2021-01-13,2816,34557,1598,23575,1218,10982,0,0,1989,23216,827,5668,1989,28884,California
San Francisco,2021-01-14,2431,36988,1095,24670,1336,12318,0,0,1872,24529,559,6227,1872,30756,California
San Francisco,2021-01-15,2736,39724,1144,25814,1592,13910,0,0,2345,26487,389,6616,2347,33103,California
San Francisco,2021-01-16,2250,41974,964,26778,1286,15196,0,0,2086,28409,164,6780,2086,35189,California
San Francisco,2021-01-17,1917,43891,531,27309,1386,16582,0,0,1702,29896,215,6995,1702,36891,California
San Francisco,2021-01-18,1372,45263,587,27896,785,17367,0,0,1110,30747,261,7256,1112,38003,California
San Francisco,2021-01-19,2568,47831,1470,29366,1098,18465,0,0,1823,31825,745,8001,1823,39826,California
San Francisco,2021-01-20,2699,50530,1083,30449,1616,20081,0,0,1952,33034,744,8745,1953,41779,California
San Francisco,2021-01-21,3286,53816,927,31376,2359,22440,0,0,2465,34680,819,9564,2465,44244,California
San Francisco,2021-01-22,3166,56982,632,32008,2534,24974,0,0,2724,36964,440,10004,2724,46968,California
San Francisco,2021-01-23,3089,60071,609,32617,2480,27454,0,0,2722,39321,366,10370,2723,49691,California
San Francisco,2021-01-24,2398,62469,335,32952,2063,29517,0,0,2171,41268,224,10594,2171,51862,California
San Francisco,2021-01-25,4574,67043,1777,34729,2797,32314,0,0,3032,42761,1540,12134,3033,54895,California
San Francisco,2021-01-26,4651,71694,2127,36856,2524,34838,0,0,3063,44241,1585,13719,3065,57960,California
San Francisco,2021-01-27,4416,76110,2072,38928,2344,37182,0,0,3068,45965,1344,15063,3068,61028,California
San Francisco,2021-01-28,3748,79858,1552,40480,2196,39378,0,0,2588,47398,1155,16218,2588,63616,California
San Francisco,2021-01-29,4710,84568,1677,42157,3033,42411,0,0,3444,49583,1259,17477,3444,67060,California
San Francisco,2021-01-30,3722,88290,1792,43949,1930,44341,0,0,3277,52419,444,17921,3280,70340,California
San Francisco,2021-01-31,2345,90635,820,44769,1525,45866,0,0,2194,54464,150,18071,2195,72535,California
San Francisco,2021-02-01,3777,94412,1516,46285,2261,48127,0,0,2880,56448,897,18968,2881,75416,California
San Francisco,2021-02-02,4641,99053,1958,48243,2683,50810,0,0,2877,57567,1758,20726,2877,78293,California
San Francisco,2021-02-03,5054,104107,2369,50612,2685,53495,0,0,3751,60019,1300,22026,3752,82045,California
San Francisco,2021-02-04,5014,109121,2431,53043,2583,56078,0,0,3852,62711,1160,23186,3852,85897,California
San Francisco,2021-02-05,5912,115033,3190,56233,2722,58800,0,0,4577,65957,1332,24518,4578,90475,California
San Francisco,2021-02-06,5466,120499,3649,59882,1817,60617,0,0,4567,69628,897,25415,4568,95043,California
San Francisco,2021-02-07,4321,124820,3171,63053,1150,61767,0,0,3745,72801,575,25990,3748,98791,California
San Francisco,2021-02-08,6678,131498,4599,67652,2079,63846,0,0,5474,77090,1187,27177,5476,104267,California
San Francisco,2021-02-09,5910,137408,3983,71635,1927,65773,0,0,4360,79904,1547,28724,4361,108628,California
San Francisco,2021-02-10,6840,144248,4170,75805,2670,68443,0,0,5078,83231,1754,30478,5081,113709,California
San Francisco,2021-02-11,6676,150924,3955,79760,2721,71164,0,0,4871,86300,1803,32281,4872,118581,California
San Francisco,2021-02-12,5299,156223,2662,82422,2637,73801,0,0,3475,87952,1823,34104,3475,122056,California
San Francisco,2021-02-13,4352,160575,2547,84969,1805,75606,0,0,3029,89660,1323,35427,3031,125087,California
San Francisco,2021-02-14,3409,163984,2236,87205,1173,76779,0,0,2289,90831,1119,36546,2290,127377,California
San Francisco,2021-02-15,2751,166735,1487,88692,1264,78043,0,0,1673,91428,1076,37622,1673,129050,California
San Francisco,2021-02-16,4972,171707,2720,91412,2252,80295,0,0,2951,92371,2014,39636,2957,132007,California
San Francisco,2021-02-17,5392,177099,2678,94090,2714,83009,0,0,2955,92899,2428,42064,2956,134963,California
San Francisco,2021-02-18,5365,182464,2628,96718,2737,85746,0,0,2808,93153,2557,44621,2811,137774,California
San Francisco,2021-02-19,5620,188084,2640,99358,2980,88726,0,0,2924,93389,2690,47311,2926,140700,California
San Francisco,2021-02-20,4474,192558,2137,101495,2337,91063,0,0,1696,92316,2770,50081,1697,142397,California
San Francisco,2021-02-21,2733,195291,1364,102859,1369,92432,0,0,1139,91866,1590,51671,1140,143537,California
San Francisco,2021-02-22,5086,200377,3164,106023,1922,94354,0,0,2556,91902,2522,54193,2558,146095,California
San Francisco,2021-02-23,5436,205813,3073,109096,2363,96717,0,0,2758,91988,2672,56865,2758,148853,California
San Francisco,2021-02-24,8942,214755,5061,114157,3881,100598,0,0,4767,92590,4166,61031,4768,153621,California
San Francisco,2021-02-25,9726,224481,6840,120997,2886,103484,0,0,6279,95425,3446,64477,6281,159902,California
San Francisco,2021-02-26,11887,236368,7716,128713,4171,107655,0,0,7045,97626,4845,69322,7046,166948,California
San Francisco,2021-02-27,8877,245245,5646,134359,3230,110885,1,1,4497,97758,4367,73689,4499,171447,California
San Francisco,2021-02-28,7687,252932,5514,139873,2173,113058,0,1,3824,97721,3862,77551,3825,175272,California
San Francisco,2021-03-01,10641,263573,7138,147011,3502,116560,1,2,5146,97393,5478,83029,5150,180422,California
San Francisco,2021-03-02,8803,272376,5613,152624,3190,119750,0,2,5107,98812,3689,86718,5108,185530,California
San Francisco,2021-03-03,10847,283223,6180,158804,4666,124416,1,3,5873,99726,4963,91681,5877,191407,California
San Francisco,2021-03-04,8589,291812,5402,164206,3187,127603,0,3,4847,100837,3736,95417,4847,196254,California
San Francisco,2021-03-05,8617,300429,5105,169311,3509,131112,3,6,5418,103069,3190,98607,5422,201676,California
San Francisco,2021-03-06,6838,307267,4404,173715,2226,133338,208,214,4202,104826,2649,101256,4406,206082,California
San Francisco,2021-03-07,5111,312378,3972,177687,1082,134420,57,271,2879,105515,2246,103502,2935,209017,California
San Francisco,2021-03-08,7102,319480,5145,182832,1772,136192,185,456,5560,109686,1574,105076,5745,214762,California
San Francisco,2021-03-09,6676,326156,3911,186743,2391,138583,374,830,4557,112486,2126,107202,4926,219688,California
San Francisco,2021-03-10,10351,336507,5859,192602,3998,142581,494,1324,6332,115313,4000,111202,6827,226515,California
San Francisco,2021-03-11,10000,346507,6330,198932,2713,145294,957,2281,6564,119407,3421,114623,7515,234030,California
San Francisco,2021-03-12,10681,357188,6230,205162,3143,148437,1308,3589,5938,121930,4721,119344,7244,241274,California
San Francisco,2021-03-13,6554,363742,3830,208992,1677,150114,1047,4636,4068,124564,2479,121823,5113,246387,California
San Francisco,2021-03-14,7472,371214,4840,213832,2398,152512,234,4870,4040,125420,3418,125241,4274,250661,California
San Francisco,2021-03-15,11893,383107,9064,222896,1897,154409,932,5802,8240,130944,3641,128882,9165,259826,California
San Francisco,2021-03-16,12012,395119,8159,231055,3396,157805,457,6259,8739,136878,3260,132142,9194,269020,California
San Francisco,2021-03-17,13142,408261,8110,239165,4492,162297,540,6799,9505,143309,3610,135752,10041,279061,California
San Francisco,2021-03-18,9889,418150,6723,245888,2547,164844,619,7418,5628,145318,4236,139988,6245,285306,California
San Francisco,2021-03-19,11975,430125,8688,254576,2824,167668,463,7881,6377,146580,5575,145563,6837,292143,California
San Francisco,2021-03-20,8636,438761,6373,260949,1805,169473,458,8339,5133,148696,3476,149039,5592,297735,California
San Francisco,2021-03-21,6439,445200,5887,266836,418,169891,134,8473,3682,149767,2745,151784,3816,301551,California
San Francisco,2021-03-22,9643,454843,6799,273635,2003,171894,841,9314,5076,151135,4547,156331,5915,307466,California
San Francisco,2021-03-23,11105,465948,7339,280974,3120,175014,646,9960,6696,154096,4379,160710,7340,314806,California
San Francisco,2021-03-24,12220,478168,9370,290344,2315,177329,535,10495,6332,155109,5851,166561,6864,321670,California
San Francisco,2021-03-25,11723,489891,8622,298966,2547,179876,554,11049,5891,155779,5772,172333,6442,328112,California
San Francisco,2021-03-26,11802,501693,8172,307138,3401,183277,229,11278,6102,156435,5672,178005,6328,334440,California
San Francisco,2021-03-27,8585,510278,5729,312867,2511,185788,345,11623,3893,155997,4676,182681,4238,338678,California
San Francisco,2021-03-28,6548,516826,5223,318090,1284,187072,41,11664,3154,155816,3374,186055,3193,341871,California
San Francisco,2021-03-29,11352,528178,7863,325953,3307,190379,182,11846,5145,154959,6184,192239,5327,347198,California
San Francisco,2021-03-30,11464,539642,7153,333106,4020,194399,291,12137,6883,157574,4558,196797,7173,354371,California
San Francisco,2021-03-31,12077,551719,8012,341118,3771,198170,294,12431,5657,157129,6391,203188,5946,360317,California
San Francisco,2021-04-01,13625,565344,7248,348366,4746,202916,1631,14062,5935,157031,7662,210850,7564,367881,California
San Francisco,2021-04-02,14542,579886,6414,354780,6321,209237,1807,15869,6863,158039,7661,218511,8669,376550,California
San Francisco,2021-04-03,10211,590097,4752,359532,3685,212922,1774,17643,4675,158962,5524,224035,6447,382997,California
San Francisco,2021-04-04,8848,598945,4659,364191,2581,215503,1608,19251,3516,158766,5322,229357,5126,388123,California
San Francisco,2021-04-05,15830,614775,9692,373883,4275,219778,1863,21114,6334,157488,9473,238830,8195,396318,California
San Francisco,2021-04-06,15888,630663,9415,383298,4428,224206,2045,23159,6243,156145,9627,248457,8284,404602,California
San Francisco,2021-04-07,16545,647208,9946,393244,4392,228598,2207,25366,6943,155702,9581,258038,9138,413740,California
San Francisco,2021-04-08,13978,661186,6682,399926,2934,231532,4362,29728,4606,155310,9343,267381,8951,422691,California
San Francisco,2021-04-09,14543,675729,6711,406637,4698,236230,3134,32862,6528,156972,7987,275368,9649,432340,California
San Francisco,2021-04-10,12890,688619,5630,412267,5704,241934,1556,34418,7039,159732,5829,281197,8589,440929,California
San Francisco,2021-04-11,9941,698560,7442,419709,1336,243270,1163,35581,5187,161334,4745,285942,6347,447276,California
San Francisco,2021-04-12,10060,708620,6419,426128,2519,245789,1122,36703,4669,161755,5367,291309,5788,453064,California
San Francisco,2021-04-13,10467,719087,7083,433211,3374,249163,10,36713,5333,161988,5112,296421,5345,458409,California
San Francisco,2021-04-14,12517,731604,7486,440697,5030,254193,1,36714,6203,161903,6290,302711,6205,464614,California
San Francisco,2021-04-15,12881,744485,9159,449856,3721,257914,1,36715,7748,164548,5112,307823,7757,472371,California
San Francisco,2021-04-16,12749,757234,8653,458509,4054,261968,42,36757,7719,167305,5007,312830,7764,480135,California
San Francisco,2021-04-17,9569,766803,6980,465489,2589,264557,0,36757,6719,171192,2834,315664,6721,486856,California
San Francisco,2021-04-18,5454,772257,4137,469626,1317,265874,0,36757,3208,172168,2235,317899,3211,490067,California
San Joaquin,2020-12-15,12,12,12,12,0,0,0,0,12,12,0,0,12,12,California
San Joaquin,2020-12-16,438,450,438,450,0,0,0,0,438,450,0,0,438,450,California
San Joaquin,2020-12-17,385,835,385,835,0,0,0,0,385,835,0,0,385,835,California
San Joaquin,2020-12-18,573,1408,547,1382,26,26,0,0,573,1408,0,0,573,1408,California
San Joaquin,2020-12-19,200,1608,200,1582,0,26,0,0,200,1608,0,0,200,1608,California
San Joaquin,2020-12-20,112,1720,111,1693,1,27,0,0,112,1720,0,0,112,1720,California
San Joaquin,2020-12-21,555,2275,551,2244,4,31,0,0,555,2275,0,0,555,2275,California
San Joaquin,2020-12-22,1055,3330,895,3139,160,191,0,0,1054,3329,0,0,1054,3329,California
San Joaquin,2020-12-23,1023,4353,956,4095,67,258,0,0,1021,4350,0,0,1021,4350,California
San Joaquin,2020-12-24,221,4574,193,4288,28,286,0,0,220,4570,0,0,220,4570,California
San Joaquin,2020-12-25,14,4588,14,4302,0,286,0,0,14,4584,0,0,14,4584,California
San Joaquin,2020-12-26,101,4689,29,4331,72,358,0,0,101,4685,0,0,101,4685,California
San Joaquin,2020-12-27,41,4730,29,4360,12,370,0,0,41,4726,0,0,41,4726,California
San Joaquin,2020-12-28,649,5379,444,4804,205,575,0,0,649,5375,0,0,649,5375,California
San Joaquin,2020-12-29,877,6256,741,5545,136,711,0,0,877,6252,0,0,877,6252,California
San Joaquin,2020-12-30,1056,7312,749,6294,307,1018,0,0,1054,7306,0,0,1054,7306,California
San Joaquin,2020-12-31,449,7761,200,6494,249,1267,0,0,450,7756,0,0,450,7756,California
San Joaquin,2021-01-01,17,7778,10,6504,7,1274,0,0,17,7773,0,0,17,7773,California
San Joaquin,2021-01-02,260,8038,238,6742,22,1296,0,0,259,8032,0,0,259,8032,California
San Joaquin,2021-01-03,37,8075,19,6761,18,1314,0,0,36,8067,1,1,36,8068,California
San Joaquin,2021-01-04,486,8561,342,7103,144,1458,0,0,482,8548,1,2,482,8550,California
San Joaquin,2021-01-05,1043,9604,712,7815,331,1789,0,0,821,9182,223,225,857,9407,California
San Joaquin,2021-01-06,1307,10911,787,8602,520,2309,0,0,940,9765,360,585,943,10350,California
San Joaquin,2021-01-07,1131,12042,723,9325,408,2717,0,0,807,10253,320,905,808,11158,California
San Joaquin,2021-01-08,1337,13379,946,10271,391,3108,0,0,804,10530,529,1434,806,11964,California
San Joaquin,2021-01-09,375,13754,299,10570,76,3184,0,0,247,10649,128,1562,247,12211,California
San Joaquin,2021-01-10,221,13975,114,10684,107,3291,0,0,169,10766,52,1614,169,12380,California
San Joaquin,2021-01-11,1583,15558,1377,12061,206,3497,0,0,903,11017,679,2293,930,13310,California
San Joaquin,2021-01-12,1514,17072,1072,13133,442,3939,0,0,699,10975,811,3104,769,14079,California
San Joaquin,2021-01-13,1549,18621,851,13984,698,4637,0,0,1020,11471,530,3634,1026,15105,California
San Joaquin,2021-01-14,1686,20307,905,14889,781,5418,0,0,1323,12472,332,3966,1333,16438,California
San Joaquin,2021-01-15,1600,21907,669,15558,931,6349,0,0,1356,13606,224,4190,1358,17796,California
San Joaquin,2021-01-16,1174,23081,192,15750,982,7331,0,0,1148,14728,26,4216,1148,18944,California
San Joaquin,2021-01-17,1652,24733,129,15879,1523,8854,0,0,1617,16312,35,4251,1619,20563,California
San Joaquin,2021-01-18,766,25499,235,16114,531,9385,0,0,649,16848,113,4364,649,21212,California
San Joaquin,2021-01-19,1900,27399,890,17004,1010,10395,0,0,1197,17351,699,5063,1202,22414,California
San Joaquin,2021-01-20,2155,29554,1323,18327,832,11227,0,0,1469,18142,683,5746,1474,23888,California
San Joaquin,2021-01-21,2050,31604,943,19270,1107,12334,0,0,1624,19352,419,6165,1629,25517,California
San Joaquin,2021-01-22,2036,33640,967,20237,1069,13403,0,0,1893,21108,140,6305,1896,27413,California
San Joaquin,2021-01-23,931,34571,401,20638,530,13933,0,0,649,21478,281,6586,651,28064,California
San Joaquin,2021-01-24,358,34929,155,20793,203,14136,0,0,338,21798,18,6604,338,28402,California
San Joaquin,2021-01-25,2044,36973,1175,21968,869,15005,0,0,1467,22695,574,7178,1471,29873,California
San Joaquin,2021-01-26,2223,39196,1167,23135,1056,16061,0,0,1582,23642,639,7817,1586,31459,California
San Joaquin,2021-01-27,1818,41014,824,23959,994,17055,0,0,1305,24443,510,8327,1311,32770,California
San Joaquin,2021-01-28,2148,43162,857,24816,1291,18346,0,0,1461,25222,685,9012,1464,34234,California
San Joaquin,2021-01-29,2260,45422,1141,25957,1119,19465,0,0,1885,26744,370,9382,1892,36126,California
San Joaquin,2021-01-30,2447,47869,393,26350,2054,21519,0,0,2257,28832,171,9553,2259,38385,California
San Joaquin,2021-01-31,1572,49441,177,26527,1395,22914,0,0,1501,30278,56,9609,1502,39887,California
San Joaquin,2021-02-01,2617,52058,1411,27938,1206,24120,0,0,1847,31360,768,10377,1850,41737,California
San Joaquin,2021-02-02,2696,54754,1240,29178,1456,25576,0,0,2064,32855,573,10950,2068,43805,California
San Joaquin,2021-02-03,3178,57932,1308,30486,1870,27446,0,0,2288,34261,886,11836,2292,46097,California
San Joaquin,2021-02-04,3543,61475,1803,32289,1740,29186,0,0,2734,36191,806,12642,2736,48833,California
San Joaquin,2021-02-05,3363,64838,1964,34253,1399,30585,0,0,2495,37824,865,13507,2498,51331,California
San Joaquin,2021-02-06,1136,65974,787,35040,349,30934,0,0,964,38620,170,13677,966,52297,California
San Joaquin,2021-02-07,607,66581,481,35521,126,31060,0,0,410,38841,190,13867,411,52708,California
San Joaquin,2021-02-08,1826,68407,1061,36582,765,31825,0,0,1498,40033,310,14177,1502,54210,California
San Joaquin,2021-02-09,2155,70562,1173,37755,982,32807,0,0,1633,41209,458,14635,1634,55844,California
San Joaquin,2021-02-10,2690,73252,1303,39058,1387,34194,0,0,1392,41331,1270,15905,1392,57236,California
San Joaquin,2021-02-11,3024,76276,1562,40620,1462,35656,0,0,1791,41915,1212,17117,1796,59032,California
San Joaquin,2021-02-12,2855,79131,1196,41816,1659,37315,0,0,1692,42452,1159,18276,1696,60728,California
San Joaquin,2021-02-13,2127,81258,400,42216,1727,39042,0,0,853,42046,1265,19541,859,61587,California
San Joaquin,2021-02-14,1897,83155,259,42475,1638,40680,0,0,688,41543,1192,20733,689,62276,California
San Joaquin,2021-02-15,1994,85149,848,43323,1146,41826,0,0,1205,41985,767,21500,1209,63485,California
San Joaquin,2021-02-16,3197,88346,1457,44780,1740,43566,0,0,1743,42289,1444,22944,1748,65233,California
San Joaquin,2021-02-17,3413,91759,1369,46149,2044,45610,0,0,1943,42781,1455,24399,1947,67180,California
San Joaquin,2021-02-18,3520,95279,1494,47643,2026,47636,0,0,2016,43323,1480,25879,2022,69202,California
San Joaquin,2021-02-19,4701,99980,2780,50423,1921,49557,0,0,2820,44297,1847,27726,2821,72023,California
San Joaquin,2021-02-20,1699,101679,679,51102,1020,50577,0,0,1159,44917,539,28265,1159,73182,California
San Joaquin,2021-02-21,627,102306,471,51573,156,50733,0,0,402,45094,226,28491,403,73585,California
San Joaquin,2021-02-22,4129,106435,3053,54626,1076,51809,0,0,3081,47160,1020,29511,3086,76671,California
San Joaquin,2021-02-23,4893,111328,3283,57909,1610,53419,0,0,3288,48873,1581,31092,3294,79965,California
San Joaquin,2021-02-24,6707,118035,4293,62202,2414,55833,0,0,5014,52216,1675,32767,5018,84983,California
San Joaquin,2021-02-25,7173,125208,4784,66986,2389,58222,0,0,4886,54853,2259,35026,4896,89879,California
San Joaquin,2021-02-26,6018,131226,3378,70364,2640,60862,0,0,4249,57369,1741,36767,4257,94136,California
San Joaquin,2021-02-27,5599,136825,1611,71975,3988,64850,0,0,2644,57113,2915,39682,2659,96795,California
San Joaquin,2021-02-28,3028,139853,1085,73060,1943,66793,0,0,1995,58091,1020,40702,1998,98793,California
San Joaquin,2021-03-01,4133,143986,1810,74870,2323,69116,0,0,2326,58634,1793,42495,2336,101129,California
San Joaquin,2021-03-02,4201,148187,1682,76552,2519,71635,0,0,2610,59727,1577,44072,2670,103799,California
San Joaquin,2021-03-03,6304,154491,3965,80517,2337,73972,2,2,4660,62762,1625,45697,4660,108459,California
San Joaquin,2021-03-04,5875,160366,2468,82985,3404,77376,3,5,3796,64575,1991,47688,3804,112263,California
San Joaquin,2021-03-05,4522,164888,1963,84948,2557,79933,2,7,3086,66238,1428,49116,3091,115354,California
San Joaquin,2021-03-06,3595,168483,2462,87410,1004,80937,129,136,3002,68778,594,49710,3134,118488,California
San Joaquin,2021-03-07,1227,169710,552,87962,631,81568,44,180,951,69499,260,49970,981,119469,California
San Joaquin,2021-03-08,3138,172848,1247,89209,1770,83338,121,301,2120,70728,1011,50981,2240,121709,California
San Joaquin,2021-03-09,4138,176986,1869,91078,2143,85481,126,427,2731,72192,1396,52377,2860,124569,California
San Joaquin,2021-03-10,4933,181919,2673,93751,2122,87603,138,565,3657,74721,1266,53643,3795,128364,California
San Joaquin,2021-03-11,5080,186999,2455,96206,2034,89637,591,1156,3019,76229,2106,55749,3614,131978,California
San Joaquin,2021-03-12,6729,193728,3555,99761,2847,92484,327,1483,4292,78433,2419,58168,4623,136601,California
San Joaquin,2021-03-13,3205,196933,1587,101348,1492,93976,126,1609,2444,80257,754,58922,2578,139179,California
San Joaquin,2021-03-14,2146,199079,667,102015,1179,95155,300,1909,1039,80496,1105,60027,1344,140523,California
San Joaquin,2021-03-15,6660,205739,4095,106110,2167,97322,398,2307,3331,80927,3310,63337,3741,144264,California
San Joaquin,2021-03-16,7745,213484,4783,110893,2713,100035,249,2556,4358,82169,3374,66711,4616,148880,California
San Joaquin,2021-03-17,8951,222435,5830,116723,3047,103082,74,2630,4757,82835,4176,70887,4842,153722,California
San Joaquin,2021-03-18,8584,231019,5435,122158,2643,105725,506,3136,3925,82645,4626,75513,4436,158158,California
San Joaquin,2021-03-19,8572,239591,5171,127329,2860,108585,541,3677,4979,84626,3585,79098,5566,163724,California
San Joaquin,2021-03-20,3798,243389,2123,129452,1435,110020,240,3917,1890,84874,1895,80993,2143,165867,California
San Joaquin,2021-03-21,2329,245718,1686,131138,437,110457,206,4123,1423,85648,899,81892,1673,167540,California
San Joaquin,2021-03-22,4307,250025,2354,133492,1539,111996,414,4537,2696,87162,1602,83494,3116,170656,California
San Joaquin,2021-03-23,5610,255635,2872,136364,2573,114569,165,4702,3991,89701,1621,85115,4160,174816,California
San Joaquin,2021-03-24,7474,263109,4826,141190,2561,117130,87,4789,3189,88718,4267,89382,3284,178100,California
San Joaquin,2021-03-25,5830,268939,3546,144736,2244,119374,40,4829,3569,90095,2240,91622,3617,181717,California
San Joaquin,2021-03-26,6317,275256,2637,147373,3534,122908,146,4975,3350,90676,2935,94557,3516,185233,California
San Joaquin,2021-03-27,5086,280342,2907,150280,2138,125046,41,5016,2078,89820,2989,97546,2133,187366,California
San Joaquin,2021-03-28,3010,283352,2091,152371,894,125940,25,5041,1607,90152,1388,98934,1720,189086,California
San Joaquin,2021-03-29,4149,287501,2301,154672,1826,127766,22,5063,2183,90428,1957,100891,2233,191319,California
San Joaquin,2021-03-30,6424,293925,3396,158068,2988,130754,40,5103,3774,91635,2633,103524,3840,195159,California
San Joaquin,2021-03-31,6851,300776,4373,162441,2419,133173,59,5162,3551,91984,3288,106812,3637,198796,California
San Joaquin,2021-04-01,6652,307428,3248,165689,3325,136498,79,5241,3160,91805,3484,110296,3305,202101,California
San Joaquin,2021-04-02,6374,313802,2888,168577,2995,139493,491,5732,2547,91075,3810,114106,3080,205181,California
San Joaquin,2021-04-03,4235,318037,2421,170998,1487,140980,327,6059,2033,91258,2188,116294,2371,207552,California
San Joaquin,2021-04-04,2024,320061,1108,172106,715,141695,201,6260,1319,92085,700,116994,1527,209079,California
San Joaquin,2021-04-05,4195,324256,2570,174676,1462,143157,163,6423,2406,92886,1783,118777,2584,211663,California
San Joaquin,2021-04-06,7396,331652,4889,179565,2248,145405,259,6682,3546,92869,3834,122611,3817,215480,California
San Joaquin,2021-04-07,8968,340620,5086,184651,2291,147696,1591,8273,3915,93350,5042,127653,5523,221003,California
San Joaquin,2021-04-08,8904,349524,4860,189511,2014,149710,2030,10303,3457,93410,5431,133084,5491,226494,California
San Joaquin,2021-04-09,8871,358395,4181,193692,3245,152955,1445,11748,3602,93223,5252,138336,5065,231559,California
San Joaquin,2021-04-10,5396,363791,1648,195340,1836,154791,1912,13660,1888,93517,3505,141841,3799,235358,California
San Joaquin,2021-04-11,4351,368142,1663,197003,1519,156310,1169,14829,1839,94019,2502,144343,3004,238362,California
San Joaquin,2021-04-12,5422,373564,2200,199203,1986,158296,1236,16065,2031,93914,3378,147721,3273,241635,California
San Joaquin,2021-04-13,7000,380564,3885,203088,3112,161408,3,16068,4336,95616,2647,150368,4349,245984,California
San Joaquin,2021-04-14,6181,386745,2654,205742,3527,164935,0,16068,3454,96362,2716,153084,3462,249446,California
San Joaquin,2021-04-15,5422,392167,2473,208215,2949,167884,0,16068,2730,96434,2667,155751,2739,252185,California
San Joaquin,2021-04-16,4991,397158,1715,209930,3273,171157,3,16071,2974,97424,1997,157748,2987,255172,California
San Joaquin,2021-04-17,4097,401255,1712,211642,2385,173542,0,16071,2905,99162,1186,158934,2924,258096,California
San Joaquin,2021-04-18,1812,403067,943,212585,869,174411,0,16071,928,99215,877,159811,930,259026,California
San Luis Obispo,2020-12-16,4,4,4,4,0,0,0,0,4,4,0,0,4,4,California
San Luis Obispo,2020-12-17,196,200,196,200,0,0,0,0,196,200,0,0,196,200,California
San Luis Obispo,2020-12-18,224,424,224,424,0,0,0,0,224,424,0,0,224,424,California
San Luis Obispo,2020-12-19,162,586,162,586,0,0,0,0,162,586,0,0,162,586,California
San Luis Obispo,2020-12-20,215,801,215,801,0,0,0,0,215,801,0,0,215,801,California
San Luis Obispo,2020-12-21,549,1350,549,1350,0,0,0,0,549,1350,0,0,549,1350,California
San Luis Obispo,2020-12-22,307,1657,303,1653,4,4,0,0,307,1657,0,0,307,1657,California
San Luis Obispo,2020-12-23,681,2338,368,2021,313,317,0,0,681,2338,0,0,681,2338,California
San Luis Obispo,2020-12-24,195,2533,19,2040,176,493,0,0,195,2533,0,0,195,2533,California
San Luis Obispo,2020-12-25,2,2535,1,2041,1,494,0,0,2,2535,0,0,2,2535,California
San Luis Obispo,2020-12-26,90,2625,12,2053,78,572,0,0,90,2625,0,0,90,2625,California
San Luis Obispo,2020-12-27,76,2701,0,2053,76,648,0,0,76,2701,0,0,76,2701,California
San Luis Obispo,2020-12-28,879,3580,430,2483,449,1097,0,0,879,3580,0,0,879,3580,California
San Luis Obispo,2020-12-29,903,4483,502,2985,401,1498,0,0,903,4483,0,0,903,4483,California
San Luis Obispo,2020-12-30,1174,5657,681,3666,493,1991,0,0,1174,5657,0,0,1174,5657,California
San Luis Obispo,2020-12-31,106,5763,4,3670,102,2093,0,0,106,5763,0,0,106,5763,California
San Luis Obispo,2021-01-01,12,5775,8,3678,4,2097,0,0,12,5775,0,0,12,5775,California
San Luis Obispo,2021-01-02,33,5808,8,3686,25,2122,0,0,33,5808,0,0,33,5808,California
San Luis Obispo,2021-01-03,16,5824,6,3692,10,2132,0,0,16,5824,0,0,16,5824,California
San Luis Obispo,2021-01-04,676,6500,524,4216,152,2284,0,0,676,6500,0,0,676,6500,California
San Luis Obispo,2021-01-05,975,7475,757,4973,218,2502,0,0,973,7471,2,2,973,7473,California
San Luis Obispo,2021-01-06,726,8201,481,5454,245,2747,0,0,718,8182,7,9,718,8191,California
San Luis Obispo,2021-01-07,1128,9329,950,6404,178,2925,0,0,686,8426,442,451,686,8877,California
San Luis Obispo,2021-01-08,882,10211,805,7209,77,3002,0,0,513,8571,368,819,513,9390,California
San Luis Obispo,2021-01-09,205,10416,196,7405,9,3011,0,0,28,8422,177,996,28,9418,California
San Luis Obispo,2021-01-10,12,10428,8,7413,4,3015,0,0,8,8426,4,1000,8,9426,California
San Luis Obispo,2021-01-11,526,10954,475,7888,51,3066,0,0,265,8431,260,1260,265,9691,California
San Luis Obispo,2021-01-12,597,11551,379,8267,218,3284,0,0,320,8474,277,1537,320,10011,California
San Luis Obispo,2021-01-13,882,12433,254,8521,628,3912,0,0,644,8882,236,1773,644,10655,California
San Luis Obispo,2021-01-14,728,13161,243,8764,485,4397,0,0,603,9373,112,1885,603,11258,California
San Luis Obispo,2021-01-15,730,13891,288,9052,442,4839,0,0,554,9756,171,2056,554,11812,California
San Luis Obispo,2021-01-16,99,13990,81,9133,18,4857,0,0,94,9845,5,2061,94,11906,California
San Luis Obispo,2021-01-17,66,14056,60,9193,6,4863,0,0,66,9911,0,2061,66,11972,California
San Luis Obispo,2021-01-18,1372,15428,389,9582,983,5846,0,0,1110,10759,262,2323,1110,13082,California
San Luis Obispo,2021-01-19,1585,17013,418,10000,1167,7013,0,0,1178,11530,407,2730,1178,14260,California
San Luis Obispo,2021-01-20,1880,18893,595,10595,1285,8298,0,0,1290,12233,588,3318,1291,15551,California
San Luis Obispo,2021-01-21,1571,20464,466,11061,1105,9403,0,0,1197,13061,370,3688,1198,16749,California
San Luis Obispo,2021-01-22,1521,21985,508,11569,1013,10416,0,0,1206,13954,313,4001,1206,17955,California
San Luis Obispo,2021-01-23,311,22296,293,11862,18,10434,0,0,295,14233,16,4017,295,18250,California
San Luis Obispo,2021-01-24,245,22541,238,12100,7,10441,0,0,239,14466,6,4023,239,18489,California
San Luis Obispo,2021-01-25,2071,24612,606,12706,1465,11906,0,0,1243,14881,828,4851,1243,19732,California
San Luis Obispo,2021-01-26,2003,26615,703,13409,1300,13206,0,0,1136,15151,866,5717,1136,20868,California
San Luis Obispo,2021-01-27,1612,28227,283,13692,1329,14535,0,0,1150,15839,462,6179,1150,22018,California
San Luis Obispo,2021-01-28,1484,29711,342,14034,1142,15677,0,0,1223,16802,260,6439,1223,23241,California
San Luis Obispo,2021-01-29,1734,31445,680,14714,1054,16731,0,0,1450,17968,284,6723,1450,24691,California
San Luis Obispo,2021-01-30,37,31482,18,14732,19,16750,0,0,26,17984,10,6733,26,24717,California
San Luis Obispo,2021-01-31,26,31508,20,14752,6,16756,0,0,23,18004,3,6736,23,24740,California
San Luis Obispo,2021-02-01,1664,33172,703,15455,961,17717,0,0,1395,19131,268,7004,1395,26135,California
San Luis Obispo,2021-02-02,1892,35064,675,16130,1217,18934,0,0,1518,20275,374,7378,1518,27653,California
San Luis Obispo,2021-02-03,1700,36764,726,16856,974,19908,0,0,1288,21151,412,7790,1288,28941,California
San Luis Obispo,2021-02-04,1654,38418,798,17654,856,20764,0,0,1088,21673,566,8356,1088,30029,California
San Luis Obispo,2021-02-05,1604,40022,718,18372,886,21650,0,0,1060,22189,545,8901,1061,31090,California
San Luis Obispo,2021-02-06,159,40181,92,18464,67,21717,0,0,93,22216,66,8967,93,31183,California
San Luis Obispo,2021-02-07,143,40324,98,18562,45,21762,0,0,73,22220,70,9037,74,31257,California
San Luis Obispo,2021-02-08,853,41177,468,19030,385,22147,0,0,495,22358,357,9394,495,31752,California
San Luis Obispo,2021-02-09,1124,42301,448,19478,676,22823,0,0,542,22331,576,9970,549,32301,California
San Luis Obispo,2021-02-10,1425,43726,484,19962,941,23764,0,0,520,21952,902,10872,523,32824,California
San Luis Obispo,2021-02-11,1330,45056,844,20806,486,24250,0,0,655,21935,672,11544,655,33479,California
San Luis Obispo,2021-02-12,785,45841,362,21168,423,24673,0,0,416,21981,370,11914,416,33895,California
San Luis Obispo,2021-02-13,389,46230,124,21292,265,24938,0,0,283,22159,105,12019,283,34178,California
San Luis Obispo,2021-02-14,316,46546,42,21334,274,25212,0,0,279,22402,37,12056,280,34458,California
San Luis Obispo,2021-02-15,723,47269,137,21471,586,25798,0,0,467,22616,253,12309,467,34925,California
San Luis Obispo,2021-02-16,2960,50229,1193,22664,1767,27565,0,0,1358,22378,1596,13905,1358,36283,California
San Luis Obispo,2021-02-17,2773,53002,1237,23901,1536,29101,0,0,1029,21671,1736,15641,1029,37312,California
San Luis Obispo,2021-02-18,2808,55810,1444,25345,1364,30465,0,0,1119,21110,1681,17322,1120,38432,California
San Luis Obispo,2021-02-19,1452,57262,1332,26677,120,30585,0,0,1130,21919,321,17643,1130,39562,California
San Luis Obispo,2021-02-20,247,57509,79,26756,168,30753,0,0,212,22096,35,17678,212,39774,California
San Luis Obispo,2021-02-21,48,57557,45,26801,3,30756,0,0,29,22106,19,17697,29,39803,California
San Luis Obispo,2021-02-22,2401,59958,1858,28659,543,31299,0,0,1461,22628,940,18637,1462,41265,California
San Luis Obispo,2021-02-23,1854,61812,1738,30397,116,31415,0,0,1365,23505,488,19125,1365,42630,California
San Luis Obispo,2021-02-24,2642,64454,1299,31696,1343,32758,0,0,834,22533,1806,20931,834,43464,California
San Luis Obispo,2021-02-25,2129,66583,1243,32939,886,33644,0,0,1205,22822,917,21848,1206,44670,California
San Luis Obispo,2021-02-26,2642,69225,1148,34087,1494,35138,0,0,1324,22834,1312,23160,1324,45994,California
San Luis Obispo,2021-02-27,566,69791,340,34427,226,35364,0,0,520,23308,46,23206,520,46514,California
San Luis Obispo,2021-02-28,196,69987,72,34499,124,35488,0,0,163,23442,29,23235,163,46677,California
San Luis Obispo,2021-03-01,2950,72937,1837,36336,1112,36600,1,1,2032,24558,918,24153,2034,48711,California
San Luis Obispo,2021-03-02,2943,75880,1854,38190,1089,37689,0,1,1827,25272,1114,25267,1828,50539,California
San Luis Obispo,2021-03-03,2265,78145,327,38517,1938,39627,0,1,821,24656,1438,26705,822,51361,California
San Luis Obispo,2021-03-04,2156,80301,1137,39654,1019,40646,0,1,1158,24820,996,27701,1160,52521,California
San Luis Obispo,2021-03-05,2287,82588,1013,40667,1204,41850,70,71,1284,25185,989,28690,1354,53875,California
San Luis Obispo,2021-03-06,829,83417,307,40974,415,42265,107,178,611,25679,218,28908,712,54587,California
San Luis Obispo,2021-03-07,200,83617,32,41006,84,42349,84,262,71,25707,128,29036,156,54743,California
San Luis Obispo,2021-03-08,2721,86338,751,41757,1656,44005,314,576,1539,26379,1180,30216,1852,56595,California
San Luis Obispo,2021-03-09,2909,89247,954,42711,1719,45724,236,812,1509,26728,1397,31613,1746,58341,California
San Luis Obispo,2021-03-10,3176,92423,1240,43951,1666,47390,270,1082,1813,27451,1360,32973,2083,60424,California
San Luis Obispo,2021-03-11,3079,95502,1269,45220,1508,48898,302,1384,1692,28063,1381,34354,1993,62417,California
San Luis Obispo,2021-03-12,3149,98651,1279,46499,1531,50429,339,1723,1549,28361,1593,35947,1891,64308,California
San Luis Obispo,2021-03-13,784,99435,258,46757,417,50846,109,1832,428,28541,356,36303,536,64844,California
San Luis Obispo,2021-03-14,512,99947,54,46811,347,51193,111,1943,136,28413,375,36678,247,65091,California
San Luis Obispo,2021-03-15,3048,102995,1097,47908,1853,53046,98,2041,1527,28520,1518,38196,1625,66716,California
San Luis Obispo,2021-03-16,2822,105817,1503,49411,1219,54265,100,2141,1438,28679,1378,39574,1537,68253,California
San Luis Obispo,2021-03-17,3390,109207,1447,50858,1682,55947,261,2402,1953,29460,1432,41006,2213,70466,California
San Luis Obispo,2021-03-18,2703,111910,1444,52302,1065,57012,194,2596,1257,29467,1444,42450,1451,71917,California
San Luis Obispo,2021-03-19,2571,114481,1561,53863,688,57700,322,2918,952,29127,1616,44066,1276,73193,California
San Luis Obispo,2021-03-20,824,115305,493,54356,295,57995,36,2954,379,29097,445,44511,415,73608,California
San Luis Obispo,2021-03-21,182,115487,44,54400,135,58130,3,2957,153,29224,29,44540,156,73764,California
San Luis Obispo,2021-03-22,2676,118163,1168,55568,1461,59591,47,3004,1860,30319,812,45352,1907,75671,California
San Luis Obispo,2021-03-23,3357,121520,2214,57782,1125,60716,18,3022,2263,31511,1089,46441,2281,77952,California
San Luis Obispo,2021-03-24,3429,124949,2089,59871,1270,61986,70,3092,2583,33323,841,47282,2653,80605,California
San Luis Obispo,2021-03-25,3611,128560,2277,62148,1323,63309,11,3103,2599,34921,1011,48293,2609,83214,California
San Luis Obispo,2021-03-26,3127,131687,1755,63903,951,64260,421,3524,1752,35723,1371,49664,2173,85387,California
San Luis Obispo,2021-03-27,985,132672,502,64405,387,64647,96,3620,442,35720,541,50205,538,85925,California
San Luis Obispo,2021-03-28,442,133114,153,64558,233,64880,56,3676,242,35818,200,50405,298,86223,California
San Luis Obispo,2021-03-29,2574,135688,1271,65829,1169,66049,134,3810,1656,36702,906,51311,1790,88013,California
San Luis Obispo,2021-03-30,3494,139182,1907,67736,1445,67494,142,3952,2347,38046,1143,52454,2487,90500,California
San Luis Obispo,2021-03-31,3801,142983,2442,70178,1216,68710,143,4095,2446,39289,1346,53800,2589,93089,California
San Luis Obispo,2021-04-01,3786,146769,2420,72598,1282,69992,84,4179,2684,40962,1094,54894,2767,95856,California
San Luis Obispo,2021-04-02,1701,148470,681,73279,718,70710,302,4481,914,41392,786,55680,1216,97072,California
San Luis Obispo,2021-04-03,1078,149548,551,73830,408,71118,119,4600,471,41380,602,56282,590,97662,California
San Luis Obispo,2021-04-04,378,149926,130,73960,208,71326,40,4640,231,41504,147,56429,271,97933,California
San Luis Obispo,2021-04-05,3565,153491,1946,75906,1518,72844,101,4741,2042,42123,1522,57951,2141,100074,California
San Luis Obispo,2021-04-06,3983,157474,2138,78044,1544,74388,301,5042,1939,42325,2038,59989,2240,102314,California
San Luis Obispo,2021-04-07,4219,161693,2327,80371,1573,75961,319,5361,2460,43355,1747,61736,2777,105091,California
San Luis Obispo,2021-04-08,3988,165681,2185,82556,1412,77373,391,5752,2170,44105,1811,63547,2561,107652,California
San Luis Obispo,2021-04-09,3570,169251,1700,84256,1142,78515,728,6480,1532,44333,2029,65576,2257,109909,California
San Luis Obispo,2021-04-10,1538,170789,554,84810,337,78852,647,7127,474,44389,1063,66639,1119,111028,California
San Luis Obispo,2021-04-11,313,171102,63,84873,187,79039,63,7190,126,44393,185,66824,189,111217,California
San Luis Obispo,2021-04-12,3330,174432,1687,86560,1489,80528,154,7344,1389,43996,1941,68765,1544,112761,California
San Luis Obispo,2021-04-13,2983,177415,1797,88357,1181,81709,5,7349,1669,44358,1313,70078,1675,114436,California
San Luis Obispo,2021-04-14,1381,178796,630,88987,749,82458,2,7351,770,44526,604,70682,772,115208,California
San Luis Obispo,2021-04-15,1158,179954,710,89697,447,82905,1,7352,596,44568,555,71237,597,115805,California
San Luis Obispo,2021-04-16,1241,181195,636,90333,602,83507,3,7355,688,44707,551,71788,690,116495,California
San Luis Obispo,2021-04-17,857,182052,412,90745,443,83950,2,7357,489,44832,367,72155,492,116987,California
San Luis Obispo,2021-04-18,54,182106,11,90756,43,83993,0,7357,22,44822,32,72187,22,117009,California
San Mateo,2020-12-15,26,26,26,26,0,0,0,0,26,26,0,0,26,26,California
San Mateo,2020-12-16,110,136,110,136,0,0,0,0,110,136,0,0,110,136,California
San Mateo,2020-12-17,162,298,162,298,0,0,0,0,162,298,0,0,162,298,California
San Mateo,2020-12-18,741,1039,739,1037,2,2,0,0,741,1039,0,0,741,1039,California
San Mateo,2020-12-19,509,1548,509,1546,0,2,0,0,509,1548,0,0,509,1548,California
San Mateo,2020-12-20,507,2055,506,2052,1,3,0,0,507,2055,0,0,507,2055,California
San Mateo,2020-12-21,1153,3208,1153,3205,0,3,0,0,1153,3208,0,0,1153,3208,California
San Mateo,2020-12-22,1513,4721,1506,4711,7,10,0,0,1513,4721,0,0,1513,4721,California
San Mateo,2020-12-23,1571,6292,1385,6096,186,196,0,0,1571,6292,0,0,1571,6292,California
San Mateo,2020-12-24,867,7159,610,6706,257,453,0,0,867,7159,0,0,867,7159,California
San Mateo,2020-12-25,114,7273,110,6816,4,457,0,0,114,7273,0,0,114,7273,California
San Mateo,2020-12-26,560,7833,417,7233,143,600,0,0,560,7833,0,0,560,7833,California
San Mateo,2020-12-27,305,8138,175,7408,130,730,0,0,305,8138,0,0,305,8138,California
San Mateo,2020-12-28,1047,9185,701,8109,346,1076,0,0,1047,9185,0,0,1047,9185,California
San Mateo,2020-12-29,1128,10313,705,8814,423,1499,0,0,1128,10313,0,0,1128,10313,California
San Mateo,2020-12-30,1263,11576,761,9575,502,2001,0,0,1263,11576,0,0,1263,11576,California
San Mateo,2020-12-31,717,12293,232,9807,485,2486,0,0,716,12291,1,1,716,12292,California
San Mateo,2021-01-01,35,12328,30,9837,5,2491,0,0,35,12326,0,1,35,12327,California
San Mateo,2021-01-02,397,12725,268,10105,129,2620,0,0,397,12723,0,1,397,12724,California
San Mateo,2021-01-03,281,13006,206,10311,75,2695,0,0,278,12998,3,4,278,13002,California
San Mateo,2021-01-04,1056,14062,683,10994,373,3068,0,0,1056,14054,0,4,1056,14058,California
San Mateo,2021-01-05,1197,15259,704,11698,493,3561,0,0,1169,15196,28,32,1170,15228,California
San Mateo,2021-01-06,1445,16704,948,12646,497,4058,0,0,1266,16286,177,209,1267,16495,California
San Mateo,2021-01-07,1450,18154,805,13451,645,4703,0,0,1162,17168,281,490,1163,17658,California
San Mateo,2021-01-08,1837,19991,1191,14642,646,5349,0,0,1139,17617,691,1181,1140,18798,California
San Mateo,2021-01-09,1179,21170,775,15417,404,5753,0,0,723,17884,456,1637,723,19521,California
San Mateo,2021-01-10,698,21868,570,15987,128,5881,0,0,263,17712,435,2072,263,19784,California
San Mateo,2021-01-11,2583,24451,1479,17466,1104,6985,0,0,1522,18173,1062,3134,1523,21307,California
San Mateo,2021-01-12,3277,27728,1770,19236,1507,8492,0,0,2098,19096,1177,4311,2100,23407,California
San Mateo,2021-01-13,3469,31197,1749,20985,1720,10212,0,0,2436,20502,1033,5344,2439,25846,California
San Mateo,2021-01-14,3774,34971,1582,22567,2192,12404,0,0,3090,22913,684,6028,3095,28941,California
San Mateo,2021-01-15,4328,39299,1710,24277,2618,15022,0,0,3800,26189,526,6554,3802,32743,California
San Mateo,2021-01-16,3083,42382,777,25054,2306,17328,0,0,2764,28634,319,6873,2764,35507,California
San Mateo,2021-01-17,1308,43690,308,25362,1000,18328,0,0,1100,29526,208,7081,1100,36607,California
San Mateo,2021-01-18,1362,45052,531,25893,831,19159,0,0,989,30149,370,7451,993,37600,California
San Mateo,2021-01-19,2796,47848,1783,27676,1013,20172,0,0,2006,31368,787,8238,2006,39606,California
San Mateo,2021-01-20,2654,50502,1402,29078,1252,21424,0,0,1809,32336,842,9080,1810,41416,California
San Mateo,2021-01-21,2820,53322,1279,30357,1541,22965,0,0,2240,34000,579,9659,2243,43659,California
San Mateo,2021-01-22,2790,56112,1130,31487,1660,24625,0,0,2491,36195,297,9956,2492,46151,California
San Mateo,2021-01-23,2882,58994,1688,33175,1194,25819,0,0,2521,38356,361,10317,2522,48673,California
San Mateo,2021-01-24,1519,60513,373,33548,1146,26965,0,0,1210,39258,308,10625,1210,49883,California
San Mateo,2021-01-25,4429,64942,3147,36695,1282,28247,0,0,3533,41899,894,11519,3535,53418,California
San Mateo,2021-01-26,4284,69226,2979,39674,1305,29552,0,0,3382,44380,901,12420,3382,56800,California
San Mateo,2021-01-27,2780,72006,1462,41136,1318,30870,0,0,1789,45186,985,13405,1791,58591,California
San Mateo,2021-01-28,2786,74792,1342,42478,1444,32314,0,0,1940,46295,831,14236,1940,60531,California
San Mateo,2021-01-29,2970,77762,1331,43809,1639,33953,0,0,2140,47611,827,15063,2143,62674,California
San Mateo,2021-01-30,3371,81133,1472,45281,1899,35852,0,0,2914,50070,456,15519,2915,65589,California
San Mateo,2021-01-31,1682,82815,896,46177,786,36638,0,0,1520,51430,160,15679,1520,67109,California
San Mateo,2021-02-01,2919,85734,1341,47518,1578,38216,0,0,2213,52941,703,16382,2214,69323,California
San Mateo,2021-02-02,3165,88899,1728,49246,1437,39653,0,0,2153,54085,1009,17391,2153,71476,California
San Mateo,2021-02-03,4871,93770,1944,51190,2927,42580,0,0,3820,56858,1048,18439,3821,75297,California
San Mateo,2021-02-04,6279,100049,2585,53775,3694,46274,0,0,4920,60428,1353,19792,4923,80220,California
San Mateo,2021-02-05,6783,106832,2551,56326,4232,50506,0,0,4959,63580,1807,21599,4959,85179,California
San Mateo,2021-02-06,3281,110113,1917,58243,1364,51870,0,0,2616,65534,664,22263,2618,87797,California
San Mateo,2021-02-07,1895,112008,1342,59585,553,52423,0,0,1708,67055,187,22450,1708,89505,California
San Mateo,2021-02-08,5272,117280,2243,61828,3029,55452,0,0,3101,68048,2108,24558,3101,92606,California
San Mateo,2021-02-09,6170,123450,3217,65045,2953,58405,0,0,3332,68546,2834,27392,3332,95938,California
San Mateo,2021-02-10,6494,129944,3271,68316,3223,61628,0,0,3541,69143,2944,30336,3541,99479,California
San Mateo,2021-02-11,7022,136966,3565,71881,3457,65085,0,0,3812,69757,3201,33537,3815,103294,California
San Mateo,2021-02-12,6614,143580,2952,74833,3662,68747,0,0,4705,72559,1905,35442,4707,108001,California
San Mateo,2021-02-13,6083,149663,3988,78821,2095,70842,0,0,2636,71752,3443,38885,2636,110637,California
San Mateo,2021-02-14,4630,154293,3017,81838,1613,72455,0,0,1979,71084,2648,41533,1980,112617,California
San Mateo,2021-02-15,3162,157455,1457,83295,1705,74160,0,0,1788,71502,1370,42903,1788,114405,California
San Mateo,2021-02-16,7140,164595,1868,85163,5272,79432,0,0,5278,74921,1861,44764,5280,119685,California
San Mateo,2021-02-17,7045,171640,1931,87094,5114,84546,0,0,5061,78005,1979,46743,5063,124748,California
San Mateo,2021-02-18,6672,178312,4617,91711,2055,86601,0,0,4436,80210,2233,48976,4438,129186,California
San Mateo,2021-02-19,7808,186120,5609,97320,2199,88800,0,0,5823,84054,1979,50955,5823,135009,California
San Mateo,2021-02-20,3727,189847,2409,99729,1318,90118,0,0,2306,84945,1415,52370,2306,137315,California
San Mateo,2021-02-21,2297,192144,1456,101185,841,90959,0,0,1252,85156,1041,53411,1252,138567,California
San Mateo,2021-02-22,4413,196557,3189,104374,1224,92183,0,0,2784,86317,1623,55034,2784,141351,California
San Mateo,2021-02-23,4282,200839,3041,107415,1241,93424,0,0,2482,87005,1794,56828,2482,143833,California
San Mateo,2021-02-24,7270,208109,3247,110662,4023,97447,0,0,4849,89438,2416,59244,4849,148682,California
San Mateo,2021-02-25,9068,217177,4004,114666,5064,102511,0,0,6007,92399,3046,62290,6007,154689,California
San Mateo,2021-02-26,9733,226910,3700,118366,6033,108544,0,0,6818,96316,2903,65193,6820,161509,California
San Mateo,2021-02-27,6670,233580,3405,121771,3264,111808,1,1,3626,96910,3039,68232,3633,165142,California
San Mateo,2021-02-28,4118,237698,2500,124271,1618,113426,0,1,2551,97899,1563,69795,2552,167694,California
San Mateo,2021-03-01,5615,243313,3511,127782,2104,115530,0,1,2775,97843,2831,72626,2775,170469,California
San Mateo,2021-03-02,5726,249039,3943,131725,1782,117312,1,2,3292,98712,2425,75051,3294,173763,California
San Mateo,2021-03-03,8234,257273,3838,135563,4395,121707,1,3,3545,97578,4680,79731,3546,177309,California
San Mateo,2021-03-04,8333,265606,3919,139482,4412,126119,2,5,3772,96807,4547,84278,3776,181085,California
San Mateo,2021-03-05,9049,274655,5969,145451,3077,129196,3,8,6393,100571,2636,86914,6400,187485,California
San Mateo,2021-03-06,7821,282476,5418,150869,2227,131423,176,184,5719,104372,2093,89007,5894,193379,California
San Mateo,2021-03-07,3460,285936,2309,153178,1084,132507,67,251,2001,104985,1455,90462,2068,195447,California
San Mateo,2021-03-08,4392,290328,2460,155638,1732,134239,200,451,3193,107186,1193,91655,3394,198841,California
San Mateo,2021-03-09,4504,294832,2102,157740,2130,136369,272,723,2972,108903,1526,93181,3243,202084,California
San Mateo,2021-03-10,6903,301735,2629,160369,3991,140360,283,1006,4562,111418,2329,95510,4844,206928,California
San Mateo,2021-03-11,9092,310827,5712,166081,2989,143349,391,1397,3691,110124,5375,100885,4081,211009,California
San Mateo,2021-03-12,10460,321287,6599,172680,3491,146840,370,1767,3486,107019,6960,107845,3855,214864,California
San Mateo,2021-03-13,8069,329356,3403,176083,3037,149877,1629,3396,3897,108376,4164,112009,5521,220385,California
San Mateo,2021-03-14,4915,334271,3293,179376,1515,151392,107,3503,2903,109379,2007,114016,3010,223395,California
San Mateo,2021-03-15,7106,341377,4567,183943,2365,153757,174,3677,3759,109969,3343,117359,3933,227328,California
San Mateo,2021-03-16,11863,353240,4352,188295,7388,161145,123,3800,4830,107906,7019,124378,4956,232284,California
San Mateo,2021-03-17,10754,363994,4355,192650,6275,167420,124,3924,4865,107032,5867,130245,4993,237277,California
San Mateo,2021-03-18,7173,371167,4015,196665,2975,170395,183,4107,4259,108564,2910,133155,4442,241719,California
San Mateo,2021-03-19,7332,378499,4704,201369,1963,172358,665,4772,3595,109093,3730,136885,4259,245978,California
San Mateo,2021-03-20,8228,386727,6420,207789,1476,173834,332,5104,5365,111940,2850,139735,5697,251675,California
San Mateo,2021-03-21,4118,390845,3115,210904,772,174606,231,5335,2322,112703,1787,141522,2550,254225,California
San Mateo,2021-03-22,5182,396027,3532,214436,1232,175838,418,5753,2832,113618,2337,143859,3252,257477,California
San Mateo,2021-03-23,9727,405754,4414,218850,5117,180955,196,5949,4630,113374,5070,148929,4826,262303,California
San Mateo,2021-03-24,9411,415165,5419,224269,3849,184804,143,6092,4088,112343,5261,154190,4230,266533,California
San Mateo,2021-03-25,9876,425041,4822,229091,4798,189602,256,6348,4339,111503,5437,159627,4597,271130,California
San Mateo,2021-03-26,11057,436098,7623,236714,3271,192873,163,6511,4403,109449,6620,166247,4566,275696,California
San Mateo,2021-03-27,10342,446440,7903,244617,2335,195208,104,6615,4614,108456,5708,171955,4715,280411,California
San Mateo,2021-03-28,4198,450638,2706,247323,1381,196589,111,6726,2096,108570,2094,174049,2208,282619,California
San Mateo,2021-03-29,5979,456617,3727,251050,2002,198591,250,6976,2835,108528,3127,177176,3085,285704,California
San Mateo,2021-03-30,7015,463632,3970,255020,2893,201484,152,7128,4452,110581,2551,179727,4604,290308,California
San Mateo,2021-03-31,7142,470774,4519,259539,2486,203970,137,7265,4062,111712,3068,182795,4199,294507,California
San Mateo,2021-04-01,10326,481100,5058,264597,4089,208059,1179,8444,5545,113686,4749,187544,6723,301230,California
San Mateo,2021-04-02,10558,491658,5043,269640,3955,212014,1560,10004,5539,115783,5001,192545,7098,308328,California
San Mateo,2021-04-03,9557,501215,5414,275054,2418,214432,1725,11729,4796,117553,4753,197298,6523,314851,California
San Mateo,2021-04-04,5289,506504,2540,277594,1543,215975,1206,12935,1659,116798,3620,200918,2865,317716,California
San Mateo,2021-04-05,8869,515373,4710,282304,2435,218410,1724,14659,3826,117314,5034,205952,5550,323266,California
San Mateo,2021-04-06,13038,528411,8156,290460,3035,221445,1847,16506,7449,121041,5577,211529,9304,332570,California
San Mateo,2021-04-07,11258,539669,5221,295681,4374,225819,1663,18169,4781,121020,6459,217988,6438,339008,California
San Mateo,2021-04-08,9824,549493,4960,300641,2352,228171,2512,20681,4390,122496,5421,223409,6897,345905,California
San Mateo,2021-04-09,10705,560198,5170,305811,3272,231443,2263,22944,4955,123976,5736,229145,7216,353121,California
San Mateo,2021-04-10,10899,571097,5487,311298,4008,235451,1404,24348,4531,123564,6345,235490,5933,359054,California
San Mateo,2021-04-11,6589,577686,3266,314564,879,236330,2444,26792,2321,124063,4263,239753,4762,363816,California
San Mateo,2021-04-12,7012,584698,4196,318760,1863,238193,953,27745,3432,124883,3566,243319,4386,368202,California
San Mateo,2021-04-13,7977,592675,4946,323706,3024,241217,7,27752,4237,125396,3734,247053,4247,372449,California
San Mateo,2021-04-14,7904,600579,5040,328746,2862,244079,2,27754,4182,125871,3713,250766,4188,376637,California
San Mateo,2021-04-15,10251,610830,6805,335551,3445,247524,1,27755,6867,129383,3363,254129,6875,383512,California
San Mateo,2021-04-16,9208,620038,6341,341892,2852,250376,15,27770,6011,132230,3186,257315,6033,389545,California
San Mateo,2021-04-17,7113,627151,4368,346260,2744,253120,1,27771,4997,135122,2108,259423,5000,394545,California
San Mateo,2021-04-18,4020,631171,1804,348064,2216,255336,0,27771,2796,136700,1221,260644,2799,397344,California
Santa Barbara,2020-12-15,2,2,2,2,0,0,0,0,2,2,0,0,2,2,California
Santa Barbara,2020-12-16,2,4,2,4,0,0,0,0,2,4,0,0,2,4,California
Santa Barbara,2020-12-17,53,57,53,57,0,0,0,0,53,57,0,0,53,57,California
Santa Barbara,2020-12-18,378,435,377,434,1,1,0,0,378,435,0,0,378,435,California
Santa Barbara,2020-12-19,325,760,325,759,0,1,0,0,325,760,0,0,325,760,California
Santa Barbara,2020-12-20,235,995,235,994,0,1,0,0,235,995,0,0,235,995,California
Santa Barbara,2020-12-21,651,1646,649,1643,2,3,0,0,651,1646,0,0,651,1646,California
Santa Barbara,2020-12-22,243,1889,241,1884,2,5,0,0,243,1889,0,0,243,1889,California
Santa Barbara,2020-12-23,320,2209,202,2086,118,123,0,0,320,2209,0,0,320,2209,California
Santa Barbara,2020-12-24,87,2296,40,2126,47,170,0,0,87,2296,0,0,87,2296,California
Santa Barbara,2020-12-26,326,2622,66,2192,260,430,0,0,326,2622,0,0,326,2622,California
Santa Barbara,2020-12-27,62,2684,1,2193,61,491,0,0,62,2684,0,0,62,2684,California
Santa Barbara,2020-12-28,355,3039,222,2415,133,624,0,0,355,3039,0,0,355,3039,California
Santa Barbara,2020-12-29,554,3593,362,2777,192,816,0,0,554,3593,0,0,554,3593,California
Santa Barbara,2020-12-30,586,4179,405,3182,181,997,0,0,586,4179,0,0,586,4179,California
Santa Barbara,2020-12-31,239,4418,113,3295,126,1123,0,0,239,4418,0,0,239,4418,California
Santa Barbara,2021-01-01,108,4526,107,3402,1,1124,0,0,108,4526,0,0,108,4526,California
Santa Barbara,2021-01-02,586,5112,223,3625,363,1487,0,0,586,5112,0,0,586,5112,California
Santa Barbara,2021-01-03,23,5135,15,3640,8,1495,0,0,23,5135,0,0,23,5135,California
Santa Barbara,2021-01-04,308,5443,245,3885,63,1558,0,0,307,5442,0,0,307,5442,California
Santa Barbara,2021-01-05,752,6195,379,4264,373,1931,0,0,725,6140,27,27,725,6167,California
Santa Barbara,2021-01-06,654,6849,275,4539,379,2310,0,0,595,6677,58,85,595,6762,California
Santa Barbara,2021-01-07,1031,7880,708,5247,323,2633,0,0,526,6702,501,586,526,7288,California
Santa Barbara,2021-01-08,1201,9081,839,6086,362,2995,0,0,707,6915,494,1080,707,7995,California
Santa Barbara,2021-01-09,566,9647,293,6379,273,3268,0,0,320,6989,246,1326,320,8315,California
Santa Barbara,2021-01-10,62,9709,50,6429,12,3280,0,0,46,7019,16,1342,46,8361,California
Santa Barbara,2021-01-11,837,10546,668,7097,169,3449,0,0,614,7411,222,1564,614,8975,California
Santa Barbara,2021-01-12,1426,11972,634,7731,792,4241,0,0,1270,8525,156,1720,1270,10245,California
Santa Barbara,2021-01-13,1227,13199,281,8012,946,5187,0,0,1101,9500,126,1846,1101,11346,California
Santa Barbara,2021-01-14,1247,14446,134,8146,1113,6300,0,0,1193,10641,53,1899,1194,12540,California
Santa Barbara,2021-01-15,1798,16244,419,8565,1379,7679,0,0,1717,12278,80,1979,1717,14257,California
Santa Barbara,2021-01-16,1273,17517,203,8768,1070,8749,0,0,1234,13474,38,2017,1234,15491,California
Santa Barbara,2021-01-17,123,17640,20,8788,103,8852,0,0,120,13591,3,2020,120,15611,California
Santa Barbara,2021-01-18,1146,18786,417,9205,729,9581,0,0,961,14367,185,2205,961,16572,California
Santa Barbara,2021-01-19,1635,20421,566,9771,1069,10650,0,0,1356,15445,278,2483,1356,17928,California
Santa Barbara,2021-01-20,1987,22408,445,10216,1542,12192,0,0,1694,16847,292,2775,1694,19622,California
Santa Barbara,2021-01-21,3086,25494,1819,12035,1267,13459,0,0,2931,19624,155,2930,2932,22554,California
Santa Barbara,2021-01-22,2999,28493,1851,13886,1148,14607,0,0,2854,22336,142,3072,2854,25408,California
Santa Barbara,2021-01-23,1735,30228,1106,14992,629,15236,0,0,1226,23054,508,3580,1226,26634,California
Santa Barbara,2021-01-24,843,31071,752,15744,91,15327,0,0,835,23881,8,3588,835,27469,California
Santa Barbara,2021-01-25,1238,32309,500,16244,738,16065,0,0,1001,24645,237,3825,1001,28470,California
Santa Barbara,2021-01-26,2038,34347,462,16706,1576,17641,0,0,1654,25917,382,4207,1654,30124,California
Santa Barbara,2021-01-27,1156,35503,398,17104,758,18399,0,0,899,26561,256,4463,900,31024,California
Santa Barbara,2021-01-28,891,36394,295,17399,596,18995,0,0,678,27029,210,4673,678,31702,California
Santa Barbara,2021-01-29,1331,37725,538,17937,793,19788,0,0,979,27661,349,5022,981,32683,California
Santa Barbara,2021-01-30,1890,39615,1418,19355,472,20260,0,0,1486,28746,401,5423,1486,34169,California
Santa Barbara,2021-01-31,1456,41071,1218,20573,238,20498,0,0,1417,30124,39,5462,1417,35586,California
Santa Barbara,2021-02-01,935,42006,517,21090,418,20916,0,0,548,30285,387,5849,548,36134,California
Santa Barbara,2021-02-02,1816,43822,699,21789,1117,22033,0,0,1041,30553,773,6622,1041,37175,California
Santa Barbara,2021-02-03,1943,45765,1079,22868,864,22897,0,0,1501,31622,432,7054,1501,38676,California
Santa Barbara,2021-02-04,2776,48541,1861,24729,915,23812,0,0,2481,33813,290,7344,2481,41157,California
Santa Barbara,2021-02-05,2905,51446,2060,26789,845,24657,0,0,2262,35433,642,7986,2262,43419,California
Santa Barbara,2021-02-06,1207,52653,339,27128,868,25525,0,0,795,35816,412,8398,795,44214,California
Santa Barbara,2021-02-07,298,52951,262,27390,36,25561,0,0,264,36047,33,8431,264,44478,California
Santa Barbara,2021-02-08,956,53907,312,27702,644,26205,0,0,670,36431,286,8717,670,45148,California
Santa Barbara,2021-02-09,2442,56349,314,28016,2128,28333,0,0,1122,36242,1311,10028,1122,46270,California
Santa Barbara,2021-02-10,2757,59106,1494,29510,1263,29596,0,0,800,35093,1949,11977,800,47070,California
Santa Barbara,2021-02-11,4176,63282,2804,32314,1372,30968,0,0,619,32160,3552,15529,619,47689,California
Santa Barbara,2021-02-12,3304,66586,948,33262,2356,33324,0,0,772,30405,2527,18056,772,48461,California
Santa Barbara,2021-02-13,1237,67823,341,33603,896,34220,0,0,562,30295,672,18728,562,49023,California
Santa Barbara,2021-02-14,331,68154,34,33637,297,34517,0,0,285,30534,46,18774,285,49308,California
Santa Barbara,2021-02-15,962,69116,337,33974,625,35142,0,0,490,30556,468,19242,490,49798,California
Santa Barbara,2021-02-16,2108,71224,395,34369,1713,36855,0,0,718,29888,1386,20628,718,50516,California
Santa Barbara,2021-02-17,1430,72654,317,34686,1113,37968,0,0,516,29492,912,21540,516,51032,California
Santa Barbara,2021-02-18,3250,75904,2646,37332,604,38572,0,0,1520,29316,1696,23236,1520,52552,California
Santa Barbara,2021-02-19,3602,79506,2648,39980,954,39526,0,0,2333,30383,1266,24502,2333,54885,California
Santa Barbara,2021-02-20,2219,81725,1432,41412,787,40313,0,0,1667,31507,543,25045,1667,56552,California
Santa Barbara,2021-02-21,124,81849,97,41509,27,40340,0,0,57,31497,67,25112,57,56609,California
Santa Barbara,2021-02-22,933,82782,242,41751,691,41031,0,0,261,31092,666,25778,261,56870,California
Santa Barbara,2021-02-23,3182,85964,1044,42795,2138,43169,0,0,421,28754,2759,28537,421,57291,California
Santa Barbara,2021-02-24,3193,89157,1088,43883,2105,45274,0,0,721,27012,2463,31000,721,58012,California
Santa Barbara,2021-02-25,3450,92607,1915,45798,1535,46809,0,0,985,25540,2458,33458,986,58998,California
Santa Barbara,2021-02-26,3661,96268,2173,47971,1488,48297,0,0,1979,25843,1676,35134,1979,60977,California
Santa Barbara,2021-02-27,1527,97795,561,48532,966,49263,0,0,846,26016,675,35809,848,61825,California
Santa Barbara,2021-02-28,1080,98875,218,48750,862,50125,0,0,890,26721,186,35995,891,62716,California
Santa Barbara,2021-03-01,1617,100492,457,49207,1160,51285,0,0,1079,27268,533,36528,1080,63796,California
Santa Barbara,2021-03-02,2593,103085,398,49605,2195,53480,0,0,2106,28898,477,37005,2107,65903,California
Santa Barbara,2021-03-03,4619,107704,2090,51695,2528,56008,1,1,4028,32349,581,37586,4032,69935,California
Santa Barbara,2021-03-04,3397,111101,2274,53969,1123,57131,0,1,2848,34654,543,38129,2848,72783,California
Santa Barbara,2021-03-05,3797,114898,2150,56119,1588,58719,59,60,3076,37074,715,38844,3135,75918,California
Santa Barbara,2021-03-06,2436,117334,724,56843,1493,60212,219,279,1672,38203,761,39605,1890,77808,California
Santa Barbara,2021-03-07,556,117890,122,56965,306,60518,128,407,380,38537,175,39780,509,78317,California
Santa Barbara,2021-03-08,1572,119462,374,57339,856,61374,342,749,792,38897,774,40554,1134,79451,California
Santa Barbara,2021-03-09,2762,122224,323,57662,1670,63044,769,1518,716,38335,2043,42597,1481,80932,California
Santa Barbara,2021-03-10,2747,124971,540,58202,1160,64204,1047,2565,1029,38698,1713,44310,2076,83008,California
Santa Barbara,2021-03-11,5566,130537,3031,61233,1423,65627,1112,3677,2274,38801,3281,47591,3384,86392,California
Santa Barbara,2021-03-12,3640,134177,2089,63322,1125,66752,426,4103,2169,39932,1464,49055,2595,88987,California
Santa Barbara,2021-03-13,3461,137638,1915,65237,1337,68089,209,4312,2691,42064,769,49824,2901,91888,California
Santa Barbara,2021-03-14,769,138407,363,65600,349,68438,57,4369,451,42254,318,50142,508,92396,California
Santa Barbara,2021-03-15,2099,140506,695,66295,1114,69552,290,4659,1264,42974,832,50974,1552,93948,California
Santa Barbara,2021-03-16,3713,144219,1167,67462,2205,71757,341,5000,2731,45067,979,51953,3072,97020,California
Santa Barbara,2021-03-17,3278,147497,969,68431,1910,73667,399,5399,2294,46777,982,52935,2692,99712,California
Santa Barbara,2021-03-18,4331,151828,2792,71223,1339,75006,200,5599,3131,48918,1190,54125,3331,103043,California
Santa Barbara,2021-03-19,4425,156253,2761,73984,1333,76339,331,5930,3034,50898,1385,55510,3365,106408,California
Santa Barbara,2021-03-20,2150,158403,821,74805,1320,77659,9,5939,1316,51391,832,56342,1325,107733,California
Santa Barbara,2021-03-21,1148,159551,380,75185,739,78398,29,5968,826,51925,321,56663,855,108588,California
Santa Barbara,2021-03-22,2764,162315,1906,77091,815,79213,43,6011,2215,53640,543,57206,2258,110846,California
Santa Barbara,2021-03-23,4446,166761,2235,79326,2115,81328,96,6107,3689,56677,748,57954,3785,114631,California
Santa Barbara,2021-03-24,5367,172128,3143,82469,1491,82819,733,6840,2942,57945,2406,60360,3674,118305,California
Santa Barbara,2021-03-25,5489,177617,3262,85731,2046,84865,181,7021,2739,58129,2736,63096,2920,121225,California
Santa Barbara,2021-03-26,5060,182677,3212,88943,1551,86416,297,7318,2225,57833,2818,65914,2522,123747,California
Santa Barbara,2021-03-27,2927,185604,1222,90165,1663,88079,42,7360,1595,58142,1327,67241,1636,125383,California
Santa Barbara,2021-03-28,2766,188370,1647,91812,1091,89170,28,7388,1887,59181,876,68117,1915,127298,California
Santa Barbara,2021-03-29,4040,192410,2088,93900,1883,91053,69,7457,3235,61685,800,68917,3304,130602,California
Santa Barbara,2021-03-30,6775,199185,3500,97400,3128,94181,147,7604,4556,64182,2205,71122,4702,135304,California
Santa Barbara,2021-03-31,8616,207801,5489,102889,3063,97244,64,7668,5057,65760,3544,74666,5122,140426,California
Santa Barbara,2021-04-01,6880,214681,5074,107963,1548,98792,258,7926,4044,67236,2824,77490,4300,144726,California
Santa Barbara,2021-04-02,6591,221272,4524,112487,1475,100267,592,8518,3381,68005,3203,80693,3972,148698,California
Santa Barbara,2021-04-03,3783,225055,2100,114587,1615,101882,68,8586,2490,69273,1289,81982,2557,151255,California
Santa Barbara,2021-04-04,891,225946,441,115028,412,102294,38,8624,495,69412,394,82376,533,151788,California
Santa Barbara,2021-04-05,3435,229381,2264,117292,914,103208,257,8881,2145,70530,1285,83661,2403,154191,California
Santa Barbara,2021-04-06,5445,234826,2815,120107,2095,105303,535,9416,3335,72302,2095,85756,3867,158058,California
Santa Barbara,2021-04-07,5978,240804,3282,123389,2155,107458,541,9957,4084,75040,1883,87639,4621,162679,California
Santa Barbara,2021-04-08,7377,248181,5027,128416,635,108093,1715,11672,3413,76204,3961,91600,5125,167804,California
Santa Barbara,2021-04-09,7226,255407,4857,133273,1031,109124,1338,13010,3289,76900,3927,95527,4623,172427,California
Santa Barbara,2021-04-10,6616,262023,4600,137873,1406,110530,610,13620,4518,79934,2094,97621,5128,177555,California
Santa Barbara,2021-04-11,2661,264684,1949,139822,413,110943,299,13919,1840,81253,816,98437,2135,179690,California
Santa Barbara,2021-04-12,4376,269060,2800,142622,1024,111967,552,14471,1875,81184,2493,100930,2424,182114,California
Santa Barbara,2021-04-13,6275,275335,4127,146749,2137,114104,11,14482,2604,80131,3667,104597,2614,184728,California
Santa Barbara,2021-04-14,6386,281721,4121,150870,2263,116367,2,14484,3957,81669,2420,107017,3958,188686,California
Santa Barbara,2021-04-15,5050,286771,3567,154437,1483,117850,0,14484,2856,82337,2188,109205,2856,191542,California
Santa Barbara,2021-04-16,5475,292246,3209,157646,2255,120105,11,14495,3577,84037,1887,111092,3587,195129,California
Santa Barbara,2021-04-17,3089,295335,2090,159736,999,121104,0,14495,2086,85124,999,112091,2086,197215,California
Santa Barbara,2021-04-18,409,295744,87,159823,322,121426,0,14495,72,84862,335,112426,73,197288,California
Santa Clara,2020-12-15,64,64,64,64,0,0,0,0,64,64,0,0,64,64,California
Santa Clara,2020-12-16,136,200,136,200,0,0,0,0,136,200,0,0,136,200,California
Santa Clara,2020-12-17,388,588,388,588,0,0,0,0,388,588,0,0,388,588,California
Santa Clara,2020-12-18,1670,2258,1670,2258,0,0,0,0,1670,2258,0,0,1670,2258,California
Santa Clara,2020-12-19,2073,4331,2073,4331,0,0,0,0,2072,4330,0,0,2072,4330,California
Santa Clara,2020-12-20,1899,6230,1893,6224,6,6,0,0,1896,6226,0,0,1896,6226,California
Santa Clara,2020-12-21,2669,8899,2669,8893,0,6,0,0,2667,8893,0,0,2667,8893,California
Santa Clara,2020-12-22,3122,12021,3113,12006,9,15,0,0,3119,12012,0,0,3119,12012,California
Santa Clara,2020-12-23,3256,15277,3071,15077,185,200,0,0,3254,15266,0,0,3254,15266,California
Santa Clara,2020-12-24,1898,17175,1711,16788,187,387,0,0,1892,17157,1,1,1892,17158,California
Santa Clara,2020-12-25,343,17518,342,17130,1,388,0,0,343,17500,0,1,343,17501,California
Santa Clara,2020-12-26,1262,18780,1030,18160,232,620,0,0,1261,18761,0,1,1261,18762,California
Santa Clara,2020-12-27,646,19426,507,18667,139,759,0,0,646,19407,0,1,646,19408,California
Santa Clara,2020-12-28,2331,21757,1729,20396,602,1361,0,0,2331,21738,0,1,2331,21739,California
Santa Clara,2020-12-29,2327,24084,1466,21862,861,2222,0,0,2325,24063,0,1,2325,24064,California
Santa Clara,2020-12-30,2989,27073,1899,23761,1090,3312,0,0,2987,27048,2,3,2987,27051,California
Santa Clara,2020-12-31,1211,28284,389,24150,822,4134,0,0,1210,28257,1,4,1210,28261,California
Santa Clara,2021-01-01,137,28421,7,24157,130,4264,0,0,137,28394,0,4,137,28398,California
Santa Clara,2021-01-02,1080,29501,812,24969,268,4532,0,0,1080,29474,0,4,1080,29478,California
Santa Clara,2021-01-03,584,30085,369,25338,215,4747,0,0,579,30050,3,7,579,30057,California
Santa Clara,2021-01-04,2467,32552,1665,27003,802,5549,0,0,2465,32515,0,7,2465,32522,California
Santa Clara,2021-01-05,3055,35607,1999,29002,1056,6605,0,0,2868,35202,186,193,2873,35395,California
Santa Clara,2021-01-06,3315,38922,1952,30954,1363,7968,0,0,2740,37372,571,764,2741,38136,California
Santa Clara,2021-01-07,4213,43135,2553,33507,1660,9628,0,0,3148,39470,1055,1819,3153,41289,California
Santa Clara,2021-01-08,5837,48972,3816,37323,2021,11649,0,0,3787,41211,2046,3865,3787,45076,California
Santa Clara,2021-01-09,2966,51938,1859,39182,1107,12756,0,0,1685,41617,1281,5146,1687,46763,California
Santa Clara,2021-01-10,1951,53889,1508,40690,443,13199,0,0,741,41149,1209,6355,741,47504,California
Santa Clara,2021-01-11,5933,59822,3732,44422,2201,15400,0,0,3373,41968,2559,8914,3378,50882,California
Santa Clara,2021-01-12,6796,66618,3395,47817,3401,18801,0,0,4556,44287,2238,11152,4557,55439,California
Santa Clara,2021-01-13,7359,73977,3036,50853,4323,23124,0,0,5194,47319,2163,13315,5195,60634,California
Santa Clara,2021-01-14,8228,82205,2790,53643,5438,28562,0,0,6490,52077,1733,15048,6491,67125,California
Santa Clara,2021-01-15,9441,91646,2678,56321,6763,35325,0,0,8127,58898,1311,16359,8132,75257,California
Santa Clara,2021-01-16,4295,95941,1220,57541,3075,38400,0,0,3464,61535,827,17186,3464,78721,California
Santa Clara,2021-01-17,3212,99153,600,58141,2612,41012,0,0,2716,63755,496,17682,2716,81437,California
Santa Clara,2021-01-18,5089,104242,1152,59293,3937,44949,0,0,4536,67739,553,18235,4537,85974,California
Santa Clara,2021-01-19,8453,112695,2655,61948,5798,50747,0,0,6778,72848,1672,19907,6781,92755,California
Santa Clara,2021-01-20,7990,120685,4016,65964,3974,54721,0,0,6451,77765,1534,21441,6451,99206,California
Santa Clara,2021-01-21,8538,129223,3630,69594,4908,59629,0,0,7388,84007,1148,22589,7390,106596,California
Santa Clara,2021-01-22,8577,137800,3200,72794,5377,65006,0,0,8013,91459,563,23152,8015,114611,California
Santa Clara,2021-01-23,3776,141576,1684,74478,2092,67098,0,0,2819,93322,957,24109,2820,117431,California
Santa Clara,2021-01-24,2823,144399,1420,75898,1403,68501,0,0,2336,95173,485,24594,2336,119767,California
Santa Clara,2021-01-25,8357,152756,3776,79674,4581,73082,0,0,6304,99435,2046,26640,6308,126075,California
Santa Clara,2021-01-26,8223,160979,3754,83428,4469,77551,0,0,6115,103454,2098,28738,6117,132192,California
Santa Clara,2021-01-27,8698,169677,3821,87249,4877,82428,0,0,6782,108342,1895,30633,6783,138975,California
Santa Clara,2021-01-28,9408,179085,3768,91017,5640,88068,0,0,7463,113884,1925,32558,7467,146442,California
Santa Clara,2021-01-29,9470,188555,3915,94932,5555,93623,0,0,7310,119044,2151,34709,7311,153753,California
Santa Clara,2021-01-30,4161,192716,2056,96988,2105,95728,0,0,2960,120809,1196,35905,2961,156714,California
Santa Clara,2021-01-31,2169,194885,1302,98290,867,96595,0,0,1580,121803,586,36491,1580,158294,California
Santa Clara,2021-02-01,7829,202714,3479,101769,4350,100945,0,0,6140,126261,1683,38174,6141,164435,California
Santa Clara,2021-02-02,8076,210790,2866,104635,5210,106155,0,0,6090,130372,1982,40156,6093,170528,California
Santa Clara,2021-02-03,9189,219979,3480,108115,5709,111864,0,0,6920,135034,2264,42420,6926,177454,California
Santa Clara,2021-02-04,10560,230539,4111,112226,6449,118313,0,0,8281,141049,2269,44689,8284,185738,California
Santa Clara,2021-02-05,11898,242437,4338,116564,7560,125873,0,0,8443,146053,3440,48129,8444,194182,California
Santa Clara,2021-02-06,5167,247604,2805,119369,2362,128235,0,0,4008,148908,1155,49284,4010,198192,California
Santa Clara,2021-02-07,3473,251077,2348,121717,1125,129360,0,0,3023,151484,448,49732,3024,201216,California
Santa Clara,2021-02-08,10001,261078,3477,125194,6524,135884,0,0,7291,156080,2696,52428,7292,208508,California
Santa Clara,2021-02-09,10778,271856,3805,128999,6973,142857,0,0,7305,159925,3463,55891,7308,215816,California
Santa Clara,2021-02-10,12626,284482,4894,133893,7732,150589,0,0,6905,161124,5708,61599,6907,222723,California
Santa Clara,2021-02-11,13161,297643,4632,138525,8529,159118,0,0,7421,162820,5726,67325,7422,230145,California
Santa Clara,2021-02-12,14518,312161,4475,143000,10043,169161,0,0,7005,162333,7494,74819,7007,237152,California
Santa Clara,2021-02-13,6067,318228,1446,144446,4621,173782,0,0,2214,160701,3848,78667,2216,239368,California
Santa Clara,2021-02-14,4612,322840,1138,145584,3474,177256,0,0,1470,159032,3141,81808,1472,240840,California
Santa Clara,2021-02-15,6237,329077,2789,148373,3448,180704,0,0,2697,158195,3534,85342,2697,243537,California
Santa Clara,2021-02-16,13568,342645,3985,152358,9583,190287,0,0,6743,158130,6808,92150,6743,250280,California
Santa Clara,2021-02-17,14051,356696,5484,157842,8567,198854,0,0,7040,158181,6994,99144,7045,257325,California
Santa Clara,2021-02-18,13694,370390,8346,166188,5348,204202,0,0,7004,158520,6668,105812,7007,264332,California
Santa Clara,2021-02-19,14669,385059,9509,175697,5160,209362,0,0,8496,160861,6159,111971,8500,272832,California
Santa Clara,2021-02-20,6806,391865,5092,180789,1714,211076,0,0,3671,161405,3127,115098,3671,276503,California
Santa Clara,2021-02-21,3239,395104,2424,183213,815,211891,0,0,1160,160495,2072,117170,1162,277665,California
Santa Clara,2021-02-22,10126,405230,6068,189281,4058,215949,0,0,4728,159836,5388,122558,4729,282394,California
Santa Clara,2021-02-23,11822,417052,7688,196969,4134,220083,0,0,6696,161423,5114,127672,6701,289095,California
Santa Clara,2021-02-24,14094,431146,9083,206052,5011,225094,0,0,8728,164800,5351,133023,8728,297823,California
Santa Clara,2021-02-25,14063,445209,9215,215267,4848,229942,0,0,7652,166064,6393,139416,7657,305480,California
Santa Clara,2021-02-26,14539,459748,8429,223696,6110,236052,0,0,7996,167545,6518,145934,7999,313479,California
Santa Clara,2021-02-27,8038,467786,5487,229183,2550,238602,1,1,4446,168417,3582,149516,4454,317933,California
Santa Clara,2021-02-28,4711,472497,3062,232245,1649,240251,0,1,2202,168118,2501,152017,2202,320135,California
Santa Clara,2021-03-01,14038,486535,7955,240200,6082,246333,1,2,8678,171457,5340,157357,8679,328814,California
Santa Clara,2021-03-02,13738,500273,8228,248428,5510,251843,0,2,9172,176084,4547,161904,9174,337988,California
Santa Clara,2021-03-03,18011,518284,8870,257298,9140,260983,1,3,11078,180273,6896,168800,11085,349073,California
Santa Clara,2021-03-04,15698,533982,8895,266193,6800,267783,3,6,9230,183075,6432,175232,9234,358307,California
Santa Clara,2021-03-05,16174,550156,9112,275305,6937,274720,125,131,8878,184804,7278,182510,9007,367314,California
Santa Clara,2021-03-06,9326,559482,6260,281565,2631,277351,435,566,7045,190013,2269,184779,7478,374792,California
Santa Clara,2021-03-07,6708,566190,4402,285967,2077,279428,229,795,5350,194242,1350,186129,5579,380371,California
Santa Clara,2021-03-08,12827,579017,6679,292646,5588,285016,560,1355,8215,198424,4595,190724,8777,389148,California
Santa Clara,2021-03-09,14399,593416,6198,298844,6875,291891,1326,2681,6373,198113,8009,198733,7698,396846,California
Santa Clara,2021-03-10,14764,608180,6455,305299,6384,298275,1925,4606,6060,197404,8681,207414,7972,404818,California
Santa Clara,2021-03-11,16439,624619,7720,313019,7222,305497,1497,6103,5678,193834,10735,218149,7165,411983,California
Santa Clara,2021-03-12,17543,642162,9045,322064,6928,312425,1570,7673,5926,189744,11578,229727,7488,419471,California
Santa Clara,2021-03-13,10578,652740,6099,328163,2997,315422,1482,9155,4672,190007,5883,235610,6146,425617,California
Santa Clara,2021-03-14,6461,659201,3340,331503,1819,317241,1302,10457,3188,191232,3259,238869,4484,430101,California
Santa Clara,2021-03-15,12647,671848,6432,337935,5948,323189,267,10724,5883,190640,6744,245613,6152,436253,California
Santa Clara,2021-03-16,17550,689398,10233,348168,7112,330301,205,10929,8486,190290,9039,254652,8689,444942,California
Santa Clara,2021-03-17,19598,708996,11182,359350,8252,338553,164,11093,10109,191122,9441,264093,10273,455215,California
Santa Clara,2021-03-18,18240,727236,8836,368186,8247,346800,1157,12250,8496,191079,9695,273788,9652,464867,California
Santa Clara,2021-03-19,19064,746300,9797,377983,8270,355070,997,13247,9960,192983,9048,282836,10952,475819,California
Santa Clara,2021-03-20,11433,757733,6272,384255,4332,359402,829,14076,6723,195849,4682,287518,7548,483367,California
Santa Clara,2021-03-21,8232,765965,3711,387966,3121,362523,1400,15476,5517,200054,2706,290224,6911,490278,California
Santa Clara,2021-03-22,15961,781926,9025,396991,6592,369115,344,15820,9139,202739,6798,297022,9483,499761,California
Santa Clara,2021-03-23,19069,800995,12133,409124,6423,375538,513,16333,11452,207131,7574,304596,11966,511727,California
Santa Clara,2021-03-24,22261,823256,14425,423549,7425,382963,411,16744,14517,214356,7705,312301,14930,526657,California
Santa Clara,2021-03-25,22620,845876,12957,436506,8684,391647,979,17723,14718,222205,7841,320142,15690,542347,California
Santa Clara,2021-03-26,21677,867553,13813,450319,7482,399129,382,18105,13399,227736,8246,328388,13777,556124,California
Santa Clara,2021-03-27,15558,883111,10347,460666,4449,403578,762,18867,8387,229749,7136,335524,9149,565273,California
Santa Clara,2021-03-28,11957,895068,8261,468927,2983,406561,713,19580,6465,231454,5470,340994,7175,572448,California
Santa Clara,2021-03-29,20428,915496,12534,481461,7170,413731,724,20304,11191,234167,9199,350193,11912,584360,California
Santa Clara,2021-03-30,25365,940861,15113,496574,8342,422073,1910,22214,16566,243875,8762,358955,18470,602830,California
Santa Clara,2021-03-31,20201,961062,11716,508290,7364,429437,1121,23335,12769,250357,7402,366357,13884,616714,California
Santa Clara,2021-04-01,31281,992343,19574,527864,8725,438162,2982,26317,19945,261997,11282,377639,22922,639636,California
Santa Clara,2021-04-02,24845,1017188,14180,542044,8556,446718,2109,28426,16397,272083,8415,386054,18501,658137,California
Santa Clara,2021-04-03,15012,1032200,9108,551152,3433,450151,2471,30897,8316,276187,6675,392729,10779,668916,California
Santa Clara,2021-04-04,7506,1039706,3989,555141,2402,452553,1115,32012,3916,277635,3582,396311,5030,673946,California
Santa Clara,2021-04-05,21446,1061152,14303,569444,4704,457257,2439,34451,13981,286613,7441,403752,16419,690365,California
Santa Clara,2021-04-06,29108,1090260,15995,585439,7708,464965,5405,39856,17632,298208,11433,415185,23028,713393,California
Santa Clara,2021-04-07,30099,1120359,15682,601121,8302,473267,6115,45971,18538,311341,11508,426693,24641,738034,California
Santa Clara,2021-04-08,27920,1148279,15707,616828,5507,478774,6706,52677,15626,321430,12228,438921,22317,760351,California
Santa Clara,2021-04-09,27115,1175394,13414,630242,6734,485508,6967,59644,13922,329161,13140,452061,20871,781222,California
Santa Clara,2021-04-10,21057,1196451,12185,642427,3710,489218,5162,64806,11282,335833,9744,461805,16416,797638,California
Santa Clara,2021-04-11,15860,1212311,9473,651900,2625,491843,3762,68568,8195,340148,7633,469438,11948,809586,California
Santa Clara,2021-04-12,26322,1238633,18472,670372,5476,497319,2374,70942,17963,352178,8306,477744,20336,829922,California
Santa Clara,2021-04-13,32880,1271513,26248,696620,6606,503925,26,70968,25560,370537,7248,484992,25607,855529,California
Santa Clara,2021-04-14,32830,1304343,24694,721314,8133,512058,3,70971,23382,384561,9389,494381,23413,878942,California
Santa Clara,2021-04-15,40591,1344934,31926,753240,8664,520722,1,70972,31783,407647,8739,503120,31825,910767,California
Santa Clara,2021-04-16,29346,1374280,19322,772562,10017,530739,7,70979,20522,419426,8775,511895,20554,931321,California
Santa Clara,2021-04-17,13649,1387929,7727,780289,5922,536661,0,70979,8100,422008,5529,517424,8111,939432,California
Santa Clara,2021-04-18,7222,1395151,2897,783186,4325,540986,0,70979,3898,422599,3315,520739,3906,943338,California
Santa Cruz,2020-12-15,2,2,2,2,0,0,0,0,2,2,0,0,2,2,California
Santa Cruz,2020-12-16,57,59,57,59,0,0,0,0,57,59,0,0,57,59,California
Santa Cruz,2020-12-17,389,448,389,448,0,0,0,0,389,448,0,0,389,448,California
Santa Cruz,2020-12-18,465,913,465,913,0,0,0,0,465,913,0,0,465,913,California
Santa Cruz,2020-12-19,178,1091,177,1090,1,1,0,0,178,1091,0,0,178,1091,California
Santa Cruz,2020-12-20,95,1186,95,1185,0,1,0,0,95,1186,0,0,95,1186,California
Santa Cruz,2020-12-21,434,1620,434,1619,0,1,0,0,434,1620,0,0,434,1620,California
Santa Cruz,2020-12-22,424,2044,423,2042,1,2,0,0,424,2044,0,0,424,2044,California
Santa Cruz,2020-12-23,371,2415,329,2371,42,44,0,0,371,2415,0,0,371,2415,California
Santa Cruz,2020-12-24,125,2540,49,2420,76,120,0,0,125,2540,0,0,125,2540,California
Santa Cruz,2020-12-25,11,2551,11,2431,0,120,0,0,11,2551,0,0,11,2551,California
Santa Cruz,2020-12-26,64,2615,45,2476,19,139,0,0,64,2615,0,0,64,2615,California
Santa Cruz,2020-12-27,32,2647,27,2503,5,144,0,0,32,2647,0,0,32,2647,California
Santa Cruz,2020-12-28,484,3131,108,2611,376,520,0,0,484,3131,0,0,484,3131,California
Santa Cruz,2020-12-29,798,3929,370,2981,428,948,0,0,798,3929,0,0,798,3929,California
Santa Cruz,2020-12-30,356,4285,164,3145,192,1140,0,0,356,4285,0,0,356,4285,California
Santa Cruz,2020-12-31,313,4598,11,3156,302,1442,0,0,313,4598,0,0,313,4598,California
Santa Cruz,2021-01-01,33,4631,1,3157,32,1474,0,0,33,4631,0,0,33,4631,California
Santa Cruz,2021-01-02,71,4702,57,3214,14,1488,0,0,71,4702,0,0,71,4702,California
Santa Cruz,2021-01-03,15,4717,7,3221,8,1496,0,0,15,4717,0,0,15,4717,California
Santa Cruz,2021-01-04,281,4998,123,3344,158,1654,0,0,279,4996,0,0,279,4996,California
Santa Cruz,2021-01-05,566,5564,428,3772,138,1792,0,0,264,4958,302,302,264,5260,California
Santa Cruz,2021-01-06,803,6367,670,4442,133,1925,0,0,465,5086,337,639,465,5725,California
Santa Cruz,2021-01-07,540,6907,212,4654,328,2253,0,0,387,5321,153,792,388,6113,California
Santa Cruz,2021-01-08,934,7841,561,5215,373,2626,0,0,486,5360,448,1240,487,6600,California
Santa Cruz,2021-01-09,463,8304,123,5338,340,2966,0,0,409,5715,54,1294,409,7009,California
Santa Cruz,2021-01-10,80,8384,70,5408,10,2976,0,0,21,5677,59,1353,21,7030,California
Santa Cruz,2021-01-11,723,9107,588,5996,135,3111,0,0,192,5338,531,1884,192,7222,California
Santa Cruz,2021-01-12,736,9843,532,6528,204,3315,0,0,493,5588,243,2127,493,7715,California
Santa Cruz,2021-01-13,522,10365,228,6756,294,3609,0,0,438,5945,81,2208,438,8153,California
Santa Cruz,2021-01-14,553,10918,101,6857,452,4061,0,0,487,6366,66,2274,487,8640,California
Santa Cruz,2021-01-15,1459,12377,77,6934,1382,5443,0,0,1395,7699,63,2337,1396,10036,California
Santa Cruz,2021-01-16,426,12803,54,6988,372,5815,0,0,407,8087,19,2356,407,10443,California
Santa Cruz,2021-01-17,297,13100,41,7029,256,6071,0,0,272,8334,25,2381,272,10715,California
Santa Cruz,2021-01-18,1016,14116,105,7134,911,6982,0,0,954,9226,62,2443,954,11669,California
Santa Cruz,2021-01-19,1623,15739,524,7658,1099,8081,0,0,1270,10146,351,2794,1271,12940,California
Santa Cruz,2021-01-20,1236,16975,184,7842,1052,9133,0,0,1039,10991,194,2988,1039,13979,California
Santa Cruz,2021-01-21,1710,18685,200,8042,1510,10643,0,0,1602,12487,108,3096,1604,15583,California
Santa Cruz,2021-01-22,1797,20482,532,8574,1265,11908,0,0,1696,14086,98,3194,1697,17280,California
Santa Cruz,2021-01-23,402,20884,147,8721,255,12163,0,0,342,14369,59,3253,342,17622,California
Santa Cruz,2021-01-24,116,21000,21,8742,95,12258,0,0,98,14449,18,3271,98,17720,California
Santa Cruz,2021-01-25,1059,22059,359,9101,700,12958,0,0,549,14488,510,3781,549,18269,California
Santa Cruz,2021-01-26,1690,23749,247,9348,1443,14401,0,0,1178,15154,512,4293,1178,19447,California
Santa Cruz,2021-01-27,1653,25402,449,9797,1204,15605,0,0,1269,16041,382,4675,1269,20716,California
Santa Cruz,2021-01-28,1746,27148,292,10089,1454,17059,0,0,1470,17236,276,4951,1471,22187,California
Santa Cruz,2021-01-29,1734,28882,489,10578,1245,18304,0,0,1604,18711,129,5080,1604,23791,California
Santa Cruz,2021-01-30,1059,29941,308,10886,751,19055,0,0,926,19504,133,5213,926,24717,California
Santa Cruz,2021-01-31,219,30160,113,10999,106,19161,0,0,205,19695,14,5227,205,24922,California
Santa Cruz,2021-02-01,1232,31392,759,11758,473,19634,0,0,826,20115,406,5633,826,25748,California
Santa Cruz,2021-02-02,1007,32399,128,11886,879,20513,0,0,852,20813,154,5787,852,26600,California
Santa Cruz,2021-02-03,2228,34627,955,12841,1273,21786,0,0,1913,22415,311,6098,1913,28513,California
Santa Cruz,2021-02-04,1842,36469,771,13612,1071,22857,0,0,1505,23584,336,6434,1505,30018,California
Santa Cruz,2021-02-05,3172,39641,795,14407,2377,25234,0,0,2853,26119,318,6752,2853,32871,California
Santa Cruz,2021-02-06,2584,42225,164,14571,2420,27654,0,0,2236,28007,348,7100,2236,35107,California
Santa Cruz,2021-02-07,908,43133,122,14693,786,28440,0,0,890,28879,18,7118,890,35997,California
Santa Cruz,2021-02-08,716,43849,203,14896,513,28953,0,0,516,29196,199,7317,516,36513,California
Santa Cruz,2021-02-09,2370,46219,1055,15951,1315,30268,0,0,2105,31040,261,7578,2105,38618,California
Santa Cruz,2021-02-10,2200,48419,581,16532,1619,31887,0,0,1501,31851,691,8269,1502,40120,California
Santa Cruz,2021-02-11,1854,50273,317,16849,1537,33424,0,0,1329,32657,523,8792,1329,41449,California
Santa Cruz,2021-02-12,3218,53491,420,17269,2798,36222,0,0,1808,33066,1402,10194,1811,43260,California
Santa Cruz,2021-02-13,1708,55199,124,17393,1584,37806,0,0,1295,33948,413,10607,1295,44555,California
Santa Cruz,2021-02-14,1402,56601,70,17463,1332,39138,0,0,1138,34822,264,10871,1138,45693,California
Santa Cruz,2021-02-15,1583,58184,279,17742,1304,40442,0,0,566,34372,1017,11888,567,46260,California
Santa Cruz,2021-02-16,1695,59879,204,17946,1491,41933,0,0,537,33772,1137,13025,537,46797,California
Santa Cruz,2021-02-17,2917,62796,973,18919,1944,43877,0,0,1219,33309,1685,14710,1222,48019,California
Santa Cruz,2021-02-18,2880,65676,638,19557,2242,46119,0,0,1230,32893,1646,16356,1230,49249,California
Santa Cruz,2021-02-19,3265,68941,1144,20701,2121,48240,0,0,2007,33643,1257,17613,2007,51256,California
Santa Cruz,2021-02-20,2384,71325,1499,22200,885,49125,0,0,1890,35039,494,18107,1890,53146,California
Santa Cruz,2021-02-21,826,72151,360,22560,466,49591,0,0,700,35615,124,18231,700,53846,California
Santa Cruz,2021-02-22,1260,73411,969,23529,291,49882,0,0,537,35431,721,18952,537,54383,California
Santa Cruz,2021-02-23,2096,75507,937,24466,1159,51041,0,0,708,34752,1387,20339,708,55091,California
Santa Cruz,2021-02-24,3182,78689,1661,26127,1521,52562,0,0,1204,33982,1974,22313,1204,56295,California
Santa Cruz,2021-02-25,3237,81926,1432,27559,1805,54367,0,0,1781,34314,1449,23762,1781,58076,California
Santa Cruz,2021-02-26,2720,84646,763,28322,1957,56324,0,0,1548,34696,1168,24930,1550,59626,California
Santa Cruz,2021-02-27,2636,87282,930,29252,1706,58030,0,0,1837,35735,798,25728,1837,61463,California
Santa Cruz,2021-02-28,1296,88578,359,29611,937,58967,0,0,1086,36614,207,25935,1086,62549,California
Santa Cruz,2021-03-01,1827,90405,1254,30865,573,59540,0,0,688,36166,1136,27071,688,63237,California
Santa Cruz,2021-03-02,1504,91909,338,31203,1166,60706,0,0,835,36337,667,27738,838,64075,California
Santa Cruz,2021-03-03,2338,94247,604,31807,1734,62440,0,0,1270,36542,1065,28803,1270,65345,California
Santa Cruz,2021-03-04,2999,97246,1403,33210,1595,64035,1,1,2026,37607,963,29766,2028,67373,California
Santa Cruz,2021-03-05,2600,99846,477,33687,2105,66140,18,19,1123,37274,1474,31240,1141,68514,California
Santa Cruz,2021-03-06,3869,103715,1348,35035,2416,68556,105,124,2161,37831,1708,32948,2265,70779,California
Santa Cruz,2021-03-07,1346,105061,128,35163,1144,69700,74,198,556,37672,789,33737,630,71409,California
Santa Cruz,2021-03-08,1079,106140,218,35381,732,70432,129,327,649,38021,429,34166,778,72187,California
Santa Cruz,2021-03-09,1764,107904,236,35617,1381,71813,147,474,697,37801,1064,35230,844,73031,California
Santa Cruz,2021-03-10,3852,111756,2088,37705,1617,73430,147,621,1992,38085,1858,37088,2142,75173,California
Santa Cruz,2021-03-11,2802,114558,1217,38922,1411,74841,174,795,1547,38554,1254,38342,1723,76896,California
Santa Cruz,2021-03-12,2748,117306,890,39812,1567,76408,291,1086,910,37919,1835,40177,1200,78096,California
Santa Cruz,2021-03-13,2304,119610,1332,41144,927,77335,45,1131,1172,38007,1130,41307,1218,79314,California
Santa Cruz,2021-03-14,899,120509,214,41358,671,78006,14,1145,439,38001,458,41765,452,79766,California
Santa Cruz,2021-03-15,1347,121856,480,41838,832,78838,35,1180,578,37848,767,42532,614,80380,California
Santa Cruz,2021-03-16,2317,124173,1087,42925,1189,80027,41,1221,1342,38258,972,43504,1382,81762,California
Santa Cruz,2021-03-17,3861,128034,2234,45159,1617,81644,10,1231,2518,39450,1339,44843,2531,84293,California
Santa Cruz,2021-03-18,3860,131894,2093,47252,1648,83292,119,1350,2067,39846,1790,46633,2186,86479,California
Santa Cruz,2021-03-19,3271,135165,1318,48570,1728,85020,225,1575,1647,40099,1619,48252,1872,88351,California
Santa Cruz,2021-03-20,2167,137332,1615,50185,515,85535,37,1612,1095,40162,1069,49321,1132,89483,California
Santa Cruz,2021-03-21,825,138157,437,50622,267,85802,121,1733,444,40349,379,49700,566,90049,California
Santa Cruz,2021-03-22,1365,139522,849,51471,494,86296,22,1755,942,40894,420,50120,965,91014,California
Santa Cruz,2021-03-23,2556,142078,1435,52906,1071,87367,50,1805,1719,41828,835,50955,1769,92783,California
Santa Cruz,2021-03-24,3011,145089,2022,54928,967,88334,22,1827,1996,42835,1010,51965,2017,94800,California
Santa Cruz,2021-03-25,2612,147701,1328,56256,1251,89585,33,1860,1356,42976,1248,53213,1389,96189,California
Santa Cruz,2021-03-26,3029,150730,1820,58076,1182,90767,27,1887,2060,44101,962,54175,2087,98276,California
Santa Cruz,2021-03-27,3232,153962,2012,60088,1195,91962,25,1912,1525,43955,1697,55872,1551,99827,California
Santa Cruz,2021-03-28,925,154887,568,60656,344,92306,13,1925,491,44031,429,56301,505,100332,California
Santa Cruz,2021-03-29,1952,156839,872,61528,1011,93317,69,1994,1250,44651,699,57000,1319,101651,California
Santa Cruz,2021-03-30,2704,159543,817,62345,1725,95042,162,2156,1737,45585,965,57965,1899,103550,California
Santa Cruz,2021-03-31,4054,163597,2716,65061,1290,96332,48,2204,2085,45753,1965,59930,2133,105683,California
Santa Cruz,2021-04-01,4021,167618,2152,67213,1762,98094,107,2311,2028,45900,1988,61918,2135,107818,California
Santa Cruz,2021-04-02,3150,170768,1431,68644,1537,99631,182,2493,1745,46427,1400,63318,1927,109745,California
Santa Cruz,2021-04-03,2254,173022,1233,69877,891,100522,130,2623,888,46081,1363,64681,1017,110762,California
Santa Cruz,2021-04-04,939,173961,494,70371,390,100912,55,2678,554,46305,385,65066,609,111371,California
Santa Cruz,2021-04-05,2273,176234,812,71183,1294,102206,167,2845,1409,47018,863,65929,1576,112947,California
Santa Cruz,2021-04-06,3371,179605,1670,72853,1326,103532,375,3220,1988,48006,1373,67302,2361,115308,California
Santa Cruz,2021-04-07,4136,183741,1636,74489,2149,105681,351,3571,1866,47955,2267,69569,2216,117524,California
Santa Cruz,2021-04-08,4260,188001,2353,76842,1400,107081,507,4078,2513,49235,1738,71307,3018,120542,California
Santa Cruz,2021-04-09,3539,191540,1488,78330,1654,108735,397,4475,1954,50007,1580,72887,2352,122894,California
Santa Cruz,2021-04-10,2253,193793,1101,79431,903,109638,249,4724,1080,50165,1170,74057,1328,124222,California
Santa Cruz,2021-04-11,1003,194796,530,79961,382,110020,91,4815,490,50233,513,74570,581,124803,California
Santa Cruz,2021-04-12,2263,197059,799,80760,1036,111056,428,5243,1077,50565,1171,75741,1503,126306,California
Santa Cruz,2021-04-13,2872,199931,1440,82200,1430,112486,2,5245,1618,50936,1249,76990,1620,127926,California
Santa Cruz,2021-04-14,4336,204267,2005,84205,2331,114817,0,5245,2287,51182,2042,79032,2288,130214,California
Santa Cruz,2021-04-15,4432,208699,2748,86953,1684,116501,0,5245,2847,52454,1576,80608,2848,133062,California
Santa Cruz,2021-04-16,4224,212923,2422,89375,1800,118301,2,5247,2307,52852,1912,82520,2310,135372,California
Santa Cruz,2021-04-17,2086,215009,841,90216,1245,119546,0,5247,1351,53469,734,83254,1351,136723,California
Santa Cruz,2021-04-18,652,215661,280,90496,372,119918,0,5247,380,53577,272,83526,380,137103,California
Shasta,2020-12-16,131,131,131,131,0,0,0,0,131,131,0,0,131,131,California
Shasta,2020-12-17,417,548,417,548,0,0,0,0,417,548,0,0,417,548,California
Shasta,2020-12-18,166,714,166,714,0,0,0,0,166,714,0,0,166,714,California
Shasta,2020-12-19,1,715,1,715,0,0,0,0,1,715,0,0,1,715,California
Shasta,2020-12-21,80,795,80,795,0,0,0,0,80,795,0,0,80,795,California
Shasta,2020-12-22,191,986,186,981,5,5,0,0,191,986,0,0,191,986,California
Shasta,2020-12-23,174,1160,170,1151,4,9,0,0,174,1160,0,0,174,1160,California
Shasta,2020-12-24,18,1178,18,1169,0,9,0,0,18,1178,0,0,18,1178,California
Shasta,2020-12-26,4,1182,1,1170,3,12,0,0,4,1182,0,0,4,1182,California
Shasta,2020-12-27,1,1183,0,1170,1,13,0,0,1,1183,0,0,1,1183,California
Shasta,2020-12-28,40,1223,31,1201,9,22,0,0,40,1223,0,0,40,1223,California
Shasta,2020-12-29,186,1409,185,1386,1,23,0,0,186,1409,0,0,186,1409,California
Shasta,2020-12-30,178,1587,168,1554,10,33,0,0,178,1587,0,0,178,1587,California
Shasta,2020-12-31,83,1670,2,1556,81,114,0,0,83,1670,0,0,83,1670,California
Shasta,2021-01-02,2,1672,0,1556,2,116,0,0,2,1672,0,0,2,1672,California
Shasta,2021-01-03,1,1673,1,1557,0,116,0,0,1,1673,0,0,1,1673,California
Shasta,2021-01-04,346,2019,306,1863,40,156,0,0,347,2020,0,0,347,2020,California
Shasta,2021-01-05,335,2354,314,2177,21,177,0,0,254,2193,81,81,254,2274,California
Shasta,2021-01-06,437,2791,395,2572,42,219,0,0,175,2107,261,342,175,2449,California
Shasta,2021-01-07,116,2907,35,2607,81,300,0,0,95,2181,21,363,95,2544,California
Shasta,2021-01-08,507,3414,447,3054,60,360,0,0,299,2272,208,571,299,2843,California
Shasta,2021-01-09,72,3486,63,3117,9,369,0,0,70,2340,2,573,70,2913,California
Shasta,2021-01-10,5,3491,0,3117,5,374,0,0,4,2344,1,574,5,2918,California
Shasta,2021-01-11,353,3844,185,3302,168,542,0,0,317,2625,36,610,317,3235,California
Shasta,2021-01-12,444,4288,327,3629,117,659,0,0,270,2721,174,784,270,3505,California
Shasta,2021-01-13,541,4829,268,3897,273,932,0,0,371,2922,170,954,371,3876,California
Shasta,2021-01-14,453,5282,51,3948,402,1334,0,0,435,3339,18,972,435,4311,California
Shasta,2021-01-15,637,5919,136,4084,501,1835,0,0,635,3972,2,974,635,4946,California
Shasta,2021-01-16,899,6818,55,4139,844,2679,0,0,896,4865,3,977,896,5842,California
Shasta,2021-01-17,27,6845,6,4145,21,2700,0,0,23,4884,4,981,23,5865,California
Shasta,2021-01-18,599,7444,130,4275,469,3169,0,0,591,5467,8,989,591,6456,California
Shasta,2021-01-19,1018,8462,397,4672,621,3790,0,0,870,6189,148,1137,870,7326,California
Shasta,2021-01-20,677,9139,409,5081,268,4058,0,0,493,6503,179,1316,493,7819,California
Shasta,2021-01-21,629,9768,277,5358,352,4410,0,0,606,7086,23,1339,606,8425,California
Shasta,2021-01-22,445,10213,171,5529,274,4684,0,0,439,7519,6,1345,439,8864,California
Shasta,2021-01-23,68,10281,5,5534,63,4747,0,0,67,7585,1,1346,67,8931,California
Shasta,2021-01-24,25,10306,2,5536,23,4770,0,0,24,7608,1,1347,24,8955,California
Shasta,2021-01-25,749,11055,490,6026,259,5029,0,0,464,7788,284,1631,464,9419,California
Shasta,2021-01-26,707,11762,331,6357,376,5405,0,0,474,8031,231,1862,474,9893,California
Shasta,2021-01-27,459,12221,179,6536,280,5685,0,0,410,8392,49,1911,410,10303,California
Shasta,2021-01-28,855,13076,576,7112,279,5964,0,0,633,8803,222,2133,633,10936,California
Shasta,2021-01-29,831,13907,330,7442,501,6465,0,0,641,9255,190,2323,642,11578,California
Shasta,2021-01-30,617,14524,14,7456,603,7068,0,0,608,9854,9,2332,608,12186,California
Shasta,2021-01-31,28,14552,4,7460,24,7092,0,0,26,9878,2,2334,26,12212,California
Shasta,2021-02-01,508,15060,147,7607,361,7453,0,0,386,10142,122,2456,386,12598,California
Shasta,2021-02-02,937,15997,493,8100,444,7897,0,0,846,10899,89,2545,846,13444,California
Shasta,2021-02-03,676,16673,210,8310,466,8363,0,0,480,11183,196,2741,480,13924,California
Shasta,2021-02-04,1070,17743,663,8973,407,8770,0,0,879,11872,190,2931,879,14803,California
Shasta,2021-02-05,1217,18960,163,9136,1054,9824,0,0,1028,12712,188,3119,1028,15831,California
Shasta,2021-02-06,1729,20689,42,9178,1687,11511,0,0,1705,14393,24,3143,1705,17536,California
Shasta,2021-02-07,26,20715,3,9181,23,11534,0,0,24,14415,2,3145,24,17560,California
Shasta,2021-02-08,541,21256,168,9349,373,11907,0,0,303,14480,238,3383,303,17863,California
Shasta,2021-02-09,1026,22282,651,10000,375,12282,0,0,676,14806,350,3733,676,18539,California
Shasta,2021-02-10,1084,23366,782,10782,302,12584,0,0,594,14910,491,4224,595,19134,California
Shasta,2021-02-11,785,24151,187,10969,598,13182,0,0,304,14738,476,4700,304,19438,California
Shasta,2021-02-12,1661,25812,1141,12110,520,13702,0,0,1168,15413,493,5193,1168,20606,California
Shasta,2021-02-13,1383,27195,367,12477,1016,14718,0,0,571,15171,813,6006,571,21177,California
Shasta,2021-02-14,149,27344,4,12481,145,14863,0,0,125,15272,24,6030,125,21302,California
Shasta,2021-02-15,380,27724,90,12571,290,15153,0,0,211,15314,169,6199,211,21513,California
Shasta,2021-02-16,1086,28810,515,13086,571,15724,0,0,320,14869,765,6964,320,21833,California
Shasta,2021-02-17,994,29804,439,13525,555,16279,0,0,376,14627,618,7582,376,22209,California
Shasta,2021-02-18,874,30678,441,13966,433,16712,0,0,427,14607,447,8029,427,22636,California
Shasta,2021-02-19,1325,32003,934,14900,391,17103,0,0,858,14998,467,8496,858,23494,California
Shasta,2021-02-20,800,32803,87,14987,713,17816,0,0,301,14800,499,8995,301,23795,California
Shasta,2021-02-21,31,32834,2,14989,29,17845,0,0,9,14787,22,9017,9,23804,California
Shasta,2021-02-22,348,33182,74,15063,274,18119,0,0,99,14637,249,9266,99,23903,California
Shasta,2021-02-23,801,33983,466,15529,335,18454,0,0,216,14268,585,9851,216,24119,California
Shasta,2021-02-24,882,34865,503,16032,379,18833,0,0,268,13923,613,10464,268,24387,California
Shasta,2021-02-25,479,35344,158,16190,321,19154,0,0,159,13763,319,10783,159,24546,California
Shasta,2021-02-26,792,36136,95,16285,697,19851,0,0,331,13635,459,11242,331,24877,California
Shasta,2021-02-27,824,36960,27,16312,797,20648,0,0,185,13183,637,11879,185,25062,California
Shasta,2021-02-28,176,37136,4,16316,172,20820,0,0,126,13259,50,11929,126,25188,California
Shasta,2021-03-01,556,37692,59,16375,497,21317,0,0,266,13236,289,12218,266,25454,California
Shasta,2021-03-02,931,38623,465,16840,466,21783,0,0,268,12843,661,12879,268,25722,California
Shasta,2021-03-03,657,39280,163,17003,494,22277,0,0,241,12668,416,13295,241,25963,California
Shasta,2021-03-04,1056,40336,505,17508,551,22828,0,0,647,12908,408,13703,648,26611,California
Shasta,2021-03-05,984,41320,161,17669,794,23622,29,29,322,12596,663,14366,351,26962,California
Shasta,2021-03-06,844,42164,386,18055,411,24033,47,76,210,12219,634,15000,257,27219,California
Shasta,2021-03-07,91,42255,3,18058,56,24089,32,108,37,12234,54,15054,69,27288,California
Shasta,2021-03-08,558,42813,46,18104,373,24462,139,247,145,12107,411,15465,284,27572,California
Shasta,2021-03-09,621,43434,46,18150,397,24859,178,425,247,12158,374,15839,425,27997,California
Shasta,2021-03-10,796,44230,257,18407,337,25196,202,627,132,11828,663,16502,333,28330,California
Shasta,2021-03-11,1046,45276,173,18580,627,25823,246,873,645,12318,401,16903,891,29221,California
Shasta,2021-03-12,830,46106,171,18751,415,26238,244,1117,295,12321,534,17437,537,29758,California
Shasta,2021-03-13,756,46862,424,19175,232,26470,100,1217,475,12615,280,17717,574,30332,California
Shasta,2021-03-14,365,47227,8,19183,335,26805,22,1239,227,12726,138,17855,249,30581,California
Shasta,2021-03-15,494,47721,34,19217,360,27165,100,1339,208,12747,286,18141,307,30888,California
Shasta,2021-03-16,1076,48797,144,19361,865,28030,67,1406,799,13336,277,18418,866,31754,California
Shasta,2021-03-17,687,49484,190,19551,439,28469,58,1464,389,13491,292,18710,447,32201,California
Shasta,2021-03-18,1068,50552,233,19784,732,29201,103,1567,795,14120,269,18979,898,33099,California
Shasta,2021-03-19,629,51181,197,19981,377,29578,55,1622,397,14341,231,19210,452,33551,California
Shasta,2021-03-20,748,51929,490,20471,244,29822,14,1636,600,14807,148,19358,614,34165,California
Shasta,2021-03-21,312,52241,296,20767,4,29826,12,1648,286,15079,26,19384,298,34463,California
Shasta,2021-03-22,342,52583,36,20803,276,30102,30,1678,200,15168,141,19525,230,34693,California
Shasta,2021-03-23,818,53401,157,20960,603,30705,58,1736,626,15665,187,19712,684,35377,California
Shasta,2021-03-24,514,53915,156,21116,321,31026,37,1773,357,15903,156,19868,394,35771,California
Shasta,2021-03-25,762,54677,186,21302,559,31585,17,1790,623,16406,137,20005,640,36411,California
Shasta,2021-03-26,686,55363,261,21563,395,31980,30,1820,332,16415,354,20359,363,36774,California
Shasta,2021-03-27,1555,56918,404,21967,315,32295,836,2656,571,16837,982,21341,1404,38178,California
Shasta,2021-03-28,404,57322,299,22266,95,32390,10,2666,302,17049,100,21441,312,38490,California
Shasta,2021-03-29,415,57737,41,22307,362,32752,12,2678,161,16969,253,21694,173,38663,California
Shasta,2021-03-30,527,58264,185,22492,335,33087,7,2685,320,17092,204,21898,327,38990,California
Shasta,2021-03-31,622,58886,208,22700,409,33496,5,2690,389,17258,228,22126,394,39384,California
Shasta,2021-04-01,777,59663,245,22945,526,34022,6,2696,551,17590,226,22352,558,39942,California
Shasta,2021-04-02,746,60409,202,23147,493,34515,51,2747,413,17723,331,22683,464,40406,California
Shasta,2021-04-03,519,60928,367,23514,133,34648,19,2766,396,18015,123,22806,415,40821,California
Shasta,2021-04-04,291,61219,177,23691,94,34742,20,2786,217,18178,74,22880,237,41058,California
Shasta,2021-04-05,438,61657,67,23758,309,35051,62,2848,266,18334,172,23052,328,41386,California
Shasta,2021-04-06,717,62374,170,23928,376,35427,171,3019,277,18343,438,23490,447,41833,California
Shasta,2021-04-07,649,63023,211,24139,275,35702,163,3182,260,18382,384,23874,423,42256,California
Shasta,2021-04-08,1053,64076,260,24399,639,36341,154,3336,231,17947,820,24694,385,42641,California
Shasta,2021-04-09,1859,65935,1344,25743,307,36648,208,3544,1315,18928,540,25234,1521,44162,California
Shasta,2021-04-10,876,66811,594,26337,154,36802,128,3672,264,18708,612,25846,392,44554,California
Shasta,2021-04-11,449,67260,395,26732,34,36836,20,3692,140,18562,306,26152,160,44714,California
Shasta,2021-04-12,320,67580,8,26740,251,37087,61,3753,85,18473,234,26386,145,44859,California
Shasta,2021-04-13,970,68550,158,26898,811,37898,1,3754,227,17959,742,27128,228,45087,California
Shasta,2021-04-14,567,69117,127,27025,438,38336,2,3756,206,17807,360,27488,208,45295,California
Shasta,2021-04-15,696,69813,225,27250,471,38807,0,3756,268,17649,426,27914,268,45563,California
Shasta,2021-04-16,1217,71030,767,28017,450,39257,0,3756,825,18082,392,28306,825,46388,California
Shasta,2021-04-17,607,71637,404,28421,203,39460,0,3756,171,17817,436,28742,171,46559,California
Shasta,2021-04-18,14,71651,9,28430,5,39465,0,3756,12,17827,2,28744,12,46571,California
Sierra,2020-12-18,1,1,1,1,0,0,0,0,1,1,0,0,1,1,California
Sierra,2020-12-21,2,3,2,3,0,0,0,0,2,3,0,0,2,3,California
Sierra,2020-12-22,12,15,12,15,0,0,0,0,12,15,0,0,12,15,California
Sierra,2020-12-23,4,19,4,19,0,0,0,0,4,19,0,0,4,19,California
Sierra,2020-12-28,1,20,0,19,1,1,0,0,1,20,0,0,1,20,California
Sierra,2020-12-29,49,69,7,26,42,43,0,0,49,69,0,0,49,69,California
Sierra,2020-12-30,2,71,0,26,2,45,0,0,2,71,0,0,2,71,California
Sierra,2020-12-31,13,84,0,26,13,58,0,0,13,84,0,0,13,84,California
Sierra,2021-01-01,1,85,1,27,0,58,0,0,1,85,0,0,1,85,California
Sierra,2021-01-05,65,150,3,30,62,120,0,0,65,150,0,0,65,150,California
Sierra,2021-01-06,1,151,1,31,0,120,0,0,1,151,0,0,1,151,California
Sierra,2021-01-07,21,172,1,32,20,140,0,0,20,170,1,1,20,171,California
Sierra,2021-01-08,1,173,1,33,0,140,0,0,1,171,0,1,1,172,California
Sierra,2021-01-11,3,176,3,36,0,140,0,0,0,168,3,4,0,172,California
Sierra,2021-01-12,40,216,12,48,28,168,0,0,28,184,12,16,28,200,California
Sierra,2021-01-13,4,220,3,51,1,169,0,0,1,182,3,19,1,201,California
Sierra,2021-01-14,35,255,2,53,33,202,0,0,35,217,0,19,35,236,California
Sierra,2021-01-15,3,258,1,54,2,204,0,0,3,220,0,19,3,239,California
Sierra,2021-01-18,2,260,0,54,2,206,0,0,2,222,0,19,2,241,California
Sierra,2021-01-19,32,292,0,54,32,238,0,0,32,254,0,19,32,273,California
Sierra,2021-01-20,1,293,1,55,0,238,0,0,1,255,0,19,1,274,California
Sierra,2021-01-21,53,346,0,55,53,291,0,0,53,308,0,19,53,327,California
Sierra,2021-01-22,2,348,0,55,2,293,0,0,2,310,0,19,2,329,California
Sierra,2021-01-23,2,350,0,55,2,295,0,0,2,312,0,19,2,331,California
Sierra,2021-01-26,62,412,0,55,62,357,0,0,24,298,38,57,24,355,California
Sierra,2021-01-27,4,416,4,59,0,357,0,0,0,294,4,61,0,355,California
Sierra,2021-01-28,53,469,0,59,53,410,0,0,43,327,10,71,43,398,California
Sierra,2021-01-29,2,471,0,59,2,412,0,0,2,329,0,71,2,400,California
Sierra,2021-01-30,3,474,3,62,0,412,0,0,2,330,1,72,2,402,California
Sierra,2021-02-01,1,475,0,62,1,413,0,0,0,329,1,73,0,402,California
Sierra,2021-02-02,57,532,0,62,57,470,0,0,18,308,39,112,18,420,California
Sierra,2021-02-03,6,538,5,67,1,471,0,0,5,312,1,113,5,425,California
Sierra,2021-02-04,106,644,6,73,100,571,0,0,57,320,49,162,57,482,California
Sierra,2021-02-05,6,650,4,77,2,573,0,0,5,324,1,163,5,487,California
Sierra,2021-02-09,52,702,0,77,52,625,0,0,49,370,3,166,49,536,California
Sierra,2021-02-10,5,707,2,79,3,628,0,0,4,373,1,167,4,540,California
Sierra,2021-02-11,196,903,1,80,195,823,0,0,134,445,62,229,134,674,California
Sierra,2021-02-12,21,924,0,80,21,844,0,0,20,464,1,230,20,694,California
Sierra,2021-02-13,1,925,1,81,0,844,0,0,1,465,0,230,1,695,California
Sierra,2021-02-14,1,926,0,81,1,845,0,0,1,466,0,230,1,696,California
Sierra,2021-02-15,2,928,2,83,0,845,0,0,0,464,2,232,0,696,California
Sierra,2021-02-16,43,971,0,83,43,888,0,0,10,441,33,265,10,706,California
Sierra,2021-02-17,4,975,0,83,4,892,0,0,1,439,3,268,1,707,California
Sierra,2021-02-18,141,1116,0,83,141,1033,0,0,91,480,50,318,91,798,California
Sierra,2021-02-19,2,1118,1,84,1,1034,0,0,1,480,1,319,1,799,California
Sierra,2021-02-20,2,1120,2,86,0,1034,0,0,0,478,2,321,0,799,California
Sierra,2021-02-22,1,1121,1,87,0,1034,0,0,1,479,0,321,1,800,California
Sierra,2021-02-23,4,1125,0,87,4,1038,0,0,4,483,0,321,4,804,California
Sierra,2021-02-24,4,1129,3,90,1,1039,0,0,3,485,1,322,3,807,California
Sierra,2021-02-25,124,1253,1,91,123,1162,0,0,58,478,65,387,58,865,California
Sierra,2021-02-26,10,1263,6,97,4,1166,0,0,4,476,6,393,4,869,California
Sierra,2021-02-27,2,1265,2,99,0,1166,0,0,0,474,2,395,0,869,California
Sierra,2021-03-01,2,1267,2,101,0,1166,0,0,0,472,2,397,0,869,California
Sierra,2021-03-02,56,1323,0,101,56,1222,0,0,38,492,18,415,38,907,California
Sierra,2021-03-03,2,1325,2,103,0,1222,0,0,1,492,1,416,1,908,California
Sierra,2021-03-04,109,1434,0,103,109,1331,0,0,58,499,51,467,58,966,California
Sierra,2021-03-05,13,1447,1,104,12,1343,0,0,11,508,2,469,11,977,California
Sierra,2021-03-07,1,1448,1,105,0,1343,0,0,0,507,1,470,0,977,California
Sierra,2021-03-08,2,1450,2,107,0,1343,0,0,2,509,0,470,2,979,California
Sierra,2021-03-09,57,1507,0,107,57,1400,0,0,12,476,45,515,12,991,California
Sierra,2021-03-10,6,1513,0,107,6,1406,0,0,4,478,2,517,4,995,California
Sierra,2021-03-11,175,1688,0,107,175,1581,0,0,43,390,131,648,43,1038,California
Sierra,2021-03-12,20,1708,1,108,19,1600,0,0,0,370,20,668,0,1038,California
Sierra,2021-03-13,28,1736,0,108,28,1628,0,0,28,398,0,668,28,1066,California
Sierra,2021-03-14,1,1737,0,108,0,1628,1,1,0,398,1,669,1,1067,California
Sierra,2021-03-15,2,1739,1,109,1,1629,0,1,0,396,2,671,0,1067,California
Sierra,2021-03-16,36,1775,0,109,35,1664,1,2,23,407,13,684,24,1091,California
Sierra,2021-03-17,4,1779,3,112,1,1665,0,2,1,405,3,687,1,1092,California
Sierra,2021-03-18,159,1938,0,112,159,1824,0,2,66,378,93,780,66,1158,California
Sierra,2021-03-19,4,1942,2,114,2,1826,0,2,1,376,3,783,1,1159,California
Sierra,2021-03-20,1,1943,0,114,1,1827,0,2,1,377,0,783,1,1160,California
Sierra,2021-03-23,24,1967,0,114,24,1851,0,2,15,383,9,792,15,1175,California
Sierra,2021-03-24,2,1969,1,115,1,1852,0,2,0,381,2,794,0,1175,California
Sierra,2021-03-25,91,2060,0,115,91,1943,0,2,46,382,45,839,46,1221,California
Sierra,2021-03-26,12,2072,1,116,11,1954,0,2,9,388,3,842,9,1230,California
Sierra,2021-03-27,2,2074,1,117,1,1955,0,2,0,386,2,844,0,1230,California
Sierra,2021-03-29,1,2075,1,118,0,1955,0,2,0,385,1,845,0,1230,California
Sierra,2021-03-30,54,2129,0,118,54,2009,0,2,21,373,33,878,21,1251,California
Sierra,2021-03-31,8,2137,0,118,8,2017,0,2,8,381,0,878,8,1259,California
Sierra,2021-04-01,60,2197,2,120,58,2075,0,2,6,333,54,932,6,1265,California
Sierra,2021-04-02,3,2200,2,122,1,2076,0,2,2,334,1,933,2,1267,California
Sierra,2021-04-06,10,2210,0,122,10,2086,0,2,0,324,10,943,0,1267,California
Sierra,2021-04-07,14,2224,2,124,6,2092,6,8,2,321,11,954,8,1275,California
Sierra,2021-04-08,54,2278,2,126,52,2144,0,8,17,301,37,991,17,1292,California
Sierra,2021-04-09,2,2280,2,128,0,2144,0,8,1,301,1,992,1,1293,California
Sierra,2021-04-10,27,2307,0,128,27,2171,0,8,0,274,27,1019,0,1293,California
Sierra,2021-04-13,46,2353,0,128,46,2217,0,8,5,238,41,1060,5,1298,California
Sierra,2021-04-14,2,2355,1,129,1,2218,0,8,2,240,0,1060,2,1300,California
Sierra,2021-04-15,48,2403,1,130,47,2265,0,8,2,196,46,1106,2,1302,California
Sierra,2021-04-16,2,2405,1,131,1,2266,0,8,2,198,0,1106,2,1304,California
Sierra,2021-04-17,4,2409,1,132,3,2269,0,8,1,196,3,1109,1,1305,California
Siskiyou,2020-12-16,2,2,2,2,0,0,0,0,2,2,0,0,2,2,California
Siskiyou,2020-12-17,4,6,4,6,0,0,0,0,4,6,0,0,4,6,California
Siskiyou,2020-12-18,2,8,2,8,0,0,0,0,2,8,0,0,2,8,California
Siskiyou,2020-12-19,4,12,4,12,0,0,0,0,4,12,0,0,4,12,California
Siskiyou,2020-12-20,1,13,1,13,0,0,0,0,1,13,0,0,1,13,California
Siskiyou,2020-12-21,132,145,132,145,0,0,0,0,132,145,0,0,132,145,California
Siskiyou,2020-12-22,159,304,159,304,0,0,0,0,159,304,0,0,159,304,California
Siskiyou,2020-12-23,142,446,142,446,0,0,0,0,142,446,0,0,142,446,California
Siskiyou,2020-12-24,5,451,5,451,0,0,0,0,5,451,0,0,5,451,California
Siskiyou,2020-12-26,2,453,0,451,2,2,0,0,2,453,0,0,2,453,California
Siskiyou,2020-12-27,2,455,0,451,2,4,0,0,2,455,0,0,2,455,California
Siskiyou,2020-12-28,3,458,1,452,2,6,0,0,3,458,0,0,3,458,California
Siskiyou,2020-12-29,6,464,2,454,4,10,0,0,6,464,0,0,6,464,California
Siskiyou,2020-12-30,98,562,3,457,95,105,0,0,98,562,0,0,98,562,California
Siskiyou,2020-12-31,12,574,0,457,12,117,0,0,12,574,0,0,12,574,California
Siskiyou,2021-01-02,1,575,1,458,0,117,0,0,1,575,0,0,1,575,California
Siskiyou,2021-01-03,1,576,0,458,1,118,0,0,1,576,0,0,1,576,California
Siskiyou,2021-01-04,130,706,3,461,127,245,0,0,130,706,0,0,130,706,California
Siskiyou,2021-01-05,117,823,4,465,113,358,0,0,116,821,1,1,116,822,California
Siskiyou,2021-01-06,60,883,6,471,54,412,0,0,56,873,4,5,56,878,California
Siskiyou,2021-01-07,177,1060,4,475,173,585,0,0,176,1048,1,6,176,1054,California
Siskiyou,2021-01-08,41,1101,3,478,38,623,0,0,39,1085,2,8,39,1093,California
Siskiyou,2021-01-09,2,1103,2,480,0,623,0,0,0,1083,2,10,0,1093,California
Siskiyou,2021-01-11,226,1329,65,545,161,784,0,0,163,1183,63,73,163,1256,California
Siskiyou,2021-01-12,320,1649,273,818,47,831,0,0,87,1037,233,306,87,1343,California
Siskiyou,2021-01-13,157,1806,137,955,20,851,0,0,23,926,134,440,23,1366,California
Siskiyou,2021-01-14,26,1832,1,956,25,876,0,0,25,950,1,441,25,1391,California
Siskiyou,2021-01-15,35,1867,3,959,32,908,0,0,35,985,0,441,35,1426,California
Siskiyou,2021-01-16,7,1874,2,961,5,913,0,0,7,992,0,441,7,1433,California
Siskiyou,2021-01-17,1,1875,1,962,0,913,0,0,0,991,1,442,0,1433,California
Siskiyou,2021-01-18,76,1951,4,966,72,985,0,0,74,1063,2,444,74,1507,California
Siskiyou,2021-01-19,21,1972,1,967,20,1005,0,0,20,1082,1,445,20,1527,California
Siskiyou,2021-01-20,47,2019,35,1002,12,1017,0,0,43,1121,4,449,43,1570,California
Siskiyou,2021-01-21,42,2061,1,1003,41,1058,0,0,42,1163,0,449,42,1612,California
Siskiyou,2021-01-22,1330,3391,1178,2181,152,1210,0,0,1330,2493,0,449,1330,2942,California
Siskiyou,2021-01-23,5,3396,1,2182,4,1214,0,0,2,2492,3,452,2,2944,California
Siskiyou,2021-01-25,182,3578,8,2190,174,1388,0,0,178,2666,4,456,178,3122,California
Siskiyou,2021-01-26,148,3726,3,2193,145,1533,0,0,140,2798,8,464,140,3262,California
Siskiyou,2021-01-27,180,3906,1,2194,179,1712,0,0,125,2868,55,519,125,3387,California
Siskiyou,2021-01-28,232,4138,118,2312,114,1826,0,0,226,3088,6,525,226,3613,California
Siskiyou,2021-01-29,248,4386,2,2314,246,2072,0,0,246,3332,2,527,246,3859,California
Siskiyou,2021-01-30,3,4389,2,2316,1,2073,0,0,3,3335,0,527,3,3862,California
Siskiyou,2021-02-01,195,4584,3,2319,192,2265,0,0,105,3350,90,617,105,3967,California
Siskiyou,2021-02-02,288,4872,44,2363,244,2509,0,0,147,3356,141,758,147,4114,California
Siskiyou,2021-02-03,313,5185,1,2364,312,2821,0,0,264,3571,49,807,264,4378,California
Siskiyou,2021-02-04,319,5504,7,2371,312,3133,0,0,200,3652,119,926,200,4578,California
Siskiyou,2021-02-05,511,6015,4,2375,507,3640,0,0,346,3833,165,1091,346,4924,California
Siskiyou,2021-02-06,15,6030,0,2375,15,3655,0,0,15,3848,0,1091,15,4939,California
Siskiyou,2021-02-07,3,6033,2,2377,1,3656,0,0,3,3851,0,1091,3,4942,California
Siskiyou,2021-02-08,221,6254,5,2382,216,3872,0,0,216,4062,5,1096,216,5158,California
Siskiyou,2021-02-09,195,6449,3,2385,192,4064,0,0,162,4191,33,1129,162,5320,California
Siskiyou,2021-02-10,370,6819,40,2425,330,4394,0,0,316,4454,53,1182,316,5636,California
Siskiyou,2021-02-11,191,7010,1,2426,190,4584,0,0,175,4613,16,1198,175,5811,California
Siskiyou,2021-02-12,1692,8702,1200,3626,492,5076,0,0,500,3921,1192,2390,500,6311,California
Siskiyou,2021-02-13,36,8738,2,3628,34,5110,0,0,32,3949,4,2394,32,6343,California
Siskiyou,2021-02-14,5,8743,1,3629,4,5114,0,0,5,3954,0,2394,5,6348,California
Siskiyou,2021-02-15,107,8850,10,3639,97,5211,0,0,105,4057,2,2396,105,6453,California
Siskiyou,2021-02-16,114,8964,2,3641,112,5323,0,0,99,4141,15,2411,99,6552,California
Siskiyou,2021-02-17,184,9148,15,3656,169,5492,0,0,170,4297,14,2425,170,6722,California
Siskiyou,2021-02-18,221,9369,89,3745,132,5624,0,0,98,4272,123,2548,98,6820,California
Siskiyou,2021-02-19,70,9439,33,3778,37,5661,0,0,34,4270,36,2584,34,6854,California
Siskiyou,2021-02-20,21,9460,3,3781,18,5679,0,0,17,4283,4,2588,17,6871,California
Siskiyou,2021-02-21,2,9462,2,3783,0,5679,0,0,2,4285,0,2588,2,6873,California
Siskiyou,2021-02-22,124,9586,1,3784,123,5802,0,0,18,4197,106,2694,18,6891,California
Siskiyou,2021-02-23,195,9781,15,3799,180,5982,0,0,51,4104,144,2838,51,6942,California
Siskiyou,2021-02-24,147,9928,4,3803,143,6125,0,0,35,4027,112,2950,35,6977,California
Siskiyou,2021-02-25,300,10228,24,3827,276,6401,0,0,154,4035,146,3096,154,7131,California
Siskiyou,2021-02-26,667,10895,9,3836,658,7059,0,0,365,4098,302,3398,365,7496,California
Siskiyou,2021-02-27,32,10927,5,3841,27,7086,0,0,27,4120,5,3403,27,7523,California
Siskiyou,2021-02-28,4,10931,4,3845,0,7086,0,0,3,4122,1,3404,3,7526,California
Siskiyou,2021-03-01,280,11211,6,3851,274,7360,0,0,50,3942,230,3634,50,7576,California
Siskiyou,2021-03-02,191,11402,1,3852,190,7550,0,0,71,3893,120,3754,71,7647,California
Siskiyou,2021-03-03,343,11745,7,3859,336,7886,0,0,153,3856,190,3944,153,7800,California
Siskiyou,2021-03-04,772,12517,600,4459,172,8058,0,0,621,4326,151,4095,621,8421,California
Siskiyou,2021-03-05,321,12838,6,4465,304,8362,11,11,102,4223,216,4311,113,8534,California
Siskiyou,2021-03-06,36,12874,2,4467,27,8389,7,18,26,4246,10,4321,33,8567,California
Siskiyou,2021-03-07,12,12886,4,4471,0,8389,8,26,3,4248,9,4330,11,8578,California
Siskiyou,2021-03-08,361,13247,31,4502,295,8684,35,61,59,4040,302,4632,94,8672,California
Siskiyou,2021-03-09,162,13409,0,4502,109,8793,53,114,56,4043,106,4738,109,8781,California
Siskiyou,2021-03-10,220,13629,7,4509,183,8976,30,144,31,3915,189,4927,61,8842,California
Siskiyou,2021-03-11,469,14098,203,4712,219,9195,47,191,270,4034,198,5125,317,9159,California
Siskiyou,2021-03-12,635,14733,132,4844,464,9659,39,230,182,3804,451,5576,221,9380,California
Siskiyou,2021-03-13,428,15161,382,5226,23,9682,23,253,383,4165,45,5621,406,9786,California
Siskiyou,2021-03-14,23,15184,2,5228,5,9687,16,269,3,4164,20,5641,19,9805,California
Siskiyou,2021-03-15,453,15637,257,5485,176,9863,20,289,321,4373,132,5773,341,10146,California
Siskiyou,2021-03-16,255,15892,32,5517,206,10069,17,306,140,4416,114,5887,157,10303,California
Siskiyou,2021-03-17,199,16091,8,5525,183,10252,8,314,32,4289,167,6054,40,10343,California
Siskiyou,2021-03-18,923,17014,786,6311,125,10377,12,326,807,4992,116,6170,819,11162,California
Siskiyou,2021-03-19,67,17081,9,6320,45,10422,13,339,21,4980,46,6216,34,11196,California
Siskiyou,2021-03-20,30,17111,7,6327,18,10440,5,344,6,4967,24,6240,11,11207,California
Siskiyou,2021-03-21,10,17121,4,6331,1,10441,5,349,4,4970,6,6246,9,11216,California
Siskiyou,2021-03-22,207,17328,21,6352,164,10605,22,371,144,5076,60,6306,166,11382,California
Siskiyou,2021-03-23,190,17518,19,6371,161,10766,10,381,136,5168,54,6360,146,11528,California
Siskiyou,2021-03-24,141,17659,48,6419,93,10859,0,381,116,5259,25,6385,116,11644,California
Siskiyou,2021-03-25,541,18200,291,6710,247,11106,3,384,371,5463,170,6555,374,12018,California
Siskiyou,2021-03-26,294,18494,27,6737,267,11373,0,384,95,5361,197,6752,95,12113,California
Siskiyou,2021-03-27,37,18531,4,6741,28,11401,5,389,9,5347,28,6780,14,12127,California
Siskiyou,2021-03-28,7,18538,7,6748,0,11401,0,389,4,5348,3,6783,4,12131,California
Siskiyou,2021-03-29,97,18635,11,6759,84,11485,2,391,47,5348,49,6832,49,12180,California
Siskiyou,2021-03-30,99,18734,3,6762,95,11580,1,392,38,5326,61,6893,39,12219,California
Siskiyou,2021-03-31,188,18922,22,6784,164,11744,2,394,50,5242,137,7030,53,12272,California
Siskiyou,2021-04-01,817,19739,670,7454,147,11891,0,394,208,4841,609,7639,208,12480,California
Siskiyou,2021-04-02,343,20082,196,7650,143,12034,4,398,64,4631,278,7917,68,12548,California
Siskiyou,2021-04-03,25,20107,4,7654,14,12048,7,405,5,4623,20,7937,12,12560,California
Siskiyou,2021-04-04,2,20109,2,7656,0,12048,0,405,1,4623,1,7938,1,12561,California
Siskiyou,2021-04-05,436,20545,330,7986,79,12127,27,432,24,4263,411,8349,51,12612,California
Siskiyou,2021-04-06,215,20760,32,8018,130,12257,53,485,122,4345,92,8441,174,12786,California
Siskiyou,2021-04-07,115,20875,10,8028,63,12320,42,527,66,4404,49,8490,108,12894,California
Siskiyou,2021-04-08,317,21192,183,8211,93,12413,41,568,58,4244,259,8749,99,12993,California
Siskiyou,2021-04-09,542,21734,376,8587,129,12542,37,605,82,3905,459,9208,120,13113,California
Siskiyou,2021-04-10,46,21780,6,8593,2,12544,38,643,6,3909,40,9248,44,13157,California
Siskiyou,2021-04-11,7,21787,5,8598,0,12544,2,645,2,3908,5,9253,4,13161,California
Siskiyou,2021-04-12,129,21916,25,8623,103,12647,1,646,49,3878,80,9333,50,13211,California
Siskiyou,2021-04-13,195,22111,37,8660,157,12804,1,647,78,3840,117,9450,79,13290,California
Siskiyou,2021-04-14,142,22253,62,8722,80,12884,0,647,82,3864,58,9508,82,13372,California
Siskiyou,2021-04-15,1019,23272,870,9592,149,13033,0,647,392,3629,627,10135,392,13764,California
Siskiyou,2021-04-16,261,23533,183,9775,78,13111,0,647,241,3850,20,10155,241,14005,California
Siskiyou,2021-04-17,9,23542,5,9780,4,13115,0,647,7,3855,2,10157,7,14012,California
Solano,2020-12-15,4,4,4,4,0,0,0,0,4,4,0,0,4,4,California
Solano,2020-12-16,71,75,71,75,0,0,0,0,71,75,0,0,71,75,California
Solano,2020-12-17,151,226,151,226,0,0,0,0,151,226,0,0,151,226,California
Solano,2020-12-18,447,673,446,672,1,1,0,0,447,673,0,0,447,673,California
Solano,2020-12-19,516,1189,516,1188,0,1,0,0,516,1189,0,0,516,1189,California
Solano,2020-12-20,353,1542,352,1540,1,2,0,0,353,1542,0,0,353,1542,California
Solano,2020-12-21,572,2114,570,2110,2,4,0,0,572,2114,0,0,572,2114,California
Solano,2020-12-22,662,2776,629,2739,33,37,0,0,662,2776,0,0,662,2776,California
Solano,2020-12-23,858,3634,772,3511,86,123,0,0,857,3633,0,0,857,3633,California
Solano,2020-12-24,420,4054,169,3680,251,374,0,0,420,4053,0,0,420,4053,California
Solano,2020-12-25,10,4064,2,3682,8,382,0,0,10,4063,0,0,10,4063,California
Solano,2020-12-26,175,4239,48,3730,127,509,0,0,175,4238,0,0,175,4238,California
Solano,2020-12-27,104,4343,29,3759,75,584,0,0,104,4342,0,0,104,4342,California
Solano,2020-12-28,862,5205,421,4180,441,1025,0,0,862,5204,0,0,862,5204,California
Solano,2020-12-29,891,6096,374,4554,517,1542,0,0,891,6095,0,0,891,6095,California
Solano,2020-12-30,1209,7305,598,5152,611,2153,0,0,1209,7304,0,0,1209,7304,California
Solano,2020-12-31,532,7837,135,5287,397,2550,0,0,532,7836,0,0,532,7836,California
Solano,2021-01-01,13,7850,12,5299,1,2551,0,0,13,7849,0,0,13,7849,California
Solano,2021-01-02,212,8062,164,5463,48,2599,0,0,212,8061,0,0,212,8061,California
Solano,2021-01-03,58,8120,41,5504,17,2616,0,0,53,8114,0,0,53,8114,California
Solano,2021-01-04,450,8570,245,5749,205,2821,0,0,440,8551,3,3,440,8554,California
Solano,2021-01-05,695,9265,377,6126,318,3139,0,0,541,8943,149,152,541,9095,California
Solano,2021-01-06,822,10087,436,6562,386,3525,0,0,560,9243,260,412,560,9655,California
Solano,2021-01-07,1037,11124,683,7245,354,3879,0,0,580,9369,455,867,581,10236,California
Solano,2021-01-08,1115,12239,773,8018,342,4221,0,0,523,9320,574,1441,525,10761,California
Solano,2021-01-09,885,13124,763,8781,122,4343,0,0,428,9294,454,1895,428,11189,California
Solano,2021-01-10,253,13377,193,8974,60,4403,0,0,152,9345,101,1996,152,11341,California
Solano,2021-01-11,1323,14700,1110,10084,213,4616,0,0,808,9638,515,2511,808,12149,California
Solano,2021-01-12,1559,16259,1162,11246,397,5013,0,0,1011,10103,547,3058,1012,13161,California
Solano,2021-01-13,1431,17690,1001,12247,430,5443,0,0,1171,11016,258,3316,1171,14332,California
Solano,2021-01-14,1849,19539,795,13042,1054,6497,0,0,1536,12239,313,3629,1536,15868,California
Solano,2021-01-15,1682,21221,1055,14097,627,7124,0,0,1384,13325,298,3927,1384,17252,California
Solano,2021-01-16,1289,22510,903,15000,386,7510,0,0,1115,14266,174,4101,1115,18367,California
Solano,2021-01-17,1040,23550,759,15759,281,7791,0,0,1023,15272,17,4118,1023,19390,California
Solano,2021-01-18,1407,24957,857,16616,550,8341,0,0,1288,16443,119,4237,1290,20680,California
Solano,2021-01-19,1639,26596,1335,17951,304,8645,0,0,1368,17541,270,4507,1368,22048,California
Solano,2021-01-20,2028,28624,1419,19370,609,9254,0,0,1545,18606,480,4987,1545,23593,California
Solano,2021-01-21,3106,31730,1000,20370,2106,11360,0,0,2763,21027,343,5330,2764,26357,California
Solano,2021-01-22,1750,33480,842,21212,908,12268,0,0,1560,22397,190,5520,1560,27917,California
Solano,2021-01-23,731,34211,237,21449,494,12762,0,0,528,22722,204,5724,529,28446,California
Solano,2021-01-24,378,34589,60,21509,318,13080,0,0,312,22968,66,5790,312,28758,California
Solano,2021-01-25,1617,36206,621,22130,996,14076,0,0,1068,23488,549,6339,1069,29827,California
Solano,2021-01-26,1675,37881,736,22866,939,15015,0,0,1045,23905,629,6968,1046,30873,California
Solano,2021-01-27,1768,39649,727,23593,1041,16056,0,0,1178,24506,577,7545,1178,32051,California
Solano,2021-01-28,1832,41481,703,24296,1129,17185,0,0,1243,25162,588,8133,1244,33295,California
Solano,2021-01-29,1647,43128,781,25077,866,18051,0,0,1295,26107,350,8483,1295,34590,California
Solano,2021-01-30,710,43838,220,25297,490,18541,0,0,549,26495,161,8644,549,35139,California
Solano,2021-01-31,485,44323,393,25690,92,18633,0,0,230,26471,255,8899,231,35370,California
Solano,2021-02-01,1480,45803,979,26669,501,19134,0,0,742,26477,736,9635,742,36112,California
Solano,2021-02-02,3299,49102,1107,27776,2192,21326,0,0,2505,28192,790,10425,2505,38617,California
Solano,2021-02-03,2225,51327,1301,29077,924,22250,0,0,1149,28269,1072,11497,1149,39766,California
Solano,2021-02-04,1756,53083,905,29982,851,23101,0,0,1046,28610,705,12202,1046,40812,California
Solano,2021-02-05,3051,56134,1407,31389,1644,24745,0,0,2060,29688,982,13184,2060,42872,California
Solano,2021-02-06,3023,59157,1167,32556,1856,26601,0,0,2210,31088,810,13994,2210,45082,California
Solano,2021-02-07,846,60003,783,33339,63,26664,0,0,230,30702,616,14610,230,45312,California
Solano,2021-02-08,1711,61714,1233,34572,478,27142,0,0,679,30351,1030,15640,679,45991,California
Solano,2021-02-09,1895,63609,1468,36040,427,27569,0,0,675,29807,1219,16859,675,46666,California
Solano,2021-02-10,2251,65860,1497,37537,754,28323,0,0,826,29208,1425,18284,826,47492,California
Solano,2021-02-11,2391,68251,1438,38975,953,29276,0,0,1121,29069,1260,19544,1121,48613,California
Solano,2021-02-12,4087,72338,1597,40572,2490,31766,0,0,2780,30549,1300,20844,2780,51393,California
Solano,2021-02-13,2815,75153,242,40814,2573,34339,0,0,2431,32599,381,21225,2431,53824,California
Solano,2021-02-14,689,75842,201,41015,488,34827,0,0,411,32734,276,21501,411,54235,California
Solano,2021-02-15,1292,77134,323,41338,969,35796,0,0,670,32783,621,22122,670,54905,California
Solano,2021-02-16,2387,79521,1226,42564,1161,36957,0,0,1623,33643,763,22885,1623,56528,California
Solano,2021-02-17,2701,82222,1219,43783,1482,38439,0,0,1911,34768,787,23672,1912,58440,California
Solano,2021-02-18,2579,84801,700,44483,1879,40318,0,0,811,33819,1761,25433,812,59252,California
Solano,2021-02-19,2209,87010,1265,45748,944,41262,0,0,1128,33872,1077,26510,1130,60382,California
Solano,2021-02-20,2540,89550,379,46127,2161,43423,0,0,2073,35477,468,26978,2073,62455,California
Solano,2021-02-21,2139,91689,1858,47985,281,43704,0,0,1856,37053,280,27258,1856,64311,California
Solano,2021-02-22,1577,93266,912,48897,665,44369,0,0,814,37107,761,28019,815,65126,California
Solano,2021-02-23,2523,95789,1000,49897,1523,45892,0,0,1653,37893,867,28886,1653,66779,California
Solano,2021-02-24,2332,98121,1131,51028,1201,47093,0,0,1303,38169,1027,29913,1303,68082,California
Solano,2021-02-25,2288,100409,1347,52375,941,48034,0,0,1260,38407,1022,30935,1260,69342,California
Solano,2021-02-26,2636,103045,1528,53903,1108,49142,0,0,1382,38540,1249,32184,1382,70724,California
Solano,2021-02-27,3638,106683,1372,55275,2266,51408,0,0,2950,40808,682,32866,2950,73674,California
Solano,2021-02-28,1351,108034,1037,56312,314,51722,0,0,1080,41620,268,33134,1080,74754,California
Solano,2021-03-01,2235,110269,1058,57370,1177,52899,0,0,1630,42650,600,33734,1630,76384,California
Solano,2021-03-02,1956,112225,1233,58603,723,53622,0,0,1212,43118,744,34478,1212,77596,California
Solano,2021-03-03,2120,114345,1190,59793,930,54552,0,0,1316,43637,797,35275,1316,78912,California
Solano,2021-03-04,4208,118553,3278,63071,928,55480,2,2,3122,45684,1080,36355,3127,82039,California
Solano,2021-03-05,4687,123240,1605,64676,3079,58559,3,5,3779,48568,898,37253,3782,85821,California
Solano,2021-03-06,3745,126985,823,65499,2883,61442,39,44,2577,50025,1159,38412,2616,88437,California
Solano,2021-03-07,3458,130443,735,66234,2713,64155,10,54,1907,50401,1542,39954,1918,90355,California
Solano,2021-03-08,1599,132042,813,67047,515,64670,271,325,1090,51255,506,40460,1360,91715,California
Solano,2021-03-09,2909,134951,1338,68385,1519,66189,52,377,2080,52555,829,41289,2129,93844,California
Solano,2021-03-10,2206,137157,1557,69942,564,66753,85,462,1110,52656,1093,42382,1194,95038,California
Solano,2021-03-11,5617,142774,1407,71349,3955,70708,255,717,4627,56549,989,43371,4882,99920,California
Solano,2021-03-12,5759,148533,1391,72740,4197,74905,171,888,3018,57001,2737,46108,3189,103109,California
Solano,2021-03-13,4567,153100,804,73544,3680,78585,83,971,2237,57002,2323,48431,2324,105433,California
Solano,2021-03-14,3979,157079,3103,76647,423,79008,453,1424,1650,56777,2325,50756,2100,107533,California
Solano,2021-03-15,3792,160871,2244,78891,1232,80240,316,1740,2436,58180,1349,52105,2752,110285,California
Solano,2021-03-16,2865,163736,1141,80032,1489,81729,235,1975,1437,58428,1423,53528,1671,111956,California
Solano,2021-03-17,5995,169731,1482,81514,4423,86152,90,2065,4646,61819,1345,54873,4736,116692,California
Solano,2021-03-18,5004,174735,1677,83191,3290,89442,37,2102,3694,64249,1301,56174,3731,120423,California
Solano,2021-03-19,2770,177505,1874,85065,823,90265,73,2175,1519,64596,1246,57420,1593,122016,California
Solano,2021-03-20,5448,182953,1661,86726,3733,93998,54,2229,2790,64793,2647,60067,2844,124860,California
Solano,2021-03-21,1659,184612,1565,88291,70,94068,24,2253,848,64853,810,60877,870,125730,California
Solano,2021-03-22,2397,187009,1783,90074,565,94633,49,2302,1440,65388,951,61828,1486,127216,California
Solano,2021-03-23,3328,190337,1497,91571,1789,96422,42,2344,1507,65120,1817,63645,1549,128765,California
Solano,2021-03-24,2668,193005,1637,93208,997,97419,34,2378,1269,65030,1393,65038,1303,130068,California
Solano,2021-03-25,4534,197539,3667,96875,832,98251,35,2413,2016,64568,2514,67552,2052,132120,California
Solano,2021-03-26,2829,200368,1723,98598,1070,99321,36,2449,1523,64829,1298,68850,1559,133679,California
Solano,2021-03-27,4169,204537,1148,99746,2985,102306,36,2485,1795,64292,2368,71218,1831,135510,California
Solano,2021-03-28,1348,205885,1101,100847,229,102535,18,2503,551,64069,793,72011,570,136080,California
Solano,2021-03-29,2827,208712,1490,102337,1321,103856,16,2519,1588,64439,1234,73245,1604,137684,California
Solano,2021-03-30,2777,211489,1824,104161,867,104723,86,2605,1741,65232,1034,74279,1827,139511,California
Solano,2021-03-31,2920,214409,1923,106084,840,105563,157,2762,1695,65860,1222,75501,1850,141361,California
Solano,2021-04-01,5073,219482,1677,107761,3252,108815,144,2906,3411,67764,1651,77152,3555,144916,California
Solano,2021-04-02,5852,225334,1677,109438,4013,112828,162,3068,2507,67102,3331,80483,2669,147585,California
Solano,2021-04-03,1507,226841,955,110393,400,113228,152,3220,561,66871,944,81427,713,148298,California
Solano,2021-04-04,774,227615,286,110679,187,113415,301,3521,237,66876,533,81960,538,148836,California
Solano,2021-04-05,2818,230433,1880,112559,733,114148,205,3726,1396,67055,1421,83381,1600,150436,California
Solano,2021-04-06,5351,235784,1388,113947,3474,117622,489,4215,1549,65295,3798,87179,2038,152474,California
Solano,2021-04-07,5037,240821,3724,117671,922,118544,391,4606,2909,66473,2122,89301,3300,155774,California
Solano,2021-04-08,5396,246217,1505,119176,3038,121582,853,5459,1519,64978,3862,93163,2367,158141,California
Solano,2021-04-09,4947,251164,1440,120616,2808,124390,699,6158,1297,63338,3636,96799,1996,160137,California
Solano,2021-04-10,1698,252862,946,121562,444,124834,308,6466,791,63531,906,97705,1099,161236,California
Solano,2021-04-11,1172,254034,741,122303,304,125138,127,6593,608,63705,561,98266,735,161971,California
Solano,2021-04-12,3153,257187,1641,123944,1174,126312,338,6931,1474,63842,1674,99940,1811,163782,California
Solano,2021-04-13,2343,259530,1039,124983,1303,127615,1,6932,1255,64013,1085,101025,1256,165038,California
Solano,2021-04-14,4916,264446,1532,126515,3384,130999,0,6932,1576,62257,3332,104357,1576,166614,California
Solano,2021-04-15,3303,267749,1381,127896,1922,132921,0,6932,1317,61596,1980,106337,1319,167933,California
Solano,2021-04-16,2492,270241,1450,129346,1041,133962,1,6933,1477,62063,1011,107348,1478,169411,California
Solano,2021-04-17,1746,271987,1061,130407,685,134647,0,6933,980,62283,761,108109,981,170392,California
Solano,2021-04-18,809,272796,511,130918,298,134945,0,6933,399,62273,409,108518,399,170791,California
Sonoma,2020-12-15,4,4,4,4,0,0,0,0,4,4,0,0,4,4,California
Sonoma,2020-12-16,27,31,27,31,0,0,0,0,27,31,0,0,27,31,California
Sonoma,2020-12-17,102,133,102,133,0,0,0,0,102,133,0,0,102,133,California
Sonoma,2020-12-18,422,555,422,555,0,0,0,0,422,555,0,0,422,555,California
Sonoma,2020-12-19,111,666,110,665,1,1,0,0,111,666,0,0,111,666,California
Sonoma,2020-12-20,174,840,174,839,0,1,0,0,174,840,0,0,174,840,California
Sonoma,2020-12-21,911,1751,909,1748,2,3,0,0,910,1750,0,0,910,1750,California
Sonoma,2020-12-22,1356,3107,1264,3012,92,95,0,0,1356,3106,0,0,1356,3106,California
Sonoma,2020-12-23,1603,4710,1228,4240,375,470,0,0,1604,4710,0,0,1604,4710,California
Sonoma,2020-12-24,305,5015,101,4341,204,674,0,0,305,5015,0,0,305,5015,California
Sonoma,2020-12-25,8,5023,2,4343,6,680,0,0,8,5023,0,0,8,5023,California
Sonoma,2020-12-26,266,5289,255,4598,11,691,0,0,266,5289,0,0,266,5289,California
Sonoma,2020-12-27,93,5382,80,4678,13,704,0,0,93,5382,0,0,93,5382,California
Sonoma,2020-12-28,987,6369,552,5230,435,1139,0,0,959,6341,0,0,959,6341,California
Sonoma,2020-12-29,1129,7498,776,6006,353,1492,0,0,1095,7436,0,0,1095,7436,California
Sonoma,2020-12-30,1092,8590,478,6484,614,2106,0,0,1084,8520,0,0,1084,8520,California
Sonoma,2020-12-31,518,9108,71,6555,447,2553,0,0,519,9039,0,0,519,9039,California
Sonoma,2021-01-01,10,9118,5,6560,5,2558,0,0,10,9049,0,0,10,9049,California
Sonoma,2021-01-02,132,9250,126,6686,6,2564,0,0,132,9181,0,0,132,9181,California
Sonoma,2021-01-03,25,9275,11,6697,14,2578,0,0,25,9206,0,0,25,9206,California
Sonoma,2021-01-04,341,9616,105,6802,236,2814,0,0,340,9546,0,0,340,9546,California
Sonoma,2021-01-05,437,10053,102,6904,335,3149,0,0,413,9944,15,15,413,9959,California
Sonoma,2021-01-06,948,11001,434,7338,514,3663,0,0,836,10675,105,120,836,10795,California
Sonoma,2021-01-07,1025,12026,533,7871,492,4155,0,0,855,11361,169,289,855,11650,California
Sonoma,2021-01-08,1784,13810,1228,9099,556,4711,0,0,1313,12205,469,758,1313,12963,California
Sonoma,2021-01-09,636,14446,400,9499,236,4947,0,0,588,12745,48,806,588,13551,California
Sonoma,2021-01-10,472,14918,461,9960,11,4958,0,0,279,12831,193,999,279,13830,California
Sonoma,2021-01-11,1382,16300,1236,11196,146,5104,0,0,413,12279,965,1964,413,14243,California
Sonoma,2021-01-12,1545,17845,1292,12488,253,5357,0,0,395,11526,1148,3112,395,14638,California
Sonoma,2021-01-13,2066,19911,1424,13912,642,5999,0,0,1203,11869,860,3972,1203,15841,California
Sonoma,2021-01-14,1532,21443,808,14720,724,6723,0,0,1302,12941,230,4202,1302,17143,California
Sonoma,2021-01-15,1562,23005,634,15354,928,7651,0,0,1342,14073,211,4413,1343,18486,California
Sonoma,2021-01-16,1144,24149,615,15969,529,8180,0,0,899,14731,241,4654,899,19385,California
Sonoma,2021-01-17,669,24818,549,16518,120,8300,0,0,588,15238,81,4735,588,19973,California
Sonoma,2021-01-18,1103,25921,931,17449,172,8472,0,0,612,15360,491,5226,613,20586,California
Sonoma,2021-01-19,2092,28013,1004,18453,1088,9560,0,0,1383,16037,707,5933,1384,21970,California
Sonoma,2021-01-20,2073,30086,623,19076,1450,11010,0,0,1414,16802,650,6583,1415,23385,California
Sonoma,2021-01-21,2234,32320,620,19696,1614,12624,0,0,2015,18601,217,6800,2016,25401,California
Sonoma,2021-01-22,2725,35045,1034,20730,1691,14315,0,0,2577,21031,147,6947,2577,27978,California
Sonoma,2021-01-23,766,35811,591,21321,175,14490,0,0,659,21584,106,7053,659,28637,California
Sonoma,2021-01-24,847,36658,713,22034,134,14624,0,0,832,22401,15,7068,832,29469,California
Sonoma,2021-01-25,2168,38826,519,22553,1649,16273,0,0,1681,23595,487,7555,1681,31150,California
Sonoma,2021-01-26,2003,40829,294,22847,1709,17982,0,0,1547,24687,455,8010,1547,32697,California
Sonoma,2021-01-27,3690,44519,1274,24121,2416,20398,0,0,3117,27236,571,8581,3120,35817,California
Sonoma,2021-01-28,4101,48620,1834,25955,2267,22665,0,0,3435,30009,663,9244,3436,39253,California
Sonoma,2021-01-29,2957,51577,1404,27359,1553,24218,0,0,2128,31311,827,10071,2129,41382,California
Sonoma,2021-01-30,2573,54150,2386,29745,187,24405,0,0,2239,33217,334,10405,2240,43622,California
Sonoma,2021-01-31,775,54925,663,30408,112,24517,0,0,577,33597,197,10602,577,44199,California
Sonoma,2021-02-01,2499,57424,881,31289,1618,26135,0,0,2094,35288,403,11005,2094,46293,California
Sonoma,2021-02-02,3444,60868,1366,32655,2078,28213,0,0,2879,37604,563,11568,2879,49172,California
Sonoma,2021-02-03,4022,64890,1319,33974,2703,30916,0,0,3097,39778,923,12491,3097,52269,California
Sonoma,2021-02-04,4185,69075,1704,35678,2481,33397,0,0,3410,42415,773,13264,3410,55679,California
Sonoma,2021-02-05,4798,73873,1732,37410,3066,36463,0,0,3786,45194,1008,14272,3787,59466,California
Sonoma,2021-02-06,2652,76525,2292,39702,360,36823,0,0,2094,46731,557,14829,2094,61560,California
Sonoma,2021-02-07,1529,78054,1395,41097,134,36957,0,0,1280,47762,249,15078,1280,62840,California
Sonoma,2021-02-08,3249,81303,1031,42128,2218,39175,0,0,2669,49852,579,15657,2669,65509,California
Sonoma,2021-02-09,3550,84853,1694,43822,1856,41031,0,0,3071,52447,477,16134,3072,68581,California
Sonoma,2021-02-10,4404,89257,2360,46182,2044,43075,0,0,3372,54794,1026,17160,3373,71954,California
Sonoma,2021-02-11,5330,94587,2786,48968,2544,45619,0,0,4157,57780,1171,18331,4157,76111,California
Sonoma,2021-02-12,5627,100214,2973,51941,2654,48273,0,0,4213,60585,1410,19741,4215,80326,California
Sonoma,2021-02-13,1984,102198,1152,53093,832,49105,0,0,1207,61018,774,20515,1207,81533,California
Sonoma,2021-02-14,2313,104511,1817,54910,496,49601,0,0,1569,61844,743,21258,1569,83102,California
Sonoma,2021-02-15,2130,106641,785,55695,1345,50946,0,0,1603,62921,526,21784,1603,84705,California
Sonoma,2021-02-16,4610,111251,2045,57740,2565,53511,0,0,3362,65039,1244,23028,3362,88067,California
Sonoma,2021-02-17,5319,116570,2885,60625,2434,55945,0,0,3327,66384,1983,25011,3328,91395,California
Sonoma,2021-02-18,6771,123341,2994,63619,3777,59722,0,0,3873,67367,2890,27901,3873,95268,California
Sonoma,2021-02-19,5355,128696,1654,65273,3701,63423,0,0,3266,68549,2084,29985,3266,98534,California
Sonoma,2021-02-20,3101,131797,2821,68094,280,63703,0,0,1221,67896,1874,31859,1221,99755,California
Sonoma,2021-02-21,515,132312,412,68506,103,63806,0,0,127,67638,385,32244,127,99882,California
Sonoma,2021-02-22,2712,135024,1353,69859,1359,65165,0,0,1042,67015,1665,33909,1042,100924,California
Sonoma,2021-02-23,3082,138106,2057,71916,1025,66190,0,0,1349,66635,1729,35638,1349,102273,California
Sonoma,2021-02-24,5451,143557,2537,74453,2914,69104,0,0,2735,66661,2711,38349,2737,105010,California
Sonoma,2021-02-25,5638,149195,2221,76674,3417,72521,0,0,2967,66978,2650,40999,2967,107977,California
Sonoma,2021-02-26,6006,155201,2736,79410,3270,75791,0,0,3735,68447,2266,43265,3735,111712,California
Sonoma,2021-02-27,3997,159198,1902,81312,2095,77886,0,0,2664,69780,1331,44596,2664,114376,California
Sonoma,2021-02-28,2327,161525,1844,83156,483,78369,0,0,612,68683,1709,46305,612,114988,California
Sonoma,2021-03-01,3657,165182,1124,84280,2533,80902,0,0,1812,68659,1837,48142,1813,116801,California
Sonoma,2021-03-02,4201,169383,1456,85736,2745,83647,0,0,2475,69416,1718,49860,2475,119276,California
Sonoma,2021-03-03,4804,174187,2504,88240,2300,85947,0,0,2220,69059,2577,52437,2220,121496,California
Sonoma,2021-03-04,5672,179859,2433,90673,3239,89186,0,0,2562,68525,3096,55533,2562,124058,California
Sonoma,2021-03-05,6150,186009,2550,93223,3585,92771,15,15,2703,67809,3435,58968,2719,126777,California
Sonoma,2021-03-06,2748,188757,1205,94428,1409,94180,134,149,1889,68977,854,59822,2022,128799,California
Sonoma,2021-03-07,1678,190435,1391,95819,252,94432,35,184,355,68046,1321,61143,390,129189,California
Sonoma,2021-03-08,3881,194316,652,96471,3054,97486,175,359,2218,68784,1653,62796,2391,131580,California
Sonoma,2021-03-09,5400,199716,2995,99466,2164,99650,241,600,2657,68946,2736,65532,2898,134478,California
Sonoma,2021-03-10,5930,205646,3163,102629,2442,102092,325,925,2396,68146,3520,69052,2720,137198,California
Sonoma,2021-03-11,7483,213129,2973,105602,3692,105784,818,1743,2646,66780,4829,73881,3463,140661,California
Sonoma,2021-03-12,7374,220503,2254,107856,3761,109545,1359,3102,2100,64979,5256,79137,3455,144116,California
Sonoma,2021-03-13,3226,223729,1539,109395,1454,110999,233,3335,1838,65660,1387,80524,2068,146184,California
Sonoma,2021-03-14,1373,225102,381,109776,850,111849,142,3477,846,66123,524,81048,987,147171,California
Sonoma,2021-03-15,5208,230310,1491,111267,3332,115181,385,3862,2189,65685,3011,84059,2573,149744,California
Sonoma,2021-03-16,6248,236558,2222,113489,3795,118976,231,4093,3155,65982,3088,87147,3385,153129,California
Sonoma,2021-03-17,6717,243275,3510,116999,3028,122004,179,4272,3529,66512,3179,90326,3709,156838,California
Sonoma,2021-03-18,7069,250344,2921,119920,3538,125542,610,4882,3161,66377,3903,94229,3768,160606,California
Sonoma,2021-03-19,7448,257792,3213,123133,4004,129546,231,5113,3309,65800,4121,98350,3544,164150,California
Sonoma,2021-03-20,3627,261419,1743,124876,1054,130600,830,5943,1970,66949,1650,100000,2799,166949,California
Sonoma,2021-03-21,1372,262791,601,125477,738,131338,33,5976,1207,68026,163,100163,1240,168189,California
Sonoma,2021-03-22,4474,267265,3080,128557,1294,132632,100,6076,3532,70720,939,101102,3633,171822,California
Sonoma,2021-03-23,5760,273025,3580,132137,2104,134736,76,6152,4639,74323,1112,102214,4715,176537,California
Sonoma,2021-03-24,6568,279593,4254,136391,2249,136985,65,6217,4143,76121,2409,104623,4207,180744,California
Sonoma,2021-03-25,6887,286480,4138,140529,2645,139630,104,6321,4273,77907,2592,107215,4378,185122,California
Sonoma,2021-03-26,7233,293713,3427,143956,3718,143348,88,6409,3993,78762,3226,110441,4081,189203,California
Sonoma,2021-03-27,3774,297487,1493,145449,1919,145267,362,6771,1122,77598,2647,113088,1483,190686,California
Sonoma,2021-03-28,1505,298992,949,146398,529,145796,27,6798,948,78017,556,113644,975,191661,California
Sonoma,2021-03-29,2816,301808,1076,147474,1707,147503,33,6831,1614,78467,1197,114841,1647,193308,California
Sonoma,2021-03-30,5630,307438,3114,150588,2455,149958,61,6892,3041,78988,2582,117423,3103,196411,California
Sonoma,2021-03-31,5482,312920,3328,153916,1941,151899,213,7105,3291,80311,2181,119604,3504,199915,California
Sonoma,2021-04-01,6662,319582,3961,157877,2369,154268,332,7437,3579,81148,3070,122674,3907,203822,California
Sonoma,2021-04-02,5896,325478,3533,161410,2254,156522,109,7546,3556,82478,2336,125010,3666,207488,California
Sonoma,2021-04-03,3356,328834,1640,163050,1497,158019,219,7765,1473,82299,1871,126881,1692,209180,California
Sonoma,2021-04-04,1050,329884,682,163732,279,158298,89,7854,665,82669,384,127265,754,209934,California
Sonoma,2021-04-05,4343,334227,576,164308,3431,161729,336,8190,1790,82248,2547,129812,2126,212060,California
Sonoma,2021-04-06,6815,341042,3454,167762,2963,164692,398,8588,3966,83775,2836,132648,4363,216423,California
Sonoma,2021-04-07,6735,347777,3805,171567,2102,166794,828,9416,3274,84420,3453,136101,4098,220521,California
Sonoma,2021-04-08,7456,355233,4084,175651,2605,169399,767,10183,4066,85870,3381,139482,4831,225352,California
Sonoma,2021-04-09,6545,361778,3597,179248,2100,171499,848,11031,3311,86800,3223,142705,4153,229505,California
Sonoma,2021-04-10,3707,365485,1676,180924,1479,172978,552,11583,1084,85816,2615,145320,1631,231136,California
Sonoma,2021-04-11,1274,366759,602,181526,591,173569,81,11664,434,85493,838,146158,515,231651,California
Sonoma,2021-04-12,4852,371611,1981,183507,2393,175962,478,12142,1784,84688,3061,149219,2256,233907,California
Sonoma,2021-04-13,7535,379146,4545,188052,2987,178949,3,12145,2800,82766,4726,153945,2804,236711,California
Sonoma,2021-04-14,5896,385042,3308,191360,2569,181518,19,12164,2260,81423,3623,157568,2280,238991,California
Sonoma,2021-04-15,6023,391065,3469,194829,2554,184072,0,12164,3000,81425,3011,160579,3013,242004,California
Sonoma,2021-04-16,6409,397474,3364,198193,3044,187116,1,12165,3558,82142,2842,163421,3559,245563,California
Sonoma,2021-04-17,2668,400142,1391,199584,1277,188393,0,12165,1295,82070,1367,164788,1295,246858,California
Sonoma,2021-04-18,641,400783,329,199913,312,188705,0,12165,163,81759,474,165262,163,247021,California
Stanislaus,2020-12-15,2,2,2,2,0,0,0,0,2,2,0,0,2,2,California
Stanislaus,2020-12-16,37,39,37,39,0,0,0,0,37,39,0,0,37,39,California
Stanislaus,2020-12-17,73,112,73,112,0,0,0,0,73,112,0,0,73,112,California
Stanislaus,2020-12-18,428,540,421,533,7,7,0,0,428,540,0,0,428,540,California
Stanislaus,2020-12-19,191,731,191,724,0,7,0,0,191,731,0,0,191,731,California
Stanislaus,2020-12-20,126,857,126,850,0,7,0,0,126,857,0,0,126,857,California
Stanislaus,2020-12-21,1124,1981,1121,1971,3,10,0,0,1123,1980,0,0,1123,1980,California
Stanislaus,2020-12-22,849,2830,837,2808,12,22,0,0,849,2829,0,0,849,2829,California
Stanislaus,2020-12-23,460,3290,443,3251,17,39,0,0,459,3288,0,0,459,3288,California
Stanislaus,2020-12-24,97,3387,88,3339,9,48,0,0,97,3385,0,0,97,3385,California
Stanislaus,2020-12-26,50,3437,8,3347,42,90,0,0,50,3435,0,0,50,3435,California
Stanislaus,2020-12-27,11,3448,6,3353,5,95,0,0,11,3446,0,0,11,3446,California
Stanislaus,2020-12-28,502,3950,406,3759,96,191,0,0,502,3948,0,0,502,3948,California
Stanislaus,2020-12-29,505,4455,430,4189,75,266,0,0,505,4453,0,0,505,4453,California
Stanislaus,2020-12-30,542,4997,286,4475,256,522,0,0,542,4994,1,1,542,4995,California
Stanislaus,2020-12-31,314,5311,171,4646,143,665,0,0,316,5310,0,1,316,5311,California
Stanislaus,2021-01-01,9,5320,2,4648,7,672,0,0,9,5319,0,1,9,5320,California
Stanislaus,2021-01-02,31,5351,24,4672,7,679,0,0,31,5350,0,1,31,5351,California
Stanislaus,2021-01-03,89,5440,85,4757,4,683,0,0,89,5439,0,1,89,5440,California
Stanislaus,2021-01-04,117,5557,33,4790,84,767,0,0,120,5559,0,1,120,5560,California
Stanislaus,2021-01-05,854,6411,337,5127,517,1284,0,0,823,6365,23,24,829,6389,California
Stanislaus,2021-01-06,978,7389,547,5674,431,1715,0,0,903,7205,64,88,904,7293,California
Stanislaus,2021-01-07,1092,8481,701,6375,391,2106,0,0,966,8059,113,201,967,8260,California
Stanislaus,2021-01-08,1320,9801,755,7130,565,2671,0,0,947,8643,367,568,951,9211,California
Stanislaus,2021-01-09,284,10085,141,7271,143,2814,0,0,194,8747,90,658,194,9405,California
Stanislaus,2021-01-10,48,10133,21,7292,27,2841,0,0,29,8757,19,677,29,9434,California
Stanislaus,2021-01-11,1552,11685,1266,8558,286,3127,0,0,606,8437,940,1617,620,10054,California
Stanislaus,2021-01-12,1494,13179,890,9448,604,3731,0,0,832,8618,658,2275,839,10893,California
Stanislaus,2021-01-13,1442,14621,677,10125,765,4496,0,0,1115,9414,326,2601,1122,12015,California
Stanislaus,2021-01-14,2218,16839,281,10406,1937,6433,0,0,2066,11385,150,2751,2121,14136,California
Stanislaus,2021-01-15,2886,19725,1145,11551,1741,8174,0,0,2730,14047,134,2885,2796,16932,California
Stanislaus,2021-01-16,567,20292,50,11601,517,8691,0,0,552,14587,14,2899,554,17486,California
Stanislaus,2021-01-17,241,20533,200,11801,41,8732,0,0,236,14818,5,2904,236,17722,California
Stanislaus,2021-01-18,2180,22713,1020,12821,1160,9892,0,0,1809,16319,368,3272,1869,19591,California
Stanislaus,2021-01-19,1272,23985,738,13559,534,10426,0,0,811,16673,458,3730,812,20403,California
Stanislaus,2021-01-20,999,24984,484,14043,515,10941,0,0,704,17083,294,4024,704,21107,California
Stanislaus,2021-01-21,3673,28657,2962,17005,711,11652,0,0,3356,20211,315,4339,3443,24550,California
Stanislaus,2021-01-22,1095,29752,309,17314,786,12438,0,0,1052,21228,39,4378,1056,25606,California
Stanislaus,2021-01-23,343,30095,38,17352,305,12743,0,0,289,21467,54,4432,293,25899,California
Stanislaus,2021-01-24,289,30384,99,17451,190,12933,0,0,223,21626,66,4498,225,26124,California
Stanislaus,2021-01-25,3143,33527,217,17668,2926,15859,0,0,2838,24289,306,4804,2969,29093,California
Stanislaus,2021-01-26,1731,35258,738,18406,993,16852,0,0,1313,25203,414,5218,1328,30421,California
Stanislaus,2021-01-27,1831,37089,973,19379,858,17710,0,0,1174,25729,649,5867,1175,31596,California
Stanislaus,2021-01-28,2247,39336,1496,20875,751,18461,0,0,1758,27059,478,6345,1808,33404,California
Stanislaus,2021-01-29,2481,41817,1201,22076,1280,19741,0,0,1948,28566,484,6829,1991,35395,California
Stanislaus,2021-01-30,298,42115,123,22199,175,19916,0,0,248,28762,52,6881,248,35643,California
Stanislaus,2021-01-31,364,42479,311,22510,53,19969,0,0,363,29115,10,6891,363,36006,California
Stanislaus,2021-02-01,1264,43743,542,23052,722,20691,0,0,925,29714,326,7217,925,36931,California
Stanislaus,2021-02-02,1247,44990,373,23425,874,21565,0,0,793,30067,444,7661,797,37728,California
Stanislaus,2021-02-03,2491,47481,1072,24497,1419,22984,0,0,1816,31217,671,8332,1821,39549,California
Stanislaus,2021-02-04,2099,49580,718,25215,1381,24365,0,0,1587,32302,506,8838,1591,41140,California
Stanislaus,2021-02-05,2847,52427,1451,26666,1396,25761,0,0,1608,32726,1188,10026,1612,42752,California
Stanislaus,2021-02-06,1009,53436,287,26953,722,26483,0,0,821,33361,187,10213,822,43574,California
Stanislaus,2021-02-07,212,53648,188,27141,24,26507,0,0,42,33235,169,10382,43,43617,California
Stanislaus,2021-02-08,2021,55669,1310,28451,711,27218,0,0,1118,33478,877,11259,1120,44737,California
Stanislaus,2021-02-09,1872,57541,788,29239,1084,28302,0,0,1100,33813,768,12027,1103,45840,California
Stanislaus,2021-02-10,1983,59524,565,29804,1418,29720,0,0,1064,33977,902,12929,1066,46906,California
Stanislaus,2021-02-11,5537,65061,3413,33217,2124,31844,0,0,1406,31417,3970,16899,1410,48316,California
Stanislaus,2021-02-12,3526,68587,1100,34317,2426,34270,0,0,1662,31265,1815,18714,1663,49979,California
Stanislaus,2021-02-13,1534,70121,743,35060,791,35061,0,0,1086,31909,447,19161,1091,51070,California
Stanislaus,2021-02-14,420,70541,169,35229,251,35312,0,0,355,32199,65,19226,355,51425,California
Stanislaus,2021-02-15,1844,72385,254,35483,1590,36902,0,0,631,31719,1116,20342,636,52061,California
Stanislaus,2021-02-16,1388,73773,415,35898,973,37875,0,0,613,31564,770,21112,615,52676,California
Stanislaus,2021-02-17,2745,76518,1662,37560,1083,38958,0,0,1973,32769,775,21887,1980,54656,California
Stanislaus,2021-02-18,3385,79903,1878,39438,1507,40465,0,0,1836,33133,1480,23367,1844,56500,California
Stanislaus,2021-02-19,2783,82686,1045,40483,1738,42203,0,0,1568,33522,1188,24555,1577,58077,California
Stanislaus,2021-02-20,756,83442,372,40855,384,42587,0,0,497,33772,249,24804,499,58576,California
Stanislaus,2021-02-21,869,84311,657,41512,212,42799,0,0,525,33978,330,25134,536,59112,California
Stanislaus,2021-02-22,2370,86681,1678,43190,692,43491,0,0,1661,34956,685,25819,1663,60775,California
Stanislaus,2021-02-23,3703,90384,679,43869,3024,46515,0,0,1754,34898,1817,27636,1759,62534,California
Stanislaus,2021-02-24,4206,94590,2859,46728,1347,47862,0,0,3195,37101,996,28632,3199,65733,California
Stanislaus,2021-02-25,3921,98511,2642,49370,1279,49141,0,0,3121,39439,786,29418,3124,68857,California
Stanislaus,2021-02-26,4236,102747,1212,50582,3024,52165,0,0,2873,40995,1326,30744,2882,71739,California
Stanislaus,2021-02-27,2221,104968,703,51285,1517,53682,1,1,1969,42736,229,30973,1970,73709,California
Stanislaus,2021-02-28,814,105782,264,51549,550,54232,0,1,763,43455,45,31018,764,74473,California
Stanislaus,2021-03-01,2783,108565,1594,53143,1189,55421,0,1,1651,43993,1117,32135,1655,76128,California
Stanislaus,2021-03-02,2404,110969,1422,54565,982,56403,0,1,1667,44927,733,32868,1667,77795,California
Stanislaus,2021-03-03,3775,114744,2265,56830,1507,57910,3,4,2924,47009,842,33710,2924,80719,California
Stanislaus,2021-03-04,5603,120347,3222,60052,2363,60273,18,22,4262,49960,1323,35033,4274,84993,California
Stanislaus,2021-03-05,4276,124623,1310,61362,2950,63223,16,38,3153,52016,1112,36145,3168,88161,California
Stanislaus,2021-03-06,3766,128389,2271,63633,1402,64625,93,131,2743,53832,1022,37167,2838,90999,California
Stanislaus,2021-03-07,843,129232,384,64017,422,65047,37,168,652,54336,184,37351,688,91687,California
Stanislaus,2021-03-08,2062,131294,921,64938,1053,66100,88,256,1327,55025,725,38076,1414,93101,California
Stanislaus,2021-03-09,2275,133569,945,65883,1237,67337,93,349,1696,56246,571,38647,1792,94893,California
Stanislaus,2021-03-10,5100,138669,2513,68396,2364,69701,223,572,3774,58943,1312,39959,4009,98902,California
Stanislaus,2021-03-11,5830,144499,3169,71565,2177,71878,484,1056,4241,62236,1434,41393,4727,103629,California
Stanislaus,2021-03-12,5836,150335,1239,72804,2653,74531,1944,3000,2963,64283,2859,44252,4906,108535,California
Stanislaus,2021-03-13,3479,153814,2163,74967,1249,75780,67,3067,2807,66493,669,44921,2879,111414,California
Stanislaus,2021-03-14,974,154788,582,75549,340,76120,52,3119,487,66550,485,45406,542,111956,California
Stanislaus,2021-03-15,3761,158549,1974,77523,1411,77531,376,3495,1664,66590,2008,47414,2048,114004,California
Stanislaus,2021-03-16,4998,163547,2455,79978,2101,79632,442,3937,3606,69235,1402,48816,4047,118051,California
Stanislaus,2021-03-17,4949,168496,3013,82991,1754,81386,182,4119,3107,70694,1836,50652,3295,121346,California
Stanislaus,2021-03-18,5761,174257,3548,86539,2146,83532,67,4186,3316,71767,2316,52968,3389,124735,California
Stanislaus,2021-03-19,6381,180638,1744,88283,3107,86639,1530,5716,3495,73932,2862,55830,5027,129762,California
Stanislaus,2021-03-20,4165,184803,3007,91290,1088,87727,70,5786,3683,77209,477,56307,3754,133516,California
Stanislaus,2021-03-21,992,185795,892,92182,35,87762,65,5851,758,77797,234,56541,822,134338,California
Stanislaus,2021-03-22,2852,188647,1335,93517,790,88552,727,6578,1263,78208,1578,58119,1989,136327,California
Stanislaus,2021-03-23,3984,192631,2037,95554,1685,90237,262,6840,2853,80216,1120,59239,3128,139455,California
Stanislaus,2021-03-24,4570,197201,3215,98769,1286,91523,69,6909,2668,81094,1863,61102,2741,142196,California
Stanislaus,2021-03-25,4427,201628,3027,101796,1383,92906,17,6926,1974,80706,2380,63482,1992,144188,California
Stanislaus,2021-03-26,4795,206423,1389,103185,3331,96237,75,7001,2433,80891,2335,65817,2520,146708,California
Stanislaus,2021-03-27,4412,210835,2713,105898,1676,97913,23,7024,1367,79264,3031,68848,1404,148112,California
Stanislaus,2021-03-28,1188,212023,448,106346,553,98466,187,7211,351,78985,831,69679,552,148664,California
Stanislaus,2021-03-29,3030,215053,1816,108162,1176,99642,38,7249,2027,80060,997,70676,2072,150736,California
Stanislaus,2021-03-30,3679,218732,2068,110230,1582,101224,29,7278,2250,80925,1423,72099,2288,153024,California
Stanislaus,2021-03-31,5488,224220,3863,114093,1487,102711,138,7416,2786,81176,2688,74787,2939,155963,California
Stanislaus,2021-04-01,5806,230026,3820,117913,1898,104609,88,7504,2651,80796,3145,77932,2765,158728,California
Stanislaus,2021-04-02,5077,235103,1269,119182,3646,108255,162,7666,2275,80531,2721,80653,2456,161184,California
Stanislaus,2021-04-03,4518,239621,3244,122426,1237,109492,37,7703,2207,80498,2304,82957,2271,163455,California
Stanislaus,2021-04-04,1320,240941,488,122914,805,110297,27,7730,658,80536,658,83615,696,164151,California
Stanislaus,2021-04-05,3705,244646,2517,125431,880,111177,308,8038,2375,81899,1326,84941,2689,166840,California
Stanislaus,2021-04-06,5752,250398,4167,129598,1289,112466,296,8334,3037,82534,2705,87646,3340,170180,California
Stanislaus,2021-04-07,6510,256908,3707,133305,2341,114807,462,8796,2810,82124,3686,91332,3276,173456,California
Stanislaus,2021-04-08,5889,262797,3440,136745,1969,116776,480,9276,2787,82305,3091,94423,3272,176728,California
Stanislaus,2021-04-09,4797,267594,2133,138878,2265,119041,399,9675,2093,82122,2688,97111,2505,179233,California
Stanislaus,2021-04-10,6589,274183,3952,142830,977,120018,1660,11335,1993,81191,4579,101690,3648,182881,California
Stanislaus,2021-04-11,1512,275695,852,143682,527,120545,133,11468,653,81119,858,102548,786,183667,California
Stanislaus,2021-04-12,3578,279273,2025,145707,1166,121711,387,11855,1888,81717,1684,104232,2282,185949,California
Stanislaus,2021-04-13,5227,284500,3433,149140,1782,123493,12,11867,2921,82368,2275,106507,2926,188875,California
Stanislaus,2021-04-14,4267,288767,3110,152250,1157,124650,0,11867,2126,82386,2114,108621,2132,191007,California
Stanislaus,2021-04-15,4614,293381,2845,155095,1763,126413,6,11873,2535,82903,2045,110666,2562,193569,California
Stanislaus,2021-04-16,3952,297333,909,156004,3043,129456,0,11873,1737,82476,2186,112852,1759,195328,California
Stanislaus,2021-04-17,3398,300731,2145,158149,1253,130709,0,11873,1891,82882,1502,114354,1908,197236,California
Stanislaus,2021-04-18,322,301053,45,158194,277,130986,0,11873,282,83127,38,114392,283,197519,California
Sutter,2020-12-15,1,1,1,1,0,0,0,0,1,1,0,0,1,1,California
Sutter,2020-12-16,4,5,4,5,0,0,0,0,4,5,0,0,4,5,California
Sutter,2020-12-17,2,7,2,7,0,0,0,0,2,7,0,0,2,7,California
Sutter,2020-12-18,20,27,20,27,0,0,0,0,20,27,0,0,20,27,California
Sutter,2020-12-19,44,71,44,71,0,0,0,0,44,71,0,0,44,71,California
Sutter,2020-12-20,42,113,42,113,0,0,0,0,42,113,0,0,42,113,California
Sutter,2020-12-21,100,213,100,213,0,0,0,0,100,213,0,0,100,213,California
Sutter,2020-12-22,172,385,172,385,0,0,0,0,172,385,0,0,172,385,California
Sutter,2020-12-23,115,500,111,496,4,4,0,0,115,500,0,0,115,500,California
Sutter,2020-12-24,17,517,11,507,6,10,0,0,17,517,0,0,17,517,California
Sutter,2020-12-26,39,556,35,542,4,14,0,0,39,556,0,0,39,556,California
Sutter,2020-12-27,24,580,23,565,1,15,0,0,24,580,0,0,24,580,California
Sutter,2020-12-28,83,663,55,620,28,43,0,0,83,663,0,0,83,663,California
Sutter,2020-12-29,101,764,14,634,87,130,0,0,101,764,0,0,101,764,California
Sutter,2020-12-30,136,900,34,668,102,232,0,0,136,900,0,0,136,900,California
Sutter,2020-12-31,70,970,6,674,64,296,0,0,70,970,0,0,70,970,California
Sutter,2021-01-01,3,973,3,677,0,296,0,0,3,973,0,0,3,973,California
Sutter,2021-01-02,133,1106,131,808,2,298,0,0,133,1106,0,0,133,1106,California
Sutter,2021-01-03,1,1107,0,808,1,299,0,0,1,1107,0,0,1,1107,California
Sutter,2021-01-04,249,1356,140,948,109,408,0,0,249,1356,0,0,249,1356,California
Sutter,2021-01-05,99,1455,56,1004,43,451,0,0,97,1451,2,2,97,1453,California
Sutter,2021-01-06,205,1660,51,1055,154,605,0,0,200,1646,5,7,200,1653,California
Sutter,2021-01-07,253,1913,151,1206,102,707,0,0,244,1882,8,15,244,1897,California
Sutter,2021-01-08,147,2060,40,1246,107,814,0,0,130,1995,17,32,130,2027,California
Sutter,2021-01-09,45,2105,43,1289,2,816,0,0,4,1958,41,73,4,2031,California
Sutter,2021-01-10,397,2502,37,1326,360,1176,0,0,359,2280,37,110,359,2390,California
Sutter,2021-01-11,132,2634,114,1440,18,1194,0,0,26,2200,106,216,26,2416,California
Sutter,2021-01-12,200,2834,163,1603,37,1231,0,0,57,2114,143,359,57,2473,California
Sutter,2021-01-13,160,2994,98,1701,62,1293,0,0,71,2096,89,448,71,2544,California
Sutter,2021-01-14,144,3138,49,1750,95,1388,0,0,125,2202,19,467,125,2669,California
Sutter,2021-01-15,432,3570,130,1880,302,1690,0,0,417,2604,15,482,417,3086,California
Sutter,2021-01-16,386,3956,42,1922,344,2034,0,0,354,2927,31,513,354,3440,California
Sutter,2021-01-17,26,3982,24,1946,2,2036,0,0,10,2921,16,529,10,3450,California
Sutter,2021-01-18,116,4098,61,2007,55,2091,0,0,69,2943,47,576,69,3519,California
Sutter,2021-01-19,104,4202,43,2050,61,2152,0,0,79,2997,25,601,79,3598,California
Sutter,2021-01-20,254,4456,190,2240,64,2216,0,0,234,3211,20,621,234,3832,California
Sutter,2021-01-21,435,4891,267,2507,168,2384,0,0,416,3608,19,640,416,4248,California
Sutter,2021-01-22,269,5160,82,2589,187,2571,0,0,260,3859,9,649,260,4508,California
Sutter,2021-01-23,396,5556,40,2629,356,2927,0,0,370,4203,26,675,370,4878,California
Sutter,2021-01-24,17,5573,14,2643,3,2930,0,0,15,4216,2,677,15,4893,California
Sutter,2021-01-25,304,5877,196,2839,108,3038,0,0,151,4215,152,829,151,5044,California
Sutter,2021-01-26,243,6120,103,2942,140,3178,0,0,145,4263,97,926,145,5189,California
Sutter,2021-01-27,384,6504,254,3196,130,3308,0,0,319,4517,65,991,319,5508,California
Sutter,2021-01-28,522,7026,299,3495,223,3531,0,0,392,4780,129,1120,392,5900,California
Sutter,2021-01-29,416,7442,144,3639,272,3803,0,0,252,4868,164,1284,252,6152,California
Sutter,2021-01-30,775,8217,39,3678,736,4539,0,0,764,5621,11,1295,764,6916,California
Sutter,2021-01-31,27,8244,27,3705,0,4539,0,0,27,5648,0,1295,27,6943,California
Sutter,2021-02-01,164,8408,49,3754,115,4654,0,0,133,5750,31,1326,133,7076,California
Sutter,2021-02-02,241,8649,26,3780,215,4869,0,0,211,5931,30,1356,211,7287,California
Sutter,2021-02-03,443,9092,38,3818,405,5274,0,0,208,5904,235,1591,208,7495,California
Sutter,2021-02-04,670,9762,367,4185,303,5577,0,0,620,6474,50,1641,620,8115,California
Sutter,2021-02-05,284,10046,32,4217,252,5829,0,0,134,6458,150,1791,134,8249,California
Sutter,2021-02-06,733,10779,27,4244,706,6535,0,0,713,7151,20,1811,713,8962,California
Sutter,2021-02-07,23,10802,20,4264,3,6538,0,0,19,7166,4,1815,19,8981,California
Sutter,2021-02-08,134,10936,29,4293,105,6643,0,0,98,7228,36,1851,98,9079,California
Sutter,2021-02-09,245,11181,45,4338,200,6843,0,0,184,7351,61,1912,184,9263,California
Sutter,2021-02-10,800,11981,379,4717,421,7264,0,0,175,6902,624,2536,175,9438,California
Sutter,2021-02-11,601,12582,272,4989,329,7593,0,0,372,7045,229,2765,372,9810,California
Sutter,2021-02-12,627,13209,67,5056,560,8153,0,0,311,7040,316,3081,311,10121,California
Sutter,2021-02-13,897,14106,49,5105,848,9001,0,0,781,7705,116,3197,781,10902,California
Sutter,2021-02-14,91,14197,25,5130,66,9067,0,0,81,7776,10,3207,81,10983,California
Sutter,2021-02-15,198,14395,72,5202,126,9193,0,0,121,7820,77,3284,121,11104,California
Sutter,2021-02-16,288,14683,45,5247,243,9436,0,0,205,7943,82,3366,205,11309,California
Sutter,2021-02-17,827,15510,430,5677,397,9833,0,0,128,7372,699,4065,128,11437,California
Sutter,2021-02-18,694,16204,50,5727,644,10477,0,0,484,7647,209,4274,484,11921,California
Sutter,2021-02-19,661,16865,377,6104,284,10761,0,0,461,7910,198,4472,461,12382,California
Sutter,2021-02-20,615,17480,52,6156,563,11324,0,0,512,8319,103,4575,512,12894,California
Sutter,2021-02-21,29,17509,26,6182,3,11327,0,0,6,8302,23,4598,6,12900,California
Sutter,2021-02-22,207,17716,123,6305,84,11411,0,0,87,8269,120,4718,87,12987,California
Sutter,2021-02-23,221,17937,32,6337,189,11600,0,0,97,8242,124,4842,97,13084,California
Sutter,2021-02-24,956,18893,348,6685,608,12208,0,0,189,7665,766,5608,189,13273,California
Sutter,2021-02-25,768,19661,486,7171,282,12490,0,0,589,8078,176,5784,589,13862,California
Sutter,2021-02-26,365,20026,58,7229,307,12797,0,0,151,8017,212,5996,151,14013,California
Sutter,2021-02-27,863,20889,43,7272,820,13617,0,0,709,8570,156,6152,709,14722,California
Sutter,2021-02-28,82,20971,37,7309,45,13662,0,0,65,8618,17,6169,65,14787,California
Sutter,2021-03-01,246,21217,60,7369,186,13848,0,0,150,8672,96,6265,150,14937,California
Sutter,2021-03-02,333,21550,56,7425,277,14125,0,0,160,8660,172,6437,160,15097,California
Sutter,2021-03-03,1371,22921,502,7927,869,14994,0,0,635,8565,730,7167,635,15732,California
Sutter,2021-03-04,1248,24169,860,8787,388,15382,0,0,947,9215,297,7464,947,16679,California
Sutter,2021-03-05,333,24502,75,8862,257,15639,1,1,201,9286,131,7595,202,16881,California
Sutter,2021-03-06,1025,25527,45,8907,975,16614,5,6,864,9994,161,7756,869,17750,California
Sutter,2021-03-07,63,25590,23,8930,39,16653,1,7,43,10018,20,7776,44,17794,California
Sutter,2021-03-08,225,25815,77,9007,135,16788,13,20,156,10118,69,7845,169,17963,California
Sutter,2021-03-09,383,26198,133,9140,237,17025,13,33,180,10109,202,8047,193,18156,California
Sutter,2021-03-10,1564,27762,679,9819,824,17849,61,94,522,9653,1039,9086,583,18739,California
Sutter,2021-03-11,890,28652,437,10256,434,18283,19,113,644,10073,243,9329,663,19402,California
Sutter,2021-03-12,667,29319,108,10364,377,18660,182,295,195,9979,469,9798,375,19777,California
Sutter,2021-03-13,981,30300,750,11114,214,18874,17,312,783,10583,196,9994,800,20577,California
Sutter,2021-03-14,127,30427,20,11134,96,18970,11,323,41,10549,86,10080,52,20629,California
Sutter,2021-03-15,318,30745,66,11200,203,19173,49,372,150,10581,167,10247,199,20828,California
Sutter,2021-03-16,385,31130,86,11286,253,19426,46,418,208,10658,177,10424,254,21082,California
Sutter,2021-03-17,1474,32604,551,11837,904,20330,19,437,303,9817,1163,11587,322,21404,California
Sutter,2021-03-18,957,33561,163,12000,597,20927,197,634,572,10201,384,11971,768,22172,California
Sutter,2021-03-19,460,34021,163,12163,268,21195,29,663,283,10338,175,12146,312,22484,California
Sutter,2021-03-20,947,34968,115,12278,821,22016,11,674,860,11122,87,12233,871,23355,California
Sutter,2021-03-21,64,35032,46,12324,15,22031,3,677,35,11131,29,12262,38,23393,California
Sutter,2021-03-22,289,35321,122,12446,141,22172,26,703,213,11294,76,12338,239,23632,California
Sutter,2021-03-23,350,35671,117,12563,201,22373,32,735,238,11452,112,12450,270,23902,California
Sutter,2021-03-24,1623,37294,718,13281,836,23209,69,804,313,10536,1298,13748,382,24284,California
Sutter,2021-03-25,1012,38306,669,13950,302,23511,41,845,354,10275,656,14404,395,24679,California
Sutter,2021-03-26,482,38788,173,14123,292,23803,17,862,293,10399,186,14590,310,24989,California
Sutter,2021-03-27,930,39718,63,14186,865,24668,2,864,820,11115,106,14696,822,25811,California
Sutter,2021-03-28,126,39844,71,14257,55,24723,0,864,78,11147,46,14742,78,25889,California
Sutter,2021-03-29,423,40267,141,14398,227,24950,55,919,226,11233,195,14937,281,26170,California
Sutter,2021-03-30,474,40741,158,14556,306,25256,10,929,317,11403,157,15094,327,26497,California
Sutter,2021-03-31,1232,41973,174,14730,1041,26297,17,946,453,11102,770,15864,469,26966,California
Sutter,2021-04-01,1361,43334,720,15450,454,26751,187,1133,407,10748,949,16813,595,27561,California
Sutter,2021-04-02,489,43823,93,15543,294,27045,102,1235,200,10759,288,17101,299,27860,California
Sutter,2021-04-03,915,44738,77,15620,209,27254,629,1864,121,10717,792,17893,750,28610,California
Sutter,2021-04-04,117,44855,22,15642,89,27343,6,1870,56,10718,61,17954,62,28672,California
Sutter,2021-04-05,364,45219,142,15784,186,27529,36,1906,174,10741,187,18141,210,28882,California
Sutter,2021-04-06,483,45702,190,15974,237,27766,56,1962,254,10823,228,18369,310,29192,California
Sutter,2021-04-07,1476,47178,870,16844,531,28297,75,2037,614,10657,855,19224,689,29881,California
Sutter,2021-04-08,1028,48206,579,17423,341,28638,108,2145,564,10870,457,19681,670,30551,California
Sutter,2021-04-09,550,48756,244,17667,243,28881,63,2208,230,10845,318,19999,293,30844,California
Sutter,2021-04-10,822,49578,106,17773,88,28969,628,2836,102,10852,717,20716,724,31568,California
Sutter,2021-04-11,110,49688,26,17799,40,29009,44,2880,30,10845,80,20796,73,31641,California
Sutter,2021-04-12,330,50018,92,17891,187,29196,51,2931,138,10842,192,20988,189,31830,California
Sutter,2021-04-13,399,50417,108,17999,291,29487,0,2931,198,10842,198,21186,198,32028,California
Sutter,2021-04-14,1244,51661,133,18132,1110,30597,1,2932,204,10014,1034,22220,206,32234,California
Sutter,2021-04-15,414,52075,156,18288,258,30855,0,2932,149,9900,263,22483,149,32383,California
Sutter,2021-04-16,352,52427,103,18391,249,31104,0,2932,157,9864,193,22676,157,32540,California
Sutter,2021-04-17,575,53002,82,18473,493,31597,0,2932,510,10310,64,22740,510,33050,California
Sutter,2021-04-18,27,53029,4,18477,23,31620,0,2932,10,10304,16,22756,10,33060,California
Tehama,2020-12-15,1,1,1,1,0,0,0,0,1,1,0,0,1,1,California
Tehama,2020-12-16,2,3,2,3,0,0,0,0,2,3,0,0,2,3,California
Tehama,2020-12-17,12,15,12,15,0,0,0,0,12,15,0,0,12,15,California
Tehama,2020-12-18,2,17,2,17,0,0,0,0,3,18,0,0,3,18,California
Tehama,2020-12-21,33,50,33,50,0,0,0,0,33,51,0,0,33,51,California
Tehama,2020-12-22,68,118,62,112,6,6,0,0,68,119,0,0,68,119,California
Tehama,2020-12-23,48,166,40,152,8,14,0,0,48,167,0,0,48,167,California
Tehama,2020-12-24,5,171,3,155,2,16,0,0,5,172,0,0,5,172,California
Tehama,2020-12-26,3,174,2,157,1,17,0,0,3,175,0,0,3,175,California
Tehama,2020-12-27,2,176,2,159,0,17,0,0,2,177,0,0,2,177,California
Tehama,2020-12-28,56,232,43,202,13,30,0,0,56,233,0,0,56,233,California
Tehama,2020-12-29,31,263,31,233,0,30,0,0,31,264,0,0,31,264,California
Tehama,2020-12-30,54,317,38,271,16,46,0,0,53,317,0,0,53,317,California
Tehama,2020-12-31,14,331,4,275,10,56,0,0,14,331,0,0,14,331,California
Tehama,2021-01-01,2,333,0,275,2,58,0,0,2,333,0,0,2,333,California
Tehama,2021-01-04,31,364,8,283,23,81,0,0,31,364,0,0,31,364,California
Tehama,2021-01-05,71,435,44,327,27,108,0,0,68,429,3,3,68,432,California
Tehama,2021-01-06,71,506,21,348,50,158,0,0,62,483,8,11,62,494,California
Tehama,2021-01-07,56,562,7,355,49,207,0,0,55,537,1,12,55,549,California
Tehama,2021-01-08,30,592,24,379,6,213,0,0,25,557,5,17,25,574,California
Tehama,2021-01-09,7,599,5,384,2,215,0,0,5,560,2,19,5,579,California
Tehama,2021-01-10,1,600,0,384,1,216,0,0,1,561,0,19,1,580,California
Tehama,2021-01-11,47,647,46,430,1,217,0,0,14,542,33,52,14,594,California
Tehama,2021-01-12,116,763,96,526,20,237,0,0,71,568,45,97,71,665,California
Tehama,2021-01-13,72,835,55,581,17,254,0,0,26,548,46,143,26,691,California
Tehama,2021-01-14,224,1059,50,631,174,428,0,0,222,768,2,145,222,913,California
Tehama,2021-01-15,246,1305,74,705,172,600,0,0,242,1006,4,149,242,1155,California
Tehama,2021-01-16,272,1577,27,732,245,845,0,0,269,1272,3,152,269,1424,California
Tehama,2021-01-17,13,1590,9,741,4,849,0,0,11,1281,2,154,11,1435,California
Tehama,2021-01-18,10,1600,6,747,4,853,0,0,5,1281,5,159,5,1440,California
Tehama,2021-01-19,288,1888,62,809,226,1079,0,0,233,1459,55,214,233,1673,California
Tehama,2021-01-20,301,2189,87,896,214,1293,0,0,251,1661,49,263,251,1924,California
Tehama,2021-01-21,214,2403,11,907,203,1496,0,0,204,1855,10,273,204,2128,California
Tehama,2021-01-22,214,2617,12,919,202,1698,0,0,211,2063,3,276,211,2339,California
Tehama,2021-01-23,261,2878,10,929,251,1949,0,0,260,2322,1,277,260,2599,California
Tehama,2021-01-25,30,2908,13,942,17,1966,0,0,13,2318,17,294,13,2612,California
Tehama,2021-01-26,325,3233,43,985,282,2248,0,0,287,2567,38,332,287,2899,California
Tehama,2021-01-27,299,3532,21,1006,278,2526,0,0,279,2826,20,352,279,3178,California
Tehama,2021-01-28,340,3872,29,1035,311,2837,0,0,325,3136,15,367,325,3503,California
Tehama,2021-01-29,321,4193,19,1054,302,3139,0,0,304,3423,17,384,304,3807,California
Tehama,2021-01-30,102,4295,2,1056,100,3239,0,0,101,3523,1,385,101,3908,California
Tehama,2021-01-31,1,4296,0,1056,1,3240,0,0,1,3524,0,385,1,3909,California
Tehama,2021-02-01,77,4373,22,1078,55,3295,0,0,36,3519,41,426,36,3945,California
Tehama,2021-02-02,343,4716,63,1141,280,3575,0,0,246,3671,94,520,246,4191,California
Tehama,2021-02-03,375,5091,12,1153,363,3938,0,0,331,3958,44,564,331,4522,California
Tehama,2021-02-04,463,5554,99,1252,364,4302,0,0,384,4264,79,643,385,4907,California
Tehama,2021-02-05,162,5716,73,1325,89,4391,0,0,103,4308,59,702,103,5010,California
Tehama,2021-02-06,28,5744,13,1338,15,4406,0,0,16,4312,12,714,16,5026,California
Tehama,2021-02-07,5,5749,4,1342,1,4407,0,0,2,4311,3,717,2,5028,California
Tehama,2021-02-08,35,5784,14,1356,21,4428,0,0,27,4330,8,725,27,5055,California
Tehama,2021-02-09,76,5860,33,1389,43,4471,0,0,42,4338,34,759,42,5097,California
Tehama,2021-02-10,233,6093,62,1451,171,4642,0,0,158,4421,75,834,158,5255,California
Tehama,2021-02-11,219,6312,16,1467,203,4845,0,0,80,4364,137,971,80,5335,California
Tehama,2021-02-12,355,6667,57,1524,298,5143,0,0,174,4357,181,1152,174,5509,California
Tehama,2021-02-13,386,7053,13,1537,373,5516,0,0,147,4265,239,1391,147,5656,California
Tehama,2021-02-14,33,7086,0,1537,33,5549,0,0,32,4296,1,1392,32,5688,California
Tehama,2021-02-15,51,7137,9,1546,42,5591,0,0,45,4335,6,1398,45,5733,California
Tehama,2021-02-16,240,7377,16,1562,224,5815,0,0,58,4211,182,1580,58,5791,California
Tehama,2021-02-17,279,7656,11,1573,268,6083,0,0,53,4038,226,1806,53,5844,California
Tehama,2021-02-18,368,8024,32,1605,336,6419,0,0,144,3958,224,2030,144,5988,California
Tehama,2021-02-19,213,8237,18,1623,195,6614,0,0,42,3829,171,2201,42,6030,California
Tehama,2021-02-20,271,8508,6,1629,265,6879,0,0,26,3610,245,2446,26,6056,California
Tehama,2021-02-22,36,8544,13,1642,23,6902,0,0,24,3622,12,2458,24,6080,California
Tehama,2021-02-23,46,8590,19,1661,27,6929,0,0,26,3628,20,2478,26,6106,California
Tehama,2021-02-24,299,8889,12,1673,287,7216,0,0,26,3381,273,2751,26,6132,California
Tehama,2021-02-25,377,9266,61,1734,316,7532,0,0,37,3078,340,3091,37,6169,California
Tehama,2021-02-26,454,9720,19,1753,435,7967,0,0,70,2764,384,3475,70,6239,California
Tehama,2021-02-27,294,10014,5,1758,289,8256,0,0,34,2538,260,3735,34,6273,California
Tehama,2021-02-28,23,10037,2,1760,21,8277,0,0,20,2555,3,3738,20,6293,California
Tehama,2021-03-01,62,10099,8,1768,54,8331,0,0,28,2549,34,3772,28,6321,California
Tehama,2021-03-02,119,10218,17,1785,102,8433,0,0,29,2488,90,3862,29,6350,California
Tehama,2021-03-03,131,10349,33,1818,98,8531,0,0,48,2453,83,3945,48,6398,California
Tehama,2021-03-04,588,10937,22,1840,566,9097,0,0,218,2307,364,4309,218,6616,California
Tehama,2021-03-05,384,11321,18,1858,366,9463,0,0,214,2352,169,4478,214,6830,California
Tehama,2021-03-06,295,11616,17,1875,278,9741,0,0,80,2219,214,4692,81,6911,California
Tehama,2021-03-07,5,11621,1,1876,4,9745,0,0,3,2221,1,4693,3,6914,California
Tehama,2021-03-08,57,11678,12,1888,30,9775,15,15,26,2232,30,4723,41,6955,California
Tehama,2021-03-09,360,12038,5,1893,336,10111,19,34,305,2501,55,4778,324,7279,California
Tehama,2021-03-10,349,12387,11,1904,317,10428,21,55,68,2310,280,5058,89,7368,California
Tehama,2021-03-11,481,12868,14,1918,421,10849,46,101,339,2553,142,5200,385,7753,California
Tehama,2021-03-12,289,13157,17,1935,207,11056,65,166,165,2659,124,5324,230,7983,California
Tehama,2021-03-13,45,13202,8,1943,31,11087,6,172,6,2632,39,5363,12,7995,California
Tehama,2021-03-14,43,13245,3,1946,29,11116,11,183,2,2604,41,5404,13,8008,California
Tehama,2021-03-15,154,13399,21,1967,113,11229,20,203,87,2644,67,5471,107,8115,California
Tehama,2021-03-16,402,13801,14,1981,350,11579,38,241,303,2887,98,5569,341,8456,California
Tehama,2021-03-17,415,14216,22,2003,361,11940,32,273,330,3166,83,5652,362,8818,California
Tehama,2021-03-18,482,14698,25,2028,433,12373,24,297,304,3318,176,5828,328,9146,California
Tehama,2021-03-19,302,15000,23,2051,266,12639,13,310,260,3549,42,5870,273,9419,California
Tehama,2021-03-20,41,15041,8,2059,31,12670,2,312,29,3568,12,5882,31,9450,California
Tehama,2021-03-21,12,15053,5,2064,7,12677,0,312,12,3580,0,5882,12,9462,California
Tehama,2021-03-22,90,15143,7,2071,66,12743,17,329,49,3605,41,5923,66,9528,California
Tehama,2021-03-23,85,15228,24,2095,54,12797,7,336,66,3659,19,5942,73,9601,California
Tehama,2021-03-24,83,15311,15,2110,65,12862,3,339,53,3685,30,5972,56,9657,California
Tehama,2021-03-25,501,15812,340,2450,148,13010,13,352,454,4106,47,6019,468,10125,California
Tehama,2021-03-26,463,16275,355,2805,96,13106,12,364,388,4431,75,6094,400,10525,California
Tehama,2021-03-27,436,16711,347,3152,68,13174,21,385,373,4763,62,6156,394,10919,California
Tehama,2021-03-28,34,16745,13,3165,21,13195,0,385,22,4773,12,6168,22,10941,California
Tehama,2021-03-29,119,16864,30,3195,89,13284,0,385,75,4805,43,6211,75,11016,California
Tehama,2021-03-30,353,17217,205,3400,146,13430,2,387,239,4932,114,6325,241,11257,California
Tehama,2021-03-31,377,17594,276,3676,98,13528,3,390,303,5165,73,6398,306,11563,California
Tehama,2021-04-01,512,18106,237,3913,269,13797,6,396,381,5421,131,6529,387,11950,California
Tehama,2021-04-02,442,18548,204,4117,232,14029,6,402,257,5499,185,6714,263,12213,California
Tehama,2021-04-03,61,18609,3,4120,53,14082,5,407,30,5503,31,6745,35,12248,California
Tehama,2021-04-04,34,18643,6,4126,27,14109,1,408,22,5514,12,6757,23,12271,California
Tehama,2021-04-05,114,18757,20,4146,68,14177,26,434,59,5544,55,6812,85,12356,California
Tehama,2021-04-06,480,19237,105,4251,324,14501,51,485,133,5381,347,7159,184,12540,California
Tehama,2021-04-07,417,19654,279,4530,94,14595,44,529,304,5617,111,7270,347,12887,California
Tehama,2021-04-08,595,20249,172,4702,385,14980,38,567,228,5517,366,7636,266,13153,California
Tehama,2021-04-09,389,20638,170,4872,188,15168,31,598,198,5557,189,7825,229,13382,California
Tehama,2021-04-10,73,20711,9,4881,37,15205,27,625,39,5589,34,7859,66,13448,California
Tehama,2021-04-11,25,20736,7,4888,7,15212,11,636,8,5591,17,7876,19,13467,California
Tehama,2021-04-12,101,20837,5,4893,79,15291,17,653,41,5589,60,7936,58,13525,California
Tehama,2021-04-13,288,21125,52,4945,235,15526,1,654,58,5418,230,8166,59,13584,California
Tehama,2021-04-14,420,21545,44,4989,376,15902,0,654,53,5104,367,8533,53,13637,California
Tehama,2021-04-15,450,21995,164,5153,286,16188,0,654,82,4820,368,8901,84,13721,California
Tehama,2021-04-16,557,22552,311,5464,246,16434,0,654,103,4469,454,9355,103,13824,California
Tehama,2021-04-17,348,22900,267,5731,81,16515,0,654,54,4230,293,9648,54,13878,California
Tehama,2021-04-18,11,22911,0,5731,11,16526,0,654,11,4241,0,9648,11,13889,California
Trinity,2020-12-17,4,4,4,4,0,0,0,0,4,4,0,0,4,4,California
Trinity,2020-12-18,2,6,2,6,0,0,0,0,2,6,0,0,2,6,California
Trinity,2020-12-21,38,44,38,44,0,0,0,0,38,44,0,0,38,44,California
Trinity,2020-12-22,5,49,5,49,0,0,0,0,5,49,0,0,5,49,California
Trinity,2020-12-23,5,54,5,54,0,0,0,0,5,54,0,0,5,54,California
Trinity,2020-12-28,30,84,30,84,0,0,0,0,30,84,0,0,30,84,California
Trinity,2020-12-29,8,92,7,91,1,1,0,0,8,92,0,0,8,92,California
Trinity,2020-12-30,10,102,8,99,2,3,0,0,10,102,0,0,10,102,California
Trinity,2020-12-31,2,104,1,100,1,4,0,0,2,104,0,0,2,104,California
Trinity,2021-01-04,27,131,0,100,27,31,0,0,26,130,0,0,26,130,California
Trinity,2021-01-05,2,133,1,101,1,32,0,0,2,132,0,0,2,132,California
Trinity,2021-01-06,23,156,4,105,19,51,0,0,19,147,4,4,19,151,California
Trinity,2021-01-08,49,205,2,107,47,98,0,0,48,193,2,6,48,199,California
Trinity,2021-01-11,39,244,38,145,1,99,0,0,2,158,37,43,2,201,California
Trinity,2021-01-12,9,253,7,152,2,101,0,0,4,157,5,48,4,205,California
Trinity,2021-01-13,7,260,4,156,3,104,0,0,4,158,3,51,4,209,California
Trinity,2021-01-14,3,263,1,157,2,106,0,0,3,161,0,51,3,212,California
Trinity,2021-01-16,4,267,0,157,4,110,0,0,4,165,0,51,4,216,California
Trinity,2021-01-18,31,298,31,188,0,110,0,0,1,136,30,81,1,217,California
Trinity,2021-01-19,31,329,14,202,17,127,0,0,17,139,14,95,17,234,California
Trinity,2021-01-20,19,348,3,205,16,143,0,0,17,154,2,97,17,251,California
Trinity,2021-01-21,17,365,7,212,10,153,0,0,17,171,0,97,17,268,California
Trinity,2021-01-22,5,370,1,213,4,157,0,0,5,176,0,97,5,273,California
Trinity,2021-01-23,7,377,3,216,4,161,0,0,7,183,0,97,7,280,California
Trinity,2021-01-25,14,391,1,217,13,174,0,0,13,195,1,98,13,293,California
Trinity,2021-01-26,10,401,1,218,9,183,0,0,9,203,1,99,9,302,California
Trinity,2021-01-27,12,413,0,218,12,195,0,0,12,215,0,99,12,314,California
Trinity,2021-01-28,13,426,3,221,10,205,0,0,10,222,3,102,10,324,California
Trinity,2021-01-29,3,429,1,222,2,207,0,0,2,223,1,103,2,326,California
Trinity,2021-01-30,12,441,11,233,1,208,0,0,12,235,0,103,12,338,California
Trinity,2021-02-01,2,443,1,234,1,209,0,0,1,235,1,104,1,339,California
Trinity,2021-02-02,13,456,3,237,10,219,0,0,13,248,0,104,13,352,California
Trinity,2021-02-03,6,462,1,238,5,224,0,0,3,248,3,107,3,355,California
Trinity,2021-02-04,36,498,32,270,4,228,0,0,34,280,2,109,34,389,California
Trinity,2021-02-05,348,846,0,270,348,576,0,0,318,568,30,139,318,707,California
Trinity,2021-02-06,209,1055,5,275,204,780,0,0,202,763,7,146,202,909,California
Trinity,2021-02-07,1,1056,0,275,1,781,0,0,1,764,0,146,1,910,California
Trinity,2021-02-08,23,1079,0,275,23,804,0,0,15,771,8,154,15,925,California
Trinity,2021-02-09,21,1100,2,277,19,823,0,0,6,762,15,169,6,931,California
Trinity,2021-02-10,123,1223,10,287,113,936,0,0,103,845,20,189,103,1034,California
Trinity,2021-02-11,335,1558,2,289,333,1269,0,0,329,1168,6,195,329,1363,California
Trinity,2021-02-12,9,1567,6,295,3,1272,0,0,9,1177,0,195,9,1372,California
Trinity,2021-02-13,12,1579,5,300,7,1279,0,0,5,1175,7,202,5,1377,California
Trinity,2021-02-14,2,1581,2,302,0,1279,0,0,2,1177,0,202,2,1379,California
Trinity,2021-02-15,46,1627,0,302,46,1325,0,0,46,1223,0,202,46,1425,California
Trinity,2021-02-16,7,1634,2,304,5,1330,0,0,4,1224,3,205,4,1429,California
Trinity,2021-02-17,94,1728,2,306,92,1422,0,0,84,1298,10,215,84,1513,California
Trinity,2021-02-18,4,1732,0,306,4,1426,0,0,1,1296,3,218,1,1514,California
Trinity,2021-02-19,210,1942,2,308,208,1634,0,0,197,1480,13,231,197,1711,California
Trinity,2021-02-20,141,2083,14,322,127,1761,0,0,113,1565,28,259,113,1824,California
Trinity,2021-02-22,3,2086,0,322,3,1764,0,0,0,1562,3,262,0,1824,California
Trinity,2021-02-23,8,2094,4,326,4,1768,0,0,3,1560,5,267,3,1827,California
Trinity,2021-02-24,30,2124,8,334,22,1790,0,0,7,1544,23,290,7,1834,California
Trinity,2021-02-25,36,2160,23,357,13,1803,0,0,5,1518,31,321,5,1839,California
Trinity,2021-02-26,11,2171,1,358,10,1813,0,0,5,1517,6,327,5,1844,California
Trinity,2021-02-27,9,2180,7,365,2,1815,0,0,4,1516,5,332,4,1848,California
Trinity,2021-03-01,8,2188,0,365,8,1823,0,0,5,1518,3,335,5,1853,California
Trinity,2021-03-02,8,2196,3,368,5,1828,0,0,1,1512,7,342,1,1854,California
Trinity,2021-03-03,5,2201,0,368,5,1833,0,0,4,1515,1,343,4,1858,California
Trinity,2021-03-04,15,2216,10,378,5,1838,0,0,13,1526,2,345,13,1871,California
Trinity,2021-03-05,298,2514,1,379,297,2135,0,0,35,1302,259,604,35,1906,California
Trinity,2021-03-06,186,2700,6,385,180,2315,0,0,20,1156,166,770,20,1926,California
Trinity,2021-03-07,3,2703,3,388,0,2315,0,0,2,1157,1,771,2,1928,California
Trinity,2021-03-08,3,2706,0,388,2,2317,1,1,1,1157,2,773,2,1930,California
Trinity,2021-03-09,93,2799,0,388,91,2408,2,3,89,1244,4,777,91,2021,California
Trinity,2021-03-10,127,2926,3,391,121,2529,3,6,38,1196,89,866,41,2062,California
Trinity,2021-03-11,7,2933,3,394,2,2531,2,8,3,1197,4,870,5,2067,California
Trinity,2021-03-12,335,3268,2,396,327,2858,6,14,45,958,290,1160,51,2118,California
Trinity,2021-03-13,13,3281,8,404,3,2861,2,16,8,963,5,1165,10,2128,California
Trinity,2021-03-15,66,3347,0,404,65,2926,1,17,14,926,52,1217,15,2143,California
Trinity,2021-03-16,114,3461,6,410,108,3034,0,17,100,1012,14,1231,100,2243,California
Trinity,2021-03-17,100,3561,3,413,97,3131,0,17,26,964,74,1305,26,2269,California
Trinity,2021-03-18,10,3571,2,415,5,3136,3,20,5,967,5,1310,8,2277,California
Trinity,2021-03-19,359,3930,5,420,246,3382,108,128,28,772,331,1641,136,2413,California
Trinity,2021-03-20,103,4033,7,427,96,3478,0,128,68,805,35,1676,68,2481,California
Trinity,2021-03-21,3,4036,0,427,2,3480,1,129,2,807,1,1677,3,2484,California
Trinity,2021-03-22,2,4038,0,427,2,3482,0,129,2,809,0,1677,2,2486,California
Trinity,2021-03-23,96,4134,1,428,95,3577,0,129,79,871,17,1694,79,2565,California
Trinity,2021-03-24,9,4143,1,429,8,3585,0,129,9,880,0,1694,9,2574,California
Trinity,2021-03-25,105,4248,6,435,93,3678,6,135,82,945,23,1717,88,2662,California
Trinity,2021-03-26,15,4263,2,437,13,3691,0,135,9,948,6,1723,9,2671,California
Trinity,2021-03-27,15,4278,3,440,3,3694,9,144,5,952,10,1733,14,2685,California
Trinity,2021-03-28,6,4284,4,444,2,3696,0,144,1,948,5,1738,1,2686,California
Trinity,2021-03-29,4,4288,0,444,4,3700,0,144,1,946,3,1741,1,2687,California
Trinity,2021-03-30,75,4363,4,448,71,3771,0,144,67,1005,8,1749,67,2754,California
Trinity,2021-03-31,56,4419,5,453,19,3790,32,176,21,1022,35,1784,52,2806,California
Trinity,2021-04-01,38,4457,11,464,16,3806,11,187,19,1033,19,1803,30,2836,California
Trinity,2021-04-02,163,4620,6,470,83,3889,74,261,69,1083,93,1896,143,2979,California
Trinity,2021-04-03,19,4639,14,484,5,3894,0,261,9,1082,10,1906,9,2988,California
Trinity,2021-04-04,10,4649,8,492,2,3896,0,261,10,1092,0,1906,10,2998,California
Trinity,2021-04-05,58,4707,6,498,51,3947,1,262,54,1143,4,1910,55,3053,California
Trinity,2021-04-06,109,4816,12,510,94,4041,3,265,22,1081,87,1997,25,3078,California
Trinity,2021-04-07,21,4837,12,522,4,4045,5,270,14,1093,7,2004,19,3097,California
Trinity,2021-04-08,86,4923,10,532,74,4119,2,272,50,1109,36,2040,52,3149,California
Trinity,2021-04-09,116,5039,20,552,91,4210,5,277,84,1166,32,2072,89,3238,California
Trinity,2021-04-10,11,5050,7,559,4,4214,0,277,10,1175,1,2073,10,3248,California
Trinity,2021-04-11,8,5058,5,564,1,4215,2,279,4,1177,4,2077,6,3254,California
Trinity,2021-04-12,77,5135,5,569,71,4286,1,280,64,1229,12,2089,64,3318,California
Trinity,2021-04-13,96,5231,4,573,92,4378,0,280,10,1153,86,2175,10,3328,California
Trinity,2021-04-14,12,5243,7,580,5,4383,0,280,8,1157,4,2179,8,3336,California
Trinity,2021-04-15,15,5258,13,593,2,4385,0,280,9,1160,6,2185,9,3345,California
Trinity,2021-04-16,105,5363,9,602,96,4481,0,280,42,1139,63,2248,42,3387,California
Trinity,2021-04-17,8,5371,4,606,4,4485,0,280,7,1145,1,2249,7,3394,California
Trinity,2021-04-18,1,5372,1,607,0,4485,0,280,0,1145,0,2249,0,3394,California
Tulare,2020-12-16,3,3,3,3,0,0,0,0,3,3,0,0,3,3,California
Tulare,2020-12-17,110,113,110,113,0,0,0,0,110,113,0,0,110,113,California
Tulare,2020-12-18,290,403,290,403,0,0,0,0,290,403,0,0,290,403,California
Tulare,2020-12-19,327,730,327,730,0,0,0,0,327,730,0,0,327,730,California
Tulare,2020-12-20,167,897,166,896,1,1,0,0,167,897,0,0,167,897,California
Tulare,2020-12-21,422,1319,422,1318,0,1,0,0,442,1339,0,0,442,1339,California
Tulare,2020-12-22,469,1788,467,1785,2,3,0,0,468,1807,0,0,468,1807,California
Tulare,2020-12-23,328,2116,320,2105,8,11,0,0,326,2133,0,0,326,2133,California
Tulare,2020-12-24,18,2134,16,2121,2,13,0,0,18,2151,0,0,18,2151,California
Tulare,2020-12-26,8,2142,7,2128,1,14,0,0,8,2159,0,0,8,2159,California
Tulare,2020-12-27,16,2158,12,2140,4,18,0,0,16,2175,0,0,16,2175,California
Tulare,2020-12-28,483,2641,471,2611,12,30,0,0,482,2657,0,0,482,2657,California
Tulare,2020-12-29,545,3186,478,3089,67,97,0,0,545,3202,0,0,545,3202,California
Tulare,2020-12-30,473,3659,434,3523,39,136,0,0,473,3675,0,0,473,3675,California
Tulare,2020-12-31,94,3753,22,3545,72,208,0,0,94,3769,0,0,94,3769,California
Tulare,2021-01-01,1,3754,0,3545,1,209,0,0,1,3770,0,0,1,3770,California
Tulare,2021-01-02,28,3782,17,3562,11,220,0,0,28,3798,0,0,28,3798,California
Tulare,2021-01-03,23,3805,9,3571,14,234,0,0,23,3821,0,0,23,3821,California
Tulare,2021-01-04,91,3896,16,3587,75,309,0,0,91,3912,0,0,91,3912,California
Tulare,2021-01-05,460,4356,278,3865,182,491,0,0,458,4368,2,2,458,4370,California
Tulare,2021-01-06,866,5222,637,4502,229,720,0,0,856,5214,10,12,856,5226,California
Tulare,2021-01-07,784,6006,586,5088,198,918,0,0,678,5786,106,118,678,5904,California
Tulare,2021-01-08,1262,7268,574,5662,688,1606,0,0,924,6373,337,455,924,6828,California
Tulare,2021-01-09,741,8009,203,5865,538,2144,0,0,554,6740,187,642,554,7382,California
Tulare,2021-01-10,49,8058,43,5908,6,2150,0,0,10,6711,39,681,10,7392,California
Tulare,2021-01-11,1203,9261,766,6674,437,2587,0,0,768,7044,435,1116,768,8160,California
Tulare,2021-01-12,1400,10661,487,7161,913,3500,0,0,993,7632,406,1522,994,9154,California
Tulare,2021-01-13,457,11118,228,7389,229,3729,0,0,382,7939,75,1597,382,9536,California
Tulare,2021-01-14,492,11610,141,7530,351,4080,0,0,466,8390,15,1612,466,10002,California
Tulare,2021-01-15,1618,13228,151,7681,1467,5547,0,0,1609,9990,9,1621,1609,11611,California
Tulare,2021-01-16,1899,15127,114,7795,1785,7332,0,0,1885,11861,14,1635,1885,13496,California
Tulare,2021-01-17,140,15267,121,7916,19,7351,0,0,130,11981,10,1645,130,13626,California
Tulare,2021-01-18,694,15961,661,8577,33,7384,0,0,294,11875,400,2045,294,13920,California
Tulare,2021-01-19,1006,16967,683,9260,323,7707,0,0,578,12025,428,2473,578,14498,California
Tulare,2021-01-20,2376,19343,563,9823,1813,9520,0,0,1991,13631,385,2858,1991,16489,California
Tulare,2021-01-21,1505,20848,150,9973,1355,10875,0,0,1479,15089,21,2879,1479,17968,California
Tulare,2021-01-22,1055,21903,186,10159,869,11744,0,0,1031,16097,23,2902,1031,18999,California
Tulare,2021-01-23,437,22340,156,10315,281,12025,0,0,416,16492,21,2923,416,19415,California
Tulare,2021-01-24,30,22370,27,10342,3,12028,0,0,28,16518,2,2925,28,19443,California
Tulare,2021-01-25,1325,23695,980,11322,345,12373,0,0,1296,17785,29,2954,1296,20739,California
Tulare,2021-01-26,1497,25192,1099,12421,398,12771,0,0,1174,18637,322,3276,1174,21913,California
Tulare,2021-01-27,1455,26647,1070,13491,385,13156,0,0,877,18936,578,3854,877,22790,California
Tulare,2021-01-28,1198,27845,768,14259,430,13586,0,0,802,19342,396,4250,802,23592,California
Tulare,2021-01-29,1128,28973,719,14978,409,13995,0,0,818,19850,310,4560,818,24410,California
Tulare,2021-01-30,1670,30643,1577,16555,93,14088,0,0,1646,21473,24,4584,1647,26057,California
Tulare,2021-01-31,51,30694,47,16602,4,14092,0,0,48,21518,3,4587,48,26105,California
Tulare,2021-02-01,1180,31874,915,17517,265,14357,0,0,831,22001,348,4935,831,26936,California
Tulare,2021-02-02,674,32548,327,17844,347,14704,0,0,443,22216,229,5164,444,27380,California
Tulare,2021-02-03,611,33159,285,18129,326,15030,0,0,335,22277,274,5438,335,27715,California
Tulare,2021-02-04,551,33710,164,18293,387,15417,0,0,266,22259,285,5723,267,27982,California
Tulare,2021-02-05,1229,34939,232,18525,997,16414,0,0,417,21866,810,6533,417,28399,California
Tulare,2021-02-06,835,35774,158,18683,677,17091,0,0,269,21571,564,7097,269,28668,California
Tulare,2021-02-07,78,35852,66,18749,12,17103,0,0,23,21539,55,7152,23,28691,California
Tulare,2021-02-08,941,36793,327,19076,614,17717,0,0,300,21201,638,7790,300,28991,California
Tulare,2021-02-09,1403,38196,326,19402,1077,18794,0,0,360,20523,1038,8828,360,29351,California
Tulare,2021-02-10,2470,40666,1987,21389,483,19277,0,0,2070,22196,397,9225,2070,31421,California
Tulare,2021-02-11,1322,41988,376,21765,946,20223,0,0,938,22750,384,9609,938,32359,California
Tulare,2021-02-12,2778,44766,577,22342,2201,22424,0,0,1217,22413,1554,11163,1217,33576,California
Tulare,2021-02-13,2479,47245,157,22499,2322,24746,0,0,668,21273,1808,12971,668,34244,California
Tulare,2021-02-14,332,47577,36,22535,296,25042,0,0,299,21539,33,13004,299,34543,California
Tulare,2021-02-15,914,48491,291,22826,623,25665,0,0,657,21940,256,13260,657,35200,California
Tulare,2021-02-16,2832,51323,1596,24422,1236,26901,0,0,1080,21268,1752,15012,1080,36280,California
Tulare,2021-02-17,2697,54020,509,24931,2188,29089,0,0,462,19500,2230,17242,462,36742,California
Tulare,2021-02-18,2299,56319,456,25387,1843,30932,0,0,639,18487,1652,18894,639,37381,California
Tulare,2021-02-19,2294,58613,854,26241,1440,32372,0,0,943,18081,1349,20243,943,38324,California
Tulare,2021-02-20,2990,61603,1892,28133,1098,33470,0,0,1270,17636,1715,21958,1270,39594,California
Tulare,2021-02-21,95,61698,91,28224,4,33474,0,0,60,17661,35,21993,60,39654,California
Tulare,2021-02-22,1105,62803,701,28925,404,33878,0,0,212,16981,892,22885,212,39866,California
Tulare,2021-02-23,1944,64747,939,29864,1005,34883,0,0,1455,17948,488,23373,1455,41321,California
Tulare,2021-02-24,2469,67216,1545,31409,924,35807,0,0,2091,19663,377,23750,2092,43413,California
Tulare,2021-02-25,3485,70701,1948,33357,1537,37344,0,0,3069,22320,412,24162,3069,46482,California
Tulare,2021-02-26,3834,74535,1878,35235,1956,39300,0,0,3374,25236,458,24620,3374,49856,California
Tulare,2021-02-27,2893,77428,1386,36621,1507,40807,0,0,2762,27878,120,24740,2762,52618,California
Tulare,2021-02-28,1305,78733,1033,37654,272,41079,0,0,1285,29146,17,24757,1285,53903,California
Tulare,2021-03-01,1736,80469,771,38425,965,42044,0,0,1552,30516,182,24939,1552,55455,California
Tulare,2021-03-02,2673,83142,1187,39612,1486,43530,0,0,2510,32866,161,25100,2511,57966,California
Tulare,2021-03-03,3804,86946,2492,42104,1312,44842,0,0,1856,32778,1946,27046,1858,59824,California
Tulare,2021-03-04,2854,89800,1289,43393,1565,46407,0,0,2541,35009,310,27356,2541,62365,California
Tulare,2021-03-05,3279,93079,1690,45083,1574,47981,15,15,2776,37302,500,27856,2793,65158,California
Tulare,2021-03-06,3057,96136,1432,46515,1566,49547,59,74,2809,39923,245,28101,2866,68024,California
Tulare,2021-03-07,1094,97230,683,47198,390,49937,21,95,1054,40958,40,28141,1075,69099,California
Tulare,2021-03-08,1662,98892,976,48174,518,50455,168,263,1349,42164,310,28451,1516,70615,California
Tulare,2021-03-09,2918,101810,1930,50104,841,51296,147,410,2536,44463,382,28833,2681,73296,California
Tulare,2021-03-10,2787,104597,1383,51487,1229,52525,175,585,2408,46673,371,29204,2581,75877,California
Tulare,2021-03-11,4132,108729,1961,53448,1870,54395,301,886,3195,49235,934,30138,3496,79373,California
Tulare,2021-03-12,4334,113063,2376,55824,1610,56005,348,1234,3065,51390,1260,31398,3415,82788,California
Tulare,2021-03-13,3998,117061,1844,57668,2049,58054,105,1339,3070,53642,923,32321,3175,85963,California
Tulare,2021-03-14,1800,118861,973,58641,608,58662,219,1558,1273,54607,526,32847,1491,87454,California
Tulare,2021-03-15,2697,121558,1581,60222,1001,59663,115,1673,1926,55880,769,33616,2042,89496,California
Tulare,2021-03-16,3406,124964,2106,62328,1223,60886,77,1750,1865,56287,1538,35154,1945,91441,California
Tulare,2021-03-17,3989,128953,2592,64920,1320,62206,77,1827,2252,56892,1731,36885,2336,93777,California
Tulare,2021-03-18,4479,133432,3268,68188,1140,63346,71,1898,2372,57237,2100,38985,2445,96222,California
Tulare,2021-03-19,5020,138452,3293,71481,1531,64877,196,2094,2682,57792,2325,41310,2880,99102,California
Tulare,2021-03-20,4294,142746,2636,74117,1286,66163,372,2466,1991,57862,2296,43606,2366,101468,California
Tulare,2021-03-21,1861,144607,1590,75707,245,66408,26,2492,957,57944,901,44507,983,102451,California
Tulare,2021-03-22,2469,147076,1696,77403,662,67070,111,2603,1650,58894,813,45320,1763,104214,California
Tulare,2021-03-23,3637,150713,2059,79462,1528,68598,50,2653,2014,59352,1612,46932,2070,106284,California
Tulare,2021-03-24,3089,153802,1900,81362,1147,69745,42,2695,1809,59929,1274,48206,1851,108135,California
Tulare,2021-03-25,3373,157175,1730,83092,1469,71214,174,2869,1650,60038,1717,49923,1826,109961,California
Tulare,2021-03-26,5074,162249,3000,86092,1965,73179,109,2978,2470,60032,2585,52508,2579,112540,California
Tulare,2021-03-27,3398,165647,1724,87816,1577,74756,97,3075,920,58577,2471,54979,1016,113556,California
Tulare,2021-03-28,1411,167058,1017,88833,363,75119,31,3106,653,58510,757,55736,690,114246,California
Tulare,2021-03-29,2838,169896,1619,90452,1107,76226,112,3218,1212,58214,1622,57358,1326,115572,California
Tulare,2021-03-30,4526,174422,2576,93028,1720,77946,230,3448,1627,57174,2893,60251,1853,117425,California
Tulare,2021-03-31,3707,178129,2165,95193,1432,79378,110,3558,1526,56639,2173,62424,1638,119063,California
Tulare,2021-04-01,4301,182430,2319,97512,1918,81296,64,3622,1507,55425,2786,65210,1572,120635,California
Tulare,2021-04-02,5131,187561,2916,100428,2097,83393,118,3740,1651,53730,3465,68675,1770,122405,California
Tulare,2021-04-03,3435,190996,2001,102429,1123,84516,311,4051,848,52339,2550,71225,1159,123564,California
Tulare,2021-04-04,1577,192573,1116,103545,454,84970,7,4058,378,51527,1197,72422,385,123949,California
Tulare,2021-04-05,3276,195849,2298,105843,716,85686,262,4320,857,50238,2409,74831,1120,125069,California
Tulare,2021-04-06,3271,199120,1466,107309,1322,87008,483,4803,936,49330,2331,77162,1423,126492,California
Tulare,2021-04-07,3726,202846,1801,109110,1511,88519,414,5217,1231,48479,2488,79650,1637,128129,California
Tulare,2021-04-08,4516,207362,2582,111692,1478,89997,456,5673,1535,47493,2974,82624,1988,130117,California
Tulare,2021-04-09,4297,211659,2657,114349,1228,91225,412,6085,1656,46926,2636,85260,2069,132186,California
Tulare,2021-04-10,3786,215445,2037,116386,1434,92659,315,6400,1033,45526,2746,88006,1346,133532,California
Tulare,2021-04-11,1575,217020,1034,117420,469,93128,72,6472,597,45220,975,88981,669,134201,California
Tulare,2021-04-12,3141,220161,1964,119384,659,93787,518,6990,1055,44724,2070,91051,1574,135775,California
Tulare,2021-04-13,2309,222470,1505,120889,794,94581,10,7000,917,44268,1385,92436,929,136704,California
Tulare,2021-04-14,2345,224815,1338,122227,1007,95588,0,7000,820,43565,1524,93960,821,137525,California
Tulare,2021-04-15,2423,227238,1715,123942,708,96296,0,7000,1213,43574,1204,95164,1213,138738,California
Tulare,2021-04-16,2934,230172,2076,126018,858,97154,0,7000,1317,43283,1608,96772,1317,140055,California
Tulare,2021-04-17,1857,232029,1239,127257,618,97772,0,7000,1088,43606,766,97538,1089,141144,California
Tulare,2021-04-18,1255,233284,974,128231,281,98053,0,7000,731,43817,521,98059,732,141876,California
Tuolumne,2020-12-16,46,46,46,46,0,0,0,0,46,46,0,0,46,46,California
Tuolumne,2020-12-17,22,68,22,68,0,0,0,0,22,68,0,0,22,68,California
Tuolumne,2020-12-18,174,242,173,241,1,1,0,0,174,242,0,0,174,242,California
Tuolumne,2020-12-19,7,249,7,248,0,1,0,0,7,249,0,0,7,249,California
Tuolumne,2020-12-20,1,250,1,249,0,1,0,0,1,250,0,0,1,250,California
Tuolumne,2020-12-21,116,366,102,351,14,15,0,0,116,366,0,0,116,366,California
Tuolumne,2020-12-22,169,535,169,520,0,15,0,0,169,535,0,0,169,535,California
Tuolumne,2020-12-23,193,728,191,711,2,17,0,0,193,728,0,0,193,728,California
Tuolumne,2020-12-26,3,731,3,714,0,17,0,0,3,731,0,0,3,731,California
Tuolumne,2020-12-28,78,809,77,791,1,18,0,0,78,809,0,0,78,809,California
Tuolumne,2020-12-29,111,920,40,831,71,89,0,0,111,920,0,0,111,920,California
Tuolumne,2020-12-30,82,1002,22,853,60,149,0,0,82,1002,0,0,82,1002,California
Tuolumne,2020-12-31,27,1029,20,873,7,156,0,0,27,1029,0,0,27,1029,California
Tuolumne,2021-01-01,6,1035,5,878,1,157,0,0,6,1035,0,0,6,1035,California
Tuolumne,2021-01-02,118,1153,115,993,3,160,0,0,118,1153,0,0,118,1153,California
Tuolumne,2021-01-03,3,1156,2,995,1,161,0,0,3,1156,0,0,3,1156,California
Tuolumne,2021-01-04,70,1226,27,1022,43,204,0,0,70,1226,0,0,70,1226,California
Tuolumne,2021-01-05,95,1321,26,1048,69,273,0,0,93,1317,2,2,93,1319,California
Tuolumne,2021-01-06,112,1433,52,1100,60,333,0,0,68,1341,44,46,68,1387,California
Tuolumne,2021-01-07,119,1552,61,1161,58,391,0,0,65,1352,54,100,65,1452,California
Tuolumne,2021-01-08,177,1729,153,1314,24,415,0,0,26,1230,150,250,28,1480,California
Tuolumne,2021-01-09,2,1731,1,1315,1,416,0,0,1,1231,1,251,2,1482,California
Tuolumne,2021-01-10,3,1734,1,1316,2,418,0,0,3,1234,0,251,3,1485,California
Tuolumne,2021-01-11,116,1850,90,1406,26,444,0,0,33,1184,83,334,33,1518,California
Tuolumne,2021-01-12,103,1953,87,1493,16,460,0,0,17,1116,86,420,18,1536,California
Tuolumne,2021-01-13,239,2192,129,1622,110,570,0,0,185,1248,54,474,186,1722,California
Tuolumne,2021-01-14,129,2321,91,1713,38,608,0,0,42,1204,86,560,42,1764,California
Tuolumne,2021-01-15,475,2796,73,1786,402,1010,0,0,412,1555,62,622,413,2177,California
Tuolumne,2021-01-16,7,2803,3,1789,4,1014,0,0,6,1560,1,623,6,2183,California
Tuolumne,2021-01-17,5,2808,2,1791,3,1017,0,0,5,1565,0,623,5,2188,California
Tuolumne,2021-01-18,47,2855,39,1830,8,1025,0,0,9,1537,37,660,9,2197,California
Tuolumne,2021-01-19,474,3329,72,1902,402,1427,0,0,430,1923,44,704,430,2627,California
Tuolumne,2021-01-20,77,3406,60,1962,17,1444,0,0,24,1894,53,757,24,2651,California
Tuolumne,2021-01-21,56,3462,22,1984,34,1478,0,0,41,1920,15,772,41,2692,California
Tuolumne,2021-01-22,181,3643,13,1997,168,1646,0,0,175,2089,6,778,175,2867,California
Tuolumne,2021-01-23,664,4307,146,2143,518,2164,0,0,551,2537,113,891,561,3428,California
Tuolumne,2021-01-24,523,4830,1,2144,522,2686,0,0,519,3054,3,894,520,3948,California
Tuolumne,2021-01-25,48,4878,27,2171,21,2707,0,0,22,3051,26,920,23,3971,California
Tuolumne,2021-01-26,80,4958,68,2239,12,2719,0,0,40,3052,40,960,41,4012,California
Tuolumne,2021-01-27,61,5019,4,2243,57,2776,0,0,7,3006,53,1013,7,4019,California
Tuolumne,2021-01-28,27,5046,7,2250,20,2796,0,0,18,3015,9,1022,18,4037,California
Tuolumne,2021-01-29,70,5116,6,2256,64,2860,0,0,32,3009,38,1060,32,4069,California
Tuolumne,2021-01-30,710,5826,552,2808,158,3018,0,0,689,3692,21,1081,704,4773,California
Tuolumne,2021-01-31,8,5834,2,2810,6,3024,0,0,5,3694,3,1084,5,4778,California
Tuolumne,2021-02-01,24,5858,6,2816,18,3042,0,0,21,3712,3,1087,21,4799,California
Tuolumne,2021-02-02,649,6507,36,2852,613,3655,0,0,639,4342,9,1096,639,5438,California
Tuolumne,2021-02-03,239,6746,108,2960,131,3786,0,0,85,4273,154,1250,85,5523,California
Tuolumne,2021-02-04,125,6871,13,2973,112,3898,0,0,64,4274,63,1313,64,5587,California
Tuolumne,2021-02-05,100,6971,12,2985,88,3986,0,0,36,4247,63,1376,36,5623,California
Tuolumne,2021-02-06,856,7827,584,3569,272,4258,0,0,853,5097,3,1379,853,6476,California
Tuolumne,2021-02-07,7,7834,4,3573,3,4261,0,0,3,5096,4,1383,3,6479,California
Tuolumne,2021-02-08,91,7925,40,3613,51,4312,0,0,67,5139,24,1407,67,6546,California
Tuolumne,2021-02-09,867,8792,52,3665,815,5127,0,0,829,5930,38,1445,829,7375,California
Tuolumne,2021-02-10,88,8880,14,3679,74,5201,0,0,26,5896,60,1505,26,7401,California
Tuolumne,2021-02-11,139,9019,65,3744,74,5275,0,0,75,5907,64,1569,75,7476,California
Tuolumne,2021-02-12,640,9659,15,3759,625,5900,0,0,201,5671,438,2007,202,7678,California
Tuolumne,2021-02-13,147,9806,42,3801,105,6005,0,0,116,5762,25,2032,116,7794,California
Tuolumne,2021-02-14,148,9954,12,3813,136,6141,0,0,147,5908,1,2033,147,7941,California
Tuolumne,2021-02-15,185,10139,10,3823,175,6316,0,0,176,6075,9,2042,176,8117,California
Tuolumne,2021-02-16,526,10665,17,3840,509,6825,0,0,123,5799,401,2443,125,8242,California
Tuolumne,2021-02-17,109,10774,63,3903,46,6871,0,0,63,5817,45,2488,63,8305,California
Tuolumne,2021-02-18,680,11454,24,3927,656,7527,0,0,632,6401,48,2536,632,8937,California
Tuolumne,2021-02-19,132,11586,21,3948,111,7638,0,0,43,6355,89,2625,43,8980,California
Tuolumne,2021-02-20,904,12490,341,4289,563,8201,0,0,386,6236,506,3131,387,9367,California
Tuolumne,2021-02-21,975,13465,34,4323,941,9142,0,0,473,6210,499,3630,473,9840,California
Tuolumne,2021-02-22,79,13544,57,4380,22,9164,0,0,48,6228,30,3660,48,9888,California
Tuolumne,2021-02-23,46,13590,23,4403,23,9187,0,0,25,6233,20,3680,25,9913,California
Tuolumne,2021-02-24,89,13679,58,4461,31,9218,0,0,42,6229,46,3726,42,9955,California
Tuolumne,2021-02-25,1054,14733,34,4495,1020,10238,0,0,1023,7221,31,3757,1023,10978,California
Tuolumne,2021-02-26,141,14874,9,4504,132,10370,0,0,120,7320,21,3778,120,11098,California
Tuolumne,2021-02-27,949,15823,575,5079,374,10744,0,0,248,6882,686,4464,248,11346,California
Tuolumne,2021-02-28,55,15878,4,5083,51,10795,0,0,52,6932,2,4466,52,11398,California
Tuolumne,2021-03-01,108,15986,20,5103,88,10883,0,0,74,6974,33,4499,75,11473,California
Tuolumne,2021-03-02,709,16695,74,5177,635,11518,0,0,107,6479,602,5101,107,11580,California
Tuolumne,2021-03-03,87,16782,19,5196,68,11586,0,0,64,6520,23,5124,64,11644,California
Tuolumne,2021-03-04,1169,17951,72,5268,1097,12683,0,0,1106,7563,63,5187,1106,12750,California
Tuolumne,2021-03-05,83,18034,9,5277,74,12757,0,0,48,7578,34,5221,49,12799,California
Tuolumne,2021-03-06,1054,19088,606,5883,446,13203,2,2,204,6935,849,6070,206,13005,California
Tuolumne,2021-03-07,40,19128,12,5895,14,13217,14,16,18,6945,22,6092,32,13037,California
Tuolumne,2021-03-08,212,19340,89,5984,116,13333,7,23,157,7053,56,6148,164,13201,California
Tuolumne,2021-03-09,863,20203,15,5999,837,14170,11,34,76,6355,785,6933,87,13288,California
Tuolumne,2021-03-10,85,20288,13,6012,61,14231,11,45,61,6403,24,6957,72,13360,California
Tuolumne,2021-03-11,1277,21565,31,6043,1241,15472,5,50,1254,7641,23,6980,1261,14621,California
Tuolumne,2021-03-12,308,21873,31,6074,262,15734,15,65,202,7757,104,7084,220,14841,California
Tuolumne,2021-03-13,111,21984,12,6086,99,15833,0,65,92,7831,19,7103,93,14934,California
Tuolumne,2021-03-14,142,22126,8,6094,125,15958,9,74,8,7719,134,7237,22,14956,California
Tuolumne,2021-03-15,310,22436,79,6173,229,16187,2,76,117,7652,193,7430,126,15082,California
Tuolumne,2021-03-16,823,23259,39,6212,773,16960,11,87,685,8211,138,7568,697,15779,California
Tuolumne,2021-03-17,163,23422,30,6242,118,17078,15,102,88,8239,74,7642,102,15881,California
Tuolumne,2021-03-18,963,24385,26,6268,922,18000,15,117,331,7954,632,8274,347,16228,California
Tuolumne,2021-03-19,141,24526,14,6282,94,18094,33,150,79,8005,60,8334,111,16339,California
Tuolumne,2021-03-20,89,24615,6,6288,73,18167,10,160,36,7998,52,8386,45,16384,California
Tuolumne,2021-03-21,834,25449,391,6679,434,18601,9,169,42,7259,790,9176,51,16435,California
Tuolumne,2021-03-22,173,25622,72,6751,82,18683,19,188,106,7317,67,9243,125,16560,California
Tuolumne,2021-03-23,722,26344,636,7387,72,18755,14,202,685,7978,37,9280,698,17258,California
Tuolumne,2021-03-24,119,26463,19,7406,82,18837,18,220,87,8052,31,9311,105,17363,California
Tuolumne,2021-03-25,1292,27755,20,7426,1269,20106,3,223,322,7408,969,10280,325,17688,California
Tuolumne,2021-03-26,285,28040,11,7437,251,20357,23,246,131,7427,135,10415,154,17842,California
Tuolumne,2021-03-27,579,28619,54,7491,525,20882,0,246,317,7483,262,10677,318,18160,California
Tuolumne,2021-03-28,50,28669,7,7498,43,20925,0,246,10,7456,38,10715,11,18171,California
Tuolumne,2021-03-29,214,28883,80,7578,134,21059,0,246,119,7482,93,10808,119,18290,California
Tuolumne,2021-03-30,167,29050,12,7590,154,21213,1,247,125,7566,42,10850,126,18416,California
Tuolumne,2021-03-31,96,29146,13,7603,81,21294,2,249,40,7555,55,10905,44,18460,California
Tuolumne,2021-04-01,1250,30396,26,7629,1224,22518,0,249,233,6773,1016,11921,234,18694,California
Tuolumne,2021-04-02,176,30572,11,7640,139,22657,26,275,104,6831,72,11993,130,18824,California
Tuolumne,2021-04-03,415,30987,32,7672,382,23039,1,276,231,6881,184,12177,234,19058,California
Tuolumne,2021-04-04,33,31020,1,7673,32,23071,0,276,22,6893,10,12187,22,19080,California
Tuolumne,2021-04-05,146,31166,20,7693,120,23191,6,282,64,6881,82,12269,70,19150,California
Tuolumne,2021-04-06,656,31822,510,8203,120,23311,26,308,522,7296,134,12403,549,19699,California
Tuolumne,2021-04-07,134,31956,36,8239,81,23392,17,325,50,7279,84,12487,67,19766,California
Tuolumne,2021-04-08,1440,33396,27,8266,1399,24791,14,339,255,6365,1183,13670,269,20035,California
Tuolumne,2021-04-09,289,33685,41,8307,204,24995,44,383,142,6408,144,13814,187,20222,California
Tuolumne,2021-04-10,57,33742,3,8310,31,25026,23,406,23,6421,33,13847,46,20268,California
Tuolumne,2021-04-11,17,33759,3,8313,11,25037,3,409,11,6429,6,13853,14,20282,California
Tuolumne,2021-04-12,175,33934,65,8378,104,25141,6,415,92,6450,77,13930,98,20380,California
Tuolumne,2021-04-13,793,34727,33,8411,760,25901,0,415,170,6004,616,14546,170,20550,California
Tuolumne,2021-04-14,150,34877,22,8433,128,26029,0,415,69,5996,78,14624,70,20620,California
Tuolumne,2021-04-15,339,35216,20,8453,319,26348,0,415,64,5789,271,14895,64,20684,California
Tuolumne,2021-04-16,211,35427,46,8499,165,26513,0,415,122,5829,83,14978,123,20807,California
Tuolumne,2021-04-17,44,35471,6,8505,38,26551,0,415,28,5841,16,14994,28,20835,California
Tuolumne,2021-04-18,3,35474,2,8507,1,26552,0,415,1,5840,2,14996,1,20836,California
Ventura,2020-12-15,5,5,5,5,0,0,0,0,5,5,0,0,5,5,California
Ventura,2020-12-16,72,77,72,77,0,0,0,0,72,77,0,0,72,77,California
Ventura,2020-12-17,249,326,249,326,0,0,0,0,249,326,0,0,249,326,California
Ventura,2020-12-18,1411,1737,1411,1737,0,0,0,0,1411,1737,0,0,1411,1737,California
Ventura,2020-12-19,911,2648,911,2648,0,0,0,0,911,2648,0,0,911,2648,California
Ventura,2020-12-20,429,3077,429,3077,0,0,0,0,429,3077,0,0,429,3077,California
Ventura,2020-12-21,1471,4548,1471,4548,0,0,0,0,1471,4548,0,0,1471,4548,California
Ventura,2020-12-22,1105,5653,1100,5648,5,5,0,0,1105,5653,0,0,1105,5653,California
Ventura,2020-12-23,1025,6678,978,6626,47,52,0,0,1025,6678,0,0,1025,6678,California
Ventura,2020-12-24,477,7155,379,7005,98,150,0,0,477,7155,0,0,477,7155,California
Ventura,2020-12-25,11,7166,7,7012,4,154,0,0,11,7166,0,0,11,7166,California
Ventura,2020-12-26,110,7276,89,7101,21,175,0,0,110,7276,0,0,110,7276,California
Ventura,2020-12-27,58,7334,27,7128,31,206,0,0,58,7334,0,0,58,7334,California
Ventura,2020-12-28,1066,8400,928,8056,138,344,0,0,1066,8400,0,0,1066,8400,California
Ventura,2020-12-29,1165,9565,761,8817,404,748,0,0,1165,9565,0,0,1165,9565,California
Ventura,2020-12-30,1983,11548,1517,10334,466,1214,0,0,1983,11548,0,0,1983,11548,California
Ventura,2020-12-31,478,12026,162,10496,316,1530,0,0,478,12026,0,0,478,12026,California
Ventura,2021-01-01,18,12044,4,10500,14,1544,0,0,18,12044,0,0,18,12044,California
Ventura,2021-01-02,171,12215,79,10579,92,1636,0,0,171,12215,0,0,171,12215,California
Ventura,2021-01-03,15,12230,8,10587,7,1643,0,0,15,12230,0,0,15,12230,California
Ventura,2021-01-04,1078,13308,548,11135,530,2173,0,0,1077,13307,0,0,1077,13307,California
Ventura,2021-01-05,1371,14679,776,11911,595,2768,0,0,1331,14598,40,40,1331,14638,California
Ventura,2021-01-06,2055,16734,1179,13090,876,3644,0,0,1624,15802,422,462,1626,16264,California
Ventura,2021-01-07,2067,18801,1328,14418,739,4383,0,0,1180,16097,885,1347,1180,17444,California
Ventura,2021-01-08,2199,21000,1477,15895,722,5105,0,0,905,15711,1292,2639,906,18350,California
Ventura,2021-01-09,722,21722,501,16396,221,5326,0,0,319,15627,403,3042,319,18669,California
Ventura,2021-01-10,336,22058,324,16720,12,5338,0,0,122,15535,214,3256,122,18791,California
Ventura,2021-01-11,2445,24503,1489,18209,956,6294,0,0,1493,16078,952,4208,1495,20286,California
Ventura,2021-01-12,3037,27540,1605,19814,1432,7726,0,0,2014,17069,1023,5231,2014,22300,California
Ventura,2021-01-13,2923,30463,1421,21235,1502,9228,0,0,2041,18231,880,6111,2042,24342,California
Ventura,2021-01-14,2727,33190,1058,22293,1669,10897,0,0,2282,20070,444,6555,2283,26625,California
Ventura,2021-01-15,2885,36075,967,23260,1918,12815,0,0,2673,22532,212,6767,2674,29299,California
Ventura,2021-01-16,485,36560,187,23447,298,13113,0,0,404,22855,81,6848,404,29703,California
Ventura,2021-01-17,260,36820,137,23584,123,13236,0,0,254,23103,6,6854,254,29957,California
Ventura,2021-01-18,2218,39038,1672,25256,546,13782,0,0,1668,24223,549,7403,1669,31626,California
Ventura,2021-01-19,3029,42067,2112,27368,917,14699,0,0,2138,25472,891,8294,2140,33766,California
Ventura,2021-01-20,4057,46124,3107,30475,950,15649,0,0,3022,27463,1032,9326,3023,36789,California
Ventura,2021-01-21,3833,49957,2669,33144,1164,16813,0,0,3163,29960,667,9993,3164,39953,California
Ventura,2021-01-22,3603,53560,2484,35628,1119,17932,0,0,3442,33241,161,10154,3442,43395,California
Ventura,2021-01-23,1184,54744,650,36278,534,18466,0,0,1083,34226,100,10254,1085,44480,California
Ventura,2021-01-24,450,55194,136,36414,314,18780,0,0,437,34650,13,10267,437,44917,California
Ventura,2021-01-25,3145,58339,2027,38441,1118,19898,0,0,2596,36698,548,10815,2596,47513,California
Ventura,2021-01-26,3701,62040,2195,40636,1506,21404,0,0,2706,38411,994,11809,2707,50220,California
Ventura,2021-01-27,3455,65495,1557,42193,1898,23302,0,0,2716,40393,736,12545,2718,52938,California
Ventura,2021-01-28,3852,69347,1979,44172,1873,25175,0,0,3238,43035,597,13142,3239,56177,California
Ventura,2021-01-29,4236,73583,2504,46676,1732,26907,0,0,3742,46295,482,13624,3742,59919,California
Ventura,2021-01-30,3025,76608,1955,48631,1070,27977,0,0,2856,48986,166,13790,2857,62776,California
Ventura,2021-01-31,829,77437,444,49075,385,28362,0,0,745,49647,84,13874,745,63521,California
Ventura,2021-02-01,3923,81360,2102,51177,1821,30183,0,0,3158,52043,763,14637,3159,66680,California
Ventura,2021-02-02,4402,85762,2370,53547,2032,32215,0,0,3380,54406,1018,15655,3381,70061,California
Ventura,2021-02-03,4448,90210,2087,55634,2361,34576,0,0,3441,56846,1002,16657,3442,73503,California
Ventura,2021-02-04,4760,94970,2280,57914,2480,37056,0,0,3512,59119,1241,17898,3514,77017,California
Ventura,2021-02-05,4826,99796,2309,60223,2517,39573,0,0,3337,60982,1476,19374,3339,80356,California
Ventura,2021-02-06,2830,102626,1513,61736,1317,40890,0,0,2429,63010,401,19775,2429,82785,California
Ventura,2021-02-07,707,103333,240,61976,467,41357,0,0,582,63468,125,19900,583,83368,California
Ventura,2021-02-08,3494,106827,1622,63598,1872,43229,0,0,2425,64829,1064,20964,2425,85793,California
Ventura,2021-02-09,4712,111539,1970,65568,2742,45971,0,0,2464,65048,2247,23211,2466,88259,California
Ventura,2021-02-10,4706,116245,2236,67804,2470,48441,0,0,2400,65154,2295,25506,2401,90660,California
Ventura,2021-02-11,4654,120899,1859,69663,2795,51236,0,0,2444,65398,2203,27709,2447,93107,California
Ventura,2021-02-12,6292,127191,2653,72316,3639,54875,0,0,3217,65542,3073,30782,3217,96324,California
Ventura,2021-02-13,3292,130483,1827,74143,1465,56340,0,0,1840,65936,1448,32230,1842,98166,California
Ventura,2021-02-14,1227,131710,124,74267,1103,57443,0,0,1011,66732,216,32446,1012,99178,California
Ventura,2021-02-15,3989,135699,1798,76065,2191,59634,0,0,2116,66978,1870,34316,2116,101294,California
Ventura,2021-02-16,5524,141223,2697,78762,2827,62461,0,0,3009,67479,2508,36824,3009,104303,California
Ventura,2021-02-17,5227,146450,1919,80681,3308,65769,0,0,3262,68785,1956,38780,3262,107565,California
Ventura,2021-02-18,5771,152221,1829,82510,3942,69711,0,0,3633,70288,2130,40910,3633,111198,California
Ventura,2021-02-19,6434,158655,3762,86272,2672,72383,0,0,3000,69863,3427,44337,3002,114200,California
Ventura,2021-02-20,4918,163573,3157,89429,1761,74144,0,0,2766,70483,2148,46485,2768,116968,California
Ventura,2021-02-21,1039,164612,752,90181,287,74431,0,0,426,70301,608,47093,426,117394,California
Ventura,2021-02-22,5361,169973,2406,92587,2955,77386,0,0,3448,71845,1904,48997,3448,120842,California
Ventura,2021-02-23,5917,175890,2960,95547,2957,80343,0,0,3414,72773,2488,51485,3416,124258,California
Ventura,2021-02-24,6985,182875,2604,98151,4381,84724,0,0,4242,74287,2730,54215,4244,128502,California
Ventura,2021-02-25,7479,190354,2567,100718,4912,89636,0,0,4574,75970,2893,57108,4576,133078,California
Ventura,2021-02-26,9324,199678,2758,103476,6566,96202,0,0,6162,78994,3140,60248,6164,139242,California
Ventura,2021-02-27,9976,209654,5265,108741,4711,100913,0,0,7362,83763,2600,62848,7369,146611,California
Ventura,2021-02-28,2556,212210,1629,110370,926,101839,1,1,2095,85401,457,63305,2095,148706,California
Ventura,2021-03-01,6914,219124,2793,113163,4121,105960,0,1,4606,87722,2299,65604,4620,153326,California
Ventura,2021-03-02,7365,226489,3928,117091,3436,109396,1,2,5147,90659,2210,67814,5147,158473,California
Ventura,2021-03-03,8496,234985,3884,120975,4612,114008,0,2,6059,94296,2425,70239,6062,164535,California
Ventura,2021-03-04,8032,243017,3862,124837,4170,118178,0,2,5419,97115,2601,72840,5420,169955,California
Ventura,2021-03-05,9953,252970,4795,129632,5148,123326,10,12,7075,101343,2865,75705,7093,177048,California
Ventura,2021-03-06,7217,260187,4391,134023,2673,125999,153,165,5320,104923,1895,77600,5475,182523,California
Ventura,2021-03-07,1650,261837,601,134624,948,126947,101,266,1234,105842,416,78016,1335,183858,California
Ventura,2021-03-08,6729,268566,3414,138038,3163,130110,152,418,4631,108534,2094,80110,4786,188644,California
Ventura,2021-03-09,6500,275066,2802,140840,3502,133612,196,614,3647,109537,2842,82952,3845,192489,California
Ventura,2021-03-10,6761,281827,2964,143804,3560,137172,237,851,4471,111963,2282,85234,4708,197197,California
Ventura,2021-03-11,6251,288078,2878,146682,3160,140332,213,1064,3409,112753,2832,88066,3622,200819,California
Ventura,2021-03-12,8467,296545,3023,149705,4607,144939,837,1901,4080,113299,4372,92438,4918,205737,California
Ventura,2021-03-13,6668,303213,2492,152197,3336,148275,840,2741,3747,114970,2915,95353,4586,210323,California
Ventura,2021-03-14,2126,305339,474,152671,1158,149433,494,3235,727,114795,1398,96751,1223,211546,California
Ventura,2021-03-15,6893,312232,2043,154714,3504,152937,1346,4581,2964,115197,3908,100659,4310,215856,California
Ventura,2021-03-16,7843,320075,2438,157152,4295,157232,1110,5691,3946,116367,3884,104543,5054,220910,California
Ventura,2021-03-17,7343,327418,2742,159894,4256,161488,345,6036,4397,118179,2931,107474,4743,225653,California
Ventura,2021-03-18,7157,334575,3251,163145,3753,165241,153,6189,4655,120495,2490,109964,4806,230459,California
Ventura,2021-03-19,8283,342858,3747,166892,4426,169667,110,6299,4938,122212,3329,113293,5046,235505,California
Ventura,2021-03-20,8099,350957,5222,172114,2857,172524,20,6319,3869,121890,4212,117505,3890,239395,California
Ventura,2021-03-21,2757,353714,1501,173615,887,173411,369,6688,1306,122121,1444,118949,1675,241070,California
Ventura,2021-03-22,7271,360985,3665,177280,3504,176915,102,6790,4795,124556,2463,121412,4898,245968,California
Ventura,2021-03-23,8096,369081,3862,181142,4164,181079,70,6860,4627,125804,3448,124860,4696,250664,California
Ventura,2021-03-24,8789,377870,3388,184530,5326,186405,75,6935,4373,125865,4387,129247,4448,255112,California
Ventura,2021-03-25,8730,386600,3889,188419,4744,191149,97,7032,4413,126074,4301,133548,4510,259622,California
Ventura,2021-03-26,9632,396232,3320,191739,5661,196810,651,7683,3749,124615,5858,139406,4399,264021,California
Ventura,2021-03-27,8078,404310,3894,195633,4145,200955,39,7722,2380,121355,5681,145087,2421,266442,California
Ventura,2021-03-28,2504,406814,1391,197024,1104,202059,9,7731,1371,121603,1132,146219,1380,267822,California
Ventura,2021-03-29,8424,415238,4253,201277,4127,206186,44,7775,4211,121671,4187,150406,4255,272077,California
Ventura,2021-03-30,8853,424091,4377,205654,4353,210539,123,7898,4572,122094,4271,154677,4694,276771,California
Ventura,2021-03-31,10567,434658,4800,210454,5143,215682,624,8522,4594,121356,5956,160633,5218,281989,California
Ventura,2021-04-01,10552,445210,5163,215617,4527,220209,862,9384,5356,122390,5179,165812,6213,288202,California
Ventura,2021-04-02,11297,456507,4568,220185,5486,225695,1243,10627,5309,122982,5965,171777,6557,294759,California
Ventura,2021-04-03,7987,464494,3934,224119,2928,228623,1125,11752,3352,122834,4626,176403,4478,299237,California
Ventura,2021-04-04,1699,466193,952,225071,620,229243,127,11879,1146,123560,547,176950,1273,300510,California
Ventura,2021-04-05,9162,475355,4850,229921,3281,232524,1031,12910,4669,124773,4485,181435,5698,306208,California
Ventura,2021-04-06,10769,486124,5535,235456,3783,236307,1451,14361,5539,126549,5212,186647,6988,313196,California
Ventura,2021-04-07,11199,497323,5424,240880,4323,240630,1452,15813,5116,127045,6067,192714,6563,319759,California
Ventura,2021-04-08,10126,507449,5287,246167,3965,244595,874,16687,5092,127985,5018,197732,5958,325717,California
Ventura,2021-04-09,10205,517654,3834,250001,4950,249545,1421,18108,4377,127970,5808,203540,5793,331510,California
Ventura,2021-04-10,9084,526738,3472,253473,3471,253016,2141,20249,2992,127023,6077,209617,5130,336640,California
Ventura,2021-04-11,2411,529149,861,254334,993,254009,557,20806,688,126551,1716,211333,1244,337884,California
Ventura,2021-04-12,8238,537387,4016,258350,3535,257544,687,21493,3345,125699,4879,216212,4027,341911,California
Ventura,2021-04-13,8564,545951,4348,262698,4211,261755,5,21498,3634,124448,4890,221102,3639,345550,California
Ventura,2021-04-14,7902,553853,3617,266315,4271,266026,14,21512,3013,122618,4859,225961,3029,348579,California
Ventura,2021-04-15,8263,562116,4074,270389,4187,270213,2,21514,3619,121614,4627,230588,3623,352202,California
Ventura,2021-04-16,9262,571378,4168,274557,5094,275307,0,21514,4232,120831,5020,235608,4237,356439,California
Ventura,2021-04-17,8354,579732,5266,279823,3087,278394,1,21515,4859,122205,3486,239094,4860,361299,California
Ventura,2021-04-18,924,580656,405,280228,519,278913,0,21515,527,122341,391,239485,527,361826,California
Yolo,2020-12-15,39,39,39,39,0,0,0,0,39,39,0,0,39,39,California
Yolo,2020-12-16,78,117,78,117,0,0,0,0,78,117,0,0,78,117,California
Yolo,2020-12-17,101,218,101,218,0,0,0,0,101,218,0,0,101,218,California
Yolo,2020-12-18,210,428,210,428,0,0,0,0,210,428,0,0,210,428,California
Yolo,2020-12-19,86,514,86,514,0,0,0,0,86,514,0,0,86,514,California
Yolo,2020-12-20,100,614,100,614,0,0,0,0,100,614,0,0,100,614,California
Yolo,2020-12-21,253,867,253,867,0,0,0,0,253,867,0,0,253,867,California
Yolo,2020-12-22,382,1249,381,1248,1,1,0,0,382,1249,0,0,382,1249,California
Yolo,2020-12-23,431,1680,412,1660,19,20,0,0,431,1680,0,0,431,1680,California
Yolo,2020-12-24,151,1831,94,1754,57,77,0,0,151,1831,0,0,151,1831,California
Yolo,2020-12-25,1,1832,1,1755,0,77,0,0,1,1832,0,0,1,1832,California
Yolo,2020-12-26,75,1907,25,1780,50,127,0,0,75,1907,0,0,75,1907,California
Yolo,2020-12-27,46,1953,19,1799,27,154,0,0,46,1953,0,0,46,1953,California
Yolo,2020-12-28,345,2298,178,1977,167,321,0,0,345,2298,0,0,345,2298,California
Yolo,2020-12-29,485,2783,268,2245,217,538,0,0,485,2783,0,0,485,2783,California
Yolo,2020-12-30,621,3404,255,2500,366,904,0,0,621,3404,0,0,621,3404,California
Yolo,2020-12-31,184,3588,95,2595,89,993,0,0,184,3588,0,0,184,3588,California
Yolo,2021-01-01,56,3644,55,2650,1,994,0,0,56,3644,0,0,56,3644,California
Yolo,2021-01-02,68,3712,25,2675,43,1037,0,0,68,3712,0,0,68,3712,California
Yolo,2021-01-03,43,3755,19,2694,24,1061,0,0,43,3755,0,0,43,3755,California
Yolo,2021-01-04,193,3948,43,2737,150,1211,0,0,193,3948,0,0,193,3948,California
Yolo,2021-01-05,610,4558,236,2973,374,1585,0,0,549,4436,61,61,549,4497,California
Yolo,2021-01-06,480,5038,183,3156,297,1882,0,0,349,4654,131,192,349,4846,California
Yolo,2021-01-07,710,5748,234,3390,476,2358,0,0,521,4987,188,380,521,5367,California
Yolo,2021-01-08,629,6377,310,3700,319,2677,0,0,413,5185,215,595,413,5780,California
Yolo,2021-01-09,409,6786,67,3767,342,3019,0,0,364,5504,45,640,364,6144,California
Yolo,2021-01-10,393,7179,80,3847,313,3332,0,0,323,5757,70,710,323,6467,California
Yolo,2021-01-11,557,7736,322,4169,235,3567,0,0,290,5780,267,977,290,6757,California
Yolo,2021-01-12,481,8217,364,4533,117,3684,0,0,173,5646,308,1285,174,6931,California
Yolo,2021-01-13,762,8979,309,4842,453,4137,0,0,513,5910,249,1534,513,7444,California
Yolo,2021-01-14,374,9353,181,5023,193,4330,0,0,270,6076,104,1638,270,7714,California
Yolo,2021-01-15,622,9975,321,5344,301,4631,0,0,544,6542,78,1716,544,8258,California
Yolo,2021-01-16,738,10713,95,5439,643,5274,0,0,707,7218,31,1747,707,8965,California
Yolo,2021-01-17,187,10900,118,5557,69,5343,0,0,180,7391,7,1754,180,9145,California
Yolo,2021-01-18,478,11378,303,5860,175,5518,0,0,380,7673,98,1852,380,9525,California
Yolo,2021-01-19,540,11918,370,6230,170,5688,0,0,366,7865,174,2026,366,9891,California
Yolo,2021-01-20,658,12576,380,6610,278,5966,0,0,474,8156,183,2209,474,10365,California
Yolo,2021-01-21,645,13221,382,6992,263,6229,0,0,456,8423,189,2398,456,10821,California
Yolo,2021-01-22,746,13967,250,7242,496,6725,0,0,628,8935,116,2514,628,11449,California
Yolo,2021-01-23,613,14580,124,7366,489,7214,0,0,566,9454,47,2561,566,12015,California
Yolo,2021-01-24,207,14787,124,7490,83,7297,0,0,166,9579,41,2602,166,12181,California
Yolo,2021-01-25,727,15514,152,7642,575,7872,0,0,513,9878,214,2816,513,12694,California
Yolo,2021-01-26,812,16326,325,7967,487,8359,0,0,425,9916,387,3203,425,13119,California
Yolo,2021-01-27,553,16879,222,8189,331,8690,0,0,381,10125,172,3375,381,13500,California
Yolo,2021-01-28,1047,17926,565,8754,482,9172,0,0,924,10927,122,3497,924,14424,California
Yolo,2021-01-29,864,18790,261,9015,603,9775,0,0,782,11628,81,3578,782,15206,California
Yolo,2021-01-30,1516,20306,916,9931,600,10375,0,0,1408,12934,102,3680,1408,16614,California
Yolo,2021-01-31,248,20554,210,10141,38,10413,0,0,213,13113,34,3714,213,16827,California
Yolo,2021-02-01,840,21394,359,10500,481,10894,0,0,611,13498,226,3940,611,17438,California
Yolo,2021-02-02,1318,22712,745,11245,573,11467,0,0,928,14037,390,4330,929,18367,California
Yolo,2021-02-03,1511,24223,396,11641,1115,12582,0,0,1183,14895,325,4655,1183,19550,California
Yolo,2021-02-04,1786,26009,281,11922,1505,14087,0,0,1237,15595,538,5193,1238,20788,California
Yolo,2021-02-05,1589,27598,896,12818,693,14780,0,0,1191,16389,398,5591,1192,21980,California
Yolo,2021-02-06,1918,29516,1246,14064,672,15452,0,0,1557,17586,361,5952,1558,23538,California
Yolo,2021-02-07,517,30033,248,14312,269,15721,0,0,169,17408,347,6299,169,23707,California
Yolo,2021-02-08,944,30977,331,14643,613,16334,0,0,603,17673,338,6637,603,24310,California
Yolo,2021-02-09,854,31831,383,15026,471,16805,0,0,574,17967,280,6917,574,24884,California
Yolo,2021-02-10,1451,33282,475,15501,976,17781,0,0,817,18153,633,7550,819,25703,California
Yolo,2021-02-11,1538,34820,774,16275,764,18545,0,0,1161,18937,377,7927,1161,26864,California
Yolo,2021-02-12,1901,36721,746,17021,1155,19700,0,0,1438,19915,460,8387,1438,28302,California
Yolo,2021-02-13,2049,38770,710,17731,1339,21039,0,0,1386,20638,663,9050,1386,29688,California
Yolo,2021-02-14,567,39337,152,17883,415,21454,0,0,442,20956,124,9174,442,30130,California
Yolo,2021-02-15,525,39862,187,18070,338,21792,0,0,263,20958,262,9436,264,30394,California
Yolo,2021-02-16,1113,40975,424,18494,689,22481,0,0,807,21459,306,9742,807,31201,California
Yolo,2021-02-17,1382,42357,699,19193,683,23164,0,0,990,22057,392,10134,990,32191,California
Yolo,2021-02-18,2440,44797,759,19952,1681,24845,0,0,1678,22973,762,10896,1678,33869,California
Yolo,2021-02-19,1731,46528,740,20692,991,25836,0,0,1117,23478,612,11508,1117,34986,California
Yolo,2021-02-20,2432,48960,941,21633,1491,27327,0,0,1361,23773,1066,12574,1361,36347,California
Yolo,2021-02-21,280,49240,224,21857,56,27383,0,0,73,23640,206,12780,73,36420,California
Yolo,2021-02-22,1360,50600,599,22456,761,28144,0,0,692,23665,667,13447,692,37112,California
Yolo,2021-02-23,1117,51717,838,23294,279,28423,0,0,437,23424,678,14125,437,37549,California
Yolo,2021-02-24,2091,53808,591,23885,1500,29923,0,0,1383,24101,706,14831,1383,38932,California
Yolo,2021-02-25,1336,55144,440,24325,896,30819,0,0,872,24510,463,15294,872,39804,California
Yolo,2021-02-26,2557,57701,978,25303,1579,32398,0,0,1362,24680,1192,16486,1362,41166,California
Yolo,2021-02-27,1645,59346,764,26067,881,33279,0,0,1196,25427,449,16935,1196,42362,California
Yolo,2021-02-28,1772,61118,1488,27555,284,33563,0,0,681,25019,1089,18024,681,43043,California
Yolo,2021-03-01,1080,62198,353,27908,727,34290,0,0,653,25247,425,18449,653,43696,California
Yolo,2021-03-02,1429,63627,677,28585,752,35042,0,0,908,25634,521,18970,908,44604,California
Yolo,2021-03-03,1808,65435,607,29192,1201,36243,0,0,805,25438,1001,19971,805,45409,California
Yolo,2021-03-04,2844,68279,1403,30595,1441,37684,0,0,1540,25676,1302,21273,1540,46949,California
Yolo,2021-03-05,2333,70612,1390,31985,932,38616,11,11,1466,26287,866,22139,1477,48426,California
Yolo,2021-03-06,1467,72079,1121,33106,317,38933,29,40,836,26523,629,22768,865,49291,California
Yolo,2021-03-07,902,72981,670,33776,218,39151,14,54,769,27173,133,22901,783,50074,California
Yolo,2021-03-08,1071,74052,478,34254,550,39701,43,97,746,27638,325,23226,790,50864,California
Yolo,2021-03-09,1240,75292,667,34921,513,40214,60,157,753,27966,485,23711,813,51677,California
Yolo,2021-03-10,1777,77069,1037,35958,450,40664,290,447,740,27955,1036,24747,1025,52702,California
Yolo,2021-03-11,2279,79348,1540,37498,673,41337,66,513,1571,28886,707,25454,1638,54340,California
Yolo,2021-03-12,2885,82233,1341,38839,1468,42805,76,589,1372,28826,1507,26961,1447,55787,California
Yolo,2021-03-13,1838,84071,729,39568,932,43737,177,766,1007,29182,828,27789,1184,56971,California
Yolo,2021-03-14,1007,85078,213,39781,645,44382,149,915,523,29371,483,28272,672,57643,California
Yolo,2021-03-15,1315,86393,771,40552,368,44750,176,1091,700,29633,613,28885,875,58518,California
Yolo,2021-03-16,1859,88252,714,41266,1072,45822,73,1164,1097,30041,762,29647,1170,59688,California
Yolo,2021-03-17,2479,90731,962,42228,1445,47267,72,1236,1731,31099,745,30392,1803,61491,California
Yolo,2021-03-18,2878,93609,887,43115,1767,49034,224,1460,1168,30782,1708,32100,1391,62882,California
Yolo,2021-03-19,2030,95639,817,43932,1145,50179,68,1528,1069,30964,955,33055,1137,64019,California
Yolo,2021-03-20,2748,98387,814,44746,1893,52072,41,1569,1117,30498,1626,34681,1160,65179,California
Yolo,2021-03-21,316,98703,217,44963,91,52163,8,1577,228,30647,87,34768,236,65415,California
Yolo,2021-03-22,1377,100080,480,45443,845,53008,52,1629,904,31131,471,35239,955,66370,California
Yolo,2021-03-23,1724,101804,928,46371,740,53748,56,1685,1065,31594,658,35897,1121,67491,California
Yolo,2021-03-24,2834,104638,1399,47770,1386,55134,49,1734,1418,31655,1406,37303,1467,68958,California
Yolo,2021-03-25,2395,107033,1277,49047,1091,56225,27,1761,1150,31597,1235,38538,1177,70135,California
Yolo,2021-03-26,2367,109400,1231,50278,1117,57342,19,1780,1017,31289,1343,39881,1035,71170,California
Yolo,2021-03-27,1628,111028,452,50730,1160,58502,16,1796,753,31184,874,40755,769,71939,California
Yolo,2021-03-28,1103,112131,860,51590,225,58727,18,1814,272,30647,827,41582,290,72229,California
Yolo,2021-03-29,1982,114113,812,52402,1156,59883,14,1828,984,30651,994,42576,998,73227,California
Yolo,2021-03-30,2266,116379,1065,53467,1178,61061,23,1851,1198,30809,1063,43639,1221,74448,California
Yolo,2021-03-31,2324,118703,1204,54671,1085,62146,35,1886,1208,30937,1115,44754,1243,75691,California
Yolo,2021-04-01,3750,122453,1765,56436,1511,63657,474,2360,1571,30807,2175,46929,2045,77736,California
Yolo,2021-04-02,3107,125560,1481,57917,1566,65223,60,2420,2034,31834,1067,47996,2094,79830,California
Yolo,2021-04-03,1783,127343,1078,58995,490,65713,215,2635,800,31867,982,48978,1015,80845,California
Yolo,2021-04-04,381,127724,149,59144,170,65883,62,2697,141,31830,240,49218,203,81048,California
Yolo,2021-04-05,1894,129618,722,59866,1074,66957,98,2795,1012,32062,878,50096,1110,82158,California
Yolo,2021-04-06,2556,132174,1294,61160,1092,68049,170,2965,1310,32308,1235,51331,1481,83639,California
Yolo,2021-04-07,2858,135032,1508,62668,1102,69151,248,3213,1923,33549,929,52260,2170,85809,California
Yolo,2021-04-08,2392,137424,992,63660,939,70090,461,3674,1022,33664,1366,53626,1481,87290,California
Yolo,2021-04-09,2372,139796,857,64517,1034,71124,481,4155,790,33354,1580,55206,1270,88560,California
Yolo,2021-04-10,1680,141476,791,65308,719,71843,170,4325,997,33841,679,55885,1166,89726,California
Yolo,2021-04-11,867,142343,261,65569,561,72404,45,4370,344,33710,519,56404,388,90114,California
Yolo,2021-04-12,1718,144061,509,66078,1074,73478,135,4505,1074,34278,641,57045,1209,91323,California
Yolo,2021-04-13,1891,145952,847,66925,1044,74522,0,4505,975,34339,914,57959,975,92298,California
Yolo,2021-04-14,2593,148545,689,67614,1904,76426,0,4505,1315,34379,1275,59234,1315,93613,California
Yolo,2021-04-15,2944,151489,966,68580,1978,78404,0,4505,2062,35565,879,60113,2065,95678,California
Yolo,2021-04-16,2708,154197,1694,70274,1014,79418,0,4505,1749,36358,956,61069,1749,97427,California
Yolo,2021-04-17,1320,155517,409,70683,911,80329,0,4505,593,36227,724,61793,593,98020,California
Yolo,2021-04-18,434,155951,196,70879,238,80567,0,4505,257,36309,175,61968,257,98277,California
Yuba,2020-12-16,4,4,4,4,0,0,0,0,4,4,0,0,4,4,California
Yuba,2020-12-17,4,8,4,8,0,0,0,0,4,8,0,0,4,8,California
Yuba,2020-12-18,8,16,8,16,0,0,0,0,8,16,0,0,8,16,California
Yuba,2020-12-19,12,28,12,28,0,0,0,0,12,28,0,0,12,28,California
Yuba,2020-12-20,20,48,20,48,0,0,0,0,20,48,0,0,20,48,California
Yuba,2020-12-21,40,88,40,88,0,0,0,0,40,88,0,0,40,88,California
Yuba,2020-12-22,86,174,86,174,0,0,0,0,86,174,0,0,86,174,California
Yuba,2020-12-23,63,237,61,235,2,2,0,0,63,237,0,0,63,237,California
Yuba,2020-12-24,20,257,10,245,10,12,0,0,20,257,0,0,20,257,California
Yuba,2020-12-26,15,272,13,258,2,14,0,0,15,272,0,0,15,272,California
Yuba,2020-12-27,15,287,15,273,0,14,0,0,15,287,0,0,15,287,California
Yuba,2020-12-28,51,338,35,308,16,30,0,0,51,338,0,0,51,338,California
Yuba,2020-12-29,75,413,10,318,65,95,0,0,75,413,0,0,75,413,California
Yuba,2020-12-30,64,477,21,339,43,138,0,0,64,477,0,0,64,477,California
Yuba,2020-12-31,36,513,6,345,30,168,0,0,36,513,0,0,36,513,California
Yuba,2021-01-02,23,536,22,367,1,169,0,0,23,536,0,0,23,536,California
Yuba,2021-01-03,10,546,6,373,4,173,0,0,10,546,0,0,10,546,California
Yuba,2021-01-04,90,636,21,394,69,242,0,0,90,636,0,0,90,636,California
Yuba,2021-01-05,68,704,36,430,32,274,0,0,67,702,1,1,67,703,California
Yuba,2021-01-06,153,857,76,506,77,351,0,0,147,843,6,7,147,850,California
Yuba,2021-01-07,75,932,19,525,56,407,0,0,72,911,4,11,72,922,California
Yuba,2021-01-08,73,1005,25,550,48,455,0,0,66,970,7,18,66,988,California
Yuba,2021-01-09,19,1024,16,566,3,458,0,0,11,973,8,26,11,999,California
Yuba,2021-01-10,117,1141,22,588,95,553,0,0,95,1046,22,48,95,1094,California
Yuba,2021-01-11,73,1214,50,638,23,576,0,0,33,1039,40,88,33,1127,California
Yuba,2021-01-12,108,1322,78,716,30,606,0,0,43,1017,65,153,43,1170,California
Yuba,2021-01-13,118,1440,71,787,47,653,0,0,54,1008,63,216,54,1224,California
Yuba,2021-01-14,109,1549,43,830,66,719,0,0,97,1093,12,228,97,1321,California
Yuba,2021-01-15,206,1755,88,918,118,837,0,0,195,1277,11,239,195,1516,California
Yuba,2021-01-16,185,1940,21,939,164,1001,0,0,173,1437,13,252,173,1689,California
Yuba,2021-01-17,13,1953,9,948,4,1005,0,0,7,1438,6,258,7,1696,California
Yuba,2021-01-18,60,2013,32,980,28,1033,0,0,35,1448,25,283,35,1731,California
Yuba,2021-01-19,80,2093,29,1009,51,1084,0,0,65,1498,15,298,65,1796,California
Yuba,2021-01-20,132,2225,87,1096,45,1129,0,0,109,1584,23,321,109,1905,California
Yuba,2021-01-21,212,2437,96,1192,116,1245,0,0,203,1778,9,330,203,2108,California
Yuba,2021-01-22,103,2540,6,1198,97,1342,0,0,94,1863,9,339,94,2202,California
Yuba,2021-01-23,200,2740,7,1205,193,1535,0,0,197,2057,3,342,197,2399,California
Yuba,2021-01-24,10,2750,7,1212,3,1538,0,0,8,2063,2,344,8,2407,California
Yuba,2021-01-25,83,2833,27,1239,56,1594,0,0,52,2085,30,374,52,2459,California
Yuba,2021-01-26,148,2981,39,1278,109,1703,0,0,92,2121,56,430,92,2551,California
Yuba,2021-01-27,182,3163,128,1406,54,1757,0,0,115,2169,67,497,115,2666,California
Yuba,2021-01-28,215,3378,79,1485,136,1893,0,0,174,2302,41,538,174,2840,California
Yuba,2021-01-29,159,3537,56,1541,103,1996,0,0,112,2367,47,585,112,2952,California
Yuba,2021-01-30,409,3946,23,1564,386,2382,0,0,398,2754,11,596,398,3350,California
Yuba,2021-01-31,17,3963,12,1576,5,2387,0,0,15,2767,2,598,15,3365,California
Yuba,2021-02-01,153,4116,74,1650,79,2466,0,0,130,2876,22,620,131,3496,California
Yuba,2021-02-02,123,4239,23,1673,100,2566,0,0,101,2955,22,642,101,3597,California
Yuba,2021-02-03,225,4464,29,1702,196,2762,0,0,113,2957,111,753,113,3710,California
Yuba,2021-02-04,296,4760,121,1823,175,2937,0,0,253,3167,43,796,253,3963,California
Yuba,2021-02-05,146,4906,32,1855,114,3051,0,0,70,3161,76,872,70,4033,California
Yuba,2021-02-06,448,5354,26,1881,422,3473,0,0,440,3593,8,880,440,4473,California
Yuba,2021-02-07,18,5372,11,1892,7,3480,0,0,15,3605,3,883,15,4488,California
Yuba,2021-02-08,96,5468,35,1927,61,3541,0,0,66,3641,30,913,66,4554,California
Yuba,2021-02-09,153,5621,55,1982,98,3639,0,0,84,3656,69,982,84,4638,California
Yuba,2021-02-10,347,5968,172,2154,175,3814,0,0,113,3536,233,1215,113,4751,California
Yuba,2021-02-11,397,6365,63,2217,334,4148,0,0,301,3743,94,1309,301,5052,California
Yuba,2021-02-12,264,6629,27,2244,237,4385,0,0,151,3781,113,1422,151,5203,California
Yuba,2021-02-13,435,7064,35,2279,400,4785,0,0,387,4120,48,1470,387,5590,California
Yuba,2021-02-14,54,7118,11,2290,43,4828,0,0,49,4164,5,1475,49,5639,California
Yuba,2021-02-15,87,7205,36,2326,51,4879,0,0,68,4213,19,1494,68,5707,California
Yuba,2021-02-16,198,7403,53,2379,145,5024,0,0,140,4296,57,1551,140,5847,California
Yuba,2021-02-17,369,7772,155,2534,214,5238,0,0,98,4123,271,1822,98,5945,California
Yuba,2021-02-18,305,8077,33,2567,272,5510,0,0,181,4180,124,1946,181,6126,California
Yuba,2021-02-19,224,8301,84,2651,140,5650,0,0,141,4238,83,2029,141,6267,California
Yuba,2021-02-20,388,8689,30,2681,358,6008,0,0,334,4518,54,2083,334,6601,California
Yuba,2021-02-21,16,8705,14,2695,2,6010,0,0,6,4514,10,2093,6,6607,California
Yuba,2021-02-22,127,8832,78,2773,49,6059,0,0,37,4462,89,2182,37,6644,California
Yuba,2021-02-23,113,8945,25,2798,88,6147,0,0,46,4442,66,2248,46,6690,California
Yuba,2021-02-24,479,9424,136,2934,343,6490,0,0,106,4175,373,2621,106,6796,California
Yuba,2021-02-25,332,9756,133,3067,199,6689,0,0,204,4251,128,2749,204,7000,California
Yuba,2021-02-26,256,10012,68,3135,188,6877,0,0,143,4283,111,2860,143,7143,California
Yuba,2021-02-27,473,10485,47,3182,426,7303,0,0,384,4580,87,2947,384,7527,California
Yuba,2021-02-28,65,10550,21,3203,44,7347,0,0,44,4603,21,2968,44,7571,California
Yuba,2021-03-01,151,10701,38,3241,113,7460,0,0,75,4603,75,3043,75,7646,California
Yuba,2021-03-02,153,10854,35,3276,118,7578,0,0,76,4602,77,3120,76,7722,California
Yuba,2021-03-03,617,11471,156,3432,461,8039,0,0,197,4380,419,3539,197,7919,California
Yuba,2021-03-04,465,11936,271,3703,194,8233,0,0,323,4562,141,3680,323,8242,California
Yuba,2021-03-05,315,12251,59,3762,255,8488,1,1,248,4744,67,3747,249,8491,California
Yuba,2021-03-06,475,12726,35,3797,436,8924,4,5,369,5011,106,3853,373,8864,California
Yuba,2021-03-07,49,12775,27,3824,21,8945,1,6,33,5029,16,3869,34,8898,California
Yuba,2021-03-08,159,12934,49,3873,94,9039,16,22,100,5086,59,3928,116,9014,California
Yuba,2021-03-09,175,13109,46,3919,110,9149,19,41,83,5096,92,4020,102,9116,California
Yuba,2021-03-10,734,13843,232,4151,472,9621,30,71,229,4851,504,4524,259,9375,California
Yuba,2021-03-11,426,14269,185,4336,229,9850,12,83,293,5023,133,4657,305,9680,California
Yuba,2021-03-12,460,14729,86,4422,320,10170,54,137,148,4913,312,4969,202,9882,California
Yuba,2021-03-13,451,15180,331,4753,105,10275,15,152,357,5192,93,5062,372,10254,California
Yuba,2021-03-14,107,15287,21,4774,76,10351,10,162,46,5188,60,5122,56,10310,California
Yuba,2021-03-15,193,15480,49,4823,127,10478,17,179,99,5210,94,5216,116,10426,California
Yuba,2021-03-16,290,15770,71,4894,194,10672,25,204,177,5300,112,5328,202,10628,California
Yuba,2021-03-17,727,16497,160,5054,538,11210,29,233,187,4978,538,5866,216,10844,California
Yuba,2021-03-18,562,17059,148,5202,301,11511,113,346,340,5208,222,6088,452,11296,California
Yuba,2021-03-19,324,17383,120,5322,155,11666,49,395,185,5304,138,6226,234,11530,California
Yuba,2021-03-20,554,17937,80,5402,456,12122,18,413,473,5715,80,6306,491,12021,California
Yuba,2021-03-21,58,17995,35,5437,23,12145,0,413,46,5749,12,6318,46,12067,California
Yuba,2021-03-22,189,18184,70,5507,112,12257,7,420,147,5861,42,6360,154,12221,California
Yuba,2021-03-23,240,18424,79,5586,134,12391,27,447,161,5971,78,6438,188,12409,California
Yuba,2021-03-24,745,19169,237,5823,427,12818,81,528,182,5673,561,6999,263,12672,California
Yuba,2021-03-25,483,19652,263,6086,198,13016,22,550,239,5690,244,7243,261,12933,California
Yuba,2021-03-26,383,20035,142,6228,214,13230,27,577,219,5773,163,7406,246,13179,California
Yuba,2021-03-27,459,20494,27,6255,429,13659,3,580,406,6128,53,7459,408,13587,California
Yuba,2021-03-28,98,20592,40,6295,54,13713,4,584,37,6108,61,7520,41,13628,California
Yuba,2021-03-29,293,20885,85,6380,177,13890,31,615,181,6208,112,7632,212,13840,California
Yuba,2021-03-30,270,21155,67,6447,195,14085,8,623,191,6328,79,7711,199,14039,California
Yuba,2021-03-31,670,21825,113,6560,545,14630,12,635,245,6161,424,8135,257,14296,California
Yuba,2021-04-01,608,22433,281,6841,298,14928,29,664,278,6138,330,8465,307,14603,California
Yuba,2021-04-02,474,22907,89,6930,305,15233,80,744,177,6099,296,8761,257,14860,California
Yuba,2021-04-03,652,23559,56,6986,115,15348,481,1225,87,6103,564,9325,568,15428,California
Yuba,2021-04-04,57,23616,11,6997,40,15388,6,1231,32,6116,25,9350,38,15466,California
Yuba,2021-04-05,241,23857,79,7076,143,15531,19,1250,121,6137,118,9468,139,15605,California
Yuba,2021-04-06,334,24191,114,7190,160,15691,60,1310,159,6182,174,9642,219,15824,California
Yuba,2021-04-07,762,24953,398,7588,313,16004,51,1361,342,6157,417,10059,392,16216,California
Yuba,2021-04-08,727,25680,297,7885,166,16170,264,1625,259,6213,467,10526,523,16739,California
Yuba,2021-04-09,380,26060,169,8054,153,16323,58,1683,158,6208,221,10747,216,16955,California
Yuba,2021-04-10,592,26652,71,8125,74,16397,447,2130,70,6205,520,11267,517,17472,California
Yuba,2021-04-11,98,26750,22,8147,64,16461,12,2142,39,6197,59,11326,51,17523,California
Yuba,2021-04-12,203,26953,46,8193,130,16591,27,2169,79,6180,123,11449,106,17629,California
Yuba,2021-04-13,376,27329,100,8293,276,16867,0,2169,198,6201,177,11626,198,17827,California
Yuba,2021-04-14,647,27976,96,8389,551,17418,0,2169,96,5748,549,12175,96,17923,California
Yuba,2021-04-15,266,28242,119,8508,147,17565,0,2169,112,5706,154,12329,112,18035,California
Yuba,2021-04-16,290,28532,92,8600,198,17763,0,2169,162,5742,126,12455,162,18197,California
Yuba,2021-04-17,378,28910,50,8650,328,18091,0,2169,310,5985,67,12522,310,18507,California
Yuba,2021-04-18,31,28941,7,8657,24,18115,0,2169,10,5974,21,12543,10,18517,California
