county,administered_date,total_doses,cumulative_total_doses,pfizer_doses,cumulative_pfizer_doses,moderna_doses,cumulative_moderna_doses,jj_doses,cumulative_jj_doses,partially_vaccinated,total_partially_vaccinated,fully_vaccinated,cumulative_fully_vaccinated,at_least_one_dose,cumulative_at_least_one_dose,california_flag
All CA Counties,2020-12-15,1159,1159,1159,1159,0,0,0,0,1159,1159,0,0,1159,1159,
All CA Counties,2020-12-16,8485,9644,8485,9644,0,0,0,0,8485,9644,0,0,8485,9644,
All CA Counties,2020-12-17,26552,36196,26552,36196,0,0,0,0,26554,36198,0,0,26554,36198,
All CA Counties,2020-12-18,45240,81436,45180,81376,60,60,0,0,45240,81437,1,1,45240,81438,
All CA Counties,2020-12-19,25511,106947,25485,106861,26,86,0,0,25510,106946,1,2,25510,106948,
All CA Counties,2020-12-20,19128,126075,19096,125957,32,118,0,0,19126,126070,2,4,19126,126074,
All CA Counties,2020-12-21,49793,175868,49700,175657,93,211,0,0,49794,175862,3,7,49795,175869,
All CA Counties,2020-12-22,50198,226066,48055,223712,2143,2354,0,0,50190,226046,6,13,50190,226059,
All CA Counties,2020-12-23,50759,276825,41935,265647,8824,11178,0,0,50752,276795,6,19,50755,276814,
All CA Counties,2020-12-24,24118,300943,16357,282004,7761,18939,0,0,24113,300905,5,24,24115,300929,
All CA Counties,2020-12-25,2349,303292,2024,284028,325,19264,0,0,2349,303254,0,24,2349,303278,
All CA Counties,2020-12-26,14640,317932,9476,293504,5164,24428,0,0,14638,317890,2,26,14638,317916,
All CA Counties,2020-12-27,9473,327405,5612,299116,3861,28289,0,0,9470,327357,3,29,9470,327386,
All CA Counties,2020-12-28,46214,373619,29592,328708,16622,44911,0,0,46211,373565,3,32,46211,373597,
All CA Counties,2020-12-29,51398,425017,28620,357328,22778,67689,0,0,51391,424952,4,36,51391,424988,
All CA Counties,2020-12-30,63190,488207,35662,392990,27528,95217,0,0,63178,488124,9,45,63181,488169,
All CA Counties,2020-12-31,29601,517808,10948,403938,18653,113870,0,0,29579,517684,20,65,29580,517749,
All CA Counties,2021-01-01,4694,522502,2131,406069,2563,116433,0,0,4686,522363,7,72,4686,522435,
All CA Counties,2021-01-02,18547,541049,10262,416331,8285,124718,0,0,18542,540903,2,74,18542,540977,
All CA Counties,2021-01-03,6204,547253,3511,419842,2693,127411,0,0,6169,547059,13,87,6169,547146,
All CA Counties,2021-01-04,43675,590928,22030,441872,21645,149056,0,0,43595,590614,40,127,43595,590741,
All CA Counties,2021-01-05,56759,647687,29938,471810,26821,175877,0,0,51087,636190,5610,5737,51186,641927,
All CA Counties,2021-01-06,73668,721355,40651,512461,33017,208894,0,0,57930,678602,15558,21295,57970,699897,
All CA Counties,2021-01-07,92774,814129,52844,565305,39930,248824,0,0,61095,708253,31504,52799,61155,761052,
All CA Counties,2021-01-08,107494,921623,64698,630003,42796,291620,0,0,65414,731802,41937,94736,65486,826538,
All CA Counties,2021-01-09,44649,966272,25731,655734,18918,310538,0,0,27939,743087,16683,111419,27968,854506,
All CA Counties,2021-01-10,24475,990747,14964,670698,9511,320049,0,0,13162,744973,11295,122714,13181,867687,
All CA Counties,2021-01-11,105035,1095782,69908,740606,35127,355176,0,0,60927,762017,44061,166775,61105,928792,
All CA Counties,2021-01-12,114330,1210112,67806,808412,46524,401700,0,0,72782,793604,41441,208216,73028,1001820,
All CA Counties,2021-01-13,119919,1330031,62310,870722,57609,459309,0,0,85868,845601,33961,242177,85958,1087778,
All CA Counties,2021-01-14,124767,1454798,50055,920777,74712,534021,0,0,104957,931041,19704,261881,105144,1192922,
All CA Counties,2021-01-15,142579,1597377,52122,972899,90457,624478,0,0,127283,1043366,15196,277077,127521,1320443,
All CA Counties,2021-01-16,81012,1678389,27417,1000316,53595,678073,0,0,73369,1109177,7613,284690,73424,1393867,
All CA Counties,2021-01-17,48358,1726747,16907,1017223,31451,709524,0,0,44664,1150205,3681,288371,44709,1438576,
All CA Counties,2021-01-18,88441,1815188,46116,1063339,42325,751849,0,0,68999,1200017,19367,307738,69179,1507755,
All CA Counties,2021-01-19,142422,1957610,73449,1136788,68973,820822,0,0,111151,1280328,31171,338909,111482,1619237,
All CA Counties,2021-01-20,163750,2121360,84621,1221409,79129,899951,0,0,129437,1375975,34064,372973,129711,1748948,
All CA Counties,2021-01-21,176077,2297437,78815,1300224,97262,997213,0,0,156349,1513214,19494,392467,156733,1905681,
All CA Counties,2021-01-22,170863,2468300,69756,1369980,101107,1098320,0,0,156315,1655284,14405,406872,156475,2062156,
All CA Counties,2021-01-23,112044,2580344,49500,1419480,62544,1160864,0,0,99401,1742233,12576,419448,99525,2161681,
All CA Counties,2021-01-24,61227,2641571,29428,1448908,31799,1192663,0,0,56514,1794140,4674,424122,56581,2218262,
All CA Counties,2021-01-25,145831,2787402,65594,1514502,80237,1272900,0,0,110350,1869543,35332,459454,110735,2328997,
All CA Counties,2021-01-26,169713,2957115,83145,1597647,86568,1359468,0,0,131674,1963604,37886,497340,131947,2460944,
All CA Counties,2021-01-27,183405,3140520,87939,1685586,95466,1454934,0,0,143369,2067510,39686,537026,143592,2604536,
All CA Counties,2021-01-28,188889,3329409,86936,1772522,101953,1556887,0,0,154291,2187762,34278,571304,154530,2759066,
All CA Counties,2021-01-29,184686,3514095,88407,1860929,96279,1653166,0,0,149439,2302786,34599,605903,149623,2908689,
All CA Counties,2021-01-30,124599,3638694,55566,1916495,69033,1722199,0,0,108988,2396497,15429,621332,109140,3017829,
All CA Counties,2021-01-31,69188,3707882,38401,1954896,30787,1752986,0,0,64132,2455690,4997,626329,64190,3082019,
All CA Counties,2021-02-01,162619,3870501,75909,2030805,86710,1839696,0,0,121233,2535871,41183,667512,121364,3203383,
All CA Counties,2021-02-02,186482,4056983,78350,2109155,108132,1947828,0,0,141330,2632584,44843,712355,141556,3344939,
All CA Counties,2021-02-03,212530,4269513,96140,2205295,116390,2064218,0,0,157398,2735659,54578,766933,157653,3502592,
All CA Counties,2021-02-04,229552,4499065,100549,2305844,129003,2193221,0,0,168133,2843342,60816,827749,168499,3671091,
All CA Counties,2021-02-05,247514,4746579,106906,2412750,140608,2333829,0,0,167873,2932991,78775,906524,168424,3839515,
All CA Counties,2021-02-06,156043,4902622,75015,2487765,81028,2414857,0,0,121019,3019719,34789,941313,121517,3961032,
All CA Counties,2021-02-07,67037,4969659,43326,2531091,23711,2438568,0,0,50512,3054253,16429,957742,50963,4011995,
All CA Counties,2021-02-08,181691,5151350,89248,2620339,92443,2531011,0,0,119667,3113142,61534,1019276,120423,4132418,
All CA Counties,2021-02-09,212186,5363536,102053,2722392,110133,2641144,0,0,126818,3156565,84559,1103835,127982,4260400,
All CA Counties,2021-02-10,250315,5613851,120310,2842702,130005,2771149,0,0,137337,3183305,112084,1215919,138824,4399224,
All CA Counties,2021-02-11,267165,5881016,132046,2974748,135119,2906268,0,0,144405,3208010,121514,1337433,146219,4545443,
All CA Counties,2021-02-12,274611,6155627,120138,3094886,154473,3060741,0,0,147568,3231946,126026,1463459,149962,4695405,
All CA Counties,2021-02-13,168836,6324463,78134,3173020,90702,3151443,0,0,93046,3251579,75370,1538829,95003,4790408,
All CA Counties,2021-02-14,96110,6420573,47934,3220954,48176,3199619,0,0,51813,3260834,44104,1582933,53359,4843767,
All CA Counties,2021-02-15,143364,6563937,62825,3283779,80539,3280158,0,0,79082,3279194,63856,1646789,82216,4925983,
All CA Counties,2021-02-16,250832,6814769,118951,3402730,131881,3412039,0,0,133860,3299612,116538,1763327,136956,5062939,
All CA Counties,2021-02-17,261097,7075866,130054,3532784,131043,3543082,0,0,129560,3301483,130908,1894235,132779,5195718,
All CA Counties,2021-02-18,275392,7351258,143551,3676335,131841,3674923,0,0,132887,3296932,141681,2035916,137130,5332848,
All CA Counties,2021-02-19,256734,7607992,148770,3825105,107964,3782887,0,0,131925,3306773,124164,2160080,134005,5466853,
All CA Counties,2021-02-20,156580,7764572,99956,3925061,56624,3839511,0,0,85487,3323511,70737,2230817,87475,5554328,
All CA Counties,2021-02-21,86482,7851054,69859,3994920,16623,3856134,0,0,44420,3327724,41755,2272572,45968,5600296,
All CA Counties,2021-02-22,170428,8021482,114202,4109122,56226,3912360,0,0,84413,3328320,85538,2358110,86134,5686430,
All CA Counties,2021-02-23,232639,8254121,122982,4232104,109657,4022017,0,0,107708,3317902,124121,2482231,113703,5800133,
All CA Counties,2021-02-24,288673,8542794,145919,4378023,142754,4164771,0,0,136612,3310779,151290,2633521,144167,5944300,
All CA Counties,2021-02-25,324736,8867530,160235,4538258,164501,4329272,0,0,169864,3335130,154076,2787597,178427,6122727,
All CA Counties,2021-02-26,358498,9226028,167090,4705348,191408,4520680,0,0,199306,3383568,158167,2945764,206605,6329332,
All CA Counties,2021-02-27,254513,9480541,123743,4829091,130742,4651422,28,28,144616,3423427,109203,3054967,149062,6478394,
All CA Counties,2021-02-28,136650,9617191,81162,4910253,55475,4706897,13,41,79661,3449453,56497,3111464,82523,6560917,
All CA Counties,2021-03-01,245899,9863090,130810,5041063,114941,4821838,148,189,141472,3491568,103519,3214983,145634,6706551,
All CA Counties,2021-03-02,291348,10154438,147087,5188150,144228,4966066,33,222,175597,3558951,115138,3330121,182521,6889072,
All CA Counties,2021-03-03,336821,10491259,167827,5355977,168927,5134993,67,289,194662,3619638,141354,3471475,202041,7091113,
All CA Counties,2021-03-04,354852,10846111,179346,5535323,175406,5310399,100,389,208323,3689427,145667,3617142,215456,7306569,
All CA Counties,2021-03-05,342789,11188900,168085,5703408,173569,5483968,1135,1524,213039,3782009,128851,3745993,221433,7528002,
All CA Counties,2021-03-06,260548,11449448,133705,5837113,118973,5602941,7870,9394,161946,3858372,98126,3844119,174489,7702491,
All CA Counties,2021-03-07,129261,11578709,78807,5915920,46264,5649205,4190,13584,80469,3898121,48567,3892686,88316,7790807,
All CA Counties,2021-03-08,222363,11801072,108648,6024568,103205,5752410,10510,24094,145465,3982591,76434,3969120,160904,7951711,
All CA Counties,2021-03-09,294500,12095572,140588,6165156,137970,5890380,15942,40036,164731,4038054,129217,4098337,184680,8136391,
All CA Counties,2021-03-10,326053,12421625,162204,6327360,139248,6029628,24601,64637,176062,4093592,149224,4247561,204762,8341153,
All CA Counties,2021-03-11,380190,12801815,184023,6511383,162690,6192318,33477,98114,194475,4141042,184643,4432204,232093,8573246,
All CA Counties,2021-03-12,398568,13200383,178007,6689390,174143,6366461,46418,144532,195006,4183928,202587,4634791,245473,8818719,
All CA Counties,2021-03-13,286760,13487143,125472,6814862,130082,6496543,31206,175738,155145,4243344,131096,4765887,190512,9009231,
All CA Counties,2021-03-14,156780,13643923,83547,6898409,58107,6554650,15126,190864,78501,4261270,77928,4843815,95854,9105085,
All CA Counties,2021-03-15,292849,13936772,139996,7038405,132142,6686792,20711,211575,158498,4310388,133465,4977280,182583,9287668,
All CA Counties,2021-03-16,372759,14309531,175252,7213657,180045,6866837,17462,229037,215203,4389515,156703,5133983,235830,9523498,
All CA Counties,2021-03-17,387667,14697198,192275,7405932,176671,7043508,18721,247758,239679,4503368,147033,5281016,260886,9784384,
All CA Counties,2021-03-18,405274,15102472,207831,7613763,179049,7222557,18394,266152,239719,4599249,164329,5445345,260210,10044594,
All CA Counties,2021-03-19,414326,15516798,218212,7831975,174246,7396803,21868,288020,239825,4689558,173412,5618757,263721,10308315,
All CA Counties,2021-03-20,297390,15814188,156024,7987999,125396,7522199,15970,303990,187794,4785990,108819,5727576,205251,10513566,
All CA Counties,2021-03-21,145292,15959480,100334,8088333,37414,7559613,7544,311534,87229,4824520,57622,5785198,96152,10609718,
All CA Counties,2021-03-22,275751,16235231,160751,8249084,103755,7663368,11245,322779,178957,4921847,95912,5881110,193239,10802957,
All CA Counties,2021-03-23,360328,16595559,198882,8447966,150343,7813711,11103,333882,220599,5017423,138714,6019824,234290,11037247,
All CA Counties,2021-03-24,389811,16985370,223215,8671181,154036,7967747,12560,346442,225418,5094446,163023,6182847,240046,11277293,
All CA Counties,2021-03-25,420407,17405777,231808,8902989,173685,8141432,14914,361356,237418,5167365,181540,6364387,254459,11531752,
All CA Counties,2021-03-26,437299,17843076,233828,9136817,187254,8328686,16217,377573,235543,5221541,200398,6564785,254574,11786326,
All CA Counties,2021-03-27,314781,18157857,167102,9303919,135860,8464546,11819,389392,158431,5238598,155425,6720210,172482,11958808,
All CA Counties,2021-03-28,170282,18328139,109454,9413373,57223,8521769,3605,392997,88704,5252183,81077,6801287,94662,12053470,
All CA Counties,2021-03-29,312290,18640429,167792,9581165,135342,8657111,9156,402153,173168,5298759,138238,6939525,184814,12238284,
All CA Counties,2021-03-30,400661,19041090,202903,9784068,179418,8836529,18340,420493,224687,5368432,175087,7114612,244760,12483044,
All CA Counties,2021-03-31,428581,19469671,232756,10016824,173824,9010353,22001,442494,237741,5439499,189653,7304265,260720,12743764,
All CA Counties,2021-04-01,494897,19964568,253125,10269949,200860,9211213,40912,483406,271866,5531855,221428,7525693,313784,13057548,
All CA Counties,2021-04-02,476424,20440992,232129,10502078,200829,9412042,43466,526872,258157,5618110,216876,7742569,303131,13360679,
All CA Counties,2021-04-03,330906,20771898,168666,10670744,120627,9532669,41613,568485,164774,5660116,165402,7907971,207408,13568087,
All CA Counties,2021-04-04,132775,20904673,69282,10740026,44398,9577067,19095,587580,58111,5663110,74305,7982276,77299,13645386,
All CA Counties,2021-04-05,355178,21259851,183046,10923072,132109,9709176,40023,627603,174288,5699676,180095,8162371,216661,13862047,
All CA Counties,2021-04-06,459849,21719700,233116,11156188,160947,9870123,65786,693389,222510,5753449,236303,8398674,290076,14152123,
All CA Counties,2021-04-07,475354,22195054,246866,11403054,158209,10028332,70279,763668,230641,5811646,243627,8642301,301824,14453947,
All CA Counties,2021-04-08,502071,22697125,253308,11656362,163956,10192288,84807,848475,235801,5869386,264939,8907240,322679,14776626,
All CA Counties,2021-04-09,498040,23195165,248194,11904556,169434,10361722,80412,928887,228759,5913351,268084,9175324,312049,15088675,
All CA Counties,2021-04-10,370499,23565664,168840,12073396,127049,10488771,74610,1003497,155262,5931390,214402,9389726,232441,15321116,
All CA Counties,2021-04-11,188735,23754399,105784,12179180,48847,10537618,34104,1037601,77819,5935566,110523,9500249,114699,15435815,
All CA Counties,2021-04-12,342077,24096476,175800,12354980,127918,10665536,38359,1075960,157765,5951965,183228,9683477,199627,15635442,
All CA Counties,2021-04-13,435508,24531984,243838,12598818,190707,10856243,963,1076923,242964,6007500,191406,9874883,246941,15882383,
All CA Counties,2021-04-14,455740,24987724,255579,12854397,199867,11056110,294,1077217,237234,6032361,217185,10092068,242046,16124429,
All CA Counties,2021-04-15,496432,25484156,289233,13143630,206895,11263005,304,1077521,277370,6095455,217422,10309490,280516,16404945,
All CA Counties,2021-04-16,481113,25965269,270570,13414200,210229,11473234,314,1077835,256204,6130976,223435,10532925,258956,16663901,
All CA Counties,2021-04-17,346853,26312122,194027,13608227,152759,11625993,67,1077902,197325,6182992,148540,10681465,200556,16864457,
All CA Counties,2021-04-18,161758,26473880,104090,13712317,57650,11683643,18,1077920,82860,6190496,78415,10759880,85919,16950376,
All CA Counties,2021-04-19,323626,26797506,186089,13898406,137437,11821080,100,1078020,152929,6175743,169648,10929528,154895,17105271,
All CA Counties,2021-04-20,419534,27217040,226740,14125146,192713,12013793,81,1078101,208131,6176860,210180,11139708,211297,17316568,
All CA Counties,2021-04-21,440532,27657572,254752,14379898,185508,12199301,272,1078373,211631,6165018,227181,11366889,215339,17531907,
All CA Counties,2021-04-22,456405,28113977,262561,14642459,193761,12393062,83,1078456,203543,6120604,251284,11618173,206870,17738777,
All CA Counties,2021-04-23,448791,28562768,257876,14900335,190822,12583884,93,1078549,203494,6083823,243745,11861918,206964,17945741,
All CA Counties,2021-04-24,326495,28889263,205248,15105583,121063,12704947,184,1078733,165935,6093692,159530,12021448,169399,18115140,
All CA Counties,2021-04-25,150773,29040036,98787,15204370,51910,12756857,76,1078809,80510,6106001,69750,12091198,82059,18197199,
All CA Counties,2021-04-26,305659,29345695,177836,15382206,126267,12883124,1556,1080365,133555,6074615,171011,12262209,139625,18336824,
All CA Counties,2021-04-27,373564,29719259,207319,15589525,159598,13042722,6647,1087012,151055,6014231,221268,12483477,160884,18497708,
All CA Counties,2021-04-28,359623,30078882,207754,15797279,143925,13186647,7944,1094956,148497,5963151,209886,12693363,158806,18656514,
All CA Counties,2021-04-29,368997,30447879,214213,16011492,146835,13333482,7949,1102905,136170,5877641,231509,12924872,145999,18802513,
All CA Counties,2021-04-30,381667,30829546,220045,16231537,152655,13486137,8967,1111872,145763,5799889,234475,13159347,156723,18959236,
All CA Counties,2021-05-01,248916,31078462,158868,16390405,83918,13570055,6130,1118002,90359,5741008,157598,13316945,98717,19057953,
All CA Counties,2021-05-02,117115,31195577,81848,16472253,31378,13601433,3889,1121891,40956,5710503,75719,13392664,45214,19103167,
All CA Counties,2021-05-03,254382,31449959,156109,16628362,89482,13690915,8791,1130682,77682,5622107,175760,13568424,87364,19190531,
All CA Counties,2021-05-04,333870,31783829,205183,16833545,118861,13809776,9826,1140508,98835,5498067,233886,13802310,109846,19300377,
All CA Counties,2021-05-05,338439,32122268,212035,17045580,116312,13926088,10092,1150600,95802,5363724,241307,14043617,106964,19407341,
All CA Counties,2021-05-06,355385,32477653,233258,17278838,111573,14037661,10554,1161154,90422,5203986,263215,14306832,103477,19510818,
All CA Counties,2021-05-07,352713,32830366,221574,17500412,121237,14158898,9902,1171056,96086,5056070,255161,14561993,107245,19618063,
All CA Counties,2021-05-08,233416,33063782,148858,17649270,77589,14236487,6969,1178025,64387,4960885,168013,14730006,72828,19690891,
All CA Counties,2021-05-09,95416,33159198,72336,17721606,20106,14256593,2974,1180999,25127,4919490,69942,14799948,28547,19719438,
All CA Counties,2021-05-10,206390,33365588,118460,17840066,80046,14336639,7884,1188883,51125,4825418,154389,14954337,60317,19779755,
All CA Counties,2021-05-11,274339,33639927,156614,17996680,109062,14445701,8663,1197546,72555,4707665,200772,15155109,83019,19862774,
All CA Counties,2021-05-12,271736,33911663,158601,18155281,104011,14549712,9124,1206670,72989,4593301,197633,15352742,83269,19946043,
All CA Counties,2021-05-13,316977,34228640,204925,18360206,104634,14654346,7418,1214088,119464,4526531,196317,15549059,129547,20075590,
All CA Counties,2021-05-14,340573,34569213,218709,18578915,112943,14767289,8921,1223009,132947,4464174,206313,15755372,143956,20219546,
All CA Counties,2021-05-15,280212,34849425,195806,18774721,78396,14845685,6010,1229019,115513,4422926,163762,15919134,122514,20342060,
All CA Counties,2021-05-16,141330,34990755,108359,18883080,30019,14875704,2952,1231971,57710,4400865,83134,16002268,61073,20403133,
All CA Counties,2021-05-17,240212,35230967,158230,19041310,74565,14950269,7417,1239388,95169,4360209,144114,16146382,103458,20506591,
All CA Counties,2021-05-18,281642,35512609,171898,19213208,102340,15052609,7404,1246792,109919,4308363,170576,16316958,118730,20625321,
All CA Counties,2021-05-19,275273,35787882,172045,19385253,95662,15148271,7566,1254358,112654,4268178,161535,16478493,121350,20746671,
All CA Counties,2021-05-20,263557,36051439,157553,19542806,97862,15246133,8142,1262500,100319,4216127,162049,16640542,109998,20856669,
All CA Counties,2021-05-21,282256,36333695,173649,19716455,100651,15346784,7956,1270456,106329,4157035,174611,16815153,115519,20972188,
All CA Counties,2021-05-22,204357,36538052,135295,19851750,62838,15409622,6224,1276680,87143,4135143,116398,16931551,94506,21066694,
All CA Counties,2021-05-23,89672,36627724,62864,19914614,24111,15433733,2697,1279377,38627,4126238,50612,16982163,41707,21108401,
All CA Counties,2021-05-24,171141,36798865,100545,20015159,62273,15496006,8323,1287700,64865,4094838,105438,17087601,74038,21182439,
All CA Counties,2021-05-25,189538,36988403,111205,20126364,70291,15566297,8042,1295742,71675,4058871,116815,17204416,80848,21263287,
All CA Counties,2021-05-26,184422,37172825,106161,20232525,70404,15636701,7857,1303599,71553,4027245,111749,17316165,80123,21343410,
All CA Counties,2021-05-27,172158,37344983,98426,20330951,65235,15701936,8497,1312096,69156,4003827,102137,17418302,78719,21422129,
All CA Counties,2021-05-28,188573,37533556,108760,20439711,72696,15774632,7117,1319213,81204,3986897,106370,17524672,89440,21511569,
All CA Counties,2021-05-29,106822,37640378,65571,20505282,37424,15812056,3827,1323040,49817,3984589,56453,17581125,54145,21565714,
All CA Counties,2021-05-30,47030,37687408,31045,20536327,13527,15825583,2458,1325498,20579,3981640,26201,17607326,23252,21588966,
All CA Counties,2021-05-31,19787,37707195,11654,20547981,7159,15832742,974,1326472,6429,3975964,13193,17620519,7517,21596483,
All CA Counties,2021-06-01,168149,37875344,98105,20646086,62960,15895702,7084,1333556,59420,3935629,107725,17728244,67390,21663873,
All CA Counties,2021-06-02,142575,38017919,84328,20730414,51139,15946841,7108,1340664,53787,3909309,87873,17816117,61553,21725426,
All CA Counties,2021-06-03,170711,38188630,116773,20847187,46886,15993727,7052,1347716,51821,3851152,118031,17934148,59874,21785300,
All CA Counties,2021-06-04,199206,38387836,140322,20987509,52695,16046422,6189,1353905,59464,3779966,138674,18072822,67488,21852788,
All CA Counties,2021-06-05,157227,38545063,118682,21106191,32912,16079334,5633,1359538,43572,3717250,112868,18185690,50152,21902940,
All CA Counties,2021-06-06,63778,38608841,53740,21159931,7826,16087160,2212,1361750,16923,3690624,46560,18232250,19934,21922874,
All CA Counties,2021-06-07,136398,38745239,100173,21260104,30357,16117517,5868,1367618,40100,3641621,95682,18327932,46679,21969553,
All CA Counties,2021-06-08,158013,38903252,114730,21374834,36499,16154016,6784,1374402,46829,3585989,110273,18438205,54641,22024194,
All CA Counties,2021-06-09,152171,39055423,110726,21485560,34690,16188706,6755,1381157,42192,3526687,109155,18547360,49853,22074047,
All CA Counties,2021-06-10,146475,39201898,105511,21591071,33631,16222337,7333,1388490,42907,3475130,102840,18650200,51283,22125330,
All CA Counties,2021-06-11,158818,39360716,111574,21702645,40524,16262861,6720,1395210,49333,3423496,108589,18758789,56955,22182285,
All CA Counties,2021-06-12,114715,39475431,86947,21789592,24056,16286917,3712,1398922,32713,3379129,81451,18840240,37084,22219369,
All CA Counties,2021-06-13,44683,39520114,33308,21822900,9325,16296242,2050,1400972,11078,3359289,33359,18873599,13519,22232888,
All CA Counties,2021-06-14,115140,39635254,81865,21904765,26525,16322767,6750,1407722,37785,3327692,76742,18950341,45145,22278033,
All CA Counties,2021-06-15,131550,39766804,88836,21993601,33939,16356706,8775,1416497,43950,3294568,86742,19037083,53618,22331651,
All CA Counties,2021-06-16,120710,39887514,85023,22078624,27987,16384693,7700,1424197,41457,3265964,78504,19115587,49900,22381551,
All CA Counties,2021-06-17,113975,40001489,79064,22157688,27079,16411772,7832,1432029,40174,3241538,73061,19188648,48635,22430186,
All CA Counties,2021-06-18,128397,40129886,88991,22246679,31938,16443710,7468,1439497,45933,3214112,81580,19270228,54154,22484340,
All CA Counties,2021-06-19,76408,40206294,55538,22302217,16868,16460578,4002,1443499,28628,3200061,47186,19317414,33135,22517475,
All CA Counties,2021-06-20,30630,40236924,23069,22325286,6209,16466787,1352,1444851,11508,3194231,18906,19336320,13076,22530551,
All CA Counties,2021-06-21,71091,40308015,44574,22369860,20521,16487308,5996,1450847,36443,3202924,34263,19370583,42956,22573507,
All CA Counties,2021-06-22,100239,40408254,70038,22439898,24341,16511649,5860,1456707,39012,3187824,60630,19431213,45530,22619037,
All CA Counties,2021-06-23,93680,40501934,66188,22506086,21781,16533430,5711,1462418,38120,3177259,54990,19486203,44425,22663462,
All CA Counties,2021-06-24,90744,40592678,63434,22569520,21781,16555211,5529,1467947,36707,3166658,53400,19539603,42799,22706261,
All CA Counties,2021-06-25,104769,40697447,74253,22643773,25219,16580430,5297,1473244,42700,3153802,61442,19601045,48586,22754847,
All CA Counties,2021-06-26,67363,40764810,50838,22694611,13462,16593892,3063,1476307,27737,3145893,39262,19640307,31353,22786200,
All CA Counties,2021-06-27,31375,40796185,24128,22718739,5720,16599612,1527,1477834,13363,3143172,17837,19658144,15116,22801316,
All CA Counties,2021-06-28,71361,40867546,55327,22774066,11697,16611309,4337,1482171,31163,3139382,39751,19697895,35961,22837277,
All CA Counties,2021-06-29,82985,40950531,58945,22833011,19873,16631182,4167,1486338,34870,3131365,47610,19745505,39593,22876870,
All CA Counties,2021-06-30,77669,41028200,55903,22888914,17963,16649145,3803,1490141,34579,3127697,42594,19788099,38926,22915796,
All CA Counties,2021-07-01,72449,41100649,52394,22941308,16250,16665395,3805,1493946,31757,3123509,40260,19828359,36072,22951868,
All CA Counties,2021-07-02,81430,41182079,58547,22999855,19196,16684591,3687,1497633,35888,3118534,45030,19873389,40055,22991923,
All CA Counties,2021-07-03,29284,41211363,20898,23020753,7171,16691762,1215,1498848,12423,3115655,16644,19890033,13765,23005688,
All CA and Non-CA Counties,2020-12-15,1168,1168,1168,1168,0,0,0,0,1168,1168,0,0,1168,1168,
All CA and Non-CA Counties,2020-12-16,8760,9928,8760,9928,0,0,0,0,8760,9928,0,0,8760,9928,
All CA and Non-CA Counties,2020-12-17,28143,38071,28143,38071,0,0,0,0,28143,38071,0,0,28143,38071,
All CA and Non-CA Counties,2020-12-18,47771,85842,47704,85775,67,67,0,0,47770,85840,1,1,47770,85841,
All CA and Non-CA Counties,2020-12-19,26545,112387,26518,112293,27,94,0,0,26544,112383,1,2,26544,112385,
All CA and Non-CA Counties,2020-12-20,19805,132192,19770,132063,35,129,0,0,19803,132184,2,4,19803,132188,
All CA and Non-CA Counties,2020-12-21,51967,184159,51871,183934,96,225,0,0,51964,184146,3,7,51965,184153,
All CA and Non-CA Counties,2020-12-22,52256,236415,50038,233972,2218,2443,0,0,52248,236388,6,13,52248,236401,
All CA and Non-CA Counties,2020-12-23,52287,288702,43320,277292,8967,11410,0,0,52279,288663,7,20,52282,288683,
All CA and Non-CA Counties,2020-12-24,24918,313620,16967,294259,7951,19361,0,0,24913,313573,5,25,24915,313598,
All CA and Non-CA Counties,2020-12-25,2384,316004,2054,296313,330,19691,0,0,2384,315957,0,25,2384,315982,
All CA and Non-CA Counties,2020-12-26,14947,330951,9683,305996,5264,24955,0,0,14945,330900,2,27,14945,330927,
All CA and Non-CA Counties,2020-12-27,9662,340613,5684,311680,3978,28933,0,0,9659,340556,3,30,9659,340586,
All CA and Non-CA Counties,2020-12-28,47623,388236,30489,342169,17134,46067,0,0,47619,388172,3,33,47619,388205,
All CA and Non-CA Counties,2020-12-29,52941,441177,29641,371810,23300,69367,0,0,52935,441103,4,37,52935,441140,
All CA and Non-CA Counties,2020-12-30,65119,506296,36936,408746,28183,97550,0,0,65107,506204,9,46,65110,506250,
All CA and Non-CA Counties,2020-12-31,30701,536997,11543,420289,19158,116708,0,0,30677,536861,21,67,30678,536928,
All CA and Non-CA Counties,2021-01-01,4813,541810,2159,422448,2654,119362,0,0,4805,541659,7,74,4805,541733,
All CA and Non-CA Counties,2021-01-02,18792,560602,10396,432844,8396,127758,0,0,18786,560442,3,77,18786,560519,
All CA and Non-CA Counties,2021-01-03,6375,566977,3602,436446,2773,130531,0,0,6340,566769,13,90,6340,566859,
All CA and Non-CA Counties,2021-01-04,44822,611799,22541,458987,22281,152812,0,0,44736,611464,41,131,44736,611595,
All CA and Non-CA Counties,2021-01-05,58307,670106,30760,489747,27547,180359,0,0,52442,658205,5801,5932,52542,664137,
All CA and Non-CA Counties,2021-01-06,76337,746443,42231,531978,34106,214465,0,0,59868,701827,16286,22218,59908,724045,
All CA and Non-CA Counties,2021-01-07,96949,843392,55434,587412,41515,255980,0,0,63624,732366,33147,55365,63686,787731,
All CA and Non-CA Counties,2021-01-08,111970,955362,67602,655014,44368,300348,0,0,68029,756680,43790,99155,68104,855835,
All CA and Non-CA Counties,2021-01-09,45961,1001323,26270,681284,19691,320039,0,0,28923,768623,17011,116166,28954,884789,
All CA and Non-CA Counties,2021-01-10,24791,1026114,15152,696436,9639,329678,0,0,13357,770583,11416,127582,13376,898165,
All CA and Non-CA Counties,2021-01-11,108314,1134428,71921,768357,36393,366071,0,0,62880,788255,45386,172968,63058,961223,
All CA and Non-CA Counties,2021-01-12,118169,1252597,70104,838461,48065,414136,0,0,75083,820614,42974,215942,75333,1036556,
All CA and Non-CA Counties,2021-01-13,123560,1376157,64093,902554,59467,473603,0,0,88331,873900,35139,251081,88425,1124981,
All CA and Non-CA Counties,2021-01-14,128423,1504580,51320,953874,77103,550706,0,0,107967,961721,20336,271417,108157,1233138,
All CA and Non-CA Counties,2021-01-15,146762,1651342,53124,1006998,93638,644344,0,0,130989,1077287,15661,287078,131227,1364365,
All CA and Non-CA Counties,2021-01-16,83659,1735001,27813,1034811,55846,700190,0,0,75841,1145397,7786,294864,75896,1440261,
All CA and Non-CA Counties,2021-01-17,48868,1783869,17063,1051874,31805,731995,0,0,45125,1186837,3730,298594,45170,1485431,
All CA and Non-CA Counties,2021-01-18,89684,1873553,46941,1098815,42743,774738,0,0,69783,1236976,19825,318419,69964,1555395,
All CA and Non-CA Counties,2021-01-19,146532,2020085,74809,1173624,71723,846461,0,0,114357,1319594,32073,350492,114691,1670086,
All CA and Non-CA Counties,2021-01-20,168259,2188344,86127,1259751,82132,928593,0,0,132951,1417765,35055,385547,133226,1803312,
All CA and Non-CA Counties,2021-01-21,180357,2368701,80037,1339788,100320,1028913,0,0,160051,1558143,20057,405604,160435,1963747,
All CA and Non-CA Counties,2021-01-22,175516,2544217,70885,1410673,104631,1133544,0,0,160545,1704032,14818,420422,160707,2124454,
All CA and Non-CA Counties,2021-01-23,114342,2658559,49852,1460525,64490,1198034,0,0,101525,1792934,12747,433169,101649,2226103,
All CA and Non-CA Counties,2021-01-24,61829,2720388,29681,1490206,32148,1230182,0,0,57037,1845284,4754,437923,57104,2283207,
All CA and Non-CA Counties,2021-01-25,150413,2870801,67583,1557789,82830,1313012,0,0,114054,1923524,36201,474124,114441,2397648,
All CA and Non-CA Counties,2021-01-26,175869,3046670,86163,1643952,89706,1402718,0,0,136958,2022002,38760,512884,137238,2534886,
All CA and Non-CA Counties,2021-01-27,188574,3235244,90692,1734644,97882,1500600,0,0,147889,2129787,40329,553213,148114,2683000,
All CA and Non-CA Counties,2021-01-28,194302,3429546,89916,1824560,104386,1604986,0,0,159101,2254253,34874,588087,159340,2842340,
All CA and Non-CA Counties,2021-01-29,189735,3619281,91603,1916163,98132,1703118,0,0,153677,2372709,35407,623494,153863,2996203,
All CA and Non-CA Counties,2021-01-30,129048,3748329,57997,1974160,71051,1774169,0,0,113204,2470403,15663,639157,113357,3109560,
All CA and Non-CA Counties,2021-01-31,72479,3820808,41263,2015423,31216,1805385,0,0,67360,2532764,5059,644216,67420,3176980,
All CA and Non-CA Counties,2021-02-01,168291,3989099,78572,2093995,89719,1895104,0,0,126163,2617140,41918,686134,126294,3303274,
All CA and Non-CA Counties,2021-02-02,193447,4182546,80643,2174638,112804,2007908,0,0,147549,2719340,45575,731709,147775,3451049,
All CA and Non-CA Counties,2021-02-03,220083,4402629,98291,2272929,121792,2129700,0,0,164046,2828169,55473,787182,164302,3615351,
All CA and Non-CA Counties,2021-02-04,236545,4639174,102784,2375713,133761,2263461,0,0,174079,2940768,61847,849029,174446,3789797,
All CA and Non-CA Counties,2021-02-05,254370,4893544,109154,2484867,145216,2408677,0,0,173615,3035054,79880,928909,174166,3963963,
All CA and Non-CA Counties,2021-02-06,160500,5054044,77202,2562069,83298,2491975,0,0,124997,3125294,35258,964167,125498,4089461,
All CA and Non-CA Counties,2021-02-07,69270,5123314,45162,2607231,24108,2516083,0,0,52655,3161885,16517,980684,53108,4142569,
All CA and Non-CA Counties,2021-02-08,187048,5310362,92635,2699866,94413,2610496,0,0,123919,3223932,62628,1043312,124675,4267244,
All CA and Non-CA Counties,2021-02-09,216495,5526857,103988,2803854,112507,2723003,0,0,129789,3269015,85884,1129196,130967,4398211,
All CA and Non-CA Counties,2021-02-10,256025,5782882,122295,2926149,133730,2856733,0,0,140539,3296506,114576,1243772,142067,4540278,
All CA and Non-CA Counties,2021-02-11,272157,6055039,134411,3060560,137746,2994479,0,0,147996,3323435,122899,1366671,149828,4690106,
All CA and Non-CA Counties,2021-02-12,279973,6335012,122149,3182709,157824,3152303,0,0,151024,3348943,127914,1494585,153422,4843528,
All CA and Non-CA Counties,2021-02-13,171289,6506301,78879,3261588,92410,3244713,0,0,94908,3369863,75957,1570542,96877,4940405,
All CA and Non-CA Counties,2021-02-14,97484,6603785,48364,3309952,49120,3293833,0,0,52927,3379983,44355,1614897,54475,4994880,
All CA and Non-CA Counties,2021-02-15,146061,6749846,64482,3374434,81579,3375412,0,0,80380,3398264,65236,1680133,83517,5078397,
All CA and Non-CA Counties,2021-02-16,257437,7007283,121970,3496404,135467,3510879,0,0,136490,3417360,120495,1800628,139591,5217988,
All CA and Non-CA Counties,2021-02-17,267202,7274485,133167,3629571,134035,3644914,0,0,131424,3416872,135136,1935764,134648,5352636,
All CA and Non-CA Counties,2021-02-18,282175,7556660,147497,3777068,134678,3779592,0,0,134999,3409799,146316,2082080,139243,5491879,
All CA and Non-CA Counties,2021-02-19,262840,7819500,153049,3930117,109791,3889383,0,0,134452,3418603,127730,2209810,136534,5628413,
All CA and Non-CA Counties,2021-02-20,160117,7979617,102826,4032943,57291,3946674,0,0,86768,3434374,72986,2282796,88757,5717170,
All CA and Non-CA Counties,2021-02-21,89610,8069227,72753,4105696,16857,3963531,0,0,45343,3437319,43946,2326742,46891,5764061,
All CA and Non-CA Counties,2021-02-22,174176,8243403,116959,4222655,57217,4020748,0,0,86105,3437564,87586,2414328,87831,5851892,
All CA and Non-CA Counties,2021-02-23,239503,8482906,126685,4349340,112818,4133566,0,0,110173,3425337,128411,2542739,116184,5968076,
All CA and Non-CA Counties,2021-02-24,295456,8778362,149574,4498914,145882,4279448,0,0,139118,3416499,155516,2698255,146678,6114754,
All CA and Non-CA Counties,2021-02-25,331745,9110107,163803,4662717,167942,4447390,0,0,172967,3440088,157945,2856200,181534,6296288,
All CA and Non-CA Counties,2021-02-26,365421,9475528,170744,4833461,194677,4642067,0,0,202408,3487906,161890,3018090,209708,6505996,
All CA and Non-CA Counties,2021-02-27,260030,9735558,126531,4959992,133470,4775537,29,29,146510,3526067,112799,3130889,150960,6656956,
All CA and Non-CA Counties,2021-02-28,139115,9874673,82943,5042935,56158,4831695,14,43,80477,3551270,58139,3189028,83342,6740298,
All CA and Non-CA Counties,2021-03-01,250933,10125606,134000,5176935,116784,4948479,149,192,142865,3591158,107145,3296173,147033,6887331,
All CA and Non-CA Counties,2021-03-02,298119,10423725,149600,5326535,148486,5096965,33,225,177686,3655971,119799,3415972,184612,7071943,
All CA and Non-CA Counties,2021-03-03,344798,10768523,170975,5497510,173754,5270719,69,294,197374,3714136,146593,3562565,204758,7276701,
All CA and Non-CA Counties,2021-03-04,361754,11130277,182304,5679814,179343,5450062,107,401,210663,3781739,150202,3712767,217805,7494506,
All CA and Non-CA Counties,2021-03-05,348116,11478393,170775,5850589,176191,5626253,1150,1551,215803,3874559,131400,3844167,224220,7718726,
All CA and Non-CA Counties,2021-03-06,265178,11743571,135863,5986452,121289,5747542,8026,9577,164297,3951163,100401,3944568,177005,7895731,
All CA and Non-CA Counties,2021-03-07,130872,11874443,79840,6066292,46786,5794328,4246,13823,81444,3991314,49198,3993766,89349,7985080,
All CA and Non-CA Counties,2021-03-08,225537,12099980,110532,6176824,104243,5898571,10762,24585,147689,4077348,77354,4071120,163388,8148468,
All CA and Non-CA Counties,2021-03-09,299263,12399243,143041,6319865,139960,6038531,16262,40847,167526,4133969,131174,4202294,187795,8336263,
All CA and Non-CA Counties,2021-03-10,330554,12729797,164360,6484225,141074,6179605,25120,65967,178797,4191014,150976,4353270,208021,8544284,
All CA and Non-CA Counties,2021-03-11,386458,13116255,187226,6671451,165059,6344664,34173,100140,197784,4239527,187585,4540855,236098,8780382,
All CA and Non-CA Counties,2021-03-12,405148,13521403,181966,6853417,176030,6520694,47152,147292,198575,4283725,205576,4746431,249774,9030156,
All CA and Non-CA Counties,2021-03-13,290600,13812003,127674,6981091,131246,6651940,31680,178972,157745,4344986,132324,4878755,193585,9223741,
All CA and Non-CA Counties,2021-03-14,158597,13970600,84482,7065573,58648,6710588,15467,194439,79487,4363414,78752,4957507,97180,9320921,
All CA and Non-CA Counties,2021-03-15,296938,14267538,142138,7207711,133615,6844203,21185,215624,160670,4413274,135371,5092878,185231,9506152,
All CA and Non-CA Counties,2021-03-16,380376,14647914,179668,7387379,182851,7027054,17857,233481,219385,4493559,160115,5252993,240400,9746552,
All CA and Non-CA Counties,2021-03-17,396190,15044104,197788,7585167,179300,7206354,19102,252583,244781,4609491,150438,5403431,266370,10012922,
All CA and Non-CA Counties,2021-03-18,413653,15457757,213008,7798175,181703,7388057,18942,271525,244536,4707189,167876,5571307,265574,10278496,
All CA and Non-CA Counties,2021-03-19,421708,15879465,222596,8020771,176698,7564755,22414,293939,244220,4799470,176385,5747692,268666,10547162,
All CA and Non-CA Counties,2021-03-20,302184,16181649,159182,8179953,126941,7691696,16061,310000,191441,4898511,109949,5857641,208990,10756152,
All CA and Non-CA Counties,2021-03-21,147407,16329056,101782,8281735,37992,7729688,7633,317633,88911,4938383,58050,5915691,97922,10854074,
All CA and Non-CA Counties,2021-03-22,279071,16608127,162758,8444493,104979,7834667,11334,328967,181221,5037021,96953,6012644,195591,11049665,
All CA and Non-CA Counties,2021-03-23,366476,16974603,202014,8646507,153048,7987715,11414,340381,224730,5135054,140699,6153343,238732,11288397,
All CA and Non-CA Counties,2021-03-24,397185,17371788,226995,8873502,157181,8144896,13009,353390,230479,5215286,165322,6318665,245554,11533951,
All CA and Non-CA Counties,2021-03-25,428705,17800493,235659,9109161,177606,8322502,15440,368830,243425,5292470,183809,6502474,260993,11794944,
All CA and Non-CA Counties,2021-03-26,444027,18244520,237384,9346545,190242,8512744,16401,385231,239967,5348982,202668,6705142,259180,12054124,
All CA and Non-CA Counties,2021-03-27,320363,18564883,170228,9516773,138095,8650839,12040,397271,161927,5367678,157500,6862642,176196,12230320,
All CA and Non-CA Counties,2021-03-28,173383,18738266,111114,9627887,58503,8709342,3766,401037,90701,5382327,82171,6944813,96820,12327140,
All CA and Non-CA Counties,2021-03-29,317532,19055798,170120,9798007,137908,8847250,9504,410541,176164,5430014,140471,7085284,188158,12515298,
All CA and Non-CA Counties,2021-03-30,407599,19463397,206557,10004564,182133,9029383,18909,429450,228787,5501542,177908,7263192,249436,12764734,
All CA and Non-CA Counties,2021-03-31,434997,19898394,236588,10241152,175621,9205004,22788,452238,241154,5573809,192647,7455839,264914,13029648,
All CA and Non-CA Counties,2021-04-01,502540,20400934,257708,10498860,203258,9408262,41574,493812,276295,5668047,224626,7680465,318864,13348512,
All CA and Non-CA Counties,2021-04-02,484923,20885857,236650,10735510,203659,9611921,44614,538426,262547,5755737,220972,7901437,308662,13657174,
All CA and Non-CA Counties,2021-04-03,337227,21223084,172453,10907963,122002,9733923,42772,581198,168137,5799315,168351,8069788,211929,13869103,
All CA and Non-CA Counties,2021-04-04,134576,21357660,70167,10978130,45074,9778997,19335,600533,59094,5802713,75120,8144908,78518,13947621,
All CA and Non-CA Counties,2021-04-05,359380,21717040,185088,11163218,133596,9912593,40696,641229,176293,5839767,182280,8327188,219334,14166955,
All CA and Non-CA Counties,2021-04-06,467063,22184103,236989,11400207,162638,10075231,67436,708665,225399,5893769,240607,8567795,294609,14461564,
All CA and Non-CA Counties,2021-04-07,483676,22667779,251551,11651758,160137,10235368,71988,780653,233876,5951828,248699,8816494,306758,14768322,
All CA and Non-CA Counties,2021-04-08,510392,23178171,257685,11909443,165947,10401315,86760,867413,239121,6009839,269926,9086420,327937,15096259,
All CA and Non-CA Counties,2021-04-09,505667,23683838,252100,12161543,171183,10572498,82384,949797,231687,6054011,272764,9359184,316936,15413195,
All CA and Non-CA Counties,2021-04-10,376635,24060473,171846,12333389,128315,10700813,76474,1026271,156953,6071159,218833,9578017,235981,15649176,
All CA and Non-CA Counties,2021-04-11,191616,24252089,107360,12440749,49502,10750315,34754,1061025,78793,6075054,112424,9690441,116319,15765495,
All CA and Non-CA Counties,2021-04-12,346308,24598397,178168,12618917,129215,10879530,38925,1099950,159647,6091560,185569,9876010,202075,15967570,
All CA and Non-CA Counties,2021-04-13,441405,25039802,247608,12866525,192809,11072339,988,1100938,246008,6147320,194250,10070260,250010,16217580,
All CA and Non-CA Counties,2021-04-14,461262,25501064,259121,13125646,201843,11274182,298,1101236,240271,6172748,219659,10289919,245087,16462667,
All CA and Non-CA Counties,2021-04-15,502653,26003717,293153,13418799,209189,11483371,311,1101547,280710,6236362,220249,10510168,283863,16746530,
All CA and Non-CA Counties,2021-04-16,487097,26490814,274003,13692802,212773,11696144,321,1101868,259538,6272593,226069,10736237,262300,17008830,
All CA and Non-CA Counties,2021-04-17,352427,26843241,197538,13890340,154821,11850965,68,1101936,200545,6325490,150880,10887117,203777,17212607,
All CA and Non-CA Counties,2021-04-18,163977,27007218,105365,13995705,58593,11909558,19,1101955,83947,6332958,79541,10966658,87009,17299616,
All CA and Non-CA Counties,2021-04-19,327841,27335059,188121,14183826,139619,12049177,101,1102056,155091,6318332,171687,11138345,157061,17456677,
All CA and Non-CA Counties,2021-04-20,425081,27760140,229319,14413145,195680,12244857,82,1102138,210424,6318504,213418,11351763,213590,17670267,
All CA and Non-CA Counties,2021-04-21,447254,28207394,257683,14670828,189293,12434150,278,1102416,214108,6304921,231406,11583169,217823,17888090,
All CA and Non-CA Counties,2021-04-22,463401,28670795,266181,14937009,197135,12631285,85,1102501,206128,6258700,255679,11838848,209458,18097548,
All CA and Non-CA Counties,2021-04-23,454802,29125597,260969,15197978,193739,12825024,94,1102595,205991,6220926,247238,12086086,209464,18307012,
All CA and Non-CA Counties,2021-04-24,331205,29456802,208328,15406306,122688,12947712,189,1102784,167835,6229902,162331,12248417,171307,18478319,
All CA and Non-CA Counties,2021-04-25,153011,29609813,100044,15506350,52890,13000602,77,1102861,81686,6242334,70807,12319224,83239,18561558,
All CA and Non-CA Counties,2021-04-26,309893,29919706,179741,15686091,128568,13129170,1584,1104445,135479,6210603,173308,12492532,141577,18703135,
All CA and Non-CA Counties,2021-04-27,379360,30299066,209510,15895601,162831,13292001,7019,1111464,153084,6148875,225021,12717553,163293,18866428,
All CA and Non-CA Counties,2021-04-28,364616,30663682,209919,16105520,146354,13438355,8343,1119807,150474,6097165,212887,12930440,161177,19027605,
All CA and Non-CA Counties,2021-04-29,373985,31037667,216573,16322093,149030,13587385,8382,1128189,138071,6010924,234573,13165013,148332,19175937,
All CA and Non-CA Counties,2021-04-30,386665,31424332,222486,16544579,154782,13742167,9397,1137586,147669,5932434,237552,13402565,159062,19334999,
All CA and Non-CA Counties,2021-05-01,252148,31676480,160736,16705315,84852,13827019,6560,1144146,91683,5873414,159491,13562056,100471,19435470,
All CA and Non-CA Counties,2021-05-02,118981,31795461,82942,16788257,32026,13859045,4013,1148159,41784,5842829,76751,13638807,46166,19481636,
All CA and Non-CA Counties,2021-05-03,257327,32052788,157721,16945978,90527,13949572,9079,1157238,78815,5754049,177563,13816370,88783,19570419,
All CA and Non-CA Counties,2021-05-04,337901,32390689,207365,17153343,120268,14069840,10268,1167506,100182,5629121,236561,14052931,111633,19682052,
All CA and Non-CA Counties,2021-05-05,342971,32733660,214587,17367930,117920,14187760,10464,1177970,97440,5493906,244192,14297123,108977,19791029,
All CA and Non-CA Counties,2021-05-06,359955,33093615,236076,17604006,112980,14300740,10899,1188869,92026,5333157,266174,14563297,105425,19896454,
All CA and Non-CA Counties,2021-05-07,357430,33451045,224315,17828321,122824,14423564,10291,1199160,97716,5184190,258231,14821528,109264,20005718,
All CA and Non-CA Counties,2021-05-08,236707,33687752,151088,17979409,78399,14501963,7220,1206380,65478,5088158,170203,14991731,74171,20079889,
All CA and Non-CA Counties,2021-05-09,96826,33784578,73274,18052683,20452,14522415,3100,1209480,25708,5046644,70766,15062497,29252,20109141,
All CA and Non-CA Counties,2021-05-10,208988,33993566,119662,18172345,81110,14603525,8216,1217696,52038,4952143,156065,15218562,61564,20170705,
All CA and Non-CA Counties,2021-05-11,277446,34271012,158140,18330485,110336,14713861,8970,1226666,73729,4833946,202701,15421263,84504,20255209,
All CA and Non-CA Counties,2021-05-12,274994,34546006,160186,18490671,105357,14819218,9451,1236117,74247,4719172,199627,15620890,84853,20340062,
All CA and Non-CA Counties,2021-05-13,320219,34866225,206823,18697494,105765,14924983,7631,1243748,120877,4652205,198141,15819031,131174,20471236,
All CA and Non-CA Counties,2021-05-14,344173,35210398,220748,18918242,114264,15039247,9161,1252909,134547,4589699,208304,16027335,145798,20617034,
All CA and Non-CA Counties,2021-05-15,282891,35493289,197392,19115634,79346,15118593,6153,1259062,116670,4548238,165277,16192612,123816,20740850,
All CA and Non-CA Counties,2021-05-16,143014,35636303,109448,19225082,30544,15149137,3022,1262084,58484,4526115,84041,16276653,61918,20802768,
All CA and Non-CA Counties,2021-05-17,243296,35879599,159878,19384960,75763,15224900,7655,1269739,96485,4485249,145877,16422530,105011,20907779,
All CA and Non-CA Counties,2021-05-18,284930,36164529,173565,19558525,103640,15328540,7725,1277464,111383,4433382,172385,16594915,120518,21028297,
All CA and Non-CA Counties,2021-05-19,278647,36443176,173741,19732266,97071,15425611,7835,1285299,114108,4393009,163445,16758360,123072,21151369,
All CA and Non-CA Counties,2021-05-20,266728,36709904,159313,19891579,99023,15524634,8392,1293691,101736,4340886,163790,16922150,111667,21263036,
All CA and Non-CA Counties,2021-05-21,285469,36995373,175439,20067018,101822,15626456,8208,1301899,107687,4281562,176453,17098603,117129,21380165,
All CA and Non-CA Counties,2021-05-22,207162,37202535,137132,20204150,63602,15690058,6428,1308327,88640,4260075,117695,17216298,96208,21476373,
All CA and Non-CA Counties,2021-05-23,91236,37293771,63889,20268039,24572,15714630,2775,1311102,39419,4251271,51382,17267680,42578,21518951,
All CA and Non-CA Counties,2021-05-24,173573,37467344,101711,20369750,63192,15777822,8670,1319772,65934,4219935,106790,17374470,75454,21594405,
All CA and Non-CA Counties,2021-05-25,191926,37659270,112316,20482066,71227,15849049,8383,1328155,72682,4183941,118187,17492657,82193,21676598,
All CA and Non-CA Counties,2021-05-26,186815,37846085,107267,20589333,71335,15920384,8213,1336368,72538,4152260,113146,17605803,81465,21758063,
All CA and Non-CA Counties,2021-05-27,174346,38020431,99511,20688844,66047,15986431,8788,1345156,70132,4128901,103343,17709146,79984,21838047,
All CA and Non-CA Counties,2021-05-28,191024,38211455,109993,20798837,73557,16059988,7474,1352630,82306,4112089,107712,17816858,90900,21928947,
All CA and Non-CA Counties,2021-05-29,108513,38319968,66427,20865264,37904,16097892,4182,1356812,50535,4109885,57422,17874280,55218,21984165,
All CA and Non-CA Counties,2021-05-30,47953,38367921,31611,20896875,13759,16111651,2583,1359395,21034,4107052,26665,17900945,23832,22007997,
All CA and Non-CA Counties,2021-05-31,20214,38388135,11841,20908716,7359,16119010,1014,1360409,6612,4101366,13426,17914371,7740,22015737,
All CA and Non-CA Counties,2021-06-01,170306,38558441,99242,21007958,63672,16182682,7392,1367801,60429,4061206,108867,18023238,68707,22084444,
All CA and Non-CA Counties,2021-06-02,144598,38703039,85332,21093290,51810,16234492,7456,1375257,54703,4035053,88970,18112208,62817,22147261,
All CA and Non-CA Counties,2021-06-03,172875,38875914,117964,21211254,47546,16282038,7365,1382622,52790,3976989,119219,18231427,61155,22208416,
All CA and Non-CA Counties,2021-06-04,201747,39077661,141742,21352996,53499,16335537,6506,1389128,60547,3905750,140126,18371553,68887,22277303,
All CA and Non-CA Counties,2021-06-05,158965,39236626,119893,21472889,33274,16368811,5798,1394926,44348,3843020,113824,18485377,51094,22328397,
All CA and Non-CA Counties,2021-06-06,64735,39301361,54459,21527348,7980,16376791,2296,1397222,17372,3816421,47066,18532443,20467,22348864,
All CA and Non-CA Counties,2021-06-07,138337,39439698,101221,21628569,30916,16407707,6200,1403422,40902,3767415,96818,18629261,47812,22396676,
All CA and Non-CA Counties,2021-06-08,160091,39599789,115911,21744480,37048,16444755,7132,1410554,47619,3711637,111556,18740817,55778,22452454,
All CA and Non-CA Counties,2021-06-09,154158,39753947,111913,21856393,35204,16479959,7041,1417595,42996,3652250,110328,18851145,50941,22503395,
All CA and Non-CA Counties,2021-06-10,148434,39902381,106653,21963046,34139,16514098,7642,1425237,43742,3600718,103960,18955105,52428,22555823,
All CA and Non-CA Counties,2021-06-11,160987,40063368,112821,22075867,41117,16555215,7049,1432286,50251,3549089,109832,19064937,58203,22614026,
All CA and Non-CA Counties,2021-06-12,116351,40179719,88169,22164036,24342,16579557,3840,1436126,33361,3504516,82435,19147372,37862,22651888,
All CA and Non-CA Counties,2021-06-13,45634,40225353,33957,22197993,9526,16589083,2151,1438277,11491,3484656,33893,19181265,14033,22665921,
All CA and Non-CA Counties,2021-06-14,116908,40342261,82859,22280852,26999,16616082,7050,1445327,38527,3453079,77762,19259027,46185,22712106,
All CA and Non-CA Counties,2021-06-15,133286,40475547,89796,22370648,34439,16650521,9051,1454378,44721,3420044,87700,19346727,54665,22766771,
All CA and Non-CA Counties,2021-06-16,122393,40597940,86021,22456669,28448,16678969,7924,1462302,42263,3391602,79372,19426099,50930,22817701,
All CA and Non-CA Counties,2021-06-17,115843,40713783,80100,22536769,27555,16706524,8188,1470490,41024,3367368,74075,19500174,49841,22867542,
All CA and Non-CA Counties,2021-06-18,130368,40844151,90065,22626834,32376,16738900,7927,1478417,46766,3340102,82711,19582885,55445,22922987,
All CA and Non-CA Counties,2021-06-19,77469,40921620,56239,22683073,17128,16756028,4102,1482519,29176,3326189,47695,19630580,33782,22956769,
All CA and Non-CA Counties,2021-06-20,31419,40953039,23644,22706717,6376,16762404,1399,1483918,11981,3320566,19219,19649799,13596,22970365,
All CA and Non-CA Counties,2021-06-21,72378,41025417,45221,22751938,20847,16783251,6310,1490228,37139,3329684,34848,19684647,43966,23014331,
All CA and Non-CA Counties,2021-06-22,101892,41127309,71083,22823021,24694,16807945,6115,1496343,39899,3314965,61391,19746038,46672,23061003,
All CA and Non-CA Counties,2021-06-23,95368,41222677,67113,22890134,22220,16830165,6035,1502378,38919,3304639,55872,19801910,45546,23106549,
All CA and Non-CA Counties,2021-06-24,92305,41314982,64348,22954482,22149,16852314,5808,1508186,37528,3294399,54138,19856048,43898,23150447,
All CA and Non-CA Counties,2021-06-25,106562,41421544,75281,23029763,25624,16877938,5657,1513843,43571,3281855,62359,19918407,49815,23200262,
All CA and Non-CA Counties,2021-06-26,68522,41490066,51595,23081358,13685,16891623,3242,1517085,28341,3274177,39814,19958221,32136,23232398,
All CA and Non-CA Counties,2021-06-27,32149,41522215,24730,23106088,5831,16897454,1588,1518673,13822,3271662,18150,19976371,15635,23248033,
All CA and Non-CA Counties,2021-06-28,72766,41594981,56161,23162249,11968,16909422,4637,1523310,31891,3268225,40428,20016799,36991,23285024,
All CA and Non-CA Counties,2021-06-29,84415,41679396,59823,23222072,20197,16929619,4395,1527705,35637,3260546,48266,20065065,40587,23325611,
All CA and Non-CA Counties,2021-06-30,79064,41758460,56714,23278786,18329,16947948,4021,1531726,35321,3257189,43242,20108307,39885,23365496,
All CA and Non-CA Counties,2021-07-01,73803,41832263,53196,23331982,16572,16964520,4035,1535761,32510,3253393,40850,20149157,37054,23402550,
All CA and Non-CA Counties,2021-07-02,82771,41915034,59317,23391299,19534,16984054,3920,1539681,36580,3248701,45671,20194828,40979,23443529,
All CA and Non-CA Counties,2021-07-03,29849,41944883,21272,23412571,7298,16991352,1279,1540960,12752,3245982,16877,20211705,14158,23457687,
Outside California,2020-12-15,9,9,9,9,0,0,0,0,9,9,0,0,9,9,Not in California
Outside California,2020-12-16,275,284,275,284,0,0,0,0,275,284,0,0,275,284,Not in California
Outside California,2020-12-17,1589,1873,1589,1873,0,0,0,0,1589,1873,0,0,1589,1873,Not in California
Outside California,2020-12-18,2530,4403,2523,4396,7,7,0,0,2530,4403,0,0,2530,4403,Not in California
Outside California,2020-12-19,1034,5437,1033,5429,1,8,0,0,1034,5437,0,0,1034,5437,Not in California
Outside California,2020-12-20,677,6114,674,6103,3,11,0,0,677,6114,0,0,677,6114,Not in California
Outside California,2020-12-21,2170,8284,2167,8270,3,14,0,0,2170,8284,0,0,2170,8284,Not in California
Outside California,2020-12-22,2058,10342,1983,10253,75,89,0,0,2058,10342,0,0,2058,10342,Not in California
Outside California,2020-12-23,1528,11870,1385,11638,143,232,0,0,1527,11868,1,1,1527,11869,Not in California
Outside California,2020-12-24,800,12670,610,12248,190,422,0,0,800,12668,0,1,800,12669,Not in California
Outside California,2020-12-25,35,12705,30,12278,5,427,0,0,35,12703,0,1,35,12704,Not in California
Outside California,2020-12-26,307,13012,207,12485,100,527,0,0,307,13010,0,1,307,13011,Not in California
Outside California,2020-12-27,189,13201,72,12557,117,644,0,0,189,13199,0,1,189,13200,Not in California
Outside California,2020-12-28,1405,14606,893,13450,512,1156,0,0,1405,14604,0,1,1405,14605,Not in California
Outside California,2020-12-29,1537,16143,1016,14466,521,1677,0,0,1537,16141,0,1,1537,16142,Not in California
Outside California,2020-12-30,1875,18018,1220,15686,655,2332,0,0,1875,18016,0,1,1875,18017,Not in California
Outside California,2020-12-31,1099,19117,595,16281,504,2836,0,0,1098,19113,1,2,1098,19115,Not in California
Outside California,2021-01-01,119,19236,28,16309,91,2927,0,0,119,19232,0,2,119,19234,Not in California
Outside California,2021-01-02,244,19480,134,16443,110,3037,0,0,243,19474,1,3,243,19477,Not in California
Outside California,2021-01-03,171,19651,91,16534,80,3117,0,0,171,19645,0,3,171,19648,Not in California
Outside California,2021-01-04,1144,20795,508,17042,636,3753,0,0,1139,20783,1,4,1139,20787,Not in California
Outside California,2021-01-05,1548,22343,822,17864,726,4479,0,0,1355,21948,191,195,1356,22143,Not in California
Outside California,2021-01-06,2665,25008,1578,19442,1087,5566,0,0,1934,23154,728,923,1934,24077,Not in California
Outside California,2021-01-07,4106,29114,2522,21964,1584,7150,0,0,2461,23974,1643,2566,2463,26540,Not in California
Outside California,2021-01-08,4475,33589,2904,24868,1571,8721,0,0,2612,24736,1853,4419,2615,29155,Not in California
Outside California,2021-01-09,1310,34899,537,25405,773,9494,0,0,981,25391,328,4747,983,30138,Not in California
Outside California,2021-01-10,316,35215,188,25593,128,9622,0,0,195,25465,121,4868,195,30333,Not in California
Outside California,2021-01-11,3259,38474,1993,27586,1266,10888,0,0,1933,26073,1325,6193,1933,32266,Not in California
Outside California,2021-01-12,3828,42302,2288,29874,1540,12428,0,0,2292,26836,1532,7725,2295,34561,Not in California
Outside California,2021-01-13,3631,45933,1773,31647,1858,14286,0,0,2452,28114,1178,8903,2456,37017,Not in California
Outside California,2021-01-14,3653,49586,1262,32909,2391,16677,0,0,3007,30492,632,9535,3010,40027,Not in California
Outside California,2021-01-15,4176,53762,996,33905,3180,19857,0,0,3699,33726,465,10000,3699,43726,Not in California
Outside California,2021-01-16,2640,56402,389,34294,2251,22108,0,0,2465,36018,173,10173,2465,46191,Not in California
Outside California,2021-01-17,506,56908,152,34446,354,22462,0,0,457,36426,49,10222,457,46648,Not in California
Outside California,2021-01-18,1187,58095,769,35215,418,22880,0,0,730,36701,456,10678,731,47379,Not in California
Outside California,2021-01-19,4085,62180,1335,36550,2750,25630,0,0,3186,38991,899,11577,3189,50568,Not in California
Outside California,2021-01-20,4428,66608,1425,37975,3003,28633,0,0,3485,41539,938,12515,3486,54054,Not in California
Outside California,2021-01-21,4225,70833,1169,39144,3056,31689,0,0,3646,44623,562,13077,3646,57700,Not in California
Outside California,2021-01-22,4618,75451,1098,40242,3520,35209,0,0,4195,48407,413,13490,4197,61897,Not in California
Outside California,2021-01-23,2287,77738,345,40587,1942,37151,0,0,2113,50349,171,13661,2113,64010,Not in California
Outside California,2021-01-24,600,78338,251,40838,349,37500,0,0,520,50789,80,13741,520,64530,Not in California
Outside California,2021-01-25,4562,82900,1972,42810,2590,40090,0,0,3687,53612,866,14607,3689,68219,Not in California
Outside California,2021-01-26,6069,88969,2932,45742,3137,43227,0,0,5195,57941,873,15480,5202,73421,Not in California
Outside California,2021-01-27,5151,94120,2735,48477,2416,45643,0,0,4504,61806,641,16121,4506,77927,Not in California
Outside California,2021-01-28,5262,99382,2831,51308,2431,48074,0,0,4716,65986,536,16657,4716,82643,Not in California
Outside California,2021-01-29,4910,104292,3057,54365,1853,49927,0,0,4095,69276,807,17464,4097,86740,Not in California
Outside California,2021-01-30,4437,108729,2421,56786,2016,51943,0,0,4202,73247,232,17696,4203,90943,Not in California
Outside California,2021-01-31,3276,112005,2847,59633,429,52372,0,0,3212,76399,62,17758,3214,94157,Not in California
Outside California,2021-02-01,5636,117641,2629,62262,3007,55379,0,0,4911,80594,716,18474,4911,99068,Not in California
Outside California,2021-02-02,6901,124542,2230,64492,4671,60050,0,0,6163,86032,725,19199,6163,105231,Not in California
Outside California,2021-02-03,7512,132054,2111,66603,5401,65451,0,0,6619,91768,884,20083,6620,111851,Not in California
Outside California,2021-02-04,6935,138989,2182,68785,4753,70204,0,0,5895,96640,1024,21107,5896,117747,Not in California
Outside California,2021-02-05,6836,145825,2232,71017,4604,74808,0,0,5727,101267,1100,22207,5727,123474,Not in California
Outside California,2021-02-06,4442,150267,2172,73189,2270,77078,0,0,3968,104775,463,22670,3971,127445,Not in California
Outside California,2021-02-07,2224,152491,1827,75016,397,77475,0,0,2136,106827,86,22756,2138,129583,Not in California
Outside California,2021-02-08,5301,157792,3334,78350,1967,79442,0,0,4237,110011,1053,23809,4237,133820,Not in California
Outside California,2021-02-09,4290,162082,1916,80266,2374,81816,0,0,2967,111682,1310,25119,2981,136801,Not in California
Outside California,2021-02-10,5676,167758,1955,82221,3721,85537,0,0,3193,112449,2467,27586,3234,140035,Not in California
Outside California,2021-02-11,4904,172662,2278,84499,2626,88163,0,0,3547,114675,1339,28925,3565,143600,Not in California
Outside California,2021-02-12,5318,177980,1975,86474,3343,91506,0,0,3443,116265,1857,30782,3447,147047,Not in California
Outside California,2021-02-13,2441,180421,740,87214,1701,93207,0,0,1854,117548,583,31365,1866,148913,Not in California
Outside California,2021-02-14,1367,181788,428,87642,939,94146,0,0,1110,118411,249,31614,1112,150025,Not in California
Outside California,2021-02-15,2653,184441,1619,89261,1034,95180,0,0,1270,118318,1366,32980,1273,151298,Not in California
Outside California,2021-02-16,6492,190933,2916,92177,3576,98756,0,0,2598,117045,3876,36856,2603,153901,Not in California
Outside California,2021-02-17,6092,197025,3102,95279,2990,101746,0,0,1856,114686,4220,41076,1861,155762,Not in California
Outside California,2021-02-18,6680,203705,3848,99127,2832,104578,0,0,2095,112233,4549,45625,2096,157858,Not in California
Outside California,2021-02-19,5922,209627,4100,103227,1822,106400,0,0,2481,111287,3429,49054,2483,160341,Not in California
Outside California,2021-02-20,3529,213156,2864,106091,665,107065,0,0,1279,110324,2243,51297,1280,161621,Not in California
Outside California,2021-02-21,3112,216268,2878,108969,234,107299,0,0,922,109070,2176,53473,922,162543,Not in California
Outside California,2021-02-22,3737,220005,2746,111715,991,108290,0,0,1687,108720,2042,55515,1692,164235,Not in California
Outside California,2021-02-23,6802,226807,3652,115367,3150,111440,0,0,2450,106942,4244,59759,2466,166701,Not in California
Outside California,2021-02-24,6744,233551,3624,118991,3120,114560,0,0,2492,105238,4201,63960,2497,169198,Not in California
Outside California,2021-02-25,6942,240493,3514,122505,3428,117988,0,0,3079,104496,3825,67785,3083,172281,Not in California
Outside California,2021-02-26,6885,247378,3630,126135,3255,121243,0,0,3081,103870,3708,71493,3082,175363,Not in California
Outside California,2021-02-27,5494,252872,2771,128906,2722,123965,1,1,1883,102169,3588,75081,1887,177250,Not in California
Outside California,2021-02-28,2447,255319,1768,130674,678,124643,1,2,805,101340,1637,76718,808,178058,Not in California
Outside California,2021-03-01,4990,260309,3164,133838,1825,126468,1,3,1369,99108,3607,80325,1375,179433,Not in California
Outside California,2021-03-02,6750,267059,2503,136341,4247,130715,0,3,2077,96532,4655,84980,2079,181512,Not in California
Outside California,2021-03-03,7963,275022,3138,139479,4823,135538,2,5,2702,94003,5236,90216,2707,184219,Not in California
Outside California,2021-03-04,6855,281877,2914,142393,3934,139472,7,12,2323,91830,4505,94721,2332,186551,Not in California
Outside California,2021-03-05,5302,287179,2675,145068,2612,142084,15,27,2742,92052,2543,97264,2765,189316,Not in California
Outside California,2021-03-06,4610,291789,2146,147214,2310,144394,154,181,2335,92279,2271,99535,2498,191814,Not in California
Outside California,2021-03-07,1610,293399,1032,148246,522,144916,56,237,973,92679,631,100166,1031,192845,Not in California
Outside California,2021-03-08,3143,296542,1862,150108,1031,145947,250,487,2217,94259,895,101061,2475,195320,Not in California
Outside California,2021-03-09,4725,301267,2422,152530,1987,147934,316,803,2785,95432,1928,102989,3101,198421,Not in California
Outside California,2021-03-10,4487,305754,2146,154676,1825,149759,516,1319,2729,96939,1743,104732,3250,201671,Not in California
Outside California,2021-03-11,6238,311992,3190,157866,2366,152125,682,2001,3302,98003,2920,107652,3984,205655,Not in California
Outside California,2021-03-12,6518,318510,3912,161778,1877,154002,729,2730,3558,99348,2940,110592,4285,209940,Not in California
Outside California,2021-03-13,3825,322335,2198,163976,1157,155159,470,3200,2594,101193,1218,111810,3063,213003,Not in California
Outside California,2021-03-14,1803,324138,929,164905,535,155694,339,3539,981,101696,816,112626,1319,214322,Not in California
Outside California,2021-03-15,4055,328193,2128,167033,1455,157149,472,4011,2148,102424,1894,114520,2622,216944,Not in California
Outside California,2021-03-16,7568,335761,4394,171427,2783,159932,391,4402,4153,103569,3392,117912,4537,221481,Not in California
Outside California,2021-03-17,8484,344245,5497,176924,2607,162539,380,4782,5068,105617,3401,121313,5449,226930,Not in California
Outside California,2021-03-18,8346,352591,5157,182081,2641,165180,548,5330,4797,107426,3535,124848,5344,232274,Not in California
Outside California,2021-03-19,7353,359944,4365,186446,2442,167622,546,5876,4372,109383,2965,127813,4922,237196,Not in California
Outside California,2021-03-20,4766,364710,3143,189589,1532,169154,91,5967,3632,111988,1119,128932,3724,240920,Not in California
Outside California,2021-03-21,2099,366809,1438,191027,572,169726,89,6056,1670,113321,425,129357,1758,242678,Not in California
Outside California,2021-03-22,3285,370094,1988,193015,1209,170935,88,6144,2247,114626,1029,130386,2334,245012,Not in California
Outside California,2021-03-23,6123,376217,3122,196137,2695,173630,306,6450,4119,117077,1974,132360,4425,249437,Not in California
Outside California,2021-03-24,7353,383570,3772,199909,3132,176762,449,6899,5047,120279,2292,134652,5494,254931,Not in California
Outside California,2021-03-25,8260,391830,3826,203735,3908,180670,526,7425,5983,124533,2256,136908,6510,261441,Not in California
Outside California,2021-03-26,6692,398522,3536,207271,2977,183647,179,7604,4406,126861,2255,139163,4583,266024,Not in California
Outside California,2021-03-27,5550,404072,3111,210382,2221,185868,218,7822,3478,128496,2058,141221,3693,269717,Not in California
Outside California,2021-03-28,3083,407155,1651,212033,1271,187139,161,7983,1985,129553,1089,142310,2146,271863,Not in California
Outside California,2021-03-29,5202,412357,2309,214342,2545,189684,348,8331,2972,130652,2221,144531,3320,275183,Not in California
Outside California,2021-03-30,6897,419254,3628,217970,2700,192384,569,8900,4076,132498,2806,147337,4652,279835,Not in California
Outside California,2021-03-31,6379,425633,3810,221780,1783,194167,786,9686,3387,133683,2982,150319,4167,284002,Not in California
Outside California,2021-04-01,7618,433251,4568,226348,2391,196558,659,10345,4413,135554,3190,153509,5061,289063,Not in California
Outside California,2021-04-02,8457,441708,4501,230849,2817,199375,1139,11484,4374,136990,4070,157579,5506,294569,Not in California
Outside California,2021-04-03,6300,448008,3777,234626,1364,200739,1159,12643,3348,138557,2939,160518,4506,299075,Not in California
Outside California,2021-04-04,1786,449794,881,235507,665,201404,240,12883,974,138957,810,161328,1210,300285,Not in California
Outside California,2021-04-05,4168,453962,2022,237529,1474,202878,672,13555,1989,139445,2168,163496,2656,302941,Not in California
Outside California,2021-04-06,7191,461153,3858,241387,1684,204562,1649,15204,2877,139672,4293,167789,4520,307461,Not in California
Outside California,2021-04-07,8284,469437,4659,246046,1917,206479,1708,16912,3209,139519,5061,172850,4908,312369,Not in California
Outside California,2021-04-08,8285,477722,4354,250400,1984,208463,1947,18859,3304,139789,4966,177816,5236,317605,Not in California
Outside California,2021-04-09,7594,485316,3883,254283,1739,210202,1972,20831,2907,139986,4669,182485,4866,322471,Not in California
Outside California,2021-04-10,6125,491441,2997,257280,1265,211467,1863,22694,1686,139096,4424,186909,3534,326005,Not in California
Outside California,2021-04-11,2870,494311,1569,258849,651,212118,650,23344,969,138815,1896,188805,1615,327620,Not in California
Outside California,2021-04-12,4194,498505,2348,261197,1281,213399,565,23909,1865,138926,2319,191124,2430,330050,Not in California
Outside California,2021-04-13,5850,504355,3742,264939,2083,215482,25,23934,3027,139162,2816,193940,3052,333102,Not in California
Outside California,2021-04-14,5492,509847,3533,268472,1955,217437,4,23938,3031,139747,2450,196390,3035,336137,Not in California
Outside California,2021-04-15,6189,516036,3903,272375,2280,219717,6,23944,3329,140278,2805,199195,3336,339473,Not in California
Outside California,2021-04-16,5958,521994,3417,275792,2534,222251,7,23951,3324,140994,2618,201813,3334,342807,Not in California
Outside California,2021-04-17,5550,527544,3496,279288,2053,224304,1,23952,3212,141881,2325,204138,3212,346019,Not in California
Outside California,2021-04-18,2200,529744,1268,280556,931,225235,1,23953,1079,141849,1114,205252,1082,347101,Not in California
Outside California,2021-04-19,4180,533924,2010,282566,2169,227404,1,23954,2148,141982,2019,207271,2152,349253,Not in California
Outside California,2021-04-20,5521,539445,2563,285129,2957,230361,1,23955,2287,141051,3218,210489,2287,351540,Not in California
Outside California,2021-04-21,6682,546127,2911,288040,3765,234126,6,23961,2461,139319,4200,214689,2468,354008,Not in California
Outside California,2021-04-22,6972,553099,3604,291644,3366,237492,2,23963,2579,137523,4378,219067,2582,356590,Not in California
Outside California,2021-04-23,5980,559079,3077,294721,2902,240394,1,23964,2482,136529,3479,222546,2485,359075,Not in California
Outside California,2021-04-24,4679,563758,3057,297778,1617,242011,5,23969,1884,135634,2787,225333,1892,360967,Not in California
Outside California,2021-04-25,2218,565976,1248,299026,969,242980,1,23970,1169,135762,1045,226378,1173,362140,Not in California
Outside California,2021-04-26,4204,570180,1887,300913,2289,245269,28,23998,1912,135422,2280,228658,1940,364080,Not in California
Outside California,2021-04-27,5766,575946,2174,303087,3221,248490,371,24369,2019,134086,3734,232392,2398,366478,Not in California
Outside California,2021-04-28,4965,580911,2146,305233,2422,250912,397,24766,1969,133466,2981,235373,2361,368839,Not in California
Outside California,2021-04-29,4953,585864,2337,307570,2183,253095,433,25199,1885,132740,3043,238416,2317,371156,Not in California
Outside California,2021-04-30,4968,590832,2426,309996,2117,255212,425,25624,1890,131996,3062,241478,2318,373474,Not in California
Outside California,2021-05-01,3205,594037,1848,311844,927,256139,430,26054,1309,131853,1882,243360,1739,375213,Not in California
Outside California,2021-05-02,1852,595889,1088,312932,641,256780,123,26177,823,131775,1024,244384,946,376159,Not in California
Outside California,2021-05-03,2921,598810,1596,314528,1040,257820,285,26462,1127,131401,1785,246169,1411,377570,Not in California
Outside California,2021-05-04,4013,602823,2173,316701,1402,259222,438,26900,1341,130517,2661,248830,1777,379347,Not in California
Outside California,2021-05-05,4507,607330,2542,319243,1594,260816,371,27271,1627,129647,2871,251701,2001,381348,Not in California
Outside California,2021-05-06,4536,611866,2797,322040,1401,262217,338,27609,1593,128642,2935,254636,1930,383278,Not in California
Outside California,2021-05-07,4690,616556,2728,324768,1577,263794,385,27994,1620,127595,3052,257688,2005,385283,Not in California
Outside California,2021-05-08,3277,619833,2221,326989,807,264601,249,28243,1086,126749,2182,259870,1336,386619,Not in California
Outside California,2021-05-09,1393,621226,934,327923,337,264938,122,28365,573,126627,815,260685,693,387312,Not in California
Outside California,2021-05-10,2577,623803,1191,329114,1057,265995,329,28694,910,126208,1660,262345,1241,388553,Not in California
Outside California,2021-05-11,3090,626893,1517,330631,1270,267265,303,28997,1165,125759,1921,264266,1472,390025,Not in California
Outside California,2021-05-12,3244,630137,1576,332207,1342,268607,326,29323,1254,125353,1985,266251,1579,391604,Not in California
Outside California,2021-05-13,3224,633361,1886,334093,1130,269737,208,29531,1402,125148,1815,268066,1610,393214,Not in California
Outside California,2021-05-14,3577,636938,2021,336114,1317,271054,239,29770,1588,124997,1981,270047,1830,395044,Not in California
Outside California,2021-05-15,2657,639595,1566,337680,948,272002,143,29913,1143,124779,1506,271553,1288,396332,Not in California
Outside California,2021-05-16,1659,641254,1072,338752,518,272520,69,29982,760,124713,896,272449,830,397162,Not in California
Outside California,2021-05-17,3061,644315,1631,340383,1194,273714,236,30218,1307,124505,1750,274199,1542,398704,Not in California
Outside California,2021-05-18,3256,647571,1647,342030,1290,275004,319,30537,1445,124476,1796,275995,1767,400471,Not in California
Outside California,2021-05-19,3344,650915,1674,343704,1402,276406,268,30805,1444,124296,1891,277886,1711,402182,Not in California
Outside California,2021-05-20,3152,654067,1745,345449,1158,277564,249,31054,1407,124221,1733,279619,1658,403840,Not in California
Outside California,2021-05-21,3189,657256,1777,347226,1164,278728,248,31302,1348,123990,1827,281446,1596,405436,Not in California
Outside California,2021-05-22,2779,660035,1815,349041,761,279489,203,31505,1486,124395,1285,282731,1690,407126,Not in California
Outside California,2021-05-23,1554,661589,1018,350059,458,279947,78,31583,786,124494,766,283497,865,407991,Not in California
Outside California,2021-05-24,2422,664011,1160,351219,916,280863,346,31929,1064,124557,1347,284844,1410,409401,Not in California
Outside California,2021-05-25,2367,666378,1101,352320,931,281794,335,32264,1000,124530,1359,286203,1332,410733,Not in California
Outside California,2021-05-26,2381,668759,1097,353417,929,282723,355,32619,982,124478,1390,287593,1338,412071,Not in California
Outside California,2021-05-27,2166,670925,1070,354487,807,283530,289,32908,970,124544,1191,288784,1257,413328,Not in California
Outside California,2021-05-28,2429,673354,1221,355708,856,284386,352,33260,1090,124655,1332,290116,1443,414771,Not in California
Outside California,2021-05-29,1661,675015,831,356539,475,284861,355,33615,694,124741,963,291079,1049,415820,Not in California
Outside California,2021-05-30,916,675931,562,357101,230,285091,124,33739,452,124857,460,291539,576,416396,Not in California
Outside California,2021-05-31,426,676357,186,357287,200,285291,40,33779,183,124848,232,291771,223,416619,Not in California
Outside California,2021-06-01,2128,678485,1120,358407,706,285997,302,34081,997,125021,1126,292897,1299,417918,Not in California
Outside California,2021-06-02,2016,680501,1000,359407,668,286665,348,34429,914,125191,1092,293989,1262,419180,Not in California
Outside California,2021-06-03,2147,682648,1175,360582,659,287324,313,34742,961,125285,1179,295168,1273,420453,Not in California
Outside California,2021-06-04,2513,685161,1402,361984,794,288118,317,35059,1067,125228,1440,296608,1383,421836,Not in California
Outside California,2021-06-05,1706,686867,1188,363172,354,288472,164,35223,758,125209,942,297550,923,422759,Not in California
Outside California,2021-06-06,925,687792,695,363867,149,288621,81,35304,435,125237,488,298038,516,423275,Not in California
Outside California,2021-06-07,1918,689710,1038,364905,551,289172,329,35633,793,125234,1124,299162,1121,424396,Not in California
Outside California,2021-06-08,2062,691772,1173,366078,544,289716,345,35978,785,125091,1272,300434,1129,425525,Not in California
Outside California,2021-06-09,1960,693732,1170,367248,505,290221,285,36263,790,125003,1161,301595,1073,426598,Not in California
Outside California,2021-06-10,1945,695677,1131,368379,505,290726,309,36572,829,125030,1112,302707,1139,427737,Not in California
Outside California,2021-06-11,2163,697840,1243,369622,592,291318,328,36900,915,125033,1241,303948,1244,428981,Not in California
Outside California,2021-06-12,1624,699464,1214,370836,282,291600,128,37028,640,124824,979,304927,770,429751,Not in California
Outside California,2021-06-13,941,700405,643,371479,197,291797,101,37129,410,124808,527,305454,511,430262,Not in California
Outside California,2021-06-14,1761,702166,988,372467,473,292270,300,37429,739,124829,1016,306470,1037,431299,Not in California
Outside California,2021-06-15,1714,703880,947,373414,491,292761,276,37705,763,124923,945,307415,1039,432338,Not in California
Outside California,2021-06-16,1677,705557,995,374409,458,293219,224,37929,801,125081,867,308282,1025,433363,Not in California
Outside California,2021-06-17,1851,707408,1025,375434,472,293691,354,38283,838,125263,1010,309292,1192,434555,Not in California
Outside California,2021-06-18,1956,709364,1063,376497,434,294125,459,38742,825,125422,1124,310416,1283,435838,Not in California
Outside California,2021-06-19,1048,710412,690,377187,259,294384,99,38841,546,125568,498,310914,644,436482,Not in California
Outside California,2021-06-20,781,711193,569,377756,166,294550,46,38887,470,125776,308,311222,516,436998,Not in California
Outside California,2021-06-21,1275,712468,639,378395,322,294872,314,39201,689,126199,580,311802,1003,438001,Not in California
Outside California,2021-06-22,1635,714103,1033,379428,347,295219,255,39456,873,126570,757,312559,1128,439129,Not in California
Outside California,2021-06-23,1679,715782,921,380349,435,295654,323,39779,793,126805,879,313438,1114,440243,Not in California
Outside California,2021-06-24,1550,717332,909,381258,363,296017,278,40057,815,127164,733,314171,1092,441335,Not in California
Outside California,2021-06-25,1780,719112,1016,382274,404,296421,360,40417,863,127472,913,315084,1221,442556,Not in California
Outside California,2021-06-26,1147,720259,745,383019,223,296644,179,40596,594,127695,550,315634,773,443329,Not in California
Outside California,2021-06-27,750,721009,583,383602,108,296752,59,40655,447,127899,301,315935,505,443834,Not in California
Outside California,2021-06-28,1389,722398,821,384423,268,297020,300,40955,717,128246,672,316607,1019,444853,Not in California
Outside California,2021-06-29,1422,723820,872,385295,322,297342,228,41183,760,128578,655,317262,987,445840,Not in California
Outside California,2021-06-30,1373,725193,790,386085,365,297707,218,41401,730,128887,638,317900,947,446787,Not in California
Outside California,2021-07-01,1333,726526,782,386867,321,298028,230,41631,738,129268,586,318486,967,447754,Not in California
Outside California,2021-07-02,1333,727859,765,387632,335,298363,233,41864,687,129549,638,319124,919,448673,Not in California
Outside California,2021-07-03,559,728418,368,388000,127,298490,64,41928,327,129711,229,319353,391,449064,Not in California
Unknown,2020-12-17,2,2,2,2,0,0,0,0,0,0,0,0,0,0,Not in California
Unknown,2020-12-18,1,3,1,3,0,0,0,0,0,0,0,0,0,0,Not in California
Unknown,2020-12-21,4,7,4,7,0,0,0,0,0,0,0,0,0,0,Not in California
Unknown,2020-12-28,4,11,4,11,0,0,0,0,3,3,0,0,3,3,Not in California
Unknown,2020-12-29,6,17,5,16,1,1,0,0,7,10,0,0,7,10,Not in California
Unknown,2020-12-30,54,71,54,70,0,1,0,0,54,64,0,0,54,64,Not in California
Unknown,2020-12-31,1,72,0,70,1,2,0,0,0,64,0,0,0,64,Not in California
Unknown,2021-01-02,1,73,0,70,1,3,0,0,1,65,0,0,1,65,Not in California
Unknown,2021-01-04,3,76,3,73,0,3,0,0,2,67,0,0,2,67,Not in California
Unknown,2021-01-06,4,80,2,75,2,5,0,0,4,71,0,0,4,71,Not in California
Unknown,2021-01-07,69,149,68,143,1,6,0,0,68,139,0,0,68,139,Not in California
Unknown,2021-01-08,1,150,0,143,1,7,0,0,3,142,0,0,3,142,Not in California
Unknown,2021-01-09,2,152,2,145,0,7,0,0,3,145,0,0,3,145,Not in California
Unknown,2021-01-11,20,172,20,165,0,7,0,0,20,165,0,0,20,165,Not in California
Unknown,2021-01-12,11,183,10,175,1,8,0,0,9,174,1,1,10,175,Not in California
Unknown,2021-01-13,10,193,10,185,0,8,0,0,11,185,0,1,11,186,Not in California
Unknown,2021-01-14,3,196,3,188,0,8,0,0,3,188,0,1,3,189,Not in California
Unknown,2021-01-15,7,203,6,194,1,9,0,0,7,195,0,1,7,196,Not in California
Unknown,2021-01-16,7,210,7,201,0,9,0,0,7,202,0,1,7,203,Not in California
Unknown,2021-01-17,4,214,4,205,0,9,0,0,4,206,0,1,4,207,Not in California
Unknown,2021-01-18,56,270,56,261,0,9,0,0,54,258,2,3,54,261,Not in California
Unknown,2021-01-19,25,295,25,286,0,9,0,0,20,275,3,6,20,281,Not in California
Unknown,2021-01-20,81,376,81,367,0,9,0,0,29,251,53,59,29,310,Not in California
Unknown,2021-01-21,55,431,53,420,2,11,0,0,56,306,1,60,56,366,Not in California
Unknown,2021-01-22,35,466,31,451,4,15,0,0,35,341,0,60,35,401,Not in California
Unknown,2021-01-23,11,477,7,458,4,19,0,0,11,352,0,60,11,412,Not in California
Unknown,2021-01-24,2,479,2,460,0,19,0,0,3,355,0,60,3,415,Not in California
Unknown,2021-01-25,20,499,17,477,3,22,0,0,17,369,3,63,17,432,Not in California
Unknown,2021-01-26,87,586,86,563,1,23,0,0,89,457,1,64,89,521,Not in California
Unknown,2021-01-27,18,604,18,581,0,23,0,0,16,471,2,66,16,537,Not in California
Unknown,2021-01-28,151,755,149,730,2,25,0,0,94,505,60,126,94,631,Not in California
Unknown,2021-01-29,139,894,139,869,0,25,0,0,143,647,1,127,143,774,Not in California
Unknown,2021-01-30,12,906,10,879,2,27,0,0,14,659,2,129,14,788,Not in California
Unknown,2021-01-31,15,921,15,894,0,27,0,0,16,675,0,129,16,804,Not in California
Unknown,2021-02-01,36,957,34,928,2,29,0,0,19,675,19,148,19,823,Not in California
Unknown,2021-02-02,64,1021,63,991,1,30,0,0,56,724,7,155,56,879,Not in California
Unknown,2021-02-03,41,1062,40,1031,1,31,0,0,29,742,11,166,29,908,Not in California
Unknown,2021-02-04,58,1120,53,1084,5,36,0,0,51,786,7,173,51,959,Not in California
Unknown,2021-02-05,20,1140,16,1100,4,40,0,0,15,796,5,178,15,974,Not in California
Unknown,2021-02-06,15,1155,15,1115,0,40,0,0,10,800,6,184,10,984,Not in California
Unknown,2021-02-07,9,1164,9,1124,0,40,0,0,7,805,2,186,7,991,Not in California
Unknown,2021-02-08,56,1220,53,1177,3,43,0,0,15,779,41,227,15,1006,Not in California
Unknown,2021-02-09,19,1239,19,1196,0,43,0,0,4,768,15,242,4,1010,Not in California
Unknown,2021-02-10,34,1273,30,1226,4,47,0,0,9,752,25,267,9,1019,Not in California
Unknown,2021-02-11,88,1361,87,1313,1,48,0,0,44,750,46,313,44,1063,Not in California
Unknown,2021-02-12,44,1405,36,1349,8,56,0,0,13,732,31,344,13,1076,Not in California
Unknown,2021-02-13,12,1417,5,1354,7,63,0,0,8,736,4,348,8,1084,Not in California
Unknown,2021-02-14,7,1424,2,1356,5,68,0,0,4,738,2,350,4,1088,Not in California
Unknown,2021-02-15,44,1468,38,1394,6,74,0,0,28,752,14,364,28,1116,Not in California
Unknown,2021-02-16,113,1581,103,1497,10,84,0,0,32,703,81,445,32,1148,Not in California
Unknown,2021-02-17,13,1594,11,1508,2,86,0,0,8,703,8,453,8,1156,Not in California
Unknown,2021-02-18,103,1697,98,1606,5,91,0,0,17,634,86,539,17,1173,Not in California
Unknown,2021-02-19,184,1881,179,1785,5,96,0,0,46,543,137,676,46,1219,Not in California
Unknown,2021-02-20,8,1889,6,1791,2,98,0,0,2,539,6,682,2,1221,Not in California
Unknown,2021-02-21,16,1905,16,1807,0,98,0,0,1,525,15,697,1,1222,Not in California
Unknown,2021-02-22,11,1916,11,1818,0,98,0,0,5,524,6,703,5,1227,Not in California
Unknown,2021-02-23,62,1978,51,1869,11,109,0,0,15,493,46,749,15,1242,Not in California
Unknown,2021-02-24,39,2017,31,1900,8,117,0,0,14,482,25,774,14,1256,Not in California
Unknown,2021-02-25,67,2084,54,1954,13,130,0,0,24,462,44,818,24,1280,Not in California
Unknown,2021-02-26,38,2122,24,1978,14,144,0,0,21,468,15,833,21,1301,Not in California
Unknown,2021-02-27,23,2145,17,1995,6,150,0,0,11,471,8,841,11,1312,Not in California
Unknown,2021-02-28,18,2163,13,2008,5,155,0,0,11,477,5,846,11,1323,Not in California
Unknown,2021-03-01,44,2207,26,2034,18,173,0,0,24,482,19,865,24,1347,Not in California
Unknown,2021-03-02,21,2228,10,2044,11,184,0,0,12,488,6,871,12,1359,Not in California
Unknown,2021-03-03,14,2242,10,2054,4,188,0,0,10,495,3,874,10,1369,Not in California
Unknown,2021-03-04,47,2289,44,2098,3,191,0,0,17,482,30,904,17,1386,Not in California
Unknown,2021-03-05,25,2314,15,2113,10,201,0,0,22,498,6,910,22,1408,Not in California
Unknown,2021-03-06,20,2334,12,2125,6,207,2,2,16,512,4,914,18,1426,Not in California
Unknown,2021-03-07,1,2335,1,2126,0,207,0,2,2,514,0,914,2,1428,Not in California
Unknown,2021-03-08,31,2366,22,2148,7,214,2,4,7,498,25,939,9,1437,Not in California
Unknown,2021-03-09,38,2404,31,2179,3,217,4,8,10,483,29,968,14,1451,Not in California
Unknown,2021-03-10,14,2418,10,2189,1,218,3,11,6,483,9,977,9,1460,Not in California
Unknown,2021-03-11,30,2448,13,2202,3,221,14,25,7,482,22,999,21,1481,Not in California
Unknown,2021-03-12,62,2510,47,2249,10,231,5,30,11,449,49,1048,16,1497,Not in California
Unknown,2021-03-13,15,2525,4,2253,7,238,4,34,6,449,10,1058,10,1507,Not in California
Unknown,2021-03-14,14,2539,6,2259,6,244,2,36,5,448,8,1066,7,1514,Not in California
Unknown,2021-03-15,34,2573,14,2273,18,262,2,38,24,462,12,1078,26,1540,Not in California
Unknown,2021-03-16,49,2622,22,2295,23,285,4,42,29,475,20,1098,33,1573,Not in California
Unknown,2021-03-17,39,2661,16,2311,22,307,1,43,34,506,4,1102,35,1608,Not in California
Unknown,2021-03-18,33,2694,20,2331,13,320,0,43,20,514,12,1114,20,1628,Not in California
Unknown,2021-03-19,29,2723,19,2350,10,330,0,43,23,529,8,1122,23,1651,Not in California
Unknown,2021-03-20,28,2751,15,2365,13,343,0,43,15,533,11,1133,15,1666,Not in California
Unknown,2021-03-21,16,2767,10,2375,6,349,0,43,12,542,3,1136,12,1678,Not in California
Unknown,2021-03-22,35,2802,19,2394,15,364,1,44,17,548,12,1148,18,1696,Not in California
Unknown,2021-03-23,25,2827,10,2404,10,374,5,49,12,554,11,1159,17,1713,Not in California
Unknown,2021-03-24,21,2848,8,2412,13,387,0,49,14,561,7,1166,14,1727,Not in California
Unknown,2021-03-25,38,2886,25,2437,13,400,0,49,24,572,13,1179,24,1751,Not in California
Unknown,2021-03-26,36,2922,20,2457,11,411,5,54,18,580,15,1194,23,1774,Not in California
Unknown,2021-03-27,32,2954,15,2472,14,425,3,57,18,584,17,1211,21,1795,Not in California
Unknown,2021-03-28,18,2972,9,2481,9,434,0,57,12,591,5,1216,12,1807,Not in California
Unknown,2021-03-29,40,3012,19,2500,21,455,0,57,24,603,12,1228,24,1831,Not in California
Unknown,2021-03-30,41,3053,26,2526,15,470,0,57,24,612,15,1243,24,1855,Not in California
Unknown,2021-03-31,37,3090,22,2548,14,484,1,58,26,627,12,1255,27,1882,Not in California
Unknown,2021-04-01,25,3115,15,2563,7,491,3,61,16,638,8,1263,19,1901,Not in California
Unknown,2021-04-02,42,3157,20,2583,13,504,9,70,16,637,26,1289,25,1926,Not in California
Unknown,2021-04-03,21,3178,10,2593,11,515,0,70,15,642,10,1299,15,1941,Not in California
Unknown,2021-04-04,15,3193,4,2597,11,526,0,70,9,646,5,1304,9,1950,Not in California
Unknown,2021-04-05,34,3227,20,2617,13,539,1,71,16,646,17,1321,17,1967,Not in California
Unknown,2021-04-06,23,3250,15,2632,7,546,1,72,12,648,11,1332,13,1980,Not in California
Unknown,2021-04-07,38,3288,26,2658,11,557,1,73,26,663,11,1343,26,2006,Not in California
Unknown,2021-04-08,36,3324,23,2681,7,564,6,79,16,664,21,1364,22,2028,Not in California
Unknown,2021-04-09,33,3357,23,2704,10,574,0,79,21,674,11,1375,21,2049,Not in California
Unknown,2021-04-10,11,3368,9,2713,1,575,1,80,5,673,7,1382,6,2055,Not in California
Unknown,2021-04-11,11,3379,7,2720,4,579,0,80,5,673,5,1387,5,2060,Not in California
Unknown,2021-04-12,37,3416,20,2740,16,595,1,81,17,669,22,1409,18,2078,Not in California
Unknown,2021-04-13,47,3463,28,2768,19,614,0,81,17,658,28,1437,17,2095,Not in California
Unknown,2021-04-14,30,3493,9,2777,21,635,0,81,6,640,24,1461,6,2101,Not in California
Unknown,2021-04-15,32,3525,17,2794,14,649,1,82,11,629,22,1483,11,2112,Not in California
Unknown,2021-04-16,26,3551,16,2810,10,659,0,82,10,623,16,1499,10,2122,Not in California
Unknown,2021-04-17,24,3575,15,2825,9,668,0,82,8,617,15,1514,9,2131,Not in California
Unknown,2021-04-18,19,3594,7,2832,12,680,0,82,8,613,12,1526,8,2139,Not in California
Unknown,2021-04-19,35,3629,22,2854,13,693,0,82,14,607,20,1546,14,2153,Not in California
Unknown,2021-04-20,26,3655,16,2870,10,703,0,82,6,593,20,1566,6,2159,Not in California
Unknown,2021-04-21,40,3695,20,2890,20,723,0,82,16,584,25,1591,16,2175,Not in California
Unknown,2021-04-22,24,3719,16,2906,8,731,0,82,6,573,17,1608,6,2181,Not in California
Unknown,2021-04-23,31,3750,16,2922,15,746,0,82,15,574,14,1622,15,2196,Not in California
Unknown,2021-04-24,31,3781,23,2945,8,754,0,82,16,576,14,1636,16,2212,Not in California
Unknown,2021-04-25,20,3801,9,2954,11,765,0,82,7,571,12,1648,7,2219,Not in California
Unknown,2021-04-26,30,3831,18,2972,12,777,0,82,12,566,17,1665,12,2231,Not in California
Unknown,2021-04-27,30,3861,17,2989,12,789,1,83,10,558,19,1684,11,2242,Not in California
Unknown,2021-04-28,28,3889,19,3008,7,796,2,85,8,548,20,1704,10,2252,Not in California
Unknown,2021-04-29,35,3924,23,3031,12,808,0,85,16,543,21,1725,16,2268,Not in California
Unknown,2021-04-30,30,3954,15,3046,10,818,5,90,16,549,15,1740,21,2289,Not in California
Unknown,2021-05-01,27,3981,20,3066,7,825,0,90,15,553,11,1751,15,2304,Not in California
Unknown,2021-05-02,14,3995,6,3072,7,832,1,91,5,551,8,1759,6,2310,Not in California
Unknown,2021-05-03,24,4019,16,3088,5,837,3,94,6,541,18,1777,8,2318,Not in California
Unknown,2021-05-04,18,4037,9,3097,5,842,4,98,6,537,14,1791,10,2328,Not in California
Unknown,2021-05-05,25,4062,10,3107,14,856,1,99,11,535,14,1805,12,2340,Not in California
Unknown,2021-05-06,34,4096,21,3128,6,862,7,106,11,529,24,1829,18,2358,Not in California
Unknown,2021-05-07,27,4123,13,3141,10,872,4,110,10,525,18,1847,14,2372,Not in California
Unknown,2021-05-08,14,4137,9,3150,3,875,2,112,5,524,8,1855,7,2379,Not in California
Unknown,2021-05-09,17,4154,4,3154,9,884,4,116,8,527,9,1864,12,2391,Not in California
Unknown,2021-05-10,21,4175,11,3165,7,891,3,119,3,517,16,1880,6,2397,Not in California
Unknown,2021-05-11,17,4192,9,3174,4,895,4,123,9,522,8,1888,13,2410,Not in California
Unknown,2021-05-12,14,4206,9,3183,4,899,1,124,4,518,9,1897,5,2415,Not in California
Unknown,2021-05-13,18,4224,12,3195,1,900,5,129,11,526,9,1906,17,2432,Not in California
Unknown,2021-05-14,23,4247,18,3213,4,904,1,130,12,528,10,1916,12,2444,Not in California
Unknown,2021-05-15,22,4269,20,3233,2,906,0,130,14,533,9,1925,14,2458,Not in California
Unknown,2021-05-16,25,4294,17,3250,7,913,1,131,14,537,11,1936,15,2473,Not in California
Unknown,2021-05-17,23,4317,17,3267,4,917,2,133,9,535,13,1949,11,2484,Not in California
Unknown,2021-05-18,32,4349,20,3287,10,927,2,135,19,543,13,1962,21,2505,Not in California
Unknown,2021-05-19,30,4379,22,3309,7,934,1,136,10,535,19,1981,11,2516,Not in California
Unknown,2021-05-20,19,4398,15,3324,3,937,1,137,10,538,8,1989,11,2527,Not in California
Unknown,2021-05-21,24,4422,13,3337,7,944,4,141,10,537,15,2004,14,2541,Not in California
Unknown,2021-05-22,26,4448,22,3359,3,947,1,142,11,537,12,2016,12,2553,Not in California
Unknown,2021-05-23,10,4458,7,3366,3,950,0,142,6,539,4,2020,6,2559,Not in California
Unknown,2021-05-24,10,4468,6,3372,3,953,1,143,5,540,5,2025,6,2565,Not in California
Unknown,2021-05-25,21,4489,10,3382,5,958,6,149,7,540,13,2038,13,2578,Not in California
Unknown,2021-05-26,12,4501,9,3391,2,960,1,150,3,537,7,2045,4,2582,Not in California
Unknown,2021-05-27,22,4523,15,3406,5,965,2,152,6,530,15,2060,8,2590,Not in California
Unknown,2021-05-28,22,4545,12,3418,5,970,5,157,12,537,10,2070,17,2607,Not in California
Unknown,2021-05-29,30,4575,25,3443,5,975,0,157,24,555,6,2076,24,2631,Not in California
Unknown,2021-05-30,7,4582,4,3447,2,977,1,158,3,555,4,2080,4,2635,Not in California
Unknown,2021-05-31,1,4583,1,3448,0,977,0,158,0,554,1,2081,0,2635,Not in California
Unknown,2021-06-01,29,4612,17,3465,6,983,6,164,12,556,16,2097,18,2653,Not in California
Unknown,2021-06-02,7,4619,4,3469,3,986,0,164,2,553,5,2102,2,2655,Not in California
Unknown,2021-06-03,17,4636,16,3485,1,987,0,164,8,552,9,2111,8,2663,Not in California
Unknown,2021-06-04,28,4664,18,3503,10,997,0,164,16,556,12,2123,16,2679,Not in California
Unknown,2021-06-05,32,4696,23,3526,8,1005,1,165,18,561,14,2137,19,2698,Not in California
Unknown,2021-06-06,32,4728,24,3550,5,1010,3,168,14,560,18,2155,17,2715,Not in California
Unknown,2021-06-07,21,4749,10,3560,8,1018,3,171,9,560,12,2167,12,2727,Not in California
Unknown,2021-06-08,16,4765,8,3568,5,1023,3,174,5,557,11,2178,8,2735,Not in California
Unknown,2021-06-09,27,4792,17,3585,9,1032,1,175,14,560,12,2190,15,2750,Not in California
Unknown,2021-06-10,14,4806,11,3596,3,1035,0,175,6,558,8,2198,6,2756,Not in California
Unknown,2021-06-11,6,4812,4,3600,1,1036,1,176,3,560,2,2200,4,2760,Not in California
Unknown,2021-06-12,12,4824,8,3608,4,1040,0,176,8,563,5,2205,8,2768,Not in California
Unknown,2021-06-13,10,4834,6,3614,4,1044,0,176,3,559,7,2212,3,2771,Not in California
Unknown,2021-06-14,7,4841,6,3620,1,1045,0,176,3,558,4,2216,3,2774,Not in California
Unknown,2021-06-15,22,4863,13,3633,9,1054,0,176,8,553,13,2229,8,2782,Not in California
Unknown,2021-06-16,6,4869,3,3636,3,1057,0,176,5,557,1,2230,5,2787,Not in California
Unknown,2021-06-17,17,4886,11,3647,4,1061,2,178,12,567,4,2234,14,2801,Not in California
Unknown,2021-06-18,15,4901,11,3658,4,1065,0,178,8,568,7,2241,8,2809,Not in California
Unknown,2021-06-19,13,4914,11,3669,1,1066,1,179,2,560,11,2252,3,2812,Not in California
Unknown,2021-06-20,8,4922,6,3675,1,1067,1,180,3,559,5,2257,4,2816,Not in California
Unknown,2021-06-21,12,4934,8,3683,4,1071,0,180,7,561,5,2262,7,2823,Not in California
Unknown,2021-06-22,18,4952,12,3695,6,1077,0,180,14,571,4,2266,14,2837,Not in California
Unknown,2021-06-23,9,4961,4,3699,4,1081,1,181,6,575,3,2269,7,2844,Not in California
Unknown,2021-06-24,11,4972,5,3704,5,1086,1,182,6,577,5,2274,7,2851,Not in California
Unknown,2021-06-25,13,4985,12,3716,1,1087,0,182,8,581,4,2278,8,2859,Not in California
Unknown,2021-06-26,12,4997,12,3728,0,1087,0,182,10,589,2,2280,10,2869,Not in California
Unknown,2021-06-27,24,5021,19,3747,3,1090,2,184,12,591,12,2292,14,2883,Not in California
Unknown,2021-06-28,16,5037,13,3760,3,1093,0,184,11,597,5,2297,11,2894,Not in California
Unknown,2021-06-29,8,5045,6,3766,2,1095,0,184,7,603,1,2298,7,2901,Not in California
Unknown,2021-06-30,22,5067,21,3787,1,1096,0,184,12,605,10,2308,12,2913,Not in California
Unknown,2021-07-01,21,5088,20,3807,1,1097,0,184,15,616,4,2312,15,2928,Not in California
Unknown,2021-07-02,8,5096,5,3812,3,1100,0,184,5,618,3,2315,5,2933,Not in California
Unknown,2021-07-03,6,5102,6,3818,0,1100,0,184,2,616,4,2319,2,2935,Not in California
Alameda,2020-12-15,37,37,37,37,0,0,0,0,37,37,0,0,37,37,California
Alameda,2020-12-16,211,248,211,248,0,0,0,0,211,248,0,0,211,248,California
Alameda,2020-12-17,512,760,512,760,0,0,0,0,512,760,0,0,512,760,California
Alameda,2020-12-18,1917,2677,1916,2676,1,1,0,0,1917,2677,0,0,1917,2677,California
Alameda,2020-12-19,1432,4109,1432,4108,0,1,0,0,1432,4109,0,0,1432,4109,California
Alameda,2020-12-20,1180,5289,1179,5287,1,2,0,0,1179,5287,1,1,1179,5288,California
Alameda,2020-12-21,1851,7140,1849,7136,2,4,0,0,1850,7137,0,1,1850,7138,California
Alameda,2020-12-22,2101,9241,2047,9183,54,58,0,0,2100,9236,1,2,2100,9238,California
Alameda,2020-12-23,1935,11176,1680,10863,255,313,0,0,1935,11171,0,2,1935,11173,California
Alameda,2020-12-24,1219,12395,756,11619,463,776,0,0,1219,12390,0,2,1219,12392,California
Alameda,2020-12-25,163,12558,126,11745,37,813,0,0,163,12553,0,2,163,12555,California
Alameda,2020-12-26,861,13419,324,12069,537,1350,0,0,861,13414,0,2,861,13416,California
Alameda,2020-12-27,498,13917,257,12326,241,1591,0,0,498,13912,0,2,498,13914,California
Alameda,2020-12-28,1889,15806,966,13292,923,2514,0,0,1889,15801,0,2,1889,15803,California
Alameda,2020-12-29,2489,18295,1080,14372,1409,3923,0,0,2488,18289,0,2,2488,18291,California
Alameda,2020-12-30,3100,21395,1329,15701,1771,5694,0,0,3100,21389,0,2,3100,21391,California
Alameda,2020-12-31,1802,23197,448,16149,1354,7048,0,0,1799,23186,2,4,1799,23190,California
Alameda,2021-01-01,178,23375,76,16225,102,7150,0,0,176,23360,2,6,176,23366,California
Alameda,2021-01-02,732,24107,527,16752,205,7355,0,0,731,24091,0,6,731,24097,California
Alameda,2021-01-03,335,24442,217,16969,118,7473,0,0,332,24420,3,9,332,24429,California
Alameda,2021-01-04,1622,26064,914,17883,708,8181,0,0,1610,26019,11,20,1610,26039,California
Alameda,2021-01-05,2227,28291,1284,19167,943,9124,0,0,1973,27741,251,271,1973,28012,California
Alameda,2021-01-06,3286,31577,1816,20983,1470,10594,0,0,2407,29274,876,1147,2409,30421,California
Alameda,2021-01-07,3837,35414,2154,23137,1683,12277,0,0,2643,30737,1185,2332,2648,33069,California
Alameda,2021-01-08,4779,40193,2733,25870,2046,14323,0,0,3036,32040,1738,4070,3041,36110,California
Alameda,2021-01-09,2033,42226,1383,27253,650,14973,0,0,1169,32345,864,4934,1169,37279,California
Alameda,2021-01-10,1065,43291,840,28093,225,15198,0,0,428,32135,638,5572,428,37707,California
Alameda,2021-01-11,4681,47972,3542,31635,1139,16337,0,0,2866,33195,1813,7385,2873,40580,California
Alameda,2021-01-12,4868,52840,3284,34919,1584,17921,0,0,3462,35257,1403,8788,3465,44045,California
Alameda,2021-01-13,5082,57922,2704,37623,2378,20299,0,0,3877,37935,1201,9989,3879,47924,California
Alameda,2021-01-14,5686,63608,2815,40438,2871,23170,0,0,4784,41829,893,10882,4787,52711,California
Alameda,2021-01-15,5876,69484,2335,42773,3541,26711,0,0,5091,46146,778,11660,5095,57806,California
Alameda,2021-01-16,3007,72491,1402,44175,1605,28316,0,0,2735,48609,273,11933,2736,60542,California
Alameda,2021-01-17,1882,74373,1090,45265,792,29108,0,0,1675,50078,207,12140,1676,62218,California
Alameda,2021-01-18,3197,77570,2052,47317,1145,30253,0,0,2601,52090,591,12731,2603,64821,California
Alameda,2021-01-19,5556,83126,3334,50651,2222,32475,0,0,4355,55248,1199,13930,4357,69178,California
Alameda,2021-01-20,6936,90062,4244,54895,2692,35167,0,0,5630,59590,1292,15222,5634,74812,California
Alameda,2021-01-21,8180,98242,3767,58662,4413,39580,0,0,7322,66067,850,16072,7327,82139,California
Alameda,2021-01-22,6914,105156,2065,60727,4849,44429,0,0,5759,70681,1146,17218,5760,87899,California
Alameda,2021-01-23,3302,108458,953,61680,2349,46778,0,0,2743,72867,557,17775,2743,90642,California
Alameda,2021-01-24,2050,110508,656,62336,1394,48172,0,0,1775,74371,271,18046,1775,92417,California
Alameda,2021-01-25,5218,115726,1983,64319,3235,51407,0,0,3633,76429,1577,19623,3635,96052,California
Alameda,2021-01-26,7362,123088,2322,66641,5040,56447,0,0,5461,79999,1892,21515,5462,101514,California
Alameda,2021-01-27,6759,129847,2083,68724,4676,61123,0,0,4879,83009,1869,23384,4879,106393,California
Alameda,2021-01-28,7931,137778,2563,71287,5368,66491,0,0,5676,86448,2239,25623,5678,112071,California
Alameda,2021-01-29,8026,145804,3196,74483,4830,71321,0,0,6173,90782,1841,27464,6175,118246,California
Alameda,2021-01-30,3465,149269,1697,76180,1768,73089,0,0,2749,92821,710,28174,2749,120995,California
Alameda,2021-01-31,1935,151204,959,77139,976,74065,0,0,1694,94278,237,28411,1694,122689,California
Alameda,2021-02-01,6516,157720,3888,81027,2628,76693,0,0,4358,96489,2148,30559,4359,127048,California
Alameda,2021-02-02,7096,164816,3820,84847,3276,79969,0,0,4745,98894,2340,32899,4745,131793,California
Alameda,2021-02-03,7169,171985,3788,88635,3381,83350,0,0,4422,100581,2740,35639,4427,136220,California
Alameda,2021-02-04,9611,181596,4176,92811,5435,88785,0,0,6460,103909,3138,38777,6466,142686,California
Alameda,2021-02-05,10395,191991,5417,98228,4978,93763,0,0,6486,106500,3902,42679,6493,149179,California
Alameda,2021-02-06,7044,199035,4463,102691,2581,96344,0,0,5895,111252,1144,43823,5896,155075,California
Alameda,2021-02-07,3591,202626,2895,105586,696,97040,0,0,2644,112954,943,44766,2645,157720,California
Alameda,2021-02-08,8169,210795,5840,111426,2329,99369,0,0,5569,115936,2589,47355,5571,163291,California
Alameda,2021-02-09,9761,220556,5873,117299,3888,103257,0,0,6086,118370,3654,51009,6088,169379,California
Alameda,2021-02-10,11586,232142,6841,124140,4745,108002,0,0,6501,119812,5067,56076,6509,175888,California
Alameda,2021-02-11,14074,246216,8072,132212,6002,114004,0,0,8151,122060,5906,61982,8154,184042,California
Alameda,2021-02-12,12664,258880,5764,137976,6900,120904,0,0,7826,125077,4812,66794,7829,191871,California
Alameda,2021-02-13,7872,266752,4089,142065,3783,124687,0,0,5879,128973,1985,68779,5881,197752,California
Alameda,2021-02-14,4065,270817,2562,144627,1503,126190,0,0,2879,130674,1181,69960,2882,200634,California
Alameda,2021-02-15,5704,276521,3207,147834,2497,128687,0,0,3703,132381,1999,71959,3706,204340,California
Alameda,2021-02-16,12628,289149,7014,154848,5614,134301,0,0,9348,138471,3267,75226,9357,213697,California
Alameda,2021-02-17,14300,303449,8495,163343,5805,140106,0,0,10600,145393,3680,78906,10602,224299,California
Alameda,2021-02-18,16075,319524,10208,173551,5867,145973,0,0,11654,152644,4409,83315,11660,235959,California
Alameda,2021-02-19,18048,337572,11725,185276,6323,152296,0,0,11901,158427,6123,89438,11906,247865,California
Alameda,2021-02-20,12215,349787,9873,195149,2342,154638,0,0,9358,164940,2851,92289,9364,257229,California
Alameda,2021-02-21,7978,357765,6997,202146,981,155619,0,0,5361,167697,2605,94894,5362,262591,California
Alameda,2021-02-22,11387,369152,8408,210554,2979,158598,0,0,7152,170641,4217,99111,7161,269752,California
Alameda,2021-02-23,13461,382613,8179,218733,5282,163880,0,0,8357,173912,5093,104204,8364,278116,California
Alameda,2021-02-24,15243,397856,8571,227304,6672,170552,0,0,9849,178438,5328,109532,9854,287970,California
Alameda,2021-02-25,16163,414019,9375,236679,6788,177340,0,0,10179,182675,5949,115481,10186,298156,California
Alameda,2021-02-26,18769,432788,10953,247632,7816,185156,0,0,11897,187753,6825,122306,11903,310059,California
Alameda,2021-02-27,15251,448039,11251,258883,3998,189154,2,2,9421,191373,5806,128112,9426,319485,California
Alameda,2021-02-28,10166,458205,8477,267360,1688,190842,1,3,6582,194401,3557,131669,6585,326070,California
Alameda,2021-03-01,14186,472391,9809,277169,4366,195208,11,14,8667,197618,5468,137137,8685,334755,California
Alameda,2021-03-02,15120,487511,10870,288039,4248,199456,2,16,9881,202294,5215,142352,9891,344646,California
Alameda,2021-03-03,15944,503455,10452,298491,5489,204945,3,19,10897,208183,5016,147368,10905,355551,California
Alameda,2021-03-04,17582,521037,11280,309771,6300,211245,2,21,11065,212775,6475,153843,11067,366618,California
Alameda,2021-03-05,16413,537450,10739,320510,5664,216909,10,31,11060,218546,5306,159149,11077,377695,California
Alameda,2021-03-06,14691,552141,10321,330831,4104,221013,266,297,9695,223563,4945,164094,9962,387657,California
Alameda,2021-03-07,9833,561974,8534,339365,1212,222225,87,384,7024,227900,2776,166870,7113,394770,California
Alameda,2021-03-08,12061,574035,7513,346878,4167,226392,381,765,9018,234303,2992,169862,9395,404165,California
Alameda,2021-03-09,14822,588857,10381,357259,4009,230401,432,1197,8071,236090,6716,176578,8503,412668,California
Alameda,2021-03-10,17688,606545,12237,369496,4884,235285,567,1764,7949,234893,9707,186285,8510,421178,California
Alameda,2021-03-11,19957,626502,11689,381185,6550,241835,1718,3482,6780,230227,13144,199429,8478,429656,California
Alameda,2021-03-12,21554,648056,12598,393783,7248,249083,1708,5190,7437,225270,14084,213513,9127,438783,California
Alameda,2021-03-13,16254,664310,10411,404194,4833,253916,1010,6200,5161,220371,11057,224570,6158,444941,California
Alameda,2021-03-14,10953,675263,8058,412252,2103,256019,792,6992,3311,216844,7619,232189,4092,449033,California
Alameda,2021-03-15,14599,689862,9542,421794,4523,260542,534,7526,6188,215184,8377,240566,6717,455750,California
Alameda,2021-03-16,17412,707274,11282,433076,5583,266125,547,8073,7343,213062,10014,250580,7892,463642,California
Alameda,2021-03-17,17813,725087,10113,443189,6966,273091,734,8807,8226,212481,9538,260118,8957,472599,California
Alameda,2021-03-18,19504,744591,10674,453863,7929,281020,901,9708,8865,211640,10608,270726,9767,482366,California
Alameda,2021-03-19,19764,764355,10878,464741,7085,288105,1801,11509,7819,209354,11892,282618,9606,491972,California
Alameda,2021-03-20,15929,780284,10439,475180,4630,292735,860,12369,6386,207084,9507,292125,7237,499209,California
Alameda,2021-03-21,9348,789632,7353,482533,1439,294174,556,12925,3477,205256,5860,297985,4032,503241,California
Alameda,2021-03-22,15337,804969,10332,492865,3993,298167,1012,13937,6976,204907,8327,306312,7978,511219,California
Alameda,2021-03-23,19630,824599,11912,504777,6902,305069,816,14753,9978,206103,9600,315912,10796,522015,California
Alameda,2021-03-24,19535,844134,11817,516594,6690,311759,1028,15781,8492,204633,10978,326890,9508,531523,California
Alameda,2021-03-25,20818,864952,11592,528186,7815,319574,1411,17192,9553,204391,11192,338082,10950,542473,California
Alameda,2021-03-26,21209,886161,12801,540987,6837,326411,1571,18763,8595,201975,12563,350645,10147,552620,California
Alameda,2021-03-27,18507,904668,12621,553608,4929,331340,957,19720,7602,199668,10853,361498,8546,561166,California
Alameda,2021-03-28,10725,915393,8729,562337,1794,333134,202,19922,3488,196145,7217,368715,3694,564860,California
Alameda,2021-03-29,14935,930328,9524,571861,4411,337545,1000,20922,5986,194220,8908,377623,6983,571843,California
Alameda,2021-03-30,18881,949209,9936,581797,7216,344761,1729,22651,9483,196057,9362,386985,11199,583042,California
Alameda,2021-03-31,19689,968898,10394,592191,7178,351939,2117,24768,9223,196946,10434,397419,11323,594365,California
Alameda,2021-04-01,23617,992515,10151,602342,7753,359692,5713,30481,11231,201507,12328,409747,16889,611254,California
Alameda,2021-04-02,24409,1016924,10026,612368,8481,368173,5902,36383,11851,206692,12515,422262,17700,628954,California
Alameda,2021-04-03,20529,1037453,9929,622297,5723,373896,4877,41260,10375,211784,10128,432390,15220,644174,California
Alameda,2021-04-04,10019,1047472,4005,626302,2303,376199,3711,44971,3469,212418,6528,438918,7162,651336,California
Alameda,2021-04-05,18005,1065477,7603,633905,5589,381788,4813,49784,7359,213957,10617,449535,12156,663492,California
Alameda,2021-04-06,22458,1087935,10820,644725,5759,387547,5879,55663,10228,217834,12190,461725,16067,679559,California
Alameda,2021-04-07,22812,1110747,11724,656449,5588,393135,5500,61163,11533,223615,11230,472955,17011,696570,California
Alameda,2021-04-08,25817,1136564,11673,668122,6104,399239,8040,69203,11060,228005,14675,487630,19065,715635,California
Alameda,2021-04-09,23695,1160259,10831,678953,7594,406833,5270,74473,12191,233990,11465,499095,17450,733085,California
Alameda,2021-04-10,19486,1179745,7524,686477,5722,412555,6240,80713,8283,237312,11173,510268,14495,747580,California
Alameda,2021-04-11,11115,1190860,4873,691350,2278,414833,3964,84677,4513,239184,6583,516851,8455,756035,California
Alameda,2021-04-12,18315,1209175,11884,703234,4435,419268,1996,86673,10304,243508,7969,524820,12293,768328,California
Alameda,2021-04-13,23289,1232464,14757,717991,8471,427739,61,86734,17097,254539,6134,530954,17165,785493,California
Alameda,2021-04-14,23403,1255867,15345,733336,8056,435795,2,86736,15663,262513,7696,538650,15670,801163,California
Alameda,2021-04-15,24487,1280354,15620,748956,8862,444657,5,86741,16133,270372,8289,546939,16148,817311,California
Alameda,2021-04-16,24899,1305253,14656,763612,10237,454894,6,86747,15891,277343,8941,555880,15912,833223,California
Alameda,2021-04-17,21215,1326468,14662,778274,6551,461445,2,86749,14660,285507,6512,562392,14676,847899,California
Alameda,2021-04-18,10438,1336906,8060,786334,2378,463823,0,86749,7211,289535,3192,565584,7220,855119,California
Alameda,2021-04-19,15986,1352892,9939,796273,6046,469869,1,86750,9236,292073,6708,572292,9246,864365,California
Alameda,2021-04-20,19004,1371896,11763,808036,7239,477108,2,86752,10335,293815,8614,580906,10356,874721,California
Alameda,2021-04-21,20453,1392349,12293,820329,8148,485256,12,86764,11800,297060,8588,589494,11833,886554,California
Alameda,2021-04-22,22142,1414491,14392,834721,7745,493001,5,86769,11734,298480,10345,599839,11765,898319,California
Alameda,2021-04-23,22507,1436998,14702,849423,7801,500802,4,86773,12500,301077,9936,609775,12533,910852,California
Alameda,2021-04-24,19080,1456078,14471,863894,4601,505403,8,86781,10069,302209,8961,618736,10093,920945,California
Alameda,2021-04-25,9029,1465107,7024,870918,2004,507407,1,86782,5906,305033,3094,621830,5918,926863,California
Alameda,2021-04-26,14869,1479976,10323,881241,4520,511927,26,86808,9102,308445,5728,627558,9140,936003,California
Alameda,2021-04-27,16719,1496695,9957,891198,6394,518321,368,87176,7842,307857,8822,636380,8234,944237,California
Alameda,2021-04-28,17077,1513772,10890,902088,5718,524039,469,87645,6905,305113,10134,646514,7390,951627,California
Alameda,2021-04-29,17729,1531501,10745,912833,6652,530691,332,87977,6605,301013,11061,657575,6961,958588,California
Alameda,2021-04-30,20572,1552073,12946,925779,7280,537971,346,88323,8472,297869,12007,669582,8863,967451,California
Alameda,2021-05-01,14099,1566172,9432,935211,4456,542427,211,88534,5264,294581,8792,678374,5504,972955,California
Alameda,2021-05-02,7110,1573282,4964,940175,1975,544402,171,88705,2898,293461,4192,682566,3072,976027,California
Alameda,2021-05-03,14623,1587905,10995,951170,3307,547709,321,89026,2860,284972,11702,694268,3213,979240,California
Alameda,2021-05-04,18881,1606786,13648,964818,4871,552580,362,89388,3804,274171,15003,709271,4202,983442,California
Alameda,2021-05-05,18787,1625573,13730,978548,4548,557128,509,89897,3837,263650,14884,724155,4363,987805,California
Alameda,2021-05-06,19272,1644845,14667,993215,3910,561038,695,90592,3776,252721,15414,739569,4485,992290,California
Alameda,2021-05-07,19508,1664353,13177,1006392,5913,566951,418,91010,4475,242672,14959,754528,4910,997200,California
Alameda,2021-05-08,17092,1681445,11861,1018253,5018,571969,213,91223,3265,232380,13786,768314,3494,1000694,California
Alameda,2021-05-09,8581,1690026,7024,1025277,1414,573383,143,91366,1328,226625,7231,775545,1476,1002170,California
Alameda,2021-05-10,10422,1700448,7197,1032474,2899,576282,326,91692,2511,221597,7875,783420,2847,1005017,California
Alameda,2021-05-11,15722,1716170,8627,1041101,6780,583062,315,92007,2808,211895,12863,796283,3161,1008178,California
Alameda,2021-05-12,13527,1729697,9031,1050132,4052,587114,444,92451,2712,204321,10767,807050,3193,1011371,California
Alameda,2021-05-13,18072,1747769,13012,1063144,4517,591631,543,92994,5739,198362,12280,819330,6321,1017692,California
Alameda,2021-05-14,20837,1768606,14165,1077309,6206,597837,466,93460,7065,192219,13688,833018,7545,1025237,California
Alameda,2021-05-15,17338,1785944,12655,1089964,4450,602287,233,93693,5931,187032,11356,844374,6169,1031406,California
Alameda,2021-05-16,8899,1794843,7653,1097617,1140,603427,106,93799,3141,184560,5724,850098,3252,1034658,California
Alameda,2021-05-17,13563,1808406,10112,1107729,2919,606346,532,94331,4197,179978,9324,859422,4742,1039400,California
Alameda,2021-05-18,14280,1822686,10390,1118119,3465,609811,425,94756,4983,176137,9251,868673,5410,1044810,California
Alameda,2021-05-19,14532,1837218,9973,1128092,4221,614032,338,95094,5881,173760,8598,877271,6221,1051031,California
Alameda,2021-05-20,13435,1850653,8883,1136975,4016,618048,536,95630,5744,172405,7635,884906,6280,1057311,California
Alameda,2021-05-21,15301,1865954,10060,1147035,4970,623018,271,95901,5071,167593,10159,895065,5347,1062658,California
Alameda,2021-05-22,10349,1876303,7477,1154512,2704,625722,168,96069,4174,165797,6141,901206,4345,1067003,California
Alameda,2021-05-23,5130,1881433,3951,1158463,1090,626812,89,96158,1673,164124,3436,904642,1763,1068766,California
Alameda,2021-05-24,7276,1888709,4244,1162707,2772,629584,260,96418,2823,162800,4412,909054,3088,1071854,California
Alameda,2021-05-25,8034,1896743,5194,1167901,2578,632162,262,96680,3520,162099,4478,913532,3777,1075631,California
Alameda,2021-05-26,8296,1905039,5185,1173086,2809,634971,302,96982,3579,161284,4690,918222,3875,1079506,California
Alameda,2021-05-27,8163,1913202,4880,1177966,2882,637853,401,97383,3340,160240,4781,923003,3737,1083243,California
Alameda,2021-05-28,8632,1921834,5052,1183018,3352,641205,228,97611,3598,159062,5006,928009,3828,1087071,California
Alameda,2021-05-29,4962,1926796,3005,1186023,1770,642975,187,97798,2454,159218,2487,930496,2643,1089714,California
Alameda,2021-05-30,2467,1929263,1618,1187641,760,643735,89,97887,973,158796,1484,931980,1062,1090776,California
Alameda,2021-05-31,1161,1930424,859,1188500,247,643982,55,97942,347,158400,798,932778,402,1091178,California
Alameda,2021-06-01,7119,1937543,4984,1193484,1889,645871,246,98188,2951,157455,4140,936918,3195,1094373,California
Alameda,2021-06-02,5824,1943367,3622,1197106,1978,647849,224,98412,2179,156240,3610,940528,2395,1096768,California
Alameda,2021-06-03,8488,1951855,6414,1203520,1793,649642,281,98693,2767,153601,5682,946210,3043,1099811,California
Alameda,2021-06-04,10479,1962334,7724,1211244,2513,652155,242,98935,2831,149067,7608,953818,3074,1102885,California
Alameda,2021-06-05,8098,1970432,5889,1217133,2048,654203,161,99096,1787,144735,6277,960095,1945,1104830,California
Alameda,2021-06-06,3682,1974114,3324,1220457,277,654480,81,99177,859,142860,2815,962910,940,1105770,California
Alameda,2021-06-07,5869,1979983,4277,1224734,1415,655895,177,99354,1718,140628,4127,967037,1895,1107665,California
Alameda,2021-06-08,7274,1987257,5813,1230547,1218,657113,243,99597,2099,137820,5148,972185,2340,1110005,California
Alameda,2021-06-09,7298,1994555,5967,1236514,1135,658248,196,99793,1672,134083,5599,977784,1862,1111867,California
Alameda,2021-06-10,8013,2002568,6706,1243220,1001,659249,306,100099,2133,130664,5855,983639,2436,1114303,California
Alameda,2021-06-11,8057,2010625,6185,1249405,1649,660898,223,100322,2458,127778,5571,989210,2685,1116988,California
Alameda,2021-06-12,5504,2016129,4220,1253625,1096,661994,188,100510,1363,125216,4117,993327,1555,1118543,California
Alameda,2021-06-13,2311,2018440,1760,1255385,429,662423,122,100632,663,124363,1636,994963,783,1119326,California
Alameda,2021-06-14,4576,2023016,3439,1258824,926,663349,211,100843,1536,123091,3018,997981,1746,1121072,California
Alameda,2021-06-15,6012,2029028,4368,1263192,1362,664711,282,101125,1786,120971,4187,1002168,2067,1123139,California
Alameda,2021-06-16,5151,2034179,4113,1267305,834,665545,204,101329,1522,119083,3611,1005779,1723,1124862,California
Alameda,2021-06-17,5582,2039761,4517,1271822,834,666379,231,101560,1836,117439,3713,1009492,2069,1126931,California
Alameda,2021-06-18,5931,2045692,4476,1276298,1201,667580,254,101814,1977,115738,3929,1013421,2228,1129159,California
Alameda,2021-06-19,3460,2049152,2621,1278919,680,668260,159,101973,1058,114565,2389,1015810,1216,1130375,California
Alameda,2021-06-20,1399,2050551,1167,1280086,186,668446,46,102019,518,114252,875,1016685,562,1130937,California
Alameda,2021-06-21,2715,2053266,1847,1281933,707,669153,161,102180,1389,114492,1310,1017995,1550,1132487,California
Alameda,2021-06-22,4573,2057839,3543,1285476,837,669990,193,102373,1404,112935,3152,1021147,1595,1134082,California
Alameda,2021-06-23,3503,2061342,2694,1288170,623,670613,186,102559,1180,111989,2308,1023455,1362,1135444,California
Alameda,2021-06-24,4394,2065736,3509,1291679,650,671263,235,102794,1508,110866,2865,1026320,1742,1137186,California
Alameda,2021-06-25,4614,2070350,3464,1295143,948,672211,202,102996,1708,109887,2889,1029209,1910,1139096,California
Alameda,2021-06-26,3078,2073428,2263,1297406,650,672861,165,103161,1070,109133,1988,1031197,1234,1140330,California
Alameda,2021-06-27,1303,2074731,1070,1298476,186,673047,47,103208,512,108908,784,1031981,559,1140889,California
Alameda,2021-06-28,2907,2077638,2363,1300839,349,673396,195,103403,1137,108491,1748,1033729,1331,1142220,California
Alameda,2021-06-29,3682,2081320,2948,1303787,596,673992,138,103541,1285,107532,2381,1036110,1422,1143642,California
Alameda,2021-06-30,2849,2084169,2225,1306012,492,674484,132,103673,1064,106952,1774,1037884,1194,1144836,California
Alameda,2021-07-01,3454,2087623,2725,1308737,580,675064,149,103822,1238,106141,2195,1040079,1384,1146220,California
Alameda,2021-07-02,3955,2091578,2976,1311713,812,675876,167,103989,1438,105248,2491,1042570,1598,1147818,California
Alameda,2021-07-03,1552,2093130,1066,1312779,400,676276,86,104075,544,104879,998,1043568,629,1148447,California
Alpine,2020-12-18,2,2,2,2,0,0,0,0,2,2,0,0,2,2,California
Alpine,2020-12-19,2,4,2,4,0,0,0,0,2,4,0,0,2,4,California
Alpine,2020-12-21,2,6,2,6,0,0,0,0,2,6,0,0,2,6,California
Alpine,2020-12-29,1,7,0,6,1,1,0,0,1,7,0,0,1,7,California
Alpine,2020-12-30,14,21,0,6,14,15,0,0,14,21,0,0,14,21,California
Alpine,2020-12-31,1,22,0,6,1,16,0,0,1,22,0,0,1,22,California
Alpine,2021-01-01,1,23,0,6,1,17,0,0,1,23,0,0,1,23,California
Alpine,2021-01-02,1,24,1,7,0,17,0,0,1,24,0,0,1,24,California
Alpine,2021-01-04,10,34,0,7,10,27,0,0,10,34,0,0,10,34,California
Alpine,2021-01-05,9,43,1,8,8,35,0,0,9,43,0,0,9,43,California
Alpine,2021-01-06,31,74,0,8,31,66,0,0,31,74,0,0,31,74,California
Alpine,2021-01-07,8,82,0,8,8,74,0,0,8,82,0,0,8,82,California
Alpine,2021-01-08,4,86,2,10,2,76,0,0,2,82,2,2,2,84,California
Alpine,2021-01-09,2,88,2,12,0,76,0,0,0,80,2,4,0,84,California
Alpine,2021-01-11,32,120,1,13,31,107,0,0,31,110,1,5,31,115,California
Alpine,2021-01-13,35,155,0,13,35,142,0,0,35,145,0,5,35,150,California
Alpine,2021-01-14,1,156,0,13,1,143,0,0,1,146,0,5,1,151,California
Alpine,2021-01-15,1,157,0,13,1,144,0,0,1,147,0,5,1,152,California
Alpine,2021-01-18,1,158,1,14,0,144,0,0,1,148,0,5,1,153,California
Alpine,2021-01-20,21,179,0,14,21,165,0,0,21,169,0,5,21,174,California
Alpine,2021-01-21,1,180,0,14,1,166,0,0,1,170,0,5,1,175,California
Alpine,2021-01-22,33,213,0,14,33,199,0,0,33,203,0,5,33,208,California
Alpine,2021-01-23,1,214,1,15,0,199,0,0,0,202,1,6,0,208,California
Alpine,2021-01-25,16,230,0,15,16,215,0,0,16,218,0,6,16,224,California
Alpine,2021-01-26,1,231,0,15,1,216,0,0,0,217,1,7,0,224,California
Alpine,2021-01-27,1,232,1,16,0,216,0,0,0,216,1,8,0,224,California
Alpine,2021-01-28,1,233,0,16,1,217,0,0,0,215,1,9,0,224,California
Alpine,2021-01-29,1,234,0,16,1,218,0,0,1,216,0,9,1,225,California
Alpine,2021-02-01,25,259,0,16,25,243,0,0,7,205,18,27,7,232,California
Alpine,2021-02-03,34,293,0,16,34,277,0,0,10,191,24,51,10,242,California
Alpine,2021-02-04,8,301,0,16,8,285,0,0,3,189,5,56,3,245,California
Alpine,2021-02-05,32,333,1,17,31,316,0,0,12,181,20,76,12,257,California
Alpine,2021-02-07,1,334,1,18,0,316,0,0,1,182,0,76,1,258,California
Alpine,2021-02-08,32,366,0,18,32,348,0,0,4,158,28,104,4,262,California
Alpine,2021-02-10,34,400,0,18,34,382,0,0,0,124,34,138,0,262,California
Alpine,2021-02-11,6,406,0,18,6,388,0,0,3,124,3,141,3,265,California
Alpine,2021-02-12,1,407,0,18,1,389,0,0,0,123,1,142,0,265,California
Alpine,2021-02-17,23,430,0,18,23,412,0,0,3,106,20,162,3,268,California
Alpine,2021-02-18,2,432,0,18,2,414,0,0,1,106,1,163,1,269,California
Alpine,2021-02-19,34,466,1,19,33,447,0,0,2,76,32,195,2,271,California
Alpine,2021-02-22,27,493,0,19,27,474,0,0,8,65,19,214,8,279,California
Alpine,2021-02-24,1,494,1,20,0,474,0,0,1,66,0,214,1,280,California
Alpine,2021-02-25,6,500,1,21,5,479,0,0,6,72,0,214,6,286,California
Alpine,2021-02-26,30,530,1,22,29,508,0,0,29,100,1,215,29,315,California
Alpine,2021-02-27,1,531,0,22,1,509,0,0,1,101,0,215,1,316,California
Alpine,2021-03-01,36,567,0,22,36,545,0,0,26,117,10,225,26,342,California
Alpine,2021-03-03,30,597,1,23,29,574,0,0,18,123,12,237,18,360,California
Alpine,2021-03-04,10,607,0,23,10,584,0,0,10,133,0,237,10,370,California
Alpine,2021-03-05,30,637,0,23,30,614,0,0,22,147,8,245,22,392,California
Alpine,2021-03-08,31,668,0,23,31,645,0,0,29,174,2,247,29,421,California
Alpine,2021-03-10,73,741,0,23,73,718,0,0,73,247,0,247,73,494,California
Alpine,2021-03-11,35,776,0,23,35,753,0,0,31,274,4,251,31,525,California
Alpine,2021-03-12,19,795,0,23,19,772,0,0,17,289,2,253,17,542,California
Alpine,2021-03-15,21,816,1,24,20,792,0,0,20,308,1,254,20,562,California
Alpine,2021-03-17,23,839,0,24,22,814,1,1,19,324,4,258,20,582,California
Alpine,2021-03-18,38,877,3,27,35,849,0,1,35,356,3,261,35,617,California
Alpine,2021-03-19,2,879,1,28,1,850,0,1,1,356,1,262,1,618,California
Alpine,2021-03-22,24,903,0,28,24,874,0,1,15,362,9,271,15,633,California
Alpine,2021-03-24,19,922,0,28,19,893,0,1,8,359,11,282,8,641,California
Alpine,2021-03-25,34,956,0,28,33,926,1,2,27,381,6,288,28,669,California
Alpine,2021-03-27,1,957,0,28,1,927,0,2,0,380,1,289,0,669,California
Alpine,2021-03-28,1,958,1,29,0,927,0,2,1,381,0,289,1,670,California
Alpine,2021-03-29,19,977,0,29,18,945,1,3,2,367,17,306,3,673,California
Alpine,2021-04-01,18,995,0,29,18,963,0,3,8,365,10,316,8,681,California
Alpine,2021-04-02,101,1096,1,30,100,1063,0,3,46,357,54,370,46,727,California
Alpine,2021-04-05,4,1100,1,31,3,1066,0,3,0,353,4,374,0,727,California
Alpine,2021-04-06,3,1103,2,33,1,1067,0,3,2,354,1,375,2,729,California
Alpine,2021-04-07,117,1220,0,33,116,1183,1,4,30,299,86,461,31,760,California
Alpine,2021-04-08,37,1257,0,33,35,1218,2,6,10,284,27,488,12,772,California
Alpine,2021-04-09,2,1259,0,33,2,1220,0,6,2,286,0,488,2,774,California
Alpine,2021-04-14,47,1306,0,33,47,1267,0,6,10,259,37,525,10,784,California
Alpine,2021-04-15,35,1341,0,33,35,1302,0,6,3,230,32,557,3,787,California
Alpine,2021-04-16,1,1342,0,33,1,1303,0,6,1,231,0,557,1,788,California
Alpine,2021-04-19,1,1343,0,33,1,1304,0,6,1,232,0,557,1,789,California
Alpine,2021-04-21,31,1374,0,33,31,1335,0,6,15,231,16,573,15,804,California
Alpine,2021-04-22,24,1398,0,33,24,1359,0,6,1,209,23,596,1,805,California
Alpine,2021-04-24,2,1400,2,35,0,1359,0,6,0,208,2,598,1,806,California
Alpine,2021-04-25,1,1401,1,36,0,1359,0,6,0,207,1,599,0,806,California
Alpine,2021-04-27,2,1403,1,37,1,1360,0,6,1,207,1,600,1,807,California
Alpine,2021-04-28,36,1439,0,37,36,1396,0,6,6,183,30,630,6,813,California
Alpine,2021-04-29,7,1446,1,38,6,1402,0,6,1,178,6,636,1,814,California
Alpine,2021-04-30,2,1448,1,39,0,1402,1,7,1,179,1,637,2,816,California
Alpine,2021-05-02,1,1449,0,39,0,1402,1,8,0,179,1,638,1,817,California
Alpine,2021-05-05,17,1466,0,39,17,1419,0,8,4,170,13,651,4,821,California
Alpine,2021-05-06,8,1474,0,39,8,1427,0,8,0,162,8,659,0,821,California
Alpine,2021-05-07,1,1475,0,39,1,1428,0,8,0,161,1,660,0,821,California
Alpine,2021-05-10,1,1476,0,39,1,1429,0,8,1,162,0,660,1,822,California
Alpine,2021-05-12,1,1477,0,39,0,1429,1,9,0,162,1,661,1,823,California
Alpine,2021-05-13,3,1480,0,39,3,1432,0,9,0,159,3,664,0,823,California
Alpine,2021-05-17,2,1482,0,39,2,1434,0,9,1,159,1,665,1,824,California
Alpine,2021-05-18,1,1483,0,39,1,1435,0,9,1,160,0,665,1,825,California
Alpine,2021-05-19,15,1498,0,39,15,1450,0,9,0,145,15,680,0,825,California
Alpine,2021-05-20,1,1499,1,40,0,1450,0,9,0,144,1,681,0,825,California
Alpine,2021-05-21,1,1500,1,41,0,1450,0,9,0,143,1,682,0,825,California
Alpine,2021-05-25,2,1502,0,41,2,1452,0,9,0,141,2,684,0,825,California
Alpine,2021-05-27,3,1505,2,43,1,1453,0,9,3,144,0,684,3,828,California
Alpine,2021-05-28,2,1507,1,44,1,1454,0,9,2,146,0,684,2,830,California
Alpine,2021-05-29,1,1508,0,44,1,1455,0,9,1,147,0,684,1,831,California
Alpine,2021-06-02,8,1516,0,44,8,1463,0,9,1,141,7,691,1,832,California
Alpine,2021-06-04,1,1517,0,44,1,1464,0,9,1,142,0,691,1,833,California
Alpine,2021-06-07,1,1518,0,44,1,1465,0,9,0,141,1,692,0,833,California
Alpine,2021-06-10,1,1519,1,45,0,1465,0,9,1,142,0,692,1,834,California
Alpine,2021-06-15,2,1521,1,46,1,1466,0,9,0,140,2,694,0,834,California
Alpine,2021-06-18,1,1522,1,47,0,1466,0,9,0,139,1,695,0,834,California
Alpine,2021-06-19,1,1523,1,48,0,1466,0,9,0,138,1,696,0,834,California
Alpine,2021-06-25,1,1524,0,48,1,1467,0,9,0,137,1,697,0,834,California
Alpine,2021-06-29,1,1525,0,48,1,1468,0,9,1,138,0,697,1,835,California
Alpine,2021-06-30,1,1526,0,48,1,1469,0,9,0,137,1,698,0,835,California
Alpine,2021-07-01,1,1527,1,49,0,1469,0,9,0,136,1,699,0,835,California
Amador,2020-12-16,2,2,2,2,0,0,0,0,2,2,0,0,2,2,California
Amador,2020-12-17,5,7,5,7,0,0,0,0,5,7,0,0,5,7,California
Amador,2020-12-18,45,52,45,52,0,0,0,0,45,52,0,0,45,52,California
Amador,2020-12-19,16,68,16,68,0,0,0,0,16,68,0,0,16,68,California
Amador,2020-12-20,4,72,4,72,0,0,0,0,4,72,0,0,4,72,California
Amador,2020-12-21,31,103,31,103,0,0,0,0,31,103,0,0,31,103,California
Amador,2020-12-22,35,138,34,137,1,1,0,0,35,138,0,0,35,138,California
Amador,2020-12-23,41,179,39,176,2,3,0,0,41,179,0,0,41,179,California
Amador,2020-12-24,5,184,3,179,2,5,0,0,5,184,0,0,5,184,California
Amador,2020-12-26,5,189,4,183,1,6,0,0,5,189,0,0,5,189,California
Amador,2020-12-27,1,190,0,183,1,7,0,0,1,190,0,0,1,190,California
Amador,2020-12-28,30,220,26,209,4,11,0,0,30,220,0,0,30,220,California
Amador,2020-12-29,25,245,18,227,7,18,0,0,25,245,0,0,25,245,California
Amador,2020-12-30,123,368,77,304,46,64,0,0,123,368,0,0,123,368,California
Amador,2020-12-31,195,563,170,474,25,89,0,0,195,563,0,0,195,563,California
Amador,2021-01-01,2,565,0,474,2,91,0,0,2,565,0,0,2,565,California
Amador,2021-01-02,57,622,57,531,0,91,0,0,57,622,0,0,57,622,California
Amador,2021-01-03,66,688,17,548,49,140,0,0,66,688,0,0,66,688,California
Amador,2021-01-04,125,813,2,550,123,263,0,0,125,813,0,0,125,813,California
Amador,2021-01-05,33,846,3,553,30,293,0,0,32,844,1,1,32,845,California
Amador,2021-01-06,40,886,11,564,29,322,0,0,36,876,4,5,36,881,California
Amador,2021-01-07,234,1120,72,636,162,484,0,0,222,1086,12,17,222,1103,California
Amador,2021-01-08,85,1205,70,706,15,499,0,0,42,1086,43,60,43,1146,California
Amador,2021-01-09,11,1216,11,717,0,499,0,0,2,1079,9,69,2,1148,California
Amador,2021-01-10,6,1222,4,721,2,501,0,0,2,1077,4,73,2,1150,California
Amador,2021-01-11,125,1347,44,765,81,582,0,0,88,1129,37,110,89,1239,California
Amador,2021-01-12,69,1416,53,818,16,598,0,0,41,1142,28,138,41,1280,California
Amador,2021-01-13,41,1457,24,842,17,615,0,0,29,1159,12,150,29,1309,California
Amador,2021-01-14,150,1607,22,864,128,743,0,0,140,1290,10,160,141,1450,California
Amador,2021-01-15,62,1669,26,890,36,779,0,0,53,1334,9,169,53,1503,California
Amador,2021-01-16,20,1689,13,903,7,786,0,0,14,1343,6,175,15,1518,California
Amador,2021-01-17,25,1714,5,908,20,806,0,0,25,1368,0,175,25,1543,California
Amador,2021-01-18,31,1745,27,935,4,810,0,0,10,1357,21,196,10,1553,California
Amador,2021-01-19,126,1871,101,1036,25,835,0,0,81,1393,45,241,81,1634,California
Amador,2021-01-20,182,2053,32,1068,150,985,0,0,168,1548,13,254,168,1802,California
Amador,2021-01-21,261,2314,230,1298,31,1016,0,0,149,1586,112,366,150,1952,California
Amador,2021-01-22,142,2456,74,1372,68,1084,0,0,135,1714,7,373,135,2087,California
Amador,2021-01-23,60,2516,33,1405,27,1111,0,0,57,1768,3,376,57,2144,California
Amador,2021-01-24,28,2544,12,1417,16,1127,0,0,24,1788,4,380,24,2168,California
Amador,2021-01-25,60,2604,29,1446,31,1158,0,0,42,1812,18,398,42,2210,California
Amador,2021-01-26,246,2850,17,1463,229,1387,0,0,236,2038,10,408,236,2446,California
Amador,2021-01-27,307,3157,35,1498,272,1659,0,0,259,2253,45,453,260,2706,California
Amador,2021-01-28,374,3531,99,1597,275,1934,0,0,290,2460,84,537,291,2997,California
Amador,2021-01-29,105,3636,33,1630,72,2006,0,0,90,2535,15,552,90,3087,California
Amador,2021-01-30,198,3834,37,1667,161,2167,0,0,193,2723,5,557,193,3280,California
Amador,2021-01-31,34,3868,29,1696,5,2172,0,0,33,2755,1,558,33,3313,California
Amador,2021-02-01,67,3935,23,1719,44,2216,0,0,39,2766,28,586,39,3352,California
Amador,2021-02-02,216,4151,66,1785,150,2366,0,0,129,2810,85,671,129,3481,California
Amador,2021-02-03,143,4294,40,1825,103,2469,0,0,91,2850,51,722,91,3572,California
Amador,2021-02-04,253,4547,76,1901,177,2646,0,0,166,2932,86,808,168,3740,California
Amador,2021-02-05,337,4884,63,1964,274,2920,0,0,319,3234,17,825,319,4059,California
Amador,2021-02-06,125,5009,81,2045,44,2964,0,0,120,3349,5,830,120,4179,California
Amador,2021-02-07,38,5047,34,2079,4,2968,0,0,34,3380,4,834,35,4214,California
Amador,2021-02-08,92,5139,63,2142,29,2997,0,0,73,3434,19,853,73,4287,California
Amador,2021-02-09,178,5317,82,2224,96,3093,0,0,111,3478,67,920,111,4398,California
Amador,2021-02-10,984,6301,81,2305,903,3996,0,0,949,4392,35,955,949,5347,California
Amador,2021-02-11,312,6613,120,2425,192,4188,0,0,200,4482,110,1065,200,5547,California
Amador,2021-02-12,336,6949,121,2546,215,4403,0,0,261,4668,75,1140,261,5808,California
Amador,2021-02-13,183,7132,84,2630,99,4502,0,0,156,4797,27,1167,156,5964,California
Amador,2021-02-14,122,7254,54,2684,68,4570,0,0,105,4885,17,1184,105,6069,California
Amador,2021-02-15,189,7443,62,2746,127,4697,0,0,172,5041,16,1200,172,6241,California
Amador,2021-02-16,466,7909,53,2799,413,5110,0,0,425,5426,41,1241,426,6667,California
Amador,2021-02-17,264,8173,84,2883,180,5290,0,0,166,5494,98,1339,166,6833,California
Amador,2021-02-18,400,8573,101,2984,299,5589,0,0,334,5762,66,1405,334,7167,California
Amador,2021-02-19,204,8777,78,3062,126,5715,0,0,116,5790,88,1493,116,7283,California
Amador,2021-02-20,103,8880,34,3096,69,5784,0,0,67,5821,36,1529,67,7350,California
Amador,2021-02-21,54,8934,36,3132,18,5802,0,0,19,5807,33,1562,19,7369,California
Amador,2021-02-22,66,9000,26,3158,40,5842,0,0,32,5806,33,1595,32,7401,California
Amador,2021-02-23,323,9323,55,3213,268,6110,0,0,139,5762,184,1779,140,7541,California
Amador,2021-02-24,401,9724,62,3275,339,6449,0,0,264,5893,133,1912,264,7805,California
Amador,2021-02-25,532,10256,123,3398,409,6858,0,0,280,5923,250,2162,280,8085,California
Amador,2021-02-26,644,10900,81,3479,563,7421,0,0,518,6316,125,2287,518,8603,California
Amador,2021-02-27,301,11201,95,3574,206,7627,0,0,99,6216,201,2488,101,8704,California
Amador,2021-02-28,127,11328,57,3631,70,7697,0,0,63,6217,64,2552,65,8769,California
Amador,2021-03-01,198,11526,69,3700,129,7826,0,0,126,6272,72,2624,127,8896,California
Amador,2021-03-02,385,11911,64,3764,321,8147,0,0,335,6558,50,2674,336,9232,California
Amador,2021-03-03,245,12156,80,3844,165,8312,0,0,168,6651,76,2750,169,9401,California
Amador,2021-03-04,501,12657,117,3961,384,8696,0,0,396,6943,104,2854,396,9797,California
Amador,2021-03-05,519,13176,76,4037,443,9139,0,0,295,7019,222,3076,298,10095,California
Amador,2021-03-06,103,13279,50,4087,52,9191,1,1,57,7031,46,3122,58,10153,California
Amador,2021-03-07,90,13369,44,4131,46,9237,0,1,22,6985,68,3190,22,10175,California
Amador,2021-03-08,155,13524,73,4204,81,9318,1,2,92,7015,63,3253,93,10268,California
Amador,2021-03-09,378,13902,53,4257,325,9643,0,2,293,7227,81,3334,293,10561,California
Amador,2021-03-10,521,14423,77,4334,442,10085,2,4,112,6934,409,3743,116,10677,California
Amador,2021-03-11,484,14907,125,4459,349,10434,10,14,303,7070,180,3923,316,10993,California
Amador,2021-03-12,587,15494,71,4530,510,10944,6,20,343,7182,243,4166,355,11348,California
Amador,2021-03-13,119,15613,18,4548,94,11038,7,27,76,7227,43,4209,88,11436,California
Amador,2021-03-14,100,15713,19,4567,78,11116,3,30,21,7172,79,4288,24,11460,California
Amador,2021-03-15,183,15896,27,4594,149,11265,7,37,55,7107,128,4416,63,11523,California
Amador,2021-03-16,451,16347,53,4647,389,11654,9,46,139,6946,310,4726,149,11672,California
Amador,2021-03-17,386,16733,45,4692,338,11992,3,49,262,7089,122,4848,265,11937,California
Amador,2021-03-18,516,17249,101,4793,411,12403,4,53,258,7099,256,5104,266,12203,California
Amador,2021-03-19,546,17795,58,4851,473,12876,15,68,386,7346,158,5262,405,12608,California
Amador,2021-03-20,113,17908,46,4897,66,12942,1,69,48,7333,64,5326,51,12659,California
Amador,2021-03-21,53,17961,37,4934,15,12957,1,70,28,7340,24,5350,31,12690,California
Amador,2021-03-22,115,18076,34,4968,53,13010,28,98,50,7353,65,5415,78,12768,California
Amador,2021-03-23,436,18512,47,5015,382,13392,7,105,275,7476,160,5575,283,13051,California
Amador,2021-03-24,342,18854,35,5050,55,13447,252,357,35,7457,306,5881,287,13338,California
Amador,2021-03-25,615,19469,87,5137,521,13968,7,364,398,7646,216,6097,405,13743,California
Amador,2021-03-26,752,20221,45,5182,701,14669,6,370,281,7468,468,6565,290,14033,California
Amador,2021-03-27,94,20315,15,5197,77,14746,2,372,31,7440,63,6628,35,14068,California
Amador,2021-03-28,72,20387,17,5214,53,14799,2,374,13,7398,58,6686,16,14084,California
Amador,2021-03-29,184,20571,28,5242,155,14954,1,375,78,7379,103,6789,84,14168,California
Amador,2021-03-30,539,21110,29,5271,509,15463,1,376,292,7426,246,7035,293,14461,California
Amador,2021-03-31,201,21311,58,5329,138,15601,5,381,44,7320,155,7190,49,14510,California
Amador,2021-04-01,625,21936,94,5423,531,16132,0,381,269,7238,353,7543,271,14781,California
Amador,2021-04-02,617,22553,39,5462,565,16697,13,394,384,7405,232,7775,399,15180,California
Amador,2021-04-03,86,22639,24,5486,42,16739,20,414,21,7384,65,7840,44,15224,California
Amador,2021-04-04,39,22678,3,5489,30,16769,6,420,15,7381,24,7864,21,15245,California
Amador,2021-04-05,146,22824,53,5542,76,16845,17,437,49,7353,96,7960,68,15313,California
Amador,2021-04-06,506,23330,39,5581,449,17294,18,455,225,7317,279,8239,243,15556,California
Amador,2021-04-07,99,23429,33,5614,47,17341,19,474,43,7326,53,8292,62,15618,California
Amador,2021-04-08,499,23928,84,5698,393,17734,22,496,221,7293,276,8568,243,15861,California
Amador,2021-04-09,488,24416,22,5720,446,18180,20,516,212,7247,275,8843,229,16090,California
Amador,2021-04-10,52,24468,14,5734,29,18209,9,525,23,7250,29,8872,32,16122,California
Amador,2021-04-11,51,24519,25,5759,22,18231,4,529,23,7250,27,8899,27,16149,California
Amador,2021-04-12,99,24618,26,5785,63,18294,10,539,43,7247,56,8955,53,16202,California
Amador,2021-04-13,347,24965,49,5834,298,18592,0,539,67,7038,277,9232,68,16270,California
Amador,2021-04-14,280,25245,26,5860,254,18846,0,539,56,6874,221,9453,57,16327,California
Amador,2021-04-15,342,25587,78,5938,264,19110,0,539,73,6689,258,9711,73,16400,California
Amador,2021-04-16,489,26076,29,5967,460,19570,0,539,381,6963,107,9818,381,16781,California
Amador,2021-04-17,66,26142,34,6001,32,19602,0,539,30,6957,36,9854,30,16811,California
Amador,2021-04-18,33,26175,11,6012,22,19624,0,539,12,6949,20,9874,12,16823,California
Amador,2021-04-19,69,26244,27,6039,42,19666,0,539,30,6943,38,9912,32,16855,California
Amador,2021-04-20,441,26685,59,6098,382,20048,0,539,110,6731,324,10236,112,16967,California
Amador,2021-04-21,89,26774,35,6133,53,20101,1,540,44,6733,43,10279,45,17012,California
Amador,2021-04-22,521,27295,80,6213,440,20541,1,541,100,6431,403,10682,101,17113,California
Amador,2021-04-23,368,27663,47,6260,321,20862,0,541,289,6648,74,10756,291,17404,California
Amador,2021-04-24,52,27715,25,6285,27,20889,0,541,31,6659,20,10776,31,17435,California
Amador,2021-04-25,45,27760,19,6304,26,20915,0,541,29,6672,16,10792,29,17464,California
Amador,2021-04-26,95,27855,27,6331,67,20982,1,542,44,6669,50,10842,47,17511,California
Amador,2021-04-27,502,28357,45,6376,456,21438,1,543,91,6355,407,11249,93,17604,California
Amador,2021-04-28,70,28427,30,6406,37,21475,3,546,41,6370,29,11278,44,17648,California
Amador,2021-04-29,228,28655,70,6476,49,21524,109,655,67,6384,161,11439,175,17823,California
Amador,2021-04-30,347,29002,28,6504,315,21839,4,659,89,6220,258,11697,94,17917,California
Amador,2021-05-01,47,29049,15,6519,27,21866,5,664,26,6232,19,11716,31,17948,California
Amador,2021-05-02,28,29077,14,6533,11,21877,3,667,11,6230,17,11733,15,17963,California
Amador,2021-05-03,69,29146,35,6568,24,21901,10,677,28,6227,41,11774,38,18001,California
Amador,2021-05-04,468,29614,29,6597,432,22333,7,684,68,5902,400,12174,75,18076,California
Amador,2021-05-05,207,29821,153,6750,46,22379,8,692,162,6029,42,12216,169,18245,California
Amador,2021-05-06,110,29931,56,6806,49,22428,5,697,63,6052,45,12261,68,18313,California
Amador,2021-05-07,129,30060,29,6835,93,22521,7,704,67,6064,62,12323,74,18387,California
Amador,2021-05-08,43,30103,8,6843,32,22553,3,707,21,6066,22,12345,24,18411,California
Amador,2021-05-09,17,30120,1,6844,10,22563,6,713,4,6063,13,12358,10,18421,California
Amador,2021-05-10,60,30180,14,6858,43,22606,3,716,24,6054,36,12394,27,18448,California
Amador,2021-05-11,103,30283,34,6892,43,22649,26,742,45,6067,58,12452,71,18519,California
Amador,2021-05-12,72,30355,25,6917,44,22693,3,745,35,6068,37,12489,38,18557,California
Amador,2021-05-13,79,30434,40,6957,33,22726,6,751,38,6072,40,12529,44,18601,California
Amador,2021-05-14,404,30838,38,6995,361,23087,5,756,92,5860,311,12840,99,18700,California
Amador,2021-05-15,51,30889,20,7015,21,23108,10,766,23,5866,28,12868,34,18734,California
Amador,2021-05-16,41,30930,15,7030,26,23134,0,766,17,5859,24,12892,17,18751,California
Amador,2021-05-17,75,31005,22,7052,51,23185,2,768,35,5858,39,12931,38,18789,California
Amador,2021-05-18,251,31256,171,7223,45,23230,35,803,166,5975,84,13015,201,18990,California
Amador,2021-05-19,76,31332,25,7248,47,23277,4,807,35,5976,40,13055,41,19031,California
Amador,2021-05-20,89,31421,47,7295,37,23314,5,812,30,5953,58,13113,35,19066,California
Amador,2021-05-21,275,31696,29,7324,244,23558,2,814,37,5754,238,13351,39,19105,California
Amador,2021-05-22,47,31743,16,7340,26,23584,5,819,13,5739,34,13385,19,19124,California
Amador,2021-05-23,29,31772,5,7345,21,23605,3,822,5,5723,24,13409,8,19132,California
Amador,2021-05-24,91,31863,32,7377,47,23652,12,834,42,5728,49,13458,54,19186,California
Amador,2021-05-25,141,32004,89,7466,27,23679,25,859,82,5778,57,13515,107,19293,California
Amador,2021-05-26,204,32208,160,7626,37,23716,7,866,39,5659,164,13679,45,19338,California
Amador,2021-05-27,82,32290,37,7663,36,23752,9,875,30,5646,52,13731,39,19377,California
Amador,2021-05-28,69,32359,26,7689,39,23791,4,879,29,5640,39,13770,33,19410,California
Amador,2021-05-29,26,32385,2,7691,21,23812,3,882,8,5633,18,13788,11,19421,California
Amador,2021-05-30,19,32404,5,7696,8,23820,6,888,5,5630,14,13802,11,19432,California
Amador,2021-05-31,10,32414,0,7696,9,23829,1,889,2,5625,8,13810,3,19435,California
Amador,2021-06-01,95,32509,66,7762,24,23853,5,894,43,5622,51,13861,48,19483,California
Amador,2021-06-02,46,32555,16,7778,22,23875,8,902,16,5617,30,13891,25,19508,California
Amador,2021-06-03,59,32614,26,7804,28,23903,5,907,19,5602,39,13930,24,19532,California
Amador,2021-06-04,101,32715,22,7826,58,23961,21,928,20,5562,81,14011,41,19573,California
Amador,2021-06-05,41,32756,16,7842,20,23981,5,933,4,5534,37,14048,9,19582,California
Amador,2021-06-06,19,32775,9,7851,9,23990,1,934,9,5534,10,14058,10,19592,California
Amador,2021-06-07,44,32819,18,7869,22,24012,4,938,17,5528,27,14085,21,19613,California
Amador,2021-06-08,174,32993,138,8007,25,24037,11,949,54,5475,119,14204,66,19679,California
Amador,2021-06-09,49,33042,20,8027,20,24057,9,958,13,5461,36,14240,22,19701,California
Amador,2021-06-10,55,33097,23,8050,20,24077,12,970,19,5456,36,14276,31,19732,California
Amador,2021-06-11,58,33155,17,8067,36,24113,5,975,12,5427,46,14322,17,19749,California
Amador,2021-06-12,23,33178,10,8077,11,24124,2,977,8,5423,14,14336,10,19759,California
Amador,2021-06-13,9,33187,2,8079,6,24130,1,978,2,5419,7,14343,3,19762,California
Amador,2021-06-14,47,33234,24,8103,21,24151,2,980,15,5404,32,14375,17,19779,California
Amador,2021-06-15,44,33278,13,8116,19,24170,12,992,18,5408,26,14401,30,19809,California
Amador,2021-06-16,73,33351,33,8149,31,24201,9,1001,34,5412,39,14440,43,19852,California
Amador,2021-06-17,47,33398,23,8172,20,24221,4,1005,27,5424,19,14459,31,19883,California
Amador,2021-06-18,157,33555,121,8293,29,24250,7,1012,63,5400,94,14553,70,19953,California
Amador,2021-06-19,30,33585,8,8301,14,24264,8,1020,11,5401,19,14572,20,19973,California
Amador,2021-06-20,8,33593,6,8307,1,24265,1,1021,3,5400,5,14577,4,19977,California
Amador,2021-06-21,46,33639,14,8321,23,24288,9,1030,15,5393,31,14608,24,20001,California
Amador,2021-06-22,48,33687,27,8348,19,24307,2,1032,28,5403,20,14628,30,20031,California
Amador,2021-06-23,39,33726,19,8367,12,24319,8,1040,20,5412,19,14647,28,20059,California
Amador,2021-06-24,43,33769,19,8386,18,24337,6,1046,21,5418,21,14668,27,20086,California
Amador,2021-06-25,50,33819,28,8414,11,24348,11,1057,27,5434,23,14691,39,20125,California
Amador,2021-06-26,11,33830,4,8418,5,24353,2,1059,7,5439,4,14695,9,20134,California
Amador,2021-06-27,22,33852,14,8432,4,24357,4,1063,11,5443,11,14706,15,20149,California
Amador,2021-06-28,46,33898,21,8453,14,24371,11,1074,21,5450,25,14731,32,20181,California
Amador,2021-06-29,45,33943,18,8471,18,24389,9,1083,21,5456,24,14755,30,20211,California
Amador,2021-06-30,45,33988,15,8486,14,24403,16,1099,20,5466,25,14780,35,20246,California
Amador,2021-07-01,29,34017,13,8499,13,24416,3,1102,14,5468,15,14795,17,20263,California
Amador,2021-07-02,22,34039,10,8509,9,24425,3,1105,15,5479,7,14802,18,20281,California
Amador,2021-07-03,12,34051,1,8510,11,24436,0,1105,10,5487,2,14804,10,20291,California
Butte,2020-12-16,3,3,3,3,0,0,0,0,3,3,0,0,3,3,California
Butte,2020-12-17,21,24,21,24,0,0,0,0,21,24,0,0,21,24,California
Butte,2020-12-18,52,76,52,76,0,0,0,0,52,76,0,0,52,76,California
Butte,2020-12-19,7,83,7,83,0,0,0,0,7,83,0,0,7,83,California
Butte,2020-12-20,10,93,10,93,0,0,0,0,10,93,0,0,10,93,California
Butte,2020-12-21,631,724,631,724,0,0,0,0,631,724,0,0,631,724,California
Butte,2020-12-22,619,1343,617,1341,2,2,0,0,619,1343,0,0,619,1343,California
Butte,2020-12-23,877,2220,861,2202,16,18,0,0,877,2220,0,0,877,2220,California
Butte,2020-12-24,159,2379,155,2357,4,22,0,0,159,2379,0,0,159,2379,California
Butte,2020-12-26,91,2470,89,2446,2,24,0,0,91,2470,0,0,91,2470,California
Butte,2020-12-27,35,2505,34,2480,1,25,0,0,35,2505,0,0,35,2505,California
Butte,2020-12-28,279,2784,273,2753,6,31,0,0,279,2784,0,0,279,2784,California
Butte,2020-12-29,205,2989,181,2934,24,55,0,0,205,2989,0,0,205,2989,California
Butte,2020-12-30,513,3502,291,3225,222,277,0,0,513,3502,0,0,513,3502,California
Butte,2020-12-31,213,3715,18,3243,195,472,0,0,213,3715,0,0,213,3715,California
Butte,2021-01-01,15,3730,6,3249,9,481,0,0,15,3730,0,0,15,3730,California
Butte,2021-01-02,40,3770,37,3286,3,484,0,0,40,3770,0,0,40,3770,California
Butte,2021-01-03,3,3773,0,3286,3,487,0,0,3,3773,0,0,3,3773,California
Butte,2021-01-04,208,3981,175,3461,33,520,0,0,208,3981,0,0,208,3981,California
Butte,2021-01-05,198,4179,152,3613,46,566,0,0,197,4177,1,1,197,4178,California
Butte,2021-01-06,625,4804,395,4008,230,796,0,0,620,4793,5,6,621,4799,California
Butte,2021-01-07,764,5568,370,4378,394,1190,0,0,744,5517,20,26,744,5543,California
Butte,2021-01-08,673,6241,531,4909,142,1332,0,0,625,6094,48,74,625,6168,California
Butte,2021-01-09,14,6255,8,4917,6,1338,0,0,8,6096,6,80,8,6176,California
Butte,2021-01-10,19,6274,5,4922,14,1352,0,0,14,6105,5,85,14,6190,California
Butte,2021-01-11,983,7257,947,5869,36,1388,0,0,356,5837,627,712,359,6549,California
Butte,2021-01-12,700,7957,655,6524,45,1433,0,0,276,5689,424,1136,276,6825,California
Butte,2021-01-13,1570,9527,1076,7600,494,1927,0,0,727,5576,842,1978,729,7554,California
Butte,2021-01-14,1637,11164,893,8493,744,2671,0,0,1440,6820,196,2174,1440,8994,California
Butte,2021-01-15,1064,12228,819,9312,245,2916,0,0,955,7665,110,2284,955,9949,California
Butte,2021-01-16,589,12817,301,9613,288,3204,0,0,544,8164,45,2329,544,10493,California
Butte,2021-01-17,240,13057,64,9677,176,3380,0,0,202,8328,38,2367,202,10695,California
Butte,2021-01-18,347,13404,305,9982,42,3422,0,0,279,8540,67,2434,279,10974,California
Butte,2021-01-19,495,13899,433,10415,62,3484,0,0,223,8491,272,2706,223,11197,California
Butte,2021-01-20,1396,15295,710,11125,686,4170,0,0,1093,9281,303,3009,1093,12290,California
Butte,2021-01-21,1495,16790,883,12008,612,4782,0,0,1387,10561,107,3116,1387,13677,California
Butte,2021-01-22,1144,17934,483,12491,661,5443,0,0,1090,11597,54,3170,1090,14767,California
Butte,2021-01-23,128,18062,85,12576,43,5486,0,0,103,11675,25,3195,103,14870,California
Butte,2021-01-24,8,18070,6,12582,2,5488,0,0,8,11683,0,3195,8,14878,California
Butte,2021-01-25,661,18731,338,12920,323,5811,0,0,498,12018,163,3358,498,15376,California
Butte,2021-01-26,1488,20219,379,13299,1109,6920,0,0,1350,13230,138,3496,1350,16726,California
Butte,2021-01-27,2110,22329,705,14004,1405,8325,0,0,1375,13871,734,4230,1375,18101,California
Butte,2021-01-28,2271,24600,262,14266,2009,10334,0,0,1958,15517,312,4542,1958,20059,California
Butte,2021-01-29,1694,26294,489,14755,1205,11539,0,0,1313,16451,379,4921,1313,21372,California
Butte,2021-01-30,32,26326,9,14764,23,11562,0,0,30,16479,2,4923,30,21402,California
Butte,2021-01-31,17,26343,15,14779,2,11564,0,0,16,16494,1,4924,16,21418,California
Butte,2021-02-01,1764,28107,406,15185,1358,12922,0,0,1369,17472,391,5315,1369,22787,California
Butte,2021-02-02,1949,30056,363,15548,1586,14508,0,0,1645,18812,305,5620,1645,24432,California
Butte,2021-02-03,2758,32814,781,16329,1977,16485,0,0,1858,19772,898,6518,1858,26290,California
Butte,2021-02-04,2976,35790,324,16653,2652,19137,0,0,2414,21627,559,7077,2414,28704,California
Butte,2021-02-05,1280,37070,670,17323,610,19747,0,0,554,21456,726,7803,555,29259,California
Butte,2021-02-06,150,37220,105,17428,45,19792,0,0,64,21434,86,7889,64,29323,California
Butte,2021-02-07,37,37257,33,17461,4,19796,0,0,14,21425,23,7912,14,29337,California
Butte,2021-02-08,700,37957,547,18008,153,19949,0,0,239,21204,460,8372,239,29576,California
Butte,2021-02-09,964,38921,459,18467,505,20454,0,0,734,21708,230,8602,734,30310,California
Butte,2021-02-10,1710,40631,1191,19658,519,20973,0,0,654,21308,1054,9656,654,30964,California
Butte,2021-02-11,2219,42850,1359,21017,860,21833,0,0,1004,21097,1216,10872,1005,31969,California
Butte,2021-02-12,1002,43852,435,21452,567,22400,0,0,323,20742,678,11550,323,32292,California
Butte,2021-02-13,252,44104,43,21495,209,22609,0,0,151,20792,101,11651,151,32443,California
Butte,2021-02-14,164,44268,10,21505,154,22763,0,0,158,20944,6,11657,158,32601,California
Butte,2021-02-15,262,44530,49,21554,213,22976,0,0,195,21072,67,11724,195,32796,California
Butte,2021-02-16,763,45293,438,21992,325,23301,0,0,304,20916,460,12184,304,33100,California
Butte,2021-02-17,1534,46827,853,22845,681,23982,0,0,851,21086,681,12865,851,33951,California
Butte,2021-02-18,1593,48420,783,23628,810,24792,0,0,773,21038,821,13686,773,34724,California
Butte,2021-02-19,1178,49598,395,24023,783,25575,0,0,403,20673,768,14454,403,35127,California
Butte,2021-02-20,491,50089,36,24059,455,26030,0,0,128,20439,362,14816,128,35255,California
Butte,2021-02-21,20,50109,17,24076,3,26033,0,0,14,20447,6,14822,14,35269,California
Butte,2021-02-22,1556,51665,311,24387,1245,27278,0,0,393,19681,1159,15981,393,35662,California
Butte,2021-02-23,1674,53339,304,24691,1370,28648,0,0,474,18962,1193,17174,474,36136,California
Butte,2021-02-24,2211,55550,631,25322,1580,30228,0,0,764,18287,1439,18613,764,36900,California
Butte,2021-02-25,2120,57670,613,25935,1507,31735,0,0,686,17549,1425,20038,687,37587,California
Butte,2021-02-26,924,58594,310,26245,614,32349,0,0,399,17427,521,20559,399,37986,California
Butte,2021-02-27,241,58835,50,26295,191,32540,0,0,189,17566,50,20609,189,38175,California
Butte,2021-02-28,144,58979,17,26312,127,32667,0,0,136,17694,8,20617,136,38311,California
Butte,2021-03-01,1641,60620,180,26492,1460,34127,1,1,337,16733,1299,21916,338,38649,California
Butte,2021-03-02,1774,62394,202,26694,1572,35699,0,1,312,15588,1457,23373,312,38961,California
Butte,2021-03-03,2807,65201,857,27551,1950,37649,0,1,491,13769,2310,25683,491,39452,California
Butte,2021-03-04,3167,68368,691,28242,2476,40125,0,1,623,11851,2541,28224,623,40075,California
Butte,2021-03-05,1363,69731,620,28862,742,40867,1,2,739,11971,620,28844,740,40815,California
Butte,2021-03-06,250,69981,27,28889,200,41067,23,25,187,12119,62,28906,210,41025,California
Butte,2021-03-07,57,70038,3,28892,37,41104,17,42,32,12143,25,28931,49,41074,California
Butte,2021-03-08,1276,71314,133,29025,1065,42169,78,120,1105,13158,168,29099,1183,42257,California
Butte,2021-03-09,1922,73236,284,29309,1536,43705,102,222,1412,14167,505,29604,1514,43771,California
Butte,2021-03-10,2334,75570,979,30288,1255,44960,100,322,1589,15117,739,30343,1689,45460,California
Butte,2021-03-11,2824,78394,1329,31617,1367,46327,128,450,1974,16381,839,31182,2103,47563,California
Butte,2021-03-12,1166,79560,334,31951,465,46792,367,817,352,16293,807,31989,719,48282,California
Butte,2021-03-13,274,79834,70,32021,143,46935,61,878,65,16209,209,32198,125,48407,California
Butte,2021-03-14,166,80000,17,32038,107,47042,42,920,22,16130,143,32341,64,48471,California
Butte,2021-03-15,1736,81736,356,32394,1086,48128,294,1214,1140,16977,587,32928,1434,49905,California
Butte,2021-03-16,1688,83424,431,32825,1179,49307,78,1292,1099,17569,584,33512,1176,51081,California
Butte,2021-03-17,1957,85381,1354,34179,522,49829,81,1373,1105,17910,844,34356,1185,52266,California
Butte,2021-03-18,1818,87199,1469,35648,221,50050,128,1501,1032,18289,780,35136,1159,53425,California
Butte,2021-03-19,697,87896,312,35960,301,50351,84,1585,341,18367,347,35483,425,53850,California
Butte,2021-03-20,209,88105,31,35991,161,50512,17,1602,97,18369,112,35595,114,53964,California
Butte,2021-03-21,73,88178,40,36031,4,50516,29,1631,24,18375,47,35642,53,54017,California
Butte,2021-03-22,1505,89683,371,36402,1039,51555,95,1726,1238,19441,266,35908,1332,55349,California
Butte,2021-03-23,1862,91545,524,36926,1224,52779,114,1840,1506,20709,352,36260,1620,56969,California
Butte,2021-03-24,2268,93813,1271,38197,871,53650,126,1966,1703,21977,560,36820,1828,58797,California
Butte,2021-03-25,1488,95301,1201,39398,195,53845,92,2058,1019,22624,464,37284,1111,59908,California
Butte,2021-03-26,1212,96513,441,39839,524,54369,247,2305,561,22788,644,37928,808,60716,California
Butte,2021-03-27,306,96819,87,39926,195,54564,24,2329,137,22781,166,38094,159,60875,California
Butte,2021-03-28,230,97049,45,39971,177,54741,8,2337,103,22767,124,38218,110,60985,California
Butte,2021-03-29,1765,98814,383,40354,1312,56053,70,2407,1342,23761,418,38636,1412,62397,California
Butte,2021-03-30,1039,99853,472,40826,476,56529,91,2498,487,23793,546,39182,578,62975,California
Butte,2021-03-31,1788,101641,1305,42131,416,56945,67,2565,1080,24241,699,39881,1147,64122,California
Butte,2021-04-01,3341,104982,2713,44844,499,57444,129,2694,2258,25553,1075,40956,2387,66509,California
Butte,2021-04-02,1011,105993,424,45268,466,57910,121,2815,570,25809,433,41389,689,67198,California
Butte,2021-04-03,347,106340,47,45315,225,58135,75,2890,164,25865,183,41572,239,67437,California
Butte,2021-04-04,190,106530,25,45340,141,58276,24,2914,110,25921,78,41650,134,67571,California
Butte,2021-04-05,1971,108501,419,45759,1381,59657,171,3085,594,25316,1368,43018,763,68334,California
Butte,2021-04-06,2215,110716,620,46379,1174,60831,421,3506,804,25137,1402,44420,1223,69557,California
Butte,2021-04-07,3046,113762,1325,47704,1326,62157,395,3901,717,23926,2323,46743,1112,70669,California
Butte,2021-04-08,2755,116517,1202,48906,1284,63441,269,4170,458,22359,2294,49037,727,71396,California
Butte,2021-04-09,1379,117896,354,49260,542,63983,483,4653,330,22122,1045,50082,808,72204,California
Butte,2021-04-10,228,118124,48,49308,79,64062,101,4754,101,22197,126,50208,201,72405,California
Butte,2021-04-11,107,118231,44,49352,53,64115,10,4764,83,22267,23,50231,93,72498,California
Butte,2021-04-12,1414,119645,315,49667,965,65080,134,4898,234,21455,1180,51411,368,72866,California
Butte,2021-04-13,1655,121300,574,50241,1075,66155,6,4904,345,20503,1303,52714,351,73217,California
Butte,2021-04-14,2855,124155,2361,52602,494,66649,0,4904,1326,20306,1524,54238,1327,74544,California
Butte,2021-04-15,649,124804,399,53001,250,66899,0,4904,485,20633,158,54396,485,75029,California
Butte,2021-04-16,815,125619,419,53420,396,67295,0,4904,482,20784,331,54727,482,75511,California
Butte,2021-04-17,345,125964,62,53482,283,67578,0,4904,242,20924,102,54829,242,75753,California
Butte,2021-04-18,57,126021,23,53505,34,67612,0,4904,44,20955,13,54842,44,75797,California
Butte,2021-04-19,1567,127588,385,53890,1182,68794,0,4904,419,20229,1145,55987,419,76216,California
Butte,2021-04-20,2031,129619,765,54655,1266,70060,0,4904,758,19722,1265,57252,758,76974,California
Butte,2021-04-21,2110,131729,1227,55882,883,70943,0,4904,487,18593,1616,58868,487,77461,California
Butte,2021-04-22,2270,133999,1984,57866,286,71229,0,4904,625,17578,1640,60508,625,78086,California
Butte,2021-04-23,970,134969,472,58338,498,71727,0,4904,490,17589,479,60987,490,78576,California
Butte,2021-04-24,348,135317,140,58478,208,71935,0,4904,189,17619,159,61146,189,78765,California
Butte,2021-04-25,174,135491,69,58547,105,72040,0,4904,65,17575,109,61255,65,78830,California
Butte,2021-04-26,1577,137068,470,59017,1102,73142,5,4909,409,16827,1162,62417,414,79244,California
Butte,2021-04-27,1036,138104,696,59713,313,73455,27,4936,588,17000,443,62860,616,79860,California
Butte,2021-04-28,1432,139536,977,60690,430,73885,25,4961,509,16616,918,63778,534,80394,California
Butte,2021-04-29,915,140451,570,61260,320,74205,25,4986,312,16356,597,64375,337,80731,California
Butte,2021-04-30,927,141378,419,61679,487,74692,21,5007,465,16387,454,64829,485,81216,California
Butte,2021-05-01,245,141623,64,61743,159,74851,22,5029,73,16310,169,64998,92,81308,California
Butte,2021-05-02,151,141774,63,61806,75,74926,13,5042,44,16259,107,65105,56,81364,California
Butte,2021-05-03,635,142409,257,62063,347,75273,31,5073,177,16019,448,65553,208,81572,California
Butte,2021-05-04,849,143258,343,62406,474,75747,32,5105,223,15653,620,66173,254,81826,California
Butte,2021-05-05,1375,144633,1121,63527,216,75963,38,5143,292,14906,1077,67250,330,82156,California
Butte,2021-05-06,965,145598,701,64228,225,76188,39,5182,366,14716,595,67845,405,82561,California
Butte,2021-05-07,581,146179,310,64538,235,76423,36,5218,296,14765,282,68127,331,82892,California
Butte,2021-05-08,187,146366,53,64591,123,76546,11,5229,91,14772,95,68222,102,82994,California
Butte,2021-05-09,103,146469,27,64618,73,76619,3,5232,54,14780,49,68271,57,83051,California
Butte,2021-05-10,535,147004,316,64934,174,76793,45,5277,214,14721,318,68589,259,83310,California
Butte,2021-05-11,915,147919,661,65595,194,76987,60,5337,296,14461,616,69205,356,83666,California
Butte,2021-05-12,784,148703,483,66078,253,77240,48,5385,334,14398,445,69650,382,84048,California
Butte,2021-05-13,948,149651,628,66706,255,77495,65,5450,349,14222,588,70238,412,84460,California
Butte,2021-05-14,869,150520,543,67249,293,77788,33,5483,380,14148,486,70724,412,84872,California
Butte,2021-05-15,509,151029,247,67496,228,78016,34,5517,239,14153,268,70992,273,85145,California
Butte,2021-05-16,168,151197,82,67578,68,78084,18,5535,98,14200,69,71061,116,85261,California
Butte,2021-05-17,771,151968,498,68076,224,78308,49,5584,332,14145,435,71496,380,85641,California
Butte,2021-05-18,1068,153036,735,68811,284,78592,49,5633,475,14082,587,72083,524,86165,California
Butte,2021-05-19,833,153869,540,69351,249,78841,44,5677,328,13954,499,72582,371,86536,California
Butte,2021-05-20,985,154854,660,70011,215,79056,110,5787,384,13849,598,73180,493,87029,California
Butte,2021-05-21,890,155744,543,70554,321,79377,26,5813,293,13574,593,73773,318,87347,California
Butte,2021-05-22,299,156043,139,70693,145,79522,15,5828,144,13580,152,73925,158,87505,California
Butte,2021-05-23,131,156174,82,70775,48,79570,1,5829,79,13608,52,73977,80,87585,California
Butte,2021-05-24,353,156527,165,70940,138,79708,50,5879,177,13660,174,74151,226,87811,California
Butte,2021-05-25,699,157226,448,71388,215,79923,36,5915,342,13688,350,74501,378,88189,California
Butte,2021-05-26,561,157787,180,71568,358,80281,23,5938,242,13641,311,74812,264,88453,California
Butte,2021-05-27,865,158652,623,72191,224,80505,18,5956,422,13644,438,75250,441,88894,California
Butte,2021-05-28,520,159172,141,72332,300,80805,79,6035,212,13630,305,75555,291,89185,California
Butte,2021-05-29,225,159397,116,72448,97,80902,12,6047,144,13705,81,75636,156,89341,California
Butte,2021-05-30,105,159502,56,72504,49,80951,0,6047,57,13714,48,75684,57,89398,California
Butte,2021-05-31,43,159545,23,72527,18,80969,2,6049,25,13723,18,75702,27,89425,California
Butte,2021-06-01,677,160222,428,72955,213,81182,36,6085,253,13592,420,76122,289,89714,California
Butte,2021-06-02,818,161040,565,73520,208,81390,45,6130,349,13521,464,76586,393,90107,California
Butte,2021-06-03,626,161666,422,73942,187,81577,17,6147,205,13325,418,77004,222,90329,California
Butte,2021-06-04,483,162149,276,74218,179,81756,28,6175,144,13164,333,77337,172,90501,California
Butte,2021-06-05,321,162470,208,74426,93,81849,20,6195,96,13057,223,77560,116,90617,California
Butte,2021-06-06,134,162604,99,74525,33,81882,2,6197,32,12990,101,77661,34,90651,California
Butte,2021-06-07,404,163008,258,74783,116,81998,30,6227,168,12953,235,77896,198,90849,California
Butte,2021-06-08,652,163660,470,75253,163,82161,19,6246,179,12690,462,78358,199,91048,California
Butte,2021-06-09,438,164098,300,75553,119,82280,19,6265,147,12572,284,78642,166,91214,California
Butte,2021-06-10,633,164731,451,76004,150,82430,32,6297,234,12439,397,79039,264,91478,California
Butte,2021-06-11,443,165174,264,76268,158,82588,21,6318,147,12313,294,79333,168,91646,California
Butte,2021-06-12,252,165426,154,76422,88,82676,10,6328,75,12222,176,79509,85,91731,California
Butte,2021-06-13,97,165523,64,76486,30,82706,3,6331,20,12168,77,79586,23,91754,California
Butte,2021-06-14,387,165910,232,76718,135,82841,20,6351,136,12075,250,79836,157,91911,California
Butte,2021-06-15,548,166458,385,77103,137,82978,26,6377,161,11881,381,80217,187,92098,California
Butte,2021-06-16,417,166875,256,77359,116,83094,45,6422,168,11847,246,80463,212,92310,California
Butte,2021-06-17,581,167456,433,77792,121,83215,27,6449,179,11652,401,80864,206,92516,California
Butte,2021-06-18,410,167866,205,77997,152,83367,53,6502,160,11614,248,81112,210,92726,California
Butte,2021-06-19,207,168073,153,78150,49,83416,5,6507,92,11596,115,81227,97,92823,California
Butte,2021-06-20,93,168166,68,78218,25,83441,0,6507,24,11551,69,81296,24,92847,California
Butte,2021-06-21,278,168444,164,78382,92,83533,22,6529,132,11561,144,81440,154,93001,California
Butte,2021-06-22,419,168863,274,78656,121,83654,24,6553,151,11472,264,81704,175,93176,California
Butte,2021-06-23,448,169311,331,78987,92,83746,25,6578,164,11377,283,81987,188,93364,California
Butte,2021-06-24,425,169736,284,79271,108,83854,33,6611,153,11291,271,82258,185,93549,California
Butte,2021-06-25,411,170147,201,79472,187,84041,23,6634,153,11210,257,82515,176,93725,California
Butte,2021-06-26,132,170279,96,79568,34,84075,2,6636,55,11190,77,82592,57,93782,California
Butte,2021-06-27,63,170342,38,79606,24,84099,1,6637,20,11168,43,82635,21,93803,California
Butte,2021-06-28,296,170638,223,79829,54,84153,19,6656,122,11136,173,82808,141,93944,California
Butte,2021-06-29,321,170959,216,80045,92,84245,13,6669,137,11104,181,82989,149,94093,California
Butte,2021-06-30,301,171260,208,80253,77,84322,16,6685,145,11110,155,83144,161,94254,California
Butte,2021-07-01,347,171607,226,80479,104,84426,17,6702,139,11059,207,83351,156,94410,California
Butte,2021-07-02,291,171898,201,80680,65,84491,25,6727,135,11066,153,83504,160,94570,California
Butte,2021-07-03,54,171952,28,80708,24,84515,2,6729,22,11059,31,83535,24,94594,California
Calaveras,2020-12-16,5,5,5,5,0,0,0,0,5,5,0,0,5,5,California
Calaveras,2020-12-17,3,8,3,8,0,0,0,0,3,8,0,0,3,8,California
Calaveras,2020-12-18,39,47,39,47,0,0,0,0,39,47,0,0,39,47,California
Calaveras,2020-12-19,3,50,3,50,0,0,0,0,3,50,0,0,3,50,California
Calaveras,2020-12-20,4,54,4,54,0,0,0,0,4,54,0,0,4,54,California
Calaveras,2020-12-21,54,108,47,101,7,7,0,0,54,108,0,0,54,108,California
Calaveras,2020-12-22,82,190,78,179,4,11,0,0,83,191,0,0,83,191,California
Calaveras,2020-12-23,76,266,74,253,2,13,0,0,76,267,0,0,76,267,California
Calaveras,2020-12-24,2,268,2,255,0,13,0,0,2,269,0,0,2,269,California
Calaveras,2020-12-26,3,271,3,258,0,13,0,0,3,272,0,0,3,272,California
Calaveras,2020-12-27,1,272,1,259,0,13,0,0,1,273,0,0,1,273,California
Calaveras,2020-12-28,22,294,18,277,4,17,0,0,21,293,1,1,21,294,California
Calaveras,2020-12-29,160,454,138,415,22,39,0,0,160,453,0,1,160,454,California
Calaveras,2020-12-30,94,548,82,497,12,51,0,0,94,547,0,1,94,548,California
Calaveras,2020-12-31,37,585,26,523,11,62,0,0,37,584,0,1,37,585,California
Calaveras,2021-01-02,11,596,11,534,0,62,0,0,11,595,0,1,11,596,California
Calaveras,2021-01-03,10,606,4,538,6,68,0,0,10,605,0,1,10,606,California
Calaveras,2021-01-04,33,639,5,543,28,96,0,0,33,638,0,1,33,639,California
Calaveras,2021-01-05,41,680,10,553,31,127,0,0,32,666,9,10,37,676,California
Calaveras,2021-01-06,107,787,30,583,77,204,0,0,97,753,10,20,97,773,California
Calaveras,2021-01-07,106,893,26,609,80,284,0,0,93,836,11,31,94,867,California
Calaveras,2021-01-08,69,962,39,648,30,314,0,0,45,859,24,55,47,914,California
Calaveras,2021-01-09,5,967,5,653,0,314,0,0,2,858,3,58,2,916,California
Calaveras,2021-01-10,2,969,0,653,2,316,0,0,2,860,0,58,2,918,California
Calaveras,2021-01-11,66,1035,60,713,6,322,0,0,27,851,38,96,29,947,California
Calaveras,2021-01-12,87,1122,54,767,33,355,0,0,52,869,35,131,53,1000,California
Calaveras,2021-01-13,110,1232,46,813,64,419,0,0,75,910,35,166,76,1076,California
Calaveras,2021-01-14,144,1376,45,858,99,518,0,0,110,988,33,199,111,1187,California
Calaveras,2021-01-15,92,1468,28,886,64,582,0,0,72,1040,20,219,72,1259,California
Calaveras,2021-01-16,13,1481,2,888,11,593,0,0,12,1051,1,220,12,1271,California
Calaveras,2021-01-17,10,1491,2,890,8,601,0,0,9,1059,1,221,9,1280,California
Calaveras,2021-01-18,138,1629,21,911,117,718,0,0,122,1169,16,237,126,1406,California
Calaveras,2021-01-19,208,1837,177,1088,31,749,0,0,70,1104,137,374,72,1478,California
Calaveras,2021-01-20,380,2217,82,1170,298,1047,0,0,286,1315,93,467,304,1782,California
Calaveras,2021-01-21,468,2685,42,1212,426,1473,0,0,426,1717,42,509,444,2226,California
Calaveras,2021-01-22,406,3091,25,1237,381,1854,0,0,388,2101,18,527,402,2628,California
Calaveras,2021-01-23,19,3110,8,1245,11,1865,0,0,18,2118,1,528,18,2646,California
Calaveras,2021-01-24,14,3124,8,1253,6,1871,0,0,12,2128,2,530,12,2658,California
Calaveras,2021-01-25,88,3212,7,1260,81,1952,0,0,83,2206,5,535,83,2741,California
Calaveras,2021-01-26,49,3261,16,1276,33,1985,0,0,40,2237,9,544,40,2781,California
Calaveras,2021-01-27,140,3401,47,1323,93,2078,0,0,111,2320,28,572,111,2892,California
Calaveras,2021-01-28,165,3566,25,1348,140,2218,0,0,137,2435,28,600,143,3035,California
Calaveras,2021-01-29,398,3964,14,1362,384,2602,0,0,363,2779,35,635,379,3414,California
Calaveras,2021-01-30,27,3991,10,1372,17,2619,0,0,25,2804,0,635,25,3439,California
Calaveras,2021-01-31,6,3997,4,1376,2,2621,0,0,5,2808,1,636,5,3444,California
Calaveras,2021-02-01,31,4028,12,1388,19,2640,0,0,22,2821,9,645,22,3466,California
Calaveras,2021-02-02,113,4141,24,1412,89,2729,0,0,74,2862,34,679,75,3541,California
Calaveras,2021-02-03,445,4586,45,1457,400,3129,0,0,360,3140,84,763,362,3903,California
Calaveras,2021-02-04,391,4977,26,1483,365,3494,0,0,305,3362,86,849,308,4211,California
Calaveras,2021-02-05,81,5058,22,1505,59,3553,0,0,42,3366,39,888,43,4254,California
Calaveras,2021-02-06,22,5080,12,1517,10,3563,0,0,22,3388,0,888,22,4276,California
Calaveras,2021-02-07,6,5086,1,1518,5,3568,0,0,2,3388,2,890,2,4278,California
Calaveras,2021-02-08,41,5127,19,1537,22,3590,0,0,33,3415,6,896,33,4311,California
Calaveras,2021-02-09,195,5322,78,1615,117,3707,0,0,132,3487,61,957,133,4444,California
Calaveras,2021-02-10,518,5840,33,1648,485,4192,0,0,443,3864,75,1032,452,4896,California
Calaveras,2021-02-11,601,6441,91,1739,510,4702,0,0,480,4239,118,1150,493,5389,California
Calaveras,2021-02-12,577,7018,326,2065,251,4953,0,0,491,4656,84,1234,501,5890,California
Calaveras,2021-02-13,203,7221,45,2110,158,5111,0,0,188,4829,15,1249,188,6078,California
Calaveras,2021-02-14,224,7445,71,2181,153,5264,0,0,208,5023,14,1263,208,6286,California
Calaveras,2021-02-15,387,7832,25,2206,362,5626,0,0,263,5167,119,1382,263,6549,California
Calaveras,2021-02-16,269,8101,146,2352,123,5749,0,0,231,5363,38,1420,234,6783,California
Calaveras,2021-02-17,514,8615,40,2392,474,6223,0,0,204,5280,292,1712,209,6992,California
Calaveras,2021-02-18,504,9119,96,2488,408,6631,0,0,97,4995,383,2095,98,7090,California
Calaveras,2021-02-19,443,9562,43,2531,400,7031,0,0,99,4766,328,2423,99,7189,California
Calaveras,2021-02-20,58,9620,15,2546,43,7074,0,0,48,4804,10,2433,48,7237,California
Calaveras,2021-02-21,27,9647,16,2562,11,7085,0,0,20,4818,6,2439,20,7257,California
Calaveras,2021-02-22,63,9710,38,2600,25,7110,0,0,33,4821,30,2469,33,7290,California
Calaveras,2021-02-23,136,9846,49,2649,87,7197,0,0,95,4876,41,2510,96,7386,California
Calaveras,2021-02-24,99,9945,49,2698,50,7247,0,0,67,4912,31,2541,67,7453,California
Calaveras,2021-02-25,557,10502,104,2802,453,7700,0,0,355,5082,193,2734,363,7816,California
Calaveras,2021-02-26,784,11286,45,2847,739,8439,0,0,376,5077,383,3117,378,8194,California
Calaveras,2021-02-27,204,11490,25,2872,179,8618,0,0,179,5231,25,3142,179,8373,California
Calaveras,2021-02-28,95,11585,15,2887,80,8698,0,0,90,5316,5,3147,90,8463,California
Calaveras,2021-03-01,252,11837,48,2935,204,8902,0,0,154,5378,93,3240,155,8618,California
Calaveras,2021-03-02,262,12099,105,3040,157,9059,0,0,209,5539,50,3290,211,8829,California
Calaveras,2021-03-03,571,12670,110,3150,461,9520,0,0,218,5411,347,3637,219,9048,California
Calaveras,2021-03-04,755,13425,71,3221,683,10203,1,1,352,5371,394,4031,354,9402,California
Calaveras,2021-03-05,457,13882,272,3493,181,10384,4,5,142,5215,302,4333,146,9548,California
Calaveras,2021-03-06,154,14036,43,3536,105,10489,6,11,113,5294,41,4374,120,9668,California
Calaveras,2021-03-07,76,14112,32,3568,37,10526,7,18,35,5295,41,4415,42,9710,California
Calaveras,2021-03-08,166,14278,31,3599,127,10653,8,26,128,5395,36,4451,136,9846,California
Calaveras,2021-03-09,376,14654,143,3742,227,10880,6,32,33,5097,337,4788,39,9885,California
Calaveras,2021-03-10,432,15086,35,3777,394,11274,3,35,58,4795,363,5151,61,9946,California
Calaveras,2021-03-11,881,15967,441,4218,427,11701,13,48,436,4816,430,5581,451,10397,California
Calaveras,2021-03-12,429,16396,224,4442,195,11896,10,58,325,5058,102,5683,344,10741,California
Calaveras,2021-03-13,192,16588,19,4461,165,12061,8,66,139,5158,51,5734,151,10892,California
Calaveras,2021-03-14,162,16750,11,4472,150,12211,1,67,18,5039,144,5878,25,10917,California
Calaveras,2021-03-15,334,17084,50,4522,258,12469,26,93,53,4842,280,6158,83,11000,California
Calaveras,2021-03-16,699,17783,562,5084,117,12586,20,113,553,5271,144,6302,573,11573,California
Calaveras,2021-03-17,289,18072,53,5137,222,12808,14,127,52,5108,230,6532,67,11640,California
Calaveras,2021-03-18,671,18743,575,5712,80,12888,16,143,548,5552,123,6655,567,12207,California
Calaveras,2021-03-19,236,18979,51,5763,110,12998,75,218,59,5511,173,6828,132,12339,California
Calaveras,2021-03-20,81,19060,22,5785,58,13056,1,219,23,5478,58,6886,25,12364,California
Calaveras,2021-03-21,47,19107,29,5814,7,13063,11,230,9,5462,37,6923,21,12385,California
Calaveras,2021-03-22,83,19190,39,5853,23,13086,21,251,26,5452,57,6980,47,12432,California
Calaveras,2021-03-23,299,19489,205,6058,84,13170,10,261,118,5410,169,7149,127,12559,California
Calaveras,2021-03-24,136,19625,52,6110,74,13244,10,271,44,5374,90,7239,54,12613,California
Calaveras,2021-03-25,754,20379,109,6219,641,13885,4,275,451,5537,292,7531,455,13068,California
Calaveras,2021-03-26,436,20815,29,6248,400,14285,7,282,90,5296,340,7871,99,13167,California
Calaveras,2021-03-27,211,21026,21,6269,186,14471,4,286,38,5170,170,8041,44,13211,California
Calaveras,2021-03-28,111,21137,12,6281,96,14567,3,289,8,5080,102,8143,12,13223,California
Calaveras,2021-03-29,185,21322,23,6304,159,14726,3,292,59,5020,123,8266,63,13286,California
Calaveras,2021-03-30,541,21863,26,6330,498,15224,17,309,362,5221,178,8444,379,13665,California
Calaveras,2021-03-31,327,22190,143,6473,174,15398,10,319,158,5223,167,8611,169,13834,California
Calaveras,2021-04-01,694,22884,449,6922,244,15642,1,320,184,4906,506,9117,189,14023,California
Calaveras,2021-04-02,399,23283,234,7156,157,15799,8,328,116,4757,275,9392,126,14149,California
Calaveras,2021-04-03,143,23426,35,7191,104,15903,4,332,40,4698,103,9495,44,14193,California
Calaveras,2021-04-04,82,23508,26,7217,56,15959,0,332,50,4716,32,9527,50,14243,California
Calaveras,2021-04-05,211,23719,81,7298,120,16079,10,342,99,4713,112,9639,109,14352,California
Calaveras,2021-04-06,661,24380,581,7879,66,16145,14,356,115,4300,542,10181,129,14481,California
Calaveras,2021-04-07,762,25142,664,8543,61,16206,37,393,621,4819,140,10321,659,15140,California
Calaveras,2021-04-08,950,26092,857,9400,70,16276,23,416,433,4763,513,10834,457,15597,California
Calaveras,2021-04-09,159,26251,61,9461,49,16325,49,465,56,4768,99,10933,104,15701,California
Calaveras,2021-04-10,194,26445,42,9503,133,16458,19,484,148,4891,45,10978,168,15869,California
Calaveras,2021-04-11,70,26515,45,9548,23,16481,2,486,49,4921,21,10999,51,15920,California
Calaveras,2021-04-12,106,26621,46,9594,41,16522,19,505,56,4947,50,11049,76,15996,California
Calaveras,2021-04-13,427,27048,372,9966,55,16577,0,505,366,5255,60,11109,368,16364,California
Calaveras,2021-04-14,185,27233,28,9994,157,16734,0,505,135,5342,49,11158,136,16500,California
Calaveras,2021-04-15,335,27568,284,10278,51,16785,0,505,244,5500,86,11244,244,16744,California
Calaveras,2021-04-16,109,27677,32,10310,77,16862,0,505,50,5498,52,11296,50,16794,California
Calaveras,2021-04-17,334,28011,128,10438,206,17068,0,505,291,5746,43,11339,291,17085,California
Calaveras,2021-04-18,18,28029,5,10443,13,17081,0,505,11,5750,7,11346,11,17096,California
Calaveras,2021-04-19,76,28105,27,10470,49,17130,0,505,44,5764,31,11377,45,17141,California
Calaveras,2021-04-20,270,28375,93,10563,177,17307,0,505,197,5894,67,11444,197,17338,California
Calaveras,2021-04-21,217,28592,146,10709,71,17378,0,505,83,5846,132,11576,84,17422,California
Calaveras,2021-04-22,546,29138,97,10806,449,17827,0,505,143,5592,399,11975,145,17567,California
Calaveras,2021-04-23,162,29300,81,10887,81,17908,0,505,64,5561,95,12070,64,17631,California
Calaveras,2021-04-24,172,29472,37,10924,135,18043,0,505,129,5649,42,12112,130,17761,California
Calaveras,2021-04-25,43,29515,28,10952,15,18058,0,505,22,5652,21,12133,24,17785,California
Calaveras,2021-04-26,119,29634,74,11026,45,18103,0,505,35,5605,83,12216,36,17821,California
Calaveras,2021-04-27,446,30080,74,11100,359,18462,13,518,58,5292,384,12600,71,17892,California
Calaveras,2021-04-28,650,30730,580,11680,39,18501,31,549,55,4793,592,13192,93,17985,California
Calaveras,2021-04-29,519,31249,443,12123,57,18558,19,568,72,4444,444,13636,95,18080,California
Calaveras,2021-04-30,156,31405,62,12185,89,18647,5,573,71,4442,84,13720,82,18162,California
Calaveras,2021-05-01,203,31608,112,12297,88,18735,3,576,134,4516,67,13787,141,18303,California
Calaveras,2021-05-02,53,31661,36,12333,16,18751,1,577,20,4507,31,13818,22,18325,California
Calaveras,2021-05-03,94,31755,69,12402,20,18771,5,582,30,4483,63,13881,39,18364,California
Calaveras,2021-05-04,420,32175,330,12732,53,18824,37,619,44,4190,375,14256,82,18446,California
Calaveras,2021-05-05,113,32288,58,12790,23,18847,32,651,50,4210,61,14317,81,18527,California
Calaveras,2021-05-06,255,32543,193,12983,38,18885,24,675,47,4076,206,14523,72,18599,California
Calaveras,2021-05-07,89,32632,25,13008,58,18943,6,681,58,4109,31,14554,64,18663,California
Calaveras,2021-05-08,291,32923,142,13150,146,19089,3,684,90,4005,197,14751,93,18756,California
Calaveras,2021-05-09,28,32951,12,13162,13,19102,3,687,13,4006,15,14766,16,18772,California
Calaveras,2021-05-10,64,33015,29,13191,34,19136,1,688,28,4002,34,14800,30,18802,California
Calaveras,2021-05-11,136,33151,91,13282,33,19169,12,700,95,4070,40,14840,108,18910,California
Calaveras,2021-05-12,171,33322,49,13331,122,19291,0,700,53,4006,117,14957,53,18963,California
Calaveras,2021-05-13,121,33443,66,13397,40,19331,15,715,65,4033,54,15011,81,19044,California
Calaveras,2021-05-14,148,33591,92,13489,53,19384,3,718,99,4087,48,15059,102,19146,California
Calaveras,2021-05-15,268,33859,96,13585,169,19553,3,721,106,4040,156,15215,109,19255,California
Calaveras,2021-05-16,30,33889,12,13597,18,19571,0,721,14,4039,16,15231,15,19270,California
Calaveras,2021-05-17,90,33979,42,13639,41,19612,7,728,47,4052,42,15273,55,19325,California
Calaveras,2021-05-18,228,34207,62,13701,144,19756,22,750,73,3993,154,15427,95,19420,California
Calaveras,2021-05-19,151,34358,63,13764,84,19840,4,754,72,3992,78,15505,77,19497,California
Calaveras,2021-05-20,203,34561,80,13844,97,19937,26,780,66,3949,134,15639,91,19588,California
Calaveras,2021-05-21,97,34658,55,13899,38,19975,4,784,58,3972,38,15677,61,19649,California
Calaveras,2021-05-22,301,34959,160,14059,141,20116,0,784,148,3968,152,15829,148,19797,California
Calaveras,2021-05-23,31,34990,16,14075,15,20131,0,784,13,3963,18,15847,13,19810,California
Calaveras,2021-05-24,76,35066,40,14115,20,20151,16,800,32,3968,44,15891,49,19859,California
Calaveras,2021-05-25,125,35191,48,14163,60,20211,17,817,56,3972,69,15960,73,19932,California
Calaveras,2021-05-26,121,35312,87,14250,30,20241,4,821,83,4021,37,15997,86,20018,California
Calaveras,2021-05-27,86,35398,44,14294,38,20279,4,825,30,4003,53,16050,35,20053,California
Calaveras,2021-05-28,85,35483,44,14338,37,20316,4,829,39,4000,46,16096,43,20096,California
Calaveras,2021-05-29,69,35552,23,14361,41,20357,5,834,33,4003,36,16132,39,20135,California
Calaveras,2021-05-30,36,35588,14,14375,17,20374,5,839,11,3994,25,16157,16,20151,California
Calaveras,2021-05-31,5,35593,0,14375,3,20377,2,841,0,3991,5,16162,2,20153,California
Calaveras,2021-06-01,145,35738,97,14472,42,20419,6,847,44,3940,101,16263,50,20203,California
Calaveras,2021-06-02,86,35824,55,14527,27,20446,4,851,37,3932,49,16312,41,20244,California
Calaveras,2021-06-03,93,35917,55,14582,31,20477,7,858,42,3934,49,16361,51,20295,California
Calaveras,2021-06-04,139,36056,93,14675,34,20511,12,870,36,3879,103,16464,48,20343,California
Calaveras,2021-06-05,85,36141,28,14703,55,20566,2,872,34,3865,50,16514,36,20379,California
Calaveras,2021-06-06,40,36181,28,14731,9,20575,3,875,21,3870,19,16533,24,20403,California
Calaveras,2021-06-07,62,36243,45,14776,9,20584,8,883,25,3867,36,16569,33,20436,California
Calaveras,2021-06-08,125,36368,79,14855,39,20623,7,890,57,3865,66,16635,64,20500,California
Calaveras,2021-06-09,95,36463,51,14906,38,20661,6,896,30,3838,65,16700,38,20538,California
Calaveras,2021-06-10,119,36582,58,14964,52,20713,9,905,41,3812,76,16776,50,20588,California
Calaveras,2021-06-11,104,36686,59,15023,40,20753,5,910,33,3779,71,16847,38,20626,California
Calaveras,2021-06-12,62,36748,36,15059,24,20777,2,912,19,3758,43,16890,22,20648,California
Calaveras,2021-06-13,31,36779,18,15077,9,20786,4,916,8,3747,23,16913,12,20660,California
Calaveras,2021-06-14,59,36838,39,15116,16,20802,4,920,22,3738,37,16950,28,20688,California
Calaveras,2021-06-15,90,36928,55,15171,26,20828,9,929,23,3704,67,17017,33,20721,California
Calaveras,2021-06-16,179,37107,138,15309,27,20855,14,943,39,3618,139,17156,53,20774,California
Calaveras,2021-06-17,60,37167,32,15341,23,20878,5,948,24,3614,33,17189,29,20803,California
Calaveras,2021-06-18,60,37227,41,15382,15,20893,4,952,25,3608,35,17224,29,20832,California
Calaveras,2021-06-19,66,37293,23,15405,26,20919,17,969,23,3605,43,17267,40,20872,California
Calaveras,2021-06-20,6,37299,2,15407,3,20922,1,970,2,3604,4,17271,3,20875,California
Calaveras,2021-06-21,39,37338,15,15422,18,20940,6,976,24,3620,15,17286,31,20906,California
Calaveras,2021-06-22,63,37401,32,15454,29,20969,2,978,28,3618,33,17319,31,20937,California
Calaveras,2021-06-23,59,37460,34,15488,18,20987,7,985,25,3616,34,17353,32,20969,California
Calaveras,2021-06-24,62,37522,30,15518,30,21017,2,987,30,3616,32,17385,32,21001,California
Calaveras,2021-06-25,51,37573,31,15549,12,21029,8,995,21,3615,30,17415,29,21030,California
Calaveras,2021-06-26,33,37606,16,15565,15,21044,2,997,20,3625,13,17428,23,21053,California
Calaveras,2021-06-27,18,37624,16,15581,1,21045,1,998,8,3624,10,17438,9,21062,California
Calaveras,2021-06-28,42,37666,24,15605,13,21058,5,1003,18,3624,24,17462,24,21086,California
Calaveras,2021-06-29,53,37719,41,15646,9,21067,3,1006,22,3618,31,17493,25,21111,California
Calaveras,2021-06-30,39,37758,22,15668,9,21076,8,1014,18,3623,21,17514,26,21137,California
Calaveras,2021-07-01,37,37795,21,15689,11,21087,5,1019,17,3626,19,17533,22,21159,California
Calaveras,2021-07-02,39,37834,29,15718,8,21095,2,1021,23,3635,16,17549,25,21184,California
Calaveras,2021-07-03,18,37852,12,15730,5,21100,1,1022,9,3636,9,17558,10,21194,California
Colusa,2020-12-18,1,1,1,1,0,0,0,0,1,1,0,0,1,1,California
Colusa,2020-12-21,2,3,2,3,0,0,0,0,2,3,0,0,2,3,California
Colusa,2020-12-22,10,13,10,13,0,0,0,0,10,13,0,0,10,13,California
Colusa,2020-12-23,10,23,10,23,0,0,0,0,10,23,0,0,10,23,California
Colusa,2020-12-24,2,25,1,24,1,1,0,0,2,25,0,0,2,25,California
Colusa,2020-12-27,1,26,1,25,0,1,0,0,1,26,0,0,1,26,California
Colusa,2020-12-28,7,33,3,28,4,5,0,0,7,33,0,0,7,33,California
Colusa,2020-12-29,10,43,8,36,2,7,0,0,10,43,0,0,10,43,California
Colusa,2020-12-30,51,94,14,50,37,44,0,0,51,94,0,0,51,94,California
Colusa,2020-12-31,18,112,1,51,17,61,0,0,18,112,0,0,18,112,California
Colusa,2021-01-04,3,115,0,51,3,64,0,0,3,115,0,0,3,115,California
Colusa,2021-01-05,68,183,1,52,67,131,0,0,68,183,0,0,68,183,California
Colusa,2021-01-06,15,198,9,61,6,137,0,0,15,198,0,0,15,198,California
Colusa,2021-01-07,40,238,5,66,35,172,0,0,39,236,1,1,39,237,California
Colusa,2021-01-08,9,247,7,73,2,174,0,0,8,243,1,2,8,245,California
Colusa,2021-01-09,2,249,1,74,1,175,0,0,2,245,0,2,2,247,California
Colusa,2021-01-10,1,250,0,74,1,176,0,0,1,246,0,2,1,248,California
Colusa,2021-01-11,12,262,6,80,6,182,0,0,7,248,5,7,7,255,California
Colusa,2021-01-12,11,273,9,89,2,184,0,0,6,249,5,12,6,261,California
Colusa,2021-01-13,21,294,13,102,8,192,0,0,13,254,8,20,13,274,California
Colusa,2021-01-14,36,330,29,131,7,199,0,0,34,286,2,22,34,308,California
Colusa,2021-01-15,42,372,5,136,37,236,0,0,40,324,2,24,40,348,California
Colusa,2021-01-16,12,384,1,137,11,247,0,0,11,334,1,25,11,359,California
Colusa,2021-01-17,3,387,2,139,1,248,0,0,2,335,1,26,2,361,California
Colusa,2021-01-18,4,391,0,139,4,252,0,0,4,339,0,26,4,365,California
Colusa,2021-01-19,9,400,8,147,1,253,0,0,5,340,4,30,5,370,California
Colusa,2021-01-20,115,515,101,248,14,267,0,0,101,427,14,44,101,471,California
Colusa,2021-01-21,59,574,44,292,15,282,0,0,58,484,1,45,58,529,California
Colusa,2021-01-22,40,614,17,309,23,305,0,0,35,514,5,50,35,564,California
Colusa,2021-01-23,35,649,6,315,29,334,0,0,35,549,0,50,35,599,California
Colusa,2021-01-25,7,656,0,315,7,341,0,0,7,556,0,50,7,606,California
Colusa,2021-01-26,8,664,5,320,3,344,0,0,5,558,3,53,5,611,California
Colusa,2021-01-27,110,774,31,351,79,423,0,0,108,664,2,55,108,719,California
Colusa,2021-01-28,83,857,48,399,35,458,0,0,74,729,9,64,74,793,California
Colusa,2021-01-29,42,899,7,406,35,493,0,0,41,769,1,65,41,834,California
Colusa,2021-01-30,27,926,4,410,23,516,0,0,27,796,0,65,27,861,California
Colusa,2021-01-31,7,933,7,417,0,516,0,0,7,803,0,65,7,868,California
Colusa,2021-02-01,27,960,10,427,17,533,0,0,22,820,5,70,22,890,California
Colusa,2021-02-02,42,1002,8,435,34,567,0,0,36,850,6,76,36,926,California
Colusa,2021-02-03,72,1074,10,445,62,629,0,0,60,898,12,88,60,986,California
Colusa,2021-02-04,143,1217,81,526,62,691,0,0,114,983,29,117,114,1100,California
Colusa,2021-02-05,32,1249,8,534,24,715,0,0,29,1009,3,120,29,1129,California
Colusa,2021-02-06,285,1534,9,543,276,991,0,0,274,1272,11,131,274,1403,California
Colusa,2021-02-07,2,1536,1,544,1,992,0,0,0,1270,2,133,0,1403,California
Colusa,2021-02-08,40,1576,5,549,35,1027,0,0,37,1304,3,136,37,1440,California
Colusa,2021-02-09,231,1807,14,563,217,1244,0,0,176,1425,55,191,176,1616,California
Colusa,2021-02-10,118,1925,42,605,76,1320,0,0,74,1455,44,235,74,1690,California
Colusa,2021-02-11,107,2032,44,649,63,1383,0,0,80,1508,27,262,80,1770,California
Colusa,2021-02-12,117,2149,9,658,108,1491,0,0,78,1546,40,302,78,1848,California
Colusa,2021-02-13,60,2209,8,666,52,1543,0,0,52,1590,8,310,52,1900,California
Colusa,2021-02-14,21,2230,8,674,13,1556,0,0,15,1599,6,316,15,1915,California
Colusa,2021-02-15,46,2276,10,684,36,1592,0,0,39,1631,7,323,39,1954,California
Colusa,2021-02-16,69,2345,4,688,65,1657,0,0,68,1698,1,324,68,2022,California
Colusa,2021-02-17,209,2554,143,831,66,1723,0,0,62,1613,147,471,62,2084,California
Colusa,2021-02-18,139,2693,39,870,100,1823,0,0,116,1706,23,494,116,2200,California
Colusa,2021-02-19,157,2850,19,889,138,1961,0,0,131,1811,26,520,131,2331,California
Colusa,2021-02-20,32,2882,6,895,26,1987,0,0,13,1805,19,539,13,2344,California
Colusa,2021-02-21,4,2886,2,897,2,1989,0,0,2,1805,2,541,2,2346,California
Colusa,2021-02-22,45,2931,27,924,18,2007,0,0,30,1820,15,556,30,2376,California
Colusa,2021-02-23,21,2952,6,930,15,2022,0,0,17,1833,4,560,17,2393,California
Colusa,2021-02-24,306,3258,54,984,252,2274,0,0,159,1845,147,707,159,2552,California
Colusa,2021-02-25,112,3370,64,1048,48,2322,0,0,76,1885,36,743,76,2628,California
Colusa,2021-02-26,99,3469,14,1062,85,2407,0,0,60,1906,39,782,60,2688,California
Colusa,2021-02-27,57,3526,4,1066,53,2460,0,0,42,1933,15,797,42,2730,California
Colusa,2021-02-28,27,3553,15,1081,12,2472,0,0,18,1942,9,806,18,2748,California
Colusa,2021-03-01,46,3599,15,1096,31,2503,0,0,29,1954,17,823,29,2777,California
Colusa,2021-03-02,50,3649,13,1109,37,2540,0,0,26,1956,24,847,26,2803,California
Colusa,2021-03-03,253,3902,46,1155,207,2747,0,0,193,2089,60,907,193,2996,California
Colusa,2021-03-04,147,4049,60,1215,87,2834,0,0,77,2096,70,977,77,3073,California
Colusa,2021-03-05,111,4160,25,1240,77,2911,9,9,54,2102,57,1034,63,3136,California
Colusa,2021-03-06,276,4436,9,1249,267,3178,0,9,39,1904,237,1271,39,3175,California
Colusa,2021-03-07,8,4444,5,1254,3,3181,0,9,6,1908,2,1273,6,3181,California
Colusa,2021-03-08,107,4551,22,1276,50,3231,35,44,48,1933,58,1331,83,3264,California
Colusa,2021-03-09,288,4839,74,1350,191,3422,23,67,94,1856,194,1525,117,3381,California
Colusa,2021-03-10,310,5149,38,1388,236,3658,36,103,211,2004,99,1624,247,3628,California
Colusa,2021-03-11,437,5586,63,1451,353,4011,21,124,340,2266,97,1721,359,3987,California
Colusa,2021-03-12,111,5697,18,1469,80,4091,13,137,20,2208,91,1812,33,4020,California
Colusa,2021-03-13,68,5765,16,1485,43,4134,9,146,21,2191,47,1859,30,4050,California
Colusa,2021-03-14,21,5786,0,1485,19,4153,2,148,5,2183,15,1874,7,4057,California
Colusa,2021-03-15,80,5866,27,1512,45,4198,8,156,23,2157,57,1931,31,4088,California
Colusa,2021-03-16,298,6164,16,1528,236,4434,46,202,189,2283,109,2040,235,4323,California
Colusa,2021-03-17,195,6359,49,1577,146,4580,0,202,106,2300,89,2129,106,4429,California
Colusa,2021-03-18,326,6685,39,1616,216,4796,71,273,194,2434,132,2261,266,4695,California
Colusa,2021-03-19,80,6765,20,1636,58,4854,2,275,53,2462,27,2288,55,4750,California
Colusa,2021-03-20,51,6816,8,1644,42,4896,1,276,37,2486,14,2302,38,4788,California
Colusa,2021-03-21,6,6822,4,1648,2,4898,0,276,1,2482,5,2307,1,4789,California
Colusa,2021-03-22,62,6884,10,1658,43,4941,9,285,40,2509,22,2329,49,4838,California
Colusa,2021-03-23,82,6966,16,1674,64,5005,2,287,56,2541,26,2355,58,4896,California
Colusa,2021-03-24,339,7305,57,1731,276,5281,6,293,65,2337,274,2629,70,4966,California
Colusa,2021-03-25,110,7415,61,1792,44,5325,5,298,52,2336,58,2687,57,5023,California
Colusa,2021-03-26,300,7715,47,1839,249,5574,4,302,247,2534,53,2740,251,5274,California
Colusa,2021-03-27,63,7778,5,1844,58,5632,0,302,24,2519,39,2779,24,5298,California
Colusa,2021-03-28,16,7794,7,1851,9,5641,0,302,7,2517,9,2788,7,5305,California
Colusa,2021-03-29,72,7866,20,1871,46,5687,6,308,31,2513,41,2829,37,5342,California
Colusa,2021-03-30,151,8017,82,1953,67,5754,2,310,72,2508,79,2908,74,5416,California
Colusa,2021-03-31,234,8251,41,1994,193,5947,0,310,66,2407,167,3075,66,5482,California
Colusa,2021-04-01,434,8685,72,2066,307,6254,55,365,308,2644,125,3200,362,5844,California
Colusa,2021-04-02,82,8767,14,2080,54,6308,14,379,38,2652,44,3244,52,5896,California
Colusa,2021-04-03,62,8829,10,2090,29,6337,23,402,14,2640,48,3292,36,5932,California
Colusa,2021-04-04,18,8847,0,2090,8,6345,10,412,3,2638,15,3307,13,5945,California
Colusa,2021-04-05,96,8943,26,2116,54,6399,16,428,34,2626,62,3369,50,5995,California
Colusa,2021-04-06,130,9073,35,2151,45,6444,50,478,35,2616,95,3464,85,6080,California
Colusa,2021-04-07,357,9430,42,2193,292,6736,23,501,125,2534,231,3695,149,6229,California
Colusa,2021-04-08,429,9859,34,2227,367,7103,28,529,117,2370,309,4004,145,6374,California
Colusa,2021-04-09,77,9936,21,2248,32,7135,24,553,28,2373,49,4053,52,6426,California
Colusa,2021-04-10,45,9981,10,2258,14,7149,21,574,8,2365,37,4090,29,6455,California
Colusa,2021-04-11,16,9997,3,2261,11,7160,2,576,8,2367,8,4098,10,6465,California
Colusa,2021-04-12,32,10029,3,2264,29,7189,0,576,15,2365,17,4115,15,6480,California
Colusa,2021-04-13,280,10309,23,2287,257,7446,0,576,95,2276,184,4299,95,6575,California
Colusa,2021-04-14,97,10406,20,2307,77,7523,0,576,35,2249,62,4361,35,6610,California
Colusa,2021-04-15,325,10731,48,2355,277,7800,0,576,131,2186,194,4555,131,6741,California
Colusa,2021-04-16,81,10812,11,2366,70,7870,0,576,35,2176,45,4600,35,6776,California
Colusa,2021-04-17,53,10865,7,2373,46,7916,0,576,30,2183,23,4623,30,6806,California
Colusa,2021-04-18,9,10874,2,2375,7,7923,0,576,7,2188,2,4625,7,6813,California
Colusa,2021-04-19,61,10935,21,2396,40,7963,0,576,17,2161,44,4669,17,6830,California
Colusa,2021-04-20,189,11124,38,2434,151,8114,0,576,134,2240,55,4724,134,6964,California
Colusa,2021-04-21,178,11302,68,2502,110,8224,0,576,110,2282,68,4792,110,7074,California
Colusa,2021-04-22,425,11727,27,2529,397,8621,1,577,221,2300,203,4995,221,7295,California
Colusa,2021-04-23,96,11823,21,2550,75,8696,0,577,37,2278,59,5054,37,7332,California
Colusa,2021-04-24,241,12064,19,2569,221,8917,1,578,210,2457,31,5085,210,7542,California
Colusa,2021-04-25,12,12076,6,2575,6,8923,0,578,8,2461,4,5089,8,7550,California
Colusa,2021-04-26,25,12101,5,2580,19,8942,1,579,6,2449,18,5107,6,7556,California
Colusa,2021-04-27,97,12198,25,2605,68,9010,4,583,44,2444,53,5160,48,7604,California
Colusa,2021-04-28,196,12394,33,2638,160,9170,3,586,144,2540,51,5211,147,7751,California
Colusa,2021-04-29,319,12713,29,2667,286,9456,4,590,48,2323,269,5480,52,7803,California
Colusa,2021-04-30,67,12780,20,2687,47,9503,0,590,43,2342,24,5504,43,7846,California
Colusa,2021-05-01,19,12799,8,2695,8,9511,3,593,9,2344,10,5514,12,7858,California
Colusa,2021-05-02,4,12803,1,2696,2,9513,1,594,2,2345,2,5516,3,7861,California
Colusa,2021-05-03,31,12834,7,2703,24,9537,0,594,15,2344,16,5532,15,7876,California
Colusa,2021-05-04,99,12933,55,2758,43,9580,1,595,69,2384,30,5562,70,7946,California
Colusa,2021-05-05,84,13017,21,2779,62,9642,1,596,35,2371,49,5611,36,7982,California
Colusa,2021-05-06,254,13271,16,2795,236,9878,2,598,111,2341,143,5754,113,8095,California
Colusa,2021-05-07,66,13337,4,2799,58,9936,4,602,30,2339,36,5790,34,8129,California
Colusa,2021-05-08,18,13355,6,2805,12,9948,0,602,9,2339,9,5799,9,8138,California
Colusa,2021-05-09,13,13368,5,2810,5,9953,3,605,6,2341,7,5806,9,8147,California
Colusa,2021-05-10,16,13384,6,2816,10,9963,0,605,7,2339,9,5815,7,8154,California
Colusa,2021-05-11,93,13477,34,2850,59,10022,0,605,48,2342,45,5860,48,8202,California
Colusa,2021-05-12,74,13551,32,2882,38,10060,4,609,20,2312,54,5914,24,8226,California
Colusa,2021-05-13,242,13793,24,2906,217,10277,1,610,78,2227,164,6078,79,8305,California
Colusa,2021-05-14,85,13878,18,2924,52,10329,15,625,32,2222,52,6130,47,8352,California
Colusa,2021-05-15,41,13919,10,2934,29,10358,2,627,21,2225,20,6150,23,8375,California
Colusa,2021-05-16,24,13943,8,2942,9,10367,7,634,11,2230,13,6163,18,8393,California
Colusa,2021-05-17,25,13968,5,2947,18,10385,2,636,13,2233,12,6175,15,8408,California
Colusa,2021-05-18,102,14070,27,2974,73,10458,2,638,46,2225,56,6231,48,8456,California
Colusa,2021-05-19,220,14290,44,3018,156,10614,20,658,66,2157,154,6385,86,8542,California
Colusa,2021-05-20,282,14572,34,3052,244,10858,4,662,68,2015,214,6599,72,8614,California
Colusa,2021-05-21,70,14642,24,3076,44,10902,2,664,34,2015,36,6635,36,8650,California
Colusa,2021-05-22,222,14864,24,3100,197,11099,1,665,34,1862,188,6823,35,8685,California
Colusa,2021-05-23,19,14883,8,3108,7,11106,4,669,5,1857,14,6837,9,8694,California
Colusa,2021-05-24,26,14909,3,3111,18,11124,5,674,15,1866,11,6848,20,8714,California
Colusa,2021-05-25,135,15044,75,3186,58,11182,2,676,52,1837,83,6931,54,8768,California
Colusa,2021-05-26,72,15116,25,3211,47,11229,0,676,32,1829,40,6971,32,8800,California
Colusa,2021-05-27,171,15287,17,3228,154,11383,0,676,54,1766,117,7088,54,8854,California
Colusa,2021-05-28,79,15366,25,3253,53,11436,1,677,40,1768,39,7127,41,8895,California
Colusa,2021-05-29,40,15406,18,3271,18,11454,4,681,29,1790,11,7138,33,8928,California
Colusa,2021-05-30,8,15414,1,3272,2,11456,5,686,1,1789,7,7145,6,8934,California
Colusa,2021-05-31,4,15418,0,3272,4,11460,0,686,1,1787,3,7148,1,8935,California
Colusa,2021-06-01,49,15467,15,3287,33,11493,1,687,25,1789,24,7172,26,8961,California
Colusa,2021-06-02,146,15613,20,3307,124,11617,2,689,51,1748,94,7266,53,9014,California
Colusa,2021-06-03,63,15676,20,3327,42,11659,1,690,26,1741,34,7300,27,9041,California
Colusa,2021-06-04,61,15737,19,3346,38,11697,4,694,22,1728,39,7339,26,9067,California
Colusa,2021-06-05,35,15772,16,3362,18,11715,1,695,17,1728,18,7357,18,9085,California
Colusa,2021-06-06,11,15783,6,3368,4,11719,1,696,6,1730,5,7362,7,9092,California
Colusa,2021-06-07,23,15806,6,3374,17,11736,0,696,10,1727,13,7375,10,9102,California
Colusa,2021-06-08,75,15881,21,3395,54,11790,0,696,29,1710,46,7421,29,9131,California
Colusa,2021-06-09,71,15952,41,3436,30,11820,0,696,30,1699,41,7462,30,9161,California
Colusa,2021-06-10,58,16010,23,3459,31,11851,4,700,14,1673,44,7506,18,9179,California
Colusa,2021-06-11,57,16067,30,3489,27,11878,0,700,26,1668,31,7537,26,9205,California
Colusa,2021-06-12,37,16104,23,3512,14,11892,0,700,9,1649,28,7565,9,9214,California
Colusa,2021-06-13,10,16114,3,3515,5,11897,2,702,2,1645,8,7573,4,9218,California
Colusa,2021-06-14,19,16133,9,3524,10,11907,0,702,7,1640,12,7585,7,9225,California
Colusa,2021-06-15,75,16208,36,3560,38,11945,1,703,19,1604,56,7641,20,9245,California
Colusa,2021-06-16,55,16263,15,3575,39,11984,1,704,15,1580,40,7681,16,9261,California
Colusa,2021-06-17,116,16379,10,3585,105,12089,1,705,17,1499,99,7780,18,9279,California
Colusa,2021-06-18,63,16442,32,3617,27,12116,4,709,25,1490,38,7818,29,9308,California
Colusa,2021-06-19,26,16468,21,3638,4,12120,1,710,6,1477,20,7838,7,9315,California
Colusa,2021-06-20,9,16477,6,3644,3,12123,0,710,7,1482,2,7840,7,9322,California
Colusa,2021-06-21,20,16497,3,3647,16,12139,1,711,8,1479,12,7852,9,9331,California
Colusa,2021-06-22,67,16564,28,3675,34,12173,5,716,29,1476,37,7889,34,9365,California
Colusa,2021-06-23,50,16614,27,3702,22,12195,1,717,21,1469,29,7918,22,9387,California
Colusa,2021-06-24,60,16674,27,3729,31,12226,2,719,22,1455,38,7956,24,9411,California
Colusa,2021-06-25,41,16715,16,3745,25,12251,0,719,25,1464,16,7972,25,9436,California
Colusa,2021-06-26,18,16733,13,3758,5,12256,0,719,5,1456,13,7985,5,9441,California
Colusa,2021-06-27,7,16740,4,3762,3,12259,0,719,5,1459,2,7987,5,9446,California
Colusa,2021-06-28,8,16748,1,3763,6,12265,1,720,5,1462,3,7990,6,9452,California
Colusa,2021-06-29,42,16790,18,3781,20,12285,4,724,18,1461,23,8013,22,9474,California
Colusa,2021-06-30,77,16867,38,3819,38,12323,1,725,28,1442,49,8062,30,9504,California
Colusa,2021-07-01,43,16910,23,3842,19,12342,1,726,17,1434,26,8088,18,9522,California
Colusa,2021-07-02,48,16958,27,3869,21,12363,0,726,25,1436,23,8111,25,9547,California
Colusa,2021-07-03,4,16962,4,3873,0,12363,0,726,3,1438,1,8112,3,9550,California
Contra Costa,2020-12-15,19,19,19,19,0,0,0,0,19,19,0,0,19,19,California
Contra Costa,2020-12-16,524,543,524,543,0,0,0,0,524,543,0,0,524,543,California
Contra Costa,2020-12-17,1049,1592,1049,1592,0,0,0,0,1049,1592,0,0,1049,1592,California
Contra Costa,2020-12-18,1763,3355,1761,3353,2,2,0,0,1763,3355,0,0,1763,3355,California
Contra Costa,2020-12-19,1117,4472,1116,4469,1,3,0,0,1117,4472,0,0,1117,4472,California
Contra Costa,2020-12-20,600,5072,599,5068,1,4,0,0,600,5072,0,0,600,5072,California
Contra Costa,2020-12-21,1671,6743,1668,6736,3,7,0,0,1671,6743,0,0,1671,6743,California
Contra Costa,2020-12-22,1678,8421,1571,8307,107,114,0,0,1678,8421,0,0,1678,8421,California
Contra Costa,2020-12-23,1632,10053,1380,9687,252,366,0,0,1632,10053,0,0,1632,10053,California
Contra Costa,2020-12-24,656,10709,335,10022,321,687,0,0,656,10709,0,0,656,10709,California
Contra Costa,2020-12-25,41,10750,19,10041,22,709,0,0,41,10750,0,0,41,10750,California
Contra Costa,2020-12-26,652,11402,134,10175,518,1227,0,0,652,11402,0,0,652,11402,California
Contra Costa,2020-12-27,243,11645,87,10262,156,1383,0,0,243,11645,0,0,243,11645,California
Contra Costa,2020-12-28,1851,13496,872,11134,979,2362,0,0,1851,13496,0,0,1851,13496,California
Contra Costa,2020-12-29,1851,15347,827,11961,1024,3386,0,0,1851,15347,0,0,1851,15347,California
Contra Costa,2020-12-30,2415,17762,1219,13180,1196,4582,0,0,2413,17759,2,2,2414,17761,California
Contra Costa,2020-12-31,928,18690,309,13489,619,5201,0,0,927,18686,0,2,927,18688,California
Contra Costa,2021-01-01,68,18758,24,13513,44,5245,0,0,68,18754,0,2,68,18756,California
Contra Costa,2021-01-02,347,19105,179,13692,168,5413,0,0,347,19101,0,2,347,19103,California
Contra Costa,2021-01-03,182,19287,123,13815,59,5472,0,0,181,19282,0,2,181,19284,California
Contra Costa,2021-01-04,1907,21194,1249,15064,658,6130,0,0,1887,21151,18,20,1887,21171,California
Contra Costa,2021-01-05,2113,23307,1264,16328,849,6979,0,0,1827,22694,285,305,1828,22999,California
Contra Costa,2021-01-06,3304,26611,2268,18596,1036,8015,0,0,2488,24375,810,1115,2491,25490,California
Contra Costa,2021-01-07,3123,29734,2086,20682,1037,9052,0,0,1800,24855,1320,2435,1800,27290,California
Contra Costa,2021-01-08,3420,33154,2412,23094,1008,10060,0,0,1766,24975,1649,4084,1769,29059,California
Contra Costa,2021-01-09,1597,34751,1142,24236,455,10515,0,0,736,24853,860,4944,738,29797,California
Contra Costa,2021-01-10,370,35121,295,24531,75,10590,0,0,153,24789,217,5161,153,29950,California
Contra Costa,2021-01-11,3858,38979,3161,27692,697,11287,0,0,2229,25392,1629,6790,2232,32182,California
Contra Costa,2021-01-12,3960,42939,2970,30662,990,12277,0,0,2605,26646,1354,8144,2608,34790,California
Contra Costa,2021-01-13,4806,47745,3000,33662,1806,14083,0,0,3831,29507,971,9115,3832,38622,California
Contra Costa,2021-01-14,4334,52079,1572,35234,2762,16845,0,0,3946,33065,388,9503,3946,42568,California
Contra Costa,2021-01-15,5369,57448,2475,37709,2894,19739,0,0,5039,37779,329,9832,5043,47611,California
Contra Costa,2021-01-16,1752,59200,565,38274,1187,20926,0,0,1675,39377,77,9909,1675,49286,California
Contra Costa,2021-01-17,1672,60872,985,39259,687,21613,0,0,1551,40810,121,10030,1554,50840,California
Contra Costa,2021-01-18,3237,64109,1283,40542,1954,23567,0,0,2603,42786,628,10658,2604,53444,California
Contra Costa,2021-01-19,7087,71196,3172,43714,3915,27482,0,0,6074,47857,1008,11666,6079,59523,California
Contra Costa,2021-01-20,6915,78111,4315,48029,2600,30082,0,0,5664,52279,1247,12913,5669,65192,California
Contra Costa,2021-01-21,7097,85208,3156,51185,3941,34023,0,0,6362,57920,729,13642,6370,71562,California
Contra Costa,2021-01-22,6466,91674,2762,53947,3704,37727,0,0,5595,62656,862,14504,5598,77160,California
Contra Costa,2021-01-23,2057,93731,358,54305,1699,39426,0,0,1790,64183,265,14769,1792,78952,California
Contra Costa,2021-01-24,1593,95324,219,54524,1374,40800,0,0,1445,65484,148,14917,1449,80401,California
Contra Costa,2021-01-25,6728,102052,3057,57581,3671,44471,0,0,5131,69027,1592,16509,5135,85536,California
Contra Costa,2021-01-26,8195,110247,4732,62313,3463,47934,0,0,6312,73470,1875,18384,6318,91854,California
Contra Costa,2021-01-27,8248,118495,5441,67754,2807,50741,0,0,6383,78004,1853,20237,6387,98241,California
Contra Costa,2021-01-28,7514,126009,4108,71862,3406,54147,0,0,5885,82270,1623,21860,5889,104130,California
Contra Costa,2021-01-29,7539,133548,3917,75779,3622,57769,0,0,6206,87151,1327,23187,6208,110338,California
Contra Costa,2021-01-30,2152,135700,650,76429,1502,59271,0,0,1747,88501,397,23584,1747,112085,California
Contra Costa,2021-01-31,664,136364,433,76862,231,59502,0,0,569,88978,92,23676,569,112654,California
Contra Costa,2021-02-01,5871,142235,4079,80941,1792,61294,0,0,3956,91031,1907,25583,3960,116614,California
Contra Costa,2021-02-02,7648,149883,5120,86061,2528,63822,0,0,5930,95246,1716,27299,5931,122545,California
Contra Costa,2021-02-03,8341,158224,5503,91564,2838,66660,0,0,5630,98177,2700,29999,5631,128176,California
Contra Costa,2021-02-04,7524,165748,3599,95163,3925,70585,0,0,5751,102161,1770,31769,5754,133930,California
Contra Costa,2021-02-05,8487,174235,4839,100002,3648,74233,0,0,5770,105221,2710,34479,5770,139700,California
Contra Costa,2021-02-06,3495,177730,2168,102170,1327,75560,0,0,2837,107402,657,35136,2838,142538,California
Contra Costa,2021-02-07,995,178725,722,102892,273,75833,0,0,606,107620,388,35524,606,143144,California
Contra Costa,2021-02-08,5910,184635,3515,106407,2395,78228,0,0,4403,110524,1500,37024,4404,147548,California
Contra Costa,2021-02-09,8718,193353,4812,111219,3906,82134,0,0,5787,113389,2923,39947,5788,153336,California
Contra Costa,2021-02-10,8720,202073,4684,115903,4036,86170,0,0,5343,115375,3361,43308,5347,158683,California
Contra Costa,2021-02-11,9410,211483,4254,120157,5156,91326,0,0,5181,116339,4222,47530,5186,163869,California
Contra Costa,2021-02-12,10201,221684,4676,124833,5525,96851,0,0,5491,117131,4702,52232,5494,169363,California
Contra Costa,2021-02-13,4945,226629,1391,126224,3554,100405,0,0,3436,119064,1505,53737,3438,172801,California
Contra Costa,2021-02-14,2114,228743,873,127097,1241,101646,0,0,1227,119407,884,54621,1227,174028,California
Contra Costa,2021-02-15,4520,233263,2498,129595,2022,103668,0,0,2345,119588,2165,56786,2346,176374,California
Contra Costa,2021-02-16,10498,243761,4962,134557,5536,109204,0,0,4672,118448,5816,62602,4676,181050,California
Contra Costa,2021-02-17,12399,256160,6218,140775,6181,115385,0,0,5668,117403,6714,69316,5669,186719,California
Contra Costa,2021-02-18,11608,267768,6016,146791,5592,120977,0,0,5366,116543,6228,75544,5368,192087,California
Contra Costa,2021-02-19,11628,279396,7245,154036,4383,125360,0,0,5245,115425,6365,81909,5247,197334,California
Contra Costa,2021-02-20,6619,286015,2994,157030,3625,128985,0,0,4657,118142,1944,83853,4661,201995,California
Contra Costa,2021-02-21,2360,288375,1768,158798,592,129577,0,0,1581,118945,778,84631,1581,203576,California
Contra Costa,2021-02-22,7951,296326,5388,164186,2563,132140,0,0,3646,118306,4288,88919,3649,207225,California
Contra Costa,2021-02-23,12430,308756,7653,171839,4777,136917,0,0,6259,118420,6153,95072,6267,213492,California
Contra Costa,2021-02-24,10876,319632,7979,179818,2897,139814,0,0,5275,118117,5578,100650,5275,218767,California
Contra Costa,2021-02-25,11949,331581,7581,187399,4368,144182,0,0,5549,117296,6377,107027,5556,224323,California
Contra Costa,2021-02-26,11167,342748,7046,194445,4121,148303,0,0,5525,117196,5627,112654,5527,229850,California
Contra Costa,2021-02-27,6923,349671,4459,198904,2464,150767,0,0,4343,118969,2572,115226,4345,234195,California
Contra Costa,2021-02-28,4349,354020,3606,202510,742,151509,1,1,3669,121963,677,115903,3671,237866,California
Contra Costa,2021-03-01,8727,362747,6598,209108,2122,153631,7,8,5373,124007,3339,119242,5383,243249,California
Contra Costa,2021-03-02,10751,373498,6881,215989,3869,157500,1,9,5769,124813,4965,124207,5771,249020,California
Contra Costa,2021-03-03,11444,384942,7206,223195,4237,161737,1,10,6464,126317,4962,129169,6466,255486,California
Contra Costa,2021-03-04,12011,396953,7186,230381,4823,166560,2,12,6255,126836,5738,134907,6257,261743,California
Contra Costa,2021-03-05,11519,408472,6925,237306,4587,171147,7,19,6618,128579,4883,139790,6626,268369,California
Contra Costa,2021-03-06,7523,415995,4218,241524,2994,174141,311,330,4925,131229,2583,142373,5233,273602,California
Contra Costa,2021-03-07,3864,419859,2467,243991,1333,175474,64,394,3173,133776,689,143062,3236,276838,California
Contra Costa,2021-03-08,8266,428125,3939,247930,4020,179494,307,701,5549,136930,2705,145767,5859,282697,California
Contra Costa,2021-03-09,11219,439344,5947,253877,4975,184469,297,998,5867,137758,5339,151106,6167,288864,California
Contra Costa,2021-03-10,12497,451841,6243,260120,4755,189224,1499,2497,5685,138131,6798,157904,7171,296035,California
Contra Costa,2021-03-11,12549,464390,6608,266728,5373,194597,568,3065,6399,138968,6124,164028,6961,302996,California
Contra Costa,2021-03-12,12702,477092,5234,271962,6898,201495,570,3635,6309,139472,6370,170398,6874,309870,California
Contra Costa,2021-03-13,7911,485003,3179,275141,4298,205793,434,4069,3112,138233,4778,175176,3539,313409,California
Contra Costa,2021-03-14,4448,489451,2632,277773,1329,207122,487,4556,1689,137658,2750,177926,2175,315584,California
Contra Costa,2021-03-15,9538,498989,5180,282953,3594,210716,764,5320,4678,138257,4839,182765,5438,321022,California
Contra Costa,2021-03-16,14438,513427,8607,291560,5421,216137,410,5730,7094,138440,7319,190084,7502,328524,California
Contra Costa,2021-03-17,15189,528616,10501,302061,4464,220601,224,5954,8479,140465,6683,196767,8708,337232,California
Contra Costa,2021-03-18,15538,544154,8679,310740,6378,226979,481,6435,8576,142596,6924,203691,9055,346287,California
Contra Costa,2021-03-19,15762,559916,9120,319860,5229,232208,1413,7848,8167,144601,7576,211267,9581,355868,California
Contra Costa,2021-03-20,10790,570706,6472,326332,4002,236210,316,8164,5105,144364,5658,216925,5421,361289,California
Contra Costa,2021-03-21,4599,575305,4024,330356,477,236687,98,8262,1791,143456,2796,219721,1888,363177,California
Contra Costa,2021-03-22,11726,587031,8839,339195,2628,239315,259,8521,6808,145620,4899,224620,7063,370240,California
Contra Costa,2021-03-23,15777,602808,10895,350090,4710,244025,172,8693,9046,148136,6702,231322,9218,379458,California
Contra Costa,2021-03-24,15127,617935,11795,361885,3118,247143,214,8907,9122,151505,5969,237291,9338,388796,California
Contra Costa,2021-03-25,15446,633381,12037,373922,3115,250258,294,9201,9428,155244,5979,243270,9718,398514,California
Contra Costa,2021-03-26,15144,648525,10862,384784,3879,254137,403,9604,8687,157904,6424,249694,9084,407598,California
Contra Costa,2021-03-27,10591,659116,6885,391669,3193,257330,513,10117,5618,159066,4960,254654,6122,413720,California
Contra Costa,2021-03-28,4258,663374,3037,394706,1167,258497,54,10171,1615,158105,2631,257285,1670,415390,California
Contra Costa,2021-03-29,10961,674335,8546,403252,2300,260797,115,10286,6946,161172,3997,261282,7064,422454,California
Contra Costa,2021-03-30,16867,691202,9232,412484,6278,267075,1357,11643,10390,166459,6452,267734,11739,434193,California
Contra Costa,2021-03-31,18108,709310,12666,425150,3997,271072,1445,13088,11372,172578,6686,274420,12805,446998,California
Contra Costa,2021-04-01,17637,726947,12304,437454,3941,275013,1392,14480,11418,179200,6178,280598,12800,459798,California
Contra Costa,2021-04-02,17549,744496,12909,450363,3607,278620,1033,15513,11619,185925,5919,286517,12644,472442,California
Contra Costa,2021-04-03,10896,755392,6505,456868,2840,281460,1551,17064,6213,189015,4668,291185,7758,480200,California
Contra Costa,2021-04-04,3366,758758,1332,458200,1431,282891,603,17667,853,187963,2505,293690,1453,481653,California
Contra Costa,2021-04-05,12144,770902,7912,466112,3246,286137,986,18653,6579,189979,5549,299239,7565,489218,California
Contra Costa,2021-04-06,17399,788301,12038,478150,3061,289198,2300,20953,9746,194385,7631,306870,12037,501255,California
Contra Costa,2021-04-07,18655,806956,12625,490775,3202,292400,2828,23781,10564,199741,8065,314935,13421,514676,California
Contra Costa,2021-04-08,18729,825685,12479,503254,3325,295725,2925,26706,10035,204022,8666,323601,12947,527623,California
Contra Costa,2021-04-09,18924,844609,12074,515328,4340,300065,2510,29216,10106,207842,8786,332387,12606,540229,California
Contra Costa,2021-04-10,10603,855212,3847,519175,2192,302257,4564,33780,3321,208447,7261,339648,7866,548095,California
Contra Costa,2021-04-11,3374,858586,2011,521186,697,302954,666,34446,1135,208014,2233,341881,1800,549895,California
Contra Costa,2021-04-12,12032,870618,7932,529118,3017,305971,1083,35529,5654,208396,6361,348242,6743,556638,California
Contra Costa,2021-04-13,17979,888597,11031,540149,6940,312911,8,35537,11987,214432,5964,354206,12000,568638,California
Contra Costa,2021-04-14,17795,906392,11181,551330,6613,319524,1,35538,9883,216431,7889,362095,9888,578526,California
Contra Costa,2021-04-15,17598,923990,10799,562129,6798,326322,1,35539,8153,215196,9413,371508,8178,586704,California
Contra Costa,2021-04-16,17018,941008,10596,572725,6421,332743,1,35540,7687,213589,9303,380811,7696,594400,California
Contra Costa,2021-04-17,11600,952608,6367,579092,5233,337976,0,35540,6261,214538,5319,386130,6268,600668,California
Contra Costa,2021-04-18,2928,955536,2288,581380,640,338616,0,35540,1853,215327,1064,387194,1853,602521,California
Contra Costa,2021-04-19,11524,967060,8602,589982,2922,341538,0,35540,3671,211178,7824,395018,3675,606196,California
Contra Costa,2021-04-20,17049,984109,11115,601097,5934,347472,0,35540,6457,207082,10558,405576,6462,612658,California
Contra Costa,2021-04-21,17859,1001968,14602,615699,3256,350728,1,35541,6428,202136,11383,416959,6437,619095,California
Contra Costa,2021-04-22,17377,1019345,14075,629774,3300,354028,2,35543,6148,197107,11188,428147,6159,625254,California
Contra Costa,2021-04-23,17208,1036553,13696,643470,3510,357538,2,35545,5568,191083,11603,439750,5579,630833,California
Contra Costa,2021-04-24,10968,1047521,8452,651922,2515,360053,1,35546,4206,188558,6735,446485,4210,635043,California
Contra Costa,2021-04-25,3292,1050813,2220,654142,1070,361123,2,35548,2079,189431,1212,447697,2085,637128,California
Contra Costa,2021-04-26,10134,1060947,8459,662601,1651,362774,24,35572,3068,185492,7044,454741,3105,640233,California
Contra Costa,2021-04-27,14760,1075707,10788,673389,3794,366568,178,35750,4039,179024,10695,465436,4227,644460,California
Contra Costa,2021-04-28,14344,1090051,11187,684576,2873,369441,284,36034,3859,172725,10448,475884,4149,648609,California
Contra Costa,2021-04-29,13562,1103613,10512,695088,2881,372322,169,36203,3278,165926,10252,486136,3453,652062,California
Contra Costa,2021-04-30,13851,1117464,10904,705992,2689,375011,258,36461,3208,158785,10613,496749,3472,655534,California
Contra Costa,2021-05-01,8050,1125514,5853,711845,1875,376886,322,36783,1920,154924,6103,502852,2242,657776,California
Contra Costa,2021-05-02,2340,1127854,1589,713434,670,377556,81,36864,985,154647,1343,504195,1066,658842,California
Contra Costa,2021-05-03,9138,1136992,8019,721453,944,378500,175,37039,1931,149568,7189,511384,2110,660952,California
Contra Costa,2021-05-04,14222,1151214,12282,733735,1610,380110,330,37369,2313,140333,11878,523262,2643,663595,California
Contra Costa,2021-05-05,12666,1163880,10928,744663,1535,381645,203,37572,2450,132802,10185,533447,2654,666249,California
Contra Costa,2021-05-06,10375,1174255,8622,753285,1416,383061,337,37909,1970,126738,8379,541826,2315,668564,California
Contra Costa,2021-05-07,9705,1183960,7803,761088,1678,384739,224,38133,2240,121768,7430,549256,2460,671024,California
Contra Costa,2021-05-08,5418,1189378,4101,765189,1149,385888,168,38301,1313,119164,4089,553345,1485,672509,California
Contra Costa,2021-05-09,2149,1191527,1819,767008,271,386159,59,38360,450,117984,1691,555036,511,673020,California
Contra Costa,2021-05-10,4978,1196505,3988,770996,770,386929,220,38580,1337,115920,3619,558655,1555,674575,California
Contra Costa,2021-05-11,8896,1205401,4690,775686,3968,390897,238,38818,1785,110859,7091,565746,2030,676605,California
Contra Costa,2021-05-12,9288,1214689,4792,780478,4230,395127,266,39084,1596,105063,7664,573410,1868,678473,California
Contra Costa,2021-05-13,11801,1226490,7884,788362,3730,398857,187,39271,4239,101958,7534,580944,4429,682902,California
Contra Costa,2021-05-14,12280,1238770,8212,796574,3783,402640,285,39556,5025,100039,7227,588171,5308,688210,California
Contra Costa,2021-05-15,10032,1248802,7282,803856,2632,405272,118,39674,4418,98979,5598,593769,4538,692748,California
Contra Costa,2021-05-16,2642,1251444,2326,806182,265,405537,51,39725,1224,98842,1411,595180,1274,694022,California
Contra Costa,2021-05-17,7134,1258578,5759,811941,1198,406735,177,39902,3559,99024,3555,598735,3737,697759,California
Contra Costa,2021-05-18,10249,1268827,7009,818950,3022,409757,218,40120,4441,97908,5778,604513,4662,702421,California
Contra Costa,2021-05-19,8494,1277321,6867,825817,1432,411189,195,40315,3833,97299,4641,609154,4032,706453,California
Contra Costa,2021-05-20,7202,1284523,5682,831499,1333,412522,187,40502,3325,96964,3847,613001,3512,709965,California
Contra Costa,2021-05-21,7088,1291611,5429,836928,1447,413969,212,40714,3207,96526,3854,616855,3416,713381,California
Contra Costa,2021-05-22,5142,1296753,4069,840997,894,414863,179,40893,2509,96604,2608,619463,2686,716067,California
Contra Costa,2021-05-23,1282,1298035,854,841851,371,415234,57,40950,607,96601,666,620129,663,716730,California
Contra Costa,2021-05-24,4750,1302785,3931,845782,642,415876,177,41127,2232,96510,2504,622633,2413,719143,California
Contra Costa,2021-05-25,6282,1309067,5108,850890,923,416799,251,41378,2636,95769,3627,626260,2886,722029,California
Contra Costa,2021-05-26,5636,1314703,3621,854511,1826,418625,189,41567,1938,94219,3676,629936,2126,724155,California
Contra Costa,2021-05-27,3815,1318518,2700,857211,938,419563,177,41744,1605,93804,2193,632129,1778,725933,California
Contra Costa,2021-05-28,5359,1323877,3748,860959,1440,421003,171,41915,2230,93098,3103,635232,2397,728330,California
Contra Costa,2021-05-29,3296,1327173,2147,863106,1032,422035,117,42032,1630,93190,1655,636887,1747,730077,California
Contra Costa,2021-05-30,932,1328105,588,863694,315,422350,29,42061,343,92975,587,637474,372,730449,California
Contra Costa,2021-05-31,387,1328492,267,863961,108,422458,12,42073,127,92856,257,637731,138,730587,California
Contra Costa,2021-06-01,4804,1333296,3573,867534,1085,423543,146,42219,1659,91534,3127,640858,1805,732392,California
Contra Costa,2021-06-02,3442,1336738,2439,869973,859,424402,144,42363,1407,91060,2024,642882,1550,733942,California
Contra Costa,2021-06-03,5436,1342174,4532,874505,789,425191,115,42478,1406,88558,4023,646905,1521,735463,California
Contra Costa,2021-06-04,6396,1348570,5361,879866,896,426087,139,42617,1584,85485,4793,651698,1720,737183,California
Contra Costa,2021-06-05,5214,1353784,4423,884289,679,426766,112,42729,1079,82551,4122,655820,1188,738371,California
Contra Costa,2021-06-06,1363,1355147,1190,885479,143,426909,30,42759,320,81863,1038,656858,350,738721,California
Contra Costa,2021-06-07,4943,1360090,4350,889829,493,427402,100,42859,1356,79743,3577,660435,1457,740178,California
Contra Costa,2021-06-08,6100,1366190,5263,895092,714,428116,123,42982,1416,76615,4667,665102,1539,741717,California
Contra Costa,2021-06-09,4873,1371063,4155,899247,571,428687,147,43129,1261,74431,3592,668694,1408,743125,California
Contra Costa,2021-06-10,4793,1375856,4030,903277,594,429281,169,43298,1230,72283,3547,672241,1399,744524,California
Contra Costa,2021-06-11,4853,1380709,3977,907254,677,429958,199,43497,1277,70197,3561,675802,1475,745999,California
Contra Costa,2021-06-12,3173,1383882,2692,909946,414,430372,67,43564,719,68538,2443,678245,784,746783,California
Contra Costa,2021-06-13,1151,1385033,860,910806,183,430555,108,43672,286,68074,858,679103,394,747177,California
Contra Costa,2021-06-14,3895,1388928,3291,914097,475,431030,129,43801,1118,66559,2759,681862,1244,748421,California
Contra Costa,2021-06-15,4178,1393106,3482,917579,536,431566,160,43961,1311,65172,2858,684720,1471,749892,California
Contra Costa,2021-06-16,3478,1396584,2832,920411,461,432027,185,44146,1208,64312,2251,686971,1391,751283,California
Contra Costa,2021-06-17,2770,1399354,2268,922679,377,432404,125,44271,1050,63773,1712,688683,1173,752456,California
Contra Costa,2021-06-18,3692,1403046,3038,925717,463,432867,191,44462,1327,62936,2353,691036,1516,753972,California
Contra Costa,2021-06-19,2037,1405083,1701,927418,232,433099,104,44566,575,62157,1459,692495,680,754652,California
Contra Costa,2021-06-20,790,1405873,663,928081,98,433197,29,44595,334,62067,452,692947,362,755014,California
Contra Costa,2021-06-21,1816,1407689,1382,929463,277,433474,157,44752,978,62370,830,693777,1133,756147,California
Contra Costa,2021-06-22,3043,1410732,2577,932040,325,433799,141,44893,1188,61856,1842,695619,1328,757475,California
Contra Costa,2021-06-23,2561,1413293,2129,934169,330,434129,102,44995,1028,61461,1525,697144,1130,758605,California
Contra Costa,2021-06-24,2351,1415644,1980,936149,242,434371,129,45124,944,61137,1395,698539,1071,759676,California
Contra Costa,2021-06-25,2770,1418414,2259,938408,356,434727,155,45279,1131,60791,1634,700173,1288,760964,California
Contra Costa,2021-06-26,1455,1419869,1209,939617,170,434897,76,45355,478,60370,975,701148,554,761518,California
Contra Costa,2021-06-27,691,1420560,603,940220,66,434963,22,45377,273,60249,416,701564,295,761813,California
Contra Costa,2021-06-28,2327,1422887,2023,942243,176,435139,128,45505,843,59749,1470,703034,970,762783,California
Contra Costa,2021-06-29,2516,1425403,2109,944352,291,435430,116,45621,971,59300,1533,704567,1084,763867,California
Contra Costa,2021-06-30,2173,1427576,1779,946131,293,435723,101,45722,882,59001,1280,705847,981,764848,California
Contra Costa,2021-07-01,2074,1429650,1744,947875,224,435947,106,45828,840,58727,1223,707070,949,765797,California
Contra Costa,2021-07-02,2137,1431787,1768,949643,292,436239,77,45905,891,58460,1234,708304,967,766764,California
Contra Costa,2021-07-03,688,1432475,553,950196,97,436336,38,45943,238,58290,446,708750,276,767040,California
Del Norte,2020-12-21,23,23,23,23,0,0,0,0,23,23,0,0,23,23,California
Del Norte,2020-12-22,46,69,46,69,0,0,0,0,46,69,0,0,46,69,California
Del Norte,2020-12-23,59,128,48,117,11,11,0,0,57,126,0,0,57,126,California
Del Norte,2020-12-28,34,162,34,151,0,11,0,0,34,160,0,0,34,160,California
Del Norte,2020-12-29,4,166,4,155,0,11,0,0,4,164,0,0,4,164,California
Del Norte,2020-12-30,67,233,55,210,12,23,0,0,68,232,0,0,68,232,California
Del Norte,2020-12-31,16,249,13,223,3,26,0,0,16,248,0,0,16,248,California
Del Norte,2021-01-04,103,352,50,273,53,79,0,0,103,351,0,0,103,351,California
Del Norte,2021-01-05,32,384,0,273,32,111,0,0,32,383,0,0,32,383,California
Del Norte,2021-01-06,77,461,18,291,59,170,0,0,77,460,0,0,77,460,California
Del Norte,2021-01-07,21,482,1,292,20,190,0,0,21,481,0,0,21,481,California
Del Norte,2021-01-08,77,559,7,299,70,260,0,0,77,558,0,0,77,558,California
Del Norte,2021-01-11,40,599,21,320,19,279,0,0,18,555,22,22,19,577,California
Del Norte,2021-01-12,52,651,33,353,19,298,0,0,31,565,21,43,31,608,California
Del Norte,2021-01-13,86,737,40,393,46,344,0,0,53,585,33,76,53,661,California
Del Norte,2021-01-14,54,791,14,407,40,384,0,0,48,627,6,82,48,709,California
Del Norte,2021-01-15,107,898,18,425,89,473,0,0,95,710,12,94,95,804,California
Del Norte,2021-01-17,1,899,1,426,0,473,0,0,1,711,0,94,1,805,California
Del Norte,2021-01-18,2,901,0,426,2,475,0,0,2,713,0,94,2,807,California
Del Norte,2021-01-19,118,1019,56,482,62,537,0,0,76,747,42,136,76,883,California
Del Norte,2021-01-20,161,1180,86,568,75,612,0,0,98,782,63,199,98,981,California
Del Norte,2021-01-21,43,1223,40,608,3,615,0,0,32,803,11,210,32,1013,California
Del Norte,2021-01-22,19,1242,17,625,2,617,0,0,12,808,7,217,12,1025,California
Del Norte,2021-01-23,1,1243,0,625,1,618,0,0,1,809,0,217,1,1026,California
Del Norte,2021-01-24,1,1244,0,625,1,619,0,0,1,810,0,217,1,1027,California
Del Norte,2021-01-25,101,1345,83,708,18,637,0,0,56,821,45,262,56,1083,California
Del Norte,2021-01-26,18,1363,11,719,7,644,0,0,7,817,11,273,7,1090,California
Del Norte,2021-01-27,64,1427,21,740,43,687,0,0,61,875,3,276,61,1151,California
Del Norte,2021-01-28,293,1720,20,760,273,960,0,0,288,1158,5,281,288,1439,California
Del Norte,2021-01-29,64,1784,23,783,41,1001,0,0,44,1182,20,301,44,1483,California
Del Norte,2021-01-30,8,1792,1,784,7,1008,0,0,8,1190,0,301,8,1491,California
Del Norte,2021-02-01,41,1833,1,785,40,1048,0,0,26,1201,15,316,26,1517,California
Del Norte,2021-02-02,142,1975,34,819,108,1156,0,0,72,1206,68,384,73,1590,California
Del Norte,2021-02-03,129,2104,42,861,87,1243,0,0,74,1225,55,439,74,1664,California
Del Norte,2021-02-04,70,2174,28,889,42,1285,0,0,41,1236,30,469,41,1705,California
Del Norte,2021-02-05,184,2358,22,911,162,1447,0,0,119,1291,64,533,119,1824,California
Del Norte,2021-02-06,311,2669,5,916,306,1753,0,0,311,1602,0,533,311,2135,California
Del Norte,2021-02-07,2,2671,1,917,1,1754,0,0,2,1604,0,533,2,2137,California
Del Norte,2021-02-08,35,2706,1,918,34,1788,0,0,31,1631,4,537,31,2168,California
Del Norte,2021-02-09,8,2714,5,923,3,1791,0,0,2,1627,6,543,2,2170,California
Del Norte,2021-02-10,143,2857,20,943,123,1914,0,0,85,1655,57,600,85,2255,California
Del Norte,2021-02-11,178,3035,59,1002,119,2033,0,0,64,1605,114,714,64,2319,California
Del Norte,2021-02-12,123,3158,14,1016,109,2142,0,0,69,1620,54,768,69,2388,California
Del Norte,2021-02-13,2,3160,1,1017,1,2143,0,0,2,1622,0,768,2,2390,California
Del Norte,2021-02-14,3,3163,1,1018,2,2145,0,0,2,1623,1,769,2,2392,California
Del Norte,2021-02-15,5,3168,0,1018,5,2150,0,0,3,1624,2,771,3,2395,California
Del Norte,2021-02-16,131,3299,1,1019,130,2280,0,0,13,1519,118,889,13,2408,California
Del Norte,2021-02-17,93,3392,20,1039,73,2353,0,0,25,1477,67,956,25,2433,California
Del Norte,2021-02-18,77,3469,24,1063,53,2406,0,0,51,1502,26,982,51,2484,California
Del Norte,2021-02-19,43,3512,17,1080,26,2432,0,0,33,1525,10,992,33,2517,California
Del Norte,2021-02-20,9,3521,6,1086,3,2435,0,0,6,1528,3,995,6,2523,California
Del Norte,2021-02-21,1,3522,0,1086,1,2436,0,0,0,1527,1,996,0,2523,California
Del Norte,2021-02-22,2,3524,0,1086,2,2438,0,0,2,1529,0,996,2,2525,California
Del Norte,2021-02-23,109,3633,90,1176,19,2457,0,0,32,1485,76,1072,32,2557,California
Del Norte,2021-02-24,156,3789,100,1276,56,2513,0,0,81,1491,75,1147,81,2638,California
Del Norte,2021-02-25,480,4269,131,1407,349,2862,0,0,214,1441,264,1411,214,2852,California
Del Norte,2021-02-26,213,4482,177,1584,36,2898,0,0,166,1560,47,1458,166,3018,California
Del Norte,2021-02-27,150,4632,144,1728,5,2903,1,1,141,1693,9,1467,142,3160,California
Del Norte,2021-02-28,4,4636,1,1729,3,2906,0,1,3,1695,1,1468,3,3163,California
Del Norte,2021-03-01,28,4664,2,1731,26,2932,0,1,4,1676,23,1491,4,3167,California
Del Norte,2021-03-02,222,4886,142,1873,80,3012,0,1,188,1830,34,1525,188,3355,California
Del Norte,2021-03-03,177,5063,107,1980,70,3082,0,1,135,1923,42,1567,135,3490,California
Del Norte,2021-03-04,120,5183,83,2063,37,3119,0,1,91,1986,28,1595,91,3581,California
Del Norte,2021-03-05,122,5305,11,2074,111,3230,0,1,74,2012,48,1643,74,3655,California
Del Norte,2021-03-06,465,5770,77,2151,339,3569,49,50,163,1880,302,1945,170,3825,California
Del Norte,2021-03-07,2,5772,1,2152,1,3570,0,50,1,1880,1,1946,1,3826,California
Del Norte,2021-03-08,29,5801,1,2153,26,3596,2,52,6,1866,22,1968,8,3834,California
Del Norte,2021-03-09,194,5995,113,2266,78,3674,3,55,183,2041,11,1979,186,4020,California
Del Norte,2021-03-10,236,6231,96,2362,111,3785,29,84,134,2102,102,2081,163,4183,California
Del Norte,2021-03-11,151,6382,55,2417,91,3876,5,89,103,2162,48,2129,108,4291,California
Del Norte,2021-03-12,178,6560,88,2505,90,3966,0,89,124,2233,53,2182,124,4415,California
Del Norte,2021-03-13,94,6654,93,2598,1,3967,0,89,91,2321,3,2185,91,4506,California
Del Norte,2021-03-14,1,6655,0,2598,1,3968,0,89,1,2321,1,2186,1,4507,California
Del Norte,2021-03-15,38,6693,0,2598,38,4006,0,89,34,2351,4,2190,34,4541,California
Del Norte,2021-03-16,282,6975,135,2733,147,4153,0,89,261,2591,21,2211,261,4802,California
Del Norte,2021-03-17,284,7259,95,2828,187,4340,2,91,170,2649,114,2325,172,4974,California
Del Norte,2021-03-18,284,7543,107,2935,175,4515,2,93,149,2666,134,2459,151,5125,California
Del Norte,2021-03-19,270,7813,160,3095,104,4619,6,99,92,2586,178,2637,98,5223,California
Del Norte,2021-03-20,157,7970,154,3249,3,4622,0,99,15,2459,142,2779,15,5238,California
Del Norte,2021-03-21,4,7974,2,3251,2,4624,0,99,2,2459,2,2781,2,5240,California
Del Norte,2021-03-22,43,8017,3,3254,39,4663,1,100,39,2496,3,2784,40,5280,California
Del Norte,2021-03-23,335,8352,164,3418,153,4816,18,118,164,2508,169,2953,181,5461,California
Del Norte,2021-03-24,397,8749,107,3525,250,5066,40,158,228,2607,169,3122,268,5729,California
Del Norte,2021-03-25,193,8942,88,3613,105,5171,0,158,85,2585,107,3229,85,5814,California
Del Norte,2021-03-26,234,9176,113,3726,121,5292,0,158,197,2745,37,3266,197,6011,California
Del Norte,2021-03-27,107,9283,86,3812,4,5296,17,175,17,2689,90,3356,34,6045,California
Del Norte,2021-03-28,4,9287,2,3814,2,5298,0,175,1,2687,3,3359,1,6046,California
Del Norte,2021-03-29,57,9344,6,3820,34,5332,17,192,32,2711,25,3384,49,6095,California
Del Norte,2021-03-30,338,9682,119,3939,208,5540,11,203,126,2636,212,3596,137,6232,California
Del Norte,2021-03-31,356,10038,101,4040,238,5778,17,220,199,2697,155,3751,216,6448,California
Del Norte,2021-04-01,164,10202,58,4098,72,5850,34,254,69,2706,94,3845,103,6551,California
Del Norte,2021-04-02,232,10434,78,4176,105,5955,49,303,49,2622,183,4028,99,6650,California
Del Norte,2021-04-03,108,10542,83,4259,2,5957,23,326,5,2548,102,4130,28,6678,California
Del Norte,2021-04-04,4,10546,0,4259,0,5957,4,330,0,2548,4,4134,4,6682,California
Del Norte,2021-04-05,47,10593,5,4264,38,5995,4,334,40,2585,7,4141,44,6726,California
Del Norte,2021-04-06,381,10974,120,4384,223,6218,38,372,146,2539,231,4372,185,6911,California
Del Norte,2021-04-07,438,11412,115,4499,261,6479,62,434,289,2742,149,4521,352,7263,California
Del Norte,2021-04-08,229,11641,54,4553,106,6585,69,503,105,2792,124,4645,174,7437,California
Del Norte,2021-04-09,207,11848,47,4600,83,6668,77,580,100,2861,106,4751,175,7612,California
Del Norte,2021-04-10,47,11895,26,4626,4,6672,17,597,27,2885,20,4771,44,7656,California
Del Norte,2021-04-11,12,11907,3,4629,2,6674,7,604,2,2884,10,4781,9,7665,California
Del Norte,2021-04-12,27,11934,1,4630,9,6683,17,621,1,2877,25,4806,18,7683,California
Del Norte,2021-04-13,299,12233,50,4680,249,6932,0,621,155,2888,144,4950,155,7838,California
Del Norte,2021-04-14,331,12564,23,4703,308,7240,0,621,139,2840,192,5142,144,7982,California
Del Norte,2021-04-15,164,12728,31,4734,133,7373,0,621,45,2767,119,5261,46,8028,California
Del Norte,2021-04-16,162,12890,40,4774,122,7495,0,621,60,2726,102,5363,61,8089,California
Del Norte,2021-04-17,108,12998,76,4850,32,7527,0,621,102,2822,6,5369,102,8191,California
Del Norte,2021-04-18,6,13004,5,4855,1,7528,0,621,5,2826,1,5370,5,8196,California
Del Norte,2021-04-19,51,13055,6,4861,45,7573,0,621,9,2793,42,5412,9,8205,California
Del Norte,2021-04-20,209,13264,40,4901,169,7742,0,621,74,2732,135,5547,74,8279,California
Del Norte,2021-04-21,292,13556,23,4924,269,8011,0,621,67,2577,225,5772,70,8349,California
Del Norte,2021-04-22,116,13672,16,4940,100,8111,0,621,63,2587,53,5825,63,8412,California
Del Norte,2021-04-23,155,13827,22,4962,133,8244,0,621,41,2514,114,5939,41,8453,California
Del Norte,2021-04-24,25,13852,14,4976,11,8255,0,621,20,2529,5,5944,20,8473,California
Del Norte,2021-04-25,2,13854,0,4976,2,8257,0,621,2,2531,0,5944,2,8475,California
Del Norte,2021-04-26,31,13885,0,4976,31,8288,0,621,9,2518,22,5966,9,8484,California
Del Norte,2021-04-27,181,14066,21,4997,155,8443,5,626,50,2443,131,6097,56,8540,California
Del Norte,2021-04-28,351,14417,100,5097,246,8689,5,631,63,2226,286,6383,69,8609,California
Del Norte,2021-04-29,93,14510,6,5103,83,8772,4,635,26,2189,67,6450,30,8639,California
Del Norte,2021-04-30,87,14597,7,5110,70,8842,10,645,47,2206,40,6490,57,8696,California
Del Norte,2021-05-01,7,14604,2,5112,5,8847,0,645,5,2209,2,6492,5,8701,California
Del Norte,2021-05-02,8,14612,0,5112,8,8855,0,645,8,2217,0,6492,8,8709,California
Del Norte,2021-05-03,40,14652,3,5115,34,8889,3,648,2,2185,37,6529,5,8714,California
Del Norte,2021-05-04,221,14873,36,5151,180,9069,5,653,46,2061,175,6704,51,8765,California
Del Norte,2021-05-05,234,15107,20,5171,206,9275,8,661,59,1954,174,6878,67,8832,California
Del Norte,2021-05-06,113,15220,26,5197,74,9349,13,674,26,1906,87,6965,39,8871,California
Del Norte,2021-05-07,151,15371,28,5225,119,9468,4,678,31,1821,120,7085,35,8906,California
Del Norte,2021-05-08,65,15436,55,5280,8,9476,2,680,7,1772,58,7143,9,8915,California
Del Norte,2021-05-09,11,15447,4,5284,4,9480,3,683,3,1770,8,7151,6,8921,California
Del Norte,2021-05-10,24,15471,3,5287,17,9497,4,687,14,1778,10,7161,18,8939,California
Del Norte,2021-05-11,177,15648,50,5337,125,9622,2,689,34,1671,143,7304,36,8975,California
Del Norte,2021-05-12,151,15799,23,5360,118,9740,10,699,27,1585,123,7427,37,9012,California
Del Norte,2021-05-13,68,15867,30,5390,37,9777,1,700,38,1594,30,7457,39,9051,California
Del Norte,2021-05-14,76,15943,26,5416,49,9826,1,701,41,1601,35,7492,42,9093,California
Del Norte,2021-05-15,96,16039,53,5469,37,9863,6,707,53,1617,43,7535,59,9152,California
Del Norte,2021-05-16,11,16050,0,5469,11,9874,0,707,11,1628,0,7535,11,9163,California
Del Norte,2021-05-17,26,16076,3,5472,20,9894,3,710,15,1635,11,7546,18,9181,California
Del Norte,2021-05-18,129,16205,69,5541,60,9954,0,710,81,1668,48,7594,81,9262,California
Del Norte,2021-05-19,97,16302,14,5555,66,10020,17,727,35,1657,62,7656,51,9313,California
Del Norte,2021-05-20,101,16403,33,5588,65,10085,3,730,41,1642,59,7715,44,9357,California
Del Norte,2021-05-21,81,16484,34,5622,44,10129,3,733,44,1652,37,7752,47,9404,California
Del Norte,2021-05-22,24,16508,8,5630,16,10145,0,733,11,1651,12,7764,11,9415,California
Del Norte,2021-05-23,14,16522,5,5635,9,10154,0,733,7,1651,7,7771,7,9422,California
Del Norte,2021-05-24,25,16547,9,5644,16,10170,0,733,16,1658,9,7780,16,9438,California
Del Norte,2021-05-25,47,16594,5,5649,36,10206,6,739,17,1654,27,7807,23,9461,California
Del Norte,2021-05-26,117,16711,36,5685,74,10280,7,746,54,1653,62,7869,61,9522,California
Del Norte,2021-05-27,72,16783,27,5712,41,10321,4,750,34,1653,38,7907,38,9560,California
Del Norte,2021-05-28,52,16835,7,5719,37,10358,8,758,8,1625,44,7951,16,9576,California
Del Norte,2021-05-29,8,16843,0,5719,4,10362,4,762,3,1627,5,7956,7,9583,California
Del Norte,2021-05-30,6,16849,0,5719,6,10368,0,762,1,1623,5,7961,1,9584,California
Del Norte,2021-05-31,4,16853,2,5721,2,10370,0,762,3,1625,1,7962,3,9587,California
Del Norte,2021-06-01,52,16905,6,5727,39,10409,7,769,11,1602,41,8003,18,9605,California
Del Norte,2021-06-02,83,16988,11,5738,67,10476,5,774,19,1562,64,8067,24,9629,California
Del Norte,2021-06-03,62,17050,36,5774,24,10500,2,776,27,1556,35,8102,29,9658,California
Del Norte,2021-06-04,69,17119,24,5798,40,10540,5,781,19,1530,50,8152,24,9682,California
Del Norte,2021-06-05,1,17120,0,5798,1,10541,0,781,0,1529,1,8153,0,9682,California
Del Norte,2021-06-06,10,17130,4,5802,4,10545,2,783,7,1535,3,8156,9,9691,California
Del Norte,2021-06-07,41,17171,9,5811,27,10572,5,788,15,1529,26,8182,20,9711,California
Del Norte,2021-06-08,112,17283,81,5892,26,10598,5,793,33,1488,79,8261,38,9749,California
Del Norte,2021-06-09,58,17341,11,5903,40,10638,7,800,16,1469,42,8303,23,9772,California
Del Norte,2021-06-10,57,17398,27,5930,23,10661,7,807,12,1444,44,8347,19,9791,California
Del Norte,2021-06-11,59,17457,23,5953,27,10688,9,816,13,1420,46,8393,22,9813,California
Del Norte,2021-06-12,17,17474,3,5956,11,10699,3,819,2,1410,15,8408,5,9818,California
Del Norte,2021-06-13,61,17535,43,5999,13,10712,5,824,13,1380,48,8456,18,9836,California
Del Norte,2021-06-14,37,17572,15,6014,18,10730,4,828,15,1378,21,8477,19,9855,California
Del Norte,2021-06-15,38,17610,9,6023,21,10751,8,836,5,1358,33,8510,13,9868,California
Del Norte,2021-06-16,99,17709,38,6061,50,10801,11,847,22,1314,77,8587,33,9901,California
Del Norte,2021-06-17,31,17740,13,6074,15,10816,3,850,7,1300,24,8611,10,9911,California
Del Norte,2021-06-18,48,17788,22,6096,21,10837,5,855,19,1295,29,8640,24,9935,California
Del Norte,2021-06-19,11,17799,0,6096,7,10844,4,859,3,1294,8,8648,7,9942,California
Del Norte,2021-06-20,13,17812,9,6105,4,10848,0,859,8,1297,5,8653,8,9950,California
Del Norte,2021-06-21,24,17836,9,6114,10,10858,5,864,10,1298,14,8667,15,9965,California
Del Norte,2021-06-22,39,17875,9,6123,19,10877,11,875,14,1298,25,8692,25,9990,California
Del Norte,2021-06-23,68,17943,32,6155,30,10907,6,881,31,1299,36,8728,37,10027,California
Del Norte,2021-06-24,48,17991,27,6182,13,10920,8,889,17,1293,31,8759,25,10052,California
Del Norte,2021-06-25,28,18019,14,6196,12,10932,2,891,13,1293,15,8774,15,10067,California
Del Norte,2021-06-26,5,18024,0,6196,5,10937,0,891,2,1292,3,8777,2,10069,California
Del Norte,2021-06-27,9,18033,4,6200,5,10942,0,891,6,1295,3,8780,6,10075,California
Del Norte,2021-06-28,13,18046,6,6206,5,10947,2,893,7,1298,6,8786,9,10084,California
Del Norte,2021-06-29,54,18100,40,6246,12,10959,2,895,19,1284,35,8821,21,10105,California
Del Norte,2021-06-30,35,18135,17,6263,13,10972,5,900,11,1276,24,8845,16,10121,California
Del Norte,2021-07-01,20,18155,7,6270,9,10981,4,904,6,1272,14,8859,10,10131,California
Del Norte,2021-07-02,18,18173,7,6277,10,10991,1,905,6,1267,12,8871,7,10138,California
Del Norte,2021-07-03,1,18174,0,6277,1,10992,0,905,1,1268,0,8871,1,10139,California
El Dorado,2020-12-15,12,12,12,12,0,0,0,0,12,12,0,0,12,12,California
El Dorado,2020-12-16,40,52,40,52,0,0,0,0,40,52,0,0,40,52,California
El Dorado,2020-12-17,33,85,33,85,0,0,0,0,33,85,0,0,33,85,California
El Dorado,2020-12-18,263,348,263,348,0,0,0,0,263,348,0,0,263,348,California
El Dorado,2020-12-19,119,467,119,467,0,0,0,0,119,467,0,0,119,467,California
El Dorado,2020-12-20,87,554,87,554,0,0,0,0,87,554,0,0,87,554,California
El Dorado,2020-12-21,312,866,311,865,1,1,0,0,312,866,0,0,312,866,California
El Dorado,2020-12-22,241,1107,217,1082,24,25,0,0,241,1107,0,0,241,1107,California
El Dorado,2020-12-23,190,1297,141,1223,49,74,0,0,190,1297,0,0,190,1297,California
El Dorado,2020-12-24,87,1384,66,1289,21,95,0,0,87,1384,0,0,87,1384,California
El Dorado,2020-12-25,8,1392,8,1297,0,95,0,0,8,1392,0,0,8,1392,California
El Dorado,2020-12-26,45,1437,27,1324,18,113,0,0,45,1437,0,0,45,1437,California
El Dorado,2020-12-27,38,1475,34,1358,4,117,0,0,38,1475,0,0,38,1475,California
El Dorado,2020-12-28,217,1692,168,1526,49,166,0,0,217,1692,0,0,217,1692,California
El Dorado,2020-12-29,462,2154,145,1671,317,483,0,0,462,2154,0,0,462,2154,California
El Dorado,2020-12-30,510,2664,139,1810,371,854,0,0,510,2664,0,0,510,2664,California
El Dorado,2020-12-31,110,2774,69,1879,41,895,0,0,110,2774,0,0,110,2774,California
El Dorado,2021-01-01,7,2781,4,1883,3,898,0,0,7,2781,0,0,7,2781,California
El Dorado,2021-01-02,155,2936,142,2025,13,911,0,0,155,2936,0,0,155,2936,California
El Dorado,2021-01-03,96,3032,19,2044,77,988,0,0,96,3032,0,0,96,3032,California
El Dorado,2021-01-04,192,3224,61,2105,131,1119,0,0,192,3224,0,0,192,3224,California
El Dorado,2021-01-05,229,3453,73,2178,156,1275,0,0,211,3417,18,18,211,3435,California
El Dorado,2021-01-06,242,3695,168,2346,74,1349,0,0,176,3528,65,83,176,3611,California
El Dorado,2021-01-07,334,4029,137,2483,197,1546,0,0,257,3708,77,160,257,3868,California
El Dorado,2021-01-08,995,5024,514,2997,481,2027,0,0,768,4250,227,387,769,4637,California
El Dorado,2021-01-09,199,5223,161,3158,38,2065,0,0,127,4305,72,459,127,4764,California
El Dorado,2021-01-10,182,5405,133,3291,49,2114,0,0,109,4342,73,532,110,4874,California
El Dorado,2021-01-11,663,6068,294,3585,369,2483,0,0,463,4607,199,731,464,5338,California
El Dorado,2021-01-12,810,6878,427,4012,383,2866,0,0,558,4913,252,983,558,5896,California
El Dorado,2021-01-13,706,7584,301,4313,405,3271,0,0,541,5289,165,1148,541,6437,California
El Dorado,2021-01-14,806,8390,224,4537,582,3853,0,0,708,5900,97,1245,708,7145,California
El Dorado,2021-01-15,797,9187,189,4726,608,4461,0,0,723,6549,74,1319,723,7868,California
El Dorado,2021-01-16,218,9405,104,4830,114,4575,0,0,191,6713,27,1346,191,8059,California
El Dorado,2021-01-17,107,9512,50,4880,57,4632,0,0,89,6784,18,1364,89,8148,California
El Dorado,2021-01-18,427,9939,143,5023,284,4916,0,0,354,7065,73,1437,354,8502,California
El Dorado,2021-01-19,754,10693,452,5475,302,5218,0,0,603,7518,151,1588,604,9106,California
El Dorado,2021-01-20,1014,11707,692,6167,322,5540,0,0,899,8303,114,1702,899,10005,California
El Dorado,2021-01-21,1272,12979,683,6850,589,6129,0,0,1064,9200,167,1869,1064,11069,California
El Dorado,2021-01-22,1246,14225,843,7693,403,6532,0,0,1184,10323,61,1930,1184,12253,California
El Dorado,2021-01-23,884,15109,626,8319,258,6790,0,0,767,10973,117,2047,767,13020,California
El Dorado,2021-01-24,132,15241,80,8399,52,6842,0,0,112,11065,20,2067,112,13132,California
El Dorado,2021-01-25,699,15940,291,8690,408,7250,0,0,611,11588,88,2155,611,13743,California
El Dorado,2021-01-26,686,16626,371,9061,315,7565,0,0,580,12062,106,2261,580,14323,California
El Dorado,2021-01-27,1000,17626,396,9457,604,8169,0,0,661,12383,340,2601,661,14984,California
El Dorado,2021-01-28,1118,18744,455,9912,663,8832,0,0,755,12775,363,2964,755,15739,California
El Dorado,2021-01-29,1047,19791,557,10469,490,9322,0,0,754,13238,292,3256,755,16494,California
El Dorado,2021-01-30,841,20632,293,10762,548,9870,0,0,744,13886,96,3352,744,17238,California
El Dorado,2021-01-31,239,20871,215,10977,24,9894,0,0,184,14015,55,3407,184,17422,California
El Dorado,2021-02-01,805,21676,368,11345,437,10331,0,0,654,14518,151,3558,654,18076,California
El Dorado,2021-02-02,850,22526,369,11714,481,10812,0,0,686,15040,164,3722,686,18762,California
El Dorado,2021-02-03,908,23434,478,12192,430,11242,0,0,695,15522,213,3935,695,19457,California
El Dorado,2021-02-04,1255,24689,710,12902,545,11787,0,0,874,16017,379,4314,874,20331,California
El Dorado,2021-02-05,1506,26195,611,13513,895,12682,0,0,871,16290,598,4912,871,21202,California
El Dorado,2021-02-06,1088,27283,333,13846,755,13437,0,0,978,17159,110,5022,979,22181,California
El Dorado,2021-02-07,264,27547,181,14027,83,13520,0,0,198,17291,66,5088,198,22379,California
El Dorado,2021-02-08,888,28435,420,14447,468,13988,0,0,608,17621,278,5366,608,22987,California
El Dorado,2021-02-09,976,29411,548,14995,428,14416,0,0,543,17731,433,5799,543,23530,California
El Dorado,2021-02-10,1269,30680,743,15738,526,14942,0,0,669,17801,599,6398,669,24199,California
El Dorado,2021-02-11,2171,32851,898,16636,1273,16215,0,0,753,17140,1415,7813,754,24953,California
El Dorado,2021-02-12,1586,34437,833,17469,753,16968,0,0,675,16906,910,8723,676,25629,California
El Dorado,2021-02-13,1261,35698,676,18145,585,17553,0,0,660,16968,598,9321,660,26289,California
El Dorado,2021-02-14,494,36192,158,18303,336,17889,0,0,401,17276,93,9414,401,26690,California
El Dorado,2021-02-15,1180,37372,386,18689,794,18683,0,0,820,17740,360,9774,824,27514,California
El Dorado,2021-02-16,1212,38584,531,19220,681,19364,0,0,671,17872,540,10314,672,28186,California
El Dorado,2021-02-17,959,39543,425,19645,534,19898,0,0,464,17843,495,10809,466,28652,California
El Dorado,2021-02-18,2117,41660,1034,20679,1083,20981,0,0,1077,17882,1038,11847,1077,29729,California
El Dorado,2021-02-19,1240,42900,664,21343,576,21557,0,0,695,18034,543,12390,695,30424,California
El Dorado,2021-02-20,1097,43997,464,21807,633,22190,0,0,686,18316,405,12795,687,31111,California
El Dorado,2021-02-21,371,44368,238,22045,133,22323,0,0,181,18307,190,12985,181,31292,California
El Dorado,2021-02-22,918,45286,457,22502,461,22784,0,0,286,17964,629,13614,286,31578,California
El Dorado,2021-02-23,898,46184,510,23012,388,23172,0,0,364,17796,532,14146,364,31942,California
El Dorado,2021-02-24,1049,47233,452,23464,597,23769,0,0,439,17625,610,14756,439,32381,California
El Dorado,2021-02-25,1928,49161,1152,24616,776,24545,0,0,696,17101,1224,15980,700,33081,California
El Dorado,2021-02-26,2407,51568,1506,26122,901,25446,0,0,1613,17924,790,16770,1613,34694,California
El Dorado,2021-02-27,1743,53311,449,26571,1294,26740,0,0,1294,18772,446,17216,1294,35988,California
El Dorado,2021-02-28,966,54277,230,26801,736,27476,0,0,505,18818,460,17676,506,36494,California
El Dorado,2021-03-01,1167,55444,468,27269,697,28173,2,2,644,18942,522,18198,646,37140,California
El Dorado,2021-03-02,943,56387,273,27542,669,28842,1,3,495,18993,446,18644,497,37637,California
El Dorado,2021-03-03,1765,58152,471,28013,1294,30136,0,3,1205,19648,552,19196,1207,38844,California
El Dorado,2021-03-04,2534,60686,1555,29568,979,31115,0,3,1201,19521,1329,20525,1202,40046,California
El Dorado,2021-03-05,1593,62279,432,30000,1156,32271,5,8,1055,20049,532,21057,1060,41106,California
El Dorado,2021-03-06,747,63026,218,30218,494,32765,35,43,394,20127,351,21408,429,41535,California
El Dorado,2021-03-07,859,63885,198,30416,642,33407,19,62,244,19778,612,22020,263,41798,California
El Dorado,2021-03-08,1347,65232,379,30795,894,34301,74,136,863,20233,480,22500,935,42733,California
El Dorado,2021-03-09,1002,66234,231,31026,702,35003,69,205,597,20509,390,22890,666,43399,California
El Dorado,2021-03-10,980,67214,350,31376,574,35577,56,261,571,20732,403,23293,626,44025,California
El Dorado,2021-03-11,3050,70264,1850,33226,1013,36590,187,448,1291,20471,1736,25029,1475,45500,California
El Dorado,2021-03-12,1812,72076,628,33854,937,37527,247,695,752,20428,1042,26071,999,46499,California
El Dorado,2021-03-13,1141,73217,348,34202,509,38036,284,979,436,20443,702,26773,717,47216,California
El Dorado,2021-03-14,1024,74241,207,34409,706,38742,111,1090,279,20089,744,27517,390,47606,California
El Dorado,2021-03-15,1405,75646,304,34713,975,39717,126,1216,607,20029,794,28311,734,48340,California
El Dorado,2021-03-16,1236,76882,427,35140,665,40382,144,1360,564,20071,667,28978,709,49049,California
El Dorado,2021-03-17,1155,78037,363,35503,694,41076,98,1458,749,20511,405,29383,845,49894,California
El Dorado,2021-03-18,3011,81048,1784,37287,1182,42258,45,1503,1974,21503,1027,30410,2019,51913,California
El Dorado,2021-03-19,1128,82176,364,37651,612,42870,152,1655,628,21784,498,30908,779,52692,California
El Dorado,2021-03-20,1089,83265,273,37924,801,43671,15,1670,504,21730,573,31481,519,53211,California
El Dorado,2021-03-21,1095,84360,424,38348,666,44337,5,1675,909,22461,183,31664,914,54125,California
El Dorado,2021-03-22,1515,85875,494,38842,939,45276,82,1757,1186,23406,323,31987,1268,55393,California
El Dorado,2021-03-23,1160,87035,459,39301,606,45882,95,1852,735,23823,413,32400,830,56223,California
El Dorado,2021-03-24,1468,88503,633,39934,641,46523,194,2046,660,23897,780,33180,854,57077,California
El Dorado,2021-03-25,2526,91029,1691,41625,728,47251,107,2153,1371,24229,1147,34327,1479,58556,California
El Dorado,2021-03-26,1831,92860,698,42323,1021,48272,112,2265,929,24394,877,35204,1042,59598,California
El Dorado,2021-03-27,1506,94366,189,42512,1312,49584,5,2270,496,23891,1004,36208,501,60099,California
El Dorado,2021-03-28,694,95060,182,42694,500,50084,12,2282,170,23553,520,36728,182,60281,California
El Dorado,2021-03-29,1321,96381,434,43128,871,50955,16,2298,824,23899,494,37222,840,61121,California
El Dorado,2021-03-30,1368,97749,416,43544,859,51814,93,2391,682,23994,678,37900,773,61894,California
El Dorado,2021-03-31,1572,99321,589,44133,917,52731,66,2457,658,23804,911,38811,721,62615,California
El Dorado,2021-04-01,3248,102569,1775,45908,1390,54121,83,2540,1541,23726,1703,40514,1625,64240,California
El Dorado,2021-04-02,1902,104471,565,46473,1240,55361,97,2637,749,23425,1147,41661,846,65086,California
El Dorado,2021-04-03,752,105223,298,46771,333,55694,121,2758,228,23253,520,42181,348,65434,California
El Dorado,2021-04-04,274,105497,85,46856,141,55835,48,2806,98,23224,175,42356,146,65580,California
El Dorado,2021-04-05,1424,106921,424,47280,906,56741,94,2900,591,23083,825,43181,684,66264,California
El Dorado,2021-04-06,1415,108336,525,47805,670,57411,220,3120,441,22772,969,44150,658,66922,California
El Dorado,2021-04-07,1593,109929,559,48364,583,57994,451,3571,545,22720,1045,45195,993,67915,California
El Dorado,2021-04-08,2697,112626,1729,50093,731,58725,237,3808,1114,22495,1574,46769,1349,69264,California
El Dorado,2021-04-09,1449,114075,458,50551,769,59494,222,4030,570,22407,876,47645,788,70052,California
El Dorado,2021-04-10,1016,115091,229,50780,675,60169,112,4142,660,22826,352,47997,771,70823,California
El Dorado,2021-04-11,773,115864,454,51234,303,60472,16,4158,206,22482,566,48563,222,71045,California
El Dorado,2021-04-12,1287,117151,501,51735,638,61110,148,4306,560,22469,720,49283,707,71752,California
El Dorado,2021-04-13,1123,118274,611,52346,512,61622,0,4306,507,22364,612,49895,507,72259,California
El Dorado,2021-04-14,1103,119377,468,52814,634,62256,1,4307,378,22034,709,50604,379,72638,California
El Dorado,2021-04-15,2524,121901,1696,54510,828,63084,0,4307,961,21438,1558,52162,962,73600,California
El Dorado,2021-04-16,1473,123374,522,55032,951,64035,0,4307,608,21187,860,53022,609,74209,California
El Dorado,2021-04-17,1011,124385,203,55235,807,64842,1,4308,709,21597,299,53321,709,74918,California
El Dorado,2021-04-18,1209,125594,120,55355,1089,65931,0,4308,426,21242,781,54102,426,75344,California
El Dorado,2021-04-19,1739,127333,444,55799,1295,67226,0,4308,698,20905,1035,55137,698,76042,California
El Dorado,2021-04-20,1152,128485,399,56198,753,67979,0,4308,478,20715,669,55806,479,76521,California
El Dorado,2021-04-21,1240,129725,536,56734,700,68679,4,4312,637,20759,595,56401,639,77160,California
El Dorado,2021-04-22,2581,132306,1713,58447,868,69547,0,4312,1073,20329,1504,57905,1074,78234,California
El Dorado,2021-04-23,1435,133741,521,58968,914,70461,0,4312,726,20351,706,58611,728,78962,California
El Dorado,2021-04-24,1044,134785,521,59489,523,70984,0,4312,805,20919,237,58848,805,79767,California
El Dorado,2021-04-25,832,135617,450,59939,382,71366,0,4312,475,21037,357,59205,475,80242,California
El Dorado,2021-04-26,1205,136822,495,60434,693,72059,17,4329,566,20985,634,59839,582,80824,California
El Dorado,2021-04-27,1138,137960,432,60866,668,72727,38,4367,509,20910,622,60461,547,81371,California
El Dorado,2021-04-28,1086,139046,375,61241,671,73398,40,4407,441,20748,643,61104,481,81852,California
El Dorado,2021-04-29,2007,141053,1379,62620,596,73994,32,4439,599,19974,1405,62509,631,82483,California
El Dorado,2021-04-30,2154,143207,1366,63986,747,74741,41,4480,1378,20630,762,63271,1418,83901,California
El Dorado,2021-05-01,621,143828,285,64271,308,75049,28,4508,278,20600,336,63607,306,84207,California
El Dorado,2021-05-02,301,144129,214,64485,58,75107,29,4537,100,20530,198,63805,128,84335,California
El Dorado,2021-05-03,825,144954,403,64888,372,75479,50,4587,281,20322,540,64345,332,84667,California
El Dorado,2021-05-04,916,145870,462,65350,394,75873,60,4647,328,20126,584,64929,388,85055,California
El Dorado,2021-05-05,904,146774,451,65801,379,76252,74,4721,436,20170,466,65395,510,85565,California
El Dorado,2021-05-06,1140,147914,504,66305,588,76840,48,4769,486,20052,648,66043,530,86095,California
El Dorado,2021-05-07,994,148908,389,66694,546,77386,59,4828,403,19922,591,66634,461,86556,California
El Dorado,2021-05-08,676,149584,155,66849,484,77870,37,4865,208,19702,465,67099,245,86801,California
El Dorado,2021-05-09,232,149816,93,66942,112,77982,27,4892,102,19702,129,67228,129,86930,California
El Dorado,2021-05-10,829,150645,276,67218,495,78477,58,4950,241,19421,578,67806,297,87227,California
El Dorado,2021-05-11,697,151342,310,67528,325,78802,62,5012,283,19356,411,68217,346,87573,California
El Dorado,2021-05-12,655,151997,346,67874,268,79070,41,5053,251,19245,404,68621,293,87866,California
El Dorado,2021-05-13,1263,153260,797,68671,426,79496,40,5093,469,18965,788,69409,508,88374,California
El Dorado,2021-05-14,1411,154671,814,69485,513,80009,84,5177,667,18977,739,70148,751,89125,California
El Dorado,2021-05-15,908,155579,561,70046,291,80300,56,5233,322,18769,586,70734,378,89503,California
El Dorado,2021-05-16,873,156452,464,70510,383,80683,26,5259,235,18393,637,71371,261,89764,California
El Dorado,2021-05-17,1581,158033,669,71179,863,81546,49,5308,560,17984,1017,72388,608,90372,California
El Dorado,2021-05-18,1030,159063,517,71696,459,82005,54,5362,438,17885,591,72979,492,90864,California
El Dorado,2021-05-19,820,159883,333,72029,435,82440,52,5414,307,17737,506,73485,358,91222,California
El Dorado,2021-05-20,1184,161067,660,72689,449,82889,75,5489,443,17514,739,74224,516,91738,California
El Dorado,2021-05-21,2339,163406,1749,74438,548,83437,42,5531,812,16845,1523,75747,854,92592,California
El Dorado,2021-05-22,708,164114,207,74645,465,83902,36,5567,223,16620,484,76231,259,92851,California
El Dorado,2021-05-23,381,164495,134,74779,218,84120,29,5596,94,16458,285,76516,123,92974,California
El Dorado,2021-05-24,883,165378,456,75235,358,84478,69,5665,308,16262,571,77087,375,93349,California
El Dorado,2021-05-25,609,165987,255,75490,318,84796,36,5701,221,16133,385,77472,256,93605,California
El Dorado,2021-05-26,811,166798,400,75890,387,85183,24,5725,279,15906,530,78002,303,93908,California
El Dorado,2021-05-27,623,167421,245,76135,343,85526,35,5760,311,15940,311,78313,345,94253,California
El Dorado,2021-05-28,729,168150,256,76391,409,85935,64,5824,304,15886,422,78735,368,94621,California
El Dorado,2021-05-29,394,168544,114,76505,264,86199,16,5840,174,15856,220,78955,190,94811,California
El Dorado,2021-05-30,172,168716,100,76605,58,86257,14,5854,81,15861,90,79045,95,94906,California
El Dorado,2021-05-31,37,168753,12,76617,14,86271,11,5865,8,15851,29,79074,19,94925,California
El Dorado,2021-06-01,680,169433,293,76910,347,86618,40,5905,231,15676,446,79520,271,95196,California
El Dorado,2021-06-02,631,170064,301,77211,280,86898,50,5955,259,15615,370,79890,309,95505,California
El Dorado,2021-06-03,728,170792,339,77550,346,87244,43,5998,175,15280,553,80443,218,95723,California
El Dorado,2021-06-04,885,171677,527,78077,324,87568,34,6032,186,14803,697,81140,220,95943,California
El Dorado,2021-06-05,389,172066,225,78302,152,87720,12,6044,83,14593,305,81445,95,96038,California
El Dorado,2021-06-06,281,172347,196,78498,69,87789,16,6060,52,14432,228,81673,67,96105,California
El Dorado,2021-06-07,787,173134,489,78987,258,88047,40,6100,172,14037,607,82280,212,96317,California
El Dorado,2021-06-08,634,173768,385,79372,216,88263,33,6133,131,13700,500,82780,163,96480,California
El Dorado,2021-06-09,467,174235,279,79651,162,88425,26,6159,112,13483,355,83135,138,96618,California
El Dorado,2021-06-10,587,174822,365,80016,191,88616,31,6190,159,13247,426,83561,190,96808,California
El Dorado,2021-06-11,657,175479,394,80410,219,88835,44,6234,130,12895,526,84087,174,96982,California
El Dorado,2021-06-12,262,175741,154,80564,89,88924,19,6253,61,12775,200,84287,80,97062,California
El Dorado,2021-06-13,162,175903,89,80653,55,88979,18,6271,33,12698,128,84415,51,97113,California
El Dorado,2021-06-14,514,176417,361,81014,123,89102,30,6301,136,12486,378,84793,166,97279,California
El Dorado,2021-06-15,449,176866,239,81253,173,89275,37,6338,126,12329,320,85113,163,97442,California
El Dorado,2021-06-16,508,177374,359,81612,109,89384,40,6378,131,12124,376,85489,171,97613,California
El Dorado,2021-06-17,435,177809,266,81878,136,89520,33,6411,139,12002,295,85784,173,97786,California
El Dorado,2021-06-18,397,178206,253,82131,109,89629,35,6446,118,11877,278,86062,153,97939,California
El Dorado,2021-06-19,248,178454,154,82285,80,89709,14,6460,91,11826,156,86218,105,98044,California
El Dorado,2021-06-20,123,178577,89,82374,28,89737,6,6466,52,11813,71,86289,58,98102,California
El Dorado,2021-06-21,319,178896,164,82538,129,89866,26,6492,124,11770,193,86482,150,98252,California
El Dorado,2021-06-22,395,179291,259,82797,114,89980,22,6514,133,11664,261,86743,155,98407,California
El Dorado,2021-06-23,422,179713,290,83087,110,90090,22,6536,138,11542,282,87025,160,98567,California
El Dorado,2021-06-24,391,180104,241,83328,136,90226,14,6550,144,11453,247,87272,158,98725,California
El Dorado,2021-06-25,352,180456,214,83542,100,90326,38,6588,144,11432,203,87475,182,98907,California
El Dorado,2021-06-26,208,180664,122,83664,71,90397,15,6603,69,11379,138,87613,85,98992,California
El Dorado,2021-06-27,115,180779,80,83744,29,90426,6,6609,51,11372,64,87677,57,99049,California
El Dorado,2021-06-28,303,181082,214,83958,63,90489,26,6635,132,11360,170,87847,158,99207,California
El Dorado,2021-06-29,292,181374,168,84126,102,90591,22,6657,115,11322,175,88022,137,99344,California
El Dorado,2021-06-30,247,181621,175,84301,60,90651,12,6669,121,11330,125,88147,133,99477,California
El Dorado,2021-07-01,234,181855,136,84437,83,90734,15,6684,89,11288,145,88292,103,99580,California
El Dorado,2021-07-02,256,182111,162,84599,70,90804,24,6708,110,11277,145,88437,134,99714,California
El Dorado,2021-07-03,58,182169,41,84640,12,90816,5,6713,23,11270,35,88472,28,99742,California
Fresno,2020-12-15,2,2,2,2,0,0,0,0,2,2,0,0,2,2,California
Fresno,2020-12-16,124,126,124,126,0,0,0,0,124,126,0,0,124,126,California
Fresno,2020-12-17,123,249,123,249,0,0,0,0,123,249,0,0,123,249,California
Fresno,2020-12-18,350,599,350,599,0,0,0,0,350,599,0,0,350,599,California
Fresno,2020-12-19,161,760,161,760,0,0,0,0,161,760,0,0,161,760,California
Fresno,2020-12-20,256,1016,254,1014,2,2,0,0,256,1016,0,0,256,1016,California
Fresno,2020-12-21,929,1945,927,1941,2,4,0,0,958,1974,0,0,958,1974,California
Fresno,2020-12-22,907,2852,875,2816,32,36,0,0,911,2885,0,0,911,2885,California
Fresno,2020-12-23,1090,3942,1046,3862,44,80,0,0,1091,3976,0,0,1091,3976,California
Fresno,2020-12-24,590,4532,564,4426,26,106,0,0,590,4566,0,0,590,4566,California
Fresno,2020-12-25,3,4535,1,4427,2,108,0,0,3,4569,0,0,3,4569,California
Fresno,2020-12-26,723,5258,714,5141,9,117,0,0,723,5292,0,0,723,5292,California
Fresno,2020-12-27,306,5564,210,5351,96,213,0,0,306,5598,0,0,306,5598,California
Fresno,2020-12-28,1095,6659,801,6152,294,507,0,0,1096,6694,0,0,1096,6694,California
Fresno,2020-12-29,1765,8424,999,7151,766,1273,0,0,1763,8456,1,1,1763,8457,California
Fresno,2020-12-30,984,9408,443,7594,541,1814,0,0,984,9440,0,1,984,9441,California
Fresno,2020-12-31,928,10336,310,7904,618,2432,0,0,927,10367,0,1,927,10368,California
Fresno,2021-01-01,10,10346,3,7907,7,2439,0,0,10,10377,0,1,10,10378,California
Fresno,2021-01-02,1026,11372,712,8619,314,2753,0,0,1026,11403,0,1,1026,11404,California
Fresno,2021-01-03,155,11527,129,8748,26,2779,0,0,155,11558,0,1,155,11559,California
Fresno,2021-01-04,623,12150,376,9124,247,3026,0,0,623,12181,0,1,623,12182,California
Fresno,2021-01-05,786,12936,312,9436,474,3500,0,0,712,12819,74,75,712,12894,California
Fresno,2021-01-06,995,13931,351,9787,644,4144,0,0,821,13466,174,249,821,13715,California
Fresno,2021-01-07,1902,15833,918,10705,984,5128,0,0,1647,14861,255,504,1650,15365,California
Fresno,2021-01-08,1796,17629,615,11320,1181,6309,0,0,1430,15928,364,868,1431,16796,California
Fresno,2021-01-09,635,18264,390,11710,245,6554,0,0,357,16007,278,1146,357,17153,California
Fresno,2021-01-10,517,18781,487,12197,30,6584,0,0,204,15898,313,1459,204,17357,California
Fresno,2021-01-11,2228,21009,1810,14007,418,7002,0,0,1533,16740,695,2154,1537,18894,California
Fresno,2021-01-12,2541,23550,1831,15838,710,7712,0,0,1690,17579,853,3007,1692,20586,California
Fresno,2021-01-13,3570,27120,2437,18275,1133,8845,0,0,2715,19441,856,3863,2718,23304,California
Fresno,2021-01-14,4166,31286,2200,20475,1966,10811,0,0,3694,22664,471,4334,3694,26998,California
Fresno,2021-01-15,3681,34967,2542,23017,1139,11950,0,0,3321,25629,360,4694,3325,30323,California
Fresno,2021-01-16,3159,38126,2314,25331,845,12795,0,0,2689,27850,470,5164,2691,33014,California
Fresno,2021-01-17,979,39105,557,25888,422,13217,0,0,779,28429,200,5364,779,33793,California
Fresno,2021-01-18,3093,42198,2378,28266,715,13932,0,0,2436,30212,655,6019,2438,36231,California
Fresno,2021-01-19,4355,46553,2551,30817,1804,15736,0,0,3696,33253,659,6678,3700,39931,California
Fresno,2021-01-20,3056,49609,1227,32044,1829,17565,0,0,2741,35685,312,6990,2744,42675,California
Fresno,2021-01-21,4446,54055,2079,34123,2367,19932,0,0,4082,39432,341,7331,4088,46763,California
Fresno,2021-01-22,3335,57390,1356,35479,1979,21911,0,0,2947,42009,371,7702,2948,49711,California
Fresno,2021-01-23,3066,60456,1982,37461,1084,22995,0,0,2343,43635,722,8424,2348,52059,California
Fresno,2021-01-24,557,61013,376,37837,181,23176,0,0,350,43780,207,8631,352,52411,California
Fresno,2021-01-25,2446,63459,868,38705,1578,24754,0,0,1867,45071,579,9210,1870,54281,California
Fresno,2021-01-26,2099,65558,597,39302,1502,26256,0,0,1330,45635,767,9977,1331,55612,California
Fresno,2021-01-27,2425,67983,1251,40553,1174,27430,0,0,1744,46713,676,10653,1754,57366,California
Fresno,2021-01-28,4580,72563,3070,43623,1510,28940,0,0,3478,49096,1098,11751,3481,60847,California
Fresno,2021-01-29,1682,74245,950,44573,732,29672,0,0,1376,50172,301,12052,1377,62224,California
Fresno,2021-01-30,1451,75696,545,45118,906,30578,0,0,1034,50789,417,12469,1034,63258,California
Fresno,2021-01-31,226,75922,215,45333,11,30589,0,0,72,50707,154,12623,72,63330,California
Fresno,2021-02-01,3367,79289,1669,47002,1698,32287,0,0,1776,50903,1590,14213,1786,65116,California
Fresno,2021-02-02,2745,82034,562,47564,2183,34470,0,0,1582,51352,1148,15361,1597,66713,California
Fresno,2021-02-03,3583,85617,2115,49679,1468,35938,0,0,1547,50877,2023,17384,1548,68261,California
Fresno,2021-02-04,4225,89842,1911,51590,2314,38252,0,0,1933,50553,2262,19646,1938,70199,California
Fresno,2021-02-05,5373,95215,2742,54332,2631,40883,0,0,2312,49813,3056,22702,2316,72515,California
Fresno,2021-02-06,2944,98159,2049,56381,895,41778,0,0,973,48825,1962,24664,974,73489,California
Fresno,2021-02-07,470,98629,288,56669,182,41960,0,0,272,48900,197,24861,272,73761,California
Fresno,2021-02-08,4295,102924,2303,58972,1992,43952,0,0,1808,48243,2474,27335,1817,75578,California
Fresno,2021-02-09,5356,108280,2085,61057,3271,47223,0,0,3129,49231,2150,29485,3138,78716,California
Fresno,2021-02-10,3916,112196,1239,62296,2677,49900,0,0,1983,49347,1879,31364,1995,80711,California
Fresno,2021-02-11,6476,118672,2097,64393,4379,54279,0,0,3321,49537,3136,34500,3326,84037,California
Fresno,2021-02-12,5448,124120,1390,65783,4058,58337,0,0,2738,49592,2692,37192,2747,86784,California
Fresno,2021-02-13,3772,127892,1572,67355,2200,60537,0,0,2090,50016,1671,38863,2095,88879,California
Fresno,2021-02-14,1581,129473,289,67644,1292,61829,0,0,848,50134,732,39595,850,89729,California
Fresno,2021-02-15,2909,132382,272,67916,2637,64466,0,0,1801,50835,1104,40699,1805,91534,California
Fresno,2021-02-16,6752,139134,2420,70336,4332,68798,0,0,4257,52623,2475,43174,4263,95797,California
Fresno,2021-02-17,5382,144516,2484,72820,2898,71696,0,0,2991,53273,2345,45519,2995,98792,California
Fresno,2021-02-18,6940,151456,2931,75751,4009,75705,0,0,2595,51579,4300,49819,2606,101398,California
Fresno,2021-02-19,3973,155429,1130,76881,2843,78548,0,0,1841,51303,2120,51939,1844,103242,California
Fresno,2021-02-20,4629,160058,2532,79413,2097,80645,0,0,3109,52904,1514,53453,3115,106357,California
Fresno,2021-02-21,202,160260,182,79595,20,80665,0,0,133,52982,55,53508,133,106490,California
Fresno,2021-02-22,2330,162590,1043,80638,1287,81952,0,0,1270,53205,1049,54557,1272,107762,California
Fresno,2021-02-23,4727,167317,2280,82918,2447,84399,0,0,3837,56166,878,55435,3839,111601,California
Fresno,2021-02-24,4254,171571,1511,84429,2743,87142,0,0,3489,58904,753,56188,3491,115092,California
Fresno,2021-02-25,8738,180309,3761,88190,4977,92119,0,0,7235,64709,1439,57627,7244,122336,California
Fresno,2021-02-26,9069,189378,3717,91907,5352,97471,0,0,7737,71146,1306,58933,7743,130079,California
Fresno,2021-02-27,7300,196678,3165,95072,4134,101605,1,1,6582,77030,703,59636,6587,136666,California
Fresno,2021-02-28,1663,198341,540,95612,1123,102728,0,1,1569,78519,81,59717,1570,138236,California
Fresno,2021-03-01,5123,203464,1330,96942,3793,106521,0,1,3699,80815,1407,61124,3703,141939,California
Fresno,2021-03-02,9891,213355,3394,100336,6497,113018,0,1,8500,87974,1366,62490,8525,150464,California
Fresno,2021-03-03,7086,220441,1787,102123,5298,118316,1,2,6062,93140,1011,63501,6177,156641,California
Fresno,2021-03-04,10478,230919,4133,106256,6345,124661,0,2,8726,100152,1724,65225,8736,165377,California
Fresno,2021-03-05,9378,240297,3643,109899,5733,130394,2,4,8073,107129,1173,66398,8150,173527,California
Fresno,2021-03-06,7025,247322,3953,113852,2954,133348,118,122,6023,112281,994,67392,6146,179673,California
Fresno,2021-03-07,1496,248818,681,114533,778,134126,37,159,1265,113356,228,67620,1303,180976,California
Fresno,2021-03-08,5350,254168,2064,116597,3135,137261,151,310,4051,116284,1286,68906,4214,185190,California
Fresno,2021-03-09,8673,262841,3807,120404,4594,141855,272,582,4662,117263,3990,72896,4969,190159,California
Fresno,2021-03-10,6926,269767,2880,123284,3656,145511,390,972,5411,121566,1506,74402,5809,195968,California
Fresno,2021-03-11,11635,281402,4594,127878,6490,152001,551,1523,6325,123236,5283,79685,6953,202921,California
Fresno,2021-03-12,12091,293493,5151,133029,6513,158514,427,1950,9085,129903,2985,82670,9652,212573,California
Fresno,2021-03-13,8362,301855,4070,137099,3279,161793,1013,2963,4029,130711,4311,86981,5119,217692,California
Fresno,2021-03-14,1781,303636,484,137583,1008,162801,289,3252,672,130574,1098,88079,961,218653,California
Fresno,2021-03-15,7148,310784,3180,140763,3791,166592,177,3429,4933,133687,2200,90279,5313,223966,California
Fresno,2021-03-16,10245,321029,4548,145311,5303,171895,394,3823,5430,134827,4782,95061,5922,229888,California
Fresno,2021-03-17,8750,329779,4002,149313,4046,175941,702,4525,5914,139039,2812,97873,7024,236912,California
Fresno,2021-03-18,12560,342339,6799,156112,5084,181025,677,5202,7038,141778,5471,103344,8210,245122,California
Fresno,2021-03-19,11289,353628,5963,162075,4703,185728,623,5825,6925,145374,4330,107674,7926,253048,California
Fresno,2021-03-20,7646,361274,4617,166692,2704,188432,325,6150,3759,145922,3856,111530,4404,257452,California
Fresno,2021-03-21,1868,363142,1275,167967,213,188645,380,6530,1022,146488,838,112368,1404,258856,California
Fresno,2021-03-22,5715,368857,2934,170901,2183,190828,598,7128,3812,149255,1884,114252,4651,263507,California
Fresno,2021-03-23,10653,379510,5331,176232,4822,195650,500,7628,5103,149779,5526,119778,6050,269557,California
Fresno,2021-03-24,8903,388413,3855,180087,4214,199864,834,8462,4967,151735,3898,123676,5854,275411,California
Fresno,2021-03-25,12231,400644,5690,185777,5736,205600,805,9267,4750,149940,7431,131107,5636,281047,California
Fresno,2021-03-26,12265,412909,5471,191248,6147,211747,647,9914,4447,147301,7758,138865,5119,286166,California
Fresno,2021-03-27,10144,423053,4857,196105,4199,215946,1088,11002,2972,144234,7132,145997,4065,290231,California
Fresno,2021-03-28,3423,426476,1323,197428,1407,217353,693,11695,1117,144194,2298,148295,2258,292489,California
Fresno,2021-03-29,6005,432481,2016,199444,3449,220802,540,12235,2896,144564,3080,151375,3450,295939,California
Fresno,2021-03-30,11023,443504,4277,203721,5847,226649,899,13134,3826,142126,7164,158539,4726,300665,California
Fresno,2021-03-31,9740,453244,3397,207118,5342,231991,1001,14135,3664,140756,6028,164567,4658,305323,California
Fresno,2021-04-01,12252,465496,4225,211343,7154,239145,873,15008,4050,137539,8095,172662,4878,310201,California
Fresno,2021-04-02,12129,477625,4642,215985,6689,245834,798,15806,4275,134926,7690,180352,5077,315278,California
Fresno,2021-04-03,6423,484048,3529,219514,2630,248464,264,16070,2143,133108,4261,184613,2443,317721,California
Fresno,2021-04-04,1499,485547,538,220052,915,249379,46,16116,544,132753,945,185558,590,318311,California
Fresno,2021-04-05,8348,493895,4478,224530,3067,252446,803,16919,2440,130176,5890,191448,3313,321624,California
Fresno,2021-04-06,9657,503552,4047,228577,4417,256863,1193,18112,3553,128874,6064,197512,4762,326386,California
Fresno,2021-04-07,10649,514201,5515,234092,3917,260780,1217,19329,3541,126594,7063,204575,4783,331169,California
Fresno,2021-04-08,10993,525194,5184,239276,4644,265424,1165,20494,3454,123764,7487,212062,4657,335826,California
Fresno,2021-04-09,11736,536930,5465,244741,4866,270290,1405,21899,3683,120867,8004,220066,5107,340933,California
Fresno,2021-04-10,7936,544866,5174,249915,2234,272524,528,22427,3686,120848,4231,224297,4212,345145,California
Fresno,2021-04-11,1404,546270,939,250854,373,272897,92,22519,448,120438,951,225248,541,345686,California
Fresno,2021-04-12,7574,553844,4096,254950,2544,275441,934,23453,2414,118656,5128,230376,3346,349032,California
Fresno,2021-04-13,9046,562890,4321,259271,4654,280095,71,23524,3522,116858,5485,235861,3687,352719,California
Fresno,2021-04-14,9762,572652,5812,265083,3949,284044,1,23525,3789,114766,5929,241790,3837,356556,California
Fresno,2021-04-15,8531,581183,4246,269329,4282,288326,3,23528,3198,112668,5302,247092,3204,359760,California
Fresno,2021-04-16,9631,590814,4675,274004,4954,293280,2,23530,3913,110912,5676,252768,3920,363680,California
Fresno,2021-04-17,5671,596485,3791,277795,1880,295160,0,23530,2696,110658,2952,255720,2698,366378,California
Fresno,2021-04-18,1159,597644,683,278478,476,295636,0,23530,519,110542,635,256355,519,366897,California
Fresno,2021-04-19,5802,603446,3229,281707,2570,298206,3,23533,2264,109315,3497,259852,2270,369167,California
Fresno,2021-04-20,7227,610673,3693,285400,3526,301732,8,23541,2699,107522,4500,264352,2707,371874,California
Fresno,2021-04-21,7051,617724,4173,289573,2869,304601,9,23550,2892,106309,4117,268469,2904,374778,California
Fresno,2021-04-22,6572,624296,3349,292922,3222,307823,1,23551,2414,104631,4096,272565,2418,377196,California
Fresno,2021-04-23,7347,631643,4041,296963,3289,311112,17,23568,2803,102983,4456,277021,2808,380004,California
Fresno,2021-04-24,4173,635816,2489,299452,1684,312796,0,23568,1916,102655,2244,279265,1916,381920,California
Fresno,2021-04-25,1369,637185,552,300004,814,313610,3,23571,684,102663,679,279944,687,382607,California
Fresno,2021-04-26,4320,641505,2218,302222,2057,315667,45,23616,1823,102066,2465,282409,1868,384475,California
Fresno,2021-04-27,4933,646438,2530,304752,2277,317944,126,23742,1939,101159,2971,285380,2064,386539,California
Fresno,2021-04-28,4917,651355,2810,307562,1977,319921,130,23872,2064,100526,2828,288208,2195,388734,California
Fresno,2021-04-29,4910,656265,2761,310323,2009,321930,140,24012,1880,99545,2999,291207,2018,390752,California
Fresno,2021-04-30,5523,661788,3388,313711,2001,323931,134,24146,2217,98620,3275,294482,2350,393102,California
Fresno,2021-05-01,4201,665989,3468,317179,593,324524,140,24286,1234,97046,2946,297428,1372,394474,California
Fresno,2021-05-02,1251,667240,775,317954,425,324949,51,24337,615,97086,624,298052,664,395138,California
Fresno,2021-05-03,4054,671294,2703,320657,1158,326107,193,24530,1308,95864,2717,300769,1495,396633,California
Fresno,2021-05-04,4947,676241,2611,323268,2184,328291,152,24682,1573,94245,3346,304115,1727,398360,California
Fresno,2021-05-05,5367,681608,3408,326676,1731,330022,228,24910,1691,92510,3651,307766,1916,400276,California
Fresno,2021-05-06,4491,686099,2899,329575,1488,331510,104,25014,1560,91275,2899,310665,1664,401940,California
Fresno,2021-05-07,5090,691189,3359,332934,1564,333074,167,25181,1578,89528,3488,314153,1741,403681,California
Fresno,2021-05-08,4063,695252,2650,335584,1265,334339,148,25329,1253,88145,2785,316938,1402,405083,California
Fresno,2021-05-09,721,695973,393,335977,285,334624,43,25372,349,88171,366,317304,392,405475,California
Fresno,2021-05-10,2980,698953,1590,337567,1249,335873,141,25513,932,87207,2037,319341,1073,406548,California
Fresno,2021-05-11,3892,702845,2076,339643,1720,337593,96,25609,1257,85940,2620,321961,1353,407901,California
Fresno,2021-05-12,4151,706996,2712,342355,1275,338868,164,25773,1401,84782,2723,324684,1565,409466,California
Fresno,2021-05-13,4183,711179,2449,344804,1629,340497,105,25878,1858,84461,2285,326969,1964,411430,California
Fresno,2021-05-14,5112,716291,3079,347883,1849,342346,184,26062,2155,83877,2924,329893,2340,413770,California
Fresno,2021-05-15,3641,719932,2732,350615,778,343124,131,26193,1864,84105,1765,331658,1993,415763,California
Fresno,2021-05-16,1583,721515,1084,351699,465,343589,34,26227,919,84401,658,332316,954,416717,California
Fresno,2021-05-17,4183,725698,2829,354528,1191,344780,163,26390,2222,84852,1932,334248,2383,419100,California
Fresno,2021-05-18,4130,729828,2553,357081,1421,346201,156,26546,2080,85059,2026,336274,2233,421333,California
Fresno,2021-05-19,4358,734186,2768,359849,1413,347614,177,26723,2057,85015,2277,338551,2233,423566,California
Fresno,2021-05-20,4117,738303,2459,362308,1470,349084,188,26911,1873,84848,2226,340777,2059,425625,California
Fresno,2021-05-21,4614,742917,3022,365330,1497,350581,95,27006,2069,84496,2514,343291,2162,427787,California
Fresno,2021-05-22,3945,746862,2928,368258,844,351425,173,27179,2268,85276,1660,344951,2440,430227,California
Fresno,2021-05-23,961,747823,628,368886,303,351728,30,27209,474,85303,477,345428,504,430731,California
Fresno,2021-05-24,3307,751130,2101,370987,1091,352819,115,27324,1529,85194,1753,347181,1644,432375,California
Fresno,2021-05-25,3218,754348,1929,372916,1163,353982,126,27450,1348,84811,1856,349037,1473,433848,California
Fresno,2021-05-26,3254,757602,2147,375063,1000,354982,107,27557,1574,84832,1659,350696,1680,435528,California
Fresno,2021-05-27,3152,760754,1914,376977,1131,356113,107,27664,1315,84443,1812,352508,1423,436951,California
Fresno,2021-05-28,3445,764199,2216,379193,1134,357247,95,27759,1871,84859,1551,354059,1967,438918,California
Fresno,2021-05-29,2281,766480,1662,380855,549,357796,70,27829,1191,85041,1080,355139,1262,440180,California
Fresno,2021-05-30,893,767373,535,381390,322,358118,36,27865,413,85028,461,355600,448,440628,California
Fresno,2021-05-31,317,767690,158,381548,147,358265,12,27877,133,84992,179,355779,143,440771,California
Fresno,2021-06-01,3022,770712,1818,383366,1107,359372,97,27974,1141,84371,1858,357637,1237,442008,California
Fresno,2021-06-02,2672,773384,1721,385087,861,360233,90,28064,1063,83947,1579,359216,1155,443163,California
Fresno,2021-06-03,2965,776349,2034,387121,829,361062,102,28166,1108,83320,1835,361051,1208,444371,California
Fresno,2021-06-04,3242,779591,2350,389471,791,361853,101,28267,1068,82340,2150,363201,1170,445541,California
Fresno,2021-06-05,3126,782717,2312,391783,693,362546,121,28388,1225,81811,1873,365074,1344,446885,California
Fresno,2021-06-06,1178,783895,936,392719,204,362750,38,28426,346,81368,827,365901,384,447269,California
Fresno,2021-06-07,3094,786989,2428,395147,575,363325,91,28517,888,80163,2184,368085,979,448248,California
Fresno,2021-06-08,2766,789755,2038,397185,646,363971,82,28599,808,79106,1946,370031,889,449137,California
Fresno,2021-06-09,2945,792700,2198,399383,656,364627,91,28690,971,78212,1955,371986,1061,450198,California
Fresno,2021-06-10,2661,795361,1931,401314,660,365287,70,28760,919,77479,1721,373707,988,451186,California
Fresno,2021-06-11,3161,798522,2219,403533,832,366119,110,28870,1165,76795,1959,375666,1275,452461,California
Fresno,2021-06-12,2902,801424,2294,405827,443,366562,165,29035,774,75614,2115,377781,934,453395,California
Fresno,2021-06-13,714,802138,463,406290,234,366796,17,29052,195,75312,514,378295,212,453607,California
Fresno,2021-06-14,2506,804644,1824,408114,554,367350,128,29180,947,74847,1538,379833,1073,454680,California
Fresno,2021-06-15,2369,807013,1700,409814,593,367943,76,29256,931,74434,1419,381252,1006,455686,California
Fresno,2021-06-16,2634,809647,1890,411704,631,368574,113,29369,1038,74000,1583,382835,1149,456835,California
Fresno,2021-06-17,2260,811907,1579,413283,587,369161,94,29463,951,73748,1295,384130,1043,457878,California
Fresno,2021-06-18,3002,814909,2156,415439,729,369890,117,29580,1186,73254,1798,385928,1304,459182,California
Fresno,2021-06-19,1691,816600,1249,416688,365,370255,77,29657,582,72806,1105,387033,657,459839,California
Fresno,2021-06-20,499,817099,353,417041,135,370390,11,29668,192,72707,302,387335,203,460042,California
Fresno,2021-06-21,1624,818723,1083,418124,476,370866,65,29733,936,73034,674,388009,1001,461043,California
Fresno,2021-06-22,2170,820893,1500,419624,560,371426,110,29843,1004,72993,1152,389161,1111,462154,California
Fresno,2021-06-23,2056,822949,1472,421096,516,371942,68,29911,1010,73040,1029,390190,1076,463230,California
Fresno,2021-06-24,1997,824946,1411,422507,510,372452,76,29987,889,72913,1091,391281,964,464194,California
Fresno,2021-06-25,2058,827004,1440,423947,537,372989,81,30068,979,72911,1062,392343,1060,465254,California
Fresno,2021-06-26,1835,828839,1422,425369,313,373302,100,30168,716,72615,1112,393455,816,466070,California
Fresno,2021-06-27,914,829753,677,426046,138,373440,99,30267,466,72733,444,393899,562,466632,California
Fresno,2021-06-28,1606,831359,1223,427269,288,373728,95,30362,710,72650,885,394784,802,467434,California
Fresno,2021-06-29,1778,833137,1181,428450,520,374248,77,30439,799,72555,970,395754,875,468309,California
Fresno,2021-06-30,1706,834843,1159,429609,458,374706,89,30528,739,72433,951,396705,829,469138,California
Fresno,2021-07-01,1569,836412,1134,430743,366,375072,69,30597,693,72332,861,397566,760,469898,California
Fresno,2021-07-02,1672,838084,1195,431938,410,375482,67,30664,793,72321,870,398436,859,470757,California
Fresno,2021-07-03,639,838723,447,432385,164,375646,28,30692,290,72296,343,398779,318,471075,California
Glenn,2020-12-17,1,1,1,1,0,0,0,0,1,1,0,0,1,1,California
Glenn,2020-12-19,1,2,1,2,0,0,0,0,1,2,0,0,1,2,California
Glenn,2020-12-20,1,3,1,3,0,0,0,0,1,3,0,0,1,3,California
Glenn,2020-12-21,12,15,12,15,0,0,0,0,12,15,0,0,12,15,California
Glenn,2020-12-22,59,74,59,74,0,0,0,0,59,74,0,0,59,74,California
Glenn,2020-12-23,28,102,28,102,0,0,0,0,28,102,0,0,28,102,California
Glenn,2020-12-24,9,111,9,111,0,0,0,0,9,111,0,0,9,111,California
Glenn,2020-12-26,2,113,2,113,0,0,0,0,2,113,0,0,2,113,California
Glenn,2020-12-27,4,117,4,117,0,0,0,0,4,117,0,0,4,117,California
Glenn,2020-12-28,22,139,22,139,0,0,0,0,22,139,0,0,22,139,California
Glenn,2020-12-29,83,222,83,222,0,0,0,0,83,222,0,0,83,222,California
Glenn,2020-12-30,129,351,106,328,23,23,0,0,129,351,0,0,129,351,California
Glenn,2020-12-31,38,389,9,337,29,52,0,0,38,389,0,0,38,389,California
Glenn,2021-01-02,3,392,3,340,0,52,0,0,3,392,0,0,3,392,California
Glenn,2021-01-04,7,399,5,345,2,54,0,0,7,399,0,0,7,399,California
Glenn,2021-01-05,9,408,8,353,1,55,0,0,9,408,0,0,9,408,California
Glenn,2021-01-06,60,468,8,361,52,107,0,0,60,468,0,0,60,468,California
Glenn,2021-01-07,67,535,12,373,55,162,0,0,65,531,2,2,65,533,California
Glenn,2021-01-08,12,547,9,382,3,165,0,0,12,543,0,2,12,545,California
Glenn,2021-01-10,1,548,1,383,0,165,0,0,0,542,1,3,0,545,California
Glenn,2021-01-11,30,578,30,413,0,165,0,0,12,536,18,21,12,557,California
Glenn,2021-01-12,42,620,37,450,5,170,0,0,14,522,28,49,14,571,California
Glenn,2021-01-13,221,841,158,608,63,233,0,0,176,653,45,94,176,747,California
Glenn,2021-01-14,119,960,30,638,89,322,0,0,109,752,10,104,109,856,California
Glenn,2021-01-15,40,1000,33,671,7,329,0,0,35,782,5,109,35,891,California
Glenn,2021-01-16,33,1033,14,685,19,348,0,0,23,795,10,119,23,914,California
Glenn,2021-01-17,4,1037,2,687,2,350,0,0,2,795,2,121,2,916,California
Glenn,2021-01-18,18,1055,17,704,1,351,0,0,9,795,9,130,9,925,California
Glenn,2021-01-19,30,1085,20,724,10,361,0,0,13,791,17,147,13,938,California
Glenn,2021-01-20,164,1249,95,819,69,430,0,0,82,791,82,229,82,1020,California
Glenn,2021-01-21,124,1373,98,917,26,456,0,0,30,727,94,323,30,1050,California
Glenn,2021-01-22,340,1713,66,983,274,730,0,0,333,1053,7,330,333,1383,California
Glenn,2021-01-23,16,1729,9,992,7,737,0,0,13,1063,3,333,13,1396,California
Glenn,2021-01-24,2,1731,2,994,0,737,0,0,2,1065,0,333,2,1398,California
Glenn,2021-01-25,27,1758,9,1003,18,755,0,0,24,1086,3,336,24,1422,California
Glenn,2021-01-26,30,1788,14,1017,16,771,0,0,24,1104,6,342,24,1446,California
Glenn,2021-01-27,190,1978,13,1030,177,948,0,0,168,1250,22,364,168,1614,California
Glenn,2021-01-28,147,2125,8,1038,139,1087,0,0,117,1337,30,394,117,1731,California
Glenn,2021-01-29,297,2422,12,1050,285,1372,0,0,283,1606,14,408,283,2014,California
Glenn,2021-01-30,4,2426,0,1050,4,1376,0,0,4,1610,0,408,4,2018,California
Glenn,2021-01-31,1,2427,0,1050,1,1377,0,0,1,1611,0,408,1,2019,California
Glenn,2021-02-01,30,2457,11,1061,19,1396,0,0,18,1617,12,420,18,2037,California
Glenn,2021-02-02,32,2489,16,1077,16,1412,0,0,22,1629,10,430,22,2059,California
Glenn,2021-02-03,280,2769,126,1203,154,1566,0,0,134,1618,146,576,135,2194,California
Glenn,2021-02-04,83,2852,16,1219,67,1633,0,0,26,1587,57,633,26,2220,California
Glenn,2021-02-05,319,3171,24,1243,295,1928,0,0,299,1866,20,653,299,2519,California
Glenn,2021-02-06,14,3185,2,1245,12,1940,0,0,13,1878,1,654,13,2532,California
Glenn,2021-02-07,2,3187,2,1247,0,1940,0,0,2,1880,0,654,2,2534,California
Glenn,2021-02-08,21,3208,17,1264,4,1944,0,0,4,1867,17,671,4,2538,California
Glenn,2021-02-09,51,3259,20,1284,31,1975,0,0,38,1892,13,684,38,2576,California
Glenn,2021-02-10,143,3402,19,1303,124,2099,0,0,72,1893,71,755,72,2648,California
Glenn,2021-02-11,268,3670,167,1470,101,2200,0,0,184,1994,84,839,185,2833,California
Glenn,2021-02-12,419,4089,99,1569,320,2520,0,0,352,2279,67,906,352,3185,California
Glenn,2021-02-13,37,4126,9,1578,28,2548,0,0,17,2276,20,926,17,3202,California
Glenn,2021-02-14,1,4127,0,1578,1,2549,0,0,1,2277,0,926,1,3203,California
Glenn,2021-02-15,9,4136,0,1578,9,2558,0,0,8,2284,1,927,8,3211,California
Glenn,2021-02-16,44,4180,9,1587,35,2593,0,0,25,2290,19,946,25,3236,California
Glenn,2021-02-17,381,4561,14,1601,367,2960,0,0,303,2515,78,1024,303,3539,California
Glenn,2021-02-18,174,4735,139,1740,35,2995,0,0,149,2640,24,1048,149,3688,California
Glenn,2021-02-19,303,5038,17,1757,286,3281,0,0,29,2395,274,1322,29,3717,California
Glenn,2021-02-20,9,5047,0,1757,9,3290,0,0,1,2388,8,1330,1,3718,California
Glenn,2021-02-21,1,5048,1,1758,0,3290,0,0,1,2389,0,1330,1,3719,California
Glenn,2021-02-22,36,5084,17,1775,19,3309,0,0,18,2390,17,1347,18,3737,California
Glenn,2021-02-23,44,5128,12,1787,32,3341,0,0,31,2408,13,1360,31,3768,California
Glenn,2021-02-24,270,5398,48,1835,222,3563,0,0,61,2260,209,1569,61,3829,California
Glenn,2021-02-25,323,5721,208,2043,115,3678,0,0,205,2346,119,1688,205,4034,California
Glenn,2021-02-26,305,6026,24,2067,281,3959,0,0,20,2082,284,1972,20,4054,California
Glenn,2021-02-27,16,6042,6,2073,10,3969,0,0,6,2079,9,1981,6,4060,California
Glenn,2021-02-28,6,6048,3,2076,3,3972,0,0,3,2080,2,1983,3,4063,California
Glenn,2021-03-01,28,6076,6,2082,22,3994,0,0,13,2078,15,1998,13,4076,California
Glenn,2021-03-02,38,6114,7,2089,31,4025,0,0,19,2078,19,2017,19,4095,California
Glenn,2021-03-03,212,6326,38,2127,174,4199,0,0,119,2106,91,2108,119,4214,California
Glenn,2021-03-04,543,6869,198,2325,345,4544,0,0,361,2285,182,2290,361,4575,California
Glenn,2021-03-05,357,7226,49,2374,308,4852,0,0,35,1998,322,2612,35,4610,California
Glenn,2021-03-06,28,7254,4,2378,23,4875,1,1,11,1993,17,2629,12,4622,California
Glenn,2021-03-07,5,7259,0,2378,5,4880,0,1,3,1995,1,2630,3,4625,California
Glenn,2021-03-08,20,7279,2,2380,17,4897,1,2,18,2012,2,2632,19,4644,California
Glenn,2021-03-09,83,7362,12,2392,68,4965,3,5,53,2037,30,2662,55,4699,California
Glenn,2021-03-10,188,7550,80,2472,106,5071,2,7,104,2059,84,2746,106,4805,California
Glenn,2021-03-11,593,8143,179,2651,391,5462,23,30,420,2332,173,2919,446,5251,California
Glenn,2021-03-12,420,8563,14,2665,343,5805,63,93,41,2057,379,3298,104,5355,California
Glenn,2021-03-13,13,8576,1,2666,4,5809,8,101,1,2054,12,3310,9,5364,California
Glenn,2021-03-14,3,8579,1,2667,2,5811,0,101,1,2053,2,3312,1,5365,California
Glenn,2021-03-15,76,8655,15,2682,56,5867,5,106,59,2100,17,3329,64,5429,California
Glenn,2021-03-16,113,8768,34,2716,69,5936,10,116,69,2135,44,3373,79,5508,California
Glenn,2021-03-17,419,9187,99,2815,313,6249,7,123,114,1949,305,3678,119,5627,California
Glenn,2021-03-18,535,9722,230,3045,50,6299,255,378,75,1818,460,4138,329,5956,California
Glenn,2021-03-19,96,9818,16,3061,74,6373,6,384,75,1879,20,4158,81,6037,California
Glenn,2021-03-20,133,9951,2,3063,130,6503,1,385,130,2007,3,4161,131,6168,California
Glenn,2021-03-21,6,9957,5,3068,0,6503,1,386,3,2009,2,4163,4,6172,California
Glenn,2021-03-22,124,10081,55,3123,61,6564,8,394,104,2103,18,4181,112,6284,California
Glenn,2021-03-23,179,10260,67,3190,61,6625,51,445,104,2184,74,4255,155,6439,California
Glenn,2021-03-24,213,10473,103,3293,105,6730,5,450,125,2228,86,4341,130,6569,California
Glenn,2021-03-25,481,10954,240,3533,147,6877,94,544,347,2536,133,4474,441,7010,California
Glenn,2021-03-26,238,11192,37,3570,165,7042,36,580,187,2708,51,4525,223,7233,California
Glenn,2021-03-27,168,11360,22,3592,140,7182,6,586,154,2854,14,4539,160,7393,California
Glenn,2021-03-28,15,11375,10,3602,5,7187,0,586,10,2859,5,4544,10,7403,California
Glenn,2021-03-29,62,11437,20,3622,39,7226,3,589,47,2894,15,4559,50,7453,California
Glenn,2021-03-30,76,11513,43,3665,32,7258,1,590,43,2907,31,4590,44,7497,California
Glenn,2021-03-31,132,11645,35,3700,96,7354,1,591,43,2863,88,4678,44,7541,California
Glenn,2021-04-01,656,12301,189,3889,458,7812,9,600,230,2679,423,5101,239,7780,California
Glenn,2021-04-02,170,12471,26,3915,132,7944,12,612,133,2787,37,5138,145,7925,California
Glenn,2021-04-03,95,12566,4,3919,84,8028,7,619,84,2867,11,5149,91,8016,California
Glenn,2021-04-04,9,12575,3,3922,4,8032,2,621,5,2870,4,5153,7,8023,California
Glenn,2021-04-05,67,12642,26,3948,28,8060,13,634,30,2876,37,5190,43,8066,California
Glenn,2021-04-06,144,12786,52,4000,53,8113,39,673,37,2845,106,5296,75,8141,California
Glenn,2021-04-07,161,12947,47,4047,60,8173,54,727,75,2888,86,5382,129,8270,California
Glenn,2021-04-08,642,13589,188,4235,418,8591,36,763,138,2560,502,5884,174,8444,California
Glenn,2021-04-09,160,13749,57,4292,86,8677,17,780,102,2620,58,5942,118,8562,California
Glenn,2021-04-10,77,13826,1,4293,60,8737,16,796,58,2676,18,5960,74,8636,California
Glenn,2021-04-11,17,13843,8,4301,4,8741,5,801,7,2678,10,5970,12,8648,California
Glenn,2021-04-12,116,13959,26,4327,61,8802,29,830,21,2633,95,6065,50,8698,California
Glenn,2021-04-13,119,14078,64,4391,55,8857,0,830,30,2574,89,6154,30,8728,California
Glenn,2021-04-14,122,14200,46,4437,76,8933,0,830,67,2586,55,6209,67,8795,California
Glenn,2021-04-15,365,14565,276,4713,89,9022,0,830,111,2444,253,6462,111,8906,California
Glenn,2021-04-16,169,14734,42,4755,127,9149,0,830,79,2433,90,6552,79,8985,California
Glenn,2021-04-17,169,14903,17,4772,152,9301,0,830,30,2332,131,6683,30,9015,California
Glenn,2021-04-18,19,14922,6,4778,13,9314,0,830,15,2343,4,6687,15,9030,California
Glenn,2021-04-19,84,15006,17,4795,67,9381,0,830,23,2306,60,6747,23,9053,California
Glenn,2021-04-20,134,15140,90,4885,44,9425,0,830,55,2282,79,6826,55,9108,California
Glenn,2021-04-21,431,15571,328,5213,103,9528,0,830,291,2434,139,6965,291,9399,California
Glenn,2021-04-22,214,15785,54,5267,160,9688,0,830,38,2297,175,7140,38,9437,California
Glenn,2021-04-23,191,15976,36,5303,155,9843,0,830,49,2205,141,7281,49,9486,California
Glenn,2021-04-24,180,16156,32,5335,148,9991,0,830,30,2086,149,7430,30,9516,California
Glenn,2021-04-25,30,16186,18,5353,12,10003,0,830,22,2100,8,7438,22,9538,California
Glenn,2021-04-26,50,16236,14,5367,36,10039,0,830,19,2088,31,7469,19,9557,California
Glenn,2021-04-27,66,16302,50,5417,11,10050,5,835,34,2094,32,7501,38,9595,California
Glenn,2021-04-28,263,16565,184,5601,68,10118,11,846,132,2107,130,7631,143,9738,California
Glenn,2021-04-29,186,16751,27,5628,157,10275,2,848,40,2003,146,7777,42,9780,California
Glenn,2021-04-30,163,16914,42,5670,119,10394,2,850,40,1922,123,7900,42,9822,California
Glenn,2021-05-01,108,17022,13,5683,94,10488,1,851,26,1867,82,7982,27,9849,California
Glenn,2021-05-02,32,17054,14,5697,9,10497,9,860,15,1874,17,7999,24,9873,California
Glenn,2021-05-03,39,17093,24,5721,14,10511,1,861,14,1864,25,8024,15,9888,California
Glenn,2021-05-04,60,17153,36,5757,19,10530,5,866,28,1865,32,8056,33,9921,California
Glenn,2021-05-05,127,17280,39,5796,77,10607,11,877,52,1853,75,8131,63,9984,California
Glenn,2021-05-06,111,17391,41,5837,65,10672,5,882,40,1827,71,8202,45,10029,California
Glenn,2021-05-07,122,17513,36,5873,77,10749,9,891,30,1775,91,8293,39,10068,California
Glenn,2021-05-08,65,17578,12,5885,49,10798,4,895,21,1757,43,8336,25,10093,California
Glenn,2021-05-09,17,17595,11,5896,6,10804,0,895,11,1762,6,8342,11,10104,California
Glenn,2021-05-10,37,17632,15,5911,17,10821,5,900,13,1756,24,8366,18,10122,California
Glenn,2021-05-11,84,17716,59,5970,16,10837,9,909,17,1715,67,8433,26,10148,California
Glenn,2021-05-12,335,18051,252,6222,69,10906,14,923,50,1494,285,8718,64,10212,California
Glenn,2021-05-13,158,18209,59,6281,80,10986,19,942,64,1483,94,8812,83,10295,California
Glenn,2021-05-14,105,18314,24,6305,76,11062,5,947,34,1451,71,8883,39,10334,California
Glenn,2021-05-15,67,18381,40,6345,24,11086,3,950,32,1451,34,8917,34,10368,California
Glenn,2021-05-16,31,18412,18,6363,13,11099,0,950,9,1438,22,8939,9,10377,California
Glenn,2021-05-17,86,18498,61,6424,21,11120,4,954,60,1476,26,8965,64,10441,California
Glenn,2021-05-18,68,18566,50,6474,14,11134,4,958,22,1456,46,9011,26,10467,California
Glenn,2021-05-19,199,18765,118,6592,69,11203,12,970,73,1415,125,9136,84,10551,California
Glenn,2021-05-20,120,18885,79,6671,39,11242,2,972,80,1457,40,9176,82,10633,California
Glenn,2021-05-21,70,18955,26,6697,43,11285,1,973,28,1444,42,9218,29,10662,California
Glenn,2021-05-22,56,19011,24,6721,32,11317,0,973,29,1446,27,9245,29,10691,California
Glenn,2021-05-23,29,19040,16,6737,13,11330,0,973,12,1442,16,9261,12,10703,California
Glenn,2021-05-24,30,19070,11,6748,15,11345,4,977,11,1439,18,9279,15,10718,California
Glenn,2021-05-25,47,19117,35,6783,10,11355,2,979,23,1440,24,9303,25,10743,California
Glenn,2021-05-26,73,19190,14,6797,55,11410,4,983,25,1421,48,9351,29,10772,California
Glenn,2021-05-27,101,19291,62,6859,38,11448,1,984,47,1417,52,9403,48,10820,California
Glenn,2021-05-28,62,19353,18,6877,37,11485,7,991,32,1426,30,9433,39,10859,California
Glenn,2021-05-29,48,19401,11,6888,33,11518,4,995,21,1424,27,9460,25,10884,California
Glenn,2021-05-30,21,19422,13,6901,8,11526,0,995,8,1420,12,9472,8,10892,California
Glenn,2021-05-31,4,19426,0,6901,4,11530,0,995,0,1416,4,9476,0,10892,California
Glenn,2021-06-01,59,19485,34,6935,22,11552,3,998,24,1408,35,9511,27,10919,California
Glenn,2021-06-02,98,19583,49,6984,46,11598,3,1001,39,1391,59,9570,42,10961,California
Glenn,2021-06-03,75,19658,42,7026,26,11624,7,1008,18,1361,55,9625,25,10986,California
Glenn,2021-06-04,77,19735,37,7063,37,11661,3,1011,42,1371,35,9660,45,11031,California
Glenn,2021-06-05,55,19790,30,7093,22,11683,3,1014,17,1353,38,9698,20,11051,California
Glenn,2021-06-06,30,19820,27,7120,2,11685,1,1015,14,1353,15,9713,15,11066,California
Glenn,2021-06-07,68,19888,59,7179,7,11692,2,1017,13,1314,54,9767,15,11081,California
Glenn,2021-06-08,35,19923,19,7198,11,11703,5,1022,16,1316,19,9786,21,11102,California
Glenn,2021-06-09,64,19987,36,7234,21,11724,7,1029,31,1321,33,9819,38,11140,California
Glenn,2021-06-10,119,20106,88,7322,25,11749,6,1035,35,1278,84,9903,41,11181,California
Glenn,2021-06-11,88,20194,57,7379,28,11777,3,1038,25,1243,63,9966,28,11209,California
Glenn,2021-06-12,35,20229,19,7398,13,11790,3,1041,13,1237,22,9988,16,11225,California
Glenn,2021-06-13,11,20240,11,7409,0,11790,0,1041,5,1236,6,9994,5,11230,California
Glenn,2021-06-14,40,20280,27,7436,10,11800,3,1044,16,1232,23,10017,19,11249,California
Glenn,2021-06-15,49,20329,33,7469,15,11815,1,1045,23,1230,26,10043,24,11273,California
Glenn,2021-06-16,85,20414,50,7519,34,11849,1,1046,58,1264,25,10068,59,11332,California
Glenn,2021-06-17,61,20475,36,7555,21,11870,4,1050,7,1221,54,10122,11,11343,California
Glenn,2021-06-18,82,20557,44,7599,17,11887,21,1071,28,1216,54,10176,49,11392,California
Glenn,2021-06-19,42,20599,21,7620,21,11908,0,1071,24,1222,18,10194,24,11416,California
Glenn,2021-06-20,15,20614,11,7631,4,11912,0,1071,4,1215,11,10205,4,11420,California
Glenn,2021-06-21,26,20640,18,7649,6,11918,2,1073,19,1229,7,10212,21,11441,California
Glenn,2021-06-22,47,20687,32,7681,13,11931,2,1075,22,1229,24,10236,24,11465,California
Glenn,2021-06-23,54,20741,37,7718,14,11945,3,1078,28,1234,26,10262,31,11496,California
Glenn,2021-06-24,44,20785,27,7745,13,11958,4,1082,17,1228,27,10289,21,11517,California
Glenn,2021-06-25,68,20853,48,7793,19,11977,1,1083,32,1225,36,10325,33,11550,California
Glenn,2021-06-26,35,20888,20,7813,14,11991,1,1084,16,1223,19,10344,17,11567,California
Glenn,2021-06-27,17,20905,13,7826,4,11995,0,1084,4,1214,13,10357,4,11571,California
Glenn,2021-06-28,27,20932,23,7849,1,11996,3,1087,12,1213,15,10372,14,11585,California
Glenn,2021-06-29,33,20965,16,7865,12,12008,5,1092,11,1207,22,10394,16,11601,California
Glenn,2021-06-30,76,21041,51,7916,20,12028,5,1097,36,1208,40,10434,41,11642,California
Glenn,2021-07-01,56,21097,40,7956,13,12041,3,1100,16,1187,40,10474,19,11661,California
Glenn,2021-07-02,57,21154,35,7991,18,12059,4,1104,22,1179,34,10508,26,11687,California
Glenn,2021-07-03,20,21174,14,8005,6,12065,0,1104,13,1185,7,10515,13,11700,California
Humboldt,2020-12-15,3,3,3,3,0,0,0,0,3,3,0,0,3,3,California
Humboldt,2020-12-16,16,19,16,19,0,0,0,0,16,19,0,0,16,19,California
Humboldt,2020-12-17,119,138,119,138,0,0,0,0,119,138,0,0,119,138,California
Humboldt,2020-12-18,177,315,177,315,0,0,0,0,177,315,0,0,177,315,California
Humboldt,2020-12-19,10,325,10,325,0,0,0,0,10,325,0,0,10,325,California
Humboldt,2020-12-20,27,352,27,352,0,0,0,0,27,352,0,0,27,352,California
Humboldt,2020-12-21,167,519,167,519,0,0,0,0,167,519,0,0,167,519,California
Humboldt,2020-12-22,337,856,337,856,0,0,0,0,337,856,0,0,337,856,California
Humboldt,2020-12-23,322,1178,264,1120,58,58,0,0,324,1180,0,0,324,1180,California
Humboldt,2020-12-24,25,1203,2,1122,23,81,0,0,25,1205,0,0,25,1205,California
Humboldt,2020-12-25,2,1205,2,1124,0,81,0,0,2,1207,0,0,2,1207,California
Humboldt,2020-12-26,6,1211,5,1129,1,82,0,0,6,1213,0,0,6,1213,California
Humboldt,2020-12-28,207,1418,149,1278,58,140,0,0,207,1420,0,0,207,1420,California
Humboldt,2020-12-29,186,1604,125,1403,61,201,0,0,187,1607,0,0,187,1607,California
Humboldt,2020-12-30,235,1839,129,1532,106,307,0,0,235,1842,0,0,235,1842,California
Humboldt,2020-12-31,246,2085,81,1613,165,472,0,0,246,2088,0,0,246,2088,California
Humboldt,2021-01-01,3,2088,2,1615,1,473,0,0,3,2091,0,0,3,2091,California
Humboldt,2021-01-02,40,2128,2,1617,38,511,0,0,40,2131,0,0,40,2131,California
Humboldt,2021-01-04,219,2347,142,1759,77,588,0,0,220,2351,0,0,220,2351,California
Humboldt,2021-01-05,133,2480,21,1780,112,700,0,0,133,2483,1,1,133,2484,California
Humboldt,2021-01-06,314,2794,214,1994,100,800,0,0,240,2661,62,63,240,2724,California
Humboldt,2021-01-07,438,3232,326,2320,112,912,0,0,320,2880,101,164,320,3044,California
Humboldt,2021-01-08,429,3661,289,2609,140,1052,0,0,287,3031,136,300,287,3331,California
Humboldt,2021-01-09,67,3728,43,2652,24,1076,0,0,65,3095,2,302,66,3397,California
Humboldt,2021-01-10,84,3812,84,2736,0,1076,0,0,4,3019,80,382,4,3401,California
Humboldt,2021-01-11,292,4104,281,3017,11,1087,0,0,70,2871,218,600,70,3471,California
Humboldt,2021-01-12,504,4608,339,3356,165,1252,0,0,286,2961,196,796,286,3757,California
Humboldt,2021-01-13,501,5109,281,3637,220,1472,0,0,322,3108,176,972,323,4080,California
Humboldt,2021-01-14,559,5668,175,3812,384,1856,0,0,503,3556,56,1028,504,4584,California
Humboldt,2021-01-15,373,6041,28,3840,345,2201,0,0,355,3893,18,1046,355,4939,California
Humboldt,2021-01-16,169,6210,6,3846,163,2364,0,0,168,4060,1,1047,168,5107,California
Humboldt,2021-01-17,7,6217,4,3850,3,2367,0,0,7,4067,0,1047,7,5114,California
Humboldt,2021-01-18,307,6524,272,4122,35,2402,0,0,149,4058,158,1205,149,5263,California
Humboldt,2021-01-19,660,7184,401,4523,259,2661,0,0,529,4462,125,1330,529,5792,California
Humboldt,2021-01-20,952,8136,423,4946,529,3190,0,0,786,5092,158,1488,788,6580,California
Humboldt,2021-01-21,971,9107,260,5206,711,3901,0,0,928,5977,43,1531,928,7508,California
Humboldt,2021-01-22,689,9796,381,5587,308,4209,0,0,679,6647,10,1541,680,8188,California
Humboldt,2021-01-23,928,10724,283,5870,645,4854,0,0,919,7558,9,1550,920,9108,California
Humboldt,2021-01-24,228,10952,1,5871,227,5081,0,0,227,7784,1,1551,227,9335,California
Humboldt,2021-01-25,352,11304,235,6106,117,5198,0,0,154,7740,198,1749,154,9489,California
Humboldt,2021-01-26,543,11847,149,6255,394,5592,0,0,479,8155,64,1813,479,9968,California
Humboldt,2021-01-27,1273,13120,585,6840,688,6280,0,0,1199,9289,67,1880,1201,11169,California
Humboldt,2021-01-28,1465,14585,637,7477,828,7108,0,0,1322,10473,140,2020,1324,12493,California
Humboldt,2021-01-29,1164,15749,547,8024,617,7725,0,0,695,10699,469,2489,695,13188,California
Humboldt,2021-01-30,1028,16777,470,8494,558,8283,0,0,983,11638,45,2534,984,14172,California
Humboldt,2021-01-31,317,17094,315,8809,2,8285,0,0,316,11953,1,2535,316,14488,California
Humboldt,2021-02-01,321,17415,177,8986,144,8429,0,0,185,12002,136,2671,185,14673,California
Humboldt,2021-02-02,454,17869,79,9065,375,8804,0,0,349,12251,102,2773,351,15024,California
Humboldt,2021-02-03,677,18546,266,9331,411,9215,0,0,521,12616,156,2929,521,15545,California
Humboldt,2021-02-04,652,19198,260,9591,392,9607,0,0,444,12855,205,3134,444,15989,California
Humboldt,2021-02-05,827,20025,108,9699,719,10326,0,0,625,13279,201,3335,625,16614,California
Humboldt,2021-02-06,1083,21108,469,10168,614,10940,0,0,1033,14264,49,3384,1034,17648,California
Humboldt,2021-02-07,379,21487,8,10176,371,11311,0,0,374,14635,4,3388,375,18023,California
Humboldt,2021-02-08,339,21826,147,10323,192,11503,0,0,180,14657,158,3546,180,18203,California
Humboldt,2021-02-09,504,22330,228,10551,276,11779,0,0,177,14507,327,3873,177,18380,California
Humboldt,2021-02-10,565,22895,370,10921,195,11974,0,0,206,14359,354,4227,206,18586,California
Humboldt,2021-02-11,1323,24218,398,11319,925,12899,0,0,491,14024,828,5055,493,19079,California
Humboldt,2021-02-12,1171,25389,748,12067,423,13322,0,0,712,14278,458,5513,712,19791,California
Humboldt,2021-02-13,1551,26940,601,12668,950,14272,0,0,924,14578,625,6138,925,20716,California
Humboldt,2021-02-14,114,27054,5,12673,109,14381,0,0,110,14685,3,6141,110,20826,California
Humboldt,2021-02-15,294,27348,81,12754,213,14594,0,0,193,14778,100,6241,193,21019,California
Humboldt,2021-02-16,555,27903,124,12878,431,15025,0,0,253,14732,301,6542,255,21274,California
Humboldt,2021-02-17,454,28357,282,13160,172,15197,0,0,133,14545,320,6862,133,21407,California
Humboldt,2021-02-18,1029,29386,605,13765,424,15621,0,0,276,14071,750,7612,276,21683,California
Humboldt,2021-02-19,489,29875,441,14206,48,15669,0,0,92,13770,393,8005,92,21775,California
Humboldt,2021-02-20,1752,31627,1033,15239,719,16388,0,0,483,12990,1266,9271,486,22261,California
Humboldt,2021-02-21,496,32123,488,15727,8,16396,0,0,187,12869,309,9580,188,22449,California
Humboldt,2021-02-22,140,32263,95,15822,45,16441,0,0,29,12789,109,9689,29,22478,California
Humboldt,2021-02-23,186,32449,72,15894,114,16555,0,0,46,12697,138,9827,46,22524,California
Humboldt,2021-02-24,1259,33708,758,16652,501,17056,0,0,599,12638,658,10485,599,23123,California
Humboldt,2021-02-25,841,34549,320,16972,521,17577,0,0,232,12264,606,11091,232,23355,California
Humboldt,2021-02-26,2150,36699,107,17079,2043,19620,0,0,438,10997,1706,12797,439,23794,California
Humboldt,2021-02-27,1761,38460,1133,18212,628,20248,0,0,899,11040,860,13657,903,24697,California
Humboldt,2021-02-28,126,38586,11,18223,115,20363,0,0,118,11151,7,13664,118,24815,California
Humboldt,2021-03-01,261,38847,46,18269,215,20578,0,0,186,11263,74,13738,186,25001,California
Humboldt,2021-03-02,305,39152,51,18320,254,20832,0,0,166,11290,139,13877,166,25167,California
Humboldt,2021-03-03,1677,40829,1108,19428,569,21401,0,0,1225,12071,445,14322,1226,26393,California
Humboldt,2021-03-04,926,41755,114,19542,812,22213,0,0,300,11747,626,14948,302,26695,California
Humboldt,2021-03-05,948,42703,190,19732,747,22960,11,11,389,11591,556,15504,400,27095,California
Humboldt,2021-03-06,1798,44501,936,20668,813,23773,49,60,796,11435,1001,16505,845,27940,California
Humboldt,2021-03-07,369,44870,296,20964,54,23827,19,79,158,11401,211,16716,177,28117,California
Humboldt,2021-03-08,275,45145,6,20970,191,24018,78,157,180,11565,94,16810,258,28375,California
Humboldt,2021-03-09,501,45646,206,21176,147,24165,148,305,245,11703,254,17064,392,28767,California
Humboldt,2021-03-10,695,46341,468,21644,72,24237,155,460,420,12002,274,17338,573,29340,California
Humboldt,2021-03-11,1489,47830,460,22104,929,25166,100,560,657,11931,827,18165,756,30096,California
Humboldt,2021-03-12,1754,49584,1086,23190,445,25611,223,783,1055,12521,691,18856,1281,31377,California
Humboldt,2021-03-13,1586,51170,1038,24228,497,26108,51,834,671,12333,909,19765,721,32098,California
Humboldt,2021-03-14,143,51313,19,24247,116,26224,8,842,29,12256,114,19879,37,32135,California
Humboldt,2021-03-15,280,51593,52,24299,206,26430,22,864,60,12118,220,20099,82,32217,California
Humboldt,2021-03-16,639,52232,201,24500,176,26606,262,1126,262,12264,376,20475,522,32739,California
Humboldt,2021-03-17,732,52964,395,24895,229,26835,108,1234,340,12321,391,20866,448,33187,California
Humboldt,2021-03-18,1741,54705,1167,26062,531,27366,43,1277,1028,12685,707,21573,1071,34258,California
Humboldt,2021-03-19,1076,55781,61,26123,700,28066,315,1592,441,12807,633,22206,755,35013,California
Humboldt,2021-03-20,1385,57166,759,26882,612,28678,14,1606,397,12233,986,23192,412,35425,California
Humboldt,2021-03-21,252,57418,34,26916,189,28867,29,1635,204,12417,48,23240,232,35657,California
Humboldt,2021-03-22,118,57536,14,26930,54,28921,50,1685,62,12475,54,23294,112,35769,California
Humboldt,2021-03-23,413,57949,41,26971,329,29250,43,1728,319,12744,93,23387,362,36131,California
Humboldt,2021-03-24,1413,59362,389,27360,977,30227,47,1775,1035,13455,370,23757,1081,37212,California
Humboldt,2021-03-25,1842,61204,1214,28574,564,30791,64,1839,944,13566,896,24653,1007,38219,California
Humboldt,2021-03-26,2043,63247,441,29015,1545,32336,57,1896,1595,14775,442,25095,1651,39870,California
Humboldt,2021-03-27,2095,65342,1496,30511,425,32761,174,2070,1117,15092,974,26069,1291,41161,California
Humboldt,2021-03-28,268,65610,82,30593,114,32875,72,2142,81,15060,186,26255,154,41315,California
Humboldt,2021-03-29,467,66077,124,30717,247,33122,96,2238,198,15085,268,26523,293,41608,California
Humboldt,2021-03-30,946,67023,303,31020,529,33651,114,2352,561,15379,380,26903,674,42282,California
Humboldt,2021-03-31,1870,68893,523,31543,1249,34900,98,2450,1412,16436,454,27357,1511,43793,California
Humboldt,2021-04-01,2122,71015,711,32254,1318,36218,93,2543,1482,17379,632,27989,1575,45368,California
Humboldt,2021-04-02,1728,72743,1113,33367,508,36726,107,2650,619,17002,1103,29092,726,46094,California
Humboldt,2021-04-03,1672,74415,1512,34879,145,36871,15,2665,674,16703,988,30080,689,46783,California
Humboldt,2021-04-04,485,74900,372,35251,104,36975,9,2674,404,17036,80,30160,413,47196,California
Humboldt,2021-04-05,781,75681,466,35717,267,37242,48,2722,445,17196,333,30493,493,47689,California
Humboldt,2021-04-06,848,76529,319,36036,394,37636,135,2857,589,17665,253,30746,722,48411,California
Humboldt,2021-04-07,1501,78030,1067,37103,292,37928,142,2999,994,18297,504,31250,1136,49547,California
Humboldt,2021-04-08,1760,79790,1096,38199,505,38433,159,3158,743,18184,1015,32265,902,50449,California
Humboldt,2021-04-09,1445,81235,441,38640,849,39282,155,3313,1154,19196,290,32555,1302,51751,California
Humboldt,2021-04-10,944,82179,139,38779,630,39912,175,3488,743,19913,199,32754,916,52667,California
Humboldt,2021-04-11,646,82825,138,38917,36,39948,472,3960,128,19993,518,33272,598,53265,California
Humboldt,2021-04-12,443,83268,230,39147,86,40034,127,4087,282,20242,160,33432,409,53674,California
Humboldt,2021-04-13,594,83862,324,39471,265,40299,5,4092,558,20770,34,33466,562,54236,California
Humboldt,2021-04-14,1450,85312,1047,40518,403,40702,0,4092,1332,21985,117,33583,1332,55568,California
Humboldt,2021-04-15,1834,87146,1203,41721,627,41329,4,4096,1260,22692,555,34138,1262,56830,California
Humboldt,2021-04-16,1139,88285,522,42243,617,41946,0,4096,554,22664,582,34720,554,57384,California
Humboldt,2021-04-17,1858,90143,1535,43778,323,42269,0,4096,1050,22912,802,35522,1050,58434,California
Humboldt,2021-04-18,670,90813,354,44132,315,42584,1,4097,85,22418,579,36101,85,58519,California
Humboldt,2021-04-19,208,91021,86,44218,122,42706,0,4097,92,22396,114,36215,92,58611,California
Humboldt,2021-04-20,511,91532,140,44358,371,43077,0,4097,255,22396,255,36470,255,58866,California
Humboldt,2021-04-21,1123,92655,391,44749,732,43809,0,4097,456,22195,658,37128,457,59323,California
Humboldt,2021-04-22,900,93555,538,45287,361,44170,1,4098,457,22212,440,37568,457,59780,California
Humboldt,2021-04-23,2195,95750,312,45599,1883,46053,0,4098,339,20699,1852,39420,339,60119,California
Humboldt,2021-04-24,1104,96854,886,46485,213,46266,5,4103,361,20325,740,40160,366,60485,California
Humboldt,2021-04-25,377,97231,241,46726,136,46402,0,4103,194,20338,181,40341,194,60679,California
Humboldt,2021-04-26,391,97622,272,46998,115,46517,4,4107,110,20171,279,40620,112,60791,California
Humboldt,2021-04-27,777,98399,278,47276,470,46987,29,4136,154,19733,621,41241,183,60974,California
Humboldt,2021-04-28,1603,100002,843,48119,715,47702,45,4181,418,19014,1182,42423,463,61437,California
Humboldt,2021-04-29,1789,101791,635,48754,1116,48818,38,4219,299,17866,1485,43908,337,61774,California
Humboldt,2021-04-30,1305,103096,437,49191,834,49652,34,4253,206,17012,1092,45000,238,62012,California
Humboldt,2021-05-01,485,103581,387,49578,75,49727,23,4276,300,17151,184,45184,323,62335,California
Humboldt,2021-05-02,233,103814,186,49764,38,49765,9,4285,117,17162,115,45299,126,62461,California
Humboldt,2021-05-03,618,104432,375,50139,219,49984,24,4309,102,16775,514,45813,127,62588,California
Humboldt,2021-05-04,869,105301,522,50661,302,50286,45,4354,261,16475,605,46418,305,62893,California
Humboldt,2021-05-05,1741,107042,1116,51777,567,50853,58,4412,185,15169,1547,47965,241,63134,California
Humboldt,2021-05-06,1694,108736,1075,52852,367,51220,252,4664,141,14012,1550,49515,393,63527,California
Humboldt,2021-05-07,1436,110172,316,53168,1060,52280,60,4724,238,13113,1195,50710,296,63823,California
Humboldt,2021-05-08,743,110915,147,53315,573,52853,23,4747,90,12575,651,51361,113,63936,California
Humboldt,2021-05-09,906,111821,854,54169,42,52895,10,4757,47,11773,859,52220,57,63993,California
Humboldt,2021-05-10,218,112039,37,54206,142,53037,39,4796,82,11758,136,52356,121,64114,California
Humboldt,2021-05-11,536,112575,184,54390,279,53316,73,4869,204,11704,331,52687,277,64391,California
Humboldt,2021-05-12,622,113197,143,54533,433,53749,46,4915,227,11582,394,53081,272,64663,California
Humboldt,2021-05-13,631,113828,302,54835,302,54051,27,4942,289,11558,340,53421,316,64979,California
Humboldt,2021-05-14,711,114539,142,54977,465,54516,104,5046,233,11419,475,53896,336,65315,California
Humboldt,2021-05-15,787,115326,643,55620,135,54651,9,5055,212,11066,574,54470,221,65536,California
Humboldt,2021-05-16,122,115448,54,55674,64,54715,4,5059,68,11084,54,54524,72,65608,California
Humboldt,2021-05-17,410,115858,215,55889,172,54887,23,5082,225,11148,183,54707,247,65855,California
Humboldt,2021-05-18,664,116522,326,56215,309,55196,29,5111,361,11234,303,55010,389,66244,California
Humboldt,2021-05-19,987,117509,548,56763,396,55592,43,5154,339,10970,644,55654,380,66624,California
Humboldt,2021-05-20,828,118337,607,57370,208,55800,13,5167,593,11345,232,55886,607,67231,California
Humboldt,2021-05-21,878,119215,291,57661,526,56326,61,5228,351,11230,527,56413,412,67643,California
Humboldt,2021-05-22,415,119630,321,57982,86,56412,8,5236,147,11119,266,56679,155,67798,California
Humboldt,2021-05-23,395,120025,325,58307,67,56479,3,5239,76,10879,319,56998,79,67877,California
Humboldt,2021-05-24,337,120362,174,58481,134,56613,29,5268,182,10936,154,57152,211,68088,California
Humboldt,2021-05-25,529,120891,337,58818,168,56781,24,5292,287,11008,239,57391,311,68399,California
Humboldt,2021-05-26,648,121539,310,59128,314,57095,24,5316,309,11003,338,57729,333,68732,California
Humboldt,2021-05-27,465,122004,247,59375,181,57276,37,5353,276,11127,189,57918,313,69045,California
Humboldt,2021-05-28,410,122414,192,59567,171,57447,47,5400,168,11103,239,58157,215,69260,California
Humboldt,2021-05-29,172,122586,103,59670,66,57513,3,5403,91,11116,81,58238,94,69354,California
Humboldt,2021-05-30,106,122692,45,59715,56,57569,5,5408,51,11118,54,58292,56,69410,California
Humboldt,2021-05-31,73,122765,27,59742,40,57609,6,5414,49,11149,23,58315,54,69464,California
Humboldt,2021-06-01,462,123227,266,60008,181,57790,15,5429,186,11074,276,58591,201,69665,California
Humboldt,2021-06-02,533,123760,249,60257,230,58020,54,5483,237,11073,290,58881,289,69954,California
Humboldt,2021-06-03,391,124151,226,60483,143,58163,22,5505,85,10902,278,59159,107,70061,California
Humboldt,2021-06-04,508,124659,317,60800,167,58330,24,5529,134,10729,330,59489,157,70218,California
Humboldt,2021-06-05,408,125067,313,61113,50,58380,45,5574,205,10831,148,59637,250,70468,California
Humboldt,2021-06-06,171,125238,119,61232,43,58423,9,5583,70,10814,96,59733,79,70547,California
Humboldt,2021-06-07,360,125598,217,61449,119,58542,24,5607,111,10701,248,59981,135,70682,California
Humboldt,2021-06-08,521,126119,302,61751,190,58732,29,5636,151,10512,368,60349,179,70861,California
Humboldt,2021-06-09,397,126516,204,61955,146,58878,47,5683,125,10414,270,60619,172,71033,California
Humboldt,2021-06-10,564,127080,446,62401,91,58969,27,5710,94,10067,466,61085,119,71152,California
Humboldt,2021-06-11,436,127516,244,62645,164,59133,28,5738,98,9856,337,61422,126,71278,California
Humboldt,2021-06-12,178,127694,131,62776,47,59180,0,5738,48,9775,129,61551,48,71326,California
Humboldt,2021-06-13,213,127907,145,62921,43,59223,25,5763,91,9770,120,61671,115,71441,California
Humboldt,2021-06-14,417,128324,253,63174,137,59360,27,5790,113,9607,303,61974,140,71581,California
Humboldt,2021-06-15,544,128868,369,63543,147,59507,28,5818,154,9404,384,62358,181,71762,California
Humboldt,2021-06-16,484,129352,323,63866,114,59621,47,5865,141,9258,334,62692,188,71950,California
Humboldt,2021-06-17,397,129749,260,64126,91,59712,46,5911,98,9103,299,62991,144,72094,California
Humboldt,2021-06-18,399,130148,230,64356,140,59852,29,5940,131,9000,262,63253,159,72253,California
Humboldt,2021-06-19,202,130350,136,64492,45,59897,21,5961,87,8993,114,63367,107,72360,California
Humboldt,2021-06-20,80,130430,36,64528,30,59927,14,5975,33,8995,45,63412,47,72407,California
Humboldt,2021-06-21,152,130582,71,64599,54,59981,27,6002,52,8974,100,63512,79,72486,California
Humboldt,2021-06-22,349,130931,220,64819,110,60091,19,6021,144,8933,204,63716,163,72649,California
Humboldt,2021-06-23,353,131284,248,65067,74,60165,31,6052,106,8828,240,63956,135,72784,California
Humboldt,2021-06-24,210,131494,106,65173,49,60214,55,6107,88,8851,118,64074,141,72925,California
Humboldt,2021-06-25,255,131749,144,65317,96,60310,15,6122,104,8822,148,64222,119,73044,California
Humboldt,2021-06-26,251,132000,190,65507,38,60348,23,6145,64,8722,187,64409,87,73131,California
Humboldt,2021-06-27,73,132073,50,65557,21,60369,2,6147,26,8703,47,64456,28,73159,California
Humboldt,2021-06-28,156,132229,100,65657,28,60397,28,6175,69,8713,87,64543,97,73256,California
Humboldt,2021-06-29,262,132491,156,65813,73,60470,33,6208,87,8659,173,64716,119,73375,California
Humboldt,2021-06-30,221,132712,146,65959,55,60525,20,6228,93,8646,126,64842,113,73488,California
Humboldt,2021-07-01,188,132900,112,66071,57,60582,19,6247,83,8644,103,64945,101,73589,California
Humboldt,2021-07-02,254,133154,135,66206,79,60661,40,6287,102,8636,150,65095,142,73731,California
Humboldt,2021-07-03,53,133207,33,66239,10,60671,10,6297,21,8636,31,65126,31,73762,California
Imperial,2020-12-16,1,1,1,1,0,0,0,0,1,1,0,0,1,1,California
Imperial,2020-12-17,4,5,4,5,0,0,0,0,4,5,0,0,4,5,California
Imperial,2020-12-18,13,18,13,18,0,0,0,0,13,18,0,0,13,18,California
Imperial,2020-12-20,3,21,3,21,0,0,0,0,3,21,0,0,3,21,California
Imperial,2020-12-21,184,205,184,205,0,0,0,0,184,205,0,0,184,205,California
Imperial,2020-12-22,240,445,238,443,2,2,0,0,240,445,0,0,240,445,California
Imperial,2020-12-23,211,656,210,653,1,3,0,0,211,656,0,0,211,656,California
Imperial,2020-12-24,7,663,7,660,0,3,0,0,7,663,0,0,7,663,California
Imperial,2020-12-26,3,666,1,661,2,5,0,0,3,666,0,0,3,666,California
Imperial,2020-12-27,62,728,0,661,62,67,0,0,62,728,0,0,62,728,California
Imperial,2020-12-28,216,944,115,776,101,168,0,0,216,944,0,0,216,944,California
Imperial,2020-12-29,190,1134,37,813,153,321,0,0,190,1134,0,0,190,1134,California
Imperial,2020-12-30,367,1501,51,864,316,637,0,0,367,1501,0,0,367,1501,California
Imperial,2020-12-31,199,1700,28,892,171,808,0,0,199,1700,0,0,199,1700,California
Imperial,2021-01-01,47,1747,5,897,42,850,0,0,47,1747,0,0,47,1747,California
Imperial,2021-01-02,5,1752,0,897,5,855,0,0,5,1752,0,0,5,1752,California
Imperial,2021-01-03,90,1842,0,897,90,945,0,0,90,1842,0,0,90,1842,California
Imperial,2021-01-04,87,1929,7,904,80,1025,0,0,87,1929,0,0,87,1929,California
Imperial,2021-01-05,174,2103,14,918,160,1185,0,0,174,2103,0,0,174,2103,California
Imperial,2021-01-06,192,2295,26,944,166,1351,0,0,191,2293,1,1,191,2294,California
Imperial,2021-01-07,330,2625,12,956,318,1669,0,0,325,2613,5,6,325,2619,California
Imperial,2021-01-08,195,2820,51,1007,144,1813,0,0,186,2790,9,15,186,2805,California
Imperial,2021-01-09,24,2844,21,1028,3,1816,0,0,24,2814,0,15,24,2829,California
Imperial,2021-01-10,4,2848,1,1029,3,1819,0,0,3,2816,1,16,3,2832,California
Imperial,2021-01-11,403,3251,243,1272,160,1979,0,0,176,2765,227,243,176,3008,California
Imperial,2021-01-12,576,3827,468,1740,108,2087,0,0,314,2818,261,504,314,3322,California
Imperial,2021-01-13,386,4213,135,1875,251,2338,0,0,284,3000,102,606,284,3606,California
Imperial,2021-01-14,307,4520,190,2065,117,2455,0,0,301,3296,5,611,301,3907,California
Imperial,2021-01-15,247,4767,182,2247,65,2520,0,0,239,3527,8,619,239,4146,California
Imperial,2021-01-16,94,4861,74,2321,20,2540,0,0,93,3619,1,620,93,4239,California
Imperial,2021-01-17,18,4879,5,2326,13,2553,0,0,17,3635,1,621,17,4256,California
Imperial,2021-01-18,1073,5952,401,2727,672,3225,0,0,975,4513,98,719,976,5232,California
Imperial,2021-01-19,173,6125,130,2857,43,3268,0,0,126,4592,47,766,126,5358,California
Imperial,2021-01-20,300,6425,198,3055,102,3370,0,0,261,4814,39,805,261,5619,California
Imperial,2021-01-21,436,6861,185,3240,251,3621,0,0,414,5206,22,827,414,6033,California
Imperial,2021-01-22,476,7337,188,3428,288,3909,0,0,467,5664,9,836,467,6500,California
Imperial,2021-01-23,1063,8400,291,3719,772,4681,0,0,1061,6723,2,838,1061,7561,California
Imperial,2021-01-24,24,8424,2,3721,22,4703,0,0,24,6747,0,838,24,7585,California
Imperial,2021-01-25,224,8648,10,3731,214,4917,0,0,41,6607,181,1019,41,7626,California
Imperial,2021-01-26,376,9024,181,3912,195,5112,0,0,232,6697,143,1162,233,7859,California
Imperial,2021-01-27,589,9613,163,4075,426,5538,0,0,255,6618,334,1496,255,8114,California
Imperial,2021-01-28,654,10267,165,4240,489,6027,0,0,544,7052,110,1606,544,8658,California
Imperial,2021-01-29,446,10713,298,4538,148,6175,0,0,396,7398,50,1656,396,9054,California
Imperial,2021-01-30,81,10794,39,4577,42,6217,0,0,64,7445,17,1673,64,9118,California
Imperial,2021-01-31,27,10821,4,4581,23,6240,0,0,26,7470,1,1674,26,9144,California
Imperial,2021-02-01,466,11287,68,4649,398,6638,0,0,253,7512,211,1885,253,9397,California
Imperial,2021-02-02,764,12051,83,4732,681,7319,0,0,580,7908,184,2069,580,9977,California
Imperial,2021-02-03,624,12675,181,4913,443,7762,0,0,361,8008,261,2330,361,10338,California
Imperial,2021-02-04,1936,14611,1378,6291,558,8320,0,0,1496,9065,439,2769,1496,11834,California
Imperial,2021-02-05,456,15067,255,6546,201,8521,0,0,219,9048,238,3007,221,12055,California
Imperial,2021-02-06,889,15956,849,7395,40,8561,0,0,853,9863,38,3045,853,12908,California
Imperial,2021-02-07,48,16004,16,7411,32,8593,0,0,44,9903,4,3049,44,12952,California
Imperial,2021-02-08,275,16279,45,7456,230,8823,0,0,206,10040,69,3118,206,13158,California
Imperial,2021-02-09,490,16769,153,7609,337,9160,0,0,322,10197,168,3286,325,13483,California
Imperial,2021-02-10,479,17248,59,7668,420,9580,0,0,111,9943,368,3654,114,13597,California
Imperial,2021-02-11,1083,18331,387,8055,696,10276,0,0,180,9228,898,4552,183,13780,California
Imperial,2021-02-12,2183,20514,1438,9493,745,11021,0,0,1827,10702,359,4911,1833,15613,California
Imperial,2021-02-13,110,20624,57,9550,53,11074,0,0,92,10775,21,4932,94,15707,California
Imperial,2021-02-14,50,20674,34,9584,16,11090,0,0,47,10819,3,4935,47,15754,California
Imperial,2021-02-15,145,20819,37,9621,108,11198,0,0,127,10931,18,4953,130,15884,California
Imperial,2021-02-16,521,21340,264,9885,257,11455,0,0,303,11020,218,5171,307,16191,California
Imperial,2021-02-17,460,21800,303,10188,157,11612,0,0,104,10773,356,5527,109,16300,California
Imperial,2021-02-18,681,22481,328,10516,353,11965,0,0,160,10423,520,6047,170,16470,California
Imperial,2021-02-19,792,23273,400,10916,392,12357,0,0,207,10048,584,6631,209,16679,California
Imperial,2021-02-20,1062,24335,208,11124,854,13211,0,0,337,9672,723,7354,347,17026,California
Imperial,2021-02-21,616,24951,582,11706,34,13245,0,0,608,10276,7,7361,611,17637,California
Imperial,2021-02-22,847,25798,599,12305,248,13493,0,0,781,10997,65,7426,786,18423,California
Imperial,2021-02-23,1138,26936,535,12840,603,14096,0,0,967,11807,170,7596,980,19403,California
Imperial,2021-02-24,796,27732,355,13195,441,14537,0,0,670,12367,124,7720,684,20087,California
Imperial,2021-02-25,955,28687,421,13616,534,15071,0,0,538,12511,417,8137,561,20648,California
Imperial,2021-02-26,2369,31056,1409,15025,960,16031,0,0,1856,13877,512,8649,1878,22526,California
Imperial,2021-02-27,1010,32066,923,15948,87,16118,0,0,251,13388,760,9409,271,22797,California
Imperial,2021-02-28,109,32175,90,16038,19,16137,0,0,88,13466,21,9430,99,22896,California
Imperial,2021-03-01,587,32762,358,16396,226,16363,3,3,500,13897,83,9513,514,23410,California
Imperial,2021-03-02,778,33540,300,16696,477,16840,1,4,438,14011,338,9851,452,23862,California
Imperial,2021-03-03,1001,34541,96,16792,905,17745,0,4,606,14254,391,10242,634,24496,California
Imperial,2021-03-04,839,35380,151,16943,687,18432,1,5,547,14561,290,10532,597,25093,California
Imperial,2021-03-05,3167,38547,2268,19211,899,19331,0,5,1783,14988,1388,11920,1815,26908,California
Imperial,2021-03-06,818,39365,330,19541,488,19819,0,5,722,15643,93,12013,748,27656,California
Imperial,2021-03-07,158,39523,103,19644,55,19874,0,5,105,15721,52,12065,130,27786,California
Imperial,2021-03-08,500,40023,387,20031,77,19951,36,41,407,16105,93,12158,477,28263,California
Imperial,2021-03-09,746,40769,353,20384,144,20095,249,290,447,16504,299,12457,698,28961,California
Imperial,2021-03-10,835,41604,366,20750,285,20380,184,474,369,16605,465,12922,566,29527,California
Imperial,2021-03-11,1944,43548,527,21277,1147,21527,270,744,1237,17433,703,13625,1531,31058,California
Imperial,2021-03-12,4971,48519,3491,24768,1215,22742,265,1009,3154,19062,1811,15436,3440,34498,California
Imperial,2021-03-13,1235,49754,117,24885,884,23626,234,1243,893,19875,339,15775,1152,35650,California
Imperial,2021-03-14,216,49970,60,24945,142,23768,14,1257,156,20002,59,15834,186,35836,California
Imperial,2021-03-15,781,50751,267,25212,219,23987,295,1552,417,20372,361,16195,731,36567,California
Imperial,2021-03-16,1261,52012,372,25584,379,24366,510,2062,606,20866,652,16847,1146,37713,California
Imperial,2021-03-17,1719,53731,741,26325,793,25159,185,2247,1056,21460,656,17503,1250,38963,California
Imperial,2021-03-18,1901,55632,1251,27576,565,25724,85,2332,1306,22266,590,18093,1396,40359,California
Imperial,2021-03-19,3881,59513,2824,30400,1033,26757,24,2356,1952,22323,1922,20015,1979,42338,California
Imperial,2021-03-20,1828,61341,583,30983,1227,27984,18,2374,1349,23225,471,20486,1373,43711,California
Imperial,2021-03-21,292,61633,104,31087,183,28167,5,2379,165,23276,127,20613,178,43889,California
Imperial,2021-03-22,1110,62743,400,31487,703,28870,7,2386,645,23476,463,21076,663,44552,California
Imperial,2021-03-23,1545,64288,556,32043,983,29853,6,2392,964,23874,577,21653,975,45527,California
Imperial,2021-03-24,2212,66500,637,32680,1149,31002,426,2818,1190,24475,1018,22671,1619,47146,California
Imperial,2021-03-25,3307,69807,798,33478,889,31891,1620,4438,1247,25280,2054,24725,2859,50005,California
Imperial,2021-03-26,3291,73098,1252,34730,1038,32929,1001,5439,945,24897,2334,27059,1951,51956,California
Imperial,2021-03-27,685,73783,327,35057,291,33220,67,5506,451,25187,230,27289,520,52476,California
Imperial,2021-03-28,247,74030,79,35136,161,33381,7,5513,182,25314,63,27352,190,52666,California
Imperial,2021-03-29,1599,75629,392,35528,407,33788,800,6313,330,25181,1264,28616,1131,53797,California
Imperial,2021-03-30,2207,77836,726,36254,598,34386,883,7196,689,25235,1515,30131,1569,55366,California
Imperial,2021-03-31,1635,79471,768,37022,812,35198,55,7251,1024,25705,608,30739,1078,56444,California
Imperial,2021-04-01,2192,81663,467,37489,1400,36598,325,7576,888,25622,1296,32035,1213,57657,California
Imperial,2021-04-02,2251,83914,515,38004,1601,38199,135,7711,1446,26406,797,32832,1581,59238,California
Imperial,2021-04-03,1566,85480,460,38464,1018,39217,88,7799,714,26361,849,33681,804,60042,California
Imperial,2021-04-04,111,85591,67,38531,27,39244,17,7816,33,26334,78,33759,51,60093,California
Imperial,2021-04-05,3498,89089,2349,40880,925,40169,224,8040,812,24701,2675,36434,1042,61135,California
Imperial,2021-04-06,1435,90524,572,41452,602,40771,261,8301,696,24927,734,37168,960,62095,California
Imperial,2021-04-07,2283,92807,613,42065,1235,42006,435,8736,1578,26227,708,37876,2008,64103,California
Imperial,2021-04-08,2318,95125,1121,43186,843,42849,354,9090,1082,26430,1231,39107,1434,65537,California
Imperial,2021-04-09,3568,98693,1712,44898,1061,43910,795,9885,1576,26814,1982,41089,2366,67903,California
Imperial,2021-04-10,1398,100091,226,45124,849,44759,323,10208,245,26230,1149,42238,565,68468,California
Imperial,2021-04-11,253,100344,62,45186,158,44917,33,10241,84,26180,169,42407,119,68587,California
Imperial,2021-04-12,1486,101830,808,45994,457,45374,221,10462,830,26584,648,43055,1052,69639,California
Imperial,2021-04-13,2961,104791,1919,47913,1040,46414,2,10464,2033,27699,923,43978,2038,71677,California
Imperial,2021-04-14,2078,106869,983,48896,1095,47509,0,10464,1396,28424,676,44654,1401,73078,California
Imperial,2021-04-15,2043,108912,958,49854,1085,48594,0,10464,1369,29130,669,45323,1375,74453,California
Imperial,2021-04-16,3558,112470,1823,51677,1735,50329,0,10464,2227,30044,1316,46639,2230,76683,California
Imperial,2021-04-17,1887,114357,957,52634,928,51257,2,10466,1458,31081,424,47063,1461,78144,California
Imperial,2021-04-18,274,114631,85,52719,189,51446,0,10466,92,30996,180,47243,95,78239,California
Imperial,2021-04-19,852,115483,270,52989,582,52028,0,10466,421,30994,428,47671,426,78665,California
Imperial,2021-04-20,1392,116875,554,53543,838,52866,0,10466,777,31161,613,48284,780,79445,California
Imperial,2021-04-21,1477,118352,380,53923,1096,53962,1,10467,844,31379,626,48910,844,80289,California
Imperial,2021-04-22,2509,120861,831,54754,1678,55640,0,10467,1747,32382,746,49656,1749,82038,California
Imperial,2021-04-23,2871,123732,551,55305,2320,57960,0,10467,1110,31767,1729,51385,1114,83152,California
Imperial,2021-04-24,592,124324,326,55631,266,58226,0,10467,234,31646,355,51740,234,83386,California
Imperial,2021-04-25,273,124597,103,55734,170,58396,0,10467,132,31639,139,51879,132,83518,California
Imperial,2021-04-26,1239,125836,483,56217,751,59147,5,10472,710,31832,522,52401,715,84233,California
Imperial,2021-04-27,1164,127000,371,56588,782,59929,11,10483,590,31866,568,52969,602,84835,California
Imperial,2021-04-28,1540,128540,651,57239,856,60785,33,10516,708,31782,825,53794,741,85576,California
Imperial,2021-04-29,1886,130426,866,58105,972,61757,48,10564,849,31656,1025,54819,899,86475,California
Imperial,2021-04-30,3330,133756,1689,59794,1603,63360,38,10602,1613,31602,1705,56524,1651,88126,California
Imperial,2021-05-01,370,134126,129,59923,238,63598,3,10605,195,31629,173,56697,200,88326,California
Imperial,2021-05-02,92,134218,29,59952,56,63654,7,10612,41,31627,51,56748,49,88375,California
Imperial,2021-05-03,1645,135863,546,60498,1050,64704,49,10661,368,30779,1264,58012,416,88791,California
Imperial,2021-05-04,1818,137681,969,61467,822,65526,27,10688,591,30178,1219,59231,618,89409,California
Imperial,2021-05-05,1555,139236,911,62378,624,66150,20,10708,475,29606,1068,60299,496,89905,California
Imperial,2021-05-06,1746,140982,1140,63518,564,66714,42,10750,564,29038,1176,61475,608,90513,California
Imperial,2021-05-07,2646,143628,1454,64972,1135,67849,57,10807,899,28270,1727,63202,959,91472,California
Imperial,2021-05-08,817,144445,649,65621,159,68008,9,10816,211,27891,599,63801,220,91692,California
Imperial,2021-05-09,102,144547,70,65691,31,68039,1,10817,29,27851,70,63871,30,91722,California
Imperial,2021-05-10,1182,145729,303,65994,755,68794,124,10941,361,27521,813,64684,483,92205,California
Imperial,2021-05-11,1523,147252,477,66471,1025,69819,21,10962,536,27104,979,65663,562,92767,California
Imperial,2021-05-12,903,148155,282,66753,581,70400,40,11002,342,26929,556,66219,381,93148,California
Imperial,2021-05-13,1912,150067,1259,68012,581,70981,72,11074,862,26822,1039,67258,932,94080,California
Imperial,2021-05-14,1824,151891,973,68985,789,71770,62,11136,1186,27444,626,67884,1248,95328,California
Imperial,2021-05-15,1282,153173,482,69467,778,72548,22,11158,485,27161,791,68675,508,95836,California
Imperial,2021-05-16,128,153301,87,69554,37,72585,4,11162,54,27146,73,68748,58,95894,California
Imperial,2021-05-17,1982,155283,725,70279,1206,73791,51,11213,692,26606,1283,70031,743,96637,California
Imperial,2021-05-18,1783,157066,895,71174,812,74603,76,11289,968,26844,807,70838,1045,97682,California
Imperial,2021-05-19,1366,158432,624,71798,673,75276,69,11358,636,26827,721,71559,704,98386,California
Imperial,2021-05-20,1809,160241,1040,72838,691,75967,78,11436,764,26638,1031,72590,842,99228,California
Imperial,2021-05-21,1985,162226,1242,74080,679,76646,64,11500,997,26724,975,73565,1061,100289,California
Imperial,2021-05-22,358,162584,194,74274,140,76786,24,11524,172,26740,180,73745,196,100485,California
Imperial,2021-05-23,95,162679,35,74309,51,76837,9,11533,33,26722,60,73805,42,100527,California
Imperial,2021-05-24,1284,163963,629,74938,595,77432,60,11593,529,26562,748,74553,588,101115,California
Imperial,2021-05-25,1559,165522,488,75426,1023,78455,48,11641,565,26193,983,75536,614,101729,California
Imperial,2021-05-26,1133,166655,580,76006,495,78950,58,11699,504,26130,624,76160,561,102290,California
Imperial,2021-05-27,1409,168064,754,76760,582,79532,73,11772,695,26189,709,76869,768,103058,California
Imperial,2021-05-28,1125,169189,613,77373,420,79952,92,11864,416,26002,696,77565,509,103567,California
Imperial,2021-05-29,348,169537,152,77525,155,80107,41,11905,161,26017,187,77752,202,103769,California
Imperial,2021-05-30,99,169636,30,77555,67,80174,2,11907,68,26056,31,77783,70,103839,California
Imperial,2021-05-31,80,169716,20,77575,53,80227,7,11914,36,26055,44,77827,43,103882,California
Imperial,2021-06-01,1316,171032,575,78150,622,80849,119,12033,499,25865,809,78636,619,104501,California
Imperial,2021-06-02,1199,172231,620,78770,457,81306,122,12155,599,25993,591,79227,719,105220,California
Imperial,2021-06-03,1365,173596,756,79526,471,81777,138,12293,633,26039,725,79952,771,105991,California
Imperial,2021-06-04,2495,176091,1733,81259,603,82380,159,12452,1034,25782,1449,81401,1192,107183,California
Imperial,2021-06-05,460,176551,258,81517,144,82524,58,12510,214,25813,241,81642,272,107455,California
Imperial,2021-06-06,81,176632,47,81564,22,82546,12,12522,45,25834,36,81678,57,107512,California
Imperial,2021-06-07,1008,177640,657,82221,285,82831,66,12588,479,25853,526,82204,545,108057,California
Imperial,2021-06-08,1452,179092,1044,83265,322,83153,86,12674,580,25650,867,83071,664,108721,California
Imperial,2021-06-09,1130,180222,782,84047,272,83425,76,12750,512,25626,611,83682,587,109308,California
Imperial,2021-06-10,1217,181439,789,84836,354,83779,74,12824,457,25401,755,84437,530,109838,California
Imperial,2021-06-11,1711,183150,1200,86036,443,84222,68,12892,736,25244,961,85398,804,110642,California
Imperial,2021-06-12,309,183459,141,86177,137,84359,31,12923,138,25244,169,85567,169,110811,California
Imperial,2021-06-13,85,183544,23,86200,60,84419,2,12925,54,25271,30,85597,57,110868,California
Imperial,2021-06-14,867,184411,611,86811,212,84631,44,12969,370,25192,493,86090,414,111282,California
Imperial,2021-06-15,1083,185494,750,87561,285,84916,48,13017,486,25138,589,86679,535,111817,California
Imperial,2021-06-16,1022,186516,651,88212,301,85217,70,13087,484,25159,534,87213,555,112372,California
Imperial,2021-06-17,1108,187624,781,88993,267,85484,60,13147,483,25080,620,87833,541,112913,California
Imperial,2021-06-18,1176,188800,821,89814,285,85769,70,13217,715,25415,449,88282,784,113697,California
Imperial,2021-06-19,345,189145,213,90027,117,85886,15,13232,172,25430,172,88454,187,113884,California
Imperial,2021-06-20,63,189208,30,90057,29,85915,4,13236,24,25419,39,88493,28,113912,California
Imperial,2021-06-21,677,189885,412,90469,227,86142,38,13274,415,25619,255,88748,455,114367,California
Imperial,2021-06-22,1164,191049,803,91272,311,86453,50,13324,629,25772,527,89275,680,115047,California
Imperial,2021-06-23,1138,192187,777,92049,300,86753,61,13385,617,25938,511,89786,677,115724,California
Imperial,2021-06-24,1047,193234,709,92758,290,87043,48,13433,537,26018,505,90291,585,116309,California
Imperial,2021-06-25,1415,194649,1044,93802,290,87333,81,13514,600,25896,802,91093,680,116989,California
Imperial,2021-06-26,249,194898,153,93955,87,87420,9,13523,82,25822,165,91258,91,117080,California
Imperial,2021-06-27,123,195021,60,94015,58,87478,5,13528,51,25805,72,91330,55,117135,California
Imperial,2021-06-28,642,195663,463,94478,157,87635,22,13550,335,25859,302,91632,356,117491,California
Imperial,2021-06-29,816,196479,599,95077,173,87808,44,13594,381,25854,431,92063,426,117917,California
Imperial,2021-06-30,842,197321,541,95618,278,88086,23,13617,345,25731,493,92556,370,118287,California
Imperial,2021-07-01,760,198081,539,96157,205,88291,16,13633,366,25726,387,92943,382,118669,California
Imperial,2021-07-02,719,198800,482,96639,222,88513,15,13648,308,25642,407,93350,323,118992,California
Imperial,2021-07-03,140,198940,72,96711,66,88579,2,13650,69,25644,68,93418,70,119062,California
Inyo,2020-12-19,85,85,85,85,0,0,0,0,85,85,0,0,85,85,California
Inyo,2020-12-20,58,143,58,143,0,0,0,0,58,143,0,0,58,143,California
Inyo,2020-12-21,88,231,85,228,3,3,0,0,88,231,0,0,88,231,California
Inyo,2020-12-22,105,336,105,333,0,3,0,0,105,336,0,0,105,336,California
Inyo,2020-12-23,70,406,67,400,3,6,0,0,70,406,0,0,70,406,California
Inyo,2020-12-24,15,421,15,415,0,6,0,0,15,421,0,0,15,421,California
Inyo,2020-12-25,1,422,0,415,1,7,0,0,1,422,0,0,1,422,California
Inyo,2020-12-26,74,496,74,489,0,7,0,0,74,496,0,0,74,496,California
Inyo,2020-12-28,48,544,36,525,12,19,0,0,48,544,0,0,48,544,California
Inyo,2020-12-29,19,563,19,544,0,19,0,0,19,563,0,0,19,563,California
Inyo,2020-12-30,56,619,54,598,2,21,0,0,56,619,0,0,56,619,California
Inyo,2020-12-31,29,648,0,598,29,50,0,0,29,648,0,0,29,648,California
Inyo,2021-01-01,1,649,0,598,1,51,0,0,1,649,0,0,1,649,California
Inyo,2021-01-03,1,650,0,598,1,52,0,0,1,650,0,0,1,650,California
Inyo,2021-01-04,4,654,1,599,3,55,0,0,4,654,0,0,4,654,California
Inyo,2021-01-05,34,688,0,599,34,89,0,0,34,688,0,0,34,688,California
Inyo,2021-01-06,68,756,0,599,68,157,0,0,68,756,0,0,68,756,California
Inyo,2021-01-07,31,787,1,600,30,187,0,0,31,787,0,0,31,787,California
Inyo,2021-01-08,9,796,8,608,1,188,0,0,4,787,5,5,5,792,California
Inyo,2021-01-09,87,883,86,694,1,189,0,0,1,702,86,91,1,793,California
Inyo,2021-01-10,52,935,52,746,0,189,0,0,0,650,52,143,0,793,California
Inyo,2021-01-11,97,1032,82,828,15,204,0,0,16,585,81,224,16,809,California
Inyo,2021-01-12,138,1170,117,945,21,225,0,0,28,503,110,334,28,837,California
Inyo,2021-01-13,86,1256,68,1013,18,243,0,0,21,460,65,399,22,859,California
Inyo,2021-01-14,59,1315,13,1026,46,289,0,0,49,499,10,409,49,908,California
Inyo,2021-01-15,163,1478,28,1054,135,424,0,0,163,662,0,409,163,1071,California
Inyo,2021-01-16,74,1552,73,1127,1,425,0,0,1,590,73,482,1,1072,California
Inyo,2021-01-18,58,1610,36,1163,22,447,0,0,19,570,39,521,19,1091,California
Inyo,2021-01-19,116,1726,74,1237,42,489,0,0,99,652,17,538,99,1190,California
Inyo,2021-01-20,148,1874,71,1308,77,566,0,0,93,690,55,593,93,1283,California
Inyo,2021-01-21,120,1994,57,1365,63,629,0,0,119,808,1,594,119,1402,California
Inyo,2021-01-22,63,2057,0,1365,63,692,0,0,61,867,2,596,61,1463,California
Inyo,2021-01-23,54,2111,52,1417,2,694,0,0,53,920,0,596,53,1516,California
Inyo,2021-01-25,49,2160,6,1423,43,737,0,0,37,945,12,608,37,1553,California
Inyo,2021-01-26,136,2296,55,1478,81,818,0,0,130,1069,6,614,130,1683,California
Inyo,2021-01-27,24,2320,2,1480,22,840,0,0,23,1091,1,615,23,1706,California
Inyo,2021-01-28,92,2412,2,1482,90,930,0,0,63,1125,29,644,63,1769,California
Inyo,2021-01-29,25,2437,3,1485,22,952,0,0,23,1146,2,646,23,1792,California
Inyo,2021-01-30,11,2448,1,1486,10,962,0,0,11,1157,0,646,11,1803,California
Inyo,2021-01-31,32,2480,4,1490,28,990,0,0,4,1133,28,674,4,1807,California
Inyo,2021-02-01,11,2491,10,1500,1,991,0,0,1,1124,10,684,1,1808,California
Inyo,2021-02-02,130,2621,14,1514,116,1107,0,0,104,1202,26,710,104,1912,California
Inyo,2021-02-03,118,2739,0,1514,118,1225,0,0,74,1232,44,754,74,1986,California
Inyo,2021-02-04,152,2891,34,1548,118,1343,0,0,91,1263,61,815,92,2078,California
Inyo,2021-02-05,118,3009,62,1610,56,1399,0,0,116,1377,2,817,116,2194,California
Inyo,2021-02-06,5,3014,3,1613,2,1401,0,0,3,1379,1,818,3,2197,California
Inyo,2021-02-07,4,3018,2,1615,2,1403,0,0,4,1383,0,818,4,2201,California
Inyo,2021-02-08,117,3135,7,1622,110,1513,0,0,97,1460,20,838,97,2298,California
Inyo,2021-02-09,201,3336,52,1674,149,1662,0,0,128,1515,73,911,128,2426,California
Inyo,2021-02-10,140,3476,16,1690,124,1786,0,0,107,1589,33,944,107,2533,California
Inyo,2021-02-11,222,3698,57,1747,165,1951,0,0,126,1619,96,1040,126,2659,California
Inyo,2021-02-12,303,4001,52,1799,251,2202,0,0,168,1653,134,1174,168,2827,California
Inyo,2021-02-13,59,4060,54,1853,5,2207,0,0,7,1608,52,1226,7,2834,California
Inyo,2021-02-14,2,4062,0,1853,2,2209,0,0,2,1610,0,1226,2,2836,California
Inyo,2021-02-15,29,4091,9,1862,20,2229,0,0,5,1591,24,1250,5,2841,California
Inyo,2021-02-16,184,4275,54,1916,130,2359,0,0,92,1594,89,1339,92,2933,California
Inyo,2021-02-17,38,4313,4,1920,34,2393,0,0,8,1572,30,1369,8,2941,California
Inyo,2021-02-18,122,4435,6,1926,116,2509,0,0,79,1608,43,1412,79,3020,California
Inyo,2021-02-19,53,4488,4,1930,49,2558,0,0,10,1575,43,1455,10,3030,California
Inyo,2021-02-20,513,5001,507,2437,6,2564,0,0,509,2081,3,1458,509,3539,California
Inyo,2021-02-21,446,5447,446,2883,0,2564,0,0,445,2526,0,1458,445,3984,California
Inyo,2021-02-22,62,5509,19,2902,43,2607,0,0,27,2518,35,1493,27,4011,California
Inyo,2021-02-23,200,5709,19,2921,181,2788,0,0,94,2508,104,1597,94,4105,California
Inyo,2021-02-24,118,5827,0,2921,118,2906,0,0,57,2504,61,1658,57,4162,California
Inyo,2021-02-25,132,5959,5,2926,127,3033,0,0,62,2496,70,1728,62,4224,California
Inyo,2021-02-26,105,6064,61,2987,44,3077,0,0,20,2431,85,1813,20,4244,California
Inyo,2021-02-27,14,6078,3,2990,11,3088,0,0,2,2421,12,1825,2,4246,California
Inyo,2021-02-28,3,6081,1,2991,2,3090,0,0,2,2422,1,1826,2,4248,California
Inyo,2021-03-01,19,6100,2,2993,17,3107,0,0,17,2437,2,1828,17,4265,California
Inyo,2021-03-02,197,6297,1,2994,196,3303,0,0,112,2464,85,1913,112,4377,California
Inyo,2021-03-03,87,6384,4,2998,83,3386,0,0,42,2462,44,1957,42,4419,California
Inyo,2021-03-04,127,6511,3,3001,124,3510,0,0,45,2426,81,2038,45,4464,California
Inyo,2021-03-05,146,6657,57,3058,89,3599,0,0,42,2364,104,2142,42,4506,California
Inyo,2021-03-06,30,6687,1,3059,29,3628,0,0,29,2392,1,2143,29,4535,California
Inyo,2021-03-07,7,6694,4,3063,3,3631,0,0,5,2395,2,2145,5,4540,California
Inyo,2021-03-08,184,6878,5,3068,179,3810,0,0,91,2393,93,2238,91,4631,California
Inyo,2021-03-09,191,7069,3,3071,188,3998,0,0,74,2350,117,2355,74,4705,California
Inyo,2021-03-10,71,7140,8,3079,62,4060,1,1,30,2340,41,2396,31,4736,California
Inyo,2021-03-11,205,7345,1,3080,199,4259,5,6,74,2288,131,2527,79,4815,California
Inyo,2021-03-12,178,7523,5,3085,167,4426,6,12,77,2271,100,2627,83,4898,California
Inyo,2021-03-13,584,8107,549,3634,25,4451,10,22,70,1839,512,3139,80,4978,California
Inyo,2021-03-14,441,8548,440,4074,1,4452,0,22,2,1403,438,3577,2,4980,California
Inyo,2021-03-15,51,8599,15,4089,34,4486,2,24,30,1414,21,3598,32,5012,California
Inyo,2021-03-16,165,8764,4,4093,155,4641,6,30,63,1384,100,3698,70,5082,California
Inyo,2021-03-17,108,8872,3,4096,98,4739,7,37,92,1467,16,3714,99,5181,California
Inyo,2021-03-18,185,9057,16,4112,162,4901,7,44,104,1497,81,3795,111,5292,California
Inyo,2021-03-19,47,9104,5,4117,38,4939,4,48,36,1527,10,3805,40,5332,California
Inyo,2021-03-20,20,9124,1,4118,10,4949,9,57,1,1518,19,3824,10,5342,California
Inyo,2021-03-22,59,9183,3,4121,51,5000,5,62,39,1542,20,3844,44,5386,California
Inyo,2021-03-23,195,9378,4,4125,187,5187,4,66,105,1561,90,3934,109,5495,California
Inyo,2021-03-24,141,9519,3,4128,133,5320,5,71,86,1597,55,3989,91,5586,California
Inyo,2021-03-25,330,9849,110,4238,217,5537,3,74,264,1798,66,4055,267,5853,California
Inyo,2021-03-26,92,9941,3,4241,85,5622,4,78,71,1852,21,4076,75,5928,California
Inyo,2021-03-27,53,9994,45,4286,5,5627,3,81,47,1896,6,4082,50,5978,California
Inyo,2021-03-28,4,9998,1,4287,2,5629,1,82,1,1895,3,4085,2,5980,California
Inyo,2021-03-29,109,10107,2,4289,102,5731,5,87,82,1956,26,4111,87,6067,California
Inyo,2021-03-30,221,10328,2,4291,214,5945,5,92,109,1958,112,4223,114,6181,California
Inyo,2021-03-31,150,10478,4,4295,141,6086,5,97,107,2028,43,4266,113,6294,California
Inyo,2021-04-01,166,10644,3,4298,162,6248,1,98,117,2097,49,4315,118,6412,California
Inyo,2021-04-02,80,10724,1,4299,77,6325,2,100,49,2117,31,4346,51,6463,California
Inyo,2021-04-03,92,10816,46,4345,32,6357,14,114,4,2048,86,4432,17,6480,California
Inyo,2021-04-04,5,10821,4,4349,0,6357,1,115,1,2046,4,4436,2,6482,California
Inyo,2021-04-05,117,10938,1,4350,112,6469,4,119,29,1991,88,4524,33,6515,California
Inyo,2021-04-06,237,11175,5,4355,169,6638,63,182,105,2027,132,4656,168,6683,California
Inyo,2021-04-07,204,11379,1,4356,76,6714,127,309,47,2043,158,4814,174,6857,California
Inyo,2021-04-08,182,11561,15,4371,150,6864,17,326,82,2042,100,4914,99,6956,California
Inyo,2021-04-09,125,11686,7,4378,95,6959,23,349,37,2015,87,5001,60,7016,California
Inyo,2021-04-10,42,11728,1,4379,24,6983,17,366,3,1996,39,5040,20,7036,California
Inyo,2021-04-11,1,11729,0,4379,1,6984,0,366,1,1997,0,5040,1,7037,California
Inyo,2021-04-12,79,11808,0,4379,74,7058,5,371,41,2005,38,5078,46,7083,California
Inyo,2021-04-13,124,11932,5,4384,116,7174,3,374,64,2014,58,5136,67,7150,California
Inyo,2021-04-14,130,12062,2,4386,128,7302,0,374,45,1974,85,5221,45,7195,California
Inyo,2021-04-15,275,12337,117,4503,158,7460,0,374,79,1857,196,5417,79,7274,California
Inyo,2021-04-16,48,12385,6,4509,42,7502,0,374,19,1848,28,5445,19,7293,California
Inyo,2021-04-17,2,12387,1,4510,1,7503,0,374,1,1848,1,5446,1,7294,California
Inyo,2021-04-19,133,12520,44,4554,89,7592,0,374,46,1808,86,5532,46,7340,California
Inyo,2021-04-20,163,12683,2,4556,161,7753,0,374,79,1803,84,5616,79,7419,California
Inyo,2021-04-21,113,12796,5,4561,108,7861,0,374,32,1754,81,5697,32,7451,California
Inyo,2021-04-22,195,12991,1,4562,194,8055,0,374,51,1661,144,5841,51,7502,California
Inyo,2021-04-23,95,13086,4,4566,91,8146,0,374,22,1610,73,5914,22,7524,California
Inyo,2021-04-24,309,13395,308,4874,1,8147,0,374,305,1911,4,5918,305,7829,California
Inyo,2021-04-25,135,13530,134,5008,1,8148,0,374,135,2046,0,5918,135,7964,California
Inyo,2021-04-26,93,13623,2,5010,90,8238,1,375,11,1977,81,5999,12,7976,California
Inyo,2021-04-27,184,13807,7,5017,172,8410,5,380,48,1894,136,6135,53,8029,California
Inyo,2021-04-28,121,13928,2,5019,117,8527,2,382,20,1816,100,6235,22,8051,California
Inyo,2021-04-29,171,14099,55,5074,116,8643,0,382,77,1800,93,6328,77,8128,California
Inyo,2021-04-30,82,14181,5,5079,76,8719,1,383,23,1765,59,6387,24,8152,California
Inyo,2021-05-01,12,14193,3,5082,9,8728,0,383,10,1773,2,6389,10,8162,California
Inyo,2021-05-02,7,14200,3,5085,2,8730,2,385,4,1776,3,6392,6,8168,California
Inyo,2021-05-03,38,14238,1,5086,33,8763,4,389,5,1752,33,6425,9,8177,California
Inyo,2021-05-04,123,14361,2,5088,117,8880,4,393,19,1671,104,6529,23,8200,California
Inyo,2021-05-05,36,14397,0,5088,34,8914,2,395,11,1659,25,6554,13,8213,California
Inyo,2021-05-06,94,14491,4,5092,82,8996,8,403,13,1599,81,6635,21,8234,California
Inyo,2021-05-07,50,14541,5,5097,37,9033,8,411,24,1607,24,6659,32,8266,California
Inyo,2021-05-08,11,14552,2,5099,4,9037,5,416,4,1609,7,6666,9,8275,California
Inyo,2021-05-09,1,14553,0,5099,1,9038,0,416,0,1608,1,6667,0,8275,California
Inyo,2021-05-10,70,14623,1,5100,67,9105,2,418,32,1604,39,6706,35,8310,California
Inyo,2021-05-11,88,14711,1,5101,84,9189,3,421,20,1559,68,6774,23,8333,California
Inyo,2021-05-12,43,14754,2,5103,39,9228,2,423,11,1540,32,6806,13,8346,California
Inyo,2021-05-13,75,14829,1,5104,73,9301,1,424,12,1490,63,6869,13,8359,California
Inyo,2021-05-14,28,14857,5,5109,18,9319,5,429,14,1495,14,6883,19,8378,California
Inyo,2021-05-15,379,15236,367,5476,10,9329,2,431,85,1288,294,7177,87,8465,California
Inyo,2021-05-16,200,15436,200,5676,0,9329,0,431,73,1234,127,7304,73,8538,California
Inyo,2021-05-17,64,15500,3,5679,57,9386,4,435,18,1211,45,7349,22,8560,California
Inyo,2021-05-18,84,15584,2,5681,81,9467,1,436,17,1162,67,7416,18,8578,California
Inyo,2021-05-19,46,15630,2,5683,39,9506,5,441,13,1147,33,7449,18,8596,California
Inyo,2021-05-20,146,15776,83,5766,62,9568,1,442,37,1075,110,7559,38,8634,California
Inyo,2021-05-21,49,15825,18,5784,26,9594,5,447,19,1069,30,7589,24,8658,California
Inyo,2021-05-22,25,15850,15,5799,7,9601,3,450,18,1083,7,7596,21,8679,California
Inyo,2021-05-23,2,15852,1,5800,0,9601,1,451,0,1082,2,7598,1,8680,California
Inyo,2021-05-24,33,15885,6,5806,24,9625,3,454,13,1078,20,7618,16,8696,California
Inyo,2021-05-25,82,15967,39,5845,41,9666,2,456,47,1092,35,7653,49,8745,California
Inyo,2021-05-26,44,16011,16,5861,26,9692,2,458,21,1093,22,7675,23,8768,California
Inyo,2021-05-27,39,16050,10,5871,21,9713,8,466,12,1087,26,7701,20,8788,California
Inyo,2021-05-28,26,16076,6,5877,15,9728,5,471,8,1082,18,7719,13,8801,California
Inyo,2021-05-29,16,16092,5,5882,11,9739,0,471,7,1080,9,7728,7,8808,California
Inyo,2021-05-30,2,16094,0,5882,2,9741,0,471,0,1078,2,7730,0,8808,California
Inyo,2021-06-01,54,16148,16,5898,32,9773,6,477,23,1076,31,7761,29,8837,California
Inyo,2021-06-02,11,16159,9,5907,1,9774,1,478,9,1084,2,7763,10,8847,California
Inyo,2021-06-03,25,16184,0,5907,18,9792,7,485,1,1068,24,7787,8,8855,California
Inyo,2021-06-04,32,16216,6,5913,22,9814,4,489,12,1064,20,7807,16,8871,California
Inyo,2021-06-05,17,16233,8,5921,8,9822,1,490,4,1056,13,7820,5,8876,California
Inyo,2021-06-06,1,16234,1,5922,0,9822,0,490,1,1057,0,7820,1,8877,California
Inyo,2021-06-07,51,16285,15,5937,33,9855,3,493,5,1019,46,7866,8,8885,California
Inyo,2021-06-08,51,16336,23,5960,25,9880,3,496,24,1019,27,7893,27,8912,California
Inyo,2021-06-09,111,16447,95,6055,14,9894,2,498,14,938,97,7990,16,8928,California
Inyo,2021-06-10,53,16500,39,6094,9,9903,5,503,15,920,38,8028,20,8948,California
Inyo,2021-06-11,43,16543,23,6117,18,9921,2,505,17,913,26,8054,19,8967,California
Inyo,2021-06-12,15,16558,8,6125,6,9927,1,506,5,909,10,8064,6,8973,California
Inyo,2021-06-13,1,16559,0,6125,1,9928,0,506,0,908,1,8065,0,8973,California
Inyo,2021-06-14,58,16617,27,6152,28,9956,3,509,8,869,50,8115,11,8984,California
Inyo,2021-06-15,52,16669,39,6191,9,9965,4,513,9,839,43,8158,13,8997,California
Inyo,2021-06-16,32,16701,19,6210,13,9978,0,513,6,819,26,8184,6,9003,California
Inyo,2021-06-17,23,16724,13,6223,6,9984,4,517,5,811,17,8201,9,9012,California
Inyo,2021-06-18,14,16738,5,6228,6,9990,3,520,2,804,12,8213,5,9017,California
Inyo,2021-06-19,21,16759,7,6235,13,10003,1,521,7,799,13,8226,8,9025,California
Inyo,2021-06-21,29,16788,8,6243,18,10021,3,524,13,799,16,8242,16,9041,California
Inyo,2021-06-22,50,16838,41,6284,7,10028,2,526,24,799,26,8268,26,9067,California
Inyo,2021-06-23,14,16852,6,6290,7,10035,1,527,1,788,13,8281,2,9069,California
Inyo,2021-06-24,6,16858,2,6292,3,10038,1,528,3,789,3,8284,4,9073,California
Inyo,2021-06-25,26,16884,10,6302,13,10051,3,531,12,790,14,8298,15,9088,California
Inyo,2021-06-26,12,16896,6,6308,4,10055,2,533,4,788,8,8306,6,9094,California
Inyo,2021-06-28,13,16909,11,6319,2,10057,0,533,8,791,5,8311,8,9102,California
Inyo,2021-06-29,34,16943,29,6348,5,10062,0,533,14,785,20,8331,14,9116,California
Inyo,2021-06-30,21,16964,17,6365,4,10066,0,533,7,778,14,8345,7,9123,California
Inyo,2021-07-01,13,16977,9,6374,4,10070,0,533,8,781,5,8350,8,9131,California
Inyo,2021-07-02,21,16998,9,6383,12,10082,0,533,13,786,8,8358,13,9144,California
Inyo,2021-07-03,5,17003,5,6388,0,10082,0,533,4,789,1,8359,4,9148,California
Kern,2020-12-15,1,1,1,1,0,0,0,0,1,1,0,0,1,1,California
Kern,2020-12-16,19,20,19,20,0,0,0,0,19,20,0,0,19,20,California
Kern,2020-12-17,164,184,164,184,0,0,0,0,164,184,0,0,164,184,California
Kern,2020-12-18,325,509,325,509,0,0,0,0,325,509,0,0,325,509,California
Kern,2020-12-19,99,608,99,608,0,0,0,0,100,609,0,0,100,609,California
Kern,2020-12-20,62,670,62,670,0,0,0,0,62,671,0,0,62,671,California
Kern,2020-12-21,673,1343,672,1342,1,1,0,0,673,1344,0,0,673,1344,California
Kern,2020-12-22,533,1876,530,1872,3,4,0,0,533,1877,0,0,533,1877,California
Kern,2020-12-23,558,2434,420,2292,138,142,0,0,558,2435,0,0,558,2435,California
Kern,2020-12-24,123,2557,44,2336,79,221,0,0,123,2558,0,0,123,2558,California
Kern,2020-12-25,1,2558,1,2337,0,221,0,0,1,2559,0,0,1,2559,California
Kern,2020-12-26,34,2592,2,2339,32,253,0,0,34,2593,0,0,34,2593,California
Kern,2020-12-27,35,2627,3,2342,32,285,0,0,35,2628,0,0,35,2628,California
Kern,2020-12-28,831,3458,666,3008,165,450,0,0,831,3459,0,0,831,3459,California
Kern,2020-12-29,744,4202,451,3459,293,743,0,0,743,4201,1,1,743,4202,California
Kern,2020-12-30,1207,5409,915,4374,292,1035,0,0,1207,5408,0,1,1207,5409,California
Kern,2020-12-31,276,5685,99,4473,177,1212,0,0,276,5684,0,1,276,5685,California
Kern,2021-01-01,19,5704,10,4483,9,1221,0,0,19,5703,0,1,19,5704,California
Kern,2021-01-02,79,5783,18,4501,61,1282,0,0,79,5782,0,1,79,5783,California
Kern,2021-01-03,23,5806,4,4505,19,1301,0,0,23,5805,0,1,23,5806,California
Kern,2021-01-04,553,6359,361,4866,192,1493,0,0,553,6358,0,1,553,6359,California
Kern,2021-01-05,1134,7493,740,5606,394,1887,0,0,1122,7468,12,13,1122,7481,California
Kern,2021-01-06,1165,8658,449,6055,716,2603,0,0,1135,8573,30,43,1135,8616,California
Kern,2021-01-07,1415,10073,491,6546,924,3527,0,0,1245,9649,169,212,1245,9861,California
Kern,2021-01-08,1630,11703,771,7317,859,4386,0,0,1329,10677,302,514,1330,11191,California
Kern,2021-01-09,229,11932,79,7396,150,4536,0,0,193,10834,36,550,193,11384,California
Kern,2021-01-10,195,12127,149,7545,46,4582,0,0,154,10947,41,591,154,11538,California
Kern,2021-01-11,1562,13689,988,8533,574,5156,0,0,1004,11393,558,1149,1004,12542,California
Kern,2021-01-12,1878,15567,818,9351,1060,6216,0,0,1361,12237,517,1666,1361,13903,California
Kern,2021-01-13,1863,17430,879,10230,984,7200,0,0,1439,13252,424,2090,1439,15342,California
Kern,2021-01-14,2204,19634,655,10885,1549,8749,0,0,2158,15364,46,2136,2158,17500,California
Kern,2021-01-15,2729,22363,863,11748,1866,10615,0,0,2633,17903,95,2231,2634,20134,California
Kern,2021-01-16,675,23038,214,11962,461,11076,0,0,640,18508,35,2266,640,20774,California
Kern,2021-01-17,74,23112,7,11969,67,11143,0,0,72,18578,2,2268,72,20846,California
Kern,2021-01-18,1646,24758,657,12626,989,12132,0,0,1480,19892,166,2434,1480,22326,California
Kern,2021-01-19,1869,26627,1034,13660,835,12967,0,0,1401,20826,468,2902,1402,23728,California
Kern,2021-01-20,2738,29365,1793,15453,945,13912,0,0,1955,22005,778,3680,1957,25685,California
Kern,2021-01-21,2140,31505,875,16328,1265,15177,0,0,1942,23750,197,3877,1942,27627,California
Kern,2021-01-22,2735,34240,1314,17642,1421,16598,0,0,2454,25924,280,4157,2454,30081,California
Kern,2021-01-23,1258,35498,544,18186,714,17312,0,0,1209,27084,49,4206,1209,31290,California
Kern,2021-01-24,155,35653,12,18198,143,17455,0,0,149,27227,6,4212,149,31439,California
Kern,2021-01-25,2383,38036,1083,19281,1300,18755,0,0,1896,28639,485,4697,1897,33336,California
Kern,2021-01-26,2791,40827,1131,20412,1660,20415,0,0,1930,29709,860,5557,1930,35266,California
Kern,2021-01-27,3560,44387,1894,22306,1666,22081,0,0,2860,31872,697,6254,2860,38126,California
Kern,2021-01-28,2896,47283,1360,23666,1536,23617,0,0,2463,33910,428,6682,2466,40592,California
Kern,2021-01-29,3801,51084,1803,25469,1998,25615,0,0,3250,36612,548,7230,3250,43842,California
Kern,2021-01-30,1335,52419,499,25968,836,26451,0,0,1283,37845,50,7280,1283,45125,California
Kern,2021-01-31,400,52819,273,26241,127,26578,0,0,265,37975,135,7415,265,45390,California
Kern,2021-02-01,2588,55407,977,27218,1611,28189,0,0,1874,39139,711,8126,1875,47265,California
Kern,2021-02-02,2765,58172,805,28023,1960,30149,0,0,2056,40487,709,8835,2057,49322,California
Kern,2021-02-03,3701,61873,1558,29581,2143,32292,0,0,2717,42227,977,9812,2717,52039,California
Kern,2021-02-04,3835,65708,1459,31040,2376,34668,0,0,2595,43592,1230,11042,2595,54634,California
Kern,2021-02-05,4877,70585,1993,33033,2884,37552,0,0,3104,44942,1754,12796,3104,57738,California
Kern,2021-02-06,1748,72333,769,33802,979,38531,0,0,1513,46225,230,13026,1513,59251,California
Kern,2021-02-07,284,72617,151,33953,133,38664,0,0,266,46475,16,13042,266,59517,California
Kern,2021-02-08,2572,75189,789,34742,1783,40447,0,0,1259,46440,1295,14337,1260,60777,California
Kern,2021-02-09,3046,78235,979,35721,2067,42514,0,0,1467,46339,1568,15905,1467,62244,California
Kern,2021-02-10,3836,82071,1675,37396,2161,44675,0,0,1873,46267,1946,17851,1874,64118,California
Kern,2021-02-11,4296,86367,1541,38937,2755,47430,0,0,2233,46453,2050,19901,2236,66354,California
Kern,2021-02-12,5013,91380,1910,40847,3103,50533,0,0,2489,46433,2509,22410,2489,68843,California
Kern,2021-02-13,2019,93399,736,41583,1283,51816,0,0,1164,46745,852,23262,1164,70007,California
Kern,2021-02-14,353,93752,12,41595,341,52157,0,0,271,46935,81,23343,271,70278,California
Kern,2021-02-15,2772,96524,908,42503,1864,54021,0,0,1225,46622,1538,24881,1225,71503,California
Kern,2021-02-16,2968,99492,722,43225,2246,56267,0,0,1662,46988,1297,26178,1663,73166,California
Kern,2021-02-17,4116,103608,2099,45324,2017,58284,0,0,1939,46757,2171,28349,1940,75106,California
Kern,2021-02-18,3800,107408,1507,46831,2293,60577,0,0,1628,46225,2160,30509,1628,76734,California
Kern,2021-02-19,4245,111653,1934,48765,2311,62888,0,0,1760,45507,2478,32987,1760,78494,California
Kern,2021-02-20,2635,114288,984,49749,1651,64539,0,0,1374,45624,1257,34244,1374,79868,California
Kern,2021-02-21,279,114567,170,49919,109,64648,0,0,92,45532,185,34429,93,79961,California
Kern,2021-02-22,2763,117330,1208,51127,1555,66203,0,0,1480,45740,1272,35701,1480,81441,California
Kern,2021-02-23,3640,120970,1158,52285,2482,68685,0,0,2016,46135,1622,37323,2017,83458,California
Kern,2021-02-24,5299,126269,2324,54609,2975,71660,0,0,3141,47125,2151,39474,3141,86599,California
Kern,2021-02-25,5413,131682,2465,57074,2948,74608,0,0,3204,48140,2189,41663,3204,89803,California
Kern,2021-02-26,6942,138624,3541,60615,3401,78009,0,0,4370,49946,2566,44229,4372,94175,California
Kern,2021-02-27,3970,142594,1983,62598,1987,79996,0,0,2621,51228,1339,45568,2621,96796,California
Kern,2021-02-28,919,143513,503,63101,415,80411,1,1,695,51703,221,45789,696,97492,California
Kern,2021-03-01,4022,147535,1826,64927,2192,82603,4,5,2702,53099,1310,47099,2706,100198,California
Kern,2021-03-02,4547,152082,1418,66345,3125,85728,4,9,2991,54546,1545,48644,2992,103190,California
Kern,2021-03-03,6014,158096,2848,69193,3164,88892,2,11,3891,56330,2108,50752,3892,107082,California
Kern,2021-03-04,5705,163801,2282,71475,3418,92310,5,16,3698,58041,1990,52742,3701,110783,California
Kern,2021-03-05,6736,170537,2886,74361,3831,96141,19,35,4211,59757,2514,55256,4230,115013,California
Kern,2021-03-06,4771,175308,1929,76290,2733,98874,109,144,3481,62064,1283,56539,3590,118603,California
Kern,2021-03-07,2062,177370,1592,77882,413,99287,57,201,1861,63783,199,56738,1918,120521,California
Kern,2021-03-08,2910,180280,925,78807,1762,101049,223,424,1525,64147,1382,58120,1746,122267,California
Kern,2021-03-09,3748,184028,814,79621,2544,103593,390,814,2337,65466,1403,59523,2722,124989,California
Kern,2021-03-10,6171,190199,2570,82191,2523,106116,1078,1892,3610,67607,2545,62068,4686,129675,California
Kern,2021-03-11,6342,196541,2443,84634,2870,108986,1029,2921,3772,69843,2560,64628,4796,134471,California
Kern,2021-03-12,7872,204413,3085,87719,3433,112419,1354,4275,4330,71985,3529,68157,5671,140142,California
Kern,2021-03-13,4684,209097,2534,90253,1812,114231,338,4613,3255,74150,1422,69579,3587,143729,California
Kern,2021-03-14,2314,211411,1534,91787,535,114766,245,4858,1788,75654,525,70104,2029,145758,California
Kern,2021-03-15,4288,215699,1112,92899,2461,117227,715,5573,2183,76453,2092,72196,2891,148649,California
Kern,2021-03-16,4447,220146,1020,93919,2890,120117,537,6110,2416,77381,2018,74214,2946,151595,California
Kern,2021-03-17,7480,227626,4090,98009,2836,122953,554,6664,4479,79424,2989,77203,5032,156627,California
Kern,2021-03-18,7326,234952,3718,101727,3018,125971,590,7254,4438,81583,2865,80068,5024,161651,California
Kern,2021-03-19,9147,244099,5013,106740,3365,129336,769,8023,4723,82664,4404,84472,5485,167136,California
Kern,2021-03-20,6274,250373,3836,110576,2253,131589,185,8208,3965,84520,2295,86767,4151,171287,California
Kern,2021-03-21,3091,253464,1962,112538,245,131834,884,9092,1884,86086,1200,87967,2766,174053,California
Kern,2021-03-22,3997,257461,1570,114108,2070,133904,357,9449,1927,86318,2052,90019,2284,176337,California
Kern,2021-03-23,4755,262216,1680,115788,2874,136778,201,9650,2470,86731,2255,92274,2668,179005,California
Kern,2021-03-24,7198,269414,3682,119470,3039,139817,477,10127,3647,87320,3532,95806,4121,183126,California
Kern,2021-03-25,6805,276219,3011,122481,3459,143276,335,10462,3222,87310,3564,99370,3554,186680,California
Kern,2021-03-26,9898,286117,4431,126912,4207,147483,1260,11722,4718,88128,5159,104529,5977,192657,California
Kern,2021-03-27,5719,291836,3997,130909,1593,149076,129,11851,3450,89439,2267,106796,3578,196235,California
Kern,2021-03-28,4691,296527,4199,135108,478,149554,14,11865,2957,90678,1732,108528,2971,199206,California
Kern,2021-03-29,4262,300789,1682,136790,2302,151856,278,12143,2611,91927,1637,110165,2886,202092,California
Kern,2021-03-30,5612,306401,1877,138667,3347,155203,388,12531,3042,92787,2566,112731,3426,205518,California
Kern,2021-03-31,8461,314862,4575,143242,3229,158432,657,13188,4320,93641,4122,116853,4976,210494,California
Kern,2021-04-01,7934,322796,3885,147127,3738,162170,311,13499,4235,94513,3669,120522,4541,215035,California
Kern,2021-04-02,8476,331272,4464,151591,3401,165571,611,14110,4227,95112,4229,124751,4828,219863,California
Kern,2021-04-03,6006,337278,3674,155265,2148,167719,184,14294,2658,94613,3338,128089,2839,222702,California
Kern,2021-04-04,1342,338620,874,156139,383,168102,85,14379,478,94313,861,128950,561,223263,California
Kern,2021-04-05,5378,343998,2221,158360,2382,170484,775,15154,2901,95494,2464,131414,3645,226908,California
Kern,2021-04-06,7144,351142,2481,160841,3282,173766,1381,16535,3567,96885,3552,134966,4943,231851,California
Kern,2021-04-07,9400,360542,5483,166324,2953,176719,964,17499,4574,97615,4806,139772,5536,237387,California
Kern,2021-04-08,8683,369225,4808,171132,2959,179678,916,18415,3732,97327,4923,144695,4635,242022,California
Kern,2021-04-09,10295,379520,5152,176284,4148,183826,995,19410,4363,96777,5903,150598,5353,247375,California
Kern,2021-04-10,6607,386127,3466,179750,1891,185717,1250,20660,2140,95706,4455,155053,3384,250759,California
Kern,2021-04-11,3934,390061,2921,182671,369,186086,644,21304,1275,94974,2644,157697,1912,252671,California
Kern,2021-04-12,4427,394488,996,183667,2456,188542,975,22279,1589,94722,2814,160511,2562,255233,California
Kern,2021-04-13,4323,398811,1427,185094,2870,191412,26,22305,2133,94706,2174,162685,2158,257391,California
Kern,2021-04-14,6119,404930,3012,188106,3085,194497,22,22327,3016,94659,3084,165769,3037,260428,California
Kern,2021-04-15,5322,410252,2497,190603,2822,197319,3,22330,2522,94401,2783,168552,2525,262953,California
Kern,2021-04-16,7328,417580,3477,194080,3850,201169,1,22331,2996,93098,4303,172855,3000,265953,California
Kern,2021-04-17,6017,423597,3948,198028,2069,203238,0,22331,2109,91320,3889,176744,2111,268064,California
Kern,2021-04-18,3902,427499,3656,201684,246,203484,0,22331,941,89309,2952,179696,941,269005,California
Kern,2021-04-19,3872,431371,1748,203432,2122,205606,2,22333,1443,88345,2407,182103,1443,270448,California
Kern,2021-04-20,4491,435862,1670,205102,2819,208425,2,22335,1723,87324,2745,184848,1724,272172,California
Kern,2021-04-21,6032,441894,3269,208371,2758,211183,5,22340,2212,85749,3790,188638,2215,274387,California
Kern,2021-04-22,4889,446783,2392,210763,2497,213680,0,22340,1743,84371,3122,191760,1744,276131,California
Kern,2021-04-23,6227,453010,3093,213856,3133,216813,1,22341,1950,82088,4236,195996,1953,278084,California
Kern,2021-04-24,4026,457036,2809,216665,1206,218019,11,22352,1448,80991,2557,198553,1460,279544,California
Kern,2021-04-25,1404,458440,1117,217782,287,218306,0,22352,827,81247,571,199124,827,280371,California
Kern,2021-04-26,3906,462346,1870,219652,1985,220291,51,22403,1082,79567,2815,201939,1135,281506,California
Kern,2021-04-27,4836,467182,2366,222018,2362,222653,108,22511,1493,77837,3328,205267,1598,283104,California
Kern,2021-04-28,6423,473605,3826,225844,2473,225126,124,22635,1871,75298,4531,209798,1992,285096,California
Kern,2021-04-29,5632,479237,3168,229012,2365,227491,99,22734,1693,73174,3917,213715,1793,286889,California
Kern,2021-04-30,5717,484954,3231,232243,2327,229818,159,22893,1683,70997,4018,217733,1841,288730,California
Kern,2021-05-01,2725,487679,1931,234174,735,230553,59,22952,1089,70520,1624,219357,1147,289877,California
Kern,2021-05-02,1896,489575,1607,235781,267,230820,22,22974,695,70043,1194,220551,717,290594,California
Kern,2021-05-03,2560,492135,1035,236816,1391,232211,134,23108,789,69211,1756,222307,924,291518,California
Kern,2021-05-04,3743,495878,1356,238172,2278,234489,109,23217,1317,68225,2410,224717,1424,292942,California
Kern,2021-05-05,4231,500109,2201,240373,1878,236367,152,23369,1405,66972,2808,227525,1555,294497,California
Kern,2021-05-06,3662,503771,1684,242057,1832,238199,146,23515,1149,65776,2487,230012,1291,295788,California
Kern,2021-05-07,4646,508417,2332,244389,2138,240337,176,23691,1308,63954,3305,233317,1483,297271,California
Kern,2021-05-08,2942,511359,1852,246241,974,241311,116,23807,914,62969,2013,235330,1028,298299,California
Kern,2021-05-09,1354,512713,1180,247421,145,241456,29,23836,442,62537,903,236233,471,298770,California
Kern,2021-05-10,2318,515031,913,248334,1302,242758,103,23939,685,61710,1613,237846,786,299556,California
Kern,2021-05-11,2739,517770,986,249320,1627,244385,126,24065,991,61092,1736,239582,1118,300674,California
Kern,2021-05-12,3667,521437,1478,250798,2038,246423,151,24216,1149,59888,2502,242084,1298,301972,California
Kern,2021-05-13,3544,524981,1867,252665,1523,247946,154,24370,1644,59796,1886,243970,1794,303766,California
Kern,2021-05-14,4340,529321,2578,255243,1539,249485,223,24593,1995,59688,2325,246295,2217,305983,California
Kern,2021-05-15,2946,532267,1921,257164,937,250422,88,24681,1566,59977,1364,247659,1653,307636,California
Kern,2021-05-16,1615,533882,1386,258550,189,250611,40,24721,936,60280,673,248332,976,308612,California
Kern,2021-05-17,2338,536220,1009,259559,1182,251793,147,24868,1179,60459,1146,249478,1325,309937,California
Kern,2021-05-18,3236,539456,1505,261064,1599,253392,132,25000,1629,60627,1590,251068,1758,311695,California
Kern,2021-05-19,3839,543295,2393,263457,1317,254709,129,25129,1784,60495,2042,253110,1910,313605,California
Kern,2021-05-20,3124,546419,1696,265153,1284,255993,144,25273,1402,60339,1700,254810,1544,315149,California
Kern,2021-05-21,3650,550069,2210,267363,1305,257298,135,25408,1814,60477,1811,256621,1949,317098,California
Kern,2021-05-22,2960,553029,2304,269667,607,257905,49,25457,1400,60375,1548,258169,1446,318544,California
Kern,2021-05-23,1299,554328,1103,270770,170,258075,26,25483,678,60465,613,258782,703,319247,California
Kern,2021-05-24,1905,556233,820,271590,970,259045,115,25598,897,60474,1002,259784,1011,320258,California
Kern,2021-05-25,2407,558640,1115,272705,1203,260248,89,25687,1111,60391,1282,261066,1199,321457,California
Kern,2021-05-26,2789,561429,1613,274318,1074,261322,102,25789,1193,60104,1580,262646,1293,322750,California
Kern,2021-05-27,2420,563849,1245,275563,1071,262393,104,25893,1267,60342,1131,263777,1369,324119,California
Kern,2021-05-28,2730,566579,1387,276950,1232,263625,111,26004,1262,60259,1454,265231,1371,325490,California
Kern,2021-05-29,1908,568487,1265,278215,594,264219,49,26053,931,60276,963,266194,980,326470,California
Kern,2021-05-30,863,569350,705,278920,139,264358,19,26072,433,60305,422,266616,451,326921,California
Kern,2021-05-31,147,569497,48,278968,88,264446,11,26083,56,60283,88,266704,66,326987,California
Kern,2021-06-01,2290,571787,951,279919,1268,265714,71,26154,968,60015,1306,268010,1038,328025,California
Kern,2021-06-02,2253,574040,1304,281223,843,266557,106,26260,944,59767,1298,269308,1050,329075,California
Kern,2021-06-03,2379,576419,1340,282563,883,267440,156,26416,861,59276,1507,270815,1016,330091,California
Kern,2021-06-04,2968,579387,1925,284488,931,268371,112,26528,867,58179,2075,272890,978,331069,California
Kern,2021-06-05,2530,581917,2044,286532,452,268823,34,26562,788,57269,1732,274622,822,331891,California
Kern,2021-06-06,1227,583144,1121,287653,83,268906,23,26585,403,56876,819,275441,426,332317,California
Kern,2021-06-07,1817,584961,1131,288784,589,269495,97,26682,682,56531,1122,276563,777,333094,California
Kern,2021-06-08,2128,587089,1239,290023,817,270312,72,26754,648,55789,1461,278024,719,333813,California
Kern,2021-06-09,2624,589713,1840,291863,695,271007,89,26843,821,54908,1790,279814,909,334722,California
Kern,2021-06-10,2239,591952,1385,293248,754,271761,100,26943,786,54351,1441,281255,884,335606,California
Kern,2021-06-11,2852,594804,1915,295163,845,272606,92,27035,1068,53740,1772,283027,1161,336767,California
Kern,2021-06-12,1790,596594,1329,296492,411,273017,50,27085,532,53069,1253,284280,582,337349,California
Kern,2021-06-13,931,597525,814,297306,110,273127,7,27092,273,52694,656,284936,281,337630,California
Kern,2021-06-14,1859,599384,1132,298438,630,273757,97,27189,641,52222,1208,286144,736,338366,California
Kern,2021-06-15,2120,601504,1185,299623,857,274614,78,27267,820,51828,1292,287436,898,339264,California
Kern,2021-06-16,2081,603585,1372,300995,632,275246,77,27344,823,51485,1242,288678,899,340163,California
Kern,2021-06-17,1890,605475,1184,302179,591,275837,115,27459,907,51534,974,289652,1023,341186,California
Kern,2021-06-18,2224,607699,1393,303572,711,276548,120,27579,951,51349,1255,290907,1070,342256,California
Kern,2021-06-19,1241,608940,890,304462,316,276864,35,27614,528,51209,702,291609,562,342818,California
Kern,2021-06-20,732,609672,609,305071,103,276967,20,27634,286,51069,446,292055,306,343124,California
Kern,2021-06-21,1241,610913,665,305736,498,277465,78,27712,670,51252,563,292618,746,343870,California
Kern,2021-06-22,1657,612570,882,306618,698,278163,77,27789,674,51031,972,293590,751,344621,California
Kern,2021-06-23,1727,614297,1104,307722,545,278708,78,27867,767,50933,941,294531,843,345464,California
Kern,2021-06-24,1593,615890,982,308704,522,279230,89,27956,679,50793,907,295438,767,346231,California
Kern,2021-06-25,1800,617690,1128,309832,582,279812,90,28046,853,50799,935,296373,941,347172,California
Kern,2021-06-26,1325,619015,989,310821,304,280116,32,28078,568,50646,752,297125,599,347771,California
Kern,2021-06-27,608,619623,513,311334,81,280197,14,28092,265,50586,339,297464,279,348050,California
Kern,2021-06-28,1150,620773,765,312099,297,280494,88,28180,505,50545,632,298096,591,348641,California
Kern,2021-06-29,1394,622167,711,312810,593,281087,90,28270,605,50461,777,298873,693,349334,California
Kern,2021-06-30,1579,623746,1062,313872,438,281525,79,28349,811,50588,764,299637,891,350225,California
Kern,2021-07-01,1369,625115,869,314741,437,281962,63,28412,626,50538,739,300376,689,350914,California
Kern,2021-07-02,1700,626815,1145,315886,486,282448,69,28481,766,50451,919,301295,832,351746,California
Kern,2021-07-03,717,627532,555,316441,144,282592,18,28499,361,50478,352,301647,379,352125,California
Kings,2020-12-16,1,1,1,1,0,0,0,0,1,1,0,0,1,1,California
Kings,2020-12-17,8,9,8,9,0,0,0,0,8,9,0,0,8,9,California
Kings,2020-12-18,12,21,12,21,0,0,0,0,12,21,0,0,12,21,California
Kings,2020-12-19,12,33,12,33,0,0,0,0,12,33,0,0,12,33,California
Kings,2020-12-20,13,46,13,46,0,0,0,0,13,46,0,0,13,46,California
Kings,2020-12-21,156,202,156,202,0,0,0,0,268,314,0,0,268,314,California
Kings,2020-12-22,141,343,141,343,0,0,0,0,138,452,0,0,138,452,California
Kings,2020-12-23,137,480,123,466,14,14,0,0,138,590,0,0,138,590,California
Kings,2020-12-24,11,491,9,475,2,16,0,0,11,601,0,0,11,601,California
Kings,2020-12-26,7,498,4,479,3,19,0,0,7,608,0,0,7,608,California
Kings,2020-12-27,4,502,4,483,0,19,0,0,4,612,0,0,4,612,California
Kings,2020-12-28,131,633,103,586,28,47,0,0,132,744,0,0,132,744,California
Kings,2020-12-29,83,716,55,641,28,75,0,0,84,828,0,0,84,828,California
Kings,2020-12-30,150,866,109,750,41,116,0,0,150,978,0,0,150,978,California
Kings,2020-12-31,45,911,6,756,39,155,0,0,45,1023,0,0,45,1023,California
Kings,2021-01-01,1,912,0,756,1,156,0,0,1,1024,0,0,1,1024,California
Kings,2021-01-02,12,924,10,766,2,158,0,0,12,1036,0,0,12,1036,California
Kings,2021-01-03,1,925,1,767,0,158,0,0,1,1037,0,0,1,1037,California
Kings,2021-01-04,112,1037,41,808,71,229,0,0,112,1149,0,0,112,1149,California
Kings,2021-01-05,195,1232,39,847,156,385,0,0,195,1344,0,0,195,1344,California
Kings,2021-01-06,278,1510,179,1026,99,484,0,0,275,1616,3,3,275,1619,California
Kings,2021-01-07,182,1692,83,1109,99,583,0,0,174,1782,8,11,174,1793,California
Kings,2021-01-08,249,1941,54,1163,195,778,0,0,229,1991,20,31,229,2022,California
Kings,2021-01-09,63,2004,9,1172,54,832,0,0,55,2038,8,39,55,2077,California
Kings,2021-01-10,15,2019,3,1175,12,844,0,0,12,2047,3,42,12,2089,California
Kings,2021-01-11,517,2536,353,1528,164,1008,0,0,276,2083,241,283,277,2366,California
Kings,2021-01-12,349,2885,253,1781,96,1104,0,0,216,2169,130,413,216,2582,California
Kings,2021-01-13,422,3307,275,2056,147,1251,0,0,331,2409,91,504,331,2913,California
Kings,2021-01-14,210,3517,30,2086,180,1431,0,0,200,2589,21,525,201,3114,California
Kings,2021-01-15,418,3935,30,2116,388,1819,0,0,406,2983,12,537,406,3520,California
Kings,2021-01-16,28,3963,9,2125,19,1838,0,0,27,3009,1,538,27,3547,California
Kings,2021-01-17,12,3975,9,2134,3,1841,0,0,10,3017,2,540,10,3557,California
Kings,2021-01-18,173,4148,41,2175,132,1973,0,0,147,3138,26,566,147,3704,California
Kings,2021-01-19,381,4529,161,2336,220,2193,0,0,252,3261,129,695,252,3956,California
Kings,2021-01-20,254,4783,162,2498,92,2285,0,0,134,3280,115,810,134,4090,California
Kings,2021-01-21,212,4995,57,2555,155,2440,0,0,195,3456,19,829,195,4285,California
Kings,2021-01-22,105,5100,17,2572,88,2528,0,0,104,3555,5,834,104,4389,California
Kings,2021-01-23,26,5126,14,2586,12,2540,0,0,19,3567,7,841,19,4408,California
Kings,2021-01-24,4,5130,4,2590,0,2540,0,0,2,3567,2,843,2,4410,California
Kings,2021-01-25,156,5286,55,2645,101,2641,0,0,93,3597,63,906,93,4503,California
Kings,2021-01-26,172,5458,52,2697,120,2761,0,0,113,3651,59,965,113,4616,California
Kings,2021-01-27,356,5814,61,2758,295,3056,0,0,252,3800,103,1068,252,4868,California
Kings,2021-01-28,361,6175,74,2832,287,3343,0,0,276,3991,85,1153,276,5144,California
Kings,2021-01-29,113,6288,27,2859,86,3429,0,0,96,4070,17,1170,96,5240,California
Kings,2021-01-30,1567,7855,28,2887,1539,4968,0,0,1563,5631,4,1174,1565,6805,California
Kings,2021-01-31,1,7856,1,2888,0,4968,0,0,1,5632,0,1174,1,6806,California
Kings,2021-02-01,241,8097,87,2975,154,5122,0,0,92,5577,147,1321,92,6898,California
Kings,2021-02-02,342,8439,110,3085,232,5354,0,0,97,5430,244,1565,97,6995,California
Kings,2021-02-03,482,8921,274,3359,208,5562,0,0,241,5431,240,1805,241,7236,California
Kings,2021-02-04,466,9387,132,3491,334,5896,0,0,228,5422,237,2042,228,7464,California
Kings,2021-02-05,339,9726,58,3549,281,6177,0,0,179,5444,157,2199,179,7643,California
Kings,2021-02-06,61,9787,10,3559,51,6228,0,0,28,5439,33,2232,28,7671,California
Kings,2021-02-07,6,9793,4,3563,2,6230,0,0,3,5439,3,2235,3,7674,California
Kings,2021-02-08,175,9968,29,3592,146,6376,0,0,68,5400,107,2342,68,7742,California
Kings,2021-02-09,256,10224,59,3651,197,6573,0,0,112,5370,142,2484,112,7854,California
Kings,2021-02-10,381,10605,113,3764,268,6841,0,0,256,5501,125,2609,256,8110,California
Kings,2021-02-11,495,11100,67,3831,428,7269,0,0,361,5729,133,2742,361,8471,California
Kings,2021-02-12,709,11809,36,3867,673,7942,0,0,352,5725,356,3098,352,8823,California
Kings,2021-02-13,241,12050,6,3873,235,8177,0,0,215,5914,26,3124,215,9038,California
Kings,2021-02-14,103,12153,4,3877,99,8276,0,0,95,6001,8,3132,95,9133,California
Kings,2021-02-15,248,12401,5,3882,243,8519,0,0,138,6030,109,3241,138,9271,California
Kings,2021-02-16,632,13033,33,3915,599,9118,0,0,356,6112,275,3516,357,9628,California
Kings,2021-02-17,441,13474,24,3939,417,9535,0,0,302,6277,139,3655,304,9932,California
Kings,2021-02-18,343,13817,22,3961,321,9856,0,0,213,6361,129,3784,213,10145,California
Kings,2021-02-19,213,14030,24,3985,189,10045,0,0,129,6409,81,3865,129,10274,California
Kings,2021-02-20,173,14203,41,4026,132,10177,0,0,135,6506,38,3903,135,10409,California
Kings,2021-02-21,3,14206,2,4028,1,10178,0,0,3,6509,0,3903,3,10412,California
Kings,2021-02-22,127,14333,22,4050,105,10283,0,0,59,6501,67,3970,59,10471,California
Kings,2021-02-23,440,14773,71,4121,369,10652,0,0,320,6701,120,4090,320,10791,California
Kings,2021-02-24,748,15521,160,4281,588,11240,0,0,529,7011,219,4309,529,11320,California
Kings,2021-02-25,825,16346,132,4413,693,11933,0,0,598,7384,225,4534,598,11918,California
Kings,2021-02-26,862,17208,136,4549,726,12659,0,0,773,8069,88,4622,773,12691,California
Kings,2021-02-27,1518,18726,65,4614,1453,14112,0,0,582,7716,935,5557,582,13273,California
Kings,2021-02-28,1207,19933,598,5212,609,14721,0,0,675,7862,530,6087,676,13949,California
Kings,2021-03-01,295,20228,90,5302,205,14926,0,0,222,8011,73,6160,222,14171,California
Kings,2021-03-02,591,20819,258,5560,333,15259,0,0,517,8456,74,6234,519,14690,California
Kings,2021-03-03,759,21578,327,5887,432,15691,0,0,534,8768,223,6457,535,15225,California
Kings,2021-03-04,834,22412,356,6243,478,16169,0,0,705,9345,129,6586,706,15931,California
Kings,2021-03-05,1193,23605,369,6612,815,16984,9,9,1040,10244,153,6739,1052,16983,California
Kings,2021-03-06,518,24123,187,6799,318,17302,13,22,488,10715,30,6769,501,17484,California
Kings,2021-03-07,363,24486,223,7022,136,17438,4,26,355,11066,8,6777,359,17843,California
Kings,2021-03-08,383,24869,98,7120,232,17670,53,79,265,11266,118,6895,318,18161,California
Kings,2021-03-09,688,25557,389,7509,244,17914,55,134,579,11793,108,7003,635,18796,California
Kings,2021-03-10,787,26344,251,7760,430,18344,106,240,555,12223,230,7233,660,19456,California
Kings,2021-03-11,1202,27546,430,8190,656,19000,116,356,752,12644,448,7681,869,20325,California
Kings,2021-03-12,1525,29071,447,8637,984,19984,94,450,984,13187,537,8218,1080,21405,California
Kings,2021-03-13,681,29752,334,8971,305,20289,42,492,557,13664,124,8342,601,22006,California
Kings,2021-03-14,674,30426,101,9072,184,20473,389,881,200,13779,474,8816,589,22595,California
Kings,2021-03-15,713,31139,267,9339,327,20800,119,1000,470,14129,242,9058,592,23187,California
Kings,2021-03-16,1170,32309,478,9817,629,21429,63,1063,749,14521,420,9478,812,23999,California
Kings,2021-03-17,1110,33419,420,10237,628,22057,62,1125,779,15039,331,9809,849,24848,California
Kings,2021-03-18,1131,34550,475,10712,433,22490,223,1348,749,15633,380,10189,974,25822,California
Kings,2021-03-19,977,35527,468,11180,418,22908,91,1439,726,16215,250,10439,832,26654,California
Kings,2021-03-20,642,36169,256,11436,354,23262,32,1471,463,16542,176,10615,503,27157,California
Kings,2021-03-21,1423,37592,1091,12527,320,23582,12,1483,863,16857,560,11175,875,28032,California
Kings,2021-03-22,451,38043,200,12727,165,23747,86,1569,266,17029,184,11359,356,28388,California
Kings,2021-03-23,1047,39090,506,13233,477,24224,64,1633,548,17148,497,11856,616,29004,California
Kings,2021-03-24,1096,40186,486,13719,587,24811,23,1656,500,17079,594,12450,525,29529,California
Kings,2021-03-25,1053,41239,471,14190,555,25366,27,1683,444,16942,607,13057,470,29999,California
Kings,2021-03-26,1407,42646,380,14570,937,26303,90,1773,510,16649,892,13949,599,30598,California
Kings,2021-03-27,643,43289,259,14829,372,26675,12,1785,155,16330,486,14435,167,30765,California
Kings,2021-03-28,673,43962,602,15431,64,26739,7,1792,403,16483,270,14705,423,31188,California
Kings,2021-03-29,470,44432,212,15643,197,26936,61,1853,257,16589,211,14916,317,31505,California
Kings,2021-03-30,950,45382,533,16176,378,27314,39,1892,433,16544,516,15432,471,31976,California
Kings,2021-03-31,890,46272,467,16643,350,27664,73,1965,420,16575,462,15894,493,32469,California
Kings,2021-04-01,915,47187,490,17133,336,28000,89,2054,355,16466,553,16447,444,32913,California
Kings,2021-04-02,1118,48305,454,17587,538,28538,126,2180,394,16267,718,17165,519,33432,California
Kings,2021-04-03,496,48801,348,17935,139,28677,9,2189,171,16129,319,17484,181,33613,California
Kings,2021-04-04,157,48958,83,18018,68,28745,6,2195,42,16064,113,17597,48,33661,California
Kings,2021-04-05,1063,50021,328,18346,480,29225,255,2450,240,15736,822,18419,494,34155,California
Kings,2021-04-06,1258,51279,493,18839,452,29677,313,2763,285,15363,970,19389,597,34752,California
Kings,2021-04-07,1377,52656,655,19494,536,30213,186,2949,337,14849,1037,20426,523,35275,California
Kings,2021-04-08,1631,54287,638,20132,740,30953,253,3202,374,14226,1250,21676,627,35902,California
Kings,2021-04-09,1243,55530,593,20725,469,31422,181,3383,238,13639,1003,22679,416,36318,California
Kings,2021-04-10,595,56125,333,21058,160,31582,102,3485,175,13497,418,23097,276,36594,California
Kings,2021-04-11,355,56480,76,21134,272,31854,7,3492,196,13543,157,23254,203,36797,California
Kings,2021-04-12,710,57190,315,21449,192,32046,203,3695,194,13426,514,23768,397,37194,California
Kings,2021-04-13,919,58109,527,21976,392,32438,0,3695,295,13104,622,24390,300,37494,California
Kings,2021-04-14,1050,59159,579,22555,471,32909,0,3695,379,12813,671,25061,380,37874,California
Kings,2021-04-15,1063,60222,524,23079,538,33447,1,3696,453,12660,607,25668,454,38328,California
Kings,2021-04-16,797,61019,364,23443,433,33880,0,3696,262,12390,533,26201,263,38591,California
Kings,2021-04-17,459,61478,245,23688,214,34094,0,3696,187,12306,271,26472,187,38778,California
Kings,2021-04-18,571,62049,246,23934,325,34419,0,3696,45,11825,526,26998,45,38823,California
Kings,2021-04-19,629,62678,386,24320,243,34662,0,3696,296,11791,330,27328,296,39119,California
Kings,2021-04-20,756,63434,462,24782,294,34956,0,3696,243,11522,512,27840,243,39362,California
Kings,2021-04-21,696,64130,352,25134,344,35300,0,3696,244,11322,444,28284,244,39606,California
Kings,2021-04-22,573,64703,291,25425,282,35582,0,3696,209,11171,361,28645,210,39816,California
Kings,2021-04-23,677,65380,298,25723,379,35961,0,3696,330,11158,343,28988,330,40146,California
Kings,2021-04-24,247,65627,179,25902,67,36028,1,3697,119,11151,127,29115,120,40266,California
Kings,2021-04-25,204,65831,184,26086,20,36048,0,3697,166,11280,37,29152,166,40432,California
Kings,2021-04-26,326,66157,177,26263,146,36194,3,3700,201,11360,124,29276,204,40636,California
Kings,2021-04-27,433,66590,195,26458,219,36413,19,3719,184,11316,247,29523,203,40839,California
Kings,2021-04-28,523,67113,263,26721,240,36653,20,3739,270,11353,253,29776,290,41129,California
Kings,2021-04-29,302,67415,125,26846,165,36818,12,3751,141,11348,158,29934,153,41282,California
Kings,2021-04-30,376,67791,168,27014,191,37009,17,3768,155,11303,217,30151,172,41454,California
Kings,2021-05-01,227,68018,166,27180,51,37060,10,3778,72,11231,154,30305,82,41536,California
Kings,2021-05-02,170,68188,148,27328,22,37082,0,3778,128,11317,42,30347,128,41664,California
Kings,2021-05-03,474,68662,252,27580,209,37291,13,3791,121,11099,352,30699,134,41798,California
Kings,2021-05-04,528,69190,273,27853,235,37526,20,3811,161,10915,365,31064,181,41979,California
Kings,2021-05-05,566,69756,300,28153,246,37772,20,3831,143,10656,422,31486,163,42142,California
Kings,2021-05-06,571,70327,290,28443,258,38030,23,3854,132,10374,437,31923,155,42297,California
Kings,2021-05-07,368,70695,211,28654,143,38173,14,3868,149,10320,217,32140,163,42460,California
Kings,2021-05-08,244,70939,179,28833,53,38226,12,3880,85,10258,158,32298,96,42556,California
Kings,2021-05-09,191,71130,63,28896,128,38354,0,3880,40,10147,151,32449,40,42596,California
Kings,2021-05-10,347,71477,270,29166,67,38421,10,3890,114,10039,231,32680,123,42719,California
Kings,2021-05-11,387,71864,239,29405,119,38540,29,3919,116,9915,270,32950,146,42865,California
Kings,2021-05-12,401,72265,163,29568,224,38764,14,3933,164,9858,235,33185,178,43043,California
Kings,2021-05-13,410,72675,167,29735,235,38999,8,3941,168,9793,241,33426,176,43219,California
Kings,2021-05-14,463,73138,316,30051,116,39115,31,3972,239,9840,223,33649,270,43489,California
Kings,2021-05-15,356,73494,256,30307,82,39197,18,3990,198,9898,158,33807,216,43705,California
Kings,2021-05-16,247,73741,221,30528,25,39222,1,3991,75,9802,172,33979,76,43781,California
Kings,2021-05-17,409,74150,324,30852,68,39290,17,4008,211,9833,197,34176,228,44009,California
Kings,2021-05-18,398,74548,283,31135,102,39392,13,4021,227,9903,171,34347,241,44250,California
Kings,2021-05-19,574,75122,281,31416,271,39663,22,4043,227,9807,345,34692,249,44499,California
Kings,2021-05-20,451,75573,237,31653,187,39850,27,4070,260,9904,191,34883,288,44787,California
Kings,2021-05-21,518,76091,262,31915,245,40095,11,4081,263,9927,251,35134,274,45061,California
Kings,2021-05-22,306,76397,246,32161,48,40143,12,4093,217,10069,87,35221,229,45290,California
Kings,2021-05-23,234,76631,225,32386,9,40152,0,4093,106,10047,128,35349,106,45396,California
Kings,2021-05-24,262,76893,175,32561,72,40224,15,4108,125,10050,137,35486,140,45536,California
Kings,2021-05-25,405,77298,268,32829,104,40328,33,4141,236,10152,167,35653,269,45805,California
Kings,2021-05-26,304,77602,125,32954,162,40490,17,4158,121,10108,182,35835,138,45943,California
Kings,2021-05-27,325,77927,176,33130,131,40621,18,4176,177,10158,145,35980,195,46138,California
Kings,2021-05-28,288,78215,140,33270,130,40751,18,4194,132,10155,153,36133,150,46288,California
Kings,2021-05-29,174,78389,101,33371,62,40813,11,4205,87,10167,86,36219,98,46386,California
Kings,2021-05-30,133,78522,116,33487,15,40828,2,4207,72,10180,61,36280,74,46460,California
Kings,2021-05-31,41,78563,22,33509,16,40844,3,4210,15,10172,26,36306,18,46478,California
Kings,2021-06-01,317,78880,187,33696,114,40958,16,4226,119,10112,194,36500,134,46612,California
Kings,2021-06-02,276,79156,125,33821,144,41102,7,4233,85,10016,188,36688,92,46704,California
Kings,2021-06-03,225,79381,126,33947,88,41190,11,4244,69,9948,148,36836,80,46784,California
Kings,2021-06-04,427,79808,284,34231,129,41319,14,4258,153,9845,270,37106,167,46951,California
Kings,2021-06-05,258,80066,224,34455,27,41346,7,4265,62,9731,183,37289,69,47020,California
Kings,2021-06-06,162,80228,154,34609,3,41349,5,4270,81,9740,77,37366,86,47106,California
Kings,2021-06-07,293,80521,225,34834,54,41403,14,4284,95,9650,198,37564,108,47214,California
Kings,2021-06-08,312,80833,240,35074,52,41455,20,4304,78,9516,232,37796,98,47312,California
Kings,2021-06-09,397,81230,264,35338,124,41579,9,4313,116,9363,278,38074,125,47437,California
Kings,2021-06-10,341,81571,223,35561,105,41684,13,4326,82,9199,259,38333,95,47532,California
Kings,2021-06-11,373,81944,280,35841,90,41774,3,4329,143,9120,225,38558,146,47678,California
Kings,2021-06-12,268,82212,220,36061,44,41818,4,4333,69,9010,183,38741,73,47751,California
Kings,2021-06-13,127,82339,118,36179,8,41826,1,4334,34,8953,92,38833,35,47786,California
Kings,2021-06-14,240,82579,172,36351,46,41872,22,4356,97,8929,143,38976,119,47905,California
Kings,2021-06-15,255,82834,182,36533,62,41934,11,4367,88,8862,166,39142,99,48004,California
Kings,2021-06-16,254,83088,130,36663,116,42050,8,4375,90,8804,157,39299,99,48103,California
Kings,2021-06-17,207,83295,110,36773,87,42137,10,4385,80,8767,127,39426,90,48193,California
Kings,2021-06-18,252,83547,173,36946,70,42207,9,4394,118,8760,134,39560,127,48320,California
Kings,2021-06-19,101,83648,69,37015,27,42234,5,4399,40,8744,61,39621,45,48365,California
Kings,2021-06-20,84,83732,69,37084,9,42243,6,4405,28,8722,56,39677,34,48399,California
Kings,2021-06-21,181,83913,97,37181,53,42296,31,4436,97,8766,84,39761,128,48527,California
Kings,2021-06-22,199,84112,128,37309,63,42359,8,4444,82,8739,117,39878,90,48617,California
Kings,2021-06-23,197,84309,94,37403,88,42447,15,4459,86,8730,110,39988,101,48718,California
Kings,2021-06-24,145,84454,68,37471,72,42519,5,4464,56,8703,88,40076,61,48779,California
Kings,2021-06-25,306,84760,219,37690,78,42597,9,4473,150,8707,155,40231,159,48938,California
Kings,2021-06-26,124,84884,82,37772,38,42635,4,4477,53,8693,71,40302,57,48995,California
Kings,2021-06-27,118,85002,111,37883,6,42641,1,4478,38,8655,77,40379,39,49034,California
Kings,2021-06-28,192,85194,138,38021,37,42678,17,4495,82,8644,110,40489,99,49133,California
Kings,2021-06-29,179,85373,133,38154,36,42714,10,4505,86,8649,91,40580,96,49229,California
Kings,2021-06-30,189,85562,117,38271,64,42778,8,4513,87,8642,102,40682,95,49324,California
Kings,2021-07-01,132,85694,89,38360,36,42814,7,4520,63,8645,67,40749,70,49394,California
Kings,2021-07-02,183,85877,119,38479,56,42870,8,4528,90,8651,92,40841,98,49492,California
Kings,2021-07-03,43,85920,33,38512,9,42879,1,4529,23,8655,20,40861,24,49516,California
Lake,2020-12-17,4,4,4,4,0,0,0,0,4,4,0,0,4,4,California
Lake,2020-12-18,50,54,50,54,0,0,0,0,50,54,0,0,50,54,California
Lake,2020-12-19,3,57,3,57,0,0,0,0,3,57,0,0,3,57,California
Lake,2020-12-20,6,63,6,63,0,0,0,0,6,63,0,0,6,63,California
Lake,2020-12-21,87,150,87,150,0,0,0,0,87,150,0,0,87,150,California
Lake,2020-12-22,63,213,60,210,3,3,0,0,63,213,0,0,63,213,California
Lake,2020-12-23,124,337,115,325,9,12,0,0,124,337,0,0,124,337,California
Lake,2020-12-24,2,339,0,325,2,14,0,0,2,339,0,0,2,339,California
Lake,2020-12-26,2,341,2,327,0,14,0,0,2,341,0,0,2,341,California
Lake,2020-12-27,2,343,2,329,0,14,0,0,2,343,0,0,2,343,California
Lake,2020-12-28,52,395,43,372,9,23,0,0,52,395,0,0,52,395,California
Lake,2020-12-29,52,447,47,419,5,28,0,0,52,447,0,0,52,447,California
Lake,2020-12-30,130,577,122,541,8,36,0,0,130,577,0,0,130,577,California
Lake,2020-12-31,67,644,64,605,3,39,0,0,67,644,0,0,67,644,California
Lake,2021-01-01,4,648,1,606,3,42,0,0,4,648,0,0,4,648,California
Lake,2021-01-02,2,650,1,607,1,43,0,0,2,650,0,0,2,650,California
Lake,2021-01-04,88,738,21,628,67,110,0,0,88,738,0,0,88,738,California
Lake,2021-01-05,120,858,59,687,61,171,0,0,118,854,2,2,118,856,California
Lake,2021-01-06,103,961,64,751,39,210,0,0,101,953,2,4,101,957,California
Lake,2021-01-07,110,1071,86,837,24,234,0,0,101,1045,9,13,101,1058,California
Lake,2021-01-08,155,1226,126,963,29,263,0,0,104,1098,51,64,104,1162,California
Lake,2021-01-09,63,1289,61,1024,2,265,0,0,59,1153,4,68,59,1221,California
Lake,2021-01-10,3,1292,3,1027,0,265,0,0,0,1150,3,71,0,1221,California
Lake,2021-01-11,189,1481,150,1177,39,304,0,0,109,1179,80,151,109,1330,California
Lake,2021-01-12,81,1562,48,1225,33,337,0,0,58,1214,23,174,58,1388,California
Lake,2021-01-13,170,1732,115,1340,55,392,0,0,110,1264,60,234,110,1498,California
Lake,2021-01-14,151,1883,48,1388,103,495,0,0,129,1371,22,256,129,1627,California
Lake,2021-01-15,221,2104,95,1483,126,621,0,0,193,1536,28,284,193,1820,California
Lake,2021-01-16,136,2240,83,1566,53,674,0,0,134,1668,2,286,134,1954,California
Lake,2021-01-17,18,2258,6,1572,12,686,0,0,12,1674,6,292,12,1966,California
Lake,2021-01-18,246,2504,227,1799,19,705,0,0,125,1678,121,413,125,2091,California
Lake,2021-01-19,318,2822,121,1920,197,902,0,0,271,1903,47,460,272,2363,California
Lake,2021-01-20,426,3248,82,2002,344,1246,0,0,361,2200,64,524,361,2724,California
Lake,2021-01-21,441,3689,50,2052,391,1637,0,0,405,2569,36,560,405,3129,California
Lake,2021-01-22,322,4011,47,2099,275,1912,0,0,285,2817,37,597,285,3414,California
Lake,2021-01-23,127,4138,6,2105,121,2033,0,0,126,2942,1,598,126,3540,California
Lake,2021-01-24,5,4143,2,2107,3,2036,0,0,5,2947,0,598,5,3545,California
Lake,2021-01-25,259,4402,96,2203,163,2199,0,0,177,3042,82,680,177,3722,California
Lake,2021-01-26,432,4834,36,2239,396,2595,0,0,408,3426,24,704,408,4130,California
Lake,2021-01-27,362,5196,40,2279,322,2917,0,0,335,3735,27,731,336,4466,California
Lake,2021-01-28,499,5695,162,2441,337,3254,0,0,367,3972,130,861,367,4833,California
Lake,2021-01-29,653,6348,101,2542,552,3806,0,0,578,4475,75,936,578,5411,California
Lake,2021-01-30,557,6905,43,2585,514,4320,0,0,551,5020,6,942,551,5962,California
Lake,2021-01-31,15,6920,9,2594,6,4326,0,0,13,5031,2,944,13,5975,California
Lake,2021-02-01,181,7101,18,2612,163,4489,0,0,167,5184,14,958,167,6142,California
Lake,2021-02-02,565,7666,153,2765,412,4901,0,0,397,5413,168,1126,397,6539,California
Lake,2021-02-03,445,8111,33,2798,412,5313,0,0,341,5650,104,1230,341,6880,California
Lake,2021-02-04,121,8232,70,2868,51,5364,0,0,71,5671,50,1280,71,6951,California
Lake,2021-02-05,382,8614,73,2941,309,5673,0,0,287,5865,93,1373,287,7238,California
Lake,2021-02-06,276,8890,42,2983,234,5907,0,0,264,6117,12,1385,264,7502,California
Lake,2021-02-07,2,8892,1,2984,1,5908,0,0,2,6119,0,1385,2,7504,California
Lake,2021-02-08,277,9169,205,3189,72,5980,0,0,158,6158,119,1504,158,7662,California
Lake,2021-02-09,345,9514,25,3214,320,6300,0,0,300,6414,44,1548,300,7962,California
Lake,2021-02-10,356,9870,54,3268,302,6602,0,0,275,6608,81,1629,275,8237,California
Lake,2021-02-11,181,10051,18,3286,163,6765,0,0,60,6547,121,1750,60,8297,California
Lake,2021-02-12,377,10428,29,3315,348,7113,0,0,287,6745,89,1839,287,8584,California
Lake,2021-02-13,252,10680,8,3323,244,7357,0,0,239,6971,13,1852,239,8823,California
Lake,2021-02-14,22,10702,5,3328,17,7374,0,0,8,6965,14,1866,8,8831,California
Lake,2021-02-15,172,10874,13,3341,159,7533,0,0,8,6810,163,2029,8,8839,California
Lake,2021-02-16,429,11303,23,3364,406,7939,0,0,178,6737,251,2280,178,9017,California
Lake,2021-02-17,354,11657,56,3420,298,8237,0,0,73,6530,280,2560,73,9090,California
Lake,2021-02-18,466,12123,73,3493,393,8630,0,0,117,6299,348,2908,117,9207,California
Lake,2021-02-19,436,12559,29,3522,407,9037,0,0,94,6051,342,3250,94,9301,California
Lake,2021-02-20,297,12856,61,3583,236,9273,0,0,251,6257,45,3295,251,9552,California
Lake,2021-02-21,7,12863,7,3590,0,9273,0,0,0,6250,7,3302,0,9552,California
Lake,2021-02-22,140,13003,22,3612,118,9391,0,0,40,6190,100,3402,40,9592,California
Lake,2021-02-23,221,13224,15,3627,206,9597,0,0,28,6025,193,3595,28,9620,California
Lake,2021-02-24,1016,14240,429,4056,587,10184,0,0,469,5948,546,4141,469,10089,California
Lake,2021-02-25,760,15000,495,4551,265,10449,0,0,498,6187,259,4400,498,10587,California
Lake,2021-02-26,1018,16018,322,4873,696,11145,0,0,363,5899,651,5051,363,10950,California
Lake,2021-02-27,410,16428,97,4970,313,11458,0,0,327,6144,82,5133,327,11277,California
Lake,2021-02-28,21,16449,12,4982,9,11467,0,0,12,6147,9,5142,12,11289,California
Lake,2021-03-01,597,17046,55,5037,542,12009,0,0,444,6438,153,5295,444,11733,California
Lake,2021-03-02,747,17793,18,5055,729,12738,0,0,287,6267,458,5753,287,12020,California
Lake,2021-03-03,370,18163,196,5251,174,12912,0,0,147,6192,222,5975,147,12167,California
Lake,2021-03-04,578,18741,506,5757,72,12984,0,0,562,6738,16,5991,562,12729,California
Lake,2021-03-05,1046,19787,52,5809,994,13978,0,0,187,6070,855,6846,187,12916,California
Lake,2021-03-06,35,19822,9,5818,25,14003,1,1,22,6080,13,6859,23,12939,California
Lake,2021-03-07,8,19830,6,5824,2,14005,0,1,5,6082,3,6862,5,12944,California
Lake,2021-03-08,341,20171,266,6090,65,14070,10,11,299,6349,42,6904,309,13253,California
Lake,2021-03-09,932,21103,44,6134,871,14941,17,28,407,6250,524,7428,425,13678,California
Lake,2021-03-10,204,21307,60,6194,131,15072,13,41,134,6328,70,7498,148,13826,California
Lake,2021-03-11,587,21894,49,6243,64,15136,474,515,45,6305,542,8040,519,14345,California
Lake,2021-03-12,854,22748,203,6446,625,15761,26,541,361,6201,491,8531,387,14732,California
Lake,2021-03-13,283,23031,22,6468,25,15786,236,777,20,6194,262,8793,255,14987,California
Lake,2021-03-14,11,23042,2,6470,9,15795,0,777,7,6197,4,8797,7,14994,California
Lake,2021-03-15,640,23682,12,6482,610,16405,18,795,481,6538,158,8955,499,15493,California
Lake,2021-03-16,1116,24798,835,7317,264,16669,17,812,378,6198,734,9689,394,15887,California
Lake,2021-03-17,251,25049,123,7440,105,16774,23,835,91,6152,160,9849,114,16001,California
Lake,2021-03-18,750,25799,376,7816,337,17111,37,872,356,6153,391,10240,392,16393,California
Lake,2021-03-19,584,26383,317,8133,248,17359,19,891,476,6541,107,10347,495,16888,California
Lake,2021-03-20,249,26632,9,8142,237,17596,3,894,31,6359,216,10563,34,16922,California
Lake,2021-03-21,15,26647,10,8152,4,17600,1,895,10,6365,5,10568,11,16933,California
Lake,2021-03-22,337,26984,256,8408,67,17667,14,909,250,6542,87,10655,264,17197,California
Lake,2021-03-23,429,27413,21,8429,394,18061,14,923,363,6854,65,10720,377,17574,California
Lake,2021-03-24,423,27836,62,8491,353,18414,8,931,325,7091,97,10817,334,17908,California
Lake,2021-03-25,674,28510,482,8973,185,18599,7,938,174,6771,500,11317,180,18088,California
Lake,2021-03-26,68,28578,33,9006,34,18633,1,939,31,6767,36,11353,32,18120,California
Lake,2021-03-27,309,28887,7,9013,299,18932,3,942,17,6497,290,11643,20,18140,California
Lake,2021-03-28,17,28904,8,9021,9,18941,0,942,9,6498,8,11651,9,18149,California
Lake,2021-03-29,987,29891,286,9307,699,19640,2,944,202,5919,783,12434,204,18353,California
Lake,2021-03-30,465,30356,314,9621,148,19788,3,947,366,6190,98,12532,369,18722,California
Lake,2021-03-31,615,30971,60,9681,555,20343,0,947,432,6449,173,12705,432,19154,California
Lake,2021-04-01,449,31420,234,9915,203,20546,12,959,187,6390,258,12963,199,19353,California
Lake,2021-04-02,224,31644,41,9956,155,20701,28,987,97,6388,127,13090,125,19478,California
Lake,2021-04-03,33,31677,6,9962,24,20725,3,990,13,6384,20,13110,16,19494,California
Lake,2021-04-04,20,31697,11,9973,7,20732,2,992,15,6396,5,13115,17,19511,California
Lake,2021-04-05,643,32340,71,10044,552,21284,20,1012,402,6579,238,13353,421,19932,California
Lake,2021-04-06,479,32819,17,10061,436,21720,26,1038,307,6741,171,13524,333,20265,California
Lake,2021-04-07,526,33345,58,10119,416,22136,52,1090,356,6981,168,13692,408,20673,California
Lake,2021-04-08,606,33951,494,10613,46,22182,66,1156,105,6654,498,14190,171,20844,California
Lake,2021-04-09,282,34233,40,10653,173,22355,69,1225,48,6540,230,14420,116,20960,California
Lake,2021-04-10,257,34490,15,10668,16,22371,226,1451,11,6531,246,14666,237,21197,California
Lake,2021-04-11,21,34511,16,10684,3,22374,2,1453,7,6526,14,14680,9,21206,California
Lake,2021-04-12,1082,35593,233,10917,815,23189,34,1487,244,5966,838,15518,278,21484,California
Lake,2021-04-13,181,35774,110,11027,71,23260,0,1487,54,5893,127,15645,54,21538,California
Lake,2021-04-14,619,36393,38,11065,581,23841,0,1487,553,6380,66,15711,553,22091,California
Lake,2021-04-15,647,37040,193,11258,454,24295,0,1487,332,6397,315,16026,332,22423,California
Lake,2021-04-16,268,37308,31,11289,237,24532,0,1487,76,6282,191,16217,76,22499,California
Lake,2021-04-17,42,37350,12,11301,30,24562,0,1487,32,6304,10,16227,32,22531,California
Lake,2021-04-18,9,37359,6,11307,3,24565,0,1487,0,6295,9,16236,0,22531,California
Lake,2021-04-19,298,37657,39,11346,259,24824,0,1487,247,6491,51,16287,247,22778,California
Lake,2021-04-20,695,38352,281,11627,414,25238,0,1487,95,5988,599,16886,96,22874,California
Lake,2021-04-21,532,38884,62,11689,470,25708,0,1487,197,5850,335,17221,197,23071,California
Lake,2021-04-22,471,39355,50,11739,421,26129,0,1487,323,6026,147,17368,323,23394,California
Lake,2021-04-23,122,39477,64,11803,58,26187,0,1487,72,6050,48,17416,72,23466,California
Lake,2021-04-24,55,39532,9,11812,46,26233,0,1487,41,6077,14,17430,41,23507,California
Lake,2021-04-25,37,39569,20,11832,17,26250,0,1487,25,6090,12,17442,25,23532,California
Lake,2021-04-26,295,39864,82,11914,212,26462,1,1488,90,5976,205,17647,91,23623,California
Lake,2021-04-27,249,40113,24,11938,207,26669,18,1506,86,5917,163,17810,104,23727,California
Lake,2021-04-28,511,40624,51,11989,445,27114,15,1521,90,5602,419,18229,104,23831,California
Lake,2021-04-29,210,40834,82,12071,112,27226,16,1537,111,5629,99,18328,126,23957,California
Lake,2021-04-30,289,41123,45,12116,213,27439,31,1568,147,5666,141,18469,178,24135,California
Lake,2021-05-01,50,41173,27,12143,21,27460,2,1570,34,5687,15,18484,36,24171,California
Lake,2021-05-02,19,41192,10,12153,8,27468,1,1571,10,5689,9,18493,11,24182,California
Lake,2021-05-03,413,41605,30,12183,347,27815,36,1607,66,5445,346,18839,102,24284,California
Lake,2021-05-04,403,42008,217,12400,138,27953,48,1655,123,5337,279,19118,171,24455,California
Lake,2021-05-05,629,42637,44,12444,573,28526,12,1667,84,4890,542,19660,95,24550,California
Lake,2021-05-06,142,42779,19,12463,94,28620,29,1696,72,4920,70,19730,100,24650,California
Lake,2021-05-07,166,42945,29,12492,117,28737,20,1716,102,4980,62,19792,122,24772,California
Lake,2021-05-08,42,42987,8,12500,34,28771,0,1716,35,5008,7,19799,35,24807,California
Lake,2021-05-09,17,43004,2,12502,10,28781,5,1721,10,5016,7,19806,15,24822,California
Lake,2021-05-10,244,43248,10,12512,206,28987,28,1749,58,4917,185,19991,86,24908,California
Lake,2021-05-11,195,43443,25,12537,153,29140,17,1766,116,4972,79,20070,134,25042,California
Lake,2021-05-12,540,43983,31,12568,489,29629,20,1786,54,4559,486,20556,73,25115,California
Lake,2021-05-13,318,44301,69,12637,235,29864,14,1800,72,4401,244,20800,86,25201,California
Lake,2021-05-14,268,44569,83,12720,167,30031,18,1818,163,4478,103,20903,180,25381,California
Lake,2021-05-15,45,44614,19,12739,23,30054,3,1821,28,4492,17,20920,31,25412,California
Lake,2021-05-16,33,44647,19,12758,13,30067,1,1822,18,4496,15,20935,19,25431,California
Lake,2021-05-17,315,44962,44,12802,256,30323,15,1837,82,4363,230,21165,97,25528,California
Lake,2021-05-18,299,45261,65,12867,215,30538,19,1856,171,4426,127,21292,190,25718,California
Lake,2021-05-19,313,45574,57,12924,241,30779,15,1871,88,4305,224,21516,103,25821,California
Lake,2021-05-20,236,45810,60,12984,165,30944,11,1882,92,4264,144,21660,103,25924,California
Lake,2021-05-21,274,46084,51,13035,199,31143,24,1906,114,4244,158,21818,138,26062,California
Lake,2021-05-22,98,46182,54,13089,41,31184,3,1909,49,4247,49,21867,52,26114,California
Lake,2021-05-23,58,46240,28,13117,29,31213,1,1910,30,4250,28,21895,31,26145,California
Lake,2021-05-24,159,46399,36,13153,109,31322,14,1924,72,4249,87,21982,86,26231,California
Lake,2021-05-25,204,46603,57,13210,136,31458,11,1935,74,4205,129,22111,85,26316,California
Lake,2021-05-26,151,46754,44,13254,96,31554,11,1946,54,4175,95,22206,65,26381,California
Lake,2021-05-27,176,46930,48,13302,114,31668,14,1960,61,4136,114,22320,75,26456,California
Lake,2021-05-28,221,47151,21,13323,163,31831,37,1997,50,4054,168,22488,86,26542,California
Lake,2021-05-29,37,47188,10,13333,21,31852,6,2003,14,4051,23,22511,20,26562,California
Lake,2021-05-30,22,47210,6,13339,14,31866,2,2005,12,4055,10,22521,14,26576,California
Lake,2021-05-31,63,47273,21,13360,40,31906,2,2007,53,4100,10,22531,55,26631,California
Lake,2021-06-01,198,47471,39,13399,150,32056,9,2016,69,4050,128,22659,78,26709,California
Lake,2021-06-02,132,47603,46,13445,74,32130,12,2028,53,4036,79,22738,65,26774,California
Lake,2021-06-03,181,47784,53,13498,109,32239,19,2047,79,4032,102,22840,98,26872,California
Lake,2021-06-04,185,47969,54,13552,115,32354,16,2063,47,3959,136,22976,63,26935,California
Lake,2021-06-05,91,48060,56,13608,27,32381,8,2071,55,3986,36,23012,63,26998,California
Lake,2021-06-06,68,48128,38,13646,30,32411,0,2071,24,3966,44,23056,24,27022,California
Lake,2021-06-07,89,48217,29,13675,52,32463,8,2079,31,3948,57,23113,39,27061,California
Lake,2021-06-08,179,48396,68,13743,99,32562,12,2091,67,3915,112,23225,79,27140,California
Lake,2021-06-09,171,48567,42,13785,125,32687,4,2095,36,3822,133,23358,40,27180,California
Lake,2021-06-10,129,48696,64,13849,52,32739,13,2108,51,3808,78,23436,64,27244,California
Lake,2021-06-11,209,48905,67,13916,119,32858,23,2131,48,3720,159,23595,71,27315,California
Lake,2021-06-12,67,48972,39,13955,22,32880,6,2137,34,3727,33,23628,40,27355,California
Lake,2021-06-13,29,49001,16,13971,13,32893,0,2137,14,3726,15,23643,14,27369,California
Lake,2021-06-14,179,49180,87,14058,79,32972,13,2150,50,3661,128,23771,63,27432,California
Lake,2021-06-15,244,49424,64,14122,162,33134,18,2168,78,3591,166,23937,96,27528,California
Lake,2021-06-16,163,49587,57,14179,91,33225,15,2183,55,3554,107,24044,70,27598,California
Lake,2021-06-17,179,49766,86,14265,83,33308,10,2193,80,3546,98,24142,90,27688,California
Lake,2021-06-18,140,49906,38,14303,93,33401,9,2202,57,3529,83,24225,66,27754,California
Lake,2021-06-19,67,49973,25,14328,42,33443,0,2202,34,3530,33,24258,34,27788,California
Lake,2021-06-20,21,49994,7,14335,12,33455,2,2204,10,3531,11,24269,12,27800,California
Lake,2021-06-21,67,50061,17,14352,43,33498,7,2211,29,3529,38,24307,36,27836,California
Lake,2021-06-22,135,50196,51,14403,74,33572,10,2221,62,3529,72,24379,72,27908,California
Lake,2021-06-23,148,50344,68,14471,56,33628,24,2245,80,3565,68,24447,104,28012,California
Lake,2021-06-24,140,50484,93,14564,34,33662,13,2258,48,3536,90,24537,61,28073,California
Lake,2021-06-25,129,50613,57,14621,63,33725,9,2267,66,3549,62,24599,75,28148,California
Lake,2021-06-26,48,50661,37,14658,11,33736,0,2267,6,3513,42,24641,6,28154,California
Lake,2021-06-27,42,50703,30,14688,12,33748,0,2267,23,3517,19,24660,23,28177,California
Lake,2021-06-28,65,50768,22,14710,22,33770,21,2288,28,3530,36,24696,49,28226,California
Lake,2021-06-29,118,50886,47,14757,67,33837,4,2292,63,3542,55,24751,67,28293,California
Lake,2021-06-30,112,50998,61,14818,47,33884,4,2296,59,3552,53,24804,63,28356,California
Lake,2021-07-01,113,51111,54,14872,57,33941,2,2298,39,3523,70,24874,41,28397,California
Lake,2021-07-02,80,51191,13,14885,57,33998,10,2308,40,3534,38,24912,49,28446,California
Lake,2021-07-03,19,51210,4,14889,15,34013,0,2308,7,3529,12,24924,7,28453,California
Lassen,2020-12-16,8,8,8,8,0,0,0,0,8,8,0,0,8,8,California
Lassen,2020-12-17,6,14,6,14,0,0,0,0,6,14,0,0,6,14,California
Lassen,2020-12-18,1,15,1,15,0,0,0,0,1,15,0,0,1,15,California
Lassen,2020-12-19,5,20,5,20,0,0,0,0,5,20,0,0,5,20,California
Lassen,2020-12-20,2,22,2,22,0,0,0,0,2,22,0,0,2,22,California
Lassen,2020-12-21,11,33,11,33,0,0,0,0,11,33,0,0,11,33,California
Lassen,2020-12-22,23,56,23,56,0,0,0,0,23,56,0,0,23,56,California
Lassen,2020-12-23,6,62,6,62,0,0,0,0,6,62,0,0,6,62,California
Lassen,2020-12-24,10,72,10,72,0,0,0,0,10,72,0,0,10,72,California
Lassen,2020-12-28,3,75,2,74,1,1,0,0,3,75,0,0,3,75,California
Lassen,2020-12-29,35,110,35,109,0,1,0,0,35,110,0,0,35,110,California
Lassen,2020-12-30,36,146,35,144,1,2,0,0,36,146,0,0,36,146,California
Lassen,2020-12-31,49,195,42,186,7,9,0,0,49,195,0,0,49,195,California
Lassen,2021-01-02,1,196,0,186,1,10,0,0,1,196,0,0,1,196,California
Lassen,2021-01-04,15,211,2,188,13,23,0,0,15,211,0,0,15,211,California
Lassen,2021-01-05,193,404,52,240,141,164,0,0,193,404,0,0,193,404,California
Lassen,2021-01-06,97,501,45,285,52,216,0,0,89,486,8,8,90,494,California
Lassen,2021-01-07,43,544,7,292,36,252,0,0,37,517,6,14,37,531,California
Lassen,2021-01-08,50,594,2,294,48,300,0,0,50,567,0,14,50,581,California
Lassen,2021-01-09,12,606,6,300,6,306,0,0,12,579,0,14,12,593,California
Lassen,2021-01-11,27,633,5,305,22,328,0,0,27,606,0,14,27,620,California
Lassen,2021-01-12,49,682,29,334,20,348,0,0,30,617,19,33,30,650,California
Lassen,2021-01-13,160,842,18,352,142,490,0,0,146,749,14,47,146,796,California
Lassen,2021-01-14,161,1003,18,370,143,633,0,0,149,886,12,59,149,945,California
Lassen,2021-01-15,32,1035,6,376,26,659,0,0,32,918,0,59,32,977,California
Lassen,2021-01-16,34,1069,33,409,1,660,0,0,34,952,0,59,34,1011,California
Lassen,2021-01-17,1,1070,0,409,1,661,0,0,1,953,0,59,1,1012,California
Lassen,2021-01-18,5,1075,2,411,3,664,0,0,4,956,1,60,4,1016,California
Lassen,2021-01-19,186,1261,36,447,150,814,0,0,158,1086,28,88,158,1174,California
Lassen,2021-01-20,187,1448,100,547,87,901,0,0,104,1122,68,156,104,1278,California
Lassen,2021-01-21,145,1593,93,640,52,953,0,0,121,1225,18,174,121,1399,California
Lassen,2021-01-22,31,1624,18,658,13,966,0,0,21,1236,10,184,21,1420,California
Lassen,2021-01-23,2,1626,0,658,2,968,0,0,2,1238,0,184,2,1422,California
Lassen,2021-01-24,1,1627,0,658,1,969,0,0,1,1239,0,184,1,1423,California
Lassen,2021-01-25,12,1639,1,659,11,980,0,0,11,1249,1,185,11,1434,California
Lassen,2021-01-26,126,1765,12,671,114,1094,0,0,122,1367,4,189,122,1556,California
Lassen,2021-01-27,89,1854,37,708,52,1146,0,0,71,1420,18,207,71,1627,California
Lassen,2021-01-28,85,1939,15,723,70,1216,0,0,84,1503,1,208,84,1711,California
Lassen,2021-01-29,23,1962,7,730,16,1232,0,0,22,1524,1,209,22,1733,California
Lassen,2021-02-01,62,2024,5,735,57,1289,0,0,37,1536,25,234,37,1770,California
Lassen,2021-02-02,177,2201,12,747,165,1454,0,0,44,1447,133,367,44,1814,California
Lassen,2021-02-03,98,2299,21,768,77,1531,0,0,50,1449,48,415,50,1864,California
Lassen,2021-02-04,113,2412,16,784,97,1628,0,0,64,1464,49,464,64,1928,California
Lassen,2021-02-05,66,2478,12,796,54,1682,0,0,24,1446,42,506,24,1952,California
Lassen,2021-02-06,69,2547,34,830,35,1717,0,0,36,1450,32,538,36,1988,California
Lassen,2021-02-07,3,2550,3,833,0,1717,0,0,3,1453,0,538,3,1991,California
Lassen,2021-02-08,44,2594,4,837,40,1757,0,0,18,1445,26,564,18,2009,California
Lassen,2021-02-09,128,2722,7,844,121,1878,0,0,49,1415,79,643,49,2058,California
Lassen,2021-02-10,182,2904,21,865,161,2039,0,0,75,1383,107,750,75,2133,California
Lassen,2021-02-11,182,3086,17,882,165,2204,0,0,79,1360,102,852,79,2212,California
Lassen,2021-02-12,43,3129,11,893,32,2236,0,0,16,1349,27,879,16,2228,California
Lassen,2021-02-13,11,3140,3,896,8,2244,0,0,9,1356,2,881,9,2237,California
Lassen,2021-02-14,13,3153,0,896,13,2257,0,0,12,1367,1,882,12,2249,California
Lassen,2021-02-15,22,3175,3,899,19,2276,0,0,17,1380,4,886,17,2266,California
Lassen,2021-02-16,192,3367,4,903,188,2464,0,0,31,1252,159,1045,31,2297,California
Lassen,2021-02-17,182,3549,94,997,88,2552,0,0,10,1090,172,1217,10,2307,California
Lassen,2021-02-18,81,3630,22,1019,59,2611,0,0,21,1051,60,1277,21,2328,California
Lassen,2021-02-19,83,3713,62,1081,21,2632,0,0,19,1006,64,1341,19,2347,California
Lassen,2021-02-20,8,3721,0,1081,8,2640,0,0,6,1010,2,1343,6,2353,California
Lassen,2021-02-21,22,3743,2,1083,20,2660,0,0,18,1024,4,1347,18,2371,California
Lassen,2021-02-22,28,3771,13,1096,15,2675,0,0,9,1014,19,1366,9,2380,California
Lassen,2021-02-23,154,3925,10,1106,144,2819,0,0,43,946,111,1477,43,2423,California
Lassen,2021-02-24,166,4091,16,1122,150,2969,0,0,107,995,58,1535,107,2530,California
Lassen,2021-02-25,160,4251,23,1145,137,3106,0,0,99,1033,61,1596,99,2629,California
Lassen,2021-02-26,75,4326,17,1162,58,3164,0,0,37,1032,38,1634,37,2666,California
Lassen,2021-02-27,8,4334,7,1169,1,3165,0,0,3,1030,5,1639,3,2669,California
Lassen,2021-02-28,7,4341,2,1171,5,3170,0,0,3,1029,4,1643,3,2672,California
Lassen,2021-03-01,42,4383,4,1175,38,3208,0,0,8,1004,33,1676,8,2680,California
Lassen,2021-03-02,108,4491,8,1183,100,3308,0,0,81,1059,26,1702,81,2761,California
Lassen,2021-03-03,169,4660,11,1194,158,3466,0,0,113,1116,56,1758,113,2874,California
Lassen,2021-03-04,149,4809,17,1211,132,3598,0,0,97,1162,51,1809,97,2971,California
Lassen,2021-03-05,49,4858,7,1218,18,3616,24,24,11,1159,38,1847,35,3006,California
Lassen,2021-03-06,55,4913,4,1222,29,3645,22,46,5,1136,50,1897,27,3033,California
Lassen,2021-03-07,58,4971,3,1225,0,3645,55,101,3,1139,55,1952,58,3091,California
Lassen,2021-03-08,88,5059,2,1227,7,3652,79,180,3,1136,85,2037,82,3173,California
Lassen,2021-03-09,137,5196,11,1238,109,3761,17,197,89,1194,48,2085,106,3279,California
Lassen,2021-03-10,173,5369,10,1248,161,3922,2,199,79,1182,93,2178,81,3360,California
Lassen,2021-03-11,185,5554,16,1264,162,4084,7,206,113,1233,69,2247,120,3480,California
Lassen,2021-03-12,34,5588,17,1281,13,4097,4,210,12,1227,22,2269,16,3496,California
Lassen,2021-03-13,48,5636,0,1281,2,4099,46,256,1,1226,47,2316,46,3542,California
Lassen,2021-03-14,14,5650,2,1283,11,4110,1,257,2,1217,12,2328,3,3545,California
Lassen,2021-03-15,36,5686,5,1288,31,4141,0,257,16,1213,20,2348,16,3561,California
Lassen,2021-03-16,92,5778,2,1290,85,4226,5,262,73,1272,19,2367,78,3639,California
Lassen,2021-03-17,1081,6859,9,1299,1067,5293,5,267,1061,2318,20,2387,1066,4705,California
Lassen,2021-03-18,94,6953,9,1308,84,5377,1,268,81,2387,13,2400,82,4787,California
Lassen,2021-03-19,19,6972,11,1319,4,5381,4,272,7,2386,12,2412,11,4798,California
Lassen,2021-03-20,29,7001,3,1322,23,5404,3,275,22,2404,7,2419,25,4823,California
Lassen,2021-03-21,34,7035,1,1323,33,5437,0,275,14,2399,19,2438,14,4837,California
Lassen,2021-03-22,59,7094,1,1324,58,5495,0,275,56,2452,3,2441,56,4893,California
Lassen,2021-03-23,120,7214,11,1335,108,5603,1,276,67,2467,53,2494,68,4961,California
Lassen,2021-03-24,212,7426,13,1348,198,5801,1,277,105,2468,105,2599,106,5067,California
Lassen,2021-03-25,155,7581,23,1371,132,5933,0,277,72,2457,83,2682,72,5139,California
Lassen,2021-03-26,77,7658,13,1384,26,5959,38,315,19,2456,57,2739,56,5195,California
Lassen,2021-03-27,21,7679,4,1388,1,5960,16,331,3,2457,18,2757,19,5214,California
Lassen,2021-03-28,19,7698,4,1392,4,5964,11,342,2,2453,17,2774,13,5227,California
Lassen,2021-03-29,53,7751,0,1392,28,5992,25,367,20,2466,32,2806,45,5272,California
Lassen,2021-03-30,200,7951,10,1402,164,6156,26,393,52,2396,148,2954,78,5350,California
Lassen,2021-03-31,147,8098,12,1414,113,6269,22,415,62,2396,84,3038,84,5434,California
Lassen,2021-04-01,166,8264,15,1429,130,6399,21,436,47,2346,118,3156,68,5502,California
Lassen,2021-04-02,30,8294,4,1433,3,6402,23,459,2,2343,28,3184,25,5527,California
Lassen,2021-04-03,12,8306,0,1433,2,6404,10,469,0,2341,12,3196,10,5537,California
Lassen,2021-04-04,7,8313,2,1435,0,6404,5,474,1,2341,6,3202,6,5543,California
Lassen,2021-04-05,22,8335,4,1439,11,6415,7,481,11,2348,11,3213,18,5561,California
Lassen,2021-04-06,182,8517,8,1447,144,6559,30,511,52,2300,130,3343,82,5643,California
Lassen,2021-04-07,135,8652,6,1453,92,6651,37,548,32,2268,103,3446,71,5714,California
Lassen,2021-04-08,169,8821,9,1462,104,6755,56,604,32,2223,133,3579,88,5802,California
Lassen,2021-04-09,53,8874,6,1468,10,6765,37,641,8,2223,44,3623,44,5846,California
Lassen,2021-04-10,10,8884,0,1468,2,6767,8,649,0,2222,9,3632,8,5854,California
Lassen,2021-04-11,6,8890,2,1470,1,6768,3,652,3,2225,3,3635,6,5860,California
Lassen,2021-04-12,32,8922,4,1474,15,6783,13,665,4,2214,28,3663,17,5877,California
Lassen,2021-04-13,129,9051,6,1480,123,6906,0,665,40,2166,88,3751,40,5917,California
Lassen,2021-04-14,987,10038,16,1496,971,7877,0,665,51,1282,935,4686,51,5968,California
Lassen,2021-04-15,147,10185,14,1510,133,8010,0,665,19,1173,128,4814,19,5987,California
Lassen,2021-04-16,14,10199,5,1515,9,8019,0,665,6,1171,8,4822,6,5993,California
Lassen,2021-04-17,24,10223,3,1518,21,8040,0,665,4,1155,20,4842,4,5997,California
Lassen,2021-04-18,5,10228,2,1520,3,8043,0,665,2,1154,3,4845,2,5999,California
Lassen,2021-04-19,35,10263,0,1520,35,8078,0,665,18,1155,17,4862,18,6017,California
Lassen,2021-04-20,137,10400,7,1527,130,8208,0,665,51,1120,86,4948,51,6068,California
Lassen,2021-04-21,167,10567,10,1537,156,8364,1,666,34,1024,131,5079,35,6103,California
Lassen,2021-04-22,102,10669,16,1553,86,8450,0,666,32,986,70,5149,32,6135,California
Lassen,2021-04-23,27,10696,1,1554,26,8476,0,666,21,1001,6,5155,21,6156,California
Lassen,2021-04-24,9,10705,5,1559,4,8480,0,666,3,998,6,5161,3,6159,California
Lassen,2021-04-25,5,10710,0,1559,4,8484,1,667,3,1000,2,5163,4,6163,California
Lassen,2021-04-26,44,10754,2,1561,38,8522,4,671,9,979,34,5197,13,6176,California
Lassen,2021-04-27,119,10873,9,1570,107,8629,3,674,66,995,53,5250,69,6245,California
Lassen,2021-04-28,82,10955,7,1577,73,8702,2,676,29,973,53,5303,31,6276,California
Lassen,2021-04-29,69,11024,7,1584,59,8761,3,679,24,956,44,5347,27,6303,California
Lassen,2021-04-30,15,11039,8,1592,4,8765,3,682,6,956,9,5356,9,6312,California
Lassen,2021-05-01,5,11044,0,1592,4,8769,1,683,4,960,1,5357,5,6317,California
Lassen,2021-05-02,10,11054,6,1598,4,8773,0,683,6,962,4,5361,6,6323,California
Lassen,2021-05-03,17,11071,2,1600,9,8782,6,689,2,955,15,5376,8,6331,California
Lassen,2021-05-04,73,11144,5,1605,60,8842,8,697,21,932,52,5428,29,6360,California
Lassen,2021-05-05,83,11227,4,1609,67,8909,12,709,26,914,56,5484,38,6398,California
Lassen,2021-05-06,80,11307,21,1630,37,8946,22,731,21,898,59,5543,43,6441,California
Lassen,2021-05-07,49,11356,33,1663,11,8957,5,736,41,936,8,5551,46,6487,California
Lassen,2021-05-08,11,11367,0,1663,5,8962,6,742,4,939,7,5558,10,6497,California
Lassen,2021-05-09,3,11370,1,1664,0,8962,2,744,0,938,3,5561,2,6499,California
Lassen,2021-05-10,12,11382,1,1665,8,8970,3,747,6,941,6,5567,9,6508,California
Lassen,2021-05-11,74,11456,1,1666,62,9032,11,758,20,918,54,5621,31,6539,California
Lassen,2021-05-12,44,11500,4,1670,34,9066,6,764,14,908,30,5651,20,6559,California
Lassen,2021-05-13,36,11536,10,1680,21,9087,5,769,10,897,26,5677,15,6574,California
Lassen,2021-05-14,21,11557,3,1683,10,9097,8,777,10,904,11,5688,18,6592,California
Lassen,2021-05-15,16,11573,2,1685,4,9101,10,787,4,906,12,5700,14,6606,California
Lassen,2021-05-16,7,11580,2,1687,3,9104,2,789,2,906,4,5704,4,6610,California
Lassen,2021-05-17,36,11616,4,1691,20,9124,12,801,10,902,26,5730,22,6632,California
Lassen,2021-05-18,92,11708,11,1702,68,9192,13,814,28,879,64,5794,41,6673,California
Lassen,2021-05-19,59,11767,3,1705,45,9237,11,825,7,845,51,5845,17,6690,California
Lassen,2021-05-20,33,11800,8,1713,16,9253,9,834,11,843,22,5867,20,6710,California
Lassen,2021-05-21,67,11867,33,1746,20,9273,14,848,35,860,32,5899,49,6759,California
Lassen,2021-05-22,17,11884,2,1748,7,9280,8,856,7,865,10,5909,15,6774,California
Lassen,2021-05-23,6,11890,3,1751,1,9281,2,858,0,861,6,5915,2,6776,California
Lassen,2021-05-24,13,11903,1,1752,10,9291,2,860,5,861,7,5922,7,6783,California
Lassen,2021-05-25,99,12002,6,1758,84,9375,9,869,33,837,66,5988,42,6825,California
Lassen,2021-05-26,59,12061,1,1759,42,9417,16,885,11,816,48,6036,27,6852,California
Lassen,2021-05-27,43,12104,17,1776,20,9437,6,891,12,804,30,6066,18,6870,California
Lassen,2021-05-28,74,12178,48,1824,18,9455,8,899,30,798,44,6110,38,6908,California
Lassen,2021-05-29,15,12193,1,1825,12,9467,2,901,8,801,7,6117,10,6918,California
Lassen,2021-05-30,2,12195,0,1825,1,9468,1,902,1,802,1,6118,2,6920,California
Lassen,2021-05-31,7,12202,0,1825,6,9474,1,903,1,798,6,6124,2,6922,California
Lassen,2021-06-01,45,12247,2,1827,36,9510,7,910,15,790,30,6154,22,6944,California
Lassen,2021-06-02,57,12304,2,1829,41,9551,14,924,15,778,41,6195,29,6973,California
Lassen,2021-06-03,20,12324,2,1831,9,9560,9,933,6,779,14,6209,15,6988,California
Lassen,2021-06-04,37,12361,1,1832,24,9584,12,945,12,778,25,6234,24,7012,California
Lassen,2021-06-05,14,12375,3,1835,7,9591,4,949,4,776,10,6244,8,7020,California
Lassen,2021-06-06,5,12380,0,1835,2,9593,3,952,1,776,4,6248,4,7024,California
Lassen,2021-06-07,18,12398,0,1835,9,9602,9,961,3,773,15,6263,12,7036,California
Lassen,2021-06-08,40,12438,9,1844,27,9629,4,965,13,763,27,6290,17,7053,California
Lassen,2021-06-09,18,12456,1,1845,15,9644,2,967,7,762,10,6300,9,7062,California
Lassen,2021-06-10,20,12476,10,1855,7,9651,3,970,10,765,10,6310,13,7075,California
Lassen,2021-06-11,43,12519,29,1884,14,9665,0,970,11,745,32,6342,12,7087,California
Lassen,2021-06-12,5,12524,1,1885,4,9669,0,970,1,742,4,6346,1,7088,California
Lassen,2021-06-13,3,12527,2,1887,1,9670,0,970,1,741,2,6348,1,7089,California
Lassen,2021-06-14,9,12536,1,1888,6,9676,2,972,3,741,5,6353,5,7094,California
Lassen,2021-06-15,48,12584,5,1893,38,9714,5,977,15,728,33,6386,20,7114,California
Lassen,2021-06-16,12,12596,1,1894,6,9720,5,982,7,735,5,6391,12,7126,California
Lassen,2021-06-17,23,12619,11,1905,8,9728,4,986,10,736,13,6404,14,7140,California
Lassen,2021-06-18,45,12664,19,1924,18,9746,8,994,9,717,36,6440,17,7157,California
Lassen,2021-06-19,13,12677,1,1925,10,9756,2,996,5,716,8,6448,7,7164,California
Lassen,2021-06-20,6,12683,2,1927,3,9759,1,997,5,721,1,6449,6,7170,California
Lassen,2021-06-21,14,12697,0,1927,12,9771,2,999,4,717,10,6459,6,7176,California
Lassen,2021-06-22,36,12733,1,1928,34,9805,1,1000,19,720,17,6476,20,7196,California
Lassen,2021-06-23,17,12750,2,1930,12,9817,3,1003,5,716,12,6488,8,7204,California
Lassen,2021-06-24,26,12776,3,1933,16,9833,7,1010,14,725,12,6500,21,7225,California
Lassen,2021-06-25,21,12797,3,1936,18,9851,0,1010,12,728,9,6509,12,7237,California
Lassen,2021-06-26,6,12803,0,1936,6,9857,0,1010,1,724,5,6514,1,7238,California
Lassen,2021-06-27,1,12804,0,1936,0,9857,1,1011,0,724,1,6515,1,7239,California
Lassen,2021-06-28,13,12817,2,1938,9,9866,2,1013,9,731,4,6519,11,7250,California
Lassen,2021-06-29,30,12847,1,1939,28,9894,1,1014,8,718,22,6541,9,7259,California
Lassen,2021-06-30,28,12875,7,1946,16,9910,5,1019,13,721,15,6556,18,7277,California
Lassen,2021-07-01,26,12901,14,1960,11,9921,1,1020,16,728,10,6566,17,7294,California
Lassen,2021-07-02,28,12929,6,1966,18,9939,4,1024,11,728,15,6581,15,7309,California
Los Angeles,2020-12-15,399,399,399,399,0,0,0,0,399,399,0,0,399,399,California
Los Angeles,2020-12-16,3602,4001,3602,4001,0,0,0,0,3602,4001,0,0,3602,4001,California
Los Angeles,2020-12-17,10434,14435,10434,14435,0,0,0,0,10435,14436,0,0,10435,14436,California
Los Angeles,2020-12-18,14802,29237,14776,29211,26,26,0,0,14802,29238,0,0,14802,29238,California
Los Angeles,2020-12-19,7318,36555,7309,36520,9,35,0,0,7320,36558,0,0,7320,36558,California
Los Angeles,2020-12-20,4675,41230,4664,41184,11,46,0,0,4677,41235,0,0,4677,41235,California
Los Angeles,2020-12-21,13789,55019,13772,54956,17,63,0,0,13790,55024,1,1,13790,55025,California
Los Angeles,2020-12-22,11618,66637,11225,66181,393,456,0,0,11617,66639,2,3,11617,66642,California
Los Angeles,2020-12-23,12028,78665,10246,76427,1782,2238,0,0,12029,78668,0,3,12029,78671,California
Los Angeles,2020-12-24,7072,85737,4279,80706,2793,5031,0,0,7075,85743,0,3,7075,85746,California
Los Angeles,2020-12-25,530,86267,423,81129,107,5138,0,0,531,86274,0,3,531,86277,California
Los Angeles,2020-12-26,2553,88820,2198,83327,355,5493,0,0,2552,88824,2,5,2552,88829,California
Los Angeles,2020-12-27,1789,90609,1049,84376,740,6233,0,0,1789,90613,0,5,1789,90618,California
Los Angeles,2020-12-28,10411,101020,6447,90823,3964,10197,0,0,10408,101020,1,6,10408,101026,California
Los Angeles,2020-12-29,11702,112722,6136,96959,5566,15763,0,0,11702,112721,1,7,11702,112728,California
Los Angeles,2020-12-30,14981,127703,8140,105099,6841,22604,0,0,14980,127701,0,7,14980,127708,California
Los Angeles,2020-12-31,8024,135727,2783,107882,5241,27845,0,0,8018,135714,5,12,8018,135726,California
Los Angeles,2021-01-01,1098,136825,324,108206,774,28619,0,0,1096,136808,2,14,1096,136822,California
Los Angeles,2021-01-02,4512,141337,1687,109893,2825,31444,0,0,4511,141319,0,14,4511,141333,California
Los Angeles,2021-01-03,973,142310,232,110125,741,32185,0,0,971,142288,2,16,971,142304,California
Los Angeles,2021-01-04,12832,155142,4920,115045,7912,40097,0,0,12816,155102,2,18,12816,155120,California
Los Angeles,2021-01-05,16159,171301,7140,122185,9019,49116,0,0,14207,167396,1923,1941,14217,169337,California
Los Angeles,2021-01-06,22831,194132,12141,134326,10690,59806,0,0,17129,178901,5634,7575,17139,186476,California
Los Angeles,2021-01-07,29857,223989,16145,150471,13712,73518,0,0,18953,187013,10857,18432,18969,205445,California
Los Angeles,2021-01-08,33592,257581,18276,168747,15316,88834,0,0,21073,195607,12491,30923,21085,226530,California
Los Angeles,2021-01-09,12577,270158,7221,175968,5356,94190,0,0,7620,198281,4954,35877,7628,234158,California
Los Angeles,2021-01-10,4789,274947,3717,179685,1072,95262,0,0,2005,197503,2784,38661,2006,236164,California
Los Angeles,2021-01-11,26066,301013,16405,196090,9661,104923,0,0,15062,201585,10991,49652,15073,251237,California
Los Angeles,2021-01-12,29525,330538,16265,212355,13260,118183,0,0,19302,210692,10208,59860,19315,270552,California
Los Angeles,2021-01-13,29677,360215,15906,228261,13771,131954,0,0,20644,222327,9016,68876,20651,291203,California
Los Angeles,2021-01-14,29473,389688,12749,241010,16724,148678,0,0,23893,240672,5561,74437,23906,315109,California
Los Angeles,2021-01-15,34139,423827,12437,253447,21702,170380,0,0,30521,267612,3591,78028,30531,345640,California
Los Angeles,2021-01-16,17760,441587,5015,258462,12745,183125,0,0,15958,281784,1793,79821,15965,361605,California
Los Angeles,2021-01-17,5280,446867,2359,260821,2921,186046,0,0,5018,286543,261,80082,5020,366625,California
Los Angeles,2021-01-18,15778,462645,10162,270983,5616,191662,0,0,11025,292832,4740,84822,11029,377654,California
Los Angeles,2021-01-19,38866,501511,20686,291669,18180,209842,0,0,30991,316004,7834,92656,31006,408660,California
Los Angeles,2021-01-20,47254,548765,24760,316429,22494,232336,0,0,39581,347959,7639,100295,39594,448254,California
Los Angeles,2021-01-21,49385,598150,22693,339122,26692,259028,0,0,45019,388704,4292,104587,45037,493291,California
Los Angeles,2021-01-22,48605,646755,22495,361617,26110,285138,0,0,45075,430314,3481,108068,45091,538382,California
Los Angeles,2021-01-23,34318,681073,15820,377437,18498,303636,0,0,32205,460454,2079,110147,32219,570601,California
Los Angeles,2021-01-24,15767,696840,12194,389631,3573,307209,0,0,15204,475108,553,110700,15207,585808,California
Los Angeles,2021-01-25,39768,736608,16770,406401,22998,330207,0,0,31029,497455,8698,119398,31045,616853,California
Los Angeles,2021-01-26,49923,786531,24746,431147,25177,355384,0,0,41537,530669,8344,127742,41558,658411,California
Los Angeles,2021-01-27,51178,837709,25923,457070,25255,380639,0,0,41638,562941,9393,137135,41665,700076,California
Los Angeles,2021-01-28,49271,886980,23526,480596,25745,406384,0,0,40668,595153,8472,145607,40684,740760,California
Los Angeles,2021-01-29,50110,937090,25769,506365,24341,430725,0,0,39758,624942,9986,155593,39775,780535,California
Los Angeles,2021-01-30,30441,967531,15596,521961,14845,445570,0,0,26040,646672,4316,159909,26046,806581,California
Los Angeles,2021-01-31,12876,980407,10084,532045,2792,448362,0,0,11955,657726,905,160814,11959,818540,California
Los Angeles,2021-02-01,38862,1019269,16405,548450,22457,470819,0,0,28044,675014,10768,171582,28056,846596,California
Los Angeles,2021-02-02,45091,1064360,18073,566523,27018,497837,0,0,32561,695101,12480,184062,32567,879163,California
Los Angeles,2021-02-03,52743,1117103,19670,586193,33073,530910,0,0,37613,717851,14875,198937,37625,916788,California
Los Angeles,2021-02-04,57754,1174857,20863,607056,36891,567801,0,0,39432,739325,17973,216910,39447,956235,California
Los Angeles,2021-02-05,62064,1236921,21274,628330,40790,608591,0,0,39757,757249,21848,238758,39772,996007,California
Los Angeles,2021-02-06,35843,1272764,13471,641801,22372,630963,0,0,27238,775987,8523,247281,27261,1023268,California
Los Angeles,2021-02-07,11024,1283788,8520,650321,2504,633467,0,0,8588,782168,2415,249696,8596,1031864,California
Los Angeles,2021-02-08,47374,1331162,21851,672172,25523,658990,0,0,30909,796765,16318,266014,30915,1062779,California
Los Angeles,2021-02-09,56325,1387487,24779,696951,31546,690536,0,0,28507,797582,27702,293716,28519,1091298,California
Los Angeles,2021-02-10,67680,1455167,29595,726546,38085,728621,0,0,30580,791487,36693,330409,30598,1121896,California
Los Angeles,2021-02-11,58920,1514087,31424,757970,27496,756117,0,0,28219,789516,30200,360609,28229,1150125,California
Los Angeles,2021-02-12,60604,1574691,30144,788114,30460,786577,0,0,26352,782038,33853,394462,26375,1176500,California
Los Angeles,2021-02-13,34233,1608924,20001,808115,14232,800809,0,0,15529,779025,18597,413059,15584,1192084,California
Los Angeles,2021-02-14,22048,1630972,15056,823171,6992,807801,0,0,8831,774717,13148,426207,8840,1200924,California
Los Angeles,2021-02-15,33282,1664254,16149,839320,17133,824934,0,0,18196,777927,15003,441210,18213,1219137,California
Los Angeles,2021-02-16,64838,1729092,32960,872280,31878,856812,0,0,29953,773134,34763,475973,29970,1249107,California
Los Angeles,2021-02-17,65668,1794760,35041,907321,30627,887439,0,0,26610,760919,38840,514813,26625,1275732,California
Los Angeles,2021-02-18,69361,1864121,35265,942586,34096,921535,0,0,28796,749388,40348,555161,28817,1304549,California
Los Angeles,2021-02-19,59600,1923721,36730,979316,22870,944405,0,0,29026,748017,30417,585578,29046,1333595,California
Los Angeles,2021-02-20,33649,1957370,24506,1003822,9143,953548,0,0,16143,746758,17427,603005,16168,1349763,California
Los Angeles,2021-02-21,22728,1980098,20995,1024817,1733,955281,0,0,11393,746897,11260,614265,11399,1361162,California
Los Angeles,2021-02-22,36134,2016232,26365,1051182,9769,965050,0,0,18402,747710,17612,631877,18425,1379587,California
Los Angeles,2021-02-23,57072,2073304,24501,1075683,32571,997621,0,0,22134,735151,34722,666599,22163,1401750,California
Los Angeles,2021-02-24,66417,2139721,29576,1105259,36841,1034462,0,0,28521,726056,37653,704252,28558,1430308,California
Los Angeles,2021-02-25,74660,2214381,34151,1139410,40509,1074971,0,0,38436,728510,36018,740270,38472,1468780,California
Los Angeles,2021-02-26,84274,2298655,39008,1178418,45266,1120237,0,0,47247,739046,36759,777029,47295,1516075,California
Los Angeles,2021-02-27,60710,2359365,26760,1205178,33941,1154178,9,9,30965,740492,29565,806594,31011,1547086,California
Los Angeles,2021-02-28,27084,2386449,18663,1223841,8418,1162596,3,12,18978,751504,7986,814580,18998,1566084,California
Los Angeles,2021-03-01,57717,2444166,32725,1256566,24947,1187543,45,57,34608,763316,22876,837456,34688,1600772,California
Los Angeles,2021-03-02,78465,2522631,38060,1294626,40396,1227939,9,66,49464,784005,28819,866275,49508,1650280,California
Los Angeles,2021-03-03,86402,2609033,44306,1338932,42077,1270016,19,85,54711,807296,31475,897750,54766,1705046,California
Los Angeles,2021-03-04,92192,2701225,47214,1386146,44961,1314977,17,102,58289,831956,33685,931435,58345,1763391,California
Los Angeles,2021-03-05,90865,2792090,44827,1430973,46004,1360981,34,136,60698,862824,29934,961369,60802,1824193,California
Los Angeles,2021-03-06,67659,2859749,34512,1465485,31311,1392292,1836,1972,43574,884317,23925,985294,45418,1869611,California
Los Angeles,2021-03-07,27431,2887180,20882,1486367,5708,1398000,841,2813,21214,900195,6180,991474,22058,1891669,California
Los Angeles,2021-03-08,54639,2941819,29558,1515925,23112,1421112,1969,4782,41289,930239,13222,1004696,43266,1934935,California
Los Angeles,2021-03-09,82175,3023994,39177,1555102,39704,1460816,3294,8076,52250,956026,29753,1034449,55540,1990475,California
Los Angeles,2021-03-10,83704,3107698,41217,1596319,37588,1498404,4899,12975,52931,983246,30567,1065016,57787,2048262,California
Los Angeles,2021-03-11,93819,3201517,46132,1642451,40941,1539345,6746,19721,54904,1006154,38694,1103710,61602,2109864,California
Los Angeles,2021-03-12,99853,3301370,45263,1687714,40655,1580000,13935,33656,58235,1036859,41372,1145082,72077,2181941,California
Los Angeles,2021-03-13,76040,3377410,35909,1723623,28130,1608130,12001,45657,45277,1063431,30633,1175715,57205,2239146,California
Los Angeles,2021-03-14,39250,3416660,26375,1749998,10316,1618446,2559,48216,23928,1074663,15235,1190950,26467,2265613,California
Los Angeles,2021-03-15,75706,3492366,37201,1787199,33037,1651483,5468,53684,45650,1095917,29826,1220776,51080,2316693,California
Los Angeles,2021-03-16,100577,3592943,44259,1831458,50435,1701918,5883,59567,64905,1131217,35429,1256205,70729,2387422,California
Los Angeles,2021-03-17,98216,3691159,44930,1876388,44959,1746877,8327,67894,65772,1172937,32212,1288417,73932,2461354,California
Los Angeles,2021-03-18,103720,3794879,49809,1926197,48324,1795201,5587,73481,65551,1206213,37837,1326254,71113,2532467,California
Los Angeles,2021-03-19,110062,3904941,57602,1983799,47660,1842861,4800,78281,67723,1236642,42033,1368287,72462,2604929,California
Los Angeles,2021-03-20,77034,3981975,37932,2021731,34493,1877354,4609,82890,52286,1268977,24539,1392826,56874,2661803,California
Los Angeles,2021-03-21,34969,4016944,26036,2047767,8026,1885380,907,83797,22361,1279771,12472,1405298,23266,2685069,California
Los Angeles,2021-03-22,71470,4088414,42134,2089901,27160,1912540,2176,85973,50037,1310845,21134,1426432,52208,2737277,California
Los Angeles,2021-03-23,97173,4185587,52793,2142694,41131,1953671,3249,89222,58537,1334275,38342,1464774,61772,2799049,California
Los Angeles,2021-03-24,105588,4291175,56168,2198862,46247,1999918,3173,92395,60478,1353154,44753,1509527,63632,2862681,California
Los Angeles,2021-03-25,111506,4402681,59925,2258787,47673,2047591,3908,96303,62299,1370465,48871,1558398,66182,2928863,California
Los Angeles,2021-03-26,115874,4518555,63539,2322326,48089,2095680,4246,100549,63740,1386601,51812,1610210,67948,2996811,California
Los Angeles,2021-03-27,83824,4602379,44140,2366466,37543,2133223,2141,102690,42649,1390510,40880,1651090,44789,3041600,California
Los Angeles,2021-03-28,42328,4644707,28717,2395183,13025,2146248,586,103276,20076,1389062,22111,1673201,20663,3062263,California
Los Angeles,2021-03-29,83553,4728260,47078,2442261,34691,2180939,1784,105060,46160,1399856,37144,1710345,47938,3110201,California
Los Angeles,2021-03-30,109666,4837926,52511,2494772,51212,2232151,5943,111003,56973,1410311,52418,1762763,62873,3173074,California
Los Angeles,2021-03-31,123253,4961179,62357,2557129,52050,2284201,8846,119849,68378,1432943,54524,1817287,77156,3250230,California
Los Angeles,2021-04-01,134245,5095424,63000,2620129,55768,2339969,15477,135326,71614,1457693,62225,1879512,86975,3337205,California
Los Angeles,2021-04-02,133226,5228650,59653,2679782,57979,2397948,15594,150920,70476,1481329,62369,1941881,86005,3423210,California
Los Angeles,2021-04-03,98972,5327622,45365,2725147,39923,2437871,13684,164604,48705,1493569,50054,1991935,62294,3485504,California
Los Angeles,2021-04-04,39328,5366950,20609,2745756,12074,2449945,6645,171249,16381,1493706,22845,2014780,22982,3508486,California
Los Angeles,2021-04-05,94488,5461438,44788,2790544,39362,2489307,10338,181587,44457,1498622,49794,2064574,54710,3563196,California
Los Angeles,2021-04-06,121909,5583347,57538,2848082,43988,2533295,20383,201970,55759,1508746,65868,2130442,75992,3639188,California
Los Angeles,2021-04-07,121383,5704730,55296,2903378,44808,2578103,21279,223249,54557,1517894,66532,2196974,75680,3714868,California
Los Angeles,2021-04-08,133948,5838678,59033,2962411,50648,2628751,24267,247516,60094,1528568,73494,2270468,84168,3799036,California
Los Angeles,2021-04-09,132849,5971527,57691,3020102,51005,2679756,24153,271669,56695,1533423,75799,2346267,80654,3879690,California
Los Angeles,2021-04-10,102204,6073731,43200,3063302,34764,2714520,24240,295909,37413,1530395,64529,2410796,61501,3941191,California
Los Angeles,2021-04-11,41997,6115728,22704,3086006,9889,2724409,9404,305313,14456,1526741,27444,2438240,23790,3964981,California
Los Angeles,2021-04-12,79840,6195568,39012,3125018,34333,2758742,6495,311808,32596,1518758,47003,2485243,39020,4004001,California
Los Angeles,2021-04-13,118628,6314196,59830,3184848,58363,2817105,435,312243,62682,1526226,55658,2540901,63126,4067127,California
Los Angeles,2021-04-14,120444,6434640,60301,3245149,60008,2877113,135,312378,65201,1536635,54927,2595828,65336,4132463,California
Los Angeles,2021-04-15,131795,6566435,71296,3316445,60301,2937414,198,312576,75294,1555836,56162,2651990,75363,4207826,California
Los Angeles,2021-04-16,131978,6698413,69720,3386165,62112,2999526,146,312722,69447,1563215,62151,2714141,69530,4277356,California
Los Angeles,2021-04-17,99787,6798200,52239,3438404,47517,3047043,31,312753,56862,1577441,42662,2756803,56888,4334244,California
Los Angeles,2021-04-18,35811,6834011,24181,3462585,11629,3058672,1,312754,19584,1580904,16130,2772933,19593,4353837,California
Los Angeles,2021-04-19,77460,6911471,40614,3503199,36829,3095501,17,312771,34751,1573208,42476,2815409,34780,4388617,California
Los Angeles,2021-04-20,105941,7017412,52543,3555742,53368,3148869,30,312801,52372,1572340,53278,2868687,52410,4441027,California
Los Angeles,2021-04-21,114953,7132365,56361,3612103,58401,3207270,191,312992,51015,1560020,63533,2932220,51213,4492240,California
Los Angeles,2021-04-22,118848,7251213,61810,3673913,57004,3264274,34,313026,52386,1546366,66087,2998307,52433,4544673,California
Los Angeles,2021-04-23,118355,7369568,65075,3738988,53258,3317532,22,313048,56446,1541284,61559,3059866,56477,4601150,California
Los Angeles,2021-04-24,90475,7460043,57492,3796480,32941,3350473,42,313090,50478,1552078,39739,3099605,50533,4651683,California
Los Angeles,2021-04-25,38016,7498059,25183,3821663,12827,3363300,6,313096,20453,1555107,17430,3117035,20459,4672142,California
Los Angeles,2021-04-26,79168,7577227,41312,3862975,37345,3400645,511,313607,39035,1554768,39884,3156919,39545,4711687,California
Los Angeles,2021-04-27,95486,7672713,46004,3908979,47479,3448124,2003,315610,37031,1535646,58144,3215063,39022,4750709,California
Los Angeles,2021-04-28,87994,7760707,42685,3951664,43205,3491329,2104,317714,34830,1519787,52787,3267850,36928,4787637,California
Los Angeles,2021-04-29,94601,7855308,47347,3999011,45040,3536369,2214,319928,34273,1496370,59899,3327749,36482,4824119,California
Los Angeles,2021-04-30,102543,7957851,50837,4049848,49247,3585616,2459,322387,37731,1472216,64328,3392077,40174,4864293,California
Los Angeles,2021-05-01,75854,8033705,42418,4092266,31879,3617495,1557,323944,28580,1455424,46923,3439000,30131,4894424,California
Los Angeles,2021-05-02,28088,8061793,18041,4110307,9307,3626802,740,324684,10176,1448552,17786,3456786,10914,4905338,California
Los Angeles,2021-05-03,62598,8124391,30411,4140718,29951,3656753,2236,326920,22763,1433984,39549,3496335,24981,4930319,California
Los Angeles,2021-05-04,88657,8213048,49430,4190148,36930,3693683,2297,329217,27684,1403303,60646,3556981,29965,4960284,California
Los Angeles,2021-05-05,91605,8304653,53646,4243794,35557,3729240,2402,331619,25424,1365316,65802,3622783,27815,4988099,California
Los Angeles,2021-05-06,98641,8403294,59669,4303463,36453,3765693,2519,334138,23608,1316797,74630,3697413,26111,5014210,California
Los Angeles,2021-05-07,98475,8501769,58315,4361778,37779,3803472,2381,336519,27168,1275405,70919,3768332,29527,5043737,California
Los Angeles,2021-05-08,66961,8568730,43952,4405730,21232,3824704,1777,338296,18610,1247780,48003,3816335,20378,5064115,California
Los Angeles,2021-05-09,24483,8593213,18812,4424542,4931,3829635,740,339036,6165,1236465,18213,3834548,6898,5071013,California
Los Angeles,2021-05-10,50788,8644001,26938,4451480,21943,3851578,1907,340943,15557,1218944,34979,3869527,17458,5088471,California
Los Angeles,2021-05-11,71535,8715536,39024,4490504,30358,3881936,2153,343096,18759,1187342,52495,3922022,20893,5109364,California
Los Angeles,2021-05-12,72655,8788191,39811,4530315,30524,3912460,2320,345416,20449,1158203,51880,3973902,22741,5132105,California
Los Angeles,2021-05-13,78456,8866647,47307,4577622,29414,3941874,1735,347151,27987,1137852,50061,4023963,29710,5161815,California
Los Angeles,2021-05-14,89851,8956498,57215,4634837,30755,3972629,1881,349032,33931,1118104,55550,4079513,35802,5197617,California
Los Angeles,2021-05-15,76586,9033084,53605,4688442,21428,3994057,1553,350585,29803,1102973,46475,4125988,31344,5228961,California
Los Angeles,2021-05-16,31023,9064107,24592,4713034,5815,3999872,616,351201,12325,1097316,18593,4144581,12936,5241897,California
Los Angeles,2021-05-17,62073,9126180,40221,4753255,20072,4019944,1780,352981,24924,1087102,36895,4181476,26681,5268578,California
Los Angeles,2021-05-18,65335,9191515,38691,4791946,24808,4044752,1836,354817,25720,1075291,39334,4220810,27523,5296101,California
Los Angeles,2021-05-19,67613,9259128,40757,4832703,25010,4069762,1846,356663,28791,1067370,38541,4259351,30620,5326721,California
Los Angeles,2021-05-20,66641,9325769,37322,4870025,27237,4096999,2082,358745,25205,1053606,41040,4300391,27276,5353997,California
Los Angeles,2021-05-21,70145,9395914,42545,4912570,25522,4122521,2078,360823,27175,1040279,42569,4342960,29242,5383239,California
Los Angeles,2021-05-22,57457,9453371,37366,4949936,18437,4140958,1654,362477,23330,1031368,33884,4376844,24973,5408212,California
Los Angeles,2021-05-23,24318,9477689,16961,4966897,6513,4147471,844,363321,10752,1029528,13432,4390276,11592,5419804,California
Los Angeles,2021-05-24,49080,9526769,27135,4994032,20089,4167560,1856,365177,18587,1019705,30250,4420526,20427,5440231,California
Los Angeles,2021-05-25,49858,9576627,28849,5022881,19235,4186795,1774,366951,19175,1010226,30422,4450948,20943,5461174,California
Los Angeles,2021-05-26,47221,9623848,26691,5049572,18678,4205473,1852,368803,19727,1004614,27071,4478019,21459,5482633,California
Los Angeles,2021-05-27,45522,9669370,25455,5075027,18233,4223706,1834,370637,18803,998769,26465,4504484,20620,5503253,California
Los Angeles,2021-05-28,52394,9721764,29679,5104706,20819,4244525,1896,372533,23260,995101,28811,4533295,25143,5528396,California
Los Angeles,2021-05-29,30531,9752295,17650,5122356,11835,4256360,1046,373579,14178,994155,16158,4549453,15212,5543608,California
Los Angeles,2021-05-30,12499,9764794,8200,5130556,3565,4259925,734,374313,5791,994021,6653,4556106,6519,5550127,California
Los Angeles,2021-05-31,6055,9770849,3742,5134298,2007,4261932,306,374619,1730,991792,4262,4560368,2033,5552160,California
Los Angeles,2021-06-01,46311,9817160,25936,5160234,18802,4280734,1573,376192,17000,981375,28964,4589332,18547,5570707,California
Los Angeles,2021-06-02,38609,9855769,22320,5182554,14835,4295569,1454,377646,15106,974687,23221,4612553,16533,5587240,California
Los Angeles,2021-06-03,42854,9898623,28375,5210929,12915,4308484,1564,379210,14723,963114,27844,4640397,16271,5603511,California
Los Angeles,2021-06-04,52433,9951056,35422,5246351,15331,4323815,1680,380890,16576,945849,35497,4675894,18232,5621743,California
Los Angeles,2021-06-05,42565,9993621,30499,5276850,10683,4334498,1383,382273,12342,929523,30037,4705931,13711,5635454,California
Los Angeles,2021-06-06,14763,10008384,12184,5289034,1840,4336338,739,383012,3958,923479,10734,4716665,4690,5640144,California
Los Angeles,2021-06-07,36983,10045367,26398,5315432,9132,4345470,1453,384465,11765,911664,25015,4741680,13200,5653344,California
Los Angeles,2021-06-08,38407,10083774,26464,5341896,10353,4355823,1590,386055,12768,900674,25335,4767015,14345,5667689,California
Los Angeles,2021-06-09,39884,10123658,28176,5370072,10187,4366010,1521,387576,11739,886025,27881,4794896,13232,5680921,California
Los Angeles,2021-06-10,36646,10160304,25374,5395446,9665,4375675,1607,389183,11554,874311,24858,4819754,13144,5694065,California
Los Angeles,2021-06-11,41234,10201538,28241,5423687,11324,4386999,1669,390852,13490,862012,27442,4847196,15143,5709208,California
Los Angeles,2021-06-12,33428,10234966,24082,5447769,8128,4395127,1218,392070,10332,850621,22927,4870123,11536,5720744,California
Los Angeles,2021-06-13,11529,10246495,8257,5456026,2634,4397761,638,392708,2623,845033,8842,4878965,3254,5723998,California
Los Angeles,2021-06-14,32671,10279166,23490,5479516,7805,4405566,1376,394084,11432,836781,21040,4900005,12788,5736786,California
Los Angeles,2021-06-15,33903,10313069,22759,5502275,9442,4415008,1702,395786,11805,828524,21737,4921742,13480,5750266,California
Los Angeles,2021-06-16,32294,10345363,22314,5524589,8236,4423244,1744,397530,11334,820869,20726,4942468,13071,5763337,California
Los Angeles,2021-06-17,29671,10375034,19884,5544473,8055,4431299,1732,399262,10847,814871,18562,4961030,12564,5775901,California
Los Angeles,2021-06-18,35254,10410288,24251,5568724,9054,4440353,1949,401211,12471,806862,22409,4983439,14400,5790301,California
Los Angeles,2021-06-19,22284,10432572,15030,5583754,5886,4446239,1368,402579,8600,803359,13452,4996891,9949,5800250,California
Los Angeles,2021-06-20,8445,10441017,5944,5589698,2011,4448250,490,403069,3060,801594,5312,5002203,3547,5803797,California
Los Angeles,2021-06-21,19100,10460117,11739,5601437,5987,4454237,1374,404443,10252,804476,8730,5010933,11612,5815409,California
Los Angeles,2021-06-22,26193,10486310,17685,5619122,6997,4461234,1511,405954,10148,800264,15866,5026799,11654,5827063,California
Los Angeles,2021-06-23,24898,10511208,17132,5636254,6373,4467607,1393,407347,9999,796915,14724,5041523,11375,5838438,California
Los Angeles,2021-06-24,24703,10535911,17013,5653267,6089,4473696,1601,408948,9556,793097,14936,5056459,11118,5849556,California
Los Angeles,2021-06-25,29293,10565204,20435,5673702,7253,4480949,1605,410553,11998,789594,17086,5073545,13583,5863139,California
Los Angeles,2021-06-26,19929,10585133,14495,5688197,4418,4485367,1016,411569,8280,787335,11538,5085083,9279,5872418,California
Los Angeles,2021-06-27,8575,10593708,6238,5694435,1905,4487272,432,412001,3637,786523,4871,5089954,4059,5876477,California
Los Angeles,2021-06-28,19983,10613691,15414,5709849,3351,4490623,1218,413219,8750,785373,11109,5101063,9959,5886436,California
Los Angeles,2021-06-29,22325,10636016,15341,5725190,5922,4496545,1062,414281,9806,783866,12362,5113425,10855,5897291,California
Los Angeles,2021-06-30,21697,10657713,15348,5740538,5270,4501815,1079,415360,9706,782795,11841,5125266,10770,5908061,California
Los Angeles,2021-07-01,19679,10677392,14051,5754589,4642,4506457,986,416346,8886,781978,10676,5135942,9859,5917920,California
Los Angeles,2021-07-02,22779,10700171,16206,5770795,5502,4511959,1071,417417,10208,780817,12423,5148365,11262,5929182,California
Los Angeles,2021-07-03,9645,10709816,6670,5777465,2644,4514603,331,417748,4106,779796,5456,5153821,4435,5933617,California
Madera,2020-12-16,22,22,22,22,0,0,0,0,22,22,0,0,22,22,California
Madera,2020-12-17,12,34,12,34,0,0,0,0,12,34,0,0,12,34,California
Madera,2020-12-18,61,95,61,95,0,0,0,0,61,95,0,0,61,95,California
Madera,2020-12-19,5,100,5,100,0,0,0,0,5,100,0,0,5,100,California
Madera,2020-12-20,14,114,14,114,0,0,0,0,14,114,0,0,14,114,California
Madera,2020-12-21,59,173,59,173,0,0,0,0,59,173,0,0,59,173,California
Madera,2020-12-22,97,270,95,268,2,2,0,0,97,270,0,0,97,270,California
Madera,2020-12-23,67,337,67,335,0,2,0,0,67,337,0,0,67,337,California
Madera,2020-12-24,45,382,40,375,5,7,0,0,45,382,0,0,45,382,California
Madera,2020-12-26,27,409,26,401,1,8,0,0,27,409,0,0,27,409,California
Madera,2020-12-27,30,439,12,413,18,26,0,0,30,439,0,0,30,439,California
Madera,2020-12-28,107,546,36,449,71,97,0,0,107,546,0,0,107,546,California
Madera,2020-12-29,176,722,37,486,139,236,0,0,176,722,0,0,176,722,California
Madera,2020-12-30,226,948,90,576,136,372,0,0,226,948,0,0,226,948,California
Madera,2020-12-31,203,1151,81,657,122,494,0,0,203,1151,0,0,203,1151,California
Madera,2021-01-01,2,1153,1,658,1,495,0,0,2,1153,0,0,2,1153,California
Madera,2021-01-02,89,1242,33,691,56,551,0,0,89,1242,0,0,89,1242,California
Madera,2021-01-03,4,1246,4,695,0,551,0,0,4,1246,0,0,4,1246,California
Madera,2021-01-04,130,1376,66,761,64,615,0,0,130,1376,0,0,130,1376,California
Madera,2021-01-05,280,1656,143,904,137,752,0,0,276,1648,4,4,276,1652,California
Madera,2021-01-06,184,1840,27,931,157,909,0,0,164,1792,20,24,164,1816,California
Madera,2021-01-07,400,2240,116,1047,284,1193,0,0,377,2147,23,47,378,2194,California
Madera,2021-01-08,420,2660,72,1119,348,1541,0,0,365,2459,54,101,366,2560,California
Madera,2021-01-09,38,2698,14,1133,24,1565,0,0,29,2479,9,110,29,2589,California
Madera,2021-01-10,17,2715,14,1147,3,1568,0,0,5,2472,12,122,5,2594,California
Madera,2021-01-11,238,2953,190,1337,48,1616,0,0,197,2628,41,163,197,2791,California
Madera,2021-01-12,388,3341,157,1494,231,1847,0,0,284,2808,104,267,284,3075,California
Madera,2021-01-13,183,3524,91,1585,92,1939,0,0,127,2880,56,323,128,3203,California
Madera,2021-01-14,556,4080,84,1669,472,2411,0,0,522,3368,34,357,522,3725,California
Madera,2021-01-15,599,4679,160,1829,439,2850,0,0,577,3923,22,379,577,4302,California
Madera,2021-01-16,383,5062,49,1878,334,3184,0,0,355,4250,28,407,355,4657,California
Madera,2021-01-17,334,5396,15,1893,319,3503,0,0,330,4576,4,411,330,4987,California
Madera,2021-01-18,77,5473,61,1954,16,3519,0,0,58,4616,18,429,58,5045,California
Madera,2021-01-19,566,6039,133,2087,433,3952,0,0,540,5131,26,455,541,5586,California
Madera,2021-01-20,341,6380,184,2271,157,4109,0,0,245,5281,95,550,245,5831,California
Madera,2021-01-21,291,6671,183,2454,108,4217,0,0,227,5446,62,612,227,6058,California
Madera,2021-01-22,262,6933,84,2538,178,4395,0,0,245,5674,17,629,245,6303,California
Madera,2021-01-23,101,7034,53,2591,48,4443,0,0,77,5727,24,653,77,6380,California
Madera,2021-01-24,101,7135,82,2673,19,4462,0,0,79,5784,22,675,79,6459,California
Madera,2021-01-25,269,7404,126,2799,143,4605,0,0,145,5805,124,799,145,6604,California
Madera,2021-01-26,493,7897,190,2989,303,4908,0,0,301,5916,191,990,302,6906,California
Madera,2021-01-27,749,8646,67,3056,682,5590,0,0,611,6391,138,1128,613,7519,California
Madera,2021-01-28,551,9197,112,3168,439,6029,0,0,445,6731,106,1234,446,7965,California
Madera,2021-01-29,471,9668,93,3261,378,6407,0,0,416,7092,55,1289,416,8381,California
Madera,2021-01-30,503,10171,16,3277,487,6894,0,0,449,7487,54,1343,449,8830,California
Madera,2021-01-31,8,10179,5,3282,3,6897,0,0,7,7493,1,1344,7,8837,California
Madera,2021-02-01,331,10510,146,3428,185,7082,0,0,207,7576,124,1468,207,9044,California
Madera,2021-02-02,252,10762,89,3517,163,7245,0,0,159,7644,92,1560,160,9204,California
Madera,2021-02-03,596,11358,459,3976,137,7382,0,0,477,8005,117,1677,478,9682,California
Madera,2021-02-04,398,11756,126,4102,272,7654,0,0,116,7841,281,1958,117,9799,California
Madera,2021-02-05,979,12735,299,4401,680,8334,0,0,371,7611,602,2560,372,10171,California
Madera,2021-02-06,365,13100,327,4728,38,8372,0,0,323,7893,41,2601,323,10494,California
Madera,2021-02-07,35,13135,7,4735,28,8400,0,0,30,7918,5,2606,30,10524,California
Madera,2021-02-08,384,13519,308,5043,76,8476,0,0,269,8073,114,2720,269,10793,California
Madera,2021-02-09,483,14002,118,5161,365,8841,0,0,198,7991,282,3002,200,10993,California
Madera,2021-02-10,434,14436,150,5311,284,9125,0,0,281,8121,151,3153,281,11274,California
Madera,2021-02-11,934,15370,305,5616,629,9754,0,0,400,7989,533,3686,401,11675,California
Madera,2021-02-12,850,16220,121,5737,729,10483,0,0,314,7776,530,4216,317,11992,California
Madera,2021-02-13,484,16704,45,5782,439,10922,0,0,136,7568,347,4563,139,12131,California
Madera,2021-02-14,400,17104,74,5856,326,11248,0,0,134,7437,266,4829,135,12266,California
Madera,2021-02-15,247,17351,100,5956,147,11395,0,0,175,7542,70,4899,175,12441,California
Madera,2021-02-16,778,18129,184,6140,594,11989,0,0,227,7221,549,5448,228,12669,California
Madera,2021-02-17,616,18745,278,6418,338,12327,0,0,343,7300,266,5714,345,13014,California
Madera,2021-02-18,1306,20051,543,6961,763,13090,0,0,1124,8244,181,5895,1125,14139,California
Madera,2021-02-19,869,20920,551,7512,318,13408,0,0,723,8823,145,6040,724,14863,California
Madera,2021-02-20,1078,21998,985,8497,93,13501,0,0,1003,9753,74,6114,1004,15867,California
Madera,2021-02-21,995,22993,853,9350,142,13643,0,0,987,10733,7,6121,987,16854,California
Madera,2021-02-22,958,23951,880,10230,78,13721,0,0,898,11572,59,6180,898,17752,California
Madera,2021-02-23,760,24711,472,10702,288,14009,0,0,532,11877,227,6407,532,18284,California
Madera,2021-02-24,923,25634,300,11002,623,14632,0,0,381,11717,541,6948,381,18665,California
Madera,2021-02-25,1035,26669,317,11319,718,15350,0,0,600,11884,433,7381,600,19265,California
Madera,2021-02-26,1096,27765,199,11518,897,16247,0,0,711,12212,383,7764,711,19976,California
Madera,2021-02-27,924,28689,293,11811,631,16878,0,0,494,12282,427,8191,497,20473,California
Madera,2021-02-28,193,28882,30,11841,163,17041,0,0,187,12463,6,8197,187,20660,California
Madera,2021-03-01,380,29262,120,11961,260,17301,0,0,195,12477,182,8379,196,20856,California
Madera,2021-03-02,744,30006,348,12309,396,17697,0,0,631,12999,111,8490,633,21489,California
Madera,2021-03-03,1360,31366,729,13038,631,18328,0,0,951,13571,406,8896,978,22467,California
Madera,2021-03-04,1204,32570,525,13563,679,19007,0,0,951,14272,254,9150,955,23422,California
Madera,2021-03-05,1364,33934,422,13985,929,19936,13,13,1081,15097,281,9431,1106,24528,California
Madera,2021-03-06,817,34751,636,14621,149,20085,32,45,498,15310,318,9749,531,25059,California
Madera,2021-03-07,156,34907,27,14648,107,20192,22,67,105,15386,51,9800,127,25186,California
Madera,2021-03-08,606,35513,338,14986,208,20400,60,127,312,15465,294,10094,373,25559,California
Madera,2021-03-09,599,36112,296,15282,269,20669,34,161,409,15728,188,10282,451,26010,California
Madera,2021-03-10,1193,37305,559,15841,554,21223,80,241,755,16131,433,10715,836,26846,California
Madera,2021-03-11,1684,38989,869,16710,487,21710,328,569,768,16327,912,11627,1108,27954,California
Madera,2021-03-12,1585,40574,822,17532,608,22318,155,724,801,16530,781,12408,984,28938,California
Madera,2021-03-13,1891,42465,1329,18861,363,22681,199,923,815,16493,1070,13478,1033,29971,California
Madera,2021-03-14,584,43049,449,19310,103,22784,32,955,285,16516,294,13772,317,30288,California
Madera,2021-03-15,746,43795,229,19539,471,23255,46,1001,512,16881,230,14002,595,30883,California
Madera,2021-03-16,934,44729,529,20068,358,23613,47,1048,741,17496,190,14192,805,31688,California
Madera,2021-03-17,1466,46195,981,21049,422,24035,63,1111,906,18008,551,14743,1063,32751,California
Madera,2021-03-18,1956,48151,689,21738,1203,25238,64,1175,970,18155,979,15722,1126,33877,California
Madera,2021-03-19,1586,49737,590,22328,913,26151,83,1258,1027,18789,555,16277,1189,35066,California
Madera,2021-03-20,1179,50916,773,23101,353,26504,53,1311,584,18899,592,16869,702,35768,California
Madera,2021-03-21,1100,52016,897,23998,157,26661,46,1357,365,18582,730,17599,413,36181,California
Madera,2021-03-22,1357,53373,853,24851,440,27101,64,1421,658,18656,695,18294,769,36950,California
Madera,2021-03-23,1431,54804,877,25728,463,27564,91,1512,674,18752,754,19048,850,37800,California
Madera,2021-03-24,949,55753,509,26237,409,27973,31,1543,615,19074,329,19377,651,38451,California
Madera,2021-03-25,1167,56920,527,26764,616,28589,24,1567,644,19242,513,19890,681,39132,California
Madera,2021-03-26,1521,58441,579,27343,809,29398,133,1700,712,19286,805,20695,849,39981,California
Madera,2021-03-27,928,59369,605,27948,298,29696,25,1725,412,19212,512,21207,438,40419,California
Madera,2021-03-28,437,59806,151,28099,226,29922,60,1785,202,19335,234,21441,357,40776,California
Madera,2021-03-29,684,60490,180,28279,475,30397,29,1814,490,19668,190,21631,523,41299,California
Madera,2021-03-30,1071,61561,606,28885,436,30833,29,1843,476,19583,591,22222,506,41805,California
Madera,2021-03-31,1401,62962,542,29427,721,31554,138,1981,424,19174,971,23193,562,42367,California
Madera,2021-04-01,1394,64356,628,30055,715,32269,51,2032,482,18804,901,24094,531,42898,California
Madera,2021-04-02,1607,65963,461,30516,1087,33356,59,2091,479,18226,1117,25211,539,43437,California
Madera,2021-04-03,962,66925,764,31280,178,33534,20,2111,392,18080,568,25779,422,43859,California
Madera,2021-04-04,187,67112,65,31345,120,33654,2,2113,86,18068,101,25880,89,43948,California
Madera,2021-04-05,737,67849,254,31599,424,34078,59,2172,338,18082,397,26277,411,44359,California
Madera,2021-04-06,1703,69552,886,32485,462,34540,355,2527,526,17788,1175,27452,881,45240,California
Madera,2021-04-07,1229,70781,384,32869,695,35235,150,2677,423,17564,802,28254,578,45818,California
Madera,2021-04-08,1729,72510,671,33540,798,36033,260,2937,556,17222,1164,29418,822,46640,California
Madera,2021-04-09,1656,74166,699,34239,808,36841,149,3086,949,17621,702,30120,1101,47741,California
Madera,2021-04-10,979,75145,686,34925,225,37066,68,3154,711,18132,269,30389,780,48521,California
Madera,2021-04-11,812,75957,657,35582,76,37142,79,3233,287,17975,521,30910,364,48885,California
Madera,2021-04-12,817,76774,295,35877,447,37589,75,3308,315,17865,501,31411,391,49276,California
Madera,2021-04-13,1251,78025,618,36495,591,38180,42,3350,728,18125,519,31930,779,50055,California
Madera,2021-04-14,1400,79425,867,37362,533,38713,0,3350,576,17885,822,32752,582,50637,California
Madera,2021-04-15,1170,80595,509,37871,660,39373,1,3351,422,17573,736,33488,424,51061,California
Madera,2021-04-16,1363,81958,548,38419,815,40188,0,3351,386,16999,963,34451,389,51450,California
Madera,2021-04-17,1294,83252,1091,39510,203,40391,0,3351,774,17256,517,34968,774,52224,California
Madera,2021-04-18,260,83512,220,39730,40,40431,0,3351,89,17179,166,35134,89,52313,California
Madera,2021-04-19,821,84333,245,39975,575,41006,1,3352,287,16938,528,35662,287,52600,California
Madera,2021-04-20,907,85240,456,40431,451,41457,0,3352,237,16511,666,36328,239,52839,California
Madera,2021-04-21,903,86143,491,40922,412,41869,0,3352,303,16217,599,36927,305,53144,California
Madera,2021-04-22,1102,87245,535,41457,567,42436,0,3352,379,15878,719,37646,380,53524,California
Madera,2021-04-23,971,88216,318,41775,653,43089,0,3352,340,15592,626,38272,340,53864,California
Madera,2021-04-24,708,88924,466,42241,242,43331,0,3352,247,15383,457,38729,248,54112,California
Madera,2021-04-25,266,89190,160,42401,103,43434,3,3355,119,15363,143,38872,123,54235,California
Madera,2021-04-26,564,89754,110,42511,448,43882,6,3361,133,15074,428,39300,139,54374,California
Madera,2021-04-27,629,90383,281,42792,323,44205,25,3386,316,15106,310,39610,342,54716,California
Madera,2021-04-28,510,90893,205,42997,286,44491,19,3405,247,15110,261,39871,265,54981,California
Madera,2021-04-29,554,91447,251,43248,276,44767,27,3432,259,15109,288,40159,287,55268,California
Madera,2021-04-30,944,92391,510,43758,418,45185,16,3448,274,14736,664,40823,291,55559,California
Madera,2021-05-01,968,93359,870,44628,85,45270,13,3461,389,14560,578,41401,402,55961,California
Madera,2021-05-02,400,93759,352,44980,43,45313,5,3466,145,14455,255,41656,150,56111,California
Madera,2021-05-03,499,94258,199,45179,260,45573,40,3506,101,14201,395,42051,141,56252,California
Madera,2021-05-04,911,95169,440,45619,427,46000,44,3550,216,13766,695,42746,260,56512,California
Madera,2021-05-05,1023,96192,490,46109,473,46473,60,3610,280,13365,741,43487,340,56852,California
Madera,2021-05-06,710,96902,260,46369,418,46891,32,3642,166,13024,539,44026,198,57050,California
Madera,2021-05-07,814,97716,284,46653,509,47400,21,3663,197,12630,611,44637,217,57267,California
Madera,2021-05-08,976,98692,762,47415,203,47603,11,3674,188,12042,787,45424,199,57466,California
Madera,2021-05-09,147,98839,21,47436,115,47718,11,3685,35,11978,110,45534,46,57512,California
Madera,2021-05-10,361,99200,75,47511,274,47992,12,3697,101,11832,259,45793,113,57625,California
Madera,2021-05-11,538,99738,186,47697,343,48335,9,3706,172,11649,364,46157,181,57806,California
Madera,2021-05-12,504,100242,228,47925,240,48575,36,3742,125,11433,377,46534,161,57967,California
Madera,2021-05-13,511,100753,311,48236,168,48743,32,3774,176,11309,332,46866,208,58175,California
Madera,2021-05-14,538,101291,271,48507,243,48986,24,3798,233,11264,302,47168,257,58432,California
Madera,2021-05-15,560,101851,476,48983,76,49062,8,3806,361,11437,196,47364,369,58801,California
Madera,2021-05-16,258,102109,190,49173,36,49098,32,3838,107,11425,151,47515,139,58940,California
Madera,2021-05-17,451,102560,189,49362,234,49332,28,3866,200,11405,248,47763,228,59168,California
Madera,2021-05-18,551,103111,368,49730,159,49491,24,3890,288,11459,258,48021,312,59480,California
Madera,2021-05-19,487,103598,224,49954,241,49732,22,3912,216,11428,269,48290,238,59718,California
Madera,2021-05-20,593,104191,271,50225,285,50017,37,3949,232,11343,354,48644,269,59987,California
Madera,2021-05-21,504,104695,194,50419,283,50300,27,3976,193,11257,306,48950,220,60207,California
Madera,2021-05-22,903,105598,817,51236,74,50374,12,3988,532,11430,371,49321,544,60751,California
Madera,2021-05-23,268,105866,241,51477,17,50391,10,3998,143,11459,124,49445,153,60904,California
Madera,2021-05-24,308,106174,140,51617,127,50518,41,4039,122,11437,185,49630,163,61067,California
Madera,2021-05-25,382,106556,169,51786,181,50699,32,4071,151,11391,229,49859,183,61250,California
Madera,2021-05-26,445,107001,259,52045,164,50863,22,4093,237,11444,206,50065,259,61509,California
Madera,2021-05-27,372,107373,134,52179,200,51063,38,4131,126,11366,242,50307,164,61673,California
Madera,2021-05-28,449,107822,173,52352,248,51311,28,4159,174,11295,273,50580,202,61875,California
Madera,2021-05-29,308,108130,217,52569,73,51384,18,4177,167,11339,141,50721,185,62060,California
Madera,2021-05-30,61,108191,27,52596,30,51414,4,4181,28,11339,32,50753,32,62092,California
Madera,2021-05-31,26,108217,9,52605,13,51427,4,4185,11,11339,15,50768,15,62107,California
Madera,2021-06-01,289,108506,144,52749,122,51549,23,4208,106,11287,181,50949,129,62236,California
Madera,2021-06-02,395,108901,125,52874,247,51796,23,4231,116,11148,278,51227,139,62375,California
Madera,2021-06-03,283,109184,151,53025,117,51913,15,4246,91,11062,192,51419,106,62481,California
Madera,2021-06-04,382,109566,245,53270,126,52039,11,4257,152,10996,229,51648,163,62644,California
Madera,2021-06-05,516,110082,390,53660,113,52152,13,4270,150,10800,359,52007,163,62807,California
Madera,2021-06-06,135,110217,115,53775,13,52165,7,4277,38,10748,97,52104,45,62852,California
Madera,2021-06-07,249,110466,154,53929,74,52239,21,4298,44,10609,204,52308,65,62917,California
Madera,2021-06-08,389,110855,274,54203,94,52333,21,4319,97,10435,292,52600,118,63035,California
Madera,2021-06-09,374,111229,239,54442,108,52441,27,4346,145,10379,228,52828,172,63207,California
Madera,2021-06-10,341,111570,197,54639,128,52569,16,4362,116,10288,223,53051,132,63339,California
Madera,2021-06-11,379,111949,220,54859,127,52696,32,4394,170,10280,208,53259,200,63539,California
Madera,2021-06-12,574,112523,504,55363,54,52750,16,4410,92,9906,482,53741,108,63647,California
Madera,2021-06-13,194,112717,160,55523,29,52779,5,4415,54,9826,139,53880,59,63706,California
Madera,2021-06-14,227,112944,162,55685,42,52821,23,4438,89,9803,135,54015,112,63818,California
Madera,2021-06-15,362,113306,251,55936,78,52899,33,4471,156,9787,205,54220,189,64007,California
Madera,2021-06-16,326,113632,250,56186,62,52961,14,4485,118,9715,204,54424,132,64139,California
Madera,2021-06-17,264,113896,131,56317,124,53085,9,4494,98,9657,165,54589,107,64246,California
Madera,2021-06-18,277,114173,176,56493,77,53162,24,4518,118,9640,158,54747,141,64387,California
Madera,2021-06-19,246,114419,199,56692,39,53201,8,4526,80,9562,166,54913,88,64475,California
Madera,2021-06-20,55,114474,45,56737,3,53204,7,4533,27,9568,28,54941,34,64509,California
Madera,2021-06-21,166,114640,81,56818,60,53264,25,4558,74,9576,91,55032,99,64608,California
Madera,2021-06-22,236,114876,160,56978,58,53322,18,4576,116,9592,118,55150,134,64742,California
Madera,2021-06-23,263,115139,188,57166,65,53387,10,4586,140,9619,123,55273,150,64892,California
Madera,2021-06-24,206,115345,100,57266,84,53471,22,4608,77,9590,128,55401,99,64991,California
Madera,2021-06-25,261,115606,169,57435,68,53539,24,4632,100,9556,158,55559,124,65115,California
Madera,2021-06-26,182,115788,136,57571,34,53573,12,4644,76,9538,106,55665,88,65203,California
Madera,2021-06-27,110,115898,85,57656,21,53594,4,4648,57,9546,53,55718,61,65264,California
Madera,2021-06-28,155,116053,95,57751,41,53635,19,4667,82,9575,72,55790,101,65365,California
Madera,2021-06-29,212,116265,153,57904,43,53678,16,4683,101,9583,109,55899,117,65482,California
Madera,2021-06-30,215,116480,144,58048,64,53742,7,4690,121,9618,93,55992,128,65610,California
Madera,2021-07-01,181,116661,116,58164,41,53783,24,4714,70,9602,110,56102,94,65704,California
Madera,2021-07-02,219,116880,164,58328,41,53824,14,4728,91,9579,128,56230,105,65809,California
Madera,2021-07-03,132,117012,91,58419,33,53857,8,4736,59,9576,70,56300,67,65876,California
Marin,2020-12-15,2,2,2,2,0,0,0,0,2,2,0,0,2,2,California
Marin,2020-12-16,108,110,108,110,0,0,0,0,108,110,0,0,108,110,California
Marin,2020-12-17,275,385,275,385,0,0,0,0,275,385,0,0,275,385,California
Marin,2020-12-18,389,774,389,774,0,0,0,0,389,774,0,0,389,774,California
Marin,2020-12-19,348,1122,347,1121,1,1,0,0,348,1122,0,0,348,1122,California
Marin,2020-12-20,166,1288,165,1286,1,2,0,0,166,1288,0,0,166,1288,California
Marin,2020-12-21,239,1527,236,1522,3,5,0,0,239,1527,0,0,239,1527,California
Marin,2020-12-22,521,2048,317,1839,204,209,0,0,521,2048,0,0,521,2048,California
Marin,2020-12-23,729,2777,315,2154,414,623,0,0,729,2777,0,0,729,2777,California
Marin,2020-12-24,358,3135,158,2312,200,823,0,0,358,3135,0,0,358,3135,California
Marin,2020-12-25,26,3161,0,2312,26,849,0,0,26,3161,0,0,26,3161,California
Marin,2020-12-26,144,3305,95,2407,49,898,0,0,144,3305,0,0,144,3305,California
Marin,2020-12-27,91,3396,54,2461,37,935,0,0,91,3396,0,0,91,3396,California
Marin,2020-12-28,407,3803,99,2560,308,1243,0,0,407,3803,0,0,407,3803,California
Marin,2020-12-29,399,4202,88,2648,311,1554,0,0,399,4202,0,0,399,4202,California
Marin,2020-12-30,630,4832,390,3038,240,1794,0,0,630,4832,0,0,630,4832,California
Marin,2020-12-31,201,5033,35,3073,166,1960,0,0,200,5031,1,1,200,5032,California
Marin,2021-01-01,32,5065,15,3088,17,1977,0,0,32,5063,0,1,32,5064,California
Marin,2021-01-02,115,5180,109,3197,6,1983,0,0,115,5178,0,1,115,5179,California
Marin,2021-01-03,49,5229,31,3228,18,2001,0,0,45,5223,0,1,45,5224,California
Marin,2021-01-04,299,5528,194,3422,105,2106,0,0,298,5520,1,2,298,5522,California
Marin,2021-01-05,371,5899,224,3646,147,2253,0,0,328,5805,43,45,328,5850,California
Marin,2021-01-06,818,6717,318,3964,500,2753,0,0,638,6263,180,225,638,6488,California
Marin,2021-01-07,888,7605,502,4466,386,3139,0,0,528,6432,360,585,529,7017,California
Marin,2021-01-08,974,8579,517,4983,457,3596,0,0,583,6625,390,975,583,7600,California
Marin,2021-01-09,618,9197,223,5206,395,3991,0,0,488,6983,130,1105,488,8088,California
Marin,2021-01-10,130,9327,101,5307,29,4020,0,0,57,6967,73,1178,57,8145,California
Marin,2021-01-11,471,9798,328,5635,143,4163,0,0,250,6998,221,1399,252,8397,California
Marin,2021-01-12,937,10735,545,6180,392,4555,0,0,567,7199,366,1765,567,8964,California
Marin,2021-01-13,1169,11904,494,6674,675,5230,0,0,936,7902,233,1998,936,9900,California
Marin,2021-01-14,1073,12977,320,6994,753,5983,0,0,922,8675,149,2147,922,10822,California
Marin,2021-01-15,1167,14144,356,7350,811,6794,0,0,1035,9581,131,2278,1037,11859,California
Marin,2021-01-16,1125,15269,916,8266,209,7003,0,0,1049,10554,76,2354,1049,12908,California
Marin,2021-01-17,1228,16497,1109,9375,119,7122,0,0,1199,11728,28,2382,1202,14110,California
Marin,2021-01-18,367,16864,161,9536,206,7328,0,0,317,11995,50,2432,317,14427,California
Marin,2021-01-19,1153,18017,910,10446,243,7571,0,0,982,12807,170,2602,982,15409,California
Marin,2021-01-20,1808,19825,1219,11665,589,8160,0,0,1071,13154,725,3327,1072,16481,California
Marin,2021-01-21,1700,21525,1069,12734,631,8791,0,0,1341,14141,356,3683,1343,17824,California
Marin,2021-01-22,1717,23242,1096,13830,621,9412,0,0,1543,15511,174,3857,1544,19368,California
Marin,2021-01-23,1858,25100,1351,15181,507,9919,0,0,1768,17190,89,3946,1768,21136,California
Marin,2021-01-24,618,25718,165,15346,453,10372,0,0,584,17740,34,3980,584,21720,California
Marin,2021-01-25,1133,26851,236,15582,897,11269,0,0,694,17996,439,4419,695,22415,California
Marin,2021-01-26,1520,28371,782,16364,738,12007,0,0,1138,18753,381,4800,1138,23553,California
Marin,2021-01-27,1731,30102,891,17255,840,12847,0,0,1358,19741,371,5171,1359,24912,California
Marin,2021-01-28,2090,32192,1076,18331,1014,13861,0,0,1824,21301,265,5436,1825,26737,California
Marin,2021-01-29,2217,34409,1441,19772,776,14637,0,0,2018,23134,186,5622,2019,28756,California
Marin,2021-01-30,1719,36128,906,20678,813,15450,0,0,1639,24693,80,5702,1639,30395,California
Marin,2021-01-31,459,36587,322,21000,137,15587,0,0,432,25098,27,5729,432,30827,California
Marin,2021-02-01,1100,37687,415,21415,685,16272,0,0,897,25794,202,5931,898,31725,California
Marin,2021-02-02,1429,39116,498,21913,931,17203,0,0,762,25900,656,6587,762,32487,California
Marin,2021-02-03,1786,40902,427,22340,1359,18562,0,0,1276,26667,509,7096,1276,33763,California
Marin,2021-02-04,1554,42456,503,22843,1051,19613,0,0,949,27015,601,7697,949,34712,California
Marin,2021-02-05,2178,44634,676,23519,1502,21115,0,0,1338,27517,836,8533,1338,36050,California
Marin,2021-02-06,1429,46063,850,24369,579,21694,0,0,602,27295,824,9357,602,36652,California
Marin,2021-02-07,1293,47356,1010,25379,283,21977,0,0,495,26993,797,10154,495,37147,California
Marin,2021-02-08,1535,48891,759,26138,776,22753,0,0,733,26927,799,10953,733,37880,California
Marin,2021-02-09,1789,50680,1128,27266,661,23414,0,0,844,26826,945,11898,844,38724,California
Marin,2021-02-10,2357,53037,1504,28770,853,24267,0,0,1224,26920,1131,13029,1225,39949,California
Marin,2021-02-11,2883,55920,1654,30424,1229,25496,0,0,1453,26952,1425,14454,1457,41406,California
Marin,2021-02-12,3094,59014,1552,31976,1542,27038,0,0,1571,27004,1520,15974,1572,42978,California
Marin,2021-02-13,2346,61360,1250,33226,1096,28134,0,0,1126,26912,1218,17192,1126,44104,California
Marin,2021-02-14,824,62184,309,33535,515,28649,0,0,729,27547,95,17287,730,44834,California
Marin,2021-02-15,1231,63415,359,33894,872,29521,0,0,845,28008,385,17672,846,45680,California
Marin,2021-02-16,2485,65900,1063,34957,1422,30943,0,0,1514,28552,970,18642,1514,47194,California
Marin,2021-02-17,2119,68019,948,35905,1171,32114,0,0,1100,28636,1017,19659,1101,48295,California
Marin,2021-02-18,2443,70462,1599,37504,844,32958,0,0,1067,28333,1370,21029,1067,49362,California
Marin,2021-02-19,2807,73269,2191,39695,616,33574,0,0,1247,28036,1545,22574,1248,50610,California
Marin,2021-02-20,2657,75926,2177,41872,480,34054,0,0,1254,27896,1396,23970,1256,51866,California
Marin,2021-02-21,1350,77276,1147,43019,203,34257,0,0,952,28455,393,24363,952,52818,California
Marin,2021-02-22,1904,79180,1460,44479,444,34701,0,0,1258,29071,642,25005,1258,54076,California
Marin,2021-02-23,2966,82146,1712,46191,1254,35955,0,0,1992,30106,958,25963,1993,56069,California
Marin,2021-02-24,3582,85728,1653,47844,1929,37884,0,0,2287,31110,1284,27247,2288,58357,California
Marin,2021-02-25,4130,89858,1944,49788,2186,40070,0,0,2904,32801,1215,28462,2906,61263,California
Marin,2021-02-26,3683,93541,2006,51794,1677,41747,0,0,2652,34435,1019,29481,2653,63916,California
Marin,2021-02-27,2744,96285,1616,53410,1128,42875,0,0,1897,35492,842,30323,1899,65815,California
Marin,2021-02-28,1649,97934,927,54337,722,43597,0,0,1297,36442,347,30670,1297,67112,California
Marin,2021-03-01,2699,100633,1675,56012,1023,44620,1,1,1821,37395,869,31539,1822,68934,California
Marin,2021-03-02,2528,103161,1689,57701,838,45458,1,2,1728,38329,796,32335,1730,70664,California
Marin,2021-03-03,4351,107512,2426,60127,1921,47379,4,6,2818,39623,1528,33863,2822,73486,California
Marin,2021-03-04,3409,110921,1674,61801,1734,49113,1,7,2365,40956,1037,34900,2370,75856,California
Marin,2021-03-05,3087,114008,1180,62981,1894,51007,13,20,1806,41499,1276,36176,1819,77675,California
Marin,2021-03-06,3238,117246,2321,65302,839,51846,78,98,2661,43666,571,36747,2738,80413,California
Marin,2021-03-07,1400,118646,1177,66479,199,52045,24,122,1001,44297,394,37141,1025,81438,California
Marin,2021-03-08,1905,120551,1391,67870,396,52441,118,240,1428,45369,473,37614,1545,82983,California
Marin,2021-03-09,2236,122787,1342,69212,784,53225,110,350,1550,46344,683,38297,1658,84641,California
Marin,2021-03-10,4474,127261,2510,71722,1670,54895,294,644,3220,48608,1248,39545,3512,88153,California
Marin,2021-03-11,4596,131857,1888,73610,2571,57466,137,781,3294,50746,1293,40838,3431,91584,California
Marin,2021-03-12,4005,135862,1550,75160,2101,59567,354,1135,1564,50235,2427,43265,1916,93500,California
Marin,2021-03-13,4114,139976,2866,78026,1174,60741,74,1209,2393,50980,1715,44980,2460,95960,California
Marin,2021-03-14,2283,142259,1105,79131,1060,61801,118,1327,700,50213,1581,46561,814,96774,California
Marin,2021-03-15,3264,145523,1785,80916,1432,63233,47,1374,1201,49415,2046,48607,1248,98022,California
Marin,2021-03-16,4301,149824,2318,83234,1620,64853,363,1737,1449,48377,2848,51455,1810,99832,California
Marin,2021-03-17,4225,154049,2289,85523,1883,66736,53,1790,2047,48312,2164,53619,2099,101931,California
Marin,2021-03-18,4507,158556,2281,87804,2151,68887,75,1865,2132,48161,2355,55974,2204,104135,California
Marin,2021-03-19,4495,163051,2311,90115,1964,70851,220,2085,2331,48555,2153,58127,2547,106682,California
Marin,2021-03-20,3599,166650,2001,92116,1486,72337,112,2197,1931,48941,1658,59785,2044,108726,California
Marin,2021-03-21,1555,168205,1154,93270,378,72715,23,2220,814,49040,738,60523,837,109563,California
Marin,2021-03-22,2511,170716,2167,95437,176,72891,168,2388,917,48537,1588,62111,1085,110648,California
Marin,2021-03-23,4319,175035,2267,97704,1923,74814,129,2517,1922,48199,2389,64500,2051,112699,California
Marin,2021-03-24,4478,179513,2910,100614,1454,76268,114,2631,1824,47494,2641,67141,1936,114635,California
Marin,2021-03-25,4667,184180,2843,103457,1752,78020,72,2703,2246,47405,2405,69546,2316,116951,California
Marin,2021-03-26,4320,188500,2355,105812,1751,79771,214,2917,2399,48112,1906,71452,2613,119564,California
Marin,2021-03-27,3710,192210,2663,108475,1028,80799,19,2936,1143,46717,2556,74008,1161,120725,California
Marin,2021-03-28,2392,194602,1723,110198,663,81462,6,2942,843,46024,1542,75550,849,121574,California
Marin,2021-03-29,2696,197298,2102,112300,569,82031,25,2967,1138,45631,1556,77106,1163,122737,California
Marin,2021-03-30,4669,201967,3652,115952,983,83014,34,3001,2953,46905,1713,78819,2987,125724,California
Marin,2021-03-31,5850,207817,4142,120094,1658,84672,50,3051,2552,46221,3286,82105,2602,128326,California
Marin,2021-04-01,4468,212285,2290,122384,1917,86589,261,3312,2117,46259,2338,84443,2376,130702,California
Marin,2021-04-02,3752,216037,1861,124245,1519,88108,372,3684,2012,46902,1732,86175,2375,133077,California
Marin,2021-04-03,3870,219907,2522,126767,968,89076,380,4064,1463,46350,2395,88570,1843,134920,California
Marin,2021-04-04,1650,221557,1241,128008,208,89284,201,4265,1201,47304,447,89017,1401,136321,California
Marin,2021-04-05,2222,223779,1542,129550,306,89590,374,4639,1275,48009,942,89959,1647,137968,California
Marin,2021-04-06,4003,227782,2125,131675,1321,90911,557,5196,2219,49006,1776,91735,2773,140741,California
Marin,2021-04-07,3997,231779,2016,133691,1334,92245,647,5843,1463,48589,2524,94259,2107,142848,California
Marin,2021-04-08,5070,236849,1978,135669,2480,94725,612,6455,2310,48754,2747,97006,2912,145760,California
Marin,2021-04-09,4008,240857,1567,137236,1709,96434,732,7187,1326,48131,2677,99683,2054,147814,California
Marin,2021-04-10,3228,244085,1487,138723,1306,97740,435,7622,1450,48247,1764,101447,1880,149694,California
Marin,2021-04-11,1068,245153,813,139536,93,97833,162,7784,478,48298,588,102035,639,150333,California
Marin,2021-04-12,1758,246911,1247,140783,349,98182,162,7946,919,48545,835,102870,1082,151415,California
Marin,2021-04-13,3804,250715,2335,143118,1462,99644,7,7953,1379,47519,2412,105282,1386,152801,California
Marin,2021-04-14,4274,254989,2559,145677,1712,101356,3,7956,1750,46771,2499,107781,1751,154552,California
Marin,2021-04-15,5646,260635,3984,149661,1662,103018,0,7956,3229,47600,2401,110182,3230,157782,California
Marin,2021-04-16,4305,264940,2259,151920,2043,105061,3,7959,2093,47501,2196,112378,2097,159879,California
Marin,2021-04-17,3580,268520,2177,154097,1403,106464,0,7959,1788,47505,1785,114163,1789,161668,California
Marin,2021-04-18,3242,271762,3141,157238,101,106565,0,7959,2556,49378,683,114846,2556,164224,California
Marin,2021-04-19,2067,273829,1888,159126,178,106743,1,7960,1155,49630,905,115751,1157,165381,California
Marin,2021-04-20,3802,277631,2641,161767,1161,107904,0,7960,1483,48805,2309,118060,1484,166865,California
Marin,2021-04-21,4153,281784,3062,164829,1088,108992,3,7963,1402,47476,2732,120792,1403,168268,California
Marin,2021-04-22,4297,286081,3276,168105,1021,110013,0,7963,1503,46201,2782,123574,1507,169775,California
Marin,2021-04-23,3294,289375,1859,169964,1435,111448,0,7963,1256,45432,2026,125600,1257,171032,California
Marin,2021-04-24,2525,291900,1685,171649,839,112287,1,7964,923,44767,1590,127190,925,171957,California
Marin,2021-04-25,1384,293284,1263,172912,121,112408,0,7964,303,43997,1073,128263,303,172260,California
Marin,2021-04-26,1669,294953,1432,174344,234,112642,3,7967,410,43155,1256,129519,414,172674,California
Marin,2021-04-27,3083,298036,2223,176567,809,113451,51,8018,1006,42140,2068,131587,1053,173727,California
Marin,2021-04-28,2353,300389,1625,178192,677,114128,51,8069,741,41323,1608,133195,791,174518,California
Marin,2021-04-29,2945,303334,2021,180213,861,114989,63,8132,821,40095,2113,135308,885,175403,California
Marin,2021-04-30,1990,305324,1291,181504,612,115601,87,8219,704,39609,1277,136585,791,176194,California
Marin,2021-05-01,1842,307166,1028,182532,791,116392,23,8242,544,38886,1289,137874,566,176760,California
Marin,2021-05-02,730,307896,590,183122,111,116503,29,8271,201,38592,523,138397,229,176989,California
Marin,2021-05-03,1223,309119,996,184118,171,116674,56,8327,264,37956,955,139352,319,177308,California
Marin,2021-05-04,2963,312082,1994,186112,877,117551,92,8419,480,36054,2474,141826,572,177880,California
Marin,2021-05-05,2794,314876,2032,188144,636,118187,126,8545,452,34296,2335,144161,577,178457,California
Marin,2021-05-06,3278,318154,2539,190683,650,118837,89,8634,427,31970,2839,147000,513,178970,California
Marin,2021-05-07,2057,320211,1551,192234,420,119257,86,8720,385,30773,1665,148665,468,179438,California
Marin,2021-05-08,2507,322718,1900,194134,485,119742,122,8842,349,29095,2150,150815,472,179910,California
Marin,2021-05-09,990,323708,899,195033,72,119814,19,8861,112,28352,875,151690,132,180042,California
Marin,2021-05-10,1419,325127,1158,196191,191,120005,70,8931,204,27415,1210,152900,273,180315,California
Marin,2021-05-11,2350,327477,1869,198060,424,120429,57,8988,307,25738,2040,154940,363,180678,California
Marin,2021-05-12,1861,329338,1464,199524,329,120758,68,9056,298,24545,1557,156497,364,181042,California
Marin,2021-05-13,2682,332020,2295,201819,333,121091,54,9110,1416,24756,1258,157755,1469,182511,California
Marin,2021-05-14,2206,334226,1450,203269,656,121747,100,9210,882,24420,1317,159072,981,183492,California
Marin,2021-05-15,2760,336986,2279,205548,401,122148,80,9290,1674,25089,1085,160157,1754,185246,California
Marin,2021-05-16,1725,338711,1664,207212,53,122201,8,9298,1397,26168,326,160483,1405,186651,California
Marin,2021-05-17,2146,340857,1994,209206,109,122310,43,9341,1705,27482,434,160917,1748,188399,California
Marin,2021-05-18,1535,342392,1189,210395,291,122601,55,9396,790,27587,738,161655,843,189242,California
Marin,2021-05-19,1571,343963,1241,211636,258,122859,72,9468,770,27632,795,162450,840,190082,California
Marin,2021-05-20,1835,345798,1496,213132,253,123112,86,9554,750,27392,1077,163527,837,190919,California
Marin,2021-05-21,1472,347270,845,213977,578,123690,49,9603,437,26850,1028,164555,486,191405,California
Marin,2021-05-22,1434,348704,1084,215061,292,123982,58,9661,962,27404,466,165021,1020,192425,California
Marin,2021-05-23,482,349186,428,215489,42,124024,12,9673,223,27383,257,165278,236,192661,California
Marin,2021-05-24,671,349857,497,215986,134,124158,40,9713,351,27456,317,165595,390,193051,California
Marin,2021-05-25,1006,350863,628,216614,332,124490,46,9759,317,27135,681,166276,360,193411,California
Marin,2021-05-26,728,351591,491,217105,187,124677,50,9809,261,26984,462,166738,311,193722,California
Marin,2021-05-27,1033,352624,663,217768,291,124968,79,9888,341,26715,689,167427,420,194142,California
Marin,2021-05-28,1110,353734,723,218491,307,125275,80,9968,328,26344,778,168205,407,194549,California
Marin,2021-05-29,376,354110,219,218710,147,125422,10,9978,207,26392,169,168374,217,194766,California
Marin,2021-05-30,97,354207,57,218767,35,125457,5,9983,55,26411,41,168415,60,194826,California
Marin,2021-05-31,28,354235,14,218781,13,125470,1,9984,14,26412,14,168429,15,194841,California
Marin,2021-06-01,755,354990,548,219329,162,125632,45,10029,318,26340,434,168863,362,195203,California
Marin,2021-06-02,628,355618,476,219805,100,125732,52,10081,217,26200,407,169270,267,195470,California
Marin,2021-06-03,1502,357120,1329,221134,114,125846,59,10140,231,25222,1268,170538,290,195760,California
Marin,2021-06-04,1035,358155,861,221995,140,125986,34,10174,186,24597,843,171381,218,195978,California
Marin,2021-06-05,1929,360084,1711,223706,170,126156,48,10222,318,23360,1603,172984,366,196344,California
Marin,2021-06-06,1410,361494,1361,225067,15,126171,34,10256,152,22289,1257,174241,186,196530,California
Marin,2021-06-07,1942,363436,1825,226892,67,126238,50,10306,240,20883,1696,175937,290,196820,California
Marin,2021-06-08,979,364415,869,227761,69,126307,41,10347,231,20414,741,176678,272,197092,California
Marin,2021-06-09,743,365158,667,228428,66,126373,10,10357,137,19956,605,177283,147,197239,California
Marin,2021-06-10,883,366041,772,229200,60,126433,51,10408,179,19486,700,177983,230,197469,California
Marin,2021-06-11,694,366735,578,229778,84,126517,32,10440,149,19122,545,178528,181,197650,California
Marin,2021-06-12,922,367657,791,230569,89,126606,42,10482,151,18547,768,179296,193,197843,California
Marin,2021-06-13,416,368073,385,230954,20,126626,11,10493,66,18278,346,179642,77,197920,California
Marin,2021-06-14,872,368945,744,231698,80,126706,48,10541,212,17880,656,180298,258,198178,California
Marin,2021-06-15,539,369484,429,232127,84,126790,26,10567,170,17708,368,180666,196,198374,California
Marin,2021-06-16,493,369977,402,232529,45,126835,46,10613,161,17589,325,180991,206,198580,California
Marin,2021-06-17,558,370535,479,233008,47,126882,32,10645,193,17450,363,181354,224,198804,California
Marin,2021-06-18,495,371030,380,233388,77,126959,38,10683,172,17343,316,181670,209,199013,California
Marin,2021-06-19,363,371393,292,233680,37,126996,34,10717,144,17301,218,181888,176,199189,California
Marin,2021-06-20,114,371507,89,233769,14,127010,11,10728,48,17294,66,181954,59,199248,California
Marin,2021-06-21,349,371856,248,234017,46,127056,55,10783,139,17279,209,182163,194,199442,California
Marin,2021-06-22,450,372306,350,234367,69,127125,31,10814,139,17141,308,182471,170,199612,California
Marin,2021-06-23,358,372664,295,234662,30,127155,33,10847,119,17054,238,182709,151,199763,California
Marin,2021-06-24,396,373060,304,234966,42,127197,50,10897,132,16974,260,182969,180,199943,California
Marin,2021-06-25,376,373436,274,235240,59,127256,43,10940,171,16985,203,183172,214,200157,California
Marin,2021-06-26,321,373757,270,235510,20,127276,31,10971,116,16927,205,183377,147,200304,California
Marin,2021-06-27,209,373966,161,235671,22,127298,26,10997,69,16883,138,183515,94,200398,California
Marin,2021-06-28,395,374361,336,236007,31,127329,28,11025,134,16786,259,183774,162,200560,California
Marin,2021-06-29,369,374730,302,236309,40,127369,27,11052,140,16727,226,184000,167,200727,California
Marin,2021-06-30,264,374994,228,236537,23,127392,13,11065,113,16704,149,184149,126,200853,California
Marin,2021-07-01,254,375248,196,236733,41,127433,17,11082,101,16669,152,184301,117,200970,California
Marin,2021-07-02,357,375605,284,237017,40,127473,33,11115,144,16634,212,184513,177,201147,California
Marin,2021-07-03,214,375819,185,237202,8,127481,21,11136,94,16630,119,184632,115,201262,California
Mariposa,2020-12-17,38,38,38,38,0,0,0,0,40,40,0,0,40,40,California
Mariposa,2020-12-18,55,93,55,93,0,0,0,0,56,96,0,0,56,96,California
Mariposa,2020-12-20,2,95,2,95,0,0,0,0,2,98,0,0,2,98,California
Mariposa,2020-12-21,49,144,49,144,0,0,0,0,53,151,0,0,53,151,California
Mariposa,2020-12-22,5,149,5,149,0,0,0,0,5,156,0,0,5,156,California
Mariposa,2020-12-23,16,165,16,165,0,0,0,0,16,172,0,0,16,172,California
Mariposa,2020-12-24,1,166,0,165,1,1,0,0,0,172,1,1,1,173,California
Mariposa,2020-12-26,1,167,1,166,0,1,0,0,1,173,0,1,1,174,California
Mariposa,2020-12-27,1,168,0,166,1,2,0,0,1,174,0,1,1,175,California
Mariposa,2020-12-28,6,174,3,169,3,5,0,0,6,180,0,1,6,181,California
Mariposa,2020-12-29,33,207,3,172,30,35,0,0,33,213,0,1,33,214,California
Mariposa,2020-12-30,26,233,4,176,22,57,0,0,26,239,0,1,26,240,California
Mariposa,2020-12-31,17,250,0,176,17,74,0,0,17,256,0,1,17,257,California
Mariposa,2021-01-02,1,251,1,177,0,74,0,0,1,257,0,1,1,258,California
Mariposa,2021-01-04,9,260,2,179,7,81,0,0,9,266,0,1,9,267,California
Mariposa,2021-01-05,24,284,14,193,10,91,0,0,14,270,10,11,14,281,California
Mariposa,2021-01-06,6,290,3,196,3,94,0,0,3,270,3,14,3,284,California
Mariposa,2021-01-07,50,340,45,241,5,99,0,0,5,230,45,59,5,289,California
Mariposa,2021-01-08,110,450,80,321,30,129,0,0,34,188,76,135,34,323,California
Mariposa,2021-01-09,1,451,0,321,1,130,0,0,1,189,0,135,1,324,California
Mariposa,2021-01-11,31,482,10,331,21,151,0,0,23,204,8,143,23,347,California
Mariposa,2021-01-12,19,501,4,335,15,166,0,0,15,215,4,147,15,362,California
Mariposa,2021-01-13,21,522,4,339,17,183,0,0,18,230,3,150,18,380,California
Mariposa,2021-01-14,74,596,7,346,67,250,0,0,68,292,6,156,68,448,California
Mariposa,2021-01-15,68,664,27,373,41,291,0,0,58,340,10,166,58,506,California
Mariposa,2021-01-16,14,678,2,375,12,303,0,0,13,352,1,167,13,519,California
Mariposa,2021-01-17,3,681,1,376,2,305,0,0,2,353,1,168,2,521,California
Mariposa,2021-01-18,4,685,3,379,1,306,0,0,2,353,2,170,2,523,California
Mariposa,2021-01-19,8,693,4,383,4,310,0,0,5,356,2,172,5,528,California
Mariposa,2021-01-20,24,717,1,384,23,333,0,0,23,378,1,173,23,551,California
Mariposa,2021-01-21,66,783,8,392,58,391,0,0,62,436,4,177,62,613,California
Mariposa,2021-01-22,56,839,3,395,53,444,0,0,56,492,0,177,56,669,California
Mariposa,2021-01-23,116,955,2,397,114,558,0,0,114,604,2,179,114,783,California
Mariposa,2021-01-24,2,957,2,399,0,558,0,0,2,606,0,179,2,785,California
Mariposa,2021-01-25,4,961,1,400,3,561,0,0,0,602,4,183,0,785,California
Mariposa,2021-01-26,37,998,3,403,34,595,0,0,4,577,33,216,8,793,California
Mariposa,2021-01-27,26,1024,2,405,24,619,0,0,13,578,12,228,13,806,California
Mariposa,2021-01-28,127,1151,3,408,124,743,0,0,114,680,12,240,114,920,California
Mariposa,2021-01-29,94,1245,23,431,71,814,0,0,93,772,1,241,93,1013,California
Mariposa,2021-01-30,9,1254,1,432,8,822,0,0,8,779,1,242,8,1021,California
Mariposa,2021-01-31,1,1255,0,432,1,823,0,0,1,780,0,242,1,1022,California
Mariposa,2021-02-01,93,1348,32,464,61,884,0,0,72,831,21,263,72,1094,California
Mariposa,2021-02-02,15,1363,3,467,12,896,0,0,9,834,6,269,9,1103,California
Mariposa,2021-02-03,20,1383,1,468,19,915,0,0,13,841,6,275,13,1116,California
Mariposa,2021-02-04,98,1481,8,476,90,1005,0,0,93,931,4,279,94,1210,California
Mariposa,2021-02-05,193,1674,5,481,188,1193,0,0,166,1070,27,306,166,1376,California
Mariposa,2021-02-06,11,1685,4,485,7,1200,0,0,10,1079,1,307,10,1386,California
Mariposa,2021-02-07,1,1686,0,485,1,1201,0,0,1,1080,0,307,1,1387,California
Mariposa,2021-02-08,42,1728,2,487,40,1241,0,0,23,1084,19,326,23,1410,California
Mariposa,2021-02-09,45,1773,25,512,20,1261,0,0,39,1117,6,332,39,1449,California
Mariposa,2021-02-10,28,1801,5,517,23,1284,0,0,17,1130,10,342,23,1472,California
Mariposa,2021-02-11,378,2179,6,523,372,1656,0,0,362,1479,16,358,365,1837,California
Mariposa,2021-02-12,188,2367,8,531,180,1836,0,0,144,1579,44,402,144,1981,California
Mariposa,2021-02-13,12,2379,3,534,9,1845,0,0,10,1587,2,404,10,1991,California
Mariposa,2021-02-14,8,2387,4,538,4,1849,0,0,5,1589,3,407,5,1996,California
Mariposa,2021-02-15,9,2396,3,541,6,1855,0,0,7,1594,2,409,7,2003,California
Mariposa,2021-02-16,60,2456,36,577,24,1879,0,0,36,1607,24,433,37,2040,California
Mariposa,2021-02-17,37,2493,9,586,28,1907,0,0,27,1626,9,442,28,2068,California
Mariposa,2021-02-18,57,2550,7,593,50,1957,0,0,20,1609,37,479,20,2088,California
Mariposa,2021-02-19,83,2633,4,597,79,2036,0,0,75,1676,8,487,75,2163,California
Mariposa,2021-02-20,256,2889,4,601,252,2288,0,0,224,1870,30,517,224,2387,California
Mariposa,2021-02-21,238,3127,4,605,234,2522,0,0,236,2105,1,518,236,2623,California
Mariposa,2021-02-22,24,3151,9,614,15,2537,0,0,21,2123,3,521,21,2644,California
Mariposa,2021-02-23,43,3194,37,651,6,2543,0,0,25,2130,18,539,25,2669,California
Mariposa,2021-02-24,21,3215,3,654,18,2561,0,0,8,2126,12,551,8,2677,California
Mariposa,2021-02-25,18,3233,9,663,9,2570,0,0,12,2132,6,557,12,2689,California
Mariposa,2021-02-26,421,3654,7,670,414,2984,0,0,354,2420,67,624,355,3044,California
Mariposa,2021-02-27,172,3826,7,677,165,3149,0,0,161,2570,11,635,161,3205,California
Mariposa,2021-02-28,2,3828,1,678,1,3150,0,0,0,2568,2,637,0,3205,California
Mariposa,2021-03-01,87,3915,26,704,61,3211,0,0,18,2518,68,705,18,3223,California
Mariposa,2021-03-02,21,3936,14,718,7,3218,0,0,11,2520,9,714,11,3234,California
Mariposa,2021-03-03,72,4008,6,724,66,3284,0,0,66,2581,6,720,67,3301,California
Mariposa,2021-03-04,42,4050,10,734,32,3316,0,0,20,2580,22,742,21,3322,California
Mariposa,2021-03-05,62,4112,10,744,52,3368,0,0,40,2605,22,764,47,3369,California
Mariposa,2021-03-06,17,4129,7,751,10,3378,0,0,7,2603,10,774,8,3377,California
Mariposa,2021-03-07,1,4130,1,752,0,3378,0,0,0,2602,1,775,0,3377,California
Mariposa,2021-03-08,39,4169,4,756,24,3402,11,11,9,2592,30,805,20,3397,California
Mariposa,2021-03-09,46,4215,18,774,18,3420,10,21,14,2584,32,837,24,3421,California
Mariposa,2021-03-10,34,4249,12,786,12,3432,10,31,10,2581,23,860,20,3441,California
Mariposa,2021-03-11,471,4720,6,792,445,3877,20,51,222,2578,248,1108,245,3686,California
Mariposa,2021-03-12,255,4975,8,800,219,4096,28,79,108,2566,147,1255,135,3821,California
Mariposa,2021-03-13,35,5010,6,806,14,4110,15,94,12,2569,23,1278,26,3847,California
Mariposa,2021-03-14,18,5028,2,808,5,4115,11,105,3,2569,14,1292,14,3861,California
Mariposa,2021-03-15,78,5106,8,816,31,4146,39,144,32,2593,46,1338,70,3931,California
Mariposa,2021-03-16,82,5188,34,850,14,4160,34,178,24,2593,58,1396,58,3989,California
Mariposa,2021-03-17,73,5261,11,861,54,4214,8,186,52,2633,21,1417,61,4050,California
Mariposa,2021-03-18,66,5327,16,877,41,4255,9,195,42,2660,24,1441,51,4101,California
Mariposa,2021-03-19,340,5667,11,888,324,4579,5,200,303,2931,37,1478,308,4409,California
Mariposa,2021-03-20,427,6094,7,895,418,4997,2,202,45,2598,382,1860,49,4458,California
Mariposa,2021-03-21,15,6109,9,904,5,5002,1,203,10,2605,4,1864,11,4469,California
Mariposa,2021-03-22,38,6147,8,912,22,5024,8,211,25,2627,13,1877,35,4504,California
Mariposa,2021-03-23,55,6202,35,947,10,5034,10,221,34,2650,21,1898,44,4548,California
Mariposa,2021-03-24,57,6259,6,953,49,5083,2,223,52,2699,5,1903,54,4602,California
Mariposa,2021-03-25,77,6336,16,969,53,5136,8,231,54,2740,21,1924,62,4664,California
Mariposa,2021-03-26,490,6826,10,979,479,5615,1,232,252,2755,238,2162,253,4917,California
Mariposa,2021-03-27,224,7050,9,988,215,5830,0,232,89,2711,135,2297,91,5008,California
Mariposa,2021-03-28,5,7055,0,988,2,5832,3,235,1,2711,4,2301,4,5012,California
Mariposa,2021-03-29,20,7075,6,994,14,5846,0,235,12,2715,8,2309,12,5024,California
Mariposa,2021-03-30,37,7112,13,1007,8,5854,16,251,14,2722,23,2332,30,5054,California
Mariposa,2021-03-31,89,7201,16,1023,66,5920,7,258,68,2776,21,2353,75,5129,California
Mariposa,2021-04-01,55,7256,11,1034,35,5955,9,267,35,2800,20,2373,44,5173,California
Mariposa,2021-04-02,350,7606,13,1047,334,6289,3,270,307,3068,42,2415,310,5483,California
Mariposa,2021-04-03,11,7617,8,1055,3,6292,0,270,6,3069,5,2420,6,5489,California
Mariposa,2021-04-04,2,7619,1,1056,0,6292,1,271,0,3068,2,2422,1,5490,California
Mariposa,2021-04-05,34,7653,23,1079,7,6299,4,275,17,3072,17,2439,21,5511,California
Mariposa,2021-04-06,43,7696,21,1100,6,6305,16,291,13,3072,29,2468,29,5540,California
Mariposa,2021-04-07,99,7795,7,1107,73,6378,19,310,28,3048,71,2539,47,5587,California
Mariposa,2021-04-08,280,8075,16,1123,245,6623,19,329,145,3080,133,2672,165,5752,California
Mariposa,2021-04-09,39,8114,9,1132,15,6638,15,344,11,3078,28,2700,26,5778,California
Mariposa,2021-04-10,202,8316,4,1136,188,6826,10,354,187,3261,13,2713,196,5974,California
Mariposa,2021-04-11,124,8440,4,1140,118,6944,2,356,57,3254,67,2780,60,6034,California
Mariposa,2021-04-12,43,8483,14,1154,27,6971,2,358,14,3241,29,2809,16,6050,California
Mariposa,2021-04-13,53,8536,46,1200,7,6978,0,358,34,3256,19,2828,34,6084,California
Mariposa,2021-04-14,113,8649,9,1209,104,7082,0,358,58,3260,54,2882,58,6142,California
Mariposa,2021-04-15,58,8707,16,1225,42,7124,0,358,41,3287,14,2896,41,6183,California
Mariposa,2021-04-16,381,9088,11,1236,370,7494,0,358,106,3118,275,3171,106,6289,California
Mariposa,2021-04-17,11,9099,7,1243,4,7498,0,358,8,3123,3,3174,8,6297,California
Mariposa,2021-04-18,7,9106,0,1243,7,7505,0,358,3,3122,4,3178,3,6300,California
Mariposa,2021-04-19,58,9164,26,1269,32,7537,0,358,30,3126,26,3204,30,6330,California
Mariposa,2021-04-20,62,9226,48,1317,14,7551,0,358,37,3140,23,3227,37,6367,California
Mariposa,2021-04-21,93,9319,15,1332,78,7629,0,358,43,3134,49,3276,43,6410,California
Mariposa,2021-04-22,51,9370,11,1343,40,7669,0,358,38,3160,12,3288,38,6448,California
Mariposa,2021-04-23,316,9686,71,1414,245,7914,0,358,145,3136,171,3459,147,6595,California
Mariposa,2021-04-24,106,9792,10,1424,96,8010,0,358,43,3117,62,3521,43,6638,California
Mariposa,2021-04-26,17,9809,12,1436,5,8015,0,358,6,3112,11,3532,6,6644,California
Mariposa,2021-04-27,34,9843,17,1453,15,8030,2,360,15,3113,16,3548,17,6661,California
Mariposa,2021-04-28,73,9916,13,1466,53,8083,7,367,27,3101,46,3594,34,6695,California
Mariposa,2021-04-29,83,9999,12,1478,70,8153,1,368,78,3175,5,3599,79,6774,California
Mariposa,2021-04-30,210,10209,5,1483,200,8353,5,373,62,3094,148,3747,67,6841,California
Mariposa,2021-05-01,3,10212,2,1485,1,8354,0,373,1,3093,2,3749,1,6842,California
Mariposa,2021-05-02,3,10215,2,1487,0,8354,1,374,0,3091,3,3752,1,6843,California
Mariposa,2021-05-03,16,10231,12,1499,3,8357,1,375,7,3090,9,3761,8,6851,California
Mariposa,2021-05-04,50,10281,31,1530,15,8372,4,379,37,3118,13,3774,41,6892,California
Mariposa,2021-05-05,57,10338,9,1539,46,8418,2,381,18,3099,39,3813,20,6912,California
Mariposa,2021-05-06,57,10395,36,1575,16,8434,5,386,40,3127,17,3830,45,6957,California
Mariposa,2021-05-07,28,10423,8,1583,17,8451,3,389,13,3128,15,3845,16,6973,California
Mariposa,2021-05-08,282,10705,7,1590,275,8726,0,389,33,2914,249,4094,35,7008,California
Mariposa,2021-05-09,2,10707,1,1591,1,8727,0,389,0,2912,2,4096,0,7008,California
Mariposa,2021-05-10,20,10727,9,1600,9,8736,2,391,5,2904,15,4111,7,7015,California
Mariposa,2021-05-11,28,10755,18,1618,10,8746,0,391,21,2919,6,4117,21,7036,California
Mariposa,2021-05-12,68,10823,4,1622,58,8804,6,397,6,2869,62,4179,12,7048,California
Mariposa,2021-05-13,48,10871,8,1630,38,8842,2,399,13,2849,35,4214,15,7063,California
Mariposa,2021-05-14,249,11120,121,1751,121,8963,7,406,117,2841,132,4346,124,7187,California
Mariposa,2021-05-15,19,11139,9,1760,8,8971,2,408,11,2847,6,4352,12,7199,California
Mariposa,2021-05-16,3,11142,1,1761,1,8972,1,409,1,2847,2,4354,2,7201,California
Mariposa,2021-05-17,18,11160,7,1768,7,8979,4,413,7,2846,11,4365,10,7211,California
Mariposa,2021-05-18,63,11223,43,1811,15,8994,5,418,46,2881,16,4381,51,7262,California
Mariposa,2021-05-19,71,11294,32,1843,38,9032,1,419,52,2916,18,4399,53,7315,California
Mariposa,2021-05-20,33,11327,18,1861,13,9045,2,421,12,2909,21,4420,14,7329,California
Mariposa,2021-05-21,94,11421,9,1870,83,9128,2,423,43,2905,49,4469,45,7374,California
Mariposa,2021-05-22,49,11470,7,1877,41,9169,1,424,18,2893,31,4500,19,7393,California
Mariposa,2021-05-23,4,11474,2,1879,1,9170,1,425,2,2894,2,4502,3,7396,California
Mariposa,2021-05-24,14,11488,8,1887,4,9174,2,427,8,2898,6,4508,10,7406,California
Mariposa,2021-05-25,26,11514,16,1903,10,9184,0,427,18,2908,8,4516,18,7424,California
Mariposa,2021-05-26,35,11549,4,1907,27,9211,4,431,28,2933,7,4523,32,7456,California
Mariposa,2021-05-27,120,11669,64,1971,55,9266,1,432,62,2938,58,4581,63,7519,California
Mariposa,2021-05-28,65,11734,5,1976,56,9322,4,436,23,2923,42,4623,27,7546,California
Mariposa,2021-05-29,8,11742,2,1978,5,9327,1,437,3,2924,3,4626,4,7550,California
Mariposa,2021-05-30,1,11743,0,1978,0,9327,1,438,0,2924,1,4627,1,7551,California
Mariposa,2021-05-31,2,11745,0,1978,1,9328,1,439,0,2923,2,4629,1,7552,California
Mariposa,2021-06-01,14,11759,3,1981,11,9339,0,439,5,2919,9,4638,5,7557,California
Mariposa,2021-06-02,26,11785,14,1995,7,9346,5,444,6,2911,19,4657,11,7568,California
Mariposa,2021-06-03,20,11805,10,2005,7,9353,3,447,7,2908,13,4670,10,7578,California
Mariposa,2021-06-04,89,11894,78,2083,9,9362,2,449,26,2874,61,4731,27,7605,California
Mariposa,2021-06-05,30,11924,4,2087,24,9386,2,451,7,2860,23,4754,9,7614,California
Mariposa,2021-06-06,4,11928,3,2090,0,9386,1,452,1,2859,3,4757,2,7616,California
Mariposa,2021-06-07,10,11938,5,2095,5,9391,0,452,4,2858,5,4762,4,7620,California
Mariposa,2021-06-08,45,11983,34,2129,9,9400,2,454,13,2841,32,4794,15,7635,California
Mariposa,2021-06-09,28,12011,21,2150,2,9402,5,459,6,2830,22,4816,11,7646,California
Mariposa,2021-06-10,16,12027,8,2158,5,9407,3,462,6,2830,10,4826,10,7656,California
Mariposa,2021-06-11,43,12070,12,2170,23,9430,8,470,9,2813,34,4860,17,7673,California
Mariposa,2021-06-12,17,12087,11,2181,5,9435,1,471,3,2802,14,4874,3,7676,California
Mariposa,2021-06-13,1,12088,0,2181,0,9435,1,472,0,2802,1,4875,1,7677,California
Mariposa,2021-06-14,13,12101,4,2185,8,9443,1,473,5,2800,8,4883,6,7683,California
Mariposa,2021-06-15,23,12124,11,2196,11,9454,1,474,6,2790,17,4900,7,7690,California
Mariposa,2021-06-16,28,12152,12,2208,15,9469,1,475,7,2777,21,4921,8,7698,California
Mariposa,2021-06-17,11,12163,6,2214,5,9474,0,475,4,2774,7,4928,4,7702,California
Mariposa,2021-06-18,68,12231,49,2263,16,9490,3,478,33,2775,34,4962,35,7737,California
Mariposa,2021-06-19,18,12249,5,2268,13,9503,0,478,6,2769,12,4974,6,7743,California
Mariposa,2021-06-21,11,12260,4,2272,7,9510,0,478,7,2773,3,4977,7,7750,California
Mariposa,2021-06-22,23,12283,9,2281,11,9521,3,481,13,2779,10,4987,16,7766,California
Mariposa,2021-06-23,8,12291,2,2283,3,9524,3,484,4,2782,4,4991,7,7773,California
Mariposa,2021-06-24,11,12302,4,2287,7,9531,0,484,5,2781,6,4997,5,7778,California
Mariposa,2021-06-25,50,12352,22,2309,27,9558,1,485,17,2767,32,5029,18,7796,California
Mariposa,2021-06-26,1,12353,1,2310,0,9558,0,485,0,2766,1,5030,0,7796,California
Mariposa,2021-06-27,1,12354,0,2310,0,9558,1,486,0,2766,1,5031,1,7797,California
Mariposa,2021-06-28,1,12355,1,2311,0,9558,0,486,1,2767,0,5031,1,7798,California
Mariposa,2021-06-29,4,12359,0,2311,3,9561,1,487,2,2768,2,5033,3,7801,California
Mariposa,2021-06-30,2,12361,0,2311,1,9562,1,488,0,2767,2,5035,1,7802,California
Mariposa,2021-07-01,21,12382,17,2328,2,9564,2,490,8,2764,13,5048,10,7812,California
Mariposa,2021-07-02,1,12383,1,2329,0,9564,0,490,1,2765,0,5048,1,7813,California
Mendocino,2020-12-17,70,70,70,70,0,0,0,0,70,70,0,0,70,70,California
Mendocino,2020-12-18,85,155,84,154,1,1,0,0,84,154,0,0,84,154,California
Mendocino,2020-12-19,4,159,4,158,0,1,0,0,4,158,0,0,4,158,California
Mendocino,2020-12-20,7,166,7,165,0,1,0,0,7,165,0,0,7,165,California
Mendocino,2020-12-21,238,404,238,403,0,1,0,0,77,242,0,0,77,242,California
Mendocino,2020-12-22,253,657,192,595,61,62,0,0,253,495,0,0,253,495,California
Mendocino,2020-12-23,272,929,48,643,224,286,0,0,271,766,0,0,271,766,California
Mendocino,2020-12-24,49,978,8,651,41,327,0,0,49,815,0,0,49,815,California
Mendocino,2020-12-25,1,979,0,651,1,328,0,0,1,816,0,0,1,816,California
Mendocino,2020-12-26,2,981,2,653,0,328,0,0,2,818,0,0,2,818,California
Mendocino,2020-12-27,1,982,0,653,1,329,0,0,1,819,0,0,1,819,California
Mendocino,2020-12-28,74,1056,9,662,65,394,0,0,74,893,0,0,74,893,California
Mendocino,2020-12-29,122,1178,61,723,61,455,0,0,122,1015,0,0,122,1015,California
Mendocino,2020-12-30,122,1300,69,792,53,508,0,0,122,1137,0,0,122,1137,California
Mendocino,2020-12-31,132,1432,97,889,35,543,0,0,132,1269,0,0,132,1269,California
Mendocino,2021-01-01,10,1442,7,896,3,546,0,0,10,1279,0,0,10,1279,California
Mendocino,2021-01-02,1,1443,1,897,0,546,0,0,1,1280,0,0,1,1280,California
Mendocino,2021-01-04,838,2281,18,915,820,1366,0,0,838,2118,0,0,838,2118,California
Mendocino,2021-01-05,71,2352,36,951,35,1401,0,0,58,2163,13,13,58,2176,California
Mendocino,2021-01-06,158,2510,136,1087,22,1423,0,0,148,2301,10,23,148,2324,California
Mendocino,2021-01-07,361,2871,239,1326,122,1545,0,0,298,2536,63,86,298,2622,California
Mendocino,2021-01-08,95,2966,82,1408,13,1558,0,0,41,2524,54,140,42,2664,California
Mendocino,2021-01-09,10,2976,6,1414,4,1562,0,0,8,2530,2,142,8,2672,California
Mendocino,2021-01-10,9,2985,8,1422,1,1563,0,0,2,2525,7,149,2,2674,California
Mendocino,2021-01-11,103,3088,93,1515,10,1573,0,0,45,2513,57,206,45,2719,California
Mendocino,2021-01-12,389,3477,379,1894,10,1583,0,0,272,2668,117,323,272,2991,California
Mendocino,2021-01-13,496,3973,149,2043,347,1930,0,0,451,3077,43,366,452,3443,California
Mendocino,2021-01-14,655,4628,20,2063,635,2565,0,0,646,3714,9,375,646,4089,California
Mendocino,2021-01-15,1879,6507,868,2931,1011,3576,0,0,1874,5584,5,380,1875,5964,California
Mendocino,2021-01-16,790,7297,48,2979,742,4318,0,0,788,6370,2,382,788,6752,California
Mendocino,2021-01-17,554,7851,1,2980,553,4871,0,0,553,6922,1,383,553,7305,California
Mendocino,2021-01-18,487,8338,462,3442,25,4896,0,0,475,7385,12,395,475,7780,California
Mendocino,2021-01-19,337,8675,151,3593,186,5082,0,0,159,7366,178,573,159,7939,California
Mendocino,2021-01-20,559,9234,410,4003,149,5231,0,0,452,7714,105,678,453,8392,California
Mendocino,2021-01-21,539,9773,226,4229,313,5544,0,0,352,7880,186,864,352,8744,California
Mendocino,2021-01-22,152,9925,61,4290,91,5635,0,0,112,7952,40,904,112,8856,California
Mendocino,2021-01-23,156,10081,85,4375,71,5706,0,0,150,8096,6,910,150,9006,California
Mendocino,2021-01-24,5,10086,3,4378,2,5708,0,0,5,8101,0,910,5,9011,California
Mendocino,2021-01-25,192,10278,18,4396,174,5882,0,0,122,8153,70,980,122,9133,California
Mendocino,2021-01-26,154,10432,54,4450,100,5982,0,0,95,8189,59,1039,95,9228,California
Mendocino,2021-01-27,445,10877,374,4824,71,6053,0,0,178,8107,260,1299,178,9406,California
Mendocino,2021-01-28,605,11482,542,5366,63,6116,0,0,509,8521,95,1394,509,9915,California
Mendocino,2021-01-29,392,11874,352,5718,40,6156,0,0,363,8856,29,1423,364,10279,California
Mendocino,2021-01-30,50,11924,31,5749,19,6175,0,0,43,8892,7,1430,43,10322,California
Mendocino,2021-01-31,275,12199,2,5751,273,6448,0,0,4,8625,271,1701,4,10326,California
Mendocino,2021-02-01,383,12582,54,5805,329,6777,0,0,60,8362,323,2024,60,10386,California
Mendocino,2021-02-02,747,13329,526,6331,221,6998,0,0,385,8385,362,2386,385,10771,California
Mendocino,2021-02-03,398,13727,209,6540,189,7187,0,0,226,8441,170,2556,226,10997,California
Mendocino,2021-02-04,630,14357,534,7074,96,7283,0,0,502,8815,128,2684,502,11499,California
Mendocino,2021-02-05,1307,15664,1217,8291,90,7373,0,0,588,8686,717,3401,588,12087,California
Mendocino,2021-02-06,558,16222,159,8450,399,7772,0,0,543,9214,15,3416,543,12630,California
Mendocino,2021-02-07,34,16256,30,8480,4,7776,0,0,34,9248,0,3416,34,12664,California
Mendocino,2021-02-08,753,17009,720,9200,33,7809,0,0,287,9069,466,3882,287,12951,California
Mendocino,2021-02-09,143,17152,60,9260,83,7892,0,0,89,9104,54,3936,89,13040,California
Mendocino,2021-02-10,1491,18643,925,10185,566,8458,0,0,743,9106,741,4677,743,13783,California
Mendocino,2021-02-11,1214,19857,209,10394,1005,9463,0,0,299,8490,915,5592,299,14082,California
Mendocino,2021-02-12,1459,21316,162,10556,1297,10760,0,0,658,8348,800,6392,658,14740,California
Mendocino,2021-02-13,507,21823,14,10570,493,11253,0,0,104,8055,402,6794,109,14849,California
Mendocino,2021-02-14,695,22518,4,10574,691,11944,0,0,135,7630,560,7354,135,14984,California
Mendocino,2021-02-15,334,22852,43,10617,291,12235,0,0,175,7647,158,7512,175,15159,California
Mendocino,2021-02-16,200,23052,51,10668,149,12384,0,0,128,7703,72,7584,128,15287,California
Mendocino,2021-02-17,1363,24415,1200,11868,163,12547,0,0,880,8102,481,8065,880,16167,California
Mendocino,2021-02-18,1822,26237,676,12544,1146,13693,0,0,1230,8742,590,8655,1230,17397,California
Mendocino,2021-02-19,760,26997,153,12697,607,14300,0,0,616,9216,144,8799,618,18015,California
Mendocino,2021-02-20,578,27575,550,13247,28,14328,0,0,546,9732,30,8829,546,18561,California
Mendocino,2021-02-21,327,27902,9,13256,318,14646,0,0,314,10034,12,8841,314,18875,California
Mendocino,2021-02-22,167,28069,31,13287,136,14782,0,0,71,10011,94,8935,71,18946,California
Mendocino,2021-02-23,869,28938,855,14142,14,14796,0,0,653,10450,214,9149,653,19599,California
Mendocino,2021-02-24,1857,30795,1774,15916,83,14879,0,0,1435,11470,417,9566,1437,21036,California
Mendocino,2021-02-25,1719,32514,544,16460,1175,16054,0,0,1289,12331,428,9994,1289,22325,California
Mendocino,2021-02-26,1416,33930,750,17210,666,16720,0,0,1048,13014,365,10359,1048,23373,California
Mendocino,2021-02-27,203,34133,153,17363,50,16770,0,0,78,12968,124,10483,78,23451,California
Mendocino,2021-02-28,37,34170,14,17377,23,16793,0,0,24,12979,13,10496,24,23475,California
Mendocino,2021-03-01,592,34762,547,17924,45,16838,0,0,550,13490,39,10535,550,24025,California
Mendocino,2021-03-02,75,34837,28,17952,47,16885,0,0,42,13500,32,10567,42,24067,California
Mendocino,2021-03-03,2036,36873,1334,19286,702,17587,0,0,1384,14234,650,11217,1384,25451,California
Mendocino,2021-03-04,1853,38726,152,19438,1701,19288,0,0,1632,15650,218,11435,1634,27085,California
Mendocino,2021-03-05,481,39207,417,19855,55,19343,9,9,374,15930,103,11538,383,27468,California
Mendocino,2021-03-06,250,39457,25,19880,198,19541,27,36,206,16120,43,11581,233,27701,California
Mendocino,2021-03-07,525,39982,27,19907,478,20019,20,56,137,15889,387,11968,156,27857,California
Mendocino,2021-03-08,123,40105,28,19935,58,20077,37,93,64,15933,57,12025,101,27958,California
Mendocino,2021-03-09,941,41046,598,20533,302,20379,41,134,832,16697,109,12134,873,28831,California
Mendocino,2021-03-10,1148,42194,984,21517,99,20478,65,199,266,16155,876,13010,334,29165,California
Mendocino,2021-03-11,849,43043,632,22149,162,20640,55,254,398,16160,448,13458,453,29618,California
Mendocino,2021-03-12,2068,45111,1057,23206,899,21539,112,366,1235,16680,827,14285,1347,30965,California
Mendocino,2021-03-13,705,45816,570,23776,77,21616,58,424,109,16255,592,14877,167,31132,California
Mendocino,2021-03-14,105,45921,3,23779,95,21711,7,431,12,16185,89,14966,19,31151,California
Mendocino,2021-03-15,602,46523,52,23831,491,22202,59,490,210,16064,389,15355,268,31419,California
Mendocino,2021-03-16,584,47107,389,24220,149,22351,46,536,116,15760,466,15821,162,31581,California
Mendocino,2021-03-17,1585,48692,1380,25600,57,22408,148,684,216,14769,1362,17183,371,31952,California
Mendocino,2021-03-18,1309,50001,248,25848,1024,23432,37,721,278,14061,1023,18206,315,32267,California
Mendocino,2021-03-19,1778,51779,855,26703,862,24294,61,782,325,13003,1446,19652,388,32655,California
Mendocino,2021-03-20,70,51849,10,26713,39,24333,21,803,12,12978,58,19710,33,32688,California
Mendocino,2021-03-21,8,51857,1,26714,2,24335,5,808,3,12981,5,19715,8,32696,California
Mendocino,2021-03-22,656,52513,611,27325,16,24351,29,837,146,12649,506,20221,174,32870,California
Mendocino,2021-03-23,165,52678,34,27359,101,24452,30,867,114,12742,51,20272,144,33014,California
Mendocino,2021-03-24,918,53596,843,28202,27,24479,48,915,111,12096,805,21077,159,33173,California
Mendocino,2021-03-25,2016,55612,54,28256,1942,26421,20,935,176,10456,1834,22911,194,33367,California
Mendocino,2021-03-26,548,56160,395,28651,127,26548,26,961,115,10164,432,23343,140,33507,California
Mendocino,2021-03-27,163,56323,33,28684,118,26666,12,973,83,10179,79,23422,94,33601,California
Mendocino,2021-03-28,28,56351,7,28691,17,26683,4,977,5,10166,22,23444,9,33610,California
Mendocino,2021-03-29,193,56544,99,28790,50,26733,44,1021,97,10211,96,23540,141,33751,California
Mendocino,2021-03-30,719,57263,634,29424,48,26781,37,1058,107,9746,609,24149,144,33895,California
Mendocino,2021-03-31,918,58181,280,29704,577,27358,61,1119,154,9200,761,24910,215,34110,California
Mendocino,2021-04-01,1754,59935,427,30131,1246,28604,81,1200,384,8305,1359,26269,464,34574,California
Mendocino,2021-04-02,1311,61246,1077,31208,161,28765,73,1273,159,7388,1149,27418,232,34806,California
Mendocino,2021-04-03,715,61961,14,31222,680,29445,21,1294,88,6875,622,28040,109,34915,California
Mendocino,2021-04-04,71,62032,35,31257,30,29475,6,1300,55,6920,16,28056,61,34976,California
Mendocino,2021-04-05,213,62245,141,31398,48,29523,24,1324,127,6982,86,28142,148,35124,California
Mendocino,2021-04-06,402,62647,125,31523,182,29705,95,1419,108,6892,294,28436,204,35328,California
Mendocino,2021-04-07,493,63140,181,31704,65,29770,247,1666,118,6883,372,28808,363,35691,California
Mendocino,2021-04-08,1499,64639,920,32624,464,30234,115,1781,1007,7519,485,29293,1121,36812,California
Mendocino,2021-04-09,760,65399,428,33052,171,30405,161,1942,397,7714,363,29656,558,37370,California
Mendocino,2021-04-10,406,65805,92,33144,268,30673,46,1988,99,7552,307,29963,145,37515,California
Mendocino,2021-04-11,121,65926,47,33191,19,30692,55,2043,59,7604,62,30025,114,37629,California
Mendocino,2021-04-12,624,66550,515,33706,48,30740,61,2104,409,7859,215,30240,470,38099,California
Mendocino,2021-04-13,291,66841,229,33935,62,30802,0,2104,223,8014,68,30308,223,38322,California
Mendocino,2021-04-14,525,67366,430,34365,95,30897,0,2104,422,8333,103,30411,422,38744,California
Mendocino,2021-04-15,662,68028,328,34693,334,31231,0,2104,387,8450,270,30681,387,39131,California
Mendocino,2021-04-16,128,68156,54,34747,73,31304,1,2105,79,8481,48,30729,79,39210,California
Mendocino,2021-04-17,195,68351,12,34759,183,31487,0,2105,68,8424,125,30854,68,39278,California
Mendocino,2021-04-18,16,68367,8,34767,8,31495,0,2105,8,8426,6,30860,8,39286,California
Mendocino,2021-04-19,542,68909,516,35283,25,31520,1,2106,429,8745,111,30971,430,39716,California
Mendocino,2021-04-20,431,69340,297,35580,134,31654,0,2106,269,8854,160,31131,269,39985,California
Mendocino,2021-04-21,199,69539,136,35716,62,31716,1,2107,118,8893,79,31210,118,40103,California
Mendocino,2021-04-22,488,70027,318,36034,169,31885,1,2108,313,9035,171,31381,313,40416,California
Mendocino,2021-04-23,861,70888,703,36737,158,32043,0,2108,699,9575,159,31540,699,41115,California
Mendocino,2021-04-24,110,70998,16,36753,94,32137,0,2108,102,9669,8,31548,102,41217,California
Mendocino,2021-04-25,58,71056,34,36787,20,32157,4,2112,18,9652,39,31587,22,41239,California
Mendocino,2021-04-26,310,71366,239,37026,66,32223,5,2117,202,9753,106,31693,207,41446,California
Mendocino,2021-04-27,208,71574,91,37117,90,32313,27,2144,95,9762,112,31805,121,41567,California
Mendocino,2021-04-28,223,71797,147,37264,57,32370,19,2163,126,9811,97,31902,146,41713,California
Mendocino,2021-04-29,1147,72944,842,38106,290,32660,15,2178,113,8910,1028,32930,127,41840,California
Mendocino,2021-04-30,608,73552,383,38489,215,32875,10,2188,229,8771,378,33308,239,42079,California
Mendocino,2021-05-01,480,74032,435,38924,37,32912,8,2196,374,9048,105,33413,382,42461,California
Mendocino,2021-05-02,56,74088,46,38970,7,32919,3,2199,8,9012,47,33460,11,42472,California
Mendocino,2021-05-03,147,74235,85,39055,41,32960,21,2220,43,8974,102,33562,64,42536,California
Mendocino,2021-05-04,379,74614,253,39308,94,33054,32,2252,142,8911,237,33799,174,42710,California
Mendocino,2021-05-05,878,75492,791,40099,72,33126,15,2267,223,8493,654,34453,236,42946,California
Mendocino,2021-05-06,634,76126,383,40482,229,33355,22,2289,156,8195,476,34929,178,43124,California
Mendocino,2021-05-07,189,76315,36,40518,128,33483,25,2314,121,8273,67,34996,145,43269,California
Mendocino,2021-05-08,126,76441,5,40523,120,33603,1,2315,110,8369,15,35011,111,43380,California
Mendocino,2021-05-09,22,76463,7,40530,14,33617,1,2316,5,8358,17,35028,6,43386,California
Mendocino,2021-05-10,244,76707,161,40691,78,33695,5,2321,151,8421,93,35121,156,43542,California
Mendocino,2021-05-11,279,76986,143,40834,118,33813,18,2339,130,8419,148,35269,146,43688,California
Mendocino,2021-05-12,143,77129,81,40915,54,33867,8,2347,44,8374,97,35366,52,43740,California
Mendocino,2021-05-13,1236,78365,1122,42037,97,33964,17,2364,322,7800,913,36279,339,44079,California
Mendocino,2021-05-14,721,79086,491,42528,167,34131,63,2427,247,7641,469,36748,310,44389,California
Mendocino,2021-05-15,85,79171,29,42557,52,34183,4,2431,40,7640,45,36793,44,44433,California
Mendocino,2021-05-16,117,79288,104,42661,11,34194,2,2433,99,7725,17,36810,102,44535,California
Mendocino,2021-05-17,177,79465,84,42745,77,34271,16,2449,101,7766,76,36886,117,44652,California
Mendocino,2021-05-18,245,79710,118,42863,99,34370,28,2477,108,7765,136,37022,135,44787,California
Mendocino,2021-05-19,329,80039,191,43054,117,34487,21,2498,243,7946,83,37105,264,45051,California
Mendocino,2021-05-20,297,80336,116,43170,139,34626,42,2540,105,7904,189,37294,147,45198,California
Mendocino,2021-05-21,654,80990,475,43645,164,34790,15,2555,507,8280,146,37440,522,45720,California
Mendocino,2021-05-22,785,81775,675,44320,102,34892,8,2563,240,7984,544,37984,248,45968,California
Mendocino,2021-05-23,29,81804,12,44332,10,34902,7,2570,15,7992,13,37997,21,45989,California
Mendocino,2021-05-24,129,81933,45,44377,63,34965,21,2591,61,8007,67,38064,82,46071,California
Mendocino,2021-05-25,296,82229,177,44554,89,35054,30,2621,135,8011,160,38224,164,46235,California
Mendocino,2021-05-26,324,82553,244,44798,68,35122,12,2633,131,7962,192,38416,143,46378,California
Mendocino,2021-05-27,246,82799,112,44910,112,35234,22,2655,102,7943,142,38558,123,46501,California
Mendocino,2021-05-28,237,83036,98,45008,126,35360,13,2668,152,8026,83,38641,166,46667,California
Mendocino,2021-05-29,48,83084,17,45025,26,35386,5,2673,24,8031,24,38665,29,46696,California
Mendocino,2021-05-30,15,83099,2,45027,12,35398,1,2674,10,8037,5,38670,11,46707,California
Mendocino,2021-05-31,6,83105,0,45027,5,35403,1,2675,2,8037,3,38673,3,46710,California
Mendocino,2021-06-01,313,83418,105,45132,199,35602,9,2684,83,7899,230,38903,92,46802,California
Mendocino,2021-06-02,155,83573,58,45190,89,35691,8,2692,54,7863,98,39001,62,46864,California
Mendocino,2021-06-03,559,84132,457,45647,93,35784,9,2701,124,7568,428,39429,133,46997,California
Mendocino,2021-06-04,318,84450,192,45839,103,35887,23,2724,86,7446,231,39660,109,47106,California
Mendocino,2021-06-05,227,84677,94,45933,115,36002,18,2742,74,7387,151,39811,92,47198,California
Mendocino,2021-06-06,63,84740,58,45991,2,36004,3,2745,2,7331,61,39872,5,47203,California
Mendocino,2021-06-07,148,84888,71,46062,65,36069,12,2757,59,7313,89,39961,71,47274,California
Mendocino,2021-06-08,244,85132,143,46205,87,36156,14,2771,110,7308,129,40090,124,47398,California
Mendocino,2021-06-09,312,85444,249,46454,53,36209,10,2781,108,7223,203,40293,118,47516,California
Mendocino,2021-06-10,130,85574,69,46523,45,36254,16,2797,57,7223,73,40366,73,47589,California
Mendocino,2021-06-11,749,86323,589,47112,132,36386,28,2825,123,6750,624,40990,151,47740,California
Mendocino,2021-06-12,78,86401,53,47165,19,36405,6,2831,28,6735,49,41039,34,47774,California
Mendocino,2021-06-13,29,86430,16,47181,11,36416,2,2833,15,6739,13,41052,17,47791,California
Mendocino,2021-06-14,131,86561,59,47240,53,36469,19,2852,49,6725,81,41133,67,47858,California
Mendocino,2021-06-15,259,86820,166,47406,74,36543,19,2871,83,6651,176,41309,102,47960,California
Mendocino,2021-06-16,270,87090,168,47574,80,36623,22,2893,66,6537,202,41511,88,48048,California
Mendocino,2021-06-17,170,87260,89,47663,64,36687,17,2910,55,6495,114,41625,72,48120,California
Mendocino,2021-06-18,281,87541,128,47791,123,36810,30,2940,80,6405,199,41824,109,48229,California
Mendocino,2021-06-19,76,87617,43,47834,26,36836,7,2947,17,6370,59,41883,24,48253,California
Mendocino,2021-06-20,12,87629,4,47838,4,36840,4,2951,7,6376,5,41888,11,48264,California
Mendocino,2021-06-21,100,87729,34,47872,55,36895,11,2962,43,6375,54,41942,53,48317,California
Mendocino,2021-06-22,133,87862,86,47958,34,36929,13,2975,56,6369,75,42017,69,48386,California
Mendocino,2021-06-23,227,88089,160,48118,37,36966,30,3005,101,6374,126,42143,131,48517,California
Mendocino,2021-06-24,194,88283,110,48228,70,37036,14,3019,73,6341,120,42263,87,48604,California
Mendocino,2021-06-25,184,88467,97,48325,74,37110,13,3032,71,6313,112,42375,84,48688,California
Mendocino,2021-06-26,73,88540,48,48373,21,37131,4,3036,21,6286,52,42427,25,48713,California
Mendocino,2021-06-27,23,88563,13,48386,9,37140,1,3037,13,6290,10,42437,14,48727,California
Mendocino,2021-06-28,64,88627,43,48429,11,37151,10,3047,20,6278,42,42479,30,48757,California
Mendocino,2021-06-29,140,88767,104,48533,35,37186,1,3048,39,6217,101,42580,40,48797,California
Mendocino,2021-06-30,181,88948,147,48680,27,37213,7,3055,57,6159,123,42703,65,48862,California
Mendocino,2021-07-01,102,89050,61,48741,35,37248,6,3061,62,6188,39,42742,68,48930,California
Mendocino,2021-07-02,98,89148,65,48806,30,37278,3,3064,50,6194,47,42789,53,48983,California
Mendocino,2021-07-03,6,89154,1,48807,3,37281,2,3066,3,6196,3,42792,5,48988,California
Merced,2020-12-16,3,3,3,3,0,0,0,0,3,3,0,0,3,3,California
Merced,2020-12-17,9,12,9,12,0,0,0,0,9,12,0,0,9,12,California
Merced,2020-12-18,147,159,147,159,0,0,0,0,147,159,0,0,147,159,California
Merced,2020-12-19,38,197,38,197,0,0,0,0,38,197,0,0,38,197,California
Merced,2020-12-20,18,215,18,215,0,0,0,0,18,215,0,0,18,215,California
Merced,2020-12-21,125,340,122,337,3,3,0,0,125,340,0,0,125,340,California
Merced,2020-12-22,153,493,153,490,0,3,0,0,153,493,0,0,153,493,California
Merced,2020-12-23,255,748,248,738,7,10,0,0,255,748,0,0,255,748,California
Merced,2020-12-24,72,820,72,810,0,10,0,0,72,820,0,0,72,820,California
Merced,2020-12-25,4,824,4,814,0,10,0,0,4,824,0,0,4,824,California
Merced,2020-12-26,6,830,3,817,3,13,0,0,6,830,0,0,6,830,California
Merced,2020-12-27,12,842,11,828,1,14,0,0,12,842,0,0,12,842,California
Merced,2020-12-28,123,965,98,926,25,39,0,0,123,965,0,0,123,965,California
Merced,2020-12-29,193,1158,123,1049,70,109,0,0,193,1158,0,0,193,1158,California
Merced,2020-12-30,218,1376,90,1139,128,237,0,0,218,1376,0,0,218,1376,California
Merced,2020-12-31,102,1478,33,1172,69,306,0,0,102,1478,0,0,102,1478,California
Merced,2021-01-01,6,1484,1,1173,5,311,0,0,6,1484,0,0,6,1484,California
Merced,2021-01-02,129,1613,118,1291,11,322,0,0,129,1613,0,0,129,1613,California
Merced,2021-01-03,9,1622,5,1296,4,326,0,0,9,1622,0,0,9,1622,California
Merced,2021-01-04,82,1704,42,1338,40,366,0,0,82,1704,0,0,82,1704,California
Merced,2021-01-05,330,2034,235,1573,95,461,0,0,324,2024,6,6,326,2030,California
Merced,2021-01-06,259,2293,106,1679,153,614,0,0,251,2269,8,14,253,2283,California
Merced,2021-01-07,188,2481,84,1763,104,718,0,0,175,2430,14,28,175,2458,California
Merced,2021-01-08,527,3008,394,2157,133,851,0,0,374,2652,152,180,374,2832,California
Merced,2021-01-09,22,3030,9,2166,13,864,0,0,17,2664,5,185,17,2849,California
Merced,2021-01-10,11,3041,7,2173,4,868,0,0,7,2667,4,189,7,2856,California
Merced,2021-01-11,230,3271,172,2345,58,926,0,0,101,2641,129,318,103,2959,California
Merced,2021-01-12,298,3569,173,2518,125,1051,0,0,248,2838,51,369,248,3207,California
Merced,2021-01-13,394,3963,178,2696,216,1267,0,0,239,2926,154,523,242,3449,California
Merced,2021-01-14,328,4291,205,2901,123,1390,0,0,161,2922,166,689,162,3611,California
Merced,2021-01-15,593,4884,133,3034,460,1850,0,0,554,3439,40,729,557,4168,California
Merced,2021-01-16,214,5098,130,3164,84,1934,0,0,197,3619,17,746,197,4365,California
Merced,2021-01-17,51,5149,12,3176,39,1973,0,0,49,3666,2,748,49,4414,California
Merced,2021-01-18,269,5418,130,3306,139,2112,0,0,244,3889,25,773,248,4662,California
Merced,2021-01-19,715,6133,589,3895,126,2238,0,0,542,4266,172,945,549,5211,California
Merced,2021-01-20,574,6707,468,4363,106,2344,0,0,517,4729,57,1002,520,5731,California
Merced,2021-01-21,1030,7737,654,5017,376,2720,0,0,927,5557,102,1104,930,6661,California
Merced,2021-01-22,1321,9058,697,5714,624,3344,0,0,1292,6833,28,1132,1304,7965,California
Merced,2021-01-23,333,9391,199,5913,134,3478,0,0,226,6952,107,1239,226,8191,California
Merced,2021-01-24,36,9427,15,5928,21,3499,0,0,28,6973,7,1246,28,8219,California
Merced,2021-01-25,744,10171,244,6172,500,3999,0,0,682,7595,61,1307,683,8902,California
Merced,2021-01-26,947,11118,488,6660,459,4458,0,0,690,8057,229,1536,691,9593,California
Merced,2021-01-27,1006,12124,590,7250,416,4874,0,0,833,8719,171,1707,833,10426,California
Merced,2021-01-28,1160,13284,596,7846,564,5438,0,0,1036,9634,123,1830,1038,11464,California
Merced,2021-01-29,874,14158,314,8160,560,5998,0,0,620,10015,242,2072,623,12087,California
Merced,2021-01-30,269,14427,28,8188,241,6239,0,0,252,10250,17,2089,252,12339,California
Merced,2021-01-31,48,14475,11,8199,37,6276,0,0,47,10296,1,2090,47,12386,California
Merced,2021-02-01,396,14871,51,8250,345,6621,0,0,343,10589,51,2141,344,12730,California
Merced,2021-02-02,315,15186,183,8433,132,6753,0,0,186,10650,126,2267,187,12917,California
Merced,2021-02-03,364,15550,80,8513,284,7037,0,0,182,10651,181,2448,182,13099,California
Merced,2021-02-04,390,15940,161,8674,229,7266,0,0,256,10775,133,2581,257,13356,California
Merced,2021-02-05,522,16462,179,8853,343,7609,0,0,281,10819,239,2820,283,13639,California
Merced,2021-02-06,395,16857,221,9074,174,7783,0,0,251,10930,141,2961,252,13891,California
Merced,2021-02-07,21,16878,13,9087,8,7791,0,0,14,10937,7,2968,14,13905,California
Merced,2021-02-08,290,17168,200,9287,90,7881,0,0,178,11006,110,3078,179,14084,California
Merced,2021-02-09,1230,18398,966,10253,264,8145,0,0,782,11349,440,3518,783,14867,California
Merced,2021-02-10,1906,20304,1445,11698,461,8606,0,0,1308,12069,588,4106,1308,16175,California
Merced,2021-02-11,2564,22868,2043,13741,521,9127,0,0,1843,13205,708,4814,1844,18019,California
Merced,2021-02-12,1745,24613,1028,14769,717,9844,0,0,765,13012,961,5775,768,18787,California
Merced,2021-02-13,370,24983,211,14980,159,10003,0,0,269,13187,96,5871,271,19058,California
Merced,2021-02-14,119,25102,27,15007,92,10095,0,0,97,13263,22,5893,98,19156,California
Merced,2021-02-15,279,25381,43,15050,236,10331,0,0,171,13334,101,5994,172,19328,California
Merced,2021-02-16,1238,26619,856,15906,382,10713,0,0,847,13814,371,6365,851,20179,California
Merced,2021-02-17,1913,28532,1666,17572,247,10960,0,0,1334,14597,559,6924,1342,21521,California
Merced,2021-02-18,1279,29811,873,18445,406,11366,0,0,451,14245,807,7731,455,21976,California
Merced,2021-02-19,1292,31103,440,18885,852,12218,0,0,554,14069,732,8463,556,22532,California
Merced,2021-02-20,291,31394,34,18919,257,12475,0,0,144,14068,145,8608,144,22676,California
Merced,2021-02-21,84,31478,68,18987,16,12491,0,0,31,14048,51,8659,31,22707,California
Merced,2021-02-22,850,32328,298,19285,552,13043,0,0,485,14172,363,9022,487,23194,California
Merced,2021-02-23,1117,33445,433,19718,684,13727,0,0,646,14356,465,9487,649,23843,California
Merced,2021-02-24,861,34306,310,20028,551,14278,0,0,456,14420,393,9880,457,24300,California
Merced,2021-02-25,1831,36137,912,20940,919,15197,0,0,1346,15288,481,10361,1349,25649,California
Merced,2021-02-26,2225,38362,1414,22354,811,16008,0,0,1760,16596,453,10814,1761,27410,California
Merced,2021-02-27,2633,40995,1196,23550,1437,17445,0,0,2341,18646,291,11105,2341,29751,California
Merced,2021-02-28,324,41319,76,23626,247,17692,1,1,257,18840,63,11168,257,30008,California
Merced,2021-03-01,1162,42481,287,23913,874,18566,1,2,788,19265,364,11532,789,30797,California
Merced,2021-03-02,1896,44377,1038,24951,857,19423,1,3,1486,20352,403,11935,1490,32287,California
Merced,2021-03-03,2474,46851,1970,26921,503,19926,1,4,1698,21297,755,12690,1700,33987,California
Merced,2021-03-04,3153,50004,2526,29447,625,20551,2,6,2162,22491,971,13661,2165,36152,California
Merced,2021-03-05,2359,52363,1472,30919,863,21414,24,30,1804,23779,541,14202,1829,37981,California
Merced,2021-03-06,1180,53543,670,31589,488,21902,22,52,912,24446,267,14469,934,38915,California
Merced,2021-03-07,232,53775,66,31655,141,22043,25,77,203,24645,29,14498,228,39143,California
Merced,2021-03-08,1559,55334,948,32603,546,22589,65,142,1324,25799,234,14732,1388,40531,California
Merced,2021-03-09,1891,57225,1146,33749,637,23226,108,250,1222,26469,660,15392,1330,41861,California
Merced,2021-03-10,2966,60191,1989,35738,777,24003,200,450,1637,26999,1311,16703,1841,43702,California
Merced,2021-03-11,2220,62411,836,36574,1180,25183,204,654,1233,27490,967,17670,1458,45160,California
Merced,2021-03-12,2549,64960,1113,37687,1161,26344,275,929,1657,28547,887,18557,1944,47104,California
Merced,2021-03-13,1032,65992,322,38009,468,26812,242,1171,712,29187,312,18869,952,48056,California
Merced,2021-03-14,268,66260,155,38164,83,26895,30,1201,151,29255,113,18982,181,48237,California
Merced,2021-03-15,1719,67979,670,38834,792,27687,257,1458,1184,30171,524,19506,1440,49677,California
Merced,2021-03-16,1665,69644,880,39714,558,28245,227,1685,1142,31030,511,20017,1370,51047,California
Merced,2021-03-17,2320,71964,1391,41105,748,28993,181,1866,1843,32590,465,20482,2025,53072,California
Merced,2021-03-18,2268,74232,1383,42488,735,29728,150,2016,1410,33323,840,21322,1573,54645,California
Merced,2021-03-19,2807,77039,1584,44072,1028,30756,195,2211,1402,33527,1392,22714,1596,56241,California
Merced,2021-03-20,2468,79507,1532,45604,540,31296,396,2607,967,33401,1493,24207,1367,57608,California
Merced,2021-03-21,569,80076,345,45949,211,31507,13,2620,448,33744,120,24327,463,58071,California
Merced,2021-03-22,1283,81359,642,46591,564,32071,77,2697,894,34337,380,24707,973,59044,California
Merced,2021-03-23,1977,83336,1233,47824,678,32749,66,2763,1372,35181,594,25301,1438,60482,California
Merced,2021-03-24,1726,85062,1169,48993,521,33270,36,2799,1003,35510,710,26011,1039,61521,California
Merced,2021-03-25,3628,88690,2559,51552,1046,34316,23,2822,2123,36177,1482,27493,2149,63670,California
Merced,2021-03-26,2209,90899,1347,52899,825,35141,37,2859,903,35840,1276,28769,939,64609,California
Merced,2021-03-27,3601,94500,1927,54826,1251,36392,423,3282,1570,35819,2015,30784,1994,66603,California
Merced,2021-03-28,525,95025,217,55043,301,36693,7,3289,213,35731,309,31093,221,66824,California
Merced,2021-03-29,1961,96986,891,55934,898,37591,172,3461,681,35319,1267,32360,855,67679,California
Merced,2021-03-30,2294,99280,922,56856,1313,38904,59,3520,1011,35114,1277,33637,1072,68751,California
Merced,2021-03-31,2392,101672,1486,58342,721,39625,185,3705,993,34918,1374,35011,1178,69929,California
Merced,2021-04-01,2603,104275,1062,59404,1183,40808,358,4063,1067,34821,1521,36532,1424,71353,California
Merced,2021-04-02,2482,106757,750,60154,1309,42117,423,4486,799,34395,1638,38170,1212,72565,California
Merced,2021-04-03,1098,107855,607,60761,472,42589,19,4505,668,34663,420,38590,688,73253,California
Merced,2021-04-04,374,108229,143,60904,227,42816,4,4509,141,34578,231,38821,146,73399,California
Merced,2021-04-05,1510,109739,830,61734,467,43283,213,4722,412,34115,1088,39909,625,74024,California
Merced,2021-04-06,2613,112352,1070,62804,713,43996,830,5552,892,34123,1713,41622,1721,75745,California
Merced,2021-04-07,1923,114275,1135,63939,680,44676,108,5660,594,33540,1288,42910,705,76450,California
Merced,2021-04-08,2508,116783,1354,65293,934,45610,220,5880,992,33282,1466,44376,1208,77658,California
Merced,2021-04-09,1713,118496,483,65776,652,46262,578,6458,559,33288,1132,45508,1138,78796,California
Merced,2021-04-10,987,119483,371,66147,428,46690,188,6646,178,32849,803,46311,364,79160,California
Merced,2021-04-11,488,119971,281,66428,72,46762,135,6781,147,32793,339,46650,283,79443,California
Merced,2021-04-12,1527,121498,999,67427,404,47166,124,6905,871,33173,616,47266,996,80439,California
Merced,2021-04-13,2063,123561,1475,68902,586,47752,2,6907,935,33086,1028,48294,941,81380,California
Merced,2021-04-14,2256,125817,1396,70298,860,48612,0,6907,1046,33059,1074,49368,1047,82427,California
Merced,2021-04-15,3056,128873,1993,72291,1063,49675,0,6907,941,32127,1877,51245,945,83372,California
Merced,2021-04-16,2418,131291,1175,73466,1243,50918,0,6907,962,31741,1348,52593,962,84334,California
Merced,2021-04-17,2156,133447,1482,74948,673,51591,1,6908,663,30923,1485,54078,667,85001,California
Merced,2021-04-18,523,133970,298,75246,225,51816,0,6908,199,30826,296,54374,199,85200,California
Merced,2021-04-19,1379,135349,763,76009,616,52432,0,6908,711,30970,567,54941,711,85911,California
Merced,2021-04-20,1559,136908,797,76806,762,53194,0,6908,813,31110,673,55614,813,86724,California
Merced,2021-04-21,1652,138560,1039,77845,613,53807,0,6908,804,31183,732,56346,805,87529,California
Merced,2021-04-22,1723,140283,794,78639,929,54736,0,6908,786,31126,844,57190,787,88316,California
Merced,2021-04-23,1715,141998,733,79372,982,55718,0,6908,925,31311,741,57931,926,89242,California
Merced,2021-04-24,886,142884,707,80079,179,55897,0,6908,556,31542,325,58256,556,89798,California
Merced,2021-04-25,334,143218,192,80271,142,56039,0,6908,193,31599,137,58393,194,89992,California
Merced,2021-04-26,1291,144509,561,80832,730,56769,0,6908,648,31643,606,58999,650,90642,California
Merced,2021-04-27,1842,146351,938,81770,892,57661,12,6920,744,31372,1027,60026,756,91398,California
Merced,2021-04-28,1445,147796,727,82497,710,58371,8,6928,821,31604,598,60624,830,92228,California
Merced,2021-04-29,1512,149308,684,83181,803,59174,25,6953,717,31564,784,61408,744,92972,California
Merced,2021-04-30,1519,150827,655,83836,820,59994,44,6997,785,31667,727,62135,830,93802,California
Merced,2021-05-01,567,151394,242,84078,321,60315,4,7001,266,31641,295,62430,269,94071,California
Merced,2021-05-02,304,151698,122,84200,167,60482,15,7016,126,31606,177,62607,142,94213,California
Merced,2021-05-03,876,152574,574,84774,228,60710,74,7090,315,31440,557,63164,391,94604,California
Merced,2021-05-04,1082,153656,592,85366,438,61148,52,7142,396,31209,679,63843,448,95052,California
Merced,2021-05-05,1473,155129,964,86330,433,61581,76,7218,646,31119,812,64655,722,95774,California
Merced,2021-05-06,953,156082,509,86839,394,61975,50,7268,317,30858,628,65283,367,96141,California
Merced,2021-05-07,1180,157262,520,87359,618,62593,42,7310,460,30649,714,65997,505,96646,California
Merced,2021-05-08,451,157713,252,87611,163,62756,36,7346,219,30673,231,66228,255,96901,California
Merced,2021-05-09,214,157927,106,87717,101,62857,7,7353,96,30659,117,66345,103,97004,California
Merced,2021-05-10,728,158655,384,88101,307,63164,37,7390,201,30374,524,66869,239,97243,California
Merced,2021-05-11,1204,159859,723,88824,421,63585,60,7450,476,30188,722,67591,536,97779,California
Merced,2021-05-12,1122,160981,644,89468,436,64021,42,7492,386,29884,733,68324,429,98208,California
Merced,2021-05-13,949,161930,539,90007,368,64389,42,7534,427,29836,517,68841,469,98677,California
Merced,2021-05-14,1080,163010,665,90672,375,64764,40,7574,569,29940,505,69346,609,99286,California
Merced,2021-05-15,767,163777,580,91252,168,64932,19,7593,452,30110,303,69649,473,99759,California
Merced,2021-05-16,370,164147,253,91505,108,65040,9,7602,215,30182,153,69802,225,99984,California
Merced,2021-05-17,1110,165257,723,92228,357,65397,30,7632,543,30196,560,70362,574,100558,California
Merced,2021-05-18,1290,166547,861,93089,398,65795,31,7663,712,30368,571,70933,743,101301,California
Merced,2021-05-19,1154,167701,762,93851,385,66180,7,7670,645,30519,505,71438,656,101957,California
Merced,2021-05-20,1067,168768,565,94416,446,66626,56,7726,403,30318,662,72100,461,102418,California
Merced,2021-05-21,1202,169970,695,95111,479,67105,28,7754,486,30129,704,72804,515,102933,California
Merced,2021-05-22,768,170738,550,95661,205,67310,13,7767,457,30293,309,73113,473,103406,California
Merced,2021-05-23,359,171097,259,95920,87,67397,13,7780,235,30418,123,73236,248,103654,California
Merced,2021-05-24,635,171732,273,96193,331,67728,31,7811,233,30288,395,73631,265,103919,California
Merced,2021-05-25,776,172508,436,96629,306,68034,34,7845,391,30332,380,74011,424,104343,California
Merced,2021-05-26,1006,173514,558,97187,415,68449,33,7878,400,30162,604,74615,434,104777,California
Merced,2021-05-27,931,174445,655,97842,240,68689,36,7914,558,30388,369,74984,595,105372,California
Merced,2021-05-28,776,175221,352,98194,378,69067,46,7960,333,30333,434,75418,379,105751,California
Merced,2021-05-29,393,175614,273,98467,112,69179,8,7968,160,30272,230,75648,169,105920,California
Merced,2021-05-30,215,175829,146,98613,58,69237,11,7979,130,30328,85,75733,141,106061,California
Merced,2021-05-31,111,175940,25,98638,80,69317,6,7985,31,30288,78,75811,38,106099,California
Merced,2021-06-01,866,176806,542,99180,290,69607,34,8019,316,30093,545,76356,350,106449,California
Merced,2021-06-02,756,177562,484,99664,246,69853,26,8045,341,30052,408,76764,367,106816,California
Merced,2021-06-03,764,178326,485,100149,245,70098,34,8079,301,29930,457,77221,335,107151,California
Merced,2021-06-04,836,179162,453,100602,361,70459,22,8101,306,29736,523,77744,329,107480,California
Merced,2021-06-05,511,179673,404,101006,95,70554,12,8113,190,29622,316,78060,202,107682,California
Merced,2021-06-06,228,179901,192,101198,30,70584,6,8119,80,29560,148,78208,86,107768,California
Merced,2021-06-07,665,180566,533,101731,119,70703,13,8132,195,29300,470,78678,210,107978,California
Merced,2021-06-08,865,181431,640,102371,201,70904,24,8156,272,29008,588,79266,296,108274,California
Merced,2021-06-09,884,182315,651,103022,218,71122,15,8171,264,28679,609,79875,280,108554,California
Merced,2021-06-10,649,182964,449,103471,180,71302,20,8191,264,28584,379,80254,284,108838,California
Merced,2021-06-11,578,183542,367,103838,196,71498,15,8206,241,28508,334,80588,258,109096,California
Merced,2021-06-12,591,184133,483,104321,85,71583,23,8229,176,28293,414,81002,199,109295,California
Merced,2021-06-13,255,184388,133,104454,117,71700,5,8234,62,28167,193,81195,67,109362,California
Merced,2021-06-14,554,184942,364,104818,156,71856,34,8268,254,28159,297,81492,289,109651,California
Merced,2021-06-15,789,185731,560,105378,202,72058,27,8295,269,27944,512,82004,297,109948,California
Merced,2021-06-16,721,186452,499,105877,200,72258,22,8317,327,27909,384,82388,349,110297,California
Merced,2021-06-17,739,187191,563,106440,145,72403,31,8348,238,27685,493,82881,269,110566,California
Merced,2021-06-18,778,187969,510,106950,237,72640,31,8379,390,27725,381,83262,421,110987,California
Merced,2021-06-19,366,188335,252,107202,87,72727,27,8406,197,27782,167,83429,224,111211,California
Merced,2021-06-20,238,188573,184,107386,46,72773,8,8414,140,27833,97,83526,148,111359,California
Merced,2021-06-21,322,188895,196,107582,114,72887,12,8426,200,27924,121,83647,212,111571,California
Merced,2021-06-22,515,189410,357,107939,139,73026,19,8445,254,27937,261,83908,274,111845,California
Merced,2021-06-23,580,189990,362,108301,207,73233,11,8456,288,27952,284,84192,299,112144,California
Merced,2021-06-24,543,190533,384,108685,127,73360,32,8488,250,27945,289,84481,282,112426,California
Merced,2021-06-25,488,191021,342,109027,122,73482,24,8512,254,27995,227,84708,277,112703,California
Merced,2021-06-26,186,191207,127,109154,53,73535,6,8518,91,28000,93,84801,98,112801,California
Merced,2021-06-27,196,191403,145,109299,39,73574,12,8530,120,28056,76,84877,132,112933,California
Merced,2021-06-28,337,191740,222,109521,98,73672,17,8547,176,28091,158,85035,193,113126,California
Merced,2021-06-29,332,192072,196,109717,114,73786,22,8569,156,28094,175,85210,178,113304,California
Merced,2021-06-30,385,192457,243,109960,120,73906,22,8591,218,28171,163,85373,240,113544,California
Merced,2021-07-01,322,192779,217,110177,95,74001,10,8601,191,28243,131,85504,203,113747,California
Merced,2021-07-02,377,193156,268,110445,98,74099,11,8612,210,28301,164,85668,222,113969,California
Merced,2021-07-03,128,193284,61,110506,55,74154,12,8624,64,28314,63,85731,76,114045,California
Modoc,2020-12-16,1,1,1,1,0,0,0,0,1,1,0,0,1,1,California
Modoc,2020-12-21,99,100,99,100,0,0,0,0,99,100,0,0,99,100,California
Modoc,2020-12-22,14,114,14,114,0,0,0,0,14,114,0,0,14,114,California
Modoc,2020-12-23,4,118,4,118,0,0,0,0,4,118,0,0,4,118,California
Modoc,2020-12-24,1,119,1,119,0,0,0,0,1,119,0,0,1,119,California
Modoc,2020-12-28,2,121,2,121,0,0,0,0,2,121,0,0,2,121,California
Modoc,2020-12-29,10,131,1,122,9,9,0,0,10,131,0,0,10,131,California
Modoc,2020-12-30,7,138,0,122,7,16,0,0,7,138,0,0,7,138,California
Modoc,2021-01-02,3,141,1,123,2,18,0,0,3,141,0,0,3,141,California
Modoc,2021-01-04,8,149,0,123,8,26,0,0,8,149,0,0,8,149,California
Modoc,2021-01-05,3,152,2,125,1,27,0,0,3,152,0,0,3,152,California
Modoc,2021-01-06,3,155,2,127,1,28,0,0,2,153,1,1,2,154,California
Modoc,2021-01-07,72,227,0,127,72,100,0,0,72,225,0,1,72,226,California
Modoc,2021-01-08,105,332,0,127,105,205,0,0,105,330,0,1,105,331,California
Modoc,2021-01-10,1,333,1,128,0,205,0,0,0,329,1,2,0,331,California
Modoc,2021-01-11,90,423,81,209,9,214,0,0,19,277,71,73,19,350,California
Modoc,2021-01-12,94,517,25,234,69,283,0,0,68,319,26,99,68,418,California
Modoc,2021-01-13,24,541,4,238,20,303,0,0,22,339,2,101,22,440,California
Modoc,2021-01-14,128,669,6,244,122,425,0,0,123,457,5,106,123,563,California
Modoc,2021-01-15,6,675,1,245,5,430,0,0,6,463,0,106,6,569,California
Modoc,2021-01-16,2,677,1,246,1,431,0,0,2,465,0,106,2,571,California
Modoc,2021-01-18,3,680,1,247,2,433,0,0,3,468,0,106,3,574,California
Modoc,2021-01-19,5,685,3,250,2,435,0,0,3,469,2,108,3,577,California
Modoc,2021-01-20,11,696,1,251,10,445,0,0,11,480,0,108,11,588,California
Modoc,2021-01-21,157,853,2,253,155,600,0,0,157,637,0,108,157,745,California
Modoc,2021-01-22,2,855,0,253,2,602,0,0,2,639,0,108,2,747,California
Modoc,2021-01-25,11,866,0,253,11,613,0,0,11,650,0,108,11,758,California
Modoc,2021-01-26,65,931,1,254,64,677,0,0,65,715,0,108,65,823,California
Modoc,2021-01-27,42,973,3,257,39,716,0,0,26,725,16,124,26,849,California
Modoc,2021-01-28,146,1119,2,259,144,860,0,0,145,869,1,125,145,994,California
Modoc,2021-01-29,3,1122,1,260,2,862,0,0,3,872,0,125,3,997,California
Modoc,2021-02-01,26,1148,13,273,13,875,0,0,12,870,14,139,12,1009,California
Modoc,2021-02-02,170,1318,2,275,168,1043,0,0,167,1034,3,142,167,1176,California
Modoc,2021-02-03,18,1336,13,288,5,1048,0,0,11,1038,7,149,11,1187,California
Modoc,2021-02-04,155,1491,4,292,151,1199,0,0,27,937,128,277,27,1214,California
Modoc,2021-02-05,2,1493,2,294,0,1199,0,0,1,937,1,278,1,1215,California
Modoc,2021-02-08,9,1502,2,296,7,1206,0,0,8,944,1,279,8,1223,California
Modoc,2021-02-09,197,1699,13,309,184,1390,0,0,65,877,132,411,65,1288,California
Modoc,2021-02-10,5,1704,2,311,3,1393,0,0,4,880,1,412,4,1292,California
Modoc,2021-02-11,202,1906,3,314,199,1592,0,0,85,848,117,529,85,1377,California
Modoc,2021-02-12,4,1910,0,314,4,1596,0,0,2,848,2,531,2,1379,California
Modoc,2021-02-13,2,1912,0,314,2,1598,0,0,1,848,1,532,1,1380,California
Modoc,2021-02-16,147,2059,6,320,141,1739,0,0,141,983,6,538,141,1521,California
Modoc,2021-02-17,25,2084,2,322,23,1762,0,0,12,982,13,551,12,1533,California
Modoc,2021-02-18,187,2271,2,324,185,1947,0,0,23,844,163,714,25,1558,California
Modoc,2021-02-19,3,2274,3,327,0,1947,0,0,2,845,1,715,2,1560,California
Modoc,2021-02-20,1,2275,1,328,0,1947,0,0,0,844,1,716,0,1560,California
Modoc,2021-02-22,19,2294,9,337,10,1957,0,0,3,831,16,732,3,1563,California
Modoc,2021-02-23,20,2314,2,339,18,1975,0,0,1,813,19,751,1,1564,California
Modoc,2021-02-24,91,2405,1,340,90,2065,0,0,31,784,60,811,31,1595,California
Modoc,2021-02-25,169,2574,0,340,169,2234,0,0,12,639,157,968,12,1607,California
Modoc,2021-02-26,3,2577,0,340,3,2237,0,0,1,638,2,970,1,1608,California
Modoc,2021-02-27,4,2581,4,344,0,2237,0,0,2,638,2,972,2,1610,California
Modoc,2021-03-01,6,2587,0,344,6,2243,0,0,1,635,4,976,1,1611,California
Modoc,2021-03-02,193,2780,12,356,181,2424,0,0,26,494,167,1143,26,1637,California
Modoc,2021-03-03,12,2792,6,362,6,2430,0,0,2,486,10,1153,2,1639,California
Modoc,2021-03-04,174,2966,2,364,172,2602,0,0,147,606,27,1180,147,1786,California
Modoc,2021-03-05,3,2969,3,367,0,2602,0,0,2,607,1,1181,2,1788,California
Modoc,2021-03-06,11,2980,0,367,1,2603,10,10,1,608,10,1191,11,1799,California
Modoc,2021-03-07,8,2988,2,369,0,2603,6,16,2,610,6,1197,8,1807,California
Modoc,2021-03-08,8,2996,1,370,3,2606,4,20,1,609,6,1203,5,1812,California
Modoc,2021-03-09,127,3123,10,380,108,2714,9,29,61,613,66,1269,70,1882,California
Modoc,2021-03-10,9,3132,3,383,2,2716,4,33,4,616,5,1274,8,1890,California
Modoc,2021-03-11,207,3339,0,383,99,2815,108,141,22,561,185,1459,130,2020,California
Modoc,2021-03-12,10,3349,1,384,4,2819,5,146,4,564,6,1465,9,2029,California
Modoc,2021-03-13,6,3355,0,384,3,2822,3,149,1,563,5,1470,4,2033,California
Modoc,2021-03-15,12,3367,1,385,10,2832,1,150,10,572,2,1472,11,2044,California
Modoc,2021-03-16,174,3541,2,387,168,3000,4,154,42,485,132,1604,45,2089,California
Modoc,2021-03-17,10,3551,1,388,4,3004,5,159,2,484,8,1612,7,2096,California
Modoc,2021-03-18,66,3617,2,390,57,3061,7,166,34,493,32,1644,41,2137,California
Modoc,2021-03-19,5,3622,0,390,0,3061,5,171,0,493,5,1649,5,2142,California
Modoc,2021-03-20,5,3627,2,392,0,3061,3,174,0,491,5,1654,3,2145,California
Modoc,2021-03-21,3,3630,1,393,0,3061,2,176,1,492,2,1656,3,2148,California
Modoc,2021-03-22,17,3647,1,394,11,3072,5,181,12,504,5,1661,17,2165,California
Modoc,2021-03-23,37,3684,7,401,27,3099,3,184,28,526,9,1670,31,2196,California
Modoc,2021-03-24,29,3713,1,402,18,3117,10,194,1,509,28,1698,11,2207,California
Modoc,2021-03-25,76,3789,1,403,73,3190,2,196,44,523,32,1730,46,2253,California
Modoc,2021-03-26,7,3796,2,405,2,3192,3,199,2,523,5,1735,5,2258,California
Modoc,2021-03-27,2,3798,0,405,1,3193,1,200,1,524,1,1736,2,2260,California
Modoc,2021-03-28,2,3800,1,406,0,3193,1,201,0,523,2,1738,1,2261,California
Modoc,2021-03-29,14,3814,1,407,5,3198,8,209,5,527,9,1747,13,2274,California
Modoc,2021-03-30,54,3868,9,416,38,3236,7,216,20,520,34,1781,27,2301,California
Modoc,2021-03-31,10,3878,3,419,3,3239,4,220,4,522,6,1787,8,2309,California
Modoc,2021-04-01,167,4045,2,421,160,3399,5,225,32,424,135,1922,37,2346,California
Modoc,2021-04-02,5,4050,0,421,2,3401,3,228,1,425,3,1925,4,2350,California
Modoc,2021-04-03,5,4055,2,423,0,3401,3,231,2,427,2,1927,4,2354,California
Modoc,2021-04-05,9,4064,0,423,9,3410,0,231,9,436,0,1927,9,2363,California
Modoc,2021-04-06,24,4088,5,428,9,3419,10,241,6,434,18,1945,16,2379,California
Modoc,2021-04-07,12,4100,1,429,4,3423,7,248,3,435,9,1954,10,2389,California
Modoc,2021-04-08,95,4195,1,430,92,3515,2,250,26,394,69,2023,28,2417,California
Modoc,2021-04-09,11,4206,2,432,6,3521,3,253,2,389,9,2032,4,2421,California
Modoc,2021-04-10,5,4211,0,432,1,3522,4,257,0,388,5,2037,4,2425,California
Modoc,2021-04-11,2,4213,2,434,0,3522,0,257,1,388,1,2038,1,2426,California
Modoc,2021-04-12,14,4227,0,434,10,3532,4,261,1,382,11,2049,5,2431,California
Modoc,2021-04-13,30,4257,29,463,1,3533,0,261,21,394,9,2058,21,2452,California
Modoc,2021-04-14,2,4259,2,465,0,3533,0,261,1,394,1,2059,1,2453,California
Modoc,2021-04-15,100,4359,0,465,100,3633,0,261,27,349,72,2131,27,2480,California
Modoc,2021-04-16,4,4363,4,469,0,3633,0,261,3,351,1,2132,3,2483,California
Modoc,2021-04-17,2,4365,2,471,0,3633,0,261,2,353,0,2132,2,2485,California
Modoc,2021-04-18,1,4366,0,471,1,3634,0,261,1,354,0,2132,1,2486,California
Modoc,2021-04-19,7,4373,0,471,7,3641,0,261,2,351,5,2137,2,2488,California
Modoc,2021-04-20,26,4399,2,473,24,3665,0,261,8,341,18,2155,8,2496,California
Modoc,2021-04-21,3,4402,3,476,0,3665,0,261,1,340,2,2157,1,2497,California
Modoc,2021-04-22,94,4496,1,477,93,3758,0,261,38,322,56,2213,38,2535,California
Modoc,2021-04-23,4,4500,0,477,4,3762,0,261,3,324,1,2214,3,2538,California
Modoc,2021-04-24,2,4502,0,477,1,3763,1,262,1,325,1,2215,2,2540,California
Modoc,2021-04-25,1,4503,1,478,0,3763,0,262,1,326,0,2215,1,2541,California
Modoc,2021-04-26,7,4510,0,478,7,3770,0,262,2,323,5,2220,2,2543,California
Modoc,2021-04-27,5,4515,4,482,0,3770,1,263,0,319,5,2225,1,2544,California
Modoc,2021-04-28,7,4522,1,483,5,3775,1,264,2,317,5,2230,3,2547,California
Modoc,2021-04-29,63,4585,2,485,61,3836,0,264,22,298,41,2271,22,2569,California
Modoc,2021-04-30,4,4589,3,488,1,3837,0,264,2,298,2,2273,2,2571,California
Modoc,2021-05-01,1,4590,1,489,0,3837,0,264,0,297,1,2274,0,2571,California
Modoc,2021-05-02,4,4594,3,492,1,3838,0,264,3,299,1,2275,3,2574,California
Modoc,2021-05-03,12,4606,0,492,11,3849,1,265,2,292,10,2285,3,2577,California
Modoc,2021-05-04,11,4617,3,495,6,3855,2,267,5,293,6,2291,7,2584,California
Modoc,2021-05-05,27,4644,24,519,2,3857,1,268,8,283,19,2310,9,2593,California
Modoc,2021-05-06,54,4698,3,522,49,3906,2,270,21,273,33,2343,23,2616,California
Modoc,2021-05-07,8,4706,3,525,3,3909,2,272,2,271,6,2349,4,2620,California
Modoc,2021-05-08,3,4709,2,527,0,3909,1,273,1,271,2,2351,2,2622,California
Modoc,2021-05-09,1,4710,1,528,0,3909,0,273,0,270,1,2352,0,2622,California
Modoc,2021-05-10,2,4712,0,528,1,3910,1,274,1,271,1,2353,2,2624,California
Modoc,2021-05-11,3,4715,2,530,0,3910,1,275,0,269,3,2356,1,2625,California
Modoc,2021-05-12,2,4717,0,530,0,3910,2,277,0,269,2,2358,2,2627,California
Modoc,2021-05-13,42,4759,0,530,38,3948,4,281,14,259,28,2386,18,2645,California
Modoc,2021-05-14,8,4767,3,533,0,3948,5,286,3,262,5,2391,8,2653,California
Modoc,2021-05-15,4,4771,3,536,1,3949,0,286,4,266,0,2391,4,2657,California
Modoc,2021-05-16,2,4773,1,537,1,3950,0,286,0,264,2,2393,0,2657,California
Modoc,2021-05-17,5,4778,3,540,2,3952,0,286,4,267,1,2394,4,2661,California
Modoc,2021-05-18,23,4801,12,552,9,3961,2,288,14,274,9,2403,16,2677,California
Modoc,2021-05-19,8,4809,1,553,3,3964,4,292,4,278,4,2407,8,2685,California
Modoc,2021-05-20,59,4868,3,556,47,4011,9,301,8,244,51,2458,17,2702,California
Modoc,2021-05-21,6,4874,4,560,1,4012,1,302,1,241,5,2463,2,2704,California
Modoc,2021-05-22,2,4876,2,562,0,4012,0,302,1,241,1,2464,1,2705,California
Modoc,2021-05-23,2,4878,2,564,0,4012,0,302,0,239,2,2466,0,2705,California
Modoc,2021-05-24,4,4882,1,565,1,4013,2,304,2,241,2,2468,4,2709,California
Modoc,2021-05-25,2,4884,1,566,1,4014,0,304,1,241,1,2469,1,2710,California
Modoc,2021-05-26,36,4920,33,599,3,4017,0,304,26,258,10,2479,27,2737,California
Modoc,2021-05-27,28,4948,1,600,22,4039,5,309,6,247,22,2501,11,2748,California
Modoc,2021-05-28,8,4956,1,601,4,4043,3,312,3,248,5,2506,6,2754,California
Modoc,2021-05-29,1,4957,1,602,0,4043,0,312,0,247,1,2507,0,2754,California
Modoc,2021-05-31,1,4958,0,602,0,4043,1,313,0,247,0,2507,0,2754,California
Modoc,2021-06-01,7,4965,0,602,6,4049,1,314,2,245,5,2512,3,2757,California
Modoc,2021-06-02,8,4973,0,602,6,4055,2,316,4,247,4,2516,6,2763,California
Modoc,2021-06-03,25,4998,1,603,22,4077,2,318,4,232,21,2537,6,2769,California
Modoc,2021-06-04,5,5003,3,606,1,4078,1,319,0,228,5,2542,1,2770,California
Modoc,2021-06-05,1,5004,0,606,1,4079,0,319,0,227,1,2543,0,2770,California
Modoc,2021-06-07,4,5008,4,610,0,4079,0,319,1,225,3,2546,1,2771,California
Modoc,2021-06-08,29,5037,10,620,18,4097,1,320,18,233,11,2557,19,2790,California
Modoc,2021-06-09,3,5040,2,622,1,4098,0,320,2,234,1,2558,2,2792,California
Modoc,2021-06-10,21,5061,1,623,19,4117,1,321,7,228,14,2572,8,2800,California
Modoc,2021-06-11,4,5065,2,625,1,4118,1,322,2,229,2,2574,3,2803,California
Modoc,2021-06-12,1,5066,1,626,0,4118,0,322,0,228,1,2575,0,2803,California
Modoc,2021-06-14,4,5070,0,626,2,4120,2,324,0,226,4,2579,2,2805,California
Modoc,2021-06-15,6,5076,0,626,4,4124,2,326,3,228,3,2582,5,2810,California
Modoc,2021-06-16,41,5117,25,651,11,4135,5,331,22,238,19,2601,29,2839,California
Modoc,2021-06-17,46,5163,20,671,25,4160,1,332,27,247,19,2620,28,2867,California
Modoc,2021-06-18,5,5168,0,671,3,4163,2,334,3,250,2,2622,5,2872,California
Modoc,2021-06-19,3,5171,0,671,1,4164,2,336,1,251,2,2624,3,2875,California
Modoc,2021-06-21,1,5172,0,671,1,4165,0,336,1,252,0,2624,1,2876,California
Modoc,2021-06-22,11,5183,4,675,7,4172,0,336,9,259,2,2626,9,2885,California
Modoc,2021-06-23,6,5189,0,675,3,4175,3,339,1,258,5,2631,4,2889,California
Modoc,2021-06-24,32,5221,14,689,14,4189,4,343,22,274,10,2641,26,2915,California
Modoc,2021-06-25,7,5228,0,689,5,4194,2,345,2,273,5,2646,4,2919,California
Modoc,2021-06-28,4,5232,1,690,3,4197,0,345,3,275,1,2647,3,2922,California
Modoc,2021-06-29,8,5240,1,691,6,4203,1,346,5,278,3,2650,6,2928,California
Modoc,2021-06-30,8,5248,1,692,7,4210,0,346,5,280,3,2653,5,2933,California
Modoc,2021-07-01,23,5271,11,703,1,4211,11,357,9,286,14,2667,20,2953,California
Modoc,2021-07-02,2,5273,2,705,0,4211,0,357,0,284,2,2669,0,2953,California
Mono,2020-12-18,1,1,1,1,0,0,0,0,1,1,0,0,1,1,California
Mono,2020-12-19,5,6,5,6,0,0,0,0,5,6,0,0,5,6,California
Mono,2020-12-20,7,13,7,13,0,0,0,0,7,13,0,0,7,13,California
Mono,2020-12-21,24,37,17,30,7,7,0,0,24,37,0,0,24,37,California
Mono,2020-12-22,67,104,65,95,2,9,0,0,67,104,0,0,67,104,California
Mono,2020-12-23,71,175,43,138,28,37,0,0,71,175,0,0,71,175,California
Mono,2020-12-24,3,178,1,139,2,39,0,0,3,178,0,0,3,178,California
Mono,2020-12-26,3,181,3,142,0,39,0,0,3,181,0,0,3,181,California
Mono,2020-12-27,1,182,0,142,1,40,0,0,1,182,0,0,1,182,California
Mono,2020-12-28,94,276,63,205,31,71,0,0,94,276,0,0,94,276,California
Mono,2020-12-29,29,305,29,234,0,71,0,0,29,305,0,0,29,305,California
Mono,2020-12-30,77,382,36,270,41,112,0,0,77,382,0,0,77,382,California
Mono,2020-12-31,4,386,1,271,3,115,0,0,4,386,0,0,4,386,California
Mono,2021-01-01,4,390,4,275,0,115,0,0,4,390,0,0,4,390,California
Mono,2021-01-02,2,392,2,277,0,115,0,0,2,392,0,0,2,392,California
Mono,2021-01-04,2,394,0,277,2,117,0,0,2,394,0,0,2,394,California
Mono,2021-01-05,45,439,2,279,43,160,0,0,44,437,1,1,44,438,California
Mono,2021-01-06,44,483,0,279,44,204,0,0,44,481,0,1,44,482,California
Mono,2021-01-07,55,538,3,282,52,256,0,0,53,533,2,3,54,536,California
Mono,2021-01-08,2,540,1,283,1,257,0,0,1,533,1,4,1,537,California
Mono,2021-01-09,4,544,4,287,0,257,0,0,0,529,4,8,0,537,California
Mono,2021-01-10,5,549,5,292,0,257,0,0,0,524,5,13,0,537,California
Mono,2021-01-11,8,557,5,297,3,260,0,0,4,524,4,17,4,541,California
Mono,2021-01-12,283,840,75,372,208,468,0,0,219,680,63,80,219,760,California
Mono,2021-01-13,234,1074,73,445,161,629,0,0,179,804,55,135,179,939,California
Mono,2021-01-14,74,1148,72,517,2,631,0,0,73,876,1,136,73,1012,California
Mono,2021-01-15,65,1213,3,520,62,693,0,0,65,941,0,136,65,1077,California
Mono,2021-01-16,4,1217,3,523,1,694,0,0,1,939,3,139,1,1078,California
Mono,2021-01-18,64,1281,55,578,9,703,0,0,2,879,62,201,2,1080,California
Mono,2021-01-19,210,1491,207,785,3,706,0,0,172,1014,38,239,173,1253,California
Mono,2021-01-20,236,1727,201,986,35,741,0,0,173,1124,63,302,173,1426,California
Mono,2021-01-21,4,1731,4,990,0,741,0,0,4,1128,0,302,4,1430,California
Mono,2021-01-22,4,1735,0,990,4,745,0,0,4,1132,0,302,4,1434,California
Mono,2021-01-23,590,2325,590,1580,0,745,0,0,589,1720,1,303,589,2023,California
Mono,2021-01-24,1,2326,0,1580,1,746,0,0,0,1719,1,304,0,2023,California
Mono,2021-01-25,200,2526,162,1742,38,784,0,0,161,1841,39,343,161,2184,California
Mono,2021-01-26,500,3026,498,2240,2,786,0,0,494,2329,6,349,494,2678,California
Mono,2021-01-27,4,3030,0,2240,4,790,0,0,4,2333,0,349,4,2682,California
Mono,2021-01-28,6,3036,2,2242,4,794,0,0,2,2331,4,353,2,2684,California
Mono,2021-01-30,197,3233,195,2437,2,796,0,0,196,2526,1,354,196,2880,California
Mono,2021-01-31,241,3474,136,2573,105,901,0,0,137,2559,104,458,137,3017,California
Mono,2021-02-01,27,3501,27,2600,0,901,0,0,0,2532,27,485,0,3017,California
Mono,2021-02-02,5,3506,0,2600,5,906,0,0,2,2531,3,488,2,3019,California
Mono,2021-02-03,4,3510,2,2602,2,908,0,0,2,2531,2,490,2,3021,California
Mono,2021-02-04,214,3724,159,2761,55,963,0,0,91,2501,121,611,91,3112,California
Mono,2021-02-05,611,4335,605,3366,6,969,0,0,608,3106,3,614,608,3720,California
Mono,2021-02-06,135,4470,134,3500,1,970,0,0,134,3239,1,615,134,3854,California
Mono,2021-02-07,2,4472,0,3500,2,972,0,0,2,3241,0,615,2,3856,California
Mono,2021-02-08,171,4643,171,3671,0,972,0,0,15,3101,155,770,15,3871,California
Mono,2021-02-09,231,4874,6,3677,225,1197,0,0,14,2898,217,987,14,3885,California
Mono,2021-02-10,542,5416,188,3865,354,1551,0,0,198,2753,344,1331,199,4084,California
Mono,2021-02-11,8,5424,5,3870,3,1554,0,0,3,2751,5,1336,3,4087,California
Mono,2021-02-12,89,5513,21,3891,68,1622,0,0,27,2716,62,1398,27,4114,California
Mono,2021-02-13,586,6099,584,4475,2,1624,0,0,26,2183,559,1957,26,4140,California
Mono,2021-02-15,167,6266,165,4640,2,1626,0,0,2,2022,163,2120,2,4142,California
Mono,2021-02-16,520,6786,516,5156,4,1630,0,0,45,1596,472,2592,46,4188,California
Mono,2021-02-17,6,6792,1,5157,5,1635,0,0,2,1594,4,2596,2,4190,California
Mono,2021-02-18,4,6796,2,5159,2,1637,0,0,3,1596,1,2597,3,4193,California
Mono,2021-02-19,56,6852,55,5214,1,1638,0,0,56,1652,0,2597,56,4249,California
Mono,2021-02-20,4,6856,4,5218,0,1638,0,0,4,1656,0,2597,4,4253,California
Mono,2021-02-21,6,6862,6,5224,0,1638,0,0,4,1658,2,2599,4,4257,California
Mono,2021-02-22,292,7154,291,5515,1,1639,0,0,26,1419,265,2864,26,4283,California
Mono,2021-02-23,147,7301,126,5641,21,1660,0,0,25,1322,122,2986,25,4308,California
Mono,2021-02-24,10,7311,2,5643,8,1668,0,0,3,1318,7,2993,3,4311,California
Mono,2021-02-25,5,7316,2,5645,3,1671,0,0,3,1320,1,2994,3,4314,California
Mono,2021-02-26,596,7912,594,6239,2,1673,0,0,21,767,574,3568,21,4335,California
Mono,2021-02-27,138,8050,134,6373,4,1677,0,0,4,639,132,3700,4,4339,California
Mono,2021-02-28,1,8051,0,6373,0,1677,1,1,0,639,1,3701,1,4340,California
Mono,2021-03-01,3,8054,2,6375,1,1678,0,1,2,641,0,3701,2,4342,California
Mono,2021-03-02,6,8060,4,6379,2,1680,0,1,4,643,2,3703,4,4346,California
Mono,2021-03-03,113,8173,3,6382,110,1790,0,1,109,749,3,3706,109,4455,California
Mono,2021-03-04,6,8179,2,6384,4,1794,0,1,3,749,3,3709,3,4458,California
Mono,2021-03-05,37,8216,28,6412,9,1803,0,1,13,738,24,3733,13,4471,California
Mono,2021-03-06,506,8722,18,6430,488,2291,0,1,497,1229,7,3740,498,4969,California
Mono,2021-03-07,1,8723,0,6430,1,2292,0,1,0,1228,1,3741,0,4969,California
Mono,2021-03-08,530,9253,11,6441,516,2808,3,4,520,1741,10,3751,523,5492,California
Mono,2021-03-09,6,9259,2,6443,3,2811,1,5,3,1743,2,3753,4,5496,California
Mono,2021-03-10,287,9546,91,6534,193,3004,3,8,8,1478,276,4029,11,5507,California
Mono,2021-03-11,10,9556,0,6534,1,3005,9,17,0,1477,10,4039,9,5516,California
Mono,2021-03-12,6,9562,1,6535,1,3006,4,21,0,1475,6,4045,4,5520,California
Mono,2021-03-13,822,10384,384,6919,438,3444,0,21,812,2277,10,4055,812,6332,California
Mono,2021-03-14,5,10389,5,6924,0,3444,0,21,1,2274,4,4059,1,6333,California
Mono,2021-03-15,31,10420,23,6947,3,3447,5,26,14,2277,16,4075,19,6352,California
Mono,2021-03-16,16,10436,6,6953,4,3451,6,32,8,2283,8,4083,14,6366,California
Mono,2021-03-17,33,10469,5,6958,20,3471,8,40,21,2300,12,4095,29,6395,California
Mono,2021-03-18,21,10490,2,6960,11,3482,8,48,8,2303,13,4108,16,6411,California
Mono,2021-03-19,21,10511,1,6961,17,3499,3,51,17,2320,3,4111,20,6431,California
Mono,2021-03-20,5,10516,3,6964,1,3500,1,52,4,2324,1,4112,5,6436,California
Mono,2021-03-21,1,10517,1,6965,0,3500,0,52,1,2325,0,4112,1,6437,California
Mono,2021-03-22,11,10528,0,6965,6,3506,5,57,5,2329,6,4118,10,6447,California
Mono,2021-03-23,43,10571,6,6971,32,3538,5,62,17,2325,26,4144,22,6469,California
Mono,2021-03-24,14,10585,1,6972,8,3546,5,67,5,2327,9,4153,11,6480,California
Mono,2021-03-25,19,10604,3,6975,12,3558,4,71,12,2336,7,4160,16,6496,California
Mono,2021-03-26,19,10623,3,6978,11,3569,5,76,10,2343,8,4168,15,6511,California
Mono,2021-03-27,353,10976,350,7328,3,3572,0,76,326,2642,27,4195,326,6837,California
Mono,2021-03-29,10,10986,3,7331,6,3578,1,77,8,2649,2,4197,9,6846,California
Mono,2021-03-30,12,10998,0,7331,8,3586,4,81,7,2655,5,4202,11,6857,California
Mono,2021-03-31,134,11132,7,7338,126,3712,1,82,23,2569,110,4312,24,6881,California
Mono,2021-04-01,9,11141,0,7338,8,3720,1,83,4,2569,5,4317,5,6886,California
Mono,2021-04-02,19,11160,2,7340,17,3737,0,83,8,2566,11,4328,8,6894,California
Mono,2021-04-03,862,12022,371,7711,491,4228,0,83,48,1803,811,5139,48,6942,California
Mono,2021-04-04,1,12023,1,7712,0,4228,0,83,0,1802,1,5140,0,6942,California
Mono,2021-04-05,528,12551,18,7730,509,4737,1,84,35,1346,492,5632,36,6978,California
Mono,2021-04-06,19,12570,1,7731,5,4742,13,97,1,1342,18,5650,14,6992,California
Mono,2021-04-07,23,12593,2,7733,2,4744,19,116,2,1342,21,5671,21,7013,California
Mono,2021-04-08,26,12619,4,7737,3,4747,19,135,6,1347,20,5691,25,7038,California
Mono,2021-04-09,39,12658,4,7741,6,4753,29,164,9,1355,30,5721,38,7076,California
Mono,2021-04-10,451,13109,2,7743,442,5195,7,171,30,971,421,6142,37,7113,California
Mono,2021-04-11,1,13110,1,7744,0,5195,0,171,0,970,1,6143,0,7113,California
Mono,2021-04-12,6,13116,0,7744,3,5198,3,174,3,973,3,6146,6,7119,California
Mono,2021-04-13,19,13135,2,7746,16,5214,1,175,13,981,6,6152,14,7133,California
Mono,2021-04-14,26,13161,2,7748,24,5238,0,175,8,971,18,6170,8,7141,California
Mono,2021-04-15,18,13179,4,7752,14,5252,0,175,10,973,8,6178,10,7151,California
Mono,2021-04-16,18,13197,1,7753,17,5269,0,175,7,969,11,6189,7,7158,California
Mono,2021-04-17,52,13249,2,7755,50,5319,0,175,45,1007,7,6196,45,7203,California
Mono,2021-04-18,1,13250,0,7755,1,5320,0,175,1,1008,0,6196,1,7204,California
Mono,2021-04-19,538,13788,329,8084,209,5529,0,175,202,877,333,6529,202,7406,California
Mono,2021-04-20,15,13803,2,8086,13,5542,0,175,10,882,5,6534,10,7416,California
Mono,2021-04-21,7,13810,0,8086,7,5549,0,175,2,879,5,6539,2,7418,California
Mono,2021-04-22,25,13835,11,8097,14,5563,0,175,11,876,14,6553,11,7429,California
Mono,2021-04-23,22,13857,2,8099,20,5583,0,175,12,878,10,6563,12,7441,California
Mono,2021-04-24,35,13892,21,8120,14,5597,0,175,20,883,15,6578,20,7461,California
Mono,2021-04-25,3,13895,2,8122,1,5598,0,175,3,886,0,6578,3,7464,California
Mono,2021-04-26,12,13907,2,8124,10,5608,0,175,3,880,9,6587,3,7467,California
Mono,2021-04-27,68,13975,42,8166,19,5627,7,182,52,923,16,6603,59,7526,California
Mono,2021-04-28,62,14037,40,8206,18,5645,4,186,48,963,12,6615,52,7578,California
Mono,2021-04-29,10,14047,3,8209,4,5649,3,189,3,962,7,6622,6,7584,California
Mono,2021-04-30,19,14066,3,8212,12,5661,4,193,8,963,11,6633,12,7596,California
Mono,2021-05-01,109,14175,5,8217,104,5765,0,193,96,1047,12,6645,96,7692,California
Mono,2021-05-02,1,14176,1,8218,0,5765,0,193,1,1048,0,6645,1,7693,California
Mono,2021-05-03,2,14178,1,8219,1,5766,0,193,1,1048,1,6646,1,7694,California
Mono,2021-05-04,19,14197,0,8219,13,5779,6,199,10,1055,9,6655,16,7710,California
Mono,2021-05-05,52,14249,8,8227,40,5819,4,203,45,1097,7,6662,49,7759,California
Mono,2021-05-06,16,14265,4,8231,11,5830,1,204,10,1102,6,6668,11,7770,California
Mono,2021-05-07,30,14295,22,8253,8,5838,0,204,25,1122,5,6673,25,7795,California
Mono,2021-05-08,53,14348,7,8260,46,5884,0,204,24,1117,29,6702,24,7819,California
Mono,2021-05-09,1,14349,1,8261,0,5884,0,204,0,1117,0,6702,0,7819,California
Mono,2021-05-10,18,14367,1,8262,13,5897,4,208,9,1121,9,6711,13,7832,California
Mono,2021-05-11,15,14382,2,8264,10,5907,3,211,5,1119,10,6721,8,7840,California
Mono,2021-05-12,12,14394,0,8264,11,5918,1,212,4,1116,8,6729,5,7845,California
Mono,2021-05-13,47,14441,31,8295,15,5933,1,213,38,1146,9,6738,39,7884,California
Mono,2021-05-14,11,14452,1,8296,9,5942,1,214,6,1148,5,6743,7,7891,California
Mono,2021-05-15,66,14518,24,8320,35,5977,7,221,19,1127,47,6790,26,7917,California
Mono,2021-05-16,6,14524,4,8324,1,5978,1,222,2,1126,4,6794,3,7920,California
Mono,2021-05-17,250,14774,34,8358,209,6187,7,229,54,993,195,6989,62,7982,California
Mono,2021-05-18,134,14908,110,8468,23,6210,1,230,87,1035,47,7036,89,8071,California
Mono,2021-05-19,119,15027,112,8580,2,6212,5,235,75,1071,44,7080,80,8151,California
Mono,2021-05-20,71,15098,56,8636,10,6222,5,240,54,1113,17,7097,59,8210,California
Mono,2021-05-21,23,15121,4,8640,16,6238,3,243,10,1113,13,7110,13,8223,California
Mono,2021-05-22,22,15143,12,8652,8,6246,2,245,16,1125,6,7116,18,8241,California
Mono,2021-05-23,2,15145,0,8652,2,6248,0,245,1,1125,1,7117,1,8242,California
Mono,2021-05-24,16,15161,2,8654,13,6261,1,246,9,1129,7,7124,11,8253,California
Mono,2021-05-25,15,15176,5,8659,10,6271,0,246,8,1130,7,7131,8,8261,California
Mono,2021-05-26,18,15194,2,8661,15,6286,1,247,7,1127,11,7142,8,8269,California
Mono,2021-05-27,8,15202,0,8661,8,6294,0,247,5,1130,2,7144,5,8274,California
Mono,2021-05-28,42,15244,28,8689,14,6308,0,247,11,1110,31,7175,11,8285,California
Mono,2021-05-29,129,15373,27,8716,99,6407,3,250,32,1048,97,7272,35,8320,California
Mono,2021-06-01,16,15389,7,8723,9,6416,0,250,9,1050,7,7279,9,8329,California
Mono,2021-06-02,47,15436,4,8727,43,6459,0,250,10,1023,37,7316,10,8339,California
Mono,2021-06-03,11,15447,1,8728,7,6466,3,253,1,1017,10,7326,4,8343,California
Mono,2021-06-04,12,15459,1,8729,10,6476,1,254,3,1012,9,7335,4,8347,California
Mono,2021-06-05,44,15503,23,8752,21,6497,0,254,5,978,39,7374,5,8352,California
Mono,2021-06-06,1,15504,0,8752,1,6498,0,254,0,977,1,7375,0,8352,California
Mono,2021-06-07,99,15603,87,8839,8,6506,4,258,12,906,87,7462,16,8368,California
Mono,2021-06-08,113,15716,103,8942,8,6514,2,260,12,819,101,7563,14,8382,California
Mono,2021-06-09,6,15722,1,8943,5,6519,0,260,1,815,5,7568,1,8383,California
Mono,2021-06-10,6,15728,0,8943,4,6523,2,262,2,815,4,7572,4,8387,California
Mono,2021-06-11,74,15802,62,9005,7,6530,5,267,6,758,68,7640,11,8398,California
Mono,2021-06-12,1,15803,1,9006,0,6530,0,267,0,757,1,7641,0,8398,California
Mono,2021-06-13,1,15804,0,9006,1,6531,0,267,1,758,0,7641,1,8399,California
Mono,2021-06-14,65,15869,30,9036,29,6560,6,273,20,739,45,7686,26,8425,California
Mono,2021-06-15,8,15877,5,9041,3,6563,0,273,4,739,4,7690,4,8429,California
Mono,2021-06-16,14,15891,5,9046,9,6572,0,273,6,737,8,7698,6,8435,California
Mono,2021-06-17,6,15897,1,9047,3,6575,2,275,2,737,4,7702,4,8439,California
Mono,2021-06-18,5,15902,3,9050,1,6576,1,276,1,736,3,7705,2,8441,California
Mono,2021-06-19,3,15905,3,9053,0,6576,0,276,3,739,0,7705,3,8444,California
Mono,2021-06-20,1,15906,0,9053,1,6577,0,276,0,738,1,7706,0,8444,California
Mono,2021-06-21,14,15920,2,9055,10,6587,2,278,3,733,10,7716,5,8449,California
Mono,2021-06-22,13,15933,2,9057,10,6597,1,279,4,730,8,7724,5,8454,California
Mono,2021-06-23,12,15945,0,9057,6,6603,6,285,2,729,10,7734,9,8463,California
Mono,2021-06-24,7,15952,0,9057,5,6608,2,287,2,728,5,7739,4,8467,California
Mono,2021-06-25,33,15985,22,9079,11,6619,0,287,7,709,26,7765,7,8474,California
Mono,2021-06-26,1,15986,1,9080,0,6619,0,287,0,708,1,7766,0,8474,California
Mono,2021-06-28,11,15997,7,9087,1,6620,3,290,2,704,9,7775,5,8479,California
Mono,2021-06-29,2,15999,2,9089,0,6620,0,290,2,706,0,7775,2,8481,California
Mono,2021-06-30,6,16005,1,9090,3,6623,2,292,3,708,3,7778,5,8486,California
Mono,2021-07-01,8,16013,1,9091,4,6627,3,295,2,707,6,7784,5,8491,California
Mono,2021-07-02,38,16051,35,9126,2,6629,1,296,14,698,24,7808,15,8506,California
Monterey,2020-12-16,6,6,6,6,0,0,0,0,6,6,0,0,6,6,California
Monterey,2020-12-17,87,93,87,93,0,0,0,0,87,93,0,0,87,93,California
Monterey,2020-12-18,488,581,488,581,0,0,0,0,488,581,0,0,488,581,California
Monterey,2020-12-19,582,1163,581,1162,1,1,0,0,581,1162,0,0,581,1162,California
Monterey,2020-12-20,421,1584,420,1582,1,2,0,0,421,1583,0,0,421,1583,California
Monterey,2020-12-21,724,2308,724,2306,0,2,0,0,724,2307,0,0,724,2307,California
Monterey,2020-12-22,536,2844,523,2829,13,15,0,0,536,2843,0,0,536,2843,California
Monterey,2020-12-23,442,3286,266,3095,176,191,0,0,442,3285,0,0,442,3285,California
Monterey,2020-12-24,84,3370,10,3105,74,265,0,0,84,3369,0,0,84,3369,California
Monterey,2020-12-25,6,3376,0,3105,6,271,0,0,6,3375,0,0,6,3375,California
Monterey,2020-12-26,92,3468,5,3110,87,358,0,0,92,3467,0,0,92,3467,California
Monterey,2020-12-27,6,3474,3,3113,3,361,0,0,6,3473,0,0,6,3473,California
Monterey,2020-12-28,477,3951,25,3138,452,813,0,0,477,3950,0,0,477,3950,California
Monterey,2020-12-29,901,4852,168,3306,733,1546,0,0,901,4851,0,0,901,4851,California
Monterey,2020-12-30,567,5419,98,3404,469,2015,0,0,567,5418,0,0,567,5418,California
Monterey,2020-12-31,33,5452,11,3415,22,2037,0,0,33,5451,0,0,33,5451,California
Monterey,2021-01-01,13,5465,3,3418,10,2047,0,0,13,5464,0,0,13,5464,California
Monterey,2021-01-02,137,5602,134,3552,3,2050,0,0,137,5601,0,0,137,5601,California
Monterey,2021-01-03,30,5632,29,3581,1,2051,0,0,30,5631,0,0,30,5631,California
Monterey,2021-01-04,412,6044,19,3600,393,2444,0,0,412,6043,0,0,412,6043,California
Monterey,2021-01-05,758,6802,330,3930,428,2872,0,0,744,6773,14,14,744,6787,California
Monterey,2021-01-06,662,7464,175,4105,487,3359,0,0,638,7387,24,38,638,7425,California
Monterey,2021-01-07,753,8217,577,4682,176,3535,0,0,425,7486,326,364,425,7850,California
Monterey,2021-01-08,1093,9310,739,5421,354,3889,0,0,394,7181,699,1063,394,8244,California
Monterey,2021-01-09,963,10273,933,6354,30,3919,0,0,311,6842,650,1713,311,8555,California
Monterey,2021-01-10,272,10545,270,6624,2,3921,0,0,8,6586,264,1977,8,8563,California
Monterey,2021-01-11,1068,11613,986,7610,82,4003,0,0,365,6248,703,2680,365,8928,California
Monterey,2021-01-12,474,12087,395,8005,79,4082,0,0,210,6194,264,2944,210,9138,California
Monterey,2021-01-13,1222,13309,595,8600,627,4709,0,0,1176,7324,46,2990,1176,10314,California
Monterey,2021-01-14,1200,14509,244,8844,956,5665,0,0,1180,8488,20,3010,1184,11498,California
Monterey,2021-01-15,1057,15566,46,8890,1011,6676,0,0,1045,9521,12,3022,1045,12543,California
Monterey,2021-01-16,365,15931,300,9190,65,6741,0,0,360,9876,5,3027,360,12903,California
Monterey,2021-01-17,313,16244,293,9483,20,6761,0,0,301,10165,12,3039,301,13204,California
Monterey,2021-01-18,399,16643,49,9532,350,7111,0,0,377,10520,22,3061,377,13581,California
Monterey,2021-01-19,584,17227,399,9931,185,7296,0,0,421,10780,161,3222,421,14002,California
Monterey,2021-01-20,543,17770,270,10201,273,7569,0,0,334,10905,209,3431,334,14336,California
Monterey,2021-01-21,871,18641,115,10316,756,8325,0,0,759,11556,112,3543,763,15099,California
Monterey,2021-01-22,1071,19712,200,10516,871,9196,0,0,1030,12545,41,3584,1030,16129,California
Monterey,2021-01-23,244,19956,175,10691,69,9265,0,0,120,12544,123,3707,122,16251,California
Monterey,2021-01-24,61,20017,38,10729,23,9288,0,0,27,12537,34,3741,27,16278,California
Monterey,2021-01-25,802,20819,176,10905,626,9914,0,0,176,12094,619,4360,176,16454,California
Monterey,2021-01-26,955,21774,234,11139,721,10635,0,0,253,11645,702,5062,253,16707,California
Monterey,2021-01-27,855,22629,299,11438,556,11191,0,0,373,11536,482,5544,373,17080,California
Monterey,2021-01-28,2031,24660,741,12179,1290,12481,0,0,1688,12883,343,5887,1690,18770,California
Monterey,2021-01-29,1283,25943,715,12894,568,13049,0,0,1165,13932,117,6004,1166,19936,California
Monterey,2021-01-30,465,26408,295,13189,170,13219,0,0,209,13885,256,6260,209,20145,California
Monterey,2021-01-31,496,26904,74,13263,422,13641,0,0,485,14360,11,6271,486,20631,California
Monterey,2021-02-01,1641,28545,1126,14389,515,14156,0,0,1073,14866,567,6838,1073,21704,California
Monterey,2021-02-02,2188,30733,477,14866,1711,15867,0,0,1575,15829,612,7450,1575,23279,California
Monterey,2021-02-03,2345,33078,1053,15919,1292,17159,0,0,1564,16616,777,8227,1564,24843,California
Monterey,2021-02-04,2818,35896,2102,18021,716,17875,0,0,2464,18731,349,8576,2464,27307,California
Monterey,2021-02-05,3675,39571,2828,20849,847,18722,0,0,3233,21527,437,9013,3233,30540,California
Monterey,2021-02-06,1101,40672,379,21228,722,19444,0,0,756,21941,342,9355,756,31296,California
Monterey,2021-02-07,317,40989,272,21500,45,19489,0,0,96,21816,221,9576,96,31392,California
Monterey,2021-02-08,520,41509,291,21791,229,19718,0,0,421,22138,99,9675,421,31813,California
Monterey,2021-02-09,880,42389,684,22475,196,19914,0,0,568,22396,312,9987,570,32383,California
Monterey,2021-02-10,2095,44484,1106,23581,989,20903,0,0,1236,22775,859,10846,1238,33621,California
Monterey,2021-02-11,2522,47006,977,24558,1545,22448,0,0,1537,23331,983,11829,1539,35160,California
Monterey,2021-02-12,2626,49632,447,25005,2179,24627,0,0,1524,23755,1101,12930,1525,36685,California
Monterey,2021-02-13,1079,50711,50,25055,1029,25656,0,0,989,24655,89,13019,989,37674,California
Monterey,2021-02-14,598,51309,74,25129,524,26180,0,0,525,25107,73,13092,525,38199,California
Monterey,2021-02-15,1387,52696,167,25296,1220,27400,0,0,979,25681,406,13498,980,39179,California
Monterey,2021-02-16,1098,53794,248,25544,850,28250,0,0,871,26325,227,13725,871,40050,California
Monterey,2021-02-17,1973,55767,1180,26724,793,29043,0,0,1657,27669,315,14040,1659,41709,California
Monterey,2021-02-18,2244,58011,1180,27904,1064,30107,0,0,911,27263,1319,15359,913,42622,California
Monterey,2021-02-19,2961,60972,1544,29448,1417,31524,0,0,1349,27004,1610,16969,1351,43973,California
Monterey,2021-02-20,1040,62012,627,30075,413,31937,0,0,977,27920,62,17031,978,44951,California
Monterey,2021-02-21,1330,63342,1299,31374,31,31968,0,0,1251,29097,75,17106,1252,46203,California
Monterey,2021-02-22,1061,64403,907,32281,154,32122,0,0,682,29403,376,17482,682,46885,California
Monterey,2021-02-23,1021,65424,650,32931,371,32493,0,0,329,29042,691,18173,330,47215,California
Monterey,2021-02-24,2548,67972,1321,34252,1227,33720,0,0,1917,30334,626,18799,1918,49133,California
Monterey,2021-02-25,4419,72391,2421,36673,1998,35718,0,0,1475,28875,2936,21735,1477,50610,California
Monterey,2021-02-26,5304,77695,3087,39760,2217,37935,0,0,2632,28839,2669,24404,2633,53243,California
Monterey,2021-02-27,1026,78721,187,39947,839,38774,0,0,816,29450,205,24609,816,54059,California
Monterey,2021-02-28,1536,80257,86,40033,1449,40223,1,1,1067,30055,463,25072,1068,55127,California
Monterey,2021-03-01,1295,81552,143,40176,1149,41372,3,4,752,30274,536,25608,755,55882,California
Monterey,2021-03-02,2816,84368,1733,41909,1083,42455,0,4,1954,31370,858,26466,1954,57836,California
Monterey,2021-03-03,3221,87589,1246,43155,1975,44430,0,4,1283,30720,1934,28400,1284,59120,California
Monterey,2021-03-04,4575,92164,1476,44631,3099,47529,0,4,2943,32039,1626,30026,2945,62065,California
Monterey,2021-03-05,3676,95840,1620,46251,1776,49305,280,284,3002,34648,673,30699,3282,65347,California
Monterey,2021-03-06,5065,100905,1069,47320,3692,52997,304,588,4159,38206,903,31602,4461,69808,California
Monterey,2021-03-07,522,101427,107,47427,169,53166,246,834,234,38395,287,31889,476,70284,California
Monterey,2021-03-08,1674,103101,329,47756,957,54123,388,1222,1128,39362,546,32435,1513,71797,California
Monterey,2021-03-09,1992,105093,699,48455,1018,55141,275,1497,1488,40619,503,32938,1760,73557,California
Monterey,2021-03-10,3189,108282,1034,49489,1668,56809,487,1984,1471,40863,1711,34649,1955,75512,California
Monterey,2021-03-11,4167,112449,1412,50901,2380,59189,375,2359,2392,41864,1766,36415,2767,78279,California
Monterey,2021-03-12,4427,116876,2047,52948,2245,61434,135,2494,2729,43032,1695,38110,2863,81142,California
Monterey,2021-03-13,5311,122187,962,53910,4002,65436,347,2841,3981,46032,1328,39438,4328,85470,California
Monterey,2021-03-14,2157,124344,1326,55236,806,66242,25,2866,514,44945,1626,41064,539,86009,California
Monterey,2021-03-15,3994,128338,1275,56511,2416,68658,303,3169,2253,45766,1736,42800,2557,88566,California
Monterey,2021-03-16,3548,131886,593,57104,2564,71222,391,3560,2118,46844,1427,44227,2505,91071,California
Monterey,2021-03-17,5825,137711,2367,59471,3200,74422,258,3818,4202,49695,1614,45841,4465,95536,California
Monterey,2021-03-18,4465,142176,2167,61638,2129,76551,169,3987,3103,51647,1357,47198,3309,98845,California
Monterey,2021-03-19,5511,147687,2578,64216,2787,79338,146,4133,4222,54730,1284,48482,4367,103212,California
Monterey,2021-03-20,3372,151059,425,64641,2254,81592,693,4826,2282,56619,1086,49568,2975,106187,California
Monterey,2021-03-21,641,151700,214,64855,418,82010,9,4835,569,57126,70,49638,577,106764,California
Monterey,2021-03-22,2504,154204,1444,66299,997,83007,63,4898,2284,59254,217,49855,2345,109109,California
Monterey,2021-03-23,4028,158232,2361,68660,1624,84631,43,4941,2548,60370,1475,51330,2591,111700,California
Monterey,2021-03-24,5130,163362,2124,70784,2687,87318,319,5260,3738,63038,1385,52715,4053,115753,California
Monterey,2021-03-25,5334,168696,1229,72013,3746,91064,359,5619,2691,63455,2634,55349,3051,118804,California
Monterey,2021-03-26,5459,174155,2613,74626,2760,93824,86,5705,2760,63615,2688,58037,2848,121652,California
Monterey,2021-03-27,4856,179011,1451,76077,3150,96974,255,5960,3128,65275,1725,59762,3385,125037,California
Monterey,2021-03-28,1127,180138,346,76423,772,97746,9,5969,632,65429,487,60249,641,125678,California
Monterey,2021-03-29,3232,183370,1418,77841,1800,99546,14,5983,2006,66236,1218,61467,2025,127703,California
Monterey,2021-03-30,4522,187892,2141,79982,2335,101881,46,6029,2776,67326,1735,63202,2825,130528,California
Monterey,2021-03-31,5313,193205,2299,82281,2216,104097,798,6827,3321,69448,1987,65189,4109,134637,California
Monterey,2021-04-01,6152,199357,2065,84346,3675,107772,412,7239,3115,69948,3021,68210,3521,138158,California
Monterey,2021-04-02,4706,204063,2187,86533,2455,110227,64,7303,3164,71638,1540,69750,3230,141388,California
Monterey,2021-04-03,5945,210008,1119,87652,3780,114007,1046,8349,1234,69208,4702,74452,2272,143660,California
Monterey,2021-04-04,769,210777,157,87809,597,114604,15,8364,497,69450,272,74724,514,144174,California
Monterey,2021-04-05,4041,214818,2497,90306,1308,115912,236,8600,1507,68662,2529,77253,1741,145915,California
Monterey,2021-04-06,3454,218272,1356,91662,1625,117537,473,9073,1188,68057,2262,79515,1657,147572,California
Monterey,2021-04-07,5652,223924,1392,93054,3741,121278,519,9592,2708,68346,2933,82448,3222,150794,California
Monterey,2021-04-08,6696,230620,3515,96569,2370,123648,811,10403,3305,69077,3386,85834,4117,154911,California
Monterey,2021-04-09,5773,236393,3437,100006,1695,125343,641,11044,2295,68534,3475,89309,2932,157843,California
Monterey,2021-04-10,10301,246694,4963,104969,3129,128472,2209,13253,5000,70448,5288,94597,7202,165045,California
Monterey,2021-04-11,5516,252210,4338,109307,571,129043,607,13860,4466,74471,1044,95641,5067,170112,California
Monterey,2021-04-12,4157,256367,1883,111190,1958,131001,316,14176,963,72694,3055,98696,1278,171390,California
Monterey,2021-04-13,3227,259594,742,111932,2479,133480,6,14182,1551,72595,1658,100354,1559,172949,California
Monterey,2021-04-14,6855,266449,3189,115121,3663,137143,3,14185,1865,69498,4966,105320,1869,174818,California
Monterey,2021-04-15,5922,272371,3911,119032,2011,139154,0,14185,3886,71380,2005,107325,3887,178705,California
Monterey,2021-04-16,4789,277160,2334,121366,2442,141596,13,14198,2141,70903,2632,109957,2155,180860,California
Monterey,2021-04-17,5860,283020,1400,122766,4460,146056,0,14198,3799,72658,2045,112002,3800,184660,California
Monterey,2021-04-18,885,283905,292,123058,593,146649,0,14198,258,72293,623,112625,258,184918,California
Monterey,2021-04-19,3622,287527,1159,124217,2463,149112,0,14198,1648,71981,1960,114585,1648,186566,California
Monterey,2021-04-20,3848,291375,1548,125765,2300,151412,0,14198,1528,71214,2296,116881,1529,188095,California
Monterey,2021-04-21,6193,297568,3374,129139,2819,154231,0,14198,2959,70981,3194,120075,2961,191056,California
Monterey,2021-04-22,4899,302467,1070,130209,3829,158060,0,14198,1999,70124,2856,122931,1999,193055,California
Monterey,2021-04-23,5752,308219,2713,132922,3038,161098,1,14199,2267,68933,3464,126395,2273,195328,California
Monterey,2021-04-24,4290,312509,582,133504,3708,164806,0,14199,1547,67754,2726,129121,1547,196875,California
Monterey,2021-04-25,1247,313756,608,134112,639,165445,0,14199,788,68093,449,129570,788,197663,California
Monterey,2021-04-26,3786,317542,2244,136356,1525,166970,17,14216,983,66316,2777,132347,1000,198663,California
Monterey,2021-04-27,2884,320426,945,137301,1799,168769,140,14356,1222,66019,1658,134005,1361,200024,California
Monterey,2021-04-28,3665,324091,1401,138702,2111,170880,153,14509,2254,67024,1396,135401,2401,202425,California
Monterey,2021-04-29,4552,328643,2438,141140,2038,172918,76,14585,1667,65897,2871,138272,1744,204169,California
Monterey,2021-04-30,3244,331887,1685,142825,1484,174402,75,14660,832,64399,2403,140675,905,205074,California
Monterey,2021-05-01,5644,337531,4238,147063,1366,175768,40,14700,686,60186,4937,145612,724,205798,California
Monterey,2021-05-02,4351,341882,3924,150987,400,176168,27,14727,302,56480,4035,149647,329,206127,California
Monterey,2021-05-03,2546,344428,1567,152554,865,177033,114,14841,583,55224,1953,151600,697,206824,California
Monterey,2021-05-04,1826,346254,627,153181,1109,178142,90,14931,660,54823,1152,152752,751,207575,California
Monterey,2021-05-05,3382,349636,1243,154424,2054,180196,85,15016,1073,53684,2298,155050,1159,208734,California
Monterey,2021-05-06,4219,353855,2781,157205,1221,181417,217,15233,1123,51942,3081,158131,1339,210073,California
Monterey,2021-05-07,1970,355825,954,158159,918,182335,98,15331,704,51486,1257,159388,801,210874,California
Monterey,2021-05-08,2717,358542,1483,159642,911,183246,323,15654,964,51031,1741,161129,1286,212160,California
Monterey,2021-05-09,392,358934,113,159755,252,183498,27,15681,127,50921,264,161393,154,212314,California
Monterey,2021-05-10,2827,361761,2081,161836,699,184197,47,15728,527,49209,2288,163681,576,212890,California
Monterey,2021-05-11,1864,363625,952,162788,834,185031,78,15806,759,48955,1092,164773,838,213728,California
Monterey,2021-05-12,3929,367554,2075,164863,1771,186802,83,15889,876,46876,3039,167812,960,214688,California
Monterey,2021-05-13,2683,370237,1604,166467,1025,187827,54,15943,1536,47328,1136,168948,1588,216276,California
Monterey,2021-05-14,1872,372109,582,167049,1190,189017,100,16043,738,47042,1124,170072,838,217114,California
Monterey,2021-05-15,3389,375498,827,167876,2296,191313,266,16309,954,45836,2422,172494,1216,218330,California
Monterey,2021-05-16,983,376481,631,168507,281,191594,71,16380,283,45495,694,173188,353,218683,California
Monterey,2021-05-17,2245,378726,1341,169848,827,192421,77,16457,1069,45478,1163,174351,1146,219829,California
Monterey,2021-05-18,1758,380484,692,170540,1022,193443,44,16501,813,45401,936,175287,859,220688,California
Monterey,2021-05-19,3633,384117,2356,172896,1187,194630,90,16591,1938,45742,1689,176976,2030,222718,California
Monterey,2021-05-20,2785,386902,983,173879,1693,196323,109,16700,936,44955,1835,178811,1048,223766,California
Monterey,2021-05-21,3281,390183,1324,175203,1864,198187,93,16793,1010,43800,2257,181068,1102,224868,California
Monterey,2021-05-22,2133,392316,734,175937,1119,199306,280,17073,808,43572,1314,182382,1086,225954,California
Monterey,2021-05-23,874,393190,517,176454,341,199647,16,17089,501,43722,367,182749,517,226471,California
Monterey,2021-05-24,1739,394929,562,177016,1115,200762,62,17151,578,43207,1156,183905,641,227112,California
Monterey,2021-05-25,1434,396363,548,177564,816,201578,70,17221,567,42992,852,184757,637,227749,California
Monterey,2021-05-26,2677,399040,1031,178595,1589,203167,57,17278,1014,42416,1647,186404,1071,228820,California
Monterey,2021-05-27,2493,401533,1366,179961,1070,204237,57,17335,895,41787,1582,187986,953,229773,California
Monterey,2021-05-28,1744,403277,581,180542,1103,205340,60,17395,753,41621,980,188966,814,230587,California
Monterey,2021-05-29,990,404267,636,181178,321,205661,33,17428,403,41477,581,189547,437,231024,California
Monterey,2021-05-30,380,404647,164,181342,202,205863,14,17442,142,41396,237,189784,156,231180,California
Monterey,2021-05-31,186,404833,34,181376,143,206006,9,17451,52,41324,133,189917,61,231241,California
Monterey,2021-06-01,1722,406555,924,182300,666,206672,132,17583,530,40809,1173,191090,658,231899,California
Monterey,2021-06-02,1690,408245,978,183278,663,207335,49,17632,701,40575,984,192074,750,232649,California
Monterey,2021-06-03,2224,410469,1418,184696,771,208106,35,17667,518,39431,1696,193770,552,233201,California
Monterey,2021-06-04,1334,411803,688,185384,612,208718,34,17701,531,39201,795,194565,565,233766,California
Monterey,2021-06-05,2179,413982,857,186241,702,209420,620,18321,476,38601,1688,196253,1088,234854,California
Monterey,2021-06-06,494,414476,406,186647,79,209499,9,18330,252,38620,241,196494,260,235114,California
Monterey,2021-06-07,943,415419,488,187135,408,209907,47,18377,363,38458,570,197064,408,235522,California
Monterey,2021-06-08,1181,416600,740,187875,417,210324,24,18401,418,38147,752,197816,441,235963,California
Monterey,2021-06-09,2919,419519,2191,190066,602,210926,126,18527,641,36640,2274,200090,767,236730,California
Monterey,2021-06-10,1530,421049,940,191006,529,211455,61,18588,544,36264,979,201069,603,237333,California
Monterey,2021-06-11,1405,422454,766,191772,563,212018,76,18664,511,35962,887,201956,585,237918,California
Monterey,2021-06-12,750,423204,512,192284,223,212241,15,18679,352,35933,396,202352,367,238285,California
Monterey,2021-06-13,597,423801,463,192747,121,212362,13,18692,118,35588,475,202827,130,238415,California
Monterey,2021-06-14,1404,425205,1009,193756,361,212723,34,18726,367,34959,1030,203857,401,238816,California
Monterey,2021-06-15,1171,426376,597,194353,451,213174,123,18849,410,34740,752,204609,533,239349,California
Monterey,2021-06-16,1592,427968,1112,195465,447,213621,33,18882,408,34005,1176,205785,441,239790,California
Monterey,2021-06-17,1185,429153,689,196154,342,213963,154,19036,430,33837,751,206536,583,240373,California
Monterey,2021-06-18,1211,430364,731,196885,451,214414,29,19065,539,33739,666,207202,568,240941,California
Monterey,2021-06-19,1307,431671,1010,197895,266,214680,31,19096,491,33453,808,208010,522,241463,California
Monterey,2021-06-20,236,431907,158,198053,70,214750,8,19104,81,33388,155,208165,90,241553,California
Monterey,2021-06-21,678,432585,371,198424,272,215022,35,19139,387,33523,286,208451,421,241974,California
Monterey,2021-06-22,1527,434112,984,199408,354,215376,189,19328,503,33199,1011,209462,687,242661,California
Monterey,2021-06-23,1080,435192,722,200130,324,215700,34,19362,439,33039,632,210094,472,243133,California
Monterey,2021-06-24,867,436059,519,200649,326,216026,22,19384,418,33034,445,210539,440,243573,California
Monterey,2021-06-25,997,437056,614,201263,367,216393,16,19400,471,32999,521,211060,486,244059,California
Monterey,2021-06-26,610,437666,444,201707,154,216547,12,19412,336,33074,271,211331,346,244405,California
Monterey,2021-06-27,352,438018,272,201979,66,216613,14,19426,99,32935,252,211583,113,244518,California
Monterey,2021-06-28,575,438593,373,202352,171,216784,31,19457,252,32900,318,211901,283,244801,California
Monterey,2021-06-29,857,439450,528,202880,245,217029,84,19541,339,32809,513,212414,422,245223,California
Monterey,2021-06-30,1033,440483,700,203580,313,217342,20,19561,419,32640,608,213022,439,245662,California
Monterey,2021-07-01,759,441242,521,204101,216,217558,22,19583,347,32600,408,213430,368,246030,California
Monterey,2021-07-02,877,442119,487,204588,355,217913,35,19618,469,32703,401,213831,504,246534,California
Monterey,2021-07-03,421,442540,325,204913,95,218008,1,19619,180,32645,239,214070,181,246715,California
Napa,2020-12-16,12,12,12,12,0,0,0,0,12,12,0,0,12,12,California
Napa,2020-12-17,46,58,46,58,0,0,0,0,46,58,0,0,46,58,California
Napa,2020-12-18,106,164,106,164,0,0,0,0,106,164,0,0,106,164,California
Napa,2020-12-19,222,386,222,386,0,0,0,0,222,386,0,0,222,386,California
Napa,2020-12-20,190,576,190,576,0,0,0,0,190,576,0,0,190,576,California
Napa,2020-12-21,314,890,314,890,0,0,0,0,315,891,0,0,315,891,California
Napa,2020-12-22,338,1228,329,1219,9,9,0,0,338,1229,0,0,338,1229,California
Napa,2020-12-23,436,1664,324,1543,112,121,0,0,436,1665,0,0,436,1665,California
Napa,2020-12-24,139,1803,77,1620,62,183,0,0,139,1804,0,0,139,1804,California
Napa,2020-12-25,1,1804,1,1621,0,183,0,0,1,1805,0,0,1,1805,California
Napa,2020-12-26,40,1844,11,1632,29,212,0,0,40,1845,0,0,40,1845,California
Napa,2020-12-27,32,1876,16,1648,16,228,0,0,32,1877,0,0,32,1877,California
Napa,2020-12-28,252,2128,184,1832,68,296,0,0,279,2156,0,0,279,2156,California
Napa,2020-12-29,274,2402,215,2047,59,355,0,0,307,2463,0,0,307,2463,California
Napa,2020-12-30,634,3036,486,2533,148,503,0,0,642,3105,0,0,642,3105,California
Napa,2020-12-31,462,3498,373,2906,89,592,0,0,462,3567,0,0,462,3567,California
Napa,2021-01-01,1,3499,1,2907,0,592,0,0,1,3568,0,0,1,3568,California
Napa,2021-01-02,95,3594,90,2997,5,597,0,0,95,3663,0,0,95,3663,California
Napa,2021-01-03,14,3608,12,3009,2,599,0,0,9,3672,0,0,9,3672,California
Napa,2021-01-04,105,3713,62,3071,43,642,0,0,105,3777,0,0,105,3777,California
Napa,2021-01-05,163,3876,86,3157,77,719,0,0,146,3899,24,24,146,3923,California
Napa,2021-01-06,466,4342,118,3275,348,1067,0,0,400,4235,64,88,400,4323,California
Napa,2021-01-07,498,4840,236,3511,262,1329,0,0,394,4526,103,191,394,4717,California
Napa,2021-01-08,442,5282,228,3739,214,1543,0,0,258,4601,183,374,258,4975,California
Napa,2021-01-09,328,5610,303,4042,25,1568,0,0,190,4653,138,512,190,5165,California
Napa,2021-01-10,185,5795,102,4144,83,1651,0,0,108,4684,77,589,108,5273,California
Napa,2021-01-11,870,6665,420,4564,450,2101,0,0,500,4815,371,960,502,5775,California
Napa,2021-01-12,1329,7994,381,4945,948,3049,0,0,1005,5496,324,1284,1005,6780,California
Napa,2021-01-13,1319,9313,269,5214,1050,4099,0,0,1155,6489,163,1447,1156,7936,California
Napa,2021-01-14,1055,10368,169,5383,886,4985,0,0,938,7312,115,1562,938,8874,California
Napa,2021-01-15,1471,11839,385,5768,1086,6071,0,0,1324,8482,155,1717,1325,10199,California
Napa,2021-01-16,361,12200,132,5900,229,6300,0,0,343,8807,18,1735,343,10542,California
Napa,2021-01-17,344,12544,179,6079,165,6465,0,0,334,9131,10,1745,334,10876,California
Napa,2021-01-18,1092,13636,197,6276,895,7360,0,0,1001,10041,91,1836,1001,11877,California
Napa,2021-01-19,1006,14642,403,6679,603,7963,0,0,766,10568,239,2075,766,12643,California
Napa,2021-01-20,837,15479,189,6868,648,8611,0,0,649,11032,186,2261,650,13293,California
Napa,2021-01-21,1573,17052,610,7478,963,9574,0,0,1119,11699,453,2714,1120,14413,California
Napa,2021-01-22,1580,18632,436,7914,1144,10718,0,0,1235,12591,344,3058,1236,15649,California
Napa,2021-01-23,397,19029,317,8231,80,10798,0,0,337,12868,60,3118,337,15986,California
Napa,2021-01-24,267,19296,189,8420,78,10876,0,0,209,13019,58,3176,209,16195,California
Napa,2021-01-25,1524,20820,230,8650,1294,12170,0,0,1435,14365,89,3265,1435,17630,California
Napa,2021-01-26,880,21700,284,8934,596,12766,0,0,785,15056,95,3360,786,18416,California
Napa,2021-01-27,632,22332,222,9156,410,13176,0,0,469,15362,164,3524,470,18886,California
Napa,2021-01-28,390,22722,175,9331,215,13391,0,0,197,15368,191,3715,197,19083,California
Napa,2021-01-29,263,22985,66,9397,197,13588,0,0,166,15437,97,3812,166,19249,California
Napa,2021-01-30,821,23806,709,10106,112,13700,0,0,652,15920,169,3981,652,19901,California
Napa,2021-01-31,693,24499,661,10767,32,13732,0,0,669,16565,24,4005,669,20570,California
Napa,2021-02-01,323,24822,113,10880,210,13942,0,0,165,16572,158,4163,165,20735,California
Napa,2021-02-02,616,25438,283,11163,333,14275,0,0,304,16567,309,4472,304,21039,California
Napa,2021-02-03,753,26191,314,11477,439,14714,0,0,435,16685,317,4789,435,21474,California
Napa,2021-02-04,791,26982,373,11850,418,15132,0,0,443,16782,346,5135,443,21917,California
Napa,2021-02-05,714,27696,312,12162,402,15534,0,0,343,16754,371,5506,343,22260,California
Napa,2021-02-06,439,28135,146,12308,293,15827,0,0,333,16982,105,5611,333,22593,California
Napa,2021-02-07,180,28315,167,12475,13,15840,0,0,72,16946,108,5719,72,22665,California
Napa,2021-02-08,839,29154,193,12668,646,16486,0,0,278,16665,559,6278,278,22943,California
Napa,2021-02-09,1090,30244,450,13118,640,17126,0,0,445,16466,644,6922,445,23388,California
Napa,2021-02-10,1741,31985,196,13314,1545,18671,0,0,455,15639,1283,8205,456,23844,California
Napa,2021-02-11,1508,33493,198,13512,1310,19981,0,0,408,14960,1087,9292,408,24252,California
Napa,2021-02-12,2199,35692,867,14379,1332,21313,0,0,697,14160,1497,10789,697,24949,California
Napa,2021-02-13,514,36206,56,14435,458,21771,0,0,320,14286,194,10983,320,25269,California
Napa,2021-02-14,354,36560,88,14523,266,22037,0,0,191,14314,163,11146,191,25460,California
Napa,2021-02-15,886,37446,185,14708,701,22738,0,0,225,13880,659,11805,225,25685,California
Napa,2021-02-16,1298,38744,602,15310,696,23434,0,0,619,13823,676,12481,619,26304,California
Napa,2021-02-17,1066,39810,536,15846,530,23964,0,0,486,13732,578,13059,487,26791,California
Napa,2021-02-18,1944,41754,496,16342,1448,25412,0,0,675,13141,1266,14325,675,27466,California
Napa,2021-02-19,1517,43271,598,16940,919,26331,0,0,683,12992,832,15157,683,28149,California
Napa,2021-02-20,876,44147,638,17578,238,26569,0,0,284,12684,592,15749,284,28433,California
Napa,2021-02-21,894,45041,826,18404,68,26637,0,0,198,12186,696,16445,198,28631,California
Napa,2021-02-22,486,45527,203,18607,283,26920,0,0,149,11998,337,16782,149,28780,California
Napa,2021-02-23,1166,46693,318,18925,848,27768,0,0,330,11492,836,17618,330,29110,California
Napa,2021-02-24,1213,47906,681,19606,532,28300,0,0,616,11513,595,18213,616,29726,California
Napa,2021-02-25,2601,50507,1256,20862,1345,29645,0,0,1879,12672,720,18933,1879,31605,California
Napa,2021-02-26,1553,52060,552,21414,1001,30646,0,0,620,12361,931,19864,620,32225,California
Napa,2021-02-27,1189,53249,425,21839,764,31410,0,0,931,13036,256,20120,931,33156,California
Napa,2021-02-28,727,53976,607,22446,120,31530,0,0,610,13531,115,20235,610,33766,California
Napa,2021-03-01,1173,55149,881,23327,292,31822,0,0,895,14150,276,20511,895,34661,California
Napa,2021-03-02,1506,56655,1050,24377,456,32278,0,0,1160,14965,345,20856,1160,35821,California
Napa,2021-03-03,1572,58227,696,25073,876,33154,0,0,1381,16156,190,21046,1381,37202,California
Napa,2021-03-04,1723,59950,792,25865,931,34085,0,0,1479,17394,241,21287,1479,38681,California
Napa,2021-03-05,1912,61862,792,26657,1116,35201,4,4,1484,18457,425,21712,1488,40169,California
Napa,2021-03-06,657,62519,289,26946,337,35538,31,35,544,18921,111,21823,575,40744,California
Napa,2021-03-07,533,63052,322,27268,196,35734,15,50,382,19168,150,21973,397,41141,California
Napa,2021-03-08,716,63768,337,27605,326,36060,53,103,539,19585,174,22147,591,41732,California
Napa,2021-03-09,1691,65459,610,28215,1035,37095,46,149,1248,20440,439,22586,1294,43026,California
Napa,2021-03-10,1502,66961,927,29142,481,37576,94,243,800,20633,698,23284,891,43917,California
Napa,2021-03-11,1891,68852,1069,30211,690,38266,132,375,988,20848,902,24186,1117,45034,California
Napa,2021-03-12,1520,70372,925,31136,499,38765,96,471,813,21051,704,24890,907,45941,California
Napa,2021-03-13,1181,71553,310,31446,846,39611,25,496,835,21567,344,25234,860,46801,California
Napa,2021-03-14,622,72175,337,31783,134,39745,151,647,206,21508,415,25649,356,47157,California
Napa,2021-03-15,963,73138,414,32197,479,40224,70,717,483,21582,478,26127,552,47709,California
Napa,2021-03-16,1857,74995,394,32591,1336,41560,127,844,1381,22619,472,26599,1509,49218,California
Napa,2021-03-17,2534,77529,1862,34453,493,42053,179,1023,1588,23441,945,27544,1767,50985,California
Napa,2021-03-18,2151,79680,957,35410,1183,43236,11,1034,1285,23876,861,28405,1296,52281,California
Napa,2021-03-19,1460,81140,889,36299,544,43780,27,1061,694,23834,763,29168,721,53002,California
Napa,2021-03-20,1014,82154,531,36830,330,44110,153,1214,390,23754,623,29791,543,53545,California
Napa,2021-03-21,726,82880,701,37531,22,44132,3,1217,232,23497,492,30283,235,53780,California
Napa,2021-03-22,1302,84182,1122,38653,168,44300,12,1229,438,23088,859,31142,450,54230,California
Napa,2021-03-23,1898,86080,1201,39854,680,44980,17,1246,1008,23227,886,32028,1025,55255,California
Napa,2021-03-24,1712,87792,947,40801,756,45736,9,1255,816,23156,895,32923,824,56079,California
Napa,2021-03-25,1938,89730,1059,41860,825,46561,54,1309,774,22826,1158,34081,828,56907,California
Napa,2021-03-26,1313,91043,839,42699,468,47029,6,1315,588,22701,719,34800,594,57501,California
Napa,2021-03-27,954,91997,435,43134,492,47521,27,1342,296,22366,658,35458,323,57824,California
Napa,2021-03-28,492,92489,382,43516,103,47624,7,1349,180,22243,310,35768,187,58011,California
Napa,2021-03-29,1203,93692,877,44393,321,47945,5,1354,731,22509,470,36238,736,58747,California
Napa,2021-03-30,2801,96493,935,45328,1861,49806,5,1359,1980,23672,822,37060,1985,60732,California
Napa,2021-03-31,1976,98469,964,46292,943,50749,69,1428,800,23366,1173,38233,867,61599,California
Napa,2021-04-01,1760,100229,847,47139,795,51544,118,1546,479,22687,1274,39507,595,62194,California
Napa,2021-04-02,1871,102100,844,47983,885,52429,142,1688,473,21906,1395,40902,614,62808,California
Napa,2021-04-03,638,102738,372,48355,208,52637,58,1746,213,21752,424,41326,270,63078,California
Napa,2021-04-04,360,103098,146,48501,155,52792,59,1805,124,21700,235,41561,183,63261,California
Napa,2021-04-05,1277,104375,759,49260,299,53091,219,2024,572,21789,702,42263,791,64052,California
Napa,2021-04-06,2270,106645,567,49827,1442,54533,261,2285,528,20837,1739,44002,787,64839,California
Napa,2021-04-07,1753,108398,708,50535,823,55356,222,2507,530,20370,1217,45219,750,65589,California
Napa,2021-04-08,1873,110271,1073,51608,423,55779,377,2884,963,20805,904,46123,1339,66928,California
Napa,2021-04-09,1550,111821,927,52535,318,56097,305,3189,679,20919,869,46992,983,67911,California
Napa,2021-04-10,1052,112873,352,52887,597,56694,103,3292,245,20463,804,47796,348,68259,California
Napa,2021-04-11,386,113259,300,53187,63,56757,23,3315,157,20414,229,48025,180,68439,California
Napa,2021-04-12,796,114055,302,53489,369,57126,125,3440,292,20325,502,48527,413,68852,California
Napa,2021-04-13,2590,116645,868,54357,1722,58848,0,3440,941,19623,1643,50170,941,69793,California
Napa,2021-04-14,2161,118806,1019,55376,1142,59990,0,3440,1053,19576,1100,51270,1053,70846,California
Napa,2021-04-15,2094,120900,535,55911,1559,61549,0,3440,901,19292,1185,52455,901,71747,California
Napa,2021-04-16,3013,123913,1646,57557,1367,62916,0,3440,2280,20844,728,53183,2280,74027,California
Napa,2021-04-17,1168,125081,275,57832,893,63809,0,3440,862,21401,305,53488,862,74889,California
Napa,2021-04-18,286,125367,190,58022,96,63905,0,3440,124,21363,162,53650,124,75013,California
Napa,2021-04-19,631,125998,342,58364,289,64194,0,3440,276,21285,354,54004,276,75289,California
Napa,2021-04-20,3075,129073,2096,60460,979,65173,0,3440,2090,22393,983,54987,2091,77380,California
Napa,2021-04-21,2982,132055,2202,62662,780,65953,0,3440,1885,23188,1091,56078,1886,79266,California
Napa,2021-04-22,1834,133889,1298,63960,536,66489,0,3440,865,23088,965,57043,865,80131,California
Napa,2021-04-23,1653,135542,1270,65230,381,66870,2,3442,1164,23767,485,57528,1164,81295,California
Napa,2021-04-24,573,136115,322,65552,251,67121,0,3442,297,23791,273,57801,297,81592,California
Napa,2021-04-25,249,136364,190,65742,59,67180,0,3442,127,23797,121,57922,127,81719,California
Napa,2021-04-26,551,136915,282,66024,269,67449,0,3442,284,23819,262,58184,284,82003,California
Napa,2021-04-27,1789,138704,469,66493,1308,68757,12,3454,594,23234,1191,59375,606,82609,California
Napa,2021-04-28,1021,139725,472,66965,532,69289,17,3471,349,22930,670,60045,366,82975,California
Napa,2021-04-29,732,140457,364,67329,349,69638,19,3490,268,22759,457,60502,286,83261,California
Napa,2021-04-30,623,141080,312,67641,247,69885,64,3554,258,22717,363,60865,321,83582,California
Napa,2021-05-01,330,141410,271,67912,48,69933,11,3565,122,22642,208,61073,133,83715,California
Napa,2021-05-02,238,141648,194,68106,38,69971,6,3571,100,22611,137,61210,106,83821,California
Napa,2021-05-03,637,142285,497,68603,104,70075,36,3607,111,22237,522,61732,148,83969,California
Napa,2021-05-04,1140,143425,727,69330,301,70376,112,3719,305,21823,831,62563,417,84386,California
Napa,2021-05-05,1042,144467,705,70035,299,70675,38,3757,263,21348,776,63339,301,84687,California
Napa,2021-05-06,722,145189,320,70355,379,71054,23,3780,371,21401,342,63681,395,85082,California
Napa,2021-05-07,1597,146786,1366,71721,168,71222,63,3843,332,20554,1241,64922,394,85476,California
Napa,2021-05-08,258,147044,165,71886,82,71304,11,3854,87,20483,169,65091,98,85574,California
Napa,2021-05-09,120,147164,88,71974,32,71336,0,3854,59,20481,61,65152,59,85633,California
Napa,2021-05-10,430,147594,146,72120,265,71601,19,3873,111,20293,318,65470,130,85763,California
Napa,2021-05-11,2195,149789,1810,73930,360,71961,25,3898,386,18901,1803,67273,411,86174,California
Napa,2021-05-12,2218,152007,1388,75318,773,72734,57,3955,311,17367,1901,69174,367,86541,California
Napa,2021-05-13,1965,153972,1249,76567,676,73410,40,3995,864,17178,1094,70268,905,87446,California
Napa,2021-05-14,1967,155939,1188,77755,693,74103,86,4081,533,16371,1427,71695,620,88066,California
Napa,2021-05-15,1078,157017,366,78121,700,74803,12,4093,258,15826,816,72511,271,88337,California
Napa,2021-05-16,244,157261,164,78285,78,74881,2,4095,73,15730,171,72682,75,88412,California
Napa,2021-05-17,892,158153,347,78632,515,75396,30,4125,306,15543,524,73206,337,88749,California
Napa,2021-05-18,1083,159236,558,79190,468,75864,57,4182,516,15554,562,73768,573,89322,California
Napa,2021-05-19,976,160212,574,79764,372,76236,30,4212,507,15624,466,74234,536,89858,California
Napa,2021-05-20,660,160872,435,80199,194,76430,31,4243,380,15757,278,74512,411,90269,California
Napa,2021-05-21,528,161400,267,80466,229,76659,32,4275,219,15701,307,74819,251,90520,California
Napa,2021-05-22,463,161863,276,80742,178,76837,9,4284,192,15632,271,75090,202,90722,California
Napa,2021-05-23,401,162264,355,81097,35,76872,11,4295,296,15834,105,75195,307,91029,California
Napa,2021-05-24,385,162649,188,81285,177,77049,20,4315,154,15779,229,75424,174,91203,California
Napa,2021-05-25,429,163078,175,81460,183,77232,71,4386,144,15709,284,75708,214,91417,California
Napa,2021-05-26,560,163638,362,81822,174,77406,24,4410,320,15816,237,75945,344,91761,California
Napa,2021-05-27,398,164036,171,81993,199,77605,28,4438,151,15748,247,76192,179,91940,California
Napa,2021-05-28,406,164442,211,82204,171,77776,24,4462,169,15706,233,76425,191,92131,California
Napa,2021-05-29,128,164570,79,82283,45,77821,4,4466,74,15731,53,76478,78,92209,California
Napa,2021-05-30,97,164667,61,82344,31,77852,5,4471,28,15697,67,76545,33,92242,California
Napa,2021-05-31,51,164718,17,82361,28,77880,6,4477,9,15670,42,76587,15,92257,California
Napa,2021-06-01,605,165323,313,82674,268,78148,24,4501,261,15616,338,76925,284,92541,California
Napa,2021-06-02,412,165735,244,82918,146,78294,22,4523,190,15607,220,77145,211,92752,California
Napa,2021-06-03,754,166489,460,83378,269,78563,25,4548,128,15136,622,77767,151,92903,California
Napa,2021-06-04,784,167273,603,83981,144,78707,37,4585,145,14681,637,78404,182,93085,California
Napa,2021-06-05,312,167585,254,84235,47,78754,11,4596,73,14528,237,78641,84,93169,California
Napa,2021-06-06,145,167730,126,84361,18,78772,1,4597,44,14473,100,78741,45,93214,California
Napa,2021-06-07,396,168126,286,84647,82,78854,28,4625,93,14291,303,79044,121,93335,California
Napa,2021-06-08,623,168749,494,85141,112,78966,17,4642,275,14238,345,79389,292,93627,California
Napa,2021-06-09,556,169305,451,85592,90,79056,15,4657,97,13892,458,79847,112,93739,California
Napa,2021-06-10,511,169816,414,86006,64,79120,33,4690,107,13628,404,80251,140,93879,California
Napa,2021-06-11,412,170228,268,86274,119,79239,25,4715,117,13476,294,80545,142,94021,California
Napa,2021-06-12,204,170432,172,86446,27,79266,5,4720,41,13359,163,80708,46,94067,California
Napa,2021-06-13,290,170722,277,86723,8,79274,5,4725,29,13132,261,80969,34,94101,California
Napa,2021-06-14,484,171206,341,87064,117,79391,26,4751,92,12859,388,81357,115,94216,California
Napa,2021-06-15,377,171583,277,87341,87,79478,13,4764,185,12867,190,81547,198,94414,California
Napa,2021-06-16,261,171844,164,87505,81,79559,16,4780,84,12794,173,81720,100,94514,California
Napa,2021-06-17,391,172235,322,87827,61,79620,8,4788,71,12553,320,82040,79,94593,California
Napa,2021-06-18,267,172502,173,88000,83,79703,11,4799,90,12479,175,82215,101,94694,California
Napa,2021-06-19,110,172612,77,88077,23,79726,10,4809,47,12475,61,82276,57,94751,California
Napa,2021-06-20,54,172666,42,88119,9,79735,3,4812,19,12462,35,82311,22,94773,California
Napa,2021-06-21,158,172824,73,88192,65,79800,20,4832,75,12474,82,82393,94,94867,California
Napa,2021-06-22,375,173199,296,88488,64,79864,15,4847,109,12334,264,82657,124,94991,California
Napa,2021-06-23,340,173539,264,88752,54,79918,22,4869,109,12237,227,82884,130,95121,California
Napa,2021-06-24,167,173706,114,88866,48,79966,5,4874,71,12219,94,82978,76,95197,California
Napa,2021-06-25,244,173950,161,89027,70,80036,13,4887,119,12231,119,83097,131,95328,California
Napa,2021-06-26,92,174042,76,89103,11,80047,5,4892,45,12234,47,83144,50,95378,California
Napa,2021-06-27,70,174112,60,89163,10,80057,0,4892,33,12230,37,83181,33,95411,California
Napa,2021-06-28,189,174301,144,89307,34,80091,11,4903,82,12216,106,83287,92,95503,California
Napa,2021-06-29,405,174706,334,89641,55,80146,16,4919,113,12054,290,83577,128,95631,California
Napa,2021-06-30,178,174884,123,89764,46,80192,9,4928,79,12044,98,83675,88,95719,California
Napa,2021-07-01,166,175050,113,89877,45,80237,8,4936,75,12036,90,83765,82,95801,California
Napa,2021-07-02,167,175217,131,90008,29,80266,7,4943,68,12013,98,83863,75,95876,California
Napa,2021-07-03,48,175265,41,90049,4,80270,3,4946,28,12024,20,83883,31,95907,California
Nevada,2020-12-16,3,3,3,3,0,0,0,0,3,3,0,0,3,3,California
Nevada,2020-12-17,6,9,6,9,0,0,0,0,6,9,0,0,6,9,California
Nevada,2020-12-18,57,66,57,66,0,0,0,0,57,66,0,0,57,66,California
Nevada,2020-12-19,55,121,55,121,0,0,0,0,55,121,0,0,55,121,California
Nevada,2020-12-20,13,134,13,134,0,0,0,0,13,134,0,0,13,134,California
Nevada,2020-12-21,69,203,69,203,0,0,0,0,69,203,0,0,69,203,California
Nevada,2020-12-22,90,293,88,291,2,2,0,0,90,293,0,0,90,293,California
Nevada,2020-12-23,232,525,202,493,30,32,0,0,232,525,0,0,232,525,California
Nevada,2020-12-24,13,538,11,504,2,34,0,0,13,538,0,0,13,538,California
Nevada,2020-12-25,3,541,3,507,0,34,0,0,3,541,0,0,3,541,California
Nevada,2020-12-26,6,547,4,511,2,36,0,0,6,547,0,0,6,547,California
Nevada,2020-12-27,89,636,89,600,0,36,0,0,89,636,0,0,89,636,California
Nevada,2020-12-28,172,808,94,694,78,114,0,0,172,808,0,0,172,808,California
Nevada,2020-12-29,100,908,74,768,26,140,0,0,100,908,0,0,100,908,California
Nevada,2020-12-30,86,994,66,834,20,160,0,0,86,994,0,0,86,994,California
Nevada,2020-12-31,38,1032,8,842,30,190,0,0,38,1032,0,0,38,1032,California
Nevada,2021-01-01,3,1035,0,842,3,193,0,0,3,1035,0,0,3,1035,California
Nevada,2021-01-02,2,1037,1,843,1,194,0,0,2,1037,0,0,2,1037,California
Nevada,2021-01-03,130,1167,125,968,5,199,0,0,130,1167,0,0,130,1167,California
Nevada,2021-01-04,72,1239,47,1015,25,224,0,0,72,1239,0,0,72,1239,California
Nevada,2021-01-05,274,1513,133,1148,141,365,0,0,273,1511,1,1,273,1512,California
Nevada,2021-01-06,90,1603,42,1190,48,413,0,0,82,1585,8,9,82,1594,California
Nevada,2021-01-07,217,1820,43,1233,174,587,0,0,210,1790,6,15,211,1805,California
Nevada,2021-01-08,222,2042,129,1362,93,680,0,0,165,1899,57,72,166,1971,California
Nevada,2021-01-09,64,2106,57,1419,7,687,0,0,14,1863,50,122,14,1985,California
Nevada,2021-01-10,19,2125,10,1429,9,696,0,0,10,1864,9,131,10,1995,California
Nevada,2021-01-11,188,2313,131,1560,57,753,0,0,60,1796,128,259,60,2055,California
Nevada,2021-01-12,600,2913,453,2013,147,900,0,0,533,2262,67,326,533,2588,California
Nevada,2021-01-13,262,3175,148,2161,114,1014,0,0,128,2256,134,460,128,2716,California
Nevada,2021-01-14,239,3414,127,2288,112,1126,0,0,222,2462,16,476,222,2938,California
Nevada,2021-01-15,402,3816,174,2462,228,1354,0,0,301,2662,101,577,301,3239,California
Nevada,2021-01-16,299,4115,15,2477,284,1638,0,0,295,2953,4,581,295,3534,California
Nevada,2021-01-17,37,4152,33,2510,4,1642,0,0,35,2986,2,583,35,3569,California
Nevada,2021-01-18,151,4303,41,2551,110,1752,0,0,141,3117,10,593,141,3710,California
Nevada,2021-01-19,250,4553,90,2641,160,1912,0,0,228,3323,22,615,228,3938,California
Nevada,2021-01-20,276,4829,166,2807,110,2022,0,0,262,3571,14,629,262,4200,California
Nevada,2021-01-21,345,5174,207,3014,138,2160,0,0,332,3890,13,642,332,4532,California
Nevada,2021-01-22,379,5553,237,3251,142,2302,0,0,349,4209,30,672,349,4881,California
Nevada,2021-01-23,182,5735,107,3358,75,2377,0,0,182,4391,0,672,182,5063,California
Nevada,2021-01-24,110,5845,102,3460,8,2385,0,0,69,4419,41,713,69,5132,California
Nevada,2021-01-25,266,6111,135,3595,131,2516,0,0,204,4561,62,775,204,5336,California
Nevada,2021-01-26,408,6519,145,3740,263,2779,0,0,303,4759,105,880,303,5639,California
Nevada,2021-01-27,429,6948,254,3994,175,2954,0,0,404,5138,25,905,404,6043,California
Nevada,2021-01-28,480,7428,327,4321,153,3107,0,0,436,5531,43,948,436,6479,California
Nevada,2021-01-29,607,8035,392,4713,215,3322,0,0,579,6084,27,975,580,7059,California
Nevada,2021-01-30,296,8331,106,4819,190,3512,0,0,293,6374,3,978,293,7352,California
Nevada,2021-01-31,104,8435,87,4906,17,3529,0,0,100,6472,3,981,101,7453,California
Nevada,2021-02-01,294,8729,72,4978,222,3751,0,0,280,6738,14,995,280,7733,California
Nevada,2021-02-02,533,9262,188,5166,345,4096,0,0,333,6871,200,1195,333,8066,California
Nevada,2021-02-03,818,10080,575,5741,243,4339,0,0,763,7580,54,1249,763,8829,California
Nevada,2021-02-04,741,10821,393,6134,348,4687,0,0,489,7818,251,1500,489,9318,California
Nevada,2021-02-05,658,11479,370,6504,288,4975,0,0,467,8096,189,1689,467,9785,California
Nevada,2021-02-06,272,11751,84,6588,188,5163,0,0,243,8310,29,1718,243,10028,California
Nevada,2021-02-07,247,11998,193,6781,54,5217,0,0,192,8447,55,1773,192,10220,California
Nevada,2021-02-08,655,12653,406,7187,249,5466,0,0,551,8896,102,1875,551,10771,California
Nevada,2021-02-09,607,13260,340,7527,267,5733,0,0,464,9217,143,2018,464,11235,California
Nevada,2021-02-10,655,13915,327,7854,328,6061,0,0,422,9408,232,2250,423,11658,California
Nevada,2021-02-11,889,14804,514,8368,375,6436,0,0,554,9629,333,2583,554,12212,California
Nevada,2021-02-12,958,15762,446,8814,512,6948,0,0,630,9934,325,2908,630,12842,California
Nevada,2021-02-13,618,16380,240,9054,378,7326,0,0,392,10105,222,3130,393,13235,California
Nevada,2021-02-14,234,16614,120,9174,114,7440,0,0,205,10281,29,3159,205,13440,California
Nevada,2021-02-15,712,17326,438,9612,274,7714,0,0,538,10645,174,3333,538,13978,California
Nevada,2021-02-16,629,17955,202,9814,427,8141,0,0,458,10933,170,3503,458,14436,California
Nevada,2021-02-17,1202,19157,778,10592,424,8565,0,0,858,11447,344,3847,858,15294,California
Nevada,2021-02-18,1025,20182,558,11150,467,9032,0,0,603,11631,419,4266,603,15897,California
Nevada,2021-02-19,1132,21314,636,11786,496,9528,0,0,761,12024,369,4635,762,16659,California
Nevada,2021-02-20,308,21622,113,11899,195,9723,0,0,180,12077,127,4762,180,16839,California
Nevada,2021-02-21,105,21727,91,11990,14,9737,0,0,15,12005,87,4849,15,16854,California
Nevada,2021-02-22,517,22244,346,12336,171,9908,0,0,366,12221,150,4999,366,17220,California
Nevada,2021-02-23,510,22754,250,12586,260,10168,0,0,227,12169,280,5279,228,17448,California
Nevada,2021-02-24,522,23276,278,12864,244,10412,0,0,256,12163,266,5545,260,17708,California
Nevada,2021-02-25,874,24150,473,13337,401,10813,0,0,437,12165,435,5980,437,18145,California
Nevada,2021-02-26,1250,25400,889,14226,361,11174,0,0,418,11754,829,6809,418,18563,California
Nevada,2021-02-27,426,25826,113,14339,313,11487,0,0,195,11718,231,7040,195,18758,California
Nevada,2021-02-28,274,26100,160,14499,114,11601,0,0,127,11699,146,7186,127,18885,California
Nevada,2021-03-01,841,26941,438,14937,403,12004,0,0,369,11600,468,7654,369,19254,California
Nevada,2021-03-02,742,27683,292,15229,450,12454,0,0,511,11885,226,7880,511,19765,California
Nevada,2021-03-03,992,28675,509,15738,482,12936,1,1,519,11934,471,8351,520,20285,California
Nevada,2021-03-04,1112,29787,623,16361,489,13425,0,1,468,11762,640,8991,468,20753,California
Nevada,2021-03-05,1183,30970,480,16841,693,14118,10,11,707,12006,473,9464,717,21470,California
Nevada,2021-03-06,364,31334,121,16962,216,14334,27,38,149,11966,215,9679,175,21645,California
Nevada,2021-03-07,209,31543,108,17070,81,14415,20,58,69,11915,140,9819,89,21734,California
Nevada,2021-03-08,831,32374,562,17632,223,14638,46,104,374,11880,456,10275,421,22155,California
Nevada,2021-03-09,794,33168,404,18036,340,14978,50,154,467,12071,325,10600,516,22671,California
Nevada,2021-03-10,1010,34178,651,18687,303,15281,56,210,340,11803,663,11263,395,23066,California
Nevada,2021-03-11,1113,35291,729,19416,359,15640,25,235,550,11824,554,11817,575,23641,California
Nevada,2021-03-12,1536,36827,727,20143,779,16419,30,265,838,11996,694,12511,866,24507,California
Nevada,2021-03-13,943,37770,58,20201,880,17299,5,270,757,12574,184,12695,762,25269,California
Nevada,2021-03-14,160,37930,20,20221,135,17434,5,275,33,12485,127,12822,38,25307,California
Nevada,2021-03-15,857,38787,467,20688,378,17812,12,287,359,12362,494,13316,371,25678,California
Nevada,2021-03-16,1006,39793,470,21158,474,18286,62,349,640,12699,364,13680,701,26379,California
Nevada,2021-03-17,1026,40819,454,21612,562,18848,10,359,585,12857,438,14118,596,26975,California
Nevada,2021-03-18,982,41801,531,22143,428,19276,23,382,476,12855,500,14618,498,27473,California
Nevada,2021-03-19,940,42741,440,22583,463,19739,37,419,362,12681,573,15191,399,27872,California
Nevada,2021-03-20,837,43578,94,22677,316,20055,427,846,243,12759,588,15779,666,28538,California
Nevada,2021-03-21,61,43639,32,22709,28,20083,1,847,34,12768,26,15805,35,28573,California
Nevada,2021-03-22,803,44442,520,23229,278,20361,5,852,530,13033,270,16075,535,29108,California
Nevada,2021-03-23,863,45305,391,23620,444,20805,28,880,619,13439,241,16316,647,29755,California
Nevada,2021-03-24,1023,46328,544,24164,472,21277,7,887,639,13706,378,16694,645,30400,California
Nevada,2021-03-25,914,47242,464,24628,425,21702,25,912,491,13800,421,17115,515,30915,California
Nevada,2021-03-26,1175,48417,445,25073,691,22393,39,951,846,14358,326,17441,884,31799,California
Nevada,2021-03-27,592,49009,73,25146,503,22896,16,967,406,14595,185,17626,422,32221,California
Nevada,2021-03-28,177,49186,53,25199,111,23007,13,980,35,14506,137,17763,48,32269,California
Nevada,2021-03-29,824,50010,501,25700,301,23308,22,1002,372,14452,447,18210,393,32662,California
Nevada,2021-03-30,1059,51069,483,26183,542,23850,34,1036,487,14409,564,18774,521,33183,California
Nevada,2021-03-31,1182,52251,661,26844,504,24354,17,1053,670,14592,503,19277,686,33869,California
Nevada,2021-04-01,1249,53500,729,27573,466,24820,54,1107,554,14514,684,19961,606,34475,California
Nevada,2021-04-02,1304,54804,662,28235,606,25426,36,1143,772,14794,528,20489,808,35283,California
Nevada,2021-04-03,289,55093,86,28321,162,25588,41,1184,82,14711,206,20695,123,35406,California
Nevada,2021-04-04,129,55222,42,28363,80,25668,7,1191,77,14743,52,20747,84,35490,California
Nevada,2021-04-05,937,56159,615,28978,302,25970,20,1211,621,15072,311,21058,640,36130,California
Nevada,2021-04-06,1077,57236,666,29644,267,26237,144,1355,435,15015,635,21693,578,36708,California
Nevada,2021-04-07,1150,58386,822,30466,245,26482,83,1438,611,15176,532,22225,693,37401,California
Nevada,2021-04-08,1283,59669,891,31357,307,26789,85,1523,708,15398,570,22795,792,38193,California
Nevada,2021-04-09,1276,60945,850,32207,359,27148,67,1590,864,15918,410,23205,930,39123,California
Nevada,2021-04-10,899,61844,78,32285,745,27893,76,1666,125,15351,768,23973,201,39324,California
Nevada,2021-04-11,112,61956,34,32319,72,27965,6,1672,36,15317,76,24049,42,39366,California
Nevada,2021-04-12,747,62703,542,32861,188,28153,17,1689,316,15224,426,24475,333,39699,California
Nevada,2021-04-13,891,63594,354,33215,537,28690,0,1689,471,15279,416,24891,471,40170,California
Nevada,2021-04-14,1059,64653,569,33784,490,29180,0,1689,539,15306,512,25403,539,40709,California
Nevada,2021-04-15,1085,65738,711,34495,374,29554,0,1689,626,15485,447,25850,626,41335,California
Nevada,2021-04-16,912,66650,694,35189,218,29772,0,1689,518,15611,392,26242,518,41853,California
Nevada,2021-04-17,202,66852,54,35243,148,29920,0,1689,87,15585,113,26355,87,41940,California
Nevada,2021-04-18,203,67055,22,35265,181,30101,0,1689,103,15588,100,26455,103,42043,California
Nevada,2021-04-19,757,67812,484,35749,273,30374,0,1689,309,15460,437,26892,309,42352,California
Nevada,2021-04-20,832,68644,332,36081,500,30874,0,1689,313,15260,513,27405,313,42665,California
Nevada,2021-04-21,935,69579,520,36601,415,31289,0,1689,272,14880,652,28057,272,42937,California
Nevada,2021-04-22,1007,70586,631,37232,376,31665,0,1689,341,14567,655,28712,342,43279,California
Nevada,2021-04-23,1259,71845,552,37784,707,32372,0,1689,401,14122,846,29558,401,43680,California
Nevada,2021-04-24,520,72365,71,37855,449,32821,0,1689,168,13940,350,29908,168,43848,California
Nevada,2021-04-25,132,72497,60,37915,67,32888,5,1694,51,13915,80,29988,55,43903,California
Nevada,2021-04-26,745,73242,561,38476,176,33064,8,1702,218,13624,517,30505,226,44129,California
Nevada,2021-04-27,819,74061,380,38856,434,33498,5,1707,412,13642,399,30904,417,44546,California
Nevada,2021-04-28,994,75055,582,39438,407,33905,5,1712,387,13434,600,31504,392,44938,California
Nevada,2021-04-29,1020,76075,709,40147,307,34212,4,1716,280,12980,738,32242,284,45222,California
Nevada,2021-04-30,1249,77324,728,40875,513,34725,8,1724,213,12167,1034,33276,221,45443,California
Nevada,2021-05-01,144,77468,60,40935,80,34805,4,1728,63,12155,79,33355,67,45510,California
Nevada,2021-05-02,58,77526,32,40967,22,34827,4,1732,20,12141,38,33393,24,45534,California
Nevada,2021-05-03,610,78136,405,41372,186,35013,19,1751,178,11909,428,33821,196,45730,California
Nevada,2021-05-04,594,78730,173,41545,403,35416,18,1769,338,12013,252,34073,356,46086,California
Nevada,2021-05-05,737,79467,381,41926,342,35758,14,1783,323,11945,405,34478,337,46423,California
Nevada,2021-05-06,807,80274,565,42491,231,35989,11,1794,198,11555,599,35077,209,46632,California
Nevada,2021-05-07,891,81165,488,42979,368,36357,35,1829,184,11071,703,35780,219,46851,California
Nevada,2021-05-08,175,81340,19,42998,136,36493,20,1849,77,11072,96,35876,97,46948,California
Nevada,2021-05-09,44,81384,8,43006,34,36527,2,1851,21,11072,23,35899,23,46971,California
Nevada,2021-05-10,391,81775,248,43254,119,36646,24,1875,78,10862,312,36211,102,47073,California
Nevada,2021-05-11,516,82291,154,43408,349,36995,13,1888,128,10623,380,36591,141,47214,California
Nevada,2021-05-12,542,82833,237,43645,294,37289,11,1899,152,10405,381,36972,163,47377,California
Nevada,2021-05-13,839,83672,556,44201,273,37562,10,1909,433,10450,398,37370,443,47820,California
Nevada,2021-05-14,792,84464,583,44784,191,37753,18,1927,443,10566,345,37715,461,48281,California
Nevada,2021-05-15,186,84650,87,44871,91,37844,8,1935,87,10563,98,37813,95,48376,California
Nevada,2021-05-16,161,84811,54,44925,107,37951,0,1935,56,10514,105,37918,56,48432,California
Nevada,2021-05-17,499,85310,320,45245,149,38100,30,1965,215,10486,273,38191,245,48677,California
Nevada,2021-05-18,419,85729,256,45501,159,38259,4,1969,221,10516,196,38387,226,48903,California
Nevada,2021-05-19,492,86221,355,45856,132,38391,5,1974,257,10552,226,38613,262,49165,California
Nevada,2021-05-20,611,86832,352,46208,247,38638,12,1986,219,10396,387,39000,231,49396,California
Nevada,2021-05-21,511,87343,328,46536,173,38811,10,1996,219,10337,288,39288,229,49625,California
Nevada,2021-05-22,243,87586,34,46570,156,38967,53,2049,92,10331,151,39439,145,49770,California
Nevada,2021-05-23,52,87638,18,46588,34,39001,0,2049,17,10314,34,39473,17,49787,California
Nevada,2021-05-24,314,87952,219,46807,81,39082,14,2063,105,10227,206,39679,119,49906,California
Nevada,2021-05-25,343,88295,83,46890,248,39330,12,2075,81,10063,257,39936,93,49999,California
Nevada,2021-05-26,454,88749,196,47086,248,39578,10,2085,134,9894,313,40249,144,50143,California
Nevada,2021-05-27,426,89175,226,47312,179,39757,21,2106,179,9851,243,40492,200,50343,California
Nevada,2021-05-28,348,89523,214,47526,111,39868,23,2129,190,9910,155,40647,214,50557,California
Nevada,2021-05-29,66,89589,12,47538,54,39922,0,2129,41,9926,25,40672,41,50598,California
Nevada,2021-05-30,37,89626,19,47557,16,39938,2,2131,25,9941,12,40684,27,50625,California
Nevada,2021-05-31,6,89632,4,47561,0,39938,2,2133,2,9941,4,40688,4,50629,California
Nevada,2021-06-01,420,90052,127,47688,275,40213,18,2151,100,9748,311,40999,118,50747,California
Nevada,2021-06-02,403,90455,165,47853,231,40444,7,2158,101,9562,294,41293,108,50855,California
Nevada,2021-06-03,566,91021,405,48258,156,40600,5,2163,99,9204,462,41755,104,50959,California
Nevada,2021-06-04,547,91568,438,48696,105,40705,4,2167,106,8878,436,42191,110,51069,California
Nevada,2021-06-05,173,91741,70,48766,101,40806,2,2169,66,8840,106,42297,68,51137,California
Nevada,2021-06-06,53,91794,40,48806,13,40819,0,2169,12,8811,41,42338,12,51149,California
Nevada,2021-06-07,270,92064,196,49002,44,40863,30,2199,60,8696,205,42543,90,51239,California
Nevada,2021-06-08,293,92357,194,49196,85,40948,14,2213,67,8560,217,42760,81,51320,California
Nevada,2021-06-09,325,92682,218,49414,100,41048,7,2220,82,8410,239,42999,89,51409,California
Nevada,2021-06-10,275,92957,177,49591,89,41137,9,2229,74,8298,194,43193,82,51491,California
Nevada,2021-06-11,327,93284,232,49823,76,41213,19,2248,75,8142,249,43442,93,51584,California
Nevada,2021-06-12,92,93376,54,49877,33,41246,5,2253,27,8109,65,43507,32,51616,California
Nevada,2021-06-13,32,93408,17,49894,14,41260,1,2254,6,8090,26,43533,7,51623,California
Nevada,2021-06-14,191,93599,137,50031,43,41303,11,2265,49,8015,135,43668,60,51683,California
Nevada,2021-06-15,170,93769,97,50128,65,41368,8,2273,67,7990,100,43768,75,51758,California
Nevada,2021-06-16,236,94005,132,50260,95,41463,9,2282,69,7908,160,43928,78,51836,California
Nevada,2021-06-17,227,94232,133,50393,80,41543,14,2296,40,7776,186,44114,54,51890,California
Nevada,2021-06-18,219,94451,152,50545,50,41593,17,2313,68,7712,149,44263,85,51975,California
Nevada,2021-06-19,69,94520,33,50578,30,41623,6,2319,29,7707,40,44303,35,52010,California
Nevada,2021-06-20,27,94547,20,50598,7,41630,0,2319,8,7697,18,44321,8,52018,California
Nevada,2021-06-21,110,94657,49,50647,54,41684,7,2326,49,7698,55,44376,56,52074,California
Nevada,2021-06-22,167,94824,98,50745,58,41742,11,2337,68,7684,93,44469,79,52153,California
Nevada,2021-06-23,213,95037,139,50884,44,41786,30,2367,87,7679,121,44590,116,52269,California
Nevada,2021-06-24,178,95215,113,50997,47,41833,18,2385,60,7645,112,44702,78,52347,California
Nevada,2021-06-25,207,95422,138,51135,48,41881,21,2406,76,7611,131,44833,97,52444,California
Nevada,2021-06-26,83,95505,61,51196,20,41901,2,2408,31,7592,52,44885,33,52477,California
Nevada,2021-06-27,29,95534,13,51209,12,41913,4,2412,7,7581,22,44907,11,52488,California
Nevada,2021-06-28,169,95703,119,51328,28,41941,22,2434,67,7576,94,45001,89,52577,California
Nevada,2021-06-29,129,95832,74,51402,43,41984,12,2446,46,7559,75,45076,58,52635,California
Nevada,2021-06-30,164,95996,125,51527,33,42017,6,2452,53,7509,108,45184,58,52693,California
Nevada,2021-07-01,124,96120,86,51613,27,42044,11,2463,54,7506,68,45252,65,52758,California
Nevada,2021-07-02,141,96261,92,51705,36,42080,13,2476,71,7527,63,45315,84,52842,California
Nevada,2021-07-03,13,96274,8,51713,4,42084,1,2477,10,7535,3,45318,11,52853,California
Orange,2020-12-15,17,17,17,17,0,0,0,0,17,17,0,0,17,17,California
Orange,2020-12-16,400,417,400,417,0,0,0,0,400,417,0,0,400,417,California
Orange,2020-12-17,3772,4189,3772,4189,0,0,0,0,3771,4188,0,0,3771,4188,California
Orange,2020-12-18,5124,9313,5116,9305,8,8,0,0,5122,9309,1,1,5122,9310,California
Orange,2020-12-19,2246,11559,2239,11544,7,15,0,0,2245,11554,0,1,2245,11555,California
Orange,2020-12-20,2005,13564,2002,13546,3,18,0,0,2005,13558,1,2,2005,13560,California
Orange,2020-12-21,4273,17837,4267,17813,6,24,0,0,4273,17831,0,2,4273,17833,California
Orange,2020-12-22,4000,21837,3964,21777,36,60,0,0,4000,21831,0,2,4000,21833,California
Orange,2020-12-23,3608,25445,3238,25015,370,430,0,0,3608,25438,1,3,3608,25441,California
Orange,2020-12-24,1390,26835,1089,26104,301,731,0,0,1390,26828,0,3,1390,26831,California
Orange,2020-12-25,21,26856,16,26120,5,736,0,0,21,26849,0,3,21,26852,California
Orange,2020-12-26,999,27855,423,26543,576,1312,0,0,999,27848,0,3,999,27851,California
Orange,2020-12-27,587,28442,275,26818,312,1624,0,0,587,28435,0,3,587,28438,California
Orange,2020-12-28,3639,32081,2640,29458,999,2623,0,0,3639,32074,0,3,3639,32077,California
Orange,2020-12-29,3532,35613,2509,31967,1023,3646,0,0,3531,35604,1,4,3531,35608,California
Orange,2020-12-30,5151,40764,3558,35525,1593,5239,0,0,5151,40755,0,4,5151,40759,California
Orange,2020-12-31,1532,42296,820,36345,712,5951,0,0,1529,42281,3,7,1529,42288,California
Orange,2021-01-01,719,43015,394,36739,325,6276,0,0,717,42996,2,9,717,43005,California
Orange,2021-01-02,1374,44389,845,37584,529,6805,0,0,1371,44365,2,11,1371,44376,California
Orange,2021-01-03,591,44980,324,37908,267,7072,0,0,590,44955,0,11,590,44966,California
Orange,2021-01-04,2785,47765,1574,39482,1211,8283,0,0,2786,47740,1,12,2786,47752,California
Orange,2021-01-05,3558,51323,2320,41802,1238,9521,0,0,3143,50474,412,424,3146,50898,California
Orange,2021-01-06,5051,56374,3479,45281,1572,11093,0,0,3672,52779,1367,1791,3672,54570,California
Orange,2021-01-07,9390,65764,5245,50526,4145,15238,0,0,5741,54891,3634,5425,5746,60316,California
Orange,2021-01-08,9584,75348,5386,55912,4198,19436,0,0,5723,56767,3850,9275,5726,66042,California
Orange,2021-01-09,5070,80418,1771,57683,3299,22735,0,0,3773,59243,1297,10572,3773,69815,California
Orange,2021-01-10,4279,84697,1057,58740,3222,25957,0,0,3390,61749,888,11460,3394,73209,California
Orange,2021-01-11,9537,94234,4945,63685,4592,30549,0,0,5892,63996,3649,15109,5896,79105,California
Orange,2021-01-12,9038,103272,4859,68544,4179,34728,0,0,5545,66055,3488,18597,5547,84652,California
Orange,2021-01-13,10374,113646,4953,73497,5421,40149,0,0,7148,69988,3222,21819,7155,91807,California
Orange,2021-01-14,10156,123802,3819,77316,6337,46486,0,0,8553,76946,1601,23420,8559,100366,California
Orange,2021-01-15,10339,134141,2678,79994,7661,54147,0,0,9448,85504,897,24317,9455,109821,California
Orange,2021-01-16,8869,143010,2119,82113,6750,60897,0,0,8465,93574,400,24717,8470,118291,California
Orange,2021-01-17,8283,151293,1516,83629,6767,67664,0,0,8127,101555,156,24873,8137,126428,California
Orange,2021-01-18,9816,161109,4446,88075,5370,73034,0,0,7550,106841,2267,27140,7553,133981,California
Orange,2021-01-19,7619,168728,5472,93547,2147,75181,0,0,4972,109170,2645,29785,4974,138955,California
Orange,2021-01-20,8685,177413,6105,99652,2580,77761,0,0,5605,111705,3079,32864,5614,144569,California
Orange,2021-01-21,11370,188783,5122,104774,6248,84009,0,0,10517,121382,851,33715,10528,155097,California
Orange,2021-01-22,13985,202768,5224,109998,8761,92770,0,0,13086,133585,891,34606,13094,168191,California
Orange,2021-01-23,13335,216103,6215,116213,7120,99890,0,0,12387,145040,944,35550,12399,180590,California
Orange,2021-01-24,9951,226054,4312,120525,5639,105529,0,0,9608,154314,338,35888,9612,190202,California
Orange,2021-01-25,10572,236626,5897,126422,4675,110204,0,0,7810,159376,2753,38641,7815,198017,California
Orange,2021-01-26,12004,248630,7722,134144,4282,114486,0,0,9805,166989,2195,40836,9808,207825,California
Orange,2021-01-27,13687,262317,8020,142164,5667,120153,0,0,10917,175153,2758,43594,10922,218747,California
Orange,2021-01-28,13317,275634,7270,149434,6047,126200,0,0,11371,184604,1929,45523,11380,230127,California
Orange,2021-01-29,13845,289479,8470,157904,5375,131575,0,0,10875,192538,2944,48467,10878,241005,California
Orange,2021-01-30,13257,302736,4538,162442,8719,140294,0,0,12452,204206,788,49255,12456,253461,California
Orange,2021-01-31,13873,316609,4920,167362,8953,149247,0,0,13401,217150,465,49720,13409,266870,California
Orange,2021-02-01,15073,331682,6531,173893,8542,157789,0,0,12532,227178,2512,52232,12540,279410,California
Orange,2021-02-02,15270,346952,8019,181912,7251,165040,0,0,12745,237444,2485,54717,12751,292161,California
Orange,2021-02-03,16864,363816,12501,194413,4363,169403,0,0,13848,248369,2929,57646,13854,306015,California
Orange,2021-02-04,20190,384006,13136,207549,7054,176457,0,0,15021,258270,5128,62774,15029,321044,California
Orange,2021-02-05,21053,405059,12081,219630,8972,185429,0,0,14623,266525,6379,69153,14634,335678,California
Orange,2021-02-06,16573,421632,10892,230522,5681,191110,0,0,11253,272697,5302,74455,11474,347152,California
Orange,2021-02-07,11613,433245,8124,238646,3489,194599,0,0,7610,276491,3985,78440,7779,354931,California
Orange,2021-02-08,15246,448491,8733,247379,6513,201112,0,0,9111,279503,6104,84544,9116,364047,California
Orange,2021-02-09,17938,466429,12149,259528,5789,206901,0,0,10744,283149,7113,91657,10759,374806,California
Orange,2021-02-10,21110,487539,11250,270778,9860,216761,0,0,12750,287660,8262,99919,12773,387579,California
Orange,2021-02-11,22434,509973,11624,282402,10810,227571,0,0,12264,289923,10026,109945,12289,399868,California
Orange,2021-02-12,25215,535188,12135,294537,13080,240651,0,0,14763,294327,10380,120325,14784,414652,California
Orange,2021-02-13,22216,557404,12037,306574,10179,250830,0,0,11181,295294,10871,131196,11838,426490,California
Orange,2021-02-14,16374,573778,6663,313237,9711,260541,0,0,9655,298271,6686,137882,9663,436153,California
Orange,2021-02-15,17504,591282,7526,320763,9978,270519,0,0,9015,298867,8441,146323,9037,445190,California
Orange,2021-02-16,20281,611563,9178,329941,11103,281622,0,0,10873,300428,9352,155675,10913,456103,California
Orange,2021-02-17,18301,629864,9593,339534,8708,290330,0,0,9318,300899,8917,164592,9388,465491,California
Orange,2021-02-18,15347,645211,10039,349573,5308,295638,0,0,6911,299468,8375,172967,6944,472435,California
Orange,2021-02-19,18644,663855,11129,360702,7515,303153,0,0,7033,294984,11543,184510,7059,479494,California
Orange,2021-02-20,7725,671580,5731,366433,1994,305147,0,0,3854,295031,3836,188346,3883,483377,California
Orange,2021-02-21,4812,676392,4084,370517,728,305875,0,0,990,292252,3777,192123,998,484375,California
Orange,2021-02-22,10224,686616,8326,378843,1898,307773,0,0,4075,290253,6102,198225,4103,488478,California
Orange,2021-02-23,14012,700628,7654,386497,6358,314131,0,0,3677,283727,10246,208471,3720,492198,California
Orange,2021-02-24,21705,722333,13104,399601,8601,322732,0,0,5499,273170,16126,224597,5569,497767,California
Orange,2021-02-25,23104,745437,12484,412085,10620,333352,0,0,8126,266453,14897,239494,8180,505947,California
Orange,2021-02-26,28289,773726,14319,426404,13970,347322,0,0,11420,261227,16725,256219,11499,517446,California
Orange,2021-02-27,25352,799078,10331,436735,15017,362339,4,4,7397,250865,17824,274043,7462,524908,California
Orange,2021-02-28,19287,818365,7489,444224,11798,374137,0,4,4900,241559,14249,288292,4943,529851,California
Orange,2021-03-01,18973,837338,8686,452910,10265,384402,22,26,7394,237561,11461,299753,7463,537314,California
Orange,2021-03-02,19696,857034,9517,462427,10175,394577,4,30,9591,237178,10041,309794,9658,546972,California
Orange,2021-03-03,21384,878418,10152,472579,11227,405804,5,35,11507,238968,9786,319580,11576,558548,California
Orange,2021-03-04,22933,901351,13166,485745,9753,415557,14,49,11833,239822,11052,330632,11906,570454,California
Orange,2021-03-05,21508,922859,11203,496948,10256,425813,49,98,13125,244761,8335,338967,13274,583728,California
Orange,2021-03-06,24467,947326,13435,510383,10154,435967,878,976,12905,247086,11507,350474,13832,597560,California
Orange,2021-03-07,15469,962795,8677,519060,6372,442339,420,1396,9011,250154,6414,356888,9482,607042,California
Orange,2021-03-08,17083,979878,7915,526975,7853,450192,1315,2711,10915,256340,6096,362984,12282,619324,California
Orange,2021-03-09,21384,1001262,9909,536884,9007,459199,2468,5179,12585,262661,8751,371735,15072,634396,California
Orange,2021-03-10,25054,1026316,12303,549187,9285,468484,3466,8645,12610,266384,12372,384107,16095,650491,California
Orange,2021-03-11,29377,1055693,15917,565104,9201,477685,4259,12904,13559,268502,15710,399817,17828,668319,California
Orange,2021-03-12,29631,1085324,14417,579521,11330,489015,3884,16788,14804,272500,14725,414542,18723,687042,California
Orange,2021-03-13,28001,1113325,10297,589818,13745,502760,3959,20747,14120,276767,13814,428356,18081,705123,California
Orange,2021-03-14,19004,1132329,8258,598076,8194,510954,2552,23299,11830,284013,7135,435491,14381,719504,California
Orange,2021-03-15,23323,1155652,10297,608373,12256,523210,770,24069,14438,290448,8782,444273,15217,734721,California
Orange,2021-03-16,26670,1182322,11306,619679,15090,538300,274,24343,17161,298489,9419,453692,17460,752181,California
Orange,2021-03-17,27578,1209900,13725,633404,13288,551588,565,24908,19578,310722,7911,461603,20144,772325,California
Orange,2021-03-18,28151,1238051,14211,647615,13635,565223,305,25213,21765,326500,6307,467910,22085,794410,California
Orange,2021-03-19,34091,1272142,18849,666464,14787,580010,455,25668,25264,343527,8705,476615,25732,820142,California
Orange,2021-03-20,26059,1298201,13760,680224,12092,592102,207,25875,22174,362109,3809,480424,22391,842533,California
Orange,2021-03-21,18769,1316970,10888,691112,7133,599235,748,26623,15828,375789,2899,483323,16579,859112,California
Orange,2021-03-22,22974,1339944,11939,703051,10711,609946,324,26947,19265,391788,3601,486924,19600,878712,California
Orange,2021-03-23,26330,1366274,13765,716816,11918,621864,647,27594,20807,407819,5430,492354,21461,900173,California
Orange,2021-03-24,29430,1395704,16487,733303,12013,633877,930,28524,22029,423493,7289,499643,22963,923136,California
Orange,2021-03-25,32693,1428397,17384,750687,14591,648468,718,29242,24288,440210,8293,507936,25010,948146,California
Orange,2021-03-26,35101,1463498,18239,768926,15995,664463,867,30109,24892,455900,10080,518016,25770,973916,California
Orange,2021-03-27,28647,1492145,13727,782653,14604,679067,316,30425,19815,467306,8728,526744,20134,994050,California
Orange,2021-03-28,24990,1517135,12997,795650,11925,690992,68,30493,18630,479742,6269,533013,18705,1012755,California
Orange,2021-03-29,26727,1543862,12262,807912,13896,704888,569,31062,17839,489383,8771,541784,18412,1031167,California
Orange,2021-03-30,31067,1574929,14065,821977,16364,721252,638,31700,20430,499913,10536,552320,21066,1052233,California
Orange,2021-03-31,37388,1612317,19610,841587,17051,738303,727,32427,23716,510822,13532,565852,24441,1076674,California
Orange,2021-04-01,40932,1653249,21490,863077,17488,755791,1954,34381,26258,524539,14480,580332,28197,1104871,California
Orange,2021-04-02,40446,1693695,20406,883483,18177,773968,1863,36244,22742,531572,17578,597910,24611,1129482,California
Orange,2021-04-03,30512,1724207,15796,899279,12937,786905,1779,38023,14368,531664,16048,613958,16140,1145622,California
Orange,2021-04-04,18524,1742731,10751,910030,6998,793903,775,38798,8164,530307,10292,624250,8935,1154557,California
Orange,2021-04-05,30279,1773010,14157,924187,12691,806594,3431,42229,13847,531250,16327,640577,17270,1171827,California
Orange,2021-04-06,33659,1806669,15759,939946,14442,821036,3458,45687,14429,529993,19119,659696,17862,1189689,California
Orange,2021-04-07,36458,1843127,20260,960206,11532,832568,4666,50353,16042,530347,20316,680012,20670,1210359,California
Orange,2021-04-08,39502,1882629,21840,982046,12099,844667,5563,55916,19097,534693,20275,700287,24621,1234980,California
Orange,2021-04-09,41374,1924003,24067,1006113,12009,856676,5298,61214,18074,534842,23186,723473,23335,1258315,California
Orange,2021-04-10,34864,1958867,18395,1024508,12162,868838,4307,65521,14371,533106,20392,743865,18656,1276971,California
Orange,2021-04-11,25865,1984732,14651,1039159,7922,876760,3292,68813,9905,530386,15897,759762,13177,1290148,California
Orange,2021-04-12,30857,2015589,15584,1054743,11622,888382,3651,72464,12127,527501,18645,778407,15760,1305908,California
Orange,2021-04-13,32893,2048482,18520,1073263,14303,902685,70,72534,15299,525369,17503,795910,15371,1321279,California
Orange,2021-04-14,35078,2083560,20580,1093843,14462,917147,36,72570,15246,520953,19710,815620,15294,1336573,California
Orange,2021-04-15,40928,2124488,24930,1118773,15982,933129,16,72586,19045,518260,21750,837370,19057,1355630,California
Orange,2021-04-16,42156,2166644,24793,1143566,17333,950462,30,72616,19057,514404,22954,860324,19098,1374728,California
Orange,2021-04-17,30694,2197338,17408,1160974,13279,963741,7,72623,13466,510807,17076,877400,13479,1388207,California
Orange,2021-04-18,22339,2219677,13615,1174589,8724,972465,0,72623,8900,506350,13363,890763,8906,1397113,California
Orange,2021-04-19,33115,2252792,18300,1192889,14811,987276,4,72627,15241,503837,17764,908527,15251,1412364,California
Orange,2021-04-20,36640,2289432,19376,1212265,17257,1004533,7,72634,18240,503792,18298,926825,18253,1430617,California
Orange,2021-04-21,42522,2331954,24923,1237188,17590,1022123,9,72643,20180,501831,22157,948982,20196,1450813,California
Orange,2021-04-22,40164,2372118,21508,1258696,18645,1040768,11,72654,16730,495299,23281,972263,16749,1467562,California
Orange,2021-04-23,41107,2413225,21601,1280297,19498,1060266,8,72662,18404,491147,22573,994836,18421,1485983,California
Orange,2021-04-24,32141,2445366,16838,1297135,15271,1075537,32,72694,13486,486112,18556,1013392,13521,1499504,California
Orange,2021-04-25,23026,2468392,13002,1310137,10009,1085546,15,72709,9834,482849,13119,1026511,9856,1509360,California
Orange,2021-04-26,29319,2497711,14556,1324693,14564,1100110,199,72908,12696,479249,16498,1043009,12898,1522258,California
Orange,2021-04-27,31595,2529306,14987,1339680,15975,1116085,633,73541,11972,472418,19443,1062452,12612,1534870,California
Orange,2021-04-28,31485,2560791,15992,1355672,14608,1130693,885,74426,12646,467249,18698,1081150,13529,1548399,California
Orange,2021-04-29,32531,2593322,17968,1373640,13592,1144285,971,75397,11588,458983,20817,1101967,12551,1560950,California
Orange,2021-04-30,30464,2623786,17563,1391203,11955,1156240,946,76343,13018,455612,17325,1119292,13954,1574904,California
Orange,2021-05-01,23078,2646864,15811,1407014,6276,1162516,991,77334,8801,451247,14147,1133439,9782,1584686,California
Orange,2021-05-02,15461,2662325,10301,1417315,4516,1167032,644,77978,5386,447270,10001,1143440,6024,1590710,California
Orange,2021-05-03,20731,2683056,12666,1429981,7301,1174333,764,78742,6514,440429,14117,1157557,7276,1597986,California
Orange,2021-05-04,24216,2707272,14006,1443987,9289,1183622,921,79663,8266,433772,15830,1173387,9173,1607159,California
Orange,2021-05-05,25459,2732731,14459,1458446,10103,1193725,897,80560,8190,425732,17127,1190514,9087,1616246,California
Orange,2021-05-06,26899,2759630,16414,1474860,9484,1203209,1001,81561,7400,414769,19357,1209871,8394,1624640,California
Orange,2021-05-07,29424,2789054,17825,1492685,10544,1213753,1055,82616,8185,402991,21011,1230882,9233,1633873,California
Orange,2021-05-08,19173,2808227,12821,1505506,5551,1219304,801,83417,5552,395845,13490,1244372,6344,1640217,California
Orange,2021-05-09,11141,2819368,8505,1514011,2261,1221565,375,83792,2804,390736,8288,1252660,3179,1643396,California
Orange,2021-05-10,19526,2838894,12034,1526045,6709,1228274,783,84575,4309,380711,15118,1267778,5093,1648489,California
Orange,2021-05-11,22743,2861637,12862,1538907,9143,1237417,738,85313,5392,369592,17242,1285020,6123,1654612,California
Orange,2021-05-12,24101,2885738,14994,1553901,8271,1245688,836,86149,6542,359548,17419,1302439,7375,1661987,California
Orange,2021-05-13,22143,2907881,13738,1567639,7796,1253484,609,86758,8161,354455,13865,1316304,8772,1670759,California
Orange,2021-05-14,26884,2934765,17792,1585431,8239,1261723,853,87611,10475,349490,16263,1332567,11298,1682057,California
Orange,2021-05-15,20482,2955247,14797,1600228,5134,1266857,551,88162,8310,346248,12096,1344663,8854,1690911,California
Orange,2021-05-16,15589,2970836,12858,1613086,2392,1269249,339,88501,6710,344483,8812,1353475,7047,1697958,California
Orange,2021-05-17,19588,2990424,12874,1625960,6013,1275262,701,89202,6914,339479,12605,1366080,7601,1705559,California
Orange,2021-05-18,20633,3011057,12032,1637992,7930,1283192,671,89873,8009,335625,12525,1378605,8671,1714230,California
Orange,2021-05-19,22571,3033628,12922,1650914,8975,1292167,674,90547,7712,329265,14736,1393341,8376,1722606,California
Orange,2021-05-20,22603,3056231,13267,1664181,8669,1300836,667,91214,7736,322914,14751,1408092,8400,1731006,California
Orange,2021-05-21,25827,3082058,14880,1679061,10222,1311058,725,91939,8285,314504,17415,1425507,9005,1740011,California
Orange,2021-05-22,18322,3100380,12204,1691265,5570,1316628,548,92487,6973,310773,11253,1436760,7522,1747533,California
Orange,2021-05-23,10063,3110443,6955,1698220,2834,1319462,274,92761,3535,308099,6482,1443242,3808,1751341,California
Orange,2021-05-24,15699,3126142,9339,1707559,5736,1325198,624,93385,5792,304698,9810,1453052,6409,1757750,California
Orange,2021-05-25,15660,3141802,9222,1716781,5914,1331112,524,93909,5571,300815,9973,1463025,6090,1763840,California
Orange,2021-05-26,15264,3157066,8566,1725347,6198,1337310,500,94409,5621,297376,9550,1472575,6111,1769951,California
Orange,2021-05-27,14419,3171485,8682,1734029,5193,1342503,544,94953,6293,296156,8049,1480624,6829,1776780,California
Orange,2021-05-28,16835,3188320,9927,1743956,6278,1348781,630,95583,7367,294771,9370,1489994,7985,1784765,California
Orange,2021-05-29,9013,3197333,5282,1749238,3372,1352153,359,95942,4074,294318,4881,1494875,4428,1789193,California
Orange,2021-05-30,6042,3203375,3923,1753161,1838,1353991,281,96223,2174,292938,3830,1498705,2450,1791643,California
Orange,2021-05-31,1701,3205076,1055,1754216,599,1354590,47,96270,521,292347,1158,1499863,567,1792210,California
Orange,2021-06-01,13414,3218490,7794,1762010,5129,1359719,491,96761,4986,289501,8315,1508178,5469,1797679,California
Orange,2021-06-02,13036,3231526,8078,1770088,4541,1364260,417,97178,4460,285947,8424,1516602,4870,1802549,California
Orange,2021-06-03,12916,3244442,8919,1779007,3543,1367803,454,97632,4402,282347,8451,1525053,4851,1807400,California
Orange,2021-06-04,17178,3261620,12183,1791190,4416,1372219,579,98211,5239,276310,11852,1536905,5815,1813215,California
Orange,2021-06-05,12944,3274564,9770,1800960,2792,1375011,382,98593,3819,271441,9066,1545971,4197,1817412,California
Orange,2021-06-06,5370,3279934,4564,1805524,604,1375615,202,98795,1811,269917,3537,1549508,2013,1819425,California
Orange,2021-06-07,10800,3290734,7637,1813161,2698,1378313,465,99260,3309,266268,7416,1556924,3767,1823192,California
Orange,2021-06-08,12206,3302940,8794,1821955,2903,1381216,509,99769,3772,262208,8342,1565266,4282,1827474,California
Orange,2021-06-09,11774,3314714,8151,1830106,3165,1384381,458,100227,3310,257593,8378,1573644,3763,1831237,California
Orange,2021-06-10,11612,3326326,8455,1838561,2692,1387073,465,100692,3396,253293,8156,1581800,3856,1835093,California
Orange,2021-06-11,13316,3339642,9376,1847937,3444,1390517,496,101188,4292,249143,8933,1590733,4783,1839876,California
Orange,2021-06-12,9809,3349451,7512,1855449,1980,1392497,317,101505,3003,245712,6751,1597484,3320,1843196,California
Orange,2021-06-13,4058,3353509,2959,1858408,935,1393432,164,101669,1012,243877,3012,1600496,1177,1844373,California
Orange,2021-06-14,9853,3363362,7190,1865598,2205,1395637,458,102127,3253,241039,6547,1607043,3709,1848082,California
Orange,2021-06-15,10200,3373562,7346,1872944,2422,1398059,432,102559,3561,238464,6564,1613607,3989,1852071,California
Orange,2021-06-16,9558,3383120,6869,1879813,2222,1400281,467,103026,3269,235963,6232,1619839,3731,1855802,California
Orange,2021-06-17,9388,3392508,7091,1886904,1930,1402211,367,103393,3335,233674,5990,1625829,3701,1859503,California
Orange,2021-06-18,11248,3403756,8207,1895111,2544,1404755,497,103890,3892,230784,7277,1633106,4387,1863890,California
Orange,2021-06-19,6328,3410084,4707,1899818,1377,1406132,244,104134,2617,229987,3661,1636767,2864,1866754,California
Orange,2021-06-20,3069,3413153,2380,1902198,595,1406727,94,104228,1031,229087,2025,1638792,1125,1867879,California
Orange,2021-06-21,6681,3419834,4586,1906784,1658,1408385,437,104665,3581,230037,3069,1641861,4019,1871898,California
Orange,2021-06-22,7742,3427576,5719,1912503,1670,1410055,353,105018,2952,228620,4723,1646584,3306,1875204,California
Orange,2021-06-23,7391,3434967,5553,1918056,1532,1411587,306,105324,3007,227594,4337,1650921,3311,1878515,California
Orange,2021-06-24,7233,3442200,5423,1923479,1442,1413029,368,105692,3095,226956,4100,1655021,3462,1881977,California
Orange,2021-06-25,8761,3450961,6396,1929875,1983,1415012,382,106074,3368,225356,5344,1660365,3744,1885721,California
Orange,2021-06-26,5917,3456878,4519,1934394,1171,1416183,227,106301,2488,224685,3386,1663751,2715,1888436,California
Orange,2021-06-27,3444,3460322,2793,1937187,539,1416722,112,106413,1486,224348,1936,1665687,1599,1890035,California
Orange,2021-06-28,6287,3466609,5070,1942257,877,1417599,340,106753,2798,224048,3437,1669124,3137,1893172,California
Orange,2021-06-29,6339,3472948,4669,1946926,1417,1419016,253,107006,2617,223245,3674,1672798,2871,1896043,California
Orange,2021-06-30,6148,3479096,4456,1951382,1432,1420448,260,107266,2738,222896,3346,1676144,2997,1899040,California
Orange,2021-07-01,5772,3484868,4410,1955792,1129,1421577,233,107499,2633,222676,3085,1679229,2865,1901905,California
Orange,2021-07-02,6986,3491854,5235,1961027,1435,1423012,316,107815,3051,222134,3906,1683135,3364,1905269,California
Orange,2021-07-03,2407,3494261,1703,1962730,639,1423651,65,107880,1078,221975,1302,1684437,1143,1906412,California
Placer,2020-12-15,30,30,30,30,0,0,0,0,30,30,0,0,30,30,California
Placer,2020-12-16,56,86,56,86,0,0,0,0,56,86,0,0,56,86,California
Placer,2020-12-17,148,234,148,234,0,0,0,0,148,234,0,0,148,234,California
Placer,2020-12-18,427,661,427,661,0,0,0,0,427,661,0,0,427,661,California
Placer,2020-12-19,253,914,253,914,0,0,0,0,253,914,0,0,253,914,California
Placer,2020-12-20,234,1148,234,1148,0,0,0,0,234,1148,0,0,234,1148,California
Placer,2020-12-21,501,1649,499,1647,2,2,0,0,501,1649,0,0,501,1649,California
Placer,2020-12-22,681,2330,674,2321,7,9,0,0,681,2330,0,0,681,2330,California
Placer,2020-12-23,760,3090,671,2992,89,98,0,0,760,3090,0,0,760,3090,California
Placer,2020-12-24,411,3501,357,3349,54,152,0,0,411,3501,0,0,411,3501,California
Placer,2020-12-26,161,3662,116,3465,45,197,0,0,161,3662,0,0,161,3662,California
Placer,2020-12-27,183,3845,161,3626,22,219,0,0,183,3845,0,0,183,3845,California
Placer,2020-12-28,672,4517,545,4171,127,346,0,0,672,4517,0,0,672,4517,California
Placer,2020-12-29,770,5287,517,4688,253,599,0,0,770,5287,0,0,770,5287,California
Placer,2020-12-30,736,6023,461,5149,275,874,0,0,734,6021,0,0,734,6021,California
Placer,2020-12-31,548,6571,360,5509,188,1062,0,0,548,6569,0,0,548,6569,California
Placer,2021-01-01,17,6588,12,5521,5,1067,0,0,17,6586,0,0,17,6586,California
Placer,2021-01-02,188,6776,156,5677,32,1099,0,0,188,6774,0,0,188,6774,California
Placer,2021-01-03,155,6931,80,5757,75,1174,0,0,155,6929,0,0,155,6929,California
Placer,2021-01-04,624,7555,181,5938,443,1617,0,0,624,7553,0,0,624,7553,California
Placer,2021-01-05,737,8292,160,6098,577,2194,0,0,648,8114,88,88,649,8202,California
Placer,2021-01-06,763,9055,246,6344,517,2711,0,0,612,8575,151,239,612,8814,California
Placer,2021-01-07,991,10046,369,6713,622,3333,0,0,764,9112,227,466,764,9578,California
Placer,2021-01-08,1191,11237,532,7245,659,3992,0,0,798,9520,390,856,798,10376,California
Placer,2021-01-09,456,11693,321,7566,135,4127,0,0,239,9543,216,1072,239,10615,California
Placer,2021-01-10,334,12027,187,7753,147,4274,0,0,166,9541,168,1240,166,10781,California
Placer,2021-01-11,1440,13467,816,8569,624,4898,0,0,844,9790,596,1836,845,11626,California
Placer,2021-01-12,1678,15145,894,9463,784,5682,0,0,1064,10241,613,2449,1064,12690,California
Placer,2021-01-13,1660,16805,839,10302,821,6503,0,0,1227,11040,431,2880,1230,13920,California
Placer,2021-01-14,1827,18632,680,10982,1147,7650,0,0,1452,12121,372,3252,1453,15373,California
Placer,2021-01-15,1956,20588,731,11713,1225,8875,0,0,1602,13371,353,3605,1603,16976,California
Placer,2021-01-16,1511,22099,717,12430,794,9669,0,0,1389,14639,122,3727,1390,18366,California
Placer,2021-01-17,575,22674,400,12830,175,9844,0,0,436,14937,138,3865,436,18802,California
Placer,2021-01-18,986,23660,544,13374,442,10286,0,0,751,15454,235,4100,752,19554,California
Placer,2021-01-19,2635,26295,1969,15343,666,10952,0,0,2180,17180,455,4555,2181,21735,California
Placer,2021-01-20,2347,28642,1769,17112,578,11530,0,0,2007,18848,340,4895,2008,23743,California
Placer,2021-01-21,2591,31233,1138,18250,1453,12983,0,0,2185,20630,404,5299,2186,25929,California
Placer,2021-01-22,2355,33588,633,18883,1722,14705,0,0,2176,22630,177,5476,2177,28106,California
Placer,2021-01-23,1207,34795,388,19271,819,15524,0,0,1047,23518,159,5635,1047,29153,California
Placer,2021-01-24,522,35317,274,19545,248,15772,0,0,440,23877,82,5717,441,29594,California
Placer,2021-01-25,1687,37004,808,20353,879,16651,0,0,1391,24973,296,6013,1392,30986,California
Placer,2021-01-26,1888,38892,1048,21401,840,17491,0,0,1616,26317,272,6285,1616,32602,California
Placer,2021-01-27,1865,40757,1171,22572,694,18185,0,0,1614,27683,249,6534,1615,34217,California
Placer,2021-01-28,1823,42580,1124,23696,699,18884,0,0,1572,29006,249,6783,1572,35789,California
Placer,2021-01-29,1936,44516,1182,24878,754,19638,0,0,1733,30538,202,6985,1734,37523,California
Placer,2021-01-30,1748,46264,972,25850,776,20414,0,0,1627,32045,120,7105,1627,39150,California
Placer,2021-01-31,787,47051,626,26476,161,20575,0,0,716,32690,71,7176,716,39866,California
Placer,2021-02-01,2092,49143,1102,27578,990,21565,0,0,1773,34145,318,7494,1773,41639,California
Placer,2021-02-02,2416,51559,1554,29132,862,22427,0,0,1908,35548,505,7999,1908,43547,California
Placer,2021-02-03,2933,54492,1884,31016,1049,23476,0,0,2299,37217,630,8629,2299,45846,California
Placer,2021-02-04,2784,57276,1193,32209,1591,25067,0,0,1943,38324,837,9466,1944,47790,California
Placer,2021-02-05,2813,60089,1281,33490,1532,26599,0,0,1433,38401,1356,10822,1433,49223,California
Placer,2021-02-06,1998,62087,1334,34824,664,27263,0,0,1444,39292,553,11375,1444,50667,California
Placer,2021-02-07,1228,63315,913,35737,315,27578,0,0,936,39937,291,11666,936,51603,California
Placer,2021-02-08,3301,66616,1756,37493,1545,29123,0,0,1956,40575,1319,12985,1957,53560,California
Placer,2021-02-09,3579,70195,2194,39687,1385,30508,0,0,1652,40304,1923,14908,1652,55212,California
Placer,2021-02-10,3789,73984,2217,41904,1572,32080,0,0,1717,39955,2068,16976,1719,56931,California
Placer,2021-02-11,3735,77719,1923,43827,1812,33892,0,0,1583,39403,2136,19112,1584,58515,California
Placer,2021-02-12,2890,80609,1347,45174,1543,35435,0,0,1679,39909,1174,20286,1680,60195,California
Placer,2021-02-13,2627,83236,1472,46646,1155,36590,0,0,1933,41148,694,20980,1933,62128,California
Placer,2021-02-14,1097,84333,687,47333,410,37000,0,0,741,41535,354,21334,741,62869,California
Placer,2021-02-15,2265,86598,1050,48383,1215,38215,0,0,1553,42377,712,22046,1554,64423,California
Placer,2021-02-16,3613,90211,1807,50190,1806,40021,0,0,1604,41982,2000,24046,1605,66028,California
Placer,2021-02-17,3576,93787,1987,52177,1589,41610,0,0,1521,41452,2051,26097,1521,67549,California
Placer,2021-02-18,3855,97642,2081,54258,1774,43384,0,0,1642,40893,2202,28299,1643,69192,California
Placer,2021-02-19,3661,101303,1967,56225,1694,45078,0,0,1363,39970,2288,30587,1365,70557,California
Placer,2021-02-20,2107,103410,1308,57533,799,45877,0,0,943,39761,1156,31743,947,71504,California
Placer,2021-02-21,1180,104590,774,58307,406,46283,0,0,427,39438,751,32494,428,71932,California
Placer,2021-02-22,2613,107203,1832,60139,781,47064,0,0,617,38063,1992,34486,617,72549,California
Placer,2021-02-23,2708,109911,1653,61792,1055,48119,0,0,916,37188,1791,36277,916,73465,California
Placer,2021-02-24,3389,113300,1214,63006,2175,50294,0,0,1838,37489,1539,37816,1840,75305,California
Placer,2021-02-25,3759,117059,1553,64559,2206,52500,0,0,2054,37850,1696,39512,2057,77362,California
Placer,2021-02-26,4278,121337,2458,67017,1820,54320,0,0,2466,38511,1806,41318,2467,79829,California
Placer,2021-02-27,2932,124269,1536,68553,1396,55716,0,0,1513,38612,1414,42732,1515,81344,California
Placer,2021-02-28,1620,125889,879,69432,740,56456,1,1,741,38481,873,43605,742,82086,California
Placer,2021-03-01,3216,129105,2139,71571,1077,57533,0,1,1637,38548,1570,45175,1637,83723,California
Placer,2021-03-02,2929,132034,1804,73375,1125,58658,0,1,1908,39448,1008,46183,1908,85631,California
Placer,2021-03-03,3402,135436,1483,74858,1918,60576,1,2,1861,39778,1533,47716,1863,87494,California
Placer,2021-03-04,3653,139089,1468,76326,2185,62761,0,2,1898,39934,1743,49459,1899,89393,California
Placer,2021-03-05,3022,142111,1038,77364,1963,64724,21,23,1817,40572,1200,50659,1838,91231,California
Placer,2021-03-06,2447,144558,1513,78877,839,65563,95,118,941,40110,1498,52157,1036,92267,California
Placer,2021-03-07,1351,145909,774,79651,538,66101,39,157,547,39896,800,52957,586,92853,California
Placer,2021-03-08,2942,148851,1849,81500,979,67080,114,271,1662,40396,1276,54233,1776,94629,California
Placer,2021-03-09,3212,152063,1709,83209,1412,68492,91,362,1842,40962,1367,55600,1933,96562,California
Placer,2021-03-10,3318,155381,1341,84550,1871,70363,106,468,1728,41211,1585,57185,1834,98396,California
Placer,2021-03-11,3686,159067,1682,86232,1878,72241,126,594,1755,41175,1919,59104,1883,100279,California
Placer,2021-03-12,3709,162776,1496,87728,1433,73674,780,1374,1250,40759,2447,61551,2031,102310,California
Placer,2021-03-13,2222,164998,753,88481,1345,75019,124,1498,1185,41034,1033,62584,1308,103618,California
Placer,2021-03-14,1709,166707,685,89166,875,75894,149,1647,894,41264,813,63397,1043,104661,California
Placer,2021-03-15,3232,169939,1552,90718,1550,77444,130,1777,1774,41715,1454,64851,1905,106566,California
Placer,2021-03-16,3641,173580,1964,92682,1542,78986,135,1912,2313,42846,1317,66168,2448,109014,California
Placer,2021-03-17,3475,177055,1752,94434,1619,80605,104,2016,2231,43942,1240,67408,2336,111350,California
Placer,2021-03-18,4127,181182,2341,96775,1747,82352,39,2055,2866,45594,1252,68660,2904,114254,California
Placer,2021-03-19,3477,184659,2082,98857,1126,83478,269,2324,2162,46718,1304,69964,2428,116682,California
Placer,2021-03-20,2203,186862,909,99766,1195,84673,99,2423,1346,47310,852,70816,1444,118126,California
Placer,2021-03-21,1317,188179,588,100354,719,85392,10,2433,795,47597,518,71334,805,118931,California
Placer,2021-03-22,3330,191509,2133,102487,1106,86498,91,2524,2157,48676,1169,72503,2248,121179,California
Placer,2021-03-23,3593,195102,2125,104612,1380,87878,88,2612,2564,50305,1023,73526,2652,123831,California
Placer,2021-03-24,3815,198917,2009,106621,1709,89587,97,2709,1914,50439,1878,75404,2012,125843,California
Placer,2021-03-25,3878,202795,1871,108492,1906,91493,101,2810,1708,50090,2157,77561,1808,127651,California
Placer,2021-03-26,3795,206590,1679,110171,1884,93377,232,3042,1517,49578,2261,79822,1749,129400,California
Placer,2021-03-27,1642,208232,482,110653,1140,94517,20,3062,640,49242,995,80817,659,130059,California
Placer,2021-03-28,1133,209365,530,111183,593,95110,10,3072,300,48736,816,81633,310,130369,California
Placer,2021-03-29,3582,212947,1998,113181,1548,96658,36,3108,1729,48662,1842,83475,1768,132137,California
Placer,2021-03-30,3985,216932,2095,115276,1846,98504,44,3152,2079,48891,1892,85367,2121,134258,California
Placer,2021-03-31,4128,221060,1839,117115,2214,100718,75,3227,1691,48226,2429,87796,1764,136022,California
Placer,2021-04-01,3009,224069,1447,118562,1514,102232,48,3275,1669,48612,1331,89127,1717,137739,California
Placer,2021-04-02,2855,226924,1456,120018,1332,103564,67,3342,1605,49038,1243,90370,1669,139408,California
Placer,2021-04-03,1866,228790,997,121015,740,104304,129,3471,895,49097,963,91333,1022,140430,California
Placer,2021-04-04,717,229507,368,121383,296,104600,53,3524,287,49012,425,91758,340,140770,California
Placer,2021-04-05,3024,232531,1913,123296,925,105525,186,3710,1754,49688,1264,93022,1940,142710,California
Placer,2021-04-06,4320,236851,2497,125793,1520,107045,303,4013,1534,48747,2777,95799,1836,144546,California
Placer,2021-04-07,4571,241422,2608,128401,1499,108544,464,4477,2084,48811,2480,98279,2544,147090,California
Placer,2021-04-08,4742,246164,2617,131018,1581,110125,544,5021,1588,47802,3141,101420,2132,149222,California
Placer,2021-04-09,4159,250323,2279,133297,1254,111379,626,5647,1248,46775,2902,104322,1875,151097,California
Placer,2021-04-10,2117,252440,886,134183,1047,112426,184,5831,922,46688,1192,105514,1105,152202,California
Placer,2021-04-11,1395,253835,536,134719,826,113252,33,5864,445,46220,945,106459,477,152679,California
Placer,2021-04-12,4142,257977,2664,137383,1089,114341,389,6253,2472,47420,1660,108119,2860,155539,California
Placer,2021-04-13,4374,262351,3008,140391,1365,115706,1,6254,2190,47435,2177,110296,2192,157731,California
Placer,2021-04-14,4179,266530,2595,142986,1583,117289,1,6255,1859,46985,2309,112605,1859,159590,California
Placer,2021-04-15,4529,271059,2521,145507,2007,119296,1,6256,2361,47189,2158,114763,2362,161952,California
Placer,2021-04-16,3716,274775,2201,147708,1515,120811,0,6256,1449,46378,2260,117023,1449,163401,California
Placer,2021-04-17,2646,277421,855,148563,1791,122602,0,6256,1730,47198,910,117933,1730,165131,California
Placer,2021-04-18,1273,278694,302,148865,971,123573,0,6256,441,46809,830,118763,441,165572,California
Placer,2021-04-19,2970,281664,1830,150695,1140,124713,0,6256,1169,46183,1796,120559,1170,166742,California
Placer,2021-04-20,3916,285580,2561,153256,1355,126068,0,6256,2452,47181,1454,122013,2452,169194,California
Placer,2021-04-21,3822,289402,2538,155794,1283,127351,1,6257,2486,48337,1331,123344,2487,171681,California
Placer,2021-04-22,3748,293150,2335,158129,1413,128764,0,6257,1794,48183,1948,125292,1794,173475,California
Placer,2021-04-23,3581,296731,2382,160511,1198,129962,1,6258,1403,47416,2171,127463,1404,174879,California
Placer,2021-04-24,2096,298827,1272,161783,823,130785,1,6259,1225,47780,861,128324,1225,176104,California
Placer,2021-04-25,934,299761,500,162283,434,131219,0,6259,554,47954,380,128704,554,176658,California
Placer,2021-04-26,2515,302276,1361,163644,1130,132349,24,6283,1212,47895,1294,129998,1235,177893,California
Placer,2021-04-27,2796,305072,1482,165126,1265,133614,49,6332,1586,48326,1206,131204,1637,179530,California
Placer,2021-04-28,3062,308134,1916,167042,1110,134724,36,6368,1613,48537,1439,132643,1650,181180,California
Placer,2021-04-29,3441,311575,2246,169288,1141,135865,54,6422,1452,48060,1983,134626,1506,182686,California
Placer,2021-04-30,3043,314618,1849,171137,1145,137010,49,6471,1223,47518,1814,136440,1272,183958,California
Placer,2021-05-01,1339,315957,935,172072,379,137389,25,6496,612,47434,720,137160,636,184594,California
Placer,2021-05-02,737,316694,573,172645,142,137531,22,6518,332,47385,403,137563,354,184948,California
Placer,2021-05-03,1621,318315,1001,173646,553,138084,67,6585,442,46718,1175,138738,508,185456,California
Placer,2021-05-04,2368,320683,1358,175004,844,138928,166,6751,878,46279,1483,140221,1044,186500,California
Placer,2021-05-05,3732,324415,2536,177540,1091,140019,105,6856,978,44619,2743,142964,1083,187583,California
Placer,2021-05-06,3115,327530,1911,179451,1128,141147,76,6932,819,43244,2270,145234,895,188478,California
Placer,2021-05-07,2837,330367,1913,181364,831,141978,93,7025,799,42110,2026,147260,892,189370,California
Placer,2021-05-08,1412,331779,738,182102,631,142609,43,7068,413,41566,998,148258,454,189824,California
Placer,2021-05-09,452,332231,221,182323,210,142819,21,7089,209,41553,243,148501,230,190054,California
Placer,2021-05-10,1928,334159,1032,183355,800,143619,96,7185,423,40572,1500,150001,519,190573,California
Placer,2021-05-11,3042,337201,2203,185558,721,144340,118,7303,656,38971,2375,152376,774,191347,California
Placer,2021-05-12,2886,340087,2002,187560,827,145167,57,7360,683,37518,2195,154571,742,192089,California
Placer,2021-05-13,2872,342959,1855,189415,969,146136,48,7408,1010,36715,1860,156431,1057,193146,California
Placer,2021-05-14,2848,345807,1872,191287,840,146976,136,7544,1372,36756,1461,157892,1502,194648,California
Placer,2021-05-15,2105,347912,1366,192653,715,147691,24,7568,934,36550,1164,159056,958,195606,California
Placer,2021-05-16,1193,349105,530,193183,644,148335,19,7587,342,36062,849,159905,361,195967,California
Placer,2021-05-17,2359,351464,1569,194752,714,149049,76,7663,1015,35813,1340,161245,1091,197058,California
Placer,2021-05-18,2511,353975,1683,196435,748,149797,80,7743,1127,35639,1380,162625,1206,198264,California
Placer,2021-05-19,2542,356517,1594,198029,902,150699,46,7789,873,34894,1664,164289,919,199183,California
Placer,2021-05-20,2544,359061,1651,199680,845,151544,48,7837,863,34134,1672,165961,912,200095,California
Placer,2021-05-21,2448,361509,1530,201210,773,152317,145,7982,1054,33945,1386,167347,1197,201292,California
Placer,2021-05-22,1611,363120,1059,202269,510,152827,42,8024,763,33907,843,168190,805,202097,California
Placer,2021-05-23,638,363758,358,202627,264,153091,16,8040,280,33846,358,168548,297,202394,California
Placer,2021-05-24,1513,365271,771,203398,605,153696,137,8177,447,33366,1064,169612,584,202978,California
Placer,2021-05-25,1797,367068,946,204344,751,154447,100,8277,641,32959,1148,170760,741,203719,California
Placer,2021-05-26,1586,368654,909,205253,638,155085,39,8316,613,32644,968,171728,653,204372,California
Placer,2021-05-27,1463,370117,721,205974,697,155782,45,8361,662,32558,793,172521,707,205079,California
Placer,2021-05-28,1706,371823,857,206831,752,156534,97,8458,726,32407,974,173495,823,205902,California
Placer,2021-05-29,751,372574,405,207236,315,156849,31,8489,379,32448,368,173863,409,206311,California
Placer,2021-05-30,342,372916,230,207466,98,156947,14,8503,210,32541,131,173994,224,206535,California
Placer,2021-05-31,147,373063,70,207536,60,157007,17,8520,30,32471,116,174110,46,206581,California
Placer,2021-06-01,1678,374741,883,208419,722,157729,73,8593,591,32052,1082,175192,663,207244,California
Placer,2021-06-02,1508,376249,761,209180,680,158409,67,8660,488,31588,1019,176211,555,207799,California
Placer,2021-06-03,1700,377949,1031,210211,610,159019,59,8719,429,30810,1265,177476,487,208286,California
Placer,2021-06-04,1861,379810,1318,211529,489,159508,54,8773,458,29926,1394,178870,510,208796,California
Placer,2021-06-05,1089,380899,771,212300,277,159785,41,8814,267,29416,818,179688,308,209104,California
Placer,2021-06-06,500,381399,361,212661,122,159907,17,8831,124,29182,375,180063,141,209245,California
Placer,2021-06-07,1049,382448,717,213378,260,160167,72,8903,224,28654,822,180885,294,209539,California
Placer,2021-06-08,1729,384177,1317,214695,363,160530,49,8952,433,27842,1293,182178,481,210020,California
Placer,2021-06-09,1168,385345,847,215542,269,160799,52,9004,256,27242,909,183087,309,210329,California
Placer,2021-06-10,1255,386600,866,216408,314,161113,75,9079,314,26691,938,184025,387,210716,California
Placer,2021-06-11,1488,388088,1073,217481,356,161469,59,9138,341,25948,1142,185167,399,211115,California
Placer,2021-06-12,1017,389105,754,218235,237,161706,26,9164,220,25399,795,185962,246,211361,California
Placer,2021-06-13,394,389499,303,218538,80,161786,11,9175,92,25201,301,186263,103,211464,California
Placer,2021-06-14,769,390268,524,219062,199,161985,46,9221,223,24926,542,186805,267,211731,California
Placer,2021-06-15,1290,391558,860,219922,367,162352,63,9284,423,24548,863,187668,485,212216,California
Placer,2021-06-16,1035,392593,749,220671,231,162583,55,9339,332,24232,702,188370,386,212602,California
Placer,2021-06-17,879,393472,607,221278,235,162818,37,9376,275,23944,600,188970,312,212914,California
Placer,2021-06-18,1153,394625,762,222040,302,163120,89,9465,377,23635,775,189745,466,213380,California
Placer,2021-06-19,608,395233,437,222477,138,163258,33,9498,237,23537,367,190112,269,213649,California
Placer,2021-06-20,282,395515,231,222708,43,163301,8,9506,106,23476,174,190286,113,213762,California
Placer,2021-06-21,492,396007,288,222996,166,163467,38,9544,234,23490,258,190544,272,214034,California
Placer,2021-06-22,880,396887,622,223618,204,163671,54,9598,263,23197,610,191154,317,214351,California
Placer,2021-06-23,842,397729,610,224228,185,163856,47,9645,386,23175,455,191609,433,214784,California
Placer,2021-06-24,819,398548,514,224742,258,164114,47,9692,311,23028,505,192114,358,215142,California
Placer,2021-06-25,936,399484,665,225407,218,164332,53,9745,386,22924,543,192657,439,215581,California
Placer,2021-06-26,540,400024,390,225797,120,164452,30,9775,238,22892,300,192957,268,215849,California
Placer,2021-06-27,249,400273,181,225978,57,164509,11,9786,117,22888,131,193088,127,215976,California
Placer,2021-06-28,489,400762,362,226340,83,164592,44,9830,209,22862,279,193367,253,216229,California
Placer,2021-06-29,828,401590,583,226923,199,164791,46,9876,321,22723,506,193873,367,216596,California
Placer,2021-06-30,597,402187,416,227339,140,164931,41,9917,258,22684,338,194211,299,216895,California
Placer,2021-07-01,543,402730,363,227702,141,165072,39,9956,220,22622,321,194532,259,217154,California
Placer,2021-07-02,647,403377,474,228176,148,165220,25,9981,281,22568,360,194892,306,217460,California
Placer,2021-07-03,183,403560,114,228290,56,165276,13,9994,83,22566,98,194990,96,217556,California
Plumas,2020-12-18,3,3,3,3,0,0,0,0,3,3,0,0,3,3,California
Plumas,2020-12-19,1,4,1,4,0,0,0,0,1,4,0,0,1,4,California
Plumas,2020-12-21,45,49,45,49,0,0,0,0,45,49,0,0,45,49,California
Plumas,2020-12-22,92,141,92,141,0,0,0,0,92,141,0,0,92,141,California
Plumas,2020-12-23,50,191,50,191,0,0,0,0,50,191,0,0,50,191,California
Plumas,2020-12-24,6,197,6,197,0,0,0,0,6,197,0,0,6,197,California
Plumas,2020-12-28,8,205,0,197,8,8,0,0,8,205,0,0,8,205,California
Plumas,2020-12-29,32,237,22,219,10,18,0,0,32,237,0,0,32,237,California
Plumas,2020-12-30,23,260,1,220,22,40,0,0,23,260,0,0,23,260,California
Plumas,2020-12-31,4,264,1,221,3,43,0,0,4,264,0,0,4,264,California
Plumas,2021-01-01,1,265,0,221,1,44,0,0,1,265,0,0,1,265,California
Plumas,2021-01-02,1,266,0,221,1,45,0,0,1,266,0,0,1,266,California
Plumas,2021-01-04,10,276,4,225,6,51,0,0,10,276,0,0,10,276,California
Plumas,2021-01-05,22,298,2,227,20,71,0,0,22,298,0,0,22,298,California
Plumas,2021-01-06,123,421,5,232,118,189,0,0,123,421,0,0,123,421,California
Plumas,2021-01-07,53,474,2,234,51,240,0,0,52,472,1,1,52,473,California
Plumas,2021-01-08,11,485,4,238,7,247,0,0,8,477,3,4,8,481,California
Plumas,2021-01-09,2,487,2,240,0,247,0,0,1,477,1,5,1,482,California
Plumas,2021-01-11,58,545,50,290,8,255,0,0,11,441,47,52,11,493,California
Plumas,2021-01-12,155,700,86,376,69,324,0,0,71,428,84,136,71,564,California
Plumas,2021-01-13,55,755,50,426,5,329,0,0,9,391,46,182,9,573,California
Plumas,2021-01-14,99,854,14,440,85,414,0,0,94,480,5,187,94,667,California
Plumas,2021-01-15,63,917,7,447,56,470,0,0,61,539,2,189,61,728,California
Plumas,2021-01-16,58,975,1,448,57,527,0,0,58,597,0,189,58,786,California
Plumas,2021-01-18,2,977,1,449,1,528,0,0,2,599,0,189,2,788,California
Plumas,2021-01-19,36,1013,5,454,31,559,0,0,32,627,4,193,32,820,California
Plumas,2021-01-20,122,1135,3,457,119,678,0,0,120,745,2,195,120,940,California
Plumas,2021-01-21,112,1247,2,459,110,788,0,0,112,857,0,195,112,1052,California
Plumas,2021-01-22,5,1252,1,460,4,792,0,0,5,862,0,195,5,1057,California
Plumas,2021-01-23,94,1346,2,462,92,884,0,0,94,956,0,195,94,1151,California
Plumas,2021-01-24,1,1347,1,463,0,884,0,0,1,957,0,195,1,1152,California
Plumas,2021-01-25,11,1358,8,471,3,887,0,0,8,962,3,198,8,1160,California
Plumas,2021-01-26,59,1417,2,473,57,944,0,0,51,1005,8,206,51,1211,California
Plumas,2021-01-27,26,1443,20,493,6,950,0,0,6,991,20,226,6,1217,California
Plumas,2021-01-28,24,1467,0,493,24,974,0,0,22,1011,2,228,22,1239,California
Plumas,2021-01-29,9,1476,3,496,6,980,0,0,8,1018,1,229,8,1247,California
Plumas,2021-01-30,11,1487,4,500,7,987,0,0,9,1025,2,231,9,1256,California
Plumas,2021-01-31,3,1490,3,503,0,987,0,0,3,1028,0,231,3,1259,California
Plumas,2021-02-01,22,1512,4,507,18,1005,0,0,14,1034,8,239,14,1273,California
Plumas,2021-02-02,24,1536,4,511,20,1025,0,0,4,1018,20,259,4,1277,California
Plumas,2021-02-03,129,1665,8,519,121,1146,0,0,14,918,114,373,14,1291,California
Plumas,2021-02-04,102,1767,8,527,94,1240,0,0,23,862,79,452,23,1314,California
Plumas,2021-02-05,25,1792,11,538,14,1254,0,0,10,857,15,467,10,1324,California
Plumas,2021-02-06,8,1800,1,539,7,1261,0,0,8,865,0,467,8,1332,California
Plumas,2021-02-08,14,1814,5,544,9,1270,0,0,2,855,12,479,2,1334,California
Plumas,2021-02-09,172,1986,2,546,170,1440,0,0,112,907,60,539,112,1446,California
Plumas,2021-02-10,88,2074,9,555,79,1519,0,0,80,980,8,547,81,1527,California
Plumas,2021-02-11,322,2396,6,561,316,1835,0,0,262,1182,60,607,262,1789,California
Plumas,2021-02-12,125,2521,4,565,121,1956,0,0,119,1295,6,613,119,1908,California
Plumas,2021-02-13,76,2597,6,571,70,2026,0,0,15,1249,61,674,15,1923,California
Plumas,2021-02-14,8,2605,5,576,3,2029,0,0,8,1257,0,674,8,1931,California
Plumas,2021-02-15,26,2631,5,581,21,2050,0,0,23,1277,3,677,23,1954,California
Plumas,2021-02-16,78,2709,4,585,74,2124,0,0,14,1227,64,741,14,1968,California
Plumas,2021-02-17,137,2846,5,590,132,2256,0,0,12,1114,125,866,12,1980,California
Plumas,2021-02-18,129,2975,6,596,123,2379,0,0,20,1026,109,975,21,2001,California
Plumas,2021-02-19,43,3018,6,602,37,2416,0,0,7,997,36,1011,7,2008,California
Plumas,2021-02-20,105,3123,7,609,98,2514,0,0,13,918,92,1103,13,2021,California
Plumas,2021-02-21,6,3129,5,614,1,2515,0,0,2,916,4,1107,2,2023,California
Plumas,2021-02-22,6,3135,3,617,3,2518,0,0,1,912,5,1112,1,2024,California
Plumas,2021-02-23,24,3159,5,622,19,2537,0,0,17,922,7,1119,17,2041,California
Plumas,2021-02-24,463,3622,8,630,455,2992,0,0,450,1359,13,1132,450,2491,California
Plumas,2021-02-25,234,3856,11,641,223,3215,0,0,170,1465,64,1196,170,2661,California
Plumas,2021-02-26,268,4124,9,650,259,3474,0,0,260,1718,8,1204,261,2922,California
Plumas,2021-02-27,42,4166,4,654,38,3512,0,0,35,1746,7,1211,35,2957,California
Plumas,2021-02-28,4,4170,0,654,4,3516,0,0,2,1746,2,1213,2,2959,California
Plumas,2021-03-01,22,4192,6,660,16,3532,0,0,12,1749,9,1222,12,2971,California
Plumas,2021-03-02,10,4202,0,660,10,3542,0,0,7,1754,2,1224,7,2978,California
Plumas,2021-03-03,156,4358,11,671,145,3687,0,0,139,1876,17,1241,139,3117,California
Plumas,2021-03-04,253,4611,9,680,244,3931,0,0,231,2085,22,1263,231,3348,California
Plumas,2021-03-05,399,5010,6,686,388,4319,5,5,387,2465,12,1275,392,3740,California
Plumas,2021-03-06,21,5031,2,688,11,4330,8,13,4,2460,17,1292,12,3752,California
Plumas,2021-03-07,13,5044,2,690,2,4332,9,22,3,2462,10,1302,12,3764,California
Plumas,2021-03-08,30,5074,3,693,3,4335,24,46,3,2463,27,1329,28,3792,California
Plumas,2021-03-09,133,5207,2,695,116,4451,15,61,18,2381,115,1444,33,3825,California
Plumas,2021-03-10,255,5462,3,698,238,4689,14,75,107,2355,147,1591,121,3946,California
Plumas,2021-03-11,177,5639,8,706,164,4853,5,80,142,2467,35,1626,147,4093,California
Plumas,2021-03-12,594,6233,4,710,303,5156,287,367,22,2204,572,2198,309,4402,California
Plumas,2021-03-13,28,6261,5,715,12,5168,11,378,7,2201,21,2219,18,4420,California
Plumas,2021-03-14,12,6273,3,718,4,5172,5,383,1,2197,10,2229,6,4426,California
Plumas,2021-03-15,32,6305,1,719,24,5196,7,390,6,2184,26,2255,13,4439,California
Plumas,2021-03-16,61,6366,3,722,57,5253,1,391,49,2223,11,2266,50,4489,California
Plumas,2021-03-17,76,6442,10,732,65,5318,1,392,59,2267,16,2282,60,4549,California
Plumas,2021-03-18,61,6503,7,739,38,5356,16,408,14,2250,47,2329,30,4579,California
Plumas,2021-03-19,165,6668,7,746,156,5512,2,410,155,2400,8,2337,158,4737,California
Plumas,2021-03-20,700,7368,4,750,695,6207,1,411,678,3059,20,2357,679,5416,California
Plumas,2021-03-21,2,7370,1,751,1,6208,0,411,1,3060,0,2357,1,5417,California
Plumas,2021-03-22,183,7553,2,753,181,6389,0,411,175,3228,7,2364,175,5592,California
Plumas,2021-03-23,28,7581,2,755,26,6415,0,411,14,3228,14,2378,14,5606,California
Plumas,2021-03-24,657,8238,6,761,650,7065,1,412,219,3012,437,2815,221,5827,California
Plumas,2021-03-25,310,8548,7,768,301,7366,2,414,166,3034,144,2959,166,5993,California
Plumas,2021-03-26,315,8863,9,777,306,7672,0,414,46,2812,268,3227,46,6039,California
Plumas,2021-03-27,14,8877,1,778,12,7684,1,415,3,2805,11,3238,4,6043,California
Plumas,2021-03-28,6,8883,3,781,2,7686,1,416,3,2806,3,3241,4,6047,California
Plumas,2021-03-29,12,8895,4,785,7,7693,1,417,4,2803,8,3249,5,6052,California
Plumas,2021-03-30,152,9047,3,788,148,7841,1,418,25,2702,127,3376,26,6078,California
Plumas,2021-03-31,297,9344,4,792,292,8133,1,419,272,2950,25,3401,273,6351,California
Plumas,2021-04-01,309,9653,12,804,296,8429,1,420,66,2776,240,3641,66,6417,California
Plumas,2021-04-02,377,10030,5,809,371,8800,1,421,31,2474,334,3975,32,6449,California
Plumas,2021-04-03,16,10046,3,812,5,8805,8,429,2,2470,14,3989,10,6459,California
Plumas,2021-04-04,3,10049,1,813,1,8806,1,430,0,2468,3,3992,1,6460,California
Plumas,2021-04-05,12,10061,4,817,7,8813,1,431,4,2466,7,3999,5,6465,California
Plumas,2021-04-06,121,10182,6,823,89,8902,26,457,14,2399,107,4106,40,6505,California
Plumas,2021-04-07,284,10466,8,831,99,9001,177,634,29,2350,255,4361,206,6711,California
Plumas,2021-04-08,150,10616,4,835,131,9132,15,649,35,2285,114,4475,49,6760,California
Plumas,2021-04-09,52,10668,10,845,24,9156,18,667,18,2286,34,4509,35,6795,California
Plumas,2021-04-10,25,10693,2,847,6,9162,17,684,5,2288,20,4529,22,6817,California
Plumas,2021-04-11,5,10698,3,850,1,9163,1,685,3,2291,1,4530,4,6821,California
Plumas,2021-04-12,13,10711,5,855,5,9168,3,688,7,2296,5,4535,10,6831,California
Plumas,2021-04-13,211,10922,5,860,206,9374,0,688,141,2367,70,4605,141,6972,California
Plumas,2021-04-14,111,11033,8,868,103,9477,0,688,56,2369,54,4659,56,7028,California
Plumas,2021-04-15,53,11086,2,870,51,9528,0,688,33,2383,19,4678,33,7061,California
Plumas,2021-04-16,142,11228,2,872,140,9668,0,688,2,2245,140,4818,2,7063,California
Plumas,2021-04-17,672,11900,2,874,670,10338,0,688,18,1612,651,5469,18,7081,California
Plumas,2021-04-18,4,11904,3,877,1,10339,0,688,1,1610,3,5472,1,7082,California
Plumas,2021-04-19,38,11942,3,880,35,10374,0,688,5,1582,33,5505,5,7087,California
Plumas,2021-04-20,43,11985,5,885,38,10412,0,688,27,1594,15,5520,27,7114,California
Plumas,2021-04-21,311,12296,5,890,305,10717,1,689,18,1319,293,5813,18,7132,California
Plumas,2021-04-22,276,12572,8,898,268,10985,0,689,126,1295,150,5963,126,7258,California
Plumas,2021-04-23,73,12645,6,904,67,11052,0,689,16,1254,57,6020,16,7274,California
Plumas,2021-04-24,171,12816,5,909,166,11218,0,689,144,1372,26,6046,144,7418,California
Plumas,2021-04-26,30,12846,4,913,26,11244,0,689,8,1359,21,6067,8,7426,California
Plumas,2021-04-27,93,12939,3,916,90,11334,0,689,56,1378,37,6104,56,7482,California
Plumas,2021-04-28,286,13225,4,920,282,11616,0,689,38,1170,246,6350,38,7520,California
Plumas,2021-04-29,172,13397,69,989,103,11719,0,689,118,1234,54,6404,118,7638,California
Plumas,2021-04-30,21,13418,10,999,11,11730,0,689,5,1223,16,6420,5,7643,California
Plumas,2021-05-01,7,13425,1,1000,5,11735,1,690,1,1221,4,6424,2,7645,California
Plumas,2021-05-02,3,13428,3,1003,0,11735,0,690,1,1220,2,6426,1,7646,California
Plumas,2021-05-03,20,13448,7,1010,7,11742,6,696,6,1220,12,6438,12,7658,California
Plumas,2021-05-04,33,13481,5,1015,22,11764,6,702,19,1232,13,6451,25,7683,California
Plumas,2021-05-05,49,13530,6,1021,42,11806,1,703,22,1228,27,6478,23,7706,California
Plumas,2021-05-06,61,13591,2,1023,54,11860,5,708,19,1210,42,6520,24,7730,California
Plumas,2021-05-07,22,13613,5,1028,16,11876,1,709,8,1205,14,6534,9,7739,California
Plumas,2021-05-08,6,13619,0,1028,4,11880,2,711,4,1209,2,6536,6,7745,California
Plumas,2021-05-10,51,13670,1,1029,27,11907,23,734,23,1227,28,6564,46,7791,California
Plumas,2021-05-11,163,13833,3,1032,141,12048,19,753,12,1107,151,6715,31,7822,California
Plumas,2021-05-12,100,13933,2,1034,90,12138,8,761,37,1090,62,6777,45,7867,California
Plumas,2021-05-13,36,13969,3,1037,31,12169,2,763,14,1084,22,6799,16,7883,California
Plumas,2021-05-14,20,13989,4,1041,11,12180,5,768,10,1089,10,6809,15,7898,California
Plumas,2021-05-15,10,13999,4,1045,4,12184,2,770,4,1089,6,6815,6,7904,California
Plumas,2021-05-16,2,14001,1,1046,1,12185,0,770,1,1089,1,6816,1,7905,California
Plumas,2021-05-17,13,14014,0,1046,4,12189,9,779,4,1093,9,6825,13,7918,California
Plumas,2021-05-18,44,14058,7,1053,36,12225,1,780,24,1098,20,6845,25,7943,California
Plumas,2021-05-19,47,14105,3,1056,30,12255,14,794,12,1090,35,6880,27,7970,California
Plumas,2021-05-20,191,14296,136,1192,44,12299,11,805,78,1068,111,6991,89,8059,California
Plumas,2021-05-21,29,14325,8,1200,14,12313,7,812,14,1074,15,7006,21,8080,California
Plumas,2021-05-22,137,14462,1,1201,136,12449,0,812,7,953,128,7134,7,8087,California
Plumas,2021-05-23,1,14463,1,1202,0,12449,0,812,0,952,1,7135,0,8087,California
Plumas,2021-05-24,51,14514,37,1239,13,12462,1,813,41,985,9,7144,42,8129,California
Plumas,2021-05-25,67,14581,3,1242,63,12525,1,814,15,949,52,7196,16,8145,California
Plumas,2021-05-26,41,14622,7,1249,27,12552,7,821,17,950,23,7219,24,8169,California
Plumas,2021-05-27,100,14722,25,1274,62,12614,13,834,41,946,58,7277,54,8223,California
Plumas,2021-05-28,42,14764,14,1288,26,12640,2,836,22,951,19,7296,24,8247,California
Plumas,2021-05-29,8,14772,0,1288,8,12648,0,836,6,956,2,7298,7,8254,California
Plumas,2021-05-30,1,14773,0,1288,1,12649,0,836,0,956,0,7298,0,8254,California
Plumas,2021-05-31,7,14780,0,1288,4,12653,3,839,0,954,5,7303,3,8257,California
Plumas,2021-06-01,32,14812,7,1295,20,12673,5,844,9,946,23,7326,15,8272,California
Plumas,2021-06-02,59,14871,6,1301,31,12704,22,866,10,929,49,7375,32,8304,California
Plumas,2021-06-03,66,14937,17,1318,39,12743,10,876,27,927,39,7414,37,8341,California
Plumas,2021-06-04,15,14952,3,1321,11,12754,1,877,8,931,5,7419,9,8350,California
Plumas,2021-06-05,7,14959,3,1324,4,12758,0,877,2,928,5,7424,2,8352,California
Plumas,2021-06-06,2,14961,1,1325,1,12759,0,877,0,926,2,7426,0,8352,California
Plumas,2021-06-07,37,14998,5,1330,25,12784,7,884,9,914,28,7454,16,8368,California
Plumas,2021-06-08,30,15028,9,1339,19,12803,2,886,8,902,22,7476,10,8378,California
Plumas,2021-06-09,42,15070,5,1344,34,12837,3,889,9,881,33,7509,12,8390,California
Plumas,2021-06-10,36,15106,15,1359,17,12854,4,893,12,874,23,7532,16,8406,California
Plumas,2021-06-11,25,15131,13,1372,9,12863,3,896,8,868,17,7549,11,8417,California
Plumas,2021-06-12,11,15142,3,1375,7,12870,1,897,6,870,5,7554,7,8424,California
Plumas,2021-06-13,3,15145,1,1376,2,12872,0,897,3,873,0,7554,3,8427,California
Plumas,2021-06-14,97,15242,88,1464,6,12878,3,900,13,805,84,7638,16,8443,California
Plumas,2021-06-15,29,15271,7,1471,20,12898,2,902,9,796,20,7658,11,8454,California
Plumas,2021-06-16,33,15304,11,1482,13,12911,9,911,9,790,24,7682,18,8472,California
Plumas,2021-06-17,49,15353,30,1512,15,12926,4,915,11,768,37,7719,15,8487,California
Plumas,2021-06-18,39,15392,17,1529,14,12940,8,923,13,762,26,7745,20,8507,California
Plumas,2021-06-19,9,15401,2,1531,7,12947,0,923,2,757,7,7752,2,8509,California
Plumas,2021-06-21,9,15410,4,1535,4,12951,1,924,5,759,4,7756,6,8515,California
Plumas,2021-06-22,29,15439,11,1546,16,12967,2,926,9,750,20,7776,11,8526,California
Plumas,2021-06-23,27,15466,15,1561,9,12976,3,929,15,756,12,7788,18,8544,California
Plumas,2021-06-24,30,15496,19,1580,8,12984,3,932,14,757,15,7803,16,8560,California
Plumas,2021-06-25,22,15518,9,1589,11,12995,2,934,8,755,12,7815,10,8570,California
Plumas,2021-06-26,13,15531,4,1593,8,13003,1,935,3,749,10,7825,4,8574,California
Plumas,2021-06-28,10,15541,4,1597,2,13005,4,939,2,747,8,7833,6,8580,California
Plumas,2021-06-29,24,15565,16,1613,7,13012,1,940,11,746,13,7846,12,8592,California
Plumas,2021-06-30,22,15587,9,1622,9,13021,4,944,8,744,14,7860,12,8604,California
Plumas,2021-07-01,41,15628,27,1649,10,13031,4,948,21,749,20,7880,25,8629,California
Plumas,2021-07-02,17,15645,13,1662,4,13035,0,948,4,740,13,7893,4,8633,California
Riverside,2020-12-15,7,7,7,7,0,0,0,0,7,7,0,0,7,7,California
Riverside,2020-12-16,96,103,96,103,0,0,0,0,96,103,0,0,96,103,California
Riverside,2020-12-17,836,939,836,939,0,0,0,0,836,939,0,0,836,939,California
Riverside,2020-12-18,1780,2719,1779,2718,1,1,0,0,1780,2719,0,0,1780,2719,California
Riverside,2020-12-19,1055,3774,1052,3770,3,4,0,0,1053,3771,1,1,1053,3772,California
Riverside,2020-12-20,1114,4888,1113,4883,1,5,0,0,1114,4885,0,1,1114,4886,California
Riverside,2020-12-21,2342,7230,2340,7223,2,7,0,0,2342,7227,0,1,2342,7228,California
Riverside,2020-12-22,2296,9526,2249,9472,47,54,0,0,2295,9522,0,1,2295,9523,California
Riverside,2020-12-23,2165,11691,1821,11293,344,398,0,0,2166,11688,0,1,2166,11689,California
Riverside,2020-12-24,859,12550,655,11948,204,602,0,0,859,12547,0,1,859,12548,California
Riverside,2020-12-25,41,12591,18,11966,23,625,0,0,40,12587,0,1,40,12588,California
Riverside,2020-12-26,490,13081,270,12236,220,845,0,0,490,13077,0,1,490,13078,California
Riverside,2020-12-27,398,13479,268,12504,130,975,0,0,397,13473,1,2,397,13475,California
Riverside,2020-12-28,1716,15195,1194,13698,522,1497,0,0,1716,15189,0,2,1716,15191,California
Riverside,2020-12-29,1809,17004,1025,14723,784,2281,0,0,1809,16998,0,2,1809,17000,California
Riverside,2020-12-30,2654,19658,1725,16448,929,3210,0,0,2652,19649,1,3,2652,19652,California
Riverside,2020-12-31,1082,20740,422,16870,660,3870,0,0,1083,20731,1,4,1083,20735,California
Riverside,2021-01-01,134,20874,58,16928,76,3946,0,0,134,20865,0,4,134,20869,California
Riverside,2021-01-02,896,21770,708,17636,188,4134,0,0,896,21761,0,4,896,21765,California
Riverside,2021-01-03,359,22129,305,17941,54,4188,0,0,358,22119,0,4,358,22123,California
Riverside,2021-01-04,1304,23433,810,18751,494,4682,0,0,1303,23422,0,4,1303,23426,California
Riverside,2021-01-05,2062,25495,1416,20167,646,5328,0,0,1938,25243,117,121,1938,25364,California
Riverside,2021-01-06,2598,28093,1160,21327,1438,6766,0,0,2255,27161,337,458,2255,27619,California
Riverside,2021-01-07,2886,30979,1886,23213,1000,7766,0,0,1771,27828,1107,1565,1774,29393,California
Riverside,2021-01-08,4123,35102,2979,26192,1144,8910,0,0,2262,28234,1856,3421,2262,31655,California
Riverside,2021-01-09,2138,37240,878,27070,1260,10170,0,0,1760,29618,376,3797,1760,33415,California
Riverside,2021-01-10,1697,38937,751,27821,946,11116,0,0,1081,30083,616,4413,1081,34496,California
Riverside,2021-01-11,4623,43560,3160,30981,1463,12579,0,0,2844,31150,1777,6190,2844,37340,California
Riverside,2021-01-12,3524,47084,2783,33764,741,13320,0,0,1807,31248,1712,7902,1810,39150,California
Riverside,2021-01-13,4591,51675,3002,36766,1589,14909,0,0,2946,32553,1641,9543,2946,42096,California
Riverside,2021-01-14,5800,57475,2055,38821,3745,18654,0,0,5169,37095,629,10172,5171,47267,California
Riverside,2021-01-15,6288,63763,2108,40929,4180,22834,0,0,5952,42714,334,10506,5953,53220,California
Riverside,2021-01-16,3721,67484,1035,41964,2686,25520,0,0,3459,45912,262,10768,3460,56680,California
Riverside,2021-01-17,3664,71148,605,42569,3059,28579,0,0,3455,49160,207,10975,3455,60135,California
Riverside,2021-01-18,3864,75012,2105,44674,1759,30338,0,0,2816,50930,1047,12022,2817,62952,California
Riverside,2021-01-19,7541,82553,2680,47354,4861,35199,0,0,6394,56183,1146,13168,6399,69351,California
Riverside,2021-01-20,8473,91026,3269,50623,5204,40403,0,0,6797,61323,1663,14831,6803,76154,California
Riverside,2021-01-21,8564,99590,3574,54197,4990,45393,0,0,7858,68475,707,15538,7859,84013,California
Riverside,2021-01-22,8973,108563,3056,57253,5917,51310,0,0,8494,76494,477,16015,8496,92509,California
Riverside,2021-01-23,6075,114638,2356,59609,3719,55029,0,0,5264,80949,810,16825,5265,97774,California
Riverside,2021-01-24,3116,117754,1437,61046,1679,56708,0,0,2891,83620,221,17046,2892,100666,California
Riverside,2021-01-25,8037,125791,4596,65642,3441,60149,0,0,6867,89322,1167,18213,6869,107535,California
Riverside,2021-01-26,9237,135028,5720,71362,3517,63666,0,0,7698,95485,1536,19749,7699,115234,California
Riverside,2021-01-27,11121,146149,6417,77779,4704,68370,0,0,9474,103321,1641,21390,9477,124711,California
Riverside,2021-01-28,11739,157888,6820,84599,4919,73289,0,0,10536,112666,1194,22584,10539,135250,California
Riverside,2021-01-29,12105,169993,7310,91909,4795,78084,0,0,10705,122001,1376,23960,10711,145961,California
Riverside,2021-01-30,9197,179190,4620,96529,4577,82661,0,0,8693,130195,500,24460,8694,154655,California
Riverside,2021-01-31,5190,184380,4223,100752,967,83628,0,0,5045,135102,143,24603,5050,159705,California
Riverside,2021-02-01,11498,195878,7164,107916,4334,87962,0,0,9473,142563,2016,26619,9477,169182,California
Riverside,2021-02-02,9691,205569,4876,112792,4815,92777,0,0,8176,149241,1504,28123,8182,177364,California
Riverside,2021-02-03,12438,218007,5201,117993,7237,100014,0,0,9976,156770,2452,30575,9981,187345,California
Riverside,2021-02-04,13779,231786,6067,124060,7712,107726,0,0,11611,166232,2157,32732,11619,198964,California
Riverside,2021-02-05,14681,246467,5555,129615,9126,116852,0,0,11430,174428,3242,35974,11438,210402,California
Riverside,2021-02-06,7350,253817,4273,133888,3077,119929,0,0,5682,178457,1657,37631,5686,216088,California
Riverside,2021-02-07,2222,256039,809,134697,1413,121342,0,0,1884,180012,336,37967,1891,217979,California
Riverside,2021-02-08,12614,268653,5591,140288,7023,128365,0,0,10221,187872,2375,40342,10235,228214,California
Riverside,2021-02-09,9827,278480,4565,144853,5262,133627,0,0,7789,193662,2020,42362,7810,236024,California
Riverside,2021-02-10,12278,290758,7022,151875,5256,138883,0,0,8964,199344,3301,45663,8983,245007,California
Riverside,2021-02-11,16896,307654,9104,160979,7792,146675,0,0,12211,206931,4661,50324,12248,257255,California
Riverside,2021-02-12,18063,325717,10925,171904,7138,153813,0,0,12950,214847,5062,55386,12978,270233,California
Riverside,2021-02-13,6442,332159,2174,174078,4268,158081,0,0,3113,214677,3314,58700,3144,273377,California
Riverside,2021-02-14,5040,337199,1186,175264,3854,161935,0,0,2261,214178,2773,61473,2274,275651,California
Riverside,2021-02-15,10025,347224,5124,180388,4901,166836,0,0,5529,215244,4480,65953,5546,281197,California
Riverside,2021-02-16,16390,363614,10240,190628,6150,172986,0,0,9410,217712,6968,72921,9436,290633,California
Riverside,2021-02-17,15376,378990,8424,199052,6952,179938,0,0,7624,217656,7735,80656,7679,298312,California
Riverside,2021-02-18,15794,394784,9066,208118,6728,186666,0,0,8103,218138,7664,88320,8146,306458,California
Riverside,2021-02-19,15683,410467,8415,216533,7268,193934,0,0,7383,217280,8269,96589,7411,313869,California
Riverside,2021-02-20,8578,419045,4636,221169,3942,197876,0,0,2258,213250,6298,102887,2268,316137,California
Riverside,2021-02-21,4578,423623,4038,225207,540,198416,0,0,1294,211296,3259,106146,1305,317442,California
Riverside,2021-02-22,12824,436447,8110,233317,4714,203130,0,0,5086,208677,7717,113863,5098,322540,California
Riverside,2021-02-23,11679,448126,7919,241236,3760,206890,0,0,5662,208388,5981,119844,5692,328232,California
Riverside,2021-02-24,15187,463313,8279,249515,6908,213798,0,0,6430,206165,8710,128554,6487,334719,California
Riverside,2021-02-25,17715,481028,7564,257079,10151,223949,0,0,8194,204938,9491,138045,8264,342983,California
Riverside,2021-02-26,18965,499993,6856,263935,12109,236058,0,0,9450,205008,9447,147492,9517,352500,California
Riverside,2021-02-27,12199,512192,5643,269578,6556,242614,0,0,5800,204500,6365,153857,5857,358357,California
Riverside,2021-02-28,5005,517197,3293,272871,1712,244326,0,0,2483,204506,2508,156365,2514,360871,California
Riverside,2021-03-01,14507,531704,6181,279052,8320,252646,6,6,8520,207146,5939,162304,8579,369450,California
Riverside,2021-03-02,15566,547270,7603,286655,7962,260608,1,7,9093,209847,6445,168749,9146,378596,California
Riverside,2021-03-03,17279,564549,8555,295210,8724,269332,0,7,7524,207832,9699,178448,7684,386280,California
Riverside,2021-03-04,19028,583577,7568,302778,11455,280787,5,12,9055,207166,9922,188370,9256,395536,California
Riverside,2021-03-05,19154,602731,7702,310480,11406,292193,46,58,9444,207318,9656,198026,9808,405344,California
Riverside,2021-03-06,9645,612376,5106,315586,4055,296248,484,542,4778,207778,4850,202876,5310,410654,California
Riverside,2021-03-07,4330,616706,2794,318380,1144,297392,392,934,2025,207935,2293,205169,2450,413104,California
Riverside,2021-03-08,12146,628852,4837,323217,6896,304288,413,1347,5413,207132,6709,211878,5906,419010,California
Riverside,2021-03-09,15029,643881,7019,330236,7501,311789,509,1856,5945,204680,9060,220938,6608,425618,California
Riverside,2021-03-10,16167,660048,8676,338912,6555,318344,936,2792,6264,202208,9856,230794,7384,433002,California
Riverside,2021-03-11,19598,679646,9594,348506,8130,326474,1874,4666,7649,200051,11906,242700,9749,442751,California
Riverside,2021-03-12,21358,701004,8001,356507,8599,335073,4758,9424,7052,197932,14259,256959,12140,454891,California
Riverside,2021-03-13,8623,709627,2581,359088,4807,339880,1235,10659,4390,199455,4206,261165,5729,460620,California
Riverside,2021-03-14,4838,714465,1663,360751,1800,341680,1375,12034,2112,200241,2709,263874,3495,464115,California
Riverside,2021-03-15,18806,733271,7922,368673,9211,350891,1673,13707,9154,201582,9604,273478,10945,475060,California
Riverside,2021-03-16,21133,754404,10281,378954,10034,360925,818,14525,11386,204197,9702,283180,12317,487377,California
Riverside,2021-03-17,21591,775995,11081,390035,9445,370370,1065,15590,12878,209543,8665,291845,14011,501388,California
Riverside,2021-03-18,23122,799117,11993,402028,9449,379819,1680,17270,12675,213525,10388,302233,14370,515758,California
Riverside,2021-03-19,24340,823457,12781,414809,10585,390404,974,18244,14137,218864,10141,312374,15480,531238,California
Riverside,2021-03-20,10938,834395,6955,421764,2773,393177,1210,19454,6980,223147,3920,316294,8203,539441,California
Riverside,2021-03-21,3938,838333,3039,424803,621,393798,278,19732,2610,224737,1304,317598,2894,542335,California
Riverside,2021-03-22,16798,855131,10016,434819,6228,400026,554,20286,10621,229799,6115,323713,11177,553512,California
Riverside,2021-03-23,18786,873917,10616,445435,7747,407773,423,20709,11947,235420,6776,330489,12397,565909,California
Riverside,2021-03-24,18897,892814,10526,455961,8249,416022,122,20831,12876,242480,5963,336452,13023,578932,California
Riverside,2021-03-25,21288,914102,11731,467692,9370,425392,187,21018,14173,249823,7034,343486,14377,593309,California
Riverside,2021-03-26,24302,938404,12003,479695,12124,437516,175,21193,15055,255934,9135,352621,15246,608555,California
Riverside,2021-03-27,9396,947800,4916,484611,3426,440942,1054,22247,4841,257310,4525,357146,5901,614456,California
Riverside,2021-03-28,4812,952612,3157,487768,1561,442503,94,22341,2858,258324,1942,359088,2956,617412,California
Riverside,2021-03-29,17757,970369,8476,496244,9154,451657,127,22468,10942,262649,6765,365853,11090,628502,California
Riverside,2021-03-30,18458,988827,9611,505855,8636,460293,211,22679,11737,267926,6676,372529,11953,640455,California
Riverside,2021-03-31,18261,1007088,8490,514345,9445,469738,326,23005,11395,272846,6813,379342,11733,652188,California
Riverside,2021-04-01,25731,1032819,12567,526912,12360,482098,804,23809,16513,281035,9132,388474,17321,669509,California
Riverside,2021-04-02,26278,1059097,14114,541026,11179,493277,985,24794,16412,288854,9800,398274,17619,687128,California
Riverside,2021-04-03,9460,1068557,5998,547024,2847,496124,615,25409,6081,292190,3359,401633,6695,693823,California
Riverside,2021-04-04,3443,1072000,2080,549104,1096,497220,267,25676,1719,292467,1711,403344,1988,695811,California
Riverside,2021-04-05,18632,1090632,9506,558610,7239,504459,1887,27563,9986,295747,8600,411944,11880,707691,California
Riverside,2021-04-06,23940,1114572,12438,571048,9329,513788,2173,29736,13344,300710,10543,422487,15506,723197,California
Riverside,2021-04-07,25073,1139645,13486,584534,9047,522835,2540,32276,13925,306079,11096,433583,16465,739662,California
Riverside,2021-04-08,27666,1167311,15256,599790,9365,532200,3045,35321,16833,315182,10761,444344,19864,759526,California
Riverside,2021-04-09,26543,1193854,15586,615376,8433,540633,2524,37845,16130,323510,10358,454702,18686,778212,California
Riverside,2021-04-10,12162,1206016,6811,622187,3926,544559,1425,39270,5322,323458,6794,461496,6742,784954,California
Riverside,2021-04-11,4700,1210716,2793,624980,1265,545824,642,39912,2201,323822,2484,463980,2848,787802,California
Riverside,2021-04-12,20304,1231020,9043,634023,8594,554418,2667,42579,10152,326537,10109,474089,12824,800626,California
Riverside,2021-04-13,20272,1251292,11343,645366,8901,563319,28,42607,11604,329552,8625,482714,11640,812266,California
Riverside,2021-04-14,22501,1273793,12409,657775,10077,573396,15,42622,11022,329203,11408,494122,11059,823325,California
Riverside,2021-04-15,22300,1296093,12620,670395,9672,583068,8,42630,11769,330533,10458,504580,11788,835113,California
Riverside,2021-04-16,25426,1321519,14684,685079,10736,593804,6,42636,11810,328809,13553,518133,11829,846942,California
Riverside,2021-04-17,10023,1331542,6611,691690,3412,597216,0,42636,5017,328857,4979,523112,5027,851969,California
Riverside,2021-04-18,4225,1335767,3144,694834,1074,598290,7,42643,1956,328579,2251,525363,1973,853942,California
Riverside,2021-04-19,19768,1355535,11744,706578,8021,606311,3,42646,7108,323096,12607,537970,7124,861066,California
Riverside,2021-04-20,19580,1375115,10550,717128,9021,615332,9,42655,7987,319558,11541,549511,8003,869069,California
Riverside,2021-04-21,20895,1396010,12351,729479,8534,623866,10,42665,8400,315565,12415,561926,8422,877491,California
Riverside,2021-04-22,23896,1419906,14114,743593,9778,633644,4,42669,8947,309650,14877,576803,8962,886453,California
Riverside,2021-04-23,23842,1443748,14167,757760,9661,643305,14,42683,9343,304594,14435,591238,9379,895832,California
Riverside,2021-04-24,10541,1454289,7327,765087,3205,646510,9,42692,4830,303766,5670,596908,4842,900674,California
Riverside,2021-04-25,4255,1458544,2826,767913,1422,647932,7,42699,2201,303940,2036,598944,2210,902884,California
Riverside,2021-04-26,17400,1475944,10950,778863,6391,654323,59,42758,5927,298516,11426,610370,6002,908886,California
Riverside,2021-04-27,18627,1494571,10703,789566,7717,662040,207,42965,6495,293143,12084,622454,6711,915597,California
Riverside,2021-04-28,16923,1511494,9233,798799,7425,669465,265,43230,5755,288069,11104,633558,6030,921627,California
Riverside,2021-04-29,19154,1530648,11820,810619,6982,676447,352,43582,5577,280491,13506,647064,5928,927555,California
Riverside,2021-04-30,20336,1550984,11859,822478,8089,684536,388,43970,6659,273919,13620,660684,7048,934603,California
Riverside,2021-05-01,6887,1557871,4941,827419,1761,686297,185,44155,2365,271975,4493,665177,2549,937152,California
Riverside,2021-05-02,3395,1561266,2219,829638,967,687264,209,44364,1091,270997,2285,667462,1307,938459,California
Riverside,2021-05-03,18077,1579343,11102,840740,6478,693742,497,44861,4182,261847,13827,681289,4677,943136,California
Riverside,2021-05-04,17772,1597115,11383,852123,5925,699667,464,45325,5006,254637,12692,693981,5482,948618,California
Riverside,2021-05-05,16357,1613472,9432,861555,6551,706218,374,45699,4726,248188,11570,705551,5121,953739,California
Riverside,2021-05-06,18354,1631826,10448,872003,7490,713708,416,46115,4705,239780,13568,719119,5160,958899,California
Riverside,2021-05-07,20781,1652607,11888,883891,8447,722155,446,46561,5531,230596,15164,734283,5980,964879,California
Riverside,2021-05-08,7106,1659713,4724,888615,2119,724274,263,46824,2656,229109,4414,738697,2927,967806,California
Riverside,2021-05-09,2497,1662210,1697,890312,647,724921,153,46977,927,228636,1561,740258,1088,968894,California
Riverside,2021-05-10,10150,1672360,5206,895518,4549,729470,395,47372,2865,224666,7235,747493,3265,972159,California
Riverside,2021-05-11,14353,1686713,8755,904273,5071,734541,527,47899,4015,218972,10252,757745,4558,976717,California
Riverside,2021-05-12,13063,1699776,6719,910992,6011,740552,333,48232,3935,214164,9076,766821,4268,980985,California
Riverside,2021-05-13,15252,1715028,9336,920328,5634,746186,282,48514,5408,210076,9791,776612,5703,986688,California
Riverside,2021-05-14,18249,1733277,11566,931894,5888,752074,795,49309,7108,206909,11068,787680,7901,994589,California
Riverside,2021-05-15,9897,1743174,7128,939022,2372,754446,397,49706,5095,207630,4771,792451,5492,1000081,California
Riverside,2021-05-16,3720,1746894,2760,941782,842,755288,118,49824,1868,207776,1838,794289,1984,1002065,California
Riverside,2021-05-17,11821,1758715,7608,949390,3858,759146,355,50179,5088,206524,6700,800989,5448,1007513,California
Riverside,2021-05-18,15256,1773971,9480,958870,5417,764563,359,50538,6159,203992,9050,810039,6518,1014031,California
Riverside,2021-05-19,12241,1786212,7739,966609,4257,768820,245,50783,5900,203852,6288,816327,6148,1020179,California
Riverside,2021-05-20,11951,1798163,7508,974117,4184,773004,259,51042,5317,202847,6585,822912,5580,1025759,California
Riverside,2021-05-21,14480,1812643,8925,983042,5231,778235,324,51366,6059,200880,8352,831264,6385,1032144,California
Riverside,2021-05-22,7229,1819872,4895,987937,2137,780372,197,51563,3867,201624,3322,834586,4066,1036210,California
Riverside,2021-05-23,2753,1822625,1841,989778,835,781207,77,51640,1292,201546,1446,836032,1368,1037578,California
Riverside,2021-05-24,8881,1831506,5808,995586,2759,783966,314,51954,3963,200939,4883,840915,4276,1041854,California
Riverside,2021-05-25,9733,1841239,5794,1001380,3666,787632,273,52227,3878,199277,5816,846731,4154,1046008,California
Riverside,2021-05-26,8925,1850164,5534,1006914,3060,790692,331,52558,3896,198531,4978,851709,4232,1050240,California
Riverside,2021-05-27,8567,1858731,5128,1012042,3202,793894,237,52795,3879,198015,4637,856346,4121,1054361,California
Riverside,2021-05-28,10779,1869510,6522,1018564,3942,797836,315,53110,4963,197547,5753,862099,5285,1059646,California
Riverside,2021-05-29,5048,1874558,3437,1022001,1485,799321,126,53236,2814,198279,2210,864309,2942,1062588,California
Riverside,2021-05-30,1972,1876530,1425,1023426,479,799800,68,53304,1019,198421,945,865254,1087,1063675,California
Riverside,2021-05-31,878,1877408,500,1023926,345,800145,33,53337,335,198251,538,865792,368,1064043,California
Riverside,2021-06-01,9177,1886585,5664,1029590,3276,803421,237,53574,3443,196249,5680,871472,3678,1067721,California
Riverside,2021-06-02,7137,1893722,4347,1033937,2511,805932,279,53853,2738,194912,4356,875828,3019,1070740,California
Riverside,2021-06-03,7962,1901684,5297,1039234,2394,808326,271,54124,2725,192710,5194,881022,2992,1073732,California
Riverside,2021-06-04,10727,1912411,7648,1046882,2820,811146,259,54383,3711,189719,6963,887985,3972,1077704,California
Riverside,2021-06-05,6962,1919373,5140,1052022,1276,812422,546,54929,2180,187690,4758,892743,2729,1080433,California
Riverside,2021-06-06,2215,1921588,1881,1053903,283,812705,51,54980,683,186900,1525,894268,735,1081168,California
Riverside,2021-06-07,6938,1928526,5262,1059165,1445,814150,231,55211,2267,184759,4640,898908,2499,1083667,California
Riverside,2021-06-08,9058,1937584,6562,1065727,2221,816371,275,55486,2956,181944,6048,904956,3233,1086900,California
Riverside,2021-06-09,7747,1945331,5638,1071365,1813,818184,296,55782,2359,179256,5341,910297,2653,1089553,California
Riverside,2021-06-10,7589,1952920,5349,1076714,2005,820189,235,56017,2359,176653,5201,915498,2598,1092151,California
Riverside,2021-06-11,8892,1961812,6029,1082743,2571,822760,292,56309,3002,174118,5829,921327,3294,1095445,California
Riverside,2021-06-12,5346,1967158,3951,1086694,1267,824027,128,56437,1659,172255,3656,924983,1793,1097238,California
Riverside,2021-06-13,1795,1968953,1334,1088028,417,824444,44,56481,494,171505,1288,926271,538,1097776,California
Riverside,2021-06-14,6366,1975319,4556,1092584,1503,825947,307,56788,2083,169644,4247,930518,2386,1100162,California
Riverside,2021-06-15,7077,1982396,4829,1097413,1937,827884,311,57099,2646,168223,4383,934901,2962,1103124,California
Riverside,2021-06-16,6837,1989233,4709,1102122,1815,829699,313,57412,2407,166555,4387,939288,2719,1105843,California
Riverside,2021-06-17,6401,1995634,4482,1106604,1677,831376,242,57654,2382,165199,3986,943274,2630,1108473,California
Riverside,2021-06-18,8172,2003806,5906,1112510,1989,833365,277,57931,3334,164024,4791,948065,3616,1112089,California
Riverside,2021-06-19,4276,2008082,3277,1115787,843,834208,156,58087,1784,163502,2465,950530,1943,1114032,California
Riverside,2021-06-20,1502,2009584,1140,1116927,325,834533,37,58124,574,163197,917,951447,612,1114644,California
Riverside,2021-06-21,4251,2013835,2817,1119744,1159,835692,275,58399,2194,163627,2039,953486,2469,1117113,California
Riverside,2021-06-22,6327,2020162,4475,1124219,1601,837293,251,58650,2713,163020,3575,957061,2968,1120081,California
Riverside,2021-06-23,5529,2025691,3932,1128151,1340,838633,257,58907,2559,162900,2936,959997,2816,1122897,California
Riverside,2021-06-24,5383,2031074,3694,1131845,1447,840080,242,59149,2347,162489,3001,962998,2590,1125487,California
Riverside,2021-06-25,6794,2037868,4902,1136747,1611,841691,281,59430,2940,161892,3822,966820,3225,1128712,California
Riverside,2021-06-26,3799,2041667,2930,1139677,749,842440,120,59550,1752,161740,2024,968844,1872,1130584,California
Riverside,2021-06-27,1496,2043163,1204,1140881,247,842687,45,59595,692,161684,793,969637,737,1131321,California
Riverside,2021-06-28,4251,2047414,3318,1144199,713,843400,220,59815,1988,161662,2234,971871,2212,1133533,California
Riverside,2021-06-29,5587,2053001,4145,1148344,1265,844665,177,59992,2545,161380,3006,974877,2724,1136257,California
Riverside,2021-06-30,4880,2057881,3598,1151942,1113,845778,169,60161,2380,161495,2432,977309,2547,1138804,California
Riverside,2021-07-01,4643,2062524,3235,1155177,1107,846885,301,60462,2177,161537,2441,979750,2483,1141287,California
Riverside,2021-07-02,5668,2068192,4226,1159403,1250,848135,192,60654,2704,161508,2924,982674,2895,1144182,California
Riverside,2021-07-03,1527,2069719,1111,1160514,367,848502,49,60703,702,161441,818,983492,751,1144933,California
Sacramento,2020-12-15,315,315,315,315,0,0,0,0,315,315,0,0,315,315,California
Sacramento,2020-12-16,646,961,646,961,0,0,0,0,646,961,0,0,646,961,California
Sacramento,2020-12-17,705,1666,705,1666,0,0,0,0,705,1666,0,0,705,1666,California
Sacramento,2020-12-18,1118,2784,1118,2784,0,0,0,0,1118,2784,0,0,1118,2784,California
Sacramento,2020-12-19,613,3397,613,3397,0,0,0,0,613,3397,0,0,613,3397,California
Sacramento,2020-12-20,634,4031,634,4031,0,0,0,0,634,4031,0,0,634,4031,California
Sacramento,2020-12-21,1678,5709,1678,5709,0,0,0,0,1679,5710,0,0,1679,5710,California
Sacramento,2020-12-22,2106,7815,2070,7779,36,36,0,0,2106,7816,0,0,2106,7816,California
Sacramento,2020-12-23,2269,10084,2095,9874,174,210,0,0,2269,10085,0,0,2269,10085,California
Sacramento,2020-12-24,1041,11125,829,10703,212,422,0,0,1041,11126,0,0,1041,11126,California
Sacramento,2020-12-25,2,11127,1,10704,1,423,0,0,2,11128,0,0,2,11128,California
Sacramento,2020-12-26,508,11635,290,10994,218,641,0,0,508,11636,0,0,508,11636,California
Sacramento,2020-12-27,358,11993,252,11246,106,747,0,0,358,11994,0,0,358,11994,California
Sacramento,2020-12-28,1927,13920,1342,12588,585,1332,0,0,1926,13919,1,1,1926,13920,California
Sacramento,2020-12-29,1974,15894,1201,13789,773,2105,0,0,1974,15893,0,1,1974,15894,California
Sacramento,2020-12-30,2567,18461,1460,15249,1107,3212,0,0,2568,18461,0,1,2568,18462,California
Sacramento,2020-12-31,1231,19692,695,15944,536,3748,0,0,1232,19693,0,1,1232,19694,California
Sacramento,2021-01-01,82,19774,70,16014,12,3760,0,0,82,19775,0,1,82,19776,California
Sacramento,2021-01-02,572,20346,367,16381,205,3965,0,0,572,20347,0,1,572,20348,California
Sacramento,2021-01-03,412,20758,223,16604,189,4154,0,0,412,20759,0,1,412,20760,California
Sacramento,2021-01-04,1946,22704,835,17439,1111,5265,0,0,1944,22702,1,2,1944,22704,California
Sacramento,2021-01-05,2220,24924,994,18433,1226,6491,0,0,1856,24201,364,366,1863,24567,California
Sacramento,2021-01-06,2735,27659,1620,20053,1115,7606,0,0,1935,25339,797,1163,1935,26502,California
Sacramento,2021-01-07,2854,30513,1516,21569,1338,8944,0,0,1921,26331,929,2092,1921,28423,California
Sacramento,2021-01-08,3298,33811,2084,23653,1214,10158,0,0,2180,27398,1114,3206,2181,30604,California
Sacramento,2021-01-09,1297,35108,804,24457,493,10651,0,0,899,27901,396,3602,899,31503,California
Sacramento,2021-01-10,1251,36359,712,25169,539,11190,0,0,782,28216,468,4070,783,32286,California
Sacramento,2021-01-11,4373,40732,2970,28139,1403,12593,0,0,2425,28706,1947,6017,2437,34723,California
Sacramento,2021-01-12,4665,45397,3275,31414,1390,13983,0,0,2625,29298,2039,8056,2631,37354,California
Sacramento,2021-01-13,3859,49256,2232,33646,1627,15610,0,0,2434,30309,1424,9480,2435,39789,California
Sacramento,2021-01-14,4751,54007,2432,36078,2319,17929,0,0,3835,33229,915,10395,3835,43624,California
Sacramento,2021-01-15,4460,58467,2258,38336,2202,20131,0,0,3742,36254,718,11113,3743,47367,California
Sacramento,2021-01-16,2223,60690,1285,39621,938,21069,0,0,2002,38036,220,11333,2002,49369,California
Sacramento,2021-01-17,1685,62375,987,40608,698,21767,0,0,1499,39352,186,11519,1502,50871,California
Sacramento,2021-01-18,2819,65194,1723,42331,1096,22863,0,0,2230,40995,588,12107,2231,53102,California
Sacramento,2021-01-19,4988,70182,3027,45358,1961,24824,0,0,3747,43504,1240,13347,3749,56851,California
Sacramento,2021-01-20,4983,75165,3002,48360,1981,26805,0,0,3671,45868,1313,14660,3677,60528,California
Sacramento,2021-01-21,5242,80407,3013,51373,2229,29034,0,0,4271,49176,965,15625,4273,64801,California
Sacramento,2021-01-22,5030,85437,2686,54059,2344,31378,0,0,4728,53604,301,15926,4729,69530,California
Sacramento,2021-01-23,3870,89307,1561,55620,2309,33687,0,0,3407,56548,463,16389,3407,72937,California
Sacramento,2021-01-24,1639,90946,1023,56643,616,34303,0,0,1390,57690,249,16638,1391,74328,California
Sacramento,2021-01-25,4422,95368,2165,58808,2257,36560,0,0,2942,59154,1480,18118,2944,77272,California
Sacramento,2021-01-26,4777,100145,2175,60983,2602,39162,0,0,3560,61504,1212,19330,3562,80834,California
Sacramento,2021-01-27,5895,106040,3045,64028,2850,42012,0,0,4263,64143,1626,20956,4265,85099,California
Sacramento,2021-01-28,5484,111524,2738,66766,2746,44758,0,0,4376,67414,1106,22062,4377,89476,California
Sacramento,2021-01-29,5443,116967,2935,69701,2508,47266,0,0,4415,70809,1020,23082,4415,93891,California
Sacramento,2021-01-30,4885,121852,2199,71900,2686,49952,0,0,4452,74831,430,23512,4452,98343,California
Sacramento,2021-01-31,2417,124269,2115,74015,302,50254,0,0,2063,76544,352,23864,2065,100408,California
Sacramento,2021-02-01,5962,130231,3037,77052,2925,53179,0,0,4273,79137,1681,25545,4274,104682,California
Sacramento,2021-02-02,6959,137190,3714,80766,3245,56424,0,0,4853,81906,2086,27631,4855,109537,California
Sacramento,2021-02-03,7180,144370,3618,84384,3562,59986,0,0,5294,85328,1874,29505,5296,114833,California
Sacramento,2021-02-04,7803,152173,3688,88072,4115,64101,0,0,5539,88611,2256,31761,5539,120372,California
Sacramento,2021-02-05,7893,160066,4500,92572,3393,67494,0,0,4847,90440,3022,34783,4851,125223,California
Sacramento,2021-02-06,8853,168919,3503,96075,5350,72844,0,0,7493,96577,1358,36141,7495,132718,California
Sacramento,2021-02-07,4100,173019,2209,98284,1891,74735,0,0,2895,98274,1200,37341,2897,135615,California
Sacramento,2021-02-08,6264,179283,3251,101535,3013,77748,0,0,3913,99841,2346,39687,3913,139528,California
Sacramento,2021-02-09,6800,186083,3573,105108,3227,80975,0,0,3999,101054,2787,42474,4000,143528,California
Sacramento,2021-02-10,7768,193851,4253,109361,3515,84490,0,0,4537,102378,3215,45689,4539,148067,California
Sacramento,2021-02-11,9631,203482,5736,115097,3895,88385,0,0,5521,103806,4095,49784,5523,153590,California
Sacramento,2021-02-12,10748,214230,4176,119273,6572,94957,0,0,6437,106000,4246,54030,6440,160030,California
Sacramento,2021-02-13,8146,222376,3019,122292,5127,100084,0,0,6379,110619,1761,55791,6380,166410,California
Sacramento,2021-02-14,3257,225633,2007,124299,1250,101334,0,0,2121,111611,1134,56925,2126,168536,California
Sacramento,2021-02-15,6044,231677,2060,126359,3984,105318,0,0,4197,113974,1837,58762,4200,172736,California
Sacramento,2021-02-16,9314,240991,4237,130596,5077,110395,0,0,5354,115380,3953,62715,5359,178095,California
Sacramento,2021-02-17,8947,249938,5038,135634,3909,114304,0,0,5199,116847,3735,66450,5202,183297,California
Sacramento,2021-02-18,9665,259603,5787,141421,3878,118182,0,0,5760,118717,3894,70344,5764,189061,California
Sacramento,2021-02-19,10153,269756,6219,147640,3934,122116,0,0,5990,120565,4149,74493,5997,195058,California
Sacramento,2021-02-20,8212,277968,5846,153486,2366,124482,0,0,4796,121956,3408,77901,4799,199857,California
Sacramento,2021-02-21,4959,282927,2517,156003,2442,126924,0,0,2898,122800,2054,79955,2898,202755,California
Sacramento,2021-02-22,6506,289433,3958,159961,2548,129472,0,0,2820,121958,3666,83621,2824,205579,California
Sacramento,2021-02-23,7582,297015,4726,164687,2856,132328,0,0,3627,121653,3936,87557,3631,209210,California
Sacramento,2021-02-24,9947,306962,5465,170152,4482,136810,0,0,5402,122537,4525,92082,5409,214619,California
Sacramento,2021-02-25,11377,318339,6522,176674,4855,141665,0,0,6626,124429,4735,96817,6627,221246,California
Sacramento,2021-02-26,14499,332838,6822,183496,7677,149342,0,0,9925,129819,4541,101358,9931,231177,California
Sacramento,2021-02-27,11251,344089,6884,190380,4364,153706,3,3,8339,135278,2883,104241,8342,239519,California
Sacramento,2021-02-28,6673,350762,2353,192733,4320,158026,0,3,3127,134876,3532,107773,3130,242649,California
Sacramento,2021-03-01,8644,359406,3631,196364,5011,163037,2,5,4708,135676,3913,111686,4713,247362,California
Sacramento,2021-03-02,9384,368790,4074,200438,5309,168346,1,6,5748,137812,3616,115302,5752,253114,California
Sacramento,2021-03-03,11184,379974,5113,205551,6068,174414,3,9,6714,140082,4449,119751,6719,259833,California
Sacramento,2021-03-04,13701,393675,6332,211883,7365,181779,4,13,7595,141622,6066,125817,7606,267439,California
Sacramento,2021-03-05,10699,404374,4938,216821,5731,187510,30,43,7101,145182,3572,129389,7132,274571,California
Sacramento,2021-03-06,8173,412547,3132,219953,4919,192429,122,165,4152,145450,4005,133394,4273,278844,California
Sacramento,2021-03-07,8061,420608,2232,222185,5739,198168,90,255,3780,145044,4273,137667,3867,282711,California
Sacramento,2021-03-08,9212,429820,4337,226522,4650,202818,225,480,5989,148048,3208,140875,6212,288923,California
Sacramento,2021-03-09,9763,439583,4584,231106,4885,207703,294,774,5585,149768,4159,145034,5879,294802,California
Sacramento,2021-03-10,11877,451460,7532,238638,3987,211690,358,1132,6937,152168,4900,149934,7300,302102,California
Sacramento,2021-03-11,15229,466689,10114,248752,4284,215974,831,1963,8983,155775,6202,156136,9809,311911,California
Sacramento,2021-03-12,18098,484787,8352,257104,8877,224851,869,2832,8871,156348,9170,165306,9743,321654,California
Sacramento,2021-03-13,13665,498452,3591,260695,9643,234494,431,3263,8451,160023,5202,170508,8877,330531,California
Sacramento,2021-03-14,9488,507940,3480,264175,5372,239866,636,3899,4480,160157,4980,175488,5114,335645,California
Sacramento,2021-03-15,12306,520246,4887,269062,6754,246620,665,4564,7069,162687,5206,180694,7736,343381,California
Sacramento,2021-03-16,14167,534413,6309,275371,7202,253822,656,5220,8656,166518,5472,186166,9303,352684,California
Sacramento,2021-03-17,13881,548294,6669,282040,6577,260399,635,5855,8808,170916,5047,191213,9445,362129,California
Sacramento,2021-03-18,15837,564131,8338,290378,6893,267292,606,6461,10022,175762,5780,196993,10626,372755,California
Sacramento,2021-03-19,15728,579859,8027,298405,6308,273600,1393,7854,7930,177309,7767,204760,9314,382069,California
Sacramento,2021-03-20,13407,593266,7561,305966,5502,279102,344,8198,8502,181281,4874,209634,8846,390915,California
Sacramento,2021-03-21,5864,599130,2783,308749,3042,282144,39,8237,3365,182206,2483,212117,3408,394323,California
Sacramento,2021-03-22,9487,608617,4887,313636,3746,285890,854,9091,6264,186127,3194,215311,7115,401438,California
Sacramento,2021-03-23,11493,620110,6858,320494,3829,289719,806,9897,7358,190199,4090,219401,8162,409600,California
Sacramento,2021-03-24,11953,632063,7299,327793,4022,293741,632,10529,6746,192455,5123,224524,7379,416979,California
Sacramento,2021-03-25,14312,646375,8433,336226,5041,298782,838,11367,8526,196074,5738,230262,9357,426336,California
Sacramento,2021-03-26,18378,664753,8956,345182,8910,307692,512,11879,9175,196630,9132,239394,9688,436024,California
Sacramento,2021-03-27,10210,674963,3586,348768,6332,314024,292,12171,5577,197897,4597,243991,5864,441888,California
Sacramento,2021-03-28,6632,681595,3235,352003,3147,317171,250,12421,2664,196857,3957,247948,2917,444805,California
Sacramento,2021-03-29,11069,692664,5912,357915,4767,321938,390,12811,4956,196121,6082,254030,5346,450151,California
Sacramento,2021-03-30,11957,704621,6108,364023,5431,327369,418,13229,6039,196684,5891,259921,6454,456605,California
Sacramento,2021-03-31,13521,718142,7876,371899,5230,332599,415,13644,5588,194778,7903,267824,5997,462602,California
Sacramento,2021-04-01,17528,735670,10480,382379,6794,339393,254,13898,7353,192262,10127,277951,7611,470213,California
Sacramento,2021-04-02,17231,752901,9735,392114,6752,346145,744,14642,9042,193893,8154,286105,9785,479998,California
Sacramento,2021-04-03,10486,763387,6247,398361,3689,349834,550,15192,6424,196831,4031,290136,6969,486967,California
Sacramento,2021-04-04,3731,767118,1533,399894,1993,351827,205,15397,1452,196211,2273,292409,1653,488620,California
Sacramento,2021-04-05,12092,779210,7573,407467,3675,355502,844,16241,5385,195764,6669,299078,6222,494842,California
Sacramento,2021-04-06,15717,794927,8888,416355,5485,360987,1344,17585,6929,195277,8755,307833,8268,503110,California
Sacramento,2021-04-07,14941,809868,8053,424408,5271,366258,1617,19202,7170,196328,7723,315556,8774,511884,California
Sacramento,2021-04-08,15157,825025,6814,431222,5338,371596,3005,22207,6019,196226,9104,324660,9002,520886,California
Sacramento,2021-04-09,18395,843420,9394,440616,6771,378367,2230,24437,7475,195042,10877,335537,9693,530579,California
Sacramento,2021-04-10,13451,856871,3852,444468,8370,386737,1229,25666,5860,194544,7561,343098,7063,537642,California
Sacramento,2021-04-11,11185,868056,4372,448840,6586,393323,227,25893,3639,190890,7519,350617,3865,541507,California
Sacramento,2021-04-12,13041,881097,5075,453915,6072,399395,1894,27787,4934,189661,8039,358656,6810,548317,California
Sacramento,2021-04-13,16348,897445,9989,463904,6354,405749,5,27792,7582,188521,8731,367387,7591,555908,California
Sacramento,2021-04-14,15071,912516,8017,471921,7052,412801,2,27794,5938,185363,9100,376487,5942,561850,California
Sacramento,2021-04-15,16480,928996,8468,480389,8009,420810,3,27797,6674,182278,9764,386251,6679,568529,California
Sacramento,2021-04-16,17615,946611,9732,490121,7883,428693,0,27797,7973,180660,9593,395844,7975,576504,California
Sacramento,2021-04-17,15881,962492,6189,496310,9692,438385,0,27797,11602,188012,4255,400099,11607,588111,California
Sacramento,2021-04-18,9086,971578,3270,499580,5816,444201,0,27797,3885,186720,5179,405278,3887,591998,California
Sacramento,2021-04-19,10684,982262,5774,505354,4905,449106,5,27802,4725,185520,5932,411210,4732,596730,California
Sacramento,2021-04-20,11578,993840,7142,512496,4432,453538,4,27806,6088,186155,5462,416672,6097,602827,California
Sacramento,2021-04-21,12327,1006167,7383,519879,4942,458480,2,27808,6618,187098,5678,422350,6621,609448,California
Sacramento,2021-04-22,15252,1021419,10272,530151,4975,463455,5,27813,6995,185881,8219,430569,7002,616450,California
Sacramento,2021-04-23,16311,1037730,10356,540507,5955,469410,0,27813,7562,184737,8708,439277,7564,624014,California
Sacramento,2021-04-24,11624,1049354,7009,547516,4614,474024,1,27814,6207,185567,5379,444656,6209,630223,California
Sacramento,2021-04-25,8472,1057826,4478,551994,3994,478018,0,27814,4167,185445,4290,448946,4168,634391,California
Sacramento,2021-04-26,10845,1068671,6838,558832,3983,482001,24,27838,5158,184972,5655,454601,5182,639573,California
Sacramento,2021-04-27,12288,1080959,8089,566921,4044,486045,155,27993,6037,184950,6216,460817,6194,645767,California
Sacramento,2021-04-28,10793,1091752,6116,573037,4473,490518,204,28197,5963,186323,4798,465615,6171,651938,California
Sacramento,2021-04-29,11199,1102951,7599,580636,3295,493813,305,28502,6145,187762,5014,470629,6453,658391,California
Sacramento,2021-04-30,12753,1115704,8081,588717,4408,498221,264,28766,6029,187383,6673,477302,6294,664685,California
Sacramento,2021-05-01,7629,1123333,5484,594201,1969,500190,176,28942,2789,185544,4802,482104,2963,667648,California
Sacramento,2021-05-02,5013,1128346,4314,598515,548,500738,151,29093,2229,185168,2754,484858,2378,670026,California
Sacramento,2021-05-03,9148,1137494,7311,605826,1555,502293,282,29375,3976,184274,5148,490006,4254,674280,California
Sacramento,2021-05-04,9696,1147190,5956,611782,3429,505722,311,29686,3854,182643,5795,495801,4164,678444,California
Sacramento,2021-05-05,11374,1158564,6242,618024,4670,510392,462,30148,4648,181068,6677,502478,5102,683546,California
Sacramento,2021-05-06,11444,1170008,6398,624422,4737,515129,309,30457,4683,179629,6426,508904,4987,688533,California
Sacramento,2021-05-07,10797,1180805,6306,630728,4120,519249,371,30828,4542,178344,6199,515103,4914,693447,California
Sacramento,2021-05-08,8990,1189795,4001,634729,4758,524007,231,31059,2824,175269,6122,521225,3047,696494,California
Sacramento,2021-05-09,3287,1193082,1791,636520,1383,525390,113,31172,1203,174512,2073,523298,1316,697810,California
Sacramento,2021-05-10,8240,1201322,3872,640392,4097,529487,271,31443,1997,170571,6210,529508,2269,700079,California
Sacramento,2021-05-11,8648,1209970,5465,645857,2923,532410,260,31703,3014,168246,5599,535107,3274,703353,California
Sacramento,2021-05-12,8742,1218712,5287,651144,3198,535608,257,31960,2944,165684,5761,540868,3199,706552,California
Sacramento,2021-05-13,11962,1230674,7700,658844,3986,539594,276,32236,4536,163110,7385,548253,4811,711363,California
Sacramento,2021-05-14,12457,1243131,7099,665943,5069,544663,289,32525,5051,161102,7348,555601,5340,716703,California
Sacramento,2021-05-15,13242,1256373,8025,673968,5071,549734,146,32671,5871,159780,7335,562936,6013,722716,California
Sacramento,2021-05-16,8418,1264791,4224,678192,4081,553815,113,32784,2203,155908,6190,569126,2318,725034,California
Sacramento,2021-05-17,10482,1275273,6400,684592,3793,557608,289,33073,3922,153599,6523,575649,4214,729248,California
Sacramento,2021-05-18,9883,1285156,6208,690800,3464,561072,211,33284,3699,151372,6142,581791,3915,733163,California
Sacramento,2021-05-19,9810,1294966,6253,697053,3293,564365,264,33548,4418,150710,5350,587141,4688,737851,California
Sacramento,2021-05-20,10222,1305188,6743,703796,3218,567583,261,33809,3800,148402,6370,593511,4062,741913,California
Sacramento,2021-05-21,10739,1315927,6813,710609,3603,571186,323,34132,4450,146933,6248,599759,4779,746692,California
Sacramento,2021-05-22,7447,1323374,4602,715211,2671,573857,174,34306,3341,146375,4076,603835,3518,750210,California
Sacramento,2021-05-23,4576,1327950,3020,718231,1453,575310,103,34409,1968,145859,2588,606423,2072,752282,California
Sacramento,2021-05-24,7815,1335765,4720,722951,2765,578075,330,34739,2479,143376,5290,611713,2807,755089,California
Sacramento,2021-05-25,6713,1342478,3878,726829,2543,580618,292,35031,2375,141731,4311,616024,2666,757755,California
Sacramento,2021-05-26,8565,1351043,4728,731557,3502,584120,335,35366,2812,139171,5702,621726,3142,760897,California
Sacramento,2021-05-27,6693,1357736,3649,735206,2804,586924,240,35606,2946,138654,3703,625429,3186,764083,California
Sacramento,2021-05-28,8273,1366009,4581,739787,3317,590241,375,35981,3455,137708,4776,630205,3830,767913,California
Sacramento,2021-05-29,4436,1370445,2698,742485,1579,591820,159,36140,2233,137921,2178,632383,2391,770304,California
Sacramento,2021-05-30,1680,1372125,1063,743548,579,592399,38,36178,750,137787,923,633306,789,771093,California
Sacramento,2021-05-31,884,1373009,443,743991,428,592827,13,36191,313,137545,568,633874,326,771419,California
Sacramento,2021-06-01,6977,1379986,4181,748172,2590,595417,206,36397,2534,135882,4400,638274,2737,774156,California
Sacramento,2021-06-02,6100,1386086,3349,751521,2537,597954,214,36611,2262,134563,3793,642067,2474,776630,California
Sacramento,2021-06-03,7461,1393547,5072,756593,2205,600159,184,36795,2142,131608,5278,647345,2323,778953,California
Sacramento,2021-06-04,7077,1400624,4521,761114,2344,602503,212,37007,2208,129192,4836,652181,2420,781373,California
Sacramento,2021-06-05,6219,1406843,4560,765674,1518,604021,141,37148,1756,126654,4434,656615,1896,783269,California
Sacramento,2021-06-06,2412,1409255,1895,767569,458,604479,59,37207,783,125874,1623,658238,843,784112,California
Sacramento,2021-06-07,5576,1414831,3906,771475,1490,605969,180,37387,1553,123607,3997,662235,1730,785842,California
Sacramento,2021-06-08,5410,1420241,3685,775160,1545,607514,180,37567,1721,121851,3659,665894,1903,787745,California
Sacramento,2021-06-09,6173,1426414,4282,779442,1706,609220,185,37752,1628,119170,4493,670387,1812,789557,California
Sacramento,2021-06-10,5417,1431831,3465,782907,1741,610961,211,37963,1678,117370,3689,674076,1889,791446,California
Sacramento,2021-06-11,7558,1439389,5219,788126,2145,613106,194,38157,2056,114150,5468,679544,2248,793694,California
Sacramento,2021-06-12,4730,1444119,3066,791192,1546,614652,118,38275,1288,112134,3423,682967,1407,795101,California
Sacramento,2021-06-13,1932,1446051,1424,792616,464,615116,44,38319,396,111049,1523,684490,438,795539,California
Sacramento,2021-06-14,4310,1450361,2790,795406,1358,616474,162,38481,1341,109599,2951,687441,1501,797040,California
Sacramento,2021-06-15,4922,1455283,2960,798366,1737,618211,225,38706,1719,108356,3186,690627,1943,798983,California
Sacramento,2021-06-16,4478,1459761,3008,801374,1251,619462,219,38925,1554,107223,2898,693525,1765,800748,California
Sacramento,2021-06-17,4067,1463828,2644,804018,1257,620719,166,39091,1399,106148,2635,696160,1560,802308,California
Sacramento,2021-06-18,5126,1468954,3351,807369,1534,622253,241,39332,1739,104766,3361,699521,1979,804287,California
Sacramento,2021-06-19,3337,1472291,2264,809633,928,623181,145,39477,1190,103971,2129,701650,1334,805621,California
Sacramento,2021-06-20,1235,1473526,916,810549,291,623472,28,39505,565,103904,660,702310,593,806214,California
Sacramento,2021-06-21,2524,1476050,1337,811886,1026,624498,161,39666,1239,104031,1271,703581,1398,807612,California
Sacramento,2021-06-22,3913,1479963,2696,814582,1020,625518,197,39863,1540,103416,2347,705928,1732,809344,California
Sacramento,2021-06-23,4080,1484043,2813,817395,1058,626576,209,40072,1522,102606,2537,708465,1727,811071,California
Sacramento,2021-06-24,3470,1487513,2247,819642,1028,627604,195,40267,1384,102118,2066,710531,1578,812649,California
Sacramento,2021-06-25,4186,1491699,2832,822474,1141,628745,213,40480,1690,101541,2477,713008,1900,814549,California
Sacramento,2021-06-26,2845,1494544,2033,824507,689,629434,123,40603,1191,101219,1635,714643,1313,815862,California
Sacramento,2021-06-27,1236,1495780,909,825416,296,629730,31,40634,449,100916,783,715426,480,816342,California
Sacramento,2021-06-28,2624,1498404,1951,827367,532,630262,141,40775,1143,100736,1463,716889,1283,817625,California
Sacramento,2021-06-29,3282,1501686,2189,829556,954,631216,139,40914,1328,100281,1925,718814,1470,819095,California
Sacramento,2021-06-30,3267,1504953,2242,831798,895,632111,130,41044,1540,100245,1707,720521,1671,820766,California
Sacramento,2021-07-01,2824,1507777,1899,833697,767,632878,158,41202,1222,100039,1583,722104,1377,822143,California
Sacramento,2021-07-02,3404,1511181,2289,835986,962,633840,153,41355,1452,99711,1929,724033,1601,823744,California
Sacramento,2021-07-03,1157,1512338,798,836784,329,634169,30,41385,486,99566,662,724695,517,824261,California
San Benito,2020-12-16,29,29,29,29,0,0,0,0,29,29,0,0,29,29,California
San Benito,2020-12-17,48,77,48,77,0,0,0,0,48,77,0,0,48,77,California
San Benito,2020-12-18,72,149,72,149,0,0,0,0,72,149,0,0,72,149,California
San Benito,2020-12-19,48,197,48,197,0,0,0,0,48,197,0,0,48,197,California
San Benito,2020-12-20,24,221,24,221,0,0,0,0,24,221,0,0,24,221,California
San Benito,2020-12-21,77,298,77,298,0,0,0,0,77,298,0,0,77,298,California
San Benito,2020-12-22,101,399,101,399,0,0,0,0,101,399,0,0,101,399,California
San Benito,2020-12-23,86,485,74,473,12,12,0,0,86,485,0,0,86,485,California
San Benito,2020-12-24,13,498,5,478,8,20,0,0,13,498,0,0,13,498,California
San Benito,2020-12-25,3,501,3,481,0,20,0,0,3,501,0,0,3,501,California
San Benito,2020-12-26,13,514,4,485,9,29,0,0,13,514,0,0,13,514,California
San Benito,2020-12-27,8,522,7,492,1,30,0,0,8,522,0,0,8,522,California
San Benito,2020-12-28,66,588,36,528,30,60,0,0,66,588,0,0,66,588,California
San Benito,2020-12-29,49,637,21,549,28,88,0,0,49,637,0,0,49,637,California
San Benito,2020-12-30,59,696,37,586,22,110,0,0,59,696,0,0,59,696,California
San Benito,2020-12-31,19,715,2,588,17,127,0,0,19,715,0,0,19,715,California
San Benito,2021-01-02,24,739,23,611,1,128,0,0,24,739,0,0,24,739,California
San Benito,2021-01-03,4,743,2,613,2,130,0,0,3,742,0,0,3,742,California
San Benito,2021-01-04,61,804,23,636,38,168,0,0,61,803,0,0,61,803,California
San Benito,2021-01-05,117,921,37,673,80,248,0,0,114,914,3,3,114,917,California
San Benito,2021-01-06,102,1023,42,715,60,308,0,0,87,986,15,18,87,1004,California
San Benito,2021-01-07,106,1129,68,783,38,346,0,0,54,988,52,70,54,1058,California
San Benito,2021-01-08,180,1309,89,872,91,437,0,0,116,1040,64,134,116,1174,California
San Benito,2021-01-09,44,1353,31,903,13,450,0,0,30,1056,14,148,30,1204,California
San Benito,2021-01-10,17,1370,15,918,2,452,0,0,5,1049,12,160,5,1209,California
San Benito,2021-01-11,173,1543,108,1026,65,517,0,0,72,1020,101,261,72,1281,California
San Benito,2021-01-12,161,1704,57,1083,104,621,0,0,121,1101,40,301,121,1402,California
San Benito,2021-01-13,240,1944,68,1151,172,793,0,0,189,1239,51,352,189,1591,California
San Benito,2021-01-14,132,2076,24,1175,108,901,0,0,113,1333,19,371,113,1704,California
San Benito,2021-01-15,218,2294,21,1196,197,1098,0,0,204,1523,14,385,204,1908,California
San Benito,2021-01-16,25,2319,8,1204,17,1115,0,0,20,1538,5,390,20,1928,California
San Benito,2021-01-17,12,2331,5,1209,7,1122,0,0,9,1544,3,393,9,1937,California
San Benito,2021-01-18,37,2368,23,1232,14,1136,0,0,22,1551,15,408,22,1959,California
San Benito,2021-01-19,187,2555,81,1313,106,1242,0,0,149,1662,38,446,149,2108,California
San Benito,2021-01-20,338,2893,102,1415,236,1478,0,0,292,1909,45,491,292,2400,California
San Benito,2021-01-21,146,3039,33,1448,113,1591,0,0,120,2003,26,517,120,2520,California
San Benito,2021-01-22,237,3276,19,1467,218,1809,0,0,227,2220,10,527,227,2747,California
San Benito,2021-01-23,31,3307,17,1484,14,1823,0,0,13,2215,18,545,13,2760,California
San Benito,2021-01-24,28,3335,3,1487,25,1848,0,0,24,2235,4,549,24,2784,California
San Benito,2021-01-25,72,3407,24,1511,48,1896,0,0,24,2211,48,597,24,2808,California
San Benito,2021-01-26,138,3545,41,1552,97,1993,0,0,86,2245,52,649,86,2894,California
San Benito,2021-01-27,230,3775,69,1621,161,2154,0,0,191,2397,39,688,191,3085,California
San Benito,2021-01-28,151,3926,32,1653,119,2273,0,0,120,2487,30,718,120,3205,California
San Benito,2021-01-29,293,4219,33,1686,260,2533,0,0,268,2731,24,742,268,3473,California
San Benito,2021-01-30,52,4271,33,1719,19,2552,0,0,29,2737,23,765,29,3502,California
San Benito,2021-01-31,16,4287,5,1724,11,2563,0,0,11,2743,5,770,11,3513,California
San Benito,2021-02-01,137,4424,29,1753,108,2671,0,0,93,2792,44,814,93,3606,California
San Benito,2021-02-02,229,4653,49,1802,180,2851,0,0,139,2841,90,904,139,3745,California
San Benito,2021-02-03,340,4993,42,1844,298,3149,0,0,272,3045,68,972,272,4017,California
San Benito,2021-02-04,167,5160,24,1868,143,3292,0,0,121,3120,46,1018,121,4138,California
San Benito,2021-02-05,291,5451,40,1908,251,3543,0,0,229,3287,62,1080,229,4367,California
San Benito,2021-02-06,50,5501,9,1917,41,3584,0,0,33,3303,17,1097,33,4400,California
San Benito,2021-02-07,18,5519,9,1926,9,3593,0,0,16,3317,2,1099,16,4416,California
San Benito,2021-02-08,142,5661,18,1944,124,3717,0,0,96,3367,46,1145,96,4512,California
San Benito,2021-02-09,327,5988,64,2008,263,3980,0,0,195,3430,132,1277,195,4707,California
San Benito,2021-02-10,322,6310,89,2097,233,4213,0,0,105,3319,216,1493,105,4812,California
San Benito,2021-02-11,299,6609,33,2130,266,4479,0,0,201,3422,98,1591,201,5013,California
San Benito,2021-02-12,415,7024,32,2162,383,4862,0,0,208,3424,206,1797,208,5221,California
San Benito,2021-02-13,56,7080,7,2169,49,4911,0,0,44,3456,12,1809,44,5265,California
San Benito,2021-02-14,40,7120,5,2174,35,4946,0,0,30,3476,10,1819,30,5295,California
San Benito,2021-02-15,107,7227,9,2183,98,5044,0,0,96,3561,11,1830,96,5391,California
San Benito,2021-02-16,206,7433,11,2194,195,5239,0,0,101,3558,105,1935,102,5493,California
San Benito,2021-02-17,328,7761,29,2223,299,5538,0,0,278,3786,50,1985,278,5771,California
San Benito,2021-02-18,296,8057,38,2261,258,5796,0,0,73,3636,223,2208,73,5844,California
San Benito,2021-02-19,347,8404,47,2308,300,6096,0,0,181,3651,166,2374,181,6025,California
San Benito,2021-02-20,50,8454,28,2336,22,6118,0,0,38,3677,12,2386,38,6063,California
San Benito,2021-02-21,24,8478,9,2345,15,6133,0,0,15,3683,9,2395,15,6078,California
San Benito,2021-02-22,138,8616,37,2382,101,6234,0,0,101,3748,36,2431,101,6179,California
San Benito,2021-02-23,386,9002,97,2479,289,6523,0,0,268,3898,118,2549,268,6447,California
San Benito,2021-02-24,387,9389,69,2548,318,6841,0,0,245,4001,142,2691,245,6692,California
San Benito,2021-02-25,393,9782,64,2612,329,7170,0,0,272,4150,123,2814,272,6964,California
San Benito,2021-02-26,653,10435,76,2688,577,7747,0,0,403,4303,250,3064,403,7367,California
San Benito,2021-02-27,105,10540,41,2729,64,7811,0,0,86,4370,19,3083,86,7453,California
San Benito,2021-02-28,255,10795,31,2760,224,8035,0,0,243,4601,12,3095,243,7696,California
San Benito,2021-03-01,232,11027,61,2821,171,8206,0,0,161,4690,72,3167,161,7857,California
San Benito,2021-03-02,287,11314,95,2916,192,8398,0,0,215,4833,72,3239,215,8072,California
San Benito,2021-03-03,405,11719,65,2981,340,8738,0,0,227,4884,176,3415,227,8299,California
San Benito,2021-03-04,617,12336,126,3107,476,9214,15,15,429,5128,188,3603,432,8731,California
San Benito,2021-03-05,584,12920,307,3414,265,9479,12,27,375,5308,207,3810,387,9118,California
San Benito,2021-03-06,193,13113,69,3483,110,9589,14,41,140,5409,53,3863,154,9272,California
San Benito,2021-03-07,648,13761,603,4086,22,9611,23,64,615,6014,33,3896,638,9910,California
San Benito,2021-03-08,290,14051,66,4152,177,9788,47,111,167,6105,123,4019,214,10124,California
San Benito,2021-03-09,425,14476,83,4235,243,10031,99,210,138,6029,286,4305,210,10334,California
San Benito,2021-03-10,410,14886,121,4356,194,10225,95,305,239,6192,171,4476,334,10668,California
San Benito,2021-03-11,476,15362,124,4480,199,10424,153,458,212,6293,264,4740,365,11033,California
San Benito,2021-03-12,523,15885,124,4604,302,10726,97,555,233,6335,288,5028,330,11363,California
San Benito,2021-03-13,200,16085,99,4703,83,10809,18,573,126,6408,71,5099,144,11507,California
San Benito,2021-03-14,233,16318,40,4743,173,10982,20,593,180,6556,52,5151,200,11707,California
San Benito,2021-03-15,323,16641,98,4841,206,11188,19,612,190,6632,133,5284,209,11916,California
San Benito,2021-03-16,501,17142,218,5059,252,11440,31,643,353,6868,147,5431,383,12299,California
San Benito,2021-03-17,791,17933,479,5538,290,11730,22,665,561,7217,226,5657,575,12874,California
San Benito,2021-03-18,789,18722,528,6066,206,11936,55,720,573,7622,214,5871,619,13493,California
San Benito,2021-03-19,778,19500,403,6469,351,12287,24,744,573,8013,205,6076,596,14089,California
San Benito,2021-03-20,246,19746,149,6618,84,12371,13,757,186,8152,60,6136,199,14288,California
San Benito,2021-03-21,109,19855,57,6675,47,12418,5,762,81,8210,28,6164,86,14374,California
San Benito,2021-03-22,354,20209,173,6848,156,12574,25,787,222,8325,132,6296,247,14621,California
San Benito,2021-03-23,474,20683,197,7045,267,12841,10,797,204,8268,270,6566,213,14834,California
San Benito,2021-03-24,575,21258,304,7349,264,13105,7,804,349,8400,224,6790,356,15190,California
San Benito,2021-03-25,741,21999,441,7790,296,13401,4,808,439,8545,298,7088,443,15633,California
San Benito,2021-03-26,1020,23019,521,8311,494,13895,5,813,337,8205,682,7770,342,15975,California
San Benito,2021-03-27,339,23358,190,8501,117,14012,32,845,220,8339,118,7888,252,16227,California
San Benito,2021-03-28,735,24093,609,9110,121,14133,5,850,130,7869,605,8493,135,16362,California
San Benito,2021-03-29,344,24437,108,9218,216,14349,20,870,143,7831,200,8693,162,16524,California
San Benito,2021-03-30,580,25017,274,9492,213,14562,93,963,294,7932,286,8979,387,16911,California
San Benito,2021-03-31,595,25612,365,9857,206,14768,24,987,334,8031,259,9238,358,17269,California
San Benito,2021-04-01,955,26567,385,10242,531,15299,39,1026,565,8241,388,9626,598,17867,California
San Benito,2021-04-02,542,27109,262,10504,144,15443,136,1162,264,8364,277,9903,400,18267,California
San Benito,2021-04-03,254,27363,87,10591,103,15546,64,1226,75,8324,178,10081,138,18405,California
San Benito,2021-04-04,143,27506,108,10699,30,15576,5,1231,106,8398,37,10118,111,18516,California
San Benito,2021-04-05,354,27860,169,10868,141,15717,44,1275,143,8373,211,10329,186,18702,California
San Benito,2021-04-06,468,28328,164,11032,127,15844,177,1452,163,8407,305,10634,339,19041,California
San Benito,2021-04-07,944,29272,526,11558,227,16071,191,1643,264,8185,677,11311,455,19496,California
San Benito,2021-04-08,872,30144,437,11995,180,16251,255,1898,231,8031,640,11951,486,19982,California
San Benito,2021-04-09,854,30998,506,12501,256,16507,92,1990,298,7866,555,12506,390,20372,California
San Benito,2021-04-10,341,31339,206,12707,77,16584,58,2048,192,7967,149,12655,250,20622,California
San Benito,2021-04-11,480,31819,273,12980,172,16756,35,2083,270,8040,210,12865,283,20905,California
San Benito,2021-04-12,531,32350,286,13266,133,16889,112,2195,279,8176,251,13116,387,21292,California
San Benito,2021-04-13,760,33110,295,13561,442,17331,23,2218,527,8495,232,13348,551,21843,California
San Benito,2021-04-14,833,33943,655,14216,178,17509,0,2218,395,8458,432,13780,395,22238,California
San Benito,2021-04-15,946,34889,736,14952,209,17718,1,2219,475,8465,470,14250,477,22715,California
San Benito,2021-04-16,715,35604,373,15325,333,18051,9,2228,304,8371,408,14658,314,23029,California
San Benito,2021-04-17,323,35927,227,15552,96,18147,0,2228,130,8306,195,14853,130,23159,California
San Benito,2021-04-18,507,36434,426,15978,81,18228,0,2228,247,8295,260,15113,249,23408,California
San Benito,2021-04-19,745,37179,595,16573,150,18378,0,2228,420,8393,323,15436,421,23829,California
San Benito,2021-04-20,790,37969,419,16992,369,18747,2,2230,497,8603,288,15724,498,24327,California
San Benito,2021-04-21,973,38942,721,17713,252,18999,0,2230,525,8695,433,16157,525,24852,California
San Benito,2021-04-22,906,39848,698,18411,208,19207,0,2230,567,8931,331,16488,567,25419,California
San Benito,2021-04-23,644,40492,408,18819,235,19442,1,2231,342,9020,253,16741,342,25761,California
San Benito,2021-04-24,362,40854,202,19021,160,19602,0,2231,166,9030,156,16897,166,25927,California
San Benito,2021-04-25,205,41059,128,19149,77,19679,0,2231,95,9033,92,16989,95,26022,California
San Benito,2021-04-26,496,41555,393,19542,103,19782,0,2231,260,9118,175,17164,260,26282,California
San Benito,2021-04-27,560,42115,286,19828,267,20049,7,2238,408,9391,142,17306,415,26697,California
San Benito,2021-04-28,555,42670,393,20221,154,20203,8,2246,390,9628,160,17466,397,27094,California
San Benito,2021-04-29,635,43305,235,20456,390,20593,10,2256,255,9531,379,17845,282,27376,California
San Benito,2021-04-30,385,43690,216,20672,162,20755,7,2263,209,9573,174,18019,216,27592,California
San Benito,2021-05-01,195,43885,142,20814,44,20799,9,2272,65,9518,129,18148,74,27666,California
San Benito,2021-05-02,189,44074,160,20974,25,20824,4,2276,57,9447,132,18280,61,27727,California
San Benito,2021-05-03,359,44433,283,21257,66,20890,10,2286,86,9272,273,18553,98,27825,California
San Benito,2021-05-04,416,44849,257,21514,151,21041,8,2294,150,9165,264,18817,157,27982,California
San Benito,2021-05-05,612,45461,432,21946,164,21205,16,2310,217,9007,391,19208,233,28215,California
San Benito,2021-05-06,625,46086,497,22443,113,21318,15,2325,225,8851,396,19604,240,28455,California
San Benito,2021-05-07,455,46541,291,22734,154,21472,10,2335,174,8757,279,19883,185,28640,California
San Benito,2021-05-08,279,46820,228,22962,46,21518,5,2340,155,8793,124,20007,160,28800,California
San Benito,2021-05-09,108,46928,83,23045,22,21540,3,2343,48,8784,60,20067,51,28851,California
San Benito,2021-05-10,411,47339,322,23367,65,21605,24,2367,53,8504,358,20425,78,28929,California
San Benito,2021-05-11,837,48176,425,23792,396,22001,16,2383,191,8068,644,21069,208,29137,California
San Benito,2021-05-12,518,48694,413,24205,92,22093,13,2396,124,7813,393,21462,138,29275,California
San Benito,2021-05-13,738,49432,631,24836,90,22183,17,2413,212,7518,523,21985,228,29503,California
San Benito,2021-05-14,602,50034,445,25281,150,22333,7,2420,231,7387,369,22354,238,29741,California
San Benito,2021-05-15,228,50262,172,25453,50,22383,6,2426,127,7419,101,22455,133,29874,California
San Benito,2021-05-16,174,50436,146,25599,26,22409,2,2428,97,7441,77,22532,99,29973,California
San Benito,2021-05-17,388,50824,313,25912,66,22475,9,2437,177,7419,208,22740,186,30159,California
San Benito,2021-05-18,675,51499,355,26267,315,22790,5,2442,212,7174,463,23203,218,30377,California
San Benito,2021-05-19,572,52071,421,26688,143,22933,8,2450,231,7072,341,23544,239,30616,California
San Benito,2021-05-20,593,52664,470,27158,112,23045,11,2461,315,7121,277,23821,326,30942,California
San Benito,2021-05-21,466,53130,275,27433,175,23220,16,2477,213,7099,251,24072,229,31171,California
San Benito,2021-05-22,297,53427,225,27658,67,23287,5,2482,183,7176,112,24184,189,31360,California
San Benito,2021-05-23,100,53527,62,27720,34,23321,4,2486,37,7153,63,24247,40,31400,California
San Benito,2021-05-24,307,53834,258,27978,42,23363,7,2493,191,7235,116,24363,198,31598,California
San Benito,2021-05-25,527,54361,241,28219,279,23642,7,2500,170,7057,355,24718,177,31775,California
San Benito,2021-05-26,312,54673,196,28415,109,23751,7,2507,125,7002,186,24904,131,31906,California
San Benito,2021-05-27,408,55081,312,28727,73,23824,23,2530,151,6922,257,25161,177,32083,California
San Benito,2021-05-28,287,55368,177,28904,103,23927,7,2537,110,6863,176,25337,117,32200,California
San Benito,2021-05-29,146,55514,124,29028,20,23947,2,2539,61,6841,85,25422,63,32263,California
San Benito,2021-05-30,269,55783,253,29281,16,23963,0,2539,90,6753,178,25600,90,32353,California
San Benito,2021-05-31,100,55883,87,29368,11,23974,2,2541,43,6742,56,25656,45,32398,California
San Benito,2021-06-01,267,56150,121,29489,120,24094,26,2567,86,6673,180,25836,111,32509,California
San Benito,2021-06-02,322,56472,244,29733,76,24170,2,2569,110,6575,211,26047,113,32622,California
San Benito,2021-06-03,340,56812,289,30022,45,24215,6,2575,100,6443,238,26285,106,32728,California
San Benito,2021-06-04,271,57083,205,30227,66,24281,0,2575,85,6343,185,26470,85,32813,California
San Benito,2021-06-05,95,57178,77,30304,17,24298,1,2576,22,6294,72,26542,23,32836,California
San Benito,2021-06-06,59,57237,49,30353,7,24305,3,2579,13,6264,46,26588,16,32852,California
San Benito,2021-06-07,339,57576,299,30652,35,24340,5,2584,85,6102,252,26840,90,32942,California
San Benito,2021-06-08,309,57885,217,30869,77,24417,15,2599,94,5997,214,27054,109,33051,California
San Benito,2021-06-09,241,58126,189,31058,44,24461,8,2607,68,5900,173,27227,76,33127,California
San Benito,2021-06-10,360,58486,331,31389,22,24483,7,2614,73,5696,284,27511,80,33207,California
San Benito,2021-06-11,270,58756,229,31618,21,24504,20,2634,92,5631,177,27688,112,33319,California
San Benito,2021-06-12,161,58917,147,31765,10,24514,4,2638,50,5589,96,27784,54,33373,California
San Benito,2021-06-13,53,58970,41,31806,10,24524,2,2640,16,5577,30,27814,18,33391,California
San Benito,2021-06-14,180,59150,150,31956,25,24549,5,2645,61,5524,118,27932,65,33456,California
San Benito,2021-06-15,221,59371,128,32084,87,24636,6,2651,77,5466,142,28074,84,33540,California
San Benito,2021-06-16,214,59585,171,32255,29,24665,14,2665,73,5413,140,28214,87,33627,California
San Benito,2021-06-17,251,59836,207,32462,17,24682,27,2692,78,5346,173,28387,106,33733,California
San Benito,2021-06-18,159,59995,102,32564,50,24732,7,2699,64,5322,95,28482,71,33804,California
San Benito,2021-06-19,114,60109,108,32672,6,24738,0,2699,48,5304,66,28548,48,33852,California
San Benito,2021-06-20,38,60147,36,32708,2,24740,0,2699,18,5302,20,28568,18,33870,California
San Benito,2021-06-21,113,60260,83,32791,15,24755,15,2714,59,5322,53,28621,73,33943,California
San Benito,2021-06-22,207,60467,126,32917,60,24815,21,2735,75,5286,131,28752,95,34038,California
San Benito,2021-06-23,150,60617,113,33030,27,24842,10,2745,61,5268,89,28841,71,34109,California
San Benito,2021-06-24,190,60807,162,33192,15,24857,13,2758,81,5254,108,28949,94,34203,California
San Benito,2021-06-25,151,60958,120,33312,29,24886,2,2760,64,5234,87,29036,67,34270,California
San Benito,2021-06-26,76,61034,61,33373,14,24900,1,2761,33,5226,42,29078,34,34304,California
San Benito,2021-06-27,59,61093,52,33425,2,24902,5,2766,25,5222,34,29112,30,34334,California
San Benito,2021-06-28,123,61216,100,33525,19,24921,4,2770,51,5205,72,29184,55,34389,California
San Benito,2021-06-29,110,61326,55,33580,43,24964,12,2782,40,5187,70,29254,52,34441,California
San Benito,2021-06-30,135,61461,110,33690,18,24982,7,2789,51,5162,83,29337,58,34499,California
San Benito,2021-07-01,132,61593,103,33793,20,25002,9,2798,53,5144,78,29415,60,34559,California
San Benito,2021-07-02,130,61723,74,33867,44,25046,12,2810,54,5134,76,29491,66,34625,California
San Benito,2021-07-03,17,61740,12,33879,4,25050,1,2811,10,5138,7,29498,11,34636,California
San Bernardino,2020-12-15,13,13,13,13,0,0,0,0,13,13,0,0,13,13,California
San Bernardino,2020-12-16,114,127,114,127,0,0,0,0,114,127,0,0,114,127,California
San Bernardino,2020-12-17,2375,2502,2375,2502,0,0,0,0,2375,2502,0,0,2375,2502,California
San Bernardino,2020-12-18,3175,5677,3172,5674,3,3,0,0,3176,5678,0,0,3176,5678,California
San Bernardino,2020-12-19,1076,6753,1075,6749,1,4,0,0,1077,6755,0,0,1077,6755,California
San Bernardino,2020-12-20,1184,7937,1180,7929,4,8,0,0,1184,7939,0,0,1184,7939,California
San Bernardino,2020-12-21,2466,10403,2459,10388,7,15,0,0,2466,10405,0,0,2466,10405,California
San Bernardino,2020-12-22,2280,12683,2151,12539,129,144,0,0,2281,12686,0,0,2281,12686,California
San Bernardino,2020-12-23,2679,15362,1472,14011,1207,1351,0,0,2677,15363,0,0,2677,15363,California
San Bernardino,2020-12-24,1162,16524,582,14593,580,1931,0,0,1163,16525,1,1,1163,16526,California
San Bernardino,2020-12-25,76,16600,15,14608,61,1992,0,0,76,16601,0,1,76,16602,California
San Bernardino,2020-12-26,466,17066,255,14863,211,2203,0,0,466,17067,0,1,466,17068,California
San Bernardino,2020-12-27,351,17417,164,15027,187,2390,0,0,350,17416,1,2,350,17418,California
San Bernardino,2020-12-28,1594,19011,701,15728,893,3283,0,0,1595,19011,0,2,1595,19013,California
San Bernardino,2020-12-29,2258,21269,1048,16776,1210,4493,0,0,2258,21269,0,2,2258,21271,California
San Bernardino,2020-12-30,2932,24201,1461,18237,1471,5964,0,0,2932,24201,0,2,2932,24203,California
San Bernardino,2020-12-31,1381,25582,440,18677,941,6905,0,0,1379,25580,0,2,1379,25582,California
San Bernardino,2021-01-01,289,25871,152,18829,137,7042,0,0,288,25868,0,2,288,25870,California
San Bernardino,2021-01-02,485,26356,345,19174,140,7182,0,0,485,26353,0,2,485,26355,California
San Bernardino,2021-01-03,142,26498,88,19262,54,7236,0,0,142,26495,0,2,142,26497,California
San Bernardino,2021-01-04,2150,28648,1294,20556,856,8092,0,0,2149,28644,0,2,2149,28646,California
San Bernardino,2021-01-05,2348,30996,1462,22018,886,8978,0,0,2235,30768,111,113,2235,30881,California
San Bernardino,2021-01-06,3469,34465,2363,24381,1106,10084,0,0,2968,33242,495,608,2969,33850,California
San Bernardino,2021-01-07,5455,39920,4520,28901,935,11019,0,0,2490,32786,2946,3554,2490,36340,California
San Bernardino,2021-01-08,5402,45322,4469,33370,933,11952,0,0,2302,31993,3096,6650,2303,38643,California
San Bernardino,2021-01-09,1411,46733,1105,34475,306,12258,0,0,909,32400,502,7152,909,39552,California
San Bernardino,2021-01-10,1031,47764,601,35076,430,12688,0,0,579,32527,452,7604,579,40131,California
San Bernardino,2021-01-11,4999,52763,4086,39162,913,13601,0,0,2779,33089,2217,9821,2779,42910,California
San Bernardino,2021-01-12,4255,57018,3231,42393,1024,14625,0,0,2527,33890,1726,11547,2527,45437,California
San Bernardino,2021-01-13,4615,61633,2838,45231,1777,16402,0,0,3384,36056,1219,12766,3385,48822,California
San Bernardino,2021-01-14,4886,66519,2812,48043,2074,18476,0,0,4297,39768,585,13351,4297,53119,California
San Bernardino,2021-01-15,6006,72525,2955,50998,3051,21527,0,0,5605,44985,391,13742,5608,58727,California
San Bernardino,2021-01-16,2276,74801,1292,52290,984,22511,0,0,2132,46973,144,13886,2132,60859,California
San Bernardino,2021-01-17,1191,75992,508,52798,683,23194,0,0,1108,48000,82,13968,1109,61968,California
San Bernardino,2021-01-18,4297,80289,2636,55434,1661,24855,0,0,3666,51037,631,14599,3668,65636,California
San Bernardino,2021-01-19,6367,86656,3446,58880,2921,27776,0,0,5268,55210,1097,15696,5270,70906,California
San Bernardino,2021-01-20,6917,93573,3785,62665,3132,30908,0,0,4947,58199,1960,17656,4949,75855,California
San Bernardino,2021-01-21,6042,99615,3090,65755,2952,33860,0,0,4909,61988,1123,18779,4912,80767,California
San Bernardino,2021-01-22,6614,106229,3052,68807,3562,37422,0,0,5884,67145,728,19507,5885,86652,California
San Bernardino,2021-01-23,3137,109366,1895,70702,1242,38664,0,0,2731,69471,405,19912,2731,89383,California
San Bernardino,2021-01-24,1211,110577,462,71164,749,39413,0,0,1107,70474,104,20016,1107,90490,California
San Bernardino,2021-01-25,6966,117543,3415,74579,3551,42964,0,0,5093,73701,1869,21885,5096,95586,California
San Bernardino,2021-01-26,7201,124744,3544,78123,3657,46621,0,0,5018,76539,2182,24067,5020,100606,California
San Bernardino,2021-01-27,8665,133409,4150,82273,4515,51136,0,0,5784,79452,2871,26938,5784,106390,California
San Bernardino,2021-01-28,8682,142091,4086,86359,4596,55732,0,0,6333,83445,2340,29278,6333,112723,California
San Bernardino,2021-01-29,8230,150321,3745,90104,4485,60217,0,0,6227,87686,1987,31265,6228,118951,California
San Bernardino,2021-01-30,3097,153418,1878,91982,1219,61436,0,0,2802,90195,294,31559,2803,121754,California
San Bernardino,2021-01-31,920,154338,474,92456,446,61882,0,0,861,90998,58,31617,861,122615,California
San Bernardino,2021-02-01,7631,161969,4255,96711,3376,65258,0,0,4943,93259,2683,34300,4944,127559,California
San Bernardino,2021-02-02,10565,172534,3681,100392,6884,72142,0,0,8453,99606,2108,36408,8455,136014,California
San Bernardino,2021-02-03,9101,181635,4164,104556,4937,77079,0,0,6566,103647,2526,38934,6567,142581,California
San Bernardino,2021-02-04,10615,192250,5220,109776,5395,82474,0,0,7480,108004,3124,42058,7481,150062,California
San Bernardino,2021-02-05,11144,203394,5971,115747,5173,87647,0,0,7549,111971,3583,45641,7550,157612,California
San Bernardino,2021-02-06,5293,208687,2221,117968,3072,90719,0,0,3648,114007,1615,47256,3651,161263,California
San Bernardino,2021-02-07,855,209542,495,118463,360,91079,0,0,476,114108,376,47632,477,161740,California
San Bernardino,2021-02-08,7334,216876,3902,122365,3432,94511,0,0,5643,118061,1690,49322,5643,167383,California
San Bernardino,2021-02-09,10178,227054,5632,127997,4546,99057,0,0,6845,121853,3057,52379,6849,174232,California
San Bernardino,2021-02-10,12217,239271,6490,134487,5727,104784,0,0,8050,125748,4156,56535,8051,182283,California
San Bernardino,2021-02-11,12548,251819,7181,141668,5367,110151,0,0,7967,129165,4554,61089,7971,190254,California
San Bernardino,2021-02-12,10607,262426,5947,147615,4660,114811,0,0,5779,130183,4764,65853,5782,196036,California
San Bernardino,2021-02-13,6125,268551,4076,151691,2049,116860,0,0,3837,131754,2271,68124,3842,199878,California
San Bernardino,2021-02-14,1577,270128,666,152357,911,117771,0,0,884,131953,686,68810,885,200763,California
San Bernardino,2021-02-15,5528,275656,3009,155366,2519,120290,0,0,3077,132592,2438,71248,3077,203840,California
San Bernardino,2021-02-16,12763,288419,7458,162824,5305,125595,0,0,8036,135918,4714,75962,8040,211880,California
San Bernardino,2021-02-17,11948,300367,6537,169361,5411,131006,0,0,7196,138389,4730,80692,7201,219081,California
San Bernardino,2021-02-18,12618,312985,7645,177006,4973,135979,0,0,7783,141356,4818,85510,7785,226866,California
San Bernardino,2021-02-19,11834,324819,6061,183067,5773,141752,0,0,6979,143505,4832,90342,6981,233847,California
San Bernardino,2021-02-20,4615,329434,3537,186604,1078,142830,0,0,2072,143047,2533,92875,2075,235922,California
San Bernardino,2021-02-21,1180,330614,706,187310,474,143304,0,0,412,142692,768,93643,413,236335,California
San Bernardino,2021-02-22,9015,339629,5562,192872,3453,146757,0,0,4138,141974,4857,98500,4139,240474,California
San Bernardino,2021-02-23,9716,349345,5896,198768,3820,150577,0,0,4898,142091,4787,103287,4904,245378,California
San Bernardino,2021-02-24,12743,362088,7326,206094,5417,155994,0,0,6222,141819,6500,109787,6228,251606,California
San Bernardino,2021-02-25,13232,375320,6312,212406,6920,162914,0,0,7662,143933,5552,115339,7666,259272,California
San Bernardino,2021-02-26,13746,389066,6396,218802,7350,170264,0,0,7654,145567,6028,121367,7662,266934,California
San Bernardino,2021-02-27,6704,395770,3750,222552,2953,173217,1,1,4819,148518,1873,123240,4824,271758,California
San Bernardino,2021-02-28,1788,397558,748,223300,1040,174257,0,1,1146,149034,632,123872,1148,272906,California
San Bernardino,2021-03-01,8532,406090,4392,227692,4135,178392,5,6,3881,148309,4622,128494,3897,276803,California
San Bernardino,2021-03-02,13950,420040,5515,233207,8435,186827,0,6,6546,147498,7367,135861,6556,283359,California
San Bernardino,2021-03-03,13174,433214,6700,239907,6470,193297,4,10,6207,146775,6943,142804,6220,289579,California
San Bernardino,2021-03-04,14028,447242,6890,246797,7137,200434,1,11,6076,144930,7930,150734,6085,295664,California
San Bernardino,2021-03-05,14543,461785,7526,254323,7015,207449,2,13,7065,144577,7441,158175,7088,302752,California
San Bernardino,2021-03-06,9762,471547,5478,259801,4058,211507,226,239,4555,144166,5188,163363,4777,307529,California
San Bernardino,2021-03-07,1692,473239,1023,260824,597,212104,72,311,1064,144679,626,163989,1139,308668,California
San Bernardino,2021-03-08,8158,481397,3608,264432,4379,216483,171,482,3612,143930,4537,168526,3788,312456,California
San Bernardino,2021-03-09,13154,494551,7525,271957,5378,221861,251,733,5274,141590,7867,176393,5527,317983,California
San Bernardino,2021-03-10,14255,508806,7870,279827,5830,227691,555,1288,6346,140613,7881,184274,6904,324887,California
San Bernardino,2021-03-11,15691,524497,7266,287093,6817,234508,1608,2896,7391,141329,8278,192552,8994,333881,California
San Bernardino,2021-03-12,15644,540141,6971,294064,6622,241130,2051,4947,7337,142490,8271,200823,9432,343313,California
San Bernardino,2021-03-13,8409,548550,4579,298643,3313,244443,517,5464,4962,144539,3432,204255,5481,348794,California
San Bernardino,2021-03-14,3311,551861,1682,300325,1046,245489,583,6047,1840,145494,1464,205719,2419,351213,California
San Bernardino,2021-03-15,11443,563304,5383,305708,4027,249516,2033,8080,5410,146915,6015,211734,7436,358649,California
San Bernardino,2021-03-16,16272,579576,8055,313763,7275,256791,942,9022,9853,151329,6388,218122,10802,369451,California
San Bernardino,2021-03-17,17509,597085,8704,322467,8055,264846,750,9772,10538,155668,6948,225070,11287,380738,California
San Bernardino,2021-03-18,16789,613874,8305,330772,8093,272939,391,10163,9897,159090,6862,231932,10284,391022,California
San Bernardino,2021-03-19,17118,630992,8497,339269,8023,280962,598,10761,9787,162223,7301,239233,10434,401456,California
San Bernardino,2021-03-20,9559,640551,5982,345251,2977,283939,600,11361,5671,164628,3860,243093,6265,407721,California
San Bernardino,2021-03-21,2849,643400,2303,347554,495,284434,51,11412,2279,166401,557,243650,2330,410051,California
San Bernardino,2021-03-22,9742,653142,4602,352156,4704,289138,436,11848,7045,171211,2671,246321,7481,417532,California
San Bernardino,2021-03-23,15657,668799,8887,361043,6149,295287,621,12469,9643,175483,5989,252310,10261,427793,California
San Bernardino,2021-03-24,15222,684021,7837,368880,7079,302366,306,12775,10023,180656,5157,257467,10330,438123,California
San Bernardino,2021-03-25,17130,701151,8389,377269,8435,310801,306,13081,10771,185424,6303,263770,11071,449194,California
San Bernardino,2021-03-26,18353,719504,8706,385975,8877,319678,770,13851,10945,189765,7376,271146,11717,460911,California
San Bernardino,2021-03-27,10887,730391,7024,392999,3108,322786,755,14606,6185,192026,4677,275823,6938,467849,California
San Bernardino,2021-03-28,3652,734043,2563,395562,974,323760,115,14721,2528,193555,1114,276937,2643,470492,California
San Bernardino,2021-03-29,12081,746124,6145,401707,5534,329294,402,15123,7965,197832,4089,281026,8366,478858,California
San Bernardino,2021-03-30,17037,763161,9511,411218,6807,336101,719,15842,10529,202601,6468,287494,11237,490095,California
San Bernardino,2021-03-31,16647,779808,9373,420591,6632,342733,642,16484,10877,208382,5735,293229,11516,501611,California
San Bernardino,2021-04-01,19886,799694,10491,431082,7965,350698,1430,17914,12732,215430,7105,300334,14153,515764,California
San Bernardino,2021-04-02,18940,818634,9545,440627,8100,358798,1295,19209,11415,220687,7493,307827,12750,528514,California
San Bernardino,2021-04-03,11190,829824,6995,447622,3047,361845,1148,20357,6083,222822,5086,312913,7221,535735,California
San Bernardino,2021-04-04,2514,832338,1516,449138,746,362591,252,20609,1260,223089,1244,314157,1511,537246,California
San Bernardino,2021-04-05,11867,844205,5310,454448,4778,367369,1779,22388,6036,225091,5806,319963,7808,545054,California
San Bernardino,2021-04-06,19882,864087,11182,465630,6572,373941,2128,24516,10486,228345,9348,329311,12602,557656,California
San Bernardino,2021-04-07,21216,885303,11392,477022,7320,381261,2504,27020,11526,232703,9655,338966,14013,571669,California
San Bernardino,2021-04-08,22106,907409,11335,488357,8132,389393,2639,29659,12100,237454,9975,348941,14726,586395,California
San Bernardino,2021-04-09,21995,929404,11180,499537,8182,397575,2633,32292,11920,241956,10034,358975,14536,600931,California
San Bernardino,2021-04-10,15741,945145,8145,507682,3871,401446,3725,36017,7812,245571,7905,366880,11520,612451,California
San Bernardino,2021-04-11,4455,949600,2594,510276,894,402340,967,36984,2045,246173,2403,369283,3005,615456,California
San Bernardino,2021-04-12,13535,963135,6249,516525,5614,407954,1672,38656,6409,247149,7100,376383,8076,623532,California
San Bernardino,2021-04-13,19491,982626,11108,527633,8364,416318,19,38675,11189,250089,8271,384654,11211,634743,California
San Bernardino,2021-04-14,19549,1002175,10445,538078,9101,425419,3,38678,11012,252611,8496,393150,11018,645761,California
San Bernardino,2021-04-15,20639,1022814,11534,549612,9099,434518,6,38684,10931,253884,9665,402815,10938,656699,California
San Bernardino,2021-04-16,18905,1041719,10706,560318,8198,442716,1,38685,9259,253546,9598,412413,9260,665959,California
San Bernardino,2021-04-17,12095,1053814,7976,568294,4119,446835,0,38685,6288,254074,5760,418173,6288,672247,California
San Bernardino,2021-04-18,3239,1057053,2307,570601,932,447767,0,38685,1385,253618,1841,420014,1385,673632,California
San Bernardino,2021-04-19,12737,1069790,6807,577408,5930,453697,0,38685,4933,250781,7775,427789,4938,678570,California
San Bernardino,2021-04-20,18295,1088085,10366,587774,7926,461623,3,38688,8275,249075,9986,437775,8280,686850,California
San Bernardino,2021-04-21,19109,1107194,11235,599009,7872,469495,2,38690,8329,246699,10710,448485,8334,695184,California
San Bernardino,2021-04-22,19674,1126868,11401,610410,8269,477764,4,38694,7964,243017,11653,460138,7971,703155,California
San Bernardino,2021-04-23,18951,1145819,10995,621405,7955,485719,1,38695,8177,240480,10717,470855,8180,711335,California
San Bernardino,2021-04-24,12868,1158687,9489,630894,3377,489096,2,38697,6913,241456,5939,476794,6915,718250,California
San Bernardino,2021-04-25,3424,1162111,2238,633132,1186,490282,0,38697,1677,241406,1730,478524,1680,719930,California
San Bernardino,2021-04-26,11373,1173484,6220,639352,5063,495345,90,38787,4835,239836,6496,485020,4926,724856,California
San Bernardino,2021-04-27,16755,1190239,10176,649528,6367,501712,212,38999,6878,237093,9833,494853,7090,731946,California
San Bernardino,2021-04-28,15110,1205349,9093,658621,5739,507451,278,39277,5469,233216,9615,504468,5738,737684,California
San Bernardino,2021-04-29,16620,1221969,9701,668322,6651,514102,268,39545,5575,228050,11006,515474,5840,743524,California
San Bernardino,2021-04-30,16880,1238849,10752,679074,5847,519949,281,39826,6273,224037,10565,526039,6552,750076,California
San Bernardino,2021-05-01,10792,1249641,8431,687505,2047,521996,314,40140,3737,221035,7048,533087,4046,754122,California
San Bernardino,2021-05-02,2953,1252594,2135,689640,687,522683,131,40271,1050,220324,1891,534978,1180,755302,California
San Bernardino,2021-05-03,10070,1262664,5792,695432,3874,526557,404,40675,2905,216481,7153,542131,3310,758612,California
San Bernardino,2021-05-04,16054,1278718,9851,705283,5746,532303,457,41132,4685,210295,11325,553456,5139,763751,California
San Bernardino,2021-05-05,15754,1294472,9210,714493,6131,538434,413,41545,4452,203902,11253,564709,4860,768611,California
San Bernardino,2021-05-06,16078,1310550,9266,723759,6397,544831,415,41960,4400,197083,11632,576341,4813,773424,California
San Bernardino,2021-05-07,15703,1326253,8877,732636,6448,551279,378,42338,4673,191159,10971,587312,5047,778471,California
San Bernardino,2021-05-08,9588,1335841,6433,739069,2888,554167,267,42605,3302,188477,6251,593563,3569,782040,California
San Bernardino,2021-05-09,2078,1337919,1376,740445,612,554779,90,42695,832,188160,1239,594802,922,782962,California
San Bernardino,2021-05-10,7688,1345607,3563,744008,3807,558586,318,43013,2367,185568,5274,600076,2682,785644,California
San Bernardino,2021-05-11,12602,1358209,7085,751093,5158,563744,359,43372,4039,181448,8518,608594,4398,790042,California
San Bernardino,2021-05-12,12840,1371049,7038,758131,5486,569230,316,43688,3654,176282,9135,617729,3969,794011,California
San Bernardino,2021-05-13,13515,1384564,8209,766340,4954,574184,352,44040,5296,173750,8173,625902,5641,799652,California
San Bernardino,2021-05-14,14007,1398571,9370,775710,4298,578482,339,44379,5820,171779,8130,634032,6159,805811,California
San Bernardino,2021-05-15,11439,1410010,8522,784232,2728,581210,189,44568,4657,169869,6750,640782,4840,810651,California
San Bernardino,2021-05-16,3118,1413128,2376,786608,680,581890,62,44630,1559,169950,1540,642322,1621,812272,California
San Bernardino,2021-05-17,10101,1423229,6817,793425,2991,584881,293,44923,4493,169163,5569,647891,4782,817054,California
San Bernardino,2021-05-18,13786,1437015,9161,802586,4377,589258,248,45171,6181,168012,7576,655467,6425,823479,California
San Bernardino,2021-05-19,11559,1448574,7237,809823,3942,593200,380,45551,5211,167289,6309,661776,5586,829065,California
San Bernardino,2021-05-20,11627,1460201,6961,816784,4349,597549,317,45868,5030,166081,6555,668331,5347,834412,California
San Bernardino,2021-05-21,12614,1472815,8350,825134,3882,601431,382,46250,5348,164594,7212,675543,5725,840137,California
San Bernardino,2021-05-22,8939,1481754,6701,831835,2030,603461,208,46458,4280,164467,4611,680154,4484,844621,California
San Bernardino,2021-05-23,2444,1484198,1556,833391,796,604257,92,46550,1137,164399,1296,681450,1228,845849,California
San Bernardino,2021-05-24,6970,1491168,4462,837853,2202,606459,306,46856,3087,163964,3827,685277,3392,849241,California
San Bernardino,2021-05-25,9334,1500502,5729,843582,3349,609808,256,47112,4103,163127,5193,690470,4356,853597,California
San Bernardino,2021-05-26,8251,1508753,5240,848822,2760,612568,251,47363,3745,162655,4462,694932,3990,857587,California
San Bernardino,2021-05-27,7671,1516424,4662,853484,2772,615340,237,47600,3453,162166,4179,699111,3690,861277,California
San Bernardino,2021-05-28,8817,1525241,5482,858966,3057,618397,278,47878,4372,162415,4399,703510,4648,865925,California
San Bernardino,2021-05-29,5065,1530306,3382,862348,1564,619961,119,47997,2566,162620,2479,705989,2684,868609,California
San Bernardino,2021-05-30,1753,1532059,1240,863588,433,620394,80,48077,852,162658,893,706882,931,869540,California
San Bernardino,2021-05-31,897,1532956,568,864156,312,620706,17,48094,319,162422,573,707455,337,869877,California
San Bernardino,2021-06-01,8654,1541610,5559,869715,2848,623554,247,48341,3365,160799,5232,712687,3609,873486,California
San Bernardino,2021-06-02,6845,1548455,4308,874023,2296,625850,241,48582,2879,159983,3932,716619,3116,876602,California
San Bernardino,2021-06-03,7978,1556433,5384,879407,2395,628245,199,48781,2702,157632,5252,721871,2901,879503,California
San Bernardino,2021-06-04,9152,1565585,6191,885598,2668,630913,293,49074,3140,155102,5962,727833,3432,882935,California
San Bernardino,2021-06-05,6562,1572147,5011,890609,1424,632337,127,49201,2250,153186,4289,732122,2373,885308,California
San Bernardino,2021-06-06,2036,1574183,1698,892307,274,632611,64,49265,672,152567,1355,733477,736,886044,California
San Bernardino,2021-06-07,6304,1580487,4905,897212,1185,633796,214,49479,1963,150426,4316,737793,2175,888219,California
San Bernardino,2021-06-08,8443,1588930,6128,903340,2090,635886,225,49704,2608,147487,5767,743560,2828,891047,California
San Bernardino,2021-06-09,7007,1595937,4988,908328,1827,637713,192,49896,2272,145270,4682,748242,2465,893512,California
San Bernardino,2021-06-10,7096,1603033,5010,913338,1881,639594,205,50101,2231,142887,4818,753060,2435,895947,California
San Bernardino,2021-06-11,8067,1611100,5633,918971,2202,641796,232,50333,2918,140932,5103,758163,3148,899095,California
San Bernardino,2021-06-12,5899,1616999,4644,923615,1133,642929,122,50455,1707,138596,4167,762330,1831,900926,California
San Bernardino,2021-06-13,1496,1618495,1062,924677,363,643292,71,50526,402,137978,1090,763420,472,901398,California
San Bernardino,2021-06-14,4928,1623423,3558,928235,1150,644442,220,50746,1804,136904,3096,766516,2022,903420,California
San Bernardino,2021-06-15,7177,1630600,5073,933308,1855,646297,249,50995,2562,135146,4564,771080,2806,906226,California
San Bernardino,2021-06-16,6360,1636960,4531,937839,1607,647904,222,51217,2332,133720,3981,775061,2555,908781,California
San Bernardino,2021-06-17,5654,1642614,3973,941812,1518,649422,163,51380,2205,132676,3411,778472,2367,911148,California
San Bernardino,2021-06-18,6869,1649483,4612,946424,2017,651439,240,51620,2573,131227,4259,782731,2810,913958,California
San Bernardino,2021-06-19,4063,1653546,3035,949459,896,652335,132,51752,1748,130813,2292,785023,1878,915836,California
San Bernardino,2021-06-20,1466,1655012,1127,950586,279,652614,60,51812,585,130584,874,785897,645,916481,California
San Bernardino,2021-06-21,3567,1658579,2307,952893,1035,653649,225,52037,1998,131252,1553,787450,2221,918702,California
San Bernardino,2021-06-22,5682,1664261,3869,956762,1597,655246,216,52253,2279,130375,3374,790824,2497,921199,California
San Bernardino,2021-06-23,5039,1669300,3572,960334,1270,656516,197,52450,2118,129794,2892,793716,2311,923510,California
San Bernardino,2021-06-24,4871,1674171,3384,963718,1277,657793,210,52660,2081,129319,2761,796477,2286,925796,California
San Bernardino,2021-06-25,5794,1679965,4108,967826,1481,659274,205,52865,2526,128805,3242,799719,2728,928524,California
San Bernardino,2021-06-26,3575,1683540,2726,970552,775,660049,74,52939,1666,128656,1888,801607,1739,930263,California
San Bernardino,2021-06-27,1445,1684985,1149,971701,244,660293,52,52991,677,128623,762,802369,729,930992,California
San Bernardino,2021-06-28,3473,1688458,2738,974439,586,660879,149,53140,1703,128718,1756,804125,1851,932843,California
San Bernardino,2021-06-29,5197,1693655,3762,978201,1254,662133,181,53321,2361,128441,2813,806938,2536,935379,California
San Bernardino,2021-06-30,4559,1698214,3222,981423,1165,663298,172,53493,2273,128620,2262,809200,2441,937820,California
San Bernardino,2021-07-01,4064,1702278,2932,984355,981,664279,151,53644,2013,128752,2032,811232,2164,939984,California
San Bernardino,2021-07-02,4932,1707210,3552,987907,1236,665515,144,53788,2315,128631,2580,813812,2459,942443,California
San Bernardino,2021-07-03,1470,1708680,1165,989072,290,665805,15,53803,670,128525,791,814603,685,943128,California
San Diego,2020-12-15,120,120,120,120,0,0,0,0,120,120,0,0,120,120,California
San Diego,2020-12-16,1079,1199,1079,1199,0,0,0,0,1079,1199,0,0,1079,1199,California
San Diego,2020-12-17,2324,3523,2324,3523,0,0,0,0,2324,3523,0,0,2324,3523,California
San Diego,2020-12-18,3607,7130,3606,7129,1,1,0,0,3607,7130,0,0,3607,7130,California
San Diego,2020-12-19,2269,9399,2269,9398,0,1,0,0,2269,9399,0,0,2269,9399,California
San Diego,2020-12-20,1148,10547,1147,10545,1,2,0,0,1148,10547,0,0,1148,10547,California
San Diego,2020-12-21,3460,14007,3458,14003,2,4,0,0,3460,14007,0,0,3460,14007,California
San Diego,2020-12-22,4019,18026,3382,17385,637,641,0,0,4019,18026,0,0,4019,18026,California
San Diego,2020-12-23,3159,21185,1958,19343,1201,1842,0,0,3159,21185,0,0,3159,21185,California
San Diego,2020-12-24,2702,23887,2188,21531,514,2356,0,0,2702,23887,0,0,2702,23887,California
San Diego,2020-12-25,857,24744,856,22387,1,2357,0,0,857,24744,0,0,857,24744,California
San Diego,2020-12-26,3199,27943,2129,24516,1070,3427,0,0,3199,27943,0,0,3199,27943,California
San Diego,2020-12-27,2479,30422,1594,26110,885,4312,0,0,2478,30420,1,1,2478,30421,California
San Diego,2020-12-28,5832,36254,4156,30266,1676,5988,0,0,5832,36252,0,1,5832,36253,California
San Diego,2020-12-29,5499,41753,2944,33210,2555,8543,0,0,5499,41751,0,1,5499,41752,California
San Diego,2020-12-30,5849,47602,3047,36257,2802,11345,0,0,5849,47600,0,1,5849,47601,California
San Diego,2020-12-31,2971,50573,1031,37288,1940,13285,0,0,2971,50571,0,1,2971,50572,California
San Diego,2021-01-01,992,51565,442,37730,550,13835,0,0,992,51563,0,1,992,51564,California
San Diego,2021-01-02,3666,55231,1287,39017,2379,16214,0,0,3666,55229,0,1,3666,55230,California
San Diego,2021-01-03,833,56064,621,39638,212,16426,0,0,832,56061,0,1,832,56062,California
San Diego,2021-01-04,3646,59710,2020,41658,1626,18052,0,0,3640,59701,0,1,3640,59702,California
San Diego,2021-01-05,4296,64006,2144,43802,2152,20204,0,0,3712,62844,581,582,3724,63426,California
San Diego,2021-01-06,4838,68844,2252,46054,2586,22790,0,0,3639,65309,1178,1760,3643,67069,California
San Diego,2021-01-07,5549,74393,2931,48985,2618,25408,0,0,3435,66644,2109,3869,3444,70513,California
San Diego,2021-01-08,7801,82194,4895,53880,2906,28314,0,0,4067,67010,3718,7587,4084,74597,California
San Diego,2021-01-09,3417,85611,1907,55787,1510,29824,0,0,1893,67400,1514,9101,1904,76501,California
San Diego,2021-01-10,1847,87458,1277,57064,570,30394,0,0,758,67091,1077,10178,768,77269,California
San Diego,2021-01-11,10193,97651,5795,62859,4398,34792,0,0,6705,70333,3481,13659,6723,83992,California
San Diego,2021-01-12,11003,108654,5261,68120,5742,40534,0,0,7659,74767,3335,16994,7769,91761,California
San Diego,2021-01-13,11287,119941,4986,73106,6301,46835,0,0,8771,81060,2505,19499,8798,100559,California
San Diego,2021-01-14,11959,131900,4517,77623,7442,54277,0,0,9835,88812,2117,21616,9869,110428,California
San Diego,2021-01-15,14789,146689,5233,82856,9556,63833,0,0,12187,98474,2584,24200,12246,122674,California
San Diego,2021-01-16,10532,157221,3552,86408,6980,70813,0,0,9099,106176,1429,25629,9131,131805,California
San Diego,2021-01-17,8471,165692,2431,88839,6040,76853,0,0,7645,113014,826,26455,7664,139469,California
San Diego,2021-01-18,12662,178354,6220,95059,6442,83295,0,0,9853,120154,2778,29233,9918,149387,California
San Diego,2021-01-19,14409,192763,5625,100684,8784,92079,0,0,11315,128645,3085,32318,11576,160963,California
San Diego,2021-01-20,18071,210834,6331,107015,11740,103819,0,0,14772,140322,3279,35597,14956,175919,California
San Diego,2021-01-21,17034,227868,5746,112761,11288,115107,0,0,15666,154773,1359,36956,15810,191729,California
San Diego,2021-01-22,17209,245077,4585,117346,12624,127731,0,0,15208,168078,1988,38944,15293,207022,California
San Diego,2021-01-23,14061,259138,5196,122542,8865,136596,0,0,11799,177688,2251,41195,11861,218883,California
San Diego,2021-01-24,11572,270710,3249,125791,8323,144919,0,0,10609,187380,961,42156,10653,229536,California
San Diego,2021-01-25,11984,282694,5669,131460,6315,151234,0,0,9009,193580,2966,45122,9166,238702,California
San Diego,2021-01-26,14962,297656,7813,139273,7149,158383,0,0,11575,201961,3385,48507,11766,250468,California
San Diego,2021-01-27,20169,317825,7835,147108,12334,170717,0,0,17177,216303,2982,51489,17324,267792,California
San Diego,2021-01-28,20899,338724,7588,154696,13311,184028,0,0,18651,232805,2237,53726,18739,286531,California
San Diego,2021-01-29,19214,357938,6302,160998,12912,196940,0,0,16783,247218,2420,56146,16833,303364,California
San Diego,2021-01-30,15431,373369,3507,164505,11924,208864,0,0,12786,257476,2634,58780,12892,316256,California
San Diego,2021-01-31,14480,387849,5690,170195,8790,217654,0,0,14131,271296,345,59125,14165,330421,California
San Diego,2021-02-01,20445,408294,7452,177647,12993,230647,0,0,16954,284849,3478,62603,17031,347452,California
San Diego,2021-02-02,22496,430790,8287,185934,14209,244856,0,0,19263,301050,3225,65828,19426,366878,California
San Diego,2021-02-03,27158,457948,11641,197575,15517,260373,0,0,22931,319958,4206,70034,23114,389992,California
San Diego,2021-02-04,23808,481756,9803,207378,14005,274378,0,0,19259,334961,4534,74568,19537,409529,California
San Diego,2021-02-05,24237,505993,8596,215974,15641,290019,0,0,17824,346851,6389,80957,18279,427808,California
San Diego,2021-02-06,20394,526387,8447,224421,11947,301966,0,0,17183,361047,3208,84165,17404,445212,California
San Diego,2021-02-07,11897,538284,5307,229728,6590,308556,0,0,10053,369519,1833,85998,10305,455517,California
San Diego,2021-02-08,19788,558072,8416,238144,11372,319928,0,0,12424,375269,7350,93348,13100,468617,California
San Diego,2021-02-09,20149,578221,8240,246384,11909,331837,0,0,12969,382135,7159,100507,14025,482642,California
San Diego,2021-02-10,22608,600829,9265,255649,13343,345180,0,0,13634,388198,8923,109430,14986,497628,California
San Diego,2021-02-11,23464,624293,10081,265730,13383,358563,0,0,12551,391521,10889,120319,14212,511840,California
San Diego,2021-02-12,23270,647563,7281,273011,15989,374552,0,0,11545,393606,11707,132026,13792,525632,California
San Diego,2021-02-13,19740,667303,8960,281971,10780,385332,0,0,10739,396517,8994,141020,11905,537537,California
San Diego,2021-02-14,11019,678322,7326,289297,3693,389025,0,0,6130,399253,4885,145905,7621,545158,California
San Diego,2021-02-15,14971,693293,7563,296860,7408,396433,0,0,7583,402511,7365,153270,10623,555781,California
San Diego,2021-02-16,19003,712296,11093,307953,7910,404343,0,0,9040,404534,9950,163220,11973,567754,California
San Diego,2021-02-17,22964,735260,10733,318686,12231,416574,0,0,7841,400259,15108,178328,10833,578587,California
San Diego,2021-02-18,23284,758544,11913,330599,11371,427945,0,0,7638,396284,15635,193963,11660,590247,California
San Diego,2021-02-19,15669,774213,10900,341499,4769,432714,0,0,6373,395315,9274,203237,8305,598552,California
San Diego,2021-02-20,10074,784287,6307,347806,3767,436481,0,0,5622,398352,4450,207687,7487,606039,California
San Diego,2021-02-21,11439,795726,10033,357839,1406,437887,0,0,5027,398462,6406,214093,6516,612555,California
San Diego,2021-02-22,12328,808054,10526,368365,1802,439689,0,0,5579,398916,6743,220836,7197,619752,California
San Diego,2021-02-23,25210,833264,14099,382464,11111,450800,0,0,9219,397970,15981,236817,15035,634787,California
San Diego,2021-02-24,28529,861793,12649,395113,15880,466680,0,0,6627,390044,21881,258698,13955,648742,California
San Diego,2021-02-25,32511,894304,14418,409531,18093,484773,0,0,9791,385426,22698,281396,18080,666822,California
San Diego,2021-02-26,32688,926992,12137,421668,20551,505324,0,0,11666,383111,20989,302385,18674,685496,California
San Diego,2021-02-27,20731,947723,9370,431038,11361,516685,0,0,11097,388752,9628,312013,15269,700765,California
San Diego,2021-02-28,14920,962643,9754,440792,5166,521851,0,0,9252,395063,5666,317679,11977,712742,California
San Diego,2021-03-01,23954,986597,14132,454924,9821,531672,1,1,14511,404007,9363,327042,18307,731049,California
San Diego,2021-03-02,25807,1012404,13894,468818,11913,543585,0,1,12555,409931,13239,340281,19163,750212,California
San Diego,2021-03-03,33529,1045933,15785,484603,17741,561326,3,4,13831,410931,19672,359953,20672,770884,California
San Diego,2021-03-04,27850,1073783,13884,498487,13966,575292,0,4,12390,414525,15439,375392,19033,789917,California
San Diego,2021-03-05,28477,1102260,14667,513154,13730,589022,80,84,13297,419326,15152,390544,19953,809870,California
San Diego,2021-03-06,23037,1125297,9407,522561,12934,601956,696,780,10168,421927,12854,403398,15455,825325,California
San Diego,2021-03-07,17944,1143241,9138,531699,8238,610194,568,1348,6823,421778,11107,414505,10958,836283,California
San Diego,2021-03-08,22716,1165957,11048,542747,10762,620956,906,2254,11271,427292,11422,425927,16936,853219,California
San Diego,2021-03-09,25433,1191390,11708,554455,11972,632928,1753,4007,9956,427398,15460,441387,15566,868785,California
San Diego,2021-03-10,25087,1216477,10508,564963,12191,645119,2388,6395,9924,428544,15147,456534,16293,885078,California
San Diego,2021-03-11,28072,1244549,10791,575754,13761,658880,3520,9915,9772,427456,18275,474809,17187,902265,California
San Diego,2021-03-12,26898,1271447,9413,585167,14377,673257,3108,13023,9816,426925,17069,491878,16538,918803,California
San Diego,2021-03-13,25879,1297326,7195,592362,16925,690182,1759,14782,10008,426916,15866,507744,15857,934660,California
San Diego,2021-03-14,13686,1311012,5411,597773,7541,697723,734,15516,4765,425771,8912,516656,7767,942427,California
San Diego,2021-03-15,21766,1332778,10033,607806,10950,708673,783,16299,8962,425767,12786,529442,12782,955209,California
San Diego,2021-03-16,29549,1362327,15483,623289,13651,722324,415,16714,15609,430834,13916,543358,18983,974192,California
San Diego,2021-03-17,26393,1388720,12138,635427,13538,735862,717,17431,16957,441118,9419,552777,19703,993895,California
San Diego,2021-03-18,31123,1419843,17502,652929,12699,748561,922,18353,16943,446329,14145,566922,19356,1013251,California
San Diego,2021-03-19,30095,1449938,14265,667194,14777,763338,1053,19406,19282,457056,10792,577714,21519,1034770,California
San Diego,2021-03-20,27669,1477607,8414,675608,17481,780819,1774,21180,21326,474907,6330,584044,24181,1058951,California
San Diego,2021-03-21,16270,1493877,11864,687472,3711,784530,695,21875,7648,475956,8608,592652,9657,1068608,California
San Diego,2021-03-22,22396,1516273,13054,700526,9056,793586,286,22161,14268,485144,8115,600767,17303,1085911,California
San Diego,2021-03-23,25710,1541983,13482,714008,11942,805528,286,22447,17022,495801,8674,609441,19331,1105242,California
San Diego,2021-03-24,29285,1571268,19574,733582,9323,814851,388,22835,16984,502907,12288,621729,19394,1124636,California
San Diego,2021-03-25,30135,1601403,18141,751723,11312,826163,682,23517,17892,511356,12222,633951,20671,1145307,California
San Diego,2021-03-26,31832,1633235,17802,769525,13515,839678,515,24032,17377,517618,14430,648381,20692,1165999,California
San Diego,2021-03-27,25361,1658596,11045,780570,13936,853614,380,24412,15610,526121,9732,658113,18235,1184234,California
San Diego,2021-03-28,15248,1673844,9385,789955,5805,859419,58,24470,9302,531194,5939,664052,11012,1195246,California
San Diego,2021-03-29,26578,1700422,12841,802796,13106,872525,631,25101,16356,540405,10211,674263,19422,1214668,California
San Diego,2021-03-30,33060,1733482,17801,820597,14467,886992,792,25893,21887,553748,11158,685421,24501,1239169,California
San Diego,2021-03-31,30301,1763783,18704,839301,10889,897881,708,26601,20554,566387,9728,695149,22367,1261536,California
San Diego,2021-04-01,34125,1797908,19918,859219,12726,910607,1481,28082,23118,581317,10983,706132,25913,1287449,California
San Diego,2021-04-02,35602,1833510,20597,879816,12227,922834,2778,30860,23999,597940,11584,717716,28207,1315656,California
San Diego,2021-04-03,30729,1864239,14409,894225,11705,934539,4615,35475,19585,612207,11129,728845,25396,1341052,California
San Diego,2021-04-04,8990,1873229,5161,899386,2910,937449,919,36394,4777,613872,4207,733052,5872,1346924,California
San Diego,2021-04-05,29631,1902860,15336,914722,11597,949046,2698,39092,19223,627867,10391,743443,24386,1371310,California
San Diego,2021-04-06,38541,1941401,20288,935010,12351,961397,5902,44994,22162,641676,16359,759802,30168,1401478,California
San Diego,2021-04-07,35965,1977366,21862,956872,9553,970950,4550,49544,20236,651966,15704,775506,25994,1427472,California
San Diego,2021-04-08,34999,2012365,21258,978130,9610,980560,4131,53675,21138,665953,13840,789346,27827,1455299,California
San Diego,2021-04-09,38161,2050526,22755,1000885,10218,990778,5188,58863,20595,677522,17502,806848,29071,1484370,California
San Diego,2021-04-10,28970,2079496,11712,1012597,13260,1004038,3998,62861,14921,685413,14038,820886,21929,1506299,California
San Diego,2021-04-11,16138,2095634,9984,1022581,3859,1007897,2295,65156,7131,688836,9003,829889,12426,1518725,California
San Diego,2021-04-12,30630,2126264,12849,1035430,13504,1021401,4277,69433,17000,700155,13615,843504,24934,1543659,California
San Diego,2021-04-13,36905,2163169,17684,1053114,19186,1040587,35,69468,24470,715073,12413,855917,27331,1570990,California
San Diego,2021-04-14,32855,2196024,18828,1071942,14014,1054601,13,69481,17674,721926,15166,871083,22019,1593009,California
San Diego,2021-04-15,39274,2235298,20346,1092288,18919,1073520,9,69490,23753,733055,15496,886579,26625,1619634,California
San Diego,2021-04-16,33578,2268876,18460,1110748,15115,1088635,3,69493,19394,740702,14125,900704,21772,1641406,California
San Diego,2021-04-17,27865,2296741,13534,1124282,14331,1102966,0,69493,12288,740569,15481,916185,15348,1656754,California
San Diego,2021-04-18,14632,2311373,9088,1133370,5541,1108507,3,69496,6761,742447,7858,924043,9736,1666490,California
San Diego,2021-04-19,26564,2337937,13575,1146945,12987,1121494,2,69498,12445,742521,14099,938142,14173,1680663,California
San Diego,2021-04-20,39619,2377556,18397,1165342,21220,1142714,2,69500,20192,746266,19404,957546,23149,1703812,California
San Diego,2021-04-21,36401,2413957,22007,1187349,14394,1157108,0,69500,17522,748251,18838,976384,20823,1724635,California
San Diego,2021-04-22,44929,2458886,23304,1210653,21621,1178729,4,69504,22448,751305,22438,998822,25492,1750127,California
San Diego,2021-04-23,42717,2501603,26519,1237172,16196,1194925,2,69506,15979,743769,26701,1025523,19165,1769292,California
San Diego,2021-04-24,34911,2536514,18899,1256071,15997,1210922,15,69521,15566,743218,19305,1044828,18754,1788046,California
San Diego,2021-04-25,12634,2549148,7669,1263740,4964,1215886,1,69522,5857,743704,6765,1051593,7251,1795297,California
San Diego,2021-04-26,33494,2582642,16798,1280538,16557,1232443,139,69661,11773,738327,21698,1073291,16321,1811618,California
San Diego,2021-04-27,44806,2627448,24676,1305214,19577,1252020,553,70214,19752,736689,25010,1098301,23372,1834990,California
San Diego,2021-04-28,38472,2665920,22820,1328034,14976,1266996,676,70890,17424,736034,21005,1119306,20350,1855340,California
San Diego,2021-04-29,38323,2704243,24464,1352498,13202,1280198,657,71547,15576,731268,22711,1142017,17945,1873285,California
San Diego,2021-04-30,38263,2742506,23240,1375738,13942,1294140,1081,72628,15036,726049,23187,1165204,17968,1891253,California
San Diego,2021-05-01,24215,2766721,10674,1386412,12903,1307043,638,73266,9502,723643,14703,1179907,12297,1903550,California
San Diego,2021-05-02,10611,2777332,7433,1393845,2596,1309639,582,73848,3227,720405,7380,1187287,4142,1907692,California
San Diego,2021-05-03,25200,2802532,12391,1406236,11658,1321297,1151,74999,9253,715703,15924,1203211,11222,1918914,California
San Diego,2021-05-04,32042,2834574,17829,1424065,12935,1334232,1278,76277,11560,709184,20455,1223666,13936,1932850,California
San Diego,2021-05-05,27998,2862572,17240,1441305,9477,1343709,1281,77558,10590,704694,17385,1241051,12895,1945745,California
San Diego,2021-05-06,28533,2891105,18965,1460270,8657,1352366,911,78469,10766,701083,17737,1258788,14126,1959871,California
San Diego,2021-05-07,29726,2920831,19468,1479738,9218,1361584,1040,79509,11022,695691,18671,1277459,13279,1973150,California
San Diego,2021-05-08,23102,2943933,11104,1490842,11255,1372839,743,80252,7253,689302,15823,1293282,9434,1982584,California
San Diego,2021-05-09,7524,2951457,5666,1496508,1452,1374291,406,80658,2575,687761,4943,1298225,3402,1985986,California
San Diego,2021-05-10,21756,2973213,8656,1505164,12281,1386572,819,81477,5870,679874,15856,1314081,7969,1993955,California
San Diego,2021-05-11,28799,3002012,12230,1517394,15752,1402324,817,82294,10102,673847,18668,1332749,12641,2006596,California
San Diego,2021-05-12,23108,3025120,12642,1530036,9591,1411915,875,83169,8321,669416,14757,1347506,10326,2016922,California
San Diego,2021-05-13,31440,3056560,19074,1549110,11728,1423643,638,83807,13032,667329,18350,1365856,16263,2033185,California
San Diego,2021-05-14,30876,3087436,19815,1568925,10224,1433867,837,84644,13990,667403,16843,1382699,16917,2050102,California
San Diego,2021-05-15,26170,3113606,16474,1585399,8874,1442741,822,85466,10821,664722,15293,1397992,12612,2062714,California
San Diego,2021-05-16,13702,3127308,10228,1595627,2912,1445653,562,86028,6740,665468,6950,1404942,7696,2070410,California
San Diego,2021-05-17,21383,3148691,12968,1608595,7671,1453324,744,86772,8838,663417,12506,1417448,10455,2080865,California
San Diego,2021-05-18,34229,3182920,19399,1627994,13967,1467291,863,87635,13266,658055,20931,1438379,15569,2096434,California
San Diego,2021-05-19,28398,3211318,17817,1645811,9801,1477092,780,88415,11960,655524,16407,1454786,13876,2110310,California
San Diego,2021-05-20,34800,3246118,19249,1665060,14731,1491823,820,89235,11663,646453,23107,1477893,14036,2124346,California
San Diego,2021-05-21,27011,3273129,17162,1682222,8861,1500684,988,90223,10843,643393,16136,1494029,13076,2137422,California
San Diego,2021-05-22,21531,3294660,12416,1694638,7865,1508549,1250,91473,8990,642243,12518,1506547,11368,2148790,California
San Diego,2021-05-23,7350,3302010,5248,1699886,1794,1510343,308,91781,3481,642569,3846,1510393,4172,2152962,California
San Diego,2021-05-24,17863,3319873,9138,1709024,6814,1517157,1911,93692,6417,640330,11427,1521820,9188,2162150,California
San Diego,2021-05-25,24324,3344197,13098,1722122,9358,1526515,1868,95560,8459,635985,15836,1537656,11491,2173641,California
San Diego,2021-05-26,19130,3363327,10599,1732721,6520,1533035,2011,97571,6582,632929,12517,1550173,9461,2183102,California
San Diego,2021-05-27,20625,3383952,11953,1744674,6281,1539316,2391,99962,6933,629685,13672,1563845,10428,2193530,California
San Diego,2021-05-28,21259,3405211,13192,1757866,7358,1546674,709,100671,8363,627019,12878,1576723,10212,2203742,California
San Diego,2021-05-29,11990,3417201,7576,1765442,3923,1550597,491,101162,5155,626364,6822,1583545,6167,2209909,California
San Diego,2021-05-30,4672,3421873,3192,1768634,1102,1551699,378,101540,2002,626311,2664,1586209,2611,2212520,California
San Diego,2021-05-31,2585,3424458,1743,1770377,671,1552370,171,101711,848,625726,1730,1587939,1145,2213665,California
San Diego,2021-06-01,21266,3445724,11332,1781709,8305,1560675,1629,103340,5757,618569,15483,1603422,8326,2221991,California
San Diego,2021-06-02,17068,3462792,8812,1790521,6184,1566859,2072,105412,5472,615270,11570,1614992,8271,2230262,California
San Diego,2021-06-03,19201,3481993,12004,1802525,5396,1572255,1801,107213,5166,609267,14014,1629006,8011,2238273,California
San Diego,2021-06-04,19821,3501814,13846,1816371,5358,1577613,617,107830,5723,603439,14068,1643074,8240,2246513,California
San Diego,2021-06-05,15812,3517626,12033,1828404,2997,1580610,782,108612,4478,598365,11318,1654392,6244,2252757,California
San Diego,2021-06-06,5604,3523230,4530,1832934,763,1581373,311,108923,1593,597080,4000,1658392,2715,2255472,California
San Diego,2021-06-07,12790,3536020,8041,1840975,3400,1584773,1349,110272,3542,593488,9230,1667622,5638,2261110,California
San Diego,2021-06-08,20481,3556501,14475,1855450,4119,1588892,1887,112159,4999,585963,15468,1683090,7943,2269053,California
San Diego,2021-06-09,17030,3573531,11344,1866794,3736,1592628,1950,114109,4361,580578,12655,1695745,7270,2276323,California
San Diego,2021-06-10,17878,3591409,11868,1878662,3932,1596560,2078,116187,4371,574630,13481,1709226,7533,2283856,California
San Diego,2021-06-11,15806,3607215,10072,1888734,4383,1600943,1351,117538,4313,569764,11463,1720689,6597,2290453,California
San Diego,2021-06-12,11006,3618221,8439,1897173,2145,1603088,422,117960,3162,566167,7825,1728514,4228,2294681,California
San Diego,2021-06-13,4156,3622377,3108,1900281,843,1603931,205,118165,1009,564637,3141,1731655,1611,2296292,California
San Diego,2021-06-14,12622,3634999,7578,1907859,2853,1606784,2191,120356,3556,561990,9052,1740707,6405,2302697,California
San Diego,2021-06-15,17900,3652899,10258,1918117,4205,1610989,3437,123793,4705,557876,13185,1753892,9071,2311768,California
San Diego,2021-06-16,13951,3666850,8867,1926984,2770,1613759,2314,126107,4450,555944,9487,1763379,7555,2319323,California
San Diego,2021-06-17,14743,3681593,8480,1935464,3426,1617185,2837,128944,4168,553044,10563,1773942,7663,2326986,California
San Diego,2021-06-18,14148,3695741,8749,1944213,3571,1620756,1828,130772,4424,550384,9713,1783655,7053,2334039,California
San Diego,2021-06-19,7540,3703281,5568,1949781,1512,1622268,460,131232,2754,549365,4764,1788419,3745,2337784,California
San Diego,2021-06-20,3106,3706387,2258,1952039,649,1622917,199,131431,1149,548982,1952,1790371,1569,2339353,California
San Diego,2021-06-21,9125,3715512,5151,1957190,2430,1625347,1544,132975,3896,549744,5222,1795593,5984,2345337,California
San Diego,2021-06-22,11290,3726802,7563,1964753,2585,1627932,1142,134117,4445,549186,6838,1802431,6280,2351617,California
San Diego,2021-06-23,10826,3737628,7044,1971797,2336,1630268,1446,135563,4426,549321,6391,1808822,6526,2358143,California
San Diego,2021-06-24,10052,3747680,6538,1978335,2752,1633020,762,136325,4051,548771,5992,1814814,5442,2363585,California
San Diego,2021-06-25,10602,3758282,7387,1985722,2612,1635632,603,136928,4114,547644,6479,1821293,5352,2368937,California
San Diego,2021-06-26,6682,3764964,5240,1990962,1133,1636765,309,137237,2677,547216,3995,1825288,3567,2372504,California
San Diego,2021-06-27,3014,3767978,2307,1993269,500,1637265,207,137444,1332,547320,1679,1826967,1783,2374287,California
San Diego,2021-06-28,7204,3775182,5304,1998573,1385,1638650,515,137959,3370,547863,3829,1830796,4372,2378659,California
San Diego,2021-06-29,8759,3783941,6095,2004668,1992,1640642,672,138631,3643,547671,5102,1835898,4910,2383569,California
San Diego,2021-06-30,8167,3792108,6038,2010706,1617,1642259,512,139143,3549,547694,4606,1840504,4629,2388198,California
San Diego,2021-07-01,7258,3799366,5008,2015714,1854,1644113,396,139539,3130,547645,4117,1844621,4068,2392266,California
San Diego,2021-07-02,7360,3806726,5056,2020770,1896,1646009,408,139947,3138,547504,4202,1848823,4061,2396327,California
San Diego,2021-07-03,1527,3808253,1186,2021956,199,1646208,142,140089,646,547545,881,1849704,922,2397249,California
San Francisco,2020-12-15,6,6,6,6,0,0,0,0,6,6,0,0,6,6,California
San Francisco,2020-12-16,233,239,233,239,0,0,0,0,233,239,0,0,233,239,California
San Francisco,2020-12-17,416,655,416,655,0,0,0,0,416,655,0,0,416,655,California
San Francisco,2020-12-18,908,1563,907,1562,1,1,0,0,908,1563,0,0,908,1563,California
San Francisco,2020-12-19,610,2173,610,2172,0,1,0,0,610,2173,0,0,610,2173,California
San Francisco,2020-12-20,480,2653,480,2652,0,1,0,0,480,2653,0,0,480,2653,California
San Francisco,2020-12-21,1164,3817,1164,3816,0,1,0,0,1164,3817,0,0,1164,3817,California
San Francisco,2020-12-22,1396,5213,1362,5178,34,35,0,0,1396,5213,0,0,1396,5213,California
San Francisco,2020-12-23,1355,6568,1056,6234,299,334,0,0,1355,6568,0,0,1355,6568,California
San Francisco,2020-12-24,844,7412,504,6738,340,674,0,0,844,7412,0,0,844,7412,California
San Francisco,2020-12-25,37,7449,31,6769,6,680,0,0,37,7449,0,0,37,7449,California
San Francisco,2020-12-26,250,7699,154,6923,96,776,0,0,250,7699,0,0,250,7699,California
San Francisco,2020-12-27,274,7973,60,6983,214,990,0,0,274,7973,0,0,274,7973,California
San Francisco,2020-12-28,1278,9251,692,7675,586,1576,0,0,1278,9251,0,0,1278,9251,California
San Francisco,2020-12-29,1263,10514,632,8307,631,2207,0,0,1263,10514,0,0,1263,10514,California
San Francisco,2020-12-30,1488,12002,782,9089,706,2913,0,0,1488,12002,0,0,1488,12002,California
San Francisco,2020-12-31,982,12984,415,9504,567,3480,0,0,981,12983,0,0,981,12983,California
San Francisco,2021-01-01,107,13091,79,9583,28,3508,0,0,107,13090,0,0,107,13090,California
San Francisco,2021-01-02,337,13428,301,9884,36,3544,0,0,337,13427,0,0,337,13427,California
San Francisco,2021-01-03,299,13727,105,9989,194,3738,0,0,298,13724,1,1,298,13725,California
San Francisco,2021-01-04,1846,15573,1358,11347,488,4226,0,0,1843,15564,3,4,1843,15568,California
San Francisco,2021-01-05,2239,17812,1422,12769,817,5043,0,0,2200,17727,39,43,2202,17770,California
San Francisco,2021-01-06,1877,19689,1163,13932,714,5757,0,0,1607,19067,268,311,1608,19378,California
San Francisco,2021-01-07,2077,21766,1212,15144,865,6622,0,0,1601,20195,473,784,1601,20979,California
San Francisco,2021-01-08,2336,24102,1645,16789,691,7313,0,0,1472,20808,859,1643,1472,22451,California
San Francisco,2021-01-09,1400,25502,902,17691,498,7811,0,0,889,21188,511,2154,891,23342,California
San Francisco,2021-01-10,920,26422,541,18232,379,8190,0,0,461,21191,458,2612,461,23803,California
San Francisco,2021-01-11,2512,28934,1869,20101,643,8833,0,0,1407,21493,1106,3718,1408,25211,California
San Francisco,2021-01-12,3097,32031,2062,22163,1035,9868,0,0,1902,22203,1194,4912,1904,27115,California
San Francisco,2021-01-13,2853,34884,1621,23784,1232,11100,0,0,2012,23374,841,5753,2012,29127,California
San Francisco,2021-01-14,2463,37347,1111,24895,1352,12452,0,0,1896,24703,567,6320,1896,31023,California
San Francisco,2021-01-15,2772,40119,1163,26058,1609,14061,0,0,2369,26673,401,6721,2371,33394,California
San Francisco,2021-01-16,2240,42359,937,26995,1303,15364,0,0,2071,28577,169,6890,2073,35467,California
San Francisco,2021-01-17,1942,44301,536,27531,1406,16770,0,0,1722,30080,219,7109,1722,37189,California
San Francisco,2021-01-18,1390,45691,603,28134,787,17557,0,0,1120,30932,269,7378,1121,38310,California
San Francisco,2021-01-19,2602,48293,1483,29617,1119,18676,0,0,1846,32022,756,8134,1846,40156,California
San Francisco,2021-01-20,2842,51135,1191,30808,1651,20327,0,0,2079,33342,760,8894,2080,42236,California
San Francisco,2021-01-21,3443,54578,1038,31846,2405,22732,0,0,2564,35028,878,9772,2564,44800,California
San Francisco,2021-01-22,3252,57830,678,32524,2574,25306,0,0,2803,37384,447,10219,2803,47603,California
San Francisco,2021-01-23,3117,60947,609,33133,2508,27814,0,0,2747,39763,369,10588,2748,50351,California
San Francisco,2021-01-24,2432,63379,363,33496,2069,29883,0,0,2198,41731,230,10818,2198,52549,California
San Francisco,2021-01-25,4645,68024,1836,35332,2809,32692,0,0,3054,43198,1588,12406,3055,55604,California
San Francisco,2021-01-26,4754,72778,2181,37513,2573,35265,0,0,3103,44655,1648,14054,3105,58709,California
San Francisco,2021-01-27,4382,77160,1979,39492,2403,37668,0,0,3072,46419,1308,15362,3072,61781,California
San Francisco,2021-01-28,3802,80962,1578,41070,2224,39892,0,0,2626,47877,1169,16531,2627,64408,California
San Francisco,2021-01-29,4840,85802,1763,42833,3077,42969,0,0,3510,50094,1293,17824,3510,67918,California
San Francisco,2021-01-30,3818,89620,1850,44683,1968,44937,0,0,3355,52991,462,18286,3359,71277,California
San Francisco,2021-01-31,2357,91977,819,45502,1538,46475,0,0,2206,55048,150,18436,2207,73484,California
San Francisco,2021-02-01,4005,95982,1712,47214,2293,48768,0,0,2924,56893,1080,19516,2925,76409,California
San Francisco,2021-02-02,4567,100549,1821,49035,2746,51514,0,0,2954,58240,1607,21123,2954,79363,California
San Francisco,2021-02-03,5124,105673,2408,51443,2716,54230,0,0,3797,60713,1325,22448,3798,83161,California
San Francisco,2021-02-04,5072,110745,2443,53886,2629,56859,0,0,3887,63418,1182,23630,3887,87048,California
San Francisco,2021-02-05,6023,116768,3247,57133,2776,59635,0,0,4665,66728,1356,24986,4666,91714,California
San Francisco,2021-02-06,5493,122261,3666,60799,1827,61462,0,0,4616,70501,846,25832,4619,96333,California
San Francisco,2021-02-07,4370,126631,3214,64013,1156,62618,0,0,3786,73711,580,26412,3790,100123,California
San Francisco,2021-02-08,6773,133404,4658,68671,2115,64733,0,0,5539,78035,1218,27630,5542,105665,California
San Francisco,2021-02-09,5975,139379,4018,72689,1957,66690,0,0,4414,80881,1570,29200,4416,110081,California
San Francisco,2021-02-10,6946,146325,4205,76894,2741,69431,0,0,5068,84080,1873,31073,5072,115153,California
San Francisco,2021-02-11,6769,153094,4014,80908,2755,72186,0,0,4897,87113,1867,32940,4900,120053,California
San Francisco,2021-02-12,5372,158466,2697,83605,2675,74861,0,0,3485,88710,1888,34828,3485,123538,California
San Francisco,2021-02-13,4424,162890,2593,86198,1831,76692,0,0,3068,90425,1356,36184,3071,126609,California
San Francisco,2021-02-14,3451,166341,2265,88463,1186,77878,0,0,2310,91597,1140,37324,2312,128921,California
San Francisco,2021-02-15,2803,169144,1517,89980,1286,79164,0,0,1680,92157,1120,38444,1680,130601,California
San Francisco,2021-02-16,5164,174308,2840,92820,2324,81488,0,0,3014,93035,2143,40587,3021,133622,California
San Francisco,2021-02-17,5392,179700,2648,95468,2744,84232,0,0,2966,93590,2414,43001,2969,136591,California
San Francisco,2021-02-18,5443,185143,2662,98130,2781,87013,0,0,2820,93796,2620,45621,2826,139417,California
San Francisco,2021-02-19,5730,190873,2694,100824,3036,90049,0,0,2974,94024,2747,48368,2975,142392,California
San Francisco,2021-02-20,4658,195531,2254,103078,2404,92453,0,0,1740,92857,2908,51276,1741,144133,California
San Francisco,2021-02-21,2979,198510,1570,104648,1409,93862,0,0,1321,92532,1647,52923,1322,145455,California
San Francisco,2021-02-22,5497,204007,3408,108056,2089,95951,0,0,2737,92523,2749,55672,2740,148195,California
San Francisco,2021-02-23,5868,209875,3337,111393,2531,98482,0,0,2992,92647,2868,58540,2992,151187,California
San Francisco,2021-02-24,9371,219246,5318,116711,4053,102535,0,0,4994,93280,4363,62903,4996,156183,California
San Francisco,2021-02-25,10190,229436,7106,123817,3084,105619,0,0,6531,96159,3654,66557,6533,162716,California
San Francisco,2021-02-26,12393,241829,8047,131864,4346,109965,0,0,7317,98403,5074,71631,7318,170034,California
San Francisco,2021-02-27,9429,251258,6070,137934,3358,113323,1,1,4698,98388,4715,76346,4700,174734,California
San Francisco,2021-02-28,7923,259181,5664,143598,2259,115582,0,1,3872,98217,4044,80390,3873,178607,California
San Francisco,2021-03-01,11419,270600,7704,151302,3710,119292,5,6,5570,97973,5821,86211,5577,184184,California
San Francisco,2021-03-02,10054,280654,6769,158071,3285,122577,0,6,5683,99297,4360,90571,5684,189868,California
San Francisco,2021-03-03,11429,292083,6678,164749,4750,127327,1,7,6283,100452,5132,95703,6287,196155,California
San Francisco,2021-03-04,8821,300904,5535,170284,3286,130613,0,7,4971,101586,3839,99542,4973,201128,California
San Francisco,2021-03-05,9263,310167,5666,175950,3593,134206,4,11,5801,103944,3448,102990,5806,206934,California
San Francisco,2021-03-06,7236,317403,4697,180647,2329,136535,210,221,4540,105981,2707,105697,4744,211678,California
San Francisco,2021-03-07,5418,322821,4226,184873,1132,137667,60,281,3120,106851,2309,108006,3179,214857,California
San Francisco,2021-03-08,7561,330382,5491,190364,1881,139548,189,470,5967,111381,1625,109631,6155,221012,California
San Francisco,2021-03-09,8357,338739,5534,195898,2445,141993,378,848,6094,115579,2268,111899,6466,227478,California
San Francisco,2021-03-10,11287,350026,6620,202518,4163,146156,504,1352,7043,118902,4221,116120,7544,235022,California
San Francisco,2021-03-11,10134,360160,6393,208911,2768,148924,973,2325,6637,123018,3477,119597,7593,242615,California
San Francisco,2021-03-12,10899,371059,6359,215270,3189,152113,1351,3676,6061,125606,4814,124411,7402,250017,California
San Francisco,2021-03-13,6776,377835,3950,219220,1744,153857,1082,4758,4208,128335,2558,126969,5287,255304,California
San Francisco,2021-03-14,7586,385421,4930,224150,2407,156264,249,5007,3961,128935,3606,130575,4206,259510,California
San Francisco,2021-03-15,12139,397560,9283,233433,1910,158174,946,5953,8354,134452,3768,134343,9285,268795,California
San Francisco,2021-03-16,12273,409833,8345,241778,3449,161623,479,6432,8761,140204,3489,137832,9241,278036,California
San Francisco,2021-03-17,13635,423468,8455,250233,4546,166169,634,7066,9708,146646,3895,141727,10337,288373,California
San Francisco,2021-03-18,10297,433765,7049,257282,2619,168788,629,7695,5856,148705,4416,146143,6475,294848,California
San Francisco,2021-03-19,12597,446362,9237,266519,2887,171675,473,8168,6579,149756,5991,152134,7042,301890,California
San Francisco,2021-03-20,8955,455317,6585,273104,1902,173577,468,8636,5201,151705,3721,155855,5670,307560,California
San Francisco,2021-03-21,6699,462016,6140,279244,420,173997,139,8775,3765,152689,2917,158772,3901,311461,California
San Francisco,2021-03-22,10006,472022,6971,286215,2194,176191,841,9616,5149,153837,4832,163604,5980,317441,California
San Francisco,2021-03-23,11402,483424,7591,293806,3158,179349,653,10269,6313,155738,5057,168661,6958,324399,California
San Francisco,2021-03-24,12422,495846,9517,303323,2367,181716,538,10807,6118,156126,6259,174920,6647,331046,California
San Francisco,2021-03-25,12009,507855,8766,312089,2676,184392,567,11374,5813,156380,6122,181042,6376,337422,California
San Francisco,2021-03-26,12060,519915,8355,320444,3471,187863,234,11608,5835,156254,6190,187232,6064,343486,California
San Francisco,2021-03-27,8900,528815,5914,326358,2634,190497,352,11960,3819,155365,5058,192290,4169,347655,California
San Francisco,2021-03-28,6672,535487,5325,331683,1305,191802,42,12002,2965,154688,3682,195972,3005,350660,California
San Francisco,2021-03-29,11660,547147,8019,339702,3455,195257,186,12188,4807,152859,6820,202792,4991,355651,California
San Francisco,2021-03-30,11693,558840,7318,347020,4084,199341,291,12479,5508,152498,6158,208950,5797,361448,California
San Francisco,2021-03-31,12328,571168,8196,355216,3834,203175,298,12777,4912,150320,7381,216331,5203,366651,California
San Francisco,2021-04-01,14029,585197,7436,362652,4885,208060,1708,14485,6039,150085,7947,224278,7712,374363,California
San Francisco,2021-04-02,14898,600095,6575,369227,6425,214485,1898,16383,6948,150982,7926,232204,8823,383186,California
San Francisco,2021-04-03,10617,610712,4929,374156,3860,218345,1828,18211,4813,151818,5785,237989,6621,389807,California
San Francisco,2021-04-04,9058,619770,4806,378962,2594,220939,1658,19869,3588,151599,5451,243440,5232,395039,California
San Francisco,2021-04-05,16141,635911,9854,388816,4392,225331,1895,21764,6303,149971,9807,253247,8179,403218,California
San Francisco,2021-04-06,16170,652081,9550,398366,4547,229878,2073,23837,6287,148459,9854,263101,8342,411560,California
San Francisco,2021-04-07,16903,668984,10061,408427,4600,234478,2242,26079,7008,147815,9869,272970,9225,420785,California
San Francisco,2021-04-08,14250,683234,6782,415209,3033,237511,4435,30514,4647,147287,9565,282535,9037,429822,California
San Francisco,2021-04-09,15891,699125,7686,422895,4841,242352,3364,33878,6630,148029,9226,291761,9968,439790,California
San Francisco,2021-04-10,13370,712495,5715,428610,5897,248249,1758,35636,7114,150653,6229,297990,8853,448643,California
San Francisco,2021-04-11,10081,722576,7551,436161,1351,249600,1179,36815,5208,152171,4857,302847,6375,455018,California
San Francisco,2021-04-12,10663,733239,6923,443084,2583,252183,1157,37972,4883,152446,5754,308601,6029,461047,California
San Francisco,2021-04-13,10869,744108,7368,450452,3489,255672,12,37984,5473,152568,5368,313969,5490,466537,California
San Francisco,2021-04-14,13400,757508,8070,458522,5329,261001,1,37985,6360,151933,6998,320967,6363,472900,California
San Francisco,2021-04-15,13881,771389,9612,468134,4268,265269,1,37986,8071,154235,5775,326742,8077,480977,California
San Francisco,2021-04-16,13052,784441,8767,476901,4241,269510,44,38030,7612,156486,5409,332151,7660,488637,California
San Francisco,2021-04-17,10256,794697,7384,484285,2871,272381,1,38031,7236,160726,3001,335152,7241,495878,California
San Francisco,2021-04-18,6957,801654,5385,489670,1570,273951,2,38033,4322,162437,2615,337767,4326,500204,California
San Francisco,2021-04-19,11125,812779,8310,497980,2810,276761,5,38038,7097,165541,4008,341775,7112,507316,California
San Francisco,2021-04-20,13112,825891,7908,505888,5202,281963,2,38040,8927,170317,4154,345929,8930,516246,California
San Francisco,2021-04-21,11943,837834,8751,514639,3187,285150,5,38045,7238,172890,4675,350604,7248,523494,California
San Francisco,2021-04-22,11119,848953,8285,522924,2833,287983,1,38046,6374,174562,4710,355314,6382,529876,California
San Francisco,2021-04-23,10933,859886,6410,529334,4523,292506,0,38046,6481,176632,4420,359734,6490,536366,California
San Francisco,2021-04-24,7971,867857,5476,534810,2495,295001,0,38046,4712,178116,3237,362971,4721,541087,California
San Francisco,2021-04-25,5047,872904,4338,539148,703,295704,6,38052,2947,178987,2087,365058,2958,544045,California
San Francisco,2021-04-26,8547,881451,6093,545241,2442,298146,12,38064,4255,179008,4262,369320,4283,548328,California
San Francisco,2021-04-27,8993,890444,6113,551354,2710,300856,170,38234,4491,179202,4476,373796,4670,552998,California
San Francisco,2021-04-28,9961,900405,6973,558327,2797,303653,191,38425,5225,179923,4702,378498,5423,558421,California
San Francisco,2021-04-29,9809,910214,5834,564161,3780,307433,195,38620,4822,179994,4959,383457,5030,563451,California
San Francisco,2021-04-30,11339,921553,5612,569773,5524,312957,203,38823,4227,177366,7064,390521,4436,567887,California
San Francisco,2021-05-01,6997,928550,3596,573369,3286,316243,115,38938,1700,173921,5261,395782,1816,569703,California
San Francisco,2021-05-02,5342,933892,3096,576465,2147,318390,99,39037,979,170650,4353,400135,1082,570785,California
San Francisco,2021-05-03,9709,943601,6614,583079,2930,321320,165,39202,2441,166027,7237,407372,2614,573399,California
San Francisco,2021-05-04,9848,953449,6437,589516,3160,324480,251,39453,2386,161240,7429,414801,2642,576041,California
San Francisco,2021-05-05,9270,962719,6576,596092,2381,326861,313,39766,2272,156880,6949,421750,2589,578630,California
San Francisco,2021-05-06,10976,973695,8789,604881,1714,328575,473,40239,1908,150229,9034,430784,2383,581013,California
San Francisco,2021-05-07,10322,984017,6669,611550,3380,331955,273,40512,1677,143559,8618,439402,1948,582961,California
San Francisco,2021-05-08,8908,992925,4057,615607,4721,336676,130,40642,1100,137016,7774,447176,1231,584192,California
San Francisco,2021-05-09,6744,999669,5855,621462,806,337482,83,40725,1086,132544,5635,452811,1163,585355,California
San Francisco,2021-05-10,7392,1007061,5324,626786,1813,339295,255,40980,1007,127452,6353,459164,1261,586616,California
San Francisco,2021-05-11,8161,1015222,6032,632818,1910,341205,219,41199,1497,122540,6627,465791,1715,588331,California
San Francisco,2021-05-12,8390,1023612,6154,638972,1779,342984,457,41656,1495,117627,6862,472653,1949,590280,California
San Francisco,2021-05-13,11395,1035007,8390,647362,2779,345763,226,41882,4181,114858,7184,479837,4415,594695,California
San Francisco,2021-05-14,9589,1044596,6827,654189,2591,348354,171,42053,2990,111463,6567,486404,3172,597867,California
San Francisco,2021-05-15,8133,1052729,6442,660631,1635,349989,56,42109,3203,109820,4914,491318,3271,601138,California
San Francisco,2021-05-16,5301,1058030,4459,665090,783,350772,59,42168,2024,108648,3256,494574,2084,603222,California
San Francisco,2021-05-17,7406,1065436,5520,670610,1721,352493,165,42333,2375,106182,5009,499583,2543,605765,California
San Francisco,2021-05-18,8766,1074202,5023,675633,3567,356060,176,42509,1830,101300,6888,506471,2006,607771,California
San Francisco,2021-05-19,7498,1081700,5548,681181,1715,357775,235,42744,2155,98373,5315,511786,2388,610159,California
San Francisco,2021-05-20,6142,1087842,4124,685305,1765,359540,253,42997,1492,95501,4612,516398,1740,611899,California
San Francisco,2021-05-21,7201,1095043,4079,689384,2936,362476,186,43183,1576,91680,5578,521976,1757,613656,California
San Francisco,2021-05-22,4813,1099856,3624,693008,1098,363574,91,43274,2185,91347,2608,524584,2275,615931,California
San Francisco,2021-05-23,1939,1101795,1483,694491,381,363955,75,43349,848,91189,1081,525665,923,616854,California
San Francisco,2021-05-24,4228,1106023,3002,697493,1063,365018,163,43512,1234,89620,2968,528633,1399,618253,California
San Francisco,2021-05-25,3703,1109726,2405,699898,1075,366093,223,43735,1030,88215,2653,531286,1248,619501,California
San Francisco,2021-05-26,3961,1113687,2555,702453,1260,367353,146,43881,1045,86516,2890,534176,1191,620692,California
San Francisco,2021-05-27,3721,1117408,2147,704600,1398,368751,176,44057,1164,85310,2545,536721,1339,622031,California
San Francisco,2021-05-28,3779,1121187,2154,706754,1463,370214,162,44219,1314,84349,2436,539157,1475,623506,California
San Francisco,2021-05-29,2032,1123219,1463,708217,467,370681,102,44321,788,84010,1223,540380,884,624390,California
San Francisco,2021-05-30,971,1124190,693,708910,241,370922,37,44358,396,83872,571,540951,433,624823,California
San Francisco,2021-05-31,259,1124449,211,709121,41,370963,7,44365,86,83794,171,541122,93,624916,California
San Francisco,2021-06-01,3585,1128034,2171,711292,1226,372189,188,44553,1062,82534,2507,543629,1247,626163,California
San Francisco,2021-06-02,2462,1130496,1781,713073,558,372747,123,44676,809,81823,1638,545267,927,627090,California
San Francisco,2021-06-03,3963,1134459,2720,715793,1040,373787,203,44879,911,79898,3034,548301,1109,628199,California
San Francisco,2021-06-04,5727,1140186,4854,720647,737,374524,136,45015,1241,76818,4452,552753,1372,629571,California
San Francisco,2021-06-05,3727,1143913,3151,723798,428,374952,148,45163,872,74991,2843,555596,1016,630587,California
San Francisco,2021-06-06,2336,1146249,2185,725983,113,375065,38,45201,385,73470,1944,557540,423,631010,California
San Francisco,2021-06-07,3652,1149901,3024,729007,493,375558,135,45336,870,71710,2763,560303,1003,632013,California
San Francisco,2021-06-08,2828,1152729,2223,731230,439,375997,166,45502,794,70647,2017,562320,954,632967,California
San Francisco,2021-06-09,2325,1155054,1862,733092,326,376323,137,45639,655,69783,1654,563974,790,633757,California
San Francisco,2021-06-10,2498,1157552,1910,735002,398,376721,190,45829,750,68987,1736,565710,940,634697,California
San Francisco,2021-06-11,3155,1160707,2490,737492,500,377221,165,45994,921,67861,2209,567919,1083,635780,California
San Francisco,2021-06-12,3036,1163743,2636,740128,274,377495,126,46120,719,66401,2303,570222,843,636623,California
San Francisco,2021-06-13,924,1164667,803,740931,74,377569,47,46167,224,65978,693,570915,270,636893,California
San Francisco,2021-06-14,2509,1167176,2027,742958,331,377900,151,46318,825,65279,1673,572588,974,637867,California
San Francisco,2021-06-15,1907,1169083,1473,744431,301,378201,133,46451,668,64851,1229,573817,801,638668,California
San Francisco,2021-06-16,1853,1170936,1399,745830,260,378461,194,46645,633,64469,1202,575019,820,639488,California
San Francisco,2021-06-17,1984,1172920,1528,747358,256,378717,200,46845,648,63991,1321,576340,843,640331,California
San Francisco,2021-06-18,2347,1175267,1734,749092,438,379155,175,47020,750,63329,1583,577923,921,641252,California
San Francisco,2021-06-19,1415,1176682,1182,750274,122,379277,111,47131,435,62906,966,578889,543,641795,California
San Francisco,2021-06-20,625,1177307,534,750808,56,379333,35,47166,254,62830,365,579254,289,642084,California
San Francisco,2021-06-21,1162,1178469,863,751671,188,379521,111,47277,603,62993,549,579803,712,642796,California
San Francisco,2021-06-22,1584,1180053,1243,752914,229,379750,112,47389,549,62628,1020,580823,655,643451,California
San Francisco,2021-06-23,1485,1181538,1172,754086,173,379923,140,47529,589,62466,884,581707,722,644173,California
San Francisco,2021-06-24,1539,1183077,1127,755213,243,380166,169,47698,511,62132,1009,582716,675,644848,California
San Francisco,2021-06-25,1820,1184897,1470,756683,248,380414,102,47800,653,61738,1147,583863,753,645601,California
San Francisco,2021-06-26,1396,1186293,1249,757932,66,380480,81,47881,498,61424,889,584752,575,646176,California
San Francisco,2021-06-27,553,1186846,491,758423,34,380514,28,47909,225,61354,322,585074,252,646428,California
San Francisco,2021-06-28,1484,1188330,1276,759699,115,380629,93,48002,528,61030,944,586018,620,647048,California
San Francisco,2021-06-29,1374,1189704,1054,760753,220,380849,100,48102,494,60749,869,586887,588,647636,California
San Francisco,2021-06-30,1284,1190988,1053,761806,163,381012,68,48170,499,60535,780,587667,566,648202,California
San Francisco,2021-07-01,1178,1192166,932,762738,168,381180,78,48248,476,60394,691,588358,550,648752,California
San Francisco,2021-07-02,1472,1193638,1184,763922,219,381399,69,48317,579,60159,882,589240,647,649399,California
San Francisco,2021-07-03,595,1194233,499,764421,34,381433,62,48379,176,59977,417,589657,235,649634,California
San Joaquin,2020-12-15,14,14,14,14,0,0,0,0,14,14,0,0,14,14,California
San Joaquin,2020-12-16,310,324,310,324,0,0,0,0,310,324,0,0,310,324,California
San Joaquin,2020-12-17,325,649,325,649,0,0,0,0,325,649,0,0,325,649,California
San Joaquin,2020-12-18,542,1191,538,1187,4,4,0,0,542,1191,0,0,542,1191,California
San Joaquin,2020-12-19,192,1383,192,1379,0,4,0,0,192,1383,0,0,192,1383,California
San Joaquin,2020-12-20,117,1500,115,1494,2,6,0,0,117,1500,0,0,117,1500,California
San Joaquin,2020-12-21,496,1996,495,1989,1,7,0,0,496,1996,0,0,496,1996,California
San Joaquin,2020-12-22,980,2976,859,2848,121,128,0,0,979,2975,0,0,979,2975,California
San Joaquin,2020-12-23,980,3956,923,3771,57,185,0,0,978,3953,2,2,980,3955,California
San Joaquin,2020-12-24,218,4174,189,3960,29,214,0,0,217,4170,1,3,218,4173,California
San Joaquin,2020-12-25,16,4190,16,3976,0,214,0,0,16,4186,0,3,16,4189,California
San Joaquin,2020-12-26,103,4293,31,4007,72,286,0,0,103,4289,0,3,103,4292,California
San Joaquin,2020-12-27,45,4338,31,4038,14,300,0,0,45,4334,0,3,45,4337,California
San Joaquin,2020-12-28,626,4964,423,4461,203,503,0,0,626,4960,0,3,626,4963,California
San Joaquin,2020-12-29,800,5764,670,5131,130,633,0,0,800,5760,0,3,800,5763,California
San Joaquin,2020-12-30,1015,6779,721,5852,294,927,0,0,1013,6773,2,5,1015,6778,California
San Joaquin,2020-12-31,456,7235,203,6055,253,1180,0,0,456,7229,1,6,457,7235,California
San Joaquin,2021-01-01,24,7259,13,6068,11,1191,0,0,24,7253,0,6,24,7259,California
San Joaquin,2021-01-02,267,7526,244,6312,23,1214,0,0,267,7520,0,6,267,7526,California
San Joaquin,2021-01-03,37,7563,20,6332,17,1231,0,0,36,7555,1,7,36,7562,California
San Joaquin,2021-01-04,480,8043,341,6673,139,1370,0,0,478,8032,1,8,478,8040,California
San Joaquin,2021-01-05,991,9034,656,7329,335,1705,0,0,814,8708,176,184,852,8892,California
San Joaquin,2021-01-06,1232,10266,718,8047,514,2219,0,0,924,9333,303,487,928,9820,California
San Joaquin,2021-01-07,1092,11358,693,8740,399,2618,0,0,789,9822,300,787,789,10609,California
San Joaquin,2021-01-08,1217,12575,831,9571,386,3004,0,0,716,10045,499,1286,722,11331,California
San Joaquin,2021-01-09,384,12959,302,9873,82,3086,0,0,250,10163,134,1420,252,11583,California
San Joaquin,2021-01-10,226,13185,117,9990,109,3195,0,0,173,10284,52,1472,173,11756,California
San Joaquin,2021-01-11,1538,14723,1328,11318,210,3405,0,0,870,10555,667,2139,938,12694,California
San Joaquin,2021-01-12,1529,16252,1108,12426,421,3826,0,0,739,10580,786,2925,811,13505,California
San Joaquin,2021-01-13,1544,17796,902,13328,642,4468,0,0,963,10971,577,3502,968,14473,California
San Joaquin,2021-01-14,1773,19569,976,14304,797,5265,0,0,1423,12084,329,3831,1442,15915,California
San Joaquin,2021-01-15,1562,21131,553,14857,1009,6274,0,0,1319,13200,228,4059,1344,17259,California
San Joaquin,2021-01-16,1136,22267,181,15038,955,7229,0,0,1104,14273,31,4090,1104,18363,California
San Joaquin,2021-01-17,1631,23898,138,15176,1493,8722,0,0,1587,15818,44,4134,1589,19952,California
San Joaquin,2021-01-18,747,24645,240,15416,507,9229,0,0,625,16325,118,4252,625,20577,California
San Joaquin,2021-01-19,1880,26525,897,16313,983,10212,0,0,1196,16850,679,4931,1204,21781,California
San Joaquin,2021-01-20,2108,28633,1292,17605,816,11028,0,0,1456,17668,645,5576,1463,23244,California
San Joaquin,2021-01-21,1992,30625,901,18506,1091,12119,0,0,1594,18880,391,5967,1603,24847,California
San Joaquin,2021-01-22,1971,32596,900,19406,1071,13190,0,0,1829,20574,137,6104,1831,26678,California
San Joaquin,2021-01-23,906,33502,393,19799,513,13703,0,0,617,20906,287,6391,619,27297,California
San Joaquin,2021-01-24,367,33869,137,19936,230,13933,0,0,344,21230,20,6411,344,27641,California
San Joaquin,2021-01-25,2015,35884,1149,21085,866,14799,0,0,1441,22103,571,6982,1444,29085,California
San Joaquin,2021-01-26,2167,38051,1113,22198,1054,15853,0,0,1545,23042,614,7596,1553,30638,California
San Joaquin,2021-01-27,1755,39806,769,22967,986,16839,0,0,1251,23800,499,8095,1257,31895,California
San Joaquin,2021-01-28,2087,41893,782,23749,1305,18144,0,0,1418,24563,664,8759,1427,33322,California
San Joaquin,2021-01-29,2198,44091,1054,24803,1144,19288,0,0,1843,26068,348,9107,1853,35175,California
San Joaquin,2021-01-30,2185,46276,355,25158,1830,21118,0,0,2002,27890,182,9289,2004,37179,California
San Joaquin,2021-01-31,1556,47832,176,25334,1380,22498,0,0,1486,29310,68,9357,1488,38667,California
San Joaquin,2021-02-01,2519,50351,1290,26624,1229,23727,0,0,1750,30293,769,10126,1752,40419,California
San Joaquin,2021-02-02,2655,53006,1180,27804,1475,25202,0,0,2041,31785,553,10679,2045,42464,California
San Joaquin,2021-02-03,3144,56150,1238,29042,1906,27108,0,0,2266,33190,870,11549,2275,44739,California
San Joaquin,2021-02-04,3607,59757,1833,30875,1774,28882,0,0,2706,35007,895,12444,2712,47451,California
San Joaquin,2021-02-05,3213,62970,1805,32680,1408,30290,0,0,2374,36572,823,13267,2388,49839,California
San Joaquin,2021-02-06,1076,64046,725,33405,351,30641,0,0,927,37354,146,13413,928,50767,California
San Joaquin,2021-02-07,623,64669,493,33898,130,30771,0,0,417,37571,201,13614,418,51185,California
San Joaquin,2021-02-08,1885,66554,1045,34943,840,31611,0,0,1526,38768,335,13949,1532,52717,California
San Joaquin,2021-02-09,2165,68719,1149,36092,1016,32627,0,0,1609,39896,484,14433,1612,54329,California
San Joaquin,2021-02-10,2633,71352,1263,37355,1370,33997,0,0,1399,40085,1211,15644,1400,55729,California
San Joaquin,2021-02-11,2959,74311,1475,38830,1484,35481,0,0,1719,40609,1204,16848,1728,57457,California
San Joaquin,2021-02-12,2867,77178,1137,39967,1730,37211,0,0,1626,41027,1212,18060,1630,59087,California
San Joaquin,2021-02-13,2143,79321,411,40378,1732,38943,0,0,866,40639,1260,19320,872,59959,California
San Joaquin,2021-02-14,1920,81241,265,40643,1655,40598,0,0,700,40153,1187,20507,701,60660,California
San Joaquin,2021-02-15,2011,83252,842,41485,1169,41767,0,0,1205,40588,774,21281,1209,61869,California
San Joaquin,2021-02-16,3219,86471,1405,42890,1814,43581,0,0,1774,40941,1431,22712,1784,63653,California
San Joaquin,2021-02-17,3328,89799,1284,44174,2044,45625,0,0,1901,41436,1411,24123,1906,65559,California
San Joaquin,2021-02-18,3394,93193,1405,45579,1989,47614,0,0,1930,41947,1425,25548,1936,67495,California
San Joaquin,2021-02-19,4314,97507,2443,48022,1871,49485,0,0,2402,42493,1856,27404,2402,69897,California
San Joaquin,2021-02-20,1610,99117,695,48717,915,50400,0,0,1077,43041,529,27933,1077,70974,California
San Joaquin,2021-02-21,702,99819,522,49239,180,50580,0,0,430,43205,268,28201,432,71406,California
San Joaquin,2021-02-22,3646,103465,2576,51815,1070,51650,0,0,2562,44718,1053,29254,2566,73972,California
San Joaquin,2021-02-23,4388,107853,2667,54482,1721,53371,0,0,2672,45717,1679,30933,2678,76650,California
San Joaquin,2021-02-24,5857,113710,3471,57953,2386,55757,0,0,4165,48224,1662,32595,4169,80819,California
San Joaquin,2021-02-25,6452,120162,3979,61932,2473,58230,0,0,4123,50072,2285,34880,4133,84952,California
San Joaquin,2021-02-26,5584,125746,2887,64819,2697,60927,0,0,3793,52118,1753,36633,3799,88751,California
San Joaquin,2021-02-27,5512,131258,1638,66457,3873,64800,1,1,2656,51994,2791,39424,2667,91418,California
San Joaquin,2021-02-28,3123,134381,1129,67586,1994,66794,0,1,2056,53017,1036,40460,2059,93477,California
San Joaquin,2021-03-01,4321,138702,1849,69435,2469,69263,3,4,2343,53417,1956,42416,2356,95833,California
San Joaquin,2021-03-02,4277,142979,1700,71135,2577,71840,0,4,2672,54560,1582,43998,2725,98558,California
San Joaquin,2021-03-03,5877,148856,3481,74616,2394,74234,2,6,4215,57145,1631,45629,4216,102774,California
San Joaquin,2021-03-04,5777,154633,2295,76911,3479,77713,3,9,3760,58910,1999,47628,3764,106538,California
San Joaquin,2021-03-05,4542,159175,1912,78823,2625,80338,5,14,3126,60648,1397,49025,3135,109673,California
San Joaquin,2021-03-06,3342,162517,2198,81021,1014,81352,130,144,2743,62932,592,49617,2876,112549,California
San Joaquin,2021-03-07,1232,163749,572,81593,611,81963,49,193,940,63632,274,49891,974,113523,California
San Joaquin,2021-03-08,3232,166981,1288,82881,1820,83783,124,317,2103,64747,1112,51003,2227,115750,California
San Joaquin,2021-03-09,4212,171193,1874,84755,2209,85992,129,446,2684,66058,1507,52510,2818,118568,California
San Joaquin,2021-03-10,4941,176134,2541,87296,2256,88248,144,590,3455,68188,1469,53979,3599,122167,California
San Joaquin,2021-03-11,5249,181383,2475,89771,2170,90418,604,1194,2956,69471,2278,56257,3561,125728,California
San Joaquin,2021-03-12,6622,188005,3239,93010,3044,93462,339,1533,4165,71554,2426,58683,4509,130237,California
San Joaquin,2021-03-13,3255,191260,1519,94529,1610,95072,126,1659,2326,73098,917,59600,2461,132698,California
San Joaquin,2021-03-14,2180,193440,678,95207,1196,96268,306,1965,1027,73289,1146,60746,1337,134035,California
San Joaquin,2021-03-15,6155,199595,3523,98730,2224,98492,408,2373,3185,73967,2930,63676,3608,137643,California
San Joaquin,2021-03-16,6955,206550,3943,102673,2756,101248,256,2629,4090,75482,2838,66514,4353,141996,California
San Joaquin,2021-03-17,7985,214535,4742,107415,3172,104420,71,2700,4391,76409,3540,70054,4467,146463,California
San Joaquin,2021-03-18,7756,222291,4550,111965,2698,107118,508,3208,3842,76903,3861,73915,4355,150818,California
San Joaquin,2021-03-19,8040,230331,4696,116661,2800,109918,544,3752,4864,79221,3148,77063,5466,156284,California
San Joaquin,2021-03-20,3716,234047,2151,118812,1322,111240,243,3995,1829,79447,1859,78922,2085,158369,California
San Joaquin,2021-03-21,2133,236180,1511,120323,415,111655,207,4202,1154,79919,959,79881,1431,159800,California
San Joaquin,2021-03-22,4124,240304,2098,122421,1610,113265,416,4618,2472,81181,1630,81511,2892,162692,California
San Joaquin,2021-03-23,5514,245818,2698,125119,2648,115913,168,4786,3808,83486,1678,83189,3983,166675,California
San Joaquin,2021-03-24,6978,252796,4295,129414,2594,118507,89,4875,3101,82854,3828,87017,3196,169871,California
San Joaquin,2021-03-25,5722,258518,3373,132787,2303,120810,46,4921,3417,84044,2276,89293,3466,173337,California
San Joaquin,2021-03-26,6326,264844,2611,135398,3561,124371,154,5075,3328,84578,2969,92262,3503,176840,California
San Joaquin,2021-03-27,4697,269541,2641,138039,1981,126352,75,5150,1809,83612,2859,95121,1893,178733,California
San Joaquin,2021-03-28,2757,272298,1833,139872,899,127251,25,5175,1269,83548,1467,96588,1403,180136,California
San Joaquin,2021-03-29,4162,276460,2204,142076,1935,129186,23,5198,2112,83668,2031,98619,2151,182287,California
San Joaquin,2021-03-30,6371,282831,3197,145273,3081,132267,93,5291,3529,84501,2807,101426,3640,185927,California
San Joaquin,2021-03-31,6802,289633,4206,149479,2535,134802,61,5352,3482,84779,3289,104715,3567,189494,California
San Joaquin,2021-04-01,6585,296218,3022,152501,3470,138272,93,5445,2948,84273,3605,108320,3099,192593,California
San Joaquin,2021-04-02,6482,302700,2903,155404,3080,141352,499,5944,2601,83554,3850,112170,3131,195724,California
San Joaquin,2021-04-03,4224,306924,2403,157807,1495,142847,326,6270,2019,83725,2185,114355,2356,198080,California
San Joaquin,2021-04-04,2296,309220,1374,159181,716,143563,206,6476,1547,84761,737,115092,1773,199853,California
San Joaquin,2021-04-05,4873,314093,2867,162048,1766,145329,240,6716,2714,85580,2142,117234,2961,202814,California
San Joaquin,2021-04-06,7209,321302,4576,166624,2353,147682,280,6996,3451,85601,3721,120955,3742,206556,California
San Joaquin,2021-04-07,8483,329785,4594,171218,2297,149979,1592,8588,3580,85904,4876,125831,5179,211735,California
San Joaquin,2021-04-08,8932,338717,4772,175990,1994,151973,2166,10754,3386,85939,5516,131347,5551,217286,California
San Joaquin,2021-04-09,9066,347783,4407,180397,3089,155062,1570,12324,3346,85175,5692,137039,4928,222214,California
San Joaquin,2021-04-10,5264,353047,1666,182063,1688,156750,1910,14234,1789,85411,3460,140499,3696,225910,California
San Joaquin,2021-04-11,4316,357363,1785,183848,1364,158114,1167,15401,1986,86242,2316,142815,3147,229057,California
San Joaquin,2021-04-12,6179,363542,2520,186368,2107,160221,1552,16953,2442,86531,3709,146524,3998,233055,California
San Joaquin,2021-04-13,7675,371217,4414,190782,3252,163473,9,16962,4683,88266,2963,149487,4698,237753,California
San Joaquin,2021-04-14,7740,378957,3922,194704,3816,167289,2,16964,4648,89862,3066,152553,4662,242415,California
San Joaquin,2021-04-15,8044,387001,4773,199477,3271,170560,0,16964,4438,90750,3559,156112,4447,246862,California
San Joaquin,2021-04-16,7922,394923,4296,203773,3623,174183,3,16967,4768,92414,3120,159232,4784,251646,California
San Joaquin,2021-04-17,5213,400136,2834,206607,2377,176560,2,16969,3692,94619,1508,160740,3713,255359,California
San Joaquin,2021-04-18,2603,402739,1498,208105,1105,177665,0,16969,1382,94803,1204,161944,1388,256747,California
San Joaquin,2021-04-19,5331,408070,2838,210943,2492,180157,1,16970,2774,95069,2520,164464,2786,259533,California
San Joaquin,2021-04-20,6499,414569,3486,214429,3012,183169,1,16971,3052,94720,3412,167876,3063,262596,California
San Joaquin,2021-04-21,6054,420623,3447,217876,2607,185776,0,16971,3083,94902,2909,170785,3091,265687,California
San Joaquin,2021-04-22,5570,426193,3315,221191,2253,188029,2,16973,3150,95686,2385,173170,3169,268856,California
San Joaquin,2021-04-23,6216,432409,3033,224224,3182,191211,1,16974,3894,97292,2296,175466,3902,272758,California
San Joaquin,2021-04-24,5286,437695,3641,227865,1643,192854,2,16976,3436,98918,1821,177287,3447,276205,California
San Joaquin,2021-04-25,3084,440779,2598,230463,486,193340,0,16976,2049,99965,1008,178295,2055,278260,California
San Joaquin,2021-04-26,4243,445022,2740,233203,1499,194839,4,16980,2184,100120,2039,180334,2194,280454,California
San Joaquin,2021-04-27,4834,449856,2770,235973,2002,196841,62,17042,2040,99466,2764,183098,2110,282564,California
San Joaquin,2021-04-28,5872,455728,3520,239493,2272,199113,80,17122,2854,99430,2980,186078,2944,285508,California
San Joaquin,2021-04-29,5190,460918,3053,242546,2080,201193,57,17179,2627,99593,2532,188610,2695,288203,California
San Joaquin,2021-04-30,5251,466169,2592,245138,2592,203785,67,17246,2691,99825,2536,191146,2768,290971,California
San Joaquin,2021-05-01,3383,469552,1933,247071,1392,205177,58,17304,2154,100831,1218,192364,2224,293195,California
San Joaquin,2021-05-02,2312,471864,1609,248680,646,205823,57,17361,1170,100921,1138,193502,1228,294423,California
San Joaquin,2021-05-03,3423,475287,2291,250971,1052,206875,80,17441,1415,100433,1991,195493,1503,295926,California
San Joaquin,2021-05-04,5092,480379,3431,254402,1504,208379,157,17598,1857,99247,3211,198704,2025,297951,California
San Joaquin,2021-05-05,5376,485755,3722,258124,1490,209869,164,17762,2394,98865,2947,201651,2565,300516,California
San Joaquin,2021-05-06,4914,490669,3317,261441,1466,211335,131,17893,2139,98388,2758,204409,2281,302797,California
San Joaquin,2021-05-07,5351,496020,3144,264585,2055,213390,152,18045,2040,97305,3285,207694,2202,304999,California
San Joaquin,2021-05-08,3407,499427,2235,266820,1071,214461,101,18146,1286,96596,2105,209799,1396,306395,California
San Joaquin,2021-05-09,1519,500946,868,267688,581,215042,70,18216,575,96306,941,210740,651,307046,California
San Joaquin,2021-05-10,2946,503892,1562,269250,1259,216301,125,18341,946,95399,1983,212723,1076,308122,California
San Joaquin,2021-05-11,4276,508168,2233,271483,1920,218221,123,18464,1297,93889,2961,215684,1451,309573,California
San Joaquin,2021-05-12,4525,512693,2156,273639,2243,220464,126,18590,1398,92319,3105,218789,1535,311108,California
San Joaquin,2021-05-13,4894,517587,2881,276520,1923,222387,90,18680,1876,91297,3002,221791,1980,313088,California
San Joaquin,2021-05-14,5924,523511,3568,280088,2248,224635,108,18788,2439,90395,3455,225246,2553,315641,California
San Joaquin,2021-05-15,5267,528778,3141,283229,2045,226680,81,18869,1654,88552,3582,228828,1739,317380,California
San Joaquin,2021-05-16,3626,532404,2853,286082,724,227404,49,18918,1473,87943,2139,230967,1530,318910,California
San Joaquin,2021-05-17,4180,536584,2506,288588,1577,228981,97,19015,1793,87474,2369,233336,1900,320810,California
San Joaquin,2021-05-18,4010,540594,2320,290908,1575,230556,115,19130,1862,87324,2130,235466,1980,322790,California
San Joaquin,2021-05-19,4794,545388,2795,293703,1864,232420,135,19265,2025,86756,2738,238204,2170,324960,California
San Joaquin,2021-05-20,4016,549404,2406,296109,1505,233925,105,19370,1733,86340,2257,240461,1841,326801,California
San Joaquin,2021-05-21,5099,554503,2998,299107,1979,235904,122,19492,2309,86023,2758,243219,2441,329242,California
San Joaquin,2021-05-22,4067,558570,2552,301659,1420,237324,95,19587,1814,85705,2238,245457,1920,331162,California
San Joaquin,2021-05-23,2542,561112,2087,303746,411,237735,44,19631,1469,86161,1061,246518,1517,332679,California
San Joaquin,2021-05-24,3105,564217,1823,305569,1189,238924,93,19724,1449,86068,1640,248158,1547,334226,California
San Joaquin,2021-05-25,3139,567356,1954,307523,1037,239961,148,19872,1449,85997,1669,249827,1598,335824,California
San Joaquin,2021-05-26,3934,571290,2424,309947,1435,241396,75,19947,1599,85356,2318,252145,1677,337501,California
San Joaquin,2021-05-27,3149,574439,1717,311664,1347,242743,85,20032,1281,84873,1851,253996,1368,338869,California
San Joaquin,2021-05-28,3141,577580,1679,313343,1370,244113,92,20124,1454,84766,1662,255658,1555,340424,California
San Joaquin,2021-05-29,2151,579731,1189,314532,926,245039,36,20160,917,84494,1229,256887,957,341381,California
San Joaquin,2021-05-30,977,580708,523,315055,428,245467,26,20186,399,84350,572,257459,428,341809,California
San Joaquin,2021-05-31,621,581329,260,315315,354,245821,7,20193,235,84211,381,257840,242,342051,California
San Joaquin,2021-06-01,2481,583810,1497,316812,887,246708,97,20290,1181,84205,1290,259130,1284,343335,California
San Joaquin,2021-06-02,2739,586549,1620,318432,1065,247773,54,20344,1136,83811,1587,260717,1193,344528,California
San Joaquin,2021-06-03,2858,589407,1765,320197,1035,248808,58,20402,1058,83149,1782,262499,1120,345648,California
San Joaquin,2021-06-04,3157,592564,1938,322135,1114,249922,105,20507,1062,82250,2067,264566,1168,346816,California
San Joaquin,2021-06-05,2519,595083,1917,324052,536,250458,66,20573,1149,82190,1279,265845,1219,348035,California
San Joaquin,2021-06-06,1099,596182,884,324936,178,250636,37,20610,427,82002,653,266498,465,348500,California
San Joaquin,2021-06-07,2835,599017,2103,327039,691,251327,41,20651,974,81173,1853,268351,1024,349524,California
San Joaquin,2021-06-08,2777,601794,2105,329144,627,251954,45,20696,872,80205,1888,270239,920,350444,California
San Joaquin,2021-06-09,2869,604663,2001,331145,824,252778,44,20740,979,79357,1872,272111,1024,351468,California
San Joaquin,2021-06-10,2675,607338,1945,333090,664,253442,66,20806,1002,78761,1668,273779,1072,352540,California
San Joaquin,2021-06-11,2969,610307,2054,335144,798,254240,117,20923,970,77859,1990,275769,1088,353628,California
San Joaquin,2021-06-12,1862,612169,1402,336546,429,254669,31,20954,630,77316,1225,276994,682,354310,California
San Joaquin,2021-06-13,1076,613245,826,337372,202,254871,48,21002,497,77288,575,277569,547,354857,California
San Joaquin,2021-06-14,2218,615463,1491,338863,655,255526,72,21074,930,77015,1277,278846,1004,355861,California
San Joaquin,2021-06-15,2245,617708,1498,340361,670,256196,77,21151,870,76603,1362,280208,950,356811,California
San Joaquin,2021-06-16,2783,620491,2016,342377,685,256881,82,21233,909,75735,1858,282066,990,357801,California
San Joaquin,2021-06-17,2621,623112,1864,344241,694,257575,63,21296,888,74966,1720,283786,951,358752,California
San Joaquin,2021-06-18,2767,625879,1815,346056,876,258451,76,21372,1147,74582,1608,285394,1224,359976,California
San Joaquin,2021-06-19,1396,627275,869,346925,267,258718,260,21632,500,74454,889,286283,761,360737,California
San Joaquin,2021-06-20,655,627930,517,347442,112,258830,26,21658,290,74410,359,286642,315,361052,California
San Joaquin,2021-06-21,1619,629549,955,348397,555,259385,109,21767,818,74543,794,287436,927,361979,California
San Joaquin,2021-06-22,1896,631445,1250,349647,575,259960,71,21838,813,74353,1072,288508,882,362861,California
San Joaquin,2021-06-23,1971,633416,1296,350943,598,260558,77,21915,770,74018,1182,289690,847,363708,California
San Joaquin,2021-06-24,1972,635388,1343,352286,535,261093,94,22009,872,73944,1039,290729,965,364673,California
San Joaquin,2021-06-25,1722,637110,1100,353386,544,261637,78,22087,763,73834,951,291680,841,365514,California
San Joaquin,2021-06-26,1072,638182,802,354188,219,261856,51,22138,517,73852,551,292231,569,366083,California
San Joaquin,2021-06-27,569,638751,430,354618,99,261955,40,22178,264,73855,301,292532,304,366387,California
San Joaquin,2021-06-28,1449,640200,1021,355639,359,262314,69,22247,661,73828,757,293289,730,367117,California
San Joaquin,2021-06-29,1435,641635,905,356544,459,262773,71,22318,645,73761,782,294071,715,367832,California
San Joaquin,2021-06-30,1493,643128,1019,357563,404,263177,70,22388,634,73615,853,294924,707,368539,California
San Joaquin,2021-07-01,1534,644662,1063,358626,383,263560,88,22476,659,73495,865,295789,745,369284,California
San Joaquin,2021-07-02,1522,646184,1049,359675,422,263982,51,22527,709,73449,807,296596,761,370045,California
San Joaquin,2021-07-03,448,646632,279,359954,151,264133,18,22545,246,73512,201,296797,264,370309,California
San Luis Obispo,2020-12-16,4,4,4,4,0,0,0,0,4,4,0,0,4,4,California
San Luis Obispo,2020-12-17,196,200,196,200,0,0,0,0,196,200,0,0,196,200,California
San Luis Obispo,2020-12-18,224,424,224,424,0,0,0,0,224,424,0,0,224,424,California
San Luis Obispo,2020-12-19,164,588,164,588,0,0,0,0,164,588,0,0,164,588,California
San Luis Obispo,2020-12-20,215,803,215,803,0,0,0,0,215,803,0,0,215,803,California
San Luis Obispo,2020-12-21,550,1353,549,1352,1,1,0,0,550,1353,0,0,550,1353,California
San Luis Obispo,2020-12-22,309,1662,305,1657,4,5,0,0,309,1662,0,0,309,1662,California
San Luis Obispo,2020-12-23,681,2343,367,2024,314,319,0,0,681,2343,0,0,681,2343,California
San Luis Obispo,2020-12-24,194,2537,19,2043,175,494,0,0,194,2537,0,0,194,2537,California
San Luis Obispo,2020-12-25,2,2539,1,2044,1,495,0,0,2,2539,0,0,2,2539,California
San Luis Obispo,2020-12-26,90,2629,13,2057,77,572,0,0,90,2629,0,0,90,2629,California
San Luis Obispo,2020-12-27,76,2705,0,2057,76,648,0,0,76,2705,0,0,76,2705,California
San Luis Obispo,2020-12-28,878,3583,429,2486,449,1097,0,0,878,3583,0,0,878,3583,California
San Luis Obispo,2020-12-29,904,4487,505,2991,399,1496,0,0,904,4487,0,0,904,4487,California
San Luis Obispo,2020-12-30,1172,5659,679,3670,493,1989,0,0,1172,5659,0,0,1172,5659,California
San Luis Obispo,2020-12-31,109,5768,4,3674,105,2094,0,0,109,5768,0,0,109,5768,California
San Luis Obispo,2021-01-01,18,5786,11,3685,7,2101,0,0,18,5786,0,0,18,5786,California
San Luis Obispo,2021-01-02,34,5820,8,3693,26,2127,0,0,34,5820,0,0,34,5820,California
San Luis Obispo,2021-01-03,17,5837,6,3699,11,2138,0,0,17,5837,0,0,17,5837,California
San Luis Obispo,2021-01-04,681,6518,525,4224,156,2294,0,0,681,6518,0,0,681,6518,California
San Luis Obispo,2021-01-05,975,7493,755,4979,220,2514,0,0,972,7487,3,3,972,7490,California
San Luis Obispo,2021-01-06,728,8221,481,5460,247,2761,0,0,720,8200,7,10,720,8210,California
San Luis Obispo,2021-01-07,1122,9343,946,6406,176,2937,0,0,679,8436,443,453,679,8889,California
San Luis Obispo,2021-01-08,885,10228,804,7210,81,3018,0,0,516,8584,368,821,516,9405,California
San Luis Obispo,2021-01-09,205,10433,195,7405,10,3028,0,0,28,8435,177,998,28,9433,California
San Luis Obispo,2021-01-10,12,10445,8,7413,4,3032,0,0,8,8439,4,1002,8,9441,California
San Luis Obispo,2021-01-11,562,11007,511,7924,51,3083,0,0,298,8474,263,1265,298,9739,California
San Luis Obispo,2021-01-12,600,11607,382,8306,218,3301,0,0,319,8512,281,1546,319,10058,California
San Luis Obispo,2021-01-13,888,12495,260,8566,628,3929,0,0,650,8926,236,1782,650,10708,California
San Luis Obispo,2021-01-14,727,13222,239,8805,488,4417,0,0,605,9418,113,1895,605,11313,California
San Luis Obispo,2021-01-15,734,13956,293,9098,441,4858,0,0,555,9799,174,2069,555,11868,California
San Luis Obispo,2021-01-16,102,14058,82,9180,20,4878,0,0,96,9889,6,2075,96,11964,California
San Luis Obispo,2021-01-17,63,14121,56,9236,7,4885,0,0,63,9952,0,2075,63,12027,California
San Luis Obispo,2021-01-18,1372,15493,391,9627,981,5866,0,0,1108,10796,264,2339,1108,13135,California
San Luis Obispo,2021-01-19,1585,17078,418,10045,1167,7033,0,0,1174,11560,411,2750,1175,14310,California
San Luis Obispo,2021-01-20,1894,18972,602,10647,1292,8325,0,0,1301,12271,591,3341,1302,15612,California
San Luis Obispo,2021-01-21,1579,20551,470,11117,1109,9434,0,0,1207,13111,368,3709,1208,16820,California
San Luis Obispo,2021-01-22,1523,22074,508,11625,1015,10449,0,0,1207,14004,314,4023,1207,18027,California
San Luis Obispo,2021-01-23,309,22383,290,11915,19,10468,0,0,293,14281,16,4039,293,18320,California
San Luis Obispo,2021-01-24,441,22824,233,12148,208,10676,0,0,435,14709,7,4046,435,18755,California
San Luis Obispo,2021-01-25,2074,24898,601,12749,1473,12149,0,0,1244,15123,830,4876,1244,19999,California
San Luis Obispo,2021-01-26,2004,26902,705,13454,1299,13448,0,0,1140,15399,864,5740,1140,21139,California
San Luis Obispo,2021-01-27,1607,28509,280,13734,1327,14775,0,0,1148,16088,459,6199,1148,22287,California
San Luis Obispo,2021-01-28,1495,30004,342,14076,1153,15928,0,0,1231,17057,262,6461,1231,23518,California
San Luis Obispo,2021-01-29,1748,31752,690,14766,1058,16986,0,0,1457,18223,291,6752,1457,24975,California
San Luis Obispo,2021-01-30,41,31793,19,14785,22,17008,0,0,29,18241,11,6763,29,25004,California
San Luis Obispo,2021-01-31,235,32028,19,14804,216,17224,0,0,233,18472,2,6765,233,25237,California
San Luis Obispo,2021-02-01,1711,33739,742,15546,969,18193,0,0,1405,19572,305,7070,1405,26642,California
San Luis Obispo,2021-02-02,1904,35643,679,16225,1225,19418,0,0,1526,20721,378,7448,1527,28169,California
San Luis Obispo,2021-02-03,1711,37354,728,16953,983,20401,0,0,1294,21598,417,7865,1294,29463,California
San Luis Obispo,2021-02-04,1664,39018,804,17757,860,21261,0,0,1097,22128,567,8432,1097,30560,California
San Luis Obispo,2021-02-05,1612,40630,718,18475,894,22155,0,0,1065,22646,548,8980,1066,31626,California
San Luis Obispo,2021-02-06,179,40809,108,18583,71,22226,0,0,98,22664,80,9060,98,31724,California
San Luis Obispo,2021-02-07,124,40933,79,18662,45,22271,0,0,72,22685,52,9112,73,31797,California
San Luis Obispo,2021-02-08,866,41799,473,19135,393,22664,0,0,501,22822,364,9476,501,32298,California
San Luis Obispo,2021-02-09,1127,42926,448,19583,679,23343,0,0,545,22798,576,10052,552,32850,California
San Luis Obispo,2021-02-10,1443,44369,493,20076,950,24293,0,0,528,22416,913,10965,531,33381,California
San Luis Obispo,2021-02-11,1336,45705,846,20922,490,24783,0,0,660,22402,674,11639,660,34041,California
San Luis Obispo,2021-02-12,781,46486,361,21283,420,25203,0,0,415,22451,366,12005,415,34456,California
San Luis Obispo,2021-02-13,395,46881,131,21414,264,25467,0,0,287,22631,107,12112,287,34743,California
San Luis Obispo,2021-02-14,323,47204,44,21458,279,25746,0,0,284,22877,39,12151,285,35028,California
San Luis Obispo,2021-02-15,730,47934,138,21596,592,26338,0,0,475,23098,254,12405,475,35503,California
San Luis Obispo,2021-02-16,2991,50925,1198,22794,1793,28131,0,0,1366,22839,1625,14030,1366,36869,California
San Luis Obispo,2021-02-17,2796,53721,1248,24042,1548,29679,0,0,1027,22106,1760,15790,1027,37896,California
San Luis Obispo,2021-02-18,2843,56564,1469,25511,1374,31053,0,0,1136,21545,1698,17488,1137,39033,California
San Luis Obispo,2021-02-19,1476,58040,1353,26864,123,31176,0,0,1142,22355,332,17820,1142,40175,California
San Luis Obispo,2021-02-20,261,58301,88,26952,173,31349,0,0,222,22538,39,17859,222,40397,California
San Luis Obispo,2021-02-21,57,58358,53,27005,4,31353,0,0,32,22545,25,17884,32,40429,California
San Luis Obispo,2021-02-22,2431,60789,1880,28885,551,31904,0,0,1471,23059,958,18842,1472,41901,California
San Luis Obispo,2021-02-23,1866,62655,1750,30635,116,32020,0,0,1366,23928,498,19340,1367,43268,California
San Luis Obispo,2021-02-24,2660,65315,1308,31943,1352,33372,0,0,836,22943,1821,21161,836,44104,California
San Luis Obispo,2021-02-25,2134,67449,1244,33187,890,34262,0,0,1208,23233,919,22080,1209,45313,California
San Luis Obispo,2021-02-26,2652,70101,1150,34337,1502,35764,0,0,1331,23253,1311,23391,1331,46644,California
San Luis Obispo,2021-02-27,585,70686,354,34691,231,35995,0,0,528,23725,56,23447,528,47172,California
San Luis Obispo,2021-02-28,594,71280,67,34758,527,36522,0,0,163,23459,429,23876,163,47335,California
San Luis Obispo,2021-03-01,3011,74291,1879,36637,1130,37652,2,2,2078,24607,933,24809,2081,49416,California
San Luis Obispo,2021-03-02,3064,77355,1921,38558,1143,38795,0,2,1903,25355,1156,25965,1904,51320,California
San Luis Obispo,2021-03-03,2351,79706,345,38903,2006,40801,0,2,856,24723,1489,27454,857,52177,California
San Luis Obispo,2021-03-04,2205,81911,1161,40064,1044,41845,0,2,1185,24893,1017,28471,1187,53364,California
San Luis Obispo,2021-03-05,2304,84215,1021,41085,1213,43058,70,72,1296,25265,994,29465,1366,54730,California
San Luis Obispo,2021-03-06,841,85056,312,41397,421,43479,108,180,618,25762,223,29688,720,55450,California
San Luis Obispo,2021-03-07,202,85258,34,41431,84,43563,84,264,78,25797,123,29811,158,55608,California
San Luis Obispo,2021-03-08,2738,87996,759,42190,1661,45224,318,582,1542,26465,1191,31002,1859,57467,California
San Luis Obispo,2021-03-09,2965,90961,975,43165,1742,46966,248,830,1534,26821,1427,32429,1783,59250,California
San Luis Obispo,2021-03-10,3202,94163,1241,44406,1679,48645,282,1112,1823,27549,1375,33804,2103,61353,California
San Luis Obispo,2021-03-11,3354,97517,1323,45729,1708,50353,323,1435,1811,28153,1531,35335,2135,63488,California
San Luis Obispo,2021-03-12,3220,100737,1240,46969,1642,51995,338,1773,1625,28529,1588,36923,1964,65452,California
San Luis Obispo,2021-03-13,912,101649,263,47232,539,52534,110,1883,542,28809,369,37292,649,66101,California
San Luis Obispo,2021-03-14,518,102167,56,47288,351,52885,111,1994,136,28676,380,37672,247,66348,California
San Luis Obispo,2021-03-15,3069,105236,1104,48392,1864,54749,101,2095,1530,28774,1536,39208,1634,67982,California
San Luis Obispo,2021-03-16,2858,108094,1510,49902,1238,55987,110,2205,1442,28915,1409,40617,1550,69532,California
San Luis Obispo,2021-03-17,3460,111554,1447,51349,1751,57738,262,2467,2007,29743,1440,42057,2268,71800,California
San Luis Obispo,2021-03-18,2833,114387,1450,52799,1169,58907,214,2681,1357,29843,1469,43526,1569,73369,California
San Luis Obispo,2021-03-19,2600,116987,1573,54372,705,59612,322,3003,964,29505,1626,45152,1288,74657,California
San Luis Obispo,2021-03-20,842,117829,502,54874,303,59915,37,3040,386,29473,455,45607,423,75080,California
San Luis Obispo,2021-03-21,190,118019,45,54919,141,60056,4,3044,160,29607,29,45636,163,75243,California
San Luis Obispo,2021-03-22,2763,120782,1176,56095,1539,61595,48,3092,1928,30752,831,46467,1976,77219,California
San Luis Obispo,2021-03-23,3352,124134,2230,58325,1093,62688,29,3121,2224,31882,1123,47590,2253,79472,California
San Luis Obispo,2021-03-24,3587,127721,2197,60522,1305,63993,85,3206,2674,33733,907,48497,2758,82230,California
San Luis Obispo,2021-03-25,3730,131451,2339,62861,1379,65372,12,3218,2673,35365,1052,49549,2684,84914,California
San Luis Obispo,2021-03-26,3336,134787,1816,64677,1048,66420,472,3690,1861,36229,1469,51018,2333,87247,California
San Luis Obispo,2021-03-27,1007,135794,508,65185,408,66828,91,3781,452,36219,553,51571,543,87790,California
San Luis Obispo,2021-03-28,621,136415,155,65340,410,67238,56,3837,417,36490,203,51774,474,88264,California
San Luis Obispo,2021-03-29,2635,139050,1323,66663,1179,68417,133,3970,1684,37373,935,52709,1818,90082,California
San Luis Obispo,2021-03-30,3540,142590,1943,68606,1456,69873,141,4111,2344,38668,1189,53898,2484,92566,California
San Luis Obispo,2021-03-31,3900,146490,2481,71087,1270,71143,149,4260,2507,39940,1382,55280,2654,95220,California
San Luis Obispo,2021-04-01,3916,150406,2485,73572,1313,72456,118,4378,2724,41605,1175,56455,2840,98060,California
San Luis Obispo,2021-04-02,1759,152165,691,74263,753,73209,315,4693,956,42074,800,57255,1269,99329,California
San Luis Obispo,2021-04-03,1113,153278,556,74819,430,73639,127,4820,494,42081,614,57869,621,99950,California
San Luis Obispo,2021-04-04,388,153666,134,74953,214,73853,40,4860,241,42215,147,58016,281,100231,California
San Luis Obispo,2021-04-05,3644,157310,1946,76899,1585,75438,113,4973,2040,42767,1600,59616,2152,102383,California
San Luis Obispo,2021-04-06,4174,161484,2208,79107,1642,77080,324,5297,1987,42899,2178,61794,2310,104693,California
San Luis Obispo,2021-04-07,4320,165804,2351,81458,1602,78682,367,5664,2475,43908,1829,63623,2838,107531,California
San Luis Obispo,2021-04-08,3999,169803,2193,83651,1398,80080,408,6072,2136,44598,1854,65477,2544,110075,California
San Luis Obispo,2021-04-09,3687,173490,1754,85405,1172,81252,761,6833,1506,44690,2169,67646,2261,112336,California
San Luis Obispo,2021-04-10,1701,175191,571,85976,460,81712,670,7503,501,44660,1197,68843,1167,113503,California
San Luis Obispo,2021-04-11,317,175508,64,86040,186,81898,67,7570,126,44664,189,69032,193,113696,California
San Luis Obispo,2021-04-12,3430,178938,1722,87762,1545,83443,163,7733,1418,44234,2010,71042,1580,115276,California
San Luis Obispo,2021-04-13,3759,182697,2171,89933,1587,85030,1,7734,2008,44496,1748,72790,2010,117286,California
San Luis Obispo,2021-04-14,3605,186302,2064,91997,1536,86566,5,7739,1758,44429,1829,74619,1762,119048,California
San Luis Obispo,2021-04-15,3792,190094,2469,94466,1322,87888,1,7740,2019,44699,1751,76370,2021,121069,California
San Luis Obispo,2021-04-16,3680,193774,2245,96711,1431,89319,4,7744,1770,44571,1900,78270,1772,122841,California
San Luis Obispo,2021-04-17,1096,194870,434,97145,660,89979,2,7746,712,44902,383,78653,714,123555,California
San Luis Obispo,2021-04-18,328,195198,104,97249,223,90202,1,7747,115,44808,209,78862,115,123670,California
San Luis Obispo,2021-04-19,3214,198412,1356,98605,1820,92022,38,7785,1102,43843,2106,80968,1141,124811,California
San Luis Obispo,2021-04-20,3658,202070,2031,100636,1627,93649,0,7785,1340,42876,2307,83275,1340,126151,California
San Luis Obispo,2021-04-21,4005,206075,1848,102484,2157,95806,0,7785,1605,42105,2379,85654,1608,127759,California
San Luis Obispo,2021-04-22,4637,210712,2081,104565,2556,98362,0,7785,1412,40314,3205,88859,1414,129173,California
San Luis Obispo,2021-04-23,1442,212154,837,105402,601,98963,4,7789,722,40325,716,89575,727,129900,California
San Luis Obispo,2021-04-24,1082,213236,439,105841,624,99587,19,7808,507,40269,582,90157,526,130426,California
San Luis Obispo,2021-04-25,518,213754,163,106004,355,99942,0,7808,114,39984,399,90556,114,130540,California
San Luis Obispo,2021-04-26,1085,214839,396,106400,671,100613,18,7826,399,39726,674,91230,416,130956,California
San Luis Obispo,2021-04-27,3928,218767,1994,108394,1855,102468,79,7905,1528,38940,2392,93622,1606,132562,California
San Luis Obispo,2021-04-28,3821,222588,2109,110503,1640,104108,72,7977,1338,37879,2471,96093,1410,133972,California
San Luis Obispo,2021-04-29,3732,226320,2128,112631,1537,105645,67,8044,1247,36726,2468,98561,1315,135287,California
San Luis Obispo,2021-04-30,3003,229323,1685,114316,1244,106889,74,8118,916,35650,2065,100626,989,136276,California
San Luis Obispo,2021-05-01,478,229801,164,114480,279,107168,35,8153,103,35416,371,100997,137,136413,California
San Luis Obispo,2021-05-02,172,229973,53,114533,99,107267,20,8173,43,35350,129,101126,63,136476,California
San Luis Obispo,2021-05-03,891,230864,286,114819,494,107761,111,8284,223,35016,666,101792,332,136808,California
San Luis Obispo,2021-05-04,2976,233840,1922,116741,983,108744,71,8355,874,33863,2095,103887,942,137750,California
San Luis Obispo,2021-05-05,2862,236702,1878,118619,917,109661,67,8422,675,32431,2174,106061,742,138492,California
San Luis Obispo,2021-05-06,2845,239547,1914,120533,867,110528,64,8486,722,31113,2104,108165,786,139278,California
San Luis Obispo,2021-05-07,2366,241913,1775,122308,523,111051,68,8554,597,30029,1750,109915,666,139944,California
San Luis Obispo,2021-05-08,606,242519,343,122651,239,111290,24,8578,204,29874,383,110298,228,140172,California
San Luis Obispo,2021-05-09,165,242684,42,122693,104,111394,19,8597,45,29819,119,110417,64,140236,California
San Luis Obispo,2021-05-10,733,243417,158,122851,523,111917,52,8649,157,29455,571,110988,207,140443,California
San Luis Obispo,2021-05-11,1218,244635,598,123449,545,112462,75,8724,382,29082,830,111818,457,140900,California
San Luis Obispo,2021-05-12,2511,247146,1612,125061,816,113278,83,8807,693,28057,1801,113619,776,141676,California
San Luis Obispo,2021-05-13,1185,248331,717,125778,406,113684,62,8869,488,27915,691,114310,549,142225,California
San Luis Obispo,2021-05-14,2270,250601,1649,127427,569,114253,52,8921,936,27586,1316,115626,987,143212,California
San Luis Obispo,2021-05-15,988,251589,455,127882,499,114752,34,8955,462,27560,523,116149,497,143709,California
San Luis Obispo,2021-05-16,310,251899,166,128048,138,114890,6,8961,176,27609,133,116282,182,143891,California
San Luis Obispo,2021-05-17,1689,253588,978,129026,651,115541,60,9021,669,27328,1011,117293,730,144621,California
San Luis Obispo,2021-05-18,1908,255496,1161,130187,714,116255,33,9054,723,26906,1179,118472,757,145378,California
San Luis Obispo,2021-05-19,1460,256956,624,130811,773,117028,63,9117,405,26325,1048,119520,467,145845,California
San Luis Obispo,2021-05-20,1148,258104,498,131309,613,117641,37,9154,338,25901,799,120319,375,146220,California
San Luis Obispo,2021-05-21,1110,259214,573,131882,492,118133,45,9199,510,25866,590,120909,555,146775,California
San Luis Obispo,2021-05-22,682,259896,325,132207,334,118467,23,9222,340,25894,335,121244,363,147138,California
San Luis Obispo,2021-05-23,147,260043,69,132276,72,118539,6,9228,52,25858,94,121338,58,147196,California
San Luis Obispo,2021-05-24,569,260612,262,132538,267,118806,40,9268,200,25732,366,121704,240,147436,California
San Luis Obispo,2021-05-25,881,261493,429,132967,424,119230,28,9296,345,25576,528,122232,372,147808,California
San Luis Obispo,2021-05-26,2145,263638,993,133960,1097,120327,55,9351,664,24820,1474,123706,718,148526,California
San Luis Obispo,2021-05-27,1882,265520,668,134628,1182,121509,32,9383,491,23957,1385,125091,522,149048,California
San Luis Obispo,2021-05-28,921,266441,468,135096,426,121935,27,9410,482,24029,437,125528,509,149557,California
San Luis Obispo,2021-05-29,378,266819,153,135249,214,122149,11,9421,208,24080,169,125697,220,149777,California
San Luis Obispo,2021-05-30,88,266907,35,135284,45,122194,8,9429,34,24068,53,125750,41,149818,California
San Luis Obispo,2021-05-31,41,266948,5,135289,23,122217,13,9442,16,24072,24,125774,28,149846,California
San Luis Obispo,2021-06-01,756,267704,325,135614,400,122617,31,9473,270,23891,482,126256,301,150147,California
San Luis Obispo,2021-06-02,640,268344,287,135901,311,122928,42,9515,184,23667,449,126705,225,150372,California
San Luis Obispo,2021-06-03,917,269261,454,136355,431,123359,32,9547,253,23290,662,127367,285,150657,California
San Luis Obispo,2021-06-04,2487,271748,1526,137881,919,124278,42,9589,707,22270,1767,129134,747,151404,California
San Luis Obispo,2021-06-05,668,272416,288,138169,360,124638,20,9609,325,22273,342,129476,345,151749,California
San Luis Obispo,2021-06-06,186,272602,132,138301,45,124683,9,9618,47,22190,139,129615,56,151805,California
San Luis Obispo,2021-06-07,547,273149,358,138659,148,124831,41,9659,154,21994,391,130006,195,152000,California
San Luis Obispo,2021-06-08,808,273957,524,139183,243,125074,41,9700,243,21717,561,130567,284,152284,California
San Luis Obispo,2021-06-09,639,274596,355,139538,253,125327,31,9731,187,21486,449,131016,218,152502,California
San Luis Obispo,2021-06-10,754,275350,363,139901,352,125679,39,9770,220,21213,532,131548,259,152761,California
San Luis Obispo,2021-06-11,938,276288,540,140441,362,126041,36,9806,340,20996,594,132142,377,153138,California
San Luis Obispo,2021-06-12,392,276680,268,140709,121,126162,3,9809,167,20942,224,132366,170,153308,California
San Luis Obispo,2021-06-13,162,276842,93,140802,66,126228,3,9812,44,20872,117,132483,47,153355,California
San Luis Obispo,2021-06-14,455,277297,298,141100,126,126354,31,9843,129,20707,323,132806,158,153513,California
San Luis Obispo,2021-06-15,640,277937,397,141497,205,126559,38,9881,237,20582,399,133205,274,153787,California
San Luis Obispo,2021-06-16,625,278562,365,141862,225,126784,35,9916,180,20358,438,133643,214,154001,California
San Luis Obispo,2021-06-17,597,279159,340,142202,231,127015,26,9942,196,20180,400,134043,222,154223,California
San Luis Obispo,2021-06-18,789,279948,506,142708,237,127252,46,9988,279,20000,506,134549,326,154549,California
San Luis Obispo,2021-06-19,266,280214,151,142859,101,127353,14,10002,100,19950,164,134713,114,154663,California
San Luis Obispo,2021-06-20,110,280324,73,142932,29,127382,8,10010,45,19939,64,134777,53,154716,California
San Luis Obispo,2021-06-21,351,280675,222,143154,103,127485,26,10036,154,19924,195,134972,180,154896,California
San Luis Obispo,2021-06-22,622,281297,363,143517,227,127712,32,10068,277,19890,343,135315,309,155205,California
San Luis Obispo,2021-06-23,495,281792,272,143789,203,127915,20,10088,238,19891,257,135572,258,155463,California
San Luis Obispo,2021-06-24,468,282260,262,144051,180,128095,26,10114,204,19861,260,135832,230,155693,California
San Luis Obispo,2021-06-25,527,282787,212,144263,293,128388,22,10136,210,19780,311,136143,230,155923,California
San Luis Obispo,2021-06-26,272,283059,147,144410,107,128495,18,10154,119,19763,153,136296,136,156059,California
San Luis Obispo,2021-06-27,146,283205,94,144504,47,128542,5,10159,76,19775,69,136365,81,156140,California
San Luis Obispo,2021-06-28,341,283546,245,144749,80,128622,16,10175,130,19712,208,136573,145,156285,California
San Luis Obispo,2021-06-29,483,284029,315,145064,152,128774,16,10191,204,19658,274,136847,220,156505,California
San Luis Obispo,2021-06-30,439,284468,243,145307,158,128932,38,10229,163,19584,274,137121,200,156705,California
San Luis Obispo,2021-07-01,460,284928,307,145614,138,129070,15,10244,208,19557,250,137371,223,156928,California
San Luis Obispo,2021-07-02,423,285351,203,145817,200,129270,20,10264,173,19504,246,137617,193,157121,California
San Luis Obispo,2021-07-03,344,285695,138,145955,204,129474,2,10266,86,19336,256,137873,88,157209,California
San Mateo,2020-12-15,27,27,27,27,0,0,0,0,27,27,0,0,27,27,California
San Mateo,2020-12-16,113,140,113,140,0,0,0,0,113,140,0,0,113,140,California
San Mateo,2020-12-17,172,312,172,312,0,0,0,0,172,312,0,0,172,312,California
San Mateo,2020-12-18,776,1088,774,1086,2,2,0,0,776,1088,0,0,776,1088,California
San Mateo,2020-12-19,517,1605,517,1603,0,2,0,0,517,1605,0,0,517,1605,California
San Mateo,2020-12-20,504,2109,503,2106,1,3,0,0,504,2109,0,0,504,2109,California
San Mateo,2020-12-21,1145,3254,1144,3250,1,4,0,0,1145,3254,0,0,1145,3254,California
San Mateo,2020-12-22,1522,4776,1514,4764,8,12,0,0,1521,4774,1,1,1521,4775,California
San Mateo,2020-12-23,1568,6344,1378,6142,190,202,0,0,1568,6342,0,1,1568,6343,California
San Mateo,2020-12-24,870,7214,612,6754,258,460,0,0,870,7212,0,1,870,7213,California
San Mateo,2020-12-25,113,7327,109,6863,4,464,0,0,113,7325,0,1,113,7326,California
San Mateo,2020-12-26,559,7886,417,7280,142,606,0,0,559,7884,0,1,559,7885,California
San Mateo,2020-12-27,303,8189,172,7452,131,737,0,0,303,8187,0,1,303,8188,California
San Mateo,2020-12-28,1060,9249,710,8162,350,1087,0,0,1060,9247,0,1,1060,9248,California
San Mateo,2020-12-29,1138,10387,715,8877,423,1510,0,0,1138,10385,0,1,1138,10386,California
San Mateo,2020-12-30,1267,11654,764,9641,503,2013,0,0,1267,11652,0,1,1267,11653,California
San Mateo,2020-12-31,706,12360,228,9869,478,2491,0,0,705,12356,1,2,705,12358,California
San Mateo,2021-01-01,111,12471,75,9944,36,2527,0,0,111,12467,0,2,111,12469,California
San Mateo,2021-01-02,399,12870,273,10217,126,2653,0,0,399,12866,0,2,399,12868,California
San Mateo,2021-01-03,284,13154,209,10426,75,2728,0,0,281,13144,3,5,281,13149,California
San Mateo,2021-01-04,1052,14206,678,11104,374,3102,0,0,1052,14196,0,5,1052,14201,California
San Mateo,2021-01-05,1217,15423,715,11819,502,3604,0,0,1184,15348,33,38,1185,15386,California
San Mateo,2021-01-06,1458,16881,958,12777,500,4104,0,0,1263,16420,192,230,1264,16650,California
San Mateo,2021-01-07,1463,18344,816,13593,647,4751,0,0,1154,17272,302,532,1154,17804,California
San Mateo,2021-01-08,1852,20196,1199,14792,653,5404,0,0,1138,17703,707,1239,1138,18942,California
San Mateo,2021-01-09,1178,21374,780,15572,398,5802,0,0,716,17957,462,1701,716,19658,California
San Mateo,2021-01-10,711,22085,580,16152,131,5933,0,0,270,17786,441,2142,270,19928,California
San Mateo,2021-01-11,2620,24705,1512,17664,1108,7041,0,0,1541,18250,1079,3221,1543,21471,California
San Mateo,2021-01-12,3457,28162,1939,19603,1518,8559,0,0,2231,19268,1217,4438,2235,23706,California
San Mateo,2021-01-13,3416,31578,1671,21274,1745,10304,0,0,2366,20586,1050,5488,2368,26074,California
San Mateo,2021-01-14,3807,35385,1611,22885,2196,12500,0,0,3107,22998,700,6188,3112,29186,California
San Mateo,2021-01-15,4351,39736,1736,24621,2615,15115,0,0,3802,26255,547,6735,3804,32990,California
San Mateo,2021-01-16,3090,42826,770,25391,2320,17435,0,0,2759,28686,329,7064,2760,35750,California
San Mateo,2021-01-17,1314,44140,305,25696,1009,18444,0,0,1109,29590,205,7269,1109,36859,California
San Mateo,2021-01-18,1371,45511,544,26240,827,19271,0,0,989,30200,379,7648,989,37848,California
San Mateo,2021-01-19,2809,48320,1798,28038,1011,20282,0,0,2005,31404,801,8449,2005,39853,California
San Mateo,2021-01-20,2990,51310,1728,29766,1262,21544,0,0,2138,32694,849,9298,2139,41992,California
San Mateo,2021-01-21,2933,54243,1359,31125,1574,23118,0,0,2332,34431,598,9896,2335,44327,California
San Mateo,2021-01-22,2835,57078,1146,32271,1689,24807,0,0,2529,36659,302,10198,2530,46857,California
San Mateo,2021-01-23,2887,59965,1681,33952,1206,26013,0,0,2524,38821,363,10561,2525,49382,California
San Mateo,2021-01-24,1517,61482,374,34326,1143,27156,0,0,1206,39718,310,10871,1207,50589,California
San Mateo,2021-01-25,4424,65906,3145,37471,1279,28435,0,0,3518,42338,902,11773,3522,54111,California
San Mateo,2021-01-26,4359,70265,3012,40483,1347,29782,0,0,3423,44828,934,12707,3424,57535,California
San Mateo,2021-01-27,2830,73095,1475,41958,1355,31137,0,0,1820,45645,1004,13711,1821,59356,California
San Mateo,2021-01-28,2826,75921,1373,43331,1453,32590,0,0,1973,46781,837,14548,1973,61329,California
San Mateo,2021-01-29,3022,78943,1356,44687,1666,34256,0,0,2173,48109,847,15395,2175,63504,California
San Mateo,2021-01-30,3422,82365,1489,46176,1933,36189,0,0,2957,50604,463,15858,2958,66462,California
San Mateo,2021-01-31,1692,84057,897,47073,795,36984,0,0,1529,51972,161,16019,1529,67991,California
San Mateo,2021-02-01,2966,87023,1370,48443,1596,38580,0,0,2232,53475,730,16749,2233,70224,California
San Mateo,2021-02-02,3262,90285,1754,50197,1508,40088,0,0,2212,54640,1047,17796,2212,72436,California
San Mateo,2021-02-03,5031,95316,2073,52270,2958,43046,0,0,3883,57379,1145,18941,3884,76320,California
San Mateo,2021-02-04,6260,101576,2519,54789,3741,46787,0,0,4975,61080,1278,20219,4979,81299,California
San Mateo,2021-02-05,6846,108422,2560,57349,4286,51073,0,0,5004,64260,1824,22043,5004,86303,California
San Mateo,2021-02-06,3284,111706,1912,59261,1372,52445,0,0,2626,66235,653,22696,2628,88931,California
San Mateo,2021-02-07,1906,113612,1348,60609,558,53003,0,0,1712,67755,192,22888,1712,90643,California
San Mateo,2021-02-08,5309,118921,2267,62876,3042,56045,0,0,3129,68768,2116,25004,3129,93772,California
San Mateo,2021-02-09,6192,125113,3206,66082,2986,59031,0,0,3325,69235,2858,27862,3325,97097,California
San Mateo,2021-02-10,6544,131657,3287,69369,3257,62288,0,0,3276,69262,3249,31111,3276,100373,California
San Mateo,2021-02-11,7102,138759,3597,72966,3505,65793,0,0,3773,69716,3321,34432,3775,104148,California
San Mateo,2021-02-12,6690,145449,2997,75963,3693,69486,0,0,4727,72486,1959,36391,4729,108877,California
San Mateo,2021-02-13,6223,151672,4110,80073,2113,71599,0,0,2647,71563,3570,39961,2647,111524,California
San Mateo,2021-02-14,4746,156418,3114,83187,1632,73231,0,0,1986,70798,2752,42713,1987,113511,California
San Mateo,2021-02-15,3184,159602,1460,84647,1724,74955,0,0,1795,71212,1382,44095,1796,115307,California
San Mateo,2021-02-16,7201,166803,1906,86553,5295,80250,0,0,5304,74623,1895,45990,5306,120613,California
San Mateo,2021-02-17,7123,173926,1986,88539,5137,85387,0,0,5053,77613,2064,48054,5054,125667,California
San Mateo,2021-02-18,6827,180753,4722,93261,2105,87492,0,0,4541,79876,2281,50335,4544,130211,California
San Mateo,2021-02-19,7911,188664,5659,98920,2252,89744,0,0,5857,83688,2045,52380,5857,136068,California
San Mateo,2021-02-20,3827,192491,2472,101392,1355,91099,0,0,2351,84572,1468,53848,2352,138420,California
San Mateo,2021-02-21,2697,195188,1822,103214,875,91974,0,0,1600,85083,1090,54938,1601,140021,California
San Mateo,2021-02-22,4622,199810,3352,106566,1270,93244,0,0,2900,86270,1714,56652,2901,142922,California
San Mateo,2021-02-23,4480,204290,3197,109763,1283,94527,0,0,2597,86996,1871,58523,2597,145519,California
San Mateo,2021-02-24,7441,211731,3352,113115,4089,98616,0,0,4918,89402,2513,61036,4919,150438,California
San Mateo,2021-02-25,9324,221055,4155,117270,5169,103785,0,0,6142,92380,3165,64201,6143,156581,California
San Mateo,2021-02-26,10063,231118,3880,121150,6183,109968,0,0,6969,96273,3078,67279,6971,163552,California
San Mateo,2021-02-27,6911,238029,3566,124716,3344,113312,1,1,3761,96900,3141,70420,3768,167320,California
San Mateo,2021-02-28,4465,242494,2756,127472,1709,115021,0,1,2681,97808,1774,72194,2682,170002,California
San Mateo,2021-03-01,6046,248540,3807,131279,2235,117256,4,5,2987,97757,3044,75238,2993,172995,California
San Mateo,2021-03-02,6285,254825,4465,135744,1819,119075,1,6,3614,98711,2662,77900,3616,176611,California
San Mateo,2021-03-03,8557,263382,4040,139784,4515,123590,2,8,3708,97588,4833,82733,3710,180321,California
San Mateo,2021-03-04,8588,271970,4023,143807,4561,128151,4,12,3881,96791,4684,87417,3887,184208,California
San Mateo,2021-03-05,9402,281372,6261,150068,3137,131288,4,16,6583,100584,2797,90214,6590,190798,California
San Mateo,2021-03-06,8001,289373,5561,155629,2263,133551,177,193,5867,104505,2122,92336,6043,196841,California
San Mateo,2021-03-07,3631,293004,2456,158085,1104,134655,71,264,2143,105237,1484,93820,2216,199057,California
San Mateo,2021-03-08,4553,297557,2576,160661,1757,136412,220,484,3328,107565,1218,95038,3546,202603,California
San Mateo,2021-03-09,5360,302917,2870,163531,2214,138626,276,760,3732,109951,1616,96654,4002,206605,California
San Mateo,2021-03-10,7281,310198,2954,166485,4040,142666,287,1047,4845,112660,2420,99074,5129,211734,California
San Mateo,2021-03-11,9197,319395,5768,172253,3038,145704,391,1438,3669,111222,5494,104568,4056,215790,California
San Mateo,2021-03-12,10648,330043,6707,178960,3555,149259,386,1824,3582,108145,7042,111610,3965,219755,California
San Mateo,2021-03-13,8263,338306,3535,182495,3092,152351,1636,3460,3997,109510,4250,115860,5615,225370,California
San Mateo,2021-03-14,5029,343335,3395,185890,1525,153876,109,3569,2658,109913,2363,118223,2766,228136,California
San Mateo,2021-03-15,7246,350581,4680,190570,2388,156264,178,3747,3774,110402,3463,121686,3952,232088,California
San Mateo,2021-03-16,12022,362603,4431,195001,7466,163730,125,3872,4829,108186,7173,128859,4957,237045,California
San Mateo,2021-03-17,10986,373589,4482,199483,6358,170088,146,4018,4966,107309,5990,134849,5113,242158,California
San Mateo,2021-03-18,7415,381004,4161,203644,3065,173153,189,4207,4407,108903,3000,137849,4594,246752,California
San Mateo,2021-03-19,7597,388601,4903,208547,2020,175173,674,4881,3649,109288,3937,141786,4322,251074,California
San Mateo,2021-03-20,8429,397030,6559,215106,1533,176706,337,5218,5370,111954,3041,144827,5707,256781,California
San Mateo,2021-03-21,4288,401318,3250,218356,805,177511,233,5451,2294,112494,1983,146810,2523,259304,California
San Mateo,2021-03-22,5387,406705,3667,222023,1294,178805,426,5877,2827,113202,2544,149354,3252,262556,California
San Mateo,2021-03-23,9955,416660,4584,226607,5173,183978,198,6075,4486,112449,5437,154791,4684,267240,California
San Mateo,2021-03-24,9604,426264,5551,232158,3907,187885,146,6221,4093,111250,5435,160226,4236,271476,California
San Mateo,2021-03-25,10202,436466,5015,237173,4918,192803,269,6490,4457,110340,5638,165864,4728,276204,California
San Mateo,2021-03-26,11350,447816,7795,244968,3387,196190,168,6658,4335,107872,6971,172835,4503,280707,California
San Mateo,2021-03-27,10604,458420,8110,253078,2385,198575,109,6767,4672,106738,5913,178748,4779,285486,California
San Mateo,2021-03-28,4300,462720,2782,255860,1405,199980,113,6880,1993,106551,2297,181045,2110,287596,California
San Mateo,2021-03-29,6116,468836,3794,259654,2068,202048,254,7134,2742,106190,3355,184400,2994,290590,California
San Mateo,2021-03-30,7214,476050,4104,263758,2956,205004,154,7288,3883,106911,3316,187716,4037,294627,California
San Mateo,2021-03-31,7385,483435,4661,268419,2579,207583,145,7433,3881,107452,3485,191201,4026,298653,California
San Mateo,2021-04-01,10710,494145,5281,273700,4207,211790,1222,8655,5741,109489,4916,196117,6953,305606,California
San Mateo,2021-04-02,10974,505119,5246,278946,4127,215917,1601,10256,5776,111675,5174,201291,7360,312966,California
San Mateo,2021-04-03,10043,515162,5789,284735,2475,218392,1779,12035,5119,113652,4914,206205,6891,319857,California
San Mateo,2021-04-04,5474,520636,2636,287371,1579,219971,1259,13294,1713,112873,3746,209951,2967,322824,California
San Mateo,2021-04-05,9074,529710,4828,292199,2501,222472,1745,15039,3887,113327,5168,215119,5622,328446,California
San Mateo,2021-04-06,13287,542997,8299,300498,3130,225602,1858,16897,7573,117060,5698,220817,9431,337877,California
San Mateo,2021-04-07,11540,554537,5355,305853,4485,230087,1700,18597,4907,117041,6612,227429,6593,344470,California
San Mateo,2021-04-08,10270,564807,5114,310967,2536,232623,2620,21217,4544,118483,5705,233134,7147,351617,California
San Mateo,2021-04-09,11461,576268,5585,316552,3373,235996,2503,23720,5139,119797,6317,239451,7631,359248,California
San Mateo,2021-04-10,11331,587599,5756,322308,4125,240121,1450,25170,4692,119317,6607,246058,6127,365375,California
San Mateo,2021-04-11,6659,594258,3309,325617,879,241000,2471,27641,2326,119775,4326,250384,4784,370159,California
San Mateo,2021-04-12,7434,601692,4533,330150,1926,242926,975,28616,3584,120500,3828,254212,4553,374712,California
San Mateo,2021-04-13,8303,609995,5165,335315,3127,246053,11,28627,4382,120988,3907,258119,4395,379107,California
San Mateo,2021-04-14,8439,618434,5443,340758,2995,249048,1,28628,4307,121190,4114,262233,4316,383423,California
San Mateo,2021-04-15,11303,629737,7498,348256,3803,252851,2,28630,7360,124640,3914,266147,7364,390787,California
San Mateo,2021-04-16,10160,639897,6973,355229,3170,256021,17,28647,6414,127355,3722,269869,6437,397224,California
San Mateo,2021-04-17,9870,649767,6570,361799,3298,259319,2,28649,6237,129980,3621,273490,6246,403470,California
San Mateo,2021-04-18,5740,655507,2872,364671,2868,262187,0,28649,3854,131969,1871,275361,3860,407330,California
San Mateo,2021-04-19,8537,664044,5549,370220,2988,265175,0,28649,5539,134538,2982,278343,5551,412881,California
San Mateo,2021-04-20,10862,674906,6220,376440,4641,269816,1,28650,6947,137608,3890,282233,6960,419841,California
San Mateo,2021-04-21,9916,684822,6895,383335,3019,272835,2,28652,6139,140001,3754,285987,6147,425988,California
San Mateo,2021-04-22,10185,695007,6919,390254,3265,276100,1,28653,5689,141235,4461,290448,5695,431683,California
San Mateo,2021-04-23,10008,705015,6712,396966,3296,279396,0,28653,5613,142501,4365,294813,5631,437314,California
San Mateo,2021-04-24,11315,716330,8064,405030,3251,282647,0,28653,5824,142868,5467,300280,5834,443148,California
San Mateo,2021-04-25,5563,721893,3881,408911,1680,284327,2,28655,3951,145237,1596,301876,3965,447113,California
San Mateo,2021-04-26,6917,728810,5018,413929,1891,286218,8,28663,4004,146361,2899,304775,4023,451136,California
San Mateo,2021-04-27,11618,740428,8205,422134,3258,289476,155,28818,4757,144456,6827,311602,4922,456058,California
San Mateo,2021-04-28,8219,748647,4786,426920,3227,292703,206,29024,4381,145229,3821,315423,4594,460652,California
San Mateo,2021-04-29,8456,757103,4077,430997,4207,296910,172,29196,3835,144663,4590,320013,4024,464676,California
San Mateo,2021-04-30,8472,765575,5371,436368,2946,299856,155,29351,3630,143654,4813,324826,3804,468480,California
San Mateo,2021-05-01,6225,771800,4157,440525,1950,301806,118,29469,2690,142961,3514,328340,2821,471301,California
San Mateo,2021-05-02,3196,774996,1755,442280,1371,303177,70,29539,1155,142161,2030,330370,1230,472531,California
San Mateo,2021-05-03,6092,781088,4539,446819,1408,304585,145,29684,1848,139922,4233,334603,1994,474525,California
San Mateo,2021-05-04,7689,788777,5308,452127,2209,306794,172,29856,2548,137535,5126,339729,2739,477264,California
San Mateo,2021-05-05,7187,795964,4772,456899,2256,309050,159,30015,2452,135443,4706,344435,2614,479878,California
San Mateo,2021-05-06,8942,804906,7047,463946,1719,310769,176,30191,1798,130299,7123,351558,1979,481857,California
San Mateo,2021-05-07,8425,813331,6072,470018,2068,312837,285,30476,1870,125938,6529,358087,2168,484025,California
San Mateo,2021-05-08,7024,820355,4387,474405,2398,315235,239,30715,1927,123026,5082,363169,2170,486195,California
San Mateo,2021-05-09,3154,823509,2460,476865,620,315855,74,30789,944,121846,2199,365368,1019,487214,California
San Mateo,2021-05-10,4806,828315,3500,480365,1136,316991,170,30959,738,118706,4057,369425,917,488131,California
San Mateo,2021-05-11,7264,835579,5553,485918,1582,318573,129,31088,1718,115029,5526,374951,1849,489980,California
San Mateo,2021-05-12,7074,842653,5147,491065,1711,320284,216,31304,1427,111042,5633,380584,1646,491626,California
San Mateo,2021-05-13,9758,852411,7340,498405,2321,322605,97,31401,3412,108254,6311,386895,3523,495149,California
San Mateo,2021-05-14,8571,860982,6353,504758,2102,324707,116,31517,2580,104985,5971,392866,2702,497851,California
San Mateo,2021-05-15,10645,871627,8344,513102,2199,326906,102,31619,4712,103903,5917,398783,4835,502686,California
San Mateo,2021-05-16,7295,878922,5212,518314,2012,328918,71,31690,2280,101260,4995,403778,2352,505038,California
San Mateo,2021-05-17,7206,886128,5123,523437,1975,330893,108,31798,2125,98433,5064,408842,2237,507275,California
San Mateo,2021-05-18,8560,894688,5923,529360,2539,333432,98,31896,3061,96224,5374,414216,3165,510440,California
San Mateo,2021-05-19,7926,902614,5913,535273,1891,335323,122,32018,3553,95577,4325,418541,3678,514118,California
San Mateo,2021-05-20,5778,908392,3604,538877,2040,337363,134,32152,2177,94316,3575,422116,2314,516432,California
San Mateo,2021-05-21,7023,915415,4775,543652,2103,339466,145,32297,1866,91191,5136,427252,2011,518443,California
San Mateo,2021-05-22,6355,921770,4325,547977,1963,341429,67,32364,2631,90186,3705,430957,2700,521143,California
San Mateo,2021-05-23,3106,924876,1770,549747,1247,342676,89,32453,1189,89560,1904,432861,1278,522421,California
San Mateo,2021-05-24,3676,928552,2449,552196,1078,343754,149,32602,1224,88502,2429,435290,1371,523792,California
San Mateo,2021-05-25,4786,933338,3013,555209,1593,345347,180,32782,1573,87068,3190,438480,1756,525548,California
San Mateo,2021-05-26,5728,939066,3080,558289,2529,347876,119,32901,1783,85048,3922,442402,1902,527450,California
San Mateo,2021-05-27,3780,942846,2205,560494,1475,349351,100,33001,1197,83784,2556,444958,1292,528742,California
San Mateo,2021-05-28,3514,946360,2203,562697,1226,350577,85,33086,1302,82998,2172,447130,1386,530128,California
San Mateo,2021-05-29,3232,949592,2282,564979,899,351476,51,33137,1233,82311,1970,449100,1283,531411,California
San Mateo,2021-05-30,1643,951235,1112,566091,470,351946,61,33198,647,82033,986,450086,708,532119,California
San Mateo,2021-05-31,441,951676,276,566367,157,352103,8,33206,161,81925,277,450363,169,532288,California
San Mateo,2021-06-01,3343,955019,1976,568343,1272,353375,95,33301,958,80606,2371,452734,1052,533340,California
San Mateo,2021-06-02,2769,957788,1835,570178,856,354231,78,33379,1055,80038,1699,454433,1131,534471,California
San Mateo,2021-06-03,3814,961602,2993,573171,706,354937,115,33494,825,77999,2975,457408,936,535407,California
San Mateo,2021-06-04,4129,965731,3179,576350,856,355793,94,33588,1115,76202,2993,460401,1196,536603,California
San Mateo,2021-06-05,5152,970883,4500,580850,552,356345,100,33688,954,73089,4167,464568,1054,537657,California
San Mateo,2021-06-06,2520,973403,2077,582927,382,356727,61,33749,478,71604,2020,466588,535,538192,California
San Mateo,2021-06-07,3114,976517,2612,585539,419,357146,83,33832,696,69971,2410,468998,777,538969,California
San Mateo,2021-06-08,4088,980605,3454,588993,528,357674,106,33938,972,67969,3081,472079,1079,540048,California
San Mateo,2021-06-09,4139,984744,3564,592557,505,358179,70,34008,622,65154,3504,475583,689,540737,California
San Mateo,2021-06-10,2967,987711,2400,594957,452,358631,115,34123,750,63818,2201,477784,865,541602,California
San Mateo,2021-06-11,2856,990567,2294,597251,449,359080,113,34236,916,62917,1929,479713,1028,542630,California
San Mateo,2021-06-12,3144,993711,2803,600054,260,359340,81,34317,767,61402,2363,482076,848,543478,California
San Mateo,2021-06-13,1434,995145,1081,601135,290,359630,63,34380,349,60744,1070,483146,412,543890,California
San Mateo,2021-06-14,2432,997577,2102,603237,247,359877,83,34463,690,59808,1709,484855,773,544663,California
San Mateo,2021-06-15,2263,999840,1797,605034,345,360222,121,34584,681,59045,1564,486419,801,545464,California
San Mateo,2021-06-16,2442,1002282,2024,607058,261,360483,157,34741,701,58200,1698,488117,853,546317,California
San Mateo,2021-06-17,1944,1004226,1607,608665,249,360732,88,34829,686,57766,1208,489325,774,547091,California
San Mateo,2021-06-18,2116,1006342,1774,610439,264,360996,78,34907,613,56969,1484,490809,687,547778,California
San Mateo,2021-06-19,1785,1008127,1561,612000,163,361159,61,34968,588,56491,1125,491934,647,548425,California
San Mateo,2021-06-20,768,1008895,697,612697,60,361219,11,34979,286,56340,448,492382,297,548722,California
San Mateo,2021-06-21,1250,1010145,935,613632,240,361459,75,35054,607,56387,637,493019,684,549406,California
San Mateo,2021-06-22,1595,1011740,1291,614923,208,361667,96,35150,598,56100,980,493999,693,550099,California
San Mateo,2021-06-23,1851,1013591,1570,616493,178,361845,103,35253,622,55629,1196,495195,725,550824,California
San Mateo,2021-06-24,1462,1015053,1088,617581,273,362118,101,35354,536,55355,908,496103,634,551458,California
San Mateo,2021-06-25,1777,1016830,1479,619060,221,362339,77,35431,662,54990,1104,497207,739,552197,California
San Mateo,2021-06-26,1241,1018071,1046,620106,137,362476,58,35489,495,54812,730,497937,552,552749,California
San Mateo,2021-06-27,655,1018726,532,620638,77,362553,46,35535,290,54784,364,498301,336,553085,California
San Mateo,2021-06-28,1251,1019977,1070,621708,105,362658,76,35611,496,54613,742,499043,571,553656,California
San Mateo,2021-06-29,1426,1021403,1150,622858,195,362853,81,35692,489,54251,928,499971,566,554222,California
San Mateo,2021-06-30,1258,1022661,1031,623889,127,362980,100,35792,561,54226,685,500656,660,554882,California
San Mateo,2021-07-01,1198,1023859,1022,624911,118,363098,58,35850,484,54076,692,501348,542,555424,California
San Mateo,2021-07-02,1397,1025256,1165,626076,160,363258,72,35922,528,53816,860,502208,600,556024,California
San Mateo,2021-07-03,709,1025965,593,626669,77,363335,39,35961,268,53684,437,502645,305,556329,California
Santa Barbara,2020-12-15,2,2,2,2,0,0,0,0,2,2,0,0,2,2,California
Santa Barbara,2020-12-16,2,4,2,4,0,0,0,0,2,4,0,0,2,4,California
Santa Barbara,2020-12-17,56,60,56,60,0,0,0,0,56,60,0,0,56,60,California
Santa Barbara,2020-12-18,382,442,381,441,1,1,0,0,382,442,0,0,382,442,California
Santa Barbara,2020-12-19,325,767,325,766,0,1,0,0,325,767,0,0,325,767,California
Santa Barbara,2020-12-20,235,1002,235,1001,0,1,0,0,235,1002,0,0,235,1002,California
Santa Barbara,2020-12-21,657,1659,655,1656,2,3,0,0,657,1659,0,0,657,1659,California
Santa Barbara,2020-12-22,247,1906,245,1901,2,5,0,0,247,1906,0,0,247,1906,California
Santa Barbara,2020-12-23,325,2231,207,2108,118,123,0,0,325,2231,0,0,325,2231,California
Santa Barbara,2020-12-24,88,2319,40,2148,48,171,0,0,88,2319,0,0,88,2319,California
Santa Barbara,2020-12-26,326,2645,66,2214,260,431,0,0,326,2645,0,0,326,2645,California
Santa Barbara,2020-12-27,62,2707,1,2215,61,492,0,0,62,2707,0,0,62,2707,California
Santa Barbara,2020-12-28,357,3064,224,2439,133,625,0,0,357,3064,0,0,357,3064,California
Santa Barbara,2020-12-29,562,3626,359,2798,203,828,0,0,562,3626,0,0,562,3626,California
Santa Barbara,2020-12-30,579,4205,396,3194,183,1011,0,0,579,4205,0,0,579,4205,California
Santa Barbara,2020-12-31,242,4447,114,3308,128,1139,0,0,242,4447,0,0,242,4447,California
Santa Barbara,2021-01-01,117,4564,111,3419,6,1145,0,0,117,4564,0,0,117,4564,California
Santa Barbara,2021-01-02,598,5162,232,3651,366,1511,0,0,598,5162,0,0,598,5162,California
Santa Barbara,2021-01-03,23,5185,15,3666,8,1519,0,0,23,5185,0,0,23,5185,California
Santa Barbara,2021-01-04,305,5490,242,3908,63,1582,0,0,304,5489,0,0,304,5489,California
Santa Barbara,2021-01-05,755,6245,380,4288,375,1957,0,0,727,6188,28,28,727,6216,California
Santa Barbara,2021-01-06,658,6903,276,4564,382,2339,0,0,597,6725,60,88,597,6813,California
Santa Barbara,2021-01-07,1032,7935,709,5273,323,2662,0,0,528,6753,500,588,528,7341,California
Santa Barbara,2021-01-08,1208,9143,850,6123,358,3020,0,0,713,6971,495,1083,713,8054,California
Santa Barbara,2021-01-09,561,9704,292,6415,269,3289,0,0,316,7042,245,1328,316,8370,California
Santa Barbara,2021-01-10,64,9768,51,6466,13,3302,0,0,47,7072,17,1345,47,8417,California
Santa Barbara,2021-01-11,848,10616,678,7144,170,3472,0,0,619,7463,228,1573,619,9036,California
Santa Barbara,2021-01-12,1445,12061,648,7792,797,4269,0,0,1285,8588,160,1733,1285,10321,California
Santa Barbara,2021-01-13,1223,13284,270,8062,953,5222,0,0,1096,9557,127,1860,1096,11417,California
Santa Barbara,2021-01-14,1260,14544,140,8202,1120,6342,0,0,1204,10707,55,1915,1205,12622,California
Santa Barbara,2021-01-15,1806,16350,420,8622,1386,7728,0,0,1723,12349,81,1996,1723,14345,California
Santa Barbara,2021-01-16,1277,17627,203,8825,1074,8802,0,0,1237,13547,39,2035,1237,15582,California
Santa Barbara,2021-01-17,126,17753,23,8848,103,8905,0,0,123,13667,3,2038,123,15705,California
Santa Barbara,2021-01-18,1153,18906,419,9267,734,9639,0,0,968,14450,185,2223,968,16673,California
Santa Barbara,2021-01-19,1645,20551,570,9837,1075,10714,0,0,1365,15538,277,2500,1365,18038,California
Santa Barbara,2021-01-20,2223,22774,655,10492,1568,12282,0,0,1802,16920,420,2920,1802,19840,California
Santa Barbara,2021-01-21,3203,25977,1920,12412,1283,13565,0,0,3041,19801,162,3082,3043,22883,California
Santa Barbara,2021-01-22,2952,28929,1795,14207,1157,14722,0,0,2780,22413,169,3251,2781,25664,California
Santa Barbara,2021-01-23,1740,30669,1106,15313,634,15356,0,0,1224,23122,515,3766,1224,26888,California
Santa Barbara,2021-01-24,846,31515,749,16062,97,15453,0,0,835,23947,10,3776,835,27723,California
Santa Barbara,2021-01-25,1240,32755,493,16555,747,16200,0,0,1004,24715,236,4012,1004,28727,California
Santa Barbara,2021-01-26,2051,34806,465,17020,1586,17786,0,0,1668,26002,381,4393,1668,30395,California
Santa Barbara,2021-01-27,1169,35975,398,17418,771,18557,0,0,907,26650,261,4654,909,31304,California
Santa Barbara,2021-01-28,899,36874,296,17714,603,19160,0,0,683,27121,212,4866,683,31987,California
Santa Barbara,2021-01-29,1346,38220,526,18240,820,19980,0,0,982,27745,360,5226,984,32971,California
Santa Barbara,2021-01-30,1905,40125,1417,19657,488,20468,0,0,1487,28817,415,5641,1487,34458,California
Santa Barbara,2021-01-31,1455,41580,1213,20870,242,20710,0,0,1416,30194,39,5680,1416,35874,California
Santa Barbara,2021-02-01,947,42527,519,21389,428,21138,0,0,548,30343,399,6079,548,36422,California
Santa Barbara,2021-02-02,1812,44339,683,22072,1129,22267,0,0,1043,30619,767,6846,1043,37465,California
Santa Barbara,2021-02-03,1961,46300,1081,23153,880,23147,0,0,1511,31690,440,7286,1511,38976,California
Santa Barbara,2021-02-04,2804,49104,1876,25029,928,24075,0,0,2504,33900,294,7580,2504,41480,California
Santa Barbara,2021-02-05,2928,52032,2082,27111,846,24921,0,0,2282,35539,643,8223,2282,43762,California
Santa Barbara,2021-02-06,1207,53239,341,27452,866,25787,0,0,797,35926,410,8633,797,44559,California
Santa Barbara,2021-02-07,311,53550,268,27720,43,25830,0,0,272,36161,37,8670,272,44831,California
Santa Barbara,2021-02-08,957,54507,311,28031,646,26476,0,0,667,36538,290,8960,667,45498,California
Santa Barbara,2021-02-09,2452,56959,315,28346,2137,28613,0,0,1123,36343,1318,10278,1123,46621,California
Santa Barbara,2021-02-10,2778,59737,1502,29848,1276,29889,0,0,745,35069,2020,12298,746,47367,California
Santa Barbara,2021-02-11,4212,63949,2820,32668,1392,31281,0,0,632,32134,3567,15865,632,47999,California
Santa Barbara,2021-02-12,3321,67270,950,33618,2371,33652,0,0,773,30365,2542,18407,773,48772,California
Santa Barbara,2021-02-13,1245,68515,345,33963,900,34552,0,0,565,30252,678,19085,565,49337,California
Santa Barbara,2021-02-14,335,68850,37,34000,298,34850,0,0,288,30494,47,19132,289,49626,California
Santa Barbara,2021-02-15,983,69833,347,34347,636,35486,0,0,498,30511,482,19614,499,50125,California
Santa Barbara,2021-02-16,2133,71966,408,34755,1725,37211,0,0,725,29832,1404,21018,725,50850,California
Santa Barbara,2021-02-17,1453,73419,327,35082,1126,38337,0,0,522,29430,927,21945,525,51375,California
Santa Barbara,2021-02-18,3278,76697,2669,37751,609,38946,0,0,1526,29244,1713,23658,1527,52902,California
Santa Barbara,2021-02-19,3620,80317,2656,40407,964,39910,0,0,2341,30310,1276,24934,2342,55244,California
Santa Barbara,2021-02-20,2329,82646,1523,41930,806,40716,0,0,1755,31501,564,25498,1755,56999,California
Santa Barbara,2021-02-21,143,82789,114,42044,29,40745,0,0,63,31486,78,25576,63,57062,California
Santa Barbara,2021-02-22,974,83763,263,42307,711,41456,0,0,282,31079,689,26265,282,57344,California
Santa Barbara,2021-02-23,3271,87034,1110,43417,2161,43617,0,0,435,28682,2833,29098,436,57780,California
Santa Barbara,2021-02-24,3303,90337,1137,44554,2166,45783,0,0,745,26879,2548,31646,745,58525,California
Santa Barbara,2021-02-25,3475,93812,1926,46480,1549,47332,0,0,999,25414,2468,34114,1003,59528,California
Santa Barbara,2021-02-26,3683,97495,2182,48662,1501,48833,0,0,1983,25708,1690,35804,1984,61512,California
Santa Barbara,2021-02-27,1545,99040,568,49230,977,49810,0,0,862,25896,679,36483,867,62379,California
Santa Barbara,2021-02-28,1096,100136,223,49453,873,50683,0,0,897,26602,193,36676,899,63278,California
Santa Barbara,2021-03-01,1670,101806,488,49941,1180,51863,2,2,1108,27168,545,37221,1111,64389,California
Santa Barbara,2021-03-02,2671,104477,427,50368,2244,54107,0,2,2164,28840,494,37715,2166,66555,California
Santa Barbara,2021-03-03,4651,109128,2107,52475,2542,56649,2,4,4049,32305,591,38306,4056,70611,California
Santa Barbara,2021-03-04,3442,112570,2291,54766,1151,57800,0,4,2875,34624,558,38864,2877,73488,California
Santa Barbara,2021-03-05,3834,116404,2172,56938,1603,59403,59,63,3102,37060,726,39590,3162,76650,California
Santa Barbara,2021-03-06,2443,118847,735,57673,1491,60894,217,280,1678,38192,760,40350,1892,78542,California
Santa Barbara,2021-03-07,566,119413,122,57795,312,61206,132,412,383,38526,182,40532,516,79058,California
Santa Barbara,2021-03-08,1586,120999,382,58177,861,62067,343,755,800,38890,779,41311,1143,80201,California
Santa Barbara,2021-03-09,2799,123798,346,58523,1686,63753,767,1522,746,38349,2049,43360,1508,81709,California
Santa Barbara,2021-03-10,2775,126573,555,59078,1167,64920,1053,2575,1048,38724,1722,45082,2097,83806,California
Santa Barbara,2021-03-11,5595,132168,3038,62116,1441,66361,1116,3691,2283,38821,3295,48377,3392,87198,California
Santa Barbara,2021-03-12,3710,135878,2113,64229,1162,67523,435,4126,2180,39911,1522,49899,2612,89810,California
Santa Barbara,2021-03-13,3508,139386,1943,66172,1359,68882,206,4332,2698,42009,806,50705,2904,92714,California
Santa Barbara,2021-03-14,816,140202,397,66569,362,69244,57,4389,492,42236,323,51028,550,93264,California
Santa Barbara,2021-03-15,2124,142326,701,67270,1132,70376,291,4680,1274,42957,842,51870,1563,94827,California
Santa Barbara,2021-03-16,3737,146063,1185,68455,2209,72585,343,5023,2737,45043,995,52865,3081,97908,California
Santa Barbara,2021-03-17,3328,149391,980,69435,1943,74528,405,5428,2332,46782,993,53858,2732,100640,California
Santa Barbara,2021-03-18,5271,154662,2802,72237,2267,76795,202,5630,4043,49815,1212,55070,4245,104885,California
Santa Barbara,2021-03-19,4487,159149,2778,75015,1375,78170,334,5964,3070,51806,1412,56482,3403,108288,California
Santa Barbara,2021-03-20,2235,161384,842,75857,1370,79540,23,5987,1367,52334,864,57346,1392,109680,California
Santa Barbara,2021-03-21,1183,162567,386,76243,767,80307,30,6017,852,52890,327,57673,883,110563,California
Santa Barbara,2021-03-22,2789,165356,1921,78164,824,81131,44,6061,2221,54598,558,58231,2266,112829,California
Santa Barbara,2021-03-23,4469,169825,2254,80418,2114,83245,101,6162,3693,57624,766,58997,3792,116621,California
Santa Barbara,2021-03-24,5436,175261,3153,83571,1520,84765,763,6925,2968,58904,2445,61442,3725,120346,California
Santa Barbara,2021-03-25,5571,180832,3274,86845,2100,86865,197,7122,2781,59110,2772,64214,2978,123324,California
Santa Barbara,2021-03-26,5109,185941,3231,90076,1572,88437,306,7428,2230,58784,2862,67076,2536,125860,California
Santa Barbara,2021-03-27,2966,188907,1225,91301,1698,90135,43,7471,1623,59109,1339,68415,1664,127524,California
Santa Barbara,2021-03-28,2792,191699,1658,92959,1106,91241,28,7499,1902,60154,886,69301,1931,129455,California
Santa Barbara,2021-03-29,4046,195745,2085,95044,1889,93130,72,7571,3224,62632,818,70119,3296,132751,California
Santa Barbara,2021-03-30,6801,202546,3512,98556,3138,96268,151,7722,4530,65055,2255,72374,4678,137429,California
Santa Barbara,2021-03-31,8686,211232,5528,104084,3090,99358,68,7790,5028,66515,3636,76010,5096,142525,California
Santa Barbara,2021-04-01,7065,218297,5218,109302,1586,100944,261,8051,4175,68086,2865,78875,4436,146961,California
Santa Barbara,2021-04-02,6656,224953,4559,113861,1502,102446,595,8646,3422,68877,3225,82100,4016,150977,California
Santa Barbara,2021-04-03,3818,228771,2112,115973,1634,104080,72,8718,2519,70173,1292,83392,2588,153565,California
Santa Barbara,2021-04-04,904,229675,446,116419,417,104497,41,8759,500,70312,402,83794,541,154106,California
Santa Barbara,2021-04-05,3483,233158,2298,118717,926,105423,259,9018,2178,71453,1296,85090,2437,156543,California
Santa Barbara,2021-04-06,5505,238663,2838,121555,2115,107538,552,9570,3358,73232,2127,87217,3906,160449,California
Santa Barbara,2021-04-07,6028,244691,3291,124846,2195,109733,542,10112,4089,75932,1930,89147,4630,165079,California
Santa Barbara,2021-04-08,7430,252121,5047,129893,654,110387,1729,11841,3429,77092,3993,93140,5153,170232,California
Santa Barbara,2021-04-09,7343,259464,4887,134780,1094,111481,1362,13203,3307,77729,4025,97165,4662,174894,California
Santa Barbara,2021-04-10,6714,266178,4652,139432,1443,112924,619,13822,4564,80768,2141,99306,5180,180074,California
Santa Barbara,2021-04-11,2682,268860,1966,141398,413,113337,303,14125,1856,82101,820,100126,2153,182227,California
Santa Barbara,2021-04-12,4432,273292,2849,144247,1028,114365,555,14680,1917,82065,2507,102633,2471,184698,California
Santa Barbara,2021-04-13,6387,279679,4190,148437,2191,116556,6,14686,2661,81010,3721,106354,2666,187364,California
Santa Barbara,2021-04-14,6812,286491,4422,152859,2388,118944,2,14688,4244,82700,2557,108911,4247,191611,California
Santa Barbara,2021-04-15,7016,293507,4110,156969,2905,121849,1,14689,3775,83248,3229,112140,3777,195388,California
Santa Barbara,2021-04-16,6430,299937,3775,160744,2644,124493,11,14700,4424,85696,1986,114126,4434,199822,California
Santa Barbara,2021-04-17,5361,305298,3882,164626,1479,125972,0,14700,4098,88546,1248,115374,4098,203920,California
Santa Barbara,2021-04-18,2196,307494,1534,166160,662,126634,0,14700,381,87119,1809,117183,382,204302,California
Santa Barbara,2021-04-19,3278,310772,2260,168420,1012,127646,6,14706,1036,85928,2234,119417,1043,205345,California
Santa Barbara,2021-04-20,5975,316747,4001,172421,1973,129619,1,14707,1692,83353,4267,123684,1692,207037,California
Santa Barbara,2021-04-21,5569,322316,3683,176104,1886,131505,0,14707,1781,81366,3770,127454,1783,208820,California
Santa Barbara,2021-04-22,5148,327464,2601,178705,2546,134051,1,14708,1481,79202,3648,131102,1484,210304,California
Santa Barbara,2021-04-23,5627,333091,3897,182602,1730,135781,0,14708,1991,77572,3621,134723,1991,212295,California
Santa Barbara,2021-04-24,4424,337515,2871,185473,1548,137329,5,14713,1632,76437,2773,137496,1638,213933,California
Santa Barbara,2021-04-25,1844,339359,1184,186657,660,137989,0,14713,498,75599,1336,138832,498,214431,California
Santa Barbara,2021-04-26,3256,342615,1989,188646,1246,139235,21,14734,560,73492,2689,141521,582,215013,California
Santa Barbara,2021-04-27,3988,346603,2192,190838,1694,140929,102,14836,1177,71970,2801,144322,1279,216292,California
Santa Barbara,2021-04-28,4927,351530,2875,193713,1936,142865,116,14952,1398,69975,3513,147835,1518,217810,California
Santa Barbara,2021-04-29,5272,356802,3816,197529,1229,144094,227,15179,1435,67815,3820,151655,1660,219470,California
Santa Barbara,2021-04-30,4967,361769,3713,201242,1090,145184,164,15343,1410,65849,3539,155194,1573,221043,California
Santa Barbara,2021-05-01,5248,367017,4050,205292,1164,146348,34,15377,892,62437,4340,159534,928,221971,California
Santa Barbara,2021-05-02,1131,368148,668,205960,335,146683,128,15505,304,62043,826,160360,432,222403,California
Santa Barbara,2021-05-03,2203,370351,1476,207436,589,147272,138,15643,441,60864,1755,162115,576,222979,California
Santa Barbara,2021-05-04,3317,373668,1693,209129,1552,148824,72,15715,1149,59931,2153,164268,1220,224199,California
Santa Barbara,2021-05-05,5457,379125,3684,212813,1626,150450,147,15862,633,55903,4810,169078,782,224981,California
Santa Barbara,2021-05-06,5080,384205,3928,216741,1047,151497,105,15967,970,52885,4093,173171,1075,226056,California
Santa Barbara,2021-05-07,4663,388868,3643,220384,840,152337,180,16147,996,50407,3651,176822,1173,227229,California
Santa Barbara,2021-05-08,4303,393171,3190,223574,1015,153352,98,16245,907,48029,3384,180206,1006,228235,California
Santa Barbara,2021-05-09,702,393873,111,223685,551,153903,40,16285,463,48295,238,180444,504,228739,California
Santa Barbara,2021-05-10,1360,395233,657,224342,619,154522,84,16369,376,47773,981,181425,459,229198,California
Santa Barbara,2021-05-11,1934,397167,839,225181,799,155321,296,16665,443,47028,1481,182906,736,229934,California
Santa Barbara,2021-05-12,2084,399251,744,225925,1116,156437,224,16889,524,46229,1547,184453,748,230682,California
Santa Barbara,2021-05-13,3894,403145,2788,228713,908,157345,198,17087,1235,45015,2646,187099,1432,232114,California
Santa Barbara,2021-05-14,4151,407296,2525,231238,1532,158877,94,17181,1616,44204,2520,189619,1709,233823,California
Santa Barbara,2021-05-15,3523,410819,2562,233800,942,159819,19,17200,1844,44401,1667,191286,1864,235687,California
Santa Barbara,2021-05-16,1137,411956,521,234321,501,160320,115,17315,528,44441,603,191889,643,236330,California
Santa Barbara,2021-05-17,1641,413597,936,235257,642,160962,63,17378,862,44592,773,192662,924,237254,California
Santa Barbara,2021-05-18,1856,415453,1160,236417,601,161563,95,17473,974,44796,866,193528,1070,238324,California
Santa Barbara,2021-05-19,1769,417222,975,237392,754,162317,40,17513,808,44691,952,194480,847,239171,California
Santa Barbara,2021-05-20,1750,418972,952,238344,679,162996,119,17632,877,44827,861,195341,997,240168,California
Santa Barbara,2021-05-21,3460,422432,2340,240684,1066,164062,54,17686,1256,43949,2189,197530,1311,241479,California
Santa Barbara,2021-05-22,2467,424899,1705,242389,718,164780,44,17730,1397,44329,1062,198592,1442,242921,California
Santa Barbara,2021-05-23,764,425663,339,242728,395,165175,30,17760,413,44422,350,198942,443,243364,California
Santa Barbara,2021-05-24,1007,426670,588,243316,356,165531,63,17823,484,44451,518,199460,547,243911,California
Santa Barbara,2021-05-25,1405,428075,568,243884,768,166299,69,17892,462,44045,937,200397,531,244442,California
Santa Barbara,2021-05-26,3011,431086,1709,245593,1180,167479,122,18014,838,42846,2158,202555,959,245401,California
Santa Barbara,2021-05-27,1954,433040,1212,246805,600,168079,142,18156,826,42694,1121,203676,969,246370,California
Santa Barbara,2021-05-28,1505,434545,698,247503,655,168734,152,18308,614,42572,888,204564,766,247136,California
Santa Barbara,2021-05-29,903,435448,318,247821,548,169282,37,18345,363,42435,537,205101,400,247536,California
Santa Barbara,2021-05-30,509,435957,179,248000,231,169513,99,18444,184,42394,323,205424,282,247818,California
Santa Barbara,2021-05-31,95,436052,42,248042,43,169556,10,18454,22,42353,72,205496,31,247849,California
Santa Barbara,2021-06-01,1132,437184,592,248634,482,170038,58,18512,441,42167,685,206181,499,248348,California
Santa Barbara,2021-06-02,980,438164,585,249219,312,170350,83,18595,423,42119,553,206734,505,248853,California
Santa Barbara,2021-06-03,2057,440221,1546,250765,454,170804,57,18652,614,41352,1435,208169,668,249521,California
Santa Barbara,2021-06-04,1456,441677,670,251435,646,171450,140,18792,487,41015,960,209129,623,250144,California
Santa Barbara,2021-06-05,2915,444592,2211,253646,652,172102,52,18844,483,39128,2421,211550,534,250678,California
Santa Barbara,2021-06-06,913,445505,482,254128,412,172514,19,18863,228,38693,682,212232,247,250925,California
Santa Barbara,2021-06-07,1167,446672,832,254960,283,172797,52,18915,298,38177,866,213098,350,251275,California
Santa Barbara,2021-06-08,1111,447783,711,255671,368,173165,32,18947,291,37685,814,213912,322,251597,California
Santa Barbara,2021-06-09,1021,448804,695,256366,241,173406,85,19032,315,37382,703,214615,400,251997,California
Santa Barbara,2021-06-10,2387,451191,2073,258439,243,173649,71,19103,524,36117,1860,216475,595,252592,California
Santa Barbara,2021-06-11,1308,452499,606,259045,598,174247,104,19207,391,35701,911,217386,495,253087,California
Santa Barbara,2021-06-12,889,453388,598,259643,268,174515,23,19230,233,35308,648,218034,255,253342,California
Santa Barbara,2021-06-13,487,453875,299,259942,91,174606,97,19327,127,35174,358,218392,224,253566,California
Santa Barbara,2021-06-14,1254,455129,856,260798,322,174928,76,19403,334,34672,912,219304,410,253976,California
Santa Barbara,2021-06-15,1144,456273,755,261553,354,175282,35,19438,396,34362,741,220045,431,254407,California
Santa Barbara,2021-06-16,932,457205,646,262199,239,175521,47,19485,352,34185,574,220619,397,254804,California
Santa Barbara,2021-06-17,1874,459079,1544,263743,241,175762,89,19574,622,33646,1249,221868,710,255514,California
Santa Barbara,2021-06-18,1109,460188,715,264458,295,176057,99,19673,363,33366,742,222610,462,255976,California
Santa Barbara,2021-06-19,540,460728,363,264821,145,176202,32,19705,250,33361,287,222897,282,256258,California
Santa Barbara,2021-06-20,369,461097,211,265032,148,176350,10,19715,153,33308,215,223112,162,256420,California
Santa Barbara,2021-06-21,527,461624,264,265296,210,176560,53,19768,275,33389,247,223359,328,256748,California
Santa Barbara,2021-06-22,764,462388,495,265791,238,176798,31,19799,298,33255,462,223821,328,257076,California
Santa Barbara,2021-06-23,778,463166,563,266354,183,176981,32,19831,333,33179,440,224261,364,257440,California
Santa Barbara,2021-06-24,1355,464521,1147,267501,150,177131,58,19889,579,33045,769,225030,635,258075,California
Santa Barbara,2021-06-25,970,465491,616,268117,292,177423,62,19951,448,33036,518,225548,509,258584,California
Santa Barbara,2021-06-26,508,465999,355,268472,122,177545,31,19982,201,32961,307,225855,232,258816,California
Santa Barbara,2021-06-27,391,466390,256,268728,73,177618,62,20044,188,33012,199,226054,250,259066,California
Santa Barbara,2021-06-28,466,466856,305,269033,127,177745,34,20078,237,33054,229,226283,271,259337,California
Santa Barbara,2021-06-29,556,467412,377,269410,164,177909,15,20093,267,33052,283,226566,281,259618,California
Santa Barbara,2021-06-30,648,468060,460,269870,149,178058,39,20132,313,33078,326,226892,352,259970,California
Santa Barbara,2021-07-01,1063,469123,795,270665,119,178177,149,20281,413,32991,648,227540,561,260531,California
Santa Barbara,2021-07-02,730,469853,498,271163,177,178354,55,20336,366,33050,362,227902,421,260952,California
Santa Barbara,2021-07-03,238,470091,149,271312,86,178440,3,20339,100,33018,135,228037,103,261055,California
Santa Clara,2020-12-15,71,71,71,71,0,0,0,0,71,71,0,0,71,71,California
Santa Clara,2020-12-16,152,223,152,223,0,0,0,0,152,223,0,0,152,223,California
Santa Clara,2020-12-17,408,631,408,631,0,0,0,0,408,631,0,0,408,631,California
Santa Clara,2020-12-18,1756,2387,1756,2387,0,0,0,0,1756,2387,0,0,1756,2387,California
Santa Clara,2020-12-19,2077,4464,2077,4464,0,0,0,0,2076,4463,0,0,2076,4463,California
Santa Clara,2020-12-20,1905,6369,1904,6368,1,1,0,0,1902,6365,0,0,1902,6365,California
Santa Clara,2020-12-21,2675,9044,2675,9043,0,1,0,0,2672,9036,1,1,2672,9037,California
Santa Clara,2020-12-22,3129,12173,3122,12165,7,8,0,0,3124,12158,2,3,3124,12161,California
Santa Clara,2020-12-23,3277,15450,3087,15252,190,198,0,0,3274,15431,1,4,3274,15435,California
Santa Clara,2020-12-24,1890,17340,1699,16951,191,389,0,0,1883,17312,2,6,1883,17318,California
Santa Clara,2020-12-25,349,17689,348,17299,1,390,0,0,349,17661,0,6,349,17667,California
Santa Clara,2020-12-26,1276,18965,1041,18340,235,625,0,0,1275,18936,0,6,1275,18942,California
Santa Clara,2020-12-27,659,19624,516,18856,143,768,0,0,659,19595,0,6,659,19601,California
Santa Clara,2020-12-28,2352,21976,1741,20597,611,1379,0,0,2352,21947,0,6,2352,21953,California
Santa Clara,2020-12-29,2376,24352,1510,22107,866,2245,0,0,2374,24321,0,6,2374,24327,California
Santa Clara,2020-12-30,2995,27347,1896,24003,1099,3344,0,0,2992,27310,3,9,2992,27319,California
Santa Clara,2020-12-31,1238,28585,399,24402,839,4183,0,0,1237,28546,1,10,1237,28556,California
Santa Clara,2021-01-01,151,28736,15,24417,136,4319,0,0,150,28695,1,11,150,28706,California
Santa Clara,2021-01-02,1098,29834,820,25237,278,4597,0,0,1098,29793,0,11,1098,29804,California
Santa Clara,2021-01-03,589,30423,372,25609,217,4814,0,0,584,30374,3,14,584,30388,California
Santa Clara,2021-01-04,2486,32909,1681,27290,805,5619,0,0,2483,32857,0,14,2483,32871,California
Santa Clara,2021-01-05,3104,36013,2035,29325,1069,6688,0,0,2910,35580,193,207,2916,35787,California
Santa Clara,2021-01-06,3369,39382,1994,31319,1375,8063,0,0,2761,37740,603,810,2763,38550,California
Santa Clara,2021-01-07,4241,43623,2578,33897,1663,9726,0,0,3153,39823,1077,1887,3160,41710,California
Santa Clara,2021-01-08,5892,49515,3856,37753,2036,11762,0,0,3774,41488,2109,3996,3774,45484,California
Santa Clara,2021-01-09,3040,52555,1918,39671,1122,12884,0,0,1717,41888,1320,5316,1720,47204,California
Santa Clara,2021-01-10,1973,54528,1523,41194,450,13334,0,0,752,41421,1219,6535,752,47956,California
Santa Clara,2021-01-11,6000,60528,3794,44988,2206,15540,0,0,3403,42236,2594,9129,3409,51365,California
Santa Clara,2021-01-12,6911,67439,3507,48495,3404,18944,0,0,4572,44485,2324,11453,4573,55938,California
Santa Clara,2021-01-13,7477,74916,3143,51638,4334,23278,0,0,5220,47453,2253,13706,5221,61159,California
Santa Clara,2021-01-14,8317,83233,2871,54509,5446,28724,0,0,6515,52177,1793,15499,6517,67676,California
Santa Clara,2021-01-15,9566,92799,2771,57280,6795,35519,0,0,8159,58940,1401,16900,8164,75840,California
Santa Clara,2021-01-16,4360,97159,1258,58538,3102,38621,0,0,3499,61582,857,17757,3499,79339,California
Santa Clara,2021-01-17,3245,100404,619,59157,2626,41247,0,0,2734,63809,507,18264,2734,82073,California
Santa Clara,2021-01-18,5124,105528,1178,60335,3946,45193,0,0,4559,67804,565,18829,4560,86633,California
Santa Clara,2021-01-19,8523,114051,2706,63041,5817,51010,0,0,6820,72928,1699,20528,6823,93456,California
Santa Clara,2021-01-20,8454,122505,4454,67495,4000,55010,0,0,6884,78247,1565,22093,6884,100340,California
Santa Clara,2021-01-21,8921,131426,3951,71446,4970,59980,0,0,7634,84601,1282,23375,7636,107976,California
Santa Clara,2021-01-22,8743,140169,3311,74757,5432,65412,0,0,8161,92187,578,23953,8164,116140,California
Santa Clara,2021-01-23,3809,143978,1684,76441,2125,67537,0,0,2839,94057,970,24923,2840,118980,California
Santa Clara,2021-01-24,2852,146830,1431,77872,1421,68958,0,0,2356,95922,491,25414,2356,121336,California
Santa Clara,2021-01-25,8412,155242,3810,81682,4602,73560,0,0,6322,100164,2082,27496,6324,127660,California
Santa Clara,2021-01-26,8326,163568,3796,85478,4530,78090,0,0,6171,104194,2144,29640,6174,133834,California
Santa Clara,2021-01-27,8817,172385,3888,89366,4929,83019,0,0,6868,109135,1928,31568,6869,140703,California
Santa Clara,2021-01-28,9555,181940,3828,93194,5727,88746,0,0,7553,114712,1981,33549,7558,148261,California
Santa Clara,2021-01-29,9617,191557,3967,97161,5650,94396,0,0,7414,119937,2190,35739,7415,155676,California
Santa Clara,2021-01-30,4212,195769,2094,99255,2118,96514,0,0,2983,121701,1220,36959,2984,158660,California
Santa Clara,2021-01-31,2202,197971,1321,100576,881,97395,0,0,1593,122692,602,37561,1593,160253,California
Santa Clara,2021-02-01,7879,205850,3515,104091,4364,101759,0,0,6160,127148,1706,39267,6162,166415,California
Santa Clara,2021-02-02,8670,214520,2902,106993,5768,107527,0,0,6618,131727,2042,41309,6621,173036,California
Santa Clara,2021-02-03,9296,223816,3505,110498,5791,113318,0,0,6983,136409,2307,43616,6989,180025,California
Santa Clara,2021-02-04,11043,234859,4181,114679,6862,120180,0,0,8711,142804,2320,45936,8715,188740,California
Santa Clara,2021-02-05,12030,246889,4385,119064,7645,127825,0,0,8538,147869,3474,49410,8539,197279,California
Santa Clara,2021-02-06,5232,252121,2841,121905,2391,130216,0,0,4046,150736,1181,50591,4048,201327,California
Santa Clara,2021-02-07,3491,255612,2358,124263,1133,131349,0,0,3032,153313,456,51047,3033,204360,California
Santa Clara,2021-02-08,10076,265688,3531,127794,6545,137894,0,0,7333,157916,2731,53778,7334,211694,California
Santa Clara,2021-02-09,11232,276920,3838,131632,7394,145288,0,0,7702,162108,3514,57292,7706,219400,California
Santa Clara,2021-02-10,12796,289716,4967,136599,7829,153117,0,0,6636,162607,6141,63433,6640,226040,California
Santa Clara,2021-02-11,13654,303370,4788,141387,8866,161983,0,0,7659,164292,5976,69409,7661,233701,California
Santa Clara,2021-02-12,14709,318079,4542,145929,10167,172150,0,0,6991,163593,7692,77101,6993,240694,California
Santa Clara,2021-02-13,6176,324255,1501,147430,4675,176825,0,0,2247,161922,3920,81021,2249,242943,California
Santa Clara,2021-02-14,4656,328911,1165,148595,3491,180316,0,0,1480,160232,3172,84193,1482,244425,California
Santa Clara,2021-02-15,6333,335244,2826,151421,3507,183823,0,0,2733,159375,3591,87784,2734,247159,California
Santa Clara,2021-02-16,13918,349162,4034,155455,9884,193707,0,0,6980,159441,6915,94699,6981,254140,California
Santa Clara,2021-02-17,14166,363328,5563,161018,8603,202310,0,0,7053,159409,7091,101790,7059,261199,California
Santa Clara,2021-02-18,14362,377690,8470,169488,5892,208202,0,0,7312,159723,7002,108792,7316,268515,California
Santa Clara,2021-02-19,15039,392729,9659,179147,5380,213582,0,0,8734,162182,6282,115074,8741,277256,California
Santa Clara,2021-02-20,7071,399800,5296,184443,1775,215357,0,0,3797,162723,3257,118331,3798,281054,California
Santa Clara,2021-02-21,3442,403242,2564,187007,878,216235,0,0,1285,161872,2138,120469,1287,282341,California
Santa Clara,2021-02-22,10790,414032,6431,193438,4359,220594,0,0,5001,161115,5759,126228,5002,287343,California
Santa Clara,2021-02-23,12492,426524,8063,201501,4429,225023,0,0,7058,162768,5409,131637,7062,294405,California
Santa Clara,2021-02-24,14751,441275,9481,210982,5270,230293,0,0,9068,166176,5660,137297,9068,303473,California
Santa Clara,2021-02-25,15274,456549,9731,220713,5543,235836,0,0,8321,167582,6923,144220,8329,311802,California
Santa Clara,2021-02-26,15020,471569,8703,229416,6317,242153,0,0,8174,168950,6813,151033,8181,319983,California
Santa Clara,2021-02-27,8322,479891,5738,235154,2583,244736,1,1,4642,169931,3669,154702,4650,324633,California
Santa Clara,2021-02-28,5384,485275,3678,238832,1706,246442,0,1,2671,169907,2696,157398,2672,327305,California
Santa Clara,2021-03-01,14565,499840,8378,247210,6181,252623,6,7,9021,173413,5521,162919,9027,336332,California
Santa Clara,2021-03-02,16172,516012,9571,256781,6600,259223,1,8,10317,177903,5829,168748,10319,346651,California
Santa Clara,2021-03-03,18697,534709,9255,266036,9438,268661,4,12,11624,182503,7032,175780,11632,358283,California
Santa Clara,2021-03-04,16582,551291,9022,275058,7557,276218,3,15,9644,185306,6847,182627,9650,367933,California
Santa Clara,2021-03-05,16648,567939,9263,284321,7259,283477,126,141,9238,187292,7384,190011,9370,377303,California
Santa Clara,2021-03-06,9452,577391,6326,290647,2676,286153,450,591,7090,192482,2350,192361,7540,384843,California
Santa Clara,2021-03-07,6840,584231,4482,295129,2111,288264,247,838,5442,196782,1386,193747,5686,390529,California
Santa Clara,2021-03-08,12938,597169,6745,301874,5620,293884,573,1411,8299,201029,4622,198369,8869,399398,California
Santa Clara,2021-03-09,15328,612497,6536,308410,7463,301347,1329,2740,6909,200861,8396,206765,8228,407626,California
Santa Clara,2021-03-10,15290,627787,6711,315121,6463,307810,2116,4856,6317,200324,8939,215704,8402,416028,California
Santa Clara,2021-03-11,17149,644936,7795,322916,7850,315660,1504,6360,6074,196846,11037,226741,7559,423587,California
Santa Clara,2021-03-12,17764,662700,9134,332050,7060,322720,1570,7930,5947,192568,11767,238508,7489,431076,California
Santa Clara,2021-03-13,10875,673575,6302,338352,3070,325790,1503,9433,4838,192867,6011,244519,6310,437386,California
Santa Clara,2021-03-14,6549,680124,3407,341759,1837,327627,1305,10738,3171,193966,3359,247878,4458,441844,California
Santa Clara,2021-03-15,12854,692978,6569,348328,6007,333634,278,11016,5922,193263,6902,254780,6199,448043,California
Santa Clara,2021-03-16,18336,711314,10359,358687,7768,341402,209,11225,8763,192690,9542,264322,8969,457012,California
Santa Clara,2021-03-17,20120,731434,11438,370125,8513,349915,169,11394,10287,193365,9775,274097,10450,467462,California
Santa Clara,2021-03-18,19341,750775,9082,379207,9095,359010,1164,12558,9058,193351,10223,284320,10209,477671,California
Santa Clara,2021-03-19,19564,770339,10096,389303,8460,367470,1008,13566,9998,194849,9498,293818,10996,488667,California
Santa Clara,2021-03-20,11607,781946,6402,395705,4373,371843,832,14398,6749,197598,4827,298645,7576,496243,California
Santa Clara,2021-03-21,8371,790317,3847,399552,3129,374972,1395,15793,5350,201323,3004,301649,6729,502972,California
Santa Clara,2021-03-22,16561,806878,9235,408787,6972,381944,354,16147,9156,203455,7374,309023,9506,512478,California
Santa Clara,2021-03-23,19513,826391,12394,421181,6594,388538,525,16672,11223,206961,8237,317260,11743,524221,California
Santa Clara,2021-03-24,22823,849214,14646,435827,7759,396297,418,17090,14653,213906,8126,325386,15071,539292,California
Santa Clara,2021-03-25,23116,872330,13222,449049,8902,405199,992,18082,14845,221528,8198,333584,15820,555112,California
Santa Clara,2021-03-26,22134,894464,14066,463115,7676,412875,392,18474,13622,227062,8470,342054,14004,569116,California
Santa Clara,2021-03-27,15788,910252,10502,473617,4516,417391,770,19244,8476,229039,7264,349318,9241,578357,California
Santa Clara,2021-03-28,12094,922346,8390,482007,2987,420378,717,19961,6492,230665,5575,354893,7201,585558,California
Santa Clara,2021-03-29,20708,943054,12643,494650,7338,427716,727,20688,11211,233140,9451,364344,11926,597484,California
Santa Clara,2021-03-30,25793,968847,15286,509936,8555,436271,1952,22640,16221,241769,9527,373871,18156,615640,California
Santa Clara,2021-03-31,20640,989487,11941,521877,7562,443833,1137,23777,12567,247434,8023,381894,13688,629328,California
Santa Clara,2021-04-01,32055,1021542,19887,541764,9050,452883,3118,26895,20239,259010,11738,393632,23314,652642,California
Santa Clara,2021-04-02,25429,1046971,14399,556163,8801,461684,2229,29124,16596,269023,8785,402417,18798,671440,California
Santa Clara,2021-04-03,15396,1062367,9327,565490,3522,465206,2547,31671,8517,273208,6856,409273,11041,682481,California
Santa Clara,2021-04-04,7662,1070029,4051,569541,2435,467641,1176,32847,3976,274668,3674,412947,5134,687615,California
Santa Clara,2021-04-05,22014,1092043,14622,584163,4892,472533,2500,35347,14386,283937,7593,420540,16862,704477,California
Santa Clara,2021-04-06,29775,1121818,16371,600534,7903,480436,5501,40848,17837,295348,11882,432422,23293,727770,California
Santa Clara,2021-04-07,31065,1152883,16031,616565,8514,488950,6520,47368,18950,308721,12054,444476,25427,753197,California
Santa Clara,2021-04-08,30177,1183060,16462,633027,6063,495013,7652,55020,16424,319065,13673,458149,24017,777214,California
Santa Clara,2021-04-09,28280,1211340,13993,647020,6959,501972,7328,62348,14443,326999,13767,471916,21701,798915,California
Santa Clara,2021-04-10,21660,1233000,12478,659498,3811,505783,5371,67719,11551,333796,10068,481984,16865,815780,California
Santa Clara,2021-04-11,16108,1249108,9651,669149,2668,508451,3789,71508,8335,338151,7738,489722,12093,827873,California
Santa Clara,2021-04-12,27159,1276267,19078,688227,5593,514044,2488,73996,18466,350464,8627,498349,20940,848813,California
Santa Clara,2021-04-13,34686,1310953,27270,715497,7387,521431,29,74025,26711,369331,7896,506245,26763,875576,California
Santa Clara,2021-04-14,37220,1348173,28205,743702,9011,530442,4,74029,26383,384994,10763,517008,26426,902002,California
Santa Clara,2021-04-15,44698,1392871,34582,778284,10110,540552,6,74035,34353,409157,10222,527230,34385,936387,California
Santa Clara,2021-04-16,38907,1431778,26630,804914,12273,552825,4,74039,27818,426002,11004,538234,27849,964236,California
Santa Clara,2021-04-17,22364,1454142,15295,820209,7067,559892,2,74041,15352,434429,6947,545181,15374,979610,California
Santa Clara,2021-04-18,16959,1471101,11152,831361,5807,565699,0,74041,10603,438722,6323,551504,10616,990226,California
Santa Clara,2021-04-19,29339,1500440,21206,852567,8132,573831,1,74042,17568,444634,11692,563196,17604,1007830,California
Santa Clara,2021-04-20,38137,1538577,23496,876063,14639,588470,2,74044,23242,453145,14772,577968,23283,1031113,California
Santa Clara,2021-04-21,38197,1576774,22576,898639,15619,604089,2,74046,25013,465125,13076,591044,25056,1056169,California
Santa Clara,2021-04-22,37980,1614754,25474,924113,12505,616594,1,74047,17887,463106,19983,611027,17964,1074133,California
Santa Clara,2021-04-23,32788,1647542,20159,944272,12628,629222,1,74048,15340,461169,17338,628365,15401,1089534,California
Santa Clara,2021-04-24,21222,1668764,15503,959775,5718,634940,1,74049,12052,464159,9095,637460,12085,1101619,California
Santa Clara,2021-04-25,13612,1682376,9840,969615,3766,638706,6,74055,8684,467989,4884,642344,8714,1110333,California
Santa Clara,2021-04-26,25527,1707903,19716,989331,5751,644457,60,74115,10615,463876,14813,657157,10700,1121033,California
Santa Clara,2021-04-27,27998,1735901,19964,1009295,7647,652104,387,74502,12207,460827,15695,672852,12646,1133679,California
Santa Clara,2021-04-28,26587,1762488,19796,1029091,6352,658456,439,74941,11276,457390,15223,688075,11786,1145465,California
Santa Clara,2021-04-29,24518,1787006,17994,1047085,6125,664581,399,75340,9220,451878,15214,703289,9702,1155167,California
Santa Clara,2021-04-30,23698,1810704,16343,1063428,6985,671566,370,75710,10140,449018,13461,716750,10601,1165768,California
Santa Clara,2021-05-01,17527,1828231,14523,1077951,2739,674305,265,75975,5512,442879,11960,728710,5821,1171589,California
Santa Clara,2021-05-02,11307,1839538,9381,1087332,1692,675997,234,76209,3491,438854,7770,736480,3745,1175334,California
Santa Clara,2021-05-03,22893,1862431,19386,1106718,3075,679072,432,76641,5142,426802,17671,754151,5619,1180953,California
Santa Clara,2021-05-04,31173,1893604,24497,1131215,6132,685204,544,77185,5564,407462,25497,779648,6157,1187110,California
Santa Clara,2021-05-05,32796,1926400,25046,1156261,7206,692410,544,77729,5531,386400,27166,806814,6104,1193214,California
Santa Clara,2021-05-06,35962,1962362,30033,1186294,5456,697866,473,78202,4784,360639,31041,837855,5280,1198494,California
Santa Clara,2021-05-07,32915,1995277,26494,1212788,5931,703797,490,78692,4709,337818,28069,865924,5248,1203742,California
Santa Clara,2021-05-08,17220,2012497,14121,1226909,2674,706471,425,79117,3714,328558,13414,879338,4154,1207896,California
Santa Clara,2021-05-09,10577,2023074,9205,1236114,1186,707657,186,79303,2333,322884,8206,887544,2532,1210428,California
Santa Clara,2021-05-10,21153,2044227,16979,1253093,3771,711428,403,79706,2645,307530,18423,905967,3069,1213497,California
Santa Clara,2021-05-11,22888,2067115,17324,1270417,5119,716547,445,80151,4024,293234,18771,924738,4475,1217972,California
Santa Clara,2021-05-12,21566,2088681,15886,1286303,5156,721703,524,80675,4245,280788,17221,941959,4775,1222747,California
Santa Clara,2021-05-13,28357,2117038,22981,1309284,5074,726777,302,80977,11266,275363,17002,958961,11577,1234324,California
Santa Clara,2021-05-14,27960,2144998,19567,1328851,8003,734780,390,81367,9640,267185,18221,977182,10043,1244367,California
Santa Clara,2021-05-15,21009,2166007,16904,1345755,3825,738605,280,81647,8141,262834,12780,989962,8429,1252796,California
Santa Clara,2021-05-16,16420,2182427,13426,1359181,2818,741423,176,81823,5366,257409,10970,1000932,5545,1258341,California
Santa Clara,2021-05-17,20440,2202867,16086,1375267,3986,745409,368,82191,6862,251141,13500,1014432,7232,1265573,California
Santa Clara,2021-05-18,26188,2229055,16742,1392009,9031,754440,415,82606,7167,239842,18882,1033314,7583,1273156,California
Santa Clara,2021-05-19,24627,2253682,14416,1406425,9788,764228,423,83029,7304,230367,17209,1050523,7734,1280890,California
Santa Clara,2021-05-20,18537,2272219,12201,1418626,5885,770113,451,83480,6099,224566,12347,1062870,6546,1287436,California
Santa Clara,2021-05-21,22340,2294559,14850,1433476,6993,777106,497,83977,7382,217611,14848,1077718,7893,1295329,California
Santa Clara,2021-05-22,12993,2307552,9843,1443319,2795,779901,355,84332,5692,216428,7235,1084953,6052,1301381,California
Santa Clara,2021-05-23,8406,2315958,6254,1449573,1950,781851,202,84534,3377,215026,4983,1089936,3581,1304962,California
Santa Clara,2021-05-24,10914,2326872,7876,1457449,2589,784440,449,84983,3788,212199,7065,1097001,4238,1309200,California
Santa Clara,2021-05-25,11493,2338365,7957,1465406,3117,787557,419,85402,4401,210002,7015,1104016,4818,1314018,California
Santa Clara,2021-05-26,10434,2348799,6772,1472178,3325,790882,337,85739,3962,207929,6366,1110382,4293,1318311,California
Santa Clara,2021-05-27,9413,2358212,6009,1478187,2929,793811,475,86214,3511,206074,5834,1116216,3979,1322290,California
Santa Clara,2021-05-28,10903,2369115,7073,1485260,3401,797212,429,86643,4445,204559,6391,1122607,4876,1327166,California
Santa Clara,2021-05-29,6354,2375469,4333,1489593,1739,798951,282,86925,2707,203941,3604,1126211,2986,1330152,California
Santa Clara,2021-05-30,3860,2379329,2904,1492497,747,799698,209,87134,1828,203974,2003,1128214,2036,1332188,California
Santa Clara,2021-05-31,1097,2380426,629,1493126,359,800057,109,87243,439,203872,650,1128864,548,1332736,California
Santa Clara,2021-06-01,9080,2389506,6377,1499503,2319,802376,384,87627,3009,201270,5994,1134858,3392,1336128,California
Santa Clara,2021-06-02,7710,2397216,5540,1505043,1818,804194,352,87979,2907,199775,4745,1139603,3250,1339378,California
Santa Clara,2021-06-03,12244,2409460,10137,1515180,1740,805934,367,88346,2631,193223,9553,1149156,3001,1342379,California
Santa Clara,2021-06-04,13620,2423080,11405,1526585,1899,807833,316,88662,3283,186543,10272,1159428,3592,1345971,California
Santa Clara,2021-06-05,10507,2433587,9033,1535618,1214,809047,260,88922,2192,180731,8262,1167690,2450,1348421,California
Santa Clara,2021-06-06,6930,2440517,6179,1541797,597,809644,154,89076,1353,176714,5523,1173213,1506,1349927,California
Santa Clara,2021-06-07,9930,2450447,8371,1550168,1317,810961,242,89318,2294,171651,7597,1180810,2534,1352461,California
Santa Clara,2021-06-08,9170,2459617,7491,1557659,1409,812370,270,89588,2452,167710,6660,1187470,2719,1355180,California
Santa Clara,2021-06-09,9536,2469153,7956,1565615,1327,813697,253,89841,2259,163004,7213,1194683,2507,1357687,California
Santa Clara,2021-06-10,8330,2477483,6914,1572529,1086,814783,330,90171,2250,159554,6026,1200709,2576,1360263,California
Santa Clara,2021-06-11,10241,2487724,8696,1581225,1267,816050,278,90449,2523,154688,7667,1208376,2801,1363064,California
Santa Clara,2021-06-12,7184,2494908,5986,1587211,1033,817083,165,90614,1699,151113,5440,1213816,1865,1364929,California
Santa Clara,2021-06-13,3743,2498651,3024,1590235,606,817689,113,90727,870,149247,2849,1216665,983,1365912,California
Santa Clara,2021-06-14,5975,2504626,4830,1595065,912,818601,233,90960,1944,147427,3997,1220662,2177,1368089,California
Santa Clara,2021-06-15,7368,2511994,5967,1601032,1100,819701,301,91261,2078,144568,5240,1225902,2381,1370470,California
Santa Clara,2021-06-16,6371,2518365,5157,1606189,906,820607,308,91569,2092,142738,4231,1230133,2401,1372871,California
Santa Clara,2021-06-17,5367,2523732,4348,1610537,774,821381,245,91814,1835,141353,3461,1233594,2076,1374947,California
Santa Clara,2021-06-18,5446,2529178,4393,1614930,881,822262,172,91986,1790,139740,3574,1237168,1961,1376908,California
Santa Clara,2021-06-19,4528,2533706,3622,1618552,705,822967,201,92187,1285,138021,3205,1240373,1486,1378394,California
Santa Clara,2021-06-20,2144,2535850,1759,1620311,321,823288,64,92251,677,137313,1449,1241822,741,1379135,California
Santa Clara,2021-06-21,3699,2539549,2784,1623095,687,823975,228,92479,1805,137482,1861,1243683,2030,1381165,California
Santa Clara,2021-06-22,5090,2544639,4061,1627156,805,824780,224,92703,1710,136072,3342,1247025,1932,1383097,California
Santa Clara,2021-06-23,4476,2549115,3521,1630677,755,825535,200,92903,1607,135042,2835,1249860,1805,1384902,California
Santa Clara,2021-06-24,4367,2553482,3379,1634056,784,826319,204,93107,1612,134156,2702,1252562,1816,1386718,California
Santa Clara,2021-06-25,5522,2559004,4511,1638567,801,827120,210,93317,1894,132682,3574,1256136,2100,1388818,California
Santa Clara,2021-06-26,3684,2562688,2936,1641503,609,827729,139,93456,1334,131843,2310,1258446,1471,1390289,California
Santa Clara,2021-06-27,1985,2564673,1548,1643051,350,828079,87,93543,684,131326,1287,1259733,770,1391059,California
Santa Clara,2021-06-28,4056,2568729,3422,1646473,407,828486,227,93770,1556,130634,2472,1262205,1780,1392839,California
Santa Clara,2021-06-29,4132,2572861,3218,1649691,732,829218,182,93952,1589,129898,2507,1264712,1771,1394610,California
Santa Clara,2021-06-30,3699,2576560,2894,1652585,629,829847,176,94128,1420,129243,2254,1266966,1599,1396209,California
Santa Clara,2021-07-01,3499,2580059,2768,1655353,538,830385,193,94321,1337,128628,2143,1269109,1528,1397737,California
Santa Clara,2021-07-02,4023,2584082,3257,1658610,605,830990,161,94482,1541,127886,2446,1271555,1704,1399441,California
Santa Clara,2021-07-03,1650,2585732,1194,1659804,349,831339,107,94589,660,127682,971,1272526,767,1400208,California
Santa Cruz,2020-12-15,2,2,2,2,0,0,0,0,2,2,0,0,2,2,California
Santa Cruz,2020-12-16,57,59,57,59,0,0,0,0,57,59,0,0,57,59,California
Santa Cruz,2020-12-17,389,448,389,448,0,0,0,0,389,448,0,0,389,448,California
Santa Cruz,2020-12-18,465,913,465,913,0,0,0,0,465,913,0,0,465,913,California
Santa Cruz,2020-12-19,183,1096,182,1095,1,1,0,0,183,1096,0,0,183,1096,California
Santa Cruz,2020-12-20,93,1189,93,1188,0,1,0,0,93,1189,0,0,93,1189,California
Santa Cruz,2020-12-21,437,1626,436,1624,1,2,0,0,437,1626,0,0,437,1626,California
Santa Cruz,2020-12-22,423,2049,422,2046,1,3,0,0,423,2049,0,0,423,2049,California
Santa Cruz,2020-12-23,369,2418,325,2371,44,47,0,0,369,2418,0,0,369,2418,California
Santa Cruz,2020-12-24,123,2541,47,2418,76,123,0,0,123,2541,0,0,123,2541,California
Santa Cruz,2020-12-25,9,2550,9,2427,0,123,0,0,9,2550,0,0,9,2550,California
Santa Cruz,2020-12-26,65,2615,46,2473,19,142,0,0,65,2615,0,0,65,2615,California
Santa Cruz,2020-12-27,32,2647,27,2500,5,147,0,0,32,2647,0,0,32,2647,California
Santa Cruz,2020-12-28,483,3130,108,2608,375,522,0,0,483,3130,0,0,483,3130,California
Santa Cruz,2020-12-29,795,3925,367,2975,428,950,0,0,795,3925,0,0,795,3925,California
Santa Cruz,2020-12-30,357,4282,165,3140,192,1142,0,0,357,4282,0,0,357,4282,California
Santa Cruz,2020-12-31,311,4593,11,3151,300,1442,0,0,311,4593,0,0,311,4593,California
Santa Cruz,2021-01-01,33,4626,1,3152,32,1474,0,0,33,4626,0,0,33,4626,California
Santa Cruz,2021-01-02,68,4694,55,3207,13,1487,0,0,68,4694,0,0,68,4694,California
Santa Cruz,2021-01-03,15,4709,7,3214,8,1495,0,0,15,4709,0,0,15,4709,California
Santa Cruz,2021-01-04,281,4990,123,3337,158,1653,0,0,279,4988,0,0,279,4988,California
Santa Cruz,2021-01-05,571,5561,434,3771,137,1790,0,0,269,4955,302,302,269,5257,California
Santa Cruz,2021-01-06,801,6362,669,4440,132,1922,0,0,463,5081,337,639,463,5720,California
Santa Cruz,2021-01-07,538,6900,211,4651,327,2249,0,0,384,5312,154,793,385,6105,California
Santa Cruz,2021-01-08,940,7840,566,5217,374,2623,0,0,491,5355,449,1242,492,6597,California
Santa Cruz,2021-01-09,469,8309,127,5344,342,2965,0,0,411,5708,58,1300,411,7008,California
Santa Cruz,2021-01-10,77,8386,68,5412,9,2974,0,0,20,5671,57,1357,20,7028,California
Santa Cruz,2021-01-11,729,9115,592,6004,137,3111,0,0,195,5333,534,1891,196,7224,California
Santa Cruz,2021-01-12,734,9849,530,6534,204,3315,0,0,491,5581,243,2134,491,7715,California
Santa Cruz,2021-01-13,532,10381,234,6768,298,3613,0,0,445,5942,84,2218,445,8160,California
Santa Cruz,2021-01-14,556,10937,103,6871,453,4066,0,0,490,6366,66,2284,490,8650,California
Santa Cruz,2021-01-15,1459,12396,77,6948,1382,5448,0,0,1395,7699,64,2348,1397,10047,California
Santa Cruz,2021-01-16,423,12819,53,7001,370,5818,0,0,404,8084,19,2367,404,10451,California
Santa Cruz,2021-01-17,299,13118,41,7042,258,6076,0,0,274,8333,25,2392,274,10725,California
Santa Cruz,2021-01-18,1013,14131,102,7144,911,6987,0,0,951,9222,62,2454,951,11676,California
Santa Cruz,2021-01-19,1627,15758,525,7669,1102,8089,0,0,1275,10148,350,2804,1276,12952,California
Santa Cruz,2021-01-20,1251,17009,182,7851,1069,9158,0,0,1049,10998,199,3003,1049,14001,California
Santa Cruz,2021-01-21,1753,18762,227,8078,1526,10684,0,0,1644,12535,109,3112,1646,15647,California
Santa Cruz,2021-01-22,1805,20567,525,8603,1280,11964,0,0,1702,14138,100,3212,1703,17350,California
Santa Cruz,2021-01-23,404,20971,150,8753,254,12218,0,0,344,14423,59,3271,344,17694,California
Santa Cruz,2021-01-24,111,21082,19,8772,92,12310,0,0,94,14500,17,3288,94,17788,California
Santa Cruz,2021-01-25,1062,22144,363,9135,699,13009,0,0,551,14540,511,3799,551,18339,California
Santa Cruz,2021-01-26,1698,23842,253,9388,1445,14454,0,0,1184,15210,514,4313,1184,19523,California
Santa Cruz,2021-01-27,1678,25520,456,9844,1222,15676,0,0,1288,16110,388,4701,1288,20811,California
Santa Cruz,2021-01-28,1768,27288,292,10136,1476,17152,0,0,1490,17323,278,4979,1491,22302,California
Santa Cruz,2021-01-29,1752,29040,492,10628,1260,18412,0,0,1618,18808,133,5112,1618,23920,California
Santa Cruz,2021-01-30,1075,30115,309,10937,766,19178,0,0,940,19613,135,5247,940,24860,California
Santa Cruz,2021-01-31,222,30337,110,11047,112,19290,0,0,208,19807,14,5261,208,25068,California
Santa Cruz,2021-02-01,1233,31570,756,11803,477,19767,0,0,825,20224,408,5669,825,25893,California
Santa Cruz,2021-02-02,1021,32591,130,11933,891,20658,0,0,865,20934,155,5824,865,26758,California
Santa Cruz,2021-02-03,2236,34827,956,12889,1280,21938,0,0,1919,22541,312,6136,1919,28677,California
Santa Cruz,2021-02-04,1854,36681,767,13656,1087,23025,0,0,1510,23709,342,6478,1510,30187,California
Santa Cruz,2021-02-05,3178,39859,789,14445,2389,25414,0,0,2858,26248,319,6797,2858,33045,California
Santa Cruz,2021-02-06,2582,42441,157,14602,2425,27839,0,0,2236,28138,346,7143,2236,35281,California
Santa Cruz,2021-02-07,917,43358,123,14725,794,28633,0,0,899,29019,18,7161,899,36180,California
Santa Cruz,2021-02-08,716,44074,200,14925,516,29149,0,0,517,29338,198,7359,517,36697,California
Santa Cruz,2021-02-09,2373,46447,1055,15980,1318,30467,0,0,2106,31177,267,7626,2106,38803,California
Santa Cruz,2021-02-10,2213,48660,576,16556,1637,32104,0,0,1510,31996,692,8318,1511,40314,California
Santa Cruz,2021-02-11,1866,50526,318,16874,1548,33652,0,0,1313,32758,551,8869,1313,41627,California
Santa Cruz,2021-02-12,3248,53774,425,17299,2823,36475,0,0,1829,33179,1410,10279,1831,43458,California
Santa Cruz,2021-02-13,1733,55507,125,17424,1608,38083,0,0,1319,34085,413,10692,1319,44777,California
Santa Cruz,2021-02-14,1408,56915,68,17492,1340,39423,0,0,1146,34969,262,10954,1146,45923,California
Santa Cruz,2021-02-15,1591,58506,283,17775,1308,40731,0,0,567,34513,1024,11978,568,46491,California
Santa Cruz,2021-02-16,1715,60221,216,17991,1499,42230,0,0,541,33902,1152,13130,541,47032,California
Santa Cruz,2021-02-17,2934,63155,981,18972,1953,44183,0,0,1221,33426,1700,14830,1224,48256,California
Santa Cruz,2021-02-18,2903,66058,640,19612,2263,46446,0,0,1232,32993,1665,16495,1232,49488,California
Santa Cruz,2021-02-19,3289,69347,1158,20770,2131,48577,0,0,2016,33739,1270,17765,2016,51504,California
Santa Cruz,2021-02-20,2444,71791,1533,22303,911,49488,0,0,1913,35121,531,18296,1913,53417,California
Santa Cruz,2021-02-21,870,72661,379,22682,491,49979,0,0,739,35731,129,18425,739,54156,California
Santa Cruz,2021-02-22,1305,73966,1011,23693,294,50273,0,0,548,35525,754,19179,548,54704,California
Santa Cruz,2021-02-23,2134,76100,960,24653,1174,51447,0,0,723,34839,1409,20588,723,55427,California
Santa Cruz,2021-02-24,3232,79332,1682,26335,1550,52997,0,0,1222,34056,2005,22593,1222,56649,California
Santa Cruz,2021-02-25,3274,82606,1445,27780,1829,54826,0,0,1805,34403,1460,24053,1807,58456,California
Santa Cruz,2021-02-26,2751,85357,768,28548,1983,56809,0,0,1568,34795,1178,25231,1570,60026,California
Santa Cruz,2021-02-27,2648,88005,932,29480,1715,58524,1,1,1845,35840,801,26032,1846,61872,California
Santa Cruz,2021-02-28,1312,89317,371,29851,941,59465,0,1,1087,36705,222,26254,1087,62959,California
Santa Cruz,2021-03-01,1910,91227,1255,31106,655,60120,0,1,723,36244,1184,27438,723,63682,California
Santa Cruz,2021-03-02,1555,92782,371,31477,1184,61304,0,1,874,36441,680,28118,877,64559,California
Santa Cruz,2021-03-03,2377,95159,646,32123,1731,63035,0,1,1304,36674,1071,29189,1304,65863,California
Santa Cruz,2021-03-04,3021,98180,1419,33542,1601,64636,1,2,2029,37725,980,30169,2031,67894,California
Santa Cruz,2021-03-05,2652,100832,502,34044,2132,66768,18,20,1160,37414,1489,31658,1178,69072,California
Santa Cruz,2021-03-06,3877,104709,1347,35391,2424,69192,106,126,2164,37971,1712,33370,2269,71341,California
Santa Cruz,2021-03-07,1351,106060,128,35519,1150,70342,73,199,560,37815,789,34159,633,71974,California
Santa Cruz,2021-03-08,1120,107180,225,35744,764,71106,131,330,672,38168,448,34607,801,72775,California
Santa Cruz,2021-03-09,1825,109005,273,36017,1400,72506,152,482,725,37949,1096,35703,877,73652,California
Santa Cruz,2021-03-10,3906,112911,2102,38119,1654,74160,150,632,2017,38230,1887,37590,2168,75820,California
Santa Cruz,2021-03-11,2842,115753,1231,39350,1436,75596,175,807,1561,38689,1280,38870,1739,77559,California
Santa Cruz,2021-03-12,2794,118547,890,40240,1608,77204,296,1103,928,38049,1862,40732,1222,78781,California
Santa Cruz,2021-03-13,2349,120896,1344,41584,963,78167,42,1145,1186,38117,1160,41892,1228,80009,California
Santa Cruz,2021-03-14,916,121812,221,41805,682,78849,13,1158,439,38093,475,42367,451,80460,California
Santa Cruz,2021-03-15,1367,123179,479,42284,851,79700,37,1195,582,37932,781,43148,620,81080,California
Santa Cruz,2021-03-16,2390,125569,1148,43432,1197,80897,45,1240,1381,38352,1004,44152,1424,82504,California
Santa Cruz,2021-03-17,4072,129641,2418,45850,1643,82540,11,1251,2693,39686,1372,45524,2706,85210,California
Santa Cruz,2021-03-18,3955,133596,2133,47983,1703,84243,119,1370,2134,40120,1818,47342,2252,87462,California
Santa Cruz,2021-03-19,3466,137062,1380,49363,1862,86105,224,1594,1825,40533,1636,48978,2049,89511,California
Santa Cruz,2021-03-20,2246,139308,1648,51011,531,86636,67,1661,1102,40559,1143,50121,1169,90680,California
Santa Cruz,2021-03-21,883,140191,477,51488,280,86916,126,1787,474,40754,406,50527,601,91281,California
Santa Cruz,2021-03-22,1445,141636,884,52372,538,87454,23,1810,1011,41359,430,50957,1035,92316,California
Santa Cruz,2021-03-23,2624,144260,1474,53846,1099,88553,51,1861,1750,42289,871,51828,1801,94117,California
Santa Cruz,2021-03-24,3146,147406,2131,55977,994,89547,21,1882,2088,43346,1051,52879,2108,96225,California
Santa Cruz,2021-03-25,2681,150087,1347,57324,1297,90844,37,1919,1356,43421,1317,54196,1392,97617,California
Santa Cruz,2021-03-26,3169,153256,1836,59160,1305,92149,28,1947,2153,44592,1009,55205,2180,99797,California
Santa Cruz,2021-03-27,3245,156501,2022,61182,1196,93345,27,1974,1512,44411,1722,56927,1541,101338,California
Santa Cruz,2021-03-28,937,157438,579,61761,344,93689,14,1988,493,44478,440,57367,507,101845,California
Santa Cruz,2021-03-29,2016,159454,891,62652,1058,94747,67,2055,1278,45089,734,58101,1345,103190,California
Santa Cruz,2021-03-30,2742,162196,826,63478,1752,96499,164,2219,1739,45992,999,59100,1902,105092,California
Santa Cruz,2021-03-31,4212,166408,2849,66327,1313,97812,50,2269,2215,46265,1992,61092,2265,107357,California
Santa Cruz,2021-04-01,4087,170495,2178,68505,1800,99612,109,2378,2071,46435,2009,63101,2179,109536,California
Santa Cruz,2021-04-02,3329,173824,1435,69940,1713,101325,181,2559,1900,47091,1425,64526,2081,111617,California
Santa Cruz,2021-04-03,2281,176105,1244,71184,901,102226,136,2695,891,46729,1388,65914,1026,112643,California
Santa Cruz,2021-04-04,944,177049,493,71677,395,102621,56,2751,551,46942,393,66307,606,113249,California
Santa Cruz,2021-04-05,2280,179329,797,72474,1316,103937,167,2918,1400,47631,879,67186,1568,114817,California
Santa Cruz,2021-04-06,3435,182764,1670,74144,1382,105319,383,3301,1976,48536,1448,68634,2353,117170,California
Santa Cruz,2021-04-07,4225,186989,1669,75813,2185,107504,371,3672,1819,48321,2403,71037,2188,119358,California
Santa Cruz,2021-04-08,4330,191319,2376,78189,1429,108933,525,4197,2548,49622,1770,72807,3071,122429,California
Santa Cruz,2021-04-09,3757,195076,1529,79718,1817,110750,411,4608,2110,50504,1640,74447,2522,124951,California
Santa Cruz,2021-04-10,2304,197380,1104,80822,938,111688,262,4870,1086,50636,1214,75661,1346,126297,California
Santa Cruz,2021-04-11,1016,198396,534,81356,387,112075,95,4965,494,50702,522,76183,588,126885,California
Santa Cruz,2021-04-12,2353,200749,843,82199,1084,113159,426,5391,1125,51039,1214,77397,1551,128436,California
Santa Cruz,2021-04-13,2974,203723,1479,83678,1493,114652,2,5393,1667,51410,1298,78695,1669,130105,California
Santa Cruz,2021-04-14,4774,208497,2301,85979,2473,117125,0,5393,2303,51255,2460,81155,2305,132410,California
Santa Cruz,2021-04-15,5131,213628,3252,89231,1879,119004,0,5393,3208,52557,1908,83063,3210,135620,California
Santa Cruz,2021-04-16,4621,218249,2561,91792,2058,121062,2,5395,2497,52943,2115,85178,2501,138121,California
Santa Cruz,2021-04-17,2288,220537,912,92704,1376,122438,0,5395,1503,53664,782,85960,1503,139624,California
Santa Cruz,2021-04-18,1116,221653,554,93258,561,122999,1,5396,607,53767,505,86465,608,140232,California
Santa Cruz,2021-04-19,2607,224260,1534,94792,1072,124071,1,5397,1616,54395,988,87453,1616,141848,California
Santa Cruz,2021-04-20,3290,227550,1760,96552,1530,125601,0,5397,1862,54841,1416,88869,1862,143710,California
Santa Cruz,2021-04-21,4434,231984,2982,99534,1452,127053,0,5397,2394,55215,2021,90890,2395,146105,California
Santa Cruz,2021-04-22,4404,236388,2986,102520,1418,128471,0,5397,2459,55740,1935,92825,2460,148565,California
Santa Cruz,2021-04-23,3239,239627,1761,104281,1477,129948,1,5398,1405,55322,1824,94649,1406,149971,California
Santa Cruz,2021-04-24,2263,241890,1089,105370,1171,131119,3,5401,693,54459,1559,96208,696,150667,California
Santa Cruz,2021-04-25,1094,242984,704,106074,377,131496,13,5414,452,54289,633,96841,463,151130,California
Santa Cruz,2021-04-26,2166,245150,1080,107154,1069,132565,17,5431,908,53969,1246,98087,926,152056,California
Santa Cruz,2021-04-27,3035,248185,1000,108154,1953,134518,82,5513,1519,54062,1508,99595,1601,153657,California
Santa Cruz,2021-04-28,3519,251704,1963,110117,1479,135997,77,5590,1847,54324,1659,101254,1921,155578,California
Santa Cruz,2021-04-29,3825,255529,2557,112674,1205,137202,63,5653,1345,53264,2470,103724,1410,156988,California
Santa Cruz,2021-04-30,2408,257937,1223,113897,1142,138344,43,5696,1013,52934,1387,105111,1057,158045,California
Santa Cruz,2021-05-01,1317,259254,1045,114942,239,138583,33,5729,602,52859,711,105822,636,158681,California
Santa Cruz,2021-05-02,655,259909,463,115405,166,138749,26,5755,214,52659,441,106263,241,158922,California
Santa Cruz,2021-05-03,1934,261843,1001,116406,866,139615,67,5822,655,52115,1268,107531,724,159646,California
Santa Cruz,2021-05-04,2738,264581,1599,118005,1068,140683,71,5893,878,51206,1856,109387,947,160593,California
Santa Cruz,2021-05-05,2829,267410,1426,119431,1322,142005,81,5974,746,49998,2040,111427,832,161425,California
Santa Cruz,2021-05-06,3914,271324,2503,121934,1190,143195,221,6195,879,48079,3016,114443,1097,162522,California
Santa Cruz,2021-05-07,2808,274132,1301,123235,1424,144619,83,6278,437,46236,2365,116808,522,163044,California
Santa Cruz,2021-05-08,1425,275557,745,123980,652,145271,28,6306,392,45625,1033,117841,422,163466,California
Santa Cruz,2021-05-09,533,276090,338,124318,172,145443,23,6329,158,45433,373,118214,181,163647,California
Santa Cruz,2021-05-10,2115,278205,1275,125593,774,146217,66,6395,410,44212,1697,119911,476,164123,California
Santa Cruz,2021-05-11,2428,280633,1378,126971,961,147178,89,6484,644,43165,1779,121690,732,164855,California
Santa Cruz,2021-05-12,3232,283865,1408,128379,1743,148921,81,6565,556,41137,2666,124356,638,165493,California
Santa Cruz,2021-05-13,3936,287801,2664,131043,1178,150099,94,6659,1394,40090,2537,126893,1490,166983,California
Santa Cruz,2021-05-14,2995,290796,1630,132673,1325,151424,40,6699,1132,39410,1855,128748,1175,168158,California
Santa Cruz,2021-05-15,2288,293084,1322,133995,954,152378,12,6711,1108,39353,1177,129925,1120,169278,California
Santa Cruz,2021-05-16,811,293895,433,134428,356,152734,22,6733,252,39071,557,130482,275,169553,California
Santa Cruz,2021-05-17,1553,295448,802,135230,680,153414,71,6804,527,38644,1025,131507,598,170151,California
Santa Cruz,2021-05-18,2336,297784,1433,136663,879,154293,24,6828,1107,38553,1222,132729,1131,171282,California
Santa Cruz,2021-05-19,3122,300906,1876,138539,1209,155502,37,6865,1305,38088,1807,134536,1342,172624,California
Santa Cruz,2021-05-20,3395,304301,2429,140968,818,156320,148,7013,1564,37974,1826,136362,1712,174336,California
Santa Cruz,2021-05-21,1780,306081,913,141881,778,157098,89,7102,604,37497,1170,137532,693,175029,California
Santa Cruz,2021-05-22,1726,307807,1332,143213,383,157481,11,7113,599,36985,1123,138655,611,175640,California
Santa Cruz,2021-05-23,479,308286,270,143483,190,157671,19,7132,149,36826,327,138982,168,175808,California
Santa Cruz,2021-05-24,1190,309476,687,144170,424,158095,79,7211,300,36323,882,139864,379,176187,California
Santa Cruz,2021-05-25,2284,311760,1303,145473,936,159031,45,7256,460,35150,1678,141542,505,176692,California
Santa Cruz,2021-05-26,1751,313511,819,146292,887,159918,45,7301,472,34402,1265,142807,517,177209,California
Santa Cruz,2021-05-27,1324,314835,717,147009,502,160420,105,7406,442,34074,875,143682,547,177756,California
Santa Cruz,2021-05-28,846,315681,373,147382,443,160863,30,7436,357,33982,480,144162,388,178144,California
Santa Cruz,2021-05-29,594,316275,337,147719,244,161107,13,7449,319,34041,273,144435,332,178476,California
Santa Cruz,2021-05-30,243,316518,120,147839,109,161216,14,7463,93,34000,147,144582,106,178582,California
Santa Cruz,2021-05-31,145,316663,63,147902,81,161297,1,7464,45,33947,99,144681,46,178628,California
Santa Cruz,2021-06-01,946,317609,578,148480,355,161652,13,7477,340,33695,604,145285,352,178980,California
Santa Cruz,2021-06-02,900,318509,525,149005,334,161986,41,7518,337,33515,558,145843,378,179358,California
Santa Cruz,2021-06-03,2280,320789,1536,150541,706,162692,38,7556,532,32347,1738,147581,570,179928,California
Santa Cruz,2021-06-04,1059,321848,726,151267,299,162991,34,7590,244,31818,808,148389,279,180207,California
Santa Cruz,2021-06-05,1031,322879,834,152101,192,163183,5,7595,189,31174,838,149227,194,180401,California
Santa Cruz,2021-06-06,408,323287,300,152401,91,163274,17,7612,110,31006,295,149522,127,180528,California
Santa Cruz,2021-06-07,852,324139,634,153035,188,163462,30,7642,234,30653,617,150139,264,180792,California
Santa Cruz,2021-06-08,1467,325606,1170,154205,271,163733,26,7668,308,29834,1154,151293,335,181127,California
Santa Cruz,2021-06-09,1435,327041,1130,155335,288,164021,17,7685,284,28992,1144,152437,302,181429,California
Santa Cruz,2021-06-10,1953,328994,1602,156937,284,164305,67,7752,345,27799,1602,154039,409,181838,California
Santa Cruz,2021-06-11,817,329811,506,157443,276,164581,35,7787,284,27589,527,154566,317,182155,California
Santa Cruz,2021-06-12,965,330776,847,158290,112,164693,6,7793,165,26963,797,155363,171,182326,California
Santa Cruz,2021-06-13,200,330976,132,158422,46,164739,22,7815,30,26845,170,155533,52,182378,California
Santa Cruz,2021-06-14,554,331530,355,158777,164,164903,35,7850,161,26650,390,155923,195,182573,California
Santa Cruz,2021-06-15,923,332453,677,159454,224,165127,22,7872,333,26419,587,156510,356,182929,California
Santa Cruz,2021-06-16,801,333254,594,160048,173,165300,34,7906,259,26173,538,157048,292,183221,California
Santa Cruz,2021-06-17,795,334049,617,160665,139,165439,39,7945,297,26013,495,157543,335,183556,California
Santa Cruz,2021-06-18,639,334688,390,161055,219,165658,30,7975,286,25980,349,157892,316,183872,California
Santa Cruz,2021-06-19,328,335016,259,161314,63,165721,6,7981,116,25893,209,158101,122,183994,California
Santa Cruz,2021-06-20,161,335177,114,161428,29,165750,18,7999,69,25888,92,158193,87,184081,California
Santa Cruz,2021-06-21,348,335525,246,161674,83,165833,19,8018,181,25923,165,158358,200,184281,California
Santa Cruz,2021-06-22,670,336195,471,162145,169,166002,30,8048,261,25807,408,158766,292,184573,California
Santa Cruz,2021-06-23,394,336589,280,162425,104,166106,10,8058,192,25811,196,158962,200,184773,California
Santa Cruz,2021-06-24,533,337122,379,162804,111,166217,43,8101,214,25750,317,159279,256,185029,California
Santa Cruz,2021-06-25,513,337635,331,163135,157,166374,25,8126,229,25724,280,159559,254,185283,California
Santa Cruz,2021-06-26,260,337895,162,163297,89,166463,9,8135,106,25687,152,159711,115,185398,California
Santa Cruz,2021-06-27,182,338077,133,163430,19,166482,30,8165,65,25665,117,159828,95,185493,California
Santa Cruz,2021-06-28,473,338550,384,163814,77,166559,12,8177,208,25621,264,160092,220,185713,California
Santa Cruz,2021-06-29,733,339283,571,164385,135,166694,27,8204,284,25485,446,160538,310,186023,California
Santa Cruz,2021-06-30,422,339705,289,164674,111,166805,22,8226,180,25447,240,160778,202,186225,California
Santa Cruz,2021-07-01,400,340105,287,164961,104,166909,9,8235,178,25415,219,160997,187,186412,California
Santa Cruz,2021-07-02,421,340526,314,165275,90,166999,17,8252,185,25387,230,161227,202,186614,California
Santa Cruz,2021-07-03,146,340672,109,165384,33,167032,4,8256,53,25351,93,161320,57,186671,California
Shasta,2020-12-16,131,131,131,131,0,0,0,0,131,131,0,0,131,131,California
Shasta,2020-12-17,422,553,422,553,0,0,0,0,422,553,0,0,422,553,California
Shasta,2020-12-18,166,719,166,719,0,0,0,0,166,719,0,0,166,719,California
Shasta,2020-12-19,1,720,1,720,0,0,0,0,1,720,0,0,1,720,California
Shasta,2020-12-21,79,799,79,799,0,0,0,0,79,799,0,0,79,799,California
Shasta,2020-12-22,201,1000,196,995,5,5,0,0,201,1000,0,0,201,1000,California
Shasta,2020-12-23,173,1173,169,1164,4,9,0,0,173,1173,0,0,173,1173,California
Shasta,2020-12-24,19,1192,19,1183,0,9,0,0,19,1192,0,0,19,1192,California
Shasta,2020-12-26,4,1196,1,1184,3,12,0,0,4,1196,0,0,4,1196,California
Shasta,2020-12-27,1,1197,0,1184,1,13,0,0,1,1197,0,0,1,1197,California
Shasta,2020-12-28,41,1238,31,1215,10,23,0,0,41,1238,0,0,41,1238,California
Shasta,2020-12-29,186,1424,185,1400,1,24,0,0,186,1424,0,0,186,1424,California
Shasta,2020-12-30,177,1601,167,1567,10,34,0,0,177,1601,0,0,177,1601,California
Shasta,2020-12-31,83,1684,2,1569,81,115,0,0,83,1684,0,0,83,1684,California
Shasta,2021-01-02,2,1686,0,1569,2,117,0,0,2,1686,0,0,2,1686,California
Shasta,2021-01-03,1,1687,1,1570,0,117,0,0,1,1687,0,0,1,1687,California
Shasta,2021-01-04,374,2061,308,1878,66,183,0,0,375,2062,0,0,375,2062,California
Shasta,2021-01-05,338,2399,315,2193,23,206,0,0,256,2236,82,82,256,2318,California
Shasta,2021-01-06,466,2865,395,2588,71,277,0,0,203,2177,262,344,203,2521,California
Shasta,2021-01-07,127,2992,37,2625,90,367,0,0,105,2260,22,366,105,2626,California
Shasta,2021-01-08,524,3516,447,3072,77,444,0,0,316,2368,208,574,316,2942,California
Shasta,2021-01-09,73,3589,64,3136,9,453,0,0,71,2437,2,576,71,3013,California
Shasta,2021-01-10,5,3594,0,3136,5,458,0,0,3,2440,2,578,5,3018,California
Shasta,2021-01-11,416,4010,194,3330,222,680,0,0,372,2768,44,622,372,3390,California
Shasta,2021-01-12,489,4499,332,3662,157,837,0,0,313,2906,176,798,314,3704,California
Shasta,2021-01-13,602,5101,269,3931,333,1170,0,0,431,3166,171,969,431,4135,California
Shasta,2021-01-14,504,5605,52,3983,452,1622,0,0,486,3634,18,987,486,4621,California
Shasta,2021-01-15,690,6295,136,4119,554,2176,0,0,688,4320,2,989,688,5309,California
Shasta,2021-01-16,896,7191,53,4172,843,3019,0,0,893,5210,3,992,893,6202,California
Shasta,2021-01-17,27,7218,6,4178,21,3040,0,0,23,5229,4,996,23,6225,California
Shasta,2021-01-18,599,7817,129,4307,470,3510,0,0,591,5812,8,1004,591,6816,California
Shasta,2021-01-19,1078,8895,414,4721,664,4174,0,0,929,6592,149,1153,929,7745,California
Shasta,2021-01-20,759,9654,491,5212,268,4442,0,0,574,6986,180,1333,574,8319,California
Shasta,2021-01-21,689,10343,335,5547,354,4796,0,0,667,7631,22,1355,667,8986,California
Shasta,2021-01-22,450,10793,177,5724,273,5069,0,0,444,8069,6,1361,444,9430,California
Shasta,2021-01-23,69,10862,5,5729,64,5133,0,0,67,8134,2,1363,67,9497,California
Shasta,2021-01-24,26,10888,3,5732,23,5156,0,0,25,8158,1,1364,25,9522,California
Shasta,2021-01-25,763,11651,503,6235,260,5416,0,0,472,8340,290,1654,472,9994,California
Shasta,2021-01-26,714,12365,334,6569,380,5796,0,0,478,8585,233,1887,478,10472,California
Shasta,2021-01-27,463,12828,181,6750,282,6078,0,0,413,8949,49,1936,413,10885,California
Shasta,2021-01-28,919,13747,581,7331,338,6416,0,0,697,9424,222,2158,697,11582,California
Shasta,2021-01-29,833,14580,330,7661,503,6919,0,0,643,9879,189,2347,644,12226,California
Shasta,2021-01-30,615,15195,14,7675,601,7520,0,0,605,10474,10,2357,605,12831,California
Shasta,2021-01-31,27,15222,4,7679,23,7543,0,0,25,10497,2,2359,25,12856,California
Shasta,2021-02-01,532,15754,149,7828,383,7926,0,0,385,10735,147,2506,385,13241,California
Shasta,2021-02-02,994,16748,502,8330,492,8418,0,0,901,11545,91,2597,901,14142,California
Shasta,2021-02-03,728,17476,213,8543,515,8933,0,0,492,11802,235,2832,492,14634,California
Shasta,2021-02-04,1107,18583,680,9223,427,9360,0,0,911,12520,193,3025,911,15545,California
Shasta,2021-02-05,1269,19852,168,9391,1101,10461,0,0,1058,13369,209,3234,1058,16603,California
Shasta,2021-02-06,1745,21597,40,9431,1705,12166,0,0,1721,15067,24,3258,1722,18325,California
Shasta,2021-02-07,25,21622,3,9434,22,12188,0,0,23,15088,2,3260,23,18348,California
Shasta,2021-02-08,601,22223,170,9604,431,12619,0,0,308,15104,292,3552,308,18656,California
Shasta,2021-02-09,1129,23352,658,10262,471,13090,0,0,707,15390,422,3974,708,19364,California
Shasta,2021-02-10,1128,24480,791,11053,337,13427,0,0,544,15351,583,4557,544,19908,California
Shasta,2021-02-11,894,25374,188,11241,706,14133,0,0,316,15094,573,5130,316,20224,California
Shasta,2021-02-12,1805,27179,1218,12459,587,14720,0,0,1245,15779,560,5690,1245,21469,California
Shasta,2021-02-13,1382,28561,374,12833,1008,15728,0,0,569,15537,812,6502,570,22039,California
Shasta,2021-02-14,150,28711,5,12838,145,15873,0,0,124,15635,26,6528,124,22163,California
Shasta,2021-02-15,381,29092,93,12931,288,16161,0,0,211,15676,170,6698,211,22374,California
Shasta,2021-02-16,1204,30296,523,13454,681,16842,0,0,426,15326,776,7474,426,22800,California
Shasta,2021-02-17,1038,31334,439,13893,599,17441,0,0,411,15110,627,8101,411,23211,California
Shasta,2021-02-18,961,32295,475,14368,486,17927,0,0,462,15074,499,8600,463,23674,California
Shasta,2021-02-19,1346,33641,953,15321,393,18320,0,0,873,15475,472,9072,873,24547,California
Shasta,2021-02-20,818,34459,100,15421,718,19038,0,0,319,15295,499,9571,319,24866,California
Shasta,2021-02-21,33,34492,3,15424,30,19068,0,0,12,15286,21,9592,12,24878,California
Shasta,2021-02-22,436,34928,80,15504,356,19424,0,0,182,15215,253,9845,182,25060,California
Shasta,2021-02-23,920,35848,473,15977,447,19871,0,0,329,14953,591,10436,329,25389,California
Shasta,2021-02-24,901,36749,515,16492,386,20257,0,0,280,14614,619,11055,280,25669,California
Shasta,2021-02-25,530,37279,174,16666,356,20613,0,0,145,14376,383,11438,145,25814,California
Shasta,2021-02-26,797,38076,98,16764,699,21312,0,0,336,14253,459,11897,336,26150,California
Shasta,2021-02-27,886,38962,77,16841,809,22121,0,0,240,13852,641,12538,240,26390,California
Shasta,2021-02-28,176,39138,4,16845,172,22293,0,0,127,13930,49,12587,127,26517,California
Shasta,2021-03-01,588,39726,61,16906,527,22820,0,0,297,13937,290,12877,297,26814,California
Shasta,2021-03-02,1036,40762,475,17381,561,23381,0,0,337,13577,697,13574,337,27151,California
Shasta,2021-03-03,683,41445,175,17556,508,23889,0,0,246,13387,436,14010,246,27397,California
Shasta,2021-03-04,3107,44552,2489,20045,618,24507,0,0,1787,13859,1315,15325,1787,29184,California
Shasta,2021-03-05,1939,46491,163,20208,1747,26254,29,29,801,13551,1138,16463,830,30014,California
Shasta,2021-03-06,2755,49246,385,20593,2323,28577,47,76,857,12559,1896,18359,904,30918,California
Shasta,2021-03-07,93,49339,4,20597,57,28634,32,108,40,12577,53,18412,71,30989,California
Shasta,2021-03-08,573,49912,50,20647,384,29018,139,247,158,12460,413,18825,296,31285,California
Shasta,2021-03-09,1256,51168,596,21243,482,29500,178,425,696,12775,558,19383,873,32158,California
Shasta,2021-03-10,804,51972,257,21500,345,29845,202,627,142,12456,661,20044,342,32500,California
Shasta,2021-03-11,1557,53529,472,21972,814,30659,271,898,940,13053,613,20657,1210,33710,California
Shasta,2021-03-12,1561,55090,849,22821,466,31125,246,1144,410,12558,1150,21807,655,34365,California
Shasta,2021-03-13,822,55912,425,23246,299,31424,98,1242,494,12822,326,22133,590,34955,California
Shasta,2021-03-14,1017,56929,8,23254,986,32410,23,1265,878,13586,139,22272,903,35858,California
Shasta,2021-03-15,496,57425,36,23290,361,32771,99,1364,209,13606,287,22559,307,36165,California
Shasta,2021-03-16,1145,58570,150,23440,927,33698,68,1432,858,14246,286,22845,926,37091,California
Shasta,2021-03-17,742,59312,192,23632,492,34190,58,1490,396,14363,337,23182,454,37545,California
Shasta,2021-03-18,1548,60860,589,24221,855,35045,104,1594,1116,15155,428,23610,1220,38765,California
Shasta,2021-03-19,648,61508,198,24419,394,35439,56,1650,411,15386,236,23846,467,39232,California
Shasta,2021-03-20,747,62255,488,24907,245,35684,14,1664,543,15739,204,24050,557,39789,California
Shasta,2021-03-21,313,62568,298,25205,4,35688,11,1675,285,16008,27,24077,296,40085,California
Shasta,2021-03-22,349,62917,39,25244,274,35962,36,1711,199,16095,148,24225,235,40320,California
Shasta,2021-03-23,1312,64229,652,25896,601,36563,59,1770,756,16360,550,24775,815,41135,California
Shasta,2021-03-24,610,64839,154,26050,418,36981,38,1808,367,16523,242,25017,405,41540,California
Shasta,2021-03-25,1135,65974,452,26502,662,37643,21,1829,821,17055,311,25328,843,42383,California
Shasta,2021-03-26,1838,67812,1403,27905,405,38048,30,1859,1475,18199,362,25690,1506,43889,California
Shasta,2021-03-27,1596,69408,406,28311,318,38366,872,2731,579,18630,1015,26705,1446,45335,California
Shasta,2021-03-28,408,69816,301,28612,97,38463,10,2741,302,18838,104,26809,312,45647,California
Shasta,2021-03-29,422,70238,40,28652,370,38833,12,2753,166,18761,255,27064,178,45825,California
Shasta,2021-03-30,1247,71485,770,29422,460,39293,17,2770,625,18784,619,27683,642,46467,California
Shasta,2021-03-31,620,72105,207,29629,407,39700,6,2776,383,18940,233,27916,389,46856,California
Shasta,2021-04-01,897,73002,247,29876,637,40337,13,2789,575,19208,320,28236,588,47444,California
Shasta,2021-04-02,757,73759,198,30074,504,40841,55,2844,411,19331,343,28579,466,47910,California
Shasta,2021-04-03,512,74271,360,30434,133,40974,19,2863,387,19612,125,28704,406,48316,California
Shasta,2021-04-04,292,74563,175,30609,96,41070,21,2884,218,19777,74,28778,239,48555,California
Shasta,2021-04-05,445,75008,70,30679,312,41382,63,2947,254,19903,191,28969,317,48872,California
Shasta,2021-04-06,1172,76180,487,31166,507,41889,178,3125,540,19993,627,29596,717,49589,California
Shasta,2021-04-07,663,76843,215,31381,283,42172,165,3290,259,20015,400,29996,422,50011,California
Shasta,2021-04-08,1152,77995,264,31645,731,42903,157,3447,221,19464,927,30923,376,50387,California
Shasta,2021-04-09,2601,80596,2078,33723,310,43213,213,3660,2017,21113,577,31500,2226,52613,California
Shasta,2021-04-10,885,81481,597,34320,157,43370,131,3791,245,20848,639,32139,374,52987,California
Shasta,2021-04-11,1252,82733,399,34719,833,44203,20,3811,144,19908,1104,33243,164,53151,California
Shasta,2021-04-12,343,83076,7,34726,272,44475,64,3875,98,19825,244,33487,161,53312,California
Shasta,2021-04-13,1279,84355,368,35094,909,45384,2,3877,340,19232,934,34421,341,53653,California
Shasta,2021-04-14,595,84950,143,35237,450,45834,2,3879,220,19080,374,34795,222,53875,California
Shasta,2021-04-15,1085,86035,259,35496,825,46659,1,3880,301,18603,778,35573,301,54176,California
Shasta,2021-04-16,2362,88397,1861,37357,501,47160,0,3880,951,18145,1409,36982,951,55127,California
Shasta,2021-04-17,648,89045,417,37774,231,47391,0,3880,193,17884,455,37437,194,55321,California
Shasta,2021-04-18,270,89315,244,38018,26,47417,0,3880,35,17686,233,37670,35,55356,California
Shasta,2021-04-19,387,89702,28,38046,359,47776,0,3880,168,17635,219,37889,168,55524,California
Shasta,2021-04-20,1030,90732,266,38312,764,48540,0,3880,385,17377,643,38532,385,55909,California
Shasta,2021-04-21,624,91356,228,38540,396,48936,0,3880,317,17387,307,38839,317,56226,California
Shasta,2021-04-22,970,92326,286,38826,684,49620,0,3880,300,17019,668,39507,300,56526,California
Shasta,2021-04-23,668,92994,262,39088,406,50026,0,3880,339,17030,328,39835,339,56865,California
Shasta,2021-04-24,601,93595,358,39446,242,50268,1,3881,109,16649,490,40325,109,56974,California
Shasta,2021-04-25,210,93805,180,39626,29,50297,1,3882,36,16512,174,40499,37,57011,California
Shasta,2021-04-26,505,94310,57,39683,443,50740,5,3887,356,16725,147,40646,360,57371,California
Shasta,2021-04-27,553,94863,183,39866,331,51071,39,3926,302,16817,247,40893,339,57710,California
Shasta,2021-04-28,584,95447,166,40032,385,51456,33,3959,250,16765,334,41227,282,57992,California
Shasta,2021-04-29,782,96229,121,40153,637,52093,24,3983,179,16366,602,41829,203,58195,California
Shasta,2021-04-30,2277,98506,1848,42001,397,52490,32,4015,272,14667,2003,43832,304,58499,California
Shasta,2021-05-01,232,98738,21,42022,135,52625,76,4091,103,14717,129,43961,179,58678,California
Shasta,2021-05-02,49,98787,17,42039,19,52644,13,4104,22,14725,27,43988,35,58713,California
Shasta,2021-05-03,357,99144,99,42138,232,52876,26,4130,113,14622,242,44230,139,58852,California
Shasta,2021-05-04,536,99680,201,42339,296,53172,39,4169,252,14632,281,44511,291,59143,California
Shasta,2021-05-05,451,100131,152,42491,281,53453,18,4187,207,14613,244,44755,225,59368,California
Shasta,2021-05-06,692,100823,263,42754,389,53842,40,4227,296,14560,387,45142,334,59702,California
Shasta,2021-05-07,1120,101943,742,43496,338,54180,40,4267,301,14083,818,45960,341,60043,California
Shasta,2021-05-08,176,102119,85,43581,80,54260,11,4278,104,14125,72,46032,114,60157,California
Shasta,2021-05-09,65,102184,15,43596,45,54305,5,4283,34,14133,31,46063,39,60196,California
Shasta,2021-05-10,258,102442,23,43619,186,54491,49,4332,112,14148,144,46207,159,60355,California
Shasta,2021-05-11,523,102965,160,43779,212,54703,151,4483,182,14141,340,46547,333,60688,California
Shasta,2021-05-12,398,103363,147,43926,227,54930,24,4507,133,14034,264,46811,157,60845,California
Shasta,2021-05-13,580,103943,241,44167,322,55252,17,4524,225,13923,353,47164,242,61087,California
Shasta,2021-05-14,644,104587,274,44441,344,55596,26,4550,294,13895,349,47513,321,61408,California
Shasta,2021-05-15,398,104985,130,44571,165,55761,103,4653,168,13936,229,47742,270,61678,California
Shasta,2021-05-16,222,105207,155,44726,57,55818,10,4663,163,14050,59,47801,173,61851,California
Shasta,2021-05-17,538,105745,246,44972,232,56050,60,4723,282,14137,255,48056,342,62193,California
Shasta,2021-05-18,619,106364,293,45265,301,56351,25,4748,325,14194,293,48349,350,62543,California
Shasta,2021-05-19,589,106953,278,45543,243,56594,68,4816,278,14233,307,48656,346,62889,California
Shasta,2021-05-20,570,107523,255,45798,296,56890,19,4835,264,14212,303,48959,282,63171,California
Shasta,2021-05-21,656,108179,301,46099,336,57226,19,4854,331,14240,322,49281,350,63521,California
Shasta,2021-05-22,235,108414,134,46233,93,57319,8,4862,143,14303,89,49370,152,63673,California
Shasta,2021-05-23,112,108526,47,46280,56,57375,9,4871,67,14334,45,49415,76,63749,California
Shasta,2021-05-24,547,109073,171,46451,344,57719,32,4903,191,14203,354,49769,223,63972,California
Shasta,2021-05-25,467,109540,200,46651,222,57941,45,4948,159,14102,304,50073,203,64175,California
Shasta,2021-05-26,371,109911,146,46797,200,58141,25,4973,147,14051,223,50296,172,64347,California
Shasta,2021-05-27,418,110329,152,46949,257,58398,9,4982,154,13953,261,50557,163,64510,California
Shasta,2021-05-28,441,110770,197,47146,215,58613,29,5011,204,13952,234,50791,233,64743,California
Shasta,2021-05-29,226,110996,65,47211,130,58743,31,5042,88,13931,138,50929,117,64860,California
Shasta,2021-05-30,84,111080,48,47259,34,58777,2,5044,53,13955,31,50960,55,64915,California
Shasta,2021-05-31,34,111114,8,47267,25,58802,1,5045,11,13945,22,50982,12,64927,California
Shasta,2021-06-01,525,111639,155,47422,225,59027,145,5190,134,13841,384,51366,280,65207,California
Shasta,2021-06-02,293,111932,119,47541,165,59192,9,5199,119,13797,172,51538,128,65335,California
Shasta,2021-06-03,371,112303,159,47700,203,59395,9,5208,119,13674,251,51789,128,65463,California
Shasta,2021-06-04,565,112868,281,47981,256,59651,28,5236,197,13532,367,52156,225,65688,California
Shasta,2021-06-05,260,113128,154,48135,89,59740,17,5253,78,13447,181,52337,96,65784,California
Shasta,2021-06-06,162,113290,128,48263,32,59772,2,5255,48,13383,114,52451,50,65834,California
Shasta,2021-06-07,405,113695,236,48499,152,59924,17,5272,109,13214,295,52746,126,65960,California
Shasta,2021-06-08,514,114209,308,48807,160,60084,46,5318,152,13052,359,53105,197,66157,California
Shasta,2021-06-09,483,114692,272,49079,123,60207,88,5406,112,12883,368,53473,199,66356,California
Shasta,2021-06-10,411,115103,246,49325,140,60347,25,5431,127,12757,278,53751,152,66508,California
Shasta,2021-06-11,465,115568,253,49578,175,60522,37,5468,127,12584,336,54087,163,66671,California
Shasta,2021-06-12,211,115779,138,49716,67,60589,6,5474,77,12534,133,54220,83,66754,California
Shasta,2021-06-13,89,115868,55,49771,32,60621,2,5476,25,12497,64,54284,27,66781,California
Shasta,2021-06-14,284,116152,155,49926,111,60732,18,5494,83,12398,200,54484,101,66882,California
Shasta,2021-06-15,462,116614,233,50159,113,60845,116,5610,160,12372,296,54780,270,67152,California
Shasta,2021-06-16,256,116870,149,50308,95,60940,12,5622,82,12296,170,54950,94,67246,California
Shasta,2021-06-17,283,117153,118,50426,129,61069,36,5658,99,12248,183,55133,135,67381,California
Shasta,2021-06-18,367,117520,224,50650,122,61191,21,5679,154,12211,212,55345,175,67556,California
Shasta,2021-06-19,115,117635,75,50725,38,61229,2,5681,52,12203,62,55407,54,67610,California
Shasta,2021-06-20,56,117691,35,50760,18,61247,3,5684,21,12192,35,55442,24,67634,California
Shasta,2021-06-21,202,117893,64,50824,109,61356,29,5713,81,12182,120,55562,110,67744,California
Shasta,2021-06-22,372,118265,142,50966,81,61437,149,5862,94,12145,270,55832,233,67977,California
Shasta,2021-06-23,221,118486,131,51097,73,61510,17,5879,93,12128,127,55959,110,68087,California
Shasta,2021-06-24,226,118712,137,51234,71,61581,18,5897,91,12104,133,56092,109,68196,California
Shasta,2021-06-25,298,119010,203,51437,82,61663,13,5910,123,12064,175,56267,135,68331,California
Shasta,2021-06-26,137,119147,80,51517,47,61710,10,5920,55,12048,81,56348,65,68396,California
Shasta,2021-06-27,68,119215,45,51562,19,61729,4,5924,24,12032,44,56392,28,68424,California
Shasta,2021-06-28,187,119402,121,51683,49,61778,17,5941,92,12046,95,56487,109,68533,California
Shasta,2021-06-29,265,119667,155,51838,82,61860,28,5969,99,12010,163,56650,127,68660,California
Shasta,2021-06-30,200,119867,113,51951,75,61935,12,5981,86,11995,113,56763,98,68758,California
Shasta,2021-07-01,211,120078,138,52089,62,61997,11,5992,84,11965,125,56888,95,68853,California
Shasta,2021-07-02,263,120341,171,52260,79,62076,13,6005,120,11957,141,57029,133,68986,California
Shasta,2021-07-03,62,120403,43,52303,17,62093,2,6007,23,11943,39,57068,25,69011,California
Sierra,2020-12-18,1,1,1,1,0,0,0,0,1,1,0,0,1,1,California
Sierra,2020-12-21,2,3,2,3,0,0,0,0,2,3,0,0,2,3,California
Sierra,2020-12-22,12,15,12,15,0,0,0,0,12,15,0,0,12,15,California
Sierra,2020-12-23,4,19,4,19,0,0,0,0,4,19,0,0,4,19,California
Sierra,2020-12-28,1,20,0,19,1,1,0,0,1,20,0,0,1,20,California
Sierra,2020-12-29,50,70,7,26,43,44,0,0,50,70,0,0,50,70,California
Sierra,2020-12-30,2,72,0,26,2,46,0,0,2,72,0,0,2,72,California
Sierra,2020-12-31,13,85,0,26,13,59,0,0,13,85,0,0,13,85,California
Sierra,2021-01-01,1,86,1,27,0,59,0,0,1,86,0,0,1,86,California
Sierra,2021-01-05,63,149,2,29,61,120,0,0,63,149,0,0,63,149,California
Sierra,2021-01-06,1,150,1,30,0,120,0,0,1,150,0,0,1,150,California
Sierra,2021-01-07,21,171,1,31,20,140,0,0,20,169,1,1,20,170,California
Sierra,2021-01-08,1,172,1,32,0,140,0,0,1,170,0,1,1,171,California
Sierra,2021-01-11,3,175,3,35,0,140,0,0,0,167,3,4,0,171,California
Sierra,2021-01-12,39,214,12,47,27,167,0,0,27,182,12,16,27,198,California
Sierra,2021-01-13,4,218,3,50,1,168,0,0,1,180,3,19,1,199,California
Sierra,2021-01-14,35,253,2,52,33,201,0,0,35,215,0,19,35,234,California
Sierra,2021-01-15,3,256,1,53,2,203,0,0,3,218,0,19,3,237,California
Sierra,2021-01-18,3,259,0,53,3,206,0,0,3,221,0,19,3,240,California
Sierra,2021-01-19,31,290,0,53,31,237,0,0,31,252,0,19,31,271,California
Sierra,2021-01-20,1,291,1,54,0,237,0,0,1,253,0,19,1,272,California
Sierra,2021-01-21,52,343,0,54,52,289,0,0,52,305,0,19,52,324,California
Sierra,2021-01-22,2,345,0,54,2,291,0,0,2,307,0,19,2,326,California
Sierra,2021-01-23,2,347,0,54,2,293,0,0,2,309,0,19,2,328,California
Sierra,2021-01-25,1,348,1,55,0,293,0,0,1,310,0,19,1,329,California
Sierra,2021-01-26,63,411,1,56,62,355,0,0,24,295,39,58,24,353,California
Sierra,2021-01-27,4,415,4,60,0,355,0,0,0,291,4,62,0,353,California
Sierra,2021-01-28,53,468,0,60,53,408,0,0,43,324,10,72,43,396,California
Sierra,2021-01-29,2,470,0,60,2,410,0,0,2,326,0,72,2,398,California
Sierra,2021-01-30,3,473,3,63,0,410,0,0,2,327,1,73,2,400,California
Sierra,2021-02-01,1,474,0,63,1,411,0,0,0,326,1,74,0,400,California
Sierra,2021-02-02,57,531,1,64,56,467,0,0,18,305,39,113,18,418,California
Sierra,2021-02-03,6,537,5,69,1,468,0,0,5,309,1,114,5,423,California
Sierra,2021-02-04,102,639,5,74,97,565,0,0,53,313,49,163,53,476,California
Sierra,2021-02-05,6,645,4,78,2,567,0,0,5,317,1,164,5,481,California
Sierra,2021-02-09,51,696,0,78,51,618,0,0,48,362,3,167,48,529,California
Sierra,2021-02-10,5,701,2,80,3,621,0,0,4,365,1,168,4,533,California
Sierra,2021-02-11,195,896,1,81,194,815,0,0,134,438,61,229,134,667,California
Sierra,2021-02-12,20,916,0,81,20,835,0,0,20,458,0,229,20,687,California
Sierra,2021-02-13,1,917,1,82,0,835,0,0,1,459,0,229,1,688,California
Sierra,2021-02-15,4,921,3,85,1,836,0,0,0,455,4,233,0,688,California
Sierra,2021-02-16,43,964,1,86,42,878,0,0,10,432,33,266,10,698,California
Sierra,2021-02-17,4,968,0,86,4,882,0,0,1,430,3,269,1,699,California
Sierra,2021-02-18,139,1107,0,86,139,1021,0,0,90,471,49,318,90,789,California
Sierra,2021-02-19,2,1109,1,87,1,1022,0,0,1,471,1,319,1,790,California
Sierra,2021-02-20,2,1111,2,89,0,1022,0,0,0,469,2,321,0,790,California
Sierra,2021-02-22,1,1112,1,90,0,1022,0,0,1,470,0,321,1,791,California
Sierra,2021-02-23,4,1116,0,90,4,1026,0,0,4,474,0,321,4,795,California
Sierra,2021-02-24,3,1119,2,92,1,1027,0,0,3,477,0,321,3,798,California
Sierra,2021-02-25,124,1243,2,94,122,1149,0,0,58,470,65,386,58,856,California
Sierra,2021-02-26,11,1254,6,100,5,1154,0,0,4,467,7,393,4,860,California
Sierra,2021-02-27,2,1256,2,102,0,1154,0,0,0,465,2,395,0,860,California
Sierra,2021-03-01,2,1258,2,104,0,1154,0,0,0,463,2,397,0,860,California
Sierra,2021-03-02,56,1314,0,104,56,1210,0,0,38,483,18,415,38,898,California
Sierra,2021-03-03,2,1316,2,106,0,1210,0,0,1,483,1,416,1,899,California
Sierra,2021-03-04,108,1424,0,106,108,1318,0,0,60,495,48,464,60,959,California
Sierra,2021-03-05,13,1437,1,107,12,1330,0,0,11,504,2,466,11,970,California
Sierra,2021-03-07,1,1438,1,108,0,1330,0,0,0,503,1,467,0,970,California
Sierra,2021-03-08,2,1440,2,110,0,1330,0,0,2,505,0,467,2,972,California
Sierra,2021-03-09,56,1496,0,110,56,1386,0,0,12,473,44,511,12,984,California
Sierra,2021-03-10,6,1502,0,110,6,1392,0,0,4,475,2,513,4,988,California
Sierra,2021-03-11,173,1675,0,110,173,1565,0,0,41,384,132,645,41,1029,California
Sierra,2021-03-12,20,1695,1,111,19,1584,0,0,0,364,20,665,0,1029,California
Sierra,2021-03-13,27,1722,0,111,27,1611,0,0,27,391,0,665,27,1056,California
Sierra,2021-03-14,1,1723,0,111,0,1611,1,1,0,391,1,666,1,1057,California
Sierra,2021-03-15,2,1725,1,112,0,1611,1,2,0,390,2,668,1,1058,California
Sierra,2021-03-16,35,1760,0,112,34,1645,1,3,22,400,13,681,23,1081,California
Sierra,2021-03-17,3,1763,2,114,1,1646,0,3,0,397,3,684,0,1081,California
Sierra,2021-03-18,157,1920,0,114,157,1803,0,3,65,370,92,776,65,1146,California
Sierra,2021-03-19,4,1924,2,116,2,1805,0,3,1,368,3,779,1,1147,California
Sierra,2021-03-20,1,1925,0,116,1,1806,0,3,1,369,0,779,1,1148,California
Sierra,2021-03-23,22,1947,0,116,22,1828,0,3,13,373,9,788,13,1161,California
Sierra,2021-03-24,3,1950,1,117,2,1830,0,3,1,372,2,790,1,1162,California
Sierra,2021-03-25,98,2048,0,117,98,1928,0,3,49,372,49,839,49,1211,California
Sierra,2021-03-26,12,2060,1,118,11,1939,0,3,8,376,4,843,8,1219,California
Sierra,2021-03-27,1,2061,0,118,1,1940,0,3,0,375,1,844,0,1219,California
Sierra,2021-03-29,1,2062,1,119,0,1940,0,3,0,374,1,845,0,1219,California
Sierra,2021-03-30,54,2116,1,120,53,1993,0,3,22,364,32,877,22,1241,California
Sierra,2021-03-31,8,2124,0,120,8,2001,0,3,8,372,0,877,8,1249,California
Sierra,2021-04-01,63,2187,1,121,62,2063,0,3,5,321,56,933,5,1254,California
Sierra,2021-04-02,3,2190,2,123,1,2064,0,3,2,322,1,934,2,1256,California
Sierra,2021-04-04,1,2191,0,123,1,2065,0,3,0,322,0,934,0,1256,California
Sierra,2021-04-06,11,2202,0,123,11,2076,0,3,1,313,10,944,1,1257,California
Sierra,2021-04-07,14,2216,3,126,6,2082,5,8,3,311,10,954,8,1265,California
Sierra,2021-04-08,53,2269,2,128,51,2133,0,8,16,290,37,991,16,1281,California
Sierra,2021-04-09,2,2271,2,130,0,2133,0,8,1,290,1,992,1,1282,California
Sierra,2021-04-10,27,2298,0,130,27,2160,0,8,0,263,27,1019,0,1282,California
Sierra,2021-04-13,43,2341,0,130,43,2203,0,8,5,230,38,1057,5,1287,California
Sierra,2021-04-14,1,2342,0,130,1,2204,0,8,1,231,0,1057,1,1288,California
Sierra,2021-04-15,48,2390,1,131,47,2251,0,8,2,187,46,1103,2,1290,California
Sierra,2021-04-17,2,2392,1,132,1,2252,0,8,1,187,1,1104,1,1291,California
Sierra,2021-04-18,1,2393,0,132,1,2253,0,8,0,187,0,1104,0,1291,California
Sierra,2021-04-19,1,2394,1,133,0,2253,0,8,0,186,1,1105,0,1291,California
Sierra,2021-04-20,33,2427,0,133,33,2286,0,8,7,167,26,1131,7,1298,California
Sierra,2021-04-21,2,2429,1,134,1,2287,0,8,1,167,1,1132,1,1299,California
Sierra,2021-04-22,64,2493,1,135,63,2350,0,8,5,114,58,1190,5,1304,California
Sierra,2021-04-23,13,2506,0,135,13,2363,0,8,4,109,9,1199,4,1308,California
Sierra,2021-04-24,4,2510,0,135,4,2367,0,8,4,113,0,1199,4,1312,California
Sierra,2021-04-26,1,2511,0,135,1,2368,0,8,1,114,0,1199,1,1313,California
Sierra,2021-04-27,27,2538,0,135,27,2395,0,8,4,95,23,1222,4,1317,California
Sierra,2021-04-28,10,2548,2,137,8,2403,0,8,1,87,9,1231,1,1318,California
Sierra,2021-04-29,20,2568,2,139,18,2421,0,8,14,95,6,1237,14,1332,California
Sierra,2021-04-30,4,2572,2,141,2,2423,0,8,2,95,2,1239,2,1334,California
Sierra,2021-05-01,1,2573,0,141,1,2424,0,8,0,95,0,1239,0,1334,California
Sierra,2021-05-03,1,2574,1,142,0,2424,0,8,1,96,0,1239,1,1335,California
Sierra,2021-05-04,1,2575,0,142,1,2425,0,8,0,95,1,1240,0,1335,California
Sierra,2021-05-05,23,2598,1,143,22,2447,0,8,8,88,15,1255,8,1343,California
Sierra,2021-05-06,1,2599,1,144,0,2447,0,8,0,87,1,1256,0,1343,California
Sierra,2021-05-07,1,2600,1,145,0,2447,0,8,1,88,0,1256,1,1344,California
Sierra,2021-05-08,1,2601,0,145,0,2447,1,9,0,88,1,1257,1,1345,California
Sierra,2021-05-11,11,2612,0,145,4,2451,7,16,0,84,11,1268,7,1352,California
Sierra,2021-05-12,11,2623,1,146,10,2461,0,16,8,89,3,1271,8,1360,California
Sierra,2021-05-13,3,2626,2,148,1,2462,0,16,2,90,1,1272,2,1362,California
Sierra,2021-05-14,3,2629,1,149,2,2464,0,16,3,93,0,1272,3,1365,California
Sierra,2021-05-17,1,2630,1,150,0,2464,0,16,1,94,0,1272,1,1366,California
Sierra,2021-05-18,2,2632,0,150,1,2465,1,17,0,93,2,1274,1,1367,California
Sierra,2021-05-19,6,2638,2,152,4,2469,0,17,2,91,4,1278,2,1369,California
Sierra,2021-05-20,9,2647,8,160,0,2469,1,18,8,99,1,1279,9,1378,California
Sierra,2021-05-21,4,2651,2,162,2,2471,0,18,1,97,3,1282,1,1379,California
Sierra,2021-05-22,5,2656,0,162,5,2476,0,18,1,94,4,1286,1,1380,California
Sierra,2021-05-23,1,2657,0,162,1,2477,0,18,1,95,0,1286,1,1381,California
Sierra,2021-05-24,3,2660,1,163,2,2479,0,18,2,96,1,1287,2,1383,California
Sierra,2021-05-25,3,2663,0,163,3,2482,0,18,1,95,2,1289,1,1384,California
Sierra,2021-05-26,8,2671,0,163,8,2490,0,18,4,95,4,1293,4,1388,California
Sierra,2021-05-27,9,2680,1,164,7,2497,1,19,2,91,7,1300,3,1391,California
Sierra,2021-05-28,4,2684,2,166,2,2499,0,19,2,91,2,1302,2,1393,California
Sierra,2021-05-29,2,2686,0,166,2,2501,0,19,2,93,0,1302,2,1395,California
Sierra,2021-05-30,1,2687,1,167,0,2501,0,19,1,94,0,1302,1,1396,California
Sierra,2021-06-01,1,2688,0,167,1,2502,0,19,0,93,1,1303,0,1396,California
Sierra,2021-06-02,23,2711,0,167,21,2523,2,21,0,73,22,1325,2,1398,California
Sierra,2021-06-03,3,2714,2,169,1,2524,0,21,0,70,3,1328,0,1398,California
Sierra,2021-06-04,2,2716,2,171,0,2524,0,21,1,70,1,1329,1,1399,California
Sierra,2021-06-08,1,2717,1,172,0,2524,0,21,1,71,0,1329,1,1400,California
Sierra,2021-06-09,8,2725,1,173,5,2529,2,23,0,65,8,1337,2,1402,California
Sierra,2021-06-10,8,2733,8,181,0,2529,0,23,4,65,4,1341,4,1406,California
Sierra,2021-06-11,3,2736,1,182,2,2531,0,23,0,62,3,1344,0,1406,California
Sierra,2021-06-12,1,2737,1,183,0,2531,0,23,1,63,0,1344,1,1407,California
Sierra,2021-06-13,1,2738,1,184,0,2531,0,23,0,62,1,1345,0,1407,California
Sierra,2021-06-14,6,2744,4,188,1,2532,1,24,2,61,4,1349,3,1410,California
Sierra,2021-06-15,2,2746,1,189,1,2533,0,24,1,62,0,1349,1,1411,California
Sierra,2021-06-16,6,2752,1,190,5,2538,0,24,2,60,4,1353,2,1413,California
Sierra,2021-06-17,4,2756,2,192,1,2539,1,25,2,61,2,1355,3,1416,California
Sierra,2021-06-18,2,2758,1,193,0,2539,1,26,0,60,2,1357,1,1417,California
Sierra,2021-06-21,1,2759,0,193,1,2540,0,26,0,59,1,1358,0,1417,California
Sierra,2021-06-22,5,2764,3,196,2,2542,0,26,3,60,2,1360,3,1420,California
Sierra,2021-06-23,6,2770,0,196,6,2548,0,26,2,58,4,1364,2,1422,California
Sierra,2021-06-24,6,2776,0,196,2,2550,4,30,1,58,5,1369,5,1427,California
Sierra,2021-06-27,1,2777,1,197,0,2550,0,30,1,59,0,1369,1,1428,California
Sierra,2021-06-28,1,2778,0,197,0,2550,1,31,0,59,1,1370,1,1429,California
Sierra,2021-06-30,3,2781,2,199,0,2550,1,32,1,59,2,1372,2,1431,California
Sierra,2021-07-01,3,2784,1,200,2,2552,0,32,2,60,1,1373,2,1433,California
Sierra,2021-07-02,1,2785,1,201,0,2552,0,32,0,59,1,1374,0,1433,California
Sierra,2021-07-03,1,2786,1,202,0,2552,0,32,0,58,1,1375,0,1433,California
Siskiyou,2020-12-16,2,2,2,2,0,0,0,0,2,2,0,0,2,2,California
Siskiyou,2020-12-17,4,6,4,6,0,0,0,0,4,6,0,0,4,6,California
Siskiyou,2020-12-18,2,8,2,8,0,0,0,0,2,8,0,0,2,8,California
Siskiyou,2020-12-19,4,12,4,12,0,0,0,0,4,12,0,0,4,12,California
Siskiyou,2020-12-20,1,13,1,13,0,0,0,0,1,13,0,0,1,13,California
Siskiyou,2020-12-21,132,145,132,145,0,0,0,0,132,145,0,0,132,145,California
Siskiyou,2020-12-22,159,304,159,304,0,0,0,0,159,304,0,0,159,304,California
Siskiyou,2020-12-23,143,447,143,447,0,0,0,0,143,447,0,0,143,447,California
Siskiyou,2020-12-24,5,452,5,452,0,0,0,0,5,452,0,0,5,452,California
Siskiyou,2020-12-26,2,454,0,452,2,2,0,0,2,454,0,0,2,454,California
Siskiyou,2020-12-27,2,456,0,452,2,4,0,0,2,456,0,0,2,456,California
Siskiyou,2020-12-28,4,460,2,454,2,6,0,0,4,460,0,0,4,460,California
Siskiyou,2020-12-29,6,466,2,456,4,10,0,0,6,466,0,0,6,466,California
Siskiyou,2020-12-30,101,567,4,460,97,107,0,0,101,567,0,0,101,567,California
Siskiyou,2020-12-31,12,579,0,460,12,119,0,0,12,579,0,0,12,579,California
Siskiyou,2021-01-02,1,580,1,461,0,119,0,0,1,580,0,0,1,580,California
Siskiyou,2021-01-03,1,581,0,461,1,120,0,0,1,581,0,0,1,581,California
Siskiyou,2021-01-04,130,711,3,464,127,247,0,0,130,711,0,0,130,711,California
Siskiyou,2021-01-05,118,829,4,468,114,361,0,0,116,826,2,2,117,828,California
Siskiyou,2021-01-06,59,888,6,474,53,414,0,0,55,877,4,6,55,883,California
Siskiyou,2021-01-07,178,1066,4,478,174,588,0,0,177,1053,1,7,177,1060,California
Siskiyou,2021-01-08,41,1107,3,481,38,626,0,0,39,1090,2,9,39,1099,California
Siskiyou,2021-01-09,3,1110,3,484,0,626,0,0,1,1089,2,11,1,1100,California
Siskiyou,2021-01-11,296,1406,135,619,161,787,0,0,163,1119,133,144,163,1263,California
Siskiyou,2021-01-12,254,1660,205,824,49,836,0,0,91,1048,163,307,92,1355,California
Siskiyou,2021-01-13,160,1820,139,963,21,857,0,0,23,934,137,444,23,1378,California
Siskiyou,2021-01-14,36,1856,1,964,35,892,0,0,35,968,1,445,35,1413,California
Siskiyou,2021-01-15,55,1911,3,967,52,944,0,0,55,1023,0,445,55,1468,California
Siskiyou,2021-01-16,7,1918,2,969,5,949,0,0,7,1030,0,445,7,1475,California
Siskiyou,2021-01-17,1,1919,1,970,0,949,0,0,0,1029,1,446,0,1475,California
Siskiyou,2021-01-18,75,1994,3,973,72,1021,0,0,73,1100,2,448,73,1548,California
Siskiyou,2021-01-19,41,2035,1,974,40,1061,0,0,40,1139,1,449,40,1588,California
Siskiyou,2021-01-20,68,2103,35,1009,33,1094,0,0,64,1199,4,453,64,1652,California
Siskiyou,2021-01-21,69,2172,1,1010,68,1162,0,0,69,1268,0,453,69,1721,California
Siskiyou,2021-01-22,1345,3517,1177,2187,168,1330,0,0,1345,2613,0,453,1345,3066,California
Siskiyou,2021-01-23,6,3523,2,2189,4,1334,0,0,3,2613,3,456,3,3069,California
Siskiyou,2021-01-25,209,3732,9,2198,200,1534,0,0,205,2814,4,460,205,3274,California
Siskiyou,2021-01-26,158,3890,4,2202,154,1688,0,0,149,2954,9,469,149,3423,California
Siskiyou,2021-01-27,203,4093,3,2205,200,1888,0,0,138,3028,64,533,138,3561,California
Siskiyou,2021-01-28,260,4353,118,2323,142,2030,0,0,235,3244,19,552,235,3796,California
Siskiyou,2021-01-29,272,4625,3,2326,269,2299,0,0,253,3478,19,571,253,4049,California
Siskiyou,2021-01-30,6,4631,5,2331,1,2300,0,0,6,3484,0,571,6,4055,California
Siskiyou,2021-02-01,215,4846,3,2334,212,2512,0,0,114,3497,101,672,114,4169,California
Siskiyou,2021-02-02,319,5165,46,2380,273,2785,0,0,165,3508,154,826,165,4334,California
Siskiyou,2021-02-03,334,5499,1,2381,333,3118,0,0,265,3704,69,895,265,4599,California
Siskiyou,2021-02-04,368,5867,7,2388,361,3479,0,0,227,3790,141,1036,227,4826,California
Siskiyou,2021-02-05,547,6414,4,2392,543,4022,0,0,372,3987,175,1211,372,5198,California
Siskiyou,2021-02-06,15,6429,0,2392,15,4037,0,0,15,4002,0,1211,15,5213,California
Siskiyou,2021-02-07,2,6431,1,2393,1,4038,0,0,2,4004,0,1211,2,5215,California
Siskiyou,2021-02-08,242,6673,4,2397,238,4276,0,0,217,4196,25,1236,217,5432,California
Siskiyou,2021-02-09,249,6922,4,2401,245,4521,0,0,196,4339,53,1289,196,5628,California
Siskiyou,2021-02-10,389,7311,41,2442,348,4869,0,0,319,4589,69,1358,319,5947,California
Siskiyou,2021-02-11,215,7526,1,2443,214,5083,0,0,185,4744,30,1388,185,6132,California
Siskiyou,2021-02-12,1705,9231,1199,3642,506,5589,0,0,497,4033,1208,2596,497,6629,California
Siskiyou,2021-02-13,36,9267,2,3644,34,5623,0,0,31,4059,5,2601,31,6660,California
Siskiyou,2021-02-14,6,9273,2,3646,4,5627,0,0,6,4065,0,2601,6,6666,California
Siskiyou,2021-02-15,105,9378,8,3654,97,5724,0,0,103,4166,2,2603,103,6769,California
Siskiyou,2021-02-16,138,9516,2,3656,136,5860,0,0,101,4230,37,2640,101,6870,California
Siskiyou,2021-02-17,298,9814,16,3672,282,6142,0,0,261,4454,37,2677,261,7131,California
Siskiyou,2021-02-18,272,10086,88,3760,184,6326,0,0,129,4440,143,2820,129,7260,California
Siskiyou,2021-02-19,97,10183,34,3794,63,6389,0,0,36,4417,59,2879,36,7296,California
Siskiyou,2021-02-20,23,10206,5,3799,18,6407,0,0,16,4428,7,2886,18,7314,California
Siskiyou,2021-02-21,1,10207,1,3800,0,6407,0,0,1,4429,0,2886,1,7315,California
Siskiyou,2021-02-22,218,10425,2,3802,216,6623,0,0,78,4367,140,3026,78,7393,California
Siskiyou,2021-02-23,347,10772,15,3817,332,6955,0,0,194,4408,153,3179,194,7587,California
Siskiyou,2021-02-24,173,10945,5,3822,168,7123,0,0,50,4335,123,3302,50,7637,California
Siskiyou,2021-02-25,317,11262,26,3848,291,7414,0,0,160,4339,156,3458,160,7797,California
Siskiyou,2021-02-26,676,11938,11,3859,665,8079,0,0,371,4405,305,3763,371,8168,California
Siskiyou,2021-02-27,32,11970,5,3864,27,8106,0,0,28,4429,4,3767,28,8196,California
Siskiyou,2021-02-28,4,11974,4,3868,0,8106,0,0,3,4431,1,3768,3,8199,California
Siskiyou,2021-03-01,295,12269,6,3874,289,8395,0,0,51,4238,244,4012,51,8250,California
Siskiyou,2021-03-02,211,12480,1,3875,210,8605,0,0,70,4167,141,4153,70,8320,California
Siskiyou,2021-03-03,353,12833,12,3887,341,8946,0,0,155,4124,198,4351,155,8475,California
Siskiyou,2021-03-04,834,13667,624,4511,210,9156,0,0,648,4586,186,4537,648,9123,California
Siskiyou,2021-03-05,353,14020,6,4517,336,9492,11,11,105,4457,245,4782,116,9239,California
Siskiyou,2021-03-06,43,14063,3,4520,33,9525,7,18,28,4477,15,4797,35,9274,California
Siskiyou,2021-03-07,12,14075,4,4524,0,9525,8,26,2,4477,10,4807,10,9284,California
Siskiyou,2021-03-08,440,14515,28,4552,377,9902,35,61,68,4208,372,5179,103,9387,California
Siskiyou,2021-03-09,178,14693,2,4554,122,10024,54,115,44,4172,134,5313,98,9485,California
Siskiyou,2021-03-10,281,14974,7,4561,244,10268,30,145,26,3973,255,5568,56,9541,California
Siskiyou,2021-03-11,521,15495,205,4766,269,10537,47,192,282,4064,238,5806,329,9870,California
Siskiyou,2021-03-12,697,16192,141,4907,517,11054,39,231,184,3775,511,6317,222,10092,California
Siskiyou,2021-03-13,427,16619,379,5286,25,11079,23,254,379,4129,48,6365,402,10494,California
Siskiyou,2021-03-14,19,16638,0,5286,3,11082,16,270,1,4128,18,6383,17,10511,California
Siskiyou,2021-03-15,515,17153,258,5544,193,11275,64,334,339,4355,176,6559,403,10914,California
Siskiyou,2021-03-16,258,17411,34,5578,207,11482,17,351,140,4395,117,6676,157,11071,California
Siskiyou,2021-03-17,203,17614,9,5587,186,11668,8,359,35,4270,168,6844,43,11114,California
Siskiyou,2021-03-18,928,18542,790,6377,126,11794,12,371,807,4969,120,6964,819,11933,California
Siskiyou,2021-03-19,68,18610,10,6387,45,11839,13,384,19,4952,49,7013,32,11965,California
Siskiyou,2021-03-20,29,18639,7,6394,18,11857,4,388,6,4939,23,7036,10,11975,California
Siskiyou,2021-03-21,9,18648,3,6397,1,11858,5,393,3,4941,6,7042,8,11983,California
Siskiyou,2021-03-22,207,18855,21,6418,164,12022,22,415,143,5045,61,7103,165,12148,California
Siskiyou,2021-03-23,194,19049,19,6437,166,12188,9,424,141,5141,53,7156,149,12297,California
Siskiyou,2021-03-24,144,19193,48,6485,96,12284,0,424,115,5227,29,7185,115,12412,California
Siskiyou,2021-03-25,573,19766,320,6805,250,12534,3,427,399,5455,174,7359,402,12814,California
Siskiyou,2021-03-26,307,20073,35,6840,272,12806,0,427,103,5356,202,7561,103,12917,California
Siskiyou,2021-03-27,38,20111,5,6845,28,12834,5,432,10,5343,28,7589,15,12932,California
Siskiyou,2021-03-28,8,20119,7,6852,1,12835,0,432,5,5345,3,7592,5,12937,California
Siskiyou,2021-03-29,96,20215,10,6862,84,12919,2,434,46,5343,50,7642,48,12985,California
Siskiyou,2021-03-30,100,20315,6,6868,93,13012,1,435,40,5324,60,7702,41,13026,California
Siskiyou,2021-03-31,191,20506,21,6889,167,13179,3,438,48,5236,140,7842,52,13078,California
Siskiyou,2021-04-01,829,21335,670,7559,159,13338,0,438,214,4835,615,8457,214,13292,California
Siskiyou,2021-04-02,347,21682,197,7756,146,13484,4,442,66,4626,279,8736,70,13362,California
Siskiyou,2021-04-03,26,21708,5,7761,14,13498,7,449,5,4617,21,8757,12,13374,California
Siskiyou,2021-04-04,1,21709,0,7761,1,13499,0,449,1,4618,0,8757,1,13375,California
Siskiyou,2021-04-05,438,22147,331,8092,81,13580,26,475,26,4259,411,9168,52,13427,California
Siskiyou,2021-04-06,222,22369,37,8129,132,13712,53,528,129,4349,91,9259,181,13608,California
Siskiyou,2021-04-07,118,22487,11,8140,65,13777,42,570,66,4406,52,9311,109,13717,California
Siskiyou,2021-04-08,355,22842,187,8327,127,13904,41,611,65,4222,290,9601,106,13823,California
Siskiyou,2021-04-09,547,23389,377,8704,132,14036,38,649,85,3885,461,10062,124,13947,California
Siskiyou,2021-04-10,45,23434,5,8709,3,14039,37,686,6,3889,39,10101,43,13990,California
Siskiyou,2021-04-11,7,23441,4,8713,1,14040,2,688,2,3888,5,10106,4,13994,California
Siskiyou,2021-04-12,129,23570,24,8737,103,14143,2,690,31,3823,98,10204,33,14027,California
Siskiyou,2021-04-13,207,23777,37,8774,169,14312,1,691,81,3779,126,10330,82,14109,California
Siskiyou,2021-04-14,157,23934,64,8838,93,14405,0,691,85,3794,70,10400,85,14194,California
Siskiyou,2021-04-15,1117,25051,957,9795,160,14565,0,691,438,3554,679,11079,439,14633,California
Siskiyou,2021-04-16,314,25365,219,10014,95,14660,0,691,270,3782,42,11121,270,14903,California
Siskiyou,2021-04-17,11,25376,8,10022,3,14663,0,691,7,3785,4,11125,7,14910,California
Siskiyou,2021-04-18,5,25381,3,10025,2,14665,0,691,1,3782,4,11129,1,14911,California
Siskiyou,2021-04-19,129,25510,24,10049,105,14770,0,691,47,3747,82,11211,47,14958,California
Siskiyou,2021-04-20,236,25746,5,10054,231,15001,0,691,94,3700,141,11352,94,15052,California
Siskiyou,2021-04-21,96,25842,10,10064,86,15087,0,691,26,3656,70,11422,26,15078,California
Siskiyou,2021-04-22,414,26256,301,10365,113,15200,0,691,49,3340,365,11787,49,15127,California
Siskiyou,2021-04-23,182,26438,15,10380,167,15367,0,691,160,3479,21,11808,160,15287,California
Siskiyou,2021-04-24,28,26466,4,10384,24,15391,0,691,20,3491,8,11816,20,15307,California
Siskiyou,2021-04-25,2,26468,0,10384,2,15393,0,691,2,3493,0,11816,2,15309,California
Siskiyou,2021-04-26,101,26569,4,10388,92,15485,5,696,24,3445,77,11893,29,15338,California
Siskiyou,2021-04-27,114,26683,5,10393,107,15592,2,698,87,3509,25,11918,89,15427,California
Siskiyou,2021-04-28,111,26794,8,10401,95,15687,8,706,53,3512,58,11976,61,15488,California
Siskiyou,2021-04-29,150,26944,16,10417,133,15820,1,707,30,3423,120,12096,31,15519,California
Siskiyou,2021-04-30,102,27046,20,10437,81,15901,1,708,45,3414,54,12150,45,15564,California
Siskiyou,2021-05-01,11,27057,7,10444,1,15902,3,711,7,3420,4,12154,10,15574,California
Siskiyou,2021-05-02,10,27067,4,10448,6,15908,0,711,9,3428,1,12155,9,15583,California
Siskiyou,2021-05-03,109,27176,23,10471,84,15992,2,713,46,3413,63,12218,48,15631,California
Siskiyou,2021-05-04,123,27299,7,10478,114,16106,2,715,60,3413,62,12280,62,15693,California
Siskiyou,2021-05-05,115,27414,20,10498,86,16192,9,724,39,3386,75,12355,48,15741,California
Siskiyou,2021-05-06,367,27781,296,10794,65,16257,6,730,190,3405,177,12532,196,15937,California
Siskiyou,2021-05-07,308,28089,219,11013,84,16341,5,735,31,3165,276,12808,36,15973,California
Siskiyou,2021-05-08,25,28114,4,11017,20,16361,1,736,18,3177,7,12815,19,15992,California
Siskiyou,2021-05-09,1,28115,0,11017,1,16362,0,736,0,3176,1,12816,0,15992,California
Siskiyou,2021-05-10,98,28213,67,11084,30,16392,1,737,21,3121,77,12893,22,16014,California
Siskiyou,2021-05-11,87,28300,8,11092,74,16466,5,742,51,3141,36,12929,56,16070,California
Siskiyou,2021-05-12,56,28356,4,11096,48,16514,4,746,16,3121,40,12969,20,16090,California
Siskiyou,2021-05-13,84,28440,35,11131,40,16554,9,755,38,3122,46,13015,47,16137,California
Siskiyou,2021-05-14,176,28616,82,11213,93,16647,1,756,108,3164,67,13082,109,16246,California
Siskiyou,2021-05-15,43,28659,13,11226,28,16675,2,758,36,3196,6,13088,38,16284,California
Siskiyou,2021-05-16,6,28665,2,11228,4,16679,0,758,4,3198,2,13090,4,16288,California
Siskiyou,2021-05-17,65,28730,1,11229,41,16720,23,781,11,3178,54,13144,34,16322,California
Siskiyou,2021-05-18,221,28951,83,11312,134,16854,4,785,124,3210,96,13240,128,16450,California
Siskiyou,2021-05-19,157,29108,97,11409,59,16913,1,786,125,3304,32,13272,126,16576,California
Siskiyou,2021-05-20,533,29641,430,11839,101,17014,2,788,237,3249,294,13566,239,16815,California
Siskiyou,2021-05-21,198,29839,95,11934,103,17117,0,788,109,3270,88,13654,109,16924,California
Siskiyou,2021-05-22,42,29881,19,11953,23,17140,0,788,27,3282,15,13669,27,16951,California
Siskiyou,2021-05-23,4,29885,3,11956,1,17141,0,788,2,3282,2,13671,2,16953,California
Siskiyou,2021-05-24,18,29903,3,11959,15,17156,0,788,5,3275,12,13683,5,16958,California
Siskiyou,2021-05-25,157,30060,16,11975,121,17277,20,808,50,3240,105,13788,70,17028,California
Siskiyou,2021-05-26,76,30136,19,11994,57,17334,0,808,41,3246,35,13823,41,17069,California
Siskiyou,2021-05-27,133,30269,94,12088,37,17371,2,810,57,3229,76,13899,59,17128,California
Siskiyou,2021-05-28,153,30422,58,12146,94,17465,1,811,101,3280,51,13950,102,17230,California
Siskiyou,2021-05-29,16,30438,9,12155,4,17469,3,814,5,3277,11,13961,8,17238,California
Siskiyou,2021-05-31,2,30440,1,12156,0,17469,1,815,1,3278,1,13962,2,17240,California
Siskiyou,2021-06-01,86,30526,20,12176,66,17535,0,815,29,3251,56,14018,29,17269,California
Siskiyou,2021-06-02,121,30647,33,12209,88,17623,0,815,45,3220,76,14094,45,17314,California
Siskiyou,2021-06-03,156,30803,109,12318,42,17665,5,820,40,3149,116,14210,45,17359,California
Siskiyou,2021-06-04,100,30903,76,12394,24,17689,0,820,21,3091,79,14289,21,17380,California
Siskiyou,2021-06-05,37,30940,17,12411,19,17708,1,821,15,3085,22,14311,16,17396,California
Siskiyou,2021-06-06,3,30943,2,12413,0,17708,1,822,0,3083,3,14314,1,17397,California
Siskiyou,2021-06-07,38,30981,4,12417,30,17738,4,826,26,3101,12,14326,30,17427,California
Siskiyou,2021-06-08,209,31190,94,12511,112,17850,3,829,64,3028,140,14466,67,17494,California
Siskiyou,2021-06-09,113,31303,84,12595,28,17878,1,830,31,2978,82,14548,32,17526,California
Siskiyou,2021-06-10,177,31480,145,12740,31,17909,1,831,77,2956,100,14648,78,17604,California
Siskiyou,2021-06-11,112,31592,60,12800,45,17954,7,838,23,2918,68,14716,30,17634,California
Siskiyou,2021-06-12,29,31621,6,12806,23,17977,0,838,9,2907,20,14736,9,17643,California
Siskiyou,2021-06-13,24,31645,16,12822,8,17985,0,838,2,2887,22,14758,2,17645,California
Siskiyou,2021-06-14,24,31669,4,12826,16,18001,4,842,11,2888,13,14771,14,17659,California
Siskiyou,2021-06-15,89,31758,22,12848,54,18055,13,855,33,2878,56,14827,46,17705,California
Siskiyou,2021-06-16,102,31860,23,12871,77,18132,2,857,49,2876,53,14880,51,17756,California
Siskiyou,2021-06-17,186,32046,142,13013,32,18164,12,869,40,2783,145,15025,52,17808,California
Siskiyou,2021-06-18,97,32143,62,13075,27,18191,8,877,20,2734,77,15102,28,17836,California
Siskiyou,2021-06-19,26,32169,17,13092,9,18200,0,877,12,2732,14,15116,12,17848,California
Siskiyou,2021-06-20,2,32171,1,13093,0,18200,1,878,1,2733,1,15117,2,17850,California
Siskiyou,2021-06-21,38,32209,3,13096,33,18233,2,880,27,2751,11,15128,29,17879,California
Siskiyou,2021-06-22,65,32274,24,13120,37,18270,4,884,32,2754,33,15161,36,17915,California
Siskiyou,2021-06-23,52,32326,7,13127,41,18311,4,888,11,2729,40,15201,15,17930,California
Siskiyou,2021-06-24,92,32418,51,13178,32,18343,9,897,46,2738,46,15247,55,17985,California
Siskiyou,2021-06-25,96,32514,60,13238,36,18379,0,897,65,2772,31,15278,65,18050,California
Siskiyou,2021-06-26,8,32522,3,13241,5,18384,0,897,4,2772,4,15282,4,18054,California
Siskiyou,2021-06-28,10,32532,4,13245,6,18390,0,897,5,2772,5,15287,5,18059,California
Siskiyou,2021-06-29,77,32609,52,13297,23,18413,2,899,40,2777,37,15324,42,18101,California
Siskiyou,2021-06-30,53,32662,10,13307,40,18453,3,902,13,2753,40,15364,16,18117,California
Siskiyou,2021-07-01,31,32693,20,13327,7,18460,4,906,9,2744,22,15386,13,18130,California
Siskiyou,2021-07-02,56,32749,36,13363,20,18480,0,906,38,2764,18,15404,38,18168,California
Siskiyou,2021-07-03,4,32753,0,13363,4,18484,0,906,3,2766,1,15405,3,18171,California
Solano,2020-12-15,4,4,4,4,0,0,0,0,4,4,0,0,4,4,California
Solano,2020-12-16,70,74,70,74,0,0,0,0,70,74,0,0,70,74,California
Solano,2020-12-17,171,245,171,245,0,0,0,0,171,245,0,0,171,245,California
Solano,2020-12-18,479,724,478,723,1,1,0,0,479,724,0,0,479,724,California
Solano,2020-12-19,522,1246,522,1245,0,1,0,0,522,1246,0,0,522,1246,California
Solano,2020-12-20,356,1602,354,1599,2,3,0,0,356,1602,0,0,356,1602,California
Solano,2020-12-21,575,2177,573,2172,2,5,0,0,575,2177,0,0,575,2177,California
Solano,2020-12-22,664,2841,631,2803,33,38,0,0,664,2841,0,0,664,2841,California
Solano,2020-12-23,863,3704,771,3574,92,130,0,0,862,3702,1,1,862,3703,California
Solano,2020-12-24,425,4129,171,3745,254,384,0,0,425,4127,0,1,425,4128,California
Solano,2020-12-25,9,4138,1,3746,8,392,0,0,9,4136,0,1,9,4137,California
Solano,2020-12-26,175,4313,48,3794,127,519,0,0,175,4311,0,1,175,4312,California
Solano,2020-12-27,106,4419,29,3823,77,596,0,0,106,4417,0,1,106,4418,California
Solano,2020-12-28,878,5297,432,4255,446,1042,0,0,878,5295,0,1,878,5296,California
Solano,2020-12-29,913,6210,376,4631,537,1579,0,0,913,6208,0,1,913,6209,California
Solano,2020-12-30,1241,7451,602,5233,639,2218,0,0,1241,7449,0,1,1241,7450,California
Solano,2020-12-31,546,7997,141,5374,405,2623,0,0,546,7995,0,1,546,7996,California
Solano,2021-01-01,14,8011,13,5387,1,2624,0,0,14,8009,0,1,14,8010,California
Solano,2021-01-02,219,8230,171,5558,48,2672,0,0,219,8228,0,1,219,8229,California
Solano,2021-01-03,56,8286,40,5598,16,2688,0,0,50,8278,0,1,50,8279,California
Solano,2021-01-04,450,8736,242,5840,208,2896,0,0,441,8717,2,3,441,8720,California
Solano,2021-01-05,734,9470,382,6222,352,3248,0,0,573,9134,156,159,573,9293,California
Solano,2021-01-06,850,10320,439,6661,411,3659,0,0,577,9440,271,430,577,9870,California
Solano,2021-01-07,1070,11390,684,7345,386,4045,0,0,594,9561,474,904,595,10465,California
Solano,2021-01-08,1153,12543,785,8130,368,4413,0,0,550,9528,585,1489,552,11017,California
Solano,2021-01-09,886,13429,762,8892,124,4537,0,0,427,9499,456,1945,427,11444,California
Solano,2021-01-10,254,13683,193,9085,61,4598,0,0,152,9549,102,2047,152,11596,California
Solano,2021-01-11,1336,15019,1123,10208,213,4811,0,0,817,9847,519,2566,817,12413,California
Solano,2021-01-12,1584,16603,1181,11389,403,5214,0,0,1027,10319,556,3122,1028,13441,California
Solano,2021-01-13,1469,18072,1007,12396,462,5676,0,0,1210,11272,257,3379,1210,14651,California
Solano,2021-01-14,1919,19991,832,13228,1087,6763,0,0,1600,12556,316,3695,1600,16251,California
Solano,2021-01-15,1722,21713,1065,14293,657,7420,0,0,1422,13678,300,3995,1422,17673,California
Solano,2021-01-16,1296,23009,905,15198,391,7811,0,0,1122,14626,174,4169,1122,18795,California
Solano,2021-01-17,1053,24062,756,15954,297,8108,0,0,1032,15638,21,4190,1033,19828,California
Solano,2021-01-18,1428,25490,855,16809,573,8681,0,0,1307,16824,121,4311,1307,21135,California
Solano,2021-01-19,1667,27157,1347,18156,320,9001,0,0,1391,17940,275,4586,1391,22526,California
Solano,2021-01-20,2062,29219,1428,19584,634,9635,0,0,1574,19029,485,5071,1574,24100,California
Solano,2021-01-21,3220,32439,1033,20617,2187,11822,0,0,2862,21535,358,5429,2864,26964,California
Solano,2021-01-22,1789,34228,859,21476,930,12752,0,0,1590,22927,199,5628,1591,28555,California
Solano,2021-01-23,744,34972,245,21721,499,13251,0,0,532,23247,213,5841,533,29088,California
Solano,2021-01-24,408,35380,63,21784,345,13596,0,0,340,23519,68,5909,340,29428,California
Solano,2021-01-25,1678,37058,630,22414,1048,14644,0,0,1118,24079,559,6468,1119,30547,California
Solano,2021-01-26,1806,38864,748,23162,1058,15702,0,0,1159,24592,647,7115,1160,31707,California
Solano,2021-01-27,1809,40673,719,23881,1090,16792,0,0,1193,25173,612,7727,1193,32900,California
Solano,2021-01-28,1984,42657,714,24595,1270,18062,0,0,1384,25959,599,8326,1385,34285,California
Solano,2021-01-29,1722,44379,777,25372,945,19007,0,0,1355,26950,364,8690,1355,35640,California
Solano,2021-01-30,929,45308,432,25804,497,19504,0,0,604,27230,325,9015,605,36245,California
Solano,2021-01-31,269,45577,177,25981,92,19596,0,0,173,27308,95,9110,173,36418,California
Solano,2021-02-01,1559,47136,1033,27014,526,20122,0,0,773,27298,783,9893,773,37191,California
Solano,2021-02-02,3385,50521,1103,28117,2282,22404,0,0,2566,29050,814,10707,2566,39757,California
Solano,2021-02-03,2276,52797,1313,29430,963,23367,0,0,1169,29115,1104,11811,1169,40926,California
Solano,2021-02-04,1815,54612,905,30335,910,24277,0,0,1082,29469,728,12539,1082,42008,California
Solano,2021-02-05,3124,57736,1422,31757,1702,25979,0,0,2110,30572,1007,13546,2110,44118,California
Solano,2021-02-06,3082,60818,1172,32929,1910,27889,0,0,2263,32020,815,14361,2263,46381,California
Solano,2021-02-07,844,61662,778,33707,66,27955,0,0,235,31647,608,14969,235,46616,California
Solano,2021-02-08,1772,63434,1243,34950,529,28484,0,0,722,31321,1048,16017,722,47338,California
Solano,2021-02-09,1960,65394,1494,36444,466,28950,0,0,702,30766,1257,17274,702,48040,California
Solano,2021-02-10,2291,67685,1508,37952,783,29733,0,0,821,30118,1469,18743,821,48861,California
Solano,2021-02-11,2548,70233,1500,39452,1048,30781,0,0,1202,29985,1335,20078,1202,50063,California
Solano,2021-02-12,4277,74510,1636,41088,2641,33422,0,0,2914,31544,1355,21433,2914,52977,California
Solano,2021-02-13,2897,77407,247,41335,2650,36072,0,0,2479,33609,414,21847,2479,55456,California
Solano,2021-02-14,734,78141,204,41539,530,36602,0,0,407,33692,325,22172,408,55864,California
Solano,2021-02-15,1272,79413,267,41806,1005,37607,0,0,653,33726,619,22791,653,56517,California
Solano,2021-02-16,2582,81995,1388,43194,1194,38801,0,0,1679,34504,902,23693,1680,58197,California
Solano,2021-02-17,3278,85273,1450,44644,1828,40629,0,0,2221,35672,1054,24747,2222,60419,California
Solano,2021-02-18,2924,88197,851,45495,2073,42702,0,0,861,34477,2056,26803,861,61280,California
Solano,2021-02-19,2495,90692,1469,46964,1026,43728,0,0,1181,34353,1307,28110,1183,62463,California
Solano,2021-02-20,2773,93465,393,47357,2380,46108,0,0,2249,36078,524,28634,2249,64712,California
Solano,2021-02-21,2340,95805,2012,49369,328,46436,0,0,2010,37763,325,28959,2010,66722,California
Solano,2021-02-22,1837,97642,1076,50445,761,47197,0,0,952,37835,881,29840,953,67675,California
Solano,2021-02-23,2981,100623,1159,51604,1822,49019,0,0,2013,38883,965,30805,2013,69688,California
Solano,2021-02-24,2561,103184,1280,52884,1281,50300,0,0,1413,39153,1144,31949,1414,71102,California
Solano,2021-02-25,2654,105838,1573,54457,1081,51381,0,0,1462,39429,1186,33135,1462,72564,California
Solano,2021-02-26,3551,109389,2277,56734,1274,52655,0,0,2102,40087,1444,34579,2102,74666,California
Solano,2021-02-27,3993,113382,1539,58273,2453,55108,1,1,3228,42562,754,35333,3229,77895,California
Solano,2021-02-28,1949,115331,1574,59847,374,55482,1,2,1618,43853,328,35661,1619,79514,California
Solano,2021-03-01,2753,118084,1227,61074,1525,57007,1,3,2078,45264,668,36329,2079,81593,California
Solano,2021-03-02,2319,120403,1411,62485,908,57915,0,3,1292,45530,1026,37355,1292,82885,California
Solano,2021-03-03,2270,122673,1277,63762,993,58908,0,3,1406,46083,854,38209,1407,84292,California
Solano,2021-03-04,4436,127109,3440,67202,994,59902,2,5,3172,48006,1254,39463,3177,87469,California
Solano,2021-03-05,4973,132082,1682,68884,3286,63188,5,10,3975,50999,987,40450,3980,91449,California
Solano,2021-03-06,3871,135953,837,69721,2995,66183,39,49,2649,52476,1211,41661,2688,94137,California
Solano,2021-03-07,3579,139532,760,70481,2810,68993,9,58,1951,52822,1615,43276,1961,96098,California
Solano,2021-03-08,2202,141734,1352,71833,581,69574,269,327,1631,54157,563,43839,1898,97996,California
Solano,2021-03-09,3244,144978,1569,73402,1620,71194,55,382,2335,55636,907,44746,2386,100382,California
Solano,2021-03-10,2439,147417,1761,75163,592,71786,86,468,1282,55850,1152,45898,1366,101748,California
Solano,2021-03-11,6056,153473,1764,76927,4039,75825,253,721,4996,60045,1055,46953,5250,106998,California
Solano,2021-03-12,6054,159527,1575,78502,4300,80125,179,900,3169,60520,2872,49825,3347,110345,California
Solano,2021-03-13,4621,164148,805,79307,3731,83856,85,985,2238,60471,2375,52200,2326,112671,California
Solano,2021-03-14,4024,168172,3138,82445,430,84286,456,1441,1557,60019,2462,54662,2010,114681,California
Solano,2021-03-15,4036,172208,2457,84902,1252,85538,327,1768,2519,61358,1505,56167,2844,117525,California
Solano,2021-03-16,3110,175318,1323,86225,1549,87087,238,2006,1575,61641,1529,57696,1812,119337,California
Solano,2021-03-17,6522,181840,1683,87908,4744,91831,95,2101,4945,65108,1573,59269,5040,124377,California
Solano,2021-03-18,5228,187068,1860,89768,3330,95161,38,2139,3748,67423,1472,60741,3787,128164,California
Solano,2021-03-19,3595,190663,2655,92423,864,96025,76,2215,1633,67180,1953,62694,1710,129874,California
Solano,2021-03-20,5590,196253,1681,94104,3855,99880,54,2269,2623,66903,2954,65648,2677,132551,California
Solano,2021-03-21,1699,197952,1591,95695,83,99963,25,2294,376,65986,1316,66964,399,132950,California
Solano,2021-03-22,2708,200660,2055,97750,602,100565,51,2345,1567,66466,1135,68099,1615,134565,California
Solano,2021-03-23,3573,204233,1688,99438,1841,102406,44,2389,1396,65735,2170,70269,1439,136004,California
Solano,2021-03-24,2842,207075,1777,101215,1030,103436,35,2424,1362,65657,1473,71742,1395,137399,California
Solano,2021-03-25,4901,211976,4011,105226,855,104291,35,2459,2279,65355,2616,74358,2314,139713,California
Solano,2021-03-26,3251,215227,2112,107338,1101,105392,38,2497,1742,65636,1499,75857,1780,141493,California
Solano,2021-03-27,4232,219459,1162,108500,3029,108421,41,2538,1664,64778,2561,78418,1703,143196,California
Solano,2021-03-28,1424,220883,1112,109612,294,108715,18,2556,539,64454,881,79299,557,143753,California
Solano,2021-03-29,3538,224421,2046,111658,1476,110191,16,2572,1542,64031,1982,81281,1559,145312,California
Solano,2021-03-30,3053,227474,2022,113680,939,111130,92,2664,1905,64880,1147,82428,1996,147308,California
Solano,2021-03-31,3160,230634,2148,115828,851,111981,161,2825,1848,65578,1307,83735,2005,149313,California
Solano,2021-04-01,5580,236214,2114,117942,3312,115293,154,2979,3521,67207,2046,85781,3675,152988,California
Solano,2021-04-02,6636,242850,2238,120180,4229,119522,169,3148,2553,65862,4064,89845,2719,155707,California
Solano,2021-04-03,1530,244380,968,121148,409,119931,153,3301,568,65622,960,90805,720,156427,California
Solano,2021-04-04,786,245166,288,121436,194,120125,304,3605,242,65628,540,91345,546,156973,California
Solano,2021-04-05,3015,248181,2063,123499,744,120869,208,3813,1515,65851,1498,92843,1721,158694,California
Solano,2021-04-06,6072,254253,1640,125139,3942,124811,490,4303,1636,63548,4427,97270,2124,160818,California
Solano,2021-04-07,5991,260244,4642,129781,946,125757,403,4706,3400,64779,2571,99841,3802,164620,California
Solano,2021-04-08,6506,266750,1802,131583,3831,129588,873,5579,1803,62773,4672,104513,2666,167286,California
Solano,2021-04-09,6318,273068,1662,133245,3806,133394,850,6429,1522,60368,4770,109283,2365,169651,California
Solano,2021-04-10,1758,274826,966,134211,454,133848,338,6767,812,60572,944,110227,1148,170799,California
Solano,2021-04-11,1242,276068,773,134984,337,134185,132,6899,639,60743,600,110827,771,171570,California
Solano,2021-04-12,3293,279361,1702,136686,1230,135415,361,7260,1344,60502,1943,112770,1702,173272,California
Solano,2021-04-13,2573,281934,1115,137801,1457,136872,1,7261,1332,60598,1237,114007,1333,174605,California
Solano,2021-04-14,6545,288479,1965,139766,4580,141452,0,7261,1850,57763,4686,118693,1851,176456,California
Solano,2021-04-15,5744,294223,2171,141937,3572,145024,1,7262,1746,55526,3984,122677,1747,178203,California
Solano,2021-04-16,3712,297935,2600,144537,1110,146134,2,7264,2298,56420,1406,124083,2300,180503,California
Solano,2021-04-17,3294,301229,1074,145611,2220,148354,0,7264,1127,55394,2155,126238,1129,181632,California
Solano,2021-04-18,1056,302285,658,146269,398,148752,0,7264,549,55437,506,126744,549,182181,California
Solano,2021-04-19,2160,304445,1173,147442,987,149739,0,7264,1171,55628,982,127726,1173,183354,California
Solano,2021-04-20,3087,307532,1891,149333,1196,150935,0,7264,1709,55965,1372,129098,1709,185063,California
Solano,2021-04-21,3896,311428,2410,151743,1486,152421,0,7264,2042,56162,1845,130943,2042,187105,California
Solano,2021-04-22,3047,314475,1528,153271,1519,153940,0,7264,1803,56725,1240,132183,1803,188908,California
Solano,2021-04-23,4220,318695,2144,155415,2076,156016,0,7264,2538,57588,1677,133860,2540,191448,California
Solano,2021-04-24,3895,322590,2346,157761,1547,157563,2,7266,2584,58949,1225,135085,2586,194034,California
Solano,2021-04-25,1434,324024,1118,158879,316,157879,0,7266,1134,59790,293,135378,1134,195168,California
Solano,2021-04-26,2623,326647,1704,160583,915,158794,4,7270,1450,60085,1159,136537,1454,196622,California
Solano,2021-04-27,2605,329252,1309,161892,1266,160060,30,7300,1477,60476,1117,137654,1508,198130,California
Solano,2021-04-28,6082,335334,5025,166917,1011,161071,46,7346,3807,62069,2259,139913,3852,201982,California
Solano,2021-04-29,4575,339909,1475,168392,3065,164136,35,7381,2067,61673,2498,142411,2102,204084,California
Solano,2021-04-30,4171,344080,2228,170620,1802,165938,141,7522,1940,61538,2215,144626,2080,206164,California
Solano,2021-05-01,2187,346267,1683,172303,304,166242,200,7722,1297,62151,884,145510,1497,207661,California
Solano,2021-05-02,1200,347467,941,173244,234,166476,25,7747,661,62303,534,146044,686,208347,California
Solano,2021-05-03,1465,348932,1017,174261,361,166837,87,7834,602,62133,860,146904,690,209037,California
Solano,2021-05-04,1828,350760,1071,175332,691,167528,66,7900,823,62019,1003,147907,889,209926,California
Solano,2021-05-05,2285,353045,1442,176774,730,168258,113,8013,1101,62051,1180,149087,1212,211138,California
Solano,2021-05-06,1992,355037,1192,177966,591,168849,209,8222,724,61720,1256,150343,925,212063,California
Solano,2021-05-07,2837,357874,1978,179944,739,169588,120,8342,986,60981,1843,152186,1104,213167,California
Solano,2021-05-08,1485,359359,939,180883,430,170018,116,8458,572,60760,909,153095,688,213855,California
Solano,2021-05-09,452,359811,275,181158,166,170184,11,8469,175,60673,274,153369,187,214042,California
Solano,2021-05-10,1370,361181,647,181805,616,170800,107,8576,389,60192,976,154345,495,214537,California
Solano,2021-05-11,2340,363521,1212,183017,1039,171839,89,8665,680,59306,1655,156000,769,215306,California
Solano,2021-05-12,2194,365715,1267,184284,752,172591,175,8840,730,58760,1449,157449,903,216209,California
Solano,2021-05-13,3079,368794,2122,186406,745,173336,212,9052,1628,59153,1447,158896,1840,218049,California
Solano,2021-05-14,2501,371295,1706,188112,673,174009,122,9174,1061,58904,1432,160328,1183,219232,California
Solano,2021-05-15,3412,374707,2760,190872,566,174575,86,9260,1298,58185,2102,162430,1383,220615,California
Solano,2021-05-16,1542,376249,1144,192016,365,174940,33,9293,277,57233,1261,163691,309,220924,California
Solano,2021-05-17,2459,378708,1413,193429,959,175899,87,9380,864,56606,1574,165265,947,221871,California
Solano,2021-05-18,2947,381655,1640,195069,1218,177117,89,9469,1468,56697,1466,166731,1557,223428,California
Solano,2021-05-19,5698,387353,4139,199208,1427,178544,132,9601,2171,55483,3517,170248,2303,225731,California
Solano,2021-05-20,2621,389974,1581,200789,977,179521,63,9664,941,54818,1669,171917,1004,226735,California
Solano,2021-05-21,3563,393537,1874,202663,1620,181141,69,9733,1368,54069,2186,174103,1437,228172,California
Solano,2021-05-22,2742,396279,2113,204776,535,181676,94,9827,1158,53743,1577,175680,1251,229423,California
Solano,2021-05-23,1409,397688,1165,205941,219,181895,25,9852,753,53868,653,176333,778,230201,California
Solano,2021-05-24,1886,399574,1090,207031,723,182618,73,9925,636,53334,1242,177575,708,230909,California
Solano,2021-05-25,1625,401199,823,207854,744,183362,58,9983,583,52940,1034,178609,640,231549,California
Solano,2021-05-26,1896,403095,1088,208942,751,184113,57,10040,706,52519,1185,179794,764,232313,California
Solano,2021-05-27,2134,405229,945,209887,1114,185227,75,10115,879,52228,1244,181038,953,233266,California
Solano,2021-05-28,2018,407247,1023,210910,939,186166,56,10171,759,51793,1251,182289,816,234082,California
Solano,2021-05-29,654,407901,323,211233,300,186466,31,10202,301,51774,350,182639,331,234413,California
Solano,2021-05-30,323,408224,154,211387,144,186610,25,10227,114,51707,206,182845,139,234552,California
Solano,2021-05-31,129,408353,20,211407,100,186710,9,10236,25,51637,104,182949,34,234586,California
Solano,2021-06-01,1839,410192,1182,212589,579,187289,78,10314,727,51336,1107,184056,806,235392,California
Solano,2021-06-02,1827,412019,1289,213878,472,187761,66,10380,925,51429,895,184951,988,236380,California
Solano,2021-06-03,2191,414210,1732,215610,376,188137,83,10463,706,50740,1479,186430,790,237170,California
Solano,2021-06-04,1653,415863,1148,216758,439,188576,66,10529,501,50159,1148,187578,567,237737,California
Solano,2021-06-05,1418,417281,1024,217782,343,188919,51,10580,469,49736,943,188521,520,238257,California
Solano,2021-06-06,673,417954,554,218336,87,189006,32,10612,362,49820,310,188831,394,238651,California
Solano,2021-06-07,1241,419195,951,219287,228,189234,62,10674,410,49465,827,189658,472,239123,California
Solano,2021-06-08,1834,421029,1326,220613,474,189708,34,10708,486,48642,1343,191001,520,239643,California
Solano,2021-06-09,2108,423137,1795,222408,252,189960,61,10769,668,47936,1434,192435,728,240371,California
Solano,2021-06-10,1242,424379,845,223253,323,190283,74,10843,396,47568,837,193272,469,240840,California
Solano,2021-06-11,1600,425979,1271,224524,263,190546,66,10909,588,47214,1007,194279,653,241493,California
Solano,2021-06-12,1205,427184,926,225450,218,190764,61,10970,207,46491,991,195270,268,241761,California
Solano,2021-06-13,610,427794,521,225971,80,190844,9,10979,111,46113,498,195768,120,241881,California
Solano,2021-06-14,1310,429104,928,226899,349,191193,33,11012,276,45394,1026,196794,307,242188,California
Solano,2021-06-15,1469,430573,931,227830,487,191680,51,11063,606,45195,856,197650,657,242845,California
Solano,2021-06-16,1164,431737,771,228601,323,192003,70,11133,397,44899,762,198412,466,243311,California
Solano,2021-06-17,1222,432959,936,229537,217,192220,69,11202,436,44631,772,199184,504,243815,California
Solano,2021-06-18,1178,434137,875,230412,237,192457,66,11268,441,44406,732,199916,507,244322,California
Solano,2021-06-19,423,434560,295,230707,100,192557,28,11296,161,44338,257,200173,189,244511,California
Solano,2021-06-20,183,434743,140,230847,36,192593,7,11303,85,44332,98,200271,92,244603,California
Solano,2021-06-21,630,435373,405,231252,162,192755,63,11366,395,44556,234,200505,458,245061,California
Solano,2021-06-22,1155,436528,872,232124,238,192993,45,11411,421,44292,730,201235,466,245527,California
Solano,2021-06-23,1405,437933,1160,233284,174,193167,71,11482,481,43925,918,202153,551,246078,California
Solano,2021-06-24,904,438837,686,233970,152,193319,66,11548,385,43861,514,202667,450,246528,California
Solano,2021-06-25,1036,439873,723,234693,245,193564,68,11616,481,43872,537,203204,548,247076,California
Solano,2021-06-26,560,440433,430,235123,93,193657,37,11653,220,43790,338,203542,256,247332,California
Solano,2021-06-27,440,440873,383,235506,55,193712,2,11655,157,43667,282,203824,159,247491,California
Solano,2021-06-28,969,441842,802,236308,132,193844,35,11690,393,43524,571,204395,428,247919,California
Solano,2021-06-29,849,442691,649,236957,147,193991,53,11743,378,43487,467,204862,430,248349,California
Solano,2021-06-30,814,443505,600,237557,169,194160,45,11788,369,43455,445,205307,413,248762,California
Solano,2021-07-01,667,444172,492,238049,112,194272,63,11851,252,43357,413,205720,315,249077,California
Solano,2021-07-02,731,444903,561,238610,136,194408,34,11885,292,43250,433,206153,326,249403,California
Solano,2021-07-03,172,445075,88,238698,70,194478,14,11899,74,43241,97,206250,88,249491,California
Sonoma,2020-12-15,4,4,4,4,0,0,0,0,4,4,0,0,4,4,California
Sonoma,2020-12-16,27,31,27,31,0,0,0,0,27,31,0,0,27,31,California
Sonoma,2020-12-17,111,142,111,142,0,0,0,0,111,142,0,0,111,142,California
Sonoma,2020-12-18,437,579,437,579,0,0,0,0,437,579,0,0,437,579,California
Sonoma,2020-12-19,111,690,110,689,1,1,0,0,111,690,0,0,111,690,California
Sonoma,2020-12-20,177,867,177,866,0,1,0,0,177,867,0,0,177,867,California
Sonoma,2020-12-21,908,1775,906,1772,2,3,0,0,907,1774,0,0,907,1774,California
Sonoma,2020-12-22,1356,3131,1265,3037,91,94,0,0,1356,3130,0,0,1356,3130,California
Sonoma,2020-12-23,1605,4736,1229,4266,376,470,0,0,1606,4736,0,0,1606,4736,California
Sonoma,2020-12-24,310,5046,103,4369,207,677,0,0,310,5046,0,0,310,5046,California
Sonoma,2020-12-25,9,5055,2,4371,7,684,0,0,9,5055,0,0,9,5055,California
Sonoma,2020-12-26,268,5323,257,4628,11,695,0,0,268,5323,0,0,268,5323,California
Sonoma,2020-12-27,94,5417,80,4708,14,709,0,0,94,5417,0,0,94,5417,California
Sonoma,2020-12-28,980,6397,546,5254,434,1143,0,0,953,6370,0,0,953,6370,California
Sonoma,2020-12-29,1136,7533,779,6033,357,1500,0,0,1102,7472,0,0,1102,7472,California
Sonoma,2020-12-30,1098,8631,482,6515,616,2116,0,0,1090,8562,0,0,1090,8562,California
Sonoma,2020-12-31,518,9149,69,6584,449,2565,0,0,519,9081,0,0,519,9081,California
Sonoma,2021-01-01,228,9377,107,6691,121,2686,0,0,228,9309,0,0,228,9309,California
Sonoma,2021-01-02,135,9512,128,6819,7,2693,0,0,135,9444,0,0,135,9444,California
Sonoma,2021-01-03,26,9538,10,6829,16,2709,0,0,26,9470,0,0,26,9470,California
Sonoma,2021-01-04,346,9884,108,6937,238,2947,0,0,345,9815,0,0,345,9815,California
Sonoma,2021-01-05,433,10317,100,7037,333,3280,0,0,407,10206,16,16,407,10222,California
Sonoma,2021-01-06,951,11268,431,7468,520,3800,0,0,836,10933,109,125,836,11058,California
Sonoma,2021-01-07,1040,12308,539,8007,501,4301,0,0,865,11624,174,299,865,11923,California
Sonoma,2021-01-08,1811,14119,1245,9252,566,4867,0,0,1328,12471,481,780,1328,13251,California
Sonoma,2021-01-09,641,14760,401,9653,240,5107,0,0,593,13016,48,828,593,13844,California
Sonoma,2021-01-10,471,15231,460,10113,11,5118,0,0,277,13099,194,1022,277,14121,California
Sonoma,2021-01-11,1387,16618,1239,11352,148,5266,0,0,416,12549,966,1988,416,14537,California
Sonoma,2021-01-12,1553,18171,1296,12648,257,5523,0,0,401,11800,1150,3138,401,14938,California
Sonoma,2021-01-13,2049,20220,1368,14016,681,6204,0,0,1181,12117,865,4003,1182,16120,California
Sonoma,2021-01-14,1543,21763,809,14825,734,6938,0,0,1313,13200,230,4233,1313,17433,California
Sonoma,2021-01-15,1566,23329,635,15460,931,7869,0,0,1342,14330,214,4447,1344,18777,California
Sonoma,2021-01-16,1148,24477,612,16072,536,8405,0,0,900,14986,244,4691,900,19677,California
Sonoma,2021-01-17,680,25157,558,16630,122,8527,0,0,600,15506,80,4771,600,20277,California
Sonoma,2021-01-18,1108,26265,938,17568,170,8697,0,0,618,15635,490,5261,619,20896,California
Sonoma,2021-01-19,2100,28365,1002,18570,1098,9795,0,0,1388,16314,710,5971,1389,22285,California
Sonoma,2021-01-20,2190,30555,711,19281,1479,11274,0,0,1515,17165,665,6636,1516,23801,California
Sonoma,2021-01-21,2321,32876,675,19956,1646,12920,0,0,2093,19033,226,6862,2094,25895,California
Sonoma,2021-01-22,2775,35651,1055,21011,1720,14640,0,0,2623,21505,151,7013,2623,28518,California
Sonoma,2021-01-23,769,36420,591,21602,178,14818,0,0,660,22057,108,7121,660,29178,California
Sonoma,2021-01-24,852,37272,714,22316,138,14956,0,0,833,22871,19,7140,833,30011,California
Sonoma,2021-01-25,2197,39469,535,22851,1662,16618,0,0,1705,24084,492,7632,1705,31716,California
Sonoma,2021-01-26,2064,41533,307,23158,1757,18375,0,0,1596,25213,467,8099,1596,33312,California
Sonoma,2021-01-27,3749,45282,1279,24437,2470,20845,0,0,3163,27795,583,8682,3165,36477,California
Sonoma,2021-01-28,4123,49405,1831,26268,2292,23137,0,0,3435,30547,685,9367,3437,39914,California
Sonoma,2021-01-29,3022,52427,1421,27689,1601,24738,0,0,2170,31869,850,10217,2172,42086,California
Sonoma,2021-01-30,2593,55020,2397,30086,196,24934,0,0,2245,33769,346,10563,2246,44332,California
Sonoma,2021-01-31,794,55814,678,30764,116,25050,0,0,562,34100,231,10794,562,44894,California
Sonoma,2021-02-01,2501,58315,858,31622,1643,26693,0,0,2107,35817,390,11184,2107,47001,California
Sonoma,2021-02-02,3616,61931,1397,33019,2219,28912,0,0,3028,38260,585,11769,3028,50029,California
Sonoma,2021-02-03,4072,66003,1328,34347,2744,31656,0,0,3122,40436,946,12715,3122,53151,California
Sonoma,2021-02-04,4251,70254,1747,36094,2504,34160,0,0,3442,43073,806,13521,3443,56594,California
Sonoma,2021-02-05,4861,75115,1757,37851,3104,37264,0,0,3790,45798,1066,14587,3791,60385,California
Sonoma,2021-02-06,2663,77778,2295,40146,368,37632,0,0,2121,47379,540,15127,2121,62506,California
Sonoma,2021-02-07,1556,79334,1419,41565,137,37769,0,0,1293,48409,263,15390,1293,63799,California
Sonoma,2021-02-08,3288,82622,1041,42606,2247,40016,0,0,2685,50493,601,15991,2685,66484,California
Sonoma,2021-02-09,3600,86222,1716,44322,1884,41900,0,0,3113,53122,485,16476,3114,69598,California
Sonoma,2021-02-10,4595,90817,2507,46829,2088,43988,0,0,3566,55668,1021,17497,3567,73165,California
Sonoma,2021-02-11,5633,96450,3038,49867,2595,46583,0,0,4350,58739,1279,18776,4350,77515,California
Sonoma,2021-02-12,5969,102419,3287,53154,2682,49265,0,0,4508,61797,1454,20230,4512,82027,California
Sonoma,2021-02-13,2002,104421,1157,54311,845,50110,0,0,1196,62190,803,21033,1196,83223,California
Sonoma,2021-02-14,2336,106757,1833,56144,503,50613,0,0,1578,63014,754,21787,1578,84801,California
Sonoma,2021-02-15,2145,108902,790,56934,1355,51968,0,0,1599,64067,546,22333,1599,86400,California
Sonoma,2021-02-16,4998,113900,2138,59072,2860,54828,0,0,3715,66505,1279,23612,3717,90117,California
Sonoma,2021-02-17,5650,119550,2932,62004,2718,57546,0,0,3555,67982,2080,25692,3557,93674,California
Sonoma,2021-02-18,7021,126571,3171,65175,3850,61396,0,0,4018,69017,2984,28676,4019,97693,California
Sonoma,2021-02-19,5656,132227,1724,66899,3932,65328,0,0,3493,70359,2153,30829,3495,101188,California
Sonoma,2021-02-20,3157,135384,2857,69756,300,65628,0,0,1228,69666,1921,32750,1228,102416,California
Sonoma,2021-02-21,558,135942,442,70198,116,65744,0,0,148,69410,404,33154,148,102564,California
Sonoma,2021-02-22,3023,138965,1419,71617,1604,67348,0,0,1240,68881,1769,34923,1240,103804,California
Sonoma,2021-02-23,3484,142449,2136,73753,1348,68696,0,0,1636,68677,1840,36763,1636,105440,California
Sonoma,2021-02-24,5771,148220,2582,76335,3189,71885,0,0,2936,68790,2824,39587,2937,108377,California
Sonoma,2021-02-25,6017,154237,2353,78688,3664,75549,0,0,3217,69236,2771,42358,3217,111594,California
Sonoma,2021-02-26,6641,160878,2925,81613,3716,79265,0,0,4209,71023,2422,44780,4209,115803,California
Sonoma,2021-02-27,4233,165111,1964,83577,2269,81534,0,0,2834,72464,1393,46173,2834,118637,California
Sonoma,2021-02-28,2502,167613,1850,85427,651,82185,1,1,746,71467,1744,47917,747,119384,California
Sonoma,2021-03-01,4145,171758,1324,86751,2820,85005,1,2,2165,71673,1961,49878,2167,121551,California
Sonoma,2021-03-02,4440,176198,1531,88282,2907,87912,2,4,2551,72348,1878,51756,2553,124104,California
Sonoma,2021-03-03,5091,181289,2644,90926,2447,90359,0,4,2330,71933,2745,54501,2330,126434,California
Sonoma,2021-03-04,5982,187271,2688,93614,3294,93653,0,4,2580,71127,3386,57887,2580,129014,California
Sonoma,2021-03-05,6505,193776,2868,96482,3622,97275,15,19,2729,70116,3756,61643,2745,131759,California
Sonoma,2021-03-06,2808,196584,1227,97709,1443,98718,138,157,1927,71309,871,62514,2064,133823,California
Sonoma,2021-03-07,1736,198320,1400,99109,299,99017,37,194,395,70401,1339,63853,431,134254,California
Sonoma,2021-03-08,4085,202405,663,99772,3248,102265,174,368,2384,71270,1687,65540,2556,136810,California
Sonoma,2021-03-09,5623,208028,3100,102872,2255,104520,268,636,2692,71301,2916,68456,2947,139757,California
Sonoma,2021-03-10,6050,214078,3209,106081,2491,107011,350,986,2427,70472,3603,72059,2774,142531,California
Sonoma,2021-03-11,7567,221645,3029,109110,3716,110727,822,1808,2541,68826,5004,77063,3358,145889,California
Sonoma,2021-03-12,7439,229084,2269,111379,3805,114532,1365,3173,2059,66896,5348,82411,3418,149307,California
Sonoma,2021-03-13,3463,232547,1715,113094,1508,116040,240,3413,2014,67700,1445,83856,2249,151556,California
Sonoma,2021-03-14,1396,233943,388,113482,866,116906,142,3555,849,68147,544,84400,991,152547,California
Sonoma,2021-03-15,5260,239203,1520,115002,3354,120260,386,3941,2173,67638,3066,87466,2557,155104,California
Sonoma,2021-03-16,6326,245529,2270,117272,3828,124088,228,4169,2885,67319,3430,90896,3111,158215,California
Sonoma,2021-03-17,6805,252334,3549,120821,3077,127165,179,4348,3275,67259,3512,94408,3452,161667,California
Sonoma,2021-03-18,7160,259494,2952,123773,3592,130757,616,4964,3108,66941,4036,98444,3718,165385,California
Sonoma,2021-03-19,7525,267019,3260,127033,4036,134793,229,5193,3047,65775,4446,102890,3280,168665,California
Sonoma,2021-03-20,3736,270755,1766,128799,1144,135937,826,6019,2014,66897,1713,104603,2835,171500,California
Sonoma,2021-03-21,1401,272156,614,129413,752,136689,35,6054,1209,67955,186,104789,1244,172744,California
Sonoma,2021-03-22,4585,276741,3120,132533,1366,138055,99,6153,3335,70146,1243,106032,3434,176178,California
Sonoma,2021-03-23,5873,282614,3639,136172,2161,140216,73,6226,4417,73194,1443,107475,4491,180669,California
Sonoma,2021-03-24,6845,289459,4288,140460,2482,142698,75,6301,4157,74758,2665,110140,4229,184898,California
Sonoma,2021-03-25,7138,296597,4201,144661,2825,145523,112,6413,4279,76321,2830,112970,4393,189291,California
Sonoma,2021-03-26,7482,304079,3473,148134,3912,149435,97,6510,3807,76577,3647,116617,3903,193194,California
Sonoma,2021-03-27,3865,307944,1516,149650,1986,151421,363,6873,990,75067,2860,119477,1350,194544,California
Sonoma,2021-03-28,1515,309459,950,150600,537,151958,28,6901,796,75175,715,120192,823,195367,California
Sonoma,2021-03-29,2991,312450,1110,151710,1848,153806,33,6934,1546,75320,1434,121626,1579,196946,California
Sonoma,2021-03-30,5928,318378,3232,154942,2633,156439,63,6997,3100,75665,2818,124444,3163,200109,California
Sonoma,2021-03-31,5750,324128,3418,158360,2116,158555,216,7213,3337,76822,2395,126839,3552,203661,California
Sonoma,2021-04-01,6965,331093,4071,162431,2548,161103,346,7559,3774,77770,3161,130000,4109,207770,California
Sonoma,2021-04-02,5978,337071,3581,166012,2286,163389,111,7670,3577,79070,2387,132387,3687,211457,California
Sonoma,2021-04-03,3738,340809,1826,167838,1685,165074,227,7897,1675,78921,2046,134433,1897,213354,California
Sonoma,2021-04-04,1070,341879,695,168533,284,165358,91,7988,648,79243,417,134850,739,214093,California
Sonoma,2021-04-05,4455,346334,664,169197,3444,168802,347,8335,1673,78489,2774,137624,2020,216113,California
Sonoma,2021-04-06,6936,353270,3512,172709,3012,171814,412,8747,4029,80036,2891,140515,4438,220551,California
Sonoma,2021-04-07,6866,360136,3881,176590,2138,173952,847,9594,3343,80713,3505,144020,4182,224733,California
Sonoma,2021-04-08,7683,367819,4156,180746,2751,176703,776,10370,4203,82219,3467,147487,4973,229706,California
Sonoma,2021-04-09,6866,374685,3832,184578,2142,178845,892,11262,3523,83299,3328,150815,4408,234114,California
Sonoma,2021-04-10,3923,378608,1709,186287,1653,180498,561,11823,1153,82249,2757,153572,1707,235821,California
Sonoma,2021-04-11,1294,379902,613,186900,600,181098,81,11904,442,81922,850,154422,523,236344,California
Sonoma,2021-04-12,4974,384876,2069,188969,2418,183516,487,12391,1848,81142,3108,157530,2328,238672,California
Sonoma,2021-04-13,7946,392822,4678,193647,3264,186780,4,12395,3046,79306,4885,162415,3049,241721,California
Sonoma,2021-04-14,6703,399525,3787,197434,2895,189675,21,12416,2569,77775,4119,166534,2588,244309,California
Sonoma,2021-04-15,7534,407059,4281,201715,3252,192927,1,12417,3642,77543,3875,170409,3643,247952,California
Sonoma,2021-04-16,6937,413996,3465,205180,3470,196397,2,12419,3912,78444,3014,173423,3915,251867,California
Sonoma,2021-04-17,3545,417541,1834,207014,1711,198108,0,12419,1689,78297,1837,175260,1690,253557,California
Sonoma,2021-04-18,1410,418951,1009,208023,401,198509,0,12419,539,77967,869,176129,539,254096,California
Sonoma,2021-04-19,3443,422394,1893,209916,1549,200058,1,12420,1528,77588,1908,178037,1529,255625,California
Sonoma,2021-04-20,6405,428799,3534,213450,2871,202929,0,12420,2381,75961,4010,182047,2383,258008,California
Sonoma,2021-04-21,6852,435651,4357,217807,2493,205422,2,12422,3136,75406,3692,185739,3137,261145,California
Sonoma,2021-04-22,6475,442126,4523,222330,1951,207373,1,12423,2611,74173,3844,189583,2611,263756,California
Sonoma,2021-04-23,7569,449695,4669,226999,2893,210266,7,12430,3684,73995,3870,193453,3692,267448,California
Sonoma,2021-04-24,2787,452482,1515,228514,1258,211524,14,12444,1548,74324,1233,194686,1562,269010,California
Sonoma,2021-04-25,1085,453567,789,229303,296,211820,0,12444,431,74104,651,195337,431,269441,California
Sonoma,2021-04-26,3000,456567,1436,230739,1536,213356,28,12472,1624,74389,1367,196704,1652,271093,California
Sonoma,2021-04-27,5531,462098,3735,234474,1672,215028,124,12596,2238,73469,3281,199985,2361,273454,California
Sonoma,2021-04-28,4932,467030,3232,237706,1500,216528,200,12796,2017,72787,2894,202879,2212,275666,California
Sonoma,2021-04-29,5114,472144,3600,241306,1370,217898,144,12940,1912,71657,3186,206065,2056,277722,California
Sonoma,2021-04-30,5565,477709,3630,244936,1640,219538,295,13235,1825,70054,3722,209787,2119,279841,California
Sonoma,2021-05-01,2530,480239,1790,246726,632,220170,108,13343,1196,70030,1323,211110,1299,281140,California
Sonoma,2021-05-02,874,481113,651,247377,172,220342,51,13394,556,70320,318,211428,608,281748,California
Sonoma,2021-05-03,3266,484379,1685,249062,1428,221770,153,13547,1067,69353,2184,213612,1217,282965,California
Sonoma,2021-05-04,4624,489003,2415,251477,2027,223797,182,13729,1456,67840,3145,216757,1632,284597,California
Sonoma,2021-05-05,3720,492723,2190,253667,1336,225133,194,13923,1318,66965,2385,219142,1510,286107,California
Sonoma,2021-05-06,4599,497322,2423,256090,2049,227182,127,14050,1306,65164,3231,222373,1430,287537,California
Sonoma,2021-05-07,3644,500966,2329,258419,1192,228374,123,14173,1088,63833,2542,224915,1211,288748,California
Sonoma,2021-05-08,1936,502902,1295,259714,549,228923,92,14265,679,63361,1243,226158,771,289519,California
Sonoma,2021-05-09,500,503402,284,259998,175,229098,41,14306,157,63221,338,226496,198,289717,California
Sonoma,2021-05-10,2364,505766,1042,261040,1189,230287,133,14439,294,61593,2052,228548,424,290141,California
Sonoma,2021-05-11,3602,509368,1941,262981,1539,231826,122,14561,873,59878,2710,231258,995,291136,California
Sonoma,2021-05-12,4075,513443,2499,265480,1424,233250,152,14713,849,57664,3214,234472,1000,292136,California
Sonoma,2021-05-13,4969,518412,2845,268325,1994,235244,130,14843,1653,56142,3303,237775,1781,293917,California
Sonoma,2021-05-14,5848,524260,3606,271931,2105,237349,137,14980,2209,54866,3623,241398,2347,296264,California
Sonoma,2021-05-15,2991,527251,2200,274131,728,238077,63,15043,1872,55691,1110,242508,1935,298199,California
Sonoma,2021-05-16,1352,528603,1133,275264,160,238237,59,15102,996,56395,351,242859,1055,299254,California
Sonoma,2021-05-17,2445,531048,1816,277080,534,238771,95,15197,888,55824,1552,244411,981,300235,California
Sonoma,2021-05-18,4338,535386,2864,279944,1365,240136,109,15306,1462,54537,2857,247268,1570,301805,California
Sonoma,2021-05-19,3879,539265,2420,282364,1344,241480,115,15421,1484,53757,2379,249647,1599,303404,California
Sonoma,2021-05-20,3432,542697,2246,284610,1092,242572,94,15515,1334,53094,2085,251732,1422,304826,California
Sonoma,2021-05-21,4255,546952,2389,286999,1737,244309,129,15644,1500,51977,2731,254463,1614,306440,California
Sonoma,2021-05-22,2349,549301,1291,288290,1018,245327,40,15684,665,51012,1670,256133,705,307145,California
Sonoma,2021-05-23,1502,550803,1222,289512,262,245589,18,15702,774,51081,723,256856,792,307937,California
Sonoma,2021-05-24,2020,552823,1259,290771,627,246216,134,15836,661,50546,1330,258186,795,308732,California
Sonoma,2021-05-25,2942,555765,1800,292571,1055,247271,87,15923,739,49181,2189,260375,824,309556,California
Sonoma,2021-05-26,2489,558254,1735,294306,643,247914,111,16034,1001,48817,1473,261848,1109,310665,California
Sonoma,2021-05-27,2073,560327,1136,295442,840,248754,97,16131,682,48212,1381,263229,776,311441,California
Sonoma,2021-05-28,2189,562516,1127,296569,969,249723,93,16224,621,47369,1557,264786,714,312155,California
Sonoma,2021-05-29,1351,563867,921,297490,362,250085,68,16292,637,47370,704,265490,705,312860,California
Sonoma,2021-05-30,347,564214,213,297703,123,250208,11,16303,138,47316,202,265692,148,313008,California
Sonoma,2021-05-31,70,564284,26,297729,43,250251,1,16304,17,47281,53,265745,18,313026,California
Sonoma,2021-06-01,1943,566227,1113,298842,754,251005,76,16380,695,46813,1235,266980,767,313793,California
Sonoma,2021-06-02,1590,567817,975,299817,499,251504,116,16496,660,46662,925,267905,774,314567,California
Sonoma,2021-06-03,2009,569826,1385,301202,545,252049,79,16575,437,45614,1563,269468,515,315082,California
Sonoma,2021-06-04,2709,572535,2205,303407,396,252445,108,16683,513,44047,2186,271654,619,315701,California
Sonoma,2021-06-05,1817,574352,1493,304900,293,252738,31,16714,272,42810,1540,273194,303,316004,California
Sonoma,2021-06-06,1013,575365,936,305836,68,252806,9,16723,141,42091,869,274063,150,316154,California
Sonoma,2021-06-07,1487,576852,1245,307081,187,252993,55,16778,332,41328,1147,275210,384,316538,California
Sonoma,2021-06-08,1900,578752,1526,308607,326,253319,48,16826,530,40546,1358,276568,576,317114,California
Sonoma,2021-06-09,1653,580405,1365,309972,226,253545,62,16888,390,39749,1249,277817,452,317566,California
Sonoma,2021-06-10,1834,582239,1506,311478,224,253769,104,16992,553,39136,1268,279085,655,318221,California
Sonoma,2021-06-11,2000,584239,1630,313108,278,254047,92,17084,546,38327,1447,280532,638,318859,California
Sonoma,2021-06-12,1127,585366,890,313998,191,254238,46,17130,347,37949,772,281304,394,319253,California
Sonoma,2021-06-13,555,585921,466,314464,70,254308,19,17149,104,37621,450,281754,122,319375,California
Sonoma,2021-06-14,951,586872,678,315142,214,254522,59,17208,341,37420,601,282355,400,319775,California
Sonoma,2021-06-15,1848,588720,1382,316524,358,254880,108,17316,603,36897,1233,283588,710,320485,California
Sonoma,2021-06-16,1576,590296,1214,317738,261,255141,101,17417,499,36425,1070,284658,598,321083,California
Sonoma,2021-06-17,1040,591336,788,318526,172,255313,80,17497,409,36287,626,285284,488,321571,California
Sonoma,2021-06-18,1077,592413,772,319298,203,255516,102,17599,451,36221,616,285900,550,322121,California
Sonoma,2021-06-19,835,593248,690,319988,106,255622,39,17638,274,35975,558,286458,312,322433,California
Sonoma,2021-06-20,241,593489,199,320187,36,255658,6,17644,82,35907,156,286614,88,322521,California
Sonoma,2021-06-21,539,594028,306,320493,156,255814,77,17721,255,35967,271,286885,331,322852,California
Sonoma,2021-06-22,1249,595277,987,321480,171,255985,91,17812,583,35977,661,287546,671,323523,California
Sonoma,2021-06-23,1220,596497,941,322421,195,256180,84,17896,476,35800,737,288283,560,324083,California
Sonoma,2021-06-24,950,597447,634,323055,216,256396,100,17996,418,35794,523,288806,517,324600,California
Sonoma,2021-06-25,1193,598640,915,323970,197,256593,81,18077,518,35737,654,289460,597,325197,California
Sonoma,2021-06-26,688,599328,492,324462,115,256708,81,18158,331,35793,355,289815,411,325608,California
Sonoma,2021-06-27,193,599521,158,324620,24,256732,11,18169,101,35814,91,289906,112,325720,California
Sonoma,2021-06-28,708,600229,569,325189,82,256814,57,18226,309,35781,398,290304,365,326085,California
Sonoma,2021-06-29,937,601166,726,325915,161,256975,50,18276,399,35695,535,290839,449,326534,California
Sonoma,2021-06-30,885,602051,686,326601,158,257133,41,18317,384,35624,495,291334,424,326958,California
Sonoma,2021-07-01,938,602989,739,327340,133,257266,66,18383,408,35570,526,291860,472,327430,California
Sonoma,2021-07-02,738,603727,535,327875,159,257425,44,18427,355,35590,379,292239,399,327829,California
Sonoma,2021-07-03,480,604207,405,328280,54,257479,21,18448,176,35486,301,292540,197,328026,California
Stanislaus,2020-12-15,5,5,5,5,0,0,0,0,5,5,0,0,5,5,California
Stanislaus,2020-12-16,39,44,39,44,0,0,0,0,39,44,0,0,39,44,California
Stanislaus,2020-12-17,74,118,74,118,0,0,0,0,74,118,0,0,74,118,California
Stanislaus,2020-12-18,342,460,336,454,6,6,0,0,342,460,0,0,342,460,California
Stanislaus,2020-12-19,133,593,133,587,0,6,0,0,133,593,0,0,133,593,California
Stanislaus,2020-12-20,87,680,87,674,0,6,0,0,87,680,0,0,87,680,California
Stanislaus,2020-12-21,998,1678,997,1671,1,7,0,0,997,1677,1,1,998,1678,California
Stanislaus,2020-12-22,796,2474,784,2455,12,19,0,0,796,2473,0,1,796,2474,California
Stanislaus,2020-12-23,450,2924,431,2886,19,38,0,0,449,2922,1,2,450,2924,California
Stanislaus,2020-12-24,98,3022,89,2975,9,47,0,0,98,3020,0,2,98,3022,California
Stanislaus,2020-12-26,53,3075,9,2984,44,91,0,0,53,3073,0,2,53,3075,California
Stanislaus,2020-12-27,11,3086,6,2990,5,96,0,0,11,3084,0,2,11,3086,California
Stanislaus,2020-12-28,490,3576,396,3386,94,190,0,0,490,3574,0,2,490,3576,California
Stanislaus,2020-12-29,500,4076,415,3801,85,275,0,0,500,4074,0,2,500,4076,California
Stanislaus,2020-12-30,538,4614,281,4082,257,532,0,0,537,4610,1,3,537,4613,California
Stanislaus,2020-12-31,283,4897,159,4241,124,656,0,0,283,4893,0,3,283,4896,California
Stanislaus,2021-01-01,18,4915,7,4248,11,667,0,0,18,4911,0,3,18,4914,California
Stanislaus,2021-01-02,34,4949,26,4274,8,675,0,0,34,4945,0,3,34,4948,California
Stanislaus,2021-01-03,90,5039,87,4361,3,678,0,0,90,5035,0,3,90,5038,California
Stanislaus,2021-01-04,233,5272,153,4514,80,758,0,0,233,5268,0,3,233,5271,California
Stanislaus,2021-01-05,854,6126,358,4872,496,1254,0,0,827,6078,26,29,836,6107,California
Stanislaus,2021-01-06,1013,7139,607,5479,406,1660,0,0,936,6946,74,103,942,7049,California
Stanislaus,2021-01-07,1085,8224,706,6185,379,2039,0,0,890,7650,190,293,894,7943,California
Stanislaus,2021-01-08,1300,9524,737,6922,563,2602,0,0,951,8262,346,639,958,8901,California
Stanislaus,2021-01-09,290,9814,144,7066,146,2748,0,0,201,8374,89,728,201,9102,California
Stanislaus,2021-01-10,49,9863,22,7088,27,2775,0,0,29,8383,20,748,29,9131,California
Stanislaus,2021-01-11,1511,11374,1226,8314,285,3060,0,0,574,8046,930,1678,593,9724,California
Stanislaus,2021-01-12,1486,12860,870,9184,616,3676,0,0,835,8252,647,2325,853,10577,California
Stanislaus,2021-01-13,1458,14318,692,9876,766,4442,0,0,1127,9065,330,2655,1143,11720,California
Stanislaus,2021-01-14,2271,16589,289,10165,1982,6424,0,0,2073,11034,195,2850,2164,13884,California
Stanislaus,2021-01-15,2860,19449,1174,11339,1686,8110,0,0,2686,13647,169,3019,2782,16666,California
Stanislaus,2021-01-16,473,19922,50,11389,423,8533,0,0,454,14085,18,3037,456,17122,California
Stanislaus,2021-01-17,244,20166,202,11591,42,8575,0,0,237,14316,6,3043,237,17359,California
Stanislaus,2021-01-18,2214,22380,1032,12623,1182,9757,0,0,1811,15814,398,3441,1896,19255,California
Stanislaus,2021-01-19,1271,23651,727,13350,544,10301,0,0,821,16190,446,3887,822,20077,California
Stanislaus,2021-01-20,1033,24684,493,13843,540,10841,0,0,738,16635,293,4180,738,20815,California
Stanislaus,2021-01-21,3735,28419,2998,16841,737,11578,0,0,3376,19787,355,4535,3507,24322,California
Stanislaus,2021-01-22,1117,29536,313,17154,804,12382,0,0,1071,20819,42,4577,1074,25396,California
Stanislaus,2021-01-23,379,29915,43,17197,336,12718,0,0,320,21082,58,4635,321,25717,California
Stanislaus,2021-01-24,315,30230,99,17296,216,12934,0,0,248,21266,67,4702,251,25968,California
Stanislaus,2021-01-25,3203,33433,233,17529,2970,15904,0,0,2847,23966,320,5022,3020,28988,California
Stanislaus,2021-01-26,1754,35187,751,18280,1003,16907,0,0,1304,24849,441,5463,1324,30312,California
Stanislaus,2021-01-27,1936,37123,1069,19349,867,17774,0,0,1216,25398,669,6132,1218,31530,California
Stanislaus,2021-01-28,2241,39364,1531,20880,710,18484,0,0,1733,26706,498,6630,1806,33336,California
Stanislaus,2021-01-29,2491,41855,1218,22098,1273,19757,0,0,1933,28194,504,7134,1992,35328,California
Stanislaus,2021-01-30,298,42153,132,22230,166,19923,0,0,230,28368,56,7190,230,35558,California
Stanislaus,2021-01-31,374,42527,319,22549,55,19978,0,0,357,28711,14,7204,357,35915,California
Stanislaus,2021-02-01,1345,43872,584,23133,761,20739,0,0,978,29337,353,7557,979,36894,California
Stanislaus,2021-02-02,1265,45137,349,23482,916,21655,0,0,822,29732,431,7988,826,37720,California
Stanislaus,2021-02-03,2685,47822,1239,24721,1446,23101,0,0,1978,31024,702,8690,1994,39714,California
Stanislaus,2021-02-04,2138,49960,719,25440,1419,24520,0,0,1612,32133,513,9203,1622,41336,California
Stanislaus,2021-02-05,2893,52853,1485,26925,1408,25928,0,0,1613,32554,1209,10412,1630,42966,California
Stanislaus,2021-02-06,892,53745,302,27227,590,26518,0,0,698,33063,191,10603,700,43666,California
Stanislaus,2021-02-07,234,53979,208,27435,26,26544,0,0,45,32924,185,10788,46,43712,California
Stanislaus,2021-02-08,2087,56066,1355,28790,732,27276,0,0,1130,33170,913,11701,1159,44871,California
Stanislaus,2021-02-09,1874,57940,793,29583,1081,28357,0,0,1066,33469,779,12480,1078,45949,California
Stanislaus,2021-02-10,1982,59922,548,30131,1434,29791,0,0,1045,33607,909,13389,1047,46996,California
Stanislaus,2021-02-11,5460,65382,3291,33422,2169,31960,0,0,1239,30900,3953,17342,1246,48242,California
Stanislaus,2021-02-12,3346,68728,928,34350,2418,34378,0,0,1471,30601,1783,19125,1484,49726,California
Stanislaus,2021-02-13,1386,70114,679,35029,707,35085,0,0,1009,31246,369,19494,1014,50740,California
Stanislaus,2021-02-14,426,70540,171,35200,255,35340,0,0,353,31529,70,19564,353,51093,California
Stanislaus,2021-02-15,1842,72382,237,35437,1605,36945,0,0,589,30991,1132,20696,594,51687,California
Stanislaus,2021-02-16,1380,73762,428,35865,952,37897,0,0,581,30789,785,21481,583,52270,California
Stanislaus,2021-02-17,2798,76560,1719,37584,1079,38976,0,0,1923,31864,866,22347,1941,54211,California
Stanislaus,2021-02-18,3417,79977,1931,39515,1486,40462,0,0,1778,32156,1538,23885,1830,56041,California
Stanislaus,2021-02-19,2830,82807,1113,40628,1717,42179,0,0,1535,32474,1240,25125,1558,57599,California
Stanislaus,2021-02-20,766,83573,387,41015,379,42558,0,0,471,32672,274,25399,472,58071,California
Stanislaus,2021-02-21,916,84489,699,41714,217,42775,0,0,535,32865,355,25754,548,58619,California
Stanislaus,2021-02-22,2391,86880,1716,43430,675,43450,0,0,1634,33764,736,26490,1635,60254,California
Stanislaus,2021-02-23,3766,90646,680,44110,3086,46536,0,0,1723,33644,1854,28344,1734,61988,California
Stanislaus,2021-02-24,4237,94883,2885,46995,1352,47888,0,0,3123,35684,1088,29432,3128,65116,California
Stanislaus,2021-02-25,3996,98879,2748,49743,1248,49136,0,0,3168,38050,806,30238,3172,68288,California
Stanislaus,2021-02-26,4256,103135,1227,50970,3029,52165,0,0,2840,39548,1354,31592,2852,71140,California
Stanislaus,2021-02-27,2106,105241,716,51686,1389,53554,1,1,1868,41211,207,31799,1870,73010,California
Stanislaus,2021-02-28,837,106078,269,51955,568,54122,0,1,779,41945,46,31845,780,73790,California
Stanislaus,2021-03-01,3141,109219,1668,53623,1468,55590,5,6,1662,42196,1427,33272,1678,75468,California
Stanislaus,2021-03-02,2427,111646,1450,55073,976,56566,1,7,1671,43132,738,34010,1674,77142,California
Stanislaus,2021-03-03,3760,115406,2268,57341,1488,58054,4,11,2927,45251,812,34822,2931,80073,California
Stanislaus,2021-03-04,5491,120897,3141,60482,2333,60387,17,28,4215,48244,1234,36056,4227,84300,California
Stanislaus,2021-03-05,4137,125034,1148,61630,2973,63360,16,44,3121,50397,983,37039,3136,87436,California
Stanislaus,2021-03-06,3610,128644,2247,63877,1270,64630,93,137,2748,52384,856,37895,2843,90279,California
Stanislaus,2021-03-07,859,129503,391,64268,431,65061,37,174,667,52902,186,38081,704,90983,California
Stanislaus,2021-03-08,2034,131537,887,65155,1058,66119,89,263,1348,53674,665,38746,1437,92420,California
Stanislaus,2021-03-09,2699,134236,1022,66177,1585,67704,92,355,1646,54377,1039,39785,1742,94162,California
Stanislaus,2021-03-10,5575,139811,2724,68901,2622,70326,229,584,3765,56598,1783,41568,4004,98166,California
Stanislaus,2021-03-11,6203,146014,3381,72282,2341,72667,481,1065,4148,59364,1867,43435,4633,102799,California
Stanislaus,2021-03-12,6329,152343,1380,73662,3019,75686,1930,2995,2942,60880,3351,46786,4867,107666,California
Stanislaus,2021-03-13,3750,156093,2343,76005,1336,77022,71,3066,2836,62887,906,47692,2913,110579,California
Stanislaus,2021-03-14,1002,157095,596,76601,351,77373,55,3121,495,62936,502,48194,551,111130,California
Stanislaus,2021-03-15,3825,160920,1994,78595,1469,78842,362,3483,1654,62886,2071,50265,2021,113151,California
Stanislaus,2021-03-16,5121,166041,2515,81110,2168,81010,438,3921,3676,65578,1419,51684,4111,117262,California
Stanislaus,2021-03-17,4951,170992,2945,84055,1827,82837,179,4100,2983,66815,1929,53613,3166,120428,California
Stanislaus,2021-03-18,5585,176577,3463,87518,2052,84889,70,4170,3052,67563,2377,55990,3125,123553,California
Stanislaus,2021-03-19,6045,182622,1588,89106,2931,87820,1526,5696,3200,69479,2803,58793,4719,128272,California
Stanislaus,2021-03-20,3880,186502,3042,92148,770,88590,68,5764,3384,72459,474,59267,3454,131726,California
Stanislaus,2021-03-21,1021,187523,911,93059,44,88634,66,5830,771,73053,243,59510,837,132563,California
Stanislaus,2021-03-22,3030,190553,1399,94458,904,89538,727,6557,1420,73625,1576,61086,2148,134711,California
Stanislaus,2021-03-23,4149,194702,2120,96578,1769,91307,260,6817,2980,75736,1148,62234,3259,137970,California
Stanislaus,2021-03-24,4727,199429,3294,99872,1354,92661,79,6896,2765,76674,1910,64144,2848,140818,California
Stanislaus,2021-03-25,4431,203860,3010,102882,1405,94066,16,6912,1962,76266,2388,66532,1980,142798,California
Stanislaus,2021-03-26,4950,208810,1421,104303,3455,97521,74,6986,2528,76496,2382,68914,2612,145410,California
Stanislaus,2021-03-27,4454,213264,2777,107080,1593,99114,84,7070,1405,74960,3030,71944,1494,146904,California
Stanislaus,2021-03-28,1122,214386,448,107528,566,99680,108,7178,323,74613,785,72729,438,147342,California
Stanislaus,2021-03-29,3189,217575,1851,109379,1298,100978,40,7218,2165,75811,1013,73742,2211,149553,California
Stanislaus,2021-03-30,3865,221440,2084,111463,1755,102733,26,7244,2391,76771,1463,75205,2423,151976,California
Stanislaus,2021-03-31,5635,227075,3884,115347,1621,104354,130,7374,2932,77158,2679,77884,3066,155042,California
Stanislaus,2021-04-01,5952,233027,3874,119221,1961,106315,117,7491,2751,76863,3171,81055,2876,157918,California
Stanislaus,2021-04-02,5209,238236,1238,120459,3802,110117,169,7660,2376,76683,2733,83788,2553,160471,California
Stanislaus,2021-04-03,4704,242940,3449,123908,1218,111335,37,7697,2255,76548,2436,86224,2301,162772,California
Stanislaus,2021-04-04,1329,244269,478,124386,821,112156,30,7727,649,76561,671,86895,684,163456,California
Stanislaus,2021-04-05,3779,248048,2568,126954,951,113107,260,7987,2450,77957,1318,88213,2714,166170,California
Stanislaus,2021-04-06,5964,254012,4243,131197,1436,114543,285,8272,3219,78736,2728,90941,3507,169677,California
Stanislaus,2021-04-07,6548,260560,3681,134878,2428,116971,439,8711,2904,78466,3621,94562,3351,173028,California
Stanislaus,2021-04-08,5893,266453,3429,138307,2017,118988,447,9158,2905,78865,2954,97516,3353,176381,California
Stanislaus,2021-04-09,5007,271460,2183,140490,2442,121430,382,9540,2286,78846,2690,100206,2671,179052,California
Stanislaus,2021-04-10,6517,277977,4001,144491,876,122306,1640,11180,1996,77982,4494,104700,3630,182682,California
Stanislaus,2021-04-11,1533,279510,858,145349,542,122848,133,11313,665,77916,865,105565,799,183481,California
Stanislaus,2021-04-12,3796,283306,2126,147475,1221,124069,449,11762,1955,78521,1809,107374,2414,185895,California
Stanislaus,2021-04-13,5417,288723,3509,150984,1894,125963,14,11776,2971,79103,2397,109771,2979,188874,California
Stanislaus,2021-04-14,4830,293553,3339,154323,1489,127452,2,11778,2349,79017,2441,112212,2355,191229,California
Stanislaus,2021-04-15,5582,299135,3389,157712,2190,129642,3,11781,3252,79997,2275,114487,3255,194484,California
Stanislaus,2021-04-16,4505,303640,1065,158777,3439,133081,1,11782,1868,79285,2583,117070,1871,196355,California
Stanislaus,2021-04-17,3175,306815,2136,160913,1039,134120,0,11782,1840,79806,1321,118391,1842,198197,California
Stanislaus,2021-04-18,616,307431,297,161210,317,134437,2,11784,433,80066,176,118567,436,198633,California
Stanislaus,2021-04-19,3643,311074,2465,163675,1176,135613,2,11786,1658,79791,1941,120508,1666,200299,California
Stanislaus,2021-04-20,4178,315252,2494,166169,1684,137297,0,11786,1773,79202,2364,122872,1775,202074,California
Stanislaus,2021-04-21,4061,319313,2685,168854,1375,138672,1,11787,1634,78469,2374,125246,1641,203715,California
Stanislaus,2021-04-22,4142,323455,2455,171309,1686,140358,1,11788,1638,77660,2453,127699,1644,205359,California
Stanislaus,2021-04-23,3840,327295,912,172221,2927,143285,1,11789,1566,77061,2172,129871,1573,206932,California
Stanislaus,2021-04-24,3892,331187,2966,175187,926,144211,0,11789,1856,76905,2017,131888,1861,208793,California
Stanislaus,2021-04-25,942,332129,483,175670,459,144670,0,11789,689,77352,246,132134,693,209486,California
Stanislaus,2021-04-26,3669,335798,2443,178113,1220,145890,6,11795,1152,76025,2490,134624,1163,210649,California
Stanislaus,2021-04-27,4306,340104,2888,181001,1370,147260,48,11843,1251,74307,3021,137645,1303,211952,California
Stanislaus,2021-04-28,4599,344703,3158,184159,1379,148639,62,11905,1950,73702,2625,140270,2020,213972,California
Stanislaus,2021-04-29,3981,348684,2442,186601,1491,150130,48,11953,1562,72927,2394,142664,1619,215591,California
Stanislaus,2021-04-30,4827,353511,2153,188754,2590,152720,84,12037,1901,72019,2901,145565,1993,217584,California
Stanislaus,2021-05-01,2735,356246,1936,190690,758,153478,41,12078,1027,71397,1698,147263,1076,218660,California
Stanislaus,2021-05-02,1089,357335,625,191315,425,153903,39,12117,523,71405,560,147823,568,219228,California
Stanislaus,2021-05-03,2575,359910,1998,193313,506,154409,71,12188,978,70877,1581,149404,1053,220281,California
Stanislaus,2021-05-04,3759,363669,2569,195882,1094,155503,96,12284,1174,69582,2571,151975,1276,221557,California
Stanislaus,2021-05-05,3443,367112,2264,198146,1103,156606,76,12360,1198,68635,2224,154199,1277,222834,California
Stanislaus,2021-05-06,3776,370888,2861,201007,791,157397,124,12484,1158,67330,2593,156792,1288,224122,California
Stanislaus,2021-05-07,2593,373481,1040,202047,1391,158788,162,12646,1106,67124,1476,158268,1270,225392,California
Stanislaus,2021-05-08,2019,375500,1405,203452,581,159369,33,12679,750,66663,1251,159519,790,226182,California
Stanislaus,2021-05-09,720,376220,345,203797,349,159718,26,12705,304,66580,414,159933,331,226513,California
Stanislaus,2021-05-10,1814,378034,1151,204948,564,160282,99,12804,490,65859,1312,161245,591,227104,California
Stanislaus,2021-05-11,2532,380566,1578,206526,794,161076,160,12964,752,65007,1769,163014,917,228021,California
Stanislaus,2021-05-12,2408,382974,1370,207896,929,162005,109,13073,934,64593,1459,164473,1045,229066,California
Stanislaus,2021-05-13,2183,385157,1289,209185,774,162779,120,13193,1037,64615,1137,165610,1159,230225,California
Stanislaus,2021-05-14,2787,387944,1259,210444,1390,164169,138,13331,1305,64599,1461,167071,1445,231670,California
Stanislaus,2021-05-15,2494,390438,1777,212221,667,164836,50,13381,1208,64590,1276,168347,1267,232937,California
Stanislaus,2021-05-16,1104,391542,746,212967,350,165186,8,13389,590,64681,511,168858,602,233539,California
Stanislaus,2021-05-17,2061,393603,1392,214359,587,165773,82,13471,996,64707,1059,169917,1085,234624,California
Stanislaus,2021-05-18,2325,395928,1608,215967,602,166375,115,13586,1205,64917,1109,171026,1319,235943,California
Stanislaus,2021-05-19,3131,399059,2152,218119,824,167199,155,13741,1378,64713,1741,172767,1537,237480,California
Stanislaus,2021-05-20,2242,401301,1217,219336,921,168120,104,13845,892,64375,1339,174106,1001,238481,California
Stanislaus,2021-05-21,2500,403801,1222,220558,1180,169300,98,13943,997,63987,1486,175592,1098,239579,California
Stanislaus,2021-05-22,2011,405812,1214,221772,727,170027,70,14013,873,63802,1129,176721,944,240523,California
Stanislaus,2021-05-23,1079,406891,707,222479,356,170383,16,14029,512,63768,562,177283,528,241051,California
Stanislaus,2021-05-24,1832,408723,1273,223752,480,170863,79,14108,727,63478,1102,178385,812,241863,California
Stanislaus,2021-05-25,1812,410535,1237,224989,475,171338,100,14208,860,63495,948,179333,965,242828,California
Stanislaus,2021-05-26,2034,412569,1267,226256,715,172053,52,14260,951,63423,1075,180408,1003,243831,California
Stanislaus,2021-05-27,1781,414350,979,227235,723,172776,79,14339,616,62963,1155,181563,695,244526,California
Stanislaus,2021-05-28,2188,416538,1033,228268,1068,173844,87,14426,944,62756,1238,182801,1031,245557,California
Stanislaus,2021-05-29,1317,417855,848,229116,428,174272,41,14467,589,62664,724,183525,632,246189,California
Stanislaus,2021-05-30,455,418310,273,229389,148,174420,34,14501,209,62665,242,183767,243,246432,California
Stanislaus,2021-05-31,259,418569,122,229511,130,174550,7,14508,97,62607,162,183929,104,246536,California
Stanislaus,2021-06-01,1688,420257,1053,230564,579,175129,56,14564,633,62251,1048,184977,692,247228,California
Stanislaus,2021-06-02,1812,422069,1151,231715,590,175719,71,14635,746,62018,1053,186030,820,248048,California
Stanislaus,2021-06-03,1396,423465,828,232543,520,176239,48,14683,514,61712,870,186900,564,248612,California
Stanislaus,2021-06-04,1916,425381,1150,233693,697,176936,69,14752,722,61321,1186,188086,795,249407,California
Stanislaus,2021-06-05,1572,426953,1221,234914,308,177244,43,14795,516,60830,1050,189136,559,249966,California
Stanislaus,2021-06-06,511,427464,419,235333,83,177327,9,14804,187,60704,323,189459,197,250163,California
Stanislaus,2021-06-07,1612,429076,1233,236566,334,177661,45,14849,605,60354,999,190458,649,250812,California
Stanislaus,2021-06-08,1915,430991,1441,238007,396,178057,78,14927,674,59875,1231,191689,752,251564,California
Stanislaus,2021-06-09,1861,432852,1315,239322,464,178521,82,15009,635,59371,1222,192911,718,252282,California
Stanislaus,2021-06-10,1481,434333,941,240263,476,178997,64,15073,606,59176,867,193778,672,252954,California
Stanislaus,2021-06-11,1500,435833,908,241171,542,179539,50,15123,553,58848,933,194711,605,253559,California
Stanislaus,2021-06-12,1029,436862,751,241922,253,179792,25,15148,379,58611,644,195355,407,253966,California
Stanislaus,2021-06-13,539,437401,398,242320,135,179927,6,15154,169,58421,367,195722,177,254143,California
Stanislaus,2021-06-14,1356,438757,965,243285,369,180296,22,15176,492,58080,856,196578,515,254658,California
Stanislaus,2021-06-15,1581,440338,1141,244426,396,180692,44,15220,531,57612,1045,197623,577,255235,California
Stanislaus,2021-06-16,1936,442274,1392,245818,480,181172,64,15284,774,57292,1158,198781,838,256073,California
Stanislaus,2021-06-17,1151,443425,731,246549,377,181549,43,15327,540,57273,606,199387,587,256660,California
Stanislaus,2021-06-18,1306,444731,796,247345,428,181977,82,15409,520,57096,781,200168,604,257264,California
Stanislaus,2021-06-19,856,445587,628,247973,184,182161,44,15453,372,57033,480,200648,417,257681,California
Stanislaus,2021-06-20,305,445892,213,248186,86,182247,6,15459,138,57011,166,200814,144,257825,California
Stanislaus,2021-06-21,966,446858,561,248747,278,182525,127,15586,500,57179,461,201275,629,258454,California
Stanislaus,2021-06-22,1211,448069,881,249628,261,182786,69,15655,495,57038,708,201983,567,259021,California
Stanislaus,2021-06-23,1230,449299,814,250442,354,183140,62,15717,522,56915,706,202689,583,259604,California
Stanislaus,2021-06-24,944,450243,631,251073,266,183406,47,15764,479,56981,463,203152,529,260133,California
Stanislaus,2021-06-25,1105,451348,715,251788,328,183734,62,15826,468,56877,632,203784,528,260661,California
Stanislaus,2021-06-26,606,451954,460,252248,122,183856,24,15850,279,56855,326,204110,304,260965,California
Stanislaus,2021-06-27,393,452347,298,252546,85,183941,10,15860,201,56875,191,204301,211,261176,California
Stanislaus,2021-06-28,949,453296,747,253293,161,184102,41,15901,417,56803,530,204831,458,261634,California
Stanislaus,2021-06-29,870,454166,682,253975,150,184252,38,15939,354,56684,511,205342,392,262026,California
Stanislaus,2021-06-30,931,455097,637,254612,263,184515,31,15970,427,56646,498,205840,460,262486,California
Stanislaus,2021-07-01,892,455989,558,255170,299,184814,35,16005,405,56608,478,206318,440,262926,California
Stanislaus,2021-07-02,716,456705,411,255581,278,185092,27,16032,363,56649,348,206666,389,263315,California
Stanislaus,2021-07-03,238,456943,153,255734,81,185173,4,16036,123,56662,115,206781,128,263443,California
Sutter,2020-12-15,1,1,1,1,0,0,0,0,1,1,0,0,1,1,California
Sutter,2020-12-16,4,5,4,5,0,0,0,0,4,5,0,0,4,5,California
Sutter,2020-12-17,3,8,3,8,0,0,0,0,3,8,0,0,3,8,California
Sutter,2020-12-18,21,29,21,29,0,0,0,0,21,29,0,0,21,29,California
Sutter,2020-12-19,45,74,45,74,0,0,0,0,45,74,0,0,45,74,California
Sutter,2020-12-20,43,117,43,117,0,0,0,0,43,117,0,0,43,117,California
Sutter,2020-12-21,99,216,99,216,0,0,0,0,99,216,0,0,99,216,California
Sutter,2020-12-22,172,388,172,388,0,0,0,0,172,388,0,0,172,388,California
Sutter,2020-12-23,115,503,110,498,5,5,0,0,115,503,0,0,115,503,California
Sutter,2020-12-24,17,520,11,509,6,11,0,0,17,520,0,0,17,520,California
Sutter,2020-12-26,38,558,34,543,4,15,0,0,38,558,0,0,38,558,California
Sutter,2020-12-27,24,582,23,566,1,16,0,0,24,582,0,0,24,582,California
Sutter,2020-12-28,83,665,55,621,28,44,0,0,83,665,0,0,83,665,California
Sutter,2020-12-29,101,766,14,635,87,131,0,0,101,766,0,0,101,766,California
Sutter,2020-12-30,136,902,33,668,103,234,0,0,136,902,0,0,136,902,California
Sutter,2020-12-31,70,972,6,674,64,298,0,0,70,972,0,0,70,972,California
Sutter,2021-01-01,3,975,3,677,0,298,0,0,3,975,0,0,3,975,California
Sutter,2021-01-02,130,1105,128,805,2,300,0,0,130,1105,0,0,130,1105,California
Sutter,2021-01-03,1,1106,0,805,1,301,0,0,1,1106,0,0,1,1106,California
Sutter,2021-01-04,246,1352,137,942,109,410,0,0,246,1352,0,0,246,1352,California
Sutter,2021-01-05,99,1451,56,998,43,453,0,0,96,1445,3,3,96,1448,California
Sutter,2021-01-06,205,1656,50,1048,155,608,0,0,200,1640,5,8,200,1648,California
Sutter,2021-01-07,251,1907,153,1201,98,706,0,0,241,1872,9,17,241,1889,California
Sutter,2021-01-08,150,2057,40,1241,110,816,0,0,133,1988,17,34,133,2022,California
Sutter,2021-01-09,46,2103,43,1284,3,819,0,0,5,1952,41,75,5,2027,California
Sutter,2021-01-10,394,2497,37,1321,357,1176,0,0,356,2271,37,112,356,2383,California
Sutter,2021-01-11,132,2629,115,1436,17,1193,0,0,25,2189,107,219,25,2408,California
Sutter,2021-01-12,202,2831,165,1601,37,1230,0,0,58,2103,144,363,58,2466,California
Sutter,2021-01-13,163,2994,99,1700,64,1294,0,0,73,2087,89,452,73,2539,California
Sutter,2021-01-14,148,3142,52,1752,96,1390,0,0,128,2195,20,472,128,2667,California
Sutter,2021-01-15,436,3578,131,1883,305,1695,0,0,422,2603,14,486,422,3089,California
Sutter,2021-01-16,385,3963,41,1924,344,2039,0,0,354,2927,30,516,354,3443,California
Sutter,2021-01-17,26,3989,24,1948,2,2041,0,0,10,2921,16,532,10,3453,California
Sutter,2021-01-18,117,4106,62,2010,55,2096,0,0,69,2942,48,580,69,3522,California
Sutter,2021-01-19,108,4214,42,2052,66,2162,0,0,84,3002,24,604,84,3606,California
Sutter,2021-01-20,274,4488,209,2261,65,2227,0,0,252,3232,22,626,252,3858,California
Sutter,2021-01-21,524,5012,353,2614,171,2398,0,0,506,3720,18,644,506,4364,California
Sutter,2021-01-22,238,5250,51,2665,187,2585,0,0,229,3940,9,653,229,4593,California
Sutter,2021-01-23,397,5647,39,2704,358,2943,0,0,371,4285,26,679,371,4964,California
Sutter,2021-01-24,17,5664,15,2719,2,2945,0,0,15,4298,2,681,15,4979,California
Sutter,2021-01-25,305,5969,195,2914,110,3055,0,0,149,4293,155,836,150,5129,California
Sutter,2021-01-26,250,6219,109,3023,141,3196,0,0,144,4332,105,941,144,5273,California
Sutter,2021-01-27,389,6608,257,3280,132,3328,0,0,321,4585,68,1009,321,5594,California
Sutter,2021-01-28,583,7191,359,3639,224,3552,0,0,410,4824,171,1180,410,6004,California
Sutter,2021-01-29,364,7555,88,3727,276,3828,0,0,242,4944,122,1302,242,6246,California
Sutter,2021-01-30,775,8330,38,3765,737,4565,0,0,764,5697,11,1313,764,7010,California
Sutter,2021-01-31,28,8358,27,3792,1,4566,0,0,28,5725,0,1313,28,7038,California
Sutter,2021-02-01,171,8529,53,3845,118,4684,0,0,138,5831,32,1345,138,7176,California
Sutter,2021-02-02,248,8777,28,3873,220,4904,0,0,214,6011,34,1379,214,7390,California
Sutter,2021-02-03,447,9224,39,3912,408,5312,0,0,211,5987,235,1614,211,7601,California
Sutter,2021-02-04,669,9893,365,4277,304,5616,0,0,619,6557,49,1663,619,8220,California
Sutter,2021-02-05,289,10182,33,4310,256,5872,0,0,135,6538,154,1817,135,8355,California
Sutter,2021-02-06,732,10914,28,4338,704,6576,0,0,710,7226,22,1839,710,9065,California
Sutter,2021-02-07,24,10938,20,4358,4,6580,0,0,20,7242,4,1843,20,9085,California
Sutter,2021-02-08,136,11074,31,4389,105,6685,0,0,98,7302,38,1881,98,9183,California
Sutter,2021-02-09,249,11323,46,4435,203,6888,0,0,187,7427,62,1943,187,9370,California
Sutter,2021-02-10,823,12146,385,4820,438,7326,0,0,180,6965,642,2585,180,9550,California
Sutter,2021-02-11,609,12755,276,5096,333,7659,0,0,317,6990,292,2877,317,9867,California
Sutter,2021-02-12,637,13392,69,5165,568,8227,0,0,312,6978,324,3201,312,10179,California
Sutter,2021-02-13,905,14297,48,5213,857,9084,0,0,786,7645,119,3320,786,10965,California
Sutter,2021-02-14,90,14387,25,5238,65,9149,0,0,79,7713,11,3331,79,11044,California
Sutter,2021-02-15,201,14588,72,5310,129,9278,0,0,122,7756,79,3410,122,11166,California
Sutter,2021-02-16,290,14878,44,5354,246,9524,0,0,204,7876,84,3494,204,11370,California
Sutter,2021-02-17,837,15715,436,5790,401,9925,0,0,135,7310,701,4195,135,11505,California
Sutter,2021-02-18,719,16434,58,5848,661,10586,0,0,502,7597,215,4410,502,12007,California
Sutter,2021-02-19,670,17104,380,6228,290,10876,0,0,464,7858,203,4613,464,12471,California
Sutter,2021-02-20,626,17730,56,6284,570,11446,0,0,517,8267,108,4721,517,12988,California
Sutter,2021-02-21,28,17758,27,6311,1,11447,0,0,7,8253,21,4742,7,12995,California
Sutter,2021-02-22,216,17974,126,6437,90,11537,0,0,86,8209,130,4872,86,13081,California
Sutter,2021-02-23,236,18210,36,6473,200,11737,0,0,102,8179,132,5004,102,13183,California
Sutter,2021-02-24,997,19207,366,6839,631,12368,0,0,197,7577,799,5803,197,13380,California
Sutter,2021-02-25,786,19993,498,7337,288,12656,0,0,604,8003,178,5981,604,13984,California
Sutter,2021-02-26,380,20373,61,7398,319,12975,0,0,159,7943,219,6200,159,14143,California
Sutter,2021-02-27,867,21240,47,7445,820,13795,0,0,713,8500,156,6356,713,14856,California
Sutter,2021-02-28,89,21329,43,7488,46,13841,0,0,68,8548,20,6376,68,14924,California
Sutter,2021-03-01,249,21578,62,7550,187,14028,0,0,150,8599,99,6475,150,15074,California
Sutter,2021-03-02,340,21918,59,7609,281,14309,0,0,162,8586,175,6650,162,15236,California
Sutter,2021-03-03,1402,23320,531,8140,871,15180,0,0,660,8511,735,7385,660,15896,California
Sutter,2021-03-04,1256,24576,864,9004,392,15572,0,0,944,9148,307,7692,944,16840,California
Sutter,2021-03-05,340,24916,80,9084,259,15831,1,1,207,9223,133,7825,208,17048,California
Sutter,2021-03-06,1027,25943,46,9130,976,16807,5,6,857,9918,167,7992,862,17910,California
Sutter,2021-03-07,67,26010,23,9153,43,16850,1,7,45,9943,21,8013,46,17956,California
Sutter,2021-03-08,235,26245,81,9234,142,16992,12,19,164,10048,71,8084,176,18132,California
Sutter,2021-03-09,393,26638,138,9372,243,17235,12,31,187,10041,206,8290,199,18331,California
Sutter,2021-03-10,1575,28213,680,10052,834,18069,61,92,526,9588,1040,9330,587,18918,California
Sutter,2021-03-11,904,29117,439,10491,446,18515,19,111,654,10014,247,9577,673,19591,California
Sutter,2021-03-12,680,29797,111,10602,389,18904,180,291,203,9921,474,10051,381,19972,California
Sutter,2021-03-13,993,30790,751,11353,223,19127,19,310,781,10510,210,10261,799,20771,California
Sutter,2021-03-14,133,30923,22,11375,100,19227,11,321,46,10480,87,10348,57,20828,California
Sutter,2021-03-15,326,31249,67,11442,210,19437,49,370,155,10515,169,10517,204,21032,California
Sutter,2021-03-16,391,31640,86,11528,258,19695,47,417,212,10594,179,10696,258,21290,California
Sutter,2021-03-17,1499,33139,562,12090,915,20610,22,439,305,9739,1181,11877,326,21616,California
Sutter,2021-03-18,975,34114,182,12272,589,21199,204,643,567,10105,403,12280,769,22385,California
Sutter,2021-03-19,463,34577,166,12438,268,21467,29,672,281,10235,180,12460,310,22695,California
Sutter,2021-03-20,949,35526,118,12556,820,22287,11,683,858,11014,90,12550,869,23564,California
Sutter,2021-03-21,68,35594,47,12603,18,22305,3,686,33,11015,35,12585,36,23600,California
Sutter,2021-03-22,288,35882,120,12723,142,22447,26,712,209,11173,77,12662,235,23835,California
Sutter,2021-03-23,378,36260,114,12837,231,22678,33,745,251,11331,125,12787,283,24118,California
Sutter,2021-03-24,1687,37947,773,13610,845,23523,69,814,311,10351,1360,14147,380,24498,California
Sutter,2021-03-25,1041,38988,678,14288,320,23843,43,857,366,10089,671,14818,409,24907,California
Sutter,2021-03-26,498,39486,175,14463,306,24149,17,874,295,10203,198,15016,312,25219,California
Sutter,2021-03-27,927,40413,63,14526,862,25011,2,876,811,10905,111,15127,813,26032,California
Sutter,2021-03-28,125,40538,72,14598,53,25064,0,876,77,10936,46,15173,77,26109,California
Sutter,2021-03-29,426,40964,143,14741,227,25291,56,932,222,11012,202,15375,278,26387,California
Sutter,2021-03-30,480,41444,161,14902,309,25600,10,942,317,11176,163,15538,327,26714,California
Sutter,2021-03-31,1258,42702,177,15079,1065,26665,16,958,443,10833,801,16339,458,27172,California
Sutter,2021-04-01,1385,44087,741,15820,459,27124,185,1143,429,10501,945,17284,613,27785,California
Sutter,2021-04-02,514,44601,101,15921,295,27419,118,1261,201,10506,310,17594,315,28100,California
Sutter,2021-04-03,910,45511,77,15998,211,27630,622,1883,122,10466,783,18377,743,28843,California
Sutter,2021-04-04,118,45629,22,16020,90,27720,6,1889,54,10463,63,18440,60,28903,California
Sutter,2021-04-05,370,45999,144,16164,189,27909,37,1926,172,10477,195,18635,209,29112,California
Sutter,2021-04-06,511,46510,199,16363,256,28165,56,1982,270,10564,239,18874,326,29438,California
Sutter,2021-04-07,1481,47991,886,17249,520,28685,75,2057,603,10374,868,19742,678,30116,California
Sutter,2021-04-08,1062,49053,583,17832,364,29049,115,2172,573,10576,483,20225,685,30801,California
Sutter,2021-04-09,571,49624,250,18082,256,29305,65,2237,236,10547,330,20555,301,31102,California
Sutter,2021-04-10,829,50453,111,18193,88,29393,630,2867,110,10564,713,21268,730,31832,California
Sutter,2021-04-11,120,50573,33,18226,40,29433,47,2914,38,10566,82,21350,84,31916,California
Sutter,2021-04-12,344,50917,94,18320,196,29629,54,2968,135,10548,207,21557,189,32105,California
Sutter,2021-04-13,432,51349,126,18446,306,29935,0,2968,213,10544,217,21774,213,32318,California
Sutter,2021-04-14,1327,52676,162,18608,1164,31099,1,2969,224,9674,1095,22869,225,32543,California
Sutter,2021-04-15,541,53217,173,18781,368,31467,0,2969,218,9572,320,23189,218,32761,California
Sutter,2021-04-16,408,53625,129,18910,279,31746,0,2969,189,9544,217,23406,189,32950,California
Sutter,2021-04-17,580,54205,83,18993,497,32243,0,2969,508,9981,71,23477,508,33458,California
Sutter,2021-04-18,93,54298,34,19027,59,32302,0,2969,59,10008,32,23509,59,33517,California
Sutter,2021-04-19,294,54592,113,19140,181,32483,0,2969,123,9962,169,23678,123,33640,California
Sutter,2021-04-20,466,55058,182,19322,284,32767,0,2969,224,9947,239,23917,224,33864,California
Sutter,2021-04-21,1312,56370,503,19825,809,33576,0,2969,514,9677,784,24701,514,34378,California
Sutter,2021-04-22,529,56899,195,20020,334,33910,0,2969,259,9669,267,24968,259,34637,California
Sutter,2021-04-23,439,57338,154,20174,285,34195,0,2969,200,9634,235,25203,200,34837,California
Sutter,2021-04-24,325,57663,106,20280,218,34413,1,2970,183,9676,141,25344,183,35020,California
Sutter,2021-04-25,158,57821,75,20355,83,34496,0,2970,86,9692,70,25414,86,35106,California
Sutter,2021-04-26,321,58142,107,20462,212,34708,2,2972,136,9647,183,25597,138,35244,California
Sutter,2021-04-27,560,58702,286,20748,270,34978,4,2976,256,9608,299,25896,260,35504,California
Sutter,2021-04-28,861,59563,386,21134,467,35445,8,2984,284,9330,570,26466,292,35796,California
Sutter,2021-04-29,805,60368,166,21300,638,36083,1,2985,325,9182,474,26940,326,36122,California
Sutter,2021-04-30,395,60763,144,21444,238,36321,13,2998,173,9150,217,27157,185,36307,California
Sutter,2021-05-01,301,61064,109,21553,151,36472,41,3039,130,9153,168,27325,171,36478,California
Sutter,2021-05-02,80,61144,53,21606,25,36497,2,3041,45,9165,35,27360,47,36525,California
Sutter,2021-05-03,219,61363,111,21717,99,36596,9,3050,89,9133,130,27490,98,36623,California
Sutter,2021-05-04,557,61920,254,21971,239,36835,64,3114,228,9098,326,27816,291,36914,California
Sutter,2021-05-05,564,62484,174,22145,382,37217,8,3122,164,8876,394,28210,172,37086,California
Sutter,2021-05-06,437,62921,234,22379,182,37399,21,3143,197,8854,239,28449,217,37303,California
Sutter,2021-05-07,427,63348,160,22539,245,37644,22,3165,163,8780,259,28708,185,37488,California
Sutter,2021-05-08,240,63588,94,22633,140,37784,6,3171,115,8776,125,28833,121,37609,California
Sutter,2021-05-09,107,63695,79,22712,23,37807,5,3176,62,8798,45,28878,67,37676,California
Sutter,2021-05-10,193,63888,44,22756,130,37937,19,3195,50,8726,141,29019,69,37745,California
Sutter,2021-05-11,472,64360,238,22994,213,38150,21,3216,191,8660,276,29295,210,37955,California
Sutter,2021-05-12,464,64824,262,23256,191,38341,11,3227,156,8523,304,29599,167,38122,California
Sutter,2021-05-13,490,65314,262,23518,206,38547,22,3249,190,8436,299,29898,212,38334,California
Sutter,2021-05-14,442,65756,189,23707,237,38784,16,3265,204,8423,233,30131,220,38554,California
Sutter,2021-05-15,847,66603,315,24022,501,39285,31,3296,309,8227,536,30667,340,38894,California
Sutter,2021-05-16,172,66775,118,24140,46,39331,8,3304,93,8250,78,30745,101,38995,California
Sutter,2021-05-17,291,67066,116,24256,161,39492,14,3318,148,8271,141,30886,162,39157,California
Sutter,2021-05-18,552,67618,313,24569,235,39727,4,3322,299,8325,249,31135,303,39460,California
Sutter,2021-05-19,462,68080,264,24833,191,39918,7,3329,222,8317,237,31372,229,39689,California
Sutter,2021-05-20,458,68538,238,25071,208,40126,12,3341,214,8303,240,31612,226,39915,California
Sutter,2021-05-21,489,69027,222,25293,255,40381,12,3353,210,8249,275,31887,221,40136,California
Sutter,2021-05-22,370,69397,206,25499,161,40542,3,3356,184,8254,181,32068,186,40322,California
Sutter,2021-05-23,191,69588,95,25594,87,40629,9,3365,92,8262,93,32161,101,40423,California
Sutter,2021-05-24,240,69828,91,25685,126,40755,23,3388,96,8240,141,32302,119,40542,California
Sutter,2021-05-25,402,70230,197,25882,192,40947,13,3401,165,8187,230,32532,177,40719,California
Sutter,2021-05-26,323,70553,157,26039,157,41104,9,3410,112,8102,206,32738,121,40840,California
Sutter,2021-05-27,433,70986,116,26155,298,41402,19,3429,121,7934,308,33046,140,40980,California
Sutter,2021-05-28,339,71325,165,26320,157,41559,17,3446,169,7955,165,33211,186,41166,California
Sutter,2021-05-29,254,71579,120,26440,119,41678,15,3461,132,7984,118,33329,147,41313,California
Sutter,2021-05-30,84,71663,61,26501,20,41698,3,3464,39,7982,44,33373,42,41355,California
Sutter,2021-05-31,21,71684,3,26504,14,41712,4,3468,7,7979,14,33387,11,41366,California
Sutter,2021-06-01,310,71994,134,26638,168,41880,8,3476,115,7908,194,33581,123,41489,California
Sutter,2021-06-02,282,72276,120,26758,156,42036,6,3482,97,7832,179,33760,103,41592,California
Sutter,2021-06-03,343,72619,224,26982,109,42145,10,3492,116,7737,221,33981,126,41718,California
Sutter,2021-06-04,343,72962,198,27180,138,42283,7,3499,119,7644,219,34200,126,41844,California
Sutter,2021-06-05,439,73401,369,27549,66,42349,4,3503,153,7520,281,34481,157,42001,California
Sutter,2021-06-06,134,73535,115,27664,16,42365,3,3506,44,7479,88,34569,47,42048,California
Sutter,2021-06-07,165,73700,107,27771,49,42414,9,3515,58,7440,106,34675,67,42115,California
Sutter,2021-06-08,367,74067,206,27977,149,42563,12,3527,159,7403,208,34883,171,42286,California
Sutter,2021-06-09,369,74436,235,28212,129,42692,5,3532,129,7300,237,35120,134,42420,California
Sutter,2021-06-10,383,74819,276,28488,97,42789,10,3542,149,7229,230,35350,159,42579,California
Sutter,2021-06-11,337,75156,215,28703,116,42905,6,3548,114,7129,219,35569,119,42698,California
Sutter,2021-06-12,245,75401,172,28875,58,42963,15,3563,70,7039,175,35744,85,42783,California
Sutter,2021-06-13,83,75484,65,28940,17,42980,1,3564,22,7002,60,35804,23,42806,California
Sutter,2021-06-14,190,75674,111,29051,68,43048,11,3575,74,6973,114,35918,85,42891,California
Sutter,2021-06-15,285,75959,155,29206,117,43165,13,3588,103,6909,180,36098,116,43007,California
Sutter,2021-06-16,221,76180,142,29348,70,43235,9,3597,107,6911,114,36212,116,43123,California
Sutter,2021-06-17,283,76463,173,29521,104,43339,6,3603,123,6882,158,36370,129,43252,California
Sutter,2021-06-18,266,76729,171,29692,80,43419,15,3618,94,6822,169,36539,109,43361,California
Sutter,2021-06-19,208,76937,139,29831,65,43484,4,3622,59,6738,147,36686,63,43424,California
Sutter,2021-06-20,70,77007,49,29880,19,43503,2,3624,31,6732,39,36725,33,43457,California
Sutter,2021-06-21,113,77120,54,29934,47,43550,12,3636,51,6735,60,36785,63,43520,California
Sutter,2021-06-22,222,77342,128,30062,91,43641,3,3639,86,6690,134,36919,89,43609,California
Sutter,2021-06-23,185,77527,108,30170,69,43710,8,3647,77,6666,108,37027,84,43693,California
Sutter,2021-06-24,237,77764,161,30331,66,43776,10,3657,103,6645,134,37161,113,43806,California
Sutter,2021-06-25,225,77989,146,30477,73,43849,6,3663,89,6608,132,37293,95,43901,California
Sutter,2021-06-26,220,78209,178,30655,36,43885,6,3669,76,6549,142,37435,83,43984,California
Sutter,2021-06-27,78,78287,65,30720,12,43897,1,3670,29,6531,48,37483,30,44014,California
Sutter,2021-06-28,121,78408,75,30795,40,43937,6,3676,61,6539,59,37542,67,44081,California
Sutter,2021-06-29,235,78643,155,30950,70,44007,10,3686,84,6484,149,37691,94,44175,California
Sutter,2021-06-30,175,78818,112,31062,54,44061,9,3695,72,6465,100,37791,81,44256,California
Sutter,2021-07-01,206,79024,173,31235,26,44087,7,3702,75,6416,130,37921,81,44337,California
Sutter,2021-07-02,192,79216,129,31364,51,44138,12,3714,91,6424,95,38016,103,44440,California
Sutter,2021-07-03,52,79268,34,31398,15,44153,3,3717,20,6417,30,38046,23,44463,California
Tehama,2020-12-15,1,1,1,1,0,0,0,0,1,1,0,0,1,1,California
Tehama,2020-12-16,2,3,2,3,0,0,0,0,2,3,0,0,2,3,California
Tehama,2020-12-17,12,15,12,15,0,0,0,0,12,15,0,0,12,15,California
Tehama,2020-12-18,2,17,2,17,0,0,0,0,3,18,0,0,3,18,California
Tehama,2020-12-21,33,50,33,50,0,0,0,0,33,51,0,0,33,51,California
Tehama,2020-12-22,70,120,64,114,6,6,0,0,70,121,0,0,70,121,California
Tehama,2020-12-23,48,168,40,154,8,14,0,0,48,169,0,0,48,169,California
Tehama,2020-12-24,5,173,3,157,2,16,0,0,5,174,0,0,5,174,California
Tehama,2020-12-26,3,176,2,159,1,17,0,0,3,177,0,0,3,177,California
Tehama,2020-12-27,2,178,2,161,0,17,0,0,2,179,0,0,2,179,California
Tehama,2020-12-28,56,234,43,204,13,30,0,0,56,235,0,0,56,235,California
Tehama,2020-12-29,31,265,31,235,0,30,0,0,31,266,0,0,31,266,California
Tehama,2020-12-30,55,320,39,274,16,46,0,0,54,320,0,0,54,320,California
Tehama,2020-12-31,14,334,4,278,10,56,0,0,14,334,0,0,14,334,California
Tehama,2021-01-01,3,337,0,278,3,59,0,0,3,337,0,0,3,337,California
Tehama,2021-01-04,32,369,9,287,23,82,0,0,32,369,0,0,32,369,California
Tehama,2021-01-05,70,439,43,330,27,109,0,0,67,433,3,3,67,436,California
Tehama,2021-01-06,72,511,21,351,51,160,0,0,63,488,8,11,63,499,California
Tehama,2021-01-07,57,568,7,358,50,210,0,0,56,543,1,12,56,555,California
Tehama,2021-01-08,34,602,25,383,9,219,0,0,29,567,5,17,29,584,California
Tehama,2021-01-09,7,609,5,388,2,221,0,0,5,570,2,19,5,589,California
Tehama,2021-01-10,1,610,0,388,1,222,0,0,1,571,0,19,1,590,California
Tehama,2021-01-11,49,659,47,435,2,224,0,0,15,552,34,53,15,605,California
Tehama,2021-01-12,132,791,112,547,20,244,0,0,86,592,46,99,86,691,California
Tehama,2021-01-13,73,864,55,602,18,262,0,0,27,573,46,145,27,718,California
Tehama,2021-01-14,223,1087,50,652,173,435,0,0,221,792,2,147,221,939,California
Tehama,2021-01-15,250,1337,75,727,175,610,0,0,246,1034,4,151,246,1185,California
Tehama,2021-01-16,264,1601,19,746,245,855,0,0,261,1292,3,154,261,1446,California
Tehama,2021-01-17,7,1608,3,749,4,859,0,0,4,1293,3,157,4,1450,California
Tehama,2021-01-18,12,1620,7,756,5,864,0,0,7,1295,5,162,7,1457,California
Tehama,2021-01-19,295,1915,68,824,227,1091,0,0,240,1480,55,217,240,1697,California
Tehama,2021-01-20,303,2218,87,911,216,1307,0,0,253,1684,49,266,253,1950,California
Tehama,2021-01-21,214,2432,11,922,203,1510,0,0,204,1878,10,276,204,2154,California
Tehama,2021-01-22,224,2656,21,943,203,1713,0,0,221,2096,3,279,221,2375,California
Tehama,2021-01-23,257,2913,7,950,250,1963,0,0,256,2351,1,280,256,2631,California
Tehama,2021-01-24,2,2915,1,951,1,1964,0,0,2,2353,0,280,2,2633,California
Tehama,2021-01-25,33,2948,15,966,18,1982,0,0,15,2350,18,298,15,2648,California
Tehama,2021-01-26,322,3270,42,1008,280,2262,0,0,285,2598,37,335,285,2933,California
Tehama,2021-01-27,300,3570,21,1029,279,2541,0,0,280,2858,20,355,280,3213,California
Tehama,2021-01-28,343,3913,31,1060,312,2853,0,0,328,3171,15,370,328,3541,California
Tehama,2021-01-29,324,4237,20,1080,304,3157,0,0,306,3459,18,388,306,3847,California
Tehama,2021-01-30,102,4339,2,1082,100,3257,0,0,101,3559,1,389,101,3948,California
Tehama,2021-01-31,1,4340,0,1082,1,3258,0,0,1,3560,0,389,1,3949,California
Tehama,2021-02-01,79,4419,23,1105,56,3314,0,0,36,3553,43,432,36,3985,California
Tehama,2021-02-02,361,4780,64,1169,297,3611,0,0,263,3718,98,530,263,4248,California
Tehama,2021-02-03,409,5189,12,1181,397,4008,0,0,363,4035,46,576,363,4611,California
Tehama,2021-02-04,505,5694,99,1280,406,4414,0,0,424,4379,81,657,425,5036,California
Tehama,2021-02-05,179,5873,73,1353,106,4520,0,0,117,4434,62,719,117,5153,California
Tehama,2021-02-06,29,5902,14,1367,15,4535,0,0,17,4439,12,731,17,5170,California
Tehama,2021-02-07,6,5908,5,1372,1,4536,0,0,2,4438,3,734,2,5172,California
Tehama,2021-02-08,35,5943,13,1385,22,4558,0,0,26,4455,9,743,26,5198,California
Tehama,2021-02-09,75,6018,35,1420,40,4598,0,0,40,4460,35,778,40,5238,California
Tehama,2021-02-10,232,6250,63,1483,169,4767,0,0,156,4540,76,854,156,5394,California
Tehama,2021-02-11,220,6470,15,1498,205,4972,0,0,82,4486,136,990,82,5476,California
Tehama,2021-02-12,364,6834,66,1564,298,5270,0,0,172,4466,192,1182,172,5648,California
Tehama,2021-02-13,385,7219,14,1578,371,5641,0,0,145,4371,240,1422,145,5793,California
Tehama,2021-02-14,38,7257,2,1580,36,5677,0,0,36,4405,2,1424,36,5829,California
Tehama,2021-02-15,53,7310,10,1590,43,5720,0,0,47,4446,6,1430,47,5876,California
Tehama,2021-02-16,248,7558,16,1606,232,5952,0,0,64,4326,184,1614,64,5940,California
Tehama,2021-02-17,284,7842,12,1618,272,6224,0,0,54,4150,230,1844,54,5994,California
Tehama,2021-02-18,371,8213,32,1650,339,6563,0,0,145,4069,226,2070,145,6139,California
Tehama,2021-02-19,215,8428,18,1668,197,6760,0,0,43,3940,172,2242,43,6182,California
Tehama,2021-02-20,271,8699,7,1675,264,7024,0,0,27,3723,244,2486,27,6209,California
Tehama,2021-02-21,2,8701,1,1676,1,7025,0,0,1,3723,1,2487,1,6210,California
Tehama,2021-02-22,41,8742,16,1692,25,7050,0,0,28,3738,13,2500,28,6238,California
Tehama,2021-02-23,72,8814,21,1713,51,7101,0,0,28,3722,44,2544,28,6266,California
Tehama,2021-02-24,304,9118,13,1726,291,7392,0,0,29,3476,275,2819,29,6295,California
Tehama,2021-02-25,381,9499,61,1787,320,7712,0,0,41,3177,340,3159,41,6336,California
Tehama,2021-02-26,462,9961,19,1806,443,8155,0,0,71,2857,391,3550,71,6407,California
Tehama,2021-02-27,296,10257,5,1811,291,8446,0,0,34,2629,262,3812,34,6441,California
Tehama,2021-02-28,23,10280,2,1813,21,8467,0,0,20,2646,3,3815,20,6461,California
Tehama,2021-03-01,67,10347,8,1821,59,8526,0,0,33,2645,34,3849,33,6494,California
Tehama,2021-03-02,157,10504,18,1839,139,8665,0,0,32,2552,125,3974,32,6526,California
Tehama,2021-03-03,166,10670,32,1871,134,8799,0,0,50,2486,116,4090,50,6576,California
Tehama,2021-03-04,664,11334,39,1910,625,9424,0,0,222,2271,437,4527,222,6798,California
Tehama,2021-03-05,406,11740,20,1930,386,9810,0,0,214,2294,191,4718,214,7012,California
Tehama,2021-03-06,305,12045,15,1945,290,10100,0,0,78,2147,226,4944,79,7091,California
Tehama,2021-03-07,6,12051,1,1946,5,10105,0,0,3,2148,2,4946,3,7094,California
Tehama,2021-03-08,57,12108,12,1958,30,10135,15,15,26,2159,30,4976,41,7135,California
Tehama,2021-03-09,367,12475,8,1966,340,10475,19,34,312,2435,55,5031,331,7466,California
Tehama,2021-03-10,356,12831,17,1983,318,10793,21,55,73,2247,282,5313,94,7560,California
Tehama,2021-03-11,496,13327,18,2001,429,11222,49,104,348,2496,148,5461,397,7957,California
Tehama,2021-03-12,307,13634,20,2021,222,11444,65,169,179,2613,127,5588,244,8201,California
Tehama,2021-03-13,49,13683,8,2029,34,11478,7,176,6,2583,43,5631,13,8214,California
Tehama,2021-03-14,53,13736,3,2032,40,11518,10,186,9,2558,44,5675,19,8233,California
Tehama,2021-03-15,154,13890,22,2054,112,11630,20,206,84,2592,70,5745,104,8337,California
Tehama,2021-03-16,419,14309,14,2068,367,11997,38,244,314,2840,104,5849,352,8689,California
Tehama,2021-03-17,434,14743,22,2090,380,12377,32,276,350,3140,82,5931,382,9071,California
Tehama,2021-03-18,486,15229,26,2116,436,12813,24,300,307,3294,177,6108,331,9402,California
Tehama,2021-03-19,318,15547,22,2138,283,13096,13,313,276,3541,42,6150,289,9691,California
Tehama,2021-03-20,41,15588,8,2146,31,13127,2,315,29,3560,12,6162,31,9722,California
Tehama,2021-03-21,12,15600,5,2151,7,13134,0,315,12,3572,0,6162,12,9734,California
Tehama,2021-03-22,92,15692,8,2159,67,13201,17,332,50,3597,42,6204,67,9801,California
Tehama,2021-03-23,88,15780,28,2187,54,13255,6,338,70,3655,18,6222,76,9877,California
Tehama,2021-03-24,85,15865,16,2203,67,13322,2,340,54,3680,31,6253,56,9933,California
Tehama,2021-03-25,539,16404,363,2566,163,13485,13,353,482,4119,56,6309,495,10428,California
Tehama,2021-03-26,514,16918,403,2969,99,13584,12,365,434,4488,77,6386,446,10874,California
Tehama,2021-03-27,452,17370,356,3325,71,13655,25,390,383,4828,68,6454,408,11282,California
Tehama,2021-03-28,31,17401,10,3335,21,13676,0,390,19,4835,12,6466,19,11301,California
Tehama,2021-03-29,127,17528,32,3367,94,13770,1,391,81,4870,46,6512,81,11382,California
Tehama,2021-03-30,374,17902,222,3589,150,13920,2,393,252,5002,122,6634,254,11636,California
Tehama,2021-03-31,401,18303,298,3887,100,14020,3,396,328,5260,72,6706,330,11966,California
Tehama,2021-04-01,528,18831,247,4134,275,14295,6,402,395,5529,132,6838,401,12367,California
Tehama,2021-04-02,458,19289,216,4350,237,14532,5,407,273,5621,185,7023,277,12644,California
Tehama,2021-04-03,62,19351,4,4354,53,14585,5,412,31,5626,31,7054,36,12680,California
Tehama,2021-04-04,35,19386,7,4361,27,14612,1,413,23,5638,12,7066,24,12704,California
Tehama,2021-04-05,118,19504,21,4382,69,14681,28,441,61,5670,57,7123,89,12793,California
Tehama,2021-04-06,492,19996,109,4491,332,15013,51,492,137,5503,355,7478,188,12981,California
Tehama,2021-04-07,417,20413,284,4775,90,15103,43,535,304,5737,112,7590,346,13327,California
Tehama,2021-04-08,608,21021,174,4949,394,15497,40,575,230,5630,377,7967,270,13597,California
Tehama,2021-04-09,431,21452,193,5142,204,15701,34,609,215,5664,215,8182,249,13846,California
Tehama,2021-04-10,79,21531,9,5151,38,15739,32,641,40,5697,39,8221,72,13918,California
Tehama,2021-04-11,33,21564,7,5158,15,15754,11,652,8,5691,25,8246,19,13937,California
Tehama,2021-04-12,112,21676,6,5164,87,15841,19,671,40,5678,72,8318,59,13996,California
Tehama,2021-04-13,390,22066,66,5230,324,16165,0,671,67,5422,323,8641,67,14063,California
Tehama,2021-04-14,408,22474,54,5284,354,16519,0,671,51,5118,355,8996,51,14114,California
Tehama,2021-04-15,518,22992,193,5477,325,16844,0,671,81,4763,436,9432,81,14195,California
Tehama,2021-04-16,598,23590,342,5819,256,17100,0,671,75,4315,523,9955,75,14270,California
Tehama,2021-04-17,349,23939,269,6088,80,17180,0,671,41,4050,307,10262,42,14312,California
Tehama,2021-04-18,17,23956,3,6091,14,17194,0,671,14,4061,3,10265,14,14326,California
Tehama,2021-04-19,97,24053,8,6099,89,17283,0,671,41,4046,56,10321,41,14367,California
Tehama,2021-04-20,528,24581,435,6534,93,17376,0,671,152,3827,373,10694,154,14521,California
Tehama,2021-04-21,512,25093,434,6968,78,17454,0,671,170,3657,340,11034,170,14691,California
Tehama,2021-04-22,526,25619,366,7334,160,17614,0,671,157,3448,366,11400,157,14848,California
Tehama,2021-04-23,454,26073,351,7685,103,17717,0,671,204,3404,249,11649,205,15053,California
Tehama,2021-04-24,104,26177,18,7703,86,17803,0,671,27,3354,77,11726,27,15080,California
Tehama,2021-04-25,29,26206,18,7721,11,17814,0,671,9,3344,19,11745,9,15089,California
Tehama,2021-04-26,87,26293,12,7733,75,17889,0,671,47,3351,40,11785,47,15136,California
Tehama,2021-04-27,257,26550,209,7942,47,17936,1,672,95,3285,162,11947,96,15232,California
Tehama,2021-04-28,405,26955,324,8266,64,18000,17,689,71,3039,334,12281,88,15320,California
Tehama,2021-04-29,359,27314,172,8438,181,18181,6,695,72,2831,286,12567,78,15398,California
Tehama,2021-04-30,327,27641,240,8678,81,18262,6,701,113,2736,214,12781,119,15517,California
Tehama,2021-05-01,74,27715,4,8682,67,18329,3,704,16,2697,58,12839,19,15536,California
Tehama,2021-05-02,44,27759,22,8704,10,18339,12,716,24,2713,20,12859,36,15572,California
Tehama,2021-05-03,119,27878,40,8744,71,18410,8,724,64,2730,55,12914,72,15644,California
Tehama,2021-05-04,164,28042,59,8803,98,18508,7,731,71,2715,93,13007,78,15722,California
Tehama,2021-05-05,95,28137,26,8829,59,18567,10,741,44,2718,51,13058,54,15776,California
Tehama,2021-05-06,169,28306,94,8923,60,18627,15,756,103,2770,66,13124,118,15894,California
Tehama,2021-05-07,178,28484,73,8996,94,18721,11,767,52,2709,124,13248,63,15957,California
Tehama,2021-05-08,50,28534,6,9002,43,18764,1,768,14,2688,36,13284,15,15972,California
Tehama,2021-05-09,17,28551,4,9006,13,18777,0,768,7,2685,10,13294,7,15979,California
Tehama,2021-05-10,80,28631,8,9014,66,18843,6,774,39,2689,40,13334,44,16023,California
Tehama,2021-05-11,176,28807,117,9131,49,18892,10,784,37,2597,139,13473,47,16070,California
Tehama,2021-05-12,213,29020,133,9264,69,18961,11,795,48,2491,165,13638,59,16129,California
Tehama,2021-05-13,249,29269,168,9432,73,19034,8,803,114,2479,134,13772,122,16251,California
Tehama,2021-05-14,248,29517,134,9566,93,19127,21,824,59,2371,188,13960,80,16331,California
Tehama,2021-05-15,225,29742,135,9701,54,19181,36,860,161,2505,63,14023,197,16528,California
Tehama,2021-05-16,27,29769,7,9708,17,19198,3,863,15,2511,12,14035,18,16546,California
Tehama,2021-05-17,113,29882,29,9737,69,19267,15,878,54,2522,58,14093,69,16615,California
Tehama,2021-05-18,153,30035,78,9815,60,19327,15,893,50,2486,101,14194,65,16680,California
Tehama,2021-05-19,127,30162,54,9869,63,19390,10,903,41,2451,86,14280,51,16731,California
Tehama,2021-05-20,335,30497,242,10111,70,19460,23,926,232,2604,102,14382,255,16986,California
Tehama,2021-05-21,222,30719,99,10210,110,19570,13,939,79,2555,141,14523,92,17078,California
Tehama,2021-05-22,66,30785,32,10242,30,19600,4,943,38,2569,28,14551,42,17120,California
Tehama,2021-05-23,50,30835,25,10267,14,19614,11,954,14,2558,36,14587,25,17145,California
Tehama,2021-05-24,99,30934,31,10298,60,19674,8,962,34,2535,65,14652,42,17187,California
Tehama,2021-05-25,77,31011,20,10318,49,19723,8,970,47,2560,29,14681,54,17241,California
Tehama,2021-05-26,80,31091,31,10349,46,19769,3,973,52,2588,27,14708,55,17296,California
Tehama,2021-05-27,156,31247,98,10447,54,19823,4,977,51,2540,103,14811,55,17351,California
Tehama,2021-05-28,136,31383,37,10484,92,19915,7,984,65,2542,70,14881,72,17423,California
Tehama,2021-05-29,53,31436,8,10492,40,19955,5,989,34,2562,19,14900,39,17462,California
Tehama,2021-05-30,15,31451,5,10497,9,19964,1,990,6,2560,9,14909,7,17469,California
Tehama,2021-05-31,18,31469,2,10499,15,19979,1,991,5,2553,13,14922,6,17475,California
Tehama,2021-06-01,100,31569,18,10517,64,20043,18,1009,32,2535,68,14990,50,17525,California
Tehama,2021-06-02,88,31657,30,10547,53,20096,5,1014,32,2516,56,15046,37,17562,California
Tehama,2021-06-03,136,31793,102,10649,23,20119,11,1025,29,2449,107,15153,40,17602,California
Tehama,2021-06-04,145,31938,38,10687,93,20212,14,1039,63,2443,81,15234,75,17677,California
Tehama,2021-06-05,158,32096,128,10815,22,20234,8,1047,31,2356,126,15360,39,17716,California
Tehama,2021-06-06,15,32111,7,10822,2,20236,6,1053,2,2351,12,15372,7,17723,California
Tehama,2021-06-07,69,32180,27,10849,40,20276,2,1055,19,2322,50,15422,21,17744,California
Tehama,2021-06-08,103,32283,34,10883,60,20336,9,1064,37,2303,65,15487,46,17790,California
Tehama,2021-06-09,87,32370,43,10926,42,20378,2,1066,43,2304,44,15531,45,17835,California
Tehama,2021-06-10,267,32637,216,11142,41,20419,10,1076,37,2122,229,15760,47,17882,California
Tehama,2021-06-11,148,32785,66,11208,73,20492,9,1085,55,2096,90,15850,64,17946,California
Tehama,2021-06-12,62,32847,39,11247,23,20515,0,1085,24,2082,38,15888,24,17970,California
Tehama,2021-06-13,22,32869,6,11253,10,20525,6,1091,5,2076,17,15905,11,17981,California
Tehama,2021-06-14,93,32962,16,11269,70,20595,7,1098,27,2044,66,15971,34,18015,California
Tehama,2021-06-15,97,33059,43,11312,39,20634,15,1113,37,2037,59,16030,52,18067,California
Tehama,2021-06-16,93,33152,62,11374,28,20662,3,1116,47,2041,46,16076,50,18117,California
Tehama,2021-06-17,152,33304,108,11482,29,20691,15,1131,87,2079,63,16139,101,18218,California
Tehama,2021-06-18,108,33412,42,11524,52,20743,14,1145,36,2057,72,16211,50,18268,California
Tehama,2021-06-19,40,33452,14,11538,21,20764,5,1150,17,2056,23,16234,22,18290,California
Tehama,2021-06-20,16,33468,5,11543,10,20774,1,1151,6,2053,10,16244,7,18297,California
Tehama,2021-06-21,64,33532,19,11562,37,20811,8,1159,23,2043,41,16285,31,18328,California
Tehama,2021-06-22,81,33613,25,11587,42,20853,14,1173,34,2045,46,16331,48,18376,California
Tehama,2021-06-23,95,33708,54,11641,37,20890,4,1177,46,2046,48,16379,49,18425,California
Tehama,2021-06-24,88,33796,42,11683,38,20928,8,1185,48,2062,40,16419,56,18481,California
Tehama,2021-06-25,136,33932,74,11757,55,20983,7,1192,59,2052,76,16495,66,18547,California
Tehama,2021-06-26,46,33978,23,11780,23,21006,0,1192,22,2050,24,16519,22,18569,California
Tehama,2021-06-27,8,33986,4,11784,3,21009,1,1193,5,2053,3,16522,6,18575,California
Tehama,2021-06-28,42,34028,16,11800,21,21030,5,1198,21,2058,21,16543,26,18601,California
Tehama,2021-06-29,64,34092,23,11823,37,21067,4,1202,33,2065,30,16573,37,18638,California
Tehama,2021-06-30,87,34179,66,11889,19,21086,2,1204,46,2072,41,16614,48,18686,California
Tehama,2021-07-01,61,34240,30,11919,28,21114,3,1207,38,2090,23,16637,41,18727,California
Tehama,2021-07-02,76,34316,37,11956,37,21151,2,1209,30,2076,46,16683,32,18759,California
Tehama,2021-07-03,20,34336,11,11967,7,21158,2,1211,8,2074,12,16695,10,18769,California
Trinity,2020-12-17,4,4,4,4,0,0,0,0,4,4,0,0,4,4,California
Trinity,2020-12-18,2,6,2,6,0,0,0,0,2,6,0,0,2,6,California
Trinity,2020-12-21,38,44,38,44,0,0,0,0,38,44,0,0,38,44,California
Trinity,2020-12-22,4,48,4,48,0,0,0,0,4,48,0,0,4,48,California
Trinity,2020-12-23,6,54,5,53,1,1,0,0,6,54,0,0,6,54,California
Trinity,2020-12-28,31,85,31,84,0,1,0,0,31,85,0,0,31,85,California
Trinity,2020-12-29,8,93,7,91,1,2,0,0,8,93,0,0,8,93,California
Trinity,2020-12-30,10,103,8,99,2,4,0,0,10,103,0,0,10,103,California
Trinity,2020-12-31,2,105,1,100,1,5,0,0,2,105,0,0,2,105,California
Trinity,2021-01-04,27,132,0,100,27,32,0,0,26,131,0,0,26,131,California
Trinity,2021-01-05,3,135,1,101,2,34,0,0,3,134,0,0,3,134,California
Trinity,2021-01-06,24,159,4,105,20,54,0,0,20,150,4,4,20,154,California
Trinity,2021-01-08,49,208,2,107,47,101,0,0,48,196,2,6,48,202,California
Trinity,2021-01-11,41,249,38,145,3,104,0,0,4,163,37,43,4,206,California
Trinity,2021-01-12,9,258,6,151,3,107,0,0,4,162,5,48,4,210,California
Trinity,2021-01-13,7,265,4,155,3,110,0,0,4,163,3,51,4,214,California
Trinity,2021-01-14,4,269,1,156,3,113,0,0,4,167,0,51,4,218,California
Trinity,2021-01-15,4,273,0,156,4,117,0,0,4,171,0,51,4,222,California
Trinity,2021-01-16,4,277,0,156,4,121,0,0,4,175,0,51,4,226,California
Trinity,2021-01-18,31,308,31,187,0,121,0,0,0,144,31,82,0,226,California
Trinity,2021-01-19,35,343,14,201,21,142,0,0,21,151,14,96,21,247,California
Trinity,2021-01-20,20,363,3,204,17,159,0,0,17,165,3,99,17,264,California
Trinity,2021-01-21,17,380,7,211,10,169,0,0,17,182,0,99,17,281,California
Trinity,2021-01-22,5,385,1,212,4,173,0,0,5,187,0,99,5,286,California
Trinity,2021-01-23,7,392,3,215,4,177,0,0,7,194,0,99,7,293,California
Trinity,2021-01-25,14,406,1,216,13,190,0,0,13,206,1,100,13,306,California
Trinity,2021-01-26,10,416,1,217,9,199,0,0,9,214,1,101,9,315,California
Trinity,2021-01-27,12,428,0,217,12,211,0,0,12,226,0,101,12,327,California
Trinity,2021-01-28,12,440,2,219,10,221,0,0,9,232,3,104,9,336,California
Trinity,2021-01-29,2,442,0,219,2,223,0,0,1,232,1,105,1,337,California
Trinity,2021-01-30,12,454,11,230,1,224,0,0,12,244,0,105,12,349,California
Trinity,2021-02-01,2,456,1,231,1,225,0,0,1,244,1,106,1,350,California
Trinity,2021-02-02,15,471,3,234,12,237,0,0,14,257,1,107,14,364,California
Trinity,2021-02-03,7,478,1,235,6,243,0,0,4,258,3,110,4,368,California
Trinity,2021-02-04,42,520,32,267,10,253,0,0,35,286,7,117,35,403,California
Trinity,2021-02-05,354,874,0,267,354,607,0,0,323,578,31,148,323,726,California
Trinity,2021-02-06,210,1084,5,272,205,812,0,0,203,774,7,155,203,929,California
Trinity,2021-02-07,1,1085,0,272,1,813,0,0,1,775,0,155,1,930,California
Trinity,2021-02-08,27,1112,0,272,27,840,0,0,16,780,11,166,16,946,California
Trinity,2021-02-09,27,1139,2,274,25,865,0,0,11,775,16,182,11,957,California
Trinity,2021-02-10,122,1261,10,284,112,977,0,0,102,857,20,202,102,1059,California
Trinity,2021-02-11,338,1599,2,286,336,1313,0,0,331,1181,7,209,331,1390,California
Trinity,2021-02-12,18,1617,10,296,8,1321,0,0,14,1191,4,213,14,1404,California
Trinity,2021-02-13,13,1630,6,302,7,1328,0,0,6,1190,7,220,6,1410,California
Trinity,2021-02-14,2,1632,2,304,0,1328,0,0,2,1192,0,220,2,1412,California
Trinity,2021-02-15,47,1679,0,304,47,1375,0,0,47,1239,0,220,47,1459,California
Trinity,2021-02-16,5,1684,1,305,4,1379,0,0,3,1240,2,222,3,1462,California
Trinity,2021-02-17,94,1778,2,307,92,1471,0,0,84,1314,10,232,84,1546,California
Trinity,2021-02-18,4,1782,0,307,4,1475,0,0,1,1312,3,235,1,1547,California
Trinity,2021-02-19,307,2089,1,308,306,1781,0,0,294,1593,13,248,294,1841,California
Trinity,2021-02-20,141,2230,14,322,127,1908,0,0,113,1678,28,276,113,1954,California
Trinity,2021-02-21,1,2231,1,323,0,1908,0,0,1,1679,0,276,1,1955,California
Trinity,2021-02-22,8,2239,0,323,8,1916,0,0,5,1681,3,279,5,1960,California
Trinity,2021-02-23,10,2249,3,326,7,1923,0,0,5,1681,5,284,5,1965,California
Trinity,2021-02-24,30,2279,8,334,22,1945,0,0,7,1665,23,307,7,1972,California
Trinity,2021-02-25,36,2315,23,357,13,1958,0,0,5,1639,31,338,5,1977,California
Trinity,2021-02-26,12,2327,2,359,10,1968,0,0,6,1639,6,344,6,1983,California
Trinity,2021-02-27,12,2339,10,369,2,1970,0,0,6,1639,6,350,6,1989,California
Trinity,2021-03-01,10,2349,0,369,10,1980,0,0,5,1639,5,355,5,1994,California
Trinity,2021-03-02,9,2358,3,372,6,1986,0,0,2,1634,7,362,2,1996,California
Trinity,2021-03-03,4,2362,0,372,4,1990,0,0,3,1636,1,363,3,1999,California
Trinity,2021-03-04,24,2386,19,391,5,1995,0,0,10,1632,14,377,10,2009,California
Trinity,2021-03-05,391,2777,1,392,390,2385,0,0,120,1485,267,644,120,2129,California
Trinity,2021-03-06,202,2979,7,399,195,2580,0,0,26,1335,176,820,26,2155,California
Trinity,2021-03-07,4,2983,3,402,1,2581,0,0,3,1337,1,821,3,2158,California
Trinity,2021-03-08,5,2988,1,403,3,2584,1,1,2,1337,3,824,3,2161,California
Trinity,2021-03-09,94,3082,0,403,92,2676,2,3,88,1421,6,830,90,2251,California
Trinity,2021-03-10,126,3208,3,406,120,2796,3,6,38,1374,88,918,41,2292,California
Trinity,2021-03-11,16,3224,4,410,10,2806,2,8,5,1370,11,929,7,2299,California
Trinity,2021-03-12,397,3621,5,415,386,3192,6,14,96,1171,301,1230,102,2401,California
Trinity,2021-03-13,14,3635,8,423,4,3196,2,16,8,1175,6,1236,10,2411,California
Trinity,2021-03-14,4,3639,1,424,3,3199,0,16,3,1177,1,1237,3,2414,California
Trinity,2021-03-15,67,3706,0,424,66,3265,1,17,14,1139,53,1290,15,2429,California
Trinity,2021-03-16,116,3822,7,431,109,3374,0,17,103,1229,13,1303,103,2532,California
Trinity,2021-03-17,100,3922,3,434,97,3471,0,17,26,1181,74,1377,26,2558,California
Trinity,2021-03-18,11,3933,2,436,6,3477,3,20,5,1183,6,1383,8,2566,California
Trinity,2021-03-19,460,4393,4,440,346,3823,110,130,33,899,427,1810,143,2709,California
Trinity,2021-03-20,105,4498,7,447,98,3921,0,130,68,931,36,1846,68,2777,California
Trinity,2021-03-21,4,4502,0,447,3,3924,1,131,3,934,1,1847,4,2781,California
Trinity,2021-03-22,2,4504,0,447,2,3926,0,131,2,936,0,1847,2,2783,California
Trinity,2021-03-23,95,4599,2,449,93,4019,0,131,77,995,18,1865,77,2860,California
Trinity,2021-03-24,12,4611,1,450,11,4030,0,131,9,1001,3,1868,9,2869,California
Trinity,2021-03-25,111,4722,8,458,97,4127,6,137,85,1066,26,1894,91,2960,California
Trinity,2021-03-26,83,4805,8,466,75,4202,0,137,76,1135,7,1901,76,3036,California
Trinity,2021-03-27,20,4825,4,470,7,4209,9,146,9,1142,11,1912,18,3054,California
Trinity,2021-03-28,5,4830,3,473,2,4211,0,146,1,1139,4,1916,1,3055,California
Trinity,2021-03-29,6,4836,1,474,5,4216,0,146,2,1137,4,1920,2,3057,California
Trinity,2021-03-30,77,4913,5,479,72,4288,0,146,67,1194,10,1930,67,3124,California
Trinity,2021-03-31,56,4969,5,484,19,4307,32,178,21,1211,35,1965,52,3176,California
Trinity,2021-04-01,41,5010,11,495,19,4326,11,189,21,1223,20,1985,32,3208,California
Trinity,2021-04-02,251,5261,5,500,172,4498,74,263,79,1205,171,2156,153,3361,California
Trinity,2021-04-03,17,5278,12,512,5,4503,0,263,7,1202,10,2166,7,3368,California
Trinity,2021-04-04,10,5288,8,520,2,4505,0,263,8,1208,2,2168,8,3376,California
Trinity,2021-04-05,58,5346,6,526,51,4556,1,264,54,1259,4,2172,55,3431,California
Trinity,2021-04-06,118,5464,15,541,100,4656,3,267,29,1202,89,2261,32,3463,California
Trinity,2021-04-07,27,5491,12,553,10,4666,5,272,19,1218,8,2269,24,3487,California
Trinity,2021-04-08,89,5580,10,563,77,4743,2,274,52,1235,37,2306,54,3541,California
Trinity,2021-04-09,170,5750,20,583,146,4889,4,278,92,1253,78,2384,96,3637,California
Trinity,2021-04-10,11,5761,7,590,4,4893,0,278,10,1262,1,2385,10,3647,California
Trinity,2021-04-11,10,5771,5,595,3,4896,2,280,4,1262,6,2391,6,3653,California
Trinity,2021-04-12,77,5848,5,600,71,4967,1,281,64,1314,12,2403,64,3717,California
Trinity,2021-04-13,104,5952,5,605,99,5066,0,281,11,1232,93,2496,11,3728,California
Trinity,2021-04-14,10,5962,5,610,5,5071,0,281,6,1234,4,2500,6,3734,California
Trinity,2021-04-15,45,6007,10,620,35,5106,0,281,15,1220,29,2529,15,3749,California
Trinity,2021-04-16,153,6160,13,633,140,5246,0,281,80,1228,72,2601,80,3829,California
Trinity,2021-04-17,11,6171,5,638,6,5252,0,281,9,1235,2,2603,9,3838,California
Trinity,2021-04-18,3,6174,1,639,2,5254,0,281,0,1232,3,2606,0,3838,California
Trinity,2021-04-19,67,6241,2,641,65,5319,0,281,66,1297,1,2607,66,3904,California
Trinity,2021-04-20,94,6335,8,649,86,5405,0,281,21,1245,73,2680,21,3925,California
Trinity,2021-04-21,22,6357,9,658,13,5418,0,281,9,1241,13,2693,9,3934,California
Trinity,2021-04-22,92,6449,5,663,87,5505,0,281,14,1177,78,2771,14,3948,California
Trinity,2021-04-23,178,6627,6,669,172,5677,0,281,110,1219,68,2839,110,4058,California
Trinity,2021-04-24,23,6650,12,681,11,5688,0,281,6,1208,17,2856,6,4064,California
Trinity,2021-04-25,10,6660,9,690,1,5689,0,281,3,1205,6,2862,3,4067,California
Trinity,2021-04-26,48,6708,9,699,39,5728,0,281,40,1237,8,2870,40,4107,California
Trinity,2021-04-27,88,6796,11,710,77,5805,0,281,23,1195,65,2935,23,4130,California
Trinity,2021-04-28,32,6828,11,721,21,5826,0,281,12,1187,20,2955,12,4142,California
Trinity,2021-04-29,34,6862,13,734,21,5847,0,281,12,1177,22,2977,12,4154,California
Trinity,2021-04-30,27,6889,21,755,6,5853,0,281,8,1167,18,2995,8,4162,California
Trinity,2021-05-01,15,6904,8,763,2,5855,5,286,5,1167,10,3005,10,4172,California
Trinity,2021-05-02,8,6912,5,768,1,5856,2,288,2,1165,6,3011,4,4176,California
Trinity,2021-05-03,58,6970,13,781,44,5900,1,289,9,1127,48,3059,10,4186,California
Trinity,2021-05-04,24,6994,11,792,12,5912,1,290,8,1120,16,3075,9,4195,California
Trinity,2021-05-05,11,7005,7,799,4,5916,0,290,4,1117,7,3082,4,4199,California
Trinity,2021-05-06,73,7078,10,809,61,5977,2,292,16,1078,57,3139,18,4217,California
Trinity,2021-05-07,179,7257,12,821,133,6110,34,326,14,961,165,3304,48,4265,California
Trinity,2021-05-08,6,7263,2,823,4,6114,0,326,2,959,4,3308,2,4267,California
Trinity,2021-05-09,11,7274,8,831,3,6117,0,326,7,962,4,3312,7,4274,California
Trinity,2021-05-10,15,7289,5,836,9,6126,1,327,8,964,7,3319,9,4283,California
Trinity,2021-05-11,8,7297,4,840,4,6130,0,327,6,968,2,3321,6,4289,California
Trinity,2021-05-12,19,7316,16,856,2,6132,1,328,14,978,5,3326,15,4304,California
Trinity,2021-05-13,15,7331,10,866,4,6136,1,329,9,982,6,3332,10,4314,California
Trinity,2021-05-14,140,7471,19,885,93,6229,28,357,39,948,101,3433,67,4381,California
Trinity,2021-05-15,15,7486,10,895,4,6233,1,358,7,949,7,3440,8,4389,California
Trinity,2021-05-16,8,7494,6,901,2,6235,0,358,6,953,2,3442,6,4395,California
Trinity,2021-05-17,108,7602,20,921,86,6321,2,360,42,931,66,3508,44,4439,California
Trinity,2021-05-18,37,7639,7,928,29,6350,1,361,11,917,26,3534,12,4451,California
Trinity,2021-05-19,146,7785,17,945,100,6450,29,390,29,859,116,3650,58,4509,California
Trinity,2021-05-20,28,7813,21,966,4,6454,3,393,17,868,11,3661,20,4529,California
Trinity,2021-05-21,21,7834,12,978,9,6463,0,393,12,871,9,3670,12,4541,California
Trinity,2021-05-22,17,7851,14,992,3,6466,0,393,13,880,4,3674,13,4554,California
Trinity,2021-05-23,6,7857,4,996,2,6468,0,393,2,878,4,3678,2,4556,California
Trinity,2021-05-24,109,7966,12,1008,96,6564,1,394,8,787,100,3778,9,4565,California
Trinity,2021-05-25,39,8005,14,1022,25,6589,0,394,17,782,22,3800,17,4582,California
Trinity,2021-05-26,12,8017,6,1028,6,6595,0,394,4,778,8,3808,4,4586,California
Trinity,2021-05-27,31,8048,14,1042,12,6607,5,399,8,768,23,3831,13,4599,California
Trinity,2021-05-28,14,8062,10,1052,3,6610,1,400,7,769,7,3838,8,4607,California
Trinity,2021-05-29,10,8072,7,1059,2,6612,1,401,7,774,3,3841,8,4615,California
Trinity,2021-05-30,6,8078,5,1064,1,6613,0,401,0,768,6,3847,0,4615,California
Trinity,2021-05-31,4,8082,3,1067,1,6614,0,401,2,768,2,3849,2,4617,California
Trinity,2021-06-01,14,8096,7,1074,5,6619,2,403,3,763,10,3859,5,4622,California
Trinity,2021-06-02,24,8120,19,1093,3,6622,2,405,9,759,15,3874,11,4633,California
Trinity,2021-06-03,39,8159,13,1106,26,6648,0,405,13,746,26,3900,13,4646,California
Trinity,2021-06-04,45,8204,21,1127,16,6664,8,413,12,733,33,3933,20,4666,California
Trinity,2021-06-05,19,8223,18,1145,1,6665,0,413,13,740,6,3939,13,4679,California
Trinity,2021-06-06,9,8232,6,1151,2,6667,1,414,2,736,7,3946,3,4682,California
Trinity,2021-06-07,28,8260,19,1170,8,6675,1,415,12,733,16,3962,13,4695,California
Trinity,2021-06-08,15,8275,13,1183,1,6676,1,416,4,727,11,3973,5,4700,California
Trinity,2021-06-09,24,8299,14,1197,1,6677,9,425,5,722,19,3992,14,4714,California
Trinity,2021-06-10,20,8319,18,1215,2,6679,0,425,5,712,15,4007,5,4719,California
Trinity,2021-06-11,45,8364,10,1225,33,6712,2,427,14,697,31,4038,16,4735,California
Trinity,2021-06-12,9,8373,9,1234,0,6712,0,427,2,692,7,4045,2,4737,California
Trinity,2021-06-13,4,8377,4,1238,0,6712,0,427,1,690,3,4048,1,4738,California
Trinity,2021-06-14,43,8420,16,1254,27,6739,0,427,11,669,32,4080,11,4749,California
Trinity,2021-06-15,45,8465,21,1275,3,6742,21,448,9,662,36,4116,29,4778,California
Trinity,2021-06-16,10,8475,6,1281,4,6746,0,448,3,658,7,4123,3,4781,California
Trinity,2021-06-17,15,8490,12,1293,1,6747,2,450,6,658,8,4131,8,4789,California
Trinity,2021-06-18,18,8508,10,1303,6,6753,2,452,6,654,12,4143,8,4797,California
Trinity,2021-06-19,10,8518,10,1313,0,6753,0,452,2,648,8,4151,2,4799,California
Trinity,2021-06-20,3,8521,3,1316,0,6753,0,452,3,651,0,4151,3,4802,California
Trinity,2021-06-21,8,8529,6,1322,0,6753,2,454,5,655,3,4154,7,4809,California
Trinity,2021-06-22,32,8561,9,1331,13,6766,10,464,14,661,18,4172,24,4833,California
Trinity,2021-06-23,15,8576,8,1339,1,6767,6,470,2,656,13,4185,8,4841,California
Trinity,2021-06-24,24,8600,14,1353,4,6771,6,476,15,668,9,4194,21,4862,California
Trinity,2021-06-25,10,8610,10,1363,0,6771,0,476,6,670,4,4198,6,4868,California
Trinity,2021-06-26,18,8628,18,1381,0,6771,0,476,8,668,10,4208,8,4876,California
Trinity,2021-06-27,4,8632,4,1385,0,6771,0,476,0,664,4,4212,0,4876,California
Trinity,2021-06-28,11,8643,9,1394,1,6772,1,477,4,662,7,4219,5,4881,California
Trinity,2021-06-29,11,8654,5,1399,3,6775,3,480,5,664,6,4225,8,4889,California
Trinity,2021-06-30,14,8668,10,1409,1,6776,3,483,6,665,8,4233,9,4898,California
Trinity,2021-07-01,30,8698,11,1420,12,6788,7,490,10,662,20,4253,17,4915,California
Trinity,2021-07-02,24,8722,6,1426,6,6794,12,502,6,662,18,4271,18,4933,California
Trinity,2021-07-03,4,8726,1,1427,0,6794,3,505,0,661,4,4275,3,4936,California
Tulare,2020-12-15,1,1,1,1,0,0,0,0,1,1,0,0,1,1,California
Tulare,2020-12-16,4,5,4,5,0,0,0,0,4,5,0,0,4,5,California
Tulare,2020-12-17,110,115,110,115,0,0,0,0,110,115,0,0,110,115,California
Tulare,2020-12-18,290,405,289,404,1,1,0,0,290,405,0,0,290,405,California
Tulare,2020-12-19,326,731,326,730,0,1,0,0,326,731,0,0,326,731,California
Tulare,2020-12-20,165,896,165,895,0,1,0,0,165,896,0,0,165,896,California
Tulare,2020-12-21,424,1320,424,1319,0,1,0,0,444,1340,0,0,444,1340,California
Tulare,2020-12-22,470,1790,468,1787,2,3,0,0,469,1809,0,0,469,1809,California
Tulare,2020-12-23,327,2117,318,2105,9,12,0,0,325,2134,0,0,325,2134,California
Tulare,2020-12-24,18,2135,16,2121,2,14,0,0,18,2152,0,0,18,2152,California
Tulare,2020-12-26,8,2143,7,2128,1,15,0,0,8,2160,0,0,8,2160,California
Tulare,2020-12-27,16,2159,12,2140,4,19,0,0,16,2176,0,0,16,2176,California
Tulare,2020-12-28,480,2639,467,2607,13,32,0,0,479,2655,0,0,479,2655,California
Tulare,2020-12-29,550,3189,480,3087,70,102,0,0,550,3205,0,0,550,3205,California
Tulare,2020-12-30,469,3658,425,3512,44,146,0,0,469,3674,0,0,469,3674,California
Tulare,2020-12-31,100,3758,22,3534,78,224,0,0,100,3774,0,0,100,3774,California
Tulare,2021-01-01,3,3761,1,3535,2,226,0,0,3,3777,0,0,3,3777,California
Tulare,2021-01-02,32,3793,19,3554,13,239,0,0,32,3809,0,0,32,3809,California
Tulare,2021-01-03,23,3816,9,3563,14,253,0,0,23,3832,0,0,23,3832,California
Tulare,2021-01-04,93,3909,16,3579,77,330,0,0,93,3925,0,0,93,3925,California
Tulare,2021-01-05,465,4374,279,3858,186,516,0,0,463,4386,2,2,463,4388,California
Tulare,2021-01-06,864,5238,634,4492,230,746,0,0,854,5230,10,12,854,5242,California
Tulare,2021-01-07,782,6020,585,5077,197,943,0,0,674,5796,108,120,674,5916,California
Tulare,2021-01-08,1279,7299,573,5650,706,1649,0,0,942,6402,336,456,942,6858,California
Tulare,2021-01-09,806,8105,204,5854,602,2251,0,0,618,6832,188,644,618,7476,California
Tulare,2021-01-10,51,8156,43,5897,8,2259,0,0,13,6807,38,682,13,7489,California
Tulare,2021-01-11,1275,9431,772,6669,503,2762,0,0,836,7204,439,1121,836,8325,California
Tulare,2021-01-12,1452,10883,505,7174,947,3709,0,0,1040,7835,411,1532,1042,9367,California
Tulare,2021-01-13,411,11294,179,7353,232,3941,0,0,336,8096,75,1607,336,9703,California
Tulare,2021-01-14,495,11789,145,7498,350,4291,0,0,469,8550,15,1622,469,10172,California
Tulare,2021-01-15,1651,13440,156,7654,1495,5786,0,0,1642,10183,9,1631,1642,11814,California
Tulare,2021-01-16,1930,15370,115,7769,1815,7601,0,0,1916,12085,14,1645,1916,13730,California
Tulare,2021-01-17,142,15512,122,7891,20,7621,0,0,132,12207,10,1655,132,13862,California
Tulare,2021-01-18,693,16205,657,8548,36,7657,0,0,295,12104,398,2053,295,14157,California
Tulare,2021-01-19,1020,17225,690,9238,330,7987,0,0,593,12270,427,2480,593,14750,California
Tulare,2021-01-20,2481,19706,667,9905,1814,9801,0,0,2044,13923,392,2872,2045,16795,California
Tulare,2021-01-21,1617,21323,227,10132,1390,11191,0,0,1589,15490,22,2894,1589,18384,California
Tulare,2021-01-22,1092,22415,213,10345,879,12070,0,0,1062,16523,29,2923,1062,19446,California
Tulare,2021-01-23,439,22854,156,10501,283,12353,0,0,418,16920,21,2944,418,19864,California
Tulare,2021-01-24,31,22885,28,10529,3,12356,0,0,29,16947,2,2946,29,19893,California
Tulare,2021-01-25,1353,24238,987,11516,366,12722,0,0,1300,18194,53,2999,1300,21193,California
Tulare,2021-01-26,1508,25746,1102,12618,406,13128,0,0,1168,19023,339,3338,1168,22361,California
Tulare,2021-01-27,1506,27252,1072,13690,434,13562,0,0,924,19366,581,3919,924,23285,California
Tulare,2021-01-28,1220,28472,779,14469,441,14003,0,0,819,19784,401,4320,819,24104,California
Tulare,2021-01-29,1130,29602,718,15187,412,14415,0,0,820,20294,310,4630,820,24924,California
Tulare,2021-01-30,1673,31275,1578,16765,95,14510,0,0,1648,21918,25,4655,1649,26573,California
Tulare,2021-01-31,66,31341,61,16826,5,14515,0,0,62,21976,4,4659,62,26635,California
Tulare,2021-02-01,1177,32518,904,17730,273,14788,0,0,815,22430,361,5020,815,27450,California
Tulare,2021-02-02,710,33228,355,18085,355,15143,0,0,455,22633,253,5273,456,27906,California
Tulare,2021-02-03,570,33798,237,18322,333,15476,0,0,330,22763,200,5473,330,28236,California
Tulare,2021-02-04,577,34375,176,18498,401,15877,0,0,283,22754,293,5766,284,28520,California
Tulare,2021-02-05,1245,35620,240,18738,1005,16882,0,0,407,22325,836,6602,407,28927,California
Tulare,2021-02-06,836,36456,156,18894,680,17562,0,0,208,21907,626,7228,208,29135,California
Tulare,2021-02-07,84,36540,71,18965,13,17575,0,0,23,21869,61,7289,23,29158,California
Tulare,2021-02-08,946,37486,329,19294,617,18192,0,0,239,21404,704,7993,239,29397,California
Tulare,2021-02-09,1416,38902,336,19630,1080,19272,0,0,341,20675,1070,9063,341,29738,California
Tulare,2021-02-10,2485,41387,1989,21619,496,19768,0,0,2073,22339,409,9472,2073,31811,California
Tulare,2021-02-11,1341,42728,377,21996,964,20732,0,0,878,22754,463,9935,878,32689,California
Tulare,2021-02-12,2793,45521,574,22570,2219,22951,0,0,1163,22295,1622,11557,1163,33852,California
Tulare,2021-02-13,2479,48000,158,22728,2321,25272,0,0,639,21098,1836,13393,639,34491,California
Tulare,2021-02-14,340,48340,39,22767,301,25573,0,0,303,21364,37,13430,303,34794,California
Tulare,2021-02-15,923,49263,295,23062,628,26201,0,0,662,21766,260,13690,662,35456,California
Tulare,2021-02-16,2853,52116,1596,24658,1257,27458,0,0,1084,21085,1766,15456,1085,36541,California
Tulare,2021-02-17,2707,54823,517,25175,2190,29648,0,0,451,19285,2251,17707,451,36992,California
Tulare,2021-02-18,2352,57175,453,25628,1899,31547,0,0,644,18229,1700,19407,644,37636,California
Tulare,2021-02-19,2352,59527,882,26510,1470,33017,0,0,971,17824,1376,20783,971,38607,California
Tulare,2021-02-20,3000,62527,1885,28395,1115,34132,0,0,1263,17358,1729,22512,1263,39870,California
Tulare,2021-02-21,102,62629,96,28491,6,34138,0,0,51,17361,48,22560,51,39921,California
Tulare,2021-02-22,1134,63763,714,29205,420,34558,0,0,215,16659,917,23477,215,40136,California
Tulare,2021-02-23,1991,65754,955,30160,1036,35594,0,0,1477,17625,511,23988,1477,41613,California
Tulare,2021-02-24,2499,68253,1555,31715,944,36538,0,0,2113,19354,385,24373,2114,43727,California
Tulare,2021-02-25,3545,71798,1999,33714,1546,38084,0,0,3123,22061,418,24791,3125,46852,California
Tulare,2021-02-26,3866,75664,1893,35607,1973,40057,0,0,3388,24973,476,25267,3388,50240,California
Tulare,2021-02-27,3007,78671,1497,37104,1510,41567,0,0,2872,27722,123,25390,2872,53112,California
Tulare,2021-02-28,1314,79985,1040,38144,274,41841,0,0,1292,28996,18,25408,1292,54404,California
Tulare,2021-03-01,1793,81778,809,38953,983,42824,1,1,1600,30407,190,25598,1601,56005,California
Tulare,2021-03-02,2817,84595,1271,40224,1546,44370,0,1,2637,32867,178,25776,2638,58643,California
Tulare,2021-03-03,4085,88680,2732,42956,1352,45722,1,2,2130,33050,1950,27726,2133,60776,California
Tulare,2021-03-04,2987,91667,1348,44304,1639,47361,0,2,2640,35352,338,28064,2640,63416,California
Tulare,2021-03-05,3505,95172,1759,46063,1731,49092,15,17,2985,37838,517,28581,3003,66419,California
Tulare,2021-03-06,3097,98269,1447,47510,1590,50682,60,77,2840,40482,254,28835,2898,69317,California
Tulare,2021-03-07,1141,99410,707,48217,413,51095,21,98,1100,41563,40,28875,1121,70438,California
Tulare,2021-03-08,1737,101147,1007,49224,561,51656,169,267,1404,42808,327,29202,1572,72010,California
Tulare,2021-03-09,3270,104417,2247,51471,875,52531,148,415,2855,45395,414,29616,3001,75011,California
Tulare,2021-03-10,2984,107401,1404,52875,1405,53936,175,590,2576,47748,397,30013,2750,77761,California
Tulare,2021-03-11,4246,111647,1999,54874,1943,55879,304,894,3294,50395,952,30965,3599,81360,California
Tulare,2021-03-12,4424,116071,2436,57310,1635,57514,353,1247,3129,52590,1285,32250,3480,84840,California
Tulare,2021-03-13,4157,120228,1946,59256,2106,59620,105,1352,3199,54944,950,33200,3304,88144,California
Tulare,2021-03-14,1862,122090,989,60245,653,60273,220,1572,1335,55970,526,33726,1552,89696,California
Tulare,2021-03-15,2756,124846,1632,61877,1009,61282,115,1687,1973,57283,778,34504,2091,91787,California
Tulare,2021-03-16,3439,128285,2119,63996,1243,62525,77,1764,1876,57680,1559,36063,1956,93743,California
Tulare,2021-03-17,4087,132372,2667,66663,1344,63869,76,1840,2328,58338,1753,37816,2411,96154,California
Tulare,2021-03-18,4677,137049,3414,70077,1191,65060,72,1912,2460,58669,2206,40022,2537,98691,California
Tulare,2021-03-19,5150,142199,3380,73457,1552,66612,218,2130,2731,59222,2398,42420,2951,101642,California
Tulare,2021-03-20,4492,146691,2799,76256,1322,67934,371,2501,2066,59246,2416,44836,2440,104082,California
Tulare,2021-03-21,2012,148703,1723,77979,263,68197,26,2527,1064,59391,944,45780,1089,105171,California
Tulare,2021-03-22,2583,151286,1795,79774,676,68873,112,2639,1697,60323,880,46660,1812,106983,California
Tulare,2021-03-23,3797,155083,2198,81972,1547,70420,52,2691,2082,60758,1705,48365,2140,109123,California
Tulare,2021-03-24,3205,158288,1988,83960,1176,71596,41,2732,1718,61041,1477,49842,1760,110883,California
Tulare,2021-03-25,3484,161772,1812,85772,1498,73094,174,2906,1671,61083,1805,51647,1847,112730,California
Tulare,2021-03-26,5264,167036,3136,88908,2016,75110,112,3018,2544,61037,2702,54349,2656,115386,California
Tulare,2021-03-27,3543,170579,1817,90725,1628,76738,98,3116,989,59577,2546,56895,1086,116472,California
Tulare,2021-03-28,1476,172055,1071,91796,374,77112,31,3147,672,59488,802,57697,713,117185,California
Tulare,2021-03-29,2888,174943,1673,93469,1108,78220,107,3254,1226,59166,1657,59354,1335,118520,California
Tulare,2021-03-30,4925,179868,2791,96260,1901,80121,233,3487,1499,57475,3415,62769,1724,120244,California
Tulare,2021-03-31,3973,183841,2343,98603,1516,81637,114,3601,1552,56730,2412,65181,1667,121911,California
Tulare,2021-04-01,4543,188384,2456,101059,2015,83652,72,3673,1560,55391,2972,68153,1633,123544,California
Tulare,2021-04-02,5372,193756,3062,104121,2184,85836,126,3799,1554,53271,3801,71954,1681,125225,California
Tulare,2021-04-03,3633,197389,2095,106216,1163,86999,375,4174,833,51715,2762,74716,1206,126431,California
Tulare,2021-04-04,1633,199022,1146,107362,480,87479,7,4181,356,50806,1272,75988,363,126794,California
Tulare,2021-04-05,3355,202377,2344,109706,744,88223,267,4448,851,49434,2491,78479,1119,127913,California
Tulare,2021-04-06,3440,205817,1472,111178,1471,89694,497,4945,891,48284,2540,81019,1390,129303,California
Tulare,2021-04-07,3938,209755,1840,113018,1656,91350,442,5387,1175,47139,2752,83771,1607,130910,California
Tulare,2021-04-08,4801,214556,2627,115645,1714,93064,460,5847,1537,45883,3250,87021,1994,132904,California
Tulare,2021-04-09,4847,219403,2996,118641,1415,94479,436,6283,1819,45119,3020,90041,2256,135160,California
Tulare,2021-04-10,3843,223246,2071,120712,1452,95931,320,6603,930,43461,2904,92945,1246,136406,California
Tulare,2021-04-11,1588,224834,1050,121762,464,96395,74,6677,490,42930,1095,94040,564,136970,California
Tulare,2021-04-12,3426,228260,2137,123899,693,97088,596,7273,1071,42253,2345,96385,1668,138638,California
Tulare,2021-04-13,2411,230671,1595,125494,807,97895,9,7282,900,41667,1497,97882,911,139549,California
Tulare,2021-04-14,2879,233550,1702,127196,1177,99072,0,7282,911,40615,1963,99845,911,140460,California
Tulare,2021-04-15,3320,236870,2166,129362,1154,100226,0,7282,1473,40254,1834,101679,1473,141933,California
Tulare,2021-04-16,3725,240595,2249,131611,1476,101702,0,7282,1492,39526,2220,103899,1492,143425,California
Tulare,2021-04-17,2253,242848,1326,132937,927,102629,0,7282,1194,39668,1053,104952,1195,144620,California
Tulare,2021-04-18,1575,244423,1237,134174,338,102967,0,7282,827,39748,747,105699,827,145447,California
Tulare,2021-04-19,2187,246610,1272,135446,914,103881,1,7283,897,39361,1285,106984,898,146345,California
Tulare,2021-04-20,2423,249033,1390,136836,1033,104914,0,7283,1006,38967,1400,108384,1006,147351,California
Tulare,2021-04-21,2324,251357,1441,138277,883,105797,0,7283,842,38369,1441,109825,843,148194,California
Tulare,2021-04-22,2173,253530,1235,139512,938,106735,0,7283,742,37699,1412,111237,742,148936,California
Tulare,2021-04-23,2642,256172,1630,141142,1011,107746,1,7284,1030,37131,1599,112836,1031,149967,California
Tulare,2021-04-24,1643,257815,1053,142195,588,108334,2,7286,852,37198,787,113623,854,150821,California
Tulare,2021-04-25,694,258509,522,142717,172,108506,0,7286,266,37037,427,114050,266,151087,California
Tulare,2021-04-26,1558,260067,948,143665,591,109097,19,7305,655,36813,896,114946,672,151759,California
Tulare,2021-04-27,1703,261770,708,144373,957,110054,38,7343,731,36614,967,115913,768,152527,California
Tulare,2021-04-28,1752,263522,1006,145379,704,110758,42,7385,698,36304,1049,116962,739,153266,California
Tulare,2021-04-29,2044,265566,1230,146609,776,111534,38,7423,796,35901,1235,118197,832,154098,California
Tulare,2021-04-30,2467,268033,1801,148410,616,112150,50,7473,911,35313,1548,119745,960,155058,California
Tulare,2021-05-01,1420,269453,1216,149626,192,112342,12,7485,732,35379,678,120423,744,155802,California
Tulare,2021-05-02,590,270043,501,150127,72,112414,17,7502,188,35185,398,120821,204,156006,California
Tulare,2021-05-03,1623,271666,1096,151223,402,112816,125,7627,349,34392,1267,122088,474,156480,California
Tulare,2021-05-04,1574,273240,845,152068,659,113475,70,7697,630,34155,934,123022,697,157177,California
Tulare,2021-05-05,1317,274557,656,152724,572,114047,89,7786,451,33840,855,123877,540,157717,California
Tulare,2021-05-06,1992,276549,1348,154072,595,114642,49,7835,603,33112,1380,125257,652,158369,California
Tulare,2021-05-07,1855,278404,1263,155335,524,115166,68,7903,524,32380,1323,126580,591,158960,California
Tulare,2021-05-08,1242,279646,816,156151,401,115567,25,7928,533,32237,701,127281,558,159518,California
Tulare,2021-05-09,595,280241,471,156622,103,115670,21,7949,115,31899,475,127756,137,159655,California
Tulare,2021-05-10,1024,281265,591,157213,367,116037,66,8015,307,31559,713,128469,373,160028,California
Tulare,2021-05-11,1320,282585,702,157915,539,116576,79,8094,548,31421,765,129234,627,160655,California
Tulare,2021-05-12,1604,284189,1040,158955,506,117082,58,8152,434,30757,1155,130389,491,161146,California
Tulare,2021-05-13,1585,285774,1019,159974,528,117610,38,8190,723,30660,857,131246,760,161906,California
Tulare,2021-05-14,1980,287754,1286,161260,632,118242,62,8252,898,30551,1069,132315,960,162866,California
Tulare,2021-05-15,1568,289322,884,162144,637,118879,47,8299,663,30358,897,133212,704,163570,California
Tulare,2021-05-16,699,290021,558,162702,129,119008,12,8311,325,30323,372,133584,337,163907,California
Tulare,2021-05-17,1568,291589,984,163686,510,119518,74,8385,745,30327,815,134399,819,164726,California
Tulare,2021-05-18,1587,293176,861,164547,673,120191,53,8438,786,30368,796,135195,837,165563,California
Tulare,2021-05-19,1483,294659,955,165502,494,120685,34,8472,759,30445,716,135911,793,166356,California
Tulare,2021-05-20,1592,296251,1075,166577,430,121115,87,8559,761,30466,827,136738,848,167204,California
Tulare,2021-05-21,1952,298203,1423,168000,487,121602,42,8601,1060,30684,884,137622,1102,168306,California
Tulare,2021-05-22,1614,299817,1148,169148,443,122045,23,8624,607,30316,999,138621,631,168937,California
Tulare,2021-05-23,412,300229,327,169475,75,122120,10,8634,208,30332,202,138823,218,169155,California
Tulare,2021-05-24,938,301167,579,170054,299,122419,60,8694,419,30294,517,139340,479,169634,California
Tulare,2021-05-25,1187,302354,703,170757,452,122871,32,8726,506,30157,675,140015,538,170172,California
Tulare,2021-05-26,885,303239,488,171245,355,123226,42,8768,395,30107,486,140501,436,170608,California
Tulare,2021-05-27,1276,304515,806,172051,439,123665,31,8799,586,30039,687,141188,619,171227,California
Tulare,2021-05-28,1189,305704,659,172710,481,124146,49,8848,624,30152,559,141747,672,171899,California
Tulare,2021-05-29,882,306586,653,173363,209,124355,20,8868,502,30296,378,142125,522,172421,California
Tulare,2021-05-30,285,306871,206,173569,71,124426,8,8876,163,30347,120,142245,171,172592,California
Tulare,2021-05-31,132,307003,52,173621,69,124495,11,8887,55,30337,76,142321,66,172658,California
Tulare,2021-06-01,1058,308061,627,174248,400,124895,31,8918,384,30085,666,142987,414,173072,California
Tulare,2021-06-02,795,308856,467,174715,295,125190,33,8951,354,30040,430,143417,385,173457,California
Tulare,2021-06-03,1139,309995,810,175525,272,125462,57,9008,390,29757,729,144146,446,173903,California
Tulare,2021-06-04,1169,311164,831,176356,306,125768,32,9040,360,29345,804,144950,392,174295,California
Tulare,2021-06-05,885,312049,698,177054,172,125940,15,9055,302,29081,581,145531,317,174612,California
Tulare,2021-06-06,420,312469,356,177410,46,125986,18,9073,138,28956,281,145812,156,174768,California
Tulare,2021-06-07,882,313351,694,178104,153,126139,35,9108,277,28665,602,146414,311,175079,California
Tulare,2021-06-08,1050,314401,777,178881,213,126352,60,9168,351,28382,694,147108,411,175490,California
Tulare,2021-06-09,1086,315487,757,179638,293,126645,36,9204,344,28024,736,147844,378,175868,California
Tulare,2021-06-10,1102,316589,886,180524,180,126825,36,9240,381,27721,719,148563,416,176284,California
Tulare,2021-06-11,1231,317820,882,181406,314,127139,35,9275,380,27295,841,149404,415,176699,California
Tulare,2021-06-12,959,318779,745,182151,203,127342,11,9286,336,27025,617,150021,347,177046,California
Tulare,2021-06-13,315,319094,226,182377,85,127427,4,9290,91,26897,223,150244,95,177141,California
Tulare,2021-06-14,770,319864,566,182943,179,127606,25,9315,296,26749,469,150713,321,177462,California
Tulare,2021-06-15,986,320850,668,183611,288,127894,30,9345,433,26666,546,151259,463,177925,California
Tulare,2021-06-16,860,321710,583,184194,226,128120,51,9396,377,26615,480,151739,429,178354,California
Tulare,2021-06-17,1026,322736,755,184949,241,128361,30,9426,411,26444,612,152351,441,178795,California
Tulare,2021-06-18,989,323725,696,185645,256,128617,37,9463,372,26237,615,152966,408,179203,California
Tulare,2021-06-19,849,324574,678,186323,158,128775,13,9476,388,26181,457,153423,401,179604,California
Tulare,2021-06-20,249,324823,186,186509,55,128830,8,9484,74,26090,174,153597,83,179687,California
Tulare,2021-06-21,522,325345,342,186851,149,128979,31,9515,304,26207,217,153814,334,180021,California
Tulare,2021-06-22,750,326095,514,187365,212,129191,24,9539,345,26177,399,154213,369,180390,California
Tulare,2021-06-23,736,326831,501,187866,209,129400,26,9565,401,26273,331,154544,427,180817,California
Tulare,2021-06-24,845,327676,638,188504,152,129552,55,9620,421,26328,421,154965,476,181293,California
Tulare,2021-06-25,848,328524,551,189055,277,129829,20,9640,441,26387,402,155367,461,181754,California
Tulare,2021-06-26,930,329454,733,189788,172,130001,25,9665,530,26545,397,155764,555,182309,California
Tulare,2021-06-27,246,329700,183,189971,56,130057,7,9672,115,26537,130,155894,122,182431,California
Tulare,2021-06-28,576,330276,434,190405,112,130169,30,9702,291,26575,282,156176,320,182751,California
Tulare,2021-06-29,713,330989,459,190864,212,130381,42,9744,335,26580,372,156548,377,183128,California
Tulare,2021-06-30,681,331670,465,191329,188,130569,28,9772,372,26672,306,156854,398,183526,California
Tulare,2021-07-01,799,332469,599,191928,171,130740,29,9801,382,26673,410,157264,411,183937,California
Tulare,2021-07-02,717,333186,503,192431,198,130938,16,9817,377,26733,334,157598,394,184331,California
Tulare,2021-07-03,301,333487,210,192641,82,131020,9,9826,141,26725,158,157756,150,184481,California
Tuolumne,2020-12-16,47,47,47,47,0,0,0,0,47,47,0,0,47,47,California
Tuolumne,2020-12-17,18,65,18,65,0,0,0,0,18,65,0,0,18,65,California
Tuolumne,2020-12-18,101,166,100,165,1,1,0,0,101,166,0,0,101,166,California
Tuolumne,2020-12-19,5,171,5,170,0,1,0,0,5,171,0,0,5,171,California
Tuolumne,2020-12-20,2,173,2,172,0,1,0,0,2,173,0,0,2,173,California
Tuolumne,2020-12-21,115,288,101,273,14,15,0,0,115,288,0,0,115,288,California
Tuolumne,2020-12-22,172,460,172,445,0,15,0,0,172,460,0,0,172,460,California
Tuolumne,2020-12-23,185,645,183,628,2,17,0,0,185,645,0,0,185,645,California
Tuolumne,2020-12-25,1,646,1,629,0,17,0,0,1,646,0,0,1,646,California
Tuolumne,2020-12-26,2,648,2,631,0,17,0,0,2,648,0,0,2,648,California
Tuolumne,2020-12-28,75,723,73,704,2,19,0,0,75,723,0,0,75,723,California
Tuolumne,2020-12-29,102,825,38,742,64,83,0,0,102,825,0,0,102,825,California
Tuolumne,2020-12-30,77,902,22,764,55,138,0,0,77,902,0,0,77,902,California
Tuolumne,2020-12-31,27,929,20,784,7,145,0,0,27,929,0,0,27,929,California
Tuolumne,2021-01-01,6,935,5,789,1,146,0,0,6,935,0,0,6,935,California
Tuolumne,2021-01-02,120,1055,117,906,3,149,0,0,120,1055,0,0,120,1055,California
Tuolumne,2021-01-03,2,1057,2,908,0,149,0,0,2,1057,0,0,2,1057,California
Tuolumne,2021-01-04,69,1126,26,934,43,192,0,0,69,1126,0,0,69,1126,California
Tuolumne,2021-01-05,94,1220,28,962,66,258,0,0,91,1215,3,3,92,1218,California
Tuolumne,2021-01-06,132,1352,71,1033,61,319,0,0,68,1219,64,67,68,1286,California
Tuolumne,2021-01-07,120,1472,64,1097,56,375,0,0,64,1227,56,123,64,1350,California
Tuolumne,2021-01-08,106,1578,82,1179,24,399,0,0,27,1178,78,201,29,1379,California
Tuolumne,2021-01-09,2,1580,0,1179,2,401,0,0,2,1180,0,201,2,1381,California
Tuolumne,2021-01-10,3,1583,1,1180,2,403,0,0,3,1183,0,201,3,1384,California
Tuolumne,2021-01-11,117,1700,91,1271,26,429,0,0,35,1136,82,283,35,1419,California
Tuolumne,2021-01-12,102,1802,86,1357,16,445,0,0,18,1070,84,367,18,1437,California
Tuolumne,2021-01-13,231,2033,125,1482,106,551,0,0,182,1204,49,416,183,1620,California
Tuolumne,2021-01-14,148,2181,108,1590,40,591,0,0,43,1143,104,520,43,1663,California
Tuolumne,2021-01-15,474,2655,73,1663,401,992,0,0,411,1492,62,582,411,2074,California
Tuolumne,2021-01-16,7,2662,3,1666,4,996,0,0,6,1497,1,583,6,2080,California
Tuolumne,2021-01-17,8,2670,4,1670,4,1000,0,0,8,1505,0,583,8,2088,California
Tuolumne,2021-01-18,47,2717,38,1708,9,1009,0,0,10,1479,36,619,10,2098,California
Tuolumne,2021-01-19,479,3196,72,1780,407,1416,0,0,435,1870,44,663,435,2533,California
Tuolumne,2021-01-20,76,3272,58,1838,18,1434,0,0,24,1843,51,714,24,2557,California
Tuolumne,2021-01-21,58,3330,24,1862,34,1468,0,0,42,1869,16,730,42,2599,California
Tuolumne,2021-01-22,172,3502,17,1879,155,1623,0,0,164,2025,8,738,164,2763,California
Tuolumne,2021-01-23,653,4155,131,2010,522,2145,0,0,543,2474,110,848,559,3322,California
Tuolumne,2021-01-24,525,4680,2,2012,523,2668,0,0,521,2994,4,852,524,3846,California
Tuolumne,2021-01-25,51,4731,28,2040,23,2691,0,0,25,2994,26,878,26,3872,California
Tuolumne,2021-01-26,81,4812,68,2108,13,2704,0,0,40,2994,41,919,41,3913,California
Tuolumne,2021-01-27,61,4873,4,2112,57,2761,0,0,9,2952,51,970,9,3922,California
Tuolumne,2021-01-28,27,4900,6,2118,21,2782,0,0,18,2961,9,979,18,3940,California
Tuolumne,2021-01-29,74,4974,5,2123,69,2851,0,0,36,2959,38,1017,36,3976,California
Tuolumne,2021-01-30,723,5697,561,2684,162,3013,0,0,698,3651,25,1042,717,4693,California
Tuolumne,2021-01-31,9,5706,2,2686,7,3020,0,0,6,3654,3,1045,6,4699,California
Tuolumne,2021-02-01,27,5733,7,2693,20,3040,0,0,24,3675,3,1048,24,4723,California
Tuolumne,2021-02-02,656,6389,49,2742,607,3647,0,0,642,4307,11,1059,643,5366,California
Tuolumne,2021-02-03,247,6636,112,2854,135,3782,0,0,93,4246,154,1213,93,5459,California
Tuolumne,2021-02-04,126,6762,14,2868,112,3894,0,0,64,4248,62,1275,64,5523,California
Tuolumne,2021-02-05,104,6866,14,2882,90,3984,0,0,39,4223,64,1339,39,5562,California
Tuolumne,2021-02-06,872,7738,593,3475,279,4263,0,0,862,5081,10,1349,868,6430,California
Tuolumne,2021-02-07,8,7746,4,3479,4,4267,0,0,4,5081,4,1353,4,6434,California
Tuolumne,2021-02-08,95,7841,43,3522,52,4319,0,0,70,5126,25,1378,70,6504,California
Tuolumne,2021-02-09,864,8705,51,3573,813,5132,0,0,822,5906,42,1420,822,7326,California
Tuolumne,2021-02-10,96,8801,18,3591,78,5210,0,0,33,5878,61,1481,33,7359,California
Tuolumne,2021-02-11,148,8949,68,3659,80,5290,0,0,82,5894,66,1547,82,7441,California
Tuolumne,2021-02-12,652,9601,22,3681,630,5920,0,0,212,5667,439,1986,212,7653,California
Tuolumne,2021-02-13,159,9760,46,3727,113,6033,0,0,123,5755,35,2021,123,7776,California
Tuolumne,2021-02-14,152,9912,14,3741,138,6171,0,0,151,5905,1,2022,151,7927,California
Tuolumne,2021-02-15,189,10101,11,3752,178,6349,0,0,180,6076,9,2031,180,8107,California
Tuolumne,2021-02-16,533,10634,18,3770,515,6864,0,0,124,5797,405,2436,126,8233,California
Tuolumne,2021-02-17,112,10746,64,3834,48,6912,0,0,62,5810,49,2485,62,8295,California
Tuolumne,2021-02-18,689,11435,30,3864,659,7571,0,0,637,6396,52,2537,638,8933,California
Tuolumne,2021-02-19,147,11582,25,3889,122,7693,0,0,46,6341,101,2638,46,8979,California
Tuolumne,2021-02-20,914,12496,344,4233,570,8263,0,0,386,6221,510,3148,390,9369,California
Tuolumne,2021-02-21,991,13487,43,4276,948,9211,0,0,476,6192,511,3659,482,9851,California
Tuolumne,2021-02-22,82,13569,60,4336,22,9233,0,0,47,6206,33,3692,47,9898,California
Tuolumne,2021-02-23,49,13618,25,4361,24,9257,0,0,25,6208,23,3715,25,9923,California
Tuolumne,2021-02-24,104,13722,57,4418,47,9304,0,0,40,6186,63,3778,41,9964,California
Tuolumne,2021-02-25,1059,14781,36,4454,1023,10327,0,0,1024,7176,35,3813,1025,10989,California
Tuolumne,2021-02-26,154,14935,12,4466,142,10469,0,0,124,7271,30,3843,125,11114,California
Tuolumne,2021-02-27,963,15898,584,5050,379,10848,0,0,247,6827,696,4539,252,11366,California
Tuolumne,2021-02-28,56,15954,4,5054,52,10900,0,0,52,6876,3,4542,52,11418,California
Tuolumne,2021-03-01,121,16075,22,5076,98,10998,1,1,79,6916,41,4583,81,11499,California
Tuolumne,2021-03-02,715,16790,79,5155,636,11634,0,1,109,6420,605,5188,109,11608,California
Tuolumne,2021-03-03,97,16887,22,5177,75,11709,0,1,65,6454,31,5219,65,11673,California
Tuolumne,2021-03-04,1177,18064,77,5254,1100,12809,0,1,1108,7495,67,5286,1108,12781,California
Tuolumne,2021-03-05,93,18157,10,5264,83,12892,0,1,52,7508,40,5326,53,12834,California
Tuolumne,2021-03-06,1069,19226,610,5874,457,13349,2,3,201,6856,860,6186,208,13042,California
Tuolumne,2021-03-07,41,19267,12,5886,14,13363,15,18,18,6866,23,6209,33,13075,California
Tuolumne,2021-03-08,200,19467,91,5977,102,13465,7,25,142,6956,58,6267,148,13223,California
Tuolumne,2021-03-09,875,20342,19,5996,845,14310,11,36,66,6231,802,7069,77,13300,California
Tuolumne,2021-03-10,101,20443,19,6015,71,14381,11,47,54,6249,47,7116,65,13365,California
Tuolumne,2021-03-11,1308,21751,45,6060,1257,15638,6,53,1256,7460,52,7168,1263,14628,California
Tuolumne,2021-03-12,317,22068,44,6104,258,15896,15,68,191,7545,124,7292,209,14837,California
Tuolumne,2021-03-13,119,22187,12,6116,107,16003,0,68,83,7594,35,7327,84,14921,California
Tuolumne,2021-03-14,149,22336,10,6126,130,16133,9,77,6,7471,143,7470,20,14941,California
Tuolumne,2021-03-15,305,22641,83,6209,219,16352,3,80,104,7386,200,7670,115,15056,California
Tuolumne,2021-03-16,812,23453,41,6250,760,17112,11,91,673,7933,138,7808,685,15741,California
Tuolumne,2021-03-17,156,23609,33,6283,110,17222,13,104,79,7949,76,7884,92,15833,California
Tuolumne,2021-03-18,953,24562,27,6310,912,18134,14,118,316,7647,632,8516,330,16163,California
Tuolumne,2021-03-19,138,24700,19,6329,89,18223,30,148,75,7690,62,8578,105,16268,California
Tuolumne,2021-03-20,93,24793,8,6337,75,18298,10,158,38,7683,54,8632,47,16315,California
Tuolumne,2021-03-21,843,25636,395,6732,438,18736,10,168,38,6944,789,9421,50,16365,California
Tuolumne,2021-03-22,167,25803,75,6807,73,18809,19,187,97,6992,69,9490,117,16482,California
Tuolumne,2021-03-23,717,26520,641,7448,62,18871,14,201,678,7645,38,9528,691,17173,California
Tuolumne,2021-03-24,112,26632,22,7470,72,18943,18,219,78,7708,33,9561,96,17269,California
Tuolumne,2021-03-25,1303,27935,24,7494,1276,20219,3,222,325,7063,973,10534,328,17597,California
Tuolumne,2021-03-26,281,28216,19,7513,238,20457,24,246,119,7057,150,10684,144,17741,California
Tuolumne,2021-03-27,588,28804,55,7568,533,20990,0,246,318,7113,265,10949,321,18062,California
Tuolumne,2021-03-28,47,28851,6,7574,41,21031,0,246,8,7084,38,10987,9,18071,California
Tuolumne,2021-03-29,210,29061,87,7661,123,21154,0,246,111,7099,96,11083,111,18182,California
Tuolumne,2021-03-30,170,29231,13,7674,156,21310,1,247,124,7179,45,11128,125,18307,California
Tuolumne,2021-03-31,97,29328,14,7688,81,21391,2,249,40,7166,55,11183,42,18349,California
Tuolumne,2021-04-01,1254,30582,30,7718,1224,22615,0,249,229,6373,1022,12205,229,18578,California
Tuolumne,2021-04-02,171,30753,12,7730,133,22748,26,275,93,6417,75,12280,119,18697,California
Tuolumne,2021-04-03,437,31190,36,7766,399,23147,2,277,245,6474,189,12469,246,18943,California
Tuolumne,2021-04-04,34,31224,4,7770,30,23177,0,277,21,6484,11,12480,21,18964,California
Tuolumne,2021-04-05,131,31355,19,7789,105,23282,7,284,58,6476,73,12553,65,19029,California
Tuolumne,2021-04-06,655,32010,518,8307,110,23392,27,311,518,6886,136,12689,546,19575,California
Tuolumne,2021-04-07,130,32140,38,8345,75,23467,17,328,50,6873,80,12769,67,19642,California
Tuolumne,2021-04-08,1454,33594,36,8381,1403,24870,15,343,251,5941,1198,13967,266,19908,California
Tuolumne,2021-04-09,279,33873,44,8425,190,25060,45,388,133,5976,146,14113,181,20089,California
Tuolumne,2021-04-10,56,33929,2,8427,34,25094,20,408,23,5987,32,14145,43,20132,California
Tuolumne,2021-04-11,18,33947,3,8430,12,25106,3,411,12,5996,6,14151,15,20147,California
Tuolumne,2021-04-12,172,34119,66,8496,101,25207,5,416,89,6012,78,14229,94,20241,California
Tuolumne,2021-04-13,790,34909,35,8531,755,25962,0,416,171,5572,611,14840,171,20412,California
Tuolumne,2021-04-14,159,35068,32,8563,127,26089,0,416,79,5576,76,14916,80,20492,California
Tuolumne,2021-04-15,346,35414,22,8585,324,26413,0,416,61,5359,278,15194,61,20553,California
Tuolumne,2021-04-16,261,35675,56,8641,205,26618,0,416,143,5395,108,15302,144,20697,California
Tuolumne,2021-04-17,44,35719,6,8647,38,26656,0,416,28,5407,16,15318,28,20725,California
Tuolumne,2021-04-18,10,35729,3,8650,7,26663,0,416,5,5408,5,15323,6,20731,California
Tuolumne,2021-04-19,177,35906,79,8729,98,26761,0,416,97,5427,78,15401,97,20828,California
Tuolumne,2021-04-20,714,36620,618,9347,96,26857,0,416,75,4871,631,16032,75,20903,California
Tuolumne,2021-04-21,123,36743,28,9375,95,26952,0,416,65,4884,52,16084,65,20968,California
Tuolumne,2021-04-22,711,37454,46,9421,665,27617,0,416,429,5042,272,16356,430,21398,California
Tuolumne,2021-04-23,179,37633,31,9452,148,27765,0,416,82,5034,91,16447,83,21481,California
Tuolumne,2021-04-24,79,37712,18,9470,61,27826,0,416,50,5055,29,16476,50,21531,California
Tuolumne,2021-04-25,26,37738,10,9480,16,27842,0,416,23,5075,3,16479,23,21554,California
Tuolumne,2021-04-26,159,37897,56,9536,103,27945,0,416,74,5067,83,16562,75,21629,California
Tuolumne,2021-04-27,144,38041,23,9559,114,28059,7,423,65,5063,76,16638,72,21701,California
Tuolumne,2021-04-28,120,38161,24,9583,84,28143,12,435,63,5082,56,16694,75,21776,California
Tuolumne,2021-04-29,285,38446,21,9604,256,28399,8,443,57,4923,224,16918,65,21841,California
Tuolumne,2021-04-30,373,38819,26,9630,335,28734,12,455,73,4712,296,17214,85,21926,California
Tuolumne,2021-05-01,25,38844,7,9637,13,28747,5,460,16,4724,9,17223,21,21947,California
Tuolumne,2021-05-02,26,38870,3,9640,21,28768,2,462,19,4738,7,17230,21,21968,California
Tuolumne,2021-05-03,111,38981,15,9655,91,28859,5,467,37,4708,72,17302,42,22010,California
Tuolumne,2021-05-04,709,39690,601,10256,103,28962,5,472,214,4433,493,17795,218,22228,California
Tuolumne,2021-05-05,110,39800,26,10282,78,29040,6,478,58,4448,49,17844,64,22292,California
Tuolumne,2021-05-06,292,40092,15,10297,261,29301,16,494,43,4262,244,18088,58,22350,California
Tuolumne,2021-05-07,329,40421,25,10322,296,29597,8,502,63,4068,265,18353,71,22421,California
Tuolumne,2021-05-08,50,40471,6,10328,40,29637,4,506,32,4086,18,18371,36,22457,California
Tuolumne,2021-05-09,17,40488,2,10330,13,29650,2,508,3,4077,14,18385,5,22462,California
Tuolumne,2021-05-10,114,40602,45,10375,64,29714,5,513,32,4033,81,18466,37,22499,California
Tuolumne,2021-05-11,204,40806,61,10436,131,29845,12,525,55,3953,147,18613,67,22566,California
Tuolumne,2021-05-12,134,40940,23,10459,107,29952,4,529,51,3925,83,18696,55,22621,California
Tuolumne,2021-05-13,117,41057,19,10478,90,30042,8,537,73,3961,44,18740,80,22701,California
Tuolumne,2021-05-14,207,41264,76,10554,120,30162,11,548,107,3981,98,18838,118,22819,California
Tuolumne,2021-05-15,59,41323,16,10570,36,30198,7,555,20,3970,39,18877,28,22847,California
Tuolumne,2021-05-16,28,41351,8,10578,18,30216,2,557,13,3971,14,18891,15,22862,California
Tuolumne,2021-05-17,110,41461,30,10608,77,30293,3,560,47,3959,63,18954,51,22913,California
Tuolumne,2021-05-18,181,41642,57,10665,77,30370,47,607,60,3946,120,19074,107,23020,California
Tuolumne,2021-05-19,118,41760,20,10685,65,30435,33,640,46,3953,72,19146,79,23099,California
Tuolumne,2021-05-20,411,42171,21,10706,383,30818,7,647,52,3655,357,19503,59,23158,California
Tuolumne,2021-05-21,200,42371,94,10800,101,30919,5,652,119,3700,79,19582,124,23282,California
Tuolumne,2021-05-22,57,42428,18,10818,33,30952,6,658,24,3697,32,19614,29,23311,California
Tuolumne,2021-05-23,27,42455,7,10825,19,30971,1,659,10,3691,17,19631,11,23322,California
Tuolumne,2021-05-24,138,42593,43,10868,89,31060,6,665,53,3666,84,19715,59,23381,California
Tuolumne,2021-05-25,297,42890,222,11090,69,31129,6,671,111,3599,184,19899,117,23498,California
Tuolumne,2021-05-26,87,42977,23,11113,63,31192,1,672,37,3587,50,19949,38,23536,California
Tuolumne,2021-05-27,76,43053,15,11128,59,31251,2,674,31,3576,44,19993,33,23569,California
Tuolumne,2021-05-28,111,43164,51,11179,59,31310,1,675,64,3597,44,20037,65,23634,California
Tuolumne,2021-05-29,38,43202,7,11186,25,31335,6,681,17,3599,21,20058,23,23657,California
Tuolumne,2021-05-30,18,43220,1,11187,14,31349,3,684,4,3592,14,20072,7,23664,California
Tuolumne,2021-05-31,10,43230,2,11189,7,31356,1,685,2,3587,8,20080,3,23667,California
Tuolumne,2021-06-01,79,43309,22,11211,53,31409,4,689,25,3563,53,20133,29,23696,California
Tuolumne,2021-06-02,74,43383,8,11219,58,31467,8,697,23,3544,50,20183,31,23727,California
Tuolumne,2021-06-03,75,43458,25,11244,35,31502,15,712,23,3532,50,20233,38,23765,California
Tuolumne,2021-06-04,131,43589,62,11306,66,31568,3,715,38,3482,91,20324,41,23806,California
Tuolumne,2021-06-05,43,43632,11,11317,30,31598,2,717,17,3475,26,20350,19,23825,California
Tuolumne,2021-06-06,19,43651,5,11322,7,31605,7,724,4,3471,15,20365,11,23836,California
Tuolumne,2021-06-07,59,43710,14,11336,37,31642,8,732,26,3472,33,20398,34,23870,California
Tuolumne,2021-06-08,74,43784,22,11358,51,31693,1,733,27,3455,45,20443,28,23898,California
Tuolumne,2021-06-09,87,43871,45,11403,32,31725,10,743,40,3459,46,20489,50,23948,California
Tuolumne,2021-06-10,98,43969,15,11418,76,31801,7,750,27,3422,71,20560,34,23982,California
Tuolumne,2021-06-11,103,44072,48,11466,52,31853,3,753,25,3373,77,20637,28,24010,California
Tuolumne,2021-06-12,61,44133,20,11486,25,31878,16,769,18,3366,41,20678,34,24044,California
Tuolumne,2021-06-13,17,44150,2,11488,10,31888,5,774,3,3360,14,20692,8,24052,California
Tuolumne,2021-06-14,100,44250,33,11521,63,31951,4,778,52,3368,48,20740,56,24108,California
Tuolumne,2021-06-15,130,44380,82,11603,39,31990,9,787,21,3291,107,20847,30,24138,California
Tuolumne,2021-06-16,96,44476,47,11650,46,32036,3,790,54,3307,41,20888,57,24195,California
Tuolumne,2021-06-17,45,44521,10,11660,34,32070,1,791,17,3297,28,20916,18,24213,California
Tuolumne,2021-06-18,172,44693,95,11755,63,32133,14,805,61,3261,110,21026,74,24287,California
Tuolumne,2021-06-19,25,44718,9,11764,13,32146,3,808,10,3259,15,21041,13,24300,California
Tuolumne,2021-06-20,13,44731,2,11766,11,32157,0,808,10,3266,3,21044,10,24310,California
Tuolumne,2021-06-21,40,44771,4,11770,35,32192,1,809,20,3267,20,21064,21,24331,California
Tuolumne,2021-06-22,45,44816,11,11781,34,32226,0,809,22,3267,22,21086,22,24353,California
Tuolumne,2021-06-23,62,44878,5,11786,37,32263,20,829,26,3277,36,21122,46,24399,California
Tuolumne,2021-06-24,46,44924,14,11800,26,32289,6,835,17,3272,29,21151,24,24423,California
Tuolumne,2021-06-25,52,44976,28,11828,19,32308,5,840,27,3278,25,21176,31,24454,California
Tuolumne,2021-06-26,12,44988,5,11833,7,32315,0,840,7,3280,5,21181,7,24461,California
Tuolumne,2021-06-27,7,44995,2,11835,5,32320,0,840,7,3287,0,21181,7,24468,California
Tuolumne,2021-06-28,31,45026,11,11846,15,32335,5,845,21,3303,10,21191,26,24494,California
Tuolumne,2021-06-29,27,45053,10,11856,15,32350,2,847,15,3308,12,21203,17,24511,California
Tuolumne,2021-06-30,69,45122,32,11888,36,32386,1,848,18,3277,50,21253,19,24530,California
Tuolumne,2021-07-01,31,45153,10,11898,14,32400,7,855,18,3289,13,21266,25,24555,California
Tuolumne,2021-07-02,53,45206,21,11919,26,32426,6,861,37,3316,16,21282,43,24598,California
Tuolumne,2021-07-03,6,45212,2,11921,4,32430,0,861,3,3316,3,21285,3,24601,California
Ventura,2020-12-15,5,5,5,5,0,0,0,0,5,5,0,0,5,5,California
Ventura,2020-12-16,75,80,75,80,0,0,0,0,75,80,0,0,75,80,California
Ventura,2020-12-17,315,395,315,395,0,0,0,0,315,395,0,0,315,395,California
Ventura,2020-12-18,1599,1994,1599,1994,0,0,0,0,1599,1994,0,0,1599,1994,California
Ventura,2020-12-19,987,2981,986,2980,1,1,0,0,987,2981,0,0,987,2981,California
Ventura,2020-12-20,458,3439,458,3438,0,1,0,0,458,3439,0,0,458,3439,California
Ventura,2020-12-21,1516,4955,1516,4954,0,1,0,0,1516,4955,0,0,1516,4955,California
Ventura,2020-12-22,1159,6114,1153,6107,6,7,0,0,1159,6114,0,0,1159,6114,California
Ventura,2020-12-23,1088,7202,1038,7145,50,57,0,0,1088,7202,0,0,1088,7202,California
Ventura,2020-12-24,478,7680,378,7523,100,157,0,0,478,7680,0,0,478,7680,California
Ventura,2020-12-25,12,7692,7,7530,5,162,0,0,12,7692,0,0,12,7692,California
Ventura,2020-12-26,112,7804,91,7621,21,183,0,0,112,7804,0,0,112,7804,California
Ventura,2020-12-27,59,7863,27,7648,32,215,0,0,59,7863,0,0,59,7863,California
Ventura,2020-12-28,1093,8956,950,8598,143,358,0,0,1093,8956,0,0,1093,8956,California
Ventura,2020-12-29,1186,10142,776,9374,410,768,0,0,1185,10141,0,0,1185,10141,California
Ventura,2020-12-30,1998,12140,1531,10905,467,1235,0,0,1998,12139,0,0,1998,12139,California
Ventura,2020-12-31,486,12626,165,11070,321,1556,0,0,481,12615,5,5,481,12620,California
Ventura,2021-01-01,40,12666,18,11088,22,1578,0,0,40,12655,0,5,40,12660,California
Ventura,2021-01-02,176,12842,81,11169,95,1673,0,0,176,12831,0,5,176,12836,California
Ventura,2021-01-03,19,12861,8,11177,11,1684,0,0,19,12850,0,5,19,12855,California
Ventura,2021-01-04,1034,13895,493,11670,541,2225,0,0,1032,13882,0,5,1032,13887,California
Ventura,2021-01-05,1380,15275,783,12453,597,2822,0,0,1268,15041,109,114,1268,15155,California
Ventura,2021-01-06,2071,17346,1188,13641,883,3705,0,0,1570,16121,492,606,1572,16727,California
Ventura,2021-01-07,2084,19430,1333,14974,751,4456,0,0,1040,16123,1039,1645,1041,17768,California
Ventura,2021-01-08,2204,21634,1477,16451,727,5183,0,0,908,15739,1294,2939,910,18678,California
Ventura,2021-01-09,724,22358,503,16954,221,5404,0,0,318,15651,406,3345,318,18996,California
Ventura,2021-01-10,343,22701,326,17280,17,5421,0,0,129,15566,214,3559,129,19125,California
Ventura,2021-01-11,2461,25162,1493,18773,968,6389,0,0,1508,16125,953,4512,1512,20637,California
Ventura,2021-01-12,3053,28215,1616,20389,1437,7826,0,0,1934,16940,1119,5631,1934,22571,California
Ventura,2021-01-13,2948,31163,1435,21824,1513,9339,0,0,2038,18072,907,6538,2039,24610,California
Ventura,2021-01-14,2793,33956,1106,22930,1687,11026,0,0,2330,19941,462,7000,2331,26941,California
Ventura,2021-01-15,2901,36857,969,23899,1932,12958,0,0,2687,22415,214,7214,2688,29629,California
Ventura,2021-01-16,492,37349,188,24087,304,13262,0,0,412,22747,80,7294,412,30041,California
Ventura,2021-01-17,269,37618,140,24227,129,13391,0,0,262,23003,6,7300,262,30303,California
Ventura,2021-01-18,2221,39839,1667,25894,554,13945,0,0,1670,24124,550,7850,1671,31974,California
Ventura,2021-01-19,3063,42902,2132,28026,931,14876,0,0,2151,25366,912,8762,2154,34128,California
Ventura,2021-01-20,4182,47084,3215,31241,967,15843,0,0,3085,27359,1093,9855,3086,37214,California
Ventura,2021-01-21,3892,50976,2709,33950,1183,17026,0,0,3208,29894,676,10531,3211,40425,California
Ventura,2021-01-22,3645,54621,2510,36460,1135,18161,0,0,3477,33203,168,10699,3477,43902,California
Ventura,2021-01-23,1193,55814,652,37112,541,18702,0,0,1092,34197,100,10799,1094,44996,California
Ventura,2021-01-24,458,56272,136,37248,322,19024,0,0,445,34629,13,10812,445,45441,California
Ventura,2021-01-25,3178,59450,2039,39287,1139,20163,0,0,2617,36687,560,11372,2618,48059,California
Ventura,2021-01-26,3737,63187,2212,41499,1525,21688,0,0,2726,38407,1007,12379,2727,50786,California
Ventura,2021-01-27,3504,66691,1568,43067,1936,23624,0,0,2750,40409,750,13129,2752,53538,California
Ventura,2021-01-28,3903,70594,2005,45072,1898,25522,0,0,3277,43079,610,13739,3280,56818,California
Ventura,2021-01-29,4302,74896,2537,47609,1765,27287,0,0,3790,46371,498,14237,3790,60608,California
Ventura,2021-01-30,3045,77941,1955,49564,1090,28377,0,0,2871,49073,170,14407,2872,63480,California
Ventura,2021-01-31,835,78776,443,50007,392,28769,0,0,746,49731,88,14495,746,64226,California
Ventura,2021-02-01,3989,82765,2113,52120,1876,30645,0,0,3203,52158,778,15273,3205,67431,California
Ventura,2021-02-02,4446,87211,2381,54501,2065,32710,0,0,3413,54545,1029,16302,3416,70847,California
Ventura,2021-02-03,4489,91700,2097,56598,2392,35102,0,0,3458,56979,1026,17328,3460,74307,California
Ventura,2021-02-04,4833,96533,2312,58910,2521,37623,0,0,3547,59252,1278,18606,3551,77858,California
Ventura,2021-02-05,4922,101455,2390,61300,2532,40155,0,0,3374,61095,1534,20140,3377,81235,California
Ventura,2021-02-06,2862,104317,1522,62822,1340,41495,0,0,2456,63145,406,20546,2456,83691,California
Ventura,2021-02-07,747,105064,247,63069,500,41995,0,0,621,63641,126,20672,622,84313,California
Ventura,2021-02-08,3534,108598,1634,64703,1900,43895,0,0,2440,64996,1086,21758,2441,86754,California
Ventura,2021-02-09,4761,113359,1980,66683,2781,46676,0,0,2489,65220,2269,24027,2493,89247,California
Ventura,2021-02-10,4779,118138,2258,68941,2521,49197,0,0,2399,65254,2366,26393,2400,91647,California
Ventura,2021-02-11,4726,122864,1883,70824,2843,52040,0,0,2475,65489,2243,28636,2478,94125,California
Ventura,2021-02-12,6398,129262,2697,73521,3701,55741,0,0,3264,65626,3127,31763,3264,97389,California
Ventura,2021-02-13,3333,132595,1846,75367,1487,57228,0,0,1859,66017,1470,33233,1861,99250,California
Ventura,2021-02-14,1235,133830,126,75493,1109,58337,0,0,1015,66815,219,33452,1017,100267,California
Ventura,2021-02-15,4045,137875,1834,77327,2211,60548,0,0,2133,67042,1908,35360,2135,102402,California
Ventura,2021-02-16,5611,143486,2746,80073,2865,63413,0,0,3040,67522,2561,37921,3041,105443,California
Ventura,2021-02-17,5360,148846,1943,82016,3417,66830,0,0,3359,68890,1991,39912,3359,108802,California
Ventura,2021-02-18,5829,154675,1848,83864,3981,70811,0,0,3657,70391,2156,42068,3657,112459,California
Ventura,2021-02-19,6570,161245,3835,87699,2735,73546,0,0,3039,69912,3524,45592,3045,115504,California
Ventura,2021-02-20,5010,166255,3224,90923,1786,75332,0,0,2789,70501,2204,47796,2793,118297,California
Ventura,2021-02-21,1148,167403,842,91765,306,75638,0,0,475,70309,667,48463,475,118772,California
Ventura,2021-02-22,5681,173084,2529,94294,3152,78790,0,0,3625,71901,2035,50498,3627,122399,California
Ventura,2021-02-23,6172,179256,3063,97357,3109,81899,0,0,3532,72820,2617,53115,3536,125935,California
Ventura,2021-02-24,7198,186454,2646,100003,4552,86451,0,0,4322,74288,2856,55971,4324,130259,California
Ventura,2021-02-25,7630,194084,2581,102584,5049,91500,0,0,4587,75852,3028,58999,4592,134851,California
Ventura,2021-02-26,9482,203566,2784,105368,6698,98198,0,0,6173,78747,3282,62281,6177,141028,California
Ventura,2021-02-27,10623,214189,5298,110666,5325,103523,0,0,7968,84088,2637,64918,7978,149006,California
Ventura,2021-02-28,2582,216771,1649,112315,932,104455,1,1,2099,85713,475,65393,2100,151106,California
Ventura,2021-03-01,7183,223954,2862,115177,4318,108773,3,4,4767,88102,2394,67787,4783,155889,California
Ventura,2021-03-02,7747,231701,4049,119226,3696,112469,2,6,5425,91218,2310,70097,5426,161315,California
Ventura,2021-03-03,8717,240418,3933,123159,4781,117250,3,9,6134,94798,2561,72658,6141,167456,California
Ventura,2021-03-04,8325,248743,3889,127048,4436,121686,0,9,5609,97712,2700,75358,5614,173070,California
Ventura,2021-03-05,10110,258853,4819,131867,5279,126965,12,21,7187,102018,2906,78264,7212,180282,California
Ventura,2021-03-06,7805,266658,4406,136273,3245,130210,154,175,5815,106009,1982,80246,5973,186255,California
Ventura,2021-03-07,1671,268329,620,136893,950,131160,101,276,1251,106943,420,80666,1354,187609,California
Ventura,2021-03-08,6868,275197,3446,140339,3265,134425,157,433,4744,109735,2113,82779,4905,192514,California
Ventura,2021-03-09,6898,282095,3034,143373,3664,138089,200,633,3992,111043,2890,85669,4198,196712,California
Ventura,2021-03-10,7058,289153,3024,146397,3792,141881,242,875,4701,113644,2342,88011,4943,201655,California
Ventura,2021-03-11,6586,295739,2909,149306,3358,145239,319,1194,3583,114562,2983,90994,3901,205556,California
Ventura,2021-03-12,8762,304501,3061,152367,4856,150095,845,2039,4276,115214,4461,95455,5113,210669,California
Ventura,2021-03-13,7318,311819,2515,154882,3957,154052,846,2885,4341,117436,2963,98418,5185,215854,California
Ventura,2021-03-14,2146,313965,488,155370,1162,155214,496,3381,728,117245,1415,99833,1224,217078,California
Ventura,2021-03-15,7132,321097,2058,157428,3725,158939,1349,4730,3140,117768,3961,103794,4484,221562,California
Ventura,2021-03-16,8197,329294,2468,159896,4613,163552,1116,5846,4211,119123,3969,107763,5324,226886,California
Ventura,2021-03-17,7751,337045,2810,162706,4592,168144,349,6195,4706,121156,3023,110786,5056,231942,California
Ventura,2021-03-18,7612,344657,3310,166016,4149,172293,153,6348,5000,123711,2598,113384,5153,237095,California
Ventura,2021-03-19,8721,353378,3836,169852,4771,177064,114,6462,5288,125709,3402,116786,5400,242495,California
Ventura,2021-03-20,8939,362317,5956,175808,2960,180024,23,6485,4651,126123,4261,121047,4675,247170,California
Ventura,2021-03-21,2813,365130,1531,177339,910,180934,372,6857,1317,126326,1482,122529,1685,248855,California
Ventura,2021-03-22,7466,372596,3738,181077,3625,184559,103,6960,4910,128810,2531,125060,5015,253870,California
Ventura,2021-03-23,8298,380894,3955,185032,4270,188829,73,7033,4629,129882,3629,128689,4701,258571,California
Ventura,2021-03-24,8978,389872,3441,188473,5459,194288,78,7111,4443,129914,4493,133182,4525,263096,California
Ventura,2021-03-25,8878,398750,3934,192407,4840,199128,104,7215,4487,130136,4368,137550,4590,267686,California
Ventura,2021-03-26,9999,408749,3386,195793,5959,205087,654,7869,4019,128865,5941,143491,4670,272356,California
Ventura,2021-03-27,8803,417552,3952,199745,4808,209895,43,7912,2433,125013,6329,149820,2477,274833,California
Ventura,2021-03-28,2550,420102,1431,201176,1110,211005,9,7921,1377,125232,1167,150987,1386,276219,California
Ventura,2021-03-29,8663,428765,4327,205503,4290,215295,46,7967,4276,125200,4354,155341,4322,280541,California
Ventura,2021-03-30,9041,437806,4483,209986,4427,219722,131,8098,4395,125099,4627,159968,4526,285067,California
Ventura,2021-03-31,10871,448677,4881,214867,5361,225083,629,8727,4687,124261,6150,166118,5312,290379,California
Ventura,2021-04-01,10959,459636,5314,220181,4756,229839,889,9616,5535,125303,5375,171493,6417,296796,California
Ventura,2021-04-02,11880,471516,4672,224853,5863,235702,1345,10961,5697,126201,6145,177638,7043,303839,California
Ventura,2021-04-03,8165,479681,4044,228897,2942,238644,1179,12140,3445,126114,4702,182340,4615,308454,California
Ventura,2021-04-04,1723,481404,964,229861,624,239268,135,12275,1148,126829,568,182908,1283,309737,California
Ventura,2021-04-05,9481,490885,4884,234745,3476,242744,1121,13396,4837,128156,4628,187536,5955,315692,California
Ventura,2021-04-06,11028,501913,5581,240326,3946,246690,1501,14897,5663,129985,5335,192871,7164,322856,California
Ventura,2021-04-07,11528,513441,5422,245748,4591,251281,1515,16412,5265,130518,6241,199112,6774,329630,California
Ventura,2021-04-08,10511,523952,5307,251055,4220,255501,984,17396,5248,131501,5236,204348,6219,335849,California
Ventura,2021-04-09,11410,535362,4407,255462,5271,260772,1732,19128,4997,131836,6384,210732,6719,342568,California
Ventura,2021-04-10,9886,545248,4177,259639,3537,264309,2172,21300,3068,130273,6797,217529,5234,347802,California
Ventura,2021-04-11,2457,547705,862,260501,1017,265326,578,21878,688,129779,1758,219287,1264,349066,California
Ventura,2021-04-12,9125,556830,4542,265043,3748,269074,835,22713,3822,129148,5282,224569,4651,353717,California
Ventura,2021-04-13,8972,565802,4575,269618,4391,273465,6,22719,3791,127804,5141,229710,3797,357514,California
Ventura,2021-04-14,8909,574711,4150,273768,4744,278209,15,22734,3411,125781,5455,235165,3432,360946,California
Ventura,2021-04-15,9537,584248,4611,278379,4899,283108,27,22761,4104,124520,5393,240558,4132,365078,California
Ventura,2021-04-16,10364,594612,4579,282958,5783,288891,2,22763,4867,123925,5469,246027,4874,369952,California
Ventura,2021-04-17,9081,603693,5427,288385,3640,292531,14,22777,5284,125443,3780,249807,5298,375250,California
Ventura,2021-04-18,2243,605936,1104,289489,1139,293670,0,22777,969,125148,1265,251072,970,376220,California
Ventura,2021-04-19,8183,614119,4885,294374,3295,296965,3,22780,4699,126394,3457,254529,4703,380923,California
Ventura,2021-04-20,9595,623714,5105,299479,4485,301450,5,22785,4525,125884,5040,259569,4530,385453,California
Ventura,2021-04-21,9247,632961,4816,304295,4425,305875,6,22791,4426,125519,4796,264365,4431,389884,California
Ventura,2021-04-22,10211,643172,5590,309885,4620,310495,1,22792,4540,124415,5647,270012,4543,394427,California
Ventura,2021-04-23,11049,654221,5513,315398,5535,316030,1,22793,5493,124384,5526,275538,5495,399922,California
Ventura,2021-04-24,10585,664806,5917,321315,4668,320698,0,22793,6215,126251,4349,279887,6216,406138,California
Ventura,2021-04-25,2492,667298,1719,323034,773,321471,0,22793,1159,126081,1329,281216,1159,407297,California
Ventura,2021-04-26,8031,675329,4615,327649,3349,324820,67,22860,3339,124820,4662,285878,3401,410698,California
Ventura,2021-04-27,9220,684549,5149,332798,3843,328663,228,23088,3472,122793,5726,291604,3699,414397,California
Ventura,2021-04-28,8445,692994,4898,337696,3226,331889,321,23409,3313,121328,5100,296704,3635,418032,California
Ventura,2021-04-29,7966,700960,4298,341994,3404,335293,264,23673,2833,119320,5104,301808,3096,421128,California
Ventura,2021-04-30,9548,710508,5520,347514,3753,339046,275,23948,3936,117945,5576,307384,4201,425329,California
Ventura,2021-05-01,5155,715663,3644,351158,1404,340450,107,24055,2040,117003,3085,310469,2143,427472,California
Ventura,2021-05-02,2138,717801,1431,352589,616,341066,91,24146,1036,117035,1096,311565,1128,428600,California
Ventura,2021-05-03,6338,724139,3892,356481,2157,343223,289,24435,1982,114974,4332,315897,2271,430871,California
Ventura,2021-05-04,6459,730598,3381,359862,2780,346003,298,24733,2326,113481,4118,320015,2625,433496,California
Ventura,2021-05-05,5475,736073,3067,362929,2147,348150,261,24994,1957,112206,3486,323501,2211,435707,California
Ventura,2021-05-06,6246,742319,3221,366150,2756,350906,269,25263,1995,110241,4230,327731,2265,437972,California
Ventura,2021-05-07,6919,749238,3469,369619,3175,354081,275,25538,2356,108337,4534,332265,2630,440602,California
Ventura,2021-05-08,5419,754657,4216,373835,1045,355126,158,25696,1221,105532,4182,336447,1377,441979,California
Ventura,2021-05-09,1129,755786,822,374657,261,355387,46,25742,428,105312,693,337140,473,442452,California
Ventura,2021-05-10,6157,761943,4111,378768,1836,357223,210,25952,1385,102148,4758,341898,1594,444046,California
Ventura,2021-05-11,5357,767300,3305,382073,1828,359051,224,26176,1503,100032,3842,345740,1726,445772,California
Ventura,2021-05-12,5072,772372,2993,385066,1859,360910,220,26396,1535,98266,3521,349261,1755,447527,California
Ventura,2021-05-13,6372,778744,3861,388927,2304,363214,207,26603,2273,96668,4081,353342,2483,450010,California
Ventura,2021-05-14,7508,786252,4655,393582,2634,365848,219,26822,2832,95057,4657,357999,3046,453056,California
Ventura,2021-05-15,6755,793007,5391,398973,1276,367124,88,26910,2805,94027,3923,361922,2893,455949,California
Ventura,2021-05-16,2203,795210,1711,400684,440,367564,52,26962,1040,93961,1158,363080,1092,457041,California
Ventura,2021-05-17,5895,801105,3560,404244,2121,369685,214,27176,2403,93103,3474,366554,2616,459657,California
Ventura,2021-05-18,5421,806526,3168,407412,2073,371758,180,27356,2131,92142,3271,369825,2310,461967,California
Ventura,2021-05-19,5839,812365,3525,410937,2103,373861,211,27567,2357,91254,3452,373277,2564,464531,California
Ventura,2021-05-20,5495,817860,3050,413987,2287,376148,158,27725,2130,90205,3333,376610,2284,466815,California
Ventura,2021-05-21,7941,825801,4473,418460,3292,379440,176,27901,2560,87594,5348,381958,2737,469552,California
Ventura,2021-05-22,5649,831450,2888,421348,2686,382126,75,27976,1761,85552,3878,385836,1836,471388,California
Ventura,2021-05-23,1993,833443,1529,422877,392,382518,72,28048,743,85126,1241,387077,815,472203,California
Ventura,2021-05-24,4546,837989,2465,425342,1913,384431,168,28216,1450,83664,3077,390154,1615,473818,California
Ventura,2021-05-25,4295,842284,2229,427571,1914,386345,152,28368,1413,82365,2863,393017,1564,475382,California
Ventura,2021-05-26,4295,846579,2286,429857,1843,388188,166,28534,1653,81566,2619,395636,1820,477202,California
Ventura,2021-05-27,3874,850453,1911,431768,1835,390023,128,28662,1380,80592,2481,398117,1507,478709,California
Ventura,2021-05-28,4569,855022,2481,434249,1894,391917,194,28856,1977,80185,2572,400689,2165,480874,California
Ventura,2021-05-29,2154,857176,1349,435598,738,392655,67,28923,1042,80195,1099,401788,1109,481983,California
Ventura,2021-05-30,914,858090,585,436183,275,392930,54,28977,359,80056,551,402339,412,482395,California
Ventura,2021-05-31,257,858347,138,436321,110,393040,9,28986,61,79930,196,402535,70,482465,California
Ventura,2021-06-01,4015,862362,2284,438605,1565,394605,166,29152,1291,78688,2699,405234,1457,483922,California
Ventura,2021-06-02,2969,865331,1633,440238,1200,395805,136,29288,1007,77885,1946,407180,1143,485065,California
Ventura,2021-06-03,3246,868577,2008,442246,1083,396888,155,29443,884,76574,2349,409529,1038,486103,California
Ventura,2021-06-04,4593,873170,3023,445269,1409,398297,161,29604,1417,74989,3162,412691,1577,487680,California
Ventura,2021-06-05,3821,876991,3192,448461,565,398862,64,29668,1154,73554,2654,415345,1219,488899,California
Ventura,2021-06-06,1254,878245,1074,449535,135,398997,45,29713,284,72923,959,416304,328,489227,California
Ventura,2021-06-07,3170,881415,2360,451895,699,399696,111,29824,946,71771,2209,418513,1057,490284,California
Ventura,2021-06-08,3029,884444,1993,453888,901,400597,135,29959,885,70663,2128,420641,1020,491304,California
Ventura,2021-06-09,2944,887388,2048,455936,790,401387,106,30065,763,69364,2167,422808,868,492172,California
Ventura,2021-06-10,3034,890422,2122,458058,810,402197,102,30167,810,68063,2211,425019,910,493082,California
Ventura,2021-06-11,3478,893900,2395,460453,946,403143,137,30304,981,66692,2486,427505,1115,494197,California
Ventura,2021-06-12,2156,896056,1690,462143,420,403563,46,30350,516,65624,1630,429135,562,494759,California
Ventura,2021-06-13,1019,897075,781,462924,174,403737,64,30414,236,65145,781,429916,302,495061,California
Ventura,2021-06-14,2643,899718,1804,464728,708,404445,131,30545,814,64272,1817,431733,944,496005,California
Ventura,2021-06-15,2433,902151,1569,466297,753,405198,111,30656,849,63659,1571,433304,958,496963,California
Ventura,2021-06-16,2485,904636,1822,468119,558,405756,105,30761,829,62955,1637,434941,933,497896,California
Ventura,2021-06-17,2223,906859,1557,469676,566,406322,100,30861,818,62476,1397,436338,918,498814,California
Ventura,2021-06-18,2962,909821,2088,471764,749,407071,125,30986,977,61607,1970,438308,1101,499915,California
Ventura,2021-06-19,1375,911196,1064,472828,286,407357,25,31011,521,61310,843,439151,546,500461,California
Ventura,2021-06-20,692,911888,537,473365,114,407471,41,31052,260,61182,429,439580,301,500762,California
Ventura,2021-06-21,1682,913570,1076,474441,488,407959,118,31170,836,61299,836,440416,953,501715,California
Ventura,2021-06-22,1971,915541,1380,475821,492,408451,99,31269,737,60912,1222,441638,835,502550,California
Ventura,2021-06-23,1779,917320,1221,477042,452,408903,106,31375,738,60725,1030,442668,843,503393,California
Ventura,2021-06-24,1821,919141,1198,478240,504,409407,119,31494,723,60480,1087,443755,842,504235,California
Ventura,2021-06-25,2418,921559,1613,479853,630,410037,175,31669,879,60005,1529,445284,1054,505289,California
Ventura,2021-06-26,1552,923111,1264,481117,225,410262,63,31732,521,59565,1024,446308,584,505873,California
Ventura,2021-06-27,581,923692,452,481569,103,410365,26,31758,259,59531,319,446627,285,506158,California
Ventura,2021-06-28,1771,925463,1429,482998,245,410610,97,31855,722,59314,1036,447663,819,506977,California
Ventura,2021-06-29,1656,927119,1108,484106,457,411067,91,31946,683,59120,966,448629,772,507749,California
Ventura,2021-06-30,1566,928685,1109,485215,361,411428,96,32042,762,59178,797,449426,855,508604,California
Ventura,2021-07-01,1446,930131,1075,486290,297,411725,74,32116,622,59058,816,450242,696,509300,California
Ventura,2021-07-02,1732,931863,1211,487501,427,412152,94,32210,807,59041,918,451160,901,510201,California
Ventura,2021-07-03,743,932606,565,488066,145,412297,33,32243,350,59036,388,451548,383,510584,California
Yolo,2020-12-15,39,39,39,39,0,0,0,0,39,39,0,0,39,39,California
Yolo,2020-12-16,78,117,78,117,0,0,0,0,78,117,0,0,78,117,California
Yolo,2020-12-17,105,222,105,222,0,0,0,0,105,222,0,0,105,222,California
Yolo,2020-12-18,230,452,230,452,0,0,0,0,230,452,0,0,230,452,California
Yolo,2020-12-19,87,539,87,539,0,0,0,0,87,539,0,0,87,539,California
Yolo,2020-12-20,102,641,102,641,0,0,0,0,102,641,0,0,102,641,California
Yolo,2020-12-21,254,895,254,895,0,0,0,0,254,895,0,0,254,895,California
Yolo,2020-12-22,385,1280,384,1279,1,1,0,0,385,1280,0,0,385,1280,California
Yolo,2020-12-23,438,1718,418,1697,20,21,0,0,438,1718,0,0,438,1718,California
Yolo,2020-12-24,153,1871,96,1793,57,78,0,0,153,1871,0,0,153,1871,California
Yolo,2020-12-25,1,1872,1,1794,0,78,0,0,1,1872,0,0,1,1872,California
Yolo,2020-12-26,75,1947,25,1819,50,128,0,0,75,1947,0,0,75,1947,California
Yolo,2020-12-27,46,1993,19,1838,27,155,0,0,46,1993,0,0,46,1993,California
Yolo,2020-12-28,404,2397,233,2071,171,326,0,0,404,2397,0,0,404,2397,California
Yolo,2020-12-29,491,2888,268,2339,223,549,0,0,491,2888,0,0,491,2888,California
Yolo,2020-12-30,626,3514,256,2595,370,919,0,0,626,3514,0,0,626,3514,California
Yolo,2020-12-31,183,3697,93,2688,90,1009,0,0,183,3697,0,0,183,3697,California
Yolo,2021-01-01,58,3755,56,2744,2,1011,0,0,58,3755,0,0,58,3755,California
Yolo,2021-01-02,71,3826,28,2772,43,1054,0,0,71,3826,0,0,71,3826,California
Yolo,2021-01-03,44,3870,19,2791,25,1079,0,0,44,3870,0,0,44,3870,California
Yolo,2021-01-04,192,4062,41,2832,151,1230,0,0,192,4062,0,0,192,4062,California
Yolo,2021-01-05,619,4681,238,3070,381,1611,0,0,555,4553,64,64,555,4617,California
Yolo,2021-01-06,484,5165,183,3253,301,1912,0,0,347,4763,137,201,347,4964,California
Yolo,2021-01-07,711,5876,233,3486,478,2390,0,0,519,5091,191,392,519,5483,California
Yolo,2021-01-08,631,6507,311,3797,320,2710,0,0,407,5275,223,615,407,5890,California
Yolo,2021-01-09,412,6919,73,3870,339,3049,0,0,366,5595,46,661,366,6256,California
Yolo,2021-01-10,394,7313,80,3950,314,3363,0,0,324,5849,70,731,324,6580,California
Yolo,2021-01-11,565,7878,329,4279,236,3599,0,0,290,5866,275,1006,292,6872,California
Yolo,2021-01-12,563,8441,443,4722,120,3719,0,0,194,5692,369,1375,195,7067,California
Yolo,2021-01-13,774,9215,313,5035,461,4180,0,0,521,5960,253,1628,521,7588,California
Yolo,2021-01-14,382,9597,184,5219,198,4378,0,0,279,6136,103,1731,279,7867,California
Yolo,2021-01-15,634,10231,323,5542,311,4689,0,0,552,6607,82,1813,553,8420,California
Yolo,2021-01-16,749,10980,96,5638,653,5342,0,0,718,7294,31,1844,718,9138,California
Yolo,2021-01-17,190,11170,121,5759,69,5411,0,0,183,7470,7,1851,183,9321,California
Yolo,2021-01-18,485,11655,305,6064,180,5591,0,0,334,7653,151,2002,334,9655,California
Yolo,2021-01-19,560,12215,372,6436,188,5779,0,0,383,7859,177,2179,383,10038,California
Yolo,2021-01-20,662,12877,385,6821,277,6056,0,0,471,8140,190,2369,471,10509,California
Yolo,2021-01-21,651,13528,385,7206,266,6322,0,0,462,8413,189,2558,462,10971,California
Yolo,2021-01-22,758,14286,254,7460,504,6826,0,0,640,8937,116,2674,640,11611,California
Yolo,2021-01-23,627,14913,126,7586,501,7327,0,0,577,9464,50,2724,577,12188,California
Yolo,2021-01-24,207,15120,123,7709,84,7411,0,0,166,9589,41,2765,166,12354,California
Yolo,2021-01-25,738,15858,160,7869,578,7989,0,0,516,9882,223,2988,516,12870,California
Yolo,2021-01-26,832,16690,330,8199,502,8491,0,0,435,9920,397,3385,435,13305,California
Yolo,2021-01-27,684,17374,230,8429,454,8945,0,0,401,10038,283,3668,401,13706,California
Yolo,2021-01-28,1056,18430,565,8994,491,9436,0,0,930,10843,125,3793,930,14636,California
Yolo,2021-01-29,966,19396,266,9260,700,10136,0,0,881,11640,84,3877,881,15517,California
Yolo,2021-01-30,1527,20923,922,10182,605,10741,0,0,1405,12929,116,3993,1405,16922,California
Yolo,2021-01-31,240,21163,202,10384,38,10779,0,0,211,13112,28,4021,211,17133,California
Yolo,2021-02-01,856,22019,365,10749,491,11270,0,0,620,13499,233,4254,620,17753,California
Yolo,2021-02-02,1350,23369,756,11505,594,11864,0,0,934,14018,416,4670,935,18688,California
Yolo,2021-02-03,1532,24901,401,11906,1131,12995,0,0,1191,14871,338,5008,1191,19879,California
Yolo,2021-02-04,1812,26713,284,12190,1528,14523,0,0,1256,15583,545,5553,1257,21136,California
Yolo,2021-02-05,1612,28325,916,13106,696,15219,0,0,1208,16389,403,5956,1209,22345,California
Yolo,2021-02-06,1925,30250,1254,14360,671,15890,0,0,1562,17589,363,6319,1563,23908,California
Yolo,2021-02-07,523,30773,252,14612,271,16161,0,0,172,17411,350,6669,172,24080,California
Yolo,2021-02-08,951,31724,334,14946,617,16778,0,0,605,17674,342,7011,605,24685,California
Yolo,2021-02-09,861,32585,386,15332,475,17253,0,0,574,17961,287,7298,574,25259,California
Yolo,2021-02-10,1478,34063,481,15813,997,18250,0,0,830,18145,648,7946,832,26091,California
Yolo,2021-02-11,1581,35644,809,16622,772,19022,0,0,1186,18936,395,8341,1186,27277,California
Yolo,2021-02-12,1946,37590,761,17383,1185,20207,0,0,1458,19911,484,8825,1459,28736,California
Yolo,2021-02-13,2072,39662,716,18099,1356,21563,0,0,1393,20625,679,9504,1393,30129,California
Yolo,2021-02-14,572,40234,156,18255,416,21979,0,0,447,20948,124,9628,447,30576,California
Yolo,2021-02-15,536,40770,193,18448,343,22322,0,0,266,20945,270,9898,267,30843,California
Yolo,2021-02-16,1151,41921,434,18882,717,23039,0,0,821,21437,330,10228,822,31665,California
Yolo,2021-02-17,1398,43319,706,19588,692,23731,0,0,995,22029,403,10631,995,32660,California
Yolo,2021-02-18,2509,45828,819,20407,1690,25421,0,0,1729,22980,779,11410,1730,34390,California
Yolo,2021-02-19,1762,47590,754,21161,1008,26429,0,0,1133,23486,627,12037,1133,35523,California
Yolo,2021-02-20,2575,50165,957,22118,1618,28047,0,0,1391,23700,1178,13215,1392,36915,California
Yolo,2021-02-21,326,50491,236,22354,90,28137,0,0,108,23591,217,13432,108,37023,California
Yolo,2021-02-22,1410,51901,614,22968,796,28933,0,0,708,23598,701,14133,708,37731,California
Yolo,2021-02-23,1174,53075,881,23849,293,29226,0,0,447,23320,725,14858,447,38178,California
Yolo,2021-02-24,2128,55203,602,24451,1526,30752,0,0,1396,23986,730,15588,1396,39574,California
Yolo,2021-02-25,1411,56614,502,24953,909,31661,0,0,924,24424,486,16074,924,40498,California
Yolo,2021-02-26,2662,59276,1043,25996,1619,33280,0,0,1336,24438,1322,17396,1336,41834,California
Yolo,2021-02-27,1704,60980,780,26776,924,34204,0,0,1248,25230,456,17852,1248,43082,California
Yolo,2021-02-28,1831,62811,1523,28299,308,34512,0,0,710,24822,1119,18971,711,43793,California
Yolo,2021-03-01,1157,63968,378,28677,779,35291,0,0,699,25065,456,19427,699,44492,California
Yolo,2021-03-02,1506,65474,705,29382,801,36092,0,0,958,25475,548,19975,958,45450,California
Yolo,2021-03-03,1895,67369,648,30030,1247,37339,0,0,856,25294,1037,21012,856,46306,California
Yolo,2021-03-04,3042,70411,1466,31496,1576,38915,0,0,1579,25413,1460,22472,1579,47885,California
Yolo,2021-03-05,2491,72902,1411,32907,1069,39984,11,11,1516,25966,974,23446,1527,49412,California
Yolo,2021-03-06,1493,74395,1138,34045,326,40310,29,40,851,26207,639,24085,880,50292,California
Yolo,2021-03-07,919,75314,679,34724,226,40536,14,54,780,26862,139,24224,794,51086,California
Yolo,2021-03-08,1342,76656,498,35222,801,41337,43,97,885,27335,456,24680,929,52015,California
Yolo,2021-03-09,1590,78246,691,35913,836,42173,63,160,967,27744,621,25301,1030,53045,California
Yolo,2021-03-10,2219,80465,1062,36975,865,43038,292,452,976,27767,1237,26538,1260,54305,California
Yolo,2021-03-11,2715,83180,1609,38584,1040,44078,66,518,1814,28748,900,27438,1881,56186,California
Yolo,2021-03-12,2931,86111,1360,39944,1490,45568,81,599,1378,28664,1544,28982,1460,57646,California
Yolo,2021-03-13,1962,88073,736,40680,1050,46618,176,775,1029,28938,930,29912,1204,58850,California
Yolo,2021-03-14,1067,89140,213,40893,703,47321,151,926,526,29069,540,30452,671,59521,California
Yolo,2021-03-15,1677,90817,769,41662,727,48048,181,1107,1056,29683,619,31071,1233,60754,California
Yolo,2021-03-16,2031,92848,730,42392,1229,49277,72,1179,1236,30196,795,31866,1308,62062,California
Yolo,2021-03-17,2531,95379,988,43380,1471,50748,72,1251,1733,31238,794,32660,1836,63898,California
Yolo,2021-03-18,3058,98437,1045,44425,1787,52535,226,1477,1266,30942,1788,34448,1492,65390,California
Yolo,2021-03-19,2110,100547,876,45301,1166,53701,68,1545,1094,31094,1010,35458,1162,66552,California
Yolo,2021-03-20,2787,103334,819,46120,1925,55626,43,1588,1095,30548,1686,37144,1140,67692,California
Yolo,2021-03-21,316,103650,215,46335,93,55719,8,1596,176,30593,139,37283,184,67876,California
Yolo,2021-03-22,1412,105062,496,46831,856,56575,60,1656,913,31069,496,37779,972,68848,California
Yolo,2021-03-23,1760,106822,946,47777,757,57332,57,1713,1083,31532,676,38455,1139,69987,California
Yolo,2021-03-24,2894,109716,1407,49184,1436,58768,51,1764,1398,31500,1482,39937,1450,71437,California
Yolo,2021-03-25,2547,112263,1407,50591,1111,59879,29,1793,1253,31499,1283,41220,1282,72719,California
Yolo,2021-03-26,2407,114670,1263,51854,1124,61003,20,1813,1022,31162,1378,42598,1041,73760,California
Yolo,2021-03-27,1666,116336,459,52313,1189,62192,18,1831,746,31007,919,43517,764,74524,California
Yolo,2021-03-28,1107,117443,863,53176,225,62417,19,1850,250,30422,853,44370,268,74792,California
Yolo,2021-03-29,2040,119483,825,54001,1185,63602,30,1880,971,30358,1065,45435,1001,75793,California
Yolo,2021-03-30,2294,121777,1086,55087,1187,64789,21,1901,1168,30427,1121,46556,1190,76983,California
Yolo,2021-03-31,2362,124139,1228,56315,1097,65886,37,1938,1180,30463,1181,47737,1217,78200,California
Yolo,2021-04-01,3865,128004,1865,58180,1519,67405,481,2419,1595,30271,2267,50004,2075,80275,California
Yolo,2021-04-02,3405,131409,1523,59703,1736,69141,146,2565,2065,31150,1332,51336,2211,82486,California
Yolo,2021-04-03,1828,133237,1103,60806,503,69644,222,2787,807,31160,1019,52355,1029,83515,California
Yolo,2021-04-04,395,133632,157,60963,177,69821,61,2848,147,31121,247,52602,208,83723,California
Yolo,2021-04-05,1927,135559,738,61701,1089,70910,100,2948,902,31104,1020,53622,1003,84726,California
Yolo,2021-04-06,2598,138157,1320,63021,1106,72016,172,3120,1137,30961,1451,55073,1308,86034,California
Yolo,2021-04-07,3001,141158,1520,64541,1125,73141,356,3476,1748,31821,1248,56321,2108,88142,California
Yolo,2021-04-08,2435,143593,1011,65552,948,74089,476,3952,854,31569,1578,57899,1326,89468,California
Yolo,2021-04-09,2606,146199,922,66474,1103,75192,581,4533,832,31203,1771,59670,1405,90873,California
Yolo,2021-04-10,1770,147969,831,67305,756,75948,183,4716,1025,31669,741,60411,1207,92080,California
Yolo,2021-04-11,895,148864,286,67591,565,76513,44,4760,362,31544,530,60941,405,92485,California
Yolo,2021-04-12,1781,150645,529,68120,1109,77622,143,4903,789,31489,988,61929,933,93418,California
Yolo,2021-04-13,1995,152640,918,69038,1077,78699,0,4903,921,31337,1073,63002,921,94339,California
Yolo,2021-04-14,2803,155443,772,69810,2031,80730,0,4903,1371,31284,1424,64426,1371,95710,California
Yolo,2021-04-15,3364,158807,1142,70952,2222,82952,0,4903,2287,32501,1070,65496,2287,97997,California
Yolo,2021-04-16,3099,161906,1998,72950,1101,84053,0,4903,1978,33366,1113,66609,1978,99975,California
Yolo,2021-04-17,1638,163544,479,73429,1159,85212,0,4903,850,33433,783,67392,850,100825,California
Yolo,2021-04-18,648,164192,319,73748,329,85541,0,4903,362,33513,282,67674,362,101187,California
Yolo,2021-04-19,1690,165882,727,74475,962,86503,1,4904,777,33383,908,68582,778,101965,California
Yolo,2021-04-20,2061,167943,1058,75533,1003,87506,0,4904,1092,33508,967,69549,1092,103057,California
Yolo,2021-04-21,2078,170021,1060,76593,1018,88524,0,4904,1120,33676,952,70501,1120,104177,California
Yolo,2021-04-22,1992,172013,914,77507,1078,89602,0,4904,983,33657,1003,71504,984,105161,California
Yolo,2021-04-23,2660,174673,1561,79068,1099,90701,0,4904,1169,33347,1479,72983,1169,106330,California
Yolo,2021-04-24,1178,175851,646,79714,529,91230,3,4907,467,33114,703,73686,470,106800,California
Yolo,2021-04-25,950,176801,406,80120,544,91774,0,4907,727,33619,222,73908,727,107527,California
Yolo,2021-04-26,1255,178056,499,80619,753,92527,3,4910,531,33433,721,74629,535,108062,California
Yolo,2021-04-27,1565,179621,738,81357,807,93334,20,4930,606,33102,958,75587,627,108689,California
Yolo,2021-04-28,2076,181697,1029,82386,1020,94354,27,4957,749,32555,1323,76910,776,109465,California
Yolo,2021-04-29,1798,183495,853,83239,862,95216,83,5040,709,32260,1085,77995,790,110255,California
Yolo,2021-04-30,2039,185534,1017,84256,963,96179,59,5099,972,32230,1060,79055,1030,111285,California
Yolo,2021-05-01,1289,186823,999,85255,270,96449,20,5119,377,31717,910,79965,397,111682,California
Yolo,2021-05-02,521,187344,427,85682,71,96520,23,5142,323,31865,198,80163,346,112028,California
Yolo,2021-05-03,1127,188471,405,86087,688,97208,34,5176,298,31370,826,80989,331,112359,California
Yolo,2021-05-04,1470,189941,684,86771,761,97969,25,5201,507,30944,958,81947,532,112891,California
Yolo,2021-05-05,1593,191534,455,87226,1072,99041,66,5267,459,30342,1127,83074,525,113416,California
Yolo,2021-05-06,1530,193064,715,87941,733,99774,82,5349,498,29908,1014,84088,580,113996,California
Yolo,2021-05-07,2330,195394,1405,89346,874,100648,51,5400,463,28561,1859,85947,512,114508,California
Yolo,2021-05-08,851,196245,373,89719,422,101070,56,5456,320,28408,527,86474,374,114882,California
Yolo,2021-05-09,403,196648,172,89891,217,101287,14,5470,91,28201,311,86785,104,114986,California
Yolo,2021-05-10,909,197557,358,90249,505,101792,46,5516,153,27645,754,87539,198,115184,California
Yolo,2021-05-11,1178,198735,697,90946,459,102251,22,5538,294,27083,878,88417,316,115500,California
Yolo,2021-05-12,1585,200320,715,91661,837,103088,33,5571,307,26153,1273,89690,343,115843,California
Yolo,2021-05-13,2185,202505,861,92522,1269,104357,55,5626,646,25319,1535,91225,701,116544,California
Yolo,2021-05-14,2041,204546,1520,94042,490,104847,31,5657,1152,25617,885,92110,1183,117727,California
Yolo,2021-05-15,1280,205826,733,94775,500,105347,47,5704,660,25705,619,92729,707,118434,California
Yolo,2021-05-16,1454,207280,1237,96012,210,105557,7,5711,1011,26284,439,93168,1018,119452,California
Yolo,2021-05-17,1136,208416,446,96458,672,106229,18,5729,349,25868,783,93951,367,119819,California
Yolo,2021-05-18,1696,210112,1108,97566,565,106794,23,5752,910,26021,780,94731,933,120752,California
Yolo,2021-05-19,1009,211121,586,98152,384,107178,39,5791,482,26017,525,95256,521,121273,California
Yolo,2021-05-20,1103,212224,699,98851,378,107556,26,5817,379,25704,718,95974,405,121678,California
Yolo,2021-05-21,1444,213668,931,99782,486,108042,27,5844,362,25016,1075,97049,387,122065,California
Yolo,2021-05-22,824,214492,541,100323,275,108317,8,5852,281,24770,536,97585,290,122355,California
Yolo,2021-05-23,618,215110,165,100488,437,108754,16,5868,108,24387,508,98093,125,122480,California
Yolo,2021-05-24,707,215817,349,100837,338,109092,20,5888,220,24144,484,98577,241,122721,California
Yolo,2021-05-25,883,216700,512,101349,348,109440,23,5911,342,23974,535,99112,365,123086,California
Yolo,2021-05-26,819,217519,269,101618,517,109957,33,5944,248,23688,567,99679,281,123367,California
Yolo,2021-05-27,761,218280,381,101999,329,110286,51,5995,303,23589,453,100132,354,123721,California
Yolo,2021-05-28,882,219162,402,102401,451,110737,29,6024,378,23495,499,100631,405,124126,California
Yolo,2021-05-29,601,219763,346,102747,219,110956,36,6060,274,23478,324,100955,307,124433,California
Yolo,2021-05-30,136,219899,71,102818,58,111014,7,6067,55,23461,79,101034,62,124495,California
Yolo,2021-05-31,68,219967,18,102836,48,111062,2,6069,16,23426,52,101086,17,124512,California
Yolo,2021-06-01,754,220721,326,103162,404,111466,24,6093,245,23192,503,101589,269,124781,California
Yolo,2021-06-02,757,221478,302,103464,434,111900,21,6114,232,22923,522,102111,253,125034,California
Yolo,2021-06-03,928,222406,592,104056,312,112212,24,6138,215,22453,709,102820,239,125273,California
Yolo,2021-06-04,1494,223900,1216,105272,256,112468,22,6160,380,21745,1109,103929,401,125674,California
Yolo,2021-06-05,719,224619,548,105820,154,112622,17,6177,149,21341,570,104499,166,125840,California
Yolo,2021-06-06,1107,225726,1043,106863,57,112679,7,6184,154,20550,952,105451,161,126001,California
Yolo,2021-06-07,516,226242,270,107133,226,112905,20,6204,148,20354,363,105814,167,126168,California
Yolo,2021-06-08,1043,227285,812,107945,213,113118,18,6222,200,19730,842,106656,218,126386,California
Yolo,2021-06-09,791,228076,490,108435,270,113388,31,6253,260,19494,526,107182,290,126676,California
Yolo,2021-06-10,567,228643,359,108794,175,113563,33,6286,165,19293,399,107581,198,126874,California
Yolo,2021-06-11,658,229301,450,109244,184,113747,24,6310,195,19051,461,108042,219,127093,California
Yolo,2021-06-12,480,229781,276,109520,179,113926,25,6335,144,18886,334,108376,169,127262,California
Yolo,2021-06-13,155,229936,116,109636,38,113964,1,6336,63,18860,91,108467,65,127327,California
Yolo,2021-06-14,411,230347,255,109891,123,114087,33,6369,129,18742,281,108748,163,127490,California
Yolo,2021-06-15,769,231116,397,110288,346,114433,26,6395,298,18598,468,109216,324,127814,California
Yolo,2021-06-16,473,231589,241,110529,190,114623,42,6437,168,18503,303,109519,208,128022,California
Yolo,2021-06-17,498,232087,317,110846,125,114748,56,6493,173,18409,323,109842,229,128251,California
Yolo,2021-06-18,553,232640,395,111241,136,114884,22,6515,211,18302,339,110181,232,128483,California
Yolo,2021-06-19,320,232960,207,111448,97,114981,16,6531,117,18233,202,110383,133,128616,California
Yolo,2021-06-20,114,233074,74,111522,36,115017,4,6535,62,18250,50,110433,67,128683,California
Yolo,2021-06-21,205,233279,88,111610,98,115115,19,6554,111,18287,93,110526,130,128813,California
Yolo,2021-06-22,519,233798,296,111906,205,115320,18,6572,241,18270,276,110802,259,129072,California
Yolo,2021-06-23,374,234172,213,112119,144,115464,17,6589,152,18220,219,111021,169,129241,California
Yolo,2021-06-24,395,234567,247,112366,106,115570,42,6631,173,18214,221,111242,215,129456,California
Yolo,2021-06-25,549,235116,385,112751,120,115690,44,6675,191,18094,355,111597,235,129691,California
Yolo,2021-06-26,270,235386,165,112916,82,115772,23,6698,110,18068,158,111755,132,129823,California
Yolo,2021-06-27,177,235563,140,113056,32,115804,5,6703,64,18023,113,111868,68,129891,California
Yolo,2021-06-28,254,235817,130,113186,52,115856,72,6775,108,18057,145,112013,179,130070,California
Yolo,2021-06-29,421,236238,265,113451,107,115963,49,6824,154,17996,264,112277,203,130273,California
Yolo,2021-06-30,364,236602,204,113655,134,116097,26,6850,135,17927,229,112506,160,130433,California
Yolo,2021-07-01,305,236907,171,113826,102,116199,32,6882,111,17878,191,112697,142,130575,California
Yolo,2021-07-02,340,237247,231,114057,97,116296,12,6894,139,17829,200,112897,151,130726,California
Yolo,2021-07-03,134,237381,79,114136,51,116347,4,6898,49,17797,85,112982,53,130779,California
Yuba,2020-12-16,4,4,4,4,0,0,0,0,4,4,0,0,4,4,California
Yuba,2020-12-17,4,8,4,8,0,0,0,0,4,8,0,0,4,8,California
Yuba,2020-12-18,8,16,8,16,0,0,0,0,8,16,0,0,8,16,California
Yuba,2020-12-19,12,28,12,28,0,0,0,0,12,28,0,0,12,28,California
Yuba,2020-12-20,19,47,19,47,0,0,0,0,19,47,0,0,19,47,California
Yuba,2020-12-21,41,88,41,88,0,0,0,0,41,88,0,0,41,88,California
Yuba,2020-12-22,85,173,85,173,0,0,0,0,85,173,0,0,85,173,California
Yuba,2020-12-23,65,238,63,236,2,2,0,0,65,238,0,0,65,238,California
Yuba,2020-12-24,20,258,10,246,10,12,0,0,20,258,0,0,20,258,California
Yuba,2020-12-25,1,259,1,247,0,12,0,0,1,259,0,0,1,259,California
Yuba,2020-12-26,13,272,12,259,1,13,0,0,13,272,0,0,13,272,California
Yuba,2020-12-27,15,287,15,274,0,13,0,0,15,287,0,0,15,287,California
Yuba,2020-12-28,51,338,35,309,16,29,0,0,51,338,0,0,51,338,California
Yuba,2020-12-29,74,412,10,319,64,93,0,0,74,412,0,0,74,412,California
Yuba,2020-12-30,63,475,20,339,43,136,0,0,63,475,0,0,63,475,California
Yuba,2020-12-31,39,514,6,345,33,169,0,0,39,514,0,0,39,514,California
Yuba,2021-01-02,23,537,22,367,1,170,0,0,23,537,0,0,23,537,California
Yuba,2021-01-03,10,547,6,373,4,174,0,0,10,547,0,0,10,547,California
Yuba,2021-01-04,92,639,23,396,69,243,0,0,92,639,0,0,92,639,California
Yuba,2021-01-05,71,710,39,435,32,275,0,0,70,708,1,1,70,709,California
Yuba,2021-01-06,154,864,76,511,78,353,0,0,148,850,6,7,148,857,California
Yuba,2021-01-07,75,939,19,530,56,409,0,0,72,918,4,11,72,929,California
Yuba,2021-01-08,73,1012,23,553,50,459,0,0,66,977,7,18,66,995,California
Yuba,2021-01-09,19,1031,16,569,3,462,0,0,11,980,8,26,11,1006,California
Yuba,2021-01-10,117,1148,22,591,95,557,0,0,95,1053,22,48,95,1101,California
Yuba,2021-01-11,73,1221,50,641,23,580,0,0,33,1046,40,88,33,1134,California
Yuba,2021-01-12,109,1330,78,719,31,611,0,0,45,1027,64,152,45,1179,California
Yuba,2021-01-13,119,1449,72,791,47,658,0,0,54,1017,64,216,54,1233,California
Yuba,2021-01-14,114,1563,44,835,70,728,0,0,102,1107,12,228,102,1335,California
Yuba,2021-01-15,204,1767,85,920,119,847,0,0,194,1291,10,238,194,1529,California
Yuba,2021-01-16,188,1955,21,941,167,1014,0,0,176,1454,13,251,176,1705,California
Yuba,2021-01-17,13,1968,9,950,4,1018,0,0,7,1455,6,257,7,1712,California
Yuba,2021-01-18,61,2029,32,982,29,1047,0,0,36,1466,25,282,36,1748,California
Yuba,2021-01-19,80,2109,30,1012,50,1097,0,0,65,1516,15,297,65,1813,California
Yuba,2021-01-20,133,2242,86,1098,47,1144,0,0,110,1603,23,320,110,1923,California
Yuba,2021-01-21,221,2463,103,1201,118,1262,0,0,212,1806,9,329,212,2135,California
Yuba,2021-01-22,107,2570,7,1208,100,1362,0,0,98,1895,9,338,98,2233,California
Yuba,2021-01-23,198,2768,7,1215,191,1553,0,0,196,2089,2,340,196,2429,California
Yuba,2021-01-24,10,2778,7,1222,3,1556,0,0,8,2095,2,342,8,2437,California
Yuba,2021-01-25,86,2864,30,1252,56,1612,0,0,53,2116,32,374,53,2490,California
Yuba,2021-01-26,149,3013,41,1293,108,1720,0,0,90,2147,59,433,90,2580,California
Yuba,2021-01-27,185,3198,129,1422,56,1776,0,0,118,2198,67,500,118,2698,California
Yuba,2021-01-28,228,3426,90,1512,138,1914,0,0,177,2324,51,551,177,2875,California
Yuba,2021-01-29,150,3576,46,1558,104,2018,0,0,111,2396,39,590,111,2986,California
Yuba,2021-01-30,408,3984,23,1581,385,2403,0,0,397,2782,11,601,397,3383,California
Yuba,2021-01-31,18,4002,12,1593,6,2409,0,0,16,2796,2,603,16,3399,California
Yuba,2021-02-01,155,4157,75,1668,80,2489,0,0,131,2905,23,626,132,3531,California
Yuba,2021-02-02,128,4285,23,1691,105,2594,0,0,104,2985,24,650,104,3635,California
Yuba,2021-02-03,230,4515,30,1721,200,2794,0,0,116,2988,113,763,116,3751,California
Yuba,2021-02-04,298,4813,120,1841,178,2972,0,0,253,3196,45,808,253,4004,California
Yuba,2021-02-05,148,4961,32,1873,116,3088,0,0,71,3190,77,885,71,4075,California
Yuba,2021-02-06,451,5412,26,1899,425,3513,0,0,443,3625,8,893,443,4518,California
Yuba,2021-02-07,20,5432,13,1912,7,3520,0,0,16,3637,4,897,16,4534,California
Yuba,2021-02-08,98,5530,35,1947,63,3583,0,0,66,3671,32,929,66,4600,California
Yuba,2021-02-09,156,5686,56,2003,100,3683,0,0,85,3685,71,1000,85,4685,California
Yuba,2021-02-10,363,6049,177,2180,186,3869,0,0,122,3568,239,1239,122,4807,California
Yuba,2021-02-11,404,6453,67,2247,337,4206,0,0,301,3768,101,1340,301,5108,California
Yuba,2021-02-12,271,6724,28,2275,243,4449,0,0,153,3803,118,1458,153,5261,California
Yuba,2021-02-13,438,7162,36,2311,402,4851,0,0,387,4139,51,1509,387,5648,California
Yuba,2021-02-14,52,7214,10,2321,42,4893,0,0,47,4181,5,1514,47,5695,California
Yuba,2021-02-15,89,7303,36,2357,53,4946,0,0,69,4230,20,1534,69,5764,California
Yuba,2021-02-16,203,7506,55,2412,148,5094,0,0,144,4316,58,1592,144,5908,California
Yuba,2021-02-17,379,7885,158,2570,221,5315,0,0,101,4140,277,1869,101,6009,California
Yuba,2021-02-18,324,8209,48,2618,276,5591,0,0,197,4210,127,1996,197,6206,California
Yuba,2021-02-19,230,8439,82,2700,148,5739,0,0,143,4267,86,2082,143,6349,California
Yuba,2021-02-20,398,8837,31,2731,367,6106,0,0,340,4549,58,2140,340,6689,California
Yuba,2021-02-21,24,8861,14,2745,10,6116,0,0,14,4553,10,2150,14,6703,California
Yuba,2021-02-22,131,8992,82,2827,49,6165,0,0,38,4498,93,2243,38,6741,California
Yuba,2021-02-23,124,9116,28,2855,96,6261,0,0,53,4482,70,2313,54,6795,California
Yuba,2021-02-24,489,9605,141,2996,348,6609,0,0,110,4213,379,2692,110,6905,California
Yuba,2021-02-25,347,9952,142,3138,205,6814,0,0,217,4300,130,2822,217,7122,California
Yuba,2021-02-26,263,10215,69,3207,194,7008,0,0,147,4333,114,2936,147,7269,California
Yuba,2021-02-27,474,10689,47,3254,427,7435,0,0,386,4633,86,3022,386,7655,California
Yuba,2021-02-28,72,10761,23,3277,49,7484,0,0,48,4657,24,3046,48,7703,California
Yuba,2021-03-01,163,10924,43,3320,120,7604,0,0,82,4659,80,3126,82,7785,California
Yuba,2021-03-02,160,11084,36,3356,124,7728,0,0,80,4659,80,3206,80,7865,California
Yuba,2021-03-03,628,11712,159,3515,469,8197,0,0,200,4432,427,3633,200,8065,California
Yuba,2021-03-04,471,12183,274,3789,197,8394,0,0,327,4616,143,3776,327,8392,California
Yuba,2021-03-05,326,12509,61,3850,264,8658,1,1,258,4807,68,3844,259,8651,California
Yuba,2021-03-06,475,12984,35,3885,436,9094,4,5,368,5073,106,3950,372,9023,California
Yuba,2021-03-07,51,13035,28,3913,22,9116,1,6,36,5095,15,3965,37,9060,California
Yuba,2021-03-08,159,13194,48,3961,95,9211,16,22,99,5150,60,4025,115,9175,California
Yuba,2021-03-09,180,13374,48,4009,112,9323,20,42,85,5160,95,4120,105,9280,California
Yuba,2021-03-10,737,14111,234,4243,473,9796,30,72,233,4919,504,4624,263,9543,California
Yuba,2021-03-11,439,14550,198,4441,229,10025,12,84,296,5084,143,4767,308,9851,California
Yuba,2021-03-12,467,15017,87,4528,327,10352,53,137,155,4980,312,5079,208,10059,California
Yuba,2021-03-13,464,15481,338,4866,111,10463,15,152,364,5260,99,5178,379,10438,California
Yuba,2021-03-14,108,15589,21,4887,77,10540,10,162,46,5256,60,5238,56,10494,California
Yuba,2021-03-15,194,15783,50,4937,128,10668,16,178,99,5276,95,5333,115,10609,California
Yuba,2021-03-16,298,16081,74,5011,200,10868,24,202,185,5373,112,5445,209,10818,California
Yuba,2021-03-17,749,16830,164,5175,554,11422,31,233,196,5050,550,5995,227,11045,California
Yuba,2021-03-18,589,17419,162,5337,314,11736,113,346,355,5283,234,6229,467,11512,California
Yuba,2021-03-19,332,17751,119,5456,159,11895,54,400,184,5372,148,6377,237,11749,California
Yuba,2021-03-20,555,18306,81,5537,456,12351,18,418,475,5786,79,6456,493,12242,California
Yuba,2021-03-21,62,18368,36,5573,26,12377,0,418,42,5808,20,6476,42,12284,California
Yuba,2021-03-22,191,18559,70,5643,114,12491,7,425,149,5922,42,6518,156,12440,California
Yuba,2021-03-23,266,18825,79,5722,159,12650,28,453,176,6038,88,6606,204,12644,California
Yuba,2021-03-24,771,19596,254,5976,436,13086,81,534,186,5722,583,7189,267,12911,California
Yuba,2021-03-25,506,20102,270,6246,214,13300,22,556,253,5744,253,7442,275,13186,California
Yuba,2021-03-26,401,20503,144,6390,228,13528,29,585,226,5825,174,7616,255,13441,California
Yuba,2021-03-27,463,20966,28,6418,432,13960,3,588,408,6181,54,7670,410,13851,California
Yuba,2021-03-28,102,21068,42,6460,56,14016,4,592,34,6151,68,7738,38,13889,California
Yuba,2021-03-29,297,21365,87,6547,178,14194,32,624,179,6244,118,7856,211,14100,California
Yuba,2021-03-30,275,21640,70,6617,197,14391,8,632,189,6355,86,7942,197,14297,California
Yuba,2021-03-31,675,22315,114,6731,550,14941,11,643,244,6181,429,8371,255,14552,California
Yuba,2021-04-01,628,22943,291,7022,307,15248,30,673,291,6165,337,8708,321,14873,California
Yuba,2021-04-02,504,23447,96,7118,325,15573,83,756,187,6118,316,9024,269,15142,California
Yuba,2021-04-03,654,24101,55,7173,117,15690,482,1238,87,6121,566,9590,569,15711,California
Yuba,2021-04-04,59,24160,10,7183,42,15732,7,1245,32,6133,27,9617,39,15750,California
Yuba,2021-04-05,245,24405,79,7262,145,15877,21,1266,124,6158,119,9736,144,15894,California
Yuba,2021-04-06,358,24763,115,7377,182,16059,61,1327,173,6207,184,9920,233,16127,California
Yuba,2021-04-07,787,25550,408,7785,327,16386,52,1379,360,6194,424,10344,411,16538,California
Yuba,2021-04-08,754,26304,292,8077,197,16583,265,1644,281,6267,472,10816,545,17083,California
Yuba,2021-04-09,406,26710,172,8249,167,16750,67,1711,172,6273,233,11049,239,17322,California
Yuba,2021-04-10,604,27314,73,8322,82,16832,449,2160,72,6263,530,11579,520,17842,California
Yuba,2021-04-11,102,27416,24,8346,66,16898,12,2172,43,6260,58,11637,55,17897,California
Yuba,2021-04-12,212,27628,45,8391,137,17035,30,2202,79,6236,132,11769,108,18005,California
Yuba,2021-04-13,400,28028,104,8495,296,17331,0,2202,202,6241,197,11966,202,18207,California
Yuba,2021-04-14,719,28747,110,8605,609,17940,0,2202,130,5783,588,12554,130,18337,California
Yuba,2021-04-15,345,29092,135,8740,210,18150,0,2202,150,5738,195,12749,150,18487,California
Yuba,2021-04-16,342,29434,100,8840,242,18392,0,2202,181,5760,159,12908,181,18668,California
Yuba,2021-04-17,407,29841,60,8900,347,18739,0,2202,335,6024,71,12979,335,19003,California
Yuba,2021-04-18,65,29906,20,8920,45,18784,0,2202,33,6026,31,13010,33,19036,California
Yuba,2021-04-19,247,30153,102,9022,145,18929,0,2202,104,5987,143,13153,104,19140,California
Yuba,2021-04-20,341,30494,103,9125,238,19167,0,2202,187,6024,151,13304,188,19328,California
Yuba,2021-04-21,741,31235,322,9447,419,19586,0,2202,321,5925,420,13724,321,19649,California
Yuba,2021-04-22,376,31611,154,9601,222,19808,0,2202,209,5967,167,13891,209,19858,California
Yuba,2021-04-23,364,31975,127,9728,237,20045,0,2202,174,5953,188,14079,174,20032,California
Yuba,2021-04-24,217,32192,69,9797,148,20193,0,2202,123,5982,94,14173,123,20155,California
Yuba,2021-04-25,75,32267,30,9827,45,20238,0,2202,35,5977,40,14213,35,20190,California
Yuba,2021-04-26,249,32516,66,9893,179,20417,4,2206,114,5960,135,14348,118,20308,California
Yuba,2021-04-27,488,33004,172,10065,306,20723,10,2216,242,5968,244,14592,252,20560,California
Yuba,2021-04-28,450,33454,189,10254,256,20979,5,2221,155,5839,289,14881,160,20720,California
Yuba,2021-04-29,454,33908,89,10343,364,21343,1,2222,162,5711,291,15172,163,20883,California
Yuba,2021-04-30,346,34254,108,10451,208,21551,30,2252,151,5699,193,15365,181,21064,California
Yuba,2021-05-01,208,34462,92,10543,97,21648,19,2271,94,5699,113,15478,113,21177,California
Yuba,2021-05-02,70,34532,39,10582,27,21675,4,2275,38,5709,32,15510,42,21219,California
Yuba,2021-05-03,164,34696,65,10647,90,21765,9,2284,51,5658,111,15621,60,21279,California
Yuba,2021-05-04,340,35036,107,10754,212,21977,21,2305,150,5639,190,15811,171,21450,California
Yuba,2021-05-05,333,35369,96,10850,230,22207,7,2312,116,5545,217,16028,123,21573,California
Yuba,2021-05-06,303,35672,126,10976,139,22346,38,2350,102,5487,198,16226,140,21713,California
Yuba,2021-05-07,362,36034,100,11076,234,22580,28,2378,118,5389,243,16469,145,21858,California
Yuba,2021-05-08,130,36164,56,11132,71,22651,3,2381,55,5372,75,16544,58,21916,California
Yuba,2021-05-09,56,36220,25,11157,28,22679,3,2384,34,5387,22,16566,37,21953,California
Yuba,2021-05-10,174,36394,57,11214,99,22778,18,2402,54,5340,119,16685,72,22025,California
Yuba,2021-05-11,389,36783,178,11392,197,22975,14,2416,143,5252,244,16929,156,22181,California
Yuba,2021-05-12,278,37061,147,11539,123,23098,8,2424,105,5192,173,17102,113,22294,California
Yuba,2021-05-13,367,37428,198,11737,125,23223,44,2468,112,5096,252,17354,156,22450,California
Yuba,2021-05-14,368,37796,139,11876,209,23432,20,2488,154,5055,214,17568,173,22623,California
Yuba,2021-05-15,437,38233,113,11989,303,23735,21,2509,113,4866,322,17890,133,22756,California
Yuba,2021-05-16,151,38384,52,12041,90,23825,9,2518,95,4915,55,17945,104,22860,California
Yuba,2021-05-17,216,38600,89,12130,107,23932,20,2538,89,4899,125,18070,109,22969,California
Yuba,2021-05-18,394,38994,163,12293,222,24154,9,2547,165,4844,229,18299,174,23143,California
Yuba,2021-05-19,261,39255,145,12438,110,24264,6,2553,129,4847,132,18431,135,23278,California
Yuba,2021-05-20,433,39688,305,12743,116,24380,12,2565,259,4945,173,18604,271,23549,California
Yuba,2021-05-21,517,40205,272,13015,237,24617,8,2573,306,5050,209,18813,314,23863,California
Yuba,2021-05-22,229,40434,123,13138,97,24714,9,2582,95,5020,134,18947,104,23967,California
Yuba,2021-05-23,73,40507,41,13179,30,24744,2,2584,37,5024,35,18982,39,24006,California
Yuba,2021-05-24,165,40672,55,13234,93,24837,17,2601,49,4976,115,19097,67,24073,California
Yuba,2021-05-25,315,40987,109,13343,189,25026,17,2618,112,4903,201,19298,128,24201,California
Yuba,2021-05-26,232,41219,100,13443,116,25142,16,2634,85,4858,146,19444,101,24302,California
Yuba,2021-05-27,247,41466,76,13519,159,25301,12,2646,97,4820,147,19591,109,24411,California
Yuba,2021-05-28,246,41712,109,13628,130,25431,7,2653,116,4815,128,19719,123,24534,California
Yuba,2021-05-29,165,41877,68,13696,75,25506,22,2675,88,4849,76,19795,110,24644,California
Yuba,2021-05-30,52,41929,22,13718,25,25531,5,2680,21,4844,31,19826,26,24670,California
Yuba,2021-05-31,30,41959,3,13721,20,25551,7,2687,10,4841,20,19846,17,24687,California
Yuba,2021-06-01,247,42206,108,13829,132,25683,7,2694,84,4772,159,20005,90,24777,California
Yuba,2021-06-02,201,42407,82,13911,112,25795,7,2701,60,4700,140,20145,68,24845,California
Yuba,2021-06-03,179,42586,105,14016,68,25863,6,2707,64,4656,114,20259,70,24915,California
Yuba,2021-06-04,244,42830,121,14137,113,25976,10,2717,80,4582,164,20423,90,25005,California
Yuba,2021-06-05,200,43030,151,14288,43,26019,6,2723,90,4569,109,20532,96,25101,California
Yuba,2021-06-06,109,43139,93,14381,13,26032,3,2726,20,4504,88,20620,23,25124,California
Yuba,2021-06-07,115,43254,47,14428,52,26084,16,2742,36,4477,79,20699,52,25176,California
Yuba,2021-06-08,246,43500,115,14543,124,26208,7,2749,72,4384,172,20871,79,25255,California
Yuba,2021-06-09,171,43671,103,14646,62,26270,6,2755,72,4364,98,20969,78,25333,California
Yuba,2021-06-10,377,44048,302,14948,66,26336,9,2764,93,4184,282,21251,102,25435,California
Yuba,2021-06-11,329,44377,235,15183,82,26418,12,2776,65,3998,264,21515,78,25513,California
Yuba,2021-06-12,133,44510,90,15273,37,26455,6,2782,36,3943,97,21612,42,25555,California
Yuba,2021-06-13,47,44557,22,15295,22,26477,3,2785,13,3925,34,21646,16,25571,California
Yuba,2021-06-14,112,44669,53,15348,49,26526,10,2795,31,3886,80,21726,41,25612,California
Yuba,2021-06-15,241,44910,99,15447,134,26660,8,2803,90,3836,148,21874,98,25710,California
Yuba,2021-06-16,156,45066,94,15541,51,26711,11,2814,74,3842,79,21953,85,25795,California
Yuba,2021-06-17,195,45261,114,15655,69,26780,12,2826,83,3825,112,22065,95,25890,California
Yuba,2021-06-18,222,45483,110,15765,90,26870,22,2848,70,3767,150,22215,92,25982,California
Yuba,2021-06-19,139,45622,70,15835,62,26932,7,2855,36,3707,103,22318,43,26025,California
Yuba,2021-06-20,33,45655,19,15854,11,26943,3,2858,13,3703,20,22338,16,26041,California
Yuba,2021-06-21,86,45741,38,15892,39,26982,9,2867,41,3711,41,22379,49,26090,California
Yuba,2021-06-22,174,45915,73,15965,89,27071,12,2879,69,3688,103,22482,80,26170,California
Yuba,2021-06-23,127,46042,71,16036,43,27114,13,2892,52,3678,74,22556,64,26234,California
Yuba,2021-06-24,136,46178,82,16118,47,27161,7,2899,59,3667,77,22633,66,26300,California
Yuba,2021-06-25,170,46348,98,16216,63,27224,9,2908,82,3670,88,22721,91,26391,California
Yuba,2021-06-26,133,46481,106,16322,26,27250,1,2909,44,3627,88,22809,45,26436,California
Yuba,2021-06-27,66,46547,44,16366,20,27270,2,2911,36,3635,30,22839,38,26474,California
Yuba,2021-06-28,61,46608,33,16399,24,27294,4,2915,27,3632,34,22873,31,26505,California
Yuba,2021-06-29,162,46770,86,16485,67,27361,9,2924,61,3602,100,22973,70,26575,California
Yuba,2021-06-30,135,46905,77,16562,51,27412,7,2931,68,3610,67,23040,75,26650,California
Yuba,2021-07-01,116,47021,80,16642,30,27442,6,2937,42,3585,73,23113,48,26698,California
Yuba,2021-07-02,123,47144,51,16693,56,27498,16,2953,39,3556,84,23197,55,26753,California
Yuba,2021-07-03,19,47163,6,16699,13,27511,0,2953,7,3551,12,23209,7,26760,California
