county,administered_date,total_doses,cumulative_total_doses,pfizer_doses,cumulative_pfizer_doses,moderna_doses,cumulative_moderna_doses,jj_doses,cumulative_jj_doses,partially_vaccinated,total_partially_vaccinated,fully_vaccinated,cumulative_fully_vaccinated,at_least_one_dose,cumulative_at_least_one_dose,california_flag
All CA Counties,2020-12-15,1135,1135,1135,1135,0,0,0,0,1135,1135,0,0,1135,1135,
All CA Counties,2020-12-16,8127,9262,8127,9262,0,0,0,0,8127,9262,0,0,8127,9262,
All CA Counties,2020-12-17,25742,35004,25742,35004,0,0,0,0,25744,35006,0,0,25744,35006,
All CA Counties,2020-12-18,43787,78791,43731,78735,56,56,0,0,43788,78794,0,0,43788,78794,
All CA Counties,2020-12-19,25301,104092,25278,104013,23,79,0,0,25300,104093,1,1,25300,104094,
All CA Counties,2020-12-20,18986,123078,18959,122972,27,106,0,0,18985,123077,1,2,18985,123079,
All CA Counties,2020-12-21,49561,172639,49479,172451,82,188,0,0,49564,172640,1,3,49564,172643,
All CA Counties,2020-12-22,49894,222533,47780,220231,2114,2302,0,0,49892,222531,1,4,49892,222535,
All CA Counties,2020-12-23,50295,272828,41577,261808,8718,11020,0,0,50291,272822,0,4,50291,272826,
All CA Counties,2020-12-24,24032,296860,16330,278138,7702,18722,0,0,24029,296850,1,5,24029,296855,
All CA Counties,2020-12-25,2336,299196,2015,280153,321,19043,0,0,2336,299186,0,5,2336,299191,
All CA Counties,2020-12-26,14617,313813,9440,289593,5177,24220,0,0,14616,313801,1,6,14616,313807,
All CA Counties,2020-12-27,9400,323213,5570,295163,3830,28050,0,0,9399,323199,1,7,9399,323206,
All CA Counties,2020-12-28,45710,368923,29312,324475,16398,44448,0,0,45708,368904,3,10,45708,368914,
All CA Counties,2020-12-29,51063,419986,28519,352994,22544,66992,0,0,51059,419960,3,13,51059,419973,
All CA Counties,2020-12-30,62982,482968,35649,388643,27333,94325,0,0,62974,482931,3,16,62974,482947,
All CA Counties,2020-12-31,29328,512296,10855,399498,18473,112798,0,0,29320,512246,5,21,29320,512267,
All CA Counties,2021-01-01,4069,516365,1805,401303,2264,115062,0,0,4065,516308,3,24,4065,516332,
All CA Counties,2021-01-02,18479,534844,10242,411545,8237,123299,0,0,18478,534786,0,24,18478,534810,
All CA Counties,2021-01-03,6168,541012,3495,415040,2673,125972,0,0,6139,540913,12,36,6139,540949,
All CA Counties,2021-01-04,43568,584580,22090,437130,21478,147450,0,0,43489,584360,42,78,43489,584438,
All CA Counties,2021-01-05,56416,640996,29717,466847,26699,174149,0,0,50971,630032,5390,5468,51062,635500,
All CA Counties,2021-01-06,73318,714314,40485,507332,32833,206982,0,0,57985,672893,15155,20623,58016,693516,
All CA Counties,2021-01-07,91902,806216,52261,559593,39641,246623,0,0,61312,703828,30424,51047,61359,754875,
All CA Counties,2021-01-08,106543,912759,64030,623623,42513,289136,0,0,65443,728363,40968,92015,65503,820378,
All CA Counties,2021-01-09,44210,956969,25467,649090,18743,307879,0,0,27717,739634,16471,108486,27742,848120,
All CA Counties,2021-01-10,24289,981258,14839,663929,9450,317329,0,0,13061,741500,11212,119698,13078,861198,
All CA Counties,2021-01-11,104342,1085600,69441,733370,34901,352230,0,0,60593,758552,43709,163407,60761,921959,
All CA Counties,2021-01-12,112868,1198468,66596,799966,46272,398502,0,0,71897,789786,40892,204299,72126,994085,
All CA Counties,2021-01-13,118738,1317206,61480,861446,57258,455760,0,0,85094,841398,33561,237860,85173,1079258,
All CA Counties,2021-01-14,123616,1440822,49592,911038,74024,529784,0,0,104071,926182,19441,257301,104225,1183483,
All CA Counties,2021-01-15,141953,1582775,52118,963156,89835,619619,0,0,126926,1038375,14934,272235,127127,1310610,
All CA Counties,2021-01-16,80394,1663169,27396,990552,52998,672617,0,0,72860,1103775,7508,279743,72908,1383518,
All CA Counties,2021-01-17,48067,1711236,16794,1007346,31273,703890,0,0,44431,1144623,3629,283372,44477,1427995,
All CA Counties,2021-01-18,88107,1799343,46036,1053382,42071,745961,0,0,68913,1194578,19121,302493,69076,1497071,
All CA Counties,2021-01-19,141596,1940939,73405,1126787,68191,814152,0,0,110436,1274263,31069,333562,110754,1607825,
All CA Counties,2021-01-20,159591,2100530,81631,1208418,77960,892112,0,0,125981,1367103,33394,366956,126234,1734059,
All CA Counties,2021-01-21,173215,2273745,77021,1285439,96194,988306,0,0,154163,1502760,18847,385803,154504,1888563,
All CA Counties,2021-01-22,169374,2443119,69306,1354745,100068,1088374,0,0,155131,1643919,14113,399916,155272,2043835,
All CA Counties,2021-01-23,111162,2554281,49487,1404232,61675,1150049,0,0,98598,1730123,12506,412422,98710,2142545,
All CA Counties,2021-01-24,60959,2615240,29497,1433729,31462,1181511,0,0,56322,1781894,4605,417027,56376,2198921,
All CA Counties,2021-01-25,144387,2759627,65320,1499049,79067,1260578,0,0,109449,1856876,34815,451842,109797,2308718,
All CA Counties,2021-01-26,168076,2927703,82709,1581758,85367,1345945,0,0,130808,1950801,37142,488984,131067,2439785,
All CA Counties,2021-01-27,179669,3107372,87885,1669643,91784,1437729,0,0,140488,2052716,38780,527764,140695,2580480,
All CA Counties,2021-01-28,187226,3294598,86267,1755910,100959,1538688,0,0,153291,2172556,33648,561412,153488,2733968,
All CA Counties,2021-01-29,182853,3477451,88048,1843958,94805,1633493,0,0,148383,2287196,33905,595317,148545,2882513,
All CA Counties,2021-01-30,122840,3600291,55216,1899174,67624,1701117,0,0,107818,2380291,14859,610176,107954,2990467,
All CA Counties,2021-01-31,69287,3669578,38981,1938155,30306,1731423,0,0,64197,2439500,5042,615218,64251,3054718,
All CA Counties,2021-02-01,159259,3828837,73696,2011851,85563,1816986,0,0,120487,2521495,38622,653840,120617,3175335,
All CA Counties,2021-02-02,185819,4014656,79333,2091184,106486,1923472,0,0,140072,2616401,45385,699225,140291,3315626,
All CA Counties,2021-02-03,210645,4225301,95508,2186692,115137,2038609,0,0,156443,2719387,53696,752921,156682,3472308,
All CA Counties,2021-02-04,227733,4453034,99963,2286655,127770,2166379,0,0,167056,2826661,60133,813054,167407,3639715,
All CA Counties,2021-02-05,245712,4698746,106477,2393132,139235,2305614,0,0,167010,2916238,77943,890997,167520,3807235,
All CA Counties,2021-02-06,154672,4853418,74838,2467970,79834,2385448,0,0,119969,3002157,34537,925534,120456,3927691,
All CA Counties,2021-02-07,66793,4920211,43215,2511185,23578,2409026,0,0,50318,3036531,16393,941927,50767,3978458,
All CA Counties,2021-02-08,180262,5100473,88573,2599758,91689,2500715,0,0,118980,3095412,60831,1002758,119712,4098170,
All CA Counties,2021-02-09,210893,5311366,101898,2701656,108995,2609710,0,0,126524,3139154,83913,1086671,127655,4225825,
All CA Counties,2021-02-10,248203,5559569,119789,2821445,128414,2738124,0,0,137950,3169155,109416,1196087,139417,4365242,
All CA Counties,2021-02-11,264328,5823897,131114,2952559,133214,2871338,0,0,144834,3197348,118416,1314503,146609,4511851,
All CA Counties,2021-02-12,271679,6095576,119141,3071700,152538,3023876,0,0,146730,3222312,124117,1438620,149081,4660932,
All CA Counties,2021-02-13,166629,6262205,77232,3148932,89397,3113273,0,0,92121,3242297,74085,1512705,94070,4755002,
All CA Counties,2021-02-14,95348,6357553,47544,3196476,47804,3161077,0,0,51639,3251924,43552,1556257,53179,4808181,
All CA Counties,2021-02-15,142094,6499647,62424,3258900,79670,3240747,0,0,78633,3270589,63085,1619342,81750,4889931,
All CA Counties,2021-02-16,248405,6748052,117862,3376762,130543,3371290,0,0,133144,3291917,114890,1734232,136218,5026149,
All CA Counties,2021-02-17,258497,7006549,128706,3505468,129791,3501081,0,0,128940,3295029,129019,1863251,132131,5158280,
All CA Counties,2021-02-18,272122,7278671,142012,3647480,130110,3631191,0,0,131655,3291115,139750,2003001,135836,5294116,
All CA Counties,2021-02-19,252043,7530714,146262,3793742,105781,3736972,0,0,130299,3302221,121250,2124251,132356,5426472,
All CA Counties,2021-02-20,152474,7683188,97800,3891542,54674,3791646,0,0,83999,3319970,68212,2192463,85961,5512433,
All CA Counties,2021-02-21,81651,7764839,67637,3959179,14014,3805660,0,0,41225,3322556,40174,2232637,42760,5555193,
All CA Counties,2021-02-22,163399,7928238,109709,4068888,53690,3859350,0,0,81990,3325156,81085,2313722,83685,5638878,
All CA Counties,2021-02-23,224788,8153026,119183,4188071,105605,3964955,0,0,104998,3316906,119213,2432935,110963,5749841,
All CA Counties,2021-02-24,282343,8435369,142806,4330877,139537,4104492,0,0,134692,3312097,147023,2579958,142214,5892055,
All CA Counties,2021-02-25,319226,8754595,157234,4488111,161992,4266484,0,0,167796,3337661,150745,2730703,176309,6068364,
All CA Counties,2021-02-26,352096,9106691,164244,4652355,187852,4454336,0,0,197646,3389012,153524,2884227,204875,6273239,
All CA Counties,2021-02-27,250230,9356921,121760,4774115,128451,4582787,19,19,142099,3427985,107537,2991764,146510,6419749,
All CA Counties,2021-02-28,130321,9487242,77980,4852095,52336,4635123,5,24,76171,3453286,53707,3045471,79008,6498757,
All CA Counties,2021-03-01,238889,9726131,127486,4979581,111328,4746451,75,99,138032,3495202,100162,3145633,142078,6640835,
All CA Counties,2021-03-02,288019,10014150,145817,5125398,142185,4888636,17,116,174240,3563024,113292,3258925,181114,6821949,
All CA Counties,2021-03-03,330906,10345056,164298,5289696,166561,5055197,47,163,190819,3621736,139419,3398344,198131,7020080,
All CA Counties,2021-03-04,350184,10695240,177580,5467276,172516,5227713,88,251,205939,3691247,143514,3541858,213025,7233105,
All CA Counties,2021-03-05,337864,11033104,166547,5633823,170200,5397913,1117,1368,210625,3783751,126449,3668307,218953,7452058,
All CA Counties,2021-03-06,258136,11291240,132648,5766471,117692,5515605,7796,9164,160400,3859300,97322,3765629,172871,7624929,
All CA Counties,2021-03-07,126569,11417809,77653,5844124,44845,5560450,4071,13235,79120,3898886,47267,3812896,86853,7711782,
All CA Counties,2021-03-08,215727,11633536,103758,5947882,101586,5662036,10383,23618,140691,3980250,74661,3887557,156025,7867807,
All CA Counties,2021-03-09,267156,11900692,116093,6063975,135227,5797263,15836,39454,144235,4021924,122447,4010004,164121,8031928,
All CA Counties,2021-03-10,314237,12214929,154104,6218079,135805,5933068,24328,63782,168627,4074077,144962,4154966,197115,8229043,
All CA Counties,2021-03-11,374742,12589671,181231,6399310,160260,6093328,33251,97033,192583,4122896,181235,4336201,230054,8459097,
All CA Counties,2021-03-12,390118,12979789,173174,6572484,170888,6264216,46056,143089,190919,4165473,198423,4534624,241000,8700097,
All CA Counties,2021-03-13,278943,13258732,122142,6694626,125819,6390035,30982,174071,150052,4222308,128446,4663070,185281,8885378,
All CA Counties,2021-03-14,152772,13411504,81564,6776190,56325,6446360,14883,188954,77547,4242054,74949,4738019,94695,8980073,
All CA Counties,2021-03-15,287991,13699495,137080,6913270,130522,6576882,20389,209343,156857,4292259,130415,4868434,180620,9160693,
All CA Counties,2021-03-16,367341,14066836,171985,7085255,178233,6755115,17123,226466,213224,4372403,153398,5021832,233542,9394235,
All CA Counties,2021-03-17,379974,14446810,187405,7272660,174208,6929323,18361,244827,235514,4485115,143675,5165507,256387,9650622,
All CA Counties,2021-03-18,397073,14843883,202704,7475364,176599,7105922,17770,262597,236832,4582599,159187,5324694,256671,9907293,
All CA Counties,2021-03-19,404992,15248875,211848,7687212,171759,7277681,21385,283982,236881,4675662,167172,5491866,260235,10167528,
All CA Counties,2021-03-20,290272,15539147,152092,7839304,122486,7400167,15694,299676,184024,4771222,105598,5597464,201158,10368686,
All CA Counties,2021-03-21,141424,15680571,97303,7936607,36733,7436900,7388,307064,89076,4817025,52012,5649476,97815,10466501,
All CA Counties,2021-03-22,270714,15951285,157344,8093951,102395,7539295,10975,318039,177807,4916618,92189,5741665,191782,10658283,
All CA Counties,2021-03-23,354410,16305695,194505,8288456,149076,7688371,10829,328868,218970,5014410,134570,5876235,232362,10890645,
All CA Counties,2021-03-24,383870,16689565,219634,8508090,152071,7840442,12165,341033,224463,5094907,158233,6034468,238730,11129375,
All CA Counties,2021-03-25,413640,17103205,227516,8735606,171694,8012136,14430,355463,235977,5171054,176421,6210889,252568,11381943,
All CA Counties,2021-03-26,429232,17532437,228881,8964487,184562,8196698,15789,371252,233502,5228607,194585,6405474,252138,11634081,
All CA Counties,2021-03-27,308043,17840480,163400,9127887,133195,8329893,11448,382700,156931,5248902,150337,6555811,170632,11804713,
All CA Counties,2021-03-28,166369,18006849,106221,9234108,56577,8386470,3571,386271,89415,5267280,76516,6632327,94894,11899607,
All CA Counties,2021-03-29,307150,18313999,165583,9399691,133012,8519482,8555,394826,174738,5321353,131702,6764029,185775,12085382,
All CA Counties,2021-03-30,394421,18708420,199300,9598991,177357,8696839,17764,412590,239476,5426161,154226,6918255,259034,12344416,
All CA Counties,2021-03-31,421217,19129637,228603,9827594,171362,8868201,21252,433842,241349,5510899,178941,7097196,263679,12608095,
All CA Counties,2021-04-01,485767,19615404,248917,10076511,197664,9065865,39186,473028,269784,5606381,214851,7312047,310333,12918428,
All CA Counties,2021-04-02,466417,20081821,227417,10303928,196993,9262858,42007,515035,254433,5693802,210843,7522890,298264,13216692,
All CA Counties,2021-04-03,325172,20406993,165077,10469005,119622,9382480,40473,555508,163429,5737826,161151,7684041,205175,13421867,
All CA Counties,2021-04-04,132088,20539081,68911,10537916,44224,9426704,18953,574461,58965,5743096,72859,7756900,78129,13499996,
All CA Counties,2021-04-05,350104,20889185,180260,10718176,130646,9557350,39198,613659,174113,5783551,175365,7932265,215820,13715816,
All CA Counties,2021-04-06,454545,21343730,230697,10948873,158839,9716189,65009,678668,222198,5841235,231492,8163757,289176,14004992,
All CA Counties,2021-04-07,467672,21811402,243234,11192107,155192,9871381,69246,747914,229657,5904057,237148,8400905,299970,14304962,
All CA Counties,2021-04-08,493710,22305112,249553,11441660,160794,10032175,83363,831277,233810,5964609,258851,8659756,319403,14624365,
All CA Counties,2021-04-09,487857,22792969,243047,11684707,165877,10198052,78933,910210,226178,6012045,260707,8920463,308143,14932508,
All CA Counties,2021-04-10,362536,23155505,166331,11851038,123018,10321070,73187,983397,153555,6033144,208304,9128767,229403,15161911,
All CA Counties,2021-04-11,186086,23341591,104418,11955456,47751,10368821,33917,1017314,77856,6039823,107907,9236674,114586,15276497,
All CA Counties,2021-04-12,336782,23678373,173114,12128570,126016,10494837,37652,1054966,157023,6059120,178877,9415551,198174,15474671,
All CA Counties,2021-04-13,429299,24107672,240399,12368969,187975,10682812,925,1055891,240673,6115994,187705,9603256,244579,15719250,
All CA Counties,2021-04-14,447263,24554935,251194,12620163,195793,10878605,276,1056167,235036,6144600,211151,9814407,239757,15959007,
All CA Counties,2021-04-15,487962,25042897,284471,12904634,203253,11081858,238,1056405,274373,6209715,212243,10026650,277358,16236365,
All CA Counties,2021-04-16,471662,25514559,266016,13170650,205342,11287200,304,1056709,252973,6247793,217581,10244231,255659,16492024,
All CA Counties,2021-04-17,338730,25853289,189947,13360597,148742,11435942,41,1056750,193691,6300315,144317,10388548,196839,16688863,
All CA Counties,2021-04-18,153553,26006842,97502,13458099,56035,11491977,16,1056766,79707,6309537,73477,10462025,82699,16771562,
All CA Counties,2021-04-19,316047,26322889,182744,13640843,133219,11625196,84,1056850,150041,6296332,165186,10627211,151981,16923543,
All CA Counties,2021-04-20,403871,26726760,215416,13856259,188398,11813594,57,1056907,201763,6300021,201167,10828378,204856,17128399,
All CA Counties,2021-04-21,417142,27143902,237045,14093304,179842,11993436,255,1057162,201403,6290300,214446,11042824,204725,17333124,
All CA Counties,2021-04-22,442602,27586504,252984,14346288,189542,12182978,76,1057238,197997,6248218,243310,11286134,201228,17534352,
All CA Counties,2021-04-23,433568,28020072,248195,14594483,185290,12368268,83,1057321,197381,6214035,234909,11521043,200726,17735078,
All CA Counties,2021-04-24,320262,28340334,202807,14797290,117296,12485564,159,1057480,163315,6224658,156055,11677098,166678,17901756,
All CA Counties,2021-04-25,148792,28489126,98334,14895624,50393,12535957,65,1057545,80125,6237990,68260,11745358,81592,17983348,
All CA Counties,2021-04-26,278185,28767311,163688,15059312,113054,12649011,1443,1058988,120795,6208037,156513,11901871,126560,18109908,
All CA Counties,2021-04-27,347164,29114475,193555,15252867,148233,12797244,5376,1064364,140135,6150539,206004,12107875,148506,18258414,
All CA Counties,2021-04-28,344919,29459394,197847,15450714,139315,12936559,7757,1072121,140248,6097110,203712,12311587,150283,18408697,
All CA Counties,2021-04-29,353822,29813216,204296,15655010,141753,13078312,7773,1079894,127601,6009133,225171,12536758,137194,18545891,
All CA Counties,2021-04-30,367562,30180778,211549,15866559,147285,13225597,8728,1088622,139140,5931599,227301,12764059,149767,18695658,
All CA Counties,2021-05-01,244750,30425528,156648,16023207,82104,13307701,5998,1094620,89061,5873858,155008,12919067,97267,18792925,
All CA Counties,2021-05-02,115260,30540788,80217,16103424,31226,13338927,3817,1098437,40748,5844645,74144,12993211,44931,18837856,
All CA Counties,2021-05-03,250038,30790826,154599,16258023,86826,13425753,8613,1107050,75705,5756253,173553,13166764,85161,18923017,
All CA Counties,2021-05-04,323218,31114044,197201,16455224,116392,13542145,9625,1116675,95364,5635516,226864,13393628,106127,19029144,
All CA Counties,2021-05-05,326400,31440444,203128,16658352,113365,13655510,9907,1126582,91737,5504593,233528,13627156,102605,19131749,
All CA Counties,2021-05-06,344995,31785439,225812,16884164,108846,13764356,10337,1136919,87879,5349697,255595,13882751,100699,19232448,
All CA Counties,2021-05-07,340529,32125968,213857,17098021,116950,13881306,9722,1146641,92755,5206885,246510,14129261,103698,19336146,
All CA Counties,2021-05-08,222142,32348110,140873,17238894,74614,13955920,6655,1153296,61059,5115909,160075,14289336,69099,19405245,
All CA Counties,2021-05-09,93021,32441131,69910,17308804,20136,13976056,2975,1156271,25487,5077705,67091,14356427,28887,19434132,
All CA Counties,2021-05-10,197663,32638794,113082,17421886,76894,14052950,7687,1163958,49331,4988493,147480,14503907,58268,19492400,
All CA Counties,2021-05-11,255967,32894761,144079,17565965,103910,14156860,7978,1171936,67425,4877856,187682,14691589,77045,19569445,
All CA Counties,2021-05-12,248141,33142902,143290,17709255,96789,14253649,8062,1179998,67880,4775482,179336,14870925,76962,19646407,
All CA Counties,2021-05-13,282515,33425417,181878,17891133,93977,14347626,6660,1186658,105235,4713346,176315,15047240,114179,19760586,
All CA Counties,2021-05-14,323128,33748545,206663,18097796,108118,14455744,8347,1195005,126793,4655310,195250,15242490,137214,19897800,
All CA Counties,2021-05-15,262060,34010605,183940,18281736,72782,14528526,5338,1200343,107532,4615400,153760,15396250,113850,20011650,
All CA Counties,2021-05-16,87178,34097783,68572,18350308,16603,14545129,2003,1202346,32845,4596388,54072,15450322,35060,20046710,
All CA Counties,2021-05-17,201708,34299491,128316,18478624,66868,14611997,6524,1208870,78420,4559571,122549,15572871,85732,20132442,
All CA Counties,2021-05-18,150801,34450292,92166,18570790,54328,14666325,4307,1213177,53867,4522066,96415,15669286,58910,20191352,
All CA and Non-CA Counties,2020-12-15,1142,1142,1142,1142,0,0,0,0,1142,1142,0,0,1142,1142,
All CA and Non-CA Counties,2020-12-16,8395,9537,8395,9537,0,0,0,0,8395,9537,0,0,8395,9537,
All CA and Non-CA Counties,2020-12-17,27342,36879,27342,36879,0,0,0,0,27342,36879,0,0,27342,36879,
All CA and Non-CA Counties,2020-12-18,46342,83221,46279,83158,63,63,0,0,46342,83221,0,0,46342,83221,
All CA and Non-CA Counties,2020-12-19,26338,109559,26314,109472,24,87,0,0,26337,109557,1,1,26337,109558,
All CA and Non-CA Counties,2020-12-20,19660,129219,19630,129102,30,117,0,0,19659,129215,1,2,19659,129217,
All CA and Non-CA Counties,2020-12-21,51747,180966,51662,180764,85,202,0,0,51745,180959,1,3,51745,180962,
All CA and Non-CA Counties,2020-12-22,51951,232917,49764,230528,2187,2389,0,0,51949,232907,1,4,51949,232911,
All CA and Non-CA Counties,2020-12-23,51811,284728,42959,273487,8852,11241,0,0,51807,284714,0,4,51807,284718,
All CA and Non-CA Counties,2020-12-24,24835,309563,16941,290428,7894,19135,0,0,24832,309545,1,5,24832,309550,
All CA and Non-CA Counties,2020-12-25,2369,311932,2044,292472,325,19460,0,0,2369,311914,0,5,2369,311919,
All CA and Non-CA Counties,2020-12-26,14923,326855,9643,302115,5280,24740,0,0,14922,326835,1,6,14922,326841,
All CA and Non-CA Counties,2020-12-27,9590,336445,5644,307759,3946,28686,0,0,9589,336423,1,7,9589,336430,
All CA and Non-CA Counties,2020-12-28,47126,383571,30209,337968,16917,45603,0,0,47123,383543,3,10,47123,383553,
All CA and Non-CA Counties,2020-12-29,52617,436188,29539,367507,23078,68681,0,0,52613,436153,3,13,52613,436166,
All CA and Non-CA Counties,2020-12-30,64957,501145,36933,404440,28024,96705,0,0,64949,501099,3,16,64949,501115,
All CA and Non-CA Counties,2020-12-31,30447,531592,11454,415894,18993,115698,0,0,30437,531530,6,22,30437,531552,
All CA and Non-CA Counties,2021-01-01,4181,535773,1829,417723,2352,118050,0,0,4177,535704,3,25,4177,535729,
All CA and Non-CA Counties,2021-01-02,18718,554491,10374,428097,8344,126394,0,0,18716,554419,1,26,18716,554445,
All CA and Non-CA Counties,2021-01-03,6336,560827,3584,431681,2752,129146,0,0,6307,560714,12,38,6307,560752,
All CA and Non-CA Counties,2021-01-04,44722,605549,22608,454289,22114,151260,0,0,44637,605308,43,81,44637,605389,
All CA and Non-CA Counties,2021-01-05,57958,663507,30529,484818,27429,178689,0,0,52322,652143,5579,5660,52414,657803,
All CA and Non-CA Counties,2021-01-06,76030,739537,42086,526904,33944,212633,0,0,59964,696253,15885,21545,59995,717798,
All CA and Non-CA Counties,2021-01-07,96110,835647,54861,581765,41249,253882,0,0,63867,728094,32075,53620,63916,781714,
All CA and Non-CA Counties,2021-01-08,111054,946701,66947,648712,44107,297989,0,0,68079,753402,42834,96454,68142,849856,
All CA and Non-CA Counties,2021-01-09,45530,992231,25996,674708,19534,317523,0,0,28713,765347,16795,113249,28740,878596,
All CA and Non-CA Counties,2021-01-10,24593,1016824,15021,689729,9572,327095,0,0,13244,767275,11333,124582,13261,891857,
All CA and Non-CA Counties,2021-01-11,107660,1124484,71466,761195,36194,363289,0,0,62583,784990,45036,169618,62751,954608,
All CA and Non-CA Counties,2021-01-12,116754,1241238,68918,830113,47836,411125,0,0,74242,817035,42428,212046,74473,1029081,
All CA and Non-CA Counties,2021-01-13,122439,1363677,63298,893411,59141,470266,0,0,87621,870003,34735,246781,87703,1116784,
All CA and Non-CA Counties,2021-01-14,127349,1491026,50866,944277,76483,546749,0,0,107165,957257,20067,266848,107321,1224105,
All CA and Non-CA Counties,2021-01-15,146216,1637242,53114,997391,93102,639851,0,0,130722,1072792,15388,282236,130923,1355028,
All CA and Non-CA Counties,2021-01-16,83092,1720334,27783,1025174,55309,695160,0,0,75390,1140556,7674,289910,75438,1430466,
All CA and Non-CA Counties,2021-01-17,48565,1768899,16947,1042121,31618,726778,0,0,44879,1181802,3679,293589,44925,1475391,
All CA and Non-CA Counties,2021-01-18,89360,1858259,46860,1088981,42500,769278,0,0,69707,1232094,19579,313168,69871,1545262,
All CA and Non-CA Counties,2021-01-19,145653,2003912,74749,1163730,70904,840182,0,0,113598,1314050,31963,345131,113919,1659181,
All CA and Non-CA Counties,2021-01-20,164059,2167971,83119,1246849,80940,921122,0,0,129466,1409395,34375,379506,129720,1788901,
All CA and Non-CA Counties,2021-01-21,177403,2345374,78203,1325052,99200,1020322,0,0,157789,1548129,19396,398902,158130,1947031,
All CA and Non-CA Counties,2021-01-22,174028,2519402,70417,1395469,103611,1123933,0,0,159390,1693157,14504,413406,159532,2106563,
All CA and Non-CA Counties,2021-01-23,113422,2632824,49825,1445294,63597,1187530,0,0,100695,1781295,12669,426075,100807,2207370,
All CA and Non-CA Counties,2021-01-24,61564,2694388,29744,1475038,31820,1219350,0,0,56851,1833518,4682,430757,56905,2264275,
All CA and Non-CA Counties,2021-01-25,148870,2843258,67300,1542338,81570,1300920,0,0,113061,1911245,35683,466440,113410,2377685,
All CA and Non-CA Counties,2021-01-26,174108,3017366,85691,1628029,88417,1389337,0,0,135996,2009519,37988,504428,136262,2513947,
All CA and Non-CA Counties,2021-01-27,184507,3201873,90580,1718609,93927,1483264,0,0,144707,2115039,39395,543823,144915,2658862,
All CA and Non-CA Counties,2021-01-28,192663,3394536,89296,1807905,103367,1586631,0,0,158143,2239154,34225,578048,158340,2817202,
All CA and Non-CA Counties,2021-01-29,187934,3582470,91287,1899192,96647,1683278,0,0,152684,2357317,34685,612733,152848,2970050,
All CA and Non-CA Counties,2021-01-30,127350,3709820,57682,1956874,69668,1752946,0,0,112104,2454474,15084,627817,112241,3082291,
All CA and Non-CA Counties,2021-01-31,72465,3782285,41741,1998615,30724,1783670,0,0,67318,2516748,5099,632916,67373,3149664,
All CA and Non-CA Counties,2021-02-01,164775,3947060,76298,2074913,88477,1872147,0,0,125293,2602845,39326,672242,125423,3275087,
All CA and Non-CA Counties,2021-02-02,192645,4139705,81568,2156481,111077,1983224,0,0,146165,2703119,46110,718352,146384,3421471,
All CA and Non-CA Counties,2021-02-03,218016,4357721,97642,2254123,120374,2103598,0,0,162930,2811718,54571,772923,163170,3584641,
All CA and Non-CA Counties,2021-02-04,234600,4592321,102203,2356326,132397,2235995,0,0,172926,2923875,61121,834044,173278,3757919,
All CA and Non-CA Counties,2021-02-05,252546,4844867,108726,2465052,143820,2379815,0,0,172771,3018144,79012,913056,173281,3931200,
All CA and Non-CA Counties,2021-02-06,159163,5004030,77047,2542099,82116,2461931,0,0,123991,3107627,34998,948054,124481,4055681,
All CA and Non-CA Counties,2021-02-07,69063,5073093,45100,2587199,23963,2485894,0,0,52508,3144113,16473,964527,52959,4108640,
All CA and Non-CA Counties,2021-02-08,185740,5258833,92081,2679280,93659,2579553,0,0,123357,3206281,61921,1026448,124089,4232729,
All CA and Non-CA Counties,2021-02-09,215261,5474094,103893,2783173,111368,2690921,0,0,129569,3251770,85225,1111673,130714,4363443,
All CA and Non-CA Counties,2021-02-10,253862,5727956,121775,2904948,132087,2823008,0,0,141141,3282545,111876,1223549,142651,4506094,
All CA and Non-CA Counties,2021-02-11,269302,5997258,133487,3038435,135815,2958823,0,0,148435,3312994,119779,1343328,150228,4656322,
All CA and Non-CA Counties,2021-02-12,276971,6274229,121133,3159568,155838,3114661,0,0,150171,3339559,125961,1469289,152526,4808848,
All CA and Non-CA Counties,2021-02-13,169071,6443300,77963,3237531,91108,3205769,0,0,94017,3360906,74631,1543920,95978,4904826,
All CA and Non-CA Counties,2021-02-14,96701,6540001,47967,3285498,48734,3254503,0,0,52749,3371406,43791,1587711,54291,4959117,
All CA and Non-CA Counties,2021-02-15,144697,6684698,64007,3349505,80690,3335193,0,0,79899,3390019,64407,1652118,83020,5042137,
All CA and Non-CA Counties,2021-02-16,254959,6939657,120857,3470362,134102,3469295,0,0,135809,3410140,118768,1770886,138889,5181026,
All CA and Non-CA Counties,2021-02-17,264475,7204132,131711,3602073,132764,3602059,0,0,130817,3411038,133114,1904000,134012,5315038,
All CA and Non-CA Counties,2021-02-18,278677,7482809,145843,3747916,132834,3734893,0,0,133747,3404772,144195,2048195,137929,5452967,
All CA and Non-CA Counties,2021-02-19,257988,7740797,150433,3898349,107555,3842448,0,0,132793,3414929,124694,2172889,134851,5587818,
All CA and Non-CA Counties,2021-02-20,155845,7896642,100514,3998863,55331,3897779,0,0,85255,3431824,70323,2243212,87218,5675036,
All CA and Non-CA Counties,2021-02-21,84490,7981132,70259,4069122,14231,3912010,0,0,42076,3433278,42157,2285369,43611,5718647,
All CA and Non-CA Counties,2021-02-22,166884,8148016,112262,4181384,54622,3966632,0,0,83624,3435668,82934,2368303,85324,5803971,
All CA and Non-CA Counties,2021-02-23,230897,8378913,122620,4304004,108277,4074909,0,0,107383,3426101,122929,2491232,113362,5917333,
All CA and Non-CA Counties,2021-02-24,288816,8667729,146384,4450388,142432,4217341,0,0,137211,3419867,150972,2642204,144738,6062071,
All CA and Non-CA Counties,2021-02-25,326227,8993956,160802,4611190,165425,4382766,0,0,170969,3444811,154542,2796746,179486,6241557,
All CA and Non-CA Counties,2021-02-26,358968,9352924,167899,4779089,191069,4573835,0,0,200854,3495788,157107,2953853,208084,6449641,
All CA and Non-CA Counties,2021-02-27,255777,9608701,124569,4903658,131188,4705023,20,20,143997,3533030,111173,3065026,148415,6598056,
All CA and Non-CA Counties,2021-02-28,132786,9741487,79782,4983440,52998,4758021,6,26,76982,3557494,55357,3120383,79821,6677877,
All CA and Non-CA Counties,2021-03-01,243940,9985427,130718,5114158,113146,4871167,76,102,139399,3597108,103837,3224220,143451,6821328,
All CA and Non-CA Counties,2021-03-02,294839,10280266,148374,5262532,146448,5017615,17,119,176326,3662298,118012,3342232,183202,7004530,
All CA and Non-CA Counties,2021-03-03,338800,10619066,167386,5429918,171365,5188980,49,168,193466,3718429,144653,3486885,200784,7205314,
All CA and Non-CA Counties,2021-03-04,357037,10976103,180538,5610456,176407,5365387,92,260,208260,3785751,148030,3634915,215352,7420666,
All CA and Non-CA Counties,2021-03-05,343183,11319286,169260,5779716,172791,5538178,1132,1392,213365,3878444,129023,3763938,221716,7642382,
All CA and Non-CA Counties,2021-03-06,262763,11582049,134804,5914520,120006,5658184,7953,9345,162754,3954241,99593,3863531,175390,7817772,
All CA and Non-CA Counties,2021-03-07,128160,11710209,78671,5993191,45365,5703549,4124,13469,80089,3994229,47889,3911420,87877,7905649,
All CA and Non-CA Counties,2021-03-08,218788,11928997,105548,6098739,102611,5806160,10629,24098,142832,4077095,75553,3986973,158419,8064068,
All CA and Non-CA Counties,2021-03-09,271480,12200477,118146,6216885,137175,5943335,16159,40257,146681,4119663,124322,4111295,166890,8230958,
All CA and Non-CA Counties,2021-03-10,318450,12518927,156038,6372923,137573,6080908,24839,65096,171166,4173208,146627,4257922,200172,8431130,
All CA and Non-CA Counties,2021-03-11,380912,12899839,184370,6557293,162597,6243505,33945,99041,195896,4223184,184086,4442008,234062,8665192,
All CA and Non-CA Counties,2021-03-12,396518,13296357,177009,6734302,172722,6416227,46787,145828,194407,4267078,201326,4643334,245220,8910412,
All CA and Non-CA Counties,2021-03-13,282681,13579038,124292,6858594,126940,6543167,31449,177277,152615,4325777,129615,4772949,188314,9098726,
All CA and Non-CA Counties,2021-03-14,154544,13733582,82470,6941064,56864,6600031,15210,192487,78524,4346034,75743,4848692,96000,9194726,
All CA and Non-CA Counties,2021-03-15,291946,14025528,139109,7080173,132000,6732031,20837,213324,158939,4396903,132285,4980977,183154,9377880,
All CA and Non-CA Counties,2021-03-16,374836,14400364,176348,7256521,180993,6913024,17495,230819,217385,4478246,156729,5137706,238072,9615952,
All CA and Non-CA Counties,2021-03-17,388347,14788711,192788,7449309,176829,7089853,18730,249549,240542,4593016,147015,5284721,261785,9877737,
All CA and Non-CA Counties,2021-03-18,405248,15193959,207715,7657024,179239,7269092,18294,267843,241548,4692290,162637,5447358,261911,10139648,
All CA and Non-CA Counties,2021-03-19,412281,15606240,216160,7873184,174198,7443290,21923,289766,241265,4787377,170073,5617431,265160,10404808,
All CA and Non-CA Counties,2021-03-20,294979,15901219,155165,8028349,124035,7567325,15779,305545,187615,4885504,106707,5724138,204834,10609642,
All CA and Non-CA Counties,2021-03-21,143446,16044665,98669,8127018,37302,7604627,7475,313020,90692,4932607,52415,5776553,99518,10709160,
All CA and Non-CA Counties,2021-03-22,273972,16318637,159305,8286323,103605,7708232,11062,324082,180039,5033505,93203,5869756,194101,10903261,
All CA and Non-CA Counties,2021-03-23,360425,16679062,197567,8483890,151752,7859984,11106,335188,223074,5133783,136466,6006222,236744,11140005,
All CA and Non-CA Counties,2021-03-24,391150,17070212,223377,8707267,155185,8015169,12588,347776,229539,5217580,160430,6166652,244227,11384232,
All CA and Non-CA Counties,2021-03-25,421877,17492089,231364,8938631,175595,8190764,14918,362694,242006,5298051,178614,6345266,259085,11643317,
All CA and Non-CA Counties,2021-03-26,435849,17927938,232365,9170996,187519,8378283,15965,378659,237891,5357969,196784,6542050,256702,11900019,
All CA and Non-CA Counties,2021-03-27,313374,18241312,166459,9337455,135359,8513642,11556,390215,160352,5379888,152240,6694290,174159,12074178,
All CA and Non-CA Counties,2021-03-28,169409,18410721,107827,9445282,57853,8571495,3729,393944,91426,5399412,77539,6771829,97063,12171241,
All CA and Non-CA Counties,2021-03-29,312253,18722974,167857,9613139,135508,8707003,8888,402832,177745,5454735,133794,6905623,189117,12360358,
All CA and Non-CA Counties,2021-03-30,401235,19124209,202885,9816024,180041,8887044,18309,421141,243686,5561711,156820,7062443,263796,12624154,
All CA and Non-CA Counties,2021-03-31,427467,19551676,232351,10048375,173100,9060144,22016,443157,244866,5647999,181669,7244112,267957,12892111,
All CA and Non-CA Counties,2021-04-01,493182,20044858,253377,10301752,199995,9260139,39810,482967,274107,5745341,217933,7462045,315275,13207386,
All CA and Non-CA Counties,2021-04-02,474764,20519622,231837,10533589,199787,9459926,43140,526107,258803,5834295,214814,7676859,303768,13511154,
All CA and Non-CA Counties,2021-04-03,331273,20850895,168698,10702287,120955,9580881,41620,567727,166630,5879775,164045,7840904,209525,13720679,
All CA and Non-CA Counties,2021-04-04,133888,20984783,69790,10772077,44907,9625788,19191,586918,59969,5885491,73653,7914557,79369,13800048,
All CA and Non-CA Counties,2021-04-05,354194,21338977,182291,10954368,132051,9757839,39852,626770,176096,5926481,177467,8092024,218457,14018505,
All CA and Non-CA Counties,2021-04-06,461471,21800448,234432,11188800,160470,9918309,66569,693339,225026,5984464,235577,8327601,293560,14312065,
All CA and Non-CA Counties,2021-04-07,475795,22276243,247895,11436695,156984,10075293,70916,764255,232873,6047262,242048,8569649,304846,14616911,
All CA and Non-CA Counties,2021-04-08,501717,22777960,253806,11690501,162644,10237937,85267,849522,237024,6108136,263639,8833288,324513,14941424,
All CA and Non-CA Counties,2021-04-09,495299,23273259,246903,11937404,167547,10405484,80849,930371,229097,6155893,265223,9098511,312980,15254404,
All CA and Non-CA Counties,2021-04-10,368617,23641876,169403,12106807,124181,10529665,75033,1005404,155311,6176264,212629,9311140,233000,15487404,
All CA and Non-CA Counties,2021-04-11,188916,23830792,105957,12212764,48408,10578073,34551,1039955,78880,6182799,109710,9420850,116245,15603649,
All CA and Non-CA Counties,2021-04-12,340829,24171621,175370,12388134,127271,10705344,38188,1078143,158820,6202183,181122,9601972,200506,15804155,
All CA and Non-CA Counties,2021-04-13,434860,24606481,243929,12632063,189983,10895327,948,1079091,243476,6259126,190462,9792434,247405,16051560,
All CA and Non-CA Counties,2021-04-14,452415,25058896,254398,12886461,197738,11093065,279,1079370,237830,6288172,213508,10005942,242554,16294114,
All CA and Non-CA Counties,2021-04-15,494097,25552993,288276,13174737,205576,11298641,245,1079615,277698,6353855,215008,10220950,280691,16574805,
All CA and Non-CA Counties,2021-04-16,477526,26030519,269340,13444077,207875,11506516,311,1079926,256273,6392684,220139,10441089,258968,16833773,
All CA and Non-CA Counties,2021-04-17,343939,26374458,193026,13637103,150871,11657387,42,1079968,196673,6445961,146545,10587634,199822,17033595,
All CA and Non-CA Counties,2021-04-18,155650,26530108,98671,13735774,56962,11714349,17,1079985,80710,6455096,74569,10662203,83704,17117299,
All CA and Non-CA Counties,2021-04-19,320247,26850355,184756,13920530,135406,11849755,85,1080070,152258,6442130,167167,10829370,154201,17271500,
All CA and Non-CA Counties,2021-04-20,409271,27259626,217890,14138420,191324,12041079,57,1080127,204016,6444931,204308,11033678,207109,17478609,
All CA and Non-CA Counties,2021-04-21,423504,27683130,239703,14378123,183543,12224622,258,1080385,203709,6433465,218501,11252179,207035,17685644,
All CA and Non-CA Counties,2021-04-22,449647,28132777,256739,14634862,192829,12417451,79,1080464,200822,6389986,247536,11499715,204057,17889701,
All CA and Non-CA Counties,2021-04-23,439690,28572467,251406,14886268,188200,12605651,84,1080548,200110,6355148,238296,11738011,203458,18093159,
All CA and Non-CA Counties,2021-04-24,325191,28897658,206243,15092511,118785,12724436,163,1080711,165556,6365329,158745,11896756,168926,18262085,
All CA and Non-CA Counties,2021-04-25,150986,29048644,99639,15192150,51280,12775716,67,1080778,81272,6378768,69304,11966060,82743,18344828,
All CA and Non-CA Counties,2021-04-26,281889,29330533,165371,15357521,115053,12890769,1465,1082243,122507,6348561,158501,12124561,128294,18473122,
All CA and Non-CA Counties,2021-04-27,352498,29683031,195495,15553016,151336,13042105,5667,1087910,142173,6290110,209291,12333852,150840,18623962,
All CA and Non-CA Counties,2021-04-28,349854,30032885,199975,15752991,141725,13183830,8154,1096064,142266,6236192,206618,12540470,152700,18776662,
All CA and Non-CA Counties,2021-04-29,358801,30391686,206602,15959593,143993,13327823,8206,1104270,129585,6147658,228146,12768616,139612,18916274,
All CA and Non-CA Counties,2021-04-30,372573,30764259,214027,16173620,149387,13477210,9159,1113429,141138,6069552,230303,12998919,152197,19068471,
All CA and Non-CA Counties,2021-05-01,248011,31012270,158583,16332203,83002,13560212,6426,1119855,90437,6011738,156884,13155803,99070,19167541,
All CA and Non-CA Counties,2021-05-02,117149,31129419,81319,16413522,31889,13592101,3941,1123796,41614,5982494,75165,13230968,45921,19213462,
All CA and Non-CA Counties,2021-05-03,253060,31382479,156372,16569894,87795,13679896,8893,1132689,76983,5893921,175292,13406260,86719,19300181,
All CA and Non-CA Counties,2021-05-04,327477,31709956,199635,16769529,117771,13797667,10071,1142760,97134,5772916,229347,13635607,108342,19408523,
All CA and Non-CA Counties,2021-05-05,331041,32040997,205865,16975394,114901,13912568,10275,1153035,93657,5641572,236240,13871847,104896,19513419,
All CA and Non-CA Counties,2021-05-06,349520,32390517,228666,17204060,110181,14022749,10673,1163708,89634,5486002,258359,14130206,102789,19616208,
All CA and Non-CA Counties,2021-05-07,345426,32735943,216770,17420830,118554,14141303,10102,1173810,94726,5342628,249424,14379630,106050,19722258,
All CA and Non-CA Counties,2021-05-08,225732,32961675,143343,17564173,75486,14216789,6903,1180713,62602,5251460,162059,14541689,70891,19793149,
All CA and Non-CA Counties,2021-05-09,94418,33056093,70808,17634981,20507,14237296,3103,1183816,26083,5213198,67872,14609561,29610,19822759,
All CA and Non-CA Counties,2021-05-10,200358,33256451,114334,17749315,78011,14315307,8013,1191829,50416,5123808,149071,14758632,59681,19882440,
All CA and Non-CA Counties,2021-05-11,258919,33515370,145560,17894875,105100,14420407,8259,1200088,68674,5013001,189383,14948015,78576,19961016,
All CA and Non-CA Counties,2021-05-12,251245,33766615,144812,18039687,98050,14518457,8383,1208471,69234,4910556,181081,15129096,78636,20039652,
All CA and Non-CA Counties,2021-05-13,286075,34052690,184046,18223733,95147,14613604,6882,1215353,106876,4848373,178226,15307322,116043,20155695,
All CA and Non-CA Counties,2021-05-14,327572,34380262,209387,18433120,109573,14723177,8612,1223965,128964,4790508,197514,15504836,139649,20295344,
All CA and Non-CA Counties,2021-05-15,265736,34645998,186403,18619523,73840,14797017,5493,1229458,109139,4750298,155822,15660658,115612,20410956,
All CA and Non-CA Counties,2021-05-16,88074,34734072,69192,18688715,16829,14813846,2053,1231511,33302,4731354,54511,15715169,35567,20446523,
All CA and Non-CA Counties,2021-05-17,204825,34938897,129905,18818620,68171,14882017,6749,1238260,79905,4694619,124178,15839347,87443,20533966,
All CA and Non-CA Counties,2021-05-18,152449,35091346,93052,18911672,54970,14936987,4427,1242687,54581,4657015,97344,15936691,59740,20593706,
Outside California,2020-12-15,7,7,7,7,0,0,0,0,7,7,0,0,7,7,Not in California
Outside California,2020-12-16,268,275,268,275,0,0,0,0,268,275,0,0,268,275,Not in California
Outside California,2020-12-17,1598,1873,1598,1873,0,0,0,0,1598,1873,0,0,1598,1873,Not in California
Outside California,2020-12-18,2554,4427,2547,4420,7,7,0,0,2554,4427,0,0,2554,4427,Not in California
Outside California,2020-12-19,1037,5464,1036,5456,1,8,0,0,1037,5464,0,0,1037,5464,Not in California
Outside California,2020-12-20,674,6138,671,6127,3,11,0,0,674,6138,0,0,674,6138,Not in California
Outside California,2020-12-21,2181,8319,2178,8305,3,14,0,0,2181,8319,0,0,2181,8319,Not in California
Outside California,2020-12-22,2057,10376,1984,10289,73,87,0,0,2057,10376,0,0,2057,10376,Not in California
Outside California,2020-12-23,1516,11892,1382,11671,134,221,0,0,1516,11892,0,0,1516,11892,Not in California
Outside California,2020-12-24,803,12695,611,12282,192,413,0,0,803,12695,0,0,803,12695,Not in California
Outside California,2020-12-25,33,12728,29,12311,4,417,0,0,33,12728,0,0,33,12728,Not in California
Outside California,2020-12-26,306,13034,203,12514,103,520,0,0,306,13034,0,0,306,13034,Not in California
Outside California,2020-12-27,190,13224,74,12588,116,636,0,0,190,13224,0,0,190,13224,Not in California
Outside California,2020-12-28,1412,14636,893,13481,519,1155,0,0,1412,14636,0,0,1412,14636,Not in California
Outside California,2020-12-29,1551,16187,1017,14498,534,1689,0,0,1551,16187,0,0,1551,16187,Not in California
Outside California,2020-12-30,1919,18106,1228,15726,691,2380,0,0,1919,18106,0,0,1919,18106,Not in California
Outside California,2020-12-31,1118,19224,599,16325,519,2899,0,0,1117,19222,1,1,1117,19223,Not in California
Outside California,2021-01-01,112,19336,24,16349,88,2987,0,0,112,19334,0,1,112,19335,Not in California
Outside California,2021-01-02,238,19574,132,16481,106,3093,0,0,237,19570,1,2,237,19572,Not in California
Outside California,2021-01-03,168,19742,89,16570,79,3172,0,0,168,19738,0,2,168,19740,Not in California
Outside California,2021-01-04,1151,20893,515,17085,636,3808,0,0,1146,20883,1,3,1146,20886,Not in California
Outside California,2021-01-05,1542,22435,812,17897,730,4538,0,0,1351,22046,189,192,1352,22238,Not in California
Outside California,2021-01-06,2707,25142,1597,19494,1110,5648,0,0,1974,23290,730,922,1974,24212,Not in California
Outside California,2021-01-07,4138,29280,2531,22025,1607,7255,0,0,2485,24126,1651,2573,2487,26699,Not in California
Outside California,2021-01-08,4511,33791,2917,24942,1594,8849,0,0,2635,24898,1866,4439,2638,29337,Not in California
Outside California,2021-01-09,1318,35109,527,25469,791,9640,0,0,993,25569,324,4763,995,30332,Not in California
Outside California,2021-01-10,304,35413,182,25651,122,9762,0,0,183,25631,121,4884,183,30515,Not in California
Outside California,2021-01-11,3299,38712,2006,27657,1293,11055,0,0,1972,26276,1327,6211,1972,32487,Not in California
Outside California,2021-01-12,3877,42589,2314,29971,1563,12618,0,0,2338,27080,1535,7746,2339,34826,Not in California
Outside California,2021-01-13,3690,46279,1807,31778,1883,14501,0,0,2516,28425,1174,8920,2519,37345,Not in California
Outside California,2021-01-14,3730,50009,1271,33049,2459,16960,0,0,3091,30892,626,9546,3093,40438,Not in California
Outside California,2021-01-15,4258,54267,992,34041,3266,20226,0,0,3791,34229,454,10000,3791,44229,Not in California
Outside California,2021-01-16,2692,56959,381,34422,2311,22537,0,0,2524,36587,166,10166,2524,46753,Not in California
Outside California,2021-01-17,495,57454,150,34572,345,22882,0,0,445,36982,50,10216,445,47198,Not in California
Outside California,2021-01-18,1199,58653,770,35342,429,23311,0,0,742,37269,456,10672,743,47941,Not in California
Outside California,2021-01-19,4033,62686,1320,36662,2713,26024,0,0,3142,39523,891,11563,3145,51086,Not in California
Outside California,2021-01-20,4388,67074,1408,38070,2980,29004,0,0,3456,42051,929,12492,3457,54543,Not in California
Outside California,2021-01-21,4128,71202,1124,39194,3004,32008,0,0,3565,45068,548,13040,3565,58108,Not in California
Outside California,2021-01-22,4616,75818,1078,40272,3538,35546,0,0,4221,48899,391,13431,4222,62330,Not in California
Outside California,2021-01-23,2249,78067,333,40605,1916,37462,0,0,2086,50822,163,13594,2086,64416,Not in California
Outside California,2021-01-24,603,78670,245,40850,358,37820,0,0,526,51271,77,13671,526,64942,Not in California
Outside California,2021-01-25,4463,83133,1962,42812,2501,40321,0,0,3595,54002,865,14536,3596,68538,Not in California
Outside California,2021-01-26,5938,89071,2888,45700,3050,43371,0,0,5091,58254,846,15382,5098,73636,Not in California
Outside California,2021-01-27,4821,93892,2678,48378,2143,45514,0,0,4203,61844,614,15996,4204,77840,Not in California
Outside California,2021-01-28,5283,99175,2877,51255,2406,47920,0,0,4755,66082,517,16513,4755,82595,Not in California
Outside California,2021-01-29,4936,104111,3094,54349,1842,49762,0,0,4152,69457,779,17292,4154,86749,Not in California
Outside California,2021-01-30,4500,108611,2458,56807,2042,51804,0,0,4273,73507,224,17516,4274,91023,Not in California
Outside California,2021-01-31,3162,111773,2744,59551,418,52222,0,0,3105,76557,56,17572,3106,94129,Not in California
Outside California,2021-02-01,5479,117252,2567,62118,2912,55134,0,0,4784,80654,687,18259,4784,98913,Not in California
Outside California,2021-02-02,6759,124011,2169,64287,4590,59724,0,0,6033,85968,719,18978,6033,104946,Not in California
Outside California,2021-02-03,7324,131335,2089,66376,5235,64959,0,0,6452,91557,864,19842,6453,111399,Not in California
Outside California,2021-02-04,6806,138141,2183,68559,4623,69582,0,0,5814,96389,983,20825,5815,117214,Not in California
Outside California,2021-02-05,6814,144955,2233,70792,4581,74163,0,0,5745,101069,1065,21890,5745,122959,Not in California
Outside California,2021-02-06,4477,149432,2195,72987,2282,76445,0,0,4013,104630,455,22345,4016,126975,Not in California
Outside California,2021-02-07,2262,151694,1877,74864,385,76830,0,0,2184,106738,78,22423,2186,129161,Not in California
Outside California,2021-02-08,5425,157119,3458,78322,1967,78797,0,0,4363,110050,1051,23474,4363,133524,Not in California
Outside California,2021-02-09,4350,161469,1977,80299,2373,81170,0,0,3041,111807,1298,24772,3055,136579,Not in California
Outside California,2021-02-10,5625,167094,1956,82255,3669,84839,0,0,3182,112597,2435,27207,3225,139804,Not in California
Outside California,2021-02-11,4881,171975,2281,84536,2600,87439,0,0,3558,114861,1312,28519,3576,143380,Not in California
Outside California,2021-02-12,5252,177227,1959,86495,3293,90732,0,0,3430,116480,1815,30334,3434,146814,Not in California
Outside California,2021-02-13,2433,179660,729,87224,1704,92436,0,0,1888,117835,545,30879,1900,148714,Not in California
Outside California,2021-02-14,1346,181006,422,87646,924,93360,0,0,1105,118704,238,31117,1107,149821,Not in California
Outside California,2021-02-15,2559,183565,1545,89191,1014,94374,0,0,1237,118636,1309,32426,1241,151062,Not in California
Outside California,2021-02-16,6449,190014,2899,92090,3550,97924,0,0,2633,117470,3805,36231,2639,153701,Not in California
Outside California,2021-02-17,5968,195982,2997,95087,2971,100895,0,0,1873,115257,4090,40321,1877,155578,Not in California
Outside California,2021-02-18,6450,202432,3731,98818,2719,103614,0,0,2073,112972,4359,44680,2074,157652,Not in California
Outside California,2021-02-19,5751,208183,3982,102800,1769,105383,0,0,2437,112102,3308,47988,2438,160090,Not in California
Outside California,2021-02-20,3364,211547,2709,105509,655,106038,0,0,1254,111251,2106,50094,1255,161345,Not in California
Outside California,2021-02-21,2824,214371,2607,108116,217,106255,0,0,850,110132,1969,52063,850,162195,Not in California
Outside California,2021-02-22,3476,217847,2544,110660,932,107187,0,0,1628,109919,1846,53909,1633,163828,Not in California
Outside California,2021-02-23,6046,223893,3386,114046,2660,109847,0,0,2370,108634,3669,57578,2384,166212,Not in California
Outside California,2021-02-24,6430,230323,3543,117589,2887,112734,0,0,2504,107222,3921,61499,2509,168721,Not in California
Outside California,2021-02-25,6930,237253,3510,121099,3420,116154,0,0,3148,106623,3751,65250,3152,171873,Not in California
Outside California,2021-02-26,6833,244086,3630,124729,3203,119357,0,0,3186,106242,3568,68818,3187,175060,Not in California
Outside California,2021-02-27,5525,249611,2793,127522,2731,122088,1,1,1886,104507,3628,72446,1893,176953,Not in California
Outside California,2021-02-28,2448,252059,1789,129311,658,122746,1,2,801,103665,1645,74091,803,177756,Not in California
Outside California,2021-03-01,5006,257065,3205,132516,1800,124546,1,3,1343,101359,3655,77746,1349,179105,Not in California
Outside California,2021-03-02,6801,263866,2550,135066,4251,128797,0,3,2074,98720,4715,82461,2076,181181,Not in California
Outside California,2021-03-03,7882,271748,3081,138147,4799,133596,2,5,2639,96134,5231,87692,2645,183826,Not in California
Outside California,2021-03-04,6809,278557,2917,141064,3888,137484,4,9,2308,93963,4485,92177,2314,186140,Not in California
Outside California,2021-03-05,5294,283851,2698,143762,2581,140065,15,24,2718,94136,2568,94745,2741,188881,Not in California
Outside California,2021-03-06,4608,288459,2145,145907,2308,142373,155,179,2339,94371,2267,97012,2502,191383,Not in California
Outside California,2021-03-07,1589,290048,1017,146924,519,142892,53,232,966,94770,622,97634,1021,192404,Not in California
Outside California,2021-03-08,3029,293077,1767,148691,1018,143910,244,476,2133,96287,867,98501,2384,194788,Not in California
Outside California,2021-03-09,4285,297362,2021,150712,1945,145855,319,795,2437,97199,1844,100345,2756,197544,Not in California
Outside California,2021-03-10,4204,301566,1928,152640,1767,147622,509,1304,2534,98589,1660,102005,3050,200594,Not in California
Outside California,2021-03-11,6140,307706,3126,155766,2335,149957,679,1983,3305,99745,2829,104834,3985,204579,Not in California
Outside California,2021-03-12,6328,314034,3779,159545,1823,151780,726,2709,3477,101105,2844,107678,4204,208783,Not in California
Outside California,2021-03-13,3723,317757,2146,161691,1114,152894,463,3172,2556,102968,1159,108837,3022,211805,Not in California
Outside California,2021-03-14,1758,319515,900,162591,533,153427,325,3497,972,103480,786,109623,1298,213103,Not in California
Outside California,2021-03-15,3925,323440,2018,164609,1461,154888,446,3943,2062,104135,1857,111480,2512,215615,Not in California
Outside California,2021-03-16,7449,330889,4343,168952,2738,157626,368,4311,4135,105323,3312,114792,4500,220115,Not in California
Outside California,2021-03-17,8335,339224,5369,174321,2598,160224,368,4679,4995,107351,3336,118128,5364,225479,Not in California
Outside California,2021-03-18,8144,347368,4993,179314,2627,162851,524,5203,4698,109135,3438,121566,5222,230701,Not in California
Outside California,2021-03-19,7261,354629,4294,183608,2429,165280,538,5741,4363,111145,2894,124460,4904,235605,Not in California
Outside California,2021-03-20,4680,359309,3058,186666,1537,166817,85,5826,3575,113707,1098,125558,3660,239265,Not in California
Outside California,2021-03-21,2003,361312,1353,188019,563,167380,87,5913,1601,114995,400,125958,1688,240953,Not in California
Outside California,2021-03-22,3222,364534,1942,189961,1194,168574,86,5999,2214,116293,1002,126960,2300,243253,Not in California
Outside California,2021-03-23,5992,370526,3053,193014,2667,171241,272,6271,4093,118774,1885,128845,4366,247619,Not in California
Outside California,2021-03-24,7257,377783,3734,196748,3100,174341,423,6694,5058,122061,2192,131037,5479,253098,Not in California
Outside California,2021-03-25,8200,385983,3824,200572,3888,178229,488,7182,6004,126369,2184,133221,6492,259590,Not in California
Outside California,2021-03-26,6581,392564,3464,204036,2946,181175,171,7353,4370,128725,2184,135405,4540,264130,Not in California
Outside California,2021-03-27,5303,397867,3045,207081,2150,183325,108,7461,3404,130345,1890,137295,3510,267640,Not in California
Outside California,2021-03-28,3024,400891,1597,208678,1269,184594,158,7619,2000,131484,1019,138314,2158,269798,Not in California
Outside California,2021-03-29,5065,405956,2256,210934,2477,187071,332,7951,2983,132721,2080,140394,3317,273115,Not in California
Outside California,2021-03-30,6773,412729,3560,214494,2668,189739,545,8496,4184,134878,2579,142973,4736,277851,Not in California
Outside California,2021-03-31,6216,418945,3727,218221,1725,191464,764,9260,3494,136416,2717,145690,4255,282106,Not in California
Outside California,2021-04-01,7395,426340,4445,222666,2326,193790,624,9884,4309,138267,3077,148767,4928,287034,Not in California
Outside California,2021-04-02,8307,434647,4404,227070,2779,196569,1124,11008,4353,139797,3948,152715,5478,292512,Not in California
Outside California,2021-04-03,6082,440729,3612,230682,1323,197892,1147,12155,3190,141252,2884,155599,4339,296851,Not in California
Outside California,2021-04-04,1783,442512,875,231557,670,198562,238,12393,994,141694,788,156387,1230,298081,Not in California
Outside California,2021-04-05,4058,446570,2013,233570,1392,199954,653,13046,1966,142225,2088,158475,2619,300700,Not in California
Outside California,2021-04-06,6905,453475,3722,237292,1624,201578,1559,14605,2816,142521,4075,162550,4371,305071,Not in California
Outside California,2021-04-07,8089,461564,4638,241930,1781,203359,1670,16275,3189,142478,4892,167442,4849,309920,Not in California
Outside California,2021-04-08,7977,469541,4233,246163,1844,205203,1900,18175,3199,142799,4770,172212,5091,315011,Not in California
Outside California,2021-04-09,7407,476948,3831,249994,1660,206863,1916,20091,2895,143107,4505,176717,4813,319824,Not in California
Outside California,2021-04-10,6071,483019,3063,253057,1162,208025,1846,21937,1748,142378,4318,181035,3589,323413,Not in California
Outside California,2021-04-11,2819,485838,1532,254589,653,208678,634,22571,1019,142234,1798,182833,1654,325067,Not in California
Outside California,2021-04-12,4009,489847,2235,256824,1239,209917,535,23106,1780,142326,2222,185055,2314,327381,Not in California
Outside California,2021-04-13,5517,495364,3504,260328,1990,211907,23,23129,2780,142398,2731,187786,2803,330184,Not in California
Outside California,2021-04-14,5126,500490,3196,263524,1927,213834,3,23132,2786,142852,2335,190121,2789,332973,Not in California
Outside California,2021-04-15,6104,506594,3789,267313,2309,216143,6,23138,3309,143425,2743,192864,3316,336289,Not in California
Outside California,2021-04-16,5839,512433,3309,270622,2523,218666,7,23145,3288,144180,2542,195406,3297,339586,Not in California
Outside California,2021-04-17,5190,517623,3067,273689,2122,220788,1,23146,2967,144932,2215,197621,2967,342553,Not in California
Outside California,2021-04-18,2077,519700,1161,274850,915,221703,1,23147,992,144846,1080,198701,994,343547,Not in California
Outside California,2021-04-19,4164,523864,1990,276840,2173,223876,1,23148,2191,145077,1963,200664,2194,345741,Not in California
Outside California,2021-04-20,5374,529238,2459,279299,2915,226791,0,23148,2245,144201,3121,203785,2245,347986,Not in California
Outside California,2021-04-21,6327,535565,2643,281942,3681,230472,3,23151,2279,142453,4031,207816,2283,350269,Not in California
Outside California,2021-04-22,7023,542588,3741,285683,3279,233751,3,23154,2804,141052,4209,212025,2808,353077,Not in California
Outside California,2021-04-23,6092,548680,3196,288879,2895,236646,1,23155,2704,140385,3374,215399,2707,355784,Not in California
Outside California,2021-04-24,4903,553583,3422,292301,1477,238123,4,23159,2216,139927,2681,218080,2223,358007,Not in California
Outside California,2021-04-25,2171,555754,1296,293597,873,238996,2,23161,1134,140032,1033,219113,1138,359145,Not in California
Outside California,2021-04-26,3656,559410,1644,295241,1990,240986,22,23183,1674,139754,1974,221087,1696,360841,Not in California
Outside California,2021-04-27,5272,564682,1892,297133,3089,244075,291,23474,1995,138777,3268,224355,2291,363132,Not in California
Outside California,2021-04-28,4908,569590,2109,299242,2403,246478,396,23870,2010,138298,2887,227242,2408,365540,Not in California
Outside California,2021-04-29,4946,574536,2285,301527,2228,248706,433,24303,1972,137750,2954,230196,2406,367946,Not in California
Outside California,2021-04-30,4983,579519,2464,303991,2093,250799,426,24729,1985,137175,2987,233183,2412,370358,Not in California
Outside California,2021-05-01,3234,582753,1914,305905,892,251691,428,25157,1360,137097,1865,235048,1787,372145,Not in California
Outside California,2021-05-02,1875,584628,1095,307000,657,252348,123,25280,860,137067,1013,236061,983,373128,Not in California
Outside California,2021-05-03,2996,587624,1754,308754,964,253312,278,25558,1270,136894,1721,237782,1548,374676,Not in California
Outside California,2021-05-04,4238,591862,2423,311177,1373,254685,442,26000,1765,136633,2467,240249,2206,376882,Not in California
Outside California,2021-05-05,4612,596474,2726,313903,1519,256204,367,26367,1906,136212,2697,242946,2276,379158,Not in California
Outside California,2021-05-06,4504,600978,2842,316745,1328,257532,334,26701,1746,135539,2752,245698,2079,381237,Not in California
Outside California,2021-05-07,4871,605849,2899,319644,1594,259126,378,27079,1960,134979,2899,248597,2339,383576,Not in California
Outside California,2021-05-08,3574,609423,2460,322104,868,259994,246,27325,1536,134786,1976,250573,1783,385359,Not in California
Outside California,2021-05-09,1379,610802,893,322997,362,260356,124,27449,588,134726,771,251344,711,386070,Not in California
Outside California,2021-05-10,2677,613479,1241,324238,1111,261467,325,27774,1082,134558,1577,252921,1409,387479,Not in California
Outside California,2021-05-11,2848,616327,1414,325652,1164,262631,270,28044,1162,134307,1684,254605,1433,388912,Not in California
Outside California,2021-05-12,2836,619163,1324,326976,1219,263850,293,28337,1142,134052,1689,256294,1434,390346,Not in California
Outside California,2021-05-13,3257,622420,1939,328915,1102,264952,216,28553,1372,133763,1877,258171,1588,391934,Not in California
Outside California,2021-05-14,3993,626413,2351,331266,1384,266336,258,28811,1757,133549,2229,260400,2015,393949,Not in California
Outside California,2021-05-15,3275,629688,2141,333407,984,267320,150,28961,1245,132921,2023,262423,1395,395344,Not in California
Outside California,2021-05-16,880,630568,610,334017,220,267540,50,29011,443,132977,437,262860,493,395837,Not in California
Outside California,2021-05-17,2796,633364,1369,335386,1214,268754,213,29224,1196,132789,1597,264457,1409,397246,Not in California
Outside California,2021-05-18,1648,635012,886,336272,642,269396,120,29344,714,132690,929,265386,830,398076,Not in California
Unknown,2020-12-17,2,2,2,2,0,0,0,0,0,0,0,0,0,0,Not in California
Unknown,2020-12-18,1,3,1,3,0,0,0,0,0,0,0,0,0,0,Not in California
Unknown,2020-12-21,5,8,5,8,0,0,0,0,0,0,0,0,0,0,Not in California
Unknown,2020-12-28,4,12,4,12,0,0,0,0,3,3,0,0,3,3,Not in California
Unknown,2020-12-29,3,15,3,15,0,0,0,0,3,6,0,0,3,6,Not in California
Unknown,2020-12-30,56,71,56,71,0,0,0,0,56,62,0,0,56,62,Not in California
Unknown,2020-12-31,1,72,0,71,1,1,0,0,0,62,0,0,0,62,Not in California
Unknown,2021-01-02,1,73,0,71,1,2,0,0,1,63,0,0,1,63,Not in California
Unknown,2021-01-04,3,76,3,74,0,2,0,0,2,65,0,0,2,65,Not in California
Unknown,2021-01-06,5,81,4,78,1,3,0,0,5,70,0,0,5,70,Not in California
Unknown,2021-01-07,70,151,69,147,1,4,0,0,70,140,0,0,70,140,Not in California
Unknown,2021-01-09,2,153,2,149,0,4,0,0,3,143,0,0,3,143,Not in California
Unknown,2021-01-11,19,172,19,168,0,4,0,0,18,161,0,0,18,161,Not in California
Unknown,2021-01-12,9,181,8,176,1,5,0,0,7,168,1,1,8,169,Not in California
Unknown,2021-01-13,11,192,11,187,0,5,0,0,11,179,0,1,11,180,Not in California
Unknown,2021-01-14,3,195,3,190,0,5,0,0,3,182,0,1,3,183,Not in California
Unknown,2021-01-15,5,200,4,194,1,6,0,0,5,187,0,1,5,188,Not in California
Unknown,2021-01-16,6,206,6,200,0,6,0,0,6,193,0,1,6,194,Not in California
Unknown,2021-01-17,3,209,3,203,0,6,0,0,3,196,0,1,3,197,Not in California
Unknown,2021-01-18,54,263,54,257,0,6,0,0,52,246,2,3,52,249,Not in California
Unknown,2021-01-19,24,287,24,281,0,6,0,0,20,263,3,6,20,269,Not in California
Unknown,2021-01-20,80,367,80,361,0,6,0,0,29,240,52,58,29,298,Not in California
Unknown,2021-01-21,60,427,58,419,2,8,0,0,61,300,1,59,61,359,Not in California
Unknown,2021-01-22,38,465,33,452,5,13,0,0,38,338,0,59,38,397,Not in California
Unknown,2021-01-23,11,476,5,457,6,19,0,0,11,349,0,59,11,408,Not in California
Unknown,2021-01-24,2,478,2,459,0,19,0,0,3,352,0,59,3,411,Not in California
Unknown,2021-01-25,20,498,18,477,2,21,0,0,17,366,3,62,17,428,Not in California
Unknown,2021-01-26,94,592,94,571,0,21,0,0,97,463,0,62,97,525,Not in California
Unknown,2021-01-27,17,609,17,588,0,21,0,0,16,478,1,63,16,541,Not in California
Unknown,2021-01-28,154,763,152,740,2,23,0,0,97,515,60,123,97,638,Not in California
Unknown,2021-01-29,145,908,145,885,0,23,0,0,149,663,1,124,149,787,Not in California
Unknown,2021-01-30,10,918,8,893,2,25,0,0,13,675,1,125,13,800,Not in California
Unknown,2021-01-31,16,934,16,909,0,25,0,0,16,690,1,126,16,816,Not in California
Unknown,2021-02-01,37,971,35,944,2,27,0,0,22,695,17,143,22,838,Not in California
Unknown,2021-02-02,67,1038,66,1010,1,28,0,0,60,749,6,149,60,898,Not in California
Unknown,2021-02-03,47,1085,45,1055,2,30,0,0,35,773,11,160,35,933,Not in California
Unknown,2021-02-04,61,1146,57,1112,4,34,0,0,56,824,5,165,56,989,Not in California
Unknown,2021-02-05,20,1166,16,1128,4,38,0,0,16,836,4,169,16,1005,Not in California
Unknown,2021-02-06,14,1180,14,1142,0,38,0,0,9,839,6,175,9,1014,Not in California
Unknown,2021-02-07,8,1188,8,1150,0,38,0,0,6,843,2,177,6,1020,Not in California
Unknown,2021-02-08,53,1241,50,1200,3,41,0,0,14,818,39,216,14,1034,Not in California
Unknown,2021-02-09,18,1259,18,1218,0,41,0,0,4,808,14,230,4,1038,Not in California
Unknown,2021-02-10,34,1293,30,1248,4,45,0,0,9,792,25,255,9,1047,Not in California
Unknown,2021-02-11,93,1386,92,1340,1,46,0,0,43,784,51,306,43,1090,Not in California
Unknown,2021-02-12,40,1426,33,1373,7,53,0,0,11,766,29,335,11,1101,Not in California
Unknown,2021-02-13,9,1435,2,1375,7,60,0,0,8,773,1,336,8,1109,Not in California
Unknown,2021-02-14,7,1442,1,1376,6,66,0,0,5,777,1,337,5,1114,Not in California
Unknown,2021-02-15,44,1486,38,1414,6,72,0,0,29,793,13,350,29,1143,Not in California
Unknown,2021-02-16,105,1591,96,1510,9,81,0,0,32,752,73,423,32,1175,Not in California
Unknown,2021-02-17,10,1601,8,1518,2,83,0,0,4,751,5,428,4,1179,Not in California
Unknown,2021-02-18,105,1706,100,1618,5,88,0,0,19,684,86,514,19,1198,Not in California
Unknown,2021-02-19,194,1900,189,1807,5,93,0,0,57,605,136,650,57,1255,Not in California
Unknown,2021-02-20,7,1907,5,1812,2,95,0,0,2,602,5,655,2,1257,Not in California
Unknown,2021-02-21,15,1922,15,1827,0,95,0,0,1,589,14,669,1,1258,Not in California
Unknown,2021-02-22,9,1931,9,1836,0,95,0,0,6,592,3,672,6,1264,Not in California
Unknown,2021-02-23,63,1994,51,1887,12,107,0,0,15,560,47,719,15,1279,Not in California
Unknown,2021-02-24,43,2037,35,1922,8,115,0,0,15,547,28,747,15,1294,Not in California
Unknown,2021-02-25,71,2108,58,1980,13,128,0,0,25,526,46,793,25,1319,Not in California
Unknown,2021-02-26,39,2147,25,2005,14,142,0,0,22,533,15,808,22,1341,Not in California
Unknown,2021-02-27,22,2169,16,2021,6,148,0,0,12,537,8,816,12,1353,Not in California
Unknown,2021-02-28,17,2186,13,2034,4,152,0,0,10,542,5,821,10,1363,Not in California
Unknown,2021-03-01,45,2231,27,2061,18,170,0,0,24,546,20,841,24,1387,Not in California
Unknown,2021-03-02,19,2250,7,2068,12,182,0,0,12,553,5,846,12,1399,Not in California
Unknown,2021-03-03,12,2262,7,2075,5,187,0,0,8,558,3,849,8,1407,Not in California
Unknown,2021-03-04,44,2306,41,2116,3,190,0,0,13,540,31,880,13,1420,Not in California
Unknown,2021-03-05,25,2331,15,2131,10,200,0,0,22,556,6,886,22,1442,Not in California
Unknown,2021-03-06,19,2350,11,2142,6,206,2,2,15,569,4,890,17,1459,Not in California
Unknown,2021-03-07,2,2352,1,2143,1,207,0,2,3,572,0,890,3,1462,Not in California
Unknown,2021-03-08,32,2384,23,2166,7,214,2,4,8,557,25,915,10,1472,Not in California
Unknown,2021-03-09,39,2423,32,2198,3,217,4,8,9,539,31,946,13,1485,Not in California
Unknown,2021-03-10,9,2432,6,2204,1,218,2,10,5,541,5,951,7,1492,Not in California
Unknown,2021-03-11,30,2462,13,2217,2,220,15,25,8,542,22,973,23,1515,Not in California
Unknown,2021-03-12,72,2534,56,2273,11,231,5,30,11,499,59,1032,16,1531,Not in California
Unknown,2021-03-13,15,2549,4,2277,7,238,4,34,7,500,10,1042,11,1542,Not in California
Unknown,2021-03-14,14,2563,6,2283,6,244,2,36,5,499,8,1050,7,1549,Not in California
Unknown,2021-03-15,30,2593,11,2294,17,261,2,38,20,508,13,1063,22,1571,Not in California
Unknown,2021-03-16,46,2639,20,2314,22,283,4,42,26,519,19,1082,30,1601,Not in California
Unknown,2021-03-17,38,2677,14,2328,23,306,1,43,33,549,4,1086,34,1635,Not in California
Unknown,2021-03-18,31,2708,18,2346,13,319,0,43,18,555,12,1098,18,1653,Not in California
Unknown,2021-03-19,28,2736,18,2364,10,329,0,43,21,569,7,1105,21,1674,Not in California
Unknown,2021-03-20,27,2763,15,2379,12,341,0,43,16,574,11,1116,16,1690,Not in California
Unknown,2021-03-21,19,2782,13,2392,6,347,0,43,15,586,3,1119,15,1705,Not in California
Unknown,2021-03-22,36,2818,19,2411,16,363,1,44,18,593,12,1131,19,1724,Not in California
Unknown,2021-03-23,23,2841,9,2420,9,372,5,49,11,598,11,1142,16,1740,Not in California
Unknown,2021-03-24,23,2864,9,2429,14,386,0,49,18,611,5,1147,18,1758,Not in California
Unknown,2021-03-25,37,2901,24,2453,13,399,0,49,25,627,9,1156,25,1783,Not in California
Unknown,2021-03-26,36,2937,20,2473,11,410,5,54,19,636,15,1171,24,1807,Not in California
Unknown,2021-03-27,28,2965,14,2487,14,424,0,54,17,640,13,1184,17,1824,Not in California
Unknown,2021-03-28,16,2981,9,2496,7,431,0,54,11,647,4,1188,11,1835,Not in California
Unknown,2021-03-29,38,3019,18,2514,19,450,1,55,24,660,12,1200,25,1860,Not in California
Unknown,2021-03-30,41,3060,25,2539,16,466,0,55,26,671,15,1215,26,1886,Not in California
Unknown,2021-03-31,34,3094,21,2560,13,479,0,55,23,683,11,1226,23,1909,Not in California
Unknown,2021-04-01,20,3114,15,2575,5,484,0,55,14,692,5,1231,14,1923,Not in California
Unknown,2021-04-02,40,3154,16,2591,15,499,9,64,17,695,23,1254,26,1949,Not in California
Unknown,2021-04-03,19,3173,9,2600,10,509,0,64,11,696,10,1264,11,1960,Not in California
Unknown,2021-04-04,17,3190,4,2604,13,522,0,64,10,700,6,1270,10,1970,Not in California
Unknown,2021-04-05,32,3222,18,2622,13,535,1,65,17,704,14,1284,18,1988,Not in California
Unknown,2021-04-06,21,3243,13,2635,7,542,1,66,12,707,10,1294,13,2001,Not in California
Unknown,2021-04-07,34,3277,23,2658,11,553,0,66,27,726,8,1302,27,2028,Not in California
Unknown,2021-04-08,30,3307,20,2678,6,559,4,70,15,727,18,1320,19,2047,Not in California
Unknown,2021-04-09,35,3342,25,2703,10,569,0,70,24,740,11,1331,24,2071,Not in California
Unknown,2021-04-10,10,3352,9,2712,1,570,0,70,8,741,7,1338,8,2079,Not in California
Unknown,2021-04-11,11,3363,7,2719,4,574,0,70,5,741,5,1343,5,2084,Not in California
Unknown,2021-04-12,38,3401,21,2740,16,590,1,71,17,736,23,1366,18,2102,Not in California
Unknown,2021-04-13,44,3445,26,2766,18,608,0,71,23,733,26,1392,23,2125,Not in California
Unknown,2021-04-14,26,3471,8,2774,18,626,0,71,8,719,22,1414,8,2133,Not in California
Unknown,2021-04-15,31,3502,16,2790,14,640,1,72,16,714,22,1436,17,2150,Not in California
Unknown,2021-04-16,25,3527,15,2805,10,650,0,72,12,710,16,1452,12,2162,Not in California
Unknown,2021-04-17,19,3546,12,2817,7,657,0,72,15,713,13,1465,16,2178,Not in California
Unknown,2021-04-18,20,3566,8,2825,12,669,0,72,11,712,12,1477,11,2189,Not in California
Unknown,2021-04-19,36,3602,22,2847,14,683,0,72,26,720,18,1495,26,2215,Not in California
Unknown,2021-04-20,26,3628,15,2862,11,694,0,72,8,708,20,1515,8,2223,Not in California
Unknown,2021-04-21,35,3663,15,2877,20,714,0,72,27,711,24,1539,27,2250,Not in California
Unknown,2021-04-22,22,3685,14,2891,8,722,0,72,21,715,17,1556,21,2271,Not in California
Unknown,2021-04-23,30,3715,15,2906,15,737,0,72,25,727,13,1569,25,2296,Not in California
Unknown,2021-04-24,26,3741,14,2920,12,749,0,72,25,743,9,1578,25,2321,Not in California
Unknown,2021-04-25,23,3764,9,2929,14,763,0,72,13,745,11,1589,13,2334,Not in California
Unknown,2021-04-26,48,3812,39,2968,9,772,0,72,38,769,14,1603,38,2372,Not in California
Unknown,2021-04-27,62,3874,48,3016,14,786,0,72,43,793,19,1622,43,2415,Not in California
Unknown,2021-04-28,27,3901,19,3035,7,793,1,73,8,783,19,1641,9,2424,Not in California
Unknown,2021-04-29,33,3934,21,3056,12,805,0,73,12,774,21,1662,12,2436,Not in California
Unknown,2021-04-30,28,3962,14,3070,9,814,5,78,13,777,15,1677,18,2454,Not in California
Unknown,2021-05-01,27,3989,21,3091,6,820,0,78,16,782,11,1688,16,2470,Not in California
Unknown,2021-05-02,14,4003,7,3098,6,826,1,79,6,781,8,1696,7,2477,Not in California
Unknown,2021-05-03,26,4029,19,3117,5,831,2,81,8,773,18,1714,10,2487,Not in California
Unknown,2021-05-04,21,4050,11,3128,6,837,4,85,5,766,16,1730,9,2496,Not in California
Unknown,2021-05-05,29,4079,11,3139,17,854,1,86,14,766,15,1745,15,2511,Not in California
Unknown,2021-05-06,21,4100,12,3151,7,861,2,88,9,765,12,1757,11,2522,Not in California
Unknown,2021-05-07,26,4126,14,3165,10,871,2,90,11,763,15,1772,13,2535,Not in California
Unknown,2021-05-08,16,4142,10,3175,4,875,2,92,7,764,8,1780,9,2544,Not in California
Unknown,2021-05-09,18,4160,5,3180,9,884,4,96,8,766,10,1790,12,2556,Not in California
Unknown,2021-05-10,18,4178,11,3191,6,890,1,97,3,756,14,1804,4,2560,Not in California
Unknown,2021-05-11,104,4282,67,3258,26,916,11,108,87,837,17,1821,98,2658,Not in California
Unknown,2021-05-12,268,4550,198,3456,42,958,28,136,212,1021,56,1877,240,2898,Not in California
Unknown,2021-05-13,303,4853,229,3685,68,1026,6,142,269,1263,34,1911,276,3174,Not in California
Unknown,2021-05-14,451,5304,373,4058,71,1097,7,149,414,1648,35,1946,420,3594,Not in California
Unknown,2021-05-15,401,5705,322,4380,74,1171,5,154,362,1976,39,1985,367,3961,Not in California
Unknown,2021-05-16,16,5721,10,4390,6,1177,0,154,14,1988,2,1987,14,3975,Not in California
Unknown,2021-05-17,321,6042,220,4610,89,1266,12,166,289,2258,32,2019,302,4277,Not in California
Alameda,2020-12-15,36,36,36,36,0,0,0,0,36,36,0,0,36,36,California
Alameda,2020-12-16,206,242,206,242,0,0,0,0,206,242,0,0,206,242,California
Alameda,2020-12-17,397,639,397,639,0,0,0,0,397,639,0,0,397,639,California
Alameda,2020-12-18,1786,2425,1785,2424,1,1,0,0,1786,2425,0,0,1786,2425,California
Alameda,2020-12-19,1436,3861,1436,3860,0,1,0,0,1436,3861,0,0,1436,3861,California
Alameda,2020-12-20,1187,5048,1186,5046,1,2,0,0,1186,5046,1,1,1186,5047,California
Alameda,2020-12-21,1863,6911,1861,6907,2,4,0,0,1862,6908,0,1,1862,6909,California
Alameda,2020-12-22,2104,9015,2051,8958,53,57,0,0,2104,9012,0,1,2104,9013,California
Alameda,2020-12-23,1946,10961,1688,10646,258,315,0,0,1947,10959,0,1,1947,10960,California
Alameda,2020-12-24,1220,12181,760,11406,460,775,0,0,1220,12179,0,1,1220,12180,California
Alameda,2020-12-25,166,12347,129,11535,37,812,0,0,166,12345,0,1,166,12346,California
Alameda,2020-12-26,870,13217,326,11861,544,1356,0,0,870,13215,0,1,870,13216,California
Alameda,2020-12-27,499,13716,256,12117,243,1599,0,0,499,13714,0,1,499,13715,California
Alameda,2020-12-28,1886,15602,960,13077,926,2525,0,0,1886,15600,0,1,1886,15601,California
Alameda,2020-12-29,2432,18034,1025,14102,1407,3932,0,0,2431,18031,0,1,2431,18032,California
Alameda,2020-12-30,3135,21169,1364,15466,1771,5703,0,0,3135,21166,0,1,3135,21167,California
Alameda,2020-12-31,1798,22967,443,15909,1355,7058,0,0,1796,22961,1,2,1796,22963,California
Alameda,2021-01-01,172,23139,70,15979,102,7160,0,0,171,23131,1,3,171,23134,California
Alameda,2021-01-02,727,23866,524,16503,203,7363,0,0,726,23857,0,3,726,23860,California
Alameda,2021-01-03,343,24209,222,16725,121,7484,0,0,340,24194,3,6,340,24200,California
Alameda,2021-01-04,1651,25860,946,17671,705,8189,0,0,1639,25822,11,17,1639,25839,California
Alameda,2021-01-05,2215,28075,1271,18942,944,9133,0,0,1979,27568,233,250,1979,27818,California
Alameda,2021-01-06,3278,31353,1811,20753,1467,10600,0,0,2432,29159,843,1093,2434,30252,California
Alameda,2021-01-07,3818,35171,2152,22905,1666,12266,0,0,2689,30732,1120,2213,2693,32945,California
Alameda,2021-01-08,4769,39940,2729,25634,2040,14306,0,0,3117,32206,1647,3860,3121,36066,California
Alameda,2021-01-09,2036,41976,1388,27022,648,14954,0,0,1174,32518,862,4722,1174,37240,California
Alameda,2021-01-10,1070,43046,847,27869,223,15177,0,0,430,32307,641,5363,430,37670,California
Alameda,2021-01-11,4661,47707,3525,31394,1136,16313,0,0,2861,33376,1799,7162,2868,40538,California
Alameda,2021-01-12,4836,52543,3255,34649,1581,17894,0,0,3444,35432,1391,8553,3447,43985,California
Alameda,2021-01-13,5048,57591,2668,37317,2380,20274,0,0,3855,38100,1189,9742,3857,47842,California
Alameda,2021-01-14,5639,63230,2775,40092,2864,23138,0,0,4752,41977,878,10620,4755,52597,California
Alameda,2021-01-15,5847,69077,2316,42408,3531,26669,0,0,5079,46299,761,11381,5083,57680,California
Alameda,2021-01-16,3010,72087,1409,43817,1601,28270,0,0,2740,48770,270,11651,2741,60421,California
Alameda,2021-01-17,1869,73956,1083,44900,786,29056,0,0,1662,50227,206,11857,1663,62084,California
Alameda,2021-01-18,3205,77161,2057,46957,1148,30204,0,0,2608,52247,593,12450,2613,64697,California
Alameda,2021-01-19,5535,82696,3335,50292,2200,32404,0,0,4341,55398,1192,13642,4343,69040,California
Alameda,2021-01-20,6782,89478,4112,54404,2670,35074,0,0,5486,59605,1283,14925,5490,74530,California
Alameda,2021-01-21,7794,97272,3414,57818,4380,39454,0,0,6956,65734,832,15757,6961,81491,California
Alameda,2021-01-22,6858,104130,2045,59863,4813,44267,0,0,5719,70323,1132,16889,5721,87212,California
Alameda,2021-01-23,3290,107420,948,60811,2342,46609,0,0,2736,72505,554,17443,2736,89948,California
Alameda,2021-01-24,2054,109474,656,61467,1398,48007,0,0,1777,74009,273,17716,1777,91725,California
Alameda,2021-01-25,5223,114697,1986,63453,3237,51244,0,0,3632,76059,1583,19299,3633,95358,California
Alameda,2021-01-26,7262,121959,2298,65751,4964,56208,0,0,5396,79597,1859,21158,5397,100755,California
Alameda,2021-01-27,6673,128632,2079,67830,4594,60802,0,0,4820,82578,1839,22997,4820,105575,California
Alameda,2021-01-28,7911,136543,2557,70387,5354,66156,0,0,5666,86016,2229,25226,5667,111242,California
Alameda,2021-01-29,7931,144474,3185,73572,4746,70902,0,0,6108,90312,1813,27039,6109,117351,California
Alameda,2021-01-30,3433,147907,1682,75254,1751,72653,0,0,2727,92339,700,27739,2727,120078,California
Alameda,2021-01-31,1906,149813,965,76219,941,73594,0,0,1662,93760,241,27980,1662,121740,California
Alameda,2021-02-01,5983,155796,3377,79596,2606,76200,0,0,4335,96454,1642,29622,4336,126076,California
Alameda,2021-02-02,7482,163278,4263,83859,3219,79419,0,0,4678,98340,2792,32414,4678,130754,California
Alameda,2021-02-03,7089,170367,3735,87594,3354,82773,0,0,4412,100086,2671,35085,4417,135171,California
Alameda,2021-02-04,9572,179939,4174,91768,5398,88171,0,0,6439,103416,3114,38199,6444,141615,California
Alameda,2021-02-05,10361,190300,5408,97176,4953,93124,0,0,6482,106031,3873,42072,6488,148103,California
Alameda,2021-02-06,7001,197301,4438,101614,2563,95687,0,0,5873,110778,1126,43198,5873,153976,California
Alameda,2021-02-07,3588,200889,2896,104510,692,96379,0,0,2641,112476,944,44142,2642,156618,California
Alameda,2021-02-08,8107,208996,5795,110305,2312,98691,0,0,5548,115479,2547,46689,5550,162168,California
Alameda,2021-02-09,9725,218721,5865,116170,3860,102551,0,0,6060,117895,3646,50335,6062,168230,California
Alameda,2021-02-10,11480,230201,6791,122961,4689,107240,0,0,6571,119586,4888,55223,6579,174809,California
Alameda,2021-02-11,13954,244155,8004,130965,5950,113190,0,0,8386,122426,5549,60772,8389,183198,California
Alameda,2021-02-12,12552,256707,5704,136669,6848,120038,0,0,7760,125414,4775,65547,7763,190961,California
Alameda,2021-02-13,7825,264532,4073,140742,3752,123790,0,0,5855,129306,1965,67512,5857,196818,California
Alameda,2021-02-14,4037,268569,2540,143282,1497,125287,0,0,2873,131022,1160,68672,2876,199694,California
Alameda,2021-02-15,5724,274293,3231,146513,2493,127780,0,0,3709,132724,2010,70682,3712,203406,California
Alameda,2021-02-16,12567,286860,6981,153494,5586,133366,0,0,9336,138845,3221,73903,9342,212748,California
Alameda,2021-02-17,14189,301049,8426,161920,5763,139129,0,0,10552,145782,3617,77520,10554,223302,California
Alameda,2021-02-18,15916,316965,10101,172021,5815,144944,0,0,11549,152979,4358,81878,11555,234857,California
Alameda,2021-02-19,17684,334649,11468,183489,6216,151160,0,0,11715,158753,5946,87824,11720,246577,California
Alameda,2021-02-20,11895,346544,9638,193127,2257,153417,0,0,9160,165189,2730,90554,9166,255743,California
Alameda,2021-02-21,7664,354208,6732,199859,932,154349,0,0,5178,167892,2475,93029,5178,260921,California
Alameda,2021-02-22,10822,365030,8037,207896,2785,157134,0,0,6853,170799,3955,96984,6862,267783,California
Alameda,2021-02-23,12946,377976,7934,215830,5012,162146,0,0,8125,174122,4809,101793,8132,275915,California
Alameda,2021-02-24,14797,392773,8337,224167,6460,168606,0,0,9631,178653,5105,106898,9636,285551,California
Alameda,2021-02-25,15680,408453,9165,233332,6515,175121,0,0,9987,182988,5660,112558,9995,295546,California
Alameda,2021-02-26,18150,426603,10679,244011,7471,182592,0,0,11738,188361,6369,118927,11742,307288,California
Alameda,2021-02-27,14926,441529,11023,255034,3901,186493,2,2,9287,192037,5616,124543,9292,316580,California
Alameda,2021-02-28,9191,450720,7749,262783,1442,187935,0,2,6103,195076,3065,127608,6104,322684,California
Alameda,2021-03-01,13522,464242,9455,272238,4060,191995,7,9,8423,198460,5053,132661,8437,331121,California
Alameda,2021-03-02,15066,479308,10837,283075,4228,196223,1,10,9895,203212,5151,137812,9903,341024,California
Alameda,2021-03-03,15714,495022,10279,293354,5434,201657,1,11,10736,209004,4949,142761,10741,351765,California
Alameda,2021-03-04,17490,512512,11216,304570,6272,207929,2,13,11018,213588,6436,149197,11020,362785,California
Alameda,2021-03-05,16328,528840,10691,315261,5628,213557,9,22,11037,219392,5248,154445,11052,373837,California
Alameda,2021-03-06,14566,543406,10274,325535,4028,217585,264,286,9656,224447,4866,159311,9921,383758,California
Alameda,2021-03-07,9668,553074,8404,333939,1183,218768,81,367,6881,228653,2758,162069,6964,390722,California
Alameda,2021-03-08,11695,564769,7188,341127,4128,222896,379,746,8680,234747,2965,165034,9059,399781,California
Alameda,2021-03-09,11462,576231,7087,348214,3944,226840,431,1177,6316,236385,5110,170144,6748,406529,California
Alameda,2021-03-10,16711,592942,11350,359564,4803,231643,558,1735,7526,235306,9159,179303,8080,414609,California
Alameda,2021-03-11,19794,612736,11575,371139,6514,238157,1705,3440,6753,230747,13011,192314,8452,423061,California
Alameda,2021-03-12,21182,633918,12331,383470,7195,245352,1656,5096,7473,226182,13684,205998,9119,432180,California
Alameda,2021-03-13,15852,649770,10102,393572,4762,250114,988,6084,5077,221504,10739,216737,6061,438241,California
Alameda,2021-03-14,10710,660480,7824,401396,2100,252214,786,6870,3390,218370,7300,224037,4166,442407,California
Alameda,2021-03-15,14344,674824,9345,410741,4481,256695,518,7388,6293,217157,8021,232058,6808,449215,California
Alameda,2021-03-16,17196,692020,11126,421867,5536,262231,534,7922,7393,215335,9750,241808,7928,457143,California
Alameda,2021-03-17,17409,709429,9805,431672,6908,269139,696,8618,8079,214820,9289,251097,8774,465917,California
Alameda,2021-03-18,19106,728535,10363,442035,7864,277003,879,9497,8765,214159,10309,261406,9648,475565,California
Alameda,2021-03-19,19140,747675,10368,452403,6987,283990,1785,11282,7630,212105,11462,272868,9408,484973,California
Alameda,2021-03-20,15644,763319,10204,462607,4615,288605,825,12107,6397,210106,9218,282086,7219,492192,California
Alameda,2021-03-21,9069,772388,7108,469715,1428,290033,533,12640,3753,209087,5306,287392,4287,496479,California
Alameda,2021-03-22,14903,787291,10018,479733,3906,293939,979,13619,7008,209200,7869,295261,7982,504461,California
Alameda,2021-03-23,19138,806429,11530,491263,6817,300756,791,14410,9854,210614,9237,304498,10651,515112,California
Alameda,2021-03-24,19035,825464,11462,502725,6579,307335,994,15404,8402,209432,10569,315067,9387,524499,California
Alameda,2021-03-25,20401,845865,11277,514002,7738,315073,1386,16790,9479,209432,10854,325921,10854,535353,California
Alameda,2021-03-26,20717,866582,12402,526404,6778,321851,1537,18327,8541,207372,12128,338049,10068,545421,California
Alameda,2021-03-27,18213,884795,12352,538756,4900,326751,961,19288,7595,205339,10572,348621,8539,553960,California
Alameda,2021-03-28,10453,895248,8465,547221,1784,328535,204,19492,3596,202303,6844,355465,3808,557768,California
Alameda,2021-03-29,14613,909861,9302,556523,4314,332849,997,20489,6274,201270,8304,363769,7271,565039,California
Alameda,2021-03-30,18488,928349,9708,566231,7082,339931,1698,22187,10828,206161,7629,371398,12520,577559,California
Alameda,2021-03-31,19280,947629,10154,576385,7056,346987,2070,24257,9545,208058,9709,381107,11606,589165,California
Alameda,2021-04-01,23191,970820,10036,586421,7643,354630,5512,29769,11087,212590,12067,393174,16599,605764,California
Alameda,2021-04-02,23911,994731,9917,596338,8291,362921,5703,35472,11632,217675,12244,405418,17329,623093,California
Alameda,2021-04-03,20194,1014925,9766,606104,5700,368621,4728,40200,10341,222909,9834,415252,15068,638161,California
Alameda,2021-04-04,9982,1024907,3990,610094,2293,370914,3699,43899,3518,223672,6450,421702,7213,645374,California
Alameda,2021-04-05,17818,1042725,7524,617618,5526,376440,4768,48667,7277,225199,10517,432219,12044,657418,California
Alameda,2021-04-06,22196,1064921,10717,628335,5650,382090,5829,54496,10112,229076,12048,444267,15925,673343,California
Alameda,2021-04-07,22492,1087413,11553,639888,5501,387591,5438,59934,11424,234903,11024,455291,16851,690194,California
Alameda,2021-04-08,25437,1112850,11505,651393,5969,393560,7963,67897,10870,239223,14497,469788,18817,709011,California
Alameda,2021-04-09,23335,1136185,10657,662050,7463,401023,5215,73112,12054,245242,11250,481038,17269,726280,California
Alameda,2021-04-10,18857,1155042,7432,669482,5599,406622,5826,78938,8188,248596,10644,491682,13998,740278,California
Alameda,2021-04-11,10996,1166038,4795,674277,2269,408891,3932,82870,4502,250543,6477,498159,8424,748702,California
Alameda,2021-04-12,17960,1183998,11720,685997,4308,413199,1932,84802,10130,254806,7794,505953,12057,760759,California
Alameda,2021-04-13,23022,1207020,14602,700599,8365,421564,55,84857,16958,265817,6013,511966,17024,777783,California
Alameda,2021-04-14,23133,1230153,15199,715798,7933,429497,1,84858,15660,274043,7442,519408,15668,793451,California
Alameda,2021-04-15,24109,1254262,15395,731193,8712,438209,2,84860,16009,282018,8043,527451,16018,809469,California
Alameda,2021-04-16,24403,1278665,14432,745625,9966,448175,5,84865,15737,289156,8616,536067,15754,825223,California
Alameda,2021-04-17,20878,1299543,14431,760056,6447,454622,0,84865,14417,297161,6427,542494,14432,839655,California
Alameda,2021-04-18,9953,1309496,7613,767669,2340,456962,0,84865,6897,301036,3027,545521,6902,846557,California
Alameda,2021-04-19,15673,1325169,9748,777417,5924,462886,1,84866,9091,303590,6547,552068,9101,855658,California
Alameda,2021-04-20,18197,1343366,11152,788569,7043,469929,2,84868,9995,305445,8162,560230,10017,865675,California
Alameda,2021-04-21,19182,1362548,11267,799836,7907,477836,8,84876,11209,308757,7924,568154,11236,876911,California
Alameda,2021-04-22,21405,1383953,13791,813627,7611,485447,3,84879,11372,310176,9981,578135,11400,888311,California
Alameda,2021-04-23,21682,1405635,14065,827692,7615,493062,2,84881,12124,312823,9505,587640,12152,900463,California
Alameda,2021-04-24,18978,1424613,14397,842089,4574,497636,7,84888,10025,313952,8913,596553,10042,910505,California
Alameda,2021-04-25,8824,1433437,6880,848969,1943,499579,1,84889,5722,316609,3076,599629,5733,916238,California
Alameda,2021-04-26,13756,1447193,9586,858555,4147,503726,23,84912,8526,319968,5199,604828,8558,924796,California
Alameda,2021-04-27,15735,1462928,9328,867883,6102,509828,305,85217,7390,319386,8301,613129,7719,932515,California
Alameda,2021-04-28,15962,1478890,10156,878039,5342,515170,464,85681,6219,316367,9716,622845,6697,939212,California
Alameda,2021-04-29,16749,1495639,10039,888078,6387,521557,323,86004,5991,311990,10712,633557,6335,945547,California
Alameda,2021-04-30,19449,1515088,12013,900091,7097,528654,339,86343,7868,308723,11510,645067,8243,953790,California
Alameda,2021-05-01,13958,1529046,9308,909399,4446,533100,204,86547,5187,305405,8741,653808,5423,959213,California
Alameda,2021-05-02,7044,1536090,4898,914297,1975,535075,171,86718,2871,304295,4157,657965,3047,962260,California
Alameda,2021-05-03,14413,1550503,10912,925209,3182,538257,319,87037,2824,295920,11547,669512,3172,965432,California
Alameda,2021-05-04,18235,1568738,13078,938287,4799,543056,358,87395,3647,285430,14525,684037,4035,969467,California
Alameda,2021-05-05,18319,1587057,13305,951592,4505,547561,509,87904,3740,275176,14516,698553,4262,973729,California
Alameda,2021-05-06,18561,1605618,14036,965628,3831,551392,694,88598,3600,264595,14888,713441,4307,978036,California
Alameda,2021-05-07,19103,1624721,12867,978495,5822,557214,414,89012,4354,254703,14680,728121,4788,982824,California
Alameda,2021-05-08,16460,1641181,11261,989756,4986,562200,213,89225,3100,244708,13321,741442,3326,986150,California
Alameda,2021-05-09,8509,1649690,6950,996706,1413,563613,146,89371,1461,239292,7026,748468,1610,987760,California
Alameda,2021-05-10,9972,1659662,6779,1003485,2865,566478,328,89699,2483,234649,7461,755929,2818,990578,California
Alameda,2021-05-11,14935,1674597,7976,1011461,6664,573142,295,89994,2714,225514,12178,768107,3043,993621,California
Alameda,2021-05-12,12611,1687208,8278,1019739,3923,577065,410,90404,2622,218624,9950,778057,3060,996681,California
Alameda,2021-05-13,16591,1703799,11893,1031632,4203,581268,495,90899,5237,213071,11318,789375,5765,1002446,California
Alameda,2021-05-14,20261,1724060,13735,1045367,6118,587386,408,91307,7087,207483,13100,802475,7512,1009958,California
Alameda,2021-05-15,16827,1740887,12215,1057582,4389,591775,223,91530,5823,202574,10961,813436,6052,1016010,California
Alameda,2021-05-16,6379,1747266,5560,1063142,768,592543,51,91581,1905,200078,4457,817893,1961,1017971,California
Alameda,2021-05-17,11925,1759191,8608,1071750,2806,595349,511,92092,3569,195849,8325,826218,4096,1022067,California
Alameda,2021-05-18,9625,1768816,7035,1078785,2311,597660,279,92371,3089,192708,6508,832726,3367,1025434,California
Alpine,2020-12-18,2,2,2,2,0,0,0,0,2,2,0,0,2,2,California
Alpine,2020-12-19,2,4,2,4,0,0,0,0,2,4,0,0,2,4,California
Alpine,2020-12-21,2,6,2,6,0,0,0,0,2,6,0,0,2,6,California
Alpine,2020-12-30,14,20,0,6,14,14,0,0,14,20,0,0,14,20,California
Alpine,2020-12-31,1,21,0,6,1,15,0,0,1,21,0,0,1,21,California
Alpine,2021-01-01,1,22,0,6,1,16,0,0,1,22,0,0,1,22,California
Alpine,2021-01-02,1,23,1,7,0,16,0,0,1,23,0,0,1,23,California
Alpine,2021-01-04,10,33,0,7,10,26,0,0,10,33,0,0,10,33,California
Alpine,2021-01-05,9,42,1,8,8,34,0,0,9,42,0,0,9,42,California
Alpine,2021-01-06,31,73,0,8,31,65,0,0,31,73,0,0,31,73,California
Alpine,2021-01-07,8,81,0,8,8,73,0,0,8,81,0,0,8,81,California
Alpine,2021-01-08,4,85,2,10,2,75,0,0,2,81,2,2,2,83,California
Alpine,2021-01-09,2,87,2,12,0,75,0,0,0,79,2,4,0,83,California
Alpine,2021-01-11,32,119,1,13,31,106,0,0,31,109,1,5,31,114,California
Alpine,2021-01-13,35,154,0,13,35,141,0,0,35,144,0,5,35,149,California
Alpine,2021-01-14,1,155,0,13,1,142,0,0,1,145,0,5,1,150,California
Alpine,2021-01-15,1,156,0,13,1,143,0,0,1,146,0,5,1,151,California
Alpine,2021-01-20,21,177,0,13,21,164,0,0,21,167,0,5,21,172,California
Alpine,2021-01-21,1,178,0,13,1,165,0,0,1,168,0,5,1,173,California
Alpine,2021-01-22,32,210,0,13,32,197,0,0,32,200,0,5,32,205,California
Alpine,2021-01-23,1,211,1,14,0,197,0,0,0,199,1,6,0,205,California
Alpine,2021-01-25,16,227,0,14,16,213,0,0,16,215,0,6,16,221,California
Alpine,2021-01-27,1,228,1,15,0,213,0,0,0,214,1,7,0,221,California
Alpine,2021-01-28,1,229,0,15,1,214,0,0,0,213,1,8,0,221,California
Alpine,2021-01-29,1,230,0,15,1,215,0,0,1,214,0,8,1,222,California
Alpine,2021-02-01,25,255,0,15,25,240,0,0,7,203,18,26,7,229,California
Alpine,2021-02-03,34,289,0,15,34,274,0,0,10,189,24,50,10,239,California
Alpine,2021-02-04,8,297,0,15,8,282,0,0,3,187,5,55,3,242,California
Alpine,2021-02-05,31,328,0,15,31,313,0,0,12,180,19,74,12,254,California
Alpine,2021-02-07,1,329,1,16,0,313,0,0,1,181,0,74,1,255,California
Alpine,2021-02-08,32,361,0,16,32,345,0,0,4,157,28,102,4,259,California
Alpine,2021-02-10,34,395,0,16,34,379,0,0,0,123,34,136,0,259,California
Alpine,2021-02-11,6,401,0,16,6,385,0,0,3,123,3,139,3,262,California
Alpine,2021-02-12,1,402,0,16,1,386,0,0,0,122,1,140,0,262,California
Alpine,2021-02-17,23,425,0,16,23,409,0,0,3,105,20,160,3,265,California
Alpine,2021-02-18,2,427,0,16,2,411,0,0,1,105,1,161,1,266,California
Alpine,2021-02-19,34,461,1,17,33,444,0,0,2,75,32,193,2,268,California
Alpine,2021-02-22,27,488,0,17,27,471,0,0,8,64,19,212,8,276,California
Alpine,2021-02-24,1,489,1,18,0,471,0,0,1,65,0,212,1,277,California
Alpine,2021-02-25,6,495,1,19,5,476,0,0,6,71,0,212,6,283,California
Alpine,2021-02-26,30,525,1,20,29,505,0,0,29,99,1,213,29,312,California
Alpine,2021-02-27,1,526,0,20,1,506,0,0,1,100,0,213,1,313,California
Alpine,2021-03-01,36,562,0,20,36,542,0,0,26,116,10,223,26,339,California
Alpine,2021-03-03,30,592,1,21,29,571,0,0,18,122,12,235,18,357,California
Alpine,2021-03-04,11,603,1,22,10,581,0,0,11,133,0,235,11,368,California
Alpine,2021-03-05,30,633,0,22,30,611,0,0,22,147,8,243,22,390,California
Alpine,2021-03-08,31,664,0,22,31,642,0,0,29,174,2,245,29,419,California
Alpine,2021-03-10,73,737,0,22,73,715,0,0,73,247,0,245,73,492,California
Alpine,2021-03-11,35,772,0,22,35,750,0,0,31,274,4,249,31,523,California
Alpine,2021-03-12,19,791,0,22,19,769,0,0,17,289,2,251,17,540,California
Alpine,2021-03-15,21,812,1,23,20,789,0,0,20,308,1,252,20,560,California
Alpine,2021-03-17,23,835,0,23,22,811,1,1,19,324,4,256,20,580,California
Alpine,2021-03-18,38,873,3,26,35,846,0,1,35,356,3,259,35,615,California
Alpine,2021-03-19,2,875,1,27,1,847,0,1,1,356,1,260,1,616,California
Alpine,2021-03-22,24,899,0,27,24,871,0,1,15,362,9,269,15,631,California
Alpine,2021-03-24,19,918,0,27,19,890,0,1,8,359,11,280,8,639,California
Alpine,2021-03-25,35,953,1,28,33,923,1,2,28,381,7,287,29,668,California
Alpine,2021-03-27,1,954,0,28,1,924,0,2,0,380,1,288,0,668,California
Alpine,2021-03-28,1,955,1,29,0,924,0,2,1,381,0,288,1,669,California
Alpine,2021-03-29,19,974,0,29,18,942,1,3,2,367,17,305,3,672,California
Alpine,2021-04-01,18,992,0,29,18,960,0,3,8,365,10,315,8,680,California
Alpine,2021-04-02,101,1093,1,30,100,1060,0,3,46,357,54,369,46,726,California
Alpine,2021-04-05,4,1097,1,31,3,1063,0,3,0,353,4,373,0,726,California
Alpine,2021-04-06,3,1100,2,33,1,1064,0,3,2,354,1,374,2,728,California
Alpine,2021-04-07,117,1217,0,33,116,1180,1,4,30,299,86,460,31,759,California
Alpine,2021-04-08,37,1254,0,33,35,1215,2,6,10,284,27,487,12,771,California
Alpine,2021-04-09,1,1255,0,33,1,1216,0,6,1,285,0,487,1,772,California
Alpine,2021-04-14,47,1302,0,33,47,1263,0,6,10,258,37,524,10,782,California
Alpine,2021-04-15,35,1337,0,33,35,1298,0,6,3,229,32,556,3,785,California
Alpine,2021-04-16,1,1338,0,33,1,1299,0,6,1,230,0,556,1,786,California
Alpine,2021-04-19,1,1339,0,33,1,1300,0,6,1,231,0,556,1,787,California
Alpine,2021-04-21,31,1370,0,33,31,1331,0,6,15,230,16,572,15,802,California
Alpine,2021-04-22,24,1394,0,33,24,1355,0,6,1,208,23,595,1,803,California
Alpine,2021-04-24,2,1396,2,35,0,1355,0,6,0,207,2,597,1,804,California
Alpine,2021-04-25,1,1397,1,36,0,1355,0,6,0,206,1,598,0,804,California
Alpine,2021-04-27,2,1399,1,37,1,1356,0,6,1,206,1,599,1,805,California
Alpine,2021-04-28,36,1435,0,37,36,1392,0,6,6,182,30,629,6,811,California
Alpine,2021-04-29,7,1442,1,38,6,1398,0,6,1,177,6,635,1,812,California
Alpine,2021-04-30,2,1444,1,39,0,1398,1,7,1,178,1,636,2,814,California
Alpine,2021-05-02,1,1445,0,39,0,1398,1,8,0,178,1,637,1,815,California
Alpine,2021-05-05,17,1462,0,39,17,1415,0,8,4,169,13,650,4,819,California
Alpine,2021-05-06,7,1469,0,39,7,1422,0,8,0,162,7,657,0,819,California
Alpine,2021-05-07,1,1470,0,39,1,1423,0,8,0,161,1,658,0,819,California
Alpine,2021-05-10,1,1471,0,39,1,1424,0,8,1,162,0,658,1,820,California
Alpine,2021-05-12,1,1472,0,39,0,1424,1,9,0,162,1,659,1,821,California
Alpine,2021-05-13,3,1475,0,39,3,1427,0,9,0,159,3,662,0,821,California
Alpine,2021-05-17,2,1477,0,39,2,1429,0,9,1,159,1,663,1,822,California
Amador,2020-12-16,2,2,2,2,0,0,0,0,2,2,0,0,2,2,California
Amador,2020-12-17,5,7,5,7,0,0,0,0,5,7,0,0,5,7,California
Amador,2020-12-18,45,52,45,52,0,0,0,0,45,52,0,0,45,52,California
Amador,2020-12-19,17,69,17,69,0,0,0,0,17,69,0,0,17,69,California
Amador,2020-12-20,4,73,4,73,0,0,0,0,4,73,0,0,4,73,California
Amador,2020-12-21,31,104,31,104,0,0,0,0,31,104,0,0,31,104,California
Amador,2020-12-22,35,139,34,138,1,1,0,0,35,139,0,0,35,139,California
Amador,2020-12-23,39,178,38,176,1,2,0,0,39,178,0,0,39,178,California
Amador,2020-12-24,5,183,3,179,2,4,0,0,5,183,0,0,5,183,California
Amador,2020-12-26,5,188,4,183,1,5,0,0,5,188,0,0,5,188,California
Amador,2020-12-27,1,189,0,183,1,6,0,0,1,189,0,0,1,189,California
Amador,2020-12-28,31,220,27,210,4,10,0,0,31,220,0,0,31,220,California
Amador,2020-12-29,26,246,19,229,7,17,0,0,26,246,0,0,26,246,California
Amador,2020-12-30,124,370,78,307,46,63,0,0,124,370,0,0,124,370,California
Amador,2020-12-31,192,562,167,474,25,88,0,0,192,562,0,0,192,562,California
Amador,2021-01-01,2,564,0,474,2,90,0,0,2,564,0,0,2,564,California
Amador,2021-01-02,56,620,56,530,0,90,0,0,56,620,0,0,56,620,California
Amador,2021-01-03,65,685,17,547,48,138,0,0,65,685,0,0,65,685,California
Amador,2021-01-04,124,809,1,548,123,261,0,0,124,809,0,0,124,809,California
Amador,2021-01-05,33,842,3,551,30,291,0,0,31,839,2,2,32,841,California
Amador,2021-01-06,40,882,10,561,30,321,0,0,36,871,4,6,36,877,California
Amador,2021-01-07,230,1112,69,630,161,482,0,0,218,1077,12,18,218,1095,California
Amador,2021-01-08,85,1197,70,700,15,497,0,0,41,1075,44,62,42,1137,California
Amador,2021-01-09,11,1208,11,711,0,497,0,0,2,1068,9,71,2,1139,California
Amador,2021-01-10,6,1214,4,715,2,499,0,0,2,1066,4,75,2,1141,California
Amador,2021-01-11,124,1338,44,759,80,579,0,0,87,1117,37,112,88,1229,California
Amador,2021-01-12,64,1402,49,808,15,594,0,0,40,1133,24,136,40,1269,California
Amador,2021-01-13,39,1441,23,831,16,610,0,0,27,1148,12,148,27,1296,California
Amador,2021-01-14,148,1589,20,851,128,738,0,0,138,1277,10,158,139,1435,California
Amador,2021-01-15,60,1649,25,876,35,773,0,0,52,1321,8,166,52,1487,California
Amador,2021-01-16,19,1668,12,888,7,780,0,0,13,1329,6,172,14,1501,California
Amador,2021-01-17,26,1694,6,894,20,800,0,0,26,1355,0,172,26,1527,California
Amador,2021-01-18,32,1726,28,922,4,804,0,0,10,1343,22,194,10,1537,California
Amador,2021-01-19,124,1850,99,1021,25,829,0,0,80,1379,44,238,80,1617,California
Amador,2021-01-20,184,2034,34,1055,150,979,0,0,168,1532,15,253,168,1785,California
Amador,2021-01-21,259,2293,228,1283,31,1010,0,0,148,1570,111,364,149,1934,California
Amador,2021-01-22,136,2429,73,1356,63,1073,0,0,129,1692,7,371,129,2063,California
Amador,2021-01-23,52,2481,32,1388,20,1093,0,0,50,1740,2,373,50,2113,California
Amador,2021-01-24,28,2509,12,1400,16,1109,0,0,25,1762,3,376,25,2138,California
Amador,2021-01-25,59,2568,28,1428,31,1140,0,0,42,1787,17,393,42,2180,California
Amador,2021-01-26,245,2813,17,1445,228,1368,0,0,235,2012,10,403,235,2415,California
Amador,2021-01-27,301,3114,32,1477,269,1637,0,0,254,2222,45,448,255,2670,California
Amador,2021-01-28,368,3482,97,1574,271,1908,0,0,287,2429,81,529,288,2958,California
Amador,2021-01-29,97,3579,31,1605,66,1974,0,0,82,2496,15,544,82,3040,California
Amador,2021-01-30,169,3748,36,1641,133,2107,0,0,164,2655,5,549,164,3204,California
Amador,2021-01-31,32,3780,28,1669,4,2111,0,0,31,2685,1,550,31,3235,California
Amador,2021-02-01,63,3843,23,1692,40,2151,0,0,36,2694,27,577,36,3271,California
Amador,2021-02-02,212,4055,63,1755,149,2300,0,0,126,2737,83,660,126,3397,California
Amador,2021-02-03,141,4196,38,1793,103,2403,0,0,90,2777,50,710,90,3487,California
Amador,2021-02-04,251,4447,74,1867,177,2580,0,0,164,2856,87,797,166,3653,California
Amador,2021-02-05,331,4778,63,1930,268,2848,0,0,315,3155,16,813,315,3968,California
Amador,2021-02-06,100,4878,81,2011,19,2867,0,0,96,3247,4,817,96,4064,California
Amador,2021-02-07,39,4917,35,2046,4,2871,0,0,35,3279,4,821,36,4100,California
Amador,2021-02-08,90,5007,62,2108,28,2899,0,0,73,3335,17,838,73,4173,California
Amador,2021-02-09,175,5182,83,2191,92,2991,0,0,110,3380,65,903,110,4283,California
Amador,2021-02-10,980,6162,80,2271,900,3891,0,0,946,4292,34,937,946,5229,California
Amador,2021-02-11,308,6470,119,2390,189,4080,0,0,198,4382,108,1045,198,5427,California
Amador,2021-02-12,330,6800,121,2511,209,4289,0,0,257,4566,73,1118,257,5684,California
Amador,2021-02-13,166,6966,82,2593,84,4373,0,0,140,4680,26,1144,140,5824,California
Amador,2021-02-14,123,7089,54,2647,69,4442,0,0,106,4769,17,1161,106,5930,California
Amador,2021-02-15,187,7276,61,2708,126,4568,0,0,170,4923,16,1177,170,6100,California
Amador,2021-02-16,464,7740,53,2761,411,4979,0,0,425,5310,39,1216,426,6526,California
Amador,2021-02-17,263,8003,84,2845,179,5158,0,0,166,5379,97,1313,166,6692,California
Amador,2021-02-18,398,8401,99,2944,299,5457,0,0,333,5648,65,1378,334,7026,California
Amador,2021-02-19,195,8596,77,3021,118,5575,0,0,111,5675,84,1462,111,7137,California
Amador,2021-02-20,95,8691,33,3054,62,5637,0,0,67,5714,28,1490,67,7204,California
Amador,2021-02-21,45,8736,34,3088,11,5648,0,0,14,5697,31,1521,14,7218,California
Amador,2021-02-22,65,8801,26,3114,39,5687,0,0,32,5697,32,1553,32,7250,California
Amador,2021-02-23,320,9121,54,3168,266,5953,0,0,140,5658,180,1733,141,7391,California
Amador,2021-02-24,393,9514,56,3224,337,6290,0,0,261,5791,128,1861,261,7652,California
Amador,2021-02-25,522,10036,117,3341,405,6695,0,0,278,5826,243,2104,278,7930,California
Amador,2021-02-26,613,10649,75,3416,538,7233,0,0,505,6224,108,2212,506,8436,California
Amador,2021-02-27,293,10942,93,3509,200,7433,0,0,102,6138,190,2402,104,8540,California
Amador,2021-02-28,103,11045,53,3562,50,7483,0,0,57,6151,46,2448,59,8599,California
Amador,2021-03-01,188,11233,66,3628,122,7605,0,0,119,6202,69,2517,120,8719,California
Amador,2021-03-02,381,11614,64,3692,317,7922,0,0,331,6484,50,2567,332,9051,California
Amador,2021-03-03,243,11857,79,3771,164,8086,0,0,167,6577,75,2642,168,9219,California
Amador,2021-03-04,497,12354,116,3887,381,8467,0,0,394,6869,102,2744,394,9613,California
Amador,2021-03-05,513,12867,77,3964,436,8903,0,0,294,6947,218,2962,296,9909,California
Amador,2021-03-06,99,12966,45,4009,53,8956,1,1,54,6957,45,3007,55,9964,California
Amador,2021-03-07,64,13030,43,4052,21,8977,0,1,21,6935,43,3050,21,9985,California
Amador,2021-03-08,152,13182,71,4123,80,9057,1,2,91,6966,61,3111,92,10077,California
Amador,2021-03-09,372,13554,50,4173,322,9379,0,2,293,7183,76,3187,293,10370,California
Amador,2021-03-10,512,14066,77,4250,433,9812,2,4,111,6896,401,3588,114,10484,California
Amador,2021-03-11,474,14540,118,4368,345,10157,11,15,299,7035,174,3762,313,10797,California
Amador,2021-03-12,570,15110,66,4434,496,10653,8,23,338,7155,231,3993,351,11148,California
Amador,2021-03-13,114,15224,18,4452,89,10742,7,30,74,7200,40,4033,85,11233,California
Amador,2021-03-14,89,15313,19,4471,67,10809,3,33,21,7156,68,4101,24,11257,California
Amador,2021-03-15,179,15492,26,4497,146,10955,7,40,55,7096,124,4225,64,11321,California
Amador,2021-03-16,450,15942,54,4551,386,11341,10,50,138,6934,310,4535,148,11469,California
Amador,2021-03-17,192,16134,42,4593,147,11488,3,53,116,6978,76,4611,120,11589,California
Amador,2021-03-18,477,16611,100,4693,373,11861,4,57,251,7011,226,4837,259,11848,California
Amador,2021-03-19,541,17152,56,4749,468,12329,17,74,391,7274,148,4985,411,12259,California
Amador,2021-03-20,110,17262,45,4794,64,12393,1,75,46,7260,63,5048,49,12308,California
Amador,2021-03-21,48,17310,36,4830,11,12404,1,76,31,7278,16,5064,34,12342,California
Amador,2021-03-22,115,17425,33,4863,53,12457,29,105,51,7294,64,5128,80,12422,California
Amador,2021-03-23,435,17860,47,4910,380,12837,8,113,276,7421,158,5286,285,12707,California
Amador,2021-03-24,342,18202,35,4945,54,12891,253,366,34,7401,307,5593,287,12994,California
Amador,2021-03-25,607,18809,85,5030,516,13407,6,372,395,7591,211,5804,401,13395,California
Amador,2021-03-26,743,19552,44,5074,693,14100,6,378,280,7419,461,6265,289,13684,California
Amador,2021-03-27,91,19643,15,5089,74,14174,2,380,27,7386,64,6329,31,13715,California
Amador,2021-03-28,69,19712,16,5105,51,14225,2,382,12,7345,56,6385,15,13730,California
Amador,2021-03-29,181,19893,26,5131,154,14379,1,383,82,7336,97,6482,88,13818,California
Amador,2021-03-30,535,20428,28,5159,506,14885,1,384,294,7391,240,6722,295,14113,California
Amador,2021-03-31,199,20627,57,5216,137,15022,5,389,43,7284,155,6877,48,14161,California
Amador,2021-04-01,615,21242,87,5303,528,15550,0,389,263,7200,349,7226,265,14426,California
Amador,2021-04-02,607,21849,38,5341,557,16107,12,401,382,7371,224,7450,395,14821,California
Amador,2021-04-03,84,21933,20,5361,44,16151,20,421,21,7351,63,7513,43,14864,California
Amador,2021-04-04,38,21971,3,5364,29,16180,6,427,15,7349,23,7536,21,14885,California
Amador,2021-04-05,144,22115,52,5416,75,16255,17,444,49,7323,94,7630,68,14953,California
Amador,2021-04-06,503,22618,38,5454,446,16701,19,463,223,7287,278,7908,242,15195,California
Amador,2021-04-07,99,22717,34,5488,46,16747,19,482,43,7295,54,7962,62,15257,California
Amador,2021-04-08,494,23211,84,5572,389,17136,21,503,221,7265,272,8234,242,15499,California
Amador,2021-04-09,481,23692,20,5592,442,17578,19,522,211,7224,269,8503,228,15727,California
Amador,2021-04-10,50,23742,14,5606,27,17605,9,531,22,7227,28,8531,31,15758,California
Amador,2021-04-11,50,23792,25,5631,21,17626,4,535,23,7228,26,8557,27,15785,California
Amador,2021-04-12,97,23889,25,5656,62,17688,10,545,41,7223,56,8613,51,15836,California
Amador,2021-04-13,344,24233,50,5706,294,17982,0,545,68,7016,275,8888,68,15904,California
Amador,2021-04-14,278,24511,26,5732,252,18234,0,545,177,7093,100,8988,177,16081,California
Amador,2021-04-15,330,24841,73,5805,257,18491,0,545,72,6912,253,9241,72,16153,California
Amador,2021-04-16,482,25323,29,5834,453,18944,0,545,385,7201,96,9337,385,16538,California
Amador,2021-04-17,60,25383,34,5868,26,18970,0,545,26,7193,34,9371,26,16564,California
Amador,2021-04-18,26,25409,6,5874,20,18990,0,545,11,7190,14,9385,11,16575,California
Amador,2021-04-19,69,25478,27,5901,42,19032,0,545,31,7186,37,9422,33,16608,California
Amador,2021-04-20,436,25914,54,5955,382,19414,0,545,111,6981,318,9740,113,16721,California
Amador,2021-04-21,85,25999,33,5988,52,19466,0,545,43,6983,41,9781,43,16764,California
Amador,2021-04-22,496,26495,77,6065,418,19884,1,546,104,6703,385,10166,105,16869,California
Amador,2021-04-23,358,26853,46,6111,312,20196,0,546,286,6920,71,10237,288,17157,California
Amador,2021-04-24,47,26900,23,6134,24,20220,0,546,26,6926,20,10257,26,17183,California
Amador,2021-04-25,41,26941,19,6153,22,20242,0,546,29,6943,12,10269,29,17212,California
Amador,2021-04-26,86,27027,26,6179,59,20301,1,547,40,6939,45,10314,41,17253,California
Amador,2021-04-27,488,27515,37,6216,451,20752,0,547,86,6626,400,10714,87,17340,California
Amador,2021-04-28,67,27582,29,6245,34,20786,4,551,39,6641,28,10742,43,17383,California
Amador,2021-04-29,221,27803,69,6314,44,20830,108,659,64,6655,157,10899,171,17554,California
Amador,2021-04-30,338,28141,26,6340,308,21138,4,663,95,6511,243,11142,99,17653,California
Amador,2021-05-01,42,28183,16,6356,22,21160,4,667,22,6519,18,11160,26,17679,California
Amador,2021-05-02,26,28209,14,6370,9,21169,3,670,9,6515,17,11177,13,17692,California
Amador,2021-05-03,67,28276,33,6403,24,21193,10,680,27,6512,40,11217,37,17729,California
Amador,2021-05-04,465,28741,25,6428,433,21626,7,687,68,6190,397,11614,75,17804,California
Amador,2021-05-05,202,28943,153,6581,40,21666,9,696,163,6323,39,11653,172,17976,California
Amador,2021-05-06,108,29051,54,6635,49,21715,5,701,63,6348,43,11696,68,18044,California
Amador,2021-05-07,127,29178,30,6665,90,21805,7,708,68,6364,59,11755,75,18119,California
Amador,2021-05-08,41,29219,7,6672,30,21835,4,712,19,6365,22,11777,23,18142,California
Amador,2021-05-09,15,29234,0,6672,9,21844,6,718,4,6364,11,11788,10,18152,California
Amador,2021-05-10,62,29296,15,6687,44,21888,3,721,26,6357,36,11824,29,18181,California
Amador,2021-05-11,101,29397,33,6720,42,21930,26,747,45,6372,56,11880,71,18252,California
Amador,2021-05-12,62,29459,20,6740,41,21971,1,748,28,6367,34,11914,29,18281,California
Amador,2021-05-13,72,29531,40,6780,28,21999,4,752,36,6372,35,11949,40,18321,California
Amador,2021-05-14,388,29919,32,6812,352,22351,4,756,83,6154,305,12254,87,18408,California
Amador,2021-05-15,50,29969,19,6831,21,22372,10,766,24,6162,26,12280,34,18442,California
Amador,2021-05-16,26,29995,12,6843,14,22386,0,766,12,6160,14,12294,12,18454,California
Amador,2021-05-17,62,30057,14,6857,46,22432,2,768,28,6157,33,12327,30,18484,California
Amador,2021-05-18,203,30260,153,7010,19,22451,31,799,147,6279,56,12383,178,18662,California
Butte,2020-12-16,3,3,3,3,0,0,0,0,3,3,0,0,3,3,California
Butte,2020-12-17,21,24,21,24,0,0,0,0,21,24,0,0,21,24,California
Butte,2020-12-18,50,74,50,74,0,0,0,0,50,74,0,0,50,74,California
Butte,2020-12-19,7,81,7,81,0,0,0,0,7,81,0,0,7,81,California
Butte,2020-12-20,10,91,10,91,0,0,0,0,10,91,0,0,10,91,California
Butte,2020-12-21,634,725,634,725,0,0,0,0,634,725,0,0,634,725,California
Butte,2020-12-22,618,1343,616,1341,2,2,0,0,618,1343,0,0,618,1343,California
Butte,2020-12-23,870,2213,854,2195,16,18,0,0,870,2213,0,0,870,2213,California
Butte,2020-12-24,159,2372,155,2350,4,22,0,0,159,2372,0,0,159,2372,California
Butte,2020-12-26,93,2465,91,2441,2,24,0,0,93,2465,0,0,93,2465,California
Butte,2020-12-27,35,2500,34,2475,1,25,0,0,35,2500,0,0,35,2500,California
Butte,2020-12-28,279,2779,273,2748,6,31,0,0,279,2779,0,0,279,2779,California
Butte,2020-12-29,203,2982,179,2927,24,55,0,0,203,2982,0,0,203,2982,California
Butte,2020-12-30,513,3495,291,3218,222,277,0,0,513,3495,0,0,513,3495,California
Butte,2020-12-31,211,3706,18,3236,193,470,0,0,211,3706,0,0,211,3706,California
Butte,2021-01-01,8,3714,1,3237,7,477,0,0,8,3714,0,0,8,3714,California
Butte,2021-01-02,41,3755,38,3275,3,480,0,0,41,3755,0,0,41,3755,California
Butte,2021-01-03,4,3759,1,3276,3,483,0,0,4,3759,0,0,4,3759,California
Butte,2021-01-04,208,3967,175,3451,33,516,0,0,208,3967,0,0,208,3967,California
Butte,2021-01-05,197,4164,152,3603,45,561,0,0,196,4162,1,1,196,4163,California
Butte,2021-01-06,624,4788,397,4000,227,788,0,0,619,4777,5,6,620,4783,California
Butte,2021-01-07,761,5549,369,4369,392,1180,0,0,741,5498,20,26,741,5524,California
Butte,2021-01-08,668,6217,529,4898,139,1319,0,0,622,6074,46,72,622,6146,California
Butte,2021-01-09,12,6229,7,4905,5,1324,0,0,7,6076,5,77,7,6153,California
Butte,2021-01-10,19,6248,5,4910,14,1338,0,0,14,6085,5,82,14,6167,California
Butte,2021-01-11,985,7233,949,5859,36,1374,0,0,357,5817,628,710,360,6527,California
Butte,2021-01-12,698,7931,653,6512,45,1419,0,0,274,5667,424,1134,274,6801,California
Butte,2021-01-13,1451,9382,957,7469,494,1913,0,0,616,5450,835,1969,618,7419,California
Butte,2021-01-14,1635,11017,894,8363,741,2654,0,0,1439,6694,195,2164,1439,8858,California
Butte,2021-01-15,1168,12185,926,9289,242,2896,0,0,1059,7643,110,2274,1059,9917,California
Butte,2021-01-16,586,12771,300,9589,286,3182,0,0,541,8139,45,2319,541,10458,California
Butte,2021-01-17,239,13010,64,9653,175,3357,0,0,202,8304,37,2356,202,10660,California
Butte,2021-01-18,344,13354,302,9955,42,3399,0,0,276,8513,67,2423,276,10936,California
Butte,2021-01-19,497,13851,433,10388,64,3463,0,0,224,8464,273,2696,224,11160,California
Butte,2021-01-20,1370,15221,689,11077,681,4144,0,0,1067,9228,303,2999,1067,12227,California
Butte,2021-01-21,1474,16695,866,11943,608,4752,0,0,1366,10487,107,3106,1366,13593,California
Butte,2021-01-22,1136,17831,477,12420,659,5411,0,0,1083,11517,53,3159,1083,14676,California
Butte,2021-01-23,129,17960,87,12507,42,5453,0,0,103,11594,26,3185,103,14779,California
Butte,2021-01-24,9,17969,7,12514,2,5455,0,0,9,11603,0,3185,9,14788,California
Butte,2021-01-25,655,18624,335,12849,320,5775,0,0,492,11932,163,3348,492,15280,California
Butte,2021-01-26,1468,20092,377,13226,1091,6866,0,0,1331,13126,137,3485,1331,16611,California
Butte,2021-01-27,2093,22185,706,13932,1387,8253,0,0,1363,13760,729,4214,1363,17974,California
Butte,2021-01-28,2261,24446,260,14192,2001,10254,0,0,1951,15402,309,4523,1951,19925,California
Butte,2021-01-29,1686,26132,487,14679,1199,11453,0,0,1307,16331,378,4901,1307,21232,California
Butte,2021-01-30,32,26164,9,14688,23,11476,0,0,29,16357,3,4904,29,21261,California
Butte,2021-01-31,16,26180,14,14702,2,11478,0,0,15,16371,1,4905,15,21276,California
Butte,2021-02-01,1750,27930,406,15108,1344,12822,0,0,1362,17347,386,5291,1362,22638,California
Butte,2021-02-02,1931,29861,363,15471,1568,14390,0,0,1628,18671,304,5595,1628,24266,California
Butte,2021-02-03,2739,32600,775,16246,1964,16354,0,0,1848,19630,889,6484,1848,26114,California
Butte,2021-02-04,2961,35561,327,16573,2634,18988,0,0,2404,21479,555,7039,2404,28518,California
Butte,2021-02-05,1271,36832,668,17241,603,19591,0,0,550,21309,721,7760,551,29069,California
Butte,2021-02-06,144,36976,103,17344,41,19632,0,0,62,21289,82,7842,62,29131,California
Butte,2021-02-07,37,37013,33,17377,4,19636,0,0,13,21278,24,7866,13,29144,California
Butte,2021-02-08,693,37706,544,17921,149,19785,0,0,239,21063,454,8320,239,29383,California
Butte,2021-02-09,953,38659,459,18380,494,20279,0,0,723,21556,230,8550,723,30106,California
Butte,2021-02-10,1706,40365,1190,19570,516,20795,0,0,675,21202,1029,9579,675,30781,California
Butte,2021-02-11,2203,42568,1349,20919,854,21649,0,0,1007,21013,1196,10775,1007,31788,California
Butte,2021-02-12,1001,43569,433,21352,568,22217,0,0,330,20673,670,11445,330,32118,California
Butte,2021-02-13,252,43821,44,21396,208,22425,0,0,150,20721,102,11547,150,32268,California
Butte,2021-02-14,161,43982,9,21405,152,22577,0,0,156,20872,5,11552,156,32424,California
Butte,2021-02-15,263,44245,47,21452,216,22793,0,0,198,21005,65,11617,198,32622,California
Butte,2021-02-16,733,44978,433,21885,300,23093,0,0,275,20821,459,12076,275,32897,California
Butte,2021-02-17,1516,46494,849,22734,667,23760,0,0,842,20991,672,12748,842,33739,California
Butte,2021-02-18,1557,48051,763,23497,794,24554,0,0,747,20928,810,13558,747,34486,California
Butte,2021-02-19,1166,49217,387,23884,779,25333,0,0,401,20571,758,14316,401,34887,California
Butte,2021-02-20,478,49695,32,23916,446,25779,0,0,125,20344,352,14668,125,35012,California
Butte,2021-02-21,18,49713,16,23932,2,25781,0,0,13,20352,5,14673,13,35025,California
Butte,2021-02-22,1501,51214,298,24230,1203,26984,0,0,379,19612,1119,15792,379,35404,California
Butte,2021-02-23,1634,52848,297,24527,1337,28321,0,0,462,18907,1167,16959,462,35866,California
Butte,2021-02-24,2135,54983,596,25123,1539,29860,0,0,727,18234,1400,18359,727,36593,California
Butte,2021-02-25,2078,57061,580,25703,1498,31358,0,0,656,17474,1417,19776,657,37250,California
Butte,2021-02-26,921,57982,311,26014,610,31968,0,0,396,17348,522,20298,396,37646,California
Butte,2021-02-27,236,58218,48,26062,188,32156,0,0,186,17486,48,20346,186,37832,California
Butte,2021-02-28,140,58358,16,26078,124,32280,0,0,132,17610,8,20354,132,37964,California
Butte,2021-03-01,1630,59988,178,26256,1451,33731,1,1,329,16642,1298,21652,330,38294,California
Butte,2021-03-02,1747,61735,198,26454,1549,35280,0,1,313,15525,1430,23082,313,38607,California
Butte,2021-03-03,2786,64521,850,27304,1936,37216,0,1,481,13703,2303,25385,481,39088,California
Butte,2021-03-04,3150,67671,682,27986,2468,39684,0,1,627,11808,2522,27907,627,39715,California
Butte,2021-03-05,1351,69022,616,28602,734,40418,1,2,738,11937,610,28517,739,40454,California
Butte,2021-03-06,247,69269,27,28629,197,40615,23,25,186,12086,60,28577,209,40663,California
Butte,2021-03-07,55,69324,3,28632,35,40650,17,42,30,12108,25,28602,47,40710,California
Butte,2021-03-08,1265,70589,129,28761,1059,41709,77,119,1100,13123,162,28764,1177,41887,California
Butte,2021-03-09,1900,72489,280,29041,1517,43226,103,222,1412,14153,485,29249,1515,43402,California
Butte,2021-03-10,2321,74810,966,30007,1254,44480,101,323,1579,15095,737,29986,1679,45081,California
Butte,2021-03-11,2809,77619,1317,31324,1366,45846,126,449,1982,16387,816,30802,2108,47189,California
Butte,2021-03-12,1146,78765,329,31653,468,46314,349,798,357,16310,783,31585,706,47895,California
Butte,2021-03-13,256,79021,69,31722,138,46452,49,847,64,16230,192,31777,112,48007,California
Butte,2021-03-14,161,79182,15,31737,104,46556,42,889,20,16152,140,31917,62,48069,California
Butte,2021-03-15,1723,80905,360,32097,1069,47625,294,1183,1127,16984,589,32506,1421,49490,California
Butte,2021-03-16,1632,82537,417,32514,1137,48762,78,1261,1092,17616,537,33043,1169,50659,California
Butte,2021-03-17,1954,84491,1358,33872,515,49277,81,1342,1136,18022,810,33853,1216,51875,California
Butte,2021-03-18,1806,86297,1464,35336,213,49490,129,1471,1062,18474,738,34591,1190,53065,California
Butte,2021-03-19,700,86997,314,35650,302,49792,84,1555,346,18560,344,34935,430,53495,California
Butte,2021-03-20,205,87202,32,35682,157,49949,16,1571,93,18557,112,35047,109,53604,California
Butte,2021-03-21,58,87260,27,35709,2,49951,29,1600,15,18558,43,35090,44,53648,California
Butte,2021-03-22,1463,88723,353,36062,1016,50967,94,1694,1198,19587,263,35353,1292,54940,California
Butte,2021-03-23,1805,90528,493,36555,1198,52165,114,1808,1455,20809,347,35700,1569,56509,California
Butte,2021-03-24,2253,92781,1270,37825,857,53022,126,1934,1704,22093,545,36245,1829,58338,California
Butte,2021-03-25,1485,94266,1202,39027,191,53213,92,2026,1019,22742,462,36707,1111,59449,California
Butte,2021-03-26,1211,95477,441,39468,524,53737,246,2272,564,22913,639,37346,810,60259,California
Butte,2021-03-27,300,95777,84,39552,192,53929,24,2296,134,22906,163,37509,156,60415,California
Butte,2021-03-28,227,96004,44,39596,175,54104,8,2304,102,22893,122,37631,109,60524,California
Butte,2021-03-29,1720,97724,381,39977,1269,55373,70,2374,1305,23858,410,38041,1375,61899,California
Butte,2021-03-30,1041,98765,471,40448,480,55853,90,2464,496,23905,539,38580,586,62485,California
Butte,2021-03-31,1779,100544,1305,41753,407,56260,67,2531,1089,24377,684,39264,1156,63641,California
Butte,2021-04-01,3290,103834,2670,44423,493,56753,127,2658,2220,25661,1064,40328,2348,65989,California
Butte,2021-04-02,1000,104834,418,44841,462,57215,120,2778,561,25909,431,40759,679,66668,California
Butte,2021-04-03,347,105181,47,44888,225,57440,75,2853,164,25965,183,40942,239,66907,California
Butte,2021-04-04,186,105367,23,44911,140,57580,23,2876,107,26019,77,41019,131,67038,California
Butte,2021-04-05,1955,107322,421,45332,1363,58943,171,3047,592,25426,1354,42373,761,67799,California
Butte,2021-04-06,2193,109515,619,45951,1154,60097,420,3467,795,25247,1392,43765,1213,69012,California
Butte,2021-04-07,3009,112524,1312,47263,1305,61402,392,3859,699,24034,2304,46069,1091,70103,California
Butte,2021-04-08,2720,115244,1189,48452,1266,62668,265,4124,438,22458,2279,48348,703,70806,California
Butte,2021-04-09,1365,116609,349,48801,536,63204,480,4604,324,22220,1038,49386,800,71606,California
Butte,2021-04-10,220,116829,48,48849,75,63279,97,4701,96,22289,123,49509,192,71798,California
Butte,2021-04-11,107,116936,45,48894,52,63331,10,4711,83,22360,22,49531,93,71891,California
Butte,2021-04-12,1407,118343,314,49208,960,64291,133,4844,252,21590,1155,50686,385,72276,California
Butte,2021-04-13,1641,119984,571,49779,1064,65355,6,4850,350,20662,1284,51970,356,72632,California
Butte,2021-04-14,2827,122811,2337,52116,490,65845,0,4850,1311,20463,1511,53481,1312,73944,California
Butte,2021-04-15,640,123451,395,52511,245,66090,0,4850,483,20792,154,53635,483,74427,California
Butte,2021-04-16,809,124260,415,52926,394,66484,0,4850,474,20934,332,53967,474,74901,California
Butte,2021-04-17,341,124601,62,52988,279,66763,0,4850,239,21073,100,54067,239,75140,California
Butte,2021-04-18,41,124642,11,52999,30,66793,0,4850,37,21106,4,54071,37,75177,California
Butte,2021-04-19,1559,126201,380,53379,1179,67972,0,4850,447,20444,1109,55180,447,75624,California
Butte,2021-04-20,1967,128168,714,54093,1253,69225,0,4850,774,20031,1187,56367,774,76398,California
Butte,2021-04-21,2050,130218,1166,55259,884,70109,0,4850,481,18949,1563,57930,481,76879,California
Butte,2021-04-22,2213,132431,1935,57194,278,70387,0,4850,635,18010,1574,59504,635,77514,California
Butte,2021-04-23,946,133377,446,57640,500,70887,0,4850,489,18044,455,59959,489,78003,California
Butte,2021-04-24,345,133722,138,57778,207,71094,0,4850,191,18081,154,60113,191,78194,California
Butte,2021-04-25,172,133894,67,57845,105,71199,0,4850,63,18035,109,60222,63,78257,California
Butte,2021-04-26,1485,135379,426,58271,1054,72253,5,4855,417,17392,1065,61287,422,78679,California
Butte,2021-04-27,934,136313,638,58909,269,72522,27,4882,562,17613,368,61655,589,79268,California
Butte,2021-04-28,1390,137703,935,59844,431,72953,24,4906,499,17250,886,62541,523,79791,California
Butte,2021-04-29,880,138583,541,60385,314,73267,25,4931,296,16992,579,63120,321,80112,California
Butte,2021-04-30,893,139476,387,60772,485,73752,21,4952,452,17029,435,63555,472,80584,California
Butte,2021-05-01,239,139715,64,60836,156,73908,19,4971,72,16954,166,63721,91,80675,California
Butte,2021-05-02,147,139862,61,60897,73,73981,13,4984,42,16904,105,63826,55,80730,California
Butte,2021-05-03,606,140468,250,61147,325,74306,31,5015,157,16653,439,64265,188,80918,California
Butte,2021-05-04,815,141283,314,61461,469,74775,32,5047,211,16297,598,64863,242,81160,California
Butte,2021-05-05,1339,142622,1091,62552,212,74987,36,5083,276,15550,1059,65922,312,81472,California
Butte,2021-05-06,927,143549,671,63223,219,75206,37,5120,366,15396,557,66479,403,81875,California
Butte,2021-05-07,563,144112,291,63514,235,75441,37,5157,288,15449,272,66751,325,82200,California
Butte,2021-05-08,169,144281,36,63550,124,75565,9,5166,90,15470,78,66829,99,82299,California
Butte,2021-05-09,94,144375,20,63570,71,75636,3,5169,50,15479,44,66873,53,82352,California
Butte,2021-05-10,520,144895,307,63877,170,75806,43,5212,214,15433,303,67176,257,82609,California
Butte,2021-05-11,858,145753,639,64516,162,75968,57,5269,272,15179,583,67759,329,82938,California
Butte,2021-05-12,726,146479,471,64987,210,76178,45,5314,320,15142,402,68161,365,83303,California
Butte,2021-05-13,837,147316,557,65544,221,76399,59,5373,287,14947,539,68700,344,83647,California
Butte,2021-05-14,814,148130,510,66054,278,76677,26,5399,344,14849,468,69168,370,84017,California
Butte,2021-05-15,444,148574,205,66259,211,76888,28,5427,197,14828,246,69414,225,84242,California
Butte,2021-05-16,51,148625,3,66262,31,76919,17,5444,15,14825,35,69449,32,84274,California
Butte,2021-05-17,646,149271,404,66666,205,77124,37,5481,261,14741,381,69830,297,84571,California
Butte,2021-05-18,652,149923,492,67158,141,77265,19,5500,248,14608,400,70230,267,84838,California
Calaveras,2020-12-16,5,5,5,5,0,0,0,0,5,5,0,0,5,5,California
Calaveras,2020-12-17,3,8,3,8,0,0,0,0,3,8,0,0,3,8,California
Calaveras,2020-12-18,38,46,38,46,0,0,0,0,38,46,0,0,38,46,California
Calaveras,2020-12-19,3,49,3,49,0,0,0,0,3,49,0,0,3,49,California
Calaveras,2020-12-20,3,52,3,52,0,0,0,0,3,52,0,0,3,52,California
Calaveras,2020-12-21,55,107,48,100,7,7,0,0,55,107,0,0,55,107,California
Calaveras,2020-12-22,82,189,78,178,4,11,0,0,83,190,0,0,83,190,California
Calaveras,2020-12-23,76,265,74,252,2,13,0,0,76,266,0,0,76,266,California
Calaveras,2020-12-24,2,267,2,254,0,13,0,0,2,268,0,0,2,268,California
Calaveras,2020-12-26,3,270,3,257,0,13,0,0,3,271,0,0,3,271,California
Calaveras,2020-12-28,21,291,17,274,4,17,0,0,20,290,1,1,20,291,California
Calaveras,2020-12-29,167,458,147,421,20,37,0,0,167,457,0,1,167,458,California
Calaveras,2020-12-30,94,552,82,503,12,49,0,0,94,551,0,1,94,552,California
Calaveras,2020-12-31,37,589,26,529,11,60,0,0,37,588,0,1,37,589,California
Calaveras,2021-01-02,11,600,11,540,0,60,0,0,11,599,0,1,11,600,California
Calaveras,2021-01-03,10,610,4,544,6,66,0,0,10,609,0,1,10,610,California
Calaveras,2021-01-04,33,643,5,549,28,94,0,0,33,642,0,1,33,643,California
Calaveras,2021-01-05,40,683,9,558,31,125,0,0,31,669,9,10,36,679,California
Calaveras,2021-01-06,107,790,30,588,77,202,0,0,97,756,10,20,97,776,California
Calaveras,2021-01-07,105,895,26,614,79,281,0,0,92,838,11,31,93,869,California
Calaveras,2021-01-08,68,963,38,652,30,311,0,0,45,861,23,54,46,915,California
Calaveras,2021-01-09,5,968,5,657,0,311,0,0,2,860,3,57,2,917,California
Calaveras,2021-01-10,2,970,0,657,2,313,0,0,2,862,0,57,2,919,California
Calaveras,2021-01-11,65,1035,59,716,6,319,0,0,27,854,37,94,29,948,California
Calaveras,2021-01-12,85,1120,52,768,33,352,0,0,52,874,33,127,53,1001,California
Calaveras,2021-01-13,110,1230,45,813,65,417,0,0,76,917,34,161,77,1078,California
Calaveras,2021-01-14,139,1369,42,855,97,514,0,0,106,992,32,193,107,1185,California
Calaveras,2021-01-15,93,1462,29,884,64,578,0,0,73,1045,20,213,73,1258,California
Calaveras,2021-01-16,13,1475,2,886,11,589,0,0,12,1056,1,214,12,1270,California
Calaveras,2021-01-17,9,1484,1,887,8,597,0,0,9,1065,0,214,9,1279,California
Calaveras,2021-01-18,133,1617,20,907,113,710,0,0,119,1173,14,228,122,1401,California
Calaveras,2021-01-19,205,1822,175,1082,30,740,0,0,62,1094,142,370,63,1464,California
Calaveras,2021-01-20,378,2200,82,1164,296,1036,0,0,292,1311,85,455,302,1766,California
Calaveras,2021-01-21,463,2663,41,1205,422,1458,0,0,431,1719,32,487,440,2206,California
Calaveras,2021-01-22,401,3064,23,1228,378,1836,0,0,391,2107,10,497,398,2604,California
Calaveras,2021-01-23,22,3086,10,1238,12,1848,0,0,18,2121,4,501,18,2622,California
Calaveras,2021-01-24,14,3100,8,1246,6,1854,0,0,12,2131,2,503,12,2634,California
Calaveras,2021-01-25,86,3186,8,1254,78,1932,0,0,81,2207,5,508,81,2715,California
Calaveras,2021-01-26,47,3233,15,1269,32,1964,0,0,39,2238,8,516,39,2754,California
Calaveras,2021-01-27,135,3368,43,1312,92,2056,0,0,107,2318,27,543,107,2861,California
Calaveras,2021-01-28,165,3533,25,1337,140,2196,0,0,140,2437,25,568,144,3005,California
Calaveras,2021-01-29,389,3922,11,1348,378,2574,0,0,362,2783,27,595,373,3378,California
Calaveras,2021-01-30,27,3949,10,1358,17,2591,0,0,25,2808,0,595,25,3403,California
Calaveras,2021-01-31,6,3955,4,1362,2,2593,0,0,5,2812,1,596,5,3408,California
Calaveras,2021-02-01,25,3980,11,1373,14,2607,0,0,17,2821,8,604,17,3425,California
Calaveras,2021-02-02,109,4089,22,1395,87,2694,0,0,71,2860,33,637,72,3497,California
Calaveras,2021-02-03,431,4520,43,1438,388,3082,0,0,346,3124,84,721,348,3845,California
Calaveras,2021-02-04,381,4901,25,1463,356,3438,0,0,296,3338,85,806,299,4144,California
Calaveras,2021-02-05,78,4979,22,1485,56,3494,0,0,40,3341,38,844,41,4185,California
Calaveras,2021-02-06,21,5000,12,1497,9,3503,0,0,21,3362,0,844,21,4206,California
Calaveras,2021-02-07,4,5004,1,1498,3,3506,0,0,2,3362,2,846,2,4208,California
Calaveras,2021-02-08,39,5043,18,1516,21,3527,0,0,31,3387,6,852,31,4239,California
Calaveras,2021-02-09,193,5236,77,1593,116,3643,0,0,131,3465,54,906,132,4371,California
Calaveras,2021-02-10,514,5750,31,1624,483,4126,0,0,443,3841,71,977,447,4818,California
Calaveras,2021-02-11,583,6333,81,1705,502,4628,0,0,472,4209,108,1085,476,5294,California
Calaveras,2021-02-12,570,6903,325,2030,245,4873,0,0,494,4631,74,1159,496,5790,California
Calaveras,2021-02-13,201,7104,45,2075,156,5029,0,0,186,4802,15,1174,186,5976,California
Calaveras,2021-02-14,221,7325,71,2146,150,5179,0,0,206,4994,14,1188,206,6182,California
Calaveras,2021-02-15,383,7708,23,2169,360,5539,0,0,263,5140,117,1305,263,6445,California
Calaveras,2021-02-16,268,7976,144,2313,124,5663,0,0,230,5334,38,1343,232,6677,California
Calaveras,2021-02-17,510,8486,38,2351,472,6135,0,0,208,5252,293,1636,211,6888,California
Calaveras,2021-02-18,499,8985,91,2442,408,6543,0,0,97,4962,387,2023,97,6985,California
Calaveras,2021-02-19,440,9425,43,2485,397,6940,0,0,98,4727,333,2356,98,7083,California
Calaveras,2021-02-20,59,9484,15,2500,44,6984,0,0,48,4764,11,2367,48,7131,California
Calaveras,2021-02-21,24,9508,14,2514,10,6994,0,0,18,4777,5,2372,18,7149,California
Calaveras,2021-02-22,62,9570,38,2552,24,7018,0,0,33,4781,29,2401,33,7182,California
Calaveras,2021-02-23,126,9696,41,2593,85,7103,0,0,90,4836,36,2437,91,7273,California
Calaveras,2021-02-24,97,9793,48,2641,49,7152,0,0,67,4874,29,2466,67,7340,California
Calaveras,2021-02-25,550,10343,99,2740,451,7603,0,0,356,5044,189,2655,359,7699,California
Calaveras,2021-02-26,707,11050,46,2786,661,8264,0,0,370,5097,319,2974,372,8071,California
Calaveras,2021-02-27,204,11254,22,2808,182,8446,0,0,180,5253,24,2998,180,8251,California
Calaveras,2021-02-28,99,11353,16,2824,83,8529,0,0,93,5341,5,3003,93,8344,California
Calaveras,2021-03-01,229,11582,41,2865,188,8717,0,0,146,5408,80,3083,147,8491,California
Calaveras,2021-03-02,249,11831,96,2961,153,8870,0,0,203,5569,43,3126,204,8695,California
Calaveras,2021-03-03,512,12343,103,3064,409,9279,0,0,213,5489,293,3419,213,8908,California
Calaveras,2021-03-04,744,13087,68,3132,675,9954,1,1,353,5461,382,3801,354,9262,California
Calaveras,2021-03-05,456,13543,272,3404,180,10134,4,5,141,5295,311,4112,145,9407,California
Calaveras,2021-03-06,155,13698,42,3446,107,10241,6,11,115,5376,40,4152,121,9528,California
Calaveras,2021-03-07,75,13773,32,3478,36,10277,7,18,34,5376,41,4193,41,9569,California
Calaveras,2021-03-08,162,13935,27,3505,127,10404,8,26,128,5479,33,4226,136,9705,California
Calaveras,2021-03-09,360,14295,136,3641,218,10622,6,32,32,5194,323,4549,38,9743,California
Calaveras,2021-03-10,418,14713,29,3670,386,11008,3,35,57,4898,356,4905,60,9803,California
Calaveras,2021-03-11,849,15562,421,4091,415,11423,13,48,432,4932,412,5317,446,10249,California
Calaveras,2021-03-12,401,15963,213,4304,178,11601,10,58,326,5200,74,5391,342,10591,California
Calaveras,2021-03-13,177,16140,16,4320,153,11754,8,66,142,5318,34,5425,152,10743,California
Calaveras,2021-03-14,156,16296,11,4331,144,11898,1,67,18,5206,138,5563,26,10769,California
Calaveras,2021-03-15,331,16627,48,4379,257,12155,26,93,52,5010,278,5841,82,10851,California
Calaveras,2021-03-16,687,17314,551,4930,116,12271,20,113,544,5433,141,5982,564,11415,California
Calaveras,2021-03-17,280,17594,53,4983,213,12484,14,127,50,5272,226,6208,65,11480,California
Calaveras,2021-03-18,666,18260,570,5553,80,12564,16,143,549,5722,117,6325,567,12047,California
Calaveras,2021-03-19,231,18491,50,5603,107,12671,74,217,57,5681,170,6495,129,12176,California
Calaveras,2021-03-20,80,18571,21,5624,58,12729,1,218,23,5649,57,6552,25,12201,California
Calaveras,2021-03-21,48,18619,31,5655,6,12735,11,229,12,5636,36,6588,23,12224,California
Calaveras,2021-03-22,80,18699,36,5691,23,12758,21,250,26,5629,54,6642,47,12271,California
Calaveras,2021-03-23,294,18993,204,5895,80,12838,10,260,116,5586,169,6811,126,12397,California
Calaveras,2021-03-24,133,19126,51,5946,72,12910,10,270,43,5551,88,6899,53,12450,California
Calaveras,2021-03-25,742,19868,103,6049,636,13546,3,273,446,5710,290,7189,449,12899,California
Calaveras,2021-03-26,426,20294,28,6077,392,13938,6,279,88,5471,335,7524,96,12995,California
Calaveras,2021-03-27,212,20506,19,6096,189,14127,4,283,37,5342,172,7696,43,13038,California
Calaveras,2021-03-28,111,20617,12,6108,97,14224,2,285,8,5251,102,7798,11,13049,California
Calaveras,2021-03-29,179,20796,23,6131,153,14377,3,288,58,5194,119,7917,62,13111,California
Calaveras,2021-03-30,532,21328,24,6155,491,14868,17,305,356,5392,175,8092,373,13484,California
Calaveras,2021-03-31,322,21650,140,6295,172,15040,10,315,156,5393,166,8258,167,13651,California
Calaveras,2021-04-01,684,22334,442,6737,241,15281,1,316,186,5086,497,8755,190,13841,California
Calaveras,2021-04-02,394,22728,231,6968,155,15436,8,324,117,4938,274,9029,126,13967,California
Calaveras,2021-04-03,144,22872,34,7002,106,15542,4,328,39,4876,105,9134,43,14010,California
Calaveras,2021-04-04,78,22950,25,7027,53,15595,0,328,49,4896,29,9163,49,14059,California
Calaveras,2021-04-05,209,23159,79,7106,121,15716,9,337,99,4895,110,9273,109,14168,California
Calaveras,2021-04-06,650,23809,573,7679,64,15780,13,350,111,4484,535,9808,124,14292,California
Calaveras,2021-04-07,753,24562,657,8336,60,15840,36,386,617,5002,136,9944,654,14946,California
Calaveras,2021-04-08,945,25507,854,9190,70,15910,21,407,435,4952,507,10451,457,15403,California
Calaveras,2021-04-09,154,25661,58,9248,48,15958,48,455,57,4962,96,10547,106,15509,California
Calaveras,2021-04-10,189,25850,42,9290,129,16087,18,473,147,5087,41,10588,166,15675,California
Calaveras,2021-04-11,69,25919,44,9334,23,16110,2,475,48,5116,21,10609,50,15725,California
Calaveras,2021-04-12,103,26022,46,9380,38,16148,19,494,54,5141,49,10658,74,15799,California
Calaveras,2021-04-13,422,26444,367,9747,55,16203,0,494,363,5448,58,10716,365,16164,California
Calaveras,2021-04-14,182,26626,28,9775,154,16357,0,494,136,5539,46,10762,137,16301,California
Calaveras,2021-04-15,336,26962,287,10062,49,16406,0,494,253,5712,80,10842,253,16554,California
Calaveras,2021-04-16,99,27061,25,10087,74,16480,0,494,47,5711,48,10890,47,16601,California
Calaveras,2021-04-17,330,27391,128,10215,202,16682,0,494,287,5955,43,10933,287,16888,California
Calaveras,2021-04-18,18,27409,5,10220,13,16695,0,494,11,5959,7,10940,11,16899,California
Calaveras,2021-04-19,69,27478,27,10247,42,16737,0,494,42,5976,26,10966,43,16942,California
Calaveras,2021-04-20,260,27738,93,10340,167,16904,0,494,194,6106,64,11030,194,17136,California
Calaveras,2021-04-21,215,27953,147,10487,68,16972,0,494,85,6064,128,11158,86,17222,California
Calaveras,2021-04-22,542,28495,97,10584,445,17417,0,494,141,5809,399,11557,144,17366,California
Calaveras,2021-04-23,158,28653,80,10664,78,17495,0,494,65,5783,91,11648,65,17431,California
Calaveras,2021-04-24,172,28825,36,10700,136,17631,0,494,129,5871,42,11690,130,17561,California
Calaveras,2021-04-25,43,28868,28,10728,15,17646,0,494,22,5874,21,11711,24,17585,California
Calaveras,2021-04-26,96,28964,59,10787,37,17683,0,494,28,5835,68,11779,29,17614,California
Calaveras,2021-04-27,424,29388,58,10845,352,18035,14,508,58,5543,364,12143,72,17686,California
Calaveras,2021-04-28,641,30029,573,11418,37,18072,31,539,52,5046,589,12732,92,17778,California
Calaveras,2021-04-29,509,30538,439,11857,51,18123,19,558,72,4706,436,13168,96,17874,California
Calaveras,2021-04-30,148,30686,60,11917,83,18206,5,563,67,4703,81,13249,78,17952,California
Calaveras,2021-05-01,197,30883,109,12026,86,18292,2,565,130,4773,66,13315,136,18088,California
Calaveras,2021-05-02,52,30935,35,12061,16,18308,1,566,20,4764,31,13346,22,18110,California
Calaveras,2021-05-03,94,31029,70,12131,19,18327,5,571,30,4739,64,13410,39,18149,California
Calaveras,2021-05-04,413,31442,328,12459,48,18375,37,608,42,4449,370,13780,80,18229,California
Calaveras,2021-05-05,110,31552,56,12515,22,18397,32,640,48,4467,61,13841,79,18308,California
Calaveras,2021-05-06,253,31805,194,12709,36,18433,23,663,47,4333,205,14046,71,18379,California
Calaveras,2021-05-07,84,31889,24,12733,54,18487,6,669,54,4363,30,14076,60,18439,California
Calaveras,2021-05-08,289,32178,140,12873,147,18634,2,671,92,4262,195,14271,94,18533,California
Calaveras,2021-05-09,28,32206,12,12885,13,18647,3,674,12,4261,16,14287,15,18548,California
Calaveras,2021-05-10,52,32258,23,12908,28,18675,1,675,23,4258,28,14315,25,18573,California
Calaveras,2021-05-11,128,32386,85,12993,31,18706,12,687,89,4322,38,14353,102,18675,California
Calaveras,2021-05-12,155,32541,35,13028,120,18826,0,687,41,4250,113,14466,41,18716,California
Calaveras,2021-05-13,109,32650,58,13086,35,18861,16,703,53,4264,55,14521,69,18785,California
Calaveras,2021-05-14,145,32795,90,13176,52,18913,3,706,98,4319,46,14567,101,18886,California
Calaveras,2021-05-15,260,33055,91,13267,166,19079,3,709,102,4272,152,14719,105,18991,California
Calaveras,2021-05-16,8,33063,3,13270,5,19084,0,709,3,4271,5,14724,4,18995,California
Calaveras,2021-05-17,79,33142,36,13306,35,19119,8,717,40,4282,38,14762,49,19044,California
Calaveras,2021-05-18,136,33278,15,13321,102,19221,19,736,17,4199,119,14881,36,19080,California
Colusa,2020-12-18,1,1,1,1,0,0,0,0,1,1,0,0,1,1,California
Colusa,2020-12-21,2,3,2,3,0,0,0,0,2,3,0,0,2,3,California
Colusa,2020-12-22,10,13,10,13,0,0,0,0,10,13,0,0,10,13,California
Colusa,2020-12-23,10,23,10,23,0,0,0,0,10,23,0,0,10,23,California
Colusa,2020-12-24,2,25,1,24,1,1,0,0,2,25,0,0,2,25,California
Colusa,2020-12-27,1,26,1,25,0,1,0,0,1,26,0,0,1,26,California
Colusa,2020-12-28,7,33,3,28,4,5,0,0,7,33,0,0,7,33,California
Colusa,2020-12-29,11,44,8,36,3,8,0,0,11,44,0,0,11,44,California
Colusa,2020-12-30,50,94,13,49,37,45,0,0,50,94,0,0,50,94,California
Colusa,2020-12-31,18,112,1,50,17,62,0,0,18,112,0,0,18,112,California
Colusa,2021-01-04,4,116,0,50,4,66,0,0,4,116,0,0,4,116,California
Colusa,2021-01-05,67,183,1,51,66,132,0,0,67,183,0,0,67,183,California
Colusa,2021-01-06,15,198,9,60,6,138,0,0,15,198,0,0,15,198,California
Colusa,2021-01-07,38,236,4,64,34,172,0,0,37,234,1,1,37,235,California
Colusa,2021-01-08,9,245,7,71,2,174,0,0,8,241,1,2,8,243,California
Colusa,2021-01-09,2,247,1,72,1,175,0,0,2,243,0,2,2,245,California
Colusa,2021-01-10,1,248,0,72,1,176,0,0,1,244,0,2,1,246,California
Colusa,2021-01-11,12,260,6,78,6,182,0,0,7,246,5,7,7,253,California
Colusa,2021-01-12,11,271,9,87,2,184,0,0,6,247,5,12,6,259,California
Colusa,2021-01-13,21,292,13,100,8,192,0,0,13,252,8,20,13,272,California
Colusa,2021-01-14,35,327,28,128,7,199,0,0,33,283,2,22,33,305,California
Colusa,2021-01-15,42,369,5,133,37,236,0,0,40,321,2,24,40,345,California
Colusa,2021-01-16,12,381,1,134,11,247,0,0,11,331,1,25,11,356,California
Colusa,2021-01-17,3,384,2,136,1,248,0,0,2,332,1,26,2,358,California
Colusa,2021-01-18,4,388,0,136,4,252,0,0,4,336,0,26,4,362,California
Colusa,2021-01-19,9,397,8,144,1,253,0,0,5,337,4,30,5,367,California
Colusa,2021-01-20,115,512,101,245,14,267,0,0,102,426,13,43,102,469,California
Colusa,2021-01-21,56,568,41,286,15,282,0,0,55,480,1,44,55,524,California
Colusa,2021-01-22,40,608,17,303,23,305,0,0,35,510,5,49,35,559,California
Colusa,2021-01-23,35,643,6,309,29,334,0,0,35,545,0,49,35,594,California
Colusa,2021-01-25,7,650,0,309,7,341,0,0,7,552,0,49,7,601,California
Colusa,2021-01-26,8,658,5,314,3,344,0,0,5,554,3,52,5,606,California
Colusa,2021-01-27,109,767,31,345,78,422,0,0,107,659,2,54,107,713,California
Colusa,2021-01-28,79,846,46,391,33,455,0,0,72,724,7,61,72,785,California
Colusa,2021-01-29,41,887,7,398,34,489,0,0,40,763,1,62,40,825,California
Colusa,2021-01-30,27,914,4,402,23,512,0,0,27,790,0,62,27,852,California
Colusa,2021-01-31,7,921,7,409,0,512,0,0,7,797,0,62,7,859,California
Colusa,2021-02-01,27,948,10,419,17,529,0,0,22,814,5,67,22,881,California
Colusa,2021-02-02,42,990,8,427,34,563,0,0,36,844,6,73,36,917,California
Colusa,2021-02-03,69,1059,10,437,59,622,0,0,59,893,10,83,59,976,California
Colusa,2021-02-04,143,1202,81,518,62,684,0,0,115,980,28,111,115,1091,California
Colusa,2021-02-05,32,1234,8,526,24,708,0,0,29,1006,3,114,29,1120,California
Colusa,2021-02-06,285,1519,9,535,276,984,0,0,274,1269,11,125,274,1394,California
Colusa,2021-02-07,2,1521,1,536,1,985,0,0,0,1267,2,127,0,1394,California
Colusa,2021-02-08,40,1561,5,541,35,1020,0,0,37,1301,3,130,37,1431,California
Colusa,2021-02-09,231,1792,14,555,217,1237,0,0,176,1422,55,185,176,1607,California
Colusa,2021-02-10,116,1908,41,596,75,1312,0,0,73,1452,43,228,73,1680,California
Colusa,2021-02-11,98,2006,36,632,62,1374,0,0,73,1500,25,253,73,1753,California
Colusa,2021-02-12,118,2124,9,641,109,1483,0,0,79,1539,40,293,79,1832,California
Colusa,2021-02-13,60,2184,8,649,52,1535,0,0,52,1583,8,301,52,1884,California
Colusa,2021-02-14,20,2204,8,657,12,1547,0,0,14,1591,6,307,14,1898,California
Colusa,2021-02-15,45,2249,10,667,35,1582,0,0,38,1622,7,314,38,1936,California
Colusa,2021-02-16,67,2316,4,671,63,1645,0,0,66,1687,1,315,66,2002,California
Colusa,2021-02-17,206,2522,143,814,63,1708,0,0,60,1601,146,461,60,2062,California
Colusa,2021-02-18,135,2657,35,849,100,1808,0,0,112,1690,23,484,112,2174,California
Colusa,2021-02-19,155,2812,19,868,136,1944,0,0,129,1793,26,510,129,2303,California
Colusa,2021-02-20,28,2840,6,874,22,1966,0,0,12,1789,16,526,12,2315,California
Colusa,2021-02-21,1,2841,1,875,0,1966,0,0,0,1788,1,527,0,2315,California
Colusa,2021-02-22,43,2884,26,901,17,1983,0,0,29,1803,14,541,29,2344,California
Colusa,2021-02-23,22,2906,6,907,16,1999,0,0,18,1817,4,545,18,2362,California
Colusa,2021-02-24,301,3207,54,961,247,2246,0,0,159,1834,142,687,159,2521,California
Colusa,2021-02-25,102,3309,55,1016,47,2293,0,0,66,1864,36,723,66,2587,California
Colusa,2021-02-26,99,3408,14,1030,85,2378,0,0,60,1885,39,762,60,2647,California
Colusa,2021-02-27,55,3463,4,1034,51,2429,0,0,40,1910,15,777,40,2687,California
Colusa,2021-02-28,26,3489,14,1048,12,2441,0,0,17,1918,9,786,17,2704,California
Colusa,2021-03-01,46,3535,15,1063,31,2472,0,0,29,1930,17,803,29,2733,California
Colusa,2021-03-02,49,3584,13,1076,36,2508,0,0,26,1933,23,826,26,2759,California
Colusa,2021-03-03,242,3826,43,1119,199,2707,0,0,185,2061,57,883,185,2944,California
Colusa,2021-03-04,138,3964,58,1177,80,2787,0,0,79,2081,59,942,79,3023,California
Colusa,2021-03-05,98,4062,25,1202,64,2851,9,9,53,2098,45,987,62,3085,California
Colusa,2021-03-06,274,4336,9,1211,265,3116,0,9,37,1898,237,1224,37,3122,California
Colusa,2021-03-07,8,4344,5,1216,3,3119,0,9,6,1902,2,1226,6,3128,California
Colusa,2021-03-08,89,4433,21,1237,33,3152,35,44,45,1938,44,1270,80,3208,California
Colusa,2021-03-09,276,4709,74,1311,179,3331,23,67,85,1855,191,1461,108,3316,California
Colusa,2021-03-10,289,4998,37,1348,216,3547,36,103,203,2008,86,1547,239,3555,California
Colusa,2021-03-11,420,5418,60,1408,339,3886,21,124,339,2285,81,1628,358,3913,California
Colusa,2021-03-12,109,5527,18,1426,78,3964,13,137,19,2227,90,1718,32,3945,California
Colusa,2021-03-13,61,5588,16,1442,36,4000,9,146,18,2211,43,1761,27,3972,California
Colusa,2021-03-14,20,5608,0,1442,18,4018,2,148,6,2206,13,1774,8,3980,California
Colusa,2021-03-15,69,5677,26,1468,35,4053,8,156,14,2173,55,1829,22,4002,California
Colusa,2021-03-16,296,5973,16,1484,234,4287,46,202,189,2301,107,1936,235,4237,California
Colusa,2021-03-17,195,6168,49,1533,146,4433,0,202,110,2326,85,2021,110,4347,California
Colusa,2021-03-18,324,6492,37,1570,216,4649,71,273,201,2475,123,2144,272,4619,California
Colusa,2021-03-19,78,6570,20,1590,56,4705,2,275,53,2505,25,2169,55,4674,California
Colusa,2021-03-20,49,6619,7,1597,41,4746,1,276,36,2529,13,2182,37,4711,California
Colusa,2021-03-21,6,6625,4,1601,2,4748,0,276,4,2531,2,2184,4,4715,California
Colusa,2021-03-22,62,6687,10,1611,43,4791,9,285,40,2558,22,2206,49,4764,California
Colusa,2021-03-23,81,6768,16,1627,63,4854,2,287,54,2587,27,2233,56,4820,California
Colusa,2021-03-24,340,7108,58,1685,276,5130,6,293,69,2390,271,2504,74,4894,California
Colusa,2021-03-25,109,7217,60,1745,44,5174,5,298,53,2392,56,2560,58,4952,California
Colusa,2021-03-26,298,7515,47,1792,247,5421,4,302,245,2588,53,2613,249,5201,California
Colusa,2021-03-27,63,7578,5,1797,58,5479,0,302,25,2575,38,2651,25,5226,California
Colusa,2021-03-28,16,7594,7,1804,9,5488,0,302,8,2575,8,2659,8,5234,California
Colusa,2021-03-29,71,7665,20,1824,45,5533,6,308,31,2572,40,2699,37,5271,California
Colusa,2021-03-30,148,7813,79,1903,67,5600,2,310,73,2572,75,2774,75,5346,California
Colusa,2021-03-31,234,8047,42,1945,192,5792,0,310,74,2487,159,2933,74,5420,California
Colusa,2021-04-01,428,8475,70,2015,304,6096,54,364,306,2725,121,3054,359,5779,California
Colusa,2021-04-02,81,8556,12,2027,55,6151,14,378,37,2732,44,3098,51,5830,California
Colusa,2021-04-03,61,8617,10,2037,28,6179,23,401,13,2720,48,3146,36,5866,California
Colusa,2021-04-04,18,8635,0,2037,8,6187,10,411,3,2718,15,3161,13,5879,California
Colusa,2021-04-05,96,8731,26,2063,55,6242,15,426,39,2715,57,3218,54,5933,California
Colusa,2021-04-06,128,8859,33,2096,45,6287,50,476,43,2723,85,3303,93,6026,California
Colusa,2021-04-07,355,9214,40,2136,292,6579,23,499,129,2650,226,3529,153,6179,California
Colusa,2021-04-08,428,9642,34,2170,367,6946,27,526,123,2498,302,3831,150,6329,California
Colusa,2021-04-09,76,9718,21,2191,32,6978,23,549,28,2501,48,3879,51,6380,California
Colusa,2021-04-10,44,9762,9,2200,15,6993,20,569,12,2501,32,3911,32,6412,California
Colusa,2021-04-11,16,9778,3,2203,11,7004,2,571,8,2503,8,3919,10,6422,California
Colusa,2021-04-12,31,9809,3,2206,28,7032,0,571,24,2520,7,3926,24,6446,California
Colusa,2021-04-13,277,10086,23,2229,254,7286,0,571,92,2428,184,4110,92,6538,California
Colusa,2021-04-14,95,10181,19,2248,76,7362,0,571,34,2401,61,4171,34,6572,California
Colusa,2021-04-15,323,10504,47,2295,276,7638,0,571,130,2338,193,4364,130,6702,California
Colusa,2021-04-16,80,10584,11,2306,69,7707,0,571,36,2331,43,4407,36,6738,California
Colusa,2021-04-17,53,10637,7,2313,46,7753,0,571,31,2340,22,4429,31,6769,California
Colusa,2021-04-18,9,10646,2,2315,7,7760,0,571,7,2345,2,4431,7,6776,California
Colusa,2021-04-19,61,10707,22,2337,39,7799,0,571,17,2318,44,4475,17,6793,California
Colusa,2021-04-20,176,10883,32,2369,144,7943,0,571,128,2398,48,4523,128,6921,California
Colusa,2021-04-21,170,11053,59,2428,111,8054,0,571,110,2448,60,4583,110,7031,California
Colusa,2021-04-22,418,11471,27,2455,390,8444,1,572,215,2461,202,4785,215,7246,California
Colusa,2021-04-23,91,11562,17,2472,74,8518,0,572,37,2444,54,4839,37,7283,California
Colusa,2021-04-24,237,11799,19,2491,217,8735,1,573,204,2616,33,4872,205,7488,California
Colusa,2021-04-25,12,11811,6,2497,6,8741,0,573,8,2620,4,4876,8,7496,California
Colusa,2021-04-26,23,11834,5,2502,17,8758,1,574,7,2612,15,4891,7,7503,California
Colusa,2021-04-27,94,11928,23,2525,67,8825,4,578,43,2608,51,4942,47,7550,California
Colusa,2021-04-28,188,12116,27,2552,158,8983,3,581,138,2700,49,4991,141,7691,California
Colusa,2021-04-29,317,12433,27,2579,286,9269,4,585,48,2485,267,5258,52,7743,California
Colusa,2021-04-30,65,12498,18,2597,47,9316,0,585,41,2502,24,5282,41,7784,California
Colusa,2021-05-01,19,12517,8,2605,8,9324,3,588,9,2504,10,5292,12,7796,California
Colusa,2021-05-02,3,12520,0,2605,2,9326,1,589,2,2506,1,5293,3,7799,California
Colusa,2021-05-03,21,12541,7,2612,14,9340,0,589,6,2497,15,5308,6,7805,California
Colusa,2021-05-04,86,12627,44,2656,41,9381,1,590,63,2538,23,5331,64,7869,California
Colusa,2021-05-05,67,12694,16,2672,50,9431,1,591,32,2536,35,5366,33,7902,California
Colusa,2021-05-06,253,12947,16,2688,235,9666,2,593,110,2505,143,5509,112,8014,California
Colusa,2021-05-07,67,13014,5,2693,58,9724,4,597,30,2502,37,5546,34,8048,California
Colusa,2021-05-08,18,13032,5,2698,13,9737,0,597,9,2502,9,5555,9,8057,California
Colusa,2021-05-09,13,13045,5,2703,5,9742,3,600,6,2504,7,5562,9,8066,California
Colusa,2021-05-10,16,13061,7,2710,9,9751,0,600,6,2500,10,5572,6,8072,California
Colusa,2021-05-11,93,13154,34,2744,59,9810,0,600,50,2507,43,5615,50,8122,California
Colusa,2021-05-12,74,13228,32,2776,37,9847,5,605,21,2480,53,5668,26,8148,California
Colusa,2021-05-13,226,13454,15,2791,210,10057,1,606,69,2393,157,5825,70,8218,California
Colusa,2021-05-14,80,13534,15,2806,52,10109,13,619,30,2387,49,5874,43,8261,California
Colusa,2021-05-15,40,13574,11,2817,27,10136,2,621,21,2391,19,5893,23,8284,California
Colusa,2021-05-16,20,13594,6,2823,9,10145,5,626,11,2398,9,5902,16,8300,California
Colusa,2021-05-17,21,13615,4,2827,15,10160,2,628,15,2409,6,5908,17,8317,California
Colusa,2021-05-18,47,13662,7,2834,39,10199,1,629,17,2397,30,5938,18,8335,California
Contra Costa,2020-12-15,18,18,18,18,0,0,0,0,18,18,0,0,18,18,California
Contra Costa,2020-12-16,521,539,521,539,0,0,0,0,521,539,0,0,521,539,California
Contra Costa,2020-12-17,909,1448,909,1448,0,0,0,0,909,1448,0,0,909,1448,California
Contra Costa,2020-12-18,1591,3039,1590,3038,1,1,0,0,1591,3039,0,0,1591,3039,California
Contra Costa,2020-12-19,1104,4143,1103,4141,1,2,0,0,1104,4143,0,0,1104,4143,California
Contra Costa,2020-12-20,584,4727,583,4724,1,3,0,0,584,4727,0,0,584,4727,California
Contra Costa,2020-12-21,1653,6380,1651,6375,2,5,0,0,1653,6380,0,0,1653,6380,California
Contra Costa,2020-12-22,1668,8048,1563,7938,105,110,0,0,1668,8048,0,0,1668,8048,California
Contra Costa,2020-12-23,1592,9640,1344,9282,248,358,0,0,1592,9640,0,0,1592,9640,California
Contra Costa,2020-12-24,656,10296,336,9618,320,678,0,0,656,10296,0,0,656,10296,California
Contra Costa,2020-12-25,39,10335,17,9635,22,700,0,0,39,10335,0,0,39,10335,California
Contra Costa,2020-12-26,642,10977,132,9767,510,1210,0,0,642,10977,0,0,642,10977,California
Contra Costa,2020-12-27,240,11217,87,9854,153,1363,0,0,240,11217,0,0,240,11217,California
Contra Costa,2020-12-28,1834,13051,863,10717,971,2334,0,0,1834,13051,0,0,1834,13051,California
Contra Costa,2020-12-29,1829,14880,823,11540,1006,3340,0,0,1829,14880,0,0,1829,14880,California
Contra Costa,2020-12-30,2392,17272,1213,12753,1179,4519,0,0,2391,17271,0,0,2391,17271,California
Contra Costa,2020-12-31,915,18187,308,13061,607,5126,0,0,914,18185,0,0,914,18185,California
Contra Costa,2021-01-01,61,18248,23,13084,38,5164,0,0,61,18246,0,0,61,18246,California
Contra Costa,2021-01-02,335,18583,173,13257,162,5326,0,0,335,18581,0,0,335,18581,California
Contra Costa,2021-01-03,176,18759,118,13375,58,5384,0,0,175,18756,0,0,175,18756,California
Contra Costa,2021-01-04,1905,20664,1250,14625,655,6039,0,0,1885,20623,18,18,1885,20641,California
Contra Costa,2021-01-05,2102,22766,1256,15881,846,6885,0,0,1843,22209,258,276,1844,22485,California
Contra Costa,2021-01-06,3279,26045,2247,18128,1032,7917,0,0,2519,23977,754,1030,2522,25007,California
Contra Costa,2021-01-07,3093,29138,2059,20187,1034,8951,0,0,1880,24647,1210,2240,1880,26887,California
Contra Costa,2021-01-08,3385,32523,2393,22580,992,9943,0,0,1823,24916,1557,3797,1826,28713,California
Contra Costa,2021-01-09,1585,34108,1134,23714,451,10394,0,0,748,24830,836,4633,750,29463,California
Contra Costa,2021-01-10,362,34470,286,24000,76,10470,0,0,153,24774,209,4842,153,29616,California
Contra Costa,2021-01-11,3838,38308,3146,27146,692,11162,0,0,2234,25407,1604,6446,2237,31853,California
Contra Costa,2021-01-12,3913,42221,2938,30084,975,12137,0,0,2586,26669,1327,7773,2589,34442,California
Contra Costa,2021-01-13,4727,46948,2936,33020,1791,13928,0,0,3782,29511,941,8714,3783,38225,California
Contra Costa,2021-01-14,4309,51257,1558,34578,2751,16679,0,0,3927,33056,382,9096,3927,42152,California
Contra Costa,2021-01-15,5335,56592,2459,37037,2876,19555,0,0,5012,37750,322,9418,5016,47168,California
Contra Costa,2021-01-16,1720,58312,555,37592,1165,20720,0,0,1645,39320,75,9493,1645,48813,California
Contra Costa,2021-01-17,1637,59949,975,38567,662,21382,0,0,1514,40714,123,9616,1517,50330,California
Contra Costa,2021-01-18,3202,63151,1261,39828,1941,23323,0,0,2578,42675,618,10234,2579,52909,California
Contra Costa,2021-01-19,7065,70216,3161,42989,3904,27227,0,0,6060,47738,1002,11236,6065,58974,California
Contra Costa,2021-01-20,6668,76884,4107,47096,2561,29788,0,0,5435,51949,1229,12465,5440,64414,California
Contra Costa,2021-01-21,6985,83869,3119,50215,3866,33654,0,0,6256,57489,724,13189,6264,70678,California
Contra Costa,2021-01-22,6376,90245,2708,52923,3668,37322,0,0,5517,62159,850,14039,5520,76198,California
Contra Costa,2021-01-23,2031,92276,363,53286,1668,38990,0,0,1773,63678,256,14295,1775,77973,California
Contra Costa,2021-01-24,1581,93857,217,53503,1364,40354,0,0,1436,64973,145,14440,1440,79413,California
Contra Costa,2021-01-25,6671,100528,3031,56534,3640,43994,0,0,5108,68523,1561,16001,5111,84524,California
Contra Costa,2021-01-26,8092,108620,4687,61221,3405,47399,0,0,6249,72942,1835,17836,6254,90778,California
Contra Costa,2021-01-27,8247,116867,5503,66724,2744,50143,0,0,6341,77462,1825,19661,6345,97123,California
Contra Costa,2021-01-28,7446,124313,4085,70809,3361,53504,0,0,5840,81706,1600,21261,5844,102967,California
Contra Costa,2021-01-29,7441,131754,3890,74699,3551,57055,0,0,6128,86527,1309,22570,6130,109097,California
Contra Costa,2021-01-30,2083,133837,598,75297,1485,58540,0,0,1717,87885,359,22929,1717,110814,California
Contra Costa,2021-01-31,698,134535,479,75776,219,58759,0,0,572,88334,123,23052,572,111386,California
Contra Costa,2021-02-01,5539,140074,3774,79550,1765,60524,0,0,3897,90598,1636,24688,3900,115286,California
Contra Costa,2021-02-02,7756,147830,5269,84819,2487,63011,0,0,5893,94631,1861,26549,5894,121180,California
Contra Costa,2021-02-03,8288,156118,5479,90298,2809,65820,0,0,5612,97581,2663,29212,5613,126793,California
Contra Costa,2021-02-04,7446,163564,3538,93836,3908,69728,0,0,5711,101564,1731,30943,5714,132507,California
Contra Costa,2021-02-05,8437,172001,4828,98664,3609,73337,0,0,5725,104584,2705,33648,5725,138232,California
Contra Costa,2021-02-06,3475,175476,2158,100822,1317,74654,0,0,2822,106755,652,34300,2823,141055,California
Contra Costa,2021-02-07,983,176459,712,101534,271,74925,0,0,605,106983,377,34677,605,141660,California
Contra Costa,2021-02-08,5832,182291,3455,104989,2377,77302,0,0,4348,109854,1478,36155,4349,146009,California
Contra Costa,2021-02-09,8668,190959,4782,109771,3886,81188,0,0,5772,112736,2891,39046,5773,151782,California
Contra Costa,2021-02-10,8635,199594,4650,114421,3985,85173,0,0,5357,114834,3263,42309,5361,157143,California
Contra Costa,2021-02-11,9315,208909,4218,118639,5097,90270,0,0,5261,116052,4048,46357,5266,162409,California
Contra Costa,2021-02-12,10075,218984,4617,123256,5458,95728,0,0,5453,116893,4615,50972,5456,167865,California
Contra Costa,2021-02-13,4882,223866,1368,124624,3514,99242,0,0,3402,118819,1477,52449,3403,171268,California
Contra Costa,2021-02-14,2092,225958,867,125491,1225,100467,0,0,1230,119189,860,53309,1230,172498,California
Contra Costa,2021-02-15,4459,230417,2469,127960,1990,102457,0,0,2339,119416,2113,55422,2340,174838,California
Contra Costa,2021-02-16,10418,240835,4910,132870,5508,107965,0,0,4644,118298,5766,61188,4648,179486,California
Contra Costa,2021-02-17,12293,253128,6146,139016,6147,114112,0,0,5637,117295,6641,67829,5638,185124,California
Contra Costa,2021-02-18,11478,264606,5975,144991,5503,119615,0,0,5326,116485,6138,73967,5328,190452,California
Contra Costa,2021-02-19,11411,276017,7111,152102,4300,123915,0,0,5179,115450,6215,80182,5180,195632,California
Contra Costa,2021-02-20,6456,282473,2903,155005,3553,127468,0,0,4575,118162,1865,82047,4577,200209,California
Contra Costa,2021-02-21,2262,284735,1713,156718,549,128017,0,0,1538,118977,723,82770,1538,201747,California
Contra Costa,2021-02-22,7576,292311,5134,161852,2442,130459,0,0,3492,118399,4072,86842,3494,205241,California
Contra Costa,2021-02-23,12077,304388,7419,169271,4658,135117,0,0,6090,118520,5973,92815,6094,211335,California
Contra Costa,2021-02-24,10559,314947,7751,177022,2808,137925,0,0,5110,118200,5432,98247,5112,216447,California
Contra Costa,2021-02-25,11498,326445,7238,184260,4260,142185,0,0,5230,117187,6247,104494,5234,221681,California
Contra Costa,2021-02-26,10726,337171,6771,191031,3955,146140,0,0,5322,117121,5389,109883,5323,227004,California
Contra Costa,2021-02-27,6765,343936,4350,195381,2415,148555,0,0,4242,118849,2515,112398,4243,231247,California
Contra Costa,2021-02-28,3806,347742,3134,198515,672,149227,0,0,3206,121460,596,112994,3207,234454,California
Contra Costa,2021-03-01,8220,355962,6194,204709,2021,151248,5,5,5071,123405,3133,116127,5078,239532,California
Contra Costa,2021-03-02,10629,366591,6798,211507,3830,155078,1,6,5701,124195,4912,121039,5702,245234,California
Contra Costa,2021-03-03,11295,377886,7096,218603,4198,159276,1,7,6367,125650,4914,125953,6369,251603,California
Contra Costa,2021-03-04,11950,389836,7158,225761,4792,164068,0,7,6217,126153,5714,131667,6217,257820,California
Contra Costa,2021-03-05,11457,401293,6885,232646,4566,168634,6,13,6588,127894,4853,136520,6594,264414,California
Contra Costa,2021-03-06,7497,408790,4209,236855,2978,171612,310,323,4910,130537,2575,139095,5218,269632,California
Contra Costa,2021-03-07,3787,412577,2420,239275,1306,172918,61,384,3111,133035,674,139769,3172,272804,California
Contra Costa,2021-03-08,8066,420643,3771,243046,3991,176909,304,688,5375,136038,2680,142449,5683,278487,California
Contra Costa,2021-03-09,10230,430873,5025,248071,4910,181819,295,983,5056,136223,5166,147615,5351,283838,California
Contra Costa,2021-03-10,12163,443036,5974,254045,4691,186510,1498,2481,5475,136513,6675,154290,6965,290803,California
Contra Costa,2021-03-11,12475,455511,6566,260611,5345,191855,564,3045,6363,137352,6088,160378,6927,297730,California
Contra Costa,2021-03-12,12556,468067,5156,265767,6854,198709,546,3591,6274,137903,6267,166645,6818,304548,California
Contra Costa,2021-03-13,7764,475831,3074,268841,4266,202975,424,4015,3067,136709,4679,171324,3485,308033,California
Contra Costa,2021-03-14,4354,480185,2549,271390,1320,204295,485,4500,1651,136149,2695,174019,2135,310168,California
Contra Costa,2021-03-15,9396,489581,5072,276462,3571,207866,753,5253,4727,136976,4652,178671,5479,315647,California
Contra Costa,2021-03-16,14262,503843,8470,284932,5394,213260,398,5651,7123,137379,7117,185788,7520,323167,California
Contra Costa,2021-03-17,14998,518841,10345,295277,4440,217700,213,5864,8519,139661,6456,192244,8738,331905,California
Contra Costa,2021-03-18,15374,534215,8546,303823,6348,224048,480,6344,8775,142345,6569,198813,9253,341158,California
Contra Costa,2021-03-19,15507,549722,8911,312734,5205,229253,1391,7735,8286,144819,7208,206021,9682,350840,California
Contra Costa,2021-03-20,10617,560339,6344,319078,3970,233223,303,8038,5121,144766,5478,211499,5425,356265,California
Contra Costa,2021-03-21,4446,564785,3892,322970,466,233689,88,8126,2070,144555,2368,213867,2157,358422,California
Contra Costa,2021-03-22,11535,576320,8693,331663,2593,236282,249,8375,7000,147282,4521,218388,7248,365670,California
Contra Costa,2021-03-23,15610,591930,10755,342418,4685,240967,170,8545,9094,150059,6488,224876,9265,374935,California
Contra Costa,2021-03-24,14982,606912,11680,354098,3090,244057,212,8757,9111,153545,5839,230715,9325,384260,California
Contra Costa,2021-03-25,15273,622185,11895,365993,3093,247150,285,9042,9389,157371,5847,236562,9673,393933,California
Contra Costa,2021-03-26,14934,637119,10699,376692,3840,250990,395,9437,8651,160154,6258,242820,9041,402974,California
Contra Costa,2021-03-27,10432,647551,6755,383447,3167,254157,510,9947,5601,161437,4821,247641,6104,409078,California
Contra Costa,2021-03-28,4131,651682,2926,386373,1153,255310,52,9999,1645,160659,2475,250116,1697,410775,California
Contra Costa,2021-03-29,10835,662517,8450,394823,2270,257580,115,10114,7063,164086,3753,253869,7180,417955,California
Contra Costa,2021-03-30,16728,679245,9126,403949,6250,263830,1352,11466,11026,170778,5686,259555,12378,430333,California
Contra Costa,2021-03-31,17951,697196,12556,416505,3954,267784,1441,12907,11518,177335,6398,265953,12955,443288,California
Contra Costa,2021-04-01,17527,714723,12260,428765,3897,271681,1370,14277,11419,184045,6083,272036,12793,456081,California
Contra Costa,2021-04-02,17403,732126,12839,441604,3558,275239,1006,15283,11562,190783,5830,277866,12568,468649,California
Contra Costa,2021-04-03,10759,742885,6411,448015,2812,278051,1536,16819,6161,193894,4584,282450,7695,476344,California
Contra Costa,2021-04-04,3329,746214,1318,449333,1416,279467,595,17414,894,192955,2428,284878,1489,477833,California
Contra Costa,2021-04-05,12075,758289,7883,457216,3217,282684,975,18389,6592,195053,5470,290348,7568,485401,California
Contra Costa,2021-04-06,17289,775578,11981,469197,3023,285707,2285,20674,9749,199566,7520,297868,12033,497434,California
Contra Costa,2021-04-07,18484,794062,12505,481702,3172,288879,2807,23481,10494,204933,7971,305839,13338,510772,California
Contra Costa,2021-04-08,18602,812664,12398,494100,3295,292174,2909,26390,9990,209232,8585,314424,12884,523656,California
Contra Costa,2021-04-09,18654,831318,11902,506002,4278,296452,2474,28864,9958,212991,8670,323094,12429,536085,California
Contra Costa,2021-04-10,10505,841823,3800,509802,2158,298610,4547,33411,3288,213611,7201,330295,7821,543906,California
Contra Costa,2021-04-11,3317,845140,1982,511784,681,299291,654,34065,1121,213195,2190,332485,1774,545680,California
Contra Costa,2021-04-12,11864,857004,7843,519627,2967,302258,1054,35119,5590,213583,6260,338745,6648,552328,California
Contra Costa,2021-04-13,17769,874773,10895,530522,6868,309126,6,35125,11862,219571,5886,344631,11874,564202,California
Contra Costa,2021-04-14,17561,892334,11012,541534,6548,315674,1,35126,9721,221477,7819,352450,9725,573927,California
Contra Costa,2021-04-15,17480,909814,10721,552255,6758,322432,1,35127,8106,220258,9345,361795,8126,582053,California
Contra Costa,2021-04-16,16841,926655,10506,562761,6333,328765,2,35129,7592,218631,9226,371021,7599,589652,California
Contra Costa,2021-04-17,11430,938085,6273,569034,5157,333922,0,35129,6146,219511,5272,376293,6152,595804,California
Contra Costa,2021-04-18,2732,940817,2112,571146,620,334542,0,35129,1775,220338,948,377241,1775,597579,California
Contra Costa,2021-04-19,11360,952177,8496,579642,2864,337406,0,35129,3569,216143,7766,385007,3571,601150,California
Contra Costa,2021-04-20,16625,968802,10800,590442,5825,343231,0,35129,6232,212020,10359,395366,6236,607386,California
Contra Costa,2021-04-21,17302,986104,14124,604566,3178,346409,0,35129,6155,207070,11113,406479,6163,613549,California
Contra Costa,2021-04-22,17145,1003249,13888,618454,3256,349665,1,35130,6075,202116,11039,417518,6085,619634,California
Contra Costa,2021-04-23,16961,1020210,13492,631946,3469,353134,0,35130,5483,196162,11445,428963,5491,625125,California
Contra Costa,2021-04-24,10899,1031109,8415,640361,2484,355618,0,35130,4172,193631,6707,435670,4176,629301,California
Contra Costa,2021-04-25,3231,1034340,2179,642540,1050,356668,2,35132,2042,194489,1189,436859,2047,631348,California
Contra Costa,2021-04-26,9794,1044134,8208,650748,1562,358230,24,35156,2880,190504,6899,443758,2914,634262,California
Contra Costa,2021-04-27,14438,1058572,10588,661336,3698,361928,152,35308,3875,183999,10542,454300,4037,638299,California
Contra Costa,2021-04-28,13830,1072402,10757,672093,2786,364714,287,35595,3461,177414,10337,464637,3752,642051,California
Contra Costa,2021-04-29,13004,1085406,10052,682145,2782,367496,170,35765,2827,170265,10151,474788,3002,645053,California
Contra Costa,2021-04-30,13641,1099047,10756,692901,2635,370131,250,36015,3095,163094,10520,485308,3349,648402,California
Contra Costa,2021-05-01,7994,1107041,5839,698740,1838,371969,317,36332,1908,159253,6067,491375,2226,650628,California
Contra Costa,2021-05-02,2323,1109364,1578,700318,666,372635,79,36411,989,158997,1324,492699,1068,651696,California
Contra Costa,2021-05-03,9107,1118471,8012,708330,920,373555,175,36586,1926,153936,7166,499865,2105,653801,California
Contra Costa,2021-05-04,14057,1132528,12129,720459,1600,375155,328,36914,2296,144822,11738,511603,2624,656425,California
Contra Costa,2021-05-05,12477,1145005,10758,731217,1519,376674,200,37114,2399,137372,10051,521654,2601,659026,California
Contra Costa,2021-05-06,10263,1155268,8533,739750,1401,378075,329,37443,1939,131348,8300,529954,2276,661302,California
Contra Costa,2021-05-07,9591,1164859,7705,747455,1662,379737,224,37667,2215,126442,7342,537296,2436,663738,California
Contra Costa,2021-05-08,5268,1170127,3964,751419,1137,380874,167,37834,1246,123854,4005,541301,1417,665155,California
Contra Costa,2021-05-09,2103,1172230,1775,753194,269,381143,59,37893,462,122741,1637,542938,524,665679,California
Contra Costa,2021-05-10,4917,1177147,3938,757132,761,381904,218,38111,1345,120752,3551,546489,1562,667241,California
Contra Costa,2021-05-11,8647,1185794,4492,761624,3927,385831,228,38339,1695,115748,6933,553422,1929,669170,California
Contra Costa,2021-05-12,8979,1194773,4554,766178,4176,390007,249,38588,1546,110140,7409,560831,1801,670971,California
Contra Costa,2021-05-13,11166,1205939,7335,773513,3644,393651,187,38775,3788,106763,7351,568182,3974,674945,California
Contra Costa,2021-05-14,11958,1217897,7915,781428,3760,397411,283,39058,4836,104787,7096,575278,5120,680065,California
Contra Costa,2021-05-15,9716,1227613,7009,788437,2589,400000,118,39176,4197,103601,5504,580782,4318,684383,California
Contra Costa,2021-05-16,1492,1229105,1291,789728,162,400162,39,39215,488,103132,996,581778,527,684910,California
Contra Costa,2021-05-17,6085,1235190,4813,794541,1120,401282,152,39367,2891,102993,3184,584962,3045,687955,California
Contra Costa,2021-05-18,7891,1243081,5296,799837,2433,403715,162,39529,3023,101336,4845,589807,3188,691143,California
Del Norte,2020-12-21,23,23,23,23,0,0,0,0,23,23,0,0,23,23,California
Del Norte,2020-12-22,45,68,45,68,0,0,0,0,45,68,0,0,45,68,California
Del Norte,2020-12-23,58,126,48,116,10,10,0,0,56,124,0,0,56,124,California
Del Norte,2020-12-28,34,160,34,150,0,10,0,0,34,158,0,0,34,158,California
Del Norte,2020-12-29,4,164,4,154,0,10,0,0,4,162,0,0,4,162,California
Del Norte,2020-12-30,67,231,55,209,12,22,0,0,68,230,0,0,68,230,California
Del Norte,2020-12-31,16,247,13,222,3,25,0,0,16,246,0,0,16,246,California
Del Norte,2021-01-04,102,349,49,271,53,78,0,0,102,348,0,0,102,348,California
Del Norte,2021-01-05,33,382,0,271,33,111,0,0,32,380,1,1,33,381,California
Del Norte,2021-01-06,77,459,18,289,59,170,0,0,77,457,0,1,77,458,California
Del Norte,2021-01-07,21,480,1,290,20,190,0,0,21,478,0,1,21,479,California
Del Norte,2021-01-08,78,558,7,297,71,261,0,0,78,556,0,1,78,557,California
Del Norte,2021-01-11,40,598,21,318,19,280,0,0,18,553,22,23,19,576,California
Del Norte,2021-01-12,50,648,31,349,19,299,0,0,30,563,20,43,30,606,California
Del Norte,2021-01-13,86,734,40,389,46,345,0,0,53,583,33,76,53,659,California
Del Norte,2021-01-14,52,786,14,403,38,383,0,0,46,623,6,82,46,705,California
Del Norte,2021-01-15,107,893,18,421,89,472,0,0,95,706,12,94,95,800,California
Del Norte,2021-01-17,1,894,1,422,0,472,0,0,1,707,0,94,1,801,California
Del Norte,2021-01-18,2,896,0,422,2,474,0,0,2,709,0,94,2,803,California
Del Norte,2021-01-19,119,1015,56,478,63,537,0,0,77,744,42,136,77,880,California
Del Norte,2021-01-20,159,1174,84,562,75,612,0,0,96,778,62,198,96,976,California
Del Norte,2021-01-21,43,1217,40,602,3,615,0,0,32,799,11,209,32,1008,California
Del Norte,2021-01-22,20,1237,17,619,3,618,0,0,13,805,7,216,13,1021,California
Del Norte,2021-01-23,1,1238,0,619,1,619,0,0,1,806,0,216,1,1022,California
Del Norte,2021-01-24,1,1239,0,619,1,620,0,0,1,807,0,216,1,1023,California
Del Norte,2021-01-25,100,1339,82,701,18,638,0,0,56,819,44,260,56,1079,California
Del Norte,2021-01-26,18,1357,11,712,7,645,0,0,7,815,11,271,7,1086,California
Del Norte,2021-01-27,64,1421,21,733,43,688,0,0,61,873,3,274,61,1147,California
Del Norte,2021-01-28,292,1713,20,753,272,960,0,0,287,1155,5,279,287,1434,California
Del Norte,2021-01-29,55,1768,21,774,34,994,0,0,44,1188,11,290,44,1478,California
Del Norte,2021-01-30,8,1776,1,775,7,1001,0,0,8,1196,0,290,8,1486,California
Del Norte,2021-02-01,41,1817,1,776,40,1041,0,0,26,1207,15,305,26,1512,California
Del Norte,2021-02-02,142,1959,34,810,108,1149,0,0,73,1212,68,373,73,1585,California
Del Norte,2021-02-03,126,2085,40,850,86,1235,0,0,71,1228,55,428,71,1656,California
Del Norte,2021-02-04,71,2156,29,879,42,1277,0,0,42,1241,29,457,42,1698,California
Del Norte,2021-02-05,184,2340,22,901,162,1439,0,0,119,1296,64,521,119,1817,California
Del Norte,2021-02-06,312,2652,6,907,306,1745,0,0,312,1608,0,521,312,2129,California
Del Norte,2021-02-07,2,2654,1,908,1,1746,0,0,2,1610,0,521,2,2131,California
Del Norte,2021-02-08,36,2690,1,909,35,1781,0,0,32,1638,4,525,32,2163,California
Del Norte,2021-02-09,8,2698,5,914,3,1784,0,0,2,1634,6,531,2,2165,California
Del Norte,2021-02-10,143,2841,20,934,123,1907,0,0,86,1664,56,587,86,2251,California
Del Norte,2021-02-11,177,3018,59,993,118,2025,0,0,64,1615,113,700,64,2315,California
Del Norte,2021-02-12,121,3139,14,1007,107,2132,0,0,67,1628,54,754,67,2382,California
Del Norte,2021-02-13,2,3141,1,1008,1,2133,0,0,2,1630,0,754,2,2384,California
Del Norte,2021-02-14,3,3144,1,1009,2,2135,0,0,2,1631,1,755,2,2386,California
Del Norte,2021-02-15,4,3148,0,1009,4,2139,0,0,2,1631,2,757,2,2388,California
Del Norte,2021-02-16,132,3280,1,1010,131,2270,0,0,13,1525,119,876,13,2401,California
Del Norte,2021-02-17,91,3371,20,1030,71,2341,0,0,24,1482,67,943,24,2425,California
Del Norte,2021-02-18,77,3448,24,1054,53,2394,0,0,51,1507,26,969,51,2476,California
Del Norte,2021-02-19,43,3491,17,1071,26,2420,0,0,33,1530,10,979,33,2509,California
Del Norte,2021-02-20,8,3499,5,1076,3,2423,0,0,6,1534,2,981,6,2515,California
Del Norte,2021-02-22,2,3501,0,1076,2,2425,0,0,2,1536,0,981,2,2517,California
Del Norte,2021-02-23,107,3608,89,1165,18,2443,0,0,31,1492,76,1057,32,2549,California
Del Norte,2021-02-24,152,3760,98,1263,54,2497,0,0,79,1498,73,1130,79,2628,California
Del Norte,2021-02-25,477,4237,131,1394,346,2843,0,0,213,1449,262,1392,213,2841,California
Del Norte,2021-02-26,213,4450,176,1570,37,2880,0,0,167,1570,46,1438,167,3008,California
Del Norte,2021-02-27,152,4602,145,1715,6,2886,1,1,141,1701,11,1449,142,3150,California
Del Norte,2021-02-28,4,4606,1,1716,3,2889,0,1,3,1703,1,1450,3,3153,California
Del Norte,2021-03-01,29,4635,2,1718,27,2916,0,1,4,1683,24,1474,4,3157,California
Del Norte,2021-03-02,220,4855,141,1859,79,2995,0,1,187,1837,33,1507,187,3344,California
Del Norte,2021-03-03,167,5022,99,1958,68,3063,0,1,126,1922,41,1548,126,3470,California
Del Norte,2021-03-04,120,5142,83,2041,37,3100,0,1,91,1985,28,1576,91,3561,California
Del Norte,2021-03-05,121,5263,11,2052,110,3210,0,1,73,2010,48,1624,73,3634,California
Del Norte,2021-03-06,465,5728,78,2130,338,3548,49,50,164,1880,301,1925,171,3805,California
Del Norte,2021-03-07,2,5730,1,2131,1,3549,0,50,1,1880,1,1926,1,3806,California
Del Norte,2021-03-08,28,5758,1,2132,25,3574,2,52,5,1864,23,1949,7,3813,California
Del Norte,2021-03-09,193,5951,112,2244,78,3652,3,55,182,2038,11,1960,185,3998,California
Del Norte,2021-03-10,233,6184,96,2340,109,3761,28,83,134,2101,99,2059,162,4160,California
Del Norte,2021-03-11,151,6335,55,2395,91,3852,5,88,103,2161,48,2107,108,4268,California
Del Norte,2021-03-12,178,6513,89,2484,89,3941,0,88,125,2233,53,2160,125,4393,California
Del Norte,2021-03-13,94,6607,93,2577,1,3942,0,88,91,2321,3,2163,91,4484,California
Del Norte,2021-03-14,1,6608,0,2577,1,3943,0,88,1,2321,1,2164,1,4485,California
Del Norte,2021-03-15,39,6647,0,2577,39,3982,0,88,35,2352,4,2168,35,4520,California
Del Norte,2021-03-16,281,6928,135,2712,146,4128,0,88,260,2591,21,2189,260,4780,California
Del Norte,2021-03-17,283,7211,95,2807,186,4314,2,90,169,2648,114,2303,171,4951,California
Del Norte,2021-03-18,285,7496,107,2914,175,4489,3,93,149,2665,135,2438,152,5103,California
Del Norte,2021-03-19,266,7762,159,3073,101,4590,6,99,91,2587,175,2613,97,5200,California
Del Norte,2021-03-20,157,7919,154,3227,3,4593,0,99,15,2460,142,2755,15,5215,California
Del Norte,2021-03-21,4,7923,2,3229,2,4595,0,99,2,2460,2,2757,2,5217,California
Del Norte,2021-03-22,43,7966,3,3232,39,4634,1,100,39,2497,3,2760,40,5257,California
Del Norte,2021-03-23,335,8301,164,3396,153,4787,18,118,165,2511,168,2928,182,5439,California
Del Norte,2021-03-24,397,8698,107,3503,249,5036,41,159,236,2627,161,3089,277,5716,California
Del Norte,2021-03-25,193,8891,89,3592,104,5140,0,159,84,2603,108,3197,84,5800,California
Del Norte,2021-03-26,233,9124,113,3705,120,5260,0,159,197,2764,36,3233,197,5997,California
Del Norte,2021-03-27,108,9232,87,3792,4,5264,17,176,17,2707,91,3324,34,6031,California
Del Norte,2021-03-28,4,9236,2,3794,2,5266,0,176,1,2705,3,3327,1,6032,California
Del Norte,2021-03-29,57,9293,6,3800,34,5300,17,193,32,2729,25,3352,49,6081,California
Del Norte,2021-03-30,339,9632,118,3918,210,5510,11,204,128,2657,211,3563,139,6220,California
Del Norte,2021-03-31,353,9985,100,4018,236,5746,17,221,198,2719,153,3716,215,6435,California
Del Norte,2021-04-01,164,10149,58,4076,72,5818,34,255,69,2728,94,3810,103,6538,California
Del Norte,2021-04-02,230,10379,78,4154,103,5921,49,304,47,2642,183,3993,97,6635,California
Del Norte,2021-04-03,108,10487,83,4237,2,5923,23,327,5,2568,102,4095,28,6663,California
Del Norte,2021-04-04,4,10491,0,4237,0,5923,4,331,0,2568,4,4099,4,6667,California
Del Norte,2021-04-05,47,10538,5,4242,38,5961,4,335,40,2605,7,4106,44,6711,California
Del Norte,2021-04-06,378,10916,119,4361,222,6183,37,372,145,2559,229,4335,183,6894,California
Del Norte,2021-04-07,436,11352,115,4476,260,6443,61,433,289,2763,146,4481,350,7244,California
Del Norte,2021-04-08,227,11579,54,4530,105,6548,68,501,105,2814,122,4603,173,7417,California
Del Norte,2021-04-09,205,11784,47,4577,81,6629,77,578,98,2881,106,4709,173,7590,California
Del Norte,2021-04-10,47,11831,26,4603,4,6633,17,595,27,2905,20,4729,44,7634,California
Del Norte,2021-04-11,12,11843,3,4606,2,6635,7,602,2,2904,10,4739,9,7643,California
Del Norte,2021-04-12,28,11871,1,4607,9,6644,18,620,1,2897,26,4765,19,7662,California
Del Norte,2021-04-13,298,12169,50,4657,248,6892,0,620,155,2909,143,4908,155,7817,California
Del Norte,2021-04-14,328,12497,23,4680,305,7197,0,620,138,2862,190,5098,143,7960,California
Del Norte,2021-04-15,164,12661,31,4711,133,7330,0,620,45,2789,119,5217,46,8006,California
Del Norte,2021-04-16,161,12822,40,4751,121,7451,0,620,59,2747,102,5319,60,8066,California
Del Norte,2021-04-17,102,12924,70,4821,32,7483,0,620,97,2839,5,5324,97,8163,California
Del Norte,2021-04-18,5,12929,4,4825,1,7484,0,620,4,2842,1,5325,4,8167,California
Del Norte,2021-04-19,50,12979,6,4831,44,7528,0,620,8,2808,42,5367,8,8175,California
Del Norte,2021-04-20,209,13188,40,4871,169,7697,0,620,74,2747,135,5502,74,8249,California
Del Norte,2021-04-21,288,13476,23,4894,265,7962,0,620,64,2590,224,5726,67,8316,California
Del Norte,2021-04-22,114,13590,15,4909,99,8061,0,620,62,2600,52,5778,62,8378,California
Del Norte,2021-04-23,152,13742,21,4930,131,8192,0,620,39,2527,112,5890,39,8417,California
Del Norte,2021-04-24,25,13767,14,4944,11,8203,0,620,20,2542,5,5895,20,8437,California
Del Norte,2021-04-25,2,13769,0,4944,2,8205,0,620,2,2544,0,5895,2,8439,California
Del Norte,2021-04-26,30,13799,0,4944,30,8235,0,620,8,2530,22,5917,8,8447,California
Del Norte,2021-04-27,181,13980,19,4963,157,8392,5,625,49,2452,132,6049,54,8501,California
Del Norte,2021-04-28,352,14332,101,5064,246,8638,5,630,63,2234,287,6336,69,8570,California
Del Norte,2021-04-29,92,14424,5,5069,83,8721,4,634,26,2198,66,6402,30,8600,California
Del Norte,2021-04-30,83,14507,6,5075,67,8788,10,644,44,2213,39,6441,54,8654,California
Del Norte,2021-05-01,8,14515,3,5078,5,8793,0,644,6,2217,2,6443,6,8660,California
Del Norte,2021-05-02,8,14523,0,5078,8,8801,0,644,8,2225,0,6443,8,8668,California
Del Norte,2021-05-03,40,14563,3,5081,34,8835,3,647,2,2193,37,6480,5,8673,California
Del Norte,2021-05-04,221,14784,36,5117,180,9015,5,652,47,2071,174,6654,52,8725,California
Del Norte,2021-05-05,231,15015,19,5136,204,9219,8,660,56,1960,175,6829,64,8789,California
Del Norte,2021-05-06,112,15127,24,5160,75,9294,13,673,27,1915,85,6914,40,8829,California
Del Norte,2021-05-07,152,15279,29,5189,119,9413,4,677,32,1831,120,7034,36,8865,California
Del Norte,2021-05-08,64,15343,55,5244,7,9420,2,679,7,1783,57,7091,9,8874,California
Del Norte,2021-05-09,9,15352,3,5247,3,9423,3,682,2,1781,7,7098,5,8879,California
Del Norte,2021-05-10,25,15377,3,5250,18,9441,4,686,15,1790,10,7108,19,8898,California
Del Norte,2021-05-11,168,15545,49,5299,117,9558,2,688,31,1686,137,7245,33,8931,California
Del Norte,2021-05-12,147,15692,23,5322,114,9672,10,698,26,1602,120,7365,36,8967,California
Del Norte,2021-05-13,59,15751,29,5351,30,9702,0,698,32,1607,27,7392,32,8999,California
Del Norte,2021-05-14,73,15824,25,5376,47,9749,1,699,39,1613,34,7426,40,9039,California
Del Norte,2021-05-15,58,15882,39,5415,18,9767,1,700,36,1628,22,7448,37,9076,California
Del Norte,2021-05-16,5,15887,0,5415,5,9772,0,700,5,1633,0,7448,5,9081,California
Del Norte,2021-05-17,25,15912,4,5419,17,9789,4,704,14,1640,11,7459,18,9099,California
Del Norte,2021-05-18,100,16012,52,5471,48,9837,0,704,69,1678,31,7490,69,9168,California
El Dorado,2020-12-15,12,12,12,12,0,0,0,0,12,12,0,0,12,12,California
El Dorado,2020-12-16,40,52,40,52,0,0,0,0,40,52,0,0,40,52,California
El Dorado,2020-12-17,31,83,31,83,0,0,0,0,31,83,0,0,31,83,California
El Dorado,2020-12-18,236,319,236,319,0,0,0,0,236,319,0,0,236,319,California
El Dorado,2020-12-19,116,435,116,435,0,0,0,0,116,435,0,0,116,435,California
El Dorado,2020-12-20,85,520,85,520,0,0,0,0,85,520,0,0,85,520,California
El Dorado,2020-12-21,309,829,308,828,1,1,0,0,309,829,0,0,309,829,California
El Dorado,2020-12-22,238,1067,214,1042,24,25,0,0,238,1067,0,0,238,1067,California
El Dorado,2020-12-23,189,1256,140,1182,49,74,0,0,189,1256,0,0,189,1256,California
El Dorado,2020-12-24,87,1343,66,1248,21,95,0,0,87,1343,0,0,87,1343,California
El Dorado,2020-12-25,8,1351,8,1256,0,95,0,0,8,1351,0,0,8,1351,California
El Dorado,2020-12-26,44,1395,26,1282,18,113,0,0,44,1395,0,0,44,1395,California
El Dorado,2020-12-27,37,1432,33,1315,4,117,0,0,37,1432,0,0,37,1432,California
El Dorado,2020-12-28,215,1647,168,1483,47,164,0,0,215,1647,0,0,215,1647,California
El Dorado,2020-12-29,459,2106,142,1625,317,481,0,0,459,2106,0,0,459,2106,California
El Dorado,2020-12-30,506,2612,136,1761,370,851,0,0,506,2612,0,0,506,2612,California
El Dorado,2020-12-31,110,2722,70,1831,40,891,0,0,110,2722,0,0,110,2722,California
El Dorado,2021-01-01,7,2729,4,1835,3,894,0,0,7,2729,0,0,7,2729,California
El Dorado,2021-01-02,153,2882,141,1976,12,906,0,0,153,2882,0,0,153,2882,California
El Dorado,2021-01-03,92,2974,17,1993,75,981,0,0,92,2974,0,0,92,2974,California
El Dorado,2021-01-04,190,3164,62,2055,128,1109,0,0,190,3164,0,0,190,3164,California
El Dorado,2021-01-05,208,3372,51,2106,157,1266,0,0,192,3340,16,16,192,3356,California
El Dorado,2021-01-06,261,3633,189,2295,72,1338,0,0,197,3473,64,80,197,3553,California
El Dorado,2021-01-07,330,3963,136,2431,194,1532,0,0,259,3661,71,151,259,3812,California
El Dorado,2021-01-08,977,4940,502,2933,475,2007,0,0,774,4233,203,354,775,4587,California
El Dorado,2021-01-09,193,5133,156,3089,37,2044,0,0,125,4290,68,422,125,4712,California
El Dorado,2021-01-10,180,5313,129,3218,51,2095,0,0,110,4331,70,492,111,4823,California
El Dorado,2021-01-11,660,5973,293,3511,367,2462,0,0,460,4593,199,691,461,5284,California
El Dorado,2021-01-12,804,6777,423,3934,381,2843,0,0,555,4899,249,940,555,5839,California
El Dorado,2021-01-13,700,7477,296,4230,404,3247,0,0,539,5277,161,1101,539,6378,California
El Dorado,2021-01-14,792,8269,220,4450,572,3819,0,0,697,5879,95,1196,697,7075,California
El Dorado,2021-01-15,790,9059,185,4635,605,4424,0,0,718,6525,72,1268,718,7793,California
El Dorado,2021-01-16,173,9232,104,4739,69,4493,0,0,146,6644,27,1295,146,7939,California
El Dorado,2021-01-17,100,9332,47,4786,53,4546,0,0,83,6710,17,1312,83,8022,California
El Dorado,2021-01-18,423,9755,140,4926,283,4829,0,0,354,6995,69,1381,354,8376,California
El Dorado,2021-01-19,754,10509,454,5380,300,5129,0,0,604,7450,150,1531,605,8981,California
El Dorado,2021-01-20,1013,11522,688,6068,325,5454,0,0,901,8240,111,1642,901,9882,California
El Dorado,2021-01-21,1266,12788,680,6748,586,6040,0,0,1058,9131,167,1809,1058,10940,California
El Dorado,2021-01-22,1226,14014,831,7579,395,6435,0,0,1172,10250,53,1862,1172,12112,California
El Dorado,2021-01-23,738,14752,617,8196,121,6556,0,0,627,10766,111,1973,627,12739,California
El Dorado,2021-01-24,126,14878,76,8272,50,6606,0,0,107,10854,19,1992,107,12846,California
El Dorado,2021-01-25,697,15575,290,8562,407,7013,0,0,609,11375,88,2080,609,13455,California
El Dorado,2021-01-26,676,16251,366,8928,310,7323,0,0,572,11844,104,2184,573,14028,California
El Dorado,2021-01-27,987,17238,388,9316,599,7922,0,0,650,12156,338,2522,650,14678,California
El Dorado,2021-01-28,1107,18345,453,9769,654,8576,0,0,746,12541,361,2883,746,15424,California
El Dorado,2021-01-29,976,19321,490,10259,486,9062,0,0,746,13059,229,3112,747,16171,California
El Dorado,2021-01-30,611,19932,359,10618,252,9314,0,0,450,13349,160,3272,450,16621,California
El Dorado,2021-01-31,210,20142,189,10807,21,9335,0,0,181,13501,29,3301,181,16802,California
El Dorado,2021-02-01,796,20938,367,11174,429,9764,0,0,652,14009,144,3445,652,17454,California
El Dorado,2021-02-02,839,21777,368,11542,471,10235,0,0,675,14520,164,3609,675,18129,California
El Dorado,2021-02-03,900,22677,475,12017,425,10660,0,0,688,14996,212,3821,688,18817,California
El Dorado,2021-02-04,1268,23945,725,12742,543,11203,0,0,872,15473,395,4216,872,19689,California
El Dorado,2021-02-05,1484,25429,597,13339,887,12090,0,0,864,15754,583,4799,864,20553,California
El Dorado,2021-02-06,640,26069,335,13674,305,12395,0,0,530,16175,110,4909,531,21084,California
El Dorado,2021-02-07,258,26327,176,13850,82,12477,0,0,194,16305,64,4973,194,21278,California
El Dorado,2021-02-08,882,27209,417,14267,465,12942,0,0,608,16639,274,5247,608,21886,California
El Dorado,2021-02-09,968,28177,545,14812,423,13365,0,0,538,16747,430,5677,538,22424,California
El Dorado,2021-02-10,1257,29434,736,15548,521,13886,0,0,663,16817,593,6270,663,23087,California
El Dorado,2021-02-11,2155,31589,892,16440,1263,15149,0,0,761,16188,1391,7661,762,23849,California
El Dorado,2021-02-12,1574,33163,827,17267,747,15896,0,0,673,15962,900,8561,674,24523,California
El Dorado,2021-02-13,978,34141,668,17935,310,16206,0,0,434,15855,541,9102,434,24957,California
El Dorado,2021-02-14,486,34627,155,18090,331,16537,0,0,400,16169,86,9188,400,25357,California
El Dorado,2021-02-15,1183,35810,385,18475,798,17335,0,0,820,16629,363,9551,823,26180,California
El Dorado,2021-02-16,1204,37014,532,19007,672,18007,0,0,670,16767,533,10084,671,26851,California
El Dorado,2021-02-17,951,37965,418,19425,533,18540,0,0,458,16734,493,10577,460,27311,California
El Dorado,2021-02-18,2091,40056,1019,20444,1072,19612,0,0,1058,16760,1032,11609,1058,28369,California
El Dorado,2021-02-19,1208,41264,641,21085,567,20179,0,0,675,16903,532,12141,675,29044,California
El Dorado,2021-02-20,924,42188,440,21525,484,20663,0,0,672,17329,246,12387,672,29716,California
El Dorado,2021-02-21,284,42472,227,21752,57,20720,0,0,100,17246,183,12570,100,29816,California
El Dorado,2021-02-22,871,43343,436,22188,435,21155,0,0,270,16916,600,13170,270,30086,California
El Dorado,2021-02-23,846,44189,473,22661,373,21528,0,0,339,16749,506,13676,339,30425,California
El Dorado,2021-02-24,1027,45216,438,23099,589,22117,0,0,427,16577,600,14276,428,30853,California
El Dorado,2021-02-25,1887,47103,1136,24235,751,22868,0,0,674,16047,1206,15482,676,31529,California
El Dorado,2021-02-26,2356,49459,1481,25716,875,23743,0,0,1587,16868,766,16248,1587,33116,California
El Dorado,2021-02-27,1661,51120,439,26155,1222,24965,0,0,1221,17652,437,16685,1221,34337,California
El Dorado,2021-02-28,591,51711,205,26360,386,25351,0,0,436,17934,155,16840,437,34774,California
El Dorado,2021-03-01,1138,52849,453,26813,684,26035,1,1,626,18052,509,17349,627,35401,California
El Dorado,2021-03-02,921,53770,268,27081,653,26688,0,1,482,18097,437,17786,482,35883,California
El Dorado,2021-03-03,1686,55456,463,27544,1223,27911,0,1,1152,18724,527,18313,1154,37037,California
El Dorado,2021-03-04,2516,57972,1552,29096,964,28875,0,1,1195,18601,1318,19631,1195,38232,California
El Dorado,2021-03-05,1579,59551,425,29521,1149,30024,5,6,1044,19121,529,20160,1049,39281,California
El Dorado,2021-03-06,743,60294,214,29735,494,30518,35,41,394,19202,348,20508,429,39710,California
El Dorado,2021-03-07,406,60700,198,29933,190,30708,18,59,242,19300,162,20670,260,39970,California
El Dorado,2021-03-08,1329,62029,366,30299,891,31599,72,131,859,19763,467,21137,930,40900,California
El Dorado,2021-03-09,982,63011,226,30525,689,32288,67,198,582,20028,384,21521,649,41549,California
El Dorado,2021-03-10,948,63959,343,30868,549,32837,56,254,547,20235,395,21916,602,42151,California
El Dorado,2021-03-11,3020,66979,1834,32702,1004,33841,182,436,1287,19990,1713,23629,1468,43619,California
El Dorado,2021-03-12,1780,68759,620,33322,913,34754,247,683,744,19962,1019,24648,991,44610,California
El Dorado,2021-03-13,1065,69824,344,33666,438,35192,283,966,374,19929,688,25336,655,45265,California
El Dorado,2021-03-14,794,70618,208,33874,474,35666,112,1078,279,19805,515,25851,391,45656,California
El Dorado,2021-03-15,1402,72020,303,34177,973,36639,126,1204,613,19760,785,26636,740,46396,California
El Dorado,2021-03-16,1218,73238,410,34587,663,37302,145,1349,571,19835,641,27277,716,47112,California
El Dorado,2021-03-17,1111,74349,350,34937,667,37969,94,1443,726,20270,385,27662,820,47932,California
El Dorado,2021-03-18,2996,77345,1772,36709,1179,39148,45,1488,1976,21279,1012,28674,2021,49953,California
El Dorado,2021-03-19,1114,78459,363,37072,606,39754,145,1633,639,21588,475,29149,784,50737,California
El Dorado,2021-03-20,950,79409,270,37342,663,40417,17,1650,369,21405,569,29718,386,51123,California
El Dorado,2021-03-21,1025,80434,418,37760,602,41019,5,1655,934,22255,89,29807,939,52062,California
El Dorado,2021-03-22,1505,81939,489,38249,934,41953,82,1737,1194,23225,306,30113,1276,53338,California
El Dorado,2021-03-23,1145,83084,450,38699,603,42556,92,1829,731,23646,402,30515,823,54161,California
El Dorado,2021-03-24,1455,84539,621,39320,638,43194,196,2025,661,23737,766,31281,857,55018,California
El Dorado,2021-03-25,2510,87049,1685,41005,722,43916,103,2128,1381,24098,1123,32404,1484,56502,California
El Dorado,2021-03-26,1819,88868,697,41702,1012,44928,110,2238,945,24302,852,33256,1056,57558,California
El Dorado,2021-03-27,1315,90183,188,41890,1123,46051,4,2242,333,23663,976,34232,337,57895,California
El Dorado,2021-03-28,634,90817,182,42072,443,46494,9,2251,202,23447,428,34660,212,58107,California
El Dorado,2021-03-29,1316,92133,431,42503,869,47363,16,2267,827,23804,486,35146,843,58950,California
El Dorado,2021-03-30,1362,93495,411,42914,858,48221,93,2360,688,23917,666,35812,779,59729,California
El Dorado,2021-03-31,1559,95054,582,43496,914,49135,63,2423,700,23822,857,36669,762,60491,California
El Dorado,2021-04-01,3233,98287,1767,45263,1383,50518,83,2506,1535,23746,1696,38365,1620,62111,California
El Dorado,2021-04-02,1883,100170,561,45824,1227,51745,95,2601,748,23460,1129,39494,843,62954,California
El Dorado,2021-04-03,748,100918,294,46118,333,52078,121,2722,229,23292,517,40011,349,63303,California
El Dorado,2021-04-04,271,101189,85,46203,139,52217,47,2769,98,23265,172,40183,145,63448,California
El Dorado,2021-04-05,1421,102610,425,46628,902,53119,94,2863,590,23123,826,41009,684,64132,California
El Dorado,2021-04-06,1415,104025,525,47153,668,53787,222,3085,452,22837,960,41969,674,64806,California
El Dorado,2021-04-07,1579,105604,554,47707,577,54364,448,3533,556,22818,1020,42989,1001,65807,California
El Dorado,2021-04-08,2664,108268,1716,49423,713,55077,235,3768,1108,22612,1547,44536,1341,67148,California
El Dorado,2021-04-09,1422,109690,450,49873,752,55829,220,3988,568,22545,851,45387,784,67932,California
El Dorado,2021-04-10,818,110508,224,50097,484,56313,110,4098,472,22783,343,45730,581,68513,California
El Dorado,2021-04-11,703,111211,454,50551,233,56546,16,4114,208,22513,494,46224,224,68737,California
El Dorado,2021-04-12,1276,112487,498,51049,630,57176,148,4262,558,22507,711,46935,705,69442,California
El Dorado,2021-04-13,1119,113606,608,51657,511,57687,0,4262,511,22414,604,47539,511,69953,California
El Dorado,2021-04-14,1086,114692,459,52116,626,58313,1,4263,387,22116,686,48225,388,70341,California
El Dorado,2021-04-15,2494,117186,1673,53789,821,59134,0,4263,960,21546,1531,49756,961,71302,California
El Dorado,2021-04-16,1473,118659,519,54308,954,60088,0,4263,611,21300,858,50614,612,71914,California
El Dorado,2021-04-17,786,119445,200,54508,586,60674,0,4263,486,21489,297,50911,486,72400,California
El Dorado,2021-04-18,998,120443,88,54596,910,61584,0,4263,402,21296,595,51506,402,72802,California
El Dorado,2021-04-19,1713,122156,437,55033,1276,62860,0,4263,690,20969,1017,52523,690,73492,California
El Dorado,2021-04-20,1110,123266,359,55392,751,63611,0,4263,460,20784,645,53168,460,73952,California
El Dorado,2021-04-21,1152,124418,464,55856,684,64295,4,4267,586,20812,559,53727,587,74539,California
El Dorado,2021-04-22,2549,126967,1681,57537,868,65163,0,4267,1068,20401,1479,55206,1068,75607,California
El Dorado,2021-04-23,1403,128370,497,58034,906,66069,0,4267,714,20430,686,55892,715,76322,California
El Dorado,2021-04-24,964,129334,512,58546,452,66521,0,4267,733,20934,229,56121,733,77055,California
El Dorado,2021-04-25,652,129986,448,58994,204,66725,0,4267,464,21210,188,56309,464,77519,California
El Dorado,2021-04-26,1131,131117,449,59443,666,67391,16,4283,531,21158,599,56908,547,78066,California
El Dorado,2021-04-27,1048,132165,373,59816,647,68038,28,4311,471,21086,571,57479,499,78565,California
El Dorado,2021-04-28,1030,133195,346,60162,644,68682,40,4351,401,20899,628,58107,441,79006,California
El Dorado,2021-04-29,1931,135126,1306,61468,593,69275,32,4383,541,20085,1387,59494,573,79579,California
El Dorado,2021-04-30,2117,137243,1327,62795,749,70024,41,4424,1358,20737,746,60240,1398,80977,California
El Dorado,2021-05-01,615,137858,282,63077,306,70330,27,4451,277,20710,331,60571,304,81281,California
El Dorado,2021-05-02,298,138156,212,63289,57,70387,29,4480,101,20645,194,60765,129,81410,California
El Dorado,2021-05-03,819,138975,401,63690,368,70755,50,4530,275,20429,542,61307,326,81736,California
El Dorado,2021-05-04,877,139852,432,64122,387,71142,58,4588,309,20232,564,61871,367,82103,California
El Dorado,2021-05-05,872,140724,430,64552,369,71511,73,4661,414,20263,456,62327,487,82590,California
El Dorado,2021-05-06,1112,141836,481,65033,584,72095,47,4708,475,20148,633,62960,518,83108,California
El Dorado,2021-05-07,976,142812,371,65404,547,72642,58,4766,400,20029,576,63536,457,83565,California
El Dorado,2021-05-08,484,143296,147,65551,299,72941,38,4804,186,19957,296,63832,224,83789,California
El Dorado,2021-05-09,217,143513,78,65629,112,73053,27,4831,100,19968,116,63948,127,83916,California
El Dorado,2021-05-10,827,144340,274,65903,494,73547,59,4890,241,19690,576,64524,298,84214,California
El Dorado,2021-05-11,663,145003,287,66190,322,73869,54,4944,291,19667,369,64893,346,84560,California
El Dorado,2021-05-12,589,145592,316,66506,239,74108,34,4978,239,19591,350,65243,274,84834,California
El Dorado,2021-05-13,1119,146711,717,67223,364,74472,38,5016,374,19261,741,65984,411,85245,California
El Dorado,2021-05-14,1361,148072,774,67997,505,74977,82,5098,637,19262,718,66702,719,85964,California
El Dorado,2021-05-15,878,148950,527,68524,293,75270,58,5156,296,19035,581,67283,354,86318,California
El Dorado,2021-05-16,139,149089,71,68595,60,75330,8,5164,36,18976,103,67386,44,86362,California
El Dorado,2021-05-17,1373,150462,516,69111,810,76140,47,5211,460,18574,908,68294,506,86868,California
El Dorado,2021-05-18,338,150800,220,69331,107,76247,11,5222,128,18503,210,68504,139,87007,California
Fresno,2020-12-15,2,2,2,2,0,0,0,0,2,2,0,0,2,2,California
Fresno,2020-12-16,121,123,121,123,0,0,0,0,121,123,0,0,121,123,California
Fresno,2020-12-17,121,244,121,244,0,0,0,0,121,244,0,0,121,244,California
Fresno,2020-12-18,344,588,344,588,0,0,0,0,344,588,0,0,344,588,California
Fresno,2020-12-19,159,747,159,747,0,0,0,0,159,747,0,0,159,747,California
Fresno,2020-12-20,258,1005,256,1003,2,2,0,0,258,1005,0,0,258,1005,California
Fresno,2020-12-21,926,1931,925,1928,1,3,0,0,957,1962,0,0,957,1962,California
Fresno,2020-12-22,902,2833,873,2801,29,32,0,0,906,2868,0,0,906,2868,California
Fresno,2020-12-23,1087,3920,1046,3847,41,73,0,0,1088,3956,0,0,1088,3956,California
Fresno,2020-12-24,584,4504,563,4410,21,94,0,0,584,4540,0,0,584,4540,California
Fresno,2020-12-25,2,4506,1,4411,1,95,0,0,2,4542,0,0,2,4542,California
Fresno,2020-12-26,723,5229,714,5125,9,104,0,0,723,5265,0,0,723,5265,California
Fresno,2020-12-27,300,5529,204,5329,96,200,0,0,300,5565,0,0,300,5565,California
Fresno,2020-12-28,1065,6594,777,6106,288,488,0,0,1066,6631,0,0,1066,6631,California
Fresno,2020-12-29,1783,8377,1038,7144,745,1233,0,0,1781,8411,1,1,1781,8412,California
Fresno,2020-12-30,988,9365,480,7624,508,1741,0,0,988,9399,0,1,988,9400,California
Fresno,2020-12-31,899,10264,309,7933,590,2331,0,0,898,10297,0,1,898,10298,California
Fresno,2021-01-01,9,10273,3,7936,6,2337,0,0,9,10306,0,1,9,10307,California
Fresno,2021-01-02,1030,11303,717,8653,313,2650,0,0,1030,11336,0,1,1030,11337,California
Fresno,2021-01-03,153,11456,128,8781,25,2675,0,0,153,11489,0,1,153,11490,California
Fresno,2021-01-04,619,12075,376,9157,243,2918,0,0,619,12108,0,1,619,12109,California
Fresno,2021-01-05,780,12855,312,9469,468,3386,0,0,706,12740,74,75,706,12815,California
Fresno,2021-01-06,982,13837,346,9815,636,4022,0,0,810,13378,172,247,810,13625,California
Fresno,2021-01-07,1892,15729,916,10731,976,4998,0,0,1638,14765,254,501,1641,15266,California
Fresno,2021-01-08,1788,17517,614,11345,1174,6172,0,0,1424,15827,362,863,1424,16690,California
Fresno,2021-01-09,630,18147,388,11733,242,6414,0,0,355,15907,275,1138,355,17045,California
Fresno,2021-01-10,518,18665,488,12221,30,6444,0,0,204,15797,314,1452,204,17249,California
Fresno,2021-01-11,2207,20872,1799,14020,408,6852,0,0,1514,16621,693,2145,1517,18766,California
Fresno,2021-01-12,2529,23401,1830,15850,699,7551,0,0,1680,17452,851,2996,1682,20448,California
Fresno,2021-01-13,3540,26941,2422,18272,1118,8669,0,0,2682,19279,858,3854,2685,23133,California
Fresno,2021-01-14,4158,31099,2203,20475,1955,10624,0,0,3687,22496,470,4324,3687,26820,California
Fresno,2021-01-15,3653,34752,2530,23005,1123,11747,0,0,3296,25439,357,4681,3300,30120,California
Fresno,2021-01-16,3153,37905,2310,25315,843,12590,0,0,2688,27664,464,5145,2689,32809,California
Fresno,2021-01-17,979,38884,558,25873,421,13011,0,0,781,28247,198,5343,781,33590,California
Fresno,2021-01-18,3077,41961,2370,28243,707,13718,0,0,2411,29996,664,6007,2413,36003,California
Fresno,2021-01-19,4406,46367,2614,30857,1792,15510,0,0,3696,32986,710,6717,3700,39703,California
Fresno,2021-01-20,3022,49389,1211,32068,1811,17321,0,0,2698,35365,322,7039,2701,42404,California
Fresno,2021-01-21,4390,53779,2031,34099,2359,19680,0,0,4034,39071,334,7373,4040,46444,California
Fresno,2021-01-22,3315,57094,1348,35447,1967,21647,0,0,2920,41614,378,7751,2921,49365,California
Fresno,2021-01-23,3046,60140,1972,37419,1074,22721,0,0,2322,43218,723,8474,2327,51692,California
Fresno,2021-01-24,557,60697,376,37795,181,22902,0,0,352,43367,205,8679,354,52046,California
Fresno,2021-01-25,2347,63044,868,38663,1479,24381,0,0,1857,44737,490,9169,1860,53906,California
Fresno,2021-01-26,2023,65067,584,39247,1439,25820,0,0,1312,45341,709,9878,1313,55219,California
Fresno,2021-01-27,2285,67352,1166,40413,1119,26939,0,0,1754,46569,529,10407,1757,56976,California
Fresno,2021-01-28,4509,71861,3067,43480,1442,28381,0,0,3483,49033,1022,11429,3486,60462,California
Fresno,2021-01-29,1708,73569,984,44464,724,29105,0,0,1410,50149,295,11724,1411,61873,California
Fresno,2021-01-30,1454,75023,552,45016,902,30007,0,0,1036,50767,418,12142,1036,62909,California
Fresno,2021-01-31,227,75250,218,45234,9,30016,0,0,73,50686,154,12296,73,62982,California
Fresno,2021-02-01,3344,78594,1670,46904,1674,31690,0,0,1785,50931,1558,13854,1803,64785,California
Fresno,2021-02-02,2726,81320,554,47458,2172,33862,0,0,1583,51402,1128,14982,1599,66384,California
Fresno,2021-02-03,3554,84874,2101,49559,1453,35315,0,0,1534,50934,2003,16985,1535,67919,California
Fresno,2021-02-04,4201,89075,1899,51458,2302,37617,0,0,1932,50632,2239,19224,1937,69856,California
Fresno,2021-02-05,5338,94413,2725,54183,2613,40230,0,0,2308,49919,3025,22249,2312,72168,California
Fresno,2021-02-06,2937,97350,2048,56231,889,41119,0,0,977,48940,1957,24206,978,73146,California
Fresno,2021-02-07,470,97820,289,56520,181,41300,0,0,275,49021,194,24400,275,73421,California
Fresno,2021-02-08,4278,102098,2292,58812,1986,43286,0,0,1812,48400,2442,26842,1821,75242,California
Fresno,2021-02-09,5335,107433,2087,60899,3248,46534,0,0,3118,49385,2142,28984,3127,78369,California
Fresno,2021-02-10,3890,111323,1237,62136,2653,49187,0,0,1996,49555,1838,30822,2008,80377,California
Fresno,2021-02-11,6459,117782,2097,64233,4362,53549,0,0,3363,49844,3079,33901,3368,83745,California
Fresno,2021-02-12,5394,123176,1384,65617,4010,57559,0,0,2742,49961,2632,36533,2749,86494,California
Fresno,2021-02-13,3752,126928,1560,67177,2192,59751,0,0,2084,50395,1656,38189,2090,88584,California
Fresno,2021-02-14,1563,128491,283,67460,1280,61031,0,0,839,50512,724,38913,841,89425,California
Fresno,2021-02-15,2892,131383,272,67732,2620,63651,0,0,1787,51202,1101,40014,1791,91216,California
Fresno,2021-02-16,6700,138083,2408,70140,4292,67943,0,0,4253,53032,2429,42443,4259,95475,California
Fresno,2021-02-17,5346,143429,2458,72598,2888,70831,0,0,2986,53708,2315,44758,2991,98466,California
Fresno,2021-02-18,6867,150296,2905,75503,3962,74793,0,0,2570,52042,4247,49005,2581,101047,California
Fresno,2021-02-19,3842,154138,1104,76607,2738,77531,0,0,1828,51870,2003,51008,1831,102878,California
Fresno,2021-02-20,4547,158685,2503,79110,2044,79575,0,0,3064,53464,1476,52484,3070,105948,California
Fresno,2021-02-21,196,158881,176,79286,20,79595,0,0,133,53547,50,52534,133,106081,California
Fresno,2021-02-22,2250,161131,1008,80294,1242,80837,0,0,1240,53789,1000,53534,1242,107323,California
Fresno,2021-02-23,4672,165803,2247,82541,2425,83262,0,0,3796,56723,864,54398,3798,111121,California
Fresno,2021-02-24,4208,170011,1501,84042,2707,85969,0,0,3455,59438,741,55139,3456,114577,California
Fresno,2021-02-25,8687,178698,3711,87753,4976,90945,0,0,7197,65218,1425,56564,7205,121782,California
Fresno,2021-02-26,9002,187700,3688,91441,5314,96259,0,0,7698,71643,1279,57843,7704,129486,California
Fresno,2021-02-27,7237,194937,3127,94568,4109,100368,1,1,6527,77478,694,58537,6529,136015,California
Fresno,2021-02-28,1655,196592,536,95104,1119,101487,0,1,1564,78965,78,58615,1565,137580,California
Fresno,2021-03-01,4974,201566,1315,96419,3659,105146,0,1,3656,81318,1307,59922,3660,141240,California
Fresno,2021-03-02,9842,211408,3384,99803,6458,111604,0,1,8459,88440,1359,61281,8481,149721,California
Fresno,2021-03-03,6951,218359,1705,101508,5245,116849,1,2,5932,93480,1007,62288,6047,155768,California
Fresno,2021-03-04,10228,228587,4106,105614,6122,122971,0,2,8686,100662,1512,63800,8694,164462,California
Fresno,2021-03-05,9017,237604,3628,109242,5387,128358,2,4,7982,107819,902,64702,8059,172521,California
Fresno,2021-03-06,6696,244300,3631,112873,2947,131305,118,122,5708,112668,981,65683,5830,178351,California
Fresno,2021-03-07,1489,245789,684,113557,769,132074,36,158,1260,113737,228,65911,1297,179648,California
Fresno,2021-03-08,5136,250925,2024,115581,2959,135033,153,311,3953,116680,1174,67085,4117,183765,California
Fresno,2021-03-09,7221,258146,2451,118032,4500,139533,270,581,4008,117798,3195,70280,4313,188078,California
Fresno,2021-03-10,6646,264792,2762,120794,3491,143024,393,974,5239,122042,1398,71678,5642,193720,California
Fresno,2021-03-11,11466,276258,4561,125355,6339,149363,566,1540,6216,123694,5206,76884,6858,200578,California
Fresno,2021-03-12,11800,288058,5030,130385,6317,155680,453,1993,8797,130101,2984,79868,9391,209969,California
Fresno,2021-03-13,8181,296239,3906,134291,3243,158923,1032,3025,3923,130891,4236,84104,5026,214995,California
Fresno,2021-03-14,1763,298002,472,134763,1001,159924,290,3315,661,130751,1090,85194,950,215945,California
Fresno,2021-03-15,7086,305088,3152,137915,3762,163686,172,3487,4914,133867,2156,87350,5272,221217,California
Fresno,2021-03-16,10106,315194,4433,142348,5278,168964,395,3882,5369,135024,4703,92053,5860,227077,California
Fresno,2021-03-17,8606,323800,3884,146232,4030,172994,692,4574,5822,139156,2762,94815,6894,233971,California
Fresno,2021-03-18,12285,336085,6583,152815,5069,178063,633,5207,6958,141896,5275,100090,8015,241986,California
Fresno,2021-03-19,10910,346995,5646,158461,4650,182713,614,5821,6887,145699,3993,104083,7796,249782,California
Fresno,2021-03-20,7395,354390,4428,162889,2655,185368,312,6133,3690,146302,3675,107758,4278,254060,California
Fresno,2021-03-21,1777,356167,1204,164093,203,185571,370,6503,957,146814,816,108574,1328,255388,California
Fresno,2021-03-22,5652,361819,2890,166983,2167,187738,595,7098,3836,149645,1800,110374,4631,260019,California
Fresno,2021-03-23,10540,372359,5244,172227,4803,192541,493,7591,5064,150175,5455,115829,5985,266004,California
Fresno,2021-03-24,8788,381147,3764,175991,4196,196737,828,8419,4856,152015,3896,119725,5736,271740,California
Fresno,2021-03-25,12073,393220,5580,181571,5711,202448,782,9201,4742,150336,7283,127008,5604,277344,California
Fresno,2021-03-26,12054,405274,5340,186911,6068,208516,646,9847,4447,147897,7554,134562,5115,282459,California
Fresno,2021-03-27,9379,414653,4138,191049,4158,212674,1083,10930,2865,145374,6477,141039,3954,286413,California
Fresno,2021-03-28,3380,418033,1293,192342,1399,214073,688,11618,1264,145495,2108,143147,2229,288642,California
Fresno,2021-03-29,5985,424018,1980,194322,3461,217534,544,12162,2878,145848,3082,146229,3435,292077,California
Fresno,2021-03-30,10818,434836,4221,198543,5710,223244,887,13049,4390,144723,6402,152631,5277,297354,California
Fresno,2021-03-31,9427,444263,3328,201871,5112,228356,987,14036,3779,143878,5609,158240,4764,302118,California
Fresno,2021-04-01,11758,456021,4092,205963,6803,235159,863,14899,3926,140905,7731,165971,4758,306876,California
Fresno,2021-04-02,11639,467660,4434,210397,6417,241576,788,15687,4175,138570,7308,173279,4973,311849,California
Fresno,2021-04-03,6253,473913,3403,213800,2595,244171,255,15942,2141,136913,4097,177376,2440,314289,California
Fresno,2021-04-04,1492,475405,536,214336,911,245082,45,15987,555,136584,929,178305,600,314889,California
Fresno,2021-04-05,8323,483728,4471,218807,3054,248136,798,16785,2490,134125,5817,184122,3358,318247,California
Fresno,2021-04-06,9566,493294,4022,222829,4370,252506,1174,17959,3605,132997,5924,190046,4796,323043,California
Fresno,2021-04-07,10323,503617,5313,228142,3820,256326,1190,19149,3564,131060,6717,196763,4780,327823,California
Fresno,2021-04-08,10830,514447,5132,233274,4553,260879,1145,20294,3503,128469,7281,204044,4690,332513,California
Fresno,2021-04-09,11141,525588,5328,238602,4434,265313,1379,21673,3645,126060,7454,211498,5045,337558,California
Fresno,2021-04-10,7872,533460,5159,243761,2192,267505,521,22194,3744,126208,4116,215614,4264,341822,California
Fresno,2021-04-11,1389,534849,929,244690,371,267876,89,22283,448,125810,936,216550,538,342360,California
Fresno,2021-04-12,7152,542001,3771,248461,2465,270341,916,23199,2329,124254,4800,221350,3244,345604,California
Fresno,2021-04-13,8914,550915,4242,252703,4602,274943,70,23269,3498,122531,5382,226732,3659,349263,California
Fresno,2021-04-14,9449,560364,5736,258439,3712,278655,1,23270,3740,120652,5666,232398,3787,353050,California
Fresno,2021-04-15,8383,568747,4184,262623,4196,282851,3,23273,3180,118663,5175,237573,3186,356236,California
Fresno,2021-04-16,9365,578112,4626,267249,4737,287588,2,23275,3910,117162,5418,242991,3917,360153,California
Fresno,2021-04-17,5574,583686,3730,270979,1843,289431,1,23276,2708,117024,2849,245840,2711,362864,California
Fresno,2021-04-18,1026,584712,558,271537,468,289899,0,23276,478,116959,543,246383,478,363342,California
Fresno,2021-04-19,5527,590239,3026,274563,2498,292397,3,23279,2264,116008,3220,249603,2269,365611,California
Fresno,2021-04-20,6947,597186,3437,278000,3502,295899,8,23287,2627,114347,4297,253900,2636,368247,California
Fresno,2021-04-21,6367,603553,3519,281519,2839,298738,9,23296,2653,113335,3677,257577,2665,370912,California
Fresno,2021-04-22,6347,609900,3157,284676,3189,301927,1,23297,2339,111725,3953,261530,2343,373255,California
Fresno,2021-04-23,7044,616944,3780,288456,3246,305173,18,23315,2721,110171,4281,265811,2727,375982,California
Fresno,2021-04-24,4157,621101,2484,290940,1673,306846,0,23315,1955,109938,2188,267999,1955,377937,California
Fresno,2021-04-25,1383,622484,568,291508,813,307659,2,23317,695,109950,684,268683,696,378633,California
Fresno,2021-04-26,3921,626405,1966,293474,1912,309571,43,23360,1657,109414,2234,270917,1698,380331,California
Fresno,2021-04-27,4521,630926,2289,295763,2122,311693,110,23470,1783,108589,2718,273635,1893,382224,California
Fresno,2021-04-28,4703,635629,2624,298387,1952,313645,127,23597,1922,107878,2760,276395,2049,384273,California
Fresno,2021-04-29,4719,640348,2646,301033,1941,315586,132,23729,1737,106794,2953,279348,1869,386142,California
Fresno,2021-04-30,5372,645720,3281,304314,1961,317547,130,23859,2105,105794,3234,282582,2234,388376,California
Fresno,2021-05-01,4181,649901,3466,307780,579,318126,136,23995,1211,104185,2955,285537,1346,389722,California
Fresno,2021-05-02,1241,651142,776,308556,414,318540,51,24046,600,104205,630,286167,650,390372,California
Fresno,2021-05-03,4028,655170,2726,311282,1116,319656,186,24232,1314,103013,2688,288855,1496,391868,California
Fresno,2021-05-04,4822,659992,2498,313780,2174,321830,150,24382,1550,101467,3248,292103,1702,393570,California
Fresno,2021-05-05,4814,664806,2888,316668,1701,323531,225,24607,1463,99820,3328,295431,1681,395251,California
Fresno,2021-05-06,4063,668869,2486,319154,1472,325003,105,24712,1358,98606,2677,298108,1463,396714,California
Fresno,2021-05-07,4985,673854,3277,322431,1547,326550,161,24873,1540,96881,3424,301532,1699,398413,California
Fresno,2021-05-08,3881,677735,2486,324917,1251,327801,144,25017,1167,95499,2694,304226,1312,399725,California
Fresno,2021-05-09,708,678443,375,325292,289,328090,44,25061,347,95534,355,304581,390,400115,California
Fresno,2021-05-10,2936,681379,1595,326887,1201,329291,140,25201,930,94605,1999,306580,1070,401185,California
Fresno,2021-05-11,3568,684947,1846,328733,1634,330925,88,25289,1116,93371,2439,309019,1205,402390,California
Fresno,2021-05-12,3675,688622,2319,331052,1211,332136,145,25434,1312,92489,2340,311359,1458,403848,California
Fresno,2021-05-13,3584,692206,1940,332992,1541,333677,103,25537,1584,92214,1962,313321,1687,405535,California
Fresno,2021-05-14,4989,697195,3017,336009,1793,335470,179,25716,2126,91683,2832,316153,2301,407836,California
Fresno,2021-05-15,3515,700710,2633,338642,768,336238,114,25830,1790,91871,1715,317868,1903,409739,California
Fresno,2021-05-16,536,701246,286,338928,220,336458,30,25860,332,92030,202,318070,361,410100,California
Fresno,2021-05-17,3300,704546,2047,340975,1115,337573,138,25998,1716,92321,1563,319633,1854,411954,California
Fresno,2021-05-18,1989,706535,1192,342167,675,338248,122,26120,939,92350,1031,320664,1060,413014,California
Glenn,2020-12-17,1,1,1,1,0,0,0,0,1,1,0,0,1,1,California
Glenn,2020-12-19,1,2,1,2,0,0,0,0,1,2,0,0,1,2,California
Glenn,2020-12-20,1,3,1,3,0,0,0,0,1,3,0,0,1,3,California
Glenn,2020-12-21,11,14,11,14,0,0,0,0,11,14,0,0,11,14,California
Glenn,2020-12-22,59,73,59,73,0,0,0,0,59,73,0,0,59,73,California
Glenn,2020-12-23,27,100,27,100,0,0,0,0,27,100,0,0,27,100,California
Glenn,2020-12-24,9,109,9,109,0,0,0,0,9,109,0,0,9,109,California
Glenn,2020-12-26,2,111,2,111,0,0,0,0,2,111,0,0,2,111,California
Glenn,2020-12-27,4,115,4,115,0,0,0,0,4,115,0,0,4,115,California
Glenn,2020-12-28,21,136,21,136,0,0,0,0,21,136,0,0,21,136,California
Glenn,2020-12-29,82,218,82,218,0,0,0,0,82,218,0,0,82,218,California
Glenn,2020-12-30,129,347,106,324,23,23,0,0,129,347,0,0,129,347,California
Glenn,2020-12-31,38,385,9,333,29,52,0,0,38,385,0,0,38,385,California
Glenn,2021-01-02,2,387,2,335,0,52,0,0,2,387,0,0,2,387,California
Glenn,2021-01-04,7,394,5,340,2,54,0,0,7,394,0,0,7,394,California
Glenn,2021-01-05,9,403,8,348,1,55,0,0,9,403,0,0,9,403,California
Glenn,2021-01-06,60,463,8,356,52,107,0,0,60,463,0,0,60,463,California
Glenn,2021-01-07,67,530,12,368,55,162,0,0,65,526,2,2,65,528,California
Glenn,2021-01-08,12,542,9,377,3,165,0,0,12,538,0,2,12,540,California
Glenn,2021-01-10,1,543,1,378,0,165,0,0,0,537,1,3,0,540,California
Glenn,2021-01-11,30,573,30,408,0,165,0,0,12,531,18,21,12,552,California
Glenn,2021-01-12,42,615,37,445,5,170,0,0,14,517,28,49,14,566,California
Glenn,2021-01-13,152,767,87,532,65,235,0,0,108,581,44,93,108,674,California
Glenn,2021-01-14,185,952,96,628,89,324,0,0,175,746,10,103,175,849,California
Glenn,2021-01-15,42,994,34,662,8,332,0,0,37,778,5,108,37,886,California
Glenn,2021-01-16,34,1028,14,676,20,352,0,0,24,792,10,118,24,910,California
Glenn,2021-01-17,4,1032,2,678,2,354,0,0,2,792,2,120,2,912,California
Glenn,2021-01-18,17,1049,16,694,1,355,0,0,9,793,8,128,9,921,California
Glenn,2021-01-19,31,1080,20,714,11,366,0,0,14,790,17,145,14,935,California
Glenn,2021-01-20,163,1243,94,808,69,435,0,0,82,791,81,226,82,1017,California
Glenn,2021-01-21,124,1367,98,906,26,461,0,0,30,727,94,320,30,1047,California
Glenn,2021-01-22,339,1706,65,971,274,735,0,0,332,1052,7,327,332,1379,California
Glenn,2021-01-23,14,1720,7,978,7,742,0,0,12,1062,2,329,12,1391,California
Glenn,2021-01-24,2,1722,2,980,0,742,0,0,2,1064,0,329,2,1393,California
Glenn,2021-01-25,27,1749,9,989,18,760,0,0,24,1085,3,332,24,1417,California
Glenn,2021-01-26,29,1778,13,1002,16,776,0,0,23,1102,6,338,23,1440,California
Glenn,2021-01-27,188,1966,13,1015,175,951,0,0,166,1246,22,360,166,1606,California
Glenn,2021-01-28,146,2112,8,1023,138,1089,0,0,116,1332,30,390,116,1722,California
Glenn,2021-01-29,296,2408,12,1035,284,1373,0,0,282,1600,14,404,282,2004,California
Glenn,2021-01-30,4,2412,0,1035,4,1377,0,0,4,1604,0,404,4,2008,California
Glenn,2021-01-31,1,2413,0,1035,1,1378,0,0,1,1605,0,404,1,2009,California
Glenn,2021-02-01,28,2441,10,1045,18,1396,0,0,16,1609,12,416,16,2025,California
Glenn,2021-02-02,28,2469,13,1058,15,1411,0,0,19,1619,9,425,19,2044,California
Glenn,2021-02-03,206,2675,57,1115,149,1560,0,0,111,1636,95,520,112,2156,California
Glenn,2021-02-04,150,2825,84,1199,66,1626,0,0,45,1576,105,625,45,2201,California
Glenn,2021-02-05,319,3144,24,1223,295,1921,0,0,299,1855,20,645,299,2500,California
Glenn,2021-02-06,14,3158,2,1225,12,1933,0,0,13,1867,1,646,13,2513,California
Glenn,2021-02-07,2,3160,2,1227,0,1933,0,0,2,1869,0,646,2,2515,California
Glenn,2021-02-08,21,3181,17,1244,4,1937,0,0,4,1856,17,663,4,2519,California
Glenn,2021-02-09,49,3230,20,1264,29,1966,0,0,36,1879,13,676,36,2555,California
Glenn,2021-02-10,139,3369,19,1283,120,2086,0,0,65,1870,74,750,65,2620,California
Glenn,2021-02-11,233,3602,133,1416,100,2186,0,0,150,1937,83,833,150,2770,California
Glenn,2021-02-12,420,4022,99,1515,321,2507,0,0,354,2225,66,899,354,3124,California
Glenn,2021-02-13,34,4056,7,1522,27,2534,0,0,16,2223,18,917,16,3140,California
Glenn,2021-02-14,1,4057,0,1522,1,2535,0,0,1,2224,0,917,1,3141,California
Glenn,2021-02-15,8,4065,0,1522,8,2543,0,0,8,2232,0,917,8,3149,California
Glenn,2021-02-16,39,4104,9,1531,30,2573,0,0,21,2235,18,935,21,3170,California
Glenn,2021-02-17,380,4484,14,1545,366,2939,0,0,302,2459,78,1013,302,3472,California
Glenn,2021-02-18,135,4619,100,1645,35,2974,0,0,111,2546,24,1037,111,3583,California
Glenn,2021-02-19,303,4922,17,1662,286,3260,0,0,29,2301,274,1311,29,3612,California
Glenn,2021-02-20,8,4930,0,1662,8,3268,0,0,0,2293,8,1319,0,3612,California
Glenn,2021-02-21,1,4931,1,1663,0,3268,0,0,1,2294,0,1319,1,3613,California
Glenn,2021-02-22,33,4964,14,1677,19,3287,0,0,17,2295,16,1335,17,3630,California
Glenn,2021-02-23,40,5004,10,1687,30,3317,0,0,28,2311,12,1347,28,3658,California
Glenn,2021-02-24,229,5233,23,1710,206,3523,0,0,47,2176,182,1529,47,3705,California
Glenn,2021-02-25,262,5495,148,1858,114,3637,0,0,118,2158,136,1665,118,3823,California
Glenn,2021-02-26,304,5799,24,1882,280,3917,0,0,20,1895,283,1948,20,3843,California
Glenn,2021-02-27,15,5814,5,1887,10,3927,0,0,5,1891,9,1957,5,3848,California
Glenn,2021-02-28,6,5820,3,1890,3,3930,0,0,3,1892,2,1959,3,3851,California
Glenn,2021-03-01,28,5848,6,1896,22,3952,0,0,12,1888,16,1975,12,3863,California
Glenn,2021-03-02,35,5883,7,1903,28,3980,0,0,17,1887,18,1993,17,3880,California
Glenn,2021-03-03,192,6075,37,1940,155,4135,0,0,101,1899,89,2082,101,3981,California
Glenn,2021-03-04,521,6596,175,2115,346,4481,0,0,375,2128,146,2228,375,4356,California
Glenn,2021-03-05,356,6952,48,2163,308,4789,0,0,35,1842,321,2549,35,4391,California
Glenn,2021-03-06,26,6978,3,2166,22,4811,1,1,9,1835,17,2566,10,4401,California
Glenn,2021-03-07,5,6983,0,2166,5,4816,0,1,3,1837,1,2567,3,4404,California
Glenn,2021-03-08,20,7003,2,2168,17,4833,1,2,18,1854,2,2569,19,4423,California
Glenn,2021-03-09,82,7085,11,2179,68,4901,3,5,54,1882,28,2597,56,4479,California
Glenn,2021-03-10,172,7257,69,2248,101,5002,2,7,95,1902,77,2674,97,4576,California
Glenn,2021-03-11,584,7841,170,2418,391,5393,23,30,454,2249,130,2804,477,5053,California
Glenn,2021-03-12,418,8259,14,2432,342,5735,62,92,41,1975,377,3181,103,5156,California
Glenn,2021-03-13,12,8271,1,2433,3,5738,8,100,1,1973,11,3192,9,5165,California
Glenn,2021-03-14,3,8274,1,2434,2,5740,0,100,1,1972,2,3194,1,5166,California
Glenn,2021-03-15,75,8349,15,2449,55,5795,5,105,60,2022,15,3209,65,5231,California
Glenn,2021-03-16,107,8456,33,2482,63,5858,11,116,66,2058,41,3250,77,5308,California
Glenn,2021-03-17,416,8872,97,2579,312,6170,7,123,115,1877,301,3551,120,5428,California
Glenn,2021-03-18,521,9393,215,2794,50,6220,256,379,145,1901,376,3927,400,5828,California
Glenn,2021-03-19,92,9485,16,2810,70,6290,6,385,71,1958,20,3947,77,5905,California
Glenn,2021-03-20,121,9606,1,2811,119,6409,1,386,119,2076,2,3949,120,6025,California
Glenn,2021-03-21,6,9612,5,2816,0,6409,1,387,3,2078,2,3951,4,6029,California
Glenn,2021-03-22,117,9729,54,2870,55,6464,8,395,97,2165,18,3969,105,6134,California
Glenn,2021-03-23,173,9902,66,2936,56,6520,51,446,100,2244,72,4041,151,6285,California
Glenn,2021-03-24,206,10108,100,3036,101,6621,5,451,134,2312,71,4112,139,6424,California
Glenn,2021-03-25,458,10566,229,3265,135,6756,94,545,330,2609,127,4239,424,6848,California
Glenn,2021-03-26,229,10795,37,3302,156,6912,36,581,178,2772,51,4290,214,7062,California
Glenn,2021-03-27,151,10946,22,3324,124,7036,5,586,141,2908,10,4300,146,7208,California
Glenn,2021-03-28,15,10961,10,3334,5,7041,0,586,10,2913,5,4305,10,7218,California
Glenn,2021-03-29,60,11021,20,3354,37,7078,3,589,46,2948,14,4319,49,7267,California
Glenn,2021-03-30,74,11095,42,3396,31,7109,1,590,42,2961,30,4349,43,7310,California
Glenn,2021-03-31,125,11220,35,3431,89,7198,1,591,54,2946,70,4419,55,7365,California
Glenn,2021-04-01,646,11866,188,3619,449,7647,9,600,234,2779,410,4829,243,7608,California
Glenn,2021-04-02,160,12026,26,3645,122,7769,12,612,124,2879,36,4865,136,7744,California
Glenn,2021-04-03,91,12117,4,3649,80,7849,7,619,80,2955,11,4876,87,7831,California
Glenn,2021-04-04,9,12126,3,3652,4,7853,2,621,5,2958,4,4880,7,7838,California
Glenn,2021-04-05,65,12191,25,3677,27,7880,13,634,28,2962,37,4917,41,7879,California
Glenn,2021-04-06,144,12335,52,3729,53,7933,39,673,38,2933,105,5022,76,7955,California
Glenn,2021-04-07,159,12494,46,3775,59,7992,54,727,73,2974,86,5108,127,8082,California
Glenn,2021-04-08,641,13135,189,3964,418,8410,34,761,139,2647,500,5608,173,8255,California
Glenn,2021-04-09,157,13292,57,4021,84,8494,16,777,101,2708,56,5664,117,8372,California
Glenn,2021-04-10,74,13366,1,4022,61,8555,12,789,61,2768,13,5677,73,8445,California
Glenn,2021-04-11,17,13383,8,4030,4,8559,5,794,7,2770,10,5687,12,8457,California
Glenn,2021-04-12,114,13497,25,4055,60,8619,29,823,20,2725,94,5781,49,8506,California
Glenn,2021-04-13,118,13615,63,4118,55,8674,0,823,31,2670,86,5867,31,8537,California
Glenn,2021-04-14,123,13738,47,4165,76,8750,0,823,69,2685,54,5921,69,8606,California
Glenn,2021-04-15,361,14099,275,4440,86,8836,0,823,124,2572,237,6158,124,8730,California
Glenn,2021-04-16,164,14263,40,4480,124,8960,0,823,78,2564,86,6244,78,8808,California
Glenn,2021-04-17,166,14429,18,4498,148,9108,0,823,36,2477,123,6367,36,8844,California
Glenn,2021-04-18,16,14445,3,4501,13,9121,0,823,13,2487,3,6370,13,8857,California
Glenn,2021-04-19,82,14527,17,4518,65,9186,0,823,27,2460,54,6424,27,8884,California
Glenn,2021-04-20,125,14652,81,4599,44,9230,0,823,56,2447,69,6493,56,8940,California
Glenn,2021-04-21,412,15064,309,4908,103,9333,0,823,286,2607,126,6619,286,9226,California
Glenn,2021-04-22,208,15272,48,4956,160,9493,0,823,43,2486,164,6783,43,9269,California
Glenn,2021-04-23,178,15450,24,4980,154,9647,0,823,48,2405,129,6912,48,9317,California
Glenn,2021-04-24,179,15629,32,5012,147,9794,0,823,44,2314,135,7047,44,9361,California
Glenn,2021-04-25,28,15657,16,5028,12,9806,0,823,21,2328,7,7054,21,9382,California
Glenn,2021-04-26,46,15703,11,5039,35,9841,0,823,19,2320,27,7081,19,9401,California
Glenn,2021-04-27,58,15761,45,5084,8,9849,5,828,28,2323,29,7110,32,9433,California
Glenn,2021-04-28,256,16017,178,5262,67,9916,11,839,127,2332,129,7239,138,9571,California
Glenn,2021-04-29,181,16198,22,5284,157,10073,2,841,43,2239,138,7377,45,9616,California
Glenn,2021-04-30,156,16354,35,5319,119,10192,2,843,46,2177,110,7487,48,9664,California
Glenn,2021-05-01,108,16462,13,5332,94,10286,1,844,30,2130,78,7565,31,9695,California
Glenn,2021-05-02,30,16492,12,5344,9,10295,9,853,15,2139,15,7580,24,9719,California
Glenn,2021-05-03,36,16528,23,5367,12,10307,1,854,14,2132,22,7602,15,9734,California
Glenn,2021-05-04,57,16585,33,5400,19,10326,5,859,28,2136,29,7631,33,9767,California
Glenn,2021-05-05,122,16707,35,5435,77,10403,10,869,51,2126,71,7702,61,9828,California
Glenn,2021-05-06,106,16813,41,5476,60,10463,5,874,40,2105,66,7768,45,9873,California
Glenn,2021-05-07,120,16933,33,5509,78,10541,9,883,31,2057,88,7856,40,9913,California
Glenn,2021-05-08,66,16999,12,5521,50,10591,4,887,21,2038,44,7900,25,9938,California
Glenn,2021-05-09,17,17016,11,5532,6,10597,0,887,13,2047,4,7904,13,9951,California
Glenn,2021-05-10,36,17052,15,5547,16,10613,5,892,15,2046,21,7925,20,9971,California
Glenn,2021-05-11,76,17128,53,5600,14,10627,9,901,16,2011,60,7985,25,9996,California
Glenn,2021-05-12,327,17455,245,5845,68,10695,14,915,46,1790,281,8266,60,10056,California
Glenn,2021-05-13,123,17578,31,5876,74,10769,18,933,40,1765,83,8349,58,10114,California
Glenn,2021-05-14,106,17684,23,5899,78,10847,5,938,41,1747,64,8413,46,10160,California
Glenn,2021-05-15,72,17756,40,5939,29,10876,3,941,39,1756,32,8445,41,10201,California
Glenn,2021-05-16,12,17768,1,5940,11,10887,0,941,1,1746,11,8456,1,10202,California
Glenn,2021-05-17,35,17803,13,5953,19,10906,3,944,14,1742,21,8477,17,10219,California
Glenn,2021-05-18,33,17836,19,5972,13,10919,1,945,10,1730,23,8500,11,10230,California
Humboldt,2020-12-15,2,2,2,2,0,0,0,0,2,2,0,0,2,2,California
Humboldt,2020-12-16,15,17,15,17,0,0,0,0,15,17,0,0,15,17,California
Humboldt,2020-12-17,117,134,117,134,0,0,0,0,117,134,0,0,117,134,California
Humboldt,2020-12-18,177,311,177,311,0,0,0,0,177,311,0,0,177,311,California
Humboldt,2020-12-19,10,321,10,321,0,0,0,0,10,321,0,0,10,321,California
Humboldt,2020-12-20,28,349,28,349,0,0,0,0,28,349,0,0,28,349,California
Humboldt,2020-12-21,166,515,166,515,0,0,0,0,166,515,0,0,166,515,California
Humboldt,2020-12-22,297,812,297,812,0,0,0,0,297,812,0,0,297,812,California
Humboldt,2020-12-23,310,1122,262,1074,48,48,0,0,312,1124,0,0,312,1124,California
Humboldt,2020-12-24,25,1147,2,1076,23,71,0,0,25,1149,0,0,25,1149,California
Humboldt,2020-12-25,2,1149,2,1078,0,71,0,0,2,1151,0,0,2,1151,California
Humboldt,2020-12-26,6,1155,5,1083,1,72,0,0,6,1157,0,0,6,1157,California
Humboldt,2020-12-28,157,1312,145,1228,12,84,0,0,157,1314,0,0,157,1314,California
Humboldt,2020-12-29,171,1483,124,1352,47,131,0,0,171,1485,0,0,171,1485,California
Humboldt,2020-12-30,224,1707,124,1476,100,231,0,0,224,1709,0,0,224,1709,California
Humboldt,2020-12-31,242,1949,79,1555,163,394,0,0,242,1951,0,0,242,1951,California
Humboldt,2021-01-01,2,1951,1,1556,1,395,0,0,2,1953,0,0,2,1953,California
Humboldt,2021-01-02,38,1989,1,1557,37,432,0,0,38,1991,0,0,38,1991,California
Humboldt,2021-01-04,218,2207,142,1699,76,508,0,0,220,2211,0,0,220,2211,California
Humboldt,2021-01-05,130,2337,18,1717,112,620,0,0,129,2339,1,1,129,2340,California
Humboldt,2021-01-06,302,2639,204,1921,98,718,0,0,229,2507,61,62,229,2569,California
Humboldt,2021-01-07,423,3062,311,2232,112,830,0,0,309,2717,99,161,309,2878,California
Humboldt,2021-01-08,420,3482,281,2513,139,969,0,0,285,2871,131,292,285,3163,California
Humboldt,2021-01-09,69,3551,45,2558,24,993,0,0,66,2935,3,295,67,3230,California
Humboldt,2021-01-10,84,3635,84,2642,0,993,0,0,4,2859,80,375,4,3234,California
Humboldt,2021-01-11,289,3924,278,2920,11,1004,0,0,72,2718,213,588,72,3306,California
Humboldt,2021-01-12,483,4407,320,3240,163,1167,0,0,299,2855,162,750,299,3605,California
Humboldt,2021-01-13,492,4899,277,3517,215,1382,0,0,315,2997,174,924,316,3921,California
Humboldt,2021-01-14,522,5421,164,3681,358,1740,0,0,466,3408,56,980,467,4388,California
Humboldt,2021-01-15,375,5796,39,3720,336,2076,0,0,358,3749,17,997,358,4746,California
Humboldt,2021-01-16,170,5966,6,3726,164,2240,0,0,169,3917,1,998,169,4915,California
Humboldt,2021-01-17,6,5972,4,3730,2,2242,0,0,6,3923,0,998,6,4921,California
Humboldt,2021-01-18,294,6266,259,3989,35,2277,0,0,144,3917,150,1148,144,5065,California
Humboldt,2021-01-19,625,6891,372,4361,253,2530,0,0,498,4294,121,1269,498,5563,California
Humboldt,2021-01-20,917,7808,406,4767,511,3041,0,0,768,4923,141,1410,770,6333,California
Humboldt,2021-01-21,959,8767,261,5028,698,3739,0,0,917,5798,42,1452,917,7250,California
Humboldt,2021-01-22,676,9443,376,5404,300,4039,0,0,667,6457,9,1461,668,7918,California
Humboldt,2021-01-23,815,10258,272,5676,543,4582,0,0,806,7255,9,1470,807,8725,California
Humboldt,2021-01-24,227,10485,1,5677,226,4808,0,0,226,7480,1,1471,226,8951,California
Humboldt,2021-01-25,305,10790,233,5910,72,4880,0,0,149,7473,156,1627,149,9100,California
Humboldt,2021-01-26,525,11315,141,6051,384,5264,0,0,475,7898,50,1677,475,9575,California
Humboldt,2021-01-27,1260,12575,587,6638,673,5937,0,0,1194,9035,59,1736,1196,10771,California
Humboldt,2021-01-28,1457,14032,634,7272,823,6760,0,0,1320,10223,134,1870,1322,12093,California
Humboldt,2021-01-29,1131,15163,546,7818,585,7345,0,0,703,10499,428,2298,704,12797,California
Humboldt,2021-01-30,974,16137,457,8275,517,7862,0,0,961,11448,13,2311,962,13759,California
Humboldt,2021-01-31,313,16450,312,8587,1,7863,0,0,312,11759,1,2312,312,14071,California
Humboldt,2021-02-01,334,16784,192,8779,142,8005,0,0,187,11800,146,2458,187,14258,California
Humboldt,2021-02-02,444,17228,74,8853,370,8375,0,0,339,12039,102,2560,341,14599,California
Humboldt,2021-02-03,660,17888,258,9111,402,8777,0,0,509,12397,151,2711,509,15108,California
Humboldt,2021-02-04,638,18526,262,9373,376,9153,0,0,440,12642,195,2906,440,15548,California
Humboldt,2021-02-05,814,19340,94,9467,720,9873,0,0,626,13080,188,3094,626,16174,California
Humboldt,2021-02-06,1057,20397,446,9913,611,10484,0,0,1014,14053,42,3136,1015,17189,California
Humboldt,2021-02-07,378,20775,9,9922,369,10853,0,0,373,14423,4,3140,374,17563,California
Humboldt,2021-02-08,324,21099,142,10064,182,11035,0,0,183,14466,140,3280,183,17746,California
Humboldt,2021-02-09,494,21593,220,10284,274,11309,0,0,179,14330,315,3595,179,17925,California
Humboldt,2021-02-10,564,22157,371,10655,193,11502,0,0,233,14237,326,3921,233,18158,California
Humboldt,2021-02-11,1297,23454,395,11050,902,12404,0,0,500,13944,794,4715,501,18659,California
Humboldt,2021-02-12,1146,24600,736,11786,410,12814,0,0,706,14210,440,5155,706,19365,California
Humboldt,2021-02-13,1505,26105,557,12343,948,13762,0,0,916,14539,587,5742,916,20281,California
Humboldt,2021-02-14,112,26217,5,12348,107,13869,0,0,109,14646,2,5744,109,20390,California
Humboldt,2021-02-15,292,26509,78,12426,214,14083,0,0,195,14745,96,5840,195,20585,California
Humboldt,2021-02-16,534,27043,118,12544,416,14499,0,0,253,14718,281,6121,254,20839,California
Humboldt,2021-02-17,453,27496,281,12825,172,14671,0,0,137,14540,315,6436,137,20976,California
Humboldt,2021-02-18,970,28466,596,13421,374,15045,0,0,229,14030,739,7175,229,21205,California
Humboldt,2021-02-19,476,28942,434,13855,42,15087,0,0,89,13735,384,7559,89,21294,California
Humboldt,2021-02-20,1597,30539,984,14839,613,15700,0,0,475,13093,1119,8678,477,21771,California
Humboldt,2021-02-21,479,31018,471,15310,8,15708,0,0,183,12981,296,8974,184,21955,California
Humboldt,2021-02-22,127,31145,92,15402,35,15743,0,0,28,12912,97,9071,28,21983,California
Humboldt,2021-02-23,172,31317,70,15472,102,15845,0,0,40,12822,130,9201,40,22023,California
Humboldt,2021-02-24,1166,32483,706,16178,460,16305,0,0,587,12831,578,9779,587,22610,California
Humboldt,2021-02-25,833,33316,318,16496,515,16820,0,0,229,12458,602,10381,229,22839,California
Humboldt,2021-02-26,2147,35463,106,16602,2041,18861,0,0,451,11220,1690,12071,452,23291,California
Humboldt,2021-02-27,1694,37157,1075,17677,619,19480,0,0,869,11270,823,12894,873,24164,California
Humboldt,2021-02-28,121,37278,10,17687,111,19591,0,0,116,11381,5,12899,116,24280,California
Humboldt,2021-03-01,259,37537,47,17734,212,19803,0,0,184,11490,75,12974,184,24464,California
Humboldt,2021-03-02,289,37826,49,17783,240,20043,0,0,159,11519,130,13104,159,24623,California
Humboldt,2021-03-03,1657,39483,1098,18881,559,20602,0,0,1220,12310,430,13534,1221,25844,California
Humboldt,2021-03-04,900,40383,112,18993,788,21390,0,0,281,11974,619,14153,283,26127,California
Humboldt,2021-03-05,950,41333,188,19181,751,22141,11,11,393,11825,553,14706,404,26531,California
Humboldt,2021-03-06,1700,43033,842,20023,809,22950,49,60,715,11605,984,15690,764,27295,California
Humboldt,2021-03-07,365,43398,296,20319,51,23001,18,78,158,11574,207,15897,176,27471,California
Humboldt,2021-03-08,273,43671,7,20326,188,23189,78,156,179,11737,94,15991,257,27728,California
Humboldt,2021-03-09,481,44152,203,20529,130,23319,148,304,232,11870,247,16238,380,28108,California
Humboldt,2021-03-10,690,44842,467,20996,70,23389,153,457,420,12172,269,16507,571,28679,California
Humboldt,2021-03-11,1450,46292,463,21459,887,24276,100,557,630,12085,816,17323,729,29408,California
Humboldt,2021-03-12,1745,48037,1082,22541,441,24717,222,779,1053,12679,684,18007,1278,30686,California
Humboldt,2021-03-13,1570,49607,1022,23563,496,25213,52,831,676,12519,888,18895,728,31414,California
Humboldt,2021-03-14,142,49749,18,23581,115,25328,9,840,28,12442,114,19009,37,31451,California
Humboldt,2021-03-15,276,50025,51,23632,204,25532,21,861,59,12305,217,19226,80,31531,California
Humboldt,2021-03-16,635,50660,200,23832,174,25706,261,1122,260,12450,374,19600,519,32050,California
Humboldt,2021-03-17,732,51392,397,24229,227,25933,108,1230,339,12505,392,19992,447,32497,California
Humboldt,2021-03-18,1735,53127,1166,25395,526,26459,43,1273,1040,12898,690,20682,1083,33580,California
Humboldt,2021-03-19,1073,54200,58,25453,701,27160,314,1587,439,13019,631,21313,752,34332,California
Humboldt,2021-03-20,1375,55575,751,26204,611,27771,13,1600,428,12516,945,22258,442,34774,California
Humboldt,2021-03-21,248,55823,32,26236,187,27958,29,1629,203,12702,45,22303,231,35005,California
Humboldt,2021-03-22,115,55938,15,26251,50,28008,50,1679,58,12755,55,22358,108,35113,California
Humboldt,2021-03-23,411,56349,41,26292,327,28335,43,1722,319,13027,90,22448,362,35475,California
Humboldt,2021-03-24,1415,57764,389,26681,978,29313,48,1770,1038,13742,369,22817,1084,36559,California
Humboldt,2021-03-25,1833,59597,1208,27889,563,29876,62,1832,946,13865,885,23702,1008,37567,California
Humboldt,2021-03-26,2040,61637,437,28326,1547,31423,56,1888,1595,15075,440,24142,1650,39217,California
Humboldt,2021-03-27,1998,63635,1439,29765,389,31812,170,2058,1123,15498,870,25012,1293,40510,California
Humboldt,2021-03-28,267,63902,81,29846,115,31927,71,2129,85,15473,182,25194,157,40667,California
Humboldt,2021-03-29,470,64372,127,29973,248,32175,95,2224,201,15500,268,25462,295,40962,California
Humboldt,2021-03-30,941,65313,304,30277,523,32698,114,2338,565,15807,371,25833,678,41640,California
Humboldt,2021-03-31,1861,67174,517,30794,1248,33946,96,2434,1408,16864,450,26283,1507,43147,California
Humboldt,2021-04-01,2105,69279,706,31500,1307,35253,92,2526,1479,17816,619,26902,1571,44718,California
Humboldt,2021-04-02,1716,70995,1108,32608,504,35757,104,2630,615,17443,1095,27997,722,45440,California
Humboldt,2021-04-03,1664,72659,1503,34111,145,35902,16,2646,669,17143,985,28982,685,46125,California
Humboldt,2021-04-04,483,73142,372,34483,102,36004,9,2655,406,17482,77,29059,416,46541,California
Humboldt,2021-04-05,774,73916,459,34942,267,36271,48,2703,441,17640,331,29390,489,47030,California
Humboldt,2021-04-06,838,74754,317,35259,387,36658,134,2837,587,18114,245,29635,719,47749,California
Humboldt,2021-04-07,1487,76241,1057,36316,291,36949,139,2976,984,18736,501,30136,1123,48872,California
Humboldt,2021-04-08,1727,77968,1085,37401,484,37433,158,3134,735,18639,990,31126,893,49765,California
Humboldt,2021-04-09,1432,79400,432,37833,847,38280,153,3287,1148,19649,284,31410,1294,51059,California
Humboldt,2021-04-10,930,80330,137,37970,617,38897,176,3463,730,20355,198,31608,904,51963,California
Humboldt,2021-04-11,638,80968,137,38107,35,38932,466,3929,127,20436,511,32119,592,52555,California
Humboldt,2021-04-12,430,81398,222,38329,83,39015,125,4054,273,20677,157,32276,398,52953,California
Humboldt,2021-04-13,581,81979,322,38651,256,39271,3,4057,546,21194,31,32307,548,53501,California
Humboldt,2021-04-14,1415,83394,1026,39677,389,39660,0,4057,1304,22388,110,32417,1304,54805,California
Humboldt,2021-04-15,1811,85205,1195,40872,612,40272,4,4061,1244,23085,549,32966,1246,56051,California
Humboldt,2021-04-16,1121,86326,518,41390,603,40875,0,4061,539,23045,579,33545,539,56590,California
Humboldt,2021-04-17,1600,87926,1277,42667,323,41198,0,4061,1012,23475,582,34127,1012,57602,California
Humboldt,2021-04-18,653,88579,342,43009,310,41508,1,4062,93,23014,554,34681,93,57695,California
Humboldt,2021-04-19,185,88764,82,43091,103,41611,0,4062,70,22971,113,34794,70,57765,California
Humboldt,2021-04-20,474,89238,129,43220,345,41956,0,4062,231,22960,242,35036,231,57996,California
Humboldt,2021-04-21,1082,90320,375,43595,707,42663,0,4062,427,22743,645,35681,428,58424,California
Humboldt,2021-04-22,873,91193,520,44115,351,43014,2,4064,438,22749,432,36113,438,58862,California
Humboldt,2021-04-23,2155,93348,303,44418,1852,44866,0,4064,314,21225,1838,37951,314,59176,California
Humboldt,2021-04-24,1071,94419,875,45293,191,45057,5,4069,354,20869,715,38666,359,59535,California
Humboldt,2021-04-25,372,94791,237,45530,135,45192,0,4069,190,20880,179,38845,190,59725,California
Humboldt,2021-04-26,304,95095,210,45740,90,45282,4,4073,86,20752,216,39061,88,59813,California
Humboldt,2021-04-27,693,95788,225,45965,450,45732,18,4091,140,20360,550,39611,158,59971,California
Humboldt,2021-04-28,1535,97323,792,46757,697,46429,46,4137,397,19667,1136,40747,443,60414,California
Humboldt,2021-04-29,1723,99046,580,47337,1105,47534,38,4175,278,18542,1441,42188,316,60730,California
Humboldt,2021-04-30,1245,100291,390,47727,821,48355,34,4209,197,17729,1042,43230,229,60959,California
Humboldt,2021-05-01,458,100749,378,48105,58,48413,22,4231,283,17860,174,43404,305,61264,California
Humboldt,2021-05-02,227,100976,182,48287,36,48449,9,4240,113,17870,113,43517,123,61387,California
Humboldt,2021-05-03,610,101586,377,48664,209,48658,24,4264,98,17482,510,44027,122,61509,California
Humboldt,2021-05-04,816,102402,481,49145,291,48949,44,4308,248,17208,565,44592,291,61800,California
Humboldt,2021-05-05,1679,104081,1075,50220,547,49496,57,4365,178,15947,1494,46086,233,62033,California
Humboldt,2021-05-06,1649,105730,1041,51261,356,49852,252,4617,134,14821,1512,47598,386,62419,California
Humboldt,2021-05-07,1426,107156,304,51565,1063,50915,59,4676,237,13928,1187,48785,294,62713,California
Humboldt,2021-05-08,697,107853,105,51670,570,51485,22,4698,88,13430,608,49393,110,62823,California
Humboldt,2021-05-09,907,108760,855,52525,43,51528,9,4707,48,12628,859,50252,57,62880,California
Humboldt,2021-05-10,211,108971,36,52561,139,51667,36,4743,82,12617,129,50381,118,62998,California
Humboldt,2021-05-11,484,109455,144,52705,270,51937,70,4813,183,12569,301,50682,253,63251,California
Humboldt,2021-05-12,570,110025,119,52824,410,52347,41,4854,203,12446,367,51049,244,63495,California
Humboldt,2021-05-13,463,110488,227,53051,212,52559,24,4878,212,12433,250,51299,237,63732,California
Humboldt,2021-05-14,686,111174,133,53184,448,53007,105,4983,230,12314,453,51752,334,64066,California
Humboldt,2021-05-15,767,111941,633,53817,126,53133,8,4991,201,11958,565,52317,209,64275,California
Humboldt,2021-05-16,45,111986,6,53823,36,53169,3,4994,13,11942,32,52349,16,64291,California
Humboldt,2021-05-17,280,112266,153,53976,109,53278,18,5012,144,11968,135,52484,161,64452,California
Humboldt,2021-05-18,287,112553,118,54094,161,53439,8,5020,125,11939,162,52646,133,64585,California
Imperial,2020-12-16,1,1,1,1,0,0,0,0,1,1,0,0,1,1,California
Imperial,2020-12-17,4,5,4,5,0,0,0,0,4,5,0,0,4,5,California
Imperial,2020-12-18,12,17,12,17,0,0,0,0,12,17,0,0,12,17,California
Imperial,2020-12-20,2,19,2,19,0,0,0,0,2,19,0,0,2,19,California
Imperial,2020-12-21,186,205,186,205,0,0,0,0,186,205,0,0,186,205,California
Imperial,2020-12-22,241,446,239,444,2,2,0,0,241,446,0,0,241,446,California
Imperial,2020-12-23,210,656,209,653,1,3,0,0,209,655,0,0,209,655,California
Imperial,2020-12-24,5,661,5,658,0,3,0,0,5,660,0,0,5,660,California
Imperial,2020-12-26,1,662,0,658,1,4,0,0,1,661,0,0,1,661,California
Imperial,2020-12-27,62,724,0,658,62,66,0,0,62,723,0,0,62,723,California
Imperial,2020-12-28,214,938,114,772,100,166,0,0,214,937,0,0,214,937,California
Imperial,2020-12-29,189,1127,36,808,153,319,0,0,189,1126,0,0,189,1126,California
Imperial,2020-12-30,366,1493,50,858,316,635,0,0,366,1492,0,0,366,1492,California
Imperial,2020-12-31,197,1690,26,884,171,806,0,0,197,1689,0,0,197,1689,California
Imperial,2021-01-01,47,1737,5,889,42,848,0,0,47,1736,0,0,47,1736,California
Imperial,2021-01-02,4,1741,0,889,4,852,0,0,4,1740,0,0,4,1740,California
Imperial,2021-01-03,90,1831,0,889,90,942,0,0,90,1830,0,0,90,1830,California
Imperial,2021-01-04,85,1916,5,894,80,1022,0,0,85,1915,0,0,85,1915,California
Imperial,2021-01-05,174,2090,14,908,160,1182,0,0,174,2089,0,0,174,2089,California
Imperial,2021-01-06,190,2280,25,933,165,1347,0,0,189,2277,1,1,189,2278,California
Imperial,2021-01-07,321,2601,10,943,311,1658,0,0,318,2592,3,4,318,2596,California
Imperial,2021-01-08,192,2793,52,995,140,1798,0,0,182,2764,10,14,182,2778,California
Imperial,2021-01-09,24,2817,21,1016,3,1801,0,0,24,2788,0,14,24,2802,California
Imperial,2021-01-10,1,2818,0,1016,1,1802,0,0,1,2789,0,14,1,2803,California
Imperial,2021-01-11,402,3220,243,1259,159,1961,0,0,174,2735,228,242,174,2977,California
Imperial,2021-01-12,404,3624,302,1561,102,2063,0,0,142,2616,261,503,142,3119,California
Imperial,2021-01-13,379,4003,132,1693,247,2310,0,0,280,2797,99,602,280,3399,California
Imperial,2021-01-14,260,4263,151,1844,109,2419,0,0,254,3046,5,607,254,3653,California
Imperial,2021-01-15,241,4504,182,2026,59,2478,0,0,234,3273,7,614,234,3887,California
Imperial,2021-01-16,77,4581,73,2099,4,2482,0,0,76,3348,1,615,76,3963,California
Imperial,2021-01-17,10,4591,2,2101,8,2490,0,0,10,3358,0,615,10,3973,California
Imperial,2021-01-18,1053,5644,399,2500,654,3144,0,0,955,4216,98,713,956,4929,California
Imperial,2021-01-19,165,5809,129,2629,36,3180,0,0,118,4287,47,760,118,5047,California
Imperial,2021-01-20,292,6101,195,2824,97,3277,0,0,254,4503,38,798,254,5301,California
Imperial,2021-01-21,415,6516,183,3007,232,3509,0,0,395,4878,20,818,395,5696,California
Imperial,2021-01-22,457,6973,189,3196,268,3777,0,0,448,5317,9,827,448,6144,California
Imperial,2021-01-23,1040,8013,290,3486,750,4527,0,0,1039,6355,1,828,1039,7183,California
Imperial,2021-01-24,11,8024,4,3490,7,4534,0,0,11,6366,0,828,11,7194,California
Imperial,2021-01-25,214,8238,5,3495,209,4743,0,0,34,6222,178,1006,34,7228,California
Imperial,2021-01-26,364,8602,185,3680,179,4922,0,0,221,6300,143,1149,221,7449,California
Imperial,2021-01-27,570,9172,162,3842,408,5330,0,0,237,6204,333,1482,237,7686,California
Imperial,2021-01-28,633,9805,160,4002,473,5803,0,0,525,6621,108,1590,525,8211,California
Imperial,2021-01-29,424,10229,296,4298,128,5931,0,0,374,6945,50,1640,374,8585,California
Imperial,2021-01-30,56,10285,31,4329,25,5956,0,0,39,6967,17,1657,39,8624,California
Imperial,2021-01-31,17,10302,7,4336,10,5966,0,0,16,6982,1,1658,16,8640,California
Imperial,2021-02-01,421,10723,55,4391,366,6332,0,0,210,6983,209,1867,210,8850,California
Imperial,2021-02-02,683,11406,56,4447,627,6959,0,0,502,7304,181,2048,502,9352,California
Imperial,2021-02-03,457,11863,48,4495,409,7368,0,0,264,7376,192,2240,264,9616,California
Imperial,2021-02-04,1724,13587,1203,5698,521,7889,0,0,1408,8470,314,2554,1408,11024,California
Imperial,2021-02-05,389,13976,241,5939,148,8037,0,0,155,8390,235,2789,155,11179,California
Imperial,2021-02-06,863,14839,838,6777,25,8062,0,0,828,9182,36,2825,828,12007,California
Imperial,2021-02-07,21,14860,9,6786,12,8074,0,0,20,9201,1,2826,20,12027,California
Imperial,2021-02-08,249,15109,42,6828,207,8281,0,0,181,9314,68,2894,181,12208,California
Imperial,2021-02-09,463,15572,146,6974,317,8598,0,0,305,9461,158,3052,305,12513,California
Imperial,2021-02-10,386,15958,56,7030,330,8928,0,0,96,9268,290,3342,97,12610,California
Imperial,2021-02-11,466,16424,260,7290,206,9134,0,0,90,8982,376,3718,90,12700,California
Imperial,2021-02-12,2130,18554,1411,8701,719,9853,0,0,1782,10413,351,4069,1782,14482,California
Imperial,2021-02-13,47,18601,18,8719,29,9882,0,0,42,10448,8,4077,43,14525,California
Imperial,2021-02-14,24,18625,12,8731,12,9894,0,0,21,10466,3,4080,21,14546,California
Imperial,2021-02-15,32,18657,11,8742,21,9915,0,0,25,10484,7,4087,25,14571,California
Imperial,2021-02-16,514,19171,267,9009,247,10162,0,0,293,10556,221,4308,293,14864,California
Imperial,2021-02-17,439,19610,285,9294,154,10316,0,0,83,10283,356,4664,83,14947,California
Imperial,2021-02-18,646,20256,308,9602,338,10654,0,0,140,9919,504,5168,140,15087,California
Imperial,2021-02-19,767,21023,382,9984,385,11039,0,0,192,9537,574,5742,192,15279,California
Imperial,2021-02-20,1042,22065,191,10175,851,11890,0,0,327,9154,712,6454,329,15608,California
Imperial,2021-02-21,591,22656,557,10732,34,11924,0,0,580,9724,10,6464,580,16188,California
Imperial,2021-02-22,806,23462,567,11299,239,12163,0,0,757,10432,49,6513,757,16945,California
Imperial,2021-02-23,963,24425,395,11694,568,12731,0,0,908,11286,55,6568,909,17854,California
Imperial,2021-02-24,718,25143,302,11996,416,13147,0,0,621,11811,96,6664,621,18475,California
Imperial,2021-02-25,820,25963,340,12336,480,13627,0,0,454,11905,365,7029,459,18934,California
Imperial,2021-02-26,1745,27708,1351,13687,394,14021,0,0,1571,13304,173,7202,1572,20506,California
Imperial,2021-02-27,866,28574,811,14498,55,14076,0,0,130,12696,739,7941,131,20637,California
Imperial,2021-02-28,32,28606,20,14518,12,14088,0,0,22,12708,10,7951,22,20659,California
Imperial,2021-03-01,496,29102,295,14813,199,14287,2,2,429,13075,65,8016,432,21091,California
Imperial,2021-03-02,676,29778,247,15060,429,14716,0,2,386,13174,289,8305,388,21479,California
Imperial,2021-03-03,927,30705,49,15109,877,15593,1,3,558,13378,366,8671,570,22049,California
Imperial,2021-03-04,756,31461,86,15195,669,16262,1,4,493,13640,261,8932,523,22572,California
Imperial,2021-03-05,2597,34058,1939,17134,658,16920,0,4,1279,13599,1322,10254,1281,23853,California
Imperial,2021-03-06,703,34761,238,17372,465,17385,0,4,658,14219,42,10296,662,24515,California
Imperial,2021-03-07,83,34844,41,17413,42,17427,0,4,58,14254,24,10320,59,24574,California
Imperial,2021-03-08,416,35260,331,17744,50,17477,35,39,363,14600,52,10372,398,24972,California
Imperial,2021-03-09,681,35941,310,18054,124,17601,247,286,397,14959,284,10656,643,25615,California
Imperial,2021-03-10,684,36625,313,18367,266,17867,105,391,320,15021,363,11019,425,26040,California
Imperial,2021-03-11,1794,38419,478,18845,1124,18991,192,583,1191,15815,600,11619,1394,27434,California
Imperial,2021-03-12,3713,42132,2540,21385,987,19978,186,769,2108,16507,1602,13221,2294,29728,California
Imperial,2021-03-13,1153,43285,93,21478,837,20815,223,992,860,17304,290,13511,1087,30815,California
Imperial,2021-03-14,173,43458,35,21513,126,20941,12,1004,140,17424,33,13544,153,30968,California
Imperial,2021-03-15,672,44130,214,21727,199,21140,259,1263,375,17763,295,13839,634,31602,California
Imperial,2021-03-16,1083,45213,275,22002,355,21495,453,1716,547,18228,534,14373,999,32601,California
Imperial,2021-03-17,1580,46793,689,22691,754,22249,137,1853,998,18788,576,14949,1136,33737,California
Imperial,2021-03-18,1788,48581,1177,23868,551,22800,60,1913,1256,19577,529,15478,1318,35055,California
Imperial,2021-03-19,3339,51920,2448,26316,888,23688,3,1916,1502,19254,1829,17307,1506,36561,California
Imperial,2021-03-20,871,52791,550,26866,316,24004,5,1921,425,19249,441,17748,436,36997,California
Imperial,2021-03-21,217,53008,35,26901,178,24182,4,1925,159,19358,58,17806,167,37164,California
Imperial,2021-03-22,1047,54055,339,27240,701,24883,7,1932,622,19565,424,18230,631,37795,California
Imperial,2021-03-23,1390,55445,411,27651,972,25855,7,1939,890,19967,497,18727,899,38694,California
Imperial,2021-03-24,1871,57316,543,28194,901,26756,427,2366,900,20325,968,19695,1326,40020,California
Imperial,2021-03-25,2957,60273,519,28713,884,27640,1554,3920,1027,20970,1926,21621,2571,42591,California
Imperial,2021-03-26,2489,62762,880,29593,738,28378,871,4791,777,20914,1705,23326,1649,44240,California
Imperial,2021-03-27,609,63371,282,29875,275,28653,52,4843,441,21242,165,23491,493,44733,California
Imperial,2021-03-28,210,63581,51,29926,157,28810,2,4845,172,21379,37,23528,174,44907,California
Imperial,2021-03-29,1215,64796,348,30274,392,29202,475,5320,318,21278,895,24423,794,45701,California
Imperial,2021-03-30,1903,66699,675,30949,594,29796,634,5954,676,21362,1227,25650,1311,47012,California
Imperial,2021-03-31,1526,68225,714,31663,807,30603,5,5959,1009,21860,515,26165,1013,48025,California
Imperial,2021-04-01,1929,70154,401,32064,1286,31889,242,6201,850,21877,1074,27239,1091,49116,California
Imperial,2021-04-02,1293,71447,450,32514,769,32658,74,6275,764,22189,526,27765,838,49954,California
Imperial,2021-04-03,1498,72945,411,32925,1008,33666,79,6354,687,22147,808,28573,766,50720,California
Imperial,2021-04-04,85,73030,40,32965,28,33694,17,6371,25,22129,60,28633,42,50762,California
Imperial,2021-04-05,2122,75152,1290,34255,765,34459,67,6438,406,20898,1708,30341,477,51239,California
Imperial,2021-04-06,1304,76456,527,34782,588,35047,189,6627,684,21155,617,30958,874,52113,California
Imperial,2021-04-07,2154,78610,553,35335,1225,36272,376,7003,1551,22476,606,31564,1927,54040,California
Imperial,2021-04-08,2191,80801,1072,36407,825,37097,294,7297,1080,22740,1108,32672,1372,55412,California
Imperial,2021-04-09,2174,82975,635,37042,923,38020,616,7913,838,22860,1332,34004,1452,56864,California
Imperial,2021-04-10,1276,84251,184,37226,821,38841,271,8184,215,22285,1059,35063,484,57348,California
Imperial,2021-04-11,219,84470,30,37256,157,38998,32,8216,76,22250,143,35206,108,57456,California
Imperial,2021-04-12,1417,85887,766,38022,431,39429,220,8436,799,22655,614,35820,1019,58475,California
Imperial,2021-04-13,2768,88655,1892,39914,874,40303,2,8438,2049,23989,715,36535,2049,60524,California
Imperial,2021-04-14,2021,90676,942,40856,1079,41382,0,8438,1428,24831,587,37122,1429,61953,California
Imperial,2021-04-15,1975,92651,908,41764,1067,42449,0,8438,1384,25629,588,37710,1386,63339,California
Imperial,2021-04-16,2378,95029,1207,42971,1171,43620,0,8438,1456,26172,913,38623,1456,64795,California
Imperial,2021-04-17,1818,96847,934,43905,882,44502,2,8440,1430,27222,383,39006,1433,66228,California
Imperial,2021-04-18,250,97097,69,43974,181,44683,0,8440,90,27153,159,39165,90,66318,California
Imperial,2021-04-19,833,97930,265,44239,568,45251,0,8440,489,27304,342,39507,493,66811,California
Imperial,2021-04-20,1316,99246,520,44759,796,46047,0,8440,773,27539,539,40046,774,67585,California
Imperial,2021-04-21,1367,100613,337,45096,1030,47077,0,8440,825,27825,539,40585,825,68410,California
Imperial,2021-04-22,2042,102655,786,45882,1256,48333,0,8440,1438,28669,596,41181,1440,69850,California
Imperial,2021-04-23,1695,104350,421,46303,1274,49607,0,8440,897,28796,774,41955,901,70751,California
Imperial,2021-04-24,547,104897,324,46627,223,49830,0,8440,215,28681,330,42285,215,70966,California
Imperial,2021-04-25,264,105161,97,46724,167,49997,0,8440,136,28690,127,42412,136,71102,California
Imperial,2021-04-26,1129,106290,460,47184,666,50663,3,8443,691,28950,434,42846,694,71796,California
Imperial,2021-04-27,1027,107317,339,47523,679,51342,9,8452,525,28985,499,43345,534,72330,California
Imperial,2021-04-28,1474,108791,635,48158,810,52152,29,8481,676,28897,793,44138,705,73035,California
Imperial,2021-04-29,1790,110581,852,49010,892,53044,46,8527,829,28819,954,45092,876,73911,California
Imperial,2021-04-30,1500,112081,736,49746,732,53776,32,8559,1043,29447,447,45539,1075,74986,California
Imperial,2021-05-01,309,112390,122,49868,184,53960,3,8562,159,29460,150,45689,163,75149,California
Imperial,2021-05-02,83,112473,25,49893,56,54016,2,8564,53,29486,30,45719,56,75205,California
Imperial,2021-05-03,1564,114037,542,50435,975,54991,47,8611,361,28700,1195,46914,409,75614,California
Imperial,2021-05-04,1610,115647,857,51292,727,55718,26,8637,479,28079,1126,48040,505,76119,California
Imperial,2021-05-05,1474,117121,891,52183,562,56280,21,8658,439,27513,1027,49067,461,76580,California
Imperial,2021-05-06,1609,118730,1110,53293,465,56745,34,8692,529,27000,1076,50143,563,77143,California
Imperial,2021-05-07,1539,120269,923,54216,573,57318,43,8735,629,26768,904,51047,672,77815,California
Imperial,2021-05-08,460,120729,328,54544,124,57442,8,8743,151,26626,301,51348,159,77974,California
Imperial,2021-05-09,93,120822,62,54606,30,57472,1,8744,30,26597,60,51408,31,78005,California
Imperial,2021-05-10,610,121432,201,54807,287,57759,122,8866,226,26564,380,51788,347,78352,California
Imperial,2021-05-11,1248,122680,439,55246,791,58550,18,8884,449,26241,793,52581,470,78822,California
Imperial,2021-05-12,681,123361,254,55500,389,58939,38,8922,259,26120,418,52999,297,79119,California
Imperial,2021-05-13,1293,124654,841,56341,393,59332,59,8981,546,25986,739,53738,605,79724,California
Imperial,2021-05-14,1214,125868,713,57054,461,59793,40,9021,870,26555,341,54079,910,80634,California
Imperial,2021-05-15,975,126843,278,57332,677,60470,20,9041,277,26160,692,54771,297,80931,California
Imperial,2021-05-16,41,126884,14,57346,25,60495,2,9043,30,26181,11,54782,32,80963,California
Imperial,2021-05-17,678,127562,317,57663,338,60833,23,9066,236,26001,440,55222,260,81223,California
Imperial,2021-05-18,704,128266,459,58122,209,61042,36,9102,465,26265,238,55460,502,81725,California
Inyo,2020-12-19,85,85,85,85,0,0,0,0,85,85,0,0,85,85,California
Inyo,2020-12-20,58,143,58,143,0,0,0,0,58,143,0,0,58,143,California
Inyo,2020-12-21,88,231,85,228,3,3,0,0,88,231,0,0,88,231,California
Inyo,2020-12-22,105,336,105,333,0,3,0,0,105,336,0,0,105,336,California
Inyo,2020-12-23,70,406,67,400,3,6,0,0,70,406,0,0,70,406,California
Inyo,2020-12-24,16,422,16,416,0,6,0,0,16,422,0,0,16,422,California
Inyo,2020-12-25,1,423,0,416,1,7,0,0,1,423,0,0,1,423,California
Inyo,2020-12-26,74,497,74,490,0,7,0,0,74,497,0,0,74,497,California
Inyo,2020-12-28,48,545,36,526,12,19,0,0,48,545,0,0,48,545,California
Inyo,2020-12-29,19,564,19,545,0,19,0,0,19,564,0,0,19,564,California
Inyo,2020-12-30,56,620,54,599,2,21,0,0,56,620,0,0,56,620,California
Inyo,2020-12-31,29,649,0,599,29,50,0,0,29,649,0,0,29,649,California
Inyo,2021-01-01,1,650,0,599,1,51,0,0,1,650,0,0,1,650,California
Inyo,2021-01-03,1,651,0,599,1,52,0,0,1,651,0,0,1,651,California
Inyo,2021-01-04,2,653,1,600,1,53,0,0,2,653,0,0,2,653,California
Inyo,2021-01-05,34,687,0,600,34,87,0,0,34,687,0,0,34,687,California
Inyo,2021-01-06,68,755,0,600,68,155,0,0,68,755,0,0,68,755,California
Inyo,2021-01-07,31,786,1,601,30,185,0,0,31,786,0,0,31,786,California
Inyo,2021-01-08,9,795,8,609,1,186,0,0,4,786,5,5,5,791,California
Inyo,2021-01-09,87,882,86,695,1,187,0,0,1,701,86,91,1,792,California
Inyo,2021-01-10,52,934,52,747,0,187,0,0,0,649,52,143,0,792,California
Inyo,2021-01-11,97,1031,82,829,15,202,0,0,16,584,81,224,16,808,California
Inyo,2021-01-12,139,1170,118,947,21,223,0,0,28,501,111,335,28,836,California
Inyo,2021-01-13,86,1256,68,1015,18,241,0,0,21,458,65,400,22,858,California
Inyo,2021-01-14,59,1315,13,1028,46,287,0,0,49,497,10,410,49,907,California
Inyo,2021-01-15,163,1478,28,1056,135,422,0,0,163,660,0,410,163,1070,California
Inyo,2021-01-16,74,1552,73,1129,1,423,0,0,1,588,73,483,1,1071,California
Inyo,2021-01-18,58,1610,36,1165,22,445,0,0,19,568,39,522,19,1090,California
Inyo,2021-01-19,114,1724,72,1237,42,487,0,0,97,648,17,539,97,1187,California
Inyo,2021-01-20,147,1871,71,1308,76,563,0,0,93,687,54,593,93,1280,California
Inyo,2021-01-21,121,1992,57,1365,64,627,0,0,120,806,1,594,120,1400,California
Inyo,2021-01-22,62,2054,0,1365,62,689,0,0,61,866,1,595,61,1461,California
Inyo,2021-01-23,52,2106,52,1417,0,689,0,0,52,918,0,595,52,1513,California
Inyo,2021-01-25,49,2155,6,1423,43,732,0,0,37,943,12,607,37,1550,California
Inyo,2021-01-26,135,2290,54,1477,81,813,0,0,129,1066,6,613,129,1679,California
Inyo,2021-01-27,24,2314,2,1479,22,835,0,0,23,1088,1,614,23,1702,California
Inyo,2021-01-28,92,2406,2,1481,90,925,0,0,63,1122,29,643,63,1765,California
Inyo,2021-01-29,25,2431,3,1484,22,947,0,0,23,1143,2,645,23,1788,California
Inyo,2021-01-30,11,2442,1,1485,10,957,0,0,11,1154,0,645,11,1799,California
Inyo,2021-01-31,32,2474,4,1489,28,985,0,0,4,1130,28,673,4,1803,California
Inyo,2021-02-01,10,2484,9,1498,1,986,0,0,0,1120,10,683,0,1803,California
Inyo,2021-02-02,130,2614,14,1512,116,1102,0,0,104,1198,26,709,104,1907,California
Inyo,2021-02-03,116,2730,0,1512,116,1218,0,0,74,1230,42,751,74,1981,California
Inyo,2021-02-04,149,2879,31,1543,118,1336,0,0,90,1261,59,810,90,2071,California
Inyo,2021-02-05,117,2996,61,1604,56,1392,0,0,115,1374,2,812,115,2186,California
Inyo,2021-02-06,4,3000,2,1606,2,1394,0,0,3,1376,1,813,3,2189,California
Inyo,2021-02-07,4,3004,2,1608,2,1396,0,0,4,1380,0,813,4,2193,California
Inyo,2021-02-08,117,3121,7,1615,110,1506,0,0,97,1457,20,833,97,2290,California
Inyo,2021-02-09,196,3317,52,1667,144,1650,0,0,125,1511,71,904,125,2415,California
Inyo,2021-02-10,143,3460,18,1685,125,1775,0,0,109,1586,34,938,109,2524,California
Inyo,2021-02-11,220,3680,56,1741,164,1939,0,0,126,1618,94,1032,126,2650,California
Inyo,2021-02-12,299,3979,51,1792,248,2187,0,0,167,1653,132,1164,167,2817,California
Inyo,2021-02-13,60,4039,55,1847,5,2192,0,0,8,1609,52,1216,8,2825,California
Inyo,2021-02-14,1,4040,0,1847,1,2193,0,0,1,1610,0,1216,1,2826,California
Inyo,2021-02-15,29,4069,9,1856,20,2213,0,0,5,1591,24,1240,5,2831,California
Inyo,2021-02-16,179,4248,50,1906,129,2342,0,0,92,1597,86,1326,92,2923,California
Inyo,2021-02-17,38,4286,4,1910,34,2376,0,0,8,1575,30,1356,8,2931,California
Inyo,2021-02-18,123,4409,6,1916,117,2493,0,0,79,1610,44,1400,79,3010,California
Inyo,2021-02-19,52,4461,4,1920,48,2541,0,0,9,1576,43,1443,9,3019,California
Inyo,2021-02-20,506,4967,502,2422,4,2545,0,0,504,2078,2,1445,504,3523,California
Inyo,2021-02-21,438,5405,438,2860,0,2545,0,0,438,2516,0,1445,438,3961,California
Inyo,2021-02-22,61,5466,19,2879,42,2587,0,0,27,2509,34,1479,27,3988,California
Inyo,2021-02-23,199,5665,20,2899,179,2766,0,0,95,2501,103,1582,95,4083,California
Inyo,2021-02-24,118,5783,0,2899,118,2884,0,0,57,2497,61,1643,57,4140,California
Inyo,2021-02-25,130,5913,3,2902,127,3011,0,0,62,2491,68,1711,62,4202,California
Inyo,2021-02-26,103,6016,60,2962,43,3054,0,0,19,2426,84,1795,19,4221,California
Inyo,2021-02-27,15,6031,4,2966,11,3065,0,0,3,2417,12,1807,3,4224,California
Inyo,2021-02-28,3,6034,1,2967,2,3067,0,0,2,2418,1,1808,2,4226,California
Inyo,2021-03-01,19,6053,2,2969,17,3084,0,0,17,2433,2,1810,17,4243,California
Inyo,2021-03-02,196,6249,1,2970,195,3279,0,0,111,2459,85,1895,111,4354,California
Inyo,2021-03-03,85,6334,4,2974,81,3360,0,0,41,2456,44,1939,41,4395,California
Inyo,2021-03-04,128,6462,4,2978,124,3484,0,0,46,2420,82,2021,46,4441,California
Inyo,2021-03-05,141,6603,56,3034,85,3569,0,0,38,2355,103,2124,38,4479,California
Inyo,2021-03-06,31,6634,1,3035,30,3599,0,0,30,2384,1,2125,30,4509,California
Inyo,2021-03-07,7,6641,4,3039,3,3602,0,0,5,2387,2,2127,5,4514,California
Inyo,2021-03-08,182,6823,5,3044,177,3779,0,0,91,2387,91,2218,91,4605,California
Inyo,2021-03-09,188,7011,2,3046,186,3965,0,0,71,2341,117,2335,71,4676,California
Inyo,2021-03-10,70,7081,8,3054,61,4026,1,1,30,2332,40,2375,31,4707,California
Inyo,2021-03-11,204,7285,1,3055,198,4224,5,6,74,2281,130,2505,79,4786,California
Inyo,2021-03-12,175,7460,4,3059,166,4390,5,11,77,2265,98,2603,82,4868,California
Inyo,2021-03-13,576,8036,541,3600,25,4415,10,21,72,1844,503,3106,82,4950,California
Inyo,2021-03-14,431,8467,430,4030,1,4416,0,21,7,1428,423,3529,7,4957,California
Inyo,2021-03-15,51,8518,15,4045,34,4450,2,23,30,1439,21,3550,32,4989,California
Inyo,2021-03-16,163,8681,4,4049,153,4603,6,29,63,1409,99,3649,69,5058,California
Inyo,2021-03-17,108,8789,3,4052,98,4701,7,36,92,1492,16,3665,99,5157,California
Inyo,2021-03-18,184,8973,15,4067,162,4863,7,43,103,1521,81,3746,110,5267,California
Inyo,2021-03-19,46,9019,4,4071,38,4901,4,47,36,1551,10,3756,40,5307,California
Inyo,2021-03-20,20,9039,1,4072,10,4911,9,56,1,1542,19,3775,10,5317,California
Inyo,2021-03-22,59,9098,2,4074,52,4963,5,61,39,1566,20,3795,44,5361,California
Inyo,2021-03-23,194,9292,4,4078,186,5149,4,65,104,1584,90,3885,108,5469,California
Inyo,2021-03-24,140,9432,3,4081,133,5282,4,69,86,1620,54,3939,90,5559,California
Inyo,2021-03-25,325,9757,104,4185,217,5499,4,73,258,1815,67,4006,262,5821,California
Inyo,2021-03-26,91,9848,3,4188,84,5583,4,77,71,1870,20,4026,75,5896,California
Inyo,2021-03-27,52,9900,44,4232,5,5588,3,80,46,1913,6,4032,49,5945,California
Inyo,2021-03-28,4,9904,1,4233,2,5590,1,81,1,1912,3,4035,2,5947,California
Inyo,2021-03-29,109,10013,2,4235,102,5692,5,86,82,1973,26,4061,87,6034,California
Inyo,2021-03-30,215,10228,2,4237,208,5900,5,91,104,1971,111,4172,109,6143,California
Inyo,2021-03-31,149,10377,4,4241,140,6040,5,96,108,2043,41,4213,113,6256,California
Inyo,2021-04-01,164,10541,4,4245,159,6199,1,97,115,2110,49,4262,116,6372,California
Inyo,2021-04-02,80,10621,1,4246,77,6276,2,99,51,2134,29,4291,53,6425,California
Inyo,2021-04-03,94,10715,47,4293,33,6309,14,113,5,2065,87,4378,18,6443,California
Inyo,2021-04-04,5,10720,4,4297,0,6309,1,114,1,2063,4,4382,2,6445,California
Inyo,2021-04-05,117,10837,1,4298,112,6421,4,118,29,2008,88,4470,33,6478,California
Inyo,2021-04-06,236,11073,6,4304,167,6588,63,181,105,2045,131,4601,168,6646,California
Inyo,2021-04-07,201,11274,2,4306,73,6661,126,307,46,2061,156,4757,172,6818,California
Inyo,2021-04-08,179,11453,15,4321,147,6808,17,324,81,2061,98,4855,98,6916,California
Inyo,2021-04-09,125,11578,7,4328,95,6903,23,347,38,2036,86,4941,61,6977,California
Inyo,2021-04-10,42,11620,1,4329,24,6927,17,364,3,2017,39,4980,20,6997,California
Inyo,2021-04-11,1,11621,0,4329,1,6928,0,364,1,2018,0,4980,1,6998,California
Inyo,2021-04-12,80,11701,0,4329,75,7003,5,369,41,2025,39,5019,46,7044,California
Inyo,2021-04-13,119,11820,3,4332,113,7116,3,372,61,2032,57,5076,64,7108,California
Inyo,2021-04-14,127,11947,2,4334,125,7241,0,372,42,1989,85,5161,42,7150,California
Inyo,2021-04-15,273,12220,115,4449,158,7399,0,372,83,1882,190,5351,83,7233,California
Inyo,2021-04-16,49,12269,6,4455,43,7442,0,372,21,1875,28,5379,21,7254,California
Inyo,2021-04-17,2,12271,1,4456,1,7443,0,372,1,1875,1,5380,1,7255,California
Inyo,2021-04-19,130,12401,43,4499,87,7530,0,372,44,1833,86,5466,44,7299,California
Inyo,2021-04-20,164,12565,3,4502,161,7691,0,372,81,1831,83,5549,81,7380,California
Inyo,2021-04-21,113,12678,4,4506,109,7800,0,372,32,1782,81,5630,32,7412,California
Inyo,2021-04-22,196,12874,1,4507,195,7995,0,372,52,1690,144,5774,52,7464,California
Inyo,2021-04-23,95,12969,4,4511,91,8086,0,372,22,1639,73,5847,22,7486,California
Inyo,2021-04-24,310,13279,309,4820,1,8087,0,372,305,1939,5,5852,305,7791,California
Inyo,2021-04-25,136,13415,135,4955,1,8088,0,372,136,2075,0,5852,136,7927,California
Inyo,2021-04-26,91,13506,0,4955,90,8178,1,373,10,2005,81,5933,11,7938,California
Inyo,2021-04-27,181,13687,7,4962,169,8347,5,378,49,1927,132,6065,54,7992,California
Inyo,2021-04-28,121,13808,2,4964,117,8464,2,380,20,1848,101,6166,22,8014,California
Inyo,2021-04-29,172,13980,56,5020,116,8580,0,380,79,1835,92,6258,79,8093,California
Inyo,2021-04-30,85,14065,5,5025,79,8659,1,381,24,1799,61,6319,25,8118,California
Inyo,2021-05-01,11,14076,3,5028,8,8667,0,381,9,1806,2,6321,9,8127,California
Inyo,2021-05-02,7,14083,3,5031,2,8669,2,383,4,1809,3,6324,6,8133,California
Inyo,2021-05-03,38,14121,1,5032,33,8702,4,387,5,1785,33,6357,9,8142,California
Inyo,2021-05-04,123,14244,2,5034,117,8819,4,391,23,1712,100,6457,27,8169,California
Inyo,2021-05-05,35,14279,0,5034,33,8852,2,393,11,1701,24,6481,13,8182,California
Inyo,2021-05-06,93,14372,5,5039,80,8932,8,401,13,1642,80,6561,21,8203,California
Inyo,2021-05-07,48,14420,4,5043,36,8968,8,409,24,1651,23,6584,32,8235,California
Inyo,2021-05-08,11,14431,2,5045,4,8972,5,414,4,1653,7,6591,9,8244,California
Inyo,2021-05-09,1,14432,0,5045,1,8973,0,414,0,1652,1,6592,0,8244,California
Inyo,2021-05-10,69,14501,1,5046,66,9039,2,416,30,1646,39,6631,33,8277,California
Inyo,2021-05-11,87,14588,1,5047,83,9122,3,419,20,1602,67,6698,23,8300,California
Inyo,2021-05-12,45,14633,2,5049,41,9163,2,421,11,1582,33,6731,13,8313,California
Inyo,2021-05-13,74,14707,1,5050,72,9235,1,422,11,1532,62,6793,12,8325,California
Inyo,2021-05-14,26,14733,3,5053,19,9254,4,426,13,1536,13,6806,17,8342,California
Inyo,2021-05-15,381,15114,367,5420,11,9265,3,429,86,1330,295,7101,89,8431,California
Inyo,2021-05-16,196,15310,196,5616,0,9265,0,429,69,1272,127,7228,69,8500,California
Inyo,2021-05-17,65,15375,3,5619,57,9322,5,434,20,1252,45,7273,25,8525,California
Inyo,2021-05-18,50,15425,3,5622,46,9368,1,435,5,1213,45,7318,6,8531,California
Kern,2020-12-15,1,1,1,1,0,0,0,0,1,1,0,0,1,1,California
Kern,2020-12-16,18,19,18,19,0,0,0,0,18,19,0,0,18,19,California
Kern,2020-12-17,163,182,163,182,0,0,0,0,163,182,0,0,163,182,California
Kern,2020-12-18,322,504,322,504,0,0,0,0,322,504,0,0,322,504,California
Kern,2020-12-19,98,602,98,602,0,0,0,0,99,603,0,0,99,603,California
Kern,2020-12-20,61,663,61,663,0,0,0,0,61,664,0,0,61,664,California
Kern,2020-12-21,671,1334,670,1333,1,1,0,0,671,1335,0,0,671,1335,California
Kern,2020-12-22,530,1864,527,1860,3,4,0,0,530,1865,0,0,530,1865,California
Kern,2020-12-23,555,2419,417,2277,138,142,0,0,555,2420,0,0,555,2420,California
Kern,2020-12-24,122,2541,43,2320,79,221,0,0,122,2542,0,0,122,2542,California
Kern,2020-12-25,1,2542,1,2321,0,221,0,0,1,2543,0,0,1,2543,California
Kern,2020-12-26,33,2575,1,2322,32,253,0,0,33,2576,0,0,33,2576,California
Kern,2020-12-27,35,2610,3,2325,32,285,0,0,35,2611,0,0,35,2611,California
Kern,2020-12-28,827,3437,663,2988,164,449,0,0,827,3438,0,0,827,3438,California
Kern,2020-12-29,745,4182,452,3440,293,742,0,0,744,4181,1,1,744,4182,California
Kern,2020-12-30,1203,5385,910,4350,293,1035,0,0,1203,5384,0,1,1203,5385,California
Kern,2020-12-31,277,5662,99,4449,178,1213,0,0,277,5661,0,1,277,5662,California
Kern,2021-01-01,13,5675,6,4455,7,1220,0,0,13,5674,0,1,13,5675,California
Kern,2021-01-02,78,5753,18,4473,60,1280,0,0,78,5752,0,1,78,5753,California
Kern,2021-01-03,23,5776,4,4477,19,1299,0,0,23,5775,0,1,23,5776,California
Kern,2021-01-04,555,6331,361,4838,194,1493,0,0,555,6330,0,1,555,6331,California
Kern,2021-01-05,1134,7465,739,5577,395,1888,0,0,1122,7440,12,13,1122,7453,California
Kern,2021-01-06,1167,8632,455,6032,712,2600,0,0,1137,8547,30,43,1137,8590,California
Kern,2021-01-07,1406,10038,493,6525,913,3513,0,0,1238,9618,167,210,1238,9828,California
Kern,2021-01-08,1629,11667,769,7294,860,4373,0,0,1331,10651,299,509,1332,11160,California
Kern,2021-01-09,226,11893,77,7371,149,4522,0,0,192,10809,34,543,192,11352,California
Kern,2021-01-10,194,12087,148,7519,46,4568,0,0,153,10921,41,584,153,11505,California
Kern,2021-01-11,1556,13643,984,8503,572,5140,0,0,1001,11367,555,1139,1001,12506,California
Kern,2021-01-12,1868,15511,810,9313,1058,6198,0,0,1357,12213,511,1650,1357,13863,California
Kern,2021-01-13,1852,17363,869,10182,983,7181,0,0,1432,13225,420,2070,1432,15295,California
Kern,2021-01-14,2186,19549,645,10827,1541,8722,0,0,2141,15320,46,2116,2141,17436,California
Kern,2021-01-15,2707,22256,858,11685,1849,10571,0,0,2610,17836,95,2211,2611,20047,California
Kern,2021-01-16,672,22928,214,11899,458,11029,0,0,637,18438,35,2246,637,20684,California
Kern,2021-01-17,73,23001,7,11906,66,11095,0,0,71,18507,2,2248,71,20755,California
Kern,2021-01-18,1645,24646,659,12565,986,12081,0,0,1477,19816,168,2416,1477,22232,California
Kern,2021-01-19,1855,26501,1035,13600,820,12901,0,0,1388,20738,467,2883,1389,23621,California
Kern,2021-01-20,2557,29058,1622,15222,935,13836,0,0,1856,21900,696,3579,1858,25479,California
Kern,2021-01-21,2169,31227,923,16145,1246,15082,0,0,1973,23678,195,3774,1973,27452,California
Kern,2021-01-22,2712,33939,1294,17439,1418,16500,0,0,2434,25835,277,4051,2434,29886,California
Kern,2021-01-23,1244,35183,535,17974,709,17209,0,0,1198,26987,46,4097,1198,31084,California
Kern,2021-01-24,160,35343,18,17992,142,17351,0,0,154,27135,6,4103,154,31238,California
Kern,2021-01-25,2385,37728,1086,19078,1299,18650,0,0,1900,28552,484,4587,1901,33139,California
Kern,2021-01-26,2770,40498,1129,20207,1641,20291,0,0,1912,29607,857,5444,1912,35051,California
Kern,2021-01-27,3564,44062,1907,22114,1657,21948,0,0,2863,31772,698,6142,2863,37914,California
Kern,2021-01-28,2865,46927,1354,23468,1511,23459,0,0,2431,33777,429,6571,2434,40348,California
Kern,2021-01-29,3788,50715,1808,25276,1980,25439,0,0,3241,36474,544,7115,3241,43589,California
Kern,2021-01-30,1325,52040,497,25773,828,26267,0,0,1277,37705,46,7161,1277,44866,California
Kern,2021-01-31,403,52443,276,26049,127,26394,0,0,268,37838,135,7296,268,45134,California
Kern,2021-02-01,2425,54868,820,26869,1605,27999,0,0,1871,39159,551,7847,1872,47006,California
Kern,2021-02-02,2923,57791,973,27842,1950,29949,0,0,2060,40357,863,8710,2061,49067,California
Kern,2021-02-03,3663,61454,1551,29393,2112,32061,0,0,2694,42089,962,9672,2694,51761,California
Kern,2021-02-04,3804,65258,1452,30845,2352,34413,0,0,2589,43474,1204,10876,2589,54350,California
Kern,2021-02-05,4851,70109,1990,32835,2861,37274,0,0,3091,44824,1741,12617,3091,57441,California
Kern,2021-02-06,1737,71846,768,33603,969,38243,0,0,1511,46112,223,12840,1511,58952,California
Kern,2021-02-07,283,72129,151,33754,132,38375,0,0,267,46365,14,12854,267,59219,California
Kern,2021-02-08,2564,74693,789,34543,1775,40150,0,0,1254,46328,1292,14146,1255,60474,California
Kern,2021-02-09,3040,77733,988,35531,2052,42202,0,0,1467,46231,1564,15710,1467,61941,California
Kern,2021-02-10,3788,81521,1660,37191,2128,44330,0,0,1873,46206,1899,17609,1874,63815,California
Kern,2021-02-11,4263,85784,1537,38728,2726,47056,0,0,2223,46403,2027,19636,2224,66039,California
Kern,2021-02-12,4954,90738,1894,40622,3060,50116,0,0,2477,46417,2463,22099,2477,68516,California
Kern,2021-02-13,2010,92748,728,41350,1282,51398,0,0,1165,46739,843,22942,1165,69681,California
Kern,2021-02-14,351,93099,12,41362,339,51737,0,0,270,46929,80,23022,270,69951,California
Kern,2021-02-15,2740,95839,894,42256,1846,53583,0,0,1209,46616,1522,24544,1209,71160,California
Kern,2021-02-16,2943,98782,720,42976,2223,55806,0,0,1649,46983,1283,25827,1650,72810,California
Kern,2021-02-17,4070,102852,2079,45055,1991,57797,0,0,1927,46774,2137,27964,1928,74738,California
Kern,2021-02-18,3753,106605,1484,46539,2269,60066,0,0,1618,46270,2122,30086,1618,76356,California
Kern,2021-02-19,4200,110805,1917,48456,2283,62349,0,0,1739,45557,2452,32538,1739,78095,California
Kern,2021-02-20,2569,113374,967,49423,1602,63951,0,0,1339,45669,1227,33765,1339,79434,California
Kern,2021-02-21,258,113632,152,49575,106,64057,0,0,90,45593,166,33931,90,79524,California
Kern,2021-02-22,2663,116295,1150,50725,1513,65570,0,0,1428,45792,1229,35160,1428,80952,California
Kern,2021-02-23,3555,119850,1130,51855,2425,67995,0,0,1979,46198,1574,36734,1980,82932,California
Kern,2021-02-24,5185,125035,2287,54142,2898,70893,0,0,3093,47203,2088,38822,3093,86025,California
Kern,2021-02-25,5364,130399,2454,56596,2910,73803,0,0,3182,48222,2163,40985,3182,89207,California
Kern,2021-02-26,6896,137295,3528,60124,3368,77171,0,0,4355,50044,2534,43519,4356,93563,California
Kern,2021-02-27,3949,141244,1985,62109,1964,79135,0,0,2613,51329,1328,44847,2613,96176,California
Kern,2021-02-28,915,142159,503,62612,411,79546,1,1,694,51805,219,45066,695,96871,California
Kern,2021-03-01,3997,146156,1814,64426,2180,81726,3,4,2684,53187,1305,46371,2687,99558,California
Kern,2021-03-02,4458,150614,1414,65840,3043,84769,1,5,2940,54620,1507,47878,2940,102498,California
Kern,2021-03-03,5926,156540,2813,68653,3113,87882,0,5,3832,56373,2080,49958,3833,106331,California
Kern,2021-03-04,5600,162140,2205,70858,3392,91274,3,8,3604,57997,1982,51940,3606,109937,California
Kern,2021-03-05,6659,168799,2851,73709,3789,95063,19,27,4227,59819,2424,54364,4246,114183,California
Kern,2021-03-06,4733,173532,1928,75637,2704,97767,101,128,3463,62120,1262,55626,3563,117746,California
Kern,2021-03-07,2046,175578,1586,77223,411,98178,49,177,1855,63834,190,55816,1904,119650,California
Kern,2021-03-08,2817,178395,858,78081,1746,99924,213,390,1471,64176,1340,57156,1682,121332,California
Kern,2021-03-09,3634,182029,790,78871,2461,102385,383,773,2239,65408,1387,58543,2619,123951,California
Kern,2021-03-10,6035,188064,2470,81341,2494,104879,1071,1844,3507,67470,2514,61057,4576,128527,California
Kern,2021-03-11,6300,194364,2412,83753,2862,107741,1026,2870,3743,69692,2545,63602,4767,133294,California
Kern,2021-03-12,7671,202035,2925,86678,3394,111135,1352,4222,4162,71700,3496,67098,5504,138798,California
Kern,2021-03-13,4429,206464,2303,88981,1791,112926,335,4557,3011,73628,1412,68510,3340,142138,California
Kern,2021-03-14,2186,208650,1412,90393,534,113460,240,4797,1667,75014,519,69029,1905,144043,California
Kern,2021-03-15,4249,212899,1087,91480,2448,115908,714,5511,2181,75847,2056,71085,2889,146932,California
Kern,2021-03-16,4334,217233,1009,92489,2797,118705,528,6039,2332,76711,1993,73078,2857,149789,California
Kern,2021-03-17,7249,224482,3819,96308,2873,121578,557,6596,4295,78618,2943,76021,4850,154639,California
Kern,2021-03-18,6992,231474,3410,99718,3003,124581,579,7175,4163,80547,2809,78830,4738,159377,California
Kern,2021-03-19,8752,240226,4772,104490,3332,127913,648,7823,4548,81548,4190,83020,5191,164568,California
Kern,2021-03-20,5939,246165,3595,108085,2170,130083,174,7997,3736,83266,2193,85213,3911,168479,California
Kern,2021-03-21,2868,249033,1755,109840,236,130319,877,8874,1681,84642,1181,86394,2557,171036,California
Kern,2021-03-22,3951,252984,1546,111386,2048,132367,357,9231,1916,84891,2024,88418,2273,173309,California
Kern,2021-03-23,4699,257683,1653,113039,2848,135215,198,9429,2467,85351,2203,90621,2663,175972,California
Kern,2021-03-24,6999,264682,3508,116547,3018,138233,473,9902,3569,85977,3415,94036,4041,180013,California
Kern,2021-03-25,6636,271318,2885,119432,3420,141653,331,10233,3231,86149,3387,97423,3559,183572,California
Kern,2021-03-26,9602,280920,4157,123589,4191,145844,1254,11487,4608,87032,4977,102400,5860,189432,California
Kern,2021-03-27,5439,286359,3742,127331,1569,147413,128,11615,3286,88294,2151,104551,3413,192845,California
Kern,2021-03-28,4346,290705,3857,131188,475,147888,14,11629,2771,89505,1574,106125,2785,195630,California
Kern,2021-03-29,4201,294906,1634,132822,2289,150177,278,11907,2615,90820,1575,107700,2890,198520,California
Kern,2021-03-30,5537,300443,1825,134647,3328,153505,384,12291,3044,91758,2488,110188,3426,201946,California
Kern,2021-03-31,8130,308573,4285,138932,3199,156704,646,12937,4287,92860,3830,114018,4932,206878,California
Kern,2021-04-01,7645,316218,3654,142586,3693,160397,298,13235,4124,93780,3506,117524,4426,211304,California
Kern,2021-04-02,8161,324379,4204,146790,3350,163747,607,13842,4090,94418,4056,121580,4694,215998,California
Kern,2021-04-03,5726,330105,3419,150209,2124,165871,183,14025,2632,94148,3087,124667,2817,218815,California
Kern,2021-04-04,1331,331436,868,151077,379,166250,84,14109,546,93996,783,125450,631,219446,California
Kern,2021-04-05,5329,336765,2193,153270,2370,168620,766,14875,2885,95189,2434,127884,3627,223073,California
Kern,2021-04-06,7073,343838,2462,155732,3249,171869,1362,16237,3610,96717,3440,131324,4968,228041,California
Kern,2021-04-07,9285,353123,5405,161137,2924,174793,956,17193,4669,97744,4598,135922,5625,233666,California
Kern,2021-04-08,8594,361717,4757,165894,2934,177727,903,18096,3926,97922,4645,140567,4823,238489,California
Kern,2021-04-09,10139,371856,5093,170987,4063,181790,983,19079,4457,97701,5658,146225,5437,243926,California
Kern,2021-04-10,6524,378380,3425,174412,1860,183650,1239,20318,2295,97007,4221,150446,3527,247453,California
Kern,2021-04-11,3792,382172,2888,177300,356,184006,548,20866,1428,96627,2352,152798,1972,249425,California
Kern,2021-04-12,4377,386549,984,178284,2423,186429,970,21836,1578,96390,2784,155582,2547,251972,California
Kern,2021-04-13,4274,390823,1410,179694,2839,189268,25,21861,2130,96411,2135,157717,2156,254128,California
Kern,2021-04-14,6028,396851,2963,182657,3043,192311,22,21883,3066,96551,2947,160664,3087,257215,California
Kern,2021-04-15,5257,402108,2464,185121,2791,195102,2,21885,2536,96383,2706,163370,2538,259753,California
Kern,2021-04-16,7247,409355,3437,188558,3809,198911,1,21886,3084,95327,4142,167512,3086,262839,California
Kern,2021-04-17,5897,415252,3855,192413,2042,200953,0,21886,2259,93962,3625,171137,2260,265099,California
Kern,2021-04-18,3703,418955,3466,195879,237,201190,0,21886,1082,92430,2614,173751,1082,266181,California
Kern,2021-04-19,3804,422759,1726,197605,2077,203267,1,21887,1443,91531,2342,176093,1443,267624,California
Kern,2021-04-20,4319,427078,1551,199156,2767,206034,1,21888,1674,90573,2634,178727,1676,269300,California
Kern,2021-04-21,5855,432933,3125,202281,2725,208759,5,21893,2248,89237,3588,182315,2252,271552,California
Kern,2021-04-22,4782,437715,2313,204594,2469,211228,0,21893,1769,88014,2993,185308,1770,273322,California
Kern,2021-04-23,6044,443759,2937,207531,3106,214334,1,21894,2000,86007,4009,189317,2002,275324,California
Kern,2021-04-24,3930,447689,2729,210260,1191,215525,10,21904,1482,85067,2432,191749,1492,276816,California
Kern,2021-04-25,1341,449030,1063,211323,278,215803,0,21904,772,85275,564,192313,772,277588,California
Kern,2021-04-26,3772,452802,1817,213140,1903,217706,52,21956,1042,83652,2719,195032,1096,278684,California
Kern,2021-04-27,4636,457438,2277,215417,2257,219963,102,22058,1413,81954,3210,198242,1512,280196,California
Kern,2021-04-28,6245,463683,3672,219089,2449,222412,124,22182,1781,79406,4450,202692,1902,282098,California
Kern,2021-04-29,5506,469189,3062,222151,2344,224756,100,22282,1634,77289,3852,206544,1735,283833,California
Kern,2021-04-30,5586,474775,3124,225275,2303,227059,159,22441,1626,75126,3947,210491,1784,285617,California
Kern,2021-05-01,2571,477346,1799,227074,713,227772,59,22500,956,74532,1608,212099,1014,286631,California
Kern,2021-05-02,1885,479231,1601,228675,263,228035,21,22521,695,74063,1185,213284,716,287347,California
Kern,2021-05-03,2485,481716,991,229666,1362,229397,132,22653,764,73253,1707,214991,897,288244,California
Kern,2021-05-04,3605,485321,1283,230949,2213,231610,109,22762,1258,72285,2333,217324,1365,289609,California
Kern,2021-05-05,4136,489457,2133,233082,1852,233462,151,22913,1362,71037,2760,220084,1512,291121,California
Kern,2021-05-06,3526,492983,1567,234649,1817,235279,142,23055,1084,69839,2423,222507,1225,292346,California
Kern,2021-05-07,4559,497542,2285,236934,2099,237378,175,23230,1279,68036,3255,225762,1452,293798,California
Kern,2021-05-08,2874,500416,1822,238756,937,238315,115,23345,904,67098,1956,227718,1018,294816,California
Kern,2021-05-09,1299,501715,1124,239880,145,238460,30,23375,450,66736,842,228560,480,295296,California
Kern,2021-05-10,2179,503894,836,240716,1245,239705,98,23473,624,65919,1537,230097,720,296016,California
Kern,2021-05-11,2588,506482,902,241618,1563,241268,123,23596,941,65346,1638,231735,1065,297081,California
Kern,2021-05-12,3458,509940,1395,243013,1915,243183,148,23744,1091,64229,2356,234091,1239,298320,California
Kern,2021-05-13,3230,513170,1680,244693,1407,244590,143,23887,1487,64123,1733,235824,1627,299947,California
Kern,2021-05-14,4203,517373,2497,247190,1513,246103,193,24080,1943,64019,2239,238063,2135,302082,California
Kern,2021-05-15,2870,520243,1878,249068,909,247012,83,24163,1526,64294,1334,239397,1609,303691,California
Kern,2021-05-16,1233,521476,1112,250180,102,247114,19,24182,702,64489,526,239923,721,304412,California
Kern,2021-05-17,1973,523449,778,250958,1065,248179,130,24312,969,64595,992,240915,1098,305510,California
Kern,2021-05-18,1693,525142,691,251649,905,249084,97,24409,779,64561,908,241823,874,306384,California
Kings,2020-12-16,1,1,1,1,0,0,0,0,1,1,0,0,1,1,California
Kings,2020-12-17,8,9,8,9,0,0,0,0,8,9,0,0,8,9,California
Kings,2020-12-18,12,21,12,21,0,0,0,0,12,21,0,0,12,21,California
Kings,2020-12-19,11,32,11,32,0,0,0,0,11,32,0,0,11,32,California
Kings,2020-12-20,13,45,13,45,0,0,0,0,13,45,0,0,13,45,California
Kings,2020-12-21,156,201,156,201,0,0,0,0,269,314,0,0,269,314,California
Kings,2020-12-22,143,344,143,344,0,0,0,0,140,454,0,0,140,454,California
Kings,2020-12-23,135,479,123,467,12,12,0,0,136,590,0,0,136,590,California
Kings,2020-12-24,11,490,9,476,2,14,0,0,11,601,0,0,11,601,California
Kings,2020-12-26,7,497,4,480,3,17,0,0,7,608,0,0,7,608,California
Kings,2020-12-27,4,501,4,484,0,17,0,0,4,612,0,0,4,612,California
Kings,2020-12-28,131,632,103,587,28,45,0,0,132,744,0,0,132,744,California
Kings,2020-12-29,78,710,51,638,27,72,0,0,79,823,0,0,79,823,California
Kings,2020-12-30,149,859,109,747,40,112,0,0,149,972,0,0,149,972,California
Kings,2020-12-31,45,904,6,753,39,151,0,0,45,1017,0,0,45,1017,California
Kings,2021-01-01,1,905,0,753,1,152,0,0,1,1018,0,0,1,1018,California
Kings,2021-01-02,10,915,9,762,1,153,0,0,10,1028,0,0,10,1028,California
Kings,2021-01-04,112,1027,42,804,70,223,0,0,112,1140,0,0,112,1140,California
Kings,2021-01-05,196,1223,39,843,157,380,0,0,196,1336,0,0,196,1336,California
Kings,2021-01-06,277,1500,178,1021,99,479,0,0,274,1607,3,3,274,1610,California
Kings,2021-01-07,178,1678,81,1102,97,576,0,0,170,1769,8,11,170,1780,California
Kings,2021-01-08,247,1925,54,1156,193,769,0,0,228,1978,19,30,228,2008,California
Kings,2021-01-09,63,1988,9,1165,54,823,0,0,55,2025,8,38,55,2063,California
Kings,2021-01-10,15,2003,3,1168,12,835,0,0,12,2034,3,41,12,2075,California
Kings,2021-01-11,518,2521,354,1522,164,999,0,0,276,2069,242,283,277,2352,California
Kings,2021-01-12,350,2871,253,1775,97,1096,0,0,216,2154,131,414,216,2568,California
Kings,2021-01-13,416,3287,270,2045,146,1242,0,0,324,2386,92,506,324,2892,California
Kings,2021-01-14,210,3497,32,2077,178,1420,0,0,200,2566,21,527,201,3093,California
Kings,2021-01-15,418,3915,30,2107,388,1808,0,0,406,2960,12,539,406,3499,California
Kings,2021-01-16,31,3946,12,2119,19,1827,0,0,30,2989,1,540,30,3529,California
Kings,2021-01-17,9,3955,6,2125,3,1830,0,0,7,2994,2,542,7,3536,California
Kings,2021-01-18,172,4127,40,2165,132,1962,0,0,146,3114,26,568,146,3682,California
Kings,2021-01-19,378,4505,159,2324,219,2181,0,0,249,3234,129,697,249,3931,California
Kings,2021-01-20,237,4742,146,2470,91,2272,0,0,127,3256,105,802,127,4058,California
Kings,2021-01-21,190,4932,35,2505,155,2427,0,0,174,3412,18,820,174,4232,California
Kings,2021-01-22,126,5058,40,2545,86,2513,0,0,126,3533,5,825,126,4358,California
Kings,2021-01-23,26,5084,14,2559,12,2525,0,0,20,3547,6,831,20,4378,California
Kings,2021-01-24,4,5088,4,2563,0,2525,0,0,2,3547,2,833,2,4380,California
Kings,2021-01-25,124,5212,26,2589,98,2623,0,0,90,3603,34,867,90,4470,California
Kings,2021-01-26,154,5366,35,2624,119,2742,0,0,115,3679,39,906,115,4585,California
Kings,2021-01-27,319,5685,34,2658,285,3027,0,0,248,3857,70,976,248,4833,California
Kings,2021-01-28,326,6011,46,2704,280,3307,0,0,271,4073,55,1031,271,5104,California
Kings,2021-01-29,86,6097,26,2730,60,3367,0,0,69,4125,17,1048,69,5173,California
Kings,2021-01-30,1556,7653,31,2761,1525,4892,0,0,1553,5677,3,1051,1555,6728,California
Kings,2021-02-01,199,7852,64,2825,135,5027,0,0,72,5624,125,1176,72,6800,California
Kings,2021-02-02,232,8084,14,2839,218,5245,0,0,82,5557,149,1325,82,6882,California
Kings,2021-02-03,357,8441,191,3030,166,5411,0,0,201,5603,155,1480,201,7083,California
Kings,2021-02-04,396,8837,99,3129,297,5708,0,0,198,5604,197,1677,198,7281,California
Kings,2021-02-05,259,9096,15,3144,244,5952,0,0,101,5549,156,1833,101,7382,California
Kings,2021-02-06,61,9157,10,3154,51,6003,0,0,28,5544,33,1866,28,7410,California
Kings,2021-02-07,5,9162,3,3157,2,6005,0,0,3,5545,2,1868,3,7413,California
Kings,2021-02-08,172,9334,29,3186,143,6148,0,0,68,5509,104,1972,68,7481,California
Kings,2021-02-09,254,9588,57,3243,197,6345,0,0,110,5477,142,2114,110,7591,California
Kings,2021-02-10,286,9874,113,3356,173,6518,0,0,169,5529,117,2231,169,7760,California
Kings,2021-02-11,431,10305,65,3421,366,6884,0,0,316,5731,114,2345,316,8076,California
Kings,2021-02-12,623,10928,36,3457,587,7471,0,0,347,5803,275,2620,347,8423,California
Kings,2021-02-13,104,11032,6,3463,98,7569,0,0,78,5855,26,2646,78,8501,California
Kings,2021-02-14,102,11134,4,3467,98,7667,0,0,94,5941,8,2654,94,8595,California
Kings,2021-02-15,246,11380,5,3472,241,7908,0,0,137,5970,108,2762,137,8732,California
Kings,2021-02-16,486,11866,33,3505,453,8361,0,0,251,5987,234,2996,251,8983,California
Kings,2021-02-17,380,12246,23,3528,357,8718,0,0,243,6094,137,3133,244,9227,California
Kings,2021-02-18,155,12401,23,3551,132,8850,0,0,98,6135,57,3190,98,9325,California
Kings,2021-02-19,159,12560,24,3575,135,8985,0,0,103,6185,53,3243,103,9428,California
Kings,2021-02-20,171,12731,40,3615,131,9116,0,0,134,6282,37,3280,134,9562,California
Kings,2021-02-21,3,12734,2,3617,1,9117,0,0,3,6285,0,3280,3,9565,California
Kings,2021-02-22,110,12844,19,3636,91,9208,0,0,51,6277,59,3339,51,9616,California
Kings,2021-02-23,297,13141,70,3706,227,9435,0,0,180,6340,117,3456,180,9796,California
Kings,2021-02-24,597,13738,154,3860,443,9878,0,0,385,6513,212,3668,385,10181,California
Kings,2021-02-25,685,14423,132,3992,553,10431,0,0,467,6764,216,3884,467,10648,California
Kings,2021-02-26,668,15091,137,4129,531,10962,0,0,606,7308,62,3946,606,11254,California
Kings,2021-02-27,1516,16607,65,4194,1451,12413,0,0,580,6953,935,4881,580,11834,California
Kings,2021-02-28,1171,17778,597,4791,574,12987,0,0,674,7133,494,5375,674,12508,California
Kings,2021-03-01,261,18039,80,4871,181,13168,0,0,216,7304,45,5420,216,12724,California
Kings,2021-03-02,508,18547,242,5113,266,13434,0,0,458,7713,50,5470,459,13183,California
Kings,2021-03-03,640,19187,314,5427,326,13760,0,0,449,7973,189,5659,449,13632,California
Kings,2021-03-04,729,19916,353,5780,376,14136,0,0,633,8511,96,5755,634,14266,California
Kings,2021-03-05,1079,20995,368,6148,702,14838,9,9,962,9366,117,5872,972,15238,California
Kings,2021-03-06,514,21509,186,6334,315,15153,13,22,484,9833,30,5902,497,15735,California
Kings,2021-03-07,366,21875,224,6558,138,15291,4,26,358,10187,8,5910,362,16097,California
Kings,2021-03-08,370,22245,96,6654,221,15512,53,79,262,10393,108,6018,314,16411,California
Kings,2021-03-09,524,22769,239,6893,230,15742,55,134,417,10760,106,6124,473,16884,California
Kings,2021-03-10,506,23275,125,7018,290,16032,91,225,322,10989,183,6307,412,17296,California
Kings,2021-03-11,1025,24300,305,7323,610,16642,110,335,619,11314,404,6711,729,18025,California
Kings,2021-03-12,1359,25659,441,7764,824,17466,94,429,957,11967,400,7111,1053,19078,California
Kings,2021-03-13,670,26329,331,8095,295,17761,44,473,544,12430,126,7237,589,19667,California
Kings,2021-03-14,671,27000,101,8196,184,17945,386,859,200,12545,471,7708,586,20253,California
Kings,2021-03-15,703,27703,266,8462,322,18267,115,974,466,12892,236,7944,583,20836,California
Kings,2021-03-16,1039,28742,438,8900,540,18807,61,1035,702,13318,337,8281,763,21599,California
Kings,2021-03-17,1089,29831,417,9317,611,19418,61,1096,770,13837,319,8600,838,22437,California
Kings,2021-03-18,1100,30931,466,9783,412,19830,222,1318,751,14465,348,8948,976,23413,California
Kings,2021-03-19,949,31880,468,10251,396,20226,85,1403,723,15061,225,9173,821,24234,California
Kings,2021-03-20,624,32504,255,10506,338,20564,31,1434,449,15375,173,9346,487,24721,California
Kings,2021-03-21,1401,33905,1086,11592,304,20868,11,1445,847,15679,554,9900,858,25579,California
Kings,2021-03-22,450,34355,203,11795,164,21032,83,1528,276,15868,174,10074,363,25942,California
Kings,2021-03-23,899,35254,493,12288,343,21375,63,1591,546,16129,351,10425,612,26554,California
Kings,2021-03-24,928,36182,482,12770,423,21798,23,1614,503,16233,424,10849,528,27082,California
Kings,2021-03-25,895,37077,445,13215,424,22222,26,1640,436,16238,457,11306,462,27544,California
Kings,2021-03-26,1282,38359,374,13589,823,23045,85,1725,513,16071,764,12070,597,28141,California
Kings,2021-03-27,616,38975,245,13834,359,23404,12,1737,154,15777,460,12530,166,28307,California
Kings,2021-03-28,549,39524,478,14312,64,23468,7,1744,342,15927,207,12737,357,28664,California
Kings,2021-03-29,459,39983,202,14514,196,23664,61,1805,251,16032,206,12943,311,28975,California
Kings,2021-03-30,842,40825,463,14977,341,24005,38,1843,420,16069,421,13364,458,29433,California
Kings,2021-03-31,752,41577,374,15351,312,24317,66,1909,420,16230,325,13689,486,29919,California
Kings,2021-04-01,760,42337,380,15731,297,24614,83,1992,344,16247,410,14099,427,30346,California
Kings,2021-04-02,985,43322,430,16161,433,25047,122,2114,389,16166,591,14690,510,30856,California
Kings,2021-04-03,476,43798,330,16491,137,25184,9,2123,160,16026,310,15000,170,31026,California
Kings,2021-04-04,156,43954,82,16573,68,25252,6,2129,42,15961,113,15113,48,31074,California
Kings,2021-04-05,1050,45004,325,16898,474,25726,251,2380,234,15633,815,15928,487,31561,California
Kings,2021-04-06,1188,46192,448,17346,433,26159,307,2687,292,15339,893,16821,599,32160,California
Kings,2021-04-07,1340,47532,641,17987,514,26673,185,2872,415,15017,922,17743,600,32760,California
Kings,2021-04-08,1590,49122,626,18613,713,27386,251,3123,361,14407,1222,18965,612,33372,California
Kings,2021-04-09,1143,50265,538,19151,428,27814,177,3300,242,13924,899,19864,416,33788,California
Kings,2021-04-10,589,50854,327,19478,160,27974,102,3402,177,13793,410,20274,279,34067,California
Kings,2021-04-11,352,51206,74,19552,272,28246,6,3408,197,13842,154,20428,203,34270,California
Kings,2021-04-12,698,51904,311,19863,187,28433,200,3608,191,13727,506,20934,391,34661,California
Kings,2021-04-13,896,52800,508,20371,388,28821,0,3608,295,13427,600,21534,300,34961,California
Kings,2021-04-14,1024,53824,567,20938,457,29278,0,3608,371,13146,653,22187,372,35333,California
Kings,2021-04-15,1048,54872,521,21459,526,29804,1,3609,466,13032,581,22768,467,35800,California
Kings,2021-04-16,765,55637,360,21819,405,30209,0,3609,266,12800,498,23266,266,36066,California
Kings,2021-04-17,458,56095,244,22063,214,30423,0,3609,201,12745,256,23522,201,36267,California
Kings,2021-04-18,558,56653,240,22303,318,30741,0,3609,75,12337,483,24005,75,36342,California
Kings,2021-04-19,526,57179,289,22592,237,30978,0,3609,287,12387,237,24242,287,36629,California
Kings,2021-04-20,734,57913,443,23035,291,31269,0,3609,247,12148,486,24728,247,36876,California
Kings,2021-04-21,639,58552,307,23342,332,31601,0,3609,223,11961,410,25138,223,37099,California
Kings,2021-04-22,550,59102,276,23618,274,31875,0,3609,201,11817,346,25484,202,37301,California
Kings,2021-04-23,664,59766,290,23908,374,32249,0,3609,330,11816,331,25815,330,37631,California
Kings,2021-04-24,246,60012,178,24086,67,32316,1,3610,122,11816,123,25938,123,37754,California
Kings,2021-04-25,195,60207,176,24262,19,32335,0,3610,159,11939,36,25974,159,37913,California
Kings,2021-04-26,295,60502,153,24415,139,32474,3,3613,184,12016,110,26084,187,38100,California
Kings,2021-04-27,404,60906,178,24593,207,32681,19,3632,170,11972,233,26317,189,38289,California
Kings,2021-04-28,509,61415,253,24846,236,32917,20,3652,265,12013,244,26561,285,38574,California
Kings,2021-04-29,285,61700,112,24958,162,33079,11,3663,133,12007,150,26711,144,38718,California
Kings,2021-04-30,366,62066,163,25121,186,33265,17,3680,152,11965,211,26922,169,38887,California
Kings,2021-05-01,229,62295,166,25287,53,33318,10,3690,74,11896,153,27075,84,38971,California
Kings,2021-05-02,168,62463,146,25433,22,33340,0,3690,126,11980,42,27117,126,39097,California
Kings,2021-05-03,469,62932,255,25688,201,33541,13,3703,122,11769,346,27463,135,39232,California
Kings,2021-05-04,510,63442,255,25943,235,33776,20,3723,159,11597,351,27814,179,39411,California
Kings,2021-05-05,535,63977,276,26219,239,34015,20,3743,134,11350,401,28215,154,39565,California
Kings,2021-05-06,533,64510,264,26483,246,34261,23,3766,121,11084,410,28625,144,39709,California
Kings,2021-05-07,366,64876,211,26694,141,34402,14,3780,148,11031,215,28840,162,39871,California
Kings,2021-05-08,229,65105,166,26860,52,34454,11,3791,74,10961,155,28995,85,39956,California
Kings,2021-05-09,193,65298,64,26924,129,34583,0,3791,40,10848,153,29148,40,39996,California
Kings,2021-05-10,332,65630,255,27179,67,34650,10,3801,113,10753,217,29365,122,40118,California
Kings,2021-05-11,367,65997,229,27408,111,34761,27,3828,116,10646,251,29616,144,40262,California
Kings,2021-05-12,361,66358,133,27541,215,34976,13,3841,151,10601,209,29825,164,40426,California
Kings,2021-05-13,366,66724,137,27678,224,35200,5,3846,149,10538,217,30042,154,40580,California
Kings,2021-05-14,454,67178,308,27986,113,35313,33,3879,231,10579,221,30263,262,40842,California
Kings,2021-05-15,340,67518,245,28231,79,35392,16,3895,190,10635,150,30413,206,41048,California
Kings,2021-05-16,146,67664,136,28367,10,35402,0,3895,20,10529,126,30539,20,41068,California
Kings,2021-05-17,348,68012,269,28636,62,35464,17,3912,179,10556,169,30708,196,41264,California
Kings,2021-05-18,154,68166,107,28743,36,35500,11,3923,63,10540,91,30799,75,41339,California
Lake,2020-12-17,4,4,4,4,0,0,0,0,4,4,0,0,4,4,California
Lake,2020-12-18,51,55,51,55,0,0,0,0,51,55,0,0,51,55,California
Lake,2020-12-19,3,58,3,58,0,0,0,0,3,58,0,0,3,58,California
Lake,2020-12-20,6,64,6,64,0,0,0,0,6,64,0,0,6,64,California
Lake,2020-12-21,86,150,86,150,0,0,0,0,86,150,0,0,86,150,California
Lake,2020-12-22,63,213,60,210,3,3,0,0,63,213,0,0,63,213,California
Lake,2020-12-23,123,336,114,324,9,12,0,0,123,336,0,0,123,336,California
Lake,2020-12-24,2,338,0,324,2,14,0,0,2,338,0,0,2,338,California
Lake,2020-12-26,2,340,2,326,0,14,0,0,2,340,0,0,2,340,California
Lake,2020-12-27,2,342,2,328,0,14,0,0,2,342,0,0,2,342,California
Lake,2020-12-28,52,394,43,371,9,23,0,0,52,394,0,0,52,394,California
Lake,2020-12-29,50,444,45,416,5,28,0,0,50,444,0,0,50,444,California
Lake,2020-12-30,125,569,118,534,7,35,0,0,125,569,0,0,125,569,California
Lake,2020-12-31,67,636,64,598,3,38,0,0,67,636,0,0,67,636,California
Lake,2021-01-01,1,637,0,598,1,39,0,0,1,637,0,0,1,637,California
Lake,2021-01-02,2,639,1,599,1,40,0,0,2,639,0,0,2,639,California
Lake,2021-01-04,87,726,21,620,66,106,0,0,87,726,0,0,87,726,California
Lake,2021-01-05,120,846,59,679,61,167,0,0,118,842,2,2,118,844,California
Lake,2021-01-06,105,951,65,744,40,207,0,0,103,943,2,4,103,947,California
Lake,2021-01-07,108,1059,85,829,23,230,0,0,99,1033,9,13,99,1046,California
Lake,2021-01-08,152,1211,124,953,28,258,0,0,100,1081,52,65,100,1146,California
Lake,2021-01-09,63,1274,61,1014,2,260,0,0,59,1136,4,69,59,1205,California
Lake,2021-01-10,3,1277,3,1017,0,260,0,0,0,1133,3,72,0,1205,California
Lake,2021-01-11,192,1469,151,1168,41,301,0,0,112,1165,80,152,112,1317,California
Lake,2021-01-12,81,1550,48,1216,33,334,0,0,57,1198,24,176,57,1374,California
Lake,2021-01-13,165,1715,112,1328,53,387,0,0,108,1249,57,233,108,1482,California
Lake,2021-01-14,147,1862,46,1374,101,488,0,0,125,1352,22,255,125,1607,California
Lake,2021-01-15,215,2077,92,1466,123,611,0,0,188,1513,27,282,188,1795,California
Lake,2021-01-16,134,2211,81,1547,53,664,0,0,132,1643,2,284,132,1927,California
Lake,2021-01-17,18,2229,6,1553,12,676,0,0,12,1649,6,290,12,1939,California
Lake,2021-01-18,246,2475,227,1780,19,695,0,0,126,1655,120,410,126,2065,California
Lake,2021-01-19,311,2786,117,1897,194,889,0,0,266,1877,45,455,267,2332,California
Lake,2021-01-20,422,3208,80,1977,342,1231,0,0,358,2172,63,518,358,2690,California
Lake,2021-01-21,433,3641,49,2026,384,1615,0,0,398,2535,35,553,398,3088,California
Lake,2021-01-22,318,3959,46,2072,272,1887,0,0,282,2781,36,589,282,3370,California
Lake,2021-01-23,122,4081,5,2077,117,2004,0,0,121,2901,1,590,121,3491,California
Lake,2021-01-24,5,4086,2,2079,3,2007,0,0,5,2906,0,590,5,3496,California
Lake,2021-01-25,257,4343,95,2174,162,2169,0,0,176,3001,81,671,176,3672,California
Lake,2021-01-26,429,4772,36,2210,393,2562,0,0,406,3384,23,694,406,4078,California
Lake,2021-01-27,359,5131,41,2251,318,2880,0,0,331,3688,28,722,332,4410,California
Lake,2021-01-28,498,5629,161,2412,337,3217,0,0,368,3926,130,852,368,4778,California
Lake,2021-01-29,637,6266,84,2496,553,3770,0,0,577,4443,60,912,577,5355,California
Lake,2021-01-30,554,6820,44,2540,510,4280,0,0,548,4985,6,918,548,5903,California
Lake,2021-01-31,14,6834,8,2548,6,4286,0,0,12,4995,2,920,12,5915,California
Lake,2021-02-01,179,7013,18,2566,161,4447,0,0,166,5148,13,933,166,6081,California
Lake,2021-02-02,564,7577,152,2718,412,4859,0,0,398,5380,166,1099,398,6479,California
Lake,2021-02-03,445,8022,33,2751,412,5271,0,0,340,5615,105,1204,340,6819,California
Lake,2021-02-04,119,8141,68,2819,51,5322,0,0,72,5640,47,1251,72,6891,California
Lake,2021-02-05,379,8520,70,2889,309,5631,0,0,288,5839,89,1340,288,7179,California
Lake,2021-02-06,276,8796,41,2930,235,5866,0,0,265,6093,11,1351,265,7444,California
Lake,2021-02-07,2,8798,1,2931,1,5867,0,0,2,6095,0,1351,2,7446,California
Lake,2021-02-08,279,9077,207,3138,72,5939,0,0,159,6134,120,1471,159,7605,California
Lake,2021-02-09,346,9423,25,3163,321,6260,0,0,302,6393,43,1514,302,7907,California
Lake,2021-02-10,352,9775,54,3217,298,6558,0,0,274,6589,78,1592,274,8181,California
Lake,2021-02-11,174,9949,18,3235,156,6714,0,0,58,6531,116,1708,58,8239,California
Lake,2021-02-12,376,10325,29,3264,347,7061,0,0,288,6733,87,1795,289,8528,California
Lake,2021-02-13,247,10572,7,3271,240,7301,0,0,236,6958,11,1806,236,8764,California
Lake,2021-02-14,20,10592,5,3276,15,7316,0,0,6,6950,14,1820,6,8770,California
Lake,2021-02-15,172,10764,13,3289,159,7475,0,0,8,6795,163,1983,8,8778,California
Lake,2021-02-16,423,11187,23,3312,400,7875,0,0,176,6724,247,2230,176,8954,California
Lake,2021-02-17,351,11538,54,3366,297,8172,0,0,70,6514,280,2510,70,9024,California
Lake,2021-02-18,457,11995,69,3435,388,8560,0,0,114,6285,343,2853,114,9138,California
Lake,2021-02-19,418,12413,25,3460,393,8953,0,0,93,6053,325,3178,93,9231,California
Lake,2021-02-20,294,12707,60,3520,234,9187,0,0,251,6262,42,3220,251,9482,California
Lake,2021-02-21,6,12713,6,3526,0,9187,0,0,0,6256,6,3226,0,9482,California
Lake,2021-02-22,141,12854,24,3550,117,9304,0,0,44,6203,97,3323,44,9526,California
Lake,2021-02-23,214,13068,14,3564,200,9504,0,0,28,6045,186,3509,28,9554,California
Lake,2021-02-24,955,14023,377,3941,578,10082,0,0,416,5923,538,4047,416,9970,California
Lake,2021-02-25,733,14756,466,4407,267,10349,0,0,473,6139,257,4304,473,10443,California
Lake,2021-02-26,995,15751,304,4711,691,11040,0,0,350,5847,642,4946,350,10793,California
Lake,2021-02-27,411,16162,98,4809,313,11353,0,0,328,6092,83,5029,328,11121,California
Lake,2021-02-28,18,16180,12,4821,6,11359,0,0,10,6094,8,5037,10,11131,California
Lake,2021-03-01,595,16775,53,4874,542,11901,0,0,442,6383,153,5190,442,11573,California
Lake,2021-03-02,745,17520,18,4892,727,12628,0,0,289,6216,456,5646,289,11862,California
Lake,2021-03-03,369,17889,195,5087,174,12802,0,0,146,6139,223,5869,146,12008,California
Lake,2021-03-04,581,18470,509,5596,72,12874,0,0,564,6686,17,5886,564,12572,California
Lake,2021-03-05,1048,19518,52,5648,996,13870,0,0,186,6014,858,6744,186,12758,California
Lake,2021-03-06,34,19552,9,5657,24,13894,1,1,21,6023,13,6757,22,12780,California
Lake,2021-03-07,7,19559,5,5662,2,13896,0,1,4,6024,3,6760,4,12784,California
Lake,2021-03-08,339,19898,267,5929,63,13959,9,10,299,6292,40,6800,308,13092,California
Lake,2021-03-09,916,20814,29,5958,870,14829,17,27,393,6180,522,7322,410,13502,California
Lake,2021-03-10,203,21017,60,6018,130,14959,13,40,135,6260,68,7390,148,13650,California
Lake,2021-03-11,583,21600,47,6065,62,15021,474,514,48,6247,535,7925,522,14172,California
Lake,2021-03-12,851,22451,202,6267,625,15646,24,538,362,6145,488,8413,386,14558,California
Lake,2021-03-13,277,22728,21,6288,20,15666,236,774,16,6136,260,8673,251,14809,California
Lake,2021-03-14,11,22739,2,6290,9,15675,0,774,7,6139,4,8677,7,14816,California
Lake,2021-03-15,642,23381,14,6304,611,16286,17,791,482,6478,160,8837,499,15315,California
Lake,2021-03-16,1113,24494,834,7138,262,16548,17,808,445,6275,664,9501,461,15776,California
Lake,2021-03-17,248,24742,121,7259,105,16653,22,830,92,6233,156,9657,114,15890,California
Lake,2021-03-18,748,25490,373,7632,338,16991,37,867,372,6266,375,10032,408,16298,California
Lake,2021-03-19,580,26070,313,7945,247,17238,20,887,473,6653,106,10138,493,16791,California
Lake,2021-03-20,248,26318,8,7953,237,17475,3,890,29,6468,217,10355,32,16823,California
Lake,2021-03-21,16,26334,11,7964,4,17479,1,891,11,6475,5,10360,12,16835,California
Lake,2021-03-22,325,26659,245,8209,66,17545,14,905,239,6642,86,10446,253,17088,California
Lake,2021-03-23,419,27078,21,8230,385,17930,13,918,353,6943,65,10511,366,17454,California
Lake,2021-03-24,413,27491,61,8291,344,18274,8,926,317,7174,95,10606,326,17780,California
Lake,2021-03-25,660,28151,469,8760,185,18459,6,932,175,6870,485,11091,181,17961,California
Lake,2021-03-26,68,28219,33,8793,34,18493,1,933,32,6867,36,11127,33,17994,California
Lake,2021-03-27,309,28528,7,8800,299,18792,3,936,17,6597,290,11417,20,18014,California
Lake,2021-03-28,17,28545,8,8808,9,18801,0,936,11,6602,6,11423,11,18025,California
Lake,2021-03-29,899,29444,268,9076,629,19430,2,938,193,6093,704,12127,195,18220,California
Lake,2021-03-30,452,29896,303,9379,147,19577,2,940,366,6376,85,12212,368,18588,California
Lake,2021-03-31,582,30478,60,9439,522,20099,0,940,407,6616,167,12379,407,18995,California
Lake,2021-04-01,424,30902,219,9658,193,20292,12,952,179,6565,242,12621,191,19186,California
Lake,2021-04-02,221,31123,41,9699,152,20444,28,980,96,6564,125,12746,124,19310,California
Lake,2021-04-03,32,31155,6,9705,23,20467,3,983,13,6561,19,12765,16,19326,California
Lake,2021-04-04,20,31175,11,9716,7,20474,2,985,15,6573,5,12770,17,19343,California
Lake,2021-04-05,638,31813,70,9786,549,21023,19,1004,399,6754,236,13006,417,19760,California
Lake,2021-04-06,475,32288,16,9802,433,21456,26,1030,302,6910,172,13178,328,20088,California
Lake,2021-04-07,517,32805,56,9858,410,21866,51,1081,349,7144,166,13344,400,20488,California
Lake,2021-04-08,597,33402,486,10344,45,21911,66,1147,102,6820,492,13836,168,20656,California
Lake,2021-04-09,281,33683,39,10383,173,22084,69,1216,47,6705,231,14067,116,20772,California
Lake,2021-04-10,251,33934,14,10397,13,22097,224,1440,9,6696,242,14309,233,21005,California
Lake,2021-04-11,22,33956,17,10414,3,22100,2,1442,7,6690,15,14324,9,21014,California
Lake,2021-04-12,1069,35025,232,10646,804,22904,33,1475,248,6151,820,15144,281,21295,California
Lake,2021-04-13,179,35204,109,10755,70,22974,0,1475,53,6078,126,15270,53,21348,California
Lake,2021-04-14,613,35817,38,10793,575,23549,0,1475,548,6562,64,15334,548,21896,California
Lake,2021-04-15,640,36457,192,10985,448,23997,0,1475,331,6584,309,15643,331,22227,California
Lake,2021-04-16,263,36720,29,11014,233,24230,1,1476,73,6469,189,15832,74,22301,California
Lake,2021-04-17,41,36761,12,11026,29,24259,0,1476,31,6490,10,15842,31,22332,California
Lake,2021-04-18,8,36769,5,11031,3,24262,0,1476,0,6482,8,15850,0,22332,California
Lake,2021-04-19,295,37064,38,11069,257,24519,0,1476,245,6677,50,15900,245,22577,California
Lake,2021-04-20,692,37756,278,11347,414,24933,0,1476,113,6213,578,16478,114,22691,California
Lake,2021-04-21,532,38288,64,11411,468,25401,0,1476,204,6089,328,16806,204,22895,California
Lake,2021-04-22,461,38749,50,11461,411,25812,0,1476,314,6257,146,16952,314,23209,California
Lake,2021-04-23,113,38862,58,11519,55,25867,0,1476,67,6278,46,16998,67,23276,California
Lake,2021-04-24,53,38915,9,11528,44,25911,0,1476,39,6303,14,17012,39,23315,California
Lake,2021-04-25,35,38950,18,11546,17,25928,0,1476,23,6314,12,17024,23,23338,California
Lake,2021-04-26,286,39236,78,11624,207,26135,1,1477,83,6195,203,17227,84,23422,California
Lake,2021-04-27,244,39480,22,11646,204,26339,18,1495,83,6135,161,17388,101,23523,California
Lake,2021-04-28,507,39987,47,11693,445,26784,15,1510,117,5878,388,17776,131,23654,California
Lake,2021-04-29,212,40199,83,11776,113,26897,16,1526,115,5912,97,17873,131,23785,California
Lake,2021-04-30,289,40488,46,11822,212,27109,31,1557,150,5954,139,18012,181,23966,California
Lake,2021-05-01,47,40535,26,11848,19,27128,2,1559,32,5973,15,18027,34,24000,California
Lake,2021-05-02,18,40553,9,11857,8,27136,1,1560,9,5974,9,18036,10,24010,California
Lake,2021-05-03,409,40962,26,11883,348,27484,35,1595,63,5727,345,18381,98,24108,California
Lake,2021-05-04,405,41367,216,12099,141,27625,48,1643,125,5621,279,18660,173,24281,California
Lake,2021-05-05,631,41998,45,12144,574,28199,12,1655,89,5182,539,19199,100,24381,California
Lake,2021-05-06,141,42139,19,12163,93,28292,29,1684,72,5213,69,19268,100,24481,California
Lake,2021-05-07,164,42303,28,12191,116,28408,20,1704,103,5277,59,19327,123,24604,California
Lake,2021-05-08,43,42346,8,12199,35,28443,0,1704,36,5306,7,19334,36,24640,California
Lake,2021-05-09,17,42363,2,12201,10,28453,5,1709,10,5314,7,19341,15,24655,California
Lake,2021-05-10,244,42607,12,12213,205,28658,27,1736,59,5216,184,19525,86,24741,California
Lake,2021-05-11,193,42800,27,12240,151,28809,15,1751,117,5273,76,19601,133,24874,California
Lake,2021-05-12,542,43342,33,12273,490,29299,19,1770,57,4863,485,20086,75,24949,California
Lake,2021-05-13,304,43646,61,12334,232,29531,11,1781,71,4714,231,20317,82,25031,California
Lake,2021-05-14,258,43904,79,12413,161,29692,18,1799,160,4796,95,20412,177,25208,California
Lake,2021-05-15,41,43945,18,12431,20,29712,3,1802,25,4808,16,20428,28,25236,California
Lake,2021-05-16,10,43955,2,12433,6,29718,2,1804,5,4810,5,20433,7,25243,California
Lake,2021-05-17,274,44229,20,12453,247,29965,7,1811,58,4662,213,20646,65,25308,California
Lake,2021-05-18,160,44389,15,12468,139,30104,6,1817,107,4722,53,20699,113,25421,California
Lassen,2020-12-16,8,8,8,8,0,0,0,0,8,8,0,0,8,8,California
Lassen,2020-12-17,6,14,6,14,0,0,0,0,6,14,0,0,6,14,California
Lassen,2020-12-18,1,15,1,15,0,0,0,0,1,15,0,0,1,15,California
Lassen,2020-12-19,5,20,5,20,0,0,0,0,5,20,0,0,5,20,California
Lassen,2020-12-20,2,22,2,22,0,0,0,0,2,22,0,0,2,22,California
Lassen,2020-12-21,11,33,11,33,0,0,0,0,11,33,0,0,11,33,California
Lassen,2020-12-22,23,56,23,56,0,0,0,0,23,56,0,0,23,56,California
Lassen,2020-12-23,6,62,6,62,0,0,0,0,6,62,0,0,6,62,California
Lassen,2020-12-24,11,73,11,73,0,0,0,0,11,73,0,0,11,73,California
Lassen,2020-12-28,3,76,2,75,1,1,0,0,3,76,0,0,3,76,California
Lassen,2020-12-29,35,111,35,110,0,1,0,0,35,111,0,0,35,111,California
Lassen,2020-12-30,36,147,35,145,1,2,0,0,36,147,0,0,36,147,California
Lassen,2020-12-31,49,196,42,187,7,9,0,0,49,196,0,0,49,196,California
Lassen,2021-01-02,1,197,0,187,1,10,0,0,1,197,0,0,1,197,California
Lassen,2021-01-04,15,212,1,188,14,24,0,0,15,212,0,0,15,212,California
Lassen,2021-01-05,194,406,53,241,141,165,0,0,194,406,0,0,194,406,California
Lassen,2021-01-06,95,501,44,285,51,216,0,0,87,486,8,8,88,494,California
Lassen,2021-01-07,43,544,7,292,36,252,0,0,37,517,6,14,37,531,California
Lassen,2021-01-08,50,594,2,294,48,300,0,0,50,567,0,14,50,581,California
Lassen,2021-01-09,12,606,6,300,6,306,0,0,12,579,0,14,12,593,California
Lassen,2021-01-11,27,633,5,305,22,328,0,0,27,606,0,14,27,620,California
Lassen,2021-01-12,49,682,29,334,20,348,0,0,30,617,19,33,30,650,California
Lassen,2021-01-13,161,843,18,352,143,491,0,0,146,748,15,48,146,796,California
Lassen,2021-01-14,163,1006,18,370,145,636,0,0,151,887,12,60,151,947,California
Lassen,2021-01-15,33,1039,6,376,27,663,0,0,33,920,0,60,33,980,California
Lassen,2021-01-16,34,1073,33,409,1,664,0,0,34,954,0,60,34,1014,California
Lassen,2021-01-17,1,1074,0,409,1,665,0,0,1,955,0,60,1,1015,California
Lassen,2021-01-18,5,1079,2,411,3,668,0,0,4,958,1,61,4,1019,California
Lassen,2021-01-19,185,1264,36,447,149,817,0,0,157,1087,28,89,157,1176,California
Lassen,2021-01-20,188,1452,100,547,88,905,0,0,105,1124,68,157,105,1281,California
Lassen,2021-01-21,145,1597,93,640,52,957,0,0,121,1227,18,175,121,1402,California
Lassen,2021-01-22,31,1628,18,658,13,970,0,0,21,1238,10,185,21,1423,California
Lassen,2021-01-23,2,1630,0,658,2,972,0,0,2,1240,0,185,2,1425,California
Lassen,2021-01-24,1,1631,0,658,1,973,0,0,1,1241,0,185,1,1426,California
Lassen,2021-01-25,11,1642,0,658,11,984,0,0,11,1252,0,185,11,1437,California
Lassen,2021-01-26,126,1768,12,670,114,1098,0,0,122,1370,4,189,122,1559,California
Lassen,2021-01-27,87,1855,35,705,52,1150,0,0,69,1421,18,207,69,1628,California
Lassen,2021-01-28,85,1940,15,720,70,1220,0,0,84,1504,1,208,84,1712,California
Lassen,2021-01-29,23,1963,7,727,16,1236,0,0,22,1525,1,209,22,1734,California
Lassen,2021-02-01,62,2025,4,731,58,1294,0,0,36,1535,26,235,36,1770,California
Lassen,2021-02-02,177,2202,12,743,165,1459,0,0,44,1446,133,368,44,1814,California
Lassen,2021-02-03,96,2298,21,764,75,1534,0,0,51,1452,45,413,51,1865,California
Lassen,2021-02-04,112,2410,15,779,97,1631,0,0,63,1466,49,462,63,1928,California
Lassen,2021-02-05,65,2475,12,791,53,1684,0,0,23,1447,42,504,23,1951,California
Lassen,2021-02-06,69,2544,34,825,35,1719,0,0,36,1451,32,536,36,1987,California
Lassen,2021-02-07,2,2546,2,827,0,1719,0,0,2,1453,0,536,2,1989,California
Lassen,2021-02-08,44,2590,4,831,40,1759,0,0,18,1445,26,562,18,2007,California
Lassen,2021-02-09,129,2719,8,839,121,1880,0,0,50,1416,79,641,50,2057,California
Lassen,2021-02-10,184,2903,21,860,163,2043,0,0,76,1384,108,749,76,2133,California
Lassen,2021-02-11,184,3087,16,876,168,2211,0,0,80,1361,103,852,80,2213,California
Lassen,2021-02-12,42,3129,11,887,31,2242,0,0,14,1347,28,880,14,2227,California
Lassen,2021-02-13,12,3141,3,890,9,2251,0,0,10,1355,2,882,10,2237,California
Lassen,2021-02-14,13,3154,0,890,13,2264,0,0,12,1366,1,883,12,2249,California
Lassen,2021-02-15,21,3175,2,892,19,2283,0,0,17,1379,4,887,17,2266,California
Lassen,2021-02-16,192,3367,4,896,188,2471,0,0,31,1251,159,1046,31,2297,California
Lassen,2021-02-17,183,3550,94,990,89,2560,0,0,10,1088,173,1219,10,2307,California
Lassen,2021-02-18,80,3630,22,1012,58,2618,0,0,20,1048,60,1279,20,2327,California
Lassen,2021-02-19,82,3712,62,1074,20,2638,0,0,18,1002,64,1343,18,2345,California
Lassen,2021-02-20,8,3720,0,1074,8,2646,0,0,6,1006,2,1345,6,2351,California
Lassen,2021-02-21,22,3742,2,1076,20,2666,0,0,18,1020,4,1349,18,2369,California
Lassen,2021-02-22,24,3766,10,1086,14,2680,0,0,6,1008,18,1367,6,2375,California
Lassen,2021-02-23,153,3919,10,1096,143,2823,0,0,41,937,112,1479,41,2416,California
Lassen,2021-02-24,165,4084,16,1112,149,2972,0,0,107,987,57,1536,107,2523,California
Lassen,2021-02-25,158,4242,21,1133,137,3109,0,0,99,1027,59,1595,99,2622,California
Lassen,2021-02-26,73,4315,16,1149,57,3166,0,0,36,1026,37,1632,36,2658,California
Lassen,2021-02-27,8,4323,7,1156,1,3167,0,0,3,1024,5,1637,3,2661,California
Lassen,2021-02-28,6,4329,1,1157,5,3172,0,0,3,1024,3,1640,3,2664,California
Lassen,2021-03-01,42,4371,4,1161,38,3210,0,0,8,999,33,1673,8,2672,California
Lassen,2021-03-02,106,4477,8,1169,98,3308,0,0,80,1053,26,1699,80,2752,California
Lassen,2021-03-03,170,4647,12,1181,158,3466,0,0,113,1109,57,1756,113,2865,California
Lassen,2021-03-04,150,4797,17,1198,133,3599,0,0,100,1160,49,1805,100,2965,California
Lassen,2021-03-05,47,4844,7,1205,17,3616,23,23,11,1158,36,1841,34,2999,California
Lassen,2021-03-06,55,4899,4,1209,29,3645,22,45,5,1135,50,1891,27,3026,California
Lassen,2021-03-07,57,4956,2,1211,0,3645,55,100,2,1137,55,1946,57,3083,California
Lassen,2021-03-08,89,5045,2,1213,7,3652,80,180,3,1134,86,2032,83,3166,California
Lassen,2021-03-09,137,5182,11,1224,109,3761,17,197,88,1191,49,2081,106,3272,California
Lassen,2021-03-10,175,5357,10,1234,163,3924,2,199,79,1177,95,2176,81,3353,California
Lassen,2021-03-11,185,5542,16,1250,162,4086,7,206,113,1228,69,2245,120,3473,California
Lassen,2021-03-12,35,5577,18,1268,13,4099,4,210,12,1221,23,2268,16,3489,California
Lassen,2021-03-13,49,5626,0,1268,3,4102,46,256,1,1219,48,2316,46,3535,California
Lassen,2021-03-14,14,5640,2,1270,11,4113,1,257,2,1210,12,2328,3,3538,California
Lassen,2021-03-15,33,5673,2,1272,31,4144,0,257,16,1209,17,2345,16,3554,California
Lassen,2021-03-16,93,5766,2,1274,85,4229,6,263,74,1270,19,2364,80,3634,California
Lassen,2021-03-17,1083,6849,9,1283,1069,5298,5,268,1064,2320,19,2383,1069,4703,California
Lassen,2021-03-18,95,6944,9,1292,85,5383,1,269,81,2388,14,2397,82,4785,California
Lassen,2021-03-19,17,6961,11,1303,2,5385,4,273,7,2389,10,2407,11,4796,California
Lassen,2021-03-20,29,6990,3,1306,23,5408,3,276,22,2407,7,2414,25,4821,California
Lassen,2021-03-21,34,7024,0,1306,34,5442,0,276,14,2402,19,2433,14,4835,California
Lassen,2021-03-22,57,7081,1,1307,56,5498,0,276,54,2453,3,2436,54,4889,California
Lassen,2021-03-23,119,7200,11,1318,107,5605,1,277,67,2469,52,2488,68,4957,California
Lassen,2021-03-24,213,7413,13,1331,199,5804,1,278,107,2472,105,2593,108,5065,California
Lassen,2021-03-25,153,7566,22,1353,131,5935,0,278,70,2459,83,2676,70,5135,California
Lassen,2021-03-26,78,7644,13,1366,26,5961,39,317,19,2458,58,2734,57,5192,California
Lassen,2021-03-27,20,7664,4,1370,1,5962,15,332,3,2459,17,2751,18,5210,California
Lassen,2021-03-28,18,7682,3,1373,5,5967,10,342,3,2457,15,2766,13,5223,California
Lassen,2021-03-29,52,7734,0,1373,27,5994,25,367,20,2471,31,2797,45,5268,California
Lassen,2021-03-30,198,7932,10,1383,163,6157,25,392,51,2400,147,2944,76,5344,California
Lassen,2021-03-31,146,8078,12,1395,112,6269,22,414,62,2400,84,3028,84,5428,California
Lassen,2021-04-01,165,8243,15,1410,131,6400,19,433,48,2351,116,3144,67,5495,California
Lassen,2021-04-02,29,8272,4,1414,3,6403,22,455,2,2348,27,3171,24,5519,California
Lassen,2021-04-03,12,8284,0,1414,2,6405,10,465,0,2346,12,3183,10,5529,California
Lassen,2021-04-04,7,8291,2,1416,0,6405,5,470,1,2346,6,3189,6,5535,California
Lassen,2021-04-05,22,8313,4,1420,11,6416,7,477,11,2353,11,3200,18,5553,California
Lassen,2021-04-06,184,8497,9,1429,145,6561,30,507,53,2305,131,3331,83,5636,California
Lassen,2021-04-07,135,8632,6,1435,92,6653,37,544,32,2273,103,3434,71,5707,California
Lassen,2021-04-08,168,8800,9,1444,103,6756,56,600,32,2229,132,3566,88,5795,California
Lassen,2021-04-09,52,8852,6,1450,11,6767,35,635,9,2230,42,3608,43,5838,California
Lassen,2021-04-10,9,8861,0,1450,2,6769,7,642,0,2229,8,3616,7,5845,California
Lassen,2021-04-11,5,8866,2,1452,0,6769,3,645,2,2231,3,3619,5,5850,California
Lassen,2021-04-12,30,8896,2,1454,15,6784,13,658,2,2218,28,3647,15,5865,California
Lassen,2021-04-13,129,9025,6,1460,123,6907,0,658,40,2170,88,3735,40,5905,California
Lassen,2021-04-14,987,10012,16,1476,971,7878,0,658,51,1286,935,4670,51,5956,California
Lassen,2021-04-15,147,10159,14,1490,133,8011,0,658,19,1177,128,4798,19,5975,California
Lassen,2021-04-16,11,10170,4,1494,7,8018,0,658,5,1176,6,4804,5,5980,California
Lassen,2021-04-17,23,10193,2,1496,21,8039,0,658,3,1159,20,4824,3,5983,California
Lassen,2021-04-18,5,10198,2,1498,3,8042,0,658,2,1158,3,4827,2,5985,California
Lassen,2021-04-19,33,10231,0,1498,33,8075,0,658,17,1159,16,4843,17,6002,California
Lassen,2021-04-20,138,10369,7,1505,131,8206,0,658,52,1125,86,4929,52,6054,California
Lassen,2021-04-21,163,10532,10,1515,153,8359,0,658,32,1028,129,5058,32,6086,California
Lassen,2021-04-22,102,10634,16,1531,86,8445,0,658,33,992,69,5127,33,6119,California
Lassen,2021-04-23,28,10662,3,1534,25,8470,0,658,22,1008,6,5133,22,6141,California
Lassen,2021-04-24,10,10672,6,1540,4,8474,0,658,4,1006,6,5139,4,6145,California
Lassen,2021-04-25,5,10677,0,1540,4,8478,1,659,3,1008,2,5141,4,6149,California
Lassen,2021-04-26,42,10719,1,1541,37,8515,4,663,9,988,33,5174,13,6162,California
Lassen,2021-04-27,122,10841,10,1551,109,8624,3,666,70,1009,52,5226,73,6235,California
Lassen,2021-04-28,84,10925,8,1559,74,8698,2,668,31,989,53,5279,33,6268,California
Lassen,2021-04-29,67,10992,7,1566,57,8755,3,671,22,970,44,5323,25,6293,California
Lassen,2021-04-30,11,11003,7,1573,1,8756,3,674,3,968,8,5331,6,6299,California
Lassen,2021-05-01,4,11007,0,1573,3,8759,1,675,3,971,1,5332,4,6303,California
Lassen,2021-05-02,12,11019,8,1581,4,8763,0,675,8,975,4,5336,8,6311,California
Lassen,2021-05-03,19,11038,1,1582,11,8774,7,682,4,971,15,5351,11,6322,California
Lassen,2021-05-04,72,11110,4,1586,60,8834,8,690,20,947,52,5403,28,6350,California
Lassen,2021-05-05,81,11191,4,1590,67,8901,10,700,26,929,54,5457,36,6386,California
Lassen,2021-05-06,84,11275,21,1611,41,8942,22,722,24,915,60,5517,46,6432,California
Lassen,2021-05-07,47,11322,32,1643,10,8952,5,727,39,951,8,5525,44,6476,California
Lassen,2021-05-08,11,11333,0,1643,5,8957,6,733,4,954,7,5532,10,6486,California
Lassen,2021-05-09,3,11336,1,1644,0,8957,2,735,0,953,3,5535,2,6488,California
Lassen,2021-05-10,13,11349,1,1645,9,8966,3,738,7,957,6,5541,10,6498,California
Lassen,2021-05-11,71,11420,1,1646,61,9027,9,747,20,935,51,5592,29,6527,California
Lassen,2021-05-12,41,11461,4,1650,32,9059,5,752,12,923,29,5621,17,6544,California
Lassen,2021-05-13,37,11498,12,1662,20,9079,5,757,14,919,23,5644,19,6563,California
Lassen,2021-05-14,18,11516,3,1665,8,9087,7,764,8,924,10,5654,15,6578,California
Lassen,2021-05-15,22,11538,7,1672,5,9092,10,774,6,925,15,5669,16,6594,California
Lassen,2021-05-16,4,11542,0,1672,2,9094,2,776,0,924,3,5672,2,6596,California
Lassen,2021-05-17,28,11570,4,1676,16,9110,8,784,8,920,20,5692,16,6612,California
Lassen,2021-05-18,54,11624,7,1683,38,9148,9,793,16,907,38,5730,25,6637,California
Los Angeles,2020-12-15,393,393,393,393,0,0,0,0,393,393,0,0,393,393,California
Los Angeles,2020-12-16,3366,3759,3366,3759,0,0,0,0,3366,3759,0,0,3366,3759,California
Los Angeles,2020-12-17,10240,13999,10240,13999,0,0,0,0,10241,14000,0,0,10241,14000,California
Los Angeles,2020-12-18,14528,28527,14505,28504,23,23,0,0,14528,28528,0,0,14528,28528,California
Los Angeles,2020-12-19,7230,35757,7222,35726,8,31,0,0,7231,35759,0,0,7231,35759,California
Los Angeles,2020-12-20,4599,40356,4591,40317,8,39,0,0,4601,40360,0,0,4601,40360,California
Los Angeles,2020-12-21,13705,54061,13690,54007,15,54,0,0,13705,54064,1,1,13705,54065,California
Los Angeles,2020-12-22,11534,65595,11152,65159,382,436,0,0,11535,65598,1,2,11535,65600,California
Los Angeles,2020-12-23,11899,77494,10142,75301,1757,2193,0,0,11900,77498,0,2,11900,77500,California
Los Angeles,2020-12-24,7024,84518,4257,79558,2767,4960,0,0,7027,84525,0,2,7027,84527,California
Los Angeles,2020-12-25,525,85043,419,79977,106,5066,0,0,525,85050,0,2,525,85052,California
Los Angeles,2020-12-26,2530,87573,2182,82159,348,5414,0,0,2530,87579,1,3,2530,87582,California
Los Angeles,2020-12-27,1763,89336,1028,83187,735,6149,0,0,1763,89342,0,3,1763,89345,California
Los Angeles,2020-12-28,10299,99635,6389,89576,3910,10059,0,0,10297,99638,1,4,10297,99642,California
Los Angeles,2020-12-29,11606,111241,6083,95659,5523,15582,0,0,11608,111246,0,4,11608,111250,California
Los Angeles,2020-12-30,14878,126119,8092,103751,6786,22368,0,0,14877,126123,0,4,14877,126127,California
Los Angeles,2020-12-31,7946,134065,2758,106509,5188,27556,0,0,7943,134064,2,6,7943,134070,California
Los Angeles,2021-01-01,1010,135075,275,106784,735,28291,0,0,1010,135074,0,6,1010,135080,California
Los Angeles,2021-01-02,4475,139550,1663,108447,2812,31103,0,0,4475,139549,0,6,4475,139555,California
Los Angeles,2021-01-03,953,140503,218,108665,735,31838,0,0,952,140500,1,7,952,140507,California
Los Angeles,2021-01-04,12726,153229,4893,113558,7833,39671,0,0,12711,153208,3,10,12711,153218,California
Los Angeles,2021-01-05,16067,169296,7097,120655,8970,48641,0,0,14163,165497,1878,1888,14167,167385,California
Los Angeles,2021-01-06,22702,191998,12086,132741,10616,59257,0,0,17104,177079,5530,7418,17112,184497,California
Los Angeles,2021-01-07,29400,221398,15827,148568,13573,72830,0,0,18878,185497,10475,17893,18893,203390,California
Los Angeles,2021-01-08,33150,254548,17916,166484,15234,88064,0,0,20916,194214,12208,30101,20925,224315,California
Los Angeles,2021-01-09,12384,266932,7088,173572,5296,93360,0,0,7510,196858,4872,34973,7516,231831,California
Los Angeles,2021-01-10,4686,271618,3636,177208,1050,94410,0,0,1953,196079,2733,37706,1954,233785,California
Los Angeles,2021-01-11,25831,297449,16269,193477,9562,103972,0,0,14882,200032,10938,48644,14891,248676,California
Los Angeles,2021-01-12,29267,326716,16104,209581,13163,117135,0,0,19124,209043,10125,58769,19136,267812,California
Los Angeles,2021-01-13,29292,356008,15649,225230,13643,130778,0,0,20342,220457,8933,67702,20347,288159,California
Los Angeles,2021-01-14,29313,385321,12760,237990,16553,147331,0,0,23795,238764,5498,73200,23805,311964,California
Los Angeles,2021-01-15,33850,419171,12382,250372,21468,168799,0,0,30271,265489,3554,76754,30279,342243,California
Los Angeles,2021-01-16,17575,436746,4972,255344,12603,181402,0,0,15797,279520,1770,78524,15801,358044,California
Los Angeles,2021-01-17,5199,441945,2315,257659,2884,184286,0,0,4952,284228,246,78770,4954,362998,California
Los Angeles,2021-01-18,15603,457548,10074,267733,5529,189815,0,0,10895,290430,4695,83465,10897,373895,California
Los Angeles,2021-01-19,38533,496081,20631,288364,17902,207717,0,0,30727,313403,7765,91230,30738,404633,California
Los Angeles,2021-01-20,45885,541966,24006,312370,21879,229596,0,0,38388,344334,7467,98697,38398,443031,California
Los Angeles,2021-01-21,48787,590753,22493,334863,26294,255890,0,0,44507,384639,4216,102913,44521,487552,California
Los Angeles,2021-01-22,48034,638787,22309,357172,25725,281615,0,0,44597,425854,3392,106305,44607,532159,California
Los Angeles,2021-01-23,34006,672793,15726,372898,18280,299895,0,0,31950,455793,2023,108328,31962,564121,California
Los Angeles,2021-01-24,15752,688545,12224,385122,3528,303423,0,0,15204,470458,540,108868,15205,579326,California
Los Angeles,2021-01-25,38957,727502,16615,401737,22342,325765,0,0,30340,492226,8588,117456,30356,609682,California
Los Angeles,2021-01-26,49366,776868,24534,426271,24832,350597,0,0,41152,525219,8179,125635,41172,650854,California
Los Angeles,2021-01-27,48625,825493,25871,452142,22754,373351,0,0,39363,555479,9124,134759,39384,690238,California
Los Angeles,2021-01-28,48710,874203,23176,475318,25534,398885,0,0,40267,587440,8320,143079,40281,730519,California
Los Angeles,2021-01-29,49329,923532,25439,500757,23890,422775,0,0,39251,616984,9723,152802,39267,769786,California
Los Angeles,2021-01-30,30041,953573,15434,516191,14607,437382,0,0,25883,638790,4081,156883,25887,795673,California
Los Angeles,2021-01-31,13044,966617,10399,526590,2645,440027,0,0,12109,649982,921,157804,12113,807786,California
Los Angeles,2021-02-01,38311,1004928,16328,542918,21983,462010,0,0,27954,667623,10323,168127,27964,835750,California
Los Angeles,2021-02-02,44412,1049340,17929,560847,26483,488493,0,0,32189,687637,12179,180306,32193,867943,California
Los Angeles,2021-02-03,52215,1101555,19615,580462,32600,521093,0,0,37291,710253,14681,194987,37297,905240,California
Los Angeles,2021-02-04,57269,1158824,20756,601218,36513,557606,0,0,39110,731525,17852,212839,39124,944364,California
Los Angeles,2021-02-05,61358,1220182,21151,622369,40207,597813,0,0,39386,749366,21554,234393,39395,983759,California
Los Angeles,2021-02-06,35598,1255780,13372,635741,22226,620039,0,0,27141,768149,8380,242773,27163,1010922,California
Los Angeles,2021-02-07,10877,1266657,8450,644191,2427,622466,0,0,8470,774234,2392,245165,8477,1019399,California
Los Angeles,2021-02-08,46838,1313495,21587,665778,25251,647717,0,0,30633,788800,16069,261234,30635,1050034,California
Los Angeles,2021-02-09,55873,1369368,24638,690416,31235,678952,0,0,28396,789803,27400,288634,28403,1078437,California
Los Angeles,2021-02-10,66991,1436359,29465,719881,37526,716478,0,0,30848,784900,35762,324396,30859,1109296,California
Los Angeles,2021-02-11,58289,1494648,31138,751019,27151,743629,0,0,28202,783462,29644,354040,28206,1137502,California
Los Angeles,2021-02-12,59687,1554335,29924,780943,29763,773392,0,0,26015,776166,33327,387367,26031,1163533,California
Los Angeles,2021-02-13,33857,1588192,19667,800610,14190,787582,0,0,15507,773447,18264,405631,15545,1179078,California
Los Angeles,2021-02-14,21930,1610122,15009,815619,6921,794503,0,0,8808,769197,13061,418692,8811,1187889,California
Los Angeles,2021-02-15,32806,1642928,15945,831564,16861,811364,0,0,18034,772530,14707,433399,18040,1205929,California
Los Angeles,2021-02-16,64264,1707192,32638,864202,31626,842990,0,0,30016,768403,34155,467554,30028,1235957,California
Los Angeles,2021-02-17,64855,1772047,34544,898746,30311,873301,0,0,26600,756932,38077,505631,26606,1262563,California
Los Angeles,2021-02-18,68568,1840615,34834,933580,33734,907035,0,0,28691,745946,39688,545319,28702,1291265,California
Los Angeles,2021-02-19,58300,1898915,36013,969593,22287,929322,0,0,28626,745015,29572,574891,28641,1319906,California
Los Angeles,2021-02-20,32910,1931825,23964,993557,8946,938268,0,0,15847,743860,17010,591901,15855,1335761,California
Los Angeles,2021-02-21,22030,1953855,20367,1013924,1663,939931,0,0,11081,744051,10893,602794,11084,1346845,California
Los Angeles,2021-02-22,34569,1988424,25195,1039119,9374,949305,0,0,17900,745367,16595,619389,17911,1364756,California
Los Angeles,2021-02-23,54817,2043241,23684,1062803,31133,980438,0,0,21706,734086,32998,652387,21717,1386473,California
Los Angeles,2021-02-24,64975,2108216,28930,1091733,36045,1016483,0,0,28575,726454,36225,688612,28593,1415066,California
Los Angeles,2021-02-25,74092,2182308,33912,1125645,40180,1056663,0,0,39008,730555,34921,723533,39022,1454088,California
Los Angeles,2021-02-26,83710,2266018,38785,1164430,44925,1101588,0,0,48090,743304,35372,758905,48121,1502209,California
Los Angeles,2021-02-27,60131,2326149,26405,1190835,33722,1135310,4,4,30964,745278,29017,787922,30991,1533200,California
Los Angeles,2021-02-28,26971,2353120,18638,1209473,8330,1143640,3,7,18917,756273,7931,795853,18926,1552126,California
Los Angeles,2021-03-01,56769,2409889,32250,1241723,24495,1168135,24,31,34164,768039,22437,818290,34203,1586329,California
Los Angeles,2021-03-02,77417,2487306,37609,1279332,39806,1207941,2,33,48934,788630,28356,846646,48947,1635276,California
Los Angeles,2021-03-03,84430,2571736,43038,1322370,41380,1249321,12,45,53415,811229,30850,877496,53449,1688725,California
Los Angeles,2021-03-04,90659,2662395,46600,1368970,44047,1293368,12,57,57228,835236,33251,910747,57258,1745983,California
Los Angeles,2021-03-05,89831,2752226,44353,1413323,45449,1338817,29,86,60254,866163,29389,940136,60316,1806299,California
Los Angeles,2021-03-06,67243,2819469,34269,1447592,31156,1369973,1818,1904,43371,887634,23721,963857,45192,1851491,California
Los Angeles,2021-03-07,26769,2846238,20349,1467941,5612,1375585,808,2712,20647,902991,6093,969950,21450,1872941,California
Los Angeles,2021-03-08,51567,2897805,26756,1494697,22862,1398447,1949,4661,38769,931016,12690,982640,40715,1913656,California
Los Angeles,2021-03-09,69175,2966980,26610,1521307,39288,1437735,3277,7938,41342,947948,27678,1010318,44610,1958266,California
Los Angeles,2021-03-10,79525,3046505,37436,1558743,37219,1474954,4870,12808,49793,973013,29561,1039879,54626,2012892,California
Los Angeles,2021-03-11,92482,3138987,45059,1603802,40744,1515698,6679,19487,54146,995645,38150,1078029,60782,2073674,California
Los Angeles,2021-03-12,97522,3236509,43347,1647149,40337,1556035,13838,33325,56746,1025598,40580,1118609,70533,2144207,California
Los Angeles,2021-03-13,74090,3310599,34497,1681646,27689,1583724,11904,45229,43958,1051398,30016,1148625,55816,2200023,California
Los Angeles,2021-03-14,38129,3348728,25437,1707083,10227,1593951,2465,47694,23355,1062488,14709,1163334,25799,2225822,California
Los Angeles,2021-03-15,73689,3422417,35588,1742671,32765,1626716,5336,53030,44616,1083543,28874,1192208,49929,2275751,California
Los Angeles,2021-03-16,98565,3520982,42693,1785364,50103,1676819,5769,58799,63914,1118728,34459,1226667,69644,2345395,California
Los Angeles,2021-03-17,95863,3616845,43051,1828415,44597,1721416,8215,67014,64258,1159667,31406,1258073,72345,2417740,California
Los Angeles,2021-03-18,100273,3717118,47468,1875883,47596,1769012,5209,72223,63851,1192568,36145,1294218,69046,2486786,California
Los Angeles,2021-03-19,106888,3824006,55203,1931086,47005,1816017,4680,76903,66381,1223344,40235,1334453,71011,2557797,California
Los Angeles,2021-03-20,75170,3899176,36640,1967726,34013,1850030,4517,81420,51264,1255393,23715,1358168,55764,2613561,California
Los Angeles,2021-03-21,33614,3932790,24810,1992536,7959,1857989,845,82265,21743,1266228,11753,1369921,22588,2636149,California
Los Angeles,2021-03-22,69629,4002419,40644,2033180,26984,1884973,2001,84266,49038,1296926,20338,1390259,51036,2687185,California
Los Angeles,2021-03-23,95012,4097431,50963,2084143,40982,1925955,3067,87333,58072,1321361,36689,1426948,61124,2748309,California
Los Angeles,2021-03-24,103669,4201100,54802,2138945,45910,1971865,2957,90290,60482,1341910,42879,1469827,63428,2811737,California
Los Angeles,2021-03-25,109013,4310113,58058,2197003,47262,2019127,3693,93983,61824,1360498,46911,1516738,65499,2877236,California
Los Angeles,2021-03-26,113203,4423316,61515,2258518,47584,2066711,4104,98087,63004,1377651,49934,1566672,67087,2944323,California
Los Angeles,2021-03-27,82146,4505462,43047,2301565,36968,2103679,2131,100218,42308,1382505,39594,1606266,44448,2988771,California
Los Angeles,2021-03-28,40957,4546419,27400,2328965,12974,2116653,583,100801,20088,1382438,20736,1627002,20669,3009440,California
Los Angeles,2021-03-29,81751,4628170,46162,2375127,33988,2150641,1601,102402,46723,1395920,34837,1661839,48319,3057759,California
Los Angeles,2021-03-30,107175,4735345,50556,2425683,50857,2201498,5762,108164,65530,1425764,41424,1703263,71268,3129027,California
Los Angeles,2021-03-31,120448,4855793,60412,2486095,51495,2252993,8541,116705,70340,1454787,49829,1753092,78852,3207879,California
Los Angeles,2021-04-01,131114,4986907,61143,2547238,55094,2308087,14877,131582,71351,1481513,59476,1812568,86202,3294081,California
Los Angeles,2021-04-02,129318,5116225,57120,2604358,57260,2365347,14938,146520,69288,1506067,59713,1872281,84267,3378348,California
Los Angeles,2021-04-03,96760,5212985,44061,2648419,39613,2404960,13086,159606,48280,1519114,48306,1920587,61353,3439701,California
Los Angeles,2021-04-04,39099,5252084,20449,2668868,12038,2416998,6612,166218,16781,1520238,22246,1942833,23370,3463071,California
Los Angeles,2021-04-05,93445,5345529,44199,2713067,39085,2456083,10161,176379,44964,1527026,48289,1991122,55077,3518148,California
Los Angeles,2021-04-06,120398,5465927,56671,2769738,43550,2499633,20177,196556,55952,1538840,64214,2055336,76028,3594176,California
Los Angeles,2021-04-07,119177,5585104,54228,2823966,44011,2543644,20938,217494,54444,1549613,64494,2119830,75267,3669443,California
Los Angeles,2021-04-08,131625,5716729,57981,2881947,49722,2593366,23922,241416,59971,1561984,71387,2191217,83758,3753201,California
Los Angeles,2021-04-09,130293,5847022,56377,2938324,50120,2643486,23796,265212,56493,1568616,73519,2264736,80151,3833352,California
Los Angeles,2021-04-10,100716,5947738,42749,2981073,34064,2677550,23903,289115,37341,1566591,63155,2327891,61130,3894482,California
Los Angeles,2021-04-11,41620,5989358,22497,3003570,9603,2687153,9520,298635,14498,1563515,27045,2354936,23969,3918451,California
Los Angeles,2021-04-12,78514,6067872,38415,3041985,33829,2720982,6270,304905,32654,1556724,45661,2400597,38870,3957321,California
Los Angeles,2021-04-13,116791,6184663,58770,3100755,57599,2778581,422,305327,61832,1564245,54739,2455336,62260,4019581,California
Los Angeles,2021-04-14,118321,6302984,59294,3160049,58898,2837479,129,305456,64397,1575097,53671,2509007,64523,4084104,California
Los Angeles,2021-04-15,129306,6432290,69908,3229957,59227,2896706,171,305627,74176,1594435,54872,2563879,74210,4158314,California
Los Angeles,2021-04-16,129641,6561931,68606,3298563,60895,2957601,140,305767,68683,1602498,60694,2624573,68757,4227071,California
Los Angeles,2021-04-17,97894,6659825,51248,3349811,46621,3004222,25,305792,56028,1616883,41665,2666238,56050,4283121,California
Los Angeles,2021-04-18,33800,6693625,22408,3372219,11391,3015613,1,305793,18658,1620478,15069,2681307,18664,4301785,California
Los Angeles,2021-04-19,74568,6768193,39569,3411788,34989,3050602,10,305803,33377,1612851,41023,2722330,33396,4335181,California
Los Angeles,2021-04-20,101388,6869581,49793,3461581,51576,3102178,19,305822,50428,1612564,50735,2773065,50448,4385629,California
Los Angeles,2021-04-21,108915,6978496,52498,3514079,56228,3158406,189,306011,48505,1601156,60104,2833169,48696,4434325,California
Los Angeles,2021-04-22,114493,7092989,59056,3573135,55403,3213809,34,306045,50298,1587595,63898,2897067,50337,4484662,California
Los Angeles,2021-04-23,113348,7206337,62193,3635328,51137,3264946,18,306063,53991,1582536,59068,2956135,54009,4538671,California
Los Angeles,2021-04-24,87587,7293924,56307,3691635,31254,3296200,26,306089,48842,1592884,38527,2994662,48875,4587546,California
Los Angeles,2021-04-25,37778,7331702,25107,3716742,12666,3308866,5,306094,20416,1596035,17270,3011932,20421,4607967,California
Los Angeles,2021-04-26,69027,7400729,37122,3753864,31457,3340323,448,306542,34025,1595689,34813,3046745,34467,4642434,California
Los Angeles,2021-04-27,86073,7486802,41692,3795556,42693,3383016,1688,308230,32863,1577267,52964,3099709,34542,4676976,California
Los Angeles,2021-04-28,84352,7571154,40779,3836335,41551,3424567,2022,310252,32885,1560965,51201,3150910,34899,4711875,California
Los Angeles,2021-04-29,90638,7661792,45316,3881651,43203,3467770,2119,312371,32114,1537010,58189,3209099,34234,4746109,California
Los Angeles,2021-04-30,98625,7760417,49068,3930719,47169,3514939,2388,314759,35807,1512734,62459,3271558,38183,4784292,California
Los Angeles,2021-05-01,74761,7835178,42101,3972820,31167,3546106,1493,316252,28306,1496303,46225,3317783,29794,4814086,California
Los Angeles,2021-05-02,27908,7863086,17900,3990720,9276,3555382,732,316984,10090,1489414,17709,3335492,10820,4824906,California
Los Angeles,2021-05-03,60302,7923388,29647,4020367,28498,3583880,2157,319141,21216,1473909,38865,3374357,23360,4848266,California
Los Angeles,2021-05-04,84957,8008345,46844,4067211,35909,3619789,2204,321345,25959,1443348,58710,3433067,28149,4876415,California
Los Angeles,2021-05-05,87828,8096173,51292,4118503,34211,3654000,2325,323670,23941,1406016,63589,3496656,26257,4902672,California
Los Angeles,2021-05-06,95310,8191483,57611,4176114,35243,3689243,2456,326126,22658,1358832,72283,3568939,25099,4927771,California
Los Angeles,2021-05-07,94552,8286035,56369,4232483,35856,3725099,2327,328453,25638,1318192,68586,3637525,27946,4955717,California
Los Angeles,2021-05-08,63172,8349207,41667,4274150,19895,3744994,1610,330063,17059,1291203,45649,3683174,18660,4974377,California
Los Angeles,2021-05-09,23707,8372914,17893,4292043,5084,3750078,730,330793,6057,1280546,17440,3700614,6783,4981160,California
Los Angeles,2021-05-10,47928,8420842,25253,4317296,20848,3770926,1827,332620,14342,1263426,33281,3733895,16161,4997321,California
Los Angeles,2021-05-11,66339,8487181,35677,4352973,28694,3799620,1968,334588,16882,1233035,49221,3783116,18830,5016151,California
Los Angeles,2021-05-12,65689,8552870,35687,4388660,28066,3827686,1936,336524,18498,1206543,46908,3830024,20416,5036567,California
Los Angeles,2021-05-13,67756,8620626,41162,4429822,25127,3852813,1467,337991,23926,1188430,43497,3873521,25384,5061951,California
Los Angeles,2021-05-14,85222,8705848,54360,4484182,29136,3881949,1726,339717,32284,1169783,52645,3926166,33998,5095949,California
Los Angeles,2021-05-15,71300,8777148,50143,4534325,19880,3901829,1277,340994,27577,1155142,43489,3969655,28848,5124797,California
Los Angeles,2021-05-16,18343,8795491,15399,4549724,2537,3904366,407,341401,7030,1151323,11253,3980908,7434,5132231,California
Los Angeles,2021-05-17,53230,8848721,33660,4583384,18023,3922389,1547,342948,21299,1142394,31758,4012666,22829,5155060,California
Los Angeles,2021-05-18,35186,8883907,22385,4605769,11729,3934118,1072,344020,12566,1133551,22474,4035140,13631,5168691,California
Madera,2020-12-16,22,22,22,22,0,0,0,0,22,22,0,0,22,22,California
Madera,2020-12-17,13,35,13,35,0,0,0,0,13,35,0,0,13,35,California
Madera,2020-12-18,60,95,60,95,0,0,0,0,60,95,0,0,60,95,California
Madera,2020-12-19,5,100,5,100,0,0,0,0,5,100,0,0,5,100,California
Madera,2020-12-20,14,114,14,114,0,0,0,0,14,114,0,0,14,114,California
Madera,2020-12-21,60,174,60,174,0,0,0,0,60,174,0,0,60,174,California
Madera,2020-12-22,98,272,96,270,2,2,0,0,98,272,0,0,98,272,California
Madera,2020-12-23,67,339,67,337,0,2,0,0,67,339,0,0,67,339,California
Madera,2020-12-24,45,384,40,377,5,7,0,0,45,384,0,0,45,384,California
Madera,2020-12-26,28,412,26,403,2,9,0,0,28,412,0,0,28,412,California
Madera,2020-12-27,30,442,12,415,18,27,0,0,30,442,0,0,30,442,California
Madera,2020-12-28,107,549,37,452,70,97,0,0,107,549,0,0,107,549,California
Madera,2020-12-29,175,724,40,492,135,232,0,0,175,724,0,0,175,724,California
Madera,2020-12-30,219,943,86,578,133,365,0,0,219,943,0,0,219,943,California
Madera,2020-12-31,200,1143,80,658,120,485,0,0,200,1143,0,0,200,1143,California
Madera,2021-01-01,1,1144,1,659,0,485,0,0,1,1144,0,0,1,1144,California
Madera,2021-01-02,89,1233,33,692,56,541,0,0,89,1233,0,0,89,1233,California
Madera,2021-01-03,5,1238,5,697,0,541,0,0,5,1238,0,0,5,1238,California
Madera,2021-01-04,129,1367,65,762,64,605,0,0,129,1367,0,0,129,1367,California
Madera,2021-01-05,279,1646,143,905,136,741,0,0,275,1638,4,4,275,1642,California
Madera,2021-01-06,184,1830,27,932,157,898,0,0,164,1782,20,24,164,1806,California
Madera,2021-01-07,396,2226,113,1045,283,1181,0,0,374,2134,22,46,374,2180,California
Madera,2021-01-08,418,2644,72,1117,346,1527,0,0,363,2444,54,100,364,2544,California
Madera,2021-01-09,37,2681,14,1131,23,1550,0,0,28,2463,9,109,28,2572,California
Madera,2021-01-10,17,2698,14,1145,3,1553,0,0,5,2456,12,121,5,2577,California
Madera,2021-01-11,237,2935,189,1334,48,1601,0,0,195,2609,42,163,195,2772,California
Madera,2021-01-12,391,3326,158,1492,233,1834,0,0,285,2788,106,269,285,3057,California
Madera,2021-01-13,185,3511,91,1583,94,1928,0,0,129,2862,56,325,130,3187,California
Madera,2021-01-14,554,4065,82,1665,472,2400,0,0,520,3348,34,359,520,3707,California
Madera,2021-01-15,599,4664,160,1825,439,2839,0,0,578,3905,21,380,578,4285,California
Madera,2021-01-16,382,5046,47,1872,335,3174,0,0,353,4229,29,409,353,4638,California
Madera,2021-01-17,335,5381,15,1887,320,3494,0,0,331,4556,4,413,331,4969,California
Madera,2021-01-18,77,5458,61,1948,16,3510,0,0,58,4596,18,431,58,5027,California
Madera,2021-01-19,575,6033,139,2087,436,3946,0,0,544,5110,31,462,545,5572,California
Madera,2021-01-20,235,6268,80,2167,155,4101,0,0,207,5290,27,489,207,5779,California
Madera,2021-01-21,238,6506,131,2298,107,4208,0,0,205,5464,31,520,205,5984,California
Madera,2021-01-22,257,6763,83,2381,174,4382,0,0,243,5693,14,534,243,6227,California
Madera,2021-01-23,100,6863,52,2433,48,4430,0,0,76,5745,24,558,76,6303,California
Madera,2021-01-24,101,6964,82,2515,19,4449,0,0,78,5800,23,581,78,6381,California
Madera,2021-01-25,257,7221,124,2639,133,4582,0,0,142,5827,115,696,142,6523,California
Madera,2021-01-26,483,7704,189,2828,294,4876,0,0,294,5934,188,884,295,6818,California
Madera,2021-01-27,737,8441,63,2891,674,5550,0,0,600,6399,137,1021,602,7420,California
Madera,2021-01-28,543,8984,107,2998,436,5986,0,0,440,6736,103,1124,440,7860,California
Madera,2021-01-29,467,9451,95,3093,372,6358,0,0,412,7093,55,1179,412,8272,California
Madera,2021-01-30,505,9956,16,3109,489,6847,0,0,451,7490,54,1233,451,8723,California
Madera,2021-01-31,9,9965,6,3115,3,6850,0,0,8,7497,1,1234,8,8731,California
Madera,2021-02-01,331,10296,147,3262,184,7034,0,0,206,7578,125,1359,206,8937,California
Madera,2021-02-02,253,10549,88,3350,165,7199,0,0,162,7652,89,1448,163,9100,California
Madera,2021-02-03,595,11144,461,3811,134,7333,0,0,474,8008,119,1567,475,9575,California
Madera,2021-02-04,390,11534,122,3933,268,7601,0,0,113,7846,276,1843,114,9689,California
Madera,2021-02-05,975,12509,297,4230,678,8279,0,0,369,7615,601,2444,370,10059,California
Madera,2021-02-06,359,12868,324,4554,35,8314,0,0,320,7897,38,2482,320,10379,California
Madera,2021-02-07,35,12903,7,4561,28,8342,0,0,30,7922,5,2487,30,10409,California
Madera,2021-02-08,384,13287,308,4869,76,8418,0,0,270,8079,113,2600,270,10679,California
Madera,2021-02-09,480,13767,119,4988,361,8779,0,0,198,7999,279,2879,199,10878,California
Madera,2021-02-10,431,14198,149,5137,282,9061,0,0,325,8218,106,2985,325,11203,California
Madera,2021-02-11,937,15135,307,5444,630,9691,0,0,407,8097,529,3514,408,11611,California
Madera,2021-02-12,843,15978,120,5564,723,10414,0,0,311,7885,526,4040,314,11925,California
Madera,2021-02-13,484,16462,43,5607,441,10855,0,0,138,7680,345,4385,140,12065,California
Madera,2021-02-14,399,16861,75,5682,324,11179,0,0,135,7552,264,4649,136,12201,California
Madera,2021-02-15,244,17105,98,5780,146,11325,0,0,175,7659,68,4717,175,12376,California
Madera,2021-02-16,774,17879,183,5963,591,11916,0,0,228,7344,544,5261,229,12605,California
Madera,2021-02-17,610,18489,274,6237,336,12252,0,0,340,7421,265,5526,342,12947,California
Madera,2021-02-18,1300,19789,541,6778,759,13011,0,0,1121,8364,179,5705,1122,14069,California
Madera,2021-02-19,860,20649,544,7322,316,13327,0,0,718,8941,142,5847,719,14788,California
Madera,2021-02-20,1071,21720,980,8302,91,13418,0,0,999,9870,71,5918,1000,15788,California
Madera,2021-02-21,962,22682,819,9121,143,13561,0,0,957,10822,5,5923,957,16745,California
Madera,2021-02-22,910,23592,834,9955,76,13637,0,0,855,11622,55,5978,855,17600,California
Madera,2021-02-23,774,24366,501,10456,273,13910,0,0,546,11943,225,6203,546,18146,California
Madera,2021-02-24,907,25273,299,10755,608,14518,0,0,378,11793,528,6731,378,18524,California
Madera,2021-02-25,1029,26302,316,11071,713,15231,0,0,598,11962,429,7160,598,19122,California
Madera,2021-02-26,1086,27388,197,11268,889,16120,0,0,710,12298,374,7534,710,19832,California
Madera,2021-02-27,893,28281,261,11529,632,16752,0,0,469,12349,421,7955,472,20304,California
Madera,2021-02-28,189,28470,29,11558,160,16912,0,0,183,12526,6,7961,183,20487,California
Madera,2021-03-01,375,28845,120,11678,255,17167,0,0,195,12543,178,8139,195,20682,California
Madera,2021-03-02,741,29586,349,12027,392,17559,0,0,628,13059,113,8252,629,21311,California
Madera,2021-03-03,1344,30930,718,12745,626,18185,0,0,942,13626,399,8651,966,22277,California
Madera,2021-03-04,1201,32131,527,13272,674,18859,0,0,956,14339,246,8897,959,23236,California
Madera,2021-03-05,1344,33475,421,13693,910,19769,13,13,1079,15179,263,9160,1103,24339,California
Madera,2021-03-06,810,34285,628,14321,150,19919,32,45,492,15387,317,9477,525,24864,California
Madera,2021-03-07,154,34439,28,14349,104,20023,22,67,104,15463,50,9527,126,24990,California
Madera,2021-03-08,597,35036,336,14685,202,20225,59,126,304,15535,293,9820,365,25355,California
Madera,2021-03-09,457,35493,160,14845,263,20488,34,160,279,15680,176,9996,321,25676,California
Madera,2021-03-10,1136,36629,511,15356,547,21035,78,238,707,16041,425,10421,786,26462,California
Madera,2021-03-11,1662,38291,845,16201,485,21520,332,570,749,16222,911,11332,1092,27554,California
Madera,2021-03-12,1528,39819,777,16978,596,22116,155,725,752,16380,774,12106,932,28486,California
Madera,2021-03-13,1814,41633,1270,18248,346,22462,198,923,747,16277,1064,13170,961,29447,California
Madera,2021-03-14,583,42216,448,18696,102,22564,33,956,293,16316,287,13457,326,29773,California
Madera,2021-03-15,739,42955,223,18919,469,23033,47,1003,515,16682,221,13678,587,30360,California
Madera,2021-03-16,827,43782,424,19343,356,23389,47,1050,639,17200,185,13863,703,31063,California
Madera,2021-03-17,1416,45198,932,20275,421,23810,63,1113,862,17669,546,14409,1015,32078,California
Madera,2021-03-18,1877,47075,651,20926,1166,24976,60,1173,908,17757,964,15373,1052,33130,California
Madera,2021-03-19,1523,48598,587,21513,852,25828,84,1257,981,18349,539,15912,1131,34261,California
Madera,2021-03-20,1132,49730,772,22285,309,26137,51,1308,570,18457,561,16473,669,34930,California
Madera,2021-03-21,1077,50807,876,23161,156,26293,45,1353,360,18149,714,17187,406,35336,California
Madera,2021-03-22,1360,52167,852,24013,440,26733,68,1421,686,18274,671,17858,796,36132,California
Madera,2021-03-23,1397,53564,839,24852,467,27200,91,1512,668,18388,727,18585,841,36973,California
Madera,2021-03-24,915,54479,476,25328,408,27608,31,1543,596,18702,317,18902,631,37604,California
Madera,2021-03-25,1128,55607,492,25820,612,28220,24,1567,631,18883,487,19389,668,38272,California
Madera,2021-03-26,1441,57048,512,26332,797,29017,132,1699,667,18915,770,20159,802,39074,California
Madera,2021-03-27,831,57879,530,26862,279,29296,22,1721,366,18843,461,20620,389,39463,California
Madera,2021-03-28,420,58299,137,26999,222,29518,61,1782,229,18996,190,20810,343,39806,California
Madera,2021-03-29,681,58980,179,27178,475,29993,27,1809,489,19328,188,20998,520,40326,California
Madera,2021-03-30,1019,59999,562,27740,425,30418,32,1841,555,19455,461,21459,588,40914,California
Madera,2021-03-31,1325,61324,488,28228,702,31120,135,1976,445,19165,874,22333,584,41498,California
Madera,2021-04-01,1255,62579,541,28769,662,31782,52,2028,441,18850,808,23141,493,41991,California
Madera,2021-04-02,1543,64122,409,29178,1075,32857,59,2087,473,18326,1059,24200,535,42526,California
Madera,2021-04-03,885,65007,689,29867,176,33033,20,2107,384,18241,499,24699,414,42940,California
Madera,2021-04-04,187,65194,65,29932,120,33153,2,2109,88,18232,99,24798,90,43030,California
Madera,2021-04-05,737,65931,256,30188,423,33576,58,2167,341,18250,395,25193,413,43443,California
Madera,2021-04-06,1697,67628,884,31072,464,34040,349,2516,636,18175,1059,26252,984,44427,California
Madera,2021-04-07,1199,68827,371,31443,679,34719,149,2665,455,18043,741,26993,609,45036,California
Madera,2021-04-08,1699,70526,657,32100,785,35504,257,2922,570,17753,1123,28116,833,45869,California
Madera,2021-04-09,1621,72147,682,32782,790,36294,149,3071,939,18167,677,28793,1091,46960,California
Madera,2021-04-10,955,73102,679,33461,209,36503,67,3138,709,18697,247,29040,777,47737,California
Madera,2021-04-11,797,73899,645,34106,74,36577,78,3216,303,18585,491,29531,379,48116,California
Madera,2021-04-12,782,74681,270,34376,434,37011,78,3294,303,18488,479,30010,382,48498,California
Madera,2021-04-13,1232,75913,608,34984,583,37594,41,3335,726,18761,504,30514,777,49275,California
Madera,2021-04-14,1378,77291,853,35837,525,38119,0,3335,583,18554,796,31310,589,49864,California
Madera,2021-04-15,1154,78445,498,36335,655,38774,1,3336,453,18320,689,31999,455,50319,California
Madera,2021-04-16,1304,79749,534,36869,770,39544,0,3336,446,17920,847,32846,447,50766,California
Madera,2021-04-17,1265,81014,1066,37935,199,39743,0,3336,822,18300,442,33288,822,51588,California
Madera,2021-04-18,244,81258,207,38142,37,39780,0,3336,99,18255,144,33432,99,51687,California
Madera,2021-04-19,802,82060,236,38378,565,40345,1,3337,274,18008,522,33954,275,51962,California
Madera,2021-04-20,874,82934,430,38808,444,40789,0,3337,239,17617,632,34586,241,52203,California
Madera,2021-04-21,855,83789,448,39256,407,41196,0,3337,300,17364,555,35141,302,52505,California
Madera,2021-04-22,1059,84848,510,39766,549,41745,0,3337,393,17096,662,35803,394,52899,California
Madera,2021-04-23,962,85810,306,40072,655,42400,1,3338,348,16836,609,36412,349,53248,California
Madera,2021-04-24,704,86514,463,40535,241,42641,0,3338,282,16701,418,36830,283,53531,California
Madera,2021-04-25,265,86779,161,40696,101,42742,3,3341,118,16680,143,36973,122,53653,California
Madera,2021-04-26,516,87295,97,40793,413,43155,6,3347,111,16394,403,37376,117,53770,California
Madera,2021-04-27,567,87862,268,41061,278,43433,21,3368,304,16458,262,37638,326,54096,California
Madera,2021-04-28,472,88334,196,41257,257,43690,19,3387,234,16474,236,37874,252,54348,California
Madera,2021-04-29,518,88852,240,41497,251,43941,27,3414,253,16496,258,38132,280,54628,California
Madera,2021-04-30,919,89771,503,42000,400,44341,16,3430,260,16118,654,38786,276,54904,California
Madera,2021-05-01,959,90730,865,42865,81,44422,13,3443,390,15953,568,39354,403,55307,California
Madera,2021-05-02,398,91128,350,43215,44,44466,4,3447,149,15857,249,39603,153,55460,California
Madera,2021-05-03,505,91633,203,43418,262,44728,40,3487,102,15599,400,40003,142,55602,California
Madera,2021-05-04,878,92511,433,43851,405,45133,40,3527,212,15185,666,40669,252,55854,California
Madera,2021-05-05,995,93506,474,44325,462,45595,59,3586,274,14799,719,41388,333,56187,California
Madera,2021-05-06,694,94200,247,44572,416,46011,31,3617,153,14447,536,41924,184,56371,California
Madera,2021-05-07,807,95007,280,44852,506,46517,21,3638,194,14053,608,42532,214,56585,California
Madera,2021-05-08,967,95974,755,45607,202,46719,10,3648,186,13469,780,43312,196,56781,California
Madera,2021-05-09,145,96119,19,45626,115,46834,11,3659,34,13404,110,43422,45,56826,California
Madera,2021-05-10,343,96462,73,45699,258,47092,12,3671,101,13276,241,43663,113,56939,California
Madera,2021-05-11,515,96977,176,45875,331,47423,8,3679,163,13097,350,44013,171,57110,California
Madera,2021-05-12,477,97454,226,46101,215,47638,36,3715,124,12906,351,44364,160,57270,California
Madera,2021-05-13,479,97933,288,46389,161,47799,30,3745,155,12770,321,44685,185,57455,California
Madera,2021-05-14,502,98435,260,46649,228,48027,14,3759,225,12735,274,44959,239,57694,California
Madera,2021-05-15,555,98990,470,47119,76,48103,9,3768,358,12907,195,45154,367,58061,California
Madera,2021-05-16,216,99206,163,47282,24,48127,29,3797,84,12888,132,45286,113,58174,California
Madera,2021-05-17,372,99578,143,47425,201,48328,28,3825,171,12888,199,45485,199,58373,California
Madera,2021-05-18,364,99942,262,47687,90,48418,12,3837,177,12894,184,45669,190,58563,California
Marin,2020-12-15,2,2,2,2,0,0,0,0,2,2,0,0,2,2,California
Marin,2020-12-16,107,109,107,109,0,0,0,0,107,109,0,0,107,109,California
Marin,2020-12-17,261,370,261,370,0,0,0,0,261,370,0,0,261,370,California
Marin,2020-12-18,373,743,373,743,0,0,0,0,373,743,0,0,373,743,California
Marin,2020-12-19,348,1091,347,1090,1,1,0,0,348,1091,0,0,348,1091,California
Marin,2020-12-20,167,1258,166,1256,1,2,0,0,167,1258,0,0,167,1258,California
Marin,2020-12-21,238,1496,235,1491,3,5,0,0,238,1496,0,0,238,1496,California
Marin,2020-12-22,521,2017,317,1808,204,209,0,0,521,2017,0,0,521,2017,California
Marin,2020-12-23,730,2747,321,2129,409,618,0,0,730,2747,0,0,730,2747,California
Marin,2020-12-24,357,3104,159,2288,198,816,0,0,357,3104,0,0,357,3104,California
Marin,2020-12-25,27,3131,0,2288,27,843,0,0,27,3131,0,0,27,3131,California
Marin,2020-12-26,143,3274,93,2381,50,893,0,0,143,3274,0,0,143,3274,California
Marin,2020-12-27,92,3366,55,2436,37,930,0,0,92,3366,0,0,92,3366,California
Marin,2020-12-28,408,3774,99,2535,309,1239,0,0,408,3774,0,0,408,3774,California
Marin,2020-12-29,402,4176,88,2623,314,1553,0,0,402,4176,0,0,402,4176,California
Marin,2020-12-30,626,4802,388,3011,238,1791,0,0,626,4802,0,0,626,4802,California
Marin,2020-12-31,197,4999,34,3045,163,1954,0,0,197,4999,0,0,197,4999,California
Marin,2021-01-01,18,5017,8,3053,10,1964,0,0,18,5017,0,0,18,5017,California
Marin,2021-01-02,108,5125,102,3155,6,1970,0,0,108,5125,0,0,108,5125,California
Marin,2021-01-03,54,5179,36,3191,18,1988,0,0,51,5176,0,0,51,5176,California
Marin,2021-01-04,296,5475,192,3383,104,2092,0,0,295,5470,1,1,295,5471,California
Marin,2021-01-05,369,5844,222,3605,147,2239,0,0,326,5753,43,44,326,5797,California
Marin,2021-01-06,819,6663,318,3923,501,2740,0,0,641,6216,178,222,641,6438,California
Marin,2021-01-07,890,7553,503,4426,387,3127,0,0,543,6412,347,569,543,6981,California
Marin,2021-01-08,970,8523,514,4940,456,3583,0,0,594,6631,375,944,594,7575,California
Marin,2021-01-09,620,9143,224,5164,396,3979,0,0,488,6987,132,1076,488,8063,California
Marin,2021-01-10,129,9272,100,5264,29,4008,0,0,55,6968,74,1150,55,8118,California
Marin,2021-01-11,468,9740,326,5590,142,4150,0,0,248,6998,220,1370,250,8368,California
Marin,2021-01-12,936,10676,540,6130,396,4546,0,0,569,7203,364,1734,569,8937,California
Marin,2021-01-13,1177,11853,499,6629,678,5224,0,0,939,7904,238,1972,939,9876,California
Marin,2021-01-14,1069,12922,318,6947,751,5975,0,0,919,8675,148,2120,919,10795,California
Marin,2021-01-15,1157,14079,354,7301,803,6778,0,0,1027,9574,129,2249,1028,11823,California
Marin,2021-01-16,1121,15200,914,8215,207,6985,0,0,1047,10547,74,2323,1047,12870,California
Marin,2021-01-17,1232,16432,1113,9328,119,7104,0,0,1203,11725,28,2351,1206,14076,California
Marin,2021-01-18,360,16792,159,9487,201,7305,0,0,309,11983,51,2402,309,14385,California
Marin,2021-01-19,1154,17946,912,10399,242,7547,0,0,982,12794,171,2573,982,15367,California
Marin,2021-01-20,1792,19738,1210,11609,582,8129,0,0,1062,13137,719,3292,1062,16429,California
Marin,2021-01-21,1687,21425,1062,12671,625,8754,0,0,1333,14121,351,3643,1335,17764,California
Marin,2021-01-22,1700,23125,1088,13759,612,9366,0,0,1532,15485,168,3811,1532,19296,California
Marin,2021-01-23,1844,24969,1342,15101,502,9868,0,0,1755,17152,88,3899,1755,21051,California
Marin,2021-01-24,615,25584,166,15267,449,10317,0,0,583,17703,32,3931,583,21634,California
Marin,2021-01-25,1129,26713,229,15496,900,11217,0,0,694,17963,435,4366,695,22329,California
Marin,2021-01-26,1505,28218,783,16279,722,11939,0,0,1130,18719,374,4740,1130,23459,California
Marin,2021-01-27,1714,29932,886,17165,828,12767,0,0,1352,19712,360,5100,1353,24812,California
Marin,2021-01-28,2080,32012,1071,18236,1009,13776,0,0,1816,21266,263,5363,1817,26629,California
Marin,2021-01-29,2196,34208,1447,19683,749,14525,0,0,1991,23065,193,5556,1992,28621,California
Marin,2021-01-30,1721,35929,906,20589,815,15340,0,0,1641,24627,80,5636,1642,30263,California
Marin,2021-01-31,458,36387,321,20910,137,15477,0,0,432,25033,26,5662,432,30695,California
Marin,2021-02-01,1093,37480,418,21328,675,16152,0,0,894,25729,199,5861,895,31590,California
Marin,2021-02-02,1352,38832,464,21792,888,17040,0,0,722,25832,619,6480,722,32312,California
Marin,2021-02-03,1783,40615,431,22223,1352,18392,0,0,1257,26564,525,7005,1257,33569,California
Marin,2021-02-04,1540,42155,513,22736,1027,19419,0,0,937,26901,600,7605,937,34506,California
Marin,2021-02-05,2181,44336,684,23420,1497,20916,0,0,1343,27410,834,8439,1343,35849,California
Marin,2021-02-06,1427,45763,851,24271,576,21492,0,0,605,27194,821,9260,605,36454,California
Marin,2021-02-07,1291,47054,1009,25280,282,21774,0,0,489,26882,801,10061,489,36943,California
Marin,2021-02-08,1522,48576,754,26034,768,22542,0,0,726,26814,794,10855,726,37669,California
Marin,2021-02-09,1781,50357,1122,27156,659,23201,0,0,835,26703,946,11801,835,38504,California
Marin,2021-02-10,2340,52697,1493,28649,847,24048,0,0,1217,26800,1121,12922,1218,39722,California
Marin,2021-02-11,2872,55569,1646,30295,1226,25274,0,0,1452,26841,1414,14336,1455,41177,California
Marin,2021-02-12,3064,58633,1540,31835,1524,26798,0,0,1563,26906,1498,15834,1563,42740,California
Marin,2021-02-13,2339,60972,1243,33078,1096,27894,0,0,1131,26831,1206,17040,1131,43871,California
Marin,2021-02-14,812,61784,302,33380,510,28404,0,0,719,27458,93,17133,720,44591,California
Marin,2021-02-15,1215,62999,355,33735,860,29264,0,0,835,27915,379,17512,836,45427,California
Marin,2021-02-16,2465,65464,1057,34792,1408,30672,0,0,1504,28459,960,18472,1504,46931,California
Marin,2021-02-17,2103,67567,944,35736,1159,31831,0,0,1089,28537,1012,19484,1090,48021,California
Marin,2021-02-18,2418,69985,1583,37319,835,32666,0,0,1059,28238,1358,20842,1059,49080,California
Marin,2021-02-19,2764,72749,2159,39478,605,33271,0,0,1221,27930,1530,22372,1222,50302,California
Marin,2021-02-20,2566,75315,2112,41590,454,33725,0,0,1217,27807,1341,23713,1218,51520,California
Marin,2021-02-21,1307,76622,1113,42703,194,33919,0,0,929,28362,374,24087,929,52449,California
Marin,2021-02-22,1832,78454,1412,44115,420,34339,0,0,1218,28968,612,24699,1218,53667,California
Marin,2021-02-23,2860,81314,1639,45754,1221,35560,0,0,1928,29976,921,25620,1929,55596,California
Marin,2021-02-24,3516,84830,1615,47369,1901,37461,0,0,2256,30980,1253,26873,2257,57853,California
Marin,2021-02-25,3937,88767,1814,49183,2123,39584,0,0,2779,32609,1151,28024,2780,60633,California
Marin,2021-02-26,3499,92266,1893,51076,1606,41190,0,0,2540,34203,947,28971,2541,63174,California
Marin,2021-02-27,2624,94890,1506,52582,1118,42308,0,0,1786,35156,835,29806,1788,64962,California
Marin,2021-02-28,1381,96271,920,53502,461,42769,0,0,1044,35866,334,30140,1044,66006,California
Marin,2021-03-01,2511,98782,1561,55063,950,43719,0,0,1688,36738,816,30956,1688,67694,California
Marin,2021-03-02,2524,101306,1684,56747,839,44558,1,1,1755,37728,766,31722,1756,69450,California
Marin,2021-03-03,4330,105636,2409,59156,1917,46475,4,5,2803,39014,1521,33243,2807,72257,California
Marin,2021-03-04,3390,109026,1668,60824,1721,48196,1,6,2372,40379,1011,34254,2376,74633,California
Marin,2021-03-05,3077,112103,1179,62003,1886,50082,12,18,1804,40926,1269,35523,1816,76449,California
Marin,2021-03-06,3234,115337,2321,64324,835,50917,78,96,2659,43092,570,36093,2736,79185,California
Marin,2021-03-07,1383,116720,1163,65487,196,51113,24,120,992,43721,387,36480,1016,80201,California
Marin,2021-03-08,1876,118596,1371,66858,388,51501,117,237,1406,44777,467,36947,1523,81724,California
Marin,2021-03-09,2103,120699,1221,68079,774,52275,108,345,1430,45644,671,37618,1538,83262,California
Marin,2021-03-10,4407,125106,2461,70540,1663,53938,283,628,3175,47877,1227,38845,3460,86722,California
Marin,2021-03-11,4568,129674,1877,72417,2556,56494,135,763,3273,49997,1288,40133,3408,90130,California
Marin,2021-03-12,3979,133653,1539,73956,2084,58578,356,1119,1565,49515,2403,42536,1921,92051,California
Marin,2021-03-13,4096,137749,2858,76814,1166,59744,72,1191,2420,50328,1674,44210,2487,94538,California
Marin,2021-03-14,2276,140025,1098,77912,1061,60805,117,1308,707,49584,1567,45777,823,95361,California
Marin,2021-03-15,3232,143257,1765,79677,1419,62224,48,1356,1217,48844,2004,47781,1264,96625,California
Marin,2021-03-16,4304,147561,2316,81993,1624,63848,364,1720,1504,47913,2797,50578,1866,98491,California
Marin,2021-03-17,4176,151737,2265,84258,1866,65714,45,1765,2049,47890,2116,52694,2093,100584,California
Marin,2021-03-18,4487,156224,2259,86517,2153,67867,75,1840,2248,47987,2223,54917,2320,102904,California
Marin,2021-03-19,4468,160692,2283,88800,1966,69833,219,2059,2427,48600,2031,56948,2644,105548,California
Marin,2021-03-20,3576,164268,1981,90781,1481,71314,114,2173,2024,49195,1544,58492,2139,107687,California
Marin,2021-03-21,1537,165805,1132,91913,380,71694,25,2198,799,49283,736,59228,824,108511,California
Marin,2021-03-22,2468,168273,2134,94047,169,71863,165,2363,989,48962,1475,60703,1154,109665,California
Marin,2021-03-23,4248,172521,2200,96247,1918,73781,130,2493,1875,48600,2367,63070,2005,111670,California
Marin,2021-03-24,4422,176943,2900,99147,1418,75199,104,2597,1798,47888,2612,65682,1900,113570,California
Marin,2021-03-25,4646,181589,2837,101984,1741,76940,68,2665,2257,47835,2376,68058,2323,115893,California
Marin,2021-03-26,4290,185879,2329,104313,1747,78687,214,2879,2402,48580,1871,69929,2616,118509,California
Marin,2021-03-27,3708,189587,2661,106974,1028,79715,19,2898,1137,47183,2561,72490,1164,119673,California
Marin,2021-03-28,2381,191968,1720,108694,655,80370,6,2904,1096,47007,1278,73768,1102,120775,California
Marin,2021-03-29,2687,194655,2092,110786,570,80940,25,2929,1184,46716,1501,75269,1210,121985,California
Marin,2021-03-30,4655,199310,3645,114431,977,81917,33,2962,3052,48202,1600,76869,3086,125071,California
Marin,2021-03-31,5803,205113,4107,118538,1647,83564,49,3011,2573,47608,3218,80087,2624,127695,California
Marin,2021-04-01,4424,209537,2282,120820,1891,85455,251,3262,2109,47667,2306,82393,2365,130060,California
Marin,2021-04-02,3720,213257,1851,122671,1505,86960,364,3626,1993,48306,1719,84112,2358,132418,California
Marin,2021-04-03,3889,217146,2555,125226,963,87923,371,3997,1495,47806,2382,86494,1882,134300,California
Marin,2021-04-04,1651,218797,1240,126466,207,88130,204,4201,1205,48771,444,86938,1409,135709,California
Marin,2021-04-05,2201,220998,1529,127995,300,88430,372,4573,1271,49487,925,87863,1641,137350,California
Marin,2021-04-06,3951,224949,2111,130106,1290,89720,550,5123,2194,50477,1752,89615,2742,140092,California
Marin,2021-04-07,3921,228870,1986,132092,1296,91016,639,5762,1434,50070,2480,92095,2073,142165,California
Marin,2021-04-08,4999,233869,1958,134050,2434,93450,607,6369,2284,50245,2706,94801,2881,145046,California
Marin,2021-04-09,3955,237824,1544,135594,1686,95136,725,7094,1304,49625,2646,97447,2026,147072,California
Marin,2021-04-10,3188,241012,1462,137056,1294,96430,432,7526,1435,49749,1741,99188,1865,148937,California
Marin,2021-04-11,1058,242070,803,137859,93,96523,162,7688,474,49802,582,99770,635,149572,California
Marin,2021-04-12,1736,243806,1236,139095,340,96863,160,7848,925,50081,807,100577,1086,150658,California
Marin,2021-04-13,3712,247518,2273,141368,1432,98295,7,7855,1348,49082,2354,102931,1355,152013,California
Marin,2021-04-14,4162,251680,2482,143850,1677,99972,3,7858,1713,48357,2439,105370,1714,153727,California
Marin,2021-04-15,5556,257236,3935,147785,1621,101593,0,7858,3180,49174,2364,107734,3181,156908,California
Marin,2021-04-16,4241,261477,2236,150021,2002,103595,3,7861,2062,49073,2167,109901,2066,158974,California
Marin,2021-04-17,3524,265001,2153,152174,1371,104966,0,7861,1763,49080,1756,111657,1763,160737,California
Marin,2021-04-18,3178,268179,3075,155249,103,105069,0,7861,2541,50987,634,112291,2541,163278,California
Marin,2021-04-19,2041,270220,1870,157119,171,105240,0,7861,1160,51271,878,113169,1162,164440,California
Marin,2021-04-20,3694,273914,2554,159673,1140,106380,0,7861,1474,50532,2214,115383,1475,165915,California
Marin,2021-04-21,4004,277918,2944,162617,1057,107437,3,7864,1377,49298,2612,117995,1378,167293,California
Marin,2021-04-22,4213,282131,3211,165828,1002,108439,0,7864,1486,48068,2719,120714,1489,168782,California
Marin,2021-04-23,3229,285360,1828,167656,1401,109840,0,7864,1235,47318,1986,122700,1236,170018,California
Marin,2021-04-24,2522,287882,1692,169348,829,110669,1,7865,926,46658,1587,124287,927,170945,California
Marin,2021-04-25,1387,289269,1269,170617,118,110787,0,7865,311,45899,1070,125357,311,171256,California
Marin,2021-04-26,1550,290819,1348,171965,199,110986,3,7868,348,45053,1198,126555,352,171608,California
Marin,2021-04-27,2972,293791,2169,174134,765,111751,38,7906,971,44066,1992,128547,1005,172613,California
Marin,2021-04-28,2300,296091,1588,175722,664,112415,48,7954,727,43270,1570,130117,774,173387,California
Marin,2021-04-29,2874,298965,1969,177691,843,113258,62,8016,787,42039,2080,132197,849,174236,California
Marin,2021-04-30,1950,300915,1275,178966,587,113845,88,8104,698,41579,1246,133443,786,175022,California
Marin,2021-05-01,1809,302724,1003,179969,783,114628,23,8127,523,40846,1279,134722,546,175568,California
Marin,2021-05-02,724,303448,587,180556,108,114736,29,8156,200,40554,520,135242,228,175796,California
Marin,2021-05-03,1215,304663,990,181546,170,114906,55,8211,263,39922,949,136191,317,176113,California
Marin,2021-05-04,2918,307581,1961,183507,867,115773,90,8301,470,38041,2441,138632,560,176673,California
Marin,2021-05-05,2716,310297,1994,185501,600,116373,122,8423,441,36335,2269,140901,563,177236,California
Marin,2021-05-06,3255,313552,2530,188031,636,117009,89,8512,427,34029,2820,143721,514,177750,California
Marin,2021-05-07,2027,315579,1541,189572,400,117409,86,8598,378,32850,1641,145362,462,178212,California
Marin,2021-05-08,2464,318043,1858,191430,484,117893,122,8720,338,31192,2118,147480,460,178672,California
Marin,2021-05-09,987,319030,901,192331,65,117958,21,8741,118,30467,865,148345,140,178812,California
Marin,2021-05-10,1405,320435,1149,193480,186,118144,70,8811,200,29535,1201,149546,269,179081,California
Marin,2021-05-11,2282,322717,1835,195315,393,118537,54,8865,292,27892,1988,151534,345,179426,California
Marin,2021-05-12,1389,324106,1028,196343,291,118828,70,8935,272,27120,1112,152646,340,179766,California
Marin,2021-05-13,2460,326566,2134,198477,268,119096,58,8993,1315,27353,1139,153785,1372,181138,California
Marin,2021-05-14,2219,328785,1462,199939,660,119756,97,9090,905,27049,1306,155091,1002,182140,California
Marin,2021-05-15,2630,331415,2158,202097,389,120145,83,9173,1552,27608,1076,156167,1635,183775,California
Marin,2021-05-16,1419,332834,1396,203493,21,120166,2,9175,1170,28532,247,156414,1171,184946,California
Marin,2021-05-17,1775,334609,1661,205154,84,120250,30,9205,1404,29603,363,156777,1434,186380,California
Marin,2021-05-18,967,335576,839,205993,120,120370,8,9213,505,29655,460,157237,512,186892,California
Mariposa,2020-12-17,37,37,37,37,0,0,0,0,39,39,0,0,39,39,California
Mariposa,2020-12-18,55,92,55,92,0,0,0,0,56,95,0,0,56,95,California
Mariposa,2020-12-20,2,94,2,94,0,0,0,0,2,97,0,0,2,97,California
Mariposa,2020-12-21,48,142,48,142,0,0,0,0,53,150,0,0,53,150,California
Mariposa,2020-12-22,5,147,5,147,0,0,0,0,5,155,0,0,5,155,California
Mariposa,2020-12-23,16,163,16,163,0,0,0,0,16,171,0,0,16,171,California
Mariposa,2020-12-24,1,164,0,163,1,1,0,0,0,171,0,0,0,171,California
Mariposa,2020-12-26,1,165,1,164,0,1,0,0,1,172,0,0,1,172,California
Mariposa,2020-12-27,1,166,0,164,1,2,0,0,1,173,0,0,1,173,California
Mariposa,2020-12-28,6,172,3,167,3,5,0,0,6,179,0,0,6,179,California
Mariposa,2020-12-29,33,205,3,170,30,35,0,0,33,212,0,0,33,212,California
Mariposa,2020-12-30,25,230,4,174,21,56,0,0,25,237,0,0,25,237,California
Mariposa,2020-12-31,16,246,0,174,16,72,0,0,16,253,0,0,16,253,California
Mariposa,2021-01-02,1,247,1,175,0,72,0,0,1,254,0,0,1,254,California
Mariposa,2021-01-04,8,255,1,176,7,79,0,0,8,262,0,0,8,262,California
Mariposa,2021-01-05,24,279,14,190,10,89,0,0,14,266,10,10,14,276,California
Mariposa,2021-01-06,6,285,3,193,3,92,0,0,3,266,3,13,3,279,California
Mariposa,2021-01-07,51,336,46,239,5,97,0,0,5,225,46,59,5,284,California
Mariposa,2021-01-08,108,444,79,318,29,126,0,0,33,183,75,134,33,317,California
Mariposa,2021-01-09,1,445,0,318,1,127,0,0,1,184,0,134,1,318,California
Mariposa,2021-01-11,31,476,10,328,21,148,0,0,23,199,8,142,23,341,California
Mariposa,2021-01-12,20,496,5,333,15,163,0,0,16,211,4,146,16,357,California
Mariposa,2021-01-13,21,517,4,337,17,180,0,0,18,226,3,149,18,375,California
Mariposa,2021-01-14,73,590,7,344,66,246,0,0,67,287,6,155,67,442,California
Mariposa,2021-01-15,68,658,27,371,41,287,0,0,58,335,10,165,58,500,California
Mariposa,2021-01-16,14,672,2,373,12,299,0,0,13,347,1,166,13,513,California
Mariposa,2021-01-17,2,674,0,373,2,301,0,0,2,349,0,166,2,515,California
Mariposa,2021-01-18,3,677,3,376,0,301,0,0,1,348,2,168,1,516,California
Mariposa,2021-01-19,8,685,4,380,4,305,0,0,5,351,2,170,5,521,California
Mariposa,2021-01-20,23,708,1,381,22,327,0,0,22,372,1,171,22,543,California
Mariposa,2021-01-21,65,773,7,388,58,385,0,0,61,429,4,175,61,604,California
Mariposa,2021-01-22,56,829,2,390,54,439,0,0,56,485,0,175,56,660,California
Mariposa,2021-01-23,116,945,2,392,114,553,0,0,115,599,1,176,115,775,California
Mariposa,2021-01-24,2,947,2,394,0,553,0,0,2,601,0,176,2,777,California
Mariposa,2021-01-25,4,951,1,395,3,556,0,0,0,597,4,180,0,777,California
Mariposa,2021-01-26,36,987,4,399,32,588,0,0,4,573,32,212,8,785,California
Mariposa,2021-01-27,23,1010,1,400,22,610,0,0,13,576,10,222,13,798,California
Mariposa,2021-01-28,126,1136,3,403,123,733,0,0,113,677,12,234,113,911,California
Mariposa,2021-01-29,84,1220,22,425,62,795,0,0,83,759,1,235,83,994,California
Mariposa,2021-01-30,9,1229,1,426,8,803,0,0,8,766,1,236,8,1002,California
Mariposa,2021-01-31,1,1230,0,426,1,804,0,0,1,767,0,236,1,1003,California
Mariposa,2021-02-01,87,1317,30,456,57,861,0,0,66,812,21,257,66,1069,California
Mariposa,2021-02-02,15,1332,3,459,12,873,0,0,9,815,6,263,9,1078,California
Mariposa,2021-02-03,20,1352,1,460,19,892,0,0,14,823,6,269,14,1092,California
Mariposa,2021-02-04,98,1450,8,468,90,982,0,0,93,913,4,273,94,1186,California
Mariposa,2021-02-05,191,1641,5,473,186,1168,0,0,165,1052,26,299,165,1351,California
Mariposa,2021-02-06,11,1652,4,477,7,1175,0,0,10,1061,1,300,10,1361,California
Mariposa,2021-02-07,1,1653,0,477,1,1176,0,0,1,1062,0,300,1,1362,California
Mariposa,2021-02-08,40,1693,2,479,38,1214,0,0,21,1064,19,319,21,1383,California
Mariposa,2021-02-09,43,1736,25,504,18,1232,0,0,37,1095,6,325,37,1420,California
Mariposa,2021-02-10,28,1764,5,509,23,1255,0,0,17,1108,10,335,23,1443,California
Mariposa,2021-02-11,375,2139,5,514,370,1625,0,0,361,1458,14,349,364,1807,California
Mariposa,2021-02-12,185,2324,8,522,177,1802,0,0,141,1555,44,393,141,1948,California
Mariposa,2021-02-13,11,2335,3,525,8,1810,0,0,9,1562,2,395,9,1957,California
Mariposa,2021-02-14,8,2343,4,529,4,1814,0,0,5,1564,3,398,5,1962,California
Mariposa,2021-02-15,9,2352,3,532,6,1820,0,0,7,1569,2,400,7,1969,California
Mariposa,2021-02-16,57,2409,34,566,23,1843,0,0,34,1580,23,423,34,2003,California
Mariposa,2021-02-17,36,2445,8,574,28,1871,0,0,27,1600,8,431,28,2031,California
Mariposa,2021-02-18,57,2502,7,581,50,1921,0,0,20,1583,37,468,20,2051,California
Mariposa,2021-02-19,82,2584,3,584,79,2000,0,0,76,1653,6,474,76,2127,California
Mariposa,2021-02-20,252,2836,4,588,248,2248,0,0,222,1846,29,503,222,2349,California
Mariposa,2021-02-21,236,3072,3,591,233,2481,0,0,235,2080,1,504,235,2584,California
Mariposa,2021-02-22,23,3095,7,598,16,2497,0,0,21,2099,2,506,21,2605,California
Mariposa,2021-02-23,42,3137,36,634,6,2503,0,0,25,2107,17,523,25,2630,California
Mariposa,2021-02-24,20,3157,3,637,17,2520,0,0,8,2104,11,534,8,2638,California
Mariposa,2021-02-25,17,3174,8,645,9,2529,0,0,11,2109,6,540,11,2649,California
Mariposa,2021-02-26,421,3595,7,652,414,2943,0,0,360,2409,61,601,361,3010,California
Mariposa,2021-02-27,170,3765,5,657,165,3108,0,0,159,2557,11,612,159,3169,California
Mariposa,2021-02-28,2,3767,1,658,1,3109,0,0,0,2555,2,614,0,3169,California
Mariposa,2021-03-01,82,3849,26,684,56,3165,0,0,17,2508,64,678,17,3186,California
Mariposa,2021-03-02,21,3870,14,698,7,3172,0,0,11,2510,9,687,11,3197,California
Mariposa,2021-03-03,70,3940,5,703,65,3237,0,0,65,2571,5,692,66,3263,California
Mariposa,2021-03-04,38,3978,9,712,29,3266,0,0,20,2574,18,710,21,3284,California
Mariposa,2021-03-05,55,4033,9,721,46,3312,0,0,38,2600,17,727,43,3327,California
Mariposa,2021-03-06,15,4048,6,727,9,3321,0,0,7,2599,8,735,7,3334,California
Mariposa,2021-03-07,1,4049,1,728,0,3321,0,0,0,2598,1,736,0,3334,California
Mariposa,2021-03-08,38,4087,4,732,23,3344,11,11,9,2589,29,765,20,3354,California
Mariposa,2021-03-09,45,4132,18,750,17,3361,10,21,14,2582,31,796,24,3378,California
Mariposa,2021-03-10,31,4163,9,759,12,3373,10,31,10,2581,21,817,20,3398,California
Mariposa,2021-03-11,468,4631,6,765,443,3816,19,50,226,2588,241,1058,248,3646,California
Mariposa,2021-03-12,254,4885,8,773,219,4035,27,77,114,2588,140,1198,140,3786,California
Mariposa,2021-03-13,32,4917,6,779,11,4046,15,92,11,2592,21,1219,25,3811,California
Mariposa,2021-03-14,17,4934,2,781,4,4050,11,103,3,2592,14,1233,14,3825,California
Mariposa,2021-03-15,76,5010,7,788,31,4081,38,141,31,2616,45,1278,69,3894,California
Mariposa,2021-03-16,82,5092,32,820,15,4096,35,176,24,2617,58,1336,59,3953,California
Mariposa,2021-03-17,71,5163,10,830,53,4149,8,184,51,2657,19,1355,59,4012,California
Mariposa,2021-03-18,66,5229,15,845,41,4190,10,194,41,2683,25,1380,51,4063,California
Mariposa,2021-03-19,338,5567,11,856,322,4512,5,199,303,2956,35,1415,308,4371,California
Mariposa,2021-03-20,425,5992,5,861,418,4930,2,201,46,2626,379,1794,49,4420,California
Mariposa,2021-03-21,14,6006,8,869,5,4935,1,202,9,2632,4,1798,10,4430,California
Mariposa,2021-03-22,37,6043,7,876,22,4957,8,210,25,2654,12,1810,34,4464,California
Mariposa,2021-03-23,53,6096,33,909,10,4967,10,220,32,2675,21,1831,42,4506,California
Mariposa,2021-03-24,55,6151,5,914,48,5015,2,222,50,2722,5,1836,52,4558,California
Mariposa,2021-03-25,76,6227,15,929,53,5068,8,230,54,2764,20,1856,62,4620,California
Mariposa,2021-03-26,488,6715,9,938,478,5546,1,231,252,2781,236,2092,253,4873,California
Mariposa,2021-03-27,225,6940,8,946,217,5763,0,231,90,2739,135,2227,93,4966,California
Mariposa,2021-03-28,5,6945,0,946,2,5765,3,234,1,2739,4,2231,4,4970,California
Mariposa,2021-03-29,19,6964,6,952,13,5778,0,234,12,2744,7,2238,12,4982,California
Mariposa,2021-03-30,36,7000,13,965,7,5785,16,250,13,2750,23,2261,29,5011,California
Mariposa,2021-03-31,89,7089,16,981,66,5851,7,257,69,2806,20,2281,76,5087,California
Mariposa,2021-04-01,53,7142,9,990,36,5887,8,265,33,2827,20,2301,41,5128,California
Mariposa,2021-04-02,347,7489,11,1001,334,6221,2,267,307,3097,39,2340,309,5437,California
Mariposa,2021-04-03,10,7499,7,1008,3,6224,0,267,5,3097,5,2345,5,5442,California
Mariposa,2021-04-04,2,7501,1,1009,0,6224,1,268,0,3096,2,2347,1,5443,California
Mariposa,2021-04-05,32,7533,23,1032,6,6230,3,271,16,3099,16,2363,19,5462,California
Mariposa,2021-04-06,43,7576,20,1052,7,6237,16,287,13,3099,29,2392,29,5491,California
Mariposa,2021-04-07,98,7674,6,1058,73,6310,19,306,28,3076,70,2462,47,5538,California
Mariposa,2021-04-08,276,7950,13,1071,244,6554,19,325,141,3104,133,2595,161,5699,California
Mariposa,2021-04-09,37,7987,9,1080,13,6567,15,340,10,3102,27,2622,25,5724,California
Mariposa,2021-04-10,201,8188,3,1083,188,6755,10,350,186,3284,13,2635,195,5919,California
Mariposa,2021-04-11,124,8312,4,1087,118,6873,2,352,57,3277,67,2702,60,5979,California
Mariposa,2021-04-12,42,8354,13,1100,27,6900,2,354,13,3263,29,2731,15,5994,California
Mariposa,2021-04-13,53,8407,45,1145,8,6908,0,354,34,3278,19,2750,34,6028,California
Mariposa,2021-04-14,112,8519,7,1152,105,7013,0,354,58,3283,53,2803,58,6086,California
Mariposa,2021-04-15,56,8575,16,1168,40,7053,0,354,41,3312,12,2815,41,6127,California
Mariposa,2021-04-16,381,8956,11,1179,370,7423,0,354,106,3143,275,3090,106,6233,California
Mariposa,2021-04-17,10,8966,5,1184,5,7428,0,354,7,3147,3,3093,7,6240,California
Mariposa,2021-04-18,7,8973,0,1184,7,7435,0,354,3,3146,4,3097,3,6243,California
Mariposa,2021-04-19,56,9029,25,1209,31,7466,0,354,29,3150,25,3122,29,6272,California
Mariposa,2021-04-20,63,9092,50,1259,13,7479,0,354,40,3169,21,3143,40,6312,California
Mariposa,2021-04-21,90,9182,13,1272,77,7556,0,354,41,3162,48,3191,41,6353,California
Mariposa,2021-04-22,47,9229,8,1280,39,7595,0,354,37,3190,9,3200,37,6390,California
Mariposa,2021-04-23,314,9543,69,1349,245,7840,0,354,145,3167,169,3369,146,6536,California
Mariposa,2021-04-24,105,9648,10,1359,95,7935,0,354,42,3147,62,3431,42,6578,California
Mariposa,2021-04-26,15,9663,10,1369,5,7940,0,354,5,3142,10,3441,5,6583,California
Mariposa,2021-04-27,31,9694,16,1385,14,7954,1,355,15,3146,12,3453,16,6599,California
Mariposa,2021-04-28,73,9767,13,1398,53,8007,7,362,28,3136,45,3498,35,6634,California
Mariposa,2021-04-29,84,9851,12,1410,71,8078,1,363,79,3211,5,3503,80,6714,California
Mariposa,2021-04-30,209,10060,5,1415,199,8277,5,368,63,3133,146,3649,68,6782,California
Mariposa,2021-05-01,1,10061,1,1416,0,8277,0,368,0,3132,1,3650,0,6782,California
Mariposa,2021-05-02,3,10064,2,1418,0,8277,1,369,0,3130,3,3653,1,6783,California
Mariposa,2021-05-03,16,10080,12,1430,3,8280,1,370,7,3130,8,3661,8,6791,California
Mariposa,2021-05-04,50,10130,31,1461,15,8295,4,374,36,3156,14,3675,40,6831,California
Mariposa,2021-05-05,54,10184,8,1469,44,8339,2,376,17,3138,37,3712,19,6850,California
Mariposa,2021-05-06,54,10238,34,1503,14,8353,6,382,37,3164,17,3729,43,6893,California
Mariposa,2021-05-07,26,10264,7,1510,16,8369,3,385,13,3167,13,3742,16,6909,California
Mariposa,2021-05-08,281,10545,4,1514,277,8646,0,385,34,2956,247,3989,36,6945,California
Mariposa,2021-05-09,2,10547,1,1515,1,8647,0,385,0,2954,2,3991,0,6945,California
Mariposa,2021-05-10,18,10565,8,1523,8,8655,2,387,3,2944,15,4006,5,6950,California
Mariposa,2021-05-11,29,10594,19,1542,10,8665,0,387,20,2956,8,4014,20,6970,California
Mariposa,2021-05-12,64,10658,4,1546,57,8722,3,390,5,2905,59,4073,8,6978,California
Mariposa,2021-05-13,45,10703,8,1554,35,8757,2,392,13,2888,32,4105,15,6993,California
Mariposa,2021-05-14,250,10953,121,1675,122,8879,7,399,118,2881,132,4237,125,7118,California
Mariposa,2021-05-15,18,10971,7,1682,10,8889,1,400,9,2882,9,4246,10,7128,California
Mariposa,2021-05-16,2,10973,1,1683,0,8889,1,401,1,2883,1,4247,2,7130,California
Mariposa,2021-05-17,11,10984,5,1688,2,8891,4,405,4,2884,7,4254,8,7138,California
Mariposa,2021-05-18,34,11018,27,1715,3,8894,4,409,27,2908,7,4261,31,7169,California
Mendocino,2020-12-17,70,70,70,70,0,0,0,0,70,70,0,0,70,70,California
Mendocino,2020-12-18,85,155,84,154,1,1,0,0,84,154,0,0,84,154,California
Mendocino,2020-12-19,4,159,4,158,0,1,0,0,4,158,0,0,4,158,California
Mendocino,2020-12-20,7,166,7,165,0,1,0,0,7,165,0,0,7,165,California
Mendocino,2020-12-21,241,407,241,406,0,1,0,0,77,242,0,0,77,242,California
Mendocino,2020-12-22,251,658,190,596,61,62,0,0,251,493,0,0,251,493,California
Mendocino,2020-12-23,270,928,47,643,223,285,0,0,269,762,0,0,269,762,California
Mendocino,2020-12-24,49,977,8,651,41,326,0,0,49,811,0,0,49,811,California
Mendocino,2020-12-25,1,978,0,651,1,327,0,0,1,812,0,0,1,812,California
Mendocino,2020-12-26,2,980,2,653,0,327,0,0,2,814,0,0,2,814,California
Mendocino,2020-12-27,1,981,0,653,1,328,0,0,1,815,0,0,1,815,California
Mendocino,2020-12-28,74,1055,9,662,65,393,0,0,74,889,0,0,74,889,California
Mendocino,2020-12-29,122,1177,61,723,61,454,0,0,122,1011,0,0,122,1011,California
Mendocino,2020-12-30,123,1300,68,791,55,509,0,0,123,1134,0,0,123,1134,California
Mendocino,2020-12-31,132,1432,97,888,35,544,0,0,132,1266,0,0,132,1266,California
Mendocino,2021-01-01,8,1440,6,894,2,546,0,0,8,1274,0,0,8,1274,California
Mendocino,2021-01-04,839,2279,19,913,820,1366,0,0,839,2113,0,0,839,2113,California
Mendocino,2021-01-05,72,2351,36,949,36,1402,0,0,59,2159,13,13,59,2172,California
Mendocino,2021-01-06,155,2506,133,1082,22,1424,0,0,145,2294,10,23,145,2317,California
Mendocino,2021-01-07,358,2864,238,1320,120,1544,0,0,295,2526,63,86,295,2612,California
Mendocino,2021-01-08,95,2959,82,1402,13,1557,0,0,41,2514,54,140,42,2654,California
Mendocino,2021-01-09,10,2969,6,1408,4,1561,0,0,8,2520,2,142,8,2662,California
Mendocino,2021-01-10,9,2978,8,1416,1,1562,0,0,2,2515,7,149,2,2664,California
Mendocino,2021-01-11,101,3079,92,1508,9,1571,0,0,43,2501,57,206,43,2707,California
Mendocino,2021-01-12,385,3464,375,1883,10,1581,0,0,269,2654,116,322,269,2976,California
Mendocino,2021-01-13,487,3951,145,2028,342,1923,0,0,445,3060,40,362,446,3422,California
Mendocino,2021-01-14,639,4590,20,2048,619,2542,0,0,630,3681,9,371,630,4052,California
Mendocino,2021-01-15,1860,6450,861,2909,999,3541,0,0,1855,5532,5,376,1856,5908,California
Mendocino,2021-01-16,791,7241,50,2959,741,4282,0,0,789,6319,2,378,789,6697,California
Mendocino,2021-01-17,553,7794,1,2960,552,4834,0,0,552,6870,1,379,552,7249,California
Mendocino,2021-01-18,487,8281,462,3422,25,4859,0,0,475,7333,12,391,475,7724,California
Mendocino,2021-01-19,334,8615,148,3570,186,5045,0,0,158,7315,176,567,158,7882,California
Mendocino,2021-01-20,554,9169,407,3977,147,5192,0,0,448,7660,104,671,449,8331,California
Mendocino,2021-01-21,538,9707,225,4202,313,5505,0,0,352,7827,185,856,352,8683,California
Mendocino,2021-01-22,149,9856,58,4260,91,5596,0,0,110,7898,39,895,110,8793,California
Mendocino,2021-01-23,156,10012,84,4344,72,5668,0,0,150,8042,6,901,150,8943,California
Mendocino,2021-01-24,5,10017,3,4347,2,5670,0,0,5,8047,0,901,5,8948,California
Mendocino,2021-01-25,191,10208,18,4365,173,5843,0,0,121,8098,70,971,121,9069,California
Mendocino,2021-01-26,155,10363,55,4420,100,5943,0,0,95,8133,60,1031,95,9164,California
Mendocino,2021-01-27,441,10804,371,4791,70,6013,0,0,175,8049,259,1290,175,9339,California
Mendocino,2021-01-28,590,11394,526,5317,64,6077,0,0,495,8450,94,1384,495,9834,California
Mendocino,2021-01-29,392,11786,351,5668,41,6118,0,0,363,8785,29,1413,364,10198,California
Mendocino,2021-01-30,49,11835,31,5699,18,6136,0,0,42,8820,7,1420,42,10240,California
Mendocino,2021-01-31,273,12108,2,5701,271,6407,0,0,3,8553,270,1690,3,10243,California
Mendocino,2021-02-01,381,12489,52,5753,329,6736,0,0,59,8290,322,2012,59,10302,California
Mendocino,2021-02-02,733,13222,513,6266,220,6956,0,0,374,8305,359,2371,374,10676,California
Mendocino,2021-02-03,392,13614,207,6473,185,7141,0,0,223,8361,167,2538,223,10899,California
Mendocino,2021-02-04,625,14239,530,7003,95,7236,0,0,501,8738,124,2662,501,11400,California
Mendocino,2021-02-05,1301,15540,1213,8216,88,7324,0,0,583,8605,716,3378,583,11983,California
Mendocino,2021-02-06,559,16099,158,8374,401,7725,0,0,544,9134,15,3393,544,12527,California
Mendocino,2021-02-07,32,16131,28,8402,4,7729,0,0,32,9166,0,3393,32,12559,California
Mendocino,2021-02-08,747,16878,715,9117,32,7761,0,0,285,8989,462,3855,285,12844,California
Mendocino,2021-02-09,141,17019,58,9175,83,7844,0,0,89,9026,52,3907,89,12933,California
Mendocino,2021-02-10,1490,18509,924,10099,566,8410,0,0,744,9031,739,4646,744,13677,California
Mendocino,2021-02-11,1191,19700,208,10307,983,9393,0,0,298,8436,893,5539,298,13975,California
Mendocino,2021-02-12,1445,21145,163,10470,1282,10675,0,0,654,8306,790,6329,660,14635,California
Mendocino,2021-02-13,497,21642,12,10482,485,11160,0,0,104,8023,392,6721,109,14744,California
Mendocino,2021-02-14,693,22335,3,10485,690,11850,0,0,134,7598,559,7280,134,14878,California
Mendocino,2021-02-15,330,22665,42,10527,288,12138,0,0,175,7618,155,7435,175,15053,California
Mendocino,2021-02-16,201,22866,51,10578,150,12288,0,0,130,7677,71,7506,130,15183,California
Mendocino,2021-02-17,1352,24218,1190,11768,162,12450,0,0,877,8081,473,7979,877,16060,California
Mendocino,2021-02-18,1791,26009,645,12413,1146,13596,0,0,1225,8741,565,8544,1225,17285,California
Mendocino,2021-02-19,753,26762,146,12559,607,14203,0,0,614,9216,139,8683,614,17899,California
Mendocino,2021-02-20,578,27340,552,13111,26,14229,0,0,547,9734,29,8712,547,18446,California
Mendocino,2021-02-21,325,27665,6,13117,319,14548,0,0,313,10036,11,8723,313,18759,California
Mendocino,2021-02-22,162,27827,30,13147,132,14680,0,0,69,10014,91,8814,69,18828,California
Mendocino,2021-02-23,854,28681,841,13988,13,14693,0,0,646,10454,206,9020,646,19474,California
Mendocino,2021-02-24,1847,30528,1767,15755,80,14773,0,0,1437,11488,405,9425,1439,20913,California
Mendocino,2021-02-25,1708,32236,533,16288,1175,15948,0,0,1287,12355,420,9845,1287,22200,California
Mendocino,2021-02-26,1414,33650,748,17036,666,16614,0,0,1048,13039,364,10209,1048,23248,California
Mendocino,2021-02-27,200,33850,152,17188,48,16662,0,0,77,12994,122,10331,77,23325,California
Mendocino,2021-02-28,36,33886,14,17202,22,16684,0,0,24,13006,12,10343,24,23349,California
Mendocino,2021-03-01,588,34474,544,17746,44,16728,0,0,548,13517,37,10380,548,23897,California
Mendocino,2021-03-02,75,34549,28,17774,47,16775,0,0,41,13525,33,10413,41,23938,California
Mendocino,2021-03-03,2028,36577,1331,19105,697,17472,0,0,1379,14257,647,11060,1379,25317,California
Mendocino,2021-03-04,1849,38426,147,19252,1702,19174,0,0,1630,15672,216,11276,1631,26948,California
Mendocino,2021-03-05,474,38900,414,19666,51,19225,9,9,370,15951,100,11376,379,27327,California
Mendocino,2021-03-06,244,39144,21,19687,198,19423,25,34,203,16139,40,11416,228,27555,California
Mendocino,2021-03-07,506,39650,8,19695,478,19901,20,54,118,15889,387,11803,137,27692,California
Mendocino,2021-03-08,125,39775,30,19725,58,19959,37,91,64,15931,59,11862,101,27793,California
Mendocino,2021-03-09,576,40351,236,19961,299,20258,41,132,478,16352,98,11960,519,28312,California
Mendocino,2021-03-10,1112,41463,982,20943,65,20323,65,197,267,15845,842,12802,335,28647,California
Mendocino,2021-03-11,826,42289,612,21555,160,20483,54,251,394,15864,429,13231,448,29095,California
Mendocino,2021-03-12,2024,44313,1032,22587,897,21380,95,346,1213,16368,804,14035,1308,30403,California
Mendocino,2021-03-13,657,44970,527,23114,73,21453,57,403,95,15962,558,14593,152,30555,California
Mendocino,2021-03-14,104,45074,2,23116,95,21548,7,410,11,15891,89,14682,18,30573,California
Mendocino,2021-03-15,597,45671,50,23166,489,22037,58,468,208,15768,388,15070,265,30838,California
Mendocino,2021-03-16,571,46242,374,23540,151,22188,46,514,117,15479,452,15522,163,31001,California
Mendocino,2021-03-17,1562,47804,1359,24899,55,22243,148,662,210,14495,1349,16871,365,31366,California
Mendocino,2021-03-18,1311,49115,247,25146,1026,23269,38,700,283,13798,1020,17891,323,31689,California
Mendocino,2021-03-19,1757,50872,857,26003,839,24108,61,761,330,12768,1423,19314,393,32082,California
Mendocino,2021-03-20,68,50940,10,26013,37,24145,21,782,11,12743,57,19371,32,32114,California
Mendocino,2021-03-21,8,50948,1,26014,2,24147,5,787,3,12746,5,19376,8,32122,California
Mendocino,2021-03-22,624,51572,580,26594,15,24162,29,816,141,12436,479,19855,169,32291,California
Mendocino,2021-03-23,165,51737,33,26627,102,24264,30,846,115,12531,50,19905,145,32436,California
Mendocino,2021-03-24,913,52650,840,27467,26,24290,47,893,114,11895,797,20702,161,32597,California
Mendocino,2021-03-25,1991,54641,50,27517,1921,26211,20,913,170,10268,1815,22517,188,32785,California
Mendocino,2021-03-26,509,55150,359,27876,125,26336,25,938,110,10004,399,22916,135,32920,California
Mendocino,2021-03-27,143,55293,13,27889,118,26454,12,950,81,10035,61,22977,92,33012,California
Mendocino,2021-03-28,25,55318,5,27894,16,26470,4,954,3,10021,21,22998,7,33019,California
Mendocino,2021-03-29,187,55505,99,27993,46,26516,42,996,95,10066,92,23090,137,33156,California
Mendocino,2021-03-30,686,56191,601,28594,48,26564,37,1033,411,10240,274,23364,448,33604,California
Mendocino,2021-03-31,872,57063,274,28868,538,27102,60,1093,143,9717,727,24091,204,33808,California
Mendocino,2021-04-01,1714,58777,400,29268,1235,28337,79,1172,384,8861,1322,25413,466,34274,California
Mendocino,2021-04-02,1288,60065,1058,30326,157,28494,73,1245,161,7973,1123,26536,235,34509,California
Mendocino,2021-04-03,706,60771,9,30335,676,29170,21,1266,84,7461,618,27154,106,34615,California
Mendocino,2021-04-04,69,60840,34,30369,29,29199,6,1272,54,7506,15,27169,60,34675,California
Mendocino,2021-04-05,213,61053,142,30511,47,29246,24,1296,133,7580,80,27249,154,34829,California
Mendocino,2021-04-06,396,61449,121,30632,180,29426,95,1391,107,7493,289,27538,202,35031,California
Mendocino,2021-04-07,485,61934,176,30808,64,29490,245,1636,113,7481,369,27907,357,35388,California
Mendocino,2021-04-08,1489,63423,911,31719,463,29953,115,1751,999,8111,484,28391,1114,36502,California
Mendocino,2021-04-09,756,64179,425,32144,170,30123,161,1912,395,8307,360,28751,556,37058,California
Mendocino,2021-04-10,404,64583,91,32235,267,30390,46,1958,99,8147,305,29056,145,37203,California
Mendocino,2021-04-11,122,64705,47,32282,19,30409,56,2014,59,8199,63,29119,115,37318,California
Mendocino,2021-04-12,621,65326,513,32795,48,30457,60,2074,415,8468,206,29325,475,37793,California
Mendocino,2021-04-13,289,65615,226,33021,63,30520,0,2074,222,8623,67,29392,222,38015,California
Mendocino,2021-04-14,514,66129,424,33445,90,30610,0,2074,412,8933,102,29494,412,38427,California
Mendocino,2021-04-15,656,66785,326,33771,330,30940,0,2074,389,9059,263,29757,389,38816,California
Mendocino,2021-04-16,124,66909,51,33822,72,31012,1,2075,77,9090,46,29803,77,38893,California
Mendocino,2021-04-17,198,67107,12,33834,186,31198,0,2075,70,9034,126,29929,70,38963,California
Mendocino,2021-04-18,12,67119,6,33840,6,31204,0,2075,8,9038,4,29933,8,38971,California
Mendocino,2021-04-19,539,67658,514,34354,24,31228,1,2076,433,9367,105,30038,434,39405,California
Mendocino,2021-04-20,418,68076,291,34645,127,31355,0,2076,262,9473,156,30194,262,39667,California
Mendocino,2021-04-21,193,68269,133,34778,59,31414,1,2077,114,9510,77,30271,114,39781,California
Mendocino,2021-04-22,489,68758,314,35092,174,31588,1,2078,321,9665,166,30437,321,40102,California
Mendocino,2021-04-23,850,69608,708,35800,142,31730,0,2078,693,10203,155,30592,693,40795,California
Mendocino,2021-04-24,108,69716,14,35814,94,31824,0,2078,101,10297,7,30599,101,40896,California
Mendocino,2021-04-25,56,69772,32,35846,20,31844,4,2082,18,10281,38,30637,22,40918,California
Mendocino,2021-04-26,293,70065,227,36073,61,31905,5,2087,192,10378,100,30737,197,41115,California
Mendocino,2021-04-27,201,70266,89,36162,85,31990,27,2114,92,10388,108,30845,118,41233,California
Mendocino,2021-04-28,219,70485,147,36309,53,32043,19,2133,125,10438,94,30939,144,41377,California
Mendocino,2021-04-29,1137,71622,840,37149,282,32325,15,2148,105,9528,1030,31969,120,41497,California
Mendocino,2021-04-30,608,72230,386,37535,212,32537,10,2158,229,9389,378,32347,239,41736,California
Mendocino,2021-05-01,472,72702,434,37969,32,32569,6,2164,367,9658,104,32451,373,42109,California
Mendocino,2021-05-02,56,72758,47,38016,6,32575,3,2167,9,9624,46,32497,12,42121,California
Mendocino,2021-05-03,136,72894,75,38091,39,32614,22,2189,39,9590,95,32592,61,42182,California
Mendocino,2021-05-04,377,73271,252,38343,92,32706,33,2222,140,9526,237,32829,173,42355,California
Mendocino,2021-05-05,869,74140,785,39128,69,32775,15,2237,219,9111,649,33478,234,42589,California
Mendocino,2021-05-06,628,74768,380,39508,226,33001,22,2259,152,8811,474,33952,174,42763,California
Mendocino,2021-05-07,179,74947,36,39544,119,33120,24,2283,117,8891,61,34013,141,42904,California
Mendocino,2021-05-08,124,75071,4,39548,119,33239,1,2284,109,8986,15,34028,110,43014,California
Mendocino,2021-05-09,20,75091,5,39553,14,33253,1,2285,3,8973,17,34045,4,43018,California
Mendocino,2021-05-10,232,75323,149,39702,78,33331,5,2290,142,9030,90,34135,147,43165,California
Mendocino,2021-05-11,274,75597,142,39844,115,33446,17,2307,128,9028,146,34281,144,43309,California
Mendocino,2021-05-12,125,75722,79,39923,38,33484,8,2315,36,8985,87,34368,44,43353,California
Mendocino,2021-05-13,1194,76916,1098,41021,81,33565,15,2330,298,8402,896,35264,313,43666,California
Mendocino,2021-05-14,696,77612,485,41506,152,33717,59,2389,234,8239,457,35721,294,43960,California
Mendocino,2021-05-15,87,77699,30,41536,54,33771,3,2392,42,8239,45,35766,45,44005,California
Mendocino,2021-05-16,86,77785,85,41621,1,33772,0,2392,77,8307,9,35775,77,44082,California
Mendocino,2021-05-17,131,77916,62,41683,58,33830,11,2403,67,8321,64,35839,78,44160,California
Mendocino,2021-05-18,106,78022,74,41757,22,33852,10,2413,47,8320,58,35897,57,44217,California
Merced,2020-12-16,3,3,3,3,0,0,0,0,3,3,0,0,3,3,California
Merced,2020-12-17,5,8,5,8,0,0,0,0,5,8,0,0,5,8,California
Merced,2020-12-18,143,151,143,151,0,0,0,0,143,151,0,0,143,151,California
Merced,2020-12-19,39,190,39,190,0,0,0,0,39,190,0,0,39,190,California
Merced,2020-12-20,17,207,17,207,0,0,0,0,17,207,0,0,17,207,California
Merced,2020-12-21,125,332,122,329,3,3,0,0,125,332,0,0,125,332,California
Merced,2020-12-22,152,484,152,481,0,3,0,0,152,484,0,0,152,484,California
Merced,2020-12-23,247,731,241,722,6,9,0,0,247,731,0,0,247,731,California
Merced,2020-12-24,72,803,72,794,0,9,0,0,72,803,0,0,72,803,California
Merced,2020-12-25,4,807,4,798,0,9,0,0,4,807,0,0,4,807,California
Merced,2020-12-26,6,813,3,801,3,12,0,0,6,813,0,0,6,813,California
Merced,2020-12-27,12,825,11,812,1,13,0,0,12,825,0,0,12,825,California
Merced,2020-12-28,123,948,98,910,25,38,0,0,123,948,0,0,123,948,California
Merced,2020-12-29,180,1128,124,1034,56,94,0,0,180,1128,0,0,180,1128,California
Merced,2020-12-30,214,1342,89,1123,125,219,0,0,214,1342,0,0,214,1342,California
Merced,2020-12-31,103,1445,34,1157,69,288,0,0,103,1445,0,0,103,1445,California
Merced,2021-01-01,4,1449,0,1157,4,292,0,0,4,1449,0,0,4,1449,California
Merced,2021-01-02,128,1577,117,1274,11,303,0,0,128,1577,0,0,128,1577,California
Merced,2021-01-03,9,1586,5,1279,4,307,0,0,9,1586,0,0,9,1586,California
Merced,2021-01-04,80,1666,42,1321,38,345,0,0,80,1666,0,0,80,1666,California
Merced,2021-01-05,319,1985,231,1552,88,433,0,0,313,1975,6,6,315,1981,California
Merced,2021-01-06,254,2239,104,1656,150,583,0,0,248,2217,6,12,248,2229,California
Merced,2021-01-07,185,2424,81,1737,104,687,0,0,175,2381,11,23,175,2404,California
Merced,2021-01-08,527,2951,393,2130,134,821,0,0,376,2607,150,173,376,2780,California
Merced,2021-01-09,23,2974,10,2140,13,834,0,0,17,2618,6,179,17,2797,California
Merced,2021-01-10,11,2985,7,2147,4,838,0,0,7,2621,4,183,7,2804,California
Merced,2021-01-11,226,3211,167,2314,59,897,0,0,102,2601,124,307,104,2908,California
Merced,2021-01-12,292,3503,169,2483,123,1020,0,0,242,2792,51,358,242,3150,California
Merced,2021-01-13,372,3875,173,2656,199,1219,0,0,221,2865,151,509,224,3374,California
Merced,2021-01-14,324,4199,200,2856,124,1343,0,0,159,2861,164,673,160,3534,California
Merced,2021-01-15,580,4779,128,2984,452,1795,0,0,542,3366,39,712,544,4078,California
Merced,2021-01-16,203,4982,122,3106,81,1876,0,0,198,3559,5,717,198,4276,California
Merced,2021-01-17,50,5032,12,3118,38,1914,0,0,49,3607,1,718,49,4325,California
Merced,2021-01-18,261,5293,126,3244,135,2049,0,0,239,3827,22,740,242,4567,California
Merced,2021-01-19,711,6004,587,3831,124,2173,0,0,539,4198,172,912,543,5110,California
Merced,2021-01-20,571,6575,466,4297,105,2278,0,0,514,4658,57,969,517,5627,California
Merced,2021-01-21,1010,7585,648,4945,362,2640,0,0,910,5471,100,1069,913,6540,California
Merced,2021-01-22,1311,8896,692,5637,619,3259,0,0,1284,6740,27,1096,1296,7836,California
Merced,2021-01-23,324,9220,197,5834,127,3386,0,0,217,6850,107,1203,217,8053,California
Merced,2021-01-24,37,9257,15,5849,22,3408,0,0,28,6870,8,1211,28,8081,California
Merced,2021-01-25,728,9985,241,6090,487,3895,0,0,669,7482,58,1269,670,8751,California
Merced,2021-01-26,916,10901,486,6576,430,4325,0,0,675,7944,214,1483,676,9427,California
Merced,2021-01-27,979,11880,582,7158,397,4722,0,0,812,8591,165,1648,812,10239,California
Merced,2021-01-28,1139,13019,593,7751,546,5268,0,0,1016,9486,122,1770,1017,11256,California
Merced,2021-01-29,846,13865,321,8072,525,5793,0,0,600,9850,239,2009,603,11859,California
Merced,2021-01-30,261,14126,28,8100,233,6026,0,0,244,10077,17,2026,244,12103,California
Merced,2021-01-31,46,14172,10,8110,36,6062,0,0,45,10121,1,2027,45,12148,California
Merced,2021-02-01,374,14546,52,8162,322,6384,0,0,325,10399,48,2075,326,12474,California
Merced,2021-02-02,295,14841,181,8343,114,6498,0,0,176,10459,117,2192,177,12651,California
Merced,2021-02-03,347,15188,71,8414,276,6774,0,0,168,10448,179,2371,168,12819,California
Merced,2021-02-04,372,15560,147,8561,225,6999,0,0,241,10560,130,2501,242,13061,California
Merced,2021-02-05,512,16072,172,8733,340,7339,0,0,272,10595,239,2740,274,13335,California
Merced,2021-02-06,389,16461,219,8952,170,7509,0,0,246,10700,142,2882,247,13582,California
Merced,2021-02-07,21,16482,13,8965,8,7517,0,0,14,10707,7,2889,14,13596,California
Merced,2021-02-08,280,16762,197,9162,83,7600,0,0,170,10769,109,2998,171,13767,California
Merced,2021-02-09,1216,17978,955,10117,261,7861,0,0,773,11108,435,3433,774,14541,California
Merced,2021-02-10,1853,19831,1431,11548,422,8283,0,0,1274,11813,569,4002,1274,15815,California
Merced,2021-02-11,2501,22332,2005,13553,496,8779,0,0,1812,12945,680,4682,1812,17627,California
Merced,2021-02-12,1717,24049,1015,14568,702,9481,0,0,745,12729,963,5645,747,18374,California
Merced,2021-02-13,361,24410,206,14774,155,9636,0,0,262,12895,98,5743,264,18638,California
Merced,2021-02-14,117,24527,26,14800,91,9727,0,0,95,12969,22,5765,96,18734,California
Merced,2021-02-15,273,24800,41,14841,232,9959,0,0,168,13039,99,5864,169,18903,California
Merced,2021-02-16,1215,26015,843,15684,372,10331,0,0,837,13518,360,6224,839,19742,California
Merced,2021-02-17,1877,27892,1632,17316,245,10576,0,0,1315,14288,548,6772,1318,21060,California
Merced,2021-02-18,1210,29102,819,18135,391,10967,0,0,406,13911,783,7555,406,21466,California
Merced,2021-02-19,1263,30365,413,18548,850,11817,0,0,538,13732,719,8274,540,22006,California
Merced,2021-02-20,276,30641,31,18579,245,12062,0,0,138,13734,136,8410,138,22144,California
Merced,2021-02-21,77,30718,62,18641,15,12077,0,0,31,13720,45,8455,31,22175,California
Merced,2021-02-22,832,31550,294,18935,538,12615,0,0,482,13854,348,8803,482,22657,California
Merced,2021-02-23,1081,32631,421,19356,660,13275,0,0,639,14056,437,9240,639,23296,California
Merced,2021-02-24,818,33449,302,19658,516,13791,0,0,446,14140,363,9603,447,23743,California
Merced,2021-02-25,1763,35212,871,20529,892,14683,0,0,1311,15004,449,10052,1313,25056,California
Merced,2021-02-26,2151,37363,1378,21907,773,15456,0,0,1739,16334,410,10462,1740,26796,California
Merced,2021-02-27,2529,39892,1103,23010,1426,16882,0,0,2244,18294,284,10746,2244,29040,California
Merced,2021-02-28,307,40199,72,23082,235,17117,0,0,252,18495,51,10797,252,29292,California
Merced,2021-03-01,1119,41318,281,23363,837,17954,1,1,778,18942,332,11129,779,30071,California
Merced,2021-03-02,1752,43070,908,24271,843,18797,1,2,1364,19928,379,11508,1365,31436,California
Merced,2021-03-03,2218,45288,1728,25999,489,19286,1,3,1460,20650,740,12248,1462,32898,California
Merced,2021-03-04,2884,48172,2270,28269,612,19898,2,5,1915,21616,952,13200,1918,34816,California
Merced,2021-03-05,2064,50236,1194,29463,846,20744,24,29,1526,22642,525,13725,1551,36367,California
Merced,2021-03-06,1165,51401,662,30125,481,21225,22,51,909,23318,255,13980,931,37298,California
Merced,2021-03-07,229,51630,65,30190,139,21364,25,76,200,23514,29,14009,225,37523,California
Merced,2021-03-08,1409,53039,810,31000,534,21898,65,141,1196,24561,213,14222,1260,38783,California
Merced,2021-03-09,1693,54732,997,31997,589,22487,107,248,1098,25177,590,14812,1206,39989,California
Merced,2021-03-10,2692,57424,1865,33862,627,23114,200,448,1618,25939,1060,15872,1822,41811,California
Merced,2021-03-11,1937,59361,690,34552,1043,24157,204,652,1219,26681,703,16575,1445,43256,California
Merced,2021-03-12,2198,61559,902,35454,1028,25185,268,920,1484,27735,710,17285,1764,45020,California
Merced,2021-03-13,721,62280,309,35763,170,25355,242,1162,414,28093,299,17584,657,45677,California
Merced,2021-03-14,249,62529,136,35899,83,25438,30,1192,149,28174,99,17683,180,45857,California
Merced,2021-03-15,1501,64030,494,36393,752,26190,255,1447,984,28902,510,18193,1238,47095,California
Merced,2021-03-16,1444,65474,695,37088,523,26713,226,1673,958,29609,476,18669,1183,48278,California
Merced,2021-03-17,1958,67432,1056,38144,724,27437,178,1851,1510,30860,439,19108,1690,49968,California
Merced,2021-03-18,2043,69475,1173,39317,723,28160,147,1998,1390,31769,641,19749,1550,51518,California
Merced,2021-03-19,2663,72138,1451,40768,1019,29179,193,2191,1384,32079,1268,21017,1578,53096,California
Merced,2021-03-20,2414,74552,1486,42254,533,29712,395,2586,956,31979,1455,22472,1355,54451,California
Merced,2021-03-21,556,75108,343,42597,200,29912,13,2599,436,32310,120,22592,451,54902,California
Merced,2021-03-22,1262,76370,629,43226,557,30469,76,2675,887,32907,368,22960,965,55867,California
Merced,2021-03-23,1828,78198,1101,44327,663,31132,64,2739,1345,33838,479,23439,1410,57277,California
Merced,2021-03-24,1438,79636,902,45229,501,31633,35,2774,959,34359,474,23913,995,58272,California
Merced,2021-03-25,3305,82941,2272,47501,1011,32644,22,2796,2075,35237,1222,25135,2100,60372,California
Merced,2021-03-26,1930,84871,1084,48585,812,33456,34,2830,889,35126,1033,26168,922,61294,California
Merced,2021-03-27,3258,88129,1890,50475,1205,34661,163,2993,1507,35058,1739,27907,1671,62965,California
Merced,2021-03-28,518,88647,214,50689,297,34958,7,3000,214,34979,302,28209,223,63188,California
Merced,2021-03-29,1822,90469,776,51465,881,35839,165,3165,667,34668,1147,29356,836,64024,California
Merced,2021-03-30,2147,92616,801,52266,1287,37126,59,3224,991,34567,1152,30508,1051,65075,California
Merced,2021-03-31,2130,94746,1403,53669,689,37815,38,3262,953,34398,1162,31670,993,66068,California
Merced,2021-04-01,2184,96930,1021,54690,1038,38853,125,3387,999,34346,1179,32849,1127,67195,California
Merced,2021-04-02,2332,99262,637,55327,1292,40145,403,3790,783,34002,1532,34381,1188,68383,California
Merced,2021-04-03,904,100166,427,55754,464,40609,13,3803,496,34110,404,34785,512,68895,California
Merced,2021-04-04,369,100535,143,55897,222,40831,4,3807,141,34030,227,35012,147,69042,California
Merced,2021-04-05,1266,101801,602,56499,453,41284,211,4018,417,33815,842,35854,627,69669,California
Merced,2021-04-06,2419,104220,897,57396,695,41979,827,4845,904,34034,1511,37365,1730,71399,California
Merced,2021-04-07,1650,105870,886,58282,657,42636,107,4952,585,33676,1052,38417,694,72093,California
Merced,2021-04-08,2275,108145,1170,59452,890,43526,215,5167,814,33273,1430,39847,1027,73120,California
Merced,2021-04-09,1679,109824,472,59924,632,44158,575,5742,562,33311,1101,40948,1139,74259,California
Merced,2021-04-10,697,110521,363,60287,146,44304,188,5930,176,33157,516,41464,362,74621,California
Merced,2021-04-11,488,111009,281,60568,72,44376,135,6065,147,33101,339,41803,283,74904,California
Merced,2021-04-12,1418,112427,929,61497,366,44742,123,6188,815,33472,567,42370,938,75842,California
Merced,2021-04-13,2028,114455,1451,62948,574,45316,3,6191,938,33415,1002,43372,945,76787,California
Merced,2021-04-14,2041,116496,1209,64157,832,46148,0,6191,903,33313,1007,44379,905,77692,California
Merced,2021-04-15,3015,119511,1974,66131,1041,47189,0,6191,956,32441,1832,46211,960,78652,California
Merced,2021-04-16,2358,121869,1148,67279,1210,48399,0,6191,965,32109,1297,47508,965,79617,California
Merced,2021-04-17,1455,123324,810,68089,645,49044,0,6191,359,31378,1091,48599,360,79977,California
Merced,2021-04-18,467,123791,246,68335,221,49265,0,6191,190,31318,250,48849,190,80167,California
Merced,2021-04-19,1326,125117,744,69079,582,49847,0,6191,704,31494,528,49377,704,80871,California
Merced,2021-04-20,1412,126529,732,69811,680,50527,0,6191,787,31724,558,49935,788,81659,California
Merced,2021-04-21,1464,127993,881,70692,583,51110,0,6191,749,31869,604,50539,749,82408,California
Merced,2021-04-22,1604,129597,740,71432,864,51974,0,6191,774,31894,749,51288,774,83182,California
Merced,2021-04-23,1629,131226,668,72100,961,52935,0,6191,882,32077,700,51988,883,84065,California
Merced,2021-04-24,570,131796,400,72500,170,53105,0,6191,390,32292,176,52164,391,84456,California
Merced,2021-04-25,326,132122,186,72686,140,53245,0,6191,192,32352,132,52296,192,84648,California
Merced,2021-04-26,1178,133300,513,73199,665,53910,0,6191,614,32437,531,52827,616,85264,California
Merced,2021-04-27,1607,134907,748,73947,849,54759,10,6201,649,32205,892,53719,660,85924,California
Merced,2021-04-28,1363,136270,675,74622,679,55438,9,6210,781,32435,561,54280,791,86715,California
Merced,2021-04-29,1393,137663,590,75212,778,56216,25,6235,649,32376,735,55015,676,87391,California
Merced,2021-04-30,1442,139105,604,75816,794,57010,44,6279,742,32466,697,55712,787,88178,California
Merced,2021-05-01,555,139660,240,76056,311,57321,4,6283,257,32432,295,56007,261,88439,California
Merced,2021-05-02,291,139951,117,76173,159,57480,15,6298,128,32413,163,56170,144,88583,California
Merced,2021-05-03,789,140740,545,76718,197,57677,47,6345,276,32230,507,56677,324,88907,California
Merced,2021-05-04,1008,141748,540,77258,416,58093,52,6397,368,32014,636,57313,420,89327,California
Merced,2021-05-05,1154,142902,716,77974,362,58455,76,6473,488,31921,657,57970,564,89891,California
Merced,2021-05-06,901,143803,469,78443,383,58838,49,6522,306,31686,590,58560,355,90246,California
Merced,2021-05-07,903,144706,287,78730,575,59413,41,6563,393,31615,507,59067,436,90682,California
Merced,2021-05-08,396,145102,200,78930,160,59573,36,6599,181,31618,214,59281,217,90899,California
Merced,2021-05-09,215,145317,107,79037,100,59673,8,6607,103,31618,111,59392,111,91010,California
Merced,2021-05-10,687,146004,350,79387,301,59974,36,6643,190,31348,496,59888,226,91236,California
Merced,2021-05-11,1094,147098,649,80036,398,60372,47,6690,420,31146,669,60557,467,91703,California
Merced,2021-05-12,836,147934,498,80534,301,60673,37,6727,235,30821,597,61154,272,91975,California
Merced,2021-05-13,702,148636,359,80893,302,60975,41,6768,247,30657,453,61607,289,92264,California
Merced,2021-05-14,928,149564,609,81502,279,61254,40,6808,498,30772,423,62030,538,92802,California
Merced,2021-05-15,708,150272,527,82029,162,61416,19,6827,408,30904,295,62325,427,93229,California
Merced,2021-05-16,157,150429,76,82105,74,61490,7,6834,69,30894,86,62411,76,93305,California
Merced,2021-05-17,889,151318,542,82647,318,61808,29,6863,397,30832,489,62900,427,93732,California
Merced,2021-05-18,448,151766,289,82936,148,61956,11,6874,281,30960,164,63064,292,94024,California
Modoc,2020-12-16,1,1,1,1,0,0,0,0,1,1,0,0,1,1,California
Modoc,2020-12-21,99,100,99,100,0,0,0,0,99,100,0,0,99,100,California
Modoc,2020-12-22,14,114,14,114,0,0,0,0,14,114,0,0,14,114,California
Modoc,2020-12-23,4,118,4,118,0,0,0,0,4,118,0,0,4,118,California
Modoc,2020-12-24,1,119,1,119,0,0,0,0,1,119,0,0,1,119,California
Modoc,2020-12-28,2,121,2,121,0,0,0,0,2,121,0,0,2,121,California
Modoc,2020-12-29,10,131,1,122,9,9,0,0,10,131,0,0,10,131,California
Modoc,2020-12-30,7,138,0,122,7,16,0,0,7,138,0,0,7,138,California
Modoc,2021-01-02,3,141,1,123,2,18,0,0,3,141,0,0,3,141,California
Modoc,2021-01-04,8,149,0,123,8,26,0,0,8,149,0,0,8,149,California
Modoc,2021-01-05,2,151,1,124,1,27,0,0,2,151,0,0,2,151,California
Modoc,2021-01-06,3,154,2,126,1,28,0,0,2,152,1,1,2,153,California
Modoc,2021-01-07,72,226,0,126,72,100,0,0,72,224,0,1,72,225,California
Modoc,2021-01-08,105,331,0,126,105,205,0,0,105,329,0,1,105,330,California
Modoc,2021-01-10,1,332,1,127,0,205,0,0,0,328,1,2,0,330,California
Modoc,2021-01-11,90,422,81,208,9,214,0,0,19,276,71,73,19,349,California
Modoc,2021-01-12,94,516,25,233,69,283,0,0,68,318,26,99,68,417,California
Modoc,2021-01-13,24,540,4,237,20,303,0,0,22,338,2,101,22,439,California
Modoc,2021-01-14,129,669,6,243,123,426,0,0,124,457,5,106,124,563,California
Modoc,2021-01-15,6,675,1,244,5,431,0,0,6,463,0,106,6,569,California
Modoc,2021-01-16,1,676,1,245,0,431,0,0,1,464,0,106,1,570,California
Modoc,2021-01-18,1,677,1,246,0,431,0,0,1,465,0,106,1,571,California
Modoc,2021-01-19,5,682,3,249,2,433,0,0,3,466,2,108,3,574,California
Modoc,2021-01-20,11,693,1,250,10,443,0,0,11,477,0,108,11,585,California
Modoc,2021-01-21,157,850,2,252,155,598,0,0,157,634,0,108,157,742,California
Modoc,2021-01-22,2,852,0,252,2,600,0,0,2,636,0,108,2,744,California
Modoc,2021-01-25,11,863,0,252,11,611,0,0,11,647,0,108,11,755,California
Modoc,2021-01-26,65,928,1,253,64,675,0,0,65,712,0,108,65,820,California
Modoc,2021-01-27,41,969,2,255,39,714,0,0,25,721,16,124,25,845,California
Modoc,2021-01-28,145,1114,2,257,143,857,0,0,144,864,1,125,144,989,California
Modoc,2021-01-29,3,1117,1,258,2,859,0,0,3,867,0,125,3,992,California
Modoc,2021-02-01,26,1143,13,271,13,872,0,0,12,865,14,139,12,1004,California
Modoc,2021-02-02,170,1313,2,273,168,1040,0,0,167,1029,3,142,167,1171,California
Modoc,2021-02-03,18,1331,13,286,5,1045,0,0,11,1033,7,149,11,1182,California
Modoc,2021-02-04,155,1486,4,290,151,1196,0,0,27,932,128,277,27,1209,California
Modoc,2021-02-05,4,1490,3,293,1,1197,0,0,3,934,1,278,3,1212,California
Modoc,2021-02-08,9,1499,2,295,7,1204,0,0,8,941,1,279,8,1220,California
Modoc,2021-02-09,197,1696,13,308,184,1388,0,0,65,874,132,411,65,1285,California
Modoc,2021-02-10,5,1701,2,310,3,1391,0,0,4,877,1,412,4,1289,California
Modoc,2021-02-11,201,1902,3,313,198,1589,0,0,83,842,118,530,83,1372,California
Modoc,2021-02-12,4,1906,0,313,4,1593,0,0,2,842,2,532,2,1374,California
Modoc,2021-02-13,1,1907,0,313,1,1594,0,0,1,843,0,532,1,1375,California
Modoc,2021-02-16,147,2054,6,319,141,1735,0,0,143,982,4,536,143,1518,California
Modoc,2021-02-17,24,2078,1,320,23,1758,0,0,12,982,12,548,12,1530,California
Modoc,2021-02-18,188,2266,2,322,186,1944,0,0,25,846,162,710,26,1556,California
Modoc,2021-02-19,2,2268,2,324,0,1944,0,0,2,848,0,710,2,1558,California
Modoc,2021-02-20,1,2269,1,325,0,1944,0,0,0,847,1,711,0,1558,California
Modoc,2021-02-22,17,2286,9,334,8,1952,0,0,3,836,14,725,3,1561,California
Modoc,2021-02-23,20,2306,2,336,18,1970,0,0,1,818,19,744,1,1562,California
Modoc,2021-02-24,91,2397,1,337,90,2060,0,0,31,789,60,804,31,1593,California
Modoc,2021-02-25,169,2566,1,338,168,2228,0,0,13,646,156,960,13,1606,California
Modoc,2021-02-26,3,2569,0,338,3,2231,0,0,1,645,2,962,1,1607,California
Modoc,2021-02-27,5,2574,5,343,0,2231,0,0,2,644,3,965,2,1609,California
Modoc,2021-03-01,5,2579,0,343,5,2236,0,0,0,640,4,969,0,1609,California
Modoc,2021-03-02,193,2772,12,355,181,2417,0,0,26,499,167,1136,26,1635,California
Modoc,2021-03-03,12,2784,6,361,6,2423,0,0,2,491,10,1146,2,1637,California
Modoc,2021-03-04,175,2959,2,363,173,2596,0,0,148,612,27,1173,148,1785,California
Modoc,2021-03-05,4,2963,3,366,1,2597,0,0,2,612,2,1175,2,1787,California
Modoc,2021-03-06,11,2974,0,366,1,2598,10,10,1,613,10,1185,11,1798,California
Modoc,2021-03-07,6,2980,1,367,0,2598,5,15,1,614,5,1190,6,1804,California
Modoc,2021-03-08,8,2988,1,368,3,2601,4,19,1,613,6,1196,5,1809,California
Modoc,2021-03-09,126,3114,10,378,108,2709,8,27,61,617,65,1261,69,1878,California
Modoc,2021-03-10,9,3123,3,381,2,2711,4,31,4,620,5,1266,8,1886,California
Modoc,2021-03-11,207,3330,0,381,99,2810,108,139,22,565,185,1451,130,2016,California
Modoc,2021-03-12,10,3340,1,382,4,2814,5,144,4,568,6,1457,9,2025,California
Modoc,2021-03-13,4,3344,0,382,1,2815,3,147,1,569,3,1460,4,2029,California
Modoc,2021-03-15,12,3356,1,383,10,2825,1,148,10,578,2,1462,11,2040,California
Modoc,2021-03-16,173,3529,1,384,168,2993,4,152,42,492,131,1593,45,2085,California
Modoc,2021-03-17,10,3539,1,385,4,2997,5,157,2,491,8,1601,7,2092,California
Modoc,2021-03-18,67,3606,2,387,58,3055,7,164,35,501,32,1633,42,2134,California
Modoc,2021-03-19,5,3611,0,387,0,3055,5,169,0,501,5,1638,5,2139,California
Modoc,2021-03-20,5,3616,2,389,0,3055,3,172,0,499,5,1643,3,2142,California
Modoc,2021-03-21,4,3620,1,390,1,3056,2,174,2,501,2,1645,4,2146,California
Modoc,2021-03-22,18,3638,1,391,11,3067,6,180,12,513,6,1651,18,2164,California
Modoc,2021-03-23,37,3675,7,398,27,3094,3,183,28,535,9,1660,31,2195,California
Modoc,2021-03-24,29,3704,1,399,18,3112,10,193,1,518,28,1688,11,2206,California
Modoc,2021-03-25,77,3781,1,400,74,3186,2,195,45,533,32,1720,47,2253,California
Modoc,2021-03-26,7,3788,2,402,2,3188,3,198,2,533,5,1725,5,2258,California
Modoc,2021-03-27,2,3790,0,402,1,3189,1,199,1,534,1,1726,2,2260,California
Modoc,2021-03-28,2,3792,1,403,0,3189,1,200,0,533,2,1728,1,2261,California
Modoc,2021-03-29,14,3806,1,404,5,3194,8,208,5,537,9,1737,13,2274,California
Modoc,2021-03-30,55,3861,10,414,38,3232,7,215,21,531,34,1771,28,2302,California
Modoc,2021-03-31,9,3870,3,417,2,3234,4,219,3,532,6,1777,7,2309,California
Modoc,2021-04-01,167,4037,2,419,160,3394,5,224,32,434,135,1912,37,2346,California
Modoc,2021-04-02,5,4042,0,419,2,3396,3,227,1,435,3,1915,4,2350,California
Modoc,2021-04-03,5,4047,2,421,0,3396,3,230,2,437,2,1917,4,2354,California
Modoc,2021-04-05,9,4056,0,421,9,3405,0,230,9,446,0,1917,9,2363,California
Modoc,2021-04-06,24,4080,5,426,9,3414,10,240,6,444,18,1935,16,2379,California
Modoc,2021-04-07,12,4092,1,427,4,3418,7,247,3,445,9,1944,10,2389,California
Modoc,2021-04-08,97,4189,1,428,93,3511,3,250,26,403,71,2015,29,2418,California
Modoc,2021-04-09,11,4200,2,430,6,3517,3,253,2,398,9,2024,4,2422,California
Modoc,2021-04-10,5,4205,0,430,1,3518,4,257,0,397,5,2029,4,2426,California
Modoc,2021-04-11,2,4207,2,432,0,3518,0,257,1,397,1,2030,1,2427,California
Modoc,2021-04-12,14,4221,0,432,10,3528,4,261,1,391,11,2041,5,2432,California
Modoc,2021-04-13,30,4251,29,461,1,3529,0,261,21,403,9,2050,21,2453,California
Modoc,2021-04-14,2,4253,2,463,0,3529,0,261,1,403,1,2051,1,2454,California
Modoc,2021-04-15,100,4353,0,463,100,3629,0,261,27,357,73,2124,27,2481,California
Modoc,2021-04-16,4,4357,4,467,0,3629,0,261,3,359,1,2125,3,2484,California
Modoc,2021-04-17,2,4359,2,469,0,3629,0,261,2,361,0,2125,2,2486,California
Modoc,2021-04-18,1,4360,0,469,1,3630,0,261,1,362,0,2125,1,2487,California
Modoc,2021-04-19,6,4366,0,469,6,3636,0,261,1,358,5,2130,1,2488,California
Modoc,2021-04-20,27,4393,2,471,25,3661,0,261,9,349,18,2148,9,2497,California
Modoc,2021-04-21,4,4397,4,475,0,3661,0,261,1,347,3,2151,1,2498,California
Modoc,2021-04-22,98,4495,4,479,94,3755,0,261,41,331,57,2208,41,2539,California
Modoc,2021-04-23,5,4500,1,480,4,3759,0,261,4,334,1,2209,4,2543,California
Modoc,2021-04-24,3,4503,1,481,1,3760,1,262,2,336,1,2210,3,2546,California
Modoc,2021-04-25,1,4504,1,482,0,3760,0,262,1,337,0,2210,1,2547,California
Modoc,2021-04-26,8,4512,1,483,7,3767,0,262,3,335,5,2215,3,2550,California
Modoc,2021-04-27,6,4518,4,487,1,3768,1,263,1,332,5,2220,2,2552,California
Modoc,2021-04-28,5,4523,1,488,3,3771,1,264,1,330,4,2224,2,2554,California
Modoc,2021-04-29,65,4588,2,490,63,3834,0,264,24,313,41,2265,24,2578,California
Modoc,2021-04-30,5,4593,4,494,1,3835,0,264,3,314,2,2267,3,2581,California
Modoc,2021-05-01,1,4594,1,495,0,3835,0,264,0,313,1,2268,0,2581,California
Modoc,2021-05-02,4,4598,3,498,1,3836,0,264,3,315,1,2269,3,2584,California
Modoc,2021-05-03,10,4608,0,498,9,3845,1,265,0,306,10,2279,1,2585,California
Modoc,2021-05-04,11,4619,3,501,6,3851,2,267,5,307,6,2285,7,2592,California
Modoc,2021-05-05,27,4646,24,525,2,3853,1,268,8,297,19,2304,9,2601,California
Modoc,2021-05-06,54,4700,3,528,49,3902,2,270,21,287,33,2337,23,2624,California
Modoc,2021-05-07,8,4708,3,531,3,3905,2,272,2,285,6,2343,4,2628,California
Modoc,2021-05-08,3,4711,2,533,0,3905,1,273,1,285,2,2345,2,2630,California
Modoc,2021-05-09,2,4713,2,535,0,3905,0,273,1,285,1,2346,1,2631,California
Modoc,2021-05-10,2,4715,0,535,1,3906,1,274,1,286,1,2347,2,2633,California
Modoc,2021-05-11,2,4717,1,536,0,3906,1,275,0,285,2,2349,1,2634,California
Modoc,2021-05-12,3,4720,1,537,0,3906,2,277,1,286,2,2351,3,2637,California
Modoc,2021-05-13,43,4763,2,539,37,3943,4,281,13,273,30,2381,17,2654,California
Modoc,2021-05-14,10,4773,5,544,0,3943,5,286,2,272,8,2389,7,2661,California
Modoc,2021-05-15,5,4778,4,548,1,3944,0,286,5,277,0,2389,5,2666,California
Modoc,2021-05-16,2,4780,1,549,1,3945,0,286,0,275,2,2391,0,2666,California
Modoc,2021-05-17,6,4786,4,553,2,3947,0,286,5,279,1,2392,5,2671,California
Modoc,2021-05-18,15,4801,5,558,10,3957,0,286,7,278,8,2400,7,2678,California
Mono,2020-12-18,1,1,1,1,0,0,0,0,1,1,0,0,1,1,California
Mono,2020-12-19,5,6,5,6,0,0,0,0,5,6,0,0,5,6,California
Mono,2020-12-20,7,13,7,13,0,0,0,0,7,13,0,0,7,13,California
Mono,2020-12-21,24,37,17,30,7,7,0,0,24,37,0,0,24,37,California
Mono,2020-12-22,66,103,65,95,1,8,0,0,66,103,0,0,66,103,California
Mono,2020-12-23,70,173,42,137,28,36,0,0,70,173,0,0,70,173,California
Mono,2020-12-24,3,176,1,138,2,38,0,0,3,176,0,0,3,176,California
Mono,2020-12-26,3,179,3,141,0,38,0,0,3,179,0,0,3,179,California
Mono,2020-12-28,94,273,63,204,31,69,0,0,94,273,0,0,94,273,California
Mono,2020-12-29,29,302,29,233,0,69,0,0,29,302,0,0,29,302,California
Mono,2020-12-30,77,379,36,269,41,110,0,0,77,379,0,0,77,379,California
Mono,2020-12-31,4,383,1,270,3,113,0,0,4,383,0,0,4,383,California
Mono,2021-01-01,4,387,4,274,0,113,0,0,4,387,0,0,4,387,California
Mono,2021-01-02,2,389,2,276,0,113,0,0,2,389,0,0,2,389,California
Mono,2021-01-04,2,391,0,276,2,115,0,0,2,391,0,0,2,391,California
Mono,2021-01-05,45,436,2,278,43,158,0,0,44,434,1,1,44,435,California
Mono,2021-01-06,44,480,0,278,44,202,0,0,44,478,0,1,44,479,California
Mono,2021-01-07,55,535,3,281,52,254,0,0,54,531,1,2,54,533,California
Mono,2021-01-08,2,537,1,282,1,255,0,0,1,531,1,3,1,534,California
Mono,2021-01-09,4,541,4,286,0,255,0,0,0,527,4,7,0,534,California
Mono,2021-01-10,5,546,5,291,0,255,0,0,0,522,5,12,0,534,California
Mono,2021-01-11,8,554,5,296,3,258,0,0,4,522,4,16,4,538,California
Mono,2021-01-12,282,836,75,371,207,465,0,0,218,677,63,79,218,756,California
Mono,2021-01-13,233,1069,73,444,160,625,0,0,178,800,55,134,178,934,California
Mono,2021-01-14,73,1142,71,515,2,627,0,0,73,873,0,134,73,1007,California
Mono,2021-01-15,62,1204,2,517,60,687,0,0,62,935,0,134,62,1069,California
Mono,2021-01-16,4,1208,3,520,1,688,0,0,1,933,3,137,1,1070,California
Mono,2021-01-18,64,1272,55,575,9,697,0,0,2,873,62,199,2,1072,California
Mono,2021-01-19,210,1482,208,783,2,699,0,0,172,1008,38,237,173,1245,California
Mono,2021-01-20,230,1712,198,981,32,731,0,0,169,1116,61,298,169,1414,California
Mono,2021-01-21,3,1715,3,984,0,731,0,0,3,1119,0,298,3,1417,California
Mono,2021-01-22,4,1719,0,984,4,735,0,0,4,1123,0,298,4,1421,California
Mono,2021-01-23,595,2314,595,1579,0,735,0,0,594,1716,1,299,594,2015,California
Mono,2021-01-25,202,2516,164,1743,38,773,0,0,163,1840,39,338,163,2178,California
Mono,2021-01-26,505,3021,503,2246,2,775,0,0,499,2333,6,344,499,2677,California
Mono,2021-01-27,5,3026,1,2247,4,779,0,0,5,2338,0,344,5,2682,California
Mono,2021-01-28,6,3032,2,2249,4,783,0,0,2,2336,4,348,2,2684,California
Mono,2021-01-30,202,3234,200,2449,2,785,0,0,201,2536,1,349,201,2885,California
Mono,2021-01-31,243,3477,138,2587,105,890,0,0,139,2571,104,453,139,3024,California
Mono,2021-02-01,27,3504,27,2614,0,890,0,0,0,2544,27,480,0,3024,California
Mono,2021-02-02,5,3509,0,2614,5,895,0,0,2,2543,3,483,2,3026,California
Mono,2021-02-03,4,3513,2,2616,2,897,0,0,2,2543,2,485,2,3028,California
Mono,2021-02-04,211,3724,158,2774,53,950,0,0,90,2512,121,606,90,3118,California
Mono,2021-02-05,617,4341,611,3385,6,956,0,0,614,3123,3,609,614,3732,California
Mono,2021-02-06,138,4479,137,3522,1,957,0,0,137,3259,1,610,137,3869,California
Mono,2021-02-07,2,4481,0,3522,2,959,0,0,2,3261,0,610,2,3871,California
Mono,2021-02-08,172,4653,172,3694,0,959,0,0,15,3120,156,766,15,3886,California
Mono,2021-02-09,226,4879,6,3700,220,1179,0,0,14,2922,212,978,14,3900,California
Mono,2021-02-10,536,5415,186,3886,350,1529,0,0,193,2773,343,1321,194,4094,California
Mono,2021-02-11,7,5422,4,3890,3,1532,0,0,2,2770,5,1326,2,4096,California
Mono,2021-02-12,84,5506,20,3910,64,1596,0,0,26,2738,58,1384,26,4122,California
Mono,2021-02-13,586,6092,586,4496,0,1596,0,0,25,2203,560,1944,25,4147,California
Mono,2021-02-15,166,6258,164,4660,2,1598,0,0,3,2045,161,2105,3,4150,California
Mono,2021-02-16,517,6775,514,5174,3,1601,0,0,45,1621,469,2574,45,4195,California
Mono,2021-02-17,7,6782,2,5176,5,1606,0,0,2,1618,5,2579,2,4197,California
Mono,2021-02-18,3,6785,2,5178,1,1607,0,0,2,1619,1,2580,2,4199,California
Mono,2021-02-19,54,6839,53,5231,1,1608,0,0,54,1673,0,2580,54,4253,California
Mono,2021-02-20,4,6843,4,5235,0,1608,0,0,4,1677,0,2580,4,4257,California
Mono,2021-02-21,6,6849,6,5241,0,1608,0,0,4,1679,2,2582,4,4261,California
Mono,2021-02-22,285,7134,284,5525,1,1609,0,0,24,1443,260,2842,24,4285,California
Mono,2021-02-23,136,7270,116,5641,20,1629,0,0,22,1351,114,2956,22,4307,California
Mono,2021-02-24,10,7280,3,5644,7,1636,0,0,4,1349,6,2962,4,4311,California
Mono,2021-02-25,5,7285,2,5646,3,1639,0,0,3,1351,1,2963,3,4314,California
Mono,2021-02-26,598,7883,596,6242,2,1641,0,0,21,796,576,3539,21,4335,California
Mono,2021-02-27,140,8023,136,6378,4,1645,0,0,4,666,134,3673,4,4339,California
Mono,2021-03-01,3,8026,2,6380,1,1646,0,0,2,668,0,3673,2,4341,California
Mono,2021-03-02,6,8032,4,6384,2,1648,0,0,4,670,2,3675,4,4345,California
Mono,2021-03-03,111,8143,2,6386,109,1757,0,0,108,776,2,3677,108,4453,California
Mono,2021-03-04,5,8148,1,6387,4,1761,0,0,3,777,2,3679,3,4456,California
Mono,2021-03-05,37,8185,27,6414,10,1771,0,0,14,768,23,3702,14,4470,California
Mono,2021-03-06,508,8693,17,6431,491,2262,0,0,500,1263,6,3708,501,4971,California
Mono,2021-03-07,1,8694,0,6431,1,2263,0,0,0,1262,1,3709,0,4971,California
Mono,2021-03-08,538,9232,11,6442,524,2787,3,3,529,1785,9,3718,532,5503,California
Mono,2021-03-09,6,9238,2,6444,3,2790,1,4,3,1787,2,3720,4,5507,California
Mono,2021-03-10,286,9524,90,6534,193,2983,3,7,9,1525,274,3994,12,5519,California
Mono,2021-03-11,10,9534,0,6534,1,2984,9,16,0,1524,10,4004,9,5528,California
Mono,2021-03-12,7,9541,1,6535,1,2985,5,21,0,1522,7,4011,5,5533,California
Mono,2021-03-13,823,10364,386,6921,437,3422,0,21,815,2329,8,4019,815,6348,California
Mono,2021-03-14,4,10368,4,6925,0,3422,0,21,0,2325,4,4023,0,6348,California
Mono,2021-03-15,31,10399,23,6948,3,3425,5,26,14,2328,16,4039,19,6367,California
Mono,2021-03-16,16,10415,6,6954,4,3429,6,32,8,2334,8,4047,14,6381,California
Mono,2021-03-17,34,10449,5,6959,21,3450,8,40,22,2352,12,4059,30,6411,California
Mono,2021-03-18,21,10470,2,6961,11,3461,8,48,9,2357,12,4071,17,6428,California
Mono,2021-03-19,21,10491,1,6962,17,3478,3,51,17,2374,3,4074,20,6448,California
Mono,2021-03-20,5,10496,3,6965,1,3479,1,52,4,2378,1,4075,5,6453,California
Mono,2021-03-21,1,10497,1,6966,0,3479,0,52,1,2379,0,4075,1,6454,California
Mono,2021-03-22,11,10508,0,6966,6,3485,5,57,5,2383,6,4081,10,6464,California
Mono,2021-03-23,41,10549,5,6971,31,3516,5,62,17,2381,24,4105,22,6486,California
Mono,2021-03-24,13,10562,1,6972,7,3523,5,67,5,2383,8,4113,10,6496,California
Mono,2021-03-25,19,10581,3,6975,12,3535,4,71,12,2392,7,4120,16,6512,California
Mono,2021-03-26,19,10600,3,6978,11,3546,5,76,10,2399,8,4128,15,6527,California
Mono,2021-03-27,350,10950,347,7325,3,3549,0,76,324,2697,26,4154,324,6851,California
Mono,2021-03-28,1,10951,1,7326,0,3549,0,76,1,2698,0,4154,1,6852,California
Mono,2021-03-29,10,10961,3,7329,6,3555,1,77,8,2705,2,4156,9,6861,California
Mono,2021-03-30,12,10973,0,7329,8,3563,4,81,7,2711,5,4161,11,6872,California
Mono,2021-03-31,127,11100,7,7336,119,3682,1,82,22,2630,104,4265,23,6895,California
Mono,2021-04-01,8,11108,0,7336,7,3689,1,83,3,2629,5,4270,4,6899,California
Mono,2021-04-02,18,11126,2,7338,16,3705,0,83,7,2625,11,4281,7,6906,California
Mono,2021-04-03,868,11994,372,7710,496,4201,0,83,50,1865,816,5097,56,6962,California
Mono,2021-04-05,528,12522,17,7727,510,4711,1,84,30,1399,497,5594,31,6993,California
Mono,2021-04-06,19,12541,1,7728,5,4716,13,97,1,1395,18,5612,14,7007,California
Mono,2021-04-07,25,12566,3,7731,3,4719,19,116,4,1397,21,5633,23,7030,California
Mono,2021-04-08,22,12588,3,7734,2,4721,17,133,4,1400,18,5651,21,7051,California
Mono,2021-04-09,37,12625,4,7738,4,4725,29,162,7,1406,30,5681,36,7087,California
Mono,2021-04-10,446,13071,2,7740,437,5162,7,169,28,1023,418,6099,35,7122,California
Mono,2021-04-11,1,13072,1,7741,0,5162,0,169,0,1022,1,6100,0,7122,California
Mono,2021-04-12,6,13078,0,7741,3,5165,3,172,3,1025,3,6103,6,7128,California
Mono,2021-04-13,19,13097,2,7743,16,5181,1,173,13,1033,6,6109,14,7142,California
Mono,2021-04-14,26,13123,1,7744,25,5206,0,173,7,1021,19,6128,7,7149,California
Mono,2021-04-15,18,13141,3,7747,15,5221,0,173,9,1021,9,6137,9,7158,California
Mono,2021-04-16,16,13157,1,7748,15,5236,0,173,5,1015,11,6148,5,7163,California
Mono,2021-04-17,51,13208,2,7750,49,5285,0,173,44,1052,7,6155,44,7207,California
Mono,2021-04-18,1,13209,0,7750,1,5286,0,173,1,1053,0,6155,1,7208,California
Mono,2021-04-19,527,13736,319,8069,208,5494,0,173,201,930,324,6479,201,7409,California
Mono,2021-04-20,17,13753,2,8071,15,5509,0,173,12,937,5,6484,12,7421,California
Mono,2021-04-21,9,13762,1,8072,8,5517,0,173,4,936,5,6489,4,7425,California
Mono,2021-04-22,27,13789,13,8085,14,5531,0,173,13,935,14,6503,13,7438,California
Mono,2021-04-23,22,13811,2,8087,20,5551,0,173,12,937,10,6513,12,7450,California
Mono,2021-04-24,33,13844,20,8107,13,5564,0,173,18,940,15,6528,18,7468,California
Mono,2021-04-25,3,13847,2,8109,1,5565,0,173,3,943,0,6528,3,7471,California
Mono,2021-04-26,10,13857,1,8110,9,5574,0,173,2,937,8,6536,2,7473,California
Mono,2021-04-27,66,13923,40,8150,19,5593,7,180,50,978,16,6552,57,7530,California
Mono,2021-04-28,63,13986,41,8191,18,5611,4,184,48,1017,13,6565,52,7582,California
Mono,2021-04-29,8,13994,1,8192,4,5615,3,187,2,1016,6,6571,5,7587,California
Mono,2021-04-30,16,14010,3,8195,10,5625,3,190,8,1019,8,6579,11,7598,California
Mono,2021-05-01,110,14120,4,8199,106,5731,0,190,98,1105,12,6591,98,7696,California
Mono,2021-05-03,1,14121,0,8199,1,5732,0,190,0,1104,1,6592,0,7696,California
Mono,2021-05-04,19,14140,0,8199,13,5745,6,196,10,1111,9,6601,16,7712,California
Mono,2021-05-05,53,14193,8,8207,41,5786,4,200,45,1152,8,6609,49,7761,California
Mono,2021-05-06,13,14206,3,8210,9,5795,1,201,9,1158,4,6613,10,7771,California
Mono,2021-05-07,29,14235,22,8232,7,5802,0,201,25,1179,4,6617,25,7796,California
Mono,2021-05-08,50,14285,5,8237,45,5847,0,201,22,1173,28,6645,22,7818,California
Mono,2021-05-10,16,14301,1,8238,11,5858,4,205,9,1179,7,6652,13,7831,California
Mono,2021-05-11,15,14316,2,8240,10,5868,3,208,5,1177,10,6662,8,7839,California
Mono,2021-05-12,12,14328,0,8240,11,5879,1,209,4,1174,8,6670,5,7844,California
Mono,2021-05-13,49,14377,35,8275,14,5893,0,209,40,1205,9,6679,40,7884,California
Mono,2021-05-14,8,14385,1,8276,6,5899,1,210,3,1204,5,6684,4,7888,California
Mono,2021-05-15,68,14453,27,8303,35,5934,6,216,20,1182,48,6732,26,7914,California
Mono,2021-05-16,8,14461,7,8310,1,5935,0,216,5,1184,3,6735,5,7919,California
Mono,2021-05-17,244,14705,32,8342,205,6140,7,223,56,1060,187,6922,63,7982,California
Mono,2021-05-18,115,14820,107,8449,8,6148,0,223,79,1103,36,6958,79,8061,California
Monterey,2020-12-16,4,4,4,4,0,0,0,0,4,4,0,0,4,4,California
Monterey,2020-12-17,83,87,83,87,0,0,0,0,83,87,0,0,83,87,California
Monterey,2020-12-18,482,569,482,569,0,0,0,0,482,569,0,0,482,569,California
Monterey,2020-12-19,580,1149,580,1149,0,0,0,0,580,1149,0,0,580,1149,California
Monterey,2020-12-20,422,1571,422,1571,0,0,0,0,422,1571,0,0,422,1571,California
Monterey,2020-12-21,718,2289,718,2289,0,0,0,0,718,2289,0,0,718,2289,California
Monterey,2020-12-22,533,2822,520,2809,13,13,0,0,533,2822,0,0,533,2822,California
Monterey,2020-12-23,437,3259,262,3071,175,188,0,0,437,3259,0,0,437,3259,California
Monterey,2020-12-24,84,3343,10,3081,74,262,0,0,84,3343,0,0,84,3343,California
Monterey,2020-12-25,6,3349,0,3081,6,268,0,0,6,3349,0,0,6,3349,California
Monterey,2020-12-26,92,3441,5,3086,87,355,0,0,92,3441,0,0,92,3441,California
Monterey,2020-12-27,7,3448,4,3090,3,358,0,0,7,3448,0,0,7,3448,California
Monterey,2020-12-28,475,3923,25,3115,450,808,0,0,475,3923,0,0,475,3923,California
Monterey,2020-12-29,898,4821,167,3282,731,1539,0,0,898,4821,0,0,898,4821,California
Monterey,2020-12-30,567,5388,98,3380,469,2008,0,0,567,5388,0,0,567,5388,California
Monterey,2020-12-31,33,5421,11,3391,22,2030,0,0,33,5421,0,0,33,5421,California
Monterey,2021-01-01,12,5433,2,3393,10,2040,0,0,12,5433,0,0,12,5433,California
Monterey,2021-01-02,137,5570,134,3527,3,2043,0,0,137,5570,0,0,137,5570,California
Monterey,2021-01-03,30,5600,29,3556,1,2044,0,0,30,5600,0,0,30,5600,California
Monterey,2021-01-04,411,6011,18,3574,393,2437,0,0,411,6011,0,0,411,6011,California
Monterey,2021-01-05,752,6763,327,3901,425,2862,0,0,738,6735,14,14,738,6749,California
Monterey,2021-01-06,656,7419,172,4073,484,3346,0,0,634,7347,22,36,634,7383,California
Monterey,2021-01-07,745,8164,571,4644,174,3520,0,0,422,7448,321,357,422,7805,California
Monterey,2021-01-08,1087,9251,734,5378,353,3873,0,0,394,7149,693,1050,394,8199,California
Monterey,2021-01-09,964,10215,936,6314,28,3901,0,0,312,6809,652,1702,312,8511,California
Monterey,2021-01-10,274,10489,271,6585,3,3904,0,0,9,6553,265,1967,9,8520,California
Monterey,2021-01-11,1064,11553,984,7569,80,3984,0,0,362,6213,702,2669,362,8882,California
Monterey,2021-01-12,465,12018,388,7957,77,4061,0,0,204,6156,261,2930,204,9086,California
Monterey,2021-01-13,1217,13235,593,8550,624,4685,0,0,1171,7281,46,2976,1171,10257,California
Monterey,2021-01-14,1119,14354,165,8715,954,5639,0,0,1100,8366,19,2995,1104,11361,California
Monterey,2021-01-15,1046,15400,45,8760,1001,6640,0,0,1033,9386,13,3008,1033,12394,California
Monterey,2021-01-16,363,15763,300,9060,63,6703,0,0,358,9739,5,3013,358,12752,California
Monterey,2021-01-17,309,16072,288,9348,21,6724,0,0,296,10022,13,3026,296,13048,California
Monterey,2021-01-18,401,16473,50,9398,351,7075,0,0,380,10381,21,3047,380,13428,California
Monterey,2021-01-19,578,17051,396,9794,182,7257,0,0,419,10643,157,3204,419,13847,California
Monterey,2021-01-20,532,17583,270,10064,262,7519,0,0,326,10763,206,3410,326,14173,California
Monterey,2021-01-21,840,18423,92,10156,748,8267,0,0,730,11387,110,3520,734,14907,California
Monterey,2021-01-22,1048,19471,193,10349,855,9122,0,0,1009,12357,39,3559,1009,15916,California
Monterey,2021-01-23,241,19712,175,10524,66,9188,0,0,118,12354,122,3681,119,16035,California
Monterey,2021-01-24,56,19768,38,10562,18,9206,0,0,22,12342,34,3715,22,16057,California
Monterey,2021-01-25,782,20550,173,10735,609,9815,0,0,157,11881,618,4333,157,16214,California
Monterey,2021-01-26,927,21477,224,10959,703,10518,0,0,235,11424,692,5025,235,16449,California
Monterey,2021-01-27,861,22338,312,11271,549,11067,0,0,383,11329,478,5503,383,16832,California
Monterey,2021-01-28,2023,24361,739,12010,1284,12351,0,0,1682,12672,341,5844,1684,18516,California
Monterey,2021-01-29,1229,25590,707,12717,522,12873,0,0,1112,13669,116,5960,1113,19629,California
Monterey,2021-01-30,442,26032,294,13011,148,13021,0,0,186,13599,256,6216,186,19815,California
Monterey,2021-01-31,493,26525,71,13082,422,13443,0,0,483,14073,10,6226,484,20299,California
Monterey,2021-02-01,1652,28177,1140,14222,512,13955,0,0,1089,14600,562,6788,1089,21388,California
Monterey,2021-02-02,2160,30337,463,14685,1697,15652,0,0,1553,15547,606,7394,1553,22941,California
Monterey,2021-02-03,2328,32665,1045,15730,1283,16935,0,0,1553,16329,771,8165,1553,24494,California
Monterey,2021-02-04,2772,35437,2088,17818,684,17619,0,0,2463,18485,307,8472,2463,26957,California
Monterey,2021-02-05,3643,39080,2821,20639,822,18441,0,0,3207,21261,431,8903,3207,30164,California
Monterey,2021-02-06,1097,40177,379,21018,718,19159,0,0,755,21676,340,9243,755,30919,California
Monterey,2021-02-07,315,40492,270,21288,45,19204,0,0,96,21553,219,9462,96,31015,California
Monterey,2021-02-08,515,41007,290,21578,225,19429,0,0,426,21890,89,9551,426,31441,California
Monterey,2021-02-09,863,41870,675,22253,188,19617,0,0,553,22135,310,9861,555,31996,California
Monterey,2021-02-10,2085,43955,1113,23366,972,20589,0,0,1235,22521,850,10711,1236,33232,California
Monterey,2021-02-11,2500,46455,971,24337,1529,22118,0,0,1545,23115,953,11664,1547,34779,California
Monterey,2021-02-12,2585,49040,429,24766,2156,24274,0,0,1517,23566,1067,12731,1518,36297,California
Monterey,2021-02-13,1068,50108,50,24816,1018,25292,0,0,977,24452,91,12822,977,37274,California
Monterey,2021-02-14,592,50700,73,24889,519,25811,0,0,519,24898,73,12895,519,37793,California
Monterey,2021-02-15,1366,52066,160,25049,1206,27017,0,0,981,25497,383,13278,982,38775,California
Monterey,2021-02-16,1091,53157,245,25294,846,27863,0,0,867,26140,224,13502,867,39642,California
Monterey,2021-02-17,1937,55094,1164,26458,773,28636,0,0,1638,27483,297,13799,1640,41282,California
Monterey,2021-02-18,2226,57320,1177,27635,1049,29685,0,0,909,27091,1303,15102,911,42193,California
Monterey,2021-02-19,2937,60257,1534,29169,1403,31088,0,0,1346,26848,1590,16692,1347,43540,California
Monterey,2021-02-20,1008,61265,608,29777,400,31488,0,0,952,27745,55,16747,952,44492,California
Monterey,2021-02-21,1247,62512,1219,30996,28,31516,0,0,1177,28854,68,16815,1177,45669,California
Monterey,2021-02-22,976,63488,844,31840,132,31648,0,0,644,29168,330,17145,644,46313,California
Monterey,2021-02-23,955,64443,622,32462,333,31981,0,0,303,28821,651,17796,304,46617,California
Monterey,2021-02-24,2464,66907,1315,33777,1149,33130,0,0,1851,30065,608,18404,1852,48469,California
Monterey,2021-02-25,4409,71316,2419,36196,1990,35120,0,0,1477,28618,2925,21329,1478,49947,California
Monterey,2021-02-26,5247,76563,3080,39276,2167,37287,0,0,2623,28621,2621,23950,2624,52571,California
Monterey,2021-02-27,1001,77564,187,39463,814,38101,0,0,810,29245,186,24136,810,53381,California
Monterey,2021-02-28,1529,79093,82,39545,1447,39548,0,0,1067,29855,457,24593,1067,54448,California
Monterey,2021-03-01,1283,80376,139,39684,1141,40689,3,3,746,30072,533,25126,750,55198,California
Monterey,2021-03-02,2784,83160,1729,41413,1055,41744,0,3,1931,31154,849,25975,1931,57129,California
Monterey,2021-03-03,3208,86368,1244,42657,1964,43708,0,3,1267,30483,1939,27914,1268,58397,California
Monterey,2021-03-04,4555,90923,1472,44129,3083,46791,0,3,2955,31842,1596,29510,2955,61352,California
Monterey,2021-03-05,3591,94514,1622,45751,1692,48483,277,280,2958,34445,632,30142,3235,64587,California
Monterey,2021-03-06,5057,99571,1068,46819,3686,52169,303,583,4153,37998,901,31043,4454,69041,California
Monterey,2021-03-07,520,100091,108,46927,167,52336,245,828,233,38187,287,31330,476,69517,California
Monterey,2021-03-08,1657,101748,326,47253,942,53278,389,1217,1118,39153,539,31869,1505,71022,California
Monterey,2021-03-09,1908,103656,680,47933,952,54230,276,1493,1416,40352,491,32360,1690,72712,California
Monterey,2021-03-10,3125,106781,1023,48956,1614,55844,488,1981,1419,40559,1699,34059,1906,74618,California
Monterey,2021-03-11,4109,110890,1409,50365,2327,58171,373,2354,2348,41526,1754,35813,2721,77339,California
Monterey,2021-03-12,4315,115205,2047,52412,2133,60304,135,2489,2632,42612,1680,37493,2766,80105,California
Monterey,2021-03-13,5266,120471,959,53371,3960,64264,347,2836,3959,45611,1307,38800,4306,84411,California
Monterey,2021-03-14,2148,122619,1326,54697,797,65061,25,2861,571,44641,1566,40366,596,85007,California
Monterey,2021-03-15,3938,126557,1266,55963,2383,67444,289,3150,2253,45502,1680,42046,2541,87548,California
Monterey,2021-03-16,3488,130045,574,56537,2539,69983,375,3525,2076,46538,1411,43457,2447,89995,California
Monterey,2021-03-17,5707,135752,2336,58873,3118,73101,253,3778,4109,49314,1591,45048,4367,94362,California
Monterey,2021-03-18,4356,140108,2154,61027,2034,75135,168,3946,2998,51165,1352,46400,3203,97565,California
Monterey,2021-03-19,5392,145500,2559,63586,2689,77824,144,4090,4117,54157,1270,47670,4262,101827,California
Monterey,2021-03-20,3327,148827,419,64005,2213,80037,695,4785,2243,56014,1081,48751,2938,104765,California
Monterey,2021-03-21,623,149450,200,64205,415,80452,8,4793,555,56510,66,48817,562,105327,California
Monterey,2021-03-22,2459,151909,1434,65639,963,81415,62,4855,2250,58615,205,49022,2310,107637,California
Monterey,2021-03-23,3974,155883,2350,67989,1581,82996,43,4898,2512,59712,1457,50479,2554,110191,California
Monterey,2021-03-24,4992,160875,2088,70077,2594,85590,310,5208,3634,62299,1354,51833,3941,114132,California
Monterey,2021-03-25,5212,166087,1210,71287,3645,89235,357,5565,2586,62625,2619,54452,2945,117077,California
Monterey,2021-03-26,5291,171378,2601,73888,2624,91859,66,5631,2653,62717,2629,57081,2721,119798,California
Monterey,2021-03-27,4801,176179,1424,75312,3121,94980,256,5887,3088,64352,1710,58791,3345,123143,California
Monterey,2021-03-28,1106,177285,332,75644,765,95745,9,5896,621,64503,480,59271,631,123774,California
Monterey,2021-03-29,3169,180454,1404,77048,1751,97496,14,5910,1950,65259,1212,60483,1968,125742,California
Monterey,2021-03-30,4437,184891,2131,79179,2263,99759,43,5953,2721,66321,1706,62189,2768,128510,California
Monterey,2021-03-31,5300,190191,2377,81556,2133,101892,790,6743,3339,68484,1958,64147,4121,132631,California
Monterey,2021-04-01,6099,196290,2111,83667,3576,105468,412,7155,3070,68956,3014,67161,3486,136117,California
Monterey,2021-04-02,4666,200956,2243,85910,2362,107830,61,7216,3167,70689,1498,68659,3231,139348,California
Monterey,2021-04-03,5862,206818,1109,87019,3727,111557,1026,8242,1196,68251,4653,73312,2215,141563,California
Monterey,2021-04-04,761,207579,157,87176,590,112147,14,8256,492,68490,269,73581,508,142071,California
Monterey,2021-04-05,3985,211564,2470,89646,1286,113433,229,8485,1470,67680,2510,76091,1700,143771,California
Monterey,2021-04-06,3341,214905,1321,90967,1547,114980,473,8958,1116,67044,2223,78314,1587,145358,California
Monterey,2021-04-07,5483,220388,1365,92332,3607,118587,511,9469,2642,67363,2830,81144,3149,148507,California
Monterey,2021-04-08,6468,226856,3450,95782,2216,120803,802,10271,3169,68042,3293,84437,3972,152479,California
Monterey,2021-04-09,5506,232362,3356,99138,1517,122320,633,10904,2216,67603,3287,87724,2848,155327,California
Monterey,2021-04-10,10047,242409,4874,104012,3025,125345,2148,13052,4893,69498,5144,92868,7039,162366,California
Monterey,2021-04-11,5406,247815,4239,108251,566,125911,601,13653,4363,73422,1037,93905,4961,167327,California
Monterey,2021-04-12,4061,251876,1844,110095,1904,127815,313,13966,907,71626,3016,96921,1220,168547,California
Monterey,2021-04-13,3096,254972,720,110815,2371,130186,5,13971,1470,71496,1607,98528,1477,170024,California
Monterey,2021-04-14,6567,261539,3115,113930,3449,133635,3,13974,1799,68543,4755,103283,1802,171826,California
Monterey,2021-04-15,5743,267282,3887,117817,1856,135491,0,13974,3828,70486,1886,105169,3829,175655,California
Monterey,2021-04-16,4669,271951,2392,120209,2263,137754,14,13988,2175,70191,2484,107653,2189,177844,California
Monterey,2021-04-17,5522,277473,1347,121556,4175,141929,0,13988,3693,72068,1816,109469,3693,181537,California
Monterey,2021-04-18,832,278305,251,121807,581,142510,0,13988,235,71710,593,110062,235,181772,California
Monterey,2021-04-19,3671,281976,1286,123093,2385,144895,0,13988,1752,71551,1911,111973,1752,183524,California
Monterey,2021-04-20,3773,285749,1578,124671,2195,147090,0,13988,1560,70920,2192,114165,1561,185085,California
Monterey,2021-04-21,5778,291527,3152,127823,2626,149716,0,13988,2832,70843,2911,117076,2834,187919,California
Monterey,2021-04-22,4701,296228,1017,128840,3684,153400,0,13988,1952,70085,2710,119786,1952,189871,California
Monterey,2021-04-23,5626,301854,2627,131467,2998,156398,1,13989,2208,68897,3400,123186,2212,192083,California
Monterey,2021-04-24,4133,305987,584,132051,3549,159947,0,13989,1516,67815,2598,125784,1516,193599,California
Monterey,2021-04-25,1236,307223,604,132655,632,160579,0,13989,789,68166,438,126222,789,194388,California
Monterey,2021-04-26,3466,310689,2171,134826,1278,161857,17,14006,875,66492,2566,128788,892,195280,California
Monterey,2021-04-27,2562,313251,900,135726,1545,163402,117,14123,1117,66285,1440,130228,1233,196513,California
Monterey,2021-04-28,3492,316743,1355,137081,1999,165401,138,14261,2170,67281,1309,131537,2305,198818,California
Monterey,2021-04-29,4377,321120,2406,139487,1895,167296,76,14337,1628,66248,2738,134275,1705,200523,California
Monterey,2021-04-30,3077,324197,1654,141141,1347,168643,76,14413,761,64776,2307,136582,835,201358,California
Monterey,2021-05-01,5603,329800,4229,145370,1334,169977,40,14453,678,60583,4909,141491,716,202074,California
Monterey,2021-05-02,4349,334149,3923,149293,399,170376,27,14480,324,56922,4012,145503,351,202425,California
Monterey,2021-05-03,2517,336666,1561,150854,840,171216,116,14596,585,55701,1922,147425,701,203126,California
Monterey,2021-05-04,1726,338392,586,151440,1050,172266,90,14686,628,55335,1085,148510,719,203845,California
Monterey,2021-05-05,3240,341632,1183,152623,1972,174238,85,14771,1050,54294,2177,150687,1136,204981,California
Monterey,2021-05-06,4124,345756,2739,155362,1168,175406,217,14988,1143,52689,2965,153652,1360,206341,California
Monterey,2021-05-07,1914,347670,932,156294,883,176289,99,15087,700,52280,1207,154859,798,207139,California
Monterey,2021-05-08,2572,350242,1366,157660,884,177173,322,15409,916,51870,1645,156504,1235,208374,California
Monterey,2021-05-09,394,350636,113,157773,255,177428,26,15435,143,51789,250,156754,169,208543,California
Monterey,2021-05-10,2583,353219,1854,159627,682,178110,47,15482,342,49947,2232,158986,390,208933,California
Monterey,2021-05-11,1741,354960,890,160517,787,178897,64,15546,738,49760,989,159975,802,209735,California
Monterey,2021-05-12,3590,358550,1948,162465,1572,180469,70,15616,794,47841,2784,162759,865,210600,California
Monterey,2021-05-13,2229,360779,1290,163755,898,181367,41,15657,1256,48177,958,163717,1294,211894,California
Monterey,2021-05-14,1714,362493,499,164254,1150,182517,65,15722,709,47956,995,164712,774,212668,California
Monterey,2021-05-15,2445,364938,523,164777,1692,184209,230,15952,560,46871,1874,166586,789,213457,California
Monterey,2021-05-16,530,365468,412,165189,96,184305,22,15974,45,46456,481,167067,66,213523,California
Monterey,2021-05-17,1961,367429,1113,166302,783,185088,65,16039,898,46367,1052,168119,963,214486,California
Monterey,2021-05-18,676,368105,154,166456,507,185595,15,16054,221,46157,448,168567,238,214724,California
Napa,2020-12-16,12,12,12,12,0,0,0,0,12,12,0,0,12,12,California
Napa,2020-12-17,44,56,44,56,0,0,0,0,44,56,0,0,44,56,California
Napa,2020-12-18,102,158,102,158,0,0,0,0,102,158,0,0,102,158,California
Napa,2020-12-19,221,379,221,379,0,0,0,0,221,379,0,0,221,379,California
Napa,2020-12-20,190,569,190,569,0,0,0,0,190,569,0,0,190,569,California
Napa,2020-12-21,312,881,312,881,0,0,0,0,313,882,0,0,313,882,California
Napa,2020-12-22,340,1221,331,1212,9,9,0,0,340,1222,0,0,340,1222,California
Napa,2020-12-23,429,1650,319,1531,110,119,0,0,429,1651,0,0,429,1651,California
Napa,2020-12-24,139,1789,78,1609,61,180,0,0,139,1790,0,0,139,1790,California
Napa,2020-12-25,1,1790,1,1610,0,180,0,0,1,1791,0,0,1,1791,California
Napa,2020-12-26,39,1829,11,1621,28,208,0,0,39,1830,0,0,39,1830,California
Napa,2020-12-27,32,1861,16,1637,16,224,0,0,32,1862,0,0,32,1862,California
Napa,2020-12-28,252,2113,186,1823,66,290,0,0,281,2143,0,0,281,2143,California
Napa,2020-12-29,274,2387,215,2038,59,349,0,0,307,2450,0,0,307,2450,California
Napa,2020-12-30,628,3015,485,2523,143,492,0,0,636,3086,0,0,636,3086,California
Napa,2020-12-31,460,3475,371,2894,89,581,0,0,460,3546,0,0,460,3546,California
Napa,2021-01-01,1,3476,1,2895,0,581,0,0,1,3547,0,0,1,3547,California
Napa,2021-01-02,98,3574,93,2988,5,586,0,0,98,3645,0,0,98,3645,California
Napa,2021-01-03,13,3587,11,2999,2,588,0,0,9,3654,0,0,9,3654,California
Napa,2021-01-04,107,3694,64,3063,43,631,0,0,107,3761,0,0,107,3761,California
Napa,2021-01-05,162,3856,85,3148,77,708,0,0,145,3882,24,24,145,3906,California
Napa,2021-01-06,460,4316,115,3263,345,1053,0,0,396,4216,62,86,396,4302,California
Napa,2021-01-07,498,4814,235,3498,263,1316,0,0,397,4513,100,186,397,4699,California
Napa,2021-01-08,445,5259,229,3727,216,1532,0,0,262,4593,182,368,262,4961,California
Napa,2021-01-09,325,5584,300,4027,25,1557,0,0,189,4646,136,504,189,5150,California
Napa,2021-01-10,186,5770,103,4130,83,1640,0,0,109,4678,77,581,109,5259,California
Napa,2021-01-11,882,6652,426,4556,456,2096,0,0,509,4815,374,955,511,5770,California
Napa,2021-01-12,1315,7967,372,4928,943,3039,0,0,998,5496,317,1272,998,6768,California
Napa,2021-01-13,1311,9278,264,5192,1047,4086,0,0,1149,6485,161,1433,1150,7918,California
Napa,2021-01-14,1054,10332,173,5365,881,4967,0,0,936,7305,116,1549,936,8854,California
Napa,2021-01-15,1455,11787,384,5749,1071,6038,0,0,1306,8455,157,1706,1307,10161,California
Napa,2021-01-16,358,12145,134,5883,224,6262,0,0,340,8777,18,1724,340,10501,California
Napa,2021-01-17,341,12486,176,6059,165,6427,0,0,331,9098,10,1734,331,10832,California
Napa,2021-01-18,1081,13567,197,6256,884,7311,0,0,990,9997,91,1825,990,11822,California
Napa,2021-01-19,1009,14576,404,6660,605,7916,0,0,767,10523,241,2066,767,12589,California
Napa,2021-01-20,825,15401,185,6845,640,8556,0,0,642,10984,181,2247,642,13231,California
Napa,2021-01-21,1336,16737,374,7219,962,9518,0,0,1081,11812,254,2501,1082,14313,California
Napa,2021-01-22,1541,18278,412,7631,1129,10647,0,0,1214,12701,326,2827,1215,15528,California
Napa,2021-01-23,398,18676,318,7949,80,10727,0,0,336,12975,62,2889,336,15864,California
Napa,2021-01-24,265,18941,188,8137,77,10804,0,0,208,13126,57,2946,208,16072,California
Napa,2021-01-25,1522,20463,231,8368,1291,12095,0,0,1432,14468,90,3036,1432,17504,California
Napa,2021-01-26,880,21343,286,8654,594,12689,0,0,786,15161,94,3130,787,18291,California
Napa,2021-01-27,626,21969,221,8875,405,13094,0,0,470,15476,156,3286,471,18762,California
Napa,2021-01-28,389,22358,176,9051,213,13307,0,0,197,15483,190,3476,197,18959,California
Napa,2021-01-29,256,22614,65,9116,191,13498,0,0,161,15549,95,3571,161,19120,California
Napa,2021-01-30,805,23419,696,9812,109,13607,0,0,641,16026,164,3735,641,19761,California
Napa,2021-01-31,656,24075,625,10437,31,13638,0,0,630,16630,26,3761,630,20391,California
Napa,2021-02-01,316,24391,110,10547,206,13844,0,0,163,16640,153,3914,163,20554,California
Napa,2021-02-02,608,24999,280,10827,328,14172,0,0,297,16629,308,4222,297,20851,California
Napa,2021-02-03,745,25744,309,11136,436,14608,0,0,430,16745,314,4536,430,21281,California
Napa,2021-02-04,790,26534,373,11509,417,15025,0,0,441,16839,347,4883,441,21722,California
Napa,2021-02-05,711,27245,310,11819,401,15426,0,0,344,16816,367,5250,344,22066,California
Napa,2021-02-06,434,27679,146,11965,288,15714,0,0,328,17038,106,5356,328,22394,California
Napa,2021-02-07,176,27855,163,12128,13,15727,0,0,71,17004,105,5461,71,22465,California
Napa,2021-02-08,836,28691,191,12319,645,16372,0,0,274,16719,559,6020,274,22739,California
Napa,2021-02-09,1081,29772,447,12766,634,17006,0,0,441,16520,640,6660,441,23180,California
Napa,2021-02-10,1720,31492,193,12959,1527,18533,0,0,451,15706,1266,7926,452,23632,California
Napa,2021-02-11,1496,32988,195,13154,1301,19834,0,0,407,15037,1076,9002,407,24039,California
Napa,2021-02-12,2164,35152,842,13996,1322,21156,0,0,724,14325,1436,10438,724,24763,California
Napa,2021-02-13,501,35653,53,14049,448,21604,0,0,315,14454,186,10624,315,25078,California
Napa,2021-02-14,357,36010,89,14138,268,21872,0,0,195,14487,162,10786,195,25273,California
Napa,2021-02-15,877,36887,183,14321,694,22566,0,0,222,14056,653,11439,222,25495,California
Napa,2021-02-16,1288,38175,597,14918,691,23257,0,0,612,13994,674,12113,612,26107,California
Napa,2021-02-17,1051,39226,534,15452,517,23774,0,0,482,13909,567,12680,482,26589,California
Napa,2021-02-18,1902,41128,486,15938,1416,25190,0,0,659,13328,1240,13920,659,27248,California
Napa,2021-02-19,1482,42610,587,16525,895,26085,0,0,676,13199,805,14725,676,27924,California
Napa,2021-02-20,823,43433,597,17122,226,26311,0,0,274,12924,549,15274,274,28198,California
Napa,2021-02-21,816,44249,753,17875,63,26374,0,0,213,12534,603,15877,213,28411,California
Napa,2021-02-22,446,44695,189,18064,257,26631,0,0,140,12368,306,16183,140,28551,California
Napa,2021-02-23,1129,45824,305,18369,824,27455,0,0,313,11865,816,16999,313,28864,California
Napa,2021-02-24,1163,46987,644,19013,519,27974,0,0,577,11858,584,17583,577,29441,California
Napa,2021-02-25,2557,49544,1224,20237,1333,29307,0,0,1846,12994,710,18293,1846,31287,California
Napa,2021-02-26,1509,51053,531,20768,978,30285,0,0,597,12681,910,19203,597,31884,California
Napa,2021-02-27,1128,52181,386,21154,742,31027,0,0,876,13307,250,19453,876,32760,California
Napa,2021-02-28,562,52743,461,21615,101,31128,0,0,462,13671,98,19551,462,33222,California
Napa,2021-03-01,1104,53847,818,22433,286,31414,0,0,833,14234,270,19821,833,34055,California
Napa,2021-03-02,1507,55354,1046,23479,461,31875,0,0,1165,15058,341,20162,1165,35220,California
Napa,2021-03-03,1563,56917,696,24175,867,32742,0,0,1377,16250,185,20347,1377,36597,California
Napa,2021-03-04,1714,58631,789,24964,925,33667,0,0,1476,17491,235,20582,1476,38073,California
Napa,2021-03-05,1899,60530,792,25756,1103,34770,4,4,1479,18556,418,21000,1483,39556,California
Napa,2021-03-06,653,61183,286,26042,336,35106,31,35,541,19018,110,21110,572,40128,California
Napa,2021-03-07,524,61707,321,26363,188,35294,15,50,375,19259,149,21259,390,40518,California
Napa,2021-03-08,708,62415,330,26693,325,35619,53,103,531,19668,175,21434,584,41102,California
Napa,2021-03-09,1637,64052,573,27266,1018,36637,46,149,1205,20490,429,21863,1251,42353,California
Napa,2021-03-10,1478,65530,917,28183,468,37105,93,242,777,20662,697,22560,869,43222,California
Napa,2021-03-11,1878,67408,1060,29243,688,37793,130,372,985,20884,893,23453,1115,44337,California
Napa,2021-03-12,1507,68915,914,30157,497,38290,96,468,802,21078,703,24156,897,45234,California
Napa,2021-03-13,1166,70081,301,30458,840,39130,25,493,827,21593,337,24493,852,46086,California
Napa,2021-03-14,612,70693,330,30788,134,39264,148,641,214,21557,397,24890,361,46447,California
Napa,2021-03-15,950,71643,409,31197,472,39736,69,710,479,21636,469,25359,548,46995,California
Napa,2021-03-16,1841,73484,389,31586,1326,41062,126,836,1375,22676,462,25821,1502,48497,California
Napa,2021-03-17,2503,75987,1851,33437,473,41535,179,1015,1590,23532,913,26734,1769,50266,California
Napa,2021-03-18,2110,78097,921,34358,1179,42714,10,1025,1284,24002,824,27558,1294,51560,California
Napa,2021-03-19,1447,79544,876,35234,543,43257,28,1053,712,24010,732,28290,740,52300,California
Napa,2021-03-20,1008,80552,529,35763,326,43583,153,1206,427,24010,580,28870,580,52880,California
Napa,2021-03-21,702,81254,680,36443,20,43603,2,1208,349,24009,352,29222,351,53231,California
Napa,2021-03-22,1295,82549,1119,37562,165,43768,11,1219,492,23714,798,30020,503,53734,California
Napa,2021-03-23,1869,84418,1177,38739,675,44443,17,1236,1003,23872,862,30882,1020,54754,California
Napa,2021-03-24,1707,86125,945,39684,754,45197,8,1244,815,23804,891,31773,823,55577,California
Napa,2021-03-25,1916,88041,1052,40736,810,46007,54,1298,764,23476,1146,32919,818,56395,California
Napa,2021-03-26,1300,89341,831,41567,463,46470,6,1304,589,23364,707,33626,595,56990,California
Napa,2021-03-27,952,90293,432,41999,493,46963,27,1331,312,23063,640,34266,339,57329,California
Napa,2021-03-28,484,90777,374,42373,103,47066,7,1338,181,22949,302,34568,188,57517,California
Napa,2021-03-29,1195,91972,871,43244,319,47385,5,1343,735,23230,459,35027,740,58257,California
Napa,2021-03-30,2557,94529,931,44175,1622,49007,4,1347,1769,24216,788,35815,1774,60031,California
Napa,2021-03-31,1966,96495,959,45134,938,49945,69,1416,803,23926,1160,36975,870,60901,California
Napa,2021-04-01,1741,98236,839,45973,785,50730,117,1533,476,23260,1259,38234,593,61494,California
Napa,2021-04-02,1849,100085,825,46798,883,51613,141,1674,468,22498,1378,39612,616,62110,California
Napa,2021-04-03,629,100714,364,47162,206,51819,59,1733,213,22353,416,40028,271,62381,California
Napa,2021-04-04,355,101069,144,47306,153,51972,58,1791,125,22307,229,40257,183,62564,California
Napa,2021-04-05,1266,102335,756,48062,291,52263,219,2010,572,22405,693,40950,791,63355,California
Napa,2021-04-06,2234,104569,560,48622,1420,53683,254,2264,528,21485,1703,42653,783,64138,California
Napa,2021-04-07,1727,106296,704,49326,802,54485,221,2485,526,21036,1196,43849,747,64885,California
Napa,2021-04-08,1848,108144,1058,50384,419,54904,371,2856,957,21476,887,44736,1327,66212,California
Napa,2021-04-09,1531,109675,919,51303,310,55214,302,3158,676,21600,853,45589,977,67189,California
Napa,2021-04-10,1031,110706,346,51649,584,55798,101,3259,239,21148,791,46380,339,67528,California
Napa,2021-04-11,384,111090,299,51948,62,55860,23,3282,155,21097,229,46609,178,67706,California
Napa,2021-04-12,784,111874,302,52250,358,56218,124,3406,290,21015,493,47102,411,68117,California
Napa,2021-04-13,2526,114400,844,53094,1682,57900,0,3406,924,20342,1597,48699,924,69041,California
Napa,2021-04-14,2070,116470,981,54075,1089,58989,0,3406,1008,20297,1053,49752,1008,70049,California
Napa,2021-04-15,2057,118527,529,54604,1528,60517,0,3406,880,20005,1172,50924,880,70929,California
Napa,2021-04-16,2894,121421,1570,56174,1324,61841,0,3406,2183,21479,709,51633,2183,73112,California
Napa,2021-04-17,1127,122548,265,56439,862,62703,0,3406,828,22010,297,51930,828,73940,California
Napa,2021-04-18,264,122812,172,56611,92,62795,0,3406,117,21981,146,52076,117,74057,California
Napa,2021-04-19,610,123422,339,56950,271,63066,0,3406,267,21906,342,52418,267,74324,California
Napa,2021-04-20,3029,126451,2055,59005,974,64040,0,3406,2077,23033,951,53369,2078,76402,California
Napa,2021-04-21,2916,129367,2153,61158,763,64803,0,3406,1860,23843,1051,54420,1861,78263,California
Napa,2021-04-22,1631,130998,1130,62288,501,65304,0,3406,833,23883,793,55213,833,79096,California
Napa,2021-04-23,1624,132622,1246,63534,376,65680,2,3408,1152,24567,468,55681,1152,80248,California
Napa,2021-04-24,557,133179,316,63850,241,65921,0,3408,284,24581,270,55951,284,80532,California
Napa,2021-04-25,250,133429,192,64042,58,65979,0,3408,130,24592,119,56070,130,80662,California
Napa,2021-04-26,509,133938,264,64306,245,66224,0,3408,264,24615,241,56311,264,80926,California
Napa,2021-04-27,1678,135616,438,64744,1229,67453,11,3419,697,24345,978,57289,708,81634,California
Napa,2021-04-28,972,136588,427,65171,528,67981,17,3436,319,24029,652,57941,336,81970,California
Napa,2021-04-29,647,137235,325,65496,303,68284,19,3455,202,23809,440,58381,220,82190,California
Napa,2021-04-30,604,137839,304,65800,236,68520,64,3519,249,23767,354,58735,312,82502,California
Napa,2021-05-01,320,138159,265,66065,44,68564,11,3530,117,23692,203,58938,128,82630,California
Napa,2021-05-02,237,138396,193,66258,38,68602,6,3536,99,23660,137,59075,105,82735,California
Napa,2021-05-03,623,139019,497,66755,91,68693,35,3571,102,23281,517,59592,138,82873,California
Napa,2021-05-04,1125,140144,717,67472,299,68992,109,3680,297,22863,824,60416,406,83279,California
Napa,2021-05-05,1019,141163,687,68159,296,69288,36,3716,256,22395,760,61176,292,83571,California
Napa,2021-05-06,712,141875,315,68474,374,69662,23,3739,368,22450,336,61512,391,83962,California
Napa,2021-05-07,559,142434,357,68831,158,69820,44,3783,174,22285,382,61894,217,84179,California
Napa,2021-05-08,249,142683,158,68989,80,69900,11,3794,88,22224,160,62054,99,84278,California
Napa,2021-05-09,108,142791,77,69066,31,69931,0,3794,50,22216,58,62112,50,84328,California
Napa,2021-05-10,411,143202,137,69203,255,70186,19,3813,105,22035,305,62417,124,84452,California
Napa,2021-05-11,2147,145349,1768,70971,354,70540,25,3838,371,20661,1770,64187,396,84848,California
Napa,2021-05-12,2157,147506,1352,72323,751,71291,54,3892,312,19186,1841,66028,366,85214,California
Napa,2021-05-13,1818,149324,1137,73460,645,71936,36,3928,765,18941,1046,67074,801,86015,California
Napa,2021-05-14,1842,151166,1086,74546,676,72612,80,4008,493,18171,1344,68418,574,86589,California
Napa,2021-05-15,923,152089,345,74891,568,73180,10,4018,260,17779,662,69080,270,86859,California
Napa,2021-05-16,141,152230,83,74974,56,73236,2,4020,12,17664,129,69209,14,86873,California
Napa,2021-05-17,583,152813,289,75263,264,73500,30,4050,271,17711,254,69463,301,87174,California
Napa,2021-05-18,355,153168,177,75440,131,73631,47,4097,168,17744,182,69645,215,87389,California
Nevada,2020-12-16,3,3,3,3,0,0,0,0,3,3,0,0,3,3,California
Nevada,2020-12-17,6,9,6,9,0,0,0,0,6,9,0,0,6,9,California
Nevada,2020-12-18,52,61,52,61,0,0,0,0,52,61,0,0,52,61,California
Nevada,2020-12-19,55,116,55,116,0,0,0,0,55,116,0,0,55,116,California
Nevada,2020-12-20,12,128,12,128,0,0,0,0,12,128,0,0,12,128,California
Nevada,2020-12-21,69,197,69,197,0,0,0,0,69,197,0,0,69,197,California
Nevada,2020-12-22,91,288,89,286,2,2,0,0,91,288,0,0,91,288,California
Nevada,2020-12-23,233,521,202,488,31,33,0,0,233,521,0,0,233,521,California
Nevada,2020-12-24,13,534,11,499,2,35,0,0,13,534,0,0,13,534,California
Nevada,2020-12-25,3,537,3,502,0,35,0,0,3,537,0,0,3,537,California
Nevada,2020-12-26,6,543,4,506,2,37,0,0,6,543,0,0,6,543,California
Nevada,2020-12-27,88,631,88,594,0,37,0,0,88,631,0,0,88,631,California
Nevada,2020-12-28,170,801,93,687,77,114,0,0,170,801,0,0,170,801,California
Nevada,2020-12-29,99,900,73,760,26,140,0,0,99,900,0,0,99,900,California
Nevada,2020-12-30,86,986,66,826,20,160,0,0,86,986,0,0,86,986,California
Nevada,2020-12-31,39,1025,9,835,30,190,0,0,39,1025,0,0,39,1025,California
Nevada,2021-01-01,2,1027,0,835,2,192,0,0,2,1027,0,0,2,1027,California
Nevada,2021-01-02,1,1028,1,836,0,192,0,0,1,1028,0,0,1,1028,California
Nevada,2021-01-03,129,1157,126,962,3,195,0,0,129,1157,0,0,129,1157,California
Nevada,2021-01-04,71,1228,47,1009,24,219,0,0,71,1228,0,0,71,1228,California
Nevada,2021-01-05,273,1501,132,1141,141,360,0,0,272,1499,1,1,272,1500,California
Nevada,2021-01-06,91,1592,43,1184,48,408,0,0,83,1574,8,9,83,1583,California
Nevada,2021-01-07,215,1807,43,1227,172,580,0,0,208,1777,6,15,209,1792,California
Nevada,2021-01-08,221,2028,129,1356,92,672,0,0,168,1893,53,68,169,1961,California
Nevada,2021-01-09,64,2092,56,1412,8,680,0,0,16,1861,48,116,16,1977,California
Nevada,2021-01-10,18,2110,9,1421,9,689,0,0,10,1863,8,124,10,1987,California
Nevada,2021-01-11,185,2295,131,1552,54,743,0,0,57,1792,128,252,57,2044,California
Nevada,2021-01-12,597,2892,451,2003,146,889,0,0,531,2257,66,318,531,2575,California
Nevada,2021-01-13,260,3152,147,2150,113,1002,0,0,125,2247,135,453,125,2700,California
Nevada,2021-01-14,238,3390,127,2277,111,1113,0,0,220,2450,17,470,220,2920,California
Nevada,2021-01-15,395,3785,170,2447,225,1338,0,0,297,2649,98,568,297,3217,California
Nevada,2021-01-16,296,4081,15,2462,281,1619,0,0,292,2937,4,572,292,3509,California
Nevada,2021-01-17,35,4116,31,2493,4,1623,0,0,33,2968,2,574,33,3542,California
Nevada,2021-01-18,155,4271,45,2538,110,1733,0,0,143,3099,12,586,143,3685,California
Nevada,2021-01-19,244,4515,85,2623,159,1892,0,0,225,3305,19,605,225,3910,California
Nevada,2021-01-20,266,4781,161,2784,105,1997,0,0,253,3545,13,618,253,4163,California
Nevada,2021-01-21,338,5119,207,2991,131,2128,0,0,325,3857,13,631,325,4488,California
Nevada,2021-01-22,363,5482,226,3217,137,2265,0,0,333,4160,30,661,333,4821,California
Nevada,2021-01-23,179,5661,105,3322,74,2339,0,0,179,4339,0,661,179,5000,California
Nevada,2021-01-24,105,5766,98,3420,7,2346,0,0,66,4366,39,700,66,5066,California
Nevada,2021-01-25,267,6033,137,3557,130,2476,0,0,206,4511,61,761,206,5272,California
Nevada,2021-01-26,402,6435,141,3698,261,2737,0,0,298,4705,104,865,298,5570,California
Nevada,2021-01-27,419,6854,248,3946,171,2908,0,0,395,5076,24,889,395,5965,California
Nevada,2021-01-28,471,7325,320,4266,151,3059,0,0,427,5460,43,932,427,6392,California
Nevada,2021-01-29,603,7928,392,4658,211,3270,0,0,576,6011,26,958,577,6969,California
Nevada,2021-01-30,232,8160,105,4763,127,3397,0,0,229,6237,3,961,229,7198,California
Nevada,2021-01-31,103,8263,86,4849,17,3414,0,0,101,6338,1,962,102,7300,California
Nevada,2021-02-01,291,8554,71,4920,220,3634,0,0,277,6601,14,976,277,7577,California
Nevada,2021-02-02,521,9075,184,5104,337,3971,0,0,322,6724,199,1175,322,7899,California
Nevada,2021-02-03,812,9887,572,5676,240,4211,0,0,758,7429,53,1228,758,8657,California
Nevada,2021-02-04,738,10625,391,6067,347,4558,0,0,488,7668,249,1477,488,9145,California
Nevada,2021-02-05,644,11269,367,6434,277,4835,0,0,455,7936,187,1664,455,9600,California
Nevada,2021-02-06,269,11538,83,6517,186,5021,0,0,242,8151,27,1691,242,9842,California
Nevada,2021-02-07,245,11783,192,6709,53,5074,0,0,190,8286,55,1746,190,10032,California
Nevada,2021-02-08,651,12434,407,7116,244,5318,0,0,551,8737,100,1846,551,10583,California
Nevada,2021-02-09,602,13036,337,7453,265,5583,0,0,463,9061,139,1985,463,11046,California
Nevada,2021-02-10,648,13684,323,7776,325,5908,0,0,417,9248,231,2216,418,11464,California
Nevada,2021-02-11,871,14555,505,8281,366,6274,0,0,542,9462,328,2544,542,12006,California
Nevada,2021-02-12,938,15493,437,8718,501,6775,0,0,617,9761,318,2862,617,12623,California
Nevada,2021-02-13,600,16093,236,8954,364,7139,0,0,388,9942,208,3070,389,13012,California
Nevada,2021-02-14,229,16322,119,9073,110,7249,0,0,201,10115,28,3098,201,13213,California
Nevada,2021-02-15,709,17031,438,9511,271,7520,0,0,535,10476,174,3272,535,13748,California
Nevada,2021-02-16,624,17655,199,9710,425,7945,0,0,454,10761,169,3441,454,14202,California
Nevada,2021-02-17,1188,18843,766,10476,422,8367,0,0,858,11289,330,3771,858,15060,California
Nevada,2021-02-18,1009,19852,550,11026,459,8826,0,0,601,11484,406,4177,601,15661,California
Nevada,2021-02-19,1015,20867,630,11656,385,9211,0,0,653,11777,361,4538,654,16315,California
Nevada,2021-02-20,298,21165,106,11762,192,9403,0,0,173,11826,124,4662,173,16488,California
Nevada,2021-02-21,91,21256,86,11848,5,9408,0,0,8,11752,82,4744,8,16496,California
Nevada,2021-02-22,496,21752,329,12177,167,9575,0,0,348,11953,147,4891,348,16844,California
Nevada,2021-02-23,484,22236,235,12412,249,9824,0,0,221,11914,260,5151,221,17065,California
Nevada,2021-02-24,480,22716,242,12654,238,10062,0,0,255,11946,225,5376,257,17322,California
Nevada,2021-02-25,861,23577,467,13121,394,10456,0,0,432,11951,427,5803,432,17754,California
Nevada,2021-02-26,1238,24815,882,14003,356,10812,0,0,409,11534,826,6629,409,18163,California
Nevada,2021-02-27,356,25171,112,14115,244,11056,0,0,186,11550,170,6799,186,18349,California
Nevada,2021-02-28,269,25440,156,14271,113,11169,0,0,124,11530,144,6943,124,18473,California
Nevada,2021-03-01,830,26270,433,14704,397,11566,0,0,364,11430,464,7407,364,18837,California
Nevada,2021-03-02,738,27008,292,14996,446,12012,0,0,510,11716,224,7631,510,19347,California
Nevada,2021-03-03,979,27987,505,15501,473,12485,1,1,508,11755,470,8101,509,19856,California
Nevada,2021-03-04,1104,29091,617,16118,487,12972,0,1,466,11586,635,8736,466,20322,California
Nevada,2021-03-05,832,29923,471,16589,351,13323,10,11,374,11514,456,9192,384,20706,California
Nevada,2021-03-06,360,30283,122,16711,211,13534,27,38,145,11471,215,9407,172,20878,California
Nevada,2021-03-07,211,30494,109,16820,83,13617,19,57,70,11419,141,9548,89,20967,California
Nevada,2021-03-08,807,31301,538,17358,224,13841,45,102,360,11379,446,9994,406,21373,California
Nevada,2021-03-09,674,31975,323,17681,301,14142,50,152,371,11498,301,10295,420,21793,California
Nevada,2021-03-10,962,32937,606,18287,300,14442,56,208,321,11239,636,10931,377,22170,California
Nevada,2021-03-11,1105,34042,725,19012,355,14797,25,233,549,11265,548,11479,574,22744,California
Nevada,2021-03-12,1194,35236,723,19735,441,15238,30,263,507,11116,685,12164,536,23280,California
Nevada,2021-03-13,272,35508,53,19788,214,15452,5,268,101,11051,170,12334,105,23385,California
Nevada,2021-03-14,155,35663,21,19809,128,15580,6,274,33,10968,122,12456,39,23424,California
Nevada,2021-03-15,842,36505,456,20265,374,15954,12,286,357,10855,482,12938,369,23793,California
Nevada,2021-03-16,995,37500,466,20731,467,16421,62,348,637,11197,356,13294,698,24491,California
Nevada,2021-03-17,1017,38517,451,21182,556,16977,10,358,580,11353,434,13728,590,25081,California
Nevada,2021-03-18,974,39491,529,21711,422,17399,23,381,476,11358,494,14222,499,25580,California
Nevada,2021-03-19,759,40250,439,22150,283,17682,37,418,353,11346,402,14624,390,25970,California
Nevada,2021-03-20,820,41070,92,22242,304,17986,424,842,231,11414,583,15207,651,26621,California
Nevada,2021-03-21,58,41128,32,22274,25,18011,1,843,40,11438,17,15224,41,26662,California
Nevada,2021-03-22,797,41925,516,22790,276,18287,5,848,531,11710,264,15488,536,27198,California
Nevada,2021-03-23,851,42776,382,23172,443,18730,26,874,611,12110,237,15725,637,27835,California
Nevada,2021-03-24,1021,43797,542,23714,472,19202,7,881,637,12375,378,16103,643,28478,California
Nevada,2021-03-25,901,44698,453,24167,423,19625,25,906,493,12485,407,16510,517,28995,California
Nevada,2021-03-26,1139,45837,433,24600,668,20293,38,944,817,13020,319,16829,854,29849,California
Nevada,2021-03-27,568,46405,71,24671,481,20774,16,960,386,13240,182,17011,402,30251,California
Nevada,2021-03-28,175,46580,50,24721,112,20886,13,973,38,13157,134,17145,51,30302,California
Nevada,2021-03-29,821,47401,501,25222,298,21184,22,995,392,13144,426,17571,413,30715,California
Nevada,2021-03-30,1042,48443,475,25697,533,21717,34,1029,535,13214,499,18070,569,31284,California
Nevada,2021-03-31,1175,49618,659,26356,499,22216,17,1046,693,13451,473,18543,710,31994,California
Nevada,2021-04-01,1235,50853,720,27076,462,22678,53,1099,546,13370,680,19223,599,32593,California
Nevada,2021-04-02,1285,52138,658,27734,591,23269,36,1135,761,13648,520,19743,798,33391,California
Nevada,2021-04-03,288,52426,89,27823,161,23430,38,1173,83,13565,204,19947,121,33512,California
Nevada,2021-04-04,128,52554,42,27865,79,23509,7,1180,77,13598,51,19998,84,33596,California
Nevada,2021-04-05,929,53483,611,28476,299,23808,19,1199,617,13925,309,20307,636,34232,California
Nevada,2021-04-06,1072,54555,663,29139,265,24073,144,1343,472,13947,593,20900,615,34847,California
Nevada,2021-04-07,1145,55700,817,29956,246,24319,82,1425,607,14104,531,21431,688,35535,California
Nevada,2021-04-08,1278,56978,889,30845,306,24625,83,1508,704,14320,571,22002,787,36322,California
Nevada,2021-04-09,1243,58221,847,31692,327,24952,69,1577,843,14833,399,22401,912,37234,California
Nevada,2021-04-10,262,58483,76,31768,110,25062,76,1653,107,14862,154,22555,183,37417,California
Nevada,2021-04-11,100,58583,31,31799,65,25127,4,1657,39,14844,61,22616,43,37460,California
Nevada,2021-04-12,742,59325,539,32338,186,25313,17,1674,315,14753,423,23039,332,37792,California
Nevada,2021-04-13,882,60207,350,32688,532,25845,0,1674,474,14821,406,23445,474,38266,California
Nevada,2021-04-14,1048,61255,566,33254,482,26327,0,1674,537,14855,503,23948,537,38803,California
Nevada,2021-04-15,1073,62328,706,33960,367,26694,0,1674,623,15038,440,24388,623,39426,California
Nevada,2021-04-16,892,63220,691,34651,201,26895,0,1674,521,15189,370,24758,521,39947,California
Nevada,2021-04-17,196,63416,50,34701,146,27041,0,1674,85,15164,110,24868,85,40032,California
Nevada,2021-04-18,185,63601,21,34722,164,27205,0,1674,103,15185,82,24950,103,40135,California
Nevada,2021-04-19,747,64348,480,35202,267,27472,0,1674,303,15052,436,25386,303,40438,California
Nevada,2021-04-20,798,65146,308,35510,490,27962,0,1674,300,14859,493,25879,300,40738,California
Nevada,2021-04-21,900,66046,493,36003,407,28369,0,1674,268,14504,623,26502,268,41006,California
Nevada,2021-04-22,994,67040,621,36624,373,28742,0,1674,339,14200,643,27145,339,41345,California
Nevada,2021-04-23,1218,68258,539,37163,679,29421,0,1674,394,13781,813,27958,394,41739,California
Nevada,2021-04-24,521,68779,73,37236,448,29869,0,1674,170,13602,349,28307,170,41909,California
Nevada,2021-04-25,117,68896,61,37297,51,29920,5,1679,52,13595,64,28371,57,41966,California
Nevada,2021-04-26,704,69600,527,37824,169,30089,8,1687,198,13305,496,28867,206,42172,California
Nevada,2021-04-27,774,70374,348,38172,421,30510,5,1692,403,13350,363,29230,408,42580,California
Nevada,2021-04-28,984,71358,580,38752,399,30909,5,1697,387,13150,592,29822,392,42972,California
Nevada,2021-04-29,1012,72370,709,39461,299,31208,4,1701,277,12699,732,30554,281,43253,California
Nevada,2021-04-30,1221,73591,723,40184,489,31697,9,1710,199,11887,1020,31574,208,43461,California
Nevada,2021-05-01,142,73733,64,40248,74,31771,4,1714,63,11877,77,31651,67,43528,California
Nevada,2021-05-02,53,73786,29,40277,20,31791,4,1718,19,11866,34,31685,23,43551,California
Nevada,2021-05-03,607,74393,404,40681,183,31974,20,1738,178,11638,425,32110,197,43748,California
Nevada,2021-05-04,584,74977,169,40850,397,32371,18,1756,331,11738,249,32359,349,44097,California
Nevada,2021-05-05,732,75709,381,41231,337,32708,14,1770,321,11670,403,32762,335,44432,California
Nevada,2021-05-06,799,76508,561,41792,227,32935,11,1781,196,11282,595,33357,207,44639,California
Nevada,2021-05-07,879,77387,487,42279,357,33292,35,1816,193,10827,683,34040,228,44867,California
Nevada,2021-05-08,172,77559,20,42299,132,33424,20,1836,82,10839,90,34130,102,44969,California
Nevada,2021-05-09,42,77601,8,42307,32,33456,2,1838,19,10837,23,34153,21,44990,California
Nevada,2021-05-10,386,77987,245,42552,117,33573,24,1862,74,10623,312,34465,98,45088,California
Nevada,2021-05-11,510,78497,150,42702,347,33920,13,1875,127,10388,375,34840,140,45228,California
Nevada,2021-05-12,538,79035,227,42929,299,34219,12,1887,151,10173,378,35218,163,45391,California
Nevada,2021-05-13,792,79827,529,43458,257,34476,6,1893,409,10214,374,35592,415,45806,California
Nevada,2021-05-14,753,80580,569,44027,169,34645,15,1908,418,10315,332,35924,433,46239,California
Nevada,2021-05-15,188,80768,90,44117,92,34737,6,1914,89,10312,98,36022,95,46334,California
Nevada,2021-05-16,99,80867,7,44124,92,34829,0,1914,13,10239,86,36108,13,46347,California
Nevada,2021-05-17,433,81300,295,44419,115,34944,23,1937,201,10240,223,36331,224,46571,California
Nevada,2021-05-18,270,81570,182,44601,85,35029,3,1940,148,10269,122,36453,151,46722,California
Orange,2020-12-15,16,16,16,16,0,0,0,0,16,16,0,0,16,16,California
Orange,2020-12-16,366,382,366,382,0,0,0,0,366,382,0,0,366,382,California
Orange,2020-12-17,3728,4110,3728,4110,0,0,0,0,3727,4109,0,0,3727,4109,California
Orange,2020-12-18,5061,9171,5053,9163,8,8,0,0,5060,9169,0,0,5060,9169,California
Orange,2020-12-19,2234,11405,2227,11390,7,15,0,0,2233,11402,0,0,2233,11402,California
Orange,2020-12-20,1989,13394,1986,13376,3,18,0,0,1990,13392,0,0,1990,13392,California
Orange,2020-12-21,4254,17648,4248,17624,6,24,0,0,4254,17646,0,0,4254,17646,California
Orange,2020-12-22,3984,21632,3949,21573,35,59,0,0,3984,21630,0,0,3984,21630,California
Orange,2020-12-23,3566,25198,3203,24776,363,422,0,0,3568,25198,0,0,3568,25198,California
Orange,2020-12-24,1381,26579,1079,25855,302,724,0,0,1381,26579,0,0,1381,26579,California
Orange,2020-12-25,17,26596,12,25867,5,729,0,0,17,26596,0,0,17,26596,California
Orange,2020-12-26,1024,27620,423,26290,601,1330,0,0,1024,27620,0,0,1024,27620,California
Orange,2020-12-27,582,28202,275,26565,307,1637,0,0,582,28202,0,0,582,28202,California
Orange,2020-12-28,3543,31745,2568,29133,975,2612,0,0,3543,31745,0,0,3543,31745,California
Orange,2020-12-29,3576,35321,2564,31697,1012,3624,0,0,3575,35319,1,1,3575,35320,California
Orange,2020-12-30,5132,40453,3556,35253,1576,5200,0,0,5132,40451,0,1,5132,40452,California
Orange,2020-12-31,1500,41953,802,36055,698,5898,0,0,1500,41951,0,1,1500,41952,California
Orange,2021-01-01,555,42508,302,36357,253,6151,0,0,554,42504,1,2,554,42506,California
Orange,2021-01-02,1416,43924,904,37261,512,6663,0,0,1416,43920,0,2,1416,43922,California
Orange,2021-01-03,586,44510,325,37586,261,6924,0,0,586,44506,0,2,586,44508,California
Orange,2021-01-04,2748,47258,1561,39147,1187,8111,0,0,2749,47254,1,3,2749,47257,California
Orange,2021-01-05,3527,50785,2297,41444,1230,9341,0,0,3119,49972,404,407,3122,50379,California
Orange,2021-01-06,5015,55800,3468,44912,1547,10888,0,0,3647,52263,1356,1763,3647,54026,California
Orange,2021-01-07,9280,65080,5174,50086,4106,14994,0,0,5706,54412,3561,5324,5710,59736,California
Orange,2021-01-08,9431,74511,5273,55359,4158,19152,0,0,5665,56324,3756,9080,5668,65404,California
Orange,2021-01-09,5013,79524,1744,57103,3269,22421,0,0,3731,58773,1282,10362,3731,69135,California
Orange,2021-01-10,4240,83764,1043,58146,3197,25618,0,0,3360,61258,879,11241,3364,72499,California
Orange,2021-01-11,9449,93213,4909,63055,4540,30158,0,0,5824,63455,3628,14869,5825,78324,California
Orange,2021-01-12,8832,102045,4733,67788,4099,34257,0,0,5365,65356,3465,18334,5366,83690,California
Orange,2021-01-13,10272,112317,4929,72717,5343,39600,0,0,7065,69225,3203,21537,7072,90762,California
Orange,2021-01-14,9979,122296,3781,76498,6198,45798,0,0,8388,76030,1589,23126,8394,99156,California
Orange,2021-01-15,10186,132482,2633,79131,7553,53351,0,0,9306,84454,888,24014,9312,108468,California
Orange,2021-01-16,8711,141193,2095,81226,6616,59967,0,0,8314,92377,396,24410,8319,116787,California
Orange,2021-01-17,8162,149355,1485,82711,6677,66644,0,0,8015,100255,147,24557,8025,124812,California
Orange,2021-01-18,9770,159125,4472,87183,5298,71942,0,0,7517,105519,2256,26813,7520,132332,California
Orange,2021-01-19,7501,166626,5419,92602,2082,74024,0,0,4869,107757,2632,29445,4870,137202,California
Orange,2021-01-20,8407,175033,5943,98545,2464,76488,0,0,5339,110034,3069,32514,5346,142548,California
Orange,2021-01-21,11019,186052,4908,103453,6111,82599,0,0,10206,119439,812,33326,10217,152765,California
Orange,2021-01-22,13681,199733,5155,108608,8526,91125,0,0,12824,131421,850,34176,12832,165597,California
Orange,2021-01-23,13147,212880,6191,114799,6956,98081,0,0,12160,142605,985,35161,12169,177766,California
Orange,2021-01-24,9824,222704,4295,119094,5529,103610,0,0,9493,151773,328,35489,9496,187262,California
Orange,2021-01-25,10470,233174,5881,124975,4589,108199,0,0,7733,156780,2731,38220,7738,195000,California
Orange,2021-01-26,11912,245086,7725,132700,4187,112386,0,0,9741,164357,2167,40387,9744,204744,California
Orange,2021-01-27,13446,258532,8014,140714,5432,117818,0,0,10737,172401,2698,43085,10742,215486,California
Orange,2021-01-28,13065,271597,7229,147943,5836,123654,0,0,11178,181715,1872,44957,11186,226672,California
Orange,2021-01-29,13655,285252,8461,156404,5194,128848,0,0,10755,189589,2885,47842,10759,237431,California
Orange,2021-01-30,12942,298194,4449,160853,8493,137341,0,0,12192,201049,735,48577,12195,249626,California
Orange,2021-01-31,13725,311919,4947,165800,8778,146119,0,0,13260,213857,459,49036,13267,262893,California
Orange,2021-02-01,14196,326115,5897,171697,8299,154418,0,0,12098,223885,2076,51112,12104,274997,California
Orange,2021-02-02,15450,341565,8385,180082,7065,161483,0,0,12687,233920,2655,53767,12690,287687,California
Orange,2021-02-03,16780,358345,12595,192677,4185,165668,0,0,13742,244708,2960,56727,13748,301435,California
Orange,2021-02-04,19890,378235,13004,205681,6886,172554,0,0,14793,254443,5066,61793,14801,316236,California
Orange,2021-02-05,20789,399024,12036,217717,8753,181307,0,0,14477,262655,6270,68063,14482,330718,California
Orange,2021-02-06,16349,415373,10803,228520,5546,186853,0,0,11086,268711,5248,73311,11304,342022,California
Orange,2021-02-07,11534,426907,8110,236630,3424,190277,0,0,7555,272472,3963,77274,7724,349746,California
Orange,2021-02-08,14990,441897,8618,245248,6372,196649,0,0,8962,275437,5998,83272,8963,358709,California
Orange,2021-02-09,17690,459587,12045,257293,5645,202294,0,0,10706,279239,6909,90181,10711,369420,California
Orange,2021-02-10,20947,480534,11214,268507,9733,212027,0,0,12686,283770,8164,98345,12695,382115,California
Orange,2021-02-11,22161,502695,11538,280045,10623,222650,0,0,12416,286591,9613,107958,12434,394549,California
Orange,2021-02-12,24815,527510,11926,291971,12889,235539,0,0,14634,291113,10118,118076,14640,409189,California
Orange,2021-02-13,22033,549543,11929,303900,10104,245643,0,0,11154,292234,10675,128751,11796,420985,California
Orange,2021-02-14,16206,565749,6579,310479,9627,255270,0,0,9554,295163,6626,135377,9555,430540,California
Orange,2021-02-15,17259,583008,7404,317883,9855,265125,0,0,8894,295744,8322,143699,8903,439443,California
Orange,2021-02-16,19969,602977,9000,326883,10969,276094,0,0,10740,297328,9180,152879,10764,450207,California
Orange,2021-02-17,17936,620913,9355,336238,8581,284675,0,0,9212,297897,8675,161554,9244,459451,California
Orange,2021-02-18,15058,635971,9890,346128,5168,289843,0,0,6790,296484,8212,169766,6799,466250,California
Orange,2021-02-19,18213,654184,10904,357032,7309,297152,0,0,6943,292221,11218,180984,6955,473205,California
Orange,2021-02-20,7538,661722,5626,362658,1912,299064,0,0,3785,292285,3731,184715,3795,477000,California
Orange,2021-02-21,4573,666295,3885,366543,688,299752,0,0,937,289625,3597,188312,937,477937,California
Orange,2021-02-22,9682,675977,7899,374442,1783,301535,0,0,3908,287806,5742,194054,3923,481860,California
Orange,2021-02-23,13328,689305,7302,381744,6026,307561,0,0,3519,281589,9747,203801,3530,485390,California
Orange,2021-02-24,21209,710514,12872,394616,8337,315898,0,0,5403,271284,15726,219527,5421,490811,California
Orange,2021-02-25,22721,733235,12324,406940,10397,326295,0,0,8010,264677,14633,234160,8026,498837,California
Orange,2021-02-26,27864,761099,14112,421052,13752,340047,0,0,11252,259482,16472,250632,11277,510114,California
Orange,2021-02-27,25107,786206,10193,431245,14912,354959,2,2,7329,249159,17669,268301,7346,517460,California
Orange,2021-02-28,19116,805322,7427,438672,11689,366648,0,2,4832,239846,14162,282463,4849,522309,California
Orange,2021-03-01,18540,823862,8479,447151,10053,376701,8,10,7182,235778,11271,293734,7203,529512,California
Orange,2021-03-02,19253,843115,9284,456435,9966,386667,3,13,9440,235489,9760,303494,9471,538983,California
Orange,2021-03-03,20633,863748,9740,466175,10889,397556,4,17,11077,237117,9475,312969,11103,550086,California
Orange,2021-03-04,22460,886208,12960,479135,9486,407042,14,31,11616,237970,10805,323774,11658,561744,California
Orange,2021-03-05,21063,907271,10994,490129,10023,417065,46,77,12948,242954,8070,331844,13054,574798,California
Orange,2021-03-06,24119,931390,13281,503410,9974,427039,864,941,12751,245266,11326,343170,13638,588436,California
Orange,2021-03-07,15018,946408,8451,511861,6164,433203,403,1344,8764,248238,6215,349385,9187,597623,California
Orange,2021-03-08,16277,962685,7452,519313,7560,440763,1265,2609,10451,254202,5777,355162,11741,609364,California
Orange,2021-03-09,19782,982467,8610,527923,8735,449498,2437,5046,11355,259610,8382,363544,13790,623154,California
Orange,2021-03-10,24368,1006835,11794,539717,9122,458620,3452,8498,12173,263098,12131,375675,15619,638773,California
Orange,2021-03-11,29005,1035840,15699,555416,9089,467709,4217,12715,13439,265284,15466,391141,17652,656425,California
Orange,2021-03-12,29282,1065122,14244,569660,11181,478890,3857,16572,14696,269354,14504,405645,18574,674999,California
Orange,2021-03-13,27735,1092857,10170,579830,13633,492523,3932,20504,14028,273667,13645,419290,17958,692957,California
Orange,2021-03-14,18812,1111669,8153,587983,8132,500655,2527,23031,11734,280871,7047,426337,14251,707208,California
Orange,2021-03-15,23012,1134681,10129,598112,12123,512778,760,23791,14349,287392,8583,434920,15104,722312,California
Orange,2021-03-16,26372,1161053,11149,609261,14995,527773,228,24019,17128,295592,9161,444081,17361,739673,California
Orange,2021-03-17,27336,1188389,13558,622819,13185,540958,593,24612,19443,307803,7822,451903,20033,759706,California
Orange,2021-03-18,27740,1216129,13938,636757,13524,554482,278,24890,21592,323599,6078,457981,21874,781580,California
Orange,2021-03-19,33485,1249614,18384,655141,14660,569142,441,25331,24918,340513,8455,466436,25369,806949,California
Orange,2021-03-20,25763,1275377,13558,668699,11999,581141,206,25537,21982,358986,3719,470155,22192,829141,California
Orange,2021-03-21,18482,1293859,10675,679374,7080,588221,727,26264,15712,372684,2741,472896,16439,845580,California
Orange,2021-03-22,22721,1316580,11744,691118,10655,598876,322,26586,19173,388726,3462,476358,19504,865084,California
Orange,2021-03-23,25976,1342556,13480,704598,11861,610737,635,27221,20647,404764,5248,481606,21286,886370,California
Orange,2021-03-24,29072,1371628,16209,720807,11951,622688,912,28133,21956,420606,7028,488634,22870,909240,California
Orange,2021-03-25,32287,1403915,17192,737999,14391,637079,704,28837,24169,437452,8027,496661,24873,934113,California
Orange,2021-03-26,34785,1438700,18008,756007,15914,652993,863,29700,24834,453309,9842,506503,25699,959812,California
Orange,2021-03-27,28371,1467071,13573,769580,14484,667477,314,30014,19724,464800,8553,515056,20044,979856,California
Orange,2021-03-28,24721,1491792,12790,782370,11863,679340,68,30082,18553,477331,6093,521149,18624,998480,California
Orange,2021-03-29,26484,1518276,12079,794449,13839,693179,566,30648,17967,487434,8431,529580,18534,1017014,California
Orange,2021-03-30,30806,1549082,13875,808324,16298,709477,633,31281,21317,499974,9412,538992,21952,1038966,California
Orange,2021-03-31,37056,1586138,19411,827735,16935,726412,710,31991,24095,511924,12860,551852,24810,1063776,California
Orange,2021-04-01,40318,1626456,21136,848871,17331,743743,1851,33842,26146,525869,14049,565901,27994,1091770,California
Orange,2021-04-02,39951,1666407,20124,868995,18044,761787,1783,35625,22642,533101,17208,583109,24440,1116210,California
Orange,2021-04-03,30081,1696488,15665,884660,12714,774501,1702,37327,14270,533333,15738,598847,15970,1132180,California
Orange,2021-04-04,18453,1714941,10720,895380,6971,781472,762,38089,8244,532216,10154,609001,9037,1141217,California
Orange,2021-04-05,29964,1744905,13994,909374,12582,794054,3388,41477,13930,533582,15961,624962,17327,1158544,California
Orange,2021-04-06,33277,1778182,15578,924952,14278,808332,3421,44898,14382,532568,18803,643765,17789,1176333,California
Orange,2021-04-07,35926,1814108,20040,944992,11313,819645,4573,49471,15810,532907,20038,663803,20377,1196710,California
Orange,2021-04-08,38538,1852646,21443,966435,11660,831305,5435,54906,18768,537409,19668,683471,24170,1220880,California
Orange,2021-04-09,40562,1893208,23611,990046,11802,843107,5149,60055,17977,538009,22497,705968,23097,1243977,California
Orange,2021-04-10,34091,1927299,18085,1008131,11803,854910,4203,64258,14149,536476,19858,725826,18325,1262302,California
Orange,2021-04-11,25463,1952762,14388,1022519,7815,862725,3260,67518,9790,533886,15625,741451,13035,1275337,California
Orange,2021-04-12,30353,1983115,15362,1037881,11450,874175,3541,71059,11959,531024,18336,759787,15474,1290811,California
Orange,2021-04-13,32276,2015391,18150,1056031,14059,888234,67,71126,15059,528998,17150,776937,15124,1305935,California
Orange,2021-04-14,34344,2049735,20094,1076125,14217,902451,33,71159,15081,524941,19173,796110,15116,1321051,California
Orange,2021-04-15,39900,2089635,24347,1100472,15537,917988,16,71175,18554,522266,21241,817351,18566,1339617,California
Orange,2021-04-16,41194,2130829,24207,1124679,16958,934946,29,71204,18621,518447,22473,839824,18654,1358271,California
Orange,2021-04-17,30197,2161026,17265,1141944,12929,947875,3,71207,13289,514913,16831,856655,13297,1371568,California
Orange,2021-04-18,21392,2182418,12937,1154881,8455,956330,0,71207,8492,510557,12851,869506,8495,1380063,California
Orange,2021-04-19,32422,2214840,17892,1172773,14528,970858,2,71209,14908,508044,17427,886933,14914,1394977,California
Orange,2021-04-20,35132,2249972,18251,1191024,16877,987735,4,71213,17574,508140,17482,904415,17578,1412555,California
Orange,2021-04-21,40575,2290547,23382,1214406,17183,1004918,10,71223,19235,506144,21242,925657,19246,1431801,California
Orange,2021-04-22,39190,2329737,20716,1235122,18464,1023382,10,71233,16293,499680,22773,948430,16309,1448110,California
Orange,2021-04-23,40099,2369836,20731,1255853,19362,1042744,6,71239,17913,495524,22078,970508,17922,1466032,California
Orange,2021-04-24,31814,2401650,16667,1272520,15112,1057856,35,71274,13373,490575,18360,988868,13411,1479443,California
Orange,2021-04-25,22987,2424637,12990,1285510,9984,1067840,13,71287,9876,487415,13054,1001922,9894,1489337,California
Orange,2021-04-26,26029,2450666,12701,1298211,13135,1080975,193,71480,11444,484553,14498,1016420,11636,1500973,California
Orange,2021-04-27,28493,2479159,13321,1311532,14671,1095646,501,71981,10939,478593,17405,1033825,11445,1512418,California
Orange,2021-04-28,30526,2509685,15169,1326701,14482,1110128,875,72856,12090,473222,18332,1052157,12961,1525379,California
Orange,2021-04-29,31428,2541113,17179,1343880,13290,1123418,959,73815,11227,465290,20112,1072269,12180,1537559,California
Orange,2021-04-30,29395,2570508,16708,1360588,11750,1135168,937,74752,12385,461683,16923,1089192,13316,1550875,California
Orange,2021-05-01,21747,2592255,14642,1375230,6117,1141285,988,75740,8657,458303,13019,1102211,9639,1560514,California
Orange,2021-05-02,15375,2607630,10221,1385451,4510,1145795,644,76384,5370,454372,9942,1112153,6011,1566525,California
Orange,2021-05-03,20482,2628112,12493,1397944,7231,1153026,758,77142,6416,447545,13998,1126151,7171,1573696,California
Orange,2021-05-04,23475,2651587,13391,1411335,9179,1162205,905,78047,8115,441292,15261,1141412,9008,1582704,California
Orange,2021-05-05,24683,2676270,13768,1425103,10019,1172224,896,78943,8062,433750,16497,1157909,8955,1591659,California
Orange,2021-05-06,26252,2702522,15910,1441013,9345,1181569,997,79940,7254,423120,18873,1176782,8243,1599902,California
Orange,2021-05-07,28007,2730529,16603,1457616,10358,1191927,1046,80986,7943,412239,19866,1196648,8985,1608887,California
Orange,2021-05-08,18343,2748872,12112,1469728,5460,1197387,771,81757,5399,405531,12874,1209522,6166,1615053,California
Orange,2021-05-09,10973,2759845,8332,1478060,2265,1199652,376,82133,2901,400785,8022,1217544,3276,1618329,California
Orange,2021-05-10,18932,2778777,11529,1489589,6628,1206280,775,82908,4270,391257,14574,1232118,5046,1623375,California
Orange,2021-05-11,21123,2799900,11663,1501252,8810,1215090,650,83558,5016,380908,16012,1248130,5663,1629038,California
Orange,2021-05-12,22428,2822328,13816,1515068,7870,1222960,742,84300,6261,371855,16055,1264185,7002,1636040,California
Orange,2021-05-13,19642,2841970,11999,1527067,7122,1230082,521,84821,7143,367099,12422,1276607,7666,1643706,California
Orange,2021-05-14,24829,2866799,16053,1543120,7969,1238051,807,85628,10115,363398,14618,1291225,10917,1654623,California
Orange,2021-05-15,19034,2885833,13968,1557088,4557,1242608,509,86137,7759,360455,11214,1302439,8271,1662894,California
Orange,2021-05-16,10903,2896736,9228,1566316,1413,1244021,262,86399,4564,358972,6309,1308748,4826,1667720,California
Orange,2021-05-17,16734,2913470,10436,1576752,5663,1249684,635,87034,5750,354448,10903,1319651,6379,1674099,California
Orange,2021-05-18,9892,2923362,4889,1581641,4609,1254293,394,87428,3034,351056,6818,1326469,3426,1677525,California
Placer,2020-12-15,29,29,29,29,0,0,0,0,29,29,0,0,29,29,California
Placer,2020-12-16,55,84,55,84,0,0,0,0,55,84,0,0,55,84,California
Placer,2020-12-17,140,224,140,224,0,0,0,0,140,224,0,0,140,224,California
Placer,2020-12-18,332,556,332,556,0,0,0,0,332,556,0,0,332,556,California
Placer,2020-12-19,252,808,252,808,0,0,0,0,252,808,0,0,252,808,California
Placer,2020-12-20,234,1042,234,1042,0,0,0,0,234,1042,0,0,234,1042,California
Placer,2020-12-21,493,1535,492,1534,1,1,0,0,493,1535,0,0,493,1535,California
Placer,2020-12-22,674,2209,667,2201,7,8,0,0,674,2209,0,0,674,2209,California
Placer,2020-12-23,749,2958,662,2863,87,95,0,0,749,2958,0,0,749,2958,California
Placer,2020-12-24,398,3356,346,3209,52,147,0,0,398,3356,0,0,398,3356,California
Placer,2020-12-26,156,3512,111,3320,45,192,0,0,156,3512,0,0,156,3512,California
Placer,2020-12-27,186,3698,163,3483,23,215,0,0,186,3698,0,0,186,3698,California
Placer,2020-12-28,665,4363,538,4021,127,342,0,0,665,4363,0,0,665,4363,California
Placer,2020-12-29,764,5127,515,4536,249,591,0,0,764,5127,0,0,764,5127,California
Placer,2020-12-30,728,5855,454,4990,274,865,0,0,726,5853,0,0,726,5853,California
Placer,2020-12-31,529,6384,343,5333,186,1051,0,0,529,6382,0,0,529,6382,California
Placer,2021-01-01,15,6399,11,5344,4,1055,0,0,15,6397,0,0,15,6397,California
Placer,2021-01-02,185,6584,153,5497,32,1087,0,0,185,6582,0,0,185,6582,California
Placer,2021-01-03,154,6738,79,5576,75,1162,0,0,154,6736,0,0,154,6736,California
Placer,2021-01-04,619,7357,180,5756,439,1601,0,0,619,7355,0,0,619,7355,California
Placer,2021-01-05,725,8082,159,5915,566,2167,0,0,642,7916,82,82,643,7998,California
Placer,2021-01-06,763,8845,246,6161,517,2684,0,0,620,8393,143,225,620,8618,California
Placer,2021-01-07,986,9831,368,6529,618,3302,0,0,781,8969,205,430,781,9399,California
Placer,2021-01-08,1184,11015,528,7057,656,3958,0,0,855,9498,326,756,855,10254,California
Placer,2021-01-09,450,11465,321,7378,129,4087,0,0,234,9517,215,971,234,10488,California
Placer,2021-01-10,329,11794,186,7564,143,4230,0,0,164,9516,165,1136,164,10652,California
Placer,2021-01-11,1424,13218,806,8370,618,4848,0,0,835,9763,589,1725,836,11488,California
Placer,2021-01-12,1653,14871,877,9247,776,5624,0,0,1052,10214,601,2326,1052,12540,California
Placer,2021-01-13,1634,16505,821,10068,813,6437,0,0,1210,11005,422,2748,1213,13753,California
Placer,2021-01-14,1785,18290,654,10722,1131,7568,0,0,1429,12082,353,3101,1430,15183,California
Placer,2021-01-15,1938,20228,721,11443,1217,8785,0,0,1588,13322,349,3450,1589,16772,California
Placer,2021-01-16,1472,21700,720,12163,752,9537,0,0,1351,14553,121,3571,1352,18124,California
Placer,2021-01-17,563,22263,397,12560,166,9703,0,0,430,14850,133,3704,430,18554,California
Placer,2021-01-18,989,23252,552,13112,437,10140,0,0,751,15364,238,3942,752,19306,California
Placer,2021-01-19,2624,25876,1959,15071,665,10805,0,0,2169,17078,455,4397,2169,21475,California
Placer,2021-01-20,2274,28150,1704,16775,570,11375,0,0,1944,18693,330,4727,1945,23420,California
Placer,2021-01-21,2560,30710,1118,17893,1442,12817,0,0,2167,20469,392,5119,2168,25588,California
Placer,2021-01-22,2346,33056,639,18532,1707,14524,0,0,2171,22468,173,5292,2172,27760,California
Placer,2021-01-23,1188,34244,380,18912,808,15332,0,0,1033,23346,155,5447,1033,28793,California
Placer,2021-01-24,507,34751,265,19177,242,15574,0,0,431,23702,76,5523,432,29225,California
Placer,2021-01-25,1677,36428,808,19985,869,16443,0,0,1384,24794,293,5816,1385,30610,California
Placer,2021-01-26,1857,38285,1033,21018,824,17267,0,0,1593,26123,264,6080,1593,32203,California
Placer,2021-01-27,1841,40126,1153,22171,688,17955,0,0,1597,27479,242,6322,1598,33801,California
Placer,2021-01-28,1808,41934,1118,23289,690,18645,0,0,1560,28793,246,6568,1560,35361,California
Placer,2021-01-29,1894,43828,1171,24460,723,19368,0,0,1702,30306,191,6759,1704,37065,California
Placer,2021-01-30,1727,45555,973,25433,754,20122,0,0,1606,31792,120,6879,1606,38671,California
Placer,2021-01-31,783,46338,626,26059,157,20279,0,0,715,32440,68,6947,716,39387,California
Placer,2021-02-01,2069,48407,1090,27149,979,21258,0,0,1756,33883,313,7260,1756,41143,California
Placer,2021-02-02,2381,50788,1542,28691,839,22097,0,0,1889,35283,489,7749,1889,43032,California
Placer,2021-02-03,2921,53709,1878,30569,1043,23140,0,0,2296,36958,621,8370,2296,45328,California
Placer,2021-02-04,2763,56472,1191,31760,1572,24712,0,0,1937,38074,822,9192,1938,47266,California
Placer,2021-02-05,2739,59211,1214,32974,1525,26237,0,0,1406,38152,1328,10520,1406,48672,California
Placer,2021-02-06,1955,61166,1314,34288,641,26878,0,0,1404,39005,551,11071,1404,50076,California
Placer,2021-02-07,1227,62393,917,35205,310,27188,0,0,940,39659,286,11357,940,51016,California
Placer,2021-02-08,3302,65695,1767,36972,1535,28723,0,0,1945,40256,1349,12706,1946,52962,California
Placer,2021-02-09,3551,69246,2180,39152,1371,30094,0,0,1646,39999,1903,14609,1646,54608,California
Placer,2021-02-10,3751,72997,2191,41343,1560,31654,0,0,1745,39743,2003,16612,1747,56355,California
Placer,2021-02-11,3696,76693,1907,43250,1789,33443,0,0,1579,39219,2104,18716,1580,57935,California
Placer,2021-02-12,2852,79545,1325,44575,1527,34970,0,0,1670,39745,1145,19861,1671,59606,California
Placer,2021-02-13,2545,82090,1487,46062,1058,36028,0,0,1892,40984,653,20514,1892,61498,California
Placer,2021-02-14,1082,83172,677,46739,405,36433,0,0,737,41379,342,20856,737,62235,California
Placer,2021-02-15,2249,85421,1047,47786,1202,37635,0,0,1533,42197,716,21572,1534,63769,California
Placer,2021-02-16,3577,88998,1782,49568,1795,39430,0,0,1589,41808,1979,23551,1590,65359,California
Placer,2021-02-17,3544,92542,1964,51532,1580,41010,0,0,1511,41290,2029,25580,1511,66870,California
Placer,2021-02-18,3799,96341,2048,53580,1751,42761,0,0,1616,40733,2174,27754,1617,68487,California
Placer,2021-02-19,3589,99930,1915,55495,1674,44435,0,0,1329,39808,2255,30009,1330,69817,California
Placer,2021-02-20,2003,101933,1259,56754,744,45179,0,0,912,39638,1085,31094,915,70732,California
Placer,2021-02-21,975,102908,731,57485,244,45423,0,0,279,39225,693,31787,280,71012,California
Placer,2021-02-22,2524,105432,1775,59260,749,46172,0,0,604,37910,1919,33706,604,71616,California
Placer,2021-02-23,2561,107993,1587,60847,974,47146,0,0,884,37118,1676,35382,884,72500,California
Placer,2021-02-24,3297,111290,1184,62031,2113,49259,0,0,1798,37429,1489,36871,1800,74300,California
Placer,2021-02-25,3636,114926,1524,63555,2112,51371,0,0,1968,37739,1660,38531,1970,76270,California
Placer,2021-02-26,4100,119026,2374,65929,1726,53097,0,0,2355,38354,1740,40271,2355,78625,California
Placer,2021-02-27,2824,121850,1495,67424,1329,54426,0,0,1452,38443,1366,41637,1455,80080,California
Placer,2021-02-28,1405,123255,798,68222,607,55033,0,0,589,38222,810,42447,589,80669,California
Placer,2021-03-01,3002,126257,1992,70214,1010,56043,0,0,1554,38333,1443,43890,1554,82223,California
Placer,2021-03-02,2883,129140,1775,71989,1108,57151,0,0,1882,39219,996,44886,1882,84105,California
Placer,2021-03-03,3326,132466,1424,73413,1902,59053,0,0,1818,39536,1502,46388,1819,85924,California
Placer,2021-03-04,3630,136096,1459,74872,2171,61224,0,0,1894,39707,1724,48112,1895,87819,California
Placer,2021-03-05,3015,139111,1037,75909,1956,63180,22,22,1810,40337,1202,49314,1832,89651,California
Placer,2021-03-06,2429,141540,1501,77410,832,64012,96,118,936,39884,1485,50799,1032,90683,California
Placer,2021-03-07,1299,142839,753,78163,508,64520,38,156,531,39688,765,51564,569,91252,California
Placer,2021-03-08,2907,145746,1825,79988,969,65489,113,269,1647,40190,1258,52822,1760,93012,California
Placer,2021-03-09,3172,148918,1680,81668,1401,66890,91,360,1815,40742,1354,54176,1906,94918,California
Placer,2021-03-10,3284,152202,1323,82991,1854,68744,107,467,1709,40988,1570,55746,1816,96734,California
Placer,2021-03-11,3640,155842,1647,84638,1867,70611,126,593,1748,40982,1883,57629,1877,98611,California
Placer,2021-03-12,3677,159519,1485,86123,1411,72022,781,1374,1255,40603,2416,60045,2037,100648,California
Placer,2021-03-13,2114,161633,744,86867,1251,73273,119,1493,1115,40843,994,61039,1234,101882,California
Placer,2021-03-14,1639,163272,671,87538,819,74092,149,1642,891,41135,748,61787,1040,102922,California
Placer,2021-03-15,3185,166457,1535,89073,1518,75610,132,1774,1767,41618,1417,63204,1900,104822,California
Placer,2021-03-16,3566,170023,1917,90990,1516,77126,133,1907,2286,42769,1269,64473,2420,107242,California
Placer,2021-03-17,3430,173453,1733,92723,1598,78724,99,2006,2209,43862,1217,65690,2310,109552,California
Placer,2021-03-18,4096,177549,2328,95051,1730,80454,38,2044,2865,45540,1224,66914,2902,112454,California
Placer,2021-03-19,3440,180989,2071,97122,1105,81559,264,2308,2198,46767,1234,68148,2461,114915,California
Placer,2021-03-20,2137,183126,897,98019,1143,82702,97,2405,1301,47333,831,68979,1397,116312,California
Placer,2021-03-21,1254,184380,575,98594,670,83372,9,2414,946,47983,305,69284,955,117267,California
Placer,2021-03-22,3269,187649,2101,100695,1078,84450,90,2504,2189,49186,1076,70360,2279,119546,California
Placer,2021-03-23,3528,191177,2099,102794,1338,85788,91,2595,2518,50791,1005,71365,2610,122156,California
Placer,2021-03-24,3789,194966,1998,104792,1694,87482,97,2692,1948,51018,1819,73184,2046,124202,California
Placer,2021-03-25,3855,198821,1867,106659,1891,89373,97,2789,1787,50844,2057,75241,1883,126085,California
Placer,2021-03-26,3765,202586,1664,108323,1870,91243,231,3020,1584,50493,2166,77407,1815,127900,California
Placer,2021-03-27,1594,204180,469,108792,1105,92348,20,3040,649,50224,938,78345,669,128569,California
Placer,2021-03-28,1109,205289,528,109320,571,92919,10,3050,364,49858,740,79085,374,128943,California
Placer,2021-03-29,3560,208849,1988,111308,1538,94457,34,3084,1723,49788,1828,80913,1758,130701,California
Placer,2021-03-30,3974,212823,2096,113404,1835,96292,43,3127,2092,50054,1868,82781,2134,132835,California
Placer,2021-03-31,4096,216919,1831,115235,2190,98482,75,3202,1694,49428,2395,85176,1769,134604,California
Placer,2021-04-01,2978,219897,1435,116670,1496,99978,47,3249,1663,49826,1314,86490,1712,136316,California
Placer,2021-04-02,2844,222741,1453,118123,1327,101305,64,3313,1593,50239,1244,87734,1657,137973,California
Placer,2021-04-03,1852,224593,985,119108,739,102044,128,3441,889,50300,956,88690,1017,138990,California
Placer,2021-04-04,711,225304,361,119469,297,102341,53,3494,286,50218,421,89111,339,139329,California
Placer,2021-04-05,3002,228306,1901,121370,917,103258,184,3678,1748,50900,1250,90361,1932,141261,California
Placer,2021-04-06,4283,232589,2475,123845,1509,104767,299,3977,1525,49971,2753,93114,1824,143085,California
Placer,2021-04-07,4513,237102,2574,126419,1478,106245,461,4438,2064,50051,2443,95557,2523,145608,California
Placer,2021-04-08,4688,241790,2592,129011,1551,107796,545,4983,1569,49056,3108,98665,2113,147721,California
Placer,2021-04-09,4106,245896,2263,131274,1225,109021,618,5601,1224,48026,2874,101539,1844,149565,California
Placer,2021-04-10,2025,247921,879,132153,961,109982,185,5786,865,47918,1157,102696,1049,150614,California
Placer,2021-04-11,1352,249273,531,132684,788,110770,33,5819,454,47510,894,103590,486,151100,California
Placer,2021-04-12,4098,253371,2645,135329,1073,111843,380,6199,2463,48728,1624,105214,2842,153942,California
Placer,2021-04-13,4345,257716,2994,138323,1350,113193,1,6200,2190,48768,2151,107365,2191,156133,California
Placer,2021-04-14,4123,261839,2565,140888,1557,114750,1,6201,1844,48342,2270,109635,1844,157977,California
Placer,2021-04-15,4492,266331,2509,143397,1982,116732,1,6202,2348,48558,2133,111768,2349,160326,California
Placer,2021-04-16,3675,270006,2185,145582,1490,118222,0,6202,1433,47755,2236,114004,1433,161759,California
Placer,2021-04-17,2418,272424,840,146422,1578,119800,0,6202,1515,48371,899,114903,1515,163274,California
Placer,2021-04-18,1182,273606,256,146678,926,120726,0,6202,411,48013,769,115672,411,163685,California
Placer,2021-04-19,2935,276541,1805,148483,1130,121856,0,6202,1166,47414,1766,117438,1167,164852,California
Placer,2021-04-20,3787,280328,2457,150940,1330,123186,0,6202,2414,48463,1365,118803,2414,167266,California
Placer,2021-04-21,3656,283984,2397,153337,1258,124444,1,6203,2382,49576,1270,120073,2383,169649,California
Placer,2021-04-22,3662,287646,2265,155602,1397,125841,0,6203,1748,49413,1911,121984,1748,171397,California
Placer,2021-04-23,3499,291145,2322,157924,1176,127017,1,6204,1374,48670,2118,124102,1375,172772,California
Placer,2021-04-24,2084,293229,1264,159188,819,127836,1,6205,1219,49032,857,124959,1219,173991,California
Placer,2021-04-25,913,294142,504,159692,409,128245,0,6205,565,49249,348,125307,565,174556,California
Placer,2021-04-26,2354,296496,1251,160943,1080,129325,23,6228,1156,49239,1188,126495,1178,175734,California
Placer,2021-04-27,2638,299134,1370,162313,1233,130558,35,6263,1517,49677,1115,127610,1553,177287,California
Placer,2021-04-28,2911,302045,1803,164116,1071,131629,37,6300,1518,49848,1384,128994,1555,178842,California
Placer,2021-04-29,3261,305306,2074,166190,1135,132764,52,6352,1317,49279,1938,130932,1369,180211,California
Placer,2021-04-30,2983,308289,1804,167994,1130,133894,49,6401,1189,48728,1789,132721,1238,181449,California
Placer,2021-05-01,1331,309620,933,168927,374,134268,24,6425,607,48640,718,133439,630,182079,California
Placer,2021-05-02,715,310335,553,169480,141,134409,21,6446,333,48614,380,133819,354,182433,California
Placer,2021-05-03,1610,311945,992,170472,553,134962,65,6511,438,47950,1167,134986,503,182936,California
Placer,2021-05-04,2296,314241,1295,171767,835,135797,166,6677,864,47553,1427,136413,1030,183966,California
Placer,2021-05-05,3667,317908,2474,174241,1086,136883,107,6784,968,45935,2693,139106,1075,185041,California
Placer,2021-05-06,3093,321001,1894,176135,1123,138006,76,6860,814,44572,2253,141359,890,185931,California
Placer,2021-05-07,2800,323801,1884,178019,824,138830,92,6952,786,43446,2004,143363,878,186809,California
Placer,2021-05-08,1330,325131,707,178726,582,139412,41,6993,392,42941,936,144299,431,187240,California
Placer,2021-05-09,438,325569,202,178928,215,139627,21,7014,217,42957,221,144520,237,187477,California
Placer,2021-05-10,1926,327495,1031,179959,798,140425,97,7111,435,42002,1487,146007,532,188009,California
Placer,2021-05-11,2800,330295,2022,181981,673,141098,105,7216,573,40463,2217,148224,678,188687,California
Placer,2021-05-12,2715,333010,1902,183883,767,141865,46,7262,620,39041,2088,150312,666,189353,California
Placer,2021-05-13,2650,335660,1725,185608,880,142745,45,7307,921,38280,1726,152038,965,190318,California
Placer,2021-05-14,2631,338291,1725,187333,775,143520,131,7438,1252,38293,1367,153405,1380,191698,California
Placer,2021-05-15,1982,340273,1297,188630,661,144181,24,7462,877,38092,1102,154507,901,192599,California
Placer,2021-05-16,313,340586,179,188809,123,144304,11,7473,82,37954,231,154738,93,192692,California
Placer,2021-05-17,1998,342584,1299,190108,636,144940,63,7536,807,37638,1187,155925,871,193563,California
Placer,2021-05-18,1350,343934,963,191071,334,145274,53,7589,542,37430,802,156727,594,194157,California
Plumas,2020-12-18,4,4,4,4,0,0,0,0,4,4,0,0,4,4,California
Plumas,2020-12-19,1,5,1,5,0,0,0,0,1,5,0,0,1,5,California
Plumas,2020-12-21,45,50,45,50,0,0,0,0,45,50,0,0,45,50,California
Plumas,2020-12-22,92,142,92,142,0,0,0,0,92,142,0,0,92,142,California
Plumas,2020-12-23,50,192,50,192,0,0,0,0,50,192,0,0,50,192,California
Plumas,2020-12-24,6,198,6,198,0,0,0,0,6,198,0,0,6,198,California
Plumas,2020-12-28,8,206,0,198,8,8,0,0,8,206,0,0,8,206,California
Plumas,2020-12-29,32,238,22,220,10,18,0,0,32,238,0,0,32,238,California
Plumas,2020-12-30,23,261,1,221,22,40,0,0,23,261,0,0,23,261,California
Plumas,2020-12-31,4,265,1,222,3,43,0,0,4,265,0,0,4,265,California
Plumas,2021-01-04,10,275,4,226,6,49,0,0,10,275,0,0,10,275,California
Plumas,2021-01-05,22,297,2,228,20,69,0,0,22,297,0,0,22,297,California
Plumas,2021-01-06,123,420,5,233,118,187,0,0,123,420,0,0,123,420,California
Plumas,2021-01-07,53,473,2,235,51,238,0,0,52,471,1,1,52,472,California
Plumas,2021-01-08,12,485,5,240,7,245,0,0,8,475,4,5,8,480,California
Plumas,2021-01-09,2,487,2,242,0,245,0,0,1,475,1,6,1,481,California
Plumas,2021-01-11,58,545,50,292,8,253,0,0,11,439,47,53,11,492,California
Plumas,2021-01-12,155,700,86,378,69,322,0,0,71,426,84,137,71,563,California
Plumas,2021-01-13,56,756,50,428,6,328,0,0,10,390,46,183,10,573,California
Plumas,2021-01-14,96,852,14,442,82,410,0,0,91,476,5,188,91,664,California
Plumas,2021-01-15,62,914,7,449,55,465,0,0,60,534,2,190,60,724,California
Plumas,2021-01-16,58,972,1,450,57,522,0,0,58,592,0,190,58,782,California
Plumas,2021-01-18,2,974,1,451,1,523,0,0,2,594,0,190,2,784,California
Plumas,2021-01-19,36,1010,5,456,31,554,0,0,32,622,4,194,32,816,California
Plumas,2021-01-20,121,1131,3,459,118,672,0,0,119,739,2,196,119,935,California
Plumas,2021-01-21,112,1243,2,461,110,782,0,0,112,851,0,196,112,1047,California
Plumas,2021-01-22,5,1248,1,462,4,786,0,0,5,856,0,196,5,1052,California
Plumas,2021-01-23,93,1341,2,464,91,877,0,0,93,949,0,196,93,1145,California
Plumas,2021-01-24,1,1342,1,465,0,877,0,0,1,950,0,196,1,1146,California
Plumas,2021-01-25,10,1352,7,472,3,880,0,0,7,954,3,199,7,1153,California
Plumas,2021-01-26,60,1412,2,474,58,938,0,0,52,998,8,207,52,1205,California
Plumas,2021-01-27,25,1437,20,494,5,943,0,0,5,983,20,227,5,1210,California
Plumas,2021-01-28,23,1460,0,494,23,966,0,0,21,1002,2,229,21,1231,California
Plumas,2021-01-29,8,1468,2,496,6,972,0,0,7,1008,1,230,7,1238,California
Plumas,2021-01-30,8,1476,4,500,4,976,0,0,7,1014,1,231,7,1245,California
Plumas,2021-01-31,3,1479,3,503,0,976,0,0,3,1017,0,231,3,1248,California
Plumas,2021-02-01,15,1494,2,505,13,989,0,0,7,1016,8,239,7,1255,California
Plumas,2021-02-02,21,1515,2,507,19,1008,0,0,2,999,19,258,2,1257,California
Plumas,2021-02-03,127,1642,8,515,119,1127,0,0,13,899,113,371,13,1270,California
Plumas,2021-02-04,102,1744,8,523,94,1221,0,0,23,843,79,450,23,1293,California
Plumas,2021-02-05,24,1768,11,534,13,1234,0,0,9,837,15,465,9,1302,California
Plumas,2021-02-06,7,1775,0,534,7,1241,0,0,7,844,0,465,7,1309,California
Plumas,2021-02-08,16,1791,7,541,9,1250,0,0,4,836,12,477,4,1313,California
Plumas,2021-02-09,171,1962,1,542,170,1420,0,0,111,887,60,537,111,1424,California
Plumas,2021-02-10,89,2051,9,551,80,1500,0,0,80,959,9,546,81,1505,California
Plumas,2021-02-11,322,2373,7,558,315,1815,0,0,263,1163,59,605,263,1768,California
Plumas,2021-02-12,123,2496,4,562,119,1934,0,0,118,1276,5,610,118,1886,California
Plumas,2021-02-13,74,2570,5,567,69,2003,0,0,14,1230,60,670,14,1900,California
Plumas,2021-02-14,8,2578,5,572,3,2006,0,0,8,1238,0,670,8,1908,California
Plumas,2021-02-15,27,2605,5,577,22,2028,0,0,24,1259,3,673,24,1932,California
Plumas,2021-02-16,76,2681,4,581,72,2100,0,0,14,1211,62,735,14,1946,California
Plumas,2021-02-17,136,2817,5,586,131,2231,0,0,12,1099,124,859,12,1958,California
Plumas,2021-02-18,128,2945,6,592,122,2353,0,0,19,1010,109,968,20,1978,California
Plumas,2021-02-19,41,2986,4,596,37,2390,0,0,6,981,35,1003,6,1984,California
Plumas,2021-02-20,105,3091,7,603,98,2488,0,0,13,902,92,1095,13,1997,California
Plumas,2021-02-21,5,3096,5,608,0,2488,0,0,1,899,4,1099,1,1998,California
Plumas,2021-02-22,3,3099,1,609,2,2490,0,0,0,896,3,1102,0,1998,California
Plumas,2021-02-23,25,3124,5,614,20,2510,0,0,17,905,8,1110,17,2015,California
Plumas,2021-02-24,457,3581,7,621,450,2960,0,0,444,1336,13,1123,444,2459,California
Plumas,2021-02-25,230,3811,10,631,220,3180,0,0,169,1444,61,1184,169,2628,California
Plumas,2021-02-26,267,4078,8,639,259,3439,0,0,259,1696,8,1192,260,2888,California
Plumas,2021-02-27,40,4118,4,643,36,3475,0,0,33,1722,7,1199,33,2921,California
Plumas,2021-02-28,1,4119,0,643,1,3476,0,0,1,1723,0,1199,1,2922,California
Plumas,2021-03-01,13,4132,3,646,10,3486,0,0,8,1727,4,1203,8,2930,California
Plumas,2021-03-02,9,4141,0,646,9,3495,0,0,7,1732,2,1205,7,2937,California
Plumas,2021-03-03,151,4292,9,655,142,3637,0,0,135,1851,16,1221,135,3072,California
Plumas,2021-03-04,252,4544,9,664,243,3880,0,0,230,2059,22,1243,230,3302,California
Plumas,2021-03-05,400,4944,7,671,388,4268,5,5,389,2442,11,1254,394,3696,California
Plumas,2021-03-06,19,4963,2,673,9,4277,8,13,3,2437,16,1270,11,3707,California
Plumas,2021-03-07,13,4976,2,675,2,4279,9,22,3,2439,10,1280,12,3719,California
Plumas,2021-03-08,29,5005,3,678,2,4281,24,46,3,2440,26,1306,27,3746,California
Plumas,2021-03-09,133,5138,2,680,116,4397,15,61,18,2358,115,1421,33,3779,California
Plumas,2021-03-10,254,5392,3,683,237,4634,14,75,107,2333,146,1567,121,3900,California
Plumas,2021-03-11,179,5571,8,691,166,4800,5,80,144,2447,35,1602,149,4049,California
Plumas,2021-03-12,594,6165,4,695,303,5103,287,367,23,2186,571,2173,310,4359,California
Plumas,2021-03-13,25,6190,4,699,10,5113,11,378,5,2182,20,2193,16,4375,California
Plumas,2021-03-14,12,6202,3,702,4,5117,5,383,1,2178,10,2203,6,4381,California
Plumas,2021-03-15,31,6233,0,702,24,5141,7,390,5,2164,26,2229,12,4393,California
Plumas,2021-03-16,60,6293,3,705,56,5197,1,391,49,2203,11,2240,50,4443,California
Plumas,2021-03-17,73,6366,9,714,63,5260,1,392,58,2248,14,2254,59,4502,California
Plumas,2021-03-18,60,6426,6,720,38,5298,16,408,12,2228,48,2302,28,4530,California
Plumas,2021-03-19,164,6590,6,726,156,5454,2,410,155,2379,7,2309,158,4688,California
Plumas,2021-03-20,691,7281,4,730,686,6140,1,411,671,3033,18,2327,672,5360,California
Plumas,2021-03-21,2,7283,1,731,1,6141,0,411,1,3034,0,2327,1,5361,California
Plumas,2021-03-22,183,7466,2,733,181,6322,0,411,176,3203,7,2334,176,5537,California
Plumas,2021-03-23,27,7493,2,735,25,6347,0,411,13,3202,14,2348,13,5550,California
Plumas,2021-03-24,653,8146,6,741,646,6993,1,412,223,2997,429,2777,224,5774,California
Plumas,2021-03-25,302,8448,7,748,293,7286,2,414,158,3011,144,2921,158,5932,California
Plumas,2021-03-26,315,8763,9,757,306,7592,0,414,46,2789,268,3189,46,5978,California
Plumas,2021-03-27,13,8776,1,758,11,7603,1,415,3,2783,10,3199,4,5982,California
Plumas,2021-03-28,5,8781,3,761,1,7604,1,416,3,2785,2,3201,4,5986,California
Plumas,2021-03-29,12,8793,4,765,7,7611,1,417,4,2782,8,3209,5,5991,California
Plumas,2021-03-30,151,8944,3,768,147,7758,1,418,24,2680,127,3336,25,6016,California
Plumas,2021-03-31,288,9232,2,770,285,8043,1,419,267,2927,21,3357,268,6284,California
Plumas,2021-04-01,299,9531,11,781,287,8330,1,420,61,2752,236,3593,61,6345,California
Plumas,2021-04-02,375,9906,5,786,369,8699,1,421,29,2447,335,3928,30,6375,California
Plumas,2021-04-03,16,9922,3,789,5,8704,8,429,4,2447,12,3940,12,6387,California
Plumas,2021-04-04,3,9925,1,790,1,8705,1,430,0,2445,3,3943,1,6388,California
Plumas,2021-04-05,10,9935,3,793,6,8711,1,431,3,2442,7,3950,4,6392,California
Plumas,2021-04-06,120,10055,6,799,88,8799,26,457,13,2374,107,4057,39,6431,California
Plumas,2021-04-07,281,10336,7,806,99,8898,175,632,28,2324,253,4310,203,6634,California
Plumas,2021-04-08,150,10486,3,809,132,9030,15,647,34,2257,115,4425,48,6682,California
Plumas,2021-04-09,51,10537,10,819,25,9055,16,663,19,2259,32,4457,34,6716,California
Plumas,2021-04-10,24,10561,2,821,6,9061,16,679,5,2261,19,4476,21,6737,California
Plumas,2021-04-11,4,10565,3,824,0,9061,1,680,3,2264,1,4477,4,6741,California
Plumas,2021-04-12,11,10576,5,829,3,9064,3,683,7,2270,4,4481,10,6751,California
Plumas,2021-04-13,207,10783,5,834,202,9266,0,683,139,2341,68,4549,139,6890,California
Plumas,2021-04-14,109,10892,8,842,101,9367,0,683,55,2342,54,4603,55,6945,California
Plumas,2021-04-15,50,10942,2,844,48,9415,0,683,32,2356,18,4621,32,6977,California
Plumas,2021-04-16,142,11084,2,846,140,9555,0,683,2,2218,140,4761,2,6979,California
Plumas,2021-04-17,666,11750,2,848,664,10219,0,683,21,1596,643,5404,21,7000,California
Plumas,2021-04-18,4,11754,3,851,1,10220,0,683,1,1594,3,5407,1,7001,California
Plumas,2021-04-19,38,11792,3,854,35,10255,0,683,5,1566,33,5440,5,7006,California
Plumas,2021-04-20,42,11834,5,859,37,10292,0,683,26,1577,15,5455,26,7032,California
Plumas,2021-04-21,312,12146,5,864,306,10598,1,684,18,1301,294,5749,18,7050,California
Plumas,2021-04-22,272,12418,8,872,264,10862,0,684,129,1287,143,5892,129,7179,California
Plumas,2021-04-23,73,12491,6,878,67,10929,0,684,16,1246,57,5949,16,7195,California
Plumas,2021-04-24,171,12662,5,883,166,11095,0,684,146,1368,24,5973,146,7341,California
Plumas,2021-04-26,29,12691,4,887,25,11120,0,684,9,1358,19,5992,9,7350,California
Plumas,2021-04-27,87,12778,3,890,84,11204,0,684,51,1373,36,6028,51,7401,California
Plumas,2021-04-28,283,13061,4,894,279,11483,0,684,37,1165,245,6273,37,7438,California
Plumas,2021-04-29,171,13232,68,962,103,11586,0,684,118,1230,53,6326,118,7556,California
Plumas,2021-04-30,23,13255,11,973,12,11598,0,684,7,1221,16,6342,7,7563,California
Plumas,2021-05-01,2,13257,1,974,0,11598,1,685,0,1220,2,6344,1,7564,California
Plumas,2021-05-02,3,13260,3,977,0,11598,0,685,1,1219,2,6346,1,7565,California
Plumas,2021-05-03,16,13276,6,983,4,11602,6,691,5,1219,11,6357,11,7576,California
Plumas,2021-05-04,27,13303,3,986,18,11620,6,697,16,1230,11,6368,22,7598,California
Plumas,2021-05-05,47,13350,6,992,40,11660,1,698,21,1226,26,6394,22,7620,California
Plumas,2021-05-06,56,13406,2,994,49,11709,5,703,15,1205,41,6435,20,7640,California
Plumas,2021-05-07,22,13428,5,999,16,11725,1,704,8,1200,14,6449,9,7649,California
Plumas,2021-05-08,6,13434,0,999,4,11729,2,706,4,1204,2,6451,6,7655,California
Plumas,2021-05-10,49,13483,1,1000,25,11754,23,729,22,1222,27,6478,45,7700,California
Plumas,2021-05-11,164,13647,3,1003,142,11896,19,748,14,1105,150,6628,33,7733,California
Plumas,2021-05-12,97,13744,2,1005,87,11983,8,756,36,1088,61,6689,44,7777,California
Plumas,2021-05-13,41,13785,5,1010,34,12017,2,758,18,1085,23,6712,20,7797,California
Plumas,2021-05-14,18,13803,2,1012,10,12027,6,764,7,1087,11,6723,13,7810,California
Plumas,2021-05-15,11,13814,4,1016,5,12032,2,766,5,1088,6,6729,7,7817,California
Plumas,2021-05-16,1,13815,0,1016,1,12033,0,766,0,1087,1,6730,0,7817,California
Plumas,2021-05-17,13,13828,1,1017,4,12037,8,774,4,1090,9,6739,12,7829,California
Plumas,2021-05-18,18,13846,1,1018,17,12054,0,774,8,1088,10,6749,8,7837,California
Riverside,2020-12-15,5,5,5,5,0,0,0,0,5,5,0,0,5,5,California
Riverside,2020-12-16,63,68,63,68,0,0,0,0,63,68,0,0,63,68,California
Riverside,2020-12-17,805,873,805,873,0,0,0,0,805,873,0,0,805,873,California
Riverside,2020-12-18,1724,2597,1723,2596,1,1,0,0,1724,2597,0,0,1724,2597,California
Riverside,2020-12-19,1027,3624,1024,3620,3,4,0,0,1025,3621,1,1,1025,3622,California
Riverside,2020-12-20,1085,4709,1084,4704,1,5,0,0,1085,4706,0,1,1085,4707,California
Riverside,2020-12-21,2275,6984,2273,6977,2,7,0,0,2275,6981,0,1,2275,6982,California
Riverside,2020-12-22,2258,9242,2219,9196,39,46,0,0,2257,9238,0,1,2257,9239,California
Riverside,2020-12-23,2130,11372,1793,10989,337,383,0,0,2131,11369,0,1,2131,11370,California
Riverside,2020-12-24,828,12200,626,11615,202,585,0,0,828,12197,0,1,828,12198,California
Riverside,2020-12-25,28,12228,5,11620,23,608,0,0,28,12225,0,1,28,12226,California
Riverside,2020-12-26,401,12629,257,11877,144,752,0,0,401,12626,0,1,401,12627,California
Riverside,2020-12-27,362,12991,243,12120,119,871,0,0,362,12988,0,1,362,12989,California
Riverside,2020-12-28,1627,14618,1126,13246,501,1372,0,0,1627,14615,0,1,1627,14616,California
Riverside,2020-12-29,1739,16357,973,14219,766,2138,0,0,1739,16354,0,1,1739,16355,California
Riverside,2020-12-30,2583,18940,1688,15907,895,3033,0,0,2582,18936,0,1,2582,18937,California
Riverside,2020-12-31,1021,19961,394,16301,627,3660,0,0,1023,19959,0,1,1023,19960,California
Riverside,2021-01-01,117,20078,46,16347,71,3731,0,0,117,20076,0,1,117,20077,California
Riverside,2021-01-02,834,20912,694,17041,140,3871,0,0,834,20910,0,1,834,20911,California
Riverside,2021-01-03,343,21255,298,17339,45,3916,0,0,342,21252,0,1,342,21253,California
Riverside,2021-01-04,1267,22522,797,18136,470,4386,0,0,1267,22519,0,1,1267,22520,California
Riverside,2021-01-05,1987,24509,1366,19502,621,5007,0,0,1892,24322,89,90,1892,24412,California
Riverside,2021-01-06,2498,27007,1114,20616,1384,6391,0,0,2191,26210,303,393,2191,26603,California
Riverside,2021-01-07,2765,29772,1812,22428,953,7344,0,0,1704,26860,1056,1449,1706,28309,California
Riverside,2021-01-08,4059,33831,2938,25366,1121,8465,0,0,2247,27299,1808,3257,2247,30556,California
Riverside,2021-01-09,2072,35903,843,26209,1229,9694,0,0,1725,28678,346,3603,1725,32281,California
Riverside,2021-01-10,1668,37571,736,26945,932,10626,0,0,1064,29138,604,4207,1064,33345,California
Riverside,2021-01-11,4529,42100,3103,30048,1426,12052,0,0,2794,30200,1733,5940,2795,36140,California
Riverside,2021-01-12,3416,45516,2737,32785,679,12731,0,0,1722,30233,1689,7629,1722,37862,California
Riverside,2021-01-13,4395,49911,2875,35660,1520,14251,0,0,2787,31415,1605,9234,2787,40649,California
Riverside,2021-01-14,5497,55408,1896,37556,3601,17852,0,0,4909,35736,588,9822,4909,45558,California
Riverside,2021-01-15,6167,61575,2103,39659,4064,21916,0,0,5878,41326,288,10110,5878,51436,California
Riverside,2021-01-16,3609,65184,1017,40676,2592,24508,0,0,3363,44444,246,10356,3364,54800,California
Riverside,2021-01-17,3592,68776,582,41258,3010,27518,0,0,3395,47644,195,10551,3395,58195,California
Riverside,2021-01-18,3739,72515,2030,43288,1709,29227,0,0,2733,49371,1006,11557,2733,60928,California
Riverside,2021-01-19,7415,79930,2648,45936,4767,33994,0,0,6298,54553,1117,12674,6299,67227,California
Riverside,2021-01-20,8221,88151,3139,49075,5082,39076,0,0,6538,59424,1671,14345,6542,73769,California
Riverside,2021-01-21,8374,96525,3531,52606,4843,43919,0,0,7715,66480,660,15005,7716,81485,California
Riverside,2021-01-22,8731,105256,2981,55587,5750,49669,0,0,8300,74352,429,15434,8301,89786,California
Riverside,2021-01-23,5928,111184,2393,57980,3535,53204,0,0,5199,78823,729,16163,5200,94986,California
Riverside,2021-01-24,3035,114219,1430,59410,1605,54809,0,0,2821,81434,211,16374,2822,97808,California
Riverside,2021-01-25,7885,122104,4540,63950,3345,58154,0,0,6757,87065,1127,17501,6758,104566,California
Riverside,2021-01-26,9123,131227,5732,69682,3391,61545,0,0,7609,93164,1511,19012,7610,112176,California
Riverside,2021-01-27,10915,142142,6393,76075,4522,66067,0,0,9302,100860,1609,20621,9305,121481,California
Riverside,2021-01-28,11502,153644,6790,82865,4712,70779,0,0,10342,110051,1152,21773,10343,131824,California
Riverside,2021-01-29,11930,165574,7280,90145,4650,75429,0,0,10559,119269,1345,23118,10563,142387,California
Riverside,2021-01-30,9054,174628,4608,94753,4446,79875,0,0,8591,127401,460,23578,8592,150979,California
Riverside,2021-01-31,5169,179797,4257,99010,912,80787,0,0,5036,132309,132,23710,5040,156019,California
Riverside,2021-02-01,10924,190721,6754,105764,4170,84957,0,0,9103,139601,1814,25524,9106,165125,California
Riverside,2021-02-02,9519,200240,4855,110619,4664,89621,0,0,8021,146134,1491,27015,8024,173149,California
Riverside,2021-02-03,12137,212377,5107,115726,7030,96651,0,0,9800,153607,2327,29342,9800,182949,California
Riverside,2021-02-04,13559,225936,6050,121776,7509,104160,0,0,11444,162946,2107,31449,11446,194395,California
Riverside,2021-02-05,14346,240282,5403,127179,8943,113103,0,0,11285,171182,3053,34502,11289,205684,California
Riverside,2021-02-06,7265,247547,4293,131472,2972,116075,0,0,5618,175164,1639,36141,5621,211305,California
Riverside,2021-02-07,2169,249716,799,132271,1370,117445,0,0,1849,176696,318,36459,1850,213155,California
Riverside,2021-02-08,12465,262181,5540,137811,6925,124370,0,0,10145,184542,2303,38762,10149,223304,California
Riverside,2021-02-09,9676,271857,4551,142362,5125,129495,0,0,7729,190338,1938,40700,7734,231038,California
Riverside,2021-02-10,12085,283942,6985,149347,5100,134595,0,0,8907,196088,3166,43866,8916,239954,California
Riverside,2021-02-11,16611,300553,9060,158407,7551,142146,0,0,12095,203704,4494,48360,12110,252064,California
Riverside,2021-02-12,17689,318242,10814,169221,6875,149021,0,0,12809,211689,4836,53196,12821,264885,California
Riverside,2021-02-13,6336,324578,2135,171356,4201,153222,0,0,3107,211606,3211,56407,3128,268013,California
Riverside,2021-02-14,4932,329510,1126,172482,3806,157028,0,0,2181,211041,2747,59154,2182,270195,California
Riverside,2021-02-15,9830,339340,5000,177482,4830,161858,0,0,5409,212045,4412,63566,5416,275611,California
Riverside,2021-02-16,16116,355456,10111,187593,6005,167863,0,0,9249,214442,6860,70426,9257,284868,California
Riverside,2021-02-17,15025,370481,8211,195804,6814,174677,0,0,7450,214340,7562,77988,7460,292328,California
Riverside,2021-02-18,15538,386019,8994,204798,6544,181221,0,0,8013,214865,7502,85490,8027,300355,California
Riverside,2021-02-19,15299,401318,8228,213026,7071,188292,0,0,7224,214042,8055,93545,7232,307587,California
Riverside,2021-02-20,8311,409629,4497,217523,3814,192106,0,0,2167,210085,6127,99672,2170,309757,California
Riverside,2021-02-21,4398,414027,3878,221401,520,192626,0,0,1234,208169,3150,102822,1234,310991,California
Riverside,2021-02-22,12366,426393,7765,229166,4601,197227,0,0,5107,206040,7241,110063,5112,316103,California
Riverside,2021-02-23,11116,437509,7577,236743,3539,200766,0,0,5399,205755,5688,115751,5403,321506,California
Riverside,2021-02-24,14807,452316,8101,244844,6706,207472,0,0,6295,203594,8473,124224,6312,327818,California
Riverside,2021-02-25,17357,469673,7403,252247,9954,217426,0,0,8062,202408,9273,133497,8087,335905,California
Riverside,2021-02-26,18626,488299,6725,258972,11901,229327,0,0,9305,202484,9262,142759,9338,345243,California
Riverside,2021-02-27,12075,500374,5606,264578,6469,235796,0,0,5767,202005,6273,149032,5794,351037,California
Riverside,2021-02-28,4881,505255,3217,267795,1664,237460,0,0,2411,201965,2458,151490,2418,353455,California
Riverside,2021-03-01,14360,519615,6119,273914,8239,245699,2,2,8456,204581,5869,157359,8485,361940,California
Riverside,2021-03-02,15356,534971,7500,281414,7855,253554,1,3,9013,207303,6319,163678,9041,370981,California
Riverside,2021-03-03,16898,551869,8373,289787,8525,262079,0,3,7305,205192,9543,173221,7432,378413,California
Riverside,2021-03-04,18757,570626,7466,297253,11286,273365,5,8,8907,204449,9805,183026,9062,387475,California
Riverside,2021-03-05,18902,589528,7614,304867,11244,284609,44,52,9400,204721,9451,192477,9723,397198,California
Riverside,2021-03-06,9523,599051,5071,309938,3971,288580,481,533,4745,205214,4763,197240,5256,402454,California
Riverside,2021-03-07,4230,603281,2735,312673,1106,289686,389,922,1989,205365,2231,199471,2382,404836,California
Riverside,2021-03-08,11945,615226,4743,317416,6791,296477,411,1333,5317,204529,6609,206080,5773,410609,California
Riverside,2021-03-09,14668,629894,6768,324184,7400,303877,500,1833,5788,202090,8861,214941,6422,417031,California
Riverside,2021-03-10,15652,645546,8397,332581,6366,310243,889,2722,6018,199557,9592,224533,7059,424090,California
Riverside,2021-03-11,19244,664790,9455,342036,7943,318186,1846,4568,7589,197585,11618,236151,9646,433736,California
Riverside,2021-03-12,21163,685953,7929,349965,8498,326684,4736,9304,7099,195716,14031,250182,12162,445898,California
Riverside,2021-03-13,8400,694353,2510,352475,4685,331369,1205,10509,4302,197220,4079,254261,5583,451481,California
Riverside,2021-03-14,4619,698972,1584,354059,1739,333108,1296,11805,2036,197977,2572,256833,3329,454810,California
Riverside,2021-03-15,18693,717665,7855,361914,9166,342274,1672,13477,9206,199511,9444,266277,10978,465788,California
Riverside,2021-03-16,20902,738567,10142,372056,9945,352219,815,14292,11385,202327,9477,275754,12293,478081,California
Riverside,2021-03-17,21295,759862,10926,382982,9321,361540,1048,15340,12788,207751,8470,284224,13894,491975,California
Riverside,2021-03-18,22583,782445,11748,394730,9178,370718,1657,16997,12536,211953,9999,294223,14201,506176,California
Riverside,2021-03-19,24021,806466,12577,407307,10493,381211,951,17948,14032,217369,9934,304157,15350,521526,California
Riverside,2021-03-20,10607,817073,6845,414152,2596,383807,1166,19114,6820,221599,3756,307913,7986,529512,California
Riverside,2021-03-21,3683,820756,2878,417030,553,384360,252,19366,2524,223234,1142,309055,2777,532289,California
Riverside,2021-03-22,16643,837399,9928,426958,6162,390522,553,19919,10592,228375,6001,315056,11142,543431,California
Riverside,2021-03-23,18563,855962,10506,437464,7634,398156,423,20342,11942,234190,6564,321620,12379,555810,California
Riverside,2021-03-24,18696,874658,10421,447885,8155,406311,120,20462,12832,241332,5816,327436,12958,568768,California
Riverside,2021-03-25,21116,895774,11657,459542,9279,415590,180,20642,14163,248797,6885,334321,14350,583118,California
Riverside,2021-03-26,24106,919880,11897,471439,12036,427626,173,20815,14986,254939,9020,343341,15162,598280,California
Riverside,2021-03-27,9284,929164,4874,476313,3356,430982,1054,21869,4787,256305,4476,347817,5842,604122,California
Riverside,2021-03-28,4723,933887,3105,479418,1526,432508,92,21961,2822,257332,1888,349705,2915,607037,California
Riverside,2021-03-29,17662,951549,8444,487862,9101,441609,117,22078,10965,261771,6657,356362,11096,618133,California
Riverside,2021-03-30,18337,969886,9544,497406,8588,450197,205,22283,11808,267298,6490,362852,12017,630150,California
Riverside,2021-03-31,18056,987942,8398,505804,9357,459554,301,22584,11488,272575,6525,369377,11802,641952,California
Riverside,2021-04-01,25506,1013448,12466,518270,12276,471830,764,23348,16495,280906,8952,378329,17283,659235,California
Riverside,2021-04-02,26048,1039496,14032,532302,11075,482905,941,24289,16324,288727,9671,388000,17492,676727,California
Riverside,2021-04-03,9316,1048812,5920,538222,2814,485719,582,24871,6031,292078,3266,391266,6617,683344,California
Riverside,2021-04-04,3387,1052199,2058,540280,1090,486809,239,25110,1750,292441,1629,392895,1992,685336,California
Riverside,2021-04-05,18386,1070585,9429,549709,7116,493925,1841,26951,9901,295737,8450,401345,11746,697082,California
Riverside,2021-04-06,23736,1094321,12343,562052,9271,503196,2122,29073,13244,300660,10442,411787,15365,712447,California
Riverside,2021-04-07,24624,1118945,13233,575285,8899,512095,2492,31565,13729,306042,10851,422638,16233,728680,California
Riverside,2021-04-08,26935,1145880,14792,590077,9204,521299,2939,34504,16402,314892,10473,433111,19323,748003,California
Riverside,2021-04-09,26059,1171939,15330,605407,8307,529606,2422,36926,15924,323164,10093,443204,18365,766368,California
Riverside,2021-04-10,11942,1183881,6709,612116,3844,533450,1389,38315,5243,323131,6656,449860,6623,772991,California
Riverside,2021-04-11,4599,1188480,2730,614846,1249,534699,620,38935,2177,323516,2411,452271,2796,775787,California
Riverside,2021-04-12,20067,1208547,8912,623758,8520,543219,2635,41570,10077,326274,9952,462223,12710,788497,California
Riverside,2021-04-13,19892,1228439,11130,634888,8736,551955,26,41596,11358,329167,8493,470716,11386,799883,California
Riverside,2021-04-14,22030,1250469,12101,646989,9915,561870,14,41610,10799,328822,11162,481878,10817,810700,California
Riverside,2021-04-15,21677,1272146,12175,659164,9494,571364,8,41618,11353,329927,10257,492135,11362,822062,California
Riverside,2021-04-16,24928,1297074,14422,673586,10500,581864,6,41624,11607,328275,13272,505407,11620,833682,California
Riverside,2021-04-17,9857,1306931,6494,680080,3363,585227,0,41624,4976,328393,4865,510272,4983,838665,California
Riverside,2021-04-18,3855,1310786,2812,682892,1036,586263,7,41631,1837,328234,2005,512277,1846,840511,California
Riverside,2021-04-19,19478,1330264,11596,694488,7879,594142,3,41634,6976,322757,12461,524738,6984,847495,California
Riverside,2021-04-20,18850,1349114,9942,704430,8899,603041,9,41643,7725,319406,11088,535826,7737,855232,California
Riverside,2021-04-21,19482,1368596,11077,715507,8397,611438,8,41651,7678,315356,11743,547569,7693,862925,California
Riverside,2021-04-22,23215,1391811,13543,729050,9669,621107,3,41654,8664,309544,14484,562053,8672,871597,California
Riverside,2021-04-23,23315,1415126,13736,742786,9565,630672,14,41668,9178,304665,14079,576132,9200,880797,California
Riverside,2021-04-24,10469,1425595,7313,750099,3154,633826,2,41670,4851,303935,5584,581716,4854,885651,California
Riverside,2021-04-25,4201,1429796,2813,752912,1387,635213,1,41671,2190,304130,1997,583713,2192,887843,California
Riverside,2021-04-26,16477,1446273,10359,763271,6073,641286,45,41716,5533,298801,10911,594624,5582,893425,California
Riverside,2021-04-27,17643,1463916,10116,773387,7365,648651,162,41878,6096,293553,11505,606129,6257,899682,California
Riverside,2021-04-28,16394,1480310,8829,782216,7306,655957,259,42137,5523,288521,10814,616943,5782,905464,California
Riverside,2021-04-29,18667,1498977,11421,793637,6897,662854,349,42486,5384,281032,13220,630163,5731,911195,California
Riverside,2021-04-30,19652,1518629,11315,804952,7959,670813,378,42864,6287,274385,13315,643478,6668,917863,California
Riverside,2021-05-01,6749,1525378,4868,809820,1713,672526,168,43032,2313,272450,4414,647892,2479,920342,California
Riverside,2021-05-02,3350,1528728,2184,812004,958,673484,208,43240,1064,271458,2270,650162,1278,921620,California
Riverside,2021-05-03,17960,1546688,11013,823017,6460,679944,487,43727,4150,262342,13751,663913,4635,926255,California
Riverside,2021-05-04,17186,1563874,10909,833926,5861,685805,416,44143,4856,255341,12272,676185,5271,931526,California
Riverside,2021-05-05,15707,1579581,8902,842828,6451,692256,354,44497,4522,249085,11132,687317,4876,936402,California
Riverside,2021-05-06,17677,1597258,9939,852767,7330,699586,408,44905,4474,240835,13134,700451,4884,941286,California
Riverside,2021-05-07,20201,1617459,11557,864324,8217,707803,427,45332,5303,231742,14823,715274,5730,947016,California
Riverside,2021-05-08,6790,1624249,4520,868844,2045,709848,225,45557,2544,230297,4213,719487,2768,949784,California
Riverside,2021-05-09,2312,1626561,1518,870362,639,710487,155,45712,856,229863,1445,720932,1011,950795,California
Riverside,2021-05-10,9985,1636546,5112,875474,4497,714984,376,46088,2836,225978,7097,728029,3212,954007,California
Riverside,2021-05-11,13449,1649995,8101,883575,4855,719839,493,46581,3668,220442,9698,737727,4162,958169,California
Riverside,2021-05-12,11799,1661794,5720,889295,5809,725648,270,46851,3510,215980,8240,745967,3778,961947,California
Riverside,2021-05-13,13358,1675152,7879,897174,5216,730864,263,47114,4590,212112,8726,754693,4858,966805,California
Riverside,2021-05-14,16921,1692073,10618,907792,5588,736452,715,47829,6538,209041,10326,765019,7255,974060,California
Riverside,2021-05-15,9325,1701398,6688,914480,2322,738774,315,48144,4677,209417,4620,769639,4996,979056,California
Riverside,2021-05-16,1365,1702763,755,915235,525,739299,85,48229,504,209150,854,770493,587,979643,California
Riverside,2021-05-17,9932,1712695,6077,921312,3568,742867,287,48516,4028,207592,5874,776367,4316,983959,California
Riverside,2021-05-18,9189,1721884,5609,926921,3344,746211,236,48752,2984,204638,6172,782539,3218,987177,California
Sacramento,2020-12-15,315,315,315,315,0,0,0,0,315,315,0,0,315,315,California
Sacramento,2020-12-16,645,960,645,960,0,0,0,0,645,960,0,0,645,960,California
Sacramento,2020-12-17,648,1608,648,1608,0,0,0,0,648,1608,0,0,648,1608,California
Sacramento,2020-12-18,970,2578,970,2578,0,0,0,0,970,2578,0,0,970,2578,California
Sacramento,2020-12-19,612,3190,612,3190,0,0,0,0,612,3190,0,0,612,3190,California
Sacramento,2020-12-20,635,3825,635,3825,0,0,0,0,635,3825,0,0,635,3825,California
Sacramento,2020-12-21,1677,5502,1677,5502,0,0,0,0,1678,5503,0,0,1678,5503,California
Sacramento,2020-12-22,2098,7600,2065,7567,33,33,0,0,2098,7601,0,0,2098,7601,California
Sacramento,2020-12-23,2251,9851,2081,9648,170,203,0,0,2251,9852,0,0,2251,9852,California
Sacramento,2020-12-24,1046,10897,834,10482,212,415,0,0,1046,10898,0,0,1046,10898,California
Sacramento,2020-12-25,1,10898,0,10482,1,416,0,0,1,10899,0,0,1,10899,California
Sacramento,2020-12-26,509,11407,291,10773,218,634,0,0,509,11408,0,0,509,11408,California
Sacramento,2020-12-27,351,11758,247,11020,104,738,0,0,351,11759,0,0,351,11759,California
Sacramento,2020-12-28,1905,13663,1325,12345,580,1318,0,0,1904,13662,1,1,1904,13663,California
Sacramento,2020-12-29,1956,15619,1190,13535,766,2084,0,0,1956,15618,0,1,1956,15619,California
Sacramento,2020-12-30,2562,18181,1457,14992,1105,3189,0,0,2563,18181,0,1,2563,18182,California
Sacramento,2020-12-31,1229,19410,695,15687,534,3723,0,0,1230,19411,0,1,1230,19412,California
Sacramento,2021-01-01,81,19491,70,15757,11,3734,0,0,81,19492,0,1,81,19493,California
Sacramento,2021-01-02,565,20056,363,16120,202,3936,0,0,565,20057,0,1,565,20058,California
Sacramento,2021-01-03,412,20468,223,16343,189,4125,0,0,412,20469,0,1,412,20470,California
Sacramento,2021-01-04,1961,22429,848,17191,1113,5238,0,0,1959,22427,1,2,1959,22429,California
Sacramento,2021-01-05,2213,24642,986,18177,1227,6465,0,0,1859,23939,354,356,1866,24295,California
Sacramento,2021-01-06,2735,27377,1623,19800,1112,7577,0,0,1960,25127,772,1128,1960,26255,California
Sacramento,2021-01-07,2837,30214,1507,21307,1330,8907,0,0,1975,26243,859,1987,1975,28230,California
Sacramento,2021-01-08,3303,33517,2096,23403,1207,10114,0,0,2268,27481,1031,3018,2269,30499,California
Sacramento,2021-01-09,1291,34808,799,24202,492,10606,0,0,902,27996,387,3405,902,31401,California
Sacramento,2021-01-10,1247,36055,710,24912,537,11143,0,0,776,28303,470,3875,777,32178,California
Sacramento,2021-01-11,4353,40408,2963,27875,1390,12533,0,0,2413,28789,1939,5814,2425,34603,California
Sacramento,2021-01-12,4472,44880,3090,30965,1382,13915,0,0,2504,29330,1967,7781,2508,37111,California
Sacramento,2021-01-13,3795,48675,2172,33137,1623,15538,0,0,2384,30305,1410,9191,2385,39496,California
Sacramento,2021-01-14,4656,53331,2371,35508,2285,17823,0,0,3733,33119,919,10110,3733,43229,California
Sacramento,2021-01-15,4444,57775,2265,37773,2179,20002,0,0,3722,36121,721,10831,3723,46952,California
Sacramento,2021-01-16,2096,59871,1293,39066,803,20805,0,0,1879,37783,217,11048,1879,48831,California
Sacramento,2021-01-17,1647,61518,954,40020,693,21498,0,0,1469,39077,178,11226,1472,50303,California
Sacramento,2021-01-18,2872,64390,1777,41797,1095,22593,0,0,2338,40883,533,11759,2339,52642,California
Sacramento,2021-01-19,5028,69418,3078,44875,1950,24543,0,0,3754,43365,1274,13033,3756,56398,California
Sacramento,2021-01-20,4814,74232,2852,47727,1962,26505,0,0,3591,45736,1225,14258,3596,59994,California
Sacramento,2021-01-21,5216,79448,3011,50738,2205,28710,0,0,4249,49026,961,15219,4251,64245,California
Sacramento,2021-01-22,5012,84460,2679,53417,2333,31043,0,0,4711,53438,300,15519,4712,68957,California
Sacramento,2021-01-23,3737,88197,1562,54979,2175,33218,0,0,3278,56257,459,15978,3278,72235,California
Sacramento,2021-01-24,1607,89804,1000,55979,607,33825,0,0,1366,57383,241,16219,1367,73602,California
Sacramento,2021-01-25,4425,94229,2174,58153,2251,36076,0,0,2950,58860,1475,17694,2952,76554,California
Sacramento,2021-01-26,4728,98957,2140,60293,2588,38664,0,0,3524,61184,1202,18896,3526,80080,California
Sacramento,2021-01-27,5813,104770,3055,63348,2758,41422,0,0,4205,63786,1605,20501,4207,84287,California
Sacramento,2021-01-28,5381,110151,2727,66075,2654,44076,0,0,4287,66981,1093,21594,4288,88575,California
Sacramento,2021-01-29,5400,115551,2939,69014,2461,46537,0,0,4370,70330,1021,22615,4370,92945,California
Sacramento,2021-01-30,4514,120065,2206,71220,2308,48845,0,0,4078,73974,434,23049,4078,97023,California
Sacramento,2021-01-31,2318,122383,2024,73244,294,49139,0,0,2041,75742,275,23324,2043,99066,California
Sacramento,2021-02-01,5925,128308,3025,76269,2900,52039,0,0,4254,78330,1666,24990,4254,103320,California
Sacramento,2021-02-02,6939,135247,3769,80038,3170,55209,0,0,4799,81010,2121,27111,4801,108121,California
Sacramento,2021-02-03,7151,142398,3606,83644,3545,58754,0,0,5284,84439,1857,28968,5286,113407,California
Sacramento,2021-02-04,7725,150123,3645,87289,4080,62834,0,0,5500,87724,2215,31183,5500,118907,California
Sacramento,2021-02-05,7858,157981,4494,91783,3364,66198,0,0,4909,89710,2926,34109,4912,123819,California
Sacramento,2021-02-06,8458,166439,3469,95252,4989,71187,0,0,7117,95491,1337,35446,7118,130937,California
Sacramento,2021-02-07,4085,170524,2199,97451,1886,73073,0,0,2857,97130,1220,36666,2859,133796,California
Sacramento,2021-02-08,6201,176725,3209,100660,2992,76065,0,0,3887,98707,2310,38976,3887,137683,California
Sacramento,2021-02-09,6802,183527,3586,104246,3216,79281,0,0,4004,99923,2789,41765,4005,141688,California
Sacramento,2021-02-10,7670,191197,4179,108425,3491,82772,0,0,4533,101334,3124,44889,4535,146223,California
Sacramento,2021-02-11,9613,200810,5748,114173,3865,86637,0,0,5508,102754,4090,48979,5510,151733,California
Sacramento,2021-02-12,10671,211481,4145,118318,6526,93163,0,0,6402,104951,4208,53187,6405,158138,California
Sacramento,2021-02-13,7678,219159,2992,121310,4686,97849,0,0,6084,109445,1591,54778,6085,164223,California
Sacramento,2021-02-14,3172,222331,1952,123262,1220,99069,0,0,2087,110454,1082,55860,2091,166314,California
Sacramento,2021-02-15,5994,228325,2046,125308,3948,103017,0,0,4166,112802,1820,57680,4168,170482,California
Sacramento,2021-02-16,9233,237558,4203,129511,5030,108047,0,0,5317,114214,3909,61589,5321,175803,California
Sacramento,2021-02-17,8843,246401,4990,134501,3853,111900,0,0,5141,115668,3690,65279,5144,180947,California
Sacramento,2021-02-18,9563,255964,5721,140222,3842,115742,0,0,5705,117526,3850,69129,5708,186655,California
Sacramento,2021-02-19,10015,265979,6141,146363,3874,119616,0,0,5916,119362,4086,73215,5922,192577,California
Sacramento,2021-02-20,7751,273730,5727,152090,2024,121640,0,0,4695,121010,3048,76263,4696,197273,California
Sacramento,2021-02-21,2961,276691,2352,154442,609,122249,0,0,1035,120125,1920,78183,1035,198308,California
Sacramento,2021-02-22,6196,282887,3751,158193,2445,124694,0,0,2686,119316,3499,81682,2690,200998,California
Sacramento,2021-02-23,7151,290038,4447,162640,2704,127398,0,0,3470,119126,3665,85347,3475,204473,California
Sacramento,2021-02-24,9665,299703,5303,167943,4362,131760,0,0,5258,119998,4390,89737,5262,209735,California
Sacramento,2021-02-25,10936,310639,6240,174183,4696,136456,0,0,6408,121894,4512,94249,6408,216143,California
Sacramento,2021-02-26,13923,324562,6481,180664,7442,143898,0,0,9588,127182,4303,98552,9591,225734,California
Sacramento,2021-02-27,10829,335391,6730,187394,4096,147994,3,3,7957,132293,2849,101401,7960,233694,California
Sacramento,2021-02-28,5623,341014,2232,189626,3391,151385,0,3,2591,131868,3017,104418,2592,236286,California
Sacramento,2021-03-01,8067,349081,3484,193110,4582,155967,1,4,4361,132547,3685,108103,4364,240650,California
Sacramento,2021-03-02,9280,358361,4044,197154,5235,161202,1,5,5707,134702,3556,111659,5711,246361,California
Sacramento,2021-03-03,10953,369314,5017,202171,5933,167135,3,8,6533,136842,4399,116058,6539,252900,California
Sacramento,2021-03-04,13428,382742,6179,208350,7245,174380,4,12,7470,138396,5926,121984,7480,260380,California
Sacramento,2021-03-05,10600,393342,4897,213247,5673,180053,30,42,7045,141938,3533,125517,7075,267455,California
Sacramento,2021-03-06,8117,401459,3122,216369,4873,184926,122,164,4111,142182,3988,129505,4232,271687,California
Sacramento,2021-03-07,7600,409059,2209,218578,5304,190230,87,251,3739,142150,3856,133361,3824,275511,California
Sacramento,2021-03-08,9106,418165,4247,222825,4635,194865,224,475,5966,145210,3128,136489,6188,281699,California
Sacramento,2021-03-09,9560,427725,4527,227352,4741,199606,292,767,5494,146946,4050,140539,5786,287485,California
Sacramento,2021-03-10,11739,439464,7490,234842,3893,203499,356,1123,6857,149313,4847,145386,7214,294699,California
Sacramento,2021-03-11,15020,454484,9968,244810,4241,207740,811,1934,8929,153001,6051,151437,9739,304438,California
Sacramento,2021-03-12,17997,472481,8313,253123,8824,216564,860,2794,8843,153610,9102,160539,9711,314149,California
Sacramento,2021-03-13,12954,485435,3570,256693,8960,225524,424,3218,7860,156808,5083,165622,8281,322430,California
Sacramento,2021-03-14,8380,493815,3467,260160,4283,229807,630,3848,4470,158021,3886,169508,5099,327529,California
Sacramento,2021-03-15,12187,506002,4822,264982,6703,236510,662,4510,7086,160690,5080,174588,7749,335278,California
Sacramento,2021-03-16,13988,519990,6212,271194,7133,243643,643,5153,8641,164654,5314,179902,9278,344556,California
Sacramento,2021-03-17,13651,533641,6577,277771,6463,250106,611,5764,8817,169280,4807,184709,9433,353989,California
Sacramento,2021-03-18,15639,549280,8222,285993,6853,256959,564,6328,10103,174442,5505,190214,10667,364656,California
Sacramento,2021-03-19,15592,564872,7965,293958,6255,263214,1372,7700,8121,176488,7444,197658,9490,374146,California
Sacramento,2021-03-20,12895,577767,7532,301490,5024,268238,339,8039,8157,180280,4706,202364,8498,382644,California
Sacramento,2021-03-21,5594,583361,2750,304240,2805,271043,39,8078,4942,184623,640,203004,4983,387627,California
Sacramento,2021-03-22,9376,592737,4801,309041,3722,274765,853,8931,6284,188696,3065,206069,7138,394765,California
Sacramento,2021-03-23,11330,604067,6752,315793,3769,278534,809,9740,7307,192825,3985,210054,8114,402879,California
Sacramento,2021-03-24,11859,615926,7272,323065,3957,282491,630,10370,6752,195184,5026,215080,7385,410264,California
Sacramento,2021-03-25,14109,630035,8330,331395,4969,287460,810,11180,8562,199051,5503,220583,9370,419634,California
Sacramento,2021-03-26,18251,648286,8940,340335,8823,296283,488,11668,9236,199830,8947,229530,9726,429360,California
Sacramento,2021-03-27,9686,657972,3566,343901,5831,302114,289,11957,5211,200883,4443,233973,5496,434856,California
Sacramento,2021-03-28,6523,664495,3216,347117,3059,305173,248,12205,3126,200873,3387,237360,3377,438233,California
Sacramento,2021-03-29,11010,675505,5895,353012,4745,309918,370,12575,5213,200689,5769,243129,5585,443818,California
Sacramento,2021-03-30,11847,687352,6083,359095,5372,315290,392,12967,6056,201368,5768,248897,6447,450265,California
Sacramento,2021-03-31,13424,700776,7846,366941,5182,320472,396,13363,5682,199724,7714,256611,6070,456335,California
Sacramento,2021-04-01,17339,718115,10426,377367,6692,327164,221,13584,7319,197293,9983,266594,7552,463887,California
Sacramento,2021-04-02,17051,735166,9667,387034,6654,333818,730,14314,8974,198955,8046,274640,9708,473595,California
Sacramento,2021-04-03,10382,745548,6189,393223,3644,337462,549,14863,6384,201918,3970,278610,6933,480528,California
Sacramento,2021-04-04,3696,749244,1524,394747,1983,339445,189,15052,1454,201321,2237,280847,1640,482168,California
Sacramento,2021-04-05,12022,761266,7544,402291,3646,343091,832,15884,5375,200909,6613,287460,6201,488369,California
Sacramento,2021-04-06,15546,776812,8841,411132,5379,348470,1326,17210,6879,200476,8634,296094,8201,496570,California
Sacramento,2021-04-07,14706,791518,7961,419093,5163,353633,1582,18792,7109,201593,7564,303658,8681,505251,California
Sacramento,2021-04-08,14908,806426,6688,425781,5271,358904,2949,21741,5921,201496,8954,312612,8857,514108,California
Sacramento,2021-04-09,18101,824527,9255,435036,6662,365566,2184,23925,7322,200252,10742,323354,9498,523606,California
Sacramento,2021-04-10,12555,837082,3821,438857,7530,373096,1204,25129,5093,199088,7436,330790,6272,529878,California
Sacramento,2021-04-11,10711,847793,4316,443173,6171,379267,224,25353,3790,196206,6895,337685,4013,533891,California
Sacramento,2021-04-12,12885,860678,5007,448180,6016,385283,1862,27215,4926,195074,7905,345590,6773,540664,California
Sacramento,2021-04-13,16211,876889,9922,458102,6285,391568,4,27219,7542,193981,8642,354232,7549,548213,California
Sacramento,2021-04-14,14886,891775,7940,466042,6944,398512,2,27221,5887,190903,8970,363202,5892,554105,California
Sacramento,2021-04-15,16289,908064,8387,474429,7900,406412,2,27223,6607,187868,9646,372848,6611,560716,California
Sacramento,2021-04-16,17378,925442,9611,484040,7767,414179,0,27223,7876,186284,9462,382310,7878,568594,California
Sacramento,2021-04-17,15248,940690,6127,490167,9121,423300,0,27223,11037,193136,4189,386499,11041,579635,California
Sacramento,2021-04-18,8433,949123,3066,493233,5367,428667,0,27223,3745,192208,4674,391173,3746,583381,California
Sacramento,2021-04-19,10579,959702,5712,498945,4862,433529,5,27228,4703,191061,5857,397030,4710,588091,California
Sacramento,2021-04-20,11097,970799,6744,505689,4350,437879,3,27231,5910,191810,5168,402198,5917,594008,California
Sacramento,2021-04-21,11460,982259,6626,512315,4832,442711,2,27233,6222,192821,5214,407412,6225,600233,California
Sacramento,2021-04-22,14776,997035,9869,522184,4903,447614,4,27237,6811,191699,7939,415351,6817,607050,California
Sacramento,2021-04-23,15815,1012850,10003,532187,5812,453426,0,27237,7339,190600,8439,423790,7340,614390,California
Sacramento,2021-04-24,11315,1024165,7010,539197,4304,457730,1,27238,5936,191196,5342,429132,5938,620328,California
Sacramento,2021-04-25,7978,1032143,4482,543679,3496,461226,0,27238,4160,191552,3805,432937,4161,624489,California
Sacramento,2021-04-26,10204,1042347,6407,550086,3772,464998,25,27263,4681,190765,5494,438431,4707,629196,California
Sacramento,2021-04-27,11615,1053962,7636,557722,3859,468857,120,27383,5622,190542,5966,444397,5743,634939,California
Sacramento,2021-04-28,9991,1063953,5696,563418,4094,472951,201,27584,5348,191480,4616,449013,5554,640493,California
Sacramento,2021-04-29,10162,1074115,6790,570208,3067,476018,305,27889,5341,192340,4787,453800,5647,646140,California
Sacramento,2021-04-30,12413,1086528,7797,578005,4354,480372,262,28151,5864,191964,6503,460303,6127,652267,California
Sacramento,2021-05-01,7554,1094082,5463,583468,1918,482290,173,28324,2749,190115,4771,465074,2922,655189,California
Sacramento,2021-05-02,3809,1097891,3159,586627,542,482832,108,28432,2160,190750,1631,466705,2266,657455,California
Sacramento,2021-05-03,9082,1106973,7269,593896,1535,484367,278,28710,3939,189843,5119,471824,4212,661667,California
Sacramento,2021-05-04,9361,1116334,5686,599582,3368,487735,307,29017,3793,188416,5526,477350,4099,665766,California
Sacramento,2021-05-05,10945,1127279,5908,605490,4586,492321,451,29468,4415,186788,6490,483840,4862,670628,California
Sacramento,2021-05-06,11182,1138461,6209,611699,4672,496993,301,29769,4658,185526,6219,490059,4957,675585,California
Sacramento,2021-05-07,10600,1149061,6166,617865,4059,501052,375,30144,4471,184295,6078,496137,4847,680432,California
Sacramento,2021-05-08,8154,1157215,3817,621682,4108,505160,229,30373,2701,181803,5418,501555,2926,683358,California
Sacramento,2021-05-09,3168,1160383,1655,623337,1401,506561,112,30485,1192,181145,1962,503517,1304,684662,California
Sacramento,2021-05-10,8052,1168435,3725,627062,4058,510619,269,30754,1984,177360,6039,509556,2254,686916,California
Sacramento,2021-05-11,8065,1176500,5032,632094,2790,513409,243,30997,2787,175140,5248,514804,3028,689944,California
Sacramento,2021-05-12,7969,1184469,4735,636829,3003,516412,231,31228,2688,172812,5246,520050,2918,692862,California
Sacramento,2021-05-13,10783,1195252,6885,643714,3665,520077,233,31461,4070,170438,6681,526731,4307,697169,California
Sacramento,2021-05-14,12031,1207283,6790,650504,4951,525028,290,31751,4942,168629,7040,533771,5231,702400,California
Sacramento,2021-05-15,11009,1218292,6893,657397,3979,529007,137,31888,4863,167525,6108,539879,5004,707404,California
Sacramento,2021-05-16,4217,1222509,2842,660239,1310,530317,65,31953,1257,165906,2941,542820,1322,708726,California
Sacramento,2021-05-17,9011,1231520,5114,665353,3626,533943,271,32224,3285,163769,5697,548517,3560,712286,California
Sacramento,2021-05-18,5743,1237263,3892,669245,1738,535681,113,32337,2087,162328,3641,552158,2200,714486,California
San Benito,2020-12-16,2,2,2,2,0,0,0,0,2,2,0,0,2,2,California
San Benito,2020-12-17,8,10,8,10,0,0,0,0,8,10,0,0,8,10,California
San Benito,2020-12-18,32,42,32,42,0,0,0,0,32,42,0,0,32,42,California
San Benito,2020-12-19,47,89,47,89,0,0,0,0,47,89,0,0,47,89,California
San Benito,2020-12-20,23,112,23,112,0,0,0,0,23,112,0,0,23,112,California
San Benito,2020-12-21,48,160,48,160,0,0,0,0,48,160,0,0,48,160,California
San Benito,2020-12-22,65,225,65,225,0,0,0,0,65,225,0,0,65,225,California
San Benito,2020-12-23,48,273,36,261,12,12,0,0,48,273,0,0,48,273,California
San Benito,2020-12-24,12,285,4,265,8,20,0,0,12,285,0,0,12,285,California
San Benito,2020-12-25,4,289,4,269,0,20,0,0,4,289,0,0,4,289,California
San Benito,2020-12-26,13,302,4,273,9,29,0,0,13,302,0,0,13,302,California
San Benito,2020-12-27,8,310,7,280,1,30,0,0,8,310,0,0,8,310,California
San Benito,2020-12-28,63,373,36,316,27,57,0,0,63,373,0,0,63,373,California
San Benito,2020-12-29,50,423,21,337,29,86,0,0,50,423,0,0,50,423,California
San Benito,2020-12-30,59,482,37,374,22,108,0,0,59,482,0,0,59,482,California
San Benito,2020-12-31,19,501,2,376,17,125,0,0,19,501,0,0,19,501,California
San Benito,2021-01-02,25,526,24,400,1,126,0,0,25,526,0,0,25,526,California
San Benito,2021-01-03,3,529,1,401,2,128,0,0,3,529,0,0,3,529,California
San Benito,2021-01-04,62,591,23,424,39,167,0,0,62,591,0,0,62,591,California
San Benito,2021-01-05,119,710,37,461,82,249,0,0,116,704,3,3,116,707,California
San Benito,2021-01-06,97,807,42,503,55,304,0,0,83,773,14,17,83,790,California
San Benito,2021-01-07,80,887,43,546,37,341,0,0,52,797,28,45,52,842,California
San Benito,2021-01-08,131,1018,67,613,64,405,0,0,87,840,44,89,87,929,California
San Benito,2021-01-09,43,1061,30,643,13,418,0,0,30,857,13,102,30,959,California
San Benito,2021-01-10,16,1077,14,657,2,420,0,0,5,851,11,113,5,964,California
San Benito,2021-01-11,100,1177,59,716,41,461,0,0,47,845,53,166,47,1011,California
San Benito,2021-01-12,157,1334,53,769,104,565,0,0,121,930,36,202,121,1132,California
San Benito,2021-01-13,191,1525,35,804,156,721,0,0,164,1067,27,229,164,1296,California
San Benito,2021-01-14,116,1641,23,827,93,814,0,0,99,1149,17,246,99,1395,California
San Benito,2021-01-15,214,1855,21,848,193,1007,0,0,200,1335,14,260,200,1595,California
San Benito,2021-01-16,27,1882,9,857,18,1025,0,0,21,1350,6,266,21,1616,California
San Benito,2021-01-17,11,1893,5,862,6,1031,0,0,8,1355,3,269,8,1624,California
San Benito,2021-01-18,36,1929,23,885,13,1044,0,0,21,1361,15,284,21,1645,California
San Benito,2021-01-19,152,2081,65,950,87,1131,0,0,125,1459,27,311,125,1770,California
San Benito,2021-01-20,275,2356,94,1044,181,1312,0,0,229,1643,45,356,229,1999,California
San Benito,2021-01-21,125,2481,32,1076,93,1405,0,0,100,1718,25,381,100,2099,California
San Benito,2021-01-22,231,2712,19,1095,212,1617,0,0,221,1929,10,391,221,2320,California
San Benito,2021-01-23,31,2743,17,1112,14,1631,0,0,13,1924,18,409,13,2333,California
San Benito,2021-01-24,11,2754,3,1115,8,1639,0,0,7,1927,4,413,7,2340,California
San Benito,2021-01-25,67,2821,25,1140,42,1681,0,0,21,1902,46,459,21,2361,California
San Benito,2021-01-26,134,2955,41,1181,93,1774,0,0,81,1930,53,512,81,2442,California
San Benito,2021-01-27,230,3185,69,1250,161,1935,0,0,190,2080,40,552,190,2632,California
San Benito,2021-01-28,155,3340,32,1282,123,2058,0,0,123,2172,31,583,123,2755,California
San Benito,2021-01-29,284,3624,31,1313,253,2311,0,0,261,2411,22,605,261,3016,California
San Benito,2021-01-30,51,3675,32,1345,19,2330,0,0,28,2416,23,628,28,3044,California
San Benito,2021-01-31,16,3691,5,1350,11,2341,0,0,11,2422,5,633,11,3055,California
San Benito,2021-02-01,133,3824,28,1378,105,2446,0,0,89,2467,44,677,89,3144,California
San Benito,2021-02-02,226,4050,49,1427,177,2623,0,0,136,2513,90,767,136,3280,California
San Benito,2021-02-03,336,4386,42,1469,294,2917,0,0,272,2721,64,831,272,3552,California
San Benito,2021-02-04,162,4548,24,1493,138,3055,0,0,118,2795,44,875,118,3670,California
San Benito,2021-02-05,291,4839,40,1533,251,3306,0,0,228,2960,63,938,228,3898,California
San Benito,2021-02-06,49,4888,9,1542,40,3346,0,0,32,2975,17,955,32,3930,California
San Benito,2021-02-07,15,4903,7,1549,8,3354,0,0,14,2988,1,956,14,3944,California
San Benito,2021-02-08,138,5041,15,1564,123,3477,0,0,92,3034,46,1002,92,4036,California
San Benito,2021-02-09,327,5368,64,1628,263,3740,0,0,194,3095,133,1135,194,4230,California
San Benito,2021-02-10,320,5688,88,1716,232,3972,0,0,111,2998,208,1343,111,4341,California
San Benito,2021-02-11,297,5985,33,1749,264,4236,0,0,199,3099,98,1441,199,4540,California
San Benito,2021-02-12,411,6396,30,1779,381,4617,0,0,207,3103,203,1644,207,4747,California
San Benito,2021-02-13,57,6453,8,1787,49,4666,0,0,43,3132,14,1658,43,4790,California
San Benito,2021-02-14,40,6493,5,1792,35,4701,0,0,30,3152,10,1668,30,4820,California
San Benito,2021-02-15,105,6598,9,1801,96,4797,0,0,94,3235,11,1679,94,4914,California
San Benito,2021-02-16,205,6803,11,1812,194,4991,0,0,101,3232,104,1783,101,5015,California
San Benito,2021-02-17,327,7130,30,1842,297,5288,0,0,278,3461,49,1832,278,5293,California
San Benito,2021-02-18,293,7423,38,1880,255,5543,0,0,72,3312,221,2053,72,5365,California
San Benito,2021-02-19,342,7765,45,1925,297,5840,0,0,177,3324,165,2218,177,5542,California
San Benito,2021-02-20,45,7810,26,1951,19,5859,0,0,36,3351,9,2227,36,5578,California
San Benito,2021-02-21,23,7833,8,1959,15,5874,0,0,14,3356,9,2236,14,5592,California
San Benito,2021-02-22,133,7966,36,1995,97,5971,0,0,99,3422,33,2269,99,5691,California
San Benito,2021-02-23,374,8340,92,2087,282,6253,0,0,262,3572,112,2381,262,5953,California
San Benito,2021-02-24,378,8718,64,2151,314,6567,0,0,238,3670,140,2521,238,6191,California
San Benito,2021-02-25,393,9111,63,2214,330,6897,0,0,272,3819,123,2644,272,6463,California
San Benito,2021-02-26,640,9751,72,2286,568,7465,0,0,397,3973,243,2887,397,6860,California
San Benito,2021-02-27,98,9849,36,2322,62,7527,0,0,83,4041,15,2902,83,6943,California
San Benito,2021-02-28,249,10098,24,2346,225,7752,0,0,240,4272,9,2911,240,7183,California
San Benito,2021-03-01,224,10322,59,2405,165,7917,0,0,155,4357,70,2981,155,7338,California
San Benito,2021-03-02,279,10601,93,2498,186,8103,0,0,209,4496,70,3051,209,7547,California
San Benito,2021-03-03,396,10997,58,2556,338,8441,0,0,220,4542,174,3225,220,7767,California
San Benito,2021-03-04,612,11609,126,2682,471,8912,15,15,430,4794,182,3407,434,8201,California
San Benito,2021-03-05,582,12191,305,2987,265,9177,12,27,373,4971,208,3615,385,8586,California
San Benito,2021-03-06,192,12383,68,3055,110,9287,14,41,140,5073,52,3667,154,8740,California
San Benito,2021-03-07,647,13030,603,3658,22,9309,22,63,615,5678,32,3699,637,9377,California
San Benito,2021-03-08,288,13318,66,3724,176,9485,46,109,167,5770,121,3820,213,9590,California
San Benito,2021-03-09,424,13742,84,3808,241,9726,99,208,138,5695,285,4105,210,9800,California
San Benito,2021-03-10,402,14144,114,3922,193,9919,95,303,232,5852,170,4275,327,10127,California
San Benito,2021-03-11,467,14611,119,4041,196,10115,152,455,206,5949,261,4536,358,10485,California
San Benito,2021-03-12,513,15124,117,4158,301,10416,95,550,230,5994,281,4817,326,10811,California
San Benito,2021-03-13,202,15326,101,4259,83,10499,18,568,128,6069,71,4888,146,10957,California
San Benito,2021-03-14,232,15558,40,4299,172,10671,20,588,180,6218,51,4939,200,11157,California
San Benito,2021-03-15,325,15883,100,4399,206,10877,19,607,191,6294,134,5073,210,11367,California
San Benito,2021-03-16,499,16382,219,4618,249,11126,31,638,352,6529,147,5220,382,11749,California
San Benito,2021-03-17,785,17167,476,5094,288,11414,21,659,558,6877,223,5443,571,12320,California
San Benito,2021-03-18,786,17953,525,5619,206,11620,55,714,572,7283,212,5655,618,12938,California
San Benito,2021-03-19,777,18730,404,6023,350,11970,23,737,577,7683,200,5855,600,13538,California
San Benito,2021-03-20,241,18971,148,6171,81,12051,12,749,185,7824,56,5911,197,13735,California
San Benito,2021-03-21,108,19079,56,6227,47,12098,5,754,81,7883,27,5938,86,13821,California
San Benito,2021-03-22,345,19424,170,6397,150,12248,25,779,221,8005,124,6062,246,14067,California
San Benito,2021-03-23,477,19901,199,6596,268,12516,10,789,214,7965,263,6325,223,14290,California
San Benito,2021-03-24,575,20476,305,6901,263,12779,7,796,360,8118,214,6539,367,14657,California
San Benito,2021-03-25,742,21218,441,7342,297,13076,4,800,441,8266,297,6836,445,15102,California
San Benito,2021-03-26,1002,22220,518,7860,481,13557,3,803,333,7934,668,7504,336,15438,California
San Benito,2021-03-27,332,22552,184,8044,115,13672,33,836,214,8064,117,7621,247,15685,California
San Benito,2021-03-28,694,23246,571,8615,118,13790,5,841,125,7625,569,8190,130,15815,California
San Benito,2021-03-29,344,23590,109,8724,215,14005,20,861,149,7598,195,8385,168,15983,California
San Benito,2021-03-30,573,24163,269,8993,210,14215,94,955,288,7695,285,8670,382,16365,California
San Benito,2021-03-31,584,24747,358,9351,203,14418,23,978,334,7805,247,8917,357,16722,California
San Benito,2021-04-01,934,25681,375,9726,521,14939,38,1016,558,8020,375,9292,590,17312,California
San Benito,2021-04-02,541,26222,264,9990,142,15081,135,1151,267,8148,274,9566,402,17714,California
San Benito,2021-04-03,253,26475,87,10077,104,15185,62,1213,75,8107,178,9744,137,17851,California
San Benito,2021-04-04,144,26619,109,10186,30,15215,5,1218,107,8182,37,9781,112,17963,California
San Benito,2021-04-05,352,26971,170,10356,140,15355,42,1260,143,8157,209,9990,184,18147,California
San Benito,2021-04-06,458,27429,160,10516,123,15478,175,1435,155,8184,303,10293,330,18477,California
San Benito,2021-04-07,935,28364,522,11038,224,15702,189,1624,265,7970,668,10961,454,18931,California
San Benito,2021-04-08,855,29219,429,11467,176,15878,250,1874,223,7812,631,11592,473,19404,California
San Benito,2021-04-09,837,30056,496,11963,251,16129,90,1964,289,7643,548,12140,379,19783,California
San Benito,2021-04-10,327,30383,199,12162,71,16200,57,2021,181,7735,146,12286,238,20021,California
San Benito,2021-04-11,471,30854,270,12432,167,16367,34,2055,263,7804,208,12494,277,20298,California
San Benito,2021-04-12,529,31383,286,12718,131,16498,112,2167,278,7940,250,12744,386,20684,California
San Benito,2021-04-13,754,32137,291,13009,440,16938,23,2190,523,8257,230,12974,547,21231,California
San Benito,2021-04-14,829,32966,651,13660,178,17116,0,2190,395,8223,429,13403,395,21626,California
San Benito,2021-04-15,940,33906,732,14392,207,17323,1,2191,467,8219,472,13875,468,22094,California
San Benito,2021-04-16,700,34606,367,14759,324,17647,9,2200,295,8121,402,14277,304,22398,California
San Benito,2021-04-17,314,34920,225,14984,89,17736,0,2200,127,8059,189,14466,127,22525,California
San Benito,2021-04-18,492,35412,411,15395,81,17817,0,2200,241,8050,251,14717,242,22767,California
San Benito,2021-04-19,730,36142,588,15983,142,17959,0,2200,411,8144,318,15035,412,23179,California
San Benito,2021-04-20,763,36905,400,16383,362,18321,1,2201,489,8364,269,15304,489,23668,California
San Benito,2021-04-21,953,37858,702,17085,251,18572,0,2201,520,8465,419,15723,520,24188,California
San Benito,2021-04-22,894,38752,692,17777,202,18774,0,2201,568,8715,318,16041,568,24756,California
San Benito,2021-04-23,626,39378,395,18172,230,19004,1,2202,339,8817,238,16279,340,25096,California
San Benito,2021-04-24,354,39732,201,18373,153,19157,0,2202,164,8830,151,16430,164,25260,California
San Benito,2021-04-25,200,39932,123,18496,77,19234,0,2202,89,8827,92,16522,89,25349,California
San Benito,2021-04-26,480,40412,384,18880,96,19330,0,2202,254,8915,166,16688,254,25603,California
San Benito,2021-04-27,537,40949,278,19158,252,19582,7,2209,402,9199,125,16813,409,26012,California
San Benito,2021-04-28,541,41490,384,19542,148,19730,9,2218,378,9427,158,16971,386,26398,California
San Benito,2021-04-29,621,42111,230,19772,381,20111,10,2228,246,9325,375,17346,273,26671,California
San Benito,2021-04-30,370,42481,205,19977,158,20269,7,2235,198,9360,170,17516,205,26876,California
San Benito,2021-05-01,194,42675,143,20120,43,20312,8,2243,65,9306,127,17643,73,26949,California
San Benito,2021-05-02,189,42864,161,20281,24,20336,4,2247,58,9237,131,17774,62,27011,California
San Benito,2021-05-03,356,43220,281,20562,66,20402,9,2256,84,9060,272,18046,95,27106,California
San Benito,2021-05-04,401,43621,243,20805,150,20552,8,2264,148,8964,251,18297,155,27261,California
San Benito,2021-05-05,600,44221,423,21228,161,20713,16,2280,210,8802,388,18685,226,27487,California
San Benito,2021-05-06,610,44831,484,21712,111,20824,15,2295,220,8651,386,19071,235,27722,California
San Benito,2021-05-07,447,45278,284,21996,153,20977,10,2305,172,8563,273,19344,185,27907,California
San Benito,2021-05-08,275,45553,224,22220,46,21023,5,2310,158,8609,117,19461,163,28070,California
San Benito,2021-05-09,100,45653,75,22295,22,21045,3,2313,47,8606,53,19514,50,28120,California
San Benito,2021-05-10,406,46059,320,22615,62,21107,24,2337,51,8327,355,19869,76,28196,California
San Benito,2021-05-11,806,46865,407,23022,385,21492,14,2351,177,7892,627,20496,192,28388,California
San Benito,2021-05-12,480,47345,388,23410,81,21573,11,2362,114,7653,365,20861,126,28514,California
San Benito,2021-05-13,656,48001,558,23968,86,21659,12,2374,164,7338,490,21351,175,28689,California
San Benito,2021-05-14,585,48586,428,24396,150,21809,7,2381,224,7209,360,21711,231,28920,California
San Benito,2021-05-15,205,48791,162,24558,36,21845,7,2388,118,7247,87,21798,125,29045,California
San Benito,2021-05-16,116,48907,96,24654,18,21863,2,2390,66,7265,50,21848,68,29113,California
San Benito,2021-05-17,332,49239,265,24919,58,21921,9,2399,146,7235,185,22033,155,29268,California
San Benito,2021-05-18,400,49639,133,25052,261,22182,6,2405,114,7070,286,22319,121,29389,California
San Bernardino,2020-12-15,13,13,13,13,0,0,0,0,13,13,0,0,13,13,California
San Bernardino,2020-12-16,107,120,107,120,0,0,0,0,107,120,0,0,107,120,California
San Bernardino,2020-12-17,2359,2479,2359,2479,0,0,0,0,2359,2479,0,0,2359,2479,California
San Bernardino,2020-12-18,3143,5622,3140,5619,3,3,0,0,3144,5623,0,0,3144,5623,California
San Bernardino,2020-12-19,1070,6692,1069,6688,1,4,0,0,1071,6694,0,0,1071,6694,California
San Bernardino,2020-12-20,1179,7871,1176,7864,3,7,0,0,1179,7873,0,0,1179,7873,California
San Bernardino,2020-12-21,2451,10322,2446,10310,5,12,0,0,2451,10324,0,0,2451,10324,California
San Bernardino,2020-12-22,2270,12592,2143,12453,127,139,0,0,2271,12595,0,0,2271,12595,California
San Bernardino,2020-12-23,2649,15241,1456,13909,1193,1332,0,0,2647,15242,0,0,2647,15242,California
San Bernardino,2020-12-24,1158,16399,581,14490,577,1909,0,0,1160,16402,0,0,1160,16402,California
San Bernardino,2020-12-25,75,16474,14,14504,61,1970,0,0,75,16477,0,0,75,16477,California
San Bernardino,2020-12-26,462,16936,254,14758,208,2178,0,0,462,16939,0,0,462,16939,California
San Bernardino,2020-12-27,344,17280,161,14919,183,2361,0,0,344,17283,0,0,344,17283,California
San Bernardino,2020-12-28,1570,18850,713,15632,857,3218,0,0,1571,18854,0,0,1571,18854,California
San Bernardino,2020-12-29,2215,21065,1045,16677,1170,4388,0,0,2215,21069,0,0,2215,21069,California
San Bernardino,2020-12-30,2896,23961,1460,18137,1436,5824,0,0,2897,23966,0,0,2897,23966,California
San Bernardino,2020-12-31,1358,25319,439,18576,919,6743,0,0,1356,25322,0,0,1356,25322,California
San Bernardino,2021-01-01,283,25602,151,18727,132,6875,0,0,282,25604,0,0,282,25604,California
San Bernardino,2021-01-02,475,26077,339,19066,136,7011,0,0,475,26079,0,0,475,26079,California
San Bernardino,2021-01-03,136,26213,86,19152,50,7061,0,0,136,26215,0,0,136,26215,California
San Bernardino,2021-01-04,2125,28338,1289,20441,836,7897,0,0,2124,28339,0,0,2124,28339,California
San Bernardino,2021-01-05,2336,30674,1462,21903,874,8771,0,0,2226,30456,109,109,2226,30565,California
San Bernardino,2021-01-06,3439,34113,2353,24256,1086,9857,0,0,2945,32914,488,597,2946,33511,California
San Bernardino,2021-01-07,5422,39535,4508,28764,914,10771,0,0,2483,32477,2920,3517,2483,35994,California
San Bernardino,2021-01-08,5371,44906,4449,33213,922,11693,0,0,2292,31695,3075,6592,2293,38287,California
San Bernardino,2021-01-09,1402,46308,1100,34313,302,11995,0,0,905,32103,497,7089,905,39192,California
San Bernardino,2021-01-10,1025,47333,597,34910,428,12423,0,0,576,32230,449,7538,576,39768,California
San Bernardino,2021-01-11,4982,52315,4074,38984,908,13331,0,0,2769,32789,2210,9748,2769,42537,California
San Bernardino,2021-01-12,4233,56548,3218,42202,1015,14346,0,0,2519,33595,1713,11461,2519,45056,California
San Bernardino,2021-01-13,4564,61112,2848,45050,1716,16062,0,0,3343,35730,1209,12670,3344,48400,California
San Bernardino,2021-01-14,4797,65909,2820,47870,1977,18039,0,0,4215,39367,578,13248,4215,52615,California
San Bernardino,2021-01-15,5990,71899,2978,50848,3012,21051,0,0,5593,44576,387,13635,5596,58211,California
San Bernardino,2021-01-16,2260,74159,1294,52142,966,22017,0,0,2118,46552,142,13777,2118,60329,California
San Bernardino,2021-01-17,1192,75351,517,52659,675,22692,0,0,1102,47567,89,13866,1104,61433,California
San Bernardino,2021-01-18,4272,79623,2640,55299,1632,24324,0,0,3649,50597,622,14488,3652,65085,California
San Bernardino,2021-01-19,6318,85941,3715,59014,2603,26927,0,0,5226,54735,1090,15578,5228,70313,California
San Bernardino,2021-01-20,6829,92770,3757,62771,3072,29999,0,0,4882,57680,1939,17517,4884,75197,California
San Bernardino,2021-01-21,5996,98766,3083,65854,2913,32912,0,0,4876,61448,1111,18628,4879,80076,California
San Bernardino,2021-01-22,6527,105293,3055,68909,3472,36384,0,0,5803,66530,722,19350,5804,85880,California
San Bernardino,2021-01-23,3111,108404,1892,70801,1219,37603,0,0,2721,68862,389,19739,2721,88601,California
San Bernardino,2021-01-24,1195,109599,462,71263,733,38336,0,0,1094,69855,101,19840,1094,89695,California
San Bernardino,2021-01-25,6885,116484,3406,74669,3479,41815,0,0,5026,73028,1856,21696,5029,94724,California
San Bernardino,2021-01-26,7112,123596,3571,78240,3541,45356,0,0,5015,75947,2097,23793,5016,99740,California
San Bernardino,2021-01-27,8495,132091,4146,82386,4349,49705,0,0,5697,78854,2790,26583,5697,105437,California
San Bernardino,2021-01-28,8596,140687,4084,86470,4512,54217,0,0,6271,82805,2320,28903,6271,111708,California
San Bernardino,2021-01-29,8194,148881,3774,90244,4420,58637,0,0,6222,87070,1958,30861,6223,117931,California
San Bernardino,2021-01-30,3095,151976,1903,92147,1192,59829,0,0,2806,89588,288,31149,2806,120737,California
San Bernardino,2021-01-31,924,152900,494,92641,430,60259,0,0,870,90405,53,31202,870,121607,California
San Bernardino,2021-02-01,7562,160462,4242,96883,3320,63579,0,0,4936,92719,2623,33825,4937,126544,California
San Bernardino,2021-02-02,10437,170899,3656,100539,6781,70360,0,0,8371,99029,2062,35887,8372,134916,California
San Bernardino,2021-02-03,9004,179903,4152,104691,4852,75212,0,0,6506,103046,2490,38377,6507,141423,California
San Bernardino,2021-02-04,10531,190434,5201,109892,5330,80542,0,0,7421,107368,3099,41476,7421,148844,California
San Bernardino,2021-02-05,11004,201438,5914,115806,5090,85632,0,0,7476,111328,3517,44993,7477,156321,California
San Bernardino,2021-02-06,5264,206702,2213,118019,3051,88683,0,0,3624,113340,1615,46608,3627,159948,California
San Bernardino,2021-02-07,844,207546,490,118509,354,89037,0,0,466,113432,375,46983,467,160415,California
San Bernardino,2021-02-08,7281,214827,3880,122389,3401,92438,0,0,5609,117372,1669,48652,5609,166024,California
San Bernardino,2021-02-09,10037,224864,5813,128202,4224,96662,0,0,6799,120940,3234,51886,6802,172826,California
San Bernardino,2021-02-10,12160,237024,6541,134743,5619,102281,0,0,7980,124752,4169,56055,7981,180807,California
San Bernardino,2021-02-11,12422,249446,7127,141870,5295,107576,0,0,7923,128202,4476,60531,7926,188733,California
San Bernardino,2021-02-12,10407,259853,5947,147817,4460,112036,0,0,5689,129189,4702,65233,5689,194422,California
San Bernardino,2021-02-13,6039,265892,4014,151831,2025,114061,0,0,3795,130761,2228,67461,3800,198222,California
San Bernardino,2021-02-14,1553,267445,652,152483,901,114962,0,0,874,130964,671,68132,874,199096,California
San Bernardino,2021-02-15,5462,272907,2994,155477,2468,117430,0,0,3056,131628,2392,70524,3056,202152,California
San Bernardino,2021-02-16,12613,285520,7382,162859,5231,122661,0,0,7966,134961,4634,75158,7967,210119,California
San Bernardino,2021-02-17,11798,297318,6458,169317,5340,128001,0,0,7143,137468,4638,79796,7145,217264,California
San Bernardino,2021-02-18,12479,309797,7592,176909,4887,132888,0,0,7704,140413,4760,84556,7705,224969,California
San Bernardino,2021-02-19,11515,321312,5940,182849,5575,138463,0,0,6811,142541,4683,89239,6811,231780,California
San Bernardino,2021-02-20,4524,325836,3473,186322,1051,139514,0,0,2042,142106,2479,91718,2044,233824,California
San Bernardino,2021-02-21,1124,326960,668,186990,456,139970,0,0,389,141760,735,92453,389,234213,California
San Bernardino,2021-02-22,8655,335615,5340,192330,3315,143285,0,0,4039,141195,4605,97058,4040,238253,California
San Bernardino,2021-02-23,9118,344733,5443,197773,3675,146960,0,0,4587,141282,4500,101558,4587,242840,California
San Bernardino,2021-02-24,12432,357165,7173,204946,5259,152219,0,0,6151,141179,6255,107813,6152,248992,California
San Bernardino,2021-02-25,13070,370235,6289,211235,6781,159000,0,0,7615,143360,5437,113250,7618,256610,California
San Bernardino,2021-02-26,13610,383845,6380,217615,7230,166230,0,0,7582,144980,5964,119214,7584,264194,California
San Bernardino,2021-02-27,6660,390505,3724,221339,2935,169165,1,1,4811,147955,1837,121051,4812,269006,California
San Bernardino,2021-02-28,1760,392265,730,222069,1030,170195,0,1,1135,148470,620,121671,1135,270141,California
San Bernardino,2021-03-01,8435,400700,4360,226429,4073,174268,2,3,3840,147749,4571,126242,3850,273991,California
San Bernardino,2021-03-02,13840,414540,5533,231962,8307,182575,0,3,6543,147030,7265,133507,6546,280537,California
San Bernardino,2021-03-03,12853,427393,6516,238478,6334,188909,3,6,6005,146217,6827,140334,6014,286551,California
San Bernardino,2021-03-04,13745,441138,6904,245382,6841,195750,0,6,5974,144445,7750,148084,5978,292529,California
San Bernardino,2021-03-05,14394,455532,7536,252918,6857,202607,1,7,7030,144161,7333,155417,7049,299578,California
San Bernardino,2021-03-06,9715,465247,5456,258374,4044,206651,215,222,4549,143773,5150,160567,4762,304340,California
San Bernardino,2021-03-07,1634,466881,986,259360,592,207243,56,278,1032,144261,600,161167,1088,305428,California
San Bernardino,2021-03-08,8018,474899,3518,262878,4341,211584,159,437,3541,143494,4470,165637,3703,309131,California
San Bernardino,2021-03-09,12611,487510,7039,269917,5328,216912,244,681,4856,140854,7741,173378,5101,314232,California
San Bernardino,2021-03-10,14037,501547,7693,277610,5792,222704,552,1233,6200,139801,7809,181187,6756,320988,California
San Bernardino,2021-03-11,15546,517093,7180,284790,6779,229483,1587,2820,7366,140591,8158,189345,8948,329936,California
San Bernardino,2021-03-12,15442,532535,6837,291627,6560,236043,2045,4865,7310,141889,8102,197447,9400,339336,California
San Bernardino,2021-03-13,8295,540830,4502,296129,3281,239324,512,5377,4906,143931,3378,200825,5420,344756,California
San Bernardino,2021-03-14,3221,544051,1613,297742,1034,240358,574,5951,1785,144855,1429,202254,2353,347109,California
San Bernardino,2021-03-15,11349,555400,5339,303081,3976,244334,2034,7985,5548,146643,5787,208041,7575,354684,California
San Bernardino,2021-03-16,16147,571547,7985,311066,7217,251551,945,8930,9868,151199,6253,214294,10809,365493,California
San Bernardino,2021-03-17,17311,588858,8597,319663,7964,259515,750,9680,10490,155638,6800,221094,11239,376732,California
San Bernardino,2021-03-18,16576,605434,8195,327858,7996,267511,385,10065,9833,159137,6717,227811,10216,386948,California
San Bernardino,2021-03-19,16882,622316,8341,336199,7953,275464,588,10653,9696,162312,7162,234973,10337,397285,California
San Bernardino,2021-03-20,9395,631711,5918,342117,2888,278352,589,11242,5548,164622,3823,238796,6133,403418,California
San Bernardino,2021-03-21,2759,634470,2241,344358,470,278822,48,11290,2227,166377,520,239316,2275,405693,California
San Bernardino,2021-03-22,9587,644057,4499,348857,4653,283475,435,11725,6943,171131,2624,241940,7378,413071,California
San Bernardino,2021-03-23,15461,659518,8770,357627,6072,289547,619,12344,9576,175460,5865,247805,10194,423265,California
San Bernardino,2021-03-24,15099,674617,7793,365420,7005,296552,301,12645,10030,180757,5035,252840,10332,433597,California
San Bernardino,2021-03-25,16973,691590,8313,373733,8363,304915,297,12942,10766,185659,6158,258998,11060,444657,California
San Bernardino,2021-03-26,18077,709667,8595,382328,8713,313628,769,13711,10817,190016,7230,266228,11587,456244,California
San Bernardino,2021-03-27,10772,720439,6939,389267,3081,316709,752,14463,6159,192335,4590,270818,6909,463153,California
San Bernardino,2021-03-28,3535,723974,2469,391736,953,317662,113,14576,2470,193859,1058,271876,2582,465735,California
San Bernardino,2021-03-29,11736,735710,6086,397822,5253,322915,397,14973,7991,198519,3728,275604,8388,474123,California
San Bernardino,2021-03-30,16916,752626,9438,407260,6766,329681,712,15685,10868,204076,6014,281618,11571,485694,California
San Bernardino,2021-03-31,16399,769025,9187,416447,6578,336259,634,16319,10925,210191,5446,287064,11561,497255,California
San Bernardino,2021-04-01,19508,788533,10276,426723,7865,344124,1367,17686,12577,217237,6892,293956,13938,511193,California
San Bernardino,2021-04-02,18661,807194,9369,436092,8016,352140,1276,18962,11285,222490,7352,301308,12605,523798,California
San Bernardino,2021-04-03,11028,818222,6876,442968,3028,355168,1124,20086,6044,224696,4967,306275,7173,530971,California
San Bernardino,2021-04-04,2481,820703,1494,444462,739,355907,248,20334,1272,225015,1204,307479,1523,532494,California
San Bernardino,2021-04-05,11737,832440,5270,449732,4738,360645,1729,22063,6009,227039,5709,313188,7733,540227,California
San Bernardino,2021-04-06,19671,852111,11065,460797,6501,367146,2105,24168,10460,230427,9173,322361,12561,552788,California
San Bernardino,2021-04-07,20857,872968,11157,471954,7234,374380,2466,26634,11411,234880,9417,331778,13870,566658,California
San Bernardino,2021-04-08,21697,894665,11087,483041,8019,382399,2591,29225,11946,239684,9725,341503,14529,581187,California
San Bernardino,2021-04-09,21602,916267,10980,494021,8075,390474,2547,31772,11797,244246,9770,351273,14332,595519,California
San Bernardino,2021-04-10,15572,931839,8062,502083,3816,394290,3694,35466,7744,247862,7809,359082,11425,606944,California
San Bernardino,2021-04-11,4403,936242,2568,504651,885,395175,950,36416,2043,248497,2354,361436,2989,609933,California
San Bernardino,2021-04-12,13342,949584,6182,510833,5520,400695,1640,38056,6330,249469,6992,368428,7964,617897,California
San Bernardino,2021-04-13,19218,968802,10951,521784,8248,408943,19,38075,11016,252329,8176,376604,11036,628933,California
San Bernardino,2021-04-14,19174,987976,10255,532039,8916,417859,3,38078,10853,254896,8290,384894,10857,639790,California
San Bernardino,2021-04-15,20232,1008208,11310,543349,8916,426775,6,38084,10762,256230,9434,394328,10768,650558,California
San Bernardino,2021-04-16,18540,1026748,10525,553874,8014,434789,1,38085,9143,256018,9355,403683,9143,659701,California
San Bernardino,2021-04-17,11912,1038660,7840,561714,4072,438861,0,38085,6258,256654,5622,409305,6258,665959,California
San Bernardino,2021-04-18,2881,1041541,1975,563689,906,439767,0,38085,1316,256416,1554,410859,1316,667275,California
San Bernardino,2021-04-19,12526,1054067,6678,570367,5848,445615,0,38085,4879,253674,7625,418484,4883,672158,California
San Bernardino,2021-04-20,17576,1071643,9805,580172,7768,453383,3,38088,8052,252225,9504,427988,8055,680213,California
San Bernardino,2021-04-21,18024,1089667,10300,590472,7722,461105,2,38090,7971,250203,9995,437983,7973,688186,California
San Bernardino,2021-04-22,19114,1108781,10916,601388,8194,469299,4,38094,7847,246839,11215,449198,7851,696037,California
San Bernardino,2021-04-23,18387,1127168,10521,611909,7865,477164,1,38095,8093,244686,10249,459447,8096,704133,California
San Bernardino,2021-04-24,12778,1139946,9458,621367,3318,480482,2,38097,6886,245697,5877,465324,6888,711021,California
San Bernardino,2021-04-25,3407,1143353,2235,623602,1172,481654,0,38097,1689,245683,1704,467028,1690,712711,California
San Bernardino,2021-04-26,10456,1153809,5604,629206,4763,486417,89,38186,4425,244201,5995,473023,4513,717224,California
San Bernardino,2021-04-27,15850,1169659,9563,638769,6118,492535,169,38355,6482,241525,9326,482349,6650,723874,California
San Bernardino,2021-04-28,14637,1184296,8691,647460,5676,498211,270,38625,5257,237696,9347,491696,5518,729392,California
San Bernardino,2021-04-29,16083,1200379,9269,656729,6545,504756,269,38894,5335,232592,10705,502401,5601,734993,California
San Bernardino,2021-04-30,16500,1216879,10423,667152,5798,510554,279,39173,6047,228509,10406,512807,6323,741316,California
San Bernardino,2021-05-01,10683,1227562,8395,675547,1980,512534,308,39481,3634,225435,7013,519820,3939,745255,California
San Bernardino,2021-05-02,2917,1230479,2112,677659,674,513208,131,39612,1039,224733,1872,521692,1170,746425,California
San Bernardino,2021-05-03,10006,1240485,5756,683415,3846,517054,404,40016,2872,220901,7108,528800,3276,749701,California
San Bernardino,2021-05-04,15643,1256128,9503,692918,5689,522743,451,40467,4531,214812,11069,539869,4980,754681,California
San Bernardino,2021-05-05,15289,1271417,8797,701715,6087,528830,405,40872,4295,208566,10942,550811,4696,759377,California
San Bernardino,2021-05-06,15678,1287095,8953,710668,6313,535143,412,41284,4247,201835,11389,562200,4658,764035,California
San Bernardino,2021-05-07,15360,1302455,8640,719308,6352,541495,368,41652,4599,196095,10703,572903,4963,768998,California
San Bernardino,2021-05-08,9150,1311605,6097,725405,2810,544305,243,41895,3105,193431,6011,578914,3347,772345,California
San Bernardino,2021-05-09,1831,1313436,1133,726538,606,544911,92,41987,734,193168,1088,580002,825,773170,California
San Bernardino,2021-05-10,7365,1320801,3389,729927,3667,548578,309,42296,2246,190649,5071,585073,2552,775722,California
San Bernardino,2021-05-11,11836,1332637,6524,736451,4993,553571,319,42615,3723,186616,8078,593151,4045,779767,California
San Bernardino,2021-05-12,11931,1344568,6352,742803,5279,558850,300,42915,3398,181820,8490,601641,3694,783461,California
San Bernardino,2021-05-13,12356,1356924,7380,750183,4643,563493,333,43248,4726,179288,7586,609227,5054,788515,California
San Bernardino,2021-05-14,13284,1370208,8859,759042,4081,567574,344,43592,5461,177323,7770,616997,5805,794320,California
San Bernardino,2021-05-15,11053,1381261,8230,767272,2649,570223,174,43766,4379,175230,6642,623639,4549,798869,California
San Bernardino,2021-05-16,924,1382185,511,767783,368,570591,45,43811,361,175078,558,624197,406,799275,California
San Bernardino,2021-05-17,8511,1390696,5547,773330,2717,573308,247,44058,3638,174124,4838,629035,3884,803159,California
San Bernardino,2021-05-18,8358,1399054,5879,779209,2269,575577,210,44268,3481,172961,4854,633889,3691,806850,California
San Diego,2020-12-15,119,119,119,119,0,0,0,0,119,119,0,0,119,119,California
San Diego,2020-12-16,1103,1222,1103,1222,0,0,0,0,1103,1222,0,0,1103,1222,California
San Diego,2020-12-17,2349,3571,2349,3571,0,0,0,0,2349,3571,0,0,2349,3571,California
San Diego,2020-12-18,3671,7242,3670,7241,1,1,0,0,3671,7242,0,0,3671,7242,California
San Diego,2020-12-19,2313,9555,2313,9554,0,1,0,0,2313,9555,0,0,2313,9555,California
San Diego,2020-12-20,1184,10739,1183,10737,1,2,0,0,1184,10739,0,0,1184,10739,California
San Diego,2020-12-21,3522,14261,3521,14258,1,3,0,0,3522,14261,0,0,3522,14261,California
San Diego,2020-12-22,4059,18320,3416,17674,643,646,0,0,4059,18320,0,0,4059,18320,California
San Diego,2020-12-23,3180,21500,1977,19651,1203,1849,0,0,3180,21500,0,0,3180,21500,California
San Diego,2020-12-24,2737,24237,2219,21870,518,2367,0,0,2737,24237,0,0,2737,24237,California
San Diego,2020-12-25,876,25113,875,22745,1,2368,0,0,876,25113,0,0,876,25113,California
San Diego,2020-12-26,3293,28406,2144,24889,1149,3517,0,0,3293,28406,0,0,3293,28406,California
San Diego,2020-12-27,2508,30914,1618,26507,890,4407,0,0,2507,30912,1,1,2507,30913,California
San Diego,2020-12-28,5914,36828,4227,30734,1687,6094,0,0,5914,36826,0,1,5914,36827,California
San Diego,2020-12-29,5573,42401,3000,33734,2573,8667,0,0,5573,42399,0,1,5573,42400,California
San Diego,2020-12-30,5943,48344,3098,36832,2845,11512,0,0,5943,48342,0,1,5943,48343,California
San Diego,2020-12-31,3038,51382,1055,37887,1983,13495,0,0,3038,51380,0,1,3038,51381,California
San Diego,2021-01-01,1006,52388,452,38339,554,14049,0,0,1006,52386,0,1,1006,52387,California
San Diego,2021-01-02,3745,56133,1302,39641,2443,16492,0,0,3745,56131,0,1,3745,56132,California
San Diego,2021-01-03,859,56992,632,40273,227,16719,0,0,858,56989,0,1,858,56990,California
San Diego,2021-01-04,3702,60694,2049,42322,1653,18372,0,0,3695,60684,0,1,3695,60685,California
San Diego,2021-01-05,4371,65065,2182,44504,2189,20561,0,0,3755,63839,612,613,3767,64452,California
San Diego,2021-01-06,4947,70012,2292,46796,2655,23216,0,0,3713,66345,1211,1824,3717,68169,California
San Diego,2021-01-07,5664,75676,2982,49778,2682,25898,0,0,3506,67706,2151,3975,3512,71681,California
San Diego,2021-01-08,7869,83545,4941,54719,2928,28826,0,0,4083,68036,3769,7744,4099,75780,California
San Diego,2021-01-09,3501,87046,1940,56659,1561,30387,0,0,1951,68460,1538,9282,1962,77742,California
San Diego,2021-01-10,1882,88928,1293,57952,589,30976,0,0,778,68155,1092,10374,787,78529,California
San Diego,2021-01-11,10334,99262,5862,63814,4472,35448,0,0,6805,71456,3522,13896,6823,85352,California
San Diego,2021-01-12,11199,110461,5312,69126,5887,41335,0,0,7822,76024,3368,17264,7936,93288,California
San Diego,2021-01-13,11504,121965,5048,74174,6456,47791,0,0,8959,82474,2533,19797,8983,102271,California
San Diego,2021-01-14,12370,134335,4752,78926,7618,55409,0,0,10202,90551,2160,21957,10237,112508,California
San Diego,2021-01-15,15138,149473,5357,84283,9781,65190,0,0,12493,100473,2626,24583,12548,125056,California
San Diego,2021-01-16,10772,160245,3594,87877,7178,72368,0,0,9327,108391,1440,26023,9358,134414,California
San Diego,2021-01-17,8679,168924,2496,90373,6183,78551,0,0,7839,115410,840,26863,7859,142273,California
San Diego,2021-01-18,12868,181792,6308,96681,6560,85111,0,0,10028,122690,2808,29671,10088,152361,California
San Diego,2021-01-19,14430,196222,5500,102181,8930,94041,0,0,11309,131154,3110,32781,11574,163935,California
San Diego,2021-01-20,18330,214552,6389,108570,11941,105982,0,0,15008,143045,3300,36081,15191,179126,California
San Diego,2021-01-21,17453,232005,5940,114510,11513,117495,0,0,16061,157869,1383,37464,16207,195333,California
San Diego,2021-01-22,17613,249618,4692,119202,12921,130416,0,0,15581,171512,2018,39482,15661,210994,California
San Diego,2021-01-23,14493,264111,5282,124484,9211,139627,0,0,12136,181361,2346,41828,12195,223189,California
San Diego,2021-01-24,11902,276013,3344,127828,8558,148185,0,0,10931,191360,969,42797,10968,234157,California
San Diego,2021-01-25,12271,288284,5799,133627,6472,154657,0,0,9253,197758,3011,45808,9409,243566,California
San Diego,2021-01-26,15156,303440,7857,141484,7299,161956,0,0,11769,206330,3385,49193,11957,255523,California
San Diego,2021-01-27,20575,324015,7938,149422,12637,174593,0,0,17555,221020,3011,52204,17701,273224,California
San Diego,2021-01-28,21310,345325,7652,157074,13658,188251,0,0,19041,237884,2259,54463,19123,292347,California
San Diego,2021-01-29,19724,365049,6480,163554,13244,201495,0,0,17284,252785,2430,56893,17331,309678,California
San Diego,2021-01-30,15906,380955,3667,167221,12239,213734,0,0,13224,263434,2672,59565,13321,322999,California
San Diego,2021-01-31,14812,395767,5764,172985,9048,222782,0,0,14450,277557,358,59923,14481,337480,California
San Diego,2021-02-01,20926,416693,7626,180611,13300,236082,0,0,17469,291659,3443,63366,17545,355025,California
San Diego,2021-02-02,22966,439659,8449,189060,14517,250599,0,0,19607,308085,3350,66716,19776,374801,California
San Diego,2021-02-03,27662,467321,11766,200826,15896,266495,0,0,23352,327335,4291,71007,23541,398342,California
San Diego,2021-02-04,24266,491587,9909,210735,14357,280852,0,0,19630,342627,4619,75626,19911,418253,California
San Diego,2021-02-05,24976,516563,8935,219670,16041,296893,0,0,18284,354691,6668,82294,18732,436985,California
San Diego,2021-02-06,20780,537343,8554,228224,12226,309119,0,0,17529,369193,3248,85542,17750,454735,California
San Diego,2021-02-07,12137,549480,5377,233601,6760,315879,0,0,10253,377831,1873,87415,10511,465246,California
San Diego,2021-02-08,20127,569607,8537,242138,11590,327469,0,0,12678,383755,7438,94853,13362,478608,California
San Diego,2021-02-09,20483,590090,8320,250458,12163,339632,0,0,13195,390753,7267,102120,14265,492873,California
San Diego,2021-02-10,22979,613069,9346,259804,13633,353265,0,0,13856,396918,9066,111186,15231,508104,California
San Diego,2021-02-11,23836,636905,10177,269981,13659,366924,0,0,12758,400312,11049,122235,14443,522547,California
San Diego,2021-02-12,23848,660753,7454,277435,16394,383318,0,0,11902,402550,11928,134163,14166,536713,California
San Diego,2021-02-13,20054,680807,9044,286479,11010,394328,0,0,10909,405525,9139,143302,12114,548827,California
San Diego,2021-02-14,11187,691994,7432,293911,3755,398083,0,0,6325,408506,4858,148160,7839,556666,California
San Diego,2021-02-15,15271,707265,7761,301672,7510,405593,0,0,7830,411984,7419,155579,10897,567563,California
San Diego,2021-02-16,19290,726555,11263,312935,8027,413620,0,0,9234,414150,10044,165623,12210,579773,California
San Diego,2021-02-17,23415,749970,10999,323934,12416,426036,0,0,8124,410085,15277,180900,11212,590985,California
San Diego,2021-02-18,23572,773542,12010,335944,11562,437598,0,0,7783,406169,15778,196678,11862,602847,California
San Diego,2021-02-19,15917,789459,10924,346868,4993,442591,0,0,6633,405515,9262,205940,8608,611455,California
San Diego,2021-02-20,10263,799722,6365,353233,3898,446489,0,0,5810,408780,4451,210391,7716,619171,California
San Diego,2021-02-21,11560,811282,10147,363380,1413,447902,0,0,5182,409125,6349,216740,6694,625865,California
San Diego,2021-02-22,12457,823739,10599,373979,1858,449760,0,0,5762,409833,6689,223429,7397,633262,California
San Diego,2021-02-23,25878,849617,14502,388481,11376,461136,0,0,9638,409135,16232,239661,15534,648796,California
San Diego,2021-02-24,28962,878579,12769,401250,16193,477329,0,0,6863,401355,22078,261739,14298,663094,California
San Diego,2021-02-25,33200,911779,14728,415978,18472,495801,0,0,10140,396847,23040,284779,18532,681626,California
San Diego,2021-02-26,33477,945256,12407,428385,21070,516871,0,0,12135,394755,21312,306091,19220,700846,California
San Diego,2021-02-27,21245,966501,9685,438070,11560,528431,0,0,11447,400676,9793,315884,15714,716560,California
San Diego,2021-02-28,15286,981787,9988,448058,5298,533729,0,0,9527,407234,5758,321642,12316,728876,California
San Diego,2021-03-01,24255,1006042,14316,462374,9937,543666,2,2,14740,416390,9439,331081,18595,747471,California
San Diego,2021-03-02,26182,1032224,14095,476469,12087,555753,0,2,12775,422455,13397,344478,19462,766933,California
San Diego,2021-03-03,34034,1066258,15952,492421,18079,573832,3,5,14094,423538,19918,364396,21001,787934,California
San Diego,2021-03-04,28328,1094586,14112,506533,14216,588048,0,5,12644,427263,15662,380058,19387,807321,California
San Diego,2021-03-05,29011,1123597,14910,521443,14019,602067,82,87,13543,432137,15445,395503,20319,827640,California
San Diego,2021-03-06,23435,1147032,9597,531040,13137,615204,701,788,10361,434806,13060,408563,15729,843369,California
San Diego,2021-03-07,18236,1165268,9327,540367,8338,623542,571,1359,6927,434660,11301,419864,11155,854524,California
San Diego,2021-03-08,23099,1188367,11220,551587,10972,634514,907,2266,11449,440261,11630,431494,17231,871755,California
San Diego,2021-03-09,25897,1214264,11982,563569,12157,646671,1758,4024,10123,440309,15759,447253,15807,887562,California
San Diego,2021-03-10,25333,1239597,10803,574372,12133,658804,2397,6421,9918,441290,15399,462652,16380,903942,California
San Diego,2021-03-11,28713,1268310,11036,585408,14078,672882,3599,10020,10040,440236,18651,481303,17597,921539,California
San Diego,2021-03-12,27084,1295394,9459,594867,14486,687368,3139,13159,9967,439770,17102,498405,16636,938175,California
San Diego,2021-03-13,26168,1321562,7304,602171,17075,704443,1789,14948,10079,439722,16085,514490,16037,954212,California
San Diego,2021-03-14,13846,1335408,5499,607670,7610,712053,737,15685,4790,438524,9048,523538,7850,962062,California
San Diego,2021-03-15,22027,1357435,10170,617840,11077,723130,780,16465,9027,438437,12986,536524,12899,974961,California
San Diego,2021-03-16,30004,1387439,15793,633633,13799,736929,412,16877,15743,443402,14237,550761,19202,994163,California
San Diego,2021-03-17,26334,1413773,12224,645857,13390,750319,720,17597,16779,453411,9540,560301,19549,1013712,California
San Diego,2021-03-18,31507,1445280,17797,663654,12794,763113,916,18513,17015,458410,14460,574761,19459,1033171,California
San Diego,2021-03-19,30288,1475568,14368,678022,14895,778008,1025,19538,19360,469075,10907,585668,21572,1054743,California
San Diego,2021-03-20,27854,1503422,8433,686455,17627,795635,1794,21332,21400,486930,6443,592111,24298,1079041,California
San Diego,2021-03-21,16559,1519981,12081,698536,3761,799396,717,22049,7696,487809,8849,600960,9728,1088769,California
San Diego,2021-03-22,22533,1542514,13150,711686,9117,808513,266,22315,14333,496974,8188,609148,17353,1106122,California
San Diego,2021-03-23,25984,1568498,13640,725326,12080,820593,264,22579,17135,507559,8833,617981,19418,1125540,California
San Diego,2021-03-24,29551,1598049,19766,745092,9422,830015,363,22942,17088,514611,12454,630435,19506,1145046,California
San Diego,2021-03-25,30324,1628373,18283,763375,11382,841397,659,23601,17983,523041,12325,642760,20755,1165801,California
San Diego,2021-03-26,32095,1660468,17906,781281,13631,855028,558,24159,17491,529333,14578,657338,20870,1186671,California
San Diego,2021-03-27,25447,1685915,10994,792275,14060,869088,393,24552,15659,537850,9772,667110,18289,1204960,California
San Diego,2021-03-28,15040,1700955,9196,801471,5787,874875,57,24609,9255,542850,5779,672889,10779,1215739,California
San Diego,2021-03-29,26679,1727634,12907,814378,13176,888051,596,25205,16443,552092,10227,683116,19469,1235208,California
San Diego,2021-03-30,33221,1760855,17900,832278,14549,902600,772,25977,22040,565544,11170,694286,24622,1259830,California
San Diego,2021-03-31,30420,1791275,18781,851059,10962,913562,677,26654,20623,578153,9780,704066,22389,1282219,California
San Diego,2021-04-01,34310,1825585,20048,871107,12793,926355,1469,28123,23239,593121,11046,715112,26014,1308233,California
San Diego,2021-04-02,35749,1861334,20655,891762,12322,938677,2772,30895,24105,609787,11625,726737,28291,1336524,California
San Diego,2021-04-03,30807,1892141,14420,906182,11788,950465,4599,35494,19681,624145,11113,737850,25471,1361995,California
San Diego,2021-04-04,9062,1901203,5205,911387,2929,953394,928,36422,4825,625840,4232,742082,5927,1367922,California
San Diego,2021-04-05,29721,1930924,15401,926788,11699,965093,2621,39043,19383,640001,10323,752405,24484,1392406,California
San Diego,2021-04-06,38707,1969631,20396,947184,12449,977542,5862,44905,22343,653955,16350,768755,30304,1422710,California
San Diego,2021-04-07,35783,2005414,21975,969159,9284,986826,4524,49429,20453,664815,15306,784061,26166,1448876,California
San Diego,2021-04-08,35168,2040582,21361,990520,9703,996529,4104,53533,21321,678958,13828,797889,27971,1476847,California
San Diego,2021-04-09,38241,2078823,22818,1013338,10287,1006816,5136,58669,20830,690843,17342,815231,29227,1506074,California
San Diego,2021-04-10,29178,2108001,11783,1025121,13394,1020210,4001,62670,15164,698997,14004,829235,22158,1528232,California
San Diego,2021-04-11,16254,2124255,10075,1035196,3866,1024076,2313,64983,7300,702622,8950,838185,12575,1540807,California
San Diego,2021-04-12,30792,2155047,12859,1048055,13638,1037714,4295,69278,17227,714229,13551,851736,25158,1565965,California
San Diego,2021-04-13,37192,2192239,17782,1065837,19373,1057087,37,69315,24798,729502,12374,864110,27647,1593612,California
San Diego,2021-04-14,33069,2225308,18929,1084766,14128,1071215,12,69327,17920,736622,15134,879244,22254,1615866,California
San Diego,2021-04-15,39521,2264829,20364,1105130,19153,1090368,4,69331,24110,748157,15390,894634,26925,1642791,California
San Diego,2021-04-16,33802,2298631,18576,1123706,15223,1105591,3,69334,19628,756036,14114,908748,21993,1664784,California
San Diego,2021-04-17,27889,2326520,13544,1137250,14345,1119936,0,69334,12420,756104,15372,924120,15440,1680224,California
San Diego,2021-04-18,14448,2340968,8918,1146168,5527,1125463,3,69337,6753,758109,7682,931802,9687,1689911,California
San Diego,2021-04-19,26538,2367506,13564,1159732,12973,1138436,1,69338,12492,758311,14029,945831,14231,1704142,California
San Diego,2021-04-20,39050,2406556,17771,1177503,21279,1159715,0,69338,19980,762174,19051,964882,22914,1727056,California
San Diego,2021-04-21,34985,2441541,20923,1198426,14062,1173777,0,69338,16953,764099,17996,982878,19921,1746977,California
San Diego,2021-04-22,44597,2486138,22954,1221380,21637,1195414,6,69344,22377,767296,22178,1005056,25375,1772352,California
San Diego,2021-04-23,42104,2528242,26021,1247401,16081,1211495,2,69346,15686,759718,26386,1031442,18808,1791160,California
San Diego,2021-04-24,34386,2562628,18850,1266251,15521,1227016,15,69361,15486,759471,18867,1050309,18620,1809780,California
San Diego,2021-04-25,12487,2575115,7711,1273962,4776,1231792,0,69361,5888,760103,6591,1056900,7223,1817003,California
San Diego,2021-04-26,30921,2606036,15512,1289474,15282,1247074,127,69488,10560,754695,20348,1077248,14940,1831943,California
San Diego,2021-04-27,42476,2648512,23504,1312978,18573,1265647,399,69887,18741,753045,23703,1100951,22053,1853996,California
San Diego,2021-04-28,38161,2686673,22562,1335540,14957,1280604,642,70529,17306,752368,20822,1121773,20145,1874141,California
San Diego,2021-04-29,37959,2724632,24208,1359748,13132,1293736,619,71148,15354,747446,22571,1144344,17649,1891790,California
San Diego,2021-04-30,37924,2762556,23094,1382842,13838,1307574,992,72140,14815,741960,23075,1167419,17589,1909379,California
San Diego,2021-05-01,24261,2786817,10696,1393538,12920,1320494,645,72785,9513,739498,14738,1182157,12276,1921655,California
San Diego,2021-05-02,10702,2797519,7510,1401048,2605,1323099,587,73372,3266,736242,7431,1189588,4175,1925830,California
San Diego,2021-05-03,25312,2822831,12460,1413508,11696,1334795,1156,74528,9349,731589,15939,1205527,11286,1937116,California
San Diego,2021-05-04,31824,2854655,17550,1431058,12974,1347769,1300,75828,11521,725217,20272,1225799,13900,1951016,California
San Diego,2021-05-05,27638,2882293,17019,1448077,9343,1357112,1276,77104,10592,720997,17023,1242822,12803,1963819,California
San Diego,2021-05-06,28305,2910598,18825,1466902,8585,1365697,895,77999,10826,717723,17449,1260271,14175,1977994,California
San Diego,2021-05-07,29514,2940112,19534,1486436,8937,1374634,1043,79042,11049,712566,18428,1278699,13271,1991265,California
San Diego,2021-05-08,22619,2962731,10731,1497167,11174,1385808,714,79756,7307,706649,15291,1293990,9374,2000639,California
San Diego,2021-05-09,7494,2970225,5678,1502845,1407,1387215,409,80165,2617,705215,4870,1298860,3436,2004075,California
San Diego,2021-05-10,21600,2991825,8452,1511297,12340,1399555,808,80973,5961,697603,15608,1314468,7996,2012071,California
San Diego,2021-05-11,27592,3019417,11215,1522512,15614,1415169,763,81736,9598,691573,17968,1332436,11938,2024009,California
San Diego,2021-05-12,21854,3041271,11625,1534137,9446,1424615,783,82519,7989,687491,13843,1346279,9761,2033770,California
San Diego,2021-05-13,28907,3070178,17021,1551158,11301,1435916,585,83104,11975,685410,16882,1363161,14801,2048571,California
San Diego,2021-05-14,30128,3100306,19160,1570318,10129,1446045,839,83943,13502,685204,16590,1379751,16384,2064955,California
San Diego,2021-05-15,25992,3126298,16441,1586759,8787,1454832,764,84707,10899,682739,15040,1394791,12575,2077530,California
San Diego,2021-05-16,8389,3134687,5943,1592702,1956,1456788,490,85197,3968,682991,4415,1399206,4667,2082197,California
San Diego,2021-05-17,19189,3153876,11284,1603986,7221,1464009,684,85881,8077,681441,11081,1410287,9531,2091728,California
San Diego,2021-05-18,20067,3173943,10613,1614599,9088,1473097,366,86247,6922,676352,13123,1423410,8034,2099762,California
San Francisco,2020-12-15,7,7,7,7,0,0,0,0,7,7,0,0,7,7,California
San Francisco,2020-12-16,229,236,229,236,0,0,0,0,229,236,0,0,229,236,California
San Francisco,2020-12-17,393,629,393,629,0,0,0,0,393,629,0,0,393,629,California
San Francisco,2020-12-18,877,1506,876,1505,1,1,0,0,877,1506,0,0,877,1506,California
San Francisco,2020-12-19,601,2107,601,2106,0,1,0,0,601,2107,0,0,601,2107,California
San Francisco,2020-12-20,483,2590,483,2589,0,1,0,0,483,2590,0,0,483,2590,California
San Francisco,2020-12-21,1161,3751,1161,3750,0,1,0,0,1161,3751,0,0,1161,3751,California
San Francisco,2020-12-22,1403,5154,1369,5119,34,35,0,0,1403,5154,0,0,1403,5154,California
San Francisco,2020-12-23,1337,6491,1048,6167,289,324,0,0,1337,6491,0,0,1337,6491,California
San Francisco,2020-12-24,841,7332,503,6670,338,662,0,0,841,7332,0,0,841,7332,California
San Francisco,2020-12-25,34,7366,29,6699,5,667,0,0,34,7366,0,0,34,7366,California
San Francisco,2020-12-26,245,7611,151,6850,94,761,0,0,245,7611,0,0,245,7611,California
San Francisco,2020-12-27,274,7885,60,6910,214,975,0,0,274,7885,0,0,274,7885,California
San Francisco,2020-12-28,1270,9155,686,7596,584,1559,0,0,1270,9155,0,0,1270,9155,California
San Francisco,2020-12-29,1249,10404,624,8220,625,2184,0,0,1249,10404,0,0,1249,10404,California
San Francisco,2020-12-30,1487,11891,780,9000,707,2891,0,0,1487,11891,0,0,1487,11891,California
San Francisco,2020-12-31,963,12854,410,9410,553,3444,0,0,962,12853,0,0,962,12853,California
San Francisco,2021-01-01,90,12944,71,9481,19,3463,0,0,90,12943,0,0,90,12943,California
San Francisco,2021-01-02,333,13277,301,9782,32,3495,0,0,333,13276,0,0,333,13276,California
San Francisco,2021-01-03,296,13573,103,9885,193,3688,0,0,295,13570,1,1,295,13571,California
San Francisco,2021-01-04,1840,15413,1355,11240,485,4173,0,0,1837,15404,3,4,1837,15408,California
San Francisco,2021-01-05,2231,17644,1416,12656,815,4988,0,0,2196,17567,35,39,2198,17606,California
San Francisco,2021-01-06,1872,19516,1160,13816,712,5700,0,0,1607,18912,263,302,1608,19214,California
San Francisco,2021-01-07,2064,21580,1204,15020,860,6560,0,0,1608,20067,453,755,1608,20822,California
San Francisco,2021-01-08,2330,23910,1634,16654,696,7256,0,0,1493,20728,832,1587,1493,22315,California
San Francisco,2021-01-09,1388,25298,892,17546,496,7752,0,0,884,21110,504,2091,886,23201,California
San Francisco,2021-01-10,919,26217,541,18087,378,8130,0,0,460,21112,458,2549,460,23661,California
San Francisco,2021-01-11,2504,28721,1872,19959,632,8762,0,0,1401,21409,1104,3653,1401,25062,California
San Francisco,2021-01-12,3089,31810,2058,22017,1031,9793,0,0,1895,22113,1194,4847,1898,26960,California
San Francisco,2021-01-13,2827,34637,1601,23618,1226,11019,0,0,1997,23280,830,5677,1997,28957,California
San Francisco,2021-01-14,2445,37082,1102,24720,1343,12362,0,0,1885,24605,560,6237,1885,30842,California
San Francisco,2021-01-15,2748,39830,1148,25868,1600,13962,0,0,2356,26573,390,6627,2358,33200,California
San Francisco,2021-01-16,2254,42084,963,26831,1291,15253,0,0,2087,28494,167,6794,2088,35288,California
San Francisco,2021-01-17,1916,44000,530,27361,1386,16639,0,0,1702,29982,214,7008,1702,36990,California
San Francisco,2021-01-18,1378,45378,593,27954,785,17424,0,0,1114,30835,263,7271,1116,38106,California
San Francisco,2021-01-19,2576,47954,1472,29426,1104,18528,0,0,1827,31913,749,8020,1827,39933,California
San Francisco,2021-01-20,2752,50706,1123,30549,1629,20157,0,0,2001,33167,748,8768,2002,41935,California
San Francisco,2021-01-21,3324,54030,947,31496,2377,22534,0,0,2488,34821,834,9602,2488,44423,California
San Francisco,2021-01-22,3188,57218,644,32140,2544,25078,0,0,2745,37125,441,10043,2745,47168,California
San Francisco,2021-01-23,3090,60308,610,32750,2480,27558,0,0,2724,39485,365,10408,2725,49893,California
San Francisco,2021-01-24,2427,62735,363,33113,2064,29622,0,0,2198,41457,226,10634,2198,52091,California
San Francisco,2021-01-25,4594,67329,1792,34905,2802,32424,0,0,3038,42942,1554,12188,3039,55130,California
San Francisco,2021-01-26,4671,72000,2135,37040,2536,34960,0,0,3079,44434,1589,13777,3081,58211,California
San Francisco,2021-01-27,4431,76431,2075,39115,2356,37316,0,0,3081,46169,1346,15123,3081,61292,California
San Francisco,2021-01-28,3757,80188,1555,40670,2202,39518,0,0,2595,47607,1157,16280,2595,63887,California
San Francisco,2021-01-29,4723,84911,1681,42351,3042,42560,0,0,3453,49797,1263,17543,3453,67340,California
San Francisco,2021-01-30,3774,88685,1839,44190,1935,44495,0,0,3325,52678,448,17991,3329,70669,California
San Francisco,2021-01-31,2351,91036,824,45014,1527,46022,0,0,2199,54727,151,18142,2200,72869,California
San Francisco,2021-02-01,3802,94838,1530,46544,2272,48294,0,0,2894,56714,908,19050,2895,75764,California
San Francisco,2021-02-02,4647,99485,1961,48505,2686,50980,0,0,2888,57849,1753,20803,2888,78652,California
San Francisco,2021-02-03,5058,104543,2367,50872,2691,53671,0,0,3751,60296,1305,22108,3752,82404,California
San Francisco,2021-02-04,5033,109576,2438,53310,2595,56266,0,0,3865,62995,1166,23274,3865,86269,California
San Francisco,2021-02-05,5949,115525,3205,56515,2744,59010,0,0,4606,66261,1341,24615,4607,90876,California
San Francisco,2021-02-06,5481,121006,3662,60177,1819,60829,0,0,4584,69951,896,25511,4586,95462,California
San Francisco,2021-02-07,4338,125344,3189,63366,1149,61978,0,0,3762,73143,573,26084,3765,99227,California
San Francisco,2021-02-08,6717,132061,4626,67992,2091,64069,0,0,5500,77444,1201,27285,5502,104729,California
San Francisco,2021-02-09,5931,137992,3990,71982,1941,66010,0,0,4385,80275,1555,28840,4386,109115,California
San Francisco,2021-02-10,6872,144864,4181,76163,2691,68701,0,0,5070,83551,1797,30637,5073,114188,California
San Francisco,2021-02-11,6718,151582,3984,80147,2734,71435,0,0,4897,86633,1816,32453,4898,119086,California
San Francisco,2021-02-12,5319,156901,2669,82816,2650,74085,0,0,3485,88282,1836,34289,3485,122571,California
San Francisco,2021-02-13,4369,161270,2554,85370,1815,75900,0,0,3042,89999,1327,35616,3044,125615,California
San Francisco,2021-02-14,3425,164695,2250,87620,1175,77075,0,0,2300,91176,1125,36741,2302,127917,California
San Francisco,2021-02-15,2775,167470,1508,89128,1267,78342,0,0,1679,91761,1094,37835,1679,129596,California
San Francisco,2021-02-16,5020,172490,2749,91877,2271,80613,0,0,2963,92680,2050,39885,2969,132565,California
San Francisco,2021-02-17,5413,177903,2687,94564,2726,83339,0,0,2964,93226,2419,42304,2965,135530,California
San Francisco,2021-02-18,5379,183282,2637,97201,2742,86081,0,0,2791,93436,2584,44888,2794,138324,California
San Francisco,2021-02-19,5635,188917,2645,99846,2990,89071,0,0,2928,93665,2701,47589,2930,141254,California
San Francisco,2021-02-20,4527,193444,2180,102026,2347,91418,0,0,1704,92555,2815,50404,1705,142959,California
San Francisco,2021-02-21,2885,196329,1514,103540,1371,92789,0,0,1281,92240,1597,52001,1282,144241,California
San Francisco,2021-02-22,5108,201437,3181,106721,1927,94716,0,0,2573,92288,2527,54528,2575,146816,California
San Francisco,2021-02-23,5534,206971,3156,109877,2378,97094,0,0,2834,92428,2694,57222,2834,149650,California
San Francisco,2021-02-24,9022,215993,5121,114998,3901,100995,0,0,4827,93071,4185,61407,4828,154478,California
San Francisco,2021-02-25,9794,225787,6883,121881,2911,103906,0,0,6331,95944,3460,64867,6333,160811,California
San Francisco,2021-02-26,11956,237743,7761,129642,4195,108101,0,0,7086,98160,4871,69738,7087,167898,California
San Francisco,2021-02-27,9232,246975,5987,135629,3244,111345,1,1,4639,98223,4578,74316,4641,172539,California
San Francisco,2021-02-28,7747,254722,5567,141196,2180,113525,0,1,3849,98177,3896,78212,3850,176389,California
San Francisco,2021-03-01,10999,265721,7477,148673,3519,117044,3,4,5316,97839,5660,83872,5322,181711,California
San Francisco,2021-03-02,9943,275664,6718,155391,3225,120269,0,4,5639,99184,4295,88167,5640,187351,California
San Francisco,2021-03-03,11240,286904,6535,161926,4704,124973,1,5,6134,100227,5095,93262,6138,193489,California
San Francisco,2021-03-04,8747,295651,5511,167437,3236,128209,0,5,4934,101355,3806,97068,4934,198423,California
San Francisco,2021-03-05,9193,304844,5642,173079,3547,131756,4,9,5756,103696,3420,100488,5761,204184,California
San Francisco,2021-03-06,7108,311952,4652,177731,2247,134003,209,218,4435,105652,2685,103173,4641,208825,California
San Francisco,2021-03-07,5338,317290,4167,181898,1113,135116,58,276,3055,106469,2296,105469,3113,211938,California
San Francisco,2021-03-08,7175,324465,5187,187085,1802,136918,186,462,5609,110668,1596,107065,5795,217733,California
San Francisco,2021-03-09,6753,331218,3967,191052,2410,139328,376,838,4616,113513,2142,109207,4987,222720,California
San Francisco,2021-03-10,10425,341643,5904,196956,4022,143350,499,1337,6361,116333,4041,113248,6861,229581,California
San Francisco,2021-03-11,10052,351695,6360,203316,2729,146079,963,2300,6598,120449,3437,116685,7553,237134,California
San Francisco,2021-03-12,10763,362458,6272,209588,3164,149243,1327,3627,5981,122995,4758,121443,7304,244438,California
San Francisco,2021-03-13,6594,369052,3838,213426,1695,150938,1061,4688,4077,125624,2507,123950,5136,249574,California
San Francisco,2021-03-14,7490,376542,4841,218267,2406,153344,243,4931,3908,126208,3567,127517,4151,253725,California
San Francisco,2021-03-15,11948,388490,9110,227377,1896,155240,942,5873,8267,131740,3668,131185,9200,262925,California
San Francisco,2021-03-16,12088,400578,8209,235586,3419,158659,460,6333,8727,137585,3341,134526,9186,272111,California
San Francisco,2021-03-17,13212,413790,8155,243741,4498,163157,559,6892,9500,143958,3682,138208,10055,282166,California
San Francisco,2021-03-18,9978,423768,6760,250501,2597,165754,621,7513,5677,145977,4275,142483,6294,288460,California
San Francisco,2021-03-19,12041,435809,8716,259217,2860,168614,465,7978,6397,147216,5618,148101,6857,295317,California
San Francisco,2021-03-20,8725,444534,6388,265605,1877,170491,460,8438,5088,149159,3607,151708,5550,300867,California
San Francisco,2021-03-21,6457,450991,5906,271511,415,170906,136,8574,3668,150190,2772,154480,3803,304670,California
San Francisco,2021-03-22,9756,460747,6846,278357,2067,172973,843,9417,5077,151449,4655,159135,5914,310584,California
San Francisco,2021-03-23,11156,471903,7369,285726,3139,176112,648,10065,6271,153511,4854,163989,6916,317500,California
San Francisco,2021-03-24,12292,484195,9398,295124,2358,178470,536,10601,6235,154261,6017,170006,6767,324267,California
San Francisco,2021-03-25,11827,496022,8651,303775,2613,181083,563,11164,5857,154775,5902,175908,6416,330683,California
San Francisco,2021-03-26,11869,507891,8204,311979,3435,184518,230,11394,5848,154862,5989,181897,6076,336759,California
San Francisco,2021-03-27,8651,516542,5767,317746,2536,187054,348,11742,3723,154024,4908,186805,4070,340829,California
San Francisco,2021-03-28,6583,523125,5245,322991,1296,188350,42,11784,3016,153536,3543,190348,3055,343884,California
San Francisco,2021-03-29,11383,534508,7883,330874,3317,191667,183,11967,5093,152547,6263,196611,5274,349158,California
San Francisco,2021-03-30,11513,546021,7188,338062,4035,195702,290,12257,6839,155031,4649,201260,7133,356291,California
San Francisco,2021-03-31,12129,558150,8041,346103,3792,199494,296,12553,5560,154346,6536,207796,5851,362142,California
San Francisco,2021-04-01,13825,571975,7341,353444,4828,204322,1656,14209,6026,154250,7767,215563,7671,369813,California
San Francisco,2021-04-02,14675,586650,6468,359912,6387,210709,1820,16029,6929,155267,7725,223288,8742,378555,California
San Francisco,2021-04-03,10459,597109,4817,364729,3841,214550,1801,17830,4852,156324,5593,228881,6650,385205,California
San Francisco,2021-04-04,9037,606146,4786,369515,2595,217145,1656,19486,3646,156251,5378,234259,5305,390510,California
San Francisco,2021-04-05,15958,622104,9770,379285,4311,221456,1877,21363,6386,154963,9544,243803,8256,398766,California
San Francisco,2021-04-06,15999,638103,9486,388771,4456,225912,2057,23420,6303,153643,9673,253476,8353,407119,California
San Francisco,2021-04-07,16756,654859,9970,398741,4560,230472,2226,25646,7043,153205,9691,263167,9253,416372,California
San Francisco,2021-04-08,14124,668983,6720,405461,3009,233481,4395,30041,4648,152781,9445,272612,9021,425393,California
San Francisco,2021-04-09,15717,684700,7599,413060,4783,238264,3335,33376,6678,153769,9008,281620,9996,435389,California
San Francisco,2021-04-10,13224,697924,5660,418720,5830,244094,1734,35110,7115,156524,6084,287704,8839,444228,California
San Francisco,2021-04-11,9975,707899,7471,426191,1334,245428,1170,36280,5206,158140,4758,292462,6374,450602,California
San Francisco,2021-04-12,10592,718491,6878,433069,2566,247994,1148,37428,4878,158469,5692,298154,6021,456623,California
San Francisco,2021-04-13,10727,729218,7283,440352,3431,251425,13,37441,5438,158656,5268,303422,5455,462078,California
San Francisco,2021-04-14,13256,742474,7985,448337,5270,256695,1,37442,6409,158253,6813,310235,6410,468488,California
San Francisco,2021-04-15,13689,756163,9505,457842,4183,260878,1,37443,8072,160744,5585,315820,8076,476564,California
San Francisco,2021-04-16,12907,769070,8690,466532,4173,265051,44,37487,7663,163238,5217,321037,7711,484275,California
San Francisco,2021-04-17,10026,779096,7297,473829,2728,267779,1,37488,7096,167427,2912,323949,7101,491376,California
San Francisco,2021-04-18,6591,785687,5038,478867,1551,269330,2,37490,4096,169049,2478,326427,4100,495476,California
San Francisco,2021-04-19,10853,796540,8153,487020,2696,272026,4,37494,6983,172192,3854,330281,6997,502473,California
San Francisco,2021-04-20,12297,808837,7194,494214,5102,277128,1,37495,8488,176897,3786,334067,8491,510964,California
San Francisco,2021-04-21,10523,819360,7522,501736,2997,280125,4,37499,6411,179226,4090,338157,6419,517383,California
San Francisco,2021-04-22,10400,829760,7705,509441,2694,282819,1,37500,6003,180865,4371,342528,6010,523393,California
San Francisco,2021-04-23,10330,840090,5943,515384,4387,287206,0,37500,6164,182898,4138,346666,6171,529564,California
San Francisco,2021-04-24,7971,848061,5496,520880,2475,289681,0,37500,4739,184432,3213,349879,4747,534311,California
San Francisco,2021-04-25,5039,853100,4343,525223,690,290371,6,37506,2956,185328,2069,351948,2965,537276,California
San Francisco,2021-04-26,7884,860984,5610,530833,2262,292633,12,37518,3895,185283,3964,355912,3919,541195,California
San Francisco,2021-04-27,8448,869432,5718,536551,2602,295235,128,37646,4216,185430,4207,360119,4354,545549,California
San Francisco,2021-04-28,9241,878673,6521,543072,2529,297764,191,37837,4770,185950,4446,364565,4966,550515,California
San Francisco,2021-04-29,9097,887770,5385,548457,3519,301283,193,38030,4375,185832,4698,369263,4580,555095,California
San Francisco,2021-04-30,10852,898622,5189,553646,5463,306746,200,38230,3985,183192,6830,376093,4190,559285,California
San Francisco,2021-05-01,6919,905541,3580,557226,3226,309972,113,38343,1704,179819,5192,381285,1819,561104,California
San Francisco,2021-05-02,5314,910855,3083,560309,2133,312105,98,38441,971,176557,4334,385619,1072,562176,California
San Francisco,2021-05-03,9640,920495,6583,566892,2896,315001,161,38602,2465,172044,7147,392766,2634,564810,California
San Francisco,2021-05-04,9304,929799,5973,572865,3081,318082,250,38852,2277,167579,6998,399764,2533,567343,California
San Francisco,2021-05-05,8738,938537,6127,578992,2302,320384,309,39161,2145,163490,6548,406312,2459,569802,California
San Francisco,2021-05-06,10708,949245,8562,587554,1677,322061,469,39630,1862,157009,8815,415127,2334,572136,California
San Francisco,2021-05-07,10084,959329,6452,594006,3364,325425,268,39898,1635,150488,8424,423551,1903,574039,California
San Francisco,2021-05-08,8361,967690,3543,597549,4688,330113,130,40028,985,144259,7345,430896,1116,575155,California
San Francisco,2021-05-09,6691,974381,5828,603377,781,330894,82,40110,1221,140110,5446,436342,1297,576452,California
San Francisco,2021-05-10,6890,981271,4901,608278,1741,332635,248,40358,1023,135541,5839,442181,1270,577722,California
San Francisco,2021-05-11,7071,988342,5089,613367,1778,334413,204,40562,1352,131410,5689,447870,1558,579280,California
San Francisco,2021-05-12,7360,995702,5295,618662,1627,336040,438,41000,1483,127473,5849,453719,1912,581192,California
San Francisco,2021-05-13,10074,1005776,7337,625999,2533,338573,204,41204,3643,124915,6408,460127,3850,585042,California
San Francisco,2021-05-14,9225,1015001,6542,632541,2519,341092,164,41368,2970,121834,6228,466355,3147,588189,California
San Francisco,2021-05-15,7694,1022695,6221,638762,1415,342507,58,41426,2977,120186,4695,471050,3047,591236,California
San Francisco,2021-05-16,3581,1026276,3122,641884,434,342941,25,41451,1250,119143,2318,473368,1275,592511,California
San Francisco,2021-05-17,5802,1032078,4222,646106,1407,344348,173,41624,1838,117207,3951,477319,2015,594526,California
San Francisco,2021-05-18,6130,1038208,3186,649292,2833,347181,111,41735,986,113183,5120,482439,1096,595622,California
San Joaquin,2020-12-15,12,12,12,12,0,0,0,0,12,12,0,0,12,12,California
San Joaquin,2020-12-16,307,319,307,319,0,0,0,0,307,319,0,0,307,319,California
San Joaquin,2020-12-17,312,631,312,631,0,0,0,0,312,631,0,0,312,631,California
San Joaquin,2020-12-18,523,1154,519,1150,4,4,0,0,523,1154,0,0,523,1154,California
San Joaquin,2020-12-19,188,1342,188,1338,0,4,0,0,188,1342,0,0,188,1342,California
San Joaquin,2020-12-20,113,1455,112,1450,1,5,0,0,113,1455,0,0,113,1455,California
San Joaquin,2020-12-21,491,1946,491,1941,0,5,0,0,491,1946,0,0,491,1946,California
San Joaquin,2020-12-22,967,2913,847,2788,120,125,0,0,966,2912,0,0,966,2912,California
San Joaquin,2020-12-23,978,3891,919,3707,59,184,0,0,976,3888,0,0,976,3888,California
San Joaquin,2020-12-24,215,4106,187,3894,28,212,0,0,214,4102,0,0,214,4102,California
San Joaquin,2020-12-25,14,4120,14,3908,0,212,0,0,14,4116,0,0,14,4116,California
San Joaquin,2020-12-26,101,4221,29,3937,72,284,0,0,101,4217,0,0,101,4217,California
San Joaquin,2020-12-27,42,4263,29,3966,13,297,0,0,42,4259,0,0,42,4259,California
San Joaquin,2020-12-28,621,4884,420,4386,201,498,0,0,621,4880,0,0,621,4880,California
San Joaquin,2020-12-29,798,5682,672,5058,126,624,0,0,798,5678,0,0,798,5678,California
San Joaquin,2020-12-30,1008,6690,716,5774,292,916,0,0,1006,6684,0,0,1006,6684,California
San Joaquin,2020-12-31,454,7144,203,5977,251,1167,0,0,454,7138,0,0,454,7138,California
San Joaquin,2021-01-01,22,7166,13,5990,9,1176,0,0,22,7160,0,0,22,7160,California
San Joaquin,2021-01-02,262,7428,240,6230,22,1198,0,0,262,7422,0,0,262,7422,California
San Joaquin,2021-01-03,37,7465,19,6249,18,1216,0,0,36,7457,1,1,36,7458,California
San Joaquin,2021-01-04,477,7942,338,6587,139,1355,0,0,475,7931,1,2,475,7933,California
San Joaquin,2021-01-05,979,8921,647,7234,332,1687,0,0,810,8609,169,171,847,8780,California
San Joaquin,2021-01-06,1220,10141,707,7941,513,2200,0,0,917,9231,298,469,920,9700,California
San Joaquin,2021-01-07,1077,11218,681,8622,396,2596,0,0,788,9734,286,755,789,10489,California
San Joaquin,2021-01-08,1193,12411,820,9442,373,2969,0,0,708,9962,484,1239,712,11201,California
San Joaquin,2021-01-09,376,12787,300,9742,76,3045,0,0,247,10080,129,1368,247,11448,California
San Joaquin,2021-01-10,223,13010,115,9857,108,3153,0,0,171,10199,52,1420,171,11619,California
San Joaquin,2021-01-11,1526,14536,1320,11177,206,3359,0,0,862,10465,663,2083,929,12548,California
San Joaquin,2021-01-12,1460,15996,1051,12228,409,3768,0,0,691,10461,765,2848,761,13309,California
San Joaquin,2021-01-13,1529,17525,894,13122,635,4403,0,0,957,10852,571,3419,962,14271,California
San Joaquin,2021-01-14,1653,19178,880,14002,773,5176,0,0,1314,11863,318,3737,1329,15600,California
San Joaquin,2021-01-15,1604,20782,622,14624,982,6158,0,0,1381,13051,208,3945,1396,16996,California
San Joaquin,2021-01-16,1143,21925,193,14817,950,7108,0,0,1115,14139,27,3972,1115,18111,California
San Joaquin,2021-01-17,1613,23538,130,14947,1483,8591,0,0,1574,15676,39,4011,1576,19687,California
San Joaquin,2021-01-18,739,24277,238,15185,501,9092,0,0,619,16179,116,4127,619,20306,California
San Joaquin,2021-01-19,1870,26147,897,16082,973,10065,0,0,1189,16698,676,4803,1195,21501,California
San Joaquin,2021-01-20,2083,28230,1285,17367,798,10863,0,0,1430,17486,648,5451,1436,22937,California
San Joaquin,2021-01-21,1974,30204,898,18265,1076,11939,0,0,1577,18681,390,5841,1585,24522,California
San Joaquin,2021-01-22,1968,32172,914,19179,1054,12993,0,0,1825,20370,138,5979,1827,26349,California
San Joaquin,2021-01-23,905,33077,403,19582,502,13495,0,0,619,20706,285,6264,621,26970,California
San Joaquin,2021-01-24,351,33428,135,19717,216,13711,0,0,328,21014,20,6284,328,27298,California
San Joaquin,2021-01-25,1993,35421,1141,20858,852,14563,0,0,1430,21887,560,6844,1433,28731,California
San Joaquin,2021-01-26,2148,37569,1116,21974,1032,15595,0,0,1538,22824,606,7450,1543,30274,California
San Joaquin,2021-01-27,1729,39298,768,22742,961,16556,0,0,1234,23573,491,7941,1240,31514,California
San Joaquin,2021-01-28,2031,41329,764,23506,1267,17823,0,0,1381,24312,646,8587,1385,32899,California
San Joaquin,2021-01-29,2147,43476,1045,24551,1102,18925,0,0,1800,25778,342,8929,1808,34707,California
San Joaquin,2021-01-30,2166,45642,349,24900,1817,20742,0,0,1990,27596,174,9103,1992,36699,California
San Joaquin,2021-01-31,1557,47199,179,25079,1378,22120,0,0,1494,29029,62,9165,1495,38194,California
San Joaquin,2021-02-01,2496,49695,1315,26394,1181,23301,0,0,1760,30057,735,9900,1763,39957,California
San Joaquin,2021-02-02,2592,52287,1173,27567,1419,24720,0,0,1967,31462,566,10466,1971,41928,California
San Joaquin,2021-02-03,3069,55356,1214,28781,1855,26575,0,0,2205,32816,857,11323,2211,44139,California
San Joaquin,2021-02-04,3441,58797,1719,30500,1722,28297,0,0,2631,34648,805,12128,2637,46776,California
San Joaquin,2021-02-05,3219,62016,1861,32361,1358,29655,0,0,2355,36151,857,12985,2360,49136,California
San Joaquin,2021-02-06,1125,63141,788,33149,337,29992,0,0,947,36925,175,13160,949,50085,California
San Joaquin,2021-02-07,617,63758,488,33637,129,30121,0,0,413,37143,196,13356,414,50499,California
San Joaquin,2021-02-08,1782,65540,1034,34671,748,30869,0,0,1443,38276,316,13672,1449,51948,California
San Joaquin,2021-02-09,2102,67642,1140,35811,962,31831,0,0,1572,39390,460,14132,1574,53522,California
San Joaquin,2021-02-10,2559,70201,1250,37061,1309,33140,0,0,1336,39533,1193,15325,1336,54858,California
San Joaquin,2021-02-11,2931,73132,1504,38565,1427,34567,0,0,1716,40070,1184,16509,1721,56579,California
San Joaquin,2021-02-12,2824,75956,1140,39705,1684,36251,0,0,1588,40446,1217,17726,1593,58172,California
San Joaquin,2021-02-13,2121,78077,400,40105,1721,37972,0,0,857,40059,1250,18976,863,59035,California
San Joaquin,2021-02-14,1904,79981,262,40367,1642,39614,0,0,691,39564,1187,20163,692,59727,California
San Joaquin,2021-02-15,1985,81966,838,41205,1147,40761,0,0,1193,39999,762,20925,1197,60924,California
San Joaquin,2021-02-16,3151,85117,1372,42577,1779,42540,0,0,1741,40352,1396,22321,1749,62673,California
San Joaquin,2021-02-17,3272,88389,1265,43842,2007,44547,0,0,1866,40828,1394,23715,1870,64543,California
San Joaquin,2021-02-18,3327,91716,1369,45211,1958,46505,0,0,1897,41332,1398,25113,1902,66445,California
San Joaquin,2021-02-19,4252,95968,2405,47616,1847,48352,0,0,2382,41899,1815,26928,2382,68827,California
San Joaquin,2021-02-20,1546,97514,655,48271,891,49243,0,0,1054,42462,491,27419,1054,69881,California
San Joaquin,2021-02-21,657,98171,498,48769,159,49402,0,0,412,42634,242,27661,414,70295,California
San Joaquin,2021-02-22,3528,101699,2488,51257,1040,50442,0,0,2521,44183,976,28637,2525,72820,California
San Joaquin,2021-02-23,4297,105996,2615,53872,1682,52124,0,0,2644,45208,1623,30260,2648,75468,California
San Joaquin,2021-02-24,5720,111716,3405,57277,2315,54439,0,0,4109,47732,1587,31847,4111,79579,California
San Joaquin,2021-02-25,6313,118029,3899,61176,2414,56853,0,0,4078,49617,2203,34050,4088,83667,California
San Joaquin,2021-02-26,5468,123497,2851,64027,2617,59470,0,0,3756,51700,1679,35729,3762,87429,California
San Joaquin,2021-02-27,5451,128948,1622,65649,3829,63299,0,0,2622,51555,2779,38508,2634,90063,California
San Joaquin,2021-02-28,3081,132029,1106,66755,1975,65274,0,0,2034,52568,1023,39531,2036,92099,California
San Joaquin,2021-03-01,4090,136119,1801,68556,2288,67562,1,1,2319,53140,1755,41286,2327,94426,California
San Joaquin,2021-03-02,4198,140317,1679,70235,2519,70081,0,1,2640,54297,1538,42824,2695,97121,California
San Joaquin,2021-03-03,5762,146079,3422,73657,2338,72419,2,3,4156,56874,1580,44404,4157,101278,California
San Joaquin,2021-03-04,5701,151780,2266,75923,3432,75851,3,6,3726,58644,1960,46364,3730,105008,California
San Joaquin,2021-03-05,4426,156206,1876,77799,2545,78396,5,11,3050,60343,1360,47724,3059,108067,California
San Joaquin,2021-03-06,3291,159497,2172,79971,989,79385,130,141,2706,62600,582,48306,2839,110906,California
San Joaquin,2021-03-07,1212,160709,561,80532,605,79990,46,187,929,63295,265,48571,960,111866,California
San Joaquin,2021-03-08,3132,163841,1254,81786,1753,81743,125,312,2121,64541,999,49570,2245,114111,California
San Joaquin,2021-03-09,3971,167812,1781,83567,2063,83806,127,439,2629,65975,1326,50896,2760,116871,California
San Joaquin,2021-03-10,4637,172449,2464,86031,2035,85841,138,577,3413,68317,1210,52106,3552,120423,California
San Joaquin,2021-03-11,4932,177381,2341,88372,1991,87832,600,1177,2932,69864,1990,54096,3537,123960,California
San Joaquin,2021-03-12,6261,183642,3127,91499,2802,90634,332,1509,4152,72269,2086,56182,4491,128451,California
San Joaquin,2021-03-13,3057,186699,1449,92948,1481,92115,127,1636,2286,73924,764,56946,2419,130870,California
San Joaquin,2021-03-14,2154,188853,668,93616,1183,93298,303,1939,1023,74130,1125,58071,1331,132201,California
San Joaquin,2021-03-15,6055,194908,3485,97101,2166,95464,404,2343,3171,74861,2857,60928,3588,135789,California
San Joaquin,2021-03-16,6830,201738,3886,100987,2688,98152,256,2599,4027,76365,2787,63715,4291,140080,California
San Joaquin,2021-03-17,7780,209518,4661,105648,3049,101201,70,2669,4323,77346,3421,67136,4402,144482,California
San Joaquin,2021-03-18,7625,217143,4485,110133,2634,103835,506,3175,3771,77815,3815,70951,4284,148766,California
San Joaquin,2021-03-19,7909,225052,4632,114765,2735,106570,542,3717,4795,80109,3091,74042,5385,154151,California
San Joaquin,2021-03-20,3673,228725,2123,116888,1307,107877,243,3960,1823,80352,1835,75877,2078,156229,California
San Joaquin,2021-03-21,2102,230827,1492,118380,404,108281,206,4166,1182,80874,910,76787,1432,157661,California
San Joaquin,2021-03-22,3952,234779,2020,120400,1516,109797,416,4582,2336,82028,1603,78390,2757,160418,California
San Joaquin,2021-03-23,5367,240146,2632,123032,2568,112365,167,4749,3706,84265,1643,80033,3880,164298,California
San Joaquin,2021-03-24,6813,246959,4227,127259,2499,114864,87,4836,3018,83615,3763,83796,3113,167411,California
San Joaquin,2021-03-25,5532,252491,3282,130541,2208,117072,42,4878,3289,84730,2223,86019,3338,170749,California
San Joaquin,2021-03-26,6147,258638,2544,133085,3453,120525,150,5028,3238,85251,2886,88905,3407,174156,California
San Joaquin,2021-03-27,4624,263262,2613,135698,1957,122482,54,5082,1801,84315,2801,91706,1865,176021,California
San Joaquin,2021-03-28,2705,265967,1794,137492,886,123368,25,5107,1288,84308,1398,93104,1391,177412,California
San Joaquin,2021-03-29,4022,269989,2171,139663,1829,125197,22,5129,2021,84379,1986,95090,2057,179469,California
San Joaquin,2021-03-30,6199,276188,3154,142817,2953,128150,92,5221,3447,85210,2727,97817,3558,183027,California
San Joaquin,2021-03-31,6572,282760,4142,146959,2371,130521,59,5280,3334,85405,3221,101038,3416,186443,California
San Joaquin,2021-04-01,6389,289149,2969,149928,3337,133858,83,5363,2829,84833,3542,104580,2970,189413,California
San Joaquin,2021-04-02,6315,295464,2872,152800,2954,136812,489,5852,2521,84104,3771,108351,3042,192455,California
San Joaquin,2021-04-03,4127,299591,2326,155126,1475,138287,326,6178,1994,84314,2116,110467,2326,194781,California
San Joaquin,2021-04-04,2272,301863,1358,156484,712,138999,202,6380,1544,85356,719,111186,1761,196542,California
San Joaquin,2021-04-05,4690,306553,2816,159300,1692,140691,182,6562,2628,86123,2053,113239,2820,199362,California
San Joaquin,2021-04-06,7011,313564,4509,163809,2241,142932,261,6823,3326,86063,3661,116900,3601,202963,California
San Joaquin,2021-04-07,8309,321873,4520,168329,2208,145140,1581,8404,3494,86352,4801,121701,5090,208053,California
San Joaquin,2021-04-08,8646,330519,4691,173020,1933,147073,2022,10426,3307,86366,5315,127016,5329,213382,California
San Joaquin,2021-04-09,8843,339362,4264,177284,3024,150097,1555,11981,3211,85543,5609,132625,4786,218168,California
San Joaquin,2021-04-10,5202,344564,1626,178910,1670,151767,1906,13887,1757,85766,3436,136061,3659,221827,California
San Joaquin,2021-04-11,4070,348634,1545,180455,1359,153126,1166,15053,1764,86396,2295,138356,2925,224752,California
San Joaquin,2021-04-12,5951,354585,2368,182823,2049,155175,1534,16587,2324,86651,3608,141964,3863,228615,California
San Joaquin,2021-04-13,7439,362024,4288,187111,3145,158320,6,16593,4561,88367,2858,144822,4574,233189,California
San Joaquin,2021-04-14,7421,369445,3708,190819,3713,162033,0,16593,4441,89854,2963,147785,4450,237639,California
San Joaquin,2021-04-15,7774,377219,4586,195405,3188,165221,0,16593,4344,90807,3397,151182,4350,241989,California
San Joaquin,2021-04-16,7618,384837,4066,199471,3549,168770,3,16596,4572,92374,3018,154200,4585,246574,California
San Joaquin,2021-04-17,5135,389972,2769,202240,2364,171134,2,16598,3645,94557,1480,155680,3663,250237,California
San Joaquin,2021-04-18,2453,392425,1356,203596,1097,172231,0,16598,1306,94739,1132,156812,1314,251551,California
San Joaquin,2021-04-19,5139,397564,2784,206380,2355,174586,0,16598,2753,95140,2362,159174,2763,254314,California
San Joaquin,2021-04-20,6202,403766,3262,209642,2940,177526,0,16598,2938,94850,3239,162413,2949,257263,California
San Joaquin,2021-04-21,5609,409375,3100,212742,2509,180035,0,16598,2908,95111,2654,165067,2915,260178,California
San Joaquin,2021-04-22,5260,414635,3113,215855,2146,182181,1,16599,3040,95972,2195,167262,3056,263234,California
San Joaquin,2021-04-23,5873,420508,2828,218683,3044,185225,1,16600,3730,97585,2124,169386,3737,266971,California
San Joaquin,2021-04-24,5212,425720,3596,222279,1615,186840,1,16601,3395,99192,1795,171181,3402,270373,California
San Joaquin,2021-04-25,3026,428746,2550,224829,476,187316,0,16601,2000,100191,1007,172188,2006,272379,California
San Joaquin,2021-04-26,3892,432638,2578,227407,1312,188628,2,16603,2041,100400,1838,174026,2047,274426,California
San Joaquin,2021-04-27,4468,437106,2583,229990,1836,190464,49,16652,1877,99762,2572,176598,1934,276360,California
San Joaquin,2021-04-28,5471,442577,3284,233274,2112,192576,75,16727,2683,99771,2757,179355,2766,279126,California
San Joaquin,2021-04-29,4800,447377,2801,236075,1943,194519,56,16783,2426,99906,2353,181708,2488,281614,California
San Joaquin,2021-04-30,4886,452263,2387,238462,2432,196951,67,16850,2511,100134,2358,184066,2586,284200,California
San Joaquin,2021-05-01,3297,455560,1894,240356,1344,198295,59,16909,2089,101093,1202,185268,2161,286361,California
San Joaquin,2021-05-02,2275,457835,1582,241938,638,198933,55,16964,1159,101198,1111,186379,1216,287577,California
San Joaquin,2021-05-03,3212,461047,2156,244094,982,199915,74,17038,1350,100780,1849,188228,1431,289008,California
San Joaquin,2021-05-04,4814,465861,3276,247370,1386,201301,152,17190,1768,99684,3026,191254,1930,290938,California
San Joaquin,2021-05-05,4546,470407,3000,250370,1384,202685,162,17352,1799,98927,2725,193979,1968,292906,California
San Joaquin,2021-05-06,4599,475006,3067,253437,1404,204089,128,17480,2031,98541,2554,196533,2168,295074,California
San Joaquin,2021-05-07,4986,479992,2916,256353,1918,206007,152,17632,1868,97467,3103,199636,2029,297103,California
San Joaquin,2021-05-08,3248,483240,2089,258442,1058,207065,101,17733,1203,96749,2030,201666,1312,298415,California
San Joaquin,2021-05-09,1471,484711,833,259275,568,207633,70,17803,591,96538,877,202543,666,299081,California
San Joaquin,2021-05-10,2755,487466,1456,260731,1177,208810,122,17925,907,95737,1836,204379,1035,300116,California
San Joaquin,2021-05-11,4027,491493,2151,262882,1763,210573,113,18038,1289,94443,2725,207104,1431,301547,California
San Joaquin,2021-05-12,3903,495396,1823,264705,1986,212559,94,18132,1215,93087,2677,209781,1321,302868,California
San Joaquin,2021-05-13,4152,499548,2382,267087,1688,214247,82,18214,1554,92148,2588,212369,1649,304517,California
San Joaquin,2021-05-14,5328,504876,3116,270203,2104,216351,108,18322,2128,91213,3178,215547,2243,306760,California
San Joaquin,2021-05-15,4837,509713,2818,273021,1944,218295,75,18397,1562,89607,3248,218795,1642,308402,California
San Joaquin,2021-05-16,2162,511875,1634,274655,507,218802,21,18418,975,89425,1180,219975,998,309400,California
San Joaquin,2021-05-17,3129,515004,1607,276262,1428,220230,94,18512,1325,89062,1791,221766,1428,310828,California
San Joaquin,2021-05-18,1981,516985,1142,277404,757,220987,82,18594,780,88728,1195,222961,861,311689,California
San Luis Obispo,2020-12-16,4,4,4,4,0,0,0,0,4,4,0,0,4,4,California
San Luis Obispo,2020-12-17,196,200,196,200,0,0,0,0,196,200,0,0,196,200,California
San Luis Obispo,2020-12-18,224,424,224,424,0,0,0,0,224,424,0,0,224,424,California
San Luis Obispo,2020-12-19,162,586,162,586,0,0,0,0,162,586,0,0,162,586,California
San Luis Obispo,2020-12-20,215,801,215,801,0,0,0,0,215,801,0,0,215,801,California
San Luis Obispo,2020-12-21,549,1350,548,1349,1,1,0,0,549,1350,0,0,549,1350,California
San Luis Obispo,2020-12-22,311,1661,307,1656,4,5,0,0,311,1661,0,0,311,1661,California
San Luis Obispo,2020-12-23,683,2344,369,2025,314,319,0,0,683,2344,0,0,683,2344,California
San Luis Obispo,2020-12-24,194,2538,19,2044,175,494,0,0,194,2538,0,0,194,2538,California
San Luis Obispo,2020-12-25,2,2540,1,2045,1,495,0,0,2,2540,0,0,2,2540,California
San Luis Obispo,2020-12-26,89,2629,12,2057,77,572,0,0,89,2629,0,0,89,2629,California
San Luis Obispo,2020-12-27,76,2705,0,2057,76,648,0,0,76,2705,0,0,76,2705,California
San Luis Obispo,2020-12-28,880,3585,430,2487,450,1098,0,0,880,3585,0,0,880,3585,California
San Luis Obispo,2020-12-29,902,4487,502,2989,400,1498,0,0,902,4487,0,0,902,4487,California
San Luis Obispo,2020-12-30,1172,5659,681,3670,491,1989,0,0,1172,5659,0,0,1172,5659,California
San Luis Obispo,2020-12-31,107,5766,4,3674,103,2092,0,0,107,5766,0,0,107,5766,California
San Luis Obispo,2021-01-01,13,5779,8,3682,5,2097,0,0,13,5779,0,0,13,5779,California
San Luis Obispo,2021-01-02,33,5812,8,3690,25,2122,0,0,33,5812,0,0,33,5812,California
San Luis Obispo,2021-01-03,16,5828,6,3696,10,2132,0,0,16,5828,0,0,16,5828,California
San Luis Obispo,2021-01-04,679,6507,525,4221,154,2286,0,0,679,6507,0,0,679,6507,California
San Luis Obispo,2021-01-05,975,7482,757,4978,218,2504,0,0,973,7478,2,2,973,7480,California
San Luis Obispo,2021-01-06,725,8207,480,5458,245,2749,0,0,717,8188,7,9,717,8197,California
San Luis Obispo,2021-01-07,1126,9333,948,6406,178,2927,0,0,683,8428,443,452,683,8880,California
San Luis Obispo,2021-01-08,882,10215,804,7210,78,3005,0,0,513,8573,368,820,513,9393,California
San Luis Obispo,2021-01-09,204,10419,195,7405,9,3014,0,0,27,8423,177,997,27,9420,California
San Luis Obispo,2021-01-10,12,10431,8,7413,4,3018,0,0,8,8427,4,1001,8,9428,California
San Luis Obispo,2021-01-11,559,10990,508,7921,51,3069,0,0,298,8465,260,1261,298,9726,California
San Luis Obispo,2021-01-12,598,11588,381,8302,217,3286,0,0,318,8503,280,1541,318,10044,California
San Luis Obispo,2021-01-13,883,12471,256,8558,627,3913,0,0,644,8910,237,1778,644,10688,California
San Luis Obispo,2021-01-14,729,13200,244,8802,485,4398,0,0,603,9400,113,1891,603,11291,California
San Luis Obispo,2021-01-15,729,13929,288,9090,441,4839,0,0,554,9784,170,2061,554,11845,California
San Luis Obispo,2021-01-16,100,14029,81,9171,19,4858,0,0,95,9874,5,2066,95,11940,California
San Luis Obispo,2021-01-17,67,14096,61,9232,6,4864,0,0,67,9941,0,2066,67,12007,California
San Luis Obispo,2021-01-18,1371,15467,389,9621,982,5846,0,0,1109,10788,262,2328,1109,13116,California
San Luis Obispo,2021-01-19,1584,17051,417,10038,1167,7013,0,0,1176,11556,408,2736,1176,14292,California
San Luis Obispo,2021-01-20,1885,18936,597,10635,1288,8301,0,0,1294,12262,589,3325,1295,15587,California
San Luis Obispo,2021-01-21,1572,20508,467,11102,1105,9406,0,0,1199,13093,369,3694,1200,16787,California
San Luis Obispo,2021-01-22,1521,22029,509,11611,1012,10418,0,0,1206,13986,313,4007,1206,17993,California
San Luis Obispo,2021-01-23,312,22341,294,11905,18,10436,0,0,296,14266,16,4023,296,18289,California
San Luis Obispo,2021-01-24,245,22586,237,12142,8,10444,0,0,239,14499,6,4029,239,18528,California
San Luis Obispo,2021-01-25,2074,24660,606,12748,1468,11912,0,0,1244,14913,830,4859,1244,19772,California
San Luis Obispo,2021-01-26,2004,26664,705,13453,1299,13211,0,0,1136,15181,868,5727,1136,20908,California
San Luis Obispo,2021-01-27,1611,28275,284,13737,1327,14538,0,0,1152,15874,459,6186,1152,22060,California
San Luis Obispo,2021-01-28,1491,29766,343,14080,1148,15686,0,0,1230,16844,260,6446,1230,23290,California
San Luis Obispo,2021-01-29,1735,31501,681,14761,1054,16740,0,0,1451,18011,284,6730,1451,24741,California
San Luis Obispo,2021-01-30,37,31538,18,14779,19,16759,0,0,26,18027,10,6740,26,24767,California
San Luis Obispo,2021-01-31,28,31566,20,14799,8,16767,0,0,25,18049,3,6743,25,24792,California
San Luis Obispo,2021-02-01,1704,33270,738,15537,966,17733,0,0,1402,19150,301,7044,1402,26194,California
San Luis Obispo,2021-02-02,1895,35165,677,16214,1218,18951,0,0,1521,20297,374,7418,1521,27715,California
San Luis Obispo,2021-02-03,1707,36872,729,16943,978,19929,0,0,1294,21178,413,7831,1294,29009,California
San Luis Obispo,2021-02-04,1658,38530,801,17744,857,20786,0,0,1091,21702,567,8398,1091,30100,California
San Luis Obispo,2021-02-05,1602,40132,716,18460,886,21672,0,0,1057,22214,546,8944,1058,31158,California
San Luis Obispo,2021-02-06,159,40291,92,18552,67,21739,0,0,93,22241,66,9010,93,31251,California
San Luis Obispo,2021-02-07,144,40435,99,18651,45,21784,0,0,74,22246,70,9080,75,31326,California
San Luis Obispo,2021-02-08,858,41293,470,19121,388,22172,0,0,498,22385,359,9439,498,31824,California
San Luis Obispo,2021-02-09,1123,42416,449,19570,674,22846,0,0,542,22359,575,10014,549,32373,California
San Luis Obispo,2021-02-10,1432,43848,488,20058,944,23790,0,0,523,21979,906,10920,526,32899,California
San Luis Obispo,2021-02-11,1334,45182,847,20905,487,24277,0,0,656,21961,674,11594,656,33555,California
San Luis Obispo,2021-02-12,786,45968,363,21268,423,24700,0,0,417,22009,369,11963,417,33972,California
San Luis Obispo,2021-02-13,393,46361,127,21395,266,24966,0,0,285,22187,107,12070,285,34257,California
San Luis Obispo,2021-02-14,319,46680,41,21436,278,25244,0,0,282,22433,37,12107,283,34540,California
San Luis Obispo,2021-02-15,727,47407,137,21573,590,25834,0,0,471,22651,253,12360,471,35011,California
San Luis Obispo,2021-02-16,2964,50371,1197,22770,1767,27601,0,0,1360,22413,1598,13958,1360,36371,California
San Luis Obispo,2021-02-17,2777,53148,1238,24008,1539,29140,0,0,1029,21703,1739,15697,1029,37400,California
San Luis Obispo,2021-02-18,2824,55972,1457,25465,1367,30507,0,0,1133,21154,1683,17380,1134,38534,California
San Luis Obispo,2021-02-19,1457,57429,1336,26801,121,30628,0,0,1133,21964,323,17703,1133,39667,California
San Luis Obispo,2021-02-20,252,57681,81,26882,171,30799,0,0,215,22142,37,17740,215,39882,California
San Luis Obispo,2021-02-21,57,57738,53,26935,4,30803,0,0,32,22149,25,17765,32,39914,California
San Luis Obispo,2021-02-22,2410,60148,1863,28798,547,31350,0,0,1465,22670,945,18710,1466,41380,California
San Luis Obispo,2021-02-23,1858,62006,1743,30541,115,31465,0,0,1365,23544,492,19202,1366,42746,California
San Luis Obispo,2021-02-24,2645,64651,1301,31842,1344,32809,0,0,835,22572,1807,21009,835,43581,California
San Luis Obispo,2021-02-25,2130,66781,1243,33085,887,33696,0,0,1206,22862,917,21926,1207,44788,California
San Luis Obispo,2021-02-26,2646,69427,1150,34235,1496,35192,0,0,1327,22878,1311,23237,1327,46115,California
San Luis Obispo,2021-02-27,570,69997,344,34579,226,35418,0,0,523,23354,47,23284,523,46638,California
San Luis Obispo,2021-02-28,200,70197,73,34652,127,35545,0,0,162,23482,34,23318,162,46800,California
San Luis Obispo,2021-03-01,2969,73166,1849,36501,1118,36663,2,2,2043,24601,927,24245,2046,48846,California
San Luis Obispo,2021-03-02,3005,76171,1892,38393,1113,37776,0,2,1859,25319,1142,25387,1860,50706,California
San Luis Obispo,2021-03-03,2283,78454,337,38730,1946,39722,0,2,835,24713,1442,26829,836,51542,California
San Luis Obispo,2021-03-04,2190,80644,1159,39889,1031,40753,0,2,1177,24881,1011,27840,1179,52721,California
San Luis Obispo,2021-03-05,2299,82943,1021,40910,1208,41961,70,72,1295,25258,988,28828,1365,54086,California
San Luis Obispo,2021-03-06,835,83778,309,41219,419,42380,107,179,615,25754,220,29048,716,54802,California
San Luis Obispo,2021-03-07,203,83981,33,41252,86,42466,84,263,72,25783,128,29176,157,54959,California
San Luis Obispo,2021-03-08,2729,86710,755,42007,1659,44125,315,578,1538,26450,1187,30363,1854,56813,California
San Luis Obispo,2021-03-09,2930,89640,956,42963,1726,45851,248,826,1509,26790,1417,31780,1757,58570,California
San Luis Obispo,2021-03-10,3192,92832,1238,44201,1672,47523,282,1108,1816,27516,1372,33152,2098,60668,California
San Luis Obispo,2021-03-11,3162,95994,1273,45474,1566,49089,323,1431,1734,28153,1419,34571,2056,62724,California
San Luis Obispo,2021-03-12,3247,99241,1281,46755,1628,50717,338,1769,1617,28489,1622,36193,1958,64682,California
San Luis Obispo,2021-03-13,795,100036,263,47018,423,51140,109,1878,432,28667,362,36555,540,65222,California
San Luis Obispo,2021-03-14,514,100550,53,47071,350,51490,111,1989,134,28533,379,36934,245,65467,California
San Luis Obispo,2021-03-15,3056,103606,1096,48167,1862,53352,98,2087,1529,28638,1523,38457,1628,67095,California
San Luis Obispo,2021-03-16,2848,106454,1509,49676,1229,54581,110,2197,1436,28777,1406,39863,1545,68640,California
San Luis Obispo,2021-03-17,3423,109877,1447,51123,1715,56296,261,2458,1977,29579,1435,41298,2237,70877,California
San Luis Obispo,2021-03-18,2813,112690,1448,52571,1151,57447,214,2672,1339,29662,1469,42767,1552,72429,California
San Luis Obispo,2021-03-19,2584,115274,1562,54133,701,58148,321,2993,957,29323,1619,44386,1280,73709,California
San Luis Obispo,2021-03-20,834,116108,496,54629,301,58449,37,3030,383,29293,450,44836,420,74129,California
San Luis Obispo,2021-03-21,187,116295,45,54674,139,58588,3,3033,157,29424,29,44865,160,74289,California
San Luis Obispo,2021-03-22,2684,118979,1169,55843,1467,60055,48,3081,1862,30517,817,45682,1910,76199,California
San Luis Obispo,2021-03-23,3371,122350,2210,58053,1130,61185,31,3112,2261,31703,1106,46788,2292,78491,California
San Luis Obispo,2021-03-24,3507,125857,2136,60189,1286,62471,85,3197,2614,33513,888,47676,2698,81189,California
San Luis Obispo,2021-03-25,3669,129526,2294,62483,1363,63834,12,3209,2630,35120,1034,48710,2641,83830,California
San Luis Obispo,2021-03-26,3178,132704,1758,64241,988,64822,432,3641,1779,35938,1393,50103,2211,86041,California
San Luis Obispo,2021-03-27,993,133697,507,64748,394,65216,92,3733,452,35943,539,50642,544,86585,California
San Luis Obispo,2021-03-28,444,134141,152,64900,236,65452,56,3789,243,36041,201,50843,299,86884,California
San Luis Obispo,2021-03-29,2579,136720,1277,66177,1169,66621,133,3922,1650,36909,915,51758,1783,88667,California
San Luis Obispo,2021-03-30,3500,140220,1909,68086,1449,68070,142,4064,2341,38236,1154,52912,2481,91148,California
San Luis Obispo,2021-03-31,3872,144092,2461,70547,1264,69334,147,4211,2501,39522,1361,54273,2647,93795,California
San Luis Obispo,2021-04-01,3840,147932,2423,72970,1300,70634,117,4328,2692,41198,1137,55410,2813,96608,California
San Luis Obispo,2021-04-02,1742,149674,686,73656,744,71378,312,4640,943,41653,798,56208,1253,97861,California
San Luis Obispo,2021-04-03,1110,150784,558,74214,425,71803,127,4767,492,41658,614,56822,619,98480,California
San Luis Obispo,2021-04-04,382,151166,130,74344,212,72015,40,4807,235,41786,147,56969,275,98755,California
San Luis Obispo,2021-04-05,3603,154769,1944,76288,1549,73564,110,4917,2028,42351,1572,58541,2137,100892,California
San Luis Obispo,2021-04-06,4025,158794,2146,78434,1556,75120,323,5240,1941,42540,2076,60617,2265,103157,California
San Luis Obispo,2021-04-07,4285,163079,2337,80771,1585,76705,363,5603,2460,43550,1811,62428,2821,105978,California
San Luis Obispo,2021-04-08,4026,167105,2192,82963,1432,78137,402,6005,2169,44271,1850,64278,2571,108549,California
San Luis Obispo,2021-04-09,3643,170748,1734,84697,1155,79292,754,6759,1519,44424,2115,66393,2268,110817,California
San Luis Obispo,2021-04-10,1572,172320,557,85254,351,79643,664,7423,483,44480,1089,67482,1145,111962,California
San Luis Obispo,2021-04-11,313,172633,64,85318,186,79829,63,7486,126,44484,185,67667,189,112151,California
San Luis Obispo,2021-04-12,3373,176006,1698,87016,1512,81341,163,7649,1414,44101,1959,69626,1576,113727,California
San Luis Obispo,2021-04-13,3636,179642,2095,89111,1540,82881,1,7650,1966,44402,1667,71293,1968,115695,California
San Luis Obispo,2021-04-14,2854,182496,1687,90798,1164,84045,3,7653,1666,44891,1177,72470,1666,117361,California
San Luis Obispo,2021-04-15,3685,186181,2396,93194,1288,85333,1,7654,1971,45168,1696,74166,1973,119334,California
San Luis Obispo,2021-04-16,3616,189797,2201,95395,1412,86745,3,7657,1808,45172,1805,75971,1809,121143,California
San Luis Obispo,2021-04-17,1098,190895,433,95828,663,87408,2,7659,717,45511,380,76351,719,121862,California
San Luis Obispo,2021-04-18,321,191216,100,95928,220,87628,1,7660,111,45415,207,76558,111,121973,California
San Luis Obispo,2021-04-19,3127,194343,1285,97213,1804,89432,38,7698,1154,44638,1970,78528,1193,123166,California
San Luis Obispo,2021-04-20,3509,197852,1935,99148,1574,91006,0,7698,1331,43803,2166,80694,1331,124497,California
San Luis Obispo,2021-04-21,3902,201754,1792,100940,2110,93116,0,7698,1610,43140,2273,82967,1610,126107,California
San Luis Obispo,2021-04-22,4574,206328,2058,102998,2516,95632,0,7698,1473,41528,3087,86054,1475,127582,California
San Luis Obispo,2021-04-23,1464,207792,849,103847,611,96243,4,7702,701,41483,757,86811,712,128294,California
San Luis Obispo,2021-04-24,1080,208872,442,104289,619,96862,19,7721,494,41415,581,87392,513,128807,California
San Luis Obispo,2021-04-25,347,209219,164,104453,183,97045,0,7721,115,41299,231,87623,115,128922,California
San Luis Obispo,2021-04-26,968,210187,341,104794,610,97655,17,7738,363,41085,593,88216,379,129301,California
San Luis Obispo,2021-04-27,3693,213880,1911,106705,1713,99368,69,7807,1429,40326,2257,90473,1498,130799,California
San Luis Obispo,2021-04-28,3726,217606,2087,108792,1567,100935,72,7879,1286,39257,2427,92900,1358,132157,California
San Luis Obispo,2021-04-29,3656,221262,2109,110901,1477,102412,70,7949,1210,38107,2433,95333,1283,133440,California
San Luis Obispo,2021-04-30,2963,224225,1660,112561,1230,103642,73,8022,927,37086,2022,97355,1001,134441,California
San Luis Obispo,2021-05-01,466,224691,158,112719,272,103914,36,8058,97,36853,365,97720,132,134573,California
San Luis Obispo,2021-05-02,169,224860,52,112771,97,104011,20,8078,42,36788,127,97847,62,134635,California
San Luis Obispo,2021-05-03,885,225745,288,113059,494,104505,103,8181,225,36455,659,98506,326,134961,California
San Luis Obispo,2021-05-04,2923,228668,1895,114954,964,105469,64,8245,866,35333,2050,100556,928,135889,California
San Luis Obispo,2021-05-05,2803,231471,1850,116804,886,106355,67,8312,693,33995,2099,102655,761,136650,California
San Luis Obispo,2021-05-06,2786,234257,1885,118689,849,107204,52,8364,729,32734,2042,104697,781,137431,California
San Luis Obispo,2021-05-07,2306,236563,1750,120439,495,107699,61,8425,608,31726,1678,106375,670,138101,California
San Luis Obispo,2021-05-08,566,237129,333,120772,209,107908,24,8449,190,31582,358,106733,214,138315,California
San Luis Obispo,2021-05-09,164,237293,41,120813,104,108012,19,8468,46,31530,117,106850,65,138380,California
San Luis Obispo,2021-05-10,717,238010,150,120963,520,108532,47,8515,154,31172,558,107408,200,138580,California
San Luis Obispo,2021-05-11,1167,239177,596,121559,501,109033,70,8585,360,30799,803,108211,430,139010,California
San Luis Obispo,2021-05-12,2347,241524,1570,123129,694,109727,83,8668,682,29914,1650,109861,765,139775,California
San Luis Obispo,2021-05-13,1017,242541,635,123764,323,110050,59,8727,427,29812,587,110448,485,140260,California
San Luis Obispo,2021-05-14,2191,244732,1617,125381,532,110582,42,8769,936,29551,1239,111687,978,141238,California
San Luis Obispo,2021-05-15,974,245706,451,125832,491,111073,32,8801,454,29521,517,112204,487,141725,California
San Luis Obispo,2021-05-16,125,245831,83,125915,35,111108,7,8808,85,29575,38,112242,92,141817,California
San Luis Obispo,2021-05-17,1616,247447,964,126879,599,111707,53,8861,650,29321,957,113199,703,142520,California
San Luis Obispo,2021-05-18,864,248311,509,127388,349,112056,6,8867,362,29191,499,113698,369,142889,California
San Mateo,2020-12-15,26,26,26,26,0,0,0,0,26,26,0,0,26,26,California
San Mateo,2020-12-16,111,137,111,137,0,0,0,0,111,137,0,0,111,137,California
San Mateo,2020-12-17,164,301,164,301,0,0,0,0,164,301,0,0,164,301,California
San Mateo,2020-12-18,743,1044,741,1042,2,2,0,0,743,1044,0,0,743,1044,California
San Mateo,2020-12-19,516,1560,516,1558,0,2,0,0,516,1560,0,0,516,1560,California
San Mateo,2020-12-20,510,2070,509,2067,1,3,0,0,510,2070,0,0,510,2070,California
San Mateo,2020-12-21,1156,3226,1156,3223,0,3,0,0,1156,3226,0,0,1156,3226,California
San Mateo,2020-12-22,1525,4751,1518,4741,7,10,0,0,1525,4751,0,0,1525,4751,California
San Mateo,2020-12-23,1576,6327,1387,6128,189,199,0,0,1576,6327,0,0,1576,6327,California
San Mateo,2020-12-24,868,7195,611,6739,257,456,0,0,868,7195,0,0,868,7195,California
San Mateo,2020-12-25,115,7310,111,6850,4,460,0,0,115,7310,0,0,115,7310,California
San Mateo,2020-12-26,561,7871,418,7268,143,603,0,0,561,7871,0,0,561,7871,California
San Mateo,2020-12-27,307,8178,176,7444,131,734,0,0,307,8178,0,0,307,8178,California
San Mateo,2020-12-28,1054,9232,707,8151,347,1081,0,0,1054,9232,0,0,1054,9232,California
San Mateo,2020-12-29,1130,10362,705,8856,425,1506,0,0,1130,10362,0,0,1130,10362,California
San Mateo,2020-12-30,1265,11627,760,9616,505,2011,0,0,1265,11627,0,0,1265,11627,California
San Mateo,2020-12-31,716,12343,231,9847,485,2496,0,0,715,12341,1,1,715,12342,California
San Mateo,2021-01-01,75,12418,53,9900,22,2518,0,0,75,12416,0,1,75,12417,California
San Mateo,2021-01-02,401,12819,271,10171,130,2648,0,0,401,12817,0,1,401,12818,California
San Mateo,2021-01-03,284,13103,209,10380,75,2723,0,0,281,13095,3,4,281,13099,California
San Mateo,2021-01-04,1053,14156,680,11060,373,3096,0,0,1053,14148,0,4,1053,14152,California
San Mateo,2021-01-05,1204,15360,708,11768,496,3592,0,0,1174,15293,30,34,1175,15327,California
San Mateo,2021-01-06,1454,16814,955,12723,499,4091,0,0,1270,16383,181,215,1271,16598,California
San Mateo,2021-01-07,1456,18270,810,13533,646,4737,0,0,1166,17267,283,498,1167,17765,California
San Mateo,2021-01-08,1841,20111,1192,14725,649,5386,0,0,1142,17718,692,1190,1143,18908,California
San Mateo,2021-01-09,1181,21292,777,15502,404,5790,0,0,722,17981,459,1649,722,19630,California
San Mateo,2021-01-10,706,21998,577,16079,129,5919,0,0,267,17809,439,2088,267,19897,California
San Mateo,2021-01-11,2593,24591,1486,17565,1107,7026,0,0,1525,18267,1069,3157,1527,21424,California
San Mateo,2021-01-12,3287,27878,1780,19345,1507,8533,0,0,2101,19187,1184,4341,2104,23528,California
San Mateo,2021-01-13,3490,31368,1756,21101,1734,10267,0,0,2454,20608,1036,5377,2457,25985,California
San Mateo,2021-01-14,3780,35148,1587,22688,2193,12460,0,0,3092,23017,688,6065,3097,29082,California
San Mateo,2021-01-15,4327,39475,1708,24396,2619,15079,0,0,3798,26290,527,6592,3800,32882,California
San Mateo,2021-01-16,3087,42562,778,25174,2309,17388,0,0,2767,28737,320,6912,2767,35649,California
San Mateo,2021-01-17,1312,43874,310,25484,1002,18390,0,0,1102,29629,210,7122,1102,36751,California
San Mateo,2021-01-18,1366,45240,535,26019,831,19221,0,0,992,30253,371,7493,995,37746,California
San Mateo,2021-01-19,2801,48041,1790,27809,1011,20232,0,0,2007,31469,791,8284,2007,39753,California
San Mateo,2021-01-20,2804,50845,1547,29356,1257,21489,0,0,1960,32589,841,9125,1961,41714,California
San Mateo,2021-01-21,2864,53709,1309,30665,1555,23044,0,0,2271,34272,591,9716,2274,43988,California
San Mateo,2021-01-22,2800,56509,1138,31803,1662,24706,0,0,2500,36475,298,10014,2501,46489,California
San Mateo,2021-01-23,2888,59397,1692,33495,1196,25902,0,0,2522,38632,366,10380,2523,49012,California
San Mateo,2021-01-24,1522,60919,376,33871,1146,27048,0,0,1209,39530,312,10692,1210,50222,California
San Mateo,2021-01-25,4433,65352,3149,37020,1284,28332,0,0,3535,42172,896,11588,3538,53760,California
San Mateo,2021-01-26,4296,69648,2980,40000,1316,29648,0,0,3390,44658,905,12493,3391,57151,California
San Mateo,2021-01-27,2796,72444,1476,41476,1320,30968,0,0,1797,45464,992,13485,1798,58949,California
San Mateo,2021-01-28,2807,75251,1357,42833,1450,32418,0,0,1954,46580,838,14323,1954,60903,California
San Mateo,2021-01-29,2987,78238,1341,44174,1646,34064,0,0,2152,47903,832,15155,2155,63058,California
San Mateo,2021-01-30,3379,81617,1479,45653,1900,35964,0,0,2921,50368,457,15612,2922,65980,California
San Mateo,2021-01-31,1682,83299,898,46551,784,36748,0,0,1519,51726,161,15773,1519,67499,California
San Mateo,2021-02-01,2934,86233,1347,47898,1587,38335,0,0,2225,53247,705,16478,2226,69725,California
San Mateo,2021-02-02,3183,89416,1734,49632,1449,39784,0,0,2161,54389,1019,17497,2161,71886,California
San Mateo,2021-02-03,4890,94306,1955,51587,2935,42719,0,0,3836,57175,1051,18548,3837,75723,California
San Mateo,2021-02-04,6302,100608,2594,54181,3708,46427,0,0,4941,60764,1355,19903,4944,80667,California
San Mateo,2021-02-05,6800,107408,2551,56732,4249,50676,0,0,4975,63931,1808,21711,4975,85642,California
San Mateo,2021-02-06,3289,110697,1921,58653,1368,52044,0,0,2622,65889,666,22377,2624,88266,California
San Mateo,2021-02-07,1902,112599,1348,60001,554,52598,0,0,1710,67407,192,22569,1710,89976,California
San Mateo,2021-02-08,5283,117882,2250,62251,3033,55631,0,0,3109,68407,2109,24678,3109,93085,California
San Mateo,2021-02-09,6194,124076,3229,65480,2965,58596,0,0,3342,68903,2846,27524,3342,96427,California
San Mateo,2021-02-10,6498,130574,3272,68752,3226,61822,0,0,3422,69258,3067,30591,3422,99849,California
San Mateo,2021-02-11,7068,137642,3587,72339,3481,65303,0,0,3798,69798,3261,33852,3801,103650,California
San Mateo,2021-02-12,6633,144275,2961,75300,3672,68975,0,0,4708,72585,1923,35775,4710,108360,California
San Mateo,2021-02-13,6116,150391,4014,79314,2102,71077,0,0,2644,71762,3467,39242,2644,111004,California
San Mateo,2021-02-14,4639,155030,3023,82337,1616,72693,0,0,1989,71107,2645,41887,1990,112994,California
San Mateo,2021-02-15,3165,158195,1459,83796,1706,74399,0,0,1784,71516,1376,43263,1785,114779,California
San Mateo,2021-02-16,7155,165350,1880,85676,5275,79674,0,0,5286,74936,1868,45131,5288,120067,California
San Mateo,2021-02-17,7074,172424,1951,87627,5123,84797,0,0,5066,78002,2002,47133,5068,125135,California
San Mateo,2021-02-18,6708,179132,4637,92264,2071,86868,0,0,4446,80202,2249,49382,4449,129584,California
San Mateo,2021-02-19,7815,186947,5615,97879,2200,89068,0,0,5819,84032,1989,51371,5819,135403,California
San Mateo,2021-02-20,3737,190684,2421,100300,1316,90384,0,0,2307,84916,1423,52794,2307,137710,California
San Mateo,2021-02-21,2605,193289,1761,102061,844,91228,0,0,1556,85429,1043,53837,1556,139266,California
San Mateo,2021-02-22,4437,197726,3215,105276,1222,92450,0,0,2796,86591,1635,55472,2797,142063,California
San Mateo,2021-02-23,4351,202077,3105,108381,1246,93696,0,0,2542,87332,1801,57273,2542,144605,California
San Mateo,2021-02-24,7309,209386,3286,111667,4023,97719,0,0,4877,89783,2427,59700,4878,149483,California
San Mateo,2021-02-25,9102,218488,4024,115691,5078,102797,0,0,6025,92747,3061,62761,6025,155508,California
San Mateo,2021-02-26,9780,228268,3726,119417,6054,108851,0,0,6851,96689,2913,65674,6855,162363,California
San Mateo,2021-02-27,6765,235033,3495,122912,3269,112120,1,1,3688,97312,3071,68745,3694,166057,California
San Mateo,2021-02-28,4134,239167,2517,125429,1617,113737,0,1,2561,98307,1567,70312,2562,168619,California
San Mateo,2021-03-01,5739,244906,3616,129045,2121,115858,2,3,2854,98291,2872,73184,2856,171475,California
San Mateo,2021-03-02,6264,251170,4450,133495,1813,117671,1,4,3632,99301,2624,75808,3634,175109,California
San Mateo,2021-03-03,8459,259629,3995,137490,4462,122133,2,6,3659,98176,4787,80595,3662,178771,California
San Mateo,2021-03-04,8483,268112,3989,141479,4491,126624,3,9,3832,97381,4632,85227,3837,182608,California
San Mateo,2021-03-05,9349,277461,6236,147715,3109,129733,4,13,6575,101209,2754,87981,6582,189190,California
San Mateo,2021-03-06,7967,285428,5552,153267,2239,131972,176,189,5845,105116,2113,90094,6020,195210,California
San Mateo,2021-03-07,3579,289007,2416,155683,1095,133067,68,257,2106,105821,1469,91563,2174,197384,California
San Mateo,2021-03-08,4453,293460,2481,158164,1753,134820,219,476,3227,108047,1219,92782,3445,200829,California
San Mateo,2021-03-09,4569,298029,2134,160298,2160,136980,275,751,3016,109791,1544,94326,3288,204117,California
San Mateo,2021-03-10,6926,304955,2647,162945,3992,140972,287,1038,4564,112294,2347,96673,4850,208967,California
San Mateo,2021-03-11,9139,314094,5739,168684,3007,143979,393,1431,3713,111003,5396,102069,4105,213072,California
San Mateo,2021-03-12,10519,324613,6613,175297,3523,147502,383,1814,3506,107899,6994,109063,3890,216962,California
San Mateo,2021-03-13,8109,332722,3422,178719,3058,150560,1629,3443,3911,109244,4186,113249,5531,222493,California
San Mateo,2021-03-14,4941,337663,3309,182028,1525,152085,107,3550,2634,109685,2299,115548,2740,225233,California
San Mateo,2021-03-15,7135,344798,4588,186616,2371,154456,176,3726,3756,110245,3373,118921,3933,229166,California
San Mateo,2021-03-16,11915,356713,4363,190979,7429,161885,123,3849,4809,108089,7090,126011,4934,234100,California
San Mateo,2021-03-17,10803,367516,4367,195346,6310,168195,126,3975,4867,107176,5910,131921,4997,239097,California
San Mateo,2021-03-18,7246,374762,4043,199389,3020,171215,183,4158,4312,108741,2928,134849,4493,243590,California
San Mateo,2021-03-19,7372,382134,4728,204117,1977,173192,667,4825,3609,109264,3753,138602,4276,247866,California
San Mateo,2021-03-20,8298,390432,6438,210555,1524,174716,336,5161,5373,112062,2910,141512,5708,253574,California
San Mateo,2021-03-21,4164,394596,3131,213686,802,175518,231,5392,2341,112819,1812,143324,2569,256143,California
San Mateo,2021-03-22,5228,399824,3548,217234,1262,176780,418,5810,2816,113655,2399,145723,3235,259378,California
San Mateo,2021-03-23,9786,409610,4453,221687,5137,181917,196,6006,4398,112890,5358,151081,4593,263971,California
San Mateo,2021-03-24,9452,419062,5453,227140,3859,185776,140,6146,4067,111783,5314,156395,4207,268178,California
San Mateo,2021-03-25,10030,429092,4890,232030,4872,190648,268,6414,4411,110949,5517,161912,4683,272861,California
San Mateo,2021-03-26,11168,440260,7672,239702,3330,193978,166,6580,4315,108618,6815,168727,4484,277345,California
San Mateo,2021-03-27,10440,450700,7971,247673,2363,196341,106,6686,4613,107526,5808,174535,4716,282061,California
San Mateo,2021-03-28,4214,454914,2699,250372,1403,197744,112,6798,2019,107472,2186,176721,2132,284193,California
San Mateo,2021-03-29,6024,460938,3748,254120,2023,199767,253,7051,2854,107428,3151,179872,3107,287300,California
San Mateo,2021-03-30,7091,468029,4020,258140,2916,202683,155,7206,4465,109438,2611,182483,4621,291921,California
San Mateo,2021-03-31,7225,475254,4556,262696,2531,205214,138,7344,4065,110501,3143,185626,4206,296127,California
San Mateo,2021-04-01,10458,485712,5132,267828,4142,209356,1184,8528,5621,112516,4796,190422,6811,302938,California
San Mateo,2021-04-02,10699,496411,5096,272924,4035,213391,1568,10096,5627,114659,5053,195475,7196,310134,California
San Mateo,2021-04-03,9731,506142,5523,278447,2465,215856,1743,11839,4933,116548,4790,200265,6679,316813,California
San Mateo,2021-04-04,5435,511577,2622,281069,1564,217420,1249,13088,1740,115854,3682,203947,2988,319801,California
San Mateo,2021-04-05,8970,520547,4783,285852,2453,219873,1734,14822,3862,116355,5093,209040,5594,325395,California
San Mateo,2021-04-06,13177,533724,8246,294098,3080,222953,1851,16673,7541,120138,5623,214663,9406,334801,California
San Mateo,2021-04-07,11366,545090,5260,299358,4428,227381,1678,18351,4846,120157,6499,221162,6518,341319,California
San Mateo,2021-04-08,10099,555189,5037,304395,2475,229856,2587,20938,4494,121637,5589,226751,7069,348388,California
San Mateo,2021-04-09,11263,566452,5479,309874,3307,233163,2477,23415,5087,123019,6174,232925,7556,355944,California
San Mateo,2021-04-10,11168,577620,5674,315548,4067,237230,1427,24842,4637,122572,6507,239432,6060,362004,California
San Mateo,2021-04-11,6610,584230,3287,318835,873,238103,2450,27292,2332,123077,4272,243704,4777,366781,California
San Mateo,2021-04-12,7309,591539,4472,323307,1877,239980,960,28252,3553,123854,3736,247440,4513,371294,California
San Mateo,2021-04-13,8143,599682,5086,328393,3048,243028,9,28261,4319,124366,3818,251258,4330,375624,California
San Mateo,2021-04-14,8313,607995,5368,333761,2944,245972,1,28262,4277,124629,4021,255279,4284,379908,California
San Mateo,2021-04-15,11077,619072,7366,341127,3709,249681,2,28264,7265,128108,3789,259068,7268,387176,California
San Mateo,2021-04-16,9946,629018,6857,347984,3073,252754,16,28280,6330,130860,3599,262667,6351,393527,California
San Mateo,2021-04-17,9669,638687,6441,354425,3225,255979,3,28283,6142,133491,3518,266185,6149,399676,California
San Mateo,2021-04-18,5409,644096,2596,357021,2813,258792,0,28283,3660,135418,1739,267924,3666,403342,California
San Mateo,2021-04-19,8352,652448,5441,362462,2911,261703,0,28283,5420,137924,2923,270847,5429,408771,California
San Mateo,2021-04-20,10244,662692,5704,368166,4540,266243,0,28283,6583,140873,3645,274492,6594,415365,California
San Mateo,2021-04-21,8998,671690,6101,374267,2897,269140,0,28283,5576,143049,3407,277899,5583,420948,California
San Mateo,2021-04-22,9582,681272,6417,380684,3164,272304,1,28284,5338,144180,4213,282112,5344,426292,California
San Mateo,2021-04-23,9459,690731,6226,386910,3233,275537,0,28284,5319,145398,4116,286228,5334,431626,California
San Mateo,2021-04-24,11226,701957,8021,394931,3205,278742,0,28284,6050,146300,5156,291384,6058,437684,California
San Mateo,2021-04-25,5522,707479,3864,398795,1656,280398,2,28286,3916,148633,1594,292978,3927,441611,California
San Mateo,2021-04-26,6318,713797,4629,403424,1681,282079,8,28294,3652,149646,2658,295636,3671,445282,California
San Mateo,2021-04-27,10977,724774,7805,411229,3067,285146,105,28399,4422,147648,6529,302165,4531,449813,California
San Mateo,2021-04-28,7664,732438,4426,415655,3034,288180,204,28603,4017,148234,3639,305804,4225,454038,California
San Mateo,2021-04-29,7919,740357,3710,419365,4034,292214,175,28778,3505,147537,4389,310193,3692,457730,California
San Mateo,2021-04-30,8074,748431,5069,424434,2853,295067,152,28930,3425,146499,4628,314821,3590,461320,California
San Mateo,2021-05-01,6142,754573,4115,428549,1908,296975,119,29049,2657,145815,3471,318292,2787,464107,California
San Mateo,2021-05-02,3170,757743,1740,430289,1359,298334,71,29120,1144,145016,2018,320310,1219,465326,California
San Mateo,2021-05-03,6044,763787,4527,434816,1373,299707,144,29264,1906,142936,4130,324440,2050,467376,California
San Mateo,2021-05-04,7230,771017,4893,439709,2165,301872,172,29436,2455,140815,4760,329200,2639,470015,California
San Mateo,2021-05-05,6849,777866,4477,444186,2210,304082,162,29598,2464,139086,4357,333557,2628,472643,California
San Mateo,2021-05-06,8500,786366,6644,450830,1682,305764,174,29772,1738,134259,6744,340301,1917,474560,California
San Mateo,2021-05-07,8189,794555,5858,456688,2048,307812,283,30055,1837,130069,6321,346622,2131,476691,California
San Mateo,2021-05-08,6648,801203,4031,460719,2379,310191,238,30293,1831,127339,4804,351426,2074,478765,California
San Mateo,2021-05-09,3118,804321,2434,463153,611,310802,73,30366,1064,126429,2048,353474,1138,479903,California
San Mateo,2021-05-10,4590,808911,3298,466451,1122,311924,170,30536,773,123572,3808,357282,951,480854,California
San Mateo,2021-05-11,6474,815385,4864,471315,1498,313422,112,30648,1650,120529,4808,362090,1765,482619,California
San Mateo,2021-05-12,6357,821742,4595,475910,1577,314999,185,30833,1511,117394,4834,366924,1699,484318,California
San Mateo,2021-05-13,8603,830345,6379,482289,2135,317134,89,30922,3051,115014,5525,372449,3145,487463,California
San Mateo,2021-05-14,8265,838610,6108,488397,2057,319191,100,31022,2675,112223,5577,378026,2786,490249,California
San Mateo,2021-05-15,10226,848836,8001,496398,2128,321319,97,31119,4456,111046,5752,383778,4575,494824,California
San Mateo,2021-05-16,5422,854258,3704,500102,1688,323007,30,31149,1340,108345,4072,387850,1371,496195,California
San Mateo,2021-05-17,5784,860042,3845,503947,1838,324845,101,31250,1452,105584,4318,392168,1557,497752,California
San Mateo,2021-05-18,5304,865346,3571,507518,1702,326547,31,31281,1773,103873,3519,395687,1808,499560,California
Santa Barbara,2020-12-15,2,2,2,2,0,0,0,0,2,2,0,0,2,2,California
Santa Barbara,2020-12-16,2,4,2,4,0,0,0,0,2,4,0,0,2,4,California
Santa Barbara,2020-12-17,56,60,56,60,0,0,0,0,56,60,0,0,56,60,California
Santa Barbara,2020-12-18,378,438,377,437,1,1,0,0,378,438,0,0,378,438,California
Santa Barbara,2020-12-19,325,763,325,762,0,1,0,0,325,763,0,0,325,763,California
Santa Barbara,2020-12-20,235,998,235,997,0,1,0,0,235,998,0,0,235,998,California
Santa Barbara,2020-12-21,652,1650,650,1647,2,3,0,0,652,1650,0,0,652,1650,California
Santa Barbara,2020-12-22,245,1895,243,1890,2,5,0,0,245,1895,0,0,245,1895,California
Santa Barbara,2020-12-23,321,2216,203,2093,118,123,0,0,321,2216,0,0,321,2216,California
Santa Barbara,2020-12-24,88,2304,40,2133,48,171,0,0,88,2304,0,0,88,2304,California
Santa Barbara,2020-12-26,326,2630,66,2199,260,431,0,0,326,2630,0,0,326,2630,California
Santa Barbara,2020-12-27,62,2692,1,2200,61,492,0,0,62,2692,0,0,62,2692,California
Santa Barbara,2020-12-28,356,3048,223,2423,133,625,0,0,356,3048,0,0,356,3048,California
Santa Barbara,2020-12-29,555,3603,361,2784,194,819,0,0,555,3603,0,0,555,3603,California
Santa Barbara,2020-12-30,585,4188,403,3187,182,1001,0,0,585,4188,0,0,585,4188,California
Santa Barbara,2020-12-31,240,4428,114,3301,126,1127,0,0,240,4428,0,0,240,4428,California
Santa Barbara,2021-01-01,113,4541,108,3409,5,1132,0,0,113,4541,0,0,113,4541,California
Santa Barbara,2021-01-02,591,5132,225,3634,366,1498,0,0,591,5132,0,0,591,5132,California
Santa Barbara,2021-01-03,23,5155,15,3649,8,1506,0,0,23,5155,0,0,23,5155,California
Santa Barbara,2021-01-04,310,5465,247,3896,63,1569,0,0,309,5464,0,0,309,5464,California
Santa Barbara,2021-01-05,754,6219,381,4277,373,1942,0,0,727,6164,27,27,727,6191,California
Santa Barbara,2021-01-06,656,6875,276,4553,380,2322,0,0,595,6699,60,87,595,6786,California
Santa Barbara,2021-01-07,1033,7908,711,5264,322,2644,0,0,527,6724,502,589,527,7313,California
Santa Barbara,2021-01-08,1203,9111,843,6107,360,3004,0,0,710,6941,493,1082,710,8023,California
Santa Barbara,2021-01-09,566,9677,293,6400,273,3277,0,0,320,7015,246,1328,320,8343,California
Santa Barbara,2021-01-10,62,9739,50,6450,12,3289,0,0,46,7045,16,1344,46,8389,California
Santa Barbara,2021-01-11,839,10578,670,7120,169,3458,0,0,616,7439,222,1566,616,9005,California
Santa Barbara,2021-01-12,1429,12007,635,7755,794,4252,0,0,1272,8554,157,1723,1272,10277,California
Santa Barbara,2021-01-13,1229,13236,281,8036,948,5200,0,0,1102,9529,127,1850,1102,11379,California
Santa Barbara,2021-01-14,1250,14486,133,8169,1117,6317,0,0,1195,10671,54,1904,1196,12575,California
Santa Barbara,2021-01-15,1802,16288,421,8590,1381,7698,0,0,1721,12312,80,1984,1721,14296,California
Santa Barbara,2021-01-16,1272,17560,202,8792,1070,8768,0,0,1233,13507,38,2022,1233,15529,California
Santa Barbara,2021-01-17,123,17683,20,8812,103,8871,0,0,120,13624,3,2025,120,15649,California
Santa Barbara,2021-01-18,1151,18834,417,9229,734,9605,0,0,966,14405,185,2210,966,16615,California
Santa Barbara,2021-01-19,1639,20473,570,9799,1069,10674,0,0,1359,15485,279,2489,1359,17974,California
Santa Barbara,2021-01-20,2096,22569,545,10344,1551,12225,0,0,1736,16862,359,2848,1736,19710,California
Santa Barbara,2021-01-21,3089,25658,1819,12163,1270,13495,0,0,2930,19634,159,3007,2931,22641,California
Santa Barbara,2021-01-22,3019,28677,1864,14027,1155,14650,0,0,2855,22329,161,3168,2856,25497,California
Santa Barbara,2021-01-23,1734,30411,1106,15133,628,15278,0,0,1222,23040,511,3679,1222,26719,California
Santa Barbara,2021-01-24,844,31255,752,15885,92,15370,0,0,835,23866,9,3688,835,27554,California
Santa Barbara,2021-01-25,1245,32500,501,16386,744,16114,0,0,1005,24631,240,3928,1005,28559,California
Santa Barbara,2021-01-26,2051,34551,468,16854,1583,17697,0,0,1664,25910,385,4313,1664,30223,California
Santa Barbara,2021-01-27,1163,35714,400,17254,763,18460,0,0,901,26552,261,4574,903,31126,California
Santa Barbara,2021-01-28,895,36609,298,17552,597,19057,0,0,680,27020,212,4786,680,31806,California
Santa Barbara,2021-01-29,1333,37942,537,18089,796,19853,0,0,979,27650,351,5137,981,32787,California
Santa Barbara,2021-01-30,1892,39834,1420,19509,472,20325,0,0,1488,28737,401,5538,1488,34275,California
Santa Barbara,2021-01-31,1454,41288,1216,20725,238,20563,0,0,1415,30113,39,5577,1415,35690,California
Santa Barbara,2021-02-01,946,42234,521,21246,425,20988,0,0,558,30283,388,5965,558,36248,California
Santa Barbara,2021-02-02,1829,44063,701,21947,1128,22116,0,0,1052,30561,774,6739,1052,37300,California
Santa Barbara,2021-02-03,1941,46004,1077,23024,864,22980,0,0,1499,31628,432,7171,1499,38799,California
Santa Barbara,2021-02-04,2779,48783,1865,24889,914,23894,0,0,2482,33819,291,7462,2482,41281,California
Santa Barbara,2021-02-05,2904,51687,2060,26949,844,24738,0,0,2260,35437,642,8104,2260,43541,California
Santa Barbara,2021-02-06,1205,52892,339,27288,866,25604,0,0,794,35820,411,8515,794,44335,California
Santa Barbara,2021-02-07,301,53193,263,27551,38,25642,0,0,266,36052,34,8549,266,44601,California
Santa Barbara,2021-02-08,956,54149,311,27862,645,26287,0,0,668,36432,288,8837,668,45269,California
Santa Barbara,2021-02-09,2438,56587,313,28175,2125,28412,0,0,1118,36241,1309,10146,1118,46387,California
Santa Barbara,2021-02-10,2762,59349,1496,29671,1266,29678,0,0,780,35048,1973,12119,780,47167,California
Santa Barbara,2021-02-11,4186,63535,2808,32479,1378,31056,0,0,624,32119,3553,15672,624,47791,California
Santa Barbara,2021-02-12,3308,66843,949,33428,2359,33415,0,0,774,30365,2528,18200,774,48565,California
Santa Barbara,2021-02-13,1235,68078,341,33769,894,34309,0,0,561,30256,670,18870,561,49126,California
Santa Barbara,2021-02-14,331,68409,34,33803,297,34606,0,0,285,30495,46,18916,285,49411,California
Santa Barbara,2021-02-15,968,69377,339,34142,629,35235,0,0,492,30516,471,19387,492,49903,California
Santa Barbara,2021-02-16,2108,71485,396,34538,1712,36947,0,0,716,29844,1388,20775,716,50619,California
Santa Barbara,2021-02-17,1437,72922,321,34859,1116,38063,0,0,522,29454,912,21687,522,51141,California
Santa Barbara,2021-02-18,3255,76177,2647,37506,608,38671,0,0,1518,29270,1702,23389,1518,52659,California
Santa Barbara,2021-02-19,3597,79774,2643,40149,954,39625,0,0,2331,30338,1263,24652,2331,54990,California
Santa Barbara,2021-02-20,2224,81998,1438,41587,786,40411,0,0,1669,31461,546,25198,1669,56659,California
Santa Barbara,2021-02-21,132,82130,103,41690,29,40440,0,0,59,31447,73,25271,59,56718,California
Santa Barbara,2021-02-22,942,83072,249,41939,693,41133,0,0,262,31036,673,25944,262,56980,California
Santa Barbara,2021-02-23,3189,86261,1047,42986,2142,43275,0,0,422,28695,2763,28707,422,57402,California
Santa Barbara,2021-02-24,3202,89463,1091,44077,2111,45386,0,0,722,26949,2468,31175,722,58124,California
Santa Barbara,2021-02-25,3452,92915,1920,45997,1532,46918,0,0,987,25479,2458,33633,988,59112,California
Santa Barbara,2021-02-26,3665,96580,2175,48172,1490,48408,0,0,1978,25778,1679,35312,1978,61090,California
Santa Barbara,2021-02-27,1532,98112,567,48739,965,49373,0,0,849,25953,676,35988,851,61941,California
Santa Barbara,2021-02-28,1086,99198,221,48960,865,50238,0,0,894,26661,187,36175,895,62836,California
Santa Barbara,2021-03-01,1639,100837,467,49427,1172,51410,0,0,1087,27210,539,36714,1088,63924,California
Santa Barbara,2021-03-02,2644,103481,420,49847,2224,53634,0,0,2143,28866,488,37202,2144,66068,California
Santa Barbara,2021-03-03,4628,108109,2101,51948,2525,56159,2,2,4031,32315,587,37789,4036,70104,California
Santa Barbara,2021-03-04,3422,111531,2284,54232,1138,57297,0,2,2867,34635,547,38336,2867,72971,California
Santa Barbara,2021-03-05,3817,115348,2165,56397,1593,58890,59,61,3091,37065,720,39056,3150,76121,California
Santa Barbara,2021-03-06,2432,117780,725,57122,1488,60378,219,280,1667,38189,761,39817,1885,78006,California
Santa Barbara,2021-03-07,564,118344,123,57245,310,60688,131,411,384,38526,179,39996,516,78522,California
Santa Barbara,2021-03-08,1575,119919,378,57623,855,61543,342,753,793,38885,776,40772,1135,79657,California
Santa Barbara,2021-03-09,2774,122693,324,57947,1676,63219,774,1527,718,38320,2053,42825,1488,81145,California
Santa Barbara,2021-03-10,2751,125444,546,58493,1159,64378,1046,2573,1035,38690,1710,44535,2080,83225,California
Santa Barbara,2021-03-11,5575,131019,3029,61522,1431,65809,1115,3688,2280,38799,3281,47816,3390,86615,California
Santa Barbara,2021-03-12,3674,134693,2097,63619,1148,66957,429,4117,2179,39917,1487,49303,2605,89220,California
Santa Barbara,2021-03-13,3477,138170,1926,65545,1342,68299,209,4326,2694,42039,781,50084,2903,92123,California
Santa Barbara,2021-03-14,783,138953,370,65915,356,68655,57,4383,463,42239,320,50404,520,92643,California
Santa Barbara,2021-03-15,2106,141059,691,66606,1124,69779,291,4674,1266,42961,833,51237,1555,94198,California
Santa Barbara,2021-03-16,3723,144782,1172,67778,2209,71988,342,5016,2736,45055,984,52221,3078,97276,California
Santa Barbara,2021-03-17,3298,148080,973,68751,1920,73908,405,5421,2308,46776,988,53209,2709,99985,California
Santa Barbara,2021-03-18,5222,153302,2798,71549,2222,76130,202,5623,3998,49767,1209,54418,4200,104185,California
Santa Barbara,2021-03-19,4442,157744,2766,74315,1344,77474,332,5955,3053,51766,1385,55803,3384,107569,California
Santa Barbara,2021-03-20,2168,159912,828,75143,1327,78801,13,5968,1330,52272,836,56639,1342,108911,California
Santa Barbara,2021-03-21,1164,161076,382,75525,752,79553,30,5998,838,52816,324,56963,868,109779,California
Santa Barbara,2021-03-22,2779,163855,1912,77437,823,80376,44,6042,2222,54534,548,57511,2266,112045,California
Santa Barbara,2021-03-23,4477,168332,2250,79687,2127,82503,100,6142,3707,57580,761,58272,3807,115852,California
Santa Barbara,2021-03-24,5409,173741,3155,82842,1513,84016,741,6883,2972,58875,2415,60687,3710,119562,California
Santa Barbara,2021-03-25,5552,179293,3277,86119,2087,86103,188,7071,2776,59080,2759,63446,2964,122526,California
Santa Barbara,2021-03-26,5084,184377,3221,89340,1564,87667,299,7370,2238,58787,2830,66276,2537,125063,California
Santa Barbara,2021-03-27,2923,187300,1219,90559,1661,89328,43,7413,1594,59098,1324,67600,1635,126698,California
Santa Barbara,2021-03-28,2771,190071,1647,92206,1096,90424,28,7441,1886,60133,880,68480,1915,128613,California
Santa Barbara,2021-03-29,4043,194114,2086,94292,1886,92310,71,7512,3231,62627,808,69288,3302,131915,California
Santa Barbara,2021-03-30,6793,200907,3510,97802,3133,95443,150,7662,4554,65104,2224,71512,4701,136616,California
Santa Barbara,2021-03-31,8661,209568,5518,103320,3076,98519,67,7729,5059,66650,3583,75095,5129,141745,California
Santa Barbara,2021-04-01,7021,216589,5192,108512,1570,100089,259,7988,4162,68230,2842,77937,4422,146167,California
Santa Barbara,2021-04-02,6615,223204,4537,113049,1484,101573,594,8582,3397,69011,3211,81148,3992,150159,California
Santa Barbara,2021-04-03,3802,227006,2112,115161,1622,103195,68,8650,2512,70307,1286,82434,2582,152741,California
Santa Barbara,2021-04-04,899,227905,444,115605,415,103610,40,8690,500,70450,397,82831,540,153281,California
Santa Barbara,2021-04-05,3454,231359,2280,117885,916,104526,258,8948,2161,71583,1286,84117,2419,155700,California
Santa Barbara,2021-04-06,5445,236804,2810,120695,2099,106625,536,9484,3326,73340,2103,86220,3860,159560,California
Santa Barbara,2021-04-07,5969,242773,3284,123979,2144,108769,541,10025,4061,76043,1898,88118,4601,164161,California
Santa Barbara,2021-04-08,7361,250134,5008,128987,642,109411,1711,11736,3392,77176,3967,92085,5100,169261,California
Santa Barbara,2021-04-09,7255,257389,4826,133813,1084,110495,1345,13081,3262,77794,3984,96069,4602,173863,California
Santa Barbara,2021-04-10,6629,264018,4587,138400,1425,111920,617,13698,4502,80792,2119,98188,5117,178980,California
Santa Barbara,2021-04-11,2641,266659,1930,140330,412,112332,299,13997,1821,82093,814,99002,2115,181095,California
Santa Barbara,2021-04-12,4425,271084,2848,143178,1024,113356,553,14550,1923,82072,2495,101497,2474,183569,California
Santa Barbara,2021-04-13,6307,277391,4149,147327,2152,115508,6,14556,2624,81022,3679,105176,2629,186198,California
Santa Barbara,2021-04-14,6724,284115,4401,151728,2321,117829,2,14558,4204,82718,2510,107686,4206,190404,California
Santa Barbara,2021-04-15,6935,291050,4083,155811,2851,120680,1,14559,3761,83317,3164,110850,3763,194167,California
Santa Barbara,2021-04-16,6379,297429,3752,159563,2616,123296,11,14570,4393,85749,1971,112821,4403,198570,California
Santa Barbara,2021-04-17,5300,302729,3855,163418,1445,124741,0,14570,4090,88638,1201,114022,4090,202660,California
Santa Barbara,2021-04-18,2128,304857,1477,164895,651,125392,0,14570,372,87259,1752,115774,373,203033,California
Santa Barbara,2021-04-19,3225,308082,2220,167115,999,126391,6,14576,1022,86089,2199,117973,1029,204062,California
Santa Barbara,2021-04-20,5857,313939,3943,171058,1913,128304,1,14577,1646,83536,4199,122172,1646,205708,California
Santa Barbara,2021-04-21,5432,319371,3593,174651,1839,130143,0,14577,1698,81512,3722,125894,1698,207406,California
Santa Barbara,2021-04-22,5077,324448,2550,177201,2526,132669,1,14578,1451,79356,3610,129504,1454,208860,California
Santa Barbara,2021-04-23,5525,329973,3871,181072,1654,134323,0,14578,1951,77743,3564,133068,1951,210811,California
Santa Barbara,2021-04-24,4423,334396,2878,183950,1540,135863,5,14583,1664,76661,2751,135819,1669,212480,California
Santa Barbara,2021-04-25,1832,336228,1185,185135,647,136510,0,14583,501,75839,1323,137142,501,212981,California
Santa Barbara,2021-04-26,2917,339145,1805,186940,1091,137601,21,14604,454,73857,2457,139599,475,213456,California
Santa Barbara,2021-04-27,3681,342826,2031,188971,1563,139164,87,14691,1108,72487,2564,142163,1194,214650,California
Santa Barbara,2021-04-28,4901,347727,2863,191834,1922,141086,116,14807,1402,70521,3487,145650,1521,216171,California
Santa Barbara,2021-04-29,5246,352973,3797,195631,1222,142308,227,15034,1444,68405,3786,149436,1670,217841,California
Santa Barbara,2021-04-30,4944,357917,3694,199325,1086,143394,164,15198,1422,66481,3509,152945,1585,219426,California
Santa Barbara,2021-05-01,5238,363155,4059,203384,1146,144540,33,15231,906,63098,4324,157269,941,220367,California
Santa Barbara,2021-05-02,1131,364286,666,204050,337,144877,128,15359,308,62712,822,158091,436,220803,California
Santa Barbara,2021-05-03,2204,366490,1479,205529,586,145463,139,15498,443,61539,1755,159846,582,221385,California
Santa Barbara,2021-05-04,3278,369768,1661,207190,1547,147010,70,15568,1140,60623,2125,161971,1209,222594,California
Santa Barbara,2021-05-05,5418,375186,3670,210860,1601,148611,147,15715,627,56619,4779,166750,775,223369,California
Santa Barbara,2021-05-06,5037,380223,3903,214763,1030,149641,104,15819,961,53624,4060,170810,1065,224434,California
Santa Barbara,2021-05-07,4661,384884,3655,218418,829,150470,177,15996,1006,51160,3645,174455,1181,225615,California
Santa Barbara,2021-05-08,4212,389096,3153,221571,961,151431,98,16094,870,48801,3327,177782,968,226583,California
Santa Barbara,2021-05-09,702,389798,109,221680,553,151984,40,16134,467,49075,234,178016,508,227091,California
Santa Barbara,2021-05-10,1300,391098,621,222301,595,152579,84,16218,351,48562,947,178963,434,227525,California
Santa Barbara,2021-05-11,1796,392894,770,223071,733,153312,293,16511,387,47838,1402,180365,678,228203,California
Santa Barbara,2021-05-12,1458,394352,641,223712,614,153926,203,16714,414,47418,1037,181402,617,228820,California
Santa Barbara,2021-05-13,3493,397845,2666,226378,632,154558,195,16909,1107,46341,2377,183779,1300,230120,California
Santa Barbara,2021-05-14,4028,401873,2478,228856,1475,156033,75,16984,1547,45492,2468,186247,1619,231739,California
Santa Barbara,2021-05-15,3432,405305,2510,231366,903,156936,19,17003,1793,45676,1629,187876,1813,233552,California
Santa Barbara,2021-05-16,694,405999,268,231634,319,157255,107,17110,305,45700,388,188264,412,233964,California
Santa Barbara,2021-05-17,1476,407475,852,232486,570,157825,54,17164,807,45897,664,188928,861,234825,California
Santa Barbara,2021-05-18,568,408043,327,232813,173,157998,68,17232,392,46186,171,189099,460,235285,California
Santa Clara,2020-12-15,65,65,65,65,0,0,0,0,65,65,0,0,65,65,California
Santa Clara,2020-12-16,137,202,137,202,0,0,0,0,137,202,0,0,137,202,California
Santa Clara,2020-12-17,394,596,394,596,0,0,0,0,394,596,0,0,394,596,California
Santa Clara,2020-12-18,1674,2270,1674,2270,0,0,0,0,1674,2270,0,0,1674,2270,California
Santa Clara,2020-12-19,2075,4345,2075,4345,0,0,0,0,2074,4344,0,0,2074,4344,California
Santa Clara,2020-12-20,1893,6238,1892,6237,1,1,0,0,1890,6234,0,0,1890,6234,California
Santa Clara,2020-12-21,2670,8908,2670,8907,0,1,0,0,2669,8903,0,0,2669,8903,California
Santa Clara,2020-12-22,3119,12027,3112,12019,7,8,0,0,3116,12019,0,0,3116,12019,California
Santa Clara,2020-12-23,3262,15289,3075,15094,187,195,0,0,3260,15279,0,0,3260,15279,California
Santa Clara,2020-12-24,1896,17185,1711,16805,185,380,0,0,1890,17168,1,1,1890,17169,California
Santa Clara,2020-12-25,343,17528,342,17147,1,381,0,0,343,17511,0,1,343,17512,California
Santa Clara,2020-12-26,1264,18792,1031,18178,233,614,0,0,1263,18774,0,1,1263,18775,California
Santa Clara,2020-12-27,648,19440,508,18686,140,754,0,0,648,19422,0,1,648,19423,California
Santa Clara,2020-12-28,2334,21774,1732,20418,602,1356,0,0,2334,21756,0,1,2334,21757,California
Santa Clara,2020-12-29,2330,24104,1471,21889,859,2215,0,0,2328,24084,0,1,2328,24085,California
Santa Clara,2020-12-30,2994,27098,1902,23791,1092,3307,0,0,2992,27074,2,3,2992,27077,California
Santa Clara,2020-12-31,1217,28315,392,24183,825,4132,0,0,1216,28289,1,4,1216,28293,California
Santa Clara,2021-01-01,145,28460,12,24195,133,4265,0,0,144,28432,1,5,144,28437,California
Santa Clara,2021-01-02,1087,29547,817,25012,270,4535,0,0,1087,29519,0,5,1087,29524,California
Santa Clara,2021-01-03,584,30131,368,25380,216,4751,0,0,579,30095,3,8,579,30103,California
Santa Clara,2021-01-04,2470,32601,1670,27050,800,5551,0,0,2467,32562,0,8,2467,32570,California
Santa Clara,2021-01-05,3069,35670,2012,29062,1057,6608,0,0,2882,35264,186,194,2888,35458,California
Santa Clara,2021-01-06,3329,38999,1963,31025,1366,7974,0,0,2753,37447,572,766,2755,38213,California
Santa Clara,2021-01-07,4218,43217,2560,33585,1658,9632,0,0,3150,39544,1058,1824,3155,41368,California
Santa Clara,2021-01-08,5848,49065,3822,37407,2026,11658,0,0,3795,41290,2049,3873,3795,45163,California
Santa Clara,2021-01-09,2973,52038,1866,39273,1107,12765,0,0,1688,41696,1285,5158,1691,46854,California
Santa Clara,2021-01-10,1953,53991,1508,40781,445,13210,0,0,745,41234,1207,6365,745,47599,California
Santa Clara,2021-01-11,5944,59935,3741,44522,2203,15413,0,0,3380,42056,2563,8928,3385,50984,California
Santa Clara,2021-01-12,6804,66739,3400,47922,3404,18817,0,0,4563,44380,2240,11168,4564,55548,California
Santa Clara,2021-01-13,7364,74103,3044,50966,4320,23137,0,0,5197,47413,2165,13333,5198,60746,California
Santa Clara,2021-01-14,8227,82330,2793,53759,5434,28571,0,0,6489,52171,1733,15066,6491,67237,California
Santa Clara,2021-01-15,9458,91788,2687,56446,6771,35342,0,0,8139,58999,1316,16382,8144,75381,California
Santa Clara,2021-01-16,4301,96089,1230,57676,3071,38413,0,0,3465,61632,832,17214,3465,78846,California
Santa Clara,2021-01-17,3217,99306,606,58282,2611,41024,0,0,2720,63855,497,17711,2720,81566,California
Santa Clara,2021-01-18,5090,104396,1153,59435,3937,44961,0,0,4535,67836,555,18266,4536,86102,California
Santa Clara,2021-01-19,8489,112885,2681,62116,5808,50769,0,0,6810,72973,1676,19942,6813,92915,California
Santa Clara,2021-01-20,8085,120970,4113,66229,3972,54741,0,0,6535,77963,1545,21487,6535,99450,California
Santa Clara,2021-01-21,8663,129633,3751,69980,4912,59653,0,0,7463,84230,1198,22685,7465,106915,California
Santa Clara,2021-01-22,8624,138257,3246,73226,5378,65031,0,0,8058,91726,565,23250,8061,114976,California
Santa Clara,2021-01-23,3782,142039,1691,74917,2091,67122,0,0,2822,93589,960,24210,2823,117799,California
Santa Clara,2021-01-24,2828,144867,1423,76340,1405,68527,0,0,2342,95448,483,24693,2342,120141,California
Santa Clara,2021-01-25,8383,153250,3794,80134,4589,73116,0,0,6315,99706,2060,26753,6318,126459,California
Santa Clara,2021-01-26,8239,161489,3771,83905,4468,77584,0,0,6120,103719,2109,28862,6122,132581,California
Santa Clara,2021-01-27,8713,170202,3829,87734,4884,82468,0,0,6791,108610,1901,30763,6792,139373,California
Santa Clara,2021-01-28,9464,179666,3799,91533,5665,88133,0,0,7505,114181,1938,32701,7509,146882,California
Santa Clara,2021-01-29,9511,189177,3948,95481,5563,93696,0,0,7337,119354,2165,34866,7338,154220,California
Santa Clara,2021-01-30,4187,193364,2079,97560,2108,95804,0,0,2979,121133,1201,36067,2980,157200,California
Santa Clara,2021-01-31,2175,195539,1306,98866,869,96673,0,0,1582,122125,590,36657,1582,158782,California
Santa Clara,2021-02-01,7834,203373,3492,102358,4342,101015,0,0,6144,126588,1682,38339,6145,164927,California
Santa Clara,2021-02-02,8527,211900,2875,105233,5652,106667,0,0,6527,131125,1993,40332,6530,171457,California
Santa Clara,2021-02-03,9197,221097,3481,108714,5716,112383,0,0,6917,135774,2274,42606,6923,178380,California
Santa Clara,2021-02-04,10928,232025,4133,112847,6795,119178,0,0,8641,142141,2277,44883,8644,187024,California
Santa Clara,2021-02-05,11918,243943,4350,117197,7568,126746,0,0,8455,147149,3448,48331,8456,195480,California
Santa Clara,2021-02-06,5185,249128,2821,120018,2364,129110,0,0,4021,150012,1160,49491,4023,199503,California
Santa Clara,2021-02-07,3476,252604,2350,122368,1126,130236,0,0,3022,152582,453,49944,3023,202526,California
Santa Clara,2021-02-08,10007,262611,3481,125849,6526,136762,0,0,7294,157179,2698,52642,7295,209821,California
Santa Clara,2021-02-09,11165,273776,3820,129669,7345,144107,0,0,7670,161368,3484,56126,7673,217494,California
Santa Clara,2021-02-10,12643,286419,4913,134582,7730,151837,0,0,6836,162412,5794,61920,6838,224332,California
Santa Clara,2021-02-11,13505,299924,4721,139303,8784,160621,0,0,7665,164253,5825,67745,7666,231998,California
Santa Clara,2021-02-12,14542,314466,4493,143796,10049,170670,0,0,6977,163687,7545,75290,6979,238977,California
Santa Clara,2021-02-13,6076,320542,1461,145257,4615,175285,0,0,2220,162060,3849,79139,2222,241199,California
Santa Clara,2021-02-14,4612,325154,1143,146400,3469,178754,0,0,1467,160386,3143,82282,1469,242668,California
Santa Clara,2021-02-15,6256,331410,2800,149200,3456,182210,0,0,2694,159527,3553,85835,2694,245362,California
Santa Clara,2021-02-16,13770,345180,4000,153200,9770,191980,0,0,6928,159631,6824,92659,6928,252290,California
Santa Clara,2021-02-17,14073,359253,5493,158693,8580,200560,0,0,7049,159679,7006,99665,7054,259344,California
Santa Clara,2021-02-18,14198,373451,8365,167058,5833,206393,0,0,7234,159995,6921,106586,7237,266581,California
Santa Clara,2021-02-19,14807,388258,9519,176577,5288,211681,0,0,8615,162439,6176,112762,8620,275201,California
Santa Clara,2021-02-20,6820,395078,5106,181683,1714,213395,0,0,3674,162977,3136,115898,3674,278875,California
Santa Clara,2021-02-21,3294,398372,2475,184158,819,214214,0,0,1207,162107,2079,117977,1209,280084,California
Santa Clara,2021-02-22,10163,408535,6090,190248,4073,218287,0,0,4733,161421,5420,123397,4734,284818,California
Santa Clara,2021-02-23,11900,420435,7728,197976,4172,222459,0,0,6759,163056,5128,128525,6763,291581,California
Santa Clara,2021-02-24,14153,434588,9116,207092,5037,227496,0,0,8762,166443,5375,133900,8762,300343,California
Santa Clara,2021-02-25,14620,449208,9253,216345,5367,232863,0,0,7886,167622,6713,140613,7892,308235,California
Santa Clara,2021-02-26,14562,463770,8442,224787,6120,238983,0,0,8002,169092,6535,147148,8005,316240,California
Santa Clara,2021-02-27,8079,471849,5519,230306,2559,241542,1,1,4472,169975,3597,150745,4480,320720,California
Santa Clara,2021-02-28,4727,476576,3078,233384,1649,243191,0,1,2207,169671,2511,153256,2207,322927,California
Santa Clara,2021-03-01,14087,490663,7996,241380,6088,249279,3,4,8725,173058,5341,158597,8728,331655,California
Santa Clara,2021-03-02,16012,506675,9515,250895,6496,255775,1,5,10246,177565,5741,164338,10248,341903,California
Santa Clara,2021-03-03,18448,525123,9061,259956,9385,265160,2,7,11459,182081,6951,171289,11467,353370,California
Santa Clara,2021-03-04,16445,541568,8961,268917,7481,272641,3,10,9571,184863,6794,178083,9576,362946,California
Santa Clara,2021-03-05,16555,558123,9215,278132,7215,279856,125,135,9194,186846,7340,185423,9323,372269,California
Santa Clara,2021-03-06,9390,567513,6300,284432,2653,282509,437,572,7072,192049,2305,187728,7508,379777,California
Santa Clara,2021-03-07,6779,574292,4460,288892,2086,284595,233,805,5407,196324,1364,189092,5639,385416,California
Santa Clara,2021-03-08,12839,587131,6682,295574,5596,290191,561,1366,8225,200513,4597,193689,8786,394202,California
Santa Clara,2021-03-09,14930,602061,6216,301790,7382,297573,1332,2698,6607,200143,8304,201993,7934,402136,California
Santa Clara,2021-03-10,15016,617077,6489,308279,6422,303995,2105,4803,6121,199478,8869,210862,8204,410340,California
Santa Clara,2021-03-11,17021,634098,7752,316031,7762,311757,1507,6310,6040,196059,10953,221815,7534,417874,California
Santa Clara,2021-03-12,17635,651733,9069,325100,6997,318754,1569,7879,5954,191925,11641,233456,7507,425381,California
Santa Clara,2021-03-13,10714,662447,6196,331296,3023,321777,1495,9374,4797,192306,5894,239350,6275,431656,California
Santa Clara,2021-03-14,6483,668930,3350,334646,1825,323602,1308,10682,3159,193455,3308,242658,4457,436113,California
Santa Clara,2021-03-15,12747,681677,6519,341165,5959,329561,269,10951,5970,192939,6755,249413,6239,442352,California
Santa Clara,2021-03-16,18147,699824,10257,351422,7681,337242,209,11160,8782,192591,9336,258749,8988,451340,California
Santa Clara,2021-03-17,19833,719657,11233,362655,8431,345673,169,11329,10235,193440,9549,268298,10398,461738,California
Santa Clara,2021-03-18,19020,738677,8904,371559,8956,354629,1160,12489,9062,193753,9903,278201,10216,471954,California
Santa Clara,2021-03-19,19182,757859,9866,381425,8317,362946,999,13488,9960,195540,9163,287364,10950,482904,California
Santa Clara,2021-03-20,11481,769340,6302,387727,4351,367297,828,14316,6747,198406,4705,292069,7571,490475,California
Santa Clara,2021-03-21,8258,777598,3732,391459,3128,370425,1398,15714,5541,202628,2706,294775,6928,497403,California
Santa Clara,2021-03-22,16265,793863,9073,400532,6848,377273,344,16058,9281,205294,6958,301733,9624,507027,California
Santa Clara,2021-03-23,19183,813046,12199,412731,6469,383742,515,16573,11151,208976,7984,309717,11666,518693,California
Santa Clara,2021-03-24,22539,835585,14518,427249,7611,391353,410,16983,14629,216150,7868,317585,15042,533735,California
Santa Clara,2021-03-25,22864,858449,13091,440340,8789,400142,984,17967,14750,223820,8051,325636,15721,549456,California
Santa Clara,2021-03-26,21855,880304,13924,454264,7548,407690,383,18350,13484,229347,8335,333971,13862,563318,California
Santa Clara,2021-03-27,15636,895940,10400,464664,4471,412161,765,19115,8421,231357,7173,341144,9183,572501,California
Santa Clara,2021-03-28,11999,907939,8302,472966,2984,415145,713,19828,6458,233008,5516,346660,7167,579668,California
Santa Clara,2021-03-29,20535,928474,12592,485558,7218,422363,725,20553,11190,235609,9306,355966,11907,591575,California
Santa Clara,2021-03-30,25553,954027,15208,500766,8410,430773,1935,22488,16351,244720,9168,365134,18279,609854,California
Santa Clara,2021-03-31,20388,974415,11824,512590,7439,438212,1125,23613,12621,250729,7728,372862,13737,623591,California
Santa Clara,2021-04-01,31665,1006080,19786,532376,8874,447086,3005,26618,20056,262230,11547,384409,23048,646639,California
Santa Clara,2021-04-02,24964,1031044,14238,546614,8594,455680,2132,28750,16300,272022,8629,393038,18421,665060,California
Santa Clara,2021-04-03,15182,1046226,9192,555806,3492,459172,2498,31248,8446,276239,6718,399756,10935,675995,California
Santa Clara,2021-04-04,7620,1053846,4030,559836,2428,461600,1162,32410,3976,277738,3635,403391,5134,681129,California
Santa Clara,2021-04-05,21766,1075612,14510,574346,4794,466394,2462,34872,14214,286883,7528,410919,16673,697802,California
Santa Clara,2021-04-06,29372,1104984,16199,590545,7761,474155,5412,40284,17635,298216,11695,422614,23028,720830,California
Santa Clara,2021-04-07,30632,1135616,15825,606370,8382,482537,6425,46709,18721,311479,11858,434472,25121,745951,California
Santa Clara,2021-04-08,29674,1165290,16231,622601,5940,488477,7503,54212,16181,321702,13424,447896,23647,769598,California
Santa Clara,2021-04-09,27736,1193026,13742,636343,6829,495306,7165,61377,14175,329504,13507,461403,21309,790907,California
Santa Clara,2021-04-10,21260,1214286,12308,648651,3752,499058,5200,66577,11406,336247,9823,471226,16566,807473,California
Santa Clara,2021-04-11,15961,1230247,9563,658214,2638,501696,3760,70337,8293,340643,7638,478864,12034,819507,California
Santa Clara,2021-04-12,26749,1256996,18827,677041,5505,507201,2417,72754,18262,352870,8438,487302,20665,840172,California
Santa Clara,2021-04-13,34242,1291238,26972,704013,7243,514444,27,72781,26442,371636,7725,495027,26491,866663,California
Santa Clara,2021-04-14,36710,1327948,27856,731869,8850,523294,4,72785,26153,387323,10496,505523,26183,892846,California
Santa Clara,2021-04-15,43982,1371930,34135,766004,9846,533140,1,72786,33944,411355,9936,515459,33968,926814,California
Santa Clara,2021-04-16,38278,1410208,26258,792262,12018,545158,2,72788,27477,428120,10740,526199,27505,954319,California
Santa Clara,2021-04-17,21979,1432187,15047,807309,6931,552089,1,72789,15088,436376,6848,533047,15104,969423,California
Santa Clara,2021-04-18,16385,1448572,10648,817957,5737,557826,0,72789,10274,440577,6084,539131,10285,979708,California
Santa Clara,2021-04-19,28809,1477381,20863,838820,7945,565771,1,72790,17252,446371,11489,550620,17283,996991,California
Santa Clara,2021-04-20,36801,1514182,22365,861185,14436,580207,0,72790,22477,454658,14219,564839,22506,1019497,California
Santa Clara,2021-04-21,36667,1550849,21233,882418,15433,595640,1,72791,24279,466664,12306,577145,24312,1043809,California
Santa Clara,2021-04-22,37146,1587995,24770,907188,12375,608015,1,72792,17587,464851,19465,596610,17652,1061461,California
Santa Clara,2021-04-23,31834,1619829,19410,926598,12424,620439,0,72792,14978,463118,16762,613372,15029,1076490,California
Santa Clara,2021-04-24,20906,1640735,15258,941856,5647,626086,1,72793,11836,465978,9004,622376,11864,1088354,California
Santa Clara,2021-04-25,13529,1654264,9785,951641,3737,629823,7,72800,8628,469776,4859,627235,8657,1097011,California
Santa Clara,2021-04-26,24205,1678469,18926,970567,5221,635044,58,72858,10102,465947,14012,641247,10183,1107194,California
Santa Clara,2021-04-27,26665,1705134,19260,989827,7116,642160,289,73147,11715,463129,14859,656106,12041,1119235,California
Santa Clara,2021-04-28,25231,1730365,18605,1008432,6187,648347,439,73586,10381,459236,14768,670874,10875,1130110,California
Santa Clara,2021-04-29,23118,1753483,16793,1025225,5929,654276,396,73982,8329,453303,14722,685596,8789,1138899,California
Santa Clara,2021-04-30,22828,1776311,15665,1040890,6803,661079,360,74342,9714,450421,13029,698625,10147,1149046,California
Santa Clara,2021-05-01,17368,1793679,14444,1055334,2664,663743,260,74602,5475,444352,11845,710470,5776,1154822,California
Santa Clara,2021-05-02,11284,1804963,9362,1064696,1693,665436,229,74831,3495,440351,7747,718217,3746,1158568,California
Santa Clara,2021-05-03,22758,1827721,19352,1084048,2978,668414,428,75259,5141,428408,17545,735762,5602,1164170,California
Santa Clara,2021-05-04,30538,1858259,23932,1107980,6065,674479,541,75800,5484,409514,24957,760719,6063,1170233,California
Santa Clara,2021-05-05,32183,1890442,24471,1132451,7169,681648,543,76343,5449,388893,26638,787357,6017,1176250,California
Santa Clara,2021-05-06,35391,1925833,29496,1161947,5427,687075,468,76811,4688,363500,30570,817927,5177,1181427,California
Santa Clara,2021-05-07,32491,1958324,26156,1188103,5847,692922,488,77299,4639,340951,27717,845644,5168,1186595,California
Santa Clara,2021-05-08,16434,1974758,13367,1201470,2644,695566,423,77722,3478,331997,12871,858515,3917,1190512,California
Santa Clara,2021-05-09,10303,1985061,8939,1210409,1177,696743,187,77909,2437,326803,7831,866346,2637,1193149,California
Santa Clara,2021-05-10,20451,2005512,16356,1226765,3694,700437,401,78310,2736,312327,17635,883981,3159,1196308,California
Santa Clara,2021-05-11,21352,2026864,16114,1242879,4844,705281,394,78704,3814,299088,17454,901435,4215,1200523,California
Santa Clara,2021-05-12,19875,2046739,14557,1257436,4869,710150,449,79153,4104,287957,15697,917132,4566,1205089,California
Santa Clara,2021-05-13,26410,2073149,21455,1278891,4672,714822,283,79436,10537,282986,15796,932928,10825,1215914,California
Santa Clara,2021-05-14,26401,2099550,18233,1297124,7799,722621,369,79805,8980,275014,17332,950260,9360,1225274,California
Santa Clara,2021-05-15,19025,2118575,15037,1312161,3729,726350,259,80064,7174,270674,11787,962047,7447,1232721,California
Santa Clara,2021-05-16,11825,2130400,9521,1321682,2206,728556,98,80162,3100,265192,8681,970728,3199,1235920,California
Santa Clara,2021-05-17,15916,2146316,11767,1333449,3825,732381,324,80486,4747,259153,11110,981838,5071,1240991,California
Santa Clara,2021-05-18,6198,2152514,3778,1337227,2238,734619,182,80668,1934,257033,4233,986071,2113,1243104,California
Santa Cruz,2020-12-15,2,2,2,2,0,0,0,0,2,2,0,0,2,2,California
Santa Cruz,2020-12-16,58,60,58,60,0,0,0,0,58,60,0,0,58,60,California
Santa Cruz,2020-12-17,389,449,389,449,0,0,0,0,389,449,0,0,389,449,California
Santa Cruz,2020-12-18,464,913,464,913,0,0,0,0,464,913,0,0,464,913,California
Santa Cruz,2020-12-19,179,1092,178,1091,1,1,0,0,179,1092,0,0,179,1092,California
Santa Cruz,2020-12-20,95,1187,95,1186,0,1,0,0,95,1187,0,0,95,1187,California
Santa Cruz,2020-12-21,437,1624,437,1623,0,1,0,0,437,1624,0,0,437,1624,California
Santa Cruz,2020-12-22,423,2047,422,2045,1,2,0,0,423,2047,0,0,423,2047,California
Santa Cruz,2020-12-23,371,2418,328,2373,43,45,0,0,371,2418,0,0,371,2418,California
Santa Cruz,2020-12-24,125,2543,49,2422,76,121,0,0,125,2543,0,0,125,2543,California
Santa Cruz,2020-12-25,11,2554,11,2433,0,121,0,0,11,2554,0,0,11,2554,California
Santa Cruz,2020-12-26,65,2619,46,2479,19,140,0,0,65,2619,0,0,65,2619,California
Santa Cruz,2020-12-27,32,2651,27,2506,5,145,0,0,32,2651,0,0,32,2651,California
Santa Cruz,2020-12-28,485,3136,108,2614,377,522,0,0,485,3136,0,0,485,3136,California
Santa Cruz,2020-12-29,799,3935,370,2984,429,951,0,0,799,3935,0,0,799,3935,California
Santa Cruz,2020-12-30,356,4291,164,3148,192,1143,0,0,356,4291,0,0,356,4291,California
Santa Cruz,2020-12-31,312,4603,11,3159,301,1444,0,0,312,4603,0,0,312,4603,California
Santa Cruz,2021-01-01,33,4636,1,3160,32,1476,0,0,33,4636,0,0,33,4636,California
Santa Cruz,2021-01-02,71,4707,57,3217,14,1490,0,0,71,4707,0,0,71,4707,California
Santa Cruz,2021-01-03,15,4722,7,3224,8,1498,0,0,15,4722,0,0,15,4722,California
Santa Cruz,2021-01-04,282,5004,124,3348,158,1656,0,0,280,5002,0,0,280,5002,California
Santa Cruz,2021-01-05,566,5570,429,3777,137,1793,0,0,264,4964,302,302,264,5266,California
Santa Cruz,2021-01-06,803,6373,670,4447,133,1926,0,0,464,5090,338,640,464,5730,California
Santa Cruz,2021-01-07,538,6911,211,4658,327,2253,0,0,385,5323,153,793,386,6116,California
Santa Cruz,2021-01-08,936,7847,562,5220,374,2627,0,0,488,5364,448,1241,489,6605,California
Santa Cruz,2021-01-09,464,8311,123,5343,341,2968,0,0,410,5720,54,1295,410,7015,California
Santa Cruz,2021-01-10,80,8391,70,5413,10,2978,0,0,21,5682,59,1354,21,7036,California
Santa Cruz,2021-01-11,725,9116,591,6004,134,3112,0,0,191,5340,534,1888,192,7228,California
Santa Cruz,2021-01-12,734,9850,530,6534,204,3316,0,0,492,5590,242,2130,492,7720,California
Santa Cruz,2021-01-13,525,10375,228,6762,297,3613,0,0,441,5950,81,2211,441,8161,California
Santa Cruz,2021-01-14,560,10935,104,6866,456,4069,0,0,493,6376,67,2278,493,8654,California
Santa Cruz,2021-01-15,1458,12393,77,6943,1381,5450,0,0,1393,7707,64,2342,1395,10049,California
Santa Cruz,2021-01-16,426,12819,53,6996,373,5823,0,0,407,8095,19,2361,407,10456,California
Santa Cruz,2021-01-17,297,13116,41,7037,256,6079,0,0,272,8342,25,2386,272,10728,California
Santa Cruz,2021-01-18,1016,14132,106,7143,910,6989,0,0,954,9234,62,2448,954,11682,California
Santa Cruz,2021-01-19,1623,15755,525,7668,1098,8087,0,0,1269,10152,352,2800,1270,12952,California
Santa Cruz,2021-01-20,1242,16997,182,7850,1060,9147,0,0,1046,11005,193,2993,1046,13998,California
Santa Cruz,2021-01-21,1712,18709,201,8051,1511,10658,0,0,1604,12503,108,3101,1606,15604,California
Santa Cruz,2021-01-22,1802,20511,532,8583,1270,11928,0,0,1700,14105,99,3200,1701,17305,California
Santa Cruz,2021-01-23,402,20913,147,8730,255,12183,0,0,342,14388,59,3259,342,17647,California
Santa Cruz,2021-01-24,117,21030,21,8751,96,12279,0,0,99,14469,18,3277,99,17746,California
Santa Cruz,2021-01-25,1065,22095,363,9114,702,12981,0,0,553,14510,512,3789,553,18299,California
Santa Cruz,2021-01-26,1697,23792,249,9363,1448,14429,0,0,1184,15181,513,4302,1184,19483,California
Santa Cruz,2021-01-27,1653,25445,449,9812,1204,15633,0,0,1269,16068,382,4684,1269,20752,California
Santa Cruz,2021-01-28,1756,27201,291,10103,1465,17098,0,0,1479,17271,277,4961,1480,22232,California
Santa Cruz,2021-01-29,1735,28936,490,10593,1245,18343,0,0,1605,18747,129,5090,1605,23837,California
Santa Cruz,2021-01-30,1061,29997,310,10903,751,19094,0,0,927,19540,134,5224,927,24764,California
Santa Cruz,2021-01-31,222,30219,113,11016,109,19203,0,0,208,19734,14,5238,208,24972,California
Santa Cruz,2021-02-01,1234,31453,760,11776,474,19677,0,0,828,20156,406,5644,828,25800,California
Santa Cruz,2021-02-02,1009,32462,128,11904,881,20558,0,0,855,20858,153,5797,855,26655,California
Santa Cruz,2021-02-03,2240,34702,963,12867,1277,21835,0,0,1925,22472,311,6108,1925,28580,California
Santa Cruz,2021-02-04,1856,36558,775,13642,1081,22916,0,0,1518,23653,337,6445,1518,30098,California
Santa Cruz,2021-02-05,3169,39727,793,14435,2376,25292,0,0,2848,26181,320,6765,2848,32946,California
Santa Cruz,2021-02-06,2587,42314,163,14598,2424,27716,0,0,2241,28076,346,7111,2241,35187,California
Santa Cruz,2021-02-07,910,43224,122,14720,788,28504,0,0,892,28950,18,7129,892,36079,California
Santa Cruz,2021-02-08,717,43941,203,14923,514,29018,0,0,516,29266,200,7329,516,36595,California
Santa Cruz,2021-02-09,2377,46318,1055,15978,1322,30340,0,0,2109,31111,264,7593,2109,38704,California
Santa Cruz,2021-02-10,2203,48521,582,16560,1621,31961,0,0,1502,31922,692,8285,1503,40207,California
Santa Cruz,2021-02-11,1861,50382,319,16879,1542,33503,0,0,1333,32729,526,8811,1333,41540,California
Santa Cruz,2021-02-12,3230,53612,421,17300,2809,36312,0,0,1820,33150,1401,10212,1822,43362,California
Santa Cruz,2021-02-13,1713,55325,123,17423,1590,37902,0,0,1298,34034,414,10626,1298,44660,California
Santa Cruz,2021-02-14,1410,56735,70,17493,1340,39242,0,0,1146,34916,264,10890,1146,45806,California
Santa Cruz,2021-02-15,1585,58320,281,17774,1304,40546,0,0,567,34466,1018,11908,568,46374,California
Santa Cruz,2021-02-16,1698,60018,208,17982,1490,42036,0,0,539,33868,1137,13045,539,46913,California
Santa Cruz,2021-02-17,2925,62943,977,18959,1948,43984,0,0,1220,33399,1692,14737,1223,48136,California
Santa Cruz,2021-02-18,2885,65828,638,19597,2247,46231,0,0,1232,32982,1649,16386,1232,49368,California
Santa Cruz,2021-02-19,3274,69102,1148,20745,2126,48357,0,0,2012,33735,1259,17645,2012,51380,California
Santa Cruz,2021-02-20,2389,71491,1500,22245,889,49246,0,0,1891,35128,498,18143,1891,53271,California
Santa Cruz,2021-02-21,841,72332,373,22618,468,49714,0,0,713,35715,126,18269,713,53984,California
Santa Cruz,2021-02-22,1261,73593,969,23587,292,50006,0,0,537,35530,722,18991,537,54521,California
Santa Cruz,2021-02-23,2104,75697,940,24527,1164,51170,0,0,713,34853,1390,20381,713,55234,California
Santa Cruz,2021-02-24,3199,78896,1676,26203,1523,52693,0,0,1216,34091,1978,22359,1216,56450,California
Santa Cruz,2021-02-25,3249,82145,1437,27640,1812,54505,0,0,1784,34418,1458,23817,1785,58235,California
Santa Cruz,2021-02-26,2730,84875,767,28407,1963,56468,0,0,1554,34802,1172,24989,1556,59791,California
Santa Cruz,2021-02-27,2636,87511,933,29340,1703,58171,0,0,1835,35838,799,25788,1835,61626,California
Santa Cruz,2021-02-28,1301,88812,361,29701,940,59111,0,0,1085,36710,213,26001,1085,62711,California
Santa Cruz,2021-03-01,1831,90643,1256,30957,575,59686,0,0,691,36263,1138,27139,691,63402,California
Santa Cruz,2021-03-02,1562,92205,374,31331,1188,60874,0,0,884,36474,676,27815,887,64289,California
Santa Cruz,2021-03-03,2371,94576,635,31966,1736,62610,0,0,1300,36706,1068,28883,1300,65589,California
Santa Cruz,2021-03-04,3022,97598,1419,33385,1602,64212,1,1,2036,37769,975,29858,2038,67627,California
Santa Cruz,2021-03-05,2626,100224,499,33884,2109,66321,18,19,1145,37454,1478,31336,1163,68790,California
Santa Cruz,2021-03-06,3880,104104,1354,35238,2421,68742,105,124,2166,38009,1714,33050,2269,71059,California
Santa Cruz,2021-03-07,1347,105451,129,35367,1144,69886,74,198,557,37851,789,33839,631,71690,California
Santa Cruz,2021-03-08,1088,106539,219,35586,740,70626,129,327,656,38205,431,34270,785,72475,California
Santa Cruz,2021-03-09,1779,108318,246,35832,1386,72012,147,474,703,37982,1073,35343,850,73325,California
Santa Cruz,2021-03-10,3867,112185,2093,37925,1624,73636,150,624,1999,38267,1866,37209,2151,75476,California
Santa Cruz,2021-03-11,2812,114997,1220,39145,1417,75053,175,799,1547,38727,1264,38473,1724,77200,California
Santa Cruz,2021-03-12,2772,117769,893,40038,1585,76638,294,1093,912,38076,1856,40329,1205,78405,California
Santa Cruz,2021-03-13,2323,120092,1337,41375,942,77580,44,1137,1183,38168,1137,41466,1229,79634,California
Santa Cruz,2021-03-14,909,121001,219,41594,676,78256,14,1151,433,38141,473,41939,446,80080,California
Santa Cruz,2021-03-15,1358,122359,483,42077,839,79095,36,1187,583,37989,772,42711,620,80700,California
Santa Cruz,2021-03-16,2322,124681,1090,43167,1190,80285,42,1229,1341,38394,977,43688,1382,82082,California
Santa Cruz,2021-03-17,3879,128560,2239,45406,1630,81915,10,1239,2521,39574,1354,45042,2534,84616,California
Santa Cruz,2021-03-18,3871,132431,2093,47499,1658,83573,120,1359,2068,39962,1800,46842,2188,86804,California
Santa Cruz,2021-03-19,3283,135714,1323,48822,1734,85307,226,1585,1652,40213,1626,48468,1877,88681,California
Santa Cruz,2021-03-20,2171,137885,1615,50437,519,85826,37,1622,1095,40271,1074,49542,1132,89813,California
Santa Cruz,2021-03-21,831,138716,443,50880,266,86092,122,1744,448,40461,381,49923,571,90384,California
Santa Cruz,2021-03-22,1384,140100,857,51737,505,86597,22,1766,949,41002,431,50354,972,91356,California
Santa Cruz,2021-03-23,2571,142671,1446,53183,1075,87672,50,1816,1705,41894,863,51217,1755,93111,California
Santa Cruz,2021-03-24,3037,145708,2040,55223,976,88648,21,1837,1999,42880,1033,52250,2019,95130,California
Santa Cruz,2021-03-25,2658,148366,1336,56559,1286,89934,36,1873,1360,42985,1291,53541,1396,96526,California
Santa Cruz,2021-03-26,3039,151405,1834,58393,1178,91112,27,1900,2048,44076,984,54525,2075,98601,California
Santa Cruz,2021-03-27,3246,154651,2020,60413,1201,92313,25,1925,1526,43919,1711,56236,1554,100155,California
Santa Cruz,2021-03-28,932,155583,573,60986,345,92658,14,1939,494,43993,434,56670,508,100663,California
Santa Cruz,2021-03-29,1984,157567,890,61876,1026,93684,68,2007,1284,44648,697,57367,1352,102015,California
Santa Cruz,2021-03-30,2731,160298,821,62697,1746,95430,164,2171,1745,45573,983,58350,1908,103923,California
Santa Cruz,2021-03-31,4099,164397,2742,65439,1308,96738,49,2220,2110,45747,1985,60335,2159,106082,California
Santa Cruz,2021-04-01,4074,168471,2175,67614,1792,98530,107,2327,2071,45929,1998,62333,2180,108262,California
Santa Cruz,2021-04-02,3182,171653,1434,69048,1566,100096,182,2509,1770,46474,1407,63740,1952,110214,California
Santa Cruz,2021-04-03,2266,173919,1236,70284,895,100991,135,2644,895,46134,1369,65109,1029,111243,California
Santa Cruz,2021-04-04,944,174863,495,70779,393,101384,56,2700,555,46356,389,65498,611,111854,California
Santa Cruz,2021-04-05,2285,177148,797,71576,1318,102702,170,2870,1412,47068,872,66370,1584,113438,California
Santa Cruz,2021-04-06,3424,180572,1660,73236,1379,104081,385,3255,1983,48000,1431,67801,2363,115801,California
Santa Cruz,2021-04-07,4174,184746,1642,74878,2165,106246,367,3622,1878,47952,2292,70093,2244,118045,California
Santa Cruz,2021-04-08,4283,189029,2354,77232,1411,107657,518,4140,2524,49242,1750,71843,3040,121085,California
Santa Cruz,2021-04-09,3589,192618,1513,78745,1675,109332,401,4541,1981,50023,1602,73445,2383,123468,California
Santa Cruz,2021-04-10,2269,194887,1097,79842,920,110252,252,4793,1071,50151,1194,74639,1322,124790,California
Santa Cruz,2021-04-11,1002,195889,523,80365,385,110637,94,4887,485,50212,517,75156,578,125368,California
Santa Cruz,2021-04-12,2303,198192,833,81198,1039,111676,431,5318,1098,50550,1190,76346,1528,126896,California
Santa Cruz,2021-04-13,2907,201099,1466,82664,1439,113115,2,5320,1635,50922,1265,77611,1637,128533,California
Santa Cruz,2021-04-14,4658,205757,2278,84942,2380,115495,0,5320,2372,51017,2279,79890,2374,130907,California
Santa Cruz,2021-04-15,5041,210798,3220,88162,1821,117316,0,5320,3174,52335,1856,81746,3174,134081,California
Santa Cruz,2021-04-16,4430,215228,2547,90709,1881,119197,2,5322,2468,52851,1955,83701,2471,136552,California
Santa Cruz,2021-04-17,2280,217508,900,91609,1380,120577,0,5322,1516,53605,762,84463,1516,138068,California
Santa Cruz,2021-04-18,1077,218585,516,92125,560,121137,1,5323,600,53731,475,84938,601,138669,California
Santa Cruz,2021-04-19,2440,221025,1527,93652,912,122049,1,5324,1504,54302,933,85871,1504,140173,California
Santa Cruz,2021-04-20,3131,224156,1692,95344,1439,123488,0,5324,1774,54731,1346,87217,1775,141948,California
Santa Cruz,2021-04-21,4285,228441,2898,98242,1387,124875,0,5324,2415,55291,1855,89072,2415,144363,California
Santa Cruz,2021-04-22,4352,232793,2938,101180,1414,126289,0,5324,2446,55841,1896,90968,2446,146809,California
Santa Cruz,2021-04-23,3104,235897,1752,102932,1351,127640,1,5325,1398,55543,1697,92665,1399,148208,California
Santa Cruz,2021-04-24,2265,238162,1094,104026,1168,128808,3,5328,704,54699,1551,94216,707,148915,California
Santa Cruz,2021-04-25,1106,239268,709,104735,385,129193,12,5340,463,54538,635,94851,474,149389,California
Santa Cruz,2021-04-26,1829,241097,944,105679,871,130064,14,5354,692,54119,1126,95977,707,150096,California
Santa Cruz,2021-04-27,2816,243913,882,106561,1867,131931,67,5421,1402,54180,1408,97385,1469,151565,California
Santa Cruz,2021-04-28,3448,247361,1914,108475,1459,133390,75,5496,1814,54443,1623,99008,1886,153451,California
Santa Cruz,2021-04-29,3747,251108,2488,110963,1196,134586,63,5559,1295,53363,2439,101447,1359,154810,California
Santa Cruz,2021-04-30,2276,253384,1221,112184,1012,135598,43,5602,1015,53169,1253,102700,1059,155869,California
Santa Cruz,2021-05-01,1308,254692,1040,113224,235,135833,33,5635,605,53106,701,103401,638,156507,California
Santa Cruz,2021-05-02,647,255339,465,113689,157,135990,25,5660,211,52907,436,103837,237,156744,California
Santa Cruz,2021-05-03,1899,257238,1002,114691,830,136820,67,5727,630,52347,1258,105095,698,157442,California
Santa Cruz,2021-05-04,2712,259950,1584,116275,1058,137878,70,5797,873,51454,1835,106930,942,158384,California
Santa Cruz,2021-05-05,2715,262665,1329,117604,1325,139203,61,5858,680,50206,1993,108923,745,159129,California
Santa Cruz,2021-05-06,3865,266530,2466,120070,1180,140383,219,6077,869,48313,2978,111901,1085,160214,California
Santa Cruz,2021-05-07,2799,269329,1289,121359,1428,141811,82,6159,537,46674,2259,114160,620,160834,California
Santa Cruz,2021-05-08,1372,270701,691,122050,653,142464,28,6187,384,46101,987,115147,414,161248,California
Santa Cruz,2021-05-09,499,271200,330,122380,146,142610,23,6210,138,45904,358,115505,161,161409,California
Santa Cruz,2021-05-10,1540,272740,1219,123599,256,142866,65,6275,396,45226,1139,116644,461,161870,California
Santa Cruz,2021-05-11,1810,274550,1326,124925,408,143274,76,6351,623,44740,1184,117828,698,162568,California
Santa Cruz,2021-05-12,2530,277080,1237,126162,1219,144493,74,6425,502,43296,2021,119849,577,163145,California
Santa Cruz,2021-05-13,3182,280262,2456,128618,640,145133,86,6511,1276,42756,1903,121752,1363,164508,California
Santa Cruz,2021-05-14,2561,282823,1529,130147,992,146125,40,6551,1062,42373,1488,123240,1105,165613,California
Santa Cruz,2021-05-15,2259,285082,1310,131457,939,147064,10,6561,1109,42344,1148,124388,1119,166732,California
Santa Cruz,2021-05-16,486,285568,253,131710,216,147280,17,6578,132,42139,354,124742,149,166881,California
Santa Cruz,2021-05-17,1120,286688,694,132404,387,147667,39,6617,565,42190,554,125296,605,167486,California
Santa Cruz,2021-05-18,734,287422,560,132964,162,147829,12,6629,385,42242,345,125641,397,167883,California
Shasta,2020-12-16,131,131,131,131,0,0,0,0,131,131,0,0,131,131,California
Shasta,2020-12-17,418,549,418,549,0,0,0,0,418,549,0,0,418,549,California
Shasta,2020-12-18,166,715,166,715,0,0,0,0,166,715,0,0,166,715,California
Shasta,2020-12-19,1,716,1,716,0,0,0,0,1,716,0,0,1,716,California
Shasta,2020-12-21,79,795,79,795,0,0,0,0,79,795,0,0,79,795,California
Shasta,2020-12-22,192,987,187,982,5,5,0,0,192,987,0,0,192,987,California
Shasta,2020-12-23,173,1160,169,1151,4,9,0,0,173,1160,0,0,173,1160,California
Shasta,2020-12-24,18,1178,18,1169,0,9,0,0,18,1178,0,0,18,1178,California
Shasta,2020-12-26,4,1182,1,1170,3,12,0,0,4,1182,0,0,4,1182,California
Shasta,2020-12-27,1,1183,0,1170,1,13,0,0,1,1183,0,0,1,1183,California
Shasta,2020-12-28,40,1223,31,1201,9,22,0,0,40,1223,0,0,40,1223,California
Shasta,2020-12-29,186,1409,185,1386,1,23,0,0,186,1409,0,0,186,1409,California
Shasta,2020-12-30,178,1587,168,1554,10,33,0,0,178,1587,0,0,178,1587,California
Shasta,2020-12-31,83,1670,2,1556,81,114,0,0,83,1670,0,0,83,1670,California
Shasta,2021-01-02,2,1672,0,1556,2,116,0,0,2,1672,0,0,2,1672,California
Shasta,2021-01-03,1,1673,1,1557,0,116,0,0,1,1673,0,0,1,1673,California
Shasta,2021-01-04,372,2045,306,1863,66,182,0,0,373,2046,0,0,373,2046,California
Shasta,2021-01-05,335,2380,314,2177,21,203,0,0,254,2219,81,81,254,2300,California
Shasta,2021-01-06,466,2846,395,2572,71,274,0,0,204,2162,261,342,204,2504,California
Shasta,2021-01-07,125,2971,36,2608,89,363,0,0,104,2245,21,363,104,2608,California
Shasta,2021-01-08,525,3496,448,3056,77,440,0,0,317,2354,208,571,317,2925,California
Shasta,2021-01-09,72,3568,63,3119,9,449,0,0,70,2422,2,573,70,2995,California
Shasta,2021-01-10,5,3573,0,3119,5,454,0,0,4,2426,1,574,5,3000,California
Shasta,2021-01-11,406,3979,184,3303,222,676,0,0,371,2762,35,609,371,3371,California
Shasta,2021-01-12,485,4464,328,3631,157,833,0,0,310,2897,175,784,310,3681,California
Shasta,2021-01-13,599,5063,267,3898,332,1165,0,0,430,3158,169,953,430,4111,California
Shasta,2021-01-14,500,5563,51,3949,449,1614,0,0,482,3622,18,971,482,4593,California
Shasta,2021-01-15,691,6254,136,4085,555,2169,0,0,689,4309,2,973,689,5282,California
Shasta,2021-01-16,897,7151,54,4139,843,3012,0,0,894,5200,3,976,894,6176,California
Shasta,2021-01-17,27,7178,6,4145,21,3033,0,0,23,5219,4,980,23,6199,California
Shasta,2021-01-18,599,7777,129,4274,470,3503,0,0,591,5802,8,988,591,6790,California
Shasta,2021-01-19,1058,8835,398,4672,660,4163,0,0,910,6564,148,1136,910,7700,California
Shasta,2021-01-20,681,9516,413,5085,268,4431,0,0,494,6876,182,1318,494,8194,California
Shasta,2021-01-21,633,10149,280,5365,353,4784,0,0,610,7463,23,1341,610,8804,California
Shasta,2021-01-22,446,10595,172,5537,274,5058,0,0,440,7897,6,1347,440,9244,California
Shasta,2021-01-23,68,10663,5,5542,63,5121,0,0,67,7963,1,1348,67,9311,California
Shasta,2021-01-24,25,10688,2,5544,23,5144,0,0,24,7986,1,1349,24,9335,California
Shasta,2021-01-25,750,11438,491,6035,259,5403,0,0,464,8165,285,1634,464,9799,California
Shasta,2021-01-26,710,12148,333,6368,377,5780,0,0,476,8409,232,1866,476,10275,California
Shasta,2021-01-27,459,12607,179,6547,280,6060,0,0,410,8770,49,1915,410,10685,California
Shasta,2021-01-28,886,13493,576,7123,310,6370,0,0,664,9212,222,2137,664,11349,California
Shasta,2021-01-29,832,14325,331,7454,501,6871,0,0,642,9665,190,2327,643,11992,California
Shasta,2021-01-30,615,14940,14,7468,601,7472,0,0,606,10262,9,2336,606,12598,California
Shasta,2021-01-31,28,14968,4,7472,24,7496,0,0,26,10286,2,2338,26,12624,California
Shasta,2021-02-01,530,15498,148,7620,382,7878,0,0,386,10528,144,2482,386,13010,California
Shasta,2021-02-02,988,16486,500,8120,488,8366,0,0,896,11334,90,2572,896,13906,California
Shasta,2021-02-03,722,17208,211,8331,511,8877,0,0,487,11586,235,2807,487,14393,California
Shasta,2021-02-04,1095,18303,675,9006,420,9297,0,0,902,12296,192,2999,902,15295,California
Shasta,2021-02-05,1241,19544,165,9171,1076,10373,0,0,1034,13124,206,3205,1034,16329,California
Shasta,2021-02-06,1745,21289,41,9212,1704,12077,0,0,1722,14823,23,3228,1722,18051,California
Shasta,2021-02-07,26,21315,3,9215,23,12100,0,0,24,14845,2,3230,24,18075,California
Shasta,2021-02-08,597,21912,168,9383,429,12529,0,0,306,14860,291,3521,306,18381,California
Shasta,2021-02-09,1125,23037,655,10038,470,12999,0,0,733,15201,392,3913,733,19114,California
Shasta,2021-02-10,1125,24162,789,10827,336,13335,0,0,600,15276,526,4439,601,19715,California
Shasta,2021-02-11,886,25048,186,11013,700,14035,0,0,364,15123,517,4956,364,20079,California
Shasta,2021-02-12,1728,26776,1147,12160,581,14616,0,0,1176,15747,552,5508,1176,21255,California
Shasta,2021-02-13,1382,28158,368,12528,1014,15630,0,0,570,15505,813,6321,571,21826,California
Shasta,2021-02-14,150,28308,4,12532,146,15776,0,0,126,15607,24,6345,126,21952,California
Shasta,2021-02-15,379,28687,90,12622,289,16065,0,0,210,15648,169,6514,210,22162,California
Shasta,2021-02-16,1196,29883,522,13144,674,16739,0,0,422,15297,773,7287,422,22584,California
Shasta,2021-02-17,1034,30917,438,13582,596,17335,0,0,414,15091,620,7907,414,22998,California
Shasta,2021-02-18,948,31865,467,14049,481,17816,0,0,460,15064,488,8395,461,23459,California
Shasta,2021-02-19,1328,33193,935,14984,393,18209,0,0,861,15458,467,8862,861,24320,California
Shasta,2021-02-20,802,33995,89,15073,713,18922,0,0,303,15262,499,9361,303,24623,California
Shasta,2021-02-21,32,34027,3,15076,29,18951,0,0,10,15250,22,9383,10,24633,California
Shasta,2021-02-22,429,34456,76,15152,353,19304,0,0,178,15178,250,9633,178,24811,California
Shasta,2021-02-23,913,35369,472,15624,441,19745,0,0,327,14921,584,10217,327,25138,California
Shasta,2021-02-24,890,36259,508,16132,382,20127,0,0,273,14578,616,10833,273,25411,California
Shasta,2021-02-25,519,36778,163,16295,356,20483,0,0,163,14386,355,11188,163,25574,California
Shasta,2021-02-26,791,37569,94,16389,697,21180,0,0,331,14259,458,11646,331,25905,California
Shasta,2021-02-27,828,38397,27,16416,801,21981,0,0,188,13809,638,12284,188,26093,California
Shasta,2021-02-28,176,38573,4,16420,172,22153,0,0,126,13885,50,12334,126,26219,California
Shasta,2021-03-01,584,39157,59,16479,525,22678,0,0,295,13892,288,12622,295,26514,California
Shasta,2021-03-02,1027,40184,473,16952,554,23232,0,0,336,13539,689,13311,336,26850,California
Shasta,2021-03-03,667,40851,168,17120,499,23731,0,0,243,13358,424,13735,243,27093,California
Shasta,2021-03-04,3022,43873,2410,19530,612,24343,0,0,1791,13920,1230,14965,1792,28885,California
Shasta,2021-03-05,1543,45416,162,19692,1352,25695,29,29,793,13991,751,15716,822,29707,California
Shasta,2021-03-06,2744,48160,387,20079,2310,28005,47,76,857,13010,1885,17601,904,30611,California
Shasta,2021-03-07,92,48252,4,20083,56,28061,32,108,38,13026,54,17655,70,30681,California
Shasta,2021-03-08,570,48822,46,20129,385,28446,139,247,157,12911,411,18066,296,30977,California
Shasta,2021-03-09,1253,50075,593,20722,482,28928,178,425,698,13231,555,18621,875,31852,California
Shasta,2021-03-10,801,50876,258,20980,341,29269,202,627,136,12904,664,19285,337,32189,California
Shasta,2021-03-11,1474,52350,471,21451,731,30000,272,899,939,13583,532,19817,1211,33400,California
Shasta,2021-03-12,1529,53879,833,22284,447,30447,249,1148,397,13096,1131,20948,644,34044,California
Shasta,2021-03-13,758,54637,425,22709,232,30679,101,1249,475,13388,282,21230,574,34618,California
Shasta,2021-03-14,1019,55656,8,22717,989,31668,22,1271,880,14152,139,21369,903,35521,California
Shasta,2021-03-15,497,56153,35,22752,362,32030,100,1371,210,14174,287,21656,309,35830,California
Shasta,2021-03-16,1134,57287,148,22900,919,32949,67,1438,850,14807,284,21940,917,36747,California
Shasta,2021-03-17,735,58022,191,23091,486,33435,58,1496,396,14928,333,22273,454,37201,California
Shasta,2021-03-18,1542,59564,586,23677,852,34287,104,1600,1116,15726,422,22695,1220,38421,California
Shasta,2021-03-19,648,60212,196,23873,396,34683,56,1656,414,15963,233,22928,470,38891,California
Shasta,2021-03-20,748,60960,490,24363,244,34927,14,1670,600,16429,148,23076,614,39505,California
Shasta,2021-03-21,313,61273,298,24661,4,34931,11,1681,286,16700,26,23102,297,39802,California
Shasta,2021-03-22,347,61620,37,24698,274,35205,36,1717,199,16788,147,23249,235,40037,California
Shasta,2021-03-23,1310,62930,652,25350,599,35804,59,1776,756,17054,549,23798,815,40852,California
Shasta,2021-03-24,608,63538,156,25506,415,36219,37,1813,365,17214,242,24040,402,41254,California
Shasta,2021-03-25,1138,64676,452,25958,665,36884,21,1834,823,17747,312,24352,845,42099,California
Shasta,2021-03-26,1837,66513,1405,27363,402,37286,30,1864,1478,18897,359,24711,1509,43608,California
Shasta,2021-03-27,1597,68110,408,27771,317,37603,872,2736,576,19323,1019,25730,1445,45053,California
Shasta,2021-03-28,405,68515,299,28070,96,37699,10,2746,301,19532,102,25832,311,45364,California
Shasta,2021-03-29,418,68933,40,28110,366,38065,12,2758,164,19455,253,26085,176,45540,California
Shasta,2021-03-30,1245,70178,766,28876,462,38527,17,2775,626,19482,616,26701,643,46183,California
Shasta,2021-03-31,620,70798,207,29083,407,38934,6,2781,383,19639,232,26933,389,46572,California
Shasta,2021-04-01,893,71691,247,29330,634,39568,12,2793,574,19907,318,27251,586,47158,California
Shasta,2021-04-02,755,72446,201,29531,501,40069,53,2846,414,20036,339,27590,468,47626,California
Shasta,2021-04-03,516,72962,363,29894,134,40203,19,2865,391,20321,125,27715,410,48036,California
Shasta,2021-04-04,291,73253,175,30069,95,40298,21,2886,216,20483,75,27790,237,48273,California
Shasta,2021-04-05,444,73697,68,30137,312,40610,64,2950,255,20613,189,27979,319,48592,California
Shasta,2021-04-06,1165,74862,486,30623,504,41114,175,3125,540,20707,620,28599,714,49306,California
Shasta,2021-04-07,656,75518,213,30836,280,41394,163,3288,259,20735,393,28992,421,49727,California
Shasta,2021-04-08,1140,76658,259,31095,726,42120,155,3443,231,20213,907,29899,385,50112,California
Shasta,2021-04-09,2581,79239,2063,33158,309,42429,209,3652,2006,21858,568,30467,2213,52325,California
Shasta,2021-04-10,879,80118,592,33750,158,42587,129,3781,266,21639,613,31080,394,52719,California
Shasta,2021-04-11,1251,81369,396,34146,835,43422,20,3801,144,20700,1103,32183,164,52883,California
Shasta,2021-04-12,339,81708,8,34154,269,43691,62,3863,98,20619,240,32423,159,53042,California
Shasta,2021-04-13,1268,82976,366,34520,900,44591,2,3865,341,20038,923,33346,342,53384,California
Shasta,2021-04-14,593,83569,143,34663,448,45039,2,3867,221,19890,371,33717,223,53607,California
Shasta,2021-04-15,1069,84638,259,34922,810,45849,0,3867,303,19430,763,34480,303,53910,California
Shasta,2021-04-16,2342,86980,1848,36770,494,46343,0,3867,936,18962,1404,35884,936,54846,California
Shasta,2021-04-17,644,87624,412,37182,232,46575,0,3867,191,18701,453,36337,192,55038,California
Shasta,2021-04-18,265,87889,240,37422,25,46600,0,3867,32,18502,231,36568,32,55070,California
Shasta,2021-04-19,380,88269,27,37449,353,46953,0,3867,161,18444,219,36787,161,55231,California
Shasta,2021-04-20,1013,89282,257,37706,756,47709,0,3867,379,18190,633,37420,379,55610,California
Shasta,2021-04-21,607,89889,221,37927,386,48095,0,3867,305,18193,302,37722,305,55915,California
Shasta,2021-04-22,966,90855,285,38212,681,48776,0,3867,302,17832,663,38385,302,56217,California
Shasta,2021-04-23,660,91515,265,38477,395,49171,0,3867,329,17831,330,38715,329,56546,California
Shasta,2021-04-24,596,92111,359,38836,236,49407,1,3868,105,17446,490,39205,105,56651,California
Shasta,2021-04-25,211,92322,182,39018,28,49435,1,3869,37,17310,174,39379,38,56689,California
Shasta,2021-04-26,484,92806,53,39071,426,49861,5,3874,338,17508,144,39523,342,57031,California
Shasta,2021-04-27,536,93342,178,39249,322,50183,36,3910,297,17603,236,39759,331,57362,California
Shasta,2021-04-28,576,93918,156,39405,387,50570,33,3943,251,17561,325,40084,283,57645,California
Shasta,2021-04-29,782,94700,120,39525,639,51209,23,3966,185,17173,596,40680,208,57853,California
Shasta,2021-04-30,2265,96965,1839,41364,395,51604,31,3997,269,15477,1996,42676,300,58153,California
Shasta,2021-05-01,223,97188,20,41384,127,51731,76,4073,95,15520,128,42804,171,58324,California
Shasta,2021-05-02,46,97234,16,41400,17,51748,13,4086,19,15525,27,42831,32,58356,California
Shasta,2021-05-03,350,97584,94,41494,230,51978,26,4112,111,15424,238,43069,137,58493,California
Shasta,2021-05-04,508,98092,173,41667,298,52276,37,4149,244,15444,261,43330,281,58774,California
Shasta,2021-05-05,432,98524,139,41806,276,52552,17,4166,201,15431,231,43561,218,58992,California
Shasta,2021-05-06,693,99217,263,42069,390,52942,40,4206,297,15381,387,43948,337,59329,California
Shasta,2021-05-07,1102,100319,732,42801,331,53273,39,4245,301,14921,800,44748,340,59669,California
Shasta,2021-05-08,167,100486,83,42884,74,53347,10,4255,98,14960,68,44816,107,59776,California
Shasta,2021-05-09,66,100552,15,42899,46,53393,5,4260,35,14969,31,44847,40,59816,California
Shasta,2021-05-10,258,100810,21,42920,189,53582,48,4308,113,14985,144,44991,160,59976,California
Shasta,2021-05-11,500,101310,162,43082,191,53773,147,4455,171,14975,328,45319,318,60294,California
Shasta,2021-05-12,342,101652,141,43223,178,53951,23,4478,117,14891,224,45543,140,60434,California
Shasta,2021-05-13,524,102176,220,43443,290,54241,14,4492,189,14761,333,45876,203,60637,California
Shasta,2021-05-14,589,102765,257,43700,307,54548,25,4517,265,14729,322,46198,290,60927,California
Shasta,2021-05-15,381,103146,117,43817,162,54710,102,4619,151,14752,229,46427,252,61179,California
Shasta,2021-05-16,149,103295,117,43934,30,54740,2,4621,106,14817,43,46470,108,61287,California
Shasta,2021-05-17,446,103741,205,44139,193,54933,48,4669,223,14866,222,46692,271,61558,California
Shasta,2021-05-18,222,103963,117,44256,98,55031,7,4676,126,14903,96,46788,133,61691,California
Sierra,2020-12-18,1,1,1,1,0,0,0,0,1,1,0,0,1,1,California
Sierra,2020-12-21,2,3,2,3,0,0,0,0,2,3,0,0,2,3,California
Sierra,2020-12-22,12,15,12,15,0,0,0,0,12,15,0,0,12,15,California
Sierra,2020-12-23,4,19,4,19,0,0,0,0,4,19,0,0,4,19,California
Sierra,2020-12-28,1,20,0,19,1,1,0,0,1,20,0,0,1,20,California
Sierra,2020-12-29,49,69,7,26,42,43,0,0,49,69,0,0,49,69,California
Sierra,2020-12-30,2,71,0,26,2,45,0,0,2,71,0,0,2,71,California
Sierra,2020-12-31,13,84,0,26,13,58,0,0,13,84,0,0,13,84,California
Sierra,2021-01-01,1,85,1,27,0,58,0,0,1,85,0,0,1,85,California
Sierra,2021-01-05,64,149,2,29,62,120,0,0,64,149,0,0,64,149,California
Sierra,2021-01-06,1,150,1,30,0,120,0,0,1,150,0,0,1,150,California
Sierra,2021-01-07,21,171,1,31,20,140,0,0,20,169,1,1,20,170,California
Sierra,2021-01-08,1,172,1,32,0,140,0,0,1,170,0,1,1,171,California
Sierra,2021-01-11,3,175,3,35,0,140,0,0,0,167,3,4,0,171,California
Sierra,2021-01-12,40,215,12,47,28,168,0,0,28,183,12,16,28,199,California
Sierra,2021-01-13,4,219,3,50,1,169,0,0,1,181,3,19,1,200,California
Sierra,2021-01-14,35,254,2,52,33,202,0,0,35,216,0,19,35,235,California
Sierra,2021-01-15,3,257,1,53,2,204,0,0,3,219,0,19,3,238,California
Sierra,2021-01-18,2,259,0,53,2,206,0,0,2,221,0,19,2,240,California
Sierra,2021-01-19,32,291,0,53,32,238,0,0,32,253,0,19,32,272,California
Sierra,2021-01-20,1,292,1,54,0,238,0,0,1,254,0,19,1,273,California
Sierra,2021-01-21,52,344,0,54,52,290,0,0,52,306,0,19,52,325,California
Sierra,2021-01-22,2,346,0,54,2,292,0,0,2,308,0,19,2,327,California
Sierra,2021-01-23,2,348,0,54,2,294,0,0,2,310,0,19,2,329,California
Sierra,2021-01-26,62,410,0,54,62,356,0,0,24,296,38,57,24,353,California
Sierra,2021-01-27,4,414,4,58,0,356,0,0,0,292,4,61,0,353,California
Sierra,2021-01-28,53,467,0,58,53,409,0,0,43,325,10,71,43,396,California
Sierra,2021-01-29,2,469,0,58,2,411,0,0,2,327,0,71,2,398,California
Sierra,2021-01-30,3,472,3,61,0,411,0,0,2,328,1,72,2,400,California
Sierra,2021-02-01,1,473,0,61,1,412,0,0,0,327,1,73,0,400,California
Sierra,2021-02-02,58,531,1,62,57,469,0,0,19,307,39,112,19,419,California
Sierra,2021-02-03,6,537,5,67,1,470,0,0,5,311,1,113,5,424,California
Sierra,2021-02-04,103,640,5,72,98,568,0,0,54,316,49,162,54,478,California
Sierra,2021-02-05,6,646,4,76,2,570,0,0,5,320,1,163,5,483,California
Sierra,2021-02-09,51,697,0,76,51,621,0,0,48,365,3,166,48,531,California
Sierra,2021-02-10,5,702,2,78,3,624,0,0,4,368,1,167,4,535,California
Sierra,2021-02-11,196,898,1,79,195,819,0,0,134,440,62,229,134,669,California
Sierra,2021-02-12,20,918,0,79,20,839,0,0,20,460,0,229,20,689,California
Sierra,2021-02-13,1,919,1,80,0,839,0,0,1,461,0,229,1,690,California
Sierra,2021-02-15,2,921,2,82,0,839,0,0,0,459,2,231,0,690,California
Sierra,2021-02-16,43,964,0,82,43,882,0,0,10,436,33,264,10,700,California
Sierra,2021-02-17,4,968,0,82,4,886,0,0,1,434,3,267,1,701,California
Sierra,2021-02-18,140,1108,0,82,140,1026,0,0,91,476,49,316,91,792,California
Sierra,2021-02-19,2,1110,1,83,1,1027,0,0,1,476,1,317,1,793,California
Sierra,2021-02-20,2,1112,2,85,0,1027,0,0,0,474,2,319,0,793,California
Sierra,2021-02-22,1,1113,1,86,0,1027,0,0,1,475,0,319,1,794,California
Sierra,2021-02-23,4,1117,0,86,4,1031,0,0,4,479,0,319,4,798,California
Sierra,2021-02-24,3,1120,2,88,1,1032,0,0,3,482,0,319,3,801,California
Sierra,2021-02-25,125,1245,2,90,123,1155,0,0,58,474,66,385,58,859,California
Sierra,2021-02-26,11,1256,6,96,5,1160,0,0,4,471,7,392,4,863,California
Sierra,2021-02-27,2,1258,2,98,0,1160,0,0,0,469,2,394,0,863,California
Sierra,2021-03-01,2,1260,2,100,0,1160,0,0,0,467,2,396,0,863,California
Sierra,2021-03-02,56,1316,0,100,56,1216,0,0,38,487,18,414,38,901,California
Sierra,2021-03-03,2,1318,2,102,0,1216,0,0,1,487,1,415,1,902,California
Sierra,2021-03-04,109,1427,0,102,109,1325,0,0,60,498,49,464,60,962,California
Sierra,2021-03-05,14,1441,2,104,12,1337,0,0,12,508,2,466,12,974,California
Sierra,2021-03-07,1,1442,1,105,0,1337,0,0,0,507,1,467,0,974,California
Sierra,2021-03-08,2,1444,2,107,0,1337,0,0,2,509,0,467,2,976,California
Sierra,2021-03-09,56,1500,0,107,56,1393,0,0,12,477,44,511,12,988,California
Sierra,2021-03-10,6,1506,0,107,6,1399,0,0,4,479,2,513,4,992,California
Sierra,2021-03-11,176,1682,0,107,176,1575,0,0,44,391,132,645,44,1036,California
Sierra,2021-03-12,20,1702,1,108,19,1594,0,0,0,371,20,665,0,1036,California
Sierra,2021-03-13,28,1730,0,108,28,1622,0,0,28,399,0,665,28,1064,California
Sierra,2021-03-14,1,1731,0,108,0,1622,1,1,0,399,1,666,1,1065,California
Sierra,2021-03-15,1,1732,1,109,0,1622,0,1,0,398,1,667,0,1065,California
Sierra,2021-03-16,35,1767,0,109,34,1656,1,2,22,408,13,680,23,1088,California
Sierra,2021-03-17,4,1771,3,112,1,1657,0,2,1,406,3,683,1,1089,California
Sierra,2021-03-18,158,1929,0,112,158,1815,0,2,65,378,93,776,65,1154,California
Sierra,2021-03-19,4,1933,2,114,2,1817,0,2,1,376,3,779,1,1155,California
Sierra,2021-03-20,1,1934,0,114,1,1818,0,2,1,377,0,779,1,1156,California
Sierra,2021-03-23,22,1956,0,114,22,1840,0,2,13,381,9,788,13,1169,California
Sierra,2021-03-24,3,1959,1,115,2,1842,0,2,1,380,2,790,1,1170,California
Sierra,2021-03-25,99,2058,1,116,98,1940,0,2,50,381,49,839,50,1220,California
Sierra,2021-03-26,12,2070,1,117,11,1951,0,2,8,385,4,843,8,1228,California
Sierra,2021-03-27,2,2072,1,118,1,1952,0,2,0,383,2,845,0,1228,California
Sierra,2021-03-29,1,2073,1,119,0,1952,0,2,0,382,1,846,0,1228,California
Sierra,2021-03-30,55,2128,1,120,54,2006,0,2,22,371,33,879,22,1250,California
Sierra,2021-03-31,8,2136,0,120,8,2014,0,2,8,379,0,879,8,1258,California
Sierra,2021-04-01,64,2200,2,122,62,2076,0,2,6,329,56,935,6,1264,California
Sierra,2021-04-02,3,2203,2,124,1,2077,0,2,2,330,1,936,2,1266,California
Sierra,2021-04-04,1,2204,0,124,1,2078,0,2,0,330,0,936,0,1266,California
Sierra,2021-04-06,10,2214,0,124,10,2088,0,2,0,320,10,946,0,1266,California
Sierra,2021-04-07,14,2228,3,127,6,2094,5,7,3,318,10,956,8,1274,California
Sierra,2021-04-08,54,2282,2,129,52,2146,0,7,16,296,38,994,16,1290,California
Sierra,2021-04-09,2,2284,2,131,0,2146,0,7,1,296,1,995,1,1291,California
Sierra,2021-04-10,27,2311,0,131,27,2173,0,7,0,269,27,1022,0,1291,California
Sierra,2021-04-13,45,2356,0,131,45,2218,0,7,5,234,40,1062,5,1296,California
Sierra,2021-04-14,1,2357,0,131,1,2219,0,7,1,235,0,1062,1,1297,California
Sierra,2021-04-15,49,2406,1,132,48,2267,0,7,2,190,47,1109,2,1299,California
Sierra,2021-04-16,1,2407,0,132,1,2268,0,7,1,191,0,1109,1,1300,California
Sierra,2021-04-17,2,2409,1,133,1,2269,0,7,1,191,1,1110,1,1301,California
Sierra,2021-04-19,1,2410,1,134,0,2269,0,7,0,190,1,1111,0,1301,California
Sierra,2021-04-20,34,2444,1,135,33,2302,0,7,7,170,27,1138,7,1308,California
Sierra,2021-04-21,2,2446,1,136,1,2303,0,7,1,170,1,1139,1,1309,California
Sierra,2021-04-22,65,2511,2,138,63,2366,0,7,5,116,59,1198,5,1314,California
Sierra,2021-04-23,13,2524,0,138,13,2379,0,7,5,113,8,1206,5,1319,California
Sierra,2021-04-24,4,2528,0,138,4,2383,0,7,4,117,0,1206,4,1323,California
Sierra,2021-04-25,1,2529,1,139,0,2383,0,7,1,118,0,1206,1,1324,California
Sierra,2021-04-27,28,2557,1,140,27,2410,0,7,5,100,23,1229,5,1329,California
Sierra,2021-04-28,10,2567,2,142,8,2418,0,7,1,92,9,1238,1,1330,California
Sierra,2021-04-29,20,2587,2,144,18,2436,0,7,14,100,6,1244,14,1344,California
Sierra,2021-04-30,4,2591,2,146,2,2438,0,7,2,100,2,1246,2,1346,California
Sierra,2021-05-03,1,2592,1,147,0,2438,0,7,1,101,0,1246,1,1347,California
Sierra,2021-05-05,23,2615,0,147,23,2461,0,7,8,94,15,1261,8,1355,California
Sierra,2021-05-06,1,2616,1,148,0,2461,0,7,0,93,1,1262,0,1355,California
Sierra,2021-05-07,1,2617,1,149,0,2461,0,7,1,94,0,1262,1,1356,California
Sierra,2021-05-08,1,2618,0,149,0,2461,1,8,0,94,1,1263,1,1357,California
Sierra,2021-05-11,11,2629,0,149,4,2465,7,15,0,90,11,1274,7,1364,California
Sierra,2021-05-12,10,2639,1,150,9,2474,0,15,7,94,3,1277,7,1371,California
Sierra,2021-05-13,4,2643,3,153,1,2475,0,15,3,96,1,1278,3,1374,California
Sierra,2021-05-14,6,2649,2,155,4,2479,0,15,5,100,1,1279,5,1379,California
Sierra,2021-05-15,1,2650,0,155,0,2479,1,16,0,100,1,1280,1,1380,California
Sierra,2021-05-17,2,2652,1,156,1,2480,0,16,1,100,1,1281,1,1381,California
Sierra,2021-05-18,2,2654,1,157,1,2481,0,16,0,98,2,1283,0,1381,California
Siskiyou,2020-12-16,2,2,2,2,0,0,0,0,2,2,0,0,2,2,California
Siskiyou,2020-12-17,4,6,4,6,0,0,0,0,4,6,0,0,4,6,California
Siskiyou,2020-12-18,2,8,2,8,0,0,0,0,2,8,0,0,2,8,California
Siskiyou,2020-12-19,4,12,4,12,0,0,0,0,4,12,0,0,4,12,California
Siskiyou,2020-12-20,1,13,1,13,0,0,0,0,1,13,0,0,1,13,California
Siskiyou,2020-12-21,132,145,132,145,0,0,0,0,132,145,0,0,132,145,California
Siskiyou,2020-12-22,158,303,158,303,0,0,0,0,158,303,0,0,158,303,California
Siskiyou,2020-12-23,142,445,142,445,0,0,0,0,142,445,0,0,142,445,California
Siskiyou,2020-12-24,5,450,5,450,0,0,0,0,5,450,0,0,5,450,California
Siskiyou,2020-12-26,2,452,0,450,2,2,0,0,2,452,0,0,2,452,California
Siskiyou,2020-12-27,2,454,0,450,2,4,0,0,2,454,0,0,2,454,California
Siskiyou,2020-12-28,3,457,1,451,2,6,0,0,3,457,0,0,3,457,California
Siskiyou,2020-12-29,6,463,2,453,4,10,0,0,6,463,0,0,6,463,California
Siskiyou,2020-12-30,98,561,3,456,95,105,0,0,98,561,0,0,98,561,California
Siskiyou,2020-12-31,12,573,0,456,12,117,0,0,12,573,0,0,12,573,California
Siskiyou,2021-01-02,1,574,1,457,0,117,0,0,1,574,0,0,1,574,California
Siskiyou,2021-01-03,1,575,0,457,1,118,0,0,1,575,0,0,1,575,California
Siskiyou,2021-01-04,130,705,3,460,127,245,0,0,130,705,0,0,130,705,California
Siskiyou,2021-01-05,116,821,4,464,112,357,0,0,115,819,1,1,115,820,California
Siskiyou,2021-01-06,59,880,6,470,53,410,0,0,55,870,4,5,55,875,California
Siskiyou,2021-01-07,177,1057,4,474,173,583,0,0,176,1045,1,6,176,1051,California
Siskiyou,2021-01-08,41,1098,3,477,38,621,0,0,39,1082,2,8,39,1090,California
Siskiyou,2021-01-09,2,1100,2,479,0,621,0,0,0,1080,2,10,0,1090,California
Siskiyou,2021-01-11,226,1326,65,544,161,782,0,0,163,1180,63,73,163,1253,California
Siskiyou,2021-01-12,322,1648,274,818,48,830,0,0,89,1037,233,306,90,1343,California
Siskiyou,2021-01-13,157,1805,137,955,20,850,0,0,23,926,134,440,23,1366,California
Siskiyou,2021-01-14,26,1831,1,956,25,875,0,0,25,950,1,441,25,1391,California
Siskiyou,2021-01-15,35,1866,3,959,32,907,0,0,35,985,0,441,35,1426,California
Siskiyou,2021-01-16,7,1873,2,961,5,912,0,0,7,992,0,441,7,1433,California
Siskiyou,2021-01-17,1,1874,1,962,0,912,0,0,0,991,1,442,0,1433,California
Siskiyou,2021-01-18,77,1951,4,966,73,985,0,0,75,1064,2,444,75,1508,California
Siskiyou,2021-01-19,21,1972,1,967,20,1005,0,0,20,1083,1,445,20,1528,California
Siskiyou,2021-01-20,47,2019,35,1002,12,1017,0,0,43,1122,4,449,43,1571,California
Siskiyou,2021-01-21,42,2061,1,1003,41,1058,0,0,42,1164,0,449,42,1613,California
Siskiyou,2021-01-22,1327,3388,1175,2178,152,1210,0,0,1327,2491,0,449,1327,2940,California
Siskiyou,2021-01-23,5,3393,1,2179,4,1214,0,0,2,2490,3,452,2,2942,California
Siskiyou,2021-01-25,182,3575,8,2187,174,1388,0,0,178,2664,4,456,178,3120,California
Siskiyou,2021-01-26,148,3723,3,2190,145,1533,0,0,140,2796,8,464,140,3260,California
Siskiyou,2021-01-27,181,3904,1,2191,180,1713,0,0,126,2867,55,519,126,3386,California
Siskiyou,2021-01-28,231,4135,117,2308,114,1827,0,0,225,3086,6,525,225,3611,California
Siskiyou,2021-01-29,249,4384,3,2311,246,2073,0,0,247,3331,2,527,247,3858,California
Siskiyou,2021-01-30,3,4387,2,2313,1,2074,0,0,3,3334,0,527,3,3861,California
Siskiyou,2021-02-01,195,4582,3,2316,192,2266,0,0,105,3349,90,617,105,3966,California
Siskiyou,2021-02-02,289,4871,45,2361,244,2510,0,0,147,3354,142,759,147,4113,California
Siskiyou,2021-02-03,314,5185,1,2362,313,2823,0,0,264,3568,50,809,264,4377,California
Siskiyou,2021-02-04,322,5507,7,2369,315,3138,0,0,200,3646,122,931,200,4577,California
Siskiyou,2021-02-05,512,6019,4,2373,508,3646,0,0,348,3830,164,1095,348,4925,California
Siskiyou,2021-02-06,15,6034,0,2373,15,3661,0,0,15,3845,0,1095,15,4940,California
Siskiyou,2021-02-07,3,6037,2,2375,1,3662,0,0,3,3848,0,1095,3,4943,California
Siskiyou,2021-02-08,221,6258,5,2380,216,3878,0,0,216,4059,5,1100,216,5159,California
Siskiyou,2021-02-09,196,6454,4,2384,192,4070,0,0,163,4189,33,1133,163,5322,California
Siskiyou,2021-02-10,370,6824,40,2424,330,4400,0,0,317,4454,52,1185,317,5639,California
Siskiyou,2021-02-11,190,7014,1,2425,189,4589,0,0,174,4612,16,1201,174,5813,California
Siskiyou,2021-02-12,1690,8704,1198,3623,492,5081,0,0,501,3924,1189,2390,501,6314,California
Siskiyou,2021-02-13,36,8740,2,3625,34,5115,0,0,32,3952,4,2394,32,6346,California
Siskiyou,2021-02-14,5,8745,1,3626,4,5119,0,0,5,3957,0,2394,5,6351,California
Siskiyou,2021-02-15,107,8852,10,3636,97,5216,0,0,105,4060,2,2396,105,6456,California
Siskiyou,2021-02-16,114,8966,2,3638,112,5328,0,0,99,4144,15,2411,99,6555,California
Siskiyou,2021-02-17,185,9151,15,3653,170,5498,0,0,171,4301,14,2425,171,6726,California
Siskiyou,2021-02-18,221,9372,88,3741,133,5631,0,0,98,4276,123,2548,98,6824,California
Siskiyou,2021-02-19,71,9443,34,3775,37,5668,0,0,34,4273,37,2585,34,6858,California
Siskiyou,2021-02-20,21,9464,3,3778,18,5686,0,0,17,4286,4,2589,17,6875,California
Siskiyou,2021-02-21,1,9465,1,3779,0,5686,0,0,1,4287,0,2589,1,6876,California
Siskiyou,2021-02-22,125,9590,2,3781,123,5809,0,0,19,4200,106,2695,19,6895,California
Siskiyou,2021-02-23,197,9787,15,3796,182,5991,0,0,53,4109,144,2839,53,6948,California
Siskiyou,2021-02-24,147,9934,4,3800,143,6134,0,0,35,4032,112,2951,35,6983,California
Siskiyou,2021-02-25,301,10235,24,3824,277,6411,0,0,155,4041,146,3097,155,7138,California
Siskiyou,2021-02-26,670,10905,11,3835,659,7070,0,0,368,4107,302,3399,368,7506,California
Siskiyou,2021-02-27,33,10938,5,3840,28,7098,0,0,28,4130,5,3404,28,7534,California
Siskiyou,2021-02-28,5,10943,4,3844,1,7099,0,0,4,4133,1,3405,4,7538,California
Siskiyou,2021-03-01,280,11223,6,3850,274,7373,0,0,50,3953,230,3635,50,7588,California
Siskiyou,2021-03-02,190,11413,1,3851,189,7562,0,0,70,3903,120,3755,70,7658,California
Siskiyou,2021-03-03,345,11758,7,3858,338,7900,0,0,155,3868,190,3945,155,7813,California
Siskiyou,2021-03-04,794,12552,621,4479,173,8073,0,0,637,4348,157,4102,637,8450,California
Siskiyou,2021-03-05,326,12878,6,4485,309,8382,11,11,105,4246,218,4320,116,8566,California
Siskiyou,2021-03-06,43,12921,3,4488,33,8415,7,18,28,4266,15,4335,35,8601,California
Siskiyou,2021-03-07,12,12933,4,4492,0,8415,8,26,3,4268,9,4344,11,8612,California
Siskiyou,2021-03-08,361,13294,31,4523,295,8710,35,61,59,4060,302,4646,94,8706,California
Siskiyou,2021-03-09,164,13458,2,4525,108,8818,54,115,57,4064,107,4753,111,8817,California
Siskiyou,2021-03-10,221,13679,7,4532,184,9002,30,145,31,3935,190,4943,61,8878,California
Siskiyou,2021-03-11,475,14154,206,4738,222,9224,47,192,275,4058,199,5142,322,9200,California
Siskiyou,2021-03-12,647,14801,141,4879,467,9691,39,231,184,3820,461,5603,223,9423,California
Siskiyou,2021-03-13,428,15229,381,5260,24,9715,23,254,382,4179,46,5649,405,9828,California
Siskiyou,2021-03-14,20,15249,1,5261,3,9718,16,270,2,4179,18,5667,18,9846,California
Siskiyou,2021-03-15,454,15703,258,5519,176,9894,20,290,322,4389,132,5799,342,10188,California
Siskiyou,2021-03-16,256,15959,33,5552,206,10100,17,307,140,4431,115,5914,157,10345,California
Siskiyou,2021-03-17,202,16161,9,5561,185,10285,8,315,34,4305,168,6082,42,10387,California
Siskiyou,2021-03-18,926,17087,788,6349,126,10411,12,327,810,5011,116,6198,822,11209,California
Siskiyou,2021-03-19,68,17155,10,6359,45,10456,13,340,20,4996,48,6246,33,11242,California
Siskiyou,2021-03-20,30,17185,7,6366,18,10474,5,345,6,4983,24,6270,11,11253,California
Siskiyou,2021-03-21,10,17195,4,6370,1,10475,5,350,4,4986,6,6276,9,11262,California
Siskiyou,2021-03-22,208,17403,21,6391,165,10640,22,372,145,5093,60,6336,167,11429,California
Siskiyou,2021-03-23,196,17599,19,6410,167,10807,10,382,141,5189,55,6391,151,11580,California
Siskiyou,2021-03-24,140,17739,47,6457,93,10900,0,382,115,5279,25,6416,115,11695,California
Siskiyou,2021-03-25,572,18311,320,6777,249,11149,3,385,400,5510,172,6588,403,12098,California
Siskiyou,2021-03-26,305,18616,35,6812,270,11419,0,385,104,5415,199,6787,104,12202,California
Siskiyou,2021-03-27,37,18653,4,6816,28,11447,5,390,9,5401,28,6815,14,12216,California
Siskiyou,2021-03-28,8,18661,7,6823,1,11448,0,390,5,5403,3,6818,5,12221,California
Siskiyou,2021-03-29,98,18759,11,6834,85,11533,2,392,47,5402,50,6868,49,12270,California
Siskiyou,2021-03-30,102,18861,7,6841,94,11627,1,393,41,5383,61,6929,42,12312,California
Siskiyou,2021-03-31,189,19050,20,6861,166,11793,3,396,48,5295,140,7069,52,12364,California
Siskiyou,2021-04-01,830,19880,672,7533,158,11951,0,396,214,4893,616,7685,214,12578,California
Siskiyou,2021-04-02,347,20227,197,7730,146,12097,4,400,66,4684,279,7964,70,12648,California
Siskiyou,2021-04-03,26,20253,5,7735,14,12111,7,407,5,4675,21,7985,12,12660,California
Siskiyou,2021-04-04,2,20255,1,7736,1,12112,0,407,1,4675,1,7986,1,12661,California
Siskiyou,2021-04-05,437,20692,331,8067,80,12192,26,433,26,4317,410,8396,52,12713,California
Siskiyou,2021-04-06,220,20912,36,8103,130,12322,54,487,125,4401,94,8490,178,12891,California
Siskiyou,2021-04-07,117,21029,11,8114,64,12386,42,529,67,4460,50,8540,109,13000,California
Siskiyou,2021-04-08,349,21378,183,8297,125,12511,41,570,62,4276,287,8827,103,13103,California
Siskiyou,2021-04-09,546,21924,379,8676,130,12641,37,607,83,3935,462,9289,121,13224,California
Siskiyou,2021-04-10,46,21970,6,8682,3,12644,37,644,7,3940,39,9328,44,13268,California
Siskiyou,2021-04-11,8,21978,5,8687,1,12645,2,646,2,3938,6,9334,4,13272,California
Siskiyou,2021-04-12,129,22107,25,8712,103,12748,1,647,49,3908,80,9414,50,13322,California
Siskiyou,2021-04-13,204,22311,36,8748,167,12915,1,648,78,3861,126,9540,79,13401,California
Siskiyou,2021-04-14,157,22468,65,8813,92,13007,0,648,86,3878,69,9609,86,13487,California
Siskiyou,2021-04-15,1115,23583,955,9768,160,13167,0,648,434,3632,680,10289,434,13921,California
Siskiyou,2021-04-16,299,23882,207,9975,92,13259,0,648,268,3870,30,10319,268,14189,California
Siskiyou,2021-04-17,11,23893,8,9983,3,13262,0,648,7,3873,4,10323,7,14196,California
Siskiyou,2021-04-18,6,23899,3,9986,3,13265,0,648,2,3871,4,10327,2,14198,California
Siskiyou,2021-04-19,128,24027,25,10011,103,13368,0,648,45,3833,83,10410,45,14243,California
Siskiyou,2021-04-20,237,24264,5,10016,232,13600,0,648,94,3784,143,10553,94,14337,California
Siskiyou,2021-04-21,94,24358,10,10026,84,13684,0,648,25,3740,69,10622,25,14362,California
Siskiyou,2021-04-22,415,24773,302,10328,113,13797,0,648,50,3425,365,10987,50,14412,California
Siskiyou,2021-04-23,171,24944,13,10341,158,13955,0,648,149,3553,21,11008,149,14561,California
Siskiyou,2021-04-24,27,24971,4,10345,23,13978,0,648,19,3564,8,11016,19,14580,California
Siskiyou,2021-04-25,3,24974,0,10345,3,13981,0,648,3,3567,0,11016,3,14583,California
Siskiyou,2021-04-26,101,25075,7,10352,89,14070,5,653,25,3521,76,11092,30,14613,California
Siskiyou,2021-04-27,104,25179,4,10356,98,14168,2,655,84,3590,17,11109,86,14699,California
Siskiyou,2021-04-28,110,25289,8,10364,94,14262,8,663,52,3592,58,11167,60,14759,California
Siskiyou,2021-04-29,105,25394,14,10378,91,14353,0,663,25,3537,80,11247,25,14784,California
Siskiyou,2021-04-30,101,25495,20,10398,80,14433,1,664,44,3527,54,11301,44,14828,California
Siskiyou,2021-05-01,11,25506,7,10405,1,14434,3,667,7,3533,4,11305,10,14838,California
Siskiyou,2021-05-02,11,25517,5,10410,6,14440,0,667,9,3540,2,11307,9,14847,California
Siskiyou,2021-05-03,110,25627,23,10433,85,14525,2,669,47,3526,63,11370,49,14896,California
Siskiyou,2021-05-04,113,25740,6,10439,105,14630,2,671,60,3536,52,11422,62,14958,California
Siskiyou,2021-05-05,117,25857,21,10460,87,14717,9,680,39,3507,77,11499,48,15006,California
Siskiyou,2021-05-06,364,26221,293,10753,65,14782,6,686,187,3523,177,11676,193,15199,California
Siskiyou,2021-05-07,309,26530,219,10972,85,14867,5,691,33,3286,275,11951,38,15237,California
Siskiyou,2021-05-08,24,26554,4,10976,19,14886,1,692,18,3299,6,11957,19,15256,California
Siskiyou,2021-05-09,1,26555,0,10976,1,14887,0,692,0,3298,1,11958,0,15256,California
Siskiyou,2021-05-10,68,26623,37,11013,30,14917,1,693,20,3271,48,12006,21,15277,California
Siskiyou,2021-05-11,80,26703,4,11017,71,14988,5,698,46,3288,34,12040,51,15328,California
Siskiyou,2021-05-12,53,26756,4,11021,45,15033,4,702,16,3271,37,12077,20,15348,California
Siskiyou,2021-05-13,74,26830,31,11052,35,15068,8,710,33,3271,41,12118,41,15389,California
Siskiyou,2021-05-14,156,26986,79,11131,76,15144,1,711,91,3299,64,12182,92,15481,California
Siskiyou,2021-05-15,41,27027,15,11146,24,15168,2,713,34,3329,6,12188,36,15517,California
Siskiyou,2021-05-16,3,27030,0,11146,3,15171,0,713,2,3330,1,12189,2,15519,California
Siskiyou,2021-05-17,60,27090,2,11148,37,15208,21,734,8,3307,52,12241,29,15548,California
Siskiyou,2021-05-18,100,27190,24,11172,76,15284,0,734,38,3283,62,12303,38,15586,California
Solano,2020-12-15,4,4,4,4,0,0,0,0,4,4,0,0,4,4,California
Solano,2020-12-16,71,75,71,75,0,0,0,0,71,75,0,0,71,75,California
Solano,2020-12-17,154,229,154,229,0,0,0,0,154,229,0,0,154,229,California
Solano,2020-12-18,445,674,444,673,1,1,0,0,445,674,0,0,445,674,California
Solano,2020-12-19,518,1192,518,1191,0,1,0,0,518,1192,0,0,518,1192,California
Solano,2020-12-20,355,1547,353,1544,2,3,0,0,355,1547,0,0,355,1547,California
Solano,2020-12-21,573,2120,571,2115,2,5,0,0,573,2120,0,0,573,2120,California
Solano,2020-12-22,663,2783,630,2745,33,38,0,0,663,2783,0,0,663,2783,California
Solano,2020-12-23,861,3644,773,3518,88,126,0,0,860,3643,0,0,860,3643,California
Solano,2020-12-24,422,4066,171,3689,251,377,0,0,422,4065,0,0,422,4065,California
Solano,2020-12-25,10,4076,2,3691,8,385,0,0,10,4075,0,0,10,4075,California
Solano,2020-12-26,175,4251,48,3739,127,512,0,0,175,4250,0,0,175,4250,California
Solano,2020-12-27,104,4355,29,3768,75,587,0,0,104,4354,0,0,104,4354,California
Solano,2020-12-28,862,5217,420,4188,442,1029,0,0,862,5216,0,0,862,5216,California
Solano,2020-12-29,898,6115,376,4564,522,1551,0,0,898,6114,0,0,898,6114,California
Solano,2020-12-30,1237,7352,600,5164,637,2188,0,0,1237,7351,0,0,1237,7351,California
Solano,2020-12-31,537,7889,137,5301,400,2588,0,0,537,7888,0,0,537,7888,California
Solano,2021-01-01,15,7904,14,5315,1,2589,0,0,15,7903,0,0,15,7903,California
Solano,2021-01-02,213,8117,165,5480,48,2637,0,0,213,8116,0,0,213,8116,California
Solano,2021-01-03,57,8174,40,5520,17,2654,0,0,52,8168,0,0,52,8168,California
Solano,2021-01-04,451,8625,246,5766,205,2859,0,0,441,8606,3,3,441,8609,California
Solano,2021-01-05,730,9355,377,6143,353,3212,0,0,576,9033,149,152,576,9185,California
Solano,2021-01-06,845,10200,437,6580,408,3620,0,0,582,9354,261,413,582,9767,California
Solano,2021-01-07,1069,11269,684,7264,385,4005,0,0,612,9512,455,868,613,10380,California
Solano,2021-01-08,1141,12410,779,8043,362,4367,0,0,548,9487,575,1443,550,10930,California
Solano,2021-01-09,886,13296,763,8806,123,4490,0,0,429,9462,454,1897,429,11359,California
Solano,2021-01-10,254,13550,194,9000,60,4550,0,0,152,9512,102,1999,152,11511,California
Solano,2021-01-11,1330,14880,1119,10119,211,4761,0,0,813,9808,517,2516,813,12324,California
Solano,2021-01-12,1571,16451,1171,11290,400,5161,0,0,1020,10279,550,3066,1021,13345,California
Solano,2021-01-13,1468,17919,1007,12297,461,5622,0,0,1209,11231,257,3323,1209,14554,California
Solano,2021-01-14,1889,19808,816,13113,1073,6695,0,0,1575,12492,314,3637,1575,16129,California
Solano,2021-01-15,1696,21504,1060,14173,636,7331,0,0,1398,13592,298,3935,1398,17527,California
Solano,2021-01-16,1288,22792,902,15075,386,7717,0,0,1113,14530,175,4110,1113,18640,California
Solano,2021-01-17,1046,23838,762,15837,284,8001,0,0,1027,15538,19,4129,1027,19667,California
Solano,2021-01-18,1414,25252,856,16693,558,8559,0,0,1297,16720,117,4246,1299,20966,California
Solano,2021-01-19,1652,26904,1340,18033,312,8871,0,0,1380,17829,271,4517,1380,22346,California
Solano,2021-01-20,2034,28938,1423,19456,611,9482,0,0,1546,18890,485,5002,1546,23892,California
Solano,2021-01-21,3177,32115,1011,20467,2166,11648,0,0,2825,21364,352,5354,2826,26718,California
Solano,2021-01-22,1774,33889,846,21313,928,12576,0,0,1584,22758,190,5544,1584,28302,California
Solano,2021-01-23,737,34626,243,21556,494,13070,0,0,532,23085,206,5750,533,28835,California
Solano,2021-01-24,404,35030,61,21617,343,13413,0,0,337,23355,67,5817,337,29172,California
Solano,2021-01-25,1665,36695,628,22245,1037,14450,0,0,1111,23914,553,6370,1112,30284,California
Solano,2021-01-26,1773,38468,738,22983,1035,15485,0,0,1142,24427,630,7000,1143,31427,California
Solano,2021-01-27,1796,40264,726,23709,1070,16555,0,0,1183,25010,600,7600,1183,32610,California
Solano,2021-01-28,1959,42223,707,24416,1252,17807,0,0,1366,25785,592,8192,1367,33977,California
Solano,2021-01-29,1703,43926,786,25202,917,18724,0,0,1345,26774,356,8548,1345,35322,California
Solano,2021-01-30,713,44639,221,25423,492,19216,0,0,552,27165,161,8709,552,35874,California
Solano,2021-01-31,484,45123,394,25817,90,19306,0,0,229,27140,255,8964,230,36104,California
Solano,2021-02-01,1510,46633,989,26806,521,19827,0,0,768,27169,739,9703,768,36872,California
Solano,2021-02-02,3358,49991,1113,27919,2245,22072,0,0,2528,28871,826,10529,2528,39400,California
Solano,2021-02-03,2267,52258,1309,29228,958,23030,0,0,1163,28934,1100,11629,1163,40563,California
Solano,2021-02-04,1803,54061,912,30140,891,23921,0,0,1077,29290,721,12350,1077,41640,California
Solano,2021-02-05,3096,57157,1418,31558,1678,25599,0,0,2092,30386,996,13346,2092,43732,California
Solano,2021-02-06,3053,60210,1169,32727,1884,27483,0,0,2238,31813,811,14157,2238,45970,California
Solano,2021-02-07,847,61057,783,33510,64,27547,0,0,231,31428,616,14773,231,46201,California
Solano,2021-02-08,1751,62808,1234,34744,517,28064,0,0,710,31099,1039,15812,710,46911,California
Solano,2021-02-09,1949,64757,1486,36230,463,28527,0,0,699,30549,1249,17061,699,47610,California
Solano,2021-02-10,2266,67023,1497,37727,769,29296,0,0,821,29925,1445,18506,821,48431,California
Solano,2021-02-11,2505,69528,1488,39215,1017,30313,0,0,1197,29824,1298,19804,1197,49628,California
Solano,2021-02-12,4211,73739,1619,40834,2592,32905,0,0,2866,31352,1338,21142,2866,52494,California
Solano,2021-02-13,2866,76605,249,41083,2617,35522,0,0,2452,33393,411,21553,2452,54946,California
Solano,2021-02-14,704,77309,202,41285,502,36024,0,0,412,33516,290,21843,413,55359,California
Solano,2021-02-15,1314,78623,324,41609,990,37014,0,0,679,33561,634,22477,679,56038,California
Solano,2021-02-16,2562,81185,1388,42997,1174,38188,0,0,1667,34335,894,23371,1668,57706,California
Solano,2021-02-17,3198,84383,1452,44449,1746,39934,0,0,2160,35461,1035,24406,2161,59867,California
Solano,2021-02-18,2852,87235,845,45294,2007,41941,0,0,851,34318,1995,26401,852,60719,California
Solano,2021-02-19,2399,89634,1447,46741,952,42893,0,0,1172,34269,1223,27624,1174,61893,California
Solano,2021-02-20,2568,92202,382,47123,2186,45079,0,0,2096,35892,473,28097,2096,63989,California
Solano,2021-02-21,2194,94396,1880,49003,314,45393,0,0,1883,37468,307,28404,1883,65872,California
Solano,2021-02-22,1723,96119,1050,50053,673,46066,0,0,909,37566,812,29216,910,66782,California
Solano,2021-02-23,2859,98978,1096,51149,1763,47829,0,0,1954,38618,902,30118,1954,68736,California
Solano,2021-02-24,2477,101455,1245,52394,1232,49061,0,0,1387,38917,1088,31206,1387,70123,California
Solano,2021-02-25,2405,103860,1447,53841,958,50019,0,0,1315,39148,1084,32290,1315,71438,California
Solano,2021-02-26,3185,107045,2027,55868,1158,51177,0,0,1865,39698,1315,33605,1865,73303,California
Solano,2021-02-27,3666,110711,1387,57255,2278,53455,1,1,2966,41973,692,34297,2967,76270,California
Solano,2021-02-28,1372,112083,1041,58296,331,53786,0,1,1093,42791,276,34573,1094,77364,California
Solano,2021-03-01,2450,114533,1061,59357,1388,55174,1,2,1846,44038,600,35173,1847,79211,California
Solano,2021-03-02,2227,116760,1400,60757,827,56001,0,2,1290,44391,937,36110,1290,80501,California
Solano,2021-03-03,2214,118974,1257,62014,957,56958,0,2,1377,44940,829,36939,1378,81879,California
Solano,2021-03-04,4363,123337,3419,65433,942,57900,2,4,3145,46881,1209,38148,3150,85029,California
Solano,2021-03-05,4918,128255,1681,67114,3232,61132,5,9,3951,49880,957,39105,3956,88985,California
Solano,2021-03-06,3841,132096,831,67945,2971,64103,39,48,2644,51376,1187,40292,2683,91668,California
Solano,2021-03-07,3555,135651,749,68694,2796,66899,10,58,1959,51762,1584,41876,1970,93638,California
Solano,2021-03-08,2117,137768,1321,70015,526,67425,270,328,1600,53119,511,42387,1868,95506,California
Solano,2021-03-09,3139,140907,1512,71527,1573,68998,54,382,2246,54524,892,43279,2297,97803,California
Solano,2021-03-10,2399,143306,1745,73272,568,69566,86,468,1255,54723,1140,44419,1339,99142,California
Solano,2021-03-11,6009,149315,1752,75024,4004,73570,253,721,4960,58891,1045,45464,5213,104355,California
Solano,2021-03-12,5988,155303,1562,76586,4249,77819,177,898,3165,59414,2819,48283,3342,107697,California
Solano,2021-03-13,4576,159879,803,77389,3689,81508,84,982,2237,59405,2332,50615,2323,110020,California
Solano,2021-03-14,3993,163872,3117,80506,423,81931,453,1435,1637,59141,2351,52966,2087,112107,California
Solano,2021-03-15,4010,167882,2450,82956,1241,83172,319,1754,2511,60480,1491,54457,2830,114937,California
Solano,2021-03-16,3084,170966,1324,84280,1526,84698,234,1988,1568,60771,1511,55968,1802,116739,California
Solano,2021-03-17,6360,177326,1665,85945,4604,89302,91,2079,4897,64299,1460,57428,4988,121727,California
Solano,2021-03-18,5188,182514,1840,87785,3312,92614,36,2115,3819,66793,1361,58789,3855,125582,California
Solano,2021-03-19,3541,186055,2619,90404,849,93463,73,2188,1805,66944,1728,60517,1879,127461,California
Solano,2021-03-20,5526,191581,1667,92071,3805,97268,54,2242,2832,67145,2685,63202,2886,130347,California
Solano,2021-03-21,1668,193249,1563,93634,81,97349,24,2266,854,67210,811,64013,876,131223,California
Solano,2021-03-22,2665,195914,2035,95669,580,97929,50,2316,1668,67933,991,65004,1714,132937,California
Solano,2021-03-23,3506,199420,1664,97333,1800,99729,42,2358,1411,67294,2091,67095,1452,134389,California
Solano,2021-03-24,2817,202237,1763,99096,1019,100748,35,2393,1369,67255,1442,68537,1403,135792,California
Solano,2021-03-25,4855,207092,3979,103075,841,101589,35,2428,2279,66998,2572,71109,2315,138107,California
Solano,2021-03-26,3215,210307,2087,105162,1092,102681,36,2464,1734,67297,1472,72581,1771,139878,California
Solano,2021-03-27,4190,214497,1149,106311,3004,105685,37,2501,1794,66738,2390,74971,1831,141709,California
Solano,2021-03-28,1415,215912,1105,107416,292,105977,18,2519,554,66453,857,75828,572,142281,California
Solano,2021-03-29,3494,219406,2040,109456,1437,107414,17,2536,1592,66173,1889,77717,1609,143890,California
Solano,2021-03-30,3004,222410,2011,111467,903,108317,90,2626,1909,67079,1094,78811,2000,145890,California
Solano,2021-03-31,3126,225536,2131,113598,837,109154,158,2784,1848,67807,1275,80086,2003,147893,California
Solano,2021-04-01,5532,231068,2104,115702,3282,112436,146,2930,3498,69432,2022,82108,3647,151540,California
Solano,2021-04-02,6568,237636,2218,117920,4183,116619,167,3097,2541,68132,4012,86120,2712,154252,California
Solano,2021-04-03,1530,239166,964,118884,412,117031,154,3251,565,67888,963,87083,719,154971,California
Solano,2021-04-04,779,239945,287,119171,190,117221,302,3553,240,67895,535,87618,542,155513,California
Solano,2021-04-05,2980,242925,2037,121208,737,117958,206,3759,1513,68151,1465,89083,1721,157234,California
Solano,2021-04-06,5985,248910,1626,122834,3869,121827,490,4249,1646,65954,4333,93416,2136,159370,California
Solano,2021-04-07,5876,254786,4550,127384,933,122760,393,4642,3347,67181,2513,95929,3740,163110,California
Solano,2021-04-08,6406,261192,1782,129166,3769,126529,855,5497,1805,65260,4573,100502,2652,165762,California
Solano,2021-04-09,6244,267436,1657,130823,3746,130275,841,6338,1516,62906,4706,105208,2352,168114,California
Solano,2021-04-10,1718,269154,949,131772,449,130724,320,6658,793,63094,924,106132,1112,169226,California
Solano,2021-04-11,1226,270380,760,132532,337,131061,129,6787,637,63274,586,106718,766,169992,California
Solano,2021-04-12,3250,273630,1669,134201,1223,132284,358,7145,1341,63067,1904,108622,1697,171689,California
Solano,2021-04-13,2528,276158,1090,135291,1437,133721,1,7146,1324,63192,1200,109822,1325,173014,California
Solano,2021-04-14,6441,282599,1943,137234,4498,138219,0,7146,1849,60457,4585,114407,1850,174864,California
Solano,2021-04-15,5668,288267,2136,139370,3532,141751,0,7146,1719,58240,3936,118343,1719,176583,California
Solano,2021-04-16,3662,291929,2572,141942,1088,142839,2,7148,2277,59141,1378,119721,2279,178862,California
Solano,2021-04-17,3252,295181,1058,143000,2194,145033,0,7148,1128,58153,2117,121838,1129,179991,California
Solano,2021-04-18,1005,296186,611,143611,394,145427,0,7148,530,58209,474,122312,530,180521,California
Solano,2021-04-19,2108,298294,1161,144772,947,146374,0,7148,1173,58455,929,123241,1175,181696,California
Solano,2021-04-20,3011,301305,1836,146608,1175,147549,0,7148,1678,58804,1329,124570,1678,183374,California
Solano,2021-04-21,3557,304862,2328,148936,1229,148778,0,7148,1785,58823,1766,126336,1785,185159,California
Solano,2021-04-22,2919,307781,1474,150410,1445,150223,0,7148,1773,59452,1144,127480,1773,186932,California
Solano,2021-04-23,4129,311910,2072,152482,2057,152280,0,7148,2474,60280,1647,129127,2475,189407,California
Solano,2021-04-24,3812,315722,2280,154762,1530,153810,2,7150,2520,61598,1204,130331,2522,191929,California
Solano,2021-04-25,1430,317152,1116,155878,314,154124,0,7150,1130,62435,293,130624,1130,193059,California
Solano,2021-04-26,2457,319609,1595,157473,858,154982,4,7154,1315,62624,1130,131754,1319,194378,California
Solano,2021-04-27,2502,322111,1243,158716,1235,156217,24,7178,1430,63014,1066,132820,1456,195834,California
Solano,2021-04-28,5135,327246,4157,162873,932,157149,46,7224,3171,64277,1954,134774,3217,199051,California
Solano,2021-04-29,4144,331390,1258,164131,2855,160004,31,7255,1685,63543,2450,137224,1716,200767,California
Solano,2021-04-30,4021,335411,2185,166316,1704,161708,132,7387,1870,63406,2139,139363,2002,202769,California
Solano,2021-05-01,2125,337536,1634,167950,296,162004,195,7582,1256,63992,865,140228,1451,204220,California
Solano,2021-05-02,1192,338728,934,168884,234,162238,24,7606,669,64167,518,140746,693,204913,California
Solano,2021-05-03,1445,340173,1004,169888,354,162592,87,7693,591,63993,853,141599,679,205592,California
Solano,2021-05-04,1784,341957,1041,170929,678,163270,65,7758,799,63873,984,142583,864,206456,California
Solano,2021-05-05,2247,344204,1408,172337,728,163998,111,7869,1082,63904,1160,143743,1191,207647,California
Solano,2021-05-06,1933,346137,1175,173512,585,164583,173,8042,706,63564,1219,144962,879,208526,California
Solano,2021-05-07,2729,348866,1879,175391,735,165318,115,8157,951,62855,1773,146735,1064,209590,California
Solano,2021-05-08,1368,350234,828,176219,425,165743,115,8272,474,62553,891,147626,589,210179,California
Solano,2021-05-09,416,350650,241,176460,164,165907,11,8283,157,62465,257,147883,169,210348,California
Solano,2021-05-10,1323,351973,607,177067,614,166521,102,8385,387,62022,933,148816,490,210838,California
Solano,2021-05-11,2221,354194,1113,178180,1023,167544,85,8470,614,61119,1602,150418,699,211537,California
Solano,2021-05-12,2041,356235,1149,179329,725,168269,167,8637,679,60612,1351,151769,844,212381,California
Solano,2021-05-13,2754,358989,1946,181275,636,168905,172,8809,1444,60920,1308,153077,1616,213997,California
Solano,2021-05-14,2337,361326,1564,182839,660,169565,113,8922,993,60693,1333,154410,1106,215103,California
Solano,2021-05-15,2688,364014,2150,184989,475,170040,63,8985,1054,60187,1623,156033,1117,216220,California
Solano,2021-05-16,1108,365122,820,185809,264,170304,24,9009,107,59318,1000,157033,131,216351,California
Solano,2021-05-17,2177,367299,1195,187004,905,171209,77,9086,779,58789,1383,158416,854,217205,California
Solano,2021-05-18,1687,368986,818,187822,827,172036,42,9128,805,58762,875,159291,848,218053,California
Sonoma,2020-12-15,4,4,4,4,0,0,0,0,4,4,0,0,4,4,California
Sonoma,2020-12-16,27,31,27,31,0,0,0,0,27,31,0,0,27,31,California
Sonoma,2020-12-17,103,134,103,134,0,0,0,0,103,134,0,0,103,134,California
Sonoma,2020-12-18,421,555,421,555,0,0,0,0,421,555,0,0,421,555,California
Sonoma,2020-12-19,111,666,110,665,1,1,0,0,111,666,0,0,111,666,California
Sonoma,2020-12-20,174,840,174,839,0,1,0,0,174,840,0,0,174,840,California
Sonoma,2020-12-21,911,1751,909,1748,2,3,0,0,910,1750,0,0,910,1750,California
Sonoma,2020-12-22,1356,3107,1265,3013,91,94,0,0,1356,3106,0,0,1356,3106,California
Sonoma,2020-12-23,1607,4714,1231,4244,376,470,0,0,1608,4714,0,0,1608,4714,California
Sonoma,2020-12-24,305,5019,101,4345,204,674,0,0,305,5019,0,0,305,5019,California
Sonoma,2020-12-25,8,5027,2,4347,6,680,0,0,8,5027,0,0,8,5027,California
Sonoma,2020-12-26,268,5295,257,4604,11,691,0,0,268,5295,0,0,268,5295,California
Sonoma,2020-12-27,93,5388,80,4684,13,704,0,0,93,5388,0,0,93,5388,California
Sonoma,2020-12-28,988,6376,554,5238,434,1138,0,0,959,6347,0,0,959,6347,California
Sonoma,2020-12-29,1127,7503,775,6013,352,1490,0,0,1094,7441,0,0,1094,7441,California
Sonoma,2020-12-30,1093,8596,479,6492,614,2104,0,0,1085,8526,0,0,1085,8526,California
Sonoma,2020-12-31,517,9113,71,6563,446,2550,0,0,518,9044,0,0,518,9044,California
Sonoma,2021-01-01,12,9125,6,6569,6,2556,0,0,12,9056,0,0,12,9056,California
Sonoma,2021-01-02,131,9256,125,6694,6,2562,0,0,131,9187,0,0,131,9187,California
Sonoma,2021-01-03,25,9281,11,6705,14,2576,0,0,25,9212,0,0,25,9212,California
Sonoma,2021-01-04,341,9622,105,6810,236,2812,0,0,340,9552,0,0,340,9552,California
Sonoma,2021-01-05,438,10060,103,6913,335,3147,0,0,414,9951,15,15,414,9966,California
Sonoma,2021-01-06,947,11007,432,7345,515,3662,0,0,836,10682,105,120,836,10802,California
Sonoma,2021-01-07,1031,12038,534,7879,497,4159,0,0,862,11376,168,288,862,11664,California
Sonoma,2021-01-08,1791,13829,1233,9112,558,4717,0,0,1318,12223,471,759,1318,12982,California
Sonoma,2021-01-09,639,14468,402,9514,237,4954,0,0,591,12766,48,807,591,13573,California
Sonoma,2021-01-10,472,14940,461,9975,11,4965,0,0,278,12850,194,1001,278,13851,California
Sonoma,2021-01-11,1386,16326,1239,11214,147,5112,0,0,414,12297,967,1968,414,14265,California
Sonoma,2021-01-12,1546,17872,1293,12507,253,5365,0,0,395,11543,1149,3117,395,14660,California
Sonoma,2021-01-13,2044,19916,1367,13874,677,6042,0,0,1180,11863,861,3978,1181,15841,California
Sonoma,2021-01-14,1529,21445,800,14674,729,6771,0,0,1299,12932,230,4208,1299,17140,California
Sonoma,2021-01-15,1567,23012,637,15311,930,7701,0,0,1347,14069,211,4419,1348,18488,California
Sonoma,2021-01-16,1145,24157,617,15928,528,8229,0,0,898,14724,243,4662,898,19386,California
Sonoma,2021-01-17,670,24827,549,16477,121,8350,0,0,590,15234,80,4742,590,19976,California
Sonoma,2021-01-18,1108,25935,934,17411,174,8524,0,0,617,15361,491,5233,618,20594,California
Sonoma,2021-01-19,2098,28033,1006,18417,1092,9616,0,0,1388,16042,708,5941,1389,21983,California
Sonoma,2021-01-20,2079,30112,627,19044,1452,11068,0,0,1417,16808,652,6593,1418,23401,California
Sonoma,2021-01-21,2265,32377,648,19692,1617,12685,0,0,2046,18638,217,6810,2047,25448,California
Sonoma,2021-01-22,2741,35118,1043,20735,1698,14383,0,0,2593,21084,147,6957,2593,28041,California
Sonoma,2021-01-23,768,35886,593,21328,175,14558,0,0,661,21639,106,7063,661,28702,California
Sonoma,2021-01-24,852,36738,716,22044,136,14694,0,0,836,22459,16,7079,836,29538,California
Sonoma,2021-01-25,2173,38911,520,22564,1653,16347,0,0,1686,23658,487,7566,1686,31224,California
Sonoma,2021-01-26,2017,40928,302,22866,1715,18062,0,0,1562,24766,454,8020,1562,32786,California
Sonoma,2021-01-27,3703,44631,1282,24148,2421,20483,0,0,3130,27328,571,8591,3133,35919,California
Sonoma,2021-01-28,4119,48750,1847,25995,2272,22755,0,0,3448,30109,668,9259,3449,39368,California
Sonoma,2021-01-29,2969,51719,1412,27407,1557,24312,0,0,2134,31411,833,10092,2135,41503,California
Sonoma,2021-01-30,2584,54303,2395,29802,189,24501,0,0,2242,33312,342,10434,2243,43746,California
Sonoma,2021-01-31,777,55080,665,30467,112,24613,0,0,579,33694,197,10631,579,44325,California
Sonoma,2021-02-01,2507,57587,884,31351,1623,26236,0,0,2101,35392,403,11034,2101,46426,California
Sonoma,2021-02-02,3528,61115,1373,32724,2155,28391,0,0,2958,37782,568,11602,2958,49384,California
Sonoma,2021-02-03,4042,65157,1324,34048,2718,31109,0,0,3111,39965,928,12530,3111,52495,California
Sonoma,2021-02-04,4216,69373,1725,35773,2491,33600,0,0,3425,42602,789,13319,3426,55921,California
Sonoma,2021-02-05,4818,74191,1741,37514,3077,36677,0,0,3796,45381,1018,14337,3797,59718,California
Sonoma,2021-02-06,2661,76852,2300,39814,361,37038,0,0,2100,46921,560,14897,2100,61818,California
Sonoma,2021-02-07,1538,78390,1403,41217,135,37173,0,0,1286,47955,252,15149,1286,63104,California
Sonoma,2021-02-08,3259,81649,1034,42251,2225,39398,0,0,2676,50049,582,15731,2676,65780,California
Sonoma,2021-02-09,3572,85221,1701,43952,1871,41269,0,0,3092,52664,478,16209,3093,68873,California
Sonoma,2021-02-10,4544,89765,2480,46432,2064,43333,0,0,3537,55201,1001,17210,3538,72411,California
Sonoma,2021-02-11,5576,95341,3017,49449,2559,45892,0,0,4391,58409,1183,18393,4391,76802,California
Sonoma,2021-02-12,5906,101247,3246,52695,2660,48552,0,0,4481,61472,1421,19814,4484,81286,California
Sonoma,2021-02-13,1986,103233,1152,53847,834,49386,0,0,1201,61891,782,20596,1201,82487,California
Sonoma,2021-02-14,2317,105550,1823,55670,494,49880,0,0,1569,62713,747,21343,1569,84056,California
Sonoma,2021-02-15,2140,107690,791,56461,1349,51229,0,0,1605,63784,534,21877,1605,85661,California
Sonoma,2021-02-16,4900,112590,2053,58514,2847,54076,0,0,3643,66175,1253,23130,3644,89305,California
Sonoma,2021-02-17,5599,118189,2899,61413,2700,56776,0,0,3572,67730,2019,25149,3574,92879,California
Sonoma,2021-02-18,6925,125114,3130,64543,3795,60571,0,0,3999,68812,2918,28067,4000,96879,California
Sonoma,2021-02-19,5521,130635,1667,66210,3854,64425,0,0,3421,70139,2095,30162,3422,100301,California
Sonoma,2021-02-20,3119,133754,2839,69049,280,64705,0,0,1217,69460,1896,32058,1217,101518,California
Sonoma,2021-02-21,534,134288,426,69475,108,64813,0,0,141,69211,390,32448,141,101659,California
Sonoma,2021-02-22,2879,137167,1357,70832,1522,66335,0,0,1197,68731,1677,34125,1197,102856,California
Sonoma,2021-02-23,3373,140540,2078,72910,1295,67630,0,0,1624,68610,1745,35870,1624,104480,California
Sonoma,2021-02-24,5642,146182,2546,75456,3096,70726,0,0,2919,68812,2718,38588,2920,107400,California
Sonoma,2021-02-25,5797,151979,2239,77695,3558,74284,0,0,3111,69258,2665,41253,3111,110511,California
Sonoma,2021-02-26,6263,158242,2758,80453,3505,77789,0,0,3971,70943,2286,43539,3971,114482,California
Sonoma,2021-02-27,4032,162274,1912,82365,2120,79909,0,0,2688,72289,1342,44881,2688,117170,California
Sonoma,2021-02-28,2337,164611,1853,84218,484,80393,0,0,611,71193,1707,46588,611,117781,California
Sonoma,2021-03-01,3751,168362,1141,85359,2610,83003,0,0,1887,71227,1854,48442,1888,119669,California
Sonoma,2021-03-02,4381,172743,1509,86868,2872,85875,0,0,2558,71970,1815,50257,2558,122227,California
Sonoma,2021-03-03,5060,177803,2641,89509,2419,88294,0,0,2332,71581,2721,52978,2332,124559,California
Sonoma,2021-03-04,5935,183738,2675,92184,3260,91554,0,0,2575,70810,3346,56324,2575,127134,California
Sonoma,2021-03-05,6471,190209,2851,95035,3605,95159,15,15,2738,69847,3717,60041,2754,129888,California
Sonoma,2021-03-06,2790,192999,1221,96256,1434,96593,135,150,1919,71036,864,60905,2053,131941,California
Sonoma,2021-03-07,1709,194708,1397,97653,277,96870,35,185,380,70124,1327,62232,415,132356,California
Sonoma,2021-03-08,4059,198767,657,98310,3227,100097,175,360,2386,71021,1662,63894,2559,134915,California
Sonoma,2021-03-09,5499,204266,3013,101323,2243,102340,243,603,2680,71132,2812,66706,2923,137838,California
Sonoma,2021-03-10,5974,210240,3185,104508,2461,104801,328,931,2413,70325,3547,70253,2740,140578,California
Sonoma,2021-03-11,7534,217774,3002,107510,3711,108512,821,1752,2569,68761,4955,75208,3391,143969,California
Sonoma,2021-03-12,7397,225171,2265,109775,3771,112283,1361,3113,2104,66947,5274,80482,3460,147429,California
Sonoma,2021-03-13,3413,228584,1703,111478,1474,113757,236,3349,2012,67792,1400,81882,2245,149674,California
Sonoma,2021-03-14,1381,229965,384,111862,856,114613,141,3490,843,68240,535,82417,983,150657,California
Sonoma,2021-03-15,5229,235194,1505,113367,3339,117952,385,3875,2195,67792,3026,85443,2578,153235,California
Sonoma,2021-03-16,6280,241474,2244,115611,3805,121757,231,4106,2903,67553,3371,88814,3132,156367,California
Sonoma,2021-03-17,6748,248222,3525,119136,3043,124800,180,4286,3280,67556,3456,92270,3459,159826,California
Sonoma,2021-03-18,7128,255350,2937,122073,3576,128376,615,4901,3181,67409,3939,96209,3792,163618,California
Sonoma,2021-03-19,7491,262841,3241,125314,4019,132395,231,5132,3195,66563,4277,100486,3431,167049,California
Sonoma,2021-03-20,3699,266540,1745,127059,1125,133520,829,5961,2022,67740,1670,102156,2847,169896,California
Sonoma,2021-03-21,1383,267923,601,127660,749,134269,33,5994,1214,68822,165,102321,1247,171143,California
Sonoma,2021-03-22,4535,272458,3103,130763,1329,135598,103,6097,3423,71241,1107,103428,3526,174669,California
Sonoma,2021-03-23,5828,278286,3628,134391,2124,137722,76,6173,4408,74315,1410,104838,4484,179153,California
Sonoma,2021-03-24,6749,285035,4272,138663,2411,140133,66,6239,4116,75881,2615,107453,4181,183334,California
Sonoma,2021-03-25,7004,292039,4193,142856,2704,142837,107,6346,4235,77479,2745,110198,4343,187677,California
Sonoma,2021-03-26,7301,299340,3450,146306,3759,146596,92,6438,3786,77858,3498,113696,3877,191554,California
Sonoma,2021-03-27,3840,303180,1503,147809,1975,148571,362,6800,1117,76622,2716,116412,1480,193034,California
Sonoma,2021-03-28,1509,304689,949,148758,533,149104,27,6827,943,77029,563,116975,970,194004,California
Sonoma,2021-03-29,2901,307590,1099,149857,1769,150873,33,6860,1617,77401,1278,118253,1650,195654,California
Sonoma,2021-03-30,5783,313373,3184,153041,2537,153410,62,6922,3056,77798,2721,120974,3118,198772,California
Sonoma,2021-03-31,5582,318955,3393,156434,1974,155384,215,7137,3221,78888,2348,123322,3438,202210,California
Sonoma,2021-04-01,6740,325695,4015,160449,2388,157772,337,7474,3604,79711,3114,126436,3937,206147,California
Sonoma,2021-04-02,5923,331618,3547,163996,2267,160039,109,7583,3555,81019,2362,128798,3670,209817,California
Sonoma,2021-04-03,3644,335262,1826,165822,1593,161632,225,7808,1575,80762,2057,130855,1800,211617,California
Sonoma,2021-04-04,1062,336324,692,166514,279,161911,91,7899,658,81111,400,131255,749,212366,California
Sonoma,2021-04-05,4378,340702,607,167121,3432,165343,339,8238,1649,80376,2722,133977,1987,214353,California
Sonoma,2021-04-06,6860,347562,3474,170595,2982,168325,404,8642,3982,81896,2864,136841,4384,218737,California
Sonoma,2021-04-07,6763,354325,3813,174408,2115,170440,835,9477,3282,82536,3472,140313,4112,222849,California
Sonoma,2021-04-08,7501,361826,4098,178506,2632,173072,771,10248,4080,83971,3411,143724,4846,227695,California
Sonoma,2021-04-09,6781,368607,3770,182276,2128,175200,883,11131,3484,85049,3284,147008,4362,232057,California
Sonoma,2021-04-10,3872,372479,1686,183962,1632,176832,554,11685,1128,83992,2734,149742,1677,233734,California
Sonoma,2021-04-11,1282,373761,607,184569,593,177425,82,11767,436,83665,845,150587,518,234252,California
Sonoma,2021-04-12,4928,378689,2050,186619,2397,179822,481,12248,1840,82900,3079,153666,2314,236566,California
Sonoma,2021-04-13,7800,386489,4619,191238,3179,183001,2,12250,2960,81032,4830,158496,2962,239528,California
Sonoma,2021-04-14,6545,393034,3730,194968,2795,185796,20,12270,2530,79579,4002,162498,2549,242077,California
Sonoma,2021-04-15,7218,400252,4093,199061,3125,188921,0,12270,3567,79505,3641,166139,3567,245644,California
Sonoma,2021-04-16,6789,407041,3407,202468,3380,192301,2,12272,3849,80421,2935,169074,3851,249495,California
Sonoma,2021-04-17,3138,410179,1536,204004,1602,193903,0,12272,1531,80358,1595,170669,1532,251027,California
Sonoma,2021-04-18,1268,411447,875,204879,393,194296,0,12272,432,79955,835,171504,432,251459,California
Sonoma,2021-04-19,3309,414756,1872,206751,1436,195732,1,12273,1450,79551,1855,173359,1451,252910,California
Sonoma,2021-04-20,6263,421019,3459,210210,2804,198536,0,12273,2370,78040,3882,177241,2371,255281,California
Sonoma,2021-04-21,6449,427468,4206,214416,2241,200777,2,12275,2955,77518,3478,180719,2956,258237,California
Sonoma,2021-04-22,6161,433629,4457,218873,1704,202481,0,12275,2506,76384,3640,184359,2506,260743,California
Sonoma,2021-04-23,7381,441010,4616,223489,2759,205240,6,12281,3703,76427,3667,188026,3710,264453,California
Sonoma,2021-04-24,2750,443760,1494,224983,1242,206482,14,12295,1556,76806,1191,189217,1570,266023,California
Sonoma,2021-04-25,1082,444842,785,225768,297,206779,0,12295,431,76589,648,189865,431,266454,California
Sonoma,2021-04-26,2757,447599,1287,227055,1442,208221,28,12323,1560,76988,1189,191054,1588,268042,California
Sonoma,2021-04-27,5312,452911,3632,230687,1581,209802,99,12422,2187,76162,3112,194166,2286,270328,California
Sonoma,2021-04-28,4860,457771,3197,233884,1468,211270,195,12617,2106,75721,2737,196903,2296,272624,California
Sonoma,2021-04-29,4815,462586,3430,237314,1240,212510,145,12762,1760,74579,3047,199950,1905,274529,California
Sonoma,2021-04-30,5436,468022,3621,240935,1522,214032,293,13055,1816,73078,3609,203559,2108,276637,California
Sonoma,2021-05-01,2468,470490,1774,242709,588,214620,106,13161,1236,73192,1225,204784,1339,277976,California
Sonoma,2021-05-02,863,471353,643,243352,169,214789,51,13212,553,73487,310,205094,605,278581,California
Sonoma,2021-05-03,3177,474530,1680,245032,1352,216141,145,13357,1055,72572,2113,207207,1198,279779,California
Sonoma,2021-05-04,4573,479103,2404,247436,1992,218133,177,13534,1475,71140,3080,210287,1648,281427,California
Sonoma,2021-05-05,3667,482770,2185,249621,1290,219423,192,13726,1318,70309,2339,212626,1508,282935,California
Sonoma,2021-05-06,4498,487268,2405,252026,1966,221389,127,13853,1370,68688,3116,215742,1495,284430,California
Sonoma,2021-05-07,3584,490852,2310,254336,1152,222541,122,13975,1083,67400,2493,218235,1205,285635,California
Sonoma,2021-05-08,1846,492698,1256,255592,498,223039,92,14067,755,67160,1087,219322,847,286482,California
Sonoma,2021-05-09,511,493209,296,255888,175,223214,40,14107,183,67058,325,219647,223,286705,California
Sonoma,2021-05-10,2293,495502,1035,256923,1125,224339,133,14240,281,65470,1999,221646,411,287116,California
Sonoma,2021-05-11,3500,499002,1896,258819,1489,225828,115,14355,950,63996,2539,224185,1065,288181,California
Sonoma,2021-05-12,3890,502892,2432,261251,1323,227151,135,14490,864,61977,3018,227203,999,289180,California
Sonoma,2021-05-13,4563,507455,2689,263940,1757,228908,117,14607,1550,60640,3002,230205,1665,290845,California
Sonoma,2021-05-14,5780,513235,3578,267518,2063,230971,139,14746,2204,59423,3561,233766,2344,293189,California
Sonoma,2021-05-15,2634,515869,1953,269471,622,231593,59,14805,1740,60334,887,234653,1798,294987,California
Sonoma,2021-05-16,523,516392,441,269912,51,231644,31,14836,387,60618,134,234787,418,295405,California
Sonoma,2021-05-17,2254,518646,1712,271624,478,232122,64,14900,882,60197,1366,236153,945,296350,California
Sonoma,2021-05-18,2955,521601,2053,273677,852,232974,50,14950,956,59217,1986,238139,1006,297356,California
Stanislaus,2020-12-15,3,3,3,3,0,0,0,0,3,3,0,0,3,3,California
Stanislaus,2020-12-16,37,40,37,40,0,0,0,0,37,40,0,0,37,40,California
Stanislaus,2020-12-17,74,114,74,114,0,0,0,0,74,114,0,0,74,114,California
Stanislaus,2020-12-18,338,452,332,446,6,6,0,0,338,452,0,0,338,452,California
Stanislaus,2020-12-19,134,586,134,580,0,6,0,0,134,586,0,0,134,586,California
Stanislaus,2020-12-20,85,671,85,665,0,6,0,0,85,671,0,0,85,671,California
Stanislaus,2020-12-21,999,1670,998,1663,1,7,0,0,998,1669,0,0,998,1669,California
Stanislaus,2020-12-22,795,2465,783,2446,12,19,0,0,795,2464,0,0,795,2464,California
Stanislaus,2020-12-23,448,2913,430,2876,18,37,0,0,447,2911,0,0,447,2911,California
Stanislaus,2020-12-24,97,3010,88,2964,9,46,0,0,97,3008,0,0,97,3008,California
Stanislaus,2020-12-26,51,3061,8,2972,43,89,0,0,51,3059,0,0,51,3059,California
Stanislaus,2020-12-27,11,3072,6,2978,5,94,0,0,11,3070,0,0,11,3070,California
Stanislaus,2020-12-28,489,3561,395,3373,94,188,0,0,489,3559,0,0,489,3559,California
Stanislaus,2020-12-29,495,4056,416,3789,79,267,0,0,495,4054,0,0,495,4054,California
Stanislaus,2020-12-30,534,4590,279,4068,255,522,0,0,533,4586,1,1,533,4587,California
Stanislaus,2020-12-31,276,4866,157,4225,119,641,0,0,276,4862,0,1,276,4863,California
Stanislaus,2021-01-01,12,4878,4,4229,8,649,0,0,12,4874,0,1,12,4875,California
Stanislaus,2021-01-02,33,4911,26,4255,7,656,0,0,33,4907,0,1,33,4908,California
Stanislaus,2021-01-03,90,5001,87,4342,3,659,0,0,90,4997,0,1,90,4998,California
Stanislaus,2021-01-04,231,5232,151,4493,80,739,0,0,231,5228,0,1,231,5229,California
Stanislaus,2021-01-05,833,6065,343,4836,490,1229,0,0,809,6021,23,24,816,6045,California
Stanislaus,2021-01-06,1004,7069,600,5436,404,1633,0,0,931,6884,70,94,933,6978,California
Stanislaus,2021-01-07,1082,8151,706,6142,376,2009,0,0,891,7592,185,279,893,7871,California
Stanislaus,2021-01-08,1279,9430,723,6865,556,2565,0,0,937,8195,339,618,942,8813,California
Stanislaus,2021-01-09,286,9716,141,7006,145,2710,0,0,196,8301,90,708,196,9009,California
Stanislaus,2021-01-10,48,9764,21,7027,27,2737,0,0,29,8311,19,727,29,9038,California
Stanislaus,2021-01-11,1525,11289,1246,8273,279,3016,0,0,598,8005,922,1649,616,9654,California
Stanislaus,2021-01-12,1470,12759,864,9137,606,3622,0,0,831,8209,635,2284,839,10493,California
Stanislaus,2021-01-13,1442,14201,686,9823,756,4378,0,0,1120,9016,322,2606,1129,11622,California
Stanislaus,2021-01-14,2234,16435,282,10105,1952,6330,0,0,2066,10983,165,2771,2132,13754,California
Stanislaus,2021-01-15,2824,19259,1159,11264,1665,7995,0,0,2672,13586,148,2919,2751,16505,California
Stanislaus,2021-01-16,472,19731,51,11315,421,8416,0,0,455,14027,16,2935,457,16962,California
Stanislaus,2021-01-17,245,19976,203,11518,42,8458,0,0,238,14259,6,2941,238,17200,California
Stanislaus,2021-01-18,2187,22163,1026,12544,1161,9619,0,0,1805,15755,377,3318,1873,19073,California
Stanislaus,2021-01-19,1252,23415,723,13267,529,10148,0,0,806,16119,443,3761,807,19880,California
Stanislaus,2021-01-20,1005,24420,488,13755,517,10665,0,0,712,16539,292,4053,712,20592,California
Stanislaus,2021-01-21,3686,28106,2973,16728,713,11378,0,0,3364,19686,320,4373,3467,24059,California
Stanislaus,2021-01-22,1095,29201,309,17037,786,12164,0,0,1050,20699,41,4414,1054,25113,California
Stanislaus,2021-01-23,358,29559,44,17081,314,12478,0,0,300,20943,57,4471,301,25414,California
Stanislaus,2021-01-24,302,29861,101,17182,201,12679,0,0,236,21115,66,4537,238,25652,California
Stanislaus,2021-01-25,3156,33017,228,17410,2928,15607,0,0,2838,23812,282,4819,2979,28631,California
Stanislaus,2021-01-26,1725,34742,745,18155,980,16587,0,0,1300,24709,419,5238,1316,29947,California
Stanislaus,2021-01-27,1892,36634,1053,19208,839,17426,0,0,1188,25238,660,5898,1189,31136,California
Stanislaus,2021-01-28,2212,38846,1515,20723,697,18123,0,0,1724,26539,480,6378,1781,32917,California
Stanislaus,2021-01-29,2435,41281,1192,21915,1243,19366,0,0,1907,28011,483,6861,1955,34872,California
Stanislaus,2021-01-30,292,41573,131,22046,161,19527,0,0,229,28188,52,6913,229,35101,California
Stanislaus,2021-01-31,369,41942,315,22361,54,19581,0,0,353,28528,13,6926,353,35454,California
Stanislaus,2021-02-01,1267,43209,558,22919,709,20290,0,0,919,29110,337,7263,919,36373,California
Stanislaus,2021-02-02,1236,44445,375,23294,861,21151,0,0,780,29448,446,7709,784,37157,California
Stanislaus,2021-02-03,2576,47021,1195,24489,1381,22532,0,0,1900,30686,671,8380,1909,39066,California
Stanislaus,2021-02-04,2106,49127,727,25216,1379,23911,0,0,1586,31772,506,8886,1592,40658,California
Stanislaus,2021-02-05,2844,51971,1465,26681,1379,25290,0,0,1586,32171,1200,10086,1599,42257,California
Stanislaus,2021-02-06,886,52857,302,26983,584,25874,0,0,694,32676,190,10276,695,42952,California
Stanislaus,2021-02-07,231,53088,207,27190,24,25898,0,0,41,32531,187,10463,42,42994,California
Stanislaus,2021-02-08,2028,55116,1329,28519,699,26597,0,0,1098,32752,894,11357,1115,44109,California
Stanislaus,2021-02-09,1836,56952,780,29299,1056,27653,0,0,1045,33033,770,12127,1051,45160,California
Stanislaus,2021-02-10,1934,58886,533,29832,1401,29054,0,0,1011,33144,902,13029,1013,46173,California
Stanislaus,2021-02-11,5382,64268,3265,33097,2117,31171,0,0,1227,30419,3957,16986,1232,47405,California
Stanislaus,2021-02-12,3295,67563,914,34011,2381,33552,0,0,1450,30107,1768,18754,1456,48861,California
Stanislaus,2021-02-13,1351,68914,651,34662,700,34252,0,0,981,30727,365,19119,985,49846,California
Stanislaus,2021-02-14,422,69336,167,34829,255,34507,0,0,354,31015,66,19185,354,50200,California
Stanislaus,2021-02-15,1811,71147,230,35059,1581,36088,0,0,580,30477,1122,20307,584,50784,California
Stanislaus,2021-02-16,1359,72506,421,35480,938,37026,0,0,579,30288,770,21077,581,51365,California
Stanislaus,2021-02-17,2748,75254,1685,37165,1063,38089,0,0,1922,31397,821,21898,1930,53295,California
Stanislaus,2021-02-18,3362,78616,1903,39068,1459,39548,0,0,1791,31718,1488,23386,1809,55104,California
Stanislaus,2021-02-19,2751,81367,1060,40128,1691,41239,0,0,1521,32062,1190,24576,1534,56638,California
Stanislaus,2021-02-20,746,82113,379,40507,367,41606,0,0,471,32278,257,24833,473,57111,California
Stanislaus,2021-02-21,907,83020,692,41199,215,41821,0,0,546,32498,337,25170,557,57668,California
Stanislaus,2021-02-22,2340,85360,1690,42889,650,42471,0,0,1626,33437,688,25858,1627,59295,California
Stanislaus,2021-02-23,3692,89052,678,43567,3014,45485,0,0,1723,33348,1819,27677,1730,61025,California
Stanislaus,2021-02-24,4170,93222,2845,46412,1325,46810,0,0,3116,35431,1036,28713,3119,64144,California
Stanislaus,2021-02-25,3883,97105,2647,49059,1236,48046,0,0,3080,37730,784,29497,3083,67227,California
Stanislaus,2021-02-26,4184,101289,1215,50274,2969,51015,0,0,2827,39264,1303,30800,2837,70064,California
Stanislaus,2021-02-27,2090,103379,708,50982,1381,52396,1,1,1857,40918,205,31005,1859,71923,California
Stanislaus,2021-02-28,818,104197,262,51244,556,52952,0,1,770,41650,39,31044,771,72694,California
Stanislaus,2021-03-01,2767,106964,1628,52872,1138,54090,1,2,1629,42184,1105,32149,1639,74333,California
Stanislaus,2021-03-02,2384,109348,1418,54290,965,55055,1,3,1655,43123,719,32868,1658,75991,California
Stanislaus,2021-03-03,3709,113057,2228,56518,1479,56534,2,5,2905,45241,787,33655,2905,78896,California
Stanislaus,2021-03-04,5433,118490,3102,59620,2315,58849,16,21,4189,48226,1216,34871,4201,83097,California
Stanislaus,2021-03-05,4021,122511,1116,60736,2889,61738,16,37,3053,50353,942,35813,3069,86166,California
Stanislaus,2021-03-06,3573,126084,2225,62961,1255,62993,93,130,2722,52323,847,36660,2817,88983,California
Stanislaus,2021-03-07,847,126931,386,63347,425,63418,36,166,659,52836,182,36842,695,89678,California
Stanislaus,2021-03-08,1985,128916,856,64203,1040,64458,89,255,1325,53605,644,37486,1413,91091,California
Stanislaus,2021-03-09,2174,131090,897,65100,1184,65642,93,348,1631,54802,531,38017,1728,92819,California
Stanislaus,2021-03-10,5058,136148,2495,67595,2341,67983,222,570,3738,57473,1302,39319,3973,96792,California
Stanislaus,2021-03-11,5712,141860,3137,70732,2099,70082,476,1046,4124,60652,1426,40745,4605,101397,California
Stanislaus,2021-03-12,5759,147619,1225,71957,2613,72695,1921,2967,2911,62654,2824,43569,4826,106223,California
Stanislaus,2021-03-13,3380,150999,2180,74137,1132,73827,68,3035,2688,64731,684,44253,2761,108984,California
Stanislaus,2021-03-14,997,151996,595,74732,351,74178,51,3086,489,64769,505,44758,543,109527,California
Stanislaus,2021-03-15,3685,155681,1972,76704,1355,75533,358,3444,1604,64751,1986,46744,1968,111495,California
Stanislaus,2021-03-16,4905,160586,2440,79144,2054,77587,411,3855,3533,67342,1353,48097,3944,115439,California
Stanislaus,2021-03-17,4715,165301,2854,81998,1683,79270,178,4033,2882,68598,1810,49907,3066,118505,California
Stanislaus,2021-03-18,5412,170713,3415,85413,1931,81201,66,4099,2975,69355,2288,52195,3045,121550,California
Stanislaus,2021-03-19,5913,176626,1528,86941,2861,84062,1524,5623,3099,71191,2784,54979,4620,126170,California
Stanislaus,2021-03-20,3837,180463,3003,89944,766,84828,68,5691,3365,74160,465,55444,3434,129604,California
Stanislaus,2021-03-21,983,181446,883,90827,35,84863,65,5756,746,74736,235,55679,811,130415,California
Stanislaus,2021-03-22,2811,184257,1322,92149,764,85627,725,6481,1240,75152,1550,57229,1966,132381,California
Stanislaus,2021-03-23,3943,188200,2018,94167,1665,87292,260,6741,2811,77126,1116,58345,3090,135471,California
Stanislaus,2021-03-24,4537,192737,3212,97379,1257,88549,68,6809,2637,77979,1855,60200,2708,138179,California
Stanislaus,2021-03-25,4231,196968,2905,100284,1310,89859,16,6825,1812,77466,2342,62542,1829,140008,California
Stanislaus,2021-03-26,4713,201681,1333,101617,3305,93164,75,6900,2368,77612,2311,64853,2457,142465,California
Stanislaus,2021-03-27,4345,206026,2716,104333,1580,94744,49,6949,1376,76092,2953,67806,1433,143898,California
Stanislaus,2021-03-28,1102,207128,439,104772,557,95301,106,7055,320,75753,770,68576,431,144329,California
Stanislaus,2021-03-29,2972,210100,1821,106593,1112,96413,39,7094,1984,76804,978,69554,2029,146358,California
Stanislaus,2021-03-30,3666,213766,2054,108647,1585,97998,27,7121,2234,77647,1424,70978,2267,148625,California
Stanislaus,2021-03-31,5400,219166,3829,112476,1453,99451,118,7239,2768,77921,2615,73593,2889,151514,California
Stanislaus,2021-04-01,5726,224892,3830,116306,1806,101257,90,7329,2625,77562,3085,76678,2726,154240,California
Stanislaus,2021-04-02,4996,229888,1211,117517,3633,104890,152,7481,2248,77310,2663,79341,2411,156651,California
Stanislaus,2021-04-03,4541,234429,3299,120816,1205,106095,37,7518,2240,77307,2292,81633,2289,158940,California
Stanislaus,2021-04-04,1319,235748,472,121288,817,106912,30,7548,650,77330,663,82296,686,159626,California
Stanislaus,2021-04-05,3631,239379,2530,123818,852,107764,249,7797,2355,78671,1267,83563,2608,162234,California
Stanislaus,2021-04-06,5735,245114,4159,127977,1303,109067,273,8070,3081,79391,2641,86204,3361,165595,California
Stanislaus,2021-04-07,6343,251457,3597,131574,2326,111393,420,8490,2829,79148,3498,89702,3255,168850,California
Stanislaus,2021-04-08,5671,257128,3320,134894,1920,113313,431,8921,2767,79467,2884,92586,3203,172053,California
Stanislaus,2021-04-09,4816,261944,2104,136998,2341,115654,371,9292,2185,79427,2608,95194,2568,174621,California
Stanislaus,2021-04-10,6482,268426,3983,140981,860,116514,1639,10931,1999,78599,4459,99653,3631,178252,California
Stanislaus,2021-04-11,1524,269950,852,141833,539,117053,133,11064,668,78547,854,100507,802,179054,California
Stanislaus,2021-04-12,3591,273541,2045,143878,1101,118154,445,11509,1875,79175,1700,102207,2328,181382,California
Stanislaus,2021-04-13,5191,278732,3418,147296,1760,119914,13,11522,2920,79868,2233,104440,2926,184308,California
Stanislaus,2021-04-14,4644,283376,3250,150546,1393,121307,1,11523,2256,79772,2357,106797,2261,186569,California
Stanislaus,2021-04-15,5380,288756,3310,153856,2068,123375,2,11525,3239,80909,2105,108902,3242,189811,California
Stanislaus,2021-04-16,4289,293045,990,154846,3298,126673,1,11526,1819,80301,2430,111332,1822,191633,California
Stanislaus,2021-04-17,3137,296182,2103,156949,1034,127707,0,11526,1833,80844,1294,112626,1837,193470,California
Stanislaus,2021-04-18,529,296711,216,157165,313,128020,0,11526,405,81134,117,112743,407,193877,California
Stanislaus,2021-04-19,3446,300157,2444,159609,1001,129021,1,11527,1633,80994,1782,114525,1642,195519,California
Stanislaus,2021-04-20,3978,304135,2416,162025,1562,130583,0,11527,1749,80544,2201,116726,1751,197270,California
Stanislaus,2021-04-21,3812,307947,2551,164576,1260,131843,1,11528,1604,79982,2173,118899,1611,198881,California
Stanislaus,2021-04-22,3942,311889,2401,166977,1541,133384,0,11528,1576,79242,2322,121221,1582,200463,California
Stanislaus,2021-04-23,3588,315477,842,167819,2745,136129,1,11529,1474,78701,2023,123244,1482,201945,California
Stanislaus,2021-04-24,3731,319208,2928,170747,803,136932,0,11529,1740,78473,1975,125219,1747,203692,California
Stanislaus,2021-04-25,932,320140,476,171223,456,137388,0,11529,683,78917,244,125463,688,204380,California
Stanislaus,2021-04-26,3244,323384,2284,173507,954,138342,6,11535,963,77631,2263,127726,977,205357,California
Stanislaus,2021-04-27,3925,327309,2738,176245,1145,139487,42,11577,1107,75984,2797,130523,1150,206507,California
Stanislaus,2021-04-28,4127,331436,2906,179151,1159,140646,62,11639,1805,75558,2305,132828,1879,208386,California
Stanislaus,2021-04-29,3587,335023,2243,181394,1296,141942,48,11687,1409,74861,2163,134991,1466,209852,California
Stanislaus,2021-04-30,4488,339511,2046,183440,2358,144300,84,11771,1777,74029,2701,137692,1869,211721,California
Stanislaus,2021-05-01,2699,342210,1920,185360,739,145039,40,11811,1008,73403,1682,139374,1056,212777,California
Stanislaus,2021-05-02,1071,343281,612,185972,423,145462,36,11847,517,73413,548,139922,558,213335,California
Stanislaus,2021-05-03,2408,345689,1923,187895,415,145877,70,11917,909,72909,1486,141408,982,214317,California
Stanislaus,2021-05-04,3423,349112,2434,190329,901,146778,88,12005,1029,71648,2385,143793,1124,215441,California
Stanislaus,2021-05-05,3152,352264,2117,192446,961,147739,74,12079,1066,70725,2067,145860,1144,216585,California
Stanislaus,2021-05-06,3088,355352,2297,194743,685,148424,106,12185,1014,69794,2058,147918,1127,217712,California
Stanislaus,2021-05-07,2280,357632,885,195628,1253,149677,142,12327,939,69544,1333,149251,1083,218795,California
Stanislaus,2021-05-08,1954,359586,1335,196963,586,150263,33,12360,710,69063,1231,150482,750,219545,California
Stanislaus,2021-05-09,703,360289,335,197298,341,150604,27,12387,305,68998,397,150879,332,219877,California
Stanislaus,2021-05-10,1656,361945,1135,198433,443,151047,78,12465,447,68325,1199,152078,526,220403,California
Stanislaus,2021-05-11,2325,364270,1467,199900,703,151750,155,12620,653,67474,1663,153741,812,221215,California
Stanislaus,2021-05-12,2125,366395,1215,201115,808,152558,102,12722,817,67099,1296,155037,921,222136,California
Stanislaus,2021-05-13,1840,368235,1019,202134,706,153264,115,12837,830,67042,1004,156041,947,223083,California
Stanislaus,2021-05-14,2495,370730,1121,203255,1241,154505,133,12970,1145,66983,1338,157379,1279,224362,California
Stanislaus,2021-05-15,2430,373160,1738,204993,644,155149,48,13018,1172,66960,1250,158629,1227,225589,California
Stanislaus,2021-05-16,591,373751,337,205330,251,155400,3,13021,307,66993,278,158907,311,225900,California
Stanislaus,2021-05-17,1581,375332,998,206328,507,155907,76,13097,715,66926,863,159770,796,226696,California
Stanislaus,2021-05-18,1221,376553,847,207175,273,156180,101,13198,495,66802,720,160490,596,227292,California
Sutter,2020-12-15,1,1,1,1,0,0,0,0,1,1,0,0,1,1,California
Sutter,2020-12-16,4,5,4,5,0,0,0,0,4,5,0,0,4,5,California
Sutter,2020-12-17,2,7,2,7,0,0,0,0,2,7,0,0,2,7,California
Sutter,2020-12-18,20,27,20,27,0,0,0,0,20,27,0,0,20,27,California
Sutter,2020-12-19,44,71,44,71,0,0,0,0,44,71,0,0,44,71,California
Sutter,2020-12-20,42,113,42,113,0,0,0,0,42,113,0,0,42,113,California
Sutter,2020-12-21,100,213,100,213,0,0,0,0,100,213,0,0,100,213,California
Sutter,2020-12-22,172,385,172,385,0,0,0,0,172,385,0,0,172,385,California
Sutter,2020-12-23,116,501,111,496,5,5,0,0,116,501,0,0,116,501,California
Sutter,2020-12-24,17,518,11,507,6,11,0,0,17,518,0,0,17,518,California
Sutter,2020-12-26,38,556,34,541,4,15,0,0,38,556,0,0,38,556,California
Sutter,2020-12-27,24,580,23,564,1,16,0,0,24,580,0,0,24,580,California
Sutter,2020-12-28,83,663,55,619,28,44,0,0,83,663,0,0,83,663,California
Sutter,2020-12-29,101,764,14,633,87,131,0,0,101,764,0,0,101,764,California
Sutter,2020-12-30,137,901,34,667,103,234,0,0,137,901,0,0,137,901,California
Sutter,2020-12-31,70,971,6,673,64,298,0,0,70,971,0,0,70,971,California
Sutter,2021-01-01,3,974,3,676,0,298,0,0,3,974,0,0,3,974,California
Sutter,2021-01-02,131,1105,129,805,2,300,0,0,131,1105,0,0,131,1105,California
Sutter,2021-01-03,1,1106,0,805,1,301,0,0,1,1106,0,0,1,1106,California
Sutter,2021-01-04,247,1353,139,944,108,409,0,0,247,1353,0,0,247,1353,California
Sutter,2021-01-05,100,1453,57,1001,43,452,0,0,98,1449,2,2,98,1451,California
Sutter,2021-01-06,204,1657,50,1051,154,606,0,0,199,1643,5,7,199,1650,California
Sutter,2021-01-07,251,1908,151,1202,100,706,0,0,242,1877,8,15,242,1892,California
Sutter,2021-01-08,147,2055,40,1242,107,813,0,0,130,1990,17,32,130,2022,California
Sutter,2021-01-09,46,2101,43,1285,3,816,0,0,5,1954,41,73,5,2027,California
Sutter,2021-01-10,397,2498,37,1322,360,1176,0,0,359,2276,37,110,359,2386,California
Sutter,2021-01-11,132,2630,114,1436,18,1194,0,0,26,2196,106,216,26,2412,California
Sutter,2021-01-12,201,2831,164,1600,37,1231,0,0,58,2111,143,359,58,2470,California
Sutter,2021-01-13,161,2992,98,1698,63,1294,0,0,71,2093,89,448,71,2541,California
Sutter,2021-01-14,145,3137,49,1747,96,1390,0,0,126,2200,19,467,126,2667,California
Sutter,2021-01-15,437,3574,132,1879,305,1695,0,0,422,2607,15,482,422,3089,California
Sutter,2021-01-16,384,3958,41,1920,343,2038,0,0,353,2930,30,512,353,3442,California
Sutter,2021-01-17,26,3984,24,1944,2,2040,0,0,10,2924,16,528,10,3452,California
Sutter,2021-01-18,117,4101,62,2006,55,2095,0,0,70,2947,47,575,70,3522,California
Sutter,2021-01-19,104,4205,43,2049,61,2156,0,0,79,3001,25,600,79,3601,California
Sutter,2021-01-20,254,4459,190,2239,64,2220,0,0,234,3215,20,620,234,3835,California
Sutter,2021-01-21,472,4931,303,2542,169,2389,0,0,453,3649,19,639,453,4288,California
Sutter,2021-01-22,269,5200,81,2623,188,2577,0,0,260,3900,9,648,260,4548,California
Sutter,2021-01-23,396,5596,39,2662,357,2934,0,0,370,4244,26,674,370,4918,California
Sutter,2021-01-24,17,5613,14,2676,3,2937,0,0,15,4257,2,676,15,4933,California
Sutter,2021-01-25,307,5920,197,2873,110,3047,0,0,152,4255,154,830,152,5085,California
Sutter,2021-01-26,248,6168,108,2981,140,3187,0,0,144,4296,103,933,144,5229,California
Sutter,2021-01-27,386,6554,255,3236,131,3318,0,0,320,4550,66,999,320,5549,California
Sutter,2021-01-28,524,7078,301,3537,223,3541,0,0,394,4815,129,1128,394,5943,California
Sutter,2021-01-29,419,7497,146,3683,273,3814,0,0,254,4904,165,1293,254,6197,California
Sutter,2021-01-30,775,8272,38,3721,737,4551,0,0,764,5657,11,1304,764,6961,California
Sutter,2021-01-31,27,8299,27,3748,0,4551,0,0,27,5684,0,1304,27,6988,California
Sutter,2021-02-01,166,8465,50,3798,116,4667,0,0,135,5788,31,1335,135,7123,California
Sutter,2021-02-02,244,8709,27,3825,217,4884,0,0,212,5968,32,1367,212,7335,California
Sutter,2021-02-03,443,9152,38,3863,405,5289,0,0,210,5945,233,1600,210,7545,California
Sutter,2021-02-04,670,9822,366,4229,304,5593,0,0,620,6515,50,1650,620,8165,California
Sutter,2021-02-05,286,10108,33,4262,253,5846,0,0,137,6503,149,1799,137,8302,California
Sutter,2021-02-06,735,10843,29,4291,706,6552,0,0,713,7194,22,1821,713,9015,California
Sutter,2021-02-07,23,10866,20,4311,3,6555,0,0,19,7209,4,1825,19,9034,California
Sutter,2021-02-08,134,11000,29,4340,105,6660,0,0,98,7271,36,1861,98,9132,California
Sutter,2021-02-09,244,11244,45,4385,199,6859,0,0,183,7393,61,1922,183,9315,California
Sutter,2021-02-10,818,12062,379,4764,439,7298,0,0,177,6930,640,2562,177,9492,California
Sutter,2021-02-11,603,12665,275,5039,328,7626,0,0,345,7017,258,2820,345,9837,California
Sutter,2021-02-12,633,13298,67,5106,566,8192,0,0,310,7005,322,3142,310,10147,California
Sutter,2021-02-13,898,14196,49,5155,849,9041,0,0,781,7669,117,3259,781,10928,California
Sutter,2021-02-14,90,14286,25,5180,65,9106,0,0,79,7737,11,3270,79,11007,California
Sutter,2021-02-15,198,14484,73,5253,125,9231,0,0,119,7777,79,3349,119,11126,California
Sutter,2021-02-16,289,14773,45,5298,244,9475,0,0,205,7899,83,3432,205,11331,California
Sutter,2021-02-17,823,15596,428,5726,395,9870,0,0,129,7334,694,4126,129,11460,California
Sutter,2021-02-18,700,16296,55,5781,645,10515,0,0,489,7613,210,4336,489,11949,California
Sutter,2021-02-19,664,16960,378,6159,286,10801,0,0,461,7873,201,4537,461,12410,California
Sutter,2021-02-20,622,17582,55,6214,567,11368,0,0,519,8290,102,4639,519,12929,California
Sutter,2021-02-21,29,17611,26,6240,3,11371,0,0,6,8273,23,4662,6,12935,California
Sutter,2021-02-22,207,17818,122,6362,85,11456,0,0,87,8240,120,4782,87,13022,California
Sutter,2021-02-23,223,18041,33,6395,190,11646,0,0,97,8211,126,4908,97,13119,California
Sutter,2021-02-24,962,19003,349,6744,613,12259,0,0,192,7634,769,5677,192,13311,California
Sutter,2021-02-25,786,19789,499,7243,287,12546,0,0,605,8061,178,5855,605,13916,California
Sutter,2021-02-26,370,20159,59,7302,311,12857,0,0,154,8001,214,6069,154,14070,California
Sutter,2021-02-27,866,21025,45,7347,821,13678,0,0,711,8555,157,6226,711,14781,California
Sutter,2021-02-28,83,21108,38,7385,45,13723,0,0,64,8601,18,6244,64,14845,California
Sutter,2021-03-01,247,21355,61,7446,186,13909,0,0,150,8654,97,6341,150,14995,California
Sutter,2021-03-02,334,21689,57,7503,277,14186,0,0,160,8641,173,6514,160,15155,California
Sutter,2021-03-03,1383,23072,513,8016,870,15056,0,0,645,8554,732,7246,645,15800,California
Sutter,2021-03-04,1258,24330,869,8885,389,15445,0,0,950,9200,304,7550,950,16750,California
Sutter,2021-03-05,338,24668,78,8963,259,15704,1,1,205,9274,132,7682,206,16956,California
Sutter,2021-03-06,1022,25690,46,9009,971,16675,5,6,860,9977,162,7844,865,17821,California
Sutter,2021-03-07,64,25754,23,9032,40,16715,1,7,44,10002,20,7864,45,17866,California
Sutter,2021-03-08,226,25980,79,9111,135,16850,12,19,158,10104,68,7932,170,18036,California
Sutter,2021-03-09,385,26365,136,9247,236,17086,13,32,183,10098,202,8134,196,18232,California
Sutter,2021-03-10,1571,27936,683,9930,827,17913,61,93,527,9645,1041,9175,588,18820,California
Sutter,2021-03-11,895,28831,442,10372,434,18347,19,112,648,10068,244,9419,667,19487,California
Sutter,2021-03-12,673,29504,110,10482,381,18728,182,294,199,9976,471,9890,379,19866,California
Sutter,2021-03-13,982,30486,748,11230,217,18945,17,311,779,10571,201,10091,796,20662,California
Sutter,2021-03-14,128,30614,21,11251,96,19041,11,322,43,10540,85,10176,54,20716,California
Sutter,2021-03-15,318,30932,66,11317,203,19244,49,371,151,10574,166,10342,200,20916,California
Sutter,2021-03-16,388,31320,86,11403,255,19499,47,418,210,10652,178,10520,256,21172,California
Sutter,2021-03-17,1498,32818,564,11967,914,20413,20,438,312,9805,1178,11698,331,21503,California
Sutter,2021-03-18,968,33786,180,12147,587,21000,201,639,569,10176,398,12096,769,22272,California
Sutter,2021-03-19,463,34249,165,12312,269,21269,29,668,284,10312,177,12273,313,22585,California
Sutter,2021-03-20,949,35198,116,12428,822,22091,11,679,860,11094,89,12362,871,23456,California
Sutter,2021-03-21,67,35265,47,12475,17,22108,3,682,37,11104,30,12392,40,23496,California
Sutter,2021-03-22,287,35552,120,12595,141,22249,26,708,212,11268,74,12466,238,23734,California
Sutter,2021-03-23,377,35929,116,12711,229,22478,32,740,255,11433,122,12588,287,24021,California
Sutter,2021-03-24,1688,37617,774,13485,844,23322,70,810,317,10463,1357,13945,387,24408,California
Sutter,2021-03-25,1041,38658,681,14166,319,23641,41,851,370,10206,668,14613,411,24819,California
Sutter,2021-03-26,486,39144,173,14339,296,23937,17,868,294,10328,189,14802,311,25130,California
Sutter,2021-03-27,931,40075,63,14402,866,24803,2,870,823,11048,105,14907,825,25955,California
Sutter,2021-03-28,125,40200,71,14473,54,24857,0,870,78,11081,45,14952,78,26033,California
Sutter,2021-03-29,427,40627,144,14617,228,25085,55,925,225,11161,200,15152,280,26313,California
Sutter,2021-03-30,478,41105,160,14777,308,25393,10,935,318,11329,160,15312,328,26641,California
Sutter,2021-03-31,1250,42355,176,14953,1058,26451,16,951,448,11001,792,16104,464,27105,California
Sutter,2021-04-01,1381,43736,736,15689,458,26909,187,1138,425,10665,949,17053,613,27718,California
Sutter,2021-04-02,513,44249,100,15789,295,27204,118,1256,201,10670,311,17364,316,28034,California
Sutter,2021-04-03,910,45159,77,15866,210,27414,623,1879,121,10627,787,18151,744,28778,California
Sutter,2021-04-04,118,45277,22,15888,90,27504,6,1885,55,10625,63,18214,61,28839,California
Sutter,2021-04-05,369,45646,146,16034,187,27691,36,1921,178,10651,188,18402,214,29053,California
Sutter,2021-04-06,508,46154,197,16231,255,27946,56,1977,272,10744,235,18637,328,29381,California
Sutter,2021-04-07,1463,47617,865,17096,523,28469,75,2052,601,10565,855,19492,676,30057,California
Sutter,2021-04-08,1036,48653,576,17672,351,28820,109,2161,570,10781,461,19953,677,30734,California
Sutter,2021-04-09,560,49213,247,17919,249,29069,64,2225,234,10755,324,20277,298,31032,California
Sutter,2021-04-10,818,50031,106,18025,87,29156,625,2850,106,10768,710,20987,723,31755,California
Sutter,2021-04-11,111,50142,28,18053,40,29196,43,2893,32,10764,79,21066,75,31830,California
Sutter,2021-04-12,336,50478,91,18144,191,29387,54,2947,136,10754,200,21266,190,32020,California
Sutter,2021-04-13,430,50908,128,18272,302,29689,0,2947,215,10756,213,21479,215,32235,California
Sutter,2021-04-14,1292,52200,161,18433,1130,30819,1,2948,213,9897,1073,22552,214,32449,California
Sutter,2021-04-15,535,52735,175,18608,360,31179,0,2948,213,9790,320,22872,213,32662,California
Sutter,2021-04-16,393,53128,123,18731,270,31449,0,2948,180,9758,212,23084,180,32842,California
Sutter,2021-04-17,577,53705,84,18815,493,31942,0,2948,505,10193,70,23154,505,33347,California
Sutter,2021-04-18,69,53774,10,18825,59,32001,0,2948,42,10209,26,23180,42,33389,California
Sutter,2021-04-19,288,54062,110,18935,178,32179,0,2948,120,10163,166,23346,120,33509,California
Sutter,2021-04-20,416,54478,136,19071,279,32458,1,2949,202,10152,213,23559,202,33711,California
Sutter,2021-04-21,1234,55712,421,19492,813,33271,0,2949,476,9879,749,24308,476,34187,California
Sutter,2021-04-22,480,56192,167,19659,313,33584,0,2949,247,9895,231,24539,247,34434,California
Sutter,2021-04-23,397,56589,115,19774,282,33866,0,2949,186,9871,210,24749,186,34620,California
Sutter,2021-04-24,326,56915,106,19880,219,34085,1,2950,185,9917,140,24889,186,34806,California
Sutter,2021-04-25,157,57072,75,19955,82,34167,0,2950,86,9935,68,24957,86,34892,California
Sutter,2021-04-26,287,57359,88,20043,197,34364,2,2952,123,9898,162,25119,125,35017,California
Sutter,2021-04-27,526,57885,265,20308,257,34621,4,2956,242,9863,281,25400,246,35263,California
Sutter,2021-04-28,816,58701,340,20648,468,35089,8,2964,260,9580,551,25951,268,35531,California
Sutter,2021-04-29,776,59477,136,20784,639,35728,1,2965,311,9430,462,26413,312,35843,California
Sutter,2021-04-30,357,59834,108,20892,236,35964,13,2978,145,9378,209,26622,157,36000,California
Sutter,2021-05-01,294,60128,105,20997,148,36112,41,3019,124,9376,167,26789,165,36165,California
Sutter,2021-05-02,79,60207,52,21049,25,36137,2,3021,45,9389,34,26823,47,36212,California
Sutter,2021-05-03,169,60376,107,21156,53,36190,9,3030,69,9367,100,26923,78,36290,California
Sutter,2021-05-04,522,60898,236,21392,222,36412,64,3094,221,9353,298,27221,284,36574,California
Sutter,2021-05-05,535,61433,141,21533,386,36798,8,3102,159,9151,369,27590,167,36741,California
Sutter,2021-05-06,426,61859,231,21764,175,36973,20,3122,192,9129,234,27824,212,36953,California
Sutter,2021-05-07,406,62265,145,21909,239,37212,22,3144,153,9052,252,28076,175,37128,California
Sutter,2021-05-08,196,62461,49,21958,141,37353,6,3150,106,9074,90,28166,112,37240,California
Sutter,2021-05-09,81,62542,52,22010,24,37377,5,3155,56,9110,25,28191,61,37301,California
Sutter,2021-05-10,188,62730,42,22052,129,37506,17,3172,47,9035,139,28330,64,37365,California
Sutter,2021-05-11,431,63161,212,22264,202,37708,17,3189,178,8980,249,28579,194,37559,California
Sutter,2021-05-12,393,63554,207,22471,176,37884,10,3199,131,8863,258,28837,141,37700,California
Sutter,2021-05-13,436,63990,223,22694,191,38075,22,3221,163,8778,270,29107,185,37885,California
Sutter,2021-05-14,427,64417,178,22872,234,38309,15,3236,209,8786,216,29323,224,38109,California
Sutter,2021-05-15,820,65237,302,23174,487,38796,31,3267,293,8585,525,29848,324,38433,California
Sutter,2021-05-16,29,65266,7,23181,19,38815,3,3270,13,8585,16,29864,16,38449,California
Sutter,2021-05-17,207,65473,41,23222,156,38971,10,3280,105,8598,102,29966,115,38564,California
Sutter,2021-05-18,317,65790,199,23421,117,39088,1,3281,192,8668,123,30089,193,38757,California
Tehama,2020-12-15,1,1,1,1,0,0,0,0,1,1,0,0,1,1,California
Tehama,2020-12-16,2,3,2,3,0,0,0,0,2,3,0,0,2,3,California
Tehama,2020-12-17,12,15,12,15,0,0,0,0,12,15,0,0,12,15,California
Tehama,2020-12-18,2,17,2,17,0,0,0,0,3,18,0,0,3,18,California
Tehama,2020-12-21,33,50,33,50,0,0,0,0,33,51,0,0,33,51,California
Tehama,2020-12-22,68,118,62,112,6,6,0,0,68,119,0,0,68,119,California
Tehama,2020-12-23,48,166,40,152,8,14,0,0,48,167,0,0,48,167,California
Tehama,2020-12-24,5,171,3,155,2,16,0,0,5,172,0,0,5,172,California
Tehama,2020-12-26,3,174,2,157,1,17,0,0,3,175,0,0,3,175,California
Tehama,2020-12-27,2,176,2,159,0,17,0,0,2,177,0,0,2,177,California
Tehama,2020-12-28,56,232,43,202,13,30,0,0,56,233,0,0,56,233,California
Tehama,2020-12-29,31,263,31,233,0,30,0,0,31,264,0,0,31,264,California
Tehama,2020-12-30,54,317,38,271,16,46,0,0,53,317,0,0,53,317,California
Tehama,2020-12-31,14,331,4,275,10,56,0,0,14,331,0,0,14,331,California
Tehama,2021-01-01,2,333,0,275,2,58,0,0,2,333,0,0,2,333,California
Tehama,2021-01-04,32,365,9,284,23,81,0,0,32,365,0,0,32,365,California
Tehama,2021-01-05,70,435,43,327,27,108,0,0,67,429,3,3,67,432,California
Tehama,2021-01-06,71,506,21,348,50,158,0,0,62,483,8,11,62,494,California
Tehama,2021-01-07,57,563,7,355,50,208,0,0,56,538,1,12,56,550,California
Tehama,2021-01-08,33,596,24,379,9,217,0,0,28,561,5,17,28,578,California
Tehama,2021-01-09,7,603,5,384,2,219,0,0,5,564,2,19,5,583,California
Tehama,2021-01-10,1,604,0,384,1,220,0,0,1,565,0,19,1,584,California
Tehama,2021-01-11,48,652,46,430,2,222,0,0,15,547,33,52,15,599,California
Tehama,2021-01-12,116,768,96,526,20,242,0,0,71,573,45,97,71,670,California
Tehama,2021-01-13,73,841,55,581,18,260,0,0,27,554,46,143,27,697,California
Tehama,2021-01-14,225,1066,51,632,174,434,0,0,223,775,2,145,223,920,California
Tehama,2021-01-15,247,1313,74,706,173,607,0,0,243,1014,4,149,243,1163,California
Tehama,2021-01-16,272,1585,27,733,245,852,0,0,269,1280,3,152,269,1432,California
Tehama,2021-01-17,13,1598,9,742,4,856,0,0,11,1289,2,154,11,1443,California
Tehama,2021-01-18,10,1608,6,748,4,860,0,0,5,1289,5,159,5,1448,California
Tehama,2021-01-19,288,1896,62,810,226,1086,0,0,233,1467,55,214,233,1681,California
Tehama,2021-01-20,301,2197,87,897,214,1300,0,0,251,1669,49,263,251,1932,California
Tehama,2021-01-21,214,2411,11,908,203,1503,0,0,204,1863,10,273,204,2136,California
Tehama,2021-01-22,223,2634,21,929,202,1705,0,0,220,2080,3,276,220,2356,California
Tehama,2021-01-23,261,2895,10,939,251,1956,0,0,260,2339,1,277,260,2616,California
Tehama,2021-01-24,1,2896,1,940,0,1956,0,0,1,2340,0,277,1,2617,California
Tehama,2021-01-25,32,2928,14,954,18,1974,0,0,14,2336,18,295,14,2631,California
Tehama,2021-01-26,323,3251,42,996,281,2255,0,0,286,2585,37,332,286,2917,California
Tehama,2021-01-27,299,3550,21,1017,278,2533,0,0,279,2844,20,352,279,3196,California
Tehama,2021-01-28,340,3890,29,1046,311,2844,0,0,325,3154,15,367,325,3521,California
Tehama,2021-01-29,321,4211,19,1065,302,3146,0,0,304,3441,17,384,304,3825,California
Tehama,2021-01-30,103,4314,2,1067,101,3247,0,0,102,3542,1,385,102,3927,California
Tehama,2021-01-31,1,4315,0,1067,1,3248,0,0,1,3543,0,385,1,3928,California
Tehama,2021-02-01,78,4393,22,1089,56,3304,0,0,36,3537,42,427,36,3964,California
Tehama,2021-02-02,348,4741,63,1152,285,3589,0,0,251,3694,94,521,251,4215,California
Tehama,2021-02-03,387,5128,12,1164,375,3964,0,0,343,3993,44,565,343,4558,California
Tehama,2021-02-04,477,5605,99,1263,378,4342,0,0,396,4309,81,646,397,4955,California
Tehama,2021-02-05,174,5779,73,1336,101,4443,0,0,112,4359,62,708,112,5067,California
Tehama,2021-02-06,28,5807,13,1349,15,4458,0,0,16,4363,12,720,16,5083,California
Tehama,2021-02-07,5,5812,4,1353,1,4459,0,0,2,4362,3,723,2,5085,California
Tehama,2021-02-08,36,5848,14,1367,22,4481,0,0,27,4380,9,732,27,5112,California
Tehama,2021-02-09,78,5926,34,1401,44,4525,0,0,44,4390,34,766,44,5156,California
Tehama,2021-02-10,233,6159,62,1463,171,4696,0,0,157,4471,76,842,157,5313,California
Tehama,2021-02-11,221,6380,16,1479,205,4901,0,0,82,4416,137,979,82,5395,California
Tehama,2021-02-12,364,6744,65,1544,299,5200,0,0,174,4400,190,1169,174,5569,California
Tehama,2021-02-13,386,7130,13,1557,373,5573,0,0,147,4308,239,1408,147,5716,California
Tehama,2021-02-14,34,7164,1,1558,33,5606,0,0,32,4338,2,1410,32,5748,California
Tehama,2021-02-15,51,7215,9,1567,42,5648,0,0,45,4377,6,1416,45,5793,California
Tehama,2021-02-16,242,7457,16,1583,226,5874,0,0,60,4255,182,1598,60,5853,California
Tehama,2021-02-17,280,7737,12,1595,268,6142,0,0,54,4083,226,1824,54,5907,California
Tehama,2021-02-18,368,8105,32,1627,336,6478,0,0,144,4003,224,2048,144,6051,California
Tehama,2021-02-19,213,8318,18,1645,195,6673,0,0,42,3874,171,2219,42,6093,California
Tehama,2021-02-20,271,8589,6,1651,265,6938,0,0,26,3655,245,2464,26,6119,California
Tehama,2021-02-21,1,8590,1,1652,0,6938,0,0,1,3656,0,2464,1,6120,California
Tehama,2021-02-22,39,8629,15,1667,24,6962,0,0,26,3669,13,2477,26,6146,California
Tehama,2021-02-23,46,8675,19,1686,27,6989,0,0,26,3675,20,2497,26,6172,California
Tehama,2021-02-24,299,8974,13,1699,286,7275,0,0,26,3428,273,2770,26,6198,California
Tehama,2021-02-25,378,9352,62,1761,316,7591,0,0,39,3129,338,3108,39,6237,California
Tehama,2021-02-26,455,9807,19,1780,436,8027,0,0,70,2814,385,3493,70,6307,California
Tehama,2021-02-27,294,10101,5,1785,289,8316,0,0,34,2588,260,3753,34,6341,California
Tehama,2021-02-28,23,10124,2,1787,21,8337,0,0,20,2605,3,3756,20,6361,California
Tehama,2021-03-01,67,10191,8,1795,59,8396,0,0,33,2604,34,3790,33,6394,California
Tehama,2021-03-02,134,10325,18,1813,116,8512,0,0,30,2530,104,3894,30,6424,California
Tehama,2021-03-03,149,10474,33,1846,116,8628,0,0,48,2477,101,3995,48,6472,California
Tehama,2021-03-04,621,11095,36,1882,585,9213,0,0,222,2307,392,4387,222,6694,California
Tehama,2021-03-05,396,11491,18,1900,378,9591,0,0,214,2340,181,4568,214,6908,California
Tehama,2021-03-06,299,11790,17,1917,282,9873,0,0,81,2205,217,4785,82,6990,California
Tehama,2021-03-07,5,11795,1,1918,4,9877,0,0,3,2207,1,4786,3,6993,California
Tehama,2021-03-08,58,11853,12,1930,31,9908,15,15,27,2219,30,4816,42,7035,California
Tehama,2021-03-09,364,12217,8,1938,337,10245,19,34,309,2492,55,4871,328,7363,California
Tehama,2021-03-10,352,12569,13,1951,318,10563,21,55,69,2300,282,5153,90,7453,California
Tehama,2021-03-11,486,13055,17,1968,423,10986,46,101,343,2546,143,5296,389,7842,California
Tehama,2021-03-12,304,13359,19,1987,220,11206,65,166,179,2665,125,5421,244,8086,California
Tehama,2021-03-13,45,13404,8,1995,31,11237,6,172,6,2638,39,5460,12,8098,California
Tehama,2021-03-14,51,13455,3,1998,37,11274,11,183,9,2616,42,5502,20,8118,California
Tehama,2021-03-15,151,13606,21,2019,110,11384,20,203,82,2649,69,5571,102,8220,California
Tehama,2021-03-16,418,14024,14,2033,366,11750,38,241,315,2900,102,5673,353,8573,California
Tehama,2021-03-17,416,14440,22,2055,362,12112,32,273,333,3184,81,5754,365,8938,California
Tehama,2021-03-18,489,14929,26,2081,439,12551,24,297,310,3341,177,5931,334,9272,California
Tehama,2021-03-19,317,15246,23,2104,281,12832,13,310,275,3587,42,5973,288,9560,California
Tehama,2021-03-20,40,15286,8,2112,30,12862,2,312,28,3605,12,5985,30,9590,California
Tehama,2021-03-21,12,15298,5,2117,7,12869,0,312,12,3617,0,5985,12,9602,California
Tehama,2021-03-22,90,15388,7,2124,66,12935,17,329,49,3642,41,6026,66,9668,California
Tehama,2021-03-23,87,15475,26,2150,54,12989,7,336,68,3698,19,6045,75,9743,California
Tehama,2021-03-24,86,15561,16,2166,68,13057,2,338,55,3724,31,6076,57,9800,California
Tehama,2021-03-25,516,16077,352,2518,151,13208,13,351,466,4154,49,6125,479,10279,California
Tehama,2021-03-26,506,16583,398,2916,96,13304,12,363,431,4523,74,6199,443,10722,California
Tehama,2021-03-27,452,17035,360,3276,67,13371,25,388,385,4867,66,6265,410,11132,California
Tehama,2021-03-28,34,17069,13,3289,21,13392,0,388,22,4877,12,6277,22,11154,California
Tehama,2021-03-29,123,17192,31,3320,91,13483,1,389,77,4908,46,6323,77,11231,California
Tehama,2021-03-30,372,17564,222,3542,148,13631,2,391,254,5046,118,6441,256,11487,California
Tehama,2021-03-31,397,17961,296,3838,98,13729,3,394,325,5302,71,6512,327,11814,California
Tehama,2021-04-01,528,18489,248,4086,274,14003,6,400,395,5570,133,6645,401,12215,California
Tehama,2021-04-02,452,18941,213,4299,233,14236,6,406,268,5659,184,6829,273,12488,California
Tehama,2021-04-03,60,19001,3,4302,52,14288,5,411,30,5664,30,6859,35,12523,California
Tehama,2021-04-04,34,19035,6,4308,27,14315,1,412,22,5675,12,6871,23,12546,California
Tehama,2021-04-05,116,19151,21,4329,69,14384,26,438,61,5707,55,6926,87,12633,California
Tehama,2021-04-06,493,19644,110,4439,332,14716,51,489,141,5547,352,7278,192,12825,California
Tehama,2021-04-07,416,20060,282,4721,90,14806,44,533,303,5781,112,7390,346,13171,California
Tehama,2021-04-08,600,20660,174,4895,388,15194,38,571,229,5678,370,7760,267,13438,California
Tehama,2021-04-09,430,21090,193,5088,204,15398,33,604,215,5712,214,7974,248,13686,California
Tehama,2021-04-10,72,21162,9,5097,37,15435,26,630,39,5744,33,8007,65,13751,California
Tehama,2021-04-11,33,21195,7,5104,15,15450,11,641,8,5738,25,8032,19,13770,California
Tehama,2021-04-12,112,21307,6,5110,87,15537,19,660,42,5729,70,8102,61,13831,California
Tehama,2021-04-13,386,21693,63,5173,323,15860,0,660,67,5477,319,8421,67,13898,California
Tehama,2021-04-14,405,22098,52,5225,353,16213,0,660,53,5180,350,8771,53,13951,California
Tehama,2021-04-15,496,22594,192,5417,304,16517,0,660,85,4854,411,9182,85,14036,California
Tehama,2021-04-16,587,23181,336,5753,251,16768,0,660,76,4419,511,9693,76,14112,California
Tehama,2021-04-17,347,23528,268,6021,79,16847,0,660,41,4156,305,9998,42,14154,California
Tehama,2021-04-18,17,23545,3,6024,14,16861,0,660,13,4165,4,10002,13,14167,California
Tehama,2021-04-19,93,23638,7,6031,86,16947,0,660,40,4152,53,10055,40,14207,California
Tehama,2021-04-20,500,24138,412,6443,88,17035,0,660,146,3948,352,10407,148,14355,California
Tehama,2021-04-21,519,24657,445,6888,74,17109,0,660,168,3766,350,10757,168,14523,California
Tehama,2021-04-22,515,25172,364,7252,151,17260,0,660,149,3551,364,11121,149,14672,California
Tehama,2021-04-23,445,25617,346,7598,99,17359,0,660,204,3515,241,11362,205,14877,California
Tehama,2021-04-24,104,25721,18,7616,86,17445,0,660,30,3471,74,11436,30,14907,California
Tehama,2021-04-25,29,25750,18,7634,11,17456,0,660,11,3464,18,11454,11,14918,California
Tehama,2021-04-26,74,25824,10,7644,64,17520,0,660,43,3476,31,11485,43,14961,California
Tehama,2021-04-27,251,26075,206,7850,45,17565,0,660,92,3409,159,11644,92,15053,California
Tehama,2021-04-28,395,26470,318,8168,60,17625,17,677,65,3161,330,11974,82,15135,California
Tehama,2021-04-29,351,26821,171,8339,175,17800,5,682,68,2952,282,12256,73,15208,California
Tehama,2021-04-30,325,27146,241,8580,78,17878,6,688,112,2857,213,12469,118,15326,California
Tehama,2021-05-01,72,27218,4,8584,65,17943,3,691,14,2816,58,12527,17,15343,California
Tehama,2021-05-02,46,27264,24,8608,10,17953,12,703,26,2834,20,12547,38,15381,California
Tehama,2021-05-03,117,27381,41,8649,68,18021,8,711,62,2849,55,12602,70,15451,California
Tehama,2021-05-04,156,27537,55,8704,94,18115,7,718,67,2834,89,12691,74,15525,California
Tehama,2021-05-05,86,27623,21,8725,55,18170,10,728,38,2834,48,12739,48,15573,California
Tehama,2021-05-06,162,27785,90,8815,57,18227,15,743,97,2881,65,12804,112,15685,California
Tehama,2021-05-07,167,27952,71,8886,85,18312,11,754,46,2819,119,12923,57,15742,California
Tehama,2021-05-08,49,28001,6,8892,42,18354,1,755,13,2797,36,12959,14,15756,California
Tehama,2021-05-09,15,28016,3,8895,12,18366,0,755,6,2794,9,12968,6,15762,California
Tehama,2021-05-10,77,28093,7,8902,64,18430,6,761,36,2796,40,13008,42,15804,California
Tehama,2021-05-11,163,28256,115,9017,37,18467,11,772,32,2708,131,13139,43,15847,California
Tehama,2021-05-12,193,28449,133,9150,52,18519,8,780,40,2604,152,13291,48,15895,California
Tehama,2021-05-13,222,28671,157,9307,56,18575,9,789,96,2583,126,13417,105,16000,California
Tehama,2021-05-14,234,28905,128,9435,88,18663,18,807,54,2475,180,13597,72,16072,California
Tehama,2021-05-15,195,29100,114,9549,52,18715,29,836,138,2586,56,13653,167,16239,California
Tehama,2021-05-16,13,29113,3,9552,10,18725,0,836,7,2587,6,13659,7,16246,California
Tehama,2021-05-17,87,29200,27,9579,48,18773,12,848,35,2583,51,13710,47,16293,California
Tehama,2021-05-18,93,29293,59,9638,25,18798,9,857,21,2542,71,13781,30,16323,California
Trinity,2020-12-17,4,4,4,4,0,0,0,0,4,4,0,0,4,4,California
Trinity,2020-12-18,2,6,2,6,0,0,0,0,2,6,0,0,2,6,California
Trinity,2020-12-21,39,45,39,45,0,0,0,0,39,45,0,0,39,45,California
Trinity,2020-12-22,5,50,5,50,0,0,0,0,5,50,0,0,5,50,California
Trinity,2020-12-23,5,55,5,55,0,0,0,0,5,55,0,0,5,55,California
Trinity,2020-12-28,30,85,30,85,0,0,0,0,30,85,0,0,30,85,California
Trinity,2020-12-29,8,93,7,92,1,1,0,0,8,93,0,0,8,93,California
Trinity,2020-12-30,10,103,8,100,2,3,0,0,10,103,0,0,10,103,California
Trinity,2020-12-31,2,105,1,101,1,4,0,0,2,105,0,0,2,105,California
Trinity,2021-01-04,28,133,0,101,28,32,0,0,26,131,0,0,26,131,California
Trinity,2021-01-05,3,136,1,102,2,34,0,0,3,134,0,0,3,134,California
Trinity,2021-01-06,24,160,4,106,20,54,0,0,20,150,4,4,20,154,California
Trinity,2021-01-08,49,209,2,108,47,101,0,0,48,196,2,6,48,202,California
Trinity,2021-01-11,42,251,39,147,3,104,0,0,4,162,38,44,4,206,California
Trinity,2021-01-12,9,260,7,154,2,106,0,0,4,161,5,49,4,210,California
Trinity,2021-01-13,7,267,4,158,3,109,0,0,4,162,3,52,4,214,California
Trinity,2021-01-14,4,271,1,159,3,112,0,0,4,166,0,52,4,218,California
Trinity,2021-01-15,4,275,0,159,4,116,0,0,4,170,0,52,4,222,California
Trinity,2021-01-16,4,279,0,159,4,120,0,0,4,174,0,52,4,226,California
Trinity,2021-01-18,31,310,31,190,0,120,0,0,1,145,30,82,1,227,California
Trinity,2021-01-19,96,406,14,204,82,202,0,0,82,213,14,96,82,309,California
Trinity,2021-01-20,19,425,3,207,16,218,0,0,17,228,2,98,17,326,California
Trinity,2021-01-21,17,442,7,214,10,228,0,0,17,245,0,98,17,343,California
Trinity,2021-01-22,5,447,1,215,4,232,0,0,5,250,0,98,5,348,California
Trinity,2021-01-23,7,454,3,218,4,236,0,0,7,257,0,98,7,355,California
Trinity,2021-01-25,14,468,1,219,13,249,0,0,13,269,1,99,13,368,California
Trinity,2021-01-26,10,478,1,220,9,258,0,0,9,277,1,100,9,377,California
Trinity,2021-01-27,12,490,0,220,12,270,0,0,12,289,0,100,12,389,California
Trinity,2021-01-28,13,503,3,223,10,280,0,0,10,296,3,103,10,399,California
Trinity,2021-01-29,2,505,0,223,2,282,0,0,1,296,1,104,1,400,California
Trinity,2021-01-30,12,517,11,234,1,283,0,0,12,308,0,104,12,412,California
Trinity,2021-02-01,2,519,1,235,1,284,0,0,1,308,1,105,1,413,California
Trinity,2021-02-02,14,533,3,238,11,295,0,0,13,320,1,106,13,426,California
Trinity,2021-02-03,6,539,1,239,5,300,0,0,3,320,3,109,3,429,California
Trinity,2021-02-04,42,581,32,271,10,310,0,0,35,348,7,116,35,464,California
Trinity,2021-02-05,350,931,0,271,350,660,0,0,320,638,30,146,320,784,California
Trinity,2021-02-06,210,1141,5,276,205,865,0,0,203,834,7,153,203,987,California
Trinity,2021-02-07,1,1142,0,276,1,866,0,0,1,835,0,153,1,988,California
Trinity,2021-02-08,25,1167,0,276,25,891,0,0,15,840,10,163,15,1003,California
Trinity,2021-02-09,27,1194,2,278,25,916,0,0,11,835,16,179,11,1014,California
Trinity,2021-02-10,122,1316,10,288,112,1028,0,0,102,917,20,199,102,1116,California
Trinity,2021-02-11,339,1655,2,290,337,1365,0,0,332,1242,7,206,332,1448,California
Trinity,2021-02-12,14,1669,6,296,8,1373,0,0,10,1248,4,210,10,1458,California
Trinity,2021-02-13,12,1681,5,301,7,1380,0,0,5,1246,7,217,5,1463,California
Trinity,2021-02-14,2,1683,2,303,0,1380,0,0,2,1248,0,217,2,1465,California
Trinity,2021-02-15,47,1730,0,303,47,1427,0,0,47,1295,0,217,47,1512,California
Trinity,2021-02-16,5,1735,1,304,4,1431,0,0,3,1296,2,219,3,1515,California
Trinity,2021-02-17,94,1829,2,306,92,1523,0,0,84,1370,10,229,84,1599,California
Trinity,2021-02-18,4,1833,0,306,4,1527,0,0,1,1368,3,232,1,1600,California
Trinity,2021-02-19,304,2137,2,308,302,1829,0,0,290,1644,14,246,290,1890,California
Trinity,2021-02-20,141,2278,14,322,127,1956,0,0,113,1729,28,274,113,2003,California
Trinity,2021-02-21,1,2279,1,323,0,1956,0,0,1,1730,0,274,1,2004,California
Trinity,2021-02-22,8,2287,0,323,8,1964,0,0,5,1732,3,277,5,2009,California
Trinity,2021-02-23,11,2298,4,327,7,1971,0,0,6,1733,5,282,6,2015,California
Trinity,2021-02-24,30,2328,8,335,22,1993,0,0,7,1717,23,305,7,2022,California
Trinity,2021-02-25,36,2364,23,358,13,2006,0,0,5,1691,31,336,5,2027,California
Trinity,2021-02-26,11,2375,1,359,10,2016,0,0,5,1690,6,342,5,2032,California
Trinity,2021-02-27,9,2384,7,366,2,2018,0,0,4,1689,5,347,4,2036,California
Trinity,2021-03-01,9,2393,0,366,9,2027,0,0,5,1690,4,351,5,2041,California
Trinity,2021-03-02,9,2402,3,369,6,2033,0,0,2,1685,7,358,2,2043,California
Trinity,2021-03-03,5,2407,0,369,5,2038,0,0,4,1688,1,359,4,2047,California
Trinity,2021-03-04,24,2431,19,388,5,2043,0,0,14,1692,10,369,14,2061,California
Trinity,2021-03-05,388,2819,1,389,387,2430,0,0,121,1550,263,632,121,2182,California
Trinity,2021-03-06,202,3021,7,396,195,2625,0,0,27,1402,175,807,27,2209,California
Trinity,2021-03-07,4,3025,3,399,1,2626,0,0,3,1404,1,808,3,2212,California
Trinity,2021-03-08,3,3028,0,399,2,2628,1,1,1,1404,2,810,2,2214,California
Trinity,2021-03-09,94,3122,0,399,92,2720,2,3,89,1490,5,815,91,2305,California
Trinity,2021-03-10,126,3248,3,402,120,2840,3,6,38,1443,88,903,41,2346,California
Trinity,2021-03-11,14,3262,4,406,8,2848,2,8,5,1441,9,912,7,2353,California
Trinity,2021-03-12,385,3647,5,411,374,3222,6,14,90,1242,295,1207,96,2449,California
Trinity,2021-03-13,13,3660,8,419,3,3225,2,16,8,1247,5,1212,10,2459,California
Trinity,2021-03-14,3,3663,1,420,2,3227,0,16,2,1248,1,1213,2,2461,California
Trinity,2021-03-15,67,3730,0,420,66,3293,1,17,14,1210,53,1266,15,2476,California
Trinity,2021-03-16,116,3846,7,427,109,3402,0,17,102,1298,14,1280,102,2578,California
Trinity,2021-03-17,100,3946,3,430,97,3499,0,17,26,1250,74,1354,26,2604,California
Trinity,2021-03-18,10,3956,2,432,5,3504,3,20,5,1253,5,1359,8,2612,California
Trinity,2021-03-19,459,4415,4,436,345,3849,110,130,36,976,423,1782,146,2758,California
Trinity,2021-03-20,105,4520,7,443,98,3947,0,130,70,1012,34,1816,70,2828,California
Trinity,2021-03-21,4,4524,0,443,3,3950,1,131,3,1015,1,1817,4,2832,California
Trinity,2021-03-22,2,4526,0,443,2,3952,0,131,2,1017,0,1817,2,2834,California
Trinity,2021-03-23,96,4622,2,445,94,4046,0,131,78,1077,18,1835,78,2912,California
Trinity,2021-03-24,12,4634,1,446,11,4057,0,131,9,1083,3,1838,9,2921,California
Trinity,2021-03-25,110,4744,8,454,96,4153,6,137,84,1147,26,1864,90,3011,California
Trinity,2021-03-26,85,4829,8,462,77,4230,0,137,78,1218,7,1871,78,3089,California
Trinity,2021-03-27,19,4848,4,466,6,4236,9,146,8,1224,11,1882,17,3106,California
Trinity,2021-03-28,5,4853,3,469,2,4238,0,146,1,1221,4,1886,1,3107,California
Trinity,2021-03-29,5,4858,0,469,5,4243,0,146,2,1220,3,1889,2,3109,California
Trinity,2021-03-30,77,4935,5,474,72,4315,0,146,67,1277,10,1899,67,3176,California
Trinity,2021-03-31,56,4991,5,479,19,4334,32,178,21,1294,35,1934,52,3228,California
Trinity,2021-04-01,41,5032,11,490,19,4353,11,189,21,1306,20,1954,32,3260,California
Trinity,2021-04-02,244,5276,5,495,165,4518,74,263,73,1284,170,2124,148,3408,California
Trinity,2021-04-03,17,5293,12,507,5,4523,0,263,7,1281,10,2134,7,3415,California
Trinity,2021-04-04,10,5303,8,515,2,4525,0,263,8,1287,2,2136,8,3423,California
Trinity,2021-04-05,59,5362,6,521,52,4577,1,264,55,1339,4,2140,56,3479,California
Trinity,2021-04-06,116,5478,15,536,98,4675,3,267,28,1282,88,2228,31,3510,California
Trinity,2021-04-07,24,5502,12,548,7,4682,5,272,16,1295,8,2236,21,3531,California
Trinity,2021-04-08,87,5589,10,558,75,4757,2,274,50,1310,37,2273,52,3583,California
Trinity,2021-04-09,169,5758,20,578,144,4901,5,279,90,1326,79,2352,95,3678,California
Trinity,2021-04-10,11,5769,7,585,4,4905,0,279,10,1335,1,2353,10,3688,California
Trinity,2021-04-11,9,5778,5,590,2,4907,2,281,4,1336,5,2358,6,3694,California
Trinity,2021-04-12,77,5855,5,595,71,4978,1,282,64,1388,12,2370,64,3758,California
Trinity,2021-04-13,98,5953,5,600,93,5071,0,282,10,1310,88,2458,10,3768,California
Trinity,2021-04-14,10,5963,5,605,5,5076,0,282,6,1312,4,2462,6,3774,California
Trinity,2021-04-15,43,6006,10,615,33,5109,0,282,14,1297,29,2491,14,3788,California
Trinity,2021-04-16,144,6150,12,627,132,5241,0,282,72,1297,72,2563,72,3860,California
Trinity,2021-04-17,11,6161,5,632,6,5247,0,282,9,1304,2,2565,9,3869,California
Trinity,2021-04-18,3,6164,1,633,2,5249,0,282,0,1301,3,2568,0,3869,California
Trinity,2021-04-19,5,6169,2,635,3,5252,0,282,4,1304,1,2569,4,3873,California
Trinity,2021-04-20,92,6261,8,643,84,5336,0,282,20,1252,72,2641,20,3893,California
Trinity,2021-04-21,22,6283,9,652,13,5349,0,282,9,1248,13,2654,9,3902,California
Trinity,2021-04-22,91,6374,5,657,86,5435,0,282,14,1185,77,2731,14,3916,California
Trinity,2021-04-23,183,6557,6,663,177,5612,0,282,114,1230,69,2800,114,4030,California
Trinity,2021-04-24,22,6579,13,676,9,5621,0,282,6,1220,16,2816,6,4036,California
Trinity,2021-04-25,10,6589,9,685,1,5622,0,282,3,1217,6,2822,3,4039,California
Trinity,2021-04-26,45,6634,6,691,39,5661,0,282,40,1252,5,2827,40,4079,California
Trinity,2021-04-27,85,6719,7,698,78,5739,0,282,22,1211,63,2890,22,4101,California
Trinity,2021-04-28,33,6752,11,709,22,5761,0,282,12,1202,21,2911,12,4113,California
Trinity,2021-04-29,34,6786,13,722,21,5782,0,282,12,1192,22,2933,12,4125,California
Trinity,2021-04-30,26,6812,20,742,6,5788,0,282,8,1182,18,2951,8,4133,California
Trinity,2021-05-01,14,6826,8,750,1,5789,5,287,4,1181,10,2961,9,4142,California
Trinity,2021-05-02,8,6834,5,755,1,5790,2,289,2,1179,6,2967,4,4146,California
Trinity,2021-05-03,58,6892,13,768,44,5834,1,290,9,1141,48,3015,10,4156,California
Trinity,2021-05-04,23,6915,11,779,11,5845,1,291,8,1135,15,3030,9,4165,California
Trinity,2021-05-05,10,6925,6,785,4,5849,0,291,3,1131,7,3037,3,4168,California
Trinity,2021-05-06,72,6997,10,795,60,5909,2,293,15,1091,57,3094,17,4185,California
Trinity,2021-05-07,174,7171,12,807,128,6037,34,327,14,979,160,3254,48,4233,California
Trinity,2021-05-08,7,7178,3,810,4,6041,0,327,3,978,4,3258,3,4236,California
Trinity,2021-05-09,11,7189,8,818,3,6044,0,327,7,981,4,3262,7,4243,California
Trinity,2021-05-10,15,7204,4,822,10,6054,1,328,9,985,6,3268,10,4253,California
Trinity,2021-05-11,9,7213,3,825,5,6059,1,329,5,987,4,3272,6,4259,California
Trinity,2021-05-12,16,7229,13,838,2,6061,1,330,12,996,4,3276,13,4272,California
Trinity,2021-05-13,8,7237,5,843,3,6064,0,330,6,1000,2,3278,6,4278,California
Trinity,2021-05-14,123,7360,17,860,78,6142,28,358,32,969,91,3369,60,4338,California
Trinity,2021-05-15,16,7376,10,870,3,6145,3,361,8,972,8,3377,11,4349,California
Trinity,2021-05-16,1,7377,1,871,0,6145,0,361,1,973,0,3377,1,4350,California
Trinity,2021-05-17,106,7483,18,889,86,6231,2,363,41,951,65,3442,43,4393,California
Trinity,2021-05-18,7,7490,0,889,7,6238,0,363,2,948,5,3447,2,4395,California
Tulare,2020-12-15,1,1,1,1,0,0,0,0,1,1,0,0,1,1,California
Tulare,2020-12-16,3,4,3,4,0,0,0,0,3,4,0,0,3,4,California
Tulare,2020-12-17,110,114,110,114,0,0,0,0,110,114,0,0,110,114,California
Tulare,2020-12-18,290,404,289,403,1,1,0,0,290,404,0,0,290,404,California
Tulare,2020-12-19,327,731,327,730,0,1,0,0,327,731,0,0,327,731,California
Tulare,2020-12-20,166,897,165,895,1,2,0,0,166,897,0,0,166,897,California
Tulare,2020-12-21,423,1320,423,1318,0,2,0,0,443,1340,0,0,443,1340,California
Tulare,2020-12-22,469,1789,467,1785,2,4,0,0,468,1808,0,0,468,1808,California
Tulare,2020-12-23,327,2116,319,2104,8,12,0,0,325,2133,0,0,325,2133,California
Tulare,2020-12-24,18,2134,16,2120,2,14,0,0,18,2151,0,0,18,2151,California
Tulare,2020-12-26,8,2142,7,2127,1,15,0,0,8,2159,0,0,8,2159,California
Tulare,2020-12-27,16,2158,12,2139,4,19,0,0,16,2175,0,0,16,2175,California
Tulare,2020-12-28,481,2639,469,2608,12,31,0,0,480,2655,0,0,480,2655,California
Tulare,2020-12-29,547,3186,478,3086,69,100,0,0,547,3202,0,0,547,3202,California
Tulare,2020-12-30,474,3660,435,3521,39,139,0,0,474,3676,0,0,474,3676,California
Tulare,2020-12-31,95,3755,22,3543,73,212,0,0,95,3771,0,0,95,3771,California
Tulare,2021-01-01,2,3757,1,3544,1,213,0,0,2,3773,0,0,2,3773,California
Tulare,2021-01-02,30,3787,17,3561,13,226,0,0,30,3803,0,0,30,3803,California
Tulare,2021-01-03,23,3810,9,3570,14,240,0,0,23,3826,0,0,23,3826,California
Tulare,2021-01-04,92,3902,16,3586,76,316,0,0,92,3918,0,0,92,3918,California
Tulare,2021-01-05,460,4362,278,3864,182,498,0,0,458,4374,2,2,458,4376,California
Tulare,2021-01-06,864,5226,634,4498,230,728,0,0,854,5218,10,12,854,5230,California
Tulare,2021-01-07,781,6007,583,5081,198,926,0,0,674,5785,107,119,674,5904,California
Tulare,2021-01-08,1266,7273,574,5655,692,1618,0,0,928,6376,337,456,928,6832,California
Tulare,2021-01-09,742,8015,203,5858,539,2157,0,0,555,6744,187,643,555,7387,California
Tulare,2021-01-10,50,8065,44,5902,6,2163,0,0,11,6716,39,682,11,7398,California
Tulare,2021-01-11,1271,9336,769,6671,502,2665,0,0,835,7115,436,1118,835,8233,California
Tulare,2021-01-12,1404,10740,489,7160,915,3580,0,0,995,7703,408,1526,996,9229,California
Tulare,2021-01-13,439,11179,210,7370,229,3809,0,0,365,7994,74,1600,365,9594,California
Tulare,2021-01-14,492,11671,141,7511,351,4160,0,0,466,8445,15,1615,466,10060,California
Tulare,2021-01-15,1623,13294,154,7665,1469,5629,0,0,1614,10050,9,1624,1614,11674,California
Tulare,2021-01-16,1901,15195,114,7779,1787,7416,0,0,1887,11923,14,1638,1887,13561,California
Tulare,2021-01-17,141,15336,122,7901,19,7435,0,0,131,12044,10,1648,131,13692,California
Tulare,2021-01-18,693,16029,660,8561,33,7468,0,0,295,11941,398,2046,295,13987,California
Tulare,2021-01-19,1008,17037,685,9246,323,7791,0,0,579,12091,429,2475,579,14566,California
Tulare,2021-01-20,2426,19463,613,9859,1813,9604,0,0,2011,13713,389,2864,2011,16577,California
Tulare,2021-01-21,1551,21014,186,10045,1365,10969,0,0,1525,15217,21,2885,1525,18102,California
Tulare,2021-01-22,1060,22074,190,10235,870,11839,0,0,1035,16228,24,2909,1035,19137,California
Tulare,2021-01-23,438,22512,156,10391,282,12121,0,0,417,16624,21,2930,417,19554,California
Tulare,2021-01-24,30,22542,27,10418,3,12124,0,0,28,16650,2,2932,28,19582,California
Tulare,2021-01-25,1328,23870,981,11399,347,12471,0,0,1297,17916,31,2963,1297,20879,California
Tulare,2021-01-26,1496,25366,1098,12497,398,12869,0,0,1171,18763,324,3287,1171,22050,California
Tulare,2021-01-27,1498,26864,1070,13567,428,13297,0,0,920,19106,577,3864,920,22970,California
Tulare,2021-01-28,1211,28075,777,14344,434,13731,0,0,815,19525,396,4260,815,23785,California
Tulare,2021-01-29,1130,29205,720,15064,410,14141,0,0,820,20035,310,4570,820,24605,California
Tulare,2021-01-30,1674,30879,1580,16644,94,14235,0,0,1650,21662,24,4594,1651,26256,California
Tulare,2021-01-31,63,30942,58,16702,5,14240,0,0,60,21719,3,4597,60,26316,California
Tulare,2021-02-01,1185,32127,915,17617,270,14510,0,0,830,22195,354,4951,830,27146,California
Tulare,2021-02-02,677,32804,328,17945,349,14859,0,0,445,22411,230,5181,446,27592,California
Tulare,2021-02-03,587,33391,261,18206,326,15185,0,0,336,22516,231,5412,336,27928,California
Tulare,2021-02-04,555,33946,169,18375,386,15571,0,0,265,22493,289,5701,266,28194,California
Tulare,2021-02-05,1236,35182,238,18613,998,16569,0,0,416,22091,818,6519,416,28610,California
Tulare,2021-02-06,836,36018,158,18771,678,17247,0,0,267,21791,567,7086,267,28877,California
Tulare,2021-02-07,83,36101,71,18842,12,17259,0,0,23,21754,60,7146,23,28900,California
Tulare,2021-02-08,942,37043,329,19171,613,17872,0,0,243,21301,696,7842,243,29143,California
Tulare,2021-02-09,1415,38458,334,19505,1081,18953,0,0,368,20627,1042,8884,368,29511,California
Tulare,2021-02-10,2471,40929,1986,21491,485,19438,0,0,2071,22301,397,9281,2071,31582,California
Tulare,2021-02-11,1325,42254,377,21868,948,20386,0,0,906,22788,419,9700,906,32488,California
Tulare,2021-02-12,2782,45036,575,22443,2207,22593,0,0,1209,22431,1566,11266,1209,33697,California
Tulare,2021-02-13,2480,47516,157,22600,2323,24916,0,0,666,21287,1810,13076,666,34363,California
Tulare,2021-02-14,337,47853,40,22640,297,25213,0,0,300,21550,37,13113,300,34663,California
Tulare,2021-02-15,920,48773,294,22934,626,25839,0,0,663,21957,256,13369,663,35326,California
Tulare,2021-02-16,2833,51606,1595,24529,1238,27077,0,0,1079,21283,1753,15122,1079,36405,California
Tulare,2021-02-17,2698,54304,511,25040,2187,29264,0,0,461,19512,2232,17354,461,36866,California
Tulare,2021-02-18,2304,56608,456,25496,1848,31112,0,0,626,18468,1670,19024,626,37492,California
Tulare,2021-02-19,2305,58913,865,26361,1440,32552,0,0,948,18061,1355,20379,948,38440,California
Tulare,2021-02-20,2989,61902,1892,28253,1097,33649,0,0,1262,17602,1721,22100,1262,39702,California
Tulare,2021-02-21,94,61996,90,28343,4,33653,0,0,48,17605,45,22145,48,39750,California
Tulare,2021-02-22,1106,63102,700,29043,406,34059,0,0,210,16920,895,23040,210,39960,California
Tulare,2021-02-23,1952,65054,944,29987,1008,35067,0,0,1463,17895,488,23528,1463,41423,California
Tulare,2021-02-24,2483,67537,1549,31536,934,36001,0,0,2104,19622,378,23906,2105,43528,California
Tulare,2021-02-25,3503,71040,1975,33511,1528,37529,0,0,3088,22299,411,24317,3088,46616,California
Tulare,2021-02-26,3856,74896,1894,35405,1962,39491,0,0,3391,25227,463,24780,3391,50007,California
Tulare,2021-02-27,2991,77887,1483,36888,1508,40999,0,0,2857,27962,122,24902,2857,52864,California
Tulare,2021-02-28,1307,79194,1035,37923,272,41271,0,0,1288,29233,17,24919,1288,54152,California
Tulare,2021-03-01,1767,80961,797,38720,970,42241,0,0,1582,30632,183,25102,1582,55734,California
Tulare,2021-03-02,2765,83726,1264,39984,1501,43742,0,0,2592,33054,171,25273,2593,58327,California
Tulare,2021-03-03,3956,87682,2622,42606,1334,45076,0,0,2004,33111,1949,27222,2006,60333,California
Tulare,2021-03-04,2948,90630,1339,43945,1609,46685,0,0,2627,35421,317,27539,2627,62960,California
Tulare,2021-03-05,3430,94060,1762,45707,1653,48338,15,15,2921,37854,505,28044,2938,65898,California
Tulare,2021-03-06,3081,97141,1438,47145,1584,49922,59,74,2832,40497,246,28290,2889,68787,California
Tulare,2021-03-07,1119,98260,695,47840,403,50325,21,95,1078,41556,40,28330,1099,69886,California
Tulare,2021-03-08,1708,99968,1004,48844,535,50860,169,264,1389,42799,314,28644,1557,71443,California
Tulare,2021-03-09,3197,103165,2190,51034,860,51720,147,411,2800,45346,398,29042,2945,74388,California
Tulare,2021-03-10,2802,105967,1390,52424,1238,52958,174,585,2413,47551,380,29422,2585,76973,California
Tulare,2021-03-11,4141,110108,1965,54389,1876,54834,300,885,3204,50118,937,30359,3504,80477,California
Tulare,2021-03-12,4349,114457,2389,56778,1611,56445,349,1234,3075,52282,1262,31621,3426,83903,California
Tulare,2021-03-13,4007,118464,1851,58629,2051,58496,105,1339,3069,54524,932,32553,3174,87077,California
Tulare,2021-03-14,1801,120265,972,59601,609,59105,220,1559,1275,55491,525,33078,1492,88569,California
Tulare,2021-03-15,2738,123003,1619,61220,1004,60109,115,1674,1965,56801,771,33849,2081,90650,California
Tulare,2021-03-16,3424,126427,2115,63335,1232,61341,77,1751,1871,57203,1549,35398,1951,92601,California
Tulare,2021-03-17,4012,130439,2608,65943,1327,62668,77,1828,2269,57819,1737,37135,2353,94954,California
Tulare,2021-03-18,4599,135038,3354,69297,1173,63841,72,1900,2431,58164,2160,39295,2505,97459,California
Tulare,2021-03-19,5067,140105,3320,72617,1552,65393,195,2095,2703,58719,2345,41640,2900,100359,California
Tulare,2021-03-20,4453,144558,2763,75380,1318,66711,372,2467,2046,58741,2399,44039,2421,102780,California
Tulare,2021-03-21,1919,146477,1631,77011,262,66973,26,2493,987,58824,929,44968,1012,103792,California
Tulare,2021-03-22,2498,148975,1710,78721,676,67649,112,2605,1645,59736,847,45815,1759,105551,California
Tulare,2021-03-23,3729,152704,2140,80861,1537,69186,52,2657,2043,60161,1676,47491,2101,107652,California
Tulare,2021-03-24,3168,155872,1957,82818,1169,70355,42,2699,1786,60616,1374,48865,1829,109481,California
Tulare,2021-03-25,3463,159335,1803,84621,1488,71843,172,2871,1683,60700,1773,50638,1857,111338,California
Tulare,2021-03-26,5212,164547,3109,87730,1994,73837,109,2980,2529,60673,2665,53303,2638,113976,California
Tulare,2021-03-27,3520,168067,1805,89535,1617,75454,98,3078,987,59232,2525,55828,1084,115060,California
Tulare,2021-03-28,1456,169523,1052,90587,373,75827,31,3109,671,59158,782,56610,708,115768,California
Tulare,2021-03-29,2893,172416,1674,92261,1108,76935,111,3220,1225,58833,1663,58273,1338,117106,California
Tulare,2021-03-30,4807,177223,2769,95030,1808,78743,230,3450,1550,57361,3249,61522,1777,118883,California
Tulare,2021-03-31,3882,181105,2301,97331,1468,80211,113,3563,1561,56725,2313,63835,1677,120560,California
Tulare,2021-04-01,4417,185522,2371,99702,1980,82191,66,3629,1536,55457,2871,66706,1603,122163,California
Tulare,2021-04-02,5239,190761,2994,102696,2128,84319,117,3746,1583,53529,3640,70346,1712,123875,California
Tulare,2021-04-03,3505,194266,2015,104711,1127,85446,363,4109,840,52109,2627,72973,1207,125082,California
Tulare,2021-04-04,1629,195895,1143,105854,479,85925,7,4116,379,51250,1248,74221,389,125471,California
Tulare,2021-04-05,3331,199226,2336,108190,731,86656,264,4380,866,49931,2453,76674,1134,126605,California
Tulare,2021-04-06,3413,202639,1464,109654,1456,88112,493,4873,926,48873,2480,79154,1422,128027,California
Tulare,2021-04-07,3835,206474,1812,111466,1593,89705,430,5303,1279,48024,2548,81702,1699,129726,California
Tulare,2021-04-08,4717,211191,2593,114059,1667,91372,457,5760,1543,46855,3165,84867,1996,131722,California
Tulare,2021-04-09,4775,215966,2944,117003,1401,92773,430,6190,1825,46168,2943,87810,2256,133978,California
Tulare,2021-04-10,3805,219771,2057,119060,1432,94205,316,6506,975,44635,2822,90632,1289,135267,California
Tulare,2021-04-11,1577,221348,1038,120098,468,94673,71,6577,590,44312,984,91616,661,135928,California
Tulare,2021-04-12,3360,224708,2105,122203,662,95335,593,7170,1083,43720,2269,93885,1677,137605,California
Tulare,2021-04-13,2409,227117,1585,123788,814,96149,10,7180,924,43183,1473,95358,936,138541,California
Tulare,2021-04-14,2842,229959,1680,125468,1162,97311,0,7180,933,42211,1905,97263,933,139474,California
Tulare,2021-04-15,3272,233231,2135,127603,1137,98448,0,7180,1472,41895,1788,99051,1472,140946,California
Tulare,2021-04-16,3646,236877,2214,129817,1432,99880,0,7180,1476,41211,2160,101211,1476,142422,California
Tulare,2021-04-17,2205,239082,1297,131114,908,100788,0,7180,1177,41365,1024,102235,1178,143600,California
Tulare,2021-04-18,1518,240600,1188,132302,330,101118,0,7180,815,41478,702,102937,815,144415,California
Tulare,2021-04-19,2120,242720,1223,133525,895,102013,2,7182,900,41162,1218,104155,902,145317,California
Tulare,2021-04-20,2332,245052,1310,134835,1022,103035,0,7182,1000,40843,1319,105474,1000,146317,California
Tulare,2021-04-21,2194,247246,1325,136160,869,103904,0,7182,807,40299,1351,106825,807,147124,California
Tulare,2021-04-22,2100,249346,1170,137330,930,104834,0,7182,741,39699,1341,108166,741,147865,California
Tulare,2021-04-23,2567,251913,1573,138903,993,105827,1,7183,1020,39182,1537,109703,1020,148885,California
Tulare,2021-04-24,1639,253552,1055,139958,582,106409,2,7185,864,39278,770,110473,866,149751,California
Tulare,2021-04-25,692,254244,519,140477,173,106582,0,7185,264,39114,428,110901,264,150015,California
Tulare,2021-04-26,1463,255707,874,141351,570,107152,19,7204,617,38909,839,111740,634,150649,California
Tulare,2021-04-27,1588,257295,627,141978,924,108076,37,7241,673,38705,913,112653,709,151358,California
Tulare,2021-04-28,1699,258994,968,142946,690,108766,41,7282,671,38394,1023,113676,712,152070,California
Tulare,2021-04-29,1985,260979,1189,144135,759,109525,37,7319,777,38008,1198,114874,812,152882,California
Tulare,2021-04-30,2420,263399,1765,145900,605,110130,50,7369,896,37436,1517,116391,945,153827,California
Tulare,2021-05-01,1407,264806,1209,147109,186,110316,12,7381,723,37494,677,117068,735,154562,California
Tulare,2021-05-02,584,265390,496,147605,72,110388,16,7397,189,37307,392,117460,205,154767,California
Tulare,2021-05-03,1607,266997,1092,148697,390,110778,125,7522,348,36528,1252,118712,473,155240,California
Tulare,2021-05-04,1541,268538,823,149520,649,111427,69,7591,623,36307,911,119623,690,155930,California
Tulare,2021-05-05,1253,269791,608,150128,567,111994,78,7669,435,36013,807,120430,513,156443,California
Tulare,2021-05-06,1951,271742,1327,151455,578,112572,46,7715,589,35293,1355,121785,635,157078,California
Tulare,2021-05-07,1846,273588,1253,152708,525,113097,68,7783,528,34578,1310,123095,595,157673,California
Tulare,2021-05-08,1230,274818,800,153508,405,113502,25,7808,523,34426,700,123795,548,158221,California
Tulare,2021-05-09,593,275411,469,153977,103,113605,21,7829,120,34099,469,124264,142,158363,California
Tulare,2021-05-10,1013,276424,589,154566,359,113964,65,7894,307,33766,705,124969,372,158735,California
Tulare,2021-05-11,1205,277629,612,155178,517,114481,76,7970,503,33648,697,125666,579,159314,California
Tulare,2021-05-12,1489,279118,954,156132,483,114964,52,8022,396,33015,1080,126746,447,159761,California
Tulare,2021-05-13,1435,280553,897,157029,501,115465,37,8059,646,32915,783,127529,683,160444,California
Tulare,2021-05-14,1892,282445,1220,158249,609,116074,63,8122,837,32774,1041,128570,900,161344,California
Tulare,2021-05-15,1551,283996,876,159125,647,116721,28,8150,665,32588,879,129449,693,162037,California
Tulare,2021-05-16,416,284412,349,159474,56,116777,11,8161,176,32535,240,129689,187,162224,California
Tulare,2021-05-17,1393,285805,829,160303,488,117265,76,8237,643,32513,741,130430,719,162943,California
Tulare,2021-05-18,809,286614,366,160669,398,117663,45,8282,336,32424,468,130898,379,163322,California
Tuolumne,2020-12-16,47,47,47,47,0,0,0,0,47,47,0,0,47,47,California
Tuolumne,2020-12-17,17,64,17,64,0,0,0,0,17,64,0,0,17,64,California
Tuolumne,2020-12-18,101,165,100,164,1,1,0,0,101,165,0,0,101,165,California
Tuolumne,2020-12-19,5,170,5,169,0,1,0,0,5,170,0,0,5,170,California
Tuolumne,2020-12-20,1,171,1,170,0,1,0,0,1,171,0,0,1,171,California
Tuolumne,2020-12-21,116,287,102,272,14,15,0,0,116,287,0,0,116,287,California
Tuolumne,2020-12-22,172,459,172,444,0,15,0,0,172,459,0,0,172,459,California
Tuolumne,2020-12-23,185,644,183,627,2,17,0,0,185,644,0,0,185,644,California
Tuolumne,2020-12-26,2,646,2,629,0,17,0,0,2,646,0,0,2,646,California
Tuolumne,2020-12-28,77,723,75,704,2,19,0,0,77,723,0,0,77,723,California
Tuolumne,2020-12-29,102,825,39,743,63,82,0,0,102,825,0,0,102,825,California
Tuolumne,2020-12-30,78,903,22,765,56,138,0,0,78,903,0,0,78,903,California
Tuolumne,2020-12-31,27,930,20,785,7,145,0,0,27,930,0,0,27,930,California
Tuolumne,2021-01-01,6,936,5,790,1,146,0,0,6,936,0,0,6,936,California
Tuolumne,2021-01-02,118,1054,115,905,3,149,0,0,118,1054,0,0,118,1054,California
Tuolumne,2021-01-03,2,1056,2,907,0,149,0,0,2,1056,0,0,2,1056,California
Tuolumne,2021-01-04,69,1125,26,933,43,192,0,0,69,1125,0,0,69,1125,California
Tuolumne,2021-01-05,93,1218,27,960,66,258,0,0,90,1213,3,3,91,1216,California
Tuolumne,2021-01-06,132,1350,72,1032,60,318,0,0,68,1217,64,67,68,1284,California
Tuolumne,2021-01-07,119,1469,63,1095,56,374,0,0,64,1226,55,122,64,1348,California
Tuolumne,2021-01-08,103,1572,79,1174,24,398,0,0,26,1177,76,198,27,1375,California
Tuolumne,2021-01-09,2,1574,0,1174,2,400,0,0,2,1179,0,198,2,1377,California
Tuolumne,2021-01-10,3,1577,1,1175,2,402,0,0,3,1182,0,198,3,1380,California
Tuolumne,2021-01-11,116,1693,90,1265,26,428,0,0,34,1134,82,280,34,1414,California
Tuolumne,2021-01-12,101,1794,85,1350,16,444,0,0,17,1067,84,364,17,1431,California
Tuolumne,2021-01-13,231,2025,125,1475,106,550,0,0,182,1201,49,413,183,1614,California
Tuolumne,2021-01-14,148,2173,108,1583,40,590,0,0,43,1140,104,517,43,1657,California
Tuolumne,2021-01-15,474,2647,72,1655,402,992,0,0,412,1492,61,578,413,2070,California
Tuolumne,2021-01-16,7,2654,3,1658,4,996,0,0,6,1497,1,579,6,2076,California
Tuolumne,2021-01-17,7,2661,4,1662,3,999,0,0,7,1504,0,579,7,2083,California
Tuolumne,2021-01-18,46,2707,38,1700,8,1007,0,0,9,1477,36,615,9,2092,California
Tuolumne,2021-01-19,477,3184,73,1773,404,1411,0,0,431,1862,46,661,431,2523,California
Tuolumne,2021-01-20,76,3260,58,1831,18,1429,0,0,24,1835,51,712,24,2547,California
Tuolumne,2021-01-21,56,3316,23,1854,33,1462,0,0,40,1859,16,728,40,2587,California
Tuolumne,2021-01-22,169,3485,16,1870,153,1615,0,0,162,2014,7,735,162,2749,California
Tuolumne,2021-01-23,663,4148,145,2015,518,2133,0,0,547,2458,116,851,560,3309,California
Tuolumne,2021-01-24,523,4671,1,2016,522,2655,0,0,520,2977,2,853,521,3830,California
Tuolumne,2021-01-25,48,4719,28,2044,20,2675,0,0,22,2974,26,879,23,3853,California
Tuolumne,2021-01-26,80,4799,68,2112,12,2687,0,0,40,2975,40,919,41,3894,California
Tuolumne,2021-01-27,61,4860,4,2116,57,2744,0,0,8,2931,52,971,8,3902,California
Tuolumne,2021-01-28,27,4887,7,2123,20,2764,0,0,18,2940,9,980,18,3920,California
Tuolumne,2021-01-29,74,4961,6,2129,68,2832,0,0,35,2936,39,1019,35,3955,California
Tuolumne,2021-01-30,710,5671,552,2681,158,2990,0,0,688,3618,22,1041,704,4659,California
Tuolumne,2021-01-31,8,5679,2,2683,6,2996,0,0,5,3620,3,1044,5,4664,California
Tuolumne,2021-02-01,25,5704,6,2689,19,3015,0,0,22,3639,3,1047,22,4686,California
Tuolumne,2021-02-02,647,6351,38,2727,609,3624,0,0,636,4266,9,1056,636,5322,California
Tuolumne,2021-02-03,240,6591,111,2838,129,3753,0,0,88,4202,152,1208,88,5410,California
Tuolumne,2021-02-04,123,6714,13,2851,110,3863,0,0,60,4199,63,1271,60,5470,California
Tuolumne,2021-02-05,98,6812,12,2863,86,3949,0,0,35,4172,62,1333,35,5505,California
Tuolumne,2021-02-06,855,7667,581,3444,274,4223,0,0,848,5017,7,1340,852,6357,California
Tuolumne,2021-02-07,8,7675,4,3448,4,4227,0,0,4,5017,4,1344,4,6361,California
Tuolumne,2021-02-08,91,7766,40,3488,51,4278,0,0,67,5060,24,1368,67,6428,California
Tuolumne,2021-02-09,862,8628,53,3541,809,5087,0,0,821,5840,41,1409,821,7249,California
Tuolumne,2021-02-10,92,8720,17,3558,75,5162,0,0,31,5811,60,1469,31,7280,California
Tuolumne,2021-02-11,143,8863,67,3625,76,5238,0,0,77,5822,66,1535,77,7357,California
Tuolumne,2021-02-12,646,9509,19,3644,627,5865,0,0,205,5587,440,1975,205,7562,California
Tuolumne,2021-02-13,150,9659,42,3686,108,5973,0,0,119,5681,25,2000,119,7681,California
Tuolumne,2021-02-14,148,9807,12,3698,136,6109,0,0,147,5827,1,2001,147,7828,California
Tuolumne,2021-02-15,185,9992,10,3708,175,6284,0,0,176,5994,9,2010,176,8004,California
Tuolumne,2021-02-16,529,10521,17,3725,512,6796,0,0,121,5713,404,2414,123,8127,California
Tuolumne,2021-02-17,111,10632,63,3788,48,6844,0,0,61,5725,49,2463,61,8188,California
Tuolumne,2021-02-18,679,11311,25,3813,654,7498,0,0,628,6303,51,2514,629,8817,California
Tuolumne,2021-02-19,142,11453,23,3836,119,7617,0,0,43,6247,99,2613,43,8860,California
Tuolumne,2021-02-20,903,12356,341,4177,562,8179,0,0,385,6130,503,3116,386,9246,California
Tuolumne,2021-02-21,976,13332,38,4215,938,9117,0,0,470,6097,505,3621,472,9718,California
Tuolumne,2021-02-22,79,13411,58,4273,21,9138,0,0,47,6113,31,3652,47,9765,California
Tuolumne,2021-02-23,48,13459,24,4297,24,9162,0,0,26,6118,21,3673,26,9791,California
Tuolumne,2021-02-24,103,13562,58,4355,45,9207,0,0,42,6100,60,3733,42,9833,California
Tuolumne,2021-02-25,1050,14612,34,4389,1016,10223,0,0,1019,7088,31,3764,1019,10852,California
Tuolumne,2021-02-26,145,14757,10,4399,135,10358,0,0,121,7185,24,3788,121,10973,California
Tuolumne,2021-02-27,950,15707,577,4976,373,10731,0,0,248,6750,685,4473,250,11223,California
Tuolumne,2021-02-28,56,15763,4,4980,52,10783,0,0,52,6799,3,4476,52,11275,California
Tuolumne,2021-03-01,113,15876,21,5001,92,10875,0,0,77,6843,34,4510,78,11353,California
Tuolumne,2021-03-02,705,16581,73,5074,632,11507,0,0,106,6351,598,5108,106,11459,California
Tuolumne,2021-03-03,89,16670,22,5096,67,11574,0,0,64,6390,25,5133,64,11523,California
Tuolumne,2021-03-04,1168,17838,74,5170,1094,12668,0,0,1105,7432,63,5196,1105,12628,California
Tuolumne,2021-03-05,85,17923,10,5180,75,12743,0,0,48,7445,36,5232,49,12677,California
Tuolumne,2021-03-06,1056,18979,605,5785,449,13192,2,2,204,6804,848,6080,207,12884,California
Tuolumne,2021-03-07,41,19020,12,5797,14,13206,15,17,18,6814,23,6103,33,12917,California
Tuolumne,2021-03-08,194,19214,88,5885,99,13305,7,24,138,6903,56,6159,145,13062,California
Tuolumne,2021-03-09,857,20071,16,5901,830,14135,11,35,68,6199,784,6943,80,13142,California
Tuolumne,2021-03-10,78,20149,12,5913,55,14190,11,46,53,6238,25,6968,64,13206,California
Tuolumne,2021-03-11,1282,21431,36,5949,1240,15430,6,52,1255,7474,27,6995,1263,14469,California
Tuolumne,2021-03-12,298,21729,35,5984,248,15678,15,67,189,7573,108,7103,207,14676,California
Tuolumne,2021-03-13,113,21842,12,5996,101,15779,0,67,84,7630,28,7131,85,14761,California
Tuolumne,2021-03-14,142,21984,8,6004,125,15904,9,76,7,7515,135,7266,20,14781,California
Tuolumne,2021-03-15,294,22278,79,6083,212,16116,3,79,101,7433,192,7458,110,14891,California
Tuolumne,2021-03-16,802,23080,40,6123,751,16867,11,90,665,7973,136,7594,676,15567,California
Tuolumne,2021-03-17,152,23232,30,6153,109,16976,13,103,79,7993,71,7665,91,15658,California
Tuolumne,2021-03-18,947,24179,27,6180,907,17883,13,116,318,7697,627,8292,331,15989,California
Tuolumne,2021-03-19,133,24312,16,6196,86,17969,31,147,72,7740,59,8351,102,16091,California
Tuolumne,2021-03-20,89,24401,7,6203,72,18041,10,157,37,7735,51,8402,46,16137,California
Tuolumne,2021-03-21,832,25233,389,6592,433,18474,10,167,39,6999,786,9188,50,16187,California
Tuolumne,2021-03-22,164,25397,73,6665,72,18546,19,186,97,7049,66,9254,116,16303,California
Tuolumne,2021-03-23,708,26105,637,7302,57,18603,14,200,671,7696,37,9291,684,16987,California
Tuolumne,2021-03-24,110,26215,20,7322,72,18675,18,218,77,7759,32,9323,95,17082,California
Tuolumne,2021-03-25,1298,27513,23,7345,1272,19947,3,221,327,7120,969,10292,330,17412,California
Tuolumne,2021-03-26,274,27787,16,7361,235,20182,23,244,117,7113,147,10439,140,17552,California
Tuolumne,2021-03-27,579,28366,53,7414,526,20708,0,244,318,7173,259,10698,319,17871,California
Tuolumne,2021-03-28,48,28414,7,7421,41,20749,0,244,8,7143,39,10737,9,17880,California
Tuolumne,2021-03-29,206,28620,83,7504,123,20872,0,244,109,7158,94,10831,109,17989,California
Tuolumne,2021-03-30,162,28782,11,7515,150,21022,1,245,120,7238,41,10872,121,18110,California
Tuolumne,2021-03-31,94,28876,14,7529,78,21100,2,247,37,7222,55,10927,39,18149,California
Tuolumne,2021-04-01,1248,30124,29,7558,1219,22319,0,247,227,6430,1019,11946,227,18376,California
Tuolumne,2021-04-02,164,30288,10,7568,128,22447,26,273,91,6476,71,12017,117,18493,California
Tuolumne,2021-04-03,426,30714,35,7603,390,22837,1,274,239,6531,187,12204,242,18735,California
Tuolumne,2021-04-04,33,30747,3,7606,30,22867,0,274,21,6541,11,12215,21,18756,California
Tuolumne,2021-04-05,129,30876,19,7625,103,22970,7,281,58,6535,71,12286,65,18821,California
Tuolumne,2021-04-06,648,31524,517,8142,104,23074,27,308,514,6944,134,12420,543,19364,California
Tuolumne,2021-04-07,128,31652,37,8179,75,23149,16,324,50,6932,78,12498,66,19430,California
Tuolumne,2021-04-08,1441,33093,32,8211,1395,24544,14,338,243,5995,1194,13692,257,19687,California
Tuolumne,2021-04-09,267,33360,41,8252,182,24726,44,382,125,6026,142,13834,173,19860,California
Tuolumne,2021-04-10,56,33416,2,8254,34,24760,20,402,23,6037,32,13866,43,19903,California
Tuolumne,2021-04-11,17,33433,2,8256,12,24772,3,405,12,6047,5,13871,15,19918,California
Tuolumne,2021-04-12,163,33596,66,8322,92,24864,5,410,89,6073,68,13939,94,20012,California
Tuolumne,2021-04-13,783,34379,35,8357,748,25612,0,410,169,5636,606,14545,169,20181,California
Tuolumne,2021-04-14,147,34526,27,8384,120,25732,0,410,71,5635,73,14618,72,20253,California
Tuolumne,2021-04-15,339,34865,20,8404,319,26051,0,410,57,5416,276,14894,57,20310,California
Tuolumne,2021-04-16,241,35106,49,8453,192,26243,0,410,133,5449,101,14995,134,20444,California
Tuolumne,2021-04-17,43,35149,6,8459,37,26280,0,410,27,5460,16,15011,27,20471,California
Tuolumne,2021-04-18,8,35157,3,8462,5,26285,0,410,4,5460,4,15015,4,20475,California
Tuolumne,2021-04-19,170,35327,79,8541,91,26376,0,410,92,5476,76,15091,92,20567,California
Tuolumne,2021-04-20,713,36040,616,9157,97,26473,0,410,77,4924,629,15720,77,20644,California
Tuolumne,2021-04-21,118,36158,26,9183,92,26565,0,410,62,4935,51,15771,62,20706,California
Tuolumne,2021-04-22,704,36862,46,9229,658,27223,0,410,426,5092,269,16040,426,21132,California
Tuolumne,2021-04-23,177,37039,31,9260,146,27369,0,410,86,5089,89,16129,86,21218,California
Tuolumne,2021-04-24,80,37119,18,9278,62,27431,0,410,52,5113,28,16157,52,21270,California
Tuolumne,2021-04-25,27,37146,10,9288,17,27448,0,410,24,5134,3,16160,24,21294,California
Tuolumne,2021-04-26,153,37299,56,9344,97,27545,0,410,70,5123,82,16242,71,21365,California
Tuolumne,2021-04-27,134,37433,21,9365,106,27651,7,417,62,5122,70,16312,69,21434,California
Tuolumne,2021-04-28,116,37549,25,9390,80,27731,11,428,65,5148,50,16362,76,21510,California
Tuolumne,2021-04-29,274,37823,15,9405,251,27982,8,436,51,4986,221,16583,59,21569,California
Tuolumne,2021-04-30,351,38174,21,9426,318,28300,12,448,67,4784,281,16864,79,21648,California
Tuolumne,2021-05-01,24,38198,7,9433,13,28313,4,452,16,4796,8,16872,20,21668,California
Tuolumne,2021-05-02,26,38224,3,9436,21,28334,2,454,19,4810,7,16879,21,21689,California
Tuolumne,2021-05-03,98,38322,14,9450,79,28413,5,459,28,4774,69,16948,33,21722,California
Tuolumne,2021-05-04,691,39013,602,10052,84,28497,5,464,205,4498,485,17433,209,21931,California
Tuolumne,2021-05-05,97,39110,25,10077,66,28563,6,470,49,4508,46,17479,56,21987,California
Tuolumne,2021-05-06,282,39392,13,10090,255,28818,14,484,38,4320,239,17718,51,22038,California
Tuolumne,2021-05-07,313,39705,24,10114,281,29099,8,492,60,4136,252,17970,68,22106,California
Tuolumne,2021-05-08,47,39752,7,10121,36,29135,4,496,29,4151,18,17988,33,22139,California
Tuolumne,2021-05-09,15,39767,2,10123,11,29146,2,498,2,4142,13,18001,4,22143,California
Tuolumne,2021-05-10,103,39870,44,10167,54,29200,5,503,30,4105,72,18073,35,22178,California
Tuolumne,2021-05-11,197,40067,64,10231,121,29321,12,515,56,4033,140,18213,68,22246,California
Tuolumne,2021-05-12,113,40180,17,10248,93,29414,3,518,43,4009,70,18283,46,22292,California
Tuolumne,2021-05-13,89,40269,18,10266,63,29477,8,526,56,4040,33,18316,64,22356,California
Tuolumne,2021-05-14,185,40454,76,10342,97,29574,12,538,97,4063,86,18402,109,22465,California
Tuolumne,2021-05-15,57,40511,15,10357,35,29609,7,545,21,4056,36,18438,29,22494,California
Tuolumne,2021-05-16,11,40522,3,10360,6,29615,2,547,3,4053,8,18446,5,22499,California
Tuolumne,2021-05-17,91,40613,28,10388,61,29676,2,549,33,4030,58,18504,35,22534,California
Tuolumne,2021-05-18,73,40686,10,10398,22,29698,41,590,14,4026,59,18563,55,22589,California
Ventura,2020-12-15,5,5,5,5,0,0,0,0,5,5,0,0,5,5,California
Ventura,2020-12-16,73,78,73,78,0,0,0,0,73,78,0,0,73,78,California
Ventura,2020-12-17,249,327,249,327,0,0,0,0,249,327,0,0,249,327,California
Ventura,2020-12-18,1412,1739,1412,1739,0,0,0,0,1412,1739,0,0,1412,1739,California
Ventura,2020-12-19,911,2650,911,2650,0,0,0,0,911,2650,0,0,911,2650,California
Ventura,2020-12-20,430,3080,430,3080,0,0,0,0,430,3080,0,0,430,3080,California
Ventura,2020-12-21,1467,4547,1467,4547,0,0,0,0,1467,4547,0,0,1467,4547,California
Ventura,2020-12-22,1104,5651,1099,5646,5,5,0,0,1104,5651,0,0,1104,5651,California
Ventura,2020-12-23,1027,6678,979,6625,48,53,0,0,1027,6678,0,0,1027,6678,California
Ventura,2020-12-24,477,7155,379,7004,98,151,0,0,477,7155,0,0,477,7155,California
Ventura,2020-12-25,11,7166,7,7011,4,155,0,0,11,7166,0,0,11,7166,California
Ventura,2020-12-26,112,7278,92,7103,20,175,0,0,112,7278,0,0,112,7278,California
Ventura,2020-12-27,58,7336,27,7130,31,206,0,0,58,7336,0,0,58,7336,California
Ventura,2020-12-28,1073,8409,933,8063,140,346,0,0,1073,8409,0,0,1073,8409,California
Ventura,2020-12-29,1171,9580,764,8827,407,753,0,0,1171,9580,0,0,1171,9580,California
Ventura,2020-12-30,1987,11567,1522,10349,465,1218,0,0,1987,11567,0,0,1987,11567,California
Ventura,2020-12-31,481,12048,162,10511,319,1537,0,0,481,12048,0,0,481,12048,California
Ventura,2021-01-01,25,12073,7,10518,18,1555,0,0,25,12073,0,0,25,12073,California
Ventura,2021-01-02,174,12247,79,10597,95,1650,0,0,174,12247,0,0,174,12247,California
Ventura,2021-01-03,16,12263,8,10605,8,1658,0,0,16,12263,0,0,16,12263,California
Ventura,2021-01-04,1083,13346,552,11157,531,2189,0,0,1082,13345,0,0,1082,13345,California
Ventura,2021-01-05,1373,14719,777,11934,596,2785,0,0,1331,14634,42,42,1331,14676,California
Ventura,2021-01-06,2059,16778,1181,13115,878,3663,0,0,1627,15840,423,465,1629,16305,California
Ventura,2021-01-07,2068,18846,1326,14441,742,4405,0,0,1181,16136,885,1350,1181,17486,California
Ventura,2021-01-08,2197,21043,1474,15915,723,5128,0,0,906,15754,1289,2639,907,18393,California
Ventura,2021-01-09,721,21764,500,16415,221,5349,0,0,319,15671,402,3041,319,18712,California
Ventura,2021-01-10,343,22107,327,16742,16,5365,0,0,129,15586,214,3255,129,18841,California
Ventura,2021-01-11,2445,24552,1488,18230,957,6322,0,0,1493,16130,952,4207,1496,20337,California
Ventura,2021-01-12,3045,27597,1612,19842,1433,7755,0,0,2020,17125,1025,5232,2020,22357,California
Ventura,2021-01-13,2927,30524,1424,21266,1503,9258,0,0,2043,18288,881,6113,2044,24401,California
Ventura,2021-01-14,2737,33261,1062,22328,1675,10933,0,0,2289,20131,447,6560,2290,26691,California
Ventura,2021-01-15,2889,36150,972,23300,1917,12850,0,0,2676,22595,213,6773,2677,29368,California
Ventura,2021-01-16,485,36635,187,23487,298,13148,0,0,405,22920,80,6853,405,29773,California
Ventura,2021-01-17,260,36895,138,23625,122,13270,0,0,254,23168,6,6859,254,30027,California
Ventura,2021-01-18,2220,39115,1672,25297,548,13818,0,0,1668,24286,551,7410,1669,31696,California
Ventura,2021-01-19,3045,42160,2122,27419,923,14741,0,0,2150,25544,895,8305,2153,33849,California
Ventura,2021-01-20,4097,46257,3145,30564,952,15693,0,0,3043,27537,1051,9356,3044,36893,California
Ventura,2021-01-21,3847,50104,2677,33241,1170,16863,0,0,3170,30035,674,10030,3172,40065,California
Ventura,2021-01-22,3616,53720,2496,35737,1120,17983,0,0,3455,33329,161,10191,3455,43520,California
Ventura,2021-01-23,1182,54902,648,36385,534,18517,0,0,1082,34314,99,10290,1084,44604,California
Ventura,2021-01-24,453,55355,137,36522,316,18833,0,0,440,34741,13,10303,440,45044,California
Ventura,2021-01-25,3156,58511,2032,38554,1124,19957,0,0,2600,36787,555,10858,2601,47645,California
Ventura,2021-01-26,3717,62228,2209,40763,1508,21465,0,0,2718,38508,998,11856,2719,50364,California
Ventura,2021-01-27,3463,65691,1561,42324,1902,23367,0,0,2720,40489,739,12595,2720,53084,California
Ventura,2021-01-28,3878,69569,1997,44321,1881,25248,0,0,3262,43153,599,13194,3263,56347,California
Ventura,2021-01-29,4272,73841,2525,46846,1747,26995,0,0,3769,46432,490,13684,3769,60116,California
Ventura,2021-01-30,3040,76881,1966,48812,1074,28069,0,0,2869,49135,167,13851,2870,62986,California
Ventura,2021-01-31,836,77717,448,49260,388,28457,0,0,749,49798,86,13937,749,63735,California
Ventura,2021-02-01,3952,81669,2119,51379,1833,30290,0,0,3175,52202,773,14710,3177,66912,California
Ventura,2021-02-02,4408,86077,2376,53755,2032,32322,0,0,3384,54567,1020,15730,3385,70297,California
Ventura,2021-02-03,4456,90533,2090,55845,2366,34688,0,0,3446,57009,1005,16735,3447,73744,California
Ventura,2021-02-04,4785,95318,2296,58141,2489,37177,0,0,3521,59276,1256,17991,3523,77267,California
Ventura,2021-02-05,4843,100161,2322,60463,2521,39698,0,0,3349,61146,1481,19472,3351,80618,California
Ventura,2021-02-06,2841,103002,1517,61980,1324,41022,0,0,2438,63182,402,19874,2438,83056,California
Ventura,2021-02-07,715,103717,243,62223,472,41494,0,0,589,63646,126,20000,590,83646,California
Ventura,2021-02-08,3499,107216,1625,63848,1874,43368,0,0,2429,65010,1065,21065,2429,86075,California
Ventura,2021-02-09,4723,111939,1974,65822,2749,46117,0,0,2464,65219,2258,23323,2467,88542,California
Ventura,2021-02-10,4718,116657,2238,68060,2480,48597,0,0,2390,65293,2317,25640,2391,90933,California
Ventura,2021-02-11,4668,121325,1864,69924,2804,51401,0,0,2449,65533,2212,27852,2452,93385,California
Ventura,2021-02-12,6310,127635,2665,72589,3645,55046,0,0,3227,65682,3078,30930,3227,96612,California
Ventura,2021-02-13,3303,130938,1829,74418,1474,56520,0,0,1848,66081,1451,32381,1850,98462,California
Ventura,2021-02-14,1227,132165,124,74542,1103,57623,0,0,1011,66877,216,32597,1012,99474,California
Ventura,2021-02-15,3989,136154,1799,76341,2190,59813,0,0,2119,67129,1867,34464,2119,101593,California
Ventura,2021-02-16,5553,141707,2708,79049,2845,62658,0,0,3015,67614,2530,36994,3015,104608,California
Ventura,2021-02-17,5240,146947,1925,80974,3315,65973,0,0,3270,68924,1960,38954,3270,107878,California
Ventura,2021-02-18,5783,152730,1832,82806,3951,69924,0,0,3635,70422,2137,41091,3635,111513,California
Ventura,2021-02-19,6458,159188,3773,86579,2685,72609,0,0,3013,69999,3438,44529,3015,114528,California
Ventura,2021-02-20,4939,164127,3172,89751,1767,74376,0,0,2770,70610,2163,46692,2774,117302,California
Ventura,2021-02-21,1102,165229,812,90563,290,74666,0,0,451,70416,645,47337,451,117753,California
Ventura,2021-02-22,5376,170605,2413,92976,2963,77629,0,0,3461,71971,1906,49243,3461,121214,California
Ventura,2021-02-23,5946,176551,2978,95954,2968,80597,0,0,3419,72881,2511,51754,3421,124635,California
Ventura,2021-02-24,7010,183561,2616,98570,4394,84991,0,0,4252,74390,2745,54499,4254,128889,California
Ventura,2021-02-25,7496,191057,2572,101142,4924,89915,0,0,4575,76060,2907,57406,4577,133466,California
Ventura,2021-02-26,9357,200414,2774,103916,6583,96498,0,0,6165,79062,3165,60571,6167,139633,California
Ventura,2021-02-27,10011,210425,5287,109203,4724,101222,0,0,7382,83841,2613,63184,7392,147025,California
Ventura,2021-02-28,2572,212997,1638,110841,933,102155,1,1,2097,85470,468,63652,2097,149122,California
Ventura,2021-03-01,6963,219960,2826,113667,4137,106292,0,1,4638,87808,2313,65965,4651,153773,California
Ventura,2021-03-02,7590,227550,4041,117708,3547,109839,2,3,5356,90940,2224,68189,5356,159129,California
Ventura,2021-03-03,8538,236088,3915,121623,4622,114461,1,4,6085,94593,2437,70626,6090,165219,California
Ventura,2021-03-04,8115,244203,3875,125498,4240,118701,0,4,5482,97459,2619,73245,5485,170704,California
Ventura,2021-03-05,9989,254192,4814,130312,5165,123866,10,14,7092,101687,2882,76127,7110,177814,California
Ventura,2021-03-06,7244,261436,4403,134715,2688,126554,153,167,5325,105256,1911,78038,5480,183294,California
Ventura,2021-03-07,1663,263099,616,135331,947,127501,100,267,1244,106181,419,78457,1344,184638,California
Ventura,2021-03-08,6741,269840,3415,138746,3172,130673,154,421,4634,108871,2101,80558,4791,189429,California
Ventura,2021-03-09,6557,276397,2824,141570,3533,134206,200,621,3683,109896,2860,83418,3885,193314,California
Ventura,2021-03-10,6815,283212,2971,144541,3605,137811,239,860,4491,112316,2310,85728,4730,198044,California
Ventura,2021-03-11,6379,289591,2890,147431,3176,140987,313,1173,3425,113111,2941,88669,3736,201780,California
Ventura,2021-03-12,8535,298126,3041,150472,4649,145636,845,2018,4118,113674,4399,93068,4962,206742,California
Ventura,2021-03-13,6691,304817,2499,152971,3350,148986,842,2860,3761,115354,2921,95989,4601,211343,California
Ventura,2021-03-14,2134,306951,479,153450,1159,150145,496,3356,715,115148,1418,97407,1212,212555,California
Ventura,2021-03-15,6923,313874,2052,155502,3522,153667,1349,4705,2975,115545,3923,101330,4320,216875,California
Ventura,2021-03-16,7929,321803,2463,157965,4353,158020,1113,5818,3993,116727,3922,105252,5104,221979,California
Ventura,2021-03-17,7477,329280,2771,160736,4358,162378,348,6166,4468,118559,2986,108238,4818,226797,California
Ventura,2021-03-18,7228,336508,3274,164010,3802,166180,152,6318,4708,120911,2506,110744,4858,231655,California
Ventura,2021-03-19,8408,344916,3780,167790,4514,170694,114,6432,5024,122681,3365,114109,5135,236790,California
Ventura,2021-03-20,8152,353068,5248,173038,2883,173577,21,6453,3894,122364,4233,118342,3916,240706,California
Ventura,2021-03-21,2788,355856,1514,174552,902,174479,372,6825,1320,122598,1456,119798,1690,242396,California
Ventura,2021-03-22,7349,363205,3692,178244,3555,178034,102,6927,4841,125051,2492,122290,4945,247341,California
Ventura,2021-03-23,8188,371393,3888,182132,4228,182262,72,6999,4581,126122,3581,125871,4652,251993,California
Ventura,2021-03-24,8873,380266,3409,185541,5389,187651,75,7074,4423,126199,4421,130292,4498,256491,California
Ventura,2021-03-25,8798,389064,3907,189448,4790,192441,101,7175,4445,126409,4336,134628,4546,261037,California
Ventura,2021-03-26,9828,398892,3351,192799,5824,198265,653,7828,3901,125062,5899,140527,4552,265589,California
Ventura,2021-03-27,8115,407007,3905,196704,4170,202435,40,7868,2391,121792,5702,146229,2432,268021,California
Ventura,2021-03-28,2531,409538,1411,198115,1111,203546,9,7877,1377,122033,1145,147374,1386,269407,California
Ventura,2021-03-29,8450,417988,4258,202373,4149,207695,43,7920,4222,122098,4200,151574,4265,273672,California
Ventura,2021-03-30,8942,426930,4415,206788,4399,212094,128,8048,4526,122350,4402,155976,4654,278326,California
Ventura,2021-03-31,10709,437639,4830,211618,5251,217345,628,8676,4652,121597,6034,162010,5281,283607,California
Ventura,2021-04-01,10704,448343,5210,216828,4616,221961,878,9554,5403,122604,5279,167289,6286,289893,California
Ventura,2021-04-02,11657,460000,4607,221435,5741,227702,1309,10863,5555,123408,6072,173361,6876,296769,California
Ventura,2021-04-03,8041,468041,3961,225396,2933,230635,1147,12010,3379,123283,4651,178012,4526,301295,California
Ventura,2021-04-04,1720,469761,964,226360,622,231257,134,12144,1157,124019,556,178568,1292,302587,California
Ventura,2021-04-05,9334,479095,4877,231237,3351,234608,1106,13250,4738,125285,4585,183153,5851,308438,California
Ventura,2021-04-06,10857,489952,5553,236790,3820,238428,1484,14734,5568,127074,5264,188417,7053,315491,California
Ventura,2021-04-07,11331,501283,5432,242222,4404,242832,1495,16229,5176,127601,6140,194557,6667,322158,California
Ventura,2021-04-08,10254,511537,5312,247534,3999,246831,943,17172,5121,128539,5118,199675,6056,328214,California
Ventura,2021-04-09,11107,522644,4345,251879,5048,251879,1714,18886,4842,128846,6243,205918,6550,334764,California
Ventura,2021-04-10,9140,531784,3510,255389,3476,255355,2154,21040,3001,127874,6123,212041,5151,339915,California
Ventura,2021-04-11,2423,534207,861,256250,993,256348,569,21609,685,127395,1731,213772,1252,341167,California
Ventura,2021-04-12,8891,543098,4473,260723,3611,259959,807,22416,3744,126811,5129,218901,4545,345712,California
Ventura,2021-04-13,8767,551865,4437,265160,4324,264283,6,22422,3743,125568,4992,223893,3749,349461,California
Ventura,2021-04-14,8669,560534,4067,269227,4587,268870,15,22437,3370,123691,5264,229157,3387,352848,California
Ventura,2021-04-15,9311,569845,4535,273762,4769,273639,7,22444,4105,122620,5183,234340,4112,356960,California
Ventura,2021-04-16,10129,579974,4487,278249,5641,279280,1,22445,4858,122226,5255,239595,4861,361821,California
Ventura,2021-04-17,8567,588541,5324,283573,3242,282522,1,22446,5032,123736,3523,243118,5033,366854,California
Ventura,2021-04-18,2136,590677,1016,284589,1120,283642,0,22446,905,123415,1226,244344,905,367759,California
Ventura,2021-04-19,8034,598711,4852,289441,3181,286823,1,22447,4640,124681,3376,247720,4642,372401,California
Ventura,2021-04-20,9251,607962,4916,294357,4331,291154,4,22451,4378,124208,4856,252576,4383,376784,California
Ventura,2021-04-21,8857,616819,4533,298890,4320,295474,4,22455,4220,123810,4623,257199,4225,381009,California
Ventura,2021-04-22,10038,626857,5488,304378,4550,300024,0,22455,4501,122793,5518,262717,4501,385510,California
Ventura,2021-04-23,10804,637661,5397,309775,5406,305430,1,22456,5413,122842,5364,268081,5413,390923,California
Ventura,2021-04-24,10327,647988,5897,315672,4430,309860,0,22456,6120,124769,4194,272275,6121,397044,California
Ventura,2021-04-25,2473,650461,1701,317373,772,310632,0,22456,1141,124582,1328,273603,1141,398185,California
Ventura,2021-04-26,7193,657654,4133,321506,2995,313627,65,22521,3000,123472,4171,277774,3061,401246,California
Ventura,2021-04-27,8360,666014,4624,326130,3567,317194,169,22690,3153,121601,5192,282966,3321,404567,California
Ventura,2021-04-28,8248,674262,4815,330945,3117,320311,316,23006,3212,120112,5017,287983,3528,408095,California
Ventura,2021-04-29,7758,682020,4221,335166,3273,323584,264,23270,2747,118135,4986,292969,3009,411104,California
Ventura,2021-04-30,9329,691349,5445,340611,3610,327194,274,23544,3859,116821,5439,298408,4125,415229,California
Ventura,2021-05-01,4941,696290,3631,344242,1208,328402,102,23646,1865,115730,3058,301466,1967,417196,California
Ventura,2021-05-02,2129,698419,1428,345670,612,329014,89,23735,1035,115764,1090,302556,1124,418320,California
Ventura,2021-05-03,6222,704641,3913,349583,2032,331046,277,24012,1953,113745,4248,306804,2229,420549,California
Ventura,2021-05-04,6273,710914,3318,352901,2656,333702,299,24311,2270,112324,3989,310793,2568,423117,California
Ventura,2021-05-05,5258,716172,3009,355910,1991,335693,258,24569,1900,111143,3334,314127,2153,425270,California
Ventura,2021-05-06,6058,722230,3210,359120,2578,338271,270,24839,1922,109216,4119,318246,2192,427462,California
Ventura,2021-05-07,6691,728921,3369,362489,3049,341320,273,25112,2308,107440,4357,322603,2581,430043,California
Ventura,2021-05-08,5292,734213,4113,366602,1027,342347,152,25264,1208,104729,4071,326674,1360,431403,California
Ventura,2021-05-09,1052,735265,733,367335,273,342620,46,25310,398,104527,646,327320,444,431847,California
Ventura,2021-05-10,6005,741270,4072,371407,1730,344350,203,25513,1352,101436,4645,331965,1554,433401,California
Ventura,2021-05-11,5087,746357,3199,374606,1679,346029,209,25722,1465,99496,3613,335578,1673,435074,California
Ventura,2021-05-12,4711,751068,2704,377310,1810,347839,197,25919,1447,97895,3245,338823,1644,436718,California
Ventura,2021-05-13,5617,756685,3330,380640,2091,349930,196,26115,1893,96272,3712,342535,2089,438807,California
Ventura,2021-05-14,7079,763764,4362,385002,2519,352449,198,26313,2673,94752,4387,346922,2867,441674,California
Ventura,2021-05-15,6407,770171,5303,390305,1034,353483,70,26383,2732,93896,3659,350581,2803,444477,California
Ventura,2021-05-16,1188,771359,927,391232,253,353736,8,26391,588,93893,599,351180,596,445073,California
Ventura,2021-05-17,4973,776332,3054,394286,1742,355478,177,26568,2105,93321,2853,354033,2281,447354,California
Ventura,2021-05-18,2571,778903,1300,395586,1136,356614,135,26703,823,92541,1737,355770,957,448311,California
Yolo,2020-12-15,39,39,39,39,0,0,0,0,39,39,0,0,39,39,California
Yolo,2020-12-16,78,117,78,117,0,0,0,0,78,117,0,0,78,117,California
Yolo,2020-12-17,101,218,101,218,0,0,0,0,101,218,0,0,101,218,California
Yolo,2020-12-18,210,428,210,428,0,0,0,0,210,428,0,0,210,428,California
Yolo,2020-12-19,88,516,88,516,0,0,0,0,88,516,0,0,88,516,California
Yolo,2020-12-20,100,616,100,616,0,0,0,0,100,616,0,0,100,616,California
Yolo,2020-12-21,254,870,254,870,0,0,0,0,254,870,0,0,254,870,California
Yolo,2020-12-22,381,1251,380,1250,1,1,0,0,381,1251,0,0,381,1251,California
Yolo,2020-12-23,432,1683,412,1662,20,21,0,0,432,1683,0,0,432,1683,California
Yolo,2020-12-24,151,1834,95,1757,56,77,0,0,151,1834,0,0,151,1834,California
Yolo,2020-12-25,1,1835,1,1758,0,77,0,0,1,1835,0,0,1,1835,California
Yolo,2020-12-26,75,1910,25,1783,50,127,0,0,75,1910,0,0,75,1910,California
Yolo,2020-12-27,46,1956,19,1802,27,154,0,0,46,1956,0,0,46,1956,California
Yolo,2020-12-28,346,2302,179,1981,167,321,0,0,346,2302,0,0,346,2302,California
Yolo,2020-12-29,488,2790,267,2248,221,542,0,0,488,2790,0,0,488,2790,California
Yolo,2020-12-30,622,3412,254,2502,368,910,0,0,622,3412,0,0,622,3412,California
Yolo,2020-12-31,185,3597,95,2597,90,1000,0,0,185,3597,0,0,185,3597,California
Yolo,2021-01-01,58,3655,56,2653,2,1002,0,0,58,3655,0,0,58,3655,California
Yolo,2021-01-02,69,3724,26,2679,43,1045,0,0,69,3724,0,0,69,3724,California
Yolo,2021-01-03,44,3768,19,2698,25,1070,0,0,44,3768,0,0,44,3768,California
Yolo,2021-01-04,193,3961,43,2741,150,1220,0,0,193,3961,0,0,193,3961,California
Yolo,2021-01-05,614,4575,236,2977,378,1598,0,0,553,4453,61,61,553,4514,California
Yolo,2021-01-06,480,5055,183,3160,297,1895,0,0,349,4671,131,192,349,4863,California
Yolo,2021-01-07,709,5764,234,3394,475,2370,0,0,519,5001,189,381,519,5382,California
Yolo,2021-01-08,634,6398,312,3706,322,2692,0,0,418,5204,215,596,418,5800,California
Yolo,2021-01-09,410,6808,69,3775,341,3033,0,0,364,5522,46,642,364,6164,California
Yolo,2021-01-10,393,7201,80,3855,313,3346,0,0,323,5775,70,712,323,6487,California
Yolo,2021-01-11,563,7764,325,4180,238,3584,0,0,294,5802,269,981,296,6783,California
Yolo,2021-01-12,483,8247,364,4544,119,3703,0,0,175,5670,308,1289,176,6959,California
Yolo,2021-01-13,770,9017,312,4856,458,4161,0,0,520,5940,250,1539,520,7479,California
Yolo,2021-01-14,377,9394,183,5039,194,4355,0,0,273,6109,104,1643,273,7752,California
Yolo,2021-01-15,624,10018,318,5357,306,4661,0,0,545,6576,79,1722,546,8298,California
Yolo,2021-01-16,740,10758,95,5452,645,5306,0,0,709,7254,31,1753,709,9007,California
Yolo,2021-01-17,187,10945,118,5570,69,5375,0,0,180,7427,7,1760,180,9187,California
Yolo,2021-01-18,479,11424,303,5873,176,5551,0,0,380,7708,99,1859,380,9567,California
Yolo,2021-01-19,559,11983,375,6248,184,5735,0,0,384,7917,175,2034,384,9951,California
Yolo,2021-01-20,661,12644,381,6629,280,6015,0,0,475,8207,185,2219,475,10426,California
Yolo,2021-01-21,651,13295,384,7013,267,6282,0,0,463,8482,188,2407,463,10889,California
Yolo,2021-01-22,748,14043,251,7264,497,6779,0,0,631,8998,115,2522,631,11520,California
Yolo,2021-01-23,617,14660,124,7388,493,7272,0,0,569,9519,48,2570,569,12089,California
Yolo,2021-01-24,208,14868,124,7512,84,7356,0,0,167,9645,41,2611,167,12256,California
Yolo,2021-01-25,731,15599,156,7668,575,7931,0,0,514,9942,217,2828,514,12770,California
Yolo,2021-01-26,820,16419,327,7995,493,8424,0,0,429,9980,391,3219,429,13199,California
Yolo,2021-01-27,559,16978,223,8218,336,8760,0,0,383,10187,176,3395,383,13582,California
Yolo,2021-01-28,1052,18030,568,8786,484,9244,0,0,926,10988,125,3520,926,14508,California
Yolo,2021-01-29,887,18917,264,9050,623,9867,0,0,804,11710,82,3602,804,15312,California
Yolo,2021-01-30,1522,20439,919,9969,603,10470,0,0,1410,13014,106,3708,1410,16722,California
Yolo,2021-01-31,249,20688,211,10180,38,10508,0,0,214,13194,34,3742,214,16936,California
Yolo,2021-02-01,846,21534,360,10540,486,10994,0,0,613,13577,230,3972,613,17549,California
Yolo,2021-02-02,1336,22870,753,11293,583,11577,0,0,935,14112,401,4373,936,18485,California
Yolo,2021-02-03,1523,24393,399,11692,1124,12701,0,0,1186,14964,334,4707,1186,19671,California
Yolo,2021-02-04,1791,26184,283,11975,1508,14209,0,0,1240,15665,540,5247,1241,20912,California
Yolo,2021-02-05,1596,27780,905,12880,691,14900,0,0,1196,16463,399,5646,1197,22109,California
Yolo,2021-02-06,1922,29702,1252,14132,670,15570,0,0,1561,17664,361,6007,1562,23671,California
Yolo,2021-02-07,520,30222,250,14382,270,15840,0,0,171,17487,348,6355,171,23842,California
Yolo,2021-02-08,950,31172,332,14714,618,16458,0,0,604,17748,343,6698,604,24446,California
Yolo,2021-02-09,863,32035,389,15103,474,16932,0,0,578,18041,285,6983,578,25024,California
Yolo,2021-02-10,1459,33494,477,15580,982,17914,0,0,821,18226,638,7621,823,25847,California
Yolo,2021-02-11,1571,35065,803,16383,768,18682,0,0,1186,19027,385,8006,1186,27033,California
Yolo,2021-02-12,1915,36980,753,17136,1162,19844,0,0,1445,20006,466,8472,1445,28478,California
Yolo,2021-02-13,2060,39040,714,17850,1346,21190,0,0,1393,20732,667,9139,1393,29871,California
Yolo,2021-02-14,571,39611,155,18005,416,21606,0,0,446,21054,124,9263,446,30317,California
Yolo,2021-02-15,531,40142,189,18194,342,21948,0,0,266,21056,265,9528,267,30584,California
Yolo,2021-02-16,1130,41272,426,18620,704,22652,0,0,810,21547,320,9848,811,31395,California
Yolo,2021-02-17,1394,42666,701,19321,693,23345,0,0,999,22151,395,10243,999,32394,California
Yolo,2021-02-18,2501,45167,817,20138,1684,25029,0,0,1724,23100,776,11019,1725,34119,California
Yolo,2021-02-19,1745,46912,748,20886,997,26026,0,0,1124,23605,619,11638,1124,35243,California
Yolo,2021-02-20,2454,49366,956,21842,1498,27524,0,0,1372,23901,1077,12715,1373,36616,California
Yolo,2021-02-21,284,49650,226,22068,58,27582,0,0,74,23766,209,12924,74,36690,California
Yolo,2021-02-22,1362,51012,600,22668,762,28344,0,0,694,23793,667,13591,694,37384,California
Yolo,2021-02-23,1131,52143,847,23515,284,28628,0,0,434,23532,695,14286,434,37818,California
Yolo,2021-02-24,2094,54237,592,24107,1502,30130,0,0,1383,24206,709,14995,1383,39201,California
Yolo,2021-02-25,1381,55618,486,24593,895,31025,0,0,916,24658,464,15459,916,40117,California
Yolo,2021-02-26,2603,58221,1012,25605,1591,32616,0,0,1386,24830,1214,16673,1386,41503,California
Yolo,2021-02-27,1661,59882,768,26373,893,33509,0,0,1210,25589,451,17124,1210,42713,California
Yolo,2021-02-28,1776,61658,1495,27868,281,33790,0,0,675,25165,1099,18223,675,43388,California
Yolo,2021-03-01,1105,62763,368,28236,737,34527,0,0,673,25408,430,18653,673,44061,California
Yolo,2021-03-02,1472,64235,692,28928,780,35307,0,0,942,25820,530,19183,942,45003,California
Yolo,2021-03-03,1846,66081,634,29562,1212,36519,0,0,832,25640,1012,20195,832,45835,California
Yolo,2021-03-04,2922,69003,1463,31025,1459,37978,0,0,1573,25867,1346,21541,1573,47408,California
Yolo,2021-03-05,2361,71364,1408,32433,942,38920,11,11,1478,26474,882,22423,1489,48897,California
Yolo,2021-03-06,1476,72840,1128,33561,319,39239,29,40,840,26709,634,23057,869,49766,California
Yolo,2021-03-07,915,73755,679,34240,222,39461,14,54,779,27366,136,23193,793,50559,California
Yolo,2021-03-08,1094,74849,489,34729,562,40023,43,97,766,27849,327,23520,810,51369,California
Yolo,2021-03-09,1247,76096,673,35402,513,40536,61,158,756,28177,489,24009,817,52186,California
Yolo,2021-03-10,1802,77898,1051,36453,462,40998,289,447,752,28166,1046,25055,1035,53221,California
Yolo,2021-03-11,2350,80248,1604,38057,679,41677,67,514,1604,29093,745,25800,1672,54893,California
Yolo,2021-03-12,2904,83152,1353,39410,1471,43148,80,594,1373,29022,1523,27323,1452,56345,California
Yolo,2021-03-13,1846,84998,732,40142,937,44085,177,771,1000,29356,843,28166,1177,57522,California
Yolo,2021-03-14,1004,86002,211,40353,643,44728,150,921,523,29544,480,28646,668,58190,California
Yolo,2021-03-15,1322,87324,772,41125,374,45102,176,1097,707,29812,613,29259,881,59071,California
Yolo,2021-03-16,1868,89192,717,41842,1079,46181,72,1169,1103,30222,765,30024,1175,60246,California
Yolo,2021-03-17,2500,91692,973,42815,1455,47636,72,1241,1717,31262,780,30804,1820,62066,California
Yolo,2021-03-18,3026,94718,1028,43843,1774,49410,224,1465,1260,30984,1762,32566,1484,63550,California
Yolo,2021-03-19,2093,96811,870,44713,1155,50565,68,1533,1100,31165,987,33553,1168,64718,California
Yolo,2021-03-20,2770,99581,817,45530,1912,52477,41,1574,1109,30662,1655,35208,1152,65870,California
Yolo,2021-03-21,316,99897,215,45745,93,52570,8,1582,229,30813,86,35294,237,66107,California
Yolo,2021-03-22,1400,101297,488,46233,854,53424,58,1640,920,31313,477,35771,977,67084,California
Yolo,2021-03-23,1737,103034,935,47168,746,54170,56,1696,1073,31778,663,36434,1128,68212,California
Yolo,2021-03-24,2863,105897,1405,48573,1409,55579,49,1745,1412,31801,1439,37873,1462,69674,California
Yolo,2021-03-25,2544,108441,1412,49985,1105,56684,27,1772,1253,31800,1281,39154,1280,70954,California
Yolo,2021-03-26,2398,110839,1255,51240,1124,57808,19,1791,1025,31477,1366,40520,1043,71997,California
Yolo,2021-03-27,1653,112492,454,51694,1182,58990,17,1808,762,31366,890,41410,779,72776,California
Yolo,2021-03-28,1108,113600,864,52558,226,59216,18,1826,270,30820,834,42244,288,73064,California
Yolo,2021-03-29,2013,115613,822,53380,1161,60377,30,1856,979,30799,1030,43274,1009,74073,California
Yolo,2021-03-30,2275,117888,1074,54454,1178,61555,23,1879,1177,30906,1093,44367,1200,75273,California
Yolo,2021-03-31,2349,120237,1220,55674,1093,62648,36,1915,1194,30984,1154,45521,1232,76505,California
Yolo,2021-04-01,3838,124075,1846,57520,1517,64165,475,2390,1618,30859,2217,47738,2092,78597,California
Yolo,2021-04-02,3386,127461,1511,59031,1731,65896,144,2534,2097,31818,1283,49021,2242,80839,California
Yolo,2021-04-03,1794,129255,1082,60113,497,66393,215,2749,801,31843,992,50013,1017,81856,California
Yolo,2021-04-04,390,129645,153,60266,175,66568,62,2811,147,31809,243,50256,209,82065,California
Yolo,2021-04-05,1909,131554,732,60998,1078,67646,99,2910,1011,32026,893,51149,1110,83175,California
Yolo,2021-04-06,2573,134127,1306,62304,1096,68742,171,3081,1311,32257,1253,52402,1484,84659,California
Yolo,2021-04-07,2974,137101,1512,63816,1111,69853,351,3432,1922,33488,1046,53448,2277,86936,California
Yolo,2021-04-08,2416,139517,1001,64817,942,70795,473,3905,1022,33588,1391,54839,1491,88427,California
Yolo,2021-04-09,2572,142089,913,65730,1081,71876,578,4483,844,33278,1725,56564,1415,89842,California
Yolo,2021-04-10,1731,143820,816,66546,739,72615,176,4659,1024,33774,703,57267,1199,91041,California
Yolo,2021-04-11,887,144707,282,66828,561,73176,44,4703,364,33661,520,57787,407,91448,California
Yolo,2021-04-12,1763,146470,520,67348,1099,74275,144,4847,1091,34228,669,58456,1236,92684,California
Yolo,2021-04-13,1969,148439,911,68259,1058,75333,0,4847,1039,34338,929,59385,1039,93723,California
Yolo,2021-04-14,2758,151197,762,69021,1996,77329,0,4847,1360,34306,1392,60777,1360,95083,California
Yolo,2021-04-15,3306,154503,1133,70154,2173,79502,0,4847,2262,35533,1035,61812,2262,97345,California
Yolo,2021-04-16,3038,157541,1957,72111,1081,80583,0,4847,1934,36369,1098,62910,1934,99279,California
Yolo,2021-04-17,1602,159143,470,72581,1132,81715,0,4847,829,36428,770,63680,829,100108,California
Yolo,2021-04-18,634,159777,306,72887,328,82043,0,4847,355,36507,276,63956,355,100463,California
Yolo,2021-04-19,1665,161442,716,73603,948,82991,1,4848,767,36382,893,64849,768,101231,California
Yolo,2021-04-20,1998,163440,1009,74612,989,83980,0,4848,1070,36526,926,65775,1070,102301,California
Yolo,2021-04-21,1981,165421,983,75595,998,84978,0,4848,1082,36713,895,66670,1082,103383,California
Yolo,2021-04-22,1932,167353,875,76470,1057,86035,0,4848,961,36709,966,67636,962,104345,California
Yolo,2021-04-23,2611,169964,1524,77994,1087,87122,0,4848,1161,36432,1438,69074,1161,105506,California
Yolo,2021-04-24,1159,171123,632,78626,525,87647,2,4850,455,36193,696,69770,457,105963,California
Yolo,2021-04-25,942,172065,401,79027,541,88188,0,4850,722,36696,219,69989,722,106685,California
Yolo,2021-04-26,1177,173242,450,79477,724,88912,3,4853,483,36491,692,70681,487,107172,California
Yolo,2021-04-27,1487,174729,697,80174,781,89693,9,4862,571,36158,915,71596,582,107754,California
Yolo,2021-04-28,2013,176742,995,81169,991,90684,27,4889,704,35583,1306,72902,731,108485,California
Yolo,2021-04-29,1712,178454,790,81959,839,91523,83,4972,651,35257,1060,73962,734,109219,California
Yolo,2021-04-30,2006,180460,991,82950,958,92481,57,5029,958,35230,1042,75004,1015,110234,California
Yolo,2021-05-01,1284,181744,998,83948,266,92747,20,5049,382,34731,901,75905,402,110636,California
Yolo,2021-05-02,495,182239,401,84349,71,92818,23,5072,321,34901,174,76079,344,110980,California
Yolo,2021-05-03,1122,183361,407,84756,681,93499,34,5106,304,34422,816,76895,337,111317,California
Yolo,2021-05-04,1439,184800,659,85415,756,94255,24,5130,487,33985,948,77843,511,111828,California
Yolo,2021-05-05,1552,186352,422,85837,1064,95319,66,5196,438,33382,1107,78950,504,112332,California
Yolo,2021-05-06,1509,187861,700,86537,729,96048,80,5276,504,32974,992,79942,584,112916,California
Yolo,2021-05-07,2299,190160,1373,87910,875,96923,51,5327,458,31649,1833,81775,508,113424,California
Yolo,2021-05-08,834,190994,359,88269,418,97341,57,5384,311,31496,520,82295,367,113791,California
Yolo,2021-05-09,393,191387,163,88432,217,97558,13,5397,90,31297,302,82597,103,113894,California
Yolo,2021-05-10,901,192288,356,88788,499,98057,46,5443,154,30751,745,83342,199,114093,California
Yolo,2021-05-11,1120,193408,649,89437,449,98506,22,5465,275,30206,841,84183,296,114389,California
Yolo,2021-05-12,1496,194904,661,90098,807,99313,28,5493,276,29296,1217,85400,307,114696,California
Yolo,2021-05-13,2061,196965,776,90874,1227,100540,58,5551,588,28473,1469,86869,646,115342,California
Yolo,2021-05-14,1875,198840,1368,92242,476,101016,31,5582,1039,28712,832,87701,1071,116413,California
Yolo,2021-05-15,1175,200015,675,92917,454,101470,46,5628,600,28783,575,88276,646,117059,California
Yolo,2021-05-16,1198,201213,1087,94004,105,101575,6,5634,946,29487,248,88524,952,118011,California
Yolo,2021-05-17,770,201983,373,94377,380,101955,17,5651,274,29288,490,89014,291,118302,California
Yolo,2021-05-18,1086,203069,860,95237,216,102171,10,5661,721,29656,363,89377,731,119033,California
Yuba,2020-12-16,4,4,4,4,0,0,0,0,4,4,0,0,4,4,California
Yuba,2020-12-17,4,8,4,8,0,0,0,0,4,8,0,0,4,8,California
Yuba,2020-12-18,8,16,8,16,0,0,0,0,8,16,0,0,8,16,California
Yuba,2020-12-19,12,28,12,28,0,0,0,0,12,28,0,0,12,28,California
Yuba,2020-12-20,20,48,20,48,0,0,0,0,20,48,0,0,20,48,California
Yuba,2020-12-21,40,88,40,88,0,0,0,0,40,88,0,0,40,88,California
Yuba,2020-12-22,86,174,86,174,0,0,0,0,86,174,0,0,86,174,California
Yuba,2020-12-23,64,238,62,236,2,2,0,0,64,238,0,0,64,238,California
Yuba,2020-12-24,20,258,10,246,10,12,0,0,20,258,0,0,20,258,California
Yuba,2020-12-26,15,273,13,259,2,14,0,0,15,273,0,0,15,273,California
Yuba,2020-12-27,15,288,15,274,0,14,0,0,15,288,0,0,15,288,California
Yuba,2020-12-28,51,339,35,309,16,30,0,0,51,339,0,0,51,339,California
Yuba,2020-12-29,75,414,10,319,65,95,0,0,75,414,0,0,75,414,California
Yuba,2020-12-30,64,478,20,339,44,139,0,0,64,478,0,0,64,478,California
Yuba,2020-12-31,38,516,7,346,31,170,0,0,38,516,0,0,38,516,California
Yuba,2021-01-02,23,539,22,368,1,171,0,0,23,539,0,0,23,539,California
Yuba,2021-01-03,10,549,6,374,4,175,0,0,10,549,0,0,10,549,California
Yuba,2021-01-04,90,639,21,395,69,244,0,0,90,639,0,0,90,639,California
Yuba,2021-01-05,70,709,38,433,32,276,0,0,69,707,1,1,69,708,California
Yuba,2021-01-06,154,863,76,509,78,354,0,0,148,849,6,7,148,856,California
Yuba,2021-01-07,75,938,19,528,56,410,0,0,72,917,4,11,72,928,California
Yuba,2021-01-08,73,1011,25,553,48,458,0,0,66,976,7,18,66,994,California
Yuba,2021-01-09,19,1030,16,569,3,461,0,0,11,979,8,26,11,1005,California
Yuba,2021-01-10,117,1147,22,591,95,556,0,0,95,1052,22,48,95,1100,California
Yuba,2021-01-11,72,1219,50,641,22,578,0,0,32,1044,40,88,32,1132,California
Yuba,2021-01-12,107,1326,77,718,30,608,0,0,42,1021,65,153,42,1174,California
Yuba,2021-01-13,119,1445,72,790,47,655,0,0,54,1011,64,217,54,1228,California
Yuba,2021-01-14,110,1555,43,833,67,722,0,0,98,1097,12,229,98,1326,California
Yuba,2021-01-15,206,1761,88,921,118,840,0,0,195,1281,11,240,195,1521,California
Yuba,2021-01-16,184,1945,21,942,163,1003,0,0,172,1440,13,253,172,1693,California
Yuba,2021-01-17,13,1958,9,951,4,1007,0,0,7,1441,6,259,7,1700,California
Yuba,2021-01-18,60,2018,32,983,28,1035,0,0,35,1451,25,284,35,1735,California
Yuba,2021-01-19,81,2099,30,1013,51,1086,0,0,66,1502,15,299,66,1801,California
Yuba,2021-01-20,133,2232,87,1100,46,1132,0,0,110,1589,23,322,110,1911,California
Yuba,2021-01-21,213,2445,97,1197,116,1248,0,0,205,1786,8,330,205,2116,California
Yuba,2021-01-22,105,2550,7,1204,98,1346,0,0,96,1873,9,339,96,2212,California
Yuba,2021-01-23,200,2750,7,1211,193,1539,0,0,197,2067,3,342,197,2409,California
Yuba,2021-01-24,10,2760,7,1218,3,1542,0,0,8,2073,2,344,8,2417,California
Yuba,2021-01-25,85,2845,29,1247,56,1598,0,0,53,2095,31,375,53,2470,California
Yuba,2021-01-26,148,2993,39,1286,109,1707,0,0,90,2127,58,433,90,2560,California
Yuba,2021-01-27,183,3176,128,1414,55,1762,0,0,115,2174,68,501,115,2675,California
Yuba,2021-01-28,217,3393,79,1493,138,1900,0,0,175,2307,42,543,175,2850,California
Yuba,2021-01-29,158,3551,55,1548,103,2003,0,0,111,2371,47,590,111,2961,California
Yuba,2021-01-30,410,3961,23,1571,387,2390,0,0,399,2759,11,601,399,3360,California
Yuba,2021-01-31,18,3979,12,1583,6,2396,0,0,16,2773,2,603,16,3376,California
Yuba,2021-02-01,155,4134,75,1658,80,2476,0,0,131,2882,23,626,132,3508,California
Yuba,2021-02-02,123,4257,23,1681,100,2576,0,0,101,2961,22,648,101,3609,California
Yuba,2021-02-03,226,4483,29,1710,197,2773,0,0,114,2964,111,759,114,3723,California
Yuba,2021-02-04,296,4779,121,1831,175,2948,0,0,253,3174,43,802,253,3976,California
Yuba,2021-02-05,147,4926,32,1863,115,3063,0,0,71,3169,76,878,71,4047,California
Yuba,2021-02-06,450,5376,26,1889,424,3487,0,0,442,3603,8,886,442,4489,California
Yuba,2021-02-07,18,5394,11,1900,7,3494,0,0,15,3615,3,889,15,4504,California
Yuba,2021-02-08,96,5490,35,1935,61,3555,0,0,66,3651,30,919,66,4570,California
Yuba,2021-02-09,155,5645,57,1992,98,3653,0,0,85,3666,70,989,85,4655,California
Yuba,2021-02-10,352,5997,172,2164,180,3833,0,0,114,3543,237,1226,114,4769,California
Yuba,2021-02-11,396,6393,63,2227,333,4166,0,0,298,3745,96,1322,298,5067,California
Yuba,2021-02-12,265,6658,27,2254,238,4404,0,0,151,3782,114,1436,151,5218,California
Yuba,2021-02-13,437,7095,37,2291,400,4804,0,0,387,4119,50,1486,387,5605,California
Yuba,2021-02-14,54,7149,11,2302,43,4847,0,0,49,4163,5,1491,49,5654,California
Yuba,2021-02-15,87,7236,36,2338,51,4898,0,0,68,4212,19,1510,68,5722,California
Yuba,2021-02-16,199,7435,53,2391,146,5044,0,0,140,4294,58,1568,140,5862,California
Yuba,2021-02-17,372,7807,156,2547,216,5260,0,0,99,4121,272,1840,99,5961,California
Yuba,2021-02-18,318,8125,47,2594,271,5531,0,0,194,4191,124,1964,194,6155,California
Yuba,2021-02-19,225,8350,82,2676,143,5674,0,0,142,4250,83,2047,142,6297,California
Yuba,2021-02-20,390,8740,31,2707,359,6033,0,0,336,4532,54,2101,336,6633,California
Yuba,2021-02-21,17,8757,14,2721,3,6036,0,0,7,4529,10,2111,7,6640,California
Yuba,2021-02-22,128,8885,79,2800,49,6085,0,0,38,4478,89,2200,38,6678,California
Yuba,2021-02-23,114,8999,25,2825,89,6174,0,0,47,4459,66,2266,47,6725,California
Yuba,2021-02-24,482,9481,136,2961,346,6520,0,0,107,4191,375,2641,107,6832,California
Yuba,2021-02-25,344,9825,139,3100,205,6725,0,0,214,4275,130,2771,214,7046,California
Yuba,2021-02-26,257,10082,68,3168,189,6914,0,0,143,4306,112,2883,143,7189,California
Yuba,2021-02-27,473,10555,48,3216,425,7339,0,0,384,4603,87,2970,384,7573,California
Yuba,2021-02-28,66,10621,21,3237,45,7384,0,0,45,4627,21,2991,45,7618,California
Yuba,2021-03-01,156,10777,40,3277,116,7500,0,0,80,4632,75,3066,80,7698,California
Yuba,2021-03-02,160,10937,36,3313,124,7624,0,0,80,4632,80,3146,80,7778,California
Yuba,2021-03-03,623,11560,159,3472,464,8088,0,0,200,4410,422,3568,200,7978,California
Yuba,2021-03-04,467,12027,271,3743,196,8284,0,0,325,4594,141,3709,325,8303,California
Yuba,2021-03-05,317,12344,60,3803,256,8540,1,1,249,4776,68,3777,250,8553,California
Yuba,2021-03-06,475,12819,35,3838,436,8976,4,5,369,5043,106,3883,373,8926,California
Yuba,2021-03-07,49,12868,27,3865,21,8997,1,6,33,5061,16,3899,34,8960,California
Yuba,2021-03-08,160,13028,49,3914,95,9092,16,22,101,5119,59,3958,117,9077,California
Yuba,2021-03-09,178,13206,47,3961,111,9203,20,42,84,5129,94,4052,104,9181,California
Yuba,2021-03-10,737,13943,234,4195,473,9676,30,72,232,4887,504,4556,262,9443,California
Yuba,2021-03-11,438,14381,197,4392,229,9905,12,84,295,5051,143,4699,307,9750,California
Yuba,2021-03-12,461,14842,86,4478,321,10226,54,138,150,4944,311,5010,204,9954,California
Yuba,2021-03-13,460,15302,340,4818,105,10331,15,153,361,5222,98,5108,376,10330,California
Yuba,2021-03-14,107,15409,21,4839,76,10407,10,163,46,5218,60,5168,56,10386,California
Yuba,2021-03-15,190,15599,49,4888,124,10531,17,180,96,5237,94,5262,113,10499,California
Yuba,2021-03-16,290,15889,71,4959,194,10725,25,205,177,5327,112,5374,202,10701,California
Yuba,2021-03-17,739,16628,162,5121,548,11273,29,234,193,5005,544,5918,222,10923,California
Yuba,2021-03-18,585,17213,160,5281,312,11585,113,347,355,5242,230,6148,467,11390,California
Yuba,2021-03-19,327,17540,120,5401,158,11743,49,396,188,5341,138,6286,237,11627,California
Yuba,2021-03-20,556,18096,81,5482,457,12200,18,414,476,5756,79,6365,494,12121,California
Yuba,2021-03-21,60,18156,35,5517,25,12225,0,414,48,5792,12,6377,48,12169,California
Yuba,2021-03-22,190,18346,70,5587,113,12338,7,421,148,5905,42,6419,155,12324,California
Yuba,2021-03-23,264,18610,80,5667,157,12495,27,448,177,6024,85,6504,204,12528,California
Yuba,2021-03-24,770,19380,255,5922,434,12929,81,529,189,5714,579,7083,269,12797,California
Yuba,2021-03-25,502,19882,268,6190,212,13141,22,551,248,5730,254,7337,270,13067,California
Yuba,2021-03-26,393,20275,143,6333,223,13364,27,578,226,5817,166,7503,253,13320,California
Yuba,2021-03-27,459,20734,27,6360,429,13793,3,581,404,6169,54,7557,406,13726,California
Yuba,2021-03-28,99,20833,40,6400,55,13848,4,585,37,6148,62,7619,41,13767,California
Yuba,2021-03-29,295,21128,86,6486,177,14025,32,617,179,6243,116,7735,211,13978,California
Yuba,2021-03-30,274,21402,68,6554,198,14223,8,625,189,6355,85,7820,197,14175,California
Yuba,2021-03-31,667,22069,113,6667,542,14765,12,637,237,6175,429,8249,249,14424,California
Yuba,2021-04-01,621,22690,288,6955,304,15069,29,666,287,6157,334,8583,316,14740,California
Yuba,2021-04-02,493,23183,94,7049,316,15385,83,749,186,6119,306,8889,268,15008,California
Yuba,2021-04-03,653,23836,54,7103,117,15502,482,1231,86,6121,566,9455,568,15576,California
Yuba,2021-04-04,59,23895,11,7114,42,15544,6,1237,34,6136,25,9480,40,15616,California
Yuba,2021-04-05,247,24142,79,7193,147,15691,21,1258,124,6160,121,9601,145,15761,California
Yuba,2021-04-06,354,24496,114,7307,180,15871,60,1318,171,6209,182,9783,231,15992,California
Yuba,2021-04-07,769,25265,396,7703,320,16191,53,1371,346,6187,420,10203,398,16390,California
Yuba,2021-04-08,739,26004,287,7990,190,16381,262,1633,274,6258,464,10667,535,16925,California
Yuba,2021-04-09,396,26400,173,8163,157,16538,66,1699,162,6253,233,10900,228,17153,California
Yuba,2021-04-10,592,26992,71,8234,74,16612,447,2146,70,6249,520,11420,516,17669,California
Yuba,2021-04-11,102,27094,26,8260,64,16676,12,2158,43,6245,59,11479,55,17724,California
Yuba,2021-04-12,211,27305,45,8305,137,16813,29,2187,80,6224,130,11609,109,17833,California
Yuba,2021-04-13,397,27702,103,8408,294,17107,0,2187,204,6236,192,11801,204,18037,California
Yuba,2021-04-14,694,28396,109,8517,585,17692,0,2187,120,5783,573,12374,120,18157,California
Yuba,2021-04-15,337,28733,128,8645,209,17901,0,2187,147,5740,190,12564,147,18304,California
Yuba,2021-04-16,333,29066,100,8745,233,18134,0,2187,178,5763,155,12719,178,18482,California
Yuba,2021-04-17,403,29469,58,8803,345,18479,0,2187,332,6025,70,12789,332,18814,California
Yuba,2021-04-18,52,29521,9,8812,43,18522,0,2187,24,6021,28,12817,24,18838,California
Yuba,2021-04-19,246,29767,103,8915,143,18665,0,2187,105,5985,141,12958,105,18943,California
Yuba,2021-04-20,313,30080,77,8992,236,18901,0,2187,176,6026,136,13094,177,19120,California
Yuba,2021-04-21,700,30780,282,9274,418,19319,0,2187,299,5924,401,13495,299,19419,California
Yuba,2021-04-22,340,31120,132,9406,208,19527,0,2187,184,5952,156,13651,184,19603,California
Yuba,2021-04-23,341,31461,110,9516,231,19758,0,2187,162,5936,178,13829,162,19765,California
Yuba,2021-04-24,216,31677,68,9584,148,19906,0,2187,123,5966,93,13922,123,19888,California
Yuba,2021-04-25,73,31750,30,9614,43,19949,0,2187,36,5965,37,13959,36,19924,California
Yuba,2021-04-26,224,31974,54,9668,166,20115,4,2191,102,5949,122,14081,106,20030,California
Yuba,2021-04-27,472,32446,162,9830,300,20415,10,2201,233,5955,237,14318,243,20273,California
Yuba,2021-04-28,430,32876,174,10004,251,20666,5,2206,144,5824,280,14598,149,20422,California
Yuba,2021-04-29,426,33302,63,10067,362,21028,1,2207,144,5688,281,14879,145,20567,California
Yuba,2021-04-30,328,33630,93,10160,206,21234,29,2236,140,5671,186,15065,169,20736,California
Yuba,2021-05-01,206,33836,91,10251,96,21330,19,2255,93,5671,112,15177,112,20848,California
Yuba,2021-05-02,64,33900,34,10285,26,21356,4,2259,37,5685,27,15204,41,20889,California
Yuba,2021-05-03,142,34042,66,10351,67,21423,9,2268,45,5645,94,15298,54,20943,California
Yuba,2021-05-04,318,34360,94,10445,203,21626,21,2289,140,5628,178,15476,161,21104,California
Yuba,2021-05-05,315,34675,78,10523,231,21857,6,2295,114,5547,201,15677,120,21224,California
Yuba,2021-05-06,275,34950,103,10626,134,21991,38,2333,90,5493,182,15859,128,21352,California
Yuba,2021-05-07,360,35310,95,10721,236,22227,29,2362,121,5403,239,16098,149,21501,California
Yuba,2021-05-08,104,35414,32,10753,69,22296,3,2365,46,5394,58,16156,49,21550,California
Yuba,2021-05-09,52,35466,23,10776,26,22322,3,2368,37,5419,15,16171,40,21590,California
Yuba,2021-05-10,172,35638,56,10832,98,22420,18,2386,54,5374,117,16288,72,21662,California
Yuba,2021-05-11,363,36001,160,10992,191,22611,12,2398,135,5294,226,16514,146,21808,California
Yuba,2021-05-12,242,36243,118,11110,118,22729,6,2404,91,5240,151,16665,97,21905,California
Yuba,2021-05-13,341,36584,186,11296,112,22841,43,2447,109,5162,230,16895,152,22057,California
Yuba,2021-05-14,346,36930,126,11422,199,23040,21,2468,145,5125,201,17096,164,22221,California
Yuba,2021-05-15,423,37353,102,11524,301,23341,20,2488,106,4935,315,17411,125,22346,California
Yuba,2021-05-16,79,37432,12,11536,67,23408,0,2488,60,4977,18,17429,60,22406,California
Yuba,2021-05-17,164,37596,50,11586,100,23508,14,2502,61,4951,101,17530,75,22481,California
Yuba,2021-05-18,210,37806,78,11664,131,23639,1,2503,81,4904,129,17659,82,22563,California
