county,administered_date,total_doses,cumulative_total_doses,pfizer_doses,cumulative_pfizer_doses,moderna_doses,cumulative_moderna_doses,jj_doses,cumulative_jj_doses,partially_vaccinated,total_partially_vaccinated,fully_vaccinated,cumulative_fully_vaccinated,at_least_one_dose,cumulative_at_least_one_dose,california_flag
All CA Counties,2020-12-15,1139,1139,1139,1139,0,0,0,0,1139,1139,0,0,1139,1139,
All CA Counties,2020-12-16,8432,9571,8432,9571,0,0,0,0,8432,9571,0,0,8432,9571,
All CA Counties,2020-12-17,25878,35449,25878,35449,0,0,0,0,25880,35451,0,0,25880,35451,
All CA Counties,2020-12-18,43908,79357,43852,79301,56,56,0,0,43909,79360,0,0,43909,79360,
All CA Counties,2020-12-19,25321,104678,25296,104597,25,81,0,0,25320,104679,1,1,25320,104680,
All CA Counties,2020-12-20,19023,123701,18996,123593,27,108,0,0,19022,123700,1,2,19022,123702,
All CA Counties,2020-12-21,49716,173417,49630,173223,86,194,0,0,49718,173417,2,4,49719,173421,
All CA Counties,2020-12-22,50090,223507,47963,221186,2127,2321,0,0,50088,223504,1,5,50088,223509,
All CA Counties,2020-12-23,50720,274227,41946,263132,8774,11095,0,0,50716,274219,4,9,50719,274228,
All CA Counties,2020-12-24,24118,298345,16397,279529,7721,18816,0,0,24115,298333,3,12,24117,298345,
All CA Counties,2020-12-25,2352,300697,2029,281558,323,19139,0,0,2352,300685,0,12,2352,300697,
All CA Counties,2020-12-26,14711,315408,9465,291023,5246,24385,0,0,14709,315393,1,13,14709,315406,
All CA Counties,2020-12-27,9440,324848,5590,296613,3850,28235,0,0,9439,324831,1,14,9439,324845,
All CA Counties,2020-12-28,45878,370726,29431,326044,16447,44682,0,0,45876,370704,3,17,45876,370721,
All CA Counties,2020-12-29,50997,421723,28435,354479,22562,67244,0,0,50993,421694,3,20,50993,421714,
All CA Counties,2020-12-30,62878,484601,35523,390002,27355,94599,0,0,62870,484561,6,26,62873,484587,
All CA Counties,2020-12-31,29350,513951,10859,400861,18491,113090,0,0,29341,513896,7,33,29342,513929,
All CA Counties,2021-01-01,4186,518137,1866,402727,2320,115410,0,0,4182,518075,3,36,4182,518111,
All CA Counties,2021-01-02,18435,536572,10360,413087,8075,123485,0,0,18434,536509,0,36,18434,536545,
All CA Counties,2021-01-03,6167,542739,3654,416741,2513,125998,0,0,6138,542635,12,48,6138,542683,
All CA Counties,2021-01-04,43580,586319,22210,438951,21370,147368,0,0,43501,586094,42,90,43501,586184,
All CA Counties,2021-01-05,56490,642809,30095,469046,26395,173763,0,0,51032,631816,5402,5492,51124,637308,
All CA Counties,2021-01-06,73333,716142,40635,509681,32698,206461,0,0,57941,674576,15213,20705,57973,695281,
All CA Counties,2021-01-07,92000,808142,52440,562121,39560,246021,0,0,61313,705419,30519,51224,61362,756643,
All CA Counties,2021-01-08,106674,914816,64171,626292,42503,288524,0,0,65484,729911,41056,92280,65548,822191,
All CA Counties,2021-01-09,44306,959122,25556,651848,18750,307274,0,0,27785,741226,16497,108777,27812,850003,
All CA Counties,2021-01-10,24304,983426,15014,666862,9290,316564,0,0,13073,743102,11214,119991,13090,863093,
All CA Counties,2021-01-11,104454,1087880,69501,736363,34953,351517,0,0,60620,760099,43792,163783,60789,923882,
All CA Counties,2021-01-12,113380,1201260,67127,803490,46253,397770,0,0,72380,791790,40921,204704,72612,996494,
All CA Counties,2021-01-13,119043,1320303,61776,865266,57267,455037,0,0,85345,843602,33612,238316,85424,1081918,
All CA Counties,2021-01-14,123691,1443994,49591,914857,74100,529137,0,0,104122,928422,19464,257780,104284,1186202,
All CA Counties,2021-01-15,141706,1585700,51799,966656,89907,619044,0,0,126668,1040351,14945,272725,126874,1313076,
All CA Counties,2021-01-16,80362,1666062,27323,993979,53039,672083,0,0,72806,1105677,7530,280255,72856,1385932,
All CA Counties,2021-01-17,48097,1714159,16797,1010776,31300,703383,0,0,44461,1146556,3629,283884,44508,1430440,
All CA Counties,2021-01-18,88063,1802222,45956,1056732,42107,745490,0,0,68782,1196293,19206,303090,68943,1499383,
All CA Counties,2021-01-19,141765,1943987,73576,1130308,68189,813679,0,0,110649,1276240,31024,334114,110971,1610354,
All CA Counties,2021-01-20,160055,2104042,81879,1212187,78176,891855,0,0,126513,1369685,33324,367438,126769,1737123,
All CA Counties,2021-01-21,173101,2277143,76874,1289061,96227,988082,0,0,154029,1505199,18862,386300,154376,1891499,
All CA Counties,2021-01-22,169297,2446440,69169,1358230,100128,1088210,0,0,155034,1646246,14131,400431,155178,2046677,
All CA Counties,2021-01-23,111172,2557612,49429,1407659,61743,1149953,0,0,98684,1732613,12430,412861,98797,2145474,
All CA Counties,2021-01-24,60959,2618571,29483,1437142,31476,1181429,0,0,56316,1784376,4613,417474,56376,2201850,
All CA Counties,2021-01-25,144802,2763373,65361,1502503,79441,1260870,0,0,109741,1859536,34936,452410,110096,2311946,
All CA Counties,2021-01-26,168327,2931700,82735,1585238,85592,1346462,0,0,130931,1953459,37265,489675,131188,2443134,
All CA Counties,2021-01-27,180531,3112231,87700,1672938,92831,1439293,0,0,141311,2056074,38905,528580,141520,2584654,
All CA Counties,2021-01-28,187486,3299717,86535,1759473,100951,1540244,0,0,153429,2175940,33772,562352,153638,2738292,
All CA Counties,2021-01-29,183156,3482873,88221,1847694,94935,1635179,0,0,148607,2290734,33979,596331,148773,2887065,
All CA Counties,2021-01-30,123348,3606221,55643,1903337,67705,1702884,0,0,107974,2383636,15211,611542,108113,2995178,
All CA Counties,2021-01-31,68962,3675183,38641,1941978,30321,1733205,0,0,64199,2443175,4714,616256,64253,3059431,
All CA Counties,2021-02-01,161743,3836926,75982,2017960,85761,1818966,0,0,121092,2523898,40495,656751,121218,3180649,
All CA Counties,2021-02-02,184380,4021306,77698,2095658,106682,1925648,0,0,140125,2620265,43979,700730,140346,3320995,
All CA Counties,2021-02-03,210740,4232046,95511,2191169,115229,2040877,0,0,156455,2723174,53789,754519,156698,3477693,
All CA Counties,2021-02-04,227604,4459650,99734,2290903,127870,2168747,0,0,167111,2830681,59959,814478,167466,3645159,
All CA Counties,2021-02-05,245695,4705345,106306,2397209,139389,2308136,0,0,167030,2920330,77901,892379,167550,3812709,
All CA Counties,2021-02-06,154717,4860062,74824,2472033,79893,2388029,0,0,119995,3006257,34558,926937,120485,3933194,
All CA Counties,2021-02-07,66788,4926850,43190,2515223,23598,2411627,0,0,50380,3040756,16331,943268,50830,3984024,
All CA Counties,2021-02-08,180576,5107426,88823,2604046,91753,2503380,0,0,119218,3099782,60930,1004198,119956,4103980,
All CA Counties,2021-02-09,211198,5318624,102120,2706166,109078,2612458,0,0,126696,3143560,84054,1088252,127832,4231812,
All CA Counties,2021-02-10,248223,5566847,119598,2825764,128625,2741083,0,0,137836,3173292,109577,1197829,139309,4371121,
All CA Counties,2021-02-11,265095,5831942,131281,2957045,133814,2874897,0,0,144925,3200930,119067,1316896,146705,4517826,
All CA Counties,2021-02-12,271951,6103893,119247,3076292,152704,3027601,0,0,146842,3225866,124262,1441158,149198,4667024,
All CA Counties,2021-02-13,166675,6270568,77238,3153530,89437,3117038,0,0,92163,3245833,74145,1515303,94112,4761136,
All CA Counties,2021-02-14,95243,6365811,47373,3200903,47870,3164908,0,0,51589,3255472,43490,1558793,53129,4814265,
All CA Counties,2021-02-15,142270,6508081,62401,3263304,79869,3244777,0,0,78769,3274232,63129,1621922,81889,4896154,
All CA Counties,2021-02-16,248598,6756679,117952,3381256,130646,3375423,0,0,133102,3295303,115123,1737045,136194,5032348,
All CA Counties,2021-02-17,258717,7015396,128739,3509995,129978,3505401,0,0,129022,3298364,129161,1866206,132222,5164570,
All CA Counties,2021-02-18,272314,7287710,142016,3652011,130298,3635699,0,0,131770,3294490,139850,2006056,135976,5300546,
All CA Counties,2021-02-19,252224,7539934,146293,3798304,105931,3741630,0,0,130306,3305433,121433,2127489,132376,5432922,
All CA Counties,2021-02-20,152562,7692496,97813,3896117,54749,3796379,0,0,84040,3323176,68264,2195753,86007,5518929,
All CA Counties,2021-02-21,81967,7774463,67930,3964047,14037,3810416,0,0,41298,3325606,40434,2236187,42864,5561793,
All CA Counties,2021-02-22,163620,7938083,109771,4073818,53849,3864265,0,0,82039,3328105,81266,2317453,83765,5645558,
All CA Counties,2021-02-23,225151,8163234,119279,4193097,105872,3970137,0,0,105047,3319618,119512,2436965,111025,5756583,
All CA Counties,2021-02-24,282674,8445908,142879,4335976,139795,4109932,0,0,134607,3314308,147450,2584415,142140,5898723,
All CA Counties,2021-02-25,319679,8765587,157393,4493369,162286,4272218,0,0,167719,3339281,151277,2735692,176250,6074973,
All CA Counties,2021-02-26,353049,9118636,164285,4657654,188764,4460982,0,0,197670,3389726,154481,2890173,204926,6279899,
All CA Counties,2021-02-27,250679,9369315,122024,4779678,128635,4589617,20,20,142290,3428653,107784,2997957,146711,6426610,
All CA Counties,2021-02-28,130300,9499615,77916,4857594,52379,4641996,5,25,76132,3453879,53748,3051705,78974,6505584,
All CA Counties,2021-03-01,239421,9739036,127648,4985242,111682,4753678,91,116,138238,3495749,100446,3152151,142316,6647900,
All CA Counties,2021-03-02,288562,10027598,146081,5131323,142462,4896140,19,135,174444,3563465,113620,3265771,181336,6829236,
All CA Counties,2021-03-03,331416,10359014,164500,5295823,166863,5063003,53,188,191013,3622095,139731,3405502,198361,7027597,
All CA Counties,2021-03-04,350643,10709657,177586,5473409,172968,5235971,89,277,205950,3691198,143954,3549456,213057,7240654,
All CA Counties,2021-03-05,339067,11048724,167015,5640424,170930,5406901,1122,1399,211287,3783875,126977,3676433,219654,7460308,
All CA Counties,2021-03-06,258661,11307385,133041,5773465,117821,5524722,7799,9198,160812,3859736,97439,3773872,173300,7633608,
All CA Counties,2021-03-07,127442,11434827,78429,5851894,44924,5569646,4089,13287,79901,3900039,47355,3821227,87658,7721266,
All CA Counties,2021-03-08,218491,11653318,106216,5958110,101885,5671531,10390,23677,143164,3983598,74952,3896179,158511,7879777,
All CA Counties,2021-03-09,291035,11944353,139326,6097436,135859,5807390,15850,39527,163488,4039920,127071,4023250,183393,8063170,
All CA Counties,2021-03-10,322010,12266363,160846,6258282,136768,5944158,24396,63923,174696,4096494,146672,4169922,203246,8266416,
All CA Counties,2021-03-11,376048,12642411,181849,6440131,160908,6105066,33291,97214,193298,4145463,181836,4351758,230805,8497221,
All CA Counties,2021-03-12,394333,13036744,176373,6616504,171693,6276759,46267,143481,193977,4190274,199572,4551330,244383,8741604,
All CA Counties,2021-03-13,282247,13318991,124786,6741290,126361,6403120,31100,174581,152448,4248847,129356,4680686,187929,8929533,
All CA Counties,2021-03-14,154798,13473789,83230,6824520,56488,6459608,15080,189661,78836,4269352,75683,4756369,96188,9025721,
All CA Counties,2021-03-15,290133,13763922,138699,6963219,130896,6590504,20538,210199,158138,4320122,131281,4887650,182051,9207772,
All CA Counties,2021-03-16,369759,14133681,173756,7136975,178723,6769227,17280,227479,214666,4400901,154369,5042019,235148,9442920,
All CA Counties,2021-03-17,382954,14516635,189499,7326474,174928,6944155,18527,246006,237524,4514839,144625,5186644,258563,9701483,
All CA Counties,2021-03-18,400356,14916991,205182,7531656,177204,7121359,17970,263976,238591,4612777,160686,5347330,258624,9960107,
All CA Counties,2021-03-19,410270,15327261,215827,7747483,172879,7294238,21564,285540,239455,4705921,169854,5517184,262998,10223105,
All CA Counties,2021-03-20,294092,15621353,154504,7901987,123739,7417977,15849,301389,186433,4802639,107005,5624189,203723,10426828,
All CA Counties,2021-03-21,143557,15764910,99256,8001243,36787,7454764,7514,308903,90143,4848577,53066,5677255,99004,10525832,
All CA Counties,2021-03-22,272890,16037800,159034,8160277,102668,7557432,11188,320091,178865,4948363,93272,5770527,193058,10718890,
All CA Counties,2021-03-23,356879,16394679,196477,8356754,149350,7706782,11052,331143,219676,5045362,136307,5906834,233306,10952196,
All CA Counties,2021-03-24,387068,16781747,221856,8578610,152764,7859546,12448,343591,225989,5126034,159862,6066696,240534,11192730,
All CA Counties,2021-03-25,417249,17198996,230117,8808727,172337,8031883,14795,358386,237227,5201485,178731,6245427,254182,11446912,
All CA Counties,2021-03-26,434516,17633512,232684,9041411,185771,8217654,16061,374447,235267,5257609,198060,6443487,254184,11701096,
All CA Counties,2021-03-27,311792,17945304,166246,9207657,133772,8351426,11774,386221,158174,5276989,152816,6596303,172196,11873292,
All CA Counties,2021-03-28,169078,18114382,108880,9316537,56622,8408048,3576,389797,89645,5293136,78988,6675291,95135,11968427,
All CA Counties,2021-03-29,309824,18424206,167375,9483912,133412,8541460,9037,398834,173363,5342330,135718,6811009,184912,12153339,
All CA Counties,2021-03-30,397827,18822033,201834,9685746,177808,8719268,18185,417019,224073,5413396,172987,6983996,244053,12397392,
All CA Counties,2021-03-31,425790,19247823,231859,9917605,172274,8891542,21657,438676,238283,5487886,186521,7170517,261011,12658403,
All CA Counties,2021-04-01,490519,19738342,251807,10169412,198548,9090090,40164,478840,271264,5582560,217991,7388508,312665,12971068,
All CA Counties,2021-04-02,472769,20211111,230780,10400192,198937,9289027,43052,521892,257303,5670436,214264,7602772,302140,13273208,
All CA Counties,2021-04-03,329153,20540264,167675,10567867,120101,9409128,41377,563269,164320,5713060,164214,7766986,206838,13480046,
All CA Counties,2021-04-04,132350,20672614,69064,10636931,44273,9453401,19013,582282,58171,5716498,73893,7840879,77331,13557377,
All CA Counties,2021-04-05,352751,21025365,181997,10818928,131209,9584610,39545,621827,174232,5754968,177838,8018717,216308,13773685,
All CA Counties,2021-04-06,456477,21481842,231508,11050436,159597,9744207,65372,687199,221604,5810113,233969,8252686,289114,14062799,
All CA Counties,2021-04-07,470544,21952386,244521,11294957,156296,9900503,69727,756926,229598,5870763,240040,8492726,300690,14363489,
All CA Counties,2021-04-08,497480,22449866,251257,11546214,162317,10062820,83906,840832,234497,5930117,261895,8754621,321249,14684738,
All CA Counties,2021-04-09,492574,22942440,245877,11792091,167322,10230142,79375,920207,227351,5976416,264225,9018846,310524,14995262,
All CA Counties,2021-04-10,365146,23307586,167139,11959230,124125,10354267,73882,994089,153618,5996170,210822,9229668,230576,15225838,
All CA Counties,2021-04-11,186497,23494083,104639,12063869,47860,10402127,33998,1028087,77011,6000988,109155,9338823,113973,15339811,
All CA Counties,2021-04-12,337261,23831344,173219,12237088,126234,10528361,37808,1065895,156240,6018417,180116,9518939,197545,15537356,
All CA Counties,2021-04-13,430022,24261366,240675,12477763,188414,10716775,933,1066828,240221,6073700,188851,9707790,244134,15781490,
All CA Counties,2021-04-14,448081,24709447,251496,12729259,196303,10913078,282,1067110,234477,6100415,212492,9920282,239207,16020697,
All CA Counties,2021-04-15,489107,25198554,285016,13014275,203852,11116930,239,1067349,274378,6164449,213344,10133626,277378,16298075,
All CA Counties,2021-04-16,473825,25672379,266922,13281197,206596,11323526,307,1067656,252998,6200479,219660,10353286,255690,16553765,
All CA Counties,2021-04-17,339852,26012231,190476,13471673,149335,11472861,41,1067697,193396,6251364,145668,10498954,196553,16750318,
All CA Counties,2021-04-18,153904,26166135,97732,13569405,56156,11529017,16,1067713,79188,6259216,74334,10573288,82186,16832504,
All CA Counties,2021-04-19,316847,26482982,182911,13752316,133849,11662866,87,1067800,149983,6245140,166007,10739295,151931,16984435,
All CA Counties,2021-04-20,406013,26888995,216127,13968443,189821,11852687,65,1067865,202399,6248029,202620,10941915,205509,17189944,
All CA Counties,2021-04-21,418465,27307460,237492,14205935,180713,12033400,260,1068125,200901,6236055,216208,11158123,204234,17394178,
All CA Counties,2021-04-22,445297,27752757,253942,14459877,191280,12224680,75,1068200,198924,6193158,245047,11403170,202150,17596328,
All CA Counties,2021-04-23,436625,28189382,248894,14708771,187644,12412324,87,1068287,197656,6156513,237657,11640827,201012,17797340,
All CA Counties,2021-04-24,322511,28511893,204047,14912818,118301,12530625,163,1068450,163591,6165469,158004,11798831,166960,17964300,
All CA Counties,2021-04-25,149182,28661075,98435,15011253,50681,12581306,66,1068516,80325,6178841,68425,11867256,81797,18046097,
All CA Counties,2021-04-26,279421,28940496,164035,15175288,113931,12695237,1455,1069971,121237,6148576,157273,12024529,127008,18173105,
All CA Counties,2021-04-27,348389,29288885,194143,15369431,148833,12844070,5413,1075384,140533,6090725,206791,12231320,148940,18322045,
All CA Counties,2021-04-28,346812,29635697,199127,15568558,139864,12983934,7821,1083205,141257,6037531,204552,12435872,151358,18473403,
All CA Counties,2021-04-29,355380,29991077,204951,15773509,142607,13126541,7822,1091027,128133,5949145,226154,12662026,137768,18611171,
All CA Counties,2021-04-30,370829,30361906,213120,15986629,148923,13275464,8786,1099813,140199,5870591,229442,12891468,150888,18762059,
All CA Counties,2021-05-01,245792,30607698,157244,16143873,82529,13357993,6019,1105832,89310,5812374,155743,13047211,97526,18859585,
All CA Counties,2021-05-02,115366,30723064,80298,16224171,31249,13389242,3819,1109651,40836,5783239,74155,13121366,45020,18904605,
All CA Counties,2021-05-03,250559,30973623,154782,16378953,87127,13476369,8650,1118301,75904,5694758,173876,13295242,85395,18990000,
All CA Counties,2021-05-04,324120,31297743,197719,16576672,116712,13593081,9689,1127990,95683,5573868,227403,13522645,106513,19096513,
All CA Counties,2021-05-05,327399,31625142,203611,16780283,113835,13706916,9953,1137943,92101,5442748,234141,13756786,103021,19199534,
All CA Counties,2021-05-06,346222,31971364,226145,17006428,109659,13816575,10418,1148361,88074,5287125,256602,14013388,100979,19300513,
All CA Counties,2021-05-07,343090,32314454,215253,17221681,118050,13934625,9787,1158148,93244,5142832,248551,14261939,104258,19404771,
All CA Counties,2021-05-08,222668,32537122,141216,17362897,74785,14009410,6667,1164815,61164,5051599,160484,14422423,69251,19474022,
All CA Counties,2021-05-09,92967,32630089,69888,17432785,20107,14029517,2972,1167787,25445,5013366,67074,14489497,28841,19502863,
All CA Counties,2021-05-10,199969,32830058,113870,17546655,78385,14107902,7714,1175501,49658,4922552,149442,14638939,58628,19561491,
All CA Counties,2021-05-11,258072,33088130,144589,17691244,105397,14213299,8086,1183587,67942,4810972,189249,14828188,77669,19639160,
All CA Counties,2021-05-12,251688,33339818,144559,17835803,98816,14312115,8313,1191900,68866,4707307,181879,15010067,78214,19717374,
All CA Counties,2021-05-13,288990,33628808,185638,18021441,96334,14408449,7018,1198918,107708,4644372,180162,15190229,117227,19834601,
All CA Counties,2021-05-14,330920,33959728,211867,18233308,110362,14518811,8691,1207609,130453,4586259,199330,15389559,141217,19975818,
All CA Counties,2021-05-15,272274,34232002,190489,18423797,75952,14594763,5833,1213442,112038,4545651,159433,15548992,118825,20094643,
All CA Counties,2021-05-16,134030,34366032,102506,18526303,28610,14623373,2914,1216356,54385,4524108,79221,15628213,57678,20152321,
All CA Counties,2021-05-17,236079,34602111,155653,18681956,73173,14696546,7253,1223609,98683,4494415,136562,15764775,106869,20259190,
All CA Counties,2021-05-18,276170,34878281,168697,18850653,100179,14796725,7294,1230903,113213,4454444,161854,15926629,121883,20381073,
All CA Counties,2021-05-19,270364,35148645,168944,19019597,94085,14890810,7335,1238238,115987,4425467,153381,16080010,124404,20505477,
All CA Counties,2021-05-20,221513,35370158,132581,19152178,81754,14972564,7178,1245416,88463,4390238,132121,16212131,96892,20602369,
All CA Counties,2021-05-21,238718,35608876,147844,19300022,83846,15056410,7028,1252444,93321,4347173,144395,16356526,101330,20703699,
All CA Counties,2021-05-22,166215,35775091,111794,19411816,48979,15105389,5442,1257886,73410,4334670,92221,16448747,79718,20783417,
All CA Counties,2021-05-23,61013,35836104,45888,19457704,13002,15118391,2123,1260009,28301,4332850,32459,16481206,30639,20814056,
All CA Counties,2021-05-24,163753,35999857,94957,19552661,60699,15179090,8097,1268106,64240,4307244,98767,16579973,73161,20887217,
All CA Counties,2021-05-25,184757,36184614,108596,19661257,68401,15247491,7760,1275866,73154,4278588,110658,16690631,82002,20969219,
All CA Counties,2021-05-26,177071,36361685,101782,19763039,67811,15315302,7478,1283344,71074,4252791,105014,16795645,79217,21048436,
All CA Counties,2021-05-27,163924,36525609,94330,19857369,61657,15376959,7937,1291281,68188,4234928,94984,16890629,77121,21125557,
All CA Counties,2021-05-28,102243,36627852,57749,19915118,40153,15417112,4341,1295622,36976,4211874,64798,16955427,41744,21167301,
All CA and Non-CA Counties,2020-12-15,1146,1146,1146,1146,0,0,0,0,1146,1146,0,0,1146,1146,
All CA and Non-CA Counties,2020-12-16,8704,9850,8704,9850,0,0,0,0,8704,9850,0,0,8704,9850,
All CA and Non-CA Counties,2020-12-17,27478,37328,27478,37328,0,0,0,0,27478,37328,0,0,27478,37328,
All CA and Non-CA Counties,2020-12-18,46460,83788,46397,83725,63,63,0,0,46460,83788,0,0,46460,83788,
All CA and Non-CA Counties,2020-12-19,26358,110146,26332,110057,26,89,0,0,26357,110144,1,1,26357,110145,
All CA and Non-CA Counties,2020-12-20,19705,129851,19675,129732,30,119,0,0,19704,129847,1,2,19704,129849,
All CA and Non-CA Counties,2020-12-21,51905,181756,51816,181548,89,208,0,0,51903,181749,2,4,51904,181753,
All CA and Non-CA Counties,2020-12-22,52175,233931,49974,231522,2201,2409,0,0,52173,233921,1,5,52173,233926,
All CA and Non-CA Counties,2020-12-23,52252,286183,43338,274860,8914,11323,0,0,52247,286167,4,9,52250,286176,
All CA and Non-CA Counties,2020-12-24,24923,311106,17009,291869,7914,19237,0,0,24920,311086,3,12,24922,311098,
All CA and Non-CA Counties,2020-12-25,2386,313492,2058,293927,328,19565,0,0,2386,313472,0,12,2386,313484,
All CA and Non-CA Counties,2020-12-26,15018,328510,9668,303595,5350,24915,0,0,15016,328487,1,13,15016,328500,
All CA and Non-CA Counties,2020-12-27,9630,338140,5664,309259,3966,28881,0,0,9629,338115,1,14,9629,338129,
All CA and Non-CA Counties,2020-12-28,47292,385432,30326,339585,16966,45847,0,0,47289,385401,3,17,47289,385418,
All CA and Non-CA Counties,2020-12-29,52542,437974,29450,369035,23092,68939,0,0,52538,437936,3,20,52538,437956,
All CA and Non-CA Counties,2020-12-30,64848,502822,36806,405841,28042,96981,0,0,64840,502773,6,26,64843,502799,
All CA and Non-CA Counties,2020-12-31,30469,533291,11460,417301,19009,115990,0,0,30458,533224,8,34,30459,533258,
All CA and Non-CA Counties,2021-01-01,4298,537589,1891,419192,2407,118397,0,0,4294,537515,3,37,4294,537552,
All CA and Non-CA Counties,2021-01-02,18675,556264,10492,429684,8183,126580,0,0,18673,556187,1,38,18673,556225,
All CA and Non-CA Counties,2021-01-03,6337,562601,3745,433429,2592,129172,0,0,6308,562483,12,50,6308,562533,
All CA and Non-CA Counties,2021-01-04,44733,607334,22727,456156,22006,151178,0,0,44648,607088,43,93,44648,607181,
All CA and Non-CA Counties,2021-01-05,58036,665370,30912,487068,27124,178302,0,0,52386,653975,5592,5685,52479,659660,
All CA and Non-CA Counties,2021-01-06,76040,741410,42234,529302,33806,212108,0,0,59910,697970,15947,21632,59942,719602,
All CA and Non-CA Counties,2021-01-07,96207,837617,55041,584343,41166,253274,0,0,63866,729716,32171,53803,63917,783519,
All CA and Non-CA Counties,2021-01-08,111184,948801,67088,651431,44096,297370,0,0,68123,754988,42918,96721,68190,851709,
All CA and Non-CA Counties,2021-01-09,45628,994429,26090,677521,19538,316908,0,0,28780,766973,16824,113545,28809,880518,
All CA and Non-CA Counties,2021-01-10,24608,1019037,15196,692717,9412,326320,0,0,13256,768911,11335,124880,13273,893791,
All CA and Non-CA Counties,2021-01-11,107771,1126808,71526,764243,36245,362565,0,0,62609,786570,45119,169999,62778,956569,
All CA and Non-CA Counties,2021-01-12,117262,1244070,69452,833695,47810,410375,0,0,74721,819070,42457,212456,74957,1031526,
All CA and Non-CA Counties,2021-01-13,122728,1366798,63586,897281,59142,469517,0,0,87860,872229,34783,247239,87942,1119468,
All CA and Non-CA Counties,2021-01-14,127414,1494212,50870,948151,76544,546061,0,0,107205,959507,20091,267330,107369,1226837,
All CA and Non-CA Counties,2021-01-15,145949,1640161,52795,1000946,93154,639215,0,0,130444,1074758,15399,282729,130650,1357487,
All CA and Non-CA Counties,2021-01-16,83062,1723223,27715,1028661,55347,694562,0,0,75330,1142434,7704,290433,75380,1432867,
All CA and Non-CA Counties,2021-01-17,48600,1771823,16954,1045615,31646,726208,0,0,44913,1183714,3680,294113,44960,1477827,
All CA and Non-CA Counties,2021-01-18,89310,1861133,46774,1092389,42536,768744,0,0,69573,1233787,19661,313774,69734,1547561,
All CA and Non-CA Counties,2021-01-19,145835,2006968,74919,1167308,70916,839660,0,0,113828,1316026,31914,345688,114153,1661714,
All CA and Non-CA Counties,2021-01-20,164532,2171500,83363,1250671,81169,920829,0,0,130003,1411978,34308,379996,130260,1791974,
All CA and Non-CA Counties,2021-01-21,177277,2348777,78053,1328724,99224,1020053,0,0,157643,1550557,19411,399407,157990,1949964,
All CA and Non-CA Counties,2021-01-22,173958,2522735,70288,1399012,103670,1123723,0,0,159293,1695466,14529,413936,159438,2109402,
All CA and Non-CA Counties,2021-01-23,113437,2636172,49768,1448780,63669,1187392,0,0,100787,1783774,12592,426528,100900,2210302,
All CA and Non-CA Counties,2021-01-24,61569,2697741,29731,1478511,31838,1219230,0,0,56850,1835994,4690,431218,56910,2267212,
All CA and Non-CA Counties,2021-01-25,149326,2847067,67329,1545840,81997,1301227,0,0,113361,1913874,35837,467055,113717,2380929,
All CA and Non-CA Counties,2021-01-26,174358,3021425,85704,1631544,88654,1389881,0,0,136096,2012101,38133,505188,136360,2517289,
All CA and Non-CA Counties,2021-01-27,185447,3206872,90383,1721927,95064,1484945,0,0,145589,2118362,39538,544726,145799,2663088,
All CA and Non-CA Counties,2021-01-28,192915,3399787,89532,1811459,103383,1588328,0,0,158256,2242460,34367,579093,158465,2821553,
All CA and Non-CA Counties,2021-01-29,188206,3587993,91436,1902895,96770,1685098,0,0,152871,2360735,34764,613857,153039,2974592,
All CA and Non-CA Counties,2021-01-30,127844,3715837,58091,1960986,69753,1754851,0,0,112238,2457669,15444,629301,112378,3086970,
All CA and Non-CA Counties,2021-01-31,72032,3787869,41291,2002277,30741,1785592,0,0,67216,2520173,4767,634068,67271,3154241,
All CA and Non-CA Counties,2021-02-01,167283,3955152,78589,2080866,88694,1874286,0,0,125916,2605010,41205,675273,126042,3280283,
All CA and Non-CA Counties,2021-02-02,191213,4146365,79920,2160786,111293,1985579,0,0,146229,2706760,44700,719973,146450,3426733,
All CA and Non-CA Counties,2021-02-03,218090,4364455,97623,2258409,120467,2106046,0,0,162923,2815264,54663,774636,163167,3589900,
All CA and Non-CA Counties,2021-02-04,234458,4598913,101962,2360371,132496,2238542,0,0,172961,2927627,60954,835590,173317,3763217,
All CA and Non-CA Counties,2021-02-05,252518,4851431,108552,2468923,143966,2382508,0,0,172779,3021955,78971,914561,173299,3936516,
All CA and Non-CA Counties,2021-02-06,159168,5010599,76997,2545920,82171,2464679,0,0,123973,3111398,35023,949584,124466,4060982,
All CA and Non-CA Counties,2021-02-07,69031,5079630,45045,2590965,23986,2488665,0,0,52541,3147978,16413,965997,52993,4113975,
All CA and Non-CA Counties,2021-02-08,185975,5265605,92249,2683214,93726,2582391,0,0,123520,3210220,62016,1028013,124258,4238233,
All CA and Non-CA Counties,2021-02-09,215503,5481108,104062,2787276,111441,2693832,0,0,129680,3255686,85364,1113377,130830,4369063,
All CA and Non-CA Counties,2021-02-10,253865,5734973,121570,2908846,132295,2826127,0,0,141017,3286188,112029,1225406,142531,4511594,
All CA and Non-CA Counties,2021-02-11,270030,6005003,133633,3042479,136397,2962524,0,0,148515,3316098,120403,1345809,150313,4661907,
All CA and Non-CA Counties,2021-02-12,277226,6282229,121232,3163711,155994,3118518,0,0,150264,3342619,126103,1471912,152624,4814531,
All CA and Non-CA Counties,2021-02-13,169123,6451352,77966,3241677,91157,3209675,0,0,94055,3363935,74700,1546612,96016,4910547,
All CA and Non-CA Counties,2021-02-14,96593,6547945,47794,3289471,48799,3258474,0,0,52695,3374443,43729,1590341,54237,4964784,
All CA and Non-CA Counties,2021-02-15,144860,6692805,63967,3353438,80893,3339367,0,0,80030,3393154,64443,1654784,83154,5047938,
All CA and Non-CA Counties,2021-02-16,255126,6947931,120920,3474358,134206,3473573,0,0,135736,3412981,119006,1773790,138833,5186771,
All CA and Non-CA Counties,2021-02-17,264671,7212602,131724,3606082,132947,3606520,0,0,130885,3413826,133245,1907035,134090,5320861,
All CA and Non-CA Counties,2021-02-18,278817,7491419,145808,3751890,133009,3739529,0,0,133848,3407625,144256,2051291,138055,5458916,
All CA and Non-CA Counties,2021-02-19,258138,7749557,150437,3902327,107701,3847230,0,0,132786,3417623,124860,2176151,134858,5593774,
All CA and Non-CA Counties,2021-02-20,155904,7905461,100504,4002831,55400,3902630,0,0,85286,3434521,70356,2246507,87254,5681028,
All CA and Non-CA Counties,2021-02-21,84710,7990171,70456,4073287,14254,3916884,0,0,42151,3435922,42319,2288826,43720,5724748,
All CA and Non-CA Counties,2021-02-22,167101,8157272,112319,4185606,54782,3971666,0,0,83670,3438210,83113,2371939,85401,5810149,
All CA and Non-CA Counties,2021-02-23,231221,8388493,122699,4308305,108522,4080188,0,0,107419,3428419,123202,2495141,113411,5923560,
All CA and Non-CA Counties,2021-02-24,289117,8677610,146439,4454744,142678,4222866,0,0,137105,3421672,151390,2646531,144643,6068203,
All CA and Non-CA Counties,2021-02-25,326658,9004268,160953,4615697,165705,4388571,0,0,170859,3445980,155086,2801617,179394,6247597,
All CA and Non-CA Counties,2021-02-26,359936,9364204,167934,4783631,192002,4580573,0,0,200843,3495968,158112,2959729,208100,6455697,
All CA and Non-CA Counties,2021-02-27,256192,9620396,124801,4908432,131370,4711943,21,21,144173,3533164,111402,3071131,148598,6604295,
All CA and Non-CA Counties,2021-02-28,132757,9753153,79706,4988138,53045,4764988,6,27,76941,3557557,55392,3126523,79785,6684080,
All CA and Non-CA Counties,2021-03-01,244434,9997587,130837,5118975,113505,4878493,92,119,139611,3597175,104077,3230600,143695,6827775,
All CA and Non-CA Counties,2021-03-02,295318,10292905,148578,5267553,146721,5025214,19,138,176519,3662301,118287,3348887,183413,7011188,
All CA and Non-CA Counties,2021-03-03,339297,10632202,167575,5435128,171667,5196881,55,193,193656,3718355,144956,3493843,201010,7212198,
All CA and Non-CA Counties,2021-03-04,357485,10989687,180529,5615657,176863,5373744,93,286,208263,3785264,148467,3642310,215376,7427574,
All CA and Non-CA Counties,2021-03-05,344370,11334057,169704,5785361,173530,5547274,1136,1422,214033,3878160,129526,3771836,222422,7649996,
All CA and Non-CA Counties,2021-03-06,263291,11597348,135199,5920560,120136,5667410,7956,9378,163169,3954273,99709,3871545,175822,7825818,
All CA and Non-CA Counties,2021-03-07,129047,11726395,79459,6000019,45445,5712855,4143,13521,80878,3994981,47983,3919528,88691,7914509,
All CA and Non-CA Counties,2021-03-08,221628,11948023,108080,6108099,102912,5815767,10636,24157,145374,4080104,75851,3995379,160974,8075483,
All CA and Non-CA Counties,2021-03-09,295717,12243740,141718,6249817,137828,5953595,16171,40328,166237,4137566,129001,4124380,186463,8261946,
All CA and Non-CA Counties,2021-03-10,326429,12570169,162968,6412785,138551,6092146,24910,65238,177427,4195712,148352,4272732,206498,8468444,
All CA and Non-CA Counties,2021-03-11,382244,12952413,185007,6597792,163251,6255397,33986,99224,196635,4245861,184689,4457421,234838,8703282,
All CA and Non-CA Counties,2021-03-12,400877,13353290,180311,6778103,173568,6428965,46998,146222,197593,4292106,202490,4659911,248735,8952017,
All CA and Non-CA Counties,2021-03-13,286047,13639337,126979,6905082,127492,6556457,31576,177798,155047,4352572,130549,4790460,191015,9143032,
All CA and Non-CA Counties,2021-03-14,156629,13795966,84174,6989256,57033,6613490,15422,193220,79848,4373616,76501,4866961,97545,9240577,
All CA and Non-CA Counties,2021-03-15,294231,14090197,140834,7130090,132397,6745887,21000,214220,160341,4425164,133171,5000132,184719,9425296,
All CA and Non-CA Counties,2021-03-16,377320,14467517,178153,7308243,181501,6927388,17666,231886,218864,4507164,157729,5157861,239729,9665025,
All CA and Non-CA Counties,2021-03-17,391434,14858951,194970,7503213,177559,7104947,18905,250791,242635,4623228,147989,5305850,264053,9929078,
All CA and Non-CA Counties,2021-03-18,408707,15267658,210335,7713548,179863,7284810,18509,269300,243440,4723061,164179,5470029,264012,10193090,
All CA and Non-CA Counties,2021-03-19,417632,15685290,220187,7933735,175337,7460147,22108,291408,243883,4818252,172783,5642812,267974,10461064,
All CA and Non-CA Counties,2021-03-20,298887,15984177,157660,8091395,125291,7585438,15936,307344,190106,4917616,108119,5750931,207483,10668547,
All CA and Non-CA Counties,2021-03-21,145666,16129843,100704,8192099,37361,7622799,7601,314945,91833,4964915,53482,5804413,100781,10769328,
All CA and Non-CA Counties,2021-03-22,276167,16406010,161007,8353106,103883,7726682,11277,326222,181103,5066002,94298,5898711,195385,10964713,
All CA and Non-CA Counties,2021-03-23,362963,16768973,199577,8552683,152029,7878711,11357,337579,223813,5165511,138239,6036950,237748,11202461,
All CA and Non-CA Counties,2021-03-24,394414,17163387,225634,8778317,155883,8034594,12897,350476,231091,5249495,162099,6199049,246083,11448544,
All CA and Non-CA Counties,2021-03-25,425560,17588947,233997,9012314,176244,8210838,15319,365795,243285,5329292,180969,6380018,260766,11709310,
All CA and Non-CA Counties,2021-03-26,441214,18030161,236253,9248567,188722,8399560,16239,382034,239684,5387757,200313,6580331,258778,11968088,
All CA and Non-CA Counties,2021-03-27,317364,18347525,169397,9417964,135976,8535536,11991,394025,161675,5408786,154882,6735213,175911,12143999,
All CA and Non-CA Counties,2021-03-28,172177,18519702,110540,9528504,57900,8593436,3737,397762,91648,5426007,80078,6815291,97299,12241298,
All CA and Non-CA Counties,2021-03-29,315020,18834722,169723,9698227,135909,8729345,9388,407150,176321,5476279,137950,6953241,188222,12429520,
All CA and Non-CA Counties,2021-03-30,404724,19239446,205475,9903702,180499,8909844,18750,425900,228135,5549157,175810,7129051,248688,12678208,
All CA and Non-CA Counties,2021-03-31,432155,19671601,235695,10139397,174028,9083872,22432,448332,241668,5624829,189496,7318547,265168,12943376,
All CA and Non-CA Counties,2021-04-01,498027,20169628,256329,10395726,200889,9284761,40809,489141,275609,5721334,221146,7539693,317651,13261027,
All CA and Non-CA Counties,2021-04-02,481300,20650928,235334,10631060,201759,9486520,44207,533348,261727,5810688,218364,7758057,307718,13568745,
All CA and Non-CA Counties,2021-04-03,335332,20986260,171341,10802401,121449,9607969,42542,575890,167554,5854775,167150,7925207,211237,13779982,
All CA and Non-CA Counties,2021-04-04,134146,21120406,69944,10872345,44954,9652923,19248,595138,59150,5858610,74708,7999915,78543,13858525,
All CA and Non-CA Counties,2021-04-05,356877,21477283,184048,11056393,132624,9785547,40205,635343,176199,5897554,179991,8179906,218935,14077460,
All CA and Non-CA Counties,2021-04-06,463485,21940768,235285,11291678,161233,9946780,66967,702310,224438,5952966,238130,8418036,293542,14371002,
All CA and Non-CA Counties,2021-04-07,478741,22419509,249240,11540918,158082,10104862,71419,773729,232779,6013480,245048,8663084,305562,14676564,
All CA and Non-CA Counties,2021-04-08,505587,22925096,255568,11796486,164178,10269040,85841,859570,237645,6072965,266847,8929931,326332,15002896,
All CA and Non-CA Counties,2021-04-09,500028,23425124,249750,12046236,168984,10438024,81294,940864,230219,6119482,268802,9198733,315319,15318215,
All CA and Non-CA Counties,2021-04-10,371266,23796390,170228,12216464,125294,10563318,75744,1016608,155328,6138405,215226,9413959,234149,15552364,
All CA and Non-CA Counties,2021-04-11,189320,23985710,106173,12322637,48514,10611832,34633,1051241,77964,6142948,111022,9524981,115565,15667929,
All CA and Non-CA Counties,2021-04-12,341344,24327054,175507,12498144,127490,10739322,38347,1089588,158041,6160440,182392,9707373,199884,15867813,
All CA and Non-CA Counties,2021-04-13,435739,24762793,244363,12742507,190420,10929742,956,1090544,243149,6215891,191634,9899007,247085,16114898,
All CA and Non-CA Counties,2021-04-14,453352,25216145,254832,12997339,198234,11127976,286,1090830,237323,6243034,214914,10113921,242057,16356955,
All CA and Non-CA Counties,2021-04-15,495234,25711379,288880,13286219,206108,11334084,246,1091076,277644,6307534,216152,10330073,280652,16637607,
All CA and Non-CA Counties,2021-04-16,479693,26191072,270308,13556527,209071,11543155,314,1091390,256252,6344221,222265,10552338,258952,16896559,
All CA and Non-CA Counties,2021-04-17,345202,26536274,193719,13750246,151441,11694596,42,1091432,196432,6395838,147973,10700311,199590,17096149,
All CA and Non-CA Counties,2021-04-18,155989,26692263,98888,13849134,57084,11751680,17,1091449,80162,6403559,75441,10775752,83162,17179311,
All CA and Non-CA Counties,2021-04-19,320995,27013258,184936,14034070,135971,11887651,88,1091537,152117,6389618,168010,10943762,154069,17333380,
All CA and Non-CA Counties,2021-04-20,411379,27424637,218582,14252652,192732,12080383,65,1091602,204592,6391530,205790,11149552,207702,17541082,
All CA and Non-CA Counties,2021-04-21,424844,27849481,240207,14492859,184373,12264756,264,1091866,203169,6377727,220309,11369861,206506,17747588,
All CA and Non-CA Counties,2021-04-22,452050,28301531,257428,14750287,194544,12459300,78,1091944,201373,6332989,249341,11619202,204603,17952191,
All CA and Non-CA Counties,2021-04-23,442572,28744103,251915,15002202,190569,12649869,88,1092032,200116,6295334,241129,11860331,203474,18155665,
All CA and Non-CA Counties,2021-04-24,326996,29071099,207029,15209231,119800,12769669,167,1092199,165330,6303295,160745,12021076,168706,18324371,
All CA and Non-CA Counties,2021-04-25,151397,29222496,99704,15308935,51625,12821294,68,1092267,81492,6316793,69471,12090547,82969,18407340,
All CA and Non-CA Counties,2021-04-26,283086,29505582,165686,15474621,115920,12937214,1480,1093747,122882,6286183,159288,12249835,128678,18536018,
All CA and Non-CA Counties,2021-04-27,353719,29859301,196076,15670697,151938,13089152,5705,1099452,142485,6227204,210169,12460004,151190,18687208,
All CA and Non-CA Counties,2021-04-28,351754,30211055,201263,15871960,142275,13231427,8216,1107668,143249,6173456,207494,12667498,153746,18840954,
All CA and Non-CA Counties,2021-04-29,360363,30571418,207266,16079226,144843,13376270,8254,1115922,130090,6084449,229164,12896662,140157,18981111,
All CA and Non-CA Counties,2021-04-30,375867,30947285,215617,16294843,151035,13527305,9215,1125137,142182,6005262,232488,13129150,153301,19134412,
All CA and Non-CA Counties,2021-05-01,249086,31196371,159210,16454053,83428,13610733,6448,1131585,90692,5946949,157649,13286799,99336,19233748,
All CA and Non-CA Counties,2021-05-02,117253,31313624,81399,16535452,31911,13642644,3943,1135528,41705,5917791,75171,13361970,46013,19279761,
All CA and Non-CA Counties,2021-05-03,253603,31567227,156573,16692025,88098,13730742,8932,1144460,77188,5829118,175633,13537603,86960,19366721,
All CA and Non-CA Counties,2021-05-04,328388,31895615,200167,16892192,118085,13848827,10136,1154596,97344,5707726,230008,13767611,108616,19475337,
All CA and Non-CA Counties,2021-05-05,332026,32227641,206357,17098549,115344,13964171,10325,1164921,93971,5576100,236892,14004503,105266,19580603,
All CA and Non-CA Counties,2021-05-06,350743,32578384,229014,17327563,110976,14075147,10753,1175674,89812,5419771,259380,14263883,103051,19683654,
All CA and Non-CA Counties,2021-05-07,347999,32926383,218182,17545745,119646,14194793,10171,1185845,95193,5274862,251499,14515382,106590,19790244,
All CA and Non-CA Counties,2021-05-08,226257,33152640,143692,17689437,75651,14270444,6914,1192759,62652,5183328,162521,14677903,70987,19861231,
All CA and Non-CA Counties,2021-05-09,94349,33246989,70776,17760213,20472,14290916,3101,1195860,26042,5145055,67839,14745742,29566,19890797,
All CA and Non-CA Counties,2021-05-10,202657,33449646,115130,17875343,79487,14370403,8040,1203900,50737,5054057,151033,14896775,60035,19950832,
All CA and Non-CA Counties,2021-05-11,260977,33710623,146009,18021352,106596,14476999,8372,1212272,69107,4942192,190988,15087763,79123,20029955,
All CA and Non-CA Counties,2021-05-12,254569,33965192,145901,18167253,100058,14577057,8610,1220882,69979,4838173,183642,15271405,79623,20109578,
All CA and Non-CA Counties,2021-05-13,291777,34256969,187238,18354491,97321,14674378,7218,1228100,108974,4775190,181678,15453083,118695,20228273,
All CA and Non-CA Counties,2021-05-14,334466,34591435,213910,18568401,111630,14786008,8926,1237026,132100,4717068,201222,15654305,143100,20371373,
All CA and Non-CA Counties,2021-05-15,274927,34866362,192051,18760452,76899,14862907,5977,1243003,113206,4676295,160913,15815218,120140,20491513,
All CA and Non-CA Counties,2021-05-16,135677,35002039,103555,18864007,29138,14892045,2984,1245987,55171,4654751,80079,15895297,58535,20550048,
All CA and Non-CA Counties,2021-05-17,239158,35241197,157331,19021338,74337,14966382,7490,1253477,100126,4625112,138194,16033491,108555,20658603,
All CA and Non-CA Counties,2021-05-18,279437,35520634,170393,19191731,101432,15067814,7612,1261089,114793,4585366,163529,16197020,123783,20782386,
All CA and Non-CA Counties,2021-05-19,273726,35794360,170711,19362442,95409,15163223,7606,1268695,117527,4556385,155196,16352216,126215,20908601,
All CA and Non-CA Counties,2021-05-20,223850,36018210,134002,19496444,82464,15245687,7384,1276079,89663,4521435,133250,16485466,98300,21006901,
All CA and Non-CA Counties,2021-05-21,241492,36259702,149592,19646036,84646,15330333,7254,1283333,94697,4478584,145784,16631250,102933,21109834,
All CA and Non-CA Counties,2021-05-22,168668,36428370,113473,19759509,49568,15379901,5627,1288960,74968,4466936,93108,16724358,81460,21191294,
All CA and Non-CA Counties,2021-05-23,62183,36490553,46844,19806353,13154,15393055,2185,1291145,28982,4465374,32945,16757303,31383,21222677,
All CA and Non-CA Counties,2021-05-24,166695,36657248,96534,19902887,61697,15454752,8464,1299609,65815,4440351,100127,16857430,75104,21297781,
All CA and Non-CA Counties,2021-05-25,187976,36845224,110346,20013233,69510,15524262,8120,1307729,74729,4411997,112291,16969721,83937,21381718,
All CA and Non-CA Counties,2021-05-26,180214,37025438,103474,20116707,68911,15593173,7829,1315558,72527,4386322,106696,17076417,81021,21462739,
All CA and Non-CA Counties,2021-05-27,166855,37192293,95961,20212668,62644,15655817,8250,1323808,69600,4368671,96495,17172912,78844,21541583,
All CA and Non-CA Counties,2021-05-28,103964,37296257,58653,20271321,40692,15696509,4619,1328427,37518,4345265,65970,17238882,42564,21584147,
Outside California,2020-12-15,7,7,7,7,0,0,0,0,7,7,0,0,7,7,Not in California
Outside California,2020-12-16,272,279,272,279,0,0,0,0,272,279,0,0,272,279,Not in California
Outside California,2020-12-17,1598,1877,1598,1877,0,0,0,0,1598,1877,0,0,1598,1877,Not in California
Outside California,2020-12-18,2551,4428,2544,4421,7,7,0,0,2551,4428,0,0,2551,4428,Not in California
Outside California,2020-12-19,1037,5465,1036,5457,1,8,0,0,1037,5465,0,0,1037,5465,Not in California
Outside California,2020-12-20,682,6147,679,6136,3,11,0,0,682,6147,0,0,682,6147,Not in California
Outside California,2020-12-21,2185,8332,2182,8318,3,14,0,0,2185,8332,0,0,2185,8332,Not in California
Outside California,2020-12-22,2085,10417,2011,10329,74,88,0,0,2085,10417,0,0,2085,10417,Not in California
Outside California,2020-12-23,1532,11949,1392,11721,140,228,0,0,1531,11948,0,0,1531,11948,Not in California
Outside California,2020-12-24,805,12754,612,12333,193,421,0,0,805,12753,0,0,805,12753,Not in California
Outside California,2020-12-25,34,12788,29,12362,5,426,0,0,34,12787,0,0,34,12787,Not in California
Outside California,2020-12-26,307,13095,203,12565,104,530,0,0,307,13094,0,0,307,13094,Not in California
Outside California,2020-12-27,190,13285,74,12639,116,646,0,0,190,13284,0,0,190,13284,Not in California
Outside California,2020-12-28,1410,14695,891,13530,519,1165,0,0,1410,14694,0,0,1410,14694,Not in California
Outside California,2020-12-29,1542,16237,1012,14542,530,1695,0,0,1542,16236,0,0,1542,16236,Not in California
Outside California,2020-12-30,1916,18153,1229,15771,687,2382,0,0,1916,18152,0,0,1916,18152,Not in California
Outside California,2020-12-31,1118,19271,601,16372,517,2899,0,0,1117,19268,1,1,1117,19269,Not in California
Outside California,2021-01-01,112,19383,25,16397,87,2986,0,0,112,19380,0,1,112,19381,Not in California
Outside California,2021-01-02,239,19622,132,16529,107,3093,0,0,238,19617,1,2,238,19619,Not in California
Outside California,2021-01-03,170,19792,91,16620,79,3172,0,0,170,19787,0,2,170,19789,Not in California
Outside California,2021-01-04,1150,20942,514,17134,636,3808,0,0,1145,20931,1,3,1145,20934,Not in California
Outside California,2021-01-05,1546,22488,817,17951,729,4537,0,0,1354,22096,190,193,1355,22289,Not in California
Outside California,2021-01-06,2701,25189,1595,19546,1106,5643,0,0,1963,23325,734,927,1963,24252,Not in California
Outside California,2021-01-07,4137,29326,2531,22077,1606,7249,0,0,2483,24158,1652,2579,2485,26737,Not in California
Outside California,2021-01-08,4509,33835,2916,24993,1593,8842,0,0,2637,24936,1862,4441,2640,29377,Not in California
Outside California,2021-01-09,1320,35155,532,25525,788,9630,0,0,992,25603,327,4768,994,30371,Not in California
Outside California,2021-01-10,304,35459,182,25707,122,9752,0,0,183,25665,121,4889,183,30554,Not in California
Outside California,2021-01-11,3298,38757,2006,27713,1292,11044,0,0,1971,26309,1327,6216,1971,32525,Not in California
Outside California,2021-01-12,3872,42629,2316,30029,1556,12600,0,0,2333,27110,1535,7751,2336,34861,Not in California
Outside California,2021-01-13,3675,46304,1800,31829,1875,14475,0,0,2504,28446,1171,8922,2507,37368,Not in California
Outside California,2021-01-14,3720,50024,1276,33105,2444,16919,0,0,3080,30901,627,9549,3082,40450,Not in California
Outside California,2021-01-15,4238,54262,992,34097,3246,20165,0,0,3771,34218,454,10003,3771,44221,Not in California
Outside California,2021-01-16,2694,56956,386,34483,2308,22473,0,0,2518,36562,174,10177,2518,46739,Not in California
Outside California,2021-01-17,500,57456,154,34637,346,22819,0,0,449,36960,51,10228,449,47188,Not in California
Outside California,2021-01-18,1196,58652,767,35404,429,23248,0,0,742,37249,453,10681,742,47930,Not in California
Outside California,2021-01-19,4048,62700,1321,36725,2727,25975,0,0,3160,39524,888,11569,3163,51093,Not in California
Outside California,2021-01-20,4398,67098,1405,38130,2993,28968,0,0,3462,42055,932,12501,3463,54556,Not in California
Outside California,2021-01-21,4120,71218,1125,39255,2995,31963,0,0,3557,45064,548,13049,3557,58113,Not in California
Outside California,2021-01-22,4627,75845,1090,40345,3537,35500,0,0,4225,48892,398,13447,4226,62339,Not in California
Outside California,2021-01-23,2254,78099,334,40679,1920,37420,0,0,2092,50822,162,13609,2092,64431,Not in California
Outside California,2021-01-24,608,78707,246,40925,362,37782,0,0,531,51276,77,13686,531,64962,Not in California
Outside California,2021-01-25,4505,83212,1951,42876,2554,40336,0,0,3604,53983,898,14584,3605,68567,Not in California
Outside California,2021-01-26,5938,89150,2876,45752,3062,43398,0,0,5069,58191,868,15452,5076,73643,Not in California
Outside California,2021-01-27,4900,94050,2667,48419,2233,45631,0,0,4264,61824,632,16084,4265,77908,Not in California
Outside California,2021-01-28,5289,99339,2859,51278,2430,48061,0,0,4744,66033,535,16619,4744,82652,Not in California
Outside California,2021-01-29,4911,104250,3076,54354,1835,49896,0,0,4121,69372,784,17403,4123,86775,Not in California
Outside California,2021-01-30,4485,108735,2439,56793,2046,51942,0,0,4251,73393,231,17634,4252,91027,Not in California
Outside California,2021-01-31,3056,111791,2636,59429,420,52362,0,0,3002,76343,53,17687,3003,94030,Not in California
Outside California,2021-02-01,5503,117294,2571,62000,2932,55294,0,0,4803,80454,692,18379,4803,98833,Not in California
Outside California,2021-02-02,6769,124063,2159,64159,4610,59904,0,0,6047,85786,715,19094,6047,104880,Not in California
Outside California,2021-02-03,7314,131377,2078,66237,5236,65140,0,0,6443,91367,863,19957,6444,111324,Not in California
Outside California,2021-02-04,6798,138175,2177,68414,4621,69761,0,0,5799,96177,990,20947,5800,117124,Not in California
Outside California,2021-02-05,6805,144980,2232,70646,4573,74334,0,0,5735,100846,1066,22013,5735,122859,Not in California
Outside California,2021-02-06,4437,149417,2159,72805,2278,76612,0,0,3969,104359,459,22472,3972,126831,Not in California
Outside California,2021-02-07,2235,151652,1847,74652,388,77000,0,0,2155,106436,80,22552,2157,128988,Not in California
Outside California,2021-02-08,5348,157000,3378,78030,1970,78970,0,0,4288,109675,1049,23601,4288,133276,Not in California
Outside California,2021-02-09,4287,161287,1924,79954,2363,81333,0,0,2980,111373,1296,24897,2994,136270,Not in California
Outside California,2021-02-10,5608,166895,1942,81896,3666,84999,0,0,3172,112159,2427,27324,3213,139483,Not in California
Outside California,2021-02-11,4850,171745,2268,84164,2582,87581,0,0,3547,114431,1293,28617,3565,143048,Not in California
Outside California,2021-02-12,5239,176984,1956,86120,3283,90864,0,0,3413,116034,1814,30431,3417,146465,Not in California
Outside California,2021-02-13,2439,179423,726,86846,1713,92577,0,0,1884,117376,554,30985,1896,148361,Not in California
Outside California,2021-02-14,1343,180766,420,87266,923,93500,0,0,1101,118241,238,31223,1103,149464,Not in California
Outside California,2021-02-15,2549,183315,1531,88797,1018,94518,0,0,1234,118177,1302,32525,1238,150702,Not in California
Outside California,2021-02-16,6427,189742,2877,91674,3550,98068,0,0,2605,116976,3811,36336,2610,153312,Not in California
Outside California,2021-02-17,5944,195686,2977,94651,2967,101035,0,0,1859,114761,4079,40415,1864,155176,Not in California
Outside California,2021-02-18,6414,202100,3708,98359,2706,103741,0,0,2062,112490,4334,44749,2063,157239,Not in California
Outside California,2021-02-19,5730,207830,3965,102324,1765,105506,0,0,2427,111622,3297,48046,2429,159668,Not in California
Outside California,2021-02-20,3335,211165,2686,105010,649,106155,0,0,1244,110780,2087,50133,1245,160913,Not in California
Outside California,2021-02-21,2729,213894,2512,107522,217,106372,0,0,852,109763,1872,52005,855,161768,Not in California
Outside California,2021-02-22,3472,217366,2539,110061,933,107305,0,0,1625,109549,1844,53849,1630,163398,Not in California
Outside California,2021-02-23,6009,223375,3371,113432,2638,109943,0,0,2357,108275,3645,57494,2371,165769,Not in California
Outside California,2021-02-24,6410,229785,3534,116966,2876,112819,0,0,2484,106843,3921,61415,2489,168258,Not in California
Outside California,2021-02-25,6912,236697,3506,120472,3406,116225,0,0,3115,106196,3766,65181,3119,171377,Not in California
Outside California,2021-02-26,6848,243545,3624,124096,3224,119449,0,0,3151,105731,3617,68798,3152,174529,Not in California
Outside California,2021-02-27,5492,249037,2762,126858,2729,122178,1,1,1872,103997,3610,72408,1876,176405,Not in California
Outside California,2021-02-28,2440,251477,1777,128635,662,122840,1,2,799,103159,1639,74047,801,177206,Not in California
Outside California,2021-03-01,4968,256445,3162,131797,1805,124645,1,3,1349,100903,3611,77658,1355,178561,Not in California
Outside California,2021-03-02,6737,263182,2490,134287,4247,128892,0,3,2063,98306,4662,82320,2065,180626,Not in California
Outside California,2021-03-03,7870,271052,3069,137356,4799,133691,2,5,2636,95726,5222,87542,2642,183268,Not in California
Outside California,2021-03-04,6799,277851,2903,140259,3892,137583,4,9,2300,93549,4483,92025,2306,185574,Not in California
Outside California,2021-03-05,5280,283131,2676,142935,2590,140173,14,23,2724,93750,2545,94570,2746,188320,Not in California
Outside California,2021-03-06,4610,287741,2146,145081,2309,142482,155,178,2341,93988,2266,96836,2504,190824,Not in California
Outside California,2021-03-07,1603,289344,1029,146110,520,143002,54,232,974,94390,628,97464,1030,191854,Not in California
Outside California,2021-03-08,3106,292450,1842,147952,1020,144022,244,476,2202,95968,875,98339,2453,194307,Not in California
Outside California,2021-03-09,4647,297097,2364,150316,1966,145988,317,793,2740,97122,1903,100242,3057,197364,Not in California
Outside California,2021-03-10,4410,301507,2116,152432,1782,147770,512,1305,2726,98692,1675,101917,3245,200609,Not in California
Outside California,2021-03-11,6168,307675,3146,155578,2341,150111,681,1986,3330,99872,2832,104749,4012,204621,Not in California
Outside California,2021-03-12,6476,314151,3886,159464,1864,151975,726,2712,3605,101345,2863,107612,4336,208957,Not in California
Outside California,2021-03-13,3784,317935,2189,161653,1123,153098,472,3184,2592,103237,1183,108795,3075,212032,Not in California
Outside California,2021-03-14,1817,319752,938,162591,539,153637,340,3524,1007,103777,810,109605,1350,213382,Not in California
Outside California,2021-03-15,4067,323819,2124,164715,1483,155120,460,3984,2183,104546,1877,111482,2646,216028,Not in California
Outside California,2021-03-16,7514,331333,4377,169092,2755,157875,382,4366,4171,105756,3340,114822,4550,220578,Not in California
Outside California,2021-03-17,8442,339775,5457,174549,2608,160483,377,4743,5078,107852,3360,118182,5456,226034,Not in California
Outside California,2021-03-18,8320,348095,5135,179684,2646,163129,539,5282,4831,109741,3481,121663,5370,231404,Not in California
Outside California,2021-03-19,7333,355428,4342,184026,2447,165576,544,5826,4406,111773,2922,124585,4954,236358,Not in California
Outside California,2021-03-20,4768,360196,3141,187167,1540,167116,87,5913,3658,114415,1103,125688,3745,240103,Not in California
Outside California,2021-03-21,2091,362287,1436,188603,568,167684,87,6000,1676,115765,413,126101,1763,241866,Not in California
Outside California,2021-03-22,3241,365528,1954,190557,1199,168883,88,6088,2220,117059,1014,127115,2308,244174,Not in California
Outside California,2021-03-23,6061,371589,3091,193648,2670,171553,300,6388,4126,119564,1921,129036,4426,248600,Not in California
Outside California,2021-03-24,7323,378912,3769,197417,3105,174658,449,6837,5084,122863,2232,131268,5531,254131,Not in California
Outside California,2021-03-25,8274,387186,3856,201273,3894,178552,524,7361,6033,127193,2229,133497,6559,260690,Not in California
Outside California,2021-03-26,6662,393848,3549,204822,2940,181492,173,7534,4399,129526,2238,135735,4571,265261,Not in California
Outside California,2021-03-27,5540,399388,3136,207958,2190,183682,214,7748,3483,131171,2049,137784,3694,268955,Not in California
Outside California,2021-03-28,3083,402471,1651,209609,1271,184953,161,7909,1992,132238,1086,138870,2153,271108,Not in California
Outside California,2021-03-29,5158,407629,2330,211939,2478,187431,350,8259,2935,133304,2220,141090,3286,274394,Not in California
Outside California,2021-03-30,6856,414485,3616,215555,2675,190106,565,8824,4037,135106,2808,143898,4610,279004,Not in California
Outside California,2021-03-31,6331,420816,3815,219370,1741,191847,775,9599,3362,136276,2964,146862,4134,283138,Not in California
Outside California,2021-04-01,7489,428305,4507,223877,2337,194184,645,10244,4332,138099,3150,150012,4973,288111,Not in California
Outside California,2021-04-02,8490,436795,4537,228414,2807,196991,1146,11390,4406,139573,4077,154089,5551,293662,Not in California
Outside California,2021-04-03,6160,442955,3657,232071,1338,198329,1165,12555,3225,141037,2926,157015,4390,298052,Not in California
Outside California,2021-04-04,1779,444734,876,232947,668,198997,235,12790,969,141430,809,157824,1202,299254,Not in California
Outside California,2021-04-05,4095,448829,2034,234981,1402,200399,659,13449,1950,141899,2140,159964,2609,301863,Not in California
Outside California,2021-04-06,6987,455816,3764,238745,1629,202028,1594,15043,2821,142162,4151,164115,4414,306277,Not in California
Outside California,2021-04-07,8165,463981,4696,243441,1777,203805,1692,16735,3157,142010,5000,169115,4848,311125,Not in California
Outside California,2021-04-08,8077,472058,4291,247732,1855,205660,1931,18666,3133,142139,4935,174050,5064,316189,Not in California
Outside California,2021-04-09,7419,479477,3848,251580,1652,207312,1919,20585,2844,142344,4566,178616,4771,320960,Not in California
Outside California,2021-04-10,6111,485588,3081,254661,1168,208480,1862,22447,1706,141515,4398,183014,3569,324529,Not in California
Outside California,2021-04-11,2812,488400,1527,256188,650,209130,635,23082,948,141240,1862,184876,1587,326116,Not in California
Outside California,2021-04-12,4046,492446,2268,258456,1240,210370,538,23620,1785,141309,2253,187129,2322,328438,Not in California
Outside California,2021-04-13,5673,498119,3662,262118,1988,212358,23,23643,2911,141487,2756,189885,2934,331372,Not in California
Outside California,2021-04-14,5244,503363,3328,265446,1912,214270,4,23647,2839,141930,2400,192285,2843,334215,Not in California
Outside California,2021-04-15,6096,509459,3848,269294,2242,216512,6,23653,3258,142409,2786,195071,3265,337480,Not in California
Outside California,2021-04-16,5843,515302,3371,272665,2465,218977,7,23660,3245,143073,2589,197660,3253,340733,Not in California
Outside California,2021-04-17,5328,520630,3230,275895,2097,221074,1,23661,3030,143813,2290,199950,3030,343763,Not in California
Outside California,2021-04-18,2065,522695,1148,277043,916,221990,1,23662,964,143684,1095,201045,966,344729,Not in California
Outside California,2021-04-19,4113,526808,2004,279047,2108,224098,1,23663,2118,143821,1985,203030,2122,346851,Not in California
Outside California,2021-04-20,5341,532149,2441,281488,2900,226998,0,23663,2184,142855,3150,206180,2184,349035,Not in California
Outside California,2021-04-21,6344,538493,2700,284188,3640,230638,4,23667,2248,141030,4077,210257,2252,351287,Not in California
Outside California,2021-04-22,6730,545223,3472,287660,3255,233893,3,23670,2441,139198,4277,214534,2445,353732,Not in California
Outside California,2021-04-23,5914,551137,3005,290665,2908,236801,1,23671,2441,138183,3458,217992,2443,356175,Not in California
Outside California,2021-04-24,4460,555597,2969,293634,1487,238288,4,23675,1721,137179,2732,220724,1728,357903,Not in California
Outside California,2021-04-25,2191,557788,1259,294893,930,239218,2,23677,1152,137301,1035,221759,1157,359060,Not in California
Outside California,2021-04-26,3645,561433,1638,296531,1982,241200,25,23702,1636,136961,2001,223760,1661,360721,Not in California
Outside California,2021-04-27,5305,566738,1921,298452,3092,244292,292,23994,1937,135837,3359,227119,2235,362956,Not in California
Outside California,2021-04-28,4915,571653,2117,300569,2404,246696,394,24388,1980,135289,2923,230042,2375,365331,Not in California
Outside California,2021-04-29,4950,576603,2293,302862,2225,248921,432,24820,1939,134670,2990,233032,2371,367702,Not in California
Outside California,2021-04-30,5010,581613,2483,305345,2103,251024,424,25244,1967,134031,3031,236063,2392,370094,Not in California
Outside California,2021-05-01,3266,584879,1945,307290,892,251916,429,25673,1360,133924,1895,237958,1788,371882,Not in California
Outside California,2021-05-02,1873,586752,1094,308384,656,252572,123,25796,863,133902,1008,238966,986,372868,Not in California
Outside California,2021-05-03,3018,589770,1773,310157,966,253538,279,26075,1276,133719,1738,240704,1555,374423,Not in California
Outside California,2021-05-04,4247,594017,2437,312594,1367,254905,443,26518,1652,133220,2589,243293,2090,376513,Not in California
Outside California,2021-05-05,4597,598614,2735,315329,1491,256396,371,26889,1851,132708,2737,246030,2225,378738,Not in California
Outside California,2021-05-06,4500,603114,2857,318186,1311,257707,332,27221,1728,132001,2766,248796,2059,380797,Not in California
Outside California,2021-05-07,4882,607996,2915,321101,1586,259293,381,27602,1937,131386,2932,251728,2317,383114,Not in California
Outside California,2021-05-08,3573,611569,2466,323567,862,260155,245,27847,1481,131084,2029,253757,1727,384841,Not in California
Outside California,2021-05-09,1364,612933,883,324450,356,260511,125,27972,589,131042,755,254512,713,385554,Not in California
Outside California,2021-05-10,2670,615603,1249,325699,1096,261607,325,28297,1076,130868,1577,256089,1403,386957,Not in California
Outside California,2021-05-11,2890,618493,1411,327110,1197,262804,282,28579,1157,130578,1732,257821,1442,388399,Not in California
Outside California,2021-05-12,2867,621360,1333,328443,1238,264042,296,28875,1107,130225,1755,259576,1402,389801,Not in California
Outside California,2021-05-13,2772,624132,1590,330033,986,265028,196,29071,1257,130170,1509,261085,1454,391255,Not in California
Outside California,2021-05-14,3522,627654,2023,332056,1265,266293,234,29305,1633,130156,1883,262968,1869,393124,Not in California
Outside California,2021-05-15,2632,630286,1543,333599,945,267238,144,29449,1156,129988,1471,264439,1303,394427,Not in California
Outside California,2021-05-16,1620,631906,1031,334630,520,267758,69,29518,770,129981,847,265286,840,395267,Not in California
Outside California,2021-05-17,3053,634959,1658,336288,1160,268918,235,29753,1426,130025,1623,266909,1667,396934,Not in California
Outside California,2021-05-18,3228,638187,1668,337956,1244,270162,316,30069,1549,130225,1667,268576,1867,398801,Not in California
Outside California,2021-05-19,3325,641512,1739,339695,1316,271478,270,30339,1520,130216,1799,270375,1790,400591,Not in California
Outside California,2021-05-20,2153,643665,1246,340941,702,272180,205,30544,1025,130327,1121,271496,1232,401823,Not in California
Outside California,2021-05-21,2580,646245,1561,342502,794,272974,225,30769,1190,130362,1381,272877,1416,403239,Not in California
Outside California,2021-05-22,2245,648490,1479,343981,583,273557,183,30952,1365,131037,872,273749,1547,404786,Not in California
Outside California,2021-05-23,1049,649539,836,344817,152,273709,61,31013,562,131176,485,274234,624,405410,Not in California
Outside California,2021-05-24,2565,652104,1304,346121,905,274614,356,31369,1222,131418,1337,275571,1579,406989,Not in California
Outside California,2021-05-25,2792,654896,1445,347566,1004,275618,343,31712,1187,131354,1594,277165,1530,408519,Not in California
Outside California,2021-05-26,2771,657667,1388,348954,1037,276655,346,32058,1107,131150,1657,278822,1453,409972,Not in California
Outside California,2021-05-27,2567,660234,1331,350285,932,277587,304,32362,1083,131058,1476,280298,1384,411356,Not in California
Outside California,2021-05-28,1719,661953,904,351189,538,278125,277,32639,541,130705,1171,281469,818,412174,Not in California
Unknown,2020-12-17,2,2,2,2,0,0,0,0,0,0,0,0,0,0,Not in California
Unknown,2020-12-18,1,3,1,3,0,0,0,0,0,0,0,0,0,0,Not in California
Unknown,2020-12-21,4,7,4,7,0,0,0,0,0,0,0,0,0,0,Not in California
Unknown,2020-12-28,4,11,4,11,0,0,0,0,3,3,0,0,3,3,Not in California
Unknown,2020-12-29,3,14,3,14,0,0,0,0,3,6,0,0,3,6,Not in California
Unknown,2020-12-30,54,68,54,68,0,0,0,0,54,60,0,0,54,60,Not in California
Unknown,2020-12-31,1,69,0,68,1,1,0,0,0,60,0,0,0,60,Not in California
Unknown,2021-01-02,1,70,0,68,1,2,0,0,1,61,0,0,1,61,Not in California
Unknown,2021-01-04,3,73,3,71,0,2,0,0,2,63,0,0,2,63,Not in California
Unknown,2021-01-06,6,79,4,75,2,4,0,0,6,69,0,0,6,69,Not in California
Unknown,2021-01-07,70,149,70,145,0,4,0,0,70,139,0,0,70,139,Not in California
Unknown,2021-01-08,1,150,1,146,0,4,0,0,2,141,0,0,2,141,Not in California
Unknown,2021-01-09,2,152,2,148,0,4,0,0,3,144,0,0,3,144,Not in California
Unknown,2021-01-11,19,171,19,167,0,4,0,0,18,162,0,0,18,162,Not in California
Unknown,2021-01-12,10,181,9,176,1,5,0,0,8,170,1,1,9,171,Not in California
Unknown,2021-01-13,10,191,10,186,0,5,0,0,11,181,0,1,11,182,Not in California
Unknown,2021-01-14,3,194,3,189,0,5,0,0,3,184,0,1,3,185,Not in California
Unknown,2021-01-15,5,199,4,193,1,6,0,0,5,189,0,1,5,190,Not in California
Unknown,2021-01-16,6,205,6,199,0,6,0,0,6,195,0,1,6,196,Not in California
Unknown,2021-01-17,3,208,3,202,0,6,0,0,3,198,0,1,3,199,Not in California
Unknown,2021-01-18,51,259,51,253,0,6,0,0,49,245,2,3,49,248,Not in California
Unknown,2021-01-19,22,281,22,275,0,6,0,0,19,262,2,5,19,267,Not in California
Unknown,2021-01-20,79,360,79,354,0,6,0,0,28,238,52,57,28,295,Not in California
Unknown,2021-01-21,56,416,54,408,2,8,0,0,57,294,1,58,57,352,Not in California
Unknown,2021-01-22,34,450,29,437,5,13,0,0,34,328,0,58,34,386,Not in California
Unknown,2021-01-23,11,461,5,442,6,19,0,0,11,339,0,58,11,397,Not in California
Unknown,2021-01-24,2,463,2,444,0,19,0,0,3,342,0,58,3,400,Not in California
Unknown,2021-01-25,19,482,17,461,2,21,0,0,16,355,3,61,16,416,Not in California
Unknown,2021-01-26,93,575,93,554,0,21,0,0,96,451,0,61,96,512,Not in California
Unknown,2021-01-27,16,591,16,570,0,21,0,0,14,464,1,62,14,526,Not in California
Unknown,2021-01-28,140,731,138,708,2,23,0,0,83,487,60,122,83,609,Not in California
Unknown,2021-01-29,139,870,139,847,0,23,0,0,143,629,1,123,143,752,Not in California
Unknown,2021-01-30,11,881,9,856,2,25,0,0,13,640,2,125,13,765,Not in California
Unknown,2021-01-31,14,895,14,870,0,25,0,0,15,655,0,125,15,780,Not in California
Unknown,2021-02-01,37,932,36,906,1,26,0,0,21,658,18,143,21,801,Not in California
Unknown,2021-02-02,64,996,63,969,1,27,0,0,57,709,6,149,57,858,Not in California
Unknown,2021-02-03,36,1032,34,1003,2,29,0,0,25,723,11,160,25,883,Not in California
Unknown,2021-02-04,56,1088,51,1054,5,34,0,0,51,769,5,165,51,934,Not in California
Unknown,2021-02-05,18,1106,14,1068,4,38,0,0,14,779,4,169,14,948,Not in California
Unknown,2021-02-06,14,1120,14,1082,0,38,0,0,9,782,6,175,9,957,Not in California
Unknown,2021-02-07,8,1128,8,1090,0,38,0,0,6,786,2,177,6,963,Not in California
Unknown,2021-02-08,51,1179,48,1138,3,41,0,0,14,763,37,214,14,977,Not in California
Unknown,2021-02-09,18,1197,18,1156,0,41,0,0,4,753,14,228,4,981,Not in California
Unknown,2021-02-10,34,1231,30,1186,4,45,0,0,9,737,25,253,9,990,Not in California
Unknown,2021-02-11,85,1316,84,1270,1,46,0,0,43,737,43,296,43,1033,Not in California
Unknown,2021-02-12,36,1352,29,1299,7,53,0,0,9,719,27,323,9,1042,Not in California
Unknown,2021-02-13,9,1361,2,1301,7,60,0,0,8,726,1,324,8,1050,Not in California
Unknown,2021-02-14,7,1368,1,1302,6,66,0,0,5,730,1,325,5,1055,Not in California
Unknown,2021-02-15,41,1409,35,1337,6,72,0,0,27,745,12,337,27,1082,Not in California
Unknown,2021-02-16,101,1510,91,1428,10,82,0,0,29,702,72,409,29,1111,Not in California
Unknown,2021-02-17,10,1520,8,1436,2,84,0,0,4,701,5,414,4,1115,Not in California
Unknown,2021-02-18,89,1609,84,1520,5,89,0,0,16,645,72,486,16,1131,Not in California
Unknown,2021-02-19,184,1793,179,1699,5,94,0,0,53,568,130,616,53,1184,Not in California
Unknown,2021-02-20,7,1800,5,1704,2,96,0,0,2,565,5,621,2,1186,Not in California
Unknown,2021-02-21,14,1814,14,1718,0,96,0,0,1,553,13,634,1,1187,Not in California
Unknown,2021-02-22,9,1823,9,1727,0,96,0,0,6,556,3,637,6,1193,Not in California
Unknown,2021-02-23,61,1884,49,1776,12,108,0,0,15,526,45,682,15,1208,Not in California
Unknown,2021-02-24,33,1917,26,1802,7,115,0,0,14,521,19,701,14,1222,Not in California
Unknown,2021-02-25,67,1984,54,1856,13,128,0,0,25,503,43,744,25,1247,Not in California
Unknown,2021-02-26,39,2023,25,1881,14,142,0,0,22,511,14,758,22,1269,Not in California
Unknown,2021-02-27,21,2044,15,1896,6,148,0,0,11,514,8,766,11,1280,Not in California
Unknown,2021-02-28,17,2061,13,1909,4,152,0,0,10,519,5,771,10,1290,Not in California
Unknown,2021-03-01,45,2106,27,1936,18,170,0,0,24,523,20,791,24,1314,Not in California
Unknown,2021-03-02,19,2125,7,1943,12,182,0,0,12,530,5,796,12,1326,Not in California
Unknown,2021-03-03,11,2136,6,1949,5,187,0,0,7,534,3,799,7,1333,Not in California
Unknown,2021-03-04,43,2179,40,1989,3,190,0,0,13,517,30,829,13,1346,Not in California
Unknown,2021-03-05,23,2202,13,2002,10,200,0,0,22,535,4,833,22,1368,Not in California
Unknown,2021-03-06,20,2222,12,2014,6,206,2,2,16,549,4,837,18,1386,Not in California
Unknown,2021-03-07,2,2224,1,2015,1,207,0,2,3,552,0,837,3,1389,Not in California
Unknown,2021-03-08,31,2255,22,2037,7,214,2,4,8,538,24,861,10,1399,Not in California
Unknown,2021-03-09,35,2290,28,2065,3,217,4,8,9,524,27,888,13,1412,Not in California
Unknown,2021-03-10,9,2299,6,2071,1,218,2,10,5,526,5,893,7,1419,Not in California
Unknown,2021-03-11,28,2327,12,2083,2,220,14,24,7,526,21,914,21,1440,Not in California
Unknown,2021-03-12,68,2395,52,2135,11,231,5,29,11,487,55,969,16,1456,Not in California
Unknown,2021-03-13,16,2411,4,2139,8,239,4,33,7,488,10,979,11,1467,Not in California
Unknown,2021-03-14,14,2425,6,2145,6,245,2,35,5,487,8,987,7,1474,Not in California
Unknown,2021-03-15,31,2456,11,2156,18,263,2,37,20,496,13,1000,22,1496,Not in California
Unknown,2021-03-16,47,2503,20,2176,23,286,4,41,27,507,20,1020,31,1527,Not in California
Unknown,2021-03-17,38,2541,14,2190,23,309,1,42,33,537,4,1024,34,1561,Not in California
Unknown,2021-03-18,31,2572,18,2208,13,322,0,42,18,543,12,1036,18,1579,Not in California
Unknown,2021-03-19,29,2601,18,2226,11,333,0,42,22,558,7,1043,22,1601,Not in California
Unknown,2021-03-20,27,2628,15,2241,12,345,0,42,15,562,11,1054,15,1616,Not in California
Unknown,2021-03-21,18,2646,12,2253,6,351,0,42,14,573,3,1057,14,1630,Not in California
Unknown,2021-03-22,36,2682,19,2272,16,367,1,43,18,580,12,1069,19,1649,Not in California
Unknown,2021-03-23,23,2705,9,2281,9,376,5,48,11,585,11,1080,16,1665,Not in California
Unknown,2021-03-24,23,2728,9,2290,14,390,0,48,18,598,5,1085,18,1683,Not in California
Unknown,2021-03-25,37,2765,24,2314,13,403,0,48,25,614,9,1094,25,1708,Not in California
Unknown,2021-03-26,36,2801,20,2334,11,414,5,53,18,622,15,1109,23,1731,Not in California
Unknown,2021-03-27,32,2833,15,2349,14,428,3,56,18,626,17,1126,21,1752,Not in California
Unknown,2021-03-28,16,2849,9,2358,7,435,0,56,11,633,4,1130,11,1763,Not in California
Unknown,2021-03-29,38,2887,18,2376,19,454,1,57,23,645,12,1142,24,1787,Not in California
Unknown,2021-03-30,41,2928,25,2401,16,470,0,57,25,655,15,1157,25,1812,Not in California
Unknown,2021-03-31,34,2962,21,2422,13,483,0,57,23,667,11,1168,23,1835,Not in California
Unknown,2021-04-01,19,2981,15,2437,4,487,0,57,13,675,5,1173,13,1848,Not in California
Unknown,2021-04-02,41,3022,17,2454,15,502,9,66,18,679,23,1196,27,1875,Not in California
Unknown,2021-04-03,19,3041,9,2463,10,512,0,66,9,678,10,1206,9,1884,Not in California
Unknown,2021-04-04,17,3058,4,2467,13,525,0,66,10,682,6,1212,10,1894,Not in California
Unknown,2021-04-05,31,3089,17,2484,13,538,1,67,17,687,13,1225,18,1912,Not in California
Unknown,2021-04-06,21,3110,13,2497,7,545,1,68,13,691,10,1235,14,1926,Not in California
Unknown,2021-04-07,32,3142,23,2520,9,554,0,68,24,707,8,1243,24,1950,Not in California
Unknown,2021-04-08,30,3172,20,2540,6,560,4,72,15,709,17,1260,19,1969,Not in California
Unknown,2021-04-09,35,3207,25,2565,10,570,0,72,24,722,11,1271,24,1993,Not in California
Unknown,2021-04-10,9,3216,8,2573,1,571,0,72,4,720,6,1277,4,1997,Not in California
Unknown,2021-04-11,11,3227,7,2580,4,575,0,72,5,720,5,1282,5,2002,Not in California
Unknown,2021-04-12,37,3264,20,2600,16,591,1,73,16,714,23,1305,17,2019,Not in California
Unknown,2021-04-13,44,3308,26,2626,18,609,0,73,17,704,27,1332,17,2036,Not in California
Unknown,2021-04-14,27,3335,8,2634,19,628,0,73,7,689,22,1354,7,2043,Not in California
Unknown,2021-04-15,31,3366,16,2650,14,642,1,74,8,676,22,1376,9,2052,Not in California
Unknown,2021-04-16,25,3391,15,2665,10,652,0,74,9,669,16,1392,9,2061,Not in California
Unknown,2021-04-17,22,3413,13,2678,9,661,0,74,6,661,15,1407,7,2068,Not in California
Unknown,2021-04-18,20,3433,8,2686,12,673,0,74,10,659,12,1419,10,2078,Not in California
Unknown,2021-04-19,35,3468,21,2707,14,687,0,74,16,657,18,1437,16,2094,Not in California
Unknown,2021-04-20,25,3493,14,2721,11,698,0,74,9,646,20,1457,9,2103,Not in California
Unknown,2021-04-21,35,3528,15,2736,20,718,0,74,20,642,24,1481,20,2123,Not in California
Unknown,2021-04-22,23,3551,14,2750,9,727,0,74,8,633,17,1498,8,2131,Not in California
Unknown,2021-04-23,33,3584,16,2766,17,744,0,74,19,638,14,1512,19,2150,Not in California
Unknown,2021-04-24,25,3609,13,2779,12,756,0,74,18,647,9,1521,18,2168,Not in California
Unknown,2021-04-25,24,3633,10,2789,14,770,0,74,15,651,11,1532,15,2183,Not in California
Unknown,2021-04-26,20,3653,13,2802,7,777,0,74,9,646,14,1546,9,2192,Not in California
Unknown,2021-04-27,25,3678,12,2814,13,790,0,74,15,642,19,1565,15,2207,Not in California
Unknown,2021-04-28,27,3705,19,2833,7,797,1,75,12,636,19,1584,13,2220,Not in California
Unknown,2021-04-29,33,3738,22,2855,11,808,0,75,18,634,20,1604,18,2238,Not in California
Unknown,2021-04-30,28,3766,14,2869,9,817,5,80,16,640,15,1619,21,2259,Not in California
Unknown,2021-05-01,28,3794,21,2890,7,824,0,80,22,651,11,1630,22,2281,Not in California
Unknown,2021-05-02,14,3808,7,2897,6,830,1,81,6,650,8,1638,7,2288,Not in California
Unknown,2021-05-03,26,3834,18,2915,5,835,3,84,8,641,19,1657,10,2298,Not in California
Unknown,2021-05-04,21,3855,11,2926,6,841,4,88,9,638,16,1673,13,2311,Not in California
Unknown,2021-05-05,30,3885,11,2937,18,859,1,89,19,644,14,1687,20,2331,Not in California
Unknown,2021-05-06,21,3906,12,2949,6,865,3,92,10,645,12,1699,13,2344,Not in California
Unknown,2021-05-07,27,3933,14,2963,10,875,3,95,12,644,16,1715,15,2359,Not in California
Unknown,2021-05-08,16,3949,10,2973,4,879,2,97,7,645,8,1723,9,2368,Not in California
Unknown,2021-05-09,18,3967,5,2978,9,888,4,101,8,647,10,1733,12,2380,Not in California
Unknown,2021-05-10,18,3985,11,2989,6,894,1,102,3,637,14,1747,4,2384,Not in California
Unknown,2021-05-11,15,4000,9,2998,2,896,4,106,8,642,7,1754,12,2396,Not in California
Unknown,2021-05-12,14,4014,9,3007,4,900,1,107,6,641,8,1762,7,2403,Not in California
Unknown,2021-05-13,15,4029,10,3017,1,901,4,111,9,648,7,1769,14,2417,Not in California
Unknown,2021-05-14,24,4053,20,3037,3,904,1,112,14,653,9,1778,14,2431,Not in California
Unknown,2021-05-15,21,4074,19,3056,2,906,0,112,12,656,9,1787,12,2443,Not in California
Unknown,2021-05-16,27,4101,18,3074,8,914,1,113,16,662,11,1798,17,2460,Not in California
Unknown,2021-05-17,26,4127,20,3094,4,918,2,115,17,672,9,1807,19,2479,Not in California
Unknown,2021-05-18,39,4166,28,3122,9,927,2,117,31,697,8,1815,33,2512,Not in California
Unknown,2021-05-19,37,4203,28,3150,8,935,1,118,20,702,16,1831,21,2533,Not in California
Unknown,2021-05-20,184,4387,175,3325,8,943,1,119,175,870,8,1839,176,2709,Not in California
Unknown,2021-05-21,194,4581,187,3512,6,949,1,120,186,1049,8,1847,187,2896,Not in California
Unknown,2021-05-22,208,4789,200,3712,6,955,2,122,193,1229,15,1862,195,3091,Not in California
Unknown,2021-05-23,121,4910,120,3832,0,955,1,123,119,1348,1,1863,120,3211,Not in California
Unknown,2021-05-24,377,5287,273,4105,93,1048,11,134,353,1689,23,1886,364,3575,Not in California
Unknown,2021-05-25,427,5714,305,4410,105,1153,17,151,388,2055,39,1925,405,3980,Not in California
Unknown,2021-05-26,372,6086,304,4714,63,1216,5,156,346,2381,25,1950,351,4331,Not in California
Unknown,2021-05-27,364,6450,300,5014,55,1271,9,165,329,2685,35,1985,339,4670,Not in California
Unknown,2021-05-28,2,6452,0,5014,1,1272,1,166,1,2686,1,1986,2,4672,Not in California
Alameda,2020-12-15,37,37,37,37,0,0,0,0,37,37,0,0,37,37,California
Alameda,2020-12-16,208,245,208,245,0,0,0,0,208,245,0,0,208,245,California
Alameda,2020-12-17,398,643,398,643,0,0,0,0,398,643,0,0,398,643,California
Alameda,2020-12-18,1791,2434,1790,2433,1,1,0,0,1791,2434,0,0,1791,2434,California
Alameda,2020-12-19,1437,3871,1437,3870,0,1,0,0,1437,3871,0,0,1437,3871,California
Alameda,2020-12-20,1191,5062,1190,5060,1,2,0,0,1190,5060,1,1,1190,5061,California
Alameda,2020-12-21,1869,6931,1867,6927,2,4,0,0,1868,6928,0,1,1868,6929,California
Alameda,2020-12-22,2111,9042,2058,8985,53,57,0,0,2111,9039,0,1,2111,9040,California
Alameda,2020-12-23,1973,11015,1715,10700,258,315,0,0,1974,11013,0,1,1974,11014,California
Alameda,2020-12-24,1220,12235,763,11463,457,772,0,0,1220,12233,0,1,1220,12234,California
Alameda,2020-12-25,167,12402,130,11593,37,809,0,0,167,12400,0,1,167,12401,California
Alameda,2020-12-26,870,13272,327,11920,543,1352,0,0,870,13270,0,1,870,13271,California
Alameda,2020-12-27,502,13774,258,12178,244,1596,0,0,502,13772,0,1,502,13773,California
Alameda,2020-12-28,1883,15657,960,13138,923,2519,0,0,1883,15655,0,1,1883,15656,California
Alameda,2020-12-29,2478,18135,1072,14210,1406,3925,0,0,2477,18132,0,1,2477,18133,California
Alameda,2020-12-30,3087,21222,1316,15526,1771,5696,0,0,3087,21219,0,1,3087,21220,California
Alameda,2020-12-31,1794,23016,443,15969,1351,7047,0,0,1792,23010,1,2,1792,23012,California
Alameda,2021-01-01,172,23188,69,16038,103,7150,0,0,171,23180,1,3,171,23183,California
Alameda,2021-01-02,726,23914,526,16564,200,7350,0,0,725,23905,0,3,725,23908,California
Alameda,2021-01-03,341,24255,221,16785,120,7470,0,0,338,24240,3,6,338,24246,California
Alameda,2021-01-04,1646,25901,943,17728,703,8173,0,0,1634,25863,11,17,1634,25880,California
Alameda,2021-01-05,2217,28118,1276,19004,941,9114,0,0,1981,27611,233,250,1981,27861,California
Alameda,2021-01-06,3276,31394,1808,20812,1468,10582,0,0,2429,29198,844,1094,2431,30292,California
Alameda,2021-01-07,3813,35207,2149,22961,1664,12246,0,0,2683,30765,1121,2215,2688,32980,California
Alameda,2021-01-08,4766,39973,2729,25690,2037,14283,0,0,3111,32231,1650,3865,3116,36096,California
Alameda,2021-01-09,2032,42005,1383,27073,649,14932,0,0,1173,32545,859,4724,1173,37269,California
Alameda,2021-01-10,1068,43073,886,27959,182,15114,0,0,427,32330,642,5366,427,37696,California
Alameda,2021-01-11,4660,47733,3522,31481,1138,16252,0,0,2861,33400,1798,7164,2868,40564,California
Alameda,2021-01-12,4837,52570,3260,34741,1577,17829,0,0,3449,35465,1387,8551,3452,44016,California
Alameda,2021-01-13,5031,57601,2658,37399,2373,20202,0,0,3840,38120,1187,9738,3842,47858,California
Alameda,2021-01-14,5643,63244,2780,40179,2863,23065,0,0,4755,41999,879,10617,4758,52616,California
Alameda,2021-01-15,5831,69075,2311,42490,3520,26585,0,0,5065,46309,759,11376,5069,57685,California
Alameda,2021-01-16,3003,72078,1409,43899,1594,28179,0,0,2733,48773,270,11646,2734,60419,California
Alameda,2021-01-17,1870,73948,1085,44984,785,28964,0,0,1663,50231,206,11852,1664,62083,California
Alameda,2021-01-18,3197,77145,2055,47039,1142,30106,0,0,2603,52247,589,12441,2605,64688,California
Alameda,2021-01-19,5534,82679,3334,50373,2200,32306,0,0,4342,55401,1190,13631,4344,69032,California
Alameda,2021-01-20,6784,89463,4111,54484,2673,34979,0,0,5492,59618,1279,14910,5496,74528,California
Alameda,2021-01-21,7790,97253,3411,57895,4379,39358,0,0,6951,65741,833,15743,6956,81484,California
Alameda,2021-01-22,6850,104103,2045,59940,4805,44163,0,0,5711,70322,1132,16875,5713,87197,California
Alameda,2021-01-23,3285,107388,951,60891,2334,46497,0,0,2729,72495,556,17431,2729,89926,California
Alameda,2021-01-24,2049,109437,656,61547,1393,47890,0,0,1772,73994,273,17704,1772,91698,California
Alameda,2021-01-25,5204,114641,1975,63522,3229,51119,0,0,3619,76037,1577,19281,3620,95318,California
Alameda,2021-01-26,7253,121894,2299,65821,4954,56073,0,0,5385,79563,1860,21141,5386,100704,California
Alameda,2021-01-27,6645,128539,2062,67883,4583,60656,0,0,4800,82528,1835,22976,4800,105504,California
Alameda,2021-01-28,7895,136434,2554,70437,5341,65997,0,0,5654,85958,2225,25201,5655,111159,California
Alameda,2021-01-29,7939,144373,3192,73629,4747,70744,0,0,6118,90266,1811,27012,6119,117278,California
Alameda,2021-01-30,3430,147803,1683,75312,1747,72491,0,0,2719,92280,705,27717,2719,119997,California
Alameda,2021-01-31,1893,149696,957,76269,936,73427,0,0,1660,93710,230,27947,1660,121657,California
Alameda,2021-02-01,6498,156194,3896,80165,2602,76029,0,0,4349,95920,2140,30087,4350,126007,California
Alameda,2021-02-02,6959,163153,3751,83916,3208,79237,0,0,4657,98282,2295,32382,4657,130664,California
Alameda,2021-02-03,7096,170249,3736,87652,3360,82597,0,0,4398,99993,2692,35074,4403,135067,California
Alameda,2021-02-04,9523,179772,4144,91796,5379,87976,0,0,6410,103308,3100,38174,6415,141482,California
Alameda,2021-02-05,10330,190102,5392,97188,4938,92914,0,0,6456,105902,3868,42042,6462,147944,California
Alameda,2021-02-06,6982,197084,4428,101616,2554,95468,0,0,5854,110629,1127,43169,5854,153798,California
Alameda,2021-02-07,3596,200680,2905,104521,691,96159,0,0,2652,112341,941,44110,2653,156451,California
Alameda,2021-02-08,8083,208763,5781,110302,2302,98461,0,0,5527,115322,2548,46658,5529,161980,California
Alameda,2021-02-09,9719,218482,5857,116159,3862,102323,0,0,6056,117736,3644,50302,6058,168038,California
Alameda,2021-02-10,11465,229947,6782,122941,4683,107006,0,0,6560,119415,4889,55191,6568,174606,California
Alameda,2021-02-11,13939,243886,8005,130946,5934,112940,0,0,8373,122246,5546,60737,8377,182983,California
Alameda,2021-02-12,12553,256439,5718,136664,6835,119775,0,0,7765,125243,4771,65508,7768,190751,California
Alameda,2021-02-13,7796,264235,4052,140716,3744,123519,0,0,5833,129120,1958,67466,5835,196586,California
Alameda,2021-02-14,4041,268276,2540,143256,1501,125020,0,0,2873,130832,1164,68630,2876,199462,California
Alameda,2021-02-15,5680,273956,3190,146446,2490,127510,0,0,3697,132551,1981,70611,3700,203162,California
Alameda,2021-02-16,12534,286490,6956,153402,5578,133088,0,0,9318,138669,3206,73817,9324,212486,California
Alameda,2021-02-17,14176,300666,8424,161826,5752,138840,0,0,10542,145596,3617,77434,10544,223030,California
Alameda,2021-02-18,15910,316576,10099,171925,5811,144651,0,0,11553,152806,4349,81783,11559,234589,California
Alameda,2021-02-19,17683,334259,11476,183401,6207,150858,0,0,11713,158577,5948,87731,11719,246308,California
Alameda,2021-02-20,11892,346151,9635,193036,2257,153115,0,0,9163,165022,2724,90455,9169,255477,California
Alameda,2021-02-21,7695,353846,6764,199800,931,154046,0,0,5206,167751,2478,92933,5207,260684,California
Alameda,2021-02-22,10809,364655,8020,207820,2789,156835,0,0,6851,170666,3945,96878,6860,267544,California
Alameda,2021-02-23,12921,377576,7912,215732,5009,161844,0,0,8119,174000,4792,101670,8126,275670,California
Alameda,2021-02-24,14789,392365,8332,224064,6457,168301,0,0,9635,178549,5092,106762,9641,285311,California
Alameda,2021-02-25,15648,408013,9141,233205,6507,174808,0,0,9983,182912,5630,112392,9993,295304,California
Alameda,2021-02-26,18130,426143,10662,243867,7468,182276,0,0,11727,188283,6360,118752,11731,307035,California
Alameda,2021-02-27,14902,441045,11006,254873,3894,186170,2,2,9280,191971,5596,124348,9284,316319,California
Alameda,2021-02-28,9185,450230,7748,262621,1437,187607,0,2,6088,194988,3072,127420,6089,322408,California
Alameda,2021-03-01,13514,463744,9440,272061,4065,191672,9,11,8419,198376,5047,132467,8435,330843,California
Alameda,2021-03-02,15067,478811,10842,282903,4224,195896,1,12,9903,203143,5144,137611,9911,340754,California
Alameda,2021-03-03,15712,494523,10279,293182,5432,201328,1,13,10730,208924,4954,142565,10735,351489,California
Alameda,2021-03-04,17447,511970,11186,304368,6259,207587,2,15,10991,213494,6423,148988,10993,362482,California
Alameda,2021-03-05,16313,528283,10685,315053,5619,213206,9,24,11022,219287,5244,154232,11037,373519,California
Alameda,2021-03-06,14568,542851,10276,325329,4027,217233,265,289,9655,224342,4866,159098,9921,383440,California
Alameda,2021-03-07,9777,552628,8510,333839,1185,218418,82,371,6983,228645,2765,161863,7068,390508,California
Alameda,2021-03-08,11988,564616,7477,341316,4131,222549,380,751,8976,235041,2960,164823,9356,399864,California
Alameda,2021-03-09,14721,579337,10334,351650,3955,226504,432,1183,8050,236892,6635,171458,8486,408350,California
Alameda,2021-03-10,17558,596895,12194,363844,4803,231307,561,1744,7936,235790,9595,181053,8493,416843,California
Alameda,2021-03-11,19836,616731,11623,375467,6507,237814,1706,3450,6767,231217,13038,194091,8465,425308,California
Alameda,2021-03-12,21433,638164,12537,388004,7192,245006,1704,5154,7515,226535,13892,207983,9210,434518,California
Alameda,2021-03-13,16103,654267,10343,398347,4762,249768,998,6152,5151,221771,10916,218899,6152,440670,California
Alameda,2021-03-14,10920,665187,8032,406379,2096,251864,792,6944,3424,218500,7476,226375,4205,444875,California
Alameda,2021-03-15,14527,679714,9511,415890,4485,256349,531,7475,6326,217183,8171,234546,6854,451729,California
Alameda,2021-03-16,17310,697024,11240,427130,5530,261879,540,8015,7428,215322,9830,244376,7969,459698,California
Alameda,2021-03-17,17547,714571,9928,437058,6897,268776,722,8737,8117,214768,9390,253766,8836,468534,California
Alameda,2021-03-18,19258,733829,10496,447554,7864,276640,898,9635,8786,214016,10440,264206,9688,478222,California
Alameda,2021-03-19,19464,753293,10686,458240,6978,283618,1800,11435,7684,211761,11733,275939,9478,487700,California
Alameda,2021-03-20,15864,769157,10392,468632,4615,288233,857,12292,6444,209672,9386,285325,7297,494997,California
Alameda,2021-03-21,9265,778422,7285,475917,1423,289656,557,12849,3788,208550,5467,290792,4345,499342,California
Alameda,2021-03-22,15124,793546,10208,486125,3907,293563,1009,13858,7028,208513,8069,298861,8032,507374,California
Alameda,2021-03-23,19411,812957,11781,497906,6815,300378,815,14673,9875,209721,9488,308349,10696,518070,California
Alameda,2021-03-24,19329,832286,11728,509634,6581,306959,1020,15693,8446,208360,10820,319169,9459,527529,California
Alameda,2021-03-25,20633,852919,11487,521121,7738,314697,1408,17101,9502,208199,11061,330230,10900,538429,California
Alameda,2021-03-26,21065,873984,12720,533841,6773,321470,1572,18673,8552,205846,12467,342697,10114,548543,California
Alameda,2021-03-27,18440,892424,12575,546416,4903,326373,962,19635,7595,203587,10798,353495,8539,557082,California
Alameda,2021-03-28,10688,903112,8703,555119,1782,328155,203,19838,3531,200184,7144,360639,3741,560823,California
Alameda,2021-03-29,14793,917905,9491,564610,4305,332460,997,20835,6000,198422,8757,369396,6995,567818,California
Alameda,2021-03-30,18694,936599,9893,574503,7079,339539,1722,22557,9330,200136,9331,378727,11045,578863,California
Alameda,2021-03-31,19499,956098,10328,584831,7065,346604,2106,24663,9172,201103,10300,389027,11267,590130,California
Alameda,2021-04-01,23440,979538,10092,594923,7660,354264,5688,30351,11108,205598,12284,401311,16779,606909,California
Alameda,2021-04-02,24209,1003747,9996,604919,8346,362610,5867,36218,11720,210707,12450,413761,17559,624468,California
Alameda,2021-04-03,20421,1024168,9848,614767,5708,368318,4865,41083,10359,215882,10042,423803,15217,639685,California
Alameda,2021-04-04,9994,1034162,3993,618760,2288,370606,3713,44796,3466,216546,6510,430313,7174,646859,California
Alameda,2021-04-05,17898,1052060,7549,626309,5539,376145,4810,49606,7282,218046,10591,440904,12091,658950,California
Alameda,2021-04-06,22279,1074339,10733,637042,5689,381834,5857,55463,10110,221870,12132,453036,15956,674906,California
Alameda,2021-04-07,22608,1096947,11606,648648,5528,387362,5474,60937,11451,227676,11111,464147,16917,691823,California
Alameda,2021-04-08,25528,1122475,11545,660193,5997,393359,7986,68923,10908,232016,14547,478694,18887,710710,California
Alameda,2021-04-09,23449,1145924,10720,670913,7497,400856,5232,74155,12095,238033,11322,490016,17339,728049,California
Alameda,2021-04-10,19285,1165209,7448,678361,5642,406498,6195,80350,8186,241340,11075,501091,14382,742431,California
Alameda,2021-04-11,10992,1176201,4793,683154,2264,408762,3935,84285,4468,243223,6507,507598,8390,750821,California
Alameda,2021-04-12,18018,1194219,11723,694877,4309,413071,1986,86271,10123,247466,7860,515458,12103,762924,California
Alameda,2021-04-13,23029,1217248,14610,709487,8363,421434,56,86327,16937,258430,6039,521497,17003,779927,California
Alameda,2021-04-14,23120,1240368,15186,724673,7933,429367,1,86328,15605,266563,7480,528977,15613,795540,California
Alameda,2021-04-15,24117,1264485,15401,740074,8714,438081,2,86330,15995,274506,8062,537039,16005,811545,California
Alameda,2021-04-16,24429,1288914,14426,754500,9998,448079,5,86335,15739,281628,8633,545672,15755,827300,California
Alameda,2021-04-17,20909,1309823,14450,768950,6459,454538,0,86335,14438,289644,6436,552108,14452,841752,California
Alameda,2021-04-18,9985,1319808,7639,776589,2346,456884,0,86335,6907,293507,3049,555157,6912,848664,California
Alameda,2021-04-19,15676,1335484,9759,786348,5916,462800,1,86336,9086,296052,6551,561708,9096,857760,California
Alameda,2021-04-20,18197,1353681,11132,797480,7063,469863,2,86338,9982,297886,8170,569878,10004,867764,California
Alameda,2021-04-21,19168,1372849,11223,808703,7935,477798,10,86348,11182,301164,7932,577810,11210,878974,California
Alameda,2021-04-22,21475,1394324,13839,822542,7632,485430,4,86352,11434,302640,9986,587796,11462,890436,California
Alameda,2021-04-23,21879,1416203,14150,836692,7726,493156,3,86355,12246,305343,9572,597368,12275,902711,California
Alameda,2021-04-24,19033,1435236,14459,851151,4566,497722,8,86363,10072,306516,8916,606284,10089,912800,California
Alameda,2021-04-25,8946,1444182,6936,858087,2009,499731,1,86364,5835,309279,3083,609367,5846,918646,California
Alameda,2021-04-26,13827,1458009,9650,867737,4153,503884,24,86388,8598,312712,5197,614564,8630,927276,California
Alameda,2021-04-27,15809,1473818,9406,877143,6098,509982,305,86693,7459,312200,8300,622864,7788,935064,California
Alameda,2021-04-28,16010,1489828,10200,887343,5343,515325,467,87160,6266,309230,9714,632578,6744,941808,California
Alameda,2021-04-29,16779,1506607,10062,897405,6393,521718,324,87484,6009,304863,10720,643298,6353,948161,California
Alameda,2021-04-30,19496,1526103,12016,909421,7139,528857,341,87825,7900,301622,11521,654819,8280,956441,California
Alameda,2021-05-01,13986,1540089,9336,918757,4446,533303,204,88029,5222,298351,8726,663545,5455,961896,California
Alameda,2021-05-02,7042,1547131,4898,923655,1975,535278,169,88198,2876,297250,4151,667696,3050,964946,California
Alameda,2021-05-03,14422,1561553,10914,934569,3188,538466,320,88518,2821,288860,11559,679255,3169,968115,California
Alameda,2021-05-04,18261,1579814,13097,947666,4806,543272,358,88876,3641,278345,14545,693800,4030,972145,California
Alameda,2021-05-05,18319,1598133,13304,960970,4508,547780,507,89383,3752,268115,14504,708304,4274,976419,California
Alameda,2021-05-06,18613,1616746,14051,975021,3866,551646,696,90079,3608,257503,14929,723233,4317,980736,California
Alameda,2021-05-07,19117,1635863,12863,987884,5840,557486,414,90493,4361,247611,14687,737920,4795,985531,California
Alameda,2021-05-08,16461,1652324,11256,999140,4992,562478,213,90706,3098,237612,13325,751245,3326,988857,California
Alameda,2021-05-09,8515,1660839,6959,1006099,1413,563891,143,90849,1453,232170,7041,758286,1599,990456,California
Alameda,2021-05-10,10097,1670936,6892,1012991,2878,566769,327,91176,2483,227406,7582,765868,2818,993274,California
Alameda,2021-05-11,14984,1685920,8007,1020998,6678,573447,299,91475,2710,218215,12232,778100,3041,996315,California
Alameda,2021-05-12,12614,1698534,8266,1029264,3934,577381,414,91889,2623,211327,9950,788050,3062,999377,California
Alameda,2021-05-13,16755,1715289,11969,1041233,4267,581648,519,92408,5160,205483,11553,799603,5709,1005086,California
Alameda,2021-05-14,20470,1735759,13848,1055081,6146,587794,476,92884,7019,199617,13374,812977,7508,1012594,California
Alameda,2021-05-15,17050,1752809,12406,1067487,4417,592211,227,93111,5788,194417,11222,824199,6022,1018616,California
Alameda,2021-05-16,8379,1761188,7155,1074642,1132,593343,92,93203,2794,191754,5555,829754,2892,1021508,California
Alameda,2021-05-17,13365,1774553,9946,1084588,2890,596233,529,93732,4333,187633,8998,838752,4877,1026385,California
Alameda,2021-05-18,14084,1788637,10209,1094797,3451,599684,424,94156,5167,184349,8878,847630,5594,1031979,California
Alameda,2021-05-19,14339,1802976,9794,1104591,4213,603897,332,94488,6117,182629,8171,855801,6451,1038430,California
Alameda,2021-05-20,11495,1814471,7664,1112255,3400,607297,431,94919,5372,182351,6083,861884,5805,1044235,California
Alameda,2021-05-21,13527,1827998,8909,1121164,4390,611687,228,95147,4568,178245,8901,870785,4795,1049030,California
Alameda,2021-05-22,8930,1836928,6585,1127749,2201,613888,144,95291,3717,176919,5188,875973,3862,1052892,California
Alameda,2021-05-23,3777,1840705,3076,1130825,632,614520,69,95360,1175,175572,2592,878565,1245,1054137,California
Alameda,2021-05-24,6993,1847698,3985,1134810,2747,617267,261,95621,2807,174487,4156,882721,3071,1057208,California
Alameda,2021-05-25,7838,1855536,5023,1139833,2561,619828,254,95875,3531,173992,4279,887000,3784,1060992,California
Alameda,2021-05-26,8109,1863645,5057,1144890,2759,622587,293,96168,3758,173706,4333,891333,4047,1065039,California
Alameda,2021-05-27,7899,1871544,4738,1149628,2820,625407,341,96509,3506,173186,4364,895697,3844,1068883,California
Alameda,2021-05-28,5703,1877247,3091,1152719,2472,627879,140,96649,1994,171626,3695,899392,2135,1071018,California
Alpine,2020-12-18,2,2,2,2,0,0,0,0,2,2,0,0,2,2,California
Alpine,2020-12-19,2,4,2,4,0,0,0,0,2,4,0,0,2,4,California
Alpine,2020-12-21,2,6,2,6,0,0,0,0,2,6,0,0,2,6,California
Alpine,2020-12-30,14,20,0,6,14,14,0,0,14,20,0,0,14,20,California
Alpine,2020-12-31,1,21,0,6,1,15,0,0,1,21,0,0,1,21,California
Alpine,2021-01-01,1,22,0,6,1,16,0,0,1,22,0,0,1,22,California
Alpine,2021-01-02,1,23,1,7,0,16,0,0,1,23,0,0,1,23,California
Alpine,2021-01-04,10,33,0,7,10,26,0,0,10,33,0,0,10,33,California
Alpine,2021-01-05,9,42,1,8,8,34,0,0,9,42,0,0,9,42,California
Alpine,2021-01-06,31,73,0,8,31,65,0,0,31,73,0,0,31,73,California
Alpine,2021-01-07,8,81,0,8,8,73,0,0,8,81,0,0,8,81,California
Alpine,2021-01-08,4,85,2,10,2,75,0,0,2,81,2,2,2,83,California
Alpine,2021-01-09,2,87,2,12,0,75,0,0,0,79,2,4,0,83,California
Alpine,2021-01-11,32,119,1,13,31,106,0,0,31,109,1,5,31,114,California
Alpine,2021-01-13,35,154,0,13,35,141,0,0,35,144,0,5,35,149,California
Alpine,2021-01-14,1,155,0,13,1,142,0,0,1,145,0,5,1,150,California
Alpine,2021-01-15,1,156,0,13,1,143,0,0,1,146,0,5,1,151,California
Alpine,2021-01-20,21,177,0,13,21,164,0,0,21,167,0,5,21,172,California
Alpine,2021-01-21,1,178,0,13,1,165,0,0,1,168,0,5,1,173,California
Alpine,2021-01-22,33,211,0,13,33,198,0,0,33,201,0,5,33,206,California
Alpine,2021-01-23,1,212,1,14,0,198,0,0,0,200,1,6,0,206,California
Alpine,2021-01-25,16,228,0,14,16,214,0,0,16,216,0,6,16,222,California
Alpine,2021-01-27,1,229,1,15,0,214,0,0,0,215,1,7,0,222,California
Alpine,2021-01-28,1,230,0,15,1,215,0,0,0,214,1,8,0,222,California
Alpine,2021-01-29,1,231,0,15,1,216,0,0,1,215,0,8,1,223,California
Alpine,2021-02-01,25,256,0,15,25,241,0,0,7,204,18,26,7,230,California
Alpine,2021-02-03,34,290,0,15,34,275,0,0,10,190,24,50,10,240,California
Alpine,2021-02-04,8,298,0,15,8,283,0,0,3,188,5,55,3,243,California
Alpine,2021-02-05,31,329,0,15,31,314,0,0,12,181,19,74,12,255,California
Alpine,2021-02-08,32,361,0,15,32,346,0,0,4,157,28,102,4,259,California
Alpine,2021-02-10,34,395,0,15,34,380,0,0,0,123,34,136,0,259,California
Alpine,2021-02-11,6,401,0,15,6,386,0,0,3,123,3,139,3,262,California
Alpine,2021-02-12,1,402,0,15,1,387,0,0,0,122,1,140,0,262,California
Alpine,2021-02-17,23,425,0,15,23,410,0,0,3,105,20,160,3,265,California
Alpine,2021-02-18,2,427,0,15,2,412,0,0,1,105,1,161,1,266,California
Alpine,2021-02-19,34,461,1,16,33,445,0,0,2,75,32,193,2,268,California
Alpine,2021-02-22,27,488,0,16,27,472,0,0,8,64,19,212,8,276,California
Alpine,2021-02-24,1,489,1,17,0,472,0,0,1,65,0,212,1,277,California
Alpine,2021-02-25,6,495,1,18,5,477,0,0,6,71,0,212,6,283,California
Alpine,2021-02-26,30,525,1,19,29,506,0,0,29,99,1,213,29,312,California
Alpine,2021-02-27,1,526,0,19,1,507,0,0,1,100,0,213,1,313,California
Alpine,2021-03-01,36,562,0,19,36,543,0,0,26,116,10,223,26,339,California
Alpine,2021-03-03,29,591,0,19,29,572,0,0,18,123,11,234,18,357,California
Alpine,2021-03-04,11,602,1,20,10,582,0,0,11,134,0,234,11,368,California
Alpine,2021-03-05,30,632,0,20,30,612,0,0,22,148,8,242,22,390,California
Alpine,2021-03-08,31,663,0,20,31,643,0,0,29,175,2,244,29,419,California
Alpine,2021-03-10,73,736,0,20,73,716,0,0,73,248,0,244,73,492,California
Alpine,2021-03-11,35,771,0,20,35,751,0,0,31,275,4,248,31,523,California
Alpine,2021-03-12,19,790,0,20,19,770,0,0,17,290,2,250,17,540,California
Alpine,2021-03-15,21,811,1,21,20,790,0,0,20,309,1,251,20,560,California
Alpine,2021-03-17,23,834,0,21,22,812,1,1,19,325,4,255,20,580,California
Alpine,2021-03-18,38,872,3,24,35,847,0,1,35,357,3,258,35,615,California
Alpine,2021-03-19,2,874,1,25,1,848,0,1,1,357,1,259,1,616,California
Alpine,2021-03-22,24,898,0,25,24,872,0,1,15,363,9,268,15,631,California
Alpine,2021-03-24,19,917,0,25,19,891,0,1,8,360,11,279,8,639,California
Alpine,2021-03-25,35,952,1,26,33,924,1,2,28,382,7,286,29,668,California
Alpine,2021-03-27,1,953,0,26,1,925,0,2,0,381,1,287,0,668,California
Alpine,2021-03-28,1,954,1,27,0,925,0,2,1,382,0,287,1,669,California
Alpine,2021-03-29,19,973,0,27,18,943,1,3,2,368,17,304,3,672,California
Alpine,2021-04-01,18,991,0,27,18,961,0,3,8,366,10,314,8,680,California
Alpine,2021-04-02,101,1092,1,28,100,1061,0,3,46,358,54,368,46,726,California
Alpine,2021-04-05,4,1096,1,29,3,1064,0,3,0,354,4,372,0,726,California
Alpine,2021-04-06,3,1099,2,31,1,1065,0,3,2,355,1,373,2,728,California
Alpine,2021-04-07,117,1216,0,31,116,1181,1,4,30,300,86,459,31,759,California
Alpine,2021-04-08,36,1252,0,31,35,1216,1,5,10,285,26,485,11,770,California
Alpine,2021-04-09,2,1254,0,31,2,1218,0,5,2,287,0,485,2,772,California
Alpine,2021-04-14,47,1301,0,31,47,1265,0,5,10,260,37,522,10,782,California
Alpine,2021-04-15,35,1336,0,31,35,1300,0,5,3,231,32,554,3,785,California
Alpine,2021-04-16,1,1337,0,31,1,1301,0,5,1,232,0,554,1,786,California
Alpine,2021-04-19,1,1338,0,31,1,1302,0,5,1,233,0,554,1,787,California
Alpine,2021-04-21,31,1369,0,31,31,1333,0,5,15,232,16,570,15,802,California
Alpine,2021-04-22,24,1393,0,31,24,1357,0,5,1,210,23,593,1,803,California
Alpine,2021-04-24,2,1395,2,33,0,1357,0,5,0,209,2,595,1,804,California
Alpine,2021-04-25,1,1396,1,34,0,1357,0,5,0,208,1,596,0,804,California
Alpine,2021-04-27,2,1398,1,35,1,1358,0,5,1,208,1,597,1,805,California
Alpine,2021-04-28,36,1434,0,35,36,1394,0,5,6,184,30,627,6,811,California
Alpine,2021-04-29,7,1441,1,36,6,1400,0,5,1,179,6,633,1,812,California
Alpine,2021-04-30,2,1443,1,37,0,1400,1,6,1,180,1,634,2,814,California
Alpine,2021-05-02,1,1444,0,37,0,1400,1,7,0,180,1,635,1,815,California
Alpine,2021-05-05,17,1461,0,37,17,1417,0,7,4,171,13,648,4,819,California
Alpine,2021-05-06,8,1469,0,37,8,1425,0,7,0,163,8,656,0,819,California
Alpine,2021-05-07,1,1470,0,37,1,1426,0,7,0,162,1,657,0,819,California
Alpine,2021-05-10,1,1471,0,37,1,1427,0,7,1,163,0,657,1,820,California
Alpine,2021-05-12,1,1472,0,37,0,1427,1,8,0,163,1,658,1,821,California
Alpine,2021-05-13,3,1475,0,37,3,1430,0,8,0,160,3,661,0,821,California
Alpine,2021-05-17,2,1477,0,37,2,1432,0,8,1,160,1,662,1,822,California
Alpine,2021-05-18,1,1478,0,37,1,1433,0,8,1,161,0,662,1,823,California
Alpine,2021-05-19,15,1493,0,37,15,1448,0,8,0,146,15,677,0,823,California
Alpine,2021-05-20,1,1494,1,38,0,1448,0,8,0,145,1,678,0,823,California
Alpine,2021-05-21,1,1495,1,39,0,1448,0,8,0,144,1,679,0,823,California
Alpine,2021-05-25,2,1497,0,39,2,1450,0,8,0,142,2,681,0,823,California
Alpine,2021-05-27,1,1498,0,39,1,1451,0,8,1,143,0,681,1,824,California
Amador,2020-12-16,2,2,2,2,0,0,0,0,2,2,0,0,2,2,California
Amador,2020-12-17,5,7,5,7,0,0,0,0,5,7,0,0,5,7,California
Amador,2020-12-18,45,52,45,52,0,0,0,0,45,52,0,0,45,52,California
Amador,2020-12-19,17,69,17,69,0,0,0,0,17,69,0,0,17,69,California
Amador,2020-12-20,4,73,4,73,0,0,0,0,4,73,0,0,4,73,California
Amador,2020-12-21,31,104,31,104,0,0,0,0,31,104,0,0,31,104,California
Amador,2020-12-22,35,139,34,138,1,1,0,0,35,139,0,0,35,139,California
Amador,2020-12-23,39,178,38,176,1,2,0,0,39,178,0,0,39,178,California
Amador,2020-12-24,5,183,3,179,2,4,0,0,5,183,0,0,5,183,California
Amador,2020-12-26,5,188,4,183,1,5,0,0,5,188,0,0,5,188,California
Amador,2020-12-27,1,189,0,183,1,6,0,0,1,189,0,0,1,189,California
Amador,2020-12-28,31,220,27,210,4,10,0,0,31,220,0,0,31,220,California
Amador,2020-12-29,26,246,19,229,7,17,0,0,26,246,0,0,26,246,California
Amador,2020-12-30,124,370,78,307,46,63,0,0,124,370,0,0,124,370,California
Amador,2020-12-31,192,562,167,474,25,88,0,0,192,562,0,0,192,562,California
Amador,2021-01-01,2,564,0,474,2,90,0,0,2,564,0,0,2,564,California
Amador,2021-01-02,56,620,56,530,0,90,0,0,56,620,0,0,56,620,California
Amador,2021-01-03,65,685,17,547,48,138,0,0,65,685,0,0,65,685,California
Amador,2021-01-04,124,809,1,548,123,261,0,0,124,809,0,0,124,809,California
Amador,2021-01-05,33,842,3,551,30,291,0,0,31,839,2,2,32,841,California
Amador,2021-01-06,40,882,10,561,30,321,0,0,36,871,4,6,36,877,California
Amador,2021-01-07,230,1112,69,630,161,482,0,0,218,1077,12,18,218,1095,California
Amador,2021-01-08,85,1197,70,700,15,497,0,0,41,1075,44,62,42,1137,California
Amador,2021-01-09,11,1208,11,711,0,497,0,0,2,1068,9,71,2,1139,California
Amador,2021-01-10,6,1214,4,715,2,499,0,0,2,1066,4,75,2,1141,California
Amador,2021-01-11,125,1339,44,759,81,580,0,0,88,1118,37,112,89,1230,California
Amador,2021-01-12,64,1403,49,808,15,595,0,0,40,1134,24,136,40,1270,California
Amador,2021-01-13,40,1443,24,832,16,611,0,0,28,1150,12,148,28,1298,California
Amador,2021-01-14,150,1593,22,854,128,739,0,0,140,1281,10,158,141,1439,California
Amador,2021-01-15,60,1653,25,879,35,774,0,0,52,1325,8,166,52,1491,California
Amador,2021-01-16,18,1671,11,890,7,781,0,0,12,1332,6,172,13,1504,California
Amador,2021-01-17,25,1696,5,895,20,801,0,0,25,1357,0,172,25,1529,California
Amador,2021-01-18,31,1727,27,922,4,805,0,0,9,1344,22,194,9,1538,California
Amador,2021-01-19,125,1852,100,1022,25,830,0,0,81,1381,44,238,81,1619,California
Amador,2021-01-20,184,2036,34,1056,150,980,0,0,168,1534,15,253,168,1787,California
Amador,2021-01-21,259,2295,228,1284,31,1011,0,0,148,1572,111,364,149,1936,California
Amador,2021-01-22,137,2432,74,1358,63,1074,0,0,130,1695,7,371,130,2066,California
Amador,2021-01-23,52,2484,32,1390,20,1094,0,0,50,1743,2,373,50,2116,California
Amador,2021-01-24,29,2513,12,1402,17,1111,0,0,26,1766,3,376,26,2142,California
Amador,2021-01-25,59,2572,28,1430,31,1142,0,0,42,1791,17,393,42,2184,California
Amador,2021-01-26,245,2817,17,1447,228,1370,0,0,235,2016,10,403,235,2419,California
Amador,2021-01-27,301,3118,32,1479,269,1639,0,0,254,2226,45,448,255,2674,California
Amador,2021-01-28,369,3487,97,1576,272,1911,0,0,288,2434,81,529,289,2963,California
Amador,2021-01-29,97,3584,32,1608,65,1976,0,0,82,2501,15,544,82,3045,California
Amador,2021-01-30,169,3753,37,1645,132,2108,0,0,164,2660,5,549,164,3209,California
Amador,2021-01-31,32,3785,28,1673,4,2112,0,0,31,2690,1,550,31,3240,California
Amador,2021-02-01,63,3848,23,1696,40,2152,0,0,36,2699,27,577,36,3276,California
Amador,2021-02-02,213,4061,64,1760,149,2301,0,0,127,2743,83,660,127,3403,California
Amador,2021-02-03,142,4203,39,1799,103,2404,0,0,91,2784,50,710,91,3494,California
Amador,2021-02-04,251,4454,74,1873,177,2581,0,0,164,2863,87,797,166,3660,California
Amador,2021-02-05,332,4786,64,1937,268,2849,0,0,316,3163,16,813,316,3976,California
Amador,2021-02-06,99,4885,80,2017,19,2868,0,0,95,3254,4,817,95,4071,California
Amador,2021-02-07,39,4924,35,2052,4,2872,0,0,35,3286,4,821,36,4107,California
Amador,2021-02-08,90,5014,62,2114,28,2900,0,0,73,3342,17,838,73,4180,California
Amador,2021-02-09,175,5189,82,2196,93,2993,0,0,109,3385,66,904,109,4289,California
Amador,2021-02-10,980,6169,80,2276,900,3893,0,0,946,4297,34,938,946,5235,California
Amador,2021-02-11,310,6479,120,2396,190,4083,0,0,199,4387,109,1047,199,5434,California
Amador,2021-02-12,331,6810,122,2518,209,4292,0,0,257,4570,74,1121,257,5691,California
Amador,2021-02-13,168,6978,82,2600,86,4378,0,0,142,4686,26,1147,142,5833,California
Amador,2021-02-14,123,7101,54,2654,69,4447,0,0,106,4775,17,1164,106,5939,California
Amador,2021-02-15,188,7289,61,2715,127,4574,0,0,171,4930,16,1180,171,6110,California
Amador,2021-02-16,465,7754,53,2768,412,4986,0,0,426,5318,39,1219,427,6537,California
Amador,2021-02-17,263,8017,84,2852,179,5165,0,0,166,5387,97,1316,166,6703,California
Amador,2021-02-18,397,8414,99,2951,298,5463,0,0,333,5656,64,1380,333,7036,California
Amador,2021-02-19,195,8609,77,3028,118,5581,0,0,111,5683,84,1464,111,7147,California
Amador,2021-02-20,95,8704,33,3061,62,5643,0,0,67,5722,28,1492,67,7214,California
Amador,2021-02-21,45,8749,34,3095,11,5654,0,0,14,5705,31,1523,14,7228,California
Amador,2021-02-22,65,8814,25,3120,40,5694,0,0,32,5705,32,1555,32,7260,California
Amador,2021-02-23,320,9134,54,3174,266,5960,0,0,140,5665,180,1735,140,7400,California
Amador,2021-02-24,397,9531,58,3232,339,6299,0,0,264,5800,129,1864,264,7664,California
Amador,2021-02-25,524,10055,119,3351,405,6704,0,0,278,5833,245,2109,278,7942,California
Amador,2021-02-26,623,10678,76,3427,547,7251,0,0,509,6228,114,2223,509,8451,California
Amador,2021-02-27,292,10970,93,3520,199,7450,0,0,101,6141,190,2413,103,8554,California
Amador,2021-02-28,104,11074,53,3573,51,7501,0,0,58,6155,46,2459,60,8614,California
Amador,2021-03-01,190,11264,67,3640,123,7624,0,0,121,6208,69,2528,122,8736,California
Amador,2021-03-02,381,11645,63,3703,318,7942,0,0,332,6492,49,2577,333,9069,California
Amador,2021-03-03,243,11888,79,3782,164,8106,0,0,167,6585,75,2652,168,9237,California
Amador,2021-03-04,497,12385,116,3898,381,8487,0,0,394,6877,102,2754,394,9631,California
Amador,2021-03-05,513,12898,77,3975,436,8923,0,0,294,6955,218,2972,296,9927,California
Amador,2021-03-06,99,12997,46,4021,52,8975,1,1,54,6965,45,3017,55,9982,California
Amador,2021-03-07,65,13062,44,4065,21,8996,0,1,22,6944,43,3060,22,10004,California
Amador,2021-03-08,153,13215,71,4136,81,9077,1,2,92,6976,61,3121,93,10097,California
Amador,2021-03-09,373,13588,50,4186,323,9400,0,2,293,7192,77,3198,293,10390,California
Amador,2021-03-10,516,14104,77,4263,437,9837,2,4,112,6904,404,3602,116,10506,California
Amador,2021-03-11,475,14579,118,4381,346,10183,11,15,300,7044,174,3776,314,10820,California
Amador,2021-03-12,568,15147,66,4447,495,10678,7,22,337,7163,230,4006,349,11169,California
Amador,2021-03-13,115,15262,18,4465,90,10768,7,29,74,7207,41,4047,85,11254,California
Amador,2021-03-14,89,15351,19,4484,67,10835,3,32,21,7163,68,4115,24,11278,California
Amador,2021-03-15,180,15531,26,4510,147,10982,7,39,55,7101,125,4240,63,11341,California
Amador,2021-03-16,453,15984,54,4564,389,11371,10,49,139,6938,312,4552,149,11490,California
Amador,2021-03-17,196,16180,43,4607,150,11521,3,52,117,6980,79,4631,121,11611,California
Amador,2021-03-18,478,16658,101,4708,373,11894,4,56,252,7014,226,4857,260,11871,California
Amador,2021-03-19,541,17199,56,4764,468,12362,17,73,391,7277,148,5005,411,12282,California
Amador,2021-03-20,110,17309,46,4810,63,12425,1,74,46,7263,63,5068,49,12331,California
Amador,2021-03-21,48,17357,36,4846,11,12436,1,75,31,7281,16,5084,34,12365,California
Amador,2021-03-22,116,17473,34,4880,53,12489,29,104,52,7298,64,5148,81,12446,California
Amador,2021-03-23,434,17907,47,4927,380,12869,7,111,275,7423,158,5306,283,12729,California
Amador,2021-03-24,343,18250,36,4963,54,12923,253,364,35,7404,307,5613,288,13017,California
Amador,2021-03-25,607,18857,85,5048,516,13439,6,370,395,7594,211,5824,401,13418,California
Amador,2021-03-26,745,19602,44,5092,695,14134,6,376,281,7422,462,6286,290,13708,California
Amador,2021-03-27,90,19692,15,5107,73,14207,2,378,27,7390,63,6349,31,13739,California
Amador,2021-03-28,70,19762,16,5123,52,14259,2,380,12,7348,57,6406,15,13754,California
Amador,2021-03-29,182,19944,27,5150,154,14413,1,381,81,7336,99,6505,87,13841,California
Amador,2021-03-30,535,20479,28,5178,506,14919,1,382,294,7391,240,6745,295,14136,California
Amador,2021-03-31,199,20678,57,5235,137,15056,5,387,43,7284,155,6900,48,14184,California
Amador,2021-04-01,614,21292,87,5322,527,15583,0,387,263,7200,349,7249,265,14449,California
Amador,2021-04-02,607,21899,38,5360,557,16140,12,399,381,7370,225,7474,395,14844,California
Amador,2021-04-03,84,21983,21,5381,43,16183,20,419,21,7350,63,7537,43,14887,California
Amador,2021-04-04,38,22021,3,5384,29,16212,6,425,15,7348,23,7560,21,14908,California
Amador,2021-04-05,145,22166,52,5436,76,16288,17,442,49,7321,95,7655,68,14976,California
Amador,2021-04-06,502,22668,38,5474,446,16734,18,460,222,7283,278,7933,240,15216,California
Amador,2021-04-07,98,22766,34,5508,45,16779,19,479,41,7288,55,7988,60,15276,California
Amador,2021-04-08,496,23262,86,5594,389,17168,21,500,222,7258,273,8261,243,15519,California
Amador,2021-04-09,481,23743,20,5614,442,17610,19,519,211,7217,269,8530,228,15747,California
Amador,2021-04-10,50,23793,14,5628,27,17637,9,528,22,7220,28,8558,31,15778,California
Amador,2021-04-11,50,23843,25,5653,21,17658,4,532,23,7221,26,8584,27,15805,California
Amador,2021-04-12,98,23941,26,5679,62,17720,10,542,42,7217,56,8640,52,15857,California
Amador,2021-04-13,344,24285,50,5729,294,18014,0,542,67,7008,276,8916,67,15924,California
Amador,2021-04-14,281,24566,27,5756,254,18268,0,542,176,7082,102,9018,176,16100,California
Amador,2021-04-15,332,24898,74,5830,258,18526,0,542,72,6899,255,9273,72,16172,California
Amador,2021-04-16,482,25380,29,5859,453,18979,0,542,385,7188,96,9369,385,16557,California
Amador,2021-04-17,60,25440,34,5893,26,19005,0,542,25,7178,35,9404,25,16582,California
Amador,2021-04-18,26,25466,6,5899,20,19025,0,542,11,7175,14,9418,11,16593,California
Amador,2021-04-19,69,25535,27,5926,42,19067,0,542,30,7169,38,9456,32,16625,California
Amador,2021-04-20,436,25971,55,5981,381,19448,0,542,111,6964,318,9774,113,16738,California
Amador,2021-04-21,85,26056,33,6014,52,19500,0,542,43,6966,41,9815,43,16781,California
Amador,2021-04-22,497,26553,78,6092,418,19918,1,543,104,6685,386,10201,105,16886,California
Amador,2021-04-23,358,26911,46,6138,312,20230,0,543,286,6902,71,10272,288,17174,California
Amador,2021-04-24,48,26959,24,6162,24,20254,0,543,27,6909,20,10292,27,17201,California
Amador,2021-04-25,41,27000,19,6181,22,20276,0,543,29,6926,12,10304,29,17230,California
Amador,2021-04-26,86,27086,26,6207,59,20335,1,544,40,6922,45,10349,41,17271,California
Amador,2021-04-27,490,27576,38,6245,451,20786,1,545,87,6610,401,10750,89,17360,California
Amador,2021-04-28,67,27643,29,6274,34,20820,4,549,39,6625,28,10778,43,17403,California
Amador,2021-04-29,222,27865,69,6343,44,20864,109,658,64,6639,158,10936,172,17575,California
Amador,2021-04-30,338,28203,26,6369,308,21172,4,662,95,6495,243,11179,99,17674,California
Amador,2021-05-01,42,28245,16,6385,22,21194,4,666,22,6503,18,11197,26,17700,California
Amador,2021-05-02,26,28271,14,6399,9,21203,3,669,9,6499,17,11214,13,17713,California
Amador,2021-05-03,67,28338,33,6432,24,21227,10,679,27,6496,40,11254,37,17750,California
Amador,2021-05-04,465,28803,26,6458,432,21659,7,686,68,6174,397,11651,75,17825,California
Amador,2021-05-05,201,29004,153,6611,39,21698,9,695,162,6306,39,11690,171,17996,California
Amador,2021-05-06,108,29112,54,6665,49,21747,5,700,63,6331,43,11733,68,18064,California
Amador,2021-05-07,126,29238,29,6694,90,21837,7,707,66,6344,60,11793,73,18137,California
Amador,2021-05-08,41,29279,8,6702,30,21867,3,710,20,6346,21,11814,23,18160,California
Amador,2021-05-09,15,29294,0,6702,9,21876,6,716,4,6345,11,11825,10,18170,California
Amador,2021-05-10,62,29356,15,6717,44,21920,3,719,26,6338,36,11861,29,18199,California
Amador,2021-05-11,102,29458,34,6751,42,21962,26,745,45,6352,57,11918,71,18270,California
Amador,2021-05-12,63,29521,21,6772,41,22003,1,746,29,6348,34,11952,30,18300,California
Amador,2021-05-13,73,29594,39,6811,28,22031,6,752,36,6355,35,11987,42,18342,California
Amador,2021-05-14,395,29989,35,6846,356,22387,4,756,87,6138,308,12295,91,18433,California
Amador,2021-05-15,51,30040,20,6866,20,22407,11,767,23,6145,28,12323,35,18468,California
Amador,2021-05-16,38,30078,15,6881,23,22430,0,767,17,6141,21,12344,17,18485,California
Amador,2021-05-17,75,30153,22,6903,51,22481,2,769,36,6141,38,12382,38,18523,California
Amador,2021-05-18,247,30400,169,7072,43,22524,35,804,163,6256,83,12465,198,18721,California
Amador,2021-05-19,73,30473,22,7094,47,22571,4,808,33,6256,39,12504,39,18760,California
Amador,2021-05-20,79,30552,45,7139,31,22602,3,811,31,6243,47,12551,34,18794,California
Amador,2021-05-21,266,30818,29,7168,235,22837,2,813,40,6059,226,12777,42,18836,California
Amador,2021-05-22,41,30859,16,7184,20,22857,5,818,16,6055,25,12802,21,18857,California
Amador,2021-05-23,23,30882,7,7191,15,22872,1,819,8,6049,15,12817,9,18866,California
Amador,2021-05-24,86,30968,28,7219,46,22918,12,831,40,6056,45,12862,52,18918,California
Amador,2021-05-25,140,31108,88,7307,27,22945,25,856,82,6107,56,12918,107,19025,California
Amador,2021-05-26,204,31312,161,7468,37,22982,6,862,42,5993,161,13079,47,19072,California
Amador,2021-05-27,65,31377,30,7498,27,23009,8,870,20,5976,45,13124,28,19100,California
Amador,2021-05-28,23,31400,5,7503,15,23024,3,873,5,5966,18,13142,8,19108,California
Butte,2020-12-16,3,3,3,3,0,0,0,0,3,3,0,0,3,3,California
Butte,2020-12-17,21,24,21,24,0,0,0,0,21,24,0,0,21,24,California
Butte,2020-12-18,50,74,50,74,0,0,0,0,50,74,0,0,50,74,California
Butte,2020-12-19,7,81,7,81,0,0,0,0,7,81,0,0,7,81,California
Butte,2020-12-20,10,91,10,91,0,0,0,0,10,91,0,0,10,91,California
Butte,2020-12-21,634,725,634,725,0,0,0,0,634,725,0,0,634,725,California
Butte,2020-12-22,619,1344,617,1342,2,2,0,0,619,1344,0,0,619,1344,California
Butte,2020-12-23,878,2222,862,2204,16,18,0,0,878,2222,0,0,878,2222,California
Butte,2020-12-24,159,2381,155,2359,4,22,0,0,159,2381,0,0,159,2381,California
Butte,2020-12-26,93,2474,91,2450,2,24,0,0,93,2474,0,0,93,2474,California
Butte,2020-12-27,35,2509,34,2484,1,25,0,0,35,2509,0,0,35,2509,California
Butte,2020-12-28,279,2788,273,2757,6,31,0,0,279,2788,0,0,279,2788,California
Butte,2020-12-29,202,2990,178,2935,24,55,0,0,202,2990,0,0,202,2990,California
Butte,2020-12-30,514,3504,291,3226,223,278,0,0,514,3504,0,0,514,3504,California
Butte,2020-12-31,211,3715,18,3244,193,471,0,0,211,3715,0,0,211,3715,California
Butte,2021-01-01,8,3723,1,3245,7,478,0,0,8,3723,0,0,8,3723,California
Butte,2021-01-02,41,3764,38,3283,3,481,0,0,41,3764,0,0,41,3764,California
Butte,2021-01-03,3,3767,0,3283,3,484,0,0,3,3767,0,0,3,3767,California
Butte,2021-01-04,208,3975,175,3458,33,517,0,0,208,3975,0,0,208,3975,California
Butte,2021-01-05,197,4172,152,3610,45,562,0,0,196,4170,1,1,196,4171,California
Butte,2021-01-06,624,4796,397,4007,227,789,0,0,619,4785,5,6,620,4791,California
Butte,2021-01-07,761,5557,369,4376,392,1181,0,0,741,5506,20,26,741,5532,California
Butte,2021-01-08,670,6227,530,4906,140,1321,0,0,624,6084,46,72,624,6156,California
Butte,2021-01-09,12,6239,7,4913,5,1326,0,0,7,6086,5,77,7,6163,California
Butte,2021-01-10,19,6258,5,4918,14,1340,0,0,14,6095,5,82,14,6177,California
Butte,2021-01-11,985,7243,949,5867,36,1376,0,0,357,5827,628,710,360,6537,California
Butte,2021-01-12,698,7941,653,6520,45,1421,0,0,274,5677,424,1134,274,6811,California
Butte,2021-01-13,1569,9510,1075,7595,494,1915,0,0,731,5572,838,1972,733,7544,California
Butte,2021-01-14,1633,11143,892,8487,741,2656,0,0,1437,6814,195,2167,1437,8981,California
Butte,2021-01-15,1054,12197,813,9300,241,2897,0,0,945,7649,110,2277,945,9926,California
Butte,2021-01-16,586,12783,300,9600,286,3183,0,0,541,8145,45,2322,541,10467,California
Butte,2021-01-17,238,13021,64,9664,174,3357,0,0,201,8309,37,2359,201,10668,California
Butte,2021-01-18,344,13365,302,9966,42,3399,0,0,276,8518,67,2426,276,10944,California
Butte,2021-01-19,495,13860,432,10398,63,3462,0,0,223,8469,272,2698,223,11167,California
Butte,2021-01-20,1368,15228,688,11086,680,4142,0,0,1065,9231,303,3001,1065,12232,California
Butte,2021-01-21,1475,16703,867,11953,608,4750,0,0,1367,10491,107,3108,1367,13599,California
Butte,2021-01-22,1137,17840,478,12431,659,5409,0,0,1084,11522,53,3161,1084,14683,California
Butte,2021-01-23,127,17967,85,12516,42,5451,0,0,101,11597,26,3187,101,14784,California
Butte,2021-01-24,9,17976,7,12523,2,5453,0,0,9,11606,0,3187,9,14793,California
Butte,2021-01-25,655,18631,335,12858,320,5773,0,0,492,11935,163,3350,492,15285,California
Butte,2021-01-26,1469,20100,377,13235,1092,6865,0,0,1332,13130,137,3487,1332,16617,California
Butte,2021-01-27,2097,22197,705,13940,1392,8257,0,0,1366,13766,730,4217,1366,17983,California
Butte,2021-01-28,2263,24460,262,14202,2001,10258,0,0,1951,15406,311,4528,1951,19934,California
Butte,2021-01-29,1685,26145,486,14688,1199,11457,0,0,1308,16338,376,4904,1308,21242,California
Butte,2021-01-30,31,26176,8,14696,23,11480,0,0,29,16365,2,4906,29,21271,California
Butte,2021-01-31,16,26192,14,14710,2,11482,0,0,15,16379,1,4907,15,21286,California
Butte,2021-02-01,1749,27941,406,15116,1343,12825,0,0,1361,17354,386,5293,1361,22647,California
Butte,2021-02-02,1931,29872,363,15479,1568,14393,0,0,1628,18678,304,5597,1628,24275,California
Butte,2021-02-03,2741,32613,777,16256,1964,16357,0,0,1849,19637,890,6487,1849,26124,California
Butte,2021-02-04,2958,35571,324,16580,2634,18991,0,0,2402,21485,554,7041,2402,28526,California
Butte,2021-02-05,1274,36845,667,17247,607,19598,0,0,553,21318,721,7762,554,29080,California
Butte,2021-02-06,145,36990,104,17351,41,19639,0,0,63,21299,82,7844,63,29143,California
Butte,2021-02-07,37,37027,33,17384,4,19643,0,0,13,21288,24,7868,13,29156,California
Butte,2021-02-08,699,37726,548,17932,151,19794,0,0,242,21073,457,8325,242,29398,California
Butte,2021-02-09,953,38679,459,18391,494,20288,0,0,723,21566,230,8555,723,30121,California
Butte,2021-02-10,1706,40385,1190,19581,516,20804,0,0,675,21212,1029,9584,675,30796,California
Butte,2021-02-11,2202,42587,1347,20928,855,21659,0,0,1005,21020,1197,10781,1005,31801,California
Butte,2021-02-12,1003,43590,436,21364,567,22226,0,0,330,20678,672,11453,330,32131,California
Butte,2021-02-13,251,43841,43,21407,208,22434,0,0,150,20727,101,11554,150,32281,California
Butte,2021-02-14,160,44001,9,21416,151,22585,0,0,156,20879,4,11558,156,32437,California
Butte,2021-02-15,263,44264,47,21463,216,22801,0,0,198,21012,65,11623,198,32635,California
Butte,2021-02-16,732,44996,432,21895,300,23101,0,0,276,20831,457,12080,276,32911,California
Butte,2021-02-17,1516,46512,849,22744,667,23768,0,0,842,21001,672,12752,842,33753,California
Butte,2021-02-18,1559,48071,763,23507,796,24564,0,0,749,20940,810,13562,749,34502,California
Butte,2021-02-19,1169,49240,389,23896,780,25344,0,0,402,20582,760,14322,402,34904,California
Butte,2021-02-20,478,49718,32,23928,446,25790,0,0,125,20355,352,14674,125,35029,California
Butte,2021-02-21,18,49736,16,23944,2,25792,0,0,13,20363,5,14679,13,35042,California
Butte,2021-02-22,1501,51237,297,24241,1204,26996,0,0,378,19621,1120,15799,378,35420,California
Butte,2021-02-23,1635,52872,297,24538,1338,28334,0,0,463,18917,1167,16966,463,35883,California
Butte,2021-02-24,2138,55010,598,25136,1540,29874,0,0,726,18239,1404,18370,726,36609,California
Butte,2021-02-25,2076,57086,577,25713,1499,31373,0,0,656,17481,1415,19785,657,37266,California
Butte,2021-02-26,920,58006,311,26024,609,31982,0,0,396,17356,521,20306,396,37662,California
Butte,2021-02-27,237,58243,50,26074,187,32169,0,0,186,17493,49,20355,186,37848,California
Butte,2021-02-28,139,58382,16,26090,123,32292,0,0,131,17616,8,20363,131,37979,California
Butte,2021-03-01,1629,60011,177,26267,1451,33743,1,1,329,16649,1297,21660,330,38309,California
Butte,2021-03-02,1749,61760,198,26465,1551,35294,0,1,312,15528,1433,23093,312,38621,California
Butte,2021-03-03,2788,64548,851,27316,1937,37231,0,1,482,13707,2304,25397,483,39104,California
Butte,2021-03-04,3152,67700,683,27999,2469,39700,0,1,628,11812,2523,27920,628,39732,California
Butte,2021-03-05,1354,69054,616,28615,737,40437,1,2,737,11937,613,28533,738,40470,California
Butte,2021-03-06,247,69301,27,28642,197,40634,23,25,186,12086,60,28593,209,40679,California
Butte,2021-03-07,54,69355,3,28645,34,40668,17,42,29,12107,25,28618,46,40725,California
Butte,2021-03-08,1267,70622,129,28774,1060,41728,78,120,1101,13123,163,28781,1179,41904,California
Butte,2021-03-09,1902,72524,284,29058,1515,43243,103,223,1412,14151,487,29268,1515,43419,California
Butte,2021-03-10,2318,74842,966,30024,1251,44494,101,324,1577,15092,736,30004,1677,45096,California
Butte,2021-03-11,2812,77654,1319,31343,1367,45861,126,450,1982,16381,819,30823,2108,47204,California
Butte,2021-03-12,1147,78801,330,31673,468,46329,349,799,356,16302,785,31608,706,47910,California
Butte,2021-03-13,255,79056,69,31742,137,46466,49,848,62,16220,193,31801,111,48021,California
Butte,2021-03-14,162,79218,16,31758,104,46570,42,890,20,16141,141,31942,62,48083,California
Butte,2021-03-15,1742,80960,359,32117,1089,47659,294,1184,1147,16994,588,32530,1441,49524,California
Butte,2021-03-16,1653,82613,416,32533,1159,48818,78,1262,1113,17647,537,33067,1190,50714,California
Butte,2021-03-17,1957,84570,1358,33891,518,49336,81,1343,1138,18054,811,33878,1218,51932,California
Butte,2021-03-18,1811,86381,1466,35357,216,49552,129,1472,1065,18507,740,34618,1193,53125,California
Butte,2021-03-19,702,87083,314,35671,304,49856,84,1556,348,18595,344,34962,432,53557,California
Butte,2021-03-20,207,87290,32,35703,159,50015,16,1572,95,18594,112,35074,111,53668,California
Butte,2021-03-21,58,87348,27,35730,2,50017,29,1601,15,18595,43,35117,44,53712,California
Butte,2021-03-22,1484,88832,352,36082,1038,51055,94,1695,1220,19647,262,35379,1314,55026,California
Butte,2021-03-23,1827,90659,493,36575,1220,52275,114,1809,1476,20889,348,35727,1590,56616,California
Butte,2021-03-24,2266,92925,1269,37844,871,53146,126,1935,1717,22186,545,36272,1842,58458,California
Butte,2021-03-25,1485,94410,1201,39045,192,53338,92,2027,1018,22833,463,36735,1110,59568,California
Butte,2021-03-26,1208,95618,441,39486,521,53859,246,2273,560,22999,640,37375,806,60374,California
Butte,2021-03-27,302,95920,85,39571,193,54052,24,2297,136,22994,163,37538,158,60532,California
Butte,2021-03-28,227,96147,44,39615,175,54227,8,2305,103,22983,121,37659,110,60642,California
Butte,2021-03-29,1759,97906,381,39996,1308,55535,70,2375,1342,23983,412,38071,1412,62054,California
Butte,2021-03-30,1040,98946,471,40467,479,56014,90,2465,493,24025,541,38612,583,62637,California
Butte,2021-03-31,1779,100725,1304,41771,408,56422,67,2532,1088,24495,685,39297,1155,63792,California
Butte,2021-04-01,3329,104054,2706,44477,496,56918,127,2659,2259,25818,1064,40361,2387,66179,California
Butte,2021-04-02,1003,105057,419,44896,464,57382,120,2779,566,26073,429,40790,684,66863,California
Butte,2021-04-03,347,105404,46,44942,226,57608,75,2854,164,26129,183,40973,239,67102,California
Butte,2021-04-04,188,105592,24,44966,141,57749,23,2877,110,26186,76,41049,133,67235,California
Butte,2021-04-05,1971,107563,420,45386,1379,59128,172,3049,594,25594,1368,42417,776,68011,California
Butte,2021-04-06,2200,109763,616,46002,1161,60289,423,3472,798,25417,1396,43813,1219,69230,California
Butte,2021-04-07,3031,112794,1313,47315,1325,61614,393,3865,706,24205,2319,46132,1107,70337,California
Butte,2021-04-08,2732,115526,1190,48505,1276,62890,266,4131,443,22632,2286,48418,713,71050,California
Butte,2021-04-09,1373,116899,352,48857,541,63431,480,4611,328,22397,1041,49459,806,71856,California
Butte,2021-04-10,223,117122,48,48905,77,63508,98,4709,100,22471,123,49582,197,72053,California
Butte,2021-04-11,106,117228,44,48949,52,63560,10,4719,82,22540,23,49605,92,72145,California
Butte,2021-04-12,1407,118635,314,49263,960,64520,133,4852,233,21732,1174,50779,366,72511,California
Butte,2021-04-13,1642,120277,572,49835,1064,65584,6,4858,336,20775,1299,52078,342,72853,California
Butte,2021-04-14,2822,123099,2335,52170,487,66071,0,4858,1305,20570,1511,53589,1306,74159,California
Butte,2021-04-15,642,123741,397,52567,245,66316,0,4858,485,20901,154,53743,485,74644,California
Butte,2021-04-16,810,124551,414,52981,396,66712,0,4858,475,21043,333,54076,475,75119,California
Butte,2021-04-17,342,124893,61,53042,281,66993,0,4858,238,21179,102,54178,238,75357,California
Butte,2021-04-18,42,124935,11,53053,31,67024,0,4858,38,21213,4,54182,38,75395,California
Butte,2021-04-19,1561,126496,381,53434,1180,68204,0,4858,428,20511,1130,55312,428,75823,California
Butte,2021-04-20,1969,128465,717,54151,1252,69456,0,4858,750,20050,1211,56523,750,76573,California
Butte,2021-04-21,2049,130514,1165,55316,884,70340,0,4858,465,18937,1578,58101,465,77038,California
Butte,2021-04-22,2219,132733,1941,57257,278,70618,0,4858,610,17941,1606,59707,610,77648,California
Butte,2021-04-23,942,133675,445,57702,497,71115,0,4858,490,17978,453,60160,490,78138,California
Butte,2021-04-24,345,134020,138,57840,207,71322,0,4858,190,18013,155,60315,190,78328,California
Butte,2021-04-25,172,134192,67,57907,105,71427,0,4858,63,17967,109,60424,63,78391,California
Butte,2021-04-26,1488,135680,428,58335,1055,72482,5,4863,383,17253,1102,61526,388,78779,California
Butte,2021-04-27,935,136615,639,58974,269,72751,27,4890,563,17476,367,61893,590,79369,California
Butte,2021-04-28,1393,138008,937,59911,431,73182,25,4915,504,17117,888,62781,529,79898,California
Butte,2021-04-29,885,138893,543,60454,317,73499,25,4940,298,16859,581,63362,323,80221,California
Butte,2021-04-30,894,139787,387,60841,486,73985,21,4961,451,16893,437,63799,471,80692,California
Butte,2021-05-01,239,140026,64,60905,156,74141,19,4980,69,16812,169,63968,88,80780,California
Butte,2021-05-02,147,140173,61,60966,73,74214,13,4993,42,16762,105,64073,55,80835,California
Butte,2021-05-03,606,140779,250,61216,325,74539,31,5024,155,16508,440,64513,186,81021,California
Butte,2021-05-04,816,141595,315,61531,469,75008,32,5056,211,16151,599,65112,242,81263,California
Butte,2021-05-05,1338,142933,1090,62621,212,75220,36,5092,275,15405,1057,66169,311,81574,California
Butte,2021-05-06,928,143861,670,63291,221,75441,37,5129,359,15235,566,66735,396,81970,California
Butte,2021-05-07,563,144424,291,63582,235,75676,37,5166,288,15288,272,67007,325,82295,California
Butte,2021-05-08,170,144594,36,63618,125,75801,9,5175,90,15308,79,67086,99,82394,California
Butte,2021-05-09,94,144688,20,63638,71,75872,3,5178,50,15317,44,67130,53,82447,California
Butte,2021-05-10,520,145208,307,63945,170,76042,43,5221,214,15271,303,67433,257,82704,California
Butte,2021-05-11,862,146070,641,64586,164,76206,57,5278,275,15019,584,68017,332,83036,California
Butte,2021-05-12,732,146802,472,65058,214,76420,46,5324,328,14993,400,68417,374,83410,California
Butte,2021-05-13,847,147649,569,65627,219,76639,59,5383,295,14804,541,68958,352,83762,California
Butte,2021-05-14,834,148483,522,66149,282,76921,30,5413,361,14725,469,69427,390,84152,California
Butte,2021-05-15,478,148961,223,66372,223,77144,32,5445,222,14724,255,69682,254,84406,California
Butte,2021-05-16,169,149130,83,66455,68,77212,18,5463,98,14770,70,69752,116,84522,California
Butte,2021-05-17,758,149888,486,66941,225,77437,47,5510,338,14737,417,70169,384,84906,California
Butte,2021-05-18,1058,150946,726,67667,284,77721,48,5558,480,14693,572,70741,528,85434,California
Butte,2021-05-19,833,151779,543,68210,246,77967,44,5602,335,14577,494,71235,378,85812,California
Butte,2021-05-20,836,152615,574,68784,160,78127,102,5704,333,14511,501,71736,435,86247,California
Butte,2021-05-21,780,153395,490,69274,263,78390,27,5731,261,14283,515,72251,287,86534,California
Butte,2021-05-22,217,153612,104,69378,108,78498,5,5736,107,14288,107,72358,112,86646,California
Butte,2021-05-23,75,153687,46,69424,26,78524,3,5739,43,14302,32,72390,46,86692,California
Butte,2021-05-24,327,154014,138,69562,145,78669,44,5783,168,14356,158,72548,212,86904,California
Butte,2021-05-25,673,154687,426,69988,213,78882,34,5817,334,14391,332,72880,367,87271,California
Butte,2021-05-26,549,155236,178,70166,352,79234,19,5836,246,14361,295,73175,265,87536,California
Butte,2021-05-27,813,156049,593,70759,203,79437,17,5853,388,14347,420,73595,406,87942,California
Butte,2021-05-28,244,156293,6,70765,174,79611,64,5917,45,14260,196,73791,109,88051,California
Calaveras,2020-12-16,5,5,5,5,0,0,0,0,5,5,0,0,5,5,California
Calaveras,2020-12-17,3,8,3,8,0,0,0,0,3,8,0,0,3,8,California
Calaveras,2020-12-18,39,47,39,47,0,0,0,0,39,47,0,0,39,47,California
Calaveras,2020-12-19,3,50,3,50,0,0,0,0,3,50,0,0,3,50,California
Calaveras,2020-12-20,4,54,4,54,0,0,0,0,4,54,0,0,4,54,California
Calaveras,2020-12-21,55,109,48,102,7,7,0,0,55,109,0,0,55,109,California
Calaveras,2020-12-22,82,191,78,180,4,11,0,0,83,192,0,0,83,192,California
Calaveras,2020-12-23,76,267,74,254,2,13,0,0,76,268,0,0,76,268,California
Calaveras,2020-12-24,2,269,2,256,0,13,0,0,2,270,0,0,2,270,California
Calaveras,2020-12-26,3,272,3,259,0,13,0,0,3,273,0,0,3,273,California
Calaveras,2020-12-28,21,293,17,276,4,17,0,0,20,292,1,1,20,293,California
Calaveras,2020-12-29,158,451,138,414,20,37,0,0,158,450,0,1,158,451,California
Calaveras,2020-12-30,94,545,82,496,12,49,0,0,94,544,0,1,94,545,California
Calaveras,2020-12-31,37,582,26,522,11,60,0,0,37,581,0,1,37,582,California
Calaveras,2021-01-02,11,593,11,533,0,60,0,0,11,592,0,1,11,593,California
Calaveras,2021-01-03,10,603,4,537,6,66,0,0,10,602,0,1,10,603,California
Calaveras,2021-01-04,33,636,5,542,28,94,0,0,33,635,0,1,33,636,California
Calaveras,2021-01-05,40,676,9,551,31,125,0,0,31,662,9,10,36,672,California
Calaveras,2021-01-06,107,783,30,581,77,202,0,0,97,749,10,20,97,769,California
Calaveras,2021-01-07,105,888,26,607,79,281,0,0,92,831,11,31,93,862,California
Calaveras,2021-01-08,69,957,39,646,30,311,0,0,45,853,24,55,46,908,California
Calaveras,2021-01-09,5,962,5,651,0,311,0,0,2,852,3,58,2,910,California
Calaveras,2021-01-10,2,964,0,651,2,313,0,0,2,854,0,58,2,912,California
Calaveras,2021-01-11,65,1029,59,710,6,319,0,0,27,846,37,95,29,941,California
Calaveras,2021-01-12,86,1115,53,763,33,352,0,0,52,865,34,129,53,994,California
Calaveras,2021-01-13,111,1226,45,808,66,418,0,0,77,909,34,163,78,1072,California
Calaveras,2021-01-14,140,1366,43,851,97,515,0,0,107,985,32,195,108,1180,California
Calaveras,2021-01-15,92,1458,28,879,64,579,0,0,72,1037,20,215,72,1252,California
Calaveras,2021-01-16,13,1471,2,881,11,590,0,0,12,1048,1,216,12,1264,California
Calaveras,2021-01-17,9,1480,1,882,8,598,0,0,9,1057,0,216,9,1273,California
Calaveras,2021-01-18,133,1613,20,902,113,711,0,0,119,1165,14,230,122,1395,California
Calaveras,2021-01-19,206,1819,175,1077,31,742,0,0,69,1099,136,366,70,1465,California
Calaveras,2021-01-20,378,2197,82,1159,296,1038,0,0,291,1315,86,452,302,1767,California
Calaveras,2021-01-21,464,2661,41,1200,423,1461,0,0,428,1719,36,488,440,2207,California
Calaveras,2021-01-22,402,3063,23,1223,379,1840,0,0,392,2108,10,498,399,2606,California
Calaveras,2021-01-23,20,3083,8,1231,12,1852,0,0,19,2126,1,499,19,2625,California
Calaveras,2021-01-24,14,3097,8,1239,6,1858,0,0,12,2136,2,501,12,2637,California
Calaveras,2021-01-25,86,3183,8,1247,78,1936,0,0,81,2212,5,506,81,2718,California
Calaveras,2021-01-26,47,3230,15,1262,32,1968,0,0,39,2243,8,514,39,2757,California
Calaveras,2021-01-27,131,3361,44,1306,87,2055,0,0,102,2317,28,542,102,2859,California
Calaveras,2021-01-28,165,3526,25,1331,140,2195,0,0,140,2436,25,567,144,3003,California
Calaveras,2021-01-29,375,3901,12,1343,363,2558,0,0,346,2766,29,596,359,3362,California
Calaveras,2021-01-30,27,3928,10,1353,17,2575,0,0,25,2791,0,596,25,3387,California
Calaveras,2021-01-31,6,3934,4,1357,2,2577,0,0,5,2795,1,597,5,3392,California
Calaveras,2021-02-01,26,3960,11,1368,15,2592,0,0,17,2803,9,606,17,3409,California
Calaveras,2021-02-02,109,4069,22,1390,87,2679,0,0,71,2842,33,639,72,3481,California
Calaveras,2021-02-03,434,4503,44,1434,390,3069,0,0,349,3109,84,723,351,3832,California
Calaveras,2021-02-04,381,4884,25,1459,356,3425,0,0,296,3323,85,808,299,4131,California
Calaveras,2021-02-05,79,4963,22,1481,57,3482,0,0,41,3327,38,846,42,4173,California
Calaveras,2021-02-06,21,4984,12,1493,9,3491,0,0,21,3348,0,846,21,4194,California
Calaveras,2021-02-07,4,4988,1,1494,3,3494,0,0,2,3348,2,848,2,4196,California
Calaveras,2021-02-08,39,5027,18,1512,21,3515,0,0,31,3373,6,854,31,4227,California
Calaveras,2021-02-09,193,5220,77,1589,116,3631,0,0,131,3445,60,914,132,4359,California
Calaveras,2021-02-10,515,5735,31,1620,484,4115,0,0,442,3819,73,987,447,4806,California
Calaveras,2021-02-11,584,6319,81,1701,503,4618,0,0,473,4188,108,1095,477,5283,California
Calaveras,2021-02-12,569,6888,324,2025,245,4863,0,0,492,4608,75,1170,495,5778,California
Calaveras,2021-02-13,201,7089,45,2070,156,5019,0,0,186,4779,15,1185,186,5964,California
Calaveras,2021-02-14,221,7310,71,2141,150,5169,0,0,206,4971,14,1199,206,6170,California
Calaveras,2021-02-15,382,7692,23,2164,359,5528,0,0,262,5116,117,1316,262,6432,California
Calaveras,2021-02-16,269,7961,145,2309,124,5652,0,0,230,5310,39,1355,233,6665,California
Calaveras,2021-02-17,512,8473,38,2347,474,6126,0,0,209,5230,292,1647,212,6877,California
Calaveras,2021-02-18,498,8971,91,2438,407,6533,0,0,95,4941,385,2032,96,6973,California
Calaveras,2021-02-19,440,9411,43,2481,397,6930,0,0,98,4707,332,2364,98,7071,California
Calaveras,2021-02-20,59,9470,15,2496,44,6974,0,0,48,4744,11,2375,48,7119,California
Calaveras,2021-02-21,24,9494,14,2510,10,6984,0,0,18,4757,5,2380,18,7137,California
Calaveras,2021-02-22,62,9556,38,2548,24,7008,0,0,33,4761,29,2409,33,7170,California
Calaveras,2021-02-23,127,9683,42,2590,85,7093,0,0,91,4817,36,2445,92,7262,California
Calaveras,2021-02-24,97,9780,48,2638,49,7142,0,0,67,4855,29,2474,67,7329,California
Calaveras,2021-02-25,550,10330,100,2738,450,7592,0,0,354,5023,191,2665,359,7688,California
Calaveras,2021-02-26,750,11080,46,2784,704,8296,0,0,397,5088,333,2998,398,8086,California
Calaveras,2021-02-27,204,11284,22,2806,182,8478,0,0,180,5244,24,3022,180,8266,California
Calaveras,2021-02-28,97,11381,15,2821,82,8560,0,0,91,5330,5,3027,91,8357,California
Calaveras,2021-03-01,230,11611,41,2862,189,8749,0,0,146,5397,80,3107,147,8504,California
Calaveras,2021-03-02,250,11861,97,2959,153,8902,0,0,204,5559,43,3150,205,8709,California
Calaveras,2021-03-03,514,12375,104,3063,410,9312,0,0,212,5475,296,3446,212,8921,California
Calaveras,2021-03-04,746,13121,69,3132,676,9988,1,1,354,5448,383,3829,356,9277,California
Calaveras,2021-03-05,454,13575,271,3403,179,10167,4,5,140,5283,309,4138,144,9421,California
Calaveras,2021-03-06,154,13729,42,3445,106,10273,6,11,114,5363,40,4178,120,9541,California
Calaveras,2021-03-07,75,13804,32,3477,36,10309,7,18,34,5363,41,4219,41,9582,California
Calaveras,2021-03-08,164,13968,28,3505,128,10437,8,26,130,5468,33,4252,138,9720,California
Calaveras,2021-03-09,361,14329,137,3642,218,10655,6,32,32,5183,323,4575,38,9758,California
Calaveras,2021-03-10,419,14748,31,3673,385,11040,3,35,58,4889,355,4930,61,9819,California
Calaveras,2021-03-11,852,15600,423,4096,416,11456,13,48,433,4923,414,5344,448,10267,California
Calaveras,2021-03-12,402,16002,213,4309,179,11635,10,58,326,5190,75,5419,342,10609,California
Calaveras,2021-03-13,177,16179,16,4325,153,11788,8,66,139,5303,37,5456,150,10759,California
Calaveras,2021-03-14,156,16335,11,4336,144,11932,1,67,18,5191,138,5594,26,10785,California
Calaveras,2021-03-15,330,16665,48,4384,256,12188,26,93,52,4996,277,5871,82,10867,California
Calaveras,2021-03-16,689,17354,553,4937,116,12304,20,113,546,5421,141,6012,566,11433,California
Calaveras,2021-03-17,281,17635,53,4990,214,12518,14,127,50,5259,227,6239,65,11498,California
Calaveras,2021-03-18,665,18300,570,5560,79,12597,16,143,549,5710,116,6355,567,12065,California
Calaveras,2021-03-19,232,18532,51,5611,107,12704,74,217,58,5670,170,6525,130,12195,California
Calaveras,2021-03-20,81,18613,22,5633,58,12762,1,218,23,5637,58,6583,25,12220,California
Calaveras,2021-03-21,47,18660,30,5663,6,12768,11,229,12,5625,35,6618,23,12243,California
Calaveras,2021-03-22,79,18739,35,5698,23,12791,21,250,25,5617,54,6672,46,12289,California
Calaveras,2021-03-23,295,19034,204,5902,81,12872,10,260,117,5576,168,6840,127,12416,California
Calaveras,2021-03-24,134,19168,51,5953,73,12945,10,270,43,5540,89,6929,53,12469,California
Calaveras,2021-03-25,743,19911,103,6056,636,13581,4,274,446,5701,289,7218,450,12919,California
Calaveras,2021-03-26,428,20339,28,6084,394,13975,6,280,88,5460,337,7555,96,13015,California
Calaveras,2021-03-27,212,20551,19,6103,189,14164,4,284,37,5331,172,7727,43,13058,California
Calaveras,2021-03-28,111,20662,12,6115,97,14261,2,286,8,5240,102,7829,11,13069,California
Calaveras,2021-03-29,178,20840,24,6139,151,14412,3,289,58,5184,118,7947,62,13131,California
Calaveras,2021-03-30,539,21379,25,6164,497,14909,17,306,361,5385,177,8124,378,13509,California
Calaveras,2021-03-31,323,21702,141,6305,172,15081,10,316,156,5385,167,8291,167,13676,California
Calaveras,2021-04-01,685,22387,443,6748,241,15322,1,317,187,5080,496,8787,191,13867,California
Calaveras,2021-04-02,394,22781,231,6979,155,15477,8,325,117,4932,274,9061,126,13993,California
Calaveras,2021-04-03,144,22925,34,7013,106,15583,4,329,40,4872,104,9165,44,14037,California
Calaveras,2021-04-04,78,23003,25,7038,53,15636,0,329,49,4892,29,9194,49,14086,California
Calaveras,2021-04-05,212,23215,81,7119,121,15757,10,339,100,4890,112,9306,110,14196,California
Calaveras,2021-04-06,651,23866,573,7692,64,15821,14,353,111,4479,536,9842,125,14321,California
Calaveras,2021-04-07,754,24620,658,8350,60,15881,36,389,617,4996,137,9979,654,14975,California
Calaveras,2021-04-08,946,25566,855,9205,70,15951,21,410,436,4947,507,10486,458,15433,California
Calaveras,2021-04-09,154,25720,58,9263,48,15999,48,458,57,4957,96,10582,106,15539,California
Calaveras,2021-04-10,192,25912,44,9307,130,16129,18,476,150,5085,41,10623,169,15708,California
Calaveras,2021-04-11,69,25981,44,9351,23,16152,2,478,48,5114,21,10644,50,15758,California
Calaveras,2021-04-12,104,26085,47,9398,38,16190,19,497,55,5140,49,10693,75,15833,California
Calaveras,2021-04-13,423,26508,368,9766,55,16245,0,497,364,5448,58,10751,366,16199,California
Calaveras,2021-04-14,181,26689,28,9794,153,16398,0,497,135,5538,46,10797,136,16335,California
Calaveras,2021-04-15,336,27025,287,10081,49,16447,0,497,253,5711,80,10877,253,16588,California
Calaveras,2021-04-16,99,27124,25,10106,74,16521,0,497,47,5710,48,10925,47,16635,California
Calaveras,2021-04-17,332,27456,127,10233,205,16726,0,497,289,5956,43,10968,289,16924,California
Calaveras,2021-04-18,17,27473,5,10238,12,16738,0,497,10,5959,7,10975,10,16934,California
Calaveras,2021-04-19,72,27545,27,10265,45,16783,0,497,45,5979,26,11001,46,16980,California
Calaveras,2021-04-20,263,27808,93,10358,170,16953,0,497,196,6110,65,11066,196,17176,California
Calaveras,2021-04-21,217,28025,146,10504,71,17024,0,497,85,6066,130,11196,86,17262,California
Calaveras,2021-04-22,542,28567,96,10600,446,17470,0,497,141,5810,399,11595,143,17405,California
Calaveras,2021-04-23,159,28726,81,10681,78,17548,0,497,65,5784,91,11686,65,17470,California
Calaveras,2021-04-24,173,28899,37,10718,136,17684,0,497,130,5873,42,11728,131,17601,California
Calaveras,2021-04-25,43,28942,28,10746,15,17699,0,497,22,5876,21,11749,24,17625,California
Calaveras,2021-04-26,96,29038,59,10805,37,17736,0,497,28,5837,68,11817,29,17654,California
Calaveras,2021-04-27,425,29463,59,10864,353,18089,13,510,53,5534,369,12186,66,17720,California
Calaveras,2021-04-28,642,30105,574,11438,37,18126,31,541,52,5034,590,12776,90,17810,California
Calaveras,2021-04-29,510,30615,440,11878,51,18177,19,560,72,4693,437,13213,96,17906,California
Calaveras,2021-04-30,148,30763,59,11937,84,18261,5,565,66,4689,81,13294,77,17983,California
Calaveras,2021-05-01,198,30961,110,12047,86,18347,2,567,131,4760,66,13360,137,18120,California
Calaveras,2021-05-02,52,31013,35,12082,16,18363,1,568,20,4751,31,13391,22,18142,California
Calaveras,2021-05-03,93,31106,69,12151,19,18382,5,573,29,4725,64,13455,38,18180,California
Calaveras,2021-05-04,414,31520,329,12480,48,18430,37,610,42,4434,371,13826,80,18260,California
Calaveras,2021-05-05,110,31630,57,12537,21,18451,32,642,48,4452,61,13887,79,18339,California
Calaveras,2021-05-06,253,31883,194,12731,36,18487,23,665,47,4317,206,14093,71,18410,California
Calaveras,2021-05-07,84,31967,24,12755,54,18541,6,671,54,4347,30,14123,60,18470,California
Calaveras,2021-05-08,290,32257,141,12896,147,18688,2,673,92,4245,196,14319,94,18564,California
Calaveras,2021-05-09,28,32285,12,12908,13,18701,3,676,12,4244,16,14335,15,18579,California
Calaveras,2021-05-10,54,32339,24,12932,29,18730,1,677,23,4240,29,14364,25,18604,California
Calaveras,2021-05-11,128,32467,85,13017,31,18761,12,689,89,4304,38,14402,102,18706,California
Calaveras,2021-05-12,157,32624,37,13054,120,18881,0,689,44,4236,112,14514,44,18750,California
Calaveras,2021-05-13,113,32737,60,13114,38,18919,15,704,59,4257,53,14567,74,18824,California
Calaveras,2021-05-14,150,32887,93,13207,54,18973,3,707,101,4313,48,14615,104,18928,California
Calaveras,2021-05-15,266,33153,93,13300,170,19143,3,710,105,4266,155,14770,108,19036,California
Calaveras,2021-05-16,28,33181,11,13311,17,19160,0,710,13,4265,15,14785,14,19050,California
Calaveras,2021-05-17,88,33269,41,13352,40,19200,7,717,48,4282,39,14824,56,19106,California
Calaveras,2021-05-18,224,33493,60,13412,142,19342,22,739,72,4225,151,14975,94,19200,California
Calaveras,2021-05-19,147,33640,59,13471,83,19425,5,744,71,4227,75,15050,77,19277,California
Calaveras,2021-05-20,180,33820,71,13542,87,19512,22,766,60,4191,117,15167,81,19358,California
Calaveras,2021-05-21,77,33897,48,13590,26,19538,3,769,49,4216,27,15194,52,19410,California
Calaveras,2021-05-22,275,34172,149,13739,126,19664,0,769,134,4211,139,15333,134,19544,California
Calaveras,2021-05-23,18,34190,15,13754,3,19667,0,769,10,4213,8,15341,10,19554,California
Calaveras,2021-05-24,67,34257,32,13786,20,19687,15,784,28,4218,39,15380,44,19598,California
Calaveras,2021-05-25,117,34374,46,13832,55,19742,16,800,56,4229,61,15441,72,19670,California
Calaveras,2021-05-26,120,34494,87,13919,29,19771,4,804,82,4277,37,15478,85,19755,California
Calaveras,2021-05-27,77,34571,41,13960,32,19803,4,808,24,4256,50,15528,29,19784,California
Calaveras,2021-05-28,17,34588,7,13967,7,19810,3,811,5,4252,12,15540,8,19792,California
Colusa,2020-12-18,1,1,1,1,0,0,0,0,1,1,0,0,1,1,California
Colusa,2020-12-21,2,3,2,3,0,0,0,0,2,3,0,0,2,3,California
Colusa,2020-12-22,10,13,10,13,0,0,0,0,10,13,0,0,10,13,California
Colusa,2020-12-23,10,23,10,23,0,0,0,0,10,23,0,0,10,23,California
Colusa,2020-12-24,2,25,1,24,1,1,0,0,2,25,0,0,2,25,California
Colusa,2020-12-27,1,26,1,25,0,1,0,0,1,26,0,0,1,26,California
Colusa,2020-12-28,7,33,3,28,4,5,0,0,7,33,0,0,7,33,California
Colusa,2020-12-29,11,44,8,36,3,8,0,0,11,44,0,0,11,44,California
Colusa,2020-12-30,50,94,13,49,37,45,0,0,50,94,0,0,50,94,California
Colusa,2020-12-31,18,112,1,50,17,62,0,0,18,112,0,0,18,112,California
Colusa,2021-01-04,4,116,0,50,4,66,0,0,4,116,0,0,4,116,California
Colusa,2021-01-05,67,183,1,51,66,132,0,0,67,183,0,0,67,183,California
Colusa,2021-01-06,15,198,9,60,6,138,0,0,15,198,0,0,15,198,California
Colusa,2021-01-07,38,236,4,64,34,172,0,0,37,234,1,1,37,235,California
Colusa,2021-01-08,9,245,7,71,2,174,0,0,8,241,1,2,8,243,California
Colusa,2021-01-09,2,247,1,72,1,175,0,0,2,243,0,2,2,245,California
Colusa,2021-01-10,1,248,0,72,1,176,0,0,1,244,0,2,1,246,California
Colusa,2021-01-11,12,260,6,78,6,182,0,0,7,246,5,7,7,253,California
Colusa,2021-01-12,11,271,9,87,2,184,0,0,6,247,5,12,6,259,California
Colusa,2021-01-13,21,292,13,100,8,192,0,0,13,252,8,20,13,272,California
Colusa,2021-01-14,35,327,28,128,7,199,0,0,33,283,2,22,33,305,California
Colusa,2021-01-15,42,369,5,133,37,236,0,0,40,321,2,24,40,345,California
Colusa,2021-01-16,12,381,1,134,11,247,0,0,11,331,1,25,11,356,California
Colusa,2021-01-17,3,384,2,136,1,248,0,0,2,332,1,26,2,358,California
Colusa,2021-01-18,4,388,0,136,4,252,0,0,4,336,0,26,4,362,California
Colusa,2021-01-19,9,397,8,144,1,253,0,0,5,337,4,30,5,367,California
Colusa,2021-01-20,115,512,101,245,14,267,0,0,102,426,13,43,102,469,California
Colusa,2021-01-21,56,568,41,286,15,282,0,0,55,480,1,44,55,524,California
Colusa,2021-01-22,40,608,17,303,23,305,0,0,35,510,5,49,35,559,California
Colusa,2021-01-23,35,643,6,309,29,334,0,0,35,545,0,49,35,594,California
Colusa,2021-01-25,7,650,0,309,7,341,0,0,7,552,0,49,7,601,California
Colusa,2021-01-26,8,658,5,314,3,344,0,0,5,554,3,52,5,606,California
Colusa,2021-01-27,109,767,31,345,78,422,0,0,107,659,2,54,107,713,California
Colusa,2021-01-28,79,846,46,391,33,455,0,0,72,724,7,61,72,785,California
Colusa,2021-01-29,42,888,7,398,35,490,0,0,41,764,1,62,41,826,California
Colusa,2021-01-30,27,915,4,402,23,513,0,0,27,791,0,62,27,853,California
Colusa,2021-01-31,7,922,7,409,0,513,0,0,7,798,0,62,7,860,California
Colusa,2021-02-01,27,949,10,419,17,530,0,0,22,815,5,67,22,882,California
Colusa,2021-02-02,43,992,9,428,34,564,0,0,37,846,6,73,37,919,California
Colusa,2021-02-03,69,1061,10,438,59,623,0,0,59,895,10,83,59,978,California
Colusa,2021-02-04,143,1204,81,519,62,685,0,0,115,982,28,111,115,1093,California
Colusa,2021-02-05,32,1236,8,527,24,709,0,0,29,1008,3,114,29,1122,California
Colusa,2021-02-06,285,1521,9,536,276,985,0,0,274,1271,11,125,274,1396,California
Colusa,2021-02-07,2,1523,1,537,1,986,0,0,0,1269,2,127,0,1396,California
Colusa,2021-02-08,40,1563,5,542,35,1021,0,0,37,1303,3,130,37,1433,California
Colusa,2021-02-09,231,1794,14,556,217,1238,0,0,176,1424,55,185,176,1609,California
Colusa,2021-02-10,116,1910,41,597,75,1313,0,0,73,1454,43,228,73,1682,California
Colusa,2021-02-11,98,2008,36,633,62,1375,0,0,73,1502,25,253,73,1755,California
Colusa,2021-02-12,118,2126,9,642,109,1484,0,0,79,1541,40,293,79,1834,California
Colusa,2021-02-13,60,2186,8,650,52,1536,0,0,52,1585,8,301,52,1886,California
Colusa,2021-02-14,21,2207,8,658,13,1549,0,0,15,1594,6,307,15,1901,California
Colusa,2021-02-15,46,2253,10,668,36,1585,0,0,39,1626,7,314,39,1940,California
Colusa,2021-02-16,67,2320,4,672,63,1648,0,0,66,1691,1,315,66,2006,California
Colusa,2021-02-17,206,2526,143,815,63,1711,0,0,60,1605,146,461,60,2066,California
Colusa,2021-02-18,135,2661,35,850,100,1811,0,0,112,1694,23,484,112,2178,California
Colusa,2021-02-19,155,2816,19,869,136,1947,0,0,129,1797,26,510,129,2307,California
Colusa,2021-02-20,28,2844,6,875,22,1969,0,0,12,1793,16,526,12,2319,California
Colusa,2021-02-21,1,2845,1,876,0,1969,0,0,0,1792,1,527,0,2319,California
Colusa,2021-02-22,43,2888,26,902,17,1986,0,0,29,1807,14,541,29,2348,California
Colusa,2021-02-23,23,2911,7,909,16,2002,0,0,18,1820,5,546,18,2366,California
Colusa,2021-02-24,302,3213,54,963,248,2250,0,0,160,1838,142,688,160,2526,California
Colusa,2021-02-25,102,3315,55,1018,47,2297,0,0,66,1868,36,724,66,2592,California
Colusa,2021-02-26,100,3415,14,1032,86,2383,0,0,60,1888,40,764,60,2652,California
Colusa,2021-02-27,55,3470,4,1036,51,2434,0,0,40,1913,15,779,40,2692,California
Colusa,2021-02-28,26,3496,14,1050,12,2446,0,0,17,1921,9,788,17,2709,California
Colusa,2021-03-01,46,3542,15,1065,31,2477,0,0,29,1933,17,805,29,2738,California
Colusa,2021-03-02,49,3591,13,1078,36,2513,0,0,26,1936,23,828,26,2764,California
Colusa,2021-03-03,242,3833,43,1121,199,2712,0,0,185,2064,57,885,185,2949,California
Colusa,2021-03-04,138,3971,58,1179,80,2792,0,0,79,2084,59,944,79,3028,California
Colusa,2021-03-05,98,4069,25,1204,64,2856,9,9,53,2101,45,989,62,3090,California
Colusa,2021-03-06,274,4343,9,1213,265,3121,0,9,37,1901,237,1226,37,3127,California
Colusa,2021-03-07,8,4351,5,1218,3,3124,0,9,6,1905,2,1228,6,3133,California
Colusa,2021-03-08,89,4440,21,1239,33,3157,35,44,45,1941,44,1272,80,3213,California
Colusa,2021-03-09,277,4717,75,1314,179,3336,23,67,86,1859,191,1463,109,3322,California
Colusa,2021-03-10,289,5006,37,1351,216,3552,36,103,203,2012,86,1549,239,3561,California
Colusa,2021-03-11,420,5426,60,1411,339,3891,21,124,339,2289,81,1630,358,3919,California
Colusa,2021-03-12,109,5535,18,1429,78,3969,13,137,19,2231,90,1720,32,3951,California
Colusa,2021-03-13,61,5596,16,1445,36,4005,9,146,18,2215,43,1763,27,3978,California
Colusa,2021-03-14,20,5616,0,1445,18,4023,2,148,6,2210,13,1776,8,3986,California
Colusa,2021-03-15,71,5687,27,1472,36,4059,8,156,15,2177,56,1832,23,4009,California
Colusa,2021-03-16,297,5984,16,1488,235,4294,46,202,189,2304,108,1940,235,4244,California
Colusa,2021-03-17,194,6178,49,1537,145,4439,0,202,108,2326,86,2026,108,4352,California
Colusa,2021-03-18,324,6502,37,1574,216,4655,71,273,201,2475,123,2149,272,4624,California
Colusa,2021-03-19,78,6580,20,1594,56,4711,2,275,53,2505,25,2174,55,4679,California
Colusa,2021-03-20,49,6629,7,1601,41,4752,1,276,36,2529,13,2187,37,4716,California
Colusa,2021-03-21,6,6635,4,1605,2,4754,0,276,4,2531,2,2189,4,4720,California
Colusa,2021-03-22,62,6697,10,1615,43,4797,9,285,40,2558,22,2211,49,4769,California
Colusa,2021-03-23,82,6779,16,1631,64,4861,2,287,55,2588,27,2238,57,4826,California
Colusa,2021-03-24,340,7119,57,1688,277,5138,6,293,68,2389,272,2510,73,4899,California
Colusa,2021-03-25,107,7226,58,1746,44,5182,5,298,51,2389,56,2566,56,4955,California
Colusa,2021-03-26,300,7526,47,1793,249,5431,4,302,247,2587,53,2619,251,5206,California
Colusa,2021-03-27,63,7589,5,1798,58,5489,0,302,25,2574,38,2657,25,5231,California
Colusa,2021-03-28,16,7605,7,1805,9,5498,0,302,8,2574,8,2665,8,5239,California
Colusa,2021-03-29,72,7677,20,1825,46,5544,6,308,32,2572,40,2705,38,5277,California
Colusa,2021-03-30,152,7829,83,1908,67,5611,2,310,72,2567,80,2785,75,5352,California
Colusa,2021-03-31,234,8063,42,1950,192,5803,0,310,74,2482,159,2944,74,5426,California
Colusa,2021-04-01,430,8493,72,2022,304,6107,54,364,308,2722,121,3065,361,5787,California
Colusa,2021-04-02,82,8575,13,2035,55,6162,14,378,38,2730,44,3109,52,5839,California
Colusa,2021-04-03,61,8636,10,2045,28,6190,23,401,14,2719,47,3156,36,5875,California
Colusa,2021-04-04,18,8654,0,2045,8,6198,10,411,3,2717,15,3171,13,5888,California
Colusa,2021-04-05,96,8750,26,2071,55,6253,15,426,39,2714,57,3228,54,5942,California
Colusa,2021-04-06,130,8880,35,2106,45,6298,50,476,43,2721,87,3315,94,6036,California
Colusa,2021-04-07,356,9236,39,2145,294,6592,23,499,130,2649,226,3541,154,6190,California
Colusa,2021-04-08,430,9666,34,2179,369,6961,27,526,123,2496,304,3845,151,6341,California
Colusa,2021-04-09,77,9743,21,2200,32,6993,24,550,28,2499,49,3894,52,6393,California
Colusa,2021-04-10,45,9788,9,2209,15,7008,21,571,12,2499,33,3927,33,6426,California
Colusa,2021-04-11,16,9804,3,2212,11,7019,2,573,8,2501,8,3935,10,6436,California
Colusa,2021-04-12,31,9835,3,2215,28,7047,0,573,24,2518,7,3942,24,6460,California
Colusa,2021-04-13,279,10114,22,2237,257,7304,0,573,94,2428,184,4126,94,6554,California
Colusa,2021-04-14,95,10209,19,2256,76,7380,0,573,35,2402,61,4187,35,6589,California
Colusa,2021-04-15,323,10532,45,2301,278,7658,0,573,132,2343,191,4378,132,6721,California
Colusa,2021-04-16,79,10611,11,2312,68,7726,0,573,35,2335,43,4421,35,6756,California
Colusa,2021-04-17,51,10662,7,2319,44,7770,0,573,29,2342,22,4443,29,6785,California
Colusa,2021-04-18,9,10671,2,2321,7,7777,0,573,7,2347,2,4445,7,6792,California
Colusa,2021-04-19,61,10732,22,2343,39,7816,0,573,17,2320,44,4489,17,6809,California
Colusa,2021-04-20,176,10908,32,2375,144,7960,0,573,129,2400,49,4538,129,6938,California
Colusa,2021-04-21,170,11078,59,2434,111,8071,0,573,110,2450,60,4598,110,7048,California
Colusa,2021-04-22,420,11498,27,2461,392,8463,1,574,216,2463,203,4801,216,7264,California
Colusa,2021-04-23,91,11589,17,2478,74,8537,0,574,35,2442,56,4857,35,7299,California
Colusa,2021-04-24,237,11826,19,2497,217,8754,1,575,205,2615,32,4889,205,7504,California
Colusa,2021-04-25,12,11838,6,2503,6,8760,0,575,8,2619,4,4893,8,7512,California
Colusa,2021-04-26,23,11861,5,2508,17,8777,1,576,6,2609,16,4909,6,7518,California
Colusa,2021-04-27,94,11955,23,2531,67,8844,4,580,43,2605,51,4960,47,7565,California
Colusa,2021-04-28,188,12143,26,2557,159,9003,3,583,139,2699,48,5008,142,7707,California
Colusa,2021-04-29,317,12460,27,2584,286,9289,4,587,48,2484,267,5275,52,7759,California
Colusa,2021-04-30,65,12525,18,2602,47,9336,0,587,41,2501,24,5299,41,7800,California
Colusa,2021-05-01,19,12544,8,2610,8,9344,3,590,9,2503,10,5309,12,7812,California
Colusa,2021-05-02,3,12547,0,2610,2,9346,1,591,2,2505,1,5310,3,7815,California
Colusa,2021-05-03,21,12568,7,2617,14,9360,0,591,6,2496,15,5325,6,7821,California
Colusa,2021-05-04,86,12654,51,2668,34,9394,1,592,64,2539,22,5347,65,7886,California
Colusa,2021-05-05,68,12722,16,2684,51,9445,1,593,33,2538,35,5382,34,7920,California
Colusa,2021-05-06,253,12975,16,2700,235,9680,2,595,110,2507,143,5525,112,8032,California
Colusa,2021-05-07,67,13042,5,2705,58,9738,4,599,31,2506,36,5561,35,8067,California
Colusa,2021-05-08,18,13060,5,2710,13,9751,0,599,9,2506,9,5570,9,8076,California
Colusa,2021-05-09,13,13073,5,2715,5,9756,3,602,6,2508,7,5577,9,8085,California
Colusa,2021-05-10,16,13089,7,2722,9,9765,0,602,6,2504,10,5587,6,8091,California
Colusa,2021-05-11,93,13182,34,2756,59,9824,0,602,50,2511,43,5630,50,8141,California
Colusa,2021-05-12,73,13255,32,2788,37,9861,4,606,21,2484,52,5682,25,8166,California
Colusa,2021-05-13,241,13496,22,2810,218,10079,1,607,76,2396,165,5847,77,8243,California
Colusa,2021-05-14,85,13581,18,2828,52,10131,15,622,33,2393,51,5898,48,8291,California
Colusa,2021-05-15,38,13619,9,2837,27,10158,2,624,20,2397,18,5916,22,8313,California
Colusa,2021-05-16,23,13642,6,2843,10,10168,7,631,11,2403,12,5928,18,8331,California
Colusa,2021-05-17,24,13666,4,2847,18,10186,2,633,12,2405,12,5940,14,8345,California
Colusa,2021-05-18,99,13765,24,2871,73,10259,2,635,43,2394,56,5996,45,8390,California
Colusa,2021-05-19,217,13982,44,2915,153,10412,20,655,68,2333,149,6145,88,8478,California
Colusa,2021-05-20,277,14259,32,2947,241,10653,4,659,68,2197,209,6354,73,8551,California
Colusa,2021-05-21,62,14321,21,2968,39,10692,2,661,31,2199,31,6385,33,8584,California
Colusa,2021-05-22,209,14530,19,2987,190,10882,0,661,27,2044,182,6567,27,8611,California
Colusa,2021-05-23,18,14548,8,2995,6,10888,4,665,6,2042,12,6579,10,8621,California
Colusa,2021-05-24,28,14576,4,2999,19,10907,5,670,17,2053,11,6590,22,8643,California
Colusa,2021-05-25,132,14708,74,3073,55,10962,3,673,50,2024,82,6672,53,8696,California
Colusa,2021-05-26,69,14777,25,3098,44,11006,0,673,31,2017,38,6710,31,8727,California
Colusa,2021-05-27,167,14944,14,3112,153,11159,0,673,50,1950,117,6827,50,8777,California
Colusa,2021-05-28,43,14987,7,3119,35,11194,1,674,11,1930,32,6859,12,8789,California
Contra Costa,2020-12-15,18,18,18,18,0,0,0,0,18,18,0,0,18,18,California
Contra Costa,2020-12-16,521,539,521,539,0,0,0,0,521,539,0,0,521,539,California
Contra Costa,2020-12-17,913,1452,913,1452,0,0,0,0,913,1452,0,0,913,1452,California
Contra Costa,2020-12-18,1597,3049,1596,3048,1,1,0,0,1597,3049,0,0,1597,3049,California
Contra Costa,2020-12-19,1105,4154,1104,4152,1,2,0,0,1105,4154,0,0,1105,4154,California
Contra Costa,2020-12-20,583,4737,582,4734,1,3,0,0,583,4737,0,0,583,4737,California
Contra Costa,2020-12-21,1659,6396,1657,6391,2,5,0,0,1659,6396,0,0,1659,6396,California
Contra Costa,2020-12-22,1676,8072,1570,7961,106,111,0,0,1676,8072,0,0,1676,8072,California
Contra Costa,2020-12-23,1618,9690,1370,9331,248,359,0,0,1618,9690,0,0,1618,9690,California
Contra Costa,2020-12-24,660,10350,338,9669,322,681,0,0,660,10350,0,0,660,10350,California
Contra Costa,2020-12-25,40,10390,18,9687,22,703,0,0,40,10390,0,0,40,10390,California
Contra Costa,2020-12-26,646,11036,133,9820,513,1216,0,0,646,11036,0,0,646,11036,California
Contra Costa,2020-12-27,240,11276,86,9906,154,1370,0,0,240,11276,0,0,240,11276,California
Contra Costa,2020-12-28,1842,13118,867,10773,975,2345,0,0,1842,13118,0,0,1842,13118,California
Contra Costa,2020-12-29,1832,14950,822,11595,1010,3355,0,0,1832,14950,0,0,1832,14950,California
Contra Costa,2020-12-30,2394,17344,1213,12808,1181,4536,0,0,2393,17343,1,1,2394,17344,California
Contra Costa,2020-12-31,917,18261,307,13115,610,5146,0,0,916,18259,0,1,916,18260,California
Contra Costa,2021-01-01,62,18323,24,13139,38,5184,0,0,62,18321,0,1,62,18322,California
Contra Costa,2021-01-02,339,18662,174,13313,165,5349,0,0,339,18660,0,1,339,18661,California
Contra Costa,2021-01-03,179,18841,121,13434,58,5407,0,0,178,18838,0,1,178,18839,California
Contra Costa,2021-01-04,1908,20749,1251,14685,657,6064,0,0,1888,20708,18,19,1888,20727,California
Contra Costa,2021-01-05,2106,22855,1258,15943,848,6912,0,0,1847,22298,258,277,1848,22575,California
Contra Costa,2021-01-06,3290,26145,2254,18197,1036,7948,0,0,2527,24071,757,1034,2530,25105,California
Contra Costa,2021-01-07,3102,29247,2062,20259,1040,8988,0,0,1887,24746,1212,2246,1887,26992,California
Contra Costa,2021-01-08,3394,32641,2394,22653,1000,9988,0,0,1829,25018,1560,3806,1832,28824,California
Contra Costa,2021-01-09,1587,34228,1136,23789,451,10439,0,0,747,24928,839,4645,749,29573,California
Contra Costa,2021-01-10,362,34590,291,24080,71,10510,0,0,155,24876,207,4852,155,29728,California
Contra Costa,2021-01-11,3837,38427,3146,27226,691,11201,0,0,2231,25504,1606,6458,2234,31962,California
Contra Costa,2021-01-12,3921,42348,2943,30169,978,12179,0,0,2592,26771,1329,7787,2596,34558,California
Contra Costa,2021-01-13,4735,47083,2942,33111,1793,13972,0,0,3783,29607,948,8735,3784,38342,California
Contra Costa,2021-01-14,4327,51410,1565,34676,2762,16734,0,0,3944,33168,383,9118,3944,42286,California
Contra Costa,2021-01-15,5348,56758,2463,37139,2885,19619,0,0,5022,37869,325,9443,5026,47312,California
Contra Costa,2021-01-16,1726,58484,557,37696,1169,20788,0,0,1651,39445,75,9518,1651,48963,California
Contra Costa,2021-01-17,1639,60123,975,38671,664,21452,0,0,1517,40843,122,9640,1520,50483,California
Contra Costa,2021-01-18,3214,63337,1266,39937,1948,23400,0,0,2589,42814,619,10259,2590,53073,California
Contra Costa,2021-01-19,7063,70400,3156,43093,3907,27307,0,0,6058,47875,1002,11261,6063,59136,California
Contra Costa,2021-01-20,6690,77090,4124,47217,2566,29873,0,0,5456,52106,1230,12491,5461,64597,California
Contra Costa,2021-01-21,6979,84069,3107,50324,3872,33745,0,0,6251,57643,722,13213,6259,70856,California
Contra Costa,2021-01-22,6395,90464,2719,53043,3676,37421,0,0,5534,62328,852,14065,5537,76393,California
Contra Costa,2021-01-23,2038,92502,360,53403,1678,39099,0,0,1778,63850,258,14323,1780,78173,California
Contra Costa,2021-01-24,1591,94093,218,53621,1373,40472,0,0,1444,65151,147,14470,1448,79621,California
Contra Costa,2021-01-25,6692,100785,3043,56664,3649,44121,0,0,5122,68708,1568,16038,5125,84746,California
Contra Costa,2021-01-26,8103,108888,4687,61351,3416,47537,0,0,6253,73124,1842,17880,6258,91004,California
Contra Costa,2021-01-27,8168,117056,5409,66760,2759,50296,0,0,6328,77628,1828,19708,6332,97336,California
Contra Costa,2021-01-28,7471,124527,4091,70851,3380,53676,0,0,5859,81885,1606,21314,5863,103199,California
Contra Costa,2021-01-29,7449,131976,3892,74743,3557,57233,0,0,6137,86716,1308,22622,6139,109338,California
Contra Costa,2021-01-30,2144,134120,660,75403,1484,58717,0,0,1738,88055,399,23021,1738,111076,California
Contra Costa,2021-01-31,648,134768,428,75831,220,58937,0,0,556,88522,89,23110,556,111632,California
Contra Costa,2021-02-01,5874,140642,4099,79930,1775,60712,0,0,3968,90595,1898,25008,3971,115603,California
Contra Costa,2021-02-02,7575,148217,5080,85010,2495,63207,0,0,5878,94778,1696,26704,5879,121482,California
Contra Costa,2021-02-03,8291,156508,5479,90489,2812,66019,0,0,5629,97755,2653,29357,5630,127112,California
Contra Costa,2021-02-04,7515,164023,3587,94076,3928,69947,0,0,5747,101739,1766,31123,5750,132862,California
Contra Costa,2021-02-05,8441,172464,4816,98892,3625,73572,0,0,5747,104799,2687,33810,5747,138609,California
Contra Costa,2021-02-06,3488,175952,2164,101056,1324,74896,0,0,2834,106981,653,34463,2835,141444,California
Contra Costa,2021-02-07,984,176936,713,101769,271,75167,0,0,605,107208,378,34841,605,142049,California
Contra Costa,2021-02-08,5860,182796,3470,105239,2390,77557,0,0,4373,110101,1481,36322,4374,146423,California
Contra Costa,2021-02-09,8687,191483,4795,110034,3892,81449,0,0,5794,113009,2887,39209,5795,152218,California
Contra Costa,2021-02-10,8653,200136,4660,114694,3993,85442,0,0,5365,115106,3272,42481,5369,157587,California
Contra Costa,2021-02-11,9340,209476,4218,118912,5122,90564,0,0,5270,116317,4064,46545,5275,162862,California
Contra Costa,2021-02-12,10099,219575,4628,123540,5471,96035,0,0,5465,117158,4627,51172,5468,168330,California
Contra Costa,2021-02-13,4892,224467,1369,124909,3523,99558,0,0,3406,119082,1483,52655,3407,171737,California
Contra Costa,2021-02-14,2099,226566,867,125776,1232,100790,0,0,1233,119451,864,53519,1233,172970,California
Contra Costa,2021-02-15,4470,231036,2476,128252,1994,102784,0,0,2342,119672,2122,55641,2343,175313,California
Contra Costa,2021-02-16,10430,241466,4915,133167,5515,108299,0,0,4649,118552,5773,61414,4653,179966,California
Contra Costa,2021-02-17,12308,253774,6153,139320,6155,114454,0,0,5646,117552,6647,68061,5647,185613,California
Contra Costa,2021-02-18,11492,265266,5979,145299,5513,119967,0,0,5335,116743,6146,74207,5337,190950,California
Contra Costa,2021-02-19,11424,276690,7117,152416,4307,124274,0,0,5186,115706,6224,80431,5187,196137,California
Contra Costa,2021-02-20,6471,283161,2915,155331,3556,127830,0,0,4580,118413,1875,82306,4582,200719,California
Contra Costa,2021-02-21,2277,285438,1723,157054,554,128384,0,0,1547,119231,729,83035,1547,202266,California
Contra Costa,2021-02-22,7598,293036,5147,162201,2451,130835,0,0,3504,118657,4080,87115,3506,205772,California
Contra Costa,2021-02-23,12106,305142,7439,169640,4667,135502,0,0,6105,118780,5987,93102,6110,211882,California
Contra Costa,2021-02-24,10596,315738,7776,177416,2820,138322,0,0,5122,118447,5457,98559,5124,217006,California
Contra Costa,2021-02-25,11531,327269,7256,184672,4275,142597,0,0,5238,117417,6272,104831,5242,222248,California
Contra Costa,2021-02-26,10774,338043,6801,191473,3973,146570,0,0,5342,117343,5417,110248,5343,227591,California
Contra Costa,2021-02-27,6797,344840,4371,195844,2426,148996,0,0,4261,119078,2528,112776,4263,231854,California
Contra Costa,2021-02-28,3816,348656,3138,198982,678,149674,0,0,3216,121698,597,113373,3217,235071,California
Contra Costa,2021-03-01,8246,356902,6211,205193,2030,151704,5,5,5084,123643,3146,116519,5091,240162,California
Contra Costa,2021-03-02,10654,367556,6816,212009,3837,155541,1,6,5711,124429,4927,121446,5713,245875,California
Contra Costa,2021-03-03,11320,378876,7111,219120,4208,159749,1,7,6381,125889,4924,126370,6384,252259,California
Contra Costa,2021-03-04,11981,390857,7164,226284,4816,164565,1,8,6227,126383,5734,132104,6228,258487,California
Contra Costa,2021-03-05,11501,402358,6914,233198,4580,169145,7,15,6611,128129,4872,136976,6618,265105,California
Contra Costa,2021-03-06,7504,409862,4206,237404,2988,172133,310,325,4911,130768,2580,139556,5219,270324,California
Contra Costa,2021-03-07,3831,413693,2459,239863,1310,173443,62,387,3151,133303,678,140234,3213,273537,California
Contra Costa,2021-03-08,8240,421933,3926,243789,4010,177453,304,691,5533,136448,2696,142930,5841,279378,California
Contra Costa,2021-03-09,11176,433109,5933,249722,4947,182400,296,987,5855,137290,5311,148241,6153,285531,California
Contra Costa,2021-03-10,12440,445549,6216,255938,4721,187121,1503,2490,5675,137704,6753,154994,7167,292698,California
Contra Costa,2021-03-11,12518,458067,6589,262527,5363,192484,566,3056,6386,138547,6109,161103,6952,299650,California
Contra Costa,2021-03-12,12658,470725,5226,267753,6869,199353,563,3619,6319,139103,6324,167427,6880,306530,California
Contra Costa,2021-03-13,7864,478589,3157,270910,4280,203633,427,4046,3115,137912,4730,172157,3539,310069,California
Contra Costa,2021-03-14,4451,483040,2638,273548,1325,204958,488,4534,1718,137392,2725,174882,2205,312274,California
Contra Costa,2021-03-15,9478,492518,5148,278696,3573,208531,757,5291,4760,138207,4701,179583,5516,317790,California
Contra Costa,2021-03-16,14351,506869,8552,287248,5398,213929,401,5692,7154,138587,7174,186757,7554,325344,California
Contra Costa,2021-03-17,15084,521953,10418,297666,4451,218380,215,5907,8549,140846,6512,193269,8771,334115,California
Contra Costa,2021-03-18,15475,537428,8633,306299,6358,224738,484,6391,8809,143505,6632,199901,9291,343406,California
Contra Costa,2021-03-19,15694,553122,9075,315374,5217,229955,1402,7793,8325,145886,7350,207251,9731,353137,California
Contra Costa,2021-03-20,10745,563867,6452,321826,3981,233936,312,8105,5153,145779,5573,212824,5466,358603,California
Contra Costa,2021-03-21,4563,568430,3989,325815,476,234412,98,8203,2098,145519,2455,215279,2195,360798,California
Contra Costa,2021-03-22,11651,580081,8799,334614,2597,237009,255,8458,7017,148172,4618,219897,7271,368069,California
Contra Costa,2021-03-23,15703,595784,10835,345449,4696,241705,172,8630,9121,150913,6553,226450,9294,377363,California
Contra Costa,2021-03-24,15082,610866,11770,357219,3098,244803,214,8844,9138,154357,5912,232362,9356,386719,California
Contra Costa,2021-03-25,15388,626254,12008,369227,3093,247896,287,9131,9426,158143,5925,238287,9711,396430,California
Contra Costa,2021-03-26,15116,641370,10863,380090,3851,251747,402,9533,8689,160829,6400,244687,9086,405516,California
Contra Costa,2021-03-27,10574,651944,6881,386971,3180,254927,513,10046,5625,162021,4939,249626,6131,411647,California
Contra Costa,2021-03-28,4238,656182,3027,389998,1158,256085,53,10099,1618,161084,2608,252234,1671,413318,California
Contra Costa,2021-03-29,10932,667114,8537,398535,2279,258364,116,10215,6955,164199,3958,256192,7073,420391,California
Contra Costa,2021-03-30,16825,683939,9208,407743,6263,264627,1354,11569,10379,169503,6426,262618,11730,432121,California
Contra Costa,2021-03-31,18066,702005,12655,420398,3968,268595,1443,13012,11385,175690,6638,269256,12825,444946,California
Contra Costa,2021-04-01,17626,719631,12320,432718,3916,272511,1390,14402,11445,182372,6151,275407,12833,457779,California
Contra Costa,2021-04-02,17542,737173,12931,445649,3583,276094,1028,15430,11631,189133,5899,281306,12660,470439,California
Contra Costa,2021-04-03,10887,748060,6502,452151,2830,278924,1555,16985,6223,192261,4650,285956,7778,478217,California
Contra Costa,2021-04-04,3348,751408,1327,453478,1425,280349,596,17581,847,191211,2493,288449,1443,479660,California
Contra Costa,2021-04-05,12135,763543,7921,461399,3235,283584,979,18560,6601,193273,5520,293969,7582,487242,California
Contra Costa,2021-04-06,17340,780883,12008,473407,3039,286623,2293,20853,9733,197713,7586,301555,12026,499268,California
Contra Costa,2021-04-07,18609,799492,12600,486007,3186,289809,2823,23676,10568,203120,8020,309575,13427,512695,California
Contra Costa,2021-04-08,18726,818218,12486,498493,3319,293128,2921,26597,10056,207451,8643,318218,12974,525669,California
Contra Costa,2021-04-09,18873,837091,12051,510544,4324,297452,2498,29095,10118,211339,8729,326947,12617,538286,California
Contra Costa,2021-04-10,10552,847643,3813,514357,2171,299623,4568,33663,3288,211937,7247,334194,7845,546131,California
Contra Costa,2021-04-11,3330,850973,1988,516345,686,300309,656,34319,1116,211500,2208,336402,1771,547902,California
Contra Costa,2021-04-12,11892,862865,7854,524199,2974,303283,1064,35383,5578,211848,6299,342701,6647,554549,California
Contra Costa,2021-04-13,17787,880652,10913,535112,6867,310150,7,35390,11852,217800,5912,348613,11864,566413,California
Contra Costa,2021-04-14,17580,898232,11040,546152,6539,316689,1,35391,9715,219679,7840,356453,9719,576132,California
Contra Costa,2021-04-15,17504,915736,10744,556896,6759,323448,1,35392,8096,218417,9378,365831,8116,584248,California
Contra Costa,2021-04-16,16870,932606,10531,567427,6337,329785,2,35394,7570,216720,9276,375107,7579,591827,California
Contra Costa,2021-04-17,11440,944046,6289,573716,5151,334936,0,35394,6130,217562,5295,380402,6137,597964,California
Contra Costa,2021-04-18,2748,946794,2119,575835,629,335565,0,35394,1780,218383,959,381361,1780,599744,California
Contra Costa,2021-04-19,11381,958175,8508,584343,2873,338438,0,35394,3574,214178,7781,389142,3576,603320,California
Contra Costa,2021-04-20,16660,974835,10826,595169,5834,344272,0,35394,6240,210033,10389,399531,6244,609564,California
Contra Costa,2021-04-21,17332,992167,14140,609309,3191,347463,1,35395,6157,205061,11137,410668,6165,615729,California
Contra Costa,2021-04-22,17152,1009319,13882,623191,3268,350731,2,35397,6053,200057,11068,421736,6064,621793,California
Contra Costa,2021-04-23,16996,1026315,13501,636692,3495,354226,0,35397,5482,194067,11480,433216,5490,627283,California
Contra Costa,2021-04-24,10930,1037245,8428,645120,2501,356727,1,35398,4180,191522,6729,439945,4184,631467,California
Contra Costa,2021-04-25,3248,1040493,2190,647310,1056,357783,2,35400,2055,192389,1193,441138,2060,633527,California
Contra Costa,2021-04-26,9796,1050289,8204,655514,1568,359351,24,35424,2866,188379,6912,448050,2902,636429,California
Contra Costa,2021-04-27,14472,1064761,10598,666112,3716,363067,158,35582,3882,181861,10568,458618,4050,640479,California
Contra Costa,2021-04-28,13848,1078609,10765,676877,2796,365863,287,35869,3458,175257,10356,468974,3752,644231,California
Contra Costa,2021-04-29,13033,1091642,10084,686961,2779,368642,170,36039,2841,168107,10167,479141,3017,647248,California
Contra Costa,2021-04-30,13691,1105333,10791,697752,2643,371285,257,36296,3095,160900,10563,489704,3356,650604,California
Contra Costa,2021-05-01,8026,1113359,5854,703606,1848,373133,324,36620,1915,157048,6091,495795,2239,652843,California
Contra Costa,2021-05-02,2334,1115693,1586,705192,668,373801,80,36700,993,156792,1329,497124,1073,653916,California
Contra Costa,2021-05-03,9114,1124807,8017,713209,922,374723,175,36875,1926,151724,7173,504297,2105,656021,California
Contra Costa,2021-05-04,14073,1138880,12141,725350,1602,376325,330,37205,2289,142583,11760,516057,2619,658640,California
Contra Costa,2021-05-05,12508,1151388,10785,736135,1523,377848,200,37405,2401,135104,10081,526138,2602,661242,California
Contra Costa,2021-05-06,10290,1161678,8539,744674,1416,379264,335,37740,1948,129078,8317,534455,2291,663533,California
Contra Costa,2021-05-07,9621,1171299,7734,752408,1663,380927,224,37964,2217,124145,7371,541826,2438,665971,California
Contra Costa,2021-05-08,5284,1176583,3978,756386,1138,382065,168,38132,1247,121544,4020,545846,1419,667390,California
Contra Costa,2021-05-09,2103,1178686,1773,758159,270,382335,60,38192,455,120418,1644,547490,518,667908,California
Contra Costa,2021-05-10,4927,1183613,3947,762106,762,383097,218,38410,1344,118418,3561,551051,1561,669469,California
Contra Costa,2021-05-11,8695,1192308,4523,766629,3943,387040,229,38639,1709,113396,6966,558017,1944,671413,California
Contra Costa,2021-05-12,9001,1201309,4569,771198,4186,391226,246,38885,1550,107770,7427,565444,1801,673214,California
Contra Costa,2021-05-13,11307,1212616,7469,778667,3655,394881,183,39068,3938,104548,7343,572787,4121,677335,California
Contra Costa,2021-05-14,12108,1224724,8057,786724,3772,398653,279,39347,5011,102768,7070,579857,5290,682625,California
Contra Costa,2021-05-15,9946,1234670,7215,793939,2612,401265,119,39466,4388,101733,5544,585401,4509,687134,California
Contra Costa,2021-05-16,2427,1237097,2118,796057,264,401529,45,39511,1087,101531,1334,586735,1132,688266,California
Contra Costa,2021-05-17,7008,1244105,5656,801713,1182,402711,170,39681,3594,101902,3394,590129,3765,692031,California
Contra Costa,2021-05-18,10182,1254287,6958,808671,3008,405719,216,39897,4484,100935,5670,595799,4703,696734,California
Contra Costa,2021-05-19,8424,1262711,6815,815486,1418,407137,191,40088,4079,100885,4326,600125,4276,701010,California
Contra Costa,2021-05-20,6555,1269266,5192,820678,1186,408323,177,40265,3268,101061,3268,603393,3444,704454,California
Contra Costa,2021-05-21,6418,1275684,4895,825573,1331,409654,192,40457,2917,100697,3474,606867,3110,707564,California
Contra Costa,2021-05-22,4497,1280181,3550,829123,791,410445,156,40613,2135,100644,2347,609214,2294,709858,California
Contra Costa,2021-05-23,921,1281102,608,829731,267,410712,46,40659,431,100635,487,609701,478,710336,California
Contra Costa,2021-05-24,4607,1285709,3802,833533,627,411339,178,40837,2169,100557,2428,612129,2350,712686,California
Contra Costa,2021-05-25,6204,1291913,5053,838586,904,412243,247,41084,2654,99923,3534,615663,2900,715586,California
Contra Costa,2021-05-26,5556,1297469,3558,842144,1814,414057,184,41268,1958,98492,3574,619237,2143,717729,California
Contra Costa,2021-05-27,3717,1301186,2623,844767,925,414982,169,41437,1630,98217,2071,621308,1796,719525,California
Contra Costa,2021-05-28,3904,1305090,2777,847544,1008,415990,119,41556,1377,97193,2518,623826,1494,721019,California
Del Norte,2020-12-21,23,23,23,23,0,0,0,0,23,23,0,0,23,23,California
Del Norte,2020-12-22,45,68,45,68,0,0,0,0,45,68,0,0,45,68,California
Del Norte,2020-12-23,58,126,48,116,10,10,0,0,56,124,0,0,56,124,California
Del Norte,2020-12-28,34,160,34,150,0,10,0,0,34,158,0,0,34,158,California
Del Norte,2020-12-29,4,164,4,154,0,10,0,0,4,162,0,0,4,162,California
Del Norte,2020-12-30,67,231,55,209,12,22,0,0,68,230,0,0,68,230,California
Del Norte,2020-12-31,16,247,13,222,3,25,0,0,16,246,0,0,16,246,California
Del Norte,2021-01-04,102,349,49,271,53,78,0,0,102,348,0,0,102,348,California
Del Norte,2021-01-05,33,382,0,271,33,111,0,0,32,380,1,1,33,381,California
Del Norte,2021-01-06,77,459,18,289,59,170,0,0,77,457,0,1,77,458,California
Del Norte,2021-01-07,21,480,1,290,20,190,0,0,21,478,0,1,21,479,California
Del Norte,2021-01-08,77,557,7,297,70,260,0,0,77,555,0,1,77,556,California
Del Norte,2021-01-11,40,597,21,318,19,279,0,0,18,552,22,23,19,575,California
Del Norte,2021-01-12,50,647,31,349,19,298,0,0,30,562,20,43,30,605,California
Del Norte,2021-01-13,86,733,40,389,46,344,0,0,53,582,33,76,53,658,California
Del Norte,2021-01-14,52,785,14,403,38,382,0,0,46,622,6,82,46,704,California
Del Norte,2021-01-15,107,892,18,421,89,471,0,0,95,705,12,94,95,799,California
Del Norte,2021-01-17,1,893,1,422,0,471,0,0,1,706,0,94,1,800,California
Del Norte,2021-01-18,2,895,0,422,2,473,0,0,2,708,0,94,2,802,California
Del Norte,2021-01-19,119,1014,56,478,63,536,0,0,77,743,42,136,77,879,California
Del Norte,2021-01-20,159,1173,84,562,75,611,0,0,96,777,62,198,96,975,California
Del Norte,2021-01-21,43,1216,40,602,3,614,0,0,32,798,11,209,32,1007,California
Del Norte,2021-01-22,20,1236,17,619,3,617,0,0,13,804,7,216,13,1020,California
Del Norte,2021-01-23,1,1237,0,619,1,618,0,0,1,805,0,216,1,1021,California
Del Norte,2021-01-24,1,1238,0,619,1,619,0,0,1,806,0,216,1,1022,California
Del Norte,2021-01-25,100,1338,82,701,18,637,0,0,56,818,44,260,56,1078,California
Del Norte,2021-01-26,18,1356,11,712,7,644,0,0,7,814,11,271,7,1085,California
Del Norte,2021-01-27,64,1420,21,733,43,687,0,0,61,872,3,274,61,1146,California
Del Norte,2021-01-28,292,1712,20,753,272,959,0,0,287,1154,5,279,287,1433,California
Del Norte,2021-01-29,61,1773,21,774,40,999,0,0,43,1179,18,297,43,1476,California
Del Norte,2021-01-30,8,1781,1,775,7,1006,0,0,8,1187,0,297,8,1484,California
Del Norte,2021-02-01,41,1822,1,776,40,1046,0,0,26,1198,15,312,26,1510,California
Del Norte,2021-02-02,141,1963,34,810,107,1153,0,0,73,1204,67,379,73,1583,California
Del Norte,2021-02-03,126,2089,40,850,86,1239,0,0,71,1220,55,434,71,1654,California
Del Norte,2021-02-04,71,2160,29,879,42,1281,0,0,42,1233,29,463,42,1696,California
Del Norte,2021-02-05,184,2344,22,901,162,1443,0,0,119,1288,64,527,119,1815,California
Del Norte,2021-02-06,310,2654,4,905,306,1749,0,0,310,1598,0,527,310,2125,California
Del Norte,2021-02-07,1,2655,0,905,1,1750,0,0,1,1599,0,527,1,2126,California
Del Norte,2021-02-08,36,2691,1,906,35,1785,0,0,32,1627,4,531,32,2158,California
Del Norte,2021-02-09,8,2699,5,911,3,1788,0,0,2,1623,6,537,2,2160,California
Del Norte,2021-02-10,142,2841,20,931,122,1910,0,0,85,1652,56,593,85,2245,California
Del Norte,2021-02-11,177,3018,59,990,118,2028,0,0,64,1603,113,706,64,2309,California
Del Norte,2021-02-12,121,3139,14,1004,107,2135,0,0,67,1616,54,760,67,2376,California
Del Norte,2021-02-13,2,3141,1,1005,1,2136,0,0,2,1618,0,760,2,2378,California
Del Norte,2021-02-14,3,3144,1,1006,2,2138,0,0,2,1619,1,761,2,2380,California
Del Norte,2021-02-15,4,3148,0,1006,4,2142,0,0,2,1619,2,763,2,2382,California
Del Norte,2021-02-16,132,3280,1,1007,131,2273,0,0,13,1513,119,882,13,2395,California
Del Norte,2021-02-17,92,3372,20,1027,72,2345,0,0,25,1471,67,949,25,2420,California
Del Norte,2021-02-18,77,3449,24,1051,53,2398,0,0,51,1496,26,975,51,2471,California
Del Norte,2021-02-19,43,3492,17,1068,26,2424,0,0,33,1519,10,985,33,2504,California
Del Norte,2021-02-20,8,3500,5,1073,3,2427,0,0,6,1523,2,987,6,2510,California
Del Norte,2021-02-22,2,3502,0,1073,2,2429,0,0,2,1525,0,987,2,2512,California
Del Norte,2021-02-23,107,3609,89,1162,18,2447,0,0,31,1481,76,1063,32,2544,California
Del Norte,2021-02-24,152,3761,98,1260,54,2501,0,0,79,1487,73,1136,79,2623,California
Del Norte,2021-02-25,477,4238,131,1391,346,2847,0,0,213,1438,262,1398,213,2836,California
Del Norte,2021-02-26,214,4452,177,1568,37,2884,0,0,168,1560,46,1444,168,3004,California
Del Norte,2021-02-27,149,4601,143,1711,5,2889,1,1,141,1694,8,1452,142,3146,California
Del Norte,2021-02-28,3,4604,0,1711,3,2892,0,1,3,1697,0,1452,3,3149,California
Del Norte,2021-03-01,29,4633,2,1713,27,2919,0,1,4,1677,24,1476,4,3153,California
Del Norte,2021-03-02,222,4855,142,1855,80,2999,0,1,188,1831,34,1510,188,3341,California
Del Norte,2021-03-03,167,5022,99,1954,68,3067,0,1,126,1916,41,1551,126,3467,California
Del Norte,2021-03-04,120,5142,83,2037,37,3104,0,1,91,1979,28,1579,91,3558,California
Del Norte,2021-03-05,121,5263,11,2048,110,3214,0,1,73,2004,48,1627,73,3631,California
Del Norte,2021-03-06,464,5727,77,2125,338,3552,49,50,163,1873,301,1928,170,3801,California
Del Norte,2021-03-07,2,5729,1,2126,1,3553,0,50,1,1873,1,1929,1,3802,California
Del Norte,2021-03-08,28,5757,1,2127,25,3578,2,52,5,1857,23,1952,7,3809,California
Del Norte,2021-03-09,194,5951,113,2240,78,3656,3,55,183,2032,11,1963,186,3995,California
Del Norte,2021-03-10,233,6184,96,2336,109,3765,28,83,134,2095,99,2062,162,4157,California
Del Norte,2021-03-11,151,6335,55,2391,91,3856,5,88,103,2155,48,2110,108,4265,California
Del Norte,2021-03-12,178,6513,89,2480,89,3945,0,88,125,2227,53,2163,125,4390,California
Del Norte,2021-03-13,94,6607,93,2573,1,3946,0,88,91,2315,3,2166,91,4481,California
Del Norte,2021-03-14,1,6608,0,2573,1,3947,0,88,1,2315,1,2167,1,4482,California
Del Norte,2021-03-15,39,6647,0,2573,38,3985,1,89,34,2345,5,2172,35,4517,California
Del Norte,2021-03-16,281,6928,135,2708,146,4131,0,89,260,2584,21,2193,260,4777,California
Del Norte,2021-03-17,282,7210,95,2803,185,4316,2,91,168,2640,114,2307,170,4947,California
Del Norte,2021-03-18,285,7495,107,2910,175,4491,3,94,149,2657,135,2442,152,5099,California
Del Norte,2021-03-19,268,7763,160,3070,102,4593,6,100,91,2577,177,2619,97,5196,California
Del Norte,2021-03-20,157,7920,154,3224,3,4596,0,100,15,2450,142,2761,15,5211,California
Del Norte,2021-03-21,4,7924,2,3226,2,4598,0,100,2,2450,2,2763,2,5213,California
Del Norte,2021-03-22,43,7967,3,3229,39,4637,1,101,39,2487,3,2766,40,5253,California
Del Norte,2021-03-23,335,8302,164,3393,153,4790,18,119,164,2499,169,2935,181,5434,California
Del Norte,2021-03-24,396,8698,107,3500,249,5039,40,159,235,2613,161,3096,275,5709,California
Del Norte,2021-03-25,192,8890,88,3588,104,5143,0,159,84,2590,107,3203,84,5793,California
Del Norte,2021-03-26,234,9124,113,3701,121,5264,0,159,197,2750,37,3240,197,5990,California
Del Norte,2021-03-27,107,9231,86,3787,4,5268,17,176,17,2694,90,3330,34,6024,California
Del Norte,2021-03-28,4,9235,2,3789,2,5270,0,176,1,2692,3,3333,1,6025,California
Del Norte,2021-03-29,57,9292,6,3795,34,5304,17,193,32,2716,25,3358,49,6074,California
Del Norte,2021-03-30,340,9632,119,3914,210,5514,11,204,128,2643,212,3570,139,6213,California
Del Norte,2021-03-31,353,9985,100,4014,236,5750,17,221,198,2705,153,3723,215,6428,California
Del Norte,2021-04-01,164,10149,58,4072,72,5822,34,255,69,2714,94,3817,103,6531,California
Del Norte,2021-04-02,232,10381,79,4151,104,5926,49,304,49,2630,183,4000,99,6630,California
Del Norte,2021-04-03,108,10489,83,4234,2,5928,23,327,5,2556,102,4102,28,6658,California
Del Norte,2021-04-04,4,10493,0,4234,0,5928,4,331,0,2556,4,4106,4,6662,California
Del Norte,2021-04-05,47,10540,5,4239,38,5966,4,335,40,2593,7,4113,44,6706,California
Del Norte,2021-04-06,379,10919,120,4359,222,6188,37,372,146,2548,229,4342,184,6890,California
Del Norte,2021-04-07,436,11355,115,4474,260,6448,61,433,290,2753,146,4488,351,7241,California
Del Norte,2021-04-08,228,11583,54,4528,106,6554,68,501,105,2804,123,4611,174,7415,California
Del Norte,2021-04-09,206,11789,46,4574,83,6637,77,578,99,2872,106,4717,174,7589,California
Del Norte,2021-04-10,47,11836,26,4600,4,6641,17,595,27,2896,20,4737,44,7633,California
Del Norte,2021-04-11,12,11848,3,4603,2,6643,7,602,2,2895,10,4747,9,7642,California
Del Norte,2021-04-12,27,11875,1,4604,9,6652,17,619,1,2888,25,4772,18,7660,California
Del Norte,2021-04-13,298,12173,50,4654,248,6900,0,619,155,2900,143,4915,155,7815,California
Del Norte,2021-04-14,327,12500,23,4677,304,7204,0,619,138,2854,189,5104,143,7958,California
Del Norte,2021-04-15,164,12664,31,4708,133,7337,0,619,45,2781,119,5223,46,8004,California
Del Norte,2021-04-16,161,12825,40,4748,121,7458,0,619,59,2739,102,5325,60,8064,California
Del Norte,2021-04-17,104,12929,72,4820,32,7490,0,619,99,2833,5,5330,99,8163,California
Del Norte,2021-04-18,5,12934,4,4824,1,7491,0,619,4,2836,1,5331,4,8167,California
Del Norte,2021-04-19,50,12984,6,4830,44,7535,0,619,8,2802,42,5373,8,8175,California
Del Norte,2021-04-20,208,13192,40,4870,168,7703,0,619,73,2740,135,5508,73,8248,California
Del Norte,2021-04-21,288,13480,23,4893,265,7968,0,619,63,2582,224,5732,66,8314,California
Del Norte,2021-04-22,114,13594,15,4908,99,8067,0,619,62,2592,52,5784,62,8376,California
Del Norte,2021-04-23,153,13747,22,4930,131,8198,0,619,40,2519,113,5897,40,8416,California
Del Norte,2021-04-24,25,13772,14,4944,11,8209,0,619,20,2534,5,5902,20,8436,California
Del Norte,2021-04-25,2,13774,0,4944,2,8211,0,619,2,2536,0,5902,2,8438,California
Del Norte,2021-04-26,31,13805,0,4944,31,8242,0,619,9,2523,22,5924,9,8447,California
Del Norte,2021-04-27,181,13986,19,4963,157,8399,5,624,49,2445,132,6056,54,8501,California
Del Norte,2021-04-28,351,14337,100,5063,246,8645,5,629,63,2227,287,6343,69,8570,California
Del Norte,2021-04-29,93,14430,6,5069,83,8728,4,633,26,2190,67,6410,30,8600,California
Del Norte,2021-04-30,83,14513,6,5075,67,8795,10,643,44,2205,39,6449,54,8654,California
Del Norte,2021-05-01,8,14521,3,5078,5,8800,0,643,6,2209,2,6451,6,8660,California
Del Norte,2021-05-02,8,14529,0,5078,8,8808,0,643,8,2217,0,6451,8,8668,California
Del Norte,2021-05-03,40,14569,3,5081,34,8842,3,646,2,2185,37,6488,5,8673,California
Del Norte,2021-05-04,221,14790,36,5117,180,9022,5,651,46,2062,174,6662,51,8724,California
Del Norte,2021-05-05,231,15021,19,5136,204,9226,8,659,56,1951,175,6837,64,8788,California
Del Norte,2021-05-06,111,15132,24,5160,74,9300,13,672,26,1905,85,6922,39,8827,California
Del Norte,2021-05-07,152,15284,29,5189,119,9419,4,676,32,1821,120,7042,36,8863,California
Del Norte,2021-05-08,64,15348,55,5244,7,9426,2,678,6,1771,58,7100,8,8871,California
Del Norte,2021-05-09,9,15357,3,5247,3,9429,3,681,2,1769,7,7107,5,8876,California
Del Norte,2021-05-10,25,15382,3,5250,18,9447,4,685,15,1778,10,7117,19,8895,California
Del Norte,2021-05-11,170,15552,49,5299,119,9566,2,687,33,1676,137,7254,35,8930,California
Del Norte,2021-05-12,148,15700,23,5322,115,9681,10,697,27,1593,120,7374,37,8967,California
Del Norte,2021-05-13,60,15760,29,5351,30,9711,1,698,32,1598,28,7402,33,9000,California
Del Norte,2021-05-14,77,15837,27,5378,49,9760,1,699,42,1606,35,7437,43,9043,California
Del Norte,2021-05-15,81,15918,53,5431,28,9788,0,699,53,1631,28,7465,53,9096,California
Del Norte,2021-05-16,11,15929,0,5431,11,9799,0,699,11,1642,0,7465,11,9107,California
Del Norte,2021-05-17,27,15956,3,5434,20,9819,4,703,15,1649,12,7477,19,9126,California
Del Norte,2021-05-18,126,16082,68,5502,57,9876,1,704,80,1684,46,7523,81,9207,California
Del Norte,2021-05-19,96,16178,14,5516,66,9942,16,720,38,1680,58,7581,54,9261,California
Del Norte,2021-05-20,98,16276,31,5547,64,10006,3,723,39,1664,58,7639,42,9303,California
Del Norte,2021-05-21,78,16354,32,5579,42,10048,4,727,41,1672,37,7676,45,9348,California
Del Norte,2021-05-22,21,16375,7,5586,14,10062,0,727,8,1667,13,7689,8,9356,California
Del Norte,2021-05-23,11,16386,4,5590,7,10069,0,727,4,1664,7,7696,4,9360,California
Del Norte,2021-05-24,29,16415,11,5601,17,10086,1,728,18,1673,10,7706,19,9379,California
Del Norte,2021-05-25,45,16460,7,5608,30,10116,8,736,14,1666,29,7735,22,9401,California
Del Norte,2021-05-26,113,16573,36,5644,71,10187,6,742,52,1664,60,7795,58,9459,California
Del Norte,2021-05-27,64,16637,22,5666,38,10225,4,746,30,1664,34,7829,34,9493,California
Del Norte,2021-05-28,41,16678,4,5670,36,10261,1,747,4,1632,37,7866,5,9498,California
El Dorado,2020-12-15,12,12,12,12,0,0,0,0,12,12,0,0,12,12,California
El Dorado,2020-12-16,40,52,40,52,0,0,0,0,40,52,0,0,40,52,California
El Dorado,2020-12-17,31,83,31,83,0,0,0,0,31,83,0,0,31,83,California
El Dorado,2020-12-18,239,322,239,322,0,0,0,0,239,322,0,0,239,322,California
El Dorado,2020-12-19,116,438,116,438,0,0,0,0,116,438,0,0,116,438,California
El Dorado,2020-12-20,85,523,85,523,0,0,0,0,85,523,0,0,85,523,California
El Dorado,2020-12-21,309,832,308,831,1,1,0,0,309,832,0,0,309,832,California
El Dorado,2020-12-22,238,1070,214,1045,24,25,0,0,238,1070,0,0,238,1070,California
El Dorado,2020-12-23,190,1260,141,1186,49,74,0,0,190,1260,0,0,190,1260,California
El Dorado,2020-12-24,88,1348,67,1253,21,95,0,0,88,1348,0,0,88,1348,California
El Dorado,2020-12-25,8,1356,8,1261,0,95,0,0,8,1356,0,0,8,1356,California
El Dorado,2020-12-26,45,1401,27,1288,18,113,0,0,45,1401,0,0,45,1401,California
El Dorado,2020-12-27,37,1438,33,1321,4,117,0,0,37,1438,0,0,37,1438,California
El Dorado,2020-12-28,213,1651,166,1487,47,164,0,0,213,1651,0,0,213,1651,California
El Dorado,2020-12-29,460,2111,143,1630,317,481,0,0,460,2111,0,0,460,2111,California
El Dorado,2020-12-30,505,2616,136,1766,369,850,0,0,505,2616,0,0,505,2616,California
El Dorado,2020-12-31,110,2726,70,1836,40,890,0,0,110,2726,0,0,110,2726,California
El Dorado,2021-01-01,7,2733,4,1840,3,893,0,0,7,2733,0,0,7,2733,California
El Dorado,2021-01-02,153,2886,141,1981,12,905,0,0,153,2886,0,0,153,2886,California
El Dorado,2021-01-03,92,2978,17,1998,75,980,0,0,92,2978,0,0,92,2978,California
El Dorado,2021-01-04,190,3168,62,2060,128,1108,0,0,190,3168,0,0,190,3168,California
El Dorado,2021-01-05,228,3396,72,2132,156,1264,0,0,212,3364,16,16,212,3380,California
El Dorado,2021-01-06,239,3635,167,2299,72,1336,0,0,175,3475,64,80,175,3555,California
El Dorado,2021-01-07,332,3967,137,2436,195,1531,0,0,261,3665,71,151,261,3816,California
El Dorado,2021-01-08,977,4944,503,2939,474,2005,0,0,771,4231,206,357,772,4588,California
El Dorado,2021-01-09,193,5137,156,3095,37,2042,0,0,125,4288,68,425,125,4713,California
El Dorado,2021-01-10,179,5316,128,3223,51,2093,0,0,109,4328,70,495,110,4823,California
El Dorado,2021-01-11,659,5975,293,3516,366,2459,0,0,459,4589,199,694,460,5283,California
El Dorado,2021-01-12,806,6781,423,3939,383,2842,0,0,557,4897,249,943,557,5840,California
El Dorado,2021-01-13,702,7483,298,4237,404,3246,0,0,541,5277,161,1104,541,6381,California
El Dorado,2021-01-14,792,8275,220,4457,572,3818,0,0,697,5879,95,1199,697,7078,California
El Dorado,2021-01-15,790,9065,184,4641,606,4424,0,0,718,6525,72,1271,718,7796,California
El Dorado,2021-01-16,173,9238,103,4744,70,4494,0,0,146,6644,27,1298,146,7942,California
El Dorado,2021-01-17,99,9337,46,4790,53,4547,0,0,82,6709,17,1315,82,8024,California
El Dorado,2021-01-18,423,9760,140,4930,283,4830,0,0,354,6994,69,1384,354,8378,California
El Dorado,2021-01-19,754,10514,453,5383,301,5131,0,0,604,7449,150,1534,605,8983,California
El Dorado,2021-01-20,1014,11528,689,6072,325,5456,0,0,901,8238,112,1646,901,9884,California
El Dorado,2021-01-21,1265,12793,678,6750,587,6043,0,0,1057,9128,167,1813,1057,10941,California
El Dorado,2021-01-22,1229,14022,834,7584,395,6438,0,0,1175,10250,53,1866,1175,12116,California
El Dorado,2021-01-23,737,14759,615,8199,122,6560,0,0,626,10765,111,1977,626,12742,California
El Dorado,2021-01-24,126,14885,76,8275,50,6610,0,0,107,10853,19,1996,107,12849,California
El Dorado,2021-01-25,700,15585,293,8568,407,7017,0,0,613,11379,87,2083,613,13462,California
El Dorado,2021-01-26,676,16261,365,8933,311,7328,0,0,573,11849,103,2186,573,14035,California
El Dorado,2021-01-27,991,17252,389,9322,602,7930,0,0,653,12163,339,2525,653,14688,California
El Dorado,2021-01-28,1106,18358,452,9774,654,8584,0,0,745,12547,361,2886,745,15433,California
El Dorado,2021-01-29,1044,19402,556,10330,488,9072,0,0,752,13009,291,3177,753,16186,California
El Dorado,2021-01-30,543,19945,291,10621,252,9324,0,0,446,13359,96,3273,446,16632,California
El Dorado,2021-01-31,236,20181,215,10836,21,9345,0,0,184,13492,51,3324,184,16816,California
El Dorado,2021-02-01,798,20979,368,11204,430,9775,0,0,653,14000,145,3469,653,17469,California
El Dorado,2021-02-02,839,21818,367,11571,472,10247,0,0,676,14513,163,3632,676,18145,California
El Dorado,2021-02-03,902,22720,476,12047,426,10673,0,0,690,14991,212,3844,690,18835,California
El Dorado,2021-02-04,1244,23964,701,12748,543,11216,0,0,872,15491,372,4216,872,19707,California
El Dorado,2021-02-05,1485,25449,599,13347,886,12102,0,0,862,15767,586,4802,862,20569,California
El Dorado,2021-02-06,637,26086,331,13678,306,12408,0,0,531,16193,106,4908,532,21101,California
El Dorado,2021-02-07,259,26345,177,13855,82,12490,0,0,195,16324,64,4972,195,21296,California
El Dorado,2021-02-08,884,27229,418,14273,466,12956,0,0,610,16660,274,5246,610,21906,California
El Dorado,2021-02-09,970,28199,546,14819,424,13380,0,0,539,16768,431,5677,539,22445,California
El Dorado,2021-02-10,1257,29456,735,15554,522,13902,0,0,664,16840,592,6269,664,23109,California
El Dorado,2021-02-11,2151,31607,889,16443,1262,15164,0,0,757,16207,1391,7660,758,23867,California
El Dorado,2021-02-12,1575,33182,825,17268,750,15914,0,0,675,15984,899,8559,676,24543,California
El Dorado,2021-02-13,979,34161,667,17935,312,16226,0,0,435,15878,541,9100,435,24978,California
El Dorado,2021-02-14,486,34647,155,18090,331,16557,0,0,399,16190,87,9187,399,25377,California
El Dorado,2021-02-15,1181,35828,383,18473,798,17355,0,0,818,16649,363,9550,822,26199,California
El Dorado,2021-02-16,1206,37034,532,19005,674,18029,0,0,671,16787,534,10084,672,26871,California
El Dorado,2021-02-17,952,37986,419,19424,533,18562,0,0,459,16755,493,10577,461,27332,California
El Dorado,2021-02-18,2094,40080,1020,20444,1074,19636,0,0,1059,16780,1034,11611,1059,28391,California
El Dorado,2021-02-19,1210,41290,643,21087,567,20203,0,0,676,16923,533,12144,676,29067,California
El Dorado,2021-02-20,925,42215,441,21528,484,20687,0,0,671,17345,249,12393,671,29738,California
El Dorado,2021-02-21,286,42501,229,21757,57,20744,0,0,101,17261,185,12578,101,29839,California
El Dorado,2021-02-22,875,43376,439,22196,436,21180,0,0,273,16933,601,13179,273,30112,California
El Dorado,2021-02-23,846,44222,473,22669,373,21553,0,0,338,16764,507,13686,338,30450,California
El Dorado,2021-02-24,1027,45249,438,23107,589,22142,0,0,425,16588,602,14288,426,30876,California
El Dorado,2021-02-25,1891,47140,1140,24247,751,22893,0,0,674,16054,1210,15498,676,31552,California
El Dorado,2021-02-26,2357,49497,1481,25728,876,23769,0,0,1586,16872,768,16266,1586,33138,California
El Dorado,2021-02-27,1663,51160,440,26168,1223,24992,0,0,1222,17656,438,16704,1222,34360,California
El Dorado,2021-02-28,594,51754,207,26375,387,25379,0,0,436,17935,158,16862,437,34797,California
El Dorado,2021-03-01,1134,52888,448,26823,684,26063,2,2,624,18052,509,17371,626,35423,California
El Dorado,2021-03-02,924,53812,269,27092,655,26718,0,2,484,18098,438,17809,484,35907,California
El Dorado,2021-03-03,1691,55503,465,27557,1226,27944,0,2,1154,18725,530,18339,1157,37064,California
El Dorado,2021-03-04,2514,58017,1549,29106,965,28909,0,2,1195,18604,1316,19655,1195,38259,California
El Dorado,2021-03-05,1580,59597,426,29532,1149,30058,5,7,1044,19123,530,20185,1049,39308,California
El Dorado,2021-03-06,741,60338,213,29745,493,30551,35,42,393,19204,347,20532,428,39736,California
El Dorado,2021-03-07,406,60744,197,29942,191,30742,18,60,242,19302,162,20694,260,39996,California
El Dorado,2021-03-08,1329,62073,365,30307,892,31634,72,132,860,19767,466,21160,931,40927,California
El Dorado,2021-03-09,989,63062,231,30538,691,32325,67,199,587,20034,387,21547,654,41581,California
El Dorado,2021-03-10,951,64013,345,30883,550,32875,56,255,548,20241,396,21943,603,42184,California
El Dorado,2021-03-11,3019,67032,1833,32716,1004,33879,182,437,1285,19994,1713,23656,1466,43650,California
El Dorado,2021-03-12,1787,68819,620,33336,920,34799,247,684,745,19964,1024,24680,994,44644,California
El Dorado,2021-03-13,1066,69885,344,33680,440,35239,282,966,375,19931,688,25368,655,45299,California
El Dorado,2021-03-14,794,70679,208,33888,474,35713,112,1078,279,19807,515,25883,391,45690,California
El Dorado,2021-03-15,1401,72080,304,34192,971,36684,126,1204,612,19761,785,26668,739,46429,California
El Dorado,2021-03-16,1221,73301,412,34604,664,37348,145,1349,571,19833,644,27312,716,47145,California
El Dorado,2021-03-17,1109,74410,349,34953,665,38013,95,1444,723,20266,385,27697,818,47963,California
El Dorado,2021-03-18,2998,77408,1774,36727,1179,39192,45,1489,1976,21273,1014,28711,2021,49984,California
El Dorado,2021-03-19,1119,78527,365,37092,607,39799,147,1636,641,21583,478,29189,788,50772,California
El Dorado,2021-03-20,949,79476,269,37361,663,40462,17,1653,369,21401,568,29757,386,51158,California
El Dorado,2021-03-21,1026,80502,419,37780,602,41064,5,1658,934,22250,90,29847,939,52097,California
El Dorado,2021-03-22,1507,82009,489,38269,936,42000,82,1740,1196,23222,306,30153,1278,53375,California
El Dorado,2021-03-23,1149,83158,452,38721,602,42602,95,1835,733,23645,405,30558,828,54203,California
El Dorado,2021-03-24,1459,84617,624,39345,639,43241,196,2031,665,23740,766,31324,861,55064,California
El Dorado,2021-03-25,2511,87128,1685,41030,723,43964,103,2134,1381,24101,1124,32448,1485,56549,California
El Dorado,2021-03-26,1821,88949,698,41728,1013,44977,110,2244,946,24305,853,33301,1057,57606,California
El Dorado,2021-03-27,1320,90269,188,41916,1128,46105,4,2248,334,23663,980,34281,338,57944,California
El Dorado,2021-03-28,636,90905,182,42098,444,46549,10,2258,203,23447,429,34710,213,58157,California
El Dorado,2021-03-29,1320,92225,433,42531,871,47420,16,2274,830,23806,487,35197,846,59003,California
El Dorado,2021-03-30,1364,93589,413,42944,858,48278,93,2367,684,23909,672,35869,775,59778,California
El Dorado,2021-03-31,1561,95150,582,43526,916,49194,63,2430,700,23812,859,36728,762,60540,California
El Dorado,2021-04-01,3239,98389,1769,45295,1387,50581,83,2513,1542,23744,1695,38423,1627,62167,California
El Dorado,2021-04-02,1890,100279,563,45858,1232,51813,95,2608,752,23461,1132,39555,849,63016,California
El Dorado,2021-04-03,752,101031,295,46153,335,52148,122,2730,231,23296,518,40073,353,63369,California
El Dorado,2021-04-04,272,101303,85,46238,140,52288,47,2777,98,23268,173,40246,145,63514,California
El Dorado,2021-04-05,1425,102728,425,46663,906,53194,94,2871,593,23127,827,41073,686,64200,California
El Dorado,2021-04-06,1415,104143,524,47187,670,53864,221,3092,454,22842,958,42031,673,64873,California
El Dorado,2021-04-07,1589,105732,559,47746,577,54441,453,3545,559,22824,1027,43058,1009,65882,California
El Dorado,2021-04-08,2682,108414,1730,49476,717,55158,235,3780,1119,22631,1554,44612,1361,67243,California
El Dorado,2021-04-09,1436,109850,454,49930,761,55919,221,4001,574,22568,859,45471,796,68039,California
El Dorado,2021-04-10,819,110669,224,50154,485,56404,110,4111,471,22804,345,45816,581,68620,California
El Dorado,2021-04-11,702,111371,454,50608,232,56636,16,4127,207,22533,494,46310,223,68843,California
El Dorado,2021-04-12,1277,112648,498,51106,630,57266,149,4276,559,22529,711,47021,707,69550,California
El Dorado,2021-04-13,1118,113766,609,51715,509,57775,0,4276,507,22429,607,47628,507,70057,California
El Dorado,2021-04-14,1086,114852,460,52175,625,58400,1,4277,387,22131,686,48314,388,70445,California
El Dorado,2021-04-15,2489,117341,1671,53846,818,59218,0,4277,953,21552,1533,49847,954,71399,California
El Dorado,2021-04-16,1467,118808,521,54367,946,60164,0,4277,603,21296,860,50707,604,72003,California
El Dorado,2021-04-17,791,119599,202,54569,589,60753,0,4277,491,21490,297,51004,491,72494,California
El Dorado,2021-04-18,991,120590,89,54658,902,61655,0,4277,395,21290,595,51599,395,72889,California
El Dorado,2021-04-19,1715,122305,438,55096,1277,62932,0,4277,690,20961,1019,52618,690,73579,California
El Dorado,2021-04-20,1110,123415,360,55456,750,63682,0,4277,461,20778,644,53262,461,74040,California
El Dorado,2021-04-21,1159,124574,466,55922,689,64371,4,4281,591,20810,560,53822,592,74632,California
El Dorado,2021-04-22,2549,127123,1679,57601,870,65241,0,4281,1067,20398,1479,55301,1067,75699,California
El Dorado,2021-04-23,1398,128521,491,58092,907,66148,0,4281,708,20420,687,55988,709,76408,California
El Dorado,2021-04-24,969,129490,516,58608,453,66601,0,4281,734,20921,233,56221,734,77142,California
El Dorado,2021-04-25,653,130143,449,59057,204,66805,0,4281,466,21200,187,56408,466,77608,California
El Dorado,2021-04-26,1140,131283,450,59507,673,67478,17,4298,537,21153,600,57008,553,78161,California
El Dorado,2021-04-27,1052,132335,375,59882,649,68127,28,4326,472,21079,574,57582,500,78661,California
El Dorado,2021-04-28,1033,133368,346,60228,647,68774,40,4366,403,20893,629,58211,443,79104,California
El Dorado,2021-04-29,1929,135297,1303,61531,594,69368,32,4398,538,20074,1389,59600,570,79674,California
El Dorado,2021-04-30,2120,137417,1331,62862,748,70116,41,4439,1359,20724,749,60349,1399,81073,California
El Dorado,2021-05-01,617,138034,282,63144,308,70424,27,4466,279,20699,331,60680,306,81379,California
El Dorado,2021-05-02,298,138332,212,63356,57,70481,29,4495,101,20634,194,60874,129,81508,California
El Dorado,2021-05-03,821,139153,402,63758,369,70850,50,4545,276,20418,543,61417,327,81835,California
El Dorado,2021-05-04,875,140028,431,64189,386,71236,58,4603,308,20221,563,61980,366,82201,California
El Dorado,2021-05-05,874,140902,432,64621,369,71605,73,4676,414,20250,458,62438,487,82688,California
El Dorado,2021-05-06,1113,142015,482,65103,584,72189,47,4723,473,20132,634,63072,516,83204,California
El Dorado,2021-05-07,978,142993,373,65476,547,72736,58,4781,399,20009,579,63651,456,83660,California
El Dorado,2021-05-08,484,143477,149,65625,298,73034,37,4818,186,19936,296,63947,223,83883,California
El Dorado,2021-05-09,218,143695,79,65704,112,73146,27,4845,100,19946,117,64064,127,84010,California
El Dorado,2021-05-10,828,144523,274,65978,495,73641,59,4904,241,19667,577,64641,298,84308,California
El Dorado,2021-05-11,660,145183,286,66264,320,73961,54,4958,290,19645,367,65008,345,84653,California
El Dorado,2021-05-12,585,145768,307,66571,243,74204,35,4993,235,19566,350,65358,271,84924,California
El Dorado,2021-05-13,1141,146909,732,67303,373,74577,36,5029,396,19257,740,66098,431,85355,California
El Dorado,2021-05-14,1399,148308,805,68108,510,75087,84,5113,680,19307,714,66812,764,86119,California
El Dorado,2021-05-15,896,149204,553,68661,287,75374,56,5169,313,19093,583,67395,369,86488,California
El Dorado,2021-05-16,654,149858,456,69117,172,75546,26,5195,228,18921,426,67821,254,86742,California
El Dorado,2021-05-17,1565,151423,662,69779,855,76401,48,5243,568,18543,993,68814,615,87357,California
El Dorado,2021-05-18,1012,152435,507,70286,451,76852,54,5297,445,18476,566,69380,499,87856,California
El Dorado,2021-05-19,810,153245,328,70614,430,77282,52,5349,315,18353,489,69869,366,88222,California
El Dorado,2021-05-20,1041,154286,602,71216,390,77672,49,5398,448,18260,590,70459,497,88719,California
El Dorado,2021-05-21,2170,156456,1662,72878,483,78155,25,5423,743,17606,1422,71881,768,89487,California
El Dorado,2021-05-22,568,157024,156,73034,395,78550,17,5440,191,17438,376,72257,208,89695,California
El Dorado,2021-05-23,190,157214,87,73121,84,78634,19,5459,61,17390,128,72385,80,89775,California
El Dorado,2021-05-24,867,158081,437,73558,363,78997,67,5526,305,17201,558,72943,369,90144,California
El Dorado,2021-05-25,584,158665,236,73794,315,79312,33,5559,223,17098,359,73302,256,90400,California
El Dorado,2021-05-26,773,159438,377,74171,376,79688,20,5579,291,16929,480,73782,311,90711,California
El Dorado,2021-05-27,551,159989,234,74405,286,79974,31,5610,287,16984,262,74044,317,91028,California
El Dorado,2021-05-28,294,160283,83,74488,181,80155,30,5640,77,16875,216,74260,107,91135,California
Fresno,2020-12-15,2,2,2,2,0,0,0,0,2,2,0,0,2,2,California
Fresno,2020-12-16,125,127,125,127,0,0,0,0,125,127,0,0,125,127,California
Fresno,2020-12-17,121,248,121,248,0,0,0,0,121,248,0,0,121,248,California
Fresno,2020-12-18,346,594,346,594,0,0,0,0,346,594,0,0,346,594,California
Fresno,2020-12-19,159,753,159,753,0,0,0,0,159,753,0,0,159,753,California
Fresno,2020-12-20,258,1011,256,1009,2,2,0,0,258,1011,0,0,258,1011,California
Fresno,2020-12-21,928,1939,926,1935,2,4,0,0,959,1970,0,0,959,1970,California
Fresno,2020-12-22,905,2844,875,2810,30,34,0,0,909,2879,0,0,909,2879,California
Fresno,2020-12-23,1091,3935,1049,3859,42,76,0,0,1092,3971,0,0,1092,3971,California
Fresno,2020-12-24,589,4524,563,4422,26,102,0,0,589,4560,0,0,589,4560,California
Fresno,2020-12-25,2,4526,1,4423,1,103,0,0,2,4562,0,0,2,4562,California
Fresno,2020-12-26,724,5250,715,5138,9,112,0,0,724,5286,0,0,724,5286,California
Fresno,2020-12-27,307,5557,208,5346,99,211,0,0,307,5593,0,0,307,5593,California
Fresno,2020-12-28,1090,6647,800,6146,290,501,0,0,1091,6684,0,0,1091,6684,California
Fresno,2020-12-29,1736,8383,991,7137,745,1246,0,0,1734,8417,1,1,1734,8418,California
Fresno,2020-12-30,955,9338,444,7581,511,1757,0,0,955,9372,0,1,955,9373,California
Fresno,2020-12-31,901,10239,309,7890,592,2349,0,0,900,10272,0,1,900,10273,California
Fresno,2021-01-01,9,10248,3,7893,6,2355,0,0,9,10281,0,1,9,10282,California
Fresno,2021-01-02,1029,11277,715,8608,314,2669,0,0,1029,11310,0,1,1029,11311,California
Fresno,2021-01-03,153,11430,128,8736,25,2694,0,0,153,11463,0,1,153,11464,California
Fresno,2021-01-04,620,12050,376,9112,244,2938,0,0,620,12083,0,1,620,12084,California
Fresno,2021-01-05,782,12832,313,9425,469,3407,0,0,708,12717,74,75,708,12792,California
Fresno,2021-01-06,986,13818,348,9773,638,4045,0,0,810,13351,176,251,810,13602,California
Fresno,2021-01-07,1895,15713,917,10690,978,5023,0,0,1642,14743,253,504,1645,15247,California
Fresno,2021-01-08,1788,17501,613,11303,1175,6198,0,0,1424,15805,362,866,1424,16671,California
Fresno,2021-01-09,634,18135,388,11691,246,6444,0,0,359,15889,275,1141,359,17030,California
Fresno,2021-01-10,518,18653,488,12179,30,6474,0,0,204,15779,314,1455,204,17234,California
Fresno,2021-01-11,2220,20873,1812,13991,408,6882,0,0,1526,16614,694,2149,1529,18763,California
Fresno,2021-01-12,2529,23402,1830,15821,699,7581,0,0,1678,17441,853,3002,1680,20443,California
Fresno,2021-01-13,3556,26958,2436,18257,1120,8701,0,0,2706,19300,850,3852,2709,23152,California
Fresno,2021-01-14,4137,31095,2183,20440,1954,10655,0,0,3666,22496,470,4322,3666,26818,California
Fresno,2021-01-15,3662,34757,2530,22970,1132,11787,0,0,3304,25446,358,4680,3308,30126,California
Fresno,2021-01-16,3152,37909,2309,25279,843,12630,0,0,2687,27670,464,5144,2688,32814,California
Fresno,2021-01-17,976,38885,555,25834,421,13051,0,0,778,28250,198,5342,778,33592,California
Fresno,2021-01-18,3077,41962,2369,28203,708,13759,0,0,2421,30019,654,5996,2423,36015,California
Fresno,2021-01-19,4406,46368,2620,30823,1786,15545,0,0,3692,33001,714,6710,3696,39711,California
Fresno,2021-01-20,3020,49388,1208,32031,1812,17357,0,0,2707,35400,311,7021,2710,42421,California
Fresno,2021-01-21,4395,53783,2033,34064,2362,19719,0,0,4034,39102,338,7359,4040,46461,California
Fresno,2021-01-22,3313,57096,1349,35413,1964,21683,0,0,2922,41651,374,7733,2923,49384,California
Fresno,2021-01-23,3049,60145,1974,37387,1075,22758,0,0,2326,43260,722,8455,2331,51715,California
Fresno,2021-01-24,559,60704,377,37764,182,22940,0,0,353,43409,206,8661,355,52070,California
Fresno,2021-01-25,2425,63129,866,38630,1559,24499,0,0,1873,44733,552,9213,1876,53946,California
Fresno,2021-01-26,2065,65194,586,39216,1479,25978,0,0,1319,45309,744,9957,1320,55266,California
Fresno,2021-01-27,2319,67513,1158,40374,1161,27139,0,0,1755,46504,563,10520,1758,57024,California
Fresno,2021-01-28,4527,72040,3049,43423,1478,28617,0,0,3475,48933,1049,11569,3478,60502,California
Fresno,2021-01-29,1710,73750,983,44406,727,29344,0,0,1410,50048,296,11865,1411,61913,California
Fresno,2021-01-30,1452,75202,550,44956,902,30246,0,0,1035,50666,417,12282,1035,62948,California
Fresno,2021-01-31,228,75430,219,45175,9,30255,0,0,74,50586,154,12436,74,63022,California
Fresno,2021-02-01,3347,78777,1673,46848,1674,31929,0,0,1787,50823,1559,13995,1796,64818,California
Fresno,2021-02-02,2723,81500,552,47400,2171,34100,0,0,1580,51290,1128,15123,1595,66413,California
Fresno,2021-02-03,3556,85056,2101,49501,1455,35555,0,0,1547,50837,2001,17124,1548,67961,California
Fresno,2021-02-04,4198,89254,1897,51398,2301,37856,0,0,1930,50534,2238,19362,1935,69896,California
Fresno,2021-02-05,5345,94599,2730,54128,2615,40471,0,0,2310,49818,3030,22392,2314,72210,California
Fresno,2021-02-06,2939,97538,2048,56176,891,41362,0,0,974,48833,1960,24352,975,73185,California
Fresno,2021-02-07,466,98004,284,56460,182,41544,0,0,272,48912,193,24545,272,73457,California
Fresno,2021-02-08,4278,102282,2291,58751,1987,43531,0,0,1815,48285,2451,26996,1824,75281,California
Fresno,2021-02-09,5342,107624,2090,60841,3252,46783,0,0,3126,49278,2142,29138,3135,78416,California
Fresno,2021-02-10,3893,111517,1233,62074,2660,49443,0,0,1995,49442,1846,30984,2010,80426,California
Fresno,2021-02-11,6459,117976,2095,64169,4364,53807,0,0,3360,49726,3081,34065,3365,83791,California
Fresno,2021-02-12,5399,123375,1383,65552,4016,57823,0,0,2737,49828,2643,36708,2745,86536,California
Fresno,2021-02-13,3756,127131,1561,67113,2195,60018,0,0,2086,50261,1659,38367,2092,88628,California
Fresno,2021-02-14,1563,128694,283,67396,1280,61298,0,0,838,50376,725,39092,840,89468,California
Fresno,2021-02-15,2895,131589,267,67663,2628,63926,0,0,1791,51071,1100,40192,1795,91263,California
Fresno,2021-02-16,6700,138289,2406,70069,4294,68220,0,0,4248,52890,2435,42627,4254,95517,California
Fresno,2021-02-17,5340,143629,2452,72521,2888,71108,0,0,2991,53581,2304,44931,2995,98512,California
Fresno,2021-02-18,6859,150488,2895,75416,3964,75072,0,0,2586,51949,4229,49160,2597,101109,California
Fresno,2021-02-19,3842,154330,1100,76516,2742,77814,0,0,1825,51771,2006,51166,1828,102937,California
Fresno,2021-02-20,4538,158868,2492,79008,2046,79860,0,0,3054,53353,1478,52644,3060,105997,California
Fresno,2021-02-21,191,159059,172,79180,19,79879,0,0,127,53430,50,52694,127,106124,California
Fresno,2021-02-22,2253,161312,1004,80184,1249,81128,0,0,1238,53665,1005,53699,1240,107364,California
Fresno,2021-02-23,4691,166003,2265,82449,2426,83554,0,0,3814,56616,865,54564,3816,111180,California
Fresno,2021-02-24,4212,170215,1503,83952,2709,86263,0,0,3457,59331,743,55307,3458,114638,California
Fresno,2021-02-25,8710,178925,3735,87687,4975,91238,0,0,7220,65133,1426,56733,7228,121866,California
Fresno,2021-02-26,9019,187944,3702,91389,5317,96555,0,0,7701,71546,1294,58027,7707,129573,California
Fresno,2021-02-27,7291,195235,3159,94548,4131,100686,1,1,6579,77432,696,58723,6582,136155,California
Fresno,2021-02-28,1655,196890,535,95083,1120,101806,0,1,1566,78922,77,58800,1567,137722,California
Fresno,2021-03-01,5079,201969,1310,96393,3769,105575,0,1,3677,81214,1389,60189,3681,141403,California
Fresno,2021-03-02,9858,211827,3384,99777,6474,112049,0,1,8474,88351,1360,61549,8497,149900,California
Fresno,2021-03-03,6947,218774,1700,101477,5246,117295,1,2,5933,93398,1001,62550,6048,155948,California
Fresno,2021-03-04,10450,229224,4119,105596,6331,123626,0,2,8711,100406,1711,64261,8719,164667,California
Fresno,2021-03-05,9174,238398,3633,109229,5539,129165,2,4,8012,107466,1029,65290,8089,172756,California
Fresno,2021-03-06,6981,245379,3920,113149,2943,132108,118,122,5989,112592,985,66275,6111,178867,California
Fresno,2021-03-07,1489,246868,681,113830,772,132880,36,158,1259,113661,227,66502,1296,180163,California
Fresno,2021-03-08,5276,252144,2026,115856,3099,135979,151,309,3987,116532,1278,67780,4149,184312,California
Fresno,2021-03-09,8605,260749,3793,119649,4541,140520,271,580,4648,117551,3936,71716,4955,189267,California
Fresno,2021-03-10,6836,267585,2862,122511,3582,144102,392,972,5373,121871,1454,73170,5774,195041,California
Fresno,2021-03-11,11628,279213,4584,127095,6478,150580,566,1538,6317,123545,5285,78455,6959,202000,California
Fresno,2021-03-12,12078,291291,5137,132232,6488,157068,453,1991,9063,130210,2994,81449,9659,211659,California
Fresno,2021-03-13,8359,299650,4058,136290,3268,160336,1033,3024,4041,131060,4297,85746,5147,216806,California
Fresno,2021-03-14,1769,301419,477,136767,1003,161339,289,3313,670,130931,1087,86833,958,217764,California
Fresno,2021-03-15,7134,308553,3180,139947,3781,165120,173,3486,4947,134065,2172,89005,5306,223070,California
Fresno,2021-03-16,10215,318768,4530,144477,5289,170409,396,3882,5423,135219,4760,93765,5914,228984,California
Fresno,2021-03-17,8667,327435,3929,148406,4047,174456,691,4573,5875,139395,2770,96535,6946,235930,California
Fresno,2021-03-18,12459,339894,6733,155139,5092,179548,634,5207,7070,142184,5340,101875,8129,244059,California
Fresno,2021-03-19,11195,351089,5882,161021,4699,184247,614,5821,6952,145831,4214,106089,7861,251920,California
Fresno,2021-03-20,7610,358699,4606,165627,2692,186939,312,6133,3805,146449,3775,109864,4393,256313,California
Fresno,2021-03-21,1777,360476,1204,166831,204,187143,369,6502,958,146962,815,110679,1328,257641,California
Fresno,2021-03-22,5670,366146,2895,169726,2179,189322,596,7098,3842,149788,1812,112491,4638,262279,California
Fresno,2021-03-23,10564,376710,5249,174975,4818,194140,497,7595,5069,150309,5474,117965,5995,268274,California
Fresno,2021-03-24,8871,385581,3836,178811,4203,198343,832,8427,4980,152321,3853,121818,5865,274139,California
Fresno,2021-03-25,12208,397789,5682,184493,5737,204080,789,9216,4766,150563,7395,129213,5637,279776,California
Fresno,2021-03-26,12246,410035,5457,189950,6142,210222,647,9863,4481,148001,7712,136925,5150,284926,California
Fresno,2021-03-27,9582,419617,4301,194251,4192,214414,1089,10952,2939,145427,6606,143531,4032,288958,California
Fresno,2021-03-28,3404,423021,1316,195567,1400,215814,688,11640,1280,145555,2116,145647,2244,291202,California
Fresno,2021-03-29,6001,429022,2008,197575,3442,219256,551,12191,2897,145939,3075,148722,3459,294661,California
Fresno,2021-03-30,10897,439919,4266,201841,5733,224989,898,13089,3847,143662,7022,155744,4745,299406,California
Fresno,2021-03-31,9699,449618,3386,205227,5325,230314,988,14077,3741,142476,5916,161660,4730,304136,California
Fresno,2021-04-01,11946,461564,4202,209429,6879,237193,865,14942,3997,139456,7846,169506,4826,308962,California
Fresno,2021-04-02,11753,473317,4566,213995,6401,243594,786,15728,4184,137041,7411,176917,4996,313958,California
Fresno,2021-04-03,6417,479734,3538,217533,2622,246216,257,15985,2165,135265,4235,181152,2459,316417,California
Fresno,2021-04-04,1491,481225,536,218069,910,247126,45,16030,548,134923,935,182087,593,317010,California
Fresno,2021-04-05,8341,489566,4473,222542,3066,250192,802,16832,2450,132376,5874,187961,3327,320337,California
Fresno,2021-04-06,9600,499166,4023,226565,4392,254584,1185,18017,3543,131112,6018,193979,4754,325091,California
Fresno,2021-04-07,10385,509551,5335,231900,3844,258428,1206,19223,3528,129076,6814,200793,4778,329869,California
Fresno,2021-04-08,10893,520444,5139,237039,4591,263019,1163,20386,3432,126315,7413,208206,4652,334521,California
Fresno,2021-04-09,11182,531626,5332,242371,4464,267483,1386,21772,3601,123807,7536,215742,5028,339549,California
Fresno,2021-04-10,7882,539508,5156,247527,2204,269687,522,22294,3672,123802,4198,219940,4193,343742,California
Fresno,2021-04-11,1387,540895,926,248453,372,270059,89,22383,446,123402,936,220876,536,344278,California
Fresno,2021-04-12,7162,548057,3766,252219,2475,272534,921,23304,2315,121814,4823,225699,3235,347513,California
Fresno,2021-04-13,8911,556968,4242,256461,4599,277133,70,23374,3460,120018,5417,231116,3621,351134,California
Fresno,2021-04-14,9448,566416,5736,262197,3711,280844,1,23375,3719,118096,5688,236804,3766,354900,California
Fresno,2021-04-15,8388,574804,4181,266378,4204,285048,3,23378,3154,116050,5206,242010,3160,358060,California
Fresno,2021-04-16,9375,584179,4629,271007,4744,289792,2,23380,3870,114459,5468,247478,3877,361937,California
Fresno,2021-04-17,5563,589742,3719,274726,1844,291636,0,23380,2644,114206,2899,250377,2646,364583,California
Fresno,2021-04-18,1029,590771,561,275287,468,292104,0,23380,473,114128,551,250928,473,365056,California
Fresno,2021-04-19,5531,596302,3018,278305,2510,294614,3,23383,2255,113149,3239,254167,2260,367316,California
Fresno,2021-04-20,6950,603252,3436,281741,3506,298120,8,23391,2621,111472,4307,258474,2630,369946,California
Fresno,2021-04-21,6384,609636,3529,285270,2847,300967,8,23399,2666,110465,3685,262159,2678,372624,California
Fresno,2021-04-22,6347,615983,3148,288418,3198,304165,1,23400,2305,108787,3987,266146,2309,374933,California
Fresno,2021-04-23,7054,623037,3779,292197,3257,307422,18,23418,2705,107195,4303,270449,2711,377644,California
Fresno,2021-04-24,4157,627194,2479,294676,1678,309100,0,23418,1912,106875,2232,272681,1912,379556,California
Fresno,2021-04-25,1372,628566,557,295233,813,309913,2,23420,689,106887,678,273359,690,380246,California
Fresno,2021-04-26,3934,632500,1973,297206,1917,311830,44,23464,1672,106371,2231,275590,1715,381961,California
Fresno,2021-04-27,4529,637029,2294,299500,2124,313954,111,23575,1792,105556,2718,278308,1903,383864,California
Fresno,2021-04-28,4711,641740,2623,302123,1961,315915,127,23702,1940,104874,2750,281058,2068,385932,California
Fresno,2021-04-29,4727,646467,2644,304767,1950,317865,133,23835,1766,103841,2932,283990,1899,387831,California
Fresno,2021-04-30,5387,651854,3282,308049,1970,319835,135,23970,2137,102894,3218,287208,2271,390102,California
Fresno,2021-05-01,4188,656042,3469,311518,580,320415,139,24109,1224,101309,2946,290154,1361,391463,California
Fresno,2021-05-02,1234,657276,770,312288,413,320828,51,24160,601,101339,621,290775,651,392114,California
Fresno,2021-05-03,4001,661277,2695,314983,1120,321948,186,24346,1288,100122,2687,293462,1470,393584,California
Fresno,2021-05-04,4825,666102,2501,317484,2172,324120,152,24498,1552,98580,3248,296710,1706,395290,California
Fresno,2021-05-05,4915,671017,2986,320470,1703,325823,226,24724,1540,96994,3349,300059,1763,397053,California
Fresno,2021-05-06,4073,675090,2491,322961,1477,327300,105,24829,1358,95769,2688,302747,1463,398516,California
Fresno,2021-05-07,4976,680066,3263,326224,1548,328848,165,24994,1533,94042,3422,306169,1695,400211,California
Fresno,2021-05-08,3864,683930,2466,328690,1253,330101,145,25139,1153,92649,2692,308861,1299,401510,California
Fresno,2021-05-09,680,684610,350,329040,287,330388,43,25182,338,92693,336,309197,380,401890,California
Fresno,2021-05-10,2948,687558,1580,330620,1227,331615,141,25323,920,91733,2021,311218,1061,402951,California
Fresno,2021-05-11,3608,691166,1842,332462,1676,333291,90,25413,1155,90537,2442,313660,1246,404197,California
Fresno,2021-05-12,3718,694884,2354,334816,1217,334508,147,25560,1343,89676,2352,316012,1491,405688,California
Fresno,2021-05-13,3605,698489,1953,336769,1545,336053,107,25667,1591,89398,1976,317988,1698,407386,California
Fresno,2021-05-14,5030,703519,3030,339799,1812,337865,188,25855,2142,88871,2857,320845,2330,409716,California
Fresno,2021-05-15,3570,707089,2669,342468,772,338637,129,25984,1817,89072,1744,322589,1945,411661,California
Fresno,2021-05-16,1430,708519,938,343406,458,339095,34,26018,797,89275,628,323217,831,412492,California
Fresno,2021-05-17,4071,712590,2727,346133,1182,340277,162,26180,2253,89902,1791,325008,2418,414910,California
Fresno,2021-05-18,4047,716637,2492,348625,1415,341692,140,26320,2113,90241,1912,326920,2251,417161,California
Fresno,2021-05-19,4137,720774,2606,351231,1400,343092,131,26451,2060,90376,2055,328975,2190,419351,California
Fresno,2021-05-20,3461,724235,2008,353239,1296,344388,157,26608,1608,90306,1834,330809,1764,421115,California
Fresno,2021-05-21,3784,728019,2438,355677,1253,345641,93,26701,1686,90011,2073,332882,1778,422893,California
Fresno,2021-05-22,3254,731273,2443,358120,644,346285,167,26868,1908,90752,1333,334215,2074,424967,California
Fresno,2021-05-23,539,731812,352,358472,157,346442,30,26898,298,90846,232,334447,326,425293,California
Fresno,2021-05-24,3161,734973,1986,360458,1058,347500,117,27015,1481,90789,1655,336102,1598,426891,California
Fresno,2021-05-25,3022,737995,1767,362225,1135,348635,120,27135,1359,90618,1651,337753,1480,428371,California
Fresno,2021-05-26,3199,741194,2119,364344,973,349608,107,27242,1632,90810,1544,339297,1736,430107,California
Fresno,2021-05-27,3044,744238,1864,366208,1084,350692,96,27338,1394,90669,1631,340928,1490,431597,California
Fresno,2021-05-28,1823,746061,1240,367448,527,351219,56,27394,941,90800,868,341796,999,432596,California
Glenn,2020-12-17,1,1,1,1,0,0,0,0,1,1,0,0,1,1,California
Glenn,2020-12-19,1,2,1,2,0,0,0,0,1,2,0,0,1,2,California
Glenn,2020-12-20,1,3,1,3,0,0,0,0,1,3,0,0,1,3,California
Glenn,2020-12-21,11,14,11,14,0,0,0,0,11,14,0,0,11,14,California
Glenn,2020-12-22,59,73,59,73,0,0,0,0,59,73,0,0,59,73,California
Glenn,2020-12-23,28,101,28,101,0,0,0,0,28,101,0,0,28,101,California
Glenn,2020-12-24,9,110,9,110,0,0,0,0,9,110,0,0,9,110,California
Glenn,2020-12-26,2,112,2,112,0,0,0,0,2,112,0,0,2,112,California
Glenn,2020-12-27,4,116,4,116,0,0,0,0,4,116,0,0,4,116,California
Glenn,2020-12-28,21,137,21,137,0,0,0,0,21,137,0,0,21,137,California
Glenn,2020-12-29,82,219,82,219,0,0,0,0,82,219,0,0,82,219,California
Glenn,2020-12-30,129,348,106,325,23,23,0,0,129,348,0,0,129,348,California
Glenn,2020-12-31,38,386,9,334,29,52,0,0,38,386,0,0,38,386,California
Glenn,2021-01-02,2,388,2,336,0,52,0,0,2,388,0,0,2,388,California
Glenn,2021-01-04,7,395,5,341,2,54,0,0,7,395,0,0,7,395,California
Glenn,2021-01-05,9,404,8,349,1,55,0,0,9,404,0,0,9,404,California
Glenn,2021-01-06,60,464,8,357,52,107,0,0,60,464,0,0,60,464,California
Glenn,2021-01-07,67,531,12,369,55,162,0,0,65,527,2,2,65,529,California
Glenn,2021-01-08,12,543,9,378,3,165,0,0,12,539,0,2,12,541,California
Glenn,2021-01-10,1,544,1,379,0,165,0,0,0,538,1,3,0,541,California
Glenn,2021-01-11,30,574,30,409,0,165,0,0,12,532,18,21,12,553,California
Glenn,2021-01-12,42,616,37,446,5,170,0,0,14,518,28,49,14,567,California
Glenn,2021-01-13,221,837,156,602,65,235,0,0,177,651,44,93,177,744,California
Glenn,2021-01-14,117,954,28,630,89,324,0,0,107,748,10,103,107,851,California
Glenn,2021-01-15,42,996,35,665,7,331,0,0,37,780,5,108,37,888,California
Glenn,2021-01-16,33,1029,14,679,19,350,0,0,23,793,10,118,23,911,California
Glenn,2021-01-17,4,1033,2,681,2,352,0,0,2,793,2,120,2,913,California
Glenn,2021-01-18,17,1050,16,697,1,353,0,0,9,794,8,128,9,922,California
Glenn,2021-01-19,30,1080,20,717,10,363,0,0,13,790,17,145,13,935,California
Glenn,2021-01-20,163,1243,94,811,69,432,0,0,82,791,81,226,82,1017,California
Glenn,2021-01-21,124,1367,98,909,26,458,0,0,30,727,94,320,30,1047,California
Glenn,2021-01-22,338,1705,64,973,274,732,0,0,331,1051,7,327,331,1378,California
Glenn,2021-01-23,14,1719,7,980,7,739,0,0,12,1061,2,329,12,1390,California
Glenn,2021-01-24,2,1721,2,982,0,739,0,0,2,1063,0,329,2,1392,California
Glenn,2021-01-25,27,1748,9,991,18,757,0,0,24,1084,3,332,24,1416,California
Glenn,2021-01-26,29,1777,13,1004,16,773,0,0,23,1101,6,338,23,1439,California
Glenn,2021-01-27,188,1965,13,1017,175,948,0,0,166,1245,22,360,166,1605,California
Glenn,2021-01-28,146,2111,8,1025,138,1086,0,0,116,1331,30,390,116,1721,California
Glenn,2021-01-29,296,2407,12,1037,284,1370,0,0,282,1599,14,404,282,2003,California
Glenn,2021-01-30,4,2411,0,1037,4,1374,0,0,4,1603,0,404,4,2007,California
Glenn,2021-01-31,1,2412,0,1037,1,1375,0,0,1,1604,0,404,1,2008,California
Glenn,2021-02-01,28,2440,10,1047,18,1393,0,0,16,1608,12,416,16,2024,California
Glenn,2021-02-02,28,2468,13,1060,15,1408,0,0,19,1618,9,425,19,2043,California
Glenn,2021-02-03,274,2742,125,1185,149,1557,0,0,129,1603,145,570,130,2173,California
Glenn,2021-02-04,82,2824,16,1201,66,1623,0,0,27,1575,55,625,27,2200,California
Glenn,2021-02-05,320,3144,25,1226,295,1918,0,0,299,1853,21,646,299,2499,California
Glenn,2021-02-06,14,3158,2,1228,12,1930,0,0,13,1865,1,647,13,2512,California
Glenn,2021-02-07,2,3160,2,1230,0,1930,0,0,2,1867,0,647,2,2514,California
Glenn,2021-02-08,21,3181,17,1247,4,1934,0,0,4,1854,17,664,4,2518,California
Glenn,2021-02-09,49,3230,20,1267,29,1963,0,0,36,1877,13,677,36,2554,California
Glenn,2021-02-10,138,3368,19,1286,119,2082,0,0,65,1869,73,750,65,2619,California
Glenn,2021-02-11,233,3601,133,1419,100,2182,0,0,151,1937,83,833,151,2770,California
Glenn,2021-02-12,420,4021,99,1518,321,2503,0,0,355,2227,65,898,355,3125,California
Glenn,2021-02-13,34,4055,7,1525,27,2530,0,0,16,2225,18,916,16,3141,California
Glenn,2021-02-14,1,4056,0,1525,1,2531,0,0,1,2226,0,916,1,3142,California
Glenn,2021-02-15,8,4064,0,1525,8,2539,0,0,8,2234,0,916,8,3150,California
Glenn,2021-02-16,39,4103,9,1534,30,2569,0,0,21,2237,18,934,21,3171,California
Glenn,2021-02-17,380,4483,14,1548,366,2935,0,0,302,2461,78,1012,302,3473,California
Glenn,2021-02-18,134,4617,99,1647,35,2970,0,0,110,2547,24,1036,110,3583,California
Glenn,2021-02-19,303,4920,17,1664,286,3256,0,0,29,2302,274,1310,29,3612,California
Glenn,2021-02-20,8,4928,0,1664,8,3264,0,0,0,2294,8,1318,0,3612,California
Glenn,2021-02-21,1,4929,1,1665,0,3264,0,0,1,2295,0,1318,1,3613,California
Glenn,2021-02-22,33,4962,14,1679,19,3283,0,0,17,2296,16,1334,17,3630,California
Glenn,2021-02-23,40,5002,10,1689,30,3313,0,0,28,2312,12,1346,28,3658,California
Glenn,2021-02-24,243,5245,37,1726,206,3519,0,0,47,2163,196,1542,47,3705,California
Glenn,2021-02-25,234,5479,120,1846,114,3633,0,0,118,2165,116,1658,118,3823,California
Glenn,2021-02-26,304,5783,24,1870,280,3913,0,0,20,1902,283,1941,20,3843,California
Glenn,2021-02-27,15,5798,5,1875,10,3923,0,0,5,1898,9,1950,5,3848,California
Glenn,2021-02-28,6,5804,3,1878,3,3926,0,0,3,1899,2,1952,3,3851,California
Glenn,2021-03-01,28,5832,6,1884,22,3948,0,0,12,1895,16,1968,12,3863,California
Glenn,2021-03-02,35,5867,7,1891,28,3976,0,0,17,1894,18,1986,17,3880,California
Glenn,2021-03-03,192,6059,37,1928,155,4131,0,0,101,1906,89,2075,101,3981,California
Glenn,2021-03-04,521,6580,175,2103,346,4477,0,0,375,2135,146,2221,375,4356,California
Glenn,2021-03-05,357,6937,49,2152,308,4785,0,0,35,1848,322,2543,35,4391,California
Glenn,2021-03-06,26,6963,3,2155,22,4807,1,1,9,1841,17,2560,10,4401,California
Glenn,2021-03-07,5,6968,0,2155,5,4812,0,1,3,1843,1,2561,3,4404,California
Glenn,2021-03-08,20,6988,2,2157,17,4829,1,2,18,1860,2,2563,19,4423,California
Glenn,2021-03-09,82,7070,11,2168,68,4897,3,5,54,1888,28,2591,56,4479,California
Glenn,2021-03-10,172,7242,69,2237,101,4998,2,7,95,1908,77,2668,97,4576,California
Glenn,2021-03-11,583,7825,169,2406,391,5389,23,30,454,2256,129,2797,477,5053,California
Glenn,2021-03-12,418,8243,14,2420,342,5731,62,92,41,1982,377,3174,103,5156,California
Glenn,2021-03-13,12,8255,1,2421,3,5734,8,100,1,1980,11,3185,9,5165,California
Glenn,2021-03-14,3,8258,1,2422,2,5736,0,100,1,1979,2,3187,1,5166,California
Glenn,2021-03-15,76,8334,15,2437,56,5792,5,105,61,2030,15,3202,66,5232,California
Glenn,2021-03-16,110,8444,34,2471,65,5857,11,116,69,2069,41,3243,80,5312,California
Glenn,2021-03-17,417,8861,97,2568,313,6170,7,123,116,1889,301,3544,121,5433,California
Glenn,2021-03-18,521,9382,215,2783,50,6220,256,379,145,1913,376,3920,400,5833,California
Glenn,2021-03-19,96,9478,16,2799,74,6294,6,385,75,1974,20,3940,81,5914,California
Glenn,2021-03-20,132,9610,2,2801,129,6423,1,386,130,2103,2,3942,131,6045,California
Glenn,2021-03-21,6,9616,5,2806,0,6423,1,387,3,2105,2,3944,4,6049,California
Glenn,2021-03-22,123,9739,54,2860,61,6484,8,395,103,2198,18,3962,111,6160,California
Glenn,2021-03-23,176,9915,66,2926,59,6543,51,446,103,2280,72,4034,154,6314,California
Glenn,2021-03-24,208,10123,100,3026,103,6646,5,451,136,2350,71,4105,141,6455,California
Glenn,2021-03-25,470,10593,229,3255,147,6793,94,545,342,2659,127,4232,436,6891,California
Glenn,2021-03-26,237,10830,37,3292,164,6957,36,581,186,2830,51,4283,222,7113,California
Glenn,2021-03-27,166,10996,22,3314,138,7095,6,587,155,2980,11,4294,161,7274,California
Glenn,2021-03-28,15,11011,10,3324,5,7100,0,587,10,2985,5,4299,10,7284,California
Glenn,2021-03-29,61,11072,20,3344,38,7138,3,590,47,3021,14,4313,50,7334,California
Glenn,2021-03-30,75,11147,43,3387,31,7169,1,591,43,3035,30,4343,44,7378,California
Glenn,2021-03-31,125,11272,35,3422,89,7258,1,592,54,3020,70,4413,55,7433,California
Glenn,2021-04-01,656,11928,189,3611,458,7716,9,601,244,2863,410,4823,253,7686,California
Glenn,2021-04-02,169,12097,26,3637,131,7847,12,613,133,2972,36,4859,145,7831,California
Glenn,2021-04-03,95,12192,4,3641,84,7931,7,620,84,3052,11,4870,91,7922,California
Glenn,2021-04-04,9,12201,3,3644,4,7935,2,622,5,3055,4,4874,7,7929,California
Glenn,2021-04-05,65,12266,25,3669,27,7962,13,635,28,3059,37,4911,41,7970,California
Glenn,2021-04-06,144,12410,52,3721,53,8015,39,674,37,3028,106,5017,75,8045,California
Glenn,2021-04-07,160,12570,46,3767,60,8075,54,728,74,3070,86,5103,128,8173,California
Glenn,2021-04-08,641,13211,189,3956,418,8493,34,762,139,2743,500,5603,173,8346,California
Glenn,2021-04-09,158,13369,57,4013,85,8578,16,778,101,2804,57,5660,118,8464,California
Glenn,2021-04-10,74,13443,1,4014,61,8639,12,790,59,2861,14,5674,71,8535,California
Glenn,2021-04-11,17,13460,8,4022,4,8643,5,795,7,2863,10,5684,12,8547,California
Glenn,2021-04-12,114,13574,25,4047,60,8703,29,824,19,2816,95,5779,48,8595,California
Glenn,2021-04-13,118,13692,63,4110,55,8758,0,824,29,2757,88,5867,29,8624,California
Glenn,2021-04-14,123,13815,47,4157,76,8834,0,824,68,2770,55,5922,68,8692,California
Glenn,2021-04-15,362,14177,275,4432,87,8921,0,824,124,2656,238,6160,124,8816,California
Glenn,2021-04-16,166,14343,42,4474,124,9045,0,824,77,2644,89,6249,77,8893,California
Glenn,2021-04-17,165,14508,18,4492,147,9192,0,824,26,2538,132,6381,26,8919,California
Glenn,2021-04-18,16,14524,3,4495,13,9205,0,824,13,2548,3,6384,13,8932,California
Glenn,2021-04-19,83,14607,17,4512,66,9271,0,824,22,2510,60,6444,22,8954,California
Glenn,2021-04-20,126,14733,82,4594,44,9315,0,824,53,2490,73,6517,53,9007,California
Glenn,2021-04-21,412,15145,309,4903,103,9418,0,824,280,2638,132,6649,280,9287,California
Glenn,2021-04-22,208,15353,48,4951,160,9578,0,824,33,2497,174,6823,33,9320,California
Glenn,2021-04-23,178,15531,24,4975,154,9732,0,824,40,2401,136,6959,40,9360,California
Glenn,2021-04-24,179,15710,32,5007,147,9879,0,824,30,2282,149,7108,30,9390,California
Glenn,2021-04-25,30,15740,18,5025,12,9891,0,824,22,2296,8,7116,22,9412,California
Glenn,2021-04-26,46,15786,11,5036,35,9926,0,824,18,2286,28,7144,18,9430,California
Glenn,2021-04-27,59,15845,46,5082,8,9934,5,829,30,2291,29,7173,34,9464,California
Glenn,2021-04-28,260,16105,182,5264,67,10001,11,840,127,2300,129,7302,138,9602,California
Glenn,2021-04-29,181,16286,22,5286,157,10158,2,842,35,2191,146,7448,37,9639,California
Glenn,2021-04-30,156,16442,35,5321,119,10277,2,844,38,2113,118,7566,40,9679,California
Glenn,2021-05-01,108,16550,13,5334,94,10371,1,845,26,2058,82,7648,27,9706,California
Glenn,2021-05-02,30,16580,12,5346,9,10380,9,854,15,2067,15,7663,24,9730,California
Glenn,2021-05-03,36,16616,23,5369,12,10392,1,855,14,2060,22,7685,15,9745,California
Glenn,2021-05-04,57,16673,33,5402,19,10411,5,860,28,2064,29,7714,33,9778,California
Glenn,2021-05-05,122,16795,35,5437,77,10488,10,870,51,2054,71,7785,61,9839,California
Glenn,2021-05-06,106,16901,41,5478,60,10548,5,875,40,2033,66,7851,45,9884,California
Glenn,2021-05-07,120,17021,33,5511,78,10626,9,884,31,1985,88,7939,40,9924,California
Glenn,2021-05-08,66,17087,12,5523,50,10676,4,888,21,1966,44,7983,25,9949,California
Glenn,2021-05-09,17,17104,11,5534,6,10682,0,888,13,1975,4,7987,13,9962,California
Glenn,2021-05-10,37,17141,15,5549,17,10699,5,893,15,1973,22,8009,20,9982,California
Glenn,2021-05-11,76,17217,53,5602,14,10713,9,902,16,1938,60,8069,25,10007,California
Glenn,2021-05-12,327,17544,246,5848,67,10780,14,916,45,1715,282,8351,59,10066,California
Glenn,2021-05-13,151,17695,56,5904,77,10857,18,934,65,1712,86,8437,83,10149,California
Glenn,2021-05-14,106,17801,25,5929,76,10933,5,939,42,1695,64,8501,47,10196,California
Glenn,2021-05-15,68,17869,40,5969,25,10958,3,942,35,1700,32,8533,37,10233,California
Glenn,2021-05-16,30,17899,18,5987,12,10970,0,942,9,1688,21,8554,9,10242,California
Glenn,2021-05-17,78,17977,53,6040,21,10991,4,946,53,1720,25,8579,57,10299,California
Glenn,2021-05-18,65,18042,47,6087,13,11004,5,951,21,1702,44,8623,26,10325,California
Glenn,2021-05-19,193,18235,112,6199,69,11073,12,963,71,1663,121,8744,82,10407,California
Glenn,2021-05-20,111,18346,70,6269,39,11112,2,965,79,1712,32,8776,81,10488,California
Glenn,2021-05-21,66,18412,23,6292,43,11155,0,965,29,1704,37,8813,29,10517,California
Glenn,2021-05-22,48,18460,17,6309,31,11186,0,965,23,1702,25,8838,23,10540,California
Glenn,2021-05-23,25,18485,14,6323,11,11197,0,965,11,1700,13,8851,11,10551,California
Glenn,2021-05-24,34,18519,12,6335,17,11214,5,970,13,1698,20,8871,18,10569,California
Glenn,2021-05-25,48,18567,37,6372,9,11223,2,972,25,1702,23,8894,27,10596,California
Glenn,2021-05-26,75,18642,14,6386,57,11280,4,976,26,1683,49,8943,30,10626,California
Glenn,2021-05-27,97,18739,62,6448,34,11314,1,977,44,1677,51,8994,45,10671,California
Glenn,2021-05-28,49,18788,12,6460,33,11347,4,981,22,1677,26,9020,26,10697,California
Humboldt,2020-12-15,2,2,2,2,0,0,0,0,2,2,0,0,2,2,California
Humboldt,2020-12-16,16,18,16,18,0,0,0,0,16,18,0,0,16,18,California
Humboldt,2020-12-17,117,135,117,135,0,0,0,0,117,135,0,0,117,135,California
Humboldt,2020-12-18,177,312,177,312,0,0,0,0,177,312,0,0,177,312,California
Humboldt,2020-12-19,10,322,10,322,0,0,0,0,10,322,0,0,10,322,California
Humboldt,2020-12-20,28,350,28,350,0,0,0,0,28,350,0,0,28,350,California
Humboldt,2020-12-21,166,516,166,516,0,0,0,0,166,516,0,0,166,516,California
Humboldt,2020-12-22,297,813,297,813,0,0,0,0,297,813,0,0,297,813,California
Humboldt,2020-12-23,311,1124,263,1076,48,48,0,0,313,1126,0,0,313,1126,California
Humboldt,2020-12-24,25,1149,2,1078,23,71,0,0,25,1151,0,0,25,1151,California
Humboldt,2020-12-25,2,1151,2,1080,0,71,0,0,2,1153,0,0,2,1153,California
Humboldt,2020-12-26,6,1157,5,1085,1,72,0,0,6,1159,0,0,6,1159,California
Humboldt,2020-12-28,160,1317,148,1233,12,84,0,0,160,1319,0,0,160,1319,California
Humboldt,2020-12-29,171,1488,123,1356,48,132,0,0,171,1490,0,0,171,1490,California
Humboldt,2020-12-30,226,1714,124,1480,102,234,0,0,226,1716,0,0,226,1716,California
Humboldt,2020-12-31,241,1955,79,1559,162,396,0,0,241,1957,0,0,241,1957,California
Humboldt,2021-01-01,2,1957,1,1560,1,397,0,0,2,1959,0,0,2,1959,California
Humboldt,2021-01-02,38,1995,1,1561,37,434,0,0,38,1997,0,0,38,1997,California
Humboldt,2021-01-04,218,2213,142,1703,76,510,0,0,220,2217,0,0,220,2217,California
Humboldt,2021-01-05,130,2343,18,1721,112,622,0,0,130,2346,1,1,130,2347,California
Humboldt,2021-01-06,304,2647,205,1926,99,721,0,0,231,2516,61,62,231,2578,California
Humboldt,2021-01-07,423,3070,311,2237,112,833,0,0,309,2726,99,161,309,2887,California
Humboldt,2021-01-08,420,3490,281,2518,139,972,0,0,283,2878,131,292,283,3170,California
Humboldt,2021-01-09,69,3559,45,2563,24,996,0,0,66,2942,3,295,67,3237,California
Humboldt,2021-01-10,84,3643,84,2647,0,996,0,0,4,2866,80,375,4,3241,California
Humboldt,2021-01-11,289,3932,278,2925,11,1007,0,0,72,2725,213,588,72,3313,California
Humboldt,2021-01-12,483,4415,320,3245,163,1170,0,0,299,2862,162,750,299,3612,California
Humboldt,2021-01-13,493,4908,278,3523,215,1385,0,0,315,3003,175,925,316,3928,California
Humboldt,2021-01-14,525,5433,166,3689,359,1744,0,0,469,3417,56,981,470,4398,California
Humboldt,2021-01-15,375,5808,39,3728,336,2080,0,0,358,3758,17,998,358,4756,California
Humboldt,2021-01-16,170,5978,6,3734,164,2244,0,0,169,3926,1,999,169,4925,California
Humboldt,2021-01-17,6,5984,4,3738,2,2246,0,0,6,3932,0,999,6,4931,California
Humboldt,2021-01-18,295,6279,260,3998,35,2281,0,0,145,3927,150,1149,145,5076,California
Humboldt,2021-01-19,634,6913,390,4388,244,2525,0,0,507,4313,121,1270,507,5583,California
Humboldt,2021-01-20,899,7812,387,4775,512,3037,0,0,750,4924,141,1411,752,6335,California
Humboldt,2021-01-21,959,8771,261,5036,698,3735,0,0,917,5799,42,1453,917,7252,California
Humboldt,2021-01-22,676,9447,376,5412,300,4035,0,0,667,6458,9,1462,668,7920,California
Humboldt,2021-01-23,827,10274,273,5685,554,4589,0,0,818,7268,9,1471,819,8739,California
Humboldt,2021-01-24,229,10503,1,5686,228,4817,0,0,228,7495,1,1472,228,8967,California
Humboldt,2021-01-25,305,10808,233,5919,72,4889,0,0,149,7488,156,1628,149,9116,California
Humboldt,2021-01-26,527,11335,142,6061,385,5274,0,0,476,7913,51,1679,476,9592,California
Humboldt,2021-01-27,1260,12595,587,6648,673,5947,0,0,1193,9048,60,1739,1195,10787,California
Humboldt,2021-01-28,1457,14052,634,7282,823,6770,0,0,1320,10236,134,1873,1322,12109,California
Humboldt,2021-01-29,1148,15200,547,7829,601,7371,0,0,705,10499,443,2316,706,12815,California
Humboldt,2021-01-30,974,16174,456,8285,518,7889,0,0,961,11448,13,2329,962,13777,California
Humboldt,2021-01-31,315,16489,313,8598,2,7891,0,0,314,11761,1,2330,314,14091,California
Humboldt,2021-02-01,334,16823,192,8790,142,8033,0,0,187,11802,146,2476,187,14278,California
Humboldt,2021-02-02,445,17268,74,8864,371,8404,0,0,340,12042,102,2578,342,14620,California
Humboldt,2021-02-03,664,17932,258,9122,406,8810,0,0,512,12402,152,2730,512,15132,California
Humboldt,2021-02-04,639,18571,263,9385,376,9186,0,0,441,12648,195,2925,441,15573,California
Humboldt,2021-02-05,812,19383,94,9479,718,9904,0,0,625,13086,187,3112,625,16198,California
Humboldt,2021-02-06,1058,20441,447,9926,611,10515,0,0,1015,14060,42,3154,1016,17214,California
Humboldt,2021-02-07,379,20820,9,9935,370,10885,0,0,374,14431,4,3158,375,17589,California
Humboldt,2021-02-08,325,21145,142,10077,183,11068,0,0,184,14475,140,3298,184,17773,California
Humboldt,2021-02-09,494,21639,220,10297,274,11342,0,0,179,14339,315,3613,179,17952,California
Humboldt,2021-02-10,563,22202,370,10667,193,11535,0,0,233,14247,325,3938,233,18185,California
Humboldt,2021-02-11,1300,23502,396,11063,904,12439,0,0,502,13955,795,4733,503,18688,California
Humboldt,2021-02-12,1148,24650,737,11800,411,12850,0,0,707,14221,441,5174,707,19395,California
Humboldt,2021-02-13,1506,26156,557,12357,949,13799,0,0,915,14547,589,5763,915,20310,California
Humboldt,2021-02-14,112,26268,5,12362,107,13906,0,0,109,14654,2,5765,109,20419,California
Humboldt,2021-02-15,293,26561,78,12440,215,14121,0,0,196,14754,96,5861,196,20615,California
Humboldt,2021-02-16,535,27096,119,12559,416,14537,0,0,254,14728,281,6142,255,20870,California
Humboldt,2021-02-17,450,27546,278,12837,172,14709,0,0,134,14547,315,6457,134,21004,California
Humboldt,2021-02-18,971,28517,596,13433,375,15084,0,0,230,14038,739,7196,230,21234,California
Humboldt,2021-02-19,476,28993,434,13867,42,15126,0,0,89,13743,384,7580,89,21323,California
Humboldt,2021-02-20,1612,30605,988,14855,624,15750,0,0,475,13087,1134,8714,478,21801,California
Humboldt,2021-02-21,479,31084,471,15326,8,15758,0,0,182,12973,297,9011,183,21984,California
Humboldt,2021-02-22,129,31213,92,15418,37,15795,0,0,29,12904,98,9109,29,22013,California
Humboldt,2021-02-23,176,31389,71,15489,105,15900,0,0,41,12812,133,9242,41,22054,California
Humboldt,2021-02-24,1166,32555,706,16195,460,16360,0,0,587,12821,578,9820,587,22641,California
Humboldt,2021-02-25,834,33389,318,16513,516,16876,0,0,230,12449,602,10422,230,22871,California
Humboldt,2021-02-26,2147,35536,106,16619,2041,18917,0,0,448,11205,1693,12115,449,23320,California
Humboldt,2021-02-27,1696,37232,1078,17697,618,19535,0,0,870,11255,824,12939,874,24194,California
Humboldt,2021-02-28,122,37354,10,17707,112,19647,0,0,116,11365,6,12945,116,24310,California
Humboldt,2021-03-01,259,37613,47,17754,212,19859,0,0,184,11474,75,13020,184,24494,California
Humboldt,2021-03-02,293,37906,50,17804,243,20102,0,0,162,11505,131,13151,162,24656,California
Humboldt,2021-03-03,1664,39570,1100,18904,564,20666,0,0,1221,12290,437,13588,1222,25878,California
Humboldt,2021-03-04,904,40474,112,19016,792,21458,0,0,284,11956,620,14208,286,26164,California
Humboldt,2021-03-05,949,41423,188,19204,750,22208,11,11,392,11806,553,14761,403,26567,California
Humboldt,2021-03-06,1700,43123,842,20046,809,23017,49,60,715,11586,984,15745,764,27331,California
Humboldt,2021-03-07,365,43488,296,20342,51,23068,18,78,157,11553,208,15953,175,27506,California
Humboldt,2021-03-08,277,43765,7,20349,192,23260,78,156,183,11720,94,16047,261,27767,California
Humboldt,2021-03-09,493,44258,211,20560,134,23394,148,304,240,11856,251,16298,387,28154,California
Humboldt,2021-03-10,690,44948,466,21026,70,23464,154,458,421,12161,268,16566,573,28727,California
Humboldt,2021-03-11,1465,46413,461,21487,904,24368,100,558,642,12084,818,17384,741,29468,California
Humboldt,2021-03-12,1748,48161,1084,22571,442,24810,222,780,1055,12680,685,18069,1281,30749,California
Humboldt,2021-03-13,1572,49733,1024,23595,496,25306,52,832,676,12518,890,18959,728,31477,California
Humboldt,2021-03-14,143,49876,19,23614,115,25421,9,841,29,12442,114,19073,38,31515,California
Humboldt,2021-03-15,278,50154,51,23665,206,25627,21,862,59,12303,219,19292,80,31595,California
Humboldt,2021-03-16,638,50792,201,23866,176,25803,261,1123,262,12449,375,19667,521,32116,California
Humboldt,2021-03-17,732,51524,396,24262,228,26031,108,1231,340,12506,391,20058,448,32564,California
Humboldt,2021-03-18,1735,53259,1165,25427,527,26558,43,1274,1039,12897,691,20749,1082,33646,California
Humboldt,2021-03-19,1075,54334,60,25487,701,27259,314,1588,440,13018,632,21381,753,34399,California
Humboldt,2021-03-20,1379,55713,753,26240,612,27871,14,1602,425,12506,952,22333,440,34839,California
Humboldt,2021-03-21,249,55962,32,26272,188,28059,29,1631,204,12693,45,22378,232,35071,California
Humboldt,2021-03-22,119,56081,16,26288,53,28112,50,1681,62,12750,55,22433,112,35183,California
Humboldt,2021-03-23,412,56493,42,26330,327,28439,43,1724,319,13021,91,22524,362,35545,California
Humboldt,2021-03-24,1415,57908,389,26719,978,29417,48,1772,1038,13737,369,22893,1085,36630,California
Humboldt,2021-03-25,1836,59744,1210,27929,564,29981,62,1834,947,13859,887,23780,1009,37639,California
Humboldt,2021-03-26,2041,61785,437,28366,1547,31528,57,1891,1594,15068,441,24221,1650,39289,California
Humboldt,2021-03-27,2023,63808,1447,29813,405,31933,171,2062,1148,15517,871,25092,1320,40609,California
Humboldt,2021-03-28,266,64074,81,29894,114,32047,71,2133,85,15493,181,25273,157,40766,California
Humboldt,2021-03-29,472,64546,127,30021,249,32296,96,2229,202,15521,269,25542,297,41063,California
Humboldt,2021-03-30,942,65488,304,30325,524,32820,114,2343,561,15819,376,25918,674,41737,California
Humboldt,2021-03-31,1865,67353,521,30846,1248,34068,96,2439,1411,16877,451,26369,1509,43246,California
Humboldt,2021-04-01,2110,69463,705,31551,1311,35379,94,2533,1479,17827,624,26993,1574,44820,California
Humboldt,2021-04-02,1726,71189,1111,32662,510,35889,105,2638,622,17455,1099,28092,727,45547,California
Humboldt,2021-04-03,1668,72857,1508,34170,145,36034,15,2653,672,17156,986,29078,687,46234,California
Humboldt,2021-04-04,484,73341,371,34541,104,36138,9,2662,405,17492,79,29157,415,46649,California
Humboldt,2021-04-05,775,74116,461,35002,266,36404,48,2710,441,17649,332,29489,489,47138,California
Humboldt,2021-04-06,843,74959,319,35321,390,36794,134,2844,588,18122,249,29738,722,47860,California
Humboldt,2021-04-07,1492,76451,1061,36382,291,37085,140,2984,988,18748,502,30240,1128,48988,California
Humboldt,2021-04-08,1742,78193,1091,37473,493,37578,158,3142,739,18647,1001,31241,900,49888,California
Humboldt,2021-04-09,1440,79633,438,37911,847,38425,155,3297,1152,19659,288,31529,1300,51188,California
Humboldt,2021-04-10,935,80568,138,38049,621,39046,176,3473,734,20368,199,31728,908,52096,California
Humboldt,2021-04-11,640,81208,138,38187,35,39081,467,3940,127,20449,513,32241,594,52690,California
Humboldt,2021-04-12,432,81640,224,38411,83,39164,125,4065,274,20690,158,32399,399,53089,California
Humboldt,2021-04-13,584,82224,321,38732,260,39424,3,4068,550,21211,31,32430,552,53641,California
Humboldt,2021-04-14,1428,83652,1032,39764,396,39820,0,4068,1315,22415,111,32541,1315,54956,California
Humboldt,2021-04-15,1817,85469,1196,40960,617,40437,4,4072,1249,23116,550,33091,1251,56207,California
Humboldt,2021-04-16,1124,86593,520,41480,604,41041,0,4072,538,23072,582,33673,538,56745,California
Humboldt,2021-04-17,1602,88195,1279,42759,323,41364,0,4072,1009,23494,587,34260,1009,57754,California
Humboldt,2021-04-18,657,88852,344,43103,312,41676,1,4073,94,23031,557,34817,94,57848,California
Humboldt,2021-04-19,198,89050,84,43187,114,41790,0,4073,83,23001,113,34930,83,57931,California
Humboldt,2021-04-20,477,89527,129,43316,348,42138,0,4073,231,22987,245,35175,231,58162,California
Humboldt,2021-04-21,1090,90617,380,43696,710,42848,0,4073,429,22766,651,35826,430,58592,California
Humboldt,2021-04-22,877,91494,524,44220,351,43199,2,4075,442,22775,433,36259,442,59034,California
Humboldt,2021-04-23,2157,93651,304,44524,1853,45052,0,4075,312,21246,1841,38100,312,59346,California
Humboldt,2021-04-24,1085,94736,880,45404,200,45252,5,4080,362,20892,721,38821,367,59713,California
Humboldt,2021-04-25,374,95110,239,45643,135,45387,0,4080,190,20901,181,39002,190,59903,California
Humboldt,2021-04-26,307,95417,213,45856,90,45477,4,4084,87,20772,218,39220,89,59992,California
Humboldt,2021-04-27,705,96122,227,46083,460,45937,18,4102,144,20375,559,39779,162,60154,California
Humboldt,2021-04-28,1540,97662,796,46879,699,46636,45,4147,399,19680,1139,40918,444,60598,California
Humboldt,2021-04-29,1723,99385,578,47457,1107,47743,38,4185,279,18557,1440,42358,317,60915,California
Humboldt,2021-04-30,1252,100637,395,47852,823,48566,34,4219,197,17737,1049,43407,229,61144,California
Humboldt,2021-05-01,460,101097,379,48231,59,48625,22,4241,283,17866,176,43583,305,61449,California
Humboldt,2021-05-02,227,101324,182,48413,36,48661,9,4250,113,17876,113,43696,123,61572,California
Humboldt,2021-05-03,609,101933,376,48789,209,48870,24,4274,97,17488,510,44206,122,61694,California
Humboldt,2021-05-04,820,102753,482,49271,292,49162,46,4320,248,17212,569,44775,293,61987,California
Humboldt,2021-05-05,1685,104438,1075,50346,553,49715,57,4377,179,15947,1499,46274,234,62221,California
Humboldt,2021-05-06,1689,106127,1073,51419,364,50079,252,4629,138,14790,1548,47822,391,62612,California
Humboldt,2021-05-07,1421,107548,304,51723,1058,51137,59,4688,236,13900,1183,49005,293,62905,California
Humboldt,2021-05-08,740,108288,146,51869,571,51708,23,4711,91,13367,647,49652,114,63019,California
Humboldt,2021-05-09,907,109195,855,52724,42,51750,10,4721,48,12566,859,50511,58,63077,California
Humboldt,2021-05-10,214,109409,36,52760,140,51890,38,4759,81,12552,133,50644,119,63196,California
Humboldt,2021-05-11,490,109899,147,52907,272,52162,71,4830,184,12501,306,50950,255,63451,California
Humboldt,2021-05-12,577,110476,122,53029,413,52575,42,4872,203,12373,373,51323,245,63696,California
Humboldt,2021-05-13,500,110976,239,53268,236,52811,25,4897,209,12318,289,51612,234,63930,California
Humboldt,2021-05-14,688,111664,134,53402,451,53262,103,5000,227,12189,458,52070,329,64259,California
Humboldt,2021-05-15,780,112444,641,54043,131,53393,8,5008,209,11836,570,52640,217,64476,California
Humboldt,2021-05-16,128,112572,57,54100,67,53460,4,5012,73,11858,55,52695,77,64553,California
Humboldt,2021-05-17,395,112967,213,54313,160,53620,22,5034,220,11926,173,52868,241,64794,California
Humboldt,2021-05-18,659,113626,327,54640,303,53923,29,5063,367,12031,291,53159,396,65190,California
Humboldt,2021-05-19,949,114575,528,55168,378,54301,43,5106,336,11799,609,53768,377,65567,California
Humboldt,2021-05-20,691,115266,517,55685,161,54462,13,5119,516,12157,172,53940,530,66097,California
Humboldt,2021-05-21,763,116029,218,55903,484,54946,61,5180,296,12047,467,54407,357,66454,California
Humboldt,2021-05-22,350,116379,268,56171,74,55020,8,5188,101,11908,248,54655,109,66563,California
Humboldt,2021-05-23,344,116723,297,56468,44,55064,3,5191,58,11683,286,54941,61,66624,California
Humboldt,2021-05-24,309,117032,167,56635,113,55177,29,5220,181,11767,126,55067,210,66834,California
Humboldt,2021-05-25,536,117568,354,56989,158,55335,24,5244,310,11878,223,55290,334,67168,California
Humboldt,2021-05-26,628,118196,312,57301,293,55628,23,5267,303,11879,325,55615,326,67494,California
Humboldt,2021-05-27,435,118631,232,57533,174,55802,29,5296,269,12011,166,55781,298,67792,California
Humboldt,2021-05-28,209,118840,110,57643,71,55873,28,5324,64,11958,145,55926,92,67884,California
Imperial,2020-12-16,1,1,1,1,0,0,0,0,1,1,0,0,1,1,California
Imperial,2020-12-17,5,6,5,6,0,0,0,0,5,6,0,0,5,6,California
Imperial,2020-12-18,12,18,12,18,0,0,0,0,12,18,0,0,12,18,California
Imperial,2020-12-20,2,20,2,20,0,0,0,0,2,20,0,0,2,20,California
Imperial,2020-12-21,186,206,186,206,0,0,0,0,186,206,0,0,186,206,California
Imperial,2020-12-22,241,447,239,445,2,2,0,0,241,447,0,0,241,447,California
Imperial,2020-12-23,211,658,210,655,1,3,0,0,210,657,0,0,210,657,California
Imperial,2020-12-24,5,663,5,660,0,3,0,0,5,662,0,0,5,662,California
Imperial,2020-12-26,1,664,0,660,1,4,0,0,1,663,0,0,1,663,California
Imperial,2020-12-27,62,726,0,660,62,66,0,0,62,725,0,0,62,725,California
Imperial,2020-12-28,214,940,114,774,100,166,0,0,214,939,0,0,214,939,California
Imperial,2020-12-29,189,1129,36,810,153,319,0,0,189,1128,0,0,189,1128,California
Imperial,2020-12-30,366,1495,50,860,316,635,0,0,366,1494,0,0,366,1494,California
Imperial,2020-12-31,197,1692,26,886,171,806,0,0,197,1691,0,0,197,1691,California
Imperial,2021-01-01,47,1739,5,891,42,848,0,0,47,1738,0,0,47,1738,California
Imperial,2021-01-02,4,1743,0,891,4,852,0,0,4,1742,0,0,4,1742,California
Imperial,2021-01-03,90,1833,0,891,90,942,0,0,90,1832,0,0,90,1832,California
Imperial,2021-01-04,85,1918,5,896,80,1022,0,0,85,1917,0,0,85,1917,California
Imperial,2021-01-05,174,2092,14,910,160,1182,0,0,174,2091,0,0,174,2091,California
Imperial,2021-01-06,190,2282,25,935,165,1347,0,0,189,2279,1,1,189,2280,California
Imperial,2021-01-07,323,2605,11,946,312,1659,0,0,319,2594,4,5,319,2599,California
Imperial,2021-01-08,192,2797,52,998,140,1799,0,0,182,2766,10,15,182,2781,California
Imperial,2021-01-09,24,2821,21,1019,3,1802,0,0,24,2790,0,15,24,2805,California
Imperial,2021-01-10,1,2822,0,1019,1,1803,0,0,1,2791,0,15,1,2806,California
Imperial,2021-01-11,403,3225,244,1263,159,1962,0,0,175,2738,228,243,175,2981,California
Imperial,2021-01-12,404,3629,302,1565,102,2064,0,0,142,2619,261,504,142,3123,California
Imperial,2021-01-13,379,4008,133,1698,246,2310,0,0,280,2800,99,603,280,3403,California
Imperial,2021-01-14,261,4269,151,1849,110,2420,0,0,255,3050,5,608,255,3658,California
Imperial,2021-01-15,241,4510,182,2031,59,2479,0,0,234,3277,7,615,234,3892,California
Imperial,2021-01-16,78,4588,74,2105,4,2483,0,0,77,3353,1,616,77,3969,California
Imperial,2021-01-17,10,4598,2,2107,8,2491,0,0,10,3363,0,616,10,3979,California
Imperial,2021-01-18,1058,5656,399,2506,659,3150,0,0,960,4226,98,714,961,4940,California
Imperial,2021-01-19,165,5821,129,2635,36,3186,0,0,118,4297,47,761,118,5058,California
Imperial,2021-01-20,293,6114,196,2831,97,3283,0,0,255,4514,38,799,255,5313,California
Imperial,2021-01-21,416,6530,183,3014,233,3516,0,0,396,4890,20,819,396,5709,California
Imperial,2021-01-22,457,6987,189,3203,268,3784,0,0,448,5329,9,828,448,6157,California
Imperial,2021-01-23,1040,8027,290,3493,750,4534,0,0,1039,6367,1,829,1039,7196,California
Imperial,2021-01-24,11,8038,4,3497,7,4541,0,0,11,6378,0,829,11,7207,California
Imperial,2021-01-25,214,8252,5,3502,209,4750,0,0,34,6234,178,1007,34,7241,California
Imperial,2021-01-26,364,8616,185,3687,179,4929,0,0,221,6312,143,1150,221,7462,California
Imperial,2021-01-27,570,9186,162,3849,408,5337,0,0,237,6216,333,1483,237,7699,California
Imperial,2021-01-28,635,9821,160,4009,475,5812,0,0,527,6635,108,1591,527,8226,California
Imperial,2021-01-29,425,10246,296,4305,129,5941,0,0,375,6960,50,1641,375,8601,California
Imperial,2021-01-30,56,10302,31,4336,25,5966,0,0,39,6982,17,1658,39,8640,California
Imperial,2021-01-31,17,10319,7,4343,10,5976,0,0,16,6997,1,1659,16,8656,California
Imperial,2021-02-01,422,10741,55,4398,367,6343,0,0,211,6999,209,1868,211,8867,California
Imperial,2021-02-02,684,11425,56,4454,628,6971,0,0,503,7321,181,2049,503,9370,California
Imperial,2021-02-03,459,11884,51,4505,408,7379,0,0,263,7389,195,2244,263,9633,California
Imperial,2021-02-04,1722,13606,1200,5705,522,7901,0,0,1407,8483,313,2557,1407,11040,California
Imperial,2021-02-05,391,13997,243,5948,148,8049,0,0,157,8405,235,2792,157,11197,California
Imperial,2021-02-06,862,14859,837,6785,25,8074,0,0,826,9194,37,2829,826,12023,California
Imperial,2021-02-07,21,14880,9,6794,12,8086,0,0,20,9213,1,2830,20,12043,California
Imperial,2021-02-08,249,15129,42,6836,207,8293,0,0,181,9326,68,2898,181,12224,California
Imperial,2021-02-09,464,15593,147,6983,317,8610,0,0,306,9474,158,3056,306,12530,California
Imperial,2021-02-10,459,16052,56,7039,403,9013,0,0,96,9208,363,3419,97,12627,California
Imperial,2021-02-11,1024,17076,367,7406,657,9670,0,0,146,8481,873,4292,146,12773,California
Imperial,2021-02-12,2131,19207,1410,8816,721,10391,0,0,1781,9910,353,4645,1782,14555,California
Imperial,2021-02-13,47,19254,18,8834,29,10420,0,0,42,9945,8,4653,43,14598,California
Imperial,2021-02-14,24,19278,12,8846,12,10432,0,0,21,9963,3,4656,21,14619,California
Imperial,2021-02-15,95,19373,11,8857,84,10516,0,0,84,10036,11,4667,84,14703,California
Imperial,2021-02-16,514,19887,267,9124,247,10763,0,0,293,10108,221,4888,293,14996,California
Imperial,2021-02-17,439,20326,285,9409,154,10917,0,0,83,9835,356,5244,83,15079,California
Imperial,2021-02-18,646,20972,308,9717,338,11255,0,0,140,9470,505,5749,140,15219,California
Imperial,2021-02-19,770,21742,383,10100,387,11642,0,0,195,9091,574,6323,195,15414,California
Imperial,2021-02-20,1041,22783,191,10291,850,12492,0,0,327,8708,712,7035,329,15743,California
Imperial,2021-02-21,591,23374,557,10848,34,12526,0,0,580,9278,10,7045,580,16323,California
Imperial,2021-02-22,806,24180,567,11415,239,12765,0,0,757,9986,49,7094,757,17080,California
Imperial,2021-02-23,963,25143,395,11810,568,13333,0,0,908,10840,55,7149,909,17989,California
Imperial,2021-02-24,719,25862,302,12112,417,13750,0,0,622,11366,96,7245,622,18611,California
Imperial,2021-02-25,857,26719,341,12453,516,14266,0,0,487,11489,369,7614,492,19103,California
Imperial,2021-02-26,2277,28996,1351,13804,926,15192,0,0,1800,12814,476,8090,1801,20904,California
Imperial,2021-02-27,867,29863,812,14616,55,15247,0,0,131,12208,738,8828,132,21036,California
Imperial,2021-02-28,32,29895,20,14636,12,15259,0,0,22,12220,10,8838,22,21058,California
Imperial,2021-03-01,503,30398,297,14933,203,15462,3,3,434,12592,66,8904,438,21496,California
Imperial,2021-03-02,678,31076,246,15179,432,15894,0,3,387,12692,289,9193,389,21885,California
Imperial,2021-03-03,927,32003,49,15228,877,16771,1,4,558,12896,366,9559,570,22455,California
Imperial,2021-03-04,756,32759,85,15313,670,17441,1,5,493,13158,261,9820,523,22978,California
Imperial,2021-03-05,3028,35787,2201,17514,827,18268,0,5,1688,13505,1343,11163,1690,24668,California
Imperial,2021-03-06,704,36491,238,17752,466,18734,0,5,659,14126,42,11205,663,25331,California
Imperial,2021-03-07,85,36576,41,17793,44,18778,0,5,60,14163,24,11229,61,25392,California
Imperial,2021-03-08,415,36991,331,18124,49,18827,35,40,362,14508,52,11281,397,25789,California
Imperial,2021-03-09,682,37673,311,18435,124,18951,247,287,398,14868,284,11565,644,26433,California
Imperial,2021-03-10,685,38358,313,18748,267,19218,105,392,322,14933,362,11927,427,26860,California
Imperial,2021-03-11,1794,40152,479,19227,1123,20341,192,584,1192,15729,599,12526,1395,28255,California
Imperial,2021-03-12,4736,44888,3441,22668,1108,21449,187,771,3043,17271,1688,14214,3230,31485,California
Imperial,2021-03-13,1157,46045,94,22762,838,22287,225,996,861,18069,293,14507,1091,32576,California
Imperial,2021-03-14,176,46221,36,22798,126,22413,14,1010,140,18188,36,14543,155,32731,California
Imperial,2021-03-15,687,46908,227,23025,201,22614,259,1269,390,18542,295,14838,649,33380,California
Imperial,2021-03-16,1102,48010,275,23300,360,22974,467,1736,551,19010,549,15387,1017,34397,California
Imperial,2021-03-17,1600,49610,692,23992,771,23745,137,1873,1014,19584,578,15965,1152,35549,California
Imperial,2021-03-18,1805,51415,1193,25185,552,24297,60,1933,1271,20386,531,16496,1333,36882,California
Imperial,2021-03-19,3743,55158,2745,27930,994,25291,4,1937,1887,20430,1848,18344,1892,38774,California
Imperial,2021-03-20,1762,56920,553,28483,1204,26495,5,1942,1314,21313,442,18786,1325,40099,California
Imperial,2021-03-21,217,57137,35,28518,178,26673,4,1946,159,21422,58,18844,167,40266,California
Imperial,2021-03-22,1047,58184,339,28857,701,27374,7,1953,622,21629,424,19268,631,40897,California
Imperial,2021-03-23,1422,59606,436,29293,979,28353,7,1960,921,22061,497,19765,929,41826,California
Imperial,2021-03-24,2128,61734,565,29858,1138,29491,425,2385,1152,22664,973,20738,1576,43402,California
Imperial,2021-03-25,3198,64932,690,30548,889,30380,1619,4004,1198,23477,1994,22732,2807,46209,California
Imperial,2021-03-26,3175,68107,1173,31721,1024,31404,978,4982,905,23100,2259,24991,1882,48091,California
Imperial,2021-03-27,614,68721,284,32005,278,31682,52,5034,446,23433,165,25156,498,48589,California
Imperial,2021-03-28,210,68931,51,32056,157,31839,2,5036,172,23570,37,25193,174,48763,California
Imperial,2021-03-29,1456,70387,348,32404,393,32232,715,5751,320,23470,1134,26327,1034,49797,California
Imperial,2021-03-30,2085,72472,686,33090,593,32825,806,6557,683,23558,1402,27729,1490,51287,California
Imperial,2021-03-31,1542,74014,728,33818,808,33633,6,6563,1022,24068,517,28246,1027,52314,California
Imperial,2021-04-01,2026,76040,421,34239,1362,34995,243,6806,871,24031,1149,29395,1112,53426,California
Imperial,2021-04-02,1930,77970,475,34714,1381,36376,74,6880,1318,24814,607,30002,1390,54816,California
Imperial,2021-04-03,1519,79489,430,35144,1010,37386,79,6959,702,24781,814,30816,781,55597,California
Imperial,2021-04-04,85,79574,40,35184,28,37414,17,6976,23,24759,62,30878,40,55637,California
Imperial,2021-04-05,3399,82973,2319,37503,915,38329,165,7141,805,23145,2584,33462,970,56607,California
Imperial,2021-04-06,1309,84282,527,38030,592,38921,190,7331,682,23395,623,34085,873,57480,California
Imperial,2021-04-07,2159,86441,555,38585,1227,40148,377,7708,1558,24725,606,34691,1936,59416,California
Imperial,2021-04-08,2202,88643,1077,39662,828,40976,297,8005,1068,24963,1131,35822,1369,60785,California
Imperial,2021-04-09,3202,91845,1657,41319,928,41904,617,8622,1500,25393,1696,37518,2126,62911,California
Imperial,2021-04-10,1279,93124,184,41503,822,42726,273,8895,215,24816,1062,38580,485,63396,California
Imperial,2021-04-11,219,93343,30,41533,157,42883,32,8927,75,24779,144,38724,107,63503,California
Imperial,2021-04-12,1436,94779,767,42300,448,43331,221,9148,814,25197,617,39341,1035,64538,California
Imperial,2021-04-13,2903,97682,1891,44191,1010,44341,2,9150,2026,26350,873,40214,2026,66564,California
Imperial,2021-04-14,2023,99705,944,45135,1079,45420,0,9150,1391,27116,626,40840,1392,67956,California
Imperial,2021-04-15,1977,101682,908,46043,1069,46489,0,9150,1354,27853,619,41459,1356,69312,California
Imperial,2021-04-16,3442,105124,1795,47838,1647,48136,0,9150,2150,28726,1278,42737,2151,71463,California
Imperial,2021-04-17,1816,106940,933,48771,881,49017,2,9152,1417,29752,394,43131,1420,72883,California
Imperial,2021-04-18,253,107193,71,48842,182,49199,0,9152,88,29677,163,43294,88,72971,California
Imperial,2021-04-19,837,108030,267,49109,570,49769,0,9152,467,29781,367,43661,471,73442,California
Imperial,2021-04-20,1321,109351,528,49637,793,50562,0,9152,738,29940,580,44241,739,74181,California
Imperial,2021-04-21,1372,110723,338,49975,1034,51596,0,9152,797,30167,570,44811,797,74978,California
Imperial,2021-04-22,2212,112935,806,50781,1406,53002,0,9152,1509,30985,693,45504,1511,76489,California
Imperial,2021-04-23,2802,115737,533,51314,2269,55271,0,9152,1083,30382,1690,47194,1087,77576,California
Imperial,2021-04-24,549,116286,326,51640,223,55494,0,9152,199,30234,347,47541,199,77775,California
Imperial,2021-04-25,264,116550,97,51737,167,55661,0,9152,134,30240,128,47669,134,77909,California
Imperial,2021-04-26,1159,117709,460,52197,695,56356,4,9156,685,30460,468,48137,688,78597,California
Imperial,2021-04-27,1047,118756,342,52539,695,57051,10,9166,530,30487,512,48649,539,79136,California
Imperial,2021-04-28,1486,120242,645,53184,812,57863,29,9195,674,30382,808,49457,703,79839,California
Imperial,2021-04-29,1810,122052,857,54041,907,58770,46,9241,810,30248,991,50448,857,80696,California
Imperial,2021-04-30,3214,125266,1672,55713,1509,60279,33,9274,1568,30216,1634,52082,1602,82298,California
Imperial,2021-05-01,316,125582,124,55837,189,60468,3,9277,160,30224,156,52238,164,82462,California
Imperial,2021-05-02,83,125665,25,55862,56,60524,2,9279,51,30246,32,52270,54,82516,California
Imperial,2021-05-03,1621,127286,542,56404,1032,61556,47,9326,372,29427,1239,53509,420,82936,California
Imperial,2021-05-04,1746,129032,954,57358,765,62321,27,9353,531,28780,1205,54714,558,83494,California
Imperial,2021-05-05,1504,130536,891,58249,592,62913,21,9374,440,28190,1052,55766,462,83956,California
Imperial,2021-05-06,1673,132209,1107,59356,529,63442,37,9411,536,27632,1131,56897,573,84529,California
Imperial,2021-05-07,2373,134582,1344,60700,984,64426,45,9456,833,26988,1525,58422,881,85410,California
Imperial,2021-05-08,555,135137,416,61116,131,64557,8,9464,160,26768,388,58810,168,85578,California
Imperial,2021-05-09,94,135231,63,61179,30,64587,1,9465,28,26734,63,58873,29,85607,California
Imperial,2021-05-10,1084,136315,278,61457,683,65270,123,9588,320,26419,757,59630,442,86049,California
Imperial,2021-05-11,1397,137712,456,61913,922,66192,19,9607,473,26000,915,60545,496,86545,California
Imperial,2021-05-12,832,138544,265,62178,529,66721,38,9645,283,25779,542,61087,321,86866,California
Imperial,2021-05-13,1497,140041,945,63123,481,67202,71,9716,636,25634,852,61939,707,87573,California
Imperial,2021-05-14,1723,141764,955,64078,716,67918,52,9768,1133,26239,580,62519,1185,88758,California
Imperial,2021-05-15,1212,142976,463,64541,729,68647,20,9788,458,25970,748,63267,479,89237,California
Imperial,2021-05-16,118,143094,80,64621,36,68683,2,9790,47,25949,70,63337,49,89286,California
Imperial,2021-05-17,1878,144972,689,65310,1147,69830,42,9832,668,25455,1205,64542,711,89997,California
Imperial,2021-05-18,1539,146511,788,66098,680,70510,71,9903,861,25715,672,65214,932,90929,California
Imperial,2021-05-19,1262,147773,592,66690,602,71112,68,9971,598,25723,658,65872,666,91595,California
Imperial,2021-05-20,1364,149137,902,67592,396,71508,66,10037,643,25722,711,66583,710,92305,California
Imperial,2021-05-21,1712,150849,1082,68674,569,72077,61,10098,874,25825,832,67415,935,93240,California
Imperial,2021-05-22,244,151093,163,68837,64,72141,17,10115,129,25860,111,67526,146,93386,California
Imperial,2021-05-23,68,151161,21,68858,39,72180,8,10123,23,25849,42,67568,31,93417,California
Imperial,2021-05-24,1214,152375,592,69450,569,72749,53,10176,495,25685,712,68280,548,93965,California
Imperial,2021-05-25,1270,153645,421,69871,817,73566,32,10208,459,25372,804,69084,491,94456,California
Imperial,2021-05-26,925,154570,486,70357,398,73964,41,10249,397,25286,523,69607,437,94893,California
Imperial,2021-05-27,1242,155812,693,71050,485,74449,64,10313,611,25336,625,70232,675,95568,California
Imperial,2021-05-28,780,156592,467,71517,273,74722,40,10353,276,25153,499,70731,316,95884,California
Inyo,2020-12-19,85,85,85,85,0,0,0,0,85,85,0,0,85,85,California
Inyo,2020-12-20,58,143,58,143,0,0,0,0,58,143,0,0,58,143,California
Inyo,2020-12-21,88,231,85,228,3,3,0,0,88,231,0,0,88,231,California
Inyo,2020-12-22,105,336,105,333,0,3,0,0,105,336,0,0,105,336,California
Inyo,2020-12-23,70,406,67,400,3,6,0,0,70,406,0,0,70,406,California
Inyo,2020-12-24,16,422,16,416,0,6,0,0,16,422,0,0,16,422,California
Inyo,2020-12-25,1,423,0,416,1,7,0,0,1,423,0,0,1,423,California
Inyo,2020-12-26,74,497,74,490,0,7,0,0,74,497,0,0,74,497,California
Inyo,2020-12-28,48,545,36,526,12,19,0,0,48,545,0,0,48,545,California
Inyo,2020-12-29,19,564,19,545,0,19,0,0,19,564,0,0,19,564,California
Inyo,2020-12-30,56,620,54,599,2,21,0,0,56,620,0,0,56,620,California
Inyo,2020-12-31,29,649,0,599,29,50,0,0,29,649,0,0,29,649,California
Inyo,2021-01-01,1,650,0,599,1,51,0,0,1,650,0,0,1,650,California
Inyo,2021-01-03,1,651,0,599,1,52,0,0,1,651,0,0,1,651,California
Inyo,2021-01-04,2,653,1,600,1,53,0,0,2,653,0,0,2,653,California
Inyo,2021-01-05,34,687,0,600,34,87,0,0,34,687,0,0,34,687,California
Inyo,2021-01-06,68,755,0,600,68,155,0,0,68,755,0,0,68,755,California
Inyo,2021-01-07,31,786,1,601,30,185,0,0,31,786,0,0,31,786,California
Inyo,2021-01-08,9,795,8,609,1,186,0,0,4,786,5,5,5,791,California
Inyo,2021-01-09,87,882,86,695,1,187,0,0,1,701,86,91,1,792,California
Inyo,2021-01-10,52,934,52,747,0,187,0,0,0,649,52,143,0,792,California
Inyo,2021-01-11,97,1031,82,829,15,202,0,0,16,584,81,224,16,808,California
Inyo,2021-01-12,139,1170,118,947,21,223,0,0,28,501,111,335,28,836,California
Inyo,2021-01-13,86,1256,68,1015,18,241,0,0,21,458,65,400,22,858,California
Inyo,2021-01-14,59,1315,13,1028,46,287,0,0,49,497,10,410,49,907,California
Inyo,2021-01-15,163,1478,28,1056,135,422,0,0,163,660,0,410,163,1070,California
Inyo,2021-01-16,74,1552,73,1129,1,423,0,0,1,588,73,483,1,1071,California
Inyo,2021-01-18,58,1610,36,1165,22,445,0,0,19,568,39,522,19,1090,California
Inyo,2021-01-19,114,1724,72,1237,42,487,0,0,97,648,17,539,97,1187,California
Inyo,2021-01-20,147,1871,71,1308,76,563,0,0,93,687,54,593,93,1280,California
Inyo,2021-01-21,120,1991,57,1365,63,626,0,0,119,805,1,594,119,1399,California
Inyo,2021-01-22,62,2053,0,1365,62,688,0,0,61,865,1,595,61,1460,California
Inyo,2021-01-23,52,2105,52,1417,0,688,0,0,52,917,0,595,52,1512,California
Inyo,2021-01-25,49,2154,6,1423,43,731,0,0,37,942,12,607,37,1549,California
Inyo,2021-01-26,135,2289,54,1477,81,812,0,0,129,1065,6,613,129,1678,California
Inyo,2021-01-27,24,2313,2,1479,22,834,0,0,23,1087,1,614,23,1701,California
Inyo,2021-01-28,92,2405,2,1481,90,924,0,0,63,1121,29,643,63,1764,California
Inyo,2021-01-29,25,2430,3,1484,22,946,0,0,23,1142,2,645,23,1787,California
Inyo,2021-01-30,11,2441,1,1485,10,956,0,0,11,1153,0,645,11,1798,California
Inyo,2021-01-31,32,2473,4,1489,28,984,0,0,4,1129,28,673,4,1802,California
Inyo,2021-02-01,10,2483,9,1498,1,985,0,0,0,1119,10,683,0,1802,California
Inyo,2021-02-02,130,2613,14,1512,116,1101,0,0,104,1197,26,709,104,1906,California
Inyo,2021-02-03,116,2729,0,1512,116,1217,0,0,74,1229,42,751,74,1980,California
Inyo,2021-02-04,151,2880,33,1545,118,1335,0,0,92,1262,59,810,92,2072,California
Inyo,2021-02-05,117,2997,61,1606,56,1391,0,0,115,1375,2,812,115,2187,California
Inyo,2021-02-06,4,3001,2,1608,2,1393,0,0,3,1377,1,813,3,2190,California
Inyo,2021-02-07,4,3005,2,1610,2,1395,0,0,4,1381,0,813,4,2194,California
Inyo,2021-02-08,117,3122,7,1617,110,1505,0,0,97,1458,20,833,97,2291,California
Inyo,2021-02-09,196,3318,52,1669,144,1649,0,0,125,1512,71,904,125,2416,California
Inyo,2021-02-10,141,3459,17,1686,124,1773,0,0,107,1585,34,938,107,2523,California
Inyo,2021-02-11,220,3679,56,1742,164,1937,0,0,126,1617,94,1032,126,2649,California
Inyo,2021-02-12,299,3978,51,1793,248,2185,0,0,167,1652,132,1164,167,2816,California
Inyo,2021-02-13,60,4038,55,1848,5,2190,0,0,8,1608,52,1216,8,2824,California
Inyo,2021-02-14,1,4039,0,1848,1,2191,0,0,1,1609,0,1216,1,2825,California
Inyo,2021-02-15,29,4068,9,1857,20,2211,0,0,5,1590,24,1240,5,2830,California
Inyo,2021-02-16,179,4247,50,1907,129,2340,0,0,92,1596,86,1326,92,2922,California
Inyo,2021-02-17,38,4285,4,1911,34,2374,0,0,8,1574,30,1356,8,2930,California
Inyo,2021-02-18,122,4407,6,1917,116,2490,0,0,79,1610,43,1399,79,3009,California
Inyo,2021-02-19,52,4459,4,1921,48,2538,0,0,9,1576,43,1442,9,3018,California
Inyo,2021-02-20,507,4966,503,2424,4,2542,0,0,505,2079,2,1444,505,3523,California
Inyo,2021-02-21,441,5407,441,2865,0,2542,0,0,441,2520,0,1444,441,3964,California
Inyo,2021-02-22,61,5468,19,2884,42,2584,0,0,27,2513,34,1478,27,3991,California
Inyo,2021-02-23,199,5667,20,2904,179,2763,0,0,95,2505,103,1581,95,4086,California
Inyo,2021-02-24,118,5785,0,2904,118,2881,0,0,57,2501,61,1642,57,4143,California
Inyo,2021-02-25,132,5917,5,2909,127,3008,0,0,62,2493,70,1712,62,4205,California
Inyo,2021-02-26,103,6020,60,2969,43,3051,0,0,19,2428,84,1796,19,4224,California
Inyo,2021-02-27,14,6034,3,2972,11,3062,0,0,2,2418,12,1808,2,4226,California
Inyo,2021-02-28,3,6037,1,2973,2,3064,0,0,2,2419,1,1809,2,4228,California
Inyo,2021-03-01,19,6056,2,2975,17,3081,0,0,17,2434,2,1811,17,4245,California
Inyo,2021-03-02,196,6252,1,2976,195,3276,0,0,111,2460,85,1896,111,4356,California
Inyo,2021-03-03,84,6336,3,2979,81,3357,0,0,41,2458,43,1939,41,4397,California
Inyo,2021-03-04,128,6464,4,2983,124,3481,0,0,46,2422,82,2021,46,4443,California
Inyo,2021-03-05,141,6605,56,3039,85,3566,0,0,38,2357,103,2124,38,4481,California
Inyo,2021-03-06,30,6635,1,3040,29,3595,0,0,29,2385,1,2125,29,4510,California
Inyo,2021-03-07,7,6642,4,3044,3,3598,0,0,5,2388,2,2127,5,4515,California
Inyo,2021-03-08,182,6824,5,3049,177,3775,0,0,91,2388,91,2218,91,4606,California
Inyo,2021-03-09,190,7014,3,3052,187,3962,0,0,74,2346,116,2334,74,4680,California
Inyo,2021-03-10,70,7084,8,3060,61,4023,1,1,30,2337,40,2374,31,4711,California
Inyo,2021-03-11,204,7288,1,3061,198,4221,5,6,74,2286,130,2504,79,4790,California
Inyo,2021-03-12,175,7463,4,3065,166,4387,5,11,77,2270,98,2602,82,4872,California
Inyo,2021-03-13,584,8047,549,3614,25,4412,10,21,72,1841,511,3113,82,4954,California
Inyo,2021-03-14,439,8486,438,4052,1,4413,0,21,5,1412,434,3547,5,4959,California
Inyo,2021-03-15,51,8537,15,4067,34,4447,2,23,30,1423,21,3568,32,4991,California
Inyo,2021-03-16,164,8701,4,4071,154,4601,6,29,64,1394,99,3667,70,5061,California
Inyo,2021-03-17,108,8809,3,4074,98,4699,7,36,92,1477,16,3683,99,5160,California
Inyo,2021-03-18,185,8994,16,4090,162,4861,7,43,104,1507,81,3764,111,5271,California
Inyo,2021-03-19,46,9040,4,4094,38,4899,4,47,36,1537,10,3774,40,5311,California
Inyo,2021-03-20,20,9060,1,4095,10,4909,9,56,1,1528,19,3793,10,5321,California
Inyo,2021-03-22,58,9118,2,4097,51,4960,5,61,38,1551,20,3813,43,5364,California
Inyo,2021-03-23,195,9313,4,4101,187,5147,4,65,105,1570,90,3903,109,5473,California
Inyo,2021-03-24,140,9453,3,4104,133,5280,4,69,86,1606,54,3957,90,5563,California
Inyo,2021-03-25,331,9784,110,4214,218,5498,3,72,265,1808,66,4023,268,5831,California
Inyo,2021-03-26,91,9875,3,4217,84,5582,4,76,71,1863,20,4043,75,5906,California
Inyo,2021-03-27,53,9928,45,4262,5,5587,3,79,47,1907,6,4049,50,5956,California
Inyo,2021-03-28,4,9932,1,4263,2,5589,1,80,1,1906,3,4052,2,5958,California
Inyo,2021-03-29,109,10041,2,4265,102,5691,5,85,82,1967,26,4078,87,6045,California
Inyo,2021-03-30,220,10261,2,4267,213,5904,5,90,108,1968,112,4190,113,6158,California
Inyo,2021-03-31,149,10410,4,4271,140,6044,5,95,108,2040,41,4231,113,6271,California
Inyo,2021-04-01,166,10576,4,4275,161,6205,1,96,117,2109,49,4280,118,6389,California
Inyo,2021-04-02,80,10656,1,4276,77,6282,2,98,51,2133,29,4309,53,6442,California
Inyo,2021-04-03,93,10749,47,4323,32,6314,14,112,5,2065,86,4395,18,6460,California
Inyo,2021-04-04,5,10754,4,4327,0,6314,1,113,1,2063,4,4399,2,6462,California
Inyo,2021-04-05,117,10871,1,4328,112,6426,4,117,29,2008,88,4487,33,6495,California
Inyo,2021-04-06,235,11106,5,4333,167,6593,63,180,103,2042,132,4619,166,6661,California
Inyo,2021-04-07,203,11309,2,4335,74,6667,127,307,47,2059,157,4776,174,6835,California
Inyo,2021-04-08,180,11489,15,4350,148,6815,17,324,80,2056,100,4876,97,6932,California
Inyo,2021-04-09,126,11615,7,4357,96,6911,23,347,38,2031,87,4963,62,6994,California
Inyo,2021-04-10,42,11657,1,4358,24,6935,17,364,3,2012,39,5002,20,7014,California
Inyo,2021-04-11,1,11658,0,4358,1,6936,0,364,1,2013,0,5002,1,7015,California
Inyo,2021-04-12,79,11737,0,4358,74,7010,5,369,41,2021,38,5040,46,7061,California
Inyo,2021-04-13,120,11857,4,4362,113,7123,3,372,61,2027,58,5098,64,7125,California
Inyo,2021-04-14,127,11984,2,4364,125,7248,0,372,42,1984,85,5183,42,7167,California
Inyo,2021-04-15,275,12259,117,4481,158,7406,0,372,79,1867,196,5379,79,7246,California
Inyo,2021-04-16,47,12306,5,4486,42,7448,0,372,19,1858,28,5407,19,7265,California
Inyo,2021-04-17,2,12308,1,4487,1,7449,0,372,1,1858,1,5408,1,7266,California
Inyo,2021-04-19,128,12436,43,4530,85,7534,0,372,43,1816,85,5493,43,7309,California
Inyo,2021-04-20,163,12599,2,4532,161,7695,0,372,79,1811,84,5577,79,7388,California
Inyo,2021-04-21,113,12712,4,4536,109,7804,0,372,32,1762,81,5658,32,7420,California
Inyo,2021-04-22,196,12908,1,4537,195,7999,0,372,51,1668,145,5803,51,7471,California
Inyo,2021-04-23,95,13003,4,4541,91,8090,0,372,22,1617,73,5876,22,7493,California
Inyo,2021-04-24,309,13312,308,4849,1,8091,0,372,304,1916,5,5881,304,7797,California
Inyo,2021-04-25,135,13447,134,4983,1,8092,0,372,135,2051,0,5881,135,7932,California
Inyo,2021-04-26,91,13538,0,4983,90,8182,1,373,10,1981,81,5962,11,7943,California
Inyo,2021-04-27,181,13719,6,4989,170,8352,5,378,44,1894,136,6098,49,7992,California
Inyo,2021-04-28,121,13840,2,4991,117,8469,2,380,20,1815,101,6199,22,8014,California
Inyo,2021-04-29,172,14012,56,5047,116,8585,0,380,77,1798,94,6293,77,8091,California
Inyo,2021-04-30,85,14097,5,5052,79,8664,1,381,24,1762,61,6354,25,8116,California
Inyo,2021-05-01,11,14108,3,5055,8,8672,0,381,9,1769,2,6356,9,8125,California
Inyo,2021-05-02,7,14115,3,5058,2,8674,2,383,4,1772,3,6359,6,8131,California
Inyo,2021-05-03,38,14153,1,5059,33,8707,4,387,5,1748,33,6392,9,8140,California
Inyo,2021-05-04,123,14276,2,5061,117,8824,4,391,22,1673,101,6493,26,8166,California
Inyo,2021-05-05,35,14311,0,5061,33,8857,2,393,11,1662,24,6517,13,8179,California
Inyo,2021-05-06,93,14404,5,5066,80,8937,8,401,13,1603,80,6597,21,8200,California
Inyo,2021-05-07,49,14453,4,5070,37,8974,8,409,24,1611,24,6621,32,8232,California
Inyo,2021-05-08,11,14464,2,5072,4,8978,5,414,4,1613,7,6628,9,8241,California
Inyo,2021-05-09,1,14465,0,5072,1,8979,0,414,0,1612,1,6629,0,8241,California
Inyo,2021-05-10,69,14534,1,5073,66,9045,2,416,30,1606,39,6668,33,8274,California
Inyo,2021-05-11,87,14621,1,5074,83,9128,3,419,20,1562,67,6735,23,8297,California
Inyo,2021-05-12,43,14664,1,5075,40,9168,2,421,11,1543,32,6767,13,8310,California
Inyo,2021-05-13,74,14738,1,5076,72,9240,1,422,11,1492,63,6830,12,8322,California
Inyo,2021-05-14,26,14764,3,5079,18,9258,5,427,12,1495,14,6844,17,8339,California
Inyo,2021-05-15,380,15144,367,5446,11,9269,2,429,87,1291,293,7137,89,8428,California
Inyo,2021-05-16,198,15342,198,5644,0,9269,0,429,71,1235,127,7264,71,8499,California
Inyo,2021-05-17,62,15404,2,5646,56,9325,4,433,19,1215,43,7307,23,8522,California
Inyo,2021-05-18,82,15486,2,5648,79,9404,1,434,17,1168,65,7372,18,8540,California
Inyo,2021-05-19,48,15534,2,5650,41,9445,5,439,14,1153,34,7406,19,8559,California
Inyo,2021-05-20,144,15678,81,5731,62,9507,1,440,34,1078,110,7516,35,8594,California
Inyo,2021-05-21,46,15724,17,5748,24,9531,5,445,17,1071,29,7545,22,8616,California
Inyo,2021-05-22,24,15748,14,5762,7,9538,3,448,17,1084,7,7552,20,8636,California
Inyo,2021-05-23,4,15752,3,5765,0,9538,1,449,2,1085,2,7554,3,8639,California
Inyo,2021-05-24,33,15785,5,5770,25,9563,3,452,13,1081,20,7574,16,8655,California
Inyo,2021-05-25,83,15868,40,5810,42,9605,1,453,49,1097,34,7608,50,8705,California
Inyo,2021-05-26,34,15902,7,5817,24,9629,3,456,10,1086,23,7631,12,8717,California
Inyo,2021-05-27,36,15938,8,5825,20,9649,8,464,10,1078,26,7657,18,8735,California
Inyo,2021-05-28,6,15944,0,5825,2,9651,4,468,0,1076,6,7663,4,8739,California
Kern,2020-12-15,1,1,1,1,0,0,0,0,1,1,0,0,1,1,California
Kern,2020-12-16,18,19,18,19,0,0,0,0,18,19,0,0,18,19,California
Kern,2020-12-17,164,183,164,183,0,0,0,0,164,183,0,0,164,183,California
Kern,2020-12-18,322,505,322,505,0,0,0,0,322,505,0,0,322,505,California
Kern,2020-12-19,98,603,98,603,0,0,0,0,99,604,0,0,99,604,California
Kern,2020-12-20,61,664,61,664,0,0,0,0,61,665,0,0,61,665,California
Kern,2020-12-21,671,1335,670,1334,1,1,0,0,671,1336,0,0,671,1336,California
Kern,2020-12-22,530,1865,527,1861,3,4,0,0,530,1866,0,0,530,1866,California
Kern,2020-12-23,558,2423,420,2281,138,142,0,0,558,2424,0,0,558,2424,California
Kern,2020-12-24,123,2546,44,2325,79,221,0,0,123,2547,0,0,123,2547,California
Kern,2020-12-25,1,2547,1,2326,0,221,0,0,1,2548,0,0,1,2548,California
Kern,2020-12-26,33,2580,1,2327,32,253,0,0,33,2581,0,0,33,2581,California
Kern,2020-12-27,35,2615,3,2330,32,285,0,0,35,2616,0,0,35,2616,California
Kern,2020-12-28,828,3443,664,2994,164,449,0,0,828,3444,0,0,828,3444,California
Kern,2020-12-29,745,4188,452,3446,293,742,0,0,744,4187,1,1,744,4188,California
Kern,2020-12-30,1204,5392,911,4357,293,1035,0,0,1204,5391,0,1,1204,5392,California
Kern,2020-12-31,277,5669,99,4456,178,1213,0,0,277,5668,0,1,277,5669,California
Kern,2021-01-01,16,5685,9,4465,7,1220,0,0,16,5684,0,1,16,5685,California
Kern,2021-01-02,79,5764,18,4483,61,1281,0,0,79,5763,0,1,79,5764,California
Kern,2021-01-03,23,5787,4,4487,19,1300,0,0,23,5786,0,1,23,5787,California
Kern,2021-01-04,556,6343,361,4848,195,1495,0,0,556,6342,0,1,556,6343,California
Kern,2021-01-05,1133,7476,738,5586,395,1890,0,0,1121,7451,12,13,1121,7464,California
Kern,2021-01-06,1162,8638,451,6037,711,2601,0,0,1132,8553,30,43,1132,8596,California
Kern,2021-01-07,1401,10039,489,6526,912,3513,0,0,1232,9617,168,211,1232,9828,California
Kern,2021-01-08,1627,11666,768,7294,859,4372,0,0,1329,10648,299,510,1330,11158,California
Kern,2021-01-09,227,11893,77,7371,150,4522,0,0,193,10807,34,544,193,11351,California
Kern,2021-01-10,194,12087,148,7519,46,4568,0,0,153,10919,41,585,153,11504,California
Kern,2021-01-11,1557,13644,985,8504,572,5140,0,0,1001,11364,556,1141,1001,12505,California
Kern,2021-01-12,1869,15513,811,9315,1058,6198,0,0,1358,12211,511,1652,1358,13863,California
Kern,2021-01-13,1851,17364,869,10184,982,7180,0,0,1431,13222,420,2072,1431,15294,California
Kern,2021-01-14,2187,19551,646,10830,1541,8721,0,0,2142,15318,46,2118,2142,17436,California
Kern,2021-01-15,2708,22259,857,11687,1851,10572,0,0,2611,17835,95,2213,2612,20048,California
Kern,2021-01-16,670,22929,211,11898,459,11031,0,0,635,18435,35,2248,635,20683,California
Kern,2021-01-17,73,23002,7,11905,66,11097,0,0,71,18504,2,2250,71,20754,California
Kern,2021-01-18,1647,24649,660,12565,987,12084,0,0,1480,19817,167,2417,1480,22234,California
Kern,2021-01-19,1855,26504,1034,13599,821,12905,0,0,1388,20739,467,2884,1389,23623,California
Kern,2021-01-20,2613,29117,1678,15277,935,13840,0,0,1910,21953,698,3582,1912,25535,California
Kern,2021-01-21,2115,31232,869,16146,1246,15086,0,0,1919,23677,195,3777,1919,27454,California
Kern,2021-01-22,2716,33948,1299,17445,1417,16503,0,0,2438,25838,277,4054,2438,29892,California
Kern,2021-01-23,1251,35199,542,17987,709,17212,0,0,1205,26997,46,4100,1205,31097,California
Kern,2021-01-24,154,35353,12,17999,142,17354,0,0,148,27139,6,4106,148,31245,California
Kern,2021-01-25,2386,37739,1086,19085,1300,18654,0,0,1901,28557,484,4590,1902,33147,California
Kern,2021-01-26,2772,40511,1127,20212,1645,20299,0,0,1912,29610,859,5449,1912,35059,California
Kern,2021-01-27,3562,44073,1905,22117,1657,21956,0,0,2861,31773,698,6147,2861,37920,California
Kern,2021-01-28,2874,46947,1358,23475,1516,23472,0,0,2443,33793,426,6573,2446,40366,California
Kern,2021-01-29,3783,50730,1801,25276,1982,25454,0,0,3237,36487,543,7116,3237,43603,California
Kern,2021-01-30,1329,52059,498,25774,831,26285,0,0,1279,37718,48,7164,1279,44882,California
Kern,2021-01-31,405,52464,277,26051,128,26413,0,0,270,37853,135,7299,270,45152,California
Kern,2021-02-01,2599,55063,991,27042,1608,28021,0,0,1885,39028,711,8010,1886,47038,California
Kern,2021-02-02,2752,57815,798,27840,1954,29975,0,0,2049,40375,703,8713,2050,49088,California
Kern,2021-02-03,3665,61480,1552,29392,2113,32088,0,0,2696,42109,962,9675,2696,51784,California
Kern,2021-02-04,3802,65282,1452,30844,2350,34438,0,0,2586,43489,1206,10881,2586,54370,California
Kern,2021-02-05,4856,70138,1990,32834,2866,37304,0,0,3095,44842,1742,12623,3095,57465,California
Kern,2021-02-06,1738,71876,768,33602,970,38274,0,0,1512,46131,223,12846,1512,58977,California
Kern,2021-02-07,283,72159,150,33752,133,38407,0,0,267,46384,14,12860,267,59244,California
Kern,2021-02-08,2572,74731,790,34542,1782,40189,0,0,1258,46348,1296,14156,1260,60504,California
Kern,2021-02-09,3038,77769,986,35528,2052,42241,0,0,1466,46251,1563,15719,1466,61970,California
Kern,2021-02-10,3793,81562,1661,37189,2132,44373,0,0,1875,46225,1902,17621,1876,63846,California
Kern,2021-02-11,4267,85829,1536,38725,2731,47104,0,0,2223,46418,2031,19652,2224,66070,California
Kern,2021-02-12,4957,90786,1893,40618,3064,50168,0,0,2477,46429,2466,22118,2477,68547,California
Kern,2021-02-13,2012,92798,729,41347,1283,51451,0,0,1165,46749,845,22963,1165,69712,California
Kern,2021-02-14,351,93149,12,41359,339,51790,0,0,269,46937,81,23044,269,69981,California
Kern,2021-02-15,2744,95893,896,42255,1848,53638,0,0,1211,46624,1524,24568,1211,71192,California
Kern,2021-02-16,2938,98831,712,42967,2226,55864,0,0,1649,46994,1280,25848,1650,72842,California
Kern,2021-02-17,4069,102900,2078,45045,1991,57855,0,0,1927,46786,2136,27984,1928,74770,California
Kern,2021-02-18,3764,106664,1487,46532,2277,60132,0,0,1627,46286,2127,30111,1627,76397,California
Kern,2021-02-19,4199,110863,1915,48447,2284,62416,0,0,1740,45574,2452,32563,1740,78137,California
Kern,2021-02-20,2581,113444,967,49414,1614,64030,0,0,1351,45699,1226,33789,1351,79488,California
Kern,2021-02-21,259,113703,153,49567,106,64136,0,0,90,45622,167,33956,90,79578,California
Kern,2021-02-22,2669,116372,1153,50720,1516,65652,0,0,1429,45818,1235,35191,1431,81009,California
Kern,2021-02-23,3557,119929,1128,51848,2429,68081,0,0,1982,46228,1573,36764,1983,82992,California
Kern,2021-02-24,5197,125126,2289,54137,2908,70989,0,0,3102,47239,2091,38855,3102,86094,California
Kern,2021-02-25,5373,130499,2456,56593,2917,73906,0,0,3191,48267,2163,41018,3191,89285,California
Kern,2021-02-26,6904,137403,3531,60124,3373,77279,0,0,4357,50085,2540,43558,4358,93643,California
Kern,2021-02-27,3958,141361,1986,62110,1972,79251,0,0,2618,51371,1332,44890,2618,96261,California
Kern,2021-02-28,916,142277,503,62613,412,79663,1,1,696,51850,218,45108,697,96958,California
Kern,2021-03-01,4002,146279,1819,64432,2180,81843,3,4,2686,53232,1307,46415,2689,99647,California
Kern,2021-03-02,4471,150750,1414,65846,3056,84899,1,5,2950,54672,1510,47925,2950,102597,California
Kern,2021-03-03,5928,156678,2811,68657,3117,88016,0,5,3832,56423,2082,50007,3833,106430,California
Kern,2021-03-04,5596,162274,2196,70853,3397,91413,3,8,3600,58043,1982,51989,3602,110032,California
Kern,2021-03-05,6667,168941,2860,73713,3788,95201,19,27,4231,59866,2427,54416,4250,114282,California
Kern,2021-03-06,4733,173674,1926,75639,2707,97908,100,127,3465,62169,1261,55677,3564,117846,California
Kern,2021-03-07,2055,175729,1591,77230,413,98321,51,178,1861,63888,193,55870,1912,119758,California
Kern,2021-03-08,2888,178617,922,78152,1753,100074,213,391,1524,64262,1361,57231,1735,121493,California
Kern,2021-03-09,3717,182334,808,78960,2526,102600,383,774,2317,65567,1392,58623,2697,124190,California
Kern,2021-03-10,6134,188468,2564,81524,2498,105098,1072,1846,3594,67706,2525,61148,4664,128854,California
Kern,2021-03-11,6339,194807,2444,83968,2869,107967,1026,2872,3779,69959,2549,63697,4802,133656,California
Kern,2021-03-12,7828,202635,3070,87038,3406,111373,1352,4224,4315,72116,3500,67197,5657,139313,California
Kern,2021-03-13,4660,207295,2526,89564,1799,113172,335,4559,3240,74274,1413,68610,3571,142884,California
Kern,2021-03-14,2297,209592,1522,91086,534,113706,241,4800,1776,75767,521,69131,2014,144898,California
Kern,2021-03-15,4267,213859,1100,92186,2454,116160,713,5513,2199,76616,2056,71187,2905,147803,California
Kern,2021-03-16,4345,218204,1014,93200,2799,118959,532,6045,2336,77482,1999,73186,2865,150668,California
Kern,2021-03-17,7479,225683,4049,97249,2880,121839,550,6595,4518,79599,2950,76136,5067,155735,California
Kern,2021-03-18,7274,232957,3680,100929,3009,124848,585,7180,4402,81730,2852,78988,4983,160718,California
Kern,2021-03-19,8982,241939,4983,105912,3344,128192,655,7835,4715,82842,4252,83240,5364,166082,California
Kern,2021-03-20,6178,248117,3823,109735,2181,130373,174,8009,3913,84676,2254,85494,4088,170170,California
Kern,2021-03-21,3046,251163,1929,111664,236,130609,881,8890,1846,86208,1194,86688,2726,172896,California
Kern,2021-03-22,3991,255154,1567,113231,2067,132676,357,9247,1939,86467,2037,88725,2296,175192,California
Kern,2021-03-23,4735,259889,1676,114907,2860,135536,199,9446,2485,86928,2221,90946,2682,177874,California
Kern,2021-03-24,7182,267071,3674,118581,3031,138567,477,9923,3657,87554,3507,94453,4133,182007,California
Kern,2021-03-25,6757,273828,2996,121577,3430,141997,331,10254,3278,87698,3462,97915,3606,185613,California
Kern,2021-03-26,9872,283700,4416,125993,4200,146197,1256,11510,4741,88580,5113,103028,5995,191608,California
Kern,2021-03-27,5702,289402,3996,129989,1578,147775,128,11638,3445,89897,2255,105283,3572,195180,California
Kern,2021-03-28,4683,294085,4192,134181,477,148252,14,11652,2954,91137,1728,107011,2968,198148,California
Kern,2021-03-29,4253,298338,1680,135861,2294,150546,279,11931,2610,92392,1631,108642,2886,201034,California
Kern,2021-03-30,5602,303940,1873,137734,3344,153890,385,12316,3074,93326,2524,111166,3458,204492,California
Kern,2021-03-31,8407,312347,4545,142279,3213,157103,649,12965,4350,94283,4041,115207,4998,209490,California
Kern,2021-04-01,7885,320232,3874,146153,3713,160816,298,13263,4224,95162,3640,118847,4519,214009,California
Kern,2021-04-02,8436,328668,4454,150607,3375,164191,607,13870,4216,95775,4204,123051,4817,218826,California
Kern,2021-04-03,5989,334657,3671,154278,2135,166326,183,14053,2663,95301,3317,126368,2843,221669,California
Kern,2021-04-04,1338,335995,875,155153,379,166705,84,14137,476,95002,859,127227,560,222229,California
Kern,2021-04-05,5372,341367,2223,157376,2379,169084,770,14907,2907,96205,2453,129680,3656,225885,California
Kern,2021-04-06,7104,348471,2470,159846,3263,172347,1371,16278,3566,97627,3514,133194,4936,230821,California
Kern,2021-04-07,9364,357835,5462,165308,2940,175287,962,17240,4570,98392,4775,137969,5540,236361,California
Kern,2021-04-08,8635,366470,4782,170090,2948,178235,905,18145,3709,98104,4904,142873,4616,240977,California
Kern,2021-04-09,10201,376671,5123,175213,4091,182326,987,19132,4333,97592,5843,148716,5331,246308,California
Kern,2021-04-10,6541,383212,3430,178643,1870,184196,1241,20373,2124,96547,4407,153123,3362,249670,California
Kern,2021-04-11,3833,387045,2892,181535,356,184552,585,20958,1249,95805,2572,155695,1830,251500,California
Kern,2021-04-12,4381,391426,984,182519,2426,186978,971,21929,1568,95547,2796,158491,2538,254038,California
Kern,2021-04-13,4280,395706,1409,183928,2846,189824,25,21954,2111,95526,2158,160649,2137,256175,California
Kern,2021-04-14,6040,401746,2964,186892,3054,192878,22,21976,2988,95498,3037,163686,3009,259184,California
Kern,2021-04-15,5268,407014,2469,189361,2797,195675,2,21978,2502,95253,2749,166435,2504,261688,California
Kern,2021-04-16,7244,414258,3435,192796,3808,199483,1,21979,2954,93943,4266,170701,2956,264644,California
Kern,2021-04-17,5888,420146,3854,196650,2034,201517,0,21979,2091,92253,3782,174483,2092,266736,California
Kern,2021-04-18,3776,423922,3539,200189,237,201754,0,21979,913,90311,2855,177338,913,267649,California
Kern,2021-04-19,3816,427738,1726,201915,2088,203842,2,21981,1411,89337,2385,179723,1411,269060,California
Kern,2021-04-20,4333,432071,1557,203472,2775,206617,1,21982,1629,88278,2690,182413,1631,270691,California
Kern,2021-04-21,5856,437927,3125,206597,2726,209343,5,21987,2130,86706,3705,186118,2133,272824,California
Kern,2021-04-22,4779,442706,2308,208905,2471,211814,0,21987,1688,85325,3070,189188,1689,274513,California
Kern,2021-04-23,6054,448760,2936,211841,3117,214931,1,21988,1893,83094,4125,193313,1894,276407,California
Kern,2021-04-24,4010,452770,2804,214645,1195,216126,11,21999,1443,81998,2549,195862,1453,277860,California
Kern,2021-04-25,1339,454109,1061,215706,278,216404,0,21999,764,82193,569,196431,764,278624,California
Kern,2021-04-26,3787,457896,1820,217526,1915,218319,52,22051,1035,80540,2742,199173,1089,279713,California
Kern,2021-04-27,4637,462533,2275,219801,2261,220580,101,22152,1406,78825,3219,202392,1504,281217,California
Kern,2021-04-28,6250,468783,3676,223477,2451,223031,123,22275,1776,76263,4458,206850,1896,283113,California
Kern,2021-04-29,5513,474296,3063,226540,2350,225381,100,22375,1622,74115,3871,210721,1723,284836,California
Kern,2021-04-30,5597,479893,3130,229670,2307,227688,160,22535,1620,71929,3965,214686,1779,286615,California
Kern,2021-05-01,2581,482474,1804,231474,717,228405,60,22595,955,71327,1616,216302,1014,287629,California
Kern,2021-05-02,1885,484359,1601,233075,263,228668,21,22616,692,70852,1188,217490,713,288342,California
Kern,2021-05-03,2486,486845,987,234062,1367,230035,132,22748,761,70035,1711,219201,894,289236,California
Kern,2021-05-04,3610,490455,1284,235346,2217,232252,109,22857,1257,69061,2338,221539,1364,290600,California
Kern,2021-05-05,4138,494593,2133,237479,1855,234107,150,23007,1367,67820,2757,224296,1516,292116,California
Kern,2021-05-06,3523,498116,1565,239044,1815,235922,143,23150,1079,66613,2426,226722,1219,293335,California
Kern,2021-05-07,4569,502685,2298,241342,2096,238018,175,23325,1278,64799,3265,229987,1451,294786,California
Kern,2021-05-08,2893,505578,1822,243164,956,238974,115,23440,900,63833,1979,231966,1013,295799,California
Kern,2021-05-09,1297,506875,1122,244286,145,239119,30,23470,448,63469,842,232808,478,296277,California
Kern,2021-05-10,2207,509082,844,245130,1264,240383,99,23569,641,62658,1549,234357,738,297015,California
Kern,2021-05-11,2600,511682,909,246039,1568,241951,123,23692,942,62076,1648,236005,1066,298081,California
Kern,2021-05-12,3519,515201,1394,247433,1976,243927,149,23841,1110,60938,2397,238402,1259,299340,California
Kern,2021-05-13,3334,518535,1733,249166,1459,245386,142,23983,1551,60856,1771,240173,1689,301029,California
Kern,2021-05-14,4261,522796,2525,251691,1519,246905,217,24200,1971,60771,2272,242445,2187,303216,California
Kern,2021-05-15,2905,525701,1898,253589,920,247825,87,24287,1545,61056,1347,243792,1632,304848,California
Kern,2021-05-16,1540,527241,1319,254908,183,248008,38,24325,885,61329,650,244442,923,305771,California
Kern,2021-05-17,2295,529536,989,255897,1162,249170,144,24469,1181,61551,1102,245544,1324,307095,California
Kern,2021-05-18,3122,532658,1419,257316,1575,250745,128,24597,1602,61776,1504,247048,1729,308824,California
Kern,2021-05-19,3797,536455,2370,259686,1301,252046,126,24723,1836,61788,1949,248997,1961,310785,California
Kern,2021-05-20,2909,539364,1580,261266,1200,253246,129,24852,1331,61689,1557,250554,1458,312243,California
Kern,2021-05-21,3366,542730,2066,263332,1183,254429,117,24969,1700,61866,1640,252194,1817,314060,California
Kern,2021-05-22,2587,545317,2011,265343,539,254968,37,25006,1218,61760,1360,253554,1254,315314,California
Kern,2021-05-23,1153,546470,1004,266347,131,255099,18,25024,611,61852,536,254090,628,315942,California
Kern,2021-05-24,1806,548276,761,267108,930,256029,115,25139,869,61904,929,255019,981,316923,California
Kern,2021-05-25,2334,550610,1074,268182,1180,257209,80,25219,1121,61904,1201,256220,1201,318124,California
Kern,2021-05-26,2704,553314,1555,269737,1055,258264,94,25313,1171,61647,1520,257740,1263,319387,California
Kern,2021-05-27,2201,555515,1074,270811,1030,259294,97,25410,1101,61765,1079,258819,1197,320584,California
Kern,2021-05-28,1643,557158,928,271739,660,259954,55,25465,614,61412,1022,259841,669,321253,California
Kings,2020-12-16,1,1,1,1,0,0,0,0,1,1,0,0,1,1,California
Kings,2020-12-17,8,9,8,9,0,0,0,0,8,9,0,0,8,9,California
Kings,2020-12-18,12,21,12,21,0,0,0,0,12,21,0,0,12,21,California
Kings,2020-12-19,11,32,11,32,0,0,0,0,11,32,0,0,11,32,California
Kings,2020-12-20,13,45,13,45,0,0,0,0,13,45,0,0,13,45,California
Kings,2020-12-21,156,201,156,201,0,0,0,0,269,314,0,0,269,314,California
Kings,2020-12-22,143,344,143,344,0,0,0,0,140,454,0,0,140,454,California
Kings,2020-12-23,136,480,123,467,13,13,0,0,137,591,0,0,137,591,California
Kings,2020-12-24,11,491,9,476,2,15,0,0,11,602,0,0,11,602,California
Kings,2020-12-26,7,498,4,480,3,18,0,0,7,609,0,0,7,609,California
Kings,2020-12-27,4,502,4,484,0,18,0,0,4,613,0,0,4,613,California
Kings,2020-12-28,131,633,103,587,28,46,0,0,132,745,0,0,132,745,California
Kings,2020-12-29,77,710,50,637,27,73,0,0,78,823,0,0,78,823,California
Kings,2020-12-30,149,859,109,746,40,113,0,0,149,972,0,0,149,972,California
Kings,2020-12-31,45,904,6,752,39,152,0,0,45,1017,0,0,45,1017,California
Kings,2021-01-01,1,905,0,752,1,153,0,0,1,1018,0,0,1,1018,California
Kings,2021-01-02,10,915,9,761,1,154,0,0,10,1028,0,0,10,1028,California
Kings,2021-01-04,111,1026,41,802,70,224,0,0,111,1139,0,0,111,1139,California
Kings,2021-01-05,195,1221,39,841,156,380,0,0,195,1334,0,0,195,1334,California
Kings,2021-01-06,277,1498,178,1019,99,479,0,0,274,1605,3,3,274,1608,California
Kings,2021-01-07,181,1679,82,1101,99,578,0,0,173,1770,8,11,173,1781,California
Kings,2021-01-08,248,1927,54,1155,194,772,0,0,229,1980,19,30,229,2010,California
Kings,2021-01-09,63,1990,9,1164,54,826,0,0,55,2027,8,38,55,2065,California
Kings,2021-01-10,15,2005,3,1167,12,838,0,0,12,2036,3,41,12,2077,California
Kings,2021-01-11,518,2523,354,1521,164,1002,0,0,276,2071,242,283,277,2354,California
Kings,2021-01-12,349,2872,252,1773,97,1099,0,0,215,2155,131,414,215,2569,California
Kings,2021-01-13,422,3294,275,2048,147,1246,0,0,330,2393,92,506,330,2899,California
Kings,2021-01-14,208,3502,30,2078,178,1424,0,0,198,2571,21,527,199,3098,California
Kings,2021-01-15,418,3920,30,2108,388,1812,0,0,406,2965,12,539,406,3504,California
Kings,2021-01-16,28,3948,9,2117,19,1831,0,0,27,2991,1,540,27,3531,California
Kings,2021-01-17,9,3957,6,2123,3,1834,0,0,7,2996,2,542,7,3538,California
Kings,2021-01-18,172,4129,40,2163,132,1966,0,0,146,3116,26,568,146,3684,California
Kings,2021-01-19,379,4508,160,2323,219,2185,0,0,251,3239,128,696,251,3935,California
Kings,2021-01-20,237,4745,146,2469,91,2276,0,0,127,3261,105,801,127,4062,California
Kings,2021-01-21,212,4957,57,2526,155,2431,0,0,197,3441,17,818,197,4259,California
Kings,2021-01-22,102,5059,16,2542,86,2517,0,0,102,3538,5,823,102,4361,California
Kings,2021-01-23,26,5085,14,2556,12,2529,0,0,20,3552,6,829,20,4381,California
Kings,2021-01-24,4,5089,4,2560,0,2529,0,0,2,3552,2,831,2,4383,California
Kings,2021-01-25,126,5215,27,2587,99,2628,0,0,91,3608,35,866,91,4474,California
Kings,2021-01-26,153,5368,34,2621,119,2747,0,0,114,3683,39,905,114,4588,California
Kings,2021-01-27,322,5690,34,2655,288,3035,0,0,248,3858,73,978,248,4836,California
Kings,2021-01-28,329,6019,46,2701,283,3318,0,0,273,4075,56,1034,273,5109,California
Kings,2021-01-29,86,6105,26,2727,60,3378,0,0,69,4127,17,1051,69,5178,California
Kings,2021-01-30,1558,7663,31,2758,1527,4905,0,0,1555,5681,3,1054,1557,6735,California
Kings,2021-02-01,199,7862,64,2822,135,5040,0,0,72,5628,125,1179,72,6807,California
Kings,2021-02-02,232,8094,14,2836,218,5258,0,0,82,5561,149,1328,82,6889,California
Kings,2021-02-03,357,8451,191,3027,166,5424,0,0,201,5607,155,1483,201,7090,California
Kings,2021-02-04,398,8849,99,3126,299,5723,0,0,200,5610,197,1680,200,7290,California
Kings,2021-02-05,260,9109,15,3141,245,5968,0,0,101,5554,157,1837,101,7391,California
Kings,2021-02-06,61,9170,10,3151,51,6019,0,0,28,5549,33,1870,28,7419,California
Kings,2021-02-07,5,9175,3,3154,2,6021,0,0,3,5550,2,1872,3,7422,California
Kings,2021-02-08,174,9349,29,3183,145,6166,0,0,68,5512,106,1978,68,7490,California
Kings,2021-02-09,254,9603,57,3240,197,6363,0,0,110,5480,142,2120,110,7600,California
Kings,2021-02-10,286,9889,113,3353,173,6536,0,0,169,5532,117,2237,169,7769,California
Kings,2021-02-11,432,10321,65,3418,367,6903,0,0,316,5733,115,2352,316,8085,California
Kings,2021-02-12,622,10943,36,3454,586,7489,0,0,346,5804,275,2627,346,8431,California
Kings,2021-02-13,104,11047,6,3460,98,7587,0,0,78,5856,26,2653,78,8509,California
Kings,2021-02-14,102,11149,4,3464,98,7685,0,0,94,5942,8,2661,94,8603,California
Kings,2021-02-15,246,11395,5,3469,241,7926,0,0,137,5971,108,2769,137,8740,California
Kings,2021-02-16,488,11883,33,3502,455,8381,0,0,251,5986,236,3005,251,8991,California
Kings,2021-02-17,380,12263,23,3525,357,8738,0,0,243,6093,137,3142,244,9235,California
Kings,2021-02-18,156,12419,23,3548,133,8871,0,0,98,6133,58,3200,98,9333,California
Kings,2021-02-19,159,12578,24,3572,135,9006,0,0,103,6183,53,3253,103,9436,California
Kings,2021-02-20,171,12749,40,3612,131,9137,0,0,134,6280,37,3290,134,9570,California
Kings,2021-02-21,3,12752,2,3614,1,9138,0,0,3,6283,0,3290,3,9573,California
Kings,2021-02-22,110,12862,19,3633,91,9229,0,0,50,6273,60,3350,50,9623,California
Kings,2021-02-23,297,13159,70,3703,227,9456,0,0,180,6336,117,3467,180,9803,California
Kings,2021-02-24,597,13756,154,3857,443,9899,0,0,385,6509,212,3679,385,10188,California
Kings,2021-02-25,685,14441,131,3988,554,10453,0,0,466,6758,217,3896,466,10654,California
Kings,2021-02-26,667,15108,137,4125,530,10983,0,0,605,7301,62,3958,605,11259,California
Kings,2021-02-27,1516,16624,65,4190,1451,12434,0,0,580,6946,935,4893,580,11839,California
Kings,2021-02-28,1171,17795,597,4787,574,13008,0,0,674,7126,494,5387,674,12513,California
Kings,2021-03-01,262,18057,79,4866,183,13191,0,0,215,7294,47,5434,215,12728,California
Kings,2021-03-02,508,18565,242,5108,266,13457,0,0,458,7703,50,5484,459,13187,California
Kings,2021-03-03,640,19205,314,5422,326,13783,0,0,449,7963,189,5673,449,13636,California
Kings,2021-03-04,732,19937,352,5774,380,14163,0,0,632,8496,100,5773,633,14269,California
Kings,2021-03-05,1085,21022,368,6142,708,14871,9,9,965,9351,120,5893,975,15244,California
Kings,2021-03-06,514,21536,187,6329,314,15185,13,22,484,9818,30,5923,497,15741,California
Kings,2021-03-07,366,21902,224,6553,138,15323,4,26,358,10172,8,5931,362,16103,California
Kings,2021-03-08,374,22276,96,6649,225,15548,53,79,263,10376,111,6042,315,16418,California
Kings,2021-03-09,551,22827,252,6901,244,15792,55,134,443,10768,107,6149,499,16917,California
Kings,2021-03-10,574,23401,128,7029,355,16147,91,225,389,11063,184,6333,479,17396,California
Kings,2021-03-11,1035,24436,307,7336,618,16765,110,335,629,11398,404,6737,739,18135,California
Kings,2021-03-12,1379,25815,445,7781,840,17605,94,429,976,12070,401,7138,1073,19208,California
Kings,2021-03-13,681,26496,333,8114,304,17909,44,473,556,12546,125,7263,601,19809,California
Kings,2021-03-14,675,27171,101,8215,185,18094,389,862,201,12662,474,7737,590,20399,California
Kings,2021-03-15,703,27874,266,8481,322,18416,115,977,466,13009,236,7973,583,20982,California
Kings,2021-03-16,1058,28932,446,8927,550,18966,62,1039,720,13453,338,8311,782,21764,California
Kings,2021-03-17,1098,30030,418,9345,619,19585,61,1100,780,13982,319,8630,848,22612,California
Kings,2021-03-18,1124,31154,474,9819,427,20012,223,1323,774,14633,349,8979,1000,23612,California
Kings,2021-03-19,964,32118,469,10288,410,20422,85,1408,738,15244,225,9204,836,24448,California
Kings,2021-03-20,640,32758,255,10543,354,20776,31,1439,465,15574,173,9377,503,24951,California
Kings,2021-03-21,1417,34175,1087,11630,319,21095,11,1450,863,15894,554,9931,874,25825,California
Kings,2021-03-22,447,34622,199,11829,164,21259,84,1534,273,16081,174,10105,361,26186,California
Kings,2021-03-23,916,35538,508,12337,345,21604,63,1597,556,16345,358,10463,622,26808,California
Kings,2021-03-24,957,36495,487,12824,447,22051,23,1620,506,16427,449,10912,531,27339,California
Kings,2021-03-25,918,37413,465,13289,427,22478,26,1646,447,16431,469,11381,473,27812,California
Kings,2021-03-26,1294,38707,379,13668,830,23308,85,1731,515,16256,774,12155,599,28411,California
Kings,2021-03-27,641,39348,258,13926,371,23679,12,1743,158,15945,481,12636,170,28581,California
Kings,2021-03-28,672,40020,601,14527,64,23743,7,1750,405,16098,267,12903,420,29001,California
Kings,2021-03-29,467,40487,210,14737,196,23939,61,1811,259,16211,206,13109,319,29320,California
Kings,2021-03-30,858,41345,473,15210,347,24286,38,1849,425,16242,432,13541,463,29783,California
Kings,2021-03-31,767,42112,378,15588,316,24602,73,1922,423,16402,336,13877,496,30279,California
Kings,2021-04-01,777,42889,388,15976,299,24901,90,2012,352,16425,419,14296,442,30721,California
Kings,2021-04-02,1009,43898,448,16424,437,25338,124,2136,392,16329,612,14908,516,31237,California
Kings,2021-04-03,489,44387,345,16769,135,25473,9,2145,166,16188,317,15225,176,31413,California
Kings,2021-04-04,156,44543,82,16851,68,25541,6,2151,42,16123,113,15338,48,31461,California
Kings,2021-04-05,1053,45596,325,17176,476,26017,252,2403,235,15792,817,16155,486,31947,California
Kings,2021-04-06,1202,46798,450,17626,440,26457,312,2715,280,15465,919,17074,592,32539,California
Kings,2021-04-07,1357,48155,647,18273,524,26981,186,2901,357,15017,997,18071,549,33088,California
Kings,2021-04-08,1609,49764,631,18904,726,27707,252,3153,362,14398,1240,19311,621,33709,California
Kings,2021-04-09,1152,50916,544,19448,430,28137,178,3331,232,13888,918,20229,408,34117,California
Kings,2021-04-10,589,51505,328,19776,159,28296,102,3433,167,13738,420,20649,270,34387,California
Kings,2021-04-11,352,51857,74,19850,271,28567,7,3440,194,13782,157,20806,201,34588,California
Kings,2021-04-12,698,52555,311,20161,187,28754,200,3640,193,13671,504,21310,393,34981,California
Kings,2021-04-13,903,53458,515,20676,388,29142,0,3640,287,13348,615,21925,292,35273,California
Kings,2021-04-14,1039,54497,575,21251,464,29606,0,3640,376,13062,663,22588,377,35650,California
Kings,2021-04-15,1048,55545,520,21771,527,30133,1,3641,450,12916,597,23185,451,36101,California
Kings,2021-04-16,770,56315,360,22131,410,30543,0,3641,257,12661,512,23697,257,36358,California
Kings,2021-04-17,458,56773,244,22375,214,30757,0,3641,186,12576,271,23968,186,36544,California
Kings,2021-04-18,562,57335,239,22614,323,31080,0,3641,43,12100,519,24487,43,36587,California
Kings,2021-04-19,531,57866,294,22908,237,31317,0,3641,285,12141,244,24731,285,36872,California
Kings,2021-04-20,738,58604,447,23355,291,31608,0,3641,236,11876,501,25232,236,37108,California
Kings,2021-04-21,642,59246,308,23663,334,31942,0,3641,222,11685,413,25645,222,37330,California
Kings,2021-04-22,553,59799,276,23939,277,32219,0,3641,202,11540,348,25993,203,37533,California
Kings,2021-04-23,664,60463,289,24228,375,32594,0,3641,327,11532,335,26328,327,37860,California
Kings,2021-04-24,246,60709,178,24406,67,32661,1,3642,118,11524,127,26455,119,37979,California
Kings,2021-04-25,200,60909,181,24587,19,32680,0,3642,164,11652,36,26491,164,38143,California
Kings,2021-04-26,300,61209,158,24745,139,32819,3,3645,189,11734,110,26601,192,38335,California
Kings,2021-04-27,408,61617,178,24923,211,33030,19,3664,170,11686,237,26838,189,38524,California
Kings,2021-04-28,510,62127,253,25176,237,33267,20,3684,263,11722,247,27085,283,38807,California
Kings,2021-04-29,288,62415,112,25288,165,33432,11,3695,135,11717,151,27236,146,38953,California
Kings,2021-04-30,366,62781,164,25452,185,33617,17,3712,153,11678,209,27445,170,39123,California
Kings,2021-05-01,230,63011,167,25619,53,33670,10,3722,74,11608,154,27599,84,39207,California
Kings,2021-05-02,168,63179,146,25765,22,33692,0,3722,126,11692,42,27641,126,39333,California
Kings,2021-05-03,473,63652,256,26021,204,33896,13,3735,123,11479,349,27990,136,39469,California
Kings,2021-05-04,519,64171,260,26281,239,34135,20,3755,161,11302,358,28348,181,39650,California
Kings,2021-05-05,551,64722,286,26567,245,34380,20,3775,137,11045,414,28762,157,39807,California
Kings,2021-05-06,541,65263,270,26837,248,34628,23,3798,121,10771,418,29180,144,39951,California
Kings,2021-05-07,365,65628,209,27046,142,34770,14,3812,147,10716,216,29396,161,40112,California
Kings,2021-05-08,229,65857,166,27212,52,34822,11,3823,74,10646,155,29551,85,40197,California
Kings,2021-05-09,192,66049,64,27276,128,34950,0,3823,40,10534,152,29703,40,40237,California
Kings,2021-05-10,339,66388,263,27539,66,35016,10,3833,115,10435,223,29926,124,40361,California
Kings,2021-05-11,373,66761,230,27769,115,35131,28,3861,117,10325,256,30182,146,40507,California
Kings,2021-05-12,372,67133,140,27909,219,35350,13,3874,160,10288,210,30392,173,40680,California
Kings,2021-05-13,385,67518,135,28044,232,35582,18,3892,149,10219,236,30628,167,40847,California
Kings,2021-05-14,463,67981,316,28360,116,35698,31,3923,241,10270,221,30849,272,41119,California
Kings,2021-05-15,348,68329,249,28609,82,35780,17,3940,194,10327,154,31003,211,41330,California
Kings,2021-05-16,250,68579,222,28831,27,35807,1,3941,79,10236,171,31174,80,41410,California
Kings,2021-05-17,405,68984,323,29154,65,35872,17,3958,218,10286,185,31359,235,41645,California
Kings,2021-05-18,389,69373,273,29427,103,35975,13,3971,225,10361,164,31523,239,41884,California
Kings,2021-05-19,574,69947,282,29709,270,36245,22,3993,231,10273,341,31864,253,42137,California
Kings,2021-05-20,398,70345,193,29902,178,36423,27,4020,241,10385,157,32021,269,42406,California
Kings,2021-05-21,450,70795,218,30120,222,36645,10,4030,225,10399,221,32242,235,42641,California
Kings,2021-05-22,254,71049,204,30324,39,36684,11,4041,192,10542,60,32302,203,42844,California
Kings,2021-05-23,200,71249,198,30522,2,36686,0,4041,97,10536,103,32405,97,42941,California
Kings,2021-05-24,248,71497,163,30685,71,36757,14,4055,122,10546,126,32531,136,43077,California
Kings,2021-05-25,383,71880,260,30945,102,36859,21,4076,237,10659,145,32676,258,43335,California
Kings,2021-05-26,305,72185,124,31069,163,37022,18,4094,132,10636,173,32849,150,43485,California
Kings,2021-05-27,328,72513,183,31252,127,37149,18,4112,184,10697,141,32990,202,43687,California
Kings,2021-05-28,127,72640,33,31285,77,37226,17,4129,30,10648,95,33085,46,43733,California
Lake,2020-12-17,4,4,4,4,0,0,0,0,4,4,0,0,4,4,California
Lake,2020-12-18,51,55,51,55,0,0,0,0,51,55,0,0,51,55,California
Lake,2020-12-19,3,58,3,58,0,0,0,0,3,58,0,0,3,58,California
Lake,2020-12-20,6,64,6,64,0,0,0,0,6,64,0,0,6,64,California
Lake,2020-12-21,86,150,86,150,0,0,0,0,86,150,0,0,86,150,California
Lake,2020-12-22,63,213,60,210,3,3,0,0,63,213,0,0,63,213,California
Lake,2020-12-23,123,336,114,324,9,12,0,0,123,336,0,0,123,336,California
Lake,2020-12-24,2,338,0,324,2,14,0,0,2,338,0,0,2,338,California
Lake,2020-12-26,2,340,2,326,0,14,0,0,2,340,0,0,2,340,California
Lake,2020-12-27,2,342,2,328,0,14,0,0,2,342,0,0,2,342,California
Lake,2020-12-28,52,394,43,371,9,23,0,0,52,394,0,0,52,394,California
Lake,2020-12-29,50,444,45,416,5,28,0,0,50,444,0,0,50,444,California
Lake,2020-12-30,126,570,119,535,7,35,0,0,126,570,0,0,126,570,California
Lake,2020-12-31,67,637,64,599,3,38,0,0,67,637,0,0,67,637,California
Lake,2021-01-01,1,638,0,599,1,39,0,0,1,638,0,0,1,638,California
Lake,2021-01-02,2,640,1,600,1,40,0,0,2,640,0,0,2,640,California
Lake,2021-01-04,88,728,21,621,67,107,0,0,88,728,0,0,88,728,California
Lake,2021-01-05,120,848,59,680,61,168,0,0,118,844,2,2,118,846,California
Lake,2021-01-06,105,953,65,745,40,208,0,0,103,945,2,4,103,949,California
Lake,2021-01-07,108,1061,85,830,23,231,0,0,99,1035,9,13,99,1048,California
Lake,2021-01-08,152,1213,124,954,28,259,0,0,100,1083,52,65,100,1148,California
Lake,2021-01-09,63,1276,61,1015,2,261,0,0,59,1138,4,69,59,1207,California
Lake,2021-01-10,3,1279,3,1018,0,261,0,0,0,1135,3,72,0,1207,California
Lake,2021-01-11,192,1471,151,1169,41,302,0,0,112,1167,80,152,112,1319,California
Lake,2021-01-12,81,1552,48,1217,33,335,0,0,57,1200,24,176,57,1376,California
Lake,2021-01-13,165,1717,112,1329,53,388,0,0,108,1251,57,233,108,1484,California
Lake,2021-01-14,147,1864,46,1375,101,489,0,0,125,1354,22,255,125,1609,California
Lake,2021-01-15,218,2082,92,1467,126,615,0,0,191,1518,27,282,191,1800,California
Lake,2021-01-16,134,2216,81,1548,53,668,0,0,132,1648,2,284,132,1932,California
Lake,2021-01-17,18,2234,6,1554,12,680,0,0,12,1654,6,290,12,1944,California
Lake,2021-01-18,246,2480,227,1781,19,699,0,0,125,1658,121,411,125,2069,California
Lake,2021-01-19,312,2792,118,1899,194,893,0,0,267,1881,45,456,268,2337,California
Lake,2021-01-20,422,3214,80,1979,342,1235,0,0,358,2176,63,519,358,2695,California
Lake,2021-01-21,434,3648,49,2028,385,1620,0,0,399,2540,35,554,399,3094,California
Lake,2021-01-22,318,3966,46,2074,272,1892,0,0,282,2786,36,590,282,3376,California
Lake,2021-01-23,122,4088,5,2079,117,2009,0,0,121,2906,1,591,121,3497,California
Lake,2021-01-24,5,4093,2,2081,3,2012,0,0,5,2911,0,591,5,3502,California
Lake,2021-01-25,258,4351,95,2176,163,2175,0,0,177,3007,81,672,177,3679,California
Lake,2021-01-26,430,4781,36,2212,394,2569,0,0,407,3391,23,695,407,4086,California
Lake,2021-01-27,359,5140,41,2253,318,2887,0,0,331,3695,28,723,332,4418,California
Lake,2021-01-28,498,5638,161,2414,337,3224,0,0,368,3933,130,853,368,4786,California
Lake,2021-01-29,639,6277,86,2500,553,3777,0,0,579,4452,60,913,579,5365,California
Lake,2021-01-30,553,6830,44,2544,509,4286,0,0,547,4993,6,919,547,5912,California
Lake,2021-01-31,14,6844,8,2552,6,4292,0,0,12,5003,2,921,12,5924,California
Lake,2021-02-01,180,7024,18,2570,162,4454,0,0,166,5155,14,935,166,6090,California
Lake,2021-02-02,564,7588,152,2722,412,4866,0,0,398,5387,166,1101,398,6488,California
Lake,2021-02-03,445,8033,33,2755,412,5278,0,0,340,5622,105,1206,340,6828,California
Lake,2021-02-04,119,8152,68,2823,51,5329,0,0,72,5647,47,1253,72,6900,California
Lake,2021-02-05,379,8531,70,2893,309,5638,0,0,288,5846,89,1342,288,7188,California
Lake,2021-02-06,275,8806,40,2933,235,5873,0,0,264,6099,11,1353,264,7452,California
Lake,2021-02-07,2,8808,1,2934,1,5874,0,0,2,6101,0,1353,2,7454,California
Lake,2021-02-08,279,9087,207,3141,72,5946,0,0,159,6140,120,1473,159,7613,California
Lake,2021-02-09,345,9432,24,3165,321,6267,0,0,301,6398,43,1516,301,7914,California
Lake,2021-02-10,352,9784,54,3219,298,6565,0,0,274,6594,78,1594,274,8188,California
Lake,2021-02-11,176,9960,18,3237,158,6723,0,0,58,6534,118,1712,58,8246,California
Lake,2021-02-12,374,10334,29,3266,345,7068,0,0,286,6733,87,1799,286,8532,California
Lake,2021-02-13,247,10581,7,3273,240,7308,0,0,236,6958,11,1810,236,8768,California
Lake,2021-02-14,20,10601,5,3278,15,7323,0,0,6,6950,14,1824,6,8774,California
Lake,2021-02-15,171,10772,13,3291,158,7481,0,0,8,6796,162,1986,8,8782,California
Lake,2021-02-16,424,11196,23,3314,401,7882,0,0,176,6724,248,2234,176,8958,California
Lake,2021-02-17,351,11547,54,3368,297,8179,0,0,70,6514,280,2514,70,9028,California
Lake,2021-02-18,459,12006,70,3438,389,8568,0,0,115,6285,344,2858,115,9143,California
Lake,2021-02-19,421,12427,28,3466,393,8961,0,0,94,6052,327,3185,94,9237,California
Lake,2021-02-20,295,12722,61,3527,234,9195,0,0,252,6262,42,3227,252,9489,California
Lake,2021-02-21,6,12728,6,3533,0,9195,0,0,0,6256,6,3233,0,9489,California
Lake,2021-02-22,141,12869,24,3557,117,9312,0,0,43,6201,98,3331,43,9532,California
Lake,2021-02-23,214,13083,14,3571,200,9512,0,0,28,6043,186,3517,28,9560,California
Lake,2021-02-24,957,14040,378,3949,579,10091,0,0,417,5921,539,4056,417,9977,California
Lake,2021-02-25,732,14772,467,4416,265,10356,0,0,472,6136,257,4313,472,10449,California
Lake,2021-02-26,995,15767,304,4720,691,11047,0,0,350,5844,642,4955,350,10799,California
Lake,2021-02-27,410,16177,98,4818,312,11359,0,0,328,6090,82,5037,328,11127,California
Lake,2021-02-28,17,16194,11,4829,6,11365,0,0,10,6093,7,5044,10,11137,California
Lake,2021-03-01,596,16790,53,4882,543,11908,0,0,443,6383,153,5197,443,11580,California
Lake,2021-03-02,744,17534,17,4899,727,12635,0,0,289,6217,455,5652,289,11869,California
Lake,2021-03-03,369,17903,196,5095,173,12808,0,0,146,6140,223,5875,146,12015,California
Lake,2021-03-04,579,18482,507,5602,72,12880,0,0,562,6685,17,5892,562,12577,California
Lake,2021-03-05,1048,19530,52,5654,996,13876,0,0,186,6013,858,6750,186,12763,California
Lake,2021-03-06,34,19564,9,5663,24,13900,1,1,21,6022,13,6763,22,12785,California
Lake,2021-03-07,7,19571,5,5668,2,13902,0,1,4,6023,3,6766,4,12789,California
Lake,2021-03-08,339,19910,267,5935,63,13965,9,10,299,6291,40,6806,308,13097,California
Lake,2021-03-09,930,20840,42,5977,871,14836,17,27,406,6191,523,7329,423,13520,California
Lake,2021-03-10,204,21044,60,6037,131,14967,13,40,135,6271,69,7398,149,13669,California
Lake,2021-03-11,585,21629,48,6085,62,15029,475,515,47,6255,538,7936,522,14191,California
Lake,2021-03-12,851,22480,203,6288,623,15652,25,540,362,6154,488,8424,387,14578,California
Lake,2021-03-13,278,22758,22,6310,20,15672,236,776,16,6144,261,8685,251,14829,California
Lake,2021-03-14,11,22769,2,6312,9,15681,0,776,7,6147,4,8689,7,14836,California
Lake,2021-03-15,642,23411,14,6326,611,16292,17,793,482,6486,160,8849,499,15335,California
Lake,2021-03-16,1113,24524,834,7160,262,16554,17,810,444,6281,665,9514,460,15795,California
Lake,2021-03-17,248,24772,121,7281,105,16659,22,832,92,6239,156,9670,114,15909,California
Lake,2021-03-18,748,25520,373,7654,338,16997,37,869,371,6270,376,10046,407,16316,California
Lake,2021-03-19,582,26102,315,7969,247,17244,20,889,475,6659,106,10152,495,16811,California
Lake,2021-03-20,250,26352,9,7978,238,17482,3,892,31,6476,217,10369,34,16845,California
Lake,2021-03-21,16,26368,11,7989,4,17486,1,893,11,6483,5,10374,12,16857,California
Lake,2021-03-22,337,26705,256,8245,67,17553,14,907,251,6662,86,10460,265,17122,California
Lake,2021-03-23,429,27134,21,8266,395,17948,13,920,364,6975,64,10524,377,17499,California
Lake,2021-03-24,423,27557,62,8328,353,18301,8,928,326,7214,96,10620,335,17834,California
Lake,2021-03-25,676,28233,485,8813,185,18486,6,934,178,6899,498,11118,183,18017,California
Lake,2021-03-26,68,28301,33,8846,34,18520,1,935,32,6896,36,11154,33,18050,California
Lake,2021-03-27,309,28610,7,8853,299,18819,3,938,17,6626,290,11444,20,18070,California
Lake,2021-03-28,17,28627,8,8861,9,18828,0,938,11,6631,6,11450,11,18081,California
Lake,2021-03-29,989,29616,286,9147,701,19529,2,940,205,6056,782,12232,207,18288,California
Lake,2021-03-30,464,30080,315,9462,147,19676,2,942,366,6327,97,12329,368,18656,California
Lake,2021-03-31,616,30696,60,9522,556,20232,0,942,434,6588,173,12502,434,19090,California
Lake,2021-04-01,447,31143,234,9756,201,20433,12,954,186,6529,257,12759,198,19288,California
Lake,2021-04-02,222,31365,41,9797,153,20586,28,982,97,6529,125,12884,125,19413,California
Lake,2021-04-03,32,31397,6,9803,23,20609,3,985,13,6526,19,12903,16,19429,California
Lake,2021-04-04,20,31417,11,9814,7,20616,2,987,15,6538,5,12908,17,19446,California
Lake,2021-04-05,642,32059,70,9884,553,21169,19,1006,402,6722,237,13145,421,19867,California
Lake,2021-04-06,477,32536,17,9901,434,21603,26,1032,304,6880,172,13317,330,20197,California
Lake,2021-04-07,522,33058,57,9958,414,22017,51,1083,353,7118,167,13484,405,20602,California
Lake,2021-04-08,602,33660,492,10450,45,22062,65,1148,102,6792,497,13981,171,20773,California
Lake,2021-04-09,281,33941,39,10489,173,22235,69,1217,48,6678,230,14211,116,20889,California
Lake,2021-04-10,254,34195,15,10504,14,22249,225,1442,10,6669,244,14455,235,21124,California
Lake,2021-04-11,22,34217,17,10521,3,22252,2,1444,7,6663,15,14470,9,21133,California
Lake,2021-04-12,1068,35285,232,10753,803,23055,33,1477,237,6103,830,15300,270,21403,California
Lake,2021-04-13,180,35465,109,10862,71,23126,0,1477,54,6031,126,15426,54,21457,California
Lake,2021-04-14,614,36079,38,10900,576,23702,0,1477,549,6516,64,15490,549,22006,California
Lake,2021-04-15,640,36719,192,11092,448,24150,0,1477,331,6538,309,15799,331,22337,California
Lake,2021-04-16,265,36984,30,11122,234,24384,1,1478,74,6423,190,15989,75,22412,California
Lake,2021-04-17,43,37027,12,11134,31,24415,0,1478,33,6446,10,15999,33,22445,California
Lake,2021-04-18,8,37035,5,11139,3,24418,0,1478,0,6438,8,16007,0,22445,California
Lake,2021-04-19,297,37332,38,11177,259,24677,0,1478,246,6633,51,16058,246,22691,California
Lake,2021-04-20,691,38023,277,11454,414,25091,0,1478,91,6126,599,16657,92,22783,California
Lake,2021-04-21,533,38556,64,11518,469,25560,0,1478,199,5991,334,16991,199,22982,California
Lake,2021-04-22,467,39023,50,11568,417,25977,0,1478,318,6161,148,17139,318,23300,California
Lake,2021-04-23,115,39138,60,11628,55,26032,0,1478,69,6184,46,17185,69,23369,California
Lake,2021-04-24,53,39191,9,11637,44,26076,0,1478,39,6209,14,17199,39,23408,California
Lake,2021-04-25,36,39227,19,11656,17,26093,0,1478,24,6221,12,17211,24,23432,California
Lake,2021-04-26,289,39516,80,11736,208,26301,1,1479,85,6103,204,17415,86,23518,California
Lake,2021-04-27,244,39760,22,11758,204,26505,18,1497,81,6039,163,17578,99,23617,California
Lake,2021-04-28,508,40268,48,11806,445,26950,15,1512,89,5725,417,17995,103,23720,California
Lake,2021-04-29,213,40481,84,11890,113,27063,16,1528,113,5754,100,18095,129,23849,California
Lake,2021-04-30,289,40770,46,11936,212,27275,31,1559,149,5794,140,18235,180,24029,California
Lake,2021-05-01,47,40817,26,11962,19,27294,2,1561,32,5813,15,18250,34,24063,California
Lake,2021-05-02,18,40835,9,11971,8,27302,1,1562,9,5814,9,18259,10,24073,California
Lake,2021-05-03,411,41246,27,11998,349,27651,35,1597,64,5567,346,18605,99,24172,California
Lake,2021-05-04,404,41650,216,12214,140,27791,48,1645,124,5460,279,18884,172,24344,California
Lake,2021-05-05,630,42280,45,12259,573,28364,12,1657,87,5018,540,19424,98,24442,California
Lake,2021-05-06,142,42422,19,12278,94,28458,29,1686,73,5050,69,19493,101,24543,California
Lake,2021-05-07,166,42588,30,12308,116,28574,20,1706,102,5110,62,19555,122,24665,California
Lake,2021-05-08,43,42631,8,12316,35,28609,0,1706,36,5139,7,19562,36,24701,California
Lake,2021-05-09,17,42648,2,12318,10,28619,5,1711,10,5147,7,19569,15,24716,California
Lake,2021-05-10,244,42892,12,12330,205,28824,27,1738,59,5049,184,19753,86,24802,California
Lake,2021-05-11,193,43085,27,12357,151,28975,15,1753,117,5106,76,19829,133,24935,California
Lake,2021-05-12,540,43625,31,12388,489,29464,20,1773,54,4693,486,20315,73,25008,California
Lake,2021-05-13,301,43926,58,12446,230,29694,13,1786,65,4537,234,20549,78,25086,California
Lake,2021-05-14,264,44190,81,12527,164,29858,19,1805,161,4615,101,20650,179,25265,California
Lake,2021-05-15,45,44235,18,12545,24,29882,3,1808,27,4627,18,20668,30,25295,California
Lake,2021-05-16,31,44266,17,12562,13,29895,1,1809,16,4629,15,20683,17,25312,California
Lake,2021-05-17,315,44581,44,12606,256,30151,15,1824,84,4500,228,20911,99,25411,California
Lake,2021-05-18,303,44884,67,12673,217,30368,19,1843,175,4567,127,21038,194,25605,California
Lake,2021-05-19,302,45186,57,12730,230,30598,15,1858,78,4437,223,21261,93,25698,California
Lake,2021-05-20,227,45413,60,12790,156,30754,11,1869,90,4401,137,21398,101,25799,California
Lake,2021-05-21,251,45664,53,12843,175,30929,23,1892,98,4371,151,21549,121,25920,California
Lake,2021-05-22,87,45751,51,12894,34,30963,2,1894,45,4376,42,21591,47,25967,California
Lake,2021-05-23,51,45802,27,12921,23,30986,1,1895,27,4380,24,21615,28,25995,California
Lake,2021-05-24,151,45953,36,12957,102,31088,13,1908,69,4380,82,21697,82,26077,California
Lake,2021-05-25,192,46145,51,13008,127,31215,14,1922,68,4339,123,21820,82,26159,California
Lake,2021-05-26,146,46291,45,13053,91,31306,10,1932,52,4309,92,21912,62,26221,California
Lake,2021-05-27,145,46436,39,13092,98,31404,8,1940,56,4285,88,22000,64,26285,California
Lake,2021-05-28,126,46562,9,13101,93,31497,24,1964,20,4223,106,22106,44,26329,California
Lassen,2020-12-16,8,8,8,8,0,0,0,0,8,8,0,0,8,8,California
Lassen,2020-12-17,6,14,6,14,0,0,0,0,6,14,0,0,6,14,California
Lassen,2020-12-18,1,15,1,15,0,0,0,0,1,15,0,0,1,15,California
Lassen,2020-12-19,5,20,5,20,0,0,0,0,5,20,0,0,5,20,California
Lassen,2020-12-20,2,22,2,22,0,0,0,0,2,22,0,0,2,22,California
Lassen,2020-12-21,11,33,11,33,0,0,0,0,11,33,0,0,11,33,California
Lassen,2020-12-22,22,55,22,55,0,0,0,0,22,55,0,0,22,55,California
Lassen,2020-12-23,6,61,6,61,0,0,0,0,6,61,0,0,6,61,California
Lassen,2020-12-24,11,72,11,72,0,0,0,0,11,72,0,0,11,72,California
Lassen,2020-12-28,3,75,2,74,1,1,0,0,3,75,0,0,3,75,California
Lassen,2020-12-29,35,110,35,109,0,1,0,0,35,110,0,0,35,110,California
Lassen,2020-12-30,36,146,35,144,1,2,0,0,36,146,0,0,36,146,California
Lassen,2020-12-31,49,195,42,186,7,9,0,0,49,195,0,0,49,195,California
Lassen,2021-01-02,1,196,0,186,1,10,0,0,1,196,0,0,1,196,California
Lassen,2021-01-04,15,211,2,188,13,23,0,0,15,211,0,0,15,211,California
Lassen,2021-01-05,193,404,52,240,141,164,0,0,193,404,0,0,193,404,California
Lassen,2021-01-06,95,499,44,284,51,215,0,0,87,484,8,8,88,492,California
Lassen,2021-01-07,43,542,7,291,36,251,0,0,37,515,6,14,37,529,California
Lassen,2021-01-08,50,592,2,293,48,299,0,0,50,565,0,14,50,579,California
Lassen,2021-01-09,12,604,6,299,6,305,0,0,12,577,0,14,12,591,California
Lassen,2021-01-11,27,631,5,304,22,327,0,0,27,604,0,14,27,618,California
Lassen,2021-01-12,48,679,28,332,20,347,0,0,30,616,18,32,30,648,California
Lassen,2021-01-13,162,841,19,351,143,490,0,0,147,748,15,47,147,795,California
Lassen,2021-01-14,162,1003,18,369,144,634,0,0,150,886,12,59,150,945,California
Lassen,2021-01-15,32,1035,6,375,26,660,0,0,32,918,0,59,32,977,California
Lassen,2021-01-16,34,1069,33,408,1,661,0,0,34,952,0,59,34,1011,California
Lassen,2021-01-17,1,1070,0,408,1,662,0,0,1,953,0,59,1,1012,California
Lassen,2021-01-18,5,1075,2,410,3,665,0,0,4,956,1,60,4,1016,California
Lassen,2021-01-19,186,1261,36,446,150,815,0,0,158,1086,28,88,158,1174,California
Lassen,2021-01-20,188,1449,100,546,88,903,0,0,105,1123,68,156,105,1279,California
Lassen,2021-01-21,145,1594,93,639,52,955,0,0,121,1226,18,174,121,1400,California
Lassen,2021-01-22,31,1625,18,657,13,968,0,0,21,1237,10,184,21,1421,California
Lassen,2021-01-23,2,1627,0,657,2,970,0,0,2,1239,0,184,2,1423,California
Lassen,2021-01-24,1,1628,0,657,1,971,0,0,1,1240,0,184,1,1424,California
Lassen,2021-01-25,12,1640,1,658,11,982,0,0,11,1250,1,185,11,1435,California
Lassen,2021-01-26,126,1766,12,670,114,1096,0,0,122,1368,4,189,122,1557,California
Lassen,2021-01-27,87,1853,35,705,52,1148,0,0,69,1419,18,207,69,1626,California
Lassen,2021-01-28,85,1938,15,720,70,1218,0,0,84,1502,1,208,84,1710,California
Lassen,2021-01-29,23,1961,7,727,16,1234,0,0,22,1523,1,209,22,1732,California
Lassen,2021-02-01,61,2022,4,731,57,1291,0,0,36,1534,25,234,36,1768,California
Lassen,2021-02-02,177,2199,12,743,165,1456,0,0,44,1445,133,367,44,1812,California
Lassen,2021-02-03,96,2295,21,764,75,1531,0,0,50,1449,46,413,50,1862,California
Lassen,2021-02-04,112,2407,15,779,97,1628,0,0,63,1463,49,462,63,1925,California
Lassen,2021-02-05,66,2473,12,791,54,1682,0,0,24,1445,42,504,24,1949,California
Lassen,2021-02-06,69,2542,34,825,35,1717,0,0,36,1449,32,536,36,1985,California
Lassen,2021-02-07,1,2543,1,826,0,1717,0,0,1,1450,0,536,1,1986,California
Lassen,2021-02-08,44,2587,4,830,40,1757,0,0,18,1442,26,562,18,2004,California
Lassen,2021-02-09,128,2715,7,837,121,1878,0,0,49,1412,79,641,49,2053,California
Lassen,2021-02-10,182,2897,21,858,161,2039,0,0,74,1378,108,749,74,2127,California
Lassen,2021-02-11,183,3080,16,874,167,2206,0,0,80,1356,102,851,80,2207,California
Lassen,2021-02-12,42,3122,11,885,31,2237,0,0,15,1344,27,878,15,2222,California
Lassen,2021-02-13,11,3133,3,888,8,2245,0,0,9,1351,2,880,9,2231,California
Lassen,2021-02-14,13,3146,0,888,13,2258,0,0,12,1362,1,881,12,2243,California
Lassen,2021-02-15,22,3168,3,891,19,2277,0,0,17,1375,4,885,17,2260,California
Lassen,2021-02-16,192,3360,4,895,188,2465,0,0,30,1245,160,1045,30,2290,California
Lassen,2021-02-17,183,3543,94,989,89,2554,0,0,10,1082,173,1218,10,2300,California
Lassen,2021-02-18,79,3622,22,1011,57,2611,0,0,19,1041,60,1278,19,2319,California
Lassen,2021-02-19,80,3702,60,1071,20,2631,0,0,17,995,63,1341,17,2336,California
Lassen,2021-02-20,8,3710,0,1071,8,2639,0,0,6,999,2,1343,6,2342,California
Lassen,2021-02-21,22,3732,2,1073,20,2659,0,0,18,1013,4,1347,18,2360,California
Lassen,2021-02-22,24,3756,10,1083,14,2673,0,0,6,1001,18,1365,6,2366,California
Lassen,2021-02-23,155,3911,11,1094,144,2817,0,0,43,932,112,1477,43,2409,California
Lassen,2021-02-24,164,4075,16,1110,148,2965,0,0,106,981,57,1534,106,2515,California
Lassen,2021-02-25,158,4233,21,1131,137,3102,0,0,99,1021,59,1593,99,2614,California
Lassen,2021-02-26,73,4306,16,1147,57,3159,0,0,36,1020,37,1630,36,2650,California
Lassen,2021-02-27,8,4314,7,1154,1,3160,0,0,3,1018,5,1635,3,2653,California
Lassen,2021-02-28,5,4319,0,1154,5,3165,0,0,3,1019,2,1637,3,2656,California
Lassen,2021-03-01,42,4361,4,1158,38,3203,0,0,8,994,33,1670,8,2664,California
Lassen,2021-03-02,106,4467,7,1165,99,3302,0,0,80,1049,25,1695,80,2744,California
Lassen,2021-03-03,167,4634,12,1177,155,3457,0,0,110,1102,57,1752,110,2854,California
Lassen,2021-03-04,149,4783,17,1194,132,3589,0,0,98,1150,50,1802,98,2952,California
Lassen,2021-03-05,49,4832,7,1201,18,3607,24,24,11,1147,38,1840,35,2987,California
Lassen,2021-03-06,55,4887,4,1205,29,3636,22,46,5,1124,50,1890,27,3014,California
Lassen,2021-03-07,57,4944,2,1207,0,3636,55,101,2,1126,55,1945,57,3071,California
Lassen,2021-03-08,89,5033,2,1209,7,3643,80,181,3,1123,86,2031,83,3154,California
Lassen,2021-03-09,137,5170,11,1220,109,3752,17,198,89,1181,48,2079,106,3260,California
Lassen,2021-03-10,173,5343,10,1230,161,3913,2,200,79,1169,93,2172,81,3341,California
Lassen,2021-03-11,183,5526,15,1245,161,4074,7,207,111,1218,69,2241,118,3459,California
Lassen,2021-03-12,34,5560,17,1262,13,4087,4,211,12,1212,22,2263,16,3475,California
Lassen,2021-03-13,48,5608,0,1262,2,4089,46,257,1,1211,47,2310,46,3521,California
Lassen,2021-03-14,14,5622,2,1264,11,4100,1,258,2,1202,12,2322,3,3524,California
Lassen,2021-03-15,34,5656,3,1267,31,4131,0,258,16,1200,18,2340,16,3540,California
Lassen,2021-03-16,93,5749,2,1269,85,4216,6,264,74,1261,19,2359,80,3620,California
Lassen,2021-03-17,1083,6832,9,1278,1069,5285,5,269,1064,2311,19,2378,1069,4689,California
Lassen,2021-03-18,93,6925,9,1287,83,5368,1,270,80,2379,13,2391,81,4770,California
Lassen,2021-03-19,17,6942,11,1298,2,5370,4,274,7,2380,10,2401,11,4781,California
Lassen,2021-03-20,28,6970,3,1301,22,5392,3,277,21,2397,7,2408,24,4805,California
Lassen,2021-03-21,34,7004,0,1301,34,5426,0,277,14,2392,19,2427,14,4819,California
Lassen,2021-03-22,58,7062,1,1302,57,5483,0,277,55,2444,3,2430,55,4874,California
Lassen,2021-03-23,120,7182,11,1313,108,5591,1,278,67,2459,53,2483,68,4942,California
Lassen,2021-03-24,213,7395,13,1326,199,5790,1,279,107,2463,104,2587,108,5050,California
Lassen,2021-03-25,152,7547,21,1347,131,5921,0,279,69,2449,83,2670,69,5119,California
Lassen,2021-03-26,78,7625,13,1360,26,5947,39,318,19,2448,58,2728,57,5176,California
Lassen,2021-03-27,19,7644,3,1363,1,5948,15,333,2,2448,17,2745,17,5193,California
Lassen,2021-03-28,18,7662,3,1366,5,5953,10,343,3,2446,15,2760,13,5206,California
Lassen,2021-03-29,52,7714,0,1366,27,5980,25,368,20,2460,31,2791,45,5251,California
Lassen,2021-03-30,197,7911,10,1376,161,6141,26,394,52,2393,145,2936,78,5329,California
Lassen,2021-03-31,147,8058,12,1388,113,6254,22,416,62,2393,84,3020,84,5413,California
Lassen,2021-04-01,165,8223,15,1403,131,6385,19,435,48,2344,116,3136,67,5480,California
Lassen,2021-04-02,30,8253,4,1407,3,6388,23,458,2,2341,28,3164,25,5505,California
Lassen,2021-04-03,12,8265,0,1407,2,6390,10,468,0,2339,12,3176,10,5515,California
Lassen,2021-04-04,7,8272,2,1409,0,6390,5,473,1,2339,6,3182,6,5521,California
Lassen,2021-04-05,22,8294,4,1413,11,6401,7,480,11,2346,11,3193,18,5539,California
Lassen,2021-04-06,183,8477,9,1422,144,6545,30,510,52,2297,131,3324,82,5621,California
Lassen,2021-04-07,134,8611,6,1428,91,6636,37,547,32,2266,102,3426,71,5692,California
Lassen,2021-04-08,166,8777,8,1436,102,6738,56,603,31,2222,131,3557,87,5779,California
Lassen,2021-04-09,51,8828,6,1442,10,6748,35,638,8,2222,42,3599,42,5821,California
Lassen,2021-04-10,9,8837,0,1442,2,6750,7,645,0,2221,8,3607,7,5828,California
Lassen,2021-04-11,5,8842,2,1444,0,6750,3,648,2,2223,3,3610,5,5833,California
Lassen,2021-04-12,31,8873,3,1447,15,6765,13,661,3,2211,28,3638,16,5849,California
Lassen,2021-04-13,129,9002,6,1453,123,6888,0,661,40,2163,88,3726,40,5889,California
Lassen,2021-04-14,987,9989,16,1469,971,7859,0,661,50,1277,936,4662,50,5939,California
Lassen,2021-04-15,147,10136,14,1483,133,7992,0,661,19,1168,128,4790,19,5958,California
Lassen,2021-04-16,12,10148,4,1487,8,8000,0,661,5,1166,7,4797,5,5963,California
Lassen,2021-04-17,22,10170,2,1489,20,8020,0,661,4,1152,18,4815,4,5967,California
Lassen,2021-04-18,5,10175,2,1491,3,8023,0,661,2,1151,3,4818,2,5969,California
Lassen,2021-04-19,32,10207,0,1491,32,8055,0,661,16,1151,16,4834,16,5985,California
Lassen,2021-04-20,138,10345,7,1498,131,8186,0,661,52,1117,86,4920,52,6037,California
Lassen,2021-04-21,164,10509,10,1508,154,8340,0,661,32,1019,130,5050,32,6069,California
Lassen,2021-04-22,103,10612,17,1525,86,8426,0,661,33,982,70,5120,33,6102,California
Lassen,2021-04-23,26,10638,1,1526,25,8451,0,661,20,996,6,5126,20,6122,California
Lassen,2021-04-24,9,10647,5,1531,4,8455,0,661,3,993,6,5132,3,6125,California
Lassen,2021-04-25,5,10652,0,1531,4,8459,1,662,3,995,2,5134,4,6129,California
Lassen,2021-04-26,40,10692,0,1531,36,8495,4,666,7,973,33,5167,11,6140,California
Lassen,2021-04-27,123,10815,9,1540,111,8606,3,669,70,993,53,5220,73,6213,California
Lassen,2021-04-28,84,10899,8,1548,74,8680,2,671,31,973,53,5273,33,6246,California
Lassen,2021-04-29,65,10964,6,1554,56,8736,3,674,22,956,42,5315,25,6271,California
Lassen,2021-04-30,13,10977,8,1562,2,8738,3,677,4,954,9,5324,7,6278,California
Lassen,2021-05-01,4,10981,0,1562,3,8741,1,678,3,957,1,5325,4,6282,California
Lassen,2021-05-02,11,10992,7,1569,4,8745,0,678,7,960,4,5329,7,6289,California
Lassen,2021-05-03,18,11010,1,1570,10,8755,7,685,3,955,15,5344,10,6299,California
Lassen,2021-05-04,71,11081,4,1574,59,8814,8,693,20,932,51,5395,28,6327,California
Lassen,2021-05-05,81,11162,4,1578,67,8881,10,703,26,914,54,5449,36,6363,California
Lassen,2021-05-06,83,11245,21,1599,40,8921,22,725,24,901,59,5508,46,6409,California
Lassen,2021-05-07,47,11292,32,1631,10,8931,5,730,39,937,8,5516,44,6453,California
Lassen,2021-05-08,11,11303,0,1631,5,8936,6,736,4,940,7,5523,10,6463,California
Lassen,2021-05-09,3,11306,1,1632,0,8936,2,738,0,939,3,5526,2,6465,California
Lassen,2021-05-10,13,11319,1,1633,9,8945,3,741,7,943,6,5532,10,6475,California
Lassen,2021-05-11,70,11389,1,1634,60,9005,9,750,19,920,51,5583,28,6503,California
Lassen,2021-05-12,41,11430,4,1638,32,9037,5,755,12,908,29,5612,17,6520,California
Lassen,2021-05-13,37,11467,11,1649,21,9058,5,760,12,900,25,5637,17,6537,California
Lassen,2021-05-14,23,11490,5,1654,10,9068,8,768,12,909,11,5648,20,6557,California
Lassen,2021-05-15,16,11506,2,1656,4,9072,10,778,4,911,12,5660,14,6571,California
Lassen,2021-05-16,7,11513,2,1658,3,9075,2,780,2,911,4,5664,4,6575,California
Lassen,2021-05-17,35,11548,3,1661,20,9095,12,792,11,910,24,5688,23,6598,California
Lassen,2021-05-18,95,11643,12,1673,70,9165,13,805,31,890,64,5752,44,6642,California
Lassen,2021-05-19,64,11707,6,1679,47,9212,11,816,11,859,52,5804,21,6663,California
Lassen,2021-05-20,30,11737,5,1684,16,9228,9,825,9,856,21,5825,18,6681,California
Lassen,2021-05-21,65,11802,31,1715,21,9249,13,838,35,874,30,5855,48,6729,California
Lassen,2021-05-22,16,11818,1,1716,7,9256,8,846,6,878,10,5865,14,6743,California
Lassen,2021-05-23,7,11825,4,1720,2,9258,1,847,1,874,6,5871,2,6745,California
Lassen,2021-05-24,13,11838,1,1721,9,9267,3,850,6,877,6,5877,9,6754,California
Lassen,2021-05-25,98,11936,5,1726,86,9353,7,857,32,850,66,5943,39,6793,California
Lassen,2021-05-26,59,11995,2,1728,43,9396,14,871,12,829,47,5990,26,6819,California
Lassen,2021-05-27,42,12037,17,1745,17,9413,8,879,10,816,31,6021,18,6837,California
Lassen,2021-05-28,49,12086,44,1789,3,9416,2,881,17,803,32,6053,19,6856,California
Los Angeles,2020-12-15,395,395,395,395,0,0,0,0,395,395,0,0,395,395,California
Los Angeles,2020-12-16,3586,3981,3586,3981,0,0,0,0,3586,3981,0,0,3586,3981,California
Los Angeles,2020-12-17,10290,14271,10290,14271,0,0,0,0,10291,14272,0,0,10291,14272,California
Los Angeles,2020-12-18,14557,28828,14534,28805,23,23,0,0,14557,28829,0,0,14557,28829,California
Los Angeles,2020-12-19,7234,36062,7225,36030,9,32,0,0,7235,36064,0,0,7235,36064,California
Los Angeles,2020-12-20,4604,40666,4596,40626,8,40,0,0,4606,40670,0,0,4606,40670,California
Los Angeles,2020-12-21,13730,54396,13713,54339,17,57,0,0,13730,54399,1,1,13730,54400,California
Los Angeles,2020-12-22,11550,65946,11160,65499,390,447,0,0,11551,65949,1,2,11551,65951,California
Los Angeles,2020-12-23,11972,77918,10202,75701,1770,2217,0,0,11972,77921,0,2,11972,77923,California
Los Angeles,2020-12-24,7040,84958,4267,79968,2773,4990,0,0,7042,84963,0,2,7042,84965,California
Los Angeles,2020-12-25,529,85487,422,80390,107,5097,0,0,529,85492,0,2,529,85494,California
Los Angeles,2020-12-26,2543,88030,2191,82581,352,5449,0,0,2542,88033,1,3,2542,88036,California
Los Angeles,2020-12-27,1773,89803,1036,83617,737,6186,0,0,1773,89806,0,3,1773,89809,California
Los Angeles,2020-12-28,10331,100134,6404,90021,3927,10113,0,0,10328,100133,1,4,10328,100137,California
Los Angeles,2020-12-29,11613,111747,6086,96107,5527,15640,0,0,11614,111747,0,4,11614,111751,California
Los Angeles,2020-12-30,14886,126633,8098,104205,6788,22428,0,0,14885,126632,0,4,14885,126636,California
Los Angeles,2020-12-31,7957,134590,2763,106968,5194,27622,0,0,7954,134584,2,6,7954,134590,California
Los Angeles,2021-01-01,1031,135621,287,107255,744,28366,0,0,1031,135615,0,6,1031,135621,California
Los Angeles,2021-01-02,4481,140102,1825,109080,2656,31022,0,0,4481,140096,0,6,4481,140102,California
Los Angeles,2021-01-03,957,141059,377,109457,580,31602,0,0,956,141051,1,7,956,141058,California
Los Angeles,2021-01-04,12734,153793,5014,114471,7720,39322,0,0,12719,153767,3,10,12719,153777,California
Los Angeles,2021-01-05,16084,169877,7406,121877,8678,48000,0,0,14172,166058,1885,1895,14176,167953,California
Los Angeles,2021-01-06,22720,192597,12241,134118,10479,58479,0,0,17087,177590,5564,7459,17096,185049,California
Los Angeles,2021-01-07,29417,222014,15947,150065,13470,71949,0,0,18863,185962,10506,17965,18878,203927,California
Los Angeles,2021-01-08,33187,255201,18021,168086,15166,87115,0,0,20918,194647,12243,30208,20928,224855,California
Los Angeles,2021-01-09,12395,267596,7158,175244,5237,92352,0,0,7511,197284,4881,35089,7518,232373,California
Los Angeles,2021-01-10,4696,272292,3731,178975,965,93317,0,0,1962,196513,2734,37823,1963,234336,California
Los Angeles,2021-01-11,25847,298139,16277,195252,9570,102887,0,0,14894,200475,10942,48765,14904,249240,California
Los Angeles,2021-01-12,29378,327517,16231,211483,13147,116034,0,0,19231,209589,10129,58894,19243,268483,California
Los Angeles,2021-01-13,29319,356836,15675,227158,13644,129678,0,0,20359,221011,8942,67836,20364,288847,California
Los Angeles,2021-01-14,29295,386131,12723,239881,16572,146250,0,0,23767,239281,5509,73345,23779,312626,California
Los Angeles,2021-01-15,33862,419993,12399,252280,21463,167713,0,0,30279,266011,3557,76902,30287,342913,California
Los Angeles,2021-01-16,17591,437584,4965,257245,12626,180339,0,0,15808,280049,1775,78677,15813,358726,California
Los Angeles,2021-01-17,5205,442789,2315,259560,2890,183229,0,0,4957,284761,247,78924,4959,363685,California
Los Angeles,2021-01-18,15646,458435,10103,269663,5543,188772,0,0,10919,290967,4715,83639,10921,374606,California
Los Angeles,2021-01-19,38576,497011,20623,290286,17953,206725,0,0,30761,313966,7774,91413,30773,405379,California
Los Angeles,2021-01-20,46225,543236,24192,314478,22033,228758,0,0,38736,345253,7459,98872,38746,444125,California
Los Angeles,2021-01-21,48740,591976,22455,336933,26285,255043,0,0,44455,385503,4220,103092,44470,488595,California
Los Angeles,2021-01-22,48103,640079,22351,359284,25752,280795,0,0,44663,426784,3394,106486,44675,533270,California
Los Angeles,2021-01-23,34041,674120,15727,375011,18314,299109,0,0,31981,456751,2027,108513,31994,565264,California
Los Angeles,2021-01-24,15744,689864,12216,387227,3528,302637,0,0,15195,471407,542,109055,15198,580462,California
Los Angeles,2021-01-25,39159,729023,16622,403849,22537,325174,0,0,30525,493344,8604,117659,30541,611003,California
Los Angeles,2021-01-26,49492,778515,24567,428416,24925,350099,0,0,41258,526422,8199,125858,41277,652280,California
Los Angeles,2021-01-27,49574,828089,25899,454315,23675,373774,0,0,40176,557362,9258,135116,40198,692478,California
Los Angeles,2021-01-28,48796,876885,23375,477690,25421,399195,0,0,40342,589388,8331,143447,40357,732835,California
Los Angeles,2021-01-29,49516,926401,25594,503284,23922,423117,0,0,39410,619061,9753,153200,39426,772261,California
Los Angeles,2021-01-30,30227,956628,15582,518866,14645,437762,0,0,25931,640779,4218,157418,25936,798197,California
Los Angeles,2021-01-31,12982,969610,10332,529198,2650,440412,0,0,12161,652137,807,158225,12165,810362,California
Los Angeles,2021-02-01,38649,1008259,16544,545742,22105,462517,0,0,28095,669724,10518,168743,28105,838467,California
Los Angeles,2021-02-02,44525,1052784,17925,563667,26600,489117,0,0,32332,689911,12152,180895,32339,870806,California
Los Angeles,2021-02-03,52195,1104979,19567,583234,32628,521745,0,0,37299,712566,14650,195545,37305,908111,California
Los Angeles,2021-02-04,57201,1162180,20672,603906,36529,558274,0,0,39131,733950,17761,213306,39145,947256,California
Los Angeles,2021-02-05,61389,1223569,21135,625041,40254,598528,0,0,39402,751795,21566,234872,39411,986667,California
Los Angeles,2021-02-06,35640,1259209,13397,638438,22243,620771,0,0,27174,770602,8389,243261,27196,1013863,California
Los Angeles,2021-02-07,10896,1270105,8463,646901,2433,623204,0,0,8499,776726,2382,245643,8506,1022369,California
Los Angeles,2021-02-08,46989,1317094,21726,668627,25263,648467,0,0,30752,791377,16103,261746,30754,1053123,California
Los Angeles,2021-02-09,56008,1373102,24757,693384,31251,679718,0,0,28527,792511,27400,289146,28534,1081657,California
Los Angeles,2021-02-10,66967,1440069,29389,722773,37578,717296,0,0,30715,787366,35870,325016,30725,1112382,California
Los Angeles,2021-02-11,58403,1498472,31223,753996,27180,744476,0,0,28231,785877,29724,354740,28235,1140617,California
Los Angeles,2021-02-12,59703,1558175,29889,783885,29814,774290,0,0,26041,778620,33315,388055,26058,1166675,California
Los Angeles,2021-02-13,33949,1592124,19758,803643,14191,788481,0,0,15541,775877,18322,406377,15579,1182254,California
Los Angeles,2021-02-14,21815,1613939,14892,818535,6923,795404,0,0,8765,771658,12987,419364,8768,1191022,California
Los Angeles,2021-02-15,32880,1646819,15967,834502,16913,812317,0,0,18061,774973,14752,434116,18067,1209089,California
Los Angeles,2021-02-16,64348,1711167,32679,867181,31669,843986,0,0,29956,770648,34294,468410,29969,1239058,California
Los Angeles,2021-02-17,64971,1776138,34609,901790,30362,874348,0,0,26601,759077,38178,506588,26607,1265665,California
Los Angeles,2021-02-18,68655,1844793,34861,936651,33794,908142,0,0,28717,748054,39751,546339,28728,1294393,California
Los Angeles,2021-02-19,58403,1903196,36069,972720,22334,930476,0,0,28636,747042,29664,576003,28652,1323045,California
Los Angeles,2021-02-20,32942,1936138,23977,996697,8965,939441,0,0,15876,745908,17018,593021,15884,1338929,California
Los Angeles,2021-02-21,22211,1958349,20545,1017242,1666,941107,0,0,11089,745951,11065,604086,11108,1350037,California
Los Angeles,2021-02-22,34614,1992963,25214,1042456,9400,950507,0,0,17889,747217,16644,620730,17910,1367947,California
Los Angeles,2021-02-23,54934,2047897,23719,1066175,31215,981722,0,0,21675,735768,33136,653866,21687,1389634,California
Los Angeles,2021-02-24,65063,2112960,28963,1095138,36100,1017822,0,0,28396,727694,36489,690355,28415,1418049,California
Los Angeles,2021-02-25,74199,2187159,33965,1129103,40234,1058056,0,0,38739,731154,35292,725647,38752,1456801,California
Los Angeles,2021-02-26,83755,2270914,38769,1167872,44986,1103042,0,0,47765,743191,35759,761406,47796,1504597,California
Los Angeles,2021-02-27,60280,2331194,26514,1194386,33762,1136804,4,4,30944,744984,29178,790584,30971,1535568,California
Los Angeles,2021-02-28,26888,2358082,18553,1212939,8332,1145136,3,7,18883,755977,7899,798483,18892,1554460,California
Los Angeles,2021-03-01,56905,2414987,32325,1245264,24554,1169690,26,33,34209,767707,22521,821004,34251,1588711,California
Los Angeles,2021-03-02,77605,2492592,37723,1282987,39879,1209569,3,36,48967,788182,28507,849511,48982,1637693,California
Los Angeles,2021-03-03,84573,2577165,43121,1326108,41438,1251007,14,50,53457,810730,30950,880461,53498,1691191,California
Los Angeles,2021-03-04,90656,2667821,46553,1372661,44091,1295098,12,62,57214,834715,33260,913721,57245,1748436,California
Los Angeles,2021-03-05,89959,2757780,44415,1417076,45514,1340612,30,92,60294,865603,29473,943194,60361,1808797,California
Los Angeles,2021-03-06,67293,2825073,34306,1451382,31168,1371780,1819,1911,43391,887061,23758,966952,45216,1854013,California
Los Angeles,2021-03-07,27201,2852274,20762,1472144,5624,1377404,815,2726,21056,902810,6116,973068,21865,1875878,California
Los Angeles,2021-03-08,52756,2905030,27910,1500054,22897,1400301,1949,4675,39885,931871,12769,985837,41830,1917708,California
Los Angeles,2021-03-09,81401,2986431,38681,1538735,39443,1439744,3277,7952,51868,957622,29383,1015220,55134,1972842,California
Los Angeles,2021-03-10,83053,3069484,40881,1579616,37291,1477035,4881,12833,52576,984730,30310,1045530,57418,2030260,California
Los Angeles,2021-03-11,92791,3162275,45301,1624917,40800,1517835,6690,19523,54349,1007469,38256,1083786,60995,2091255,California
Los Angeles,2021-03-12,98931,3261206,44552,1669469,40466,1558301,13913,33436,57680,1038009,41051,1124837,71591,2162846,California
Los Angeles,2021-03-13,75573,3336779,35780,1705249,27821,1586122,11972,45408,45115,1064757,30349,1155186,57097,2219943,California
Los Angeles,2021-03-14,39077,3375856,26287,1731536,10244,1596366,2546,47954,23995,1076265,15016,1170202,26524,2246467,California
Los Angeles,2021-03-15,74910,3450766,36510,1768046,32949,1629315,5451,53405,45388,1097733,29345,1199547,50813,2297280,California
Los Angeles,2021-03-16,99871,3550637,43667,1811713,50324,1679639,5880,59285,64690,1133276,34990,1234537,70533,2367813,California
Los Angeles,2021-03-17,97142,3647779,44018,1855731,44813,1724452,8311,67596,64997,1174508,31942,1266479,73174,2440987,California
Los Angeles,2021-03-18,101858,3749637,48711,1904442,47822,1772274,5325,72921,64654,1207553,36917,1303396,69962,2510949,California
Los Angeles,2021-03-19,109150,3858787,56929,1961371,47452,1819726,4769,77690,67310,1238008,41572,1344968,72027,2582976,California
Los Angeles,2021-03-20,76316,3935103,37697,1999068,34033,1853759,4586,82276,51795,1270033,24338,1369306,56363,2639339,California
Los Angeles,2021-03-21,34611,3969714,25747,2024815,7963,1861722,901,83177,22214,1280869,12277,1381583,23113,2662452,California
Los Angeles,2021-03-22,70777,4040491,41562,2066377,27063,1888785,2152,85329,49686,1311871,20832,1402415,51834,2714286,California
Los Angeles,2021-03-23,96344,4136835,52102,2118479,41014,1929799,3228,88557,58355,1335718,37725,1440140,61572,2775858,California
Los Angeles,2021-03-24,104856,4241691,55739,2174218,45970,1975769,3147,91704,60808,1355930,43730,1483870,63942,2839800,California
Los Angeles,2021-03-25,110540,4352231,59299,2233517,47354,2023123,3887,95591,62151,1373861,48090,1531960,66021,2905821,California
Los Angeles,2021-03-26,115193,4467424,63298,2296815,47719,2070842,4176,99767,63566,1390236,51344,1583304,67719,2973540,California
Los Angeles,2021-03-27,83519,4550943,44287,2341102,37100,2107942,2132,101899,42683,1394482,40575,1623879,44821,3018361,California
Los Angeles,2021-03-28,42163,4593106,28597,2369699,12981,2120923,585,102484,20052,1393140,21979,1645858,20637,3038998,California
Los Angeles,2021-03-29,82949,4676055,47128,2416827,34050,2154973,1771,104255,46075,1404326,36671,1682529,47857,3086855,California
Los Angeles,2021-03-30,108878,4784933,52011,2468838,50936,2205909,5931,110186,56917,1415425,51727,1734256,62826,3149681,California
Los Angeles,2021-03-31,122532,4907465,62027,2530865,51671,2257580,8834,119020,68552,1439102,53680,1787936,77357,3227038,California
Los Angeles,2021-04-01,133192,5040657,62529,2593394,55295,2312875,15368,134388,71874,1465310,60998,1848934,87206,3314244,California
Los Angeles,2021-04-02,132027,5172684,58787,2652181,57751,2370626,15489,149877,70274,1489678,61420,1910354,85788,3400032,California
Los Angeles,2021-04-03,98501,5271185,45106,2697287,39791,2410417,13604,163481,48470,1501844,49848,1960202,62014,3462046,California
Los Angeles,2021-04-04,39177,5310362,20509,2717796,12038,2422455,6630,170111,16362,1502062,22739,1982941,22957,3485003,California
Los Angeles,2021-04-05,93795,5404157,44423,2762219,39156,2461611,10216,180327,44524,1507709,49065,2032006,54712,3539715,California
Los Angeles,2021-04-06,120938,5525095,56955,2819174,43689,2505300,20294,200621,55404,1518058,65286,2097292,75635,3615350,California
Los Angeles,2021-04-07,119981,5645076,54574,2873748,44303,2549603,21104,221725,54266,1527947,65464,2162756,75353,3690703,California
Los Angeles,2021-04-08,132617,5777693,58487,2932235,50095,2599698,24035,245760,59907,1539462,72427,2235183,83942,3774645,California
Los Angeles,2021-04-09,131249,5908942,56868,2989103,50513,2650211,23868,269628,56215,1544847,74745,2309928,80130,3854775,California
Los Angeles,2021-04-10,101210,6010152,42917,3032020,34328,2684539,23965,293593,37091,1542017,63889,2373817,61059,3915834,California
Los Angeles,2021-04-11,41666,6051818,22516,3054536,9616,2694155,9534,303127,14108,1538132,27477,2401294,23592,3939426,California
Los Angeles,2021-04-12,78576,6130394,38439,3092975,33863,2728018,6274,309401,32116,1530207,46260,2447554,38335,3977761,California
Los Angeles,2021-04-13,117018,6247412,58910,3151885,57683,2785701,425,309826,61618,1537088,55169,2502723,62050,4039811,California
Los Angeles,2021-04-14,118633,6366045,59444,3211329,59058,2844759,131,309957,64283,1547408,54088,2556811,64408,4104219,California
Los Angeles,2021-04-15,129715,6495760,70194,3281523,59349,2904108,172,310129,74255,1566511,55189,2612000,74292,4178511,California
Los Angeles,2021-04-16,130058,6625818,68746,3350269,61170,2965278,142,310271,68424,1573651,61356,2673356,68496,4247007,California
Los Angeles,2021-04-17,98060,6723878,51285,3401554,46750,3012028,25,310296,55901,1587628,41948,2715304,55925,4302932,California
Los Angeles,2021-04-18,33849,6757727,22451,3424005,11397,3023425,1,310297,18451,1590762,15324,2730628,18458,4321390,California
Los Angeles,2021-04-19,74830,6832557,39599,3463604,35219,3058644,12,310309,33226,1582583,41426,2772054,33247,4354637,California
Los Angeles,2021-04-20,102846,6935403,50196,3513800,52628,3111272,22,310331,51089,1582177,51519,2823573,51113,4405750,California
Los Angeles,2021-04-21,109384,7044787,52653,3566453,56543,3167815,188,310519,48200,1569698,60867,2884440,48388,4454138,California
Los Angeles,2021-04-22,116210,7160997,59715,3626168,56462,3224277,33,310552,51240,1556308,64667,2949107,51277,4505415,California
Los Angeles,2021-04-23,114146,7275143,62566,3688734,51560,3275837,20,310572,54107,1550694,59740,3008847,54126,4559541,California
Los Angeles,2021-04-24,88470,7363613,57119,3745853,31325,3307162,26,310598,49160,1560802,39085,3047932,49193,4608734,California
Los Angeles,2021-04-25,37814,7401427,25139,3770992,12670,3319832,5,310603,20424,1563943,17288,3065220,20429,4629163,California
Los Angeles,2021-04-26,69411,7470838,37202,3808194,31760,3351592,449,311052,34118,1563411,35092,3100312,34560,4663723,California
Los Angeles,2021-04-27,86381,7557219,41832,3850026,42859,3394451,1690,312742,32950,1544873,53166,3153478,34628,4698351,California
Los Angeles,2021-04-28,84697,7641916,40908,3890934,41759,3436210,2030,314772,33043,1528577,51358,3204836,35062,4733413,California
Los Angeles,2021-04-29,91243,7733159,45445,3936379,43668,3479878,2130,316902,32328,1504485,58542,3263378,34450,4767863,California
Los Angeles,2021-04-30,98899,7832058,49160,3985539,47344,3527222,2395,319297,35673,1479705,62832,3326210,38052,4805915,California
Los Angeles,2021-05-01,75051,7907109,42161,4027700,31394,3558616,1496,320793,28245,1462917,46524,3372734,29736,4835651,California
Los Angeles,2021-05-02,27897,7935006,17898,4045598,9266,3567882,733,321526,10096,1456053,17690,3390424,10826,4846477,California
Los Angeles,2021-05-03,60376,7995382,29682,4075280,28540,3596422,2154,323680,21264,1440581,38876,3429300,23404,4869881,California
Los Angeles,2021-05-04,85132,8080514,46954,4122234,35962,3632384,2216,325896,25994,1409944,58829,3488129,28192,4898073,California
Los Angeles,2021-05-05,88027,8168541,51378,4173612,34319,3666703,2330,328226,23942,1372434,63770,3551899,26260,4924333,California
Los Angeles,2021-05-06,95739,8264280,57766,4231378,35486,3702189,2487,330713,22713,1324969,72647,3624546,25182,4949515,California
Los Angeles,2021-05-07,95044,8359324,56651,4288029,36068,3738257,2325,333038,25775,1284111,68938,3693484,28080,4977595,California
Los Angeles,2021-05-08,63326,8422650,41747,4329776,19969,3758226,1610,334648,17087,1257035,45764,3739248,18688,4996283,California
Los Angeles,2021-05-09,23704,8446354,17919,4347695,5054,3763280,731,335379,6062,1246390,17433,3756681,6788,5003071,California
Los Angeles,2021-05-10,48277,8494631,25360,4373055,21079,3784359,1838,337217,14462,1229166,33516,3790197,16292,5019363,California
Los Angeles,2021-05-11,66713,8561344,35779,4408834,28936,3813295,1998,339215,16997,1198667,49474,3839671,18975,5038338,California
Los Angeles,2021-05-12,66828,8628172,36041,4444875,28672,3841967,2115,341330,18767,1171752,47783,3887454,20868,5059206,California
Los Angeles,2021-05-13,69410,8697582,42014,4486889,25771,3867738,1625,342955,24367,1153116,44616,3932070,25980,5085186,California
Los Angeles,2021-05-14,86672,8784254,55226,4542115,29652,3897390,1794,344749,32721,1133983,53642,3985712,34509,5119695,California
Los Angeles,2021-05-15,73505,8857759,52008,4594123,20028,3917418,1469,346218,28499,1119188,44751,4030463,29956,5149651,California
Los Angeles,2021-05-16,30332,8888091,23995,4618118,5734,3923152,603,346821,12128,1113799,18116,4048579,12727,5162378,California
Los Angeles,2021-05-17,60971,8949062,39816,4657934,19433,3942585,1722,348543,26224,1107231,34529,4083108,27961,5190339,California
Los Angeles,2021-05-18,63550,9012612,38154,4696088,23628,3966213,1768,350311,26895,1099480,36382,4119490,28631,5218970,California
Los Angeles,2021-05-19,66628,9079240,40385,4736473,24435,3990648,1808,352119,29364,1093624,37010,4156500,31154,5250124,California
Los Angeles,2021-05-20,52669,9131909,29691,4766164,21177,4011825,1801,353920,20642,1084329,31734,4188234,22439,5272563,California
Los Angeles,2021-05-21,55264,9187173,34368,4800532,19119,4030944,1777,355697,23018,1077148,31973,4220207,24792,5297355,California
Los Angeles,2021-05-22,44197,9231370,29519,4830051,13219,4044163,1459,357156,19098,1072766,24931,4245138,20549,5317904,California
Los Angeles,2021-05-23,14451,9245821,11336,4841387,2458,4046621,657,357813,7449,1073928,6942,4252080,8104,5326008,California
Los Angeles,2021-05-24,47095,9292916,25806,4867193,19486,4066107,1803,359616,18770,1066366,28122,4280202,20560,5346568,California
Los Angeles,2021-05-25,48586,9341502,28226,4895419,18603,4084710,1757,361373,19852,1059459,28496,4308698,21589,5368157,California
Los Angeles,2021-05-26,45479,9386981,25593,4921012,18121,4102831,1765,363138,19625,1055283,25449,4334147,21273,5389430,California
Los Angeles,2021-05-27,43346,9430327,24544,4945556,17113,4119944,1689,364827,18447,1050729,24671,4358818,20117,5409547,California
Los Angeles,2021-05-28,27931,9458258,16283,4961839,10447,4130391,1201,366028,10574,1045284,17212,4376030,11767,5421314,California
Madera,2020-12-16,21,21,21,21,0,0,0,0,21,21,0,0,21,21,California
Madera,2020-12-17,13,34,13,34,0,0,0,0,13,34,0,0,13,34,California
Madera,2020-12-18,60,94,60,94,0,0,0,0,60,94,0,0,60,94,California
Madera,2020-12-19,5,99,5,99,0,0,0,0,5,99,0,0,5,99,California
Madera,2020-12-20,14,113,14,113,0,0,0,0,14,113,0,0,14,113,California
Madera,2020-12-21,59,172,59,172,0,0,0,0,59,172,0,0,59,172,California
Madera,2020-12-22,97,269,95,267,2,2,0,0,97,269,0,0,97,269,California
Madera,2020-12-23,68,337,68,335,0,2,0,0,68,337,0,0,68,337,California
Madera,2020-12-24,45,382,40,375,5,7,0,0,45,382,0,0,45,382,California
Madera,2020-12-26,28,410,26,401,2,9,0,0,28,410,0,0,28,410,California
Madera,2020-12-27,29,439,12,413,17,26,0,0,29,439,0,0,29,439,California
Madera,2020-12-28,106,545,36,449,70,96,0,0,106,545,0,0,106,545,California
Madera,2020-12-29,172,717,37,486,135,231,0,0,172,717,0,0,172,717,California
Madera,2020-12-30,221,938,87,573,134,365,0,0,221,938,0,0,221,938,California
Madera,2020-12-31,201,1139,80,653,121,486,0,0,201,1139,0,0,201,1139,California
Madera,2021-01-01,1,1140,1,654,0,486,0,0,1,1140,0,0,1,1140,California
Madera,2021-01-02,89,1229,33,687,56,542,0,0,89,1229,0,0,89,1229,California
Madera,2021-01-03,5,1234,5,692,0,542,0,0,5,1234,0,0,5,1234,California
Madera,2021-01-04,129,1363,65,757,64,606,0,0,129,1363,0,0,129,1363,California
Madera,2021-01-05,279,1642,143,900,136,742,0,0,275,1634,4,4,275,1638,California
Madera,2021-01-06,183,1825,26,926,157,899,0,0,164,1779,19,23,164,1802,California
Madera,2021-01-07,399,2224,116,1042,283,1182,0,0,377,2134,22,45,377,2179,California
Madera,2021-01-08,418,2642,72,1114,346,1528,0,0,363,2444,54,99,364,2543,California
Madera,2021-01-09,36,2678,14,1128,22,1550,0,0,27,2462,9,108,27,2570,California
Madera,2021-01-10,17,2695,14,1142,3,1553,0,0,5,2455,12,120,5,2575,California
Madera,2021-01-11,238,2933,190,1332,48,1601,0,0,197,2611,41,161,197,2772,California
Madera,2021-01-12,392,3325,159,1491,233,1834,0,0,287,2793,105,266,287,3059,California
Madera,2021-01-13,184,3509,92,1583,92,1926,0,0,127,2864,57,323,128,3187,California
Madera,2021-01-14,554,4063,81,1664,473,2399,0,0,520,3350,34,357,520,3707,California
Madera,2021-01-15,599,4662,160,1824,439,2838,0,0,578,3907,21,378,578,4285,California
Madera,2021-01-16,382,5044,48,1872,334,3172,0,0,354,4233,28,406,354,4639,California
Madera,2021-01-17,335,5379,15,1887,320,3492,0,0,331,4560,4,410,331,4970,California
Madera,2021-01-18,77,5456,60,1947,17,3509,0,0,58,4600,18,428,58,5028,California
Madera,2021-01-19,572,6028,136,2083,436,3945,0,0,544,5117,28,456,545,5573,California
Madera,2021-01-20,235,6263,80,2163,155,4100,0,0,207,5297,27,483,207,5780,California
Madera,2021-01-21,239,6502,131,2294,108,4208,0,0,206,5472,31,514,206,5986,California
Madera,2021-01-22,257,6759,83,2377,174,4382,0,0,242,5699,15,529,242,6228,California
Madera,2021-01-23,100,6859,52,2429,48,4430,0,0,76,5751,24,553,76,6304,California
Madera,2021-01-24,100,6959,82,2511,18,4448,0,0,78,5807,22,575,78,6382,California
Madera,2021-01-25,264,7223,126,2637,138,4586,0,0,145,5833,119,694,145,6527,California
Madera,2021-01-26,486,7709,189,2826,297,4883,0,0,295,5939,190,884,296,6823,California
Madera,2021-01-27,738,8447,63,2889,675,5558,0,0,601,6405,137,1021,603,7426,California
Madera,2021-01-28,545,8992,108,2997,437,5995,0,0,441,6742,104,1125,441,7867,California
Madera,2021-01-29,466,9458,94,3091,372,6367,0,0,411,7098,55,1180,411,8278,California
Madera,2021-01-30,505,9963,16,3107,489,6856,0,0,451,7495,54,1234,451,8729,California
Madera,2021-01-31,9,9972,6,3113,3,6859,0,0,8,7502,1,1235,8,8737,California
Madera,2021-02-01,332,10304,148,3261,184,7043,0,0,206,7582,126,1361,206,8943,California
Madera,2021-02-02,252,10556,88,3349,164,7207,0,0,161,7654,90,1451,162,9105,California
Madera,2021-02-03,595,11151,461,3810,134,7341,0,0,475,8012,118,1569,476,9581,California
Madera,2021-02-04,392,11543,124,3934,268,7609,0,0,114,7850,277,1846,115,9696,California
Madera,2021-02-05,976,12519,297,4231,679,8288,0,0,370,7620,601,2447,371,10067,California
Madera,2021-02-06,360,12879,326,4557,34,8322,0,0,320,7901,39,2486,320,10387,California
Madera,2021-02-07,34,12913,6,4563,28,8350,0,0,29,7925,5,2491,29,10416,California
Madera,2021-02-08,383,13296,307,4870,76,8426,0,0,269,8081,113,2604,269,10685,California
Madera,2021-02-09,479,13775,118,4988,361,8787,0,0,197,8000,279,2883,198,10883,California
Madera,2021-02-10,430,14205,149,5137,281,9068,0,0,325,8220,105,2988,325,11208,California
Madera,2021-02-11,939,15144,308,5445,631,9699,0,0,408,8099,530,3518,409,11617,California
Madera,2021-02-12,842,15986,120,5565,722,10421,0,0,311,7888,525,4043,314,11931,California
Madera,2021-02-13,484,16470,43,5608,441,10862,0,0,138,7684,345,4388,141,12072,California
Madera,2021-02-14,399,16869,75,5683,324,11186,0,0,135,7556,264,4652,136,12208,California
Madera,2021-02-15,246,17115,100,5783,146,11332,0,0,175,7661,70,4722,175,12383,California
Madera,2021-02-16,774,17889,183,5966,591,11923,0,0,228,7346,544,5266,229,12612,California
Madera,2021-02-17,610,18499,274,6240,336,12259,0,0,340,7423,265,5531,342,12954,California
Madera,2021-02-18,1300,19799,540,6780,760,13019,0,0,1121,8366,179,5710,1122,14076,California
Madera,2021-02-19,858,20657,543,7323,315,13334,0,0,716,8941,142,5852,717,14793,California
Madera,2021-02-20,1071,21728,979,8302,92,13426,0,0,998,9868,72,5924,999,15792,California
Madera,2021-02-21,962,22690,819,9121,143,13569,0,0,957,10820,5,5929,957,16749,California
Madera,2021-02-22,912,23602,834,9955,78,13647,0,0,856,11620,56,5985,856,17605,California
Madera,2021-02-23,774,24376,501,10456,273,13920,0,0,546,11941,225,6210,546,18151,California
Madera,2021-02-24,909,25285,299,10755,610,14530,0,0,379,11791,529,6739,379,18530,California
Madera,2021-02-25,1032,26317,317,11072,715,15245,0,0,599,11959,431,7170,599,19129,California
Madera,2021-02-26,1087,27404,197,11269,890,16135,0,0,710,12294,375,7545,710,19839,California
Madera,2021-02-27,893,28297,261,11530,632,16767,0,0,469,12345,421,7966,472,20311,California
Madera,2021-02-28,189,28486,29,11559,160,16927,0,0,184,12524,5,7971,184,20495,California
Madera,2021-03-01,378,28864,119,11678,259,17186,0,0,196,12540,180,8151,196,20691,California
Madera,2021-03-02,744,29608,351,12029,393,17579,0,0,631,13060,112,8263,632,21323,California
Madera,2021-03-03,1347,30955,720,12749,627,18206,0,0,943,13628,401,8664,969,22292,California
Madera,2021-03-04,1205,32160,527,13276,678,18884,0,0,954,14333,252,8916,957,23249,California
Madera,2021-03-05,1355,33515,421,13697,921,19805,13,13,1080,15164,273,9189,1104,24353,California
Madera,2021-03-06,814,34329,633,14330,149,19954,32,45,496,15376,317,9506,529,24882,California
Madera,2021-03-07,154,34483,28,14358,104,20058,22,67,104,15452,50,9556,126,25008,California
Madera,2021-03-08,600,35083,335,14693,206,20264,59,126,306,15525,294,9850,367,25375,California
Madera,2021-03-09,594,35677,296,14989,264,20528,34,160,407,15789,185,10035,449,25824,California
Madera,2021-03-10,1187,36864,560,15549,549,21077,78,238,757,16199,426,10461,836,26660,California
Madera,2021-03-11,1687,38551,865,16414,490,21567,332,570,768,16394,917,11378,1112,27772,California
Madera,2021-03-12,1568,40119,811,17225,602,22169,155,725,793,16594,773,12151,973,28745,California
Madera,2021-03-13,1875,41994,1329,18554,348,22517,198,923,808,16553,1063,13214,1022,29767,California
Madera,2021-03-14,584,42578,449,19003,103,22620,32,955,294,16593,287,13501,327,30094,California
Madera,2021-03-15,738,43316,222,19225,469,23089,47,1002,513,16956,222,13723,585,30679,California
Madera,2021-03-16,930,44246,525,19750,358,23447,47,1049,740,17573,187,13910,804,31483,California
Madera,2021-03-17,1463,45709,979,20729,421,23868,63,1112,909,18089,546,14456,1062,32545,California
Madera,2021-03-18,1945,47654,683,21412,1202,25070,60,1172,973,18239,967,15423,1117,33662,California
Madera,2021-03-19,1583,49237,589,22001,910,25980,84,1256,1041,18891,539,15962,1191,34853,California
Madera,2021-03-20,1181,50418,775,22776,355,26335,51,1307,619,19048,561,16523,718,35571,California
Madera,2021-03-21,1100,51518,898,23674,156,26491,46,1353,382,18762,715,17238,429,36000,California
Madera,2021-03-22,1361,52879,852,24526,441,26932,68,1421,686,18886,672,17910,796,36796,California
Madera,2021-03-23,1419,54298,862,25388,467,27399,90,1511,677,18995,740,18650,849,37645,California
Madera,2021-03-24,947,55245,508,25896,408,27807,31,1542,618,19322,326,18976,653,38298,California
Madera,2021-03-25,1167,56412,528,26424,615,28422,24,1566,645,19492,512,19488,682,38980,California
Madera,2021-03-26,1519,57931,579,27003,808,29230,132,1698,710,19532,805,20293,845,39825,California
Madera,2021-03-27,919,58850,599,27602,296,29526,24,1722,416,19474,499,20792,441,40266,California
Madera,2021-03-28,435,59285,152,27754,222,29748,61,1783,242,19638,192,20984,356,40622,California
Madera,2021-03-29,685,59970,179,27933,477,30225,29,1812,491,19972,190,21174,524,41146,California
Madera,2021-03-30,1072,61042,605,28538,435,30660,32,1844,480,19897,589,21763,514,41660,California
Madera,2021-03-31,1395,62437,544,29082,717,31377,134,1978,428,19500,961,22724,564,42224,California
Madera,2021-04-01,1347,63784,620,29702,676,32053,51,2029,472,19153,868,23592,521,42745,California
Madera,2021-04-02,1599,65383,459,30161,1082,33135,58,2087,475,18575,1113,24705,535,43280,California
Madera,2021-04-03,958,66341,761,30922,177,33312,20,2107,395,18438,561,25266,424,43704,California
Madera,2021-04-04,187,66528,65,30987,120,33432,2,2109,88,18429,99,25365,90,43794,California
Madera,2021-04-05,737,67265,255,31242,424,33856,58,2167,343,18451,393,25758,415,44209,California
Madera,2021-04-06,1705,68970,891,32133,464,34320,350,2517,533,18165,1171,26929,885,45094,California
Madera,2021-04-07,1211,70181,376,32509,685,35005,150,2667,420,17955,788,27717,578,45672,California
Madera,2021-04-08,1704,71885,660,33169,787,35792,257,2924,546,17613,1152,28869,810,46482,California
Madera,2021-04-09,1627,73512,684,33853,795,36587,148,3072,941,18025,681,29550,1093,47575,California
Madera,2021-04-10,957,74469,679,34532,210,36797,68,3140,705,18546,253,29803,774,48349,California
Madera,2021-04-11,800,75269,648,35180,74,36871,78,3218,282,18389,515,30318,358,48707,California
Madera,2021-04-12,781,76050,268,35448,436,37307,77,3295,302,18290,479,30797,380,49087,California
Madera,2021-04-13,1234,77284,607,36055,586,37893,41,3336,717,18543,515,31312,768,49855,California
Madera,2021-04-14,1380,78664,854,36909,526,38419,0,3336,568,18305,812,32124,574,50429,California
Madera,2021-04-15,1154,79818,500,37409,653,39072,1,3337,419,18003,723,32847,421,50850,California
Madera,2021-04-16,1307,81125,535,37944,772,39844,0,3337,365,17439,930,33777,366,51216,California
Madera,2021-04-17,1268,82393,1070,39014,198,40042,0,3337,757,17685,511,34288,757,51973,California
Madera,2021-04-18,245,82638,207,39221,38,40080,0,3337,88,17618,155,34443,88,52061,California
Madera,2021-04-19,804,83442,236,39457,567,40647,1,3338,277,17374,521,34964,277,52338,California
Madera,2021-04-20,871,84313,427,39884,444,41091,0,3338,215,16938,653,35617,217,52555,California
Madera,2021-04-21,857,85170,452,40336,405,41496,0,3338,289,16661,568,36185,291,52846,California
Madera,2021-04-22,1059,86229,510,40846,549,42045,0,3338,372,16351,683,36868,373,53219,California
Madera,2021-04-23,960,87189,306,41152,654,42699,0,3338,334,16064,621,37489,334,53553,California
Madera,2021-04-24,705,87894,463,41615,242,42941,0,3338,246,15856,455,37944,247,53800,California
Madera,2021-04-25,265,88159,161,41776,101,43042,3,3341,118,15835,143,38087,122,53922,California
Madera,2021-04-26,519,88678,97,41873,416,43458,6,3347,112,15549,404,38491,118,54040,California
Madera,2021-04-27,567,89245,265,42138,280,43738,22,3369,299,15604,267,38758,322,54362,California
Madera,2021-04-28,490,89735,196,42334,275,44013,19,3388,241,15616,247,39005,259,54621,California
Madera,2021-04-29,538,90273,241,42575,270,44283,27,3415,251,15614,280,39285,278,54899,California
Madera,2021-04-30,924,91197,501,43076,407,44690,16,3431,259,15230,659,39944,275,55174,California
Madera,2021-05-01,959,92156,865,43941,81,44771,13,3444,384,15054,573,40517,397,55571,California
Madera,2021-05-02,400,92556,351,44292,45,44816,4,3448,148,14954,252,40769,152,55723,California
Madera,2021-05-03,503,93059,201,44493,262,45078,40,3488,101,14696,399,41168,141,55864,California
Madera,2021-05-04,882,93941,433,44926,409,45487,40,3528,211,14276,671,41839,251,56115,California
Madera,2021-05-05,995,94936,474,45400,462,45949,59,3587,274,13890,719,42558,333,56448,California
Madera,2021-05-06,696,95632,248,45648,417,46366,31,3618,154,13538,537,43095,185,56633,California
Madera,2021-05-07,806,96438,279,45927,506,46872,21,3639,194,13145,607,43702,214,56847,California
Madera,2021-05-08,968,97406,756,46683,202,47074,10,3649,186,12560,781,44483,196,57043,California
Madera,2021-05-09,145,97551,19,46702,115,47189,11,3660,34,12495,110,44593,45,57088,California
Madera,2021-05-10,343,97894,73,46775,258,47447,12,3672,99,12363,243,44836,111,57199,California
Madera,2021-05-11,525,98419,174,46949,343,47790,8,3680,172,12192,351,45187,180,57379,California
Madera,2021-05-12,491,98910,222,47171,233,48023,36,3716,119,11977,370,45557,155,57534,California
Madera,2021-05-13,477,99387,287,47458,158,48181,32,3748,155,11844,320,45877,187,57721,California
Madera,2021-05-14,523,99910,261,47719,239,48420,23,3771,230,11807,290,46167,253,57974,California
Madera,2021-05-15,560,100470,475,48194,77,48497,8,3779,363,11983,195,46362,371,58345,California
Madera,2021-05-16,255,100725,186,48380,37,48534,32,3811,103,11966,152,46514,135,58480,California
Madera,2021-05-17,451,101176,186,48566,236,48770,29,3840,206,11960,242,46756,236,58716,California
Madera,2021-05-18,542,101718,363,48929,158,48928,21,3861,286,12015,252,47008,307,59023,California
Madera,2021-05-19,482,102200,223,49152,237,49165,22,3883,215,11986,266,47274,237,59260,California
Madera,2021-05-20,541,102741,241,49393,262,49427,38,3921,204,11897,331,47605,242,59502,California
Madera,2021-05-21,451,103192,166,49559,260,49687,25,3946,165,11806,281,47886,190,59692,California
Madera,2021-05-22,852,104044,777,50336,61,49748,14,3960,499,11967,352,48238,513,60205,California
Madera,2021-05-23,242,104286,227,50563,6,49754,9,3969,128,11991,113,48351,137,60342,California
Madera,2021-05-24,292,104578,140,50703,113,49867,39,4008,125,11988,167,48518,164,60506,California
Madera,2021-05-25,368,104946,165,50868,176,50043,27,4035,148,11947,216,48734,175,60681,California
Madera,2021-05-26,423,105369,257,51125,144,50187,22,4057,232,12011,190,48924,254,60935,California
Madera,2021-05-27,342,105711,131,51256,178,50365,33,4090,120,11945,219,49143,153,61088,California
Madera,2021-05-28,293,106004,110,51366,164,50529,19,4109,88,11848,204,49347,107,61195,California
Marin,2020-12-15,2,2,2,2,0,0,0,0,2,2,0,0,2,2,California
Marin,2020-12-16,109,111,109,111,0,0,0,0,109,111,0,0,109,111,California
Marin,2020-12-17,262,373,262,373,0,0,0,0,262,373,0,0,262,373,California
Marin,2020-12-18,376,749,376,749,0,0,0,0,376,749,0,0,376,749,California
Marin,2020-12-19,349,1098,348,1097,1,1,0,0,349,1098,0,0,349,1098,California
Marin,2020-12-20,166,1264,165,1262,1,2,0,0,166,1264,0,0,166,1264,California
Marin,2020-12-21,238,1502,235,1497,3,5,0,0,238,1502,0,0,238,1502,California
Marin,2020-12-22,523,2025,319,1816,204,209,0,0,523,2025,0,0,523,2025,California
Marin,2020-12-23,735,2760,321,2137,414,623,0,0,735,2760,0,0,735,2760,California
Marin,2020-12-24,357,3117,159,2296,198,821,0,0,357,3117,0,0,357,3117,California
Marin,2020-12-25,27,3144,0,2296,27,848,0,0,27,3144,0,0,27,3144,California
Marin,2020-12-26,144,3288,94,2390,50,898,0,0,144,3288,0,0,144,3288,California
Marin,2020-12-27,92,3380,55,2445,37,935,0,0,92,3380,0,0,92,3380,California
Marin,2020-12-28,408,3788,99,2544,309,1244,0,0,408,3788,0,0,408,3788,California
Marin,2020-12-29,403,4191,88,2632,315,1559,0,0,403,4191,0,0,403,4191,California
Marin,2020-12-30,626,4817,389,3021,237,1796,0,0,626,4817,0,0,626,4817,California
Marin,2020-12-31,198,5015,34,3055,164,1960,0,0,198,5015,0,0,198,5015,California
Marin,2021-01-01,20,5035,9,3064,11,1971,0,0,20,5035,0,0,20,5035,California
Marin,2021-01-02,113,5148,107,3171,6,1977,0,0,113,5148,0,0,113,5148,California
Marin,2021-01-03,49,5197,31,3202,18,1995,0,0,46,5194,0,0,46,5194,California
Marin,2021-01-04,295,5492,192,3394,103,2098,0,0,294,5487,1,1,294,5488,California
Marin,2021-01-05,369,5861,222,3616,147,2245,0,0,326,5770,43,44,326,5814,California
Marin,2021-01-06,818,6679,318,3934,500,2745,0,0,638,6228,180,224,638,6452,California
Marin,2021-01-07,887,7566,500,4434,387,3132,0,0,542,6425,345,569,542,6994,California
Marin,2021-01-08,971,8537,516,4950,455,3587,0,0,593,6641,377,946,593,7587,California
Marin,2021-01-09,620,9157,223,5173,397,3984,0,0,488,6997,132,1078,488,8075,California
Marin,2021-01-10,128,9285,99,5272,29,4013,0,0,55,6979,73,1151,55,8130,California
Marin,2021-01-11,469,9754,327,5599,142,4155,0,0,248,7008,221,1372,250,8380,California
Marin,2021-01-12,938,10692,543,6142,395,4550,0,0,570,7213,365,1737,570,8950,California
Marin,2021-01-13,1177,11869,497,6639,680,5230,0,0,939,7914,238,1975,939,9889,California
Marin,2021-01-14,1071,12940,318,6957,753,5983,0,0,921,8687,148,2123,921,10810,California
Marin,2021-01-15,1156,14096,353,7310,803,6786,0,0,1026,9585,129,2252,1027,11837,California
Marin,2021-01-16,1123,15219,914,8224,209,6995,0,0,1049,10560,74,2326,1049,12886,California
Marin,2021-01-17,1231,16450,1113,9337,118,7113,0,0,1202,11737,28,2354,1205,14091,California
Marin,2021-01-18,360,16810,158,9495,202,7315,0,0,309,11995,51,2405,309,14400,California
Marin,2021-01-19,1156,17966,913,10408,243,7558,0,0,983,12806,172,2577,983,15383,California
Marin,2021-01-20,1794,19760,1210,11618,584,8142,0,0,1064,13151,719,3296,1064,16447,California
Marin,2021-01-21,1683,21443,1061,12679,622,8764,0,0,1329,14131,351,3647,1331,17778,California
Marin,2021-01-22,1703,23146,1091,13770,612,9376,0,0,1531,15491,172,3819,1532,19310,California
Marin,2021-01-23,1847,24993,1344,15114,503,9879,0,0,1758,17161,88,3907,1758,21068,California
Marin,2021-01-24,614,25607,165,15279,449,10328,0,0,582,17711,32,3939,582,21650,California
Marin,2021-01-25,1134,26741,232,15511,902,11230,0,0,696,17970,438,4377,697,22347,California
Marin,2021-01-26,1508,28249,784,16295,724,11954,0,0,1132,18727,375,4752,1132,23479,California
Marin,2021-01-27,1716,29965,888,17183,828,12782,0,0,1356,19726,358,5110,1357,24836,California
Marin,2021-01-28,2085,32050,1071,18254,1014,13796,0,0,1821,21285,263,5373,1822,26658,California
Marin,2021-01-29,2193,34243,1445,19699,748,14544,0,0,1989,23083,192,5565,1990,28648,California
Marin,2021-01-30,1721,35964,906,20605,815,15359,0,0,1642,24647,79,5644,1643,30291,California
Marin,2021-01-31,458,36422,321,20926,137,15496,0,0,432,25053,26,5670,432,30723,California
Marin,2021-02-01,1092,37514,418,21344,674,16170,0,0,894,25751,197,5867,895,31618,California
Marin,2021-02-02,1378,38892,487,21831,891,17061,0,0,723,25830,644,6511,723,32341,California
Marin,2021-02-03,1774,40666,421,22252,1353,18414,0,0,1272,26601,501,7012,1272,33613,California
Marin,2021-02-04,1524,42190,498,22750,1026,19440,0,0,922,26924,599,7611,922,34535,California
Marin,2021-02-05,2172,44362,679,23429,1493,20933,0,0,1336,27428,832,8443,1336,35871,California
Marin,2021-02-06,1430,45792,851,24280,579,21512,0,0,608,27215,821,9264,608,36479,California
Marin,2021-02-07,1291,47083,1009,25289,282,21794,0,0,489,26903,801,10065,489,36968,California
Marin,2021-02-08,1521,48604,751,26040,770,22564,0,0,723,26830,796,10861,723,37691,California
Marin,2021-02-09,1779,50383,1121,27161,658,23222,0,0,833,26717,946,11807,833,38524,California
Marin,2021-02-10,2337,52720,1489,28650,848,24070,0,0,1214,26811,1121,12928,1215,39739,California
Marin,2021-02-11,2865,55585,1639,30289,1226,25296,0,0,1447,26848,1413,14341,1450,41189,California
Marin,2021-02-12,3065,58650,1540,31829,1525,26821,0,0,1560,26907,1502,15843,1561,42750,California
Marin,2021-02-13,2342,60992,1244,33073,1098,27919,0,0,1132,26831,1208,17051,1132,43882,California
Marin,2021-02-14,814,61806,302,33375,512,28431,0,0,721,27460,93,17144,722,44604,California
Marin,2021-02-15,1214,63020,355,33730,859,29290,0,0,834,27916,379,17523,835,45439,California
Marin,2021-02-16,2469,65489,1058,34788,1411,30701,0,0,1506,28460,962,18485,1506,46945,California
Marin,2021-02-17,2108,67597,947,35735,1161,31862,0,0,1090,28535,1016,19501,1091,48036,California
Marin,2021-02-18,2418,70015,1584,37319,834,32696,0,0,1058,28235,1358,20859,1058,49094,California
Marin,2021-02-19,2765,72780,2159,39478,606,33302,0,0,1221,27926,1531,22390,1222,50316,California
Marin,2021-02-20,2565,75345,2111,41589,454,33756,0,0,1216,27802,1341,23731,1217,51533,California
Marin,2021-02-21,1309,76654,1115,42704,194,33950,0,0,930,28357,375,24106,930,52463,California
Marin,2021-02-22,1834,78488,1412,44116,422,34372,0,0,1219,28964,613,24719,1220,53683,California
Marin,2021-02-23,2861,81349,1640,45756,1221,35593,0,0,1927,29970,922,25641,1928,55611,California
Marin,2021-02-24,3514,84863,1615,47371,1899,37492,0,0,2253,30970,1254,26895,2254,57865,California
Marin,2021-02-25,3941,88804,1814,49185,2127,39619,0,0,2779,32595,1155,28050,2780,60645,California
Marin,2021-02-26,3495,92299,1892,51077,1603,41222,0,0,2537,34187,946,28996,2538,63183,California
Marin,2021-02-27,2627,94926,1510,52587,1117,42339,0,0,1788,35141,836,29832,1790,64973,California
Marin,2021-02-28,1377,96303,916,53503,461,42800,0,0,1042,35851,332,30164,1042,66015,California
Marin,2021-03-01,2511,98814,1558,55061,952,43752,1,1,1688,36724,816,30980,1689,67704,California
Marin,2021-03-02,2524,101338,1682,56743,841,44593,1,2,1753,37711,767,31747,1754,69458,California
Marin,2021-03-03,4337,105675,2411,59154,1922,46515,4,6,2808,39000,1523,33270,2812,72270,California
Marin,2021-03-04,3389,109064,1665,60819,1723,48238,1,7,2370,40362,1012,34282,2374,74644,California
Marin,2021-03-05,3077,112141,1177,61996,1888,50126,12,19,1803,40908,1269,35551,1815,76459,California
Marin,2021-03-06,3243,115384,2327,64323,838,50964,78,97,2667,43081,571,36122,2744,79203,California
Marin,2021-03-07,1389,116773,1169,65492,196,51160,24,121,998,43717,386,36508,1022,80225,California
Marin,2021-03-08,1896,118669,1391,66883,388,51548,117,238,1425,44791,468,36976,1542,81767,California
Marin,2021-03-09,2225,120894,1343,68226,774,52322,108,346,1549,45773,674,37650,1656,83423,California
Marin,2021-03-10,4448,125342,2504,70730,1661,53983,283,629,3212,48039,1231,38881,3497,86920,California
Marin,2021-03-11,4570,129912,1880,72610,2554,56537,136,765,3274,50160,1289,40170,3410,90330,California
Marin,2021-03-12,3986,133898,1546,74156,2084,58621,356,1121,1573,49687,2402,42572,1929,92259,California
Marin,2021-03-13,4099,137997,2857,77013,1170,59791,72,1193,2421,50500,1676,44248,2489,94748,California
Marin,2021-03-14,2283,140280,1104,78117,1061,60852,118,1311,710,49756,1571,45819,827,95575,California
Marin,2021-03-15,3244,143524,1777,79894,1418,62270,49,1360,1229,49029,2004,47823,1277,96852,California
Marin,2021-03-16,4308,147832,2321,82215,1623,63893,364,1724,1500,48086,2805,50628,1862,98714,California
Marin,2021-03-17,4193,152025,2278,84493,1868,65761,47,1771,2060,48071,2121,52749,2106,100820,California
Marin,2021-03-18,4496,156521,2270,86763,2151,67912,75,1846,2251,48165,2229,54978,2323,103143,California
Marin,2021-03-19,4481,161002,2298,89061,1964,69876,219,2065,2433,48776,2038,57016,2649,105792,California
Marin,2021-03-20,3593,164595,1994,91055,1485,71361,114,2179,2032,49371,1552,58568,2147,107939,California
Marin,2021-03-21,1546,166141,1141,92196,381,71742,24,2203,805,49461,739,59307,829,108768,California
Marin,2021-03-22,2484,168625,2146,94342,171,71913,167,2370,995,49138,1485,60792,1162,109930,California
Marin,2021-03-23,4249,172874,2204,96546,1915,73828,130,2500,1875,48775,2368,63160,2005,111935,California
Marin,2021-03-24,4447,177321,2906,99452,1436,75264,105,2605,1817,48078,2617,65777,1920,113855,California
Marin,2021-03-25,4649,181970,2842,102294,1739,77003,68,2673,2258,48025,2377,68154,2324,116179,California
Marin,2021-03-26,4308,186278,2345,104639,1749,78752,214,2887,2413,48773,1879,70033,2627,118806,California
Marin,2021-03-27,3720,189998,2673,107312,1028,79780,19,2906,1141,47363,2569,72602,1159,119965,California
Marin,2021-03-28,2386,192384,1726,109038,654,80434,6,2912,1088,47166,1291,73893,1094,121059,California
Marin,2021-03-29,2695,195079,2099,111137,571,81005,25,2937,1165,46830,1527,75420,1191,122250,California
Marin,2021-03-30,4674,199753,3656,114793,984,81989,34,2971,2956,48105,1715,77135,2990,125240,California
Marin,2021-03-31,5832,205585,4132,118925,1651,83640,49,3020,2551,47435,3270,80405,2600,127840,California
Marin,2021-04-01,4445,210030,2283,121208,1906,85546,256,3276,2113,47483,2320,82725,2368,130208,California
Marin,2021-04-02,3743,213773,1862,123070,1510,87056,371,3647,2004,48120,1731,84456,2368,132576,California
Marin,2021-04-03,3901,217674,2551,125621,972,88028,378,4025,1488,47589,2399,86855,1868,134444,California
Marin,2021-04-04,1651,219325,1241,126862,207,88235,203,4228,1202,48547,447,87302,1405,135849,California
Marin,2021-04-05,2208,221533,1528,128390,304,88539,376,4604,1262,49243,940,88242,1636,137485,California
Marin,2021-04-06,3976,225509,2118,130508,1306,89845,552,5156,2211,50246,1760,90002,2763,140248,California
Marin,2021-04-07,3963,229472,2003,132511,1319,91164,641,5797,1456,49852,2499,92501,2105,142353,California
Marin,2021-04-08,5032,234504,1966,134477,2458,93622,608,6405,2301,50039,2722,95223,2909,145262,California
Marin,2021-04-09,3993,238497,1556,136033,1706,95328,731,7136,1319,49423,2669,97892,2053,147315,California
Marin,2021-04-10,3210,241707,1474,137507,1302,96630,434,7570,1445,49549,1750,99642,1876,149191,California
Marin,2021-04-11,1057,242764,803,138310,92,96722,162,7732,470,49595,585,100227,631,149822,California
Marin,2021-04-12,1735,244499,1235,139545,340,97062,160,7892,915,49855,816,101043,1076,150898,California
Marin,2021-04-13,3714,248213,2275,141820,1432,98494,7,7899,1349,48857,2354,103397,1356,152254,California
Marin,2021-04-14,4156,252369,2478,144298,1675,100169,3,7902,1707,48126,2439,105836,1708,153962,California
Marin,2021-04-15,5568,257937,3945,148243,1623,101792,0,7902,3191,48953,2365,108201,3192,157154,California
Marin,2021-04-16,4250,262187,2236,150479,2011,103803,3,7905,2067,48855,2169,110370,2071,159225,California
Marin,2021-04-17,3528,265715,2154,152633,1374,105177,0,7905,1760,48852,1763,112133,1760,160985,California
Marin,2021-04-18,3171,268886,3069,155702,102,105279,0,7905,2536,50756,632,112765,2536,163521,California
Marin,2021-04-19,2043,270929,1871,157573,172,105451,0,7905,1160,51040,878,113643,1162,164683,California
Marin,2021-04-20,3691,274620,2550,160123,1141,106592,0,7905,1467,50291,2217,115860,1468,166151,California
Marin,2021-04-21,4007,278627,2943,163066,1061,107653,3,7908,1355,49011,2636,118496,1356,167507,California
Marin,2021-04-22,4224,282851,3223,166289,1001,108654,0,7908,1492,47782,2724,121220,1495,169002,California
Marin,2021-04-23,3223,286074,1818,168107,1405,110059,0,7908,1226,47019,1990,123210,1227,170229,California
Marin,2021-04-24,2518,288592,1683,169790,834,110893,1,7909,918,46344,1594,124804,919,171148,California
Marin,2021-04-25,1383,289975,1265,171055,118,111011,0,7909,306,45580,1070,125874,306,171454,California
Marin,2021-04-26,1549,291524,1352,172407,194,111205,3,7912,353,44744,1193,127067,357,171811,California
Marin,2021-04-27,2979,294503,2177,174584,764,111969,38,7950,969,43746,2001,129068,1003,172814,California
Marin,2021-04-28,2300,296803,1586,176170,664,112633,50,8000,722,42942,1574,130642,770,173584,California
Marin,2021-04-29,2880,299683,1973,178143,845,113478,62,8062,789,41711,2082,132724,851,174435,California
Marin,2021-04-30,1955,301638,1278,179421,589,114067,88,8150,700,41252,1247,133971,788,175223,California
Marin,2021-05-01,1821,303459,1012,180433,786,114853,23,8173,531,40523,1282,135253,553,175776,California
Marin,2021-05-02,723,304182,586,181019,108,114961,29,8202,200,40232,519,135772,228,176004,California
Marin,2021-05-03,1211,305393,988,182007,167,115128,56,8258,261,39600,948,136720,316,176320,California
Marin,2021-05-04,2920,308313,1965,183972,865,115993,90,8348,470,37718,2442,139162,560,176880,California
Marin,2021-05-05,2720,311033,1996,185968,602,116595,122,8470,442,36010,2272,141434,564,177444,California
Marin,2021-05-06,3259,314292,2532,188500,638,117233,89,8559,426,33698,2825,144259,513,177957,California
Marin,2021-05-07,2033,316325,1546,190046,401,117634,86,8645,381,32517,1645,145904,464,178421,California
Marin,2021-05-08,2468,318793,1862,191908,484,118118,122,8767,340,30859,2120,148024,462,178883,California
Marin,2021-05-09,984,319777,899,192807,65,118183,20,8787,118,30136,862,148886,139,179022,California
Marin,2021-05-10,1405,321182,1150,193957,185,118368,70,8857,200,29204,1201,150087,269,179291,California
Marin,2021-05-11,2285,323467,1833,195790,399,118767,53,8910,295,27563,1988,152075,347,179638,California
Marin,2021-05-12,1393,324860,1029,196819,297,119064,67,8977,273,26786,1116,153191,339,179977,California
Marin,2021-05-13,2502,327362,2166,198985,280,119344,56,9033,1342,27030,1153,154344,1397,181374,California
Marin,2021-05-14,2201,329563,1452,200437,649,119993,100,9133,882,26699,1313,155657,982,182356,California
Marin,2021-05-15,2712,332275,2246,202683,386,120379,80,9213,1641,27350,1070,156727,1721,184077,California
Marin,2021-05-16,1643,333918,1588,204271,50,120429,5,9218,1327,28368,313,157040,1331,185408,California
Marin,2021-05-17,2129,336047,1981,206252,105,120534,43,9261,1717,29723,405,157445,1760,187168,California
Marin,2021-05-18,1520,337567,1185,207437,280,120814,55,9316,801,29865,713,158158,855,188023,California
Marin,2021-05-19,1536,339103,1239,208676,228,121042,69,9385,782,29967,748,158906,850,188873,California
Marin,2021-05-20,1705,340808,1412,210088,212,121254,81,9466,711,29772,987,159893,792,189665,California
Marin,2021-05-21,1351,342159,777,210865,527,121781,47,9513,390,29254,955,160848,437,190102,California
Marin,2021-05-22,1334,343493,1010,211875,268,122049,56,9569,918,29815,413,161261,974,191076,California
Marin,2021-05-23,420,343913,381,212256,29,122078,10,9579,196,29800,221,161482,206,191282,California
Marin,2021-05-24,650,344563,497,212753,110,122188,43,9622,361,29918,285,161767,403,191685,California
Marin,2021-05-25,993,345556,622,213375,324,122512,47,9669,316,29610,668,162435,360,192045,California
Marin,2021-05-26,721,346277,490,213865,179,122691,52,9721,268,29481,449,162884,320,192365,California
Marin,2021-05-27,1006,347283,657,214522,273,122964,76,9797,343,29239,661,163545,419,192784,California
Marin,2021-05-28,858,348141,603,215125,210,123174,45,9842,207,28842,648,164193,251,193035,California
Mariposa,2020-12-17,36,36,36,36,0,0,0,0,38,38,0,0,38,38,California
Mariposa,2020-12-18,55,91,55,91,0,0,0,0,56,94,0,0,56,94,California
Mariposa,2020-12-20,2,93,2,93,0,0,0,0,2,96,0,0,2,96,California
Mariposa,2020-12-21,49,142,49,142,0,0,0,0,53,149,0,0,53,149,California
Mariposa,2020-12-22,5,147,5,147,0,0,0,0,5,154,0,0,5,154,California
Mariposa,2020-12-23,16,163,16,163,0,0,0,0,16,170,0,0,16,170,California
Mariposa,2020-12-24,1,164,0,163,1,1,0,0,0,170,1,1,1,171,California
Mariposa,2020-12-26,1,165,1,164,0,1,0,0,1,171,0,1,1,172,California
Mariposa,2020-12-27,1,166,0,164,1,2,0,0,1,172,0,1,1,173,California
Mariposa,2020-12-28,6,172,3,167,3,5,0,0,6,178,0,1,6,179,California
Mariposa,2020-12-29,33,205,3,170,30,35,0,0,33,211,0,1,33,212,California
Mariposa,2020-12-30,25,230,4,174,21,56,0,0,25,236,0,1,25,237,California
Mariposa,2020-12-31,16,246,0,174,16,72,0,0,16,252,0,1,16,253,California
Mariposa,2021-01-02,1,247,1,175,0,72,0,0,1,253,0,1,1,254,California
Mariposa,2021-01-04,8,255,1,176,7,79,0,0,8,261,0,1,8,262,California
Mariposa,2021-01-05,24,279,14,190,10,89,0,0,14,265,10,11,14,276,California
Mariposa,2021-01-06,6,285,3,193,3,92,0,0,3,265,3,14,3,279,California
Mariposa,2021-01-07,50,335,45,238,5,97,0,0,5,225,45,59,5,284,California
Mariposa,2021-01-08,108,443,79,317,29,126,0,0,33,183,75,134,33,317,California
Mariposa,2021-01-09,1,444,0,317,1,127,0,0,1,184,0,134,1,318,California
Mariposa,2021-01-11,31,475,10,327,21,148,0,0,23,199,8,142,23,341,California
Mariposa,2021-01-12,19,494,4,331,15,163,0,0,15,210,4,146,15,356,California
Mariposa,2021-01-13,21,515,4,335,17,180,0,0,18,225,3,149,18,374,California
Mariposa,2021-01-14,73,588,7,342,66,246,0,0,67,286,6,155,67,441,California
Mariposa,2021-01-15,68,656,27,369,41,287,0,0,58,334,10,165,58,499,California
Mariposa,2021-01-16,14,670,2,371,12,299,0,0,13,346,1,166,13,512,California
Mariposa,2021-01-17,2,672,0,371,2,301,0,0,2,348,0,166,2,514,California
Mariposa,2021-01-18,3,675,3,374,0,301,0,0,1,347,2,168,1,515,California
Mariposa,2021-01-19,8,683,4,378,4,305,0,0,5,350,2,170,5,520,California
Mariposa,2021-01-20,23,706,1,379,22,327,0,0,22,371,1,171,22,542,California
Mariposa,2021-01-21,66,772,8,387,58,385,0,0,62,429,4,175,62,604,California
Mariposa,2021-01-22,56,828,2,389,54,439,0,0,56,485,0,175,56,660,California
Mariposa,2021-01-23,116,944,2,391,114,553,0,0,114,597,2,177,114,774,California
Mariposa,2021-01-24,2,946,2,393,0,553,0,0,2,599,0,177,2,776,California
Mariposa,2021-01-25,4,950,1,394,3,556,0,0,0,595,4,181,0,776,California
Mariposa,2021-01-26,36,986,4,398,32,588,0,0,4,571,32,213,8,784,California
Mariposa,2021-01-27,23,1009,1,399,22,610,0,0,12,573,10,223,12,796,California
Mariposa,2021-01-28,126,1135,3,402,123,733,0,0,113,674,12,235,113,909,California
Mariposa,2021-01-29,84,1219,22,424,62,795,0,0,83,756,1,236,83,992,California
Mariposa,2021-01-30,9,1228,1,425,8,803,0,0,8,763,1,237,8,1000,California
Mariposa,2021-01-31,1,1229,0,425,1,804,0,0,1,764,0,237,1,1001,California
Mariposa,2021-02-01,87,1316,30,455,57,861,0,0,66,809,21,258,66,1067,California
Mariposa,2021-02-02,15,1331,3,458,12,873,0,0,9,812,6,264,9,1076,California
Mariposa,2021-02-03,20,1351,1,459,19,892,0,0,14,820,6,270,14,1090,California
Mariposa,2021-02-04,99,1450,8,467,91,983,0,0,94,911,4,274,95,1185,California
Mariposa,2021-02-05,192,1642,5,472,187,1170,0,0,166,1051,26,300,166,1351,California
Mariposa,2021-02-06,11,1653,4,476,7,1177,0,0,10,1060,1,301,10,1361,California
Mariposa,2021-02-07,1,1654,0,476,1,1178,0,0,1,1061,0,301,1,1362,California
Mariposa,2021-02-08,40,1694,2,478,38,1216,0,0,21,1063,19,320,21,1383,California
Mariposa,2021-02-09,42,1736,24,502,18,1234,0,0,36,1093,6,326,36,1419,California
Mariposa,2021-02-10,28,1764,5,507,23,1257,0,0,17,1106,10,336,23,1442,California
Mariposa,2021-02-11,374,2138,5,512,369,1626,0,0,360,1455,14,350,363,1805,California
Mariposa,2021-02-12,185,2323,8,520,177,1803,0,0,141,1552,44,394,141,1946,California
Mariposa,2021-02-13,11,2334,3,523,8,1811,0,0,9,1559,2,396,9,1955,California
Mariposa,2021-02-14,8,2342,4,527,4,1815,0,0,5,1561,3,399,5,1960,California
Mariposa,2021-02-15,9,2351,3,530,6,1821,0,0,7,1566,2,401,7,1967,California
Mariposa,2021-02-16,57,2408,34,564,23,1844,0,0,34,1577,23,424,34,2001,California
Mariposa,2021-02-17,37,2445,9,573,28,1872,0,0,27,1596,9,433,28,2029,California
Mariposa,2021-02-18,57,2502,7,580,50,1922,0,0,20,1579,37,470,20,2049,California
Mariposa,2021-02-19,82,2584,3,583,79,2001,0,0,76,1649,6,476,76,2125,California
Mariposa,2021-02-20,253,2837,4,587,249,2250,0,0,223,1843,29,505,223,2348,California
Mariposa,2021-02-21,237,3074,4,591,233,2483,0,0,235,2077,1,506,235,2583,California
Mariposa,2021-02-22,23,3097,7,598,16,2499,0,0,21,2096,2,508,21,2604,California
Mariposa,2021-02-23,43,3140,37,635,6,2505,0,0,26,2105,17,525,26,2630,California
Mariposa,2021-02-24,20,3160,3,638,17,2522,0,0,8,2102,11,536,8,2638,California
Mariposa,2021-02-25,18,3178,9,647,9,2531,0,0,12,2108,6,542,12,2650,California
Mariposa,2021-02-26,424,3602,7,654,417,2948,0,0,363,2411,61,603,364,3014,California
Mariposa,2021-02-27,169,3771,5,659,164,3112,0,0,158,2558,11,614,158,3172,California
Mariposa,2021-02-28,2,3773,1,660,1,3113,0,0,0,2556,2,616,0,3172,California
Mariposa,2021-03-01,81,3854,26,686,55,3168,0,0,16,2508,64,680,16,3188,California
Mariposa,2021-03-02,20,3874,13,699,7,3175,0,0,11,2511,8,688,11,3199,California
Mariposa,2021-03-03,71,3945,5,704,66,3241,0,0,65,2571,6,694,66,3265,California
Mariposa,2021-03-04,39,3984,9,713,30,3271,0,0,20,2573,19,713,21,3286,California
Mariposa,2021-03-05,57,4041,9,722,48,3319,0,0,40,2601,17,730,45,3331,California
Mariposa,2021-03-06,15,4056,6,728,9,3328,0,0,7,2600,8,738,7,3338,California
Mariposa,2021-03-07,1,4057,1,729,0,3328,0,0,0,2599,1,739,0,3338,California
Mariposa,2021-03-08,38,4095,4,733,23,3351,11,11,9,2590,29,768,20,3358,California
Mariposa,2021-03-09,45,4140,18,751,17,3368,10,21,14,2583,31,799,24,3382,California
Mariposa,2021-03-10,31,4171,9,760,12,3380,10,31,10,2582,21,820,20,3402,California
Mariposa,2021-03-11,467,4638,6,766,442,3822,19,50,226,2590,240,1060,248,3650,California
Mariposa,2021-03-12,255,4893,8,774,220,4042,27,77,115,2591,140,1200,141,3791,California
Mariposa,2021-03-13,32,4925,6,780,11,4053,15,92,11,2595,21,1221,25,3816,California
Mariposa,2021-03-14,17,4942,2,782,4,4057,11,103,3,2595,14,1235,14,3830,California
Mariposa,2021-03-15,76,5018,7,789,31,4088,38,141,31,2619,45,1280,69,3899,California
Mariposa,2021-03-16,82,5100,33,822,14,4102,35,176,23,2618,59,1339,58,3957,California
Mariposa,2021-03-17,71,5171,10,832,53,4155,8,184,51,2658,19,1358,59,4016,California
Mariposa,2021-03-18,66,5237,15,847,41,4196,10,194,40,2682,26,1384,50,4066,California
Mariposa,2021-03-19,338,5575,11,858,322,4518,5,199,303,2955,35,1419,308,4374,California
Mariposa,2021-03-20,426,6001,5,863,419,4937,2,201,46,2624,380,1799,49,4423,California
Mariposa,2021-03-21,15,6016,9,872,5,4942,1,202,10,2631,4,1803,11,4434,California
Mariposa,2021-03-22,38,6054,7,879,23,4965,8,210,26,2654,12,1815,35,4469,California
Mariposa,2021-03-23,53,6107,33,912,10,4975,10,220,32,2675,21,1836,42,4511,California
Mariposa,2021-03-24,55,6162,5,917,48,5023,2,222,50,2722,5,1841,52,4563,California
Mariposa,2021-03-25,76,6238,15,932,53,5076,8,230,54,2764,20,1861,62,4625,California
Mariposa,2021-03-26,488,6726,9,941,478,5554,1,231,252,2781,236,2097,253,4878,California
Mariposa,2021-03-27,224,6950,8,949,216,5770,0,231,90,2739,134,2231,92,4970,California
Mariposa,2021-03-28,5,6955,0,949,2,5772,3,234,1,2739,4,2235,4,4974,California
Mariposa,2021-03-29,19,6974,6,955,13,5785,0,234,12,2744,7,2242,12,4986,California
Mariposa,2021-03-30,36,7010,13,968,7,5792,16,250,13,2750,23,2265,29,5015,California
Mariposa,2021-03-31,88,7098,15,983,66,5858,7,257,68,2805,20,2285,75,5090,California
Mariposa,2021-04-01,54,7152,10,993,36,5894,8,265,34,2827,20,2305,42,5132,California
Mariposa,2021-04-02,347,7499,11,1004,334,6228,2,267,305,3093,41,2346,307,5439,California
Mariposa,2021-04-03,10,7509,7,1011,3,6231,0,267,5,3093,5,2351,5,5444,California
Mariposa,2021-04-04,2,7511,1,1012,0,6231,1,268,0,3092,2,2353,1,5445,California
Mariposa,2021-04-05,33,7544,22,1034,7,6238,4,272,16,3095,17,2370,20,5465,California
Mariposa,2021-04-06,43,7587,20,1054,7,6245,16,288,13,3095,29,2399,29,5494,California
Mariposa,2021-04-07,98,7685,6,1060,73,6318,19,307,28,3072,70,2469,47,5541,California
Mariposa,2021-04-08,279,7964,14,1074,246,6564,19,326,143,3101,134,2603,163,5704,California
Mariposa,2021-04-09,38,8002,9,1083,14,6578,15,341,11,3100,27,2630,26,5730,California
Mariposa,2021-04-10,201,8203,3,1086,188,6766,10,351,186,3282,13,2643,195,5925,California
Mariposa,2021-04-11,124,8327,4,1090,118,6884,2,353,57,3275,67,2710,60,5985,California
Mariposa,2021-04-12,42,8369,13,1103,27,6911,2,355,13,3261,29,2739,15,6000,California
Mariposa,2021-04-13,52,8421,45,1148,7,6918,0,355,34,3277,18,2757,34,6034,California
Mariposa,2021-04-14,112,8533,7,1155,105,7023,0,355,58,3282,53,2810,58,6092,California
Mariposa,2021-04-15,57,8590,15,1170,42,7065,0,355,43,3314,11,2821,43,6135,California
Mariposa,2021-04-16,382,8972,11,1181,371,7436,0,355,106,3144,276,3097,106,6241,California
Mariposa,2021-04-17,10,8982,6,1187,4,7440,0,355,7,3148,3,3100,7,6248,California
Mariposa,2021-04-18,7,8989,0,1187,7,7447,0,355,3,3147,4,3104,3,6251,California
Mariposa,2021-04-19,57,9046,25,1212,32,7479,0,355,29,3150,26,3130,29,6280,California
Mariposa,2021-04-20,62,9108,49,1261,13,7492,0,355,39,3168,21,3151,39,6319,California
Mariposa,2021-04-21,90,9198,13,1274,77,7569,0,355,42,3163,47,3198,42,6361,California
Mariposa,2021-04-22,47,9245,8,1282,39,7608,0,355,37,3191,9,3207,37,6398,California
Mariposa,2021-04-23,315,9560,70,1352,245,7853,0,355,144,3166,171,3378,146,6544,California
Mariposa,2021-04-24,105,9665,10,1362,95,7948,0,355,42,3146,62,3440,42,6586,California
Mariposa,2021-04-26,14,9679,10,1372,4,7952,0,355,4,3140,10,3450,4,6590,California
Mariposa,2021-04-27,31,9710,16,1388,14,7966,1,356,15,3143,13,3463,16,6606,California
Mariposa,2021-04-28,74,9784,13,1401,54,8020,7,363,29,3134,45,3508,36,6642,California
Mariposa,2021-04-29,84,9868,12,1413,71,8091,1,364,79,3209,5,3513,80,6722,California
Mariposa,2021-04-30,209,10077,5,1418,199,8290,5,369,63,3131,146,3659,68,6790,California
Mariposa,2021-05-01,2,10079,2,1420,0,8290,0,369,0,3129,2,3661,0,6790,California
Mariposa,2021-05-02,3,10082,2,1422,0,8290,1,370,0,3127,3,3664,1,6791,California
Mariposa,2021-05-03,16,10098,12,1434,3,8293,1,371,7,3127,8,3672,8,6799,California
Mariposa,2021-05-04,50,10148,31,1465,15,8308,4,375,36,3153,14,3686,40,6839,California
Mariposa,2021-05-05,56,10204,8,1473,46,8354,2,377,17,3133,39,3725,19,6858,California
Mariposa,2021-05-06,55,10259,36,1509,14,8368,5,382,39,3161,16,3741,44,6902,California
Mariposa,2021-05-07,27,10286,7,1516,17,8385,3,385,13,3163,14,3755,16,6918,California
Mariposa,2021-05-08,281,10567,5,1521,276,8661,0,385,34,2952,247,4002,36,6954,California
Mariposa,2021-05-09,2,10569,1,1522,1,8662,0,385,0,2950,2,4004,0,6954,California
Mariposa,2021-05-10,19,10588,8,1530,9,8671,2,387,4,2941,15,4019,6,6960,California
Mariposa,2021-05-11,28,10616,19,1549,9,8680,0,387,20,2954,7,4026,20,6980,California
Mariposa,2021-05-12,66,10682,4,1553,59,8739,3,390,6,2903,60,4086,9,6989,California
Mariposa,2021-05-13,48,10730,8,1561,38,8777,2,392,14,2885,34,4120,16,7005,California
Mariposa,2021-05-14,251,10981,123,1684,121,8898,7,399,119,2879,132,4252,126,7131,California
Mariposa,2021-05-15,17,10998,8,1692,8,8906,1,400,10,2883,7,4259,11,7142,California
Mariposa,2021-05-16,3,11001,1,1693,1,8907,1,401,1,2883,2,4261,2,7144,California
Mariposa,2021-05-17,16,11017,7,1700,6,8913,3,404,7,2884,9,4270,10,7154,California
Mariposa,2021-05-18,61,11078,41,1741,15,8928,5,409,44,2917,16,4286,49,7203,California
Mariposa,2021-05-19,70,11148,32,1773,37,8965,1,410,51,2951,18,4304,52,7255,California
Mariposa,2021-05-20,34,11182,19,1792,13,8978,2,412,13,2945,21,4325,15,7270,California
Mariposa,2021-05-21,92,11274,8,1800,82,9060,2,414,42,2940,49,4374,44,7314,California
Mariposa,2021-05-22,47,11321,6,1806,40,9100,1,415,17,2928,30,4404,18,7332,California
Mariposa,2021-05-23,3,11324,2,1808,0,9100,1,416,2,2930,1,4405,3,7335,California
Mariposa,2021-05-24,12,11336,7,1815,3,9103,2,418,8,2936,4,4409,10,7345,California
Mariposa,2021-05-25,26,11362,17,1832,9,9112,0,418,18,2946,8,4417,18,7363,California
Mariposa,2021-05-26,13,11375,3,1835,6,9118,4,422,5,2947,8,4425,9,7372,California
Mariposa,2021-05-27,117,11492,63,1898,53,9171,1,423,60,2951,57,4482,61,7433,California
Mariposa,2021-05-28,54,11546,0,1898,50,9221,4,427,19,2939,35,4517,23,7456,California
Mendocino,2020-12-17,70,70,70,70,0,0,0,0,70,70,0,0,70,70,California
Mendocino,2020-12-18,85,155,84,154,1,1,0,0,84,154,0,0,84,154,California
Mendocino,2020-12-19,4,159,4,158,0,1,0,0,4,158,0,0,4,158,California
Mendocino,2020-12-20,7,166,7,165,0,1,0,0,7,165,0,0,7,165,California
Mendocino,2020-12-21,241,407,241,406,0,1,0,0,77,242,0,0,77,242,California
Mendocino,2020-12-22,252,659,191,597,61,62,0,0,252,494,0,0,252,494,California
Mendocino,2020-12-23,270,929,47,644,223,285,0,0,269,763,0,0,269,763,California
Mendocino,2020-12-24,49,978,8,652,41,326,0,0,49,812,0,0,49,812,California
Mendocino,2020-12-25,1,979,0,652,1,327,0,0,1,813,0,0,1,813,California
Mendocino,2020-12-26,2,981,2,654,0,327,0,0,2,815,0,0,2,815,California
Mendocino,2020-12-27,1,982,0,654,1,328,0,0,1,816,0,0,1,816,California
Mendocino,2020-12-28,74,1056,9,663,65,393,0,0,74,890,0,0,74,890,California
Mendocino,2020-12-29,122,1178,61,724,61,454,0,0,122,1012,0,0,122,1012,California
Mendocino,2020-12-30,121,1299,67,791,54,508,0,0,121,1133,0,0,121,1133,California
Mendocino,2020-12-31,132,1431,97,888,35,543,0,0,132,1265,0,0,132,1265,California
Mendocino,2021-01-01,8,1439,6,894,2,545,0,0,8,1273,0,0,8,1273,California
Mendocino,2021-01-04,838,2277,18,912,820,1365,0,0,838,2111,0,0,838,2111,California
Mendocino,2021-01-05,74,2351,36,948,38,1403,0,0,61,2159,13,13,61,2172,California
Mendocino,2021-01-06,155,2506,133,1081,22,1425,0,0,145,2294,10,23,145,2317,California
Mendocino,2021-01-07,361,2867,238,1319,123,1548,0,0,298,2529,63,86,298,2615,California
Mendocino,2021-01-08,95,2962,82,1401,13,1561,0,0,41,2517,54,140,42,2657,California
Mendocino,2021-01-09,10,2972,6,1407,4,1565,0,0,8,2523,2,142,8,2665,California
Mendocino,2021-01-10,9,2981,8,1415,1,1566,0,0,2,2518,7,149,2,2667,California
Mendocino,2021-01-11,101,3082,92,1507,9,1575,0,0,43,2504,57,206,43,2710,California
Mendocino,2021-01-12,387,3469,377,1884,10,1585,0,0,270,2657,117,323,270,2980,California
Mendocino,2021-01-13,491,3960,145,2029,346,1931,0,0,449,3067,40,363,450,3430,California
Mendocino,2021-01-14,652,4612,20,2049,632,2563,0,0,643,3701,9,372,643,4073,California
Mendocino,2021-01-15,1872,6484,861,2910,1011,3574,0,0,1867,5564,5,377,1868,5941,California
Mendocino,2021-01-16,792,7276,50,2960,742,4316,0,0,790,6352,2,379,790,6731,California
Mendocino,2021-01-17,554,7830,1,2961,553,4869,0,0,553,6904,1,380,553,7284,California
Mendocino,2021-01-18,487,8317,462,3423,25,4894,0,0,476,7369,11,391,476,7760,California
Mendocino,2021-01-19,334,8651,148,3571,186,5080,0,0,158,7351,176,567,158,7918,California
Mendocino,2021-01-20,555,9206,407,3978,148,5228,0,0,449,7697,104,671,450,8368,California
Mendocino,2021-01-21,538,9744,225,4203,313,5541,0,0,352,7864,185,856,352,8720,California
Mendocino,2021-01-22,149,9893,58,4261,91,5632,0,0,110,7935,39,895,110,8830,California
Mendocino,2021-01-23,156,10049,84,4345,72,5704,0,0,150,8079,6,901,150,8980,California
Mendocino,2021-01-24,5,10054,3,4348,2,5706,0,0,5,8084,0,901,5,8985,California
Mendocino,2021-01-25,192,10246,18,4366,174,5880,0,0,122,8136,70,971,122,9107,California
Mendocino,2021-01-26,153,10399,53,4419,100,5980,0,0,94,8171,59,1030,94,9201,California
Mendocino,2021-01-27,441,10840,371,4790,70,6050,0,0,176,8089,258,1288,176,9377,California
Mendocino,2021-01-28,593,11433,529,5319,64,6114,0,0,498,8493,94,1382,498,9875,California
Mendocino,2021-01-29,394,11827,352,5671,42,6156,0,0,365,8830,29,1411,366,10241,California
Mendocino,2021-01-30,50,11877,31,5702,19,6175,0,0,43,8866,7,1418,43,10284,California
Mendocino,2021-01-31,275,12152,2,5704,273,6448,0,0,4,8599,271,1689,4,10288,California
Mendocino,2021-02-01,381,12533,52,5756,329,6777,0,0,59,8336,322,2011,59,10347,California
Mendocino,2021-02-02,737,13270,516,6272,221,6998,0,0,377,8353,360,2371,377,10724,California
Mendocino,2021-02-03,392,13662,207,6479,185,7183,0,0,222,8407,168,2539,222,10946,California
Mendocino,2021-02-04,625,14287,530,7009,95,7278,0,0,500,8782,125,2664,500,11446,California
Mendocino,2021-02-05,1304,15591,1214,8223,90,7368,0,0,584,8648,718,3382,584,12030,California
Mendocino,2021-02-06,558,16149,157,8380,401,7769,0,0,543,9176,15,3397,543,12573,California
Mendocino,2021-02-07,32,16181,28,8408,4,7773,0,0,32,9208,0,3397,32,12605,California
Mendocino,2021-02-08,747,16928,716,9124,31,7804,0,0,284,9029,463,3860,284,12889,California
Mendocino,2021-02-09,141,17069,58,9182,83,7887,0,0,89,9066,52,3912,89,12978,California
Mendocino,2021-02-10,1490,18559,924,10106,566,8453,0,0,743,9069,740,4652,743,13721,California
Mendocino,2021-02-11,1210,19769,208,10314,1002,9455,0,0,299,8457,911,5563,299,14020,California
Mendocino,2021-02-12,1455,21224,163,10477,1292,10747,0,0,656,8315,798,6361,656,14676,California
Mendocino,2021-02-13,502,21726,15,10492,487,11234,0,0,106,8031,395,6756,111,14787,California
Mendocino,2021-02-14,695,22421,3,10495,692,11926,0,0,135,7606,560,7316,135,14922,California
Mendocino,2021-02-15,331,22752,42,10537,289,12215,0,0,176,7627,155,7471,176,15098,California
Mendocino,2021-02-16,201,22953,51,10588,150,12365,0,0,130,7686,71,7542,130,15228,California
Mendocino,2021-02-17,1354,24307,1191,11779,163,12528,0,0,877,8088,475,8017,877,16105,California
Mendocino,2021-02-18,1791,26098,646,12425,1145,13673,0,0,1224,8746,566,8583,1224,17329,California
Mendocino,2021-02-19,756,26854,148,12573,608,14281,0,0,616,9222,140,8723,616,17945,California
Mendocino,2021-02-20,575,27429,549,13122,26,14307,0,0,544,9737,29,8752,544,18489,California
Mendocino,2021-02-21,326,27755,6,13128,320,14627,0,0,314,10040,11,8763,314,18803,California
Mendocino,2021-02-22,161,27916,29,13157,132,14759,0,0,69,10019,90,8853,69,18872,California
Mendocino,2021-02-23,857,28773,843,14000,14,14773,0,0,645,10454,210,9063,645,19517,California
Mendocino,2021-02-24,1848,30621,1766,15766,82,14855,0,0,1436,11485,407,9470,1438,20955,California
Mendocino,2021-02-25,1709,32330,533,16299,1176,16031,0,0,1287,12351,421,9891,1287,22242,California
Mendocino,2021-02-26,1416,33746,748,17047,668,16699,0,0,1050,13038,363,10254,1050,23292,California
Mendocino,2021-02-27,200,33946,151,17198,49,16748,0,0,77,12993,122,10376,77,23369,California
Mendocino,2021-02-28,36,33982,14,17212,22,16770,0,0,24,13005,12,10388,24,23393,California
Mendocino,2021-03-01,589,34571,547,17759,42,16812,0,0,549,13517,37,10425,549,23942,California
Mendocino,2021-03-02,75,34646,27,17786,48,16860,0,0,41,13525,33,10458,41,23983,California
Mendocino,2021-03-03,2034,36680,1333,19119,701,17561,0,0,1384,14261,648,11106,1384,25367,California
Mendocino,2021-03-04,1850,38530,148,19267,1702,19263,0,0,1632,15679,215,11321,1633,27000,California
Mendocino,2021-03-05,475,39005,416,19683,50,19313,9,9,372,15961,99,11420,381,27381,California
Mendocino,2021-03-06,246,39251,23,19706,198,19511,25,34,203,16147,42,11462,228,27609,California
Mendocino,2021-03-07,506,39757,8,19714,478,19989,20,54,118,15897,387,11849,137,27746,California
Mendocino,2021-03-08,123,39880,28,19742,57,20046,38,92,63,15940,58,11907,101,27847,California
Mendocino,2021-03-09,941,40821,601,20343,299,20345,41,133,834,16708,107,12014,875,28722,California
Mendocino,2021-03-10,1147,41968,984,21327,98,20443,65,198,272,16177,871,12885,340,29062,California
Mendocino,2021-03-11,842,42810,626,21953,162,20605,54,252,400,16192,439,13324,454,29516,California
Mendocino,2021-03-12,2063,44873,1051,23004,899,21504,113,365,1232,16713,824,14148,1345,30861,California
Mendocino,2021-03-13,702,45575,570,23574,74,21578,58,423,106,16286,592,14740,165,31026,California
Mendocino,2021-03-14,106,45681,4,23578,95,21673,7,430,12,16215,90,14830,19,31045,California
Mendocino,2021-03-15,599,46280,50,23628,491,22164,58,488,210,16094,388,15218,267,31312,California
Mendocino,2021-03-16,583,46863,386,24014,151,22315,46,534,121,15801,460,15678,167,31479,California
Mendocino,2021-03-17,1583,48446,1379,25393,55,22370,149,683,218,14813,1361,17039,373,31852,California
Mendocino,2021-03-18,1313,49759,248,25641,1027,23397,38,721,284,14113,1021,18060,321,32173,California
Mendocino,2021-03-19,1781,51540,855,26496,865,24262,61,782,333,13065,1444,19504,396,32569,California
Mendocino,2021-03-20,69,51609,10,26506,38,24300,21,803,12,13041,57,19561,33,32602,California
Mendocino,2021-03-21,8,51617,1,26507,2,24302,5,808,3,13044,5,19566,8,32610,California
Mendocino,2021-03-22,657,52274,613,27120,15,24317,29,837,146,12711,507,20073,174,32784,California
Mendocino,2021-03-23,165,52439,33,27153,102,24419,30,867,114,12804,51,20124,144,32928,California
Mendocino,2021-03-24,916,53355,841,27994,28,24447,47,914,113,12163,801,20925,160,33088,California
Mendocino,2021-03-25,2018,55373,52,28046,1946,26393,20,934,176,10521,1836,22761,194,33282,California
Mendocino,2021-03-26,546,55919,395,28441,126,26519,25,959,114,10228,432,23193,139,33421,California
Mendocino,2021-03-27,142,56061,13,28454,117,26636,12,971,80,10258,61,23254,91,33512,California
Mendocino,2021-03-28,25,56086,5,28459,16,26652,4,975,3,10244,21,23275,7,33519,California
Mendocino,2021-03-29,189,56275,100,28559,45,26697,44,1019,95,10289,94,23369,139,33658,California
Mendocino,2021-03-30,719,56994,634,29193,48,26745,37,1056,106,9821,611,23980,143,33801,California
Mendocino,2021-03-31,915,57909,280,29473,574,27319,61,1117,153,9275,760,24740,214,34015,California
Mendocino,2021-04-01,1744,59653,417,29890,1246,28565,81,1198,378,8382,1356,26096,463,34478,California
Mendocino,2021-04-02,1303,60956,1072,30962,158,28723,73,1271,158,7471,1142,27238,231,34709,California
Mendocino,2021-04-03,710,61666,10,30972,679,29402,21,1292,87,6961,619,27857,109,34818,California
Mendocino,2021-04-04,70,61736,34,31006,30,29432,6,1298,54,7005,16,27873,60,34878,California
Mendocino,2021-04-05,211,61947,141,31147,46,29478,24,1322,125,7065,86,27959,146,35024,California
Mendocino,2021-04-06,398,62345,123,31270,180,29658,95,1417,106,6975,292,28251,202,35226,California
Mendocino,2021-04-07,488,62833,178,31448,65,29723,245,1662,115,6965,370,28621,360,35586,California
Mendocino,2021-04-08,1499,64332,920,32368,464,30187,115,1777,1007,7602,486,29107,1123,36709,California
Mendocino,2021-04-09,758,65090,426,32794,171,30358,161,1938,396,7798,361,29468,557,37266,California
Mendocino,2021-04-10,405,65495,91,32885,268,30626,46,1984,99,7637,306,29774,145,37411,California
Mendocino,2021-04-11,122,65617,47,32932,19,30645,56,2040,59,7689,63,29837,115,37526,California
Mendocino,2021-04-12,621,66238,513,33445,48,30693,60,2100,407,7942,214,30051,467,37993,California
Mendocino,2021-04-13,291,66529,227,33672,64,30757,0,2100,222,8095,69,30120,222,38215,California
Mendocino,2021-04-14,520,67049,428,34100,92,30849,0,2100,417,8409,103,30223,417,38632,California
Mendocino,2021-04-15,659,67708,329,34429,330,31179,0,2100,388,8531,266,30489,388,39020,California
Mendocino,2021-04-16,126,67834,53,34482,72,31251,1,2101,78,8562,47,30536,78,39098,California
Mendocino,2021-04-17,196,68030,12,34494,184,31435,0,2101,67,8502,127,30663,67,39165,California
Mendocino,2021-04-18,13,68043,6,34500,7,31442,0,2101,8,8506,4,30667,8,39173,California
Mendocino,2021-04-19,539,68582,515,35015,23,31465,1,2102,427,8823,111,30778,428,39601,California
Mendocino,2021-04-20,419,69001,292,35307,127,31592,0,2102,262,8929,156,30934,262,39863,California
Mendocino,2021-04-21,193,69194,133,35440,59,31651,1,2103,114,8966,77,31011,114,39977,California
Mendocino,2021-04-22,490,69684,314,35754,175,31826,1,2104,318,9115,169,31180,318,40295,California
Mendocino,2021-04-23,846,70530,704,36458,142,31968,0,2104,688,9648,155,31335,688,40983,California
Mendocino,2021-04-24,109,70639,15,36473,94,32062,0,2104,102,9743,7,31342,102,41085,California
Mendocino,2021-04-25,56,70695,32,36505,20,32082,4,2108,18,9727,38,31380,22,41107,California
Mendocino,2021-04-26,303,70998,237,36742,61,32143,5,2113,196,9822,106,31486,201,41308,California
Mendocino,2021-04-27,201,71199,89,36831,85,32228,27,2140,92,9832,108,31594,118,41426,California
Mendocino,2021-04-28,220,71419,148,36979,53,32281,19,2159,125,9882,95,31689,145,41571,California
Mendocino,2021-04-29,1141,72560,844,37823,282,32563,15,2174,105,8969,1033,32722,120,41691,California
Mendocino,2021-04-30,607,73167,385,38208,212,32775,10,2184,228,8829,378,33100,238,41929,California
Mendocino,2021-05-01,472,73639,434,38642,32,32807,6,2190,367,9098,104,33204,373,42302,California
Mendocino,2021-05-02,55,73694,46,38688,6,32813,3,2193,8,9063,46,33250,11,42313,California
Mendocino,2021-05-03,147,73841,86,38774,39,32852,22,2215,43,9026,102,33352,65,42378,California
Mendocino,2021-05-04,378,74219,253,39027,92,32944,33,2248,140,8961,238,33590,173,42551,California
Mendocino,2021-05-05,871,75090,787,39814,69,33013,15,2263,219,8544,651,34241,234,42785,California
Mendocino,2021-05-06,628,75718,381,40195,225,33238,22,2285,151,8242,475,34716,173,42958,California
Mendocino,2021-05-07,179,75897,35,40230,120,33358,24,2309,115,8318,63,34779,139,43097,California
Mendocino,2021-05-08,125,76022,4,40234,120,33478,1,2310,109,8413,15,34794,110,43207,California
Mendocino,2021-05-09,20,76042,5,40239,14,33492,1,2311,3,8400,17,34811,4,43211,California
Mendocino,2021-05-10,244,76286,161,40400,78,33570,5,2316,150,8461,94,34905,155,43366,California
Mendocino,2021-05-11,276,76562,143,40543,116,33686,17,2333,127,8455,149,35054,143,43509,California
Mendocino,2021-05-12,129,76691,79,40622,42,33728,8,2341,37,8410,90,35144,45,43554,California
Mendocino,2021-05-13,1209,77900,1108,41730,85,33813,16,2357,307,7832,901,36045,323,43877,California
Mendocino,2021-05-14,705,78605,485,42215,157,33970,63,2420,237,7670,463,36508,301,44178,California
Mendocino,2021-05-15,85,78690,29,42244,52,34022,4,2424,40,7669,45,36553,44,44222,California
Mendocino,2021-05-16,115,78805,102,42346,11,34033,2,2426,99,7754,16,36569,101,44323,California
Mendocino,2021-05-17,172,78977,83,42429,73,34106,16,2442,97,7792,75,36644,113,44436,California
Mendocino,2021-05-18,243,79220,117,42546,98,34204,28,2470,109,7795,133,36777,136,44572,California
Mendocino,2021-05-19,322,79542,189,42735,112,34316,21,2491,238,7972,82,36859,259,44831,California
Mendocino,2021-05-20,282,79824,109,42844,131,34447,42,2533,100,7935,179,37038,142,44973,California
Mendocino,2021-05-21,598,80422,454,43298,132,34579,12,2545,477,8304,120,37158,489,45462,California
Mendocino,2021-05-22,595,81017,522,43820,65,34644,8,2553,196,8110,398,37556,204,45666,California
Mendocino,2021-05-23,18,81035,11,43831,1,34645,6,2559,10,8119,7,37563,16,45682,California
Mendocino,2021-05-24,120,81155,46,43877,56,34701,18,2577,58,8134,61,37624,76,45758,California
Mendocino,2021-05-25,281,81436,166,44043,89,34790,26,2603,127,8133,154,37778,153,45911,California
Mendocino,2021-05-26,299,81735,228,44271,61,34851,10,2613,116,8077,182,37960,126,46037,California
Mendocino,2021-05-27,215,81950,108,44379,88,34939,19,2632,84,8050,130,38090,103,46140,California
Mendocino,2021-05-28,103,82053,57,44436,42,34981,4,2636,52,8056,50,38140,56,46196,California
Merced,2020-12-16,3,3,3,3,0,0,0,0,3,3,0,0,3,3,California
Merced,2020-12-17,6,9,6,9,0,0,0,0,6,9,0,0,6,9,California
Merced,2020-12-18,143,152,143,152,0,0,0,0,143,152,0,0,143,152,California
Merced,2020-12-19,39,191,39,191,0,0,0,0,39,191,0,0,39,191,California
Merced,2020-12-20,18,209,18,209,0,0,0,0,18,209,0,0,18,209,California
Merced,2020-12-21,125,334,122,331,3,3,0,0,125,334,0,0,125,334,California
Merced,2020-12-22,152,486,152,483,0,3,0,0,152,486,0,0,152,486,California
Merced,2020-12-23,249,735,243,726,6,9,0,0,249,735,0,0,249,735,California
Merced,2020-12-24,72,807,72,798,0,9,0,0,72,807,0,0,72,807,California
Merced,2020-12-25,4,811,4,802,0,9,0,0,4,811,0,0,4,811,California
Merced,2020-12-26,6,817,3,805,3,12,0,0,6,817,0,0,6,817,California
Merced,2020-12-27,12,829,11,816,1,13,0,0,12,829,0,0,12,829,California
Merced,2020-12-28,123,952,98,914,25,38,0,0,123,952,0,0,123,952,California
Merced,2020-12-29,179,1131,123,1037,56,94,0,0,179,1131,0,0,179,1131,California
Merced,2020-12-30,215,1346,89,1126,126,220,0,0,215,1346,0,0,215,1346,California
Merced,2020-12-31,103,1449,34,1160,69,289,0,0,103,1449,0,0,103,1449,California
Merced,2021-01-01,5,1454,1,1161,4,293,0,0,5,1454,0,0,5,1454,California
Merced,2021-01-02,129,1583,118,1279,11,304,0,0,129,1583,0,0,129,1583,California
Merced,2021-01-03,9,1592,5,1284,4,308,0,0,9,1592,0,0,9,1592,California
Merced,2021-01-04,80,1672,42,1326,38,346,0,0,80,1672,0,0,80,1672,California
Merced,2021-01-05,321,1993,232,1558,89,435,0,0,315,1983,6,6,317,1989,California
Merced,2021-01-06,255,2248,105,1663,150,585,0,0,249,2226,6,12,249,2238,California
Merced,2021-01-07,187,2435,83,1746,104,689,0,0,176,2390,12,24,176,2414,California
Merced,2021-01-08,526,2961,392,2138,134,823,0,0,375,2615,150,174,375,2789,California
Merced,2021-01-09,23,2984,10,2148,13,836,0,0,17,2626,6,180,17,2806,California
Merced,2021-01-10,11,2995,7,2155,4,840,0,0,7,2629,4,184,7,2813,California
Merced,2021-01-11,228,3223,169,2324,59,899,0,0,102,2607,126,310,104,2917,California
Merced,2021-01-12,294,3517,171,2495,123,1022,0,0,244,2800,51,361,244,3161,California
Merced,2021-01-13,377,3894,175,2670,202,1224,0,0,225,2876,152,513,228,3389,California
Merced,2021-01-14,323,4217,200,2870,123,1347,0,0,158,2871,164,677,159,3548,California
Merced,2021-01-15,587,4804,131,3001,456,1803,0,0,548,3382,40,717,551,4099,California
Merced,2021-01-16,213,5017,130,3131,83,1886,0,0,196,3561,17,734,196,4295,California
Merced,2021-01-17,50,5067,12,3143,38,1924,0,0,49,3609,1,735,49,4344,California
Merced,2021-01-18,261,5328,126,3269,135,2059,0,0,239,3829,22,757,242,4586,California
Merced,2021-01-19,711,6039,587,3856,124,2183,0,0,540,4202,171,928,544,5130,California
Merced,2021-01-20,572,6611,467,4323,105,2288,0,0,515,4663,57,985,518,5648,California
Merced,2021-01-21,1011,7622,650,4973,361,2649,0,0,911,5477,100,1085,914,6562,California
Merced,2021-01-22,1312,8934,692,5665,620,3269,0,0,1284,6746,27,1112,1296,7858,California
Merced,2021-01-23,324,9258,197,5862,127,3396,0,0,217,6856,107,1219,217,8075,California
Merced,2021-01-24,37,9295,15,5877,22,3418,0,0,28,6876,8,1227,28,8103,California
Merced,2021-01-25,729,10024,241,6118,488,3906,0,0,670,7489,58,1285,671,8774,California
Merced,2021-01-26,917,10941,487,6605,430,4336,0,0,675,7950,215,1500,676,9450,California
Merced,2021-01-27,981,11922,584,7189,397,4733,0,0,813,8597,166,1666,813,10263,California
Merced,2021-01-28,1140,13062,594,7783,546,5279,0,0,1016,9491,123,1789,1017,11280,California
Merced,2021-01-29,851,13913,324,8107,527,5806,0,0,599,9853,240,2029,602,11882,California
Merced,2021-01-30,262,14175,28,8135,234,6040,0,0,245,10081,17,2046,245,12127,California
Merced,2021-01-31,47,14222,11,8146,36,6076,0,0,46,10126,1,2047,46,12173,California
Merced,2021-02-01,376,14598,53,8199,323,6399,0,0,326,10404,49,2096,327,12500,California
Merced,2021-02-02,298,14896,181,8380,117,6516,0,0,176,10462,119,2215,177,12677,California
Merced,2021-02-03,348,15244,72,8452,276,6792,0,0,168,10450,180,2395,168,12845,California
Merced,2021-02-04,371,15615,145,8597,226,7018,0,0,240,10561,130,2525,241,13086,California
Merced,2021-02-05,511,16126,171,8768,340,7358,0,0,270,10593,240,2765,272,13358,California
Merced,2021-02-06,388,16514,218,8986,170,7528,0,0,245,10698,141,2906,246,13604,California
Merced,2021-02-07,21,16535,13,8999,8,7536,0,0,14,10705,7,2913,14,13618,California
Merced,2021-02-08,281,16816,198,9197,83,7619,0,0,171,10768,109,3022,172,13790,California
Merced,2021-02-09,1215,18031,955,10152,260,7879,0,0,772,11106,435,3457,773,14563,California
Merced,2021-02-10,1857,19888,1433,11585,424,8303,0,0,1274,11807,573,4030,1274,15837,California
Merced,2021-02-11,2509,22397,2010,13595,499,8802,0,0,1816,12942,681,4711,1816,17653,California
Merced,2021-02-12,1716,24113,1014,14609,702,9504,0,0,745,12735,954,5665,747,18400,California
Merced,2021-02-13,361,24474,206,14815,155,9659,0,0,262,12904,95,5760,264,18664,California
Merced,2021-02-14,117,24591,26,14841,91,9750,0,0,95,12978,22,5782,96,18760,California
Merced,2021-02-15,273,24864,41,14882,232,9982,0,0,168,13048,99,5881,169,18929,California
Merced,2021-02-16,1216,26080,844,15726,372,10354,0,0,835,13524,363,6244,839,19768,California
Merced,2021-02-17,1880,27960,1635,17361,245,10599,0,0,1310,14287,556,6800,1319,21087,California
Merced,2021-02-18,1213,29173,823,18184,390,10989,0,0,404,13906,788,7588,407,21494,California
Merced,2021-02-19,1266,30439,415,18599,851,11840,0,0,539,13726,721,8309,541,22035,California
Merced,2021-02-20,278,30717,32,18631,246,12086,0,0,140,13730,136,8445,140,22175,California
Merced,2021-02-21,77,30794,62,18693,15,12101,0,0,31,13716,45,8490,31,22206,California
Merced,2021-02-22,832,31626,294,18987,538,12639,0,0,482,13850,348,8838,482,22688,California
Merced,2021-02-23,1084,32710,423,19410,661,13300,0,0,640,14053,438,9276,641,23329,California
Merced,2021-02-24,818,33528,302,19712,516,13816,0,0,446,14137,363,9639,447,23776,California
Merced,2021-02-25,1768,35296,875,20587,893,14709,0,0,1315,15005,450,10089,1318,25094,California
Merced,2021-02-26,2153,37449,1378,21965,775,15484,0,0,1741,16341,406,10495,1742,26836,California
Merced,2021-02-27,2578,40027,1151,23116,1427,16911,0,0,2292,18349,284,10779,2292,29128,California
Merced,2021-02-28,308,40335,73,23189,235,17146,0,0,253,18551,51,10830,253,29381,California
Merced,2021-03-01,1120,41455,280,23469,839,17985,1,1,778,18997,333,11163,779,30160,California
Merced,2021-03-02,1755,43210,910,24379,844,18829,1,2,1364,19980,384,11547,1367,31527,California
Merced,2021-03-03,2227,45437,1731,26110,495,19324,1,3,1468,20710,740,12287,1470,32997,California
Merced,2021-03-04,2896,48333,2276,28386,618,19942,2,5,1922,21679,956,13243,1925,34922,California
Merced,2021-03-05,2068,50401,1193,29579,851,20793,24,29,1528,22706,526,13769,1553,36475,California
Merced,2021-03-06,1166,51567,662,30241,482,21275,22,51,910,23383,255,14024,932,37407,California
Merced,2021-03-07,230,51797,66,30307,139,21414,25,76,201,23580,29,14053,226,37633,California
Merced,2021-03-08,1407,53204,808,31115,534,21948,65,141,1192,24621,215,14268,1256,38889,California
Merced,2021-03-09,1699,54903,1003,32118,589,22537,107,248,1099,25234,594,14862,1207,40096,California
Merced,2021-03-10,2702,57605,1870,33988,632,23169,200,448,1625,26001,1062,15924,1829,41925,California
Merced,2021-03-11,1945,59550,694,34682,1046,24215,205,653,1225,26748,705,16629,1452,43377,California
Merced,2021-03-12,2211,61761,902,35584,1041,25256,268,921,1496,27814,710,17339,1776,45153,California
Merced,2021-03-13,730,62491,310,35894,178,25434,242,1163,423,28181,299,17638,666,45819,California
Merced,2021-03-14,249,62740,136,36030,83,25517,30,1193,149,28262,99,17737,180,45999,California
Merced,2021-03-15,1517,64257,495,36525,767,26284,255,1448,1000,29006,510,18247,1254,47253,California
Merced,2021-03-16,1467,65724,714,37239,527,26811,226,1674,978,29731,478,18725,1203,48456,California
Merced,2021-03-17,1970,67694,1063,38302,728,27539,179,1853,1514,30979,447,19172,1695,50151,California
Merced,2021-03-18,2109,69803,1239,39541,723,28262,147,2000,1394,31832,701,19873,1554,51705,California
Merced,2021-03-19,2668,72471,1455,40996,1020,29282,193,2193,1387,32143,1270,21143,1581,53286,California
Merced,2021-03-20,2443,74914,1514,42510,534,29816,395,2588,958,32019,1481,22624,1357,54643,California
Merced,2021-03-21,557,75471,343,42853,201,30017,13,2601,437,32351,120,22744,452,55095,California
Merced,2021-03-22,1263,76734,630,43483,557,30574,76,2677,886,32945,370,23114,964,56059,California
Merced,2021-03-23,1834,78568,1107,44590,663,31237,64,2741,1352,33884,477,23591,1416,57475,California
Merced,2021-03-24,1467,80035,927,45517,505,31742,35,2776,989,34435,473,24064,1024,58499,California
Merced,2021-03-25,3321,83356,2279,47796,1019,32761,23,2799,2081,35314,1228,25292,2107,60606,California
Merced,2021-03-26,1938,85294,1089,48885,814,33575,35,2834,891,35202,1037,26329,925,61531,California
Merced,2021-03-27,3561,88855,1906,50791,1238,34813,417,3251,1552,35176,1996,28325,1970,63501,California
Merced,2021-03-28,521,89376,215,51006,298,35111,8,3259,215,35095,304,28629,223,63724,California
Merced,2021-03-29,1828,91204,780,51786,881,35992,167,3426,670,34786,1150,29779,841,64565,California
Merced,2021-03-30,2150,93354,803,52589,1288,37280,59,3485,991,34685,1153,30932,1052,65617,California
Merced,2021-03-31,2142,95496,1409,53998,695,37975,38,3523,954,34505,1173,32105,993,66610,California
Merced,2021-04-01,2215,97711,1024,55022,1065,39040,126,3649,1006,34436,1203,33308,1134,67744,California
Merced,2021-04-02,2341,100052,640,55662,1296,40336,405,4054,786,34090,1538,34846,1192,68936,California
Merced,2021-04-03,913,100965,434,56096,464,40800,15,4069,503,34204,406,35252,520,69456,California
Merced,2021-04-04,371,101336,143,56239,224,41024,4,4073,142,34124,228,35480,148,69604,California
Merced,2021-04-05,1271,102607,606,56845,453,41477,212,4285,419,33909,845,36325,630,70234,California
Merced,2021-04-06,2426,105033,898,57743,700,42177,828,5113,891,34097,1530,37855,1718,71952,California
Merced,2021-04-07,1657,106690,888,58631,662,42839,107,5220,586,33738,1054,38909,695,72647,California
Merced,2021-04-08,2307,108997,1180,59811,912,43751,215,5435,822,33319,1454,40363,1035,73682,California
Merced,2021-04-09,1692,110689,471,60282,645,44396,576,6011,565,33352,1111,41474,1144,74826,California
Merced,2021-04-10,698,111387,364,60646,146,44542,188,6199,176,33198,516,41990,362,75188,California
Merced,2021-04-11,488,111875,281,60927,72,44614,135,6334,147,33142,339,42329,283,75471,California
Merced,2021-04-12,1453,113328,944,61871,387,45001,122,6456,827,33501,590,42919,949,76420,California
Merced,2021-04-13,2039,115367,1460,63331,576,45577,3,6459,935,33430,1013,43932,942,77362,California
Merced,2021-04-14,2048,117415,1214,64545,834,46411,0,6459,901,33318,1015,44947,903,78265,California
Merced,2021-04-15,3021,120436,1980,66525,1041,47452,0,6459,957,32445,1835,46782,962,79227,California
Merced,2021-04-16,2381,122817,1165,67690,1216,48668,0,6459,971,32105,1311,48093,971,80198,California
Merced,2021-04-17,1851,124668,1196,68886,654,49322,1,6460,541,31346,1302,49395,543,80741,California
Merced,2021-04-18,469,125137,247,69133,222,49544,0,6460,191,31286,251,49646,191,80932,California
Merced,2021-04-19,1338,126475,752,69885,586,50130,0,6460,708,31460,535,50181,709,81641,California
Merced,2021-04-20,1469,127944,737,70622,732,50862,0,6460,800,31661,599,50780,800,82441,California
Merced,2021-04-21,1479,129423,891,71513,588,51450,0,6460,753,31799,615,51395,753,83194,California
Merced,2021-04-22,1611,131034,741,72254,870,52320,0,6460,779,31828,751,52146,780,83974,California
Merced,2021-04-23,1647,132681,684,72938,963,53283,0,6460,889,32006,712,52858,890,84864,California
Merced,2021-04-24,573,133254,404,73342,169,53452,0,6460,391,32219,178,53036,391,85255,California
Merced,2021-04-25,327,133581,187,73529,140,53592,0,6460,193,32281,131,53167,193,85448,California
Merced,2021-04-26,1191,134772,523,74052,668,54260,0,6460,620,32365,538,53705,622,86070,California
Merced,2021-04-27,1742,136514,882,74934,850,55110,10,6470,696,32093,979,54684,707,86777,California
Merced,2021-04-28,1372,137886,681,75615,682,55792,9,6479,784,32321,566,55250,794,87571,California
Merced,2021-04-29,1406,139292,600,76215,781,56573,25,6504,652,32256,744,55994,679,88250,California
Merced,2021-04-30,1452,140744,613,76828,795,57368,44,6548,746,32345,702,56696,791,89041,California
Merced,2021-05-01,556,141300,241,77069,310,57678,5,6553,258,32312,295,56991,262,89303,California
Merced,2021-05-02,293,141593,118,77187,160,57838,15,6568,129,32294,163,57154,145,89448,California
Merced,2021-05-03,840,142433,546,77733,223,58061,71,6639,299,32126,539,57693,371,89819,California
Merced,2021-05-04,1014,143447,541,78274,421,58482,52,6691,372,31912,638,58331,424,90243,California
Merced,2021-05-05,1208,144655,715,78989,417,58899,76,6767,532,31854,666,58997,608,90851,California
Merced,2021-05-06,904,145559,471,79460,384,59283,49,6816,303,31612,594,59591,352,91203,California
Merced,2021-05-07,927,146486,290,79750,595,59878,42,6858,393,31519,530,60121,437,91640,California
Merced,2021-05-08,396,146882,201,79951,159,60037,36,6894,180,31520,215,60336,216,91856,California
Merced,2021-05-09,213,147095,107,80058,99,60136,7,6901,102,31519,110,60446,109,91965,California
Merced,2021-05-10,690,147785,353,80411,301,60437,36,6937,189,31244,500,60946,225,92190,California
Merced,2021-05-11,1106,148891,651,81062,402,60839,53,6990,424,31045,676,61622,477,92667,California
Merced,2021-05-12,984,149875,525,81587,420,61259,39,7029,312,30727,669,62291,351,93018,California
Merced,2021-05-13,799,150674,399,81986,358,61617,42,7071,296,30566,500,62791,339,93357,California
Merced,2021-05-14,1004,151678,616,82602,348,61965,40,7111,524,30658,472,63263,564,93921,California
Merced,2021-05-15,747,152425,565,83167,163,62128,19,7130,442,30822,298,63561,462,94383,California
Merced,2021-05-16,346,152771,231,83398,107,62235,8,7138,199,30886,144,63705,208,94591,California
Merced,2021-05-17,1047,153818,667,84065,351,62586,29,7167,505,30883,538,64243,535,95126,California
Merced,2021-05-18,1264,155082,845,84910,388,62974,31,7198,720,31097,537,64780,751,95877,California
Merced,2021-05-19,1085,156167,737,85647,341,63315,7,7205,608,31243,473,65253,619,96496,California
Merced,2021-05-20,906,157073,466,86113,385,63700,55,7260,339,31072,565,65818,394,96890,California
Merced,2021-05-21,1051,158124,599,86712,426,64126,26,7286,426,30908,616,66434,452,97342,California
Merced,2021-05-22,592,158716,409,87121,171,64297,12,7298,342,31014,248,66682,354,97696,California
Merced,2021-05-23,271,158987,200,87321,60,64357,11,7309,194,31142,77,66759,205,97901,California
Merced,2021-05-24,510,159497,224,87545,255,64612,31,7340,207,31080,300,67059,238,98139,California
Merced,2021-05-25,748,160245,419,87964,296,64908,33,7373,400,31169,344,67403,433,98572,California
Merced,2021-05-26,808,161053,489,88453,290,65198,29,7402,301,30993,506,67909,330,98902,California
Merced,2021-05-27,831,161884,596,89049,207,65405,28,7430,536,31266,291,68200,564,99466,California
Merced,2021-05-28,346,162230,115,89164,216,65621,15,7445,133,31205,209,68409,148,99614,California
Modoc,2020-12-16,1,1,1,1,0,0,0,0,1,1,0,0,1,1,California
Modoc,2020-12-21,99,100,99,100,0,0,0,0,99,100,0,0,99,100,California
Modoc,2020-12-22,14,114,14,114,0,0,0,0,14,114,0,0,14,114,California
Modoc,2020-12-23,4,118,4,118,0,0,0,0,4,118,0,0,4,118,California
Modoc,2020-12-24,1,119,1,119,0,0,0,0,1,119,0,0,1,119,California
Modoc,2020-12-28,2,121,2,121,0,0,0,0,2,121,0,0,2,121,California
Modoc,2020-12-29,10,131,1,122,9,9,0,0,10,131,0,0,10,131,California
Modoc,2020-12-30,7,138,0,122,7,16,0,0,7,138,0,0,7,138,California
Modoc,2021-01-02,3,141,1,123,2,18,0,0,3,141,0,0,3,141,California
Modoc,2021-01-04,8,149,0,123,8,26,0,0,8,149,0,0,8,149,California
Modoc,2021-01-05,3,152,2,125,1,27,0,0,3,152,0,0,3,152,California
Modoc,2021-01-06,3,155,2,127,1,28,0,0,2,153,1,1,2,154,California
Modoc,2021-01-07,72,227,0,127,72,100,0,0,72,225,0,1,72,226,California
Modoc,2021-01-08,105,332,0,127,105,205,0,0,105,330,0,1,105,331,California
Modoc,2021-01-10,1,333,1,128,0,205,0,0,0,329,1,2,0,331,California
Modoc,2021-01-11,90,423,81,209,9,214,0,0,19,277,71,73,19,350,California
Modoc,2021-01-12,94,517,25,234,69,283,0,0,68,319,26,99,68,418,California
Modoc,2021-01-13,24,541,4,238,20,303,0,0,22,339,2,101,22,440,California
Modoc,2021-01-14,129,670,6,244,123,426,0,0,124,458,5,106,124,564,California
Modoc,2021-01-15,6,676,1,245,5,431,0,0,6,464,0,106,6,570,California
Modoc,2021-01-16,1,677,1,246,0,431,0,0,1,465,0,106,1,571,California
Modoc,2021-01-18,1,678,1,247,0,431,0,0,1,466,0,106,1,572,California
Modoc,2021-01-19,5,683,3,250,2,433,0,0,3,467,2,108,3,575,California
Modoc,2021-01-20,11,694,1,251,10,443,0,0,11,478,0,108,11,586,California
Modoc,2021-01-21,157,851,2,253,155,598,0,0,157,635,0,108,157,743,California
Modoc,2021-01-22,2,853,0,253,2,600,0,0,2,637,0,108,2,745,California
Modoc,2021-01-25,11,864,0,253,11,611,0,0,11,648,0,108,11,756,California
Modoc,2021-01-26,65,929,1,254,64,675,0,0,65,713,0,108,65,821,California
Modoc,2021-01-27,41,970,2,256,39,714,0,0,25,722,16,124,25,846,California
Modoc,2021-01-28,146,1116,2,258,144,858,0,0,145,866,1,125,145,991,California
Modoc,2021-01-29,3,1119,1,259,2,860,0,0,3,869,0,125,3,994,California
Modoc,2021-02-01,26,1145,13,272,13,873,0,0,12,867,14,139,12,1006,California
Modoc,2021-02-02,170,1315,2,274,168,1041,0,0,167,1031,3,142,167,1173,California
Modoc,2021-02-03,18,1333,13,287,5,1046,0,0,11,1035,7,149,11,1184,California
Modoc,2021-02-04,154,1487,3,290,151,1197,0,0,26,933,128,277,26,1210,California
Modoc,2021-02-05,3,1490,2,292,1,1198,0,0,2,934,1,278,2,1212,California
Modoc,2021-02-08,9,1499,2,294,7,1205,0,0,8,941,1,279,8,1220,California
Modoc,2021-02-09,197,1696,13,307,184,1389,0,0,65,874,132,411,65,1285,California
Modoc,2021-02-10,5,1701,2,309,3,1392,0,0,4,877,1,412,4,1289,California
Modoc,2021-02-11,201,1902,3,312,198,1590,0,0,83,842,118,530,83,1372,California
Modoc,2021-02-12,4,1906,0,312,4,1594,0,0,2,842,2,532,2,1374,California
Modoc,2021-02-13,1,1907,0,312,1,1595,0,0,1,843,0,532,1,1375,California
Modoc,2021-02-16,147,2054,6,318,141,1736,0,0,143,982,4,536,143,1518,California
Modoc,2021-02-17,24,2078,1,319,23,1759,0,0,12,982,12,548,12,1530,California
Modoc,2021-02-18,188,2266,2,321,186,1945,0,0,25,846,162,710,26,1556,California
Modoc,2021-02-19,4,2270,4,325,0,1945,0,0,3,848,1,711,3,1559,California
Modoc,2021-02-20,1,2271,1,326,0,1945,0,0,0,847,1,712,0,1559,California
Modoc,2021-02-22,17,2288,9,335,8,1953,0,0,3,836,14,726,3,1562,California
Modoc,2021-02-23,20,2308,2,337,18,1971,0,0,1,818,19,745,1,1563,California
Modoc,2021-02-24,91,2399,1,338,90,2061,0,0,31,789,60,805,31,1594,California
Modoc,2021-02-25,169,2568,0,338,169,2230,0,0,12,644,157,962,12,1606,California
Modoc,2021-02-26,3,2571,0,338,3,2233,0,0,1,643,2,964,1,1607,California
Modoc,2021-02-27,3,2574,3,341,0,2233,0,0,2,644,1,965,2,1609,California
Modoc,2021-03-01,5,2579,0,341,5,2238,0,0,0,640,4,969,0,1609,California
Modoc,2021-03-02,193,2772,12,353,181,2419,0,0,26,499,167,1136,26,1635,California
Modoc,2021-03-03,12,2784,6,359,6,2425,0,0,2,491,10,1146,2,1637,California
Modoc,2021-03-04,174,2958,2,361,172,2597,0,0,147,611,27,1173,147,1784,California
Modoc,2021-03-05,4,2962,3,364,1,2598,0,0,2,611,2,1175,2,1786,California
Modoc,2021-03-06,11,2973,0,364,1,2599,10,10,1,612,10,1185,11,1797,California
Modoc,2021-03-07,8,2981,2,366,0,2599,6,16,2,614,6,1191,8,1805,California
Modoc,2021-03-08,8,2989,1,367,3,2602,4,20,1,613,6,1197,5,1810,California
Modoc,2021-03-09,126,3115,10,377,108,2710,8,28,61,617,65,1262,69,1879,California
Modoc,2021-03-10,9,3124,3,380,2,2712,4,32,4,620,5,1267,8,1887,California
Modoc,2021-03-11,207,3331,0,380,99,2811,108,140,22,565,185,1452,130,2017,California
Modoc,2021-03-12,11,3342,2,382,4,2815,5,145,4,567,7,1459,9,2026,California
Modoc,2021-03-13,4,3346,0,382,1,2816,3,148,1,568,3,1462,4,2030,California
Modoc,2021-03-15,12,3358,1,383,10,2826,1,149,10,577,2,1464,11,2041,California
Modoc,2021-03-16,173,3531,1,384,168,2994,4,153,42,491,131,1595,45,2086,California
Modoc,2021-03-17,10,3541,1,385,4,2998,5,158,2,490,8,1603,7,2093,California
Modoc,2021-03-18,68,3609,2,387,59,3057,7,165,36,501,32,1635,43,2136,California
Modoc,2021-03-19,5,3614,0,387,0,3057,5,170,0,501,5,1640,5,2141,California
Modoc,2021-03-20,5,3619,2,389,0,3057,3,173,0,499,5,1645,3,2144,California
Modoc,2021-03-21,4,3623,1,390,1,3058,2,175,2,501,2,1647,4,2148,California
Modoc,2021-03-22,17,3640,1,391,11,3069,5,180,12,513,5,1652,17,2165,California
Modoc,2021-03-23,37,3677,7,398,27,3096,3,183,28,535,9,1661,31,2196,California
Modoc,2021-03-24,29,3706,1,399,18,3114,10,193,1,518,28,1689,11,2207,California
Modoc,2021-03-25,77,3783,1,400,74,3188,2,195,45,533,32,1721,47,2254,California
Modoc,2021-03-26,7,3790,2,402,2,3190,3,198,2,533,5,1726,5,2259,California
Modoc,2021-03-27,2,3792,0,402,1,3191,1,199,1,534,1,1727,2,2261,California
Modoc,2021-03-28,2,3794,1,403,0,3191,1,200,0,533,2,1729,1,2262,California
Modoc,2021-03-29,14,3808,1,404,5,3196,8,208,5,537,9,1738,13,2275,California
Modoc,2021-03-30,55,3863,10,414,38,3234,7,215,21,531,34,1772,28,2303,California
Modoc,2021-03-31,9,3872,3,417,2,3236,4,219,3,532,6,1778,7,2310,California
Modoc,2021-04-01,167,4039,2,419,160,3396,5,224,32,434,135,1913,37,2347,California
Modoc,2021-04-02,5,4044,0,419,2,3398,3,227,1,435,3,1916,4,2351,California
Modoc,2021-04-03,5,4049,2,421,0,3398,3,230,2,437,2,1918,4,2355,California
Modoc,2021-04-05,9,4058,0,421,9,3407,0,230,9,446,0,1918,9,2364,California
Modoc,2021-04-06,24,4082,5,426,9,3416,10,240,6,444,18,1936,16,2380,California
Modoc,2021-04-07,12,4094,1,427,4,3420,7,247,3,445,9,1945,10,2390,California
Modoc,2021-04-08,96,4190,1,428,92,3512,3,250,26,404,70,2015,29,2419,California
Modoc,2021-04-09,11,4201,2,430,6,3518,3,253,2,399,9,2024,4,2423,California
Modoc,2021-04-10,5,4206,0,430,1,3519,4,257,0,398,5,2029,4,2427,California
Modoc,2021-04-11,2,4208,2,432,0,3519,0,257,1,398,1,2030,1,2428,California
Modoc,2021-04-12,14,4222,0,432,10,3529,4,261,1,392,11,2041,5,2433,California
Modoc,2021-04-13,30,4252,29,461,1,3530,0,261,21,404,9,2050,21,2454,California
Modoc,2021-04-14,2,4254,2,463,0,3530,0,261,1,404,1,2051,1,2455,California
Modoc,2021-04-15,100,4354,0,463,100,3630,0,261,27,358,73,2124,27,2482,California
Modoc,2021-04-16,4,4358,4,467,0,3630,0,261,3,360,1,2125,3,2485,California
Modoc,2021-04-17,2,4360,2,469,0,3630,0,261,2,362,0,2125,2,2487,California
Modoc,2021-04-18,1,4361,0,469,1,3631,0,261,1,363,0,2125,1,2488,California
Modoc,2021-04-19,6,4367,0,469,6,3637,0,261,1,359,5,2130,1,2489,California
Modoc,2021-04-20,26,4393,2,471,24,3661,0,261,8,349,18,2148,8,2497,California
Modoc,2021-04-21,4,4397,4,475,0,3661,0,261,1,347,3,2151,1,2498,California
Modoc,2021-04-22,97,4494,3,478,94,3755,0,261,40,330,57,2208,40,2538,California
Modoc,2021-04-23,4,4498,0,478,4,3759,0,261,3,332,1,2209,3,2541,California
Modoc,2021-04-24,3,4501,1,479,1,3760,1,262,2,334,1,2210,3,2544,California
Modoc,2021-04-25,1,4502,1,480,0,3760,0,262,1,335,0,2210,1,2545,California
Modoc,2021-04-26,8,4510,1,481,7,3767,0,262,3,333,5,2215,3,2548,California
Modoc,2021-04-27,6,4516,4,485,1,3768,1,263,1,330,5,2220,2,2550,California
Modoc,2021-04-28,6,4522,1,486,4,3772,1,264,2,329,4,2224,3,2553,California
Modoc,2021-04-29,66,4588,2,488,64,3836,0,264,24,311,42,2266,24,2577,California
Modoc,2021-04-30,5,4593,4,492,1,3837,0,264,3,312,2,2268,3,2580,California
Modoc,2021-05-01,1,4594,1,493,0,3837,0,264,0,311,1,2269,0,2580,California
Modoc,2021-05-02,4,4598,3,496,1,3838,0,264,3,313,1,2270,3,2583,California
Modoc,2021-05-03,10,4608,0,496,9,3847,1,265,0,304,10,2280,1,2584,California
Modoc,2021-05-04,11,4619,3,499,6,3853,2,267,5,305,6,2286,7,2591,California
Modoc,2021-05-05,27,4646,24,523,2,3855,1,268,8,295,19,2305,9,2600,California
Modoc,2021-05-06,54,4700,3,526,49,3904,2,270,21,285,33,2338,23,2623,California
Modoc,2021-05-07,8,4708,3,529,3,3907,2,272,2,283,6,2344,4,2627,California
Modoc,2021-05-08,3,4711,2,531,0,3907,1,273,1,283,2,2346,2,2629,California
Modoc,2021-05-09,2,4713,2,533,0,3907,0,273,1,283,1,2347,1,2630,California
Modoc,2021-05-10,2,4715,0,533,1,3908,1,274,1,284,1,2348,2,2632,California
Modoc,2021-05-11,3,4718,2,535,0,3908,1,275,0,282,3,2351,1,2633,California
Modoc,2021-05-12,2,4720,0,535,0,3908,2,277,0,282,2,2353,2,2635,California
Modoc,2021-05-13,43,4763,1,536,38,3946,4,281,14,271,29,2382,18,2653,California
Modoc,2021-05-14,10,4773,4,540,1,3947,5,286,4,274,6,2388,9,2662,California
Modoc,2021-05-15,4,4777,3,543,1,3948,0,286,4,278,0,2388,4,2666,California
Modoc,2021-05-16,3,4780,2,545,1,3949,0,286,0,275,3,2391,0,2666,California
Modoc,2021-05-17,5,4785,3,548,2,3951,0,286,4,278,1,2392,4,2670,California
Modoc,2021-05-18,22,4807,11,559,9,3960,2,288,13,284,9,2401,15,2685,California
Modoc,2021-05-19,9,4816,2,561,3,3963,4,292,5,289,4,2405,9,2694,California
Modoc,2021-05-20,58,4874,2,563,47,4010,9,301,7,254,51,2456,16,2710,California
Modoc,2021-05-21,8,4882,6,569,1,4011,1,302,1,249,7,2463,2,2712,California
Modoc,2021-05-22,1,4883,1,570,0,4011,0,302,0,248,1,2464,0,2712,California
Modoc,2021-05-23,2,4885,2,572,0,4011,0,302,0,246,2,2466,0,2712,California
Modoc,2021-05-24,3,4888,1,573,0,4011,2,304,1,247,2,2468,3,2715,California
Modoc,2021-05-25,3,4891,1,574,2,4013,0,304,1,246,2,2470,1,2716,California
Modoc,2021-05-26,32,4923,29,603,3,4016,0,304,22,259,10,2480,23,2739,California
Modoc,2021-05-27,30,4953,2,605,23,4039,5,309,7,248,23,2503,12,2751,California
Modoc,2021-05-28,1,4954,1,606,0,4039,0,309,0,247,1,2504,0,2751,California
Mono,2020-12-18,1,1,1,1,0,0,0,0,1,1,0,0,1,1,California
Mono,2020-12-19,5,6,5,6,0,0,0,0,5,6,0,0,5,6,California
Mono,2020-12-20,7,13,7,13,0,0,0,0,7,13,0,0,7,13,California
Mono,2020-12-21,24,37,17,30,7,7,0,0,24,37,0,0,24,37,California
Mono,2020-12-22,66,103,65,95,1,8,0,0,66,103,0,0,66,103,California
Mono,2020-12-23,70,173,42,137,28,36,0,0,70,173,0,0,70,173,California
Mono,2020-12-24,3,176,1,138,2,38,0,0,3,176,0,0,3,176,California
Mono,2020-12-26,3,179,3,141,0,38,0,0,3,179,0,0,3,179,California
Mono,2020-12-27,1,180,0,141,1,39,0,0,1,180,0,0,1,180,California
Mono,2020-12-28,94,274,63,204,31,70,0,0,94,274,0,0,94,274,California
Mono,2020-12-29,29,303,29,233,0,70,0,0,29,303,0,0,29,303,California
Mono,2020-12-30,77,380,36,269,41,111,0,0,77,380,0,0,77,380,California
Mono,2020-12-31,4,384,1,270,3,114,0,0,4,384,0,0,4,384,California
Mono,2021-01-01,4,388,4,274,0,114,0,0,4,388,0,0,4,388,California
Mono,2021-01-02,2,390,2,276,0,114,0,0,2,390,0,0,2,390,California
Mono,2021-01-04,2,392,0,276,2,116,0,0,2,392,0,0,2,392,California
Mono,2021-01-05,45,437,2,278,43,159,0,0,44,435,1,1,44,436,California
Mono,2021-01-06,44,481,0,278,44,203,0,0,44,479,0,1,44,480,California
Mono,2021-01-07,55,536,3,281,52,255,0,0,54,532,1,2,54,534,California
Mono,2021-01-08,2,538,1,282,1,256,0,0,1,532,1,3,1,535,California
Mono,2021-01-09,4,542,4,286,0,256,0,0,0,528,4,7,0,535,California
Mono,2021-01-10,5,547,5,291,0,256,0,0,0,523,5,12,0,535,California
Mono,2021-01-11,8,555,5,296,3,259,0,0,4,523,4,16,4,539,California
Mono,2021-01-12,283,838,75,371,208,467,0,0,219,679,63,79,219,758,California
Mono,2021-01-13,233,1071,73,444,160,627,0,0,178,802,55,134,178,936,California
Mono,2021-01-14,73,1144,71,515,2,629,0,0,73,875,0,134,73,1009,California
Mono,2021-01-15,62,1206,2,517,60,689,0,0,62,937,0,134,62,1071,California
Mono,2021-01-16,4,1210,3,520,1,690,0,0,1,935,3,137,1,1072,California
Mono,2021-01-18,64,1274,55,575,9,699,0,0,2,875,62,199,2,1074,California
Mono,2021-01-19,210,1484,208,783,2,701,0,0,172,1010,38,237,173,1247,California
Mono,2021-01-20,230,1714,198,981,32,733,0,0,169,1118,61,298,169,1416,California
Mono,2021-01-21,3,1717,3,984,0,733,0,0,3,1121,0,298,3,1419,California
Mono,2021-01-22,4,1721,0,984,4,737,0,0,4,1125,0,298,4,1423,California
Mono,2021-01-23,594,2315,594,1578,0,737,0,0,593,1717,1,299,593,2016,California
Mono,2021-01-24,1,2316,0,1578,1,738,0,0,0,1716,1,300,0,2016,California
Mono,2021-01-25,201,2517,163,1741,38,776,0,0,162,1839,39,339,162,2178,California
Mono,2021-01-26,505,3022,503,2244,2,778,0,0,499,2332,6,345,499,2677,California
Mono,2021-01-27,5,3027,1,2245,4,782,0,0,5,2337,0,345,5,2682,California
Mono,2021-01-28,6,3033,2,2247,4,786,0,0,2,2335,4,349,2,2684,California
Mono,2021-01-30,200,3233,198,2445,2,788,0,0,199,2533,1,350,199,2883,California
Mono,2021-01-31,242,3475,137,2582,105,893,0,0,138,2567,104,454,138,3021,California
Mono,2021-02-01,27,3502,27,2609,0,893,0,0,0,2540,27,481,0,3021,California
Mono,2021-02-02,5,3507,0,2609,5,898,0,0,2,2539,3,484,2,3023,California
Mono,2021-02-03,4,3511,2,2611,2,900,0,0,2,2539,2,486,2,3025,California
Mono,2021-02-04,211,3722,158,2769,53,953,0,0,90,2508,121,607,90,3115,California
Mono,2021-02-05,617,4339,611,3380,6,959,0,0,614,3119,3,610,614,3729,California
Mono,2021-02-06,138,4477,137,3517,1,960,0,0,137,3255,1,611,137,3866,California
Mono,2021-02-07,2,4479,0,3517,2,962,0,0,2,3257,0,611,2,3868,California
Mono,2021-02-08,172,4651,172,3689,0,962,0,0,15,3116,156,767,15,3883,California
Mono,2021-02-09,226,4877,6,3695,220,1182,0,0,13,2916,213,980,13,3896,California
Mono,2021-02-10,536,5413,186,3881,350,1532,0,0,193,2767,343,1323,194,4090,California
Mono,2021-02-11,7,5420,4,3885,3,1535,0,0,2,2764,5,1328,2,4092,California
Mono,2021-02-12,84,5504,20,3905,64,1599,0,0,26,2732,58,1386,26,4118,California
Mono,2021-02-13,585,6089,585,4490,0,1599,0,0,25,2198,559,1945,25,4143,California
Mono,2021-02-15,165,6254,163,4653,2,1601,0,0,3,2041,160,2105,3,4146,California
Mono,2021-02-16,517,6771,514,5167,3,1604,0,0,45,1617,469,2574,45,4191,California
Mono,2021-02-17,7,6778,2,5169,5,1609,0,0,2,1614,5,2579,2,4193,California
Mono,2021-02-18,3,6781,2,5171,1,1610,0,0,2,1615,1,2580,2,4195,California
Mono,2021-02-19,54,6835,53,5224,1,1611,0,0,54,1669,0,2580,54,4249,California
Mono,2021-02-20,4,6839,4,5228,0,1611,0,0,4,1673,0,2580,4,4253,California
Mono,2021-02-21,6,6845,6,5234,0,1611,0,0,4,1675,2,2582,4,4257,California
Mono,2021-02-22,283,7128,282,5516,1,1612,0,0,24,1441,258,2840,24,4281,California
Mono,2021-02-23,137,7265,117,5633,20,1632,0,0,22,1348,115,2955,22,4303,California
Mono,2021-02-24,10,7275,3,5636,7,1639,0,0,4,1346,6,2961,4,4307,California
Mono,2021-02-25,5,7280,2,5638,3,1642,0,0,3,1348,1,2962,3,4310,California
Mono,2021-02-26,598,7878,596,6234,2,1644,0,0,21,793,576,3538,21,4331,California
Mono,2021-02-27,141,8019,137,6371,4,1648,0,0,4,662,135,3673,4,4335,California
Mono,2021-03-01,2,8021,2,6373,0,1648,0,0,1,663,0,3673,1,4336,California
Mono,2021-03-02,6,8027,4,6377,2,1650,0,0,4,665,2,3675,4,4340,California
Mono,2021-03-03,112,8139,2,6379,110,1760,0,0,109,772,2,3677,109,4449,California
Mono,2021-03-04,5,8144,1,6380,4,1764,0,0,3,773,2,3679,3,4452,California
Mono,2021-03-05,37,8181,27,6407,10,1774,0,0,14,764,23,3702,14,4466,California
Mono,2021-03-06,507,8688,17,6424,490,2264,0,0,499,1258,6,3708,500,4966,California
Mono,2021-03-07,1,8689,0,6424,1,2265,0,0,0,1257,1,3709,0,4966,California
Mono,2021-03-08,536,9225,11,6435,522,2787,3,3,527,1778,9,3718,530,5496,California
Mono,2021-03-09,6,9231,2,6437,3,2790,1,4,3,1780,2,3720,4,5500,California
Mono,2021-03-10,286,9517,90,6527,193,2983,3,7,9,1518,274,3994,12,5512,California
Mono,2021-03-11,10,9527,0,6527,1,2984,9,16,0,1517,10,4004,9,5521,California
Mono,2021-03-12,7,9534,1,6528,1,2985,5,21,0,1515,7,4011,5,5526,California
Mono,2021-03-13,823,10357,386,6914,437,3422,0,21,815,2322,8,4019,815,6341,California
Mono,2021-03-14,4,10361,4,6918,0,3422,0,21,0,2318,4,4023,0,6341,California
Mono,2021-03-15,31,10392,23,6941,3,3425,5,26,14,2321,16,4039,19,6360,California
Mono,2021-03-16,16,10408,6,6947,4,3429,6,32,8,2327,8,4047,14,6374,California
Mono,2021-03-17,33,10441,5,6952,20,3449,8,40,21,2344,12,4059,29,6403,California
Mono,2021-03-18,21,10462,2,6954,11,3460,8,48,9,2349,12,4071,17,6420,California
Mono,2021-03-19,21,10483,1,6955,17,3477,3,51,17,2366,3,4074,20,6440,California
Mono,2021-03-20,5,10488,3,6958,1,3478,1,52,4,2370,1,4075,5,6445,California
Mono,2021-03-21,1,10489,1,6959,0,3478,0,52,1,2371,0,4075,1,6446,California
Mono,2021-03-22,11,10500,0,6959,6,3484,5,57,5,2375,6,4081,10,6456,California
Mono,2021-03-23,43,10543,6,6965,32,3516,5,62,17,2371,26,4107,22,6478,California
Mono,2021-03-24,13,10556,1,6966,7,3523,5,67,5,2373,8,4115,10,6488,California
Mono,2021-03-25,19,10575,3,6969,12,3535,4,71,12,2382,7,4122,16,6504,California
Mono,2021-03-26,19,10594,3,6972,11,3546,5,76,10,2389,8,4130,15,6519,California
Mono,2021-03-27,356,10950,353,7325,3,3549,0,76,329,2691,27,4157,329,6848,California
Mono,2021-03-29,10,10960,3,7328,6,3555,1,77,8,2698,2,4159,9,6857,California
Mono,2021-03-30,12,10972,0,7328,8,3563,4,81,7,2704,5,4164,11,6868,California
Mono,2021-03-31,132,11104,7,7335,124,3687,1,82,22,2618,109,4273,23,6891,California
Mono,2021-04-01,8,11112,0,7335,7,3694,1,83,3,2617,5,4278,4,6895,California
Mono,2021-04-02,18,11130,2,7337,16,3710,0,83,7,2613,11,4289,7,6902,California
Mono,2021-04-03,867,11997,372,7709,495,4205,0,83,50,1848,815,5104,50,6952,California
Mono,2021-04-05,533,12530,18,7727,514,4719,1,84,34,1387,498,5602,37,6989,California
Mono,2021-04-06,19,12549,1,7728,5,4724,13,97,1,1383,18,5620,14,7003,California
Mono,2021-04-07,26,12575,3,7731,3,4727,20,117,4,1385,22,5642,24,7027,California
Mono,2021-04-08,22,12597,3,7734,2,4729,17,134,4,1388,18,5660,21,7048,California
Mono,2021-04-09,37,12634,4,7738,4,4733,29,163,7,1394,30,5690,36,7084,California
Mono,2021-04-10,451,13085,2,7740,442,5175,7,170,30,1013,421,6111,40,7124,California
Mono,2021-04-11,1,13086,1,7741,0,5175,0,170,0,1012,1,6112,0,7124,California
Mono,2021-04-12,6,13092,0,7741,3,5178,3,173,3,1015,3,6115,6,7130,California
Mono,2021-04-13,20,13112,2,7743,17,5195,1,174,14,1024,6,6121,15,7145,California
Mono,2021-04-14,25,13137,1,7744,24,5219,0,174,7,1013,18,6139,7,7152,California
Mono,2021-04-15,18,13155,3,7747,15,5234,0,174,9,1013,9,6148,9,7161,California
Mono,2021-04-16,17,13172,1,7748,16,5250,0,174,6,1008,11,6159,6,7167,California
Mono,2021-04-17,51,13223,2,7750,49,5299,0,174,44,1045,7,6166,44,7211,California
Mono,2021-04-18,1,13224,0,7750,1,5300,0,174,1,1046,0,6166,1,7212,California
Mono,2021-04-19,526,13750,319,8069,207,5507,0,174,201,924,323,6489,201,7413,California
Mono,2021-04-20,16,13766,2,8071,14,5521,0,174,11,930,5,6494,11,7424,California
Mono,2021-04-21,8,13774,1,8072,7,5528,0,174,3,928,5,6499,3,7427,California
Mono,2021-04-22,25,13799,11,8083,14,5542,0,174,11,925,14,6513,11,7438,California
Mono,2021-04-23,22,13821,2,8085,20,5562,0,174,12,927,10,6523,12,7450,California
Mono,2021-04-24,35,13856,22,8107,13,5575,0,174,20,932,15,6538,20,7470,California
Mono,2021-04-25,3,13859,2,8109,1,5576,0,174,3,935,0,6538,3,7473,California
Mono,2021-04-26,10,13869,1,8110,9,5585,0,174,2,929,8,6546,2,7475,California
Mono,2021-04-27,66,13935,40,8150,19,5604,7,181,50,970,16,6562,57,7532,California
Mono,2021-04-28,63,13998,41,8191,18,5622,4,185,48,1009,13,6575,52,7584,California
Mono,2021-04-29,8,14006,1,8192,4,5626,3,188,2,1008,6,6581,5,7589,California
Mono,2021-04-30,16,14022,3,8195,10,5636,3,191,8,1011,8,6589,11,7600,California
Mono,2021-05-01,110,14132,4,8199,106,5742,0,191,98,1097,12,6601,98,7698,California
Mono,2021-05-03,1,14133,0,8199,1,5743,0,191,0,1096,1,6602,0,7698,California
Mono,2021-05-04,19,14152,0,8199,13,5756,6,197,10,1103,9,6611,16,7714,California
Mono,2021-05-05,54,14206,8,8207,42,5798,4,201,46,1145,8,6619,50,7764,California
Mono,2021-05-06,13,14219,3,8210,9,5807,1,202,9,1151,4,6623,10,7774,California
Mono,2021-05-07,29,14248,22,8232,7,5814,0,202,25,1172,4,6627,25,7799,California
Mono,2021-05-08,50,14298,5,8237,45,5859,0,202,22,1166,28,6655,22,7821,California
Mono,2021-05-10,17,14315,1,8238,12,5871,4,206,9,1171,8,6663,13,7834,California
Mono,2021-05-11,16,14331,2,8240,11,5882,3,209,5,1168,11,6674,8,7842,California
Mono,2021-05-12,12,14343,0,8240,11,5893,1,210,4,1165,8,6682,5,7847,California
Mono,2021-05-13,45,14388,32,8272,13,5906,0,210,36,1192,9,6691,36,7883,California
Mono,2021-05-14,9,14397,1,8273,7,5913,1,211,4,1192,5,6696,5,7888,California
Mono,2021-05-15,66,14463,25,8298,34,5947,7,218,18,1169,48,6744,25,7913,California
Mono,2021-05-16,6,14469,5,8303,1,5948,0,218,3,1169,3,6747,3,7916,California
Mono,2021-05-17,246,14715,33,8336,206,6154,7,225,54,1040,191,6938,62,7978,California
Mono,2021-05-18,133,14848,109,8445,23,6177,1,226,87,1082,46,6984,88,8066,California
Mono,2021-05-19,118,14966,112,8557,1,6178,5,231,75,1119,43,7027,80,8146,California
Mono,2021-05-20,70,15036,54,8611,10,6188,6,237,53,1161,17,7044,59,8205,California
Mono,2021-05-21,26,15062,5,8616,19,6207,2,239,12,1161,14,7058,14,8219,California
Mono,2021-05-22,19,15081,10,8626,7,6214,2,241,13,1170,6,7064,15,8234,California
Mono,2021-05-23,4,15085,1,8627,3,6217,0,241,3,1172,1,7065,3,8237,California
Mono,2021-05-24,10,15095,1,8628,9,6226,0,241,7,1176,3,7068,7,8244,California
Mono,2021-05-25,15,15110,6,8634,9,6235,0,241,8,1177,7,7075,8,8252,California
Mono,2021-05-26,18,15128,3,8637,14,6249,1,242,8,1176,10,7085,9,8261,California
Mono,2021-05-27,6,15134,2,8639,4,6253,0,242,5,1180,1,7086,5,8266,California
Mono,2021-05-28,37,15171,27,8666,9,6262,1,243,7,1158,30,7116,8,8274,California
Monterey,2020-12-16,5,5,5,5,0,0,0,0,5,5,0,0,5,5,California
Monterey,2020-12-17,89,94,89,94,0,0,0,0,89,94,0,0,89,94,California
Monterey,2020-12-18,486,580,486,580,0,0,0,0,486,580,0,0,486,580,California
Monterey,2020-12-19,582,1162,581,1161,1,1,0,0,582,1162,0,0,582,1162,California
Monterey,2020-12-20,422,1584,422,1583,0,1,0,0,422,1584,0,0,422,1584,California
Monterey,2020-12-21,723,2307,723,2306,0,1,0,0,723,2307,0,0,723,2307,California
Monterey,2020-12-22,538,2845,525,2831,13,14,0,0,538,2845,0,0,538,2845,California
Monterey,2020-12-23,441,3286,266,3097,175,189,0,0,441,3286,0,0,441,3286,California
Monterey,2020-12-24,84,3370,10,3107,74,263,0,0,84,3370,0,0,84,3370,California
Monterey,2020-12-25,6,3376,0,3107,6,269,0,0,6,3376,0,0,6,3376,California
Monterey,2020-12-26,92,3468,5,3112,87,356,0,0,92,3468,0,0,92,3468,California
Monterey,2020-12-27,7,3475,4,3116,3,359,0,0,7,3475,0,0,7,3475,California
Monterey,2020-12-28,480,3955,25,3141,455,814,0,0,480,3955,0,0,480,3955,California
Monterey,2020-12-29,902,4857,168,3309,734,1548,0,0,902,4857,0,0,902,4857,California
Monterey,2020-12-30,568,5425,97,3406,471,2019,0,0,568,5425,0,0,568,5425,California
Monterey,2020-12-31,33,5458,11,3417,22,2041,0,0,33,5458,0,0,33,5458,California
Monterey,2021-01-01,13,5471,3,3420,10,2051,0,0,13,5471,0,0,13,5471,California
Monterey,2021-01-02,137,5608,134,3554,3,2054,0,0,137,5608,0,0,137,5608,California
Monterey,2021-01-03,30,5638,29,3583,1,2055,0,0,30,5638,0,0,30,5638,California
Monterey,2021-01-04,411,6049,18,3601,393,2448,0,0,411,6049,0,0,411,6049,California
Monterey,2021-01-05,753,6802,327,3928,426,2874,0,0,739,6774,14,14,739,6788,California
Monterey,2021-01-06,660,7462,175,4103,485,3359,0,0,637,7388,23,37,637,7425,California
Monterey,2021-01-07,750,8212,574,4677,176,3535,0,0,424,7488,324,361,424,7849,California
Monterey,2021-01-08,1095,9307,737,5414,358,3893,0,0,400,7193,695,1056,400,8249,California
Monterey,2021-01-09,967,10274,935,6349,32,3925,0,0,314,6855,652,1708,314,8563,California
Monterey,2021-01-10,274,10548,271,6620,3,3928,0,0,9,6599,265,1973,9,8572,California
Monterey,2021-01-11,1074,11622,988,7608,86,4014,0,0,369,6263,705,2678,369,8941,California
Monterey,2021-01-12,474,12096,395,8003,79,4093,0,0,211,6211,263,2941,211,9152,California
Monterey,2021-01-13,1218,13314,593,8596,625,4718,0,0,1172,7337,46,2987,1172,10324,California
Monterey,2021-01-14,1129,14443,169,8765,960,5678,0,0,1110,8432,19,3006,1114,11438,California
Monterey,2021-01-15,1049,15492,45,8810,1004,6682,0,0,1036,9455,13,3019,1036,12474,California
Monterey,2021-01-16,366,15858,301,9111,65,6747,0,0,361,9811,5,3024,361,12835,California
Monterey,2021-01-17,314,16172,293,9404,21,6768,0,0,301,10099,13,3037,301,13136,California
Monterey,2021-01-18,403,16575,46,9450,357,7125,0,0,381,10458,22,3059,381,13517,California
Monterey,2021-01-19,578,17153,395,9845,183,7308,0,0,419,10720,157,3216,419,13936,California
Monterey,2021-01-20,539,17692,268,10113,271,7579,0,0,333,10847,206,3422,333,14269,California
Monterey,2021-01-21,851,18543,93,10206,758,8337,0,0,741,11482,110,3532,745,15014,California
Monterey,2021-01-22,1057,19600,195,10401,862,9199,0,0,1018,12461,39,3571,1018,16032,California
Monterey,2021-01-23,243,19843,175,10576,68,9267,0,0,119,12459,123,3694,121,16153,California
Monterey,2021-01-24,57,19900,38,10614,19,9286,0,0,23,12448,34,3728,23,16176,California
Monterey,2021-01-25,804,20704,175,10789,629,9915,0,0,177,12005,620,4348,177,16353,California
Monterey,2021-01-26,946,21650,225,11014,721,10636,0,0,249,11557,697,5045,249,16602,California
Monterey,2021-01-27,872,22522,315,11329,557,11193,0,0,390,11465,482,5527,390,16992,California
Monterey,2021-01-28,2031,24553,739,12068,1292,12485,0,0,1690,12816,341,5868,1692,18684,California
Monterey,2021-01-29,1277,25830,709,12777,568,13053,0,0,1159,13859,117,5985,1160,19844,California
Monterey,2021-01-30,466,26296,295,13072,171,13224,0,0,210,13813,256,6241,210,20054,California
Monterey,2021-01-31,496,26792,72,13144,424,13648,0,0,485,14288,11,6252,486,20540,California
Monterey,2021-02-01,1660,28452,1149,14293,511,14159,0,0,1092,14813,567,6819,1092,21632,California
Monterey,2021-02-02,2174,30626,462,14755,1712,15871,0,0,1566,15772,607,7426,1566,23198,California
Monterey,2021-02-03,2343,32969,1052,15807,1291,17162,0,0,1565,16563,774,8200,1565,24763,California
Monterey,2021-02-04,2794,35763,2088,17895,706,17868,0,0,2484,18739,308,8508,2484,27247,California
Monterey,2021-02-05,3675,39438,2832,20727,843,18711,0,0,3234,21537,436,8944,3234,30481,California
Monterey,2021-02-06,1109,40547,380,21107,729,19440,0,0,762,21954,345,9289,762,31243,California
Monterey,2021-02-07,317,40864,268,21375,49,19489,0,0,99,21835,218,9507,99,31342,California
Monterey,2021-02-08,521,41385,291,21666,230,19719,0,0,430,22174,91,9598,430,31772,California
Monterey,2021-02-09,882,42267,684,22350,198,19917,0,0,570,22434,312,9910,572,32344,California
Monterey,2021-02-10,2093,44360,1110,23460,983,20900,0,0,1247,22836,846,10756,1248,33592,California
Monterey,2021-02-11,2513,46873,975,24435,1538,22438,0,0,1550,23427,961,11717,1552,35144,California
Monterey,2021-02-12,2604,49477,432,24867,2172,24610,0,0,1530,23885,1073,12790,1531,36675,California
Monterey,2021-02-13,1079,50556,49,24916,1030,25640,0,0,988,24783,90,12880,988,37663,California
Monterey,2021-02-14,600,51156,73,24989,527,26167,0,0,527,25237,73,12953,527,38190,California
Monterey,2021-02-15,1375,52531,161,25150,1214,27381,0,0,984,25833,389,13342,985,39175,California
Monterey,2021-02-16,1097,53628,244,25394,853,28234,0,0,873,26482,224,13566,873,40048,California
Monterey,2021-02-17,1957,55585,1167,26561,790,29024,0,0,1652,27832,304,13870,1654,41702,California
Monterey,2021-02-18,2238,57823,1179,27740,1059,30083,0,0,913,27436,1311,15181,915,42617,California
Monterey,2021-02-19,2952,60775,1539,29279,1413,31496,0,0,1353,27192,1598,16779,1354,43971,California
Monterey,2021-02-20,1023,61798,617,29896,406,31902,0,0,964,28098,58,16837,964,44935,California
Monterey,2021-02-21,1254,63052,1225,31121,29,31931,0,0,1183,29212,69,16906,1183,46118,California
Monterey,2021-02-22,1004,64056,855,31976,149,32080,0,0,652,29514,350,17256,652,46770,California
Monterey,2021-02-23,971,65027,624,32600,347,32427,0,0,305,29155,665,17921,306,47076,California
Monterey,2021-02-24,2482,67509,1326,33926,1156,33583,0,0,1857,30393,620,18541,1858,48934,California
Monterey,2021-02-25,4433,71942,2429,36355,2004,35587,0,0,1486,28940,2940,21481,1487,50421,California
Monterey,2021-02-26,5304,77246,3088,39443,2216,37803,0,0,2635,28910,2666,24147,2636,53057,California
Monterey,2021-02-27,1030,78276,186,39629,844,38647,0,0,813,29511,212,24359,813,53870,California
Monterey,2021-02-28,1539,79815,82,39711,1457,40104,0,0,1076,30129,458,24817,1076,54946,California
Monterey,2021-03-01,1291,81106,146,39857,1142,41246,3,3,748,30343,538,25355,752,55698,California
Monterey,2021-03-02,2808,83914,1735,41592,1073,42319,0,3,1940,31419,864,26219,1940,57638,California
Monterey,2021-03-03,3223,87137,1246,42838,1977,44296,0,3,1278,30755,1943,28162,1279,58917,California
Monterey,2021-03-04,4584,91721,1474,44312,3110,47406,0,3,2957,32089,1623,29785,2957,61874,California
Monterey,2021-03-05,3677,95398,1626,45938,1774,49180,277,280,3007,34704,669,30454,3284,65158,California
Monterey,2021-03-06,5089,100487,1081,47019,3702,52882,306,586,4174,38270,912,31366,4478,69636,California
Monterey,2021-03-07,524,101011,107,47126,170,53052,247,833,234,38459,290,31656,479,70115,California
Monterey,2021-03-08,1670,102681,327,47453,954,54006,389,1222,1121,39418,549,32205,1508,71623,California
Monterey,2021-03-09,1994,104675,696,48149,1023,55029,275,1497,1492,40682,501,32706,1765,73388,California
Monterey,2021-03-10,3194,107869,1037,49186,1667,56696,490,1987,1466,40914,1724,34430,1956,75344,California
Monterey,2021-03-11,4174,112043,1415,50601,2384,59080,375,2362,2402,41926,1765,36195,2777,78121,California
Monterey,2021-03-12,4423,116466,2053,52654,2230,61310,140,2502,2723,43092,1697,37892,2863,80984,California
Monterey,2021-03-13,5307,121773,970,53624,3990,65300,347,2849,3985,46104,1321,39213,4333,85317,California
Monterey,2021-03-14,2162,123935,1336,54960,801,66101,25,2874,579,45135,1573,40786,604,85921,California
Monterey,2021-03-15,3975,127910,1274,56234,2411,68512,290,3164,2278,46009,1693,42479,2567,88488,California
Monterey,2021-03-16,3534,131444,579,56813,2578,71090,377,3541,2113,47074,1420,43899,2485,90973,California
Monterey,2021-03-17,5835,137279,2363,59176,3215,74305,257,3798,4223,49953,1606,45505,4485,95458,California
Monterey,2021-03-18,4473,141752,2170,61346,2134,76439,169,3967,3109,51910,1358,46863,3315,98773,California
Monterey,2021-03-19,5496,147248,2564,63910,2785,79224,147,4114,4207,54981,1284,48147,4355,103128,California
Monterey,2021-03-20,3369,150617,420,64330,2254,81478,695,4809,2284,56878,1081,49228,2978,106106,California
Monterey,2021-03-21,634,151251,206,64536,419,81897,9,4818,561,57376,71,49299,569,106675,California
Monterey,2021-03-22,2498,153749,1443,65979,993,82890,62,4880,2285,59512,209,49508,2345,109020,California
Monterey,2021-03-23,4030,157779,2364,68343,1623,84513,43,4923,2562,60653,1463,50971,2604,111624,California
Monterey,2021-03-24,5128,162907,2126,70469,2686,87199,316,5239,3759,63360,1365,52336,4072,115696,California
Monterey,2021-03-25,5324,168231,1226,71695,3739,90938,359,5598,2683,63770,2633,54969,3043,118739,California
Monterey,2021-03-26,5455,173686,2620,74315,2757,93695,78,5676,2790,63986,2654,57623,2870,121609,California
Monterey,2021-03-27,4868,178554,1458,75773,3154,96849,256,5932,3130,65637,1735,59358,3386,124995,California
Monterey,2021-03-28,1120,179674,346,76119,765,97614,9,5941,626,65783,489,59847,635,125630,California
Monterey,2021-03-29,3230,182904,1414,77533,1802,99416,14,5955,2008,66595,1214,61061,2026,127656,California
Monterey,2021-03-30,4531,187435,2136,79669,2347,101763,48,6003,2790,67706,1731,62792,2842,130498,California
Monterey,2021-03-31,5447,192882,2426,82095,2222,103985,799,6802,3459,69971,1985,64777,4250,134748,California
Monterey,2021-04-01,6152,199034,2065,84160,3674,107659,413,7215,3114,70471,3023,67800,3523,138271,California
Monterey,2021-04-02,4806,203840,2276,86436,2465,110124,65,7280,3252,72241,1551,69351,3321,141592,California
Monterey,2021-04-03,5951,209791,1121,87557,3788,113912,1042,8322,1239,69814,4700,74051,2273,143865,California
Monterey,2021-04-04,774,210565,162,87719,597,114509,15,8337,498,70053,276,74327,515,144380,California
Monterey,2021-04-05,4020,214585,2482,90201,1306,115815,232,8569,1495,69263,2519,76846,1729,146109,California
Monterey,2021-04-06,3444,218029,1348,91549,1621,117436,475,9044,1179,68653,2263,79109,1653,147762,California
Monterey,2021-04-07,5698,223727,1388,92937,3795,121231,515,9559,2765,69014,2921,82030,3282,151044,California
Monterey,2021-04-08,6679,230406,3514,96451,2358,123589,807,10366,3296,69764,3377,85407,4127,155171,California
Monterey,2021-04-09,5775,236181,3456,99907,1680,125269,639,11005,2329,69348,3443,88850,3027,158198,California
Monterey,2021-04-10,10207,246388,4960,104867,3088,128357,2159,13164,4982,71275,5214,94064,7141,165339,California
Monterey,2021-04-11,5422,251810,4251,109118,567,128924,604,13768,4375,75208,1041,95105,4974,170313,California
Monterey,2021-04-12,4104,255914,1850,110968,1935,130859,319,14087,927,73415,3039,98144,1246,171559,California
Monterey,2021-04-13,3186,259100,730,111698,2451,133310,5,14092,1519,73293,1648,99792,1526,173085,California
Monterey,2021-04-14,6736,265836,3139,114837,3594,136904,3,14095,1835,70248,4883,104675,1838,174923,California
Monterey,2021-04-15,5894,271730,3904,118741,1990,138894,0,14095,3869,72123,1995,106670,3870,178793,California
Monterey,2021-04-16,4854,276584,2442,121183,2398,141292,14,14109,2249,71794,2593,109263,2264,181057,California
Monterey,2021-04-17,5623,282207,1359,122542,4264,145556,0,14109,3724,73633,1885,111148,3724,184781,California
Monterey,2021-04-18,843,283050,256,122798,587,146143,0,14109,237,73268,602,111750,237,185018,California
Monterey,2021-04-19,3734,286784,1290,124088,2444,148587,0,14109,1772,73086,1954,113704,1772,186790,California
Monterey,2021-04-20,3852,290636,1583,125671,2269,150856,0,14109,1590,72438,2239,115943,1591,188381,California
Monterey,2021-04-21,5932,296568,3179,128850,2753,153609,0,14109,2859,72262,3037,118980,2861,191242,California
Monterey,2021-04-22,4833,301401,1029,129879,3804,157413,0,14109,1988,71446,2804,121784,1988,193230,California
Monterey,2021-04-23,5771,307172,2634,132513,3136,160549,1,14110,2237,70174,3514,125298,2242,195472,California
Monterey,2021-04-24,4177,311349,587,133100,3590,164139,0,14110,1540,69094,2620,127918,1540,197012,California
Monterey,2021-04-25,1243,312592,610,133710,633,164772,0,14110,793,69447,440,128358,793,197805,California
Monterey,2021-04-26,3501,316093,2178,135888,1306,166078,17,14127,881,67750,2595,130953,898,198703,California
Monterey,2021-04-27,2627,318720,898,136786,1611,167689,118,14245,1147,67538,1476,132429,1264,199967,California
Monterey,2021-04-28,3613,322333,1373,138159,2087,169776,153,14398,2233,68551,1367,133796,2380,202347,California
Monterey,2021-04-29,4518,326851,2423,140582,2019,171795,76,14474,1655,67431,2852,136648,1732,204079,California
Monterey,2021-04-30,3193,330044,1657,142239,1461,173256,75,14549,795,65910,2389,139037,868,204947,California
Monterey,2021-05-01,5616,335660,4240,146479,1336,174592,40,14589,681,61712,4917,143954,719,205666,California
Monterey,2021-05-02,4362,340022,3935,150414,400,174992,27,14616,325,58040,4024,147978,352,206018,California
Monterey,2021-05-03,2550,342572,1567,151981,867,175859,116,14732,599,56814,1941,149919,715,206733,California
Monterey,2021-05-04,1789,344361,600,152581,1099,176958,90,14822,645,56419,1131,151050,736,207469,California
Monterey,2021-05-05,3316,347677,1196,153777,2035,178993,85,14907,1044,55288,2261,153311,1130,208599,California
Monterey,2021-05-06,4177,351854,2749,156526,1211,180204,217,15124,1126,53596,3035,156346,1343,209942,California
Monterey,2021-05-07,1991,353845,973,157499,919,181123,99,15223,704,53119,1279,157625,802,210744,California
Monterey,2021-05-08,2586,356431,1368,158867,894,182017,324,15547,919,52702,1656,159281,1239,211983,California
Monterey,2021-05-09,398,356829,116,158983,256,182273,26,15573,145,52621,252,159533,171,212154,California
Monterey,2021-05-10,2596,359425,1859,160842,690,182963,47,15620,330,50743,2256,161789,378,212532,California
Monterey,2021-05-11,1769,361194,907,161749,798,183761,64,15684,732,50518,1022,162811,797,213329,California
Monterey,2021-05-12,3677,364871,1965,163714,1639,185400,73,15757,787,48499,2880,165691,861,214190,California
Monterey,2021-05-13,2299,367170,1314,165028,928,186328,57,15814,1266,48797,1023,166714,1321,215511,California
Monterey,2021-05-14,1755,368925,501,165529,1177,187505,77,15891,695,48517,1051,167765,771,216282,California
Monterey,2021-05-15,3007,371932,527,166056,2245,189750,235,16126,647,47050,2348,170113,881,217163,California
Monterey,2021-05-16,883,372815,530,166586,281,190031,72,16198,223,46690,654,170767,294,217457,California
Monterey,2021-05-17,2192,375007,1288,167874,829,190860,75,16273,1038,46663,1141,171908,1114,218571,California
Monterey,2021-05-18,1733,376740,666,168540,1023,191883,44,16317,798,46581,926,172834,844,219415,California
Monterey,2021-05-19,3584,380324,2346,170886,1151,193034,87,16404,1939,46970,1638,174472,2027,221442,California
Monterey,2021-05-20,2315,382639,813,171699,1396,194430,106,16510,743,46264,1557,176029,851,222293,California
Monterey,2021-05-21,2842,385481,1213,172912,1538,195968,91,16601,886,45292,1949,177978,977,223270,California
Monterey,2021-05-22,1701,387182,609,173521,814,196782,278,16879,639,45148,1059,179037,915,224185,California
Monterey,2021-05-23,552,387734,410,173931,127,196909,15,16894,389,45394,158,179195,404,224589,California
Monterey,2021-05-24,1652,389386,495,174426,1093,198002,64,16958,590,44992,1056,180251,654,225243,California
Monterey,2021-05-25,1395,390781,524,174950,803,198805,68,17026,590,44861,789,181040,658,225901,California
Monterey,2021-05-26,2368,393149,989,175939,1326,200131,53,17079,964,44485,1393,182433,1017,226918,California
Monterey,2021-05-27,2386,395535,1332,177271,999,201130,55,17134,868,43904,1504,183937,923,227841,California
Monterey,2021-05-28,928,396463,296,177567,600,201730,32,17166,361,43736,562,184499,394,228235,California
Napa,2020-12-16,12,12,12,12,0,0,0,0,12,12,0,0,12,12,California
Napa,2020-12-17,44,56,44,56,0,0,0,0,44,56,0,0,44,56,California
Napa,2020-12-18,102,158,102,158,0,0,0,0,102,158,0,0,102,158,California
Napa,2020-12-19,221,379,221,379,0,0,0,0,221,379,0,0,221,379,California
Napa,2020-12-20,190,569,190,569,0,0,0,0,190,569,0,0,190,569,California
Napa,2020-12-21,314,883,314,883,0,0,0,0,315,884,0,0,315,884,California
Napa,2020-12-22,341,1224,332,1215,9,9,0,0,341,1225,0,0,341,1225,California
Napa,2020-12-23,431,1655,321,1536,110,119,0,0,431,1656,0,0,431,1656,California
Napa,2020-12-24,139,1794,78,1614,61,180,0,0,139,1795,0,0,139,1795,California
Napa,2020-12-25,1,1795,1,1615,0,180,0,0,1,1796,0,0,1,1796,California
Napa,2020-12-26,39,1834,11,1626,28,208,0,0,39,1835,0,0,39,1835,California
Napa,2020-12-27,32,1866,16,1642,16,224,0,0,32,1867,0,0,32,1867,California
Napa,2020-12-28,252,2118,186,1828,66,290,0,0,281,2148,0,0,281,2148,California
Napa,2020-12-29,271,2389,214,2042,57,347,0,0,304,2452,0,0,304,2452,California
Napa,2020-12-30,631,3020,486,2528,145,492,0,0,639,3091,0,0,639,3091,California
Napa,2020-12-31,460,3480,371,2899,89,581,0,0,460,3551,0,0,460,3551,California
Napa,2021-01-01,1,3481,1,2900,0,581,0,0,1,3552,0,0,1,3552,California
Napa,2021-01-02,98,3579,93,2993,5,586,0,0,98,3650,0,0,98,3650,California
Napa,2021-01-03,13,3592,11,3004,2,588,0,0,9,3659,0,0,9,3659,California
Napa,2021-01-04,106,3698,63,3067,43,631,0,0,106,3765,0,0,106,3765,California
Napa,2021-01-05,162,3860,85,3152,77,708,0,0,145,3886,24,24,145,3910,California
Napa,2021-01-06,459,4319,113,3265,346,1054,0,0,396,4221,61,85,396,4306,California
Napa,2021-01-07,499,4818,235,3500,264,1318,0,0,398,4519,100,185,398,4704,California
Napa,2021-01-08,445,5263,230,3730,215,1533,0,0,261,4597,183,368,261,4965,California
Napa,2021-01-09,327,5590,302,4032,25,1558,0,0,190,4650,137,505,190,5155,California
Napa,2021-01-10,185,5775,102,4134,83,1641,0,0,108,4681,77,582,108,5263,California
Napa,2021-01-11,881,6656,427,4561,454,2095,0,0,507,4815,375,957,509,5772,California
Napa,2021-01-12,1319,7975,373,4934,946,3041,0,0,1001,5498,318,1275,1001,6773,California
Napa,2021-01-13,1313,9288,265,5199,1048,4089,0,0,1150,6487,162,1437,1151,7924,California
Napa,2021-01-14,1051,10339,171,5370,880,4969,0,0,933,7304,116,1553,933,8857,California
Napa,2021-01-15,1457,11796,384,5754,1073,6042,0,0,1308,8456,157,1710,1309,10166,California
Napa,2021-01-16,357,12153,133,5887,224,6266,0,0,340,8779,17,1727,340,10506,California
Napa,2021-01-17,338,12491,173,6060,165,6431,0,0,328,9097,10,1737,328,10834,California
Napa,2021-01-18,1080,13571,197,6257,883,7314,0,0,989,9995,91,1828,989,11823,California
Napa,2021-01-19,1009,14580,405,6662,604,7918,0,0,766,10519,242,2070,766,12589,California
Napa,2021-01-20,827,15407,187,6849,640,8558,0,0,643,10980,182,2252,643,13232,California
Napa,2021-01-21,1336,16743,374,7223,962,9520,0,0,1081,11808,254,2506,1082,14314,California
Napa,2021-01-22,1544,18287,414,7637,1130,10650,0,0,1217,12700,326,2832,1218,15532,California
Napa,2021-01-23,398,18685,318,7955,80,10730,0,0,336,12974,62,2894,336,15868,California
Napa,2021-01-24,264,18949,187,8142,77,10807,0,0,207,13124,57,2951,207,16075,California
Napa,2021-01-25,1521,20470,229,8371,1292,12099,0,0,1431,14465,90,3041,1431,17506,California
Napa,2021-01-26,877,21347,285,8656,592,12691,0,0,785,15159,92,3133,786,18292,California
Napa,2021-01-27,628,21975,220,8876,408,13099,0,0,471,15473,158,3291,472,18764,California
Napa,2021-01-28,387,22362,175,9051,212,13311,0,0,196,15480,189,3480,196,18960,California
Napa,2021-01-29,255,22617,63,9114,192,13503,0,0,160,15545,95,3575,160,19120,California
Napa,2021-01-30,807,23424,697,9811,110,13613,0,0,640,16018,167,3742,640,19760,California
Napa,2021-01-31,652,24076,621,10432,31,13644,0,0,629,16624,23,3765,629,20389,California
Napa,2021-02-01,320,24396,112,10544,208,13852,0,0,164,16632,156,3921,164,20553,California
Napa,2021-02-02,606,25002,279,10823,327,14179,0,0,297,16623,306,4227,297,20850,California
Napa,2021-02-03,744,25746,308,11131,436,14615,0,0,429,16738,314,4541,429,21279,California
Napa,2021-02-04,787,26533,370,11501,417,15032,0,0,438,16829,347,4888,438,21717,California
Napa,2021-02-05,709,27242,308,11809,401,15433,0,0,342,16804,367,5255,342,22059,California
Napa,2021-02-06,434,27676,146,11955,288,15721,0,0,328,17026,106,5361,328,22387,California
Napa,2021-02-07,173,27849,160,12115,13,15734,0,0,71,16995,102,5463,71,22458,California
Napa,2021-02-08,835,28684,191,12306,644,16378,0,0,274,16711,558,6021,274,22732,California
Napa,2021-02-09,1083,29767,448,12754,635,17013,0,0,440,16509,642,6663,440,23172,California
Napa,2021-02-10,1725,31492,193,12947,1532,18545,0,0,451,15690,1271,7934,452,23624,California
Napa,2021-02-11,1492,32984,192,13139,1300,19845,0,0,404,15019,1075,9009,404,24028,California
Napa,2021-02-12,2170,35154,844,13983,1326,21171,0,0,729,14311,1437,10446,729,24757,California
Napa,2021-02-13,503,35657,53,14036,450,21621,0,0,317,14442,186,10632,317,25074,California
Napa,2021-02-14,355,36012,86,14122,269,21890,0,0,193,14473,162,10794,193,25267,California
Napa,2021-02-15,876,36888,182,14304,694,22584,0,0,223,14045,651,11445,223,25490,California
Napa,2021-02-16,1287,38175,596,14900,691,23275,0,0,613,13986,672,12117,613,26103,California
Napa,2021-02-17,1048,39223,531,15431,517,23792,0,0,477,13895,569,12686,478,26581,California
Napa,2021-02-18,1903,41126,485,15916,1418,25210,0,0,661,13317,1239,13925,661,27242,California
Napa,2021-02-19,1480,42606,585,16501,895,26105,0,0,675,13188,804,14729,675,27917,California
Napa,2021-02-20,822,43428,597,17098,225,26330,0,0,275,12916,547,15276,275,28192,California
Napa,2021-02-21,816,44244,752,17850,64,26394,0,0,212,12524,604,15880,212,28404,California
Napa,2021-02-22,447,44691,190,18040,257,26651,0,0,141,12359,306,16186,141,28545,California
Napa,2021-02-23,1132,45823,306,18346,826,27477,0,0,316,11859,816,17002,316,28861,California
Napa,2021-02-24,1165,46988,644,18990,521,27998,0,0,577,11850,586,17588,577,29438,California
Napa,2021-02-25,2560,49548,1224,20214,1336,29334,0,0,1848,12987,711,18299,1848,31286,California
Napa,2021-02-26,1507,51055,527,20741,980,30314,0,0,596,12674,909,19208,596,31882,California
Napa,2021-02-27,1117,52172,386,21127,731,31045,0,0,865,13289,250,19458,865,32747,California
Napa,2021-02-28,563,52735,461,21588,102,31147,0,0,463,13654,98,19556,463,33210,California
Napa,2021-03-01,1107,53842,817,22405,290,31437,0,0,832,14214,272,19828,832,34042,California
Napa,2021-03-02,1507,55349,1048,23453,459,31896,0,0,1166,15040,340,20168,1166,35208,California
Napa,2021-03-03,1564,56913,694,24147,870,32766,0,0,1376,16229,187,20355,1376,36584,California
Napa,2021-03-04,1714,58627,787,24934,927,33693,0,0,1475,17468,236,20591,1475,38059,California
Napa,2021-03-05,1900,60527,790,25724,1106,34799,4,4,1482,18538,416,21007,1486,39545,California
Napa,2021-03-06,653,61180,286,26010,336,35135,31,35,541,19000,110,21117,572,40117,California
Napa,2021-03-07,519,61699,316,26326,188,35323,15,50,375,19246,144,21261,390,40507,California
Napa,2021-03-08,713,62412,335,26661,325,35648,53,103,536,19660,175,21436,589,41096,California
Napa,2021-03-09,1683,64095,603,27264,1034,36682,46,149,1249,20524,431,21867,1295,42391,California
Napa,2021-03-10,1496,65591,921,28185,481,37163,94,243,796,20715,696,22563,887,43278,California
Napa,2021-03-11,1878,67469,1060,29245,688,37851,130,373,987,20940,891,23454,1116,44394,California
Napa,2021-03-12,1515,68984,917,30162,502,38353,96,469,809,21139,704,24158,903,45297,California
Napa,2021-03-13,1171,70155,305,30467,841,39194,25,494,830,21655,339,24497,855,46152,California
Napa,2021-03-14,619,70774,336,30803,135,39329,148,642,218,21620,400,24897,365,46517,California
Napa,2021-03-15,954,71728,411,31214,473,39802,70,712,480,21698,472,25369,550,47067,California
Napa,2021-03-16,1846,73574,392,31606,1327,41129,127,839,1378,22739,465,25834,1506,48573,California
Napa,2021-03-17,2510,76084,1851,33457,480,41609,179,1018,1598,23605,911,26745,1777,50350,California
Napa,2021-03-18,2131,78215,939,34396,1182,42791,10,1028,1301,24089,827,27572,1311,51661,California
Napa,2021-03-19,1450,79665,878,35274,544,43335,28,1056,709,24088,738,28310,737,52398,California
Napa,2021-03-20,1010,80675,530,35804,327,43662,153,1209,427,24086,582,28892,580,52978,California
Napa,2021-03-21,704,81379,681,36485,20,43682,3,1212,348,24082,355,29247,351,53329,California
Napa,2021-03-22,1298,82677,1122,37607,165,43847,11,1223,495,23790,798,30045,506,53835,California
Napa,2021-03-23,1873,84550,1180,38787,676,44523,17,1240,1002,23942,867,30912,1019,54854,California
Napa,2021-03-24,1709,86259,945,39732,756,45279,8,1248,818,23878,890,31802,826,55680,California
Napa,2021-03-25,1925,88184,1053,40785,818,46097,54,1302,768,23549,1151,32953,822,56502,California
Napa,2021-03-26,1306,89490,838,41623,462,46559,6,1308,591,23436,710,33663,597,57099,California
Napa,2021-03-27,942,90432,434,42057,481,47040,27,1335,314,23149,628,34291,341,57440,California
Napa,2021-03-28,489,90921,378,42435,104,47144,7,1342,181,23031,306,34597,188,57628,California
Napa,2021-03-29,1201,92122,874,43309,322,47466,5,1347,729,23295,470,35067,734,58362,California
Napa,2021-03-30,2635,94757,933,44242,1698,49164,4,1351,1819,24303,816,35883,1824,60186,California
Napa,2021-03-31,1976,96733,963,45205,944,50108,69,1420,807,24011,1166,37049,874,61060,California
Napa,2021-04-01,1752,98485,843,46048,791,50899,118,1538,481,23346,1265,38314,600,61660,California
Napa,2021-04-02,1866,100351,836,46884,888,51787,142,1680,477,22581,1386,39700,621,62281,California
Napa,2021-04-03,634,100985,369,47253,206,51993,59,1739,214,22433,420,40120,272,62553,California
Napa,2021-04-04,358,101343,144,47397,156,52149,58,1797,124,22382,233,40353,182,62735,California
Napa,2021-04-05,1274,102617,758,48155,297,52446,219,2016,575,22478,698,41051,794,63529,California
Napa,2021-04-06,2244,104861,559,48714,1429,53875,256,2272,516,21528,1725,42776,775,64304,California
Napa,2021-04-07,1734,106595,703,49417,810,54685,221,2493,523,21068,1206,43982,746,65050,California
Napa,2021-04-08,1862,108457,1068,50485,420,55105,374,2867,963,21512,895,44877,1339,66389,California
Napa,2021-04-09,1546,110003,928,51413,314,55419,304,3171,679,21634,865,45742,987,67376,California
Napa,2021-04-10,1043,111046,348,51761,594,56013,101,3272,243,21187,799,46541,352,67728,California
Napa,2021-04-11,384,111430,298,52059,63,56076,23,3295,156,21138,228,46769,179,67907,California
Napa,2021-04-12,788,112218,304,52363,360,56436,124,3419,290,21052,497,47266,411,68318,California
Napa,2021-04-13,2537,114755,845,53208,1692,58128,0,3419,928,20376,1604,48870,928,69246,California
Napa,2021-04-14,2083,116838,982,54190,1101,59229,0,3419,1013,20327,1062,49932,1013,70259,California
Napa,2021-04-15,2057,118895,528,54718,1529,60758,0,3419,876,20028,1175,51107,876,71135,California
Napa,2021-04-16,2903,121798,1577,56295,1326,62084,0,3419,2189,21505,712,51819,2189,73324,California
Napa,2021-04-17,1131,122929,267,56562,864,62948,0,3419,832,22039,298,52117,832,74156,California
Napa,2021-04-18,265,123194,172,56734,93,63041,0,3419,119,22012,146,52263,119,74275,California
Napa,2021-04-19,609,123803,338,57072,271,63312,0,3419,265,21934,343,52606,265,74540,California
Napa,2021-04-20,3034,126837,2061,59133,973,64285,0,3419,2082,23066,951,53557,2083,76623,California
Napa,2021-04-21,2919,129756,2157,61290,762,65047,0,3419,1853,23860,1060,54617,1854,78477,California
Napa,2021-04-22,1659,131415,1151,62441,508,65555,0,3419,838,23882,816,55433,838,79315,California
Napa,2021-04-23,1625,133040,1248,63689,375,65930,2,3421,1148,24557,473,55906,1148,80463,California
Napa,2021-04-24,559,133599,317,64006,242,66172,0,3421,285,24571,271,56177,285,80748,California
Napa,2021-04-25,250,133849,192,64198,58,66230,0,3421,130,24582,119,56296,130,80878,California
Napa,2021-04-26,507,134356,263,64461,244,66474,0,3421,263,24605,240,56536,263,81141,California
Napa,2021-04-27,1678,136034,436,64897,1231,67705,11,3432,649,24239,1026,57562,660,81801,California
Napa,2021-04-28,982,137016,438,65335,527,68232,17,3449,324,23923,657,58219,341,82142,California
Napa,2021-04-29,649,137665,326,65661,304,68536,19,3468,200,23698,443,58662,218,82360,California
Napa,2021-04-30,603,138268,303,65964,236,68772,64,3532,249,23657,353,59015,312,82672,California
Napa,2021-05-01,323,138591,266,66230,46,68818,11,3543,119,23583,204,59219,130,82802,California
Napa,2021-05-02,237,138828,193,66423,38,68856,6,3549,99,23551,137,59356,105,82907,California
Napa,2021-05-03,624,139452,499,66922,90,68946,35,3584,103,23174,516,59872,139,83046,California
Napa,2021-05-04,1125,140577,717,67639,298,69244,110,3694,294,22751,827,60699,404,83450,California
Napa,2021-05-05,1018,141595,687,68326,295,69539,36,3730,256,22284,759,61458,292,83742,California
Napa,2021-05-06,716,142311,318,68644,375,69914,23,3753,372,22344,335,61793,395,84137,California
Napa,2021-05-07,787,143098,573,69217,158,70072,56,3809,188,22004,583,62376,243,84380,California
Napa,2021-05-08,255,143353,164,69381,80,70152,11,3820,90,21941,164,62540,101,84481,California
Napa,2021-05-09,108,143461,77,69458,31,70183,0,3820,50,21933,58,62598,50,84531,California
Napa,2021-05-10,418,143879,141,69599,258,70441,19,3839,108,21751,309,62907,127,84658,California
Napa,2021-05-11,2157,146036,1776,71375,355,70796,26,3865,371,20368,1780,64687,397,85055,California
Napa,2021-05-12,2154,148190,1346,72721,754,71550,54,3919,295,18863,1854,66541,349,85404,California
Napa,2021-05-13,1822,150012,1130,73851,654,72204,38,3957,765,18616,1050,67591,803,86207,California
Napa,2021-05-14,1906,151918,1138,74989,681,72885,87,4044,518,17840,1382,68973,606,86813,California
Napa,2021-05-15,1053,152971,347,75336,695,73580,11,4055,261,17325,788,69761,273,87086,California
Napa,2021-05-16,239,153210,159,75495,78,73658,2,4057,67,17222,172,69933,69,87155,California
Napa,2021-05-17,878,154088,347,75842,501,74159,30,4087,311,17053,510,70443,341,87496,California
Napa,2021-05-18,1035,155123,541,76383,436,74595,58,4145,498,17077,532,70975,556,88052,California
Napa,2021-05-19,923,156046,542,76925,351,74946,30,4175,520,17225,401,71376,549,88601,California
Napa,2021-05-20,577,156623,381,77306,169,75115,27,4202,375,17425,202,71578,402,89003,California
Napa,2021-05-21,430,157053,212,77518,187,75302,31,4233,187,17400,243,71821,218,89221,California
Napa,2021-05-22,392,157445,215,77733,170,75472,7,4240,158,17331,234,72055,165,89386,California
Napa,2021-05-23,351,157796,320,78053,21,75493,10,4250,272,17535,78,72133,282,89668,California
Napa,2021-05-24,363,158159,174,78227,169,75662,20,4270,148,17491,213,72346,169,89837,California
Napa,2021-05-25,394,158553,164,78391,168,75830,62,4332,136,17433,256,72602,198,90035,California
Napa,2021-05-26,539,159092,351,78742,164,75994,24,4356,319,17559,217,72819,343,90378,California
Napa,2021-05-27,359,159451,151,78893,183,76177,25,4381,152,17529,207,73026,177,90555,California
Napa,2021-05-28,232,159683,92,78985,123,76300,17,4398,75,17465,155,73181,91,90646,California
Nevada,2020-12-16,3,3,3,3,0,0,0,0,3,3,0,0,3,3,California
Nevada,2020-12-17,6,9,6,9,0,0,0,0,6,9,0,0,6,9,California
Nevada,2020-12-18,52,61,52,61,0,0,0,0,52,61,0,0,52,61,California
Nevada,2020-12-19,55,116,55,116,0,0,0,0,55,116,0,0,55,116,California
Nevada,2020-12-20,12,128,12,128,0,0,0,0,12,128,0,0,12,128,California
Nevada,2020-12-21,69,197,69,197,0,0,0,0,69,197,0,0,69,197,California
Nevada,2020-12-22,91,288,89,286,2,2,0,0,91,288,0,0,91,288,California
Nevada,2020-12-23,234,522,203,489,31,33,0,0,234,522,0,0,234,522,California
Nevada,2020-12-24,13,535,11,500,2,35,0,0,13,535,0,0,13,535,California
Nevada,2020-12-25,3,538,3,503,0,35,0,0,3,538,0,0,3,538,California
Nevada,2020-12-26,6,544,4,507,2,37,0,0,6,544,0,0,6,544,California
Nevada,2020-12-27,88,632,88,595,0,37,0,0,88,632,0,0,88,632,California
Nevada,2020-12-28,169,801,92,687,77,114,0,0,169,801,0,0,169,801,California
Nevada,2020-12-29,99,900,73,760,26,140,0,0,99,900,0,0,99,900,California
Nevada,2020-12-30,86,986,66,826,20,160,0,0,86,986,0,0,86,986,California
Nevada,2020-12-31,39,1025,9,835,30,190,0,0,39,1025,0,0,39,1025,California
Nevada,2021-01-01,2,1027,0,835,2,192,0,0,2,1027,0,0,2,1027,California
Nevada,2021-01-02,1,1028,1,836,0,192,0,0,1,1028,0,0,1,1028,California
Nevada,2021-01-03,129,1157,126,962,3,195,0,0,129,1157,0,0,129,1157,California
Nevada,2021-01-04,71,1228,47,1009,24,219,0,0,71,1228,0,0,71,1228,California
Nevada,2021-01-05,273,1501,132,1141,141,360,0,0,272,1499,1,1,272,1500,California
Nevada,2021-01-06,91,1592,43,1184,48,408,0,0,83,1574,8,9,83,1583,California
Nevada,2021-01-07,215,1807,43,1227,172,580,0,0,208,1777,6,15,209,1792,California
Nevada,2021-01-08,223,2030,129,1356,94,674,0,0,170,1895,53,68,171,1963,California
Nevada,2021-01-09,63,2093,56,1412,7,681,0,0,15,1862,48,116,15,1978,California
Nevada,2021-01-10,18,2111,9,1421,9,690,0,0,10,1864,8,124,10,1988,California
Nevada,2021-01-11,185,2296,131,1552,54,744,0,0,57,1793,128,252,57,2045,California
Nevada,2021-01-12,595,2891,449,2001,146,890,0,0,529,2256,66,318,529,2574,California
Nevada,2021-01-13,259,3150,146,2147,113,1003,0,0,125,2247,134,452,125,2699,California
Nevada,2021-01-14,237,3387,127,2274,110,1113,0,0,219,2449,17,469,219,2918,California
Nevada,2021-01-15,396,3783,170,2444,226,1339,0,0,298,2649,98,567,298,3216,California
Nevada,2021-01-16,297,4080,15,2459,282,1621,0,0,293,2938,4,571,293,3509,California
Nevada,2021-01-17,36,4116,32,2491,4,1625,0,0,34,2970,2,573,34,3543,California
Nevada,2021-01-18,155,4271,45,2536,110,1735,0,0,143,3101,12,585,143,3686,California
Nevada,2021-01-19,243,4514,85,2621,158,1893,0,0,223,3304,20,605,223,3909,California
Nevada,2021-01-20,269,4783,164,2785,105,1998,0,0,256,3547,13,618,256,4165,California
Nevada,2021-01-21,339,5122,207,2992,132,2130,0,0,326,3860,13,631,326,4491,California
Nevada,2021-01-22,368,5490,231,3223,137,2267,0,0,338,4168,30,661,338,4829,California
Nevada,2021-01-23,178,5668,105,3328,73,2340,0,0,178,4346,0,661,178,5007,California
Nevada,2021-01-24,105,5773,98,3426,7,2347,0,0,66,4373,39,700,66,5073,California
Nevada,2021-01-25,265,6038,136,3562,129,2476,0,0,204,4516,61,761,204,5277,California
Nevada,2021-01-26,402,6440,141,3703,261,2737,0,0,298,4710,104,865,298,5575,California
Nevada,2021-01-27,421,6861,248,3951,173,2910,0,0,397,5083,24,889,397,5972,California
Nevada,2021-01-28,470,7331,319,4270,151,3061,0,0,426,5466,43,932,426,6398,California
Nevada,2021-01-29,605,7936,394,4664,211,3272,0,0,578,6019,26,958,579,6977,California
Nevada,2021-01-30,232,8168,105,4769,127,3399,0,0,229,6245,3,961,229,7206,California
Nevada,2021-01-31,104,8272,87,4856,17,3416,0,0,102,6347,1,962,103,7309,California
Nevada,2021-02-01,291,8563,71,4927,220,3636,0,0,277,6610,14,976,277,7586,California
Nevada,2021-02-02,520,9083,182,5109,338,3974,0,0,321,6732,199,1175,321,7907,California
Nevada,2021-02-03,814,9897,573,5682,241,4215,0,0,760,7439,53,1228,760,8667,California
Nevada,2021-02-04,737,10634,388,6070,349,4564,0,0,487,7677,249,1477,487,9154,California
Nevada,2021-02-05,649,11283,369,6439,280,4844,0,0,459,7948,188,1665,459,9613,California
Nevada,2021-02-06,269,11552,82,6521,187,5031,0,0,242,8163,27,1692,242,9855,California
Nevada,2021-02-07,247,11799,194,6715,53,5084,0,0,193,8302,54,1746,193,10048,California
Nevada,2021-02-08,653,12452,407,7122,246,5330,0,0,552,8753,101,1847,552,10600,California
Nevada,2021-02-09,603,13055,337,7459,266,5596,0,0,464,9078,139,1986,464,11064,California
Nevada,2021-02-10,650,13705,325,7784,325,5921,0,0,419,9267,231,2217,420,11484,California
Nevada,2021-02-11,873,14578,505,8289,368,6289,0,0,544,9483,328,2545,544,12028,California
Nevada,2021-02-12,942,15520,438,8727,504,6793,0,0,621,9786,318,2863,621,12649,California
Nevada,2021-02-13,601,16121,236,8963,365,7158,0,0,387,9965,209,3072,388,13037,California
Nevada,2021-02-14,231,16352,120,9083,111,7269,0,0,203,10140,28,3100,203,13240,California
Nevada,2021-02-15,713,17065,438,9521,275,7544,0,0,539,10505,174,3274,539,13779,California
Nevada,2021-02-16,622,17687,199,9720,423,7967,0,0,455,10794,166,3440,455,14234,California
Nevada,2021-02-17,1184,18871,763,10483,421,8388,0,0,856,11322,328,3768,856,15090,California
Nevada,2021-02-18,1014,19885,551,11034,463,8851,0,0,604,11518,408,4176,604,15694,California
Nevada,2021-02-19,1013,20898,631,11665,382,9233,0,0,650,11807,362,4538,651,16345,California
Nevada,2021-02-20,298,21196,107,11772,191,9424,0,0,173,11856,124,4662,173,16518,California
Nevada,2021-02-21,95,21291,89,11861,6,9430,0,0,8,11778,86,4748,8,16526,California
Nevada,2021-02-22,498,21789,332,12193,166,9596,0,0,351,11983,146,4894,351,16877,California
Nevada,2021-02-23,484,22273,235,12428,249,9845,0,0,220,11942,261,5155,220,17097,California
Nevada,2021-02-24,478,22751,242,12670,236,10081,0,0,253,11972,225,5380,255,17352,California
Nevada,2021-02-25,860,23611,467,13137,393,10474,0,0,432,11978,426,5806,432,17784,California
Nevada,2021-02-26,1240,24851,883,14020,357,10831,0,0,411,11563,826,6632,411,18195,California
Nevada,2021-02-27,356,25207,111,14131,245,11076,0,0,187,11581,169,6801,187,18382,California
Nevada,2021-02-28,274,25481,160,14291,114,11190,0,0,125,11559,148,6949,126,18508,California
Nevada,2021-03-01,832,26313,435,14726,397,11587,0,0,363,11455,467,7416,363,18871,California
Nevada,2021-03-02,743,27056,293,15019,450,12037,0,0,510,11737,228,7644,510,19381,California
Nevada,2021-03-03,979,28035,502,15521,476,12513,1,1,508,11776,470,8114,509,19890,California
Nevada,2021-03-04,1107,29142,617,16138,490,13003,0,1,466,11605,637,8751,466,20356,California
Nevada,2021-03-05,836,29978,474,16612,352,13355,10,11,374,11529,460,9211,384,20740,California
Nevada,2021-03-06,360,30338,121,16733,212,13567,27,38,144,11483,216,9427,170,20910,California
Nevada,2021-03-07,212,30550,110,16843,83,13650,19,57,70,11430,142,9569,89,20999,California
Nevada,2021-03-08,826,31376,556,17399,224,13874,46,103,376,11404,449,10018,423,21422,California
Nevada,2021-03-09,791,32167,404,17803,338,14212,49,152,465,11593,324,10342,513,21935,California
Nevada,2021-03-10,1002,33169,646,18449,300,14512,56,208,340,11331,657,10999,395,22330,California
Nevada,2021-03-11,1106,34275,727,19176,354,14866,25,233,550,11358,548,11547,575,22905,California
Nevada,2021-03-12,1202,35477,729,19905,443,15309,30,263,509,11206,690,12237,538,23443,California
Nevada,2021-03-13,283,35760,56,19961,222,15531,5,268,109,11147,172,12409,113,23556,California
Nevada,2021-03-14,155,35915,21,19982,128,15659,6,274,32,11062,123,12532,38,23594,California
Nevada,2021-03-15,852,36767,460,20442,380,16039,12,286,360,10945,489,13021,372,23966,California
Nevada,2021-03-16,999,37766,469,20911,468,16507,62,348,640,11289,357,13378,701,24667,California
Nevada,2021-03-17,1021,38787,453,21364,558,17065,10,358,583,11447,435,13813,593,25260,California
Nevada,2021-03-18,983,39770,533,21897,427,17492,23,381,479,11449,500,14313,502,25762,California
Nevada,2021-03-19,760,40530,441,22338,282,17774,37,418,356,11442,400,14713,393,26155,California
Nevada,2021-03-20,822,41352,92,22430,302,18076,428,846,229,11508,587,15300,653,26808,California
Nevada,2021-03-21,58,41410,32,22462,25,18101,1,847,40,11532,17,15317,41,26849,California
Nevada,2021-03-22,800,42210,518,22980,277,18378,5,852,533,11805,265,15582,538,27387,California
Nevada,2021-03-23,858,43068,390,23370,442,18820,26,878,616,12208,239,15821,642,28029,California
Nevada,2021-03-24,1023,44091,543,23913,473,19293,7,885,641,12479,376,16197,647,28676,California
Nevada,2021-03-25,907,44998,458,24371,424,19717,25,910,496,12589,410,16607,520,29196,California
Nevada,2021-03-26,1142,46140,437,24808,666,20383,39,949,818,13124,321,16928,856,30052,California
Nevada,2021-03-27,567,46707,70,24878,481,20864,16,965,385,13343,182,17110,401,30453,California
Nevada,2021-03-28,176,46883,50,24928,113,20977,13,978,38,13259,135,17245,51,30504,California
Nevada,2021-03-29,821,47704,502,25430,297,21274,22,1000,375,13212,443,17688,396,30900,California
Nevada,2021-03-30,1055,48759,482,25912,539,21813,34,1034,486,13171,561,18249,520,31420,California
Nevada,2021-03-31,1181,49940,661,26573,503,22316,17,1051,678,13371,494,18743,694,32114,California
Nevada,2021-04-01,1239,51179,722,27295,464,22780,53,1104,546,13286,684,19427,599,32713,California
Nevada,2021-04-02,1289,52468,661,27956,592,23372,36,1140,761,13560,524,19951,798,33511,California
Nevada,2021-04-03,292,52760,92,28048,161,23533,39,1179,85,13478,206,20157,124,33635,California
Nevada,2021-04-04,129,52889,43,28091,79,23612,7,1186,78,13512,51,20208,85,33720,California
Nevada,2021-04-05,935,53824,616,28707,299,23911,20,1206,622,13845,309,20517,642,34362,California
Nevada,2021-04-06,1077,54901,668,29375,266,24177,143,1349,436,13792,634,21151,581,34943,California
Nevada,2021-04-07,1147,56048,819,30194,245,24422,83,1432,611,13956,529,21680,693,35636,California
Nevada,2021-04-08,1280,57328,892,31086,305,24727,83,1515,705,14172,572,22252,788,36424,California
Nevada,2021-04-09,1247,58575,847,31933,331,25058,69,1584,844,14684,401,22653,913,37337,California
Nevada,2021-04-10,268,58843,77,32010,115,25173,76,1660,108,14709,159,22812,184,37521,California
Nevada,2021-04-11,100,58943,32,32042,64,25237,4,1664,39,14691,61,22873,43,37564,California
Nevada,2021-04-12,745,59688,539,32581,190,25427,16,1680,315,14596,426,23299,331,37895,California
Nevada,2021-04-13,882,60570,351,32932,531,25958,0,1680,467,14650,413,23712,467,38362,California
Nevada,2021-04-14,1048,61618,568,33500,480,26438,0,1680,531,14672,509,24221,531,38893,California
Nevada,2021-04-15,1069,62687,702,34202,367,26805,0,1680,615,14845,442,24663,615,39508,California
Nevada,2021-04-16,891,63578,691,34893,200,27005,0,1680,515,14985,375,25038,515,40023,California
Nevada,2021-04-17,194,63772,49,34942,145,27150,0,1680,84,14961,108,25146,84,40107,California
Nevada,2021-04-18,185,63957,20,34962,165,27315,0,1680,102,14980,83,25229,102,40209,California
Nevada,2021-04-19,749,64706,480,35442,269,27584,0,1680,304,14848,436,25665,304,40513,California
Nevada,2021-04-20,798,65504,310,35752,488,28072,0,1680,301,14658,491,26156,301,40814,California
Nevada,2021-04-21,907,66411,495,36247,412,28484,0,1680,273,14306,625,26781,273,41087,California
Nevada,2021-04-22,996,67407,621,36868,375,28859,0,1680,342,14005,643,27424,342,41429,California
Nevada,2021-04-23,1220,68627,540,37408,680,29539,0,1680,396,13588,813,28237,396,41825,California
Nevada,2021-04-24,521,69148,72,37480,449,29988,0,1680,168,13405,351,28588,168,41993,California
Nevada,2021-04-25,116,69264,60,37540,51,30039,5,1685,52,13398,63,28651,56,42049,California
Nevada,2021-04-26,712,69976,533,38073,171,30210,8,1693,204,13112,498,29149,212,42261,California
Nevada,2021-04-27,773,70749,348,38421,420,30630,5,1698,398,13149,366,29515,403,42664,California
Nevada,2021-04-28,985,71734,579,39000,401,31031,5,1703,383,12940,597,30112,388,43052,California
Nevada,2021-04-29,1010,72744,707,39707,299,31330,4,1707,274,12485,733,30845,278,43330,California
Nevada,2021-04-30,1223,73967,724,40431,490,31820,9,1716,201,11675,1020,31865,210,43540,California
Nevada,2021-05-01,144,74111,65,40496,75,31895,4,1720,64,11665,78,31943,68,43608,California
Nevada,2021-05-02,54,74165,30,40526,20,31915,4,1724,19,11653,35,31978,23,43631,California
Nevada,2021-05-03,606,74771,404,40930,183,32098,19,1743,177,11423,425,32403,195,43826,California
Nevada,2021-05-04,584,75355,169,41099,397,32495,18,1761,331,11523,249,32652,349,44175,California
Nevada,2021-05-05,731,76086,380,41479,337,32832,14,1775,318,11451,404,33056,332,44507,California
Nevada,2021-05-06,800,76886,561,42040,228,33060,11,1786,196,11063,595,33651,207,44714,California
Nevada,2021-05-07,881,77767,488,42528,358,33418,35,1821,193,10607,684,34335,228,44942,California
Nevada,2021-05-08,172,77939,20,42548,132,33550,20,1841,81,10618,90,34425,101,45043,California
Nevada,2021-05-09,41,77980,7,42555,32,33582,2,1843,18,10615,23,34448,20,45063,California
Nevada,2021-05-10,389,78369,247,42802,118,33700,24,1867,75,10401,313,34761,99,45162,California
Nevada,2021-05-11,510,78879,150,42952,347,34047,13,1880,127,10166,375,35136,140,45302,California
Nevada,2021-05-12,531,79410,228,43180,292,34339,11,1891,149,9952,374,35510,160,45462,California
Nevada,2021-05-13,799,80209,534,43714,257,34596,8,1899,411,9992,379,35889,419,45881,California
Nevada,2021-05-14,769,80978,580,44294,171,34767,18,1917,429,10102,337,36226,447,46328,California
Nevada,2021-05-15,181,81159,82,44376,91,34858,8,1925,83,10096,97,36323,91,46419,California
Nevada,2021-05-16,155,81314,51,44427,104,34962,0,1925,53,10047,102,36425,53,46472,California
Nevada,2021-05-17,492,81806,313,44740,149,35111,30,1955,216,10028,265,36690,246,46718,California
Nevada,2021-05-18,410,82216,253,44993,153,35264,4,1959,219,10062,189,36879,223,46941,California
Nevada,2021-05-19,489,82705,356,45349,129,35393,4,1963,255,10096,225,37104,259,47200,California
Nevada,2021-05-20,564,83269,321,45670,232,35625,11,1974,198,9944,361,37465,209,47409,California
Nevada,2021-05-21,447,83716,284,45954,155,35780,8,1982,197,9903,246,37711,205,47614,California
Nevada,2021-05-22,201,83917,16,45970,96,35876,89,2071,27,9845,174,37885,116,47730,California
Nevada,2021-05-23,25,83942,5,45975,20,35896,0,2071,7,9834,18,37903,7,47737,California
Nevada,2021-05-24,303,84245,213,46188,77,35973,13,2084,103,9753,197,38100,116,47853,California
Nevada,2021-05-25,334,84579,80,46268,243,36216,11,2095,83,9601,246,38346,94,47947,California
Nevada,2021-05-26,429,85008,180,46448,240,36456,9,2104,114,9416,308,38654,123,48070,California
Nevada,2021-05-27,420,85428,227,46675,177,36633,16,2120,187,9390,229,38883,203,48273,California
Nevada,2021-05-28,224,85652,171,46846,46,36679,7,2127,118,9410,105,38988,125,48398,California
Orange,2020-12-15,16,16,16,16,0,0,0,0,16,16,0,0,16,16,California
Orange,2020-12-16,392,408,392,408,0,0,0,0,392,408,0,0,392,408,California
Orange,2020-12-17,3739,4147,3739,4147,0,0,0,0,3738,4146,0,0,3738,4146,California
Orange,2020-12-18,5067,9214,5059,9206,8,8,0,0,5066,9212,0,0,5066,9212,California
Orange,2020-12-19,2233,11447,2226,11432,7,15,0,0,2232,11444,0,0,2232,11444,California
Orange,2020-12-20,1989,13436,1986,13418,3,18,0,0,1990,13434,0,0,1990,13434,California
Orange,2020-12-21,4261,17697,4255,17673,6,24,0,0,4261,17695,0,0,4261,17695,California
Orange,2020-12-22,3993,21690,3958,21631,35,59,0,0,3993,21688,0,0,3993,21688,California
Orange,2020-12-23,3591,25281,3225,24856,366,425,0,0,3593,25281,0,0,3593,25281,California
Orange,2020-12-24,1382,26663,1078,25934,304,729,0,0,1382,26663,0,0,1382,26663,California
Orange,2020-12-25,17,26680,12,25946,5,734,0,0,17,26680,0,0,17,26680,California
Orange,2020-12-26,1081,27761,424,26370,657,1391,0,0,1081,27761,0,0,1081,27761,California
Orange,2020-12-27,583,28344,276,26646,307,1698,0,0,583,28344,0,0,583,28344,California
Orange,2020-12-28,3616,31960,2638,29284,978,2676,0,0,3616,31960,0,0,3616,31960,California
Orange,2020-12-29,3503,35463,2490,31774,1013,3689,0,0,3502,35461,1,1,3502,35462,California
Orange,2020-12-30,5123,40586,3546,35320,1577,5266,0,0,5123,40584,0,1,5123,40585,California
Orange,2020-12-31,1501,42087,803,36123,698,5964,0,0,1500,42083,1,2,1500,42085,California
Orange,2021-01-01,613,42700,330,36453,283,6247,0,0,612,42694,1,3,612,42697,California
Orange,2021-01-02,1355,44055,850,37303,505,6752,0,0,1355,44049,0,3,1355,44052,California
Orange,2021-01-03,584,44639,325,37628,259,7011,0,0,584,44633,0,3,584,44636,California
Orange,2021-01-04,2757,47396,1574,39202,1183,8194,0,0,2758,47390,1,4,2758,47394,California
Orange,2021-01-05,3539,50935,2318,41520,1221,9415,0,0,3131,50120,404,408,3134,50528,California
Orange,2021-01-06,5009,55944,3477,44997,1532,10947,0,0,3641,52405,1356,1764,3641,54169,California
Orange,2021-01-07,9293,65237,5186,50183,4107,15054,0,0,5711,54551,3569,5333,5715,59884,California
Orange,2021-01-08,9442,74679,5286,55469,4156,19210,0,0,5668,56458,3764,9097,5671,65555,California
Orange,2021-01-09,5021,79700,1757,57226,3264,22474,0,0,3736,58909,1285,10382,3736,69291,California
Orange,2021-01-10,4247,83947,1048,58274,3199,25673,0,0,3366,61399,880,11262,3370,72661,California
Orange,2021-01-11,9455,93402,4910,63184,4545,30218,0,0,5829,63600,3629,14891,5830,78491,California
Orange,2021-01-12,8933,102335,4835,68019,4098,34316,0,0,5461,65592,3470,18361,5462,83953,California
Orange,2021-01-13,10274,112609,4932,72951,5342,39658,0,0,7065,69459,3205,21566,7072,91025,California
Orange,2021-01-14,9990,122599,3786,76737,6204,45862,0,0,8399,76275,1589,23155,8405,99430,California
Orange,2021-01-15,10198,132797,2633,79370,7565,53427,0,0,9317,84709,889,24044,9323,108753,California
Orange,2021-01-16,8715,141512,2092,81462,6623,60050,0,0,8318,92636,396,24440,8323,117076,California
Orange,2021-01-17,8165,149677,1485,82947,6680,66730,0,0,8016,100513,149,24589,8026,125102,California
Orange,2021-01-18,9709,159386,4411,87358,5298,72028,0,0,7445,105696,2265,26854,7448,132550,California
Orange,2021-01-19,7538,166924,5454,92812,2084,74112,0,0,4905,107969,2633,29487,4906,137456,California
Orange,2021-01-20,8397,175321,5922,98734,2475,76587,0,0,5345,110269,3052,32539,5352,142808,California
Orange,2021-01-21,11023,186344,4909,103643,6114,82701,0,0,10201,119660,821,33360,10212,153020,California
Orange,2021-01-22,13692,200036,5158,108801,8534,91235,0,0,12832,131647,853,34213,12840,165860,California
Orange,2021-01-23,13157,213193,6192,114993,6965,98200,0,0,12226,142952,929,35142,12234,178094,California
Orange,2021-01-24,9825,223018,4296,119289,5529,103729,0,0,9491,152117,330,35472,9495,187589,California
Orange,2021-01-25,10470,233488,5874,125163,4596,108325,0,0,7732,157123,2731,38203,7737,195326,California
Orange,2021-01-26,11908,245396,7718,132881,4190,112515,0,0,9735,164692,2169,40372,9738,205064,California
Orange,2021-01-27,13457,258853,8016,140897,5441,117956,0,0,10745,172741,2701,43073,10750,215814,California
Orange,2021-01-28,13062,271915,7225,148122,5837,123793,0,0,11177,182056,1870,44943,11185,226999,California
Orange,2021-01-29,13655,285570,8469,156591,5186,128979,0,0,10754,189928,2885,47828,10757,237756,California
Orange,2021-01-30,12976,298546,4478,161069,8498,137477,0,0,12198,201366,763,48591,12201,249957,California
Orange,2021-01-31,13707,312253,4928,165997,8779,146256,0,0,13263,214198,438,49029,13270,263227,California
Orange,2021-02-01,14825,327078,6511,172508,8314,154570,0,0,12353,224107,2450,51479,12359,275586,California
Orange,2021-02-02,15037,342115,7964,180472,7073,161643,0,0,12563,234231,2443,53922,12567,288153,California
Orange,2021-02-03,16590,358705,12403,192875,4187,165830,0,0,13632,244988,2880,56802,13637,301790,California
Orange,2021-02-04,19948,378653,13053,205928,6895,172725,0,0,14836,254750,5082,61884,14844,316634,California
Orange,2021-02-05,20761,399414,11998,217926,8763,181488,0,0,14443,262922,6276,68160,14448,331082,California
Orange,2021-02-06,16379,415793,10826,228752,5553,187041,0,0,11106,268988,5258,73418,11324,342406,California
Orange,2021-02-07,11533,427326,8103,236855,3430,190471,0,0,7552,272744,3965,77383,7721,350127,California
Orange,2021-02-08,15025,442351,8644,245499,6381,196852,0,0,8990,275727,6008,83391,8991,359118,California
Orange,2021-02-09,17746,460097,12086,257585,5660,202512,0,0,10707,279473,6966,90357,10712,369830,California
Orange,2021-02-10,20913,481010,11167,268752,9746,212258,0,0,12689,284040,8131,98488,12698,382528,California
Orange,2021-02-11,22157,503167,11527,280279,10630,222888,0,0,12403,286838,9623,108111,12421,394949,California
Orange,2021-02-12,24879,528046,11986,292265,12893,235781,0,0,14640,291309,10175,118286,14646,409595,California
Orange,2021-02-13,22014,550060,11902,304167,10112,245893,0,0,11162,292415,10698,128984,11804,421399,California
Orange,2021-02-14,16172,566232,6537,310704,9635,255528,0,0,9539,295350,6605,135589,9540,430939,California
Orange,2021-02-15,17272,583504,7402,318106,9870,265398,0,0,8899,295928,8330,143919,8908,439847,California
Orange,2021-02-16,19984,603488,9007,327113,10977,276375,0,0,10755,297529,9179,153098,10780,450627,California
Orange,2021-02-17,17958,621446,9369,336482,8589,284964,0,0,9214,298082,8692,161790,9245,459872,California
Orange,2021-02-18,15070,636516,9893,346375,5177,290141,0,0,6812,296700,8204,169994,6822,466694,California
Orange,2021-02-19,18209,654725,10883,357258,7326,297467,0,0,6929,292414,11227,181221,6941,473635,California
Orange,2021-02-20,7538,662263,5625,362883,1913,299380,0,0,3786,292483,3728,184949,3797,477432,California
Orange,2021-02-21,4587,666850,3895,366778,692,300072,0,0,935,289809,3613,188562,939,478371,California
Orange,2021-02-22,9706,676556,7913,374691,1793,301865,0,0,3914,287981,5761,194323,3933,482304,California
Orange,2021-02-23,13357,689913,7320,382011,6037,307902,0,0,3514,281732,9777,204100,3528,485832,California
Orange,2021-02-24,21183,711096,12838,394849,8345,316247,0,0,5403,271441,15712,219812,5421,491253,California
Orange,2021-02-25,22726,733822,12319,407168,10407,326654,0,0,8005,264816,14646,234458,8021,499274,California
Orange,2021-02-26,27850,761672,14094,421262,13756,340410,0,0,11257,259638,16460,250918,11282,510556,California
Orange,2021-02-27,25120,786792,10203,431465,14914,355324,3,3,7329,249304,17681,268599,7347,517903,California
Orange,2021-02-28,19127,805919,7424,438889,11703,367027,0,3,4828,239973,14176,282775,4845,522748,California
Orange,2021-03-01,18611,824530,8510,447399,10092,377119,9,12,7219,235920,11295,294070,7242,529990,California
Orange,2021-03-02,19313,843843,9318,456717,9992,387111,3,15,9455,235602,9804,303874,9486,539476,California
Orange,2021-03-03,20672,864515,9760,466477,10908,398019,4,19,11104,237248,9484,313358,11130,550606,California
Orange,2021-03-04,22478,886993,12959,479436,9505,407524,14,33,11634,238118,10804,324162,11674,562280,California
Orange,2021-03-05,21108,908101,11017,490453,10043,417567,48,81,12962,243090,8099,332261,13071,575351,California
Orange,2021-03-06,24154,932255,13303,503756,9985,427552,866,947,12766,245401,11344,343605,13655,589006,California
Orange,2021-03-07,15071,947326,8491,512247,6176,433728,404,1351,8799,248393,6231,349836,9223,598229,California
Orange,2021-03-08,16447,963773,7599,519846,7581,441309,1267,2618,10620,254529,5776,355612,11912,610141,California
Orange,2021-03-09,20922,984695,9695,529541,8783,450092,2444,5062,12376,260842,8503,364115,14816,624957,California
Orange,2021-03-10,24766,1009461,12155,541696,9161,459253,3450,8512,12515,264613,12188,376303,15959,640916,California
Orange,2021-03-11,29061,1038522,15732,557428,9108,468361,4221,12733,13470,266806,15495,391798,17688,658604,California
Orange,2021-03-12,29450,1067972,14358,571786,11227,479588,3865,16598,14820,270985,14547,406345,18726,677330,California
Orange,2021-03-13,27861,1095833,10259,582045,13665,493253,3937,20535,14110,275356,13689,420034,18060,695390,California
Orange,2021-03-14,18909,1114742,8225,590270,8139,501392,2545,23080,11807,282624,7070,427104,14338,709728,California
Orange,2021-03-15,23081,1137823,10175,600445,12143,513535,763,23843,14389,289162,8606,435710,15144,724872,California
Orange,2021-03-16,26440,1164263,11178,611623,15031,528566,231,24074,17158,297355,9201,444911,17394,742266,California
Orange,2021-03-17,27393,1191656,13594,625217,13205,541771,594,24668,19475,309579,7843,452754,20067,762333,California
Orange,2021-03-18,27836,1219492,14001,639218,13554,555325,281,24949,21644,325383,6124,458878,21928,784261,California
Orange,2021-03-19,33654,1253146,18499,657717,14708,570033,447,25396,24971,342244,8568,467446,25429,809690,California
Orange,2021-03-20,25827,1278973,13600,671317,12019,582052,208,25604,22015,360726,3748,471194,22230,831920,California
Orange,2021-03-21,18525,1297498,10702,682019,7089,589141,734,26338,15733,374431,2762,473956,16467,848387,California
Orange,2021-03-22,22781,1320279,11791,693810,10668,599809,322,26660,19199,390472,3490,477446,19531,867918,California
Orange,2021-03-23,26065,1346344,13550,707360,11873,611682,642,27302,20692,406520,5291,482737,21339,889257,California
Orange,2021-03-24,29163,1375507,16276,723636,11965,623647,922,28224,21993,422361,7077,489814,22918,912175,California
Orange,2021-03-25,32490,1407997,17277,740913,14503,638150,710,28934,24282,439239,8113,497927,24991,937166,California
Orange,2021-03-26,34937,1442934,18135,759048,15938,654088,864,29798,24881,455045,9944,507871,25750,962916,California
Orange,2021-03-27,28544,1471478,13678,772726,14551,668639,315,30113,19813,466542,8635,516506,20132,983048,California
Orange,2021-03-28,24805,1496283,12878,785604,11859,680498,68,30181,18553,478993,6173,522679,18624,1001672,California
Orange,2021-03-29,26564,1522847,12162,797766,13835,694333,567,30748,17828,488747,8645,531324,18399,1020071,California
Orange,2021-03-30,30914,1553761,13970,811736,16307,710640,637,31385,20456,499471,10369,541693,21093,1041164,California
Orange,2021-03-31,37211,1590972,19535,831271,16964,727604,712,32097,23862,510817,13240,554933,24586,1065750,California
Orange,2021-04-01,40508,1631480,21276,852547,17355,744959,1877,33974,26192,524706,14175,569108,28064,1093814,California
Orange,2021-04-02,40202,1671682,20296,872843,18087,763046,1819,35793,22727,531909,17368,586476,24571,1118385,California
Orange,2021-04-03,30229,1701911,15736,888579,12742,775788,1751,37544,14285,532071,15868,602344,16030,1134415,California
Orange,2021-04-04,18479,1720390,10737,899316,6975,782763,767,38311,8215,530843,10207,612551,8979,1143394,California
Orange,2021-04-05,30064,1750454,14039,913355,12617,795380,3408,41719,13946,532155,16037,628588,17349,1160743,California
Orange,2021-04-06,33438,1783892,15646,929001,14354,809734,3438,45157,14433,531133,18912,647500,17890,1178633,California
Orange,2021-04-07,36091,1819983,20131,949132,11371,821105,4589,49746,15868,531433,20140,667640,20440,1199073,California
Orange,2021-04-08,39143,1859126,21651,970783,12021,833126,5471,55217,18971,535919,20066,687706,24552,1223625,California
Orange,2021-04-09,41012,1900138,23898,994681,11931,845057,5183,60400,18143,536627,22778,710484,23486,1247111,California
Orange,2021-04-10,34507,1934645,18260,1012941,12019,857076,4228,64628,14314,535181,20105,730589,18659,1265770,California
Orange,2021-04-11,25691,1960336,14534,1027475,7887,864963,3270,67898,9848,532632,15793,746382,13244,1279014,California
Orange,2021-04-12,30392,1990728,15379,1042854,11467,876430,3546,71444,11953,529726,18377,764759,15471,1294485,California
Orange,2021-04-13,32347,2023075,18218,1061072,14062,890492,67,71511,15050,527613,17227,781986,15114,1309599,California
Orange,2021-04-14,34425,2057500,20159,1081231,14233,904725,33,71544,15107,523531,19225,801211,15143,1324742,California
Orange,2021-04-15,40184,2097684,24484,1105715,15686,920411,14,71558,18704,520873,21373,822584,18715,1343457,California
Orange,2021-04-16,41271,2138955,24252,1129967,16990,937401,29,71587,18627,517000,22535,845119,18662,1362119,California
Orange,2021-04-17,30400,2169355,17267,1147234,13130,950531,3,71590,13371,513466,16913,862032,13379,1375498,California
Orange,2021-04-18,21431,2190786,12966,1160200,8465,958996,0,71590,8477,509045,12901,874933,8480,1383978,California
Orange,2021-04-19,32471,2223257,17935,1178135,14534,973530,2,71592,14917,506508,17461,892394,14924,1398902,California
Orange,2021-04-20,35194,2258451,18277,1196412,16913,990443,4,71596,17595,506588,17519,909913,17599,1416501,California
Orange,2021-04-21,40656,2299107,23421,1219833,17226,1007669,9,71605,19255,504558,21295,931208,19265,1435766,California
Orange,2021-04-22,39266,2338373,20751,1240584,18506,1026175,9,71614,16331,498094,22806,954014,16342,1452108,California
Orange,2021-04-23,40159,2378532,20767,1261351,19385,1045560,7,71621,17919,493893,22131,976145,17930,1470038,California
Orange,2021-04-24,31976,2410508,16709,1278060,15232,1060792,35,71656,13388,488813,18506,994651,13426,1483464,California
Orange,2021-04-25,22984,2433492,12988,1291048,9982,1070774,14,71670,9870,485649,13053,1007704,9889,1493353,California
Orange,2021-04-26,26117,2459609,12763,1303811,13161,1083935,193,71863,11509,482836,14514,1022218,11701,1505054,California
Orange,2021-04-27,28632,2488241,13371,1317182,14759,1098694,502,72365,11005,476871,17474,1039692,11509,1516563,California
Orange,2021-04-28,30811,2519052,15425,1332607,14511,1113205,875,73240,12358,471754,18346,1058038,13229,1529792,California
Orange,2021-04-29,31685,2550737,17406,1350013,13320,1126525,959,74199,11324,463762,20268,1078306,12276,1542068,California
Orange,2021-04-30,29763,2580500,16984,1366997,11841,1138366,938,75137,12669,460360,17003,1095309,13601,1555669,California
Orange,2021-05-01,22067,2602567,14923,1381920,6158,1144524,986,76123,8689,456724,13301,1108610,9665,1565334,California
Orange,2021-05-02,15391,2617958,10235,1392155,4513,1149037,643,76766,5373,452784,9952,1118562,6012,1571346,California
Orange,2021-05-03,20547,2638505,12535,1404690,7254,1156291,758,77524,6462,445988,14014,1132576,7218,1578564,California
Orange,2021-05-04,23601,2662106,13458,1418148,9234,1165525,909,78433,8169,439720,15333,1147909,9065,1587629,California
Orange,2021-05-05,24724,2686830,13802,1431950,10027,1175552,895,79328,8086,432188,16513,1164422,8981,1596610,California
Orange,2021-05-06,26392,2713222,15970,1447920,9422,1184974,1000,80328,7293,421501,18973,1183395,8286,1604896,California
Orange,2021-05-07,28387,2741609,16863,1464783,10472,1195446,1052,81380,8033,410429,20152,1203547,9080,1613976,California
Orange,2021-05-08,18395,2760004,12156,1476939,5465,1200911,774,82154,5426,403729,12895,1216442,6195,1620171,California
Orange,2021-05-09,10961,2770965,8328,1485267,2257,1203168,376,82530,2885,398965,8025,1224467,3261,1623432,California
Orange,2021-05-10,18988,2789953,11561,1496828,6652,1209820,775,83305,4264,389370,14634,1239101,5039,1628471,California
Orange,2021-05-11,21235,2811188,11718,1508546,8850,1218670,667,83972,5037,378969,16101,1255202,5700,1634171,California
Orange,2021-05-12,22552,2833740,13876,1522422,7923,1226593,753,84725,6298,369882,16137,1271339,7050,1641221,California
Orange,2021-05-13,19878,2853618,12119,1534541,7227,1233820,532,85257,7208,365051,12573,1283912,7742,1648963,California
Orange,2021-05-14,25645,2879263,16730,1551271,8112,1241932,803,86060,10408,361116,15139,1299051,11204,1660167,California
Orange,2021-05-15,19801,2899064,14332,1565603,4922,1246854,547,86607,8023,357966,11718,1310769,8568,1668735,California
Orange,2021-05-16,15089,2914153,12402,1578005,2345,1249199,342,86949,6502,356272,8539,1319308,6845,1675580,California
Orange,2021-05-17,19278,2933431,12626,1590631,5959,1255158,693,87642,7299,352344,11922,1331230,7994,1683574,California
Orange,2021-05-18,20404,2953835,11928,1602559,7811,1262969,665,88307,8470,349618,11852,1343082,9126,1692700,California
Orange,2021-05-19,22319,2976154,12720,1615279,8934,1271903,665,88972,8034,344135,14174,1357256,8691,1701391,California
Orange,2021-05-20,18046,2994200,10308,1625587,7162,1279065,576,89548,6105,338957,11858,1369114,6680,1708071,California
Orange,2021-05-21,21046,3015246,11741,1637328,8701,1287766,604,90152,6739,332087,14217,1383331,7347,1715418,California
Orange,2021-05-22,14307,3029553,9677,1647005,4160,1291926,470,90622,5551,329413,8689,1392020,6015,1721433,California
Orange,2021-05-23,6732,3036285,4788,1651793,1734,1293660,210,90832,2265,327450,4437,1396457,2474,1723907,California
Orange,2021-05-24,15086,3051371,8844,1660637,5638,1299298,604,91436,5723,324491,9283,1405740,6324,1730231,California
Orange,2021-05-25,15326,3066697,8994,1669631,5843,1305141,489,91925,5756,321253,9476,1415216,6238,1736469,California
Orange,2021-05-26,14915,3081612,8313,1677944,6110,1311251,492,92417,5544,317992,9291,1424507,6030,1742499,California
Orange,2021-05-27,14057,3095669,8485,1686429,5051,1316302,521,92938,6231,316985,7755,1432262,6748,1749247,California
Orange,2021-05-28,8075,3103744,3932,1690361,3813,1320115,330,93268,2253,313786,5776,1438038,2577,1751824,California
Placer,2020-12-15,29,29,29,29,0,0,0,0,29,29,0,0,29,29,California
Placer,2020-12-16,56,85,56,85,0,0,0,0,56,85,0,0,56,85,California
Placer,2020-12-17,140,225,140,225,0,0,0,0,140,225,0,0,140,225,California
Placer,2020-12-18,332,557,332,557,0,0,0,0,332,557,0,0,332,557,California
Placer,2020-12-19,252,809,252,809,0,0,0,0,252,809,0,0,252,809,California
Placer,2020-12-20,235,1044,235,1044,0,0,0,0,235,1044,0,0,235,1044,California
Placer,2020-12-21,495,1539,493,1537,2,2,0,0,495,1539,0,0,495,1539,California
Placer,2020-12-22,676,2215,669,2206,7,9,0,0,676,2215,0,0,676,2215,California
Placer,2020-12-23,753,2968,665,2871,88,97,0,0,753,2968,0,0,753,2968,California
Placer,2020-12-24,398,3366,347,3218,51,148,0,0,398,3366,0,0,398,3366,California
Placer,2020-12-26,156,3522,112,3330,44,192,0,0,156,3522,0,0,156,3522,California
Placer,2020-12-27,187,3709,164,3494,23,215,0,0,187,3709,0,0,187,3709,California
Placer,2020-12-28,670,4379,543,4037,127,342,0,0,670,4379,0,0,670,4379,California
Placer,2020-12-29,763,5142,514,4551,249,591,0,0,763,5142,0,0,763,5142,California
Placer,2020-12-30,729,5871,456,5007,273,864,0,0,727,5869,0,0,727,5869,California
Placer,2020-12-31,530,6401,344,5351,186,1050,0,0,530,6399,0,0,530,6399,California
Placer,2021-01-01,15,6416,11,5362,4,1054,0,0,15,6414,0,0,15,6414,California
Placer,2021-01-02,185,6601,153,5515,32,1086,0,0,185,6599,0,0,185,6599,California
Placer,2021-01-03,153,6754,78,5593,75,1161,0,0,153,6752,0,0,153,6752,California
Placer,2021-01-04,620,7374,181,5774,439,1600,0,0,620,7372,0,0,620,7372,California
Placer,2021-01-05,725,8099,159,5933,566,2166,0,0,642,7933,82,82,643,8015,California
Placer,2021-01-06,761,8860,247,6180,514,2680,0,0,617,8406,144,226,617,8632,California
Placer,2021-01-07,986,9846,368,6548,618,3298,0,0,781,8982,205,431,781,9413,California
Placer,2021-01-08,1181,11027,528,7076,653,3951,0,0,852,9508,326,757,852,10265,California
Placer,2021-01-09,450,11477,321,7397,129,4080,0,0,234,9527,215,972,234,10499,California
Placer,2021-01-10,329,11806,186,7583,143,4223,0,0,164,9526,165,1137,164,10663,California
Placer,2021-01-11,1428,13234,808,8391,620,4843,0,0,838,9775,590,1727,839,11502,California
Placer,2021-01-12,1655,14889,878,9269,777,5620,0,0,1054,10228,601,2328,1054,12556,California
Placer,2021-01-13,1636,16525,822,10091,814,6434,0,0,1211,11019,423,2751,1214,13770,California
Placer,2021-01-14,1791,18316,658,10749,1133,7567,0,0,1433,12098,355,3106,1434,15204,California
Placer,2021-01-15,1933,20249,717,11466,1216,8783,0,0,1582,13331,350,3456,1583,16787,California
Placer,2021-01-16,1467,21716,716,12182,751,9534,0,0,1346,14557,121,3577,1347,18134,California
Placer,2021-01-17,562,22278,395,12577,167,9701,0,0,429,14853,133,3710,429,18563,California
Placer,2021-01-18,992,23270,554,13131,438,10139,0,0,751,15364,241,3951,752,19315,California
Placer,2021-01-19,2626,25896,1962,15093,664,10803,0,0,2172,17082,454,4405,2172,21487,California
Placer,2021-01-20,2279,28175,1707,16800,572,11375,0,0,1948,18700,331,4736,1949,23436,California
Placer,2021-01-21,2561,30736,1120,17920,1441,12816,0,0,2169,20479,391,5127,2170,25606,California
Placer,2021-01-22,2352,33088,645,18565,1707,14523,0,0,2178,22486,172,5299,2179,27785,California
Placer,2021-01-23,1189,34277,380,18945,809,15332,0,0,1034,23365,155,5454,1034,28819,California
Placer,2021-01-24,503,34780,259,19204,244,15576,0,0,431,23725,72,5526,432,29251,California
Placer,2021-01-25,1680,36460,809,20013,871,16447,0,0,1387,24820,293,5819,1388,30639,California
Placer,2021-01-26,1860,38320,1035,21048,825,17272,0,0,1595,26150,265,6084,1595,32234,California
Placer,2021-01-27,1843,40163,1157,22205,686,17958,0,0,1599,27508,242,6326,1600,33834,California
Placer,2021-01-28,1808,41971,1119,23324,689,18647,0,0,1559,28820,247,6573,1559,35393,California
Placer,2021-01-29,1898,43869,1172,24496,726,19373,0,0,1706,30337,191,6764,1708,37101,California
Placer,2021-01-30,1727,45596,972,25468,755,20128,0,0,1606,31823,120,6884,1606,38707,California
Placer,2021-01-31,783,46379,626,26094,157,20285,0,0,715,32471,68,6952,716,39423,California
Placer,2021-02-01,2074,48453,1094,27188,980,21265,0,0,1760,33917,314,7266,1760,41183,California
Placer,2021-02-02,2388,50841,1547,28735,841,22106,0,0,1895,35322,490,7756,1895,43078,California
Placer,2021-02-03,2922,53763,1881,30616,1041,23147,0,0,2296,36996,622,8378,2296,45374,California
Placer,2021-02-04,2761,56524,1191,31807,1570,24717,0,0,1936,38112,821,9199,1937,47311,California
Placer,2021-02-05,2734,59258,1215,33022,1519,26236,0,0,1403,38189,1326,10525,1403,48714,California
Placer,2021-02-06,1964,61222,1323,34345,641,26877,0,0,1417,39059,547,11072,1417,50131,California
Placer,2021-02-07,1222,62444,911,35256,311,27188,0,0,938,39714,283,11355,938,51069,California
Placer,2021-02-08,3300,65744,1766,37022,1534,28722,0,0,1943,40308,1350,12705,1944,53013,California
Placer,2021-02-09,3553,69297,2179,39201,1374,30096,0,0,1646,40049,1905,14610,1646,54659,California
Placer,2021-02-10,3766,73063,2205,41406,1561,31657,0,0,1758,39804,2005,16615,1760,56419,California
Placer,2021-02-11,3706,76769,1913,43319,1793,33450,0,0,1576,39264,2117,18732,1577,57996,California
Placer,2021-02-12,2856,79625,1330,44649,1526,34976,0,0,1666,39778,1153,19885,1667,59663,California
Placer,2021-02-13,2531,82156,1474,46123,1057,36033,0,0,1890,41027,641,20526,1890,61553,California
Placer,2021-02-14,1087,83243,679,46802,408,36441,0,0,739,41420,346,20872,739,62292,California
Placer,2021-02-15,2254,85497,1049,47851,1205,37646,0,0,1537,42241,717,21589,1538,63830,California
Placer,2021-02-16,3583,89080,1786,49637,1797,39443,0,0,1592,41852,1982,23571,1593,65423,California
Placer,2021-02-17,3547,92627,1968,51605,1579,41022,0,0,1513,41335,2030,25601,1513,66936,California
Placer,2021-02-18,3801,96428,2052,53657,1749,42771,0,0,1616,40776,2176,27777,1617,68553,California
Placer,2021-02-19,3601,100029,1920,55577,1681,44452,0,0,1339,39859,2257,30034,1340,69893,California
Placer,2021-02-20,2010,102039,1263,56840,747,45199,0,0,917,39692,1087,31121,920,70813,California
Placer,2021-02-21,975,103014,729,57569,246,45445,0,0,279,39279,693,31814,280,71093,California
Placer,2021-02-22,2528,105542,1777,59346,751,46196,0,0,605,37962,1922,33736,605,71698,California
Placer,2021-02-23,2570,108112,1593,60939,977,47173,0,0,885,37163,1684,35420,885,72583,California
Placer,2021-02-24,3299,111411,1182,62121,2117,49290,0,0,1797,37470,1492,36912,1799,74382,California
Placer,2021-02-25,3641,115052,1525,63646,2116,51406,0,0,1970,37779,1663,38575,1972,76354,California
Placer,2021-02-26,4101,119153,2374,66020,1727,53133,0,0,2352,38386,1745,40320,2352,78706,California
Placer,2021-02-27,2823,121976,1496,67516,1327,54460,0,0,1448,38468,1369,41689,1451,80157,California
Placer,2021-02-28,1405,123381,799,68315,606,55066,0,0,588,38244,812,42501,588,80745,California
Placer,2021-03-01,3007,126388,1993,70308,1014,56080,0,0,1561,38364,1441,43942,1561,82306,California
Placer,2021-03-02,2889,129277,1780,72088,1109,57189,0,0,1890,39260,994,44936,1890,84196,California
Placer,2021-03-03,3333,132610,1430,73518,1903,59092,0,0,1819,39572,1508,46444,1820,86016,California
Placer,2021-03-04,3634,136244,1460,74978,2174,61266,0,0,1896,39743,1726,48170,1897,87913,California
Placer,2021-03-05,3016,139260,1039,76017,1956,63222,21,21,1813,40377,1200,49370,1834,89747,California
Placer,2021-03-06,2438,141698,1508,77525,834,64056,96,117,938,39920,1491,50861,1034,90781,California
Placer,2021-03-07,1306,143004,759,78284,509,64565,38,155,536,39727,767,51628,574,91355,California
Placer,2021-03-08,2914,145918,1832,80116,969,65534,113,268,1651,40230,1261,52889,1764,93119,California
Placer,2021-03-09,3191,149109,1696,81812,1403,66937,92,360,1825,40784,1363,54252,1917,95036,California
Placer,2021-03-10,3302,152411,1336,83148,1859,68796,107,467,1718,41030,1579,55831,1825,96861,California
Placer,2021-03-11,3645,156056,1652,84800,1867,70663,126,593,1748,41020,1887,57718,1877,98738,California
Placer,2021-03-12,3688,159744,1492,86292,1414,72077,782,1375,1259,40640,2423,60141,2043,100781,California
Placer,2021-03-13,2117,161861,744,87036,1254,73331,119,1494,1118,40883,996,61137,1239,102020,California
Placer,2021-03-14,1643,163504,674,87710,820,74151,149,1643,894,41177,749,61886,1043,103063,California
Placer,2021-03-15,3188,166692,1537,89247,1519,75670,132,1775,1765,41654,1421,63307,1898,104961,California
Placer,2021-03-16,3571,170263,1917,91164,1521,77191,133,1908,2284,42796,1276,64583,2418,107379,California
Placer,2021-03-17,3440,173703,1738,92902,1603,78794,99,2007,2218,43896,1219,65802,2319,109698,California
Placer,2021-03-18,4100,177803,2328,95230,1733,80527,39,2046,2866,45573,1227,67029,2904,112602,California
Placer,2021-03-19,3448,181251,2074,97304,1110,81637,264,2310,2200,46796,1240,68269,2463,115065,California
Placer,2021-03-20,2147,183398,900,98204,1150,82787,97,2407,1305,47360,837,69106,1401,116466,California
Placer,2021-03-21,1259,184657,578,98782,671,83458,10,2417,949,48012,307,69413,959,117425,California
Placer,2021-03-22,3274,187931,2107,100889,1077,84535,90,2507,2188,49208,1082,70495,2278,119703,California
Placer,2021-03-23,3534,191465,2103,102992,1340,85875,91,2598,2521,50813,1008,71503,2613,122316,California
Placer,2021-03-24,3794,195259,2002,104994,1695,87570,97,2695,1950,51039,1822,73325,2048,124364,California
Placer,2021-03-25,3856,199115,1865,106859,1893,89463,98,2793,1789,50869,2056,75381,1886,126250,California
Placer,2021-03-26,3779,202894,1673,108532,1875,91338,231,3024,1589,50514,2175,77556,1820,128070,California
Placer,2021-03-27,1593,204487,471,109003,1103,92441,19,3043,647,50241,939,78495,666,128736,California
Placer,2021-03-28,1110,205597,530,109533,570,93011,10,3053,364,49874,741,79236,374,129110,California
Placer,2021-03-29,3581,209178,2000,111533,1547,94558,34,3087,1737,49815,1835,81071,1776,130886,California
Placer,2021-03-30,3975,213153,2096,113629,1836,96394,43,3130,2082,50060,1879,82950,2124,133010,California
Placer,2021-03-31,4098,217251,1831,115460,2192,98586,75,3205,1691,49425,2400,85350,1765,134775,California
Placer,2021-04-01,2984,220235,1437,116897,1500,100086,47,3252,1666,49822,1316,86666,1713,136488,California
Placer,2021-04-02,2855,223090,1463,118360,1328,101414,64,3316,1601,50239,1247,87913,1664,138152,California
Placer,2021-04-03,1856,224946,988,119348,739,102153,129,3445,892,50304,956,88869,1021,139173,California
Placer,2021-04-04,712,225658,362,119710,297,102450,53,3498,286,50221,422,89291,339,139512,California
Placer,2021-04-05,3012,228670,1904,121614,924,103374,184,3682,1754,50908,1252,90543,1939,141451,California
Placer,2021-04-06,4295,232965,2480,124094,1514,104888,301,3983,1532,49985,2756,93299,1833,143284,California
Placer,2021-04-07,4544,237509,2592,126686,1491,106379,461,4444,2082,50073,2456,95755,2544,145828,California
Placer,2021-04-08,4715,242224,2603,129289,1566,107945,546,4990,1584,49092,3119,98874,2138,147966,California
Placer,2021-04-09,4133,246357,2274,131563,1239,109184,620,5610,1238,48071,2887,101761,1866,149832,California
Placer,2021-04-10,2027,248384,880,132443,963,110147,184,5794,866,47962,1158,102919,1049,150881,California
Placer,2021-04-11,1356,249740,533,132976,790,110937,33,5827,455,47552,897,103816,487,151368,California
Placer,2021-04-12,4096,253836,2644,135620,1072,112009,380,6207,2459,48762,1628,105444,2838,154206,California
Placer,2021-04-13,4343,258179,2993,138613,1349,113358,1,6208,2188,48800,2151,107595,2189,156395,California
Placer,2021-04-14,4133,262312,2569,141182,1563,114921,1,6209,1848,48372,2276,109871,1848,158243,California
Placer,2021-04-15,4493,266805,2507,143689,1985,116906,1,6210,2347,48584,2136,112007,2348,160591,California
Placer,2021-04-16,3682,270487,2190,145879,1492,118398,0,6210,1437,47782,2239,114246,1437,162028,California
Placer,2021-04-17,2427,272914,842,146721,1585,119983,0,6210,1519,48398,903,115149,1519,163547,California
Placer,2021-04-18,1183,274097,255,146976,928,120911,0,6210,409,48035,772,115921,409,163956,California
Placer,2021-04-19,2941,277038,1810,148786,1131,122042,0,6210,1171,47440,1767,117688,1172,165128,California
Placer,2021-04-20,3798,280836,2465,151251,1333,123375,0,6210,2422,48494,1368,119056,2422,167550,California
Placer,2021-04-21,3664,284500,2402,153653,1261,124636,1,6211,2389,49612,1272,120328,2390,169940,California
Placer,2021-04-22,3659,288159,2262,155915,1397,126033,0,6211,1743,49443,1912,122240,1743,171683,California
Placer,2021-04-23,3512,291671,2329,158244,1182,127215,1,6212,1374,48687,2131,124371,1375,173058,California
Placer,2021-04-24,2087,293758,1267,159511,819,128034,1,6213,1224,49056,855,125226,1224,174282,California
Placer,2021-04-25,910,294668,501,160012,409,128443,0,6213,562,49270,348,125574,562,174844,California
Placer,2021-04-26,2354,297022,1248,161260,1083,129526,23,6236,1155,49258,1189,126763,1177,176021,California
Placer,2021-04-27,2644,299666,1376,162636,1233,130759,35,6271,1526,49706,1114,127877,1562,177583,California
Placer,2021-04-28,2919,302585,1811,164447,1071,131830,37,6308,1522,49877,1388,129265,1559,179142,California
Placer,2021-04-29,3260,305845,2070,166517,1137,132967,53,6361,1310,49296,1944,131209,1363,180505,California
Placer,2021-04-30,2987,308832,1804,168321,1134,134101,49,6410,1191,48746,1790,132999,1240,181745,California
Placer,2021-05-01,1334,310166,936,169257,374,134475,24,6434,611,48663,717,133716,634,182379,California
Placer,2021-05-02,714,310880,552,169809,141,134616,21,6455,331,48634,381,134097,352,182731,California
Placer,2021-05-03,1608,312488,992,170801,550,135166,66,6521,437,47969,1167,135264,502,183233,California
Placer,2021-05-04,2297,314785,1296,172097,834,136000,167,6688,862,47569,1429,136693,1029,184262,California
Placer,2021-05-05,3669,318454,2475,174572,1088,137088,106,6794,970,45952,2693,139386,1076,185338,California
Placer,2021-05-06,3092,321546,1893,176465,1123,138211,76,6870,812,44586,2254,141640,888,186226,California
Placer,2021-05-07,2804,324350,1886,178351,826,139037,92,6962,787,43458,2007,143647,879,187105,California
Placer,2021-05-08,1330,325680,706,179057,582,139619,42,7004,391,42952,937,144584,431,187536,California
Placer,2021-05-09,439,326119,202,179259,216,139835,21,7025,217,42967,222,144806,237,187773,California
Placer,2021-05-10,1930,328049,1031,180290,802,140637,97,7122,434,42006,1492,146298,531,188304,California
Placer,2021-05-11,2821,330870,2033,182323,684,141321,104,7226,584,40467,2227,148525,688,188992,California
Placer,2021-05-12,2774,333644,1925,184248,801,142122,48,7274,659,39067,2108,150633,708,189700,California
Placer,2021-05-13,2701,336345,1748,185996,905,143027,48,7322,954,38323,1745,152378,1001,190701,California
Placer,2021-05-14,2743,339088,1807,187803,806,143833,130,7452,1334,38387,1397,153775,1461,192162,California
Placer,2021-05-15,2054,341142,1347,189150,684,144517,23,7475,908,38178,1140,154915,931,193093,California
Placer,2021-05-16,1003,342145,520,189670,465,144982,18,7493,338,37871,663,155578,356,193449,California
Placer,2021-05-17,2334,344479,1552,191222,715,145697,67,7560,1031,37671,1298,156876,1098,194547,California
Placer,2021-05-18,2483,346962,1661,192883,742,146439,80,7640,1127,37526,1351,158227,1206,195753,California
Placer,2021-05-19,2503,349465,1584,194467,874,147313,45,7685,929,36931,1569,159796,974,196727,California
Placer,2021-05-20,2254,351719,1486,195953,735,148048,33,7718,857,36428,1391,161187,888,197615,California
Placer,2021-05-21,2167,353886,1368,197321,661,148709,138,7856,955,36315,1204,162391,1091,198706,California
Placer,2021-05-22,1378,355264,962,198283,379,149088,37,7893,691,36360,683,163074,728,199434,California
Placer,2021-05-23,370,355634,223,198506,133,149221,14,7907,206,36418,162,163236,220,199654,California
Placer,2021-05-24,1463,357097,734,199240,613,149834,116,8023,467,36010,991,164227,583,200237,California
Placer,2021-05-25,1779,358876,944,200184,735,150569,100,8123,659,35653,1116,165343,759,200996,California
Placer,2021-05-26,1495,360371,870,201054,594,151163,31,8154,580,35355,910,166253,612,201608,California
Placer,2021-05-27,1340,361711,696,201750,606,151769,38,8192,609,35279,723,166976,647,202255,California
Placer,2021-05-28,817,362528,401,202151,349,152118,67,8259,244,35020,570,167546,311,202566,California
Plumas,2020-12-18,4,4,4,4,0,0,0,0,4,4,0,0,4,4,California
Plumas,2020-12-19,1,5,1,5,0,0,0,0,1,5,0,0,1,5,California
Plumas,2020-12-21,45,50,45,50,0,0,0,0,45,50,0,0,45,50,California
Plumas,2020-12-22,93,143,93,143,0,0,0,0,93,143,0,0,93,143,California
Plumas,2020-12-23,50,193,50,193,0,0,0,0,50,193,0,0,50,193,California
Plumas,2020-12-24,6,199,6,199,0,0,0,0,6,199,0,0,6,199,California
Plumas,2020-12-28,8,207,0,199,8,8,0,0,8,207,0,0,8,207,California
Plumas,2020-12-29,32,239,22,221,10,18,0,0,32,239,0,0,32,239,California
Plumas,2020-12-30,23,262,1,222,22,40,0,0,23,262,0,0,23,262,California
Plumas,2020-12-31,4,266,1,223,3,43,0,0,4,266,0,0,4,266,California
Plumas,2021-01-04,10,276,4,227,6,49,0,0,10,276,0,0,10,276,California
Plumas,2021-01-05,22,298,2,229,20,69,0,0,22,298,0,0,22,298,California
Plumas,2021-01-06,123,421,5,234,118,187,0,0,123,421,0,0,123,421,California
Plumas,2021-01-07,53,474,2,236,51,238,0,0,52,472,1,1,52,473,California
Plumas,2021-01-08,12,486,5,241,7,245,0,0,8,476,4,5,8,481,California
Plumas,2021-01-09,2,488,2,243,0,245,0,0,1,476,1,6,1,482,California
Plumas,2021-01-11,58,546,50,293,8,253,0,0,11,440,47,53,11,493,California
Plumas,2021-01-12,156,702,87,380,69,322,0,0,71,426,85,138,71,564,California
Plumas,2021-01-13,56,758,50,430,6,328,0,0,10,390,46,184,10,574,California
Plumas,2021-01-14,98,856,14,444,84,412,0,0,93,478,5,189,93,667,California
Plumas,2021-01-15,63,919,7,451,56,468,0,0,61,537,2,191,61,728,California
Plumas,2021-01-16,58,977,1,452,57,525,0,0,58,595,0,191,58,786,California
Plumas,2021-01-18,2,979,1,453,1,526,0,0,2,597,0,191,2,788,California
Plumas,2021-01-19,36,1015,5,458,31,557,0,0,32,625,4,195,32,820,California
Plumas,2021-01-20,121,1136,3,461,118,675,0,0,119,742,2,197,119,939,California
Plumas,2021-01-21,112,1248,2,463,110,785,0,0,112,854,0,197,112,1051,California
Plumas,2021-01-22,5,1253,1,464,4,789,0,0,5,859,0,197,5,1056,California
Plumas,2021-01-23,93,1346,2,466,91,880,0,0,93,952,0,197,93,1149,California
Plumas,2021-01-24,1,1347,1,467,0,880,0,0,1,953,0,197,1,1150,California
Plumas,2021-01-25,10,1357,7,474,3,883,0,0,7,957,3,200,7,1157,California
Plumas,2021-01-26,60,1417,2,476,58,941,0,0,52,1001,8,208,52,1209,California
Plumas,2021-01-27,25,1442,20,496,5,946,0,0,5,986,20,228,5,1214,California
Plumas,2021-01-28,23,1465,0,496,23,969,0,0,21,1005,2,230,21,1235,California
Plumas,2021-01-29,8,1473,2,498,6,975,0,0,7,1011,1,231,7,1242,California
Plumas,2021-01-30,8,1481,4,502,4,979,0,0,7,1017,1,232,7,1249,California
Plumas,2021-01-31,3,1484,3,505,0,979,0,0,3,1020,0,232,3,1252,California
Plumas,2021-02-01,16,1500,2,507,14,993,0,0,8,1020,8,240,8,1260,California
Plumas,2021-02-02,21,1521,2,509,19,1012,0,0,2,1003,19,259,2,1262,California
Plumas,2021-02-03,128,1649,8,517,120,1132,0,0,13,902,114,373,13,1275,California
Plumas,2021-02-04,102,1751,8,525,94,1226,0,0,23,846,79,452,23,1298,California
Plumas,2021-02-05,24,1775,11,536,13,1239,0,0,9,840,15,467,9,1307,California
Plumas,2021-02-06,7,1782,0,536,7,1246,0,0,7,847,0,467,7,1314,California
Plumas,2021-02-08,15,1797,6,542,9,1255,0,0,3,838,12,479,3,1317,California
Plumas,2021-02-09,172,1969,2,544,170,1425,0,0,112,890,60,539,112,1429,California
Plumas,2021-02-10,91,2060,9,553,82,1507,0,0,82,964,9,548,83,1512,California
Plumas,2021-02-11,323,2383,7,560,316,1823,0,0,263,1167,60,608,263,1775,California
Plumas,2021-02-12,124,2507,4,564,120,1943,0,0,118,1279,6,614,118,1893,California
Plumas,2021-02-13,75,2582,5,569,70,2013,0,0,15,1234,60,674,15,1908,California
Plumas,2021-02-14,8,2590,5,574,3,2016,0,0,8,1242,0,674,8,1916,California
Plumas,2021-02-15,26,2616,5,579,21,2037,0,0,23,1262,3,677,23,1939,California
Plumas,2021-02-16,77,2693,4,583,73,2110,0,0,14,1213,63,740,14,1953,California
Plumas,2021-02-17,136,2829,5,588,131,2241,0,0,12,1101,124,864,12,1965,California
Plumas,2021-02-18,129,2958,6,594,123,2364,0,0,20,1013,109,973,21,1986,California
Plumas,2021-02-19,42,3000,5,599,37,2401,0,0,7,985,35,1008,7,1993,California
Plumas,2021-02-20,105,3105,7,606,98,2499,0,0,13,906,92,1100,13,2006,California
Plumas,2021-02-21,6,3111,5,611,1,2500,0,0,2,904,4,1104,2,2008,California
Plumas,2021-02-22,3,3114,1,612,2,2502,0,0,0,901,3,1107,0,2008,California
Plumas,2021-02-23,25,3139,5,617,20,2522,0,0,17,910,8,1115,17,2025,California
Plumas,2021-02-24,458,3597,7,624,451,2973,0,0,445,1342,13,1128,445,2470,California
Plumas,2021-02-25,230,3827,10,634,220,3193,0,0,169,1450,61,1189,169,2639,California
Plumas,2021-02-26,267,4094,8,642,259,3452,0,0,259,1702,8,1197,260,2899,California
Plumas,2021-02-27,40,4134,4,646,36,3488,0,0,33,1728,7,1204,33,2932,California
Plumas,2021-02-28,1,4135,0,646,1,3489,0,0,1,1729,0,1204,1,2933,California
Plumas,2021-03-01,14,4149,3,649,11,3500,0,0,8,1732,5,1209,8,2941,California
Plumas,2021-03-02,10,4159,1,650,9,3509,0,0,7,1736,3,1212,7,2948,California
Plumas,2021-03-03,152,4311,8,658,144,3653,0,0,137,1858,15,1227,137,3085,California
Plumas,2021-03-04,252,4563,9,667,243,3896,0,0,230,2066,22,1249,230,3315,California
Plumas,2021-03-05,400,4963,7,674,388,4284,5,5,389,2449,11,1260,394,3709,California
Plumas,2021-03-06,19,4982,2,676,9,4293,8,13,3,2444,16,1276,11,3720,California
Plumas,2021-03-07,14,4996,3,679,2,4295,9,22,4,2447,10,1286,13,3733,California
Plumas,2021-03-08,29,5025,3,682,2,4297,24,46,3,2448,26,1312,27,3760,California
Plumas,2021-03-09,133,5158,2,684,116,4413,15,61,18,2366,115,1427,33,3793,California
Plumas,2021-03-10,255,5413,3,687,239,4652,13,74,107,2339,147,1574,120,3913,California
Plumas,2021-03-11,179,5592,8,695,166,4818,5,79,144,2453,35,1609,149,4062,California
Plumas,2021-03-12,594,6186,4,699,303,5121,287,366,23,2192,571,2180,310,4372,California
Plumas,2021-03-13,25,6211,4,703,10,5131,11,377,4,2186,21,2201,15,4387,California
Plumas,2021-03-14,12,6223,3,706,4,5135,5,382,1,2182,10,2211,6,4393,California
Plumas,2021-03-15,30,6253,0,706,23,5158,7,389,5,2169,25,2236,12,4405,California
Plumas,2021-03-16,60,6313,3,709,56,5214,1,390,49,2208,11,2247,50,4455,California
Plumas,2021-03-17,73,6386,9,718,63,5277,1,391,58,2253,14,2261,59,4514,California
Plumas,2021-03-18,61,6447,6,724,39,5316,16,407,12,2232,49,2310,28,4542,California
Plumas,2021-03-19,164,6611,6,730,156,5472,2,409,155,2383,7,2317,158,4700,California
Plumas,2021-03-20,695,7306,4,734,690,6162,1,410,674,3039,19,2336,675,5375,California
Plumas,2021-03-21,2,7308,1,735,1,6163,0,410,1,3040,0,2336,1,5376,California
Plumas,2021-03-22,182,7490,2,737,180,6343,0,410,175,3208,7,2343,175,5551,California
Plumas,2021-03-23,27,7517,2,739,25,6368,0,410,13,3207,14,2357,13,5564,California
Plumas,2021-03-24,655,8172,6,745,648,7016,1,411,224,3002,430,2787,225,5789,California
Plumas,2021-03-25,302,8474,7,752,293,7309,2,413,158,3016,144,2931,158,5947,California
Plumas,2021-03-26,315,8789,9,761,306,7615,0,413,46,2794,268,3199,46,5993,California
Plumas,2021-03-27,13,8802,1,762,11,7626,1,414,3,2788,10,3209,4,5997,California
Plumas,2021-03-28,6,8808,4,766,1,7627,1,415,3,2789,3,3212,4,6001,California
Plumas,2021-03-29,12,8820,4,770,7,7634,1,416,4,2786,8,3220,5,6006,California
Plumas,2021-03-30,154,8974,3,773,150,7784,1,417,24,2681,130,3350,25,6031,California
Plumas,2021-03-31,289,9263,3,776,285,8069,1,418,268,2929,21,3371,269,6300,California
Plumas,2021-04-01,298,9561,10,786,287,8356,1,419,60,2753,236,3607,60,6360,California
Plumas,2021-04-02,375,9936,4,790,370,8726,1,420,29,2448,335,3942,30,6390,California
Plumas,2021-04-03,16,9952,3,793,5,8731,8,428,4,2448,12,3954,12,6402,California
Plumas,2021-04-04,3,9955,1,794,1,8732,1,429,0,2446,3,3957,1,6403,California
Plumas,2021-04-05,11,9966,4,798,6,8738,1,430,4,2444,7,3964,5,6408,California
Plumas,2021-04-06,121,10087,6,804,89,8827,26,456,14,2377,107,4071,40,6448,California
Plumas,2021-04-07,282,10369,7,811,99,8926,176,632,28,2327,254,4325,204,6652,California
Plumas,2021-04-08,150,10519,3,814,132,9058,15,647,34,2260,115,4440,48,6700,California
Plumas,2021-04-09,51,10570,10,824,25,9083,16,663,19,2262,32,4472,34,6734,California
Plumas,2021-04-10,24,10594,2,826,5,9088,17,680,5,2265,19,4491,22,6756,California
Plumas,2021-04-11,3,10597,2,828,0,9088,1,681,2,2267,1,4492,3,6759,California
Plumas,2021-04-12,11,10608,5,833,3,9091,3,684,7,2273,4,4496,10,6769,California
Plumas,2021-04-13,207,10815,5,838,202,9293,0,684,139,2344,68,4564,139,6908,California
Plumas,2021-04-14,109,10924,8,846,101,9394,0,684,55,2345,54,4618,55,6963,California
Plumas,2021-04-15,50,10974,2,848,48,9442,0,684,32,2359,18,4636,32,6995,California
Plumas,2021-04-16,142,11116,2,850,140,9582,0,684,2,2221,140,4776,2,6997,California
Plumas,2021-04-17,668,11784,2,852,666,10248,0,684,20,1595,646,5422,20,7017,California
Plumas,2021-04-18,4,11788,3,855,1,10249,0,684,1,1593,3,5425,1,7018,California
Plumas,2021-04-19,38,11826,3,858,35,10284,0,684,5,1565,33,5458,5,7023,California
Plumas,2021-04-20,42,11868,5,863,37,10321,0,684,26,1576,15,5473,26,7049,California
Plumas,2021-04-21,310,12178,5,868,304,10625,1,685,17,1300,293,5766,17,7066,California
Plumas,2021-04-22,273,12451,7,875,266,10891,0,685,131,1289,142,5908,131,7197,California
Plumas,2021-04-23,72,12523,5,880,67,10958,0,685,16,1249,56,5964,16,7213,California
Plumas,2021-04-24,172,12695,5,885,167,11125,0,685,146,1370,25,5989,146,7359,California
Plumas,2021-04-26,29,12724,4,889,25,11150,0,685,8,1358,20,6009,8,7367,California
Plumas,2021-04-27,87,12811,3,892,84,11234,0,685,51,1373,36,6045,51,7418,California
Plumas,2021-04-28,284,13095,4,896,280,11514,0,685,38,1166,245,6290,38,7456,California
Plumas,2021-04-29,172,13267,69,965,103,11617,0,685,118,1230,54,6344,118,7574,California
Plumas,2021-04-30,23,13290,11,976,12,11629,0,685,7,1221,16,6360,7,7581,California
Plumas,2021-05-01,2,13292,1,977,0,11629,1,686,0,1220,2,6362,1,7582,California
Plumas,2021-05-02,2,13294,2,979,0,11629,0,686,1,1220,1,6363,1,7583,California
Plumas,2021-05-03,17,13311,7,986,4,11633,6,692,6,1221,11,6374,12,7595,California
Plumas,2021-05-04,29,13340,3,989,20,11653,6,698,16,1231,12,6386,22,7617,California
Plumas,2021-05-05,49,13389,6,995,42,11695,1,699,22,1227,27,6413,23,7640,California
Plumas,2021-05-06,56,13445,2,997,49,11744,5,704,15,1206,41,6454,20,7660,California
Plumas,2021-05-07,22,13467,5,1002,16,11760,1,705,8,1201,14,6468,9,7669,California
Plumas,2021-05-08,6,13473,0,1002,4,11764,2,707,4,1205,2,6470,6,7675,California
Plumas,2021-05-10,50,13523,1,1003,26,11790,23,730,22,1222,28,6498,45,7720,California
Plumas,2021-05-11,163,13686,3,1006,141,11931,19,749,14,1106,149,6647,33,7753,California
Plumas,2021-05-12,98,13784,2,1008,89,12020,7,756,37,1090,60,6707,44,7797,California
Plumas,2021-05-13,35,13819,4,1012,29,12049,2,758,13,1083,22,6729,15,7812,California
Plumas,2021-05-14,19,13838,3,1015,11,12060,5,763,9,1087,10,6739,14,7826,California
Plumas,2021-05-15,10,13848,4,1019,4,12064,2,765,4,1087,6,6745,6,7832,California
Plumas,2021-05-16,2,13850,1,1020,1,12065,0,765,1,1087,1,6746,1,7833,California
Plumas,2021-05-17,13,13863,0,1020,4,12069,9,774,4,1091,9,6755,13,7846,California
Plumas,2021-05-18,42,13905,7,1027,34,12103,1,775,22,1094,20,6775,23,7869,California
Plumas,2021-05-19,45,13950,3,1030,28,12131,14,789,11,1086,34,6809,26,7895,California
Plumas,2021-05-20,189,14139,133,1163,45,12176,11,800,78,1064,111,6920,89,7984,California
Plumas,2021-05-21,28,14167,8,1171,15,12191,5,805,15,1071,13,6933,20,8004,California
Plumas,2021-05-22,136,14303,1,1172,135,12326,0,805,5,946,130,7063,5,8009,California
Plumas,2021-05-23,2,14305,2,1174,0,12326,0,805,1,946,1,7064,1,8010,California
Plumas,2021-05-24,52,14357,39,1213,12,12338,1,806,42,979,10,7074,43,8053,California
Plumas,2021-05-25,63,14420,4,1217,58,12396,1,807,16,949,47,7121,17,8070,California
Plumas,2021-05-26,38,14458,5,1222,26,12422,7,814,16,950,22,7143,23,8093,California
Plumas,2021-05-27,99,14557,28,1250,61,12483,10,824,42,947,56,7199,53,8146,California
Plumas,2021-05-28,22,14579,6,1256,16,12499,0,824,9,943,13,7212,9,8155,California
Riverside,2020-12-15,5,5,5,5,0,0,0,0,5,5,0,0,5,5,California
Riverside,2020-12-16,69,74,69,74,0,0,0,0,69,74,0,0,69,74,California
Riverside,2020-12-17,810,884,810,884,0,0,0,0,810,884,0,0,810,884,California
Riverside,2020-12-18,1729,2613,1728,2612,1,1,0,0,1729,2613,0,0,1729,2613,California
Riverside,2020-12-19,1027,3640,1024,3636,3,4,0,0,1025,3637,1,1,1025,3638,California
Riverside,2020-12-20,1084,4724,1083,4719,1,5,0,0,1084,4721,0,1,1084,4722,California
Riverside,2020-12-21,2278,7002,2276,6995,2,7,0,0,2278,6999,0,1,2278,7000,California
Riverside,2020-12-22,2260,9262,2221,9216,39,46,0,0,2259,9258,0,1,2259,9259,California
Riverside,2020-12-23,2150,11412,1808,11024,342,388,0,0,2151,11409,0,1,2151,11410,California
Riverside,2020-12-24,828,12240,626,11650,202,590,0,0,828,12237,0,1,828,12238,California
Riverside,2020-12-25,28,12268,5,11655,23,613,0,0,28,12265,0,1,28,12266,California
Riverside,2020-12-26,404,12672,257,11912,147,760,0,0,404,12669,0,1,404,12670,California
Riverside,2020-12-27,367,13039,245,12157,122,882,0,0,367,13036,0,1,367,13037,California
Riverside,2020-12-28,1635,14674,1130,13287,505,1387,0,0,1636,14672,0,1,1636,14673,California
Riverside,2020-12-29,1735,16409,968,14255,767,2154,0,0,1735,16407,0,1,1735,16408,California
Riverside,2020-12-30,2574,18983,1679,15934,895,3049,0,0,2573,18980,0,1,2573,18981,California
Riverside,2020-12-31,1022,20005,395,16329,627,3676,0,0,1024,20004,0,1,1024,20005,California
Riverside,2021-01-01,118,20123,46,16375,72,3748,0,0,118,20122,0,1,118,20123,California
Riverside,2021-01-02,833,20956,693,17068,140,3888,0,0,833,20955,0,1,833,20956,California
Riverside,2021-01-03,344,21300,299,17367,45,3933,0,0,343,21298,0,1,343,21299,California
Riverside,2021-01-04,1264,22564,794,18161,470,4403,0,0,1264,22562,0,1,1264,22563,California
Riverside,2021-01-05,1988,24552,1367,19528,621,5024,0,0,1892,24364,90,91,1892,24455,California
Riverside,2021-01-06,2502,27054,1120,20648,1382,6406,0,0,2192,26250,306,397,2192,26647,California
Riverside,2021-01-07,2779,29833,1825,22473,954,7360,0,0,1714,26906,1060,1457,1716,28363,California
Riverside,2021-01-08,4057,33890,2931,25404,1126,8486,0,0,2244,27341,1809,3266,2244,30607,California
Riverside,2021-01-09,2076,35966,845,26249,1231,9717,0,0,1727,28720,348,3614,1727,32334,California
Riverside,2021-01-10,1669,37635,740,26989,929,10646,0,0,1065,29181,604,4218,1065,33399,California
Riverside,2021-01-11,4522,42157,3097,30086,1425,12071,0,0,2786,30234,1734,5952,2787,36186,California
Riverside,2021-01-12,3420,45577,2740,32826,680,12751,0,0,1726,30271,1689,7641,1726,37912,California
Riverside,2021-01-13,4458,50035,2937,35763,1521,14272,0,0,2847,31510,1608,9249,2847,40759,California
Riverside,2021-01-14,5518,55553,1913,37676,3605,17877,0,0,4928,35849,589,9838,4928,45687,California
Riverside,2021-01-15,6094,61647,2023,39699,4071,21948,0,0,5805,41366,288,10126,5805,51492,California
Riverside,2021-01-16,3613,65260,1017,40716,2596,24544,0,0,3367,44488,246,10372,3368,54860,California
Riverside,2021-01-17,3597,68857,585,41301,3012,27556,0,0,3400,47693,195,10567,3400,58260,California
Riverside,2021-01-18,3749,72606,2040,43341,1709,29265,0,0,2741,49426,1008,11575,2741,61001,California
Riverside,2021-01-19,7417,80023,2647,45988,4770,34035,0,0,6297,54604,1120,12695,6298,67299,California
Riverside,2021-01-20,8218,88241,3132,49120,5086,39121,0,0,6559,59520,1647,14342,6563,73862,California
Riverside,2021-01-21,8354,96595,3508,52628,4846,43967,0,0,7702,66570,653,14995,7703,81565,California
Riverside,2021-01-22,8717,105312,2966,55594,5751,49718,0,0,8287,74430,428,15423,8288,89853,California
Riverside,2021-01-23,5895,111207,2360,57954,3535,53253,0,0,5175,78886,720,16143,5176,95029,California
Riverside,2021-01-24,3038,114245,1433,59387,1605,54858,0,0,2823,81497,213,16356,2824,97853,California
Riverside,2021-01-25,7878,122123,4530,63917,3348,58206,0,0,6758,87137,1119,17475,6759,104612,California
Riverside,2021-01-26,9137,131260,5717,69634,3420,61626,0,0,7627,93258,1507,18982,7628,112240,California
Riverside,2021-01-27,10925,142185,6395,76029,4530,66156,0,0,9309,100958,1612,20594,9312,121552,California
Riverside,2021-01-28,11504,153689,6788,82817,4716,70872,0,0,10339,110141,1157,21751,10340,131892,California
Riverside,2021-01-29,11940,165629,7283,90100,4657,75529,0,0,10566,119363,1348,23099,10570,142462,California
Riverside,2021-01-30,9062,174691,4612,94712,4450,79979,0,0,8598,127501,461,23560,8599,151061,California
Riverside,2021-01-31,5165,179856,4252,98964,913,80892,0,0,5035,132411,129,23689,5039,156100,California
Riverside,2021-02-01,10965,190821,6781,105745,4184,85076,0,0,9116,139688,1842,25531,9119,165219,California
Riverside,2021-02-02,9478,200299,4815,110560,4663,89739,0,0,8010,146241,1460,26991,8013,173232,California
Riverside,2021-02-03,12179,212478,5142,115702,7037,96776,0,0,9812,153696,2357,29348,9812,183044,California
Riverside,2021-02-04,13510,225988,5999,121701,7511,104287,0,0,11435,163068,2066,31414,11438,194482,California
Riverside,2021-02-05,14351,240339,5407,127108,8944,113231,0,0,11286,171300,3058,34472,11290,205772,California
Riverside,2021-02-06,7238,247577,4264,131372,2974,116205,0,0,5598,175268,1633,36105,5601,211373,California
Riverside,2021-02-07,2167,249744,798,132170,1369,117574,0,0,1848,176800,317,36422,1849,213222,California
Riverside,2021-02-08,12480,262224,5555,137725,6925,124499,0,0,10173,184685,2292,38714,10177,223399,California
Riverside,2021-02-09,9650,271874,4522,142247,5128,129627,0,0,7700,190449,1941,40655,7705,231104,California
Riverside,2021-02-10,12075,283949,6971,149218,5104,134731,0,0,8904,196201,3160,43815,8912,240016,California
Riverside,2021-02-11,16610,300559,9053,158271,7557,142288,0,0,12089,203806,4499,48314,12104,252120,California
Riverside,2021-02-12,17685,318244,10804,169075,6881,149169,0,0,12799,211775,4842,53156,12811,264931,California
Riverside,2021-02-13,6328,324572,2127,171202,4201,153370,0,0,3106,211696,3206,56362,3127,268058,California
Riverside,2021-02-14,4923,329495,1116,172318,3807,157177,0,0,2179,211135,2740,59102,2179,270237,California
Riverside,2021-02-15,9828,339323,5006,177324,4822,161999,0,0,5404,212131,4415,63517,5411,275648,California
Riverside,2021-02-16,16118,355441,10110,187434,6008,168007,0,0,9251,214531,6859,70376,9259,284907,California
Riverside,2021-02-17,15034,370475,8212,195646,6822,174829,0,0,7449,214418,7572,77948,7459,292366,California
Riverside,2021-02-18,15548,386023,8986,204632,6562,181391,0,0,8020,214946,7506,85454,8034,300400,California
Riverside,2021-02-19,15298,401321,8223,212855,7075,188466,0,0,7223,214121,8056,93510,7231,307631,California
Riverside,2021-02-20,8314,409635,4497,217352,3817,192283,0,0,2167,210161,6130,99640,2170,309801,California
Riverside,2021-02-21,4397,414032,3876,221228,521,192804,0,0,1232,208244,3150,102790,1233,311034,California
Riverside,2021-02-22,12376,426408,7771,228999,4605,197409,0,0,5114,206118,7246,110036,5120,316154,California
Riverside,2021-02-23,11122,437530,7577,236576,3545,200954,0,0,5402,205832,5692,115728,5406,321560,California
Riverside,2021-02-24,14813,452343,8103,244679,6710,207664,0,0,6300,203674,8475,124203,6317,327877,California
Riverside,2021-02-25,17366,469709,7405,252084,9961,217625,0,0,8070,202497,9272,133475,8095,335972,California
Riverside,2021-02-26,18643,488352,6734,258818,11909,229534,0,0,9311,202568,9274,142749,9345,345317,California
Riverside,2021-02-27,12085,500437,5611,264429,6474,236008,0,0,5764,202071,6288,149037,5791,351108,California
Riverside,2021-02-28,4885,505322,3221,267650,1664,237672,0,0,2408,202022,2464,151501,2415,353523,California
Riverside,2021-03-01,14367,519689,6110,273760,8255,245927,2,2,8463,204648,5867,157368,8493,362016,California
Riverside,2021-03-02,15377,535066,7514,281274,7862,253789,1,3,9022,207366,6332,163700,9050,371066,California
Riverside,2021-03-03,16932,551998,8390,289664,8542,262331,0,3,7322,205261,9559,173259,7454,378520,California
Riverside,2021-03-04,18762,570760,7467,297131,11290,273621,5,8,8916,204531,9801,183060,9071,387591,California
Riverside,2021-03-05,18939,589699,7616,304747,11279,284900,44,52,9392,204749,9496,192556,9714,397305,California
Riverside,2021-03-06,9531,599230,5075,309822,3975,288875,481,533,4750,205242,4767,197323,5260,402565,California
Riverside,2021-03-07,4253,603483,2752,312574,1112,289987,389,922,2003,205398,2240,199563,2396,404961,California
Riverside,2021-03-08,11967,615450,4761,317335,6795,296782,411,1333,5336,204581,6611,206174,5794,410755,California
Riverside,2021-03-09,14815,630265,6908,324243,7407,304189,500,1833,5911,202244,8883,215057,6546,417301,California
Riverside,2021-03-10,15920,646185,8522,332765,6471,310660,927,2760,6216,199878,9661,224718,7295,424596,California
Riverside,2021-03-11,19308,665493,9469,342234,7990,318650,1849,4609,7613,197890,11659,236377,9671,434267,California
Riverside,2021-03-12,21217,686710,7954,350188,8523,327173,4740,9349,7129,196043,14050,250427,12203,446470,California
Riverside,2021-03-13,8497,695207,2543,352731,4726,331899,1228,10577,4365,197614,4110,254537,5681,452151,California
Riverside,2021-03-14,4742,699949,1617,354348,1757,333656,1368,11945,2084,198417,2647,257184,3450,455601,California
Riverside,2021-03-15,18703,718652,7867,362215,9166,342822,1670,13615,9212,199951,9448,266632,10982,466583,California
Riverside,2021-03-16,20913,739565,10148,372363,9950,352772,815,14430,11391,202767,9483,276115,12299,478882,California
Riverside,2021-03-17,21345,760910,10961,383324,9325,362097,1059,15489,12826,208229,8482,284597,13944,492826,California
Riverside,2021-03-18,22633,783543,11789,395113,9178,371275,1666,17155,12566,212451,10019,294616,14241,507067,California
Riverside,2021-03-19,24155,807698,12684,407797,10498,381773,973,18128,14105,217905,9992,304608,15446,522513,California
Riverside,2021-03-20,10695,818393,6907,414704,2608,384381,1180,19308,6882,222184,3782,308390,8061,530574,California
Riverside,2021-03-21,3745,822138,2920,417624,559,384940,266,19574,2555,223833,1173,309563,2822,533396,California
Riverside,2021-03-22,16657,838795,9936,427560,6168,391108,553,20127,10599,228979,6004,315567,11150,544546,California
Riverside,2021-03-23,18584,857379,10527,438087,7636,398744,421,20548,11949,234788,6575,322142,12384,556930,California
Riverside,2021-03-24,18771,876150,10472,448559,8179,406923,120,20668,12882,241957,5839,327981,13008,569938,California
Riverside,2021-03-25,21182,897332,11683,460242,9318,416241,181,20849,14200,249434,6910,334891,14387,584325,California
Riverside,2021-03-26,24177,921509,11946,472188,12056,428297,175,21024,15034,255606,9039,343930,15211,599536,California
Riverside,2021-03-27,9337,930846,4907,477095,3377,431674,1053,22077,4820,256986,4494,348424,5874,605410,California
Riverside,2021-03-28,4775,935621,3139,480234,1544,433218,92,22169,2843,258004,1919,350343,2937,608347,California
Riverside,2021-03-29,17690,953311,8458,488692,9111,442329,121,22290,10949,262386,6699,357042,11081,619428,California
Riverside,2021-03-30,18375,971686,9570,498262,8598,450927,207,22497,11720,267700,6615,363657,11929,631357,California
Riverside,2021-03-31,18134,989820,8437,506699,9392,460319,305,22802,11452,272830,6637,370294,11767,643124,California
Riverside,2021-04-01,25579,1015399,12501,519200,12301,472620,777,23579,16517,281125,8999,379293,17294,660418,California
Riverside,2021-04-02,26157,1041556,14081,533281,11125,483745,951,24530,16382,288972,9715,389008,17562,677980,California
Riverside,2021-04-03,9382,1050938,5972,539253,2822,486567,588,25118,6049,292293,3314,392322,6635,684615,California
Riverside,2021-04-04,3398,1054336,2069,541322,1085,487652,244,25362,1720,292590,1668,393990,1965,686580,California
Riverside,2021-04-05,18477,1072813,9464,550786,7153,494805,1860,27222,9948,295911,8489,402479,11810,698390,California
Riverside,2021-04-06,23785,1096598,12364,563150,9288,504093,2133,29355,13261,300830,10473,412952,15392,713782,California
Riverside,2021-04-07,24739,1121337,13299,576449,8929,513022,2511,31866,13716,306088,10979,423931,16237,730019,California
Riverside,2021-04-08,27210,1148547,14968,591417,9274,522296,2968,34834,16580,315082,10569,434500,19563,749582,California
Riverside,2021-04-09,26223,1174770,15423,606840,8352,530648,2448,37282,15991,323390,10188,444688,18496,768078,California
Riverside,2021-04-10,11987,1186757,6732,613572,3862,534510,1393,38675,5235,323310,6709,451397,6629,774707,California
Riverside,2021-04-11,4610,1191367,2736,616308,1252,535762,622,39297,2168,323670,2431,453828,2791,777498,California
Riverside,2021-04-12,20064,1211431,8912,625220,8514,544276,2638,41935,10050,326378,9976,463804,12684,790182,California
Riverside,2021-04-13,19899,1231330,11128,636348,8744,553020,27,41962,11353,329254,8506,472310,11382,801564,California
Riverside,2021-04-14,22034,1253364,12103,648451,9916,562936,15,41977,10761,328828,11205,483515,10779,812343,California
Riverside,2021-04-15,21680,1275044,12178,660629,9494,572430,8,41985,11320,329865,10292,493807,11329,823672,California
Riverside,2021-04-16,24919,1299963,14424,675053,10489,582919,6,41991,11535,328081,13332,507139,11548,835220,California
Riverside,2021-04-17,9862,1309825,6498,681551,3364,586283,0,41991,4958,328156,4890,512029,4965,840185,California
Riverside,2021-04-18,3855,1313680,2807,684358,1041,587324,7,41998,1812,327948,2030,514059,1822,842007,California
Riverside,2021-04-19,19473,1333153,11589,695947,7881,595205,3,42001,6958,322440,12474,526533,6966,848973,California
Riverside,2021-04-20,18875,1352028,9950,705897,8915,604120,10,42011,7729,319077,11104,537637,7741,856714,California
Riverside,2021-04-21,19513,1371541,11086,716983,8418,612538,9,42020,7664,314974,11783,549420,7680,864394,California
Riverside,2021-04-22,23256,1394797,13562,730545,9691,622229,3,42023,8657,309106,14532,563952,8664,873058,California
Riverside,2021-04-23,23335,1418132,13729,744274,9592,631821,14,42037,9150,304152,14126,578078,9172,882230,California
Riverside,2021-04-24,10482,1428614,7312,751586,3167,634988,3,42040,4829,303367,5617,583695,4832,887062,California
Riverside,2021-04-25,4209,1432823,2817,754403,1391,636379,1,42041,2183,303543,2009,585704,2185,889247,California
Riverside,2021-04-26,16487,1449310,10356,764759,6086,642465,45,42086,5523,298189,10926,596630,5572,894819,California
Riverside,2021-04-27,17686,1466996,10145,774904,7379,649844,162,42248,6107,292922,11536,608166,6269,901088,California
Riverside,2021-04-28,16427,1483423,8857,783761,7313,657157,257,42505,5539,287885,10833,618999,5796,906884,California
Riverside,2021-04-29,18695,1502118,11437,795198,6910,664067,348,42853,5385,280367,13248,632247,5730,912614,California
Riverside,2021-04-30,19702,1521820,11357,806555,7966,672033,379,43232,6312,273722,13338,645585,6693,919307,California
Riverside,2021-05-01,6761,1528581,4874,811429,1719,673752,168,43400,2326,271802,4412,649997,2492,921799,California
Riverside,2021-05-02,3346,1531927,2179,813608,959,674711,208,43608,1069,270825,2260,652257,1283,923082,California
Riverside,2021-05-03,17980,1549907,11041,824649,6452,681163,487,44095,4153,261694,13769,666026,4638,927720,California
Riverside,2021-05-04,17250,1567157,10957,835606,5878,687041,415,44510,4880,254681,12307,678333,5294,933014,California
Riverside,2021-05-05,15748,1582905,8917,844523,6478,693519,353,44863,4544,248433,11145,689478,4897,937911,California
Riverside,2021-05-06,17768,1600673,9952,854475,7407,700926,409,45272,4521,240186,13178,702656,4931,942842,California
Riverside,2021-05-07,20301,1620974,11593,866068,8278,709204,430,45702,5357,231102,14868,717524,5784,948626,California
Riverside,2021-05-08,6811,1627785,4529,870597,2054,711258,228,45930,2554,229655,4228,721752,2781,951407,California
Riverside,2021-05-09,2308,1630093,1509,872106,644,711902,155,46085,852,229217,1445,723197,1007,952414,California
Riverside,2021-05-10,10014,1640107,5133,877239,4510,716412,371,46456,2856,225335,7108,730305,3226,955640,California
Riverside,2021-05-11,13539,1653646,8123,885362,4923,721335,493,46949,3690,219748,9771,740076,4184,959824,California
Riverside,2021-05-12,11916,1665562,5811,891173,5829,727164,276,47225,3609,215375,8256,748332,3883,963707,California
Riverside,2021-05-13,13714,1679276,8138,899311,5312,732476,264,47489,4862,211703,8802,757134,5130,968837,California
Riverside,2021-05-14,17714,1696990,11190,910501,5734,738210,790,48279,6920,208683,10728,767862,7708,976545,California
Riverside,2021-05-15,9670,1706660,6925,917426,2350,740560,395,48674,4933,209306,4705,772567,5328,981873,California
Riverside,2021-05-16,3445,1710105,2497,919923,838,741398,110,48784,1689,209360,1743,774310,1797,983670,California
Riverside,2021-05-17,11722,1721827,7565,927488,3819,745217,338,49122,5277,208575,6412,780722,5627,989297,California
Riverside,2021-05-18,15017,1736844,9300,936788,5375,750592,342,49464,6262,206470,8708,789430,6603,995900,California
Riverside,2021-05-19,12117,1748961,7674,944462,4227,754819,216,49680,6012,206642,6057,795487,6229,1002129,California
Riverside,2021-05-20,10155,1759116,6211,950673,3687,758506,257,49937,4463,205714,5651,801138,4723,1006852,California
Riverside,2021-05-21,12365,1771481,7501,958174,4563,763069,301,50238,5219,204135,7100,808238,5521,1012373,California
Riverside,2021-05-22,5502,1776983,3792,961966,1534,764603,176,50414,3068,204975,2405,810643,3245,1015618,California
Riverside,2021-05-23,1478,1778461,1034,963000,372,764975,72,50486,815,205208,654,811297,887,1016505,California
Riverside,2021-05-24,8307,1786768,5333,968333,2666,767641,308,50794,3679,204595,4599,815896,3986,1020491,California
Riverside,2021-05-25,9436,1796204,5637,973970,3545,771186,254,51048,3839,203130,5557,821453,4092,1024583,California
Riverside,2021-05-26,8372,1804576,5106,979076,2962,774148,304,51352,3657,202425,4671,826124,3966,1028549,California
Riverside,2021-05-27,7885,1812461,4640,983716,3042,777190,203,51555,3627,202034,4218,830342,3827,1032376,California
Riverside,2021-05-28,5642,1818103,3274,986990,2192,779382,176,51731,2186,200968,3429,833771,2363,1034739,California
Sacramento,2020-12-15,315,315,315,315,0,0,0,0,315,315,0,0,315,315,California
Sacramento,2020-12-16,646,961,646,961,0,0,0,0,646,961,0,0,646,961,California
Sacramento,2020-12-17,649,1610,649,1610,0,0,0,0,649,1610,0,0,649,1610,California
Sacramento,2020-12-18,970,2580,970,2580,0,0,0,0,970,2580,0,0,970,2580,California
Sacramento,2020-12-19,610,3190,610,3190,0,0,0,0,610,3190,0,0,610,3190,California
Sacramento,2020-12-20,634,3824,634,3824,0,0,0,0,634,3824,0,0,634,3824,California
Sacramento,2020-12-21,1677,5501,1677,5501,0,0,0,0,1678,5502,0,0,1678,5502,California
Sacramento,2020-12-22,2104,7605,2071,7572,33,33,0,0,2104,7606,0,0,2104,7606,California
Sacramento,2020-12-23,2263,9868,2092,9664,171,204,0,0,2263,9869,0,0,2263,9869,California
Sacramento,2020-12-24,1046,10914,834,10498,212,416,0,0,1046,10915,0,0,1046,10915,California
Sacramento,2020-12-25,1,10915,0,10498,1,417,0,0,1,10916,0,0,1,10916,California
Sacramento,2020-12-26,510,11425,291,10789,219,636,0,0,510,11426,0,0,510,11426,California
Sacramento,2020-12-27,355,11780,249,11038,106,742,0,0,355,11781,0,0,355,11781,California
Sacramento,2020-12-28,1910,13690,1328,12366,582,1324,0,0,1909,13689,1,1,1909,13690,California
Sacramento,2020-12-29,1959,15649,1193,13559,766,2090,0,0,1959,15648,0,1,1959,15649,California
Sacramento,2020-12-30,2563,18212,1456,15015,1107,3197,0,0,2564,18212,0,1,2564,18213,California
Sacramento,2020-12-31,1233,19445,696,15711,537,3734,0,0,1234,19446,0,1,1234,19447,California
Sacramento,2021-01-01,81,19526,70,15781,11,3745,0,0,81,19527,0,1,81,19528,California
Sacramento,2021-01-02,568,20094,366,16147,202,3947,0,0,568,20095,0,1,568,20096,California
Sacramento,2021-01-03,412,20506,223,16370,189,4136,0,0,412,20507,0,1,412,20508,California
Sacramento,2021-01-04,1960,22466,847,17217,1113,5249,0,0,1958,22464,1,2,1958,22466,California
Sacramento,2021-01-05,2215,24681,989,18206,1226,6475,0,0,1861,23978,354,356,1868,24334,California
Sacramento,2021-01-06,2727,27408,1617,19823,1110,7585,0,0,1952,25158,772,1128,1952,26286,California
Sacramento,2021-01-07,2841,30249,1508,21331,1333,8918,0,0,1978,26276,860,1988,1978,28264,California
Sacramento,2021-01-08,3303,33552,2095,23426,1208,10126,0,0,2268,27514,1031,3019,2269,30533,California
Sacramento,2021-01-09,1291,34843,796,24222,495,10621,0,0,903,28031,386,3405,903,31436,California
Sacramento,2021-01-10,1247,36090,711,24933,536,11157,0,0,776,28338,470,3875,777,32213,California
Sacramento,2021-01-11,4350,40440,2960,27893,1390,12547,0,0,2410,28821,1939,5814,2422,34635,California
Sacramento,2021-01-12,4583,45023,3199,31092,1384,13931,0,0,2610,29463,1972,7786,2614,37249,California
Sacramento,2021-01-13,3833,48856,2212,33304,1621,15552,0,0,2417,30466,1415,9201,2418,39667,California
Sacramento,2021-01-14,4627,53483,2337,35641,2290,17842,0,0,3706,33255,917,10118,3706,43373,California
Sacramento,2021-01-15,4450,57933,2263,37904,2187,20029,0,0,3729,36264,721,10839,3730,47103,California
Sacramento,2021-01-16,2080,60013,1276,39180,804,20833,0,0,1862,37908,218,11057,1862,48965,California
Sacramento,2021-01-17,1671,61684,977,40157,694,21527,0,0,1492,39224,179,11236,1495,50460,California
Sacramento,2021-01-18,2818,64502,1722,41879,1096,22623,0,0,2243,40894,574,11810,2244,52704,California
Sacramento,2021-01-19,4972,69474,3024,44903,1948,24571,0,0,3738,43400,1234,13044,3740,56444,California
Sacramento,2021-01-20,4812,74286,2849,47752,1963,26534,0,0,3590,45772,1224,14268,3596,60040,California
Sacramento,2021-01-21,5207,79493,3003,50755,2204,28738,0,0,4238,49049,963,15231,4240,64280,California
Sacramento,2021-01-22,5006,84499,2673,53428,2333,31071,0,0,4703,53451,302,15533,4704,68984,California
Sacramento,2021-01-23,3742,88241,1563,54991,2179,33250,0,0,3282,56273,460,15993,3282,72266,California
Sacramento,2021-01-24,1615,89856,1006,55997,609,33859,0,0,1374,57407,241,16234,1375,73641,California
Sacramento,2021-01-25,4423,94279,2167,58164,2256,36115,0,0,2949,58884,1474,17708,2951,76592,California
Sacramento,2021-01-26,4733,99012,2145,60309,2588,38703,0,0,3532,61219,1199,18907,3534,80126,California
Sacramento,2021-01-27,5811,104823,3046,63355,2765,41468,0,0,4200,63813,1608,20515,4202,84328,California
Sacramento,2021-01-28,5386,110209,2729,66084,2657,44125,0,0,4284,66997,1101,21616,4285,88613,California
Sacramento,2021-01-29,5403,115612,2939,69023,2464,46589,0,0,4379,70361,1015,22631,4379,92992,California
Sacramento,2021-01-30,4508,120120,2199,71222,2309,48898,0,0,4079,74013,427,23058,4079,97071,California
Sacramento,2021-01-31,2319,122439,2025,73247,294,49192,0,0,2044,75786,273,23331,2046,99117,California
Sacramento,2021-02-01,5941,128380,3036,76283,2905,52097,0,0,4257,78363,1680,25011,4257,103374,California
Sacramento,2021-02-02,6930,135310,3760,80043,3170,55267,0,0,4800,81053,2112,27123,4802,108176,California
Sacramento,2021-02-03,7148,142458,3603,83646,3545,58812,0,0,5284,84484,1855,28978,5286,113462,California
Sacramento,2021-02-04,7756,150214,3668,87314,4088,62900,0,0,5511,87759,2236,31214,5511,118973,California
Sacramento,2021-02-05,7856,158070,4486,91800,3370,66270,0,0,4918,89765,2915,34129,4921,123894,California
Sacramento,2021-02-06,8483,166553,3487,95287,4996,71266,0,0,7127,95539,1354,35483,7128,131022,California
Sacramento,2021-02-07,4072,170625,2185,97472,1887,73153,0,0,2866,97206,1201,36684,2868,133890,California
Sacramento,2021-02-08,6233,176858,3241,100713,2992,76145,0,0,3897,98771,2332,39016,3897,137787,California
Sacramento,2021-02-09,6773,183631,3556,104269,3217,79362,0,0,3994,99996,2770,41786,3995,141782,California
Sacramento,2021-02-10,7700,191331,4210,108479,3490,82852,0,0,4542,101396,3144,44930,4544,146326,California
Sacramento,2021-02-11,9600,200931,5727,114206,3873,86725,0,0,5509,102831,4076,49006,5511,151837,California
Sacramento,2021-02-12,10683,211614,4144,118350,6539,93264,0,0,6409,105030,4213,53219,6412,158249,California
Sacramento,2021-02-13,7671,219285,2980,121330,4691,97955,0,0,6087,109537,1581,54800,6088,164337,California
Sacramento,2021-02-14,3192,222477,1957,123287,1235,99190,0,0,2100,110551,1090,55890,2104,166441,California
Sacramento,2021-02-15,5994,228471,2046,125333,3948,103138,0,0,4165,112896,1823,57713,4168,170609,California
Sacramento,2021-02-16,9237,237708,4206,129539,5031,108169,0,0,5319,114308,3911,61624,5323,175932,California
Sacramento,2021-02-17,8845,246553,4991,134530,3854,112023,0,0,5146,115768,3688,65312,5148,181080,California
Sacramento,2021-02-18,9562,256115,5723,140253,3839,115862,0,0,5708,117633,3846,69158,5711,186791,California
Sacramento,2021-02-19,10012,266127,6140,146393,3872,119734,0,0,5916,119470,4085,73243,5922,192713,California
Sacramento,2021-02-20,7758,273885,5730,152123,2028,121762,0,0,4696,121112,3056,76299,4698,197411,California
Sacramento,2021-02-21,2979,276864,2367,154490,612,122374,0,0,1043,120225,1930,78229,1043,198454,California
Sacramento,2021-02-22,6199,283063,3754,158244,2445,124819,0,0,2690,119421,3498,81727,2694,201148,California
Sacramento,2021-02-23,7157,290220,4447,162691,2710,127529,0,0,3471,119226,3670,85397,3475,204623,California
Sacramento,2021-02-24,9678,299898,5310,168001,4368,131897,0,0,5268,120104,4394,89791,5272,209895,California
Sacramento,2021-02-25,10937,310835,6239,174240,4698,136595,0,0,6411,122003,4512,94303,6411,216306,California
Sacramento,2021-02-26,13934,324769,6481,180721,7453,144048,0,0,9592,127286,4312,98615,9595,225901,California
Sacramento,2021-02-27,10842,335611,6741,187462,4098,148146,3,3,7970,132410,2849,101464,7973,233874,California
Sacramento,2021-02-28,5645,341256,2246,189708,3399,151545,0,3,2600,131980,3031,104495,2601,236475,California
Sacramento,2021-03-01,8074,349330,3489,193197,4584,156129,1,4,4365,132660,3688,108183,4368,240843,California
Sacramento,2021-03-02,9295,358625,4047,197244,5247,161376,1,5,5720,134826,3558,111741,5724,246567,California
Sacramento,2021-03-03,10968,369593,5020,202264,5945,167321,3,8,6545,136974,4402,116143,6550,253117,California
Sacramento,2021-03-04,13449,383042,6195,208459,7250,174571,4,12,7477,138521,5940,122083,7487,260604,California
Sacramento,2021-03-05,10612,393654,4903,213362,5679,180250,30,42,7053,142067,3538,125621,7084,267688,California
Sacramento,2021-03-06,8119,401773,3118,216480,4879,185129,122,164,4118,142320,3986,129607,4239,271927,California
Sacramento,2021-03-07,7608,409381,2211,218691,5308,190437,89,253,3744,142292,3859,133466,3831,275758,California
Sacramento,2021-03-08,9123,418504,4260,222951,4638,195075,225,478,5978,145360,3133,136599,6201,281959,California
Sacramento,2021-03-09,9601,428105,4563,227514,4747,199822,291,769,5526,147120,4058,140657,5818,287777,California
Sacramento,2021-03-10,11762,439867,7501,235015,3905,203727,356,1125,6874,149497,4854,145511,7231,295008,California
Sacramento,2021-03-11,15046,454913,9983,244998,4246,207973,817,1942,8939,153186,6067,151578,9756,304764,California
Sacramento,2021-03-12,18018,472931,8320,253318,8837,216810,861,2803,8852,153793,9116,160694,9723,314487,California
Sacramento,2021-03-13,12981,485912,3572,256890,8983,225793,426,3229,7879,157006,5091,165785,8304,322791,California
Sacramento,2021-03-14,8386,494298,3468,260358,4287,230080,631,3860,4466,158206,3896,169681,5096,327887,California
Sacramento,2021-03-15,12203,506501,4832,265190,6709,236789,662,4522,7090,160867,5092,174773,7753,335640,California
Sacramento,2021-03-16,14002,520503,6211,271401,7142,243931,649,5171,8645,164832,5323,180096,9288,344928,California
Sacramento,2021-03-17,13693,534196,6585,277986,6473,250404,635,5806,8830,169463,4838,184934,9469,354397,California
Sacramento,2021-03-18,15687,549883,8233,286219,6866,257270,588,6394,10120,174635,5536,190470,10708,365105,California
Sacramento,2021-03-19,15605,565488,7970,294189,6261,263531,1374,7768,8133,176694,7445,197915,9504,374609,California
Sacramento,2021-03-20,12927,578415,7545,301734,5042,268573,340,8108,8176,180490,4722,202637,8518,383127,California
Sacramento,2021-03-21,5598,584013,2753,304487,2806,271379,39,8147,4943,184831,643,203280,4984,388111,California
Sacramento,2021-03-22,9399,593412,4814,309301,3731,275110,854,9001,6299,188911,3073,206353,7153,395264,California
Sacramento,2021-03-23,11350,604762,6762,316063,3780,278890,808,9809,7319,193046,3990,210343,8125,403389,California
Sacramento,2021-03-24,11877,616639,7275,323338,3970,282860,632,10441,6758,195399,5038,215381,7391,410780,California
Sacramento,2021-03-25,14162,630801,8361,331699,4975,287835,826,11267,8576,199256,5541,220922,9398,420178,California
Sacramento,2021-03-26,18269,649070,8944,340643,8837,296672,488,11755,9234,200014,8966,229888,9724,429902,California
Sacramento,2021-03-27,9705,658775,3576,344219,5838,302510,291,12046,5218,201064,4455,234343,5505,435407,California
Sacramento,2021-03-28,6534,665309,3221,347440,3065,305575,248,12294,3122,201035,3402,237745,3373,438780,California
Sacramento,2021-03-29,11016,676325,5899,353339,4745,310320,372,12666,5210,200842,5778,243523,5585,444365,California
Sacramento,2021-03-30,11851,688176,6084,359423,5375,315695,392,13058,6030,201465,5799,249322,6422,450787,California
Sacramento,2021-03-31,13451,701627,7862,367285,5194,320889,395,13453,5687,199804,7736,257058,6075,456862,California
Sacramento,2021-04-01,17395,719022,10457,377742,6714,327603,224,13677,7347,197373,10010,267068,7579,464441,California
Sacramento,2021-04-02,17123,736145,9698,387440,6688,334291,737,14414,9023,199069,8070,275138,9766,474207,California
Sacramento,2021-04-03,10432,746577,6220,393660,3660,337951,552,14966,6418,202051,3986,279124,6968,481175,California
Sacramento,2021-04-04,3706,750283,1528,395188,1987,339938,191,15157,1458,201455,2243,281367,1647,482822,California
Sacramento,2021-04-05,12059,762342,7567,402755,3660,343598,832,15989,5402,201062,6622,287989,6229,489051,California
Sacramento,2021-04-06,15622,777964,8874,411629,5417,349015,1331,17320,6926,200657,8663,296652,8258,497309,California
Sacramento,2021-04-07,14809,792773,8018,419647,5206,354221,1585,18905,7172,201821,7602,304254,8766,506075,California
Sacramento,2021-04-08,15005,807778,6743,426390,5302,359523,2960,21865,5974,201768,8999,313253,8946,515021,California
Sacramento,2021-04-09,18223,826001,9323,435713,6709,366232,2191,24056,7407,200603,10779,324032,9614,524635,California
Sacramento,2021-04-10,12815,838816,3833,439546,7767,373999,1215,25271,5323,199660,7466,331498,6523,531158,California
Sacramento,2021-04-11,10734,849550,4329,443875,6181,380180,224,25495,3803,196780,6906,338404,4026,535184,California
Sacramento,2021-04-12,12899,862449,5016,448891,6021,386201,1862,27357,4927,195641,7913,346317,6774,541958,California
Sacramento,2021-04-13,16230,878679,9933,458824,6293,392494,4,27361,7552,194549,8652,354969,7560,549518,California
Sacramento,2021-04-14,14906,893585,7942,466766,6962,399456,2,27363,5898,191471,8980,363949,5902,555420,California
Sacramento,2021-04-15,16308,909893,8391,475157,7914,407370,3,27366,6613,188432,9657,373606,6618,562038,California
Sacramento,2021-04-16,17375,927268,9605,484762,7770,415140,0,27366,7868,186832,9470,383076,7870,569908,California
Sacramento,2021-04-17,15256,942524,6138,490900,9118,424258,0,27366,11041,193683,4195,387271,11046,580954,California
Sacramento,2021-04-18,8436,950960,3069,493969,5367,429625,0,27366,3733,192731,4686,391957,3734,584688,California
Sacramento,2021-04-19,10572,961532,5711,499680,4856,434481,5,27371,4692,191571,5859,397816,4699,589387,California
Sacramento,2021-04-20,11111,972643,6750,506430,4358,438839,3,27374,5911,192309,5180,402996,5918,595305,California
Sacramento,2021-04-21,11472,984115,6628,513058,4842,443681,2,27376,6214,193290,5236,408232,6217,601522,California
Sacramento,2021-04-22,14808,998923,9894,522952,4910,448591,4,27380,6818,192154,7960,416192,6824,608346,California
Sacramento,2021-04-23,15813,1014736,9992,532944,5821,454412,0,27380,7329,191036,8448,424640,7330,615676,California
Sacramento,2021-04-24,11320,1026056,7003,539947,4316,458728,1,27381,5936,191627,5347,429987,5938,621614,California
Sacramento,2021-04-25,7986,1034042,4484,544431,3502,462230,0,27381,4162,191978,3812,433799,4163,625777,California
Sacramento,2021-04-26,10231,1044273,6430,550861,3776,466006,25,27406,4697,191193,5507,439306,4722,630499,California
Sacramento,2021-04-27,11641,1055914,7639,558500,3881,469887,121,27527,5642,190986,5971,445277,5764,636263,California
Sacramento,2021-04-28,10028,1065942,5715,564215,4111,473998,202,27729,5377,191948,4623,449900,5585,641848,California
Sacramento,2021-04-29,10190,1076132,6814,571029,3071,477069,305,28034,5357,192812,4798,454698,5662,647510,California
Sacramento,2021-04-30,12427,1088559,7804,578833,4361,481430,262,28296,5869,192428,6516,461214,6132,653642,California
Sacramento,2021-05-01,7566,1096125,5470,584303,1922,483352,174,28470,2753,190575,4779,465993,2926,656568,California
Sacramento,2021-05-02,3829,1099954,3175,587478,546,483898,108,28578,2166,191203,1644,467637,2272,658840,California
Sacramento,2021-05-03,9096,1109050,7276,594754,1538,485436,282,28860,3944,190296,5128,472765,4221,663061,California
Sacramento,2021-05-04,9361,1118411,5690,600444,3360,488796,311,29171,3784,188855,5535,478300,4094,667155,California
Sacramento,2021-05-05,10963,1129374,5917,606361,4594,493390,452,29623,4422,187223,6501,484801,4869,672024,California
Sacramento,2021-05-06,11166,1140540,6192,612553,4672,498062,302,29925,4626,185920,6229,491030,4926,676950,California
Sacramento,2021-05-07,10597,1151137,6161,618714,4061,502123,375,30300,4469,184686,6079,497109,4845,681795,California
Sacramento,2021-05-08,8162,1159299,3816,622530,4117,506240,229,30529,2703,182189,5424,502533,2927,684722,California
Sacramento,2021-05-09,3165,1162464,1653,624183,1399,507639,113,30642,1188,181527,1963,504496,1301,686023,California
Sacramento,2021-05-10,8071,1170535,3734,627917,4070,511709,267,30909,1982,177719,6059,510555,2251,688274,California
Sacramento,2021-05-11,8066,1178601,5028,632945,2794,514503,244,31153,2778,175481,5258,515813,3020,691294,California
Sacramento,2021-05-12,8041,1186642,4767,637712,3036,517539,238,31391,2739,173186,5271,521084,2976,694270,California
Sacramento,2021-05-13,10886,1197528,6930,644642,3699,521238,257,31648,4090,170777,6762,527846,4353,698623,California
Sacramento,2021-05-14,12151,1209679,6865,651507,4998,526236,288,31936,5013,168994,7083,534929,5300,703923,California
Sacramento,2021-05-15,13057,1222736,7890,659397,5024,531260,143,32079,5796,167706,7225,542154,5937,709860,California
Sacramento,2021-05-16,7781,1230517,4064,663461,3604,534864,113,32192,2093,164249,5664,547818,2207,712067,California
Sacramento,2021-05-17,10376,1240893,6315,669776,3779,538643,282,32474,4111,162413,6235,554053,4399,716466,California
Sacramento,2021-05-18,9691,1250584,6088,675864,3394,542037,209,32683,3845,160665,5806,559859,4058,720524,California
Sacramento,2021-05-19,9762,1260346,6260,682124,3239,545276,263,32946,4631,160474,5089,564948,4898,725422,California
Sacramento,2021-05-20,8920,1269266,6079,688203,2620,547896,221,33167,3972,159765,4902,569850,4193,729615,California
Sacramento,2021-05-21,9327,1278593,6083,694286,2980,550876,264,33431,4238,159218,5057,574907,4510,734125,California
Sacramento,2021-05-22,6256,1284849,3986,698272,2137,553013,133,33564,3148,159408,3090,577997,3280,737405,California
Sacramento,2021-05-23,3322,1288171,2464,700736,785,553798,73,33637,1737,159648,1569,579566,1809,739214,California
Sacramento,2021-05-24,7562,1295733,4532,705268,2722,556520,308,33945,2470,157379,5045,584611,2776,741990,California
Sacramento,2021-05-25,6564,1302297,3813,709081,2463,558983,288,34233,2420,155966,4119,588730,2706,744696,California
Sacramento,2021-05-26,8314,1310611,4611,713692,3399,562382,304,34537,2995,153990,5272,594002,3296,747992,California
Sacramento,2021-05-27,6339,1316950,3495,717187,2618,565000,226,34763,2945,153799,3359,597361,3168,751160,California
Sacramento,2021-05-28,4984,1321934,2577,719764,2141,567141,266,35029,1689,152475,3276,600637,1952,753112,California
San Benito,2020-12-16,30,30,30,30,0,0,0,0,30,30,0,0,30,30,California
San Benito,2020-12-17,38,68,38,68,0,0,0,0,38,68,0,0,38,68,California
San Benito,2020-12-18,72,140,72,140,0,0,0,0,72,140,0,0,72,140,California
San Benito,2020-12-19,47,187,47,187,0,0,0,0,47,187,0,0,47,187,California
San Benito,2020-12-20,23,210,23,210,0,0,0,0,23,210,0,0,23,210,California
San Benito,2020-12-21,76,286,76,286,0,0,0,0,76,286,0,0,76,286,California
San Benito,2020-12-22,100,386,100,386,0,0,0,0,100,386,0,0,100,386,California
San Benito,2020-12-23,85,471,73,459,12,12,0,0,85,471,0,0,85,471,California
San Benito,2020-12-24,13,484,5,464,8,20,0,0,13,484,0,0,13,484,California
San Benito,2020-12-25,4,488,4,468,0,20,0,0,4,488,0,0,4,488,California
San Benito,2020-12-26,13,501,4,472,9,29,0,0,13,501,0,0,13,501,California
San Benito,2020-12-27,8,509,7,479,1,30,0,0,8,509,0,0,8,509,California
San Benito,2020-12-28,65,574,36,515,29,59,0,0,65,574,0,0,65,574,California
San Benito,2020-12-29,50,624,21,536,29,88,0,0,50,624,0,0,50,624,California
San Benito,2020-12-30,59,683,37,573,22,110,0,0,59,683,0,0,59,683,California
San Benito,2020-12-31,19,702,2,575,17,127,0,0,19,702,0,0,19,702,California
San Benito,2021-01-02,25,727,24,599,1,128,0,0,25,727,0,0,25,727,California
San Benito,2021-01-03,3,730,1,600,2,130,0,0,3,730,0,0,3,730,California
San Benito,2021-01-04,62,792,23,623,39,169,0,0,62,792,0,0,62,792,California
San Benito,2021-01-05,119,911,37,660,82,251,0,0,116,905,3,3,116,908,California
San Benito,2021-01-06,100,1011,43,703,57,308,0,0,85,975,15,18,85,993,California
San Benito,2021-01-07,97,1108,60,763,37,345,0,0,52,982,45,63,52,1045,California
San Benito,2021-01-08,173,1281,88,851,85,430,0,0,108,1025,65,128,108,1153,California
San Benito,2021-01-09,43,1324,30,881,13,443,0,0,30,1042,13,141,30,1183,California
San Benito,2021-01-10,16,1340,14,895,2,445,0,0,5,1036,11,152,5,1188,California
San Benito,2021-01-11,169,1509,107,1002,62,507,0,0,69,1005,100,252,69,1257,California
San Benito,2021-01-12,158,1667,55,1057,103,610,0,0,120,1087,38,290,120,1377,California
San Benito,2021-01-13,216,1883,60,1117,156,766,0,0,172,1215,44,334,172,1549,California
San Benito,2021-01-14,116,1999,23,1140,93,859,0,0,98,1295,18,352,98,1647,California
San Benito,2021-01-15,216,2215,21,1161,195,1054,0,0,202,1483,14,366,202,1849,California
San Benito,2021-01-16,27,2242,9,1170,18,1072,0,0,21,1498,6,372,21,1870,California
San Benito,2021-01-17,11,2253,5,1175,6,1078,0,0,8,1503,3,375,8,1878,California
San Benito,2021-01-18,36,2289,23,1198,13,1091,0,0,21,1509,15,390,21,1899,California
San Benito,2021-01-19,152,2441,65,1263,87,1178,0,0,125,1607,27,417,125,2024,California
San Benito,2021-01-20,275,2716,94,1357,181,1359,0,0,229,1791,45,462,229,2253,California
San Benito,2021-01-21,125,2841,32,1389,93,1452,0,0,100,1866,25,487,100,2353,California
San Benito,2021-01-22,233,3074,19,1408,214,1666,0,0,223,2079,10,497,223,2576,California
San Benito,2021-01-23,31,3105,17,1425,14,1680,0,0,13,2074,18,515,13,2589,California
San Benito,2021-01-24,11,3116,3,1428,8,1688,0,0,7,2077,4,519,7,2596,California
San Benito,2021-01-25,67,3183,25,1453,42,1730,0,0,20,2050,47,566,20,2616,California
San Benito,2021-01-26,138,3321,41,1494,97,1827,0,0,85,2082,53,619,85,2701,California
San Benito,2021-01-27,229,3550,69,1563,160,1987,0,0,189,2231,40,659,189,2890,California
San Benito,2021-01-28,155,3705,32,1595,123,2110,0,0,123,2323,31,690,123,3013,California
San Benito,2021-01-29,289,3994,31,1626,258,2368,0,0,266,2567,22,712,266,3279,California
San Benito,2021-01-30,50,4044,32,1658,18,2386,0,0,27,2571,23,735,27,3306,California
San Benito,2021-01-31,16,4060,5,1663,11,2397,0,0,11,2577,5,740,11,3317,California
San Benito,2021-02-01,133,4193,28,1691,105,2502,0,0,89,2622,44,784,89,3406,California
San Benito,2021-02-02,227,4420,49,1740,178,2680,0,0,137,2669,90,874,137,3543,California
San Benito,2021-02-03,340,4760,42,1782,298,2978,0,0,274,2877,66,940,274,3817,California
San Benito,2021-02-04,164,4924,24,1806,140,3118,0,0,120,2953,44,984,120,3937,California
San Benito,2021-02-05,292,5216,40,1846,252,3370,0,0,229,3119,63,1047,229,4166,California
San Benito,2021-02-06,48,5264,8,1854,40,3410,0,0,31,3133,17,1064,31,4197,California
San Benito,2021-02-07,16,5280,8,1862,8,3418,0,0,15,3147,1,1065,15,4212,California
San Benito,2021-02-08,139,5419,16,1878,123,3541,0,0,93,3194,46,1111,93,4305,California
San Benito,2021-02-09,326,5745,63,1941,263,3804,0,0,194,3256,132,1243,194,4499,California
San Benito,2021-02-10,322,6067,89,2030,233,4037,0,0,113,3161,208,1451,113,4612,California
San Benito,2021-02-11,299,6366,33,2063,266,4303,0,0,201,3264,98,1549,201,4813,California
San Benito,2021-02-12,414,6780,31,2094,383,4686,0,0,208,3267,205,1754,208,5021,California
San Benito,2021-02-13,56,6836,7,2101,49,4735,0,0,43,3297,13,1767,43,5064,California
San Benito,2021-02-14,41,6877,5,2106,36,4771,0,0,31,3318,10,1777,31,5095,California
San Benito,2021-02-15,106,6983,10,2116,96,4867,0,0,95,3402,11,1788,95,5190,California
San Benito,2021-02-16,207,7190,11,2127,196,5063,0,0,102,3399,105,1893,102,5292,California
San Benito,2021-02-17,328,7518,29,2156,299,5362,0,0,279,3629,49,1942,279,5571,California
San Benito,2021-02-18,293,7811,37,2193,256,5618,0,0,71,3478,222,2164,71,5642,California
San Benito,2021-02-19,346,8157,47,2240,299,5917,0,0,180,3492,166,2330,180,5822,California
San Benito,2021-02-20,45,8202,26,2266,19,5936,0,0,36,3519,9,2339,36,5858,California
San Benito,2021-02-21,24,8226,8,2274,16,5952,0,0,14,3523,10,2349,14,5872,California
San Benito,2021-02-22,135,8361,36,2310,99,6051,0,0,101,3591,33,2382,101,5973,California
San Benito,2021-02-23,379,8740,94,2404,285,6336,0,0,263,3738,116,2498,263,6236,California
San Benito,2021-02-24,378,9118,65,2469,313,6649,0,0,239,3838,139,2637,239,6475,California
San Benito,2021-02-25,394,9512,64,2533,330,6979,0,0,273,3988,123,2760,273,6748,California
San Benito,2021-02-26,646,10158,72,2605,574,7553,0,0,399,4140,247,3007,399,7147,California
San Benito,2021-02-27,100,10258,39,2644,61,7614,0,0,86,4212,14,3021,86,7233,California
San Benito,2021-02-28,247,10505,23,2667,224,7838,0,0,238,4441,9,3030,238,7471,California
San Benito,2021-03-01,226,10731,58,2725,168,8006,0,0,156,4526,71,3101,156,7627,California
San Benito,2021-03-02,279,11010,93,2818,186,8192,0,0,209,4665,70,3171,209,7836,California
San Benito,2021-03-03,402,11412,59,2877,343,8535,0,0,224,4713,176,3347,224,8060,California
San Benito,2021-03-04,616,12028,127,3004,474,9009,15,15,431,4963,185,3532,435,8495,California
San Benito,2021-03-05,586,12614,306,3310,268,9277,12,27,375,5141,209,3741,387,8882,California
San Benito,2021-03-06,194,12808,70,3380,110,9387,14,41,142,5245,52,3793,156,9038,California
San Benito,2021-03-07,649,13457,605,3985,22,9409,22,63,617,5852,32,3825,639,9677,California
San Benito,2021-03-08,289,13746,67,4052,176,9585,46,109,167,5943,122,3947,213,9890,California
San Benito,2021-03-09,426,14172,84,4136,243,9828,99,208,139,5868,286,4233,211,10101,California
San Benito,2021-03-10,404,14576,113,4249,194,10022,97,305,231,6023,173,4406,328,10429,California
San Benito,2021-03-11,472,15048,120,4369,198,10220,154,459,208,6121,264,4670,362,10791,California
San Benito,2021-03-12,516,15564,119,4488,303,10523,94,553,231,6164,283,4953,326,11117,California
San Benito,2021-03-13,203,15767,102,4590,83,10606,18,571,129,6240,71,5024,147,11264,California
San Benito,2021-03-14,232,15999,40,4630,172,10778,20,591,179,6387,52,5076,199,11463,California
San Benito,2021-03-15,324,16323,100,4730,205,10983,19,610,190,6462,134,5210,209,11672,California
San Benito,2021-03-16,500,16823,220,4950,249,11232,31,641,351,6694,149,5359,381,12053,California
San Benito,2021-03-17,791,17614,477,5427,292,11524,22,663,561,7043,226,5585,575,12628,California
San Benito,2021-03-18,790,18404,527,5954,207,11731,56,719,573,7448,215,5800,620,13248,California
San Benito,2021-03-19,781,19185,404,6358,354,12085,23,742,580,7850,201,6001,603,13851,California
San Benito,2021-03-20,247,19432,152,6510,83,12168,12,754,188,7991,59,6060,200,14051,California
San Benito,2021-03-21,109,19541,56,6566,48,12216,5,759,82,8051,27,6087,87,14138,California
San Benito,2021-03-22,351,19892,171,6737,155,12371,25,784,224,8173,127,6214,249,14387,California
San Benito,2021-03-23,480,20372,202,6939,268,12639,10,794,218,8138,262,6476,227,14614,California
San Benito,2021-03-24,575,20947,305,7244,263,12902,7,801,361,8293,213,6689,368,14982,California
San Benito,2021-03-25,743,21690,441,7685,298,13200,4,805,441,8440,298,6987,445,15427,California
San Benito,2021-03-26,1020,22710,518,8203,498,13698,4,809,339,8103,680,7667,343,15770,California
San Benito,2021-03-27,336,23046,187,8390,116,13814,33,842,215,8232,120,7787,249,16019,California
San Benito,2021-03-28,732,23778,608,8998,119,13933,5,847,128,7761,604,8391,133,16152,California
San Benito,2021-03-29,344,24122,109,9107,215,14148,20,867,148,7732,196,8587,167,16319,California
San Benito,2021-03-30,577,24699,273,9380,210,14358,94,961,292,7833,285,8872,386,16705,California
San Benito,2021-03-31,596,25295,366,9746,206,14564,24,985,342,7948,251,9123,366,17071,California
San Benito,2021-04-01,947,26242,383,10129,526,15090,38,1023,567,8169,379,9502,600,17671,California
San Benito,2021-04-02,542,26784,263,10392,144,15234,135,1158,267,8297,275,9777,403,18074,California
San Benito,2021-04-03,255,27039,88,10480,104,15338,63,1221,75,8255,180,9957,138,18212,California
San Benito,2021-04-04,143,27182,108,10588,30,15368,5,1226,106,8329,37,9994,111,18323,California
San Benito,2021-04-05,352,27534,170,10758,140,15508,42,1268,143,8304,209,10203,184,18507,California
San Benito,2021-04-06,471,28005,164,10922,128,15636,179,1447,160,8332,311,10514,339,18846,California
San Benito,2021-04-07,946,28951,530,11452,227,15863,189,1636,268,8116,676,11190,460,19306,California
San Benito,2021-04-08,862,29813,432,11884,178,16041,252,1888,227,7961,634,11824,479,19785,California
San Benito,2021-04-09,840,30653,498,12382,252,16293,90,1978,290,7793,550,12374,382,20167,California
San Benito,2021-04-10,337,30990,202,12584,77,16370,58,2036,189,7892,148,12522,247,20414,California
San Benito,2021-04-11,473,31463,269,12853,170,16540,34,2070,263,7962,210,12732,280,20694,California
San Benito,2021-04-12,530,31993,285,13138,133,16673,112,2182,278,8097,251,12983,386,21080,California
San Benito,2021-04-13,754,32747,292,13430,439,17112,23,2205,522,8412,231,13214,546,21626,California
San Benito,2021-04-14,832,33579,654,14084,178,17290,0,2205,395,8375,432,13646,395,22021,California
San Benito,2021-04-15,941,34520,733,14817,207,17497,1,2206,469,8374,471,14117,470,22491,California
San Benito,2021-04-16,704,35224,368,15185,327,17824,9,2215,296,8275,405,14522,306,22797,California
San Benito,2021-04-17,321,35545,226,15411,95,17919,0,2215,130,8212,193,14715,130,22927,California
San Benito,2021-04-18,491,36036,410,15821,81,18000,0,2215,235,8194,255,14970,237,23164,California
San Benito,2021-04-19,736,36772,590,16411,146,18146,0,2215,416,8292,319,15289,417,23581,California
San Benito,2021-04-20,768,37540,398,16809,368,18514,2,2217,486,8502,277,15566,487,24068,California
San Benito,2021-04-21,953,38493,702,17511,251,18765,0,2217,513,8589,426,15992,513,24581,California
San Benito,2021-04-22,896,39389,691,18202,205,18970,0,2217,565,8831,323,16315,565,25146,California
San Benito,2021-04-23,635,40024,397,18599,237,19207,1,2218,342,8929,244,16559,342,25488,California
San Benito,2021-04-24,359,40383,203,18802,156,19363,0,2218,168,8945,152,16711,168,25656,California
San Benito,2021-04-25,205,40588,127,18929,78,19441,0,2218,95,8948,92,16803,95,25751,California
San Benito,2021-04-26,479,41067,383,19312,96,19537,0,2218,253,9035,166,16969,253,26004,California
San Benito,2021-04-27,538,41605,277,19589,254,19791,7,2225,402,9319,125,17094,409,26413,California
San Benito,2021-04-28,541,42146,384,19973,148,19939,9,2234,379,9549,157,17251,387,26800,California
San Benito,2021-04-29,628,42774,231,20204,387,20326,10,2244,249,9446,379,17630,276,27076,California
San Benito,2021-04-30,376,43150,208,20412,161,20487,7,2251,202,9483,172,17802,209,27285,California
San Benito,2021-05-01,195,43345,143,20555,44,20531,8,2259,65,9428,128,17930,73,27358,California
San Benito,2021-05-02,189,43534,161,20716,24,20555,4,2263,58,9359,131,18061,62,27420,California
San Benito,2021-05-03,355,43889,281,20997,65,20620,9,2272,85,9185,270,18331,96,27516,California
San Benito,2021-05-04,403,44292,243,21240,152,20772,8,2280,148,9087,253,18584,155,27671,California
San Benito,2021-05-05,600,44892,422,21662,162,20934,16,2296,209,8923,389,18973,225,27896,California
San Benito,2021-05-06,611,45503,484,22146,112,21046,15,2311,221,8773,386,19359,236,28132,California
San Benito,2021-05-07,446,45949,283,22429,153,21199,10,2321,171,8684,273,19632,184,28316,California
San Benito,2021-05-08,276,46225,225,22654,46,21245,5,2326,158,8729,118,19750,163,28479,California
San Benito,2021-05-09,101,46326,76,22730,22,21267,3,2329,48,8728,52,19802,51,28530,California
San Benito,2021-05-10,410,46736,323,23053,63,21330,24,2353,51,8445,359,20161,76,28606,California
San Benito,2021-05-11,806,47542,401,23454,392,21722,13,2366,177,8009,627,20788,191,28797,California
San Benito,2021-05-12,482,48024,386,23840,84,21806,12,2378,111,7764,369,21157,124,28921,California
San Benito,2021-05-13,660,48684,564,24404,86,21892,10,2388,166,7448,491,21648,175,29096,California
San Benito,2021-05-14,595,49279,439,24843,149,22041,7,2395,230,7321,364,22012,237,29333,California
San Benito,2021-05-15,229,49508,172,25015,50,22091,7,2402,127,7353,102,22114,134,29467,California
San Benito,2021-05-16,160,49668,132,25147,26,22117,2,2404,91,7377,69,22183,93,29560,California
San Benito,2021-05-17,377,50045,307,25454,61,22178,9,2413,175,7360,201,22384,184,29744,California
San Benito,2021-05-18,664,50709,345,25799,314,22492,5,2418,207,7116,457,22841,213,29957,California
San Benito,2021-05-19,565,51274,415,26214,142,22634,8,2426,234,7028,330,23171,242,30199,California
San Benito,2021-05-20,563,51837,454,26668,98,22732,11,2437,309,7095,253,23424,320,30519,California
San Benito,2021-05-21,433,52270,257,26925,162,22894,14,2451,201,7080,231,23655,216,30735,California
San Benito,2021-05-22,273,52543,214,27139,55,22949,4,2455,176,7165,96,23751,181,30916,California
San Benito,2021-05-23,68,52611,46,27185,17,22966,5,2460,24,7149,44,23795,28,30944,California
San Benito,2021-05-24,279,52890,236,27421,39,23005,4,2464,172,7218,107,23902,176,31120,California
San Benito,2021-05-25,518,53408,232,27653,279,23284,7,2471,166,7041,350,24252,173,31293,California
San Benito,2021-05-26,273,53681,175,27828,92,23376,6,2477,110,6994,162,24414,115,31408,California
San Benito,2021-05-27,397,54078,301,28129,71,23447,25,2502,147,6920,249,24663,175,31583,California
San Benito,2021-05-28,132,54210,40,28169,88,23535,4,2506,32,6857,99,24762,36,31619,California
San Bernardino,2020-12-15,13,13,13,13,0,0,0,0,13,13,0,0,13,13,California
San Bernardino,2020-12-16,113,126,113,126,0,0,0,0,113,126,0,0,113,126,California
San Bernardino,2020-12-17,2369,2495,2369,2495,0,0,0,0,2369,2495,0,0,2369,2495,California
San Bernardino,2020-12-18,3150,5645,3147,5642,3,3,0,0,3151,5646,0,0,3151,5646,California
San Bernardino,2020-12-19,1070,6715,1069,6711,1,4,0,0,1071,6717,0,0,1071,6717,California
San Bernardino,2020-12-20,1178,7893,1175,7886,3,7,0,0,1178,7895,0,0,1178,7895,California
San Bernardino,2020-12-21,2457,10350,2452,10338,5,12,0,0,2457,10352,0,0,2457,10352,California
San Bernardino,2020-12-22,2278,12628,2149,12487,129,141,0,0,2279,12631,0,0,2279,12631,California
San Bernardino,2020-12-23,2669,15297,1464,13951,1205,1346,0,0,2667,15298,0,0,2667,15298,California
San Bernardino,2020-12-24,1163,16460,583,14534,580,1926,0,0,1165,16463,0,0,1165,16463,California
San Bernardino,2020-12-25,75,16535,14,14548,61,1987,0,0,75,16538,0,0,75,16538,California
San Bernardino,2020-12-26,462,16997,254,14802,208,2195,0,0,462,17000,0,0,462,17000,California
San Bernardino,2020-12-27,348,17345,162,14964,186,2381,0,0,348,17348,0,0,348,17348,California
San Bernardino,2020-12-28,1572,18917,712,15676,860,3241,0,0,1573,18921,0,0,1573,18921,California
San Bernardino,2020-12-29,2213,21130,1042,16718,1171,4412,0,0,2213,21134,0,0,2213,21134,California
San Bernardino,2020-12-30,2894,24024,1458,18176,1436,5848,0,0,2895,24029,0,0,2895,24029,California
San Bernardino,2020-12-31,1359,25383,439,18615,920,6768,0,0,1357,25386,0,0,1357,25386,California
San Bernardino,2021-01-01,284,25667,151,18766,133,6901,0,0,283,25669,0,0,283,25669,California
San Bernardino,2021-01-02,477,26144,340,19106,137,7038,0,0,477,26146,0,0,477,26146,California
San Bernardino,2021-01-03,136,26280,88,19194,48,7086,0,0,136,26282,0,0,136,26282,California
San Bernardino,2021-01-04,2125,28405,1287,20481,838,7924,0,0,2124,28406,0,0,2124,28406,California
San Bernardino,2021-01-05,2334,30739,1463,21944,871,8795,0,0,2224,30521,109,109,2224,30630,California
San Bernardino,2021-01-06,3437,34176,2350,24294,1087,9882,0,0,2939,32969,492,601,2940,33570,California
San Bernardino,2021-01-07,5418,39594,4506,28800,912,10794,0,0,2468,32506,2931,3532,2468,36038,California
San Bernardino,2021-01-08,5368,44962,4448,33248,920,11714,0,0,2288,31719,3076,6608,2289,38327,California
San Bernardino,2021-01-09,1403,46365,1100,34348,303,12017,0,0,905,32126,498,7106,905,39232,California
San Bernardino,2021-01-10,1026,47391,610,34958,416,12433,0,0,577,32254,449,7555,577,39809,California
San Bernardino,2021-01-11,4985,52376,4077,39035,908,13341,0,0,2768,32809,2213,9768,2768,42577,California
San Bernardino,2021-01-12,4227,56603,3211,42246,1016,14357,0,0,2512,33607,1714,11482,2512,45089,California
San Bernardino,2021-01-13,4571,61174,2849,45095,1722,16079,0,0,3349,35747,1210,12692,3350,48439,California
San Bernardino,2021-01-14,4817,65991,2840,47935,1977,18056,0,0,4236,39406,577,13269,4236,52675,California
San Bernardino,2021-01-15,5967,71958,2954,50889,3013,21069,0,0,5569,44590,388,13657,5572,58247,California
San Bernardino,2021-01-16,2255,74213,1287,52176,968,22037,0,0,2113,46561,142,13799,2113,60360,California
San Bernardino,2021-01-17,1184,75397,508,52684,676,22713,0,0,1101,47582,82,13881,1103,61463,California
San Bernardino,2021-01-18,4268,79665,2637,55321,1631,24344,0,0,3644,50606,623,14504,3647,65110,California
San Bernardino,2021-01-19,6319,85984,3706,59027,2613,26957,0,0,5233,54757,1084,15588,5235,70345,California
San Bernardino,2021-01-20,6844,92828,3768,62795,3076,30033,0,0,4895,57713,1941,17529,4897,75242,California
San Bernardino,2021-01-21,5989,98817,3079,65874,2910,32943,0,0,4870,61476,1110,18639,4873,80115,California
San Bernardino,2021-01-22,6529,105346,3052,68926,3477,36420,0,0,5804,66558,723,19362,5805,85920,California
San Bernardino,2021-01-23,3119,108465,1896,70822,1223,37643,0,0,2728,68896,390,19752,2728,88648,California
San Bernardino,2021-01-24,1195,109660,461,71283,734,38377,0,0,1094,69889,101,19853,1094,89742,California
San Bernardino,2021-01-25,6888,116548,3407,74690,3481,41858,0,0,5050,73107,1835,21688,5053,94795,California
San Bernardino,2021-01-26,7077,123625,3534,78224,3543,45401,0,0,4978,75988,2098,23786,4979,99774,California
San Bernardino,2021-01-27,8508,132133,4143,82367,4365,49766,0,0,5709,78906,2791,26577,5709,105483,California
San Bernardino,2021-01-28,8595,140728,4078,86445,4517,54283,0,0,6273,82862,2317,28894,6273,111756,California
San Bernardino,2021-01-29,8197,148925,3771,90216,4426,58709,0,0,6222,87124,1961,30855,6223,117979,California
San Bernardino,2021-01-30,3094,152019,1900,92116,1194,59903,0,0,2805,89641,288,31143,2805,120784,California
San Bernardino,2021-01-31,925,152944,493,92609,432,60335,0,0,871,90459,53,31196,871,121655,California
San Bernardino,2021-02-01,7580,160524,4252,96861,3328,63663,0,0,4948,92779,2629,33825,4949,126604,California
San Bernardino,2021-02-02,10448,170972,3656,100517,6792,70455,0,0,8389,99114,2055,35880,8390,134994,California
San Bernardino,2021-02-03,9007,179979,4148,104665,4859,75314,0,0,6506,103128,2493,38373,6507,141501,California
San Bernardino,2021-02-04,10524,190503,5186,109851,5338,80652,0,0,7423,107461,3090,41463,7423,148924,California
San Bernardino,2021-02-05,11010,201513,5908,115759,5102,85754,0,0,7489,111441,3510,44973,7490,156414,California
San Bernardino,2021-02-06,5265,206778,2213,117972,3052,88806,0,0,3635,113473,1606,46579,3638,160052,California
San Bernardino,2021-02-07,843,207621,489,118461,354,89160,0,0,468,113570,372,46951,469,160521,California
San Bernardino,2021-02-08,7282,214903,3882,122343,3400,92560,0,0,5614,117518,1666,48617,5614,166135,California
San Bernardino,2021-02-09,10142,225045,5906,128249,4236,96796,0,0,6844,121069,3296,51913,6847,172982,California
San Bernardino,2021-02-10,12084,237129,6453,134702,5631,102427,0,0,7964,124925,4109,56022,7965,180947,California
San Bernardino,2021-02-11,12447,249576,7139,141841,5308,107735,0,0,7936,128376,4488,60510,7939,188886,California
San Bernardino,2021-02-12,10426,260002,5945,147786,4481,112216,0,0,5688,129343,4721,65231,5688,194574,California
San Bernardino,2021-02-13,6049,266051,4021,151807,2028,114244,0,0,3809,130933,2224,67455,3814,198388,California
San Bernardino,2021-02-14,1552,267603,649,152456,903,115147,0,0,873,131134,672,68127,873,199261,California
San Bernardino,2021-02-15,5477,273080,2995,155451,2482,117629,0,0,3061,131793,2402,70529,3061,202322,California
San Bernardino,2021-02-16,12625,285705,7381,162832,5244,122873,0,0,7972,135125,4641,75170,7973,210295,California
San Bernardino,2021-02-17,11812,297517,6463,169295,5349,128222,0,0,7147,137626,4648,79818,7149,217444,California
San Bernardino,2021-02-18,12488,310005,7584,176879,4904,133126,0,0,7702,140557,4772,84590,7703,225147,California
San Bernardino,2021-02-19,11531,321536,5933,182812,5598,138724,0,0,6815,142676,4696,89286,6815,231962,California
San Bernardino,2021-02-20,4523,326059,3470,186282,1053,139777,0,0,2041,142241,2478,91764,2043,234005,California
San Bernardino,2021-02-21,1131,327190,673,186955,458,140235,0,0,392,141896,739,92503,394,234399,California
San Bernardino,2021-02-22,8675,335865,5343,192298,3332,143567,0,0,4043,141320,4621,97124,4045,238444,California
San Bernardino,2021-02-23,9131,344996,5449,197747,3682,147249,0,0,4597,141408,4509,101633,4597,243041,California
San Bernardino,2021-02-24,12450,357446,7177,204924,5273,152522,0,0,6155,141289,6275,107908,6156,249197,California
San Bernardino,2021-02-25,13080,370526,6281,211205,6799,159321,0,0,7615,143459,5448,113356,7618,256815,California
San Bernardino,2021-02-26,13617,384143,6381,217586,7236,166557,0,0,7585,145076,5970,119326,7587,264402,California
San Bernardino,2021-02-27,6667,390810,3726,221312,2940,169497,1,1,4814,148047,1844,121170,4815,269217,California
San Bernardino,2021-02-28,1765,392575,732,222044,1033,170530,0,1,1137,148561,623,121793,1137,270354,California
San Bernardino,2021-03-01,8453,401028,4359,226403,4091,174621,3,4,3838,147817,4593,126386,3849,274203,California
San Bernardino,2021-03-02,13857,414885,5539,231942,8318,182939,0,4,6547,147087,7280,133666,6550,280753,California
San Bernardino,2021-03-03,12886,427771,6529,238471,6354,189293,3,7,6020,146272,6845,140511,6030,286783,California
San Bernardino,2021-03-04,13765,441536,6913,245384,6852,196145,0,7,5981,144494,7763,148274,5985,292768,California
San Bernardino,2021-03-05,14414,455950,7540,252924,6873,203018,1,8,7041,144213,7341,155615,7060,299828,California
San Bernardino,2021-03-06,9718,465668,5456,258380,4047,207065,215,223,4546,143817,5155,160770,4759,304587,California
San Bernardino,2021-03-07,1651,467319,1002,259382,592,207657,57,280,1048,144321,601,161371,1105,305692,California
San Bernardino,2021-03-08,8077,475396,3575,262957,4343,212000,159,439,3593,143600,4476,165847,3755,309447,California
San Bernardino,2021-03-09,13077,488473,7486,270443,5347,217347,244,683,5274,141330,7789,173636,5519,314966,California
San Bernardino,2021-03-10,14209,502682,7848,278291,5805,223152,556,1239,6359,140424,7824,181460,6918,321884,California
San Bernardino,2021-03-11,15622,518304,7240,285531,6793,229945,1589,2828,7395,141197,8206,189666,8979,330863,California
San Bernardino,2021-03-12,15513,533817,6892,292423,6573,236518,2048,4876,7349,142510,8134,197800,9447,340310,California
San Bernardino,2021-03-13,8384,542201,4581,297004,3291,239809,512,5388,4975,144607,3398,201198,5495,345805,California
San Bernardino,2021-03-14,3283,545484,1660,298664,1042,240851,581,5969,1832,145570,1444,202642,2407,348212,California
San Bernardino,2021-03-15,11390,556874,5372,304036,3984,244835,2034,8003,5580,147380,5796,208438,7606,355818,California
San Bernardino,2021-03-16,16224,573098,8033,312069,7245,252080,946,8949,9918,151960,6280,214718,10860,366678,California
San Bernardino,2021-03-17,17384,590482,8645,320714,7990,260070,749,9698,10539,156423,6826,221544,11289,377967,California
San Bernardino,2021-03-18,16627,607109,8230,328944,8010,268080,387,10085,9849,159905,6752,228296,10234,388201,California
San Bernardino,2021-03-19,16975,624084,8426,337370,7960,276040,589,10674,9753,163102,7197,235493,10394,398595,California
San Bernardino,2021-03-20,9444,633528,5961,343331,2893,278933,590,11264,5588,165445,3831,239324,6174,404769,California
San Bernardino,2021-03-21,2794,636322,2274,345605,470,279403,50,11314,2250,167214,531,239855,2300,407069,California
San Bernardino,2021-03-22,9625,645947,4527,350132,4660,284063,438,11752,6972,171992,2632,242487,7410,414479,California
San Bernardino,2021-03-23,15500,661447,8799,358931,6082,290145,619,12371,9596,176323,5883,248370,10214,424693,California
San Bernardino,2021-03-24,15169,676616,7841,366772,7023,297168,305,12676,10077,181649,5057,253427,10383,435076,California
San Bernardino,2021-03-25,17039,693655,8366,375138,8373,305541,300,12976,10798,186552,6191,259618,11094,446170,California
San Bernardino,2021-03-26,18209,711864,8685,383823,8753,314294,771,13747,10897,190939,7282,266900,11669,457839,California
San Bernardino,2021-03-27,10853,722717,7015,390838,3086,317380,752,14499,6192,193241,4641,271541,6943,464782,California
San Bernardino,2021-03-28,3620,726337,2550,393388,957,318337,113,14612,2510,194762,1101,272642,2622,467404,California
San Bernardino,2021-03-29,11777,738114,6121,399509,5257,323594,399,15011,7961,199324,3798,276440,8360,475764,California
San Bernardino,2021-03-30,16996,755110,9486,408995,6793,330387,717,15728,10537,204147,6422,282862,11245,487009,California
San Bernardino,2021-03-31,16596,771706,9331,418326,6627,337014,638,16366,10920,210059,5647,288509,11559,498568,California
San Bernardino,2021-04-01,19789,791495,10458,428784,7917,344931,1414,17780,12739,217196,7008,295517,14145,512713,California
San Bernardino,2021-04-02,18914,810409,9538,438322,8082,353013,1294,19074,11428,222504,7457,302974,12765,525478,California
San Bernardino,2021-04-03,11165,821574,6985,445307,3041,356054,1139,20213,6068,224628,5079,308053,7203,532681,California
San Bernardino,2021-04-04,2499,824073,1505,446812,745,356799,249,20462,1260,224904,1233,309286,1509,534190,California
San Bernardino,2021-04-05,11787,835860,5295,452107,4757,361556,1735,22197,6015,226898,5752,315038,7746,541936,California
San Bernardino,2021-04-06,19749,855609,11119,463226,6516,368072,2114,24311,10438,230187,9267,324305,12556,554492,California
San Bernardino,2021-04-07,20959,876568,11212,474438,7269,375341,2478,26789,11442,234621,9488,333793,13922,568414,California
San Bernardino,2021-04-08,21895,898463,11211,485649,8079,383420,2605,29394,12047,239498,9823,343616,14700,583114,California
San Bernardino,2021-04-09,21763,920226,11079,496728,8123,391543,2561,31955,11849,244055,9880,353496,14437,597551,California
San Bernardino,2021-04-10,15665,935891,8115,504843,3827,395370,3723,35678,7753,247648,7892,361388,11485,609036,California
San Bernardino,2021-04-11,4419,940310,2576,507419,885,396255,958,36636,2024,248237,2389,363777,2978,612014,California
San Bernardino,2021-04-12,13385,953695,6185,513604,5544,401799,1656,38292,6321,249166,7043,370820,7972,619986,California
San Bernardino,2021-04-13,19229,972924,10948,524552,8262,410061,19,38311,10998,251979,8205,379025,11018,631004,California
San Bernardino,2021-04-14,19198,992122,10262,534814,8933,418994,3,38314,10836,254490,8330,387355,10841,641845,California
San Bernardino,2021-04-15,20256,1012378,11318,546132,8932,427926,6,38320,10741,255759,9478,396833,10747,652592,California
San Bernardino,2021-04-16,18575,1030953,10538,556670,8036,435962,1,38321,9124,255476,9407,406240,9124,661716,California
San Bernardino,2021-04-17,11920,1042873,7846,564516,4074,440036,0,38321,6229,256047,5658,411898,6229,667945,California
San Bernardino,2021-04-18,2885,1045758,1980,566496,905,440941,0,38321,1265,255704,1608,413506,1265,669210,California
San Bernardino,2021-04-19,12531,1058289,6681,573177,5850,446791,0,38321,4859,252917,7650,421156,4863,674073,California
San Bernardino,2021-04-20,17603,1075892,9813,582990,7787,454578,3,38324,8039,251422,9538,430694,8043,682116,California
San Bernardino,2021-04-21,18089,1093981,10322,593312,7764,462342,3,38327,7916,249227,10114,440808,7919,690035,California
San Bernardino,2021-04-22,19184,1113165,10966,604278,8214,470556,4,38331,7793,245689,11335,452143,7797,697832,California
San Bernardino,2021-04-23,18467,1131632,10569,614847,7897,478453,1,38332,8047,243365,10374,462517,8050,705882,California
San Bernardino,2021-04-24,12824,1144456,9476,624323,3346,481799,2,38334,6890,244338,5919,468436,6892,712774,California
San Bernardino,2021-04-25,3394,1147850,2223,626546,1171,482970,0,38334,1676,244311,1704,470140,1677,714451,California
San Bernardino,2021-04-26,10505,1158355,5629,632175,4787,487757,89,38423,4447,242823,6023,476163,4535,718986,California
San Bernardino,2021-04-27,15894,1174249,9594,641769,6131,493888,169,38592,6485,240109,9367,485530,6653,725639,California
San Bernardino,2021-04-28,14681,1188930,8716,650485,5690,499578,275,38867,5269,236259,9385,494915,5535,731174,California
San Bernardino,2021-04-29,16171,1205101,9313,659798,6589,506167,269,39136,5367,231119,10772,505687,5632,736806,California
San Bernardino,2021-04-30,16536,1221637,10442,670240,5814,511981,280,39416,6095,227087,10404,516091,6372,743178,California
San Bernardino,2021-05-01,10709,1232346,8403,678643,1997,513978,309,39725,3685,224057,7021,523112,3991,747169,California
San Bernardino,2021-05-02,2925,1235271,2115,680758,678,514656,132,39857,1042,223355,1875,524987,1173,748342,California
San Bernardino,2021-05-03,10026,1245297,5765,686523,3856,518512,405,40262,2898,219541,7115,532102,3301,751643,California
San Bernardino,2021-05-04,15651,1260948,9514,696037,5683,524195,454,40716,4541,213463,11070,543172,4992,756635,California
San Bernardino,2021-05-05,15315,1276263,8804,704841,6098,530293,413,41129,4327,207256,10943,554115,4736,761371,California
San Bernardino,2021-05-06,15740,1292003,8967,713808,6358,536651,415,41544,4281,200527,11424,565539,4695,766066,California
San Bernardino,2021-05-07,15434,1307437,8669,722477,6390,543041,375,41919,4623,194764,10757,576296,4994,771060,California
San Bernardino,2021-05-08,9180,1316617,6108,728585,2828,545869,244,42163,3130,192122,6015,582311,3373,774433,California
San Bernardino,2021-05-09,1808,1318425,1111,729696,607,546476,90,42253,726,191866,1072,583383,816,775249,California
San Bernardino,2021-05-10,7412,1325837,3413,733109,3684,550160,315,42568,2270,189353,5095,588478,2582,777831,California
San Bernardino,2021-05-11,11874,1337711,6543,739652,5005,555165,326,42894,3721,185285,8116,596594,4048,781879,California
San Bernardino,2021-05-12,12001,1349712,6390,746042,5322,560487,289,43183,3432,180478,8524,605118,3717,785596,California
San Bernardino,2021-05-13,12455,1362167,7390,753432,4724,565211,341,43524,4769,177940,7643,612761,5105,790701,California
San Bernardino,2021-05-14,13577,1375744,9027,762459,4216,569427,334,43858,5651,176056,7868,620629,5984,796685,California
San Bernardino,2021-05-15,11218,1386962,8319,770778,2711,572138,188,44046,4501,174055,6685,627314,4684,801369,California
San Bernardino,2021-05-16,2764,1389726,2038,772816,665,572803,61,44107,1310,173988,1437,628751,1370,802739,California
San Bernardino,2021-05-17,9891,1399617,6731,779547,2888,575691,272,44379,4619,173647,5235,633986,4894,807633,California
San Bernardino,2021-05-18,13292,1412909,8767,788314,4270,579961,255,44634,6180,173001,7077,641063,6431,814064,California
San Bernardino,2021-05-19,11459,1424368,7178,795492,3908,583869,373,45007,5338,172628,6081,647144,5708,819772,California
San Bernardino,2021-05-20,9938,1434306,5857,801349,3784,587653,297,45304,4477,171973,5426,652570,4771,824543,California
San Bernardino,2021-05-21,10783,1445089,7141,808490,3291,590944,351,45655,4718,171020,6021,658591,5068,829611,California
San Bernardino,2021-05-22,7301,1452390,5560,814050,1549,592493,192,45847,3646,171236,3620,662211,3836,833447,California
San Bernardino,2021-05-23,1285,1453675,827,814877,385,592878,73,45920,650,171330,629,662840,723,834170,California
San Bernardino,2021-05-24,6562,1460237,4119,818996,2151,595029,292,46212,2966,171033,3554,666394,3257,837427,California
San Bernardino,2021-05-25,9177,1469414,5623,824619,3294,598323,260,46472,4143,170430,5006,671400,4403,841830,California
San Bernardino,2021-05-26,7927,1477341,5043,829662,2657,600980,227,46699,3675,170107,4218,675618,3895,845725,California
San Bernardino,2021-05-27,7312,1484653,4467,834129,2624,603604,221,46920,3331,169717,3939,679557,3549,849274,California
San Bernardino,2021-05-28,4973,1489626,3293,837422,1451,605055,229,47149,2023,169043,2927,682484,2253,851527,California
San Diego,2020-12-15,119,119,119,119,0,0,0,0,119,119,0,0,119,119,California
San Diego,2020-12-16,1103,1222,1103,1222,0,0,0,0,1103,1222,0,0,1103,1222,California
San Diego,2020-12-17,2350,3572,2350,3572,0,0,0,0,2350,3572,0,0,2350,3572,California
San Diego,2020-12-18,3670,7242,3669,7241,1,1,0,0,3670,7242,0,0,3670,7242,California
San Diego,2020-12-19,2313,9555,2313,9554,0,1,0,0,2313,9555,0,0,2313,9555,California
San Diego,2020-12-20,1184,10739,1183,10737,1,2,0,0,1184,10739,0,0,1184,10739,California
San Diego,2020-12-21,3522,14261,3521,14258,1,3,0,0,3522,14261,0,0,3522,14261,California
San Diego,2020-12-22,4060,18321,3417,17675,643,646,0,0,4060,18321,0,0,4060,18321,California
San Diego,2020-12-23,3182,21503,1978,19653,1204,1850,0,0,3182,21503,0,0,3182,21503,California
San Diego,2020-12-24,2736,24239,2219,21872,517,2367,0,0,2736,24239,0,0,2736,24239,California
San Diego,2020-12-25,876,25115,875,22747,1,2368,0,0,876,25115,0,0,876,25115,California
San Diego,2020-12-26,3294,28409,2143,24890,1151,3519,0,0,3294,28409,0,0,3294,28409,California
San Diego,2020-12-27,2510,30919,1619,26509,891,4410,0,0,2509,30917,1,1,2509,30918,California
San Diego,2020-12-28,5912,36831,4225,30734,1687,6097,0,0,5912,36829,0,1,5912,36830,California
San Diego,2020-12-29,5572,42403,2999,33733,2573,8670,0,0,5572,42401,0,1,5572,42402,California
San Diego,2020-12-30,5944,48347,3099,36832,2845,11515,0,0,5944,48345,0,1,5944,48346,California
San Diego,2020-12-31,3040,51387,1055,37887,1985,13500,0,0,3040,51385,0,1,3040,51386,California
San Diego,2021-01-01,1006,52393,452,38339,554,14054,0,0,1006,52391,0,1,1006,52392,California
San Diego,2021-01-02,3745,56138,1303,39642,2442,16496,0,0,3745,56136,0,1,3745,56137,California
San Diego,2021-01-03,859,56997,633,40275,226,16722,0,0,858,56994,0,1,858,56995,California
San Diego,2021-01-04,3702,60699,2049,42324,1653,18375,0,0,3695,60689,0,1,3695,60690,California
San Diego,2021-01-05,4376,65075,2185,44509,2191,20566,0,0,3759,63847,613,614,3771,64461,California
San Diego,2021-01-06,4947,70022,2290,46799,2657,23223,0,0,3713,66353,1211,1825,3717,68178,California
San Diego,2021-01-07,5665,75687,2983,49782,2682,25905,0,0,3506,67713,2152,3977,3512,71690,California
San Diego,2021-01-08,7868,83555,4941,54723,2927,28832,0,0,4082,68043,3769,7746,4099,75789,California
San Diego,2021-01-09,3500,87055,1940,56663,1560,30392,0,0,1950,68466,1538,9284,1961,77750,California
San Diego,2021-01-10,1881,88936,1293,57956,588,30980,0,0,778,68162,1091,10375,787,78537,California
San Diego,2021-01-11,10333,99269,5860,63816,4473,35453,0,0,6803,71460,3523,13898,6821,85358,California
San Diego,2021-01-12,11200,110469,5313,69129,5887,41340,0,0,7822,76027,3369,17267,7936,93294,California
San Diego,2021-01-13,11510,121979,5053,74182,6457,47797,0,0,8966,82485,2532,19799,8990,102284,California
San Diego,2021-01-14,12365,134344,4746,78928,7619,55416,0,0,10196,90556,2161,21960,10232,112516,California
San Diego,2021-01-15,15133,149477,5355,84283,9778,65194,0,0,12487,100471,2627,24587,12542,125058,California
San Diego,2021-01-16,10771,160248,3593,87876,7178,72372,0,0,9325,108386,1441,26028,9356,134414,California
San Diego,2021-01-17,8682,168930,2497,90373,6185,78557,0,0,7841,115406,841,26869,7861,142275,California
San Diego,2021-01-18,12880,181810,6317,96690,6563,85120,0,0,10030,122678,2818,29687,10090,152365,California
San Diego,2021-01-19,14598,196408,5669,102359,8929,94049,0,0,11488,131333,3099,32786,11754,164119,California
San Diego,2021-01-20,18330,214738,6388,108747,11942,105991,0,0,15008,143224,3301,36087,15192,179311,California
San Diego,2021-01-21,17300,232038,5785,114532,11515,117506,0,0,15911,157898,1380,37467,16054,195365,California
San Diego,2021-01-22,17584,249622,4662,119194,12922,130428,0,0,15551,171511,2019,39486,15632,210997,California
San Diego,2021-01-23,14491,264113,5280,124474,9211,139639,0,0,12133,181357,2347,41833,12193,223190,California
San Diego,2021-01-24,11905,276018,3345,127819,8560,148199,0,0,10931,191356,972,42805,10971,234161,California
San Diego,2021-01-25,12273,288291,5802,133621,6471,154670,0,0,9253,197751,3013,45818,9408,243569,California
San Diego,2021-01-26,15157,303448,7858,141479,7299,161969,0,0,11770,206323,3385,49203,11957,255526,California
San Diego,2021-01-27,20580,324028,7939,149418,12641,174610,0,0,17560,221017,3011,52214,17705,273231,California
San Diego,2021-01-28,21310,345338,7651,157069,13659,188269,0,0,19037,237877,2263,54477,19123,292354,California
San Diego,2021-01-29,19728,365066,6480,163549,13248,201517,0,0,17285,252778,2433,56910,17334,309688,California
San Diego,2021-01-30,15906,380972,3668,167217,12238,213755,0,0,13223,263426,2673,59583,13321,323009,California
San Diego,2021-01-31,14812,395784,5764,172981,9048,222803,0,0,14450,277550,358,59941,14482,337491,California
San Diego,2021-02-01,21037,416821,7735,180716,13302,236105,0,0,17484,291574,3539,63480,17563,355054,California
San Diego,2021-02-02,22899,439720,8375,189091,14524,250629,0,0,19630,308113,3260,66740,19799,374853,California
San Diego,2021-02-03,27669,467389,11770,200861,15899,266528,0,0,23356,327365,4294,71034,23546,398399,California
San Diego,2021-02-04,24253,491642,9896,210757,14357,280885,0,0,19623,342658,4613,75647,19906,418305,California
San Diego,2021-02-05,24934,516576,8890,219647,16044,296929,0,0,18246,354691,6664,82311,18697,437002,California
San Diego,2021-02-06,20782,537358,8555,228202,12227,309156,0,0,17531,369197,3248,85559,17754,454756,California
San Diego,2021-02-07,12137,549495,5377,233579,6760,315916,0,0,10253,377836,1873,87432,10512,465268,California
San Diego,2021-02-08,20123,569618,8532,242111,11591,327507,0,0,12678,383765,7434,94866,13363,478631,California
San Diego,2021-02-09,20493,590111,8327,250438,12166,339673,0,0,13196,390756,7276,102142,14267,492898,California
San Diego,2021-02-10,22974,613085,9338,259776,13636,353309,0,0,13848,396913,9069,111211,15226,508124,California
San Diego,2021-02-11,23846,636931,10186,269962,13660,366969,0,0,12770,400321,11049,122260,14457,522581,California
San Diego,2021-02-12,23840,660771,7447,277409,16393,383362,0,0,11885,402537,11938,134198,14154,536735,California
San Diego,2021-02-13,20033,680804,9026,286435,11007,394369,0,0,10901,405516,9126,143324,12105,548840,California
San Diego,2021-02-14,11187,691991,7433,293868,3754,398123,0,0,6320,408488,4863,148187,7835,556675,California
San Diego,2021-02-15,15272,707263,7761,301629,7511,405634,0,0,7829,411964,7421,155608,10897,567572,California
San Diego,2021-02-16,19294,726557,11268,312897,8026,413660,0,0,9221,414110,10061,165669,12207,579779,California
San Diego,2021-02-17,23414,749971,10999,323896,12415,426075,0,0,8121,410043,15278,180947,11211,590990,California
San Diego,2021-02-18,23575,773546,12010,335906,11565,437640,0,0,7777,406118,15786,196733,11861,602851,California
San Diego,2021-02-19,15905,789451,10910,346816,4995,442635,0,0,6635,405476,9252,205985,8610,611461,California
San Diego,2021-02-20,10265,799716,6367,353183,3898,446533,0,0,5808,408737,4455,210440,7716,619177,California
San Diego,2021-02-21,11570,811286,10156,363339,1414,447947,0,0,5185,409057,6379,216819,6699,625876,California
San Diego,2021-02-22,12451,823737,10592,373931,1859,449806,0,0,5758,409769,6688,223507,7400,633276,California
San Diego,2021-02-23,25871,849608,14494,388425,11377,461183,0,0,9629,409064,16234,239741,15529,648805,California
San Diego,2021-02-24,28961,878569,12766,401191,16195,477378,0,0,6856,401276,22085,261826,14297,663102,California
San Diego,2021-02-25,33210,911779,14732,415923,18478,495856,0,0,10132,396757,23058,284884,18539,681641,California
San Diego,2021-02-26,33479,945258,12403,428326,21076,516932,0,0,12114,394646,21335,306219,19224,700865,California
San Diego,2021-02-27,21249,966507,9689,438015,11560,528492,0,0,11443,400562,9801,316020,15717,716582,California
San Diego,2021-02-28,15287,981794,9989,448004,5298,533790,0,0,9523,407115,5763,321783,12316,728898,California
San Diego,2021-03-01,24259,1006053,14319,462323,9938,543728,2,2,14730,416262,9451,331234,18598,747496,California
San Diego,2021-03-02,26184,1032237,14095,476418,12089,555817,0,2,12766,422318,13408,344642,19464,766960,California
San Diego,2021-03-03,34025,1066262,15950,492368,18072,573889,3,5,14072,423380,19932,364574,20994,787954,California
San Diego,2021-03-04,28319,1094581,14111,506479,14208,588097,0,5,12616,427078,15681,380255,19379,807333,California
San Diego,2021-03-05,29018,1123599,14919,521398,14017,602114,82,87,13519,431928,15474,395729,20324,827657,California
San Diego,2021-03-06,23437,1147036,9598,530996,13138,615252,701,788,10351,434587,13072,408801,15731,843388,California
San Diego,2021-03-07,18247,1165283,9338,540334,8338,623590,571,1359,6930,434445,11308,420109,11166,854554,California
San Diego,2021-03-08,23107,1188390,11227,551561,10973,634563,907,2266,11449,440045,11638,431747,17238,871792,California
San Diego,2021-03-09,25915,1214305,11998,563559,12158,646721,1759,4025,10142,440116,15758,447505,15829,887621,California
San Diego,2021-03-10,25566,1239871,10815,574374,12353,659074,2398,6423,10137,441305,15413,462918,16602,904223,California
San Diego,2021-03-11,28663,1268534,11024,585398,14041,673115,3598,10021,9987,440197,18653,481571,17545,921768,California
San Diego,2021-03-12,27069,1295603,9461,594859,14468,687583,3140,13161,9936,439694,17120,498691,16617,938385,California
San Diego,2021-03-13,26234,1321837,7308,602167,17137,704720,1789,14950,10140,439708,16090,514781,16104,954489,California
San Diego,2021-03-14,13882,1335719,5500,607667,7643,712363,739,15689,4820,438540,9053,523834,7885,962374,California
San Diego,2021-03-15,22034,1357753,10176,617843,11078,723441,780,16469,9018,438440,13003,536837,12903,975277,California
San Diego,2021-03-16,30012,1387765,15796,633639,13804,737245,412,16881,15738,443395,14251,551088,19206,994483,California
San Diego,2021-03-17,26352,1414117,12241,645880,13391,750636,720,17601,16793,453419,9542,560630,19566,1014049,California
San Diego,2021-03-18,31539,1445656,17816,663696,12803,763439,920,18521,17039,458437,14467,575097,19485,1033534,California
San Diego,2021-03-19,30353,1476009,14405,678101,14908,778347,1040,19561,19399,469142,10932,586029,21637,1055171,California
San Diego,2021-03-20,27897,1503906,8457,686558,17637,795984,1803,21364,21428,487023,6457,592486,24338,1079509,California
San Diego,2021-03-21,16583,1520489,12106,698664,3760,799744,717,22081,7715,487919,8854,601340,9750,1089259,California
San Diego,2021-03-22,22546,1543035,13151,711815,9118,808862,277,22358,14330,497081,8203,609543,17365,1106624,California
San Diego,2021-03-23,26006,1569041,13643,725458,12084,820946,279,22637,17131,507661,8860,618403,19440,1126064,California
San Diego,2021-03-24,29588,1598629,19783,745241,9423,830369,382,23019,17101,514722,12476,630879,19537,1145601,California
San Diego,2021-03-25,30385,1629014,18313,763554,11388,841757,684,23703,17991,523139,12375,643254,20792,1166393,California
San Diego,2021-03-26,32155,1661169,17944,781498,13638,855395,573,24276,17503,529412,14627,657881,20900,1187293,California
San Diego,2021-03-27,25514,1686683,11049,792547,14072,869467,393,24669,15692,537937,9804,667685,18329,1205622,California
San Diego,2021-03-28,15083,1701766,9238,801785,5788,875255,57,24726,9265,542915,5812,673497,10790,1216412,California
San Diego,2021-03-29,26734,1728500,12921,814706,13180,888435,633,25359,16447,552155,10277,683774,19517,1235929,California
San Diego,2021-03-30,33242,1761742,17901,832607,14552,902987,789,26148,22017,565563,11213,694987,24621,1260550,California
San Diego,2021-03-31,30481,1792223,18801,851408,10974,913961,706,26854,20638,578174,9826,704813,22437,1282987,California
San Diego,2021-04-01,34357,1826580,20062,871470,12795,926756,1500,28354,23244,593143,11089,715902,26058,1309045,California
San Diego,2021-04-02,35807,1862387,20674,892144,12326,939082,2807,31161,24117,609817,11671,727573,28345,1337390,California
San Diego,2021-04-03,30860,1893247,14458,906602,11794,950876,4608,35769,19719,624206,11128,738701,25517,1362907,California
San Diego,2021-04-04,9058,1902305,5204,911806,2926,953802,928,36697,4820,625896,4233,742934,5923,1368830,California
San Diego,2021-04-05,29763,1932068,15406,927212,11705,965507,2652,39349,19383,640052,10362,753296,24518,1393348,California
San Diego,2021-04-06,38760,1970828,20397,947609,12449,977956,5914,45263,22331,653989,16413,769709,30350,1423698,California
San Diego,2021-04-07,35843,2006671,21981,969590,9287,987243,4575,49838,20320,664573,15499,785208,26083,1449781,California
San Diego,2021-04-08,35254,2041925,21371,990961,9711,996954,4172,54010,21313,678690,13922,799130,28039,1477820,California
San Diego,2021-04-09,38334,2080259,22828,1013789,10290,1007244,5216,59226,20803,690518,17465,816595,29293,1507113,California
San Diego,2021-04-10,29191,2109450,11785,1025574,13396,1020640,4010,63236,15099,698562,14082,830677,22126,1529239,California
San Diego,2021-04-11,16261,2125711,10079,1035653,3868,1024508,2314,65550,7266,702126,8991,839668,12555,1541794,California
San Diego,2021-04-12,30854,2156565,12863,1048516,13660,1038168,4331,69881,17186,713632,13653,853321,25159,1566953,California
San Diego,2021-04-13,37217,2193782,17790,1066306,19391,1057559,36,69917,24789,728863,12407,865728,27638,1594591,California
San Diego,2021-04-14,33090,2226872,18929,1085235,14148,1071707,13,69930,17917,735960,15159,880887,22256,1616847,California
San Diego,2021-04-15,39565,2266437,20376,1105611,19185,1090892,4,69934,24137,747511,15409,896296,26960,1643807,California
San Diego,2021-04-16,33849,2300286,18590,1124201,15256,1106148,3,69937,19646,755380,14142,910438,22011,1665818,California
San Diego,2021-04-17,27895,2328181,13543,1137744,14352,1120500,0,69937,12384,755372,15417,925855,15409,1681227,California
San Diego,2021-04-18,14502,2342683,8915,1146659,5584,1126084,3,69940,6784,757387,7705,933560,9720,1690947,California
San Diego,2021-04-19,26599,2369282,13570,1160229,13028,1139112,1,69941,12524,757600,14056,947616,14269,1705216,California
San Diego,2021-04-20,39056,2408338,17779,1178008,21276,1160388,1,69942,19969,761446,19067,966683,22913,1728129,California
San Diego,2021-04-21,35046,2443384,20933,1198941,14113,1174501,0,69942,16991,763396,18020,984703,19970,1748099,California
San Diego,2021-04-22,44668,2488052,22946,1221887,21718,1196219,4,69946,22438,766644,22187,1006890,25435,1773534,California
San Diego,2021-04-23,42246,2530298,26023,1247910,16221,1212440,2,69948,15787,759134,26429,1033319,18919,1792453,California
San Diego,2021-04-24,34977,2565275,18869,1266779,16093,1228533,15,69963,15666,758666,19278,1052597,18810,1811263,California
San Diego,2021-04-25,12647,2577922,7707,1274486,4940,1233473,0,69963,5937,759241,6702,1059299,7277,1818540,California
San Diego,2021-04-26,31130,2609052,15530,1290016,15469,1248942,131,70094,10697,753900,20421,1079720,15080,1833620,California
San Diego,2021-04-27,42639,2651691,23522,1313538,18697,1267639,420,70514,18827,752290,23780,1103500,22170,1855790,California
San Diego,2021-04-28,38339,2690030,22631,1336169,15034,1282673,674,71188,17390,751646,20916,1124416,20272,1876062,California
San Diego,2021-04-29,38112,2728142,24280,1360449,13178,1295851,654,71842,15425,746759,22652,1147068,17765,1893827,California
San Diego,2021-04-30,38121,2766263,23144,1383593,13961,1309812,1016,72858,14968,741421,23116,1170184,17778,1911605,California
San Diego,2021-05-01,24342,2790605,10735,1394328,12962,1322774,645,73503,9582,739016,14751,1184935,12346,1923951,California
San Diego,2021-05-02,10730,2801335,7540,1401868,2603,1325377,587,74090,3298,735796,7427,1192362,4207,1928158,California
San Diego,2021-05-03,25346,2826681,12488,1414356,11700,1337077,1158,75248,9373,731162,15949,1208311,11315,1939473,California
San Diego,2021-05-04,31934,2858615,17607,1431963,12998,1350075,1329,76577,11565,724806,20339,1228650,13983,1953456,California
San Diego,2021-05-05,27742,2886357,17042,1449005,9411,1359486,1289,77866,10619,720552,17103,1245753,12849,1966305,California
San Diego,2021-05-06,28462,2914819,18839,1467844,8709,1368195,914,78780,10860,717220,17572,1263325,14240,1980545,California
San Diego,2021-05-07,29600,2944419,19546,1487390,9004,1377199,1050,79830,11059,712013,18503,1281828,13296,1993841,California
San Diego,2021-05-08,22663,2967082,10774,1498164,11176,1388375,713,80543,7306,706088,15334,1297162,9409,2003250,California
San Diego,2021-05-09,7494,2974576,5678,1503842,1407,1389782,409,80952,2616,704653,4871,1302033,3436,2006686,California
San Diego,2021-05-10,21677,2996253,8457,1512299,12406,1402188,814,81766,5970,696998,15676,1317709,8021,2014707,California
San Diego,2021-05-11,27672,3023925,11221,1523520,15675,1417863,776,82542,9645,690999,18003,1335712,12004,2026711,California
San Diego,2021-05-12,21961,3045886,11696,1535216,9475,1427338,790,83332,8040,686932,13896,1349608,9829,2036540,California
San Diego,2021-05-13,29646,3075532,17696,1552912,11339,1438677,611,83943,12310,685025,17282,1366890,15375,2051915,California
San Diego,2021-05-14,30739,3106271,19696,1572608,10196,1448873,847,84790,14027,685272,16676,1383566,16923,2068838,California
San Diego,2021-05-15,26164,3132435,16499,1589107,8843,1457716,822,85612,10935,682764,15178,1398744,12670,2081508,California
San Diego,2021-05-16,12985,3145420,9711,1598818,2698,1460414,576,86188,6495,683719,6479,1405223,7434,2088942,California
San Diego,2021-05-17,21453,3166873,13034,1611852,7668,1468082,751,86939,9446,682795,11970,1417193,11046,2099988,California
San Diego,2021-05-18,34241,3201114,19395,1631247,13970,1482052,876,87815,13927,678736,20279,1437472,16220,2116208,California
San Diego,2021-05-19,28478,3229592,17938,1649185,9733,1491785,807,88622,12330,676837,16119,1453591,14220,2130428,California
San Diego,2021-05-20,30534,3260126,16340,1665525,13430,1505215,764,89386,10287,668932,20215,1473806,12310,2142738,California
San Diego,2021-05-21,22814,3282940,14370,1679895,7511,1512726,933,90319,9418,666889,13367,1487173,11324,2154062,California
San Diego,2021-05-22,17435,3300375,9656,1689551,6685,1519411,1094,91413,7442,666319,9976,1497149,9406,2163468,California
San Diego,2021-05-23,4798,3305173,3601,1693152,913,1520324,284,91697,2579,667183,2214,1499363,3078,2166546,California
San Diego,2021-05-24,17617,3322790,8969,1702121,6759,1527083,1889,93586,6510,665326,11090,1510453,9233,2175779,California
San Diego,2021-05-25,24190,3346980,13229,1715350,9132,1536215,1829,95415,8749,661628,15409,1525862,11711,2187490,California
San Diego,2021-05-26,19045,3366025,10534,1725884,6502,1542717,2009,97424,6675,658785,12337,1538199,9494,2196984,California
San Diego,2021-05-27,20190,3386215,11886,1737770,5935,1548652,2369,99793,6888,655784,13286,1551485,10285,2207269,California
San Diego,2021-05-28,8401,3394616,5134,1742904,2852,1551504,415,100208,3097,654440,5294,1556779,3950,2211219,California
San Francisco,2020-12-15,7,7,7,7,0,0,0,0,7,7,0,0,7,7,California
San Francisco,2020-12-16,230,237,230,237,0,0,0,0,230,237,0,0,230,237,California
San Francisco,2020-12-17,394,631,394,631,0,0,0,0,394,631,0,0,394,631,California
San Francisco,2020-12-18,879,1510,878,1509,1,1,0,0,879,1510,0,0,879,1510,California
San Francisco,2020-12-19,603,2113,603,2112,0,1,0,0,603,2113,0,0,603,2113,California
San Francisco,2020-12-20,484,2597,484,2596,0,1,0,0,484,2597,0,0,484,2597,California
San Francisco,2020-12-21,1163,3760,1163,3759,0,1,0,0,1163,3760,0,0,1163,3760,California
San Francisco,2020-12-22,1406,5166,1372,5131,34,35,0,0,1406,5166,0,0,1406,5166,California
San Francisco,2020-12-23,1355,6521,1059,6190,296,331,0,0,1355,6521,0,0,1355,6521,California
San Francisco,2020-12-24,844,7365,505,6695,339,670,0,0,844,7365,0,0,844,7365,California
San Francisco,2020-12-25,34,7399,29,6724,5,675,0,0,34,7399,0,0,34,7399,California
San Francisco,2020-12-26,247,7646,152,6876,95,770,0,0,247,7646,0,0,247,7646,California
San Francisco,2020-12-27,274,7920,60,6936,214,984,0,0,274,7920,0,0,274,7920,California
San Francisco,2020-12-28,1273,9193,689,7625,584,1568,0,0,1273,9193,0,0,1273,9193,California
San Francisco,2020-12-29,1253,10446,628,8253,625,2193,0,0,1253,10446,0,0,1253,10446,California
San Francisco,2020-12-30,1489,11935,780,9033,709,2902,0,0,1489,11935,0,0,1489,11935,California
San Francisco,2020-12-31,964,12899,410,9443,554,3456,0,0,963,12898,0,0,963,12898,California
San Francisco,2021-01-01,92,12991,72,9515,20,3476,0,0,92,12990,0,0,92,12990,California
San Francisco,2021-01-02,336,13327,303,9818,33,3509,0,0,336,13326,0,0,336,13326,California
San Francisco,2021-01-03,298,13625,105,9923,193,3702,0,0,297,13622,1,1,297,13623,California
San Francisco,2021-01-04,1839,15464,1355,11278,484,4186,0,0,1836,15455,3,4,1836,15459,California
San Francisco,2021-01-05,2235,17699,1420,12698,815,5001,0,0,2200,17622,35,39,2202,17661,California
San Francisco,2021-01-06,1872,19571,1160,13858,712,5713,0,0,1608,18969,262,301,1609,19270,California
San Francisco,2021-01-07,2067,21638,1207,15065,860,6573,0,0,1607,20119,457,758,1607,20877,California
San Francisco,2021-01-08,2335,23973,1638,16703,697,7270,0,0,1496,20781,834,1592,1496,22373,California
San Francisco,2021-01-09,1389,25362,894,17597,495,7765,0,0,884,21162,505,2097,886,23259,California
San Francisco,2021-01-10,919,26281,541,18138,378,8143,0,0,460,21164,458,2555,460,23719,California
San Francisco,2021-01-11,2505,28786,1870,20008,635,8778,0,0,1403,21464,1103,3658,1403,25122,California
San Francisco,2021-01-12,3093,31879,2071,22079,1022,9800,0,0,1898,22169,1195,4853,1900,27022,California
San Francisco,2021-01-13,2833,34712,1618,23697,1215,11015,0,0,1999,23334,834,5687,1999,29021,California
San Francisco,2021-01-14,2445,37157,1103,24800,1342,12357,0,0,1884,24657,561,6248,1884,30905,California
San Francisco,2021-01-15,2748,39905,1148,25948,1600,13957,0,0,2357,26627,389,6637,2359,33264,California
San Francisco,2021-01-16,2258,42163,965,26913,1293,15250,0,0,2091,28552,167,6804,2092,35356,California
San Francisco,2021-01-17,1926,44089,533,27446,1393,16643,0,0,1710,30046,216,7020,1710,37066,California
San Francisco,2021-01-18,1380,45469,595,28041,785,17428,0,0,1114,30896,265,7285,1115,38181,California
San Francisco,2021-01-19,2582,48051,1476,29517,1106,18534,0,0,1831,31976,751,8036,1831,40012,California
San Francisco,2021-01-20,2761,50812,1129,30646,1632,20166,0,0,2007,33233,751,8787,2008,42020,California
San Francisco,2021-01-21,3322,54134,946,31592,2376,22542,0,0,2486,34885,834,9621,2486,44506,California
San Francisco,2021-01-22,3190,57324,644,32236,2546,25088,0,0,2748,37193,440,10061,2748,47254,California
San Francisco,2021-01-23,3093,60417,611,32847,2482,27570,0,0,2725,39552,367,10428,2726,49980,California
San Francisco,2021-01-24,2430,62847,364,33211,2066,29636,0,0,2199,41523,228,10656,2199,52179,California
San Francisco,2021-01-25,4638,67485,1833,35044,2805,32441,0,0,3050,42988,1586,12242,3051,55230,California
San Francisco,2021-01-26,4710,72195,2172,37216,2538,34979,0,0,3080,44443,1627,13869,3082,58312,California
San Francisco,2021-01-27,4359,76554,2001,39217,2358,37337,0,0,3073,46232,1284,15153,3073,61385,California
San Francisco,2021-01-28,3759,80313,1554,40771,2205,39542,0,0,2598,47674,1156,16309,2598,63983,California
San Francisco,2021-01-29,4722,85035,1681,42452,3041,42583,0,0,3449,49857,1266,17575,3449,67432,California
San Francisco,2021-01-30,3783,88818,1845,44297,1938,44521,0,0,3328,52735,454,18029,3332,70764,California
San Francisco,2021-01-31,2352,91170,825,45122,1527,46048,0,0,2201,54787,150,18179,2202,72966,California
San Francisco,2021-02-01,3974,95144,1699,46821,2275,48323,0,0,2903,56620,1071,19250,2904,75870,California
San Francisco,2021-02-02,4487,99631,1795,48616,2692,51015,0,0,2893,57925,1588,20838,2893,78763,California
San Francisco,2021-02-03,5070,104701,2377,50993,2693,53708,0,0,3754,60367,1313,22151,3755,82518,California
San Francisco,2021-02-04,5025,109726,2427,53420,2598,56306,0,0,3863,63070,1160,23311,3863,86381,California
San Francisco,2021-02-05,5960,115686,3215,56635,2745,59051,0,0,4617,66347,1341,24652,4618,90999,California
San Francisco,2021-02-06,5491,121177,3670,60305,1821,60872,0,0,4591,70042,898,25550,4593,95592,California
San Francisco,2021-02-07,4344,125521,3195,63500,1149,62021,0,0,3767,73238,574,26124,3770,99362,California
San Francisco,2021-02-08,6736,132257,4642,68142,2094,64115,0,0,5514,77548,1206,27330,5516,104878,California
San Francisco,2021-02-09,5939,138196,3995,72137,1944,66059,0,0,4387,80375,1561,28891,4388,109266,California
San Francisco,2021-02-10,6886,145082,4191,76328,2695,68754,0,0,5079,83655,1802,30693,5082,114348,California
San Francisco,2021-02-11,6722,151804,3987,80315,2735,71489,0,0,4900,86739,1817,32510,4901,119249,California
San Francisco,2021-02-12,5332,157136,2674,82989,2658,74147,0,0,3497,88399,1837,34347,3497,122746,California
San Francisco,2021-02-13,4382,161518,2563,85552,1819,75966,0,0,3048,90115,1334,35681,3050,125796,California
San Francisco,2021-02-14,3428,164946,2249,87801,1179,77145,0,0,2299,91288,1128,36809,2301,128097,California
San Francisco,2021-02-15,2775,167721,1507,89308,1268,78413,0,0,1681,91877,1092,37901,1681,129778,California
San Francisco,2021-02-16,5066,172787,2791,92099,2275,80688,0,0,2973,92770,2086,39987,2979,132757,California
San Francisco,2021-02-17,5342,178129,2615,94714,2727,83415,0,0,2957,93353,2375,42362,2958,135715,California
San Francisco,2021-02-18,5369,183498,2626,97340,2743,86158,0,0,2787,93562,2581,44943,2790,138505,California
San Francisco,2021-02-19,5644,189142,2648,99988,2996,89154,0,0,2931,93788,2707,47650,2933,141438,California
San Francisco,2021-02-20,4527,193669,2180,102168,2347,91501,0,0,1699,92669,2819,50469,1700,143138,California
San Francisco,2021-02-21,2889,196558,1518,103686,1371,92872,0,0,1280,92349,1601,52070,1281,144419,California
San Francisco,2021-02-22,5122,201680,3191,106877,1931,94803,0,0,2578,92393,2536,54606,2580,146999,California
San Francisco,2021-02-23,5537,207217,3158,110035,2379,97182,0,0,2837,92536,2694,57300,2837,149836,California
San Francisco,2021-02-24,9033,216250,5120,115155,3913,101095,0,0,4830,93174,4193,61493,4831,154667,California
San Francisco,2021-02-25,9797,226047,6883,122038,2914,104009,0,0,6334,96050,3460,64953,6336,161003,California
San Francisco,2021-02-26,11983,238030,7780,129818,4203,108212,0,0,7100,98268,4883,69836,7101,168104,California
San Francisco,2021-02-27,9255,247285,6000,135818,3254,111466,1,1,4647,98322,4595,74431,4649,172753,California
San Francisco,2021-02-28,7770,255055,5583,141401,2187,113653,0,1,3860,98274,3909,78340,3861,176614,California
San Francisco,2021-03-01,11025,266080,7494,148895,3527,117180,4,5,5326,97932,5674,84014,5332,181946,California
San Francisco,2021-03-02,9966,276046,6728,155623,3238,120418,0,5,5648,99273,4308,88322,5649,187595,California
San Francisco,2021-03-03,11267,287313,6550,162173,4716,125134,1,6,6148,100319,5106,93428,6152,193747,California
San Francisco,2021-03-04,8750,296063,5508,167681,3242,128376,0,6,4931,101439,3811,97239,4931,198678,California
San Francisco,2021-03-05,9215,305278,5654,173335,3557,131933,4,10,5775,103791,3428,100667,5780,204458,California
San Francisco,2021-03-06,7118,312396,4658,177993,2251,134184,209,219,4442,105749,2690,103357,4648,209106,California
San Francisco,2021-03-07,5391,317787,4218,182211,1115,135299,58,277,3105,106613,2299,105656,3163,212269,California
San Francisco,2021-03-08,7471,325258,5473,187684,1812,137111,186,463,5896,111088,1607,107263,6082,218351,California
San Francisco,2021-03-09,8328,333586,5537,193221,2416,139527,375,838,6099,115322,2235,109498,6469,224820,California
San Francisco,2021-03-10,11145,344731,6606,199827,4039,143566,500,1338,7039,118779,4084,113582,7541,232361,California
San Francisco,2021-03-11,10088,354819,6387,206214,2736,146302,965,2303,6626,122919,3444,117026,7584,239945,California
San Francisco,2021-03-12,10870,365689,6355,212569,3173,149475,1342,3645,6053,125515,4795,121821,7391,247336,California
San Francisco,2021-03-13,6707,372396,3942,216511,1704,151179,1061,4706,4173,128224,2525,124346,5234,252570,California
San Francisco,2021-03-14,7579,379975,4929,221440,2406,153585,244,4950,3986,128874,3578,127924,4228,256798,California
San Francisco,2021-03-15,12090,392065,9250,230690,1895,155480,945,5895,8387,134505,3689,131613,9320,266118,California
San Francisco,2021-03-16,12224,404289,8337,239027,3427,158907,460,6355,8839,140440,3363,134976,9298,275416,California
San Francisco,2021-03-17,13353,417642,8286,247313,4504,163411,563,6918,9620,146915,3704,138680,10179,285595,California
San Francisco,2021-03-18,10090,427732,6864,254177,2603,166014,623,7541,5753,148972,4313,142993,6370,291965,California
San Francisco,2021-03-19,12410,440142,9074,263251,2868,168882,468,8009,6575,150203,5807,148800,7038,299003,California
San Francisco,2021-03-20,8891,449033,6545,269796,1880,170762,466,8475,5174,152159,3686,152486,5642,304645,California
San Francisco,2021-03-21,6615,455648,6058,275854,420,171182,137,8612,3735,153168,2862,155348,3871,308516,California
San Francisco,2021-03-22,9857,465505,6937,282791,2074,173256,846,9458,5113,154401,4719,160067,5952,314468,California
San Francisco,2021-03-23,11275,476780,7480,290271,3145,176401,650,10108,6315,156433,4930,164997,6962,321430,California
San Francisco,2021-03-24,12392,489172,9496,299767,2360,178761,536,10644,6281,157175,6069,171066,6811,328241,California
San Francisco,2021-03-25,11927,501099,8744,308511,2620,181381,563,11207,5891,157658,5967,177033,6450,334691,California
San Francisco,2021-03-26,12022,513121,8340,316851,3448,184829,234,11441,5896,157694,6092,183125,6128,340819,California
San Francisco,2021-03-27,8787,521908,5894,322745,2544,187373,349,11790,3763,156802,5003,188128,4111,344930,California
San Francisco,2021-03-28,6687,528595,5343,328088,1302,188675,42,11832,3003,156185,3659,191787,3042,347972,California
San Francisco,2021-03-29,11512,540107,7996,336084,3329,192004,187,12019,4859,154604,6625,198412,5044,353016,California
San Francisco,2021-03-30,11666,551773,7326,343410,4047,196051,293,12312,5524,154304,6117,204529,5817,358833,California
San Francisco,2021-03-31,12286,564059,8183,351593,3803,199854,300,12612,4959,152265,7292,211821,5253,364086,California
San Francisco,2021-04-01,13990,578049,7436,359029,4852,204706,1702,14314,6030,152061,7923,219744,7719,371805,California
San Francisco,2021-04-02,14864,592913,6564,365593,6414,211120,1886,16200,6959,153016,7883,227627,8838,380643,California
San Francisco,2021-04-03,10591,603504,4910,370503,3857,214977,1824,18024,4862,153984,5713,233340,6681,387324,California
San Francisco,2021-04-04,9044,612548,4791,375294,2595,217572,1658,19682,3570,153749,5460,238800,5225,392549,California
San Francisco,2021-04-05,16036,628584,9822,385116,4328,221900,1886,21568,6315,152253,9692,248492,8196,400745,California
San Francisco,2021-04-06,16062,644646,9511,394627,4484,226384,2067,23635,6235,150750,9801,258293,8298,409043,California
San Francisco,2021-04-07,16850,661496,10026,404653,4592,230976,2232,25867,6993,150134,9833,268126,9217,418260,California
San Francisco,2021-04-08,14187,675683,6748,411401,3022,233998,4417,30284,4624,149624,9530,277656,9020,427280,California
San Francisco,2021-04-09,15808,691491,7644,419045,4811,238809,3353,33637,6579,150347,9197,286853,9920,437200,California
San Francisco,2021-04-10,13301,704792,5690,424735,5867,244676,1744,35381,7096,153000,6179,293032,8832,446032,California
San Francisco,2021-04-11,9984,714776,7477,432212,1333,246009,1174,36555,5145,154489,4826,297858,6315,452347,California
San Francisco,2021-04-12,10591,725367,6877,439089,2565,248574,1149,37704,4843,154750,5726,303584,5987,458334,California
San Francisco,2021-04-13,10742,736109,7286,446375,3443,252017,13,37717,5392,154831,5328,308912,5409,463743,California
San Francisco,2021-04-14,13269,749378,7990,454365,5278,257295,1,37718,6378,154355,6855,315767,6379,470122,California
San Francisco,2021-04-15,13709,763087,9507,463872,4201,261496,1,37719,8052,156785,5626,321393,8056,478178,California
San Francisco,2021-04-16,12911,775998,8689,472561,4178,265674,44,37763,7621,159194,5260,326653,7669,485847,California
San Francisco,2021-04-17,10055,786053,7299,479860,2755,268429,1,37764,7088,163337,2950,329603,7093,492940,California
San Francisco,2021-04-18,6605,792658,5044,484904,1559,269988,2,37766,4086,164925,2502,332105,4090,497030,California
San Francisco,2021-04-19,10866,803524,8168,493072,2694,272682,4,37770,6987,168064,3862,335967,7001,504031,California
San Francisco,2021-04-20,12329,815853,7211,500283,5116,277798,2,37772,8502,172769,3800,339767,8505,512536,California
San Francisco,2021-04-21,10554,826407,7540,507823,3009,280807,5,37777,6430,175111,4097,343864,6439,518975,California
San Francisco,2021-04-22,10433,836840,7719,515542,2713,283520,1,37778,6021,176750,4389,348253,6028,525003,California
San Francisco,2021-04-23,10325,847165,5921,521463,4404,287924,0,37778,6133,178727,4163,352416,6140,531143,California
San Francisco,2021-04-24,7944,855109,5466,526929,2478,290402,0,37778,4705,180222,3218,355634,4713,535856,California
San Francisco,2021-04-25,5026,860135,4326,531255,694,291096,6,37784,2937,181094,2074,357708,2946,538802,California
San Francisco,2021-04-26,7938,868073,5621,536876,2305,293401,12,37796,3910,181025,4003,361711,3934,542736,California
San Francisco,2021-04-27,8441,876514,5701,542577,2612,296013,128,37924,4200,181146,4217,365928,4338,547074,California
San Francisco,2021-04-28,9246,885760,6520,549097,2535,298548,191,38115,4753,181633,4461,370389,4948,552022,California
San Francisco,2021-04-29,9106,894866,5385,554482,3528,302076,193,38308,4371,181499,4710,375099,4576,556598,California
San Francisco,2021-04-30,10865,905731,5181,559663,5484,307560,200,38508,3976,178829,6851,381950,4181,560779,California
San Francisco,2021-05-01,6932,912663,3583,563246,3235,310795,114,38622,1704,175446,5203,387153,1820,562599,California
San Francisco,2021-05-02,5318,917981,3087,566333,2133,312928,98,38720,973,172182,4338,391491,1074,563673,California
San Francisco,2021-05-03,9660,927641,6579,572912,2920,315848,161,38881,2462,167644,7168,398659,2630,566303,California
San Francisco,2021-05-04,9343,936984,5980,578892,3114,318962,249,39130,2290,163166,7022,405681,2544,568847,California
San Francisco,2021-05-05,8757,945741,6118,585010,2330,321292,309,39439,2147,159059,6567,412248,2460,571307,California
San Francisco,2021-05-06,10710,956451,8563,593573,1677,322969,470,39909,1857,152567,8820,421068,2328,573635,California
San Francisco,2021-05-07,10090,966541,6457,600030,3364,326333,269,40178,1639,146050,8425,429493,1908,575543,California
San Francisco,2021-05-08,8356,974897,3545,603575,4681,331014,130,40308,984,139824,7341,436834,1115,576658,California
San Francisco,2021-05-09,6687,981584,5828,609403,777,331791,82,40390,1220,135677,5443,442277,1296,577954,California
San Francisco,2021-05-10,6969,988553,4930,614333,1789,333580,250,40640,1043,131070,5899,448176,1292,579246,California
San Francisco,2021-05-11,7135,995688,5111,619444,1821,335401,203,40843,1378,126928,5724,453900,1582,580828,California
San Francisco,2021-05-12,7417,1003105,5329,624773,1654,337055,434,41277,1503,122973,5884,459784,1929,582757,California
San Francisco,2021-05-13,10360,1013465,7544,632317,2603,339658,213,41490,3832,120523,6501,466285,4051,586808,California
San Francisco,2021-05-14,9264,1022729,6567,638884,2527,342185,170,41660,2995,117458,6240,472525,3175,589983,California
San Francisco,2021-05-15,7782,1030511,6248,645132,1477,343662,57,41717,3001,115764,4764,477289,3070,593053,California
San Francisco,2021-05-16,4953,1035464,4173,649305,722,344384,58,41775,1840,114569,3093,480382,1898,594951,California
San Francisco,2021-05-17,7230,1042694,5385,654690,1679,346063,166,41941,2551,112629,4660,485042,2720,597671,California
San Francisco,2021-05-18,8636,1051330,4962,659652,3500,349563,174,42115,2033,108277,6560,491602,2208,599879,California
San Francisco,2021-05-19,7436,1058766,5524,665176,1680,351243,232,42347,2472,106043,4937,496539,2703,602582,California
San Francisco,2021-05-20,5328,1064094,3623,668799,1510,352753,195,42542,1546,104031,3750,500289,1738,604320,California
San Francisco,2021-05-21,6639,1070733,3758,672557,2732,355485,149,42691,1737,101054,4860,505149,1883,606203,California
San Francisco,2021-05-22,4343,1075076,3371,675928,924,356409,48,42739,2104,100985,2222,507371,2153,608356,California
San Francisco,2021-05-23,1540,1076616,1253,677181,255,356664,32,42771,785,101059,745,508116,819,609175,California
San Francisco,2021-05-24,4067,1080683,2871,680052,1029,357693,167,42938,1263,99709,2780,510896,1430,610605,California
San Francisco,2021-05-25,3730,1084413,2414,682466,1086,358779,230,43168,1161,98545,2550,513446,1386,611991,California
San Francisco,2021-05-26,3967,1088380,2577,685043,1239,360018,151,43319,1267,97288,2675,516121,1418,613409,California
San Francisco,2021-05-27,3685,1092065,2149,687192,1354,361372,182,43501,1406,96603,2271,518392,1586,614995,California
San Francisco,2021-05-28,2691,1094756,1471,688663,1122,362494,98,43599,940,95905,1736,520128,1038,616033,California
San Joaquin,2020-12-15,12,12,12,12,0,0,0,0,12,12,0,0,12,12,California
San Joaquin,2020-12-16,309,321,309,321,0,0,0,0,309,321,0,0,309,321,California
San Joaquin,2020-12-17,312,633,312,633,0,0,0,0,312,633,0,0,312,633,California
San Joaquin,2020-12-18,523,1156,519,1152,4,4,0,0,523,1156,0,0,523,1156,California
San Joaquin,2020-12-19,188,1344,188,1340,0,4,0,0,188,1344,0,0,188,1344,California
San Joaquin,2020-12-20,114,1458,113,1453,1,5,0,0,114,1458,0,0,114,1458,California
San Joaquin,2020-12-21,492,1950,492,1945,0,5,0,0,492,1950,0,0,492,1950,California
San Joaquin,2020-12-22,970,2920,850,2795,120,125,0,0,969,2919,0,0,969,2919,California
San Joaquin,2020-12-23,985,3905,926,3721,59,184,0,0,983,3902,2,2,985,3904,California
San Joaquin,2020-12-24,215,4120,187,3908,28,212,0,0,214,4116,1,3,215,4119,California
San Joaquin,2020-12-25,14,4134,14,3922,0,212,0,0,14,4130,0,3,14,4133,California
San Joaquin,2020-12-26,102,4236,30,3952,72,284,0,0,102,4232,0,3,102,4235,California
San Joaquin,2020-12-27,42,4278,29,3981,13,297,0,0,42,4274,0,3,42,4277,California
San Joaquin,2020-12-28,624,4902,421,4402,203,500,0,0,624,4898,0,3,624,4901,California
San Joaquin,2020-12-29,792,5694,665,5067,127,627,0,0,792,5690,0,3,792,5693,California
San Joaquin,2020-12-30,1009,6703,717,5784,292,919,0,0,1007,6697,2,5,1009,6702,California
San Joaquin,2020-12-31,453,7156,202,5986,251,1170,0,0,453,7150,1,6,454,7156,California
San Joaquin,2021-01-01,23,7179,13,5999,10,1180,0,0,23,7173,0,6,23,7179,California
San Joaquin,2021-01-02,265,7444,243,6242,22,1202,0,0,265,7438,0,6,265,7444,California
San Joaquin,2021-01-03,38,7482,20,6262,18,1220,0,0,37,7474,1,7,37,7481,California
San Joaquin,2021-01-04,477,7959,338,6600,139,1359,0,0,475,7948,1,8,475,7956,California
San Joaquin,2021-01-05,980,8939,647,7247,333,1692,0,0,810,8625,170,178,847,8803,California
San Joaquin,2021-01-06,1221,10160,708,7955,513,2205,0,0,917,9246,299,477,920,9723,California
San Joaquin,2021-01-07,1080,11240,683,8638,397,2602,0,0,790,9750,287,764,791,10514,California
San Joaquin,2021-01-08,1198,12438,820,9458,378,2980,0,0,713,9983,484,1248,717,11231,California
San Joaquin,2021-01-09,379,12817,300,9758,79,3059,0,0,249,10103,130,1378,250,11481,California
San Joaquin,2021-01-10,224,13041,118,9876,106,3165,0,0,171,10222,52,1430,171,11652,California
San Joaquin,2021-01-11,1529,14570,1322,11198,207,3372,0,0,863,10487,665,2095,930,12582,California
San Joaquin,2021-01-12,1465,16035,1053,12251,412,3784,0,0,696,10488,765,2860,766,13348,California
San Joaquin,2021-01-13,1529,17564,896,13147,633,4417,0,0,956,10878,571,3431,961,14309,California
San Joaquin,2021-01-14,1748,19312,971,14118,777,5194,0,0,1406,11979,321,3752,1422,15731,California
San Joaquin,2021-01-15,1528,20840,540,14658,988,6182,0,0,1303,13089,210,3962,1320,17051,California
San Joaquin,2021-01-16,1128,21968,179,14837,949,7131,0,0,1099,14160,28,3990,1099,18150,California
San Joaquin,2021-01-17,1619,23587,135,14972,1484,8615,0,0,1578,15699,41,4031,1580,19730,California
San Joaquin,2021-01-18,740,24327,238,15210,502,9117,0,0,619,16201,117,4148,619,20349,California
San Joaquin,2021-01-19,1872,26199,898,16108,974,10091,0,0,1190,16722,677,4825,1198,21547,California
San Joaquin,2021-01-20,2087,28286,1284,17392,803,10894,0,0,1439,17526,641,5466,1445,22992,California
San Joaquin,2021-01-21,1973,30259,894,18286,1079,11973,0,0,1577,18722,389,5855,1585,24577,California
San Joaquin,2021-01-22,1954,32213,896,19182,1058,13031,0,0,1812,20399,137,5992,1814,26391,California
San Joaquin,2021-01-23,899,33112,398,19580,501,13532,0,0,615,20733,283,6275,617,27008,California
San Joaquin,2021-01-24,351,33463,135,19715,216,13748,0,0,328,21041,20,6295,328,27336,California
San Joaquin,2021-01-25,1998,35461,1144,20859,854,14602,0,0,1433,21914,562,6857,1435,28771,California
San Joaquin,2021-01-26,2151,37612,1116,21975,1035,15637,0,0,1538,22850,607,7464,1543,30314,California
San Joaquin,2021-01-27,1730,39342,768,22743,962,16599,0,0,1234,23599,492,7956,1241,31555,California
San Joaquin,2021-01-28,2039,41381,767,23510,1272,17871,0,0,1385,24341,650,8606,1392,32947,California
San Joaquin,2021-01-29,2152,43533,1047,24557,1105,18976,0,0,1805,25813,341,8947,1813,34760,California
San Joaquin,2021-01-30,2170,45703,352,24909,1818,20794,0,0,1992,27630,177,9124,1994,36754,California
San Joaquin,2021-01-31,1559,47262,181,25090,1378,22172,0,0,1494,29061,64,9188,1495,38249,California
San Joaquin,2021-02-01,2524,49786,1339,26429,1185,23357,0,0,1767,30074,757,9945,1770,40019,California
San Joaquin,2021-02-02,2580,52366,1154,27583,1426,24783,0,0,1970,31498,550,10495,1974,41993,California
San Joaquin,2021-02-03,3074,55440,1213,28796,1861,26644,0,0,2209,32855,858,11353,2215,44208,California
San Joaquin,2021-02-04,3537,58977,1812,30608,1725,28369,0,0,2645,34619,887,12240,2651,46859,California
San Joaquin,2021-02-05,3164,62141,1802,32410,1362,29731,0,0,2342,36160,813,13053,2354,49213,California
San Joaquin,2021-02-06,1085,63226,746,33156,339,30070,0,0,942,36962,141,13194,943,50156,California
San Joaquin,2021-02-07,618,63844,489,33645,129,30199,0,0,414,37178,199,13393,415,50571,California
San Joaquin,2021-02-08,1784,65628,1034,34679,750,30949,0,0,1444,38311,317,13710,1450,52021,California
San Joaquin,2021-02-09,2120,67748,1152,35831,968,31917,0,0,1580,39423,470,14180,1582,53603,California
San Joaquin,2021-02-10,2557,70305,1246,37077,1311,33228,0,0,1339,39567,1196,15376,1340,54943,California
San Joaquin,2021-02-11,2910,73215,1482,38559,1428,34656,0,0,1697,40089,1181,16557,1703,56646,California
San Joaquin,2021-02-12,2816,76031,1127,39686,1689,36345,0,0,1594,40487,1201,17758,1599,58245,California
San Joaquin,2021-02-13,2117,78148,396,40082,1721,38066,0,0,855,40100,1248,19006,861,59106,California
San Joaquin,2021-02-14,1902,80050,260,40342,1642,39708,0,0,690,39608,1183,20189,691,59797,California
San Joaquin,2021-02-15,1988,82038,836,41178,1152,40860,0,0,1195,40044,763,20952,1199,60996,California
San Joaquin,2021-02-16,3157,85195,1372,42550,1785,42645,0,0,1745,40403,1397,22349,1756,62752,California
San Joaquin,2021-02-17,3276,88471,1265,43815,2011,44656,0,0,1866,40876,1397,23746,1870,64622,California
San Joaquin,2021-02-18,3336,91807,1371,45186,1965,46621,0,0,1898,41374,1405,25151,1903,66525,California
San Joaquin,2021-02-19,4263,96070,2407,47593,1856,48477,0,0,2386,41938,1822,26973,2386,68911,California
San Joaquin,2021-02-20,1550,97620,658,48251,892,49369,0,0,1055,42499,494,27467,1055,69966,California
San Joaquin,2021-02-21,664,98284,504,48755,160,49529,0,0,416,42673,245,27712,419,70385,California
San Joaquin,2021-02-22,3535,101819,2494,51249,1041,50570,0,0,2527,44225,979,28691,2531,72916,California
San Joaquin,2021-02-23,4302,106121,2617,53866,1685,52255,0,0,2648,45252,1626,30317,2653,75569,California
San Joaquin,2021-02-24,5745,111866,3413,57279,2332,54587,0,0,4126,47789,1594,31911,4131,79700,California
San Joaquin,2021-02-25,6330,118196,3912,61191,2418,57005,0,0,4084,49673,2210,34121,4094,83794,California
San Joaquin,2021-02-26,5475,123671,2848,64039,2627,59632,0,0,3768,51772,1675,35796,3774,87568,California
San Joaquin,2021-02-27,5459,129130,1620,65659,3839,63471,0,0,2629,51638,2775,38571,2641,90209,California
San Joaquin,2021-02-28,3082,132212,1106,66765,1976,65447,0,0,2035,52653,1022,39593,2037,92246,California
San Joaquin,2021-03-01,4106,136318,1804,68569,2300,67747,2,2,2328,53229,1761,41354,2337,94583,California
San Joaquin,2021-03-02,4204,140522,1679,70248,2525,70272,0,2,2642,54385,1541,42895,2697,97280,California
San Joaquin,2021-03-03,5780,146302,3433,73681,2345,72617,2,4,4169,56968,1587,44482,4170,101450,California
San Joaquin,2021-03-04,5712,152014,2267,75948,3442,76059,3,7,3734,58743,1963,46445,3738,105188,California
San Joaquin,2021-03-05,4451,156465,1896,77844,2550,78609,5,12,3069,60455,1366,47811,3078,108266,California
San Joaquin,2021-03-06,3301,159766,2173,80017,998,79607,130,142,2718,62727,579,48390,2851,111117,California
San Joaquin,2021-03-07,1221,160987,563,80580,610,80217,48,190,936,63429,267,48657,969,112086,California
San Joaquin,2021-03-08,3146,164133,1262,81842,1759,81976,125,315,2132,64683,1002,49659,2256,114342,California
San Joaquin,2021-03-09,4020,168153,1821,83663,2071,84047,128,443,2667,66144,1339,50998,2800,117142,California
San Joaquin,2021-03-10,4640,172793,2465,86128,2036,86083,139,582,3414,68487,1211,52209,3554,120696,California
San Joaquin,2021-03-11,4938,177731,2344,88472,1992,88075,602,1184,2935,70035,1993,54202,3541,124237,California
San Joaquin,2021-03-12,6278,184009,3134,91606,2809,90884,335,1519,4156,72437,2096,56298,4498,128735,California
San Joaquin,2021-03-13,3067,187076,1454,93060,1487,92371,126,1645,2288,74088,771,57069,2422,131157,California
San Joaquin,2021-03-14,2161,189237,671,93731,1187,93558,303,1948,1028,74298,1126,58195,1336,132493,California
San Joaquin,2021-03-15,6071,195308,3495,97226,2171,95729,405,2353,3176,75030,2862,61057,3594,136087,California
San Joaquin,2021-03-16,6850,202158,3897,101123,2695,98424,258,2611,4035,76535,2794,63851,4299,140386,California
San Joaquin,2021-03-17,7803,209961,4675,105798,3058,101482,70,2681,4338,77525,3427,67278,4417,144803,California
San Joaquin,2021-03-18,7635,217596,4491,110289,2639,104121,505,3186,3773,77992,3819,71097,4286,149089,California
San Joaquin,2021-03-19,7933,225529,4650,114939,2741,106862,542,3728,4804,80279,3106,74203,5393,154482,California
San Joaquin,2021-03-20,3678,229207,2126,117065,1308,108170,244,3972,1827,80525,1836,76039,2082,156564,California
San Joaquin,2021-03-21,2107,231314,1494,118559,406,108576,207,4179,1184,81047,913,76952,1435,157999,California
San Joaquin,2021-03-22,3967,235281,2032,120591,1519,110095,416,4595,2343,82204,1608,78560,2765,160764,California
San Joaquin,2021-03-23,5379,240660,2642,123233,2570,112665,167,4762,3710,84438,1650,80210,3884,164648,California
San Joaquin,2021-03-24,6833,247493,4241,127474,2505,115170,87,4849,3018,83773,3778,83988,3113,167761,California
San Joaquin,2021-03-25,5557,253050,3301,130775,2214,117384,42,4891,3294,84875,2241,86229,3343,171104,California
San Joaquin,2021-03-26,6171,259221,2558,133333,3463,120847,150,5041,3232,85362,2914,89143,3401,174505,California
San Joaquin,2021-03-27,4662,263883,2624,135957,1966,122813,72,5113,1807,84420,2832,91975,1890,176395,California
San Joaquin,2021-03-28,2722,266605,1807,137764,890,123703,25,5138,1294,84410,1408,93383,1398,177793,California
San Joaquin,2021-03-29,4038,270643,2179,139943,1836,125539,23,5161,2018,84462,2004,95387,2056,179849,California
San Joaquin,2021-03-30,6218,276861,3163,143106,2963,128502,92,5253,3428,85239,2763,98150,3540,183389,California
San Joaquin,2021-03-31,6588,283449,4150,147256,2377,130879,61,5314,3339,85430,3232,101382,3423,186812,California
San Joaquin,2021-04-01,6408,289857,2972,150228,3349,134228,87,5401,2830,84849,3555,104937,2974,189786,California
San Joaquin,2021-04-02,6332,296189,2880,153108,2961,137189,491,5892,2531,84127,3776,108713,3054,192840,California
San Joaquin,2021-04-03,4138,300327,2330,155438,1483,138672,325,6217,1996,84332,2125,110838,2330,195170,California
San Joaquin,2021-04-04,2281,302608,1365,156803,714,139386,202,6419,1548,85374,725,111563,1767,196937,California
San Joaquin,2021-04-05,4710,307318,2828,159631,1700,141086,182,6601,2632,86132,2066,113629,2824,199761,California
San Joaquin,2021-04-06,7038,314356,4524,164155,2248,143334,266,6867,3329,86062,3681,117310,3611,203372,California
San Joaquin,2021-04-07,8324,322680,4524,168679,2213,145547,1587,8454,3493,86342,4815,122125,5095,208467,California
San Joaquin,2021-04-08,8699,331379,4699,173378,1936,147483,2064,10518,3305,86344,5367,127492,5369,213836,California
San Joaquin,2021-04-09,8858,340237,4272,177650,3028,150511,1558,12076,3208,85503,5627,133119,4786,218622,California
San Joaquin,2021-04-10,5211,345448,1626,179276,1678,152189,1907,13983,1759,85724,3441,136560,3662,222284,California
San Joaquin,2021-04-11,4074,349522,1546,180822,1362,153551,1166,15149,1767,86355,2297,138857,2928,225212,California
San Joaquin,2021-04-12,5968,355490,2378,183200,2054,155605,1536,16685,2332,86612,3616,142473,3873,229085,California
San Joaquin,2021-04-13,7456,362946,4296,187496,3153,158758,7,16692,4568,88330,2865,145338,4583,233668,California
San Joaquin,2021-04-14,7453,370399,3722,191218,3730,162488,1,16693,4464,89833,2971,148309,4474,238142,California
San Joaquin,2021-04-15,7799,378198,4599,195817,3200,165688,0,16693,4354,90782,3411,151720,4360,242502,California
San Joaquin,2021-04-16,7627,385825,4072,199889,3552,169240,3,16696,4571,92338,3029,154749,4585,247087,California
San Joaquin,2021-04-17,5148,390973,2781,202670,2365,171605,2,16698,3654,94526,1484,156233,3672,250759,California
San Joaquin,2021-04-18,2464,393437,1365,204035,1099,172704,0,16698,1307,94699,1142,157375,1315,252074,California
San Joaquin,2021-04-19,5157,398594,2798,206833,2359,175063,0,16698,2762,95101,2370,159745,2772,254846,California
San Joaquin,2021-04-20,6222,404816,3276,210109,2946,178009,0,16698,2950,94815,3246,162991,2960,257806,California
San Joaquin,2021-04-21,5645,410461,3129,213238,2516,180525,0,16698,2918,95060,2680,165671,2925,260731,California
San Joaquin,2021-04-22,5291,415752,3131,216369,2158,182683,2,16700,3067,95948,2198,167869,3086,263817,California
San Joaquin,2021-04-23,5903,421655,2837,219206,3065,185748,1,16701,3748,97566,2135,170004,3753,267570,California
San Joaquin,2021-04-24,5231,426886,3606,222812,1624,187372,1,16702,3411,99189,1796,171800,3419,270989,California
San Joaquin,2021-04-25,3044,429930,2561,225373,483,187855,0,16702,2013,100198,1011,172811,2020,273009,California
San Joaquin,2021-04-26,3919,433849,2593,227966,1322,189177,4,16706,2060,100420,1846,174657,2068,275077,California
San Joaquin,2021-04-27,4500,438349,2607,230573,1843,191020,50,16756,1897,99792,2581,177238,1953,277030,California
San Joaquin,2021-04-28,5525,443874,3329,233902,2121,193141,75,16831,2726,99833,2768,180006,2809,279839,California
San Joaquin,2021-04-29,4820,448694,2818,236720,1946,195087,56,16887,2439,99971,2363,182369,2501,282340,California
San Joaquin,2021-04-30,4920,453614,2407,239127,2446,197533,67,16954,2539,100221,2364,184733,2614,284954,California
San Joaquin,2021-05-01,3313,456927,1906,241033,1348,198881,59,17013,2105,101197,1201,185934,2177,287131,California
San Joaquin,2021-05-02,2290,459217,1593,242626,641,199522,56,17069,1170,101309,1116,187050,1228,288359,California
San Joaquin,2021-05-03,3309,462526,2242,244868,992,200514,75,17144,1396,100887,1900,188950,1478,289837,California
San Joaquin,2021-05-04,4833,467359,3291,248159,1386,201900,156,17300,1781,99802,3032,191982,1947,291784,California
San Joaquin,2021-05-05,4718,472077,3164,251323,1392,203292,162,17462,1944,99166,2749,194731,2113,293897,California
San Joaquin,2021-05-06,4618,476695,3084,254407,1406,204698,128,17590,2036,98775,2565,197296,2174,296071,California
San Joaquin,2021-05-07,5074,481769,2942,257349,1979,206677,153,17743,1888,97662,3163,200459,2050,298121,California
San Joaquin,2021-05-08,3260,485029,2097,259446,1062,207739,101,17844,1205,96935,2041,202500,1314,299435,California
San Joaquin,2021-05-09,1473,486502,836,260282,567,208306,70,17914,592,96724,878,203378,667,300102,California
San Joaquin,2021-05-10,2796,489298,1465,261747,1208,209514,123,18037,917,95905,1865,205243,1046,301148,California
San Joaquin,2021-05-11,4073,493371,2153,263900,1805,211319,115,18152,1300,94589,2758,208001,1442,302590,California
San Joaquin,2021-05-12,4086,497457,1891,265791,2081,213400,114,18266,1295,93234,2777,210778,1422,304012,California
San Joaquin,2021-05-13,4263,501720,2401,268192,1777,215177,85,18351,1577,92236,2672,213450,1674,305686,California
San Joaquin,2021-05-14,5713,507433,3398,271590,2207,217384,108,18459,2400,91465,3287,216737,2516,308202,California
San Joaquin,2021-05-15,5187,512620,3069,274659,2040,219424,78,18537,1629,89648,3527,220264,1710,309912,California
San Joaquin,2021-05-16,3535,516155,2762,277421,724,220148,49,18586,1432,89047,2090,222354,1489,311401,California
San Joaquin,2021-05-17,4031,520186,2388,279809,1546,221694,97,18683,1791,88723,2225,224579,1901,313302,California
San Joaquin,2021-05-18,3912,524098,2260,282069,1539,223233,113,18796,1894,88729,2001,226580,2007,315309,California
San Joaquin,2021-05-19,4700,528798,2719,284788,1849,225082,132,18928,2069,88339,2600,229180,2210,317519,California
San Joaquin,2021-05-20,3493,532291,2155,286943,1252,226334,86,19014,1605,88160,1870,231050,1691,319210,California
San Joaquin,2021-05-21,4297,536588,2538,289481,1655,227989,104,19118,1965,87933,2304,233354,2077,321287,California
San Joaquin,2021-05-22,3423,540011,2157,291638,1187,229176,79,19197,1616,87842,1794,235148,1703,322990,California
San Joaquin,2021-05-23,2083,542094,1804,293442,248,229424,31,19228,1295,88387,782,235930,1327,324317,California
San Joaquin,2021-05-24,2924,545018,1672,295114,1164,230588,88,19316,1393,88361,1514,237444,1488,325805,California
San Joaquin,2021-05-25,2979,547997,1886,297000,995,231583,98,19414,1456,88414,1502,238946,1555,327360,California
San Joaquin,2021-05-26,3038,551035,1580,298580,1386,232969,72,19486,1250,87961,1780,240726,1327,328687,California
San Joaquin,2021-05-27,2837,553872,1444,300024,1319,234288,74,19560,1112,87445,1711,242437,1195,329882,California
San Joaquin,2021-05-28,1747,555619,904,300928,788,235076,55,19615,705,87177,1035,243472,767,330649,California
San Luis Obispo,2020-12-16,4,4,4,4,0,0,0,0,4,4,0,0,4,4,California
San Luis Obispo,2020-12-17,196,200,196,200,0,0,0,0,196,200,0,0,196,200,California
San Luis Obispo,2020-12-18,224,424,224,424,0,0,0,0,224,424,0,0,224,424,California
San Luis Obispo,2020-12-19,162,586,162,586,0,0,0,0,162,586,0,0,162,586,California
San Luis Obispo,2020-12-20,215,801,215,801,0,0,0,0,215,801,0,0,215,801,California
San Luis Obispo,2020-12-21,550,1351,549,1350,1,1,0,0,550,1351,0,0,550,1351,California
San Luis Obispo,2020-12-22,311,1662,307,1657,4,5,0,0,311,1662,0,0,311,1662,California
San Luis Obispo,2020-12-23,680,2342,366,2023,314,319,0,0,680,2342,0,0,680,2342,California
San Luis Obispo,2020-12-24,195,2537,19,2042,176,495,0,0,195,2537,0,0,195,2537,California
San Luis Obispo,2020-12-25,2,2539,1,2043,1,496,0,0,2,2539,0,0,2,2539,California
San Luis Obispo,2020-12-26,90,2629,12,2055,78,574,0,0,90,2629,0,0,90,2629,California
San Luis Obispo,2020-12-27,76,2705,0,2055,76,650,0,0,76,2705,0,0,76,2705,California
San Luis Obispo,2020-12-28,879,3584,429,2484,450,1100,0,0,879,3584,0,0,879,3584,California
San Luis Obispo,2020-12-29,903,4487,504,2988,399,1499,0,0,903,4487,0,0,903,4487,California
San Luis Obispo,2020-12-30,1170,5657,679,3667,491,1990,0,0,1170,5657,0,0,1170,5657,California
San Luis Obispo,2020-12-31,107,5764,4,3671,103,2093,0,0,107,5764,0,0,107,5764,California
San Luis Obispo,2021-01-01,13,5777,8,3679,5,2098,0,0,13,5777,0,0,13,5777,California
San Luis Obispo,2021-01-02,34,5811,8,3687,26,2124,0,0,34,5811,0,0,34,5811,California
San Luis Obispo,2021-01-03,16,5827,6,3693,10,2134,0,0,16,5827,0,0,16,5827,California
San Luis Obispo,2021-01-04,681,6508,525,4218,156,2290,0,0,681,6508,0,0,681,6508,California
San Luis Obispo,2021-01-05,972,7480,754,4972,218,2508,0,0,970,7476,2,2,970,7478,California
San Luis Obispo,2021-01-06,727,8207,480,5452,247,2755,0,0,719,8188,7,9,719,8197,California
San Luis Obispo,2021-01-07,1127,9334,949,6401,178,2933,0,0,684,8429,443,452,684,8881,California
San Luis Obispo,2021-01-08,882,10216,804,7205,78,3011,0,0,513,8574,368,820,513,9394,California
San Luis Obispo,2021-01-09,205,10421,195,7400,10,3021,0,0,28,8425,177,997,28,9422,California
San Luis Obispo,2021-01-10,12,10433,8,7408,4,3025,0,0,8,8429,4,1001,8,9430,California
San Luis Obispo,2021-01-11,560,10993,509,7917,51,3076,0,0,298,8466,261,1262,298,9728,California
San Luis Obispo,2021-01-12,598,11591,381,8298,217,3293,0,0,318,8504,280,1542,318,10046,California
San Luis Obispo,2021-01-13,884,12475,256,8554,628,3921,0,0,648,8918,234,1776,648,10694,California
San Luis Obispo,2021-01-14,728,13203,242,8796,486,4407,0,0,602,9407,113,1889,602,11296,California
San Luis Obispo,2021-01-15,727,13930,286,9082,441,4848,0,0,554,9793,168,2057,554,11850,California
San Luis Obispo,2021-01-16,100,14030,81,9163,19,4867,0,0,95,9883,5,2062,95,11945,California
San Luis Obispo,2021-01-17,64,14094,58,9221,6,4873,0,0,64,9947,0,2062,64,12009,California
San Luis Obispo,2021-01-18,1371,15465,388,9609,983,5856,0,0,1108,10792,263,2325,1108,13117,California
San Luis Obispo,2021-01-19,1583,17048,417,10026,1166,7022,0,0,1175,11559,408,2733,1175,14292,California
San Luis Obispo,2021-01-20,1887,18935,598,10624,1289,8311,0,0,1297,12269,588,3321,1298,15590,California
San Luis Obispo,2021-01-21,1572,20507,467,11091,1105,9416,0,0,1200,13102,368,3689,1201,16791,California
San Luis Obispo,2021-01-22,1519,22026,505,11596,1014,10430,0,0,1204,13993,313,4002,1204,17995,California
San Luis Obispo,2021-01-23,311,22337,293,11889,18,10448,0,0,295,14272,16,4018,295,18290,California
San Luis Obispo,2021-01-24,244,22581,236,12125,8,10456,0,0,238,14504,6,4024,238,18528,California
San Luis Obispo,2021-01-25,2075,24656,600,12725,1475,11931,0,0,1246,14921,829,4853,1246,19774,California
San Luis Obispo,2021-01-26,2000,26656,699,13424,1301,13232,0,0,1139,15199,861,5714,1139,20913,California
San Luis Obispo,2021-01-27,1609,28265,283,13707,1326,14558,0,0,1151,15892,458,6172,1151,22064,California
San Luis Obispo,2021-01-28,1496,29761,344,14051,1152,15710,0,0,1234,16866,260,6432,1234,23298,California
San Luis Obispo,2021-01-29,1737,31498,681,14732,1056,16766,0,0,1452,18033,285,6717,1452,24750,California
San Luis Obispo,2021-01-30,38,31536,19,14751,19,16785,0,0,26,18048,11,6728,26,24776,California
San Luis Obispo,2021-01-31,27,31563,19,14770,8,16793,0,0,25,18071,2,6730,25,24801,California
San Luis Obispo,2021-02-01,1708,33271,739,15509,969,17762,0,0,1405,19174,302,7032,1405,26206,California
San Luis Obispo,2021-02-02,1897,35168,679,16188,1218,18980,0,0,1522,20321,375,7407,1522,27728,California
San Luis Obispo,2021-02-03,1708,36876,729,16917,979,19959,0,0,1294,21201,414,7821,1294,29022,California
San Luis Obispo,2021-02-04,1659,38535,802,17719,857,20816,0,0,1093,21728,566,8387,1093,30115,California
San Luis Obispo,2021-02-05,1604,40139,715,18434,889,21705,0,0,1060,22244,545,8932,1061,31176,California
San Luis Obispo,2021-02-06,175,40314,108,18542,67,21772,0,0,95,22259,80,9012,95,31271,California
San Luis Obispo,2021-02-07,125,40439,80,18622,45,21817,0,0,72,22279,53,9065,73,31344,California
San Luis Obispo,2021-02-08,857,41296,469,19091,388,22205,0,0,499,22421,357,9422,499,31843,California
San Luis Obispo,2021-02-09,1123,42419,448,19539,675,22880,0,0,542,22395,575,9997,549,32392,California
San Luis Obispo,2021-02-10,1438,43857,489,20028,949,23829,0,0,530,22021,907,10904,533,32925,California
San Luis Obispo,2021-02-11,1330,45187,843,20871,487,24316,0,0,656,22005,672,11576,656,33581,California
San Luis Obispo,2021-02-12,786,45973,362,21233,424,24740,0,0,421,22061,365,11941,421,34002,California
San Luis Obispo,2021-02-13,394,46367,127,21360,267,25007,0,0,286,22240,107,12048,286,34288,California
San Luis Obispo,2021-02-14,318,46685,41,21401,277,25284,0,0,282,22487,36,12084,283,34571,California
San Luis Obispo,2021-02-15,728,47413,138,21539,590,25874,0,0,474,22708,253,12337,474,35045,California
San Luis Obispo,2021-02-16,2965,50378,1198,22737,1767,27641,0,0,1359,22461,1606,13943,1359,36404,California
San Luis Obispo,2021-02-17,2779,53157,1238,23975,1541,29182,0,0,1029,21749,1741,15684,1029,37433,California
San Luis Obispo,2021-02-18,2828,55985,1461,25436,1367,30549,0,0,1135,21200,1685,17369,1136,38569,California
San Luis Obispo,2021-02-19,1459,57444,1338,26774,121,30670,0,0,1135,22012,323,17692,1135,39704,California
San Luis Obispo,2021-02-20,254,57698,81,26855,173,30843,0,0,216,22190,38,17730,216,39920,California
San Luis Obispo,2021-02-21,57,57755,53,26908,4,30847,0,0,32,22197,25,17755,32,39952,California
San Luis Obispo,2021-02-22,2412,60167,1865,28773,547,31394,0,0,1466,22718,946,18701,1467,41419,California
San Luis Obispo,2021-02-23,1861,62028,1746,30519,115,31509,0,0,1367,23593,493,19194,1368,42787,California
San Luis Obispo,2021-02-24,2645,64673,1301,31820,1344,32853,0,0,835,22621,1807,21001,835,43622,California
San Luis Obispo,2021-02-25,2132,66805,1243,33063,889,33742,0,0,1206,22908,920,21921,1207,44829,California
San Luis Obispo,2021-02-26,2649,69454,1150,34213,1499,35241,0,0,1326,22920,1314,23235,1326,46155,California
San Luis Obispo,2021-02-27,575,70029,349,34562,226,35467,0,0,525,23395,50,23285,525,46680,California
San Luis Obispo,2021-02-28,196,70225,69,34631,127,35594,0,0,161,23522,34,23319,161,46841,California
San Luis Obispo,2021-03-01,2977,73202,1850,36481,1125,36719,2,2,2048,24643,930,24249,2051,48892,California
San Luis Obispo,2021-03-02,3026,76228,1909,38390,1117,37836,0,2,1874,25371,1147,25396,1875,50767,California
San Luis Obispo,2021-03-03,2341,78569,338,38728,2003,39839,0,2,848,24733,1487,26883,849,51616,California
San Luis Obispo,2021-03-04,2196,80765,1160,39888,1036,40875,0,2,1181,24903,1013,27896,1183,52799,California
San Luis Obispo,2021-03-05,2300,83065,1021,40909,1209,42084,70,72,1296,25279,990,28886,1366,54165,California
San Luis Obispo,2021-03-06,837,83902,310,41219,420,42504,107,179,617,25777,220,29106,718,54883,California
San Luis Obispo,2021-03-07,201,84103,33,41252,84,42588,84,263,73,25807,127,29233,157,55040,California
San Luis Obispo,2021-03-08,2738,86841,760,42012,1662,44250,316,579,1543,26475,1191,30424,1859,56899,California
San Luis Obispo,2021-03-09,2949,89790,968,42980,1733,45983,248,827,1525,26828,1420,31844,1773,58672,California
San Luis Obispo,2021-03-10,3196,92986,1241,44221,1673,47656,282,1109,1814,27546,1378,33222,2096,60768,California
San Luis Obispo,2021-03-11,3296,96282,1271,45492,1702,49358,323,1432,1804,28190,1482,34704,2126,62894,California
San Luis Obispo,2021-03-12,3250,99532,1282,46774,1630,50988,338,1770,1616,28521,1626,36330,1957,64851,California
San Luis Obispo,2021-03-13,797,100329,262,47036,426,51414,109,1879,431,28698,365,36695,542,65393,California
San Luis Obispo,2021-03-14,514,100843,53,47089,350,51764,111,1990,134,28564,379,37074,245,65638,California
San Luis Obispo,2021-03-15,3058,103901,1098,48187,1862,53626,98,2088,1529,28667,1525,38599,1628,67266,California
San Luis Obispo,2021-03-16,2849,106750,1510,49697,1229,54855,110,2198,1435,28803,1408,40007,1544,68810,California
San Luis Obispo,2021-03-17,3436,110186,1449,51146,1726,56581,261,2459,1989,29616,1436,41443,2249,71059,California
San Luis Obispo,2021-03-18,2810,112996,1447,52593,1149,57730,214,2673,1337,29698,1468,42911,1550,72609,California
San Luis Obispo,2021-03-19,2590,115586,1567,54160,702,58432,321,2994,958,29355,1624,44535,1281,73890,California
San Luis Obispo,2021-03-20,839,116425,501,54661,301,58733,37,3031,385,29324,453,44988,422,74312,California
San Luis Obispo,2021-03-21,187,116612,45,54706,139,58872,3,3034,157,29455,29,45017,160,74472,California
San Luis Obispo,2021-03-22,2697,119309,1171,55877,1478,60350,48,3082,1877,30564,816,45833,1925,76397,California
San Luis Obispo,2021-03-23,3380,122689,2211,58088,1137,61487,32,3114,2268,31757,1107,46940,2300,78697,California
San Luis Obispo,2021-03-24,3522,126211,2143,60231,1294,62781,85,3199,2623,33570,894,47834,2707,81404,California
San Luis Obispo,2021-03-25,3682,129893,2299,62530,1371,64152,12,3211,2636,35175,1042,48876,2647,84051,California
San Luis Obispo,2021-03-26,3202,133095,1772,64302,997,65149,433,3644,1796,36006,1401,50277,2232,86283,California
San Luis Obispo,2021-03-27,993,134088,507,64809,394,65543,92,3736,452,36011,539,50816,544,86827,California
San Luis Obispo,2021-03-28,446,134534,153,64962,237,65780,56,3792,245,36112,200,51016,301,87128,California
San Luis Obispo,2021-03-29,2596,137130,1295,66257,1168,66948,133,3925,1657,36977,925,51941,1790,88918,California
San Luis Obispo,2021-03-30,3512,140642,1921,68178,1448,68396,143,4068,2336,38285,1170,53111,2478,91396,California
San Luis Obispo,2021-03-31,3878,144520,2467,70645,1265,69661,146,4214,2501,39564,1367,54478,2646,94042,California
San Luis Obispo,2021-04-01,3858,148378,2438,73083,1301,70962,119,4333,2699,41238,1146,55624,2820,96862,California
San Luis Obispo,2021-04-02,1750,150128,689,73772,748,71710,313,4646,950,41701,798,56422,1261,98123,California
San Luis Obispo,2021-04-03,1110,151238,557,74329,426,72136,127,4773,493,41708,613,57035,620,98743,California
San Luis Obispo,2021-04-04,383,151621,131,74460,212,72348,40,4813,236,41837,147,57182,276,99019,California
San Luis Obispo,2021-04-05,3617,155238,1949,76409,1557,73905,111,4924,2025,42387,1589,58771,2139,101158,California
San Luis Obispo,2021-04-06,4054,159292,2158,78567,1573,75478,323,5247,1938,42554,2107,60878,2274,103432,California
San Luis Obispo,2021-04-07,4305,163597,2345,80912,1595,77073,365,5612,2457,43549,1833,62711,2828,106260,California
San Luis Obispo,2021-04-08,4044,167641,2200,83112,1440,78513,404,6016,2155,44233,1882,64593,2566,108826,California
San Luis Obispo,2021-04-09,3664,171305,1746,84858,1162,79675,756,6772,1508,44345,2146,66739,2258,111084,California
San Luis Obispo,2021-04-10,1581,172886,562,85420,355,80030,664,7436,492,44410,1089,67828,1154,112238,California
San Luis Obispo,2021-04-11,312,173198,63,85483,186,80216,63,7499,125,44413,185,68013,188,112426,California
San Luis Obispo,2021-04-12,3374,176572,1696,87179,1515,81731,163,7662,1410,44021,1964,69977,1572,113998,California
San Luis Obispo,2021-04-13,3642,180214,2101,89280,1540,83271,1,7663,1965,44313,1675,71652,1967,115965,California
San Luis Obispo,2021-04-14,2880,183094,1702,90982,1175,84446,3,7666,1677,44799,1191,72843,1677,117642,California
San Luis Obispo,2021-04-15,3697,186791,2407,93389,1289,85735,1,7667,1978,45078,1701,74544,1980,119622,California
San Luis Obispo,2021-04-16,3632,190423,2212,95601,1416,87151,4,7671,1788,45028,1840,76384,1790,121412,California
San Luis Obispo,2021-04-17,1090,191513,431,96032,657,87808,2,7673,708,45357,381,76765,710,122122,California
San Luis Obispo,2021-04-18,321,191834,99,96131,221,88029,1,7674,111,45261,207,76972,111,122233,California
San Luis Obispo,2021-04-19,3154,194988,1306,97437,1810,89839,38,7712,1124,44399,2026,78998,1164,123397,California
San Luis Obispo,2021-04-20,3571,198559,1977,99414,1594,91433,0,7712,1339,43519,2220,81218,1340,124737,California
San Luis Obispo,2021-04-21,3911,202470,1801,101215,2110,93543,0,7712,1589,42806,2302,83520,1589,126326,California
San Luis Obispo,2021-04-22,4576,207046,2054,103269,2522,96065,0,7712,1427,41103,3132,86652,1429,127755,California
San Luis Obispo,2021-04-23,1459,208505,842,104111,613,96678,4,7716,699,41057,756,87408,710,128465,California
San Luis Obispo,2021-04-24,1079,209584,439,104550,621,97299,19,7735,505,41000,581,87989,524,128989,California
San Luis Obispo,2021-04-25,346,209930,161,104711,185,97484,0,7735,113,40881,232,88221,113,129102,California
San Luis Obispo,2021-04-26,963,210893,336,105047,610,98094,17,7752,356,40658,595,88816,372,129474,California
San Luis Obispo,2021-04-27,3699,214592,1916,106963,1714,99808,69,7821,1429,39893,2262,91078,1497,130971,California
San Luis Obispo,2021-04-28,3729,218321,2089,109052,1568,101376,72,7893,1282,38813,2434,93512,1354,132325,California
San Luis Obispo,2021-04-29,3660,221981,2112,111164,1479,102855,69,7962,1214,37665,2432,95944,1284,133609,California
San Luis Obispo,2021-04-30,2971,224952,1667,112831,1231,104086,73,8035,929,36638,2027,97971,1000,134609,California
San Luis Obispo,2021-05-01,472,225424,160,112991,276,104362,36,8071,100,36405,368,98339,135,134744,California
San Luis Obispo,2021-05-02,170,225594,52,113043,98,104460,20,8091,42,36339,128,98467,62,134806,California
San Luis Obispo,2021-05-03,887,226481,290,113333,494,104954,103,8194,225,36004,661,99128,326,135132,California
San Luis Obispo,2021-05-04,2923,229404,1897,115230,963,105917,63,8257,865,34879,2051,101179,926,136058,California
San Luis Obispo,2021-05-05,2804,232208,1851,117081,887,106804,66,8323,692,33537,2101,103280,759,136817,California
San Luis Obispo,2021-05-06,2788,234996,1887,118968,849,107653,52,8375,730,32276,2043,105323,782,137599,California
San Luis Obispo,2021-05-07,2312,237308,1755,120723,496,108149,61,8436,608,31264,1684,107007,672,138271,California
San Luis Obispo,2021-05-08,566,237874,333,121056,209,108358,24,8460,191,31122,357,107364,215,138486,California
San Luis Obispo,2021-05-09,164,238038,41,121097,104,108462,19,8479,46,31070,117,107481,65,138551,California
San Luis Obispo,2021-05-10,720,238758,151,121248,521,108983,48,8527,154,30710,561,108042,201,138752,California
San Luis Obispo,2021-05-11,1165,239923,596,121844,499,109482,70,8597,359,30337,802,108844,429,139181,California
San Luis Obispo,2021-05-12,2365,242288,1576,123420,707,110189,82,8679,675,29419,1675,110519,757,139938,California
San Luis Obispo,2021-05-13,1038,243326,650,124070,329,110518,59,8738,445,29333,589,111108,503,140441,California
San Luis Obispo,2021-05-14,2190,245516,1618,125688,531,111049,41,8779,919,29039,1254,112362,960,141401,California
San Luis Obispo,2021-05-15,991,246507,459,126147,498,111547,34,8813,471,29027,518,112880,506,141907,California
San Luis Obispo,2021-05-16,305,246812,163,126310,136,111683,6,8819,172,29073,132,113012,178,142085,California
San Luis Obispo,2021-05-17,1658,248470,964,127274,642,112325,52,8871,669,28815,980,113992,722,142807,California
San Luis Obispo,2021-05-18,1888,250358,1150,128424,706,113031,32,8903,730,28425,1153,115145,763,143570,California
San Luis Obispo,2021-05-19,1444,251802,623,129047,759,113790,62,8965,418,27883,1021,116166,479,144049,California
San Luis Obispo,2021-05-20,970,252772,442,129489,497,114287,31,8996,272,27499,687,116853,303,144352,California
San Luis Obispo,2021-05-21,854,253626,487,129976,333,114620,34,9030,404,27496,441,117294,438,144790,California
San Luis Obispo,2021-05-22,531,254157,281,130257,225,114845,25,9055,282,27560,242,117536,306,145096,California
San Luis Obispo,2021-05-23,74,254231,43,130300,27,114872,4,9059,33,27556,41,117577,37,145133,California
San Luis Obispo,2021-05-24,562,254793,261,130561,266,115138,35,9094,220,27471,340,117917,255,145388,California
San Luis Obispo,2021-05-25,849,255642,425,130986,402,115540,22,9116,357,27364,486,118403,379,145767,California
San Luis Obispo,2021-05-26,2028,257670,959,131945,1015,116555,54,9170,661,26714,1363,119766,713,146480,California
San Luis Obispo,2021-05-27,1789,259459,640,132585,1116,117671,33,9203,472,25907,1312,121078,505,146985,California
San Luis Obispo,2021-05-28,163,259622,17,132602,143,117814,3,9206,43,25835,118,121196,46,147031,California
San Mateo,2020-12-15,26,26,26,26,0,0,0,0,26,26,0,0,26,26,California
San Mateo,2020-12-16,110,136,110,136,0,0,0,0,110,136,0,0,110,136,California
San Mateo,2020-12-17,164,300,164,300,0,0,0,0,164,300,0,0,164,300,California
San Mateo,2020-12-18,741,1041,739,1039,2,2,0,0,741,1041,0,0,741,1041,California
San Mateo,2020-12-19,514,1555,514,1553,0,2,0,0,514,1555,0,0,514,1555,California
San Mateo,2020-12-20,513,2068,512,2065,1,3,0,0,513,2068,0,0,513,2068,California
San Mateo,2020-12-21,1168,3236,1168,3233,0,3,0,0,1168,3236,0,0,1168,3236,California
San Mateo,2020-12-22,1544,4780,1536,4769,8,11,0,0,1544,4780,0,0,1544,4780,California
San Mateo,2020-12-23,1600,6380,1410,6179,190,201,0,0,1600,6380,0,0,1600,6380,California
San Mateo,2020-12-24,874,7254,617,6796,257,458,0,0,874,7254,0,0,874,7254,California
San Mateo,2020-12-25,118,7372,114,6910,4,462,0,0,118,7372,0,0,118,7372,California
San Mateo,2020-12-26,562,7934,419,7329,143,605,0,0,562,7934,0,0,562,7934,California
San Mateo,2020-12-27,305,8239,175,7504,130,735,0,0,305,8239,0,0,305,8239,California
San Mateo,2020-12-28,1057,9296,711,8215,346,1081,0,0,1057,9296,0,0,1057,9296,California
San Mateo,2020-12-29,1131,10427,705,8920,426,1507,0,0,1131,10427,0,0,1131,10427,California
San Mateo,2020-12-30,1264,11691,759,9679,505,2012,0,0,1264,11691,0,0,1264,11691,California
San Mateo,2020-12-31,718,12409,231,9910,487,2499,0,0,717,12407,1,1,717,12408,California
San Mateo,2021-01-01,88,12497,59,9969,29,2528,0,0,88,12495,0,1,88,12496,California
San Mateo,2021-01-02,398,12895,268,10237,130,2658,0,0,398,12893,0,1,398,12894,California
San Mateo,2021-01-03,284,13179,209,10446,75,2733,0,0,281,13171,3,4,281,13175,California
San Mateo,2021-01-04,1051,14230,678,11124,373,3106,0,0,1051,14222,0,4,1051,14226,California
San Mateo,2021-01-05,1207,15437,711,11835,496,3602,0,0,1178,15372,29,33,1179,15405,California
San Mateo,2021-01-06,1453,16890,954,12789,499,4101,0,0,1269,16461,181,214,1270,16675,California
San Mateo,2021-01-07,1458,18348,810,13599,648,4749,0,0,1169,17349,282,496,1170,17845,California
San Mateo,2021-01-08,1846,20194,1195,14794,651,5400,0,0,1149,17809,690,1186,1150,18995,California
San Mateo,2021-01-09,1178,21372,776,15570,402,5802,0,0,720,18071,458,1644,720,19715,California
San Mateo,2021-01-10,706,22078,580,16150,126,5928,0,0,266,17897,440,2084,266,19981,California
San Mateo,2021-01-11,2601,24679,1493,17643,1108,7036,0,0,1528,18353,1074,3158,1530,21511,California
San Mateo,2021-01-12,3404,28083,1896,19539,1508,8544,0,0,2215,19385,1187,4345,2219,23730,California
San Mateo,2021-01-13,3392,31475,1658,21197,1734,10278,0,0,2356,20707,1036,5381,2358,26088,California
San Mateo,2021-01-14,3782,35257,1587,22784,2195,12473,0,0,3095,23120,687,6068,3100,29188,California
San Mateo,2021-01-15,4326,39583,1708,24492,2618,15091,0,0,3795,26388,529,6597,3797,32985,California
San Mateo,2021-01-16,3073,42656,764,25256,2309,17400,0,0,2751,28818,322,6919,2752,35737,California
San Mateo,2021-01-17,1315,43971,308,25564,1007,18407,0,0,1107,29717,208,7127,1107,36844,California
San Mateo,2021-01-18,1372,45343,538,26102,834,19241,0,0,994,30336,375,7502,994,37838,California
San Mateo,2021-01-19,2803,48146,1798,27900,1005,20246,0,0,2006,31548,794,8296,2006,39844,California
San Mateo,2021-01-20,2804,50950,1547,29447,1257,21503,0,0,1960,32668,841,9137,1961,41805,California
San Mateo,2021-01-21,2859,53809,1302,30749,1557,23060,0,0,2266,34346,591,9728,2269,44074,California
San Mateo,2021-01-22,2802,56611,1138,31887,1664,24724,0,0,2502,36551,298,10026,2503,46577,California
San Mateo,2021-01-23,2882,59493,1689,33576,1193,25917,0,0,2519,38708,363,10389,2520,49097,California
San Mateo,2021-01-24,1519,61012,375,33951,1144,27061,0,0,1208,39607,310,10699,1209,50306,California
San Mateo,2021-01-25,4435,65447,3156,37107,1279,28340,0,0,3534,42246,899,11598,3538,53844,California
San Mateo,2021-01-26,4297,69744,2983,40090,1314,29654,0,0,3379,44709,917,12515,3380,57224,California
San Mateo,2021-01-27,2787,72531,1466,41556,1321,30975,0,0,1794,45517,987,13502,1795,59019,California
San Mateo,2021-01-28,2802,75333,1355,42911,1447,32422,0,0,1947,46624,840,14342,1947,60966,California
San Mateo,2021-01-29,2989,78322,1347,44258,1642,34064,0,0,2150,47940,837,15179,2153,63119,California
San Mateo,2021-01-30,3410,81732,1482,45740,1928,35992,0,0,2951,50434,458,15637,2952,66071,California
San Mateo,2021-01-31,1679,83411,896,46636,783,36775,0,0,1517,51790,161,15798,1517,67588,California
San Mateo,2021-02-01,2940,86351,1356,47992,1584,38359,0,0,2222,53299,714,16512,2223,69811,California
San Mateo,2021-02-02,3174,89525,1733,49725,1441,39800,0,0,2160,54448,1011,17523,2160,71971,California
San Mateo,2021-02-03,4995,94520,2059,51784,2936,42736,0,0,3851,57158,1142,18665,3852,75823,California
San Mateo,2021-02-04,6199,100719,2495,54279,3704,46440,0,0,4921,60810,1273,19938,4925,80748,California
San Mateo,2021-02-05,6802,107521,2556,56835,4246,50686,0,0,4974,63973,1811,21749,4974,85722,California
San Mateo,2021-02-06,3280,110801,1914,58749,1366,52052,0,0,2625,65946,654,22403,2627,88349,California
San Mateo,2021-02-07,1905,112706,1352,60101,553,52605,0,0,1713,67467,192,22595,1713,90062,California
San Mateo,2021-02-08,5287,117993,2255,62356,3032,55637,0,0,3111,68467,2111,24706,3111,93173,California
San Mateo,2021-02-09,6188,124181,3226,65582,2962,58599,0,0,3340,68965,2842,27548,3340,96513,California
San Mateo,2021-02-10,6513,130694,3279,68861,3234,61833,0,0,3424,69311,3078,30626,3424,99937,California
San Mateo,2021-02-11,7048,137742,3574,72435,3474,65307,0,0,3789,69853,3250,33876,3792,103729,California
San Mateo,2021-02-12,6632,144374,2961,75396,3671,68978,0,0,4702,72629,1928,35804,4704,108433,California
San Mateo,2021-02-13,6118,150492,4019,79415,2099,71077,0,0,2639,71794,3474,39278,2639,111072,California
San Mateo,2021-02-14,4642,155134,3024,82439,1618,72695,0,0,1985,71130,2650,41928,1986,113058,California
San Mateo,2021-02-15,3166,158300,1456,83895,1710,74405,0,0,1790,71551,1370,43298,1791,114849,California
San Mateo,2021-02-16,7151,165451,1882,85777,5269,79674,0,0,5278,74960,1871,45169,5280,120129,California
San Mateo,2021-02-17,7079,172530,1951,87728,5128,84802,0,0,5062,78011,2013,47182,5064,125193,California
San Mateo,2021-02-18,6665,179195,4600,92328,2065,86867,0,0,4439,80231,2222,49404,4442,129635,California
San Mateo,2021-02-19,7779,186974,5585,97913,2194,89061,0,0,5777,84013,1995,51399,5777,135412,California
San Mateo,2021-02-20,3737,190711,2423,100336,1314,90375,0,0,2307,84897,1423,52822,2307,137719,California
San Mateo,2021-02-21,2610,193321,1770,102106,840,91215,0,0,1563,85420,1040,53862,1563,139282,California
San Mateo,2021-02-22,4431,197752,3214,105320,1217,92432,0,0,2799,86594,1626,55488,2800,142082,California
San Mateo,2021-02-23,4351,202103,3108,108428,1243,93675,0,0,2539,87329,1804,57292,2539,144621,California
San Mateo,2021-02-24,7310,209413,3286,111714,4024,97699,0,0,4881,89790,2421,59713,4882,149503,California
San Mateo,2021-02-25,9115,218528,4030,115744,5085,102784,0,0,6036,92764,3063,62776,6037,155540,California
San Mateo,2021-02-26,9778,228306,3724,119468,6054,108838,0,0,6850,96704,2914,65690,6854,162394,California
San Mateo,2021-02-27,6792,235098,3498,122966,3293,112131,1,1,3684,97292,3102,68792,3690,166084,California
San Mateo,2021-02-28,4135,239233,2520,125486,1615,113746,0,1,2557,98278,1572,70364,2558,168642,California
San Mateo,2021-03-01,5747,244980,3624,129110,2121,115867,2,3,2865,98277,2868,73232,2867,171509,California
San Mateo,2021-03-02,6266,251246,4456,133566,1809,117676,1,4,3635,99291,2623,75855,3637,175146,California
San Mateo,2021-03-03,8461,259707,3986,137552,4473,122149,2,6,3657,98158,4792,80647,3659,178805,California
San Mateo,2021-03-04,8503,268210,4002,141554,4498,126647,3,9,3845,97370,4638,85285,3850,182655,California
San Mateo,2021-03-05,9356,277566,6243,147797,3109,129756,4,13,6578,101197,2758,88043,6585,189240,California
San Mateo,2021-03-06,7964,285530,5551,153348,2238,131994,175,188,5845,105106,2110,90153,6019,195259,California
San Mateo,2021-03-07,3604,289134,2447,155795,1088,133082,69,257,2132,105839,1468,91621,2201,197460,California
San Mateo,2021-03-08,4543,293677,2578,158373,1748,134830,217,474,3318,108154,1218,92839,3533,200993,California
San Mateo,2021-03-09,5332,299009,2868,161241,2187,137017,277,751,3743,110591,1579,94418,4016,205009,California
San Mateo,2021-03-10,7197,306206,2911,164152,4001,141018,285,1036,4811,113313,2373,96791,5095,210104,California
San Mateo,2021-03-11,9148,315354,5756,169908,2999,144017,393,1429,3729,112046,5388,102179,4121,214225,California
San Mateo,2021-03-12,10598,325952,6684,176592,3528,147545,386,1815,3583,109021,6997,109176,3972,218197,California
San Mateo,2021-03-13,8214,334166,3508,180100,3074,150619,1632,3447,3977,110398,4225,113401,5602,223799,California
San Mateo,2021-03-14,5004,339170,3375,183475,1522,152141,107,3554,2668,110844,2329,115730,2775,226574,California
San Mateo,2021-03-15,7215,346385,4664,188139,2375,154516,176,3730,3804,111420,3405,119135,3981,230555,California
San Mateo,2021-03-16,11959,358344,4404,192543,7433,161949,122,3852,4833,109269,7109,126244,4958,235513,California
San Mateo,2021-03-17,10869,369213,4430,196973,6312,168261,127,3979,4909,108376,5933,132177,5040,240553,California
San Mateo,2021-03-18,7309,376522,4109,201082,3017,171278,183,4162,4337,109930,2965,135142,4519,245072,California
San Mateo,2021-03-19,7475,383997,4840,205922,1968,173246,667,4829,3652,110436,3813,138955,4319,249391,California
San Mateo,2021-03-20,8419,392416,6532,212454,1546,174792,341,5170,5429,113229,2976,141931,5769,255160,California
San Mateo,2021-03-21,4250,396666,3219,215673,797,175589,234,5404,2379,113979,1860,143791,2610,257770,California
San Mateo,2021-03-22,5284,401950,3603,219276,1264,176853,417,5821,2837,114800,2434,146225,3255,261025,California
San Mateo,2021-03-23,9841,411791,4504,223780,5141,181994,196,6017,4422,114028,5389,151614,4617,265642,California
San Mateo,2021-03-24,9524,421315,5517,229297,3864,185858,143,6160,4096,112908,5357,156971,4237,269879,California
San Mateo,2021-03-25,10139,431454,4976,234273,4883,190741,280,6440,4455,112065,5581,162552,4738,274617,California
San Mateo,2021-03-26,11289,442743,7779,242052,3344,194085,166,6606,4353,109695,6897,169449,4527,279144,California
San Mateo,2021-03-27,10579,453322,8102,250154,2370,196455,107,6713,4673,108585,5887,175336,4777,283921,California
San Mateo,2021-03-28,4306,457628,2794,252948,1400,197855,112,6825,2017,108436,2279,177615,2130,286051,California
San Mateo,2021-03-29,6069,463697,3787,256735,2030,199885,252,7077,2762,108163,3288,180903,3015,289066,California
San Mateo,2021-03-30,7163,470860,4093,260828,2917,202802,153,7230,3845,108860,3302,184205,3999,293065,California
San Mateo,2021-03-31,7307,478167,4626,265454,2539,205341,142,7372,3858,109430,3431,187636,4001,297066,California
San Mateo,2021-04-01,10614,488781,5244,270698,4161,209502,1209,8581,5696,111460,4872,192508,6902,303968,California
San Mateo,2021-04-02,10898,499679,5223,275921,4060,213562,1615,10196,5714,113627,5163,197671,7330,311298,California
San Mateo,2021-04-03,10004,509683,5751,281672,2474,216036,1779,11975,5119,115648,4877,202548,6898,318196,California
San Mateo,2021-04-04,5453,515136,2627,284299,1572,217608,1254,13229,1707,114877,3731,206279,2960,321156,California
San Mateo,2021-04-05,8995,524131,4799,289098,2458,220066,1738,14967,3839,115311,5139,211418,5573,326729,California
San Mateo,2021-04-06,13229,537360,8252,297350,3116,223182,1861,16828,7520,119001,5696,217114,9386,336115,California
San Mateo,2021-04-07,11432,548792,5280,302630,4459,227641,1693,18521,4850,118981,6561,223675,6541,342656,California
San Mateo,2021-04-08,10173,558965,5067,307697,2506,230147,2600,21121,4515,120445,5641,229316,7105,349761,California
San Mateo,2021-04-09,11337,570302,5518,313215,3339,233486,2480,23601,5086,121772,6249,235565,7576,357337,California
San Mateo,2021-04-10,11254,581556,5707,318922,4105,237591,1442,25043,4656,121303,6571,242136,6102,363439,California
San Mateo,2021-04-11,6624,588180,3290,322212,873,238464,2461,27504,2300,121743,4316,246452,4756,368195,California
San Mateo,2021-04-12,7311,595491,4467,326679,1883,240347,961,28465,3529,122471,3761,250213,4489,372684,California
San Mateo,2021-04-13,8163,603654,5092,331771,3062,243409,9,28474,4318,122963,3837,254050,4329,377013,California
San Mateo,2021-04-14,8311,611965,5369,337140,2941,246350,1,28475,4252,123181,4042,258092,4260,381273,California
San Mateo,2021-04-15,11106,623071,7383,344523,3721,250071,2,28477,7260,126624,3820,261912,7263,388536,California
San Mateo,2021-04-16,9976,633047,6870,351393,3090,253161,16,28493,6322,129331,3636,265548,6343,394879,California
San Mateo,2021-04-17,9761,642808,6477,357870,3282,256443,2,28495,6162,131911,3589,269137,6169,401048,California
San Mateo,2021-04-18,5431,648239,2595,360465,2836,259279,0,28495,3661,133818,1760,270897,3667,404715,California
San Mateo,2021-04-19,8383,656622,5451,365916,2932,262211,0,28495,5449,136355,2921,273818,5458,410173,California
San Mateo,2021-04-20,10313,666935,5744,371660,4568,266779,1,28496,6638,139350,3654,277472,6649,416822,California
San Mateo,2021-04-21,9013,675948,6087,377747,2926,269705,0,28496,5566,141493,3429,280901,5572,422394,California
San Mateo,2021-04-22,9594,685542,6410,384157,3183,272888,1,28497,5326,142587,4237,285138,5331,427725,California
San Mateo,2021-04-23,9454,694996,6211,390368,3243,276131,0,28497,5300,143773,4129,289267,5315,433040,California
San Mateo,2021-04-24,11273,706269,8037,398405,3236,279367,0,28497,5812,144154,5439,294706,5820,438860,California
San Mateo,2021-04-25,5532,711801,3865,402270,1665,281032,2,28499,3931,146509,1587,296293,3942,442802,California
San Mateo,2021-04-26,6326,718127,4623,406893,1695,282727,8,28507,3646,147506,2669,298962,3666,446468,California
San Mateo,2021-04-27,11009,729136,7831,414724,3072,285799,106,28613,4438,145514,6541,305503,4549,451017,California
San Mateo,2021-04-28,7680,736816,4434,419158,3042,288841,204,28817,4022,146096,3648,309151,4230,455247,California
San Mateo,2021-04-29,7933,744749,3718,422876,4041,292882,174,28991,3513,145403,4392,313543,3699,458946,California
San Mateo,2021-04-30,8078,752827,5067,427943,2857,295739,154,29145,3412,144340,4643,318186,3580,462526,California
San Mateo,2021-05-01,6154,758981,4125,432068,1911,297650,118,29263,2662,143655,3476,321662,2791,465317,California
San Mateo,2021-05-02,3177,762158,1741,433809,1365,299015,71,29334,1147,142855,2022,323684,1222,466539,California
San Mateo,2021-05-03,5983,768141,4464,438273,1375,300390,144,29478,1846,140716,4129,327813,1990,468529,California
San Mateo,2021-05-04,7236,775377,4900,443173,2164,302554,172,29650,2468,138606,4762,332575,2652,471181,California
San Mateo,2021-05-05,6802,782179,4427,447600,2214,304768,161,29811,2377,136749,4397,336972,2540,473721,California
San Mateo,2021-05-06,8534,790713,6658,454258,1701,306469,175,29986,1741,131895,6774,343746,1920,475641,California
San Mateo,2021-05-07,8192,798905,5859,460117,2048,308517,285,30271,1833,127690,6334,350080,2129,477770,California
San Mateo,2021-05-08,6647,805552,4025,464142,2383,310900,239,30510,1833,124965,4802,354882,2077,479847,California
San Mateo,2021-05-09,3115,808667,2429,466571,612,311512,74,30584,1056,124044,2051,356933,1130,480977,California
San Mateo,2021-05-10,4616,813283,3317,469888,1129,312641,170,30754,767,121150,3839,360772,945,481922,California
San Mateo,2021-05-11,6493,819776,4863,474751,1517,314158,113,30867,1663,118112,4815,365587,1777,483699,California
San Mateo,2021-05-12,6400,826176,4612,479363,1598,315756,190,31057,1533,114980,4858,370445,1726,485425,California
San Mateo,2021-05-13,8929,835105,6682,486045,2161,317917,86,31143,3285,112748,5612,376057,3380,488805,California
San Mateo,2021-05-14,8333,843438,6148,492193,2074,319991,111,31254,2700,109946,5620,381677,2818,491623,California
San Mateo,2021-05-15,10390,853828,8099,500292,2190,322181,101,31355,4550,108793,5826,387503,4673,496296,California
San Mateo,2021-05-16,7155,860983,5096,505388,1990,324171,69,31424,2197,106120,4940,392443,2267,498563,California
San Mateo,2021-05-17,7038,868021,4978,510366,1951,326122,109,31533,2210,103629,4813,397256,2322,500885,California
San Mateo,2021-05-18,8439,876460,5811,516177,2530,328652,98,31631,3164,101745,5150,402406,3266,504151,California
San Mateo,2021-05-19,7646,884106,5660,521837,1865,330517,121,31752,3515,101299,4083,406489,3637,507788,California
San Mateo,2021-05-20,4767,888873,3063,524900,1612,332129,92,31844,2029,100700,2719,409208,2120,509908,California
San Mateo,2021-05-21,6139,895012,4363,529263,1678,333807,98,31942,1803,98279,4320,413528,1899,511807,California
San Mateo,2021-05-22,5369,900381,3754,533017,1577,335384,38,31980,2187,97338,3167,416695,2226,514033,California
San Mateo,2021-05-23,2402,902783,1406,534423,940,336324,56,32036,969,96937,1426,418121,1025,515058,California
San Mateo,2021-05-24,3334,906117,2158,536581,1031,337355,145,32181,1118,96004,2194,420315,1261,516319,California
San Mateo,2021-05-25,4689,910806,2972,539553,1559,338914,158,32339,1693,94883,2974,423289,1853,518172,California
San Mateo,2021-05-26,5529,916335,2946,542499,2478,341392,105,32444,1818,93114,3692,426981,1923,520095,California
San Mateo,2021-05-27,3670,920005,2131,544630,1452,342844,87,32531,1334,92212,2319,429300,1417,521512,California
San Mateo,2021-05-28,2022,922027,1377,546007,616,343460,29,32560,725,91680,1287,430587,755,522267,California
Santa Barbara,2020-12-15,2,2,2,2,0,0,0,0,2,2,0,0,2,2,California
Santa Barbara,2020-12-16,2,4,2,4,0,0,0,0,2,4,0,0,2,4,California
Santa Barbara,2020-12-17,56,60,56,60,0,0,0,0,56,60,0,0,56,60,California
Santa Barbara,2020-12-18,379,439,378,438,1,1,0,0,379,439,0,0,379,439,California
Santa Barbara,2020-12-19,325,764,325,763,0,1,0,0,325,764,0,0,325,764,California
Santa Barbara,2020-12-20,235,999,235,998,0,1,0,0,235,999,0,0,235,999,California
Santa Barbara,2020-12-21,653,1652,651,1649,2,3,0,0,653,1652,0,0,653,1652,California
Santa Barbara,2020-12-22,245,1897,243,1892,2,5,0,0,245,1897,0,0,245,1897,California
Santa Barbara,2020-12-23,322,2219,204,2096,118,123,0,0,322,2219,0,0,322,2219,California
Santa Barbara,2020-12-24,88,2307,40,2136,48,171,0,0,88,2307,0,0,88,2307,California
Santa Barbara,2020-12-26,326,2633,66,2202,260,431,0,0,326,2633,0,0,326,2633,California
Santa Barbara,2020-12-27,62,2695,1,2203,61,492,0,0,62,2695,0,0,62,2695,California
Santa Barbara,2020-12-28,356,3051,223,2426,133,625,0,0,356,3051,0,0,356,3051,California
Santa Barbara,2020-12-29,553,3604,358,2784,195,820,0,0,553,3604,0,0,553,3604,California
Santa Barbara,2020-12-30,578,4182,395,3179,183,1003,0,0,578,4182,0,0,578,4182,California
Santa Barbara,2020-12-31,240,4422,114,3293,126,1129,0,0,240,4422,0,0,240,4422,California
Santa Barbara,2021-01-01,116,4538,110,3403,6,1135,0,0,116,4538,0,0,116,4538,California
Santa Barbara,2021-01-02,588,5126,223,3626,365,1500,0,0,588,5126,0,0,588,5126,California
Santa Barbara,2021-01-03,23,5149,15,3641,8,1508,0,0,23,5149,0,0,23,5149,California
Santa Barbara,2021-01-04,305,5454,242,3883,63,1571,0,0,304,5453,0,0,304,5453,California
Santa Barbara,2021-01-05,751,6205,378,4261,373,1944,0,0,724,6150,27,27,724,6177,California
Santa Barbara,2021-01-06,656,6861,276,4537,380,2324,0,0,595,6685,60,87,595,6772,California
Santa Barbara,2021-01-07,1034,7895,710,5247,324,2648,0,0,529,6713,501,588,529,7301,California
Santa Barbara,2021-01-08,1205,9100,845,6092,360,3008,0,0,711,6930,494,1082,711,8012,California
Santa Barbara,2021-01-09,566,9666,293,6385,273,3281,0,0,320,7004,246,1328,320,8332,California
Santa Barbara,2021-01-10,62,9728,50,6435,12,3293,0,0,46,7034,16,1344,46,8378,California
Santa Barbara,2021-01-11,839,10567,670,7105,169,3462,0,0,615,7426,223,1567,615,8993,California
Santa Barbara,2021-01-12,1434,12001,640,7745,794,4256,0,0,1278,8548,156,1723,1278,10271,California
Santa Barbara,2021-01-13,1220,13221,271,8016,949,5205,0,0,1093,9514,127,1850,1093,11364,California
Santa Barbara,2021-01-14,1253,14474,135,8151,1118,6323,0,0,1198,10659,54,1904,1199,12563,California
Santa Barbara,2021-01-15,1801,16275,419,8570,1382,7705,0,0,1720,12299,80,1984,1720,14283,California
Santa Barbara,2021-01-16,1270,17545,200,8770,1070,8775,0,0,1231,13492,38,2022,1231,15514,California
Santa Barbara,2021-01-17,123,17668,20,8790,103,8878,0,0,120,13609,3,2025,120,15634,California
Santa Barbara,2021-01-18,1152,18820,418,9208,734,9612,0,0,967,14391,185,2210,967,16601,California
Santa Barbara,2021-01-19,1639,20459,570,9778,1069,10681,0,0,1361,15475,277,2487,1361,17962,California
Santa Barbara,2021-01-20,2096,22555,545,10323,1551,12232,0,0,1741,16862,354,2841,1741,19703,California
Santa Barbara,2021-01-21,3182,25737,1910,12233,1272,13504,0,0,3023,19727,159,3000,3024,22727,California
Santa Barbara,2021-01-22,2926,28663,1772,14005,1154,14658,0,0,2762,22329,161,3161,2763,25490,California
Santa Barbara,2021-01-23,1734,30397,1106,15111,628,15286,0,0,1225,23046,508,3669,1225,26715,California
Santa Barbara,2021-01-24,843,31240,751,15862,92,15378,0,0,834,23871,9,3678,834,27549,California
Santa Barbara,2021-01-25,1242,32482,498,16360,744,16122,0,0,1005,24639,237,3915,1005,28554,California
Santa Barbara,2021-01-26,2045,34527,463,16823,1582,17704,0,0,1661,25918,382,4297,1661,30215,California
Santa Barbara,2021-01-27,1164,35691,400,17223,764,18468,0,0,902,26561,261,4558,904,31119,California
Santa Barbara,2021-01-28,892,36583,295,17518,597,19065,0,0,678,27028,211,4769,678,31797,California
Santa Barbara,2021-01-29,1333,37916,536,18054,797,19862,0,0,979,27658,351,5120,981,32778,California
Santa Barbara,2021-01-30,1892,39808,1420,19474,472,20334,0,0,1487,28743,402,5522,1487,34265,California
Santa Barbara,2021-01-31,1453,41261,1215,20689,238,20572,0,0,1414,30118,39,5561,1414,35679,California
Santa Barbara,2021-02-01,954,42215,529,21218,425,20997,0,0,556,30276,398,5959,556,36235,California
Santa Barbara,2021-02-02,1808,44023,679,21897,1129,22126,0,0,1044,30559,761,6720,1044,37279,California
Santa Barbara,2021-02-03,1940,45963,1077,22974,863,22989,0,0,1500,31629,430,7150,1500,38779,California
Santa Barbara,2021-02-04,2780,48743,1865,24839,915,23904,0,0,2482,33819,292,7442,2482,41261,California
Santa Barbara,2021-02-05,2900,51643,2057,26896,843,24747,0,0,2259,35439,639,8081,2259,43520,California
Santa Barbara,2021-02-06,1204,52847,339,27235,865,25612,0,0,794,35823,410,8491,794,44314,California
Santa Barbara,2021-02-07,301,53148,263,27498,38,25650,0,0,266,36055,34,8525,266,44580,California
Santa Barbara,2021-02-08,955,54103,311,27809,644,26294,0,0,665,36430,290,8815,665,45245,California
Santa Barbara,2021-02-09,2438,56541,313,28122,2125,28419,0,0,1119,36239,1310,10125,1119,46364,California
Santa Barbara,2021-02-10,2763,59304,1496,29618,1267,29686,0,0,780,35043,1976,12101,780,47144,California
Santa Barbara,2021-02-11,4187,63491,2808,32426,1379,31065,0,0,623,32112,3554,15655,623,47767,California
Santa Barbara,2021-02-12,3308,66799,948,33374,2360,33425,0,0,774,30358,2528,18183,774,48541,California
Santa Barbara,2021-02-13,1234,68033,341,33715,893,34318,0,0,561,30248,671,18854,561,49102,California
Santa Barbara,2021-02-14,332,68365,35,33750,297,34615,0,0,287,30490,45,18899,287,49389,California
Santa Barbara,2021-02-15,968,69333,337,34087,631,35246,0,0,494,30513,471,19370,494,49883,California
Santa Barbara,2021-02-16,2108,71441,395,34482,1713,36959,0,0,719,29847,1385,20755,719,50602,California
Santa Barbara,2021-02-17,1436,72877,321,34803,1115,38074,0,0,523,29461,909,21664,523,51125,California
Santa Barbara,2021-02-18,3257,76134,2649,37452,608,38682,0,0,1519,29278,1702,23366,1519,52644,California
Santa Barbara,2021-02-19,3596,79730,2641,40093,955,39637,0,0,2329,30343,1264,24630,2329,54973,California
Santa Barbara,2021-02-20,2225,81955,1439,41532,786,40423,0,0,1669,31466,546,25176,1669,56642,California
Santa Barbara,2021-02-21,135,82090,106,41638,29,40452,0,0,60,31453,73,25249,60,56702,California
Santa Barbara,2021-02-22,940,83030,248,41886,692,41144,0,0,271,31059,666,25915,272,56974,California
Santa Barbara,2021-02-23,3189,86219,1046,42932,2143,43287,0,0,422,28718,2763,28678,422,57396,California
Santa Barbara,2021-02-24,3207,89426,1093,44025,2114,45401,0,0,723,26967,2474,31152,723,58119,California
Santa Barbara,2021-02-25,3455,92881,1921,45946,1534,46935,0,0,990,25501,2457,33609,991,59110,California
Santa Barbara,2021-02-26,3668,96549,2177,48123,1491,48426,0,0,1980,25801,1680,35289,1980,61090,California
Santa Barbara,2021-02-27,1528,98077,562,48685,966,49392,0,0,848,25975,676,35965,850,61940,California
Santa Barbara,2021-02-28,1085,99162,220,48905,865,50257,0,0,893,26682,187,36152,894,62834,California
Santa Barbara,2021-03-01,1644,100806,470,49375,1173,51430,1,1,1088,27232,540,36692,1090,63924,California
Santa Barbara,2021-03-02,2649,103455,423,49798,2226,53656,0,1,2148,28893,488,37180,2149,66073,California
Santa Barbara,2021-03-03,4630,108085,2101,51899,2527,56183,2,3,4034,32348,585,37765,4040,70113,California
Santa Barbara,2021-03-04,3421,111506,2283,54182,1138,57321,0,3,2865,34665,548,38313,2865,72978,California
Santa Barbara,2021-03-05,3819,115325,2164,56346,1596,58917,59,62,3095,37100,719,39032,3154,76132,California
Santa Barbara,2021-03-06,2431,117756,726,57072,1486,60403,219,281,1670,38230,757,39789,1887,78019,California
Santa Barbara,2021-03-07,564,118320,123,57195,310,60713,131,412,384,38567,179,39968,516,78535,California
Santa Barbara,2021-03-08,1580,119900,381,57576,856,61569,343,755,797,38930,777,40745,1140,79675,California
Santa Barbara,2021-03-09,2796,122696,344,57920,1678,63247,774,1529,738,38383,2055,42800,1508,81183,California
Santa Barbara,2021-03-10,2762,125458,553,58473,1162,64409,1047,2576,1041,38753,1716,44516,2086,83269,California
Santa Barbara,2021-03-11,5580,131038,3028,61501,1437,65846,1115,3691,2282,38859,3284,47800,3390,86659,California
Santa Barbara,2021-03-12,3678,134716,2098,63599,1150,66996,430,4121,2181,39978,1489,49289,2608,89267,California
Santa Barbara,2021-03-13,3490,138206,1935,65534,1347,68343,208,4329,2696,42091,792,50081,2905,92172,California
Santa Barbara,2021-03-14,794,139000,379,65913,358,68701,57,4386,472,42299,321,50402,529,92701,California
Santa Barbara,2021-03-15,2114,141114,697,66610,1126,69827,291,4677,1269,43019,838,51240,1558,94259,California
Santa Barbara,2021-03-16,3724,144838,1173,67783,2209,72036,342,5019,2735,45111,985,52225,3077,97336,California
Santa Barbara,2021-03-17,3309,148147,971,68754,1933,73969,405,5424,2318,46841,989,53214,2719,100055,California
Santa Barbara,2021-03-18,5230,153377,2800,71554,2228,76197,202,5626,4005,49839,1209,54423,4207,104262,California
Santa Barbara,2021-03-19,4448,157825,2769,74323,1346,77543,333,5959,3057,51841,1387,55810,3389,107651,California
Santa Barbara,2021-03-20,2179,160004,836,75159,1329,78872,14,5973,1334,52346,842,56652,1347,108998,California
Santa Barbara,2021-03-21,1165,161169,383,75542,752,79624,30,6003,838,52889,325,56977,868,109866,California
Santa Barbara,2021-03-22,2779,163948,1912,77454,823,80447,44,6047,2223,54608,548,57525,2267,112133,California
Santa Barbara,2021-03-23,4480,168428,2252,79706,2127,82574,101,6148,3707,57651,764,58289,3807,115940,California
Santa Barbara,2021-03-24,5419,173847,3157,82863,1513,84087,749,6897,2972,58945,2423,60712,3717,119657,California
Santa Barbara,2021-03-25,5563,179410,3276,86139,2097,86184,190,7087,2787,59162,2760,63472,2977,122634,California
Santa Barbara,2021-03-26,5093,184503,3227,89366,1568,87752,298,7385,2244,58871,2833,66305,2542,125176,California
Santa Barbara,2021-03-27,2954,187457,1225,90591,1686,89438,43,7428,1622,59206,1328,67633,1663,126839,California
Santa Barbara,2021-03-28,2779,190236,1657,92248,1094,90532,28,7456,1893,60247,881,68514,1922,128761,California
Santa Barbara,2021-03-29,4044,194280,2087,94335,1886,92418,71,7527,3228,62734,812,69326,3299,132060,California
Santa Barbara,2021-03-30,6801,201081,3513,97848,3137,95555,151,7678,4540,65176,2246,71572,4688,136748,California
Santa Barbara,2021-03-31,8676,209757,5524,103372,3085,98640,67,7745,5056,66700,3599,75171,5123,141871,California
Santa Barbara,2021-04-01,7042,216799,5208,108580,1573,100213,261,8006,4176,68287,2848,78019,4435,146306,California
Santa Barbara,2021-04-02,6646,223445,4560,113140,1491,101704,595,8601,3420,69086,3218,81237,4017,150323,California
Santa Barbara,2021-04-03,3811,227256,2114,115254,1629,103333,68,8669,2518,70382,1289,82526,2585,152908,California
Santa Barbara,2021-04-04,900,228156,444,115698,416,103749,40,8709,501,70526,397,82923,541,153449,California
Santa Barbara,2021-04-05,3466,231622,2290,117988,917,104666,259,8968,2168,71663,1291,84214,2428,155877,California
Santa Barbara,2021-04-06,5482,237104,2831,120819,2113,106779,538,9506,3356,73447,2110,86324,3894,159771,California
Santa Barbara,2021-04-07,5996,243100,3284,124103,2170,108949,542,10048,4076,76167,1910,88234,4630,164401,California
Santa Barbara,2021-04-08,7404,250504,5032,129135,644,109593,1728,11776,3413,77319,3987,92221,5139,169540,California
Santa Barbara,2021-04-09,7295,257799,4852,133987,1092,110685,1351,13127,3285,77955,4001,96222,4637,174177,California
Santa Barbara,2021-04-10,6705,264504,4643,138630,1441,112126,621,13748,4558,81004,2140,98362,5189,179366,California
Santa Barbara,2021-04-11,2639,267143,1931,140561,409,112535,299,14047,1819,82303,814,99176,2113,181479,California
Santa Barbara,2021-04-12,4426,271569,2848,143409,1024,113559,554,14601,1923,82282,2496,101672,2475,183954,California
Santa Barbara,2021-04-13,6308,277877,4149,147558,2153,115712,6,14607,2624,81232,3679,105351,2629,186583,California
Santa Barbara,2021-04-14,6723,284600,4396,151954,2325,118037,2,14609,4201,82924,2511,107862,4203,190786,California
Santa Barbara,2021-04-15,6938,291538,4077,156031,2860,120897,1,14610,3750,83498,3178,111040,3752,194538,California
Santa Barbara,2021-04-16,6371,297909,3742,159773,2618,123515,11,14621,4380,85912,1976,113016,4390,198928,California
Santa Barbara,2021-04-17,5303,303212,3855,163628,1448,124963,0,14621,4086,88793,1205,114221,4086,203014,California
Santa Barbara,2021-04-18,2133,305345,1480,165108,653,125616,0,14621,373,87411,1756,115977,374,203388,California
Santa Barbara,2021-04-19,3235,308580,2225,167333,1004,126620,6,14627,1030,86248,2200,118177,1037,204425,California
Santa Barbara,2021-04-20,5863,314443,3946,171279,1916,128536,1,14628,1650,83698,4201,122378,1651,206076,California
Santa Barbara,2021-04-21,5469,319912,3629,174908,1840,130376,0,14628,1734,81708,3724,126102,1734,207810,California
Santa Barbara,2021-04-22,5091,325003,2560,177468,2530,132906,1,14629,1453,79542,3622,129724,1456,209266,California
Santa Barbara,2021-04-23,5581,330584,3873,181341,1708,134614,0,14629,1962,77898,3606,133330,1962,211228,California
Santa Barbara,2021-04-24,4423,335007,2877,184218,1541,136155,5,14634,1636,76771,2768,136098,1641,212869,California
Santa Barbara,2021-04-25,1831,336838,1184,185402,647,136802,0,14634,499,75946,1324,137422,499,213368,California
Santa Barbara,2021-04-26,2931,339769,1805,187207,1105,137907,21,14655,463,73968,2462,139884,484,213852,California
Santa Barbara,2021-04-27,3678,343447,2027,189234,1564,139471,87,14742,1104,72594,2564,142448,1190,215042,California
Santa Barbara,2021-04-28,4902,348349,2861,192095,1924,141395,117,14859,1402,70629,3487,145935,1522,216564,California
Santa Barbara,2021-04-29,5245,353594,3797,195892,1221,142616,227,15086,1446,68517,3783,149718,1671,218235,California
Santa Barbara,2021-04-30,4946,358540,3696,199588,1086,143702,164,15250,1423,66594,3509,153227,1586,219821,California
Santa Barbara,2021-05-01,5233,363773,4055,203643,1145,144847,33,15283,900,63204,4325,157552,935,220756,California
Santa Barbara,2021-05-02,1130,364903,665,204308,337,145184,128,15411,308,62818,822,158374,436,221192,California
Santa Barbara,2021-05-03,2206,367109,1481,205789,586,145770,139,15550,444,61643,1756,160130,581,221773,California
Santa Barbara,2021-05-04,3278,370387,1661,207450,1546,147316,71,15621,1139,60726,2126,162256,1209,222982,California
Santa Barbara,2021-05-05,5419,375806,3669,211119,1604,148920,146,15767,628,56722,4779,167035,775,223757,California
Santa Barbara,2021-05-06,5043,380849,3906,215025,1033,149953,104,15871,961,53721,4066,171101,1065,224822,California
Santa Barbara,2021-05-07,4659,385508,3650,218675,831,150784,178,16049,1001,51250,3648,174749,1177,225999,California
Santa Barbara,2021-05-08,4212,389720,3151,221826,963,151747,98,16147,873,48895,3326,178075,971,226970,California
Santa Barbara,2021-05-09,700,390420,109,221935,551,152298,40,16187,467,49171,232,178307,508,227478,California
Santa Barbara,2021-05-10,1321,391741,621,222556,616,152914,84,16271,367,48669,952,179259,450,227928,California
Santa Barbara,2021-05-11,1828,393569,769,223325,768,153682,291,16562,412,47961,1409,180668,701,228629,California
Santa Barbara,2021-05-12,1545,395114,686,224011,657,154339,202,16764,442,47510,1095,181763,644,229273,California
Santa Barbara,2021-05-13,3567,398681,2711,226722,663,155002,193,16957,1175,46496,2381,184144,1367,230640,California
Santa Barbara,2021-05-14,4148,402829,2532,229254,1522,156524,94,17051,1638,45730,2496,186640,1730,232370,California
Santa Barbara,2021-05-15,3506,406335,2568,231822,919,157443,19,17070,1842,45939,1653,188293,1862,234232,California
Santa Barbara,2021-05-16,1063,407398,465,232287,483,157926,115,17185,468,45931,591,188884,583,234815,California
Santa Barbara,2021-05-17,1636,409034,933,233220,641,158567,62,17247,913,46192,716,189600,977,235792,California
Santa Barbara,2021-05-18,1838,410872,1157,234377,587,159154,94,17341,1014,46493,808,190408,1109,236901,California
Santa Barbara,2021-05-19,1756,412628,972,235349,743,159897,41,17382,819,46423,929,191337,859,237760,California
Santa Barbara,2021-05-20,1266,413894,650,235999,499,160396,117,17499,667,46619,587,191924,783,238543,California
Santa Barbara,2021-05-21,2969,416863,2001,238000,915,161311,53,17552,1096,45910,1859,193783,1150,239693,California
Santa Barbara,2021-05-22,2176,419039,1534,239534,597,161908,45,17597,1289,46362,883,194666,1335,241028,California
Santa Barbara,2021-05-23,565,419604,214,239748,324,162232,27,17624,324,46472,241,194907,351,241379,California
Santa Barbara,2021-05-24,1007,420611,593,240341,356,162588,58,17682,514,46558,487,195394,573,241952,California
Santa Barbara,2021-05-25,1397,422008,576,240917,752,163340,69,17751,473,46178,919,196313,539,242491,California
Santa Barbara,2021-05-26,2958,424966,1680,242597,1167,164507,111,17862,820,44985,2123,198436,930,243421,California
Santa Barbara,2021-05-27,1894,426860,1184,243781,592,165099,118,17980,813,44842,1075,199511,932,244353,California
Santa Barbara,2021-05-28,752,427612,321,244102,313,165412,118,18098,278,44767,470,199981,395,244748,California
Santa Clara,2020-12-15,66,66,66,66,0,0,0,0,66,66,0,0,66,66,California
Santa Clara,2020-12-16,142,208,142,208,0,0,0,0,142,208,0,0,142,208,California
Santa Clara,2020-12-17,400,608,400,608,0,0,0,0,400,608,0,0,400,608,California
Santa Clara,2020-12-18,1680,2288,1680,2288,0,0,0,0,1680,2288,0,0,1680,2288,California
Santa Clara,2020-12-19,2081,4369,2081,4369,0,0,0,0,2080,4368,0,0,2080,4368,California
Santa Clara,2020-12-20,1910,6279,1909,6278,1,1,0,0,1907,6275,0,0,1907,6275,California
Santa Clara,2020-12-21,2718,8997,2718,8996,0,1,0,0,2717,8992,0,0,2717,8992,California
Santa Clara,2020-12-22,3188,12185,3181,12177,7,8,0,0,3185,12177,0,0,3185,12177,California
Santa Clara,2020-12-23,3337,15522,3148,15325,189,197,0,0,3336,15513,0,0,3336,15513,California
Santa Clara,2020-12-24,1933,17455,1746,17071,187,384,0,0,1928,17440,1,1,1928,17441,California
Santa Clara,2020-12-25,348,17803,347,17418,1,385,0,0,348,17788,0,1,348,17789,California
Santa Clara,2020-12-26,1269,19072,1036,18454,233,618,0,0,1268,19056,0,1,1268,19057,California
Santa Clara,2020-12-27,650,19722,508,18962,142,760,0,0,650,19706,0,1,650,19707,California
Santa Clara,2020-12-28,2336,22058,1729,20691,607,1367,0,0,2336,22042,0,1,2336,22043,California
Santa Clara,2020-12-29,2351,24409,1491,22182,860,2227,0,0,2350,24392,0,1,2350,24393,California
Santa Clara,2020-12-30,2985,27394,1890,24072,1095,3322,0,0,2983,27373,2,3,2983,27376,California
Santa Clara,2020-12-31,1217,28611,392,24464,825,4147,0,0,1216,28588,1,4,1216,28592,California
Santa Clara,2021-01-01,145,28756,12,24476,133,4280,0,0,144,28731,1,5,144,28736,California
Santa Clara,2021-01-02,1085,29841,815,25291,270,4550,0,0,1085,29816,0,5,1085,29821,California
Santa Clara,2021-01-03,584,30425,367,25658,217,4767,0,0,579,30392,3,8,579,30400,California
Santa Clara,2021-01-04,2471,32896,1670,27328,801,5568,0,0,2468,32860,0,8,2468,32868,California
Santa Clara,2021-01-05,3069,35965,2011,29339,1058,6626,0,0,2882,35562,186,194,2888,35756,California
Santa Clara,2021-01-06,3336,39301,1968,31307,1368,7994,0,0,2759,37750,573,767,2761,38517,California
Santa Clara,2021-01-07,4222,43523,2562,33869,1660,9654,0,0,3150,39844,1062,1829,3156,41673,California
Santa Clara,2021-01-08,5854,49377,3824,37693,2030,11684,0,0,3794,41582,2056,3885,3794,45467,California
Santa Clara,2021-01-09,2979,52356,1869,39562,1110,12794,0,0,1689,41984,1290,5175,1692,47159,California
Santa Clara,2021-01-10,1958,54314,1514,41076,444,13238,0,0,748,41523,1209,6384,748,47907,California
Santa Clara,2021-01-11,5960,60274,3754,44830,2206,15444,0,0,3385,42339,2574,8958,3390,51297,California
Santa Clara,2021-01-12,6811,67085,3410,48240,3401,18845,0,0,4565,44660,2245,11203,4566,55863,California
Santa Clara,2021-01-13,7381,74466,3058,51298,4323,23168,0,0,5207,47696,2172,13375,5208,61071,California
Santa Clara,2021-01-14,8233,82699,2799,54097,5434,28602,0,0,6492,52454,1736,15111,6494,67565,California
Santa Clara,2021-01-15,9458,92157,2681,56778,6777,35379,0,0,8137,59279,1317,16428,8142,75707,California
Santa Clara,2021-01-16,4295,96452,1230,58008,3065,38444,0,0,3459,61906,832,17260,3459,79166,California
Santa Clara,2021-01-17,3213,99665,603,58611,2610,41054,0,0,2716,64125,497,17757,2716,81882,California
Santa Clara,2021-01-18,5096,104761,1157,59768,3939,44993,0,0,4541,68112,555,18312,4542,86424,California
Santa Clara,2021-01-19,8504,113265,2688,62456,5816,50809,0,0,6817,73248,1684,19996,6820,93244,California
Santa Clara,2021-01-20,8087,121352,4112,66568,3975,54784,0,0,6540,78246,1542,21538,6540,99784,California
Santa Clara,2021-01-21,8699,130051,3776,70344,4923,59707,0,0,7495,84541,1202,22740,7497,107281,California
Santa Clara,2021-01-22,8637,138688,3251,73595,5386,65093,0,0,8069,92046,567,23307,8072,115353,California
Santa Clara,2021-01-23,3781,142469,1686,75281,2095,67188,0,0,2822,93910,959,24266,2823,118176,California
Santa Clara,2021-01-24,2829,145298,1423,76704,1406,68594,0,0,2344,95772,482,24748,2344,120520,California
Santa Clara,2021-01-25,8399,153697,3800,80504,4599,73193,0,0,6326,100035,2065,26813,6328,126848,California
Santa Clara,2021-01-26,8253,161950,3779,84283,4474,77667,0,0,6136,104066,2107,28920,6138,132986,California
Santa Clara,2021-01-27,8719,170669,3831,88114,4888,82555,0,0,6799,108964,1902,30822,6800,139786,California
Santa Clara,2021-01-28,9498,180167,3817,91931,5681,88236,0,0,7536,114563,1941,32763,7540,147326,California
Santa Clara,2021-01-29,9520,189687,3949,95880,5571,93807,0,0,7346,119745,2165,34928,7347,154673,California
Santa Clara,2021-01-30,4157,193844,2071,97951,2086,95893,0,0,2949,121494,1201,36129,2950,157623,California
Santa Clara,2021-01-31,2176,196020,1306,99257,870,96763,0,0,1582,122486,590,36719,1582,159205,California
Santa Clara,2021-02-01,7857,203877,3513,102770,4344,101107,0,0,6150,126939,1699,38418,6152,165357,California
Santa Clara,2021-02-02,8547,212424,2878,105648,5669,106776,0,0,6549,131500,1991,40409,6552,171909,California
Santa Clara,2021-02-03,9210,221634,3490,109138,5720,112496,0,0,6923,136149,2280,42689,6929,178838,California
Santa Clara,2021-02-04,10950,232584,4143,113281,6807,119303,0,0,8659,142530,2281,44970,8662,187500,California
Santa Clara,2021-02-05,11942,244526,4352,117633,7590,126893,0,0,8483,147569,3445,48415,8484,195984,California
Santa Clara,2021-02-06,5206,249732,2826,120459,2380,129273,0,0,4036,150441,1166,49581,4038,200022,California
Santa Clara,2021-02-07,3480,253212,2348,122807,1132,130405,0,0,3026,153015,453,50034,3027,203049,California
Santa Clara,2021-02-08,10020,263232,3483,126290,6537,136942,0,0,7306,157621,2701,52735,7307,210356,California
Santa Clara,2021-02-09,11166,274398,3819,130109,7347,144289,0,0,7669,161808,3486,56221,7673,218029,California
Santa Clara,2021-02-10,12644,287042,4911,135020,7733,152022,0,0,6835,162846,5799,62020,6837,224866,California
Santa Clara,2021-02-11,13545,300587,4732,139752,8813,160835,0,0,7693,164703,5837,67857,7694,232560,California
Santa Clara,2021-02-12,14566,315153,4502,144254,10064,170899,0,0,6993,164145,7553,75410,6995,239555,California
Santa Clara,2021-02-13,6079,321232,1459,145713,4620,175519,0,0,2222,162519,3850,79260,2224,241779,California
Santa Clara,2021-02-14,4607,325839,1140,146853,3467,178986,0,0,1467,160850,3138,82398,1469,243248,California
Santa Clara,2021-02-15,6256,332095,2788,149641,3468,182454,0,0,2701,160003,3548,85946,2701,245949,California
Santa Clara,2021-02-16,13795,345890,4013,153654,9782,192236,0,0,6940,160105,6838,92784,6940,252889,California
Santa Clara,2021-02-17,14091,359981,5507,159161,8584,200820,0,0,7055,160147,7018,99802,7060,259949,California
Santa Clara,2021-02-18,14232,374213,8388,167549,5844,206664,0,0,7245,160448,6947,106749,7248,267197,California
Santa Clara,2021-02-19,14836,389049,9528,177077,5308,211972,0,0,8633,162898,6188,112937,8638,275835,California
Santa Clara,2021-02-20,6826,395875,5107,182184,1719,213691,0,0,3677,163436,3139,116076,3677,279512,California
Santa Clara,2021-02-21,3306,399181,2480,184664,826,214517,0,0,1216,162572,2082,118158,1218,280730,California
Santa Clara,2021-02-22,10179,409360,6096,190760,4083,218600,0,0,4728,161860,5441,123599,4729,285459,California
Santa Clara,2021-02-23,11922,421282,7738,198498,4184,222784,0,0,6769,163493,5140,128739,6773,292232,California
Santa Clara,2021-02-24,14173,435455,9129,207627,5044,227828,0,0,8769,166874,5388,134127,8769,301001,California
Santa Clara,2021-02-25,14649,450104,9274,216901,5375,233203,0,0,7904,168059,6723,140850,7908,308909,California
Santa Clara,2021-02-26,14592,464696,8453,225354,6139,239342,0,0,8019,169530,6551,147401,8022,316931,California
Santa Clara,2021-02-27,8060,472756,5521,230875,2538,241880,1,1,4478,170445,3571,150972,4486,321417,California
Santa Clara,2021-02-28,4736,477492,3081,233956,1655,243535,0,1,2211,170140,2516,153488,2211,323628,California
Santa Clara,2021-03-01,14109,491601,8009,241965,6097,249632,3,4,8738,173530,5351,158839,8741,332369,California
Santa Clara,2021-03-02,16045,507646,9528,251493,6516,256148,1,5,10262,178037,5757,164596,10264,342633,California
Santa Clara,2021-03-03,18468,526114,9074,260567,9391,265539,3,8,11467,182549,6963,171559,11475,354108,California
Santa Clara,2021-03-04,16479,542593,8975,269542,7501,273040,3,11,9588,185331,6811,178370,9593,363701,California
Santa Clara,2021-03-05,16593,559186,9228,278770,7239,280279,126,137,9210,187311,7361,185731,9341,373042,California
Santa Clara,2021-03-06,9425,568611,6314,285084,2673,282952,438,575,7088,192512,2324,188055,7525,380567,California
Santa Clara,2021-03-07,6802,575413,4471,289555,2098,285050,233,808,5424,196797,1370,189425,5655,386222,California
Santa Clara,2021-03-08,12895,588308,6732,296287,5600,290650,563,1371,8283,201049,4594,194019,8846,395068,California
Santa Clara,2021-03-09,15224,603532,6512,302799,7378,298028,1334,2705,6853,200878,8352,202371,8181,403249,California
Santa Clara,2021-03-10,15104,618636,6580,309379,6415,304443,2109,4814,6199,200285,8878,211249,8285,411534,California
Santa Clara,2021-03-11,17054,635690,7759,317138,7786,312229,1509,6323,6044,196842,10982,222231,7539,419073,California
Santa Clara,2021-03-12,17690,653380,9101,326239,7015,319244,1574,7897,5977,192701,11674,233905,7533,426606,California
Santa Clara,2021-03-13,10747,664127,6229,332468,3023,322267,1495,9392,4823,193095,5901,239806,6295,432901,California
Santa Clara,2021-03-14,6512,670639,3373,335841,1833,324100,1306,10698,3175,194245,3320,243126,4470,437371,California
Santa Clara,2021-03-15,12778,683417,6532,342373,5975,330075,271,10969,5992,193745,6763,249889,6263,443634,California
Santa Clara,2021-03-16,18192,701609,10295,352668,7688,337763,209,11178,8813,193414,9350,259239,9019,452653,California
Santa Clara,2021-03-17,19904,721513,11274,363942,8461,346224,169,11347,10287,194298,9566,268805,10450,463103,California
Santa Clara,2021-03-18,19074,740587,8935,372877,8975,355199,1164,12511,9091,194617,9928,278733,10247,473350,California
Santa Clara,2021-03-19,19274,759861,9928,382805,8343,363542,1003,13514,10005,196405,9210,287943,10998,484348,California
Santa Clara,2021-03-20,11509,771370,6345,389150,4337,367879,827,14341,6766,199281,4714,292657,7590,491938,California
Santa Clara,2021-03-21,8304,779674,3770,392920,3135,371014,1399,15740,5570,203514,2722,295379,6955,498893,California
Santa Clara,2021-03-22,16316,795990,9113,402033,6854,377868,349,16089,9303,206180,6985,302364,9651,508544,California
Santa Clara,2021-03-23,19233,815223,12232,414265,6480,384348,521,16610,11173,209862,8013,310377,11695,520239,California
Santa Clara,2021-03-24,22594,837817,14560,428825,7621,391969,413,17023,14658,217041,7894,318271,15073,535312,California
Santa Clara,2021-03-25,22934,860751,13149,441974,8805,400774,980,18003,14788,224711,8084,326355,15754,551066,California
Santa Clara,2021-03-26,21930,882681,13975,455949,7569,408343,386,18389,13516,230230,8377,334732,13896,564962,California
Santa Clara,2021-03-27,15699,898380,10453,466402,4478,412821,768,19157,8419,232177,7238,341970,9185,574147,California
Santa Clara,2021-03-28,12052,910432,8353,474755,2986,415807,713,19870,6471,233801,5556,347526,7180,581327,California
Santa Clara,2021-03-29,20581,931013,12624,487379,7230,423037,727,20597,11162,236304,9378,356904,11881,593208,California
Santa Clara,2021-03-30,25622,956635,15253,502632,8426,431463,1943,22540,16149,244953,9437,366341,18086,611294,California
Santa Clara,2021-03-31,20492,977127,11904,514536,7458,438921,1130,23670,12613,250846,7839,374180,13732,625026,California
Santa Clara,2021-04-01,31819,1008946,19851,534387,8909,447830,3059,26729,20127,262385,11626,385806,23165,648191,California
Santa Clara,2021-04-02,25186,1034132,14344,548731,8674,456504,2168,28897,16457,272310,8689,394495,18614,666805,California
Santa Clara,2021-04-03,15285,1049417,9263,557994,3505,460009,2517,31414,8498,276545,6767,401262,11002,677807,California
Santa Clara,2021-04-04,7644,1057061,4040,562034,2436,462445,1168,32582,3977,278029,3655,404917,5139,682946,California
Santa Clara,2021-04-05,21874,1078935,14572,576606,4826,467271,2476,35058,14284,287215,7564,412481,16750,699696,California
Santa Clara,2021-04-06,29548,1108483,16282,592888,7816,475087,5450,40508,17751,298648,11753,424234,23186,722882,California
Santa Clara,2021-04-07,30859,1139342,15931,608819,8436,483523,6492,47000,18842,312001,11964,436198,25317,748199,California
Santa Clara,2021-04-08,29892,1169234,16336,625155,5974,489497,7582,54582,16297,322322,13527,449725,23848,772047,California
Santa Clara,2021-04-09,27995,1197229,13865,639020,6881,496378,7249,61831,14315,330236,13624,463349,21538,793585,California
Santa Clara,2021-04-10,21377,1218606,12342,651362,3751,500129,5284,67115,11420,336968,9926,473275,16658,810243,California
Santa Clara,2021-04-11,15957,1234563,9567,660929,2645,502774,3745,70860,8278,341322,7649,480924,12003,822246,California
Santa Clara,2021-04-12,26787,1261350,18852,679781,5512,508286,2423,73283,18267,353529,8469,489393,20676,842922,California
Santa Clara,2021-04-13,34241,1295591,26950,706731,7262,515548,29,73312,26421,372254,7745,497138,26470,869392,California
Santa Clara,2021-04-14,36746,1332337,27854,734585,8888,524436,4,73316,26133,387868,10549,507687,26163,895555,California
Santa Clara,2021-04-15,44005,1376342,34137,768722,9866,534302,2,73318,33934,411860,9966,517653,33958,929513,California
Santa Clara,2021-04-16,38334,1414676,26273,794995,12059,546361,2,73320,27509,428631,10764,528417,27535,957048,California
Santa Clara,2021-04-17,21944,1436620,15006,810001,6936,553297,2,73322,15058,436865,6841,535258,15075,972123,California
Santa Clara,2021-04-18,16386,1453006,10661,820662,5725,559022,0,73322,10248,441012,6112,541370,10259,982382,California
Santa Clara,2021-04-19,28810,1481816,20860,841522,7949,566971,1,73323,17250,446802,11490,552860,17280,999662,California
Santa Clara,2021-04-20,36890,1518706,22452,863974,14437,581408,1,73324,22540,455128,14245,567105,22571,1022233,California
Santa Clara,2021-04-21,36785,1555491,21342,885316,15441,596849,2,73326,24361,467187,12335,579440,24394,1046627,California
Santa Clara,2021-04-22,37213,1592704,24820,910136,12392,609241,1,73327,17611,465358,19506,598946,17677,1064304,California
Santa Clara,2021-04-23,31994,1624698,19459,929595,12534,621775,1,73328,15062,463636,16835,615781,15113,1079417,California
Santa Clara,2021-04-24,21090,1645788,15442,945037,5647,627422,1,73329,11977,466599,9042,624823,12005,1091422,California
Santa Clara,2021-04-25,13580,1659368,9817,954854,3756,631178,7,73336,8672,470433,4867,629690,8701,1100123,California
Santa Clara,2021-04-26,24241,1683609,18951,973805,5232,636410,58,73394,10120,466606,14029,643719,10202,1110325,California
Santa Clara,2021-04-27,26674,1710283,19258,993063,7127,643537,289,73683,11709,463766,14875,658594,12035,1122360,California
Santa Clara,2021-04-28,25295,1735578,18656,1011719,6202,649739,437,74120,10412,459869,14803,673397,10906,1133266,California
Santa Clara,2021-04-29,23160,1758738,16823,1028542,5940,655679,397,74517,8351,453939,14741,688138,8811,1142077,California
Santa Clara,2021-04-30,22942,1781680,15716,1044258,6862,662541,364,74881,9755,451029,13101,701239,10191,1152268,California
Santa Clara,2021-05-01,17439,1799119,14505,1058763,2674,665215,260,75141,5493,444925,11898,713137,5794,1158062,California
Santa Clara,2021-05-02,11283,1810402,9360,1068123,1693,666908,230,75371,3497,440930,7744,720881,3749,1161811,California
Santa Clara,2021-05-03,22797,1833199,19374,1087497,2991,669899,432,75803,5147,428962,17581,738462,5613,1167424,California
Santa Clara,2021-05-04,30540,1863739,23911,1111408,6089,675988,540,76343,5493,410084,24951,763413,6073,1173497,California
Santa Clara,2021-05-05,32170,1895909,24457,1135865,7170,683158,543,76886,5440,389457,26633,790046,6006,1179503,California
Santa Clara,2021-05-06,35363,1931272,29476,1165341,5412,688570,475,77361,4678,364073,30556,820602,5172,1184675,California
Santa Clara,2021-05-07,32498,1963770,26149,1191490,5859,694429,490,77851,4642,341519,27726,848328,5172,1189847,California
Santa Clara,2021-05-08,16444,1980214,13376,1204866,2645,697074,423,78274,3478,332555,12881,861209,3917,1193764,California
Santa Clara,2021-05-09,10318,1990532,8950,1213816,1181,698255,187,78461,2449,327371,7833,869042,2649,1196413,California
Santa Clara,2021-05-10,20751,2011283,16631,1230447,3720,701975,400,78861,2733,312586,17938,886980,3153,1199566,California
Santa Clara,2021-05-11,21635,2032918,16273,1246720,4946,706921,416,79277,3900,299263,17646,904626,4323,1203889,California
Santa Clara,2021-05-12,20151,2053069,14777,1261497,4911,711832,463,79740,4170,288009,15901,920527,4647,1208536,California
Santa Clara,2021-05-13,26898,2079967,21903,1283400,4703,716535,292,80032,10690,282870,16127,936654,10988,1219524,California
Santa Clara,2021-05-14,27195,2107162,18904,1302304,7909,724444,382,80414,9330,274817,17774,954428,9721,1229245,California
Santa Clara,2021-05-15,20254,2127416,16187,1318491,3787,728231,280,80694,7796,270518,12382,966810,8083,1237328,California
Santa Clara,2021-05-16,15278,2142694,12279,1330770,2822,731053,177,80871,4926,265349,10274,977084,5105,1242433,California
Santa Clara,2021-05-17,19817,2162511,15527,1346297,3927,734980,363,81234,6780,259533,12964,990048,7148,1249581,California
Santa Clara,2021-05-18,25461,2187972,16039,1362336,9004,743984,418,81652,7211,249046,18113,1008161,7626,1257207,California
Santa Clara,2021-05-19,23965,2211937,13865,1376201,9732,753716,368,82020,7866,241292,15995,1024156,8241,1265448,California
Santa Clara,2021-05-20,16556,2228493,11061,1387262,5109,758825,386,82406,5917,237024,10568,1034724,6300,1271748,California
Santa Clara,2021-05-21,20408,2248901,13733,1400995,6238,765063,437,82843,6939,231023,13389,1048113,7388,1279136,California
Santa Clara,2021-05-22,11290,2260191,8788,1409783,2214,767277,288,83131,4807,229692,6429,1054542,5098,1284234,California
Santa Clara,2021-05-23,6722,2266913,5199,1414982,1375,768652,148,83279,2451,228056,4239,1058781,2603,1286837,California
Santa Clara,2021-05-24,10115,2277028,7124,1422106,2544,771196,447,83726,3637,225723,6416,1065197,4083,1290920,California
Santa Clara,2021-05-25,10872,2287900,7392,1429498,3065,774261,415,84141,4287,223903,6524,1071721,4704,1295624,California
Santa Clara,2021-05-26,9821,2297721,6553,1436051,2972,777233,296,84437,3940,222312,5822,1077543,4231,1299855,California
Santa Clara,2021-05-27,8588,2306309,5478,1441529,2683,779916,427,84864,3391,220991,5136,1082679,3815,1303670,California
Santa Clara,2021-05-28,6916,2313225,4145,1445674,2515,782431,256,85120,2459,219285,4423,1087102,2717,1306387,California
Santa Cruz,2020-12-15,2,2,2,2,0,0,0,0,2,2,0,0,2,2,California
Santa Cruz,2020-12-16,58,60,58,60,0,0,0,0,58,60,0,0,58,60,California
Santa Cruz,2020-12-17,391,451,391,451,0,0,0,0,391,451,0,0,391,451,California
Santa Cruz,2020-12-18,463,914,463,914,0,0,0,0,463,914,0,0,463,914,California
Santa Cruz,2020-12-19,179,1093,178,1092,1,1,0,0,179,1093,0,0,179,1093,California
Santa Cruz,2020-12-20,96,1189,96,1188,0,1,0,0,96,1189,0,0,96,1189,California
Santa Cruz,2020-12-21,437,1626,437,1625,0,1,0,0,437,1626,0,0,437,1626,California
Santa Cruz,2020-12-22,416,2042,415,2040,1,2,0,0,416,2042,0,0,416,2042,California
Santa Cruz,2020-12-23,369,2411,326,2366,43,45,0,0,369,2411,0,0,369,2411,California
Santa Cruz,2020-12-24,126,2537,50,2416,76,121,0,0,126,2537,0,0,126,2537,California
Santa Cruz,2020-12-25,12,2549,12,2428,0,121,0,0,12,2549,0,0,12,2549,California
Santa Cruz,2020-12-26,66,2615,47,2475,19,140,0,0,66,2615,0,0,66,2615,California
Santa Cruz,2020-12-27,32,2647,27,2502,5,145,0,0,32,2647,0,0,32,2647,California
Santa Cruz,2020-12-28,487,3134,108,2610,379,524,0,0,487,3134,0,0,487,3134,California
Santa Cruz,2020-12-29,790,3924,366,2976,424,948,0,0,790,3924,0,0,790,3924,California
Santa Cruz,2020-12-30,354,4278,163,3139,191,1139,0,0,354,4278,0,0,354,4278,California
Santa Cruz,2020-12-31,312,4590,11,3150,301,1440,0,0,312,4590,0,0,312,4590,California
Santa Cruz,2021-01-01,33,4623,1,3151,32,1472,0,0,33,4623,0,0,33,4623,California
Santa Cruz,2021-01-02,68,4691,54,3205,14,1486,0,0,68,4691,0,0,68,4691,California
Santa Cruz,2021-01-03,15,4706,7,3212,8,1494,0,0,15,4706,0,0,15,4706,California
Santa Cruz,2021-01-04,281,4987,124,3336,157,1651,0,0,279,4985,0,0,279,4985,California
Santa Cruz,2021-01-05,565,5552,429,3765,136,1787,0,0,263,4946,302,302,263,5248,California
Santa Cruz,2021-01-06,799,6351,667,4432,132,1919,0,0,460,5068,338,640,460,5708,California
Santa Cruz,2021-01-07,538,6889,214,4646,324,2243,0,0,382,5295,156,796,383,6091,California
Santa Cruz,2021-01-08,931,7820,559,5205,372,2615,0,0,485,5335,446,1242,486,6577,California
Santa Cruz,2021-01-09,462,8282,123,5328,339,2954,0,0,408,5689,54,1296,408,6985,California
Santa Cruz,2021-01-10,78,8360,70,5398,8,2962,0,0,20,5651,58,1354,20,7005,California
Santa Cruz,2021-01-11,716,9076,585,5983,131,3093,0,0,186,5308,530,1884,187,7192,California
Santa Cruz,2021-01-12,718,9794,518,6501,200,3293,0,0,479,5548,239,2123,479,7671,California
Santa Cruz,2021-01-13,520,10314,227,6728,293,3586,0,0,438,5907,79,2202,438,8109,California
Santa Cruz,2021-01-14,549,10863,103,6831,446,4032,0,0,483,6324,66,2268,483,8592,California
Santa Cruz,2021-01-15,1452,12315,75,6906,1377,5409,0,0,1388,7650,64,2332,1390,9982,California
Santa Cruz,2021-01-16,424,12739,52,6958,372,5781,0,0,405,8036,19,2351,405,10387,California
Santa Cruz,2021-01-17,296,13035,41,6999,255,6036,0,0,271,8282,25,2376,271,10658,California
Santa Cruz,2021-01-18,1004,14039,104,7103,900,6936,0,0,943,9164,61,2437,943,11601,California
Santa Cruz,2021-01-19,1610,15649,520,7623,1090,8026,0,0,1261,10079,347,2784,1262,12863,California
Santa Cruz,2021-01-20,1234,16883,181,7804,1053,9079,0,0,1037,10922,194,2978,1037,13900,California
Santa Cruz,2021-01-21,1691,18574,198,8002,1493,10572,0,0,1582,12397,109,3087,1584,15484,California
Santa Cruz,2021-01-22,1783,20357,525,8527,1258,11830,0,0,1680,13978,100,3187,1681,17165,California
Santa Cruz,2021-01-23,396,20753,144,8671,252,12082,0,0,338,14259,57,3244,338,17503,California
Santa Cruz,2021-01-24,115,20868,19,8690,96,12178,0,0,97,14338,18,3262,97,17600,California
Santa Cruz,2021-01-25,1059,21927,359,9049,700,12878,0,0,553,14385,506,3768,553,18153,California
Santa Cruz,2021-01-26,1688,23615,247,9296,1441,14319,0,0,1180,15057,508,4276,1180,19333,California
Santa Cruz,2021-01-27,1643,25258,445,9741,1198,15517,0,0,1260,15936,381,4657,1260,20593,California
Santa Cruz,2021-01-28,1739,26997,289,10030,1450,16967,0,0,1462,17122,277,4934,1463,22056,California
Santa Cruz,2021-01-29,1725,28722,487,10517,1238,18205,0,0,1596,18590,128,5062,1596,23652,California
Santa Cruz,2021-01-30,1054,29776,310,10827,744,18949,0,0,920,19376,134,5196,920,24572,California
Santa Cruz,2021-01-31,222,29998,113,10940,109,19058,0,0,208,19570,14,5210,208,24780,California
Santa Cruz,2021-02-01,1219,31217,748,11688,471,19529,0,0,824,19999,395,5605,824,25604,California
Santa Cruz,2021-02-02,992,32209,125,11813,867,20396,0,0,840,20688,151,5756,840,26444,California
Santa Cruz,2021-02-03,2215,34424,956,12769,1259,21655,0,0,1903,22282,309,6065,1903,28347,California
Santa Cruz,2021-02-04,1840,36264,767,13536,1073,22728,0,0,1502,23447,337,6402,1502,29849,California
Santa Cruz,2021-02-05,3140,39404,778,14314,2362,25090,0,0,2822,25952,317,6719,2822,32671,California
Santa Cruz,2021-02-06,2567,41971,160,14474,2407,27497,0,0,2223,27831,344,7063,2223,34894,California
Santa Cruz,2021-02-07,904,42875,122,14596,782,28279,0,0,887,28701,17,7080,887,35781,California
Santa Cruz,2021-02-08,702,43577,201,14797,501,28780,0,0,507,29014,194,7274,507,36288,California
Santa Cruz,2021-02-09,2357,45934,1050,15847,1307,30087,0,0,2091,30839,266,7540,2091,38379,California
Santa Cruz,2021-02-10,2180,48114,575,16422,1605,31692,0,0,1481,31632,689,8229,1482,39861,California
Santa Cruz,2021-02-11,1826,49940,309,16731,1517,33209,0,0,1312,32432,512,8741,1312,41173,California
Santa Cruz,2021-02-12,3199,53139,415,17146,2784,35993,0,0,1795,32834,1395,10136,1797,42970,California
Santa Cruz,2021-02-13,1699,54838,123,17269,1576,37569,0,0,1287,33709,412,10548,1287,44257,California
Santa Cruz,2021-02-14,1400,56238,71,17340,1329,38898,0,0,1136,34581,264,10812,1136,45393,California
Santa Cruz,2021-02-15,1568,57806,280,17620,1288,40186,0,0,562,34138,1006,11818,563,45956,California
Santa Cruz,2021-02-16,1680,59486,204,17824,1476,41662,0,0,525,33530,1133,12951,525,46481,California
Santa Cruz,2021-02-17,2901,62387,970,18794,1931,43593,0,0,1206,33057,1682,14633,1209,47690,California
Santa Cruz,2021-02-18,2861,65248,631,19425,2230,45823,0,0,1231,32662,1626,16259,1231,48921,California
Santa Cruz,2021-02-19,3239,68487,1133,20558,2106,47929,0,0,1995,33416,1241,17500,1995,50916,California
Santa Cruz,2021-02-20,2372,70859,1490,22048,882,48811,0,0,1877,34798,495,17995,1877,52793,California
Santa Cruz,2021-02-21,836,71695,369,22417,467,49278,0,0,707,35379,127,18122,708,53501,California
Santa Cruz,2021-02-22,1243,72938,955,23372,288,49566,0,0,528,35194,713,18835,528,54029,California
Santa Cruz,2021-02-23,2093,75031,933,24305,1160,50726,0,0,706,34514,1386,20221,706,54735,California
Santa Cruz,2021-02-24,3168,78199,1655,25960,1513,52239,0,0,1202,33755,1961,22182,1202,55937,California
Santa Cruz,2021-02-25,3208,81407,1416,27376,1792,54031,0,0,1766,34088,1434,23616,1767,57704,California
Santa Cruz,2021-02-26,2707,84114,759,28135,1948,55979,0,0,1541,34469,1162,24778,1543,59247,California
Santa Cruz,2021-02-27,2621,86735,931,29066,1690,57669,0,0,1826,35502,793,25571,1826,61073,California
Santa Cruz,2021-02-28,1286,88021,358,29424,928,58597,0,0,1074,36367,209,25780,1074,62147,California
Santa Cruz,2021-03-01,1820,89841,1249,30673,571,59168,0,0,687,35923,1131,26911,687,62834,California
Santa Cruz,2021-03-02,1536,91377,364,31037,1172,60340,0,0,873,36138,661,27572,876,63710,California
Santa Cruz,2021-03-03,2349,93726,633,31670,1716,62056,0,0,1288,36368,1058,28630,1288,64998,California
Santa Cruz,2021-03-04,2995,96721,1410,33080,1584,63640,1,1,2025,37436,959,29589,2027,67025,California
Santa Cruz,2021-03-05,2612,99333,489,33569,2105,65745,18,19,1138,37121,1471,31060,1156,68181,California
Santa Cruz,2021-03-06,3838,103171,1336,34905,2400,68145,102,121,2141,37666,1697,32757,2242,70423,California
Santa Cruz,2021-03-07,1341,104512,128,35033,1142,69287,71,192,556,37509,784,33541,627,71050,California
Santa Cruz,2021-03-08,1089,105601,222,35255,738,70025,129,321,657,37863,432,33973,786,71836,California
Santa Cruz,2021-03-09,1777,107378,262,35517,1367,71392,148,469,708,37653,1066,35039,856,72692,California
Santa Cruz,2021-03-10,3847,111225,2086,37603,1615,73007,146,615,2001,37958,1844,36883,2149,74841,California
Santa Cruz,2021-03-11,2787,114012,1213,38816,1402,74409,172,787,1539,38424,1247,38130,1713,76554,California
Santa Cruz,2021-03-12,2744,116756,882,39698,1570,75979,292,1079,915,37804,1825,39955,1205,77759,California
Santa Cruz,2021-03-13,2303,119059,1325,41023,936,76915,42,1121,1176,37900,1124,41079,1220,78979,California
Santa Cruz,2021-03-14,897,119956,212,41235,671,77586,14,1135,428,37874,467,41546,441,79420,California
Santa Cruz,2021-03-15,1333,121289,474,41709,824,78410,35,1170,573,37727,756,42302,609,80029,California
Santa Cruz,2021-03-16,2307,123596,1090,42799,1177,79587,40,1210,1337,38137,966,43268,1376,81405,California
Santa Cruz,2021-03-17,3942,127538,2322,45121,1610,81197,10,1220,2599,39411,1338,44606,2612,84017,California
Santa Cruz,2021-03-18,3848,131386,2072,47193,1658,82855,118,1338,2059,39802,1786,46392,2177,86194,California
Santa Cruz,2021-03-19,3372,134758,1318,48511,1830,84685,224,1562,1759,40176,1608,48000,1982,88176,California
Santa Cruz,2021-03-20,2161,136919,1613,50124,512,85197,36,1598,1086,40225,1073,49073,1122,89298,California
Santa Cruz,2021-03-21,820,137739,440,50564,258,85455,122,1720,438,40406,380,49453,561,89859,California
Santa Cruz,2021-03-22,1364,139103,845,51409,497,85952,22,1742,941,40950,420,49873,964,90823,California
Santa Cruz,2021-03-23,2549,141652,1432,52841,1067,87019,50,1792,1685,41824,861,50734,1735,92558,California
Santa Cruz,2021-03-24,3099,144751,2111,54952,967,87986,21,1813,2066,42883,1027,51761,2086,94644,California
Santa Cruz,2021-03-25,2637,147388,1323,56275,1277,89263,37,1850,1345,42980,1285,53046,1382,96026,California
Santa Cruz,2021-03-26,3120,150508,1812,58087,1281,90544,27,1877,2146,44185,967,54013,2172,98198,California
Santa Cruz,2021-03-27,3208,153716,2002,60089,1181,91725,25,1902,1508,44029,1690,55703,1534,99732,California
Santa Cruz,2021-03-28,935,154651,577,60666,344,92069,14,1916,493,44098,438,56141,507,100239,California
Santa Cruz,2021-03-29,1986,156637,878,61544,1040,93109,68,1984,1286,44755,697,56838,1354,101593,California
Santa Cruz,2021-03-30,2692,159329,812,62356,1723,94832,157,2141,1712,45647,977,57815,1869,103462,California
Santa Cruz,2021-03-31,4174,163503,2833,65189,1293,96125,48,2189,2198,45922,1971,59786,2246,105708,California
Santa Cruz,2021-04-01,4049,167552,2166,67355,1775,97900,108,2297,2051,46090,1991,61777,2159,107867,California
Santa Cruz,2021-04-02,3290,170842,1425,68780,1687,99587,178,2475,1888,46757,1399,63176,2066,109933,California
Santa Cruz,2021-04-03,2249,173091,1226,70006,889,100476,134,2609,887,46417,1360,64536,1020,110953,California
Santa Cruz,2021-04-04,937,174028,489,70495,392,100868,56,2665,552,46640,385,64921,608,111561,California
Santa Cruz,2021-04-05,2270,176298,790,71285,1312,102180,168,2833,1405,47350,864,65785,1574,113135,California
Santa Cruz,2021-04-06,3398,179696,1650,72935,1368,103548,380,3213,1969,48276,1418,67203,2344,115479,California
Santa Cruz,2021-04-07,4173,183869,1635,74570,2176,105724,362,3575,1812,48099,2358,69561,2181,117660,California
Santa Cruz,2021-04-08,4273,188142,2347,76917,1411,107135,515,4090,2526,49402,1738,71299,3041,120701,California
Santa Cruz,2021-04-09,3705,191847,1510,78427,1795,108930,400,4490,2093,50293,1606,72905,2497,123198,California
Santa Cruz,2021-04-10,2254,194101,1082,79509,921,109851,251,4741,1056,50406,1194,74099,1307,124505,California
Santa Cruz,2021-04-11,990,195091,515,80024,383,110234,92,4833,476,50460,514,74613,568,125073,California
Santa Cruz,2021-04-12,2291,197382,821,80845,1046,111280,424,5257,1098,50802,1179,75792,1521,126594,California
Santa Cruz,2021-04-13,2883,200265,1446,82291,1435,112715,2,5259,1623,51173,1254,77046,1625,128219,California
Santa Cruz,2021-04-14,4602,204867,2242,84533,2360,115075,0,5259,2245,51070,2350,79396,2247,130466,California
Santa Cruz,2021-04-15,5003,209870,3192,87725,1811,116886,0,5259,3159,52396,1833,81229,3159,133625,California
Santa Cruz,2021-04-16,4486,214356,2485,90210,1999,118885,2,5261,2438,52797,2040,83269,2441,136066,California
Santa Cruz,2021-04-17,2247,216603,889,91099,1358,120243,0,5261,1495,53542,750,84019,1495,137561,California
Santa Cruz,2021-04-18,1057,217660,510,91609,546,120789,1,5262,586,53660,469,84488,587,138148,California
Santa Cruz,2021-04-19,2536,220196,1516,93125,1019,121808,1,5263,1609,54345,924,85412,1609,139757,California
Santa Cruz,2021-04-20,3133,223329,1668,94793,1465,123273,0,5263,1794,54810,1330,86742,1795,141552,California
Santa Cruz,2021-04-21,4257,227586,2848,97641,1409,124682,0,5263,2310,55191,1929,88671,2310,143862,California
Santa Cruz,2021-04-22,4308,231894,2905,100546,1403,126085,0,5263,2420,55732,1879,90550,2420,146282,California
Santa Cruz,2021-04-23,3197,235091,1734,102280,1462,127547,1,5264,1390,55324,1798,92348,1390,147672,California
Santa Cruz,2021-04-24,2242,237333,1086,103366,1153,128700,3,5267,702,54500,1529,93877,705,148377,California
Santa Cruz,2021-04-25,1090,238423,696,104062,382,129082,12,5279,450,54329,632,94509,461,148838,California
Santa Cruz,2021-04-26,1895,240318,931,104993,950,130032,14,5293,751,53961,1134,95643,766,149604,California
Santa Cruz,2021-04-27,2807,243125,881,105874,1859,131891,67,5360,1402,54031,1399,97042,1469,151073,California
Santa Cruz,2021-04-28,3411,246536,1888,107762,1446,133337,77,5437,1791,54287,1609,98651,1865,152938,California
Santa Cruz,2021-04-29,3707,250243,2459,110221,1185,134522,63,5500,1280,53215,2416,101067,1344,154282,California
Santa Cruz,2021-04-30,2383,252626,1209,111430,1130,135652,44,5544,1020,52924,1355,102422,1064,155346,California
Santa Cruz,2021-05-01,1285,253911,1019,112449,233,135885,33,5577,598,52870,685,103107,631,155977,California
Santa Cruz,2021-05-02,640,254551,455,112904,160,136045,25,5602,213,52682,427,103534,239,156216,California
Santa Cruz,2021-05-03,1926,256477,993,113897,866,136911,67,5669,660,52155,1255,104789,728,156944,California
Santa Cruz,2021-05-04,2686,259163,1563,115460,1053,137964,70,5739,868,51277,1814,106603,936,157880,California
Santa Cruz,2021-05-05,2766,261929,1378,116838,1316,139280,72,5811,732,50092,1993,108596,808,158688,California
Santa Cruz,2021-05-06,3838,265767,2445,119283,1174,140454,219,6030,855,48198,2965,111561,1071,159759,California
Santa Cruz,2021-05-07,2751,268518,1247,120530,1422,141876,82,6112,433,46401,2313,113874,516,160275,California
Santa Cruz,2021-05-08,1367,269885,687,121217,652,142528,28,6140,387,45838,980,114854,417,160692,California
Santa Cruz,2021-05-09,509,270394,327,121544,159,142687,23,6163,152,45659,354,115208,175,160867,California
Santa Cruz,2021-05-10,2029,272423,1220,122764,744,143431,65,6228,412,44528,1608,116816,477,161344,California
Santa Cruz,2021-05-11,2300,274723,1304,124068,917,144348,79,6307,643,43597,1652,118468,721,162065,California
Santa Cruz,2021-05-12,3020,277743,1293,125361,1653,146001,74,6381,525,41710,2487,120955,600,162665,California
Santa Cruz,2021-05-13,3696,281439,2538,127899,1069,147070,89,6470,1311,40731,2381,123336,1402,164067,California
Santa Cruz,2021-05-14,2859,284298,1612,129511,1207,148277,40,6510,1119,40161,1732,125068,1162,165229,California
Santa Cruz,2021-05-15,2295,286593,1330,130841,953,149230,12,6522,1119,40119,1173,126241,1131,166360,California
Santa Cruz,2021-05-16,723,287316,374,131215,328,149558,21,6543,206,39831,516,126757,228,166588,California
Santa Cruz,2021-05-17,1527,288843,807,132022,649,150207,71,6614,591,39558,935,127692,662,167250,California
Santa Cruz,2021-05-18,2299,291142,1426,133448,850,151057,23,6637,1168,39626,1123,128815,1191,168441,California
Santa Cruz,2021-05-19,2930,294072,1716,135164,1181,152238,33,6670,1200,39137,1722,130537,1233,169674,California
Santa Cruz,2021-05-20,2683,296755,1955,137119,588,152826,140,6810,1222,39051,1454,131991,1368,171042,California
Santa Cruz,2021-05-21,1380,298135,733,137852,558,153384,89,6899,527,38819,849,132840,617,171659,California
Santa Cruz,2021-05-22,1422,299557,1199,139051,215,153599,8,6907,537,38482,882,133722,545,172204,California
Santa Cruz,2021-05-23,215,299772,167,139218,33,153632,15,6922,91,38467,121,133843,106,172310,California
Santa Cruz,2021-05-24,1171,300943,670,139888,422,154054,79,7001,357,38098,803,134646,434,172744,California
Santa Cruz,2021-05-25,2217,303160,1247,141135,929,154983,41,7042,504,37080,1562,136208,544,173288,California
Santa Cruz,2021-05-26,1649,304809,735,141870,872,155855,42,7084,497,36482,1138,137346,540,173828,California
Santa Cruz,2021-05-27,1222,306031,652,142522,488,156343,82,7166,466,36280,750,138096,548,174376,California
Santa Cruz,2021-05-28,361,306392,169,142691,181,156524,11,7177,127,36190,228,138324,138,174514,California
Shasta,2020-12-16,131,131,131,131,0,0,0,0,131,131,0,0,131,131,California
Shasta,2020-12-17,420,551,420,551,0,0,0,0,420,551,0,0,420,551,California
Shasta,2020-12-18,166,717,166,717,0,0,0,0,166,717,0,0,166,717,California
Shasta,2020-12-19,1,718,1,718,0,0,0,0,1,718,0,0,1,718,California
Shasta,2020-12-21,79,797,79,797,0,0,0,0,79,797,0,0,79,797,California
Shasta,2020-12-22,192,989,187,984,5,5,0,0,192,989,0,0,192,989,California
Shasta,2020-12-23,174,1163,170,1154,4,9,0,0,174,1163,0,0,174,1163,California
Shasta,2020-12-24,18,1181,18,1172,0,9,0,0,18,1181,0,0,18,1181,California
Shasta,2020-12-26,4,1185,1,1173,3,12,0,0,4,1185,0,0,4,1185,California
Shasta,2020-12-27,1,1186,0,1173,1,13,0,0,1,1186,0,0,1,1186,California
Shasta,2020-12-28,40,1226,31,1204,9,22,0,0,40,1226,0,0,40,1226,California
Shasta,2020-12-29,186,1412,185,1389,1,23,0,0,186,1412,0,0,186,1412,California
Shasta,2020-12-30,178,1590,168,1557,10,33,0,0,178,1590,0,0,178,1590,California
Shasta,2020-12-31,83,1673,2,1559,81,114,0,0,83,1673,0,0,83,1673,California
Shasta,2021-01-02,2,1675,0,1559,2,116,0,0,2,1675,0,0,2,1675,California
Shasta,2021-01-03,1,1676,1,1560,0,116,0,0,1,1676,0,0,1,1676,California
Shasta,2021-01-04,372,2048,306,1866,66,182,0,0,373,2049,0,0,373,2049,California
Shasta,2021-01-05,335,2383,314,2180,21,203,0,0,253,2220,82,82,253,2302,California
Shasta,2021-01-06,466,2849,395,2575,71,274,0,0,203,2161,262,344,203,2505,California
Shasta,2021-01-07,125,2974,36,2611,89,363,0,0,104,2244,21,365,104,2609,California
Shasta,2021-01-08,525,3499,448,3059,77,440,0,0,317,2353,208,573,317,2926,California
Shasta,2021-01-09,73,3572,64,3123,9,449,0,0,71,2422,2,575,71,2997,California
Shasta,2021-01-10,5,3577,0,3123,5,454,0,0,4,2426,1,576,5,3002,California
Shasta,2021-01-11,405,3982,184,3307,221,675,0,0,370,2761,35,611,370,3372,California
Shasta,2021-01-12,487,4469,330,3637,157,832,0,0,312,2898,175,786,312,3684,California
Shasta,2021-01-13,599,5068,267,3904,332,1164,0,0,430,3159,169,955,430,4114,California
Shasta,2021-01-14,501,5569,52,3956,449,1613,0,0,483,3624,18,973,483,4597,California
Shasta,2021-01-15,686,6255,134,4090,552,2165,0,0,684,4306,2,975,684,5281,California
Shasta,2021-01-16,897,7152,54,4144,843,3008,0,0,894,5197,3,978,894,6175,California
Shasta,2021-01-17,27,7179,6,4150,21,3029,0,0,23,5216,4,982,23,6198,California
Shasta,2021-01-18,598,7777,128,4278,470,3499,0,0,590,5798,8,990,590,6788,California
Shasta,2021-01-19,1058,8835,398,4676,660,4159,0,0,910,6560,148,1138,910,7698,California
Shasta,2021-01-20,681,9516,413,5089,268,4427,0,0,494,6872,182,1320,494,8192,California
Shasta,2021-01-21,633,10149,280,5369,353,4780,0,0,610,7459,23,1343,610,8802,California
Shasta,2021-01-22,447,10596,173,5542,274,5054,0,0,441,7894,6,1349,441,9243,California
Shasta,2021-01-23,68,10664,5,5547,63,5117,0,0,67,7960,1,1350,67,9310,California
Shasta,2021-01-24,25,10689,2,5549,23,5140,0,0,24,7983,1,1351,24,9334,California
Shasta,2021-01-25,750,11439,491,6040,259,5399,0,0,464,8162,285,1636,464,9798,California
Shasta,2021-01-26,709,12148,333,6373,376,5775,0,0,475,8405,232,1868,475,10273,California
Shasta,2021-01-27,459,12607,179,6552,280,6055,0,0,410,8766,49,1917,410,10683,California
Shasta,2021-01-28,887,13494,576,7128,311,6366,0,0,665,9209,222,2139,665,11348,California
Shasta,2021-01-29,833,14327,332,7460,501,6867,0,0,643,9663,190,2329,644,11992,California
Shasta,2021-01-30,616,14943,15,7475,601,7468,0,0,606,10259,10,2339,606,12598,California
Shasta,2021-01-31,27,14970,3,7478,24,7492,0,0,26,10284,1,2340,26,12624,California
Shasta,2021-02-01,530,15500,148,7626,382,7874,0,0,386,10526,144,2484,386,13010,California
Shasta,2021-02-02,988,16488,500,8126,488,8362,0,0,896,11332,90,2574,896,13906,California
Shasta,2021-02-03,723,17211,211,8337,512,8874,0,0,488,11585,235,2809,488,14394,California
Shasta,2021-02-04,1098,18309,675,9012,423,9297,0,0,905,12298,192,3001,905,15299,California
Shasta,2021-02-05,1254,19563,165,9177,1089,10386,0,0,1047,13139,206,3207,1047,16346,California
Shasta,2021-02-06,1746,21309,41,9218,1705,12091,0,0,1723,14839,23,3230,1723,18069,California
Shasta,2021-02-07,25,21334,3,9221,22,12113,0,0,23,14860,2,3232,23,18092,California
Shasta,2021-02-08,596,21930,168,9389,428,12541,0,0,306,14876,290,3522,306,18398,California
Shasta,2021-02-09,1124,23054,654,10043,470,13011,0,0,731,15215,393,3915,732,19130,California
Shasta,2021-02-10,1124,24178,788,10831,336,13347,0,0,599,15289,526,4441,600,19730,California
Shasta,2021-02-11,891,25069,186,11017,705,14052,0,0,369,15141,517,4958,369,20099,California
Shasta,2021-02-12,1778,26847,1199,12216,579,14631,0,0,1227,15817,551,5509,1227,21326,California
Shasta,2021-02-13,1381,28228,368,12584,1013,15644,0,0,570,15576,812,6321,571,21897,California
Shasta,2021-02-14,150,28378,4,12588,146,15790,0,0,126,15678,24,6345,126,22023,California
Shasta,2021-02-15,377,28755,89,12677,288,16078,0,0,208,15717,169,6514,208,22231,California
Shasta,2021-02-16,1196,29951,521,13198,675,16753,0,0,422,15366,773,7287,422,22653,California
Shasta,2021-02-17,1034,30985,438,13636,596,17349,0,0,414,15160,620,7907,414,23067,California
Shasta,2021-02-18,949,31934,468,14104,481,17830,0,0,459,15130,490,8397,460,23527,California
Shasta,2021-02-19,1338,33272,946,15050,392,18222,0,0,871,15534,467,8864,871,24398,California
Shasta,2021-02-20,803,34075,90,15140,713,18935,0,0,304,15339,499,9363,304,24702,California
Shasta,2021-02-21,32,34107,3,15143,29,18964,0,0,10,15327,22,9385,10,24712,California
Shasta,2021-02-22,430,34537,77,15220,353,19317,0,0,178,15254,251,9636,178,24890,California
Shasta,2021-02-23,910,35447,469,15689,441,19758,0,0,327,14998,583,10219,327,25217,California
Shasta,2021-02-24,891,36338,509,16198,382,20140,0,0,274,14656,616,10835,274,25491,California
Shasta,2021-02-25,519,36857,163,16361,356,20496,0,0,162,14462,356,11191,162,25653,California
Shasta,2021-02-26,791,37648,94,16455,697,21193,0,0,332,14336,458,11649,332,25985,California
Shasta,2021-02-27,827,38475,27,16482,800,21993,0,0,188,13887,637,12286,188,26173,California
Shasta,2021-02-28,176,38651,4,16486,172,22165,0,0,126,13963,50,12336,126,26299,California
Shasta,2021-03-01,583,39234,58,16544,525,22690,0,0,295,13971,287,12623,295,26594,California
Shasta,2021-03-02,1030,40264,474,17018,556,23246,0,0,339,13621,689,13312,339,26933,California
Shasta,2021-03-03,673,40937,171,17189,502,23748,0,0,244,13436,429,13741,244,27177,California
Shasta,2021-03-04,3034,43971,2419,19608,615,24363,0,0,1749,13902,1284,15025,1750,28927,California
Shasta,2021-03-05,1558,45529,161,19769,1368,25731,29,29,789,13950,770,15795,818,29745,California
Shasta,2021-03-06,2743,48272,385,20154,2311,28042,47,76,855,12966,1886,17681,902,30647,California
Shasta,2021-03-07,92,48364,4,20158,56,28098,32,108,38,12982,54,17735,70,30717,California
Shasta,2021-03-08,570,48934,46,20204,385,28483,139,247,157,12867,411,18146,296,31013,California
Shasta,2021-03-09,1254,50188,595,20799,481,28964,178,425,699,13188,555,18701,876,31889,California
Shasta,2021-03-10,799,50987,257,21056,340,29304,202,627,136,12862,662,19363,336,32225,California
Shasta,2021-03-11,1558,52545,471,21527,815,30119,272,899,940,13459,615,19978,1212,33437,California
Shasta,2021-03-12,1560,54105,848,22375,463,30582,249,1148,412,12971,1147,21125,659,34096,California
Shasta,2021-03-13,758,54863,425,22800,232,30814,101,1249,474,13261,283,21408,573,34669,California
Shasta,2021-03-14,1019,55882,8,22808,989,31803,22,1271,880,14025,139,21547,903,35572,California
Shasta,2021-03-15,496,56378,35,22843,361,32164,100,1371,210,14048,286,21833,309,35881,California
Shasta,2021-03-16,1135,57513,149,22992,919,33083,67,1438,851,14682,284,22117,918,36799,California
Shasta,2021-03-17,734,58247,191,23183,485,33568,58,1496,394,14801,333,22450,452,37251,California
Shasta,2021-03-18,1545,59792,586,23769,855,34423,104,1600,1118,15600,423,22873,1222,38473,California
Shasta,2021-03-19,648,60440,196,23965,396,34819,56,1656,414,15837,233,23106,470,38943,California
Shasta,2021-03-20,747,61187,489,24454,244,35063,14,1670,599,16302,148,23254,613,39556,California
Shasta,2021-03-21,313,61500,298,24752,4,35067,11,1681,286,16573,26,23280,297,39853,California
Shasta,2021-03-22,347,61847,37,24789,274,35341,36,1717,199,16661,147,23427,235,40088,California
Shasta,2021-03-23,1312,63159,653,25442,599,35940,60,1777,757,16928,550,23977,817,40905,California
Shasta,2021-03-24,611,63770,156,25598,417,36357,38,1815,367,17090,243,24220,405,41310,California
Shasta,2021-03-25,1134,64904,449,26047,664,37021,21,1836,820,17621,311,24531,842,42152,California
Shasta,2021-03-26,1836,66740,1404,27451,402,37423,30,1866,1477,18770,359,24890,1508,43660,California
Shasta,2021-03-27,1594,68334,405,27856,317,37740,872,2738,576,19198,1016,25906,1444,45104,California
Shasta,2021-03-28,405,68739,299,28155,96,37836,10,2748,300,19405,103,26009,310,45414,California
Shasta,2021-03-29,420,69159,40,28195,368,38204,12,2760,166,19330,253,26262,178,45592,California
Shasta,2021-03-30,1247,70406,766,28961,464,38668,17,2777,625,19353,619,26881,642,46234,California
Shasta,2021-03-31,620,71026,206,29167,408,39076,6,2783,384,19512,231,27112,390,46624,California
Shasta,2021-04-01,897,71923,248,29415,637,39713,12,2795,576,19781,319,27431,588,47212,California
Shasta,2021-04-02,755,72678,200,29615,501,40214,54,2849,415,19912,338,27769,469,47681,California
Shasta,2021-04-03,514,73192,362,29977,133,40347,19,2868,389,20195,125,27894,408,48089,California
Shasta,2021-04-04,293,73485,176,30153,96,40443,21,2889,218,20359,75,27969,239,48328,California
Shasta,2021-04-05,445,73930,69,30222,312,40755,64,2953,254,20486,191,28160,318,48646,California
Shasta,2021-04-06,1164,75094,487,30709,503,41258,174,3127,539,20579,620,28780,713,49359,California
Shasta,2021-04-07,656,75750,213,30922,280,41538,163,3290,258,20606,394,29174,421,49780,California
Shasta,2021-04-08,1154,76904,263,31185,735,42273,156,3446,223,20059,929,30103,382,50162,California
Shasta,2021-04-09,2589,79493,2071,33256,307,42580,211,3657,2008,21702,574,30677,2217,52379,California
Shasta,2021-04-10,881,80374,594,33850,158,42738,129,3786,268,21485,613,31290,396,52775,California
Shasta,2021-04-11,1251,81625,397,34247,834,43572,20,3806,144,20546,1103,32393,164,52939,California
Shasta,2021-04-12,338,81963,7,34254,269,43841,62,3868,97,20464,240,32633,158,53097,California
Shasta,2021-04-13,1268,83231,366,34620,900,44741,2,3870,338,19877,926,33559,339,53436,California
Shasta,2021-04-14,593,83824,143,34763,448,45189,2,3872,222,19731,370,33929,224,53660,California
Shasta,2021-04-15,1072,84896,258,35021,814,46003,0,3872,299,19260,770,34699,299,53959,California
Shasta,2021-04-16,2340,87236,1845,36866,495,46498,0,3872,935,18792,1403,36102,935,54894,California
Shasta,2021-04-17,642,87878,411,37277,231,46729,0,3872,189,18529,453,36555,190,55084,California
Shasta,2021-04-18,265,88143,240,37517,25,46754,0,3872,32,18330,231,36786,32,55116,California
Shasta,2021-04-19,381,88524,27,37544,354,47108,0,3872,162,18273,219,37005,162,55278,California
Shasta,2021-04-20,1011,89535,256,37800,755,47863,0,3872,377,18017,633,37638,377,55655,California
Shasta,2021-04-21,605,90140,220,38020,385,48248,0,3872,304,18020,301,37939,304,55959,California
Shasta,2021-04-22,965,91105,283,38303,682,48930,0,3872,299,17655,664,38603,299,56258,California
Shasta,2021-04-23,659,91764,264,38567,395,49325,0,3872,328,17653,330,38933,328,56586,California
Shasta,2021-04-24,600,92364,357,38924,242,49567,1,3873,108,17271,490,39423,108,56694,California
Shasta,2021-04-25,211,92575,182,39106,28,49595,1,3874,37,17135,174,39597,38,56732,California
Shasta,2021-04-26,485,93060,52,39158,428,50023,5,3879,337,17330,146,39743,341,57073,California
Shasta,2021-04-27,536,93596,178,39336,322,50345,36,3915,296,17423,237,39980,330,57403,California
Shasta,2021-04-28,578,94174,158,39494,387,50732,33,3948,253,17383,325,40305,285,57688,California
Shasta,2021-04-29,783,94957,120,39614,640,51372,23,3971,182,16988,600,40905,205,57893,California
Shasta,2021-04-30,2268,97225,1842,41456,395,51767,31,4002,270,15292,1997,42902,301,58194,California
Shasta,2021-05-01,224,97449,20,41476,128,51895,76,4078,96,15336,128,43030,172,58366,California
Shasta,2021-05-02,46,97495,16,41492,17,51912,13,4091,19,15341,27,43057,32,58398,California
Shasta,2021-05-03,351,97846,94,41586,231,52143,26,4117,112,15241,238,43295,138,58536,California
Shasta,2021-05-04,528,98374,193,41779,296,52439,39,4156,254,15263,271,43566,293,58829,California
Shasta,2021-05-05,432,98806,140,41919,275,52714,17,4173,200,15248,232,43798,217,59046,California
Shasta,2021-05-06,696,99502,266,42185,390,53104,40,4213,297,15195,390,44188,337,59383,California
Shasta,2021-05-07,1116,100618,735,42920,342,53446,39,4252,304,14727,811,44999,343,59726,California
Shasta,2021-05-08,167,100785,83,43003,74,53520,10,4262,98,14766,68,45067,107,59833,California
Shasta,2021-05-09,66,100851,15,43018,46,53566,5,4267,35,14775,31,45098,40,59873,California
Shasta,2021-05-10,260,101111,21,43039,189,53755,50,4317,113,14791,144,45242,160,60033,California
Shasta,2021-05-11,507,101618,160,43199,198,53953,149,4466,174,14782,332,45574,323,60356,California
Shasta,2021-05-12,369,101987,142,43341,205,54158,22,4488,119,14674,249,45823,141,60497,California
Shasta,2021-05-13,534,102521,224,43565,294,54452,16,4504,197,14552,335,46158,213,60710,California
Shasta,2021-05-14,630,103151,260,43825,344,54796,26,4530,281,14512,348,46506,308,61018,California
Shasta,2021-05-15,394,103545,125,43950,164,54960,105,4635,163,14549,230,46736,267,61285,California
Shasta,2021-05-16,223,103768,155,44105,58,55018,10,4645,164,14664,59,46795,174,61459,California
Shasta,2021-05-17,539,104307,243,44348,236,55254,60,4705,286,14758,252,47047,346,61805,California
Shasta,2021-05-18,609,104916,293,44641,292,55546,24,4729,326,14825,283,47330,350,62155,California
Shasta,2021-05-19,578,105494,280,44921,230,55776,68,4797,285,14888,290,47620,353,62508,California
Shasta,2021-05-20,512,106006,235,45156,260,56036,17,4814,244,14884,265,47885,261,62769,California
Shasta,2021-05-21,536,106542,257,45413,260,56296,19,4833,273,14915,261,48146,292,63061,California
Shasta,2021-05-22,190,106732,112,45525,71,56367,7,4840,121,14976,67,48213,128,63189,California
Shasta,2021-05-23,95,106827,43,45568,41,56408,11,4851,59,15010,36,48249,70,63259,California
Shasta,2021-05-24,522,107349,159,45727,332,56740,31,4882,186,14892,335,48584,217,63476,California
Shasta,2021-05-25,421,107770,170,45897,208,56948,43,4925,155,14826,263,48847,197,63673,California
Shasta,2021-05-26,352,108122,139,46036,187,57135,26,4951,148,14796,204,49051,174,63847,California
Shasta,2021-05-27,428,108550,159,46195,260,57395,9,4960,161,14703,263,49314,170,64017,California
Shasta,2021-05-28,206,108756,94,46289,101,57496,11,4971,72,14654,132,49446,83,64100,California
Sierra,2020-12-18,1,1,1,1,0,0,0,0,1,1,0,0,1,1,California
Sierra,2020-12-21,2,3,2,3,0,0,0,0,2,3,0,0,2,3,California
Sierra,2020-12-22,12,15,12,15,0,0,0,0,12,15,0,0,12,15,California
Sierra,2020-12-23,4,19,4,19,0,0,0,0,4,19,0,0,4,19,California
Sierra,2020-12-28,1,20,0,19,1,1,0,0,1,20,0,0,1,20,California
Sierra,2020-12-29,49,69,7,26,42,43,0,0,49,69,0,0,49,69,California
Sierra,2020-12-30,2,71,0,26,2,45,0,0,2,71,0,0,2,71,California
Sierra,2020-12-31,13,84,0,26,13,58,0,0,13,84,0,0,13,84,California
Sierra,2021-01-01,1,85,1,27,0,58,0,0,1,85,0,0,1,85,California
Sierra,2021-01-05,64,149,2,29,62,120,0,0,64,149,0,0,64,149,California
Sierra,2021-01-06,1,150,1,30,0,120,0,0,1,150,0,0,1,150,California
Sierra,2021-01-07,21,171,1,31,20,140,0,0,20,169,1,1,20,170,California
Sierra,2021-01-08,1,172,1,32,0,140,0,0,1,170,0,1,1,171,California
Sierra,2021-01-11,3,175,3,35,0,140,0,0,0,167,3,4,0,171,California
Sierra,2021-01-12,39,214,12,47,27,167,0,0,27,182,12,16,27,198,California
Sierra,2021-01-13,3,217,3,50,0,167,0,0,0,179,3,19,0,198,California
Sierra,2021-01-14,35,252,2,52,33,200,0,0,35,214,0,19,35,233,California
Sierra,2021-01-15,3,255,1,53,2,202,0,0,3,217,0,19,3,236,California
Sierra,2021-01-18,2,257,0,53,2,204,0,0,2,219,0,19,2,238,California
Sierra,2021-01-19,32,289,0,53,32,236,0,0,32,251,0,19,32,270,California
Sierra,2021-01-20,1,290,1,54,0,236,0,0,1,252,0,19,1,271,California
Sierra,2021-01-21,52,342,0,54,52,288,0,0,52,304,0,19,52,323,California
Sierra,2021-01-22,2,344,0,54,2,290,0,0,2,306,0,19,2,325,California
Sierra,2021-01-23,2,346,0,54,2,292,0,0,2,308,0,19,2,327,California
Sierra,2021-01-26,62,408,0,54,62,354,0,0,24,294,38,57,24,351,California
Sierra,2021-01-27,4,412,4,58,0,354,0,0,0,290,4,61,0,351,California
Sierra,2021-01-28,53,465,0,58,53,407,0,0,43,323,10,71,43,394,California
Sierra,2021-01-29,2,467,0,58,2,409,0,0,2,325,0,71,2,396,California
Sierra,2021-01-30,3,470,3,61,0,409,0,0,2,326,1,72,2,398,California
Sierra,2021-02-01,1,471,0,61,1,410,0,0,0,325,1,73,0,398,California
Sierra,2021-02-02,58,529,1,62,57,467,0,0,19,305,39,112,19,417,California
Sierra,2021-02-03,6,535,5,67,1,468,0,0,5,309,1,113,5,422,California
Sierra,2021-02-04,102,637,5,72,97,565,0,0,53,313,49,162,53,475,California
Sierra,2021-02-05,6,643,4,76,2,567,0,0,5,317,1,163,5,480,California
Sierra,2021-02-09,51,694,0,76,51,618,0,0,48,362,3,166,48,528,California
Sierra,2021-02-10,4,698,2,78,2,620,0,0,4,366,0,166,4,532,California
Sierra,2021-02-11,195,893,1,79,194,814,0,0,134,439,61,227,134,666,California
Sierra,2021-02-12,20,913,0,79,20,834,0,0,20,459,0,227,20,686,California
Sierra,2021-02-13,1,914,1,80,0,834,0,0,1,460,0,227,1,687,California
Sierra,2021-02-15,2,916,2,82,0,834,0,0,0,458,2,229,0,687,California
Sierra,2021-02-16,43,959,0,82,43,877,0,0,10,435,33,262,10,697,California
Sierra,2021-02-17,4,963,0,82,4,881,0,0,1,433,3,265,1,698,California
Sierra,2021-02-18,140,1103,0,82,140,1021,0,0,91,475,49,314,91,789,California
Sierra,2021-02-19,2,1105,1,83,1,1022,0,0,1,475,1,315,1,790,California
Sierra,2021-02-20,2,1107,2,85,0,1022,0,0,0,473,2,317,0,790,California
Sierra,2021-02-22,1,1108,1,86,0,1022,0,0,1,474,0,317,1,791,California
Sierra,2021-02-23,4,1112,0,86,4,1026,0,0,4,478,0,317,4,795,California
Sierra,2021-02-24,3,1115,2,88,1,1027,0,0,3,481,0,317,3,798,California
Sierra,2021-02-25,126,1241,2,90,124,1151,0,0,59,474,66,383,59,857,California
Sierra,2021-02-26,11,1252,6,96,5,1156,0,0,4,471,7,390,4,861,California
Sierra,2021-02-27,2,1254,2,98,0,1156,0,0,0,469,2,392,0,861,California
Sierra,2021-03-01,2,1256,2,100,0,1156,0,0,0,467,2,394,0,861,California
Sierra,2021-03-02,56,1312,0,100,56,1212,0,0,38,487,18,412,38,899,California
Sierra,2021-03-03,2,1314,2,102,0,1212,0,0,1,487,1,413,1,900,California
Sierra,2021-03-04,108,1422,0,102,108,1320,0,0,60,499,48,461,60,960,California
Sierra,2021-03-05,13,1435,1,103,12,1332,0,0,11,508,2,463,11,971,California
Sierra,2021-03-07,1,1436,1,104,0,1332,0,0,0,507,1,464,0,971,California
Sierra,2021-03-08,2,1438,2,106,0,1332,0,0,2,509,0,464,2,973,California
Sierra,2021-03-09,56,1494,0,106,56,1388,0,0,12,477,44,508,12,985,California
Sierra,2021-03-10,6,1500,0,106,6,1394,0,0,4,479,2,510,4,989,California
Sierra,2021-03-11,176,1676,0,106,176,1570,0,0,44,391,132,642,44,1033,California
Sierra,2021-03-12,20,1696,1,107,19,1589,0,0,0,371,20,662,0,1033,California
Sierra,2021-03-13,28,1724,0,107,28,1617,0,0,28,399,0,662,28,1061,California
Sierra,2021-03-14,1,1725,0,107,0,1617,1,1,0,399,1,663,1,1062,California
Sierra,2021-03-15,2,1727,1,108,0,1617,1,2,0,398,2,665,1,1063,California
Sierra,2021-03-16,35,1762,0,108,34,1651,1,3,22,408,13,678,23,1086,California
Sierra,2021-03-17,3,1765,2,110,1,1652,0,3,0,405,3,681,0,1086,California
Sierra,2021-03-18,158,1923,0,110,158,1810,0,3,65,377,93,774,65,1151,California
Sierra,2021-03-19,4,1927,2,112,2,1812,0,3,1,375,3,777,1,1152,California
Sierra,2021-03-20,1,1928,0,112,1,1813,0,3,1,376,0,777,1,1153,California
Sierra,2021-03-23,22,1950,0,112,22,1835,0,3,13,380,9,786,13,1166,California
Sierra,2021-03-24,3,1953,1,113,2,1837,0,3,1,379,2,788,1,1167,California
Sierra,2021-03-25,99,2052,1,114,98,1935,0,3,50,380,49,837,50,1217,California
Sierra,2021-03-26,12,2064,1,115,11,1946,0,3,8,384,4,841,8,1225,California
Sierra,2021-03-27,1,2065,0,115,1,1947,0,3,0,383,1,842,0,1225,California
Sierra,2021-03-29,1,2066,1,116,0,1947,0,3,0,382,1,843,0,1225,California
Sierra,2021-03-30,55,2121,1,117,54,2001,0,3,22,371,33,876,22,1247,California
Sierra,2021-03-31,8,2129,0,117,8,2009,0,3,8,379,0,876,8,1255,California
Sierra,2021-04-01,63,2192,1,118,62,2071,0,3,5,328,56,932,5,1260,California
Sierra,2021-04-02,3,2195,2,120,1,2072,0,3,2,329,1,933,2,1262,California
Sierra,2021-04-04,1,2196,0,120,1,2073,0,3,0,329,0,933,0,1262,California
Sierra,2021-04-06,11,2207,0,120,11,2084,0,3,1,320,10,943,1,1263,California
Sierra,2021-04-07,14,2221,3,123,6,2090,5,8,3,318,10,953,8,1271,California
Sierra,2021-04-08,54,2275,2,125,52,2142,0,8,16,296,38,991,16,1287,California
Sierra,2021-04-09,2,2277,2,127,0,2142,0,8,1,296,1,992,1,1288,California
Sierra,2021-04-10,27,2304,0,127,27,2169,0,8,0,269,27,1019,0,1288,California
Sierra,2021-04-12,1,2305,0,127,0,2169,1,9,0,269,1,1020,1,1289,California
Sierra,2021-04-13,45,2350,0,127,45,2214,0,9,5,234,40,1060,5,1294,California
Sierra,2021-04-14,1,2351,0,127,1,2215,0,9,1,235,0,1060,1,1295,California
Sierra,2021-04-15,49,2400,1,128,48,2263,0,9,2,190,47,1107,2,1297,California
Sierra,2021-04-17,2,2402,1,129,1,2264,0,9,1,190,1,1108,1,1298,California
Sierra,2021-04-18,1,2403,0,129,1,2265,0,9,0,190,0,1108,0,1298,California
Sierra,2021-04-19,1,2404,1,130,0,2265,0,9,0,189,1,1109,0,1298,California
Sierra,2021-04-20,34,2438,1,131,33,2298,0,9,7,169,27,1136,7,1305,California
Sierra,2021-04-21,2,2440,1,132,1,2299,0,9,1,169,1,1137,1,1306,California
Sierra,2021-04-22,64,2504,1,133,63,2362,0,9,5,116,58,1195,5,1311,California
Sierra,2021-04-23,11,2515,0,133,11,2373,0,9,3,111,8,1203,3,1314,California
Sierra,2021-04-24,4,2519,0,133,4,2377,0,9,4,115,0,1203,4,1318,California
Sierra,2021-04-27,28,2547,1,134,27,2404,0,9,5,97,23,1226,5,1323,California
Sierra,2021-04-28,10,2557,2,136,8,2412,0,9,1,89,9,1235,1,1324,California
Sierra,2021-04-29,20,2577,2,138,18,2430,0,9,14,97,6,1241,14,1338,California
Sierra,2021-04-30,4,2581,2,140,2,2432,0,9,2,97,2,1243,2,1340,California
Sierra,2021-05-03,1,2582,1,141,0,2432,0,9,1,98,0,1243,1,1341,California
Sierra,2021-05-04,1,2583,0,141,1,2433,0,9,0,97,1,1244,0,1341,California
Sierra,2021-05-05,22,2605,0,141,22,2455,0,9,7,89,15,1259,7,1348,California
Sierra,2021-05-06,1,2606,1,142,0,2455,0,9,0,88,1,1260,0,1348,California
Sierra,2021-05-07,1,2607,1,143,0,2455,0,9,1,89,0,1260,1,1349,California
Sierra,2021-05-08,1,2608,0,143,0,2455,1,10,0,89,1,1261,1,1350,California
Sierra,2021-05-11,11,2619,0,143,4,2459,7,17,0,85,11,1272,7,1357,California
Sierra,2021-05-12,10,2629,1,144,9,2468,0,17,7,89,3,1275,7,1364,California
Sierra,2021-05-13,3,2632,2,146,1,2469,0,17,2,90,1,1276,2,1366,California
Sierra,2021-05-14,3,2635,1,147,2,2471,0,17,3,93,0,1276,3,1369,California
Sierra,2021-05-17,1,2636,1,148,0,2471,0,17,1,94,0,1276,1,1370,California
Sierra,2021-05-18,3,2639,1,149,1,2472,1,18,0,92,3,1279,1,1371,California
Sierra,2021-05-19,6,2645,3,152,3,2475,0,18,2,90,4,1283,2,1373,California
Sierra,2021-05-20,9,2654,8,160,0,2475,1,19,8,98,1,1284,9,1382,California
Sierra,2021-05-21,4,2658,2,162,2,2477,0,19,1,96,3,1287,1,1383,California
Sierra,2021-05-22,4,2662,0,162,4,2481,0,19,0,92,4,1291,0,1383,California
Sierra,2021-05-23,1,2663,0,162,1,2482,0,19,1,93,0,1291,1,1384,California
Sierra,2021-05-24,2,2665,1,163,1,2483,0,19,1,93,1,1292,1,1385,California
Sierra,2021-05-25,2,2667,0,163,2,2485,0,19,0,91,2,1294,0,1385,California
Sierra,2021-05-26,8,2675,0,163,8,2493,0,19,4,91,4,1298,4,1389,California
Sierra,2021-05-27,9,2684,2,165,6,2499,1,20,3,89,6,1304,4,1393,California
Sierra,2021-05-28,2,2686,1,166,1,2500,0,20,0,87,2,1306,0,1393,California
Siskiyou,2020-12-16,2,2,2,2,0,0,0,0,2,2,0,0,2,2,California
Siskiyou,2020-12-17,4,6,4,6,0,0,0,0,4,6,0,0,4,6,California
Siskiyou,2020-12-18,2,8,2,8,0,0,0,0,2,8,0,0,2,8,California
Siskiyou,2020-12-19,4,12,4,12,0,0,0,0,4,12,0,0,4,12,California
Siskiyou,2020-12-20,1,13,1,13,0,0,0,0,1,13,0,0,1,13,California
Siskiyou,2020-12-21,132,145,132,145,0,0,0,0,132,145,0,0,132,145,California
Siskiyou,2020-12-22,158,303,158,303,0,0,0,0,158,303,0,0,158,303,California
Siskiyou,2020-12-23,142,445,142,445,0,0,0,0,142,445,0,0,142,445,California
Siskiyou,2020-12-24,5,450,5,450,0,0,0,0,5,450,0,0,5,450,California
Siskiyou,2020-12-26,2,452,0,450,2,2,0,0,2,452,0,0,2,452,California
Siskiyou,2020-12-27,2,454,0,450,2,4,0,0,2,454,0,0,2,454,California
Siskiyou,2020-12-28,3,457,1,451,2,6,0,0,3,457,0,0,3,457,California
Siskiyou,2020-12-29,6,463,2,453,4,10,0,0,6,463,0,0,6,463,California
Siskiyou,2020-12-30,98,561,3,456,95,105,0,0,98,561,0,0,98,561,California
Siskiyou,2020-12-31,12,573,0,456,12,117,0,0,12,573,0,0,12,573,California
Siskiyou,2021-01-02,1,574,1,457,0,117,0,0,1,574,0,0,1,574,California
Siskiyou,2021-01-03,1,575,0,457,1,118,0,0,1,575,0,0,1,575,California
Siskiyou,2021-01-04,130,705,3,460,127,245,0,0,130,705,0,0,130,705,California
Siskiyou,2021-01-05,116,821,4,464,112,357,0,0,115,819,1,1,115,820,California
Siskiyou,2021-01-06,59,880,6,470,53,410,0,0,55,870,4,5,55,875,California
Siskiyou,2021-01-07,175,1055,4,474,171,581,0,0,174,1043,1,6,174,1049,California
Siskiyou,2021-01-08,41,1096,3,477,38,619,0,0,39,1080,2,8,39,1088,California
Siskiyou,2021-01-09,2,1098,2,479,0,619,0,0,0,1078,2,10,0,1088,California
Siskiyou,2021-01-11,226,1324,65,544,161,780,0,0,163,1178,63,73,163,1251,California
Siskiyou,2021-01-12,322,1646,274,818,48,828,0,0,89,1035,233,306,90,1341,California
Siskiyou,2021-01-13,157,1803,137,955,20,848,0,0,23,924,134,440,23,1364,California
Siskiyou,2021-01-14,25,1828,1,956,24,872,0,0,24,947,1,441,24,1388,California
Siskiyou,2021-01-15,35,1863,3,959,32,904,0,0,35,982,0,441,35,1423,California
Siskiyou,2021-01-16,7,1870,2,961,5,909,0,0,7,989,0,441,7,1430,California
Siskiyou,2021-01-17,1,1871,1,962,0,909,0,0,0,988,1,442,0,1430,California
Siskiyou,2021-01-18,77,1948,4,966,73,982,0,0,75,1061,2,444,75,1505,California
Siskiyou,2021-01-19,21,1969,1,967,20,1002,0,0,20,1080,1,445,20,1525,California
Siskiyou,2021-01-20,47,2016,35,1002,12,1014,0,0,43,1119,4,449,43,1568,California
Siskiyou,2021-01-21,42,2058,1,1003,41,1055,0,0,42,1161,0,449,42,1610,California
Siskiyou,2021-01-22,1327,3385,1175,2178,152,1207,0,0,1327,2488,0,449,1327,2937,California
Siskiyou,2021-01-23,5,3390,1,2179,4,1211,0,0,2,2487,3,452,2,2939,California
Siskiyou,2021-01-25,182,3572,8,2187,174,1385,0,0,178,2661,4,456,178,3117,California
Siskiyou,2021-01-26,148,3720,3,2190,145,1530,0,0,140,2793,8,464,140,3257,California
Siskiyou,2021-01-27,181,3901,1,2191,180,1710,0,0,126,2864,55,519,126,3383,California
Siskiyou,2021-01-28,231,4132,117,2308,114,1824,0,0,225,3083,6,525,225,3608,California
Siskiyou,2021-01-29,249,4381,3,2311,246,2070,0,0,247,3328,2,527,247,3855,California
Siskiyou,2021-01-30,4,4385,3,2314,1,2071,0,0,4,3332,0,527,4,3859,California
Siskiyou,2021-02-01,195,4580,3,2317,192,2263,0,0,105,3347,90,617,105,3964,California
Siskiyou,2021-02-02,289,4869,45,2362,244,2507,0,0,147,3352,142,759,147,4111,California
Siskiyou,2021-02-03,314,5183,1,2363,313,2820,0,0,264,3566,50,809,264,4375,California
Siskiyou,2021-02-04,322,5505,7,2370,315,3135,0,0,200,3644,122,931,200,4575,California
Siskiyou,2021-02-05,511,6016,4,2374,507,3642,0,0,349,3831,162,1093,349,4924,California
Siskiyou,2021-02-06,15,6031,0,2374,15,3657,0,0,15,3846,0,1093,15,4939,California
Siskiyou,2021-02-07,3,6034,2,2376,1,3658,0,0,3,3849,0,1093,3,4942,California
Siskiyou,2021-02-08,221,6255,5,2381,216,3874,0,0,216,4060,5,1098,216,5158,California
Siskiyou,2021-02-09,197,6452,4,2385,193,4067,0,0,164,4191,33,1131,164,5322,California
Siskiyou,2021-02-10,370,6822,40,2425,330,4397,0,0,317,4456,52,1183,317,5639,California
Siskiyou,2021-02-11,189,7011,1,2426,188,4585,0,0,174,4615,15,1198,174,5813,California
Siskiyou,2021-02-12,1690,8701,1198,3624,492,5077,0,0,501,3927,1189,2387,501,6314,California
Siskiyou,2021-02-13,36,8737,2,3626,34,5111,0,0,32,3955,4,2391,32,6346,California
Siskiyou,2021-02-14,5,8742,1,3627,4,5115,0,0,5,3960,0,2391,5,6351,California
Siskiyou,2021-02-15,108,8850,10,3637,98,5213,0,0,106,4064,2,2393,106,6457,California
Siskiyou,2021-02-16,114,8964,2,3639,112,5325,0,0,99,4148,15,2408,99,6556,California
Siskiyou,2021-02-17,184,9148,15,3654,169,5494,0,0,170,4304,14,2422,170,6726,California
Siskiyou,2021-02-18,221,9369,88,3742,133,5627,0,0,98,4279,123,2545,98,6824,California
Siskiyou,2021-02-19,71,9440,34,3776,37,5664,0,0,34,4276,37,2582,34,6858,California
Siskiyou,2021-02-20,21,9461,3,3779,18,5682,0,0,16,4287,5,2587,16,6874,California
Siskiyou,2021-02-21,1,9462,1,3780,0,5682,0,0,1,4288,0,2587,1,6875,California
Siskiyou,2021-02-22,125,9587,2,3782,123,5805,0,0,19,4201,106,2693,19,6894,California
Siskiyou,2021-02-23,197,9784,15,3797,182,5987,0,0,53,4110,144,2837,53,6947,California
Siskiyou,2021-02-24,149,9933,5,3802,144,6131,0,0,37,4035,112,2949,37,6984,California
Siskiyou,2021-02-25,301,10234,24,3826,277,6408,0,0,155,4044,146,3095,155,7139,California
Siskiyou,2021-02-26,671,10905,11,3837,660,7068,0,0,369,4111,302,3397,369,7508,California
Siskiyou,2021-02-27,32,10937,5,3842,27,7095,0,0,28,4135,4,3401,28,7536,California
Siskiyou,2021-02-28,6,10943,5,3847,1,7096,0,0,4,4137,2,3403,4,7540,California
Siskiyou,2021-03-01,280,11223,6,3853,274,7370,0,0,50,3957,230,3633,50,7590,California
Siskiyou,2021-03-02,190,11413,1,3854,189,7559,0,0,70,3907,120,3753,70,7660,California
Siskiyou,2021-03-03,348,11761,10,3864,338,7897,0,0,155,3869,193,3946,155,7815,California
Siskiyou,2021-03-04,793,12554,620,4484,173,8070,0,0,635,4346,158,4104,635,8450,California
Siskiyou,2021-03-05,326,12880,6,4490,309,8379,11,11,105,4244,218,4322,116,8566,California
Siskiyou,2021-03-06,43,12923,3,4493,33,8412,7,18,28,4264,15,4337,35,8601,California
Siskiyou,2021-03-07,12,12935,4,4497,0,8412,8,26,3,4266,9,4346,11,8612,California
Siskiyou,2021-03-08,360,13295,30,4527,295,8707,35,61,59,4059,301,4647,94,8706,California
Siskiyou,2021-03-09,164,13459,2,4529,108,8815,54,115,57,4063,107,4754,111,8817,California
Siskiyou,2021-03-10,222,13681,7,4536,185,9000,30,145,30,3931,192,4946,60,8877,California
Siskiyou,2021-03-11,476,14157,206,4742,223,9223,47,192,276,4055,199,5145,323,9200,California
Siskiyou,2021-03-12,650,14807,141,4883,470,9693,39,231,184,3816,464,5609,225,9425,California
Siskiyou,2021-03-13,428,15235,380,5263,25,9718,23,254,381,4174,47,5656,405,9830,California
Siskiyou,2021-03-14,20,15255,1,5264,3,9721,16,270,2,4174,18,5674,18,9848,California
Siskiyou,2021-03-15,457,15712,258,5522,177,9898,22,292,322,4383,135,5809,344,10192,California
Siskiyou,2021-03-16,257,15969,34,5556,206,10104,17,309,140,4424,116,5925,157,10349,California
Siskiyou,2021-03-17,201,16170,9,5565,184,10288,8,317,34,4299,167,6092,42,10391,California
Siskiyou,2021-03-18,929,17099,791,6356,126,10414,12,329,813,5008,116,6208,825,11216,California
Siskiyou,2021-03-19,68,17167,10,6366,45,10459,13,342,20,4993,48,6256,33,11249,California
Siskiyou,2021-03-20,30,17197,7,6373,18,10477,5,347,6,4980,24,6280,11,11260,California
Siskiyou,2021-03-21,10,17207,4,6377,1,10478,5,352,4,4983,6,6286,9,11269,California
Siskiyou,2021-03-22,208,17415,21,6398,165,10643,22,374,145,5090,60,6346,167,11436,California
Siskiyou,2021-03-23,196,17611,19,6417,167,10810,10,384,141,5186,55,6401,151,11587,California
Siskiyou,2021-03-24,141,17752,47,6464,94,10904,0,384,115,5275,26,6427,115,11702,California
Siskiyou,2021-03-25,571,18323,319,6783,249,11153,3,387,400,5507,171,6598,403,12105,California
Siskiyou,2021-03-26,305,18628,35,6818,270,11423,0,387,104,5412,199,6797,104,12209,California
Siskiyou,2021-03-27,37,18665,4,6822,28,11451,5,392,9,5398,28,6825,14,12223,California
Siskiyou,2021-03-28,9,18674,8,6830,1,11452,0,392,5,5399,4,6829,5,12228,California
Siskiyou,2021-03-29,96,18770,10,6840,84,11536,2,394,46,5397,50,6879,48,12276,California
Siskiyou,2021-03-30,102,18872,7,6847,94,11630,1,395,41,5378,61,6940,42,12318,California
Siskiyou,2021-03-31,190,19062,20,6867,167,11797,3,398,48,5289,141,7081,52,12370,California
Siskiyou,2021-04-01,831,19893,673,7540,158,11955,0,398,214,4886,617,7698,214,12584,California
Siskiyou,2021-04-02,347,20240,197,7737,146,12101,4,402,66,4677,279,7977,70,12654,California
Siskiyou,2021-04-03,26,20266,5,7742,14,12115,7,409,5,4668,21,7998,12,12666,California
Siskiyou,2021-04-04,2,20268,1,7743,1,12116,0,409,1,4668,1,7999,1,12667,California
Siskiyou,2021-04-05,439,20707,332,8075,81,12197,26,435,27,4310,411,8410,53,12720,California
Siskiyou,2021-04-06,219,20926,36,8111,130,12327,53,488,125,4394,93,8503,177,12897,California
Siskiyou,2021-04-07,116,21042,11,8122,63,12390,42,530,66,4452,50,8553,108,13005,California
Siskiyou,2021-04-08,354,21396,186,8308,127,12517,41,571,64,4267,290,8843,105,13110,California
Siskiyou,2021-04-09,548,21944,379,8687,131,12648,38,609,84,3927,463,9306,123,13233,California
Siskiyou,2021-04-10,45,21989,6,8693,2,12650,37,646,6,3931,39,9345,43,13276,California
Siskiyou,2021-04-11,8,21997,5,8698,1,12651,2,648,2,3929,6,9351,4,13280,California
Siskiyou,2021-04-12,129,22126,25,8723,103,12754,1,649,49,3899,80,9431,50,13330,California
Siskiyou,2021-04-13,207,22333,37,8760,169,12923,1,650,81,3855,126,9557,82,13412,California
Siskiyou,2021-04-14,156,22489,65,8825,91,13014,0,650,85,3871,69,9626,85,13497,California
Siskiyou,2021-04-15,1118,23607,959,9784,159,13173,0,650,438,3629,680,10306,438,13935,California
Siskiyou,2021-04-16,301,23908,207,9991,94,13267,0,650,270,3869,30,10336,270,14205,California
Siskiyou,2021-04-17,11,23919,8,9999,3,13270,0,650,7,3872,4,10340,7,14212,California
Siskiyou,2021-04-18,6,23925,3,10002,3,13273,0,650,2,3870,4,10344,2,14214,California
Siskiyou,2021-04-19,128,24053,25,10027,103,13376,0,650,45,3832,83,10427,45,14259,California
Siskiyou,2021-04-20,237,24290,5,10032,232,13608,0,650,94,3783,143,10570,94,14353,California
Siskiyou,2021-04-21,94,24384,10,10042,84,13692,0,650,25,3739,69,10639,25,14378,California
Siskiyou,2021-04-22,416,24800,302,10344,114,13806,0,650,51,3425,365,11004,51,14429,California
Siskiyou,2021-04-23,181,24981,15,10359,166,13972,0,650,159,3563,21,11025,159,14588,California
Siskiyou,2021-04-24,27,25008,4,10363,23,13995,0,650,19,3574,8,11033,19,14607,California
Siskiyou,2021-04-25,2,25010,0,10363,2,13997,0,650,2,3576,0,11033,2,14609,California
Siskiyou,2021-04-26,100,25110,6,10369,89,14086,5,655,25,3531,75,11108,30,14639,California
Siskiyou,2021-04-27,102,25212,4,10373,96,14182,2,657,83,3599,17,11125,85,14724,California
Siskiyou,2021-04-28,110,25322,8,10381,94,14276,8,665,52,3601,58,11183,60,14784,California
Siskiyou,2021-04-29,105,25427,14,10395,91,14367,0,665,25,3546,80,11263,25,14809,California
Siskiyou,2021-04-30,101,25528,20,10415,80,14447,1,666,44,3536,54,11317,44,14853,California
Siskiyou,2021-05-01,11,25539,7,10422,1,14448,3,669,7,3542,4,11321,10,14863,California
Siskiyou,2021-05-02,11,25550,5,10427,6,14454,0,669,9,3549,2,11323,9,14872,California
Siskiyou,2021-05-03,110,25660,23,10450,85,14539,2,671,47,3535,63,11386,49,14921,California
Siskiyou,2021-05-04,123,25783,6,10456,115,14654,2,673,62,3539,60,11446,64,14985,California
Siskiyou,2021-05-05,117,25900,21,10477,87,14741,9,682,39,3510,77,11523,48,15033,California
Siskiyou,2021-05-06,367,26267,296,10773,65,14806,6,688,190,3529,177,11700,196,15229,California
Siskiyou,2021-05-07,309,26576,219,10992,85,14891,5,693,33,3292,275,11975,38,15267,California
Siskiyou,2021-05-08,24,26600,4,10996,19,14910,1,694,18,3305,6,11981,19,15286,California
Siskiyou,2021-05-09,1,26601,0,10996,1,14911,0,694,0,3304,1,11982,0,15286,California
Siskiyou,2021-05-10,98,26699,67,11063,30,14941,1,695,20,3247,78,12060,21,15307,California
Siskiyou,2021-05-11,82,26781,4,11067,73,15014,5,700,47,3264,35,12095,52,15359,California
Siskiyou,2021-05-12,52,26833,3,11070,45,15059,4,704,15,3246,37,12132,19,15378,California
Siskiyou,2021-05-13,76,26909,31,11101,36,15095,9,713,33,3245,43,12175,42,15420,California
Siskiyou,2021-05-14,170,27079,82,11183,87,15182,1,714,103,3283,66,12241,104,15524,California
Siskiyou,2021-05-15,45,27124,14,11197,29,15211,2,716,38,3317,6,12247,40,15564,California
Siskiyou,2021-05-16,6,27130,2,11199,4,15215,0,716,4,3319,2,12249,4,15568,California
Siskiyou,2021-05-17,66,27196,2,11201,41,15256,23,739,12,3300,54,12303,35,15603,California
Siskiyou,2021-05-18,220,27416,82,11283,134,15390,4,743,123,3331,96,12399,127,15730,California
Siskiyou,2021-05-19,156,27572,96,11379,59,15449,1,744,124,3424,32,12431,125,15855,California
Siskiyou,2021-05-20,496,28068,425,11804,69,15518,2,746,228,3386,268,12699,230,16085,California
Siskiyou,2021-05-21,172,28240,86,11890,85,15603,1,747,98,3412,73,12772,99,16184,California
Siskiyou,2021-05-22,40,28280,19,11909,21,15624,0,747,24,3420,16,12788,24,16208,California
Siskiyou,2021-05-23,3,28283,3,11912,0,15624,0,747,1,3419,2,12790,1,16209,California
Siskiyou,2021-05-24,22,28305,5,11917,17,15641,0,747,10,3418,11,12801,10,16219,California
Siskiyou,2021-05-25,143,28448,13,11930,114,15755,16,763,43,3378,99,12900,59,16278,California
Siskiyou,2021-05-26,75,28523,20,11950,55,15810,0,763,42,3387,33,12933,42,16320,California
Siskiyou,2021-05-27,135,28658,96,12046,36,15846,3,766,61,3378,74,13007,65,16385,California
Siskiyou,2021-05-28,75,28733,45,12091,29,15875,1,767,43,3390,32,13039,44,16429,California
Solano,2020-12-15,4,4,4,4,0,0,0,0,4,4,0,0,4,4,California
Solano,2020-12-16,71,75,71,75,0,0,0,0,71,75,0,0,71,75,California
Solano,2020-12-17,154,229,154,229,0,0,0,0,154,229,0,0,154,229,California
Solano,2020-12-18,446,675,445,674,1,1,0,0,446,675,0,0,446,675,California
Solano,2020-12-19,522,1197,522,1196,0,1,0,0,522,1197,0,0,522,1197,California
Solano,2020-12-20,356,1553,354,1550,2,3,0,0,356,1553,0,0,356,1553,California
Solano,2020-12-21,572,2125,570,2120,2,5,0,0,572,2125,0,0,572,2125,California
Solano,2020-12-22,663,2788,630,2750,33,38,0,0,663,2788,0,0,663,2788,California
Solano,2020-12-23,870,3658,779,3529,91,129,0,0,869,3656,1,1,869,3657,California
Solano,2020-12-24,423,4081,171,3700,252,381,0,0,423,4079,0,1,423,4080,California
Solano,2020-12-25,10,4091,2,3702,8,389,0,0,10,4089,0,1,10,4090,California
Solano,2020-12-26,173,4264,47,3749,126,515,0,0,173,4262,0,1,173,4263,California
Solano,2020-12-27,105,4369,29,3778,76,591,0,0,105,4367,0,1,105,4368,California
Solano,2020-12-28,866,5235,422,4200,444,1035,0,0,866,5233,0,1,866,5234,California
Solano,2020-12-29,902,6137,375,4575,527,1562,0,0,902,6135,0,1,902,6136,California
Solano,2020-12-30,1235,7372,599,5174,636,2198,0,0,1235,7370,0,1,1235,7371,California
Solano,2020-12-31,538,7910,137,5311,401,2599,0,0,538,7908,0,1,538,7909,California
Solano,2021-01-01,14,7924,13,5324,1,2600,0,0,14,7922,0,1,14,7923,California
Solano,2021-01-02,213,8137,165,5489,48,2648,0,0,213,8135,0,1,213,8136,California
Solano,2021-01-03,57,8194,40,5529,17,2665,0,0,52,8187,0,1,52,8188,California
Solano,2021-01-04,452,8646,246,5775,206,2871,0,0,442,8626,3,4,442,8630,California
Solano,2021-01-05,729,9375,376,6151,353,3224,0,0,575,9052,149,153,575,9205,California
Solano,2021-01-06,846,10221,439,6590,407,3631,0,0,581,9370,263,416,581,9786,California
Solano,2021-01-07,1068,11289,685,7275,383,4014,0,0,609,9523,457,873,610,10396,California
Solano,2021-01-08,1144,12433,778,8053,366,4380,0,0,554,9507,572,1445,556,10952,California
Solano,2021-01-09,888,13321,765,8818,123,4503,0,0,428,9478,457,1902,428,11380,California
Solano,2021-01-10,254,13575,194,9012,60,4563,0,0,152,9528,102,2004,152,11532,California
Solano,2021-01-11,1334,14909,1120,10132,214,4777,0,0,817,9828,517,2521,817,12349,California
Solano,2021-01-12,1571,16480,1173,11305,398,5175,0,0,1020,10299,550,3071,1021,13370,California
Solano,2021-01-13,1464,17944,1006,12311,458,5633,0,0,1205,11247,257,3328,1205,14575,California
Solano,2021-01-14,1892,19836,814,13125,1078,6711,0,0,1577,12510,314,3642,1577,16152,California
Solano,2021-01-15,1698,21534,1059,14184,639,7350,0,0,1401,13614,297,3939,1401,17553,California
Solano,2021-01-16,1293,22827,904,15088,389,7739,0,0,1118,14557,175,4114,1118,18671,California
Solano,2021-01-17,1042,23869,758,15846,284,8023,0,0,1022,15560,20,4134,1023,19694,California
Solano,2021-01-18,1409,25278,853,16699,556,8579,0,0,1292,16736,117,4251,1293,20987,California
Solano,2021-01-19,1652,26930,1338,18037,314,8893,0,0,1381,17847,270,4521,1381,22368,California
Solano,2021-01-20,2034,28964,1421,19458,613,9506,0,0,1547,18910,484,5005,1547,23915,California
Solano,2021-01-21,3187,32151,1016,20474,2171,11677,0,0,2835,21394,352,5357,2836,26751,California
Solano,2021-01-22,1772,33923,845,21319,927,12604,0,0,1579,22780,193,5550,1579,28330,California
Solano,2021-01-23,737,34660,242,21561,495,13099,0,0,532,23107,206,5756,533,28863,California
Solano,2021-01-24,403,35063,61,21622,342,13441,0,0,336,23376,67,5823,336,29199,California
Solano,2021-01-25,1670,36733,631,22253,1039,14480,0,0,1114,23936,555,6378,1115,30314,California
Solano,2021-01-26,1783,38516,741,22994,1042,15522,0,0,1149,24453,633,7011,1150,31464,California
Solano,2021-01-27,1787,40303,719,23713,1068,16590,0,0,1183,25036,600,7611,1183,32647,California
Solano,2021-01-28,1964,42267,709,24422,1255,17845,0,0,1372,25818,591,8202,1373,34020,California
Solano,2021-01-29,1702,43969,784,25206,918,18763,0,0,1342,26802,358,8560,1342,35362,California
Solano,2021-01-30,952,44921,457,25663,495,19258,0,0,608,27067,344,8904,609,35971,California
Solano,2021-01-31,245,45166,153,25816,92,19350,0,0,174,27170,71,8975,174,36145,California
Solano,2021-02-01,1558,46724,1036,26852,522,19872,0,0,777,27169,778,9753,777,36922,California
Solano,2021-02-02,3347,50071,1095,27947,2252,22124,0,0,2538,28902,805,10558,2538,39460,California
Solano,2021-02-03,2266,52337,1308,29255,958,23082,0,0,1166,28971,1097,11655,1166,40626,California
Solano,2021-02-04,1796,54133,900,30155,896,23978,0,0,1072,29324,719,12374,1072,41698,California
Solano,2021-02-05,3098,57231,1417,31572,1681,25659,0,0,2093,30420,997,13371,2093,43791,California
Solano,2021-02-06,3061,60292,1169,32741,1892,27551,0,0,2244,31851,813,14184,2244,46035,California
Solano,2021-02-07,848,61140,784,33525,64,27615,0,0,237,31478,610,14794,237,46272,California
Solano,2021-02-08,1757,62897,1235,34760,522,28137,0,0,715,31153,1040,15834,715,46987,California
Solano,2021-02-09,1950,64847,1484,36244,466,28603,0,0,698,30600,1251,17085,698,47685,California
Solano,2021-02-10,2266,67113,1496,37740,770,29373,0,0,824,29982,1442,18527,824,48509,California
Solano,2021-02-11,2517,69630,1492,39232,1025,30398,0,0,1198,29872,1308,19835,1198,49707,California
Solano,2021-02-12,4229,73859,1630,40862,2599,32997,0,0,2879,31408,1343,21178,2879,52586,California
Solano,2021-02-13,2869,76728,250,41112,2619,35616,0,0,2454,33450,412,21590,2454,55040,California
Solano,2021-02-14,726,77454,204,41316,522,36138,0,0,416,33559,308,21898,417,55457,California
Solano,2021-02-15,1328,78782,324,41640,1004,37142,0,0,694,33620,633,22531,694,56151,California
Solano,2021-02-16,2561,81343,1387,43027,1174,38316,0,0,1664,34389,896,23427,1665,57816,California
Solano,2021-02-17,3217,84560,1455,44482,1762,40078,0,0,2174,35524,1040,24467,2175,59991,California
Solano,2021-02-18,2880,87440,843,45325,2037,42115,0,0,865,34381,2009,26476,866,60857,California
Solano,2021-02-19,2400,89840,1446,46771,954,43069,0,0,1170,34328,1225,27701,1172,62029,California
Solano,2021-02-20,2576,92416,383,47154,2193,45262,0,0,2106,35963,471,28172,2106,64135,California
Solano,2021-02-21,2191,94607,1878,49032,313,45575,0,0,1881,37538,306,28478,1881,66016,California
Solano,2021-02-22,1736,96343,1053,50085,683,46258,0,0,913,37632,821,29299,915,66931,California
Solano,2021-02-23,2864,99207,1088,51173,1776,48034,0,0,1957,38686,903,30202,1957,68888,California
Solano,2021-02-24,2486,101693,1244,52417,1242,49276,0,0,1391,38984,1093,31295,1391,70279,California
Solano,2021-02-25,2412,104105,1450,53867,962,50238,0,0,1319,39215,1088,32383,1319,71598,California
Solano,2021-02-26,3190,107295,2033,55900,1157,51395,0,0,1871,39772,1314,33697,1871,73469,California
Solano,2021-02-27,3663,110958,1382,57282,2280,53675,1,1,2962,42042,693,34390,2963,76432,California
Solano,2021-02-28,1369,112327,1038,58320,331,54006,0,1,1087,42851,279,34669,1088,77520,California
Solano,2021-03-01,2457,114784,1057,59377,1399,55405,1,2,1856,44112,596,35265,1857,79377,California
Solano,2021-03-02,2245,117029,1401,60778,844,56249,0,2,1294,44456,950,36215,1294,80671,California
Solano,2021-03-03,2238,119267,1260,62038,978,57227,0,2,1389,45005,841,37056,1390,82061,California
Solano,2021-03-04,4382,123649,3432,65470,948,58175,2,4,3159,46956,1213,38269,3164,85225,California
Solano,2021-03-05,4924,128573,1684,67154,3235,61410,5,9,3953,49953,961,39230,3958,89183,California
Solano,2021-03-06,3844,132417,833,67987,2972,64382,39,48,2642,51443,1191,40421,2681,91864,California
Solano,2021-03-07,3574,135991,760,68747,2804,67186,10,58,1965,51822,1597,42018,1976,93840,California
Solano,2021-03-08,2134,138125,1337,70084,527,67713,270,328,1612,53185,517,42535,1880,95720,California
Solano,2021-03-09,3221,141346,1569,71653,1598,69311,54,382,2322,54660,898,43433,2373,98093,California
Solano,2021-03-10,2428,143774,1764,73417,579,69890,85,467,1273,54868,1150,44583,1358,99451,California
Solano,2021-03-11,6021,149795,1756,75173,4011,73901,254,721,4967,59040,1050,45633,5222,104673,California
Solano,2021-03-12,6015,155810,1567,76740,4270,78171,178,899,3180,59568,2831,48464,3359,108032,California
Solano,2021-03-13,4578,160388,803,77543,3691,81862,84,983,2234,59553,2337,50801,2322,110354,California
Solano,2021-03-14,3999,164387,3121,80664,423,82285,455,1438,1640,59291,2354,53155,2092,112446,California
Solano,2021-03-15,4016,168403,2452,83116,1244,83529,320,1758,2516,60634,1492,54647,2835,115281,California
Solano,2021-03-16,3090,171493,1323,84439,1531,85060,236,1994,1575,60934,1511,56158,1811,117092,California
Solano,2021-03-17,6426,177919,1674,86113,4661,89721,91,2085,4937,64476,1486,57644,5028,122120,California
Solano,2021-03-18,5201,183120,1847,87960,3315,93036,39,2124,3825,66973,1368,59012,3865,125985,California
Solano,2021-03-19,3562,186682,2633,90593,855,93891,74,2198,1810,67114,1744,60756,1885,127870,California
Solano,2021-03-20,5552,192234,1672,92265,3826,97717,54,2252,2843,67311,2700,63456,2897,130767,California
Solano,2021-03-21,1681,193915,1575,93840,81,97798,25,2277,858,67372,820,64276,881,131648,California
Solano,2021-03-22,2671,196586,2039,95879,582,98380,50,2327,1666,68085,999,65275,1712,133360,California
Solano,2021-03-23,3522,200108,1668,97547,1811,100191,43,2370,1410,67429,2108,67383,1452,134812,California
Solano,2021-03-24,2830,202938,1773,99320,1022,101213,35,2405,1371,67381,1453,68836,1405,136217,California
Solano,2021-03-25,4871,207809,3991,103311,845,102058,35,2440,2277,67104,2590,71426,2313,138530,California
Solano,2021-03-26,3228,211037,2097,105408,1094,103152,37,2477,1741,67404,1478,72904,1778,140308,California
Solano,2021-03-27,4200,215237,1157,106565,3006,106158,37,2514,1793,66833,2401,75305,1830,142138,California
Solano,2021-03-28,1419,216656,1111,107676,290,106448,18,2532,551,66538,864,76169,569,142707,California
Solano,2021-03-29,3511,220167,2044,109720,1450,107898,17,2549,1583,66227,1915,78084,1604,144311,California
Solano,2021-03-30,3014,223181,2014,111734,909,108807,91,2640,1871,67047,1142,79226,1962,146273,California
Solano,2021-03-31,3141,226322,2138,113872,843,109650,160,2800,1841,67748,1297,80523,1998,148271,California
Solano,2021-04-01,5551,231873,2112,115984,3288,112938,151,2951,3511,69383,2027,82550,3662,151933,California
Solano,2021-04-02,6612,238485,2232,118216,4213,117151,167,3118,2566,68092,4031,86581,2740,154673,California
Solano,2021-04-03,1532,240017,966,119182,411,117562,155,3273,571,67859,959,87540,726,155399,California
Solano,2021-04-04,781,240798,288,119470,191,117753,302,3575,241,67866,536,88076,543,155942,California
Solano,2021-04-05,2990,243788,2043,121513,740,118493,207,3782,1516,68116,1472,89548,1722,157664,California
Solano,2021-04-06,6044,249832,1638,123151,3915,122408,491,4273,1647,65885,4390,93938,2159,159823,California
Solano,2021-04-07,5922,255754,4582,127733,942,123350,398,4671,3365,67117,2538,96476,3770,163593,California
Solano,2021-04-08,6455,262209,1794,129527,3797,127147,864,5535,1818,65197,4608,101084,2688,166281,California
Solano,2021-04-09,6281,268490,1664,131191,3768,130915,849,6384,1522,62835,4735,105819,2373,168654,California
Solano,2021-04-10,1733,270223,955,132146,453,131368,325,6709,801,63029,931,106750,1125,169779,California
Solano,2021-04-11,1231,271454,765,132911,337,131705,129,6838,638,63206,590,107340,767,170546,California
Solano,2021-04-12,3251,274705,1673,134584,1219,132924,359,7197,1337,62990,1909,109249,1693,172239,California
Solano,2021-04-13,2531,277236,1092,135676,1438,134362,1,7198,1319,63102,1208,110457,1320,173559,California
Solano,2021-04-14,6451,283687,1946,137622,4505,138867,0,7198,1825,60310,4618,115075,1826,175385,California
Solano,2021-04-15,5667,289354,2138,139760,3529,142396,0,7198,1718,58093,3935,119010,1718,177103,California
Solano,2021-04-16,3671,293025,2577,142337,1092,143488,2,7200,2280,58989,1386,120396,2282,179385,California
Solano,2021-04-17,3252,296277,1061,143398,2191,145679,0,7200,1119,57984,2125,122521,1120,180505,California
Solano,2021-04-18,1004,297281,610,144008,394,146073,0,7200,529,58039,474,122995,529,181034,California
Solano,2021-04-19,2107,299388,1158,145166,949,147022,0,7200,1173,58285,929,123924,1175,182209,California
Solano,2021-04-20,3023,302411,1845,147011,1178,148200,0,7200,1683,58632,1336,125260,1683,183892,California
Solano,2021-04-21,3565,305976,2333,149344,1232,149432,0,7200,1790,58652,1770,127030,1790,185682,California
Solano,2021-04-22,2935,308911,1484,150828,1451,150883,0,7200,1780,59279,1153,128183,1780,187462,California
Solano,2021-04-23,4151,313062,2086,152914,2065,152948,0,7200,2498,60131,1647,129830,2499,189961,California
Solano,2021-04-24,3823,316885,2292,155206,1529,154477,2,7202,2530,61456,1207,131037,2532,192493,California
Solano,2021-04-25,1427,318312,1113,156319,314,154791,0,7202,1128,62292,292,131329,1128,193621,California
Solano,2021-04-26,2469,320781,1598,157917,867,155658,4,7206,1323,62485,1134,132463,1327,194948,California
Solano,2021-04-27,2500,323281,1246,159163,1230,156888,24,7230,1432,62881,1061,133524,1457,196405,California
Solano,2021-04-28,5572,328853,4589,163752,937,157825,46,7276,3429,64223,2133,135657,3475,199880,California
Solano,2021-04-29,4157,333010,1265,165017,2860,160685,32,7308,1692,63490,2457,138114,1724,201604,California
Solano,2021-04-30,4030,337040,2189,167206,1709,162394,132,7440,1869,63345,2146,140260,2001,203605,California
Solano,2021-05-01,2174,339214,1676,168882,298,162692,200,7640,1295,63966,874,141134,1495,205100,California
Solano,2021-05-02,1196,340410,936,169818,236,162928,24,7664,668,64135,523,141657,692,205792,California
Solano,2021-05-03,1450,341860,1008,170826,355,163283,87,7751,592,63958,857,142514,680,206472,California
Solano,2021-05-04,1793,343653,1047,171873,681,163964,65,7816,806,63844,985,143499,871,207343,California
Solano,2021-05-05,2251,345904,1409,173282,729,164693,113,7929,1082,63872,1165,144664,1193,208536,California
Solano,2021-05-06,1946,347850,1183,174465,590,165283,173,8102,722,63551,1216,145880,895,209431,California
Solano,2021-05-07,2761,350611,1908,176373,736,166019,117,8219,959,62830,1795,147675,1074,210505,California
Solano,2021-05-08,1370,351981,830,177203,425,166444,115,8334,477,62532,890,148565,592,211097,California
Solano,2021-05-09,417,352398,241,177444,165,166609,11,8345,155,62440,259,148824,167,211264,California
Solano,2021-05-10,1316,353714,604,178048,609,167218,103,8448,382,61995,931,149755,486,211750,California
Solano,2021-05-11,2241,355955,1132,179180,1025,168243,84,8532,629,61101,1607,151362,713,212463,California
Solano,2021-05-12,2047,358002,1152,180332,725,168968,170,8702,680,60592,1357,152719,848,213311,California
Solano,2021-05-13,2875,360877,1976,182308,691,169659,208,8910,1521,60970,1351,154070,1729,215040,California
Solano,2021-05-14,2410,363287,1622,183930,668,170327,120,9030,1009,60707,1392,155462,1129,216169,California
Solano,2021-05-15,2863,366150,2232,186162,569,170896,62,9092,1177,60271,1675,157137,1239,217408,California
Solano,2021-05-16,1486,367636,1090,187252,363,171259,33,9125,241,59302,1242,158379,273,217681,California
Solano,2021-05-17,2453,370089,1405,188657,963,172222,85,9210,935,58820,1498,159877,1016,218697,California
Solano,2021-05-18,2800,372889,1512,190169,1199,173421,89,9299,1389,58898,1399,161276,1477,220174,California
Solano,2021-05-19,4892,377781,3363,193532,1423,174844,106,9405,2277,58678,2604,163880,2384,222558,California
Solano,2021-05-20,2232,380013,1340,194872,842,175686,50,9455,963,58429,1262,165142,1013,223571,California
Solano,2021-05-21,3133,383146,1586,196458,1487,177173,60,9515,1247,57861,1875,167017,1307,224878,California
Solano,2021-05-22,2132,385278,1649,198107,425,177598,58,9573,909,57612,1216,168233,967,225845,California
Solano,2021-05-23,1198,386476,1037,199144,151,177749,10,9583,663,57753,532,168765,673,226518,California
Solano,2021-05-24,1822,388298,1030,200174,722,178471,70,9653,634,57273,1183,169948,703,227221,California
Solano,2021-05-25,1607,389905,813,200987,738,179209,56,9709,589,56908,1010,170958,645,227866,California
Solano,2021-05-26,1851,391756,1063,202050,736,179945,52,9761,758,56633,1085,172043,810,228676,California
Solano,2021-05-27,1786,393542,779,202829,938,180883,69,9830,803,56526,978,173021,871,229547,California
Solano,2021-05-28,1289,394831,608,203437,655,181538,26,9856,358,55987,924,173945,385,229932,California
Sonoma,2020-12-15,4,4,4,4,0,0,0,0,4,4,0,0,4,4,California
Sonoma,2020-12-16,27,31,27,31,0,0,0,0,27,31,0,0,27,31,California
Sonoma,2020-12-17,105,136,105,136,0,0,0,0,105,136,0,0,105,136,California
Sonoma,2020-12-18,423,559,423,559,0,0,0,0,423,559,0,0,423,559,California
Sonoma,2020-12-19,112,671,111,670,1,1,0,0,112,671,0,0,112,671,California
Sonoma,2020-12-20,175,846,175,845,0,1,0,0,175,846,0,0,175,846,California
Sonoma,2020-12-21,910,1756,908,1753,2,3,0,0,909,1755,0,0,909,1755,California
Sonoma,2020-12-22,1354,3110,1263,3016,91,94,0,0,1354,3109,0,0,1354,3109,California
Sonoma,2020-12-23,1608,4718,1233,4249,375,469,0,0,1609,4718,0,0,1609,4718,California
Sonoma,2020-12-24,305,5023,101,4350,204,673,0,0,305,5023,0,0,305,5023,California
Sonoma,2020-12-25,8,5031,2,4352,6,679,0,0,8,5031,0,0,8,5031,California
Sonoma,2020-12-26,268,5299,257,4609,11,690,0,0,268,5299,0,0,268,5299,California
Sonoma,2020-12-27,94,5393,80,4689,14,704,0,0,94,5393,0,0,94,5393,California
Sonoma,2020-12-28,985,6378,552,5241,433,1137,0,0,956,6349,0,0,956,6349,California
Sonoma,2020-12-29,1129,7507,777,6018,352,1489,0,0,1096,7445,0,0,1096,7445,California
Sonoma,2020-12-30,1094,8601,479,6497,615,2104,0,0,1086,8531,0,0,1086,8531,California
Sonoma,2020-12-31,517,9118,71,6568,446,2550,0,0,518,9049,0,0,518,9049,California
Sonoma,2021-01-01,15,9133,8,6576,7,2557,0,0,15,9064,0,0,15,9064,California
Sonoma,2021-01-02,132,9265,125,6701,7,2564,0,0,132,9196,0,0,132,9196,California
Sonoma,2021-01-03,24,9289,10,6711,14,2578,0,0,24,9220,0,0,24,9220,California
Sonoma,2021-01-04,343,9632,106,6817,237,2815,0,0,342,9562,0,0,342,9562,California
Sonoma,2021-01-05,435,10067,102,6919,333,3148,0,0,410,9957,15,15,410,9972,California
Sonoma,2021-01-06,952,11019,435,7354,517,3665,0,0,840,10691,106,121,840,10812,California
Sonoma,2021-01-07,1032,12051,537,7891,495,4160,0,0,861,11382,170,291,861,11673,California
Sonoma,2021-01-08,1794,13845,1234,9125,560,4720,0,0,1321,12232,471,762,1321,12994,California
Sonoma,2021-01-09,640,14485,404,9529,236,4956,0,0,591,12774,49,811,591,13585,California
Sonoma,2021-01-10,472,14957,461,9990,11,4967,0,0,277,12856,195,1006,277,13862,California
Sonoma,2021-01-11,1385,16342,1238,11228,147,5114,0,0,414,12304,966,1972,414,14276,California
Sonoma,2021-01-12,1545,17887,1292,12520,253,5367,0,0,395,11551,1148,3120,395,14671,California
Sonoma,2021-01-13,2048,19935,1368,13888,680,6047,0,0,1181,11869,864,3984,1182,15853,California
Sonoma,2021-01-14,1541,21476,808,14696,733,6780,0,0,1311,12950,230,4214,1311,17164,California
Sonoma,2021-01-15,1560,23036,628,15324,932,7712,0,0,1339,14078,212,4426,1340,18504,California
Sonoma,2021-01-16,1146,24182,618,15942,528,8240,0,0,898,14732,244,4670,898,19402,California
Sonoma,2021-01-17,669,24851,548,16490,121,8361,0,0,589,15241,80,4750,589,19991,California
Sonoma,2021-01-18,1114,25965,938,17428,176,8537,0,0,624,15376,490,5240,625,20616,California
Sonoma,2021-01-19,2100,28065,1005,18433,1095,9632,0,0,1388,16055,710,5950,1389,22005,California
Sonoma,2021-01-20,2088,30153,629,19062,1459,11091,0,0,1424,16826,654,6604,1425,23430,California
Sonoma,2021-01-21,2269,32422,647,19709,1622,12713,0,0,2048,18656,219,6823,2049,25479,California
Sonoma,2021-01-22,2743,35165,1045,20754,1698,14411,0,0,2594,21102,148,6971,2594,28073,California
Sonoma,2021-01-23,765,35930,593,21347,172,14583,0,0,658,21654,106,7077,658,28731,California
Sonoma,2021-01-24,848,36778,717,22064,131,14714,0,0,831,22468,17,7094,831,29562,California
Sonoma,2021-01-25,2178,38956,520,22584,1658,16372,0,0,1692,23674,486,7580,1692,31254,California
Sonoma,2021-01-26,2016,40972,302,22886,1714,18086,0,0,1561,24781,454,8034,1561,32815,California
Sonoma,2021-01-27,3708,44680,1279,24165,2429,20515,0,0,3134,27346,572,8606,3137,35952,California
Sonoma,2021-01-28,4122,48802,1850,26015,2272,22787,0,0,3448,30124,671,9277,3449,39401,California
Sonoma,2021-01-29,2970,51772,1411,27426,1559,24346,0,0,2133,31423,835,10112,2134,41535,California
Sonoma,2021-01-30,2591,54363,2402,29828,189,24535,0,0,2248,33329,343,10455,2249,43784,California
Sonoma,2021-01-31,809,55172,697,30525,112,24647,0,0,580,33681,228,10683,580,44364,California
Sonoma,2021-02-01,2475,57647,852,31377,1623,26270,0,0,2098,35405,374,11057,2098,46462,California
Sonoma,2021-02-02,3526,61173,1372,32749,2154,28424,0,0,2958,37798,565,11622,2958,49420,California
Sonoma,2021-02-03,4048,65221,1325,34074,2723,31147,0,0,3116,39986,928,12550,3116,52536,California
Sonoma,2021-02-04,4216,69437,1728,35802,2488,33635,0,0,3426,42625,788,13338,3427,55963,California
Sonoma,2021-02-05,4822,74259,1741,37543,3081,36716,0,0,3800,45408,1018,14356,3801,59764,California
Sonoma,2021-02-06,2639,76898,2278,39821,361,37077,0,0,2108,46986,530,14886,2108,61872,California
Sonoma,2021-02-07,1539,78437,1403,41224,136,37213,0,0,1287,48021,252,15138,1287,63159,California
Sonoma,2021-02-08,3267,81704,1039,42263,2228,39441,0,0,2678,50111,588,15726,2678,65837,California
Sonoma,2021-02-09,3576,85280,1704,43967,1872,41313,0,0,3097,52732,477,16203,3098,68935,California
Sonoma,2021-02-10,4552,89832,2484,46451,2068,43381,0,0,3545,55276,1002,17205,3546,72481,California
Sonoma,2021-02-11,5592,95424,3027,49478,2565,45946,0,0,4402,58490,1188,18393,4402,76883,California
Sonoma,2021-02-12,5909,101333,3247,52725,2662,48608,0,0,4480,61548,1425,19818,4483,81366,California
Sonoma,2021-02-13,1990,103323,1151,53876,839,49447,0,0,1205,61971,782,20600,1205,82571,California
Sonoma,2021-02-14,2312,105635,1819,55695,493,49940,0,0,1568,62796,743,21343,1568,84139,California
Sonoma,2021-02-15,2148,107783,793,56488,1355,51295,0,0,1608,63864,540,21883,1608,85747,California
Sonoma,2021-02-16,4907,112690,2057,58545,2850,54145,0,0,3646,66254,1257,23140,3647,89394,California
Sonoma,2021-02-17,5608,118298,2904,61449,2704,56849,0,0,3578,67813,2021,25161,3580,92974,California
Sonoma,2021-02-18,6938,125236,3138,64587,3800,60649,0,0,4001,68889,2927,28088,4003,96977,California
Sonoma,2021-02-19,5520,130756,1665,66252,3855,64504,0,0,3421,70217,2094,30182,3422,100399,California
Sonoma,2021-02-20,3107,133863,2830,69082,277,64781,0,0,1206,69527,1896,32078,1206,101605,California
Sonoma,2021-02-21,533,134396,428,69510,105,64886,0,0,141,69279,389,32467,141,101746,California
Sonoma,2021-02-22,2875,137271,1355,70865,1520,66406,0,0,1193,68796,1677,34144,1194,102940,California
Sonoma,2021-02-23,3378,140649,2082,72947,1296,67702,0,0,1627,68676,1747,35891,1627,104567,California
Sonoma,2021-02-24,5651,146300,2550,75497,3101,70803,0,0,2921,68873,2725,38616,2922,107489,California
Sonoma,2021-02-25,5808,152108,2241,77738,3567,74370,0,0,3116,69320,2669,41285,3116,110605,California
Sonoma,2021-02-26,6271,158379,2763,80501,3508,77878,0,0,3976,71007,2289,43574,3976,114581,California
Sonoma,2021-02-27,4062,162441,1923,82424,2139,80017,0,0,2711,72369,1349,44923,2711,117292,California
Sonoma,2021-02-28,2325,164766,1838,84262,487,80504,0,0,610,71278,1701,46624,610,117902,California
Sonoma,2021-03-01,3762,168528,1149,85411,2612,83116,1,1,1895,71318,1857,48481,1897,119799,California
Sonoma,2021-03-02,4388,172916,1514,86925,2874,85990,0,1,2565,72067,1816,50297,2565,122364,California
Sonoma,2021-03-03,5062,177978,2639,89564,2423,88413,0,1,2331,71674,2724,53021,2331,124695,California
Sonoma,2021-03-04,5952,183930,2683,92247,3269,91682,0,1,2587,70910,3351,56372,2587,127282,California
Sonoma,2021-03-05,6491,190421,2863,95110,3613,95295,15,16,2747,69943,3730,60102,2763,130045,California
Sonoma,2021-03-06,2793,193214,1220,96330,1438,96733,135,151,1920,71131,866,60968,2054,132099,California
Sonoma,2021-03-07,1712,194926,1399,97729,278,97011,35,186,382,70220,1328,62296,417,132516,California
Sonoma,2021-03-08,4064,198990,662,98391,3227,100238,175,361,2391,71122,1662,63958,2564,135080,California
Sonoma,2021-03-09,5577,204567,3086,101477,2248,102486,243,604,2748,71291,2822,66780,2991,138071,California
Sonoma,2021-03-10,6000,210567,3207,104684,2465,104951,328,932,2428,70488,3558,70338,2755,140826,California
Sonoma,2021-03-11,7546,218113,3013,107697,3713,108664,820,1752,2571,68915,4965,75303,3392,144218,California
Sonoma,2021-03-12,7404,225517,2269,109966,3772,112436,1363,3115,2108,67105,5277,80580,3467,147685,California
Sonoma,2021-03-13,3408,228925,1690,111656,1482,113918,236,3351,1999,67931,1408,81988,2234,149919,California
Sonoma,2021-03-14,1385,230310,386,112042,858,114776,141,3492,848,68385,534,82522,988,150907,California
Sonoma,2021-03-15,5246,235556,1515,113557,3345,118121,386,3878,2196,67926,3039,85561,2580,153487,California
Sonoma,2021-03-16,6288,241844,2248,115805,3809,121930,231,4109,2904,67682,3377,88938,3133,156620,California
Sonoma,2021-03-17,6759,248603,3531,119336,3048,124978,180,4289,3281,67676,3466,92404,3460,160080,California
Sonoma,2021-03-18,7133,255736,2940,122276,3578,128556,615,4904,3181,67528,3941,96345,3793,163873,California
Sonoma,2021-03-19,7504,263240,3251,125527,4022,132578,231,5135,3200,66679,4285,100630,3436,167309,California
Sonoma,2021-03-20,3713,266953,1753,127280,1130,133708,830,5965,2035,67869,1670,102300,2860,170169,California
Sonoma,2021-03-21,1384,268337,603,127883,748,134456,33,5998,1212,68946,168,102468,1245,171414,California
Sonoma,2021-03-22,4549,272886,3110,130993,1336,135792,103,6101,3433,71372,1110,103578,3536,174950,California
Sonoma,2021-03-23,5838,278724,3635,134628,2128,137920,75,6176,4412,74443,1416,104994,4487,179437,California
Sonoma,2021-03-24,6801,285525,4277,138905,2457,140377,67,6243,4163,76054,2618,107612,4229,183666,California
Sonoma,2021-03-25,7116,292641,4201,143106,2805,143182,110,6353,4328,77730,2763,110375,4439,188105,California
Sonoma,2021-03-26,7453,300094,3466,146572,3892,147074,95,6448,3923,78237,3511,113886,4018,192123,California
Sonoma,2021-03-27,3863,303957,1510,148082,1991,149065,362,6810,1123,76991,2731,116617,1485,193608,California
Sonoma,2021-03-28,1511,305468,950,149032,534,149599,27,6837,944,77398,564,117181,971,194579,California
Sonoma,2021-03-29,2959,308427,1104,150136,1822,151421,33,6870,1666,77810,1287,118468,1699,196278,California
Sonoma,2021-03-30,5839,314266,3215,153351,2562,153983,62,6932,3046,78133,2786,121254,3109,199387,California
Sonoma,2021-03-31,5620,319886,3406,156757,2000,155983,214,7146,3246,79235,2361,123615,3463,202850,California
Sonoma,2021-04-01,6776,326662,4038,160795,2398,158381,340,7486,3626,80067,3126,126741,3958,206808,California
Sonoma,2021-04-02,5962,332624,3572,164367,2281,160662,109,7595,3581,81384,2373,129114,3690,210498,California
Sonoma,2021-04-03,3655,336279,1827,166194,1603,162265,225,7820,1611,81186,2032,131146,1834,212332,California
Sonoma,2021-04-04,1063,337342,692,166886,280,162545,91,7911,658,81534,401,131547,749,213081,California
Sonoma,2021-04-05,4406,341748,625,167511,3438,165983,343,8254,1657,80791,2742,134289,1999,215080,California
Sonoma,2021-04-06,6890,348638,3491,171002,2993,168976,406,8660,4004,82328,2872,137161,4409,219489,California
Sonoma,2021-04-07,6831,355469,3856,174858,2135,171111,840,9500,3332,83012,3490,140651,4174,223663,California
Sonoma,2021-04-08,7587,363056,4128,178986,2686,173797,773,10273,4159,84525,3419,144070,4932,228595,California
Sonoma,2021-04-09,6816,369872,3795,182781,2137,175934,884,11157,3513,85629,3290,147360,4394,232989,California
Sonoma,2021-04-10,3880,373752,1688,184469,1635,177569,557,11714,1131,84573,2740,150100,1684,234673,California
Sonoma,2021-04-11,1282,375034,605,185074,595,178164,82,11796,437,84248,844,150944,519,235192,California
Sonoma,2021-04-12,4930,379964,2050,187124,2398,180562,482,12278,1839,83482,3080,154024,2314,237506,California
Sonoma,2021-04-13,7806,387770,4622,191746,3182,183744,2,12280,2964,81617,4831,158855,2966,240472,California
Sonoma,2021-04-14,6549,394319,3728,195474,2801,186545,20,12300,2529,80158,4007,162862,2548,243020,California
Sonoma,2021-04-15,7226,401545,4098,199572,3128,189673,0,12300,3566,80077,3648,166510,3567,246587,California
Sonoma,2021-04-16,6786,408331,3409,202981,3375,193048,2,12302,3841,80982,2938,169448,3843,250430,California
Sonoma,2021-04-17,3191,411522,1554,204535,1637,194685,0,12302,1543,80891,1635,171083,1544,251974,California
Sonoma,2021-04-18,1290,412812,893,205428,397,195082,0,12302,453,80508,836,171919,453,252427,California
Sonoma,2021-04-19,3308,416120,1872,207300,1435,196517,1,12303,1447,80099,1857,173776,1448,253875,California
Sonoma,2021-04-20,6259,422379,3459,210759,2800,199317,0,12303,2346,78544,3902,177678,2347,256222,California
Sonoma,2021-04-21,6542,428921,4213,214972,2327,201644,2,12305,2979,77979,3545,181223,2980,259202,California
Sonoma,2021-04-22,6218,435139,4468,219440,1750,203394,0,12305,2509,76794,3694,184917,2509,261711,California
Sonoma,2021-04-23,7419,442558,4623,224063,2790,206184,6,12311,3626,76647,3780,188697,3633,265344,California
Sonoma,2021-04-24,2775,445333,1511,225574,1250,207434,14,12325,1546,76983,1224,189921,1560,266904,California
Sonoma,2021-04-25,1086,446419,788,226362,298,207732,0,12325,435,76770,648,190569,435,267339,California
Sonoma,2021-04-26,2777,449196,1293,227655,1456,209188,28,12353,1517,77062,1253,191822,1545,268884,California
Sonoma,2021-04-27,5321,454517,3634,231289,1588,210776,99,12452,2164,76180,3144,194966,2262,271146,California
Sonoma,2021-04-28,4867,459384,3199,234488,1473,212249,195,12647,2094,75707,2757,197723,2284,273430,California
Sonoma,2021-04-29,4822,464206,3436,237924,1241,213490,145,12792,1766,74571,3047,200770,1911,275341,California
Sonoma,2021-04-30,5439,469645,3621,241545,1525,215015,293,13085,1815,73067,3611,204381,2107,277448,California
Sonoma,2021-05-01,2478,472123,1779,243324,593,215608,106,13191,1234,73168,1236,205617,1337,278785,California
Sonoma,2021-05-02,864,472987,644,243968,169,215777,51,13242,553,73462,311,205928,605,279390,California
Sonoma,2021-05-03,3179,476166,1680,245648,1354,217131,145,13387,1054,72543,2116,208044,1197,280587,California
Sonoma,2021-05-04,4581,480747,2410,248058,1994,219125,177,13564,1478,71110,3083,211127,1650,282237,California
Sonoma,2021-05-05,3664,484411,2182,250240,1289,220414,193,13757,1308,70263,2346,213473,1499,283736,California
Sonoma,2021-05-06,4504,488915,2407,252647,1970,222384,127,13884,1345,68587,3146,216619,1470,285206,California
Sonoma,2021-05-07,3592,492507,2315,254962,1155,223539,122,14006,1087,67301,2495,219114,1209,286415,California
Sonoma,2021-05-08,1847,494354,1256,256218,499,224038,92,14098,752,67054,1091,220205,844,287259,California
Sonoma,2021-05-09,510,494864,294,256512,175,224213,41,14139,182,66952,325,220530,223,287482,California
Sonoma,2021-05-10,2297,497161,1034,257546,1129,225342,134,14273,281,65362,2002,222532,412,287894,California
Sonoma,2021-05-11,3505,500666,1897,259443,1493,226835,115,14388,956,63897,2536,225068,1071,288965,California
Sonoma,2021-05-12,3919,504585,2446,261889,1335,228170,138,14526,854,61834,3055,228123,992,289957,California
Sonoma,2021-05-13,4721,509306,2714,264603,1893,230063,114,14640,1565,60366,3145,231268,1677,291634,California
Sonoma,2021-05-14,5801,515107,3601,268204,2063,232126,137,14777,2220,59157,3567,234835,2358,293992,California
Sonoma,2021-05-15,2916,518023,2144,270348,710,232836,62,14839,1837,59984,1071,235906,1898,295890,California
Sonoma,2021-05-16,1034,519057,818,271166,157,232993,59,14898,699,60411,331,236237,758,296648,California
Sonoma,2021-05-17,2445,521502,1819,272985,531,233524,95,14993,963,59991,1477,237714,1057,297705,California
Sonoma,2021-05-18,4314,525816,2849,275834,1356,234880,109,15102,1518,58839,2778,240492,1626,299331,California
Sonoma,2021-05-19,3716,529532,2394,278228,1208,236088,114,15216,1539,58327,2165,242657,1653,300984,California
Sonoma,2021-05-20,3028,532560,2070,280298,866,236954,92,15308,1365,58125,1654,244311,1452,302436,California
Sonoma,2021-05-21,3785,536345,2144,282442,1513,238467,128,15436,1350,57175,2415,246726,1465,303901,California
Sonoma,2021-05-22,2027,538372,1084,283526,904,239371,39,15475,555,56309,1460,248186,594,304495,California
Sonoma,2021-05-23,1111,539483,962,284488,136,239507,13,15488,576,56369,529,248715,589,305084,California
Sonoma,2021-05-24,1905,541388,1201,285689,577,240084,127,15615,638,55897,1236,249951,764,305848,California
Sonoma,2021-05-25,2887,544275,1785,287474,1019,241103,83,15698,773,54650,2100,252051,853,306701,California
Sonoma,2021-05-26,2432,546707,1715,289189,620,241723,97,15795,1001,54324,1420,253471,1094,307795,California
Sonoma,2021-05-27,2034,548741,1124,290313,819,242542,91,15886,761,53911,1264,254735,851,308646,California
Sonoma,2021-05-28,1518,550259,874,291187,611,243153,33,15919,353,53142,1155,255890,386,309032,California
Stanislaus,2020-12-15,3,3,3,3,0,0,0,0,3,3,0,0,3,3,California
Stanislaus,2020-12-16,37,40,37,40,0,0,0,0,37,40,0,0,37,40,California
Stanislaus,2020-12-17,75,115,75,115,0,0,0,0,75,115,0,0,75,115,California
Stanislaus,2020-12-18,338,453,332,447,6,6,0,0,338,453,0,0,338,453,California
Stanislaus,2020-12-19,134,587,134,581,0,6,0,0,134,587,0,0,134,587,California
Stanislaus,2020-12-20,86,673,86,667,0,6,0,0,86,673,0,0,86,673,California
Stanislaus,2020-12-21,1000,1673,999,1666,1,7,0,0,999,1672,1,1,1000,1673,California
Stanislaus,2020-12-22,795,2468,783,2449,12,19,0,0,795,2467,0,1,795,2468,California
Stanislaus,2020-12-23,450,2918,432,2881,18,37,0,0,449,2916,1,2,450,2918,California
Stanislaus,2020-12-24,98,3016,89,2970,9,46,0,0,98,3014,0,2,98,3016,California
Stanislaus,2020-12-26,52,3068,9,2979,43,89,0,0,52,3066,0,2,52,3068,California
Stanislaus,2020-12-27,11,3079,6,2985,5,94,0,0,11,3077,0,2,11,3079,California
Stanislaus,2020-12-28,488,3567,395,3380,93,187,0,0,488,3565,0,2,488,3567,California
Stanislaus,2020-12-29,494,4061,415,3795,79,266,0,0,494,4059,0,2,494,4061,California
Stanislaus,2020-12-30,535,4596,280,4075,255,521,0,0,534,4592,1,3,534,4595,California
Stanislaus,2020-12-31,275,4871,156,4231,119,640,0,0,275,4867,0,3,275,4870,California
Stanislaus,2021-01-01,13,4884,5,4236,8,648,0,0,13,4880,0,3,13,4883,California
Stanislaus,2021-01-02,34,4918,26,4262,8,656,0,0,34,4914,0,3,34,4917,California
Stanislaus,2021-01-03,90,5008,87,4349,3,659,0,0,90,5004,0,3,90,5007,California
Stanislaus,2021-01-04,232,5240,152,4501,80,739,0,0,232,5236,0,3,232,5239,California
Stanislaus,2021-01-05,837,6077,345,4846,492,1231,0,0,812,6032,24,27,820,6059,California
Stanislaus,2021-01-06,1004,7081,600,5446,404,1635,0,0,931,6895,70,97,933,6992,California
Stanislaus,2021-01-07,1079,8160,703,6149,376,2011,0,0,888,7600,185,282,890,7882,California
Stanislaus,2021-01-08,1276,9436,720,6869,556,2567,0,0,932,8197,341,623,938,8820,California
Stanislaus,2021-01-09,288,9724,142,7011,146,2713,0,0,198,8305,90,713,198,9018,California
Stanislaus,2021-01-10,48,9772,22,7033,26,2739,0,0,29,8315,19,732,29,9047,California
Stanislaus,2021-01-11,1498,11270,1218,8251,280,3019,0,0,569,7979,923,1655,587,9634,California
Stanislaus,2021-01-12,1470,12740,864,9115,606,3625,0,0,830,8183,636,2291,840,10474,California
Stanislaus,2021-01-13,1448,14188,689,9804,759,4384,0,0,1124,8994,323,2614,1134,11608,California
Stanislaus,2021-01-14,2238,16426,283,10087,1955,6339,0,0,2066,10961,169,2783,2136,13744,California
Stanislaus,2021-01-15,2829,19255,1162,11249,1667,8006,0,0,2675,13567,150,2933,2756,16500,California
Stanislaus,2021-01-16,473,19728,50,11299,423,8429,0,0,455,14007,17,2950,457,16957,California
Stanislaus,2021-01-17,244,19972,202,11501,42,8471,0,0,237,14238,6,2956,237,17194,California
Stanislaus,2021-01-18,2187,22159,1022,12523,1165,9636,0,0,1797,15724,385,3341,1871,19065,California
Stanislaus,2021-01-19,1255,23414,724,13247,531,10167,0,0,806,16086,445,3786,807,19872,California
Stanislaus,2021-01-20,1012,24426,490,13737,522,10689,0,0,717,16509,294,4080,717,20589,California
Stanislaus,2021-01-21,3693,28119,2977,16714,716,11405,0,0,3366,19660,323,4403,3474,24063,California
Stanislaus,2021-01-22,1094,29213,308,17022,786,12191,0,0,1049,20671,41,4444,1052,25115,California
Stanislaus,2021-01-23,358,29571,44,17066,314,12505,0,0,299,20913,58,4502,300,25415,California
Stanislaus,2021-01-24,302,29873,100,17166,202,12707,0,0,236,21085,66,4568,238,25653,California
Stanislaus,2021-01-25,3158,33031,227,17393,2931,15638,0,0,2829,23771,293,4861,2979,28632,California
Stanislaus,2021-01-26,1729,34760,747,18140,982,16620,0,0,1300,24666,422,5283,1317,29949,California
Stanislaus,2021-01-27,1893,36653,1054,19194,839,17459,0,0,1188,25195,660,5943,1189,31138,California
Stanislaus,2021-01-28,2209,38862,1511,20705,698,18157,0,0,1719,26493,482,6425,1780,32918,California
Stanislaus,2021-01-29,2442,41304,1195,21900,1247,19404,0,0,1910,27966,486,6911,1959,34877,California
Stanislaus,2021-01-30,294,41598,133,22033,161,19565,0,0,230,28143,53,6964,230,35107,California
Stanislaus,2021-01-31,369,41967,315,22348,54,19619,0,0,354,28485,12,6976,354,35461,California
Stanislaus,2021-02-01,1297,43264,586,22934,711,20330,0,0,942,29083,345,7321,943,36404,California
Stanislaus,2021-02-02,1211,44475,348,23282,863,21193,0,0,777,29439,423,7744,779,37183,California
Stanislaus,2021-02-03,2611,47086,1229,24511,1382,22575,0,0,1914,30675,691,8435,1927,39110,California
Stanislaus,2021-02-04,2090,49176,709,25220,1381,23956,0,0,1581,31766,495,8930,1586,40696,California
Stanislaus,2021-02-05,2856,52032,1473,26693,1383,25339,0,0,1592,32167,1204,10134,1605,42301,California
Stanislaus,2021-02-06,886,52918,300,26993,586,25925,0,0,694,32673,190,10324,696,42997,California
Stanislaus,2021-02-07,233,53151,208,27201,25,25950,0,0,43,32530,187,10511,44,43041,California
Stanislaus,2021-02-08,2036,55187,1335,28536,701,26651,0,0,1100,32756,895,11406,1121,44162,California
Stanislaus,2021-02-09,1841,57028,784,29320,1057,27708,0,0,1045,33036,773,12179,1053,45215,California
Stanislaus,2021-02-10,1934,58962,533,29853,1401,29109,0,0,1011,33147,902,13081,1013,46228,California
Stanislaus,2021-02-11,5396,64358,3274,33127,2122,31231,0,0,1232,30432,3953,17034,1238,47466,California
Stanislaus,2021-02-12,3303,67661,916,34043,2387,33618,0,0,1452,30121,1771,18805,1460,48926,California
Stanislaus,2021-02-13,1353,69014,652,34695,701,34319,0,0,982,30741,366,19171,986,49912,California
Stanislaus,2021-02-14,421,69435,167,34862,254,34573,0,0,353,31028,66,19237,353,50265,California
Stanislaus,2021-02-15,1817,71252,230,35092,1587,36160,0,0,582,30493,1121,20358,586,50851,California
Stanislaus,2021-02-16,1363,72615,423,35515,940,37100,0,0,580,30304,771,21129,582,51433,California
Stanislaus,2021-02-17,2756,75371,1688,37203,1068,38168,0,0,1922,31408,829,21958,1933,53366,California
Stanislaus,2021-02-18,3359,78730,1900,39103,1459,39627,0,0,1778,31724,1495,23453,1811,55177,California
Stanislaus,2021-02-19,2763,81493,1068,40171,1695,41322,0,0,1516,32060,1204,24657,1540,56717,California
Stanislaus,2021-02-20,751,82244,382,40553,369,41691,0,0,474,32279,257,24914,476,57193,California
Stanislaus,2021-02-21,905,83149,691,41244,214,41905,0,0,544,32497,337,25251,555,57748,California
Stanislaus,2021-02-22,2347,85496,1696,42940,651,42556,0,0,1631,33434,696,25947,1633,59381,California
Stanislaus,2021-02-23,3745,89241,678,43618,3067,45623,0,0,1739,33338,1846,27793,1750,61131,California
Stanislaus,2021-02-24,4183,93424,2849,46467,1334,46957,0,0,3124,35425,1040,28833,3127,64258,California
Stanislaus,2021-02-25,3953,97377,2716,49183,1237,48194,0,0,3149,37792,785,29618,3152,67410,California
Stanislaus,2021-02-26,4207,101584,1219,50402,2988,51182,0,0,2840,39331,1311,30929,2850,70260,California
Stanislaus,2021-02-27,2091,103675,710,51112,1380,52562,1,1,1858,40986,205,31134,1860,72120,California
Stanislaus,2021-02-28,819,104494,262,51374,557,53119,0,1,769,41716,40,31174,770,72890,California
Stanislaus,2021-03-01,2775,107269,1632,53006,1141,54260,2,3,1631,42254,1105,32279,1643,74533,California
Stanislaus,2021-03-02,2398,109667,1426,54432,971,55231,1,4,1662,43195,724,33003,1665,76198,California
Stanislaus,2021-03-03,3714,113381,2229,56661,1481,56712,4,8,2908,45317,789,33792,2911,79109,California
Stanislaus,2021-03-04,5444,118825,3106,59767,2322,59034,16,24,4194,48304,1219,35011,4206,83315,California
Stanislaus,2021-03-05,4085,122910,1119,60886,2950,61984,16,40,3089,50441,967,35978,3104,86419,California
Stanislaus,2021-03-06,3578,126488,2230,63116,1255,63239,93,133,2723,52408,851,36829,2818,89237,California
Stanislaus,2021-03-07,852,127340,390,63506,426,63665,36,169,663,52924,183,37012,699,89936,California
Stanislaus,2021-03-08,1993,129333,862,64368,1042,64707,89,258,1332,53702,642,37654,1420,91356,California
Stanislaus,2021-03-09,2179,131512,903,65271,1184,65891,92,350,1637,54905,530,38184,1733,93089,California
Stanislaus,2021-03-10,5073,136585,2508,67779,2342,68233,223,573,3744,57575,1310,39494,3980,97069,California
Stanislaus,2021-03-11,5720,142305,3143,70922,2101,70334,476,1049,4126,60756,1425,40919,4606,101675,California
Stanislaus,2021-03-12,5769,148074,1231,72153,2616,72950,1922,2971,2913,62757,2831,43750,4832,106507,California
Stanislaus,2021-03-13,3384,151458,2182,74335,1132,74082,70,3041,2689,64835,687,44437,2765,109272,California
Stanislaus,2021-03-14,996,152454,595,74930,350,74432,51,3092,490,64876,503,44940,544,109816,California
Stanislaus,2021-03-15,3695,156149,1977,76907,1357,75789,361,3453,1606,64856,1993,46933,1973,111789,California
Stanislaus,2021-03-16,4927,161076,2455,79362,2060,77849,412,3865,3548,67457,1358,48291,3959,115748,California
Stanislaus,2021-03-17,4721,165797,2855,82217,1688,79537,178,4043,2884,68716,1809,50100,3068,118816,California
Stanislaus,2021-03-18,5426,171223,3425,85642,1935,81472,66,4109,2932,69378,2341,52441,3003,121819,California
Stanislaus,2021-03-19,5919,177142,1532,87174,2863,84335,1524,5633,3098,71215,2782,55223,4619,126438,California
Stanislaus,2021-03-20,3841,180983,3007,90181,766,85101,68,5701,3364,74179,469,55692,3433,129871,California
Stanislaus,2021-03-21,1003,181986,902,91083,36,85137,65,5766,761,74766,239,55931,826,130697,California
Stanislaus,2021-03-22,2814,184800,1323,92406,766,85903,725,6491,1240,75184,1549,57480,1967,132664,California
Stanislaus,2021-03-23,3949,188749,2022,94428,1667,87570,260,6751,2806,77143,1127,58607,3086,135750,California
Stanislaus,2021-03-24,4555,193304,3223,97651,1264,88834,68,6819,2639,77984,1869,60476,2710,138460,California
Stanislaus,2021-03-25,4252,197556,2923,100574,1312,90146,17,6836,1818,77464,2356,62832,1836,140296,California
Stanislaus,2021-03-26,4752,202308,1336,101910,3341,93487,75,6911,2380,77593,2339,65171,2468,142764,California
Stanislaus,2021-03-27,4414,206722,2743,104653,1589,95076,82,6993,1392,76071,3004,68175,1482,144246,California
Stanislaus,2021-03-28,1106,207828,442,105095,557,95633,107,7100,322,75734,772,68947,435,144681,California
Stanislaus,2021-03-29,2982,210810,1829,106924,1114,96747,39,7139,1987,76781,985,69932,2032,146713,California
Stanislaus,2021-03-30,3681,214491,2067,108991,1587,98334,27,7166,2237,77616,1435,71367,2270,148983,California
Stanislaus,2021-03-31,5423,219914,3850,112841,1455,99789,118,7284,2772,77878,2632,73999,2894,151877,California
Stanislaus,2021-04-01,5742,225656,3836,116677,1815,101604,91,7375,2629,77514,3095,77094,2731,154608,California
Stanislaus,2021-04-02,5003,230659,1211,117888,3638,105242,154,7529,2231,77226,2684,79778,2396,157004,California
Stanislaus,2021-04-03,4546,235205,3303,121191,1206,106448,37,7566,2242,77223,2294,82072,2291,159295,California
Stanislaus,2021-04-04,1319,236524,471,121662,818,107266,30,7596,651,77246,662,82734,685,159980,California
Stanislaus,2021-04-05,3639,240163,2533,124195,856,108122,250,7846,2356,78583,1273,84007,2610,162590,California
Stanislaus,2021-04-06,5750,245913,4169,128364,1305,109427,276,8122,3074,79276,2663,86670,3356,165946,California
Stanislaus,2021-04-07,6350,252263,3601,131965,2327,111754,422,8544,2830,79030,3504,90174,3258,169204,California
Stanislaus,2021-04-08,5676,257939,3320,135285,1925,113679,431,8975,2770,79351,2884,93058,3205,172409,California
Stanislaus,2021-04-09,4820,262759,2107,137392,2341,116020,372,9347,2185,79309,2612,95670,2570,174979,California
Stanislaus,2021-04-10,6481,269240,3983,141375,859,116879,1639,10986,1998,78481,4458,100128,3630,178609,California
Stanislaus,2021-04-11,1523,270763,850,142225,540,117419,133,11119,668,78430,853,100981,802,179411,California
Stanislaus,2021-04-12,3594,274357,2045,144270,1102,118521,447,11566,1870,79050,1705,102686,2325,181736,California
Stanislaus,2021-04-13,5194,279551,3419,147689,1762,120283,13,11579,2919,79739,2236,104922,2925,184661,California
Stanislaus,2021-04-14,4653,284204,3253,150942,1398,121681,2,11581,2257,79638,2364,107286,2263,186924,California
Stanislaus,2021-04-15,5387,289591,3315,154257,2070,123751,2,11583,3238,80768,2111,109397,3241,190165,California
Stanislaus,2021-04-16,4310,293901,997,155254,3312,127063,1,11584,1827,80157,2441,111838,1830,191995,California
Stanislaus,2021-04-17,3156,297057,2120,157374,1036,128099,0,11584,1837,80689,1308,113146,1840,193835,California
Stanislaus,2021-04-18,535,297592,221,157595,314,128413,0,11584,410,80983,118,113264,412,194247,California
Stanislaus,2021-04-19,3455,301047,2449,160044,1005,129418,1,11585,1637,80841,1787,115051,1645,195892,California
Stanislaus,2021-04-20,3977,305024,2417,162461,1560,130978,0,11585,1734,80363,2214,117265,1736,197628,California
Stanislaus,2021-04-21,3826,308850,2558,165019,1267,132245,1,11586,1600,79782,2188,119453,1607,199235,California
Stanislaus,2021-04-22,3944,312794,2401,167420,1543,133788,0,11586,1569,79025,2331,121784,1574,200809,California
Stanislaus,2021-04-23,3591,316385,844,168264,2746,136534,1,11587,1461,78455,2039,123823,1469,202278,California
Stanislaus,2021-04-24,3782,320167,2928,171192,854,137388,0,11587,1788,78271,1977,125800,1793,204071,California
Stanislaus,2021-04-25,934,321101,478,171670,456,137844,0,11587,685,78716,244,126044,689,204760,California
Stanislaus,2021-04-26,3251,324352,2288,173958,957,138801,6,11593,964,77422,2268,128312,974,205734,California
Stanislaus,2021-04-27,3950,328302,2754,176712,1154,139955,42,11635,1118,75775,2808,131120,1161,206895,California
Stanislaus,2021-04-28,4240,332542,3010,179722,1168,141123,62,11697,1822,75268,2399,133519,1892,208787,California
Stanislaus,2021-04-29,3603,336145,2249,181971,1306,142429,48,11745,1421,74579,2167,135686,1478,210265,California
Stanislaus,2021-04-30,4491,340636,2046,184017,2361,144790,84,11829,1774,73740,2705,138391,1866,212131,California
Stanislaus,2021-05-01,2702,343338,1922,185939,740,145530,40,11869,1010,73114,1684,140075,1058,213189,California
Stanislaus,2021-05-02,1078,344416,618,186557,424,145954,36,11905,524,73132,548,140623,566,213755,California
Stanislaus,2021-05-03,2411,346827,1925,188482,416,146370,70,11975,909,72627,1488,142111,983,214738,California
Stanislaus,2021-05-04,3461,350288,2466,190948,907,147277,88,12063,1065,71402,2384,144495,1159,215897,California
Stanislaus,2021-05-05,3172,353460,2127,193075,971,148248,74,12137,1078,70483,2075,146570,1156,217053,California
Stanislaus,2021-05-06,3091,356551,2297,195372,688,148936,106,12243,1013,69549,2060,148630,1126,218179,California
Stanislaus,2021-05-07,2300,358851,886,196258,1255,150191,159,12402,939,69294,1354,149984,1099,219278,California
Stanislaus,2021-05-08,1960,360811,1340,197598,587,150778,33,12435,711,68811,1234,151218,751,220029,California
Stanislaus,2021-05-09,706,361517,337,197935,343,151121,26,12461,305,68742,400,151618,331,220360,California
Stanislaus,2021-05-10,1657,363174,1135,199070,444,151565,78,12539,447,68069,1199,152817,526,220886,California
Stanislaus,2021-05-11,2331,365505,1471,200541,704,152269,156,12695,658,67224,1663,154480,818,221704,California
Stanislaus,2021-05-12,2138,367643,1215,201756,823,153092,100,12795,822,66845,1303,155783,924,222628,California
Stanislaus,2021-05-13,1849,369492,1023,202779,711,153803,115,12910,841,66799,1003,156786,957,223585,California
Stanislaus,2021-05-14,2594,372086,1157,203936,1303,155106,134,13044,1196,66749,1381,158167,1331,224916,California
Stanislaus,2021-05-15,2477,374563,1773,205709,654,155760,50,13094,1203,66745,1265,159432,1261,226177,California
Stanislaus,2021-05-16,1015,375578,661,206370,346,156106,8,13102,553,66854,456,159888,565,226742,California
Stanislaus,2021-05-17,1928,377506,1294,207664,553,156659,81,13183,976,66968,946,160834,1060,227802,California
Stanislaus,2021-05-18,2197,379703,1501,209165,582,157241,114,13297,1182,67260,1003,161837,1295,229097,California
Stanislaus,2021-05-19,3016,382719,2065,211230,801,158042,150,13447,1350,67107,1657,163494,1504,230601,California
Stanislaus,2021-05-20,1838,384557,962,212192,776,158818,100,13547,765,66909,1067,164561,869,231470,California
Stanislaus,2021-05-21,2062,386619,966,213158,1004,159822,92,13639,849,66650,1201,165762,942,232412,California
Stanislaus,2021-05-22,1668,388287,1004,214162,597,160419,67,13706,742,66539,919,166681,808,233220,California
Stanislaus,2021-05-23,863,389150,560,214722,291,160710,12,13718,403,66497,457,167138,415,233635,California
Stanislaus,2021-05-24,1550,390700,1063,215785,411,161121,76,13794,600,66234,947,168085,684,234319,California
Stanislaus,2021-05-25,1682,392382,1153,216938,433,161554,96,13890,824,66298,856,168941,920,235239,California
Stanislaus,2021-05-26,1854,394236,1172,218110,637,162191,45,13935,886,66270,959,169900,931,236170,California
Stanislaus,2021-05-27,1685,395921,926,219036,689,162880,70,14005,631,65926,1045,170945,701,236871,California
Stanislaus,2021-05-28,1147,397068,451,219487,636,163516,60,14065,445,65734,697,171642,505,237376,California
Sutter,2020-12-15,1,1,1,1,0,0,0,0,1,1,0,0,1,1,California
Sutter,2020-12-16,4,5,4,5,0,0,0,0,4,5,0,0,4,5,California
Sutter,2020-12-17,2,7,2,7,0,0,0,0,2,7,0,0,2,7,California
Sutter,2020-12-18,20,27,20,27,0,0,0,0,20,27,0,0,20,27,California
Sutter,2020-12-19,44,71,44,71,0,0,0,0,44,71,0,0,44,71,California
Sutter,2020-12-20,42,113,42,113,0,0,0,0,42,113,0,0,42,113,California
Sutter,2020-12-21,100,213,100,213,0,0,0,0,100,213,0,0,100,213,California
Sutter,2020-12-22,172,385,172,385,0,0,0,0,172,385,0,0,172,385,California
Sutter,2020-12-23,116,501,111,496,5,5,0,0,116,501,0,0,116,501,California
Sutter,2020-12-24,17,518,11,507,6,11,0,0,17,518,0,0,17,518,California
Sutter,2020-12-26,38,556,34,541,4,15,0,0,38,556,0,0,38,556,California
Sutter,2020-12-27,24,580,23,564,1,16,0,0,24,580,0,0,24,580,California
Sutter,2020-12-28,83,663,55,619,28,44,0,0,83,663,0,0,83,663,California
Sutter,2020-12-29,101,764,14,633,87,131,0,0,101,764,0,0,101,764,California
Sutter,2020-12-30,137,901,34,667,103,234,0,0,137,901,0,0,137,901,California
Sutter,2020-12-31,70,971,6,673,64,298,0,0,70,971,0,0,70,971,California
Sutter,2021-01-01,3,974,3,676,0,298,0,0,3,974,0,0,3,974,California
Sutter,2021-01-02,131,1105,129,805,2,300,0,0,131,1105,0,0,131,1105,California
Sutter,2021-01-03,1,1106,0,805,1,301,0,0,1,1106,0,0,1,1106,California
Sutter,2021-01-04,247,1353,139,944,108,409,0,0,247,1353,0,0,247,1353,California
Sutter,2021-01-05,101,1454,57,1001,44,453,0,0,99,1450,2,2,99,1452,California
Sutter,2021-01-06,204,1658,50,1051,154,607,0,0,199,1644,5,7,199,1651,California
Sutter,2021-01-07,251,1909,151,1202,100,707,0,0,242,1878,8,15,242,1893,California
Sutter,2021-01-08,149,2058,40,1242,109,816,0,0,132,1993,17,32,132,2025,California
Sutter,2021-01-09,46,2104,43,1285,3,819,0,0,5,1957,41,73,5,2030,California
Sutter,2021-01-10,397,2501,37,1322,360,1179,0,0,359,2279,37,110,359,2389,California
Sutter,2021-01-11,132,2633,114,1436,18,1197,0,0,26,2199,106,216,26,2415,California
Sutter,2021-01-12,201,2834,164,1600,37,1234,0,0,58,2114,143,359,58,2473,California
Sutter,2021-01-13,162,2996,99,1699,63,1297,0,0,72,2097,89,448,72,2545,California
Sutter,2021-01-14,147,3143,51,1750,96,1393,0,0,128,2206,19,467,128,2673,California
Sutter,2021-01-15,438,3581,133,1883,305,1698,0,0,423,2614,15,482,423,3096,California
Sutter,2021-01-16,384,3965,41,1924,343,2041,0,0,353,2937,30,512,353,3449,California
Sutter,2021-01-17,26,3991,24,1948,2,2043,0,0,10,2931,16,528,10,3459,California
Sutter,2021-01-18,118,4109,63,2011,55,2098,0,0,70,2953,48,576,70,3529,California
Sutter,2021-01-19,103,4212,42,2053,61,2159,0,0,79,3008,24,600,79,3608,California
Sutter,2021-01-20,270,4482,206,2259,64,2223,0,0,250,3238,20,620,250,3858,California
Sutter,2021-01-21,486,4968,317,2576,169,2392,0,0,467,3686,19,639,467,4325,California
Sutter,2021-01-22,239,5207,52,2628,187,2579,0,0,230,3907,9,648,230,4555,California
Sutter,2021-01-23,396,5603,39,2667,357,2936,0,0,370,4251,26,674,370,4925,California
Sutter,2021-01-24,17,5620,14,2681,3,2939,0,0,15,4264,2,676,15,4940,California
Sutter,2021-01-25,306,5926,196,2877,110,3049,0,0,151,4261,154,830,151,5091,California
Sutter,2021-01-26,248,6174,108,2985,140,3189,0,0,144,4302,103,933,144,5235,California
Sutter,2021-01-27,386,6560,255,3240,131,3320,0,0,320,4556,66,999,320,5555,California
Sutter,2021-01-28,584,7144,361,3601,223,3543,0,0,409,4791,174,1173,409,5964,California
Sutter,2021-01-29,360,7504,86,3687,274,3817,0,0,240,4911,120,1293,240,6204,California
Sutter,2021-01-30,775,8279,38,3725,737,4554,0,0,764,5664,11,1304,764,6968,California
Sutter,2021-01-31,28,8307,27,3752,1,4555,0,0,28,5692,0,1304,28,6996,California
Sutter,2021-02-01,166,8473,50,3802,116,4671,0,0,135,5796,31,1335,135,7131,California
Sutter,2021-02-02,243,8716,26,3828,217,4888,0,0,211,5975,32,1367,211,7342,California
Sutter,2021-02-03,444,9160,39,3867,405,5293,0,0,210,5951,234,1601,210,7552,California
Sutter,2021-02-04,669,9829,365,4232,304,5597,0,0,619,6520,50,1651,619,8171,California
Sutter,2021-02-05,287,10116,32,4264,255,5852,0,0,136,6505,151,1802,136,8307,California
Sutter,2021-02-06,736,10852,29,4293,707,6559,0,0,714,7197,22,1824,714,9021,California
Sutter,2021-02-07,23,10875,20,4313,3,6562,0,0,19,7212,4,1828,19,9040,California
Sutter,2021-02-08,134,11009,29,4342,105,6667,0,0,98,7274,36,1864,98,9138,California
Sutter,2021-02-09,246,11255,45,4387,201,6868,0,0,184,7396,62,1926,184,9322,California
Sutter,2021-02-10,819,12074,380,4767,439,7307,0,0,177,6932,641,2567,177,9499,California
Sutter,2021-02-11,603,12677,275,5042,328,7635,0,0,345,7019,258,2825,345,9844,California
Sutter,2021-02-12,633,13310,67,5109,566,8201,0,0,310,7007,322,3147,310,10154,California
Sutter,2021-02-13,897,14207,48,5157,849,9050,0,0,781,7672,116,3263,781,10935,California
Sutter,2021-02-14,90,14297,25,5182,65,9115,0,0,79,7740,11,3274,79,11014,California
Sutter,2021-02-15,197,14494,72,5254,125,9240,0,0,118,7779,79,3353,118,11132,California
Sutter,2021-02-16,288,14782,45,5299,243,9483,0,0,204,7900,83,3436,204,11336,California
Sutter,2021-02-17,823,15605,428,5727,395,9878,0,0,129,7335,694,4130,129,11465,California
Sutter,2021-02-18,701,16306,55,5782,646,10524,0,0,489,7613,211,4341,489,11954,California
Sutter,2021-02-19,662,16968,377,6159,285,10809,0,0,460,7873,200,4541,460,12414,California
Sutter,2021-02-20,620,17588,55,6214,565,11374,0,0,517,8288,102,4643,517,12931,California
Sutter,2021-02-21,30,17618,27,6241,3,11377,0,0,7,8272,23,4666,7,12938,California
Sutter,2021-02-22,207,17825,122,6363,85,11462,0,0,87,8239,120,4786,87,13025,California
Sutter,2021-02-23,223,18048,33,6396,190,11652,0,0,97,8210,126,4912,97,13122,California
Sutter,2021-02-24,965,19013,349,6745,616,12268,0,0,194,7634,770,5682,194,13316,California
Sutter,2021-02-25,785,19798,498,7243,287,12555,0,0,604,8060,178,5860,604,13920,California
Sutter,2021-02-26,373,20171,60,7303,313,12868,0,0,155,7999,216,6076,155,14075,California
Sutter,2021-02-27,865,21036,45,7348,820,13688,0,0,710,8552,157,6233,710,14785,California
Sutter,2021-02-28,84,21120,38,7386,46,13734,0,0,64,8597,19,6252,64,14849,California
Sutter,2021-03-01,247,21367,61,7447,186,13920,0,0,150,8650,97,6349,150,14999,California
Sutter,2021-03-02,334,21701,57,7504,277,14197,0,0,160,8637,173,6522,160,15159,California
Sutter,2021-03-03,1385,23086,514,8018,871,15068,0,0,646,8550,733,7255,646,15805,California
Sutter,2021-03-04,1256,24342,867,8885,389,15457,0,0,948,9194,304,7559,948,16753,California
Sutter,2021-03-05,338,24680,79,8964,258,15715,1,1,206,9269,132,7691,207,16960,California
Sutter,2021-03-06,1023,25703,46,9010,972,16687,5,6,860,9971,163,7854,865,17825,California
Sutter,2021-03-07,64,25767,23,9033,40,16727,1,7,44,9996,20,7874,45,17870,California
Sutter,2021-03-08,226,25993,79,9112,135,16862,12,19,157,10096,69,7943,169,18039,California
Sutter,2021-03-09,386,26379,138,9250,235,17097,13,32,184,10091,202,8145,197,18236,California
Sutter,2021-03-10,1569,27948,681,9931,827,17924,61,93,525,9636,1041,9186,586,18822,California
Sutter,2021-03-11,894,28842,441,10372,434,18358,19,112,648,10060,243,9429,667,19489,California
Sutter,2021-03-12,673,29515,110,10482,381,18739,182,294,199,9968,471,9900,379,19868,California
Sutter,2021-03-13,985,30500,749,11231,218,18957,18,312,781,10564,202,10102,798,20666,California
Sutter,2021-03-14,130,30630,22,11253,97,19054,11,323,44,10533,86,10188,55,20721,California
Sutter,2021-03-15,320,30950,66,11319,205,19259,49,372,153,10570,165,10353,202,20923,California
Sutter,2021-03-16,392,31342,86,11405,259,19518,47,419,213,10650,179,10532,259,21182,California
Sutter,2021-03-17,1497,32839,563,11968,914,20432,20,439,313,9807,1175,11707,332,21514,California
Sutter,2021-03-18,973,33812,182,12150,589,21021,202,641,571,10179,400,12107,772,22286,California
Sutter,2021-03-19,463,34275,165,12315,269,21290,29,670,284,10315,177,12284,313,22599,California
Sutter,2021-03-20,949,35224,116,12431,822,22112,11,681,860,11097,89,12373,871,23470,California
Sutter,2021-03-21,67,35291,47,12478,17,22129,3,684,37,11107,30,12403,40,23510,California
Sutter,2021-03-22,288,35579,120,12598,142,22271,26,710,213,11272,74,12477,239,23749,California
Sutter,2021-03-23,377,35956,115,12713,230,22501,32,742,256,11438,121,12598,287,24036,California
Sutter,2021-03-24,1685,37641,772,13485,843,23344,70,812,314,10465,1357,13955,384,24420,California
Sutter,2021-03-25,1042,38683,680,14165,319,23663,43,855,370,10209,669,14624,413,24833,California
Sutter,2021-03-26,491,39174,174,14339,300,23963,17,872,296,10330,192,14816,313,25146,California
Sutter,2021-03-27,928,40102,63,14402,863,24826,2,874,821,11049,104,14920,823,25969,California
Sutter,2021-03-28,125,40227,71,14473,54,24880,0,874,77,11080,46,14966,77,26046,California
Sutter,2021-03-29,428,40655,145,14618,228,25108,55,929,226,11161,200,15166,281,26327,California
Sutter,2021-03-30,479,41134,160,14778,309,25417,10,939,317,11326,162,15328,327,26654,California
Sutter,2021-03-31,1250,42384,177,14955,1057,26474,16,955,447,10997,792,16120,463,27117,California
Sutter,2021-04-01,1382,43766,737,15692,458,26932,187,1142,426,10662,949,17069,614,27731,California
Sutter,2021-04-02,511,44277,99,15791,294,27226,118,1260,201,10669,308,17377,315,28046,California
Sutter,2021-04-03,910,45187,77,15868,210,27436,623,1883,121,10626,787,18164,744,28790,California
Sutter,2021-04-04,118,45305,22,15890,90,27526,6,1889,55,10624,63,18227,61,28851,California
Sutter,2021-04-05,369,45674,146,16036,187,27713,36,1925,178,10650,188,18415,214,29065,California
Sutter,2021-04-06,510,46184,198,16234,256,27969,56,1981,273,10744,236,18651,330,29395,California
Sutter,2021-04-07,1484,47668,884,17118,525,28494,75,2056,615,10578,862,19513,696,30091,California
Sutter,2021-04-08,1051,48719,583,17701,355,28849,113,2169,577,10799,470,19983,691,30782,California
Sutter,2021-04-09,567,49286,250,17951,252,29101,65,2234,238,10777,327,20310,305,31087,California
Sutter,2021-04-10,825,50111,108,18059,88,29189,629,2863,108,10792,714,21024,729,31816,California
Sutter,2021-04-11,112,50223,28,18087,40,29229,44,2907,33,10789,79,21103,76,31892,California
Sutter,2021-04-12,336,50559,91,18178,191,29420,54,2961,134,10775,202,21305,188,32080,California
Sutter,2021-04-13,429,50988,127,18305,302,29722,0,2961,211,10770,216,21521,211,32291,California
Sutter,2021-04-14,1291,52279,160,18465,1130,30852,1,2962,213,9912,1072,22593,214,32505,California
Sutter,2021-04-15,535,52814,174,18639,361,31213,0,2962,213,9805,320,22913,213,32718,California
Sutter,2021-04-16,394,53208,125,18764,269,31482,0,2962,181,9774,212,23125,181,32899,California
Sutter,2021-04-17,578,53786,84,18848,494,31976,0,2962,507,10211,70,23195,507,33406,California
Sutter,2021-04-18,70,53856,11,18859,59,32035,0,2962,43,10228,26,23221,43,33449,California
Sutter,2021-04-19,289,54145,111,18970,178,32213,0,2962,119,10179,168,23389,119,33568,California
Sutter,2021-04-20,413,54558,134,19104,279,32492,0,2962,200,10167,212,23601,200,33768,California
Sutter,2021-04-21,1233,55791,420,19524,813,33305,0,2962,477,9897,747,24348,477,34245,California
Sutter,2021-04-22,483,56274,165,19689,318,33623,0,2962,250,9916,231,24579,250,34495,California
Sutter,2021-04-23,399,56673,115,19804,284,33907,0,2962,187,9892,211,24790,187,34682,California
Sutter,2021-04-24,326,56999,105,19909,220,34127,1,2963,185,9937,140,24930,185,34867,California
Sutter,2021-04-25,157,57156,75,19984,82,34209,0,2963,86,9954,69,24999,86,34953,California
Sutter,2021-04-26,287,57443,87,20071,198,34407,2,2965,121,9913,164,25163,123,35076,California
Sutter,2021-04-27,527,57970,266,20337,257,34664,4,2969,242,9877,282,25445,246,35322,California
Sutter,2021-04-28,819,58789,342,20679,469,35133,8,2977,261,9593,553,25998,269,35591,California
Sutter,2021-04-29,774,59563,136,20815,637,35770,1,2978,310,9443,461,26459,311,35902,California
Sutter,2021-04-30,358,59921,109,20924,236,36006,13,2991,146,9392,209,26668,158,36060,California
Sutter,2021-05-01,295,60216,106,21030,148,36154,41,3032,125,9391,167,26835,166,36226,California
Sutter,2021-05-02,80,60296,52,21082,26,36180,2,3034,46,9405,34,26869,48,36274,California
Sutter,2021-05-03,170,60466,108,21190,53,36233,9,3043,70,9384,100,26969,79,36353,California
Sutter,2021-05-04,518,60984,236,21426,218,36451,64,3107,218,9368,297,27266,281,36634,California
Sutter,2021-05-05,536,61520,143,21569,385,36836,8,3115,158,9163,371,27637,166,36800,California
Sutter,2021-05-06,426,61946,231,21800,175,37011,20,3135,192,9141,234,27871,212,37012,California
Sutter,2021-05-07,407,62353,146,21946,239,37250,22,3157,153,9064,252,28123,175,37187,California
Sutter,2021-05-08,196,62549,49,21995,141,37391,6,3163,106,9086,90,28213,112,37299,California
Sutter,2021-05-09,81,62630,52,22047,24,37415,5,3168,56,9122,25,28238,61,37360,California
Sutter,2021-05-10,188,62818,42,22089,129,37544,17,3185,47,9047,139,28377,64,37424,California
Sutter,2021-05-11,433,63251,212,22301,203,37747,18,3203,180,8994,250,28627,197,37621,California
Sutter,2021-05-12,397,63648,211,22512,177,37924,9,3212,134,8878,259,28886,143,37764,California
Sutter,2021-05-13,442,64090,228,22740,192,38116,22,3234,170,8801,269,29155,192,37956,California
Sutter,2021-05-14,435,64525,184,22924,235,38351,16,3250,214,8815,216,29371,230,38186,California
Sutter,2021-05-15,840,65365,308,23232,501,38852,31,3281,305,8617,534,29905,336,38522,California
Sutter,2021-05-16,137,65502,82,23314,47,38899,8,3289,75,8639,61,29966,83,38605,California
Sutter,2021-05-17,289,65791,114,23428,161,39060,14,3303,154,8673,134,30100,168,38773,California
Sutter,2021-05-18,537,66328,311,23739,222,39282,4,3307,294,8731,240,30340,298,39071,California
Sutter,2021-05-19,463,66791,265,24004,191,39473,7,3314,246,8770,214,30554,253,39324,California
Sutter,2021-05-20,405,67196,220,24224,173,39646,12,3326,201,8781,202,30756,213,39537,California
Sutter,2021-05-21,455,67651,211,24435,232,39878,12,3338,221,8781,232,30988,232,39769,California
Sutter,2021-05-22,308,67959,175,24610,130,40008,3,3341,151,8780,154,31142,153,39922,California
Sutter,2021-05-23,154,68113,73,24683,74,40082,7,3348,77,8793,71,31213,84,40006,California
Sutter,2021-05-24,233,68346,89,24772,123,40205,21,3369,103,8791,126,31339,124,40130,California
Sutter,2021-05-25,402,68748,195,24967,192,40397,15,3384,171,8751,226,31565,186,40316,California
Sutter,2021-05-26,339,69087,173,25140,155,40552,11,3395,134,8696,200,31765,145,40461,California
Sutter,2021-05-27,440,69527,119,25259,302,40854,19,3414,130,8539,306,32071,149,40610,California
Sutter,2021-05-28,175,69702,59,25318,106,40960,10,3424,70,8517,102,32173,80,40690,California
Tehama,2020-12-15,1,1,1,1,0,0,0,0,1,1,0,0,1,1,California
Tehama,2020-12-16,2,3,2,3,0,0,0,0,2,3,0,0,2,3,California
Tehama,2020-12-17,12,15,12,15,0,0,0,0,12,15,0,0,12,15,California
Tehama,2020-12-18,2,17,2,17,0,0,0,0,3,18,0,0,3,18,California
Tehama,2020-12-21,33,50,33,50,0,0,0,0,33,51,0,0,33,51,California
Tehama,2020-12-22,68,118,62,112,6,6,0,0,68,119,0,0,68,119,California
Tehama,2020-12-23,49,167,41,153,8,14,0,0,49,168,0,0,49,168,California
Tehama,2020-12-24,5,172,3,156,2,16,0,0,5,173,0,0,5,173,California
Tehama,2020-12-26,3,175,2,158,1,17,0,0,3,176,0,0,3,176,California
Tehama,2020-12-27,2,177,2,160,0,17,0,0,2,178,0,0,2,178,California
Tehama,2020-12-28,56,233,43,203,13,30,0,0,56,234,0,0,56,234,California
Tehama,2020-12-29,31,264,31,234,0,30,0,0,31,265,0,0,31,265,California
Tehama,2020-12-30,54,318,38,272,16,46,0,0,53,318,0,0,53,318,California
Tehama,2020-12-31,14,332,4,276,10,56,0,0,14,332,0,0,14,332,California
Tehama,2021-01-01,2,334,0,276,2,58,0,0,2,334,0,0,2,334,California
Tehama,2021-01-04,32,366,9,285,23,81,0,0,32,366,0,0,32,366,California
Tehama,2021-01-05,70,436,43,328,27,108,0,0,67,430,3,3,67,433,California
Tehama,2021-01-06,71,507,21,349,50,158,0,0,62,484,8,11,62,495,California
Tehama,2021-01-07,57,564,7,356,50,208,0,0,56,539,1,12,56,551,California
Tehama,2021-01-08,33,597,24,380,9,217,0,0,28,562,5,17,28,579,California
Tehama,2021-01-09,7,604,5,385,2,219,0,0,5,565,2,19,5,584,California
Tehama,2021-01-10,1,605,0,385,1,220,0,0,1,566,0,19,1,585,California
Tehama,2021-01-11,48,653,46,431,2,222,0,0,15,548,33,52,15,600,California
Tehama,2021-01-12,131,784,111,542,20,242,0,0,86,589,45,97,86,686,California
Tehama,2021-01-13,73,857,55,597,18,260,0,0,27,570,46,143,27,713,California
Tehama,2021-01-14,224,1081,50,647,174,434,0,0,222,790,2,145,222,935,California
Tehama,2021-01-15,249,1330,74,721,175,609,0,0,245,1031,4,149,245,1180,California
Tehama,2021-01-16,263,1593,19,740,244,853,0,0,260,1288,3,152,260,1440,California
Tehama,2021-01-17,6,1599,2,742,4,857,0,0,4,1290,2,154,4,1444,California
Tehama,2021-01-18,10,1609,6,748,4,861,0,0,5,1290,5,159,5,1449,California
Tehama,2021-01-19,291,1900,65,813,226,1087,0,0,236,1471,55,214,236,1685,California
Tehama,2021-01-20,301,2201,87,900,214,1301,0,0,251,1673,49,263,251,1936,California
Tehama,2021-01-21,215,2416,11,911,204,1505,0,0,205,1868,10,273,205,2141,California
Tehama,2021-01-22,223,2639,21,932,202,1707,0,0,220,2085,3,276,220,2361,California
Tehama,2021-01-23,258,2897,7,939,251,1958,0,0,257,2341,1,277,257,2618,California
Tehama,2021-01-24,1,2898,1,940,0,1958,0,0,1,2342,0,277,1,2619,California
Tehama,2021-01-25,32,2930,14,954,18,1976,0,0,14,2338,18,295,14,2633,California
Tehama,2021-01-26,324,3254,42,996,282,2258,0,0,287,2588,37,332,287,2920,California
Tehama,2021-01-27,299,3553,21,1017,278,2536,0,0,279,2847,20,352,279,3199,California
Tehama,2021-01-28,339,3892,29,1046,310,2846,0,0,324,3156,15,367,324,3523,California
Tehama,2021-01-29,321,4213,19,1065,302,3148,0,0,304,3443,17,384,304,3827,California
Tehama,2021-01-30,103,4316,2,1067,101,3249,0,0,102,3544,1,385,102,3929,California
Tehama,2021-01-31,1,4317,0,1067,1,3250,0,0,1,3545,0,385,1,3930,California
Tehama,2021-02-01,78,4395,22,1089,56,3306,0,0,36,3539,42,427,36,3966,California
Tehama,2021-02-02,351,4746,63,1152,288,3594,0,0,254,3696,97,524,254,4220,California
Tehama,2021-02-03,389,5135,12,1164,377,3971,0,0,345,3997,44,568,345,4565,California
Tehama,2021-02-04,485,5620,99,1263,386,4357,0,0,404,4321,81,649,405,4970,California
Tehama,2021-02-05,177,5797,73,1336,104,4461,0,0,115,4374,62,711,115,5085,California
Tehama,2021-02-06,28,5825,13,1349,15,4476,0,0,16,4378,12,723,16,5101,California
Tehama,2021-02-07,5,5830,4,1353,1,4477,0,0,2,4377,3,726,2,5103,California
Tehama,2021-02-08,36,5866,14,1367,22,4499,0,0,27,4395,9,735,27,5130,California
Tehama,2021-02-09,78,5944,34,1401,44,4543,0,0,44,4405,34,769,44,5174,California
Tehama,2021-02-10,233,6177,62,1463,171,4714,0,0,157,4486,76,845,157,5331,California
Tehama,2021-02-11,221,6398,16,1479,205,4919,0,0,82,4431,137,982,82,5413,California
Tehama,2021-02-12,367,6765,66,1545,301,5220,0,0,175,4414,192,1174,175,5588,California
Tehama,2021-02-13,385,7150,13,1558,372,5592,0,0,147,4323,238,1412,147,5735,California
Tehama,2021-02-14,35,7185,2,1560,33,5625,0,0,33,4354,2,1414,33,5768,California
Tehama,2021-02-15,53,7238,10,1570,43,5668,0,0,47,4395,6,1420,47,5815,California
Tehama,2021-02-16,242,7480,16,1586,226,5894,0,0,60,4273,182,1602,60,5875,California
Tehama,2021-02-17,280,7760,12,1598,268,6162,0,0,54,4101,226,1828,54,5929,California
Tehama,2021-02-18,370,8130,32,1630,338,6500,0,0,145,4021,225,2053,145,6074,California
Tehama,2021-02-19,214,8344,18,1648,196,6696,0,0,43,3893,171,2224,43,6117,California
Tehama,2021-02-20,272,8616,7,1655,265,6961,0,0,27,3675,245,2469,27,6144,California
Tehama,2021-02-21,1,8617,1,1656,0,6961,0,0,1,3676,0,2469,1,6145,California
Tehama,2021-02-22,39,8656,15,1671,24,6985,0,0,26,3689,13,2482,26,6171,California
Tehama,2021-02-23,46,8702,19,1690,27,7012,0,0,26,3695,20,2502,26,6197,California
Tehama,2021-02-24,300,9002,13,1703,287,7299,0,0,27,3449,273,2775,27,6224,California
Tehama,2021-02-25,375,9377,60,1763,315,7614,0,0,39,3152,336,3111,39,6263,California
Tehama,2021-02-26,455,9832,19,1782,436,8050,0,0,70,2837,385,3496,70,6333,California
Tehama,2021-02-27,295,10127,5,1787,290,8340,0,0,34,2610,261,3757,34,6367,California
Tehama,2021-02-28,23,10150,2,1789,21,8361,0,0,20,2627,3,3760,20,6387,California
Tehama,2021-03-01,67,10217,8,1797,59,8420,0,0,33,2626,34,3794,33,6420,California
Tehama,2021-03-02,139,10356,18,1815,121,8541,0,0,30,2547,109,3903,30,6450,California
Tehama,2021-03-03,151,10507,33,1848,118,8659,0,0,48,2492,103,4006,48,6498,California
Tehama,2021-03-04,632,11139,36,1884,596,9255,0,0,221,2309,404,4410,221,6719,California
Tehama,2021-03-05,401,11540,19,1903,382,9637,0,0,216,2341,184,4594,216,6935,California
Tehama,2021-03-06,297,11837,15,1918,282,9919,0,0,80,2206,216,4810,81,7016,California
Tehama,2021-03-07,5,11842,1,1919,4,9923,0,0,3,2208,1,4811,3,7019,California
Tehama,2021-03-08,58,11900,12,1931,31,9954,15,15,27,2220,30,4841,42,7061,California
Tehama,2021-03-09,368,12268,9,1940,340,10294,19,34,312,2495,56,4897,331,7392,California
Tehama,2021-03-10,354,12622,14,1954,319,10613,21,55,71,2305,282,5179,92,7484,California
Tehama,2021-03-11,488,13110,17,1971,425,11038,46,101,345,2553,143,5322,391,7875,California
Tehama,2021-03-12,306,13416,19,1990,222,11260,65,166,181,2674,125,5447,246,8121,California
Tehama,2021-03-13,45,13461,8,1998,31,11291,6,172,5,2645,40,5487,11,8132,California
Tehama,2021-03-14,51,13512,3,2001,37,11328,11,183,9,2623,42,5529,20,8152,California
Tehama,2021-03-15,154,13666,21,2022,113,11441,20,203,84,2657,70,5599,104,8256,California
Tehama,2021-03-16,418,14084,14,2036,366,11807,38,241,315,2908,102,5701,353,8609,California
Tehama,2021-03-17,423,14507,22,2058,369,12176,32,273,340,3199,81,5782,372,8981,California
Tehama,2021-03-18,499,15006,26,2084,449,12625,24,297,320,3366,177,5959,344,9325,California
Tehama,2021-03-19,321,15327,23,2107,285,12910,13,310,278,3614,43,6002,291,9616,California
Tehama,2021-03-20,42,15369,9,2116,31,12941,2,312,30,3634,12,6014,32,9648,California
Tehama,2021-03-21,12,15381,5,2121,7,12948,0,312,12,3646,0,6014,12,9660,California
Tehama,2021-03-22,91,15472,7,2128,67,13015,17,329,50,3672,41,6055,67,9727,California
Tehama,2021-03-23,88,15560,27,2155,54,13069,7,336,69,3729,19,6074,76,9803,California
Tehama,2021-03-24,86,15646,16,2171,68,13137,2,338,55,3755,31,6105,57,9860,California
Tehama,2021-03-25,521,16167,355,2526,153,13290,13,351,471,4190,49,6154,484,10344,California
Tehama,2021-03-26,515,16682,403,2929,100,13390,12,363,439,4566,75,6229,451,10795,California
Tehama,2021-03-27,457,17139,361,3290,71,13461,25,388,389,4913,67,6296,414,11209,California
Tehama,2021-03-28,34,17173,13,3303,21,13482,0,388,22,4923,12,6308,22,11231,California
Tehama,2021-03-29,124,17297,31,3334,92,13574,1,389,78,4955,46,6354,78,11309,California
Tehama,2021-03-30,372,17669,222,3556,148,13722,2,391,254,5093,118,6472,256,11565,California
Tehama,2021-03-31,398,18067,296,3852,99,13821,3,394,326,5350,71,6543,328,11893,California
Tehama,2021-04-01,526,18593,246,4098,274,14095,6,400,392,5615,133,6676,398,12291,California
Tehama,2021-04-02,459,19052,215,4313,238,14333,6,406,272,5705,187,6863,277,12568,California
Tehama,2021-04-03,60,19112,3,4316,52,14385,5,411,30,5710,30,6893,35,12603,California
Tehama,2021-04-04,34,19146,6,4322,27,14412,1,412,22,5721,12,6905,23,12626,California
Tehama,2021-04-05,117,19263,21,4343,69,14481,27,439,61,5753,56,6961,88,12714,California
Tehama,2021-04-06,495,19758,110,4453,333,14814,52,491,140,5590,355,7316,192,12906,California
Tehama,2021-04-07,418,20176,282,4735,92,14906,44,535,303,5822,114,7430,346,13252,California
Tehama,2021-04-08,604,20780,175,4910,390,15296,39,574,230,5718,373,7803,269,13521,California
Tehama,2021-04-09,432,21212,193,5103,206,15502,33,607,215,5750,216,8019,248,13769,California
Tehama,2021-04-10,72,21284,9,5112,37,15539,26,633,39,5782,33,8052,65,13834,California
Tehama,2021-04-11,33,21317,7,5119,15,15554,11,644,8,5776,25,8077,19,13853,California
Tehama,2021-04-12,112,21429,6,5125,87,15641,19,663,40,5763,72,8149,59,13912,California
Tehama,2021-04-13,388,21817,64,5189,324,15965,0,663,67,5509,321,8470,67,13979,California
Tehama,2021-04-14,407,22224,52,5241,355,16320,0,663,48,5200,357,8827,48,14027,California
Tehama,2021-04-15,513,22737,193,5434,320,16640,0,663,79,4845,434,9261,79,14106,California
Tehama,2021-04-16,598,23335,343,5777,255,16895,0,663,75,4397,523,9784,75,14181,California
Tehama,2021-04-17,348,23683,268,6045,80,16975,0,663,41,4133,306,10090,42,14223,California
Tehama,2021-04-18,17,23700,3,6048,14,16989,0,663,13,4142,4,10094,13,14236,California
Tehama,2021-04-19,93,23793,7,6055,86,17075,0,663,39,4127,54,10148,39,14275,California
Tehama,2021-04-20,514,24307,423,6478,91,17166,0,663,150,3917,362,10510,152,14427,California
Tehama,2021-04-21,518,24825,445,6923,73,17239,0,663,167,3735,349,10859,167,14594,California
Tehama,2021-04-22,515,25340,364,7287,151,17390,0,663,148,3519,364,11223,148,14742,California
Tehama,2021-04-23,445,25785,346,7633,99,17489,0,663,197,3470,247,11470,198,14940,California
Tehama,2021-04-24,103,25888,17,7650,86,17575,0,663,27,3421,76,11546,27,14967,California
Tehama,2021-04-25,28,25916,17,7667,11,17586,0,663,10,3413,18,11564,10,14977,California
Tehama,2021-04-26,74,25990,9,7676,65,17651,0,663,42,3423,32,11596,42,15019,California
Tehama,2021-04-27,251,26241,206,7882,45,17696,0,663,93,3357,159,11755,93,15112,California
Tehama,2021-04-28,395,26636,318,8200,60,17756,17,680,65,3109,330,12085,82,15194,California
Tehama,2021-04-29,353,26989,171,8371,176,17932,6,686,69,2901,283,12368,75,15269,California
Tehama,2021-04-30,325,27314,241,8612,78,18010,6,692,112,2806,213,12581,118,15387,California
Tehama,2021-05-01,72,27386,4,8616,65,18075,3,695,14,2765,58,12639,17,15404,California
Tehama,2021-05-02,47,27433,24,8640,11,18086,12,707,27,2784,20,12659,39,15443,California
Tehama,2021-05-03,117,27550,41,8681,68,18154,8,715,62,2799,55,12714,70,15513,California
Tehama,2021-05-04,158,27708,56,8737,95,18249,7,722,67,2782,91,12805,74,15587,California
Tehama,2021-05-05,86,27794,21,8758,55,18304,10,732,38,2782,48,12853,48,15635,California
Tehama,2021-05-06,162,27956,90,8848,57,18361,15,747,98,2831,64,12917,113,15748,California
Tehama,2021-05-07,171,28127,71,8919,89,18450,11,758,47,2767,122,13039,58,15806,California
Tehama,2021-05-08,49,28176,6,8925,42,18492,1,759,13,2745,36,13075,14,15820,California
Tehama,2021-05-09,15,28191,3,8928,12,18504,0,759,6,2742,9,13084,6,15826,California
Tehama,2021-05-10,77,28268,7,8935,64,18568,6,765,36,2744,40,13124,42,15868,California
Tehama,2021-05-11,164,28432,116,9051,37,18605,11,776,30,2651,134,13258,41,15909,California
Tehama,2021-05-12,203,28635,134,9185,59,18664,10,786,42,2543,160,13418,52,15961,California
Tehama,2021-05-13,234,28869,162,9347,64,18728,8,794,105,2528,128,13546,113,16074,California
Tehama,2021-05-14,242,29111,130,9477,91,18819,21,815,57,2422,184,13730,78,16152,California
Tehama,2021-05-15,224,29335,133,9610,56,18875,35,850,161,2556,62,13792,196,16348,California
Tehama,2021-05-16,26,29361,6,9616,17,18892,3,853,14,2561,12,13804,17,16365,California
Tehama,2021-05-17,111,29472,29,9645,67,18959,15,868,53,2573,56,13860,68,16433,California
Tehama,2021-05-18,148,29620,76,9721,57,19016,15,883,45,2532,101,13961,60,16493,California
Tehama,2021-05-19,123,29743,52,9773,61,19077,10,893,42,2503,81,14042,52,16545,California
Tehama,2021-05-20,302,30045,220,9993,59,19136,23,916,212,2648,90,14132,235,16780,California
Tehama,2021-05-21,195,30240,94,10087,91,19227,10,926,69,2603,124,14256,79,16859,California
Tehama,2021-05-22,57,30297,31,10118,22,19249,4,930,35,2620,22,14278,39,16898,California
Tehama,2021-05-23,40,30337,23,10141,8,19257,9,939,12,2613,28,14306,21,16919,California
Tehama,2021-05-24,96,30433,30,10171,59,19316,7,946,35,2594,61,14367,42,16961,California
Tehama,2021-05-25,76,30509,20,10191,48,19364,8,954,47,2620,29,14396,55,17016,California
Tehama,2021-05-26,74,30583,28,10219,42,19406,4,958,47,2645,26,14422,51,17067,California
Tehama,2021-05-27,149,30732,95,10314,48,19454,6,964,48,2599,100,14522,54,17121,California
Tehama,2021-05-28,88,30820,28,10342,57,19511,3,967,39,2593,48,14570,42,17163,California
Trinity,2020-12-17,4,4,4,4,0,0,0,0,4,4,0,0,4,4,California
Trinity,2020-12-18,2,6,2,6,0,0,0,0,2,6,0,0,2,6,California
Trinity,2020-12-21,39,45,39,45,0,0,0,0,39,45,0,0,39,45,California
Trinity,2020-12-22,5,50,5,50,0,0,0,0,5,50,0,0,5,50,California
Trinity,2020-12-23,5,55,5,55,0,0,0,0,5,55,0,0,5,55,California
Trinity,2020-12-28,31,86,31,86,0,0,0,0,31,86,0,0,31,86,California
Trinity,2020-12-29,8,94,7,93,1,1,0,0,8,94,0,0,8,94,California
Trinity,2020-12-30,10,104,8,101,2,3,0,0,10,104,0,0,10,104,California
Trinity,2020-12-31,2,106,1,102,1,4,0,0,2,106,0,0,2,106,California
Trinity,2021-01-04,28,134,0,102,28,32,0,0,26,132,0,0,26,132,California
Trinity,2021-01-05,3,137,1,103,2,34,0,0,3,135,0,0,3,135,California
Trinity,2021-01-06,24,161,4,107,20,54,0,0,20,151,4,4,20,155,California
Trinity,2021-01-08,49,210,2,109,47,101,0,0,48,197,2,6,48,203,California
Trinity,2021-01-11,42,252,39,148,3,104,0,0,4,163,38,44,4,207,California
Trinity,2021-01-12,9,261,6,154,3,107,0,0,4,162,5,49,4,211,California
Trinity,2021-01-13,7,268,4,158,3,110,0,0,4,163,3,52,4,215,California
Trinity,2021-01-14,4,272,1,159,3,113,0,0,4,167,0,52,4,219,California
Trinity,2021-01-15,4,276,0,159,4,117,0,0,4,171,0,52,4,223,California
Trinity,2021-01-16,4,280,0,159,4,121,0,0,4,175,0,52,4,227,California
Trinity,2021-01-18,31,311,31,190,0,121,0,0,0,144,31,83,0,227,California
Trinity,2021-01-19,34,345,14,204,20,141,0,0,20,150,14,97,20,247,California
Trinity,2021-01-20,19,364,3,207,16,157,0,0,17,165,2,99,17,264,California
Trinity,2021-01-21,17,381,7,214,10,167,0,0,17,182,0,99,17,281,California
Trinity,2021-01-22,5,386,1,215,4,171,0,0,5,187,0,99,5,286,California
Trinity,2021-01-23,7,393,3,218,4,175,0,0,7,194,0,99,7,293,California
Trinity,2021-01-25,14,407,1,219,13,188,0,0,13,206,1,100,13,306,California
Trinity,2021-01-26,10,417,1,220,9,197,0,0,9,214,1,101,9,315,California
Trinity,2021-01-27,12,429,0,220,12,209,0,0,12,226,0,101,12,327,California
Trinity,2021-01-28,13,442,3,223,10,219,0,0,10,233,3,104,10,337,California
Trinity,2021-01-29,2,444,0,223,2,221,0,0,1,233,1,105,1,338,California
Trinity,2021-01-30,12,456,11,234,1,222,0,0,12,245,0,105,12,350,California
Trinity,2021-02-01,2,458,1,235,1,223,0,0,1,245,1,106,1,351,California
Trinity,2021-02-02,15,473,3,238,12,235,0,0,14,258,1,107,14,365,California
Trinity,2021-02-03,6,479,1,239,5,240,0,0,3,258,3,110,3,368,California
Trinity,2021-02-04,42,521,32,271,10,250,0,0,35,286,7,117,35,403,California
Trinity,2021-02-05,350,871,0,271,350,600,0,0,320,576,30,147,320,723,California
Trinity,2021-02-06,210,1081,5,276,205,805,0,0,203,772,7,154,203,926,California
Trinity,2021-02-07,1,1082,0,276,1,806,0,0,1,773,0,154,1,927,California
Trinity,2021-02-08,26,1108,0,276,26,832,0,0,15,777,11,165,15,942,California
Trinity,2021-02-09,27,1135,2,278,25,857,0,0,11,772,16,181,11,953,California
Trinity,2021-02-10,122,1257,10,288,112,969,0,0,102,854,20,201,102,1055,California
Trinity,2021-02-11,338,1595,2,290,336,1305,0,0,331,1178,7,208,331,1386,California
Trinity,2021-02-12,18,1613,10,300,8,1313,0,0,14,1188,4,212,14,1400,California
Trinity,2021-02-13,12,1625,5,305,7,1320,0,0,5,1186,7,219,5,1405,California
Trinity,2021-02-14,2,1627,2,307,0,1320,0,0,2,1188,0,219,2,1407,California
Trinity,2021-02-15,47,1674,0,307,47,1367,0,0,47,1235,0,219,47,1454,California
Trinity,2021-02-16,4,1678,1,308,3,1370,0,0,2,1235,2,221,2,1456,California
Trinity,2021-02-17,94,1772,2,310,92,1462,0,0,84,1309,10,231,84,1540,California
Trinity,2021-02-18,4,1776,0,310,4,1466,0,0,1,1307,3,234,1,1541,California
Trinity,2021-02-19,305,2081,2,312,303,1769,0,0,291,1584,14,248,291,1832,California
Trinity,2021-02-20,141,2222,14,326,127,1896,0,0,113,1669,28,276,113,1945,California
Trinity,2021-02-21,1,2223,1,327,0,1896,0,0,1,1670,0,276,1,1946,California
Trinity,2021-02-22,8,2231,0,327,8,1904,0,0,5,1672,3,279,5,1951,California
Trinity,2021-02-23,11,2242,4,331,7,1911,0,0,6,1673,5,284,6,1957,California
Trinity,2021-02-24,30,2272,8,339,22,1933,0,0,7,1657,23,307,7,1964,California
Trinity,2021-02-25,36,2308,23,362,13,1946,0,0,5,1631,31,338,5,1969,California
Trinity,2021-02-26,11,2319,1,363,10,1956,0,0,5,1630,6,344,5,1974,California
Trinity,2021-02-27,9,2328,7,370,2,1958,0,0,4,1629,5,349,4,1978,California
Trinity,2021-03-01,9,2337,0,370,9,1967,0,0,5,1630,4,353,5,1983,California
Trinity,2021-03-02,9,2346,3,373,6,1973,0,0,2,1625,7,360,2,1985,California
Trinity,2021-03-03,5,2351,0,373,5,1978,0,0,4,1628,1,361,4,1989,California
Trinity,2021-03-04,24,2375,19,392,5,1983,0,0,10,1624,14,375,10,1999,California
Trinity,2021-03-05,388,2763,1,393,387,2370,0,0,121,1482,263,638,121,2120,California
Trinity,2021-03-06,202,2965,7,400,195,2565,0,0,27,1334,175,813,27,2147,California
Trinity,2021-03-07,4,2969,3,403,1,2566,0,0,3,1336,1,814,3,2150,California
Trinity,2021-03-08,3,2972,0,403,2,2568,1,1,1,1336,2,816,2,2152,California
Trinity,2021-03-09,94,3066,0,403,92,2660,2,3,89,1422,5,821,91,2243,California
Trinity,2021-03-10,126,3192,3,406,120,2780,3,6,38,1375,88,909,41,2284,California
Trinity,2021-03-11,16,3208,4,410,10,2790,2,8,5,1371,11,920,7,2291,California
Trinity,2021-03-12,397,3605,5,415,386,3176,6,14,96,1172,301,1221,102,2393,California
Trinity,2021-03-13,13,3618,8,423,3,3179,2,16,8,1177,5,1226,10,2403,California
Trinity,2021-03-14,3,3621,1,424,2,3181,0,16,2,1178,1,1227,2,2405,California
Trinity,2021-03-15,67,3688,0,424,66,3247,1,17,14,1140,53,1280,15,2420,California
Trinity,2021-03-16,115,3803,7,431,108,3355,0,17,102,1229,13,1293,102,2522,California
Trinity,2021-03-17,100,3903,3,434,97,3452,0,17,26,1181,74,1367,26,2548,California
Trinity,2021-03-18,10,3913,2,436,5,3457,3,20,5,1184,5,1372,8,2556,California
Trinity,2021-03-19,459,4372,4,440,345,3802,110,130,36,907,423,1795,146,2702,California
Trinity,2021-03-20,105,4477,7,447,98,3900,0,130,70,943,34,1829,70,2772,California
Trinity,2021-03-21,4,4481,0,447,3,3903,1,131,3,946,1,1830,4,2776,California
Trinity,2021-03-22,2,4483,0,447,2,3905,0,131,2,948,0,1830,2,2778,California
Trinity,2021-03-23,96,4579,2,449,94,3999,0,131,78,1008,18,1848,78,2856,California
Trinity,2021-03-24,12,4591,1,450,11,4010,0,131,9,1014,3,1851,9,2865,California
Trinity,2021-03-25,110,4701,8,458,96,4106,6,137,84,1078,26,1877,90,2955,California
Trinity,2021-03-26,85,4786,8,466,77,4183,0,137,78,1149,7,1884,78,3033,California
Trinity,2021-03-27,20,4806,4,470,7,4190,9,146,9,1156,11,1895,18,3051,California
Trinity,2021-03-28,5,4811,3,473,2,4192,0,146,1,1153,4,1899,1,3052,California
Trinity,2021-03-29,6,4817,0,473,5,4197,1,147,2,1152,4,1903,3,3055,California
Trinity,2021-03-30,77,4894,5,478,72,4269,0,147,67,1209,10,1913,67,3122,California
Trinity,2021-03-31,56,4950,5,483,19,4288,32,179,21,1226,35,1948,52,3174,California
Trinity,2021-04-01,41,4991,11,494,19,4307,11,190,21,1238,20,1968,32,3206,California
Trinity,2021-04-02,247,5238,5,499,168,4475,74,264,75,1216,171,2139,149,3355,California
Trinity,2021-04-03,17,5255,12,511,5,4480,0,264,7,1213,10,2149,7,3362,California
Trinity,2021-04-04,10,5265,8,519,2,4482,0,264,8,1219,2,2151,8,3370,California
Trinity,2021-04-05,59,5324,6,525,52,4534,1,265,55,1271,4,2155,56,3426,California
Trinity,2021-04-06,117,5441,15,540,99,4633,3,268,28,1214,89,2244,32,3458,California
Trinity,2021-04-07,24,5465,12,552,7,4640,5,273,16,1227,8,2252,21,3479,California
Trinity,2021-04-08,89,5554,10,562,77,4717,2,275,52,1244,37,2289,54,3533,California
Trinity,2021-04-09,168,5722,20,582,144,4861,4,279,90,1260,78,2367,94,3627,California
Trinity,2021-04-10,11,5733,7,589,4,4865,0,279,10,1269,1,2368,10,3637,California
Trinity,2021-04-11,9,5742,5,594,2,4867,2,281,4,1270,5,2373,6,3643,California
Trinity,2021-04-12,77,5819,5,599,71,4938,1,282,64,1322,12,2385,64,3707,California
Trinity,2021-04-13,97,5916,5,604,92,5030,0,282,9,1243,88,2473,9,3716,California
Trinity,2021-04-14,10,5926,5,609,5,5035,0,282,6,1245,4,2477,6,3722,California
Trinity,2021-04-15,43,5969,10,619,33,5068,0,282,14,1230,29,2506,14,3736,California
Trinity,2021-04-16,146,6115,13,632,133,5201,0,282,73,1231,72,2578,73,3809,California
Trinity,2021-04-17,11,6126,5,637,6,5207,0,282,9,1238,2,2580,9,3818,California
Trinity,2021-04-18,3,6129,1,638,2,5209,0,282,0,1235,3,2583,0,3818,California
Trinity,2021-04-19,69,6198,2,640,67,5276,0,282,68,1302,1,2584,68,3886,California
Trinity,2021-04-20,92,6290,8,648,84,5360,0,282,20,1250,72,2656,20,3906,California
Trinity,2021-04-21,22,6312,9,657,13,5373,0,282,9,1246,13,2669,9,3915,California
Trinity,2021-04-22,91,6403,5,662,86,5459,0,282,14,1183,77,2746,14,3929,California
Trinity,2021-04-23,182,6585,6,668,176,5635,0,282,113,1227,69,2815,113,4042,California
Trinity,2021-04-24,23,6608,13,681,10,5645,0,282,6,1216,17,2832,6,4048,California
Trinity,2021-04-25,10,6618,9,690,1,5646,0,282,3,1213,6,2838,3,4051,California
Trinity,2021-04-26,45,6663,6,696,39,5685,0,282,40,1248,5,2843,40,4091,California
Trinity,2021-04-27,85,6748,7,703,78,5763,0,282,22,1207,63,2906,22,4113,California
Trinity,2021-04-28,33,6781,11,714,22,5785,0,282,12,1198,21,2927,12,4125,California
Trinity,2021-04-29,34,6815,13,727,21,5806,0,282,12,1188,22,2949,12,4137,California
Trinity,2021-04-30,27,6842,21,748,6,5812,0,282,8,1178,18,2967,8,4145,California
Trinity,2021-05-01,14,6856,8,756,1,5813,5,287,4,1177,10,2977,9,4154,California
Trinity,2021-05-02,8,6864,5,761,1,5814,2,289,2,1175,6,2983,4,4158,California
Trinity,2021-05-03,58,6922,13,774,44,5858,1,290,9,1137,48,3031,10,4168,California
Trinity,2021-05-04,23,6945,11,785,11,5869,1,291,8,1131,15,3046,9,4177,California
Trinity,2021-05-05,10,6955,6,791,4,5873,0,291,3,1127,7,3053,3,4180,California
Trinity,2021-05-06,72,7027,10,801,60,5933,2,293,15,1087,57,3110,17,4197,California
Trinity,2021-05-07,175,7202,12,813,129,6062,34,327,14,974,161,3271,48,4245,California
Trinity,2021-05-08,6,7208,2,815,4,6066,0,327,2,972,4,3275,2,4247,California
Trinity,2021-05-09,11,7219,8,823,3,6069,0,327,7,975,4,3279,7,4254,California
Trinity,2021-05-10,15,7234,5,828,9,6078,1,328,8,977,7,3286,9,4263,California
Trinity,2021-05-11,7,7241,3,831,4,6082,0,328,5,980,2,3288,5,4268,California
Trinity,2021-05-12,17,7258,14,845,2,6084,1,329,13,990,4,3292,14,4282,California
Trinity,2021-05-13,10,7268,7,852,2,6086,1,330,7,995,3,3295,8,4290,California
Trinity,2021-05-14,129,7397,19,871,82,6168,28,358,37,968,92,3387,65,4355,California
Trinity,2021-05-15,13,7410,9,880,3,6171,1,359,7,970,6,3393,8,4363,California
Trinity,2021-05-16,7,7417,6,886,1,6172,0,359,5,973,2,3395,5,4368,California
Trinity,2021-05-17,108,7525,20,906,86,6258,2,361,42,951,66,3461,44,4412,California
Trinity,2021-05-18,37,7562,7,913,29,6287,1,362,11,937,26,3487,12,4424,California
Trinity,2021-05-19,143,7705,16,929,98,6385,29,391,28,880,114,3601,57,4481,California
Trinity,2021-05-20,12,7717,6,935,3,6388,3,394,6,883,6,3607,9,4490,California
Trinity,2021-05-21,7,7724,2,937,5,6393,0,394,4,884,3,3610,4,4494,California
Trinity,2021-05-22,3,7727,2,939,1,6394,0,394,2,885,1,3611,2,4496,California
Trinity,2021-05-23,5,7732,4,943,1,6395,0,394,3,886,2,3613,3,4499,California
Trinity,2021-05-24,110,7842,12,955,97,6492,1,395,9,796,100,3713,10,4509,California
Trinity,2021-05-25,41,7883,12,967,29,6521,0,395,17,789,24,3737,17,4526,California
Trinity,2021-05-26,10,7893,4,971,6,6527,0,395,3,785,7,3744,3,4529,California
Trinity,2021-05-27,31,7924,13,984,15,6542,3,398,11,779,20,3764,14,4543,California
Trinity,2021-05-28,2,7926,1,985,1,6543,0,398,1,779,1,3765,1,4544,California
Tulare,2020-12-15,1,1,1,1,0,0,0,0,1,1,0,0,1,1,California
Tulare,2020-12-16,4,5,4,5,0,0,0,0,4,5,0,0,4,5,California
Tulare,2020-12-17,109,114,109,114,0,0,0,0,109,114,0,0,109,114,California
Tulare,2020-12-18,290,404,289,403,1,1,0,0,290,404,0,0,290,404,California
Tulare,2020-12-19,327,731,327,730,0,1,0,0,327,731,0,0,327,731,California
Tulare,2020-12-20,167,898,166,896,1,2,0,0,167,898,0,0,167,898,California
Tulare,2020-12-21,422,1320,422,1318,0,2,0,0,442,1340,0,0,442,1340,California
Tulare,2020-12-22,470,1790,468,1786,2,4,0,0,469,1809,0,0,469,1809,California
Tulare,2020-12-23,327,2117,319,2105,8,12,0,0,325,2134,0,0,325,2134,California
Tulare,2020-12-24,18,2135,16,2121,2,14,0,0,18,2152,0,0,18,2152,California
Tulare,2020-12-26,9,2144,8,2129,1,15,0,0,9,2161,0,0,9,2161,California
Tulare,2020-12-27,17,2161,12,2141,5,20,0,0,17,2178,0,0,17,2178,California
Tulare,2020-12-28,478,2639,466,2607,12,32,0,0,477,2655,0,0,477,2655,California
Tulare,2020-12-29,548,3187,478,3085,70,102,0,0,548,3203,0,0,548,3203,California
Tulare,2020-12-30,465,3652,425,3510,40,142,0,0,465,3668,0,0,465,3668,California
Tulare,2020-12-31,95,3747,22,3532,73,215,0,0,95,3763,0,0,95,3763,California
Tulare,2021-01-01,2,3749,1,3533,1,216,0,0,2,3765,0,0,2,3765,California
Tulare,2021-01-02,30,3779,17,3550,13,229,0,0,30,3795,0,0,30,3795,California
Tulare,2021-01-03,23,3802,9,3559,14,243,0,0,23,3818,0,0,23,3818,California
Tulare,2021-01-04,91,3893,15,3574,76,319,0,0,91,3909,0,0,91,3909,California
Tulare,2021-01-05,463,4356,278,3852,185,504,0,0,461,4368,2,2,461,4370,California
Tulare,2021-01-06,864,5220,634,4486,230,734,0,0,854,5212,10,12,854,5224,California
Tulare,2021-01-07,783,6003,584,5070,199,933,0,0,676,5781,107,119,676,5900,California
Tulare,2021-01-08,1277,7280,574,5644,703,1636,0,0,939,6383,337,456,939,6839,California
Tulare,2021-01-09,798,8078,203,5847,595,2231,0,0,611,6807,187,643,611,7450,California
Tulare,2021-01-10,50,8128,44,5891,6,2237,0,0,11,6779,39,682,11,7461,California
Tulare,2021-01-11,1272,9400,769,6660,503,2740,0,0,836,7179,436,1118,836,8297,California
Tulare,2021-01-12,1415,10815,501,7161,914,3654,0,0,1005,7776,409,1527,1006,9303,California
Tulare,2021-01-13,428,11243,199,7360,229,3883,0,0,353,8054,75,1602,353,9656,California
Tulare,2021-01-14,491,11734,141,7501,350,4233,0,0,465,8504,15,1617,465,10121,California
Tulare,2021-01-15,1626,13360,154,7655,1472,5705,0,0,1617,10112,9,1626,1617,11738,California
Tulare,2021-01-16,1899,15259,112,7767,1787,7492,0,0,1885,11983,14,1640,1885,13623,California
Tulare,2021-01-17,142,15401,122,7889,20,7512,0,0,132,12105,10,1650,132,13755,California
Tulare,2021-01-18,694,16095,661,8550,33,7545,0,0,297,12005,397,2047,297,14052,California
Tulare,2021-01-19,1011,17106,688,9238,323,7868,0,0,584,12162,427,2474,584,14636,California
Tulare,2021-01-20,2425,19531,612,9850,1813,9681,0,0,2013,13789,386,2860,2013,16649,California
Tulare,2021-01-21,1550,21081,182,10032,1368,11049,0,0,1524,15292,21,2881,1524,18173,California
Tulare,2021-01-22,1058,22139,189,10221,869,11918,0,0,1033,16301,24,2905,1033,19206,California
Tulare,2021-01-23,437,22576,155,10376,282,12200,0,0,417,16698,20,2925,417,19623,California
Tulare,2021-01-24,30,22606,27,10403,3,12203,0,0,28,16724,2,2927,28,19651,California
Tulare,2021-01-25,1342,23948,981,11384,361,12564,0,0,1299,17980,43,2970,1299,20950,California
Tulare,2021-01-26,1503,25451,1097,12481,406,12970,0,0,1170,18818,332,3302,1170,22120,California
Tulare,2021-01-27,1500,26951,1070,13551,430,13400,0,0,921,19161,578,3880,921,23041,California
Tulare,2021-01-28,1215,28166,777,14328,438,13838,0,0,817,19580,398,4278,817,23858,California
Tulare,2021-01-29,1129,29295,719,15047,410,14248,0,0,820,20091,309,4587,820,24678,California
Tulare,2021-01-30,1675,30970,1581,16628,94,14342,0,0,1651,21719,24,4611,1652,26330,California
Tulare,2021-01-31,67,31037,62,16690,5,14347,0,0,64,21780,3,4614,64,26394,California
Tulare,2021-02-01,1185,32222,915,17605,270,14617,0,0,829,22254,355,4969,829,27223,California
Tulare,2021-02-02,696,32918,347,17952,349,14966,0,0,455,22471,239,5208,456,27679,California
Tulare,2021-02-03,568,33486,241,18193,327,15293,0,0,327,22577,221,5429,327,28006,California
Tulare,2021-02-04,557,34043,169,18362,388,15681,0,0,268,22558,288,5717,269,28275,California
Tulare,2021-02-05,1239,35282,238,18600,1001,16682,0,0,408,22137,829,6546,408,28683,California
Tulare,2021-02-06,832,36114,156,18756,676,17358,0,0,211,21729,619,7165,211,28894,California
Tulare,2021-02-07,83,36197,71,18827,12,17370,0,0,23,21692,60,7225,23,28917,California
Tulare,2021-02-08,941,37138,325,19152,616,17986,0,0,240,21233,699,7924,240,29157,California
Tulare,2021-02-09,1415,38553,335,19487,1080,19066,0,0,369,20561,1041,8965,369,29526,California
Tulare,2021-02-10,2473,41026,1986,21473,487,19553,0,0,2072,22233,400,9365,2072,31598,California
Tulare,2021-02-11,1326,42352,377,21850,949,20502,0,0,907,22721,419,9784,907,32505,California
Tulare,2021-02-12,2784,45136,575,22425,2209,22711,0,0,1207,22358,1570,11354,1207,33712,California
Tulare,2021-02-13,2479,47615,157,22582,2322,25033,0,0,664,21211,1811,13165,664,34376,California
Tulare,2021-02-14,337,47952,40,22622,297,25330,0,0,300,21474,37,13202,300,34676,California
Tulare,2021-02-15,920,48872,294,22916,626,25956,0,0,663,21881,256,13458,663,35339,California
Tulare,2021-02-16,2833,51705,1594,24510,1239,27195,0,0,1079,21207,1753,15211,1079,36418,California
Tulare,2021-02-17,2698,54403,511,25021,2187,29382,0,0,461,19437,2231,17442,461,36879,California
Tulare,2021-02-18,2320,56723,456,25477,1864,31246,0,0,638,18401,1674,19116,638,37517,California
Tulare,2021-02-19,2311,59034,871,26348,1440,32686,0,0,953,17997,1357,20473,953,38470,California
Tulare,2021-02-20,2979,62013,1881,28229,1098,33784,0,0,1257,17537,1717,22190,1257,39727,California
Tulare,2021-02-21,94,62107,90,28319,4,33788,0,0,48,17540,45,22235,48,39775,California
Tulare,2021-02-22,1105,63212,699,29018,406,34194,0,0,210,16856,894,23129,210,39985,California
Tulare,2021-02-23,1959,65171,949,29967,1010,35204,0,0,1466,17830,492,23621,1466,41451,California
Tulare,2021-02-24,2485,67656,1549,31516,936,36140,0,0,2108,19563,376,23997,2109,43560,California
Tulare,2021-02-25,3510,71166,1979,33495,1531,37671,0,0,3094,22245,412,24409,3094,46654,California
Tulare,2021-02-26,3854,75020,1887,35382,1967,39638,0,0,3387,25168,465,24874,3388,50042,California
Tulare,2021-02-27,2998,78018,1490,36872,1508,41146,0,0,2865,27912,121,24995,2865,52907,California
Tulare,2021-02-28,1308,79326,1036,37908,272,41418,0,0,1288,29183,17,25012,1288,54195,California
Tulare,2021-03-01,1775,81101,798,38706,977,42395,0,0,1584,30578,189,25201,1584,55779,California
Tulare,2021-03-02,2775,83876,1269,39975,1505,43900,1,1,2599,33005,174,25375,2601,58380,California
Tulare,2021-03-03,3955,87831,2619,42594,1336,45236,0,1,2006,33067,1946,27321,2008,60388,California
Tulare,2021-03-04,2949,90780,1332,43926,1617,46853,0,1,2621,35364,324,27645,2621,63009,California
Tulare,2021-03-05,3438,94218,1760,45686,1663,48516,15,16,2922,37790,513,28158,2939,65948,California
Tulare,2021-03-06,3085,97303,1440,47126,1586,50102,59,75,2837,40439,245,28403,2894,68842,California
Tulare,2021-03-07,1137,98440,703,47829,413,50515,21,96,1096,41516,40,28443,1117,69959,California
Tulare,2021-03-08,1722,100162,1007,48836,546,51061,169,265,1394,42755,323,28766,1562,71521,California
Tulare,2021-03-09,3259,103421,2246,51082,866,51927,147,412,2850,45343,408,29174,2996,74517,California
Tulare,2021-03-10,2965,106386,1398,52480,1392,53319,175,587,2563,47686,393,29567,2736,77253,California
Tulare,2021-03-11,4184,110570,1979,54459,1904,55223,301,888,3244,50291,940,30507,3545,80798,California
Tulare,2021-03-12,4404,114974,2432,56891,1623,56846,349,1237,3130,52507,1266,31773,3482,84280,California
Tulare,2021-03-13,4140,119114,1943,58834,2092,58938,105,1342,3193,54868,941,32714,3302,87582,California
Tulare,2021-03-14,1859,120973,985,59819,655,59593,219,1561,1334,55894,524,33238,1550,89132,California
Tulare,2021-03-15,2747,123720,1628,61447,1004,60597,115,1676,1973,57211,772,34010,2089,91221,California
Tulare,2021-03-16,3436,127156,2124,63571,1234,61831,78,1754,1879,57618,1553,35563,1960,93181,California
Tulare,2021-03-17,4049,131205,2636,66207,1336,63167,77,1831,2305,58270,1737,37300,2389,95570,California
Tulare,2021-03-18,4633,135838,3380,69587,1181,64348,72,1903,2449,58616,2177,39477,2523,98093,California
Tulare,2021-03-19,5097,140935,3352,72939,1550,65898,195,2098,2730,59195,2348,41825,2927,101020,California
Tulare,2021-03-20,4479,145414,2786,75725,1321,67219,372,2470,2060,59219,2411,44236,2435,103455,California
Tulare,2021-03-21,1996,147410,1706,77431,264,67483,26,2496,1055,59362,937,45173,1080,104535,California
Tulare,2021-03-22,2564,149974,1775,79206,677,68160,112,2608,1693,60304,865,46038,1807,106342,California
Tulare,2021-03-23,3756,153730,2157,81363,1547,69707,52,2660,2061,60738,1685,47723,2119,108461,California
Tulare,2021-03-24,3204,156934,1989,83352,1173,70880,42,2702,1811,61206,1385,49108,1853,110314,California
Tulare,2021-03-25,3481,160415,1814,85166,1495,72375,172,2874,1692,61290,1782,50890,1866,112180,California
Tulare,2021-03-26,5254,165669,3136,88302,2009,74384,109,2983,2545,61254,2691,53581,2655,114835,California
Tulare,2021-03-27,3538,169207,1815,90117,1625,76009,98,3081,991,59803,2539,56120,1088,115923,California
Tulare,2021-03-28,1468,170675,1063,91180,374,76383,31,3112,677,59728,789,56909,714,116637,California
Tulare,2021-03-29,2895,173570,1675,92855,1108,77491,112,3224,1229,59410,1661,58570,1343,117980,California
Tulare,2021-03-30,4831,178401,2785,95640,1816,79307,230,3454,1531,57874,3291,61861,1755,119735,California
Tulare,2021-03-31,3955,182356,2339,97979,1503,80810,113,3567,1577,57198,2370,64231,1694,121429,California
Tulare,2021-04-01,4521,186877,2452,100431,2001,82811,68,3635,1559,55875,2952,67183,1629,123058,California
Tulare,2021-04-02,5333,192210,3054,103485,2161,84972,118,3753,1576,53832,3741,70924,1698,124756,California
Tulare,2021-04-03,3624,195834,2096,105581,1157,86129,371,4124,835,52286,2751,73675,1205,125961,California
Tulare,2021-04-04,1633,197467,1146,106727,480,86609,7,4131,359,51382,1270,74945,366,126327,California
Tulare,2021-04-05,3367,200834,2354,109081,743,87352,270,4401,861,50031,2494,77439,1143,127470,California
Tulare,2021-04-06,3430,204264,1469,110550,1467,88819,494,4895,922,48951,2501,79940,1421,128891,California
Tulare,2021-04-07,3887,208151,1833,112383,1621,90440,433,5328,1178,47870,2699,82639,1618,130509,California
Tulare,2021-04-08,4746,212897,2607,114990,1679,92119,460,5788,1512,46628,3222,85861,1980,132489,California
Tulare,2021-04-09,4820,217717,2980,117970,1408,93527,432,6220,1824,45918,2988,88849,2278,134767,California
Tulare,2021-04-10,3830,221547,2062,120032,1450,94977,318,6538,943,44301,2879,91728,1262,136029,California
Tulare,2021-04-11,1573,223120,1036,121068,466,95443,71,6609,482,43766,1088,92816,553,136582,California
Tulare,2021-04-12,3362,226482,2106,123174,663,96106,593,7202,1050,43106,2304,95120,1644,138226,California
Tulare,2021-04-13,2413,228895,1586,124760,817,96923,10,7212,901,42518,1501,96621,913,139139,California
Tulare,2021-04-14,2847,231742,1681,126441,1166,98089,0,7212,908,41490,1936,98557,908,140047,California
Tulare,2021-04-15,3273,235015,2133,128574,1140,99229,0,7212,1469,41166,1793,100350,1469,141516,California
Tulare,2021-04-16,3653,238668,2216,130790,1437,100666,0,7212,1478,40479,2165,102515,1478,142994,California
Tulare,2021-04-17,2212,240880,1299,132089,913,101579,0,7212,1175,40623,1032,103547,1176,144170,California
Tulare,2021-04-18,1521,242401,1190,133279,331,101910,0,7212,814,40731,706,104253,814,144984,California
Tulare,2021-04-19,2121,244522,1220,134499,899,102809,2,7214,896,40408,1221,105474,898,145882,California
Tulare,2021-04-20,2342,246864,1314,135813,1028,103837,0,7214,995,40071,1332,106806,995,146877,California
Tulare,2021-04-21,2206,249070,1326,137139,880,104717,0,7214,807,39519,1360,108166,808,147685,California
Tulare,2021-04-22,2108,251178,1171,138310,937,105654,0,7214,727,38885,1361,109527,727,148412,California
Tulare,2021-04-23,2578,253756,1581,139891,996,106650,1,7215,1019,38356,1548,111075,1019,149431,California
Tulare,2021-04-24,1637,255393,1051,140942,584,107234,2,7217,849,38424,783,111858,851,150282,California
Tulare,2021-04-25,693,256086,520,141462,173,107407,0,7217,264,38259,429,112287,264,150546,California
Tulare,2021-04-26,1463,257549,874,142336,570,107977,19,7236,610,38041,845,113132,627,151173,California
Tulare,2021-04-27,1593,259142,633,142969,924,108901,36,7272,671,37828,919,114051,706,151879,California
Tulare,2021-04-28,1702,260844,971,143940,690,109591,41,7313,668,37508,1029,115080,709,152588,California
Tulare,2021-04-29,1989,262833,1193,145133,759,110350,37,7350,768,37100,1211,116291,803,153391,California
Tulare,2021-04-30,2431,265264,1771,146904,610,110960,50,7400,895,36515,1529,117820,944,154335,California
Tulare,2021-05-01,1410,266674,1211,148115,187,111147,12,7412,721,36568,680,118500,733,155068,California
Tulare,2021-05-02,584,267258,496,148611,72,111219,16,7428,188,36379,393,118893,204,155272,California
Tulare,2021-05-03,1619,268877,1094,149705,400,111619,125,7553,349,35590,1263,120156,474,155746,California
Tulare,2021-05-04,1550,270427,826,150531,655,112274,69,7622,625,35364,918,121074,692,156438,California
Tulare,2021-05-05,1267,271694,611,151142,568,112842,88,7710,436,35068,820,121894,524,156962,California
Tulare,2021-05-06,1950,273644,1325,152467,576,113418,49,7759,588,34351,1354,123248,637,157599,California
Tulare,2021-05-07,1841,275485,1250,153717,523,113941,68,7827,526,33636,1308,124556,593,158192,California
Tulare,2021-05-08,1233,276718,803,154520,405,114346,25,7852,526,33487,700,125256,551,158743,California
Tulare,2021-05-09,590,277308,468,154988,101,114447,21,7873,117,33157,469,125725,139,158882,California
Tulare,2021-05-10,1015,278323,587,155575,363,114810,65,7938,308,32825,705,126430,373,159255,California
Tulare,2021-05-11,1210,279533,614,156189,520,115330,76,8014,502,32701,702,127132,578,159833,California
Tulare,2021-05-12,1501,281034,967,157156,482,115812,52,8066,397,32059,1090,128222,448,160281,California
Tulare,2021-05-13,1448,282482,902,158058,508,116320,38,8104,645,31943,799,129021,683,160964,California
Tulare,2021-05-14,1927,284409,1240,159298,625,116945,62,8166,859,31807,1057,130078,921,161885,California
Tulare,2021-05-15,1559,285968,875,160173,638,117583,46,8212,660,31620,892,130970,705,162590,California
Tulare,2021-05-16,693,286661,552,160725,129,117712,12,8224,323,31586,369,131339,335,162925,California
Tulare,2021-05-17,1536,288197,952,161677,511,118223,73,8297,744,31618,785,132124,817,163742,California
Tulare,2021-05-18,1578,289775,851,162528,674,118897,53,8350,805,31706,768,132892,856,164598,California
Tulare,2021-05-19,1465,291240,942,163470,489,119386,34,8384,767,31814,693,133585,801,165399,California
Tulare,2021-05-20,1347,292587,919,164389,344,119730,84,8468,657,31867,688,134273,741,166140,California
Tulare,2021-05-21,1654,294241,1250,165639,363,120093,41,8509,929,32120,717,134990,970,167110,California
Tulare,2021-05-22,1408,295649,1024,166663,359,120452,25,8534,534,31811,869,135859,560,167670,California
Tulare,2021-05-23,294,295943,249,166912,36,120488,9,8543,147,31821,146,136005,156,167826,California
Tulare,2021-05-24,916,296859,553,167465,303,120791,60,8603,424,31818,487,136492,484,168310,California
Tulare,2021-05-25,1190,298049,703,168168,450,121241,37,8640,530,31731,654,137146,567,168877,California
Tulare,2021-05-26,854,298903,475,168643,338,121579,41,8681,393,31706,458,137604,433,169310,California
Tulare,2021-05-27,1232,300135,775,169418,426,122005,31,8712,584,31681,642,138246,617,169927,California
Tulare,2021-05-28,673,300808,391,169809,245,122250,37,8749,351,31750,318,138564,387,170314,California
Tuolumne,2020-12-16,47,47,47,47,0,0,0,0,47,47,0,0,47,47,California
Tuolumne,2020-12-17,18,65,18,65,0,0,0,0,18,65,0,0,18,65,California
Tuolumne,2020-12-18,101,166,100,165,1,1,0,0,101,166,0,0,101,166,California
Tuolumne,2020-12-19,5,171,5,170,0,1,0,0,5,171,0,0,5,171,California
Tuolumne,2020-12-20,2,173,2,172,0,1,0,0,2,173,0,0,2,173,California
Tuolumne,2020-12-21,115,288,101,273,14,15,0,0,115,288,0,0,115,288,California
Tuolumne,2020-12-22,172,460,172,445,0,15,0,0,172,460,0,0,172,460,California
Tuolumne,2020-12-23,185,645,183,628,2,17,0,0,185,645,0,0,185,645,California
Tuolumne,2020-12-26,2,647,2,630,0,17,0,0,2,647,0,0,2,647,California
Tuolumne,2020-12-28,77,724,75,705,2,19,0,0,77,724,0,0,77,724,California
Tuolumne,2020-12-29,102,826,39,744,63,82,0,0,102,826,0,0,102,826,California
Tuolumne,2020-12-30,78,904,22,766,56,138,0,0,78,904,0,0,78,904,California
Tuolumne,2020-12-31,27,931,20,786,7,145,0,0,27,931,0,0,27,931,California
Tuolumne,2021-01-01,6,937,5,791,1,146,0,0,6,937,0,0,6,937,California
Tuolumne,2021-01-02,118,1055,115,906,3,149,0,0,118,1055,0,0,118,1055,California
Tuolumne,2021-01-03,2,1057,2,908,0,149,0,0,2,1057,0,0,2,1057,California
Tuolumne,2021-01-04,69,1126,26,934,43,192,0,0,69,1126,0,0,69,1126,California
Tuolumne,2021-01-05,93,1219,27,961,66,258,0,0,90,1214,3,3,91,1217,California
Tuolumne,2021-01-06,132,1351,72,1033,60,318,0,0,68,1218,64,67,68,1285,California
Tuolumne,2021-01-07,120,1471,64,1097,56,374,0,0,64,1226,56,123,64,1349,California
Tuolumne,2021-01-08,105,1576,81,1178,24,398,0,0,27,1177,77,200,28,1377,California
Tuolumne,2021-01-09,2,1578,0,1178,2,400,0,0,2,1179,0,200,2,1379,California
Tuolumne,2021-01-10,3,1581,1,1179,2,402,0,0,3,1182,0,200,3,1382,California
Tuolumne,2021-01-11,116,1697,90,1269,26,428,0,0,34,1134,82,282,34,1416,California
Tuolumne,2021-01-12,102,1799,86,1355,16,444,0,0,18,1068,84,366,18,1434,California
Tuolumne,2021-01-13,231,2030,125,1480,106,550,0,0,182,1202,49,415,183,1617,California
Tuolumne,2021-01-14,148,2178,108,1588,40,590,0,0,43,1141,104,519,43,1660,California
Tuolumne,2021-01-15,474,2652,72,1660,402,992,0,0,412,1493,61,580,413,2073,California
Tuolumne,2021-01-16,7,2659,3,1663,4,996,0,0,6,1498,1,581,6,2079,California
Tuolumne,2021-01-17,7,2666,4,1667,3,999,0,0,7,1505,0,581,7,2086,California
Tuolumne,2021-01-18,46,2712,38,1705,8,1007,0,0,9,1478,36,617,9,2095,California
Tuolumne,2021-01-19,478,3190,73,1778,405,1412,0,0,432,1864,46,663,432,2527,California
Tuolumne,2021-01-20,76,3266,58,1836,18,1430,0,0,24,1837,51,714,24,2551,California
Tuolumne,2021-01-21,56,3322,23,1859,33,1463,0,0,40,1861,16,730,40,2591,California
Tuolumne,2021-01-22,169,3491,16,1875,153,1616,0,0,162,2016,7,737,162,2753,California
Tuolumne,2021-01-23,653,4144,134,2009,519,2135,0,0,548,2471,105,842,560,3313,California
Tuolumne,2021-01-24,522,4666,1,2010,521,2656,0,0,520,2990,2,844,521,3834,California
Tuolumne,2021-01-25,50,4716,28,2038,22,2678,0,0,24,2989,26,870,25,3859,California
Tuolumne,2021-01-26,80,4796,68,2106,12,2690,0,0,40,2990,40,910,41,3900,California
Tuolumne,2021-01-27,61,4857,4,2110,57,2747,0,0,8,2946,52,962,8,3908,California
Tuolumne,2021-01-28,27,4884,7,2117,20,2767,0,0,18,2955,9,971,18,3926,California
Tuolumne,2021-01-29,72,4956,6,2123,66,2833,0,0,33,2949,39,1010,33,3959,California
Tuolumne,2021-01-30,711,5667,553,2676,158,2991,0,0,689,3632,22,1032,705,4664,California
Tuolumne,2021-01-31,8,5675,2,2678,6,2997,0,0,5,3634,3,1035,5,4669,California
Tuolumne,2021-02-01,26,5701,7,2685,19,3016,0,0,23,3654,3,1038,23,4692,California
Tuolumne,2021-02-02,647,6348,40,2725,607,3623,0,0,635,4279,10,1048,635,5327,California
Tuolumne,2021-02-03,241,6589,112,2837,129,3752,0,0,88,4214,153,1201,88,5415,California
Tuolumne,2021-02-04,123,6712,13,2850,110,3862,0,0,60,4211,63,1264,60,5475,California
Tuolumne,2021-02-05,99,6811,13,2863,86,3948,0,0,35,4183,63,1327,35,5510,California
Tuolumne,2021-02-06,857,7668,583,3446,274,4222,0,0,849,5029,8,1335,854,6364,California
Tuolumne,2021-02-07,8,7676,4,3450,4,4226,0,0,4,5029,4,1339,4,6368,California
Tuolumne,2021-02-08,91,7767,40,3490,51,4277,0,0,67,5072,24,1363,67,6435,California
Tuolumne,2021-02-09,863,8630,53,3543,810,5087,0,0,822,5853,41,1404,822,7257,California
Tuolumne,2021-02-10,92,8722,17,3560,75,5162,0,0,31,5824,60,1464,31,7288,California
Tuolumne,2021-02-11,143,8865,67,3627,76,5238,0,0,77,5835,66,1530,77,7365,California
Tuolumne,2021-02-12,646,9511,19,3646,627,5865,0,0,205,5600,440,1970,205,7570,California
Tuolumne,2021-02-13,150,9661,42,3688,108,5973,0,0,119,5689,30,2000,119,7689,California
Tuolumne,2021-02-14,150,9811,13,3701,137,6110,0,0,149,5837,1,2001,149,7838,California
Tuolumne,2021-02-15,186,9997,10,3711,176,6286,0,0,177,6005,9,2010,177,8015,California
Tuolumne,2021-02-16,531,10528,18,3729,513,6799,0,0,122,5724,405,2415,124,8139,California
Tuolumne,2021-02-17,111,10639,63,3792,48,6847,0,0,61,5736,49,2464,61,8200,California
Tuolumne,2021-02-18,679,11318,25,3817,654,7501,0,0,628,6314,51,2515,629,8829,California
Tuolumne,2021-02-19,143,11461,23,3840,120,7621,0,0,43,6257,100,2615,43,8872,California
Tuolumne,2021-02-20,904,12365,341,4181,563,8184,0,0,384,6136,506,3121,385,9257,California
Tuolumne,2021-02-21,976,13341,38,4219,938,9122,0,0,470,6104,505,3626,473,9730,California
Tuolumne,2021-02-22,81,13422,58,4277,23,9145,0,0,47,6118,33,3659,47,9777,California
Tuolumne,2021-02-23,48,13470,24,4301,24,9169,0,0,26,6123,21,3680,26,9803,California
Tuolumne,2021-02-24,105,13575,59,4360,46,9215,0,0,44,6107,60,3740,44,9847,California
Tuolumne,2021-02-25,1050,14625,35,4395,1015,10230,0,0,1019,7095,31,3771,1019,10866,California
Tuolumne,2021-02-26,149,14774,10,4405,139,10369,0,0,123,7193,26,3797,124,10990,California
Tuolumne,2021-02-27,954,15728,579,4984,375,10744,0,0,249,6757,688,4485,252,11242,California
Tuolumne,2021-02-28,56,15784,4,4988,52,10796,0,0,52,6806,3,4488,52,11294,California
Tuolumne,2021-03-01,114,15898,22,5010,91,10887,1,1,77,6849,36,4524,79,11373,California
Tuolumne,2021-03-02,705,16603,73,5083,632,11519,0,1,106,6356,599,5123,106,11479,California
Tuolumne,2021-03-03,89,16692,21,5104,68,11587,0,1,64,6395,25,5148,64,11543,California
Tuolumne,2021-03-04,1169,17861,75,5179,1094,12681,0,1,1105,7436,64,5212,1105,12648,California
Tuolumne,2021-03-05,86,17947,10,5189,76,12757,0,1,49,7450,36,5248,50,12698,California
Tuolumne,2021-03-06,1057,19004,606,5795,449,13206,2,3,203,6808,849,6097,207,12905,California
Tuolumne,2021-03-07,42,19046,13,5808,14,13220,15,18,19,6819,23,6120,34,12939,California
Tuolumne,2021-03-08,196,19242,90,5898,99,13319,7,25,139,6908,57,6177,146,13085,California
Tuolumne,2021-03-09,857,20099,16,5914,830,14149,11,36,68,6204,784,6961,80,13165,California
Tuolumne,2021-03-10,78,20177,12,5926,55,14204,11,47,53,6243,25,6986,64,13229,California
Tuolumne,2021-03-11,1281,21458,36,5962,1240,15444,5,52,1255,7479,26,7012,1262,14491,California
Tuolumne,2021-03-12,299,21757,36,5998,248,15692,15,67,190,7579,108,7120,208,14699,California
Tuolumne,2021-03-13,114,21871,13,6011,101,15793,0,67,85,7637,28,7148,86,14785,California
Tuolumne,2021-03-14,143,22014,8,6019,126,15919,9,76,6,7519,137,7285,19,14804,California
Tuolumne,2021-03-15,297,22311,80,6099,214,16133,3,79,102,7436,194,7479,111,14915,California
Tuolumne,2021-03-16,803,23114,40,6139,752,16885,11,90,666,7977,136,7615,677,15592,California
Tuolumne,2021-03-17,153,23267,33,6172,107,16992,13,103,79,7996,73,7688,92,15684,California
Tuolumne,2021-03-18,947,24214,27,6199,907,17899,13,116,317,7699,627,8315,330,16014,California
Tuolumne,2021-03-19,134,24348,17,6216,87,17986,30,146,74,7744,59,8374,104,16118,California
Tuolumne,2021-03-20,90,24438,7,6223,73,18059,10,156,37,7738,52,8426,46,16164,California
Tuolumne,2021-03-21,833,25271,389,6612,434,18493,10,166,41,7006,784,9210,52,16216,California
Tuolumne,2021-03-22,164,25435,73,6685,72,18565,19,185,97,7056,66,9276,116,16332,California
Tuolumne,2021-03-23,707,26142,637,7322,56,18621,14,199,669,7700,38,9314,682,17014,California
Tuolumne,2021-03-24,110,26252,19,7341,73,18694,18,217,77,7763,32,9346,95,17109,California
Tuolumne,2021-03-25,1297,27549,23,7364,1271,19965,3,220,326,7123,969,10315,329,17438,California
Tuolumne,2021-03-26,275,27824,16,7380,236,20201,23,243,117,7116,148,10463,141,17579,California
Tuolumne,2021-03-27,580,28404,53,7433,527,20728,0,243,317,7174,261,10724,319,17898,California
Tuolumne,2021-03-28,48,28452,7,7440,41,20769,0,243,8,7144,39,10763,9,17907,California
Tuolumne,2021-03-29,206,28658,83,7523,123,20892,0,243,109,7159,94,10857,109,18016,California
Tuolumne,2021-03-30,164,28822,11,7534,152,21044,1,244,122,7241,41,10898,123,18139,California
Tuolumne,2021-03-31,95,28917,14,7548,79,21123,2,246,38,7226,55,10953,40,18179,California
Tuolumne,2021-04-01,1249,30166,30,7578,1219,22342,0,246,228,6436,1018,11971,228,18407,California
Tuolumne,2021-04-02,165,30331,12,7590,127,22469,26,272,91,6481,72,12043,117,18524,California
Tuolumne,2021-04-03,427,30758,35,7625,390,22859,2,274,239,6537,187,12230,243,18767,California
Tuolumne,2021-04-04,33,30791,3,7628,30,22889,0,274,21,6547,11,12241,21,18788,California
Tuolumne,2021-04-05,131,30922,19,7647,105,22994,7,281,59,6541,72,12313,66,18854,California
Tuolumne,2021-04-06,648,31570,517,8164,104,23098,27,308,513,6948,134,12447,541,19395,California
Tuolumne,2021-04-07,128,31698,37,8201,75,23173,16,324,50,6936,78,12525,66,19461,California
Tuolumne,2021-04-08,1445,33143,32,8233,1398,24571,15,339,246,6002,1195,13720,261,19722,California
Tuolumne,2021-04-09,274,33417,41,8274,189,24760,44,383,131,6038,143,13863,179,19901,California
Tuolumne,2021-04-10,56,33473,2,8276,34,24794,20,403,23,6049,32,13895,43,19944,California
Tuolumne,2021-04-11,18,33491,3,8279,12,24806,3,406,12,6058,6,13901,15,19959,California
Tuolumne,2021-04-12,164,33655,66,8345,93,24899,5,411,90,6085,68,13969,95,20054,California
Tuolumne,2021-04-13,784,34439,35,8380,749,25648,0,411,169,5647,607,14576,169,20223,California
Tuolumne,2021-04-14,154,34593,29,8409,125,25773,0,411,78,5653,73,14649,79,20302,California
Tuolumne,2021-04-15,341,34934,20,8429,321,26094,0,411,59,5436,276,14925,59,20361,California
Tuolumne,2021-04-16,251,35185,50,8479,201,26295,0,411,141,5475,103,15028,142,20503,California
Tuolumne,2021-04-17,43,35228,6,8485,37,26332,0,411,27,5486,16,15044,27,20530,California
Tuolumne,2021-04-18,9,35237,3,8488,6,26338,0,411,4,5486,5,15049,5,20535,California
Tuolumne,2021-04-19,170,35407,79,8567,91,26429,0,411,92,5502,76,15125,92,20627,California
Tuolumne,2021-04-20,712,36119,616,9183,96,26525,0,411,76,4949,629,15754,76,20703,California
Tuolumne,2021-04-21,119,36238,26,9209,93,26618,0,411,63,4961,51,15805,63,20766,California
Tuolumne,2021-04-22,710,36948,46,9255,664,27282,0,411,431,5122,270,16075,431,21197,California
Tuolumne,2021-04-23,177,37125,31,9286,146,27428,0,411,86,5119,89,16164,86,21283,California
Tuolumne,2021-04-24,80,37205,18,9304,62,27490,0,411,52,5143,28,16192,52,21335,California
Tuolumne,2021-04-25,27,37232,10,9314,17,27507,0,411,24,5164,3,16195,24,21359,California
Tuolumne,2021-04-26,155,37387,56,9370,99,27606,0,411,72,5155,82,16277,73,21432,California
Tuolumne,2021-04-27,136,37523,23,9393,106,27712,7,418,63,5154,71,16348,70,21502,California
Tuolumne,2021-04-28,118,37641,26,9419,81,27793,11,429,66,5180,51,16399,77,21579,California
Tuolumne,2021-04-29,277,37918,16,9435,253,28046,8,437,53,5019,222,16621,61,21640,California
Tuolumne,2021-04-30,353,38271,22,9457,319,28365,12,449,67,4816,282,16903,79,21719,California
Tuolumne,2021-05-01,25,38296,7,9464,13,28378,5,454,16,4828,9,16912,21,21740,California
Tuolumne,2021-05-02,26,38322,3,9467,21,28399,2,456,19,4842,7,16919,21,21761,California
Tuolumne,2021-05-03,100,38422,14,9481,81,28480,5,461,29,4806,70,16989,34,21795,California
Tuolumne,2021-05-04,694,39116,601,10082,88,28568,5,466,207,4531,486,17475,211,22006,California
Tuolumne,2021-05-05,107,39223,25,10107,76,28644,6,472,55,4543,50,17525,62,22068,California
Tuolumne,2021-05-06,285,39508,13,10120,258,28902,14,486,40,4356,240,17765,53,22121,California
Tuolumne,2021-05-07,323,39831,25,10145,290,29192,8,494,65,4172,257,18022,73,22194,California
Tuolumne,2021-05-08,47,39878,7,10152,36,29228,4,498,29,4187,18,18040,33,22227,California
Tuolumne,2021-05-09,15,39893,2,10154,11,29239,2,500,2,4178,13,18053,4,22231,California
Tuolumne,2021-05-10,111,40004,44,10198,62,29301,5,505,31,4135,79,18132,36,22267,California
Tuolumne,2021-05-11,196,40200,62,10260,122,29423,12,517,55,4062,140,18272,67,22334,California
Tuolumne,2021-05-12,128,40328,20,10280,105,29528,3,520,50,4037,78,18350,53,22387,California
Tuolumne,2021-05-13,109,40437,18,10298,83,29611,8,528,68,4073,41,18391,77,22464,California
Tuolumne,2021-05-14,207,40644,75,10373,120,29731,12,540,106,4092,99,18490,118,22582,California
Tuolumne,2021-05-15,56,40700,14,10387,35,29766,7,547,19,4082,37,18527,27,22609,California
Tuolumne,2021-05-16,26,40726,8,10395,16,29782,2,549,12,4082,14,18541,14,22623,California
Tuolumne,2021-05-17,110,40836,29,10424,78,29860,3,552,47,4070,63,18604,51,22674,California
Tuolumne,2021-05-18,176,41012,54,10478,75,29935,47,599,58,4057,118,18722,105,22779,California
Tuolumne,2021-05-19,120,41132,22,10500,65,30000,33,632,47,4065,72,18794,80,22859,California
Tuolumne,2021-05-20,396,41528,20,10520,371,30371,5,637,52,3779,343,19137,57,22916,California
Tuolumne,2021-05-21,192,41720,88,10608,99,30470,5,642,116,3825,75,19212,121,23037,California
Tuolumne,2021-05-22,52,41772,15,10623,32,30502,5,647,21,3820,30,19242,25,23062,California
Tuolumne,2021-05-23,15,41787,4,10627,11,30513,0,647,6,3817,9,19251,6,23068,California
Tuolumne,2021-05-24,125,41912,41,10668,78,30591,6,653,52,3803,72,19323,58,23126,California
Tuolumne,2021-05-25,280,42192,215,10883,59,30650,6,659,107,3743,173,19496,113,23239,California
Tuolumne,2021-05-26,80,42272,20,10903,58,30708,2,661,35,3735,45,19541,37,23276,California
Tuolumne,2021-05-27,57,42329,12,10915,43,30751,2,663,22,3725,34,19575,24,23300,California
Tuolumne,2021-05-28,61,42390,36,10951,24,30775,1,664,39,3744,21,19596,40,23340,California
Ventura,2020-12-15,5,5,5,5,0,0,0,0,5,5,0,0,5,5,California
Ventura,2020-12-16,73,78,73,78,0,0,0,0,73,78,0,0,73,78,California
Ventura,2020-12-17,249,327,249,327,0,0,0,0,249,327,0,0,249,327,California
Ventura,2020-12-18,1415,1742,1415,1742,0,0,0,0,1415,1742,0,0,1415,1742,California
Ventura,2020-12-19,914,2656,914,2656,0,0,0,0,914,2656,0,0,914,2656,California
Ventura,2020-12-20,432,3088,432,3088,0,0,0,0,432,3088,0,0,432,3088,California
Ventura,2020-12-21,1468,4556,1468,4556,0,0,0,0,1468,4556,0,0,1468,4556,California
Ventura,2020-12-22,1108,5664,1103,5659,5,5,0,0,1108,5664,0,0,1108,5664,California
Ventura,2020-12-23,1036,6700,987,6646,49,54,0,0,1036,6700,0,0,1036,6700,California
Ventura,2020-12-24,478,7178,380,7026,98,152,0,0,478,7178,0,0,478,7178,California
Ventura,2020-12-25,12,7190,7,7033,5,157,0,0,12,7190,0,0,12,7190,California
Ventura,2020-12-26,113,7303,92,7125,21,178,0,0,113,7303,0,0,113,7303,California
Ventura,2020-12-27,58,7361,27,7152,31,209,0,0,58,7361,0,0,58,7361,California
Ventura,2020-12-28,1069,8430,928,8080,141,350,0,0,1069,8430,0,0,1069,8430,California
Ventura,2020-12-29,1169,9599,762,8842,407,757,0,0,1169,9599,0,0,1169,9599,California
Ventura,2020-12-30,1988,11587,1522,10364,466,1223,0,0,1988,11587,0,0,1988,11587,California
Ventura,2020-12-31,479,12066,160,10524,319,1542,0,0,479,12066,0,0,479,12066,California
Ventura,2021-01-01,31,12097,11,10535,20,1562,0,0,31,12097,0,0,31,12097,California
Ventura,2021-01-02,174,12271,83,10618,91,1653,0,0,174,12271,0,0,174,12271,California
Ventura,2021-01-03,16,12287,8,10626,8,1661,0,0,16,12287,0,0,16,12287,California
Ventura,2021-01-04,1085,13372,552,11178,533,2194,0,0,1084,13371,0,0,1084,13371,California
Ventura,2021-01-05,1375,14747,786,11964,589,2783,0,0,1332,14660,43,43,1332,14703,California
Ventura,2021-01-06,2063,16810,1181,13145,882,3665,0,0,1630,15868,424,467,1632,16335,California
Ventura,2021-01-07,2072,18882,1327,14472,745,4410,0,0,1181,16161,888,1355,1181,17516,California
Ventura,2021-01-08,2195,21077,1472,15944,723,5133,0,0,903,15775,1290,2645,904,18420,California
Ventura,2021-01-09,721,21798,500,16444,221,5354,0,0,318,15690,403,3048,318,18738,California
Ventura,2021-01-10,341,22139,330,16774,11,5365,0,0,127,15603,214,3262,127,18865,California
Ventura,2021-01-11,2449,24588,1490,18264,959,6324,0,0,1496,16149,953,4215,1499,20364,California
Ventura,2021-01-12,3049,27637,1613,19877,1436,7760,0,0,2024,17148,1025,5240,2024,22388,California
Ventura,2021-01-13,2937,30574,1431,21308,1506,9266,0,0,2053,18321,881,6121,2054,24442,California
Ventura,2021-01-14,2734,33308,1059,22367,1675,10941,0,0,2287,20163,446,6567,2288,26730,California
Ventura,2021-01-15,2884,36192,964,23331,1920,12861,0,0,2674,22628,210,6777,2675,29405,California
Ventura,2021-01-16,485,36677,187,23518,298,13159,0,0,405,22953,80,6857,405,29810,California
Ventura,2021-01-17,259,36936,137,23655,122,13281,0,0,253,23200,6,6863,253,30063,California
Ventura,2021-01-18,2207,39143,1658,25313,549,13830,0,0,1662,24319,544,7407,1663,31726,California
Ventura,2021-01-19,3052,42195,2126,27439,926,14756,0,0,2155,25580,897,8304,2158,33884,California
Ventura,2021-01-20,4100,46295,3149,30588,951,15707,0,0,3049,27582,1048,9352,3050,36934,California
Ventura,2021-01-21,3852,50147,2678,33266,1174,16881,0,0,3177,30089,672,10024,3179,40113,California
Ventura,2021-01-22,3622,53769,2498,35764,1124,18005,0,0,3459,33385,163,10187,3459,43572,California
Ventura,2021-01-23,1182,54951,647,36411,535,18540,0,0,1082,34370,99,10286,1084,44656,California
Ventura,2021-01-24,456,55407,137,36548,319,18859,0,0,443,34800,13,10299,443,45099,California
Ventura,2021-01-25,3163,58570,2032,38580,1131,19990,0,0,2606,36851,556,10855,2607,47706,California
Ventura,2021-01-26,3723,62293,2213,40793,1510,21500,0,0,2721,38572,1001,11856,2722,50428,California
Ventura,2021-01-27,3473,65766,1560,42353,1913,23413,0,0,2729,40562,740,12596,2730,53158,California
Ventura,2021-01-28,3887,69653,1999,44352,1888,25301,0,0,3270,43231,602,13198,3271,56429,California
Ventura,2021-01-29,4267,73920,2523,46875,1744,27045,0,0,3766,46508,489,13687,3766,60195,California
Ventura,2021-01-30,3041,76961,1966,48841,1075,28120,0,0,2868,49208,169,13856,2869,63064,California
Ventura,2021-01-31,836,77797,447,49288,389,28509,0,0,750,49873,85,13941,750,63814,California
Ventura,2021-02-01,3959,81756,2117,51405,1842,30351,0,0,3183,52287,771,14712,3185,66999,California
Ventura,2021-02-02,4411,86167,2373,53778,2038,32389,0,0,3389,54660,1018,15730,3391,70390,California
Ventura,2021-02-03,4458,90625,2090,55868,2368,34757,0,0,3443,57094,1010,16740,3444,73834,California
Ventura,2021-02-04,4792,95417,2300,58168,2492,37249,0,0,3524,59361,1260,18000,3527,77361,California
Ventura,2021-02-05,4845,100262,2323,60491,2522,39771,0,0,3352,61235,1480,19480,3354,80715,California
Ventura,2021-02-06,2837,103099,1514,62005,1323,41094,0,0,2435,63269,401,19881,2435,83150,California
Ventura,2021-02-07,714,103813,241,62246,473,41567,0,0,589,63734,125,20006,590,83740,California
Ventura,2021-02-08,3512,107325,1632,63878,1880,43447,0,0,2436,65099,1071,21077,2436,86176,California
Ventura,2021-02-09,4729,112054,1975,65853,2754,46201,0,0,2467,65309,2260,23337,2470,88646,California
Ventura,2021-02-10,4717,116771,2233,68086,2484,48685,0,0,2391,65385,2316,25653,2392,91038,California
Ventura,2021-02-11,4672,121443,1866,69952,2806,51491,0,0,2450,65624,2214,27867,2453,93491,California
Ventura,2021-02-12,6313,127756,2665,72617,3648,55139,0,0,3225,65766,3083,30950,3225,96716,California
Ventura,2021-02-13,3306,131062,1829,74446,1477,56616,0,0,1848,66162,1454,32404,1850,98566,California
Ventura,2021-02-14,1226,132288,123,74569,1103,57719,0,0,1009,66955,217,32621,1010,99576,California
Ventura,2021-02-15,3990,136278,1801,76370,2189,59908,0,0,2118,67204,1869,34490,2118,101694,California
Ventura,2021-02-16,5559,141837,2711,79081,2848,62756,0,0,3017,67689,2532,37022,3017,104711,California
Ventura,2021-02-17,5307,147144,1923,81004,3384,66140,0,0,3335,69061,1963,38985,3335,108046,California
Ventura,2021-02-18,5787,152931,1834,82838,3953,70093,0,0,3639,70563,2137,41122,3639,111685,California
Ventura,2021-02-19,6471,159402,3771,86609,2700,72793,0,0,3012,70125,3452,44574,3014,114699,California
Ventura,2021-02-20,4942,164344,3172,89781,1770,74563,0,0,2774,70741,2162,46736,2778,117477,California
Ventura,2021-02-21,1103,165447,812,90593,291,74854,0,0,451,70547,647,47383,453,117930,California
Ventura,2021-02-22,5406,170853,2412,93005,2994,77848,0,0,3462,72075,1935,49318,3463,121393,California
Ventura,2021-02-23,5978,176831,2975,95980,3003,80851,0,0,3421,72958,2540,51858,3423,124816,California
Ventura,2021-02-24,7080,183911,2617,98597,4463,85314,0,0,4258,74412,2806,54664,4260,129076,California
Ventura,2021-02-25,7596,191507,2575,101172,5021,90335,0,0,4580,75990,3004,57668,4582,133658,California
Ventura,2021-02-26,9440,200947,2775,103947,6665,97000,0,0,6176,78931,3238,60906,6179,139837,California
Ventura,2021-02-27,10060,211007,5286,109233,4774,101774,0,0,7433,83764,2610,63516,7443,147280,California
Ventura,2021-02-28,2571,213578,1637,110870,933,102707,1,1,2096,85392,468,63984,2096,149376,California
Ventura,2021-03-01,6987,220565,2835,113705,4151,106858,1,2,4651,87736,2321,66305,4665,154041,California
Ventura,2021-03-02,7599,228164,4036,117741,3561,110419,2,4,5357,90862,2231,68536,5357,159398,California
Ventura,2021-03-03,8548,236712,3920,121661,4626,115045,2,6,6089,94513,2444,70980,6095,165493,California
Ventura,2021-03-04,8135,244847,3879,125540,4256,119301,0,6,5490,97376,2630,73610,5493,170986,California
Ventura,2021-03-05,9995,254842,4812,130352,5173,124474,10,16,7100,101614,2880,76490,7118,178104,California
Ventura,2021-03-06,7289,262131,4402,134754,2734,127208,153,169,5368,105223,1914,78404,5523,183627,California
Ventura,2021-03-07,1661,263792,614,135368,947,128155,100,269,1246,106154,415,78819,1346,184973,California
Ventura,2021-03-08,6769,270561,3436,138804,3179,131334,154,423,4659,108867,2103,80922,4816,189789,California
Ventura,2021-03-09,6773,277334,3026,141830,3547,134881,200,623,3892,110096,2867,83789,4096,193885,California
Ventura,2021-03-10,6875,284209,3018,144848,3618,138499,239,862,4548,112569,2314,86103,4787,198672,California
Ventura,2021-03-11,6401,290610,2895,147743,3192,141691,314,1176,3441,113376,2946,89049,3753,202425,California
Ventura,2021-03-12,8572,299182,3051,150794,4675,146366,846,2022,4145,113956,4411,93460,4991,207416,California
Ventura,2021-03-13,6746,305928,2510,153304,3392,149758,844,2866,3810,115683,2927,96387,4654,212070,California
Ventura,2021-03-14,2144,308072,486,153790,1160,150918,498,3364,723,115486,1420,97807,1223,213293,California
Ventura,2021-03-15,6942,315014,2050,155840,3545,154463,1347,4711,2996,115904,3922,101729,4340,217633,California
Ventura,2021-03-16,7969,322983,2465,158305,4390,158853,1114,5825,4028,117116,3928,105657,5140,222773,California
Ventura,2021-03-17,7617,330600,2777,161082,4492,163345,348,6173,4601,119073,2993,108650,4950,227723,California
Ventura,2021-03-18,7277,337877,3279,164361,3846,167191,152,6325,4748,121456,2515,111165,4898,232621,California
Ventura,2021-03-19,8498,346375,3803,168164,4582,171773,113,6438,5104,123300,3372,114537,5216,237837,California
Ventura,2021-03-20,8261,354636,5306,173470,2933,174706,22,6460,3996,123076,4243,118780,4019,241856,California
Ventura,2021-03-21,2799,357435,1523,174993,904,175610,372,6832,1323,123305,1463,120243,1692,243548,California
Ventura,2021-03-22,7376,364811,3705,178698,3568,179178,103,6935,4861,125774,2497,122740,4966,248514,California
Ventura,2021-03-23,8220,373031,3891,182589,4257,183435,72,7007,4603,126859,3589,126329,4674,253188,California
Ventura,2021-03-24,8912,381943,3421,186010,5414,188849,77,7084,4450,126955,4432,130761,4528,257716,California
Ventura,2021-03-25,8831,390774,3926,189936,4803,193652,102,7186,4465,127174,4348,135109,4567,262283,California
Ventura,2021-03-26,9886,400660,3373,193309,5859,199511,654,7840,3940,125852,5915,141024,4593,266876,California
Ventura,2021-03-27,8233,408893,3939,197248,4254,203765,40,7880,2473,122633,5738,146762,2519,269395,California
Ventura,2021-03-28,2545,411438,1427,198675,1109,204874,9,7889,1375,122859,1164,147926,1390,270785,California
Ventura,2021-03-29,8519,419957,4298,202973,4176,209050,45,7934,4250,122915,4241,152167,4297,275082,California
Ventura,2021-03-30,9008,428965,4472,207445,4405,213455,131,8065,4405,122861,4589,156756,4535,279617,California
Ventura,2021-03-31,10768,439733,4870,212315,5270,218725,628,8693,4659,122059,6087,162843,5285,284902,California
Ventura,2021-04-01,10804,450537,5288,217603,4633,223358,883,9576,5475,123115,5298,168141,6354,291256,California
Ventura,2021-04-02,11773,462310,4660,222263,5773,229131,1340,10916,5622,123963,6119,174260,6967,298223,California
Ventura,2021-04-03,8135,470445,4028,226291,2932,232063,1175,12091,3428,123863,4696,178956,4596,302819,California
Ventura,2021-04-04,1717,472162,960,227251,622,232685,135,12226,1148,124584,562,179518,1283,304102,California
Ventura,2021-04-05,9389,481551,4907,232158,3366,236051,1116,13342,4774,125872,4602,184120,5890,309992,California
Ventura,2021-04-06,10919,492470,5587,237745,3840,239891,1492,14834,5599,127679,5293,189413,7100,317092,California
Ventura,2021-04-07,11402,503872,5455,243200,4442,244333,1505,16339,5200,128222,6185,195598,6728,323820,California
Ventura,2021-04-08,10343,514215,5345,248545,4048,248381,950,17289,5160,129193,5164,200762,6135,329955,California
Ventura,2021-04-09,11224,525439,4373,252918,5131,253512,1720,19009,4881,129524,6320,207082,6651,336606,California
Ventura,2021-04-10,9254,534693,3578,256496,3513,257025,2163,21172,3062,128599,6175,213257,5250,341856,California
Ventura,2021-04-11,2419,537112,860,257356,990,258015,569,21741,680,128114,1732,214989,1247,343103,California
Ventura,2021-04-12,8899,546011,4471,261827,3612,261627,816,22557,3726,127493,5155,220144,4534,347637,California
Ventura,2021-04-13,8782,554793,4446,266273,4330,265957,6,22563,3742,126234,5007,225151,3748,351385,California
Ventura,2021-04-14,8687,563480,4075,270348,4597,270554,15,22578,3326,124253,5325,230476,3344,354729,California
Ventura,2021-04-15,9321,572801,4539,274887,4775,275329,7,22585,4068,123102,5227,235703,4076,358805,California
Ventura,2021-04-16,10128,582929,4492,279379,5635,280964,1,22586,4785,122565,5327,241030,4790,363595,California
Ventura,2021-04-17,8600,591529,5323,284702,3276,284240,1,22587,5007,123995,3579,244609,5009,368604,California
Ventura,2021-04-18,2137,593666,1015,285717,1122,285362,0,22587,910,123682,1223,245832,910,369514,California
Ventura,2021-04-19,8039,601705,4848,290565,3190,288552,1,22588,4608,124880,3412,249244,4610,374124,California
Ventura,2021-04-20,9278,610983,4918,295483,4356,292908,4,22592,4341,124306,4919,254163,4345,378469,California
Ventura,2021-04-21,8873,619856,4547,300030,4321,297229,5,22597,4200,123853,4659,258822,4206,382675,California
Ventura,2021-04-22,10046,629902,5491,305521,4555,301784,0,22597,4447,122718,5583,264405,4448,387123,California
Ventura,2021-04-23,10819,640721,5400,310921,5418,307202,1,22598,5387,122698,5408,269813,5388,392511,California
Ventura,2021-04-24,10335,651056,5893,316814,4442,311644,0,22598,6055,124486,4268,274081,6056,398567,California
Ventura,2021-04-25,2471,653527,1700,318514,771,312415,0,22598,1145,124309,1322,275403,1145,399712,California
Ventura,2021-04-26,7206,660733,4126,322640,3014,315429,66,22664,2995,123178,4187,279590,3056,402768,California
Ventura,2021-04-27,8386,669119,4639,327279,3576,319005,171,22835,3170,121315,5202,284792,3339,406107,California
Ventura,2021-04-28,8262,677381,4822,332101,3124,322129,316,23151,3237,119863,5005,289797,3553,409660,California
Ventura,2021-04-29,7770,685151,4217,336318,3289,325418,264,23415,2759,117898,4986,294783,3021,412681,California
Ventura,2021-04-30,9338,694489,5446,341764,3618,329036,274,23689,3862,116581,5442,300225,4125,416806,California
Ventura,2021-05-01,4958,699447,3628,345392,1228,330264,102,23791,1875,115499,3059,303284,1977,418783,California
Ventura,2021-05-02,2129,701576,1426,346818,614,330878,89,23880,1038,115539,1088,304372,1128,419911,California
Ventura,2021-05-03,6227,707803,3911,350729,2037,332915,279,24159,1961,113531,4246,308618,2238,422149,California
Ventura,2021-05-04,6279,714082,3318,354047,2662,335577,299,24458,2277,112118,3988,312606,2575,424724,California
Ventura,2021-05-05,5270,719352,3015,357062,1995,337572,260,24718,1907,110940,3339,315945,2161,426885,California
Ventura,2021-05-06,6117,725469,3211,360273,2636,340208,270,24988,1974,109059,4125,320070,2244,429129,California
Ventura,2021-05-07,6762,732231,3420,363693,3069,343277,273,25261,2331,107262,4403,324473,2606,431735,California
Ventura,2021-05-08,5300,737531,4118,367811,1029,344306,153,25414,1212,104553,4074,328547,1365,433100,California
Ventura,2021-05-09,1048,738579,734,368545,268,344574,46,25460,399,104355,641,329188,443,433543,California
Ventura,2021-05-10,6024,744603,4073,372618,1747,346321,204,25664,1368,101281,4645,333833,1571,435114,California
Ventura,2021-05-11,5114,749717,3205,375823,1702,348023,207,25871,1483,99349,3621,337454,1689,436803,California
Ventura,2021-05-12,4737,754454,2726,378549,1811,349834,200,26071,1463,97754,3258,340712,1663,438466,California
Ventura,2021-05-13,5670,760124,3351,381900,2117,351951,202,26273,1916,96131,3741,344453,2118,440584,California
Ventura,2021-05-14,7190,767314,4448,386348,2544,354495,198,26471,2726,94608,4444,348897,2921,443505,California
Ventura,2021-05-15,6534,773848,5367,391715,1082,355577,85,26556,2788,93754,3728,352625,2874,446379,California
Ventura,2021-05-16,2155,776003,1666,393381,437,356014,52,26608,1025,93706,1125,353750,1077,447456,California
Ventura,2021-05-17,5780,781783,3565,396946,2008,358022,207,26815,2549,93248,3213,356963,2755,450211,California
Ventura,2021-05-18,5327,787110,3169,400115,1978,360000,180,26995,2286,92691,3021,359984,2464,452675,California
Ventura,2021-05-19,5765,792875,3519,403634,2039,362039,207,27202,2421,91997,3319,363303,2625,455300,California
Ventura,2021-05-20,4318,797193,2292,405926,1871,363910,155,27357,1770,91398,2523,365826,1924,457224,California
Ventura,2021-05-21,6710,803903,3658,409584,2878,366788,174,27531,2170,89229,4512,370338,2343,459567,California
Ventura,2021-05-22,4761,808664,2314,411898,2373,369161,74,27605,1542,87632,3213,373551,1616,461183,California
Ventura,2021-05-23,1269,809933,1061,412959,138,369299,70,27675,492,87419,775,374326,562,461745,California
Ventura,2021-05-24,4505,814438,2455,415414,1894,371193,156,27831,1563,86210,2928,377254,1719,463464,California
Ventura,2021-05-25,4249,818687,2199,417613,1901,373094,149,27980,1486,85099,2744,379998,1633,465097,California
Ventura,2021-05-26,4051,822738,2180,419793,1740,374834,131,28111,1591,84379,2442,382440,1722,466819,California
Ventura,2021-05-27,3682,826420,1827,421620,1748,376582,107,28218,1328,83472,2342,384782,1435,468254,California
Ventura,2021-05-28,2491,828911,1212,422832,1137,377719,142,28360,1009,83146,1474,386256,1148,469402,California
Yolo,2020-12-15,39,39,39,39,0,0,0,0,39,39,0,0,39,39,California
Yolo,2020-12-16,78,117,78,117,0,0,0,0,78,117,0,0,78,117,California
Yolo,2020-12-17,101,218,101,218,0,0,0,0,101,218,0,0,101,218,California
Yolo,2020-12-18,209,427,209,427,0,0,0,0,209,427,0,0,209,427,California
Yolo,2020-12-19,88,515,88,515,0,0,0,0,88,515,0,0,88,515,California
Yolo,2020-12-20,100,615,100,615,0,0,0,0,100,615,0,0,100,615,California
Yolo,2020-12-21,254,869,254,869,0,0,0,0,254,869,0,0,254,869,California
Yolo,2020-12-22,381,1250,380,1249,1,1,0,0,381,1250,0,0,381,1250,California
Yolo,2020-12-23,433,1683,413,1662,20,21,0,0,433,1683,0,0,433,1683,California
Yolo,2020-12-24,153,1836,96,1758,57,78,0,0,153,1836,0,0,153,1836,California
Yolo,2020-12-25,1,1837,1,1759,0,78,0,0,1,1837,0,0,1,1837,California
Yolo,2020-12-26,75,1912,25,1784,50,128,0,0,75,1912,0,0,75,1912,California
Yolo,2020-12-27,46,1958,19,1803,27,155,0,0,46,1958,0,0,46,1958,California
Yolo,2020-12-28,348,2306,180,1983,168,323,0,0,348,2306,0,0,348,2306,California
Yolo,2020-12-29,489,2795,267,2250,222,545,0,0,489,2795,0,0,489,2795,California
Yolo,2020-12-30,623,3418,255,2505,368,913,0,0,623,3418,0,0,623,3418,California
Yolo,2020-12-31,185,3603,95,2600,90,1003,0,0,185,3603,0,0,185,3603,California
Yolo,2021-01-01,58,3661,56,2656,2,1005,0,0,58,3661,0,0,58,3661,California
Yolo,2021-01-02,69,3730,26,2682,43,1048,0,0,69,3730,0,0,69,3730,California
Yolo,2021-01-03,44,3774,19,2701,25,1073,0,0,44,3774,0,0,44,3774,California
Yolo,2021-01-04,194,3968,43,2744,151,1224,0,0,194,3968,0,0,194,3968,California
Yolo,2021-01-05,615,4583,238,2982,377,1601,0,0,554,4461,61,61,554,4522,California
Yolo,2021-01-06,483,5066,183,3165,300,1901,0,0,352,4682,131,192,352,4874,California
Yolo,2021-01-07,710,5776,233,3398,477,2378,0,0,521,5015,188,380,521,5395,California
Yolo,2021-01-08,634,6410,312,3710,322,2700,0,0,418,5218,215,595,418,5813,California
Yolo,2021-01-09,409,6819,69,3779,340,3040,0,0,363,5535,46,641,363,6176,California
Yolo,2021-01-10,393,7212,80,3859,313,3353,0,0,323,5788,70,711,323,6499,California
Yolo,2021-01-11,562,7774,324,4183,238,3591,0,0,293,5814,269,980,295,6794,California
Yolo,2021-01-12,486,8260,367,4550,119,3710,0,0,178,5685,308,1288,179,6973,California
Yolo,2021-01-13,772,9032,312,4862,460,4170,0,0,522,5957,250,1538,522,7495,California
Yolo,2021-01-14,378,9410,183,5045,195,4365,0,0,274,6127,104,1642,274,7769,California
Yolo,2021-01-15,624,10034,319,5364,305,4670,0,0,545,6594,79,1721,546,8315,California
Yolo,2021-01-16,741,10775,95,5459,646,5316,0,0,710,7273,31,1752,710,9025,California
Yolo,2021-01-17,187,10962,119,5578,68,5384,0,0,180,7446,7,1759,180,9205,California
Yolo,2021-01-18,481,11443,304,5882,177,5561,0,0,378,7721,103,1862,378,9583,California
Yolo,2021-01-19,558,12001,373,6255,185,5746,0,0,385,7933,173,2035,385,9968,California
Yolo,2021-01-20,661,12662,381,6636,280,6026,0,0,475,8223,185,2220,475,10443,California
Yolo,2021-01-21,652,13314,385,7021,267,6293,0,0,464,8499,188,2408,464,10907,California
Yolo,2021-01-22,751,14065,252,7273,499,6792,0,0,633,9016,116,2524,633,11540,California
Yolo,2021-01-23,615,14680,122,7395,493,7285,0,0,567,9535,48,2572,567,12107,California
Yolo,2021-01-24,208,14888,124,7519,84,7369,0,0,167,9661,41,2613,167,12274,California
Yolo,2021-01-25,731,15619,156,7675,575,7944,0,0,513,9956,218,2831,513,12787,California
Yolo,2021-01-26,823,16442,328,8003,495,8439,0,0,428,9989,395,3226,428,13215,California
Yolo,2021-01-27,557,16999,223,8226,334,8773,0,0,381,10194,176,3402,381,13596,California
Yolo,2021-01-28,1051,18050,567,8793,484,9257,0,0,926,10996,124,3526,926,14522,California
Yolo,2021-01-29,891,18941,266,9059,625,9882,0,0,806,11718,84,3610,806,15328,California
Yolo,2021-01-30,1531,20472,928,9987,603,10485,0,0,1410,13013,115,3725,1410,16738,California
Yolo,2021-01-31,240,20712,202,10189,38,10523,0,0,213,13200,26,3751,213,16951,California
Yolo,2021-02-01,847,21559,361,10550,486,11009,0,0,614,13584,230,3981,614,17565,California
Yolo,2021-02-02,1336,22895,751,11301,585,11594,0,0,929,14107,407,4388,930,18495,California
Yolo,2021-02-03,1531,24426,400,11701,1131,12725,0,0,1190,14959,338,4726,1190,19685,California
Yolo,2021-02-04,1796,26222,283,11984,1513,14238,0,0,1244,15663,541,5267,1245,20930,California
Yolo,2021-02-05,1599,27821,908,12892,691,14929,0,0,1199,16464,399,5666,1200,22130,California
Yolo,2021-02-06,1923,29744,1253,14145,670,15599,0,0,1562,17666,361,6027,1563,23693,California
Yolo,2021-02-07,520,30264,250,14395,270,15869,0,0,171,17489,348,6375,171,23864,California
Yolo,2021-02-08,952,31216,334,14729,618,16487,0,0,605,17750,344,6719,605,24469,California
Yolo,2021-02-09,860,32076,387,15116,473,16960,0,0,577,18044,283,7002,577,25046,California
Yolo,2021-02-10,1463,33539,478,15594,985,17945,0,0,822,18227,641,7643,824,25870,California
Yolo,2021-02-11,1573,35112,804,16398,769,18714,0,0,1186,19026,387,8030,1186,27056,California
Yolo,2021-02-12,1919,37031,756,17154,1163,19877,0,0,1445,20001,470,8500,1445,28501,California
Yolo,2021-02-13,2056,39087,712,17866,1344,21221,0,0,1390,20725,666,9166,1390,29891,California
Yolo,2021-02-14,569,39656,154,18020,415,21636,0,0,445,21047,123,9289,445,30336,California
Yolo,2021-02-15,533,40189,190,18210,343,21979,0,0,267,21049,266,9555,268,30604,California
Yolo,2021-02-16,1132,41321,427,18637,705,22684,0,0,811,21540,321,9876,812,31416,California
Yolo,2021-02-17,1392,42713,700,19337,692,23376,0,0,997,22142,395,10271,997,32413,California
Yolo,2021-02-18,2501,45214,817,20154,1684,25060,0,0,1724,23091,776,11047,1725,34138,California
Yolo,2021-02-19,1750,46964,752,20906,998,26058,0,0,1129,23601,619,11666,1129,35267,California
Yolo,2021-02-20,2455,49419,957,21863,1498,27556,0,0,1372,23896,1078,12744,1373,36640,California
Yolo,2021-02-21,285,49704,228,22091,57,27613,0,0,76,23764,208,12952,76,36716,California
Yolo,2021-02-22,1364,51068,600,22691,764,28377,0,0,694,23789,669,13621,694,37410,California
Yolo,2021-02-23,1132,52200,849,23540,283,28660,0,0,437,23533,693,14314,437,37847,California
Yolo,2021-02-24,2093,54293,592,24132,1501,30161,0,0,1384,24210,707,15021,1384,39231,California
Yolo,2021-02-25,1382,55675,487,24619,895,31056,0,0,916,24661,465,15486,916,40147,California
Yolo,2021-02-26,2610,58285,1017,25636,1593,32649,0,0,1385,24824,1222,16708,1385,41532,California
Yolo,2021-02-27,1663,59948,769,26405,894,33543,0,0,1213,25587,450,17158,1213,42745,California
Yolo,2021-02-28,1777,61725,1499,27904,278,33821,0,0,675,25162,1100,18258,675,43420,California
Yolo,2021-03-01,1103,62828,366,28270,737,34558,0,0,673,25407,428,18686,673,44093,California
Yolo,2021-03-02,1473,64301,693,28963,780,35338,0,0,943,25820,530,19216,943,45036,California
Yolo,2021-03-03,1854,66155,638,29601,1216,36554,0,0,830,25628,1022,20238,830,45866,California
Yolo,2021-03-04,2928,69083,1467,31068,1461,38015,0,0,1565,25833,1360,21598,1565,47431,California
Yolo,2021-03-05,2362,71445,1409,32477,942,38957,11,11,1475,26433,886,22484,1486,48917,California
Yolo,2021-03-06,1482,72927,1133,33610,320,39277,29,40,842,26666,638,23122,871,49788,California
Yolo,2021-03-07,914,73841,678,34288,222,39499,14,54,779,27324,135,23257,793,50581,California
Yolo,2021-03-08,1097,74938,490,34778,564,40063,43,97,768,27808,328,23585,812,51393,California
Yolo,2021-03-09,1278,76216,689,35467,527,40590,62,159,782,28158,494,24079,844,52237,California
Yolo,2021-03-10,1812,78028,1060,36527,462,41052,290,449,753,28139,1055,25134,1036,53273,California
Yolo,2021-03-11,2352,80380,1604,38131,680,41732,68,517,1605,29067,746,25880,1674,54947,California
Yolo,2021-03-12,2910,83290,1355,39486,1475,43207,80,597,1372,28991,1530,27410,1454,56401,California
Yolo,2021-03-13,1849,85139,735,40221,937,44144,177,774,1004,29330,842,28252,1181,57582,California
Yolo,2021-03-14,1014,86153,213,40434,651,44795,150,924,528,29523,485,28737,678,58260,California
Yolo,2021-03-15,1323,87476,773,41207,373,45168,177,1101,707,29791,614,29351,882,59142,California
Yolo,2021-03-16,1869,89345,717,41924,1080,46248,72,1173,1104,30202,765,30116,1176,60318,California
Yolo,2021-03-17,2508,91853,977,42901,1459,47707,72,1245,1721,31243,784,30900,1825,62143,California
Yolo,2021-03-18,3033,94886,1033,43934,1775,49482,225,1470,1259,30957,1770,32670,1484,63627,California
Yolo,2021-03-19,2096,96982,871,44805,1157,50639,68,1538,1099,31134,991,33661,1168,64795,California
Yolo,2021-03-20,2773,99755,819,45624,1913,52552,41,1579,1109,30628,1658,35319,1152,65947,California
Yolo,2021-03-21,314,100069,214,45838,92,52644,8,1587,228,30779,85,35404,236,66183,California
Yolo,2021-03-22,1402,101471,489,46327,855,53499,58,1645,922,31281,477,35881,979,67162,California
Yolo,2021-03-23,1739,103210,938,47265,745,54244,56,1701,1071,31740,667,36548,1126,68288,California
Yolo,2021-03-24,2877,106087,1408,48673,1420,55664,49,1750,1407,31739,1458,38006,1457,69745,California
Yolo,2021-03-25,2552,108639,1417,50090,1106,56770,29,1779,1255,31737,1286,39292,1284,71029,California
Yolo,2021-03-26,2401,111040,1258,51348,1124,57894,19,1798,1025,31411,1369,40661,1043,72072,California
Yolo,2021-03-27,1653,112693,455,51803,1181,59075,17,1815,759,31294,893,41554,776,72848,California
Yolo,2021-03-28,1109,113802,866,52669,225,59300,18,1833,270,30747,835,42389,288,73136,California
Yolo,2021-03-29,2024,115826,822,53491,1172,60472,30,1863,978,30713,1042,43431,1008,74144,California
Yolo,2021-03-30,2279,118105,1081,54572,1176,61648,22,1885,1168,30799,1106,44537,1192,75336,California
Yolo,2021-03-31,2354,120459,1224,55796,1094,62742,36,1921,1193,30868,1160,45697,1229,76565,California
Yolo,2021-04-01,3838,124297,1853,57649,1510,64252,475,2396,1612,30732,2223,47920,2087,78652,California
Yolo,2021-04-02,3403,127700,1521,59170,1735,65987,147,2543,2110,31704,1287,49207,2259,80911,California
Yolo,2021-04-03,1811,129511,1093,60263,499,66486,219,2762,808,31729,1002,50209,1027,81938,California
Yolo,2021-04-04,393,129904,156,60419,175,66661,62,2824,147,31692,246,50455,209,82147,California
Yolo,2021-04-05,1917,131821,735,61154,1082,67743,100,2924,1018,31917,894,51349,1119,83266,California
Yolo,2021-04-06,2582,134403,1313,62467,1098,68841,171,3095,1304,32128,1269,52618,1480,84746,California
Yolo,2021-04-07,2998,137401,1525,63992,1119,69960,354,3449,1938,33371,1054,53672,2297,87043,California
Yolo,2021-04-08,2417,139818,1003,64995,941,70901,473,3922,1022,33470,1392,55064,1491,88534,California
Yolo,2021-04-09,2573,142391,913,65908,1084,71985,576,4498,845,33161,1725,56789,1416,89950,California
Yolo,2021-04-10,1747,144138,821,66729,746,72731,180,4678,1033,33663,710,57499,1212,91162,California
Yolo,2021-04-11,888,145026,281,67010,563,73294,44,4722,364,33549,521,58020,407,91569,California
Yolo,2021-04-12,1759,146785,518,67528,1097,74391,144,4866,1086,34111,669,58689,1231,92800,California
Yolo,2021-04-13,1971,148756,912,68440,1059,75450,0,4866,1039,34219,931,59620,1039,93839,California
Yolo,2021-04-14,2765,151521,760,69200,2005,77455,0,4866,1366,34191,1394,61014,1366,95205,California
Yolo,2021-04-15,3316,154837,1136,70336,2180,79635,0,4866,2275,35431,1035,62049,2275,97480,California
Yolo,2021-04-16,3042,157879,1959,72295,1083,80718,0,4866,1938,36271,1098,63147,1938,99418,California
Yolo,2021-04-17,1605,159484,471,72766,1134,81852,0,4866,832,36333,770,63917,832,100250,California
Yolo,2021-04-18,631,160115,306,73072,325,82177,0,4866,351,36408,276,64193,351,100601,California
Yolo,2021-04-19,1663,161778,716,73788,946,83123,1,4867,762,36275,896,65089,763,101364,California
Yolo,2021-04-20,1997,163775,1013,74801,984,84107,0,4867,1071,36422,924,66013,1071,102435,California
Yolo,2021-04-21,1978,165753,985,75786,993,85100,0,4867,1075,36599,898,66911,1075,103510,California
Yolo,2021-04-22,1949,167702,885,76671,1064,86164,0,4867,971,36598,973,67884,972,104482,California
Yolo,2021-04-23,2617,170319,1526,78197,1091,87255,0,4867,1163,36318,1443,69327,1163,105645,California
Yolo,2021-04-24,1168,171487,642,78839,524,87779,2,4869,463,36085,698,70025,465,106110,California
Yolo,2021-04-25,949,172436,406,79245,543,88322,0,4869,728,36593,220,70245,728,106838,California
Yolo,2021-04-26,1176,173612,450,79695,723,89045,3,4872,484,36391,690,70935,488,107326,California
Yolo,2021-04-27,1489,175101,698,80393,782,89827,9,4881,574,36061,915,71850,585,107911,California
Yolo,2021-04-28,2019,177120,1002,81395,990,90817,27,4908,710,35493,1305,73155,737,108648,California
Yolo,2021-04-29,1711,178831,792,82187,837,91654,82,4990,652,35169,1058,74213,734,109382,California
Yolo,2021-04-30,2012,180843,994,83181,960,92614,58,5048,960,35142,1045,75258,1018,110400,California
Yolo,2021-05-01,1284,182127,998,84179,266,92880,20,5068,381,34641,902,76160,401,110801,California
Yolo,2021-05-02,497,182624,404,84583,70,92950,23,5091,322,34811,175,76335,345,111146,California
Yolo,2021-05-03,1122,183746,408,84991,680,93630,34,5125,303,34330,817,77152,336,111482,California
Yolo,2021-05-04,1438,185184,656,85647,758,94388,24,5149,487,33894,947,78099,511,111993,California
Yolo,2021-05-05,1553,186737,421,86068,1066,95454,66,5215,437,33288,1109,79208,503,112496,California
Yolo,2021-05-06,1508,188245,704,86772,724,96178,80,5295,497,32867,998,80206,577,113073,California
Yolo,2021-05-07,2299,190544,1374,88146,874,97052,51,5346,458,31542,1833,82039,508,113581,California
Yolo,2021-05-08,835,191379,358,88504,420,97472,57,5403,311,31388,521,82560,367,113948,California
Yolo,2021-05-09,393,191772,163,88667,217,97689,13,5416,90,31189,302,82862,103,114051,California
Yolo,2021-05-10,900,192672,355,89022,500,98189,45,5461,153,30641,745,83607,197,114248,California
Yolo,2021-05-11,1123,193795,651,89673,451,98640,21,5482,273,30088,847,84454,294,114542,California
Yolo,2021-05-12,1503,195298,665,90338,809,99449,29,5511,279,29178,1221,85675,311,114853,California
Yolo,2021-05-13,2073,197371,783,91121,1238,100687,52,5563,589,28339,1480,87155,641,115494,California
Yolo,2021-05-14,2025,199396,1506,92627,488,101175,31,5594,1151,28650,871,88026,1182,116676,California
Yolo,2021-05-15,1245,200641,704,93331,494,101669,47,5641,639,28730,606,88632,686,117362,California
Yolo,2021-05-16,1403,202044,1194,94525,203,101872,6,5647,984,29305,415,89047,990,118352,California
Yolo,2021-05-17,1073,203117,392,94917,662,102534,19,5666,330,28916,738,89785,349,118701,California
Yolo,2021-05-18,1679,204796,1101,96018,557,103091,21,5687,937,29137,737,90522,958,119659,California
Yolo,2021-05-19,1005,205801,591,96609,379,103470,35,5722,500,29169,503,91025,535,120194,California
Yolo,2021-05-20,940,206741,625,97234,293,103763,22,5744,377,29011,557,91582,399,120593,California
Yolo,2021-05-21,1247,207988,839,98073,390,104153,18,5762,310,28407,931,92513,327,120920,California
Yolo,2021-05-22,673,208661,470,98543,195,104348,8,5770,261,28267,409,92922,269,121189,California
Yolo,2021-05-23,509,209170,107,98650,387,104735,15,5785,91,27956,416,93338,105,121294,California
Yolo,2021-05-24,704,209874,352,99002,334,105069,18,5803,227,27726,475,93813,245,121539,California
Yolo,2021-05-25,838,210712,472,99474,343,105412,23,5826,335,27586,498,94311,358,121897,California
Yolo,2021-05-26,808,211520,259,99733,518,105930,31,5857,271,27358,531,94842,303,122200,California
Yolo,2021-05-27,739,212259,373,100106,316,106246,50,5907,307,27288,427,95269,357,122557,California
Yolo,2021-05-28,558,212817,237,100343,300,106546,21,5928,175,27103,381,95650,196,122753,California
Yuba,2020-12-16,4,4,4,4,0,0,0,0,4,4,0,0,4,4,California
Yuba,2020-12-17,4,8,4,8,0,0,0,0,4,8,0,0,4,8,California
Yuba,2020-12-18,8,16,8,16,0,0,0,0,8,16,0,0,8,16,California
Yuba,2020-12-19,12,28,12,28,0,0,0,0,12,28,0,0,12,28,California
Yuba,2020-12-20,20,48,20,48,0,0,0,0,20,48,0,0,20,48,California
Yuba,2020-12-21,40,88,40,88,0,0,0,0,40,88,0,0,40,88,California
Yuba,2020-12-22,86,174,86,174,0,0,0,0,86,174,0,0,86,174,California
Yuba,2020-12-23,64,238,62,236,2,2,0,0,64,238,0,0,64,238,California
Yuba,2020-12-24,20,258,10,246,10,12,0,0,20,258,0,0,20,258,California
Yuba,2020-12-26,15,273,13,259,2,14,0,0,15,273,0,0,15,273,California
Yuba,2020-12-27,15,288,15,274,0,14,0,0,15,288,0,0,15,288,California
Yuba,2020-12-28,51,339,35,309,16,30,0,0,51,339,0,0,51,339,California
Yuba,2020-12-29,75,414,10,319,65,95,0,0,75,414,0,0,75,414,California
Yuba,2020-12-30,64,478,20,339,44,139,0,0,64,478,0,0,64,478,California
Yuba,2020-12-31,38,516,7,346,31,170,0,0,38,516,0,0,38,516,California
Yuba,2021-01-02,23,539,22,368,1,171,0,0,23,539,0,0,23,539,California
Yuba,2021-01-03,10,549,6,374,4,175,0,0,10,549,0,0,10,549,California
Yuba,2021-01-04,91,640,22,396,69,244,0,0,91,640,0,0,91,640,California
Yuba,2021-01-05,70,710,38,434,32,276,0,0,69,708,1,1,69,709,California
Yuba,2021-01-06,154,864,76,510,78,354,0,0,148,850,6,7,148,857,California
Yuba,2021-01-07,75,939,19,529,56,410,0,0,72,918,4,11,72,929,California
Yuba,2021-01-08,72,1011,24,553,48,458,0,0,65,976,7,18,65,994,California
Yuba,2021-01-09,19,1030,16,569,3,461,0,0,11,979,8,26,11,1005,California
Yuba,2021-01-10,117,1147,22,591,95,556,0,0,95,1052,22,48,95,1100,California
Yuba,2021-01-11,72,1219,50,641,22,578,0,0,32,1044,40,88,32,1132,California
Yuba,2021-01-12,108,1327,78,719,30,608,0,0,43,1022,65,153,43,1175,California
Yuba,2021-01-13,120,1447,72,791,48,656,0,0,55,1013,64,217,55,1230,California
Yuba,2021-01-14,110,1557,43,834,67,723,0,0,98,1099,12,229,98,1328,California
Yuba,2021-01-15,204,1761,87,921,117,840,0,0,193,1281,11,240,193,1521,California
Yuba,2021-01-16,185,1946,21,942,164,1004,0,0,173,1441,13,253,173,1694,California
Yuba,2021-01-17,13,1959,9,951,4,1008,0,0,7,1442,6,259,7,1701,California
Yuba,2021-01-18,60,2019,32,983,28,1036,0,0,35,1452,25,284,35,1736,California
Yuba,2021-01-19,81,2100,30,1013,51,1087,0,0,66,1503,15,299,66,1802,California
Yuba,2021-01-20,133,2233,87,1100,46,1133,0,0,110,1590,23,322,110,1912,California
Yuba,2021-01-21,213,2446,97,1197,116,1249,0,0,205,1787,8,330,205,2117,California
Yuba,2021-01-22,105,2551,6,1203,99,1348,0,0,96,1874,9,339,96,2213,California
Yuba,2021-01-23,200,2751,7,1210,193,1541,0,0,197,2068,3,342,197,2410,California
Yuba,2021-01-24,10,2761,7,1217,3,1544,0,0,8,2074,2,344,8,2418,California
Yuba,2021-01-25,86,2847,30,1247,56,1600,0,0,53,2095,32,376,53,2471,California
Yuba,2021-01-26,148,2995,39,1286,109,1709,0,0,90,2127,58,434,90,2561,California
Yuba,2021-01-27,184,3179,129,1415,55,1764,0,0,115,2173,69,503,115,2676,California
Yuba,2021-01-28,227,3406,89,1504,138,1902,0,0,175,2296,52,555,175,2851,California
Yuba,2021-01-29,148,3554,45,1549,103,2005,0,0,111,2370,37,592,111,2962,California
Yuba,2021-01-30,410,3964,23,1572,387,2392,0,0,399,2758,11,603,399,3361,California
Yuba,2021-01-31,18,3982,12,1584,6,2398,0,0,16,2772,2,605,16,3377,California
Yuba,2021-02-01,155,4137,75,1659,80,2478,0,0,131,2881,23,628,132,3509,California
Yuba,2021-02-02,124,4261,23,1682,101,2579,0,0,102,2961,22,650,102,3611,California
Yuba,2021-02-03,226,4487,29,1711,197,2776,0,0,114,2964,111,761,114,3725,California
Yuba,2021-02-04,296,4783,121,1832,175,2951,0,0,253,3174,43,804,253,3978,California
Yuba,2021-02-05,147,4930,32,1864,115,3066,0,0,71,3169,76,880,71,4049,California
Yuba,2021-02-06,449,5379,26,1890,423,3489,0,0,441,3602,8,888,441,4490,California
Yuba,2021-02-07,20,5399,13,1903,7,3496,0,0,16,3614,4,892,16,4506,California
Yuba,2021-02-08,96,5495,35,1938,61,3557,0,0,66,3650,30,922,66,4572,California
Yuba,2021-02-09,154,5649,56,1994,98,3655,0,0,84,3664,70,992,84,4656,California
Yuba,2021-02-10,355,6004,172,2166,183,3838,0,0,116,3542,238,1230,116,4772,California
Yuba,2021-02-11,396,6400,64,2230,332,4170,0,0,298,3744,96,1326,298,5070,California
Yuba,2021-02-12,264,6664,26,2256,238,4408,0,0,150,3780,114,1440,150,5220,California
Yuba,2021-02-13,436,7100,36,2292,400,4808,0,0,387,4118,49,1489,387,5607,California
Yuba,2021-02-14,54,7154,11,2303,43,4851,0,0,49,4162,5,1494,49,5656,California
Yuba,2021-02-15,87,7241,36,2339,51,4902,0,0,68,4211,19,1513,68,5724,California
Yuba,2021-02-16,199,7440,53,2392,146,5048,0,0,140,4293,58,1571,140,5864,California
Yuba,2021-02-17,373,7813,156,2548,217,5265,0,0,99,4119,273,1844,99,5963,California
Yuba,2021-02-18,317,8130,47,2595,270,5535,0,0,193,4188,124,1968,193,6156,California
Yuba,2021-02-19,226,8356,82,2677,144,5679,0,0,142,4246,84,2052,142,6298,California
Yuba,2021-02-20,391,8747,31,2708,360,6039,0,0,337,4529,54,2106,337,6635,California
Yuba,2021-02-21,17,8764,14,2722,3,6042,0,0,7,4526,10,2116,7,6642,California
Yuba,2021-02-22,128,8892,79,2801,49,6091,0,0,38,4475,89,2205,38,6680,California
Yuba,2021-02-23,115,9007,25,2826,90,6181,0,0,48,4457,66,2271,48,6728,California
Yuba,2021-02-24,482,9489,136,2962,346,6527,0,0,107,4189,375,2646,107,6835,California
Yuba,2021-02-25,342,9831,137,3099,205,6732,0,0,212,4271,130,2776,212,7047,California
Yuba,2021-02-26,258,10089,67,3166,191,6923,0,0,144,4303,112,2888,144,7191,California
Yuba,2021-02-27,473,10562,47,3213,426,7349,0,0,384,4600,87,2975,384,7575,California
Yuba,2021-02-28,67,10629,22,3235,45,7394,0,0,45,4623,22,2997,45,7620,California
Yuba,2021-03-01,156,10785,40,3275,116,7510,0,0,80,4628,75,3072,80,7700,California
Yuba,2021-03-02,160,10945,36,3311,124,7634,0,0,80,4628,80,3152,80,7780,California
Yuba,2021-03-03,623,11568,159,3470,464,8098,0,0,200,4406,422,3574,200,7980,California
Yuba,2021-03-04,466,12034,270,3740,196,8294,0,0,325,4591,140,3714,325,8305,California
Yuba,2021-03-05,316,12350,59,3799,256,8550,1,1,249,4774,67,3781,250,8555,California
Yuba,2021-03-06,476,12826,35,3834,437,8987,4,5,370,5042,106,3887,374,8929,California
Yuba,2021-03-07,50,12876,28,3862,21,9008,1,6,34,5061,16,3903,35,8964,California
Yuba,2021-03-08,160,13036,49,3911,95,9103,16,22,101,5119,59,3962,117,9081,California
Yuba,2021-03-09,178,13214,47,3958,111,9214,20,42,84,5129,94,4056,104,9185,California
Yuba,2021-03-10,738,13952,235,4193,473,9687,30,72,233,4888,504,4560,263,9448,California
Yuba,2021-03-11,437,14389,196,4389,229,9916,12,84,294,5051,143,4703,306,9754,California
Yuba,2021-03-12,461,14850,86,4475,321,10237,54,138,150,4944,311,5014,204,9958,California
Yuba,2021-03-13,459,15309,340,4815,104,10341,15,153,360,5221,98,5112,375,10333,California
Yuba,2021-03-14,108,15417,21,4836,77,10418,10,163,46,5217,60,5172,56,10389,California
Yuba,2021-03-15,190,15607,49,4885,124,10542,17,180,96,5236,94,5266,113,10502,California
Yuba,2021-03-16,296,15903,71,4956,200,10742,25,205,182,5330,113,5379,207,10709,California
Yuba,2021-03-17,740,16643,162,5118,549,11291,29,234,193,5007,545,5924,222,10931,California
Yuba,2021-03-18,584,17227,159,5277,312,11603,113,347,356,5247,228,6152,468,11399,California
Yuba,2021-03-19,327,17554,120,5397,158,11761,49,396,188,5346,138,6290,237,11636,California
Yuba,2021-03-20,554,18108,81,5478,455,12216,18,414,474,5759,79,6369,492,12128,California
Yuba,2021-03-21,61,18169,36,5514,25,12241,0,414,49,5796,12,6381,49,12177,California
Yuba,2021-03-22,191,18360,70,5584,114,12355,7,421,149,5910,42,6423,156,12333,California
Yuba,2021-03-23,264,18624,79,5663,158,12513,27,448,176,6027,86,6509,203,12536,California
Yuba,2021-03-24,771,19395,255,5918,435,12948,81,529,188,5714,581,7090,268,12804,California
Yuba,2021-03-25,504,19899,269,6187,213,13161,22,551,250,5732,254,7344,272,13076,California
Yuba,2021-03-26,395,20294,143,6330,225,13386,27,578,227,5819,167,7511,254,13330,California
Yuba,2021-03-27,459,20753,28,6358,428,13814,3,581,404,6171,54,7565,406,13736,California
Yuba,2021-03-28,100,20853,41,6399,55,13869,4,585,37,6149,63,7628,41,13777,California
Yuba,2021-03-29,296,21149,87,6486,177,14046,32,617,180,6245,116,7744,212,13989,California
Yuba,2021-03-30,275,21424,69,6555,198,14244,8,625,189,6356,86,7830,197,14186,California
Yuba,2021-03-31,675,22099,116,6671,547,14791,12,637,243,6182,431,8261,257,14443,California
Yuba,2021-04-01,623,22722,289,6960,305,15096,29,666,289,6166,334,8595,318,14761,California
Yuba,2021-04-02,496,23218,95,7055,318,15414,83,749,187,6127,308,8903,269,15030,California
Yuba,2021-04-03,653,23871,54,7109,117,15531,482,1231,86,6129,566,9469,568,15598,California
Yuba,2021-04-04,59,23930,11,7120,42,15573,6,1237,34,6144,25,9494,40,15638,California
Yuba,2021-04-05,245,24175,78,7198,146,15719,21,1258,123,6168,120,9614,144,15782,California
Yuba,2021-04-06,356,24531,113,7311,182,15901,61,1319,172,6217,183,9797,232,16014,California
Yuba,2021-04-07,773,25304,398,7709,322,16223,53,1372,349,6198,421,10218,402,16416,California
Yuba,2021-04-08,748,26052,289,7998,195,16418,264,1636,279,6273,468,10686,543,16959,California
Yuba,2021-04-09,402,26454,173,8171,162,16580,67,1703,167,6273,234,10920,234,17193,California
Yuba,2021-04-10,595,27049,71,8242,75,16655,449,2152,70,6268,523,11443,518,17711,California
Yuba,2021-04-11,104,27153,26,8268,66,16721,12,2164,44,6265,59,11502,56,17767,California
Yuba,2021-04-12,210,27363,45,8313,136,16857,29,2193,80,6245,129,11631,109,17876,California
Yuba,2021-04-13,395,27758,102,8415,293,17150,0,2193,201,6253,193,11824,201,18077,California
Yuba,2021-04-14,695,28453,109,8524,586,17736,0,2193,121,5801,573,12397,121,18198,California
Yuba,2021-04-15,336,28789,129,8653,207,17943,0,2193,145,5755,191,12588,145,18343,California
Yuba,2021-04-16,335,29124,99,8752,236,18179,0,2193,179,5779,155,12743,179,18522,California
Yuba,2021-04-17,402,29526,59,8811,343,18522,0,2193,330,6038,71,12814,330,18852,California
Yuba,2021-04-18,53,29579,10,8821,43,18565,0,2193,24,6033,29,12843,24,18876,California
Yuba,2021-04-19,247,29826,103,8924,144,18709,0,2193,105,5996,142,12985,105,18981,California
Yuba,2021-04-20,316,30142,78,9002,238,18947,0,2193,179,6040,136,13121,180,19161,California
Yuba,2021-04-21,700,30842,281,9283,419,19366,0,2193,297,5934,403,13524,297,19458,California
Yuba,2021-04-22,352,31194,137,9420,215,19581,0,2193,196,5974,156,13680,196,19654,California
Yuba,2021-04-23,344,31538,114,9534,230,19811,0,2193,164,5960,178,13858,164,19818,California
Yuba,2021-04-24,215,31753,68,9602,147,19958,0,2193,122,5989,93,13951,122,19940,California
Yuba,2021-04-25,72,31825,29,9631,43,20001,0,2193,35,5987,37,13988,35,19975,California
Yuba,2021-04-26,223,32048,53,9684,166,20167,4,2197,101,5970,122,14110,105,20080,California
Yuba,2021-04-27,472,32520,162,9846,300,20467,10,2207,234,5978,236,14346,244,20324,California
Yuba,2021-04-28,429,32949,175,10021,249,20716,5,2212,144,5848,279,14625,149,20473,California
Yuba,2021-04-29,428,33377,64,10085,363,21079,1,2213,146,5714,281,14906,147,20620,California
Yuba,2021-04-30,330,33707,94,10179,206,21285,30,2243,141,5698,187,15093,171,20791,California
Yuba,2021-05-01,206,33913,91,10270,96,21381,19,2262,93,5698,112,15205,112,20903,California
Yuba,2021-05-02,64,33977,34,10304,26,21407,4,2266,37,5712,27,15232,41,20944,California
Yuba,2021-05-03,140,34117,66,10370,65,21472,9,2275,45,5672,94,15326,54,20998,California
Yuba,2021-05-04,318,34435,94,10464,203,21675,21,2296,140,5655,178,15504,161,21159,California
Yuba,2021-05-05,316,34751,77,10541,232,21907,7,2303,113,5572,203,15707,120,21279,California
Yuba,2021-05-06,275,35026,103,10644,134,22041,38,2341,90,5518,182,15889,128,21407,California
Yuba,2021-05-07,359,35385,94,10738,237,22278,28,2369,122,5430,237,16126,149,21556,California
Yuba,2021-05-08,104,35489,32,10770,69,22347,3,2372,46,5421,58,16184,49,21605,California
Yuba,2021-05-09,52,35541,23,10793,26,22373,3,2375,37,5446,15,16199,40,21645,California
Yuba,2021-05-10,172,35713,56,10849,98,22471,18,2393,54,5401,117,16316,72,21717,California
Yuba,2021-05-11,367,36080,162,11011,191,22662,14,2407,135,5319,230,16546,148,21865,California
Yuba,2021-05-12,248,36328,123,11134,118,22780,7,2414,96,5270,152,16698,103,21968,California
Yuba,2021-05-13,343,36671,186,11320,114,22894,43,2457,108,5188,233,16931,151,22119,California
Yuba,2021-05-14,365,37036,140,11460,205,23099,20,2477,160,5162,205,17136,179,22298,California
Yuba,2021-05-15,433,37469,109,11569,303,23402,21,2498,110,4971,321,17457,130,22428,California
Yuba,2021-05-16,137,37606,44,11613,84,23486,9,2507,85,5014,51,17508,94,22522,California
Yuba,2021-05-17,214,37820,89,11702,105,23591,20,2527,93,5008,119,17627,113,22635,California
Yuba,2021-05-18,391,38211,161,11863,221,23812,9,2536,168,4962,223,17850,177,22812,California
Yuba,2021-05-19,265,38476,148,12011,111,23923,6,2542,138,4979,127,17977,144,22956,California
Yuba,2021-05-20,398,38874,285,12296,102,24025,11,2553,254,5101,143,18120,265,23221,California
Yuba,2021-05-21,475,39349,254,12550,215,24240,6,2559,299,5232,174,18294,305,23526,California
Yuba,2021-05-22,197,39546,111,12661,77,24317,9,2568,83,5210,114,18408,92,23618,California
Yuba,2021-05-23,37,39583,25,12686,12,24329,0,2568,29,5231,8,18416,29,23647,California
Yuba,2021-05-24,150,39733,47,12733,90,24419,13,2581,48,5191,101,18517,61,23708,California
Yuba,2021-05-25,309,40042,106,12839,188,24607,15,2596,115,5128,193,18710,130,23838,California
Yuba,2021-05-26,217,40259,92,12931,113,24720,12,2608,87,5099,128,18838,99,23937,California
Yuba,2021-05-27,231,40490,74,13005,147,24867,10,2618,100,5079,130,18968,110,24047,California
Yuba,2021-05-28,172,40662,73,13078,96,24963,3,2621,75,5060,96,19064,77,24124,California
